var element=document.getElementById("correlationAdjClose");if(element.style.display!='none'){var correlationAdjClose={"data":[{"type":"heatmap","z":[[1.0,0.9999934653423792,0.9854001383607258,0.9999266348212728,0.9990949864516533,0.985530046693748,0.9978774942112382,0.9960290469793701,0.9692245666180872,0.9963573133204267,0.9944544410924361,0.994014531417205,0.9961492531905298,0.9961829152638285,0.9960749958763125,0.9976223064877275,0.9978751340641877,0.9983776279675586,0.9966763320623154,0.9966868275410307,0.996737224836522,0.996105521454079,0.9871982170613521,0.9712041667440222,0.9897632695680022,0.9562732198230679,0.9887525009647854,0.9876120957219505,0.9676157786927755,0.9514703052599129,0.9929756612791178,0.9941176624393028,0.9923096200705999,0.9768429772851224,0.9977820169144657,0.9980124581224279,0.9975391396177049,0.9962039324990359,0.9958342566668008,0.9979045813629291,0.9987694164001378,0.9988187194775249,0.9977398363881347,0.9977489942519508,0.9767366121853671,0.9139648947750254,0.9490456854663173,0.9207167230487914,0.9218680361869487,0.9015411261418079,0.9634134054930409,0.9477247301721597,0.9650963249107215,0.9656086055541288,0.9556190319956741,0.9844601019013844,0.9815452074284484,0.9904621459981161,0.9944961497870143,0.986631873687648,0.9823573960511586,0.9881530847800343,0.9862879211566375,0.9887115756615164,0.9885221328935597,0.9649931631239399,0.9742147493377207,0.9755366514434821,0.9752148128348942,0.9526415081806019,0.9803590457299801,0.9776223520702615,0.9848629428672718,0.9841358143829392,0.9425913301577399,0.8860441971490285,0.8529606760250544,0.902222263922917,0.920393722658692,0.917314495128691,0.9183278534640343,0.9168625241435637,0.6885041830137705,-0.5615595953481062,0.9807698055618473,0.9759617399756119,0.9726298006352188,0.9873555769584069,0.9747425109142982,0.9845178735060904,0.9844894436957866,0.949811255521998,0.9846574975881303,0.9529095957789709,0.7643057058394236,0.9031104621112784,0.9272399630611007,0.7951293150145882,0.9498569717966087,0.9507466903425609,0.89972173734979,0.9645505150491954,0.8961253204561094,0.6075213330433172,0.7205521345222831,0.9030070476794133,0.8702755852972144,0.8940735259851246,0.9737582000178645,0.9739339884796352,0.7818234020897109,0.7336047558456547,0.8250833627969434,0.4118516353016219,0.8019514162528943,0.8293670686262692,0.8246185719140849,0.8158089992313897,0.7771122207542521,0.750613369613605,0.7331918573235612,-0.2700412120437348,-0.4091733616077853,0.6613836923521528,0.8933876705116894,0.9363140260229287,0.9434674895502063,0.9100146585249198,0.8266990086925146,0.9106845630698663,0.9297246515169151,0.9295989765597927,0.8639248158555416,-0.1747257015296975],[0.9999934653423792,1.0,0.9875216516072333,0.9998247912669084,0.9981916891884223,0.9900667279117292,0.9945027336356874,0.9914666583492344,0.9842544103178039,0.9914855600195327,0.9914929299288077,0.9932975007645793,0.9916271618775209,0.9914864326312256,0.9915502273361493,0.9938279004029856,0.9965225275529573,0.9961619896106285,0.994059031147624,0.9940595137216264,0.9915219070601502,0.9915899709694853,0.9914024762955017,0.9725785730609543,0.988271161955356,0.9811973220646989,0.9881447941719335,0.9875277734687959,0.9799174236685751,0.9305571503163909,0.9887137249457671,0.9862102753853417,0.9794519702580042,0.9289300227234435,0.9956237939634968,0.9955042691518207,0.9957518489579786,0.9920812849697762,0.9952093658234837,0.9957554440968954,0.997062578578897,0.9972096644503547,0.9957356185714186,0.9957425455523867,0.9893894091312282,0.9136260983014338,0.8861494330038309,0.9203578716759896,0.9217501537985171,0.9015155711469255,0.8759952180000419,0.9209907871364829,0.8788208208157023,0.9074197957408053,0.8752500520804893,0.9539778314359905,0.9539423065037683,0.967273476083697,0.9842213742968328,0.9814786661135616,0.9840645126839567,0.9796146622703318,0.9796580954231242,0.9815536863306669,0.9814823057303392,0.950177333828386,0.9600380065198226,0.9361358131808513,0.936066774184331,0.8644901936107594,0.97793523705458,0.9795947771623086,0.9797881779550137,0.9793824727116629,0.9503233286127265,0.7512089310278975,0.7057866648527534,0.8198803552225845,0.8880519636470566,0.8371292657125197,0.8634705515794143,0.8616707425910481,0.7074318898836613,-0.22858715380628722,0.968709171592364,0.9732539272345725,0.9685327989319801,0.9821036471491598,0.9665316609714147,0.971897860331429,0.9712528348761423,0.9281108422686248,0.9740090504119118,0.9318520199660263,0.6735930610180445,0.9024838832371304,0.9001752687296196,0.46250164309858505,0.8158161785484699,0.8214480122731935,0.7333630561141007,0.9656544211591936,0.705876277134532,-0.2836333816482682,0.20534621681038695,0.7330383267373024,0.6815617595509498,0.7253929252224948,0.967259374449556,0.9672050145637271,0.11466719471362272,0.2854008005938811,0.1205514636100624,0.09308723937503656,0.11442052222876133,0.1294500066980454,0.12651859571752058,0.04807938326484591,0.48315367150799843,0.21442716736781112,0.1636934033603821,-0.44163855515603706,-0.4852159096011953,0.6621712569300219,0.7507392763057847,0.7750157653043598,0.8349789242088318,0.8208662804001727,0.5656049370874703,0.7494739867831601,0.7694959957760568,0.7682690055223943,0.41956900065547587,0.19915701152247986],[0.9854001383607258,0.9875216516072333,1.0,0.9868148592101724,0.9930861249975399,0.9913731360235706,0.9900552350799938,0.9906785997936233,0.9905229530962871,0.9934182767593359,0.9974330775936348,0.996531040724549,0.9905500056029384,0.9928075188789957,0.9907362240838526,0.990132774108701,0.9908585678940965,0.9902566627927258,0.9893846976120032,0.9893555862741502,0.9922875923257971,0.9905651013475377,0.994557195504582,0.9832181741083618,0.9912659247047558,0.9802203186056567,0.9918005391928609,0.9865285628747311,0.9855957259614253,0.95720341854169,0.9700123735553453,0.9741345186177027,0.9762889120578864,0.9520687978872333,0.9873391143881118,0.9904344910820073,0.9887990121496906,0.9923832981717852,0.9947755153998704,0.9912037119849628,0.9851696763494096,0.9879454784425628,0.9876705677622288,0.9870423990572104,0.9918730292802282,0.9091925191517204,0.9319253645535371,0.9352265209881441,0.9146213741031585,0.8545256141774429,0.9215453924931301,0.9025190072126288,0.9241220672359733,0.9261598393695658,0.9117029538220365,0.9496732522436007,0.9579322855100926,0.9666539396777388,0.9781826454506732,0.9380525829244906,0.9625078173351665,0.9615078393183143,0.968434658979969,0.9617834679801261,0.9361229805715718,0.9187793230323552,0.9429937332776968,0.9334651778776936,0.9149620812389824,0.8891051894604132,0.9688032752235155,0.9468736352202877,0.9613970532085875,0.9402291342030142,0.8175735840743046,0.8397971654658304,0.758764233182929,0.8588098541590207,0.8888801001101763,0.8897234474951982,0.8573016114877104,0.8714977555057781,0.38498821830251956,-0.5527879726698415,0.9582162793343986,0.9437837127133807,0.9436867941952092,0.9381741602191462,0.9525769092427921,0.9609210851840577,0.9604901405672522,0.9307636080716422,0.9562368852760472,0.8718793354211875,0.7460013466414884,0.948958864378357,0.9484280280275398,0.7692727366620029,0.9358698049641554,0.9377632646867673,0.8722344789514374,0.9800483885327556,0.7765509103738449,0.5117013525313068,0.6626254313861646,0.7971719075079385,0.7964996388230359,0.7783727777813545,0.9826803291799169,0.9827165582568901,0.7087545978636982,0.6771902756011213,0.7110856377475285,0.35534712268234614,0.7005175311700715,0.7131802463569865,0.7273626391413474,0.7113463214967133,0.7371425414836079,0.682778106914556,0.6640877302879983,-0.3343477883382607,-0.4731225625483891,0.6250441124890584,0.8535528374928312,0.8836723918608027,0.8885884170050311,0.8813031233951166,0.7578201238020847,0.860274254274432,0.8725982829260475,0.880146115558195,0.7345608280891397,-0.09671654266355312],[0.9999266348212728,0.9998247912669084,0.9868148592101724,1.0,0.9993478515834088,0.9866979656410791,0.9981352560125537,0.996468534183476,0.9715100625871033,0.9968396120219122,0.9951735452949143,0.9949778181356679,0.9965708358168256,0.9966943788985401,0.9965139627091835,0.9979070155447549,0.9982167517581761,0.998652003953966,0.9970617859782348,0.9970696706721159,0.9971540216571172,0.9965314410611534,0.9884103484969031,0.97262100250152,0.9907434853224266,0.9589202228085237,0.9898399323598276,0.9891592939444365,0.9696257602712588,0.952700415421483,0.9923052747852101,0.993637511617534,0.9922251857361507,0.9763814455218233,0.9978760762652084,0.998223240098035,0.9977781264732647,0.9966802944333617,0.9963225833749041,0.9981441334688612,0.9986719305369978,0.9989056997810796,0.9978287734773553,0.9978343526730414,0.9786043735528813,0.9097486277922117,0.946749648547561,0.9209482542566296,0.9199472568926396,0.894070896338127,0.9604202414181222,0.9442998482000071,0.9620053750307164,0.9630289016345486,0.9527353867276976,0.9823309407750612,0.9799670178691811,0.9895832885424896,0.9943194034681784,0.9851498177121714,0.9811994031720834,0.9868574214397585,0.9856570973483012,0.9873364775577449,0.9871402668017534,0.9545703822596451,0.9728975676433357,0.973980915243951,0.9736551030118467,0.9472426563942822,0.9798665759875836,0.9746684879942762,0.9833728798930423,0.9826087465249275,0.9209810812782652,0.8842628393698617,0.8487564278963434,0.9002453210563146,0.9173706150448562,0.9167997016600101,0.9157069511900656,0.9144226909318568,0.593979734347871,-0.561133276277554,0.9798916234613447,0.974619049761236,0.9710941519069902,0.9858785083973536,0.9739339711624825,0.9837314915124912,0.9836995525982158,0.9493699475922188,0.9831729056866231,0.9370685491255463,0.7678417414365402,0.9086059991162592,0.9312676074196121,0.7968607120205349,0.9511876499750395,0.9520115645862801,0.8991793023985781,0.9658361351912417,0.889920911632024,0.603780249243535,0.7187204662848689,0.8974290228604936,0.8665172720008307,0.8882212401012856,0.9745858545363791,0.9747668565168328,0.7804601401928124,0.7334781056076167,0.8170573546572865,0.4130710511202498,0.7960162849305944,0.821063258288735,0.8162334445797282,0.810316038075232,0.7792017429781365,0.7503528414648498,0.7329928658155715,-0.26511041003668123,-0.4080955490091876,0.6604590999547355,0.8914504267285485,0.9344265181317947,0.9415429340242162,0.9087800892360497,0.8237793626712356,0.9086147342808601,0.92743274759971,0.9274510126645201,0.8565733402003267,-0.16788801040841692],[0.9990949864516533,0.9981916891884223,0.9930861249975399,0.9993478515834088,1.0,0.9895674387036033,0.9991081448503552,0.9985250275170487,0.9840139482515737,0.9985245170207376,0.9981084883998621,0.9981452839296844,0.9985565257860551,0.9985570142001963,0.998557184984032,0.9990609900041293,0.9986743364623449,0.9992998195232363,0.9988878674686575,0.9988868030131598,0.9986167376973839,0.9985472378883726,0.9943968654960207,0.9802723294705596,0.9948465316862785,0.976542564767099,0.9948074498250961,0.9919045763299085,0.9826601077920684,0.955987150130007,0.9891759327424743,0.9918658927094975,0.9893490302578403,0.9679878667944212,0.9989563326321312,0.9990050900592934,0.9990194537131579,0.9986361607255874,0.9986649285086394,0.9989952896261954,0.9989722923646612,0.9992019957402787,0.9989561396017488,0.9989545694975608,0.9883744564565408,0.9200279739871563,0.9459403369512958,0.9334176308802193,0.9248607199668943,0.8896370383902338,0.9462962155032286,0.9376007202313048,0.9505520957450213,0.9560335219325293,0.945094717429928,0.9792717236918949,0.9791992704494482,0.9893780949977393,0.9941730868458375,0.9819646616112199,0.9758924574013413,0.9826248627489662,0.9819513061505669,0.9829750890959493,0.9827525180670249,0.9556918787723447,0.9644448685759273,0.9592396335022496,0.9588452493347565,0.9209660721734902,0.9772803604654939,0.9737042106926971,0.9795885767472529,0.9787746269760285,0.9400679543054701,0.8638659572562655,0.8249493534661787,0.885375772049315,0.9220250784058298,0.9058535163932085,0.913370931870859,0.9120657386800034,0.7439982425213444,-0.5752891116962512,0.9738044461221063,0.9647730905948985,0.9620947552868941,0.9829055896301296,0.9646833776989271,0.9773317699333691,0.9769565405845065,0.9408556683904354,0.9789984944517692,0.9438408285280646,0.7576966216762662,0.9245519716360323,0.9515598752930016,0.7581634936222942,0.9379748359909305,0.9396265646935602,0.8932061265781515,0.9709861376751985,0.8871335871138832,0.44522003020535933,0.6586671010872325,0.8928375128798837,0.8403715201522117,0.8880289407238291,0.9782339981052914,0.9783725104436566,0.7441113614650713,0.7168273100969286,0.747949748531362,0.39128346463272135,0.6970494680919619,0.7530493446153758,0.7483709630316251,0.7111900232810834,0.7657130708363571,0.7350209486298608,0.716796738817993,-0.47416790529660074,-0.5549397336177397,0.6543772515973184,0.8855058687688124,0.9198387083029504,0.9351543659186601,0.9061648724067263,0.8039499599551331,0.8956221406179825,0.9135209493502726,0.9130920216442019,0.7926276346167099,0.042091365090315816],[0.985530046693748,0.9900667279117292,0.9913731360235706,0.9866979656410791,0.9895674387036033,1.0,0.9850064691921341,0.9857643534485847,0.9922281656184403,0.9851526585896169,0.9807133238483486,0.9796665378861571,0.9856457658560358,0.9861213056001266,0.9858320803669091,0.9854549320751324,0.9886728447321838,0.9867261195694429,0.9865503162395772,0.986542773563961,0.9846975700557298,0.9857383298256875,0.9956553683914883,0.9931861264515377,0.9869462254117608,0.9861273460063452,0.9871334445869568,0.9771505350339977,0.9878422628203897,0.9726983398497564,0.9642488226803658,0.9696710641326973,0.9779596969426091,0.9660886509832044,0.9847060628020028,0.9850869845489855,0.9858685953387833,0.9864256525107006,0.9804882437259687,0.9854730999662842,0.9838541599069194,0.9855622384861864,0.9848738801053056,0.9848761906772663,0.9958472733305122,0.8680007919215769,0.9251817282653558,0.9002213589151693,0.9128927768875652,0.8746885293756204,0.9198024434295919,0.9089798523018621,0.9222999636951338,0.9355190009406779,0.9180976188649044,0.9523238979353398,0.9573155822038043,0.9633033691806691,0.9731089025565649,0.9699763702553541,0.9853445036976938,0.9715158286022081,0.9833707186436212,0.9711121949521297,0.9705433824821925,0.9751863453048096,0.9669274390345556,0.9467908384610433,0.9462496121241903,0.9436356717899756,0.9816846397063456,0.9742745836343605,0.9712344920029958,0.9698260397011501,0.9611266053856727,0.8850282529017252,0.838250867744754,0.902859987001668,0.9131810280951894,0.9221771280454591,0.903494747167281,0.9011915685130842,0.717548771322537,-0.5136139273195308,0.9794849554685028,0.9802279706963332,0.9759576317907195,0.9709186166298482,0.9714880291802549,0.9783969194133338,0.9779845278041163,0.9661585074058038,0.9678074864720857,0.9651311896251515,0.7696948167473444,0.8819067795873904,0.9509792170786715,0.8042243060160429,0.9402038592951679,0.941382607659922,0.8692478051518984,0.959368111760182,0.8386388391350378,0.5350887609763681,0.6864120112174665,0.8481700842314513,0.8213687576268139,0.8374771757494401,0.9602043441072452,0.9602704737991228,0.7366598288176884,0.7107769389392673,0.754315899028342,0.41549031100935907,0.7437570725753506,0.7598395816397991,0.7536631375463481,0.749944027741549,0.7620948652721261,0.7138782778050876,0.6990958464573822,-0.2936031070317844,-0.4236009677606017,0.671650412497988,0.8625959041190351,0.8805419757727247,0.8932095420719055,0.8742981235743288,0.7865095846243915,0.8537719619331563,0.8723548445394742,0.8724651318039847,0.8144185024876196,-0.13397486090467162],[0.9978774942112382,0.9945027336356874,0.9900552350799938,0.9981352560125537,0.9991081448503552,0.9850064691921341,1.0,0.9974528499420452,0.9575318059369254,0.9995930356146318,0.9995398658191263,0.9995553034147877,0.9983640748761217,0.9994579903917452,0.9991534274179689,0.999888697764781,0.9964555501964876,0.9999028511233149,0.9993543699380011,0.9993592793426022,0.9997011369151874,0.9993027726531742,0.9907888037867054,0.9747735685768988,0.9854794945317408,0.9260013762262408,0.993331151278888,0.991354797149597,0.9735421659630473,0.9499904212377754,0.9916133838463144,0.9917618036358798,0.9932872037671303,0.9737884493930586,0.9989714370765413,0.9998448835313859,0.9997030821265083,0.9994663050640868,0.9997498368387644,0.9998287160434983,0.9984570558393389,0.9997249667135643,0.9993650689071553,0.9990086221163136,0.9811345856386787,0.9277476290359205,0.9495049858476157,0.9439574819388621,0.9336367550402651,0.889874445393592,0.9568336227330348,0.9439970638226819,0.9591210824944201,0.9601853940911893,0.9509947630326667,0.9812638105347934,0.9803556948128443,0.991488948724442,0.9963682141626066,0.9482021868095725,0.9639498032798228,0.973432240284165,0.9741465988195696,0.9750132738168574,0.9482123184089817,0.905241651677377,0.9557955021566441,0.9612913950176991,0.9393275130828973,0.8952315003070795,0.9677632600796449,0.9402921242347665,0.967979918668142,0.948562122276337,0.7790663687087528,0.8579798973236223,0.7797976618329845,0.8730953781678749,0.8915412212826922,0.8959796836534449,0.8746851820263258,0.8866337760001136,0.3354026307759083,-0.5946412845605085,0.9650838084306754,0.9509857977066963,0.9496228067619573,0.9498268773111429,0.9611460597663276,0.9713664557324919,0.9714153909841348,0.9307970794192055,0.968023196428467,0.849975585496497,0.752588056975973,0.9251236419802005,0.9309374169438045,0.7854698277688605,0.9492310914622536,0.9503149150213352,0.8963681586063633,0.9703705230933966,0.8321340808368723,0.5954790400095735,0.7106891479905995,0.8552219055532555,0.8466812581659069,0.8367509123801294,0.9784223533820938,0.9786164832364006,0.7702068960025812,0.7141060099485285,0.7821074278138611,0.38596227409923567,0.7742826831661966,0.7935897655554438,0.7887206745828346,0.7912320325181856,0.762491281557848,0.7405998653835681,0.7215051705650207,-0.28079976824524644,-0.43121475729554026,0.6712571936149879,0.8889113244009242,0.9245096382495184,0.9411660974278299,0.9113034506903015,0.8239070464440486,0.9096946877768268,0.929618796575159,0.9283603593872961,0.7755009271405051,-0.13364836751334952],[0.9960290469793701,0.9914666583492344,0.9906785997936233,0.996468534183476,0.9985250275170487,0.9857643534485847,0.9974528499420452,1.0,0.9684799172160602,0.9999998219920646,0.999999271043147,0.9997318128207731,0.9999970418642731,0.9999922533484703,0.9999981259057995,0.9992874416881381,0.9910592424893941,0.999421905899718,0.9999045726443,0.9999041824697265,0.9999629256843674,0.9999987403899141,0.9911661081448234,0.976257000419201,0.9925973268099452,0.9401438837653958,0.9938334233031354,0.9894107203161598,0.9757438887777498,0.9492111053949895,0.9879038695184384,0.993801668751033,0.9917807420547282,0.970555120658171,0.9994562142148168,0.9995481402829006,0.9996587888558749,0.9997307422236398,0.9991427033297774,0.9994768717682603,0.9981538643425718,0.9987641514853927,0.9995275221688006,0.9993908066621056,0.9827611204897272,0.927572133576433,0.9466660984362144,0.9481309403350628,0.9317454545669516,0.8783457710037417,0.9550958597903139,0.9393431489034773,0.9570098820097269,0.9542599766285641,0.9448002403406984,0.9792182687967025,0.9773142724293423,0.9904290316509841,0.9969331701587144,0.9431693623333335,0.959624348274708,0.9669175643021822,0.9709996609912642,0.9688933069481346,0.9464564826087865,0.8972775458207612,0.9509465747566076,0.9544178339994683,0.9338463603074303,0.8828163706009013,0.9649712519727361,0.9340214575898139,0.9624456905270797,0.9438814491094881,0.7659649139100985,0.8497776848315881,0.7752954689772483,0.864965956303496,0.8842510829712572,0.8912904523969717,0.870217791430857,0.879728142222931,0.3175255013764088,-0.599151928990817,0.9608095738243689,0.9441368141790973,0.9434031506130757,0.9478352058761474,0.9564080883681779,0.9671507777896354,0.9671875545261661,0.9257602261021152,0.9610818712870102,0.8385147135280576,0.7493770504204045,0.9398022644629673,0.9419072837490666,0.7816102197255292,0.9489355042189661,0.9501802993653994,0.8938111563272354,0.9744449955486695,0.8351721892148999,0.5811610071498029,0.7018188141333896,0.8562928125926913,0.8435265338445909,0.8390189761115805,0.9809549484317854,0.981153192647554,0.7610897562599154,0.7062340185814839,0.7834782362177052,0.3731184483984051,0.7691047587267344,0.7890458544480309,0.7892148216640364,0.7856232043284683,0.7561079967214158,0.7347091764446922,0.7150202209713761,-0.29670973792661304,-0.4460873656599699,0.656710219281543,0.8812022748704769,0.9220125927396083,0.9335569093126806,0.9054316329345056,0.8130218500285497,0.90323284642443,0.9233189856678308,0.9223389278744808,0.7564108802966334,-0.11656914242473657],[0.9692245666180872,0.9842544103178039,0.9905229530962871,0.9715100625871033,0.9840139482515737,0.9922281656184403,0.9575318059369254,0.9684799172160602,1.0,0.9834830080425351,0.9876137081967686,0.989740749625468,0.9721738633009048,0.9804890296182338,0.9770908235279328,0.9748988289963588,0.9489957561876683,0.9796824717422911,0.9778427174130275,0.9778053466130677,0.9819753393434889,0.9769655959240775,0.9940030389298485,0.9923559897438639,0.9814323650166007,0.9881689490732635,0.9844465086558495,0.9896234979459319,0.9902140690050021,0.9659551926512043,0.9283278542621717,0.9499185384916662,0.9654218861050776,0.9479495325666747,0.9715034758703983,0.9798362230814178,0.9766001167898715,0.9789688742645617,0.9878073105694051,0.9809300187205707,0.9673604450466554,0.9767204381469944,0.9723440744145972,0.971300931270623,0.9989186746807629,0.886055244059172,0.9156848848465354,0.9379666304696882,0.9273634510870329,0.8502287225288201,0.8849351192330044,0.880091042876369,0.8887066871754297,0.9094291307362032,0.8912967367770267,0.9285497865516472,0.9437921533465763,0.949702869694489,0.9623799819294243,0.8967705024171896,0.9633033192420503,0.9400881711973277,0.9616941035668377,0.9401369235595343,0.8947614758055352,0.9064815356059869,0.9356985024866303,0.9080188690178681,0.870939569790184,0.8700401300190487,0.9630800613160021,0.9130717088016339,0.9386415498516868,0.8997556529323424,0.8026413898365283,0.831636141537708,0.7132088858483379,0.8527302611779054,0.8688453191097093,0.8822605798701032,0.83062163207912,0.8490570793963906,0.3607528110761607,-0.5390231935610029,0.9519053371473123,0.9459799976646242,0.94241855341628,0.895908300340148,0.9414671315442596,0.9500129477461704,0.9494061571498986,0.9324792420152411,0.9342394654088678,0.8565370250120246,0.7523402421166198,0.9312112650618776,0.9573549780278351,0.7773964916396093,0.9290046252141833,0.9308591699727672,0.8501128660680483,0.9677279309142972,0.7433945659927755,0.47547140179477343,0.6440448975957676,0.775197959516868,0.7738538511040698,0.7533695513351286,0.967179458562326,0.9671863816645534,0.6899444191318603,0.6664570392708653,0.6768053190394676,0.36276772386304884,0.6827961097725631,0.6919789154645225,0.6773793826236687,0.690188211645713,0.7302644875804266,0.6778074508739543,0.6603784565247924,-0.3413978243667275,-0.4765831877136324,0.6703886717949274,0.8393669640134778,0.8371895522870818,0.8640594797604244,0.8614051640414525,0.7515158003996646,0.816220395124537,0.8429578849527505,0.8370444041794609,0.7073113594892381,-0.05644305467992039],[0.9963573133204267,0.9914855600195327,0.9934182767593359,0.9968396120219122,0.9985245170207376,0.9851526585896169,0.9995930356146318,0.9999998219920646,0.9834830080425351,1.0,0.9999990998052344,0.9997369013094631,0.9999985000865804,0.9999909851802872,0.9999976373276059,0.9996592629448313,0.9977601409166361,0.9994158515479163,0.999875864889669,0.9998758140631238,0.9999758688582895,0.9999992700540057,0.9937457433309275,0.9777131620331156,0.9959191081694461,0.9735358902499238,0.9960076237293629,0.9893895469078487,0.9800435558045298,0.9503718572789628,0.9892665014203551,0.9934778132270002,0.989146433618107,0.966850471624048,0.999471626580516,0.9995387942094849,0.999550985994968,0.9998213472433153,0.9991568783602403,0.9994846833261496,0.9983457253767511,0.9988032309353679,0.999474681350655,0.9994695616959954,0.987036026445319,0.9275509843908792,0.9467037569814771,0.9479432862183834,0.9315423472964391,0.8784959809909934,0.9441983326324577,0.932085890334552,0.9478518231795307,0.9521950182040348,0.9425878389538124,0.9776329374992229,0.9773488611114284,0.9909074050159397,0.99670215627722,0.971982480280274,0.9595267141481496,0.972723041391747,0.9709447604800605,0.9731607040426977,0.972891246742134,0.9436028069806831,0.9508667328161245,0.9496183905481107,0.9492703160273607,0.9095970128236461,0.9648889281028478,0.9641228151450801,0.9698359889402447,0.9688273262261632,0.926876537297502,0.8498331038318553,0.8051119705673051,0.8647540758984475,0.9049471698230998,0.8912027528279433,0.8976507339477408,0.8965537427838909,0.6959426787189422,-0.6099705654018212,0.9607452140563292,0.9441466935941613,0.9434215405834963,0.9731547421949313,0.9516782172116356,0.9667332810125867,0.9663333147006663,0.9263665379733298,0.9686530187250622,0.929683833354184,0.7493924898304287,0.9394644034502238,0.9542123363917673,0.763399726594949,0.9419798958059697,0.943424138197551,0.8938827081837522,0.9735553546630632,0.8948378786835126,0.48224890487453503,0.6763063777237658,0.9005008118490874,0.8486257021752013,0.8958763394355189,0.9809084762719715,0.9811394229737245,0.7611580951611264,0.7059776389063819,0.764268375748204,0.3732495529046418,0.7148491976197292,0.7693575594514652,0.7646990732996091,0.7304126106283115,0.7558561357485527,0.7346801712506792,0.7149685968223661,-0.5199637529669131,-0.601455141863039,0.6571982776709234,0.8813674400510445,0.9216726401744553,0.9369164877702334,0.9056432884324531,0.8093224300124188,0.8966300566200583,0.9150802974961356,0.9145344218615739,0.8042491012737248,0.10939082963689542],[0.9944544410924361,0.9914929299288077,0.9974330775936348,0.9951735452949143,0.9981084883998621,0.9807133238483486,0.9995398658191263,0.999999271043147,0.9876137081967686,0.9999990998052344,1.0,0.9997368695291264,0.9999962604548771,0.9999945063637273,0.9999982236340992,0.9996377953962786,0.9973460492168124,0.9991181321601358,0.9997662023969178,0.9997660176916433,0.9999983575807307,0.9999982375215578,0.9926958436480994,0.9721191878386792,0.9948751371032609,0.9812223456073799,0.9954971585437643,0.9894067542481368,0.9817393544490982,0.9408241370188288,0.9878274211966543,0.992604072622323,0.9820877630128586,0.9386850882381947,0.9992126031819081,0.9992707455303544,0.9992056165065222,0.9998856616338543,0.9991379128177403,0.999216219158248,0.9977041641330874,0.9983432466721518,0.9991814680560571,0.999178667917778,0.988921357564795,0.9272310183984729,0.9089998861776445,0.9478714060496126,0.9314170907741969,0.8781296320759406,0.9085884665046734,0.896189444865933,0.9135145661017746,0.9217836174397791,0.9066081641846746,0.9684478460127885,0.9684181656548115,0.9899536948302895,0.995028499246324,0.9641152174747927,0.9596276015422952,0.9606526581486157,0.9606658755659679,0.9624811237994481,0.9622051633114631,0.9185679931541101,0.94007881001809,0.9160811080500308,0.9155793515392224,0.8358851326326772,0.9621004298807148,0.968446655105264,0.9644791274768335,0.9633686216950814,0.9171171661800499,0.7701833480035478,0.7267099609478765,0.8197842636283088,0.8792345932751214,0.8433904080686164,0.8614323817310481,0.8595846792928711,0.6882787287993078,-0.43459862087953144,0.9465636069192689,0.9442548351024813,0.943492706782588,0.9654356150088002,0.9375361394642775,0.9497346230367514,0.9490353013837631,0.8943402894412642,0.9530669253676242,0.9004601359278386,0.7495412799138774,0.939831750613457,0.9570285177633491,0.6340579880162555,0.895185423822027,0.898457704969319,0.8485008446760475,0.9841233591488275,0.8360466533986082,0.14774634565640957,0.521424586106181,0.8483286022409697,0.8121416606418183,0.8423148182869278,0.9848753563956365,0.9848874110820289,0.49989981745772477,0.6101226594384693,0.5071518324355613,0.37315160945612286,0.4713647807379705,0.5197273194464596,0.5091106032439793,0.44549800566771375,0.7428315437297481,0.5867926024279839,0.5463747098128899,-0.4850493821499811,-0.5394572269964998,0.6565579980519837,0.8597250715335703,0.8726169984746631,0.9021925418008764,0.8991062072092546,0.6575167061198794,0.8367695063703787,0.8644902125920276,0.863711797620517,0.6061832685711271,0.049574394948737034],[0.994014531417205,0.9932975007645793,0.996531040724549,0.9949778181356679,0.9981452839296844,0.9796665378861571,0.9995553034147877,0.9997318128207731,0.989740749625468,0.9997369013094631,0.9997368695291264,1.0,0.9997515102402565,0.9997351769441455,0.9997424226606836,0.999639102412967,0.9979879811911698,0.9993291420938042,0.9999644049210987,0.9999640781747736,0.9997414840152221,0.9997476984938738,0.9919593226271275,0.9674697445738067,0.9934111382475223,0.9813259031723444,0.9942721834618128,0.9923401566232821,0.9769505517070797,0.9182409311872329,0.9904412977760026,0.9935780474666579,0.9770164127552954,0.9162993452330861,0.9993393078225431,0.9993920503817091,0.9993489419968342,0.9995368097982736,0.999563243468528,0.9993675839281223,0.9975194490179567,0.9983540443124675,0.9993249642025617,0.9993215094906172,0.9899614237519813,0.9222141710267926,0.893322057295784,0.9447588216489269,0.9308928199390325,0.8782160404493389,0.8683285421113877,0.9090057929276913,0.872496389511247,0.8934575383454075,0.8659266242562883,0.9545248410135433,0.9545004764728171,0.9799184274854786,0.9941453143113311,0.9628595944061872,0.9642585565945158,0.9563768214808643,0.9583191928140965,0.9596393700678363,0.9594838790499616,0.9187755969797754,0.9313378399446463,0.9015603068212635,0.9014300234774013,0.816836870137137,0.9603165616114968,0.9628401922651294,0.9629541628252619,0.9624040037168583,0.9231335276455422,0.7053627171115944,0.6564049694335672,0.7757984040988937,0.8513274203982371,0.7974784626331463,0.8255223402400077,0.8240358423831652,0.6558850577017564,-0.3444194182473215,0.9405220587812277,0.9474575417003879,0.9403483830776995,0.963888546190377,0.9378636772205282,0.9447280365680789,0.9438441556579997,0.8910394607720197,0.9479095618914676,0.8960799146676801,0.6909089167316392,0.9369203185435028,0.9311862653411671,0.4772778736086393,0.8283080962111149,0.8340934181142581,0.7328687668324473,0.9768373343261028,0.7084772612306166,-0.2254240271049575,0.2462910429770303,0.7324783649795168,0.686985597194102,0.7258811677416873,0.9780724024876588,0.9781438618983805,0.16319838265031625,0.31979420678562603,0.16762220389598095,0.13998741176765298,0.1598802563326367,0.1770872884751848,0.1748083932638984,0.0912621990121911,0.5136989847718407,0.24514185604980138,0.19241920598903706,-0.5072699587398549,-0.5499444486461448,0.6573726688165474,0.7502946698329893,0.7745091649407636,0.8367974555492922,0.8250836306431357,0.5537750225678483,0.7467580388991506,0.769252726231287,0.7681061857419197,0.41958965533522247,0.2429875369589131],[0.9961492531905298,0.9916271618775209,0.9905500056029384,0.9965708358168256,0.9985565257860551,0.9856457658560358,0.9983640748761217,0.9999970418642731,0.9721738633009048,0.9999985000865804,0.9999962604548771,0.9997515102402565,1.0,0.9999907439751407,0.9999976689063477,0.9993384919675474,0.992797808364357,0.9994643397667461,0.9999138879451867,0.9999137002508387,0.9999701098438037,0.9999989421732063,0.9910611243951798,0.9760907260674875,0.9932599671065936,0.9450814230223223,0.9937876508124902,0.9895412683962409,0.9755558662858078,0.9491834896684834,0.9888089127520151,0.9938778490501041,0.9918723193902055,0.9707070959773865,0.9994989511310901,0.9995891034385714,0.9996901929665901,0.9997312513917735,0.9992096826963012,0.9995194766372262,0.9982426859268781,0.9988352279614298,0.9995707353936225,0.99943439684721,0.9825387946651575,0.9278698456627813,0.9468561202554218,0.9480887655012193,0.9319368085995271,0.8790955727532025,0.9554519535211977,0.9397527668873813,0.9573712574561137,0.954626582931959,0.9452127635538435,0.9794754156398151,0.9775121775045654,0.9905731002244731,0.9970086284727853,0.943463902040593,0.959735564137896,0.9671736748114657,0.9711066851158048,0.9691464855859343,0.9467025296608862,0.8973664369669887,0.9511706125409778,0.9548016151130356,0.9342605821049957,0.8831509220972905,0.9650298104714717,0.9342130049156065,0.9626450800112819,0.944156034325227,0.7659895238644557,0.8501698410558479,0.775809011716559,0.8653385933390328,0.8845374145121024,0.8914913686594859,0.8705898350763754,0.8801053347310558,0.31775497082895343,-0.5991374591713264,0.9609736784314439,0.9443980023269256,0.943630634521744,0.9480695039910827,0.9565861970676178,0.9673295342031683,0.9673683126706152,0.9258691074698892,0.961357937468531,0.8386499689323683,0.749500188402184,0.9391395354735433,0.9413953907713722,0.7817395860432356,0.9489648478143015,0.950200483631618,0.8941514647503016,0.9742929064727183,0.8356467833931389,0.582225872767845,0.702485955861126,0.8567570725645569,0.844058241253681,0.8394889848598879,0.9808847028741431,0.9810828507053356,0.7617201016012214,0.7067870525462429,0.7840773669522099,0.3738419657367683,0.7697829012289701,0.7897342354441967,0.7898248387453604,0.7863334024809032,0.7564736007303143,0.7351626056940475,0.7154945001461093,-0.29574755505160094,-0.4452279746645705,0.657201377209787,0.8817242601880787,0.922467541908807,0.9340873237562494,0.9059043680341827,0.81358961663795,0.903809647311284,0.9238882272464854,0.9228964895633065,0.7570925629202497,-0.117598708111559],[0.9961829152638285,0.9914864326312256,0.9928075188789957,0.9966943788985401,0.9985570142001963,0.9861213056001266,0.9994579903917452,0.9999922533484703,0.9804890296182338,0.9999909851802872,0.9999945063637273,0.9997351769441455,0.9999907439751407,1.0,0.9999947303240626,0.9995371162708067,0.9976867754193972,0.9994193859172594,0.9998981138655951,0.9998970592310584,0.999951019616075,0.9999908869923527,0.9930473510028287,0.9764930855766808,0.9956336473672892,0.9675350487556648,0.9954057876947545,0.9893552416575931,0.9758737762589464,0.94932874981919,0.9889486856403857,0.9938367994295844,0.9910942315129533,0.9701752872111344,0.9994698830853675,0.9995404948168655,0.9996055981235551,0.9998809826864143,0.999168373965485,0.9994660399415779,0.9980763570518932,0.9987524951903297,0.999486951617361,0.9994795980181301,0.9850129657515746,0.9277084854455085,0.946591392612761,0.9478169615231863,0.9313928046124387,0.8784220662941501,0.9492872284619579,0.9315310753912472,0.9514807339062601,0.9539568830076369,0.9444736995313316,0.9776685801123469,0.9771687219531991,0.9897806743886208,0.9970049349829501,0.9721306938982454,0.9592938892113373,0.9727017082911514,0.9709455735609531,0.9736882066683814,0.9734046772973264,0.9520774504456185,0.9505581123480455,0.9538148976794086,0.9534464294709359,0.9257406737923428,0.9649233644459678,0.9669358585307425,0.9714181466024103,0.9702716481866712,0.9361057135653709,0.8494886129281769,0.8123443676722409,0.8644924343871543,0.8959598509185368,0.891057997456225,0.8921525969920399,0.8907409000176745,0.6734183632800218,-0.5994503443090015,0.9607612880610974,0.9440419346988779,0.9431656802130651,0.9733114798110728,0.9564627968500713,0.967121058156449,0.96720855148738,0.9257912186875236,0.9676859190512014,0.9377548909603685,0.7492242741285332,0.9391572900256208,0.9472867580938946,0.7806979405043295,0.9487809931251687,0.9499545296892052,0.8937542420846419,0.9746571696077434,0.8838753715729848,0.5815240073249691,0.7013527675647446,0.8914658439273987,0.8563522189723282,0.8820812351378726,0.9811745777778741,0.9814024562312118,0.7602376387960836,0.7053937229420247,0.7999079308735751,0.3732018537999759,0.7738102425640613,0.8045128127262196,0.7990608070891465,0.7846859082892875,0.7559252738272182,0.733325562061414,0.7136547744452327,-0.3879254830544465,-0.5086835804318275,0.6564148553806076,0.8813671309783905,0.9190644243915808,0.929450493691216,0.9059885068852321,0.8121802015514648,0.8904205874648337,0.9119377304964138,0.9115204542417815,0.8420124913626572,-0.08466789608130847],[0.9960749958763125,0.9915502273361493,0.9907362240838526,0.9965139627091835,0.998557184984032,0.9858320803669091,0.9991534274179689,0.9999981259057995,0.9770908235279328,0.9999976373276059,0.9999982236340992,0.9997424226606836,0.9999976689063477,0.9999947303240626,1.0,0.999432489184549,0.9969221392685867,0.999438730452849,0.9999076533829664,0.9999069619490849,0.9999641187846886,0.9999975210481765,0.9912095594430882,0.976319466765596,0.9949825662977025,0.9589455013359298,0.9947864834327164,0.9894916827163112,0.9757968937149089,0.9493835828007638,0.9912672188646128,0.994150114765108,0.9917269359403832,0.9704587040977413,0.9994686766128223,0.9995500092844188,0.9996665490018766,0.9997467907456148,0.9991729895025345,0.9994744883285093,0.9981799981461866,0.9987814490446614,0.9995381279678022,0.9994040839982077,0.9827577080577182,0.9276564222990292,0.9466854942581961,0.9481250286511994,0.9318625125312767,0.8786664445161974,0.955180218718427,0.9394835501742694,0.957126918472814,0.9542093650675152,0.9447181969789173,0.9792471513822688,0.9772581038635699,0.9903995567789304,0.996897819353463,0.9434754714647205,0.9597123527406374,0.9670890062128148,0.9710758714206019,0.9690500762107496,0.9462581131765004,0.8974963330312947,0.9508447848437365,0.9544833426309784,0.9340665022736625,0.8829495431489093,0.9651185394407708,0.9343792422238445,0.962655081988454,0.9442025934275121,0.7663197977252274,0.8497636667767973,0.7755656748232366,0.8649938555105205,0.8844247844085025,0.8912896592647863,0.8703743145606782,0.8799018891524194,0.31788469122449525,-0.5988521178095594,0.9608905465483889,0.944292208747742,0.9435386602068415,0.9464784998525285,0.9565849627295326,0.9672294662404339,0.9672647909468388,0.9259475947870591,0.9612542310105727,0.8387870286103644,0.7494133833853476,0.9394842712752342,0.9417991667046511,0.7815961278250523,0.9488570492029214,0.9501052064146006,0.8936276055975709,0.9744631128642065,0.8352098893611456,0.5809970348567786,0.7017078593591243,0.8563055415697259,0.8436583818424411,0.8390511285728113,0.9809973443181133,0.9811919806325301,0.7606917592278005,0.7058807032624521,0.7834631606004169,0.37338991027912277,0.7690855331645206,0.7889693152076493,0.7893752324061072,0.7855260414287677,0.7560238979103123,0.7339526771965424,0.714298391805585,-0.29651784523100866,-0.44589129057354826,0.656983883736785,0.881113971354894,0.9221428286545157,0.933605554538199,0.9054785307847033,0.8128207988218217,0.9034441731296098,0.9233620690304699,0.9224965412605244,0.7565130083804363,-0.11684913827714492],[0.9976223064877275,0.9938279004029856,0.990132774108701,0.9979070155447549,0.9990609900041293,0.9854549320751324,0.999888697764781,0.9992874416881381,0.9748988289963588,0.9996592629448313,0.9996377953962786,0.999639102412967,0.9993384919675474,0.9995371162708067,0.999432489184549,1.0,0.9983277593190247,0.9998415997683591,0.999526020030731,0.9995310745977088,0.9997552581254868,0.9995109660367071,0.9908164000215806,0.9752103578371426,0.9935542952913661,0.9508989237866774,0.9931902569939046,0.9912754447902521,0.9738110368103401,0.949933196746419,0.9917522027670748,0.9925281753844776,0.9926551512155791,0.9726992335313321,0.9992529362915165,0.9997262863405539,0.9997050996369955,0.9995487577497676,0.9995660471116936,0.9996803389767869,0.9988079130555734,0.9995613586481348,0.9994948964844296,0.9992465810272408,0.981243734910727,0.9262582950746974,0.9489541290127043,0.9437838865031066,0.9320015615505192,0.8861391524884601,0.9573767167976975,0.9442857946150804,0.9596194777157074,0.9586473421961651,0.9492556724343385,0.9813682818172713,0.9794899608895247,0.9914229970024447,0.9963932028865699,0.9483866246333703,0.9633607099313736,0.9725206571696227,0.9736864220344543,0.9741987324336224,0.9493206867224451,0.9038704768178761,0.9543111222674758,0.9602156055462971,0.9394098572585585,0.8923583961681361,0.967596042886178,0.939782582432968,0.9674132344080589,0.9489312688619485,0.775811232320129,0.8557705242456379,0.7804043295063097,0.8707370643712444,0.8899648946795462,0.8943310539635926,0.8744594883700759,0.8856530542873378,0.3303424656133,-0.5954165177568764,0.9642861689263775,0.9495609341063429,0.9484849499695326,0.9509795546541864,0.9608183500566998,0.9706523002264891,0.970728911197323,0.930463231319771,0.9669701177206592,0.8474777620717188,0.7510400371423442,0.9287816810570171,0.9331996516319053,0.7841861826601619,0.9489196113939928,0.94995664700305,0.8939681123469387,0.9707329584496005,0.8344887282792718,0.5913688504748196,0.70721139