var element=document.getElementById("correlationAdjClose");if(element.style.display!='none'){var correlationAdjClose={"data":[{"type":"heatmap","z":[[1.0,0.9999953531195467,0.9875487438310228,0.9999414102798949,0.9992313918674365,0.9814847237498308,0.9978982398175192,0.9966358901491579,0.9721511862136781,0.996728735254744,0.9950091593811782,0.9942543434568775,0.9967101912163969,0.9966733318578362,0.9978900717571295,0.9982740065626766,0.9983437157309355,0.9970914289741948,0.9970992290087227,0.9969960939376425,0.9966876593344509,0.9892433518249371,0.9740325063968532,0.991743380032109,0.958094586052424,0.9909722906171553,0.9899109851300154,0.9707493386330033,0.954825930129616,0.991291818179631,0.9931737483482243,0.9931790157253543,0.9811851194216703,0.9978168672539065,0.99785600863286,0.9977359740293111,0.9968212983303019,0.9957263647440389,0.9977735849649498,0.998632960900769,0.9986610755604922,0.9978310584453771,0.9978382710736101,0.9784963359140441,0.9392704079430543,0.96075244225562,0.9572584392650759,0.9559544230748743,0.9376823645336967,0.9664824951907303,0.9558479423291142,0.9684162303387205,0.9726620264805341,0.961402409382695,0.9852029146416615,0.9837421750005814,0.9916935459097831,0.9935766202677555,0.9890245051200772,0.9853836678321023,0.9886100701399131,0.9883227000783292,0.989159751840152,0.9890753628284905,0.9516636016534202,0.9793687084658641,0.976478378189937,0.9763227498503676,0.9323645153765717,0.9848824396149242,0.9814493365590186,0.9877644307156639,0.9872037982993821,0.946579272854491,0.9103191041226126,0.8852085871530386,0.9240851235543072,0.9383366291282692,0.937057753904186,0.9367598664563143,0.9357014573978081,0.7663097182706184,-0.4992929401200435,0.9820558920408003,0.9786249176209793,0.976386707537484,0.9895620689370351,0.9745939701500339,0.9852692793503625,0.9852712484358708,0.9430314128639148,0.9862999841461142,0.9449981015649935,0.8314582362125409,0.9308546158293401,0.9431352620804315,0.8473572108511828,0.960703112869548,0.961210296576685,0.9044473239543549,0.9706537823357392,0.8927453282887273,0.54735945289315,0.7369701483390043,0.9010164060914354,0.8743747707041842,0.8926923441828052,0.9775619141363875,0.9775348818988366,0.7939176813947637,0.7694549536129962,0.8234137481260916,0.49941887094078524,0.8117290571527072,0.8273915093187236,0.8224241809222133,0.8170377460692689,0.8079827215788279,0.7589263217273017,0.7449366135224982,-0.3157540787385995,-0.4553655024269523,0.775981594206555,0.8960116208053718,0.9276317103945796,0.942719183842273,0.9079001085030984,0.8409561994142736,0.911982943646951,0.9220286571559086,0.9218760889085049,0.8624898386600865,-0.10060426621252125],[0.9999953531195467,1.0,0.9919926027258872,0.9998847300305463,0.9983586373612349,0.9895610347679173,0.9944370161371201,0.9926745318680296,0.9895248154008606,0.9926745677574815,0.9927110044862398,0.9936884395921435,0.9927343165679491,0.992710490557777,0.9945764001259025,0.9965439431613581,0.9959858101101103,0.994214929696771,0.9942238263432012,0.9927029873276682,0.9927473904449513,0.9937444696705242,0.980880860491037,0.9904394660316062,0.9826265965920565,0.9905341622005889,0.989851245931059,0.9825264738031596,0.9452219761080772,0.9898467462276148,0.9884132836806505,0.984948464865166,0.9523272988251461,0.9953421407551571,0.9953199762630812,0.9955624361598654,0.9930001827547918,0.9952357657782097,0.9955848254401242,0.9967569528224336,0.996938691665449,0.9955655375203917,0.9955776369832309,0.9926171214381333,0.9389140454975844,0.921339437093625,0.9570381918003618,0.9558629490130216,0.9376752263826554,0.9138196376578029,0.9449631881820744,0.9153699273687386,0.9405410182039811,0.9140023729424721,0.9655206545385712,0.9655167915847711,0.9784054567175866,0.9855225880046264,0.9867479865414988,0.9876957077827967,0.9815401484215639,0.9854812226815773,0.9825442793358735,0.9824565450587607,0.948525309048787,0.970010406943698,0.9387665666880359,0.9385792190714747,0.8773919594950885,0.9853602558370225,0.9862924641742544,0.9864394140322618,0.9861479320743861,0.9638114253173032,0.8484999679096912,0.8245593919183244,0.886486539956289,0.9308631632297855,0.9008623204655583,0.9162347488498734,0.9154646559834846,0.8253971115229267,0.00963874540540546,0.975710634871099,0.977393122096635,0.9754538065263262,0.9870587762817654,0.9713847009627442,0.9775939727402323,0.977104321166674,0.9401343831453235,0.9784945752532532,0.9412028549353288,0.7849949182618311,0.9305388856400986,0.9325490999032339,0.65790246272858,0.8823905084292637,0.8850473238641421,0.7852555155722071,0.9686578685155155,0.7566804064185187,-0.3456908301073417,0.2963368418151633,0.78386042969139,0.7343273992471296,0.7772456813931822,0.97169152990731,0.9713157490614982,0.27389742683180845,0.4439429033294273,0.2801822015394711,0.25285894434107664,0.2725977286691415,0.2843362850236915,0.2807281105842376,0.20133313027145786,0.6150637468617374,0.3492147404798758,0.2995532537432679,-0.4411744605145249,-0.4921183733447485,0.7752486180407054,0.7886903162438202,0.8089743312817783,0.8755750853489012,0.841471273713631,0.6667850679569657,0.814233754181937,0.8055535478444995,0.8046992721444967,0.49778521339375614,0.28687520696540575],[0.9875487438310228,0.9919926027258872,1.0,0.9886843092547609,0.9937359274886958,0.9909858057459825,0.989205612464302,0.9900739306309805,0.991565817939707,0.9926425225827792,0.9965346436860504,0.9958668702445032,0.9899101931477838,0.9901218368686466,0.9897097807934601,0.9909590313501071,0.9899540344883857,0.9887550769355032,0.9887210547248042,0.99156794159179,0.9899453586284546,0.9957036374317355,0.986489472930544,0.9917816572371632,0.980707564814013,0.9924285111942012,0.9901189476802531,0.9874651442411758,0.9631453249093173,0.9679395659413695,0.9724699952443302,0.9779048697190664,0.9610101468036997,0.9866932638134467,0.9898765736499091,0.9882597334945582,0.9916715691591245,0.9949317389233561,0.9907572551047342,0.9850005090499813,0.9881229403304229,0.9871378286362597,0.9865261452667825,0.9930116881572368,0.9356567194650727,0.9472546913214409,0.9624527129761711,0.9496089268510933,0.9076840854442236,0.9256728709825679,0.9147360718722692,0.9286542927488347,0.941196001451309,0.9239162093181202,0.9521125849517259,0.9629656637431399,0.9698331354863913,0.9758870719407475,0.9499245923527878,0.9728498515691444,0.9715281349880127,0.9771495484728634,0.9717285970143495,0.9500822369457735,0.9327098518444645,0.9594240446324456,0.9501550673078873,0.9346714379983764,0.9048604354065539,0.9776601547006756,0.959132504554964,0.9702730133795369,0.951298955671383,0.8681498551472038,0.8856511462240384,0.8115633671160023,0.9000594561849077,0.9176063944021624,0.9202819216279756,0.8887943647420937,0.9025229450990472,0.5167413623935581,-0.47839234950248166,0.9691829139021013,0.959667734744596,0.9589813705981113,0.9497423259238185,0.9639011428426173,0.9713795739051057,0.9710665230087232,0.9395326099156955,0.9677043534780662,0.9034922477973396,0.8186990551818716,0.9604324884336669,0.9610658477800202,0.8339388547457923,0.9494313730560405,0.9506103250091006,0.8780199913611397,0.9801466411215862,0.7734187282890991,0.4527604690563977,0.6844349683376303,0.7983392205455002,0.803154904323449,0.7792215919379007,0.9821699289426087,0.981997412677144,0.7292726468048959,0.7238049669132066,0.7091698993810156,0.4555758553629177,0.7166415787861572,0.7173461893201037,0.7213282372723968,0.718641698109272,0.7758129108706434,0.7000268720716218,0.6852750782798913,-0.3679625515321877,-0.5074240604115603,0.7517907285885578,0.8620292289966235,0.8744996699062397,0.8908975602412387,0.8828470209776272,0.7809554245281023,0.8604110599335151,0.8659827775762249,0.8716419079530571,0.7449792920606397,-0.02551283647556916],[0.9999414102798949,0.9998847300305463,0.9886843092547609,1.0,0.9994254304341547,0.9824655554309288,0.998075645736835,0.9969632790034914,0.9739854877543017,0.997104322423947,0.9956084232165919,0.9950072430671351,0.9970222152027192,0.9970002547411083,0.9980959618009891,0.9985430221266436,0.9985449584855663,0.9973736733554538,0.9973796267106849,0.9973123250232939,0.997003973859163,0.9902446472655565,0.9752244699337912,0.9925397711815034,0.960249283583156,0.9918576359259027,0.9912321469777444,0.9724363627493152,0.9558548693467339,0.9906623425168705,0.9926986359546117,0.993098873058828,0.980844308950579,0.9978561056165626,0.9980114957956988,0.9978989207488147,0.9971813321181399,0.9961543486701491,0.9979621540329232,0.9985232714006645,0.9987164445024297,0.9978680561769943,0.9978728707127178,0.9800214394692398,0.9366595074279669,0.9590463080895885,0.9568702545505805,0.9540298503180226,0.9331079215722232,0.9638888201252118,0.952951206173957,0.9657482543650523,0.9706518107752653,0.9590814191610635,0.9833449399555616,0.9825044426157563,0.9909244002944181,0.99334110936949,0.9879186132540319,0.9844692167114982,0.9876897919206753,0.9878422796640303,0.9881752017759273,0.9880837499489823,0.9450550629210211,0.9783876137249576,0.9754592448993125,0.9752980818988268,0.9290746601352571,0.9844978418205294,0.9792724151799262,0.9866534364194375,0.9860646718458971,0.9320948540648099,0.9092642270860923,0.8824455037335833,0.9228142507399052,0.9361949663798066,0.936725097149895,0.9348938093709255,0.9338659093603189,0.6941565548850804,-0.49866762931133785,0.9814073515963441,0.97763627199379,0.9752066902585604,0.9884582671426122,0.9741197148115761,0.9847141160885785,0.9847145772490425,0.9427964506004273,0.9852359372643383,0.934976876640206,0.8342551575483597,0.9347459206660544,0.9463514803879426,0.8486769177414077,0.9617208983680496,0.9622476861574116,0.9040480994885616,0.9716230748578448,0.8868385978022593,0.5438598381175422,0.7353647341241463,0.8957151790066707,0.8707236133170694,0.8871214011397298,0.9782299562680037,0.9782077116094379,0.7928219486117638,0.7696181412060459,0.815666658378561,0.5007822124679211,0.8058223220234393,0.8193792823883373,0.8143438820417265,0.8116660985297801,0.8098826533445784,0.7588402511422496,0.7449118260449995,-0.31117336376428517,-0.4546520697865495,0.774828521052166,0.894544341529381,0.9258495603186452,0.9409786398040175,0.9069880340558971,0.8384997942177875,0.910073654702407,0.9198715617203342,0.919867199489508,0.8560155018979059,-0.09390037363398192],[0.9992313918674365,0.9983586373612349,0.9937359274886958,0.9994254304341547,1.0,0.9842363097143284,0.998997045027687,0.9986556013887022,0.9841654762146447,0.9986517682373933,0.9983265945319639,0.9982500204438935,0.9986633100857567,0.9986844111914617,0.9991351021350787,0.9989620314265055,0.9992712416497282,0.9988819866319437,0.9988814006525345,0.9987128093246836,0.9986669460300359,0.9949752669205104,0.9814928424709658,0.9956572859977463,0.9742806140095827,0.9956630971673417,0.9932720521504288,0.9827192936122955,0.9578738432189973,0.9890046907103927,0.9917502989019307,0.9909965854971997,0.974678112031499,0.9988458165156135,0.9989199478470222,0.9989670233646237,0.9987856886196846,0.9987174535962273,0.9989258111070533,0.9989893034122455,0.9991995292459012,0.998886462370139,0.9988857222294153,0.9878910876015666,0.9439892267674745,0.9584287941251839,0.9603351455216381,0.9516943138356245,0.9282931839002512,0.9558201018524443,0.9521854773147705,0.9598257488853391,0.9660469025182513,0.9549270362699638,0.9826387825233399,0.9825647352517697,0.9915688071501176,0.9934385420413979,0.9843829157311176,0.9786654867058692,0.9817606747104105,0.9842591384867863,0.9822411423627506,0.982111581772867,0.9413493490967064,0.9710281550843669,0.9594826129412399,0.959266263863252,0.9029134051166859,0.9817186776342711,0.978081053764297,0.9831885062575537,0.9824876896857795,0.9442389115449655,0.893079802683284,0.8658387900455565,0.9099788548317838,0.9406824517064237,0.9293516299278499,0.934536220165718,0.9337152696916693,0.8122696315477819,-0.47289592122628626,0.9756307032160876,0.9678485044696953,0.9665123920357098,0.9850746940745816,0.9648241955771077,0.978776700071897,0.9785221518572245,0.9346433238250086,0.9796758011337655,0.935580148202539,0.8258585888377845,0.9468186703658813,0.9630695335002644,0.8218089708773494,0.9525529250870689,0.9535867508913742,0.9006453628957445,0.9758788754360858,0.893952236972162,0.3796677929376737,0.6882019325398512,0.9007389614937211,0.859155294482899,0.8974982938042457,0.9816785456260055,0.9816466089375361,0.7647706340934077,0.7570832484381828,0.7681291656994422,0.4823455267367768,0.7329018321762936,0.7718193706854226,0.7679284137910273,0.7348027410703194,0.8004827525839537,0.7480432519699448,0.7332530053425973,-0.5001044594817586,-0.5829064702038652,0.7679257631082251,0.8919544553227522,0.9176937238679703,0.9413635684391934,0.907522809496668,0.8275987568190372,0.9085405371020563,0.9133437809769782,0.9128770847036425,0.8045660367057413,0.11619511228494706],[0.9814847237498308,0.9895610347679173,0.9909858057459825,0.9824655554309288,0.9842363097143284,1.0,0.9769932649049587,0.9787081922051009,0.994297435674511,0.9782904050624226,0.975304677676589,0.9750800387759966,0.9784868443400929,0.9787695695682541,0.9785330035847086,0.9827261614294441,0.9792302475907797,0.9789559155451032,0.9789695091523587,0.9776437260135595,0.9786551787255768,0.9930568033060554,0.9941969599308924,0.9824720955756263,0.9893583152069442,0.9831364571183867,0.979940212066897,0.9893833565307898,0.9772373900548424,0.9524475199847463,0.959185763609372,0.9712180904191449,0.9653203005341732,0.9766989615861752,0.9773452326542156,0.9782047532242347,0.9795045639023143,0.9761816884526089,0.9779696449906468,0.9763494290568853,0.9782946073454398,0.97709419569007,0.9771141926716359,0.9964423588989519,0.9039583704387324,0.9377860074927659,0.9492113765755584,0.9567739647482202,0.9217269267527073,0.9172984269953155,0.9141410001581022,0.9205803809907114,0.9422764870694008,0.9197749502474618,0.9457398641356862,0.9532324982453764,0.9595844738515897,0.9619647016678841,0.973983200373537,0.9900136136548898,0.9783695060931952,0.9867917572414052,0.9779333324748928,0.9774653284068864,0.9796746515061125,0.9773750177373369,0.9625450092992548,0.9620817716784125,0.9546000022570414,0.985115223647749,0.9786167608603193,0.9741912056048354,0.9732438486363092,0.9732855660245125,0.9260844460660277,0.8901230136883496,0.9388062427024294,0.9354217329623976,0.9446206884490765,0.9264342755693944,0.9245618795971327,0.809971916646793,-0.42354496740317044,0.9863943792317258,0.988662039211067,0.9856040693412768,0.9747068775200929,0.9809469588846333,0.9847701341530296,0.9844183727695976,0.9743392039933471,0.9754840463847111,0.9740582406245363,0.8323641634605583,0.9095699379393463,0.9618127704712797,0.8632086845716281,0.9467839985416618,0.9472436470831356,0.8610478888836546,0.9551258765313703,0.8215853800835922,0.452359949124761,0.6922330109867082,0.832991914824124,0.813613837600978,0.8233618091976871,0.955015971663987,0.9547308031011977,0.7393284785494628,0.7401766204987685,0.7415130077340985,0.501614519015355,0.7452087741124152,0.7463522927121734,0.7401408530541567,0.740351119301209,0.7829301160485431,0.7097751817195379,0.698974828424726,-0.3354826906660848,-0.46377902973341856,0.784640778881367,0.8523658582562949,0.8561940734848837,0.8820692099005745,0.859227926049398,0.7932681614578682,0.8455861144049918,0.8497761495493015,0.8498189705740408,0.7988094613593492,-0.04454670410175527],[0.9978982398175192,0.9944370161371201,0.989205612464302,0.998075645736835,0.998997045027687,0.9769932649049587,1.0,0.997815619107295,0.9560596703640449,0.999667541469538,0.9996528193934917,0.9996867818153696,0.9986327473717379,0.9993022599743424,0.9998962122348787,0.997061092861975,0.99990686497326,0.9994745632244026,0.9994785826900128,0.9997551200258112,0.9994238426690433,0.9903866552564671,0.9736027713215691,0.9869326800966857,0.9251712885396435,0.994009660709524,0.9932842801965334,0.9725003655026133,0.9497154736284026,0.9914340692790766,0.9922172983278815,0.9943697905597515,0.9785946640632336,0.9991479554553908,0.9998753242503232,0.9997563735621507,0.9995302874880658,0.9998104323077345,0.9998634745240632,0.9987269364508773,0.9997688431073279,0.9994791766344935,0.9991839197215511,0.9783695738048429,0.9491763648208074,0.9601900658818474,0.9617506320061354,0.9501049454757476,0.9258680876865977,0.9610400867272103,0.9525944499741251,0.9634461586460921,0.9682984721477311,0.959112214198835,0.9833721203273167,0.983911513956814,0.9929066335710659,0.9962968927891922,0.9579166725013858,0.9665881245092103,0.9746162558535493,0.976055287872807,0.9760246222016954,0.9578555879188192,0.904753834492017,0.9618198853105319,0.9632212098188921,0.9495470780183289,0.8862895175831269,0.9725565297436767,0.9512534235068028,0.9732498901391653,0.9581798066788566,0.8249142910671672,0.8834388641422537,0.8221703017173297,0.896360397097235,0.913301995836857,0.9173452684796002,0.8995310412257135,0.909788206436097,0.45950354016964484,-0.536252383414674,0.9659652220522945,0.9539672601665212,0.9536925997704809,0.9590567563734334,0.9598173612701315,0.9717680563925918,0.9718491685091366,0.9214988296965422,0.9709197899474433,0.8694450116162147,0.819589696478287,0.947538639356381,0.9439218565381954,0.8347942646906363,0.9594457215128609,0.9601541661213394,0.9055406207830184,0.9758563458102528,0.8329948826979516,0.5448589212009625,0.7316348196522793,0.8587451815642121,0.8550266949841568,0.8402336682063819,0.9824271418836813,0.982473824648053,0.7876068366983462,0.7555111476278347,0.7822599801144283,0.4759144601803055,0.787462766622195,0.7970918615443923,0.7866931859938638,0.797102451461749,0.7989749936639879,0.7555744992768878,0.7397920787356476,-0.32169601137343257,-0.47332933092105567,0.7758949658237541,0.8975718172863671,0.9211064175211492,0.943605414941766,0.9149394103455403,0.8413109698070504,0.9120776815439605,0.9264781709204303,0.9247758913381322,0.7884966185622954,-0.06976890494700744],[0.9966358901491579,0.9926745318680296,0.9900739306309805,0.9969632790034914,0.9986556013887022,0.9787081922051009,0.997815619107295,1.0,0.9662724575047498,0.9999998479838201,0.999999416683686,0.9998095262012618,0.9999971343636406,0.9999983868318303,0.9994202655615604,0.9926048093338582,0.9995432658045499,0.9999195241852175,0.9999191100280134,0.9999698325745651,0.9999988851703525,0.9910673133280997,0.9755826427338437,0.9933619180808066,0.9388985249576661,0.9945184909314122,0.992024327048238,0.9747867276167359,0.9499066815513916,0.9878553244415467,0.9937696314086198,0.9931332427861745,0.9761579568079137,0.9995120914754442,0.9996305445543016,0.9997195679224619,0.999775052302052,0.9994017371248562,0.99958185666889,0.9984531569892525,0.9990186625201795,0.9995874780844916,0.9994669505502349,0.980220775787029,0.9491548950363334,0.9581912359089055,0.964525953109799,0.9500107579894118,0.9187257897513695,0.9593246453856991,0.9486306572693657,0.9614389534810573,0.9637446961480124,0.9539774479157793,0.9814870931653661,0.9814361460247862,0.9920090109160088,0.9965446166014725,0.9540577089710177,0.9641705833671097,0.9703887098488088,0.974170600345786,0.9720947909726119,0.9566719499921563,0.9011740942976454,0.9587957115601548,0.9587129106115342,0.9456593602049848,0.8797737432143735,0.9708549532958406,0.9467195763152534,0.9692706132305012,0.9545767505401023,0.8165724308588007,0.8788311658545156,0.8190748297679219,0.8915255001081267,0.9084151047588259,0.9146352167586076,0.8963297898787006,0.9048942793429956,0.44636570115159946,-0.5383708248418516,0.9634671486689915,0.950494535780065,0.9501522303498771,0.9575350286753286,0.9574499449597393,0.9693811143517449,0.9694547445025774,0.9196478813939025,0.9663202320409433,0.8632910759763871,0.8175984789875799,0.9573804234575805,0.9530075110100827,0.8329547399111608,0.9594822300947786,0.9603056610559876,0.9031159210816885,0.9790825155054638,0.8349600011363911,0.5305627259105876,0.7236566728035255,0.8589629085924424,0.8516784328290201,0.8415166005023179,0.984391479054231,0.9844378708434729,0.7794887541569634,0.7491286420766774,0.7827590978249971,0.4658131405397484,0.7824082993020487,0.7923263716978356,0.7863708034520285,0.791482629946704,0.7938274101456537,0.7503606707953693,0.7341086973900559,-0.33589980898619387,-0.48635797635345646,0.7670931973589097,0.8910702133251508,0.918344394858558,0.9366163846098515,0.9098700599794769,0.8318759221819303,0.9059823049840089,0.9203732363015622,0.9188724107596509,0.7715442575502311,-0.05345319792324444],[0.9721511862136781,0.9895248154008606,0.991565817939707,0.9739854877543017,0.9841654762146447,0.994297435674511,0.9560596703640449,0.9662724575047498,1.0,0.9813765407258217,0.9863591248446103,0.9890112553168049,0.969827656151386,0.9746708302294337,0.9730766896482804,0.9509818671421555,0.9779188567372862,0.9752898753012706,0.9752700393585253,0.9798430971941838,0.974535443613006,0.9938931872918106,0.9943649026608847,0.9802417080873665,0.9902965129085969,0.9835623585750363,0.9929814844274851,0.9920251483225548,0.9730116223685615,0.9246624145595436,0.946283119983174,0.9653568117376051,0.9554021558741516,0.9691226112630887,0.9778273897784518,0.9743032459627995,0.9765818503204543,0.9880854689887536,0.9792075034624199,0.9660421838193455,0.9756468438844531,0.9700910455140419,0.9691267606539603,0.9991682462683906,0.9197345598069386,0.9334845578450383,0.9636114358611014,0.9552893006538017,0.906618641944611,0.8896278897375814,0.8924914883406089,0.8939383056247061,0.9263958738053709,0.9041687603372365,0.9296706866251591,0.9479905796940205,0.9521912778419522,0.957565384658925,0.9155344038637931,0.9751959318118263,0.9567427252389263,0.972916984874825,0.9566361172830414,0.9168424848503527,0.9329961352021751,0.9564201282689047,0.93424585815595,0.9022984843940139,0.904326172235076,0.9739647112503915,0.9325195866424433,0.9516355068137334,0.9172207875095426,0.8636662339813244,0.8876636525403268,0.7792556439525526,0.9027091816054805,0.9040303321829711,0.9167544086654271,0.8679901119809075,0.8859454284527424,0.5068974181278701,-0.452295078273917,0.9673611855104347,0.9644997261371928,0.9621773321513214,0.9130850016199883,0.9595654052530116,0.9654220957216032,0.9649121234214271,0.94873692718352,0.9523711806508176,0.9018406707849058,0.8223910437091233,0.9467870545513181,0.9660277303630621,0.8428771193092688,0.941279943689863,0.9422631583164144,0.8537635873602513,0.9656705835194234,0.7370606136783642,0.4112815654905284,0.663745117191431,0.7721293372384733,0.777077788350487,0.7504171280339587,0.9657189780574483,0.96544330422988,0.708314737797241,0.7120400940454212,0.6721223012833542,0.46217480547320605,0.6957092409327995,0.6920529099208876,0.6700618843784132,0.6937879790780963,0.766223742362381,0.689798608694113,0.67649286685946,-0.3720135914866101,-0.5070714802697356,0.7811806420333903,0.8445721142310497,0.8257631151618527,0.8642251544196806,0.860259257467692,0.7712606170741735,0.8160377144883316,0.8328642491276516,0.8262589913776996,0.7162663800985912,0.014395542617986099],[0.996728735254744,0.9926745677574815,0.9926425225827792,0.997104322423947,0.9986517682373933,0.9782904050624226,0.999667541469538,0.9999998479838201,0.9813765407258217,1.0,0.9999992216159621,0.9998135801346503,0.9999985253153645,0.9999979085729679,0.9997282587721602,0.9980854352744732,0.9995441744662297,0.9999004814515856,0.9999004359497977,0.999980709679538,0.9999994197698956,0.9935631837821322,0.9775820105373825,0.9964562264480811,0.9692882950221027,0.9964785696719173,0.9920171723057533,0.9791280370416612,0.951496315538955,0.9900107022764454,0.9938775027866242,0.9911067214213567,0.9734424221867927,0.999565089408163,0.9996267511228681,0.9996427806327132,0.9998570959795205,0.9994111892905375,0.9995886255773787,0.998703056473994,0.9990624394656438,0.9995769876682254,0.9995730016550608,0.9848027701719787,0.9490421387014674,0.9582140720732384,0.9643957810007472,0.9498542685184612,0.9188040406678273,0.9539130113034415,0.9466715200237609,0.9573912409738594,0.9623481301965463,0.9526551761795099,0.9815426885126939,0.9814669383040447,0.9926876376417247,0.9964011456347868,0.9755801207351047,0.9640583723957827,0.9727706633154258,0.97410850121447,0.9734213875137417,0.9732770254740317,0.9291923715409725,0.9587122157090482,0.9507364080771534,0.9505350622952483,0.8917371462856393,0.9707682672790646,0.9691496933062959,0.9745360705747516,0.9736953066204507,0.9310915168791679,0.8788294944160029,0.8462492186340684,0.8913335181570433,0.925111865936073,0.9155958246081679,0.9199835411019605,0.9193435618760882,0.7718695081219293,-0.5266097153539083,0.9634032252993718,0.9504606807702449,0.9501318579939407,0.9764590526558595,0.9531251692378364,0.9691295121651158,0.9688873826770139,0.9203481982349063,0.9702133757940481,0.9215237836694345,0.8175928314402944,0.9572121463025938,0.9632968340840338,0.8206591779337147,0.9545533407244907,0.9555014970694047,0.9031902648135718,0.9784327701431367,0.9023409693063569,0.4246112964888618,0.704595662864795,0.9088785732080761,0.8672829149160449,0.9054769413965779,0.9843712298924641,0.9844306130005092,0.7795600133301537,0.7489972108992882,0.7824288698649179,0.4659043789445303,0.7479280901212195,0.786536699779396,0.7822166958176239,0.7520853581143548,0.7936506385513448,0.7503901617032785,0.7341167834680348,-0.5426030361868653,-0.6254958590574892,0.7662554881769567,0.8910432607831947,0.9210680400283242,0.9431680519366668,0.9098990258566,0.8295414439803969,0.9086772427638787,0.9160819029562193,0.9156118643291161,0.8154332328016789,0.17240306219099957],[0.9950091593811782,0.9927110044862398,0.9965346436860504,0.9956084232165919,0.9983265945319639,0.975304677676589,0.9996528193934917,0.999999416683686,0.9863591248446103,0.9999992216159621,1.0,0.9998121139147726,0.9999965227280478,0.99999823776225,0.9997158355142975,0.9979142647430046,0.9993482397023212,0.9998220329425634,0.9998221537752678,0.9999984658848167,0.9999985891698026,0.9933071357387723,0.9752205416583609,0.9957793207273264,0.977212043198444,0.9962313701028741,0.9920308899929856,0.9815775137610652,0.9468904260855794,0.990057835948591,0.9938561929903066,0.9862480436476688,0.9538414164098428,0.9994089749263287,0.9994563440728689,0.9994098298609121,0.9999133723386593,0.999398833375506,0.9994183196999776,0.9982972454150653,0.9987595820894543,0.9993921412897551,0.9993901904487937,0.9875942678294111,0.9488261888019084,0.9329171231059232,0.9643713021637254,0.9498120923829124,0.9186118795083429,0.9317603940927418,0.9242910186273846,0.9353611799221936,0.9422660609345694,0.9305247158548205,0.9762962023053984,0.9762778400141727,0.991941979020171,0.995150725353166,0.9692160212311229,0.9641986107267204,0.9616927419420199,0.966847945943079,0.9626581571896569,0.9624509112866304,0.9108922764582019,0.9497937699433591,0.9169706984349961,0.9165668960316752,0.8365591591950723,0.969589449321868,0.9739993453618783,0.9711079304121941,0.9701016566957864,0.9278345147546231,0.8320869591975337,0.8044835553654512,0.8650129823254832,0.9117413594659753,0.8872735661342417,0.8994618063278902,0.8984391741653444,0.7815718317597073,-0.28299479830443275,0.9534420763862081,0.9506272499862238,0.9502646822178581,0.9701160706675067,0.9418525512584716,0.9555532788865895,0.9550189624730117,0.900596081460355,0.9575417993682379,0.9034157821291064,0.8177447520555315,0.9574512237578072,0.9678293027856657,0.7395160166515355,0.9228498444294538,0.9248459424548628,0.8646975104982629,0.9853433670979842,0.8513105417207962,0.07397113943457288,0.5671005987860429,0.8640133880637335,0.8344003413735172,0.8596704526567268,0.9867506109275523,0.9865785972738981,0.5704633204416302,0.6752047301008559,0.5768009928058144,0.4658643049340869,0.5483197483773056,0.585271306454184,0.576744591062459,0.5170785935502225,0.7846950082033818,0.6377464269878524,0.6014661540035281,-0.5012430430721356,-0.5616346881746079,0.7658543442139334,0.8742745440763431,0.8853334426129104,0.921721133388981,0.9045570033603567,0.7302887586357022,0.8729136829919181,0.8808219910208004,0.8802652289374604,0.6560831596576208,0.1336619760526659],[0.9942543434568775,0.9936884395921435,0.9958668702445032,0.9950072430671351,0.9982500204438935,0.9750800387759966,0.9996867818153696,0.9998095262012618,0.9890112553168049,0.9998135801346503,0.9998121139147726,1.0,0.9998245786564707,0.9998169186436835,0.9997038176980758,0.9984990813532552,0.9995121940142268,0.9999759374455635,0.9999757709329559,0.9998168490260427,0.9998209614755088,0.9931768965484177,0.9737245153656648,0.9946252209687401,0.9774559285733088,0.9952094403478506,0.9937039943681223,0.9778539942021071,0.932315774389981,0.9928952385531563,0.9951682455321323,0.9829802106607072,0.9403334350702609,0.9995373162736514,0.9995734041438247,0.9995367357441978,0.9996730208800337,0.9996841682913172,0.9995485811332359,0.998220451257296,0.9987858191210212,0.9995208932863733,0.9995178244049171,0.9891122880103437,0.9453309813158753,0.9244646834851739,0.9617235048449551,0.947977299235927,0.9183428649547319,0.9065710108913515,0.9361467182451486,0.9092705767851798,0.9262003326041138,0.9053476760943563,0.9672045372720832,0.9671955124922235,0.9850204510327433,0.9951539883010804,0.968894090962761,0.9687246567922522,0.9580773462327538,0.9656549859246046,0.9599178438461535,0.9597547603076207,0.9137823951857825,0.9424478782559637,0.9029086714300908,0.9026514902626387,0.8283410989279936,0.9696581481544782,0.971282178403231,0.9712606506716712,0.9706497132282388,0.9361422319663594,0.8010072231681975,0.7737043399595303,0.8428503508033258,0.897368098877286,0.8638934581647973,0.8813458941143929,0.8807113336115058,0.7751004729497484,-0.1138407231089983,0.9490322057129114,0.9520444264685134,0.948695956508481,0.969418493149376,0.9428866992233579,0.9517286672133894,0.9510277694422015,0.9022141296996862,0.9532417134592068,0.9039513037126496,0.7837283555658836,0.9555453068529003,0.9513920027777414,0.6466101640297545,0.8821203904233877,0.885354534575363,0.7803080220783053,0.9801103095219401,0.7549500560367742,-0.2865600608081127,0.3271839301840286,0.779148012066032,0.7355170245101185,0.7733293261966174,0.9821816736553967,0.9819921997393518,0.299287824359987,0.45592666630504,0.3042979021409239,0.27727356969132294,0.2959049159451521,0.3096378409198833,0.3066939940824836,0.22444206186538923,0.6256175258102418,0.365309021852553,0.3142783677784483,-0.5058871869908672,-0.5558040889023601,0.7652513183814282,0.7909987409128048,0.8114373352622428,0.8761848768823975,0.8486532218015873,0.6536619976420609,0.8098220107359146,0.8078429814767337,0.8070093549004941,0.4984045908150994,0.31600770064764117],[0.9967101912163969,0.9927343165679491,0.9899101931477838,0.9970222152027192,0.9986633100857567,0.9784868443400929,0.9986327473717379,0.9999971343636406,0.969827656151386,0.9999985253153645,0.9999965227280478,0.9998245786564707,1.0,0.9999977347116744,0.9994598745757458,0.9940883763457907,0.9995768697749068,0.9999288026231088,0.9999285284082047,0.9999763589458932,0.9999990026693331,0.9909310837262881,0.9753577490797969,0.9940038961000713,0.9437104999983288,0.9944584183022458,0.9921031788962273,0.9745536542928378,0.9497778237509651,0.988771775552455,0.9938656220341574,0.99321000996659,0.976260148722921,0.9995540531444619,0.9996662169148512,0.999746844252199,0.9997718239653184,0.9994460247410387,0.9996176443468348,0.9985318876389007,0.9990754993098708,0.9996282945578797,0.9995088996332256,0.9799508124182368,0.9493440129359733,0.9583075964860149,0.9644320297379262,0.9500016392941872,0.9191379964514024,0.959669694295674,0.9489887792211916,0.9617837132350332,0.9640170811491767,0.9543300117441228,0.9817328710100178,0.9816053641387669,0.9921343576381609,0.9966398270180268,0.9542652985072619,0.9641309319041094,0.970489819150599,0.9741676517623408,0.9721962255266257,0.956826275145712,0.9009966758173446,0.9588562930838576,0.9588960066133216,0.9459166426958833,0.8797286135913159,0.9708216410432884,0.9468073845774341,0.969373035335059,0.9547718232410234,0.8163900279844133,0.8789255901176211,0.8194010057195508,0.8916188325579005,0.9085384387037597,0.9146791528785505,0.8965708645988216,0.9051165899666317,0.4463364217122154,-0.5385874294973865,0.9634736421673034,0.9505044969577893,0.9501647696740338,0.9577064062289953,0.957440878634124,0.9694096778879767,0.9694853373802927,0.9195010506361317,0.9664398033973906,0.8631452169407835,0.8176176231347608,0.9569384379921848,0.9525397182905064,0.8329098097189276,0.9594751336040593,0.9602932294013082,0.903461371567255,0.9789690334450266,0.8354874486661324,0.5317094737297092,0.7242855499602155,0.859467951573375,0.8522209890425442,0.842030169996853,0.9843486128640303,0.9843962482478811,0.7800858372780188,0.7495873018888844,0.7834014653111645,0.466334350230067,0.7830714944533204,0.793034193713817,0.7870309036847499,0.792199901953085,0.7941404674160789,0.7508142945558064,0.7345722633419598,-0.33503627261117563,-0.48560912399860323,0.7673398372796003,0.89156183779838,0.9188479752776583,0.9371397471112543,0.9103346803108511,0.832400014759203,0.906565538402186,0.9209726247649558,0.9194666960626612,0.7722014716829334,-0.05450355016125161],[0.9966733318578362,0.992710490557777,0.9901218368686466,0.9970002547411083,0.9986844111914617,0.9787695695682541,0.9993022599743424,0.9999983868318303,0.9746708302294337,0.9999979085729679,0.99999823776225,0.9998169186436835,0.9999977347116744,1.0,0.9995397232375945,0.9974585138568075,0.9995563835409688,0.9999217728854429,0.9999210414506335,0.9999705413676274,0.999997779251903,0.9911079398216888,0.975641308122358,0.9955559819554588,0.9557479710617575,0.9953023411033948,0.9920624614423583,0.9748368113499363,0.9500534600978587,0.9912401627910302,0.9941064366743616,0.9930878807455567,0.9760827800343759,0.999521675901332,0.9996306413122685,0.9997252668713962,0.9997879532396557,0.9994208177998237,0.9995787563743407,0.9984744266529683,0.9990317875243862,0.9995956210959619,0.9994773250306647,0.9802212427207705,0.9491951641766482,0.9582073813586128,0.964466963060209,0.9499946384446436,0.9188902795216529,0.9593907653054183,0.9487408408102848,0.9615324127346496,0.9637026280395449,0.9539015682967584,0.9815048381774595,0.9813848051934448,0.9919827066356187,0.9965108600091532,0.9543037090536057,0.9641942540286011,0.9705264281827164,0.9742471967334605,0.9722209777076255,0.9565142321991653,0.9013445583453601,0.9587389021633863,0.9587699494561742,0.9458317677566683,0.8798846075843706,0.9709726935728094,0.9470043646398947,0.9694396232909193,0.9548354646826678,0.8168542213678237,0.8788595497315606,0.8192947378768415,0.8915878490892049,0.9085586607454703,0.9146538027270119,0.8964601628174829,0.9050379130595234,0.44668061475971554,-0.5380795060847695,0.9635536475468738,0.950532605363699,0.9501967870633145,0.956642001079681,0.957598221202468,0.9694597548458433,0.9695307475010064,0.91981829608134,0.9664592068349969,0.8635027234636257,0.8176029408154081,0.9571738375017781,0.9529311887899453,0.8329738343576079,0.9594243801309962,0.9602514671997459,0.9029471303209908,0.9790957457904236,0.8349808601029901,0.5303824223642428,0.7235491272211607,0.8589634148123719,0.8517818977429173,0.8415336667250549,0.9844197207329392,0.9844633858107064,0.7791372182375287,0.7488385103915687,0.7827338771159135,0.4660115742506257,0.7823824313902126,0.7922471956462751,0.7865088972114358,0.7913865568517252,0.7937615561184085,0.7497010904362859,0.7334804486202615,-0.33573034725634776,-0.48618521103765755,0.7671871654910939,0.8909867487461722,0.9184509479320352,0.9366445052372416,0.9099112493362121,0.8316900553464104,0.9061576399482203,0.9203957276793581,0.9190047986225341,0.7716210914102251,-0.05369484651076334],[0.9978900717571295,0.9945764001259025,0.9897097807934601,0.9980959618009891,0.9991351021350787,0.9785330035847086,0.9998962122348787,0.9994202655615604,0.9730766896482804,0.9997282587721602,0.9997158355142975,0.9997038176980758,0.9994598745757458,0.9995397232375945,1.0,0.9986153782486238,0.9998722626712326,0.9996114896596688,0.9996154127244948,0.9997994702256489,0.9996029981657172,0.9908928773427224,0.9749045286500935,0.9944423122760044,0.9498349453897961,0.994079410330939,0.9935315900136131,0.9735649201484996,0.9509485903327761,0.9915087136976839,0.992629217093898,0.9938355733737454,0.9779002145410364,0.9993347946982747,0.999752965277259,0.9997534324539707,0.999631060726733,0.9996817427797331,0.9997202935634809,0.9989715974717053,0.9996471206375613,0.9995555494517171,0.9993419978876674,0.9791986340780465,0.9481472027718969,0.9600704045760127,0.9630590921886211,0.951363996765226,0.9244585329071023,0.9611340307144748,0.9526282419629434,0.9635324225809188,0.967208689945341,0.9574353892060335,0.9831827711877235,0.9830526335349017,0.9927768757791067,0.996050779523448,0.9582447801856804,0.9675351410031726,0.9746951893913612,0.976610171538185,0.9761606974209995,0.959022493930781,0.9058064289106946,0.9619294098657992,0.9632658741547301,0.9500994749587001,0.8865669216308486,0.973295346727436,0.9512755252834786,0.9731945190167723,0.9586435931233832,0.824004479274737,0.8838490240347073,0.8231510135178971,0.8966573084192372,0.9128684607974332,0.9171132867327683,0.8997430804816977,0.9096050850037236,0.4567325307971771,-0.5353911859635462,0.9666630503733431,0.9550043904325959,0.9545848373175965,0.9601028349247368,0.9608929678339692,0.9722857393636403,0.9723684612058364,0.9235270781499351,0.9708622383466081,0.8696870370905728,0.8192500572564924,0.9498285926128226,0.9462750708405055,0.8352008628551286,0.9594654412500297,0.960131946474538,0.9027816607778131,0.9760955493335772,0.8342393005199182,0.5394187721948493,0.7280707027304237,0.8588775545341846,0.8542243681705662,0.8409645580168293,0.9824138832834438,0.9824468277901116,0.783824957928088,0.7516027787475557,0.7833627799964659,0.4729496389422166,0.7862689723516789,0.795962999110909,0.7880251766563052,0.7956285373495517,0.7960820367395222,0.7509612051732771,0.7351671811359473,-0.32370344762670233,-0.4751709079194304,0.7733708831365337,0.8935806217646372,0.9209475165057192,0.941918263436084,0.9113886052702711,0.8384895586742434,0.9115475184455389,0.9250583076830868,0.9238423097012863,0.7836828119841756,-0.06595692595786792],[0.9982740065626766,0.9965439431613581,0.9909590313501071,0.9985430221266436,0.9989620314265055,0.9827261614294441,0.997061092861975,0.9926048093338582,0.9509818671421555,0.9980854352744732,0.9979142647430046,0.9984990813532552,0.9940883763457907,0.9974585138568075,0.9986153782486238,1.0,0.9989918252658668,0.9978140161331985,0.9978139009538672,0.9981836389971936,0.9975129034364483,0.992812633195136,0.9786243595010979,0.981298839993741,0.9245709784137783,0.9918574979469277,0.9946743404806165,0.9767608598912042,0.9587492691764441,0.9916553285022204,0.9895458151754346,0.9918172266721389,0.9774145442443855,0.9975188549273852,0.9983356593074756,0.9981824350906215,0.9980167691005882,0.9988624154297855,0.9982357803612388,0.9982331596198569,0.998775502045153,0.9976799992177894,0.9975877345330028,0.9799763611239828,0.9429358694412128,0.959730392048924,0.9591886084274149,0.9522332709791648,0.9287025386644379,0.9606620718867764,0.9528478322936965,0.9635085698463217,0.9659105132672664,0.9538718589812876,0.9807546368639056,0.9807565940501312,0.9886965190787587,0.991427767991273,0.9673455315057231,0.9736984966696635,0.9807749209454696,0.981002358145536,0.9815046590436773,0.9670142026729276,0.9184511625106078,0.965847641889675,0.967541972240391,0.9577981834493496,0.8990325966951975,0.9783759939995283,0.9622883917547387,0.9793091234428823,0.9677188241336924,0.842997471202752,0.8927395907397547,0.8362997681359503,0.9061109615281928,0.9237316792021966,0.9246437075417795,0.9076812503430042,0.9185559676436704,0.4865568454772205,-0.5092713896776758,0.9725852616376097,0.9614178900625067,0.961988801822307,0.9690508449367954,0.9679215192984151,0.9771846028796966,0.9771928249026121,0.9345690100077703,0.9775759256310516,0.8863157714264607,0.8216922351614673,0.9408808387868859,0.9424970461763941,0.8393732905400471,0.9576994625735261,0.9583760045147395,0.8958097193257484,0.9740853581299902,0.8275867987915512,0.5280132712951213,0.7230164084895445,0.8489903398202651,0.8493473385174901,0.8314818163941617,0.9792714071678332,0.9791902195306409,0.7741007476122568,0.7480105186515258,0.7757229770877516,0.4798443218475386,0.7779608763413249,0.7848598069000514,0.7866460235606265,0.7852557683305845,0.7946211401843373,0.7377538667063853,0.7231760402519978,-0.3117750231997776,-0.46219232427425533,0.777