var element=document.getElementById("correlationClose");if(element.style.display!='none'){var correlationClose={"data":[{"type":"heatmap","z":[[1.0,0.9999891964950931,0.6741292047034052,0.999737379953442,0.998066642750792,1.0,0.9925806586486057,0.9891498910684314,0.9891498910684314,0.9931615642659289,0.9771683412188037,0.9870064859414611,0.992616141942498,0.9930019422310157,0.9926648290205852,0.7777774999611377,0.706586916525939,0.28594476232437266,0.9934492093213094,0.9934424167639054,0.9855866219890732,0.9926071189460342,0.40247895821654023,0.7473684299710827,0.9823393936581253,0.9823393936581253,0.9823202331184627,0.9752479399881571,0.31838208277401187,-0.12864938306398682,0.9896198190623874,0.9895813322558904,0.2698894529131753,-0.20241152487675249,0.9947652775660671,0.9952694003342705,0.8516110596310166,-0.3567127213077347,0.990578829197996,0.995254256550413,0.761615848155286,0.2666092559285215,0.994897252507651,0.9948923054658133,0.994897252507651,0.8964827519813178,0.6539872421028866,0.9155985796070107,0.9204706281645354,0.833769879387871,0.3778530713086024,-0.17635378463192827,0.21245981064722264,0.9490531295860366,0.3825390538241915,0.9752043254412206,0.971198577167098,0.9807405149444088,0.9897056599334241,0.9326186322141666,0.9404744540162153,0.9463232116364899,0.932354016862066,0.943571316613744,0.9442059022779802,0.943571316613744,0.8878286260662287,0.9238580886522315,0.9247442726726723,0.9238580886522315,0.9254393732722687,0.794580461694182,0.898499928870229,0.8997382961642248,0.898499928870229,0.7088476423679454,0.39133998133671466,0.695551730931391,-0.5448168958570193,0.6011674666853742,0.6207914728481321,0.6211564011310051,0.6207914728481321,-0.09215498726907836,0.913575215122979,0.9443146830697837,0.9290580421019768,0.9340063547037961,0.2774241583602302,0.9085678104049698,0.9092366266895643,0.9085678104049698,0.912940278825637,0.912940278825637,-0.0946614240322096,0.591400937291402,0.15845290424529265,-0.6818035626428244,-0.5882251501025093,-0.592024626319711,-0.12922950201226324,0.12620909057020768,0.20737402448669873,0.011468322039976444,-0.5500464075070631,-0.0163808789886063,-0.7966958549340205,-0.2848468332832465,0.16142352808476954,0.16299322480566983,-0.5704602295452583,-0.5775078581629819,-0.2744931567570331,-0.5125197787003255,-0.8156536006881052,-0.40358587152378006,-0.39588845221631935,-0.40358587152378006,-0.2202825903654022,-0.33770422896209584,-0.33770422896209584,-0.803596982119964,-0.803596982119964,0.4043527646566233,0.6305911412322863,0.8532840246111081,0.8400241125664665,0.7566569654846145,-0.32888811792708883,0.7474804014449021,0.778930107822259,0.7790847354631284,0.778930107822259,-0.190963148381271],[0.9999891964950931,1.0,0.980739113129733,0.99948333364533,0.9958670411525722,0.999989196495093,0.9847308767767305,0.9791806524338409,0.9791806524338409,0.9846072646308592,0.9721100809251938,0.9858111524223634,0.9847691840915038,0.9847178384814866,0.9846177994337527,0.17263283573988972,0.08104476950514926,-0.4313868443348521,0.9882070148353428,0.9882004601978192,0.9848156111373687,0.984815859459881,-0.1536283746435495,0.9798072261025456,0.9797991273455248,0.9797991273455248,0.9798336168801968,0.9754403111043959,0.10200031482512449,0.12482117154440972,0.9824855397418758,0.9825250125137492,0.8117711746462473,0.10763975802813311,0.990681678254984,0.990718181601575,0.9912479386277668,0.9858385378946097,0.9896657845958382,0.9907401878726414,0.12535495130505286,-0.43620058989748417,0.9913097022118268,0.9913046213168644,0.9913097022118268,0.8962124192441732,0.501791650257346,0.9156065323320018,0.9203382299585154,0.8332590907407478,-0.29200301366459314,-0.4886064182597406,0.8420823222675615,0.884304872538626,-0.25144771550734074,0.9392572974453348,0.9393944588205286,0.9594621180897287,0.9779722342656098,0.9518785695485549,0.9578526202642609,0.9433036098441513,0.9440702395744721,0.9468829844093491,0.9472658313935757,0.9468829844093491,0.8603423691071541,0.8344490217267589,0.8359962097705775,0.8344490217267589,0.9540467932489218,0.9571226993929165,0.9539611323867849,0.9547108188066792,0.9539611323867849,0.6341060299500674,0.5848261321872806,0.6731105995869567,0.7469893252719689,0.6585969850692244,0.6817569260395717,0.6824547348726587,0.6817569260395717,-0.1443670444904017,0.918157502721705,0.9398772693027506,0.9323886357376492,0.956818147406,-0.29004018532296,0.91459762566555,0.9147635099478608,0.91459762566555,0.9212363178111722,0.9212363178111722,-0.18075587086493686,0.5924837993584994,-0.364477386424772,-0.7764606978857943,-0.4579515201238568,-0.4617620359219063,-0.3769370402594369,0.2695434264145361,-0.25957121243508635,-0.4890114349220483,-0.7275448469653342,-0.3510407264314412,-0.4760285172111415,-0.4129504780998057,0.1318566178109082,0.12909894854510823,-0.4859703419742745,-0.4513771895385511,-0.48005384361618014,-0.511511984009739,-0.5036421803101575,-0.48249790789743313,-0.48580138367861303,-0.48249790789743313,-0.36226258560059327,-0.5317162834436668,-0.5317162834436668,-0.5003488139629347,-0.5003488139629347,0.4027088135742669,0.3678342866941181,0.4959606780645478,0.5999691425896632,0.5249645370547757,-0.43782451488778423,0.37116906852414444,0.31467699444849606,0.3148191628647492,0.31467699444849606,0.16587967515541388],[0.6741292047034052,0.980739113129733,1.0,0.6709998590614994,0.6055397713920458,0.6741292047034052,0.6548434664532303,0.6470544519005332,0.6470544519005332,0.5998689047270308,0.5635892219907699,0.9951807555740596,0.654864199586405,0.6490762176403914,0.6550314112200657,0.4186651077073962,0.3914422717500595,-0.20574309776005714,0.617426208666393,0.6167637223427195,0.5840669873041836,0.6539771734122495,0.18415043951853793,0.7929838726677102,0.6340923260667712,0.6340923260667712,0.6338628959047796,0.9881092538662812,0.29820286026001397,0.11925081162187282,0.6129948595353127,0.6126112038554933,0.6659181307792559,-0.02405321470299725,0.650706915296929,0.5937638210794643,0.6174727121161232,0.29956482408782836,0.9934040187624354,0.5893802046451337,0.4055074599080383,-0.21481061688426983,0.6676381680086851,0.6487527057686122,0.6676381680086851,0.8934050023739938,0.40698795131029003,0.9314098187318863,0.9099600477663837,0.7338061930646204,0.22079015906704516,-0.06662438807966532,0.05178469976597983,0.5387431373271842,-0.08472059939776068,0.5962693934679945,0.5650484725547521,0.5859601447479422,0.5500402664421937,0.005479126116482121,0.799500098075865,0.7336287504867899,0.648410236010441,0.7393653435342775,0.7644023517642193,0.7393653435342775,0.5396335888097363,0.648817994326263,0.7022973794033116,0.648817994326263,0.7038693747018526,0.6800527848324445,0.7306535186741656,0.7745507055452143,0.7306535186741656,0.42281479706185376,-0.08582274497027718,0.43909702376753695,0.09801054089987193,0.4205663357695349,0.26467954542072936,0.4969777034147911,0.26467954542072936,-0.14748811437850648,0.6219358374531334,0.8841450605857372,0.690979940472424,0.775635051885561,-0.062447575484453795,0.6602643528138054,0.6599404864333523,0.6602643528138054,0.7230956060257426,0.7230956060257426,-0.1979791441801611,0.703009505223518,-0.18375267583837535,-0.6966675523323567,-0.43837132417137664,-0.44221390364428126,-0.42456678559004296,0.09879484579020636,0.020322935613687924,-0.3350454531672649,-0.6765968745918421,-0.1710498896419363,-0.31978362252719394,-0.2722882083924829,0.04184277760495187,0.04033036551256517,-0.4887213533286885,-0.06504853374592239,-0.2597180793175658,-0.5104539714767039,-0.20518854496412042,-0.40527941039487664,-0.28708935186104206,-0.40527941039487664,-0.4185297921903617,-0.5404367444360623,-0.5404367444360623,-0.30633387273926205,-0.30633387273926205,0.34939337277988713,0.19705877626213872,0.28619316716028964,0.5216021866965513,0.28716276572296834,-0.38273045321913646,-0.01206950085350462,0.4578006159462751,0.5586061214117367,0.4578006159462751,-0.013325303904687178],[0.999737379953442,0.99948333364533,0.6709998590614994,1.0,0.9989403309146534,0.9997373799534419,0.9937948304384274,0.990803269702452,0.990803269702452,0.9945914237175523,0.9753704985624142,0.9902198025558194,0.9938204394720939,0.994488173803071,0.9938462801239561,0.7770200376064582,0.705441460192808,0.2714278125522369,0.9944834333864985,0.9944792320423794,0.9856829784649164,0.993804378353722,0.39399537892303327,0.7515949933216309,0.9847985132110606,0.9847985132110606,0.9847787663448511,0.981264745439272,0.3142420763711228,-0.1346753289829133,0.9889446157917726,0.9889141012842826,0.2621084622829051,-0.20264257425304122,0.9952701561375872,0.9959756481171167,0.8190513276239809,-0.3610598969312761,0.9928925710424531,0.996176767188358,0.7601794118027132,0.25180806598226946,0.9933320598892741,0.9953106031659973,0.9933320598892741,0.8942531156975991,0.6420288175682087,0.919085488620611,0.9175679266903234,0.8173918933823053,0.3730599151624363,-0.18115647889295464,0.20724576785511198,0.9438254915494546,0.36702915842383527,0.9708454572675967,0.9683883866884653,0.978637391742346,0.9895840415885856,0.9141523505161867,0.9350299307934403,0.9351099859203313,0.9290682000929231,0.9288987940009342,0.9297422990856226,0.9288987940009342,0.8810200537627539,0.9132654841912206,0.9142279165158439,0.9132654841912206,0.9226194231478317,0.7419529429783871,0.8644639114826312,0.865713214058938,0.8644639114826312,0.7019044868292542,0.15541384837809133,0.6870971006972042,-0.549376676598794,0.5970486116985811,0.3573504052523598,0.593118367409796,0.3573504052523598,-0.09811415732505449,0.9092389416283978,0.9382882421626392,0.9226959246301104,0.9136744159559866,0.2635631624745143,0.9049070999557928,0.9056997938750397,0.9049070999557928,0.8962092384221969,0.8962092384221969,-0.0991072688601807,0.6102263786372636,0.1632827769274395,-0.6909966078144824,-0.5946254938174901,-0.5983429473185403,-0.14065412292357354,0.1219585136896405,0.20090536344333174,-0.0010949109674880707,-0.5612264065216035,-0.022209388884883902,-0.8019159985178534,-0.29209352427884255,0.15205645810048765,0.15368176737805406,-0.5766257758523395,-0.5740967410176163,-0.27519001949755545,-0.5221692163875515,-0.8168441562649431,-0.4045150626755044,-0.39737244735274596,-0.4045150626755044,-0.2281095284560954,-0.34654695689717774,-0.34654695689717774,-0.8029246314199662,-0.8029246314199662,0.395339709577469,0.6196551171639793,0.8454825354926735,0.8324662085229007,0.7496485502723682,-0.34103073266881573,0.7386183504160992,0.7701785663190275,0.7703305955486309,0.7701785663190275,-0.1763011361705853],[0.998066642750792,0.9958670411525722,0.6055397713920458,0.9989403309146534,1.0,0.998066642750792,0.9972381128214134,0.9958349025812158,0.9958349025812158,0.9974435037357677,0.9684739886047109,0.9964126341653968,0.997255720699117,0.99733066632284,0.9972803269061943,0.6858556454620524,0.5894553206818373,0.065428666345985,0.997679903289215,0.9976807326516365,0.9878092487236613,0.9972437930968946,0.039154831482707673,0.7345395983744265,0.9925519310516786,0.9925519310516786,0.9925132161274105,0.9902593240913389,0.09026687135751509,-0.11776319114556741,0.9875019535437087,0.98743275728981,-0.030393834088482143,-0.10442438199502445,0.9977697518964355,0.9976976196783431,0.811610620182044,-0.47978669895797954,0.9976023125268669,0.9980273779078773,0.6573123639571945,0.0412587053100223,0.9977136696459747,0.9977189696893668,0.9977136696459747,0.9077491502837798,0.6074185181749683,0.9304749152269121,0.9185738732273753,0.7945214779971743,-0.07781065330494077,-0.5855420545499829,-0.17659596349450002,0.9337711555153291,0.22152763450827587,0.9673395036326637,0.9673653134955896,0.981341035401383,0.9901653377180691,0.9131448296638034,0.9180811545170112,0.925651750861611,0.9173181743400423,0.9239941459568638,0.9243615516352646,0.9239941459568638,0.8583102898010694,0.8733592341846687,0.874440765391126,0.8733592341846687,0.9121861715553504,0.8307821974353706,0.8937865371738204,0.8945247315185632,0.8937865371738204,0.6645535953560424,0.5555840434491413,0.6547709031724573,-0.5620924296548088,0.6468970900617199,0.6277316147136002,0.6269450518440134,0.6277316147136002,-0.11095721402983728,0.8929902075297356,0.9164647462574506,0.902184315721175,0.9208168074954506,0.10947079679439255,0.8921611202645461,0.8930967025087077,0.8921611202645461,0.8977260437706033,0.8977260437706033,-0.1370669712883026,0.6562136199937026,0.018210146750515677,-0.7190492869143614,-0.6402729768202623,-0.6411953322629969,-0.17069566348549858,0.14523790651982985,-0.18648687172783715,-0.2457406794241548,-0.6284987452147401,-0.37762473573960564,-0.8455106246249724,-0.5637167268613328,0.12273172024233554,0.12420676626168428,-0.60146318847741,-0.5687119118449872,-0.545783349510618,-0.5590677296921385,-0.7735030237213266,-0.5964607125346866,-0.5994433506913767,-0.5964607125346866,-0.26494101049732144,-0.3784793266308805,-0.3784793266308805,-0.7425118206541285,-0.7425118206541285,0.383753062086528,0.6032403410167195,0.8014664905245307,0.7920112344561976,0.7411733802325069,-0.46513476764751593,0.604952726353559,0.6644584033979394,0.6645592474806316,0.6644584033979394,0.05043703153130202],[1.0,0.999989196495093,0.6741292047034052,0.9997373799534419,0.998066642750792,1.0,0.9925806586486057,0.9891498910684314,0.9891498910684314,0.9931615642659289,0.9771683412188037,0.9870064859414611,0.992616141942498,0.9930019422310157,0.9926648290205852,0.7777774999611377,0.706586916525939,0.28594476232437266,0.9934492093213094,0.9934424167639054,0.9855866219890732,0.9926071189460342,0.40247895821654023,0.7473684299710827,0.9823393936581253,0.9823393936581253,0.9823202331184627,0.9752479399881571,0.31838208277401187,-0.12864938306398682,0.9896198190623874,0.9895813322558904,0.2698894529131753,-0.20241152487675249,0.9947652775660671,0.9952694003342705,0.8516110596310166,-0.3567127213077347,0.990578829197996,0.995254256550413,0.761615848155286,0.2666092559285215,0.994897252507651,0.9948923054658133,0.994897252507651,0.8964827519813178,0.6539872421028866,0.9155985796070107,0.9204706281645354,0.833769879387871,0.3778530713086024,-0.17635378463192827,0.21245981064722264,0.9490531295860366,0.3825390538241915,0.9752043254412206,0.971198577167098,0.9807405149444088,0.9897056599334241,0.9326186322141666,0.9404744540162153,0.9463232116364899,0.932354016862066,0.943571316613744,0.9442059022779802,0.943571316613744,0.8878286260662287,0.9238580886522315,0.9247442726726723,0.9238580886522315,0.9254393732722687,0.794580461694182,0.898499928870229,0.8997382961642248,0.898499928870229,0.7088476423679454,0.39133998133671466,0.695551730931391,-0.5448168958570193,0.6011674666853742,0.6207914728481321,0.6211564011310051,0.6207914728481321,-0.09215498726907836,0.913575215122979,0.9443146830697837,0.9290580421019768,0.9340063547037961,0.2774241583602302,0.9085678104049698,0.9092366266895643,0.9085678104049698,0.912940278825637,0.912940278825637,-0.0946614240322096,0.591400937291402,0.15845290424529265,-0.6818035626428244,-0.5882251501025093,-0.592024626319711,-0.12922950201226324,0.12620909057020768,0.20737402448669873,0.011468322039976444,-0.5500464075070631,-0.0163808789886063,-0.7966958549340205,-0.2848468332832465,0.16142352808476954,0.16299322480566983,-0.5704602295452583,-0.5775078581629819,-0.2744931567570331,-0.5125197787003255,-0.8156536006881052,-0.40358587152378006,-0.39588845221631935,-0.40358587152378006,-0.2202825903654022,-0.33770422896209584,-0.33770422896209584,-0.803596982119964,-0.803596982119964,0.4043527646566233,0.6305911412322863,0.8532840246111081,0.8400241125664665,0.7566569654846145,-0.32888811792708883,0.7474804014449021,0.778930107822259,0.7790847354631284,0.778930107822259,-0.190963148381271],[0.9925806586486057,0.9847308767767305,0.6548434664532303,0.9937948304384274,0.9972381128214134,0.9925806586486057,1.0,0.9975960984027978,0.9975960984027978,0.9999719537917621,0.9628548037971698,0.999693930284715,0.9999967192385905,0.9999874135019303,0.9999936327721489,0.8523552217304776,0.8394528290228987,0.23829681929903668,0.9998666428851306,0.9998669667874888,0.9902437626491707,0.999996909484525,0.31408386890104834,0.7476825180365844,0.9862699327351447,0.9862699327351447,0.9873803977431742,0.9917926501350104,0.24648949108330237,-0.18613869482700698,0.9916989249601517,0.9916893924794934,0.17222502138478027,-0.2469161659322729,0.9993648484396486,0.9994810324995618,0.4503535896552589,-0.30412514757443193,0.9990993619202533,0.9994476322582925,0.8336659497187536,0.2173678533216652,0.9448438630533622,0.999123232804536,0.9448438630533622,0.9166655872212871,0.615435637283847,0.9412716103613341,0.9206962707710745,0.7610975453006477,0.4131170287270255,-0.1194572577233474,-0.18860662898816918,0.932262530708146,0.3368186544905294,0.9686735475311395,0.9646479621583083,0.9796751854998006,0.9956442811172624,-0.01727577248352709,0.8804366246881878,0.8426634853508647,0.8855233166197485,0.8375072640590919,0.8022212917426909,0.8375072640590919,0.8227845457571382,0.8073533551394482,0.7966229889295687,0.8073533551394482,0.87927318356034,0.4137153722536192,0.612067530494337,0.6692093605496112,0.612067530494337,0.6334939219195753,-0.3369951137853088,0.6079549582926224,-0.6147519414626814,0.5295409311173646,-0.07947428540228875,0.46264643371967445,-0.07947428540228875,-0.13904092879053,0.857953121027878,0.8797836095678114,0.8656631166009532,0.7778774355958528,0.22930618260431276,0.8569077262998568,0.8580851243319109,0.8569077262998568,0.7802600552720602,0.7802600552720602,-0.17274986656486455,0.6975811780453608,0.2326514809808571,-0.6960205359083915,-0.6338059556371587,-0.6370885211633381,-0.18108996720618847,0.07328638206475145,0.3198553937232977,-0.02879146446528954,-0.5722468775315198,0.04180049459973431,-0.8284883850225434,-0.18918868045505868,0.08896345246250696,0.0905915747967716,-0.6179151364015248,-0.5861279604756567,-0.11046408992543308,-0.5930888250299793,-0.8320228917514408,-0.39595071582727415,-0.230661351161872,-0.39595071582727415,-0.2953731636455407,-0.38619832388131226,-0.38619832388131226,-0.8240162497587196,-0.8240162497587196,0.38368022149744446,0.5883969354184565,0.5100236888675885,0.8033706959736037,0.7377519484163665,-0.3887186454518153,0.0704149650519934,0.746513116652814,0.7654721950351755,0.746513116652814,-0.11211923580453231],[0.9891498910684314,0.9791806524338409,0.6470544519005332,0.990803269702452,0.9958349025812158,0.9891498910684314,0.9975960984027978,1.0,1.0,0.9995843885324445,0.9565645291185889,0.9988080341425533,0.9983248816843725,0.9994314744899782,0.999187274451483,0.8495449326389337,0.8278675249977326,0.21681331259103892,0.9992231412853226,0.999225277335474,0.987731211492439,0.999316962610229,0.2891148759478735,0.749265173155352,0.9930659390877057,0.9930659390877057,0.9856020279457012,0.9893010506854902,0.22925309374136116,-0.19910386581549244,0.9880639172878292,0.9914914658232465,0.15394015618055387,-0.25267987117877805,0.9983708770919117,0.9983660130385934,0.43366784728611674,-0.3103223045037938,0.9973448183694139,0.9983195858656864,0.8310529862192686,0.19550960174687562,0.9378676159830861,0.9982009245258234,0.9378676159830861,0.9144533660521652,0.6008411470882283,0.9417134126783244,0.9186468678551557,0.7414946970473612,0.4005690330484953,-0.1339067063432324,-0.20055374118419858,0.9242866235078792,0.31684302968706285,0.9642038079782764,0.9597726364322381,0.9748703785971446,0.99464304067052,-0.026297557837291725,0.8712007957164468,0.828821234868844,0.8785730757829664,0.8247390193711294,0.7911286386149912,0.8247390193711294,0.8123490121302446,0.7908852009648896,0.7843592754705571,0.7908852009648896,0.8725286200042517,0.39629737412451954,0.5940138537083062,0.654367018509198,0.5940138537083062,0.6226900799072145,-0.350698186414808,0.595559394564824,-0.6213647937973078,0.5231575787721161,-0.10013958947641119,0.4480398461725725,-0.10013958947641119,-0.14513481457211652,0.8498831871512487,0.8684224402025587,0.8554991996646957,0.7644581768154541,0.21183749653299036,0.8494104890480414,0.8507536018107639,0.8494104890480414,0.7651881711880258,0.7651881711880258,-0.18670896175559326,0.719192823478046,0.23921502370560518,-0.704965482335061,-0.6456241109816656,-0.648732419700898,-0.19518378875335315,0.06626688763639778,0.31284449598519376,-0.047502766200300486,-0.5842316661907494,0.03259469148453327,-0.8337602105100169,-0.19563503935039303,0.07453537573255202,0.07619031898653993,-0.6286910790708842,-0.5869253301246589,-0.11720444496074658,-0.6084731430458743,-0.8312232695700492,-0.40691056191644653,-0.23675067584366194,-0.40691056191644653,-0.3116587648560448,-0.3990081274383955,-0.3990081274383955,-0.8216978877806486,-0.8216978877806486,0.3661343132305944,0.5724128113379372,0.4920861733938367,0.7861882737466688,0.7257410793490966,-0.4091514065962517,0.05702203586499817,0.7279639599528142,0.7501013943289909,0.7279639599528142,-0.09533207026189333],[0.9891498910684314,0.9791806524338409,0.6470544519005332,0.990803269702452,0.9958349025812158,0.9891498910684314,0.9975960984027978,1.0,1.0,0.9995843885324445,0.9565645291185889,0.9988080341425533,0.9983248816843725,0.9994314744899782,0.999187274451483,0.8495449326389337,0.8278675249977326,0.21681331259103892,0.9992231412853226,0.999225277335474,0.987731211492439,0.999316962610229,0.2891148759478735,0.749265173155352,0.9930659390877057,0.9930659390877057,0.9856020279457012,0.9893010506854902,0.22925309374136116,-0.19910386581549244,0.9880639172878292,0.9914914658232465,0.15394015618055387,-0.25267987117877805,0.9983708770919117,0.9983660130385934,0.43366784728611674,-0.3103223045037938,0.9973448183694139,0.9983195858656864,0.8310529862192686,0.19550960174687562,0.9378676159830861,0.9982009245258234,0.9378676159830861,0.9144533660521652,0.6008411470882283,0.9417134126783244,0.9186468678551557,0.7414946970473612,0.4005690330484953,-0.1339067063432324,-0.20055374118419858,0.9242866235078792,0.31684302968706285,0.9642038079782764,0.9597726364322381,0.9748703785971446,0.99464304067052,-0.026297557837291725,0.8712007957164468,0.828821234868844,0.8785730757829664,0.8247390193711294,0.7911286386149912,0.8247390193711294,0.8123490121302446,0.7908852009648896,0.7843592754705571,0.7908852009648896,0.8725286200042517,0.39629737412451954,0.5940138537083062,0.654367018509198,0.5940138537083062,0.6226900799072145,-0.350698186414808,0.595559394564824,-0.6213647937973078,0.5231575787721161,-0.10013958947641119,0.4480398461725725,-0.10013958947641119,-0.14513481457211652,0.8498831871512487,0.8684224402025587,0.8554991996646957,0.7644581768154541,0.21183749653299036,0.8494104890480414,0.8507536018107639,0.8494104890480414,0.7651881711880258,0.7651881711880258,-0.18670896175559326,0.719192823478046,0.23921502370560518,-0.704965482335061,-0.6456241109816656,-0.648732419700898,-0.19518378875335315,0.06626688763639778,0.31284449598519376,-0.047502766200300486,-0.5842316661907494,0.03259469148453327,-0.8337602105100169,-0.19563503935039303,0.07453537573255202,0.07619031898653993,-0.6286910790708842,-0.5869253301246589,-0.11720444496074658,-0.6084731430458743,-0.8312232695700492,-0.40691056191644653,-0.23675067584366194,-0.40691056191644653,-0.3116587648560448,-0.3990081274383955,-0.3990081274383955,-0.8216978877806486,-0.8216978877806486,0.3661343132305944,0.5724128113379372,0.4920861733938367,0.7861882737466688,0.7257410793490966,-0.4091514065962517,0.05702203586499817,0.7279639599528142,0.7501013943289909,0.7279639599528142,-0.09533207026189333],[0.9931615642659289,0.9846072646308592,0.5998689047270308,0.9945914237175523,0.9974435037357677,0.9931615642659289,0.9999719537917621,0.9995843885324445,0.9995843885324445,1.0,0.961875651014308,0.9996608340587357,0.9999730648104388,0.9999722113414107,0.9999764206326687,0.7261799538196864,0.6334711859356311,0.12000636805064159,0.9998240982704365,0.9998248975014138,0.9901467974300263,0.9999703566182679,0.09216779487353402,0.7250356416471362,0.9954190450670074,0.9954190450670074,0.9953771106732888,0.9916764055443349,0.07663832178214866,-0.1275524042486642,0.9909333388250539,0.9908926007506089,-0.010822537239045284,-0.20696275404121897,0.9994165787657148,0.9993757689420827,0.8162071228979538,-0.4779960330088374,0.9990390080844896,0.9994226352188318,0.6990708960370124,0.09614860006101747,0.9992850314299179,0.9992902462027577,0.9992850314299179,0.9163449785294344,0.6159175211302743,0.9409957960009413,0.9202419490440067,0.7606060731756942,0.021396792351244767,-0.5392967759121319,-0.13377989937754872,0.928488836849011,0.28241410559016966,0.9651528189832634,0.9646681409828849,0.981741160155602,0.994928174607857,0.8884612125473447,0.8812800847825664,0.9020769422555672,0.8865566008831142,0.9003999411796022,0.9009509756257301,0.9003999411796022,0.8224636643712878,0.8551909796572567,0.8565418215419865,0.8551909796572567,0.8806685349593107,0.7955549474911255,0.8665317726997326,0.8676250537564311,0.8665317726997326,0.6333243812597008,0.48688678310673,0.6073975276332156,-0.6182424687752017,0.5822165439750413,0.5513497582737223,0.5510693281627794,0.5513497582737223,-0.0941381679676103,0.8587572526577743,0.8797701664585308,0.8661433057185088,0.8967997305110476,0.14492902695700483,0.8621536366631867,0.8638783647714834,0.8621536366631867,0.8678582543418327,0.8678582543418327,-0.1743752200949989,0.6987850392474328,0.04556290460187427,-0.707750557089522,-0.6676934128226846,-0.6689743498444641,-0.18455766104123233,0.07659434133730432,-0.19131026492637476,-0.21216678304309144,-0.6112576960025441,-0.4046292619249767,-0.864741274001369,-0.5979664263945957,0.08824856256310294,0.09005753553227774,-0.619406148180845,-0.5822418581081857,-0.5561229714391581,-0.5946571669100562,-0.7989079230289056,-0.6198588283827742,-0.6221895193667021,-0.6198588283827742,-0.29726287444163835,-0.38939222048234257,-0.38939222048234257,-0.7791334100987124,-0.7791334100987124,0.38272322491911265,0.5865183401887325,0.8122755555958604,0.8035073685849476,0.7356999415573201,-0.4156040641637926,0.6372677695248685,0.6895723372443613,0.6897435806699983,0.6895723372443613,0.12413942331985575],[0.9771683412188037,0.9721100809251938,0.5635892219907699,0.9753704985624142,0.9684739886047109,0.9771683412188037,0.9628548037971698,0.9565645291185889,0.9565645291185889,0.961875651014308,1.0,0.9483305594914685,0.9628745351921216,0.9628993882051768,0.9626086768811184,0.5194371020904526,0.4167995050669726,-0.10559320260543494,0.9670221731977651,0.96700195136538,0.9629826065325481,0.9629748202832125,0.009194559575314306,0.7636460493978061,0.9643710970984639,0.9643710970984639,0.9645369080119446,0.9004479854027347,0.1734030026562535,-0.11341212470518358,0.9694285089140074,0.9695278638364802,0.14005229382358172,0.04121754477649195,0.9704218043050284,0.9706541656545118,0.8895707433338497,-0.36575302619026284,0.9561527547359275,0.9696610611206086,0.48650906732585875,-0.12614009303288753,0.9714670570709873,0.9714368221571177,0.9714670570709873,0.8256216030272341,0.4182889422519721,0.841748716494101,0.9047684416632265,0.8633290271472961,-0.5001559864815492,-0.6748877225747829,-0.2192009982376329,0.8950195933547026,-0.023429148369653426,0.9228027152744923,0.9228632818314189,0.9404491530519995,0.9677756389885974,0.890396850416319,0.8918257209182601,0.9059921388127451,0.8933405275444073,0.8992997170046141,0.8998247541422815,0.8992997170046141,0.850203329868263,0.8305508510946429,0.8320287862578463,0.8305508510946429,0.8886174586035196,0.9024015402384601,0.8866256315125555,0.8871434131001275,0.8866256315125555,0.7134034350349283,0.6482578655935045,0.7143020761842024,-0.2908373876816545,0.7302083900945894,0.7452376610045159,0.7473617009072596,0.7452376610045159,-0.25163517168343535,0.8900281458464973,0.9394123229809151,0.9036691523107051,0.9023462091060876,-0.008937095895018616,0.884074442893956,0.884925428261106,0.884074442893956,0.8917226372932037,0.8917226372932037,0.04188420340248152,0.4118315145293566,-0.12463526933492865,-0.6460112783534671,-0.4342223782505946,-0.4366464229996754,-0.05115098955352697,0.4228434396905845,0.02370476234475688,-0.17412299735513637,-0.5327217230974747,-0.09427663526663431,-0.7937042414823874,-0.25813813172159583,0.29436957472728464,0.29438478016595615,-0.40573856079779996,-0.4318038418629281,-0.3701655448675382,-0.38073359131940754,-0.6609283220513871,-0.3899041337264086,-0.3922376187956934,-0.3899041337264086,-0.11905648700645335,-0.43006440165744797,-0.43006440165744797,-0.5396532034552126,-0.5396532034552126,0.5252881482049923,0.6478069268069604,0.7506055686297766,0.69218237207077,0.8117690170121536,-0.5040052548420043,0.40112260409913614,0.5343483945644026,0.5346570224203893,0.5343483945644026,-0.15719734049663733],[0.9870064859414611,0.9858111524223634,0.9951807555740596,0.9902198025558194,0.9964126341653968,0.9870064859414611,0.999693930284715,0.9988080341425533,0.9988080341425533,0.9996608340587357,0.9483305594914685,1.0,0.9996940083944995,0.999690335010565,0.9996636490818689,0.27797285326300913,0.1772687733319725,-0.5106312932740433,0.9998078682940706,0.9998098344030674,0.9996982981659895,0.9996975274819402,-0.25111616160318173,0.972894482959522,0.9948548162869003,0.9948548162869003,0.9948359981720313,0.9936307168976891,0.09038204649038738,0.08048961812122163,0.991932314275254,0.9919796035624266,0.8483543284290059,0.014754009564104902,0.9990783212943976,0.9990360517591678,0.9989163119191335,0.9994074700886421,0.9994471526910619,0.9991167487331821,0.2243634793689292,-0.5186820208901746,0.9988664924195682,0.9988736870432584,0.9988664924195682,0.9108519494530709,0.4564340852110604,0.9369218208942469,0.9170182651434112,0.7609146327269621,-0.4096807876606268,-0.6013358311971673,0.8211447843658426,0.8495362835900727,-0.341012932826502,0.934291575721463,0.9344949272722662,0.9702242972462813,0.9937538988671324,0.9008471042765889,0.9069515160584753,0.8842415205542633,0.8874687288051475,0.8894736834189498,0.8899975737578463,0.8894736834189498,0.7785338897096679,0.7468246270110658,0.7487188043313645,0.7468246270110658,0.9078335861012851,0.9135828420139294,0.9066135680785238,0.9075599465938115,0.9066135680785238,0.5288601299827304,0.47014200868969397,0.5666801277499841,0.6570875590604366,0.5597485845396102,0.5885173905748867,0.5903859328344432,0.5885173905748867,-0.32107646468380446,0.8500685545280445,0.8823065074391723,0.8702493791869523,0.9075505379266215,-0.31748384118039724,0.8454966725348506,0.8457322189236604,0.8454966725348506,0.8545226557618107,0.8545226557618107,-0.22635414333460005,0.6920186513375194,-0.38659630347001905,-0.7956361134907017,-0.5322345078304539,-0.5350868921868149,-0.4212379207022461,0.2212715603470713,-0.30059168090312144,-0.5236285648516694,-0.7526972177468353,-0.39701607146955387,-0.592512653871655,-0.4694002553816204,0.08016682473165047,0.07792836612349119,-0.555701514212637,-0.5269749292877536,-0.5481289735157243,-0.5839502538416746,-0.577469889016919,-0.5516295531672389,-0.5547374571564602,-0.5516295531672389,-0.4324611459362049,-0.6231577163134056,-0.6231577163134056,-0.6163452600163283,-0.6163452600163283,0.3789201897646755,0.33699968586715295,0.47148709531989075,0.5726011841843325,0.5242026732872227,-0.5726146903749605,0.309600600284207,0.2853247755852524,0.28552013230498174,0.2853247755852524,0.24659409402486418],[0.992616141942498,0.9847691840915038,0.654864199586405,0.9938204394720939,0.997255720699117,0.992616141942498,0.9999967192385905,0.9983248816843725,0.9983248816843725,0.9999730648104388,0.9628745351921216,0.9996940083944995,1.0,0.9999908785208138,0.9999952653932254,0.8523373654524831,0.8288841913847801,0.2383433440372337,0.9998678844967315,0.9998681685913942,0.9902760571841052,0.9999974761542938,0.31437672831878655,0.7477400673200442,0.9912586356536706,0.9912586356536706,0.9873720095650369,0.9917801525539472,0.2467318614614469,-0.18609058956156316,0.9917385437573285,0.9916981824229982,0.17244248298323622,-0.24688546578084813,0.999366413667349,0.9994838834770093,0.4503318806595871,-0.30392278214079055,0.9991015339113422,0.9994547885306369,0.833637049477956,0.2174204164961953,0.9448306910187365,0.9991252554797291,0.9448306910187365,0.9166832724317348,0.615568010401128,0.9414142991236535,0.9208356660624393,0.761198163249207,0.4134798884208687,-0.11903956805473208,-0.18825951596564458,0.9323261545069642,0.33687724414510406,0.9687551476375078,0.9646986885189719,0.9797542252266553,0.9956572334114874,-0.017094240561975567,0.8805665586002955,0.842750432440529,0.8856320906617478,0.8375926686720748,0.8021708387757677,0.8375926686720748,0.822877380397782,0.8074053796228391,0.7965681087680415,0.8074053796228391,0.879409810939116,0.4136047963069353,0.6120733314629853,0.6691316426677265,0.6120733314629853,0.6334626950890112,-0.3370124444908642,0.6079428874396817,-0.6146514140843575,0.5294602050396837,-0.07959453511174801,0.4626801466127343,-0.07959453511174801,-0.1391811703943434,0.858029064810251,0.8798994150903685,0.8657527824651237,0.7778724634592414,0.22935590379776843,0.8569877180308059,0.8581603057578121,0.8569877180308059,0.7803234595761952,0.7803234595761952,-0.17269104056008946,0.6976136432754392,0.23276172562120662,-0.6960600926298238,-0.6337253647333849,-0.6370128149918224,-0.18117005068037548,0.07317455952488455,0.3200134125634064,-0.028783750114706658,-0.5723076766787717,0.0420422899583381,-0.8282453880845003,-0.18891840302590895,0.08903397893710858,0.09067581658472854,-0.6178983832990355,-0.5859330548888069,-0.11023587253883357,-0.5930535739305496,-0.8319215007802633,-0.3957440383833873,-0.2304729550191498,-0.3957440383833873,-0.29521695959446104,-0.38616731351133027,-0.38616731351133027,-0.823964244927301,-0.823964244927301,0.38412494753056037,0.588508767992944,0.5102531724360772,0.8036053828422629,0.7378027163981357,-0.3885263752056069,0.07068120965880198,0.7467457231164953,0.7655775718274874,0.7467457231164953,-0.1121466264297775],[0.9930019422310157,0.9847178384814866,0.6490762176403914,0.994488173803071,0.99733066632284,0.9930019422310157,0.9999874135019303,0.9994314744899782,0.9994314744899782,0.9999722113414107,0.9628993882051768,0.999690335010565,0.9999908785208138,1.0,0.9999883304399996,0.7849731496405633,0.7085720969699582,0.24013258709103805,0.9998904472815131,0.9998910950871404,0.990266636875455,0.9999883166238777,0.31538627439323585,0.7440973138682133,0.9941740965964871,0.9941740965964871,0.9941400626319408,0.9917226433860223,0.2411071613211961,-0.18644114734232253,0.9920995746911367,0.9921040698883582,0.195248656162613,-0.24627466691318634,0.9995378987954443,0.999483593123387,0.8525880757375125,-0.3931799628514733,0.99909780981433,0.9994587943740354,0.76463319207674,0.21924186806016044,0.9994337917610939,0.9994383656963466,0.9994337917610939,0.9165367592681306,0.6156765125114019,0.9412184964827341,0.9205996021319284,0.7608367774441199,0.2942274427756226,-0.28848061808014464,0.11231503354107232,0.9322100954901106,0.33742497417717476,0.9659177657220498,0.9647187493577803,0.978357230790919,0.9958850206059108,0.8953798276786825,0.8798795988801308,0.9072111300794422,0.8856098905314701,0.9060845299070144,0.9068655640825238,0.9060845299070144,0.8221649220185738,0.8747003276044288,0.8760373408179004,0.8747003276044288,0.8792725196809574,0.7788807669894692,0.871504433506339,0.8729845427917547,0.871504433506339,0.6330390799764036,0.4859784916353696,0.6067449766823372,-0.6165232802957316,0.5282122875560996,0.5310026125014232,0.5318599357771678,0.5310026125014232,-0.14107520621385325,0.8579221733283499,0.8795745439912703,0.8652933142329376,0.9019896128770861,0.23146096053423879,0.856952164735001,0.8583419596013327,0.856952164735001,0.8665743274335359,0.8665743274335359,-0.1730325597353752,0.6973347723956699,0.14473870944694006,-0.6950676530608612,-0.6333699170495969,-0.6364708424094808,-0.18115551604895677,0.07222259071082718,0.09442852129093371,-0.027350749599657637,-0.5709690229644879,-0.14583552708801065,-0.8390436041664766,-0.407470562044731,0.08858905644213041,0.09043578860874799,-0.6179400059930387,-0.5852078654278982,-0.4007952270985834,-0.5928193553691773,-0.8249667731161078,-0.5131940816940322,-0.5090629836254896,-0.5131940816940322,-0.2946571463485496,-0.3863186137275288,-0.3863186137275288,-0.8156448836357457,-0.8156448836357457,0.3821345181662887,0.5882941154365893,0.8202899271823949,0.807113416916871,0.7379839262700688,-0.38812327096613985,0.7006330022807084,0.7348145040957941,0.7349038178140318,0.7348145040957941,-0.07965490069200157],[0.9926648290205852,0.9846177994337527,0.6550314112200657,0.9938462801239561,0.9972803269061943,0.9926648290205852,0.9999936327721489,0.999187274451483,0.999187274451483,0.9999764206326687,0.9626086768811184,0.9996636490818689,0.9999952653932254,0.9999883304399996,1.0,0.8434639731668149,0.7844752286136715,0.2384771767058682,0.9998706515075679,0.9998708165202442,0.9904053982828263,0.9999952088563402,0.3150335431820828,0.7475860118679393,0.9943734723676463,0.9943734723676463,0.9942839125836908,0.991712189819945,0.24700713107331654,-0.18611707470617983,0.9926154704061156,0.9926570259791179,0.17317071576891832,-0.24672113480984764,0.9994112931910114,0.999483186695681,0.44938653627307906,-0.3031880281079732,0.999060486392358,0.9994571622432464,0.8313670664613649,0.21757575529053805,0.9444000138014561,0.9991752503341423,0.9444000138014561,0.9169230968949402,0.6162100176051172,0.9415649284001828,0.920968798116372,0.7609478813834355,0.41478700977734434,-0.11757180430560468,-0.18847943385486227,0.9326519741844325,0.33714141882704396,0.9691309235082395,0.9649898771029651,0.9800056137729654,0.9956972287907536,-0.01807239659927421,0.8808113367730689,0.8426609910120612,0.8858388199767426,0.8375347052151622,0.8017507674881591,0.8375347052151622,0.8230602048749718,0.8073399334670771,0.7969087857685078,0.8073399334670771,0.8796926391914112,0.41295778119062626,0.611602400853779,0.6691263368093671,0.611602400853779,0.6333347529874025,-0.33812397091618807,0.6078954351187397,-0.6148390888321423,0.5291278068722381,-0.0805427753818929,0.46234940229878013,-0.0805427753818929,-0.13914076225041663,0.8581484012733287,0.8796689788573886,0.8658796948774053,0.7705018781248354,0.22972583895562992,0.8570705548386626,0.8582339685302234,0.8570705548386626,0.7801379247212786,0.7801379247212786,-0.17400453224460535,0.6983878768680977,0.23324063879610704,-0.6960336129392168,-0.6340710822580797,-0.6373628455467192,-0.18220760402924266,0.07205524178672969,0.320334018556478,-0.029161262707532637,-0.5724908521716346,0.042143249560803,-0.8275010911679644,-0.18874847002829173,0.08812699034494136,0.08976772755772151,-0.6184605133850929,-0.5861367137818768,-0.10968047719456424,-0.594143139902703,-0.831945119052047,-0.39568174610960405,-0.22994142758262892,-0.39568174610960405,-0.2960677933296337,-0.38658723235458914,-0.38658723235458914,-0.8243059112645336,-0.8243059112645336,0.38431976603169365,0.5881847167656806,0.5097846072302692,0.8040295720679543,0.7372727852652554,-0.3881069918566557,0.0700591578232617,0.7471537196501165,0.7661831270744147,0.7471537196501165,-0.11187343800419153],[0.7777774999611377,0.17263283573988972,0.4186651077073962,0.7770200376064582,0.6858556454620524,0.7777774999611377,0.8523552217304776,0.8495449326389337,0.8495449326389337,0.7261799538196864,0.5194371020904526,0.27797285326300913,0.8523373654524831,0.7849731496405633,0.8434639731668149,1.0,0.993299449344268,0.4183238330563864,0.8247398628125847,0.8247113489156668,0.7576399754296232,0.8423687969681358,0.3316685577909347,0.4207825004933451,0.835590500415219,0.835590500415219,0.8218247823916839,-0.12262540668204944,0.19398403844235176,-0.1720318611772505,0.872713406631164,0.8701616165998934,0.15582086164779316,-0.23509137872676095,0.8485323296808875,0.7486721026547237,0.2747984716660473,-0.31832779214585205,0.2933670273272797,0.7188962139826729,0.9983789395751016,0.40080679967948063,0.7746893017812304,0.848255023201167,0.7746893017812304,0.2507723511919196,0.5480642750557121,-0.17042661859483113,-0.1906996742612642,0.12174822215690762,0.4004015254496008,-0.05969608529054117,-0.21048206354783494,0.7334123850578963,0.4018787176285786,0.8454530174668858,0.7370229310353614,0.8162765816641961,0.8334792779444313,-0.1014364555678626,0.2010698365456674,0.6058259425721593,0.48640272993274525,0.5961588809670116,0.6527898554505679,0.5961588809670