var element=document.getElementById("correlationAdjClose");if(element.style.display!='none'){var correlationAdjClose={"data":[{"type":"heatmap","z":[[1.0,0.9999936914301909,0.9854860924077385,0.9999274411182485,0.9991152155527191,0.985217529863513,0.9979087033873887,0.9961018486953283,0.9693250849959021,0.9964254889400509,0.9945747316010703,0.9941685391921372,0.9962191890871218,0.9962537344273468,0.9961471452043379,0.9976662221913684,0.9979139583494391,0.9984059131405271,0.9967368796825931,0.9967466030416753,0.9967990328858444,0.9961759676843183,0.9873320942374736,0.9713952875491054,0.9899575346443774,0.956660395202726,0.9889659037164585,0.9879830373665238,0.9680903999346259,0.952472565401378,0.9929195853152096,0.9941115471727974,0.9924404420623651,0.9773538474907052,0.9978119703069839,0.9980356010918101,0.9975782531181716,0.9962733318177666,0.9959193488793266,0.9979294032004739,0.9987834018361403,0.9988300695594834,0.997771912761276,0.9977799146891566,0.9767918558627531,0.9147886692926341,0.9497622797628563,0.9241643406411363,0.9254417579882251,0.9038164843351404,0.9633257500925507,0.9482742631864978,0.9650413963575016,0.9659624178042214,0.9556987939135377,0.9843939730370749,0.9815580365439526,0.9905216714728999,0.994475810688864,0.9868703205912278,0.9826840900007736,0.9883309215814886,0.9865281726693212,0.9888818534181635,0.9887023984773707,0.9645647972203127,0.974885594996077,0.9759934055230244,0.9756739368939366,0.953321522746708,0.9807601580424835,0.9779382162139607,0.985119022642017,0.9844102630501698,0.9428433000012045,0.8886491670225971,0.8557820385789748,0.904622463426138,0.9219329938604078,0.9192091173012455,0.9198499884537856,0.9185134985138059,0.6949317663978885,-0.5597084209284904,0.9810901037648282,0.9765409405825145,0.9732530155165214,0.9875810504165118,0.9750314860393696,0.9847819819149448,0.9847664746868655,0.9499422889050538,0.9849177685977497,0.9529187493863612,0.7712964453812113,0.9064092061211834,0.9285882940484366,0.8003309818176729,0.9509799154149169,0.9517629834091625,0.9001707066126253,0.9652653118464254,0.8959556121808671,0.6023127236893301,0.7218023262233408,0.9029094543670501,0.8707220188391153,0.8940314392287643,0.9741967310716334,0.9743713879350895,0.7829737639882006,0.7370390059391462,0.8251211733854189,0.4195909283867458,0.8029511471209823,0.8293858259254544,0.8245979726699594,0.8160875203555277,0.7798968590013361,0.7513995006191263,0.7342449336742095,-0.2735172166935838,-0.4128671652884944,0.6615150617747884,0.8921188483983074,0.9350955016359996,0.9426039478215766,0.9082673629266976,0.8260339996891023,0.9099844441989177,0.928519920457406,0.9283240305245604,0.8625502195456635,-0.1690289568300855],[0.9999936914301909,1.0,0.9879564744793309,0.9998312292757565,0.9982511395038723,0.9900428973231443,0.9946204762719315,0.9917002443323406,0.9847412969776183,0.9917176034877698,0.9917272853579929,0.9934798876852102,0.9918523006455747,0.991718243735104,0.9917801216799321,0.9940108192296706,0.996623222026804,0.9962613041873785,0.9942095129808826,0.9942004359476233,0.9917737159378662,0.9918078675334776,0.991716027642868,0.9735572370056828,0.9885794509609934,0.9818359784032596,0.9884728786474569,0.9879254392262898,0.9806463034146067,0.933236455702092,0.9890199014897447,0.9866060718007549,0.9801942247278903,0.9318309238227869,0.995698063365864,0.9955945721791793,0.9958261378369716,0.9922663614677729,0.9953182197682557,0.9958311271554934,0.9971230261950228,0.9972629946178271,0.995812514561085,0.9958081972887479,0.9896949663630675,0.9144996589632985,0.8880139088868763,0.9238517893730042,0.9253399597896895,0.9037926898813788,0.8781018324373057,0.9228504006583576,0.8808108599728973,0.9100132622331517,0.8776743143984778,0.954498892132436,0.9543870619761439,0.9682352393024767,0.9844857507051702,0.9820972421586766,0.9845014390695388,0.9801471216580552,0.9803431452007028,0.9819897512082557,0.9819216171699147,0.9507819284078243,0.9614853645887911,0.9384388340159393,0.9383602686670698,0.8696065393118332,0.9787280277452874,0.9803122880139983,0.9805004134469115,0.9801021589767301,0.9515899427197113,0.7608857521745022,0.7168268507257929,0.8267737502695419,0.8922734656952128,0.8437049364659039,0.8685158883665021,0.8672196508054572,0.7183051012315148,-0.2209965192852621,0.9697203941648086,0.9739917435618748,0.9695310055500799,0.9826940849319127,0.9674599304630053,0.9728573276143513,0.9722448298048473,0.9302783390534589,0.9747821806272078,0.9335852475084925,0.6855360886606298,0.9058200210425743,0.9036902027082847,0.4849080253890631,0.823637110868075,0.828410831191827,0.7378297104313317,0.9663547449333778,0.7105425680247834,-0.29000447379426875,0.21238638932562642,0.7378916978480583,0.686369255227876,0.7303589771405226,0.967891782304385,0.9678479902463191,0.12876087644129522,0.300465669937324,0.1351683024652841,0.1072376047009413,0.12887656042328122,0.14366346755440368,0.14044986839291781,0.06189776447068444,0.4954054815712371,0.22623073563692456,0.17542956738025015,-0.4410497562057779,-0.4854583525244021,0.6619218832013299,0.7499778625333609,0.774204528988367,0.8348752311473727,0.8188018275548354,0.5673704246693597,0.7511513679653569,0.7686799673821355,0.7669178879706364,0.4185338880912757,0.2066603844086965],[0.9854860924077385,0.9879564744793309,1.0,0.9869047472867489,0.9931140737469615,0.9915028879209506,0.9899537386597711,0.9905994999993678,0.9906449861527353,0.9933215964514758,0.9973246777117227,0.996465950486474,0.9904674692388354,0.9926997604866246,0.9906578357291709,0.9900779439799163,0.9908530120711745,0.9901947816216282,0.9893111228758448,0.9892793941276692,0.9921807307307526,0.9904822593036593,0.9946750094063609,0.983618881256344,0.9912554794464872,0.9805840645473248,0.991806555153563,0.986884528884341,0.9859551281762636,0.9584301534801394,0.9697953667643567,0.9739559554624528,0.9764480546382356,0.9530604782786607,0.9872412202300063,0.9903274884787928,0.9887047526284234,0.9922832582493232,0.9947601047124015,0.9911168561623492,0.985115529160823,0.9879059934958173,0.9875787310131182,0.9869486636857971,0.992019213532792,0.9097169483266145,0.9325944899362792,0.9378937452191817,0.9185322390685264,0.8581305982154342,0.9212210176430867,0.9031613214513565,0.9238390809472842,0.9268185548096454,0.9118953711173281,0.9494546027654387,0.9578740651396014,0.9666384624433715,0.9779012217670191,0.9389372533415079,0.9638062001395707,0.962373342146379,0.9693383361738039,0.962634583338134,0.9370641953764455,0.9208235488654406,0.9446375975777742,0.9345926456231438,0.9159459949642159,0.8919533311525412,0.9697571961396917,0.9479779000292353,0.9621952207550049,0.9411245391909862,0.8224712615091107,0.8439265594930365,0.7619137358509059,0.8626974493811284,0.8912334566413185,0.8925739951079944,0.8596070185843135,0.8739999415678557,0.39430022012156274,-0.5497735333185506,0.9594371691724957,0.9459911510227487,0.9456032550949907,0.9390035970664384,0.9538475040941009,0.9620454889815165,0.9616069625308417,0.9326277397367444,0.957205064052136,0.875345272840118,0.7537663004130781,0.9502637454808573,0.9496843781749237,0.7762937553080679,0.9373973202374868,0.9391261522264345,0.8724993002617605,0.9800978550791519,0.7761174944228512,0.5060423229549327,0.6640974376820448,0.7970653801566889,0.7969262763710104,0.7782415219199028,0.98259229226749,0.9826359661398849,0.7104530628434221,0.6815605756798082,0.7108356362258171,0.36442098044063936,0.7018962380700612,0.7134796643509556,0.7267540939762617,0.7119215841555029,0.740495654289551,0.6840931985010444,0.6657355149442371,-0.33677208289208554,-0.4757582652864356,0.6257119895624484,0.8521742113248078,0.8821210997024759,0.887357196282372,0.8792196729835935,0.7571589574044397,0.8591908974357013,0.8710598225773093,0.8785089144109671,0.7334759491774563,-0.09096275536969999],[0.9999274411182485,0.9998312292757565,0.9869047472867489,1.0,0.9993636196952701,0.9863821881640548,0.9981582753958043,0.9965363204052877,0.9716142626297416,0.996898941329436,0.9952787214569476,0.9950953060224079,0.9966354655789835,0.9967587950578395,0.9965810247084704,0.9979457852439196,0.9982541973433486,0.9986695798420511,0.9971171491857584,0.9971242473692701,0.9972011373511197,0.9965967773718227,0.9885524199575395,0.9728395805910048,0.9909370455242027,0.9593295684051552,0.9900538983669332,0.9894994600356068,0.9701294117252567,0.9537069203752109,0.9922343325732565,0.9936208592538321,0.9923651670430138,0.9769059072280105,0.9978997034506989,0.998233889779856,0.9978105034480633,0.9967437172746504,0.9963821212593732,0.9981596415692818,0.9986814569807311,0.9989099733092803,0.9978552740188195,0.9978601582449022,0.9786637344097421,0.9107800116648208,0.9475748094251679,0.9247324381456588,0.9239679721112133,0.8968534726285526,0.9603380275983299,0.9449278747876029,0.9619606931826011,0.9634091283214775,0.9528288604536402,0.9822627741398697,0.9799969013465223,0.9896466234220481,0.9942807252515375,0.9854529346314421,0.9816332201282939,0.9870972363992682,0.9859568080252068,0.9875690915291435,0.9873806673446149,0.9545320963746592,0.9736745275143401,0.9745118907684048,0.9741878285902131,0.9481695666138185,0.9803438605531773,0.9751120340645665,0.9837009578188154,0.9829546713844575,0.9220639965472787,0.887150834253524,0.851936123944656,0.9029324402039143,0.9191283527686429,0.91873093604529,0.9174279010620134,0.9161326151278034,0.6024206706302456,-0.5592192108810106,0.9802930700422052,0.975364516415204,0.9718646300924003,0.9861657152611594,0.9743127327391302,0.9840379522576467,0.9840144157408793,0.9495903609834004,0.983504992206559,0.9376783400510973,0.7753591474680465,0.9119608123021961,0.9326837064181911,0.8020879818137606,0.9522928079313452,0.9531041501058134,0.899646483436563,0.9665171068105737,0.8897258257196922,0.5985095546287164,0.7199569712912494,0.8973235408334179,0.8669791052691858,0.8881718032556708,0.9750342883272335,0.9752155830265987,0.7816926075624828,0.7371856734847351,0.8170727646948922,0.42143822085534666,0.7970597111760674,0.8210591570449107,0.816197292428634,0.8105783938183243,0.7821622363769295,0.7511631369903342,0.7340935122738076,-0.26892440291911374,-0.412142085210983,0.6606633602726637,0.8900533411194791,0.9330681851440956,0.940648808465823,0.9068386041647257,0.8230916623124752,0.9078276505613954,0.9260954694617004,0.9260518624699481,0.8550988110009199,-0.1618083158725855],[0.9991152155527191,0.9982511395038723,0.9931140737469615,0.9993636196952701,1.0,0.9892885652684618,0.9991063948179518,0.9985434396544827,0.9840097338191917,0.9985438090727139,0.9981399510774135,0.9981855966626713,0.9985729481194726,0.9985759737333103,0.9985756091332412,0.999076077602087,0.9987049470968324,0.9993046961899832,0.9988984829050884,0.998896236554805,0.9986337609361293,0.9985633279577386,0.9944681347750024,0.9804679315170968,0.9949441061324331,0.9767688702143019,0.9949119984336177,0.9921870787525654,0.982995178831233,0.9570425290433064,0.9891841441153356,0.9918758413083595,0.9895428940549268,0.9687575899854292,0.9989493021843504,0.9990002605898971,0.9990166082307543,0.9986517014132269,0.9986829603389695,0.9989920963140373,0.9989792518470586,0.9992031828542046,0.9989512392378752,0.9989480652321078,0.9883551684673936,0.9208316962853766,0.9467379280462805,0.9363057377235838,0.9282708560332402,0.8923538109976837,0.9466013640783703,0.9387805862974546,0.950880479350895,0.956668765694957,0.9454546468056645,0.9793455007092874,0.9792560361403828,0.9894949154410799,0.9941020765589071,0.9823075551019876,0.9763620479987776,0.9828943604876356,0.9823061978914488,0.9832435422618702,0.9830349937419047,0.9554732995968288,0.9653691757542134,0.9601723037643226,0.9597843178489994,0.9225803030098758,0.9777580614295733,0.974154766129422,0.9799704019906391,0.9791754755042698,0.9405177758090398,0.867063649780075,0.8291087768788268,0.888199892423526,0.9238345388095326,0.908194890825934,0.9153656654351077,0.9142465391869994,0.7504343807979015,-0.571962171027501,0.9743132048495433,0.9656927927910272,0.9630089401390701,0.9832343519419864,0.9652247488303447,0.9778051574810354,0.97745243956303,0.9413686082982033,0.9793779317777159,0.9441361770505803,0.7647950968749658,0.9270863521745295,0.9526598888151189,0.7648492282793404,0.9395226988737073,0.9410156589896371,0.8937504707912907,0.9715474703971922,0.8877113032016617,0.43914429420796935,0.6609332986934436,0.8935145073195381,0.8420199206747565,0.8888641410626428,0.9785756471192348,0.9787139514700036,0.7458783893741927,0.720576204421346,0.749774616790948,0.39937283382087974,0.7002920256679526,0.7547567687067139,0.7501069249306731,0.7133000710068755,0.7687416587929575,0.7360468339721787,0.7181019032490118,-0.47600053453753266,-0.5570937367093967,0.6550749059965644,0.8844067475866095,0.9186644739129122,0.9344900232285466,0.904543535465212,0.8037217309261667,0.8954469528120009,0.9124161034668946,0.9118721036166009,0.7913889203837041,0.047987111907057116],[0.985217529863513,0.9900428973231443,0.9915028879209506,0.9863821881640548,0.9892885652684618,1.0,0.9845474426618841,0.9853809366759928,0.9924614668904017,0.9848072348160316,0.9805218604768218,0.9796508578972122,0.9852544911983148,0.9857454105331825,0.9854513020324522,0.9850971986083441,0.9883799122637593,0.9862767812522564,0.9861453983410889,0.9861386494635732,0.9842938141131367,0.9853512014072979,0.9955738559939787,0.9933726528220673,0.986637632380669,0.9865449347061247,0.9868671885545153,0.9774798059095615,0.9880709904467306,0.9734428902442589,0.963524397776954,0.969052402507493,0.977648785691949,0.9663537179487519,0.9842261821242745,0.9845943845739262,0.9854065424572699,0.9860243714105441,0.9803969405994803,0.9850385635780888,0.9834182448704508,0.9851191044354115,0.9844020558865944,0.9844043665835024,0.9959555769670845,0.8689316984271612,0.9254260337161261,0.9044286737428865,0.9167754042529637,0.8769883056037105,0.9188503785037714,0.9091225966808054,0.9214160536159164,0.9352844724250455,0.917317362585006,0.9514558054529502,0.9565508674337087,0.9628408870571168,0.9723846308589179,0.9703342833748934,0.9859475816269274,0.971945114049701,0.9837285846094113,0.9715398991330837,0.9709661453540203,0.9758743938766933,0.96767241708523,0.9473779152320818,0.946829202967542,0.9452261482839319,0.9821939710630775,0.9748060212524172,0.9716338667699919,0.970247095932063,0.9622921579736325,0.8880268793240342,0.8416837375354397,0.9055679434352348,0.9148277765186714,0.9240519019832873,0.9051104235196822,0.9028868309768102,0.7248225301793348,-0.5102353690159463,0.9800545405046965,0.9811703479951098,0.9769092789487084,0.9712332154369743,0.9722804727223575,0.978888511858719,0.9784599527800307,0.9672947051563117,0.968294183094747,0.9661712995693136,0.7769145766234881,0.8856111116056044,0.9522673858041346,0.8107354490846548,0.941401908045207,0.9424512395908594,0.8686951092841949,0.9594219921403984,0.8374507666668577,0.5277746489433116,0.6867084458758095,0.8470075327094029,0.8209629627926301,0.8364127748741768,0.9600628144382294,0.9601475558891124,0.7371804191010018,0.713947015115823,0.7535803243272089,0.423417835932876,0.7442581393117356,0.7590563346457085,0.7528536842638189,0.7494822833744547,0.7641543147270585,0.7137016540920065,0.6992311739316515,-0.29681884097498923,-0.42690817670574016,0.6699779334466388,0.8594844877789398,0.8777095118752714,0.8907959230236366,0.8706529071703569,0.7842104526442781,0.8517445647082719,0.8695628578245584,0.8695737793561009,0.8112043213131918,-0.12690108279144888],[0.9979087033873887,0.9946204762719315,0.9899537386597711,0.9981582753958043,0.9991063948179518,0.9845474426618841,1.0,0.9974845051206166,0.9573670097014944,0.9996001455975468,0.9995511802462053,0.9995695725656721,0.9983879468348351,0.9994654244025609,0.9991668740721533,0.9998898411948683,0.9965098234275758,0.9999033085464637,0.9993648250627093,0.9993699314686061,0.9997067287839317,0.9993140582830474,0.9907608822253123,0.9747291567245203,0.9856424294501601,0.9262903242491143,0.9934277357958875,0.9917221878525115,0.9737755233685567,0.9508606261832487,0.9916005804744071,0.9918058450576226,0.9934052512851251,0.9743348387768539,0.9989863865067916,0.9998479795712483,0.9997082134530976,0.999473468289225,0.9997587968348923,0.9998318908448737,0.9984800773429608,0.9997300668433556,0.9993746062643348,0.9990225204375369,0.9809168971107702,0.9286731176542878,0.9502775826733758,0.946355758267348,0.9365179868330931,0.8926867888401118,0.9568621003977175,0.9445734590235594,0.9591717956056796,0.9607399382072027,0.9513182470555565,0.9812936346515257,0.9805001125780585,0.9915678887504714,0.9963580738065726,0.9490577130628733,0.9645111134122695,0.97383323146229,0.9745475445535021,0.9753892768796494,0.9490614812181439,0.9062648985663947,0.9568278747097365,0.9619718618240306,0.9402050914407786,0.8970237706328613,0.9683269721746377,0.941326075290138,0.9685127838483827,0.9494222353849892,0.7834439827565948,0.8610590764046973,0.7826831459730075,0.8760040379065835,0.8935495377540659,0.8982321376626584,0.8767122530078801,0.8887668712287098,0.3442219562990999,-0.5926720841497004,0.9656287444801479,0.9520886023352382,0.9506634171140246,0.9506091577427855,0.9615900300088159,0.9718312607504713,0.9718994644715199,0.9311548206284896,0.9685449998058787,0.8525998763549992,0.7595496575013297,0.9277090229753953,0.9321391711225271,0.7905759647292465,0.9502939824143792,0.9512681489476964,0.897058196007057,0.9709752109086549,0.832146966913853,0.5908061264535859,0.7122461747171805,0.8554472225725345,0.8473471627484048,0.8369714709461458,0.9788209899340877,0.9790108768092305,0.7716699143093129,0.7179470470769388,0.7821064804322566,0.393964166113325,0.7754309265690119,0.7938906568175808,0.7885202901145509,0.7917358647927661,0.7656837630028702,0.7417885678509285,0.7229657850814194,-0.2838924190976559,-0.4345599942614182,0.6721380505890218,0.8881502354634465,0.9237621127295544,0.9405677250497367,0.9100374026502066,0.823574976785278,0.9092184727776562,0.9287699584075512,0.9274861008409474,0.7752074477027674,-0.1286164099418365],[0.9961018486953283,0.9917002443323406,0.9905994999993678,0.9965363204052877,0.9985434396544827,0.9853809366759928,0.9974845051206166,1.0,0.9682553182536399,0.999999824318537,0.9999992830796939,0.9997418489266198,0.9999970548237199,0.9999923978113434,0.9999981787350437,0.9992997942379963,0.9911955639468562,0.9994340099982939,0.9999062251991028,0.9999056665044463,0.9999636123449908,0.999998628074006,0.9911676448981893,0.9762637718980766,0.9926948854872975,0.9404007263314752,0.9939281801004703,0.9898608327678803,0.9759795383475746,0.950163359756375,0.9879017118648684,0.9938031073938985,0.991925290580036,0.9711861423012089,0.9994598472480767,0.9995552383816769,0.9996636667459049,0.9997351931040213,0.9991709943042508,0.9994852517486105,0.9981789889227052,0.9987865694064375,0.9995312606484955,0.9993945771691999,0.9825625697688007,0.9284737384866828,0.9474768417925836,0.9503519443757665,0.9347281059635574,0.8814922576518717,0.9551109014858955,0.9399650912819474,0.9570528658813885,0.9549022733208664,0.9451870445104326,0.9792479595186813,0.9774884578475698,0.9905058340162881,0.9968926436207168,0.9441151660403185,0.960357011832854,0.9674872442440482,0.9715036248417733,0.9694294661555093,0.9473388564222127,0.8986467756965637,0.9521174054056836,0.9552306533653997,0.9348039468819992,0.8849593362881368,0.9656309434788736,0.935204743964776,0.9631118299743775,0.9448289926432536,0.7707705058226753,0.8530897249610098,0.7782536176689883,0.8681042790371053,0.8864407345554024,0.8937025396602389,0.8723317070522384,0.8820153230178622,0.3266887666793469,-0.5970065023416823,0.9614943339148365,0.9455425087325917,0.9446724861147302,0.9486497643184711,0.9570293174933162,0.9677629276636601,0.967816253105888,0.9263936505569665,0.9617778850311142,0.841559437567312,0.756449258442937,0.941850698715265,0.9429343209234475,0.7869335022496876,0.9500365938441353,0.951165536129897,0.8945093067133221,0.9749632900824191,0.8350917337303251,0.5764873268247457,0.7034500825433259,0.8564348958025892,0.8441725294282474,0.8391450270459657,0.9812967182319693,0.9814906268473362,0.7626395208134731,0.7102099055498764,0.7834027632737728,0.3813635459015934,0.7702638555862795,0.7893271786705036,0.7889445978600536,0.7861257465244516,0.7594096901676692,0.7359594806822409,0.7165529918559478,-0.29965307458822793,-0.44927214202264193,0.657913410309625,0.8805235719546735,0.921232351174852,0.932969738857063,0.9042116270648789,0.8127607280670704,0.9027644903895821,0.9224682192903505,0.9214570189626192,0.7562539449115816,-0.11160829915586652],[0.9693250849959021,0.9847412969776183,0.9906449861527353,0.9716142626297416,0.9840097338191917,0.9924614668904017,0.9573670097014944,0.9682553182536399,1.0,0.9832754592394436,0.9874903984396073,0.9897250445469113,0.9719396881099663,0.980261170454864,0.9768560230074818,0.9747174263182082,0.9491339390073291,0.9794928165684734,0.9776134418517746,0.9775635517368327,0.9817482739351678,0.9767126100144601,0.9939836223286682,0.9925690881709851,0.9812052188615523,0.9884939218155481,0.9842457212757293,0.989892755104796,0.9903822170207756,0.9669312529499303,0.9279691381537661,0.9495757889563589,0.9654384334184136,0.9487827095371649,0.9712470617261663,0.9795960287481623,0.9763470107290633,0.9787127265004293,0.9878337413017249,0.9807234759886596,0.9671888104687634,0.9765654201649571,0.9720906044492015,0.9710389603849364,0.9989365783331434,0.8871459118205196,0.9162809977712345,0.9405767160653333,0.9306687800332459,0.8538582732082941,0.8844591309319934,0.8806457608676675,0.8882770429501826,0.9099839405046812,0.891306024314252,0.9281000699527142,0.9435033963434687,0.9495410207052087,0.961888241512371,0.8981948590428556,0.9647600099463016,0.9413648708955207,0.9627863777776843,0.9413948230035787,0.89620969868666,0.9094029743610014,0.9375404180881747,0.9094646502542598,0.8723919352997818,0.8736690536143162,0.9642658681926951,0.9148341236981314,0.9398199103376366,0.9011957323735865,0.808526222450093,0.8361493943506267,0.7170354831433222,0.8569457673016798,0.8716067577777894,0.8853186219350431,0.8332829790406555,0.8519118473171936,0.37107281212955295,-0.5352522540580641,0.9533815699701057,0.9483227556775937,0.944615683936882,0.8971295828576457,0.9431454072584978,0.9514350989660457,0.9508044154212517,0.934824888622391,0.9356245026582642,0.86097502430723,0.7600787857196639,0.9332692234803558,0.9583299576331391,0.7847163046024066,0.930551253257334,0.9322407926223263,0.8502071701490646,0.967665459232155,0.742710526945605,0.4693095358568543,0.6453231867728239,0.7746992801463488,0.7740210701465187,0.75288756266852,0.9670715616188765,0.9670792055943757,0.6915054208868948,0.6708632681916776,0.676352130447698,0.3718886529249701,0.683954966862692,0.6919691423818006,0.6766714067344648,0.6904922178360814,0.733433742614101,0.6787026589578875,0.6616209000771371,-0.3435392443387138,-0.47888557940954024,0.6701326160407135,0.8373783462344374,0.8353069727819865,0.8623429749371101,0.8587545370400853,0.7501379462128748,0.8148745341219368,0.840965458525109,0.835010537385607,0.7058093982427212,-0.050708239131132836],[0.9964254889400509,0.9917176034877698,0.9933215964514758,0.996898941329436,0.9985438090727139,0.9848072348160316,0.9996001455975468,0.999999824318537,0.9832754592394436,1.0,0.9999991077585831,0.9997467105509589,0.9999985110343929,0.9999911651681244,0.9999976762986028,0.9996664021850051,0.9977910559402261,0.9994287538099905,0.9998783839288399,0.9998782191657926,0.9999763562477371,0.9999991214132417,0.9937447674015676,0.977782567317203,0.9960020116565966,0.9735944641804636,0.9960878041189853,0.9898421282910788,0.9803059975259263,0.9513747988645777,0.989345032485506,0.993524166369854,0.989358008885782,0.9675930000218542,0.9994789915888097,0.9995465768100791,0.9995585095277342,0.9998249717287929,0.9991847032050937,0.9994930162093206,0.9983792435618064,0.9988270771385905,0.9994827680463729,0.9994765988772865,0.9868681192185644,0.928468240238272,0.9475143590572271,0.95018278304779,0.9345377809134561,0.8816384180212523,0.9446094866417294,0.9332778618353715,0.948291599494924,0.9529237605704463,0.9430667457227789,0.9778067044883609,0.9775234242103673,0.9910301827344102,0.9966686569608111,0.9724858491582847,0.9602982939074876,0.9731425077416189,0.9714649294612714,0.9735836133483651,0.9733247436365499,0.943552647978066,0.952038668669487,0.9506663417108744,0.9503250988791406,0.9112916908121862,0.9655688761739856,0.9646834194292879,0.9703606938112557,0.9693726588051804,0.9274662288460459,0.8531419858454814,0.8093702775510734,0.8678752853836461,0.9069726458235826,0.8937100176780062,0.8998238231753379,0.8989424701657591,0.7030087570857397,-0.6071200977131578,0.9614557165255959,0.9455485280916358,0.944687707994001,0.9736336247285844,0.9524153458460591,0.9673774195180441,0.9669954040292441,0.9270791135172909,0.9691854659381356,0.9301638633995328,0.7564618099527519,0.9415277635616421,0.9550708158204991,0.7693812809317816,0.9432992541496719,0.9446027309186392,0.8945813229698596,0.9740990613212137,0.8954655395990553,0.4769031444652418,0.6785045220204705,0.9012134336266995,0.850256940745265,0.8967125932546226,0.981252396326067,0.9814774964919188,0.7627081676670082,0.7099588197241302,0.7658839870985292,0.3814906470967392,0.7178175604337305,0.7708959358488248,0.7662273250098568,0.7323282044173386,0.7591668827641768,0.7359404151681874,0.7165119558693246,-0.5215197382637228,-0.603270855180384,0.6580143648567492,0.8806887077258587,0.9207519291167783,0.936425128833916,0.9044103967520816,0.8091347741426075,0.8965580780895402,0.914231774720873,0.913575689702298,0.8032843020632564,0.11441348769750771],[0.9945747316010703,0.9917272853579929,0.9973246777117227,0.9952787214569476,0.9981399510774135,0.9805218604768218,0.9995511802462053,0.9999992830796939,0.9874903984396073,0.9999991077585831,1.0,0.9997467882897096,0.999996292631735,0.9999945852104097,0.9999982550264969,0.9996464173554559,0.9974030118441635,0.9991421944004101,0.999772179358055,0.9997716955689543,0.9999983788793069,0.9999979116603254,0.9927823086480351,0.9725456763903594,0.9949984077665369,0.9813890549699549,0.995608481334433,0.9898587201256602,0.9821551860307773,0.9425070395241674,0.9880677819859777,0.9927458259882522,0.9825495944356681,0.9404443958686433,0.9992303921787437,0.9992891663575466,0.9992242336183766,0.9998873662981395,0.9991663274909645,0.9992347434259679,0.9977644263882549,0.9983855341434088,0.9992006964111979,0.9991966173937137,0.9888444138484015,0.9281512011538252,0.910836510977729,0.9501147644308019,0.9344197786541691,0.8812818172210601,0.9101663018704832,0.8987856656988015,0.9149839900605,0.9237470937703075,0.9084107777331972,0.9690103894006652,0.968953265803539,0.9901981756464487,0.9950305520431314,0.9648841628650019,0.9604034960718557,0.9613931708454838,0.9615519553765816,0.9631432600659638,0.9628779970729282,0.919264169136834,0.941620058842484,0.918240896747769,0.9177477300269608,0.8402171122293456,0.962960727821004,0.9691102099529691,0.9652511021393998,0.9641583259149623,0.9183749506565724,0.7765207690400757,0.7341154577572244,0.8247053598637033,0.8824613618955788,0.8479067349727526,0.8651068731238889,0.8636223333168631,0.6970222915599151,-0.429947707366423,0.9477983638856746,0.9456621688394373,0.9447640400418245,0.9661689151654785,0.938774919582981,0.9509724982385891,0.9503026559151405,0.8964878958994958,0.9540906514457883,0.9021391882118053,0.7566136875337951,0.9418810794476663,0.9581454529588573,0.6456834324430415,0.8982471650631612,0.9011773285342642,0.8497111500500241,0.9843292012365404,0.8373056679049226,0.14067218181115126,0.5249328057922985,0.8496389201860226,0.8140545342228923,0.8438026578030028,0.9850692412310815,0.9850806772292057,0.5061186666349449,0.6162052554708762,0.5135007214439732,0.3813994269913299,0.47837786805854404,0.5257116849683048,0.5151940385518357,0.45194591060103895,0.7465240022486539,0.5911904183872009,0.5510866201257971,-0.4859036882931201,-0.540986121727546,0.657386022722028,0.8591710447907952,0.8720248857238948,0.9023172249150155,0.897858575656867,0.6600982850734848,0.8381864846935593,0.8641144099078685,0.8631063032098221,0.6061939713214213,0.056562510446703074],[0.9941685391921372,0.9934798876852102,0.996465950486474,0.9950953060224079,0.9981855966626713,0.9796508578972122,0.9995695725656721,0.9997418489266198,0.9897250445469113,0.9997467105509589,0.9997467882897096,1.0,0.9997607133283584,0.9997450128241226,0.9997521032470993,0.9996490139620293,0.9980475335332853,0.999352110346517,0.9999674313312096,0.9999670413811382,0.9997510873012985,0.999756733992199,0.9921490382167212,0.9683319818316904,0.993608274748739,0.9816902337476046,0.9944473460623251,0.9926693385394932,0.9776600012502388,0.9210989985285415,0.9907398373090953,0.993779259548845,0.9777381796502396,0.919267924664546,0.9993596391566935,0.9994125232908795,0.9993697054383813,0.9995493505824369,0.9995766681811428,0.9993879549727233,0.9975975186406966,0.9984077804176283,0.9993467282065216,0.9993421097566252,0.9899875927904856,0.9232479798035181,0.8953603359944472,0.9471574538742648,0.9339379712693919,0.8813729804459884,0.8709313457637071,0.9113840469458243,0.8749515855543236,0.8965622177921083,0.8689136886885631,0.9553574312883176,0.9552807229745839,0.9805226791724132,0.9942375673161394,0.9638865414236234,0.9651353918296536,0.9574403987564681,0.9595042130414386,0.9605598681822411,0.9604101928086906,0.9199690736433789,0.9334810022473481,0.904662662472148,0.9045226784805714,0.8229845466435862,0.9614929118739247,0.9639174016653419,0.9640210323650698,0.9634746566390944,0.9248340976158651,0.715669992266017,0.6681404359816906,0.7834946033696114,0.8563167161062086,0.804819401729586,0.8313043596235019,0.8303537858735041,0.667570708550332,-0.3361529604280319,0.9422199486926889,0.9487795419575576,0.9420049636049362,0.96487364718313,0.9394445744603541,0.946393028367644,0.9455500355284553,0.8940284549356088,0.9493100249164437,0.8985489456788955,0.7008907983542318,0.9390731885813524,0.9334033076016653,0.49695612020556496,0.834658903996102,0.839740591256508,0.7367950885215836,0.977308872733117,0.7125458925627169,-0.23154994175713478,0.25273960220913233,0.7367507857959961,0.6912266749162982,0.7302423292504078,0.9784952797707489,0.9785692527374006,0.17550922008925934,0.3328943144067321,0.18039180461937807,0.15242604952297722,0.17257013616644523,0.18949043068078958,0.18696813294159467,0.10355951872229985,0.5241713255404014,0.2558682229152102,0.2031794362880827,-0.5063151319628406,-0.5497960534626276,0.6582074728108714,0.7504274827517614,0.7745594235234762,0.8374679948236315,0.8238830682787283,0.5566171307231264,0.7491319718745586,0.7693022693547857,0.7677232791762487,0.4196670166852662,0.24913960918277678],[0.9962191890871218,0.9918523006455747,0.9904674692388354,0.9966354655789835,0.9985729481194726,0.9852544911983148,0.9983879468348351,0.9999970548237199,0.9719396881099663,0.9999985110343929,0.999996292631735,0.9997607133283584,1.0,0.9999908779774461,0.9999976759714763,0.9993498061226699,0.992912913396106,0.9994755535730994,0.9999154025706878,0.9999151245508735,0.9999707285832544,0.9999989050234468,0.9910596543059879,0.976091736552053,0.9933564638468863,0.9453384159959286,0.9938817316860413,0.9899857010094898,0.9757886116817965,0.9501281025574759,0.9888082968825339,0.9938810569218455,0.9920154380491272,0.9713329414594204,0.9995026222587265,0.9995958404992696,0.9996948451771064,0.9997355076908132,0.9992358121053305,0.9995274459449802,0.9982670788764613,0.9988565954229991,0.9995744237220467,0.9994382749871102,0.9823360755002231,0.928769846054011,0.9476657208239627,0.950310719109541,0.9349082660098595,0.8822209278822698,0.9554691305782628,0.9403725060412764,0.9574160096004392,0.9552654543830615,0.9455988082719772,0.979506483395144,0.9776870837451903,0.9906504376356426,0.9969701708384665,0.9444037503660867,0.9604546443678337,0.967733311106966,0.9716022149119123,0.9696728675970884,0.9475800172419611,0.8987160393386419,0.952330808498882,0.955606027770543,0.9352126563121534,0.8852746906322523,0.9656813087256549,0.9353876548685657,0.9633032411331878,0.9450975703756537,0.7707764093335042,0.8534649024374672,0.7787584535344748,0.8684599103656899,0.8867159103872934,0.8938918156595038,0.8726955736812826,0.8823820651091036,0.3269000504374437,-0.597007528474577,0.9616471454196509,0.9457821023249076,0.9448826950929629,0.9488802570327309,0.9571945885212243,0.9679308739776346,0.9679864801313312,0.9264816761518126,0.9620436900598547,0.8416737380458351,0.7565603031218333,0.9412127977802707,0.9424260528095562,0.7870431790468574,0.9500612410127164,0.9511816285552604,0.8948508987195417,0.9748148586561398,0.8355711113953701,0.5775603456313404,0.70411477014764,0.8569035391025116,0.8447054664792606,0.8396196156320013,0.9812293423161932,0.9814231832811166,0.7632672121606088,0.7107539498818879,0.7840056519569131,0.3820680030289587,0.7709406185009561,0.7900172613433191,0.7895591305456171,0.7868365743656994,0.7597710453000884,0.7364132511067699,0.7170266866748684,-0.29869968832259297,-0.44842242068935906,0.6583991411275629,0.8810490935196562,0.921693706628087,0.9335051219412033,0.9046902406125554,0.8133324800246305,0.9033455878449084,0.9230431155409222,0.9220208179922776,0.7569388963067056,-0.11263952577860384],[0.9962537344273468,0.991718243735104,0.9926997604866246,0.9967587950578395,0.9985759737333103,0.9857454105331825,0.9994654244025609,0.9999923978113434,0.980261170454864,0.9999911651681244,0.9999945852104097,0.9997450128241226,0.9999908779774461,1.0,0.9999948280300238,0.9995464878290943,0.9977243700935934,0.9994315621926992,0.9999000229939029,0.999898843293109,0.9999519403559305,0.9999908778766381,0.9930323396083408,0.9765021035436382,0.9957134888215823,0.9675877152575835,0.9954867009710525,0.9898116262551627,0.9761337855410848,0.9502765901021799,0.9889894978553005,0.9938589330706284,0.9912532494267962,0.9708160894884524,0.9994752897961247,0.9995476943431094,0.9996110114684139,0.9998832068107977,0.9991959489233723,0.9994746203829592,0.9981089126718334,0.9987751356175794,0.9994929929694923,0.9994845709045582,0.9848247838374788,0.9286213267448001,0.947404089952859,0.950071178316011,0.9344089215555359,0.8815764049189316,0.9494698733755356,0.9324130465788436,0.9517013121562343,0.9546142823660793,0.9448730189334216,0.9777565329386386,0.9773447579154533,0.9898762956229759,0.996964912965066,0.9726444477598254,0.960066317518577,0.9731719347999684,0.9714680953443209,0.9741433671426338,0.9738689657104879,0.9519383642096129,0.951740579307395,0.9546858109363311,0.9543235838883605,0.927012813943093,0.9656030402071129,0.9674518826068569,0.9719286682937358,0.9708072401869081,0.9364651525171677,0.8528160583790566,0.8159974328493761,0.8676301879157664,0.8979907730584519,0.8934780025316684,0.8942057644533046,0.8929924698496988,0.6802947855215727,-0.5974186143259624,0.9614742232960474,0.9454430635595951,0.9444353522884373,0.9738018868116597,0.9571007878748078,0.9677494644543244,0.9678387683288676,0.9264890204155224,0.9682692187365027,0.9381038832756579,0.7563142660483875,0.9412398847273812,0.9481517166575446,0.7860601877042125,0.9498883885082383,0.9509464076721686,0.8944525966509332,0.9751725948319595,0.8840470205001777,0.5768480045062164,0.7029913597961043,0.8917067695138374,0.8571854666436487,0.8823994005439821,0.9815133456612861,0.9817354141597601,0.7617983985437649,0.7093917800923971,0.8004709634379525,0.3814562313698238,0.7754026220667092,0.8050454793444558,0.7995528553221458,0.7855067681442205,0.7592421634271078,0.7346021148117721,0.715214718103074,-0.3904946924917181,-0.5114511820172858,0.6572513192542554,0.880686644680149,0.918103579773302,0.9288420563902368,0.9047526998809473,0.8119195793790969,0.890049350280857,0.9110146747172932,0.9105120344204579,0.8408959633052093,-0.07961504851685101],[0.9961471452043379,0.9917801216799321,0.9906578357291709,0.9965810247084704,0.9985756091332412,0.9854513020324522,0.9991668740721533,0.9999981787350437,0.9768560230074818,0.9999976762986028,0.9999982550264969,0.9997521032470993,0.9999976759714763,0.9999948280300238,1.0,0.999442636818816,0.9969718087116717,0.9994504796094151,0.9999092476742242,0.9999083705121612,0.9999647306742363,0.9999974178414628,0.9912123878796112,0.9763287204024725,0.99506404239159,0.9590567066402294,0.9948664098692995,0.9899388802135358,0.9760343888440824,0.9503359867083269,0.9912693344464425,0.9941502459018476,0.9918724076015752,0.9710928752628643,0.9994718225202264,0.9995567508316548,0.9996711100604829,0.999751038803745,0.9992003495102136,0.9994827460160453,0.9982046605231948,0.9988033712363804,0.9995414771016137,0.9994075626166311,0.9825621259133746,0.9285526697906606,0.9474950345106967,0.9503475919532326,0.9348430647411855,0.8818036522672222,0.9551918879796018,0.9401016709544733,0.9571662364563832,0.9548506393209489,0.9451026496892907,0.9792742825920909,0.9774318020140106,0.9904756370775315,0.9968564845551473,0.9444161340449826,0.9604433820754426,0.9676571976909868,0.9715816046293579,0.9695849093066061,0.9471488929525073,0.8988667131510701,0.952020320947348,0.9552955696744511,0.9350205956814792,0.8850943023898302,0.9657783635983757,0.9355574465117271,0.9633188115292748,0.945144816202892,0.771124310940124,0.8530789138774586,0.7785198089626122,0.8681364101761683,0.8866132345886394,0.89370521250174,0.8724861867363333,0.8821863474952547,0.32704876835419827,-0.5967035876992567,0.9615777512782969,0.9456890406963072,0.9448015087405686,0.9473467283639124,0.9572065311511078,0.9678434427660444,0.9678935091773273,0.9265855522482664,0.9619486485897237,0.8418319680214137,0.756482528083833,0.9415444363939262,0.9428317090775022,0.7869296716186334,0.9499608921107922,0.9510941382911986,0.8943261630218343,0.9749808556577743,0.8351248435841179,0.5763149971165304,0.7033366862853292,0.8564456187277167,0.8442993635521172,0.8391749277315053,0.9813372328965005,0.9815280202721544,0.7622451043516333,0.709862368354147,0.7833837263795173,0.381628753869421,0.7702419451258186,0.7892473994100057,0.7891024616024314,0.7860259005685414,0.7593264213907567,0.7352081942716516,0.7158364176266208,-0.2994634541520927,-0.4490780618891006,0.6581651084130189,0.880429451442909,0.9213571817409132,0.9330124287564708,0.9042520685625245,0.8125550080929086,0.9029698860091123,0.9225056267723629,0.9216118770870788,0.756350538808369,-0.11188382091371984],[0.9976662221913684,0.9940108192296706,0.9900779439799163,0.9979457852439196,0.999076077602087,0.9850971986083441,0.9998898411948683,0.9992997942379963,0.9747174263182082,0.9996664021850051,0.9996464173554559,0.9996490139620293,0.9993498061226699,0.9995464878290943,0.999442636818816,1.0,0.9983540539315485,0.9998450991959699,0.9995347498163479,0.9995394824809197,0.9997602653332706,0.9995195770792962,0.9908333660227866,0.9752477625837984,0.9936599451722885,0.951175447968838,0.9932997520551056,0.9916466598708148,0.9740943401069563,0.9508773690534321,0.9917364386078134,0.9925425352858132,0.992785375302262,0.9732877588986524,0.9992589755302118,0.9997283229237182,0.9997089596316908,0.999557004220753,0.9995764624793531,0.9996821713011245,0.9988198495345121,0.9995683449427885,0.9994989626017768,0.9992522109513817,0.9810897257604612,0.9271211210947999,0.949712235087333,0.9462410614519193,0.9350570764016181,0.8890450630284568,0.9573553578419212,0.9448263472129546,0.9596246568238338,0.9592070594324822,0.9495576333605266,0.9813587039201043,0.9796028242632222,0.9914808170612384,0.9963585645990918,0.949237262723873,0.9641107068179955,0.9729866162507215,0.9741824537311837,0.974636647517404,0.9501569402754476,0.9051142375979122,0.9554420571992953,0.9609246739708409,0.9402797667957661,0.8943245248583411,0.9682672923929048,0.9408627007491291,0.9679920178957955,0.9497942513752965,0.7804072058451861,0.8589824227338948,0.7832113942172602,0.8737748126894269,0.8920404500720168,0.8966803354591113,0.876478322419162,0.8878282832534058,0.3391629678466833,-0.5934414286242431,0.9649602658931404,0.9508647249388029,0.949678248625945,0.9517436885248538,0.9613711958245107,0.971209567064398,0.9712872602694729,0.9310671847482828,0.9675588333665126,0.8503377060175377,0.7581663297458756,0.9312225334598803,0.9344175486502501,0.7894785713761185,0.9500262681767565,0.9509547352275592,0.8946167223282141,0.9713288708157672,0.8344030079503787,0.5865815066152262,0.70875372