var config = { responsive: true }

var correlationAdjClose = {"data": [{"type": "heatmap", "z": [[1.0, 0.9999928886341438, 0.9837718038947464, 0.999920456399584, 0.9988097419644276, 0.9888941978292795, 0.9973282052833949, 0.9949170619550838, 0.9951912521475247, 0.9798791469361873, 0.9910565047569898, 0.995071733946104, 0.9942398510417902, 0.9949756913453927, 0.9951243509232385, 0.9963410649347687, 0.9981913561137024, 0.9957467708397707, 0.9957622238338386, 0.9957732253746145, 0.9950178744218336, 0.984640900303367, 0.9671418334503137, 0.9869692005921163, 0.9857457352085429, 0.9774840723124045, 0.9610536755063537, 0.9388977398028533, 0.9947088769229567, 0.9947523824270695, 0.9917719011291449, 0.9747434632231098, 0.9972381957354741, 0.9975602840260355, 0.9968831588638704, 0.9951414901007937, 0.9945243104608467, 0.9973891217591442, 0.9974609728394492, 0.9986337602678621, 0.9971737694281864, 0.9971884276672288, 0.9756838071338024, 0.9280973841562151, 0.766422039027078, 0.9032296476333949, 0.9212671023264342, 0.8548158959254127, 0.9713168390547536, 0.9444451301060458, 0.9724248548379836, 0.9684924687915509, 0.9637703001382988, 0.9865125310639749, 0.9828322487614063, 0.9829515241872657, 0.9754672835968355, 0.9849174380928639, 0.9821520431866981, 0.9855906910010258, 0.9853409403542516, 0.9627437187712603, 0.9640697352650679, 0.9704123469795806, 0.9700939140932513, 0.9409977218077179, 0.9740757947226364, 0.97251954567958, 0.9809292957166738, 0.9799704908743856, 0.9334715055533298, 0.849917671980482, 0.8183126872542645, 0.8688498246666877, 0.8982526436947399, 0.8920302916106791, 0.8969406748485469, 0.8956357443671493, 0.6024337511674954, -0.5147229594381306, 0.9745591228918128, 0.9636655440348505, 0.9602667810377958, 0.9839062918186465, 0.9467033705052692, 0.9799853484877368, 0.9799404981289463, 0.9411670480873997, 0.9803786783802366, 0.9461327953205085, 0.5892937535795996, 0.8310262505382406, 0.9098038475135687, 0.1893552931236468, 0.9132445821610191, 0.9353695419070177, 0.8039364091246702, 0.9534815996785264, 0.8963701638037058, 0.6758266505898324, 0.39293456072150973, 0.8919574305991349, 0.8607612859990222, 0.8878976133679054, 0.9650496823762691, 0.9653261538706941, 0.7381722466334006, 0.6970064321100456, 0.8293519164154611, 0.32601418088540757, 0.7950928128564999, 0.8335245369790664, 0.8199129793536928, 0.8182992415358197, 0.729958709583251, 0.7361598111696794, 0.7154819655478829, -0.22347784060502895, -0.35655821205604915, 0.6096568420657382, 0.9011672308101452, 0.9475738874242239, 0.9508117196368289, 0.9197213353136294, 0.8276469908645048, 0.9186845694429387, 0.9410803249162242, 0.9408566885397717, 0.8764387647252314], [0.9999928886341438, 1.0, 0.9798337151523625, 0.9997454287838713, 0.9971283481090246, 0.9896924016648182, 0.992196391947278, 0.9870001298753945, 0.9870488904886322, 0.9655019094441314, 0.9897842244863407, 0.9873042900898326, 0.9870859114972724, 0.9871427998730055, 0.9872526096134926, 0.9926862491023851, 0.9950567279803546, 0.9909522512395217, 0.9909555122250715, 0.9871378096911376, 0.9872094693150836, 0.9865367196759423, 0.9578219973555345, 0.9818756530608561, 0.9814030922633289, 0.977332798276902, 0.96869002707592, 0.9014895608003081, 0.9880823100451681, 0.9829142752200043, 0.9761318353433551, 0.9098485734294887, 0.9941335879284392, 0.9939163369491933, 0.9942386025112977, 0.9886715461014389, 0.9935390681020724, 0.99421011185121, 0.9945741517082344, 0.9963689644629142, 0.9942526492043305, 0.9942648073553089, 0.9838025501256905, 0.9278915977540012, 0.6577199556715492, 0.9033594840667158, 0.9222651658756938, 0.8549541229081611, 0.8925937959013448, 0.9147185431329299, 0.8965195129472256, 0.9084402551500905, 0.8914618297100124, 0.9571550694361372, 0.9570352468354394, 0.9705924368524373, 0.9753400852990591, 0.9677086960873407, 0.9674669144189527, 0.9709076273733818, 0.9708173587496974, 0.9263149367565295, 0.9348398335600446, 0.8953870822417377, 0.8952687743920629, 0.7753948378330067, 0.9649874100923125, 0.9676194817417056, 0.9679889059367464, 0.9673920779138621, 0.922411001917371, 0.6064387861028518, 0.5443277449086054, 0.7098121841444716, 0.8132801338172951, 0.7316712609329487, 0.7756501877729535, 0.773878190329303, 0.5331280665700385, -0.26147977721447185, 0.9490250363376082, 0.9577711806902647, 0.948683486934946, 0.971759551151536, 0.9239648501143499, 0.9545657231599525, 0.9534152588781832, 0.8848107801791097, 0.9582799351694797, 0.8921480042232791, 0.37008869115528203, 0.8300500238755504, 0.8338156463782705, -0.26139008733041263, 0.5753200459599889, 0.6890358581634741, 0.6115593447862958, 0.9482519097683892, 0.6334313356603827, -0.17387749048173542, -0.17059486981209016, 0.6001477565767127, 0.6091781877389222, 0.6557040129625774, 0.9501576233896843, 0.9499530363092222, -0.11524586132206989, 0.11006078069816579, -0.03507469312124523, -0.06602969599100018, -0.03882389804712246, -0.02284364619041735, -0.053923273876280105, -0.09111151002397992, 0.27277169657985184, 0.0334523889541185, -0.012108100530628052, -0.4561822581405523, -0.48362736560882796, 0.6096855506119342, 0.741991156164788, 0.7632155888632269, 0.8263734020767404, 0.8197749568051758, 0.5190017058017543, 0.7276892045855522, 0.7625674961613913, 0.7611357708933655, 0.41557455354827577], [0.9837718038947464, 0.9798337151523625, 1.0, 0.9852400595874821, 0.992208978493764, 0.989144390694788, 0.9905455570045599, 0.9908390977954125, 0.9941772848915207, 0.9528601091278313, 0.9966049877902722, 0.9907473060997873, 0.9927138642533029, 0.9909061030291701, 0.9908054725199446, 0.9913568886177793, 0.9888969222562679, 0.989328474235235, 0.9892926858200393, 0.9926740356537505, 0.9907665549003728, 0.9928791695803747, 0.9773150472995638, 0.9901530973131696, 0.9905241021624439, 0.9753110500654215, 0.9802843781800428, 0.9428662601090392, 0.9738408204576451, 0.9770357634491601, 0.9784226591997616, 0.949819168684287, 0.9877499654748385, 0.9908769700289974, 0.9890574491889853, 0.9929378741314868, 0.9941997885088982, 0.9918628989363267, 0.9870958459540023, 0.9869645068644793, 0.9880231958085228, 0.9873726272679598, 0.989813408200375, 0.9274364836966291, 0.7085720565452112, 0.9298608792931049, 0.9061457290650927, 0.7551900097280543, 0.9323063313787352, 0.8992668561001113, 0.9334382153638255, 0.9283379629198629, 0.9213330310269405, 0.9537485109338741, 0.9604488489918563, 0.9264173823323033, 0.9414074371924631, 0.9498685060511217, 0.954909244341376, 0.950615435770816, 0.924784241410946, 0.8858540780573554, 0.9182396476973246, 0.9208896350953726, 0.9050011334232427, 0.8527690001268844, 0.9549149195337255, 0.9314723212536377, 0.9503656621644436, 0.9282742249555616, 0.7463345358151795, 0.7847185675109677, 0.7247810845057822, 0.805421439149946, 0.8547192728113584, 0.8508328962817056, 0.8252939145884091, 0.838668129716302, 0.2752991946361974, -0.5208994458399856, 0.9396072044527936, 0.9057802927986959, 0.9124566188461302, 0.9270100715886311, 0.9074990988477503, 0.9459398219183872, 0.9455966180968092, 0.9015108097352491, 0.9430242323073814, 0.820340908598745, 0.5574159972263284, 0.9184729990579735, 0.9288437396574626, 0.10595375719634179, 0.8909524800422344, 0.9162077074227837, 0.7889877286864337, 0.9755112623875931, 0.7787485080245938, 0.5852390017259516, 0.30653339834098087, 0.7847997198297492, 0.7850062219821748, 0.7731207625094917, 0.979547493350991, 0.979616055108096, 0.6547543962003122, 0.6278233878303621, 0.7165860161662221, 0.2513749488237905, 0.6884041523463319, 0.7127391843529823, 0.7285137922039631, 0.7093888501316641, 0.6793274600268608, 0.6585447938172911, 0.635760626875618, -0.30225857843604625, -0.4345341136211754, 0.5561491856701798, 0.8591989262326122, 0.8979082921443973, 0.8982178078053528, 0.8916051636477433, 0.7555273716731644, 0.8719257909867226, 0.8863466714447968, 0.8954629781376731, 0.7405237830130482], [0.999920456399584, 0.9997454287838713, 0.9852400595874821, 1.0, 0.9991341462569368, 0.9897551159917151, 0.9977141149948124, 0.9954829052483447, 0.995875522606206, 0.9796993235352021, 0.9928011107132575, 0.9956201292019445, 0.9950019343034326, 0.995539699965322, 0.9956640654615605, 0.9968770484640701, 0.9985108502367237, 0.9962393956736619, 0.9962524184319137, 0.9963639068934901, 0.9955689927757934, 0.9859600961334579, 0.9685040301846263, 0.9881338547413927, 0.9870205119514184, 0.9805036083177125, 0.963242542854938, 0.9401579658044698, 0.9942953109139403, 0.9945114654443842, 0.9919921710817469, 0.9745385123806464, 0.9974362568651676, 0.997926715297643, 0.9972388184632278, 0.995760025457137, 0.9955684434294674, 0.9977964018805101, 0.9976039282607393, 0.9987937123651348, 0.9973616355583678, 0.9973732417463195, 0.9775207052000541, 0.9240004611860839, 0.7601976595622588, 0.9040104382799293, 0.9179646438215994, 0.8441523919372784, 0.968532223383375, 0.9410155024960195, 0.9695231243039576, 0.9659278630016893, 0.9610609165488934, 0.9844868838367472, 0.9813484960924754, 0.9809486122810857, 0.9731619908983202, 0.9831429858023383, 0.981044549165926, 0.9837363964980324, 0.9834839974307419, 0.9472053955149242, 0.9621735337877932, 0.9686280745095585, 0.9683127481938958, 0.9337467487494315, 0.97306429268623, 0.9683103681760914, 0.9788564783624792, 0.9778536289289851, 0.901425171087451, 0.8476105520410895, 0.8131447880944893, 0.8661943528142408, 0.8942914492408172, 0.8909816242205577, 0.8936160348207356, 0.892393039455031, 0.4949958083634028, -0.5150316883946514, 0.9730750854275639, 0.9607010447325572, 0.957559311056335, 0.981907703121218, 0.94490055203211, 0.9786948631840751, 0.9786529390027109, 0.9396115320966715, 0.9783755689875787, 0.9229288806412689, 0.5953436190622495, 0.8415026410207931, 0.9144517372254417, 0.1893450876951405, 0.9150121492041514, 0.9368901921153543, 0.8043979541472286, 0.9550608226734243, 0.8903063888461912, 0.6730521494550092, 0.39036259522057887, 0.8869983134503913, 0.8573459086494815, 0.8825960835349159, 0.9662263256209451, 0.9665097330529181, 0.7374737909254284, 0.6975511272687919, 0.8214987620314657, 0.32841063842239354, 0.7896587202165282, 0.8253846715355152, 0.811849957502178, 0.8131578206458205, 0.733203243080785, 0.7364906462448728, 0.7158742904443417, -0.21882895844914754, -0.35574384472358744, 0.6074134624597695, 0.8994387915187652, 0.9459844208513926, 0.9492494172588913, 0.9188292837703863, 0.824952338947771, 0.9168900505235061, 0.9390613644035393, 0.9389959471845547, 0.8687338340429355], [0.9988097419644276, 0.9971283481090246, 0.992208978493764, 0.9991341462569368, 1.0, 0.9923049232568207, 0.999052623236173, 0.9981462836600575, 0.9981988254493066, 0.9726004003605101, 0.9973696541849557, 0.9982036461017577, 0.997932582496387, 0.9981830960621435, 0.9982495066330596, 0.9985037526988039, 0.9990892547852999, 0.9986126423513725, 0.9986163889977505, 0.9982856454070684, 0.9981856644475469, 0.9930773582738297, 0.9763143022792347, 0.9931397572682032, 0.9930362106143085, 0.9848242515974243, 0.9780414323785545, 0.9436085851215569, 0.990980493204825, 0.9930478129815975, 0.9901304180083521, 0.9653036180429894, 0.9989814008242551, 0.999002770654651, 0.9989841753583281, 0.9983185505426637, 0.9985653544807352, 0.9990823221325829, 0.999147166620938, 0.9990603017368532, 0.9989636578997846, 0.9989677927662285, 0.988222376621932, 0.9339888896645003, 0.7363124549566383, 0.9210913645028144, 0.9201821291691625, 0.8226115479874421, 0.9535720735332043, 0.9262867521707524, 0.9570885708774315, 0.9572481083043939, 0.9523806075464736, 0.9804241140738302, 0.9803662017211886, 0.9760463168944051, 0.9658503233371514, 0.9770189808207191, 0.9757355711897904, 0.9773342805158143, 0.9770132888218116, 0.9484446937585829, 0.9502640850202948, 0.9468389649683893, 0.946406271113426, 0.8952158053595924, 0.969227704934507, 0.9659560647336392, 0.9731471974164057, 0.9720756758406975, 0.9264910882631148, 0.8198296813489809, 0.7702202748826671, 0.845924140697927, 0.8946929930493052, 0.8741625989608542, 0.8836670567190055, 0.882439456076797, 0.6512404493797661, -0.5872858144419701, 0.9644952031648899, 0.9458137563650756, 0.944501887259968, 0.9773499517979344, 0.9250089033009229, 0.9696771416687833, 0.96913881993163, 0.9262959946068011, 0.9719788102937272, 0.9312040557149853, 0.5797897727282175, 0.8694933137033928, 0.9360324633347559, 0.08035449550200316, 0.888629404959454, 0.9177668754969089, 0.797533938871551, 0.9614192864537867, 0.8765601226283387, 0.5294500546405718, 0.2489487770087233, 0.863386802458906, 0.8126865431249637, 0.8642329969895512, 0.9709876882468814, 0.9712078086319292, 0.6883802144075238, 0.6762147510759358, 0.7331033658443536, 0.3003844718074092, 0.6651742811366594, 0.7390492898207868, 0.7142844607175216, 0.6950573332736633, 0.714927315724816, 0.7174949984675201, 0.6958160329584179, -0.4499386357177821, -0.5233151107232571, 0.5927753790014423, 0.8914690545100609, 0.9291611778893523, 0.9395908425401467, 0.9147325705302717, 0.7985703065208031, 0.8969396869119622, 0.922304432020375, 0.9217554867532513, 0.8016358369302543], [0.9888941978292795, 0.9896924016648182, 0.989144390694788, 0.9897551159917151, 0.9923049232568207, 1.0, 0.9893903274899872, 0.989005909347361, 0.9883156494271516, 0.9668455369104749, 0.9775133934894548, 0.9889840851620386, 0.9899943308993682, 0.9890714398632086, 0.9891583881801231, 0.9919916562804144, 0.9900487589847586, 0.9899665540203204, 0.9899386756559743, 0.9877694540225245, 0.9889992486002686, 0.9962333916148718, 0.9909131130439117, 0.9883558608428524, 0.987982031417584, 0.9625416785510706, 0.9833142751780767, 0.9641316161667522, 0.9755871469245168, 0.9788485078517322, 0.9874331684516365, 0.9749416006387945, 0.9894285280113667, 0.9895195505710987, 0.9903569917819901, 0.9900483586131594, 0.9811937938160775, 0.9901723947601409, 0.9897484457937954, 0.989712349760531, 0.9895257542278658, 0.9895010052623048, 0.9940218036666758, 0.8881322214655899, 0.7474121764526004, 0.8774118450777785, 0.9207776931696923, 0.8548990596944455, 0.9432672954854638, 0.9144308516524318, 0.944786446393175, 0.9509869309773396, 0.9418800904003222, 0.9655433263190939, 0.9699895959457364, 0.9653095522700715, 0.9761968406398971, 0.9667830831360603, 0.9783353860620158, 0.9667804165840546, 0.9661848087944328, 0.9635584003598576, 0.956003852294824, 0.9428708460100294, 0.9423768091339664, 0.92664348395405, 0.97480822921481, 0.9669940941035942, 0.9660840575307533, 0.9642756663244317, 0.9431655062665668, 0.8475945151582587, 0.7995951028194921, 0.8679104771011604, 0.8887878380876721, 0.8957610791183275, 0.8800483566508965, 0.8781416188437033, 0.6207585980298908, -0.4857073741162715, 0.9715249174891499, 0.9645332197730353, 0.9616251272435956, 0.9665430193919197, 0.941676794296742, 0.9725219874232807, 0.9722012116993993, 0.9487193795344605, 0.9620325709403249, 0.9487653632164083, 0.5933935610303737, 0.7955551716873016, 0.9295867192251929, 0.1861343286589922, 0.9024132235574219, 0.9230414504234438, 0.8016494877251295, 0.9508745304947528, 0.8495807007957523, 0.6293141070818973, 0.3723473232728601, 0.8467316184639774, 0.8201869408429554, 0.8432692407461179, 0.9534054049248427, 0.9535072374341186, 0.7034534473012636, 0.6797885055824457, 0.7693404898796111, 0.3298618113746315, 0.7448634830495898, 0.7750021262136254, 0.7606399119053311, 0.7633681649727887, 0.7211873032596443, 0.7099157237216521, 0.6913695741412175, -0.24973896959285385, -0.374327133872509, 0.6441449163939063, 0.8910886072106733, 0.908961688675959, 0.9159893858089517, 0.9037589706493847, 0.8033497701051449, 0.877246586703659, 0.9007138584492589, 0.9006343550049167, 0.8474606280101452], [0.9973282052833949, 0.992196391947278, 0.9905455570045599, 0.9977141149948124, 0.999052623236173, 0.9893903274899872, 1.0, 0.9970012955205899, 0.9995078485377417, 0.9710380020543131, 0.9993797572012858, 0.9980149877532692, 0.9990413511077465, 0.9989540221690476, 0.9987116968676159, 0.998035000532734, 0.999824280404871, 0.999206228242082, 0.9992117611671046, 0.9996304200090902, 0.9991726015483057, 0.9905037634511534, 0.973062381607743, 0.9833374517007829, 0.9920447695377429, 0.9839010921613344, 0.970067685810329, 0.9387028519506839, 0.9925892797810679, 0.9917791207112487, 0.9929549538492963, 0.9707256737967876, 0.9987505481146784, 0.999803479297418, 0.9995962456391757, 0.9993610785123571, 0.9996104741614512, 0.9998358218703143, 0.9977680723166786, 0.9995547620385747, 0.9992256707804871, 0.9988082871241354, 0.98319349905311, 0.9363665315365073, 0.748736170240542, 0.9303913412511643, 0.9243753491328975, 0.8089522886503994, 0.961506706539283, 0.9399774071983185, 0.9624003079157949, 0.9601991067745665, 0.9559998304175196, 0.982169593726511, 0.9799741356418341, 0.9362272969499804, 0.9514501492466356, 0.966309657483627, 0.9666475474685472, 0.9682778879277756, 0.936823193198922, 0.881118454419709, 0.9392987720922417, 0.9527098528496519, 0.9293911032974941, 0.8677859610304882, 0.957827959491536, 0.9244441879055689, 0.9595051997607018, 0.9363312668764174, 0.7109796544501893, 0.8141241937455153, 0.7471321785075303, 0.8310640894639886, 0.8619914258741301, 0.8652118409604393, 0.8465564905910579, 0.8589218663117911, 0.23008335412658107, -0.5513093989428871, 0.9542835830788226, 0.9279012460056509, 0.9288939037013126, 0.9389706574750292, 0.9260691678504664, 0.9632637022258457, 0.9633461871091132, 0.9170324581817821, 0.9593324028150045, 0.8056601616908127, 0.5770957299793601, 0.8731244544962747, 0.913974785212395, 0.16646725318488653, 0.9125048098362195, 0.935608408260488, 0.7977602933387878, 0.9616226903210685, 0.8307895799522265, 0.6585424967575364, 0.3706030968412696, 0.8424695780059843, 0.8346927518633211, 0.8278189585968293, 0.9714945767975658, 0.9717971421247694, 0.7216488641120028, 0.6714050664580072, 0.7854038478319575, 0.2949031021934241, 0.7651629129338436, 0.7939522730740665, 0.7852468148893911, 0.7904890097831109, 0.710133332501771, 0.721424882417501, 0.6989149499243515, -0.23971107088929258, -0.3837460643954263, 0.6126262663187019, 0.8914492790906817, 0.9314118723119068, 0.9463546400648307, 0.9168060960205976, 0.8220214347939341, 0.9155690435026602, 0.9378452868887308, 0.9371865341640976, 0.7742521143395782], [0.9949170619550838, 0.9870001298753945, 0.9908390977954125, 0.9954829052483447, 0.9981462836600575, 0.989005909347361, 0.9970012955205899, 1.0, 0.9999834353791285, 0.9647005680159942, 0.9995968210848667, 0.999996835242917, 0.9996441545178171, 0.9999976981026503, 0.9999806473448464, 0.9962367275744936, 0.9989591046196437, 0.9998789986689366, 0.9998788348292668, 0.9999534257789962, 0.9999942617366453, 0.9906829948190861, 0.9739158733653459, 0.9912735577594768, 0.9925206514578101, 0.9801195001997006, 0.9722140360537153, 0.9370526340583286, 0.9889420707061026, 0.9945376692856583, 0.9917020139329857, 0.9673363721731114, 0.9994217912643791, 0.999467830110586, 0.9996091411621048, 0.9996619171519484, 0.9986236981333048, 0.9993672566997662, 0.9990833589496004, 0.9982512297724337, 0.9994924879752289, 0.9993513218672487, 0.9844917143549218, 0.9377446554520764, 0.7357245751707088, 0.9389728461841221, 0.9227301404010679, 0.7863247943396344, 0.9603352416060935, 0.9350304874147191, 0.9608832079051706, 0.9538117463032579, 0.9496867669490554, 0.9803126116762059, 0.9767352517857912, 0.9299765211290759, 0.943911588612433, 0.9574874543968538, 0.9618117222887692, 0.9600214047687904, 0.9347115184847802, 0.8684201316838526, 0.9322876462705691, 0.9442560276016366, 0.9230504750971719, 0.8510297918726617, 0.953287147423094, 0.9159789641165451, 0.9520075401243733, 0.9304355666710832, 0.6916754426891215, 0.80294608836942, 0.7419328802635162, 0.8197388533052055, 0.8520331059427847, 0.8582756061099515, 0.8409151394580946, 0.8499930014068928, 0.20755970050381337, -0.558848062088714, 0.9478534710622324, 0.9154433608631508, 0.9187760457770943, 0.9365623038783765, 0.9171923309449698, 0.9571022211571941, 0.9571954210149453, 0.9082552897438362, 0.9499913210619659, 0.7883393796788066, 0.5710128091514316, 0.8981005224702493, 0.9274360672060414, 0.15161819595517176, 0.9113154172516122, 0.9348351340525392, 0.7948379652505944, 0.9666811640406223, 0.8353169996537724, 0.6448218171869701, 0.3557341296262358, 0.8443934058221673, 0.8318898048372033, 0.8319686586693292, 0.9747595495509029, 0.9750609128277885, 0.7112977551157191, 0.6618362829302894, 0.788089643415494, 0.2787183695036527, 0.7602179456627869, 0.7900344795650291, 0.7871952132694872, 0.785298093366899, 0.7019047764456634, 0.7147092230179393, 0.6914436151519352, -0.2576792736380946, -0.40081806671814574, 0.5913583697116256, 0.882549589245272, 0.9294394839111145, 0.9386429199199497, 0.9101952863021585, 0.8101829283715986, 0.9091171092529052, 0.9316136222456182, 0.9312238158331769, 0.7531481837342165], [0.9951912521475247, 0.9870488904886322, 0.9941772848915207, 0.995875522606206, 0.9981988254493066, 0.9883156494271516, 0.9995078485377417, 0.9999834353791285, 1.0, 0.9639766154538303, 0.9995954270187462, 0.9999810440541161, 0.999824416993087, 0.9999895390731618, 0.9999966760671234, 0.9989311751956931, 0.9989020187514339, 0.999808273754818, 0.9998075977075979, 0.9999654481672259, 0.999982006222769, 0.993329540112728, 0.9749258296228958, 0.9945768294738796, 0.9947491090193287, 0.9801283046260464, 0.9763155231734424, 0.938132087981531, 0.9894595729866273, 0.9935995204171474, 0.9886919654858255, 0.9626796936923261, 0.9993280793837724, 0.999408724940707, 0.9994035525586291, 0.999824433578013, 0.9986354142246807, 0.9993611253961423, 0.9992995384171725, 0.9982348978120056, 0.9993206510389093, 0.9993155443045906, 0.9887165436380114, 0.9379128097241575, 0.7366956248361913, 0.9392383042799044, 0.9233587009375671, 0.7865256581479921, 0.9488371179547774, 0.9210971421871981, 0.951905740261731, 0.9513174366138163, 0.947185202022238, 0.977466011352358, 0.9769027125762489, 0.9637960601990694, 0.9444007854434406, 0.964689896130636, 0.9618481954324878, 0.9651083249531631, 0.9647239986643148, 0.933838747586389, 0.931464512331382, 0.9347558255908588, 0.9343330397035677, 0.881927433455035, 0.9536328075340552, 0.9550533575239223, 0.9614575710781931, 0.9601063568194331, 0.911558535447315, 0.8021541597212429, 0.7463342701187683, 0.818923551524029, 0.8733879505397479, 0.8561138398489844, 0.8642631558089843, 0.8632148467887858, 0.5926809610008025, -0.6227209803703616, 0.9477279757247834, 0.9154806270733378, 0.9188427209342013, 0.9653422110873464, 0.9073477369454773, 0.9565019404476974, 0.9559144610243703, 0.9089982611007653, 0.9590835151081333, 0.9142338639887455, 0.568993776085139, 0.897723589028396, 0.9433001589527936, 0.09170556323085363, 0.8956583540197391, 0.923879663394173, 0.7938874052056422, 0.9652098144607458, 0.8830390631662399, 0.5544793790228055, 0.2739481361117884, 0.8704703460987, 0.8208829212926002, 0.872024682630829, 0.9746804892378336, 0.9749775769329196, 0.7091636808623615, 0.6587628306083687, 0.7491577912000518, 0.27629592621248505, 0.6832597260657108, 0.7546310711944227, 0.7318989631289654, 0.7133210276351808, 0.699021968037697, 0.711281467256169, 0.68796724200577, -0.5011061419064435, -0.5763059606007068, 0.5910904127411873, 0.8813880846992562, 0.9278447684921383, 0.9394375851947859, 0.9091423188862827, 0.8047571717385279, 0.8967615078244783, 0.9210754645520955, 0.9205033723610185, 0.8101341842319814], [0.9798791469361873, 0.9655019094441314, 0.9528601091278313, 0.9796993235352021, 0.9726004003605101, 0.9668455369104749, 0.9710380020543131, 0.9647005680159942, 0.9639766154538303, 1.0, 0.9472544444967094, 0.9651039865344129, 0.9639667427798666, 0.9648237854284873, 0.9643661924593281, 0.9662104005553158, 0.975915755772313, 0.9696955947860543, 0.9696985670297805, 0.964880181002563, 0.964955415968634, 0.9648347739712382, 0.9502910273197622, 0.9720837833055928, 0.9699120620375256, 0.8777517720167655, 0.9682843260490965, 0.9482486490745283, 0.9743774952401508, 0.9679872445197422, 0.9681078674594058, 0.9319507895489474, 0.973512836510363, 0.9730616265203198, 0.9735741402707642, 0.9651225080888514, 0.955729193242564, 0.9725436839851007, 0.9733845399133776, 0.9774759551357758, 0.9737102313906724, 0.9737260226748876, 0.9553818995002054, 0.839489977807034, 0.5577594932797197, 0.7755773230498323, 0.8938787118632919, 0.8809534140219217, 0.9018798961030496, 0.8187114362788694, 0.9063984661688318, 0.9141263633033209, 0.9036260263501152, 0.9287454755512031, 0.9285910663076175, 0.9446078805200419, 0.9359572118623538, 0.9551561728633109, 0.9486244045773558, 0.953352951120997, 0.9533857989806759, 0.9132089378171092, 0.9510827599115188, 0.9338893506673003, 0.93356574840957, 0.848742298744564, 0.9363691062707195, 0.9448415722905726, 0.937719272082568, 0.9367252479077546, 0.8882349178297895, 0.8102072873872435, 0.7648792989698482, 0.855375758859069, 0.9100916135058326, 0.8798272114085479, 0.8949792812780887, 0.8942187660563314, 0.6948133664327358, -0.2988026262077495, 0.9528285286363153, 0.954358744313869, 0.9457157482603533, 0.9465625389774713, 0.8971147635478939, 0.9541838261605858, 0.9540435616118118, 0.8992201097036617, 0.9565273844550011, 0.9052263736011584, 0.6892843196328688, 0.6425488575147036, 0.8596706850991735, 0.09393240387493008, 0.844435753559962, 0.8845959327741354, 0.8697491398016935, 0.9475730310471744, 0.9040256408784615, 0.46197715953938456, 0.3027163581956337, 0.8964002392219844, 0.8709599116551808, 0.9024323503521434, 0.9480069781969143, 0.9483621425083733, 0.5367459641207192, 0.6987773440406047, 0.61292328918495, 0.48236626443590763, 0.5706465675123333, 0.6276987386449009, 0.588242496306164, 0.565547336032418, 0.796947299015523, 0.6741313683578853, 0.6387355577709327, -0.26806005593471444, -0.3127224580411335, 0.7389771363548401, 0.9159222225605853, 0.921890170095692, 0.9076088889292987, 0.9406505405050671, 0.6478112259886042, 0.8371471878690361, 0.9078052622326838, 0.9069135953265078, 0.6910072809223458], [0.9910565047569898, 0.9897842244863407, 0.9966049877902722, 0.9928011107132575, 0.9973696541849557, 0.9775133934894548, 0.9993797572012858, 0.9995968210848667, 0.9995954270187462, 0.9472544444967094, 1.0, 0.999631474268867, 0.9996057068718732, 0.9996142937711446, 0.9996230298837327, 0.9993380764412111, 0.9983738711800734, 0.9999491483889515, 0.9999496632982399, 0.9996130056886071, 0.9996238751596237, 0.9888731410714651, 0.9526178484499728, 0.9898991633527789, 0.9911740317634384, 0.9855587673840033, 0.9662609709384511, 0.8856540729123834, 0.9880846004299699, 0.9920231375000617, 0.9710418181988214, 0.8907678018245327, 0.999084280762317, 0.9991576176848831, 0.9990743550758778, 0.9994255445120466, 0.9993493960735381, 0.9990931469797713, 0.9989415258576646, 0.9971190222562041, 0.9990508158975463, 0.9990481348887915, 0.9883414951992455, 0.9318113787989132, 0.6093588162010781, 0.934186442427413, 0.9228258081280484, 0.7917416492839185, 0.8693981056185793, 0.8898771969544725, 0.8750978029582421, 0.8803079270539258, 0.8662040416843574, 0.9502597104499036, 0.9501741601249313, 0.9437782138745376, 0.9464326820213312, 0.9336648263197808, 0.9363266034160637, 0.9388863460832833, 0.9386748888088665, 0.8815623002311177, 0.8934193319751029, 0.8460937465722878, 0.8458911842341852, 0.7089044875938065, 0.9395097404745839, 0.9432988014419099, 0.9436669210404818, 0.9429724922977166, 0.884852167550192, 0.549254557407462, 0.48273755303797483, 0.6522160421780073, 0.7641363042052767, 0.6812604461261121, 0.7263292608604323, 0.7252800768279958, 0.46850486178602363, -0.39335035050327666, 0.9076673849128446, 0.9198567720181293, 0.9072893146724189, 0.9455807500336211, 0.8748619366714301, 0.9146957472423703, 0.9132078267099067, 0.831835866193729, 0.9199176157564131, 0.8410409765763796, 0.43637808607829853, 0.8929073643610423, 0.8926392167721716, -0.2476779523915763, 0.628966806151641, 0.7302395944936981, 0.626700322325645, 0.9664193260693588, 0.6469212145566059, -0.12350190739892276, -0.1546364190697262, 0.6186328551159972, 0.6241228150158028, 0.66638710736123, 0.9679075744499789, 0.9679636736890741, -0.05143297291890255, 0.1661814699198613, 0.030649235552658572, -0.0016990230115739157, 0.024274501894396474, 0.043167813466808744, 0.010734922740871376, -0.03365340493857924, 0.33683564593312104, 0.0812602638154462, 0.031620237916291365, -0.5278611661185935, -0.55527503365659, 0.5912643988988282, 0.7316732578448618, 0.7540852357121367, 0.819855716077323, 0.8174242079083497, 0.4952477910859215, 0.7141243218296678, 0.7528035164367702, 0.7514613132211813, 0.4011949865071912], [0.995071733946104, 0.9873042900898326, 0.9907473060997873, 0.9956201292019445, 0.9982036461017577, 0.9889840851620386, 0.9980149877532692, 0.999996835242917, 0.9999810440541161, 0.9651039865344129, 0.999631474268867, 1.0, 0.999630847783304, 0.9999976066903883, 0.9999837717922841, 0.9969059931000035, 0.9990272935723382, 0.999891204738741, 0.9998911228442089, 0.9999614559278401, 0.9999947370838549, 0.9906024228883287, 0.9738045051431432, 0.991924476327122, 0.9924900896060203, 0.9803762440358398, 0.9720622838625036, 0.9370951162937534, 0.9898173202731363, 0.994577634043278, 0.9917620827912585, 0.9674656575896088, 0.9994627564655082, 0.999512048976132, 0.9996431065429305, 0.9996647645596488, 0.9987229680036439, 0.9994143098848824, 0.9991208501741439, 0.9983416332974936, 0.999534983516646, 0.9993930110389341, 0.984318293131319, 0.9379604677684661, 0.7363835733575986, 0.9388130435043874, 0.9229464736131026, 0.7875147969633932, 0.9606255414706848, 0.9354346272050198, 0.9611827776784821, 0.9541590357890615, 0.950047860592372, 0.9805356384149694, 0.9769048829084482, 0.930340903743641, 0.9442391723999753, 0.9578627001469908, 0.9620353179111518, 0.9603863697793167, 0.9350048210792093, 0.8687409941582801, 0.932656588926254, 0.9447209057150097, 0.9235108937125174, 0.8515630854768974, 0.953469222698751, 0.9162832566244636, 0.9523106979836841, 0.9307840525148545, 0.6919464748799301, 0.803529738719852, 0.7425262733849187, 0.8203195839569819, 0.852472788577479, 0.8586293916416995, 0.8413925277717831, 0.8505013500633456, 0.20801716840005519, -0.5586177167430592, 0.9481652299944825, 0.9160603017886693, 0.9192566249625671, 0.9368404259943732, 0.9175817460215282, 0.957404942617944, 0.9574978989020596, 0.9086095070029641, 0.9503913277481775, 0.7887345710675486, 0.5713523340673521, 0.8969869156437892, 0.9268886807235629, 0.1523726628584913, 0.9114141525996676, 0.9349229136941944, 0.7951463693147989, 0.9665102506235785, 0.8357287156489559, 0.6457606618364898, 0.3566822101728618, 0.8448318389844505, 0.8324130426572592, 0.8323675787056448, 0.9746781442027305, 0.9749801182704775, 0.7119537043581131, 0.6624865646779301, 0.7886245481856011, 0.2796728141616109, 0.760889273636165, 0.7906814058833586, 0.7877346381492627, 0.7859754008683763, 0.7023647538265235, 0.7151683188086448, 0.6919363092811732, -0.25659419116243115, -0.3998285581723561, 0.5920529207999059, 0.8830515741063808, 0.9298213879175784, 0.939122805146927, 0.9106308941661697, 0.8107217959126365, 0.9096382456533234, 0.932121504464373, 0.9317171095487878, 0.7538049473880254], [0.9942398510417902, 0.9870859114972724, 0.9927138642533029, 0.9950019343034326, 0.997932582496387, 0.9899943308993682, 0.9990413511077465, 0.9996441545178171, 0.999824416993087, 0.9639667427798666, 0.9996057068718732, 0.999630847783304, 1.0, 0.9996674895750661, 0.999650805593743, 0.9990430656076037, 0.9984148196567176, 0.9994380879985312, 0.9994317917307479, 0.9996455525346244, 0.9996207329251982, 0.9925799610529134, 0.9754455818547075, 0.9953915504801487, 0.9952834970630912, 0.980169887352466, 0.9749342406164396, 0.9397407710208044, 0.9890342224297145, 0.9926250587210119, 0.9908632056050845, 0.9650702740669168, 0.998741423361269, 0.9990429308148546, 0.9992351178842617, 0.9999234251502195, 0.9986618368533161, 0.9989908720701158, 0.9985484345637561, 0.997549718338945, 0.9987311211415616, 0.9986548221206596, 0.9882477155869467, 0.9379536867287335, 0.73265686807528, 0.9389941324803978, 0.9228835761262484, 0.7867767477182769, 0.956986481253209, 0.9282982784893233, 0.9578041344232426, 0.95084279840956, 0.9462035738655198, 0.9770088344176028, 0.9748507525918233, 0.9548067581137186, 0.9438357418093812, 0.9580712390025387, 0.9609918500441802, 0.9601085203669694, 0.959404755321867, 0.8728247667506068, 0.9292582646319582, 0.9429454070545024, 0.9427009402645873, 0.8493891490528054, 0.9535901745291957, 0.9288911896124071, 0.9541928274623181, 0.9526974819280543, 0.6959491118289827, 0.8001418119923781, 0.7644882127133906, 0.8175985340483661, 0.8539419594376427, 0.8575028092714778, 0.8492483210773285, 0.8494596821000487, 0.19143556704548095, -0.5532418877270309, 0.9469586149739719, 0.9156695029822457, 0.9179325855078324, 0.957938777594337, 0.916673861464279, 0.9559028495269053, 0.955950932400876, 0.9078838930893254, 0.9506739087293516, 0.7956613326898951, 0.5718591045141884, 0.8976341349318372, 0.9271522935688505, 0.14661494264304592, 0.9090169557230431, 0.9329273617034631, 0.7962684792398803, 0.9693303236808143, 0.8290521123133402, 0.6379625061698752, 0.3505121535061174, 0.8359094702651015, 0.8270794581867209, 0.8239599387973165, 0.9767263796896789, 0.976979797643444, 0.702546863805751, 0.6567559639097997, 0.7672658564863947, 0.27935148481251726, 0.7507424623189684, 0.7792125343626083, 0.7557206191833256, 0.7747925747596653, 0.6998315190593573, 0.7044582947643865, 0.6814949471585423, -0.2635790479814573, -0.4051764458749075, 0.5915736349567696, 0.8808385020092929, 0.9314547766483281, 0.9346795220287735, 0.9098422331949165, 0.8027136159146183, 0.903102494001282, 0.9251551836935854, 0.9253768335422392, 0.7483137785381192], [0.9949756913453927, 0.9871427998730055, 0.9909061030291701, 0.995539699965322, 0.9981830960621435, 0.9890714398632086, 0.9989540221690476, 0.9999976981026503, 0.9999895390731618, 0.9648237854284873, 0.9996142937711446, 0.9999976066903883, 0.9996674895750661, 1.0, 0.9999880069523174, 0.9985419880652009, 0.9989776666368417, 0.999882867001834, 0.9998823619403501, 0.999955658577355, 0.9999919552865906, 0.9907227339663499, 0.9739736622628287, 0.9938368350421093, 0.9937037859640604, 0.9802709171958554, 0.972260707363893, 0.9372487004985856, 0.9923143091454211, 0.9949164232650608, 0.9916406622318574, 0.96722948628253, 0.9994385732996584, 0.9994735073287508, 0.9996200047094141, 0.9996820714041402, 0.9986699372478831, 0.999379542129341, 0.9991529961990178, 0.9982729309722175, 0.999506806229953, 0.9993689373060539, 0.984473594654247, 0.9378062090703965, 0.7358243652874334, 0.938936156798164, 0.9228858134829478, 0.7868836821763785, 0.9604468842927448, 0.9352158029859325, 0.9610375894504882, 0.9537823904603367, 0.9496322556748091, 0.9803641959748354, 0.9766991734134952, 0.9303576167379217, 0.9440848359837652, 0.9577014154372087, 0.9618825597595094, 0.9602173306657185, 0.9343778642053481, 0.8686819074049137, 0.9321162582018584, 0.9443377017007177, 0.9233206077508093, 0.8511762335896932, 0.9534682995041467, 0.9164312749127295, 0.9522711368503347, 0.9308369234978685, 0.692107625549562, 0.8028847250302104, 0.7422551364471475, 0.8197253014225042, 0.8522380150915968, 0.8582412372210085, 0.8411028482661367, 0.8501993982387409, 0.20794470073381283, -0.5585031025522387, 0.9479228074686757, 0.9157358600787862, 0.9190037597334396, 0.9343371130378982, 0.9174674245065045, 0.9571834370878505, 0.9572733603073572, 0.9084454239826674, 0.9502050770320959, 0.7886644696997914, 0.5711048371226457, 0.8975782043273199, 0.9272666862693367, 0.15159854437510023, 0.9111697472019052, 0.9347213005013922, 0.7948458399460818, 0.9666982612873527, 0.8353856994112249, 0.6447035348687065, 0.3556211550034171, 0.8444455491657893, 0.8320686077482167, 0.8320301402490674, 0.9748153266529043, 0.975112959447559, 0.710826514220655, 0.6614056952561425, 0.788097767509941, 0.27905677663039785, 0.7602157461232866, 0.7899728816157666, 0.7873990339298134, 0.7852109715379413, 0.7017983798825718, 0.7138362913742439, 0.690608545102269, -0.2574583370415003, -0.40059206446229056, 0.5917554315026974, 0.8824745667881483, 0.929606789022414, 0.9387292868104332, 0.9102569622004797, 0.8099947256658896, 0.9093782477215218, 0.9316949189680909, 0.9314243020463672, 0.7532908916600544], [0.9951243509232385, 0.9872526096134926, 0.9908054725199446, 0.9956640654615605, 0.9982495066330596, 0.9891583881801231, 0.9987116968676159, 0.9999806473448464, 0.9999966760671234, 0.9643661924593281, 0.9996230298837327, 0.9999837717922841, 0.999650805593743, 0.9999880069523174, 1.0, 0.9985396992941673, 0.9990119960442387, 0.9998792475455092, 0.9998793021838109, 0.9999554652470329, 0.9999763482499329, 0.9906217702901292, 0.9739761479498064, 0.9922151510123809, 0.9922730032168152, 0.9803998984686065, 0.9719557685950981, 0.9372361684270148, 0.9923576016340836, 0.9944980527760712, 0.9914906931148587, 0.9671523755711834, 0.9994823502845184, 0.9994619699698102, 0.9996111031036372, 0.999672027333564, 0.9986939664376759, 0.9993883743412662, 0.9991869943203104, 0.9983307193088463, 0.9995415610769925, 0.9994182530319267, 0.9842234241184884, 0.9377936604921632, 0.7366313004047972, 0.9389897977406295, 0.923383468607989, 0.7872181721183924, 0.9610812041891312, 0.9363710803835306, 0.9617387980738898, 0.9540532936390547, 0.9499173827168601, 0.9808803476138545, 0.9769145511276537, 0.9312108023777232, 0.9445884882155164, 0.958130096060747, 0.9620463833053421, 0.9606549661293474, 0.9358106947596497, 0.8688523147885072, 0.9316585654718832, 0.9446766433115058, 0.9241086652656206, 0.8511022841111674, 0.9538867574278362, 0.9171212521882035, 0.9528414494955458, 0.9318129917463607, 0.6918824322367012, 0.8024824403453258, 0.7433640511804513, 0.8192370165132649, 0.8522453030893706, 0.8577171333380379, 0.8416560711111828, 0.8506247966717347, 0.20755266505280986, -0.5579603298176536, 0.9479500273214212, 0.9159643754931199, 0.9192322321527531, 0.9377080673139754, 0.9181874449248415, 0.9573352402900646, 0.957476628762437, 0.908795136965926, 0.9505893615810417, 0.7886134415125133, 0.5696987729871131, 0.8972339266035887, 0.9269382899309337, 0.1502869067748191, 0.9106541909373952, 0.9342038984195892, 0.7939210241363847, 0.9663027067368399, 0.8363707746053919, 0.6443429674073903, 0.35475143722822405, 0.8450012507506346, 0.8324770494477923, 0.8328094743184761, 0.9745826512355635, 0.9748798159175254, 0.7095089066047059, 0.6591451768467933, 0.7891996863208246, 0.2773637882048734, 0.7604574312371323, 0.7903583528794167, 0.7886826351465026, 0.7854186956382206, 0.6999457291057697, 0.7114869662007409, 0.688225128332493, -0.2566120272849504, -0.39982183945776806, 0.591323767869576, 0.8815946940433107, 0.9301997777447724, 0.9392353780360118, 0.9094634845669883, 0.8101531428355516, 0.9104176461755766, 0.9322866936391199, 0.9321673177651048, 0.7531627078552682], [0.9963410649347687, 0.9926862491023851, 0.9913568886177793, 0.9968770484640701, 0.9985037526988039, 0.9919916562804144, 0.998035000532734, 0.9962367275744936, 0.9989311751956931, 0.9662104005553158, 0.9993380764412111, 0.9969059931000035, 0.9990430656076037, 0.9985419880652009, 0.9985396992941673, 1.0, 0.998665546256258, 0.9989224039184358, 0.998920350481481, 0.9987471353231743, 0.9984285380201887, 0.9920318160117915, 0.9767343010507072, 0.9827007446410806, 0.9893624992898687, 0.9870958583473348, 0.9739495095315175, 0.9450304433775738, 0.9934824831021527, 0.9933022399116865, 0.9906050298337503, 0.9675833940941515, 0.9987767876616506, 0.9987404957979815, 0.9989570087780486, 0.9985583538820486, 0.999349437947626, 0.9988712125844353, 0.9989032345182409, 0.9981300388110461, 0.9986494327930723, 0.9987276555938815, 0.9829689451463541, 0.9308130844545647, 0.7432202324248007, 0.9314129756531019, 0.9261518798011888, 0.8058631488446867, 0.9646943649192997, 0.9407624501174475, 0.9659541565362083, 0.9545263557743073, 0.9490637698662169, 0.98164636247238, 0.976663952054607, 0.9443242190317667, 0.9543186203889001, 0.965259718568389, 0.966573220258868, 0.9668890377991156, 0.9478194681715196, 0.8810808332286891, 0.9356815838240974, 0.9498458209266628, 0.9354731846984286, 0.8623808871843914, 0.9602703874311542, 0.9311671706764176, 0.9606417802047273, 0.9449318548661436, 0.7100781190372141, 0.810507869102324, 0.7615750459161201, 0.8285545714072236, 0.8651797950576059, 0.8650743165159872, 0.85