var element=document.getElementById("correlationAdjClose");if(element.style.display!='none'){var correlationAdjClose={"data":[{"type":"heatmap","z":[[1.0,0.9999944781870194,0.9863128667105296,0.99993309528035,0.9991713328766445,0.9836748803709766,0.9978690539043454,0.9962901413434452,0.9707421143942241,0.9965016744608824,0.9946302951715811,0.9939415172365345,0.9963889029665298,0.9964205121190329,0.9963326458155476,0.9977227712538076,0.998039588808127,0.9983385953756142,0.9968481468757551,0.9968594993428946,0.9968326634712207,0.9963569987943893,0.9882449921653482,0.9731097254694776,0.9906240072730553,0.9595319638066867,0.9897506583734641,0.986992033570028,0.9706001626051904,0.9565392554575035,0.9925099586846984,0.9939311136759236,0.9929088932209913,0.9791904519541645,0.9977797745522441,0.9979108036540345,0.9976026094569913,0.9964694838429243,0.9955759083311195,0.9977969673930204,0.9986699968677949,0.9987040960997687,0.9977572377765771,0.9977673725900071,0.9777728526446253,0.9236214382788597,0.9539553727187811,0.9398042397232225,0.9396728474737379,0.9181993525129521,0.9641785704394463,0.9512941979111594,0.9660033832360867,0.9683650958319744,0.9575084743296205,0.9847478416922619,0.9824911783589665,0.9910238646587023,0.9942936554034901,0.9875017854281118,0.9826097987790167,0.9882176197530899,0.9866611911108201,0.9887567884030374,0.9886214337766048,0.9568585559981337,0.9760479789513564,0.9767397061739002,0.9764902013488607,0.9458987396815541,0.9819388627426167,0.9788719050375212,0.9859626362609859,0.9853212829543943,0.9416643783393578,0.8988278789653485,0.8684071195538029,0.9136456278256848,0.9285426650933105,0.9264010719037782,0.92668983066096,0.9254925219361201,0.7244298926121084,-0.54159554658364,0.9809792844048443,0.976135215837737,0.9736679570330964,0.988138172666709,0.9743161607993359,0.9846034976284158,0.9845856097955206,0.9445618883382807,0.985287515310206,0.9477252943779015,0.7995022932669577,0.9182588577665398,0.9345086790708252,0.8202552097704409,0.9552993339268717,0.9560047396255343,0.9022223283806846,0.9678250630189178,0.8952979811478858,0.5829924827902774,0.7281904612910539,0.9025020620296447,0.8728947065838718,0.8938560680215791,0.9757683618279978,0.9759215771330679,0.7886587999263596,0.7521903602995572,0.8254773381471185,0.4559902724583917,0.8076471400846743,0.8296147410209559,0.824766627442658,0.8176235998890925,0.7927540816829908,0.7560906667890631,0.740436219065708,-0.2856805519431486,-0.4263965721016925,0.6964839031367847,0.8914090095313169,0.9314208015210758,0.9412528007316231,0.905607135372086,0.8287564451717807,0.9092575482379562,0.9250287364838514,0.9248444915125159,0.8604726027740858,-0.1452834582289152],[0.9999944781870194,1.0,0.9897421192717826,0.999853394299207,0.9983031839095718,0.989760182737169,0.9942227382959268,0.9918287560341998,0.9870367872847255,0.9918375143306781,0.9918621012142246,0.9932640097764166,0.9919337787193271,0.9918321900731291,0.9918894161978657,0.9939598169758561,0.9963008282067811,0.9958625129336783,0.993889702066783,0.9938977725512621,0.9918813798611062,0.9919281815682808,0.9925254233214753,0.9773410569196983,0.9883438617953905,0.9841795645716589,0.9883868283839712,0.9869422914508997,0.9821876565198862,0.9401227346195155,0.9899231990884036,0.9878614593681246,0.9829019213102873,0.9420543907586182,0.9952480564364139,0.9951830113785851,0.9953842697211555,0.9922799405891835,0.9949754785987898,0.9954025503278344,0.9966385485294781,0.9968268994801172,0.9953976057805376,0.9954088461561909,0.9912104655781357,0.9232801824062178,0.9008407145336967,0.9395938680004514,0.9396401447770955,0.9181804370427691,0.8921947055696963,0.9325514700541911,0.8943654809150985,0.9227961584674175,0.8920626462588446,0.9592639491038027,0.9592505716039244,0.9727892260348819,0.9853460709568093,0.9832560158740802,0.9847549033383068,0.9793190218056788,0.9816403520179146,0.9806697659340757,0.9805510725948645,0.9439470421969881,0.9631999594193449,0.9375832316921402,0.9374084090800058,0.8686154677439528,0.9814329780893141,0.9826542578543129,0.9828399700880992,0.9824149171500764,0.9537896057065697,0.8020332959204955,0.7668160674199961,0.8548277984930978,0.9094318287996936,0.8695495710218655,0.8899629955903077,0.8889046260887651,0.76752410984617,-0.14416017926503966,0.9711635863318946,0.9740869321379161,0.970860639448925,0.9836749728969452,0.9674362128396178,0.9736707977446943,0.9730239507016211,0.9304020568610211,0.9750750746594069,0.9324798399044111,0.7328390165787707,0.9177736744696511,0.9171780100968169,0.5661222372634704,0.8516328717833268,0.8556515854590548,0.7583586433275745,0.9682395124750061,0.7321181448045274,-0.30915939594939457,0.2470130231637842,0.7583278300998417,0.7089735161633481,0.7512485196467001,0.9697687816178887,0.9697999770137823,0.19474557287735855,0.3665051773833308,0.20167358355895385,0.17356563408175377,0.19475505809227642,0.2081250814509957,0.20521275228079136,0.12586266391771106,0.5497844970004239,0.28355269605652494,0.2335996165928964,-0.4333339387595098,-0.481875582344967,0.6960639452582867,0.7598038329164122,0.7833352559252199,0.8460566587837419,0.8220685735482481,0.5966774794941353,0.7710720700180406,0.7778043146775993,0.7767372185940399,0.4381094569473914,0.23673915117121397],[0.9863128667105296,0.9897421192717826,1.0,0.9876137231078812,0.9934154597028632,0.9913223072192717,0.989577689343389,0.9903242627119497,0.9911989169928866,0.9929520955317708,0.9969019545817602,0.9960739286030489,0.9901770452018518,0.9922863713851766,0.9903785259412221,0.9898382901971141,0.9908059445608334,0.9899975592944302,0.98900303774549,0.9889751454764899,0.9918378858292373,0.9902043534915691,0.9950894073070566,0.9852046479844572,0.9910715647872693,0.982226293503076,0.99169688435178,0.9875682756119301,0.9871929442188407,0.9622843774535179,0.9694137262109443,0.9736769224974392,0.9774656281872567,0.9569507044924885,0.9869449628959106,0.9900449978420949,0.9884203715434994,0.9919766913191395,0.9946960474363682,0.9908452375325172,0.9849328051781664,0.9878532770219288,0.9873128545248663,0.9866920071262171,0.9925968644286238,0.9192821129016453,0.9379997070330207,0.9490589977462871,0.9323174106876791,0.8792218453113291,0.9224116031907936,0.9077705126037091,0.9251836784185027,0.9319796187623064,0.9159948142389363,0.950549691609902,0.960033535305101,0.967978343691027,0.977392077442065,0.9437368872063906,0.9665154484310399,0.9660663361911009,0.9723576197228582,0.9663041349222306,0.9423518889363313,0.9244723197097785,0.9503561334710957,0.9408710621649116,0.9230153519970917,0.8982979760450817,0.9728628579953575,0.9528802673809841,0.9658364340635254,0.9457651813009795,0.8415305046626644,0.8619625300104701,0.7802640631928981,0.8788566358815483,0.9021349584907655,0.9041283489006556,0.8715113892086417,0.885745857232985,0.4429080467620739,-0.5277050784585217,0.9631933280641135,0.9507125905575594,0.9505266274647496,0.9437121717092035,0.9577223783935901,0.9657418487218781,0.9653646857774896,0.9336520156761342,0.9614777221985946,0.886463786036403,0.7840199612999806,0.9558334230310772,0.9546267828599221,0.8013609121261015,0.9430531230766567,0.9446308153156848,0.8751075921125192,0.9806026540487698,0.7755719128268974,0.4873770922132858,0.6726036282208268,0.7978731851741464,0.8002227629841726,0.7789240719869696,0.9826626218841363,0.9826689162587725,0.7195838097736793,0.7010269134047514,0.7110379171346807,0.4055772655397851,0.7091637619950928,0.7161157821802805,0.7253565203263779,0.7158829259084469,0.7565309123775591,0.6924246862221723,0.6757773298368518,-0.3443411612345249,-0.484840457182678,0.665020656472454,0.8536484824251983,0.8783956393672507,0.8868040264324162,0.8779889158359607,0.7626162245998234,0.858100724221963,0.8679540901577317,0.8748468058476151,0.7352260309515682,-0.06806373316765396],[0.99993309528035,0.999853394299207,0.9876137231078812,1.0,0.9994003425242299,0.9847482543499548,0.998092997172637,0.9966843336476294,0.9728347776835078,0.99694097545126,0.9953087976905035,0.9948261101624619,0.9967661207555167,0.9968833018343286,0.9967263392575083,0.9979747617383553,0.9983521353055537,0.9985812676609276,0.9971921003773101,0.9972011645315211,0.997205461521415,0.9967385964799271,0.9893707050912598,0.9744389149210693,0.9915230920156105,0.9619719543621884,0.9907503212372106,0.9887419165662091,0.9724770325940748,0.9576766951981266,0.9918558209822017,0.9934552359316129,0.9928356359739607,0.9787851972713569,0.9978512057103821,0.9980974955616196,0.997809669957255,0.9968979591236861,0.9960547635916502,0.9980166259464337,0.9985666420435216,0.9987777790725079,0.9978247098922814,0.9978320263362369,0.9794925931056204,0.9202479576099717,0.9519531916502136,0.9397452005276148,0.9377396177530876,0.9122520374349024,0.9613440883182672,0.9481271685767804,0.9630816516671616,0.9660213713242298,0.9548571231336128,0.9827298018969715,0.9810660442032997,0.9901940103288658,0.994090469385427,0.9862117739378964,0.9815546169273365,0.9871030952793423,0.9861087602220353,0.987569809213813,0.9874270566304459,0.9483362821526261,0.9748976720346327,0.9754097168334634,0.9751556247779584,0.9414558327674896,0.9815092764944416,0.9763212355767978,0.9846739711070269,0.9839997985353494,0.9238484225999485,0.8974678197193143,0.8649533890896852,0.9120849286639565,0.9260028877972786,0.9259737242570926,0.9244889945140969,0.9233293145515198,0.6400389210629818,-0.5410928438229257,0.9802192432049679,0.9749675244543546,0.9723140844418218,0.986850991508336,0.973680287320246,0.9839227926155687,0.9839009958333995,0.9442172781669805,0.984008996462959,0.9348015325448881,0.8029686129915921,0.9231108590482761,0.9382447904656978,0.8218154443363531,0.9564971056924862,0.9572280020652325,0.9017652737320917,0.9689726975020849,0.8892058970858291,0.5793309721062954,0.7264532708559795,0.8970379367552029,0.8691957798139914,0.888119353860981,0.9765498485930209,0.9767082402865647,0.7874664487265878,0.7523456398054341,0.8175469740881407,0.457594832708867,0.80174469889879,0.8214116422996657,0.8164892034789498,0.8121669858643499,0.7948711152194666,0.7559310210986242,0.740348733827381,-0.2810790876925084,-0.4256718266765112,0.6956766353382361,0.8896130040894628,0.9295051053920088,0.939388204207805,0.9044257645904069,0.8259950213315987,0.907207622958509,0.9227251630472788,0.9226898793664067,0.8533862218398015,-0.13825218709340406],[0.9991713328766445,0.9983031839095718,0.9934154597028632,0.9994003425242299,1.0,0.9872655837262249,0.9990058630753618,0.9985433746454926,0.9844863907551227,0.9985421488018912,0.9981414930983864,0.9980777482954999,0.9985617738435286,0.9985735090962145,0.9985747930219336,0.9990578594301508,0.998807918601189,0.9992460504373374,0.9988384438076667,0.9988396086620709,0.9986187194051256,0.9985614031489454,0.9948895302841289,0.9817221423813418,0.9951448798205822,0.9783661431800812,0.9951632224080839,0.9923089697652085,0.9844828878056552,0.9608600156579572,0.9893230831745948,0.9919931304164306,0.9903303666045579,0.9714959925930045,0.9988478392550545,0.998911442223363,0.9989349380458228,0.9986657288632872,0.9985743269694258,0.9989023763140722,0.9989228149093619,0.99914855377204,0.9988635224344202,0.9988643645665308,0.9885925649552271,0.9294943829081107,0.9513063830386281,0.9472206099895623,0.9385911142536403,0.9079261677812022,0.9498730053426467,0.9442951480050069,0.9541097484379615,0.9603006202692518,0.9488170541302414,0.9806766677171717,0.9806065516208412,0.9903349850829376,0.993975670657369,0.9825468194806957,0.9757232746682866,0.9819259625633271,0.9824115946889971,0.9823105290887211,0.9821382083790267,0.946223779599662,0.9669458862707425,0.9607418575766685,0.9604483656759792,0.9148738281004907,0.978675908664313,0.9749732914833804,0.9807155019129591,0.9799474653619736,0.9386657552262724,0.8792553973863676,0.8456691861283315,0.8983588992452002,0.9306983431342505,0.9168871788088963,0.9232256764238237,0.9222766137783948,0.7764564159461205,-0.5420118727976231,0.9743649543590388,0.9650936102926398,0.9634917922032753,0.9833774529033874,0.9643229009644799,0.9777927618154659,0.9774634857797626,0.9359703743686136,0.9790689607695497,0.9378583148320302,0.7929298886148476,0.9366060703022568,0.9570557214325813,0.7892390235448111,0.9452412728389369,0.9465700716851244,0.8967419339338765,0.973630560906259,0.8909306097904047,0.4184163812728485,0.6721082341147757,0.8967773280376277,0.8498280939588815,0.8927301927654294,0.9799730079200972,0.9800950114134943,0.7547535844367145,0.7372092145506156,0.7585742596471604,0.43674590565858745,0.7151285270296076,0.7629942981834583,0.7587384663728531,0.723522083553774,0.7829126252463455,0.7423643283041196,0.725911943414626,-0.48097772701249075,-0.564006513820368,0.6906235649995873,0.8852366294198364,0.9170307063055472,0.9354592280364153,0.9033318472618012,0.8096898522234083,0.8987034199897711,0.9112735426992252,0.9107753869260418,0.7932810299462398,0.07194456169329307],[0.9836748803709766,0.989760182737169,0.9913223072192717,0.9847482543499548,0.9872655837262249,1.0,0.9812487916844259,0.9824781252946254,0.9931062704073912,0.9818299287562378,0.9777345434206733,0.9767537368098226,0.9823078094791061,0.9827612293106901,0.9825461646106073,0.9821389842618938,0.9857826926099071,0.9831416768513896,0.9830144174749585,0.98299811787446,0.9813128709954165,0.9824176600736092,0.9941821191914906,0.9934789380124118,0.9836712203054484,0.9876257334623721,0.9841233334611365,0.9742174278906263,0.9875657273620275,0.974115712583569,0.9596507670220679,0.9656137325837466,0.9757133871865876,0.9668204784874662,0.9809547545969683,0.9813507212735678,0.9822192189573501,0.983182062131762,0.9776216452212053,0.9817400529563114,0.9801693658765993,0.9819856834364891,0.9811878798560933,0.9811772372156928,0.9959890425850151,0.8811165285222446,0.9293496735116111,0.9263546876638908,0.9362927419492135,0.8951149641863946,0.9171603118725092,0.9111339297348157,0.9200302393929234,0.936858704399782,0.9170909098039425,0.9492139565271914,0.9552598824512689,0.9616993605257368,0.968684974465894,0.9726703446919348,0.9884531928276471,0.9748130272264733,0.9857809707849523,0.974420454990976,0.9738878584686395,0.976442094541804,0.972250022587094,0.9531100480992457,0.9525807839734588,0.949691842789279,0.9845975513144138,0.9773801749511003,0.9737856738348248,0.9725570742706765,0.9665929215812494,0.9040726354942068,0.8609304134762329,0.9196743164153307,0.923671338445696,0.9331145696933046,0.9142213042513587,0.9121237077565751,0.761160412554306,-0.4827147525065642,0.9829266023599873,0.9845185235700817,0.9808658293066244,0.9734838749131515,0.9759797091545642,0.9815743082249055,0.9811839286461781,0.9691862265319938,0.9714890025782231,0.9687489558342106,0.8050865603375226,0.897991695703413,0.9570283263333352,0.8349936050807159,0.9450739777851919,0.946072473884679,0.8660536891860149,0.9586203903774826,0.8320814279472932,0.5003291814063616,0.689524205864583,0.8418869798215725,0.819249131089926,0.8317008266360171,0.958415774370027,0.9584180290233609,0.740018445619681,0.7277708046942704,0.7503401129948188,0.46079899987456235,0.7466465482541322,0.7555406613591729,0.7492907840909158,0.7476397767252203,0.7739857536246542,0.7144018712859599,0.7017495305066677,-0.30667110366593864,-0.437565539680408,0.7021435639332823,0.8528039221797716,0.8677465806046051,0.8845647812271928,0.8618587987540848,0.7827115860911038,0.8465066570406379,0.8599561978710778,0.8599091576103738,0.8028269010298612,-0.09753227023226252],[0.9978690539043454,0.9942227382959268,0.989577689343389,0.998092997172637,0.9990058630753618,0.9812487916844259,1.0,0.9976121972928157,0.9570225594204727,0.999627046093265,0.9995932348039995,0.9996198502681195,0.998483526965228,0.9994938382124791,0.9992201202695178,0.9998936465320329,0.9967272002073325,0.9999048213310137,0.9994081628976352,0.999412839224824,0.9997258761413597,0.9993572826230992,0.9907731304312163,0.9749554953352022,0.9863616272590118,0.9282988584367142,0.9938431357104396,0.9928589175425974,0.9750937442599179,0.9543461214868171,0.9916919600617531,0.9921054446718571,0.993823733280378,0.976103797759946,0.9990504629075402,0.9998595055951656,0.9997280221527218,0.9994954480622085,0.9997829503724801,0.999845308053114,0.9985740321111491,0.9997481773984273,0.9994157597994747,0.9990864519746632,0.980139152536043,0.9365710688029916,0.954182608167062,0.9518381345453839,0.9402433021735814,0.9068160498543077,0.9582665888819273,0.947757436964452,0.960626367356798,0.9636697970002716,0.9541442404340561,0.9821577304213855,0.9819099841297044,0.9921007913895817,0.9964603615802223,0.9525338226830308,0.9627714770510466,0.97371353773402,0.9739619975986014,0.9751935908932285,0.9524787405356826,0.9032512010453888,0.957529883971037,0.9629352466965164,0.9440487724044438,0.8935633007911931,0.968781429923274,0.9449702902632443,0.9699840564303435,0.9529111843176535,0.799319942290901,0.8712753817920803,0.7975876227716225,0.8850615632940563,0.90130316879799,0.9056036660592377,0.8857734498335753,0.8971296407360533,0.38924452584766583,-0.5761670177379113,0.964774247986702,0.9501637416890346,0.9500993947543727,0.9539789049120616,0.9599586915281835,0.9710777986688756,0.9711476377450674,0.923875095248186,0.9691159433864812,0.8580317811452615,0.786518423328558,0.937369529268854,0.9367681856152481,0.8086703558240035,0.9540861323509549,0.9549513555884148,0.9008458840729899,0.9731951640430864,0.8329960228511698,0.5751739667970935,0.7202962557627353,0.8570951946062565,0.8510511118703508,0.8385987464388124,0.9804656040952511,0.9806471173299088,0.7792477133746339,0.7348397826136343,0.7829373592543674,0.43029209199991875,0.7812457947462459,0.7960812046730146,0.7884939424667543,0.7948948436098922,0.7804153175135894,0.7489064618245983,0.7314805764457557,-0.2946025717922319,-0.44685536244275614,0.7040774624199555,0.8902335288451917,0.9223652788893689,0.9407109155535461,0.9101952202461069,0.82788664226279,0.9094055132566409,0.9272945200519611,0.9259191416915531,0.7784720045217589,-0.10844899590999424],[0.9962901413434452,0.9918287560341998,0.9903242627119497,0.9966843336476294,0.9985433746454926,0.9824781252946254,0.9976121972928157,1.0,0.9676643010449983,0.9999998338136028,0.9999993350681747,0.9997703109534533,0.9999970844281864,0.9999929683073729,0.9999983002517449,0.9993480982843358,0.9917441425827334,0.9994774254745326,0.9999112629171201,0.9999109752872419,0.9999660845413078,0.999998807731498,0.9912929264946426,0.9766727443967745,0.9931214150984384,0.9422176220659099,0.9943313254085255,0.9912662772796065,0.9772819054711509,0.9538780749761097,0.9880584987708206,0.9939317728676997,0.9924753320731298,0.9733020129084571,0.9994798666568044,0.9995851110430589,0.9996849414086375,0.9997509623012029,0.9992687755978031,0.9995226441928208,0.9982811056887946,0.9988780533692645,0.9995517919240106,0.9994220711569948,0.981875856011109,0.9364065575969294,0.9516733746631336,0.9553227517540683,0.939307306741737,0.8973113753907143,0.9565116326205124,0.9434040906261073,0.9585327034304142,0.9583030909860137,0.9483744667876601,0.98017574985519,0.9791186180874096,0.9911103839207972,0.9968938214626428,0.9480622172810153,0.9594561714989316,0.9682698815617046,0.9714601478021158,0.9701025048235515,0.9509830309518011,0.8974682646786816,0.9535840123340086,0.9570571186500368,0.9392125203180327,0.883792174375597,0.9665603248141076,0.9395603852882395,0.9652268241422954,0.9487611540751957,0.7886515128053001,0.8646655139531999,0.7936454668332881,0.8784327652592323,0.8951413197145561,0.9018821227617,0.8818885556391212,0.8911582761742439,0.3734944500007829,-0.5796608999825515,0.9613715786325137,0.9450960728215345,0.9452416921906825,0.9522141716468032,0.9563646609241949,0.9677526487663719,0.9678107009719082,0.9204840871003991,0.9632692723860052,0.8491680720415345,0.783911682266656,0.9495787399425248,0.9468929896268239,0.8058756942117645,0.9539928428353744,0.955003960630349,0.8983437239022296,0.97688748671518,0.8355565592269539,0.5608522712391859,0.7118265198102522,0.8577788099410905,0.8478210442682654,0.840421155863326,0.9827293263596824,0.982911424983282,0.7706057368874516,0.7276718126172792,0.7839247851002442,0.4187478846665851,0.7761494851379424,0.7914496222961015,0.7886295833237043,0.7892986827575276,0.7746140341550504,0.7433296202867228,0.7253707492009085,-0.30972802993917603,-0.4608934090129285,0.6918964136556863,0.883011660218065,0.9197258272776113,0.933278319398179,0.9046226552935163,0.81751472393454,0.9030478614337099,0.9210359708233359,0.9199115972990414,0.7602205187809189,-0.09167608582397936],[0.9707421143942241,0.9870367872847255,0.9911989169928866,0.9728347776835078,0.9844863907551227,0.9931062704073912,0.9570225594204727,0.9676643010449983,1.0,0.9827023114669917,0.9872393504964174,0.9896691078354337,0.9712991339379329,0.9796163284303829,0.976193106246893,0.9741916097008598,0.9499238906197889,0.9790544726306682,0.9768887027121826,0.9768339012038616,0.981198959775301,0.9760324428598549,0.9939051051827562,0.9933093504788345,0.980285206003784,0.9897096630312605,0.9834190464923969,0.9904447331838386,0.9907102053518034,0.9695923875881065,0.9275107286972044,0.949102116928528,0.9663146822722165,0.9525097238658039,0.9706072512894277,0.9790984315481506,0.9756957676505162,0.9780637121994715,0.9881339827804813,0.9802557476743414,0.9668060766874484,0.9763183730283737,0.971473360063946,0.9704367472949615,0.9990248781942037,0.8996030927056755,0.9226147799174762,0.9501738204881409,0.9399443066679758,0.8757691316462326,0.8861008763079038,0.8857109063057865,0.8901105080101166,0.9158538799376905,0.8958443368540432,0.9291870832485893,0.945832793903498,0.9510977036298028,0.9610315903686185,0.9061562554176925,0.9685762432139831,0.9478145136215228,0.9673300863669348,0.9478156908373517,0.9048292231488314,0.9179400026824658,0.9453328756014614,0.9189597998272262,0.8834775737510182,0.886226653820367,0.9688803308846414,0.9231434810802491,0.9456874295688349,0.9089035137266412,0.8321830874870432,0.857292230133403,0.7397245161277478,0.8757612396785706,0.8851763225508948,0.8986404309559809,0.8476579112928112,0.8661124197215223,0.4247588798027358,-0.5100029957372982,0.959027699875078,0.9539684375221773,0.9514156605957618,0.9044985138358269,0.9497152140711664,0.9572442306920053,0.9566902662991588,0.9386461262945242,0.942661828356943,0.8773292767592688,0.7901178199743426,0.9415380503878703,0.9622900019672492,0.8106428920950199,0.9364515865437257,0.9380066421045268,0.8527577157347043,0.9681240267804034,0.7416782490955802,0.4495166385177998,0.6536852925714975,0.7746026507111483,0.7768175773139956,0.7528037553459817,0.9674473615943914,0.9674010368290578,0.7006115656712998,0.6907916430849312,0.6762151415446868,0.41322482505556457,0.6907862497776037,0.6938418115023472,0.6754166053011926,0.6938512981575272,0.749281899329342,0.6859451453896568,0.670634495597063,-0.34986350417278955,-0.48660802645244294,0.7025903835342633,0.83787706048931,0.8311763515338925,0.8611390885601122,0.8568202517271842,0.7542580719722278,0.813807682261629,0.8369848196705764,0.8308476820700813,0.7070523527521689,-0.028074768973137165],[0.9965016744608824,0.9918375143306781,0.9929520955317708,0.99694097545126,0.9985421488018912,0.9818299287562378,0.999627046093265,0.9999998338136028,0.9827023114669917,1.0,0.999999149369058,0.9997748340671084,0.9999985282866702,0.9999918692408863,0.9999978341733151,0.9996927732206611,0.9979193051462973,0.9994752455458712,0.9998870137006483,0.9998870283229392,0.9999781105282967,0.9999993395989533,0.9938386287925832,0.9783798115937891,0.9963113879385213,0.974504893569688,0.9963977751308204,0.991261954118156,0.981633554937982,0.9552069187004255,0.9898529205801092,0.9938491119460215,0.9901785767861857,0.9701181577448494,0.999513294724049,0.999578667254258,0.9995913317499014,0.999837869920493,0.99928076513799,0.9995300808621197,0.9985087720260729,0.9989224644516318,0.9995194940015261,0.9995149951507057,0.9862732249752927,0.9363495574004261,0.9517059946369897,0.9552136403282253,0.9392094925750315,0.8974296515191562,0.9480272367934747,0.9386924300349115,0.9516737317934699,0.9565859552860566,0.9465854211711332,0.979337232148884,0.9791515937902423,0.9916727840911101,0.9967235560868819,0.9729180438932615,0.9594018144151816,0.9722476166173959,0.9714237144702659,0.9727685250000838,0.9725474108203342,0.9337667763234644,0.9535381541815444,0.9512386493167214,0.9509487686839343,0.9031979822772932,0.966494727251756,0.9653945678754388,0.9712470200593393,0.9703097585551678,0.9250148235315175,0.8646967671956743,0.8254475771599121,0.8782687728627027,0.9140136177550987,0.9023520835297121,0.9077467733421705,0.9069819465718483,0.7313255864885256,-0.5829173241579951,0.9613403285965068,0.9450809390110898,0.9452393616702927,0.9739467271847493,0.9516751207657224,0.9674303038983494,0.9670777411310126,0.9211513292779373,0.9689182283743948,0.9233164749415842,0.7839131430271086,0.9493397363105683,0.9583339691890959,0.790690601994119,0.9479993664198504,0.9491818746016758,0.8984161752345441,0.9761199848088908,0.8989359084069862,0.45912218455054643,0.6891690729736673,0.9047524299116946,0.8579037681975262,0.9007092332063048,0.9826917024097965,0.9829001991812183,0.7706743179996685,0.7274703571340125,0.7738164261102156,0.4188575884674832,0.7313762558991196,0.7784426487732872,0.7740109925570143,0.741678132231205,0.7744079853527236,0.7433062326966597,0.7253328640101169,-0.5258551692499435,-0.6092663933161373,0.6913678830185026,0.8830395149476774,0.9200136643724418,0.9377073175185594,0.9046653810392247,0.8142436457786292,0.8997603792592279,0.9138681366242656,0.9133510192457259,0.8054100348927696,0.134747497902762],[0.9946302951715811,0.9918621012142246,0.9969019545817602,0.9953087976905035,0.9981414930983864,0.9777345434206733,0.9995932348039995,0.9999993350681747,0.9872393504964174,0.999999149369058,1.0,0.9997742488148883,0.9999963849292367,0.9999949247983573,0.999998366765131,0.9996779265203206,0.9976240099496146,0.9992270611416442,0.9997919965591633,0.9997920848509914,0.9999984462518676,0.9999984022455892,0.9932074335121973,0.9744676388980478,0.9953932069016588,0.9825698817494998,0.9959727052074508,0.9912747351948883,0.9838582906804934,0.9481459187439334,0.9891425443587443,0.9934015147235201,0.9841511427775601,0.946171454346472,0.9993036490451419,0.999357873334262,0.9992995427421086,0.9998977319273696,0.9992647636875228,0.9993095629071974,0.997988763233839,0.9985445817641367,0.9992787797163706,0.9992765786392643,0.9885951392647617,0.9360695753639712,0.919713369501184,0.9551684947836143,0.9391304166359208,0.8971413959640959,0.9187406019976582,0.9093322715985223,0.9230648879314562,0.9315078984049003,0.9172009817913633,0.9720036646952618,0.9719803569526916,0.9907463949146068,0.9953087073623823,0.9650482637724308,0.959532124082607,0.9598269707124895,0.9621586425561656,0.9611211848876677,0.9608485061775898,0.9094324567458953,0.9431322465424558,0.9172420137029677,0.9167648037954403,0.8350416401827655,0.9644545983948013,0.969770548753759,0.966333885133775,0.9652196436576796,0.9173947954706578,0.8008031142982486,0.7644847674453336,0.8422811691680433,0.8942757968387853,0.8640833657479563,0.8791272615695176,0.8778546846568195,0.7327391269272001,-0.3852730506129168,0.948766471572888,0.9452276609369028,0.9453465727622903,0.9661502851274114,0.937946436611875,0.9514218891547209,0.9507419163371295,0.8934612323495027,0.9540393889963273,0.8977287863518356,0.784074392619667,0.9496437032670983,0.9623357203658888,0.6865696111380741,0.9089312970622788,0.9115388448273949,0.8562640201114768,0.9852850906337096,0.84411379719725,0.11767844433837567,0.5421170215962775,0.8561520250505534,0.8236172826760575,0.8509598733056988,0.9860310439273424,0.9860505156939992,0.5346051571443025,0.6424752739362115,0.5417724856248953,0.4187951250820048,0.5094657054499525,0.5523583334827401,0.5429008976533943,0.4810844775767208,0.7633563047348259,0.6125849423653655,0.5743104552188263,-0.4868218246811755,-0.5452593836030781,0.6908244889163637,0.8630504688929758,0.8755395131748224,0.9080469325278707,0.8984452587583224,0.682433169974351,0.8498368078805709,0.8686200399583414,0.8679344549078972,0.6197847102418185,0.08417639057136767],[0.9939415172365345,0.9932640097764166,0.9960739286030489,0.9948261101624619,0.9980777482954999,0.9767537368098226,0.9996198502681195,0.9997703109534533,0.9896691078354337,0.9997748340671084,0.9997742488148883,1.0,0.9997878128238009,0.9997738315662826,0.9997796433933155,0.9996777639541301,0.9982502428593382,0.9994201170666317,0.9999711450074037,0.9999708839776992,0.999778852113991,0.9997839892646906,0.9928444006102902,0.9715579970371946,0.9942532909254146,0.9833719542889425,0.9950248290991414,0.9936878279510728,0.9802106359841836,0.929935494167584,0.9917356526896901,0.9944294935986492,0.9798091460668015,0.9283292231777881,0.9994341174746413,0.9994801172801205,0.999442384799905,0.9996002544130179,0.9996235830253296,0.9994580507440619,0.9978728652785247,0.9985776604850697,0.9994213613347033,0.9994182620791682,0.9899204544281492,0.9317442427553285,0.9068974848449064,0.9522204588787083,0.937862405767941,0.8970821756562692,0.8852533662958297,0.9218658647461118,0.8886995821588951,0.909048082515223,0.88358280124582,0.9603383999265122,0.9603240251829004,0.982114589844759,0.9948300865962596,0.9636733761469285,0.9640501294268691,0.9549383941640234,0.9597309782049445,0.9573426413389114,0.9571309844766634,0.9090275557999792,0.9337138517716135,0.9013400189287166,0.901093080201992,0.8182393783174822,0.9633613802997694,0.965352039898383,0.9653923312384489,0.9647282033785884,0.9240586516407556,0.7535242723178543,0.7147174401457591,0.8095271889103105,0.8730294779225669,0.8297118033809064,0.852179393192376,0.8513762830384082,0.7143271678211022,-0.26488614241937036,0.9426991337697358,0.9474846600138702,0.9423222097426588,0.9643932880649189,0.9376888117057208,0.9461489670348322,0.9452517172521286,0.8911522300294495,0.9483786131079434,0.8941876608675356,0.7383429235719663,0.9472156074502467,0.9414479717536487,0.5643223827568784,0.8557390351453139,0.8601268647066507,0.7552747402838513,0.9793059504696205,0.7317619944067163,-0.25047593381976696,0.28281877148378476,0.7551636336741565,0.7114363707396392,0.7489895252619038,0.9804458979398987,0.9805386903776654,0.2300896207702615,0.3876791606962008,0.23547079104535687,0.20757262714868918,0.22736558614807287,0.2428643561321964,0.2405470886059853,0.15730138125126056,0.5687334781361894,0.30521941038584344,0.2535267160516889,-0.5001862285503798,-0.5475478025852624,0.6912763063492781,0.7625876022024796,0.7859470447407869,0.8495045155004275,0.8298583743094677,0.5864469345917269,0.7694212245197388,0.7807189492594578,0.7797029347026765,0.44081471997026034,0.27363224375057754],[0.9963889029665298,0.9919337787193271,0.9901770452018518,0.9967661207555167,0.9985617738435286,0.9823078094791061,0.998483526965228,0.9999970844281864,0.9712991339379329,0.9999985282866702,0.9999963849292367,0.9997878128238009,1.0,0.9999913850413297,0.9999976865353738,0.9993941897160705,0.9933746960905284,0.9995159236951036,0.9999205781303344,0.9999204543856922,0.9999729821422491,0.9999989793387304,0.9911733021422167,0.9764789758762477,0.9937702040731438,0.9471202226906144,0.9942836900134505,0.9913755791133447,0.9770833158438349,0.9538226982462541,0.988967583536114,0.9940154344600303,0.9925561384263365,0.9734246935773063,0.9995225958194052,0.9996240123234663,0.9997149512311262,0.9997498156697255,0.9993254193964503,0.9995627847903497,0.9983662654503932,0.9989434544867964,0.9995944111901852,0.9994654391382323,0.9816307004335575,0.9366663852173005,0.9518374841978029,0.9552458846666575,0.9393807368021198,0.8979074254418661,0.9568686352943079,0.9437923748109104,0.9588925812225406,0.9586355614680746,0.9487677674044792,0.9804295231654298,0.9793051381246308,0.991246237497954,0.9969765970531599,0.948312528715041,0.9594728344832415,0.9684511569452406,0.9715043022003074,0.9702821332431598,0.9511867845473178,0.8974184146904143,0.9537202097468945,0.9573584592987422,0.9395656474348728,0.8839545615696972,0.9665611590055809,0.9396951209444777,0.9653726149360231,0.9489931041258078,0.7885593145291617,0.8649239464885204,0.7940858447846358,0.8786760755768296,0.8953483056009934,0.9020027700292249,0.8821992203163234,0.8914615691382712,0.3736004522994429,-0.579744845273574,0.9614534714953861,0.9452097032757639,0.9453491991179136,0.9524162907914936,0.9564491814315442,0.9678550537007152,0.9679150158807261,0.9204543511486746,0.9634699473029357,0.8491587982258795,0.7839678212808247,0.9490278496711044,0.9463954708530331,0.8059052166825431,0.9539970504095424,0.9550000557318689,0.8986871356657962,0.9767496131293071,0.8360553425683821,0.561957491707909,0.7124763130000995,0.8582627577226459,0.8483562426688014,0.8409121402382888,0.982670637662216,0.9828530455384112,0.7712180683331987,0.7281741950093232,0.7845432152446669,0.41936392946347517,0.7768177940766363,0.7921458494190298,0.789262402449992,0.7900102839186433,0.7749510875118011,0.743781385846926,0.7258374706134029,-0.30881509231187093,-0.4600870875502976,0.6922943989969947,0.8835347792124505,0.9202082287672908,0.9338190141323411,0.90510831618893,0.8180811482769088,0.903637379760291,0.92162671354096,0.9204930199788582,0.7609039706205242,-0.09271796850342132],[0.9964205121190329,0.9918321900731291,0.9922863713851766,0.9968833018343286,0.9985735090962145,0.9827612293106901,0.9994938382124791,0.9999929683073729,0.9796163284303829,0.9999918692408863,0.9999949247983573,0.9997738315662826,0.9999913850413297,1.0,0.9999952197140296,0.9995807669401667,0.9978748852043887,0.999475457603509,0.9999062737539633,0.9999053348452129,0.9999552965024036,0.9999916922122846,0.9930756612365167,0.9768827589967607,0.9960323439727617,0.9685375687337839,0.9958212874418808,0.991243785354992,0.9775275379513817,0.9539999568664203,0.9893518777694638,0.9940838819117901,0.9918772964038051,0.9729952338157233,0.9995026760766801,0.9995780582393273,0.9996359390218268,0.9998911241379554,0.9992907485016208,0.9995128627498185,0.9982378721471066,0.998868023742082,0.99952254984546,0.9995158882100568,0.9841556078282192,0.9364976136890086,0.9516144385625388,0.9551692565266348,0.9391674163796516,0.8974181363774413,0.9518353494435219,0.9369372070590991,0.9541353127109513,0.9580335450320153,0.9480645163611283,0.9789789239831258,0.9789878667816676,0.9905478484835328,0.9969726530778932,0.9737620838326214,0.9591525433315232,0.9733979788581832,0.9714347132521409,0.9743431852658958,0.9741176401113898,0.9429922100461743,0.953275671745373,0.9561978600259916,0.9558964848152689,0.91992839290114,0.9665218569769946,0.9683598367237751,0.9732086222594919,0.9721871772333806,0.9335884176691831,0.8644499368803978,0.8309028298551208,0.8780903144021469,0.9057510466993481,0.9017305610033949,0.9024889646874901,0.901405430211276,0.7093688979312364,-0.5799408411273227,0.9613641695681038,0.9449399617500343,0.944975959218046,0.9748066753407065,0.9564464827852576,0.967756192403562,0.9678342418451379,0.9205064407316726,0.9691123531592966,0.9318705318326986,0.7838345320079938,0.949118258535156,0.9514708932184057,0.8052151533332618,0.9538665918675979,0.954832388111295,0.8982905268448996,0.977090528543842,0.8856177703179474,0.561092658579785,0.7113347954360493,0.8934593089141505,0.8615674016909516,0.8844624272935929,0.9829325922872947,0.983138250950856,0.7698141717280007,0.7269724868531293,0.8038595530299398,0.41887565411998073,0.7831127471096883,0.8082572123704687,0.8027977097040222,0.7900737032061077,0.7745056104529359,0.7420421166052628,0.7241116828463896,-0.39900107859412115,-0.5213554531248639,0.6908104187891942,0.8830382016344369,0.9165976556901987,0.929288831269751,0.9049947440248178,0.8165608437312548,0.8915025571630293,0.909722267710762,0.9093198858395859,0.8408675562009599,-0.059314600122559735],[0.9963326458155476,0.9918894161978657,0.9903785259412221,0.9967263392575083,0.9985747930219336,0.9825461646106073,0.9992201202695178,0.9999983002517449,0.976193106246893,0.9999978341733151,0.999998366765131,0.9997796433933155,0.9999976865353738,0.9999952197140296,1.0,0.9994816339282562,0.9971711455737745,0.9994925855663027,0.9999139927854884,0.9999134165920333,0.999967017699116,0.9999976813067604,0.9913362367557316,0.9767354431916401,0.9954005347469993,0.9602233025964184,0.9952067803820959,0.991333680911766,0.9773347929031269,0.9540401172187167,0.9914384227461587,0.9942767196470983,0.9924268833077812,0.9732190750757589,0.9994909356672598,0.9995861689670293,0.999691756318709,0.9997657258505676,0.9992945456654783,0.9995199928289906,0.9983050237675013,0.9988934328753158,0.9995612464143504,0.999434100821881,0.9818765779818727,0.9364753082278334,0.9516915610621136,0.9553003386166419,0.9393679163211932,0.8975691439727919,0.9565872231859147,0.9435310365277798,0.9586387792215055,0.9582557696511573,0.9482937112106028,0.9801991237873491,0.9790654287784553,0.9910818815011418,0.9968589442983692,0.9483412799378332,0.9595117904979791,0.9684279347481131,0.9715412856374908,0.9702472172404681,0.9508035641434516,0.8976695069033531,0.9535073576113295,0.9571198386400527,0.9394127862956138,0.8839199741601574,0.9666983975832798,0.9398857222459144,0.9654193351845006,0.9490539648987841,0.7889765066993687,0.8646728081579272,0.7938950574055615,0.8784801115066815,0.8953032262268013,0.9018933021310197,0.88203404403467,0.8913189318153781,0.37383888846247904,-0.5793611402404646,0.961459632587097,0.9451921245193665,0.9453330026574324,0.951056060808288,0.9565322454308125,0.9678347330931479,0.9678896369188477,0.9206707345057334,0.963428317016738,0.849417335895824,0.7839291672726364,0.9493140621276995,0.9468022824119958,0.8058852407986864,0.95392621804616,0.9549412950320215,0.8981658750513195,0.9769034606173171,0.8355840299420101,0.560675276393365,0.7117147927867408,0.8577847643752873,0.8479379869481529,0.8404453401027396,0.9827650495413179,0.9829442081592941,0.7702293568611951,0.7273495882088773,0.7839028015607349,0.4189836218771663,0.7761260857450561,0.7913697244420821,0.7887790768501289,0.7892001409281945,0.7745376602695968,0.7426161949751767,0.7246911794002094,-0.30954595380142547,-0.4607072654588257,0.6921046715238993,0.8829214191888212,0.9198431009308021,0.9333147450987034,0.9046643749192493,0.8173141295980028,0.9032416636353409,0.9210668027288166,0.9200573628334311,0.760309103587069,-0.09193794337725009],[0.9977227712538076,0.9939598169758561,0.9898382901971141,0.9979747617383553,0.9990578594301508,0.9821389842618938,0.9998936465320329,0.9993480982843358,0.9741916097008598,0.9996927732206611,0.9996779265203206,0.9996777639541301,0.9993941897160705,0.9995807669401667,0.9994816339282562,1.0,0.9984591641839311,0.9998565044974815,0.9995662492903014,0.9995708618332027,0.999777708904987,0.9995532763443569,0.9909780706712312,0.9756875825839704,0.9940917552785885,0.9529410089850089,0.9937535391787392,0.9927284275007746,0.9755505996157986,0.9545655350400188,0.9918450595062714,0.9927400929933865,0.9932800115668858,0.9752693473242535,0.99929186187139,0.9997410147828695,0.9997268251152425,0.9995854959519789,0.9996221700288617,0.9996975659317818,0.9988754906475066,0.9995990265118796,0.9995223105026545,0.9992894302016457,0.9805069092955286,0.9351391852895777,0.9537436053457424,0.9525120545313208,0.9401952462073249,0.904025751587982,0.9586017826198094,0.9479468779969679,0.960932555817428,0.9622642892202079,0.9523948062442147,0.9821353841098232,0.9810499609077125,0.9920097206637496,0.9963924099458537,0.9528092232717811,0.9631123486078687,0.9732546277655585,0.9740648746315959,0.9748162871539157,0.9535999439699697,0.9030286456196912,0.9568675026358439,0.9622676297452687,0.9442570710707756,0.8920095222289528,0.9691751920397046,0.9447550960017008,0.9697037100469594,0.9533525040662504,0.7972966628217636,0.8700930816790903,0.7982805553931324,0.8838238322073734,0.9002641990955224,0.9046433216652633,0.8857555919903967,0.8964949488221012,0.38528843976345306,-0.5762185630995866,0.9647106217308068,0.950013151576937,0.9499645670688979,0.9550969852073874,0.9602844238019955,0.9709497582230375,0.9710096884458519,0.9246847014199744,0.9685171919672102,0.8568320306444952,0.7857218821094136,0.9404680039633615,0.9391302374687809,0.8083452542116589,0.9539940202507876,0.9548413635707437,0.8983322914169016,0.9735465856463188,0.8348490107146342,0.5704459414847944,0.7167508867043189,0.85782