var element = document.getElementById("correlationClose");

if (element.style.display != 'none') {
    var correlationClose = {"data": [{"type": "heatmap", "z": [[1.0, 0.999983222068949, 0.5718986403006021, 0.9997015496223868, 0.9974808870031148, 1.0, 0.9908669967231625, 0.9864447479728542, 0.9915192867050076, 0.9731644237631637, 0.9821862795958695, 0.990911423062284, -0.12932185989937495, 0.9909763898226643, 0.9871089779830851, 0.9885428120483886, 0.45059453358518964, 0.9919846827130295, 0.9919703354903445, 0.983933154542193, 0.9908989081063717, 0.44606299330902227, 0.6663282416434939, 0.9779265733819489, 0.9779037256185553, 0.960821144126324, 0.3081239519136924, -0.12180762119894244, 0.989824160282645, 0.9897826502033981, 0.27707080543231777, -0.2030386669041805, 0.9937813614514626, 0.9946464476061433, 0.811787559398464, -0.3898374995312723, 0.9876260083390249, 0.9944093386010074, 0.9901417465185947, 0.432893975030397, 0.9939673689149288, 0.9939541778529695, 0.9939673689149288, 0.8881007941468874, 0.6697675625121124, 0.8652779330387433, 0.8796779254612236, 0.7923720848495496, 0.3879360594011745, -0.13302078839693357, 0.19157116182763598, 0.9453442168313285, 0.4612856419246185, 0.9768831759085278, 0.971085355493871, 0.9149401702437978, 0.9112356975134172, 0.9331091453558434, 0.9089481754426615, 0.9298919132661855, 0.9306755876523469, 0.9298919132661855, 0.8443342641728823, 0.9063467209929644, 0.9074395790504607, 0.9063467209929644, 0.8961098138311269, 0.7345518222369184, 0.8710306590072188, 0.8726546260753856, 0.8710306590072188, 0.6192496811582408, 0.3090422534668048, 0.5960561149552615, -0.5943078111676604, 0.49162999273670316, 0.5451249715579943, 0.5464971289053967, 0.5451249715579943, -0.10136738055830329, 0.8833329036112701, 0.9152124636255404, 0.89697569004608, 0.9164426507244072, 0.4467022145363105, 0.8804732227483584, 0.8816772939206384, 0.8804732227483584, 0.8899444864078039, 0.8899444864078039, -0.16035093491717176, 0.5498582428312667, 0.19245758177469918, -0.5618667902745429, -0.5629478168521334, -0.5666019650063562, -0.04085603628670408, 0.05785220674112914, 0.2591839166525041, 0.13504058222166682, -0.38630841762041007, 0.05525045135297428, -0.7926237625434219, -0.2110573559567232, 0.12222757328947732, 0.12251297749316865, -0.5412211708490421, -0.6050550925275392, -0.21275751076018337, -0.4869897584785119, -0.8290667722786285, -0.34953824669020495, -0.34059629300836913, -0.34953824669020495, -0.18434493832403437, -0.25731253129275294, -0.25731253129275294, -0.8174853207884962, -0.8174853207884962, 0.398184575835637, 0.6568570941920474, 0.8727662549428677, 0.8515771750399433, 0.7887409033606962, -0.24901831478402403, 0.7669186889102041, 0.8074437819952118, 0.8076968550505232, 0.8074437819952118, -0.2359192124195279], [0.999983222068949, 1.0, 0.9695974234423149, 0.999222085629009, 0.9938048174122737, 0.9999832220689487, 0.9781854207605323, 0.969291975814298, 0.9779677308781303, 0.958824330527925, 0.980120914213388, 0.9782334773193923, 0.9781936614918404, 0.9780133255651621, 0.9553175205927722, 0.9598879394156221, -0.2677115802696706, 0.9835668153586139, 0.9835387958571855, 0.9782977214435935, 0.9782887550386338, -0.1454219915168552, 0.9683459332032235, 0.9714146961002601, 0.9714847271785437, 0.9610512306531147, 0.042093248654355216, 0.1510108328264127, 0.9759068897222664, 0.9759647371695018, 0.9712447752907901, 0.14027487903091548, 0.9876097673923109, 0.9876881787515636, 0.9884588650456554, 0.9803467732344905, 0.9860334172187329, 0.9876466487084345, 0.9639284062481338, -0.2743046219833828, 0.9885395581202642, 0.9885204668534315, 0.9885395581202642, 0.8882305654829245, 0.5485300838375677, 0.8656194676160445, 0.8798212922678115, 0.7916495495364854, -0.4393094271121117, -0.5476069497763735, 0.8282791578624227, 0.8560419195331571, -0.18144397933304604, 0.9338458496749267, 0.9339291062854391, 0.9238818810813569, 0.9338200949697207, 0.9116489411866745, 0.9112863236830789, 0.91839970378189, 0.9191308332332212, 0.91839970378189, 0.7767515052756829, 0.737253417082128, 0.7394962868342095, 0.737253417082128, 0.9280470651605017, 0.9331628175444623, 0.9279145451037817, 0.9291200985942607, 0.9279145451037817, 0.4464925745072105, 0.3877883984691605, 0.5087997941215052, 0.6130947472741662, 0.4930374476645403, 0.5334893543255953, 0.5343917774130682, 0.5334893543255953, -0.21779744974264006, 0.8686167787644644, 0.9050366103167385, 0.8916044103241589, 0.9310520115863267, -0.08864552996415663, 0.8627092819550567, 0.8631178587528923, 0.8627092819550567, 0.8739156148461457, 0.8739156148461457, -0.26268546789142716, 0.5499501317877781, -0.3830570628272827, -0.6581218541056457, -0.468384380957405, -0.47179146458755145, -0.3079970941077884, 0.22251761907195194, -0.21778160675183494, -0.3980157019194931, -0.5940016478930553, -0.2895479501950403, -0.4995607516705273, -0.34343405865119764, 0.09688779189485103, 0.09214793082555703, -0.48973647512396096, -0.44548021163411383, -0.47358566347393316, -0.5031395040872003, -0.49566001659541553, -0.4757350958965912, -0.4789699466121274, -0.4757350958965912, -0.3586262590911248, -0.49859166478074385, -0.49859166478074385, -0.47200163076045876, -0.47200163076045876, 0.39817370860250384, 0.4125443000820067, 0.5182468406894719, 0.6003390969881836, 0.5754345319483596, -0.392411132209812, 0.38092218030569913, 0.3714467158540649, 0.371536773201527, 0.3714467158540649, 0.11323105955359769], [0.5718986403006021, 0.9695974234423149, 1.0, 0.565531497721433, 0.45577656026079677, 0.571898640300602, 0.5604587432046053, 0.5488881976350517, 0.46109609389984424, 0.4016297331440526, 0.9966523858653137, 0.5604731208296124, 0.5144584673834575, 0.5608026792559978, 0.5590323631726755, 0.5942180637663891, -0.10626628674341396, 0.5062989684579143, 0.5054199671983658, 0.45879139949894227, 0.5593922728552448, 0.20973958403575454, 0.6997841487939424, 0.5277885707983656, 0.5275053437618957, 0.9838379035323759, 0.2931365026139767, 0.17794871074306856, 0.5254669617633901, 0.5249669053348214, 0.7665277874640408, 0.00977600827807338, 0.5586285020175423, 0.4598393528703433, 0.5448451748513784, 0.3591880920317984, 0.9939717392340172, 0.4474044286348249, 0.5571795888478865, -0.11260476197361892, 0.5746872921872354, 0.5566953027917786, 0.5746872921872354, 0.8934039146447484, 0.38899076751951883, 0.9032717751100948, 0.8682719826168811, 0.6504588650776123, 0.2006168589117515, -0.0129035965796809, 0.05718624110836903, 0.4251637069415136, -0.07291770963046915, 0.5163717288505916, 0.451031127905247, -0.07146877126919905, 0.6911350649974398, 0.6448102397498047, 0.486385165946536, 0.6510760177568351, 0.7136384126332953, 0.6510760177568351, 0.3347640784429663, 0.5449039450040514, 0.6435704504196006, 0.5449039450040514, 0.5629645969591455, 0.6222517738664332, 0.662776446704374, 0.7341664142308129, 0.662776446704374, 0.20689014017250598, -0.084302330481492, 0.22615211934181279, 0.1461730209357934, 0.22584447805985677, 0.26235708211613934, 0.39702937638709845, 0.26235708211613934, -0.17307910321798037, 0.44201904014738197, 0.8092013311146262, 0.5272904248509886, 0.7301385421189477, 0.07601047134013991, 0.508091000392215, 0.5082018281826273, 0.508091000392215, 0.6317015765216775, 0.6317015765216775, -0.2864801822851207, 0.7177279911354296, -0.2271764321798492, -0.5472584341734723, -0.3893993353176812, -0.3930297232213098, -0.3921495881181429, 0.01394999625129694, 0.024237570375363764, -0.26123915494166516, -0.5299152134808295, -0.13585792201819966, -0.2276200882789523, -0.21020938801807715, -0.024857916791267518, -0.028508713499958576, -0.44902520277016555, 0.009259403175878698, -0.22022024777886096, -0.4831498285170453, -0.11426910624156437, -0.35815506336110187, -0.23402813810277734, -0.35815506336110187, -0.4279813255563549, -0.5056928483154327, -0.5056928483154327, -0.24062392394482862, -0.24062392394482862, 0.32479698822065867, 0.13578553895909423, 0.24479119238387148, 0.4889576940665613, 0.21776435856721899, -0.30741478324474464, -0.036929282816527964, 0.4468512848386459, 0.5612616297889941, 0.4468512848386459, -0.043024595327548036], [0.9997015496223868, 0.999222085629009, 0.565531497721433, 1.0, 0.9986376363155953, 0.9997015496223866, 0.9924643646703059, 0.9885236477082094, 0.9934612369094589, 0.9709348363456233, 0.9871663672362118, 0.9924966600134959, -0.13367823227196637, 0.9925337671333664, 0.9886300629879177, 0.990077267412837, 0.4363298560868718, 0.9933566856380308, 0.993344556734881, 0.9843623832405259, 0.9924759647497184, 0.4372947534096222, 0.6697453098912064, 0.9808870849741294, 0.9808645463375015, 0.9710807396424674, 0.3032256753290726, -0.1291061366336718, 0.9895497715510728, 0.9895185764921522, 0.2686496928684392, -0.20385640170030275, 0.9945775072699182, 0.9957261626549797, 0.7713094948864451, -0.3955865876500738, 0.9912701940305101, 0.9957310721799719, 0.9907330513679037, 0.4182610500180105, 0.9921601645465733, 0.9946505162170562, 0.9921601645465733, 0.8864784510945367, 0.6569703038669421, 0.8734916020953621, 0.8762655131994036, 0.7697285672468794, 0.3823960376750816, -0.13903183601047492, 0.18501900882141223, 0.9395380051985632, 0.44511639234165984, 0.9725567860245065, 0.9682423703365818, 0.890716815498572, 0.9023370680490124, 0.9181016914857744, 0.9038626166811738, 0.9102329626848789, 0.9113199622813993, 0.9102329626848789, 0.8344014808810812, 0.8927007940801239, 0.8939026620224254, 0.8927007940801239, 0.8916740223149652, 0.6671850741929053, 0.8268406477374114, 0.8285018630391512, 0.8268406477374114, 0.6091240519685687, 0.10179986392906741, 0.5839466581332431, -0.5994931041803444, 0.48497430180232437, 0.2866531382656086, 0.5143430797676211, 0.2866531382656086, -0.10832789176547983, 0.8765338499523502, 0.904503959785389, 0.8868907469493942, 0.8897832669794381, 0.4332749652010467, 0.8746702640928994, 0.8760429611278047, 0.8746702640928994, 0.8676435055561272, 0.8676435055561272, -0.1666312348524877, 0.5770948520465621, 0.1971900370134533, -0.5726755884223905, -0.5708410404029738, -0.5744002805414222, -0.05360242669519606, 0.05225216337097307, 0.2519253932527639, 0.12210802810114463, -0.3993119469691489, 0.048517520706278724, -0.7994621318596044, -0.2191903786310999, 0.1109765798785252, 0.1113089416604238, -0.5488279835589975, -0.6019199664676157, -0.21459400900005451, -0.4994539193625551, -0.8315437284548785, -0.35145945509420173, -0.3430846801648459, -0.35145945509420173, -0.19394554395286334, -0.26768703864013266, -0.26768703864013266, -0.8177985925081485, -0.8177985925081485, 0.38451563625735785, 0.644806138940394, 0.8651968781027832, 0.8440672634122564, 0.7814251586408274, -0.2627608467017205, 0.7580296647738947, 0.7988607632198861, 0.7991192645559583, 0.7988607632198861, -0.2207254845323142], [0.9974808870031148, 0.9938048174122737, 0.45577656026079677, 0.9986376363155953, 1.0, 0.9974808870031148, 0.9967800866160068, 0.9948126202613872, 0.9969669688310908, 0.9605602002032216, 0.9953579423447427, 0.9967987821047413, -0.34403823545534207, 0.9968297782496596, 0.990800703092641, 0.9900670533922847, 0.24105223547759355, 0.9973713822901074, 0.9973656144639631, 0.9861037693778865, 0.9967854280841649, 0.07019979706832774, 0.6303305980875807, 0.99058859972096, 0.9905442125489353, 0.9847359412674361, 0.0511824434485691, -0.11433390313047, 0.9877129631636627, 0.9876482065947845, -0.047329874426566804, -0.10171292829586326, 0.9977131086572963, 0.9976500805178379, 0.7479310988015961, -0.5378377884850871, 0.9971453816568756, 0.9979051407849517, 0.991464756563597, 0.21727083735119282, 0.99766837945734, 0.9976697050274389, 0.99766837945734, 0.9017403960805418, 0.617793448447442, 0.8953623768024485, 0.8802570579192448, 0.7361099945572923, -0.09914301440266361, -0.5800730719020735, -0.23641603519360394, 0.924790467314229, 0.30028318769800894, 0.9660514452895334, 0.9661216757112431, 0.8847992544440137, 0.8797781143548159, 0.9035034848878034, 0.888697713796436, 0.9015920071172929, 0.9020277701075158, 0.9015920071172929, 0.804065008289221, 0.8347974525980187, 0.8361896818898048, 0.8347974525980187, 0.878352160064484, 0.7702479062714185, 0.8581044937387339, 0.8591184849182518, 0.8581044937387339, 0.5597598638047058, 0.423469066128953, 0.5428494581747078, -0.644256243612209, 0.5395802743707613, 0.5166254840193194, 0.516157000743017, 0.5166254840193194, -0.12877747784273708, 0.8551548550105335, 0.8734073887874378, 0.8588195902641002, 0.89475310333254, 0.2897460711543441, 0.8564428491461361, 0.8577825536343932, 0.8564428491461361, 0.8645367256438145, 0.8645367256438145, -0.20994301400712972, 0.6366909175998532, 0.0504930990468259, -0.6079465399454161, -0.6286758214643945, -0.6290747397007644, -0.0899220784712775, 0.07393682402315871, -0.14755710059492216, -0.13104303475737733, -0.48642936935108627, -0.3248825251943745, -0.8633602407830472, -0.5180979631160434, 0.07660843756714293, 0.07677556837863361, -0.5796488823032966, -0.5934054399642208, -0.5132607948509487, -0.5428515788634417, -0.7988695123062964, -0.5694632116438975, -0.5720861340264303, -0.5694632116438975, -0.23821025919823796, -0.3066679766473594, -0.3066679766473594, -0.7649154970164548, -0.7649154970164548, 0.36416766734166467, 0.6231410481600762, 0.8145916182634864, 0.7890664783594675, 0.7683734662489318, -0.4017124175198913, 0.6069098227004511, 0.6891694428221332, 0.689536060432812, 0.6891694428221332, 0.012908741159307294], [1.0, 0.9999832220689487, 0.571898640300602, 0.9997015496223866, 0.9974808870031148, 1.0, 0.9908669967231625, 0.9864447479728542, 0.9915192867050076, 0.9731644237631637, 0.9821862795958695, 0.990911423062284, -0.12932185989937495, 0.9909763898226643, 0.9871089779830851, 0.9885428120483886, 0.45059453358518964, 0.9919846827130295, 0.9919703354903445, 0.983933154542193, 0.9908989081063717, 0.44606299330902227, 0.6663282416434939, 0.9779265733819489, 0.9779037256185553, 0.960821144126324, 0.3081239519136924, -0.12180762119894244, 0.989824160282645, 0.9897826502033981, 0.27707080543231777, -0.2030386669041805, 0.9937813614514626, 0.9946464476061433, 0.811787559398464, -0.3898374995312723, 0.9876260083390249, 0.9944093386010074, 0.9901417465185947, 0.432893975030397, 0.9939673689149288, 0.9939541778529695, 0.9939673689149288, 0.8881007941468874, 0.6697675625121124, 0.8652779330387433, 0.8796779254612236, 0.7923720848495496, 0.3879360594011745, -0.13302078839693357, 0.19157116182763598, 0.9453442168313285, 0.4612856419246185, 0.9768831759085278, 0.971085355493871, 0.9149401702437978, 0.9112356975134172, 0.9331091453558434, 0.9089481754426615, 0.9298919132661855, 0.9306755876523469, 0.9298919132661855, 0.8443342641728823, 0.9063467209929644, 0.9074395790504607, 0.9063467209929644, 0.8961098138311269, 0.7345518222369184, 0.8710306590072188, 0.8726546260753856, 0.8710306590072188, 0.6192496811582408, 0.3090422534668048, 0.5960561149552615, -0.5943078111676604, 0.49162999273670316, 0.5451249715579943, 0.5464971289053967, 0.5451249715579943, -0.10136738055830329, 0.8833329036112701, 0.9152124636255404, 0.89697569004608, 0.9164426507244072, 0.4467022145363105, 0.8804732227483584, 0.8816772939206384, 0.8804732227483584, 0.8899444864078039, 0.8899444864078039, -0.16035093491717176, 0.5498582428312667, 0.19245758177469918, -0.5618667902745429, -0.5629478168521334, -0.5666019650063562, -0.04085603628670408, 0.05785220674112914, 0.2591839166525041, 0.13504058222166682, -0.38630841762041007, 0.05525045135297428, -0.7926237625434219, -0.2110573559567232, 0.12222757328947732, 0.12251297749316865, -0.5412211708490421, -0.6050550925275392, -0.21275751076018337, -0.4869897584785119, -0.8290667722786285, -0.34953824669020495, -0.34059629300836913, -0.34953824669020495, -0.18434493832403437, -0.25731253129275294, -0.25731253129275294, -0.8174853207884962, -0.8174853207884962, 0.398184575835637, 0.6568570941920474, 0.8727662549428677, 0.8515771750399433, 0.7887409033606962, -0.24901831478402403, 0.7669186889102041, 0.8074437819952118, 0.8076968550505232, 0.8074437819952118, -0.2359192124195279], [0.9908669967231625, 0.9781854207605323, 0.5604587432046053, 0.9924643646703059, 0.9967800866160068, 0.9908669967231625, 1.0, 0.9972001108625638, 0.9999681842892276, 0.9517063404305445, 0.999594007998086, 0.9999961836026927, -0.1472199815826032, 0.9999924898363796, 0.9972094241282065, 0.9915502399096913, 0.387197071473786, 0.999837558492647, 0.9998376898006016, 0.988552285413244, 0.9999963798125275, 0.34375832723765, 0.6707988993484466, 0.9843101181527499, 0.984563227754875, 0.9860382646691046, 0.22490538870579319, -0.18794681027570395, 0.9921245290505828, 0.9918541336694435, 0.1683178750343248, -0.25403331305011667, 0.9992946979513586, 0.9993867714480986, 0.35342539781857574, -0.3280869098603281, 0.9986941299073396, 0.9993006313193815, 0.9953078161996204, 0.36760209422096, 0.9319457291531164, 0.9990225901735282, 0.9319457291531164, 0.9103557607554739, 0.6213660020901323, 0.9180501302888036, 0.889692774823367, 0.6896300564339743, 0.41385910480133264, -0.08163994599783995, -0.21112956472436262, 0.9233338585531959, 0.40366104312782636, 0.9682616317817616, 0.9611952459342405, -0.0823455554562301, 0.8299261144275031, 0.8026298891309938, 0.849879027539745, 0.7959765833674092, 0.7634538662383498, 0.7959765833674092, 0.7601531120979046, 0.7634325144539208, 0.7616085875047606, 0.7634325144539208, 0.8370190262200002, 0.31009246501198556, 0.5267089083506884, 0.6090655904351532, 0.5267089083506884, 0.5272656501166971, -0.3614631769091955, 0.4887566044352586, -0.6626476374390105, 0.4065567560055583, -0.1286006843291818, 0.37039840344642627, -0.1286006843291818, -0.1526086398406086, 0.8125024024834279, 0.8221104200506631, 0.8112240303802566, 0.7361782006784623, 0.38305014249629954, 0.8155536249182748, 0.8175063295088181, 0.8155536249182748, 0.723505757657987, 0.723505757657987, -0.24697658818891582, 0.6868107689447572, 0.2520445592305586, -0.5910442892822511, -0.6139944023299145, -0.6170750606651746, -0.10546428309187279, -8.314422433739246e-05, 0.35594156324012094, 0.08318021968964463, -0.4264229190564933, 0.09969932603827132, -0.826751289200507, -0.1230470517992227, 0.03919393979747989, 0.03960150153114508, -0.5947681357606035, -0.6078524040219004, -0.05436574519810292, -0.5799426225778064, -0.8438927446956123, -0.34792657678206956, -0.17450809224162322, -0.34792657678206956, -0.2738388596108287, -0.3177314663336755, -0.3177314663336755, -0.8372865383335457, -0.8372865383335457, 0.361586837021204, 0.6004213571349498, 0.497673782715389, 0.8069366501452291, 0.7579598615806297, -0.3209841987521308, 0.059638972803024166, 0.763322481705142, 0.7820522473959334, 0.763322481705142, -0.14530319630563085], [0.9864447479728542, 0.969291975814298, 0.5488881976350517, 0.9885236477082094, 0.9948126202613872, 0.9864447479728542, 0.9972001108625638, 1.0, 0.9994709805830779, 0.9433615375857459, 0.9982971580032826, 0.9980001434870203, -0.15658948915106194, 0.9990117820959544, 0.9959705249636, 0.9841510583492413, 0.36508283053558, 0.999063323021792, 0.9990650989930848, 0.9856286755437735, 0.9991720345911936, 0.31650242131592443, 0.6700954770174951, 0.9918960015255702, 0.9822589806539256, 0.9817463467093854, 0.20513153717242102, -0.2029562630721288, 0.9884046147884418, 0.9918156207739163, 0.14783050245973167, -0.2610255541320231, 0.9981425466026393, 0.9980444670587956, 0.3325713247337938, -0.33561596616301237, 0.9961237673614581, 0.9978806050980612, 0.9946148606496448, 0.34499821748725434, 0.9231211291224699, 0.9979738280276982, 0.9231211291224699, 0.9076992722795478, 0.6053709995546094, 0.9184677382805122, 0.8854469243537824, 0.6620139996894019, 0.4002864280598655, -0.09751949989866668, -0.2249035200349024, 0.9139474824019633, 0.38244867630009266, 0.9634220538062803, 0.9555213867681043, -0.09335169362507768, 0.8150311116443166, 0.7839392142332566, 0.8395312242684301, 0.7785118416211211, 0.7497944990388433, 0.7785118416211211, 0.7451367097291152, 0.7421374067492014, 0.7467298426218996, 0.7421374067492014, 0.8269498412130868, 0.2881572665149911, 0.50347163574434, 0.5907774063756982, 0.50347163574434, 0.5117746466728237, -0.3775013825035169, 0.47141888924153624, -0.671914195964265, 0.39656630897831896, -0.15254173870399754, 0.3519330605994074, -0.15254173870399754, -0.16001963699399507, 0.8003367526259125, 0.8026894976685546, 0.7952917058469622, 0.7198768097543646, 0.36553406103107994, 0.804040063141242, 0.8062208214167537, 0.804040063141242, 0.7030792211768715, 0.7030792211768715, -0.2641343781396058, 0.7167387360566967, 0.26011695384163963, -0.6011808447426916, -0.6282266622716747, -0.6311073976536802, -0.12133099171998406, -0.008984522504974198, 0.3490050330732871, 0.06333454459760923, -0.4402127726137532, 0.09026575482996117, -0.8338865553945819, -0.12968376700149972, 0.022245247317434044, 0.02266990446450296, -0.6077499260106334, -0.6092450715156968, -0.06137088029799561, -0.5989501336193029, -0.8443833549788101, -0.36023305263247696, -0.18090341218885106, -0.36023305263247696, -0.2931592305291441, -0.33273820685925737, -0.33273820685925737, -0.8361590184345441, -0.8361590184345441, 0.33781532233822315, 0.5820425366431667, 0.4778529189121622, 0.7883527276505657, 0.7442920294834594, -0.34443630959849675, 0.044677796806232156, 0.7434667023313885, 0.7658364028150114, 0.7434667023313885, -0.1273198101033721], [0.9915192867050076, 0.9779677308781303, 0.46109609389984424, 0.9934612369094589, 0.9969669688310908, 0.9915192867050076, 0.9999681842892276, 0.9994709805830779, 1.0, 0.9504696523894223, 0.9995409337862091, 0.9999691150682702, -0.31939118263571614, 0.999973624140291, 0.9946327968389752, 0.9912327019947442, 0.28034291735606726, 0.9997797978040259, 0.9997803966477863, 0.9883500172283388, 0.999966046381406, 0.11837893641524036, 0.6284156218942559, 0.9941751120416431, 0.9941204126206572, 0.9858264626299126, 0.03366691162948307, -0.12769616992119004, 0.9906493145405164, 0.990612105662886, -0.029356054847901786, -0.2146374945181834, 0.9993162655529764, 0.9992741972520105, 0.7598762779137399, -0.5273140424295544, 0.9986048384952297, 0.9992797406526748, 0.9934641132770422, 0.25725642657293835, 0.9991580727516449, 0.9991634642864881, 0.9991580727516449, 0.9103232645333005, 0.6223402970901165, 0.9176154290311741, 0.8889423684867329, 0.6889715887022304, 0.008360166880314464, -0.5260687482000758, -0.18582965853145988, 0.9184896681874237, 0.3523170586385259, 0.9623582277180001, 0.9614294780275374, 0.8562222939870225, 0.8306379842417136, 0.8759010029212556, 0.8506710237304967, 0.8740482717602618, 0.8747915814826447, 0.8740482717602618, 0.7590577270671184, 0.81600690044638, 0.81773218228307, 0.81600690044638, 0.8383573630344818, 0.7301573152713461, 0.8268213351453717, 0.8283030558099035, 0.8268213351453717, 0.5263584978961617, 0.34750529385201095, 0.4876351151747985, -0.6911563733007862, 0.46546830914140785, 0.4291494177410263, 0.4291911303305133, 0.4291494177410263, -0.10913754896204973, 0.8128705770070939, 0.8218437859974769, 0.8113784935100937, 0.8668251424109764, 0.30911401199357297, 0.821553355493139, 0.8239520148247997, 0.821553355493139, 0.8296548463177632, 0.8296548463177632, -0.24927215700919544, 0.6872267840116986, 0.07552358156488422, -0.6034288676760955, -0.65536845625525, -0.6562255344986996, -0.10914114822972959, 0.0021389311279750326, -0.154688909013775, -0.10142391841331282, -0.47443078661926086, -0.35589850530976197, -0.8777090360461686, -0.5569576788159554, 0.037724853983952124, 0.03867626597914437, -0.5967012479704592, -0.6039333306781757, -0.5228580752998091, -0.5821119300823758, -0.8189236022475106, -0.5931320217079836, -0.5951943982341491, -0.5931320217079836, -0.2763462715937921, -0.3213610468676409, -0.3213610468676409, -0.7985630736714547, -0.7985630736714547, 0.3621316091351632, 0.5991246955959757, 0.8223238676631603, 0.8008625128566154, 0.7563691068781682, -0.3498202857383675, 0.6404755581629474, 0.710253346411147, 0.7104111143523074, 0.710253346411147, 0.09630761059772966], [0.9731644237631637, 0.958824330527925, 0.4016297331440526, 0.9709348363456233, 0.9605602002032216, 0.9731644237631637, 0.9517063404305445, 0.9433615375857459, 0.9504696523894223, 1.0, 0.9244986515902233, 0.9517419489718567, -0.25858811012368615, 0.9513965714744451, 0.9415381431545444, 0.9409179928604241, 0.08718959761529882, 0.9573180639366655, 0.9572939746843289, 0.9518859263986065, 0.9518771241943738, 0.04662621370104195, 0.6768652535780365, 0.9536462218283545, 0.9538611626009137, 0.8271485253922667, 0.13516371191941426, -0.10981142747754935, 0.9602469981392511, 0.9603789214815892, 0.11682792367720424, 0.05562870624872872, 0.961661029891679, 0.9619474391193407, 0.8535962089439666, -0.45082784909738155, 0.9361863885329431, 0.9608147175698475, 0.9522089392198307, 0.0645023632007009, 0.963038404711429, 0.9630017909602102, 0.963038404711429, 0.7832671949127716, 0.4174818868080506, 0.7460839697501604, 0.8595193139175311, 0.8318353734763617, -0.5539056626394115, -0.6863402224582081, -0.3045259697055275, 0.8682699361597856, 0.06923115903551, 0.9027048580924861, 0.9027552956095912, 0.8602675957709089, 0.8546451218521611, 0.8857126340842358, 0.8633829391382202, 0.8776517292409192, 0.8784750565009581, 0.8776517292409192, 0.8035421506450439, 0.7820206805910473, 0.7841360990076233, 0.7820206805910473, 0.8555558443956736, 0.8755010750197658, 0.853702521181923, 0.8544874259788958, 0.853702521181923, 0.6252757858070875, 0.5449925634874264, 0.6265282760854727, -0.410949146785572, 0.6475271378278351, 0.668347364209117, 0.6714478636210777, 0.668347364209117, -0.26675573784958484, 0.8604245279936756, 0.9210733187494282, 0.8783799213342347, 0.8764019620533979, 0.18341106082444586, 0.8525153023596649, 0.8538577003677239, 0.8525153023596649, 0.8641867836576987, 0.8641867836576987, 0.012306370074260609, 0.2926141950911226, -0.0921699183352594, -0.5121023670757678, -0.40133783824148317, -0.403288448096143, 0.05682347896693724, 0.3876571350736314, 0.09552761512119388, -0.03637457450004066, -0.36211786564465687, 0.0009595741536844042, -0.8114725198647423, -0.1607091465531455, 0.2762651641219005, 0.27536956736774987, -0.3611608327005715, -0.43884781853185595, -0.3162162569582444, -0.32193513661733986, -0.6850975813737217, -0.3373620041753798, -0.3393542323479646, -0.3373620041753798, -0.06629549528258505, -0.3548704340592887, -0.3548704340592887, -0.5386366745523677, -0.5386366745523677, 0.5658212674680945, 0.6713470545255957, 0.7600407806108339, 0.670433251611238, 0.8374454663083089, -0.44587685387989734, 0.38556276634260206, 0.5615466898302347, 0.5618255224383195, 0.5615466898302347, -0.2296153073652465], [0.9821862795958695, 0.980120914213388, 0.9966523858653137, 0.9871663672362118, 0.9953579423447427, 0.9821862795958695, 0.999594007998086, 0.9982971580032826, 0.9995409337862091, 0.9244986515902233, 1.0, 0.9995910327825475, 0.9995873022088505, 0.9995425358486861, 0.9804844930425366, 0.9759927926538348, -0.3830678610136371, 0.999737611118682, 0.9997415621119881, 0.9995982895422478, 0.9995981535411729, -0.2666353183775183, 0.9621495278030157, 0.9925062612771369, 0.9924796697850788, 0.9890154831507495, 0.02043911124277298, 0.08001615036947934, 0.9893309539600466, 0.9893845149216798, 0.9718567871771515, 0.01273067433432656, 0.998717422443694, 0.9986604964967124, 0.9984704549362674, 0.9992473916813189, 0.9992029234034515, 0.998718096814445, 0.9774153293225012, -0.3934313319083797, 0.9984089508402259, 0.998420015478638, 0.9984089508402259, 0.903922844337443, 0.47667135603419825, 0.9132193521228035, 0.8867596001570011, 0.6903835701587137, -0.536648062164277, -0.6584053675370516, 0.7931483581405555, 0.8061660735050276, -0.2925999580059865, 0.9214194133024993, 0.9216195512173411, 0.8544717027678517, 0.8642609255626907, 0.8310241614566998, 0.8336523913308304, 0.8402711296748642, 0.8412116843898859, 0.8402711296748642, 0.6656251949451412, 0.6200822123002552, 0.622751292138301, 0.6200822123002552, 0.865151189723973, 0.8742533038912034, 0.8636729040694218, 0.865152791426548, 0.8636729040694218, 0.31433802441918307, 0.24451017443440548, 0.37255564695960325, 0.4963220660631686, 0.3667416478108646, 0.4150257858991019, 0.41771543689159896, 0.4150257858991019, -0.4128428633016181, 0.7752790204223716, 0.826256111272761, 0.8061452686156158, 0.8633789853194465, -0.14364078553544601, 0.7681213276824933, 0.7686721051949522, 0.7681213276824933, 0.7826354377209293, 0.7826354377209293, -0.3100184421172333, 0.6784366411617805, -0.4019167075251763, -0.6963491822855188, -0.5481493238083928, -0.5504218231666704, -0.3686229639646397, 0.1551627740197899, -0.27475204588763213, -0.44759951307640955, -0.6407475652785323, -0.35190230718445753, -0.6230486122196803, -0.41768006864373985, 0.025763160833631477, 0.021982619952973848, -0.5650246047373233, -0.5301374371936849, -0.5489367600238724, -0.5829866678304239, -0.5772784973886518, -0.5521942879029489, -0.5551387448020945, -0.5521942879029489, -0.43979026433873963, -0.6049694729094978, -0.6049694729094978, -0.6066913744816457, -0.6066913744816457, 0.35722652326164833, 0.3544769648353947, 0.4696296711044488, 0.5522077611925356, 0.5502658970663303, -0.55218963546088, 0.29497793758814445, 0.3140962994412355, 0.31425951934637475, 0.3140962994412355, 0.2194083743597128], [0.990911423062284, 0.9782334773193923, 0.5604731208296124, 0.9924966600134959, 0.9967987821047413, 0.990911423062284, 0.9999961836026927, 0.9980001434870203, 0.9999691150682702, 0.9517419489718567, 0.9995910327825475, 1.0, -0.1468883135858435, 0.9999943669456186, 0.9972123261506773, 0.9921545142357553, 0.38729406682359574, 0.9998389966394035, 0.9998391069275716, 0.9885965660257875, 0.9999970224892375, 0.34409212677734596, 0.6708664236871074, 0.9897555764550858, 0.9845516394518545, 0.9860195833860153, 0.22518317781117692, -0.18789372142182506, 0.9921260074390549, 0.9918676023799045, 0.1685623561781932, -0.25400552111463337, 0.9992972000588173, 0.9993915035184294, 0.35339433881224636, -0.32786765548911095, 0.9986961807730037, 0.9993094711300045, 0.9953096194937003, 0.36770603032858845, 0.9319277784438843, 0.9990258421797763, 0.9319277784438843, 0.910395009882288, 0.6215318311178541, 0.9182943118765767, 0.889929914017879, 0.6897919208174286, 0.4142707063963598, -0.08116841232118474, -0.2107479787730264, 0.9234227115202563, 0.40375978066665535, 0.9683614762788377, 0.961269915780749, -0.08214900351479866, 0.8300828462059139, 0.8027385474324911, 0.8499968820566131, 0.7960826575753366, 0.763391849609919, 0.7960826575753366, 0.7602282096359911, 0.7634945906949766, 0.7615415895054749, 0.7634945906949766, 0.8371781572861442, 0.3099562235503606, 0.5267164821420796, 0.6089714851316707, 0.5267164821420796, 0.5272023355063243, -0.3614864835263659, 0.4887067077273821, -0.6625418035060118, 0.40643463624234616, -0.1287361394495364, 0.3704372260858567, -0.1287361394495364, -0.15276062718073422, 0.8125728311160555, 0.8222470535055112, 0.8113183196478144, 0.7361692121178437, 0.38315614970793627, 0.8156380013820906, 0.8175852970628348, 0.8156380013820906, 0.7235836650473065, 0.7235836650473065, -0.24696913027718184, 0.6868162134962864, 0.2521658731819431, -0.5910419921636202, -0.6139085567584271, -0.6169949252562295, -0.10554301639506763, -0.0002397125008101804, 0.35612158957234885, 0.08321475471446706, -0.4264473908973817, 0.09997170478608015, -0.8264750708090527, -0.12274287917623627, 0.039227881089804295, 0.039650922264473754, -0.5947567199284061, -0.6076703473718305, -0.054103984544705726, -0.579923938783152, -0.8437832936622104, -0.34768787340867285, -0.17428975524844142, -0.34768787340867285, -0.27369357975434244, -0.3176883000588035, -0.3176883000588035, -0.8372343197230803, -0.8372343197230803, 0.362104583873539, 0.6005818913198714, 0.49793254218044114, 0.8072077584128468, 0.7580573619471969, -0.32074853596978276, 0.059932388041266535, 0.7635856823888179, 0.7821779037544614, 0.7635856823888179, -0.14532911848638363], [-0.12932185989937495, 0.9781936614918404, 0.5144584673834575, -0.13367823227196637, -0.34403823545534207, -0.12932185989937495, -0.1472199815826032, -0.15658948915106194, -0.31939118263571614, -0.25858811012368615, 0.9995873022088505, -0.1468883135858435, 1.0, -0.14626374688477678, -0.1437639389642972, -0.11955643289142423, -0.293363856174253, -0.14770788522831352, -0.14817471815517613, -0.26993579913224036, -0.14777133256987532, 0.025891189398456235, 0.30915979762259777, -0.18102390152532633, -0.18136193171175874, 0.9859987441080552, 0.24852031521776613, 0.1864987802759212, -0.18365294223002, -0.184271264452333, 0.5374233705344559, 0.12080151527840016, -0.14502862263780758, -0.3045429238947994, 0.16770669586899437, 0.9595563804385082, 0.9986944474684473, -0.3361547659607751, -0.14135499383581862, -0.2832625310393766, -0.14536807958516187, -0.14623106721814239, -0.14536807958516187, 0.9104753818419847, -0.11817261335188557, 0.9182674069942726, 0.8898742398466617, 0.6897780258909919, 0.0842529685988008, 0.2540640043611964, 0.6445773513162623, -0.26564755756618136, -0.2970235130378469, -0.06438684098830133, -0.30015933857913185, 0.030499203796983405, 0.27925187347063885, -0.01813173418122494, -0.3012959573944548, -0.015950922045174117, -0.006111655080262459, -0.015950922045174117, -0.4079152359880289, -0.10363637141263041, -0.10577479261659152, -0.10363637141263041, -0.19989683651560408, 0.07248498204550949, 0.0491618170469327, 0.04912469223699057, 0.0491618170469327, -0.40788152597583166, 0.006952592692688574, -0.37185660784384705, 0.621175491436522, -0.3404506520269694, 0.008751861773933719, -0.058376972051408564, 0.008751861773933719, -0.3068198119239934, -0.3357033001902059, 0.822220793198457, -0.11348790939378373, 0.017179969888095822, -0.22039622699099468, -0.25848594192311153, -0.257965483781383, -0.25848594192311153, -0.024252619500309363, -0.024252619500309363, -0.22689212681595858, 0.6867452507232917, -0.16220886914729388, -0.02038201616951392, 0.19690086060961817, 0.19546235120690986, -0.25200925539812025, -0.008774297221093165, 0.019732257688355615, -0.17453375228402485, -0.11220864742331801, 0.041468550709026095, 0.38406378778913763, 0.11360514228792558, -0.04000779003446193, -0.043920957321476786, 0.08521365857564428, 0.5699665808708161, 0.09167124186213754, -0.19483202112484527, 0.6123871891993756, 0.09568862140957442, 0.10371509055852267, 0.09568862140957442, -0.23876765772404837, -0.1969868910265766, -0.1969868910265766, 0.3228876376824231, 0.3228876376824231, 0.3622144074722873, -0.2515236724538291, 0.018058456557681908, 0.09190354596133422, -0.2474068682905918, 0.07198858898524763, 0.15427722922693438, 0.10546605282702401, 0.10539373923767761, 0.10546605282702401, 0.12555640342477584], [0.9909763898226643, 0.9780133255651621, 0.5608026792559978, 0.9925337671333664, 0.9968297782496596, 0.9909763898226643, 0.9999924898363796, 0.9990117820959544, 0.999973624140291, 0.9513965714744451, 0.9995425358486861, 0.9999943669456186, -0.14626374688477678, 1.0, 0.9970504973337623, 0.9937905767171925, 0.3874114597346246, 0.9998420469545399, 0.999842071286857, 0.9887567789067245, 0.9999943798327563, 0.34478277758203385, 0.6707076223791687, 0.993260081864124, 0.9931483870366916, 0.9858996243912077, 0.22547313672942715, -0.18793870814959363, 0.9928704438317192, 0.9929152965888469, 0.16935997139184963, -0.253833619923385, 0.9993476098257225, 0.9993905928501889, 0.3523285963789493, -0.3270032763303976, 0.9986340061496056, 0.9993126442490925, 0.9955627710538527, 0.36784873141424856, 0.9314106548875263, 0.9990820993066478, 0.9314106548875263, 0.910678061745535, 0.6222718738260851, 0.9186516888710424, 0.8902948538403264, 0.6894775153612077, 0.4156943757588013, -0.07954154968522077, -0.21095244350749964, 0.923823932477305, 0.4040510033661974, 0.9687841409986592, 0.9616373948848981, -0.08318467763821037, 0.8303644642813905, 0.8026584659484667, 0.850258478855154, 0.7960436122942998, 0.7629890272993577, 0.7960436122942998, 0.7604242386631294, 0.7634492533016695, 0.7619633153464407, 0.7634492533016695, 0.8375299525933698, 0.3092630551324317, 0.5261948567399419, 0.6090037025043116, 0.5261948567399419, 0.5270304507715161, -0.36267733331737095, 0.4886057197772134, -0.6626967723824986, 0.4060358340401482, -0.12975861613344913, 0.370083663022701, -0.12975861613344913, -0.15270343629145938, 0.8127090737596755, 0.8218447861956106, 0.8114165963566417, 0.726339809930529, 0.3835482307800552, 0.8157633158124996, 0.8176996775725655, 0.8157633158124996, 0.723388373619662, 0.723388373619662, -0.2486309533951629, 0.6877263647444662, 0.25268081424737193, -0.5910240802030065, -0.6142990625681154, -0.6173901990531503, -0.1067400524533532, -0.0015203236021231322, 0.3564279683408846, 0.08275337131375977, -0.4267182629278485, 0.10004884354829273, -0.8255885429656687, -0.12258379180160789, 0.03816196221603829, 0.03857994350724541, -0.5954087320032061, -0.6079669563490236, -0.05351326982267767, -0.5813095519612075, -0.8437715202232745, -0.34762345682771717, -0.173721564533266, -0.34762345682771717, -0.27471803444833987, -0.31817721511346075, -0.31817721511346075, -0.8375861636898501, -0.8375861636898501, 0.3622743329074575, 0.6002531243059342, 0.49737588457629617, 0.8076597897564386, 0.7574895235622982, -0.32026137771348256, 0.05924542817288021, 0.7639894456404478, 0.782787734759642, 0.7639894456404478, -0.1450003899558699], [0.9871089779830851, 0.9553175205927722, 0.5590323631726755, 0.9886300629879177, 0.990800703092641, 0.9871089779830851, 0.9972094241282065, 0.9959705249636, 0.9946327968389752, 0.9415381431545444, 0.9804844930425366, 0.9972123261506773, -0.1437639389642972, 0.9970504973337623, 1.0, 0.9975876026590925, 0.38931372434458345, 0.9965372307603345, 0.9965373260952799, 0.9842092175062238, 0.9970181807704219, 0.34441228505638793, 0.666510844502222, 0.9896558986141903, 0.9808462370659281, 0.9397401233360679, 0.22383017456362544, -0.18770379190703346, 0.9898810538958112, 0.9898457244719816, 0.17043700638816275, -0.2554702933835893, 0.9965750864388713, 0.9944469775013995, 0.3493830024113455, -0.3228953102285708, 0.9802973727370327, 0.9938429029772932, 0.9985356520722178, 0.3698547309471899, 0.927301855098257, 0.9963344504192624, 0.927301855098257, 0.8913701246615977, 0.6214766931765487, 0.8712349626565904, 0.8428334742603403, 0.6740419615506651, 0.41627268911423027, -0.0766167849384007, -0.21161459448176725, 0.9200744618703601, 0.40322929936932717, 0.9668698397175444, 0.957004595471364, -0.08720640329268321, 0.8139740199021832, 0.7990161969903494, 0.8424445236916852, 0.7922991019729443, 0.7628163624660318, 0.7922991019729443, 0.7497097275457546, 0.7596710506346458, 0.7608951102583558, 0.7596710506346458, 0.8284795510195397, 0.30653947565518175, 0.5225418922449554, 0.6079499692762584, 0.5225418922449554, 0.5215114156252826, -0.3649992104437609, 0.48194661817428397, -0.6601589638289846, 0.4003236870664243, -0.1314754880209553, 0.3679848598083418, -0.1314754880209553, -0.15543377761729674, 0.804896261441922, 0.8012893065915323, 0.7983323355039765, 0.7357216585598878, 0.3871752555155706, 0.8094164675539725, 0.8117495351203873, 0.8094164675539725, 0.7196165142896728, 0.7196165142896728, -0.24904195724712663, 0.6664889196424016, 0.252648365037212, -0.5838583541849207, -0.6120300716435317, -0.614906527347908, -0.10626408219311123, -0.005095470079602562, 0.3581457124997287, 0.0850395182096927, -0.4202144359073018, 0.10219293125708331, -0.8221993997267567, -0.11953281849688398, 0.035060279170824375, 0.03595478882727464, -0.5937177675465544, -0.6010510753037276, -0.05027754556978101, -0.5759053511234855, -0.8401768374161792, -0.34475699863696535, -0.17066137803559028, -0.34475699863696535, -0.27262673358251965, -0.3175584987994841, -0.3175584987994841, -0.8341121291209266, -0.8341121291209266, 0.3472935768870223, 0.595880111172779, 0.49470409508734065, 0.8071794878624553, 0.7522613157888386, -0.3183685650365497, 0.05708765703694934, 0.7640235228251978, 0.7835604462907175, 0.7640235228251978, -0.14361851644205198], [0.9885428120483886, 0.9598879394156221, 0.5942180637663891, 0.990077267412837, 0.9900670533922847, 0.9885428120483886, 0.9915502399096913, 0.9841510583492413, 0.9912327019947442, 0.9409179928604241,