var config = { responsive: true }

var correlationClose = {"data": [{"type": "heatmap", "z": [[1.0, 0.9999817008357959, 0.5499799573055921, 0.9996937135780073, 0.9973494766027385, 1.0, 0.9904556199933623, 0.9858412285370294, 0.9910734337644, 0.9725849719602474, 0.9806236170387452, 0.9905018911902099, -0.14149825179665032, 0.9905697661475203, 0.990617801498991, 0.9933681626166758, 0.4893257136915154, 0.9916245885624114, 0.9916101787163661, 0.9833881977919965, 0.9904892563939951, 0.4442962921034737, 0.6482167674702326, 0.9769705079532324, 0.9769454178265656, 0.9553152680905205, 0.2911944138905116, -0.12687672615414664, 0.989889891874062, 0.9898507044755959, 0.266324441009197, -0.21222534710233384, 0.9935084336806117, 0.9944114391091171, 0.8029480161226017, -0.39446603157517485, 0.9866143422891728, 0.9941248524709682, 0.9940525930517959, 0.47214436612572425, 0.9937066328139648, 0.993692678748614, 0.9937066328139648, 0.8921705094556772, 0.6800318773718493, 0.8604973623586426, 0.8815340303196213, 0.7982655063008003, 0.3959117498678552, -0.12051152311137231, 0.1938085445601051, 0.9470958359126851, 0.4841808796706631, 0.9774823122671019, 0.971466732814821, 0.9111128203994502, 0.9036211984635872, 0.9301713123376376, 0.9033592063376913, 0.9267313847525055, 0.9275635210736152, 0.9267313847525055, 0.8362475174000688, 0.9037751219956787, 0.9049381593295651, 0.9037751219956787, 0.8890336581994708, 0.721333780876182, 0.8649576491946745, 0.8666721699529907, 0.8649576491946745, 0.6067269831396097, 0.30076739237994093, 0.5824832287536341, -0.5995510243802474, 0.47408586787726564, 0.5341624602378847, 0.5357803932394127, 0.5341624602378847, -0.09495903653571107, 0.8762892036540252, 0.9074185689092055, 0.8891095130020529, 0.9126062923186924, 0.4948173230522047, 0.8739742025325402, 0.8752910070715382, 0.8739742025325402, 0.8851333755123607, 0.8851333755123607, -0.1692790775709531, 0.5276483079942005, 0.20111027246025015, -0.5301835224388437, -0.5536480446651475, -0.5573865403176576, -0.018848221817443972, 0.04274441318195678, 0.2726025056343761, 0.16539862099517078, -0.3410058920151454, 0.07296412892947876, -0.7902455768135521, -0.19329382508974133, 0.11050410093209592, 0.11071633911273483, -0.5293014703115462, -0.6089390614986077, -0.194043482683448, -0.4733654835348902, -0.8303591097453539, -0.33302689071851077, -0.323785372888754, -0.33302689071851077, -0.17552678963036888, -0.23857247192957362, -0.23857247192957362, -0.8193423099344067, -0.8193423099344067, 0.4026755133323666, 0.6632836393679976, 0.8759888587352402, 0.8546742890772979, 0.7932390613765257, -0.229300726185208, 0.7725074417177833, 0.8130305936596108, 0.8133017769794538, 0.8130305936596108], [0.9999817008357959, 1.0, 0.9666562851102447, 0.9991529204811129, 0.9932135475348514, 0.9999817008357956, 0.9761973989167295, 0.9664350637911239, 0.9759610426234407, 0.9560186659967693, 0.9782719530595516, 0.9762510433239444, 0.9762079287620599, 0.976008508005393, 0.9752021546186675, 0.984346993331493, -0.21936409050375008, 0.9820569265826224, 0.9820259356331897, 0.9763260792427919, 0.9763158518224777, -0.16721811842100795, 0.9653758201177756, 0.968755545323457, 0.9688345782805416, 0.9555666345845015, -0.007409023366812107, 0.14240543049591112, 0.9747055756971442, 0.9747816827636914, 0.9703088078869724, 0.120006866535473, 0.9865638796673775, 0.9866624011082753, 0.9874826797425283, 0.97866607309876, 0.9848056437355482, 0.9865674750647437, 0.9872626361277127, -0.22641695042789803, 0.9875967843437373, 0.9875750132214806, 0.9875967843437373, 0.892286390966769, 0.5751792872542192, 0.8608748344866087, 0.8816893881765406, 0.7975229676541026, -0.4500158012995444, -0.5537398040960867, 0.8392045397886332, 0.8611441074669395, -0.15207052224393305, 0.9350941698703591, 0.9351488179138888, 0.916863400538224, 0.9275858949448904, 0.9035638347898919, 0.9032342507980337, 0.9106748243256454, 0.9114717335892396, 0.9106748243256454, 0.7607710982910527, 0.72012579923868, 0.722240714078272, 0.72012579923868, 0.9214554101696066, 0.9269724808426413, 0.921192101817052, 0.9225087019748234, 0.921192101817052, 0.4215032797951287, 0.36504205064158207, 0.4875274694670384, 0.5908161188554298, 0.46680764693472393, 0.5108710293021604, 0.5117191414686149, 0.5108710293021604, -0.2092519028167261, 0.8571278717036671, 0.8957819507088132, 0.8812589390899939, 0.9244299420945383, -0.019226944778675127, 0.8505256813476236, 0.8509386752221704, 0.8505256813476236, 0.8625130265858009, 0.8625130265858009, -0.2748917724004928, 0.5284557296091054, -0.3819600474035259, -0.6205042641726998, -0.46387597211842785, -0.467246924946068, -0.2871400871681038, 0.21055802743342142, -0.2017069672979308, -0.36943079593424305, -0.5516762767465676, -0.269470968814871, -0.5020524354996168, -0.3228910114554461, 0.0846082173377972, 0.07926418494418268, -0.4812104585845909, -0.4348446908413352, -0.4626653820598857, -0.4923338204102222, -0.48486162939458977, -0.46532271088373867, -0.46853024409257066, -0.46532271088373867, -0.35616771072610987, -0.4888078079103353, -0.4888078079103353, -0.4647042998091796, -0.4647042998091796, 0.40259782960084994, 0.4257191223341024, 0.5234708336935843, 0.6084632338273592, 0.5837500681210267, -0.3779180287113467, 0.3957638950927196, 0.3877160911565427, 0.3878290974158783, 0.3877160911565427], [0.5499799573055921, 0.9666562851102447, 1.0, 0.542914802506324, 0.42240056367739515, 0.549979957305592, 0.5399285974576097, 0.5275153461539279, 0.4298700555145413, 0.3674080028563126, 0.9965089731532311, 0.5399482643828877, 0.5190619349368709, 0.5403070979994112, 0.542506396522915, 0.5796246173081594, -0.08200377035402824, 0.481846315714665, 0.4809907535468738, 0.43084669198049197, 0.5388950564048197, 0.2023159359828873, 0.6802603142500925, 0.5044590404213326, 0.5041674703937992, 0.9816379986837408, 0.274960931983732, 0.18122633613414516, 0.5072290585269822, 0.5067158638110999, 0.7713503748516807, 0.0054111902203514, 0.5387059250916768, 0.42989583753228533, 0.5305661308052327, 0.3723037153089858, 0.9936970570917907, 0.415646126156656, 0.5414320847883319, -0.08764537694856231, 0.5546991399007002, 0.5368815735540109, 0.5546991399007002, 0.8997724624349264, 0.39287806780685824, 0.9033563377223631, 0.8682870079146928, 0.6494235573182441, 0.20180434682152215, 0.0014136067480173655, 0.0623865734499488, 0.40728187987068126, -0.06348789278839398, 0.5000436626128268, 0.428008382683576, -0.08297318372549545, 0.6665755958908628, 0.6284121750915681, 0.45254922523760266, 0.6345270502489717, 0.7047510049062266, 0.6345270502489717, 0.2970402430534469, 0.528785279738082, 0.6351878804850196, 0.528785279738082, 0.5320270127887338, 0.6122881246752107, 0.6500535769422104, 0.7266742077370246, 0.6500535769422104, 0.17563630639280095, -0.08120687709131956, 0.19573545500880707, 0.16093698223819203, 0.19487506017077735, 0.2654990139041637, 0.383372481751432, 0.2654990139041637, -0.16831110459561446, 0.4064990160912548, 0.790696289098997, 0.4924729329824602, 0.7215695830731726, 0.11608554268257831, 0.4781583648889807, 0.47844574067284845, 0.4781583648889807, 0.6153085470346562, 0.6153085470346562, -0.29936047289362366, 0.7101911894396634, -0.23435326223561206, -0.5075181658766476, -0.37354748509208513, -0.3772606884607745, -0.38168742190890625, -0.004245056467355705, 0.02708220101349235, -0.24150442253334092, -0.49088574306266536, -0.126154349689588, -0.2061947396290507, -0.19543878009005328, -0.04206874235061039, -0.0458983586206994, -0.4331881381253064, 0.02650242455957043, -0.20645163243731324, -0.46939766460546184, -0.09353858453352977, -0.3424213734016183, -0.21799166633588188, -0.3424213734016183, -0.4278983528244194, -0.49626292862863425, -0.49626292862863425, -0.22553404288189027, -0.22553404288189027, 0.32312866287304776, 0.12403211480884961, 0.23557076299214944, 0.48265137684982484, 0.20002293364628454, -0.28840528787035247, -0.04001290942149387, 0.44338967634427734, 0.5602527362650377, 0.44338967634427734], [0.9996937135780073, 0.9991529204811129, 0.542914802506324, 1.0, 0.9985616951205166, 0.9996937135780071, 0.9921158033472817, 0.9879878173663446, 0.9931193365776447, 0.9703041630422754, 0.9860516818572658, 0.9921496196204522, -0.14619379115167036, 0.9921884605343501, 0.9922287639228851, 0.9949781213796037, 0.47525842910727084, 0.9930493933923847, 0.9930369596458024, 0.9838875588791666, 0.9921288515654272, 0.4353893370771324, 0.6514160905604005, 0.9800112002675482, 0.9799867977676253, 0.9670523558869567, 0.28594571892002796, -0.13446826258449246, 0.9897116397221798, 0.9896835367518724, 0.25761850371091277, -0.21325227901428434, 0.99435180489323, 0.9955677358359869, 0.7607716886912551, -0.4005045846309344, 0.990602901103494, 0.9955289759801201, 0.9947096259773897, 0.45769081904053943, 0.9918314522532696, 0.9944349997656889, 0.9918314522532696, 0.8908605786085472, 0.6672109964586301, 0.8694281324442502, 0.8770955271788753, 0.7747429957774024, 0.39025137791567954, -0.1267238270538702, 0.18703384209494123, 0.9412843521654543, 0.46799208568686396, 0.9731840123777529, 0.9686416719677204, 0.885798870713052, 0.8938535224773011, 0.9144879666647528, 0.8978639790189861, 0.9061630046862342, 0.9073176478947272, 0.9061630046862342, 0.8257244511237306, 0.8897233071934314, 0.891003367493958, 0.8897233071934314, 0.8841719817795812, 0.6512297232502333, 0.8187466680353903, 0.8205007562690724, 0.8187466680353903, 0.5961471070158291, 0.09693425294840984, 0.5698181753631747, -0.6049395365183087, 0.4670121520569951, 0.2775064799961787, 0.5031352991026845, 0.2775064799961787, -0.1020225877636985, 0.868991410797673, 0.8955801113022537, 0.878174031163016, 0.8846913420438673, 0.48165700985670623, 0.8677494249442257, 0.8692454670825114, 0.8677494249442257, 0.8618679610534915, 0.8618679610534915, -0.17596678993517356, 0.5572137423299848, 0.2058403879140495, -0.5413494848942391, -0.5618015154315292, -0.5654445271094091, -0.031787813428126525, 0.036810973612381066, 0.2652372500548839, 0.15250641841485754, -0.35439697209659327, 0.066106690931188, -0.7974098543140339, -0.20154203106236832, 0.09880633095258934, 0.09906512237912399, -0.5371489570316744, -0.6058925818776999, -0.19603920470074981, -0.486457300669289, -0.8331059119652481, -0.3350632687738013, -0.3263894963153166, -0.3350632687738013, -0.18544892627293294, -0.24921715381124918, -0.24921715381124918, -0.8198708431395442, -0.8198708431395442, 0.38743296409223665, 0.6510405376754933, 0.8684800073915828, 0.8472204618908608, 0.7858720930299388, -0.24332751201657177, 0.7636766342617684, 0.8045147219978774, 0.8047941318257412, 0.8045147219978774], [0.9973494766027385, 0.9932135475348514, 0.42240056367739515, 0.9985616951205166, 1.0, 0.9973494766027385, 0.9966293487437848, 0.994532060869847, 0.996817382127469, 0.9593259101957152, 0.9949631642782057, 0.9966490729587304, -0.36254788312394903, 0.9966808812170549, 0.9966920193842753, 0.9977579469977311, 0.2852381341413966, 0.9972512939650836, 0.9972450421066367, 0.9856516368090481, 0.9966373370104669, 0.062005406142846775, 0.6060526921151573, 0.9900538469283098, 0.9900075228546574, 0.9826335312521475, 0.022872721407267576, -0.1210596200358164, 0.9880448193412048, 0.9879877428330102, -0.06694681610613064, -0.11252289149826207, 0.9976653727883528, 0.9976079365586374, 0.7328653192660953, -0.5480540146375501, 0.9969599374189836, 0.9978388003492066, 0.9979395821774326, 0.26173382449572685, 0.9976320181689093, 0.9976323512423925, 0.9976320181689093, 0.906735046863965, 0.6282767308847066, 0.8932130982565442, 0.8803525866546487, 0.7388234692062051, -0.0931228024557103, -0.5750649318711624, -0.2394807737139343, 0.9262455945205119, 0.32528037649356845, 0.9664471599604234, 0.9665109759570485, 0.877907312299148, 0.8694530366222348, 0.897810955878224, 0.8816639638496679, 0.8957232410247242, 0.8961996503246105, 0.8957232410247242, 0.7936114900200962, 0.8281578314946059, 0.8296745454885391, 0.8281578314946059, 0.8698225087536925, 0.7556619573286362, 0.8494045826276112, 0.8504926990891611, 0.8494045826276112, 0.5446840863244478, 0.40664001432822633, 0.5269129528085942, -0.6557258134996815, 0.5218209630055277, 0.4983943747367593, 0.4981033045208446, 0.4983943747367593, -0.12181497915432697, 0.8462293640240098, 0.8616895802990928, 0.8479536379942009, 0.8883892128822469, 0.3439940698292005, 0.8480448190178814, 0.8494881471513694, 0.8480448190178814, 0.8565124909564853, 0.8565124909564853, -0.22090742751602463, 0.6216396841569569, 0.05974734206856383, -0.5775350579614321, -0.6221669137885071, -0.6225731571282747, -0.06915574400886182, 0.05769988810713165, -0.13496735300668994, -0.100686475044982, -0.44609815312588363, -0.30972767578645477, -0.8658774527305061, -0.5055541665646657, 0.06325447037246158, 0.0633412348757768, -0.5692647655842146, -0.5972059271719523, -0.5002057405300013, -0.5319554593206274, -0.8029576482777181, -0.5582839632618074, -0.5607995189946031, -0.5582839632618074, -0.23132307532759797, -0.28959043808436824, -0.28959043808436824, -0.7690209004399255, -0.7690209004399255, 0.36475811883753695, 0.628758153356741, 0.8168557203362075, 0.7907792705116512, 0.7724355243651894, -0.3851474266157654, 0.61248507526414, 0.695186562576923, 0.6956221580959852, 0.695186562576923], [1.0, 0.9999817008357956, 0.549979957305592, 0.9996937135780071, 0.9973494766027385, 1.0, 0.9904556199933623, 0.9858412285370294, 0.9910734337644, 0.9725849719602474, 0.9806236170387452, 0.9905018911902099, -0.14149825179665032, 0.9905697661475203, 0.990617801498991, 0.9933681626166758, 0.4893257136915154, 0.9916245885624114, 0.9916101787163661, 0.9833881977919965, 0.9904892563939951, 0.4442962921034737, 0.6482167674702326, 0.9769705079532324, 0.9769454178265656, 0.9553152680905205, 0.2911944138905116, -0.12687672615414664, 0.989889891874062, 0.9898507044755959, 0.266324441009197, -0.21222534710233384, 0.9935084336806117, 0.9944114391091171, 0.8029480161226017, -0.39446603157517485, 0.9866143422891728, 0.9941248524709682, 0.9940525930517959, 0.47214436612572425, 0.9937066328139648, 0.993692678748614, 0.9937066328139648, 0.8921705094556772, 0.6800318773718493, 0.8604973623586426, 0.8815340303196213, 0.7982655063008003, 0.3959117498678552, -0.12051152311137231, 0.1938085445601051, 0.9470958359126851, 0.4841808796706631, 0.9774823122671019, 0.971466732814821, 0.9111128203994502, 0.9036211984635872, 0.9301713123376376, 0.9033592063376913, 0.9267313847525055, 0.9275635210736152, 0.9267313847525055, 0.8362475174000688, 0.9037751219956787, 0.9049381593295651, 0.9037751219956787, 0.8890336581994708, 0.721333780876182, 0.8649576491946745, 0.8666721699529907, 0.8649576491946745, 0.6067269831396097, 0.30076739237994093, 0.5824832287536341, -0.5995510243802474, 0.47408586787726564, 0.5341624602378847, 0.5357803932394127, 0.5341624602378847, -0.09495903653571107, 0.8762892036540252, 0.9074185689092055, 0.8891095130020529, 0.9126062923186924, 0.4948173230522047, 0.8739742025325402, 0.8752910070715382, 0.8739742025325402, 0.8851333755123607, 0.8851333755123607, -0.1692790775709531, 0.5276483079942005, 0.20111027246025015, -0.5301835224388437, -0.5536480446651475, -0.5573865403176576, -0.018848221817443972, 0.04274441318195678, 0.2726025056343761, 0.16539862099517078, -0.3410058920151454, 0.07296412892947876, -0.7902455768135521, -0.19329382508974133, 0.11050410093209592, 0.11071633911273483, -0.5293014703115462, -0.6089390614986077, -0.194043482683448, -0.4733654835348902, -0.8303591097453539, -0.33302689071851077, -0.323785372888754, -0.33302689071851077, -0.17552678963036888, -0.23857247192957362, -0.23857247192957362, -0.8193423099344067, -0.8193423099344067, 0.4026755133323666, 0.6632836393679976, 0.8759888587352402, 0.8546742890772979, 0.7932390613765257, -0.229300726185208, 0.7725074417177833, 0.8130305936596108, 0.8133017769794538, 0.8130305936596108], [0.9904556199933623, 0.9761973989167295, 0.5399285974576097, 0.9921158033472817, 0.9966293487437848, 0.9904556199933623, 1.0, 0.9971130427650285, 0.9999671029100178, 0.9496896988540372, 0.9995620905976491, 0.9999960421893314, -0.15976398330587194, 0.9999921899979693, 0.9999196260488694, 0.9939693944616422, 0.4237720089874921, 0.9998304279351851, 0.9998305692156597, 0.9881862388997293, 0.9999962617009115, 0.3398623946787567, 0.6525952399887528, 0.9839009324726959, 0.9839116502025673, 0.9841852992360586, 0.20590829850495404, -0.19458249410788822, 0.9923651115670571, 0.9920650554753528, 0.1556852830007131, -0.2643878234251545, 0.9992845049261243, 0.999372592881127, 0.33341230516380854, -0.33137959062273764, 0.9985881981475617, 0.9992673463365292, 0.9982079397872349, 0.40460881938781845, 0.928966125252075, 0.9990097816028191, 0.928966125252075, 0.9150043470008982, 0.6301411033412949, 0.9173327800375161, 0.8893042020656139, 0.6890055256291309, 0.4191218797454908, -0.07039521856104276, -0.2121637968882234, 0.924155005722421, 0.4247176475146932, 0.9686265553411774, 0.961073390990582, -0.09315866438662215, 0.8160720017684103, 0.7942654646354396, 0.8408598638467563, 0.7871396584425531, 0.756362481041871, 0.7871396584425531, 0.7474444929363028, 0.756222655165616, 0.7568829955609409, 0.756222655165616, 0.8261074550410433, 0.2902586922999791, 0.5094494408089999, 0.5973047144049914, 0.5094494408089999, 0.5111816845529039, -0.3646305970755865, 0.47089242919607643, -0.668832663970576, 0.38587276334107184, -0.1352273904191778, 0.35656706264761134, -0.1352273904191778, -0.1473855308638759, 0.80144529765728, 0.8061953708064934, 0.7972654629054173, 0.7280930081420064, 0.42869180322132794, 0.8056173980949798, 0.8077450204487283, 0.8056173980949798, 0.7121350564714098, 0.7121350564714098, -0.25864841401977207, 0.6753309608230162, 0.25712427759496115, -0.5626787341034275, -0.6063208255180779, -0.6094691715746388, -0.08582672703238191, -0.01667805401420168, 0.3658193208816228, 0.1117898204172157, -0.3849928609575166, 0.11456714032776512, -0.8253959079061671, -0.10692793332512876, 0.0251531094536542, 0.025486393257968056, -0.5847480672719523, -0.6113923849885663, -0.03717810603214853, -0.5705537356666666, -0.8455455044463577, -0.33273085214768666, -0.1576590152867783, -0.33273085214768666, -0.268170866551468, -0.30145095137128775, -0.30145095137128775, -0.8397012825117047, -0.8397012825117047, 0.3610689159678918, 0.6045023649198928, 0.4947991718305932, 0.8089297870168893, 0.7608819819258476, -0.3037958755751258, 0.0589167692996037, 0.7671280086180543, 0.7857061295869721, 0.7671280086180543], [0.9858412285370294, 0.9664350637911239, 0.5275153461539279, 0.9879878173663446, 0.994532060869847, 0.9858412285370294, 0.9971130427650285, 1.0, 0.9994451081724098, 0.9409110259196417, 0.9981485704016282, 0.9979272650446345, -0.16960365025060478, 0.9989717863818409, 0.9986637110238116, 0.9863983258423011, 0.40171101596423264, 0.9990265434830221, 0.9990285071927094, 0.9851814094536187, 0.9991399047295398, 0.3119762797674849, 0.6513102569646771, 0.9916406411920384, 0.9814732023668177, 0.9792991828044032, 0.185271991516787, -0.21015590093577474, 0.9886676171767733, 0.992084669524047, 0.13449894989466699, -0.2718302902669462, 0.9981013773586549, 0.9979864647343551, 0.31161528749918627, -0.33920794214460814, 0.9958086960683261, 0.9977833952216846, 0.997542115714821, 0.3820312569905676, 0.9197094106334078, 0.9979394973064634, 0.9197094106334078, 0.9125187710814867, 0.614030741133694, 0.9180481149714295, 0.8848953851364623, 0.660085558678101, 0.4054228971516877, -0.0865326405981101, -0.22631457223856266, 0.9146546928079591, 0.4033968737009549, 0.9637576391873456, 0.9552943673176044, -0.10459669403673583, 0.7997952105843438, 0.7746530818184139, 0.8297526733891004, 0.7687718241731366, 0.7422182591003181, 0.7687718241731366, 0.7315290793319049, 0.7341463031816192, 0.7416029860312875, 0.7341463031816192, 0.8152217428306744, 0.26737030251668753, 0.4851159651659717, 0.5783055630158888, 0.4851159651659717, 0.4949564723246035, -0.3811898285310786, 0.4527417363143103, -0.6786921773341748, 0.3752277139253379, -0.15986540547710634, 0.3374139768375705, -0.15986540547710634, -0.15494463619486473, 0.7884323471089444, 0.7848197201419593, 0.7800103665562658, 0.7112028477152854, 0.411422515783308, 0.7933003105924549, 0.7956715558542942, 0.7933003105924549, 0.6906907503161706, 0.6906907503161706, -0.2766158262603486, 0.707702431471593, 0.26557751563178184, -0.5729664613780151, -0.6210624279467518, -0.6240067376389425, -0.1020248552355169, -0.026075563708351075, 0.3589714652966214, 0.09183675293292341, -0.3991008962102849, 0.10516961300458688, -0.8329591725921108, -0.11353692490790904, 0.007565411639503759, 0.007914922523708137, -0.5981913408508597, -0.6129689595664938, -0.04414388206909266, -0.5904801163907931, -0.8463488381188314, -0.3452434726965803, -0.16402885225227964, -0.3452434726965803, -0.28819292130537766, -0.31693169742864846, -0.31693169742864846, -0.8388801237569894, -0.8388801237569894, 0.335780435750471, 0.585656484743251, 0.47456865610916726, 0.7901283548355708, 0.7468822427858034, -0.3278780346152248, 0.04363079427311966, 0.7470338998308821, 0.7693488830089815, 0.7470338998308821], [0.9910734337644, 0.9759610426234407, 0.4298700555145413, 0.9931193365776447, 0.996817382127469, 0.9910734337644, 0.9999671029100178, 0.9994451081724098, 1.0, 0.9484066760118958, 0.9995045300148485, 0.9999681510854005, -0.3361545240058845, 0.9999728269596969, 0.9999323440482396, 0.9980785569826673, 0.32060682341148905, 0.9997686724219106, 0.9997692639047782, 0.9879570134762019, 0.9999652492363619, 0.11094296659685669, 0.6055202674979484, 0.9938802275594267, 0.9938219265771399, 0.9839570796033716, 0.006081025382951206, -0.13446734391476317, 0.9908673292024309, 0.9908369074319607, -0.047975365108071384, -0.22578167089143053, 0.999299403133264, 0.9992595192684846, 0.746479929271262, -0.5359915385128498, 0.9984918479550546, 0.999248605323715, 0.9991484793883268, 0.2978539141266317, 0.9991398442908529, 0.9991451559272261, 0.9991398442908529, 0.914907019739853, 0.631258427211793, 0.9167924976133514, 0.8884190919347018, 0.6882826981752952, 0.014781303945663711, -0.5197534944775635, -0.18815171760904173, 0.9192795739129437, 0.3745730864409518, 0.9623811198588544, 0.9613677130558841, 0.8483245544694099, 0.8168075646637891, 0.8691698262014947, 0.8416397767670982, 0.8671397672490306, 0.8679312383904775, 0.8671397672490306, 0.7464373809942314, 0.8089388826342216, 0.8106781088783254, 0.8089388826342216, 0.8274536103285515, 0.7141958207032411, 0.8170170884945238, 0.8185911475011561, 0.8170170884945238, 0.5101949855192496, 0.3290509004310508, 0.46982574223151025, -0.7015645241521762, 0.4457870609674512, 0.4087754444002869, 0.4088446059196392, 0.4087754444002869, -0.10245955487060619, 0.8017889403230111, 0.805891791806026, 0.7973712675265917, 0.8594088408606698, 0.35858504677290987, 0.8118590632466003, 0.8143977584884107, 0.8118590632466003, 0.8202960638859552, 0.8202960638859552, -0.2610731946459619, 0.6763531336816923, 0.08509888521302955, -0.5751447010937352, -0.6492503893740846, -0.6500449826635036, -0.08953249084419974, -0.01457987038391129, -0.14283166718771112, -0.07225259311900989, -0.43559815770714905, -0.3419294594828719, -0.8795494797409438, -0.5457537044741093, 0.023827634787384318, 0.024461683157950494, -0.5867486272909037, -0.6074287223020385, -0.5101729169718688, -0.5728405673646272, -0.8222444370275879, -0.5826072552910369, -0.5846101301764338, -0.5826072552910369, -0.2707851822127668, -0.30516057309522954, -0.30516057309522954, -0.8023518210351428, -0.8023518210351428, 0.36157404949847455, 0.6033491073178996, 0.8241716753867091, 0.8023485256913604, 0.7593407858319157, -0.33302565608975426, 0.6454133536382478, 0.7154290084822292, 0.7155940419284468, 0.7154290084822292], [0.9725849719602474, 0.9560186659967693, 0.3674080028563126, 0.9703041630422754, 0.9593259101957152, 0.9725849719602474, 0.9496896988540372, 0.9409110259196417, 0.9484066760118958, 1.0, 0.9191823501182259, 0.9497255807068979, -0.282238804439687, 0.9493674151912289, 0.9486488638046959, 0.9506737127531012, 0.13545108267920997, 0.9556421484030609, 0.9556169989075437, 0.9498705973170509, 0.9498620592198234, 0.03853795956504856, 0.658022064129391, 0.9517332916257134, 0.9519535732458447, 0.8077766315031778, 0.10438348548244686, -0.11604045411455464, 0.958308953804689, 0.9584483217419828, 0.09214340166869049, 0.042135496277208556, 0.9600967697046678, 0.9603787494543657, 0.8458604007436977, -0.4652208465173628, 0.9317483122408325, 0.9592787490598257, 0.9608017172934983, 0.11236717592813729, 0.9615234242461679, 0.9614864480126891, 0.9615234242461679, 0.7780266367838796, 0.427615337547724, 0.7277727295338651, 0.8558662761707131, 0.8357568348806118, -0.5535518108494094, -0.6844557809399099, -0.3115412210138212, 0.8658244316089035, 0.09771536627721893, 0.8986230129280895, 0.898667300569647, 0.8531431631041985, 0.8456493509885125, 0.880042991658362, 0.8563552741949881, 0.8716416265358604, 0.8725203773190543, 0.8716416265358604, 0.7939742477608538, 0.7719454996275129, 0.7740888757532519, 0.7719454996275129, 0.8481826799200827, 0.869529724938148, 0.846281269971092, 0.8471147559263303, 0.846281269971092, 0.6134859449992865, 0.5331725726394446, 0.6146893138379901, -0.4258978495934719, 0.6347018538218472, 0.6564815234099508, 0.6597256847110649, 0.6564815234099508, -0.25714342918379274, 0.8531198558347365, 0.9158403430870432, 0.8719359183951849, 0.8705117642318545, 0.2398414257873148, 0.8447585628576425, 0.8461790636277952, 0.8447585628576425, 0.8571322658229251, 0.8571322658229251, 0.010894890772750607, 0.25410602297488527, -0.08203043592738055, -0.47754620405255127, -0.3898062372544342, -0.39169565893821334, 0.08244227157396615, 0.37915517464306253, 0.11454511137913723, -0.0019858539020265733, -0.3162324531341008, 0.024747784432487516, -0.8128581755969527, -0.1372297221222417, 0.269395401565993, 0.26821014362891565, -0.34546993446568436, -0.4376613741217443, -0.2984390798083872, -0.3024937571847129, -0.6876456514278902, -0.32032561209631666, -0.32223229374888523, -0.32032561209631666, -0.05450247298508698, -0.33747155283243446, -0.33747155283243446, -0.537319925221215, -0.537319925221215, 0.5786351648018457, 0.6764165364119054, 0.7607348398808428, 0.6689841528098053, 0.8401131636378653, -0.4308964154662448, 0.3900143110466844, 0.5679240371633173, 0.5682154795189949, 0.5679240371633173], [0.9806236170387452, 0.9782719530595516, 0.9965089731532311, 0.9860516818572658, 0.9949631642782057, 0.9806236170387452, 0.9995620905976491, 0.9981485704016282, 0.9995045300148485, 0.9191823501182259, 1.0, 0.9995591836408652, 0.9995556971252634, 0.9995060106370509, 0.9995425630104101, 0.9984549420502398, -0.3444329269040293, 0.9997155104370288, 0.9997196941450758, 0.9995679823157221, 0.9995676994102288, -0.29127676875940317, 0.958823831365468, 0.991857763615727, 0.9918296437886684, 0.9875111130653421, -0.028515877516852944, 0.06732115237759068, 0.9890266720983582, 0.9890946462193557, 0.9706329044804081, -0.011959649663563205, 0.9986354992297128, 0.998580644528493, 0.9983636964432547, 0.9992203740608948, 0.9991486944513369, 0.9986200576372256, 0.9983858307643125, -0.3554285076300697, 0.9983098579803059, 0.9983212126257923, 0.9983098579803059, 0.9087009208739487, 0.4974546074905005, 0.9124265751359304, 0.8865887494786855, 0.6901801697511522, -0.5477972070985294, -0.666732298116798, 0.7997356274029123, 0.8066578873645471, -0.2698326633031094, 0.9207687267512547, 0.9209517254067179, 0.8417415823878647, 0.8522371438407214, 0.8163598502639944, 0.8192837527400842, 0.8260447373560313, 0.8270625449018774, 0.8260447373560313, 0.6415268648382116, 0.5947730071203293, 0.5973148689666418, 0.5947730071203293, 0.8533961081636616, 0.8632591823800936, 0.851630377167699, 0.8532393762015538, 0.851630377167699, 0.2816793147923363, 0.2138520333983739, 0.3431512390337069, 0.46658661826121495, 0.3329377543873482, 0.38525921459969986, 0.3880081016454285, 0.38525921459969986, -0.4120559889958698, 0.7564658133130674, 0.8104542265471013, 0.7887889464415763, 0.8510399351115224, -0.08248854687241433, 0.7484995053612588, 0.7490620078298863, 0.7484995053612588, 0.7639752810306668, 0.7639752810306668, -0.3239890159802404, 0.667186600418458, -0.40118125091487, -0.6650635534172268, -0.546653704890457, -0.5488458034395003, -0.3522795488465308, 0.1388350683808359, -0.26330518855807516, -0.42362380231865354, -0.6052637554465611, -0.33650615885143725, -0.6288307998587932, -0.40203394858459673, 0.009304824920679685, 0.004998150872911634, -0.5597875611021453, -0.5234788601288398, -0.5416277925320173, -0.575856254180099, -0.5702446991566239, -0.5453550800051018, -0.5482555903549166, -0.5453550800051018, -0.44056365349802284, -0.599671935875069, -0.599671935875069, -0.6047725008826124, -0.6047725008826124, 0.35665524820761263, 0.36178677488827093, 0.4699473416983872, 0.5554318107404292, 0.5543453954819404, -0.5447950151509837, 0.30389175296691684, 0.3242883248795988, 0.3244755650200479, 0.3242883248795988], [0.9905018911902099, 0.9762510433239444, 0.5399482643828877, 0.9921496196204522, 0.9966490729587304, 0.9905018911902099, 0.9999960421893314, 0.9979272650446345, 0.9999681510854005, 0.9497255807068979, 0.9995591836408652, 1.0, -0.15941998563428886, 0.9999941313656144, 0.9999249295204857, 0.9948041415617674, 0.4238639978343124, 0.9998318919048905, 0.9998320079452941, 0.9882320990237616, 0.9999969169924405, 0.3402029885519779, 0.6526726052466659, 0.9894332120532265, 0.9839001155971155, 0.9841666014528488, 0.20619834613415758, -0.1945271714359247, 0.9923603506210982, 0.9920777373681833, 0.15593882977124598, -0.26435695174944884, 0.99928683675766, 0.9993773947104404, 0.3333846455834413, -0.3311534282355092, 0.9985902911506243, 0.9992765536051137, 0.9982119124571054, 0.4047080181122009, 0.9289480970236308, 0.9990127142634425, 0.9289480970236308, 0.9150317560983106, 0.6303064508752052, 0.9175792138763247, 0.8895395273041546, 0.6891657039466873, 0.4195391316756179, -0.0699152657521321, -0.21177284129141158, 0.9242449893236628, 0.4248142777188752, 0.9687272239822172, 0.961149482072324, -0.09295501456185659, 0.8162424940174337, 0.7943799315474142, 0.8409841510527687, 0.7872517917503927, 0.7562982563304295, 0.7872517917503927, 0.7475190908726147, 0.7562856642595085, 0.7568116572307395, 0.7562856642595085, 0.8262775669663062, 0.29012206329015566, 0.5094614683973273, 0.5972094591159405, 0.5094614683973273, 0.5111167448041843, -0.3646517426931061, 0.47083978469674925, -0.6687188155550402, 0.38574763555153424, -0.13536321196772935, 0.35660954745532936, -0.13536321196772935, -0.14754205229958392, 0.8015191896649079, 0.8063487882549334, 0.7973700928322897, 0.7280841893110274, 0.42879170231705577, 0.8057068322799589, 0.8078302886682984, 0.8057068322799589, 0.7122180512800157, 0.7122180512800157, -0.2586356029111447, 0.6753295417512726, 0.25724444407934166, -0.562684826219461, -0.6062322949775517, -0.6093868011896761, -0.08591133049273623, -0.016837434040350714, 0.36599818856201766, 0.11181937804118382, -0.38502804768762866, 0.11483905638918958, -0.8251083671746202, -0.10662172878620399, 0.025187325740512367, 0.025538038018514165, -0.584737158245605, -0.61120495059643, -0.036914462308456596, -0.5705340138053745, -0.8454285837002701, -0.3324884757393661, -0.15743980654890627, -0.3324884757393661, -0.268021044028512, -0.3014066624413826, -0.3014066624413826, -0.8396428422179771, -0.8396428422179771, 0.36161336943199895, 0.6046687381092056, 0.49506288500220924, 0.8092038351471291, 0.7609826599913355, -0.3035539956018728, 0.059216458584845165, 0.7673921222997248, 0.7858291180308903, 0.7673921222997248], [-0.14149825179665032, 0.9762079287620599, 0.5190619349368709, -0.14619379115167036, -0.36254788312394903, -0.14149825179665032, -0.15976398330587194, -0.16960365025060478, -0.3361545240058845, -0.282238804439687, 0.9995556971252634, -0.15941998563428886, 1.0, -0.15877636540416412, -0.15504968999342222, -0.13072768527183504, -0.291044535770973, -0.16024819105932947, -0.16067168310146557, -0.28347515836103565, -0.16025246116684394, 0.023534332554405485, 0.3089162445940951, -0.19519995538568288, -0.19553828771936674, 0.9841448759649127, 0.2454599621942304, 0.18628301957593618, -0.19446032957100634, -0.19508094370238213, 0.5362512539742302, 0.12019770841142582, -0.15710596740120766, -0.3201385772946236, 0.16320301396521716, 0.961608859730865, 0.9985879849605424, -0.3530772356088881, -0.15215934650016086, -0.28084455039118045, -0.15746830919203592, -0.1582091863651036, -0.15746830919203592, 0.9150993578242782, -0.11955214190931558, 0.9175373263647296, 0.8894651628824959, 0.6891417538234951, 0.08377991561994784, 0.2577468283712272, 0.6445849755170735, -0.27364648286048565, -0.2958362416820786, -0.0719800671748223, -0.31112387528676555, 0.02304207693765545, 0.2539370048547667, -0.026948293261985744, -0.32044886032888115, -0.024954615179904893, -0.014575549718782591, -0.024954615179904893, -0.4281738160903149, -0.11212439799449202, -0.11424064871315837, -0.11212439799449202, -0.21979448717933497, 0.06712795025030119, 0.042535074215045134, 0.042517879979717545, 0.042535074215045134, -0.4190117108609368, 0.007257968620377123, -0.3823619716267802, 0.6242305521921707, -0.3514942310305255, 0.00798387197893592, -0.06367387807584352, 0.00798387197893592, -0.30562953369401913, -0.3549727686841984, 0.8063350012552891, -0.14257338487611698, 0.00925367448077169, -0.21720793600018798, -0.2746985050682978, -0.2740799639888383, -0.2746985050682978, -0.03291848619511536, -0.03291848619511536, -0.2363264483472469, 0.675248039238434, -0.16256737505022523, -0.007656809443548747, 0.20333160043984447, 0.20192221486905307, -0.24996959969149668, -0.011488625247559328, 0.02043758811528409, -0.17121285715178905, -0.10591747153837579, 0.044010436619693935, 0.392642587007135, 0.11808949959607806, -0.042370515835114156, -0.04629475447156265, 0.09090989251783614, 0.5746385567503931, 0.09621285780600991, -0.18174280985449223, 0.6205695645721149, 0.10148374457288685, 0.10911505174184748, 0.10148374457288685, -0.2356572054940906, -0.1942720257909106, -0.1942720257909106, 0.3287832939170147, 0.3287832939170147, 0.3617233833308809, -0.2558060782099371, 0.014137948617902973, 0.0884602175918034, -0.25601891997281784, 0.07703425456394836, 0.15207392183640456, 0.10286236443325555, 0.10281017786541014, 0.10286236443325555], [0.9905697661475203, 0.976008508005393, 0.5403070979994112, 0.9921884605343501, 0.9966808812170549, 0.9905697661475203, 0.9999921899979693, 0.9989717863818409, 0.9999728269596969, 0.9493674151912289, 0.9995060106370509, 0.9999941313656144, -0.15877636540416412, 1.0, 0.9999369995993304, 0.9974294753623801, 0.42398859082296503, 0.9998350505477758, 0.9998350767487825, 0.9884005219663667, 0.9999941436220504, 0.3409096135855713, 0.6525053592197263, 0.9930152126640661, 0.9928979046424742, 0.984033104214493, 0.20650060174127802, -0.19457479724232668, 0.9930999755752434, 0.9931482048151125, 0.15675932663853753, -0.2641828799872136, 0.9993385942635588, 0.9993766986645859, 0.332289826645163, -0.33026398659869893, 0.9985234210637436, 0.9992800981610169, 0.9985251953566204, 0.40485874957613965, 0.9284102347091775, 0.9990704050093623, 0.9284102347091775, 0.9153233501564232, 0.6310751563524026, 0.9179655083249102, 0.8899277251753879, 0.6888324757265553, 0.42098482038826845, -0.06825278695028496, -0.21197837618498402, 0.9246633864760275, 0.42511941740253184, 0.9691604149147861, 0.9615362503779975, -0.0940067742244501, 0.8165203509052458, 0.7942972906925089, 0.8412526297693734, 0.7872119921551938, 0.7559079210450903, 0.7872119921551938, 0.7477165359344516, 0.7562384399709592, 0.7572435124922281, 0.7562384399709592, 0.8266370215083706, 0.2894149665843015, 0.5089247438167279, 0.5972463001367444, 0.5089247438167279, 0.5109343769297686, -0.3658638887274813, 0.47072715912425717, -0.6688737170176796, 0.3853316447118065, -0.13640550419722092, 0.35624738528243444, -0.13640550419722092, -0.14748364472172643, 0.8016542121744178, 0.8058927776677938, 0.7974543713621898, 0.7177520880551184, 0.42920157145998916, 0.8058353624910078, 0.8079477226573726, 0.8058353624910078, 0.7120159797267015, 0.7120159797267015, -0.26038840027887117, 0.6763050868668351, 0.257769278105509, -0.5626549154924088, -0.6066357393116213, -0.609795177362466, -0.08713777520071865, -0.018158306013771917, 0.3663036313989808, 0.11134549937569316, -0.38531114227435703, 0.11491346182650845, -0.8241928006234057, -0.10646322874550096, 0.024080075562232975, 0.024425686819906856, -0.5854122369876544, -0.6115317866708576, -0.03631579388049345, -0.5719923898782769, -0.8454137243607931, -0.3324241719725396, -0.15686462804098375, -0.3324241719725396, -0.26908397003929174, -0.30190545322663176, -0.30190545322663176, -0.8400018602954562, -0.8400018602954562, 0.36178907995485565, 0.6043502727561495, 0.4944887275974257, 0.8096651991809066, 0.7604169107673865, -0.303047718842558, 0.05851434249303849, 0.7677989514188938, 0.7864432666641537, 0.7677989514188938], [0.990617801498991, 0.9752021546186675, 0.542506396522915, 0.9922287639228851, 0.9966920193842753, 0.990617801498991, 0.9999196260488694, 0.9986637110238116, 0.9999323440482396, 0.9486488638046959, 0.9995425630104101, 0.9999249295204857, -0.15504968999342222, 0.9999369995993304, 1.0, 0.9975476817421344, 0.4231392619019308, 0.9997842091919757, 0.9997854657090702, 0.9883276125953464, 0.9999209187188282, 0.34167992653098667, 0.6540319199833472, 0.9923168947616681, 0.9832263424093115, 0.984046077437831, 0.20752919759086888, -0.1936365784486832, 0.9922152943588242, 0.9922267708716529, 0.15955007668392351, -0.2650151653893921, 0.9993430984782928, 0.9992242015003778, 0.33211972008656876, -0.32600567729814633, 0.9984287057919699, 0.9992513604226698, 0.9985053401600168, 0.40403810199585793, 0.9273005400592478, 0.9990947747573227, 0.9273005400592478, 0.9138121381272861, 0.6312194590347583, 0.9162053334170458, 0.8878626036564407, 0.6858685450007154, 0.4216300509511252, -0.06640228048964643, -0.21264177043744711, 0.9239597032070485, 0.42310854926786734, 0.9694721887833114, 0.9610564037149355, -0.09701165420631121, 0.815165903699387, 0.7945312322899606, 0.8409750870055488, 0.7874360221910052, 0.7581685693962372, 0.7874360221910052, 0.7458525159719372, 0.7556573913329038, 0.758372533644498, 0.7556573913329038, 0.8266884262545929, 0.2892854792447252, 0.5084748089608875, 0.5986665224024165, 0.5084748089608875, 0.5096086054802964, -0.36828172430275213, 0.4688857539940953, -0.6665090298969045, 0.3837052790879068, -0.13750874098580276, 0.3565169293054816, -0.13750874098580276, -0.1509268440970228, 0.8010458830618357, 0.8047250376599566, 0.7965854972380523, 0.7300602016725456, 0.42963479942231675, 0.8053760192590816, 0.807790264897547, 0.8053760192590816, 0.712073020711608, 0.712073020711608, -0.2609371783715418, 0.6787795155100353, 0.2581444587784055, -0.5637159702477369, -0.6066660568657405, -0.6095457774561795, -0.08922070832711983, -0.019737048223937553, 0.36755925232520714, 0.11079183635184081, -0.3863324314869661, 0.11584961967243851, -0.8226805123746307, -0.10506097751888069, 0.023244030371540273, 0.02386785533518305, -0.5867417104428133, -0.6066886149391335, -0.034599471963996827, -0.5729844398125079, -0.8432198572819446, -0.33162799257212977, -0.1554853525214702, -0.33162799257212977, -0.26940731234189585, -0.30476033987922346, -0.30476033987922346, -0.8378333912190903, -0.8378333912190903, 0.35913738242165033, 0.6021276020702657, 0.49253696747507963, 0.8104180995214959, 0.7587942370219348, -0.3040567949466907, 0.0564225039521905, 0.768530942784542, 0.7878021492315287, 0.768530942784542], [0.9933681626166758, 0.984346993331493, 0.5796246173081594, 0.9949781213796037, 0.9977579469977311, 0.9933681626166758, 0.9939693944616422, 0.9863983258423011, 0.9980785569826673, 0.9506737127531012, 0.9984549420502398, 0.9948041415617674, -0.13072768527183504, 0.9974294753623801, 0.9975476817421344, 1.0, 0.41685124474275626, 0.9977754084207467, 0.9977723219712153, 0.9838555330962525, 0.9973631108126538, 0.35962069477762243, 0.677377300082924, 0.9706350773712155, 0.9786724186080861, 0.9880174736956004, 0.2341011378599666, -0.1691025826204581, 0.