var element=document.getElementById("correlationClose");if(element.style.display!='none'){var correlationClose={"data":[{"type":"heatmap","z":[[1.0,0.9999913661219036,0.7283437384707909,0.9997695924820337,0.9983122989943888,1.0,0.9934175764026925,0.9905836533966053,0.9905836533966053,0.9938644309926671,0.9800898042911612,0.9887441473274259,0.9934482332675593,0.9934848321336883,0.6572039164955088,0.5501780594862937,0.1966842345295748,0.9941282005377832,0.9941215351913075,0.9862206642045684,0.9934359758179064,0.34435266557610356,0.7883215687329529,0.9848246572639283,0.9848246572639283,0.9848079373965513,0.9821585326192481,0.2945392689418673,-0.14756464066562242,0.9888741674294801,0.9888387763935386,0.22483878182033734,-0.24284021966686467,0.9951709797320322,0.9954056697381513,0.8735496784499704,-0.32976439176516764,0.9917410232128079,0.99553902273884,0.6309248331168221,0.17695283745333534,0.9952844878630619,0.9952804008411908,0.9952844878630619,0.9185148611231213,0.6681892588669971,0.9424005629052536,0.9447547130053882,0.8754776112810181,0.390900477200141,-0.19395814011911028,0.24624600986933687,0.9561541944724181,0.3546885466494585,0.9757054210450614,0.9732780975397235,0.9821905635405187,0.9889733441656441,0.9426329882838849,0.9539000371084799,0.9530218431390101,0.9445559750612912,0.9503889263780964,0.9509327122547817,0.9503889263780964,0.9104156229502407,0.9311165235675307,0.9318448037227252,0.9311165235675307,0.9400571123366769,0.8269703103697204,0.9138601860507938,0.9148961019761177,0.9138601860507938,0.7642291427017598,0.46990072129990146,0.7577780018742749,-0.5027822484387144,0.6648542116136547,0.6706869982115353,0.670880797114596,0.6706869982115353,-0.052443105291287005,0.9280866048207399,0.9560649094623624,0.9433087461468077,0.9438324094445649,0.21089021420682275,0.9223745568320553,0.9227692356695337,0.9223745568320553,0.9252994778832091,0.9252994778832091,-0.10078471806836234,0.6096513159197964,0.11782223599153437,-0.7359140761632204,-0.615499872112102,-0.619616456484723,-0.18328846860175854,0.16335434309499888,0.17136792989542146,-0.06777757324290488,-0.6234333907303524,-0.06311443604106391,-0.7968906355654707,-0.33143534457979373,0.18999456581176094,0.1921964794790498,-0.5926427909604085,-0.5623358996468051,-0.31939196034131284,-0.5357706392394117,-0.8059773347939367,-0.4420693999882611,-0.43500090932409846,-0.4420693999882611,-0.26980140327161717,-0.39644778874613584,-0.39644778874613584,-0.7945393993356831,-0.7945393993356831,0.5310048697094355,0.6400203795927708,0.8471856280864833,0.8451508030765172,0.7585983952551013,-0.3623427408015288,0.7494698201440465,0.7686615302736215,0.7688181776955085,0.7686615302736215,-0.13761043758365518],[0.9999913661219036,1.0,0.9854684756592849,0.9996097466168251,0.9964959917129949,0.9999913661219036,0.9872505903210376,0.983124455155127,0.983124455155127,0.9872037436357742,0.9784519161865503,0.9878627372519937,0.9872828684361532,0.9871495303768929,-0.08384671551362366,-0.1771964719114992,-0.49411227596683666,0.9898286655494428,0.9898308104724379,0.987315697050662,0.9873237947341419,-0.22176621854901146,0.9834128041273537,0.9843020535688348,0.9843020535688348,0.984321850251534,0.9822408896412363,0.06891896796625899,0.08761858334334736,0.9842522323235335,0.9842990240858686,0.6472738045483596,-0.002051616094076721,0.9918247706179896,0.991823660247436,0.9923603278423043,0.9880727006824965,0.9910998274036185,0.9919313932683348,-0.13329443138792874,-0.4979277677334587,0.9923771862908715,0.9923793802886836,0.9923771862908715,0.9182524497254447,0.5284384554694089,0.9423935579973124,0.9446456118436429,0.8751078638812295,-0.15001674554408528,-0.442786741265172,0.8722374549412654,0.9124153419179669,-0.25373433712467874,0.9489195339716925,0.9490406720373051,0.9690920035975624,0.9794339266515109,0.9638326341341128,0.9681831696329696,0.9560899257985698,0.9580403317404336,0.958361241687481,0.9586393661885477,0.958361241687481,0.8970186765937895,0.8724107815527832,0.8733728532504984,0.8724107815527832,0.9647344640774567,0.9669043802955958,0.9648179630331085,0.9654408863602376,0.9648179630331085,0.7383920216971085,0.7026622792535621,0.7647142248394199,0.8095142307447312,0.737445950188072,0.7560756278258569,0.7571910352591776,0.7560756278258569,-0.015926230483724668,0.9387338340387573,0.9536544671606962,0.948910025284682,0.9675397661990982,-0.34138448436139457,0.9361030757220822,0.9362161961220727,0.9361030757220822,0.940641807116681,0.940641807116681,-0.1812088469709442,0.6101205422007724,-0.3820230573175702,-0.8156839654324419,-0.4788100974620906,-0.4830477845162045,-0.4132913975884103,0.28956677140372705,-0.28556197199435823,-0.5370516638479665,-0.7732943358273027,-0.3854598108355139,-0.4658785830882973,-0.45180298090080834,0.15835512355420436,0.15649624588505737,-0.49502293687512505,-0.46717271470680993,-0.49525461793162845,-0.5271017704581993,-0.518487944770673,-0.4973732742611995,-0.5008407965735518,-0.4973732742611995,-0.3956971200351751,-0.5639118925304645,-0.5639118925304645,-0.529759656345785,-0.529759656345785,0.5292296452367223,0.39032311680252896,0.5279708831147486,0.6619678152829717,0.54504114539763,-0.4429768477648108,0.43869657722576505,0.33308385503444854,0.33332477337125976,0.33308385503444854,0.2333387011232968],[0.7283437384707909,0.9854684756592849,1.0,0.7263738198365102,0.6784688327981789,0.7283437384707909,0.7051011627648964,0.6992960118754645,0.6992960118754645,0.668573727276111,0.6460686907236736,0.9947391522305804,0.7051247901464361,0.7051959055673135,0.338339144642176,0.2770697662066815,-0.2529053396273207,0.6751372486244485,0.6745138272729896,0.6480763543402437,0.7042870525505864,0.13272022151868673,0.8374875087254868,0.6932158297049222,0.6932158297049222,0.6930169471066389,0.9906828296855126,0.26705630657445983,0.07067884600551058,0.6599746373227712,0.6596546155018113,0.5634641859722661,-0.09001466266559681,0.7001914552419979,0.6610107416341277,0.6621862710076218,0.2706717160758024,0.9936060161162165,0.6598895216982935,0.31867831910914296,-0.2630143863792144,0.7174295363483729,0.6983276738080423,0.7174295363483729,0.9158169108770224,0.4486195060847114,0.9518026123030553,0.9365320670338046,0.8009111169142699,0.25271156458046073,-0.08825611173018483,0.0632557821884949,0.6164438297099782,-0.0692592988057413,0.6447475438534848,0.6314923999466776,0.6444650881647978,0.6092026374354562,0.06051781338553088,0.8466849156951943,0.7858637361549937,0.7253211862360068,0.7911486120702497,0.7995852956225271,0.7911486120702497,0.6431607342023798,0.7231135409127707,0.752811519858921,0.7231135409127707,0.7679346129413261,0.7160526137311967,0.7691916773895225,0.7992038040471945,0.7691916773895225,0.5627782632860725,-0.07559837697496641,0.5756948653477417,0.08275682957940299,0.5282380368954385,0.276371266430587,0.5648593912939232,0.276371266430587,-0.09205674381950203,0.7112563131688725,0.9132738032712835,0.7661033157407368,0.8025910443373788,-0.10393146722329243,0.7381972792357941,0.7378221938426421,0.7381972792357941,0.7771002725629567,0.7771002725629567,-0.19173432391946837,0.7013356444290838,-0.17229227779975853,-0.755723799578655,-0.4828024924239364,-0.4871129372086689,-0.4453917599238386,0.14309413508335472,0.013673764929022055,-0.3825210508145357,-0.7356103444874477,-0.19521043558859896,-0.36886621410464393,-0.31166009918917026,0.0864346733579018,0.0859948158160234,-0.5175932856612618,-0.10659917317078849,-0.2926031828799743,-0.534517988038165,-0.25524170622316245,-0.4401778488973807,-0.32672532057029974,-0.4401778488973807,-0.4432749396677986,-0.5728159152603922,-0.5728159152603922,-0.3432679247511095,-0.3432679247511095,0.4878312448773977,0.2616391697783653,0.320331692534091,0.5602992331727292,0.3513098009313214,-0.4092408351111556,0.01632943694325956,0.4737234324437547,0.5637117036835071,0.4737234324437547,0.0317567986850518],[0.9997695924820337,0.9996097466168251,0.7263738198365102,1.0,0.9990234767651333,0.9997695924820336,0.9943912936994856,0.9919553609681335,0.9919553609681335,0.9950283178628146,0.9786351762948565,0.9912333900953967,0.9944133692284195,0.9944295894312433,0.6562642563560669,0.5487256100122718,0.18290310562931775,0.9949397491127453,0.9949356003115849,0.986210104298325,0.9943949109376367,0.3359979981699817,0.7923527447925326,0.9869683184661873,0.9869683184661873,0.9869507101266694,0.986311433747545,0.2903192827418298,-0.1531131782626089,0.9880547449428184,0.9880262041245341,0.2170329952758944,-0.2432028693190072,0.9955109338642963,0.9959420640975829,0.8454075738263916,-0.333536829786522,0.99353578625107,0.9962670278400485,0.6294655113161611,0.16293278118927892,0.9938557299153195,0.9955449301135829,0.9938557299153195,0.9168207132959064,0.6573905101178954,0.9443134950402142,0.9421372661322213,0.8632231551572547,0.3867753006173314,-0.19786094111536282,0.24195294529268496,0.9516890389137123,0.3402224049781839,0.9716130908901751,0.9707829533132571,0.9802075753319704,0.988637054121577,0.9272758882227456,0.9497611904977478,0.9441008188988589,0.9420071029018483,0.9387257625385531,0.9394309445718013,0.9387257625385531,0.9050922773850293,0.9230762837106838,0.9238616935473452,0.9230762837106838,0.9378423783573113,0.7822744756014387,0.8851567519347632,0.8862257515493285,0.8851567519347632,0.7592258578792263,0.2141578533365923,0.7514844971911391,-0.507611169743026,0.6617511961391149,0.4103540053601022,0.6458570541476149,0.4103540053601022,-0.05757010718297189,0.9248333068284187,0.9517272193037327,0.9384528666332659,0.9268114581450487,0.197738246188548,0.9197009357515126,0.9201993673117321,0.9197009357515126,0.9119076672468637,0.9119076672468637,-0.104681919190017,0.6253409735526396,0.12299120027798449,-0.7437979535052355,-0.6211733148075169,-0.6252145140796423,-0.19365088903437935,0.15965518320865085,0.16570512498538487,-0.07954935094696985,-0.6331104458829812,-0.06811459001858881,-0.8013641244042943,-0.3379655690671112,0.18161149102128119,0.18386504598752965,-0.5980878894321507,-0.5592251770761609,-0.319346093640659,-0.5441660176649065,-0.8067410344303689,-0.44242139098098376,-0.43588737184349485,-0.44242139098098376,-0.2767178581936869,-0.40426798697149163,-0.40426798697149163,-0.7936191718889906,-0.7936191718889906,0.5232415042915658,0.6303569419025857,0.8397578937252718,0.8381597978436435,0.7524586998972439,-0.3733218737494276,0.7412119169241254,0.760350868139219,0.7605054020077896,0.760350868139219,-0.12347033419286425],[0.9983122989943888,0.9964959917129949,0.6784688327981789,0.9990234767651333,1.0,0.9983122989943888,0.99748395717203,0.9963674952768778,0.9963674952768778,0.997698489869998,0.9734978896121287,0.9968774440038096,0.9975003390953514,0.9975193830497394,0.5283717050787111,0.39469735877979495,-0.022258523295747245,0.9978193613536579,0.9978189457114771,0.9888394445285715,0.9974853789207313,-0.021955288645040472,0.78236211360667,0.9935939120043296,0.9935939120043296,0.9935605081683336,0.9920049387181509,0.07101510451422632,-0.13645559821191705,0.9873582890982454,0.9872900183175042,-0.07279215132818107,-0.15364166228693463,0.9978531435293956,0.9977718855418514,0.8434131639888384,-0.4404147779570781,0.9979060680608156,0.9981268904151614,0.4873754473511903,-0.0460591635953426,0.9978080321396893,0.9978120022029806,0.9978080321396893,0.9274390153078059,0.6277904822523334,0.9497157047609853,0.9391772811845376,0.8436324888458594,-0.03234659037208671,-0.5803219369296492,-0.11170442846581267,0.944108255606445,0.19875906205880273,0.9706994819323603,0.9707196601966983,0.9840177825641845,0.9894708473557076,0.9273728757204417,0.9349229917051863,0.9349408602779006,0.9314324736107408,0.933367168168357,0.9336508767772596,0.933367168168357,0.8854795187619706,0.8887633180171958,0.8895864456513738,0.8887633180171958,0.9284826346419489,0.8604298416688093,0.9118159262455761,0.9123913221340141,0.9118159262455761,0.7280379723879652,0.6430072006652082,0.722972186903409,-0.5015548058304872,0.7057325297210671,0.6905960595778116,0.6900680572040195,0.6905960595778116,-0.058827064500856306,0.9101707909174257,0.9327244823653793,0.9203806803126896,0.9337998942459284,0.04486508407785078,0.908547101762711,0.9092776703727604,0.908547101762711,0.9126133992192711,0.9126133992192711,-0.1385793075660777,0.6668435008730658,-0.021968097839646383,-0.7668293827168879,-0.6607281380306254,-0.6622228598048264,-0.21960997613982267,0.18280844287380257,-0.213421792681964,-0.31449724708775206,-0.6894439395655527,-0.4105354212703251,-0.834983163788683,-0.5916984971491888,0.15456817360133462,0.15667184309568072,-0.6200078737958085,-0.5568226756441209,-0.5718228566850334,-0.577913613597529,-0.7594816442224511,-0.6184105358867021,-0.6214134289166557,-0.6184105358867021,-0.30862748287727193,-0.43159219692590445,-0.43159219692590445,-0.7314011054811133,-0.7314011054811133,0.509795784075846,0.617184220770734,0.8064501522329395,0.8148082928093534,0.7470584835637654,-0.4889264756599578,0.6350698415701375,0.6680773684304835,0.6681534384567008,0.6680773684304835,0.10245396669292543],[1.0,0.9999913661219036,0.7283437384707909,0.9997695924820336,0.9983122989943888,1.0,0.9934175764026925,0.9905836533966053,0.9905836533966053,0.9938644309926671,0.9800898042911612,0.9887441473274259,0.9934482332675593,0.9934848321336883,0.6572039164955088,0.5501780594862937,0.1966842345295748,0.9941282005377832,0.9941215351913075,0.9862206642045684,0.9934359758179064,0.34435266557610356,0.7883215687329529,0.9848246572639283,0.9848246572639283,0.9848079373965513,0.9821585326192481,0.2945392689418673,-0.14756464066562242,0.9888741674294801,0.9888387763935386,0.22483878182033734,-0.24284021966686467,0.9951709797320322,0.9954056697381513,0.8735496784499704,-0.32976439176516764,0.9917410232128079,0.99553902273884,0.6309248331168221,0.17695283745333534,0.9952844878630619,0.9952804008411908,0.9952844878630619,0.9185148611231213,0.6681892588669971,0.9424005629052536,0.9447547130053882,0.8754776112810181,0.390900477200141,-0.19395814011911028,0.24624600986933687,0.9561541944724181,0.3546885466494585,0.9757054210450614,0.9732780975397235,0.9821905635405187,0.9889733441656441,0.9426329882838849,0.9539000371084799,0.9530218431390101,0.9445559750612912,0.9503889263780964,0.9509327122547817,0.9503889263780964,0.9104156229502407,0.9311165235675307,0.9318448037227252,0.9311165235675307,0.9400571123366769,0.8269703103697204,0.9138601860507938,0.9148961019761177,0.9138601860507938,0.7642291427017598,0.46990072129990146,0.7577780018742749,-0.5027822484387144,0.6648542116136547,0.6706869982115353,0.670880797114596,0.6706869982115353,-0.052443105291287005,0.9280866048207399,0.9560649094623624,0.9433087461468077,0.9438324094445649,0.21089021420682275,0.9223745568320553,0.9227692356695337,0.9223745568320553,0.9252994778832091,0.9252994778832091,-0.10078471806836234,0.6096513159197964,0.11782223599153437,-0.7359140761632204,-0.615499872112102,-0.619616456484723,-0.18328846860175854,0.16335434309499888,0.17136792989542146,-0.06777757324290488,-0.6234333907303524,-0.06311443604106391,-0.7968906355654707,-0.33143534457979373,0.18999456581176094,0.1921964794790498,-0.5926427909604085,-0.5623358996468051,-0.31939196034131284,-0.5357706392394117,-0.8059773347939367,-0.4420693999882611,-0.43500090932409846,-0.4420693999882611,-0.26980140327161717,-0.39644778874613584,-0.39644778874613584,-0.7945393993356831,-0.7945393993356831,0.5310048697094355,0.6400203795927708,0.8471856280864833,0.8451508030765172,0.7585983952551013,-0.3623427408015288,0.7494698201440465,0.7686615302736215,0.7688181776955085,0.7686615302736215,-0.13761043758365518],[0.9934175764026925,0.9872505903210376,0.7051011627648964,0.9943912936994856,0.99748395717203,0.9934175764026925,1.0,0.9978235651200675,0.9978235651200675,0.9999734153592756,0.9690818964979314,0.9997446511977454,0.9999969599378834,0.9999941361754547,0.7690306120131003,0.7499009857507247,0.1596313760227256,0.9998805464270856,0.9998809514638081,0.9912363087006537,0.9999971462328139,0.26609897950674416,0.7843606992816893,0.9869564191560698,0.9869564191560698,0.9885753625391047,0.9926121348328544,0.22929882194339182,-0.2002193928054125,0.9914388919557954,0.9915827038763484,0.1354205299499883,-0.28210217787485586,0.9994164735668071,0.9995400372467929,0.5095242795263653,-0.28420412621676233,0.9992763795312685,0.9995249779738213,0.7408971734780472,0.13840428802841676,0.9518660860567808,0.9991991345734936,0.9518660860567808,0.9342191849522897,0.6351283706541668,0.9554022604514809,0.9380853642839966,0.8162666906175734,0.42855896589944864,-0.13455672994316234,-0.16292419348715823,0.941651569084011,0.3162454557975132,0.9706848017177123,0.9687387311680109,0.9818235591176561,0.995170602291451,0.029542799117773962,0.9032944427825,0.8647141958145249,0.9034044304119363,0.8603175647709297,0.8277454208984669,0.8603175647709297,0.8544543622515998,0.833201975862153,0.8240093105974422,0.833201975862153,0.9000264874110341,0.4770269712036563,0.6613654523583705,0.7057073875972133,0.6613654523583705,0.697877088136658,-0.31384623377036747,0.6810478949774436,-0.5769027085236001,0.5997029505634887,-0.04121394523416584,0.5245969199417708,-0.04121394523416584,-0.09835083837498418,0.8791367983886722,0.9028206991303219,0.8893525312917845,0.8029876014988063,0.17174642364211581,0.8765916262749165,0.8773470304809091,0.8765916262749165,0.8123896479555922,0.8123896479555922,-0.17125880728426085,0.7037195795675655,0.2099760491934958,-0.7434613746874238,-0.6570508752131228,-0.6606413508850378,-0.22743772182820188,0.11310218386030765,0.2949557536350308,-0.09961829830869523,-0.6371855365961957,0.003905351508929106,-0.8286310241083477,-0.23188963554883532,0.12270149403839356,0.12491876669091483,-0.6366390007889765,-0.5754665678642761,-0.15234027057198357,-0.609427494194229,-0.824841910556058,-0.43082581654858065,-0.271375653445171,-0.43082581654858065,-0.3350214561444247,-0.4370924638899593,-0.4370924638899593,-0.8168196118666988,-0.8168196118666988,0.5076295394614594,0.6053862957309865,0.5250544582181027,0.8138141426593188,0.7460558822658976,-0.4163845729467903,0.08792501692678438,0.7438483295118844,0.7614659739784578,0.7438483295118844,-0.06834453396399381],[0.9905836533966053,0.983124455155127,0.6992960118754645,0.9919553609681335,0.9963674952768778,0.9905836533966053,0.9978235651200675,1.0,1.0,0.9996420824557949,0.963849009836581,0.9990185478820491,0.9985049209075367,0.9992805482880216,0.7653044214393407,0.7362648055457877,0.13873272331721484,0.999300043604375,0.9993020181676986,0.9889550606051669,0.999394228808232,0.24200895565570796,0.7868838245413939,0.9933727128193898,0.9933727128193898,0.987122356173866,0.9907331106134633,0.21277411572421698,-0.2122626577398372,0.9878655833090191,0.9912870486817675,0.11780054860788935,-0.28767441053549303,0.9985125069806792,0.9985492882186746,0.4952484770720755,-0.2895805099657655,0.9978735515121644,0.9985487418488814,0.7372019127053011,0.11719535823286345,0.9458910426635821,0.9983522114603633,0.9458910426635821,0.9325626665209436,0.6217686535880613,0.9560046370111156,0.9373249044772896,0.8016314537959397,0.4168260385169225,-0.14808449654407022,-0.17368704350198827,0.9348900542403931,0.29721686808031267,0.9665354813074257,0.9644447742928655,0.9775285203777924,0.9940824732203652,0.021730665343615282,0.8964889880816059,0.8538487479381218,0.8981173701304951,0.8504350292869604,0.8183557214622262,0.8504350292869604,0.8464173528878624,0.8205128837812787,0.8139628671032775,0.8205128837812787,0.8948188794002648,0.4622007029268825,0.6461861710715483,0.6928650062941245,0.6461861710715483,0.6904352752878504,-0.3261101881712062,0.6720636179095867,-0.5819389766759371,0.5952358061589855,-0.05988721466957137,0.512397279519123,-0.05988721466957137,-0.10326360537962792,0.8732307523512467,0.894929743616709,0.8819430549676442,0.7912566542945494,0.15465452117581593,0.8712993288281653,0.8722015202710756,0.8712993288281653,0.8005595016942209,0.8005595016942209,-0.18363888523619615,0.7217825626212006,0.21555262687438637,-0.7517322937718377,-0.6676151274629687,-0.671047786607518,-0.24053390766059912,0.10708649578006996,0.28789525413854916,-0.11755019073804103,-0.6481956629104402,-0.005142944588355034,-0.8328446255277903,-0.23820678750475818,0.10969510206629739,0.1119410740915345,-0.6462114027171054,-0.5759059895117455,-0.15895746407673655,-0.6228910272024315,-0.8233351411729296,-0.4410279631717896,-0.2773135611599152,-0.4410279631717896,-0.34971968660096486,-0.4486964695544111,-0.4486964695544111,-0.8138795509925524,-0.8138795509925524,0.494300761431392,0.5909070727236145,0.5083462656313531,0.7979660939117962,0.7351247796403887,-0.43505951798065395,0.07558010430051855,0.7262349173366242,0.7467233666813585,0.7262349173366242,-0.05204125318863409],[0.9905836533966053,0.983124455155127,0.6992960118754645,0.9919553609681335,0.9963674952768778,0.9905836533966053,0.9978235651200675,1.0,1.0,0.9996420824557949,0.963849009836581,0.9990185478820491,0.9985049209075367,0.9992805482880216,0.7653044214393407,0.7362648055457877,0.13873272331721484,0.999300043604375,0.9993020181676986,0.9889550606051669,0.999394228808232,0.24200895565570796,0.7868838245413939,0.9933727128193898,0.9933727128193898,0.987122356173866,0.9907331106134633,0.21277411572421698,-0.2122626577398372,0.9878655833090191,0.9912870486817675,0.11780054860788935,-0.28767441053549303,0.9985125069806792,0.9985492882186746,0.4952484770720755,-0.2895805099657655,0.9978735515121644,0.9985487418488814,0.7372019127053011,0.11719535823286345,0.9458910426635821,0.9983522114603633,0.9458910426635821,0.9325626665209436,0.6217686535880613,0.9560046370111156,0.9373249044772896,0.8016314537959397,0.4168260385169225,-0.14808449654407022,-0.17368704350198827,0.9348900542403931,0.29721686808031267,0.9665354813074257,0.9644447742928655,0.9775285203777924,0.9940824732203652,0.021730665343615282,0.8964889880816059,0.8538487479381218,0.8981173701304951,0.8504350292869604,0.8183557214622262,0.8504350292869604,0.8464173528878624,0.8205128837812787,0.8139628671032775,0.8205128837812787,0.8948188794002648,0.4622007029268825,0.6461861710715483,0.6928650062941245,0.6461861710715483,0.6904352752878504,-0.3261101881712062,0.6720636179095867,-0.5819389766759371,0.5952358061589855,-0.05988721466957137,0.512397279519123,-0.05988721466957137,-0.10326360537962792,0.8732307523512467,0.894929743616709,0.8819430549676442,0.7912566542945494,0.15465452117581593,0.8712993288281653,0.8722015202710756,0.8712993288281653,0.8005595016942209,0.8005595016942209,-0.18363888523619615,0.7217825626212006,0.21555262687438637,-0.7517322937718377,-0.6676151274629687,-0.671047786607518,-0.24053390766059912,0.10708649578006996,0.28789525413854916,-0.11755019073804103,-0.6481956629104402,-0.005142944588355034,-0.8328446255277903,-0.23820678750475818,0.10969510206629739,0.1119410740915345,-0.6462114027171054,-0.5759059895117455,-0.15895746407673655,-0.6228910272024315,-0.8233351411729296,-0.4410279631717896,-0.2773135611599152,-0.4410279631717896,-0.34971968660096486,-0.4486964695544111,-0.4486964695544111,-0.8138795509925524,-0.8138795509925524,0.494300761431392,0.5909070727236145,0.5083462656313531,0.7979660939117962,0.7351247796403887,-0.43505951798065395,0.07558010430051855,0.7262349173366242,0.7467233666813585,0.7262349173366242,-0.05204125318863409],[0.9938644309926671,0.9872037436357742,0.668573727276111,0.9950283178628146,0.997698489869998,0.9938644309926671,0.9999734153592756,0.9996420824557949,0.9996420824557949,1.0,0.9682722173073282,0.9997134904646593,0.9999742058291673,0.999976566383857,0.5838728107999624,0.4538409432212411,0.03783174630065761,0.9998416216167345,0.9998426567808463,0.9911799039749238,0.9999718238046007,0.036254621635259186,0.7700344216377826,0.9957262946123377,0.9957262946123377,0.9956925735797592,0.9925585787464106,0.059798416790727074,-0.14464474148808146,0.9910852588908469,0.9910449714684796,-0.05012921684556193,-0.24583817254636173,0.9994804317999517,0.9994398969698703,0.8448564978480974,-0.44344970159901836,0.9992294258198089,0.9994994949067164,0.5449926282688203,0.014075877302169701,0.9993685307095995,0.9993736159314707,0.9993685307095995,0.9339486964567211,0.6354742677781823,0.955264384753428,0.9378297605135333,0.8160074275577003,0.05794540658180549,-0.5388945960548305,-0.07520573355818792,0.9387478488905676,0.26161867282042156,0.9689386169824016,0.9687055810053724,0.9842474023311335,0.9944703538825954,0.9050320096751602,0.9040862766540185,0.9136738919329908,0.904486676824443,0.9120287286258161,0.9125255259091539,0.9120287286258161,0.8545004425131913,0.8714004769859365,0.8724876107609103,0.8714004769859365,0.9013671423786773,0.8284167743385109,0.887103605916403,0.8880030361613119,0.887103605916403,0.6983765054384051,0.5816482874289294,0.681164607559816,-0.5635941556473676,0.6473479628150165,0.6219468802380312,0.621942950638357,0.6219468802380312,-0.04610943429846302,0.8801399641059203,0.9030250965747563,0.8900537848468589,0.9121453468093667,0.08516784824792649,0.8814345515738505,0.8828686856366785,0.8814345515738505,0.8856669588669444,0.8856669588669444,-0.17265255510816807,0.7043420558572743,0.006711906980118383,-0.7543013843514325,-0.6869702394287707,-0.6885719071112527,-0.23077938196409375,0.11733635527118479,-0.21660104177728073,-0.2794995062032588,-0.6715504954011461,-0.4353903895210707,-0.8567063659941624,-0.6233303795729793,0.12235008267549734,0.12457880715064118,-0.6378935499470214,-0.5716170139381407,-0.5818455603322835,-0.6106849767082111,-0.7875081829436728,-0.6408214994457628,-0.6433474893313593,-0.6408214994457628,-0.33657020937567916,-0.43999063136436845,-0.43999063136436845,-0.7691332610331763,-0.7691332610331763,0.5064296834274229,0.6034699551068178,0.8168275813342294,0.8228371205787808,0.7440129770050612,-0.44193628617660285,0.6609480318587005,0.6920799025664781,0.6922722606780375,0.6920799025664781,0.16749330686138994],[0.9800898042911612,0.9784519161865503,0.6460686907236736,0.9786351762948565,0.9734978896121287,0.9800898042911612,0.9690818964979314,0.963849009836581,0.963849009836581,0.9682722173073282,1.0,0.9588677853631059,0.9690996632803548,0.968880158103406,0.3172160101173036,0.18978214284078956,-0.19944618949656498,0.9725374008412914,0.972521216642917,0.9691859301174844,0.9691796610299137,-0.06300600839668151,0.8073912840746006,0.9701980770723322,0.9701980770723322,0.9703372239048016,0.9297431747135309,0.1469167840822691,-0.13227613862640578,0.9738888272073003,0.9739741119654971,0.08646227914536195,-0.03753940817513266,0.9753556104239323,0.9755467935615514,0.9085975064931116,-0.3056065101162712,0.9651831763803753,0.9747402757943231,0.27190832516047714,-0.21839443600751354,0.976227974419081,0.9762025958927478,0.976227974419081,0.8636869780389826,0.4560080159396977,0.8889006652523489,0.9320719389562953,0.8968241658129567,-0.42603421314447887,-0.6564031708708349,-0.13298482265659053,0.9130132046674189,-0.0500626137358864,0.935404911308319,0.9354577490734964,0.9499939330650644,0.9718782631824409,0.9081703137722844,0.9121558958208326,0.916615336136393,0.9107540365887616,0.9108150436475186,0.9112480994107817,0.9108150436475186,0.8759583573719156,0.8483240879748303,0.849366042398076,0.8483240879748303,0.9075083539013415,0.9187049847397374,0.9058677369489565,0.9062569913382429,0.9058677369489565,0.767800879943563,0.7179996989194113,0.7687672518119182,-0.19727502809124323,0.7772839868324397,0.7902135034828267,0.7920695966954192,0.7902135034828267,-0.18599967203355694,0.9056626043253115,0.9491625035221104,0.9172752425137712,0.918189388641827,-0.07794247469358342,0.9006300708758879,0.9012821866010176,0.9006300708758879,0.9062317202992479,0.9062317202992479,0.020132615773601554,0.4629172682331058,-0.1660621391270499,-0.7051702981447558,-0.4700129246549875,-0.47285933593212404,-0.11664429091911999,0.4383806780110388,-0.02340973617205529,-0.2563215460907094,-0.6081523177343024,-0.15321745645615104,-0.7798410486863878,-0.31712062517458334,0.31023872598624896,0.31071355511844423,-0.437989410498031,-0.42872176796464356,-0.4090837785661201,-0.4217610207890457,-0.6449262941448667,-0.4273453867097898,-0.42996701427706624,-0.4273453867097898,-0.17740705182947045,-0.48316181407150616,-0.48316181407150616,-0.542570486277954,-0.542570486277954,0.6220641789889684,0.6570255864693915,0.7629561375330277,0.7359330701261353,0.8125520948850035,-0.5233168098208101,0.46186751266551956,0.5463797643729076,0.5467368846146242,0.5463797643729076,-0.0790820456075226],[0.9887441473274259,0.9878627372519937,0.9947391522305804,0.9912333900953967,0.9968774440038096,0.9887441473274259,0.9997446511977454,0.9990185478820491,0.9990185478820491,0.9997134904646593,0.9588677853631059,1.0,0.9997432322897091,0.9997193028554396,0.0360418210546829,-0.0694579648409358,-0.5602741516300739,0.9998420986154687,0.9998436567523135,0.9997468614317857,0.9997461796873662,-0.30371480346299523,0.9751987521227421,0.9951162362176356,0.9951162362176356,0.9951008922533269,0.9937785793104809,0.06471962893581074,0.05672724791088631,0.9932585256341844,0.9933082563746022,0.7161771460412618,-0.07165295748845256,0.9992567608377313,0.9992255246882029,0.9991168093210645,0.9995205461383755,0.9995442125310551,0.9992779829125144,-0.020570047108373627,-0.5671197512770567,0.9990822068613815,0.9990872056517272,0.9990822068613815,0.9295788982863317,0.49236556542513393,0.9516222298424688,0.9343445231375969,0.8157127977690674,-0.2869515336710552,-0.5604791709456848,0.8544044086288863,0.8814169175951388,-0.3372056155015826,0.946302226745564,0.946473017293124,0.9756876000060445,0.9942467340438338,0.9211045922091875,0.9254690406208381,0.9054678776565124,0.9108850477563853,0.9089636706930073,0.9093592170201716,0.9089636706930073,0.8279339984993052,0.7977785555340505,0.7990194203711665,0.7977785555340505,0.9267927058964462,0.9313021602780648,0.9258815809627182,0.9266222463948651,0.9258815809627182,0.6464833801903548,0.602830990432363,0.6727463405641034,0.732078482913617,0.6514936012372885,0.6747886712293215,0.6767542835657407,0.6747886712293215,-0.1884861444874614,0.8809759802776344,0.9041677338665676,0.8959777173724337,0.9265354928793088,-0.36242018795463876,0.8774533773704195,0.8776195853254734,0.8774533773704195,0.8838659783341085,0.8838659783341085,-0.22238660462723314,0.6991003158825801,-0.4040490596872816,-0.8308167068579609,-0.54804501780673,-0.5513882351864908,-0.4512225027063928,0.25168865526073564,-0.31927911454934954,-0.5656795512127311,-0.7931836499606814,-0.424577256761225,-0.5795991083464123,-0.5008825811189208,0.11475828120771037,0.11322572616291379,-0.5619133541712803,-0.5378792157327574,-0.5594960975647648,-0.5956649899434302,-0.58833450514857,-0.5627127252780396,-0.5660184922506634,-0.5627127252780396,-0.45842398111466975,-0.6468251706255363,-0.6468251706255363,-0.634972929561812,-0.634972929561812,0.5021607186260204,0.36803553990249444,0.5100595386243352,0.6366258379296102,0.5492784740208441,-0.5697337621490451,0.38348306298166734,0.3123520341791319,0.3126281881347264,0.3123520341791319,0.29791359574166604],[0.9934482332675593,0.9872828684361532,0.7051247901464361,0.9944133692284195,0.9975003390953514,0.9934482332675593,0.9999969599378834,0.9985049209075367,0.9985049209075367,0.9999742058291673,0.9690996632803548,0.9997432322897091,1.0,0.9999957098311701,0.7690117432558657,0.7334942573903838,0.1596665331737598,0.9998817288424735,0.9998820218103142,0.9912631392236587,0.9999976415116143,0.26637434850329367,0.7844197888736112,0.9917034743626724,0.9917034743626724,0.9885699903680206,0.9926119598577294,0.2295317623296561,-0.20016529582951348,0.9915007554144879,0.9915881562772546,0.13562322650350955,-0.282074433144266,0.9994173719237673,0.9995417795694254,0.5095058886675186,-0.28401204658551576,0.9992757152861466,0.9995301820443319,0.7408635509731704,0.13844501239517368,0.9518548617588867,0.999200452859117,0.9518548617588867,0.9342068803268482,0.6352367757726265,0.9554434776170204,0.9381195195793991,0.8163215790321263,0.42889285600166466,-0.13416804217143508,-0.16259936067821582,0.9417007626435391,0.31629186102945434,0.9707538031787115,0.9687749145807634,0.981891404535624,0.9951803636604717,0.029712730727655158,0.9034026852304262,0.8647885287384649,0.9035028476870012,0.8603897654933272,0.8277031024945787,0.8603897654933272,0.8545429140773382,0.833245005468208,0.8239652848200754,0.833245005468208,0.9001468055995877,0.4769301771638742,0.6613695913612996,0.7056393029504455,0.6613695913612996,0.6978784138268634,-0.31386050503686364,0.681069695357846,-0.5768060151514188,0.5996438576077341,-0.04132563165102536,0.5246287381695882,-0.04132563165102536,-0.0984719224414231,0.8792138825677461,0.9029174170054964,0.8894337099610775,0.8029820030648523,0.17178799741338432,0.8766669390835862,0.8774191442177536,0.8766669390835862,0.81244347696856,0.81244347696856,-0.17120170325313153,0.7037022415261366,0.2100722241024668,-0.7434988097387408,-0.6569748225193548,-0.6605699262691171,-0.22751391056923412,0.11300939523587464,0.2951044559276086,-0.09961541509846411,-0.6372421896949111,0.0041328691534293985,-0.8284064775296515,-0.23163741919606565,0.12277972791624422,0.12500998429361002,-0.6366187311070065,-0.5752719444737708,-0.15212919393942434,-0.6093853760010983,-0.8247465321432002,-0.43063587105990997,-0.2712021145309245,-0.43063587105990997,-0.3348807363704187,-0.43706862890179177,-0.43706862890179177,-0.8167691037080085,-0.8167691037080085,0.5079719116257191,0.6054827937884063,0.5252657553036321,0.81402432838128,0.746093854138584,-0.41620669310350683,0.08817383014548688,0.744063654956602,0.7615613677458,0.744063654956602,-0.0683753477675284],[0.9934848321336883,0.9871495303768929,0.7051959055673135,0.9944295894312433,0.9975193830497394,0.9934848321336883,0.9999941361754547,0.9992805482880216,0.9992805482880216,0.999976566383857,0.968880158103406,0.9997193028554396,0.9999957098311701,1.0,0.7555364576137653,0.6660205611917269,0.15983538509066123,0.9998846884924169,0.9998848568297228,0.9913785735910121,0.9999955120349215,0.2670347362615931,0.7842494366961819,0.9946122307652778,0.9946122307652778,0.9945348961433783,0.9925273829868055,0.22981257043711484,-0.2001881221493926,0.9924586917338086,0.9924986288890192,0.13633455913889117,-0.2819143938513393,0.9994592274271864,0.999541683011991,0.508623747130576,-0.2833645154619353,0.9992421914588417,0.9995320449378609,0.7372703254990262,0.13863285464096284,0.9514696069138622,0.9992468485527282,0.9514696069138622,0.93438681650066,0.6358224330769346,0.9554833939132641,0.9381212349060462,0.8160690893744873,0.4301143426523544,-0.13279522830897353,-0.16284266278515117,0.9419766034995618,0.3165558926349155,0.9711004669698954,0.9690279479250739,0.9821159874543063,0.9952265009552959,0.028760625768475878,0.9035977050572764,0.8646783507261476,0.9036658442638205,0.8603049144293814,0.8272893789876931,0.8603049144293814,0.854691304914281,0.8331320845103541,0.8242149794041769,0.8331320845103541,0.9003793681257636,0.4763050220460922,0.6609213897854094,0.7056090479578654,0.6609213897854094,0.6977419734479796,-0.31493970305094077,0.6810178232467123,-0.5770352026595417,0.5993266450653962,-0.042240330798146396,0.524299176530761,-0.042240330798146396,-0.09846260197424585,0.8793000688718738,0.9027159128389598,0.8895353996042422,0.7969333248711533,0.1721654237992686,0.876706637172808,0.8774507297677671,0.876706637172808,0.8122476751225886,0.8122476751225886,-0.1723786910918232,0.704417673576979,0.21054202361159283,-0.7434476278781129,-0.6572908675261666,-0.660889371773486,-0.22844985007432345,0.1119726177263219,0.2954441159479992,-0.09992489426554355,-0.6373647142236597,0.004255195424501081,-0.8277540927785998,-0.2314569729021954,0.1219471405674773,0.12417641283077538,-0.6371336894819358,-0.5754542482286453,-0.15158628086263742,-0.6103430595771632,-0.8248042516433293,-0.4305700983080898,-0.27068575047766524,-0.4305700983080898,-0.3356456440921574,-0.4374424378155959,-0.4374424378155959,-0.8171179660301139,-0.8171179660301139,0.5080291019586848,0.6051922270223548,0.5248462876564315,0.8144226030380677,0.7456244910464368,-0.4158223049980093,0.08758077361000564,0.7444763496618273,0.7621650484622271,0.7444763496618273,-0.06815653759220047],[0.6572039164955088,-0.08384671551362366,0.338339144642176,0.6562642563560669,0.5283717050787111,0.6572039164955088,0.7690306120131003,0.7653044214393407,0.7653044214393407,0.5838728107999624,0.3172160101173036,0.0360418210546829,0.7690117432558657,0.7555364576137653,1.0,0.9905797958779109,0.43379784085575523,0.7279508221394931,0.7279039416395254,0.632985319055716,0.7538285334015243,0.33752698523462593,0.2929496416884887,0.7426714752603817,0.7426714752603817,0.7261214584849567,-0.36270337365018085,0.19322330777063587,-0.15401329288485333,0.8040531898995847,0.8001436467431089,0.16323278819977083,-0.20212166279255872,0.7628169654841561,0.6156691074651216,0.22780637597753695,-0.31691342410802625,0.04966474062023537,0.5736028289648044,0.9982698641369403,0.41726052353644394,0.6868989600081783,0.7622559539011242,0.6868989600081783,-0.013958816686564924,0.4838809148320479,-0.42063996453640473,-0.4424774994147545,-0.13141915907390989,0.38458854010736887,-0.051735951893796026,-0.2125838013326472,0.6008794494831883,0.39351750223468385,0.7665632720621238,0.6041142551338463,0.7172590603740322,0.7429969950915604,-0.1118352858860492,-0.03111332766511112,0.48145908341190136,0.3100736446592255,0.4701154881895691,0.574449719026434,0.4701154881895691,0.18352505985178516,0.47218012447381397,0.5635291172090191,0.47218012447381397,0.22331846812674663,0.19649205788417834,0.3369254836006004,0.4592718006386183,0.3369254836006004,0.15002642974026198,-0.35590790412838097,0.08545108878566625,-0.6325026703510116,0.15379721448740322,-0.15044074658964343,0.22688193104884924,-0.15044074658964343,-0.15943228461865733,0.2577873657447845,-0.18055024754972326,0.030680181063556602,0.5780864346337942,0.4275235597238587,0.3433771869918782,0.3504929327451168,0.3433771869918782,0.424371487400079,0.424371487400079,-0.20659624990655684,-0.001961086770720461,0.24487605011010194,-0.1978179552310082,-0.47449386917412295,-0.4758850322639477,-0.007239090313046197,-0.06685342805133476,0.3533435676466108,0.15696178115944384,-0.10784498040157392,0.12821756288648462,-0.6908852454432841,-0.0668426487660318,-0.027328568485240602,-0.02745559518830523,-0.44004546478785495,-0.4522507994706272,-0.014258113597912845,-0.26352104011798555,-0.7318438064389285,-0.26326794790041863,-0.12731391473599651,-0.26326794790041863,-0.12433397322149899,-0.14017796751409212,-0.14017796751409212,-0.7274490640220244,-0.7274490640220244,-0.17878417892782644,0.39276037748716897,0.44752409671503557,0.675910425410963,0.4690783612983935,-0.1989513884856724,0.04611909212295053,0.6915960001769482,0.7216086046782769,0.6915960001769482,-0.15915552547051015],[0.5501780594862937,-0.1771964719114992,0.2770697662066815,0.5487256100122718,0.39469735877979495,0.5501780594862937,0.7499009857507247,0.7362648055457877,0.7362648055457877,0.4538409432212411,0.18978214284078956,-0.0694579648409358,0.7334942573903838,0.6660205611917269,0.9905797958779109,1.0,0.4448714873200062,0.6275721940764007,0.6275156760835539,0.5081106334235834,0.6640402416654383,0.34387558066084695,0.19550735859517684,0.7015848412963591,0.7015848412963591,0.6340279566887709,-0.42629829690467197,0.19632725996335199,-0.11113968794221542,0.7856380229719091,0.7200649885165019,0.1900918535682331,-0.1470436417211754,0.6748729635308691,0.48943072556157974,0.18439936978431642,-0.27801571290077515,-0.058480310437733454,0.4429614643195986,0.9924935506051541,0.4309092198316314,0.6008910908795975,0.6743792645982508,0.6008910908795975,-0.10121214063590384,0.41899197628185175,-0.4681664158617787,-0.4814448772506051,-0.19507941214483726,0.35016916926777464,-0.028924671281128335,-0.2154589113778261,0.48504562376422033,0.36564860143959477,0.6779931409827564,0.48209729701388265,0.6134121086210567,0.6387439023109396,-0.1410125314824962,-0.13969068401232254,0.39329928773798006,0.1856618350240741,0.380820415067356,0.5216798891228179,0.380820415067356,0.06417580509305461,0.38715254296040835,0.5062330266343636,0.38715254296040835,0.10098480772636796,0.17069866748945012,0.28182652839997563,0.4216359719