var config = { responsive: true }

var correlationClose = {"data": [{"type": "heatmap", "z": [[1.0, 0.999984389934503, 0.9771580411350246, 0.9996904446629864, 0.9972549862176352, 1.0, 0.9901208334917145, 0.9853537820379507, 0.9907110695629846, 0.9726600042019544, 0.9793835842522702, 0.990168545966059, 0.9903291219122117, 0.9902386674306223, 0.9902921303458325, 0.9931722220002001, 0.9933961908853867, 0.9913319963332479, 0.9913187280063137, 0.9912962092408726, 0.9901578135972215, 0.9771830391337216, 0.9639957633976161, 0.9761954280225521, 0.976168929624563, 0.9507649827886832, 0.9525028317946764, 0.9432453491799737, 0.9898911183526977, 0.9898468564743922, 0.9857361312400563, 0.974042586212914, 0.9932867768317728, 0.9942206041939609, 0.9933046091658347, 0.991532332779418, 0.9858383047178706, 0.9939006059477558, 0.9938501255336681, 0.9947817738507428, 0.993494493945042, 0.9934817860234806, 0.993494493945042, 0.8964599836479538, 0.6914589778238501, 0.8613551732326198, 0.8919746241977061, 0.8093865394481261, 0.9639495990060445, 0.9290881526297069, 0.9544122615535067, 0.9493247256066822, 0.9524801638885964, 0.9780760899738483, 0.9720252124971039, 0.9079121532487582, 0.8973782773559302, 0.9277178684404032, 0.8987612241882692, 0.9241314466611531, 0.9250129149318004, 0.9241314466611531, 0.8303004450486807, 0.9022741910549834, 0.9034550503761769, 0.9022741910549834, 0.8833270067696893, 0.7100825740694063, 0.8598812047392761, 0.8616995864250291, 0.8598812047392761, 0.5996835759081474, 0.4867515015939979, 0.5743785188371545, 0.7276677917823707, 0.46302547628017343, 0.5274019497205358, 0.5294424391151771, 0.5274019497205358, -0.5983199359591779, 0.8705676621808265, 0.9011161555552251, 0.8827900597334648, 0.9094472658442256, 0.9343613187712709, 0.8687185246053171, 0.870160790303992, 0.8687185246053171, 0.8812590498594809, 0.8812590498594809, -0.17368572731671764, 0.5119110835307604, 0.21293373600373922, -0.5156332079924602, -0.5446416220050966, -0.5484558136765638, 0.0009981121777666454, 0.033691578592934895, 0.28548049648638885, 0.19145408729056976, 0.11404241292285514, 0.08868852800857897, 0.1155448736770278, -0.17737115632659262, 0.10263083753894209, 0.10285082085192669, -0.517827816670938, -0.41384283254187104, -0.17701603252102469, -0.45962680825813756, -0.3427561039036952, -0.3178532865164287, -0.3083956597651602, -0.3178532865164287, -0.16723831982061582, -0.22261923439076753, -0.22261923439076753, -0.5247729778307946, -0.5247729778307946, 0.399482901139048, 0.6685112624930628, 0.878361868382779, 0.8563698951629722, 0.7957484319207468, 0.6763742484229098, 0.7762844094478262, 0.8171732603927117, 0.8173916183547988, 0.8171732603927117], [0.999984389934503, 1.0, 0.9643162856801529, 0.9991158251952924, 0.9927566385034122, 0.9999843899345029, 0.9746264783074473, 0.9641437279854124, 0.97435704310686, 0.9548534871025287, 0.9768107470766795, 0.9746795298237473, 0.9746312012713211, 0.9744236973235478, 0.9735470868607471, 0.9833002773191555, 0.9817906318914491, 0.9808573532273679, 0.9808233528517504, 0.9747578761208634, 0.9747466975132754, 0.9797182539867525, 0.9638424619655259, 0.966637526565917, 0.9667220705280004, 0.9511083942318743, 0.9716652454539475, 0.9240661740011247, 0.973766580613337, 0.9738213403900884, 0.9701700723868822, 0.9160359462909404, 0.9857656460988894, 0.9858751020687121, 0.9867482133347435, 0.9773482820799096, 0.9838678814369742, 0.9857551146926852, 0.9864971665410517, 0.9862704807646705, 0.986879212494316, 0.9868544720837683, 0.986879212494316, 0.8966989787197306, 0.6032578035717331, 0.8624752458482714, 0.8931568525934909, 0.8085858796192302, 0.8624273578976882, 0.881738656693494, 0.8523236084405031, 0.869883234791228, 0.8586970356273934, 0.9374050930109836, 0.9374670190676738, 0.9109945699366175, 0.9224912357836224, 0.8967579377168013, 0.896447902482811, 0.9043127772877168, 0.9051635804007974, 0.9043127772877168, 0.7490791565911892, 0.7097647336341893, 0.7118211705783986, 0.7097647336341893, 0.9159272561582248, 0.9218457637647025, 0.9155972423850215, 0.9170188634966959, 0.9155972423850215, 0.40931777332232117, 0.3539550377331309, 0.47652595470950376, 0.5769724383949527, 0.452696837485946, 0.49878837273170507, 0.5001041016301123, 0.49878837273170507, -0.19677284182510943, 0.8479064335807398, 0.8883224296867196, 0.8729994798264966, 0.9189914578887038, 0.9205826982812211, 0.8408657542324688, 0.8413320762081619, 0.8408657542324688, 0.8533463433942041, 0.8533463433942041, -0.28144409945848475, 0.5130991700078668, -0.37378441507516397, -0.4574154649723298, -0.4573921526335821, -0.4607980503023388, -0.2671470647325342, 0.20520008936775103, -0.18418683651684123, -0.34337029657468576, -0.19548083833627092, -0.25016192295339845, -0.2745464279009633, -0.30314195673465133, 0.07659600765624792, 0.0712280422520103, -0.4711038390922754, -0.4227747974701892, -0.45057024966067516, -0.48047331990752823, -0.4728997572161732, -0.45363253495123174, -0.4568889481207696, -0.45363253495123174, -0.3522504216167458, -0.4794194061229524, -0.4794194061229524, -0.45881845367766133, -0.45881845367766133, 0.39901026967836745, 0.4368429723474089, 0.5285327157706089, 0.6118386009521778, 0.5887619516836281, 0.26550502903675705, 0.4053457290991502, 0.4008658846738475, 0.4009937026341915, 0.4008658846738475], [0.9771580411350246, 0.9643162856801529, 1.0, 0.9812157815380494, 0.9909201237346711, 0.9771580411350247, 0.9853199786219389, 0.9834092263437272, 0.9922557421712342, 0.9341624683062145, 0.9963293137437946, 0.9852708550794574, 0.9827679325922752, 0.9850357425131018, 0.9849323408579377, 0.9880853188619103, 0.989113505480995, 0.9827483702605675, 0.9827306662757873, 0.9907745027687876, 0.9851782191168341, 0.9905240818475227, 0.9789736035544131, 0.9827566128869019, 0.9827731325440795, 0.9798134835336624, 0.9772624538089771, 0.9461193066815066, 0.9670048129800318, 0.9670740819170267, 0.9718837759620241, 0.9473595668376582, 0.9812249408267928, 0.9877178612055869, 0.9795439618224108, 0.982617637136447, 0.9934195717305657, 0.9896804401588081, 0.9793379436780906, 0.9867553610113651, 0.9809054168619604, 0.9801939181542936, 0.9809054168619604, 0.9050245988683392, 0.6069412506517269, 0.9063720231085879, 0.8743504387457187, 0.6552617789037259, 0.9070505319953455, 0.8571640791867677, 0.8945916987363769, 0.8912760987936399, 0.8985581017934734, 0.9291065672558055, 0.938654534068008, 0.7403977381892378, 0.8019312948063189, 0.8162135743058299, 0.8372936386779127, 0.8084664542478848, 0.7770786012783919, 0.8084664542478848, 0.7225462340038455, 0.763394573698228, 0.7631412992942594, 0.763394573698228, 0.8296803575725272, 0.3966889004115199, 0.5881279593742034, 0.6576861018266853, 0.5881279593742034, 0.49358479911335335, 0.46275033241498653, 0.45809692347553216, 0.6180921389849569, 0.39666453159615533, 0.42626494459105707, 0.3929290725800467, 0.42626494459105707, -0.5894900342590059, 0.7960688818910668, 0.7760556896687518, 0.7776482915152387, 0.7549025784832908, 0.8823669707538114, 0.8018150760129477, 0.8043330388585279, 0.8018150760129477, 0.7461065039549569, 0.7461065039549569, -0.2820475566344696, 0.7053779849533943, 0.16465488519255073, -0.6111394350481419, -0.6361363863672018, -0.6389961787818831, -0.11142193943085346, -0.006708292799968231, 0.28249281322154757, 0.05708264378594137, 0.007188750963619148, 0.0402441593191712, 0.006154877269274376, -0.17364679845360548, 0.0060823681799194096, 0.006007494179788902, -0.6080088366692548, -0.5275331117895612, -0.13290808499384668, -0.5829983150359099, -0.4397543762010615, -0.40364193690769096, -0.2351649510671726, -0.40364193690769096, -0.2920899412936353, -0.3586052677384093, -0.3586052677384093, -0.6273163185275459, -0.6273163185275459, 0.31452975063368616, 0.5732507419124444, 0.784410144322188, 0.763171011387979, 0.7320907910285048, 0.5691004509170682, 0.7099224729198476, 0.7170593975185852, 0.7490868752011176, 0.7170593975185852], [0.9996904446629864, 0.9991158251952924, 0.9812157815380494, 1.0, 0.9985022957194077, 0.9996904446629862, 0.9918313356025318, 0.9875479225073768, 0.9928422107296603, 0.9704403400233895, 0.9851857354526624, 0.9918660499972851, 0.9919543161861207, 0.9919065196148072, 0.9919483360335393, 0.9948075038351787, 0.9949666877075479, 0.992798221218988, 0.9927871205743999, 0.9931915758011668, 0.9918467420882103, 0.9805716924491806, 0.967131861365889, 0.9792889978850556, 0.9792633644666258, 0.9637493589785134, 0.9570863311788388, 0.944570861566372, 0.9898061941279168, 0.989772790810236, 0.9866725348791345, 0.9734581933089992, 0.9941731653865368, 0.9954488080234897, 0.9941435256608108, 0.9927902288524999, 0.9901387005943555, 0.9953821383052647, 0.9945431919346253, 0.9959330350697898, 0.9942756109824074, 0.9942671542111037, 0.9942756109824074, 0.895721109844963, 0.6788105587468292, 0.8711328660069452, 0.8868939415385555, 0.7857514578720847, 0.9580950437342518, 0.9211398480566708, 0.947571129571515, 0.94361350726825, 0.9474915031552377, 0.9738447616007523, 0.9692841198500451, 0.8816052170140292, 0.8867221759194224, 0.9114391266475802, 0.8928406192638979, 0.902795859786578, 0.9040144961730328, 0.902795859786578, 0.8193392944678448, 0.8879848778606495, 0.8892877566445064, 0.8879848778606495, 0.8779415874624659, 0.6373906475259936, 0.811781834511449, 0.8136457167431279, 0.811781834511449, 0.5888346155435588, 0.45841832468435556, 0.5613408387752284, 0.7085271481904639, 0.4556639141913141, 0.49375563495152563, 0.49652803098592835, 0.49375563495152563, -0.6001059613298796, 0.8628205049931539, 0.8882703954977927, 0.8711172583641568, 0.8804429478032985, 0.9301073800976684, 0.8621258345462306, 0.863756914205825, 0.8621258345462306, 0.8572162639797604, 0.8572162639797604, -0.18075245619125133, 0.5433799608170726, 0.21774515216503262, -0.5243665760028606, -0.5529649491742558, -0.5566867199517678, -0.011960330079789186, 0.02748894400988372, 0.2781235350858515, 0.1787490820071584, 0.10314503522801675, 0.08182484140395575, 0.10923189968491161, -0.18562101018113278, 0.0905597139485773, 0.09082589821950687, -0.5258110864320309, -0.4255039519295195, -0.17905515535046027, -0.47317598517616044, -0.34542461489357434, -0.3198987162929331, -0.31100301009231157, -0.3198987162929331, -0.177374290884436, -0.2334028222620606, -0.2334028222620606, -0.5363664973831185, -0.5363664973831185, 0.38316762192941256, 0.6562439649432565, 0.8709601537261663, 0.8489960554877024, 0.7884441879255139, 0.6676197211981124, 0.7675557477079326, 0.8087786061683241, 0.8090112794250527, 0.8087786061683241], [0.9972549862176352, 0.9927566385034122, 0.9909201237346711, 0.9985022957194077, 1.0, 0.9972549862176352, 0.996523341619101, 0.9943066764420445, 0.9967074002926977, 0.9590942218211062, 0.9946898873784911, 0.9965426453876851, 0.996643343941864, 0.9965763295302635, 0.9965788393414472, 0.9976603495094427, 0.9972631298234952, 0.9971674209929703, 0.9971644049840632, 0.9965372181407489, 0.9965341258620298, 0.9930197327747252, 0.9797481559408509, 0.9896169837850284, 0.9895688980164974, 0.9809373522799661, 0.9787267040773158, 0.9483597352525608, 0.9883270014153088, 0.9882631329300848, 0.9876313679853765, 0.9641169910131187, 0.9976598904465993, 0.9976056291174857, 0.9975109021411904, 0.9970439501437393, 0.9969072142492524, 0.9978243531779357, 0.9979345418918849, 0.9976758124087526, 0.997635712620015, 0.9976409739365429, 0.997635712620015, 0.9123361506541348, 0.6406468150756746, 0.8965551973695344, 0.8892971691133135, 0.7484109640457494, 0.9370559230037243, 0.8939100874551258, 0.9256768130401917, 0.9287101110256483, 0.9359762079750608, 0.9671367784699312, 0.967253473172891, 0.8720262238255295, 0.8606274357781023, 0.8929827676881527, 0.8756780986623097, 0.8907949350480557, 0.8913229105761783, 0.8907949350480557, 0.785862563905511, 0.8239531461068701, 0.8255145742021532, 0.8239531461068701, 0.8625256003025389, 0.7429545160725906, 0.8419454372146922, 0.8431329687354071, 0.8419454372146922, 0.5360058921373275, 0.3967266782974595, 0.5171141237669381, 0.6942907380539943, 0.5107013000032878, 0.4867385007041649, 0.48698992044864997, 0.4867385007041649, -0.588584927739326, 0.8388802732026598, 0.8520020192940441, 0.8390899658103323, 0.8830260591288137, 0.9026420574182205, 0.8411915327104079, 0.8427660929495886, 0.8411915327104079, 0.8498991263693186, 0.8498991263693186, -0.2271109026531708, 0.6117272562480024, 0.07316947624583006, -0.5819182323358661, -0.6152755507477701, -0.6157049819970213, -0.050055752126512455, 0.04777017065659387, -0.12161468742937663, -0.07385780689534703, -0.0510693926776151, -0.29540779736161477, -0.3483547145173823, -0.4935388120785908, 0.05402340827732425, 0.054113914366587176, -0.558899065665647, -0.46659410549584784, -0.4875330728645637, -0.5204686828605405, -0.5771345942565344, -0.5472493927163639, -0.5496918330000646, -0.5472493927163639, -0.2245257987491524, -0.27483950266551066, -0.27483950266551066, -0.6420845410266547, -0.6420845410266547, 0.35880905083581943, 0.6336178948577896, 0.81872158595632, 0.7909930192539191, 0.7748283742547556, 0.5951284015801643, 0.6159880118258741, 0.6999414730712674, 0.7003241301189861, 0.6999414730712674], [1.0, 0.9999843899345029, 0.9771580411350247, 0.9996904446629862, 0.9972549862176352, 1.0, 0.9901208334917145, 0.9853537820379507, 0.9907110695629846, 0.9726600042019544, 0.9793835842522702, 0.990168545966059, 0.9903291219122117, 0.9902386674306223, 0.9902921303458325, 0.9931722220002001, 0.9933961908853867, 0.9913319963332479, 0.9913187280063137, 0.9912962092408726, 0.9901578135972215, 0.9771830391337216, 0.9639957633976161, 0.9761954280225521, 0.976168929624563, 0.9507649827886832, 0.9525028317946764, 0.9432453491799737, 0.9898911183526977, 0.9898468564743922, 0.9857361312400563, 0.974042586212914, 0.9932867768317728, 0.9942206041939609, 0.9933046091658347, 0.991532332779418, 0.9858383047178706, 0.9939006059477558, 0.9938501255336681, 0.9947817738507428, 0.993494493945042, 0.9934817860234806, 0.993494493945042, 0.8964599836479538, 0.6914589778238501, 0.8613551732326198, 0.8919746241977061, 0.8093865394481261, 0.9639495990060445, 0.9290881526297069, 0.9544122615535067, 0.9493247256066822, 0.9524801638885964, 0.9780760899738483, 0.9720252124971039, 0.9079121532487582, 0.8973782773559302, 0.9277178684404032, 0.8987612241882692, 0.9241314466611531, 0.9250129149318004, 0.9241314466611531, 0.8303004450486807, 0.9022741910549834, 0.9034550503761769, 0.9022741910549834, 0.8833270067696893, 0.7100825740694063, 0.8598812047392761, 0.8616995864250291, 0.8598812047392761, 0.5996835759081474, 0.4867515015939979, 0.5743785188371545, 0.7276677917823707, 0.46302547628017343, 0.5274019497205358, 0.5294424391151771, 0.5274019497205358, -0.5983199359591779, 0.8705676621808265, 0.9011161555552251, 0.8827900597334648, 0.9094472658442256, 0.9343613187712709, 0.8687185246053171, 0.870160790303992, 0.8687185246053171, 0.8812590498594809, 0.8812590498594809, -0.17368572731671764, 0.5119110835307604, 0.21293373600373922, -0.5156332079924602, -0.5446416220050966, -0.5484558136765638, 0.0009981121777666454, 0.033691578592934895, 0.28548049648638885, 0.19145408729056976, 0.11404241292285514, 0.08868852800857897, 0.1155448736770278, -0.17737115632659262, 0.10263083753894209, 0.10285082085192669, -0.517827816670938, -0.41384283254187104, -0.17701603252102469, -0.45962680825813756, -0.3427561039036952, -0.3178532865164287, -0.3083956597651602, -0.3178532865164287, -0.16723831982061582, -0.22261923439076753, -0.22261923439076753, -0.5247729778307946, -0.5247729778307946, 0.399482901139048, 0.6685112624930628, 0.878361868382779, 0.8563698951629722, 0.7957484319207468, 0.6763742484229098, 0.7762844094478262, 0.8171732603927117, 0.8173916183547988, 0.8171732603927117], [0.9901208334917145, 0.9746264783074473, 0.9853199786219389, 0.9918313356025318, 0.996523341619101, 0.9901208334917145, 1.0, 0.9970443467493518, 0.9999670749347194, 0.948613718331181, 0.9995366884869706, 0.9999959672420741, 0.9999573589330911, 0.9999920092418353, 0.9999172452881834, 0.9937929039661998, 0.999808915178924, 0.9998245685743967, 0.9998249379620603, 0.9999943461469855, 0.9999963465765437, 0.990951077382171, 0.9747946739085256, 0.9835640662554053, 0.992281042890903, 0.9826940884892756, 0.9709152111819161, 0.9386490492592243, 0.9925153241235053, 0.9921831713634028, 0.9920494664432562, 0.9678062602935005, 0.9992776331932653, 0.9993626058520193, 0.9993333153705118, 0.9997298538522668, 0.9985106697351646, 0.9992438001206929, 0.9981719640460609, 0.9993462856120175, 0.9990857659526201, 0.9990006910376261, 0.9990857659526201, 0.9195770779285974, 0.640380647911855, 0.9201393955944495, 0.8953950456330411, 0.6951112786034768, 0.947518484262918, 0.9121455129039255, 0.9350570639712947, 0.9256518524130897, 0.9361665153158786, 0.9690135705710977, 0.9612306423224787, 0.6965837020822278, 0.8045964168301726, 0.7872646498493558, 0.8333636566866987, 0.7798865886120725, 0.7505557608626384, 0.7798865886120725, 0.7379198976104975, 0.7512845614189229, 0.7537331179002403, 0.7512845614189229, 0.8170079525397058, 0.2733391181445884, 0.49463762400745404, 0.5871893637940176, 0.49463762400745404, 0.5015373094843384, 0.46030856271446613, 0.45955580622707537, 0.5948268497753147, 0.37251538742927637, 0.4000835908489136, 0.34798602921766725, 0.4000835908489136, -0.6531464785230697, 0.792458209911234, 0.7933791186404162, 0.7860748779358063, 0.7213760894465304, 0.8862937486095007, 0.7975831007316045, 0.7999065035904082, 0.7975831007316045, 0.703048024109334, 0.703048024109334, -0.2652541958630978, 0.6678185063810107, 0.2638759542084488, -0.5719067731941219, -0.5987092482753192, -0.6019249293255738, -0.06798080747205802, -0.026909220477585514, 0.3753167362530762, 0.13640762707170082, 0.05931577067925682, 0.127774678615175, 0.09508788357666657, -0.09250112336486009, 0.015428840652223186, 0.015785885324077743, -0.5749270479396598, -0.49951544913184626, -0.021615997784250957, -0.5605342783130638, -0.35205857897308435, -0.3186672074912215, -0.1423336875360213, -0.3186672074912215, -0.26242323229900066, -0.2875327765855032, -0.2875327765855032, -0.6047476519362203, -0.6047476519362203, 0.3542139299309866, 0.6078870794896403, 0.8039094616673143, 0.8097331097466873, 0.7621623854206196, 0.6482652869112276, 0.747419735907705, 0.7698786643398254, 0.7882820282939647, 0.7698786643398254], [0.9853537820379507, 0.9641437279854124, 0.9834092263437272, 0.9875479225073768, 0.9943066764420445, 0.9853537820379507, 0.9970443467493518, 1.0, 0.9994246130179942, 0.9395758666350328, 0.9980328073446326, 0.997869148818903, 0.9992129743975766, 0.9989407444771313, 0.9986202409656117, 0.9860100780999507, 0.9988391803629033, 0.9989977941225412, 0.9990006564601229, 0.9994681526551267, 0.9991149290874047, 0.9908254858544734, 0.9751016104825652, 0.9914227339921782, 0.9921177825501716, 0.9772785309456221, 0.9729645380056521, 0.9366590847381568, 0.988846455394755, 0.992265303380861, 0.9902150379633806, 0.9638645130457818, 0.9980749144412676, 0.9979490503500773, 0.997956605506346, 0.9989504921901644, 0.9955830583803708, 0.9977174597386645, 0.9975040547758685, 0.9978133666116028, 0.9978880382809708, 0.9979194723396142, 0.9978880382809708, 0.9175171066355159, 0.6243505011786026, 0.9215508282378744, 0.8913604855613085, 0.665620653668175, 0.9451122414284138, 0.9047208710831455, 0.9312144441790707, 0.9161630637781865, 0.9281258502316687, 0.9641591584897927, 0.9554304214298427, 0.6794862100010101, 0.7869707030850461, 0.7668446426244753, 0.8215289998976775, 0.7607459803720444, 0.7360088209852539, 0.7607459803720444, 0.7213002557471999, 0.7286432306231438, 0.7381754190453944, 0.7286432306231438, 0.8052536198155771, 0.24957932010824826, 0.4693043372280664, 0.5675527287212518, 0.4693043372280664, 0.4848134371141849, 0.45203069954299707, 0.44080837050849764, 0.5764976312208755, 0.3613983933092986, 0.3864656855518968, 0.3283362337068756, 0.3864656855518968, -0.6533374516347918, 0.7786991225327045, 0.7702710520351582, 0.7676669909042586, 0.7039877209044534, 0.8758901252388118, 0.7845765621932121, 0.7871597709364, 0.7845765621932121, 0.6807583893208123, 0.6807583893208123, -0.2839451775549148, 0.7021954780892529, 0.2727293124078738, -0.5876402974823881, -0.613834975088467, -0.6168463311517864, -0.08434142973324492, -0.03671042996926523, 0.3686251227348725, 0.11650768484909282, 0.04266101351762666, 0.11849220550693187, 0.07905438614402918, -0.09900910089474446, -0.002705629931245701, -0.002332021400773746, -0.588703126258971, -0.5169183810196969, -0.028466988625061633, -0.5812016830717005, -0.3664890165655382, -0.33127268174898394, -0.14860344252195795, -0.33127268174898394, -0.28299707883923164, -0.30334297519346237, -0.30334297519346237, -0.6196143387090379, -0.6196143387090379, 0.32774741361875903, 0.5887679236255037, 0.7935024519001365, 0.7907713294991369, 0.7479755585148657, 0.631195381546327, 0.7305802124933173, 0.7496385567450834, 0.7718538758656789, 0.7496385567450834], [0.9907110695629846, 0.97435704310686, 0.9922557421712342, 0.9928422107296603, 0.9967074002926977, 0.9907110695629846, 0.9999670749347194, 0.9994246130179942, 1.0, 0.9473397719216626, 0.9994733020952877, 0.9999682310101786, 0.9999638601091507, 0.9999732751426494, 0.9999302500709554, 0.998026054175783, 0.9997140770843872, 0.9997600267997576, 0.9997611182972855, 0.9999651682333915, 0.9999655729806544, 0.9941419422829765, 0.977454078199788, 0.9936382109406176, 0.9935773313627647, 0.9824447222631474, 0.9768187390934738, 0.9404731882812202, 0.9910153380671172, 0.9909799042295425, 0.9887084696257088, 0.9629970458012533, 0.9992929395016102, 0.9992541232438684, 0.9991135775378677, 0.9998532793516813, 0.9984150317854812, 0.9992309165954447, 0.9991301673173845, 0.9992266114603708, 0.999131613241896, 0.9991379992366939, 0.999131613241896, 0.919748794530226, 0.6417092476043639, 0.9203533538959131, 0.8956083514530716, 0.6945056269366613, 0.9334518934852634, 0.8864161672030627, 0.9177760344684934, 0.9209954339736949, 0.9323100756853275, 0.9626636789205234, 0.9616094451381089, 0.8417120356545789, 0.8053347922938479, 0.8635629308240967, 0.8341204180746727, 0.861439425589069, 0.8622738752296388, 0.861439425589069, 0.7368051750190517, 0.8041515029664472, 0.8059194730559821, 0.8041515029664472, 0.8183434119050829, 0.7005501598614122, 0.808776263102368, 0.8104353555573228, 0.808776263102368, 0.500497670504332, 0.3179667730591305, 0.4586829138848615, 0.6395653226982184, 0.43325207075119865, 0.3956178128284791, 0.3959792027278085, 0.3956178128284791, -0.634788576928116, 0.7927790384247596, 0.7929507669549801, 0.7860778056340357, 0.8532570547413776, 0.8739050511579585, 0.8040306521194336, 0.8067079068054605, 0.8040306521194336, 0.8126793959042284, 0.8126793959042284, -0.26785207820110934, 0.6691015775925382, 0.09809082300826409, -0.6007125758627785, -0.6428453291999459, -0.6436274873181648, -0.07163797077390247, -0.024921595886281664, -0.13033098886579672, -0.04674461636566538, -0.038376899781168865, -0.3288202551190235, -0.35791027566631256, -0.5350834331448034, 0.013944682272569871, 0.014652649825625952, -0.5769593042087713, -0.50180611458367, -0.4980156510076257, -0.5629125828403648, -0.5932804269363575, -0.5723293441999607, -0.5743205952759735, -0.5723293441999607, -0.2650273895611123, -0.29128912974411986, -0.29128912974411986, -0.7008308399115061, -0.7008308399115061, 0.35449307489851173, 0.6067769610225872, 0.8255078830619816, 0.8023381286063858, 0.7605899743216544, 0.6331305757095752, 0.6482543545559362, 0.7192389440511701, 0.7194090104263869, 0.7192389440511701], [0.9726600042019544, 0.9548534871025287, 0.9341624683062145, 0.9704403400233895, 0.9590942218211062, 0.9726600042019544, 0.948613718331181, 0.9395758666350328, 0.9473397719216626, 1.0, 0.9159859146809333, 0.9486578044265943, 0.9487770431739653, 0.9482845814553343, 0.9475770381163372, 0.9498925902657271, 0.9558273153891151, 0.9548490022168677, 0.9548141538367005, 0.9488152998542415, 0.9488001698255829, 0.9483449818852447, 0.9406685268112012, 0.9507569243811379, 0.950982467496242, 0.7959902214614369, 0.9558850659936314, 0.9504466514353904, 0.9569576647502333, 0.9571042386040982, 0.9553487556378168, 0.9292722585607662, 0.9592897717625831, 0.9595698108572329, 0.9604153093721495, 0.9509883547021761, 0.9290436276576933, 0.9584941611467763, 0.9600574601585236, 0.9598658305629377, 0.960751299925841, 0.9607099211562901, 0.960751299925841, 0.7741648997870291, 0.4393699322650912, 0.7174792836182753, 0.8579948153822538, 0.8414618823965095, 0.8733608157005863, 0.7549663195329736, 0.8508282366037548, 0.8651869240225356, 0.8743994244258436, 0.895715981784, 0.895764231668997, 0.8489867621419855, 0.840314306108433, 0.8766880679507638, 0.8519600606252623, 0.8679007899295277, 0.8688258507527732, 0.8679007899295277, 0.7870739435489492, 0.7652640721919157, 0.7674388342083516, 0.7652640721919157, 0.8441126201028596, 0.8668403670829625, 0.8421521393629976, 0.8430320635865091, 0.8421521393629976, 0.6073712201988385, 0.5271560190141148, 0.6080283744740602, 0.7365072694005085, 0.6274120327503924, 0.6495977172507055, 0.6531367751453482, 0.6495977172507055, -0.2738506914243876, 0.8480502834417423, 0.9129939576858633, 0.8676237929477133, 0.8671372543235863, 0.8786401145678754, 0.8393170215033509, 0.840799958004053, 0.8393170215033509, 0.8522737727002072, 0.8522737727002072, 0.0118233611087198, 0.22849327744323197, -0.06940642049005129, -0.3469811403846538, -0.37929802768041937, -0.3811852671432319, 0.10371918663960678, 0.37483636766175554, 0.13175730253856738, 0.026052072868884616, 0.13762879067773498, 0.044648382516499656, -0.06298625821537847, -0.11742222554965252, 0.2650306139376735, 0.26390927983173534, -0.3315897670997453, -0.27923696359438177, -0.2829224389481406, -0.28566267402623013, -0.35683329181229834, -0.3053783264528356, -0.3072639683838115, -0.3053783264528356, -0.044616241115083506, -0.3233925401380626, -0.3233925401380626, -0.389921042671244, -0.389921042671244, 0.5800784469784237, 0.679667829685442, 0.7607837132016257, 0.6658922522791231, 0.8406776401478848, 0.30170310668266803, 0.39165710857701314, 0.5720880666349574, 0.5723872020133649, 0.5720880666349574], [0.9793835842522702, 0.9768107470766795, 0.9963293137437946, 0.9851857354526624, 0.9946898873784911, 0.9793835842522702, 0.9995366884869706, 0.9980328073446326, 0.9994733020952877, 0.9159859146809333, 1.0, 0.9995339432033358, 0.9995295352615056, 0.999477796376264, 0.9995164808699173, 0.9983598966142432, 0.9995727522247085, 0.9996981048238917, 0.9997036660350678, 0.9995424280673014, 0.9995437307037552, 0.9913923495415234, 0.9567466481100624, 0.9913413491967086, 0.9913118142325489, 0.9863044894238657, 0.9724373916428867, 0.8916067145730674, 0.9887780956599936, 0.9888337424052787, 0.970122260498792, 0.8866576620150641, 0.9985807514012595, 0.9985256997694879, 0.9982931312304804, 0.9992007321372024, 0.9991151188156723, 0.9985547731577733, 0.9983112474127103, 0.9984867101563484, 0.9982394197132685, 0.9982541801421716, 0.9982394197132685, 0.9135527939961424, 0.5204793703231482, 0.9159318694425557, 0.8940329744595917, 0.6967193887189363, 0.8216475445752549, 0.8344105553007846, 0.8089735622460361, 0.8113811056183777, 0.8175082904126321, 0.9213636064944682, 0.9215635783582182, 0.8310617477137322, 0.842322120078546, 0.8041135570520285, 0.80726123569356, 0.8143811913889241, 0.8154725925579137, 0.8143811913889241, 0.6236014999841271, 0.5782082393652969, 0.580711113664525, 0.5782082393652969, 0.8434517676169527, 0.8539933416878507, 0.8414979870005245, 0.8432380594071588, 0.8414979870005245, 0.2635743862576379, 0.1966943360851239, 0.3259110415897653, 0.44698382219529564, 0.31301020879536556, 0.3675758722339988, 0.3708792308231713, 0.3675758722339988, -0.4061688504231854, 0.7414085270482236, 0.7977397160679505, 0.7749462493816184, 0.8408654998619887, 0.8372480777339071, 0.732948263359791, 0.7335958445335519, 0.732948263359791, 0.7490227537506132, 0.7490227537506132, -0.3320772417215498, 0.65958059039545, -0.3938951747064428, -0.5423895932866917, -0.5427895417320706, -0.5449799619662358, -0.3362532662156366, 0.12976758624040083, -0.2499107855026278, -0.4017008443549417, -0.2598589359412484, -0.32128440371343464, -0.35576763886159013, -0.38656133280001154, -0.0021001665352272146, -0.006391230984155156, -0.5525988079148366, -0.5149109562087892, -0.5327395307763558, -0.5672475546074693, -0.5616203260588715, -0.5368345799192665, -0.5397598351835161, -0.5368345799192665, -0.4392989841210584, -0.5939570209885578, -0.5939570209885578, -0.6030420408701358, -0.6030420408701358, 0.349391162241913, 0.36817142528059993, 0.4709913202704675, 0.5551404029254889, 0.5560788119473549, 0.16589279270941923, 0.3089512400567381, 0.332536686118602, 0.33274227380959565, 0.332536686118602], [0.990168545966059, 0.9746795298237473, 0.9852708550794574, 0.9918660499972851, 0.9965426453876851, 0.990168545966059, 0.9999959672420741, 0.997869148818903, 0.9999682310101786, 0.9486578044265943, 0.9995339432033358, 1.0, 0.9999625818702647, 0.9999939930643953, 0.9999227219445672, 0.9946428866284998, 0.9998111353315448, 0.9998260905427022, 0.9998263891656429, 0.9999960820225265, 0.9999969910882301, 0.9909056151661582, 0.9747631472429363, 0.9891675339396849, 0.9922551782055576, 0.9826719142573934, 0.970819301196711, 0.9385920244706506, 0.9925065896791729, 0.9921967372066272, 0.9920415755517102, 0.967831784956644, 0.9992801399265162, 0.9993677431194081, 0.9993426541436045, 0.9997355056746161, 0.9985145981271409, 0.9992539950845716, 0.9981763717979926, 0.9993541135483008, 0.9990906483945567, 0.9990039805362564, 0.9990906483945567, 0.9196130208676847, 0.6405630959638445, 0.9204278515558638, 0.8956786655221323, 0.695307833271954, 0.9475656762814795, 0.9123509030297821, 0.9351452634914424, 0.9257489858860287, 0.9362481934227819, 0.9691178712599535, 0.9613144029957238, 0.6965089207728802, 0.8047627605953634, 0.7873808109705291, 0.8334858081537367, 0.7800012411675442, 0.7504888761457011, 0.7800012411675442, 0.7379924278578566, 0.751349727144362, 0.7536613341946218, 0.751349727144362, 0.8171744012489789, 0.2731963217414383, 0.49464782272816593, 0.587088502980869, 0.49464782272816593, 0.501473010302166, 0.4602171426120599, 0.45950202351870656, 0.5948609294030999, 0.37238696210074457, 0.40017977784685815, 0.34802956268391133, 0.40017977784685815, -0.6532963010008834, 0.7925296694071065, 0.7935314967206548, 0.7861783449759834, 0.7213660842452777, 0.8864038831100954, 0.7976729318034482, 0.7999903057523814, 0.7976729318034482, 0.7031326590521166, 0.7031326590521166, -0.26524296493321264, 0.6678363670159394, 0.2640030371257211, -0.5718628162886698, -0.5986148726812608, -0.6018366538803719, -0.06805431721842377, -0.027071637735581244, 0.3755012946242433, 0.1364448315514681, 0.059269462568822116, 0.12805609476889399, 0.09534756877064514, -0.09218455782131825, 0.015461751408854188, 0.015834318783406003, -0.5749103136002734, -0.4995399638800262, -0.021343446584150147, -0.5605070869457813, -0.3517786177537689, -0.3184152345767186, -0.14210440919572973, -0.3184152345767186, -0.26226631195217426, -0.28748135805964675, -0.28748135805964675, -0.604607553895553, -0.604607553895553, 0.35476844479937675, 0.608062752952487, 0.8039492172393643, 0.8100124643044614, 0.7622688985149405, 0.6485344099686214, 0.7475686531504209, 0.7701476354620527, 0.7884098615037822, 0.7701476354620527], [0.9903291219122117, 0.9746312012713211, 0.9827679325922752, 0.9919543161861207, 0.996643343941864, 0.9903291219122117, 0.9999573589330911, 0.9992129743975766, 0.9999638601091507, 0.9487770431739653, 0.9995295352615056, 0.9999625818702647, 1.0, 0.9999669512136593, 0.9999106319278043, 0.997494906383595, 0.9998068356799605, 0.9998678128191979, 0.999868396474548, 0.9999829072008426, 0.9999616856023076, 0.9904456432319264, 0.9745728051858825, 0.9929870238705016, 0.9929476350814402, 0.9826398374193525, 0.9704382519039128, 0.9385173133400551, 0.9932806894793336, 0.9932983190572349, 0.9918033755090527, 0.9676332655671496, 0.9995047620637635, 0.9993717232341789, 0.999399281821379, 0.9998830618495823, 0.9985129368168312, 0.999261319531735, 0.9992147706081242, 0.9993644146207746, 0.999375385096967, 0.9993794420961009, 0.999375385096967, 0.919725560494768, 0.6407248577513254, 0.9204572331136717, 0.8956899401897098, 0.6953251334398862, 0.9514347678411278, 0.9098212426715104, 0.9366780678358166, 0.9258343999390343, 0.9362467774259066, 0.9688408765444502, 0.9613854456951783, 0.6512110912384057, 0.8044726133512468, 0.7861441429303786, 0.8339465790854612, 0.7789505663429002, 0.7239247114988632, 0.7789505663429002, 0.7379128603792047, 0.7416058739564262, 0.7459311447843483, 0.7416058739564262, 0.8176242286151325, 0.2035015074917019, 0.48207663093707426, 0.48782714710943254, 0.48207663093707426, 0.5016241323457293, 0.353987259070951, 0.459751499243703, 0.5943671302595399, 0.37260659028170906, 0.3673909255812834, 0.34766834649011535, 0.3673909255812834, -0.6534866854279037, 0.7930056320834921, 0.7935027795904803, 0.7859386673663512, 0.6622157292039039, 0.8868863102362701, 0.7981896174426355, 0.8005018352921528, 0.7981896174426355, 0.701619433650236, 0.701619433650236, -0.26491151125125056, 0.6677166746494128, 0.2676006499462366, -0.5717068854796536, -0.5982810318722783, -0.6015029983853156, -0.06843116471523927, -0.026970131465149455, 0.3274289866633874, 0.13662140874761491, 0.059020633541260616, 0.1314703355536829, 0.09772559606138775, -0.10242127851003482, 0.015581945514946067, 0.015958068098704016, -0.5750742088032649, -0.4996163979155175, -0.08704897382799662, -0.5602250449812315, -0.34975921608729665, -0.31617159000179273, -0.22927187853345968, -0.31617159000179273, -0.2618042875557272, -0.2885805145380339, -0.2885805145380339, -0.6038689682823656, -0.6038689682823656, 0.3548999393037678, 0.6082431389046251, 0.7887413377460627, 0.8100688767173397, 0.7626641443341304, 0.6482763410546107, 0.705538845037996, 0.7579166385507247, 0.7580970660124035, 0.7579166385507247], [0.9902386674306223, 0.9744236973235478, 0.9850357425131018, 0.9919065196148072, 0.9965763295302635, 0.9902386674306223, 0.9999920092418353, 0.9989407444771313, 0.9999732751426494, 0.9482845814553343, 0.999477796376264, 0.9999939930643953, 0.9999669512136593, 1.0, 0.9999353593413814, 0.9973511006080329, 0.9998014762776813, 0.9998293838740074, 0.9998295660805284, 0.9999939770907805, 0.9999941752398398, 0.990757657231348, 0.9746605271915049, 0.9928156679825662, 0.9926941000082283, 0.9825363536540833, 0.9704793359398362, 0.9382042932562251, 0.9932381950723838, 0.9932835354653327, 0.9920809436286494, 0.9680153747733841, 0.9993322521504774, 0.9993664239319043, 0.9993748351900658, 0.9997741924925003, 0.9984431229574096, 0.9992573337651223, 0.9984973039481195, 0.9993629989668555, 0.9991411526614915, 0.9990620549117945, 0.9991411526614915, 0.9198698256910496, 0.6413356469330743, 0.9207646805576133, 0.895991748349831, 0.6949190544739855, 0.9481553989050643, 0.9131116042633023, 0.9357776109763601, 0.9261694066470744, 0.9366331855156036, 0.9695534687964069, 0.9617087116501354, 0.6968112975188574, 0.8050528401135614, 0.7873008941893817, 0.8337684494927077, 0.7799654656399773, 0.7501121248755299, 0.7799654656399773, 0.7381964294271768, 0.7512993362041251, 0.7540973183005233, 0.7512993362041251, 0.8175520546068996, 0.2724881954226771, 0.4941077795991151, 0.5871339656926701, 0.4941077795991151, 0.5012866368629094, 0.46078204478392376, 0.4593853946168603, 0.5946023139952923, 0.3719654831197473, 0.4002113840880118, 0.34766290249627463, 0.4002113840880118, -0.6536864533674205, 0.7926714285944136, 0.7930513492289586, 0.7862647363119871, 0.7106325309914143, 0.8866877725421177, 0.7978118330226226, 0.8001176502703179, 0.7978118330226226, 0.7029300286949679, 0.7029300286949679, -0.2670485285497511, 0.6688616010048876, 0.26452922142758833, -0.5724150547065507, -0.5990296657973204, -0.602256718616152, -0.06931862240099781, -0.028414065836846983, 0.375794133698737, 0.13593957739612472, 0.05836601850917362, 0.12811721733121675, 0.09540791438555507, -0.09203627426310419, 0.014331956335351951, 0.014699622233012796, -0.5756076410290889, -0.5006347908895508, -0.020749699920141328, -0.562020217832943, -0.35164952611378547, -0.31835970139688924, -0.14153366533982137, -0.31835970139688924, -0.2633581139191614, -0.28799540853087496, -0.28799540853087496, -0.6047072178500602, -0.6047072178500602, 0.35493898375647354, 0.6077370141363216, 0.8044854302720447, 0.8104730844148446, 0.761687496462121, 0.6493260054965845, 0.7483580341115034, 0.7705471390458806, 0.7890187621906741, 0.7705471390458806], [0.9902921303458325, 0.9735470868607471, 0.9849323408579377, 0.9919483360335393, 0.9965788393414472, 0.9902921303458325, 0.9999172452881834, 0.9986202409656117, 0.9999302500709554, 0.9475770381163372, 0.9995164808699173, 0.9999227219445672, 0.9999106319278043, 0.9999353593413814, 1.0, 0.9974677843802922, 0.9996962073509642, 0.9997774346557783, 0.9997786023797545, 0.9998997047279071, 0.9999185475052866, 0.990520750281817, 0.974408915810647, 0.9920910849373705, 0.9917284617487081, 0.9825550035395327, 0.9701919420910629, 0.9381017398301431, 0.9923514189708565, 0.9923581484128525, 0.9914722610519794, 0.9670699586144871, 0.9993408736383239, 0.9992160920077169, 0.9993125146323256, 0.9997607568789059, 0.9983487531756056, 0.999233047774904, 0.9984813532891061, 0.9992386466413673, 0.9991564167068132, 0.9990912125632381, 0.9991564167068132, 0.9185739968562677, 0.6416348629722493, 0.9196358352980939, 0.8949052576447817, 0.6919761951776174, 0.9487255420614032, 0.9139833403946852, 0.9367609193458509, 0.9256293742179856, 0.9359382053253474, 0.969923583190203, 0.9612746799666415, 0.6981282205817199, 0.8036030489526547, 0.7875375468449032, 0.8334351972739387, 0.7802024899565703, 0.752408730455308, 0.7802024899565703, 0.736195402703632, 0.7507319633952867, 0.7552674034247587, 0.7507319633952867, 0.8175468842509128, 0.27237347286379626, 0.4936516082652272, 0.5885728482135996, 0.4936516082652272, 0.49989966642057426, 0.4624951038362437, 0.4577207838043123, 0.5941383690750827, 0.37048945062522215, 0.40071731322070914, 0.34791721635279466, 0.40071731322070914, -0.6542185879097704, 0.7920132269849444, 0.7917237603243998, 0.7852685883989449, 0.7233921961045561, 0.8870141055469689, 0.7973245297930049, 0.7998933135480504, 0.7973245297930049, 0.7030117259725362, 0.7030117259725362, -0.2676892452673566, 0.6717340058583003, 0.2651361764887101, -0.5726352840101604, -0.5990587932666933, -0.6019636160322394, -0.07134031930351502, -0.02999000044909431, 0.37715500339680724, 0.13551131093826466, 0.05722115590973265, 0.12913987407049865, 0.09654383682540352, -0.0905470863476667, 0.01336614409318986, 0.014064009215673417, -0.5769566083913947, -0.5021805080386903, -0.01888923620950587, -0.5630614515748582, -0.3507208457602594, -0.3174439650025899, -0.14008049950533968, -0.3174439650025899, -0.26361038169789813, -0.29088801981581164, -0.29088801981581164, -0.6045560569546304, -0.6045560569546304, 0.3519526491692077, 0.6055068315396023, 0.8055861450096966, 0.811234310736672, 0.7600045325210816, 0.6482948856692088, 0.7501187908920864, 0.7713098580880025, 0.7904529382403572, 0.7713098580880025], [0.9931722220002001, 0.9833002773191555, 0.9880853188619103, 0.9948075038351787, 0.9976603495094427, 0.9931722220002001, 0.9937929039661998, 0.9860100780999507, 0.998026054175783, 0.9498925902657271, 0.9983598966142432, 0.9946428866284998, 0.997494906383595, 0.9973511006080329, 0.9974677843802922, 1.0, 0.9981050764023339, 0.9977172143450371, 0.9977147446830419, 0.9977951160090193, 0.9972815512154156, 0.9913607602065984, 0.9772200437053957, 0.9698377630784184, 0.9871929488988976, 0.9868983080969722, 0.9717728717181595, 0.9472100805791747, 0.9915580984074666, 0.9893505471093653, 0.9882644903094008, 0.9657523318298968, 0.9974874489750181, 0.997496017077995, 0.9973099276126808, 0.9972997390437911, 0.9984675067921746, 0.9980221138790292, 0.9973039845661725, 0.9977324184882345, 0.9974127198181147, 0.9973901131169515, 0.9974127198181147, 0.9102897950015575, 0.6512960243689231, 0.9128300258415554, 0.8985216577046741, 0.7183791283030541, 0.95041