var config = { responsive: true }

var correlationClose = {"data": [{"type": "heatmap", "z": [[1.0, 0.9999812819579639, 0.5434990482671735, 0.999691817192446, 0.997310702349257, 1.0, 0.9903289964447747, 0.9856563933504041, 0.990936107001941, 0.9725068088002282, 0.9801408774526372, 0.9903757483315485, -0.14488356833254182, 0.9904445290171453, 0.9904957911478401, 0.9932986381337651, 0.5015718728167702, 0.9915137040171879, 0.9915005234888437, 0.9832195576890144, 0.9903645406579809, 0.44424055458344697, 0.6427897648624478, 0.9766762818300284, 0.9766502254018585, 0.9535425355053849, 0.28679959370619906, -0.1274398033867075, 0.9898687906814039, 0.989831284937417, 0.2630374214156535, -0.21491588100576314, 0.9934244118964448, 0.9943391245682197, 0.8002505438105468, -0.39565729674643485, 0.9863043627680592, 0.994037985143959, 0.9939752402930346, 0.48455468248493405, 0.9936262366701828, 0.9936125955352212, 0.9936262366701828, 0.8934119096688815, 0.6835715110046822, 0.8587816116558675, 0.8824368135436488, 0.8009154827689028, 0.3985544756968965, -0.11650145227112418, 0.194725569387743, 0.9476969834110104, 0.49144826506076433, 0.9776508986856528, 0.9715913892325333, 0.909910272216559, 0.9012023293181667, 0.9292594650913442, 0.9016026998891752, 0.9257508167880518, 0.9266063058945407, 0.9257508167880518, 0.8340002773319543, 0.9031340825805908, 0.9042896447199058, 0.9031340825805908, 0.8868121069853695, 0.7171443597212922, 0.8630465433238377, 0.8648104441166936, 0.8630465433238377, 0.6034334245578358, 0.29867093077814794, 0.5789152893477215, -0.6008092988961613, 0.4694230267092874, 0.5312694499064229, 0.5329820640074848, 0.5312694499064229, -0.09266289393291115, 0.8741092569204503, 0.9049871962761042, 0.8866729978841336, 0.911417302636118, 0.5102345400503572, 0.8719709392138314, 0.8733427692153962, 0.8719709392138314, 0.8836631910651704, 0.8836631910651704, -0.17181126212791348, 0.5227564240594742, 0.2057541718427937, -0.5199496080986167, -0.5506480537199014, -0.5543725615076249, -0.012177354280432316, 0.03891750590070362, 0.27702064640038243, 0.17475051899361904, -0.3260249182467678, 0.07861571934251615, -0.789383618232229, -0.18758385641996086, 0.10769403610862119, 0.1079042007278685, -0.5254937126127118, -0.6099866754337596, -0.18814119216702835, -0.4689544605988122, -0.8306465667012003, -0.3277820584391695, -0.31851809782445534, -0.3277820584391695, -0.17278506376979538, -0.23278169708462712, -0.23278169708462712, -0.8198867343554019, -0.8198867343554019, 0.4033133048888061, 0.6656575253787022, 0.8770075362292789, 0.8555448205907012, 0.7947416489203998, -0.2230533711617852, 0.7741942473190095, 0.8148135860088173, 0.815049825123718, 0.8148135860088173], [0.9999812819579639, 1.0, 0.9657503463506364, 0.9991329045674285, 0.9930302439473667, 0.9999812819579638, 0.9755818987595117, 0.9655455159654667, 0.9753318858640594, 0.95534430648831, 0.9776994592905074, 0.9756408770062868, 0.9755949059710538, 0.9753917104257875, 0.9745516975970479, 0.9839322635683522, -0.2033866722199065, 0.9815892809008806, 0.9815575847549207, 0.9757153832486987, 0.9757046147959879, -0.1722614114445857, 0.9645684192027383, 0.9679345222210516, 0.96801739802771, 0.9538306013863413, -0.020412435324371966, 0.14161996033319457, 0.974225036935086, 0.974310451490016, 0.9699149771132518, 0.11431698146436255, 0.9862477867327438, 0.9863532774716867, 0.9871890960472672, 0.9781521845293356, 0.9844297323794082, 0.9862392741721924, 0.9869501500816723, -0.2106005512792162, 0.9873108771181716, 0.9872872528808325, 0.9873108771181716, 0.8936841025378158, 0.5842951540887067, 0.8597221714210311, 0.8833408442771047, 0.8001839789427297, -0.4520917867425375, -0.5550422375243398, 0.8432879852756756, 0.8634699277773823, -0.14217477101161985, 0.9356172298252419, 0.9356591058472257, 0.9145979302526743, 0.9256146031891376, 0.9010237356483997, 0.9006604240775539, 0.9082423075911356, 0.9090495960838281, 0.9082423075911356, 0.7563923840987282, 0.7156577630902845, 0.7176620448599269, 0.7156577630902845, 0.9192731453778332, 0.9249464704229798, 0.9189970560266041, 0.9203483255235652, 0.9189970560266041, 0.4152341188259588, 0.35942698170948373, 0.48218870113185636, 0.5849514035603788, 0.4602371532339543, 0.5051674999843698, 0.5060682797949909, 0.5051674999843698, -0.20562027791407464, 0.8536039156024022, 0.8928813380587505, 0.8780212145894108, 0.9223169491765166, 0.003955227839819102, 0.8467911445629224, 0.8471986725266557, 0.8467911445629224, 0.8589944549223639, 0.8589944549223639, -0.27836847017180805, 0.5225768102515332, -0.3801574971906529, -0.6080395764064622, -0.4621719390012187, -0.4656460823580256, -0.28060801834285776, 0.20789119226798353, -0.19602049851242848, -0.3602742590017627, -0.5375430361782549, -0.26266698361185614, -0.5024531791213811, -0.31591445864840334, 0.08155902151228965, 0.07639711527800401, -0.4782816691676439, -0.43122281805608553, -0.45897892383996125, -0.4887300965058923, -0.4812289819086728, -0.4617766600861792, -0.46500183881974116, -0.4617766600861792, -0.35526922210716017, -0.48566542040743493, -0.48566542040743493, -0.4633537850589587, -0.4633537850589587, 0.40327393375164755, 0.4306289741559077, 0.5258125360721468, 0.6108453530813045, 0.586749665047403, -0.3730906834602996, 0.40057772971128164, 0.39353490166285376, 0.3936516215042044, 0.39353490166285376], [0.5434990482671735, 0.9657503463506364, 1.0, 0.5362202547929985, 0.41253099338824883, 0.5434990482671734, 0.533877942221948, 0.5212096642758022, 0.42072656974827893, 0.35776496935915547, 0.9964315495878907, 0.53390773126778, 0.5204761578169895, 0.5342756529222027, 0.536539539314668, 0.5740048760349966, -0.07454360756396611, 0.474642316174536, 0.47386320663188747, 0.42259503742343535, 0.5329114055259786, 0.20064614060900193, 0.6747783160802924, 0.49760314156024116, 0.49731184249987154, 0.9809230347467877, 0.27043798711479555, 0.18314183293312267, 0.5016901324282086, 0.5011770860686636, 0.7724576138339146, 0.0042425492599461835, 0.5328385298732025, 0.4210722985194632, 0.5264653313327731, 0.37618747645986117, 0.9935727733906377, 0.40642146896464915, 0.5356745586362072, -0.0799784953550698, 0.5488279381575037, 0.5310976970024655, 0.5488279381575037, 0.9013317335673539, 0.3942962339747072, 0.9026998242120564, 0.8679050874987019, 0.6498271841293792, 0.20226100592901955, 0.005753854499674241, 0.06403301833331224, 0.4020776206936633, -0.06042868388850681, 0.4951394718716709, 0.4213023174039287, -0.08624717980436819, 0.659248867959477, 0.6235431852528295, 0.44242670487168956, 0.6296046169225135, 0.7020623506794186, 0.6296046169225135, 0.2867554932705788, 0.5243686056592449, 0.6328272495494075, 0.5243686056592449, 0.5224811324630113, 0.609112192574996, 0.6460535459390541, 0.7242816494462379, 0.6460535459390541, 0.1673803852837128, -0.08014778288315602, 0.18766476382865296, 0.16552982067771455, 0.18678706238796938, 0.26658795376821043, 0.3798608115448867, 0.26658795376821043, -0.16648095731423931, 0.3961110219118018, 0.7850623848415459, 0.48227062602165566, 0.718917567200665, 0.12837421074624772, 0.46940057270607666, 0.46983884303087575, 0.46940057270607666, 0.6105120099961568, 0.6105120099961568, -0.3028050673784088, 0.7094670402390038, -0.23522894558546922, -0.495412114089163, -0.36861211707879893, -0.3722779174988258, -0.3785012969387602, -0.008687571919757603, 0.02815794955629063, -0.23558517353506706, -0.4788888654333323, -0.12306836325820855, -0.1996798424845284, -0.19082514632188782, -0.04622513646032929, -0.05006020820387925, -0.4282571476981245, 0.03162013975370676, -0.20223624283361546, -0.46503632519240073, -0.08732594413278193, -0.3375423836950701, -0.21317891317883952, -0.3375423836950701, -0.4276317781703701, -0.49328516724445415, -0.49328516724445415, -0.22105324443301602, -0.22105324443301602, 0.32150958756119835, 0.12104809987569713, 0.2329131537353122, 0.48057039986089145, 0.19498022444878538, -0.28254432017447784, -0.04085722403774453, 0.44232463600678956, 0.5598172373695541, 0.44232463600678956], [0.999691817192446, 0.9991329045674285, 0.5362202547929985, 1.0, 0.99853849968388, 0.9996918171924458, 0.9920078907210869, 0.9878219539764977, 0.9930129470945198, 0.970229401938304, 0.9857081605984634, 0.9920424695636947, -0.14968875383780267, 0.9920818848603873, 0.992122708303345, 0.9949169671128222, 0.48760776784422416, 0.9929543739872817, 0.9929425651293782, 0.9837436863482213, 0.9920222793500079, 0.43530725855474356, 0.6459127962065626, 0.979739185033546, 0.9797140583131819, 0.9657608241290135, 0.28145249257788785, -0.13511195251743088, 0.9897192671099758, 0.9896932614996481, 0.25423897730433587, -0.21601681330033284, 0.9942830644495427, 0.9955208424216989, 0.7575638262017595, -0.4017899814025237, 0.990404161723267, 0.9954687525093926, 0.9946435123906872, 0.47019875996736216, 0.9917309381008009, 0.9943695752943256, 0.9917309381008009, 0.8922534047557099, 0.6707792280572515, 0.8679901258107962, 0.8777011311791962, 0.7772251349843177, 0.39287047101795786, -0.12276482041162108, 0.18789032406537132, 0.9418996949671352, 0.47528543962423886, 0.9733672909213483, 0.9687836672757679, 0.8842440326218286, 0.8911370307672651, 0.9133644761598501, 0.8959652463076079, 0.9048970567474167, 0.9060828319979385, 0.9048970567474167, 0.823314170873178, 0.8889797292202333, 0.8902531809462919, 0.8889797292202333, 0.8817842126871429, 0.6461258343028876, 0.8161589836994694, 0.8179773229168764, 0.8161589836994694, 0.5927284873996075, 0.0957309347754824, 0.5660937566432678, -0.6062725551739285, 0.4622313569638548, 0.2751434236857033, 0.5002129952012001, 0.2751434236857033, -0.09974816719526741, 0.866650324907024, 0.8927716483056414, 0.8754588454267421, 0.8830973886652145, 0.4972063569824397, 0.8656105691980259, 0.867165253213386, 0.8656105691980259, 0.8601039589362568, 0.8601039589362568, -0.17864464147919892, 0.5530384104821132, 0.21049817971781884, -0.5311913964708004, -0.5588765135455976, -0.5625061604150672, -0.025151488144884198, 0.03288187326019647, 0.2696402907864668, 0.16189946782395795, -0.3394984506848288, 0.07174029909919352, -0.7966502838051707, -0.19584828279294902, 0.09586176372238651, 0.0961184887223437, -0.5334069855038225, -0.6069854740279277, -0.19017275120113844, -0.48223489458192625, -0.8334840333321936, -0.329841842174711, -0.32114382057606705, -0.329841842174711, -0.18280075972710313, -0.24349544986436808, -0.24349544986436808, -0.8204916317420041, -0.8204916317420041, 0.3876047907714707, 0.6533885424711369, 0.8695322643086654, 0.8481193366348644, 0.7873889447744684, -0.23715106630478922, 0.765396541927389, 0.806336144230573, 0.8065834886345703, 0.806336144230573], [0.997310702349257, 0.9930302439473667, 0.41253099338824883, 0.99853849968388, 1.0, 0.997310702349257, 0.9965843161455008, 0.9944448383852103, 0.9967705574129117, 0.9590826240695622, 0.9948436103794224, 0.9966055367698389, -0.3678353525602591, 0.996637652447175, 0.996642966348098, 0.9977213077325822, 0.29944587625201935, 0.9972163428867649, 0.9972096137226727, 0.9855194458805532, 0.9965931229034796, 0.060350296113887175, 0.5987968656262953, 0.989888032891072, 0.9898413975243548, 0.9819613944017426, 0.015397172194897427, -0.12201355532409741, 0.9880915561456538, 0.9880387539993083, -0.07294858216190142, -0.11573993063198114, 0.9976561320120882, 0.9976006750769602, 0.7282174572721131, -0.5509524743625132, 0.9969121440629641, 0.9978229614543416, 0.9979252808512724, 0.2760333743265813, 0.9976261793192729, 0.9976254229202534, 0.9976261793192729, 0.9083602274385989, 0.632000480406584, 0.892432575120904, 0.8807075141727899, 0.740646782159414, -0.09084603367063444, -0.5732913867364409, -0.24004823395738129, 0.9268153561443294, 0.33334561805544727, 0.9665770562188305, 0.9666628709092613, 0.8757113225988216, 0.8661332569987213, 0.8960181689383259, 0.8794238206257434, 0.8938736685234318, 0.8943811606029478, 0.8938736685234318, 0.7906865312592586, 0.8264015188591468, 0.8279123055193126, 0.8264015188591468, 0.8670700980852231, 0.7509585251249951, 0.8466179945057456, 0.8477627592199977, 0.8466179945057456, 0.5406801611486912, 0.40222365175108526, 0.522660266093087, -0.6588240257189094, 0.5171055659520352, 0.4934584856197961, 0.49326798107900016, 0.4934584856197961, -0.11922688860835892, 0.8434518340984264, 0.8579903911446745, 0.8445580137829555, 0.8863888857660494, 0.3616410551802288, 0.8454409581492737, 0.8469435794527578, 0.8454409581492737, 0.8540140412680832, 0.8540140412680832, -0.2240971420738553, 0.6189163472219098, 0.06491781710754761, -0.5676282351332265, -0.6199982064928862, -0.6203737596653717, -0.06282045268025595, 0.05353774150450694, -0.13059561655251634, -0.09117278047740617, -0.432702146527578, -0.3047077853492473, -0.8665101015644895, -0.5013538061020565, 0.05994923302738259, 0.060036734874064045, -0.5659094058389205, -0.5982659593490672, -0.4959677477644971, -0.5283890392710492, -0.8041086045676892, -0.5546239724020732, -0.5571598090255141, -0.5546239724020732, -0.2291673387827858, -0.2842856208158431, -0.2842856208158431, -0.7703071885842355, -0.7703071885842355, 0.36421230524184073, 0.6309513973698984, 0.8177129839170597, 0.791243565414044, 0.7738663026030844, -0.3798231692090155, 0.6142939795547315, 0.6973505377797385, 0.6977442276213897, 0.6973505377797385], [1.0, 0.9999812819579638, 0.5434990482671734, 0.9996918171924458, 0.997310702349257, 1.0, 0.9903289964447747, 0.9856563933504041, 0.990936107001941, 0.9725068088002282, 0.9801408774526372, 0.9903757483315485, -0.14488356833254182, 0.9904445290171453, 0.9904957911478401, 0.9932986381337651, 0.5015718728167702, 0.9915137040171879, 0.9915005234888437, 0.9832195576890144, 0.9903645406579809, 0.44424055458344697, 0.6427897648624478, 0.9766762818300284, 0.9766502254018585, 0.9535425355053849, 0.28679959370619906, -0.1274398033867075, 0.9898687906814039, 0.989831284937417, 0.2630374214156535, -0.21491588100576314, 0.9934244118964448, 0.9943391245682197, 0.8002505438105468, -0.39565729674643485, 0.9863043627680592, 0.994037985143959, 0.9939752402930346, 0.48455468248493405, 0.9936262366701828, 0.9936125955352212, 0.9936262366701828, 0.8934119096688815, 0.6835715110046822, 0.8587816116558675, 0.8824368135436488, 0.8009154827689028, 0.3985544756968965, -0.11650145227112418, 0.194725569387743, 0.9476969834110104, 0.49144826506076433, 0.9776508986856528, 0.9715913892325333, 0.909910272216559, 0.9012023293181667, 0.9292594650913442, 0.9016026998891752, 0.9257508167880518, 0.9266063058945407, 0.9257508167880518, 0.8340002773319543, 0.9031340825805908, 0.9042896447199058, 0.9031340825805908, 0.8868121069853695, 0.7171443597212922, 0.8630465433238377, 0.8648104441166936, 0.8630465433238377, 0.6034334245578358, 0.29867093077814794, 0.5789152893477215, -0.6008092988961613, 0.4694230267092874, 0.5312694499064229, 0.5329820640074848, 0.5312694499064229, -0.09266289393291115, 0.8741092569204503, 0.9049871962761042, 0.8866729978841336, 0.911417302636118, 0.5102345400503572, 0.8719709392138314, 0.8733427692153962, 0.8719709392138314, 0.8836631910651704, 0.8836631910651704, -0.17181126212791348, 0.5227564240594742, 0.2057541718427937, -0.5199496080986167, -0.5506480537199014, -0.5543725615076249, -0.012177354280432316, 0.03891750590070362, 0.27702064640038243, 0.17475051899361904, -0.3260249182467678, 0.07861571934251615, -0.789383618232229, -0.18758385641996086, 0.10769403610862119, 0.1079042007278685, -0.5254937126127118, -0.6099866754337596, -0.18814119216702835, -0.4689544605988122, -0.8306465667012003, -0.3277820584391695, -0.31851809782445534, -0.3277820584391695, -0.17278506376979538, -0.23278169708462712, -0.23278169708462712, -0.8198867343554019, -0.8198867343554019, 0.4033133048888061, 0.6656575253787022, 0.8770075362292789, 0.8555448205907012, 0.7947416489203998, -0.2230533711617852, 0.7741942473190095, 0.8148135860088173, 0.815049825123718, 0.8148135860088173], [0.9903289964447747, 0.9755818987595117, 0.533877942221948, 0.9920078907210869, 0.9965843161455008, 0.9903289964447747, 1.0, 0.9970867363075193, 0.999967159784476, 0.9491798947151735, 0.9995521428309315, 0.9999960142337757, -0.16326954260410392, 0.9999921256332527, 0.9999186814980481, 0.993902274529594, 0.4353674526124349, 0.9998282776191783, 0.999828415417183, 0.9880748197767757, 0.999996244579317, 0.339185161438432, 0.6471289955558636, 0.9837735159778637, 0.9837088289439426, 0.9835889413567206, 0.20092167789334908, -0.19563096596630855, 0.9924090418028609, 0.9920970207500087, 0.15182565729231795, -0.267442278188345, 0.9992820237474389, 0.9993690997060973, 0.3274786785476467, -0.33218569894475813, 0.9985566470791718, 0.9992577848897009, 0.9981929553798153, 0.41634062922848414, 0.928047863940229, 0.9990062732618229, 0.928047863940229, 0.9164229774646724, 0.6332479651080416, 0.9168811091431777, 0.8892731500676604, 0.6897254847775225, 0.42090297457531084, -0.06678642729547349, -0.21232485788551506, 0.9244783183497803, 0.4314319169644948, 0.9687267917984007, 0.9610525114801053, -0.09642824139829143, 0.8116690775213152, 0.7916780398398571, 0.8380134281561378, 0.7844029079363811, 0.7541966484574197, 0.7844029079363811, 0.7438283301797428, 0.754246365370669, 0.7556046096766252, 0.754246365370669, 0.8226197271904069, 0.28399723564017626, 0.5039480893408966, 0.5936125482347276, 0.5039480893408966, 0.5068520790015996, -0.3654762467658201, 0.46605524294951195, -0.6704122171819457, 0.3803006939374098, -0.13696407073020636, 0.3528820749014536, -0.13696407073020636, -0.1454479614744858, 0.7980192765962268, 0.8012195248048208, 0.7929350926146321, 0.7255699120594946, 0.4433480950937502, 0.8025507937483528, 0.804761119868373, 0.8025507937483528, 0.7086773166135378, 0.7086773166135378, -0.262013634723223, 0.6735911381848192, 0.2598069743694876, -0.553591065617153, -0.6038247357930573, -0.6069594220013903, -0.07986273317362647, -0.02095720986397474, 0.36907934506845674, 0.12061992749769444, -0.3713247408819554, 0.11932194633918645, -0.8248559024740226, -0.10174665203254536, 0.021632447599442047, 0.021968691288143317, -0.5815266492607787, -0.6123475603491739, -0.03178714961864119, -0.567463842042787, -0.8459532536063634, -0.3278958579005533, -0.1524134848677688, -0.3278958579005533, -0.26639040092737826, -0.29641556036161937, -0.29641556036161937, -0.8404250310497495, -0.8404250310497495, 0.3601043364961273, 0.6061720253831712, 0.4940079226628023, 0.8094738091915958, 0.761917264177905, -0.2983294556332155, 0.05873198801644181, 0.768376911646345, 0.786852586018837, 0.768376911646345], [0.9856563933504041, 0.9655455159654667, 0.5212096642758022, 0.9878219539764977, 0.9944448383852103, 0.9856563933504041, 0.9970867363075193, 1.0, 0.9994369042242099, 0.9402838432749854, 0.9981029370928604, 0.9979054927333297, -0.1732574171694903, 0.9989599631302999, 0.9986468477561399, 0.9862498259738985, 0.4133575159878827, 0.9990157438871237, 0.9990177467926586, 0.9850476620245312, 0.9991302786903117, 0.3111212718573968, 0.6456655923342387, 0.9915595392612158, 0.9812278566941983, 0.9785068250181166, 0.1800361080928408, -0.21136677923293506, 0.9887165168595151, 0.992135429673395, 0.130418223653362, -0.2750321195108791, 0.9980904664955049, 0.9979712098556446, 0.3053891232225817, -0.3401082111139827, 0.9957154445354558, 0.997755888090869, 0.9975246986000385, 0.3938056816421523, 0.9186566879886519, 0.9979306678880704, 0.9186566879886519, 0.914033228105369, 0.6171306588716149, 0.9177318325579219, 0.8848550993670643, 0.6604749203170094, 0.4071753493673644, -0.08299444035053004, -0.22659170767963044, 0.9149563161471292, 0.41010342910668235, 0.9638533879267522, 0.9552505825254477, -0.10800546477898229, 0.7949271865183939, 0.7717758139356982, 0.8266523433496077, 0.7657497399754011, 0.7399031487989186, 0.7657497399754011, 0.7276518290282625, 0.731947740926099, 0.740212425810701, 0.731947740926099, 0.8114407643868239, 0.2607981128483798, 0.4792553032415911, 0.5743857560687899, 0.4792553032415911, 0.4904163165467554, -0.3821990799422885, 0.44766649726870256, -0.6804594411999992, 0.3694684770510148, -0.16181606280260424, 0.33353033451631375, -0.16181606280260424, -0.1530430544299815, 0.7847351940087727, 0.7792010598987374, 0.7752500882770922, 0.7084948023079823, 0.42619651085885113, 0.7899790620598235, 0.7924393052428126, 0.7899790620598235, 0.686917701650086, 0.686917701650086, -0.2802488948188044, 0.7067315458837217, 0.26840391646283035, -0.5638908897530416, -0.6187196209288524, -0.6216498482305209, -0.09614598340242783, -0.03050489449389144, 0.36227239559484276, 0.10065733593479802, -0.3855005491600599, 0.1099514797132741, -0.8325529379110422, -0.10833261439612962, 0.0038496004680398156, 0.004201988837621593, -0.5951067422000271, -0.6139941296433725, -0.03872893682036958, -0.5876754985439322, -0.8468587970124328, -0.3404611775251196, -0.15876390649105532, -0.3404611775251196, -0.2866281926812019, -0.3120339358797011, -0.3120339358797011, -0.8397077583677198, -0.8397077583677198, 0.33436356337791934, 0.5872073591068704, 0.4736569976886357, 0.7906130912451846, 0.7478386850037807, -0.3225944680843262, 0.043347435486429275, 0.7482229150664953, 0.770464308766723, 0.7482229150664953], [0.990936107001941, 0.9753318858640594, 0.42072656974827893, 0.9930129470945198, 0.9967705574129117, 0.990936107001941, 0.999967159784476, 0.9994369042242099, 1.0, 0.9478984687144026, 0.9994923421645469, 0.9999684819110563, -0.3408540789011597, 0.9999732036991942, 0.9999312998737743, 0.9980611588495254, 0.33346190805250453, 0.9997656294161638, 0.9997662236075727, 0.9878416399974986, 0.9999654556414685, 0.1095130746193127, 0.5987588304792255, 0.9937876509941966, 0.993728183831725, 0.9833569785633464, -0.0010538851810596686, -0.13538708705260188, 0.9908973419006163, 0.9908702958687907, -0.05349438208486537, -0.22887578211044168, 0.9992973020889436, 0.9992584208453222, 0.7423905498863484, -0.5383790365000611, 0.9984603524768463, 0.9992411832425335, 0.9991397675189303, 0.31081774216216795, 0.9991372192548112, 0.9991422993610316, 0.9991372192548112, 0.9165258859388891, 0.6344439034128565, 0.9168302477927293, 0.8890742189048558, 0.6890426613858499, 0.017240703929288722, -0.5175437580233697, -0.18838625191366204, 0.9197007539955456, 0.3817753804161445, 0.9624168858706257, 0.9613787271772298, 0.845843481736013, 0.8124405107215564, 0.8670807660581078, 0.8388063453886261, 0.8649923538582469, 0.8657939925622073, 0.8649923538582469, 0.7428387990206196, 0.807002990537567, 0.8087253918589267, 0.807002990537567, 0.8239774974836277, 0.7091305172838237, 0.8139195101088312, 0.8155205638016543, 0.8139195101088312, 0.5058366948081985, 0.3241287722919681, 0.46500328092060894, -0.7043416726956157, 0.44048089005981006, 0.403214796974141, 0.40332794842311737, 0.403214796974141, -0.10001238594126316, 0.7983797977141339, 0.8008640149271938, 0.7929969221908321, 0.8570783924196098, 0.374614134909009, 0.8088858820731758, 0.8114653658405714, 0.8088858820731758, 0.8174140673036289, 0.8174140673036289, -0.26451426645261644, 0.6738092253813601, 0.08922699657016146, -0.5660920928772278, -0.6472223004894979, -0.6480553509913802, -0.08355295002446532, -0.018959635217297134, -0.138753892549641, -0.06317684656290644, -0.42282576377381986, -0.3373057045643659, -0.8799686976458044, -0.542006173756477, 0.0200955466745226, 0.020902940758463665, -0.583544390937602, -0.6083748023450725, -0.5061173751260055, -0.5697938786533514, -0.823144914913525, -0.5792083090805361, -0.5812060127658559, -0.5792083090805361, -0.26903631917165005, -0.30017784292967226, -0.30017784292967226, -0.8035046265676515, -0.8035046265676515, 0.3607236011179681, 0.6051038920949158, 0.824865385869293, 0.8027328586274965, 0.76040019718269, -0.3276684493277979, 0.6469831052465937, 0.7172178929425521, 0.7173839349065494, 0.7172178929425521], [0.9725068088002282, 0.95534430648831, 0.35776496935915547, 0.970229401938304, 0.9590826240695622, 0.9725068088002282, 0.9491798947151735, 0.9402838432749854, 0.9478984687144026, 1.0, 0.9177404052437926, 0.9492109546236385, -0.2887073184657978, 0.9488492243645475, 0.9481454016438767, 0.9502843650997195, 0.1505439732411213, 0.9552360932174327, 0.9552091128492488, 0.9493627382200829, 0.9493543169249986, 0.03715489576605916, 0.6526877282250474, 0.9512518514600561, 0.9514719196881585, 0.802393458652581, 0.09665767823433015, -0.11669714368832325, 0.9577582160624838, 0.9578983172104791, 0.08496812045888154, 0.03853579814938785, 0.9597027361286703, 0.9599814592102204, 0.8436438459711326, -0.4690545991955017, 0.9305394130115648, 0.9588984646292881, 0.9604448363444401, 0.12733462341763946, 0.9611448773300004, 0.961108816242182, 0.9611448773300004, 0.7763899347707222, 0.43116971542355415, 0.7224633149543025, 0.8551093640636654, 0.8371928121793659, -0.552792765910105, -0.6835183617264182, -0.3130274789664139, 0.8652801551570144, 0.10668898154686894, 0.8974195291610676, 0.8974612484907651, 0.8511823288194924, 0.8431480892425975, 0.8784674231170033, 0.8543856069847264, 0.8699872252277325, 0.8708916835356112, 0.8699872252277325, 0.7912599656361268, 0.7691868257392389, 0.7713141098981199, 0.7691868257392389, 0.846209817608478, 0.8680103201460596, 0.8442906104544661, 0.8451461235898429, 0.8442906104544661, 0.6105055169532756, 0.5302463871265815, 0.6116501524432683, -0.42959528023801413, 0.6314420272857864, 0.6534115256391484, 0.6567212159547279, 0.6534115256391484, -0.25376323764941183, 0.8510216725282269, 0.9144912412646471, 0.8701436135696696, 0.8689886345207051, 0.2577294544170777, 0.8425298601591932, 0.8439742394456146, 0.8425298601591932, 0.8551171828670606, 0.8551171828670606, 0.010613057916342624, 0.24359217622827634, -0.07788825998851413, -0.4669994461751666, -0.3861740852949436, -0.3881155657672372, 0.08996577281826099, 0.37717296973487685, 0.12060552452162389, 0.008364197532785682, -0.30173718944995204, 0.03216400417905407, -0.8129590650366134, -0.12985805384029772, 0.2677704009025668, 0.26673110751102, -0.3406304130352217, -0.43711709420251277, -0.29297620508196603, -0.29655093182445175, -0.688137987782048, -0.3150671454249778, -0.31696625418140967, -0.3150671454249778, -0.050996067497477406, -0.33224273905521445, -0.33224273905521445, -0.5369896599147513, -0.5369896599147513, 0.5812741828727854, 0.6781627329591803, 0.7610599998535575, 0.6683775886820398, 0.8408397631109773, -0.42620887741757485, 0.3914292134093218, 0.5701167657708509, 0.5704097055860017, 0.5701167657708509], [0.9801408774526372, 0.9776994592905074, 0.9964315495878907, 0.9857081605984634, 0.9948436103794224, 0.9801408774526372, 0.9995521428309315, 0.9981029370928604, 0.9994923421645469, 0.9177404052437926, 1.0, 0.9995498510383846, 0.9995461771756323, 0.9994952430463232, 0.9995312679433648, 0.9984176943043249, -0.3316562686424669, 0.9997089376895163, 0.999713094850577, 0.9995585510994647, 0.9995581908679313, -0.2972040952488209, 0.9578632281529782, 0.9916583383697233, 0.99162996201849, 0.9870363634515569, -0.0414018049185852, 0.06521646959215692, 0.9888577154022593, 0.9889321471540549, 0.9701750205060587, -0.01895998621814342, 0.9986134757250915, 0.998559744541238, 0.9983345726645081, 0.999213988502008, 0.9991334546977122, 0.9985920018055192, 0.9983511597677512, -0.342865451690853, 0.998281867339013, 0.9982928526955644, 0.998281867339013, 0.9103065700366721, 0.5047188326444884, 0.9123933362713407, 0.8872768246674708, 0.6910396281487581, -0.5501390075280617, -0.6687438814749724, 0.8024171061241164, 0.8075162339416369, -0.26206140663059224, 0.9206862136752458, 0.920860433241602, 0.8376752974837747, 0.8484573636179883, 0.8117771845941841, 0.8147331835722574, 0.8215852121175731, 0.8226103507777914, 0.8215852121175731, 0.634738496632753, 0.587873616553262, 0.5903018301058175, 0.587873616553262, 0.8495652571276915, 0.8597037846398288, 0.8477410210011774, 0.8493873953850859, 0.8477410210011774, 0.27311076972093284, 0.20586814950265822, 0.3353746042242505, 0.45847746525833255, 0.32409999510413523, 0.3773899336204692, 0.38022342117205493, 0.3773899336204692, -0.41086504056163947, 0.7506931959511524, 0.8055137705486786, 0.7833735556520619, 0.8471033127234616, -0.062139503895962594, 0.7424825613383672, 0.7430403008988675, 0.7424825613383672, 0.7582232529833495, 0.7582232529833495, -0.32800852867705316, 0.6644916549955706, -0.3996265505788397, -0.6548862923157572, -0.5458967453469218, -0.5481686943410348, -0.3471639712018326, 0.1347843565716405, -0.25910895255239363, -0.4159551941635927, -0.5935583379758991, -0.33121080093368477, -0.6302520086460162, -0.3966373171981329, 0.004949579425087622, 0.0008315575664489136, -0.5578934447485837, -0.5211077346886281, -0.5390816706024314, -0.5734073884848065, -0.567796932186413, -0.5429376898281795, -0.5458480648960169, -0.5429376898281795, -0.4406532732966949, -0.5979062589213332, -0.5979062589213332, -0.6049426395706897, -0.6049426395706897, 0.35574525259350737, 0.364828768416743, 0.4707212527464642, 0.5563263691331086, 0.5559783187664089, -0.5421683399073269, 0.3068943543839759, 0.3281710347111253, 0.3283626758859121, 0.3281710347111253], [0.9903757483315485, 0.9756408770062868, 0.53390773126778, 0.9920424695636947, 0.9966055367698389, 0.9903757483315485, 0.9999960142337757, 0.9979054927333297, 0.9999684819110563, 0.9492109546236385, 0.9995498510383846, 1.0, -0.16291512293341662, 0.9999940601481143, 0.9999241406032079, 0.994743155769263, 0.43543575245359645, 0.9998297150783643, 0.9998298395398977, 0.988119447724626, 0.9999969065385691, 0.33952554515654587, 0.6472205049116093, 0.9893338499475932, 0.9836984785409656, 0.983575033732829, 0.20122122030134518, -0.19557084184604398, 0.9923998140699513, 0.9921072754625981, 0.15208642380083548, -0.2674023566802756, 0.9992837707190557, 0.9993732767752591, 0.32745894381179297, -0.3319534637395106, 0.9985581473251709, 0.9992667898003053, 0.9981963658249018, 0.4164162497520862, 0.9280311142929574, 0.9990085391062691, 0.9280311142929574, 0.9164150114270742, 0.6334005792274765, 0.9170937560879759, 0.8894656800262232, 0.6898604842626509, 0.4213158411767312, -0.06630853932181094, -0.21192900761665015, 0.9245609412586512, 0.43151182061287957, 0.968823501697077, 0.9611239456444695, -0.09621705107597459, 0.8118603846492959, 0.7917973787595215, 0.8381479680827025, 0.784520491488843, 0.7541321556410376, 0.784520491488843, 0.7439073133789105, 0.7543093523687948, 0.7555300899055712, 0.7543093523687948, 0.8228057469968039, 0.2838679983610992, 0.5039682729844397, 0.5935196667580694, 0.5039682729844397, 0.5067900989280014, -0.3654922333719214, 0.4660065072734466, -0.6702870985146655, 0.3801814609342162, -0.13709616049121107, 0.35292826806879524, -0.13709616049121107, -0.14560737511315866, 0.7981017397247913, 0.8013949924427838, 0.793054512846359, 0.7255622784178241, 0.4434201405195593, 0.8026481722807268, 0.8048540492046307, 0.8026481722807268, 0.7087658556037582, 0.7087658556037582, -0.2619844929111826, 0.6735711002328794, 0.25992080051538585, -0.5536296756710355, -0.6037347606838885, -0.6068754982255055, -0.07995777438263912, -0.021109856713304342, 0.36924982879040347, 0.12063299334700484, -0.3713933813476499, 0.11958625296206538, -0.8245603047291944, -0.10144607561753964, 0.021673328115258805, 0.02202672216748772, -0.5815164657321124, -0.6121465925506135, -0.03153016305898523, -0.5674402764784678, -0.845826907789688, -0.32765722992647217, -0.15219966540384128, -0.32765722992647217, -0.26623761956380504, -0.29637641337825693, -0.29637641337825693, -0.8403566835522013, -0.8403566835522013, 0.3606338257736021, 0.6063260248998215, 0.49427033503057366, 0.8097412747573614, 0.7620035149702101, -0.29809221783402723, 0.05903330034572021, 0.7686328819355742, 0.7869676473791876, 0.7686328819355742], [-0.14488356833254182, 0.9755949059710538, 0.5204761578169895, -0.14968875383780267, -0.3678353525602591, -0.14488356833254182, -0.16326954260410392, -0.1732574171694903, -0.3408540789011597, -0.2887073184657978, 0.9995461771756323, -0.16291512293341662, 1.0, -0.16226533860886264, -0.1584844617491037, -0.1341477629672487, -0.2904943514719095, -0.16374860261273486, -0.16411385042011703, -0.28725190784300897, -0.16369318890818932, 0.023003850411526618, 0.30903076327839074, -0.1991860008394926, -0.1995221191884064, 0.9835511166751331, 0.24474019309801137, 0.18636958654514882, -0.1975573770599104, -0.1981760479538914, 0.5359821625129624, 0.12005120538571819, -0.1604666400755829, -0.324516679005776, 0.16207500556591783, 0.9622000423715477, 0.9985563433506223, -0.3577721925910261, -0.15544450020234973, -0.28027070628302797, -0.1608300973508627, -0.16149787785031577, -0.1608300973508627, 0.916488878996499, -0.11982690877266691, 0.9170625295985235, 0.8894034383735446, 0.6898541151063857, 0.08368726756463737, 0.2587933522473919, 0.644603127647237, -0.27577808767625367, -0.2955120133919171, -0.07405601148286521, -0.31408789166998397, 0.021025425599807336, 0.24641615707412537, -0.029339529227371538, -0.3260412332401113, -0.02740200991690478, -0.016825886686953766, -0.02740200991690478, -0.4333316380170425, -0.11428251344925058, -0.11638837532718285, -0.11428251344925058, -0.22594769388769684, 0.0656826979350261, 0.04072727554908088, 0.04076000500905082, 0.04072727554908088, -0.42170057990103754, 0.007369650681874815, -0.3849157399423367, 0.6251598148474419, -0.3541358090814867, 0.007829672203355327, -0.06494511370245987, 0.007829672203355327, -0.30527172180986, -0.3603997620202726, 0.8013748150310482, -0.15099180667800194, 0.007132303484397906, -0.21644066887359445, -0.279202192730353, -0.2784905598542065, -0.279202192730353, -0.035237855538771415, -0.035237855538771415, -0.23899445478503717, 0.6734774600911732, -0.16248861922362218, -0.003995992053996599, 0.20512113381285219, 0.20375671795522635, -0.24950366512652383, -0.012075846030488223, 0.020674620621122637, -0.17037120311430823, -0.10449042987640952, 0.04472680203522664, 0.3951286014415184, 0.11935617800578383, -0.042866717068028776, -0.0467826781866944, 0.0924424103346439, 0.5759494271888562, 0.0974766678203073, -0.17788010604431073, 0.6229283861984082, 0.10311012301806698, 0.11059599902864456, 0.10311012301806698, -0.2347759559860003, -0.1936136104207091, -0.1936136104207091, 0.3304074836134298, 0.3304074836134298, 0.36075303081179605, -0.256841704861375, 0.013107205469739222, 0.08753787832573043, -0.25834606856368325, 0.07840894197049403, 0.1514912229125141, 0.10219118006083934, 0.10215193696315843, 0.10219118006083934], [0.9904445290171453, 0.9753917104257875, 0.5342756529222027, 0.9920818848603873, 0.996637652447175, 0.9904445290171453, 0.9999921256332527, 0.9989599631302999, 0.9999732036991942, 0.9488492243645475, 0.9994952430463232, 0.9999940601481143, -0.16226533860886264, 1.0, 0.9999364517451022, 0.9974019517451584, 0.43556112657686913, 0.9998329164059915, 0.999832953718322, 0.9882902883523854, 0.9999941156626906, 0.3402366652711782, 0.6470515864394907, 0.9929397283457739, 0.9928204230292624, 0.9834376647155573, 0.20152734684358486, -0.19561884273579355, 0.9931342631164264, 0.9931844379864398, 0.15291419495046774, -0.26722711827584067, 0.9993359042234996, 0.999372608437836, 0.32635587012984907, -0.331056215118318, 0.9984898226419708, 0.9992704309320942, 0.9985128168860403, 0.41656802421869366, 0.9274869714392824, 0.9990666339501635, 0.9274869714392824, 0.9167074057873685, 0.6341770712500693, 0.9174868621088613, 0.889857618581634, 0.6895200560695517, 0.4227676461459839, -0.06463556432475978, -0.2121348193588905, 0.9249840296072244, 0.4318202353227399, 0.9692596613743506, 0.9615161703721852, -0.09727325662396141, 0.8121373911652776, 0.791714259231473, 0.8384190468801916, 0.7844808015899882, 0.7537462341804214, 0.7844808015899882, 0.7441066375771376, 0.7542615368994561, 0.7559647161607582, 0.7542615368994561, 0.8231675315062668, 0.2831572781651854, 0.5034274281599405, 0.5935583225057182, 0.5034274281599405, 0.5066052748897707, -0.36671059617384255, 0.4658912531510197, -0.6704414158056738, 0.37976117710347945, -0.13814423736280526, 0.3525637772380758, -0.13814423736280526, -0.1455486743861896, 0.7982369309822569, 0.8009230679852992, 0.7931350041302474, 0.715075649858078, 0.44383397289580506, 0.8027782227955728, 0.8049729565582519, 0.8027782227955728, 0.7085620777634072, 0.7085620777634072, -0.26376349503048546, 0.6745660529431712, 0.260448474180708, -0.5535974276192934, -0.6041419078029034, -0.6072877076398995, -0.08119356378697687, -0.02244191028102523, 0.36955433484831623, 0.12015432628055261, -0.3716825857061588, 0.11965926108171228, -0.8236354673468601, -0.10128826858632241, 0.020554769810870146, 0.02090331391478885, -0.5821984944248461, -0.6124818156103617, -0.03092961102102868, -0.5689198654240554, -0.8458106321282722, -0.32759329304427115, -0.1516229084900162, -0.32759329304427115, -0.26731192778663915, -0.29687828994796983, -0.29687828994796983, -0.8407173307468673, -0.8407173307468673, 0.36080958669025487, 0.6060104639705408, 0.493690619280449, 0.8102049856305935, 0.7614378054266084, -0.2975803701950554, 0.05832653898025221, 0.7690399862062495, 0.7875824778959299, 0.7690399862062495], [0.9904957911478401, 0.9745516975970479, 0.536539539314668, 0.992122708303345, 0.996642966348098, 0.9904957911478401, 0.9999186814980481, 0.9986468477561399, 0.9999312998737743, 0.9481454016438767, 0.9995312679433648, 0.9999241406032079, -0.1584844617491037, 0.9999364517451022, 1.0, 0.9975181916243132, 0.43480291069524124, 0.9997817749281577, 0.9997830506636168, 0.9882275542623387, 0.9999200891734771, 0.3411010344270041, 0.6486289949990824, 0.9922299927450319, 0.9830128678227872, 0.9834473611781086, 0.20266283796819393, -0.19457585420519927, 0.9922567407360252, 0.9922693889900989, 0.15583630484698527, -0.2678909639243818, 0.9993432460474131, 0.9992227996982599, 0.3262266003493235, -0.3267516198089635, 0.9983964157864892, 0.9992441175708221, 0.9984957787689726, 0.41583927146451904, 0.9263645081476243, 0.9990943145764648, 0.9263645081476243, 0.9154345144887073, 0.6344078089706233, 0.916240146881139, 0.8885203038084752, 0.6866107655201996, 0.4235197276576637, -0.06270573457182398, -0.21274291269359397, 0.924392968047689, 0.42994577776784443, 0.9696100123530125, 0.9610648468821249, -0.10026376433918785, 0.8107520014512024, 0.7919746234223988, 0.8381274443068343, 0.7847284543367056, 0.7560204857332807, 0.7847284543367056, 0.7422434671844598, 0.7536958598340262, 0.7571146072335349, 0.7536958598340262, 0.8231897583577797, 0.28311778854375946, 0.5030415594097456, 0.5949793166932614, 0.5030415594097456, 0.5052430603156288, -0.369150514696796, 0.4640512635841479, -0.6680662191570431, 0.3781316058086675, -0.1392475479462539, 0.3528202075486767, -0.1392475479462539, -0.14900339209183486, 0.7976220269091727, 0.7996562790887173, 0.7921903700207067, 0.7275545218046486, 0.4444571092047887, 0.8023139118416681, 0.8047771463922744, 0.8023139118416681, 0.7086446379907362, 0.7086446379907362, -0.2643852816502457, 0.6763042201468659, 0.2604283460497934, -0.5545931063804984, -0.6041761285915239, -0.6071073782857072, -0.08323542601616492, -0.02408659125607598, 0.37083387977676685, 0.11963729112521744, -0.37261133239518357, 0.12064614546638305, -0.8221202937798556, -0.09983852645714635, 0.019504904517224378, 0.02030210175669981, -0.5835372475436436, -0.6076336334377973, -0.02920969513392174, -0.5699410252654934, -0.8436172102183578, -0.32679565178920156, -0.15020272459236667, -0.32679565178920156, -0.2676445455112717, -0.2997710933841818, -0.2997710933841818, -0.8385538310599352, -0.8385538310599352, 0.35824723391153024, 0.6038771219386668, 0.49175039103188045, 0.8109950365725103, 0.7598518779258684, -0.29856581921811587, 0.05623261302365125, 0.7697959806872076, 0.7889877388996317, 0.7697959806872076], [0.9932986381337651, 0.9839322635683522, 0.5740048760349966, 0.9949169671128222, 0.9977213077325822, 0.9932986381337651, 0.993902274529594, 0.9862498259738985, 0.9980611588495254, 0.9502843650997195, 0.9984176943043249, 0.994743155769263, -0.1341477629672487, 0.9974019517451584, 0.9975181916243132, 1.0, 0.42902601198588847, 0.9977564336912615, 0.9977534384305715, 0.9837542799404322, 0.9973341773238599, 0.3592412232013774, 0.6721319220427561, 0.9703300655779945, 0.978379685711497, 0.9875646441758915, 0.22933198823992695, -0.16994791788042063, 