var element=document.getElementById("correlationClose");if(element.style.display!='none'){var correlationClose={"data":[{"type":"heatmap","z":[[1.0,0.9999875363785401,0.6415741290191002,0.9997184075845308,0.9979000847358185,1.0,0.992122054980112,0.9883367875382143,0.9883367875382143,0.9928176745485778,0.9762507290666401,0.9863787088541011,0.9921614364392328,0.9925888996487607,0.9922164629594835,0.8453169913343666,0.7956311373845179,0.33877737836170324,0.9930896982090307,0.9930883602078004,0.9853573250723315,0.992161883060777,0.4386634888845425,0.7218645422827656,0.9809794662569553,0.9809794662569553,0.9809607964632355,0.9736657164357116,0.345223027592389,-0.10511231039661723,0.9896072602429796,0.9895751744570385,0.2951679526641525,-0.17912728088802218,0.9945662150889947,0.9952575794135866,0.8389307597000185,-0.3692044219881105,0.9903273114548378,0.9952121386570325,0.834980714616063,0.31981275653776753,0.9947173510610327,0.9947141930335123,0.9947173510610327,0.886264230288193,0.6564734569591306,0.8944865510141804,0.9017054635423088,0.8111606356841947,0.3754759056464425,-0.16498505603076682,0.19899251429171688,0.9459429120567718,0.40302099398655095,0.9749131972646743,0.9700081559025937,0.9799420333282022,0.9897779213703032,0.9270952866225455,0.932921682530704,0.9426149602156838,0.9257304670190114,0.9398953348583562,0.940656998413703,0.9398953348583562,0.8743506572944416,0.9182750254635424,0.9193561360315419,0.9182750254635424,0.9167973881992719,0.7746726058680874,0.8896383569514691,0.8911978161168268,0.8896383569514691,0.6763701360707771,0.35527549475663867,0.6582756874429921,-0.5653569133515413,0.5634983085608034,0.593013446642631,0.5941764105161536,0.593013446642631,-0.10528982555156231,0.9050704901956371,0.9373995070643099,0.9204489482518813,0.9285693179841814,0.32240442050036433,0.9005952677644827,0.9016560082425908,0.9005952677644827,0.9057887104924593,0.9057887104924593,-0.1079639950571234,0.5861351492893953,0.17510763478563196,-0.646411894097086,-0.5810081634957295,-0.5844160744829198,-0.09558553252373285,0.10780974627247301,0.22596068789883778,0.05277993292892652,-0.5020409903574496,0.00944820468941558,-0.7961452324115601,-0.257557869159194,0.16080207389610238,0.16175212070062855,-0.5625100320978752,-0.5873032353382956,-0.2549234974360323,-0.506137726681163,-0.8209681249763777,-0.3866008369836236,-0.3788759636721119,-0.3866008369836236,-0.1952701702025842,-0.3074505707236217,-0.3074505707236217,-0.8090102514788893,-0.8090102514788893,0.38992468949721315,0.6363933947107111,0.859624148956917,0.8428774837491892,0.7661063070904889,-0.304844378092582,0.7524918585543696,0.7881006924249525,0.7881650660791943,0.7881006924249525,-0.2137278824011609],[0.9999875363785401,1.0,0.97751097741705,0.9993991797585423,0.9954204513527616,0.9999875363785399,0.9834563774664198,0.9769374263839248,0.9769374263839248,0.9833190811165702,0.9686932367976715,0.9850349234335244,0.9835078543458506,0.9833932614190403,0.9833423885592563,0.36343091145877676,0.28011472535954157,-0.38703640342493767,0.9875746925180555,0.9875570486769164,0.9835565103320534,0.9835509816933925,-0.10173603435713681,0.9766383852075967,0.9785278904174053,0.9785278904174053,0.978582529212587,0.9739275221941905,0.15295837609551383,0.17263960981210222,0.9802011836424458,0.9802650109150014,0.9135244089872248,0.1763118515264838,0.9903284505940444,0.9903820601403109,0.9909820416162936,0.9847747294645095,0.9892988965022049,0.9905308435638513,0.3217850331160362,-0.39244552130002974,0.9910306064764836,0.9910185522606849,0.9910306064764836,0.886259701575098,0.5096791460012754,0.8949783735065245,0.9019640471236784,0.8105690159532325,-0.3594116242381479,-0.5133110400842592,0.8272285302207316,0.8685904046866719,-0.24096791924642882,0.9332598011660981,0.9333968599700827,0.952978382137615,0.976156522956829,0.9444720500263448,0.9519097636153082,0.9358870630984608,0.9350244398321444,0.9408250738420055,0.9413577409372005,0.9408250738420055,0.8362469143481737,0.8065319644369028,0.8084482445952625,0.8065319644369028,0.946287686547907,0.9500042209803354,0.9464179141135481,0.9473379208283944,0.9464179141135481,0.5671526517013917,0.510425950734079,0.6137679665203097,0.7041382832106132,0.6062635721310401,0.6329277099693493,0.6336856183334264,0.6329277099693493,-0.1966151011985052,0.9046653151843548,0.9313978589322016,0.9217600023553665,0.9499110868546481,-0.24634855541174047,0.9004381122588198,0.9007342922429118,0.9004381122588198,0.908770117276993,0.908770117276993,-0.19848454651579306,0.5869031293937139,-0.3635654301008499,-0.7466874183459703,-0.4623035636606321,-0.4657781609241272,-0.3502814688567034,0.2614810351864806,-0.24556763530514833,-0.4623981569091365,-0.6932318011907808,-0.3290561991985169,-0.4836083989896324,-0.3860069311513755,0.13755655761930902,0.1335741649611736,-0.4891059895879301,-0.4513000686696511,-0.4798183275797331,-0.510632025427338,-0.5028754802175274,-0.4820001889552874,-0.4852430281803956,-0.4820001889552874,-0.3462404485092005,-0.5169100919743927,-0.5169100919743927,-0.4929070682782683,-0.4929070682782683,0.38984065950822355,0.3759830476744418,0.4980098970026331,0.5922184511555348,0.5372235682521685,-0.4272551406423819,0.3637759003862005,0.3265946228586929,0.3266986130175192,0.3265946228586929,0.13356372789197046],[0.6415741290191002,0.97751097741705,1.0,0.6377539839034,0.5600329983442133,0.6415741290191002,0.6254387680323719,0.6164586394257613,0.6164586394257613,0.5590385343071226,0.5157703293415421,0.9959165411816496,0.6254811147577697,0.6159550977483049,0.625705250623137,0.4635916347277258,0.45566459279499605,-0.17558486151625127,0.583342653741982,0.5833207400111065,0.5459005302517864,0.6251403173360938,0.2179262327016727,0.7652232394252221,0.6017248415939909,0.6017248415939909,0.6014923662366766,0.9879170036633119,0.33215556553120085,0.16368391926647216,0.5841743988295679,0.5837818822065705,0.7238279251855713,0.014833278542964231,0.6218813857403817,0.5531611796682651,0.5936858458812615,0.3180578559295397,0.9937272885153792,0.5478432937666539,0.45396877529401036,-0.18391664100328095,0.6385983634957492,0.6205072554966766,0.6385983634957492,0.8834325935855378,0.3975644440488671,0.9163648239764169,0.890745463233642,0.6961889958911733,0.20811761113443006,-0.052513202989920654,0.04921623797558015,0.4965527676525568,-0.0875889650389187,0.5678676208830806,0.5256112619337798,0.5516116339212115,0.513809659065752,-0.024658246223033274,0.7676397775696792,0.7020907543161342,0.5958243631033084,0.7078480909180939,0.7448806335767476,0.7078480909180939,0.4727763644430896,0.6091920220593543,0.6785110201115504,0.6091920220593543,0.6583351713857015,0.6561103104930706,0.7044964553830068,0.7582305727062919,0.7044964553830068,0.34536826245312985,-0.08792432730686074,0.360604134472551,0.10961666980748035,0.355553706200197,0.26069716619785005,0.46062664980793383,0.26069716619785005,-0.16769610058682752,0.563347510980613,0.8647092095470736,0.6417609897206463,0.7594925538058404,-0.029604035991917185,0.6099951796046835,0.6107056459671353,0.6099951796046835,0.6905835008215674,0.6905835008215674,-0.2177950697427751,0.7112607307143577,-0.1942347550259728,-0.6554606019979946,-0.4239130650709219,-0.4271228822986431,-0.408964487367704,0.07641511194621055,0.022790304201891185,-0.31089585132944797,-0.6355292309183767,-0.1572015046703484,-0.2908600669616584,-0.24842313152266074,0.03424184928055275,0.03196875093035629,-0.4777129681983814,-0.04186611765151902,-0.24753205826916094,-0.5030597907546192,-0.17652947986629194,-0.3908701484462605,-0.27073862798419934,-0.3908701484462605,-0.4076977861666939,-0.5249870445443688,-0.5249870445443688,-0.28575464306253867,-0.28575464306253867,0.32932207425428084,0.1736488825978894,0.27168098880585184,0.5089582298343658,0.26329804805958856,-0.36105170559658084,-0.022000550497664546,0.453352480676018,0.5590737912554715,0.453352480676018,-0.03237188016240675],[0.9997184075845308,0.9993991797585423,0.6377539839034,1.0,0.9988642671780619,0.9997184075845306,0.9934680939420163,0.9901468048515906,0.9901468048515906,0.9943907948962185,0.9742016808041972,0.9899978023102589,0.9934974300726661,0.9942261958175257,0.9935282940083103,0.844640414595464,0.7946099051937917,0.3238424020770747,0.9942449016290933,0.9942437519642348,0.9855026707040465,0.9934877267411624,0.43013550340028367,0.7261939855593323,0.9836507317614352,0.9836507317614352,0.9836318279953287,0.980364541650475,0.3412295420639679,-0.11135590570180255,0.9889800453960559,0.988957089326798,0.2874087110372936,-0.17928300870910865,0.995160375443955,0.9960516215497907,0.8039472009162767,-0.3738524973494569,0.9929156896287936,0.9962366128696619,0.8335245503310444,0.3045679064357759,0.99306880109416,0.9952146198233952,0.99306880109416,0.8836959370377167,0.6439893478507476,0.8997408277130171,0.8992397468402628,0.7923797644029703,0.37030678533799066,-0.17027488674583577,0.19328815411679057,0.9403282417704009,0.3869336852772053,0.9704005172088427,0.9670126623506292,0.9777768496014468,0.9897555736721976,0.9065731022241429,0.9266618651897667,0.9300284993286095,0.9219848301477809,0.9233843636961848,0.9244234130015329,0.9233843636961848,0.8666768729192684,0.9064521270740041,0.9076452450912896,0.9064521270740041,0.9135958522771684,0.7163067468268354,0.8517967913176814,0.8534481531878816,0.8517967913176814,0.668498495784782,0.13101318832268,0.6487278345674258,-0.5698029966037381,0.5588001023178841,0.3300462103617837,0.5646612558990337,0.3300462103617837,-0.11162061848773656,0.9000931211443154,0.9303098789385383,0.9131924785252841,0.9061537488295063,0.3081718421602892,0.8963501285023298,0.8975569728706615,0.8963501285023298,0.8870455640407356,0.8870455640407356,-0.1126622444443274,0.6068658018494282,0.17979120626805334,-0.6564637835708734,-0.587821013925372,-0.5911510315319196,-0.10761549854000683,0.10330049225596359,0.21905649567016924,0.03977944979841125,-0.514193995768335,0.0031767864039290447,-0.8017659250540782,-0.26517766368862666,0.15095040503039822,0.15196775049011726,-0.569064543959681,-0.5836590509639455,-0.25607777701572154,-0.5164335776714583,-0.8223835993644131,-0.3879009181667988,-0.38073275916408467,-0.3879009181667988,-0.2036362121399422,-0.3168853527450049,-0.3168853527450049,-0.8084625694333291,-0.8084625694333291,0.3795971593994753,0.6247431508617436,0.8516621150260081,0.8351158779817783,0.758583096797895,-0.31763729197240864,0.7433779027086425,0.7791423802100673,0.779211641765096,0.7791423802100673,-0.19882953695320257],[0.9979000847358185,0.9954204513527616,0.5600329983442133,0.9988642671780619,1.0,0.9979000847358185,0.9971642014770287,0.995576526806356,0.995576526806356,0.9973651303350186,0.9660773733532522,0.9963817210370023,0.9971846923886747,0.997262915459509,0.9972123224460128,0.778656596352471,0.7075502071097142,0.11927358722281452,0.9976811837768091,0.9976798491551817,0.9873812585816205,0.9971739613388378,0.08003155450750143,0.7036145640869178,0.9921104340757756,0.9921104340757756,0.9920728574061589,0.9896610687459466,0.11875552752362976,-0.09312715819200398,0.9871663798739234,0.9871075726403427,-0.005448493334164795,-0.0758742671267068,0.9978136810417394,0.9977461148745654,0.7923297779091577,-0.4997777667034012,0.9976529502908547,0.9980881883742005,0.7581337741542377,0.09504875570786656,0.9977594952776245,0.9977624058414938,0.9977594952776245,0.8984153413488508,0.6073430633625615,0.9165435791153042,0.9041091147470217,0.766833478229074,-0.09486835170935073,-0.5868750403292108,-0.2055031383521349,0.9285376723709022,0.24016471685187363,0.96546868793666,0.9655440763069206,0.9798596377569083,0.9903076552622909,0.9053655379717178,0.9087414661862121,0.9205547509509046,0.9095384764630947,0.9190052163688273,0.9195269348836224,0.9190052163688273,0.8419402462820537,0.8618569622302238,0.8633093936959914,0.8618569622302238,0.9027058735185712,0.8123439785625404,0.8834298045708038,0.8845048313951462,0.8834298045708038,0.6272789501917344,0.504896340633181,0.6137802235451538,-0.5933100251323239,0.611204935992904,0.5898180140638914,0.5897942252874775,0.5898180140638914,-0.12938173724266125,0.8826278820797735,0.9065695327170706,0.8909827277107054,0.9136349828290135,0.1550217390137056,0.8823303655795075,0.8836515953775335,0.8823303655795075,0.8889491647952066,0.8889491647952066,-0.15221750295359254,0.6557497958489339,0.03466438661077704,-0.6873387681326542,-0.6371678352294603,-0.6376592936020814,-0.14002673342786578,0.12648616955945655,-0.17259473033763115,-0.20887579285394536,-0.5880115909979331,-0.35848774696027025,-0.8515382795132492,-0.5460948256685452,0.11996784691007764,0.12087446405682514,-0.5956233732236332,-0.5767969291864063,-0.5361872944005813,-0.554915438043692,-0.781992439652286,-0.5885248555025904,-0.591594323164031,-0.5885248555025904,-0.2432433928384696,-0.35132980182509815,-0.35132980182509815,-0.7499751937930957,-0.7499751937930957,0.36623229451963657,0.6063079649964584,0.8043635641190391,0.7884211495458225,0.7481760578107489,-0.44672686799429534,0.6010873443467709,0.6703894855396,0.6705694473991208,0.6703894855396,0.028045276872123465],[1.0,0.9999875363785399,0.6415741290191002,0.9997184075845306,0.9979000847358185,1.0,0.992122054980112,0.9883367875382143,0.9883367875382143,0.9928176745485778,0.9762507290666401,0.9863787088541011,0.9921614364392328,0.9925888996487607,0.9922164629594835,0.8453169913343666,0.7956311373845179,0.33877737836170324,0.9930896982090307,0.9930883602078004,0.9853573250723315,0.992161883060777,0.4386634888845425,0.7218645422827656,0.9809794662569553,0.9809794662569553,0.9809607964632355,0.9736657164357116,0.345223027592389,-0.10511231039661723,0.9896072602429796,0.9895751744570385,0.2951679526641525,-0.17912728088802218,0.9945662150889947,0.9952575794135866,0.8389307597000185,-0.3692044219881105,0.9903273114548378,0.9952121386570325,0.834980714616063,0.31981275653776753,0.9947173510610327,0.9947141930335123,0.9947173510610327,0.886264230288193,0.6564734569591306,0.8944865510141804,0.9017054635423088,0.8111606356841947,0.3754759056464425,-0.16498505603076682,0.19899251429171688,0.9459429120567718,0.40302099398655095,0.9749131972646743,0.9700081559025937,0.9799420333282022,0.9897779213703032,0.9270952866225455,0.932921682530704,0.9426149602156838,0.9257304670190114,0.9398953348583562,0.940656998413703,0.9398953348583562,0.8743506572944416,0.9182750254635424,0.9193561360315419,0.9182750254635424,0.9167973881992719,0.7746726058680874,0.8896383569514691,0.8911978161168268,0.8896383569514691,0.6763701360707771,0.35527549475663867,0.6582756874429921,-0.5653569133515413,0.5634983085608034,0.593013446642631,0.5941764105161536,0.593013446642631,-0.10528982555156231,0.9050704901956371,0.9373995070643099,0.9204489482518813,0.9285693179841814,0.32240442050036433,0.9005952677644827,0.9016560082425908,0.9005952677644827,0.9057887104924593,0.9057887104924593,-0.1079639950571234,0.5861351492893953,0.17510763478563196,-0.646411894097086,-0.5810081634957295,-0.5844160744829198,-0.09558553252373285,0.10780974627247301,0.22596068789883778,0.05277993292892652,-0.5020409903574496,0.00944820468941558,-0.7961452324115601,-0.257557869159194,0.16080207389610238,0.16175212070062855,-0.5625100320978752,-0.5873032353382956,-0.2549234974360323,-0.506137726681163,-0.8209681249763777,-0.3866008369836236,-0.3788759636721119,-0.3866008369836236,-0.1952701702025842,-0.3074505707236217,-0.3074505707236217,-0.8090102514788893,-0.8090102514788893,0.38992468949721315,0.6363933947107111,0.859624148956917,0.8428774837491892,0.7661063070904889,-0.304844378092582,0.7524918585543696,0.7881006924249525,0.7881650660791943,0.7881006924249525,-0.2137278824011609],[0.992122054980112,0.9834563774664198,0.6254387680323719,0.9934680939420163,0.9971642014770287,0.992122054980112,1.0,0.9974700652527468,0.9974700652527468,0.9999703252916192,0.9594374491577546,0.9996755012776979,0.9999965393211341,0.9999865115701186,0.9999932847334161,0.897816896845676,0.8875979592995404,0.284394766939766,0.9998589399763754,0.9998592888183374,0.9897024371047236,0.9999967328638529,0.34408965636490235,0.7247324673007667,0.9855673290357629,0.9855673290357629,0.9864806049164238,0.9904920765248602,0.2684796700867717,-0.16658604186629944,0.9916079924799498,0.9914959659595296,0.1927411582961734,-0.2268422233069207,0.999338330087709,0.9994482634491871,0.41876823945197955,-0.3128791200074688,0.9989935397390725,0.999407230588647,0.8843000948603537,0.2637658750662969,0.9408312994737167,0.9990862101478631,0.9408312994737167,0.9081311065501596,0.6141835009660844,0.933845499183606,0.9121208416759171,0.7303838507076892,0.4084365387152238,-0.10979797517864175,-0.1995031721721315,0.9275362083203383,0.35265785622515444,0.9675698068240868,0.9623798089904295,0.9785401190835382,0.9956978515104531,-0.04247075966166832,0.8684600141593132,0.8299684742179395,0.8762298127711997,0.8243754895070321,0.7882864286745533,0.8243754895070321,0.8045337700594952,0.7922440491282535,0.7830516728921614,0.7922440491282535,0.8678949468208993,0.3749961510562209,0.581451549603177,0.6474052076523489,0.581451549603177,0.59669866854469,-0.3468633474346777,0.5653369448740522,-0.6331311127196908,0.48864764395248794,-0.09823368198816997,0.42989901365837907,-0.09823368198816997,-0.15287237488319538,0.8459421779373123,0.8668349958405354,0.8520607790649272,0.7636824047436799,0.26832356429911536,0.8457882473847756,0.8475066075270302,0.8457882473847756,0.7615630230631136,0.7615630230631136,-0.18832233218256747,0.6984495986550104,0.24186927798086624,-0.6659683130612004,-0.6278492521462119,-0.6307741143679928,-0.15247348695121773,0.053678023281320736,0.332418330616143,0.007644505779999517,-0.5307154327196059,0.062446229499513006,-0.8279983019402102,-0.1647273589194382,0.08453314465045027,0.08566947711382143,-0.6113482357426266,-0.592832659207236,-0.09273426201838444,-0.5893953075882881,-0.8358944576303675,-0.3809032840561807,-0.2132341900928047,-0.3809032840561807,-0.27597425773705336,-0.360414774274573,-0.360414774274573,-0.8282802041997107,-0.8282802041997107,0.3665528255787173,0.5888722598614857,0.505085859051147,0.8029347907080533,0.7422480178345386,-0.36866614531445846,0.06545844922797349,0.7509973468419369,0.7700270239313284,0.7509973468419369,-0.13037475682637295],[0.9883367875382143,0.9769374263839248,0.6164586394257613,0.9901468048515906,0.995576526806356,0.9883367875382143,0.9974700652527468,1.0,1.0,0.9995514610947802,0.952542241298531,0.9986933794950467,0.9982236428529931,0.9993989362378538,0.9991335749917,0.895508424000787,0.8772437249260551,0.2626654552338308,0.9991793810909453,0.9991821407877647,0.9870623706162578,0.9992734713774364,0.3186999087169594,0.7256691460988497,0.9926499859066418,0.9926499859066418,0.9845508438710429,0.987572869661144,0.25100891766201355,-0.1799529617014219,0.9879043842033274,0.9913367485686567,0.17411571274873838,-0.2327057661761038,0.9982938856287971,0.9982616284611302,0.40074802194945086,-0.31951739764203063,0.9970238216339299,0.9981978927471485,0.8822900829419037,0.24162524370004385,0.9332795737821172,0.9981235640524324,0.9332795737821172,0.9056494473876883,0.599096347484242,0.9340951317111973,0.9090186605934477,0.7079579326769024,0.39548891704456274,-0.12473626794017227,-0.21207948336824187,0.9189533221358264,0.3322212712042551,0.9629172699943367,0.9571657717930893,0.9734494012375541,0.9947251149954636,-0.05218404739640563,0.8573492828741958,0.8143114313592216,0.8680778672309392,0.809825199710516,0.7762428178897742,0.809825199710516,0.7925012122896109,0.7738416266288448,0.7697425133860496,0.7738416266288448,0.8599834762665269,0.35592609564054684,0.5615032434101598,0.6313170837193901,0.5615032434101598,0.5841071674216921,-0.3613403345739212,0.5510269922509671,-0.6406295132089409,0.48104507531082225,-0.11999018050834202,0.4139539901540893,-0.11999018050834202,-0.15954923698584744,0.8364123278266576,0.8529474224245637,0.8400169264024155,0.7492842420276545,0.2507366679805268,0.8368269361719778,0.8387558398984244,0.8368269361719778,0.7445150481056393,0.7445150481056393,-0.2032232425700602,0.7223352577746264,0.24895299897911502,-0.675281531385849,-0.6404252788186418,-0.6431825739875011,-0.16710671069978472,0.046128002639430205,0.3254385484331414,-0.01145638859034727,-0.5432504652846452,0.05318050942847969,-0.8338655363157471,-0.17121026496201253,0.0694314115806911,0.07060539717625024,-0.6228191707407792,-0.5938413760977018,-0.09957396054287132,-0.6058755795654194,-0.8355072616177022,-0.3923126157335844,-0.2194353019554928,-0.3923126157335844,-0.29318698564384227,-0.37391824938071416,-0.37391824938071416,-0.8263396167896736,-0.8263396167896736,0.3470906194318164,0.5721163783542472,0.48652845432520053,0.785236869627932,0.729716985113705,-0.3900672512852713,0.05154100748249521,0.7320083151056214,0.7543755273984342,0.7320083151056214,-0.113338374025955],[0.9883367875382143,0.9769374263839248,0.6164586394257613,0.9901468048515906,0.995576526806356,0.9883367875382143,0.9974700652527468,1.0,1.0,0.9995514610947802,0.952542241298531,0.9986933794950467,0.9982236428529931,0.9993989362378538,0.9991335749917,0.895508424000787,0.8772437249260551,0.2626654552338308,0.9991793810909453,0.9991821407877647,0.9870623706162578,0.9992734713774364,0.3186999087169594,0.7256691460988497,0.9926499859066418,0.9926499859066418,0.9845508438710429,0.987572869661144,0.25100891766201355,-0.1799529617014219,0.9879043842033274,0.9913367485686567,0.17411571274873838,-0.2327057661761038,0.9982938856287971,0.9982616284611302,0.40074802194945086,-0.31951739764203063,0.9970238216339299,0.9981978927471485,0.8822900829419037,0.24162524370004385,0.9332795737821172,0.9981235640524324,0.9332795737821172,0.9056494473876883,0.599096347484242,0.9340951317111973,0.9090186605934477,0.7079579326769024,0.39548891704456274,-0.12473626794017227,-0.21207948336824187,0.9189533221358264,0.3322212712042551,0.9629172699943367,0.9571657717930893,0.9734494012375541,0.9947251149954636,-0.05218404739640563,0.8573492828741958,0.8143114313592216,0.8680778672309392,0.809825199710516,0.7762428178897742,0.809825199710516,0.7925012122896109,0.7738416266288448,0.7697425133860496,0.7738416266288448,0.8599834762665269,0.35592609564054684,0.5615032434101598,0.6313170837193901,0.5615032434101598,0.5841071674216921,-0.3613403345739212,0.5510269922509671,-0.6406295132089409,0.48104507531082225,-0.11999018050834202,0.4139539901540893,-0.11999018050834202,-0.15954923698584744,0.8364123278266576,0.8529474224245637,0.8400169264024155,0.7492842420276545,0.2507366679805268,0.8368269361719778,0.8387558398984244,0.8368269361719778,0.7445150481056393,0.7445150481056393,-0.2032232425700602,0.7223352577746264,0.24895299897911502,-0.675281531385849,-0.6404252788186418,-0.6431825739875011,-0.16710671069978472,0.046128002639430205,0.3254385484331414,-0.01145638859034727,-0.5432504652846452,0.05318050942847969,-0.8338655363157471,-0.17121026496201253,0.0694314115806911,0.07060539717625024,-0.6228191707407792,-0.5938413760977018,-0.09957396054287132,-0.6058755795654194,-0.8355072616177022,-0.3923126157335844,-0.2194353019554928,-0.3923126157335844,-0.29318698564384227,-0.37391824938071416,-0.37391824938071416,-0.8263396167896736,-0.8263396167896736,0.3470906194318164,0.5721163783542472,0.48652845432520053,0.785236869627932,0.729716985113705,-0.3900672512852713,0.05154100748249521,0.7320083151056214,0.7543755273984342,0.7320083151056214,-0.113338374025955],[0.9928176745485778,0.9833190811165702,0.5590385343071226,0.9943907948962185,0.9973651303350186,0.9928176745485778,0.9999703252916192,0.9995514610947802,0.9995514610947802,1.0,0.9583704069510797,0.9996379817516919,0.9999716525330571,0.9999706050413188,0.9999753869084046,0.8073127738565546,0.738784881440138,0.1678493221426867,0.9998132824585257,0.9998138720125506,0.9895820271040016,0.9999687747695921,0.12753846240656905,0.6973497674565831,0.9950470646680197,0.9950470646680197,0.9950019652593509,0.9903806118851172,0.10121579554168457,-0.10588318277284117,0.9904781801206212,0.9904435258762403,0.011102755503972262,-0.18539662243594313,0.9993800207675843,0.9993384637421795,0.799640188696416,-0.494379273363366,0.9989250722873573,0.9993844430976847,0.7874654388178236,0.14408535267026165,0.9992392790849328,0.9992444578928735,0.9992392790849328,0.907972299485911,0.6147667418938503,0.9337151512210726,0.9117969822979868,0.7298365064504012,0.008670096421356249,-0.5377756653474294,-0.15862861164673392,0.9233702664597372,0.29832169193019903,0.96305076123832,0.9624157934570686,0.9804267003074022,0.9949099197834129,0.8800093342344039,0.8695980397362191,0.8962381840763516,0.8774104445774362,0.8947156770288499,0.8953287404005325,0.8947156770288499,0.8043855270323943,0.8442951445606157,0.8457901582211265,0.8442951445606157,0.8695484374980689,0.7765707472139,0.8555920759861332,0.8568162878392289,0.8555920759861332,0.596272038823822,0.4350845147049177,0.565353381930782,-0.6449142349693281,0.5445749987098282,0.5108470582960287,0.5106421089689822,0.5108470582960287,-0.11032006724607278,0.8468955065369522,0.8667912755311437,0.852466956414934,0.8887787765514181,0.18507430025196342,0.8515317885836077,0.8534877686349676,0.8515317885836077,0.858243470566405,0.858243470566405,-0.1900748351678168,0.6992286752700954,0.060211610042940435,-0.6787577768864224,-0.6640388495415844,-0.6650843952290388,-0.1560195590612494,0.05732058712110728,-0.17848278946390284,-0.1774667711348069,-0.5733784587157954,-0.3869319969376986,-0.8687085048855085,-0.5821184774905311,0.08399558095435672,0.08510211214868264,-0.6129683105684336,-0.5887637650247756,-0.546300277571768,-0.5911087072861271,-0.8051055047847281,-0.6119460689532261,-0.6141804551630877,-0.6119460689532261,-0.27827694917678786,-0.36426543168771475,-0.36426543168771475,-0.7850843815285613,-0.7850843815285613,0.3670056429444521,0.5872552605742116,0.8141615830185208,0.8004329771720782,0.740328006789422,-0.39662819543188677,0.6346543537538328,0.6942933088681892,0.6944544921004022,0.6942933088681892,0.1057192155993655],[0.9762507290666401,0.9686932367976715,0.5157703293415421,0.9742016808041972,0.9660773733532522,0.9762507290666401,0.9594374491577546,0.952542241298531,0.952542241298531,0.9583704069510797,1.0,0.9417987447121184,0.9594575579407647,0.9593925975131089,0.9591660700995264,0.6404970353986855,0.5590686940775735,-0.04938239871369211,0.9639972107685822,0.9639760022007444,0.9595764213381853,0.959568514469792,0.0554996846070377,0.7384274066550233,0.9610638823989656,0.9610638823989656,0.9612451896574474,0.8830803439550975,0.20844531020389379,-0.08830700967544816,0.966624480994412,0.966732265765256,0.16959328624893552,0.0849305304211706,0.9677288073229432,0.9679786760887964,0.878890642104991,-0.3940626637423149,0.9506094190848333,0.9668890815597873,0.6173162281233876,-0.07070155858217776,0.9688753006279797,0.9688432762172865,0.9688753006279797,0.8057111294545194,0.41346858068301257,0.8116541407443825,0.8893693486952733,0.846100793379016,-0.5281332100880798,-0.6814865930024294,-0.25641147211084575,0.8852658906646229,-0.002220820300062316,0.91578066182232,0.915845362688152,0.9357176799272411,0.9649072774644204,0.883777084281377,0.8837822693217052,0.9038314277983801,0.8865973905880119,0.8971540550692219,0.8978065770980893,0.8971540550692219,0.8383055069735131,0.8207732988026246,0.8225327326102768,0.8207732988026246,0.8804577759886043,0.8964181019922179,0.8788418004458918,0.879468041508513,0.8788418004458918,0.6831114418070449,0.6102931516015493,0.6840525503092724,-0.33593829185391794,0.70369833863933,0.7200898569793086,0.7225077976008802,0.7200898569793086,-0.2716055881450845,0.8840754107185117,0.937728079355475,0.8989146843498531,0.8961628992554602,0.037987846793817344,0.8776579463641128,0.8787467188400168,0.8776579463641128,0.8868287511383044,0.8868287511383044,0.039008552646720665,0.38426545289628256,-0.10892128034360138,-0.6089153229947227,-0.42441652114391604,-0.426550975339084,-0.01189212212815226,0.41573423936451853,0.04775426356307504,-0.1312838663803181,-0.4853535408545279,-0.061247722988739116,-0.7995261825694584,-0.2228974423625404,0.29993166294552553,0.2992118729668813,-0.3928099001661051,-0.43434275433210295,-0.35413105593126093,-0.36343679746461666,-0.668850156849046,-0.37419637715183346,-0.3764041533060817,-0.37419637715183346,-0.09039160195238101,-0.4030025897292092,-0.4030025897292092,-0.5395585814764782,-0.5395585814764782,0.5259852531795101,0.6525095904911947,0.7516683105775666,0.6817081112937073,0.8188701191262464,-0.48764722566131125,0.3894190675826587,0.5398992935836264,0.540186296983018,0.5398992935836264,-0.19144326005822673],[0.9863787088541011,0.9850349234335244,0.9959165411816496,0.9899978023102589,0.9963817210370023,0.9863787088541011,0.9996755012776979,0.9986933794950467,0.9986933794950467,0.9996379817516919,0.9417987447121184,1.0,0.9996742443592076,0.9996687009483844,0.9996394169719683,0.445848669298902,0.3551227967657651,-0.4767119248866577,0.9997937918379829,0.999796679180461,0.9996795595339457,0.9996793135874684,-0.21207771386749275,0.9703348473016734,0.9942608531697514,0.9942608531697514,0.9942414090275713,0.992612399854507,0.13088180220305187,0.11492463879329234,0.9911244515292225,0.9911712610015576,0.9242558036717811,0.06617187116002801,0.9989784342906664,0.998929392902352,0.9987961911890059,0.9993476595248213,0.9993830505582189,0.999012558040863,0.3979247096185951,-0.4854500049786777,0.9987418734215552,0.9987506697830214,0.9987418734215552,0.9017563064924542,0.4555045769980536,0.9300374940879161,0.9096576735436908,0.7306493673183336,-0.4637240864158929,-0.621399804194944,0.8037097408457115,0.8312845126673187,-0.3350142470634103,0.9271234184930933,0.9273429235950221,0.9676037462239822,0.9931101899592695,0.8907594740336638,0.8982577404416832,0.8736496124745415,0.8749049259013458,0.8805854406995504,0.8812899326650668,0.8805854406995504,0.7491393426980392,0.7140442189403806,0.7163382214853468,0.7140442189403806,0.8974902613299814,0.904199250644615,0.8965794320007993,0.8977286325105039,0.8965794320007993,0.4579294087293342,0.3911502410797189,0.5021481938808103,0.6092289139926857,0.5023761985585241,0.5350732941179205,0.5371930055504996,0.5350732941179205,-0.3731110604134294,0.8322576298031092,0.8707795223053849,0.8558627415846755,0.897660091692226,-0.28069651475081925,0.8269673733520048,0.8273691830384222,0.8269673733520048,0.8380177192175521,0.8380177192175521,-0.2434867345689935,0.6912388700118413,-0.38373841200814324,-0.7708726510396658,-0.5361129567320649,-0.5386088321753986,-0.39967687562082094,0.20689388936736292,-0.2908291711234076,-0.5008718530546237,-0.7242864436569355,-0.3797083561849168,-0.5999775717850769,-0.4479686887429238,0.07845855995827501,0.07524699008278378,-0.5582869916614202,-0.527623383286153,-0.5480428625405879,-0.5832273553567688,-0.5769678297336214,-0.5513232438392256,-0.554354856872011,-0.5513232438392256,-0.4202906622725722,-0.6122304234459788,-0.6122304234459788,-0.6126522900823578,-0.6126522900823578,0.3627594787069151,0.3366779746242902,0.46592962411278926,0.5590303520226833,0.5280701872237495,-0.5675802156549598,0.295589486185947,0.28852216859985724,0.2886885901631736,0.28852216859985724,0.22347240826679238],[0.9921614364392328,0.9835078543458506,0.6254811147577697,0.9934974300726661,0.9971846923886747,0.9921614364392328,0.9999965393211341,0.9982236428529931,0.9982236428529931,0.9999716525330571,0.9594575579407647,0.9996742443592076,1.0,0.9999901956130799,0.999994963865593,0.8977617170514985,0.8803581324029948,0.28441782613988703,0.9998601373019153,0.9998604502810258,0.9897348864355395,0.9999973063595102,0.34437153666678444,0.724823008420371,0.9907340601107494,0.9907340601107494,0.9864733531111065,0.9904783192652811,0.26871558231301684,-0.1665403351399792,0.9916276829876054,0.9915020729537122,0.19295205428218476,-0.22681568059516705,0.9993392319284528,0.999450704060669,0.418759265855267,-0.31266047577701356,0.9989947536667952,0.9994144940265571,0.8842333709601892,0.26379547139920057,0.94081966236334,0.9990874951262251,0.94081966236334,0.908123626881218,0.6143072891604086,0.9340418730322128,0.9123295172315355,0.7305034193551204,0.40880790203421913,-0.10936827576415432,-0.19913653551765303,0.9276002388406435,0.35270358256248135,0.9676499701871365,0.9624286070175514,0.9786197910959336,0.9957070918983297,-0.042271277439413814,0.8686318763671753,0.8300737365277518,0.8763592406233282,0.8244800566315216,0.7882356697388171,0.8244800566315216,0.8046376833545686,0.7923072016262992,0.782992816155638,0.7923072016262992,0.8680603560697732,0.3748939227573257,0.5814737657393805,0.6473296243758101,0.5814737657393805,0.5966766636588331,-0.34687099200421545,0.5653344975275976,-0.6330053918817813,0.4885758863493825,-0.09834756037115226,0.4299474009458748,-0.09834756037115226,-0.15301195126014522,0.8460369794045336,0.8669946082649674,0.8521803204069671,0.7636797418169777,0.26834895931837033,0.8458887350271387,0.8476021045787452,0.8458887350271387,0.7616450941509973,0.7616450941509973,-0.18824448101334396,0.6984134832560102,0.24197173349295625,-0.6660336239540586,-0.6277593028963391,-0.630689314002897,-0.15256952197561308,0.053565820886596095,0.332568004689988,0.007633777880424296,-0.5308062328607375,0.06268324313676828,-0.8277320381656993,-0.16445777556837765,0.08460371114236435,0.08575476079726847,-0.6113260802093622,-0.5926142175209612,-0.09250574980486378,-0.5893442019018572,-0.8357729140609576,-0.3806906473346753,-0.21304472792562057,-0.3806906473346753,-0.2758167560002844,-0.3603893891004364,-0.3603893891004364,-0.8282100002552343,-0.8282100002552343,0.36694312156467046,0.5889673525618986,0.5053171297158452,0.8031641632652419,0.7422715330093,-0.3684700710461659,0.06573340421605658,0.7512210428090746,0.7701208255764954,0.7512210428090746,-0.13038582287732386],[0.9925888996487607,0.9833932614190403,0.6159550977483049,0.9942261958175257,0.997262915459509,0.9925888996487607,0.9999865115701186,0.9993989362378538,0.9993989362378538,0.9999706050413188,0.9593925975131089,0.9996687009483844,0.9999901956130799,1.0,0.9999874528337642,0.8520427182546881,0.7974960000962567,0.28643999627262046,0.9998830192995551,0.9998835926918994,0.9897251285434968,0.9999874364772767,0.34716268788922106,0.7205413927785235,0.9937396250956987,0.9937396250956987,0.9937018787852359,0.9903907040105714,0.2644628606039963,-0.16693909595727685,0.9918202368982959,0.9918317705210811,0.21703824446094902,-0.22614078020424258,0.9995121727959319,0.9994507176749563,0.8404935900981069,-0.4056823234036509,0.9989872812533446,0.9994180653855729,0.8376148612640968,0.2658553097018017,0.9994019652948607,0.9994064671730217,0.9994019652948607,0.908088990775103,0.6146141232233403,0.9336291530003183,0.9117488221378174,0.7294112831408165,0.2887799757924815,-0.2806173041021686,0.09570746121201622,0.9275043049618931,0.3534762338984717,0.9644319872702642,0.9624194264125698,0.9771067888621798,0.9959400812330055,0.8875604814272047,0.8677138516554136,0.9010825241484169,0.876244104050352,0.9001921632545946,0.9010452971449929,0.9001921632545946,0.8037904514815554,0.8658791605397811,0.8673353555635862,0.8658791605397811,0.8678227521914833,0.7594603457104891,0.8614813099247984,0.8631114088903898,0.8614813099247984,0.5954220251231847,0.4415959203675607,0.5640227798521135,-0.637699039987333,0.4871916356903243,0.4960872559202011,0.4972118270729529,0.4960872559202011,-0.15477560262005916,0.8458084535143966,0.866181625839354,0.8512486044825184,0.8945606481656309,0.2709771495757689,0.8457599235231148,0.84747477752569,0.8457599235231148,0.8564238078386337,0.8564238078386337,-0.18898803276124165,0.6989574659733808,0.1607179514526921,-0.6647681554225833,-0.6272140787366759,-0.6301306420297889,-0.15175639269721714,0.05277853981904884,0.10966584589734932,0.009307288078592744,-0.5290952690041192,-0.12345283046021886,-0.8396042677061872,-0.38466288200838655,0.08439092957223004,0.08552046241268656,-0.6112030248385198,-0.5919202524946611,-0.38544883983568456,-0.588995984429025,-0.8294616348287426,-0.5003303264661915,-0.49595848047569,-0.5003303264661915,-0.27493514323528184,-0.36036468508470726,-0.36036468508470726,-0.8203664514059523,-0.8203664514059523,0.3670874762343429,0.5893483945118437,0.8237670822811958,0.8072782869277514,0.742978894123162,-0.3678582989790826,0.702594486162864,0.7408926519187418,0.7409741021748327,0.7408926519187418,-0.09870830223454657],[0.9922164629594835,0.9833423885592563,0.625705250623137,0.9935282940083103,0.9972123224460128,0.9922164629594835,0.9999932847334161,0.9991335749917,0.9991335749917,0.9999753869084046,0.9591660700995264,0.9996394169719683,0.999994963865593,0.9999874528337642,1.0,0.8915180772816382,0.8495698600722679,0.2845345771524459,0.9998627547512302,0.9998629563987338,0.9898725160298583,0.9999949039693459,0.3450257498630517,0.7246768028731996,0.993992806153076,0.993992806153076,0.9938959534774967,0.9903935019403044,0.268980134578189,-0.16657340170879922,0.992441865288116,0.9924894620102177,0.1936897030792154,-0.22664879228747298,0.9993857742162029,0.999449570452917,0.4177792151644446,-0.31188057128215513,0.9989482428543885,0.9994168816467041,0.8827183402284844,0.26393501463667507,0.9403628579638622,0.9991392667428796,0.9403628579638622,0.9083848061078869,0.6149748116712278,0.9342795377809501,0.9125676689449508,0.7302422908159399,0.410156394155076,-0.10784999496478626,-0.19934670266338975,0.9279503250266956,0.3529683989585687,0.9680423481081136,0.9627411445618835,0.9788861454883163,0.9957451688746425,-0.04326303409144965,0.8689002841030059,0.8299938615620946,0.8765910912569783,0.8244353172802235,0.7878152035591608,0.8244353172802235,0.8048334292349908,0.792257497384695,0.7833699706804814,0.792257497384695,0.8683721104267189,0.37423715175559324,0.5809915382712464,0.6473430187308756,0.5809915382712464,0.5965443676985002,-0.3480031750187127,0.5652792515004744,-0.6331738167688582,0.4882321459513099,-0.09931525382313784,0.429615056074853,-0.09931525382313784,-0.15296076372033351,0.8461707800283264,0.866731479499311,0.8523110410013074,0.755523950623103,0.2687145256963527,0.8459936215270611,0.8476971479303309,0.8459936215270611,0.7614629445168423,0.7614629445168423,-0.1896402158445051,0.699198941946611,0.2424566030503554,-0.6660209985787223,-0.6281159056192673,-0.6310509410728073,-0.15366276012052155,0.052401865241454314,0.33287967924088696,0.007221789013700841,-0.5310261474921109,0.06277220661069423,-0.8269386102878284,-0.16429554748459407,0.08365517389290704,0.08480590519742723,-0.6119126235583104,-0.5928353943526107,-0.09194102134667471,-0.5905114004600482,-0.8357797352687036,-0.38062810484910026,-0.21250289110906448,-0.38062810484910026,-0.27671671661084807,-0.36083303718079873,-0.36083303718079873,-0.8285492094141484,-0.8285492094141484,0.3671399458519366,0.5886291932797548,0.5048193051360007,0.8035947769027798,0.7417148077277143,-0.36803205671241856,0.06509159472396796,0.7516235428306823,0.7707240429170554,0.7516235428306823,-0.13008898296867938],[0.8453169913343666,0.36343091145877676,0.4635916347277258,0.844640414595464,0.778656596352471,0.8453169913343666,0.897816896845676,0.895508424000787,0.895508424000787,0.8073127738565546,0.6404970353986855,0.445848669298902,0.8977617170514985,0.8520427182546881,0.8915180772816382,1.0,0.9946894067898489,0.40943660628274736,0.8779398051896613,0.8779298565272231,0.8273762050443388,0.8907721283278149,0.32777692691806876,0.4940826229917627,0.8824993913484152,0.8824993913484152,0.8701757056338271,0.05947646497694078,0.19075197988082052,-0.18679851822756732,0.9117873185979833,0.9100073014710143,0.15196084286019854,-0.2525671550954368,0.8951924049399349,0.8238966851287739,0.299247482589936,-0.3195068770463829,0.4610126406410099,0.8013372659521244,0.9984306700125984,0.3913420269634453,0.8226356378871785,0.8949728471757129,0.8226356378871785,0.42766583676911263,0.5739359683819679,0.06136374493709398,0.04682931541912429,0.2872696642761571,0.40739666789798784,-0.06428987455711478,-0.20993999254117537,0.8014786963585213,0.40468835024365496,0.8883441353424267,0.8129166980517092,0.8704112896141131,0.8849331414440053,-0.09586444275586473,0.3795387955143432,0.6769364422830317,0.6048625416354174,0.6689149268072341,0.6948581216839137,0.6689149268072341,0.49665433956670985,0