var correlationAdjClose = {"data": [{"type": "heatmap", "z": [[1.0, 0.9999907377833493, 0.984479024603012, 0.9999214054741252, 0.998878589574136, 0.9885583898083642, 0.9974859534041907, 0.9952292596080993, 0.9955314818608045, 0.9795609178018935, 0.9919687964592997, 0.9953752259021653, 0.9945834031279412, 0.9952842838834642, 0.9954277962104724, 0.9965389614198482, 0.9981346586817241, 0.996007233901293, 0.9960264324628424, 0.9960567422656229, 0.9953295808688195, 0.9854828640344947, 0.9690492028055596, 0.987753651261203, 0.9865847622774131, 0.9805848677540716, 0.9633177669086578, 0.94272654464437, 0.9942530754171636, 0.9945977271943038, 0.9917659443596675, 0.9747108095037047, 0.9973968699420891, 0.9976968291444552, 0.9970710539386222, 0.995440492096579, 0.994929714824448, 0.9975529843639853, 0.9976125587888375, 0.9987488307405331, 0.9973370165101219, 0.9973526973932868, 0.9765274243568797, 0.9204657320359144, 0.7519634993947704, 0.8991388227944253, 0.9049511680786865, 0.8417250683764658, 0.9678297190096739, 0.9446111190271816, 0.969097032420034, 0.9658540252574346, 0.9596522920660677, 0.9859390373317476, 0.9823797399332662, 0.9839363009939215, 0.9769119629921074, 0.98582943502409, 0.9831206891601255, 0.9864688432980525, 0.9862520800521337, 0.9639608506496512, 0.9668816355794243, 0.9712754848446544, 0.9709588833954449, 0.9439302293919565, 0.9750507517885284, 0.9735391372613436, 0.9818443857721488, 0.980986230347859, 0.9352261669955662, 0.8577050394589515, 0.8253987931207291, 0.8765440010678227, 0.9039500358785827, 0.8986508470117389, 0.9021325708207217, 0.9008570130049324, 0.6210159871628452, -0.5704748623994293, 0.9764172431771181, 0.9672969511962656, 0.963908830409494, 0.9848384138073482, 0.9499263476618425, 0.9813393450204131, 0.9813206980769563, 0.9446698368134272, 0.9815979800800402, 0.9489334059417027, 0.6278897431425687, 0.8570967503226726, 0.9135181087941906, 0.22573385181644506, 0.919284879272719, 0.9397317222415055, 0.8121349887139934, 0.9566815537099644, 0.8959702600778203, 0.6535066694273215, 0.4945004709881655, 0.8917897961910107, 0.8622758445229087, 0.8882819035258943, 0.9676906531993782, 0.967976738376742, 0.7378853113088366, 0.70253658028622, 0.8267464401483647, 0.33528880729956645, 0.7946054992771417, 0.8310283675874046, 0.8175177474407663, 0.8156183050199897, 0.7446764722698154, 0.740614707146191, 0.7205234398113853, -0.23734437136087191, -0.3725296009253224, 0.630825438139483, 0.8998513067890901, 0.9454135966914593, 0.9495932223996764, 0.9194305696476348, 0.8284942398389525, 0.9169845102307808, 0.9387666531567568, 0.9385278441036274, 0.8732412521550132], [0.9999907377833493, 1.0, 0.9821851645849428, 0.999761809837189, 0.9974652662301919, 0.9904030391809843, 0.9928375953202395, 0.9883657084539574, 0.9884017394119093, 0.9669571828649113, 0.9908707873017562, 0.9886219082497201, 0.9884347724619936, 0.9884854072815886, 0.9885834251836179, 0.9934264694791003, 0.9949783574784825, 0.9918991698446801, 0.9918993539679873, 0.9884823367462907, 0.9885442610122009, 0.9875031329632176, 0.9604171063480166, 0.983753281130587, 0.983417633222013, 0.9804924249133719, 0.9714317263823422, 0.9058631763153172, 0.9878215085302696, 0.9837765849611466, 0.9756008345597648, 0.9107712497571007, 0.9945349880044162, 0.9943541700814371, 0.9946447771759661, 0.9896940092992088, 0.9940488533623507, 0.9946333509004824, 0.9949481080058125, 0.9967620043451925, 0.9946398056087391, 0.9946489606042787, 0.9856672338336444, 0.9201402086345826, 0.6147607007031662, 0.8990073801396748, 0.9052103187573588, 0.8418887216466084, 0.8765722358071469, 0.9121728445369445, 0.8804734148157445, 0.8980277023182432, 0.8753965678332464, 0.9548321711444951, 0.9547190020543949, 0.9731726926252845, 0.977362886478801, 0.9710412124832608, 0.9705739891021699, 0.9738423528475655, 0.973748733587724, 0.9337314854604316, 0.9426936887639568, 0.9066344746496032, 0.9065158418415477, 0.7979020988935741, 0.9679860399088938, 0.9704196789451982, 0.9706881839616004, 0.9700609591322535, 0.9287173428076004, 0.6380117110528244, 0.5775959099788542, 0.7354981478330899, 0.8338384922752915, 0.7591988656818688, 0.7984977902413773, 0.7966583037955832, 0.5702272958288656, -0.2765830757694122, 0.9550531125137985, 0.9623701164677576, 0.9547274368813906, 0.97413299311244, 0.9138761143559277, 0.9599018243707986, 0.9589164622210893, 0.8990306234329186, 0.9630515094043922, 0.9052089068879818, 0.4414303389476258, 0.8566173419226001, 0.8550167690200718, -0.21547219258250846, 0.6335569189907466, 0.7315538984939862, 0.6292959931207702, 0.9542296197841228, 0.6459508416043999, -0.22066386683043332, -0.08094652657071887, 0.6132727797027862, 0.6206661130280009, 0.6678581278298438, 0.9559272928603182, 0.9557585246573456, -0.09414401861930531, 0.13993128778865876, -0.0136020043130587, -0.04570179291603545, -0.018043785059079293, -0.001605527410658208, -0.033053817081487885, -0.07496792821754156, 0.33675328626272777, 0.08064916975409482, 0.032279454418721876, -0.45446718416096527, -0.4870413702530373, 0.6313279692972878, 0.7439418536990675, 0.7673979484940643, 0.8299058949744113, 0.8239887778459853, 0.5333337372262236, 0.7322405684850604, 0.7643154480501523, 0.7629306640917535, 0.4113989633752182], [0.984479024603012, 0.9821851645849428, 1.0, 0.9859296278795417, 0.9927332798336845, 0.9898348926482831, 0.9906970480285813, 0.9910963079506387, 0.9943729002765463, 0.954361537362868, 0.9969348112241956, 0.9909960620691961, 0.9929367292067962, 0.9911576036214051, 0.9910733314616758, 0.9916696283312579, 0.9901030223633933, 0.9896572385648488, 0.9896262920931901, 0.9928958934080969, 0.9910265581109531, 0.9933717107275112, 0.978815953099426, 0.9906629045147731, 0.9910654699700553, 0.9790192770442155, 0.9817733502359373, 0.9463860145956935, 0.9733197098374549, 0.976622073948996, 0.9782539912351362, 0.9499613386648578, 0.9879625154247489, 0.9910841237456253, 0.9893897224424512, 0.993075886268791, 0.9946926982226881, 0.9921101112891895, 0.9873628472446777, 0.9869974019001058, 0.988238175121556, 0.9876040209022602, 0.9904505463773231, 0.9207831081839698, 0.693325022453108, 0.9262649622901663, 0.8974879426244928, 0.7504549070465413, 0.9288736596817125, 0.8997992722686178, 0.93100426118044, 0.9257769075309751, 0.9169462108522276, 0.9532202067478571, 0.9602157502397322, 0.9302346801474924, 0.9467505244585227, 0.9532900452300256, 0.9588076596465435, 0.953926486617484, 0.9282886017437851, 0.8949683921915971, 0.924818208904183, 0.9234350352442392, 0.9069051553233636, 0.8604048504143903, 0.9584544729102064, 0.9363521718646403, 0.9540273411825281, 0.9325230261705014, 0.7668491121103133, 0.7964357875916915, 0.7309933320478464, 0.817380274824997, 0.8630835680267542, 0.8603156594615361, 0.8326247556901148, 0.8464507573722473, 0.29488617432095987, -0.5713849177966159, 0.9448143797762705, 0.9165138543945707, 0.9212705752973029, 0.9307835128649692, 0.9161422192369426, 0.9501620293147898, 0.9498733119946705, 0.9098454844900203, 0.9467591144425325, 0.8341390098312015, 0.5986123178208202, 0.9298514189085786, 0.934161909856456, 0.14694614332623795, 0.8996676370367935, 0.922684788460361, 0.7975069847713403, 0.9773979307325322, 0.7787651786962669, 0.561938854021111, 0.4175706248118455, 0.7858067403373747, 0.7874100569401906, 0.7743907175307451, 0.9811594274358565, 0.9812383444043976, 0.6565857567172455, 0.6365675437707338, 0.714963968610574, 0.2648732793411272, 0.6896088255578815, 0.7120766908926582, 0.7262564738955376, 0.7083686251231524, 0.6975012946442712, 0.6663498180437799, 0.6442849175090261, -0.3124221632812279, -0.4470894653848382, 0.584081366899207, 0.859604372687677, 0.8958459797924355, 0.8974097988147128, 0.8925515608748502, 0.7582556750508022, 0.8701295759557875, 0.8843799170788901, 0.8931558298791137, 0.7396827399576695], [0.9999214054741252, 0.999761809837189, 0.9859296278795417, 1.0, 0.9991925683482131, 0.9894919336964878, 0.9978365524043307, 0.995767468663426, 0.9961654299828606, 0.9792398882271942, 0.9934719155692482, 0.9958953477422262, 0.9953151071425407, 0.995820698476353, 0.9959419369758815, 0.9970641823158606, 0.9984750381376057, 0.9964763207353524, 0.9964921982402803, 0.9966008324486619, 0.995852304793879, 0.9867659262010242, 0.9703824233670904, 0.9888773232403577, 0.9878204541409666, 0.9831008217715311, 0.9654538099963972, 0.9439241118176902, 0.9937547688030449, 0.9942710873312328, 0.9919014455713734, 0.9743882664047023, 0.9975671844820888, 0.9980173732888332, 0.9973970716630465, 0.9960262501156321, 0.9957800926854096, 0.9979125208859847, 0.9977334073692206, 0.9988534585626088, 0.9974980499656102, 0.9975099478136695, 0.9783651258718743, 0.9160684888362307, 0.7455618824806204, 0.8998274417980735, 0.9021786763887457, 0.8310817466669354, 0.9649342880947545, 0.9411609773280968, 0.9660897001683403, 0.9631876450741504, 0.9568005499362608, 0.9838700285150714, 0.9808466386081631, 0.9821153023204022, 0.9750693540202464, 0.9842022547054857, 0.9822032136445311, 0.9847617239447403, 0.984543834670242, 0.9498656422324132, 0.9651388417398794, 0.9695116677281274, 0.9691965200242992, 0.9370532421825213, 0.9743043686695179, 0.9697763374694575, 0.9799967270329069, 0.9790999968953012, 0.9065732436057516, 0.8555066406718512, 0.8204499239207079, 0.8740431144655356, 0.9002410678648943, 0.8976971489753282, 0.8989878591265835, 0.8977861168882746, 0.5152699647357012, -0.5705707880320364, 0.9751241693251267, 0.9649392747469244, 0.9616044671372354, 0.9830252289943088, 0.9484727049291376, 0.9801919299600856, 0.9801751046778474, 0.9434223411494294, 0.9797446104191726, 0.9277130585213454, 0.6336534292961523, 0.8661388402813641, 0.9181308348465788, 0.2259024263393058, 0.9210505225446435, 0.9412430553098122, 0.8124999622187136, 0.9582265639257028, 0.8898472387150956, 0.6503445323722973, 0.4920202242761593, 0.8867488689371187, 0.8587541027000066, 0.8829076640943117, 0.9688253106907269, 0.9691181617884329, 0.7369903809931099, 0.7028967313439373, 0.8188420755502764, 0.3374727713621486, 0.7890593563599028, 0.8228382090492152, 0.809402423798991, 0.8103821411405078, 0.7476836124181925, 0.7407700893166569, 0.7207451626257976, -0.23272571345689833, -0.37177305031469066, 0.6288979651641023, 0.8979881199115037, 0.9436980979817279, 0.9479219314392849, 0.9183791764935644, 0.8257229822017909, 0.9150781499645029, 0.936627909273758, 0.936543548472408, 0.8655555598578393], [0.998878589574136, 0.9974652662301919, 0.9927332798336845, 0.9991925683482131, 1.0, 0.992261062402581, 0.999035942051301, 0.9982462641914707, 0.9983041835128547, 0.9726055546274007, 0.9975623632246526, 0.9982947392648723, 0.9980707681757726, 0.9982810146754146, 0.9983497167135851, 0.9986163872316925, 0.9992029774150868, 0.9986802766898604, 0.9986824275893058, 0.9983711444744491, 0.9982805391727474, 0.9935275487471844, 0.9779398820652118, 0.9936225893476296, 0.993546486858815, 0.9869335576134779, 0.9796602259213147, 0.947098123672004, 0.9902936218965224, 0.9925280822142587, 0.9895879002767894, 0.9650797207913868, 0.9989385360121297, 0.9989708494778491, 0.9989606985729158, 0.9983979605408179, 0.9984966565973279, 0.9990618077120536, 0.9991159704968193, 0.9989939066445789, 0.9989223133835308, 0.998922576465588, 0.9888464148953925, 0.9257148177380657, 0.7207740514620365, 0.9155838879870281, 0.9057492297132974, 0.8116423147842511, 0.9488626999507781, 0.9281415057475351, 0.952629577806263, 0.9543314922757324, 0.9476272673751586, 0.9798181251555298, 0.9797408631404022, 0.9776681990250274, 0.9685330680750441, 0.978694961517051, 0.9774679581256195, 0.9790115499387638, 0.978746375706187, 0.9513693963113794, 0.9542010741594567, 0.949528120184076, 0.9491356813815837, 0.9015896318992909, 0.9710063615056927, 0.9677103412277448, 0.97469236181989, 0.9737244611267705, 0.929539732823573, 0.8294534039004977, 0.7820496523109067, 0.8550995371989936, 0.9019835171657067, 0.8822090285741954, 0.8913015243657183, 0.8901692354604579, 0.6726205456578839, -0.5935358585191709, 0.967337192927275, 0.951843385925446, 0.9499436256632866, 0.9788897419719707, 0.9317914657819695, 0.9719968750634929, 0.9715417594957919, 0.9317004903869264, 0.9741127132238722, 0.9360582217314984, 0.6193925787599837, 0.8893517940604807, 0.9397431457430222, 0.12170876819582219, 0.8976158519721082, 0.9242115306375506, 0.8059420574061174, 0.9643462581027714, 0.8784376750699333, 0.499857893575523, 0.37372171925428616, 0.8658007829053451, 0.8184098332328101, 0.8674623840868264, 0.9732617166312654, 0.973492480242972, 0.6891563716495283, 0.6825608200898153, 0.7334469918631802, 0.31106796074589954, 0.6688459700428745, 0.7393729923744106, 0.7151673496942433, 0.6948327257791949, 0.7306571793116019, 0.7225822444059451, 0.7015525659822752, -0.4580696699582635, -0.5338366278858613, 0.616364340681056, 0.8902724620971416, 0.9274049102133711, 0.9390717002284181, 0.9143881793550073, 0.8009977843176572, 0.8966946344709927, 0.9204696716857851, 0.9199280853586792, 0.7986129703947367], [0.9885583898083642, 0.9904030391809843, 0.9898348926482831, 0.9894919336964878, 0.992261062402581, 1.0, 0.9888589345510258, 0.9888109281191035, 0.9882785691624161, 0.9646817121019106, 0.9790669312449535, 0.9887639544564245, 0.9898743140011018, 0.9888710571751449, 0.988973779678078, 0.9918270652069839, 0.9900730871660491, 0.9897005885299633, 0.9896702086170458, 0.9876498190325128, 0.9887923600946524, 0.9961213051692319, 0.9910991736632374, 0.9885239430687959, 0.988294320276797, 0.9677924989583195, 0.984466894203659, 0.9655873564907694, 0.9734718899814085, 0.9771408019580478, 0.9853458441643613, 0.9719659638603034, 0.988835375171362, 0.9890058393734135, 0.9898014221238204, 0.9897470365204342, 0.9818634822233616, 0.9897241447460547, 0.9891890989693968, 0.9891297470560974, 0.9889327658285254, 0.9889042011063388, 0.9945151629009178, 0.8798807360809476, 0.726703512656162, 0.8761036348096881, 0.9026196636789484, 0.836564117846093, 0.9359627664433385, 0.9126492387493765, 0.9377124173142826, 0.944861721040191, 0.9338085798355819, 0.9629351717846166, 0.9673752747178744, 0.9674530530188473, 0.9791087382083508, 0.9685798610007389, 0.9803426375633469, 0.9685010417243499, 0.9679607897676064, 0.9667486685527796, 0.9587439789475821, 0.9429957008704208, 0.9424917394074, 0.9290185176543, 0.9774159269487054, 0.9697754424840003, 0.9685937880939556, 0.9669528960483171, 0.9479005908662004, 0.8543509755575124, 0.806212494094087, 0.8746943430049747, 0.8944599421109265, 0.9017230220254807, 0.8851167657918682, 0.8831712208698439, 0.6396688986802015, -0.5343636497152711, 0.9739606938874756, 0.9693491206187127, 0.9660651564102414, 0.9686416150547674, 0.9485228326773795, 0.9743937479843023, 0.9740818808200606, 0.9535752500204749, 0.9639334195089783, 0.9532095330521013, 0.6343000744876839, 0.8279648310827898, 0.9355247073364561, 0.22526994679975398, 0.9104980239374793, 0.9290806343080614, 0.8081587573582214, 0.9546732601045884, 0.8472592565593597, 0.6006764974594497, 0.4710744341498942, 0.8446247529355623, 0.8200768330361691, 0.8419108381299432, 0.9570034448940232, 0.9571535243383988, 0.7008003163287466, 0.6834993379993333, 0.764427713295308, 0.33780936806193945, 0.7423067669734784, 0.7701622693640817, 0.755972742356964, 0.7581051335100792, 0.7356878151975531, 0.7128470751195616, 0.6948950250239416, -0.2633551697300159, -0.3901663957383202, 0.6603110465486038, 0.8859844254201931, 0.9039818769496581, 0.9122827543481788, 0.9005661878794913, 0.8015522880935875, 0.8728653870415277, 0.8955412738381245, 0.8954275049712496, 0.8401796643850323], [0.9974859534041907, 0.9928375953202395, 0.9906970480285813, 0.9978365524043307, 0.999035942051301, 0.9888589345510258, 1.0, 0.9971219444294198, 0.999524402080439, 0.9719560014831162, 0.9994111712267723, 0.9981100427261259, 0.9990616606967392, 0.9990077457733174, 0.9987818554654003, 0.9981352399723845, 0.999894665828244, 0.9992454440059779, 0.9992518034643132, 0.9996459395767925, 0.9992141373944302, 0.9906566793951302, 0.9745066604714585, 0.9839450218062212, 0.9924098765133785, 0.9861597426726173, 0.9715684855963661, 0.9424749258905369, 0.9923490786809975, 0.9917435273466206, 0.9929668782583965, 0.9711485819649351, 0.9988146244644519, 0.9998157613787538, 0.9996478843993053, 0.9993870703696354, 0.9996492476798529, 0.9998469409697026, 0.9978883762541098, 0.9994976205468655, 0.999265539717185, 0.9988695082986127, 0.9832499036046836, 0.9312377428871184, 0.7358672910595756, 0.9286329797406921, 0.9160141085721487, 0.8025873110308392, 0.9594835406220545, 0.9404903628842973, 0.9614876706090937, 0.9584578109605847, 0.9528254728774262, 0.9819153333198775, 0.979987535078772, 0.939704784169576, 0.9542957032102944, 0.9683403963706395, 0.9685501239604312, 0.9701933205183852, 0.9400697850131742, 0.888489446308384, 0.9439734980837148, 0.9545768017681229, 0.931435244196774, 0.8746446727431135, 0.9597337181126718, 0.9289745514085922, 0.9618084676455613, 0.9400467954988855, 0.7307922601406347, 0.8240652048861662, 0.7535786693313582, 0.8411921062101525, 0.869727317035028, 0.8733962439559767, 0.8533066535820704, 0.8658993827451624, 0.2499728593770938, -0.6057300793741108, 0.9574874074378238, 0.9346103320652033, 0.9349727196051674, 0.9422109619730212, 0.9294640430954112, 0.9656674248952293, 0.9657802505310845, 0.9220770046869584, 0.9618195332760809, 0.8184107515602058, 0.6148637394383547, 0.8901218198256421, 0.9179876367219357, 0.20291109756301007, 0.9183227491961783, 0.9397363707528572, 0.8064633705526307, 0.9640136192446107, 0.8310762777881934, 0.6376801219399076, 0.47581838245243196, 0.8433049861298931, 0.836893995160973, 0.8290072993655829, 0.9734335827432227, 0.9737266610091255, 0.7225407488061231, 0.6787240932911118, 0.7838418089414576, 0.30611201463662224, 0.7655847896932891, 0.7927115729370983, 0.7835083993568587, 0.7889695326043246, 0.7261377539267571, 0.7271096475585525, 0.7052415019171445, -0.25198111407414553, -0.3982080181732617, 0.6353484388387983, 0.8915102934353282, 0.9302691680030395, 0.9456425267890274, 0.9174755904134818, 0.8235601446581352, 0.9144122582525402, 0.9362704359041842, 0.9356180771256596, 0.774611056413478], [0.9952292596080993, 0.9883657084539574, 0.9910963079506387, 0.995767468663426, 0.9982462641914707, 0.9888109281191035, 0.9971219444294198, 1.0, 0.9999841670315572, 0.9658902006969148, 0.9996371650536264, 0.9999968690313149, 0.9996587503000579, 0.9999978261143829, 0.9999815119884373, 0.9964383157107098, 0.9992096226176549, 0.9998862602659769, 0.9998859415810547, 0.9999560733414656, 0.9999943681447339, 0.9908179675541263, 0.9754442507644648, 0.9916685339483922, 0.9929105579508781, 0.9830306579655927, 0.9737253195484808, 0.9409882271884482, 0.98865004592145, 0.9942642268298006, 0.9915955618678116, 0.9677136964860464, 0.9994262482895464, 0.9994849689688048, 0.9996091194021949, 0.9996817757617007, 0.9987500692417373, 0.9993996529640187, 0.9991070486566652, 0.9981446209533619, 0.9994959726836581, 0.9993572078038678, 0.9846620022516442, 0.9316486674287672, 0.7226272684609929, 0.93525988158299, 0.9134490641003937, 0.7805825352725113, 0.9580186955042794, 0.9355271557228592, 0.9595965727688585, 0.9519816816864816, 0.9463234352282017, 0.9799497659820743, 0.9767213889368425, 0.9338222801596415, 0.9479951821603673, 0.9601985467570939, 0.9643174871848074, 0.9625667275203549, 0.9380531551355165, 0.8771787345450641, 0.9375732645271727, 0.9464552461801294, 0.9252415377397182, 0.8588460843698846, 0.9559181330426093, 0.9212411724076577, 0.9549772858928695, 0.9345584446725926, 0.713496803926654, 0.8135641187024385, 0.7484505346192936, 0.830628517125233, 0.860436127278009, 0.867005533596745, 0.8479129453425812, 0.8574489469419609, 0.22856388760900342, -0.6118497388641931, 0.9517346685328298, 0.9241649925404509, 0.9261728119801552, 0.9399322238758555, 0.9218594011553399, 0.9600888680319519, 0.9602143773332196, 0.9144128439992982, 0.9531599754440975, 0.8027219146378217, 0.6098254395117835, 0.9120129624260251, 0.9308478771536621, 0.18935064134111335, 0.91750661064425, 0.9392417624162147, 0.8036233289612886, 0.9688723974420723, 0.8351050476112933, 0.6234815848818436, 0.46262400955133176, 0.8447963200146691, 0.8338852149030739, 0.8326619643111826, 0.9765527456623748, 0.9768457424545828, 0.7122519934452042, 0.6694743590122825, 0.7860536186458428, 0.2907271611611098, 0.7604195475994233, 0.7884796058750032, 0.78499871458292, 0.7835019968641301, 0.7184878247185991, 0.7205426029634857, 0.6979658369050473, -0.2694425556411983, -0.4147356525043342, 0.6160167288125479, 0.882794172087032, 0.9280893854182334, 0.9379112278770959, 0.910966815112717, 0.8119162038715596, 0.9078895099943367, 0.9299506173547011, 0.9295593948706588, 0.7539783699305773], [0.9955314818608045, 0.9884017394119093, 0.9943729002765463, 0.9961654299828606, 0.9983041835128547, 0.9882785691624161, 0.999524402080439, 0.9999841670315572, 1.0, 0.9651919619596837, 0.9996356239742451, 0.9999813628597918, 0.999834067219158, 0.9999898722671468, 0.9999962919274556, 0.9989811591623845, 0.9992088966434622, 0.9998214731774475, 0.9998204320432068, 0.9999665492989925, 0.9999821801787637, 0.9936967858935262, 0.9765913183881584, 0.994960148192185, 0.995113924483703, 0.9830676536063774, 0.9779149771200251, 0.942046413557133, 0.989190626445264, 0.9933093900494883, 0.9885991692630871, 0.9631092964111224, 0.999344144630828, 0.9994255860746314, 0.9994250205984591, 0.9998354892029251, 0.9987611151331748, 0.9993896805819303, 0.9993285397299475, 0.9981462353784271, 0.9993377168732632, 0.9993317426993321, 0.9890086963858148, 0.9317014362496435, 0.7234400522324966, 0.9352658429100817, 0.9135340022157856, 0.7808165826372127, 0.9452394668912281, 0.9232675263614286, 0.9485421541418158, 0.9493692383193169, 0.9435607161641497, 0.9773476840839562, 0.9768381659765134, 0.9661991377711707, 0.9485079500895248, 0.9671418228509119, 0.9644366676940561, 0.9675602128526336, 0.9672068254710735, 0.9376295386309115, 0.9369235127062198, 0.9382123211509693, 0.9377843169207386, 0.8890102685022393, 0.956335383885598, 0.9573937708799591, 0.9637381264207825, 0.9624969021431644, 0.9154748994058947, 0.8128227604276796, 0.7596471454222724, 0.8300214777439017, 0.8820548320971048, 0.8653174177292872, 0.8731330806368055, 0.8720607760432724, 0.616972510147718, -0.6281974046868196, 0.9517252640964867, 0.9241895403733847, 0.9262710518315088, 0.9676252669189981, 0.9142466401985149, 0.959633887745484, 0.9590917696590788, 0.9153511825366913, 0.9620138337275563, 0.9200279363904017, 0.6080139594355125, 0.9117915489492636, 0.9453178978442718, 0.13265813982545868, 0.9034098235455983, 0.9294155683514436, 0.8027073263279604, 0.9675816504669488, 0.8852307111195227, 0.5279902817974518, 0.3968096616696849, 0.8731315367046671, 0.8267853292776377, 0.8753695823082898, 0.9765109205070504, 0.9767896166046091, 0.7101482850882875, 0.6667007962939434, 0.7498120255501307, 0.2884293131393512, 0.6872413191031377, 0.755333383046242, 0.7330398296131306, 0.7136440327770638, 0.7161477879578979, 0.7173989042687107, 0.6947925364280078, -0.5081928167101304, -0.5854061629027297, 0.6162768484275515, 0.8816724644164878, 0.9267313508528353, 0.9393152902664593, 0.9099873840797823, 0.8068787547457354, 0.8968404339124936, 0.919854171638445, 0.91928841989096, 0.8079458991402079], [0.9795609178018935, 0.9669571828649113, 0.954361537362868, 0.9792398882271942, 0.9726055546274007, 0.9646817121019106, 0.9719560014831162, 0.9658902006969148, 0.9651919619596837, 1.0, 0.9507693226059475, 0.9662888152907062, 0.9651955929341737, 0.9660143082640099, 0.9655638491060268, 0.9670131890262235, 0.974422039198976, 0.9705044081861208, 0.9705173633367201, 0.9660668373558905, 0.9661424865224169, 0.96575081635167, 0.9528363454459342, 0.9729441958930404, 0.9708033205476623, 0.8915028307113402, 0.9693376988251703, 0.9512718729738665, 0.9758924914229342, 0.9699922818037978, 0.9700102768802225, 0.9354141533687359, 0.9743441886340768, 0.9739060252135565, 0.9743803039585722, 0.9664531587299193, 0.9587021574006828, 0.9733597082771608, 0.9741676847965093, 0.9783403022566862, 0.9745330925679226, 0.9745516559329124, 0.9558901972572966, 0.8446774675319667, 0.5430860319744546, 0.7923878487110586, 0.8917051187258707, 0.8755046747046378, 0.902209349410247, 0.8285072149119416, 0.9067103319109874, 0.916085101367656, 0.9038143203558349, 0.9328971248457402, 0.9327501765127079, 0.9438865925381831, 0.9354490946667021, 0.9544233773670249, 0.9479648515363621, 0.9527536795944976, 0.9527695238574476, 0.9121143758273156, 0.9528361535572774, 0.9377319439064261, 0.937431387203901, 0.8583560121701179, 0.935485510935209, 0.9434720848544917, 0.9368343625078124, 0.935767572657877, 0.8862154560845346, 0.820650384725291, 0.7769750603374938, 0.8640241979417308, 0.9156699185163582, 0.8873813050485785, 0.901573461825491, 0.9008405391867532, 0.7121096210733455, -0.3145506260590967, 0.9531422951143179, 0.9536737879343927, 0.9460743658330923, 0.9456889340782266, 0.915882932559015, 0.9544104069162945, 0.9543336047565426, 0.9016009809333233, 0.9564104459135284, 0.9066348096732703, 0.7130760833131358, 0.6854543233677352, 0.8653893979548909, 0.12376603626378552, 0.8534076420292552, 0.8902358244425532, 0.8747299961284261, 0.9497135416087306, 0.9058615776856318, 0.4235042734967439, 0.41080848178128543, 0.8982212209962365, 0.8743480548402074, 0.9047178724920585, 0.9499849682791307, 0.9503269146844259, 0.5406593744025319, 0.7053796852400869, 0.6168478277291717, 0.48649337797193576, 0.575380811696329, 0.6313500238325915, 0.5921718117932295, 0.5672407450269453, 0.8076584020138909, 0.6849116292363052, 0.6495878655193332, -0.28146013395053093, -0.32983676594104505, 0.7512338931121899, 0.9173585749817557, 0.9238464939718768, 0.9116927575836398, 0.942364651604484, 0.6609485781491186, 0.8434509777713297, 0.9101257590523999, 0.9092684138720324, 0.6920384997528031], [0.9919687964592997, 0.9908707873017562, 0.9969348112241956, 0.9934719155692482, 0.9975623632246526, 0.9790669312449535, 0.9994111712267723, 0.9996371650536264, 0.9996356239742451, 0.9507693226059475, 1.0, 0.9996665314087305, 0.9996438594457626, 0.9996520083134377, 0.9996582538875376, 0.9994057181448964, 0.9989579828492965, 0.9999540537827256, 0.9999534783709139, 0.9996509740654352, 0.9996593623749972, 0.9898037328426087, 0.9562781551582554, 0.9909280729534314, 0.992096605406902, 0.9877304856562423, 0.9693883853235555, 0.8924103247278831, 0.9884649690354889, 0.992269166835308, 0.9720201382918243, 0.8949969270387819, 0.9991362223948976, 0.9992064534507218, 0.9991336101371109, 0.9994483743284817, 0.9993896774307469, 0.9991566915339412, 0.9990151613112997, 0.9970219822757751, 0.9991060067520205, 0.9991010499326543, 0.9894429175080053, 0.9256351319742003, 0.5751438633446856, 0.9305691685400157, 0.9126990515525568, 0.7852606035348109, 0.8594110895981313, 0.8916895526758039, 0.8649746080951712, 0.8754896346931776, 0.8563107928502091, 0.9503660137700939, 0.9502823257390203, 0.9488567854173373, 0.9513084452855793, 0.9403809988608941, 0.9424609603684861, 0.944982541085609, 0.9447764048541688, 0.8933799283235643, 0.9051707189324898, 0.8618241731687023, 0.8616228007976621, 0.7371003992047749, 0.9447790463611099, 0.9483319787348203, 0.9485181171655834, 0.9477880340197393, 0.8945669549945434, 0.584828742128785, 0.5204013212155905, 0.6822570743748851, 0.7883939486840538, 0.7121171606512547, 0.7526180174336304, 0.7514000912094831, 0.5100995629239906, -0.40176564990321856, 0.9177701784954145, 0.928268952279806, 0.9174171118988242, 0.9503826397472405, 0.867070327572214, 0.9239772050325931, 0.9226740778616885, 0.8510612643097117, 0.9285095211979296, 0.8589696229344729, 0.49405882869061374, 0.9080277190400133, 0.9035699571202348, -0.20446364723796653, 0.6744212684256771, 0.762784956186122, 0.6426768454960157, 0.9698194528219112, 0.6581023238252647, -0.16601530662961642, -0.05011727250738472, 0.6303110797110413, 0.63489880471239, 0.6772735959534044, 0.9711280988783957, 0.9711826263546598, -0.03216268829890824, 0.19332400277707243, 0.050330978899154014, 0.016992383727635344, 0.043472025685586516, 0.06263146145960713, 0.02990663513961164, -0.01841864962034723, 0.3903414979658627, 0.12431352950750442, 0.07257570549321472, -0.5241540687667331, -0.5563413520796424, 0.6163844376134086, 0.7365990169092711, 0.7606430369828043, 0.8256400914232873, 0.8228389379278823, 0.512825564025239, 0.7220107182271676, 0.7573727748988501, 0.7560760149707441, 0.40172076562292125], [0.9953752259021653, 0.9886219082497201, 0.9909960620691961, 0.9958953477422262, 0.9982947392648723, 0.9887639544564245, 0.9981100427261259, 0.9999968690313149, 0.9999813628597918, 0.9662888152907062, 0.9996665314087305, 1.0, 0.9996439974191431, 0.9999976421287441, 0.999984309885758, 0.9970794468970812, 0.9992648855584371, 0.9998977790078952, 0.9998976225709031, 0.9999639451136363, 0.9999948411957681, 0.9907332897911636, 0.9753287891938195, 0.9923218308339286, 0.9928750357498805, 0.9832427329593492, 0.973566739012699, 0.941022364015627, 0.9895337547994011, 0.994317223104399, 0.9916670708817988, 0.9678587598308438, 0.9994684460326954, 0.999529212507577, 0.9996427092680286, 0.9996839232836457, 0.9988422373217658, 0.9994457489187807, 0.9991459100833342, 0.9982377260960089, 0.9995395044957507, 0.9994003542937635, 0.9844770944349928, 0.9319334454315624, 0.7233371619620514, 0.935188866242024, 0.913728947541838, 0.7817812350145255, 0.9583377468199691, 0.9359411421403887, 0.959924115168479, 0.9523529437519856, 0.9467169055177169, 0.9801859805681314, 0.9769054078918529, 0.9341646845892224, 0.9482353195598421, 0.9605390548257392, 0.9644984331462247, 0.9628991039252198, 0.9383337816678217, 0.8774327421710849, 0.9379054437945118, 0.9469086348852243, 0.9256988884558056, 0.8593453136160311, 0.9560441325806928, 0.9215049143926544, 0.9552421549338915, 0.9348799543725032, 0.7136826273710951, 0.814111196582348, 0.7490358166171251, 0.8311667803340208, 0.8608412893772462, 0.8673265011342921, 0.8483707158649862, 0.8579304872438218, 0.22897176309873202, -0.6117099466000463, 0.952001664706036, 0.9246499119589183, 0.9265660604413024, 0.9401961122371081, 0.9221924773218575, 0.9603559475312139, 0.9604812188959146, 0.9146976117083846, 0.9535259966442702, 0.8030462212613584, 0.6100694895862286, 0.9110232614513529, 0.9302976372634513, 0.1900201888205006, 0.9175717553653777, 0.9393032159553688, 0.8039246021547553, 0.9686985124728457, 0.8355396159168736, 0.6244779881802018, 0.46350715039931367, 0.8452552417704093, 0.8344190261331618, 0.8330818897934635, 0.9764664064019721, 0.9767593139054338, 0.7129192066408261, 0.6701141191188852, 0.7866144074195457, 0.29163421307210935, 0.7611058639644238, 0.7891486293596227, 0.7855648730569985, 0.7842011773974645, 0.7189133649741825, 0.7210042934857585, 0.6984578030075298, -0.268386753374143, -0.41377664483315546, 0.6166530427677711, 0.8833102194224418, 0.9284929513407888, 0.9384066166076367, 0.9114153706053201, 0.8124659401751203, 0.9084290156018237, 0.9304779710190174, 0.9300730077288087, 0.7546466396257654], [0.9945834031279412, 0.9884347724619936, 0.9929367292067962, 0.9953151071425407, 0.9980707681757726, 0.9898743140011018, 0.9990616606967392, 0.9996587503000579, 0.999834067219158, 0.9651955929341737, 0.9996438594457626, 0.9996439974191431, 1.0, 0.999680602488042, 0.9996658814032435, 0.9991034740497272, 0.9987786494005038, 0.9994648185128053, 0.9994583010843527, 0.9996605717097614, 0.9996351418767837, 0.9927287453770338, 0.9769299277417212, 0.9956853659797625, 0.9955758219566356, 0.9830699589667453, 0.9763843458050955, 0.9435287255459665, 0.9886894344881058, 0.9923066156679835, 0.9907410308092846, 0.965431772623498, 0.9987563811799868, 0.999063799576858, 0.9992605985677478, 0.9999209682319248, 0.9987867145312094, 0.9990308871259677, 0.9985832675336312, 0.9974458123277951, 0.9987475410966716, 0.9986731403391002, 0.9884290067149799, 0.9318973228601506, 0.7192348770620214, 0.9353108522798979, 0.9136269392488509, 0.7810577946401827, 0.9539716202364904, 0.928920926723476, 0.954931854636673, 0.9488989166628746, 0.9426918790248225, 0.9766303355145797, 0.9748025672562293, 0.9577518505592891, 0.9478932864030044, 0.9608061366566844, 0.9636956212242646, 0.9627000679467014, 0.9620608386368645, 0.8815194045042128, 0.9348106789767465, 0.9452243085277763, 0.944993937879393, 0.8573833160008437, 0.9563272747133462, 0.9334079152242168, 0.9571316279926417, 0.9558031036920922, 0.7180582809689345, 0.8109381968879883, 0.7734963355031097, 0.8286549641212524, 0.8622870074933632, 0.8663446155749822, 0.8564813107290992, 0.8569324755828, 0.21312647109830737, -0.6062534375028187, 0.9510185800321509, 0.9243182128746232, 0.9254236252621909, 0.9607222456124063, 0.9219864224021905, 0.9590576013670118, 0.9591404197662579, 0.9143168743169309, 0.9538494390119506, 0.8098103936668158, 0.6105330017083348, 0.9115928876312406, 0.9309064624685802, 0.18471522667148027, 0.915534246339264, 0.9375904333352267, 0.8049079004216841, 0.9714140105525187, 0.8293603948302171, 0.6163044899893251, 0.4580097593834208, 0.8363906845635609, 0.8290631156821948, 0.8248809142335779, 0.9784216519232581, 0.9786691480404873, 0.7036426903318085, 0.6645741059652955, 0.76568712691839, 0.2913285458796856, 0.7510463656597245, 0.7777642958583234, 0.7543363070313994, 0.7730830074363606, 0.7165550880733649, 0.7106747932557638, 0.6883909846192431, -0.2751805357277289, -0.41896475511522213, 0.616215236608985, 0.8810753418068074, 0.9299456727557192, 0.9338776565889556, 0.9105911425108034, 0.8045675366787708, 0.9020534738222686, 0.9234089946202813, 0.9236667180721138, 0.7486264460362579], [0.9952842838834642, 0.9884854072815886, 0.9911576036214051, 0.995820698476353, 0.9982810146754146, 0.9888710571751449, 0.9990077457733174, 0.9999978261143829, 0.9999898722671468, 0.9660143082640099, 0.9996520083134377, 0.9999976421287441, 0.999680602488042, 1.0, 0.9999884182071241, 0.9986259413343672, 0.9992309510528974, 0.9998899092350823, 0.999889267569724, 0.9999581131227443, 0.9999922199344332, 0.9908571864589597, 0.9754980281140073, 0.9941766630976342, 0.9940251561961067, 0.9831550111865294, 0.9737691733661248, 0.9411722395158191, 0.9920080779258916, 0.994633935318399, 0.9915385502402259, 0.9676119175617952, 0.9994423885589371, 0.9994899959019301, 0.9996193826955352, 0.9997006931033535, 0.9987931492850903, 0.9994108256778805, 0.9991739555983373, 0.998167583188214, 0.9995097927679485, 0.9993742000865499, 0.9846431485309936, 0.931753381111187, 0.7227158713916365, 0.935280938249866, 0.913655657901352, 0.7811527876257326, 0.9581286581412728, 0.9357042758794673, 0.9597432337490694, 0.9519502624787176, 0.9462672971820874, 0.9799991830927188, 0.9766848038784882, 0.9341817435300067, 0.9481259843728067, 0.9603985294991253, 0.9643862423754507, 0.9627499119967009, 0.9377570530670352, 0.8774203276534394, 0.937415956589013, 0.9465328014392974, 0.9255004310765745, 0.8589846129187482, 0.9560835670037544, 0.9216627478973493, 0.9552229587393537, 0.9349352835188731, 0.7138961041502302, 0.8135071283633579, 0.7487599204113612, 0.8306172679252809, 0.8606292463990528, 0.8669742827276001, 0.8480912736882674, 0.8576443078518592, 0.2289343266615508, -0.6115536446800373, 0.9518018045778195, 0.9243937272354544, 0.9263603863791102, 0.9379575963098498, 0.9221038542871388, 0.9601657344955674, 0.9602879349622433, 0.9145915799597042, 0.9533601125107702, 0.8030239684056554, 0.6098779341968114, 0.911541053935108, 0.9306917445523237, 0.18931572949602715, 0.917372449526445, 0.9391369080993862, 0.8036290165483239, 0.9688894487331157, 0.8351716363467911, 0.623363556179434, 0.46252125694432744, 0.844846703940649, 0.8340567361313744, 0.8327213462078578, 0.9766055872237952, 0.9768947316399544, 0.711797056271944, 0.6690646296932862, 0.7860625334654322, 0.2910489766976278, 0.7604180783525866, 0.7884209687435174, 0.7851993575580531, 0.7834188165906295, 0.7183869965909234, 0.7197088653579271, 0.6971680745890652, -0.26922889979874554, -0.41451790759325824, 0.6163811796948002, 0.8827265032430531, 0.9282529438691295, 0.9379940289108712, 0.9110349003867372, 0.8117327817967577, 0.908143424313156, 0.9300288342089429, 0.9297551117526746, 0.7541160131098261], [0.9954277962104724, 0.9885834251836179, 0.9910733314616758, 0.9959419369758815, 0.9983497167135851, 0.988973779678078, 0.9987818554654003, 0.9999815119884373, 0.9999962919274556, 0.9655638491060268, 0.9996582538875376, 0.999984309885758, 0.9996658814032435, 0.9999884182071241, 1.0, 0.9986256980737254, 0.9992773696893184, 0.9998861951057479, 0.999886354065841, 0.9999566754877889, 0.9999775891850949, 0.9907787726114384, 0.9755285616541998, 0.9926523819199308, 0.9926874160371201, 0.9832891829935781, 0.9735244198005791, 0.9411899301542233, 0.9920463653987328, 0.9942236604251692, 0.991384286226981, 0.9675048566460522, 0.9994824879702704, 0.9994751779306782, 0.999605079290812, 0.9996914196451682, 0.9988124215578464, 0.9994151599073743, 0.9992044178756494, 0.9982267388235311, 0.9995414125175086, 0.9994199013474694, 0.9844287421145484, 0.9316144183510416, 0.7233967254319047, 0.9351082854388059, 0.9136368627478758, 0.7814805164987386, 0.9586684191253595, 0.9367915040034973, 0.9603394575369095, 0.9521069334709409, 0.9463924676856929, 0.9804726629203127, 0.9768557739765854, 0.9350588559747249, 0.9486588120941937, 0.9608526682543248, 0.9646134238449967, 0.9632089143350617, 0.9390912472597945, 0.8777582407680886, 0.9370999204335868, 0.9468856198925703, 0.9262461714025905, 0.8590387239747456, 0.9565574567171681, 0.9224072320379114, 0.955814081290119, 0.9358548363835208, 0.7140986687763998, 0.8131300671626227, 0.7499007787013753, 0.830311999873797, 0.8607810975388013, 0.8666352269152613, 0.8487254659162101, 0.8580472329230757, 0.22883689975667867, -0.6112757218146447, 0.9519249617365398, 0.9246059105116133, 0.9266033572140607, 0.9410146628223829, 0.9226997031373748, 0.9603742306103401, 0.9604923521402824, 0.9150722459418364, 0.9537804901223218, 0.8032467111806028, 0.6086350585323543, 0.9113483228419704, 0.9304403761838352, 0.1887153095384206, 0.9169159941659218, 0.9387398243525844, 0.8027375546829414, 0.9685579426001206, 0.836132848638791, 0.6225754119572847, 0.46150862319016195, 0.8453583980126965, 0.8345021896297966, 0.8334503233693155, 0.9764169554298787, 0.9766957879085203, 0.7104859555856337, 0.6670631162124708, 0.7870996038586487, 0.28943977886685723, 0.7606643525467581, 0.7887695105197021, 0.7864259138695129, 0.7835916046802003, 0.7170027048261247, 0.7175952451978168, 0.6950381617632518, -0.26868415607438373, -0.4140912533704277, 0.6164513077907791, 0.8818705426242226, 0.9288084341026762, 0.9384626867429688, 0.9102981057763745, 0.811902120122861, 0.9091294543592033, 0.9305692146360597, 0.9304569641683617, 0.7540114226760827], [0.9965389614198482, 0.9934264694791003, 0.9916696283312579, 0.9970641823158606, 0.9986163872316925, 0.9918270652069839, 0.9981352399723845, 0.9964383157107098, 0.9989811591623845, 0.9670131890262235, 0.9994057181448964, 0.9970794468970812, 0.9991034740497272, 0.9986259413343672, 0.9986256980737254, 1.0, 0.9990103225173317, 0.998975508743567, 0.9989728393980123, 0.9987938698342876, 0.9985187619236229, 0.9922755275387349, 0.9781884287079402, 0.9835765061356457, 0.9900000743846568, 0.9890121477827534, 0.9755593089532577, 0.9485088980880758, 0.9930810484015419, 0.9930098597764516, 0.9904170201923613, 0.9675927556222641, 0.9987914468219997, 0.9987271270816622, 0.9989435533053035, 0.9986437980845991, 0.9993827961529278, 0.9988684556866531, 0.9989114535077587, 0.9980417491507168, 0.9986752527191565, 0.9987420719493897, 0.9834081326494485, 0.9249971589397274, 0.7286596314961961, 0.9285996998036494, 0.9161938369286604, 0.7986297203882446, 0.9618417671138356, 0.9406768627406559, 0.9638943706409406, 0.95194502723845, 0.9448566620932912, 0.9809586529956337, 0.976246787401433, 0.9474088539208133, 0.9576907261647736, 0.9675893965173862, 0.9690709001438464, 0.9690978587224977, 0.950399948341111, 0.8894562239028135, 0.9408702120227043, 0.9516176762997244, 0.9369244143441375, 0.8697017612139303, 0.9628035228365017, 0.935651147211527, 0.9632336992307917, 0.9482112636133027, 0.731536733745412, 0.8206620958994904, 0.7671597689096638, 0.8390495448124893, 0.8730104123108425, 0.873629877072671