var element=document.getElementById("correlationClose");if(element.style.display!='none'){var correlationClose={"data":[{"type":"heatmap","z":[[1.0,0.9999834827421208,0.575742648839422,0.999703308700122,0.9975046617040172,1.0,0.9909387835822437,0.9865522181321711,0.9915940911593717,0.9732597028341192,0.9824388884316081,0.9909829431738236,-0.12707535867465927,0.9910474083769324,0.9796069864117339,0.9778331597597674,0.44397001445199724,0.992047783031188,0.9920332370702551,0.9840154947534162,0.9909701492707037,0.44650445010802536,0.6694850094075803,0.9781018545600676,0.9780792030639813,0.9615901493819174,0.3110500603123578,-0.12089693081563459,0.989813030975632,0.9897717449207668,0.2792035977649368,-0.20091187206429814,0.9938268976872973,0.9946822385617379,0.8133228844685964,-0.3889308744751355,0.9877847542171393,0.9944548768309096,0.981808635788752,0.42618799112315764,0.9940105668713117,0.9939972276175332,0.9940105668713117,0.8878984675147173,0.6686123804640461,0.8675767059966077,0.881312178412162,0.7920324009374876,0.38694775927510083,-0.13500258333271248,0.19164550361508328,0.9452363469311112,0.457700223158884,0.9768214288348347,0.9710688657214582,0.9156378204778147,0.9125620300226773,0.9336480002150505,0.9099303246559836,0.930462736554648,0.9312373621085833,0.930462736554648,0.8461374611498332,0.9069611208038841,0.9080548122757464,0.9069611208038841,0.8973460119724019,0.7369063529145422,0.8721106209412312,0.8737161200946648,0.8721106209412312,0.621673138463722,0.3107229249778167,0.598735049085705,-0.5931514935031624,0.4951214602862684,0.5473562563497839,0.5486611062620791,0.5473562563497839,-0.10230956306123425,0.8846027122519904,0.916573578121703,0.8983714116081473,0.9171271890856827,0.4389298815417063,0.8816399093365189,0.8828191170199668,0.8816399093365189,0.8908329943315759,0.8908329943315759,-0.15818379112046954,0.5556077460501354,0.19293771292737993,-0.5671644522301852,-0.5642469746142957,-0.5678671101809527,-0.04434923031945396,0.06119028563777234,0.2571218530061975,0.12982782207864607,-0.3937216442386458,0.05245322095241173,-0.7929550994477802,-0.213891247169046,0.12520424466205485,0.12536057800533837,-0.543049241124128,-0.6042513773948838,-0.21570878840599883,-0.4889949150776119,-0.8287603915808848,-0.352146093324209,-0.3432917551128727,-0.352146093324209,-0.18587011136033163,-0.2605335472079564,-0.2605335472079564,-0.8171062681961966,-0.8171062681961966,0.3983835393666707,0.6561846065169885,0.8722466129876907,0.851114356752479,0.7880235915047082,-0.25230655914366684,0.7660661818208843,0.8065657441047137,0.8068052757380197,0.8065657441047137,-0.2356412381211493],[0.9999834827421208,1.0,0.9701014234577056,0.9992345783453163,0.9939048968114583,0.9999834827421206,0.9785038680327327,0.9697584463454105,0.9782913963813978,0.9593064621872174,0.9804193692923923,0.9785533042044325,0.9785141525740845,0.978337373911655,0.9140390960996988,0.9070270382350536,-0.27559706085468727,0.9838082311671309,0.9837804890672456,0.9786157403582739,0.9786071096508111,-0.14123418097683715,0.9688532786410702,0.9718188672720366,0.9718881253468769,0.9618189500849611,0.05044666956820969,0.1524480820850443,0.9761308819478958,0.9761874060766582,0.9714851753126931,0.14475725150456473,0.9877705404867921,0.9878443768372726,0.9886085443202699,0.9806141843811849,0.9862270265502932,0.9878152174096152,0.9166574810291076,-0.28211141802155765,0.9886832140036761,0.9886647741588902,0.9886832140036761,0.8878853638367433,0.5453026083906065,0.867673757028426,0.8811538797860369,0.7913154827579754,-0.43611162451315155,-0.5461339594719973,0.8274793153205958,0.8558958810458684,-0.18574366503937342,0.9338674700074183,0.9339530829871965,0.9251716150897038,0.9349379261547016,0.9131343134328408,0.9127872218163808,0.9197850355121961,0.9205032640256816,0.9197850355121961,0.7805227766868345,0.741188793579034,0.7434480437641813,0.741188793579034,0.9292318882676806,0.9342722663527243,0.9291173816375489,0.9302999834172273,0.9291173816375489,0.45144954396588943,0.3924333335365897,0.5131049034318105,0.6176213488654952,0.4984796206074032,0.5382276721657278,0.5391049986444113,0.5382276721657278,-0.218762318510027,0.8707677760088289,0.9066652690288748,0.8934555473678986,0.932212166782296,-0.0994180734191609,0.8649856477334193,0.8653840952898892,0.8649856477334193,0.8760285408196552,0.8760285408196552,-0.25989650953357,0.5552988512017474,-0.380390799722886,-0.6641712503129769,-0.4685439079899952,-0.47198039059383917,-0.3111070396508723,0.22535365592884904,-0.22007264288825198,-0.4027501760071079,-0.60077669067322,-0.2924282944818572,-0.49893265418003685,-0.3464417392785794,0.10010411486744636,0.09546130959383493,-0.49077455127533626,-0.4468204199520998,-0.47497289481919946,-0.5046009227127497,-0.4970722884319091,-0.4770661590879466,-0.4803420085891068,-0.4770661590879466,-0.35902783425938817,-0.5001890231877117,-0.5001890231877117,-0.47328069604018647,-0.47328069604018647,0.39816618860642256,0.4110362726797844,0.5178602938477175,0.5995199099173794,0.5741843544034008,-0.39467662882506316,0.3791744334453303,0.36941503962297195,0.3695151770315303,0.36941503962297195,0.11240957021940153],[0.575742648839422,0.9701014234577056,1.0,0.5694821773605365,0.4615782215265839,0.5757426488394219,0.5640112406176039,0.5525862526529326,0.4664573974325796,0.40758695721414767,0.9966627890449311,0.564028966687671,0.5137022469298506,0.5643541147792789,0.5545173087688311,0.5872578652354051,-0.11037139230721345,0.5105248346961319,0.5096334828984888,0.46360957066127795,0.5629387865591579,0.21120948481955445,0.7032039083056661,0.5317654806580594,0.5314851737934186,0.9841177427318123,0.29628472467345884,0.17736936399081749,0.5286764395606707,0.5281809635985073,0.765854137918264,0.011105786377441102,0.5620868899311288,0.4650058032983343,0.5473810544653759,0.3569251300356808,0.9940077440826657,0.45286921388342527,0.5521925366434565,-0.11682520821469743,0.5781634295940619,0.5601290949949304,0.5781634295940619,0.8929470390002029,0.3890553532127757,0.9047520486625978,0.8702050174856938,0.6514942693178429,0.20078987495672923,-0.015206702748064186,0.056555175436071456,0.42875740805095414,-0.07411239233142279,0.519351510979588,0.4552219921721293,-0.06917219951425115,0.6955419636403358,0.6478766640630229,0.49265486351259735,0.6541626102421326,0.7153333553514772,0.6541626102421326,0.34259323693741267,0.5481706754308595,0.6453506996292281,0.5481706754308595,0.5684867247778662,0.6241834571478893,0.6651686177403808,0.7355888070718882,0.6651686177403808,0.21277614070505904,-0.0847723894891158,0.23196371835482987,0.14381099743481304,0.23192399550050083,0.26199013693361406,0.39979222930111513,0.26199013693361406,-0.17370210367536112,0.4485680931963297,0.8124819645254865,0.5336106367371795,0.7318109194488448,0.0695756663197451,0.5136282394986438,0.5136982107971977,0.5136282394986438,0.634800490936448,0.634800490936448,-0.2836551296738262,0.7208086073463058,-0.22456695452088254,-0.5538430800635941,-0.39174105428485817,-0.39533125097473737,-0.3936374176376977,0.01793399208923261,0.02398961104564954,-0.2645903104858855,-0.5363642351981976,-0.13728014784345838,-0.2312563515149531,-0.21253371325898407,-0.020802614685361247,-0.02457765082357166,-0.45148441198678885,0.0063322814572437675,-0.22232709817992763,-0.4852244223312106,-0.11781361859359674,-0.3606050143846679,-0.23660847035490934,-0.3606050143846679,-0.42796052273191987,-0.5072781057219173,-0.5072781057219173,-0.24321449886520613,-0.24321449886520613,0.32608544551402174,0.1384227045043018,0.2465130787536984,0.4901862103029523,0.2210022048899637,-0.3105633372045113,-0.036253397970449165,0.447584887440185,0.56149739773205,0.447584887440185,-0.04361916708255409],[0.999703308700122,0.9992345783453163,0.5694821773605365,1.0,0.9986508974546149,0.9997033087001218,0.9925233134814474,0.9886166721079073,0.9935171686396658,0.9710464048942815,0.9873419705619774,0.9925555243556649,-0.13138090800307806,0.9925923526551247,0.9810579293363632,0.9792873140829446,0.42970368124197916,0.9934087364392917,0.9933964405498213,0.9844343529000145,0.9925346212143532,0.43776723218264424,0.6729228315140225,0.9810430823026268,0.981020730736395,0.971632584423827,0.30620343463312993,-0.12814942988441663,0.9895257203440637,0.9894946802877553,0.27083300071294025,-0.20169798641394807,0.9946139759695131,0.9957490566076449,0.7731342187412276,-0.39463648733384066,0.9913714961276326,0.9957620675491772,0.9823400559512638,0.4115565494076058,0.9922144480579228,0.9946847409901558,0.9922144480579228,0.8862702370637918,0.6558444104632846,0.875633101855951,0.8780260615452088,0.7695959406209625,0.38143985097143696,-0.1409702019724789,0.18514015649609972,0.9394485506287169,0.44156059957963717,0.9724989481405087,0.9682319234202065,0.8916269342695077,0.9038126904201007,0.91876966700218,0.9049176336047959,0.9109761066808035,0.9120513163709146,0.9109761066808035,0.8363299503418336,0.8934066130205399,0.8946096473781499,0.8934066130205399,0.8929775507505058,0.6700547311329909,0.8282932423534904,0.8299355696978049,0.8282932423534904,0.6116301399222311,0.10280489754620775,0.5867264625885531,-0.5983139842609476,0.4885399037283545,0.2885534187251316,0.5166076012217787,0.2885534187251316,-0.10924688806324816,0.8778917722291019,0.9060630634281742,0.888434578231686,0.8907118878756155,0.4254944564088462,0.8759122827021089,0.8772590583320589,0.8759122827021089,0.8687169963779897,0.8687169963779897,-0.1644046423341577,0.5824037135757854,0.19767705333884708,-0.5778830115305218,-0.572091405580938,-0.5756168773732063,-0.05704697988965306,0.05564544116975106,0.2498955185201768,0.11691121353982684,-0.40662783454655715,0.04575438092164387,-0.7997407919732814,-0.22199311788128195,0.11403355400458089,0.1142366442269981,-0.5506103120673504,-0.6011172581215943,-0.21750539979197556,-0.5013523962795636,-0.8311985314003668,-0.3540363652306195,-0.345750243712079,-0.3540363652306195,-0.19541148091797053,-0.27085055553536674,-0.27085055553536674,-0.8173911550865699,-0.8173911550865699,0.3849922492313368,0.6441929890698692,0.8646797108044125,0.8436082283945824,0.7807401806214112,-0.2659878872784401,0.7571826703814434,0.7979865316993345,0.7982291069289306,0.7979865316993345,-0.22048689440860195],[0.9975046617040172,0.9939048968114583,0.4615782215265839,0.9986508974546149,1.0,0.9975046617040172,0.9968016720955531,0.9948574243292622,0.9969890944951149,0.9607800631611434,0.9954172077943261,0.9968207556764271,-0.34068031686083766,0.9968517363478364,0.9791030511911409,0.9735384557343303,0.23362127422274998,0.9973882405875367,0.9973821324868328,0.9861727791503964,0.9968068571779101,0.07188504843395559,0.6345173707517112,0.990671749046439,0.9906277149430444,0.9850158362041155,0.05605249845352827,-0.11314616232872055,0.9876682962987156,0.9876033451989037,-0.0435147535479668,-0.09923940622823646,0.9977171129279278,0.9976529860312516,0.750510200091488,-0.5359574248796589,0.997169202357152,0.9979124634095404,0.9783550551561222,0.20980250424432229,0.9976707103377614,0.9976712779665873,0.9976707103377614,0.9014193493506293,0.6167077057161807,0.897067407770547,0.8819949192741547,0.7363886102751541,-0.0994761951504971,-0.5807082688597357,-0.2352052524970857,0.9248095373013625,0.2964623123408487,0.9660700371290295,0.9661218689314294,0.8860186027317766,0.8815742451734762,0.904512554817249,0.8899431068153549,0.9026237862285039,0.903051625183057,0.9026237862285039,0.8063552463456413,0.8362570311605771,0.8376512290465883,0.8362570311605771,0.8798326804729851,0.7727997185606774,0.8596231723801337,0.860621895320841,0.8596231723801337,0.5626555591433688,0.4267865973118809,0.545958135016432,-0.6419626376698501,0.5431082571203025,0.5202432465210101,0.5197118383775108,0.5202432465210101,-0.12975364947106302,0.8567642670426829,0.8754559489347645,0.8607452143260387,0.8958537760402089,0.28110790804914815,0.8579572155873705,0.8592758801753135,0.8579572155873705,0.8659722723597655,0.8659722723597655,-0.20744675970353874,0.6410473888797789,0.05128137342120259,-0.6129815489657228,-0.6294629198872786,-0.6298381305750805,-0.09317863329469905,0.07748318851510261,-0.14932239541480413,-0.13616512773728262,-0.4929911276003531,-0.3271406841213105,-0.8628325277507105,-0.5199820121767051,0.07988245625745295,0.0799194245436722,-0.5811983114930962,-0.5926422068750729,-0.5151930339739103,-0.5444033279283733,-0.7980743416385968,-0.5711123949685575,-0.5737938914833911,-0.5711123949685575,-0.23939448132654875,-0.3095841565882693,-0.3095841565882693,-0.7641560677395595,-0.7641560677395595,0.3650084255953897,0.622652253239896,0.8143444391959014,0.788992941554005,0.7677685274142421,-0.40442735889597864,0.6063342929063779,0.6884366070710927,0.6887583403265084,0.6884366070710927,0.01247882708895904],[1.0,0.9999834827421206,0.5757426488394219,0.9997033087001218,0.9975046617040172,1.0,0.9909387835822437,0.9865522181321711,0.9915940911593717,0.9732597028341192,0.9824388884316081,0.9909829431738236,-0.12707535867465927,0.9910474083769324,0.9796069864117339,0.9778331597597674,0.44397001445199724,0.992047783031188,0.9920332370702551,0.9840154947534162,0.9909701492707037,0.44650445010802536,0.6694850094075803,0.9781018545600676,0.9780792030639813,0.9615901493819174,0.3110500603123578,-0.12089693081563459,0.989813030975632,0.9897717449207668,0.2792035977649368,-0.20091187206429814,0.9938268976872973,0.9946822385617379,0.8133228844685964,-0.3889308744751355,0.9877847542171393,0.9944548768309096,0.981808635788752,0.42618799112315764,0.9940105668713117,0.9939972276175332,0.9940105668713117,0.8878984675147173,0.6686123804640461,0.8675767059966077,0.881312178412162,0.7920324009374876,0.38694775927510083,-0.13500258333271248,0.19164550361508328,0.9452363469311112,0.457700223158884,0.9768214288348347,0.9710688657214582,0.9156378204778147,0.9125620300226773,0.9336480002150505,0.9099303246559836,0.930462736554648,0.9312373621085833,0.930462736554648,0.8461374611498332,0.9069611208038841,0.9080548122757464,0.9069611208038841,0.8973460119724019,0.7369063529145422,0.8721106209412312,0.8737161200946648,0.8721106209412312,0.621673138463722,0.3107229249778167,0.598735049085705,-0.5931514935031624,0.4951214602862684,0.5473562563497839,0.5486611062620791,0.5473562563497839,-0.10230956306123425,0.8846027122519904,0.916573578121703,0.8983714116081473,0.9171271890856827,0.4389298815417063,0.8816399093365189,0.8828191170199668,0.8816399093365189,0.8908329943315759,0.8908329943315759,-0.15818379112046954,0.5556077460501354,0.19293771292737993,-0.5671644522301852,-0.5642469746142957,-0.5678671101809527,-0.04434923031945396,0.06119028563777234,0.2571218530061975,0.12982782207864607,-0.3937216442386458,0.05245322095241173,-0.7929550994477802,-0.213891247169046,0.12520424466205485,0.12536057800533837,-0.543049241124128,-0.6042513773948838,-0.21570878840599883,-0.4889949150776119,-0.8287603915808848,-0.352146093324209,-0.3432917551128727,-0.352146093324209,-0.18587011136033163,-0.2605335472079564,-0.2605335472079564,-0.8171062681961966,-0.8171062681961966,0.3983835393666707,0.6561846065169885,0.8722466129876907,0.851114356752479,0.7880235915047082,-0.25230655914366684,0.7660661818208843,0.8065657441047137,0.8068052757380197,0.8065657441047137,-0.2356412381211493],[0.9909387835822437,0.9785038680327327,0.5640112406176039,0.9925233134814474,0.9968016720955531,0.9909387835822437,1.0,0.9972150199020424,0.9999683136965286,0.9520762047931263,0.9995993085848877,0.999996208646367,-0.14495371963696557,0.9999925446216998,0.9919886762058608,0.9859560969598299,0.38107174249647174,0.9998387809931513,0.9998389038748081,0.9886161477563972,0.9999964063187191,0.3445915797551129,0.6738947122603587,0.9843877869995091,0.9846765681643902,0.9863264641150985,0.22815276141149335,-0.186791021947646,0.9920944362984382,0.9918317235088684,0.17076959520234908,-0.2517558091726467,0.9992970330579573,0.9993898999908607,0.3569227078692204,-0.3274519002859798,0.9987120032698329,0.999306489953094,0.9893956124735573,0.3614096265248997,0.9324525879482878,0.9990254992342602,0.9324525879482878,0.9101518852234621,0.6205383547260424,0.9193783772889043,0.8913492906734709,0.6905438028027179,0.4133116976442451,-0.08338927910057185,-0.21069393726927926,0.9234276526918823,0.40047748533961547,0.9682599116350225,0.9612943182837723,-0.08024431788522494,0.8322793778794751,0.8041614643504716,0.8514360851075002,0.7975847985361029,0.7647971396430081,0.7975847985361029,0.762809340378904,0.7649435505939058,0.7626835701014058,0.7649435505939058,0.8388723198681151,0.31374849260458026,0.5298515160915355,0.6112232810520389,0.5298515160915355,0.5303031962326845,-0.36086497411543783,0.492176817286332,-0.6614019669728107,0.4105825826372421,-0.12726507841385828,0.37312428373357964,-0.12726507841385828,-0.15333746237116033,0.8144513933163511,0.8248258093526148,0.8136395900721751,0.7377218488691121,0.3758297938219228,0.817306864781154,0.8192222740146061,0.817306864781154,0.7256057002425036,0.7256057002425036,-0.24444055409878013,0.6904088609363498,0.2523220335041248,-0.595684185889093,-0.6150371296775656,-0.618087750790939,-0.10850899964230085,0.0034643080955958847,0.3544743187683493,0.07835713316185507,-0.4330785822575543,0.09740733489169137,-0.8269375187254555,-0.12558058084883264,0.04252903604988365,0.04280726372722538,-0.5962832077479395,-0.607184622845269,-0.057041201798155285,-0.5812843588059226,-0.8435711053571859,-0.35028629330667094,-0.17719082739756165,-0.35028629330667094,-0.27481907815410145,-0.32049716553164875,-0.32049716553164875,-0.8368597332945551,-0.8368597332945551,0.3626310193402135,0.6002264128045683,0.4982696655083132,0.8067177839029191,0.7576019655447591,-0.32380567619969186,0.059879467494823584,0.7628021154240794,0.7815202570926248,0.7628021154240794,-0.14542012429710088],[0.9865522181321711,0.9697584463454105,0.5525862526529326,0.9886166721079073,0.9948574243292622,0.9865522181321711,0.9972150199020424,1.0,0.9994754576857142,0.9438066915207691,0.9983214711258475,0.9980127189142475,-0.1542425498874189,0.9990187023875531,0.9906733044969042,0.9783694532803359,0.3589548884917385,0.9990696725334907,0.9990713651291669,0.9857068811913917,0.9991776265062007,0.31744775424542476,0.6732899463995162,0.9919442179031961,0.9823935923295621,0.9821239270912954,0.20852389883749606,-0.20170485043872963,0.9883728881472046,0.9917843192868763,0.15040758169873197,-0.25866486148966983,0.998150471649439,0.9980555962424604,0.33623053326943314,-0.33492942858497154,0.9961766723252212,0.9978976285354186,0.9886097750691085,0.3388077153378783,0.9237016258793624,0.9979807247102885,0.9237016258793624,0.9074835740172909,0.6045766638872244,0.9197770820006992,0.8871724782832194,0.6631707263192256,0.399766576603072,-0.09922184700913131,-0.22440062781544998,0.9140739612856061,0.379291263728283,0.9634297107900631,0.9556438833553665,-0.09117375587742578,0.8176370597601967,0.7856430738101525,0.8412317018125628,0.7802888726768017,0.7512273227819363,0.7802888726768017,0.7479818987427475,0.743803453854551,0.7478864247394088,0.743803453854551,0.8289471814984735,0.2919839659928372,0.5068112783980561,0.5930630980620131,0.5068112783980561,0.5149470154923012,-0.37681395057958045,0.4749876965531687,-0.6705655488148077,0.4007182841265859,-0.1510844321709104,0.3547870246690637,-0.1510844321709104,-0.1607193644053601,0.8024426986469477,0.8057568620340386,0.7979473253371151,0.7215294663075676,0.3582812174150424,0.8059449347981633,0.8080855859797609,0.8059449347981633,0.7053693132697089,0.7053693132697089,-0.2614601705751828,0.7199075217361556,0.2603491943078213,-0.605791340918507,-0.6291789408547008,-0.6320298735874793,-0.12431644096091769,-0.005342677452563774,0.34752698525128073,0.05853449766635127,-0.4468122586455245,0.08797255404909547,-0.8339992448352797,-0.13221770469420682,0.025701038005143437,0.02599459040157453,-0.6091844163059268,-0.608546823597323,-0.06404838433344658,-0.6001386782985619,-0.8440083647797344,-0.36255276339346787,-0.18358672526532718,-0.36255276339346787,-0.29402035324961434,-0.33542222547726436,-0.33542222547726436,-0.8356808464251857,-0.8356808464251857,0.3391162196409404,0.5819353431885932,0.47852132232110306,0.7881769900729231,0.7439941691737214,-0.3471484623670817,0.04497560246659532,0.7429919531911615,0.7653318873346134,0.7429919531911615,-0.12750534512525313],[0.9915940911593717,0.9782913963813978,0.4664573974325796,0.9935171686396658,0.9969890944951149,0.9915940911593717,0.9999683136965286,0.9994754576857142,1.0,0.9508463583424415,0.9995472107292918,0.9999692955861736,-0.3164024785639749,0.9999737857408948,0.9844503986425621,0.9766980589807035,0.27363087952287585,0.9997816693383734,0.9997822602106866,0.988417616209867,0.9999662101083688,0.11987082679931606,0.6322957538783336,0.9942267948156049,0.9941725854072135,0.9861182397158978,0.03835336704718084,-0.12653024662452772,0.9906308584413751,0.9905931419306777,-0.02583400180988294,-0.21226369614579121,0.9993194822425115,0.9992770223094215,0.762136596661303,-0.5257572150347877,0.9986237980792608,0.99928522440315,0.9820596484526989,0.25049541503491424,0.9991617516011803,0.9991671683688991,0.9991617516011803,0.9099884085067158,0.6214872209777175,0.9187967699658446,0.8903960163817356,0.6898879229521232,0.007816411807259453,-0.526983250682631,-0.18487896828254127,0.9185606734005862,0.3489218172201831,0.9624296679549078,0.9615177892265311,0.8576002559578403,0.8329883111600648,0.8770742858159687,0.8522338447776424,0.8752424984508059,0.8759779901019898,0.8752424984508059,0.7617481589040603,0.8175248028511705,0.8192459599773712,0.8175248028511705,0.8402109467085704,0.7329079493453398,0.8285048993208374,0.829969726862327,0.8285048993208374,0.5294145957077553,0.35106561946491976,0.4910371309686094,-0.6891398773607882,0.46929994741758563,0.43310921938726216,0.43312802782737864,0.43310921938726216,-0.1100857564470112,0.8148277471155715,0.824574851477657,0.8138107928632828,0.8680916885535115,0.30133358119983006,0.8232692023597998,0.8256409750135205,0.8232692023597998,0.8312983440445458,0.8312983440445458,-0.24670595625961028,0.690521299172769,0.07592625407552904,-0.6080491370753824,-0.6561368342928706,-0.6570165519196092,-0.11218293748681062,0.005560019294391107,-0.15643427672230983,-0.10634880248600662,-0.48067705487782125,-0.35797332863998577,-0.8773521794822753,-0.5586434724207177,0.04090820799002534,0.041907312785307065,-0.598203363464586,-0.6032783043117577,-0.5247720278137671,-0.5834307302164992,-0.8183143460342671,-0.5947154845954264,-0.596807752278681,-0.5947154845954264,-0.2773314271973987,-0.3241202561628598,-0.3241202561628598,-0.7979076136043457,-0.7979076136043457,0.36297085043991484,0.5988484397834716,0.8221379244356705,0.8007939358754966,0.7559677550706786,-0.3525818516863902,0.6399343609657101,0.709611810928684,0.7097725423759547,0.709611810928684,0.09565482923863441],[0.9732597028341192,0.9593064621872174,0.40758695721414767,0.9710464048942815,0.9607800631611434,0.9732597028341192,0.9520762047931263,0.9438066915207691,0.9508463583424415,1.0,0.9254252487988859,0.9521097732953073,-0.2543439880341999,0.9517664267296372,0.9247810609850601,0.9175593155447883,0.0791361378361915,0.9576296754010865,0.9576059145085539,0.952253145672812,0.9522442847228447,0.048299813196721345,0.6801193917782785,0.9540156406935283,0.954228781359272,0.8303480632023348,0.14042376461162015,-0.10871862096190532,0.9605881383159273,0.9607188104229423,0.12147524968332127,0.0586501721992461,0.9619473537763353,0.9622343334296165,0.8549351342092598,-0.44821478832934203,0.936958826263411,0.9610979213013349,0.9328948606224008,0.05652167302974543,0.9633148486737843,0.9632782721149197,0.9633148486737843,0.7845126642199667,0.4166641682222554,0.7501984770209525,0.8615014053767616,0.8317118276771204,-0.5533478375072775,-0.6864772715575937,-0.30266713492332453,0.8689634785287346,0.06483179711476265,0.9034742701371639,0.9035249093619212,0.8614023983990465,0.8561055793594277,0.8866184391131354,0.8645217597206,0.878603088647729,0.879418329967384,0.878603088647729,0.8053953189143858,0.7840538142259817,0.7861559695404737,0.7840538142259817,0.8568069411842506,0.8764892728477333,0.8549502903362748,0.855729463732058,0.8549502903362748,0.6275962854833399,0.5473944445752844,0.6288744838359357,-0.4079140749635589,0.6501219699081159,0.6707458711162477,0.6738057487024577,0.6707458711162477,-0.2681703457090868,0.8616670913962626,0.9218837047141665,0.8794250181010298,0.877290164205047,0.174485527528575,0.8538288908087954,0.8551588054819139,0.8538288908087954,0.8653611986321543,0.8653611986321543,0.013061953431009377,0.3009025064305687,-0.09185860441555327,-0.5178241771918309,-0.4029665125186227,-0.40494320024518937,0.05271140152698187,0.3895996783947968,0.09254345455215873,-0.04224193081199905,-0.36960155638610237,-0.0027631316975434577,-0.811140986387746,-0.1644259485026928,0.2781654858703765,0.27731394615115074,-0.3636217489715427,-0.438937184113243,-0.3189878655048863,-0.3250201575153024,-0.6845601890482226,-0.34003104134664147,-0.3420626863865712,-0.34003104134664147,-0.06837331953198882,-0.35785625303586777,-0.35785625303586777,-0.5388491893620837,-0.5388491893620837,0.5643501933593551,0.6708415611450109,0.7601230199905314,0.6709943867337577,0.8370268507594648,-0.4483473493000765,0.3853425786081069,0.5608734078014389,0.5611579346904839,0.5608734078014389,-0.2289758966463575],[0.9824388884316081,0.9804193692923923,0.9966627890449311,0.9873419705619774,0.9954172077943261,0.9824388884316081,0.9995993085848877,0.9983214711258475,0.9995472107292918,0.9254252487988859,1.0,0.9995965705680899,0.9995928443863505,0.9995488464707744,0.9446060724981018,0.9296511991379101,-0.3892411214221345,0.9997413036076555,0.9997452042746179,0.9996036516211281,0.999603536887206,-0.262101616406033,0.9626985404549079,0.9926057998368152,0.9925796073421974,0.9892390732192822,0.028526320878762966,0.08213728712085946,0.989424254701101,0.9894766651060322,0.9721568199029504,0.017870250645359447,0.9987325581134107,0.9986754062773707,0.9984895963105181,0.9992541564653096,0.9992129690687547,0.9987352162666916,0.9365075664845964,-0.3995004296013829,0.99842756285196,0.9984385925353342,0.99842756285196,0.9035922831273736,0.47453406118258296,0.914465442587072,0.8882316244304624,0.6912470888714598,-0.533705241215538,-0.6567424666544319,0.7931209526035,0.806850724665545,-0.29579579822433427,0.9218063243195587,0.9220068650414684,0.8567079519246038,0.8663396538043296,0.8336062556627041,0.8362096967862257,0.8427333704905443,0.843658525470938,0.8427333704905443,0.6708317155244059,0.6254240135438841,0.6281102083637018,0.6254240135438841,0.8671734011884797,0.8761419784859101,0.8657363803605199,0.8671905017156323,0.8657363803605199,0.32053312407753176,0.2504432757191725,0.37820211309654717,0.5020666729436908,0.37340424022220653,0.4209177849874992,0.4235616037735038,0.4209177849874992,-0.41257024715324336,0.7786537565900015,0.8289606060787975,0.8091523149740479,0.8654777922054109,-0.15292005275158418,0.7716399926924981,0.7721774302366805,0.7716399926924981,0.7859589387454017,0.7859589387454017,-0.3070763510256097,0.6818486347887148,-0.39947111505612387,-0.7012790982196409,-0.5479278077990949,-0.5502357441895789,-0.3709974630433388,0.1586559845860727,-0.2762920729395874,-0.45153116156638484,-0.6463174930932835,-0.35402946806962027,-0.6219957487764662,-0.4199021562369997,0.029570502639543767,0.025871308891903554,-0.5656050073618467,-0.5308969431272588,-0.5498071591101733,-0.5839158247128527,-0.5781484618684679,-0.5530138877890017,-0.555998538584695,-0.5530138877890017,-0.4397081989243034,-0.6058646545985558,-0.6058646545985558,-0.607109385721966,-0.607109385721966,0.35809249985572844,0.35399582597171675,0.470110361462971,0.5522824609028839,0.549819817742518,-0.5533038945130021,0.2942931218370063,0.3131307112961468,0.3133024675797844,0.3131307112961468,0.21777401697351403],[0.9909829431738236,0.9785533042044325,0.564028966687671,0.9925555243556649,0.9968207556764271,0.9909829431738236,0.999996208646367,0.9980127189142475,0.9999692955861736,0.9521097732953073,0.9995965705680899,1.0,-0.14462093901942766,0.9999944078294094,0.9919840532729256,0.9861153970743253,0.3811601783722853,0.999840196929031,0.9998402954080021,0.9886593938531518,0.9999970419496237,0.3449236210102158,0.6739661483233657,0.9898168154579682,0.9846654009641314,0.9863081756143947,0.22843149711979283,-0.18673595733400652,0.9920963368280017,0.9918442766686723,0.1710146745298426,-0.2517243761049959,0.9992993454728193,0.9993943775526677,0.3568943005261619,-0.3272318614706546,0.9987139076848068,0.9993151566512234,0.9893889321309376,0.361504982899393,0.9324352665315602,0.9990285089339247,0.9324352665315602,0.91018211547638,0.6206988665400877,0.9196155547813754,0.8915800324285144,0.6906977826751581,0.4137199785536275,-0.08292091759167264,-0.21031270404402963,0.9235136953943567,0.400570122203935,0.968357879772838,0.9613664976232761,-0.08004645981233117,0.8324412811783363,0.8042706540842035,0.8515568278244138,0.7976915809784294,0.7647358935328104,0.7976915809784294,0.7628885576788113,0.7650058573602548,0.7626167318286176,0.7650058573602548,0.8390346156949176,0.31361572929068393,0.5298613030843504,0.6111309183927374,0.5298613030843504,0.5302429893805578,-0.36088649278031426,0.4921305385837353,-0.6612931214326341,0.4104652128109719,-0.12739844662378305,0.37316460682171854,-0.12739844662378305,-0.1534889498346771,0.8145251547117031,0.8249689909162158,0.8137389108249734,0.7377135511602709,0.3759261749411454,0.8173937253865378,0.819303833105368,0.8173937253865378,0.7256848038618267,0.7256848038618267,-0.2444257206387636,0.6904147127627248,0.25244226684225857,-0.5956916259815828,-0.6149507615214982,-0.6180070391800512,-0.10859099496233877,0.003312781535500511,0.3546512333359041,0.07838602409490983,-0.4331126946615024,0.09767611782325336,-0.8266608976423588,-0.12527970116675077,0.042567195120569445,0.04286079277776226,-0.5962714971826525,-0.6069980189592085,-0.05678273558389932,-0.5812631409094764,-0.8434595274086827,-0.3500500210490094,-0.17697545959795946,-0.3500500210490094,-0.27467389259292646,-0.32045648102546603,-0.32045648102546603,-0.8368049207186631,-0.8368049207186631,0.36313727573681254,0.600381154526117,0.4985264712225008,0.8069851183123512,0.7576927981501155,-0.3235734932677501,0.06017181163936101,0.7630615925893889,0.7816426195899273,0.7630615925893889,-0.14544551370829892],[-0.12707535867465927,0.9785141525740845,0.5137022469298506,-0.13138090800307806,-0.34068031686083766,-0.12707535867465927,-0.14495371963696557,-0.1542425498874189,-0.3164024785639749,-0.2543439880341999,0.9995928443863505,-0.14462093901942766,1.0,-0.14399916221352116,-0.14422481959780142,-0.12035227184189298,-0.2938165903870118,-0.14544033326232317,-0.14592788724607847,-0.2674845324965446,-0.1455243521803833,0.02636698998654599,0.30929612735919326,-0.17852495551631348,-0.1788617178783923,0.9862877817479008,0.24910724618990043,0.18653953044388155,-0.18165635432850896,-0.18227277775377837,0.5376575170615072,0.12100048232961172,-0.14283533292332518,-0.30172962680833787,0.16857361645486252,0.9591893011095999,0.9987122391209801,-0.3331311746963883,-0.14190577537961616,-0.28373436363242793,-0.1431658918003891,-0.14406728540234778,-0.1431658918003891,0.9102628526978346,-0.1177671494021607,0.919589444653828,0.8915257181310475,0.6906847163080186,0.08442394776462095,0.2534384327171702,0.6446390308716051,-0.26396647701754233,-0.29720078439570413,-0.06292707083127701,-0.29805484621652545,0.03198665256094725,0.28387079508686497,-0.016401611062910472,-0.2974654750487823,-0.014187636478462447,-0.004454949879772213,-0.014187636478462447,-0.40324953801508173,-0.10186626893627834,-0.10399554017704168,-0.10186626893627834,-0.19614755078122806,0.07354741336520362,0.05045942310880452,0.050411004179965246,0.05045942310880452,-0.40564394356998,0.00691407041522621,-0.36970171338533975,0.6206785065924689,-0.33811571974140125,0.008936735736313105,-0.0572902078528536,0.008936735736313105,-0.3070156233859316,-0.33189059206271354,0.824940653577263,-0.10799445947916066,0.01875192621741,-0.22100130249756053,-0.2552698920544938,-0.25478513416345516,-0.2552698920544938,-0.022538301525207156,-0.022538301525207156,-0.2247506915846285,0.6903449028700408,-0.16188522928486962,-0.0226108096228516,0.19584074462329112,0.19439982234285036,-0.2523911109112836,-0.00813316799456432,0.019652153739381725,-0.17516355241405557,-0.11344051680468932,0.041051762886337745,0.3825429102661136,0.11284093104860012,-0.03939471625892074,-0.043334085246318065,0.0842231796447503,0.5691331347342942,0.09090372913416615,-0.19700688307754818,0.6109345668612954,0.09469687865659011,0.10278412349958446,0.09469687865659011,-0.23933479265759697,-0.19751606339995215,-0.19751606339995215,0.32181547786197506,0.32181547786197506,0.3632459966391461,-0.25056084111762283,0.01881735058018197,0.09258138027985123,-0.2457837065540221,0.07107447600919015,0.15472562839088586,0.10598681099850353,0.105904205501683,0.10598681099850353,0.12537135278526287],[0.9910474083769324,0.978337373911655,0.5643541147792789,0.9925923526551247,0.9968517363478364,0.9910474083769324,0.9999925446216998,0.9990187023875531,0.9999737857408948,0.9517664267296372,0.9995488464707744,0.9999944078294094,-0.14399916221352116,1.0,0.9914899821397377,0.9858953973717172,0.38127489741794185,0.9998432276930681,0.9998432410910171,0.9888180961344603,0.9999944204921898,0.3456113616115946,0.6738096685582133,0.993306479096903,0.9931956083852238,0.9861907146895065,0.22871983860099154,-0.18678014484656635,0.9928433424785162,0.9928881244294924,0.17180856006874012,-0.25155216250122253,0.9993494823296721,0.9993933953888627,0.3558341174842414,-0.3263715037789982,0.9986525077765545,0.9993182520768144,0.9895423725376421,0.36164487471525747,0.9319217698390749,0.9990844629711483,0.9319217698390749,0.9104616178477579,0.6214332969127327,0.9199655882839881,0.8919379481444171,0.6903853563834254,0.4151391827741991,-0.08130045607525854,-0.21051694211320704,0.9239115427982031,0.4008580762362009,0.9687783118641706,0.9617303588294409,-0.08107901071944038,0.8327254265144821,0.8041912168280588,0.8518181128179926,0.7976528969396273,0.7643316238654894,0.7976528969396273,0.7630862055630018,0.7649607061144991,0.763036165643492,0.7649607061144991,0.839386059250909,0.3129255293083715,0.5293427941883023,0.6111624756077755,0.5293427941883023,0.5300735634276617,-0.36207336150516406,0.4920323206944615,-0.6614474483158879,0.41007027180748623,-0.1284172290911254,0.3728128991974713,-0.1284172290911254,-0.15343201754226532,0.8146624871282955,0.8245782245374261,0.8138413741201305,0.7279789108538576,0.3763137132604667,0.8175190733111807,0.819418381269634,0.8175190733111807,0.7254910092698424,0.7254910092698424,-0.24607038517357,0.6913117423864542,0.25295512634838785,-0.5956772403895205,-0.6153389469670268,-0.6183999908229507,-0.10978367190308193,0.002040235715528758,0.3549571247969276,0.07792575036054293,-0.43338338692665607,0.09775301547590282,-0.8257789446370781,-0.12512110923102698,0.04150981722549732,0.041798347807018126,-0.5969195739077556,-0.6072886612716842,-0.056193960721820445,-0.5826358280617607,-0.8434477573327169,-0.349985941198267,-0.17640907178255252,-0.349985941198267,-0.27569169933435245,-0.3209439767697552,-0.3209439767697552,-0.8371549666297506,-0.8371549666297506,0.36330466035767756,0.6000505985533038,0.4979725955844887,0.8074349662360933,0.7571239817268027,-0.3230898884913941,0.05948739941136285,0.7634641691390578,0.7822509410607174,0.7634641691390578,-0.14511810050239587],[0.9796069864117339,0.9140390960996988,0.5545173087688311,0.9810579293363632,0.9791030511911409,0.9796069864117339,0.9919886762058608,0.9906733044969042,0.9844503986425621,0.9247810609850601,0.9446060724981018,0.9919840532729256,-0.14422481959780142,0.9914899821397377,1.0,0.9974107051557682,0.3904669577102424,0.9902819236012332,0.9902831285043296,0.9758237889582491,0.9914257528441098,0.34337797314943536,0.6579915763339386,0.9841044349503802,0.9751115740029765,0.8591034653092074,0.2219772105667893,-0.1876889237632273,0.985857422778242,0.9857323566174407,0.16916322241404205,-0.2557614995370273,0.9912664121360487,0.9852873095553493,0.34697476099183544,-0.3226901164163646,0.9459277557276219,0.9834144088617089,0.9985284169479494,0.37107996458364734,0.9218418412246719,0.9910411446586412,0.9218418412246719,0.8581625896806853,0.6193706008778039,0.7875673303464935,0.7597470414096632,0.6506522555826888,0.41593700376831205,-0.07594738417695646,-0.21148933827763317,0.9144162988547976,0.4034733679717391,0.9627143262488255,0.9491261512295108,-0.08760894189632946,0.7858104031094366,0.7927424263704821,0.828522023942755,0.785852422983722,0.7594240195557996,0.785852422983722,0.7348631234501414,0.7551501078922076,0.7579302022827963,0.7551501078922076,0.8114639116676187,0.3044172622964858,0.5187121333417369,0.6050204952925,0.5187121333417369,0.5158414161785653,-0.3646762106949672,0.4755613427259577,-0.6592435467393024,0.39573422854003126,-0.13168554873301455,0.36568798902682,-0.13168554873301455,-0.15476283517030073,0.7920426448063896,0.765509485523959,0.775955989472321,0.7325129366324578,0.38856743199896276,0.7990168714997601,0.8015243008958446,0.7990168714997601,0.7138900744883688,0.7138900744883688,-0.24809477015725076,0.6230485315964037,0.2520849618074553,-0.5705853322614151,-0.6089677396388711,-0.611803061160502,-0.10393539773636556,-0.006813376189558362,0.35807844806693523,0.08681076976131859,-0.41013979405271683,0.10274631574590554,-0.8191129928772721,-0.118446594730454,0.03285922619287505,0.03371528525226601,-0.5896141914881137,-0.5971723441157222,-0.04941413476630967,-0.5656656007966628,-0.8376664402116127,-0.3427482060300332,-0.16963663027370537,-0.3427482060300332,-0.26922685526504087,-0.31345521879780214,-0.31345521879780214,-0.8317263027278549,-0.8317263027278549,0.31949716025315755,0.5910280189189222,0.4937509042489849,0.8048189563687216,0.7447699007577631,-0.3153042012263686,0.05695831380094547,0.7625373235570663,0.7822946787047306,0.7625373235570663,-0.14328168732921756],[0.9778331597597674,0.9070270382350536,0.5872578652354051,0.9792873140829446,0.9735384557343303,0.9778331597597674,0.9859560969598299,0.9783694532803359,0.9766980589807035,0.9175593155447883,0.9296511991379101,0.9861153970743253,-0.12035227184189298,0.9858953973717172,0.9974107051557682,1.0,0.3834490406200545,0.9845919679322613,0.9845889890698304,0.9660731867081321,0.9857699251110396,0.35939973022678856,0.6759870993365995,0.9625185047504756,0.9676269539337722,0.8346305594919595,0.24629945677588275,-0.16318459325890747,0.9846997589997146,0.9800098747809446,0.20413039596083304,-0.22887110527398138,0.9863547846778412,0.9779952609589598,0.3748307012096185,-0.2925815981153406,0.9321627726299268,0.9760775939803606,0.9971952040044173,0.3645596843479066,0.9209785676241852,0.9862600906411024,0.9209785676241852,0.8364207412893365,0.6242577406737665,0.7588290731841683,0.7416549067630992,0.6632425269601934,0.41005676808675334,-0.07116814992619531,-0.21665769500025173,0.9093260596910574,0.3924676078853034,0.9589969889905245,0.9429249990862466,-0.09784377216387849,0.7978369122572649,0.8144897928035562,0.8396760693746176,0.8062525214079126,0.7889500780019062,0.8062525214079126,0.7442144300268945,0.7739316274947571,0.7838491580526763,0.7739316274947571,0.8245753092971669,0.34825923287850247,0.553595397798803,0.6434111693143156,0.553595397798803,0.5310607101856396,-0.3540552267624811,0.4957732920438315,-0.6197459257332945,0.41769587817096676,-0.09368306252743179,0.3999231063279039,-0.09368306252743179,-0.1539628617734996,0.8053205631630679,0.7747266178526016,0.7867614357070487,0.7659280671221829,0.3867878792077263,0.8122214406908719,0.8145611684101776,0.8122214406908719,0.7416178432660145,0.7416178432660145,-0.22408813509527628,0.5740497647827073,0.2254422242650858,-0.5793301734627633,-0.5983498364537703,-0.6013137505933823,-0.101501512658099,0.015709512393019046,0.35748258491305546,0.08169063842652922,-0.4192606873717819,0.10450423091622002,-0.8031224578264289,-0.11400212757935199,0.053314644550497184,0.053889779844799764,-0.5806539409515151,-0.5671519466093384,-0.0505516148864069,-0.5392813142836913,-0.8176254697363677,-0.33981391998040134,-