var correlationAdjClose = {"data": [{"type": "heatmap", "z": [[1.0, 0.9999908493061419, 0.9845417293434606, 0.9999216470046112, 0.99888808088608, 0.988472152665101, 0.9975051258023728, 0.9952659408626889, 0.9955629009919926, 0.9796027487827244, 0.9920585333791185, 0.9954108921289709, 0.9946234740244544, 0.9953205097541864, 0.9954556289593192, 0.9965556269210242, 0.998254192960433, 0.9960376810668589, 0.9960506176949233, 0.9960904661147663, 0.9953582648336556, 0.9855561298214179, 0.9692343879522788, 0.9878433558036223, 0.9866803637319906, 0.9810026478771433, 0.9635353918567565, 0.9432137985094385, 0.9941999343359881, 0.9945790292602144, 0.991789801298717, 0.9748078326643003, 0.9974162467474299, 0.9977141472995352, 0.9970936325031461, 0.9954756414918879, 0.9949762323701645, 0.9975693102238579, 0.9976271471700864, 0.9987289546960326, 0.9973569090084473, 0.9973685123224159, 0.9765691984537818, 0.919772360838472, 0.751034809520036, 0.8995796974165102, 0.904763168592145, 0.8414790829751032, 0.9674821008708356, 0.9446938935011425, 0.9687702710019189, 0.9656799470857865, 0.9592620467599725, 0.9858811081518429, 0.9823557237880581, 0.9840616644333099, 0.9771902760146447, 0.9859399619598687, 0.9832755830769213, 0.9865741945776247, 0.9863373099726633, 0.9641285080800748, 0.9671625057873185, 0.9713638822566324, 0.971027595421632, 0.9442928975201672, 0.9752634648391768, 0.9737044897149284, 0.9819767420639228, 0.9810991779309998, 0.9355259307541135, 0.858600649513217, 0.8264679996193209, 0.8776628680772014, 0.9046795179133156, 0.8994985069938851, 0.9028277139041077, 0.9014067817036344, 0.6237268349153925, -0.5706611628794019, 0.9766406855127534, 0.9676757793054288, 0.9642595083661487, 0.9849328308518874, 0.9596570244245528, 0.9815018177047241, 0.9814505711657123, 0.9450646307580631, 0.9817411054330899, 0.9492558599595945, 0.6313005965851586, 0.8598833861943987, 0.9140775290453294, 0.038538067224588565, 0.9198407389960824, 0.9402463765327622, 0.8127492648374286, 0.9570679343375367, 0.8959116459079355, 0.650852620400172, 0.459858826081715, 0.891761428186066, 0.8624668102088658, 0.8883016814532743, 0.9680062704823712, 0.9682260647045484, 0.7378120331137967, 0.7032027084326073, 0.8263853371543287, 0.33622544291842943, 0.7945278285434537, 0.8306871694711546, 0.8172457008142628, 0.8152711476089044, 0.7462080166464723, 0.7409915490761932, 0.7209764344838016, -0.23892217759363252, -0.37431955706248987, 0.632961570081385, 0.8996437335793633, 0.9451074455083697, 0.9493489063447813, 0.9192765256818135, 0.8285351144541488, 0.9166883128801997, 0.9384357594977032, 0.938260584795221, 0.8728524173499753, -0.1849765070397074], [0.9999908493061419, 1.0, 0.9824133632075693, 0.999764229053602, 0.9974968992651645, 0.9904318628692317, 0.9929099822216387, 0.9884993344172527, 0.9885292714307623, 0.967244015695825, 0.9909780840890569, 0.9887516013730218, 0.9885671092208506, 0.9886172827240537, 0.9887147499580521, 0.993503055041689, 0.9953552793300786, 0.9919932814001144, 0.9919936529418963, 0.9886141619952987, 0.9886755843192964, 0.9876572118344639, 0.9608947551178126, 0.9839454905408305, 0.9836187127662565, 0.9808268271301424, 0.9717910664574758, 0.9068495448470515, 0.9878404896708064, 0.9838658224152292, 0.975717502826862, 0.9113770921690513, 0.9945845339299804, 0.9944065428250868, 0.9946952081230707, 0.9897987934005296, 0.9941074884842794, 0.9946844724575747, 0.9949960907725832, 0.9967506129933725, 0.9946880093437053, 0.9946973261423216, 0.9858384839937636, 0.9196019185179348, 0.6117736459924475, 0.899372104437381, 0.9050806457834688, 0.8416428499200548, 0.8756220213251493, 0.9122433500831576, 0.8795098441563199, 0.8977010831233055, 0.8744550158164877, 0.9547384683573605, 0.9546275500181357, 0.9735160504559747, 0.9776434445268666, 0.9714073027436254, 0.970949140667579, 0.9741714530847255, 0.9740795630888716, 0.934525186688108, 0.9433618425455461, 0.907660418186202, 0.907552587555396, 0.8000861816683292, 0.9683840567649464, 0.9707874836239885, 0.9710523785659141, 0.9704321795978756, 0.929538537517108, 0.6418763444933724, 0.5818073183051247, 0.7385808747821757, 0.8359774798750794, 0.7621468720135971, 0.8009828647696957, 0.7991475451178681, 0.5749016631762679, -0.27674802326109604, 0.9556310814510905, 0.9628435379244373, 0.9553112730289854, 0.9744635190258825, 0.9350211786226167, 0.9604168514230252, 0.9594456310580696, 0.9003623498700853, 0.9635238331696321, 0.9064452767852067, 0.44777200688808366, 0.8588563130544126, 0.8569729754639343, -0.264917878775616, 0.6386567847727361, 0.73532475615412, 0.6305871037358065, 0.9547787211143935, 0.6473969760390439, -0.22471158033505048, -0.10815325349243844, 0.6148294765611285, 0.6220383276055027, 0.6692462501029771, 0.9564680744772969, 0.9563024274149338, -0.09191300078690197, 0.1429901061399707, -0.01134787834009687, -0.04352577385921307, -0.015803668078078245, 0.0006698951799118546, -0.030833550032803667, -0.07312620643779764, 0.3422784406122261, 0.08489074984092763, 0.03630444874086715, -0.4542366606214823, -0.4872412125028434, 0.6329535556482139, 0.7441391272983815, 0.7677936399621382, 0.8299347000128087, 0.8242213268320534, 0.5346574905764112, 0.7324367235016721, 0.7644476030198034, 0.7630701487783954, 0.4112703137669002, 0.216253313171436], [0.9845417293434606, 0.9824133632075693, 1.0, 0.9859902168753111, 0.9927769729592355, 0.9899162037353207, 0.990699047057625, 0.9911095411894681, 0.9943737868287928, 0.95455072722708, 0.9969576281103758, 0.9910083453129321, 0.992946969355472, 0.991170485574324, 0.991085295085303, 0.9916897667966, 0.9897399731471591, 0.9896787673143841, 0.9896435275042021, 0.9929039965053684, 0.9910372215358778, 0.9934345145478023, 0.9790314978120064, 0.9907165190237577, 0.9911234697501066, 0.9794878977397428, 0.9819573957984385, 0.9469387996981026, 0.973215302635874, 0.9765456230994307, 0.9782230628989389, 0.9500878462171605, 0.9879689363679184, 0.9910905096393663, 0.9893973994183365, 0.9930759574099899, 0.994729975054478, 0.992120732363916, 0.9873743273118369, 0.9874147994171589, 0.9882451606336038, 0.9876107534053221, 0.9905187242875798, 0.9199873458320472, 0.6922864088132008, 0.9263158372342777, 0.8975885266731942, 0.7509355938399016, 0.928437314097112, 0.8998841545630267, 0.9305871509774374, 0.9255900340325978, 0.9164703365553803, 0.953118505095006, 0.960177619938418, 0.9305888562211556, 0.9475167138158822, 0.9536538263563894, 0.9592691783093735, 0.9542754423770579, 0.9285567464457208, 0.8960584443141315, 0.9254819582190974, 0.9236700743621091, 0.907021114449914, 0.8613185791484691, 0.9589610960914623, 0.9368900661815225, 0.954422990027748, 0.9328574406999598, 0.7692388941987736, 0.7977797956428259, 0.7319334033369167, 0.8191160967229038, 0.8641855118674666, 0.8615724118095897, 0.8336241647478129, 0.8472772359294292, 0.29799721146097724, -0.5712831808451392, 0.9454354321159291, 0.9175902761296412, 0.9221251419376041, 0.9310517020463598, 0.9300264160672408, 0.9506511031343489, 0.9502588523963109, 0.910864462361456, 0.9471699259980898, 0.8358028152033657, 0.6023434394253186, 0.9311848630823704, 0.9348471875963622, -0.03792822735566026, 0.900442469853143, 0.9234077719084786, 0.7980863616245152, 0.9776037110184114, 0.7786691958219325, 0.5590580164069578, 0.3816236586209157, 0.7858242535584931, 0.7876474585485442, 0.7744274474216353, 0.9813280739692145, 0.9813709898554811, 0.6566511653037306, 0.6375740332972413, 0.7146306992729072, 0.2662134161864008, 0.6896590850221822, 0.7118701696417262, 0.7259280998830299, 0.7081375227728837, 0.6994055908146042, 0.667053149040877, 0.6450852208084142, -0.31354890379565437, -0.44845074410078223, 0.58700027474795, 0.8595129307127436, 0.8954740097565537, 0.8971092764557321, 0.8924483691624844, 0.7584454366188146, 0.8697442418106673, 0.8840039569426111, 0.8928262997459884, 0.7395217695214298, -0.10192876963084374], [0.9999216470046112, 0.999764229053602, 0.9859902168753111, 1.0, 0.9991999747493033, 0.9894141208631463, 0.9978522285270023, 0.9958009377341359, 0.99619213346729, 0.9792754945504423, 0.9935412571089186, 0.9959277844371476, 0.995351508574535, 0.9958537475975492, 0.9959675376595626, 0.9970800704672479, 0.9985598599649217, 0.9965041667755078, 0.9965143299522077, 0.996629402262641, 0.9958784865101827, 0.9868375549290778, 0.9705689177451761, 0.9889624044526532, 0.9879114114524645, 0.9834626114301672, 0.9656675611812797, 0.9444117617410345, 0.9936934910015586, 0.9942448977950564, 0.9919175657026162, 0.9744783634717, 0.9975839506989814, 0.9980301441814954, 0.9974165999616796, 0.9960576549534088, 0.9958121333117262, 0.9979251945739206, 0.9977466053458856, 0.9988453554199469, 0.9975154372714422, 0.9975238017198952, 0.9784079191766123, 0.9153730709801888, 0.7446296176547166, 0.9002851266964134, 0.9020843924942337, 0.8308864429763396, 0.9645787423943775, 0.9412454514690092, 0.96575562328445, 0.9630107328475316, 0.9564018480447801, 0.9838095548790236, 0.9808213242365391, 0.982256904085497, 0.975385955670957, 0.9843274261741704, 0.9823733431945643, 0.9848818320815086, 0.9846405779074825, 0.9501934736097829, 0.9654324606972691, 0.9696032161076964, 0.9692675222065414, 0.9374618151948215, 0.9745373298886852, 0.9699861882316161, 0.9801502144919014, 0.9792297852906245, 0.9072324852455483, 0.8564191976140421, 0.8215544029868329, 0.8751895120278619, 0.9010047917897742, 0.8985601531127272, 0.8997092712173014, 0.8983556712599491, 0.5182984341627634, -0.5707395232073018, 0.9753674842189274, 0.9653614284866341, 0.9619869074848872, 0.9831324526326473, 0.9584510278375856, 0.9803693793387558, 0.980316523629932, 0.9438506145264666, 0.9799038215324712, 0.9282659280665632, 0.6370253967491517, 0.8687485001193804, 0.9186750049881901, 0.03881643559483255, 0.9216018978310486, 0.9417517266516933, 0.8131035753322763, 0.9586046106037511, 0.8897836886408776, 0.6476545242829873, 0.457255695360447, 0.8867144204599696, 0.858934159401996, 0.8829219630301876, 0.9691321072641907, 0.9693603250471388, 0.7369020880348889, 0.7035454573770228, 0.8184775784063623, 0.3383917015937911, 0.788970035997862, 0.8224936230830324, 0.8091275054091779, 0.8100263861462084, 0.7491843729246451, 0.7411286316815767, 0.7211803091253227, -0.234305113702401, -0.37356658924026953, 0.631089556338428, 0.8977716513838464, 0.9433799167665554, 0.9476660116638581, 0.918211349379918, 0.8257580431040626, 0.9147710502330514, 0.9362857190842431, 0.9362669882072654, 0.8651746434906573, -0.1775205059167745], [0.99888808088608, 0.9974968992651645, 0.9927769729592355, 0.9991999747493033, 1.0, 0.9922036871855257, 0.999039657569098, 0.9982605210166261, 0.9983149220267703, 0.9726987328263696, 0.9975880762837608, 0.9983082370724897, 0.9980885174132463, 0.998295098172095, 0.998361027753239, 0.9986261486828788, 0.9991742912802944, 0.9986909686878134, 0.9986909345944066, 0.9983839162706959, 0.9982916205505984, 0.9935777161157885, 0.9781333992109071, 0.993682577628323, 0.9936079027087658, 0.9872235850650104, 0.9798340927479091, 0.9476134104921634, 0.9902302991780891, 0.9924845851370325, 0.9895810412318865, 0.9652130807766716, 0.9989398552596365, 0.9989728674374493, 0.9989640009672986, 0.9984103095429476, 0.9985051411379038, 0.99906451697175, 0.9991182890713244, 0.9990733466999061, 0.9989237983682449, 0.9989238924232496, 0.9888683358295206, 0.925024742553375, 0.7198319069226029, 0.9158911414705418, 0.9057857684178297, 0.8116881024880712, 0.9484634239990876, 0.9284844724500729, 0.9522612937923485, 0.9541901177372712, 0.9472252575518548, 0.9797831312460897, 0.9797152408389922, 0.9778808606700862, 0.9689241425576762, 0.9788975325427557, 0.9776917390875526, 0.9792122307791548, 0.9789090240975149, 0.9517305272166099, 0.9546013085950666, 0.9498371859332843, 0.9493810741838944, 0.9023770101819196, 0.9712824596436062, 0.9679696886396113, 0.9749118058418078, 0.9739084746756694, 0.93000172883946, 0.8305574327436057, 0.7838064370396138, 0.8564256654893087, 0.9029135426428256, 0.8832684170183537, 0.8923066076138266, 0.8909694402578379, 0.6757003153154532, -0.5936214968110828, 0.9676670704800514, 0.9524134746281743, 0.9504428589528432, 0.9790503225540338, 0.9450191162338341, 0.972266582337472, 0.971760741699222, 0.932305428025331, 0.9743615323309399, 0.9366075910105127, 0.6228648105341384, 0.8914715129703488, 0.9402649929951247, -0.05848997611721149, 0.8984191412121815, 0.9249493605996381, 0.8065746620671743, 0.9646868863740533, 0.8786889522158552, 0.49644409332110273, 0.3292473329417078, 0.8660414194491798, 0.8191488938524997, 0.867770669648328, 0.9735259195654904, 0.9737011188403755, 0.6892004014332448, 0.6833435159365673, 0.7334748663659648, 0.3121463511391482, 0.6693192798797257, 0.7394100441708074, 0.7152234607737776, 0.6948360262557534, 0.7323021664452788, 0.7230468420861796, 0.7021000723027313, -0.45894469974740426, -0.5349621081983608, 0.6188427938397998, 0.8901089051216778, 0.9271630992721762, 0.9388921944330137, 0.9142536403200947, 0.8012445730197483, 0.8965601784899216, 0.9202103215618724, 0.9197152515459325, 0.79830613232151, 0.042818349861070644], [0.988472152665101, 0.9904318628692317, 0.9899162037353207, 0.9894141208631463, 0.9922036871855257, 1.0, 0.9887573510541964, 0.9887479162512757, 0.9882360755139932, 0.9645189472981279, 0.9791834037025762, 0.9886981790534476, 0.9898237802615963, 0.9888080769037005, 0.9889274776600593, 0.9917903325462066, 0.9897375968055363, 0.9896313812402225, 0.9896163868160224, 0.9875934392380643, 0.9887427775580088, 0.996116943321112, 0.9911812240763483, 0.9885217542314851, 0.9883099413711908, 0.9684390100672331, 0.9846309471235264, 0.9659268121494498, 0.973143139888227, 0.9768797025372024, 0.9850824735591016, 0.9717071541739879, 0.9887240857720517, 0.9889027934514878, 0.9896974188681741, 0.9896717686371583, 0.9818991106581139, 0.9896521550033526, 0.9891086729166888, 0.9891534504109457, 0.9888215196176027, 0.9888176443760751, 0.9945782280832554, 0.8789379265498642, 0.7251416514632397, 0.8766824670855973, 0.9019926489371514, 0.8357557704585882, 0.9350743659124776, 0.9124525401489476, 0.9368566304262814, 0.9442265254675601, 0.9328571114401737, 0.9625581234022378, 0.9670900625441977, 0.9675947770546036, 0.979445321524927, 0.9687132986785054, 0.9805159313394362, 0.9686236027105498, 0.968056882748439, 0.9671305592742212, 0.9588572449425005, 0.9429021791191353, 0.9424142786899721, 0.9292659567236906, 0.977724031974718, 0.9700677501187945, 0.9688194200668555, 0.9671404898095177, 0.9485201347076079, 0.8552202322598929, 0.8073191752452887, 0.8758046255823062, 0.8952377111780103, 0.9025536984562897, 0.8858491045146253, 0.8837399399285084, 0.6426200561693208, -0.5342715570006689, 0.9742170776227372, 0.9697837548835099, 0.9664537627579655, 0.9687454441072169, 0.9583797370757307, 0.9745723908033808, 0.9742194063788764, 0.954167625740959, 0.964095213411386, 0.9537418601342931, 0.6378993613700922, 0.8314276394319045, 0.9362977388360474, 0.04564494330114137, 0.9111844129770936, 0.929709863364683, 0.8084914169645773, 0.9550575254102064, 0.8468654947283791, 0.5971007231065205, 0.43494884599347255, 0.8443295840745636, 0.8199889731133101, 0.8416829919299403, 0.9573486565628337, 0.9574261064992187, 0.7004011346778919, 0.6838399453895015, 0.763658585437877, 0.3385700764834856, 0.7418700792439807, 0.7694113375582589, 0.7553809657540043, 0.7573248873547437, 0.7370522439720766, 0.7128945312803303, 0.6950253518727091, -0.2648927878312764, -0.39190919828463855, 0.6616683700891571, 0.8851581955483483, 0.9032002062346206, 0.9115756606521155, 0.8998779125617207, 0.8011465395051799, 0.8720913279786111, 0.8947263203457276, 0.8947744440415318, 0.8391767538020896, -0.1468940926765898], [0.9975051258023728, 0.9929099822216387, 0.990699047057625, 0.9978522285270023, 0.999039657569098, 0.9887573510541964, 1.0, 0.9971367266303832, 0.9995271130789569, 0.9720929256130763, 0.9994158270433612, 0.9981215865837717, 0.9990648799529499, 0.9990143883611078, 0.9987885084830882, 0.9981443862247369, 0.9998733819838308, 0.9992503447424296, 0.9992557106695239, 0.9996483070872927, 0.9992182293102057, 0.9906751077826138, 0.9746306055547871, 0.9840134435141945, 0.9924513235613055, 0.9864437222784537, 0.9716987950314091, 0.9429425846758481, 0.9923145342845531, 0.9917393836824326, 0.9929896717951561, 0.971285499339671, 0.9988220440510637, 0.9998171883405328, 0.9996504916881388, 0.9993904993027755, 0.9996530577799918, 0.9998480024320582, 0.9978995608593506, 0.9995596071765459, 0.9992701464362835, 0.9988751190735102, 0.9832037580990839, 0.9307247888481842, 0.7350541799187694, 0.9289715464242863, 0.9161848449231661, 0.8028561183320067, 0.9592468079950497, 0.940591221806496, 0.9612646549561539, 0.9583697349744719, 0.9525255520278701, 0.9818842563908587, 0.9799971429469551, 0.9400804328723364, 0.9548015964957178, 0.9685850025390456, 0.9688319826283144, 0.9704230971475579, 0.9403501574927822, 0.8893740735311881, 0.9444836375299667, 0.9547796627396595, 0.9316039198510453, 0.8754762806763245, 0.960084235483416, 0.9295104993820391, 0.9620978913624604, 0.9403736604278169, 0.7330937748484592, 0.8251703486151631, 0.7545164250210092, 0.8426111429612919, 0.8707083922461091, 0.874437982167735, 0.8542035948603675, 0.8666182267708082, 0.25301958330490165, -0.6057797065917874, 0.957880570103764, 0.9353225341331269, 0.935572987542687, 0.9424788756153374, 0.9412898650915427, 0.9659603405346191, 0.9660128450079909, 0.9226712414255698, 0.9621139163649062, 0.8199265991418788, 0.6182691239565328, 0.8921541329408994, 0.9185582660425395, 0.015147595797769815, 0.9188711868125738, 0.9402375200311894, 0.8071274350030178, 0.9643207410065142, 0.8310708425291198, 0.6351682015845102, 0.4411955222770712, 0.8433528188055288, 0.8371507330882424, 0.8290832574142092, 0.9736836337653106, 0.9739241423555662, 0.7225660435426775, 0.6795941288948819, 0.7835833129357482, 0.30723235356553386, 0.7655960921547248, 0.7925010014305347, 0.7832832971438507, 0.7887402379599296, 0.7278373432362891, 0.7276266987036955, 0.7058419495674275, -0.2533785015588492, -0.3998271226779269, 0.6377117909379598, 0.8914461587377103, 0.9300762748041377, 0.9454514192516488, 0.9174219308855407, 0.823671449470388, 0.9141843040943854, 0.9360185933800367, 0.9354179195238193, 0.7746444402240401, -0.1392314648107432], [0.9952659408626889, 0.9884993344172527, 0.9911095411894681, 0.9958009377341359, 0.9982605210166261, 0.9887479162512757, 0.9971367266303832, 1.0, 0.9999842676395408, 0.9660654621793439, 0.9996409443172887, 0.999996877078154, 0.9996603847112931, 0.9999978413060998, 0.9999816152985779, 0.9964571775607164, 0.999115461282317, 0.9998871232702192, 0.9998866351492426, 0.9999563934685668, 0.9999944000286294, 0.990851528816996, 0.9755895104653876, 0.9917116707977941, 0.9929536854975679, 0.983386714627965, 0.973861951974642, 0.9414935082523723, 0.988611698995445, 0.9942350866989811, 0.9916172124842494, 0.9678601653693989, 0.9994272579309037, 0.9994875448885695, 0.9996112838272223, 0.999684087280928, 0.9987632825144711, 0.9994031927698918, 0.9991099262698422, 0.998267282045219, 0.9994968574275019, 0.9993582550548968, 0.9846284420895944, 0.931070930325455, 0.7218198622161104, 0.9354402557546442, 0.9136153121762485, 0.7809912277012945, 0.9577596238805767, 0.9356346418030516, 0.9593534647917459, 0.951901663413272, 0.9460184487874386, 0.9799108368697284, 0.9767347953307366, 0.934234456327199, 0.9486094009221357, 0.9605148982868427, 0.9646538092482343, 0.9628626664461335, 0.938340811422773, 0.8782128562394771, 0.9381436138756472, 0.9466978206167306, 0.9254252056719309, 0.8597915569753055, 0.9563297577255057, 0.9218515917572164, 0.9553332359021334, 0.9349171823889798, 0.7160094940359252, 0.8147462205661137, 0.7494074014332992, 0.8321544211016233, 0.8615042004010269, 0.8681199135255777, 0.8488466927772288, 0.8582193475714442, 0.23175658064814786, -0.6118284122807871, 0.9521993929980797, 0.9250306323814504, 0.926878822671613, 0.9402090876525947, 0.9347340794378615, 0.9604442754512399, 0.9604958523779376, 0.9151295719219966, 0.9535292447790026, 0.8044226647477121, 0.6132971848385392, 0.9136501787867183, 0.9313356009122542, 0.001022995070696294, 0.9180774195950707, 0.9397625262204841, 0.8042917477121185, 0.9691465770517272, 0.835047078804746, 0.6209356619077494, 0.4276903986235253, 0.8448089549348143, 0.8341237391829746, 0.8326966197562855, 0.9767773825909076, 0.977022846374595, 0.7122901717771174, 0.6703912886669745, 0.7857463706119822, 0.2919273264414955, 0.7604118983856311, 0.7882395082811298, 0.7847365673516583, 0.7832483815960326, 0.7202461386120909, 0.7210825732092562, 0.6985944168249879, -0.27077391757781216, -0.4162837820880594, 0.618619107840497, 0.8827660217488996, 0.9278774072319282, 0.9377187209408024, 0.9109351196331542, 0.8120574096067785, 0.9076570986085221, 0.9296939685998186, 0.9293541818203876, 0.7540754676472148, -0.12082634101131723], [0.9955629009919926, 0.9885292714307623, 0.9943737868287928, 0.99619213346729, 0.9983149220267703, 0.9882360755139932, 0.9995271130789569, 0.9999842676395408, 1.0, 0.9653763944180623, 0.9996383515857308, 0.9999814923191507, 0.9998345459016282, 0.9999899242233402, 0.9999962054750773, 0.9989835302953194, 0.9990983948280154, 0.9998226830805811, 0.9998216510511129, 0.9999667797761752, 0.9999823015803927, 0.9937202337341913, 0.9767285533237363, 0.994994681207107, 0.9951459977332094, 0.983342954171984, 0.9780378812348351, 0.9424643126067468, 0.9891721779719433, 0.9932931515224408, 0.988622642699564, 0.9632516588541911, 0.9993471123948247, 0.9994284104818156, 0.9994282701744412, 0.9998366387100326, 0.9987745946335339, 0.9993934428069706, 0.9993326240313968, 0.9982853488477061, 0.9993407605841518, 0.9993348444658194, 0.9889895430553015, 0.9312858610595403, 0.7226350089038935, 0.935455108371247, 0.9137263753033804, 0.7812516371509364, 0.9450035837112124, 0.9235516646437275, 0.9483299753758694, 0.9493201276507341, 0.9433243352484928, 0.9773556824392642, 0.9768528577544832, 0.9664395415331182, 0.9489841025648077, 0.9673751315342941, 0.96470362132687, 0.9677913500618754, 0.9674406843743538, 0.9380028364895565, 0.9373804250535219, 0.9385184272040352, 0.9380935450049986, 0.8896839364909478, 0.9566572655364455, 0.9576578806466784, 0.9639808754783736, 0.9627503198768127, 0.9159252142215489, 0.8140085492362611, 0.7611417237092871, 0.831237688613407, 0.8829038725749966, 0.8662430871759265, 0.8740255839146194, 0.8729542493465142, 0.6196814561573403, -0.6281191681256448, 0.9520957071144422, 0.9250374755622395, 0.9269685070668289, 0.9678553769046183, 0.9285710214418152, 0.9599229872930335, 0.9593848684671001, 0.9159250624291005, 0.9622853860862501, 0.9205573323318291, 0.611485629726163, 0.9130935154009596, 0.9456103523338946, -0.055399430984758254, 0.904119598719199, 0.9299283069979521, 0.803382157261392, 0.9678126322577447, 0.8854302022379577, 0.5255239635175682, 0.3545960122437935, 0.8733826995564348, 0.827350834796852, 0.8756784636953813, 0.9766901978671214, 0.9769667015638144, 0.7101987083204411, 0.6674226053482528, 0.7498254264973718, 0.28964224972699604, 0.6875961430490467, 0.7553596276086423, 0.7331070730048782, 0.713652374377931, 0.7175571516500391, 0.7178351032754069, 0.6952967753343317, -0.508816901990774, -0.5861858964378522, 0.6183029045350659, 0.8816519679400134, 0.9265824041089487, 0.9392075133875122, 0.909964609300746, 0.8070221947357977, 0.8967563432800224, 0.9196879361395625, 0.9191232829746703, 0.8077408503210143, 0.1160614776088642], [0.9796027487827244, 0.967244015695825, 0.95455072722708, 0.9792754945504423, 0.9726987328263696, 0.9645189472981279, 0.9720929256130763, 0.9660654621793439, 0.9653763944180623, 1.0, 0.951218188110142, 0.966462408908944, 0.965374934986683, 0.9661889576536686, 0.9657389019875742, 0.9671506143894951, 0.9756524545077538, 0.9706411065743878, 0.9706536491902016, 0.9662413840765481, 0.9663161150888429, 0.9658605586343609, 0.9530361726163782, 0.9730715666481287, 0.9709387518193051, 0.8931714201344454, 0.9694143537779932, 0.9515695794395873, 0.9760536315649329, 0.9701941986744488, 0.9702118527456394, 0.9358332391644888, 0.974470943570838, 0.9740349989829938, 0.9745041255614924, 0.9666360945820915, 0.9590747203654106, 0.9734867966910119, 0.9742890231112757, 0.9779411090133087, 0.9746588733089686, 0.9746769946497568, 0.9559425266500795, 0.8451861229439583, 0.5422601656878389, 0.7945288417775315, 0.8922174030734581, 0.8754361331893348, 0.9023481087658026, 0.829572964027683, 0.9068412378667655, 0.9164140258414847, 0.9039423433198771, 0.9333200807259316, 0.9331742778640884, 0.944127215649302, 0.9357782837407239, 0.9545673097697268, 0.9481711589241881, 0.9529104170045588, 0.952928424846324, 0.9123142789129872, 0.9531445897607324, 0.9381576819747607, 0.9378590814768754, 0.8593556837186501, 0.935723054959, 0.9436502674530117, 0.9370655822419648, 0.9360037245399966, 0.8865247264158836, 0.8218564549507931, 0.7784215369453783, 0.86498234408983, 0.916242438865997, 0.8881741105123416, 0.9022597427527272, 0.901533394225589, 0.714163029847775, -0.3154210178872566, 0.9533047388102008, 0.953940608353075, 0.9462825332992217, 0.945917783473612, 0.9250665562849257, 0.9545700302006647, 0.9544986327871018, 0.9019720926392707, 0.9565570886125497, 0.9069528644330186, 0.7153934316322068, 0.6898853055443935, 0.8662554770125597, 0.0033547895624673452, 0.8544480255306106, 0.8909740932849881, 0.8750455224116408, 0.9500411931907421, 0.9059941117529218, 0.4197294087061081, 0.37608698647539063, 0.8983589415611312, 0.8746538952094486, 0.9048969071337744, 0.9503042398468006, 0.9506441587125152, 0.540993324453222, 0.7059646514395511, 0.6171602710262617, 0.4868633363363719, 0.5758101493959354, 0.6316477924285548, 0.5925019845668933, 0.5673787401841601, 0.8085856048963741, 0.6857959524414838, 0.6504808440835042, -0.2827362874780647, -0.33144012529982436, 0.7518961284283284, 0.9174059153859898, 0.9239547342192198, 0.9119696189344672, 0.9424248659785219, 0.6621727760866984, 0.8439325643433886, 0.9102588982296989, 0.90940562313885, 0.6921338982065011, -0.15892144425255716], [0.9920585333791185, 0.9909780840890569, 0.9969576281103758, 0.9935412571089186, 0.9975880762837608, 0.9791834037025762, 0.9994158270433612, 0.9996409443172887, 0.9996383515857308, 0.951218188110142, 1.0, 0.9996698350064447, 0.9996474360781205, 0.9996555716157549, 0.9996618793228572, 0.9994123582078169, 0.9987534706867749, 0.9999545539317136, 0.9999540016358339, 0.999654532139393, 0.9996628692519767, 0.9899196246593683, 0.9567789045266176, 0.9910300076641567, 0.9921865339107214, 0.9879412842199874, 0.9697418371568762, 0.8935142796271441, 0.9885216378839462, 0.9923024661807426, 0.972227181873845, 0.8958251946045018, 0.9991428964078232, 0.9992125905721111, 0.9991411466054754, 0.9994507587469705, 0.9993947735119013, 0.9991642812046349, 0.9990245539608277, 0.9972470557056685, 0.9991130006212497, 0.9991082138611798, 0.9895199285369721, 0.9251857797360393, 0.5728604094505183, 0.9307595686408975, 0.9128329384473877, 0.7855998568607595, 0.8589215923458429, 0.8921133025259126, 0.8644588237512782, 0.8755778128762852, 0.8558427720653417, 0.9504557450141017, 0.9503738212556537, 0.9494507794621794, 0.9518662475093858, 0.9410752279868176, 0.9431313005510716, 0.9456199890907288, 0.9454167782117295, 0.8946018951236976, 0.9062216885725516, 0.8632860826620785, 0.8630958717014651, 0.739838787865482, 0.9454068508104524, 0.9489210699596834, 0.9491019340613636, 0.9483790651691468, 0.8957224803410706, 0.5890341859920502, 0.5249865383300513, 0.6857319564450491, 0.790897268802059, 0.715382607956646, 0.7554305182630627, 0.754205836535682, 0.5151720665998297, -0.40139452316873175, 0.9187454843320402, 0.9291089924282677, 0.918397648103109, 0.9509577460978564, 0.8926722445795914, 0.9248760753675745, 0.9235897157306999, 0.8528934110386486, 0.9293516708397223, 0.8606888737436614, 0.4992526742018564, 0.9094125944174312, 0.9047224126877426, -0.26637853155636454, 0.6785006342269183, 0.7657552330200046, 0.6438462246583232, 0.9701471743834209, 0.6593279739940812, -0.16976272784577223, -0.07616412467582438, 0.6316252204317676, 0.636106171291807, 0.678454383447369, 0.9714492712374109, 0.9715035615838862, -0.030138953743722306, 0.19607755681070743, 0.05237335313516654, 0.018971825564051373, 0.045515085756582765, 0.06468975447396602, 0.03192401206677891, -0.01670915309294993, 0.39500069236531804, 0.12819976621932583, 0.0763058506276274, -0.5237096574696452, -0.5563038985928692, 0.6183772328184599, 0.7370405733486246, 0.7612313609752804, 0.8259010787608378, 0.8231803419515352, 0.514455200482699, 0.7225275490431837, 0.757741310937232, 0.7564514984772808, 0.40198544775067874, 0.267146101518475], [0.9954108921289709, 0.9887516013730218, 0.9910083453129321, 0.9959277844371476, 0.9983082370724897, 0.9886981790534476, 0.9981215865837717, 0.999996877078154, 0.9999814923191507, 0.966462408908944, 0.9996698350064447, 1.0, 0.9996455056394207, 0.999997646236838, 0.9999843748167206, 0.997095523596522, 0.999176468391166, 0.9998985470287188, 0.9998982399768725, 0.9999642362428106, 0.9999948668886508, 0.990765959844632, 0.9754726807998808, 0.9923657334844314, 0.9929176491236003, 0.9835941364140535, 0.973702210041624, 0.9415251527006885, 0.989496288590993, 0.9942892582624715, 0.9916894667289747, 0.9680057649357675, 0.9994695047266913, 0.9995316767346336, 0.9996447970144098, 0.999686158881928, 0.9988545669590907, 0.9994491119209914, 0.9991488343631233, 0.9983568737854174, 0.9995404158336663, 0.9994014646038212, 0.9844421976585301, 0.9313582011398084, 0.7225322893862837, 0.9353719264044419, 0.9138923985860384, 0.7821844677925851, 0.9580810652262809, 0.9360489164681656, 0.9596832740298975, 0.9522739925731177, 0.9464140525244071, 0.9801480839138543, 0.9769196369678319, 0.9345749444829128, 0.9488431240490706, 0.9608520226917628, 0.9648314186625854, 0.9631918736734193, 0.9386205068060185, 0.878460285174514, 0.9384728014012437, 0.9471497940328718, 0.9258822253166984, 0.8602868043585212, 0.9564517122618713, 0.9221116116663218, 0.9555946725269647, 0.9352367618420123, 0.7161874030214178, 0.815288678595797, 0.7499905871053948, 0.8326862607167691, 0.8619046962860518, 0.8684364031556996, 0.8493013465693521, 0.8586977266010211, 0.2321578982576204, -0.6116932208535071, 0.9524619756037249, 0.9255062864632017, 0.9272654788443245, 0.9404721176705869, 0.9350164450897317, 0.9607077473618322, 0.9607598236650012, 0.9154071714109825, 0.9538917239188439, 0.8047395325908459, 0.613535271435045, 0.9126782367318215, 0.9307866617587577, 0.0016733193014835258, 0.9181404678670497, 0.9398220651663314, 0.8045928860461768, 0.9689732694595726, 0.8354836759141924, 0.6219366376623268, 0.42859466586556666, 0.8452694171314773, 0.8346581208838534, 0.8331181718635683, 0.9766913318747005, 0.9769366272668564, 0.7129579429430816, 0.6710289952982412, 0.7863094868729409, 0.29282975545446416, 0.7610992305159444, 0.7889103168367421, 0.7853048705607182, 0.7839492558273541, 0.7206686622742332, 0.7215441117545244, 0.6990858836207721, -0.2697220036259295, -0.4153288693718207, 0.6192474514182205, 0.8832823283593091, 0.9282830256860133, 0.9382157143219029, 0.9113841992763981, 0.8126077094761204, 0.9081983843263499, 0.9302230458878166, 0.9298694719550594, 0.7547443728699517, -0.12192253445734355], [0.9946234740244544, 0.9885671092208506, 0.992946969355472, 0.995351508574535, 0.9980885174132463, 0.9898237802615963, 0.9990648799529499, 0.9996603847112931, 0.9998345459016282, 0.965374934986683, 0.9996474360781205, 0.9996455056394207, 1.0, 0.9996821122945708, 0.9996673624465177, 0.9991088508317794, 0.9986517023433858, 0.9994680572635192, 0.9994608928473372, 0.9996623098866704, 0.9996364978067912, 0.9927591683189355, 0.9770783951629558, 0.9957194642423639, 0.9956092418694203, 0.9834251340074432, 0.9765189370066869, 0.9440275157543371, 0.9886456325926419, 0.9922739302735287, 0.9907566419278755, 0.9655816586468013, 0.9987588313797776, 0.999067000530789, 0.999262454903621, 0.9999206855437461, 0.998799652628477, 0.9990354213096261, 0.9985875258013437, 0.9976217542818014, 0.9987501560217066, 0.9986755654650894, 0.9884024910760986, 0.9313210759786096, 0.7184023417320532, 0.935490608461259, 0.9137906458329681, 0.7814656243784632, 0.9536687234740937, 0.9290501502106016, 0.954647856180241, 0.9488097552188953, 0.9423711255851795, 0.9765903010734397, 0.9748131512911873, 0.958088650604781, 0.9485065737441103, 0.9611223953629022, 0.9640495856631881, 0.9629985103222618, 0.9622988810943272, 0.8825459061071114, 0.9354067286191133, 0.9454745645472072, 0.945190128436455, 0.8583520692206459, 0.9567475605930454, 0.9339572790215859, 0.95748411961841, 0.956093413004969, 0.7206039458896736, 0.8121450545779966, 0.7748149948601517, 0.83021108388718, 0.8633532699334437, 0.8674788506141985, 0.8574431604434593, 0.8577089457394774, 0.21644542843025505, -0.6062280440083604, 0.951503541349558, 0.9251788365689536, 0.9261384791031433, 0.9609715405844917, 0.9348736389567781, 0.9594316489352617, 0.9594364347805779, 0.9150682797442737, 0.954217928012855, 0.8114849878751126, 0.6139938651932023, 0.9132374214243405, 0.9314276020736343, -0.003030435019968621, 0.9161306179858236, 0.9381359995751851, 0.805558310072047, 0.9716723887508777, 0.8293667791066895, 0.6137191883971979, 0.42300146031405816, 0.8364086293433182, 0.8292989760980918, 0.8249355003810205, 0.9786316952975465, 0.9788347609639156, 0.7036921539392127, 0.6655117686403869, 0.7654316780357925, 0.2925256701869571, 0.751048497210849, 0.7775337175457909, 0.7541458346182093, 0.7728369779726941, 0.718328455525628, 0.7112560552817578, 0.6890600439565258, -0.27649122648656105, -0.42049515854233366, 0.618815124038513, 0.8810445033048815, 0.9297091681218211, 0.9336707176287469, 0.9105549891396855, 0.8047199767450595, 0.9018275284645468, 0.923137173555214, 0.9234502413686027, 0.7486620420533757, -0.12013106030072167], [0.9953205097541864, 0.9886172827240537, 0.991170485574324, 0.9958537475975492, 0.998295098172095, 0.9888080769037005, 0.9990143883611078, 0.9999978413060998, 0.9999899242233402, 0.9661889576536686, 0.9996555716157549, 0.999997646236838, 0.9996821122945708, 1.0, 0.9999884818132438, 0.9986333210861013, 0.9991364123432177, 0.9998907464423656, 0.9998899393266621, 0.9999583967016883, 0.9999922635411603, 0.9908907662592735, 0.9756433089831328, 0.9942146417542648, 0.9940605604168719, 0.9835083903249718, 0.973905973886456, 0.9416765861713323, 0.9919687739327602, 0.9946036131718305, 0.9915603617786867, 0.9677586511536969, 0.9994432478738413, 0.9994924289570216, 0.9996214371849559, 0.9997028706800144, 0.9988059437472959, 0.9994142366760335, 0.9991765395869829, 0.9982929530255373, 0.9995105468024391, 0.9993751392390116, 0.9846100655206201, 0.9311763193366475, 0.7219064111186951, 0.9354618180390712, 0.913819590173709, 0.7815586607036568, 0.9578686245128057, 0.9358101984670791, 0.9594989830928539, 0.9518691537098567, 0.9459609707999559, 0.9799594790773757, 0.9766977951750754, 0.9345914570047515, 0.9487376602683325, 0.9607134327757635, 0.9647226922425914, 0.963044512772807, 0.938048282673756, 0.8784530304485919, 0.9379877955013833, 0.9467745676799956, 0.9256828167301251, 0.8599292596341884, 0.9564943743877418, 0.9222700668583808, 0.9555771709693943, 0.9352919072026846, 0.7164064036574931, 0.8146899793207705, 0.7497149418495229, 0.8321441996402988, 0.8616961846355815, 0.8680895575679805, 0.8490238652534434, 0.8584136790461669, 0.23212609204709506, -0.6115327804110701, 0.9522667947252097, 0.9252553975576162, 0.9270636996677967, 0.938257955276788, 0.9349439841203633, 0.9605209337685339, 0.9605691709720799, 0.9153080999556628, 0.9537279449305224, 0.8047229705219329, 0.6133479877616782, 0.9131867827452573, 0.9311818025569959, 0.0010526740482197732, 0.9179445662568957, 0.9396590006992135, 0.804296854262805, 0.9691638649672891, 0.8351125662298498, 0.6208155923514127, 0.4276076740401288, 0.8448586525709081, 0.8342936825393062, 0.8327553014892916, 0.9768300006792655, 0.9770716364222837, 0.7118360575866608, 0.6699833001612752, 0.7857543739236258, 0.2922475209058524, 0.7604096025533035, 0.7881801602304563, 0.7849363270656979, 0.783164602021831, 0.7201461534998915, 0.7202524157819962, 0.6978000936741633, -0.2705612834394471, -0.41606711183329753, 0.6189791654995243, 0.8826977860240534, 0.9280397306351456, 0.9378001958701064, 0.9110026874359813, 0.8118735458650642, 0.9079093351228478, 0.9297708931631711, 0.9295489493039502, 0.7542117342045219, -0.12114182765335803], [0.9954556289593192, 0.9887147499580521, 0.991085295085303, 0.9959675376595626, 0.998361027753239, 0.9889274776600593, 0.9987885084830882, 0.9999816152985779, 0.9999962054750773, 0.9657389019875742, 0.9996618793228572, 0.9999843748167206, 0.9996673624465177, 0.9999884818132438, 1.0, 0.9986334039374352, 0.9991749094465086, 0.9998868697752502, 0.9998870291549231, 0.9999567865300276, 0.9999777103735873, 0.990808222173162, 0.9756485147295129, 0.9926912582976303, 0.9927240461062763, 0.9835699331096477, 0.9736402649365159, 0.9415970548778303, 0.9920147053521231, 0.9942001023539173, 0.9914018176188795, 0.9676205581949308, 0.999482741538124, 0.9994767895590648, 0.9996066713623148, 0.9996932337637311, 0.9988248250561792, 0.9994181448021525, 0.9992065197811111, 0.998353992658176, 0.9995416398806438, 0.9994203627679307, 0.9844065380788275, 0.93115737171065, 0.7225733283157989, 0.9352536607283395, 0.9137768708148569, 0.781880428644102, 0.9584573839964695, 0.9368703869917132, 0.9601410092860377, 0.9520369309237424, 0.9461418024846233, 0.9804379009611149, 0.9768634999504104, 0.9353805241783507, 0.9491481832193088, 0.9611016262496543, 0.9648841378236724, 0.963441440697211, 0.9393730094321423, 0.878585363999625, 0.9375546545399032, 0.9470720295670448, 0.9264238630104648, 0.8597856757389456, 0.95688770740763, 0.9228885443406544, 0.9560942220594161, 0.9362063576109009, 0.7161054872851712, 0.8143176380047668, 0.7506507357990648, 0.8315316464369417, 0.8616306792796019, 0.867527050249014, 0.8494626784515208, 0.8588147684974956, 0.23136549233732315, -0.611268939345504, 0.9522996758189421, 0.9254687747509548, 0.9273094654800856, 0.9412855184834937, 0.9353567916428907, 0.9606584260470994, 0.9607738697548264, 0.9156509821982186, 0.9540717596505082, 0.8046043694079287, 0.6121231251133389, 0.9126695044759535, 0.930836372120799, -0.00036128244675004607, 0.9174938456052801, 0.9391612762842899, 0.8034065120529984, 0.9687811571893761, 0.8360742429489172, 0.620503069280207, 0.4266628382738472, 0.8453647195588311, 0.8346775730776228, 0.8334781270790161, 0.9765987657524142, 0.9768753206121393, 0.7105236088774061, 0.6677741308097723, 0.7868403030563322, 0.29064652918129474, 0.7606390303900227, 0.7885621468324929, 0.7861558816914562, 0.783371548813774, 0.7184046818125439, 0.7180198449498673, 0.6955312714335024, -0.2697912533562751, -0.4153623807159436, 0.618451633120665, 0.8818320885317561, 0.9286310401505523, 0.9383012736516704, 0.9102572597037601, 0.8119995983910167, 0.9089354662392162, 0.9303538744028041, 0.9302455023997734, 0.754073542448674, -0.12128892783904742], [0.9965556269210242, 0.993503055041689, 0.9916897667966, 0.9970800704672479, 0.9986261486828788, 0.9917903325462066, 0.9981443862247369, 0.9964571775607164, 0.9989835302953194, 0.9671506143894951, 0.9994123582078169, 0.997095523596522, 0.9991088508317794, 0.9986333210861013, 0.9986334039374352, 1.0, 0.9988674133930694, 0.998979881971169, 0.9989772239463789, 0.998796974987947, 0.9985267012421031, 0.992311224757076, 0.9783127056074784, 0.9836565036049296, 0.9900587465132329, 0.9892010983824314, 0.9756885657251138, 0.9488890475568607, 0.9930376450820032, 0.9929818051302841, 0.9904227894877455, 0.96768037346111, 0.9987921461538731, 0.998725144503871, 0.9989453559556734, 0.998651429143292, 0.9993864019713636, 0.9988678573972941, 0.9989119575265374, 0.9982005886463595, 0.9986770070689852, 0.9987428183850204, 0.9834153112738312, 0.924558326073755, 0.7277095025203173, 0.9288308197194407, 0.9162954792626905, 0.7988591085007392, 0.9615861029558351, 0.9407047630254703, 0.9636502115713524, 0.9518152579327879, 0.9445365582256148, 0.9808929579921465, 0.9762163858124376, 0.9476585397187931, 0.9581155799841193, 0.9677994410934994, 0.9693267531044603, 0.9692955519244767, 0.9506151893738496, 0.89