var element=document.getElementById("correlationClose");if(element.style.display!='none'){var correlationClose={"data":[{"type":"heatmap","z":[[1.0,0.9999884942363424,0.6597983086081413,0.9997277328543475,0.9980024305022711,1.0,0.9924198275652651,0.9888190300969651,0.9888190300969651,0.9930712199935612,0.9769590407844709,0.9869760285761771,0.9924557103897254,0.9928645167657573,0.9925073824758934,0.8090563404143148,0.7475677513940928,0.30978300231771455,0.9933403129750379,0.9933303300158326,0.9855944659447033,0.9924447648260301,0.4190920600733637,0.73614368036507,0.9817947061967873,0.9817947061967873,0.9817761836826213,0.9755439301788258,0.33160263094508474,-0.11706965242298491,0.989645638214042,0.9896088395953495,0.28116456944756946,-0.19216188494765307,0.9947265483549372,0.9953393868858814,0.8460416660708134,-0.3623687108464292,0.9906732182433043,0.9953128319027765,0.7955385828803002,0.2905846363494325,0.9948682370301991,0.9948610463829524,0.9948682370301991,0.890306930484716,0.6526870384937794,0.9063142784074723,0.912897328101202,0.822191708011399,0.3757786713289079,-0.1716742305633584,0.20521374943772766,0.9473742809308453,0.3908056291172539,0.9748729292334517,0.9704077322445994,0.9802048727242527,0.9897287025499245,0.930318319023562,0.9377416269599335,0.9450008208883826,0.9298107529460643,0.9423246399161596,0.9429624100069023,0.9423246399161596,0.8819583939512213,0.9218299856893714,0.922722202127641,0.9218299856893714,0.9217996258956394,0.785693647652671,0.8946206261628671,0.8959116420843425,0.8946206261628671,0.6932345513015384,0.3732783063360188,0.6780221512163838,-0.5549193874586349,0.583530406226727,0.6075523162201057,0.6078894647330192,0.6075523162201057,-0.10024756790335607,0.910281369565672,0.9419344718902924,0.9256528144676406,0.9316198271275605,0.2951751004319612,0.9054698272377798,0.9062440767144382,0.9054698272377798,0.9099712919725755,0.9099712919725755,-0.10195251889003956,0.5896762254010016,0.16725012192932742,-0.6662965702094451,-0.5852366470194297,-0.5889498050833182,-0.1148577371032343,0.11621514952948549,0.21478153555688986,0.029367362308009213,-0.5291268290733941,-0.00529231327335889,-0.7966172477462999,-0.27297456897016703,0.15937123793083516,0.16076616436600913,-0.5674374584495588,-0.582086196020811,-0.2663478212149109,-0.5104416350070661,-0.818194347549677,-0.39653767885072433,-0.3885819562958332,-0.39653767885072433,-0.2107226888495013,-0.325141387139659,-0.325141387139659,-0.8062269945896914,-0.8062269945896914,0.379711361606001,0.6295090810250614,0.855211339070056,0.8398710142458036,0.7576476796213298,-0.31920774378997685,0.7481262312385691,0.7819447224412159,0.7822706822119498,0.7819447224412159,-0.19994316243352325],[0.9999884942363424,1.0,0.9793209571896433,0.9994468673857501,0.9957141280495473,0.9999884942363423,0.9844026741377377,0.9784060578024896,0.9784060578024896,0.9842627535100126,0.9708405072072916,0.9857409990100512,0.9844380772100845,0.9843809326306232,0.9842803804184213,0.2558978219770018,0.16693598075243016,-0.4115904730488959,0.9881949987925982,0.9881810860865625,0.9844845777800488,0.9844811687443482,-0.12988973451413832,0.9785024431750385,0.9797386187675297,0.9797386187675297,0.9797813222311139,0.9757234186350933,0.12715092587264956,0.1483812040319938,0.981525723396026,0.9815737200417618,0.8573691771664159,0.138026454533205,0.9907449812347318,0.9907908906413532,0.9913530865478534,0.9855630735601485,0.9897325362927203,0.990879762260945,0.21054860264130934,-0.41669503185168305,0.9914053493869153,0.9913960977299542,0.9914053493869153,0.8900590011296877,0.5001025128368879,0.9062512031152999,0.9126640556158654,0.8216417601091882,-0.3265744435119896,-0.5008614270146051,0.8338572845348641,0.8763237096789344,-0.248487024216776,0.9357841461262681,0.9359235682277535,0.95630314227227,0.9770865519891442,0.949019149637667,0.9557204261991754,0.9408947869384804,0.9403999941517502,0.9452142084683738,0.9456700394521053,0.9452142084683738,0.8493247867644521,0.8232678446961782,0.8250451704100804,0.8232678446961782,0.9507119035546366,0.9540942962445582,0.9507826884965914,0.9516155715930269,0.9507826884965914,0.60176997308136,0.5487818171764872,0.6445389066004875,0.7268825081053646,0.6335851068755964,0.6583586162369605,0.6589713627066035,0.6583586162369605,-0.17457544058019436,0.9126306380626265,0.9367985824841298,0.928170686623164,0.9540076809694935,-0.27376897656309007,0.9087759790880883,0.9090352760292756,0.9087759790880883,0.9162995299042354,0.9162995299042354,-0.19013212747315184,0.5911179002363741,-0.3618875677047958,-0.7635464373046749,-0.46049995945681726,-0.4641477032396495,-0.36626675365411826,0.2634926932203473,-0.254978862773992,-0.4778843678776113,-0.7127190603652748,-0.3425854909246718,-0.47994810245460673,-0.4021065985600137,0.13214292271491343,0.12890149894070677,-0.48841852092347504,-0.45230338921130037,-0.48095997870537444,-0.5120465881281384,-0.5042807522052033,-0.48322541052335777,-0.4864950115440945,-0.48322541052335777,-0.35672878400728686,-0.5261947845331532,-0.5261947845331532,-0.4983942477102677,-0.4983942477102677,0.380063040587881,0.36548463049160224,0.49118524817131864,0.5892223123006675,0.5240152173030121,-0.4346638937468637,0.3597604392877354,0.31383738180062115,0.3139603524255958,0.31383738180062115,0.15353801742029258],[0.6597983086081413,0.9793209571896433,1.0,0.6564508881523416,0.58598558755553,0.6597983086081413,0.642183561845459,0.6338695389424746,0.6338695389424746,0.5820358044519038,0.5429007656259798,0.9955292028211188,0.6422010638636689,0.6348686965806959,0.6423909686279173,0.4388559570238899,0.4202906164515741,-0.19245928026110926,0.6028453011571989,0.6020636283149436,0.5677585725040364,0.6412120130155384,0.19914467129012536,0.7815176364121561,0.6204181146180298,0.6204181146180298,0.6201844877670998,0.9883857157593536,0.3141935169522782,0.1398450053383802,0.6003020486022462,0.5999097061367499,0.6908185893892106,-0.0073518883520557335,0.6382606163075931,0.5764660285311262,0.6071679385844124,0.3076312610671772,0.993546741669452,0.5712351836716976,0.4272887773001219,-0.20122827504019633,0.6551344316550693,0.636230354645483,0.6551344316550693,0.8869546074826491,0.3992871802869228,0.9254636174364121,0.903042775757275,0.7152813012727633,0.21403377638272253,-0.06090908103278378,0.0498433072199065,0.5191686025345044,-0.08709703471027795,0.5830058682064798,0.5463246332586644,0.5699092789546316,0.5339720987977531,-0.009062298742308043,0.7863254716709688,0.7190515384247964,0.6248825752750521,0.7248365698418129,0.7546859659323355,0.7248365698418129,0.5076361972869161,0.629165723312029,0.6896363539055186,0.629165723312029,0.6841185510654176,0.6686569982718773,0.7185208609591431,0.7665227481126076,0.7185208609591431,0.38565375278338215,-0.0872577555750257,0.402541712483132,0.10220125464165396,0.3907782322176768,0.26199387838844035,0.4791408713718413,0.26199387838844035,-0.1588510355778741,0.595837268861812,0.8764068487813405,0.6688954993588192,0.7674543063700641,-0.050783276751705624,0.6377587742923723,0.6372409321192658,0.6377587742923723,0.7080920733818601,0.7080920733818601,-0.207824521806097,0.7060612777125426,-0.18740402894484676,-0.6793132431453235,-0.4320743587093694,-0.4358068573485431,-0.41848418130230136,0.08695257449174322,0.020440069731827416,-0.32506505539354363,-0.6593112291290854,-0.16561461368985494,-0.30718883610904535,-0.26223017137686605,0.03650276931649046,0.034687129849621176,-0.4842907603148508,-0.05506488129963948,-0.25495865622456404,-0.5076278618876088,-0.19267124833411917,-0.3994760797131025,-0.2801828430275009,-0.3994760797131025,-0.41512340074585063,-0.5343829102591312,-0.5343829102591312,-0.2973767020840064,-0.2973767020840064,0.322422674306704,0.18214184145146906,0.27826653753449654,0.5134967122508474,0.27234433645890616,-0.37436369492926974,-0.017851052732180895,0.45409924006702884,0.5575783725659099,0.45409924006702884,-0.020597467867426417],[0.9997277328543475,0.9994468673857501,0.6564508881523416,1.0,0.9989136049459071,0.9997277328543474,0.9936916499890349,0.9905437359070848,0.9905437359070848,0.9945575494913604,0.9750145613800637,0.9903262900250868,0.9937173175052998,0.9944155258673263,0.9937454776929622,0.8081804691416615,0.7463055249713265,0.29496414995297876,0.9944272435824774,0.9944205202083922,0.9856943262855736,0.9936997202547369,0.41049877493735804,0.7404970513938787,0.9843544048858628,0.9843544048858628,0.9843353159454846,0.9816716593208633,0.3274659741223676,-0.12322526084192553,0.9889759020758574,0.9889474202547474,0.2733285965801488,-0.1923898498818882,0.9952673890654749,0.9960729096373376,0.8124568762241856,-0.3668047974222436,0.9930679816957688,0.996270089537435,0.7939323833868835,0.2754708778351431,0.993262337402896,0.9953134606362578,0.993262337402896,0.8878862775549039,0.640409609070376,0.9108183781890662,0.9104811931820875,0.8046901864761619,0.3707952550398887,-0.17670735577107194,0.19978208059084576,0.9419438265259173,0.37496284546501446,0.9704102795844826,0.9674829399312607,0.9780459190746477,0.9896324379558377,0.9108774557547628,0.9320188291226236,0.9331436998434567,0.9263607969095445,0.9267829927155099,0.9276407242205877,0.9267829927155099,0.8747730851251511,0.9106014553721409,0.9115766021974067,0.9106014553721409,0.9188681726905569,0.7303914061943687,0.858830682563676,0.8601161942540276,0.858830682563676,0.6858986526291685,0.14298566753965822,0.6691237764516521,-0.5593413580676191,0.5792015144183129,0.3440663994447784,0.5791301840723683,0.3440663994447784,-0.10636177814511599,0.9057084527151922,0.9355047952595893,0.9189449576306099,0.9102632138225243,0.2810453815367508,0.9015876749844318,0.9024849253631037,0.9015876749844318,0.8922941887204012,0.8922941887204012,-0.10645980698923287,0.6091661126722953,0.17196211170615147,-0.6759458468012012,-0.591805098621054,-0.5954326422242869,-0.12660833142709957,0.11186502413067685,0.20806913134107666,0.016533289724229083,-0.5408239792460106,-0.01136884831460097,-0.8019788356443136,-0.2804283087984007,0.1497699116852034,0.1512218738040806,-0.5737576060691518,-0.578490069487954,-0.26726970376345455,-0.5203228643883306,-0.8194310401189596,-0.3976438889845126,-0.39024791304270917,-0.3976438889845126,-0.21880819034227142,-0.3342740811245168,-0.3342740811245168,-0.8055557176773072,-0.8055557176773072,0.3704327598838388,0.6181681729003854,0.8472643546671592,0.832148700912704,0.7503076377075053,-0.33166114295535415,0.7390784668011646,0.7730245701359131,0.7733534953199325,0.7730245701359131,-0.1851418272139446],[0.9980024305022711,0.9957141280495473,0.58598558755553,0.9989136049459071,1.0,0.9980024305022711,0.9972381955261583,0.9957481520902748,0.9957481520902748,0.9974360389599555,0.967500016286628,0.9964866865267232,0.997255004204181,0.9973317087795075,0.9972807703763074,0.7279122605377156,0.6425767348656527,0.08930943041577623,0.9977213490469073,0.9977199413929585,0.9876713045059429,0.9972419866415827,0.05758004172523926,0.7213750338384508,0.992444230111338,0.992444230111338,0.9924061568339315,0.9904360904113453,0.10421782491720548,-0.10571512770799574,0.9873360710462126,0.9872695189177602,-0.019513750551818206,-0.09197452027934544,0.9978210543269458,0.9977516339258214,0.8033062469276724,-0.48860318414461706,0.9976881879676472,0.9980870338684513,0.7029104116661553,0.06508476352730268,0.9977665567748611,0.9977708976465597,0.9977665567748611,0.9021745337596883,0.6046217370467047,0.9252192378106566,0.9139733484877023,0.7807670882032162,-0.08717205720377579,-0.5865290395265772,-0.19117544991563287,0.931120901144531,0.22865144872059906,0.9662189840246831,0.9662551406476326,0.9805302647306721,0.9901507277914648,0.9102333750493399,0.9148952653526151,0.9242347090452523,0.914436796123192,0.9226796276802564,0.9230373185472284,0.9226796276802564,0.8512905726981972,0.8692290441443334,0.8703116545101985,0.8692290441443334,0.9083711526581539,0.8229214828118178,0.8895312217120912,0.8903144523785332,0.8895312217120912,0.6468032803610951,0.5317705342730885,0.635732050858408,-0.5769317583993752,0.6304289066720054,0.6102207446470405,0.6092407302893664,0.6102207446470405,-0.12186683580849927,0.8890591133772865,0.9130941708605181,0.8978589733985661,0.9179693461783647,0.1269827562608342,0.8884322663362667,0.8894425470043883,0.8884322663362667,0.8945482956957531,0.8945482956957531,-0.14500608857092592,0.656128986260328,0.026941443215627178,-0.7053696879743773,-0.6390926063729391,-0.6398648873767128,-0.1577616239008258,0.13513862063644058,-0.18157849045208949,-0.23008482722147383,-0.6110917103468773,-0.36982185332881484,-0.8482261739561141,-0.5563577362507706,0.11973247610672992,0.12103152466126861,-0.5993215758985784,-0.5723245835578715,-0.5421279468918274,-0.5577896350589135,-0.7772829227557501,-0.59346247673353,-0.5963415483154421,-0.59346247673353,-0.25681810135142935,-0.3673084549814947,-0.3673084549814947,-0.7459065145055419,-0.7459065145055419,0.35904808708323027,0.6008597310560306,0.8008652261691992,0.7877327885591882,0.7409607356106653,-0.45795302950884476,0.5995118592977583,0.6644716357389656,0.6649041517353057,0.6644716357389656,0.04177844763175063],[1.0,0.9999884942363423,0.6597983086081413,0.9997277328543474,0.9980024305022711,1.0,0.9924198275652651,0.9888190300969651,0.9888190300969651,0.9930712199935612,0.9769590407844709,0.9869760285761771,0.9924557103897254,0.9928645167657573,0.9925073824758934,0.8090563404143148,0.7475677513940928,0.30978300231771455,0.9933403129750379,0.9933303300158326,0.9855944659447033,0.9924447648260301,0.4190920600733637,0.73614368036507,0.9817947061967873,0.9817947061967873,0.9817761836826213,0.9755439301788258,0.33160263094508474,-0.11706965242298491,0.989645638214042,0.9896088395953495,0.28116456944756946,-0.19216188494765307,0.9947265483549372,0.9953393868858814,0.8460416660708134,-0.3623687108464292,0.9906732182433043,0.9953128319027765,0.7955385828803002,0.2905846363494325,0.9948682370301991,0.9948610463829524,0.9948682370301991,0.890306930484716,0.6526870384937794,0.9063142784074723,0.912897328101202,0.822191708011399,0.3757786713289079,-0.1716742305633584,0.20521374943772766,0.9473742809308453,0.3908056291172539,0.9748729292334517,0.9704077322445994,0.9802048727242527,0.9897287025499245,0.930318319023562,0.9377416269599335,0.9450008208883826,0.9298107529460643,0.9423246399161596,0.9429624100069023,0.9423246399161596,0.8819583939512213,0.9218299856893714,0.922722202127641,0.9218299856893714,0.9217996258956394,0.785693647652671,0.8946206261628671,0.8959116420843425,0.8946206261628671,0.6932345513015384,0.3732783063360188,0.6780221512163838,-0.5549193874586349,0.583530406226727,0.6075523162201057,0.6078894647330192,0.6075523162201057,-0.10024756790335607,0.910281369565672,0.9419344718902924,0.9256528144676406,0.9316198271275605,0.2951751004319612,0.9054698272377798,0.9062440767144382,0.9054698272377798,0.9099712919725755,0.9099712919725755,-0.10195251889003956,0.5896762254010016,0.16725012192932742,-0.6662965702094451,-0.5852366470194297,-0.5889498050833182,-0.1148577371032343,0.11621514952948549,0.21478153555688986,0.029367362308009213,-0.5291268290733941,-0.00529231327335889,-0.7966172477462999,-0.27297456897016703,0.15937123793083516,0.16076616436600913,-0.5674374584495588,-0.582086196020811,-0.2663478212149109,-0.5104416350070661,-0.818194347549677,-0.39653767885072433,-0.3885819562958332,-0.39653767885072433,-0.2107226888495013,-0.325141387139659,-0.325141387139659,-0.8062269945896914,-0.8062269945896914,0.379711361606001,0.6295090810250614,0.855211339070056,0.8398710142458036,0.7576476796213298,-0.31920774378997685,0.7481262312385691,0.7819447224412159,0.7822706822119498,0.7819447224412159,-0.19994316243352325],[0.9924198275652651,0.9844026741377377,0.642183561845459,0.9936916499890349,0.9972381955261583,0.9924198275652651,1.0,0.9975414355113413,0.9975414355113413,0.9999713659437662,0.9613692140691397,0.9996874550639141,0.9999966319224904,0.999987006790982,0.9999934522507937,0.8728837617929974,0.8612694725899122,0.25858655052381463,0.9998637617259716,0.9998639634183918,0.9900046705901644,0.9999968191189733,0.327501193477898,0.7378946514520521,0.9859401532475782,0.9859401532475782,0.9869865829706858,0.9913616232942307,0.2571395468012079,-0.17657600975285592,0.9916230514419304,0.9915668038543015,0.18110622738349133,-0.2382022452315734,0.9993522064785574,0.9994660181118292,0.4366065599082376,-0.30791882492251127,0.9990528891244539,0.9994292896563425,0.8565263259087326,0.23777025514849595,0.9431057068279163,0.9991055766278362,0.9431057068279163,0.9117811839497503,0.6123790589185505,0.9399903880755799,0.9200981358878728,0.7463483508398735,0.41013556472082807,-0.11554726429210294,-0.194050855598136,0.9299218122618966,0.3427677383727202,0.967957898737367,0.9634068531330643,0.9790279866616041,0.9956022472798188,-0.02948406808092109,0.8766051661891348,0.8373486417578976,0.8823002595721352,0.8320420712310822,0.7955945241340215,0.8320420712310822,0.815361801438722,0.8007365970049674,0.7897694314011707,0.8007365970049674,0.8749415942505486,0.39583106085866177,0.59818091530003,0.6589122175191855,0.59818091530003,0.6163643754283963,-0.34172534623670525,0.5885618644613948,-0.6233835663064774,0.510868157662481,-0.0884543011804577,0.44679057095118063,-0.0884543011804577,-0.14715783352368503,0.8536447844275982,0.875612771696668,0.8606922077506761,0.7710138457502643,0.2441265841856471,0.8528667484249122,0.8541714084379054,0.8528667484249122,0.7720876335647481,0.7720876335647481,-0.18061851267209716,0.6976388500748364,0.23735967206244446,-0.6832273478601761,-0.6312219004869787,-0.6344176335193438,-0.1691256040111115,0.06301426389428717,0.3245877445395685,-0.01335583928471235,-0.5545722961440175,0.050429238497874986,-0.8282142929535949,-0.1786929324950976,0.08534180335442267,0.08680470127336858,-0.6153031585208047,-0.588930336530886,-0.10315830620741863,-0.5917795761263408,-0.8336257526429874,-0.38973947101179673,-0.22316694785320998,-0.38973947101179673,-0.28817307529457564,-0.37561504518871563,-0.37561504518871563,-0.8258299996089536,-0.8258299996089536,0.36049238384117743,0.5849909279121812,0.5066975328209062,0.8016443400914782,0.7364932804556557,-0.38076292686359736,0.06706261250643043,0.7473131274913456,0.7666540647580432,0.7473131274913456,-0.11912954774891771],[0.9888190300969651,0.9784060578024896,0.6338695389424746,0.9905437359070848,0.9957481520902748,0.9888190300969651,0.9975414355113413,1.0,1.0,0.9995699299858145,0.9548185160504609,0.9987632906652985,0.9982807984926908,0.9994174234994008,0.9991640170007339,0.870324283484916,0.8502497238493317,0.23701461315514774,0.9992059886571443,0.9992077415274538,0.9874388322113415,0.999297610026191,0.3023639292429528,0.7392076963732411,0.992872126084859,0.992872126084859,0.985146277182583,0.9887128114276535,0.23982178125974088,-0.18970158796680137,0.987952805267777,0.9913854742239492,0.16268044015738692,-0.24400617548049694,0.9983366682246455,0.9983204720894351,0.4193326488114357,-0.31431566587673837,0.9972072320856469,0.9982657892427069,0.8542103600240186,0.21580729017526792,0.9358785320538865,0.9981656606450897,0.9358785320538865,0.9094093853528356,0.5975234370548382,0.9402532506863658,0.9174285366683564,0.7253906140636515,0.3974012137070971,-0.13021202836690626,-0.20628734715425434,0.9216460461662606,0.3225929154460969,0.9633911421810507,0.9583547142002952,0.9740664731629552,0.9946064794741465,-0.038834265355193714,0.8664601805131662,0.8226097571317477,0.874752838903252,0.8183907436166216,0.7840240652526644,0.8183907436166216,0.8040797060480678,0.7832356753935974,0.7769365132870082,0.7832356753935974,0.8676400272835358,0.3776355749992649,0.5792375956174683,0.6434678238869654,0.5792375956174683,0.6046397244597098,-0.35577972925737755,0.5752072733246327,-0.6304060305058231,0.5038930379213533,-0.10961631494511219,0.43152682696244477,-0.10961631494511219,-0.15354798393610444,0.8448540339995313,0.8630030939259455,0.8495917404765749,0.7571126438121129,0.22660569743704967,0.8446434363172347,0.8461177584989011,0.8446434363172347,0.7560506501655742,0.7560506501655742,-0.19501173656298454,0.720226564831776,0.24416636569015182,-0.6923120737802291,-0.6433845675958972,-0.6464008379121889,-0.18345218999447307,0.055732976342244285,0.3175895541103783,-0.03222854006743722,-0.5667740206956441,0.04119528334554977,-0.833752246374917,-0.18515618547978033,0.07060669496968405,0.07209425395826914,-0.6263975268476486,-0.5898384599639913,-0.10994303184745893,-0.6076586602364206,-0.8330144947859102,-0.40090041727249,-0.22930823783282417,-0.40090041727249,-0.30485411545518426,-0.38871684254942623,-0.38871684254942623,-0.8236858248764896,-0.8236858248764896,0.34190134251926724,0.5686387303453719,0.4884681414260888,0.7841793217680727,0.7242297662392618,-0.401615297306408,0.053422660024696055,0.7285515029645476,0.751144068115,0.7285515029645476,-0.10225132042683241],[0.9888190300969651,0.9784060578024896,0.6338695389424746,0.9905437359070848,0.9957481520902748,0.9888190300969651,0.9975414355113413,1.0,1.0,0.9995699299858145,0.9548185160504609,0.9987632906652985,0.9982807984926908,0.9994174234994008,0.9991640170007339,0.870324283484916,0.8502497238493317,0.23701461315514774,0.9992059886571443,0.9992077415274538,0.9874388322113415,0.999297610026191,0.3023639292429528,0.7392076963732411,0.992872126084859,0.992872126084859,0.985146277182583,0.9887128114276535,0.23982178125974088,-0.18970158796680137,0.987952805267777,0.9913854742239492,0.16268044015738692,-0.24400617548049694,0.9983366682246455,0.9983204720894351,0.4193326488114357,-0.31431566587673837,0.9972072320856469,0.9982657892427069,0.8542103600240186,0.21580729017526792,0.9358785320538865,0.9981656606450897,0.9358785320538865,0.9094093853528356,0.5975234370548382,0.9402532506863658,0.9174285366683564,0.7253906140636515,0.3974012137070971,-0.13021202836690626,-0.20628734715425434,0.9216460461662606,0.3225929154460969,0.9633911421810507,0.9583547142002952,0.9740664731629552,0.9946064794741465,-0.038834265355193714,0.8664601805131662,0.8226097571317477,0.874752838903252,0.8183907436166216,0.7840240652526644,0.8183907436166216,0.8040797060480678,0.7832356753935974,0.7769365132870082,0.7832356753935974,0.8676400272835358,0.3776355749992649,0.5792375956174683,0.6434678238869654,0.5792375956174683,0.6046397244597098,-0.35577972925737755,0.5752072733246327,-0.6304060305058231,0.5038930379213533,-0.10961631494511219,0.43152682696244477,-0.10961631494511219,-0.15354798393610444,0.8448540339995313,0.8630030939259455,0.8495917404765749,0.7571126438121129,0.22660569743704967,0.8446434363172347,0.8461177584989011,0.8446434363172347,0.7560506501655742,0.7560506501655742,-0.19501173656298454,0.720226564831776,0.24416636569015182,-0.6923120737802291,-0.6433845675958972,-0.6464008379121889,-0.18345218999447307,0.055732976342244285,0.3175895541103783,-0.03222854006743722,-0.5667740206956441,0.04119528334554977,-0.833752246374917,-0.18515618547978033,0.07060669496968405,0.07209425395826914,-0.6263975268476486,-0.5898384599639913,-0.10994303184745893,-0.6076586602364206,-0.8330144947859102,-0.40090041727249,-0.22930823783282417,-0.40090041727249,-0.30485411545518426,-0.38871684254942623,-0.38871684254942623,-0.8236858248764896,-0.8236858248764896,0.34190134251926724,0.5686387303453719,0.4884681414260888,0.7841793217680727,0.7242297662392618,-0.401615297306408,0.053422660024696055,0.7285515029645476,0.751144068115,0.7285515029645476,-0.10225132042683241],[0.9930712199935612,0.9842627535100126,0.5820358044519038,0.9945575494913604,0.9974360389599555,0.9930712199935612,0.9999713659437662,0.9995699299858145,0.9995699299858145,1.0,0.9603534918890979,0.9996537599747988,0.9999724502931443,0.9999715226605383,0.9999759586952557,0.7625365005937251,0.6804294213546882,0.14154100116624715,0.999820397496112,0.9998210229518486,0.9898937881817946,0.9999696449429121,0.10831220916296114,0.7130346670673691,0.9952611459773093,0.9952611459773093,0.9952181918199445,0.9912286856105952,0.08881525612202926,-0.11681950600562234,0.9906908774443947,0.9906514463823338,-0.0011484529834366868,-0.19743770492255225,0.9994000379937089,0.9993588647301728,0.8089442307319835,-0.4852526205541444,0.9989897788070041,0.9994055509891472,0.7386368314972553,0.11770314313394607,0.9992644445885244,0.999269615993982,0.9992644445885244,0.9114522958087505,0.6129011839634578,0.9396121209396863,0.9194738920611619,0.7458194404278667,0.0141372235682587,-0.5388914920828336,-0.1465268441239837,0.9259129198522089,0.2885226786620539,0.9639751249989287,0.9634274479704246,0.9810815339977482,0.9948433239952229,0.8853287523981686,0.8773788595416977,0.9004366299604586,0.8832549438425854,0.8988931181346428,0.8994679422630703,0.8988931181346428,0.8148332152535117,0.8514245689970481,0.8528457148904668,0.8514245689970481,0.8763012591503546,0.7874851331678865,0.8621003326157304,0.8632571719619847,0.8621003326157304,0.616042063897964,0.46218799181336623,0.587706109958581,-0.6310367106954567,0.5646156455317596,0.5323562547375987,0.5320422691731996,0.5323562547375987,-0.10392498422565084,0.8543312925027515,0.8755486868974169,0.8611057301927558,0.8937519807737295,0.16055972004160585,0.8581754793615094,0.8600248308751475,0.8581754793615094,0.8644256037129051,0.8644256037129051,-0.18231606095882186,0.6991648502121802,0.0537206180785936,-0.6950814021204572,-0.6661387270964285,-0.6673087398662729,-0.17262285479588263,0.06629308706391839,-0.18657158803188742,-0.1970841536030671,-0.594720542713853,-0.3973913597060676,-0.8664406801284288,-0.5913033902265173,0.08470656586296813,0.08624782130509968,-0.6168585399410608,-0.5850590135502732,-0.5520947583133081,-0.5934252643570187,-0.8015813169166202,-0.6166108064445819,-0.6188921549599514,-0.6166108064445819,-0.28993461585818003,-0.3787737805357911,-0.3787737805357911,-0.781761024305315,-0.781761024305315,0.3612461117896944,0.5835364843451626,0.8116220796706449,0.8000410131544821,0.7348079172722543,-0.40784343260776407,0.6332865195646543,0.6896823255254212,0.6898493659225814,0.6896823255254212,0.11706419166061659],[0.9769590407844709,0.9708405072072916,0.5429007656259798,0.9750145613800637,0.967500016286628,0.9769590407844709,0.9613692140691397,0.9548185160504609,0.9548185160504609,0.9603534918890979,1.0,0.9455643368563369,0.9613904790007133,0.961412076037489,0.961113619488921,0.5727653230436075,0.4788204201573602,-0.08060585418085967,0.9657030783538048,0.9656826364661969,0.9615032980210528,0.961495599284054,0.03012002572631309,0.7528181919018329,0.9629352516431725,0.9629352516431725,0.9631084268775334,0.8936132923990008,0.19050011912185305,-0.1011012510084421,0.96822338898488,0.9683256609656437,0.15292054851696643,0.060288739831701285,0.9692525988585028,0.9694924209188435,0.8849367513547959,-0.3782929137330193,0.9537926085362598,0.9684571455645108,0.5439060028795569,-0.10152019739454715,0.9703415838094057,0.970310700550049,0.9703415838094057,0.8152031583119773,0.4122926869675646,0.8297485945542906,0.9003287342979466,0.854753687475363,-0.5145290418460778,-0.6780574074041267,-0.23770419599772732,0.8906782992243493,-0.015232854915994415,0.9196534319605068,0.9197171068753566,0.9388148470673816,0.9664813729738975,0.8887500790585166,0.8897398885008625,0.9068885309500528,0.8915773089891793,0.9003158853581428,0.9008981864916353,0.9003158853581428,0.846496518956128,0.8294835641834036,0.8310879973714386,0.8294835641834036,0.8857555866529175,0.9005639087184987,0.8840117098827696,0.8845913148523771,0.8840117098827696,0.6997320435138396,0.6307273709558543,0.7006960629072598,-0.3126107681116915,0.7180124982887488,0.7337058784415859,0.7359229555999416,0.7337058784415859,-0.2638777480315053,0.8888126224719268,0.9405544237217494,0.9030260086112055,0.9007393069428778,0.009308065008635541,0.8826923987701469,0.8836981488124382,0.8826923987701469,0.8911252584159403,0.8911252584159403,0.0395561654229603,0.4004953726530909,-0.11587884427912545,-0.6299262220735595,-0.43000157561326385,-0.4322888015624293,-0.034652026665697895,0.41795601331971965,0.03317196813435659,-0.15561530827681155,-0.5122029931640746,-0.08058909907177708,-0.7961908533622829,-0.2432660277593746,0.29512272013423296,0.2948618726357716,-0.40044515106100254,-0.4329637071601745,-0.3635047254730307,-0.373518704598988,-0.6643583161627543,-0.3833347108099498,-0.3856062218046099,-0.3833347108099498,-0.10746144706514069,-0.41861668733606155,-0.41861668733606155,-0.5397708852822778,-0.5397708852822778,0.5107635492317093,0.6465646237003112,0.7483875192564776,0.6838121938519779,0.8122474938847399,-0.4974524432074586,0.39043571645790454,0.5330007249768706,0.5332993548998899,0.5330007249768706,-0.17019297085460522],[0.9869760285761771,0.9857409990100512,0.9955292028211188,0.9903262900250868,0.9964866865267232,0.9869760285761771,0.9996874550639141,0.9987632906652985,0.9987632906652985,0.9996537599747988,0.9455643368563369,1.0,0.9996879862775808,0.9996837474484215,0.9996557932548504,0.34956259473221646,0.2522609544796857,-0.49564011216051174,0.9998005560357373,0.9998030362842107,0.9996928004107958,0.9996923872195382,-0.23357090536825792,0.9716813685671677,0.9946258941753131,0.9946258941753131,0.9946073787291647,0.9932554805246643,0.10991805294381919,0.09718564302364578,0.9916552756994854,0.9917019581235261,0.8807187481935256,0.03679796273550495,0.9990381473272667,0.9989927323690668,0.9988671772177987,0.999386942532033,0.9994210006795877,0.999073540204606,0.2979521918786808,-0.5040060046008927,0.998815742776848,0.9988237623252533,0.998815742776848,0.9057072976752852,0.45118203808703167,0.9359936673471853,0.9170880471225248,0.7464561859606039,-0.4365010524731241,-0.6105314451467582,0.8122758466943788,0.8410228926714824,-0.33960365573911594,0.930756172842128,0.9309692067066375,0.9696614734655679,0.9934341685850226,0.8977743662688356,0.9045481777399486,0.881527158690048,0.8831921807400864,0.8876821385697068,0.8882934194313588,0.8876821385697068,0.7664219943126425,0.7348752912886054,0.7370102851867165,0.7348752912886054,0.9040942745567705,0.91027694565144,0.9031137274288388,0.9041635889772998,0.9031137274288388,0.49603390476531967,0.4333226126246794,0.536995534438418,0.6356292723582107,0.5333959100707923,0.5639452986010969,0.5658328402420354,0.5639452986010969,-0.34962709882195825,0.8436541131901397,0.8789036364581958,0.8653634435729457,0.9043320698822794,-0.30395007075925623,0.8387719910928882,0.839127619207342,0.8387719910928882,0.8488519203923071,0.8488519203923071,-0.23484648126628388,0.6918036626110821,-0.3832499302091738,-0.7850276670791039,-0.5339900355800936,-0.5366747872306744,-0.4125693537223811,0.21274772555657995,-0.2974970844632684,-0.5139912617925478,-0.7405450576715289,-0.39031611845771885,-0.5956942442527056,-0.4607182893205634,0.07739971354252449,0.07479269946247352,-0.5572364062536042,-0.5276280598275475,-0.5484846079347455,-0.5839329611668665,-0.5775986008210476,-0.5518369264148256,-0.554901711656505,-0.5518369264148256,-0.42817196063375634,-0.6188352398109147,-0.6188352398109147,-0.6153771457687072,-0.6153771457687072,0.35765611597466,0.3316606122152669,0.4641587288547828,0.5605535988157963,0.5205342899953018,-0.5712353817245925,0.2963544206239139,0.2813955835784808,0.28157611200706517,0.2813955835784808,0.23786851383412355],[0.9924557103897254,0.9844380772100845,0.6422010638636689,0.9937173175052998,0.997255004204181,0.9924557103897254,0.9999966319224904,0.9982807984926908,0.9982807984926908,0.9999724502931443,0.9613904790007133,0.9996879862775808,1.0,0.9999905755194821,0.9999951320914904,0.8728708949546984,0.8522149186617889,0.2586421852730737,0.9998651039864317,0.9998652602144829,0.990038803191224,0.9999974004545154,0.32780298581750056,0.7379502367625549,0.9910148465045105,0.9910148465045105,0.986977756613681,0.9913496127581385,0.25738917701333003,-0.17652426793553694,0.9916557530785791,0.9915764502045079,0.1813299767236149,-0.23816860245547203,0.9993539486557125,0.9994691222519716,0.43658200675969816,-0.3077152733625905,0.9990552994295548,0.9994368259364523,0.8565037783368737,0.23783199121168844,0.9430915812938834,0.9991077869876,0.9430915812938834,0.9117980601078732,0.6125165986094405,0.9401383846279306,0.9202385459575658,0.7464477498396619,0.41050534723388094,-0.11512224748609395,-0.1937002003171826,0.9299869611499155,0.34283205538537065,0.96804224040256,0.9634591400748825,0.9791094144967207,0.995616070195864,-0.02930235103042346,0.8767283811494372,0.8374351373777386,0.8824039898344468,0.8321267757152054,0.795539871835171,0.8321267757152054,0.8154444966584601,0.8007863066271499,0.7897095023934938,0.8007863066271499,0.8750740722592971,0.39571299043019675,0.5981836176508292,0.6588298501320919,0.5981836176508292,0.6163187324928089,-0.3417452216048078,0.5885323514216415,-0.6232855294344802,0.5107759625590608,-0.08857858096518784,0.44682241197543554,-0.08857858096518784,-0.14730382471398695,0.8537118817987802,0.8757195364434398,0.8607739674951255,0.7710072308452304,0.244183069937983,0.8529411492932191,0.8542417770641378,0.8529411492932191,0.7721492774156132,0.7721492774156132,-0.18056483378064878,0.6976708709562712,0.23747205356071607,-0.6832609407803748,-0.6311418075576744,-0.6343426405302652,-0.16920399940315975,0.06289615846583455,0.3247499390066577,-0.013343423465697871,-0.5546273345230089,0.05067631834281248,-0.8279681871275693,-0.17841658377050415,0.08541226043333272,0.08688916072065002,-0.6152889746480431,-0.588739185371805,-0.10292544553098824,-0.5917494387176676,-0.8335251224642767,-0.38952911004379714,-0.2229747901960927,-0.38952911004379714,-0.2880137518864184,-0.3755812929732881,-0.3755812929732881,-0.8257798311323192,-0.8257798311323192,0.36093294297114903,0.5851066385455488,0.5069312572662793,0.8018845869914674,0.7365482914775501,-0.380565960829019,0.06733208467255969,0.74755127875767,0.7667627774833463,0.74755127875767,-0.11915679302351814],[0.9928645167657573,0.9843809326306232,0.6348686965806959,0.9944155258673263,0.9973317087795075,0.9928645167657573,0.999987006790982,0.9994174234994008,0.9994174234994008,0.9999715226605383,0.961412076037489,0.9996837474484215,0.9999905755194821,1.0,0.9999879410429642,0.8144715235577773,0.7475728290590321,0.2605495007714517,0.9998876667200592,0.9998882398069335,0.9900285568145536,0.9999879293255741,0.32957102736194877,0.7340193426699442,0.9939793286659041,0.9939793286659041,0.9939441518332551,0.9912770958248693,0.2523661424448358,-0.1769392854609223,0.9919384435990368,0.9919449089768319,0.20464491083444256,-0.2375846436423844,0.999526328798399,0.9994689715642591,0.8473751838103823,-0.39861706164589195,0.9990510592875387,0.9994410153060794,0.7967164618632234,0.23977369402908869,0.9994195565464576,0.999424084775917,0.9994195565464576,0.9116432287449722,0.6126318227034395,0.9398141474229712,0.9198107321815873,0.7460192585824796,0.2906458426316767,-0.2853592668937646,0.1036749614951615,0.9298626890615322,0.34344694083954475,0.9650126159249932,0.9634780530348378,0.9776505000384581,0.9958426682424898,0.892350212738022,0.8759386357846062,0.9051305534874218,0.8823427947413514,0.9041949243175664,0.9050042277715308,0.9041949243175664,0.8146108937744683,0.8715294024796719,0.8729253582228176,0.8715294024796719,0.8749051017660544,0.7706896580301533,0.8674401594780705,0.8689890696675205,0.8674401594780705,0.6158268688629749,0.46486801377203696,0.5871091976796194,-0.6265779526874677,0.5093037874248654,0.5146673967980834,0.5155846628053415,0.5146673967980834,-0.14930433073174432,0.8535488001073109,0.875365651654075,0.8602800071817273,0.8990495657155513,0.24645091989948115,0.8528640310657305,0.8544223017446531,0.8528640310657305,0.8626219761659045,0.8626219761659045,-0.1809339355177834,0.6976584353101674,0.1528383047254776,-0.6821296629692069,-0.6307811693994054,-0.6337975641230705,-0.16917169122270165,0.06199592935256227,0.1001887462525986,-0.011734087916957242,-0.5531046408617982,-0.13673598964891612,-0.8392405370670573,-0.3979688219139429,0.08505674070747607,0.08663727779382466,-0.6153353444875514,-0.5880407780989355,-0.3944827520752344,-0.591513471567851,-0.8268576563366715,-0.5078844033327766,-0.5036343287776276,-0.5078844033327766,-0.287267444777272,-0.37563262434518674,-0.37563262434518674,-0.817686410393787,-0.817686410393787,0.3605564454160367,0.5853300119211536,0.8207377922920709,0.8056435197817636,0.7371131918530724,-0.3800223498098075,0.6997569214730793,0.7362120585334202,0.7362984407547744,0.7362120585334202,-0.08678931911663461],[0.9925073824758934,0.9842803804184213,0.6423909686279173,0.9937454776929622,0.9972807703763074,0.9925073824758934,0.9999934522507937,0.9991640170007339,0.9991640170007339,0.9999759586952557,0.961113619488921,0.9996557932548504,0.9999951320914904,0.9999879410429642,1.0,0.8651798208987186,0.8138940732418531,0.2587706892802778,0.9998677533040056,0.9998677945553456,0.9901719093990761,0.9999950738111463,0.3284602239768505,0.737797414258915,0.9941997026561374,0.9941997026561374,0.9941072966691833,0.9912728747341761,0.25766044567501206,-0.17655346856683368,0.9925057709100191,0.9925491535153373,0.18206348779099532,-0.2380026032973108,0.9993996296746719,0.9994682834216668,0.4356203830371262,-0.3069615683885915,0.9990119826222008,0.9994392364935318,0.8545763237965955,0.23798255236652485,0.9426493356298957,0.9991586541328312,0.9426493356298957,0.9120553199132494,0.6131720984005413,0.9403345224197214,0.920425917734615,0.7461944477278891,0.41183230126260256,-0.11363196011530372,-0.19391594668752662,0.9303245036328559,0.3430979453371492,0.968427029127888,0.9637608069895971,0.979368993018259,0.9956559264936551,-0.03028694715636699,0.8769809522469169,0.8373502645544372,0.8826210112913622,0.8320750033046652,0.795119065720009,0.8320750033046652,0.8156314493256397,0.8007302004261876,0.790070960410232,0.8007302004261876,0.8753680799928353,0.39506055351893093,0.5977068052612603,0.6588334678516213,0.5977068052612603,0.6161871038766412,-0.3428663035382283,0.5884791839272335,-0.6234659894831195,0.5104370428704806,-0.08953581807763443,0.44649057063648,-0.08953581807763443,-0.14725845454424094,0.8538363097545534,0.875471381650552,0.8609000863914126,0.7632717662537388,0.2445535211943294,0.853033250755762,0.8543247578461527,0.853033250755762,0.771965062041396,0.771965062041396,-0.18191559453302233,0.6984533364915225,0.23795375399329607,-0.6832385361664475,-0.6314927919554115,-0.6346981313971349,-0.1702649942703979,0.061756689370056135,0.32506821841823536,-0.01373423043932295,-0.5548241058834826,0.05077322502656022,-0.8272032945818212,-0.1782489199991153,0.08448708240810673,0.08596275342662534,-0.6158622335249241,-0.5889515255494738,-0.10236503706409066,-0.5928738444867315,-0.833542561786817,-0.38946628704067676,-0.2224378644178235,-0.38946628704067676,-0.28888534320624865,-0.3760109697262893,-0.3760109697262893,-0.8261215435695924,-0.8261215435695924,0.3611493023020656,0.5847758456293616,0.5064513329380306,0.8023145054728992,0.7360062730229123,-0.3801381181909688,0.06670223361036554,0.7479593480004114,0.7673696802126495,0.7479593480004114,-0.11887517931903492],[0.8090563404143148,0.2558978219770018,0.4388559570238899,0.8081804691416615,0.7279122605377156,0.8090563404143148,0.8728837617929974,0.870324283484916,0.870324283484916,0.7625365005937251,0.5727653230436075,0.34956259473221646,0.8728708949546984,0.8144715235577773,0.8651798208987186,1.0,0.9939397469123907,0.41421449044208836,0.8486584231272154,0.8486433158132627,0.7890582180111774,0.864242159628092,0.3298169924662127,0.45234590499421873,0.8563227828224687,0.8563227828224687,0.8431940775154162,-0.050647374252011344,0.19220455328120878,-0.17932457991824421,0.8907604904415102,0.8885677883110293,0.15408795969487823,-0.24301910662581333,0.8696503328234323,0.7824681708125212,0.28593963334699474,-0.31888054348429523,0.3652352407495634,0.7558389180477791,0.9984027234399225,0.3964366571624905,0.7963350985193498,0.8694009281399655,0.7963350985193498,0.334482063152346,0.562218127150307,-0.06481967830622373,-0.08112160468368457,0.19899697610785658,0.40399691175878594,-0.061697870155103085,-0.2100743965328321,0.7663581518100494,0.4036210709839749,0.8662186411617465,0.7735545305242345,0.8427483255485116,0.8574452196316433,-0.09860743434293744,0.28434680499692555,0.6413691095054269,0.543938522138706,0.63251753377934