var element=document.getElementById("correlationClose");if(element.style.display!='none'){var correlationClose={"data":[{"type":"heatmap","z":[[1.0,0.9999900842563253,0.6977210802455815,0.9997512730999316,0.9981916713610893,1.0,0.9929479474340162,0.9897844329034277,0.9897844329034277,0.9934644226412523,0.9779936321396361,0.9876287753460151,0.9929801921127802,0.9933320728265695,0.9930239777189969,0.7230366376795048,0.6349142730951933,0.24391088400648914,0.9937414045795085,0.9937339654941381,0.9858658072821298,0.9929693494703418,0.37231741002572094,0.7651127977309085,0.9834349457413295,0.9834349457413295,0.9834160626233036,0.9775425559448332,0.2966878311943231,-0.14828735804493223,0.9893580423456408,0.9893185129671627,0.24600333066100058,-0.22683840221618498,0.9949425629527591,0.9953239285616597,0.8610105764422126,-0.34760596468997945,0.9909549822041147,0.9953527141680568,0.7022101846739608,0.2243325188484026,0.9950603561063569,0.9950553808180135,0.9950603561063569,0.9061531207204945,0.656707319134863,0.9275094894630639,0.9308298358247427,0.8506503692736123,0.380588625643979,-0.18647093074135723,0.2237676712065824,0.9518906729653981,0.36704746936625354,0.9755547678267764,0.9722427936239836,0.9815778249275471,0.9895734634349578,0.9369192089487781,0.9460126312755772,0.9492179140419917,0.9375075466360484,0.9465301180616397,0.9471222490251058,0.9465301180616397,0.8976758084560715,0.9280588891017234,0.9288601564316443,0.9280588891017234,0.9317931182559419,0.8088767076723016,0.9052102058664508,0.9063530694674987,0.9052102058664508,0.7329532992997005,0.4208912870623953,0.7223108487699919,-0.5300571230296799,0.6278883321787085,0.6412545271696106,0.6415211455625286,0.6412545271696106,-0.08335204739339229,0.9198497647353671,0.949218973131394,0.9352116136857072,0.9382567209403939,0.24168113173888398,0.914616617137697,0.9151547205460326,0.914616617137697,0.9183962228866872,0.9183962228866872,-0.0924261509517553,0.6051015398765015,0.14400748074399555,-0.7070551864069238,-0.5992460874684491,-0.6032586409212786,-0.15470809867513804,0.150412800099411,0.19411478153081502,-0.023260706266113484,-0.5846160232415615,-0.03718562204302234,-0.7979434821981598,-0.3065674425393774,0.17330471544129786,0.17466637564546603,-0.5805113314294333,-0.5721961919595763,-0.2939635393013622,-0.5231538779323882,-0.8126454907893162,-0.42057666036836727,-0.41310214119738425,-0.42057666036836727,-0.24517080358735582,-0.3657668185218264,-0.3657668185218264,-0.8008202443484183,-0.8008202443484183,0.4446638648063365,0.6303528918471847,0.8502799092602454,0.8412422394982827,0.755200871608084,-0.34670100479690885,0.7468082465688944,0.773627585645875,0.7738136536977842,0.773627585645875,-0.16596144487227113],[0.9999900842563253,1.0,0.9828414399684939,0.9995386779563242,0.9961893804190892,0.9999900842563253,0.985728237347066,0.9808620296944552,0.9808620296944552,0.9856360163806989,0.9744142898419309,0.9865505506664514,0.985758623379378,0.9857149666306732,0.9856154418303199,0.046813533940429405,-0.04605489110227581,-0.4645472207720261,0.9887791530158649,0.9887766068163465,0.9858006707080056,0.9858045936912605,-0.19439206488381766,0.9812110409806584,0.9813155493339114,0.9813155493339114,0.9813405098675068,0.9776497618637263,0.06397556280632183,0.08849239119597403,0.9832143885598609,0.9832463544291048,0.7272483511950644,0.04340753167578297,0.9910706716146834,0.9910860981752798,0.9915923623691596,0.9867037063078327,0.990139647379421,0.9911043332994307,-0.0019425308407892776,-0.4689033546060704,0.9916451166211958,0.9916440079210291,0.9916451166211958,0.9058686939011527,0.505682974646227,0.9274863048227547,0.9306679172505163,0.8501913487874181,-0.2426290911284216,-0.4740000860700879,0.8536238861957626,0.8959210712091292,-0.26020898238471707,0.9436083245069611,0.9437393436529381,0.9638568067208437,0.9788563407890338,0.9570159757795524,0.9621061530171894,0.9484415090914564,0.9501528332670427,0.9514062253609841,0.9517611522946867,0.9514062253609841,0.8764095241778294,0.8524806083813932,0.853743587914444,0.8524806083813932,0.9590172458604863,0.9617210237570973,0.9589457310526608,0.9596213196989222,0.9589457310526608,0.6782999624359124,0.6339575008787277,0.7120777724396881,0.7734078301030471,0.6914023516448083,0.712549349067947,0.7135754798569979,0.712549349067947,-0.11129833195206389,0.9269511778743218,0.945658173147465,0.9394450381768007,0.9614811362834204,-0.3228121914000766,0.9238426910040386,0.9239798764945273,0.9238426910040386,0.9295558415192113,0.9295558415192113,-0.17624848554127717,0.6061473725828577,-0.3692873672282283,-0.7969072126866015,-0.46491386947795166,-0.46893525154792237,-0.39606024349240593,0.2896358763254751,-0.268618803810634,-0.5118006629423824,-0.7511028489523423,-0.367894650424922,-0.47280374856025426,-0.4327377033513759,0.14206573642281065,0.1396523111032785,-0.4903959144178176,-0.4587395076234399,-0.4870809157843374,-0.5189324801006537,-0.5107075420665197,-0.48951619801597196,-0.4929430368688914,-0.48951619801597196,-0.38091622834846434,-0.5491727185525204,-0.5491727185525204,-0.5144762385139717,-0.5144762385139717,0.4429379196871261,0.3687150954562595,0.5033894374685736,0.6206557896483693,0.526825787256592,-0.44511125470974583,0.39036621839731217,0.3134096637300912,0.31360859084629134,0.3134096637300912,0.19968745398804613],[0.6977210802455815,0.9828414399684939,1.0,0.6951085391924557,0.6374658542216823,0.6977210802455815,0.6767856749794657,0.6699542110165433,0.6699542110165433,0.6296009765250362,0.5974173250185442,0.9947997740769204,0.6767978724792845,0.6730723153354968,0.6769241165476283,0.382909655333708,0.3402849262295266,-0.2298265548658735,0.6425536784149534,0.6418735042700782,0.6118290517145342,0.6759099107446292,0.15652681949467584,0.810969347358404,0.6587447550041565,0.6587447550041565,0.6585215587989462,0.9889697009724786,0.27191424221344757,0.08448483244110842,0.63370040057433,0.6333384969910509,0.6174560801705427,-0.06105020485353898,0.672297568220738,0.6229097790821077,0.6355719797710545,0.2850202490820068,0.9933158230945033,0.6196919335289577,0.3668993935488373,-0.23940100137763815,0.6892032408407366,0.6703215139087292,0.6892032408407366,0.9033629643435107,0.4204514308186585,0.9409400332637732,0.9218291865957587,0.7614886535807358,0.23174167795883358,-0.0786318325940302,0.05412070844581055,0.5712172938956055,-0.08248854928117938,0.6178602175167046,0.5942539221395956,0.6123607924644248,0.5764309627001227,0.02813307657661965,0.8204164712804679,0.7563578029378212,0.6828997749036413,0.7618853836307244,0.7795830866083538,0.7618853836307244,0.5851967874408098,0.6797219585838613,0.7226875160461785,0.6797219585838613,0.732771668401476,0.6959418882397208,0.7479472292933388,0.785872680324385,0.7479472292933388,0.4798199547850749,-0.0839715418695661,0.4954235912926992,0.08811056841805404,0.4655419225955352,0.2677908372997182,0.5242670272883729,0.2677908372997182,-0.13375681100296247,0.6612173503984159,0.8971844678486116,0.7239033912631857,0.7877055785854834,-0.08802449741164693,0.6944277352849525,0.6940407217830796,0.6944277352849525,0.7463334484532858,0.7463334484532858,-0.19075202865247673,0.707654318505348,-0.1767409886494398,-0.7250968969016818,-0.4566465050304971,-0.4607948655238948,-0.4361756227901259,0.12738187579809723,0.01990536551375331,-0.35631768959443577,-0.7051299796004387,-0.18205939635912088,-0.3427962719197083,-0.2909383689634675,0.06033917882799373,0.05870236093430017,-0.5020032247203615,-0.08384674535951056,-0.27370845791596665,-0.5214659827124642,-0.2283896876065097,-0.42085277844667757,-0.3042200213712162,-0.42085277844667757,-0.4329056618808499,-0.5573450371760492,-0.5573450371760492,-0.3239288292507721,-0.3239288292507721,0.39458942407984093,0.21903632454263103,0.2999545766776392,0.5367448982435706,0.311259295608125,-0.39830807542695845,-0.002065812348147331,0.46382467660537074,0.5606096665359573,0.46382467660537074,0.008325926055044551],[0.9997512730999316,0.9995386779563242,0.6951085391924557,1.0,0.9989947652069798,0.9997512730999315,0.9940571642406656,0.9913179808634731,0.9913179808634731,0.9947766792939378,0.9763337878876899,0.990527591650051,0.9940798645348711,0.994698694626543,0.9941017653172317,0.7221732363547216,0.6336020251686457,0.2296671935435593,0.9946773735630501,0.9946727547497064,0.9859108984260133,0.9940627830703103,0.3638229322016572,0.7692465472399684,0.9857387379657702,0.9857387379657702,0.9857190262291687,0.9829054002143455,0.29239439380368865,-0.15417309870868504,0.988620577905113,0.988588440373809,0.23814798070365323,-0.22718174610480155,0.9953743371334505,0.9959530138776131,0.8302843770446903,-0.3517119228961075,0.9930432763143197,0.9961874475394525,0.7007420890079752,0.20982535766206747,0.9935507636913375,0.995405145639485,0.9935507636913375,0.9041658105754262,0.6451960809066699,0.9302780728546363,0.9279877996776876,0.8359918981058219,0.37609849337824436,-0.19089569045899052,0.2189560333180674,0.9469784297087487,0.35194577473473254,0.9713171883733424,0.9695720528646429,0.9795439085997385,0.9893655600772489,0.9198824826988464,0.9411720562367661,0.9390320894061356,0.9345706491378901,0.9332018320698161,0.9339805067187059,0.9332018320698161,0.8915426120356867,0.9185129910356016,0.9193829186273367,0.9185129910356016,0.9292579675579984,0.7598483435830559,0.8736135612952846,0.8747859797899541,0.8736135612952846,0.7267950409458712,0.17622674549722475,0.7147552108349866,-0.5346821315255768,0.6242108253418005,0.37821643398823224,0.6146589069486482,0.37821643398823224,-0.08901434062874826,0.9160125526394771,0.9439697669196496,0.9295330202151553,0.9194161891450474,0.22807592222064757,0.9114091491650861,0.9120603037123226,0.9114091491650861,0.9031295863612556,0.9031295863612556,-0.09665278195330337,0.6225059975444408,0.14898235448994535,-0.7156660381161135,-0.6053379001016085,-0.6092708738547392,-0.165695096662244,0.14644692726418646,0.18798582041342612,-0.0355169221306342,-0.5951298587034716,-0.04266859679984189,-0.8028446922585741,-0.3135277473317199,0.1643505951205299,0.16576386850942043,-0.5863711639749818,-0.5688954094864463,-0.29433669289292486,-0.5322638548530081,-0.8136501554421047,-0.4212575480446447,-0.4143295832567922,-0.4212575480446447,-0.2526104603833894,-0.37417489245380897,-0.37417489245380897,-0.8000407950578754,-0.8000407950578754,0.43618533886823235,0.6199118748130459,0.8426152127096165,0.8338978209645662,0.7485252885378628,-0.3583544234748444,0.7381735210533581,0.7650388798641917,0.7652246198214477,0.7650388798641917,-0.15147378811836923],[0.9981916713610893,0.9961893804190892,0.6374658542216823,0.9989947652069798,1.0,0.9981916713610893,0.9973169666720556,0.9960571669762568,0.9960571669762568,0.9975276694418107,0.9702570903572492,0.9965113898675756,0.99733261366657,0.9974009878295779,0.9973546316222913,0.6125857678927213,0.49790076573772285,0.023100417612861697,0.9977018792279154,0.9977011617446602,0.9881990986155283,0.9973188986553989,0.005283876174661361,0.7550846879242916,0.9929997319896455,0.9929997319896455,0.9929616950238772,0.9911767638093107,0.06741806543855265,-0.13818590735508018,0.9874029438418821,0.9873306914933365,-0.054610130345373306,-0.1338018612092233,0.9977677523997773,0.9976898965646266,0.8253763139513068,-0.46540847031032084,0.9976462140120825,0.9980237495454384,0.5780610345990753,-0.0009512813426871093,0.9977103499379945,0.9977144378429785,0.9977103499379945,0.9163201980418724,0.6124092641308714,0.9389153353843093,0.9270059388573068,0.8147950736474331,-0.06399111809254023,-0.5861979133275621,-0.15381612735089886,0.9380929448203993,0.2073220607284951,0.9688545975929089,0.9688901860625206,0.9826138993893283,0.9899776145641972,0.91927531298324,0.9251125686225097,0.9297586140795945,0.9233989572141414,0.9281677306079571,0.9284954231600945,0.9281677306079571,0.8703298225718652,0.8817917076344516,0.8827409851032512,0.8817917076344516,0.9192965633635626,0.8439761527482263,0.9017080448960642,0.9023580511513815,0.9017080448960642,0.6923011235741828,0.5926461283962051,0.6843699175596809,-0.5397621501440433,0.6718614588350131,0.6543394424358113,0.6536541348939678,0.6543394424358113,-0.0985611951006818,0.900649888335451,0.9235642211949271,0.9102866707695638,0.9264833147318111,0.07363057487287213,0.8995441885743221,0.9003784622465636,0.8995441885743221,0.9044899533963973,0.9044899533963973,-0.13310537879206255,0.6658371345000803,0.003899742242767153,-0.7414927467141408,-0.6482865533994656,-0.6495277542338023,-0.19397755883221093,0.16977295743270543,-0.1960108088120248,-0.27656016191935573,-0.6573806847307346,-0.39303679149671383,-0.8420898077426883,-0.577603634615666,0.13603487337113543,0.13731036577105024,-0.6098540182453227,-0.5645401955160771,-0.5573881019235707,-0.5676355384611784,-0.7685470069474852,-0.6064373209662447,-0.6093934124493839,-0.6064373209662447,-0.28716229259504245,-0.4040093662690598,-0.4040093662690598,-0.7387712815442647,-0.7387712815442647,0.4244119685931391,0.604876436203751,0.8022835761975168,0.8001171666556048,0.7412701370227327,-0.4786960186871505,0.6140805278717936,0.663126512356726,0.6632685883888056,0.663126512356726,0.07584887725290303],[1.0,0.9999900842563253,0.6977210802455815,0.9997512730999315,0.9981916713610893,1.0,0.9929479474340162,0.9897844329034277,0.9897844329034277,0.9934644226412523,0.9779936321396361,0.9876287753460151,0.9929801921127802,0.9933320728265695,0.9930239777189969,0.7230366376795048,0.6349142730951933,0.24391088400648914,0.9937414045795085,0.9937339654941381,0.9858658072821298,0.9929693494703418,0.37231741002572094,0.7651127977309085,0.9834349457413295,0.9834349457413295,0.9834160626233036,0.9775425559448332,0.2966878311943231,-0.14828735804493223,0.9893580423456408,0.9893185129671627,0.24600333066100058,-0.22683840221618498,0.9949425629527591,0.9953239285616597,0.8610105764422126,-0.34760596468997945,0.9909549822041147,0.9953527141680568,0.7022101846739608,0.2243325188484026,0.9950603561063569,0.9950553808180135,0.9950603561063569,0.9061531207204945,0.656707319134863,0.9275094894630639,0.9308298358247427,0.8506503692736123,0.380588625643979,-0.18647093074135723,0.2237676712065824,0.9518906729653981,0.36704746936625354,0.9755547678267764,0.9722427936239836,0.9815778249275471,0.9895734634349578,0.9369192089487781,0.9460126312755772,0.9492179140419917,0.9375075466360484,0.9465301180616397,0.9471222490251058,0.9465301180616397,0.8976758084560715,0.9280588891017234,0.9288601564316443,0.9280588891017234,0.9317931182559419,0.8088767076723016,0.9052102058664508,0.9063530694674987,0.9052102058664508,0.7329532992997005,0.4208912870623953,0.7223108487699919,-0.5300571230296799,0.6278883321787085,0.6412545271696106,0.6415211455625286,0.6412545271696106,-0.08335204739339229,0.9198497647353671,0.949218973131394,0.9352116136857072,0.9382567209403939,0.24168113173888398,0.914616617137697,0.9151547205460326,0.914616617137697,0.9183962228866872,0.9183962228866872,-0.0924261509517553,0.6051015398765015,0.14400748074399555,-0.7070551864069238,-0.5992460874684491,-0.6032586409212786,-0.15470809867513804,0.150412800099411,0.19411478153081502,-0.023260706266113484,-0.5846160232415615,-0.03718562204302234,-0.7979434821981598,-0.3065674425393774,0.17330471544129786,0.17466637564546603,-0.5805113314294333,-0.5721961919595763,-0.2939635393013622,-0.5231538779323882,-0.8126454907893162,-0.42057666036836727,-0.41310214119738425,-0.42057666036836727,-0.24517080358735582,-0.3657668185218264,-0.3657668185218264,-0.8008202443484183,-0.8008202443484183,0.4446638648063365,0.6303528918471847,0.8502799092602454,0.8412422394982827,0.755200871608084,-0.34670100479690885,0.7468082465688944,0.773627585645875,0.7738136536977842,0.773627585645875,-0.16596144487227113],[0.9929479474340162,0.985728237347066,0.6767856749794657,0.9940571642406656,0.9973169666720556,0.9929479474340162,1.0,0.997691928642406,0.997691928642406,0.9999726740425756,0.9653127146760876,0.9997116776305205,0.9999968458423291,0.999988100305861,0.9999939045503703,0.8147483847500772,0.7991567547584904,0.2011269756426095,0.9998721360737909,0.9998724931323258,0.9906721342169953,0.9999969902688599,0.28853349910123216,0.7639686006396372,0.986773333554911,0.986773333554911,0.9880465965612414,0.9926476569411689,0.22833267515726988,-0.20277427579511056,0.9916285495881579,0.9916835784790453,0.15211469354686583,-0.26843657290067774,0.9993868279412329,0.9995056732966049,0.47478698196460223,-0.2976930691619924,0.9991750899109049,0.9994802372937928,0.7918036539939128,0.1800094645182989,0.9479074336223592,0.9991544046961998,0.9479074336223592,0.9241997291270065,0.6207031530914899,0.9466784684893804,0.9264490900671333,0.7835215437606098,0.4176216171729648,-0.1281405909720331,-0.1797719893531767,0.9361876347507734,0.3246753550119823,0.9696454734806617,0.9665072612506179,0.9807259214196904,0.9955536719548576,0.0022391613218837978,0.8896727629235083,0.8523374502425133,0.8930123372642519,0.8475195555906323,0.8133049745392346,0.8475195555906323,0.8364736047050607,0.8193237638506787,0.8083129464807596,0.8193237638506787,0.8880734521628577,0.44126138814584565,0.6337702552919096,0.6853249894315054,0.6337702552919096,0.6612984617231388,-0.3290165988872514,0.6391890080195683,-0.6014119814831299,0.5589951416726916,-0.06493269972279526,0.48790161242122126,-0.06493269972279526,-0.12948109765845778,0.867094059074099,0.8892849164455621,0.875767101369699,0.7888862930774679,0.19794222647029874,0.8655240434042534,0.8665026963815183,0.8655240434042534,0.794313289464839,0.794313289464839,-0.16788315149375582,0.7053537488786937,0.2248519222441081,-0.7177179060834732,-0.6431636141848411,-0.6466440834358942,-0.20297625152309537,0.09807009627066732,0.3111027046859436,-0.05980065176317979,-0.6024917930535565,0.025082710367933195,-0.8295404485991503,-0.20888521594473553,0.1029739699907474,0.1044009255750957,-0.6263911049640868,-0.5826728130357994,-0.1282907013301121,-0.6006942331834361,-0.8299371726879398,-0.41125217073548537,-0.24825340150150002,-0.41125217073548537,-0.315536096216212,-0.41042077622172995,-0.41042077622172995,-0.8219014348736288,-0.8219014348736288,0.42303668907714126,0.5916668422204296,0.5157276584248341,0.8069034593554075,0.7392249771315438,-0.40365358124244594,0.07626075119077069,0.7445650385306265,0.763245301055618,0.7445650385306265,-0.09135702689249597],[0.9897844329034277,0.9808620296944552,0.6699542110165433,0.9913179808634731,0.9960571669762568,0.9897844329034277,0.997691928642406,1.0,1.0,0.9996074443362551,0.9594335600496853,0.9988787060681016,0.9984007693445376,0.9994513736616274,0.9992256886052483,0.8113228134575396,0.786444925302937,0.17969376310964946,0.9992510599052843,0.9992530704646003,0.988241838752813,0.9993484254144429,0.2637744654146431,0.7659725309677198,0.9933654452310746,0.9933654452310746,0.9864011505588309,0.9904279353353312,0.21118565173162723,-0.2154924749650588,0.9880024476670513,0.9914213673588043,0.13397937455081294,-0.27426259007811704,0.9984258112123838,0.9984360367361163,0.45918115985511815,-0.303503203536744,0.9975592449735929,0.9984093575777081,0.7884854254917242,0.15823208032937586,0.9413770790126088,0.9982573227033904,0.9413770790126088,0.9222609334032287,0.6065145169500503,0.9474358797114709,0.9253345380569579,0.7660766360186423,0.40537183167752766,-0.14223348487087903,-0.19118064081729627,0.928708316887682,0.3049650253941758,0.9652969123883547,0.9618728033038618,0.9761602670402907,0.9945023815704823,-0.006194397005923122,0.8817541183946064,0.8398871671154909,0.8869362938701494,0.8361038029880477,0.8029924492930287,0.8361038029880477,0.8272494836925635,0.8044857194000365,0.796986825052045,0.8044857194000365,0.882146646590883,0.4250675560821315,0.617073600637892,0.6714159567815344,0.617073600637892,0.6519995932284187,-0.34205454064451096,0.6283675300798442,-0.6072617325791059,0.5535364784296091,-0.08470321942871793,0.4743641472329071,-0.08470321942871793,-0.13512902525310364,0.8601336711746999,0.8797235445030329,0.8670111170487491,0.7762366438104139,0.18042581006164843,0.8591272596563261,0.8602647821710208,0.8591272596563261,0.7807349166222447,0.7807349166222447,-0.18111553822510726,0.7252795875305565,0.23095407875283638,-0.7265284452883609,-0.654431539208563,-0.6577460547937207,-0.21673312146981438,0.09166936740039275,0.3040191464098321,-0.07831837760060935,-0.6142099601935728,0.015864762918642906,-0.8343165384055522,-0.2153534858585485,0.08919539711159691,0.09064601021647606,-0.6366362564597278,-0.5832073435977485,-0.13503840529756472,-0.615204929414004,-0.8287735940523688,-0.42192373615236384,-0.25432910129833863,-0.42192373615236384,-0.3312079190835664,-0.42278574653731077,-0.42278574653731077,-0.8192568600823851,-0.8192568600823851,0.40710709141404305,0.5761717256551102,0.49828347524110433,0.7902037788340086,0.7275147705333365,-0.4233681425833688,0.06331285757610736,0.7263218158714545,0.7480599944727734,0.7263218158714545,-0.07465237344495176],[0.9897844329034277,0.9808620296944552,0.6699542110165433,0.9913179808634731,0.9960571669762568,0.9897844329034277,0.997691928642406,1.0,1.0,0.9996074443362551,0.9594335600496853,0.9988787060681016,0.9984007693445376,0.9994513736616274,0.9992256886052483,0.8113228134575396,0.786444925302937,0.17969376310964946,0.9992510599052843,0.9992530704646003,0.988241838752813,0.9993484254144429,0.2637744654146431,0.7659725309677198,0.9933654452310746,0.9933654452310746,0.9864011505588309,0.9904279353353312,0.21118565173162723,-0.2154924749650588,0.9880024476670513,0.9914213673588043,0.13397937455081294,-0.27426259007811704,0.9984258112123838,0.9984360367361163,0.45918115985511815,-0.303503203536744,0.9975592449735929,0.9984093575777081,0.7884854254917242,0.15823208032937586,0.9413770790126088,0.9982573227033904,0.9413770790126088,0.9222609334032287,0.6065145169500503,0.9474358797114709,0.9253345380569579,0.7660766360186423,0.40537183167752766,-0.14223348487087903,-0.19118064081729627,0.928708316887682,0.3049650253941758,0.9652969123883547,0.9618728033038618,0.9761602670402907,0.9945023815704823,-0.006194397005923122,0.8817541183946064,0.8398871671154909,0.8869362938701494,0.8361038029880477,0.8029924492930287,0.8361038029880477,0.8272494836925635,0.8044857194000365,0.796986825052045,0.8044857194000365,0.882146646590883,0.4250675560821315,0.617073600637892,0.6714159567815344,0.617073600637892,0.6519995932284187,-0.34205454064451096,0.6283675300798442,-0.6072617325791059,0.5535364784296091,-0.08470321942871793,0.4743641472329071,-0.08470321942871793,-0.13512902525310364,0.8601336711746999,0.8797235445030329,0.8670111170487491,0.7762366438104139,0.18042581006164843,0.8591272596563261,0.8602647821710208,0.8591272596563261,0.7807349166222447,0.7807349166222447,-0.18111553822510726,0.7252795875305565,0.23095407875283638,-0.7265284452883609,-0.654431539208563,-0.6577460547937207,-0.21673312146981438,0.09166936740039275,0.3040191464098321,-0.07831837760060935,-0.6142099601935728,0.015864762918642906,-0.8343165384055522,-0.2153534858585485,0.08919539711159691,0.09064601021647606,-0.6366362564597278,-0.5832073435977485,-0.13503840529756472,-0.615204929414004,-0.8287735940523688,-0.42192373615236384,-0.25432910129833863,-0.42192373615236384,-0.3312079190835664,-0.42278574653731077,-0.42278574653731077,-0.8192568600823851,-0.8192568600823851,0.40710709141404305,0.5761717256551102,0.49828347524110433,0.7902037788340086,0.7275147705333365,-0.4233681425833688,0.06331285757610736,0.7263218158714545,0.7480599944727734,0.7263218158714545,-0.07465237344495176],[0.9934644226412523,0.9856360163806989,0.6296009765250362,0.9947766792939378,0.9975276694418107,0.9934644226412523,0.9999726740425756,0.9996074443362551,0.9996074443362551,1.0,0.9643886140135421,0.9996783488756927,0.9999736002431132,0.9999728223941421,0.9999765780754815,0.6608702163931074,0.550104411413353,0.08086643165041438,0.999830543241862,0.9998314352236142,0.9905925150753483,0.9999710566929905,0.06155792386228926,0.7444226572007089,0.9956951830761572,0.9956951830761572,0.9956564895738342,0.9925411445790148,0.0557015915948941,-0.1465224937650624,0.991049155112362,0.9910063717208717,-0.03299549581496873,-0.23048380146593536,0.9994431291155214,0.9994023308106764,0.8285106997231854,-0.46581914492290044,0.9991177160664573,0.9994530083451438,0.6281870244534079,0.05700038389977525,0.9993185318899684,0.9993237749371198,0.9993185318899684,0.9238875702551208,0.6211008188107326,0.9464055690541201,0.9260138707262087,0.7831002779040261,0.03220145306666513,-0.5419285120601846,-0.11344744624744883,0.9327770790469915,0.2698547151543255,0.9668861501255303,0.9665085920235432,0.9828891669419357,0.9948775639631504,0.8954256379902495,0.8904630447056375,0.9069756599219335,0.8940529475614797,0.9053301266541322,0.9058766462728648,0.9053301266541322,0.836301332663038,0.8636165896639137,0.864833839084534,0.8636165896639137,0.8894386616332505,0.8098977480326168,0.8753617585084513,0.8763596685601831,0.8753617585084513,0.6613629716593282,0.526206399456628,0.638795806852182,-0.5986043900911675,0.6095191835529911,0.5808135551407956,0.580730260054782,0.5808135551407956,-0.08310302695847595,0.8679700579989025,0.8893655613367146,0.8763408248801796,0.90333072463353,0.11216368872041443,0.8705637028335961,0.8721533102263413,0.8705637028335961,0.8756568000721189,0.8756568000721189,-0.169399839399967,0.7065384350920438,0.03202883805348095,-0.7290737773493426,-0.6753618126568091,-0.6767913891524563,-0.20640795715250618,0.10150614853960785,-0.20033220988864467,-0.24198493397313803,-0.6393223929988348,-0.41898110179144493,-0.8624897022385732,-0.6105242870043819,0.10197780407681226,0.10394565228202612,-0.6277925278898985,-0.5788167907487128,-0.5674970722338494,-0.6021462866541274,-0.7952104631738957,-0.6293470834214673,-0.6317864784678596,-0.6293470834214673,-0.31714288370622035,-0.4134062383528433,-0.4134062383528433,-0.7759993948770275,-0.7759993948770275,0.42186317194502154,0.5898015086344389,0.8133270730474255,0.8104505814770979,0.7371568073024466,-0.42999969462127735,0.6445054655833632,0.6885756853399861,0.6887621559195507,0.6885756853399861,0.14526262036035925],[0.9779936321396361,0.9744142898419309,0.5974173250185442,0.9763337878876899,0.9702570903572492,0.9779936321396361,0.9653127146760876,0.9594335600496853,0.9594335600496853,0.9643886140135421,1.0,0.9526917345525179,0.9653312748968532,0.9653619894515139,0.9650852233929369,0.4273945817200035,0.31219179280433673,-0.14948253013441767,0.969199593422495,0.969180603971535,0.9654293910983216,0.9654214563599736,-0.029209360636299576,0.7809805731199685,0.9667416306551473,0.9667416306551473,0.9668972573052038,0.9115588640700085,0.1449339433164272,-0.1344634348966511,0.971383757095499,0.9714743947858195,0.11099180701051468,-0.0030926975443570353,0.9723608583326179,0.9725811589213323,0.8972569472773316,-0.34435798760341774,0.9598747254485849,0.9716497307777618,0.38830572483450376,-0.16934695460730131,0.9733329145317502,0.9733039971168216,0.9733329145317502,0.841687114946113,0.4284213295695398,0.860268548197136,0.9144151747226452,0.8763504069154562,-0.47803971540435736,-0.6713313196325927,-0.18952144775994142,0.9022479932697682,-0.040163229417185906,0.9280564017000529,0.9281131820262727,0.94378697976691,0.9697441070453688,0.8965910671770567,0.898791381721325,0.9088023289788101,0.8994918697314814,0.9024440762733514,0.9029577656063873,0.9024440762733514,0.8599576148841204,0.838123290396585,0.8393688914267937,0.838123290396585,0.8957163910638372,0.9084132110200732,0.8938402168144393,0.8942736069831585,0.8938402168144393,0.7356984812481978,0.6762114565336554,0.7364717780638885,-0.2574557275737874,0.7490349151939758,0.7631803579323084,0.7652452193479344,0.7631803579323084,-0.23852596552054559,0.8953336572504357,0.9418039530323181,0.9081584779148573,0.9080042087669683,-0.04579529006903718,0.8898180576737804,0.890565580541189,0.8898180576737804,0.8965956529470821,0.8965956529470821,0.037711127055899026,0.4396876781151943,-0.1389764552709666,-0.6725084727917581,-0.44808892632571157,-0.4507018178602838,-0.08053382269368112,0.43779266280050494,0.006727039721658419,-0.2094557047040913,-0.5668376224504973,-0.11983578125177884,-0.7902977591385986,-0.2848603208294371,0.300669594534423,0.3008503974518219,-0.4197614516497108,-0.4317646832352928,-0.3867967539092935,-0.39851313055024534,-0.6563432054002087,-0.40607943414413616,-0.4085710512798492,-0.40607943414413616,-0.14630399777523756,-0.4548402711013224,-0.4548402711013224,-0.5425247569824322,-0.5425247569824322,0.554204025014505,0.6481963256902974,0.7541019547922044,0.7079100281845786,0.8109839351432101,-0.5159534089035718,0.41979315522008614,0.5348428264327872,0.5351830306014757,0.5348428264327872,-0.12222931807774162],[0.9876287753460151,0.9865505506664514,0.9947997740769204,0.990527591650051,0.9965113898675756,0.9876287753460151,0.9997116776305205,0.9988787060681016,0.9988787060681016,0.9996783488756927,0.9526917345525179,1.0,0.9997118243505436,0.9997092047868434,0.9996846092380314,0.16162707578744007,0.05811829737644913,-0.53666589078664,0.9998216939289198,0.9998234118376387,0.9997153789004566,0.9997143152053033,-0.2830889066728726,0.9747508946552018,0.9952617376656233,0.9952617376656233,0.9952453251319784,0.9942441250110186,0.058628203317648,0.052777361409800244,0.992561292391673,0.9926043147070003,0.7813059604960886,-0.03639048357436144,0.9991509623306267,0.9991137801279573,0.9990007793050406,0.9994522662210523,0.9994892807627626,0.9991863460301263,0.10615402189838842,-0.5441746789849056,0.9989564906628896,0.9989627761075349,0.9989564906628896,0.9188242293474851,0.4650766129542112,0.9422509401244451,0.9223004406501011,0.7830632330788814,-0.36844745680282537,-0.5887496456455157,0.834309356428777,0.8627927527038327,-0.3463712534360337,0.9395288619826235,0.9397186489348948,0.9721074010224741,0.9941267781927879,0.9088865454898571,0.9140306884651731,0.8924746756166563,0.896977158690453,0.8969087112945813,0.8974045832684485,0.8969087112945813,0.7994536271112738,0.7697291549181023,0.7713187710124638,0.7697291549181023,0.9156880808567721,0.9209763740688357,0.9145747488524981,0.9154042264916525,0.9145747488524981,0.5777505913534902,0.5245134457485028,0.6109588475153278,0.6883405766260582,0.5975187012624089,0.6239291622071772,0.6259717173130549,0.6239291622071772,-0.2862176180091731,0.8627756029991495,0.8910838757983947,0.8807864545375826,0.915231446750912,-0.3457049230149386,0.8587211163483315,0.8589179976960851,0.8587211163483315,0.8666146601933522,0.8666146601933522,-0.22065074224006054,0.7004735502968861,-0.3916428856515156,-0.8127556993623611,-0.5374836071804916,-0.5405645124917043,-0.4369576449842023,0.24405432667524465,-0.3067088346769498,-0.5432213178528149,-0.7724689501690287,-0.4104863121575573,-0.5885738235994425,-0.4853985964255503,0.09379107998082707,0.09181377011170609,-0.5590115297682349,-0.5322900566217088,-0.5535598234621432,-0.5897350816675159,-0.5828688469360264,-0.5570554640755203,-0.5602914868672828,-0.5570554640755203,-0.44720246752097276,-0.636262930168175,-0.636262930168175,-0.6257150306748058,-0.6257150306748058,0.417805722029945,0.34281087991246056,0.4827337250180194,0.594907587076234,0.5297114031108032,-0.5759377541210898,0.33210409777510896,0.28907523815522923,0.2893167005229999,0.28907523815522923,0.2724740172990233],[0.9929801921127802,0.985758623379378,0.6767978724792845,0.9940798645348711,0.99733261366657,0.9929801921127802,0.9999968458423291,0.9984007693445376,0.9984007693445376,0.9999736002431132,0.9653312748968532,0.9997118243505436,1.0,0.9999913415625339,0.999995464756174,0.8147455103534882,0.7858801776455556,0.2011804211923584,0.9998734779691616,0.9998737891615953,0.9907032220957307,0.9999975555789297,0.2888271701316301,0.7640157423030456,0.9916260468928807,0.9916260468928807,0.9880380302090679,0.9926350198460681,0.22857520978922014,-0.2027250979276557,0.9916798963240756,0.9916932811931337,0.15233262671585587,-0.26840368788025604,0.9993884720985844,0.9995084886635003,0.4747608574855804,-0.29749964362947173,0.9991763400405476,0.9994867351445641,0.7917891335999565,0.18006858911531115,0.9478940484619721,0.9991565506089808,0.9478940484619721,0.9241994837565863,0.6208274330759206,0.9467570334057341,0.9265073179769456,0.7835904353722568,0.4179735825495748,-0.12773421176643815,-0.1794384936888255,0.9362445346344836,0.32473490782645265,0.9697239580744159,0.966553926017686,0.9808007090453182,0.9955676084129413,0.00241021256329589,0.8897793081638908,0.8524114095200936,0.8931080490439879,0.8475919227691625,0.8132544985809567,0.8475919227691625,0.8365544367000707,0.8193633258798779,0.8082574757719454,0.8193633258798779,0.8881947384209371,0.44114991561532785,0.6337691387040506,0.6852481392760131,0.6337691387040506,0.6612628479140343,-0.32903798610127305,0.6391717803483766,-0.6013232697028029,0.5589127775625341,-0.06505449341431148,0.4879274101877874,-0.06505449341431148,-0.1296203496028431,0.8671581304500686,0.8893743891980462,0.8758388248325389,0.7888793151113502,0.1979973349442244,0.8655913765172638,0.8665659293765166,0.8655913765172638,0.7943648364284183,0.7943648364284183,-0.16782553565197209,0.7053788452223158,0.22496060623917696,-0.7177477069674028,-0.6430850754045784,-0.6465702683138997,-0.20304998390767612,0.0979594366612186,0.3112618843450437,-0.0597858040365875,-0.6025408670892851,0.025323351692059008,-0.8293107321399635,-0.20861898970451223,0.1030409628722712,0.10448112392449689,-0.6263742411178513,-0.582487201187471,-0.1280648842674443,-0.6006604920697387,-0.8298450410705589,-0.41105011049286094,-0.24806735130591248,-0.41105011049286094,-0.315382183492636,-0.4103880126601188,-0.4103880126601188,-0.8218569167288675,-0.8218569167288675,0.42344794421941073,0.5917812248772836,0.5159520347799613,0.8071328728062324,0.7392807165533948,-0.4034669909016286,0.07651920188893153,0.7447972921164968,0.763353017892046,0.7447972921164968,-0.09139010728340279],[0.9933320728265695,0.9857149666306732,0.6730723153354968,0.994698694626543,0.9974009878295779,0.9933320728265695,0.999988100305861,0.9994513736616274,0.9994513736616274,0.9999728223941421,0.9653619894515139,0.9997092047868434,0.9999913415625339,1.0,0.9999889788712752,0.7315140966270594,0.6383213352567291,0.20284630407034693,0.9998957314127377,0.9998964131316903,0.9906935270611278,0.9999888505466928,0.28845349229777445,0.7607109155803865,0.9944709201995225,0.9944709201995225,0.9944401152313405,0.9925902923602505,0.221621046932859,-0.20331807013328257,0.9921250776276543,0.9921271705765574,0.17412854532847002,-0.26781499818731364,0.9995579384463261,0.9995082089038216,0.8615406996461772,-0.38407502133280974,0.9991739164006598,0.999490733887912,0.7065465771186401,0.1817627245600763,0.9994585303219988,0.9994631284358296,0.9994585303219988,0.9240620170960858,0.6209307921166443,0.9465590545773704,0.9262601025351558,0.7833278603961195,0.2993571242738094,-0.29583103630979624,0.1261176941873836,0.9361327979740616,0.3251896451522608,0.9672035325643762,0.9665753637702857,0.9795143545865889,0.9958015179532271,0.901541199867866,0.8890877642932891,0.9120077901431475,0.8930606484666066,0.9108038753620816,0.9115597639670848,0.9108038753620816,0.8358928013360526,0.8814954465093142,0.8827215824850588,0.8814954465093142,0.8880496598944418,0.7932659776329287,0.8793383883509232,0.8807112324003921,0.8793383883509232,0.6609342889776448,0.5202441845294167,0.6380220477949635,-0.6012095760449889,0.557653851805836,0.5566967265362777,0.5575969682155587,0.5566967265362777,-0.1316985954413352,0.8670474764542346,0.8890972895919207,0.875434142710986,0.9078059718995132,0.19997401058017947,0.8655445202066514,0.8667500969239219,0.8655445202066514,0.8743896861153508,0.8743896861153508,-0.16813636866102033,0.7052354461700236,0.1312193940145079,-0.7168586637309651,-0.6427480835939791,-0.6459431494652486,-0.20306254624072337,0.09692542386418594,0.08379778174429527,-0.05831059499344893,-0.6013620829838173,-0.16352597853021536,-0.8393344261724988,-0.4252203531355443,0.10226645393879294,0.1042704045271692,-0.626415473260358,-0.5817800932086992,-0.41639757489349,-0.6004398976524461,-0.8224832285822785,-0.5263958753031834,-0.5225187293867842,-0.5263958753031834,-0.31460426405767045,-0.4104111078309151,-0.4104111078309151,-0.8132766355087262,-0.8132766355087262,0.4214434473328924,0.5915958512955067,0.8195735742816429,0.8105205227281285,0.7394511726525672,-0.40311976581135167,0.7025237233379978,0.7320389111581311,0.7321382876518259,0.7320389111581311,-0.058983232931834856],[0.9930239777189969,0.9856154418303199,0.6769241165476283,0.9941017653172317,0.9973546316222913,0.9930239777189969,0.9999939045503703,0.9992256886052483,0.9992256886052483,0.9999765780754815,0.9650852233929369,0.9996846092380314,0.999995464756174,0.9999889788712752,1.0,0.8037540276454146,0.7306326987795506,0.2013321488648447,0.9998764061501337,0.9998766068117585,0.9908265230726543,0.9999953501419051,0.2894895560243447,0.7638587173421217,0.9946339932204787,0.9946339932204787,0.9945502356579597,0.9925720070235878,0.22886232914826682,-0.20274263549385405,0.9925900011677095,0.9926293981781125,0.153057696771311,-0.26823562916281957,0.9994321159106936,0.9995082089266307,0.47384285356358824,-0.2967999382753913,0.9991393214072554,0.9994892280215062,0.7889072030656314,0.18024078914620129,0.9474835119812517,0.9992051406015061,0.9474835119812517,0.9244165410333712,0.6214513971551968,0.9468646830589534,0.9265838954091682,0.7833497774611573,0.41924835326557564,-0.12630480549530163,-0.17966561569432069,0.9365519888240509,0.32500234124529737,0.9700870150144838,0.9668296150478783,0.9810391253424939,0.9956095841398575,0.0014433773163149346,0.8900021144364245,0.852313707933788,0.8932949818237057,0.8475231295904434,0.8128311807906984,0.8475231295904434,0.8367227707666895,0.8192818459489097,0.8085643630091792,0.8192818459489097,0.888455293801188,0.44051220283127823,0.6333079697588535,0.6852313041326348,0.6333079697588535,0.6611342169149063,-0.3301336421017755,0.6391255903415543,-0.6015261325642063,0.5585882812854663,-0.06598716182470649,0.48759843276328774,-0.06598716182470649,-0.1295874410777829,0.8672638380259438,0.8891585382622277,0.8759567561623182,0.7820694558727666,0.19837542614046297,0.865656499820999,0.8666219161325431,0.865656499820999,0.794176101213918,0.794176101213918,-0.16908350869592165,0.7061185088917765,0.22543573868013472,-0.7177060100337146,-0.6434182827333426,-0.6469072652690344,-0.20404200519833227,0.09687224835217446,0.311588940483058,-0.06013251236782149,-0.6026920865148245,0.025434450546110404,-0.8286048288795974,-0.208442378569689,0.10216571661609902,0.10360451079016904,-0.6269149428857226,-0.5826814496080209,-0.12751407633156045,-0.6016936179202644,-0.8298817481152735,-0.41098501678702615,-0.24754127935761858,-0.41098501678702615,-0.3161936874348858,-0.4107860548632526,-0.4107860548632526,-0.8222000746001168,-0.8222000746001168,0.42360656580211203,0.5914720503411511,0.5155053706752549,0.8075482361424907,0.7387767674869524,-0.4030604985982403,0.07591119464067618,0.745208534075892,0.7639587667448524,0.745208534075892,-0.09114276786564282],[0.7230366376795048,0.046813533940429405,0.382909655333708,0.7221732363547216,0.6125857678927213,0.7230366376795048,0.8147483847500772,0.8113228134575396,0.8113228134575396,0.6608702163931074,0.4273945817200035,0.16162707578744007,0.8147455103534882,0.7315140966270594,0.8037540276454146,1.0,0.9920672236320849,0.42641539024678826,0.7809900362685381,0.7809543025040471,0.7005606647909796,0.8023662176501308,0.33567716437455963,0.36911196998333523,0.7959404492209544,0.7959404492209544,0.7809749980606707,-0.23571479152071437,0.19729660201026517,-0.1579113685582006,0.8414194520501265,0.8382458892281551,0.1605979118933686,-0.2156654936506186,0.8098459183247985,0.6878520895445515,0.2540913884706104,-0.31704349552470384,0.1764409314139219,0.6524664912872771,0.9983336343321484,0.40939829068488376,0.7352833221848858,0.8095048231610424,0.7352833221848858,0.11956316126183453,0.5218877507541154,-0.30105373629858573,-0.3249034881402701,0.0033370589858794787,0.3939666955857649,-0.05521241863762984,-0.21092961928820053,0.6749179650914725,0.39941846006879517,0.8091600618989133,0.6752036343815578,0.7696569905004411,0.7913375511224101,-0.10622930695605659,0.0828423263