var element=document.getElementById("correlationAdjClose");if(element.style.display!='none'){var correlationAdjClose={"data":[{"type":"heatmap","z":[[1.0,0.9999920337996948,0.9850685364545475,0.9999247637616631,0.9989734707146606,0.9874106386548891,0.9976645786682761,0.9955871407263606,0.9691269945947949,0.9958990707399089,0.9802703937303001,0.9929430449449874,0.9957221159206928,0.9949822295690848,0.9956379849075677,0.9962263149431828,0.9967455750008692,0.9982002140758056,0.9963056686113141,0.9963171103516351,0.9963718298220008,0.9956723531560838,0.9861035862178242,0.9704816530869447,0.9886560391761163,0.9556318665910779,0.9875581615830327,0.9838611575889384,0.9654639343813213,0.9473248232595176,0.9936240479220722,0.9943900127953742,0.9919983907759788,0.9759163448282793,0.9975762010971807,0.9978492146148246,0.9972851556511815,0.995783028629017,0.9954176759494171,0.9977326088419766,0.9983002897615568,0.9987212724789626,0.9975226401511235,0.9975327650410909,0.9767632495775629,0.9167046904329559,0.7451146570106547,0.9097172577841164,0.9118541187099314,0.8447907685616931,0.9653419091801508,0.9458671207493917,0.9667979017034173,0.9649692420634087,0.9571261174587314,0.985495406382325,0.9822598686204933,0.9902325104604018,0.9945861012675128,0.9851371694441642,0.9792965729828937,0.986880904868874,0.9844876068104413,0.9874823719999126,0.9872614752907581,0.9648324112008616,0.9701362386799094,0.9729574655576458,0.9726156388308086,0.9480398203241144,0.977367708364657,0.9752841684088064,0.9831761395335742,0.9823612787411548,0.9384156273208162,0.8688175320438484,0.8363645829837497,0.8875872600340164,0.9111492309324578,0.9070112235133649,0.9090573922484907,0.9076253036854616,0.6490494651354026,-0.5702496290886925,0.9784684193083808,0.9714546368959122,0.9678561406676979,0.985943477729439,0.9722026402101165,0.9828444355691577,0.9827967790536556,0.9476537007289161,0.9829861306359019,0.9513596599294077,0.6706354116659945,0.8809778459690883,0.9193755255995456,0.7670558321572144,0.9258877062135403,0.9447156589288074,0.8237113233129466,0.9603956052108402,0.8960279049602837,0.6306243601537641,0.7120799030516193,0.8921845341188234,0.8664078891872825,0.889298178451406,0.9706729916515326,0.9708698902512035,0.740746277404161,0.7138479087758961,0.8250182518185069,0.35882653953832133,0.7963815830890173,0.8293660800895666,0.8161482548777955,0.8144231557309655,0.759052479280658,0.7444087599726515,0.725252106792737,-0.2510169042357545,-0.38841144046199105,0.6467643687857486,0.8981168622832042,0.9421571780899934,0.9470273910679988,0.9169121336473003,0.828167733575542,0.9140625287152863,0.9354328353731518,0.9352809591487556,0.8698481340950555,-0.18943624033920214],[0.9999920337996948,1.0,0.9848322176625701,0.9997940739082358,0.9978213683862652,0.9904109025359894,0.9936072533543219,0.9898289869859206,0.9812732556891186,0.9898584565888741,0.9706895556125947,0.9920321129430142,0.9900396126286685,0.9898851448487421,0.989930779443779,0.9896689387939066,0.9948729284153575,0.995459149319966,0.9929205543035344,0.9929205327343897,0.9899264345026023,0.9899811738794237,0.9893295478722037,0.9662459343109764,0.9857661738106263,0.9782001053218031,0.985548172700438,0.9837193043713799,0.9755525629318718,0.9180832000876498,0.9878223080753101,0.984634719965241,0.9771327169431414,0.9194018696693068,0.9950475501082129,0.9948952172565024,0.9951675821972544,0.9908243792164053,0.9946661175023862,0.9951652406050897,0.9960198493874247,0.996784743083047,0.9951472451388681,0.9951555379380815,0.9875631142618202,0.916424337924716,0.5904394426612806,0.9092974133207198,0.9117776788796057,0.8449317256199639,0.8718591334499302,0.9152107010470769,0.875375120859555,0.8983680788197503,0.8710061667430431,0.9548289602411725,0.9547503677498617,0.9617500998077964,0.9827478311560057,0.9770126435037605,0.9803939807730374,0.975064208244921,0.974740723187064,0.9774719514841567,0.9773891754255418,0.9417356150926807,0.9504953778446442,0.9205570401840671,0.920461511867582,0.8292478645579594,0.9726954578130502,0.9747585724593234,0.974991632566308,0.9744531435561261,0.9386861356886959,0.6858203526725402,0.6303175399258731,0.7724852958160607,0.8590095752831507,0.7948485920702008,0.828057187574323,0.8264029877328096,0.6292902303511709,-0.27074237730155337,0.9615809396358354,0.967610642823315,0.9613257695083121,0.9778049962291755,0.958799210840906,0.965691701200184,0.9648703817441909,0.9135043139172127,0.9683362942552856,0.9185150494159223,0.5200731788314674,0.8801485236315987,0.8769717270036359,0.33508383471063813,0.6925101392554582,0.7749152412000962,0.6617207884442783,0.9603886739308831,0.6709247058150335,-0.2576345757564089,0.16016984346723417,0.6400647813488825,0.645497795120284,0.6920315680918913,0.9619772366569208,0.9618560658496832,-0.04727279241855124,0.19508717630373906,0.03416105454803478,0.0005827251653261811,0.028879229601631477,0.04530827401291568,0.013053209758454674,-0.032657591289873056,0.40209180385525417,0.13555304414374436,0.08526813036294488,-0.44754970259083604,-0.48558571104308884,0.6469154721261746,0.7489048081486949,0.7733502255267867,0.8311661984053159,0.8256885433502194,0.548251408468359,0.7369182885887586,0.7683689350785715,0.7670431414530066,0.41616478396438694,0.1897546497008345],[0.9850685364545475,0.9848322176625701,1.0,0.9864807776463518,0.9931126562142075,0.9905018893403773,0.9906251346846746,0.9911253332208856,0.9899036878432143,0.9943357163404865,0.9568741790507528,0.9970884162642394,0.9910134805829371,0.9929398887261637,0.9911843454375726,0.9908770714207871,0.9923886841521267,0.9905638209915285,0.9897626312344004,0.9897295879652677,0.9928669605642798,0.9910549237872741,0.9940013583483213,0.9808439630983563,0.991043910671799,0.9787170833618,0.9914997922427988,0.9829342418080286,0.983539842799881,0.9517606806290647,0.9720644413749356,0.975871634660466,0.9780599052792154,0.9517300691089888,0.9879287893703895,0.9910518101234744,0.9893711666767541,0.9929876313520225,0.9950365273689169,0.9921483422970848,0.9852127856570131,0.9882078640824953,0.9882185299692152,0.9875935534923246,0.9910514635771589,0.9159676794042062,0.6858619713464967,0.932100294767558,0.9060966797708437,0.7628646966836954,0.9254883737259155,0.9011925672691448,0.9278053199125997,0.925135521569003,0.9140378389376593,0.9523642268920965,0.960011828032775,0.9672962138436048,0.9800495967287051,0.9339295678794078,0.9539194729529145,0.9570266337119344,0.9633123209939569,0.957493543836353,0.9317754285738844,0.9055966314672085,0.93309946869866,0.9274534068185889,0.9099989473847703,0.8722902739612973,0.9632819574775947,0.9413246935475561,0.9576126667793935,0.9362517264818763,0.7896317854836364,0.8131988620241308,0.7409381132171685,0.8345744185688081,0.8740780024339155,0.8729481376720009,0.8427546126490415,0.8567454138432026,0.32887725946357127,-0.5679481939119304,0.9508613573920365,0.928989184594927,0.9312949413767795,0.9342524535682052,0.9452005223216252,0.955015957058679,0.954598144143373,0.9194127614959026,0.9509378599666689,0.8507318378414575,0.6453907444730463,0.940863256040514,0.9407165671641848,0.7311835687618283,0.9089029635953473,0.9296927428671664,0.8096830469946831,0.9792349353534869,0.7782825630492447,0.5373000054409987,0.6526455300767582,0.7868017792810497,0.7925719392467544,0.7755917132090651,0.9825985677869,0.9826414542573574,0.6619084989743049,0.6519127695329144,0.712953861633242,0.29387529090816505,0.6930002065766031,0.7118951059232657,0.7233446975362876,0.708572342314583,0.715374548224439,0.6733106856979352,0.6524166077907242,-0.32139927518624534,-0.45846879248329847,0.6069379111979005,0.8589927596964305,0.891797467412866,0.8941772863033992,0.8903163050504417,0.759153462925114,0.8661785916606919,0.8804889499369558,0.889029057597991,0.7387092350326351,-0.11005456198904345],[0.9999247637616631,0.9997940739082358,0.9864807776463518,1.0,0.9992642776502818,0.9884054952930484,0.9979795435258876,0.9960881873116499,0.9713951966090494,0.9964773936133567,0.9799233420065064,0.9942160092822251,0.9962050850439893,0.9956707282995585,0.9961376268912763,0.9966643674596273,0.9972486938650149,0.9985257438436783,0.9967436213242132,0.99675244126958,0.9968638332721611,0.9961593035033935,0.9873613695044902,0.9718186841868279,0.9897188659451936,0.958287421563335,0.9887309418298833,0.9859579140240906,0.9675351650309597,0.9485134373907105,0.9930606185279686,0.994015019080442,0.9920749319267201,0.9755566944265885,0.9977198780676337,0.9981270335121815,0.997579196282404,0.9963272471463597,0.9961169121365158,0.9980497690909624,0.9982454211722687,0.9988536797229083,0.9976584030083865,0.9976656042732723,0.978586848128483,0.9125280460565756,0.7387980507082433,0.910476133471696,0.909848733971442,0.8350473529868134,0.962422429948413,0.9424693706262608,0.963772377409145,0.9623373887616288,0.9542708973467189,0.9834287814323898,0.9807478670852801,0.989418769747658,0.9945258474259996,0.9834801443823467,0.9777872544593833,0.985404291860993,0.9837117968817408,0.9859258961395551,0.9856991446401477,0.9523451051978689,0.9686056797782459,0.9712857159310707,0.970943152275541,0.9417695221094575,0.9767619614025498,0.9719112860750037,0.9815088426739095,0.9806536052456036,0.9130520411528164,0.8668279250860275,0.831776967463764,0.8853499525306113,0.907774096466542,0.9062070238203593,0.9061731141645114,0.9047977381076828,0.5471775450351287,-0.5701853750057154,0.9773586245542324,0.9695645840793403,0.9658965890825139,0.9842899837894729,0.971160185964528,0.9818425247702369,0.9817904713454214,0.9467133066237209,0.9812961662845868,0.932477830337224,0.6758407248646963,0.888418914221202,0.9237740052787121,0.7686214663368671,0.9275803008007221,0.9461552966353756,0.8240275249471161,0.9618408226910721,0.8898936016384996,0.6272301820038321,0.71030800616549,0.8871102083555551,0.8628377956908504,0.8838973450786304,0.9717095306172604,0.9719149308191605,0.7397603074680343,0.7141115849924786,0.8170996894750734,0.36084789371530673,0.7907295707755038,0.8211636516409597,0.8080164687411955,0.8091197014072133,0.7617758307602636,0.7444354912831254,0.7253481315839475,-0.24639263992794075,-0.38766495398977857,0.6454918826272901,0.8962436806105526,0.9403628479695871,0.9452779311431796,0.9157938506714156,0.8253744120015203,0.9120896017367554,0.9332244098383924,0.9332306328024293,0.8623034343024689,-0.18217951706750493],[0.9989734707146606,0.9978213683862652,0.9931126562142075,0.9992642776502818,1.0,0.9913432195445477,0.9990605832889357,0.9983708098902815,0.9845523073042346,0.9984300666531168,0.9739950921777221,0.9978299816816986,0.9984109902957291,0.9982338202090077,0.9984044678712323,0.9985596011653584,0.9984342502586939,0.9992330046916961,0.9987721709428957,0.9987714911359091,0.9984809794511476,0.9983979919336254,0.9939337914935374,0.979495429452691,0.9941671824120955,0.9767591557921506,0.9941146697114797,0.9893144845236307,0.9813168664365721,0.9519826148312148,0.9895905150806463,0.9921724691605033,0.9896435286884084,0.9668405822655051,0.9989399242735825,0.9989791410149111,0.9989822002445459,0.9985059349035255,0.9985775614256778,0.999083306543965,0.9987122857946251,0.9991522434950056,0.9989284583429188,0.9989278594205827,0.9888568866453662,0.922072390962588,0.7144153892626052,0.9240646914077824,0.9137149896337778,0.8183714775324522,0.9466396756898111,0.93214719467532,0.9506578956919981,0.9540502605684282,0.9454369637682907,0.9797473569449937,0.9796781841507429,0.9888307238373266,0.9945598720917016,0.9796246424837718,0.9719038428915271,0.9805426860544958,0.9794952476694758,0.9808724477520173,0.9805947005712871,0.9538929497101254,0.958831083423695,0.9536862771868908,0.9532341662210125,0.9105866665214751,0.9738405713313288,0.9703684723358091,0.9768943032377829,0.9759624491620731,0.9342828879949177,0.8431225601830061,0.7997939310180336,0.8681530202841542,0.911019471369818,0.8927288943633709,0.9011172579385571,0.8998156401285329,0.703652543151777,-0.5912744594552416,0.9704032728300955,0.9581344281481085,0.9555764502354965,0.9806900628711688,0.9604639716640796,0.9745300944302518,0.9740702687923559,0.9366709298729965,0.9764373975850658,0.9404488190260376,0.6627342147734345,0.9075643172934578,0.9450174985060439,0.7219744907155583,0.9070931398052928,0.9313027420923381,0.8179304443647878,0.9675723883785821,0.8820982806801475,0.47145503115097576,0.644297503195087,0.870070089406272,0.8286698867573432,0.8725490197138692,0.975736838621637,0.9758942199137043,0.6941992969848654,0.695194644259732,0.737649476242518,0.3362846224200932,0.6784822638512387,0.7433563178952166,0.7199346116439698,0.6993876852024646,0.7461629160495727,0.7273287505251015,0.7072991669826996,-0.4644896860888028,-0.5429271014964104,0.6357326636457057,0.8891069057088662,0.9249034509408273,0.9372779410328628,0.9121912715538674,0.8026840430129694,0.8956499711712244,0.9180781506505932,0.917611513803143,0.7967032616473199,0.030710854387488815],[0.9874106386548891,0.9904109025359894,0.9905018893403773,0.9884054952930484,0.9913432195445477,1.0,0.98741610088154,0.9877439554550559,0.9907883241122019,0.9873798384226301,0.962634066913925,0.9796707075774295,0.9876641018476887,0.9889524900485982,0.9878066962512342,0.9878126902684506,0.9906823100255587,0.9888429468422854,0.9885804478003687,0.9885802580980176,0.9866108216315375,0.9877434611652016,0.9959911384249706,0.9919764590481723,0.9879584315679157,0.983692871055499,0.9879192132658676,0.972198105203425,0.9859209935013938,0.9689018240692719,0.9695006372517663,0.9741631406190326,0.9824311051423856,0.9695845495556147,0.9872987727790131,0.987530121552522,0.9883477040841836,0.9885742030254027,0.9816195315984486,0.9883885145151631,0.9857099644772576,0.9879559766148541,0.9874118735313809,0.987424028147277,0.9951220473120247,0.8737917077022852,0.7127821724247329,0.8887387720474562,0.9065306052135169,0.8337237664894267,0.9282347728323409,0.9111249786937167,0.9303072492158336,0.9395622060273179,0.9259515594003619,0.9590394531039201,0.9638121722934683,0.9664570931255384,0.9773247743217398,0.968873037017459,0.9823722517907815,0.9699858806408318,0.9820710238229496,0.9697446503954166,0.9691932626490074,0.9705618585671326,0.9626798855932186,0.9440705706753971,0.9435690115764173,0.9346150506069197,0.9798216506933712,0.9721785585302755,0.9702037020738873,0.9686644228667014,0.9539316156038283,0.8654072959117372,0.8177949609221995,0.8857708566238547,0.9022422543478097,0.9102415091803663,0.8924811934885408,0.8902765935445629,0.6710345584194619,-0.5302878700869813,0.9764889669714207,0.9745304810116172,0.9707437750090003,0.969947156798455,0.9675766722239156,0.9761874853533236,0.9758119297756602,0.9593914263725795,0.9655809345243737,0.9585588189402754,0.6798706700364154,0.8568032548249724,0.942872388835855,0.7692445546919391,0.918592613711332,0.9350211996562464,0.8179844974241285,0.9578492561298702,0.8438204719787872,0.5687330509499257,0.6821153570419024,0.8416651788636448,0.8215811510123737,0.8398521198382002,0.9596584589146845,0.9597477939575513,0.7004392793324417,0.6926025565380813,0.7588769473363106,0.36116491630747327,0.7411343554834895,0.7646108939207605,0.7509673601022989,0.753001494793001,0.7476604911562067,0.7128030742534167,0.6959263368345129,-0.2759880759475084,-0.404854831571595,0.6676308500266052,0.8775457406917584,0.8952465485408482,0.9044430997132508,0.8915818373401283,0.7959101450783259,0.8646054249645128,0.8867460816437079,0.8868578946666691,0.8302722482564986,-0.15251204820533126],[0.9976645786682761,0.9936072533543219,0.9906251346846746,0.9979795435258876,0.9990605832889357,0.98741610088154,1.0,0.9972670210209008,0.9587405036311053,0.9995519100758895,0.9738409990603388,0.9994734060551153,0.9982226198828337,0.9990960879330117,0.9990724896780993,0.9990520971797564,0.9975216715725242,0.99990171436048,0.9992936001898904,0.9992987527211421,0.9996701059257991,0.9992633365418219,0.9906744726190511,0.9751950217693278,0.984650659655082,0.9257392768958003,0.9928422725248749,0.988756754995339,0.972777028921679,0.9467614531667109,0.991975214922361,0.9917685951399844,0.9932514769844082,0.9727966535162866,0.9988860816231896,0.9998293267383047,0.9996727844592692,0.9994207507948435,0.9996924316585337,0.9998591475236791,0.9977541103227361,0.9996941185102186,0.9993104679644577,0.9989361410196247,0.9825111309020932,0.9290279450109923,0.7305322444376667,0.9361162818152408,0.9236514863061419,0.8115496345796769,0.9579026911895284,0.9419116762589764,0.9600326206320473,0.9584668054892439,0.9512618857658739,0.9817750800142635,0.980330732976318,0.9912110453593944,0.996499373874307,0.9434888453803594,0.9585801823782348,0.9706535963567009,0.9710260357588305,0.9723801630445497,0.9435780002551281,0.8964586557778644,0.9492792310710365,0.9573528471134755,0.9345241049578736,0.8838595083533408,0.9632935094356025,0.934084647829179,0.9645847516832037,0.9438467674327621,0.7526812864470797,0.8376247698207065,0.7633812047854047,0.8550644571492109,0.8793238979941425,0.8835605215111366,0.8622887317097853,0.8746915229427954,0.2828303736181135,-0.6043620468183546,0.9610592292283083,0.9423662970295408,0.941639955409048,0.9455551645015523,0.9573125984491297,0.9683562637284902,0.9683971673525049,0.9267892136687657,0.9646387781610412,0.8329212972861574,0.6571870720632108,0.9079685168432863,0.9236658701231794,0.7573934467560403,0.9247501395178269,0.9445278828126565,0.818473831241488,0.9669534808423579,0.8315353056945324,0.6164220337070027,0.700903605038024,0.84461095910404,0.8418818748757959,0.830638379049679,0.9758074551005607,0.9760244702551207,0.7266511593305945,0.6919971804534982,0.7824707923047682,0.3312968851090385,0.768060862059562,0.7922364713786869,0.7818052399045082,0.7887886710822336,0.7422473621351848,0.7324283080476243,0.7115512852010966,-0.26394842336564533,-0.4124766928626462,0.6539648969666457,0.891363498705656,0.9282618844384088,0.9437371023417642,0.9162275174125997,0.8240992498433,0.91222783876556,0.9338349491735838,0.9332681126798447,0.7755797691459279,-0.1455137121642736],[0.9955871407263606,0.9898289869859206,0.9911253332208856,0.9960881873116499,0.9983708098902815,0.9877439554550559,0.9972670210209008,1.0,0.9700312961805592,0.9999849256420303,0.9682725291026729,0.9996815721166642,0.9999969238197368,0.9996743474035185,0.9999979723036833,0.9998260787984248,0.993885280124484,0.9993558322113744,0.9998945314091952,0.9998940646744566,0.9999591631564909,0.9999947426786908,0.9909871095776894,0.9763651575927382,0.9921059268698409,0.9399773184479727,0.9933466771979356,0.986233739292944,0.9749718324458205,0.9456385508059959,0.9882491552541159,0.9940668064800026,0.9919067066571459,0.9695205041653193,0.9994390379954425,0.9995126051288649,0.9996313817958224,0.9997036684962178,0.998904762803394,0.9994432266348146,0.9983048500107345,0.9986316009233941,0.99950849991741,0.9993734785362861,0.9840339201593876,0.9290410543944334,0.7175317792452046,0.9414452884920204,0.9213482887746882,0.7915501970311459,0.956278805819308,0.9370622577126859,0.9580053872652529,0.9521641324104515,0.9448276900724029,0.9797662029489325,0.9771552642085951,0.9901863933626385,0.9972498495170528,0.9379853445557902,0.9532764641852831,0.9632412472711948,0.9673210759243276,0.9654254440902741,0.9416680705297343,0.8866594209581726,0.9436119983508645,0.9497442736497556,0.9286058595405762,0.8694719769339286,0.9599900848113364,0.9270334842287609,0.958359538065375,0.9387234290919084,0.7373331656500947,0.8280679321809691,0.7584676645164651,0.845535708535016,0.8708928433323642,0.8778997842621042,0.8572716589233778,0.8668804623439671,0.26288922154943756,-0.6097895295331122,0.9559938449273916,0.9336701317597397,0.9340584684947327,0.9434004233170488,0.9516513737432062,0.9633980987258125,0.9634318319287932,0.9203387915824282,0.9567340085059608,0.8190996669141904,0.6528863836047145,0.9262779962386827,0.9356977588441365,0.7524112986443542,0.9241910462786396,0.944217878529457,0.8158278952905944,0.9714801713696464,0.8350977122640686,0.602047114366187,0.6915791150233216,0.8457384853694768,0.8388012058341829,0.8338510460108439,0.9786730298108127,0.9788953124722771,0.7166618690963791,0.6833146020653873,0.7842693778154879,0.31699285566484825,0.7628229933858756,0.7878078727349537,0.7829121325630823,0.783191051171214,0.735160673893799,0.7261264414182912,0.7045913360870226,-0.2807300905973724,-0.4282815832835588,0.63689179392405,0.8830713485433284,0.9259262841389633,0.9360296731716888,0.9099795998991324,0.812769748683944,0.9056983662504301,0.9275076377299799,0.9271862806205995,0.7556227179478266,-0.1278321427162326],[0.9691269945947949,0.9812732556891186,0.9899036878432143,0.9713951966090494,0.9845523073042346,0.9907883241122019,0.9587405036311053,0.9700312961805592,1.0,0.9854717377980847,0.9432089286460316,0.9901332722948927,0.9737711977725179,0.9838192879617749,0.9787047934298808,0.9766108367483818,0.9554964201878863,0.9808807083398265,0.9793424275927937,0.9793171400315162,0.9834307611810607,0.9787338428041881,0.9946633332717242,0.9910212595052067,0.982495708061789,0.986280397449452,0.9853364768689338,0.9867144227742646,0.9890409279391892,0.9617775718491969,0.9318261761272092,0.9532609985403825,0.969357465918079,0.9501202033283873,0.9733042454543374,0.9814261978213148,0.9783631009455626,0.9807545555937539,0.988207697514369,0.9830903659200512,0.9679826486483206,0.9779175276466464,0.9741183006393885,0.9731014066661736,0.9988223420791621,0.8901254758551247,0.6658071555977517,0.9330867463564664,0.9198177023786345,0.7727549727070853,0.8907728371049239,0.8802415910379098,0.8942632244239295,0.9099291392212101,0.8957549581398999,0.9333968627773771,0.9480657069093237,0.9517257321302621,0.9658987136791433,0.8902003396497933,0.9541935538942127,0.9338406940484698,0.9559895551328175,0.9341944111048404,0.8882105451364577,0.8888588853847565,0.9247362735767503,0.9005723576232324,0.8637163340541516,0.8488748274912078,0.9569389949506817,0.904499508033692,0.9334112145689001,0.8934279322536222,0.7696966977689589,0.8026609683392714,0.691500096946754,0.8261284572855473,0.8511430678821701,0.863559083063886,0.8136277808474365,0.8318458532504163,0.2976970185680464,-0.5587648317629654,0.9433347368017998,0.9304099198975443,0.9289035993139225,0.8903163241147319,0.9323987794171217,0.9428517244999536,0.9422980582408209,0.9185908257648693,0.9269263780176922,0.8298176605516955,0.6565965935905332,0.9179489818542433,0.95134912432737,0.7375384631730779,0.9048658584813281,0.9228820179844093,0.7989020285072712,0.9674429927964893,0.7468647152911522,0.5040535081846299,0.6350228978512312,0.7668072878360983,0.771526090695957,0.7534000756441086,0.9671461399440565,0.9671743750870155,0.6461816049030943,0.641106099096974,0.6803175600485214,0.3010511279362894,0.6769158792429317,0.6929501740411774,0.6742039006295425,0.689438233897844,0.709579010726169,0.6710061809348151,0.6512241939780161,-0.3303137511348472,-0.4640976966489914,0.6591103553259092,0.8487189303192663,0.847605178963216,0.8725434940494606,0.8740330950893535,0.7568677381267813,0.8240778787217243,0.8538352423242217,0.848749965771908,0.7140065465057368,-0.06809877239887886],[0.9958990707399089,0.9898584565888741,0.9943357163404865,0.9964773936133567,0.9984300666531168,0.9873798384226301,0.9995519100758895,0.9999849256420303,0.9854717377980847,1.0,0.9676110685947534,0.9996806526852159,0.9999817562104831,0.9998448950460862,0.9999903502510005,0.9999108998986123,0.9984052003407028,0.999347017037461,0.9998361637713158,0.9998351923372871,0.9999677139128557,0.9999828719149806,0.9938788572684473,0.9778401305804703,0.9953750634942852,0.9750425046183698,0.9955109940803113,0.9861967568839487,0.9793480078169414,0.9468654796304716,0.9888700671248867,0.9931884446005445,0.9889865197047908,0.9651845892020573,0.9993727948873713,0.9994525887553839,0.9994585974094283,0.9998480854154823,0.9989141064370077,0.9994298680746692,0.9984589755403875,0.9986448252068545,0.9993687458138732,0.9993630651873119,0.9885645000899651,0.9290893095956216,0.7181812012165656,0.9412348226875326,0.921122505990051,0.7917647137071123,0.9437443000848685,0.9271976516252125,0.9472875670162196,0.9496397755161473,0.9421114493250161,0.9776346848731504,0.977215054186225,0.9902394009606564,0.9967207531540831,0.9689521931752544,0.953649354578032,0.9697962953097976,0.9674148410383983,0.9702213442995956,0.9699032399856088,0.9410939765621511,0.9429415145016488,0.9429259941375214,0.9425315459840814,0.8983039866208117,0.9603346665441109,0.9606479058109112,0.9666713433095441,0.9655406678208243,0.9209707068397418,0.8274236446566329,0.7781046914799705,0.8446845465003072,0.8921492279776913,0.8765430547993747,0.8838008417254044,0.8827786370489401,0.6506145345651191,-0.6247227204164952,0.9559544677927492,0.933706148693708,0.9342057625635823,0.9702534803636746,0.9466139745563511,0.9629806717137281,0.9624951346661437,0.9212893766310906,0.9651454058878423,0.9253958817316911,0.6513304229279137,0.9258332350660418,0.9491795508314124,0.7294475741402836,0.9117763195895365,0.935454427610792,0.8149712105225542,0.9703017944057661,0.8887191172695683,0.5031012577143017,0.6609239499861168,0.8773187636401771,0.8364499275665365,0.8802526591633957,0.9786033230265059,0.9788558665908689,0.7145984456422045,0.6803216884970466,0.7533985628930095,0.3148696145694625,0.6959920572169414,0.7588272406244717,0.7373392683871546,0.7177454399154776,0.7326471608507665,0.722971761849857,0.7013890367674144,-0.5132958628611475,-0.5927201136784894,0.6367231018426425,0.8819544361486733,0.9248774215650002,0.9379688305516815,0.9090405541942207,0.8080615555058932,0.8960430659889618,0.9180320332650357,0.9174733860014335,0.8065434639583331,0.10271851619781586],[0.9802703937303001,0.9706895556125947,0.9568741790507528,0.9799233420065064,0.9739950921777221,0.962634066913925,0.9738409990603388,0.9682725291026729,0.9432089286460316,0.9676110685947534,1.0,0.9564182536151093,0.9686462708199248,0.9676271795358555,0.9683858939576852,0.9678385498585519,0.9705597923200945,0.9757872817120139,0.9724250948413637,0.9724383061533335,0.9684367834181202,0.9685042604634134,0.9671075115335327,0.9548197653161645,0.9748089073356776,0.9556405921042309,0.972795213892074,0.9110350173603609,0.9705590825987336,0.9547653338995508,0.9778125607773345,0.9722846484577492,0.9723299457897726,0.9406521374569605,0.9760853084770614,0.9756805740007307,0.9760933392038147,0.9688878079114165,0.9633737163154962,0.9751217938037355,0.9806554091626846,0.9783240815096608,0.9762534134374551,0.9762696570387648,0.9566328814568814,0.8525252782349637,0.5400819749576936,0.8222166617761376,0.9030838019532123,0.87851291317592,0.9057043663738765,0.8420268065574991,0.9099986754433588,0.9209483906142883,0.9072392533911626,0.9381258685540045,0.937994406365338,0.9463503802852478,0.9711668354109112,0.9466554137945287,0.9392816436591394,0.9559091189264413,0.9502610183819507,0.954470945171849,0.9544930215554787,0.9132130937991201,0.9545651241412395,0.9418305318868516,0.9415241636658443,0.8690732914844361,0.9393632324288761,0.9465276782695787,0.9405327252682341,0.9394843227368305,0.8914243324415729,0.8356752981392584,0.7951789491859621,0.8756982787980638,0.9225254386519741,0.8969622826859895,0.9098286045881882,0.9091909650852078,0.7378965485751555,-0.3207781763730712,0.9549721805668541,0.9568454551837658,0.9484521690319505,0.948282651367229,0.9341011426814123,0.9561614304666606,0.9561263960948806,0.904836845270544,0.9579968523387079,0.9091986024021828,0.7424517264658824,0.735339139538301,0.8765608144002845,0.658391272978919,0.8660811098744362,0.8992831969059527,0.8823565230953236,0.9538196595892457,0.9087504554441536,0.3842960436600471,0.6626302702281556,0.9012663534356671,0.8805758006252266,0.9082040120272588,0.9540285476563056,0.9543406279375968,0.5524037792415147,0.7173823070003251,0.6274609924444223,0.5004281452993219,0.5878530112415793,0.6411986104898353,0.602956138247256,0.5764695616935621,0.8185495515276036,0.6962768841633248,0.6613648030418128,-0.2941032699936889,-0.34671694243729634,0.7551125127855609,0.9180849869490412,0.9249735430932974,0.9148920925272258,0.9423028153159376,0.6750309901246425,0.8496321450350368,0.9119208623273587,0.9111061171169391,0.6953762607233199,-0.1633088260909278],[0.9929430449449874,0.9920321129430142,0.9970884162642394,0.9942160092822251,0.9978299816816986,0.9796707075774295,0.9994734060551153,0.9996815721166642,0.9901332722948927,0.9996806526852159,0.9564182536151093,1.0,0.9997059659763217,0.9996865231998743,0.9996943062148343,0.9995744971949214,0.9990162238967576,0.99920189931892,0.9999599029120732,0.9999594701820018,0.9996932313674551,0.9997007238723292,0.9910590910279907,0.9619719000482017,0.9920576289543223,0.9806053787529174,0.9930984483075275,0.9900176257435156,0.9733958456378925,0.9057857353185114,0.9891070191152409,0.9927707853388013,0.974797174101312,0.9061805555735216,0.9992250155841675,0.9992869655950085,0.9992297806684062,0.9994856606454685,0.9994559683557309,0.9992524884010893,0.9976454235719339,0.9980204347975188,0.9992009657544653,0.9991968414345966,0.9899746080099092,0.9232617306728518,0.5588814960870413,0.9372429176987485,0.9203423257015917,0.7955316373123694,0.8596171904881214,0.8987336999300015,0.8646506290404533,0.8803659220520914,0.8569674757586232,0.9525177854402694,0.9524605891072956,0.9764918042537394,0.9938249891419201,0.9553403677110698,0.9572774895639795,0.9479297944633749,0.9497782515122759,0.9519146621508093,0.9517331493650645,0.9057763833673834,0.9171356949027162,0.8805144279934191,0.880347092874192,0.7744873955915665,0.9520265734951591,0.9550920165746531,0.9552380880920126,0.9545830912471831,0.9078462477838414,0.6360690014753911,0.5768698155571389,0.723426341513339,0.8174863869361169,0.7510609035685368,0.7856840013141615,0.78452933240297,0.573062975196931,-0.39054951001382787,0.9286051835518021,0.9374579673871197,0.9283224569309027,0.9566231493596026,0.9253911736278415,0.9339370246242259,0.9328339168083691,0.8707912601286348,0.9378050108303213,0.8773249721252038,0.5580218916216165,0.9227345200423416,0.916685547963381,0.3655460784316941,0.7212786338886074,0.796708159952993,0.6703985161340609,0.9735328586822001,0.6789190224870054,-0.20041426998235168,0.20546233821155638,0.6525283963356212,0.6561194920061204,0.6975124985210184,0.9747508063276089,0.9748076849046973,0.009291357608416664,0.24143223712778863,0.09220630998470647,0.05780436107490129,0.08484190048902428,0.10372175539868823,0.07052342318094279,0.019411444071427954,0.44512259559799955,0.1739693957305996,0.12099172873012248,-0.5155061011194633,-0.552855668905057,0.6367552564462787,0.7442956123334487,0.7689295500923115,0.8297936811709169,0.826340456331443,0.5315673637984891,0.7304380037419336,0.7640959009203245,0.7628571082813785,0.4106541994038524,0.2387699050629015],[0.9957221159206928,0.9900396126286685,0.9910134805829371,0.9962050850439893,0.9984109902957291,0.9876641018476887,0.9982226198828337,0.9999969238197368,0.9737711977725179,0.9999817562104831,0.9686462708199248,0.9997059659763217,1.0,0.9996581998002674,0.999997640067414,0.9998436448945937,0.9950652271849589,0.9994032778653984,0.9999050391297315,0.9999048226448148,0.9999667430028087,0.9999951520995649,0.9908898539852303,0.9762284843689083,0.9927629267070017,0.9448781660167067,0.9933066685088131,0.9864033107434205,0.9747995055172363,0.9456425384768499,0.9891431979268349,0.9941307364957196,0.9919834580646033,0.9696663190907759,0.9994816542048721,0.9995555436811021,0.9996640368148044,0.9997049194311212,0.9989859092666822,0.9994867971950229,0.9983788542800204,0.9987088476304878,0.9995521249849264,0.999416924129342,0.983831515784431,0.9293447778070799,0.7182551848193345,0.9413938509260881,0.9215890535165728,0.792651811165311,0.9566185592323356,0.9374765849537365,0.9583522556060294,0.9525405773248378,0.9452363745857515,0.9800118666918637,0.9773443582706371,0.9903260817789087,0.9973140138697698,0.9383065227258383,0.953447706427302,0.9635442706546103,0.9674648815271172,0.9657230939265825,0.9419346188484007,0.8868387901903176,0.9438913933776202,0.9501714512620912,0.9290481436404999,0.8699053883318141,0.9600804012879669,0.9272626786733519,0.9585931525297238,0.9390233208700047,0.7374415835601839,0.8285562087717302,0.7590294832643479,0.8460056509359303,0.8712476933265573,0.8781698752075157,0.8576956169292569,0.8673211470636202,0.26322292770430483,-0.6097022187498881,0.9562129214397498,0.9340478940955552,0.9343738523429687,0.9436513372344802,0.951887730830274,0.9636254757063673,0.9636615870417535,0.9205423629412532,0.9570614229075118,0.8193402379034185,0.6530614024994303,0.9254514531723889,0.9351603928404885,0.7526338971597692,0.9242312694887738,0.9442587906583909,0.8161085759770002,0.971312189929958,0.835552370199262,0.6030853796541547,0.6922695893300214,0.8462103797667262,0.8393351163028244,0.8342852898106069,0.9785903241324823,0.9788124849112406,0.7173218200406389,0.6839222676961464,0.7848516906914401,0.31782531609780734,0.7635125062055189,0.7884911903141668,0.7834981779435124,0.7839018126304105,0.7355599840436099,0.7265887567866597,0.7050799198165532,-0.2797159846906479,-0.4273663771485719,0.6374665463215583,0.8835921736868274,0.9263529034358499,0.9365433364376273,0.9104404282811425,0.8133297982638489,0.9062575360319155,0.9280542757890667,0.9277173295811215,0.7562971143493993,-0.12888313886687688],[0.9949822295690848,0.9898851448487421,0.9929398887261637,0.9956707282995585,0.9982338202090077,0.9889524900485982,0.9990960879330117,0.9996743474035185,0.9838192879617749,0.9998448950460862,0.9676271795358555,0.9996865231998743,0.9996581998002674,1.0,0.9996951163123873,0.9995506456085437,0.9985808257135516,0.9989755124574479,0.9994960661913299,0.9994889046879417,0.9996773449732249,0.9996508785286093,0.992888126789466,0.9779169447770129,0.9960139815223636,0.9717057193988141,0.9959050848513421,0.9862663552691738,0.9776146420509592,0.9481363687091485,0.9882370697124063,0.9921078321981704,0.9910150298251287,0.9673106549050688,0.9987853775694334,0.9990997652783589,0.999282302009754,0.9999189804229097,0.998937337391669,0.9990881481166141,0.9976316943401163,0.9980429072152097,0.9987800938883661,0.9987080309351356,0.9878851335215859,0.9292864603536131,0.71391969591854,0.9414805466391484,0.92149001721397,0.7919888706412467,0.9520569226204669,0.9307334866288416,0.9531859685188532,0.9490456735671619,0.9411067515580376,0.9764700335887784,0.975222354127324,0.9878667022701664,0.995801205404378,0.9610185723242121,0.9531672684684446,0.9638771854110576,0.966894555366333,0.9656090319109599,0.9649155782845114,0.8909657479063684,0.9412235298727328,0.9486754892239063,0.948368548581107,0.8684491734054569,0.9604626398371953,0.9386481851437212,0.9604736458396322,0.9591752487885139,0.7421936092006867,0.8257695812245985,0.7869689179628724,0.8438727127519061,0.8727462925677044,0.8774634292282867,0.8660699249101852,0.8664624163196131,0.24887587281573165,-0.6041200313091123,0.9554944524665491,0.9337713771167211,0.9334216716794086,0.9636902722221998,0.9514560532997944,0.9625734073862168,0.9625604151033266,0.920628491403814,0.9574420862093084,0.825963883925465,0.6534701774611331,0.9259275069979829,0.9360433293984369,0.7503074899825362,0.9225334958419948,0.9428148001131205,0.8170052984258352,0.9738644933924756,0.8301168434288796,0.5945455614803362,0.6877078002328822,0.8374242106359888,0.8340101815999132,0.8263672045257522,0.9803963003148475,0.9805800533471782,0.7082811947170534,0.6786877531185025,0.7647561520841969,0.317546607979619,0.753620755070467,0.7772370877533243,0.7536684538444478,0.7729125213334858,0.733369109143833,0.7166647323677884,0.6954180719523715,-0.28623822284501443,-0.43230879869496414,0.6370603749341238,0.8813336489794547,0.9275617134219772,0.931857002634245,0.9095552112214975,0.8055160388477969,0.899993704578728,0.9208366547687304,0.9212151108070105,0.7497284182892919,-0.12719744956068021],[0.9956379849075677,0.989930779443779,0.9911843454375726,0.9961376268912763,0.9984044678712323,0.9878066962512342,0.9990724896780993,0.9999979723036833,0.9787047934298808,0.9999903502510005,0.9683858939576852,0.9996943062148343,0.999997640067414,0.9996951163123873,1.0,0.9998501119937699,0.9977331768490516,0.9993745759796148,0.9998979175660926,0.9998971354489908,0.9999608241632463,0.9999927239220815,0.991027745520744,0.9764213179685143,0.9945559657956972,0.9596516870107149,0.994387528585149,0.9863351999957107,0.9750185522837221,0.9458153684492421,0.9915993316531637,0.9944259065108024,0.9918509191023251,0.9694218099278527,0.9994535710011637,0.9995161907512712,0.9996405305273673,0.9997213241209866,0.998942495221368,0.9994527423845423,0.9983566199189776,0.9986518184404434,0.9995209225107546,0.9993888370401379,0.9840213520983718,0.9291410076847093,0.7175920643561559,0.9414611512520049,0.9215198459992545,0.7920667152868682,0.9563778200770511,0.9372234086796055,0.9581393523393469,0.9521225216931392,0.9447588736164415,0.9798072244663255,0.9771117697672204,0.9901600188115302,0.9972168383197016,0.9383209715084259,0.953386064513551,0.9634283324311431,0.9673942001698991,0.9655966937292314,0.9414151779187292,0.8868903368464376,0.9434801419239001,0.9498156047242717,0.9288478519931752,0.8696063958323371,0.9601486051173028,0.9274264113516356,0.958589193581137,0.9390756929003421,0.7377126461958883,0.8280235490944285,0.7587587665289898,0.8455366650092362,0.8710760742893758,0.8778795118916236,0.8574391620692389,0.8670647280800459,0.26325312979732485,-0.609494771351893,0.9560664210885572,0.9338610388204963,0.9342199366517532,0.941703064934868,0.9518391730128166,0.9634751287748337,0.9635056348945918,0.9205202830321598,0.9569212655782875,0.819387682330182,0.652928365840824,0.9258842119961258,0.9355646601193466,0.7523620035461095,0.9240751790125342,0.9441270263914272,0.8158324549011584,0.9714995900246784,0.8351519249852378,0.6019068821823483,0.691472111442267,0.8457770841424845,0.8389537698682806,0.833898579705298,0.9787234716178028,0.9789422665972898,0.7162173199392299,0.6829269112873736,0.7842678049353319,0.3172919593059434,0.7628130364498454,0.787741095462189,0.783097701869003,0.7831011822382626,0.7350673885240648,0.725325869006292,0.7038257671878433,-0.2805257061558417,-0.428073400293149,0.637211186835778,0.882995808647143,0.9260758501986006,0.9360976060170203,0.9100391661445796,0.8125792328447625,0.9059340182909944,0.9275712182550393,0.9273663558489005,0.7557455106966295,-0.12813712145190612],[0.9962263149431828,0.9896689387939066,0.9908770714207871,0.9966643674596273,0.9985596011653584,0.9878126902684506,0.9990520971797564,0.9998260787984248,0.9766108367483818,0.9999108998986123,0.9678385498585519,0.9995744971949214,0.9998436448945937,0.9995506456085437,0.9998501119937699,1.0,0.9983487743361771,0.9994385182950113,0.9997743554677192,0.999776126713511,0.9998773409173267,0.9998330851466339,0.9905946862586971,0.976073035863086,0.9926157960210007,0.948709364556795,0.9925368797775322,0.9868122810362941,0.9738401149610867,0.945587300466528,0.9921593652853393,0.9941005719149698,0.9916627787766104,0.9696592228537151,0.9995064817290671,0.9994016714356941,0.9995509161512022,0.9996040767892177,0.9987493235788542,0.9993687266232133,0.9986261992108539,0.9987944999525782,0.9995464222598766,0.999455133160683,0.9828675389144544,0.9282183632197213,0.719745285978465,0.9440396446832205,0.9251112376559866,0.7910400267298173,0.9584215827393255,0.9406309034554675,0.9603345529725076,0.9526798630033386,0.9452780603228315,0.9812883905124525,0.9774861013097556,0.9906965576653433,0.9969868043031082,0.9419571174646008,0.9542626516977116,0.9654799361168847,0.968406859425275,0.9675964110909845,0.9449787649090174,0.8884531413406437,0.943510481334555,0.9517284075302221,0.9323931130699533,0.871203045331885,0.9615952521322509,0.9304341453087984,0.9607972992470498,0.9427937977090028,0.7392182351145339,0.8282193301339138,0.7630461774865602,0.8455512644718616,0.8726995055835937,0.8774266813811025,0.859721882892136,0.8694041725072759,0.264324371897741,-0.6072951193976476,0.9568896789360546,0.9334236163761865,0.9350925783967834,0.9469617195329024,0.953790510022118,0.9643714834468701,0.9644590806923552,0.9221665286579831,0.9590050870856665,0.8209807562033857,0.6487405514115169,0.9255213600965098,0.9336957698153178,0.7498613990791789,0.9228616495777157,0.942836344778131,0.812774110213428,0.9698560583964728,0.8376390592945034,0.6013956509463232,0.6887