var correlationClose = {"data": [{"type": "heatmap", "z": [[1.0, 0.9999827014795388, 0.5641369534473255, 0.999698723062103, 0.9974342238445888, 1.0, 0.9907226120552616, 0.9862313540232005, 0.991365470475278, 0.9729392255903133, 0.981652948890248, 0.990767728135697, -0.13376599923722232, 0.990833721839373, 0.9908780133063733, 0.9935114444150985, 0.46391405451622797, 0.9918581308312374, 0.991844519446955, 0.9837516183219359, 0.9907560576720899, 0.4451997915133726, 0.6599578376870309, 0.9775903695840726, 0.9775669084404665, 0.9589398947617265, 0.3017081181630578, -0.12423751597141375, 0.9898846875194749, 0.9898436880616535, 0.27335576302794834, -0.20627112172402848, 0.9936874949497028, 0.9945686083352034, 0.8087032900193877, -0.39159090029393134, 0.9872859590796803, 0.9943129001140198, 0.9942186930688981, 0.4463913101527448, 0.993878093319828, 0.993864727454264, 0.993878093319828, 0.8896877875041486, 0.6732606802113581, 0.8636457850237121, 0.8803313232955008, 0.7949417966555804, 0.3905513714547945, -0.12871988644847057, 0.19214604846646785, 0.9459781938358203, 0.46908449180356565, 0.9771334141795147, 0.9712790545017945, 0.9135690328328955, 0.9085496604409381, 0.9320495642042377, 0.906973239613858, 0.9287614055344575, 0.9295710166295507, 0.9287614055344575, 0.8408225365746985, 0.9051450777510025, 0.9062747822749054, 0.9051450777510025, 0.8936402833595318, 0.7299364522588324, 0.8689077501405965, 0.8705829692838238, 0.8689077501405965, 0.6146002720716052, 0.305882254649541, 0.5909639613479764, -0.5963866147321627, 0.48506022268613047, 0.5410147504128359, 0.5425121507239196, 0.5410147504128359, -0.09934722023101694, 0.8808194137087269, 0.9124839782337786, 0.8942134605673108, 0.9150916331824668, 0.4627303442607702, 0.8781588793565552, 0.8794241579728275, 0.8781588793565552, 0.8882081999600027, 0.8882081999600027, -0.1645209887278093, 0.544977465355527, 0.1962940919046245, -0.5510660013847, -0.5600543559451144, -0.5637193528723067, -0.033758597935289736, 0.0522160325692176, 0.26360618234478267, 0.1454631456900181, -0.3710731529205999, 0.06097928149455775, -0.7918942433278288, -0.20528687762872824, 0.11727856797189093, 0.11750603273533723, -0.5375527137854447, -0.6065887407123786, -0.20668887623438018, -0.4829483330029312, -0.8296273216528958, -0.3441763368076772, -0.33520158463609506, -0.3441763368076772, -0.18162517199922962, -0.2509541435344956, -0.2509541435344956, -0.8182211104276649, -0.8182211104276649, 0.40390021877843485, 0.6597710332182934, 0.8741344805492631, 0.8529169617403978, 0.7911077029101226, -0.24208831924376645, 0.769127125698432, 0.8096338493204631, 0.8098704444432617, 0.8096338493204631, -0.23458031734353982], [0.9999827014795388, 1.0, 0.968583003648679, 0.9991978353779242, 0.9936013624885519, 0.9999827014795386, 0.977509855471474, 0.9683189954713923, 0.977285123996075, 0.9578083324242157, 0.9794907247783421, 0.977558456583713, 0.9775171505433342, 0.9773301403290992, 0.9765889571224231, 0.9852319341722932, -0.2515482702738491, 0.9830517302936181, 0.9830226187418405, 0.9776261531391273, 0.9776168487493997, -0.15371439188613442, 0.967303641637849, 0.970495199331394, 0.97056782740516, 0.9591825845879729, 0.023717356797255458, 0.14696444075209253, 0.975626105931078, 0.9756889711404728, 0.9711085260839712, 0.13358594036584878, 0.9872599699906719, 0.9873451546767126, 0.9881331506238236, 0.9797802280514937, 0.9856206523492916, 0.9872845308811228, 0.9879455936373818, -0.258289952285537, 0.9882249128662732, 0.9882051108275403, 0.9882249128662732, 0.8898790311269537, 0.5575617857548839, 0.8643488440679801, 0.8808953015359454, 0.7942175296233097, -0.4435401032829365, -0.5498555978399987, 0.8318726788579325, 0.8579263580938258, -0.17167364193132026, 0.9344538125123617, 0.934529607169039, 0.9213859069529271, 0.931606147429094, 0.9087528397943572, 0.9083980415362487, 0.9156595441010396, 0.9164108586587147, 0.9156595441010396, 0.769620985298278, 0.7296597585982852, 0.7318651519767589, 0.7296597585982852, 0.9258240795638639, 0.9310579514630785, 0.9256318583911545, 0.9268677920437135, 0.9256318583911545, 0.4370468415392903, 0.3791005188314453, 0.5007446050949458, 0.6048069900439604, 0.4830414521486852, 0.524965803878744, 0.5258334711780336, 0.524965803878744, -0.2154412981242639, 0.8644875698750782, 0.9017838921608285, 0.8879580041939561, 0.928723458016479, -0.06593106227018695, 0.8583267936889163, 0.8587377520779612, 0.8583267936889163, 0.8698293831166539, 0.8698293831166539, -0.26808427201652507, 0.5459602418820367, -0.38072139439922076, -0.6456069956713018, -0.46748817681427374, -0.4708506027370849, -0.30154018505414804, 0.21783548245691642, -0.21289930717641384, -0.3885568180953821, -0.5799719796161918, -0.28343316473135854, -0.5006837906331064, -0.33713609722552923, 0.09138098874921884, 0.08644009764520448, -0.48762369400105476, -0.44260088700903666, -0.47061895151362787, -0.500175764153719, -0.49265750466028807, -0.47289104280098215, -0.47616083259020725, -0.47289104280098215, -0.35833798550107554, -0.4955320381680193, -0.4955320381680193, -0.4696833687923787, -0.4696833687923787, 0.4039090642986532, 0.41816561264615826, 0.5212396618202361, 0.6043414236614312, 0.5798494705958918, -0.38732602605862887, 0.38716323185014023, 0.37808307018470283, 0.37820274244669577, 0.37808307018470283, 0.11918590913241714], [0.5641369534473255, 0.968583003648679, 1.0, 0.5575222032006124, 0.4439585768904928, 0.5641369534473254, 0.5532218030881392, 0.5413576966323543, 0.4501471498085543, 0.3894810048204947, 0.9966286689596836, 0.5532338285710804, 0.516046462676573, 0.5535727361674907, 0.5557879569171932, 0.5921671137785421, -0.09788358536196702, 0.49767485487858903, 0.49683875384925474, 0.44894666096543373, 0.5521919256842259, 0.2068222919097983, 0.692758200775893, 0.5195287331505937, 0.5192410151598261, 0.9830977744247594, 0.28613896555795354, 0.17843658024182923, 0.5191399642607528, 0.5186338945186344, 0.7684350010299481, 0.008219227987334723, 0.5516079614494804, 0.44929682770569573, 0.539762072554461, 0.36380865896069053, 0.993909214080337, 0.43626956632459857, 0.5542559767274997, -0.10397667912218715, 0.5676325899590254, 0.5497411136725666, 0.5676325899590254, 0.8958768871017658, 0.39032426486701616, 0.9034187812787026, 0.8684477330311359, 0.650741149172864, 0.2009036592051788, -0.007877349778657365, 0.0589029575478101, 0.41887267451712445, -0.06982952846109158, 0.5107035855927067, 0.4430862885303154, -0.07583112835391286, 0.6822363397205212, 0.6388003714846137, 0.47400537397580317, 0.6450170600152743, 0.7104157184213928, 0.6450170600152743, 0.31931937704878677, 0.5384158199558216, 0.6401513034965896, 0.5384158199558216, 0.5520762469650099, 0.6187045606954951, 0.6582811761096599, 0.7315991244549066, 0.6582811761096599, 0.19535891809729208, -0.0833050611028205, 0.21482109342968064, 0.15120093555924807, 0.21420173589534408, 0.263340914509437, 0.39191943706733784, 0.263340914509437, -0.1716745563362703, 0.42905496863182574, 0.8026203127923809, 0.5148094911850493, 0.727035903581645, 0.08951041127964371, 0.49715553115917527, 0.497446060302533, 0.49715553115917527, 0.6256715720364835, 0.6256715720364835, -0.2920841168252162, 0.7176852195047674, -0.229210865850119, -0.5335158228643827, -0.3843099976291214, -0.38793791374129133, -0.3890495116064325, 0.007083932096340356, 0.025019351673037503, -0.2544651065109458, -0.5164672364626127, -0.13285620999995928, -0.22018732893473547, -0.20542813917459327, -0.03193261316849616, -0.035673231249328176, -0.4440766764388924, 0.015246418778761874, -0.21581765019502427, -0.4789859763669223, -0.1070584252977639, -0.35306253029213347, -0.22885115314780632, -0.35306253029213347, -0.4283935353437139, -0.5026075244586546, -0.5026075244586546, -0.23539972522126362, -0.23539972522126362, 0.32843523711241135, 0.13235955005064728, 0.2418265932062909, 0.48713515644179645, 0.2124881729518476, -0.30067202989640546, -0.037898585994734627, 0.4459692863249716, 0.5611915439178783, 0.4459692863249716, -0.039594883989044295], [0.999698723062103, 0.9991978353779242, 0.5575222032006124, 1.0, 0.9986108847916508, 0.9996987230621027, 0.9923435889996335, 0.9883359694600294, 0.9933444473726745, 0.9706888316925291, 0.9867892994919532, 0.9923763097735315, -0.13824127848038775, 0.9924139989560007, 0.992454388942465, 0.9951017707239663, 0.4497080231630844, 0.9932500256744572, 0.9932381468569461, 0.9842058015492448, 0.9923560861564024, 0.4363771118217593, 0.6633001802670526, 0.9805800525037975, 0.9805569756230518, 0.9697040283731612, 0.2966789180326947, -0.13164612512362625, 0.9896470937188562, 0.9896166240948924, 0.26483740782453513, -0.2071595603059062, 0.994501617647289, 0.9956759937406845, 0.7676318563112784, -0.39744170641916443, 0.991050252304488, 0.9956641669530446, 0.9948545083301755, 0.4318107516509692, 0.9920486142622844, 0.9945782246722443, 0.9920486142622844, 0.8881664258972102, 0.660449200485184, 0.8721069243592193, 0.8765754902900219, 0.7719951128735535, 0.38496660147074246, -0.13480398220781153, 0.18551316353815414, 0.9401685842030406, 0.4529000025818794, 0.9728184108299286, 0.9684438681661682, 0.8889424402331516, 0.8993370637580161, 0.9167919538941376, 0.9017365499252736, 0.9087673490181808, 0.9098914344337675, 0.9087673490181808, 0.8306344549931475, 0.8913212980350101, 0.8925643149182222, 0.8913212980350101, 0.8890625405888389, 0.6616081274308742, 0.824016385088876, 0.8257432731027876, 0.824016385088876, 0.6043085025451368, 0.09992009295192865, 0.5786514988082623, -0.6016405596166458, 0.4782492361628237, 0.2831865620650814, 0.5101721493434497, 0.2831865620650814, -0.10634836047536268, 0.8738385266840455, 0.9013722742502928, 0.8838275493286731, 0.8879781991031677, 0.44938279359498295, 0.8722006366034029, 0.8736404737320429, 0.8722006366034029, 0.8655504655542517, 0.8655504655542517, -0.1709479087087444, 0.5729698135241147, 0.2010281423526754, -0.5620010620680063, -0.5680437430758108, -0.5716140016432019, -0.04658036212830489, 0.0464972472003625, 0.25630501413574525, 0.13253651228131044, -0.3842145239123937, 0.05419598881738314, -0.7988481870760824, -0.21346829618128368, 0.10586144703851316, 0.10613572650049964, -0.5452498290111781, -0.6034823443523171, -0.2085889331550765, -0.4956327188815073, -0.832199222106385, -0.34614679123894176, -0.33773984934636386, -0.34614679123894176, -0.19134300862536188, -0.26142812371322716, -0.26142812371322716, -0.8186096341393312, -0.8186096341393312, 0.38962999905289664, 0.6476552678853579, 0.8665902271312075, 0.8454308609272377, 0.7837798330032376, -0.255934320019169, 0.7602602602745805, 0.8010757728502635, 0.8013185580313451, 0.8010757728502635, -0.21927909892101324], [0.9974342238445888, 0.9936013624885519, 0.4439585768904928, 0.9986108847916508, 1.0, 0.9974342238445888, 0.9967307124383563, 0.9947178381324601, 0.9969169253983979, 0.9600958505190333, 0.9952248075587496, 0.9967492887911691, -0.35073246879141684, 0.9967804232484734, 0.996800711384744, 0.9978303953503364, 0.2561243224039139, 0.9973318030120143, 0.997325143358531, 0.9859528341374205, 0.9967359463101306, 0.06687875317024985, 0.6217895097636319, 0.9904028374266362, 0.9903576870685873, 0.9840160904418352, 0.04051102080978279, -0.11741942753185708, 0.9878843554411052, 0.9878217319602448, -0.05414468351340658, -0.1054843462776663, 0.9977008141827008, 0.9976399227100311, 0.7427034348277365, -0.5415608951065086, 0.9970864187896451, 0.997884910181244, 0.9979826033911167, 0.2324352136262659, 0.9976601255727093, 0.9976598977549054, 0.9976601255727093, 0.9036061144466172, 0.6213220883948821, 0.8946177149283366, 0.8803060062991429, 0.7375489200777003, -0.09740031751334498, -0.5784438060091297, -0.2378223446660688, 0.9253051281799689, 0.30872118170497376, 0.9662374855301142, 0.9663157745565656, 0.8823594471128863, 0.8761359554335573, 0.9014818934978178, 0.886201848864989, 0.8995167801889795, 0.8999833774063178, 0.8995167801889795, 0.7995887231730118, 0.8319155190686567, 0.8333789100353365, 0.8319155190686567, 0.8753974838173815, 0.7651885797337705, 0.855082942703686, 0.8561522958510475, 0.855082942703686, 0.5541849245460612, 0.4171392048671199, 0.5369066040566373, -0.6485739657254116, 0.532928609986039, 0.5098633554946457, 0.5095191981676364, 0.5098633554946457, -0.12663938475869457, 0.851966956710035, 0.8693061413446502, 0.8550091074043565, 0.8925374413840053, 0.30769833860880624, 0.8534414133614018, 0.8548474176515509, 0.8534414133614018, 0.8616800317062577, 0.8616800317062577, -0.21480242192733062, 0.6339954249289587, 0.05469319923793186, -0.5976106495606448, -0.6267841278044196, -0.6271734242100879, -0.08327534460613116, 0.06790606089886865, -0.14358008439114284, -0.1207151918248559, -0.47288034452487204, -0.32016003088514017, -0.8643599355704678, -0.5141883458633661, 0.07107132061849011, 0.0711794998375533, -0.5765361523029382, -0.59489284761647, -0.5092008502009616, -0.5397291950646284, -0.8004273522567751, -0.5659968548837783, -0.5686404923494627, -0.5659968548837783, -0.23617200173819344, -0.30090284774726206, -0.30090284774726206, -0.7664464423284152, -0.7664464423284152, 0.36836153921626125, 0.6257617178582391, 0.8157979056206498, 0.7901251101589186, 0.77058188155679, -0.3959151466909548, 0.6093629675798656, 0.6917163371298983, 0.6920766255258204, 0.6917163371298983, 0.016436122611209632], [1.0, 0.9999827014795386, 0.5641369534473254, 0.9996987230621027, 0.9974342238445888, 1.0, 0.9907226120552616, 0.9862313540232005, 0.991365470475278, 0.9729392255903133, 0.981652948890248, 0.990767728135697, -0.13376599923722232, 0.990833721839373, 0.9908780133063733, 0.9935114444150985, 0.46391405451622797, 0.9918581308312374, 0.991844519446955, 0.9837516183219359, 0.9907560576720899, 0.4451997915133726, 0.6599578376870309, 0.9775903695840726, 0.9775669084404665, 0.9589398947617265, 0.3017081181630578, -0.12423751597141375, 0.9898846875194749, 0.9898436880616535, 0.27335576302794834, -0.20627112172402848, 0.9936874949497028, 0.9945686083352034, 0.8087032900193877, -0.39159090029393134, 0.9872859590796803, 0.9943129001140198, 0.9942186930688981, 0.4463913101527448, 0.993878093319828, 0.993864727454264, 0.993878093319828, 0.8896877875041486, 0.6732606802113581, 0.8636457850237121, 0.8803313232955008, 0.7949417966555804, 0.3905513714547945, -0.12871988644847057, 0.19214604846646785, 0.9459781938358203, 0.46908449180356565, 0.9771334141795147, 0.9712790545017945, 0.9135690328328955, 0.9085496604409381, 0.9320495642042377, 0.906973239613858, 0.9287614055344575, 0.9295710166295507, 0.9287614055344575, 0.8408225365746985, 0.9051450777510025, 0.9062747822749054, 0.9051450777510025, 0.8936402833595318, 0.7299364522588324, 0.8689077501405965, 0.8705829692838238, 0.8689077501405965, 0.6146002720716052, 0.305882254649541, 0.5909639613479764, -0.5963866147321627, 0.48506022268613047, 0.5410147504128359, 0.5425121507239196, 0.5410147504128359, -0.09934722023101694, 0.8808194137087269, 0.9124839782337786, 0.8942134605673108, 0.9150916331824668, 0.4627303442607702, 0.8781588793565552, 0.8794241579728275, 0.8781588793565552, 0.8882081999600027, 0.8882081999600027, -0.1645209887278093, 0.544977465355527, 0.1962940919046245, -0.5510660013847, -0.5600543559451144, -0.5637193528723067, -0.033758597935289736, 0.0522160325692176, 0.26360618234478267, 0.1454631456900181, -0.3710731529205999, 0.06097928149455775, -0.7918942433278288, -0.20528687762872824, 0.11727856797189093, 0.11750603273533723, -0.5375527137854447, -0.6065887407123786, -0.20668887623438018, -0.4829483330029312, -0.8296273216528958, -0.3441763368076772, -0.33520158463609506, -0.3441763368076772, -0.18162517199922962, -0.2509541435344956, -0.2509541435344956, -0.8182211104276649, -0.8182211104276649, 0.40390021877843485, 0.6597710332182934, 0.8741344805492631, 0.8529169617403978, 0.7911077029101226, -0.24208831924376645, 0.769127125698432, 0.8096338493204631, 0.8098704444432617, 0.8096338493204631, -0.23458031734353982], [0.9907226120552616, 0.977509855471474, 0.5532218030881392, 0.9923435889996335, 0.9967307124383563, 0.9907226120552616, 1.0, 0.9971697390209388, 0.9999678207140765, 0.9509669103058458, 0.999583120755131, 0.9999961318763952, -0.1517582669889813, 0.9999923787443162, 0.9999215654239374, 0.9941142041282451, 0.39966993764984826, 0.9998350652844644, 0.9998352038049527, 0.9884240760908933, 0.9999963306180358, 0.3421266602332229, 0.6644548807990188, 0.9841727409502161, 0.9843407813995017, 0.9854163384636775, 0.2177685796255095, -0.19089967149255213, 0.9922264121334226, 0.991947852878235, 0.16395721616435605, -0.2576398956331807, 0.9992911084335658, 0.9993817408751557, 0.34639528227480154, -0.32933848401865334, 0.9986581073188321, 0.999289209372989, 0.9982420815478776, 0.3802229716534994, 0.9309164371968112, 0.9990180802983099, 0.9309164371968112, 0.9120110949599849, 0.6242906569746651, 0.9177190057645228, 0.889499508878524, 0.689860207197906, 0.41553011890799096, -0.07778952292922808, -0.21161944769720908, 0.9236069158612168, 0.4107479548060687, 0.9684077834885896, 0.9611926798939253, -0.08633655612903418, 0.8250820734149328, 0.7996162999621413, 0.8467105924816618, 0.7928022577518961, 0.7608890217989703, 0.7928022577518961, 0.7548941606187947, 0.7604476942301175, 0.7595707347794944, 0.7604476942301175, 0.8332645042067757, 0.3031118104586368, 0.520682235474212, 0.6050099860177574, 0.520682235474212, 0.5213638657855473, -0.3626377841641526, 0.4821549974662763, -0.6649971917938848, 0.39888578367374955, -0.13108790245424953, 0.3653045192396543, -0.13108790245424953, -0.15101023459130775, 0.8085891475356135, 0.8165705984751753, 0.8063575365793267, 0.7332732950742168, 0.39812779214437793, 0.8120352191152949, 0.8140774055232315, 0.8120352191152949, 0.719399912992241, 0.719399912992241, -0.25201779430836163, 0.6850543102871024, 0.2542935697388946, -0.58143810985759, -0.6116461919621123, -0.6147332439474955, -0.0992020320719029, -0.006206378062603919, 0.35915923750024664, 0.09292831355144753, -0.41257895386538834, 0.1044569382149246, -0.8263537378135851, -0.11784620520039085, 0.033460934083998806, 0.033807988842066, -0.5917323277511872, -0.6092062502115297, -0.04882538631963577, -0.5772806475781965, -0.8445427083003006, -0.34303890097421763, -0.16911461029125316, -0.34303890097421763, -0.27220685122222055, -0.31224496207934277, -0.31224496207934277, -0.8381792524939901, -0.8381792524939901, 0.365159275529901, 0.602442161625604, 0.4968942646804264, 0.8078576848549895, 0.759693897553343, -0.3149701984191553, 0.05951232702432523, 0.7648333354214512, 0.7834667117828303, 0.7648333354214512, -0.14316001069864467], [0.9862313540232005, 0.9683189954713923, 0.5413576966323543, 0.9883359694600294, 0.9947178381324601, 0.9862313540232005, 0.9971697390209388, 1.0, 0.9994619092521391, 0.9424672039962424, 0.998246560859665, 0.9979746377702062, -0.16128845712297146, 0.9989977219262881, 0.9987000656019325, 0.9867202439648021, 0.37755623375059755, 0.999050231403678, 0.9990520984131026, 0.9854708053560058, 0.9991607424575566, 0.3146443528841698, 0.6635515121451716, 0.9918112833418634, 0.9819902566095812, 0.9809250253640361, 0.19768493746963017, -0.20611134583549434, 0.9885153969848771, 0.9919289416702138, 0.14323176361288814, -0.26478245057382865, 0.9981278043273881, 0.9980236260472347, 0.32521688979920593, -0.3369698650576741, 0.9960160022280322, 0.9978468869364603, 0.9975838788651715, 0.3576104026960351, 0.921943320120503, 0.9979614109706556, 0.921943320120503, 0.9093931841317756, 0.6082459174205835, 0.9182148198137763, 0.8851783834665502, 0.6617959807923037, 0.4019076522964862, -0.09376236618506256, -0.2255241103478234, 0.9141756345975673, 0.3894842602639123, 0.9635564907719829, 0.9554818139939332, -0.09749227312661962, 0.8096993420894897, 0.7805927667094321, 0.8360908340610026, 0.7750115383715779, 0.7470569204218954, 0.7750115383715779, 0.7395135363876392, 0.7388454350896029, 0.7445333792059112, 0.7388454350896029, 0.8229233593083034, 0.28084844040981166, 0.49706800825118364, 0.5864791891993546, 0.49706800825118364, 0.5056107664763646, -0.37885454965438786, 0.4645281163822754, -0.6744664119131651, 0.38865878839893125, -0.15527065984676586, 0.346594760977647, -0.15527065984676586, -0.15847779427687292, 0.7961220941832493, 0.7964684763923294, 0.7899654307138106, 0.7167638370796879, 0.38067411210571866, 0.8002325544974048, 0.8025117613737537, 0.8002325544974048, 0.6986070476311302, 0.6986070476311302, -0.2694510153901035, 0.7157479333835779, 0.2625016177753269, -0.5916433796266658, -0.6260580050096723, -0.6289441297114736, -0.11519166062224893, -0.015279087988466802, 0.3522453406491456, 0.07303238685689319, -0.42649324603700506, 0.09502534383513361, -0.8336358703400168, -0.12448264895412096, 0.016284547418725058, 0.016647916837643207, -0.6048776787461355, -0.6106558371259041, -0.05582679486945585, -0.5965990033803591, -0.8451388829874245, -0.35542574865388915, -0.1755105810125384, -0.35542574865388915, -0.2917707599150135, -0.3274197029994703, -0.3274197029994703, -0.8371540435400857, -0.8371540435400857, 0.34089331495739283, 0.5839007838406923, 0.47693467566325287, 0.7892020168096654, 0.745914034582482, -0.33864560568068314, 0.04444010749585743, 0.7448946431084729, 0.7672013225274383, 0.7448946431084729, -0.12499532519998961], [0.991365470475278, 0.977285123996075, 0.4501471498085543, 0.9933444473726745, 0.9969169253983979, 0.991365470475278, 0.9999678207140765, 0.9994619092521391, 1.0, 0.9497138063381745, 0.9995283531364961, 0.999968737702547, -0.325391154966302, 0.9999732913397177, 0.9999340491104425, 0.9981053000403763, 0.2940187085895306, 0.9997758893928862, 0.9997764925477112, 0.9882131739553424, 0.999965715493859, 0.11543348368271274, 0.6204603277486734, 0.9940754345651351, 0.9940195333736893, 0.9852024475131487, 0.023380286405325017, -0.1307009945873277, 0.9907613075327955, 0.9907259954482649, -0.03570229279320563, -0.2183939546294143, 0.9993105091841129, 0.999269105818252, 0.755265516882815, -0.5304344226728136, 0.9985664654055316, 0.9992691205751772, 0.9991717681961669, 0.2710451972832048, 0.9991516854321519, 0.9991571151408096, 0.9991516854321519, 0.9120424605962821, 0.6253159135268365, 0.9175456515722961, 0.8890807697957424, 0.6891837023848154, 0.010392137380353338, -0.5239311403479673, -0.18681885847206486, 0.9187931304140664, 0.35986007210647825, 0.9624054140926436, 0.9614493563586738, 0.8534650852069663, 0.8258389065491748, 0.8735427370122125, 0.8475201209668769, 0.8716358861049335, 0.8723941484421521, 0.8716358861049335, 0.7538628497889452, 0.8130591056020929, 0.814791301770147, 0.8130591056020929, 0.8346383238101838, 0.7247034778202529, 0.8234642467047766, 0.8249737521083967, 0.8234642467047766, 0.5204254707795428, 0.34068163227118664, 0.48110132691337903, -0.69499345085413, 0.4582078535850267, 0.42171443127151265, 0.4217573548712013, 0.42171443127151265, -0.10706397171525733, 0.8089779179409448, 0.8162877593979115, 0.8064916684845477, 0.8642499521778292, 0.325488521416952, 0.8181416404754636, 0.8205890787663084, 0.8181416404754636, 0.8263719053371552, 0.8263719053371552, -0.2543623090641341, 0.6862095795185154, 0.08034109534943609, -0.5938789514983802, -0.6535684459111376, -0.6543873019319604, -0.10288974645522732, -0.004049145210737881, -0.15101495606400267, -0.09160150481314205, -0.46147378106068077, -0.35154904023226424, -0.8784249170367339, -0.5534624661214812, 0.03199277619831362, 0.0328421058747751, -0.5936912102506162, -0.6052666324066027, -0.5189266196165091, -0.5794925677389111, -0.8201607478051839, -0.5898797021415374, -0.5919445718066434, -0.5898797021415374, -0.2748436390998287, -0.3159548877307644, -0.3159548877307644, -0.7999295698004746, -0.7999295698004746, 0.3657584329564264, 0.6011734096414536, 0.8232764227320668, 0.8017399430917266, 0.7580847689416081, -0.34394965330441624, 0.6425957892731367, 0.7123785140796116, 0.7125456637607447, 0.7123785140796116, 0.10013083749191909], [0.9729392255903133, 0.9578083324242157, 0.3894810048204947, 0.9706888316925291, 0.9600958505190333, 0.9729392255903133, 0.9509669103058458, 0.9424672039962424, 0.9497138063381745, 1.0, 0.9226048520525628, 0.9510043391618532, -0.2671033004939584, 0.9506547954485327, 0.949916244397636, 0.9517037998582516, 0.10364950680397714, 0.9567000730830874, 0.9566754545098877, 0.9511494000639907, 0.9511403441464793, 0.04333125638534133, 0.6702180226776379, 0.9529566610787459, 0.953174303001737, 0.8203387076105852, 0.12359940103976302, -0.11269341477878816, 0.9595752683793152, 0.9597102136109638, 0.10835403771077365, 0.05108489058219689, 0.9610837432224499, 0.9613698999144689, 0.8508730287632388, -0.4560476053669707, 0.9346059958735135, 0.9602436789291872, 0.9617136818913782, 0.08082790652026739, 0.9624802926324096, 0.962443161403885, 0.9624802926324096, 0.781688646689516, 0.42088288487138326, 0.7399764334733289, 0.8586912783316784, 0.8337279336927905, -0.5540686062784554, -0.6857873780363559, -0.3072260298549345, 0.8674804381562784, 0.07894530182023045, 0.9013284329171467, 0.9013772876697735, 0.8577771077777929, 0.8514988937738669, 0.8837432789167995, 0.8609240231981512, 0.8755691437336859, 0.8764151041391391, 0.8755691437336859, 0.7998051650298493, 0.7779886150832502, 0.7801259473180703, 0.7779886150832502, 0.8529000085840371, 0.8733203422257902, 0.8510271792564916, 0.8518319954135746, 0.8510271792564916, 0.6208321929033201, 0.540481713914643, 0.6220852983647227, -0.41660345121581693, 0.6426787730430934, 0.6639213760140023, 0.6670686754168262, 0.6639213760140023, -0.26371070628556775, 0.8578490722795108, 0.9192551911123146, 0.8761308160591221, 0.8743615362926619, 0.20220342055078153, 0.8497838679784331, 0.8511551631994958, 0.8497838679784331, 0.8617133355892004, 0.8617133355892004, 0.010916696934331319, 0.2826369917987641, -0.08711605726654685, -0.5002867024516197, -0.39772210960912235, -0.3996295186531372, 0.06523281824988418, 0.3843720055655363, 0.10171939481810884, -0.024652830225856487, -0.34662092847883913, 0.00867862338386081, -0.8121139634672925, -0.15306446436723958, 0.2730615002709171, 0.2720719602111646, -0.35621935450187703, -0.4386428257398279, -0.310542273196678, -0.3157288467443165, -0.6861662873658241, -0.3319025064988902, -0.33389573049948945, -0.3319025064988902, -0.06254129502652865, -0.3489888646643949, -0.3489888646643949, -0.5382848046134434, -0.5382848046134434, 0.5740621394737707, 0.6737289026426907, 0.7608463682878195, 0.6705776732165553, 0.8389973723984278, -0.440616437122979, 0.38786325825179335, 0.5644059809384538, 0.56470190630058, 0.5644059809384538, -0.22819479566131048], [0.981652948890248, 0.9794907247783421, 0.9966286689596836, 0.9867892994919532, 0.9952248075587496, 0.981652948890248, 0.999583120755131, 0.998246560859665, 0.9995283531364961, 0.9226048520525628, 1.0, 0.9995799399836254, 0.9995762106867822, 0.9995297948488658, 0.999566754372492, 0.9985336227979953, -0.3702422697088668, 0.9997298918971593, 0.9997339479066792, 0.9995876190000507, 0.9995874869641421, -0.27582052418367137, 0.9610105711907965, 0.9922834035528829, 0.9922560437142428, 0.9885098295251034, 0.0024158281314042747, 0.07461667848662705, 0.9892976459305508, 0.9893551699268339, 0.9715524977707183, 0.004532641631054904, 0.998689148919895, 0.9986326348166362, 0.9984338945024829, 0.9992378706896125, 0.9991845857760947, 0.9986847100905054, 0.9984644902752592, -0.38081233395708003, 0.9983743016624207, 0.9983856516454814, 0.9983743016624207, 0.9057044604056284, 0.48356572375764845, 0.9131546022912262, 0.8870109405308589, 0.6907652148088405, -0.540897988802704, -0.6613344485786189, 0.7951633047892029, 0.8063696808045264, -0.2851115376901938, 0.9212936264806891, 0.9214901827748331, 0.8500111250428645, 0.8600483661360904, 0.8258521427215227, 0.8285817005455017, 0.8352867355700996, 0.8362494773666779, 0.8352867355700996, 0.6555230973818997, 0.6095416222498229, 0.6121683558172796, 0.6095416222498229, 0.8611874342990375, 0.8705281705083769, 0.8596001095677208, 0.8611140483471265, 0.8596001095677208, 0.3022659055979278, 0.23310529777088634, 0.3616983386564466, 0.4854749893034159, 0.35415047228286306, 0.40405864071535685, 0.4067546827793624, 0.40405864071535685, -0.41310171284239294, 0.7686174554139997, 0.8207457384652723, 0.800087626885653, 0.8590887794741352, -0.12376216229830893, 0.761165055509064, 0.7617203548787569, 0.761165055509064, 0.7760395256916329, 0.7760395256916329, -0.3159079061736862, 0.6774167211353066, -0.3997531436234349, -0.6859675375170232, -0.5481962879938791, -0.550410005994921, -0.3636675640182435, 0.14901784918618954, -0.2714184411760154, -0.4397071794231041, -0.6290281454348955, -0.3473401544717132, -0.6252142721468292, -0.41300206234569925, 0.018903221336902122, 0.01495002360859706, -0.5639375708782705, -0.5285316491746342, -0.5471144923250137, -0.5811861265936857, -0.5754742064717555, -0.5504850536197632, -0.5534546866318769, -0.5504850536197632, -0.4405430897435563, -0.6033936481018916, -0.6033936481018916, -0.6061779216622898, -0.6061779216622898, 0.36089916614869105, 0.3579069290788996, 0.47075056433597023, 0.5543394764154306, 0.5529472472349289, -0.5495640059931176, 0.29902941925974125, 0.31847006629198005, 0.3186614963669985, 0.31847006629198005, 0.22690392026374726], [0.990767728135697, 0.977558456583713, 0.5532338285710804, 0.9923763097735315, 0.9967492887911691, 0.990767728135697, 0.9999961318763952, 0.9979746377702062, 0.999968737702547, 0.9510043391618532, 0.9995799399836254, 1.0, -0.15142547375565663, 0.9999942842134185, 0.99992665084869, 0.994935052470931, 0.3997748484145127, 0.9998365331706748, 0.9998366453277738, 0.9884696835662133, 0.9999969850616435, 0.34246357874408967, 0.6645203735874216, 0.9896469735993897, 0.9843286875940388, 0.9853958451541557, 0.21804765519303193, -0.19084822337773819, 0.9922271052235904, 0.9919621656710585, 0.1642029008529703, -0.2576146790904225, 0.9992937857978039, 0.999386777255931, 0.3463622071116858, -0.3291187430493405, 0.9986603771911504, 0.9992982888333541, 0.9982463847210425, 0.38033489822527256, 0.9308978650895484, 0.999021465145523, 0.9308978650895484, 0.9120599282279137, 0.6244612559907838, 0.9179787889272181, 0.8897524116969846, 0.6900299440310336, 0.41594632972671947, -0.07731312180609168, -0.21123564753986462, 0.9236994566668391, 0.41085291689936376, 0.9685098282331525, 0.9612699361005661, -0.08613992778747132, 0.8252370486631211, 0.7997257695163272, 0.8468273144824081, 0.792909009246814, 0.7608261355860092, 0.792909009246814, 0.7549662350058711, 0.7605102012656332, 0.7595030425905922, 0.7605102012656332, 0.8334228754823058, 0.30297222815192637, 0.5206885758868024, 0.6049144345641719, 0.5206885758868024, 0.5212981928440614, -0.36266245107727085, 0.48210149118983725, -0.6648927837437905, 0.3987589648164188, -0.13122536583103261, 0.365343299162409, -0.13122536583103261, -0.1511633309235099, 0.8086574282240401, 0.8167068314725289, 0.80645093059264, 0.7332640334801117, 0.3982428885065844, 0.8121185031975467, 0.8141562000107406, 0.8121185031975467, 0.719477867999676, 0.719477867999676, -0.2520144205279284, 0.6850644714935328, 0.2544168737594742, -0.5814267382912799, -0.6115598023042873, -0.6146528602372887, -0.09927912828631143, -0.006367749707583392, 0.35934240928607436, 0.09296783692496947, -0.41259487880472495, 0.10473226720169568, -0.8260758369400064, -0.11753879309661726, 0.03349158373283562, 0.03385536998926238, -0.5917209551859058, -0.6090277760264186, -0.04855973877422083, -0.5772632677883377, -0.8444340053311492, -0.3427968269600122, -0.1688935834037238, -0.3427968269600122, -0.2720607011219217, -0.312198998299945, -0.312198998299945, -0.8381285035772382, -0.8381285035772382, 0.36569683719210155, 0.6026109384327645, 0.49715596194070377, 0.8081332348488617, 0.7597995514277388, -0.3147296398660115, 0.0598080315844697, 0.7651005686413384, 0.7835944653439751, 0.7651005686413384, -0.14318609211811223], [-0.13376599923722232, 0.9775171505433342, 0.516046462676573, -0.13824127848038775, -0.35073246879141684, -0.13376599923722232, -0.1517582669889813, -0.16128845712297146, -0.325391154966302, -0.2671033004939584, 0.9995762106867822, -0.15142547375565663, 1.0, -0.1507950303612796, -0.14705592099757184, -0.12273500812475761, -0.2924745938346554, -0.15224967734383843, -0.15267473740793083, -0.2748424536936939, -0.15226340024977458, 0.024960148569332298, 0.3089554400911366, -0.18615863186216555, -0.18649801112705566, 0.9853744757137549, 0.24732346596772076, 0.18631273460906972, -0.1875154412395135, -0.18813539237103477, 0.5369670816886392, 0.12057694952237316, -0.1494028398029284, -0.3101676935283082, 0.16600239951998055, 0.9602907696465905, 0.9986584654436801, -0.34220750043576115, -0.14448350630541695, -0.28233534368950813, -0.1497554452187452, -0.15054404154594478, -0.1497554452187452, 0.9121378762852143, -0.118712376308675, 0.9179487846990511, 0.8896925186304911, 0.6900143394457283, 0.08404242927309914, 0.25539830763544014, 0.6445570946318011, -0.2685841028385586, -0.29660273057785697, -0.06714816922347347, -0.30406287064316007, 0.027657804801707805, 0.2700848214756441, -0.02147133077767516, -0.3085557887389845, -0.019358098973850768, -0.009284473041364009, -0.019358098973850768, -0.4167897760510815, -0.1070941079288933, -0.10919490105830655, -0.1070941079288933, -0.20699255111032003, 0.0704750826938859, 0.04669573856108848, 0.04670111863036102, 0.04669573856108848, -0.41214023874324884, 0.007043570604594338, -0.37592545974952085, 0.622226407389004, -0.344767891305697, 0.008430955234793038, -0.060402422605166387, 0.008430955234793038, -0.30641219843670964, -0.34297378450787963, 0.8166836490041659, -0.12405081621499166, 0.0142078961959538, -0.21919122227848206, -0.26462313714767294, -0.26398041341295314, -0.26462313714767294, -0.027543954108696943, -0.027543954108696943, -0.2311100003168363, 0.6849883876671468, -0.1622270304347217, -0.015843948115666317, 0.19910706467900563, 0.19769868250720757, -0.251253586869087, -0.009848854375232688, 0.019946573825268498, -0.17329401146473117, -0.1097677898919464, 0.04231913145259815, 0.387115561231815, 0.11513971343799116, -0.041034601175351425, -0.04495306125755956, 0.0871658289355084, 0.5716320254732505, 0.09322712214798239, -0.19049074782312578, 0.6152890351984778, 0.09769189408925323, 0.10555226828167674, 0.09769189408925323, -0.23772189494409357, -0.19595649130435147, -0.19595649130435147, 0.32500845123540584, 0.32500845123540584, 0.3658070215918234, -0.25288558381144205, 0.01667816648747398, 0.09068507301572735, -0.2501415990156636, 0.07387372996874031, 0.153505343236288, 0.10454798870582793, 0.1044882302096579, 0.10454798870582793, 0.12636667966032805], [0.990833721839373, 0.9773301403290992, 0.5535727361674907, 0.9924139989560007, 0.9967804232484734, 0.990833721839373, 0.9999923787443162, 0.9989977219262881, 0.9999732913397177, 0.9506547954485327, 0.9995297948488658, 0.9999942842134185, -0.1507950303612796, 1.0, 0.9999382200438921, 0.9974869544010907, 0.39989707901147414, 0.999839625775167, 0.99983965139636, 0.9886329304732732, 0.9999942983214426, 0.34316006393389525, 0.6643571751673485, 0.9931776599109048, 0.9930641455118558, 0.9852708789382556, 0.2183412791202039, -0.19089485906623618, 0.9929725097846613, 0.9930181981411927, 0.16500796143858362, -0.25744292917595935, 0.9993447149257547, 0.9993860104004035, 0.3452854886847582, -0.32824608380254944, 0.9985966863911219, 0.9993016312886289, 0.9985528353071028, 0.380482717355755, 0.9303734167107145, 0.9990782943797589, 0.9303734167107145, 0.9123490442848313, 0.6252128588399651, 0.9183495313158675, 0.8901293255933239, 0.6897118582943451, 0.4173784461500407, -0.07567337886901537, -0.21144067672552913, 0.9241074487281999, 0.4111506029978145, 0.9689365702957554, 0.9616447952635854, -0.0871817559498814, 0.82551507038656, 0.7996445189823607, 0.8470902369002034, 0.7928693749396369, 0.7604269404441569, 0.7928693749396369, 0.7551599591869482, 0.7604645125545886, 0.759929186011681, 0.7604645125545886, 0.8337764182349571, 0.3022733895213175, 0.5201610019290562, 0.6049478828687542, 0.5201610019290562, 0.5211218154793475, -0.36386120921165493, 0.4819954522521774, -0.6650487556843391, 0.3983529968891725, -0.1322551890331808, 0.3649862661809556, -0.1322551890331808, -0.15110562182049672, 0.8087921496227627, 0.8162833892190484, 0.8065425164081768, 0.7232540523415455, 0.3986436777208313, 0.8122441516349377, 0.8142707921962933, 0.8122441516349377, 0.7192797667513029, 0.7192797667513029, -0.2537107437712981, 0.6859940847489863, 0.254935677835628, -0.5814020923986589, -0.6119548840751824, -0.6150527847903988, -0.10048526190540132, -0.007663541736253175, 0.35964944021030326, 0.09250378345053784, -0.41286683641296523, 0.10480956042895721, -0.8251798432705233, -0.117378977058788, 0.0324097058429444, 0.03276824034464622, -0.5923809332545648, -0.6093362927890354, -0.04796535395338587, -0.5786752126639098, -0.844421985841703, -0.34273186979114656, -0.16832202758679768, -0.34273186979114656, -0.2730990570905539, -0.3126909962497909, -0.3126909962497909, -0.8384837338278568, -0.8384837338278568, 0.3658708822451176, 0.6022879530693181, 0.4965934262767256, 0.8085892768954642, 0.7592353280425203, -0.31423516937603724, 0.05911576525728592, 0.7655062307127382, 0.7842066814339124, 0.7655062307127382, -0.14285442109560878], [0.9908780133063733, 0.9765889571224231, 0.5557879569171932, 0.992454388942465, 0.996800711384744, 0.9908780133063733, 0.9999215654239374, 0.9987000656019325, 0.9999340491104425, 0.949916244397636, 0.999566754372492, 0.99992665084869, -0.14705592099757184, 0.9999382200438921, 1.0, 0.9976096950944247, 0.39877581768906006, 0.9997892235567543, 0.9997904543388529, 0.9885388751041979, 0.9999225276541489, 0.34388750445180766, 0.6659722704631724, 0.9925048913055576, 0.983683698989599, 0.9853099701739036, 0.21941413851985878, -0.1899219961637122, 0.992081462215937, 0.9920914585967021, 0.16784508126536085, -0.2580822836946599, 0.9993439565235568, 0.9992292543123845, 0.34519379592823346, -0.3240105952977152, 0.9985008704262621, 0.9992685904208621, 0.9985274042581631, 0.3793900828416433, 0.9293082186017845, 0.999095818707573, 0.9293082186017845, 0.9107576716294936, 0.6251881670739635, 0.9167589046756383, 0.8882963248314137, 0.6866884816276455, 0.4179959267073407, -0.07387783258698014, -0.21204405925640396, 0.9233645471187394, 0.40901186753739466, 0.969205413830204, 0.9611091403232268, -0.09006112818837485, 0.8243694524121931, 0.7999151845436372, 0.8469228015691422, 0.793136065186602, 0.7626559110887224, 0.793136065186602, 0.7533125281085226, 0.7598447919673471, 0.7610128886040185, 0.7598447919673471, 0.8339769351292045, 0.3023249388561835, 0.5198803813078569, 0.6063619915441111, 0.5198803813078569, 0.5198839481887996, -0.36620070764755647, 0.4802221408673315, -0.6626290772260268, 0.3967814079586861, -0.13331413573680242, 0.36528835091874134, -0.13331413573680242, -0.1545278968291689, 0.8083058740873842, 0.8152908740022187, 0.805813186143328, 0.7352023796969654, 0.3987568364794667, 0.8118820317576316, 0.8141875144255929, 0.8118820317576316, 0.7193881321309671, 0.7193881321309671, -0.254122174072661, 0.6884703829223673, 0.2553187651889236, -0.5827549521784324, -0.6119750273541806, -0.6148483288573127, -0.10265269587297224, -0.009227160514587735, 0.3607415328858294, 0.09172331979776818, -0.41424031025106967, 0.10564259336829965, -0.8236485297280048, -0.11607231483070637, 0.03146577507033545, 0.032306188195627056, -0.5936886944046508, -0.6044534113156875, -0.046429327886177596, -0.5796053830127916, -0.8421884516719353, -0.3420757437229035, -0.16702807839506456, -0.3420757437229035, -0.27348755124173074, -0.3156019888020679, -0.3156019888020679, -0.8362560585588574, -0.8362560585588574, 0.3633139748319602, 0.5998880612726648, 0.4946278674947198, 0.8092322479314661, 0.7574573835904539, -0.3153086653631572, 0.057043946019360414, 0.7661132123517183, 0.7854707219948901, 0.7661132123517183, -0.14223848834419658], [0.9935114444150985, 0.9852319341722932, 0.5921671137785421, 0.9951017707239663, 0.9978303953503364, 0.9935114444150985, 0.9941142041282451, 0.9867202439648021, 0.9981053000403763, 0.9517037998582516, 0.9985336227979953, 0.994935052470931, -0.12273500812475761, 0.9974869544010907, 0.99760969509