var correlationClose = {"data": [{"type": "heatmap", "z": [[1.0, 0.9999825017322376, 0.5612797500930362, 0.9996977276408364, 0.9974174582496192, 1.0, 0.9906693739541321, 0.9861541136813721, 0.9913063298264109, 0.9728454591094295, 0.9814479108274498, 0.9907147139269212, -0.13533257336415394, 0.9907810749920096, 0.9908263779072757, 0.9934854497257346, 0.4690951381559132, 0.9918117877412994, 0.9917978714406948, 0.9836734938457529, 0.9907025954899202, 0.44503362787105677, 0.6576204200659828, 0.9774680522752721, 0.9774442351386056, 0.9582416050717988, 0.29959193976226917, -0.1247167794925227, 0.9898910272956423, 0.9898505300036181, 0.27206293422661326, -0.20719044094291442, 0.9936510677034395, 0.9945357097016618, 0.8075440338680738, -0.3921525868418091, 0.9871490773621943, 0.9942739688974498, 0.9941848778760412, 0.4516439460192266, 0.9938430396188513, 0.9938291702235239, 0.9938430396188513, 0.8904708371227861, 0.6750369984503414, 0.86395720342016, 0.8817596314286866, 0.7962386728843953, 0.39180318148819726, -0.12694600496714117, 0.19266724933350915, 0.9463181434861053, 0.4723098154515235, 0.977228598144209, 0.9713536928756364, 0.913094379106221, 0.9076126125709815, 0.9316840796477063, 0.9062714532712052, 0.9283639773083918, 0.9291805482809519, 0.9283639773083918, 0.8397887637071746, 0.9048204245801035, 0.9059760103572682, 0.9048204245801035, 0.8927591268401939, 0.7282907968522038, 0.8681482317614371, 0.8698288261472417, 0.8681482317614371, 0.6130694758850493, 0.3049200665523196, 0.5893771109954694, -0.5969651781716286, 0.48292335839575184, 0.5397098796790505, 0.5412067465892915, 0.5397098796790505, -0.09836645908319688, 0.8799461002892413, 0.9115280367739175, 0.8932409454283723, 0.9146073816254457, 0.46940537323199977, 0.8773436231410509, 0.8786176053424253, 0.8773436231410509, 0.8876093809598683, 0.8876093809598683, -0.16580963167191026, 0.5435418454446754, 0.19844081187470639, -0.5469417597729266, -0.5587369370400572, -0.5624947563425232, -0.030842891049479345, 0.05017175554106524, 0.2653066081239404, 0.14940218084812473, -0.365115476809537, 0.0633050219821198, -0.791544308084405, -0.20293805431692247, 0.11559709333390475, 0.11586839584007158, -0.5359961611142349, -0.6070537071939585, -0.2043149983659628, -0.4811715739842885, -0.8297643470938533, -0.34206858409202, -0.3330029169590293, -0.34206858409202, -0.18066135618484025, -0.24855524084739938, -0.24855524084739938, -0.8184129044080688, -0.8184129044080688, 0.4053838985991763, 0.6606979288446625, 0.8745515103808519, 0.8533558104073873, 0.7917105141847846, -0.23938649670188272, 0.7699159758136063, 0.8103762194477088, 0.8106184475930582, 0.8103762194477088, -0.23393236406560686], [0.9999825017322376, 1.0, 0.9682126924418198, 0.999189330562455, 0.9935260513286013, 0.9999825017322373, 0.9772478712251815, 0.9679460923944839, 0.9770208613085727, 0.9574272399488161, 0.9792489969804568, 0.9772971578069839, 0.9772553804929563, 0.9770661398194606, 0.9763137459709563, 0.9850575523190305, -0.24514619023235368, 0.982852737275298, 0.9828232678638562, 0.9773660393150602, 0.9773565513132596, -0.15640742001960725, 0.9669249152666125, 0.9701478841263536, 0.9702216808879031, 0.9584701094674452, 0.017429535717327138, 0.14598557283770666, 0.9754709036608319, 0.9755365594454145, 0.9710243676928227, 0.13143902251127249, 0.9871171808454241, 0.9872049354952243, 0.9879997655831303, 0.9795548305521325, 0.9854558013716662, 0.9871390673012901, 0.9878071664604995, -0.25194661362391335, 0.9880948380299086, 0.9880745941611843, 0.9880948380299086, 0.8906507164197646, 0.5618972223765559, 0.8646001727089041, 0.8822238467928835, 0.7955086418692302, -0.4442609745211805, -0.5503971828025431, 0.8338307677788384, 0.8590642552366554, -0.167474489956942, 0.9347191525868588, 0.9347875980923263, 0.9205824959638927, 0.9308720138443654, 0.9078094701920659, 0.9074744647617315, 0.9147459704302267, 0.9155104523736549, 0.9147459704302267, 0.7676744962224938, 0.7276058956195145, 0.729836458732398, 0.7276058956195145, 0.9250849958000198, 0.9303572468238241, 0.9248670117011674, 0.9261185005862743, 0.9248670117011674, 0.4341281945455141, 0.376562160058425, 0.49836357303262285, 0.6022207826926339, 0.4800095398727292, 0.5224266949642153, 0.5232260761275144, 0.5224266949642153, -0.21395838403059045, 0.8631580937407377, 0.9006633770766069, 0.8867206867339915, 0.9279446217675315, -0.05648269945456241, 0.8569118449811315, 0.8573205543375386, 0.8569118449811315, 0.8684928129107811, 0.8684928129107811, -0.2697781352104592, 0.543024676516463, -0.38073532351512657, -0.640741533394032, -0.46671878137270717, -0.4702060375075994, -0.298780092819645, 0.21619225310637477, -0.21080723227819892, -0.3848257646075043, -0.5744658483808052, -0.28082675731568607, -0.5009309229781307, -0.33446062868191684, 0.08969087060361604, 0.08465803562574498, -0.48652850360806066, -0.44123288369833813, -0.4692259868557633, -0.4987638300759586, -0.49126630075117006, -0.4715576661586427, -0.47482196664432597, -0.4715576661586427, -0.35806377328431754, -0.4942518994566469, -0.4942518994566469, -0.46836449973361005, -0.46836449973361005, 0.4052441958821296, 0.42004148738811675, 0.5219915537256626, 0.6056454559952464, 0.5809493593177615, -0.38527497975190467, 0.38943013177194025, 0.38037535557293767, 0.3804896988981028, 0.38037535557293767, 0.12168130744069156], [0.5612797500930362, 0.9682126924418198, 1.0, 0.5545729889271637, 0.43962892120954183, 0.5612797500930362, 0.5505062277416185, 0.5385292101291325, 0.445976246576783, 0.38493864810004197, 0.9966065605743066, 0.5505195291714909, 0.5166695076518745, 0.5508625378398573, 0.5530378911154878, 0.589571363161705, -0.09461073201211632, 0.4944432786367691, 0.49355830563281466, 0.44526773788607765, 0.5494384088183104, 0.20593112036589614, 0.6902579589427669, 0.5164497334952568, 0.5161612154085138, 0.9828160698729307, 0.2838796150136203, 0.17906663290475758, 0.5167392939782768, 0.5162321827726871, 0.7691610678399966, 0.007959690834137438, 0.548973421802403, 0.4453672749755306, 0.5378851402829109, 0.3655715303779588, 0.9938708890584628, 0.43203068079278467, 0.5516024893962118, -0.10061014840238769, 0.5649945901568948, 0.5470797640230664, 0.5649945901568948, 0.8970484971523678, 0.39133516175284166, 0.9044007643242606, 0.8697186446191816, 0.6513101339567089, 0.20124274915237986, -0.0058620346759539485, 0.05973289784269176, 0.416773831924816, -0.06835964186594519, 0.5086024026092151, 0.4401247359263641, -0.07721806143375151, 0.6792015181954911, 0.6367630244187494, 0.46984576138297746, 0.6429618433489189, 0.7093218411055087, 0.6429618433489189, 0.3145624064194833, 0.5363610881605949, 0.6391032350015138, 0.5363610881605949, 0.5483241327941967, 0.6175767820889898, 0.6567877041850488, 0.7307317138667861, 0.6567877041850488, 0.1914273471919579, -0.08284882006005281, 0.21113715813492784, 0.15326210806390453, 0.2104019351144129, 0.2638395524313124, 0.39024993054977447, 0.2638395524313124, -0.17088908426011212, 0.42466938911672103, 0.8003555945812796, 0.5104605119376223, 0.7260019460337611, 0.0950920135421184, 0.49345150570204804, 0.49371868384821094, 0.49345150570204804, 0.6236454588326992, 0.6236454588326992, -0.2939188978369409, 0.7180436327006013, -0.22955235339862273, -0.5283239738275295, -0.3820890127139331, -0.38585095832098604, -0.3876443738923335, 0.004634346222804156, 0.02532859072808732, -0.25191236520945537, -0.5113469551391688, -0.1315867177034814, -0.21731806556112865, -0.20347050280141424, -0.03433341273123784, -0.03806195161806125, -0.44199914510306637, 0.017517000924182444, -0.21410065245360685, -0.4771861488371539, -0.10429434801841522, -0.3510642624631573, -0.22675066048259995, -0.3510642624631573, -0.42854626696985787, -0.501406741661754, -0.501406741661754, -0.233345072961073, -0.233345072961073, 0.32920550003301446, 0.13096299452732865, 0.24062079159285893, 0.48635473158684706, 0.2102446846807, -0.29805297502352507, -0.038244565463072096, 0.445522385546331, 0.5610624309050738, 0.445522385546331, -0.03814027288519868], [0.9996977276408364, 0.999189330562455, 0.5545729889271637, 1.0, 0.9986011212135565, 0.9996977276408363, 0.9922975916385431, 0.9882664649678179, 0.9932981316356646, 0.9705889549548622, 0.9866399124581062, 0.9923305118057658, -0.1398525103973015, 0.9923684235683471, 0.992408836698015, 0.9950787611982119, 0.4549175390183004, 0.9932095046527437, 0.9931971952439029, 0.9841362007625487, 0.9923097494206157, 0.43619429436392293, 0.6609348090384327, 0.9804672305665116, 0.9804438590391507, 0.9691903193553728, 0.2945185514614511, -0.1321617087482965, 0.9896660552091834, 0.9896362092869295, 0.26350966593427305, -0.20810328003370213, 0.9944705127660097, 0.9956524649139248, 0.7662475407739827, -0.39804110036960466, 0.9909562949174374, 0.995635299173304, 0.9948242273684269, 0.4370894357051789, 0.9920037537923355, 0.9945477738270068, 0.9920037537923355, 0.8889993724581743, 0.6622319499299503, 0.8724907489698612, 0.8778566371081933, 0.7732043681132428, 0.3862036363202917, -0.1330548362524208, 0.18600762107488145, 0.9405129151314856, 0.45612637880306706, 0.9729186856679349, 0.968523564217396, 0.8883395111479926, 0.8982972934853016, 0.9163453137424945, 0.900987294110885, 0.9082602045474806, 0.9093942917626529, 0.9082602045474806, 0.8295273763273613, 0.8909461576023814, 0.8922179246978736, 0.8909461576023814, 0.8881337974840998, 0.6596543427726985, 0.8230236870705353, 0.8247546273465314, 0.8230236870705353, 0.6027213921654783, 0.09936378620611443, 0.5769975407711487, -0.6022462908644883, 0.47606158492813155, 0.2821072686765908, 0.5088078152165213, 0.2821072686765908, -0.10537894838323844, 0.8729059873810573, 0.9002834307260158, 0.8827519773196131, 0.88734566403972, 0.45609632792568816, 0.8713355662564307, 0.872785092101988, 0.8713355662564307, 0.8648354586635201, 0.8648354586635201, -0.17229329519379236, 0.5718089555009863, 0.20317604885593193, -0.5579216247934119, -0.5667594313013712, -0.5704231696163737, -0.043687419083423655, 0.04440771591086631, 0.2579912310308299, 0.13648206344826402, -0.3783058248350727, 0.056506471909605116, -0.7985405047688724, -0.211133528730883, 0.10411929429834098, 0.10443706400352362, -0.5437248697978717, -0.6039600923326965, -0.20623678434457646, -0.49393748103488244, -0.8323714776682509, -0.34405502222704076, -0.33555608141086257, -0.34405502222704076, -0.19042144882027032, -0.2590635238342558, -0.2590635238342558, -0.8188291598313414, -0.8188291598313414, 0.390914719111398, 0.6485612383003827, 0.8670159308049626, 0.84587886318465, 0.7843791796669768, -0.2532680833003886, 0.7610587799410263, 0.8018280105539705, 0.8020779513555764, 0.8018280105539705, -0.2185878390205231], [0.9974174582496192, 0.9935260513286013, 0.43962892120954183, 0.9986011212135565, 1.0, 0.9974174582496192, 0.9967089317915329, 0.9946796331834133, 0.9968953988531619, 0.9599197044905011, 0.9951710929360484, 0.9967276984396858, -0.3531069965844486, 0.9967589885297711, 0.9967775770151855, 0.9978171786027322, 0.26204243641844616, 0.9973139627216203, 0.9973069656144035, 0.985886724873414, 0.9967140890485672, 0.06594094576957125, 0.6186830652848156, 0.9903320581485274, 0.9902866283049189, 0.9837479848772409, 0.03698423339669297, -0.11809369009577532, 0.9879269122177915, 0.9878656496815902, -0.056515631345891756, -0.10656995776056134, 0.9976915699064621, 0.9976313159237516, 0.740737108298781, -0.5428405260700389, 0.9970576201128718, 0.9978735422675123, 0.9979718668964791, 0.23839217938911234, 0.9976521103087249, 0.9976514045513883, 0.9976521103087249, 0.9045209484759292, 0.6231909536180628, 0.89519975121631, 0.8814476435132114, 0.7384852762121781, -0.09625269034532656, -0.5776417950831014, -0.23788930861669033, 0.9256449188740657, 0.31227317414935046, 0.9663230703053434, 0.9664002216924791, 0.8815016022887323, 0.8748657494095925, 0.9007686299797073, 0.885326332261853, 0.8987776558804137, 0.8992477760586021, 0.8987776558804137, 0.7982571185472774, 0.8310782874818465, 0.8325851205846251, 0.8310782874818465, 0.874346100489635, 0.7633827918896054, 0.8540013598648613, 0.8550689916116013, 0.8540013598648613, 0.5523349479897911, 0.4151665039974703, 0.5350269892799374, -0.64993223389979, 0.5307761189819459, 0.5076870497720826, 0.5073124841919411, 0.5076870497720826, -0.12554611143442207, 0.8508638281777751, 0.8678686964517691, 0.8536645665123185, 0.8917293053682944, 0.3152143203444192, 0.8523984064595919, 0.8538114801455411, 0.8523984064595919, 0.8606777850235635, 0.8606777850235635, -0.21636550928291046, 0.6333824776211915, 0.057079554486392375, -0.5936522634874455, -0.6258295229312063, -0.6263030793384687, -0.08051533381344411, 0.06570670193637512, -0.1419893875764078, -0.11677185827832134, -0.46758513635182597, -0.3181670886231738, -0.8646404270725253, -0.5125269928683097, 0.069169825525489, 0.06931933749325336, -0.5751831465477009, -0.5953531620975716, -0.5075618015221518, -0.5383082408138834, -0.8009215066145606, -0.564585992519861, -0.5671705346309092, -0.564585992519861, -0.23545693664008685, -0.29871615938273693, -0.29871615938273693, -0.7669148753377891, -0.7669148753377891, 0.3693484025312777, 0.6265963338377554, 0.8161072141749155, 0.7904447004980067, 0.7711396054899983, -0.39362453504652917, 0.6102727532386443, 0.6925645658600823, 0.6929305835140785, 0.6925645658600823, 0.01796356941514126], [1.0, 0.9999825017322373, 0.5612797500930362, 0.9996977276408363, 0.9974174582496192, 1.0, 0.9906693739541321, 0.9861541136813721, 0.9913063298264109, 0.9728454591094295, 0.9814479108274498, 0.9907147139269212, -0.13533257336415394, 0.9907810749920096, 0.9908263779072757, 0.9934854497257346, 0.4690951381559132, 0.9918117877412994, 0.9917978714406948, 0.9836734938457529, 0.9907025954899202, 0.44503362787105677, 0.6576204200659828, 0.9774680522752721, 0.9774442351386056, 0.9582416050717988, 0.29959193976226917, -0.1247167794925227, 0.9898910272956423, 0.9898505300036181, 0.27206293422661326, -0.20719044094291442, 0.9936510677034395, 0.9945357097016618, 0.8075440338680738, -0.3921525868418091, 0.9871490773621943, 0.9942739688974498, 0.9941848778760412, 0.4516439460192266, 0.9938430396188513, 0.9938291702235239, 0.9938430396188513, 0.8904708371227861, 0.6750369984503414, 0.86395720342016, 0.8817596314286866, 0.7962386728843953, 0.39180318148819726, -0.12694600496714117, 0.19266724933350915, 0.9463181434861053, 0.4723098154515235, 0.977228598144209, 0.9713536928756364, 0.913094379106221, 0.9076126125709815, 0.9316840796477063, 0.9062714532712052, 0.9283639773083918, 0.9291805482809519, 0.9283639773083918, 0.8397887637071746, 0.9048204245801035, 0.9059760103572682, 0.9048204245801035, 0.8927591268401939, 0.7282907968522038, 0.8681482317614371, 0.8698288261472417, 0.8681482317614371, 0.6130694758850493, 0.3049200665523196, 0.5893771109954694, -0.5969651781716286, 0.48292335839575184, 0.5397098796790505, 0.5412067465892915, 0.5397098796790505, -0.09836645908319688, 0.8799461002892413, 0.9115280367739175, 0.8932409454283723, 0.9146073816254457, 0.46940537323199977, 0.8773436231410509, 0.8786176053424253, 0.8773436231410509, 0.8876093809598683, 0.8876093809598683, -0.16580963167191026, 0.5435418454446754, 0.19844081187470639, -0.5469417597729266, -0.5587369370400572, -0.5624947563425232, -0.030842891049479345, 0.05017175554106524, 0.2653066081239404, 0.14940218084812473, -0.365115476809537, 0.0633050219821198, -0.791544308084405, -0.20293805431692247, 0.11559709333390475, 0.11586839584007158, -0.5359961611142349, -0.6070537071939585, -0.2043149983659628, -0.4811715739842885, -0.8297643470938533, -0.34206858409202, -0.3330029169590293, -0.34206858409202, -0.18066135618484025, -0.24855524084739938, -0.24855524084739938, -0.8184129044080688, -0.8184129044080688, 0.4053838985991763, 0.6606979288446625, 0.8745515103808519, 0.8533558104073873, 0.7917105141847846, -0.23938649670188272, 0.7699159758136063, 0.8103762194477088, 0.8106184475930582, 0.8103762194477088, -0.23393236406560686], [0.9906693739541321, 0.9772478712251815, 0.5505062277416185, 0.9922975916385431, 0.9967089317915329, 0.9906693739541321, 1.0, 0.9971581272964507, 0.9999676566676754, 0.9507008362599099, 0.9995789949806608, 0.9999961127692107, -0.15339481771255736, 0.9999923389853348, 0.9999211711080717, 0.9940842617468859, 0.40462829991459737, 0.9998340985290453, 0.9998342298367912, 0.9883750166246786, 0.9999963139981246, 0.34169004146993615, 0.6620723972514536, 0.9841169347623046, 0.9842532655588305, 0.9851794408775851, 0.21536712668262462, -0.19159898872766995, 0.9922622851384028, 0.9919806506002152, 0.16241299424211578, -0.25873361782764986, 0.9992898696370367, 0.9993800733964513, 0.34374253618621314, -0.32974287051105905, 0.9986441820407178, 0.9992848088805776, 0.998235136990872, 0.3852410374395802, 0.9305187417793984, 0.9990164478473178, 0.9305187417793984, 0.9129407350104736, 0.6259169181702425, 0.9184887393753456, 0.8905863153444957, 0.6904253080186262, 0.4164090732144764, -0.07617412412009604, -0.21162608101744554, 0.9238508858804659, 0.4137756804865676, 0.9684828106233562, 0.9612201990818494, -0.08766144730465432, 0.8233411961485068, 0.798568200706062, 0.8455642021466823, 0.791691740664616, 0.7600144728129393, 0.791691740664616, 0.7532608561835865, 0.759526883617071, 0.7589943303814756, 0.759526883617071, 0.8318934727647538, 0.3007053864583242, 0.5185808082207983, 0.603575501927612, 0.5185808082207983, 0.519362981580615, -0.3630235747449327, 0.4800120081383678, -0.6657317750712236, 0.3963313782741915, -0.1318843696819311, 0.36358913018468136, -0.1318843696819311, -0.15018107082429694, 0.8071964411393182, 0.8145778339371765, 0.804595133241931, 0.7322812580011484, 0.40453956574964367, 0.8107753015741255, 0.8128298284600514, 0.8107753015741255, 0.7179772951533182, 0.7179772951533182, -0.2537075501248029, 0.6848443230160451, 0.25555132437645034, -0.5776785607713614, -0.6105502800329131, -0.6137234734189639, -0.09656751649895744, -0.008470433486518802, 0.3604191360702105, 0.0966821421535348, -0.4070577998857126, 0.10642800323923061, -0.8261528383402089, -0.11569810783877675, 0.0314559221088474, 0.03184140938795081, -0.5904247923775403, -0.6096631118544239, -0.04663644822219364, -0.5760673552977568, -0.8447483151450433, -0.3410931794147381, -0.1668953189806334, -0.3410931794147381, -0.27164770544188954, -0.3101475588257162, -0.3101475588257162, -0.8384671568116449, -0.8384671568116449, 0.36603574622035817, 0.6031075434994543, 0.49652937126181607, 0.8081770410276471, 0.7601391794971585, -0.31258673959199007, 0.05947292668871082, 0.7653659282774217, 0.7839770171462676, 0.7653659282774217, -0.1421963147833332], [0.9861541136813721, 0.9679460923944839, 0.5385292101291325, 0.9882664649678179, 0.9946796331834133, 0.9861541136813721, 0.9971581272964507, 1.0, 0.9994584840675216, 0.9421440605084132, 0.9982268407418197, 0.9979649537667921, -0.16298885240223507, 0.9989924450222796, 0.9986925678873702, 0.9866536711366987, 0.3825267476276071, 0.9990452952917241, 0.9990471080422886, 0.9854113731440618, 0.9991564287484028, 0.31412597214810306, 0.6610938011007411, 0.9917762614213372, 0.981884633923965, 0.9806115631037327, 0.19517094847101307, -0.20688408224542582, 0.9885554590304534, 0.9919705220260451, 0.14159688784585048, -0.2659331609846696, 0.9981226547748827, 0.9980165080776696, 0.32243732127689495, -0.3374149686091387, 0.9959746348390545, 0.9978340698049584, 0.9975754140800797, 0.36263697784521914, 0.9214878253992009, 0.9979570178423676, 0.9214878253992009, 0.9103611089328175, 0.6098657196349495, 0.9190505648494771, 0.886278691954736, 0.6622107150555823, 0.40277353314587216, -0.09217948338143733, -0.22558026817286497, 0.9144128809649755, 0.39250327063629187, 0.9636303636509173, 0.955498818720596, -0.09887426369816833, 0.8077888596119887, 0.7794301830869685, 0.8348518448402694, 0.7737891370361163, 0.7461210822402365, 0.7737891370361163, 0.7377649353858942, 0.7378239353940952, 0.7439059752172189, 0.7378239353940952, 0.8214545797998611, 0.27832206983932317, 0.49483074972323676, 0.5849560489306607, 0.49483074972323676, 0.5035166338419197, -0.37931080661889655, 0.4622828122902713, -0.6752808095459011, 0.3860222402686189, -0.15615994778409792, 0.34479108950386017, -0.15615994778409792, -0.15766574463671912, 0.7946246571402052, 0.794237259932688, 0.7880395055126165, 0.7156972174466827, 0.38712557502328854, 0.7988743746575565, 0.8011682410980686, 0.7988743746575565, 0.6970573767583264, 0.6970573767583264, -0.2712529322906024, 0.715853670357116, 0.26382221408951734, -0.5878979753599842, -0.6250304325257406, -0.6280023536857638, -0.1126008406217571, -0.01761230684775705, 0.3535179635627457, 0.07677455062681782, -0.42100870340295227, 0.09700147831492811, -0.8334928905686794, -0.12233067560338826, 0.014190378867381902, 0.014592893169473287, -0.6036330618874693, -0.6111403002320228, -0.053632458239301344, -0.5955094510497745, -0.8453876265164485, -0.3535080193900409, -0.1732881291785428, -0.3535080193900409, -0.29130600102930737, -0.3253840751423868, -0.3253840751423868, -0.8374836898888025, -0.8374836898888025, 0.3415979085297285, 0.584510009148999, 0.47651606433483873, 0.7894963881975978, 0.746321083607573, -0.3363446082003156, 0.04435810149617853, 0.7453980487559477, 0.7676939604580294, 0.7453980487559477, -0.12395712103323855], [0.9913063298264109, 0.9770208613085727, 0.445976246576783, 0.9932981316356646, 0.9968953988531619, 0.9913063298264109, 0.9999676566676754, 0.9994584840675216, 1.0, 0.9494411482768228, 0.9995236632074626, 0.9999685870805822, -0.32762411294902843, 0.9999731697369388, 0.9999337085063363, 0.9980997640007554, 0.29949655177539874, 0.9997743504288065, 0.9997749575834655, 0.9881597933606057, 0.9999655840341487, 0.11450108109336984, 0.6174213709013354, 0.9940356901985323, 0.9939792705030575, 0.9849577980995398, 0.019770960258061795, -0.13150381332547006, 0.9907995699827966, 0.9907653380093424, -0.03805142226337709, -0.21965518869564524, 0.9993083328921535, 0.9992673451851003, 0.7534707478957141, -0.5315760777073276, 0.9985515439659359, 0.9992649873841339, 0.999167060016405, 0.2765696201729472, 0.9991493500600165, 0.9991547240088923, 0.9991493500600165, 0.912968851225621, 0.6269621027320926, 0.9182726784187195, 0.8900799979461245, 0.6897374790560552, 0.011540708718159452, -0.5229846468109565, -0.18684858390680528, 0.9190456994947561, 0.3630715327447071, 0.9624515604873365, 0.9614850694384398, 0.8524581053022391, 0.8240875156151329, 0.8726799154078249, 0.8463664441508376, 0.8707463946163462, 0.8715135332922853, 0.8707463946163462, 0.7522600519230516, 0.8121721238101482, 0.8139190946327634, 0.8121721238101482, 0.8332552123609281, 0.7226745688224347, 0.8222117063133481, 0.8237343601299955, 0.8222117063133481, 0.5184156672470936, 0.3384461030494809, 0.4789431773654226, -0.6962891447280914, 0.45576867281841826, 0.4192190393269988, 0.4192321309542936, 0.4192190393269988, -0.10601844110855398, 0.8075750385024805, 0.8142920029127777, 0.8047257060530311, 0.8632940355195741, 0.3324612489762798, 0.8169089670525552, 0.8193736108141482, 0.8169089670525552, 0.8251734395012332, 0.8251734395012332, -0.25606786964403205, 0.6847702718147886, 0.0815468925727079, -0.5900917071339261, -0.6526805654513134, -0.6535558162630788, -0.10026013283973484, -0.006336557103067577, -0.14944883126678143, -0.08771712551425725, -0.4562613436058572, -0.34970133219494925, -0.8786572062061285, -0.5519742212057467, 0.030066145815534056, 0.030862569609479636, -0.5923929194920269, -0.6057275819240387, -0.5172739378136942, -0.5782944485732608, -0.8205965557965547, -0.5885072070790832, -0.590563258551065, -0.5885072070790832, -0.27418234482072684, -0.31382639905875426, -0.31382639905875426, -0.8003962650459332, -0.8003962650459332, 0.366497708535253, 0.6018460280327448, 0.8235479760305484, 0.8020300834591353, 0.7585069703598207, -0.3416170004176131, 0.6433934569427116, 0.7131315316369444, 0.7132968740072024, 0.7131315316369444, 0.10178064244382981], [0.9728454591094295, 0.9574272399488161, 0.38493864810004197, 0.9705889549548622, 0.9599197044905011, 0.9728454591094295, 0.9507008362599099, 0.9421440605084132, 0.9494411482768228, 1.0, 0.9219075154734704, 0.9507383142266186, -0.2702484322496823, 0.9503868570190084, 0.9496521521942973, 0.9514864858429907, 0.11017414497854032, 0.9564807531706017, 0.9564559987353652, 0.95088344394737, 0.9508745253915478, 0.04233631577463874, 0.6677290853219028, 0.9527042048861764, 0.9529223034028944, 0.8178304660495636, 0.11959497445477754, -0.11341271085255886, 0.9593168618259555, 0.9594529695181692, 0.10523113182610101, 0.049622990010451284, 0.9608765043411787, 0.9611614477667029, 0.8498441673575827, -0.45794687611552193, 0.9340224654031434, 0.9600404006635423, 0.9615212665369424, 0.0872995571142831, 0.9622795193478645, 0.9622425563038389, 0.9622795193478645, 0.7812885847765026, 0.4228676816684854, 0.738372077417561, 0.8592698822233341, 0.8347352557255759, -0.5537286769385364, -0.6854411349179629, -0.3078536067518755, 0.8673690774113187, 0.08302793289385352, 0.9008274927148411, 0.9008742720198859, 0.8568016594068025, 0.8502854284358404, 0.8829601769765991, 0.8599733760762941, 0.8747298754019178, 0.8755819879660751, 0.8747298754019178, 0.7985572351268077, 0.7767041757255746, 0.778858287045712, 0.7767041757255746, 0.8518877512690836, 0.8724647570263252, 0.850000229101259, 0.8508114103073117, 0.850000229101259, 0.619412254433014, 0.5391231153426946, 0.6206975524879762, -0.4184300509267626, 0.6411354240086604, 0.6625199233807295, 0.6656592007732903, 0.6625199233807295, -0.2622462642348255, 0.8568868293864211, 0.9185256811244252, 0.8752470484232633, 0.8735178676913306, 0.21009255964194973, 0.8487599400591859, 0.8501405005538435, 0.8487599400591859, 0.8607701294784773, 0.8607701294784773, 0.010617954742404118, 0.27731576581783723, -0.0858797603455977, -0.4956888892307643, -0.3960923367907191, -0.3980766485979308, 0.06865701032080775, 0.38319575037293446, 0.10423249337875243, -0.020090731854696436, -0.3404950792769678, 0.011819374096405022, -0.8122761964305502, -0.14995594576801005, 0.27209100285266086, 0.27105365094753847, -0.35416746274139815, -0.4384864392466406, -0.3082235267371298, -0.31317495741825363, -0.6864951245838204, -0.3296765172462155, -0.331656832480194, -0.3296765172462155, -0.06103712927671267, -0.3466965796478567, -0.3466965796478567, -0.5380165426923482, -0.5380165426923482, 0.5764506501875823, 0.6744990222716258, 0.7609791700172284, 0.6705418581743354, 0.8393640042675112, -0.4385415693465847, 0.3887096596844869, 0.5653712287117696, 0.5656637991337616, 0.5653712287117696, -0.227463914970072], [0.9814479108274498, 0.9792489969804568, 0.9966065605743066, 0.9866399124581062, 0.9951710929360484, 0.9814479108274498, 0.9995789949806608, 0.9982268407418197, 0.9995236632074626, 0.9219075154734704, 1.0, 0.9995758256669021, 0.9995721345021782, 0.9995250863584808, 0.9995618855588029, 0.998517639449168, -0.3650189794635837, 0.9997269210531728, 0.9997310188003029, 0.9995837301573564, 0.9995835631865342, -0.278978419213176, 0.9605728403256555, 0.992197041666417, 0.992169520228107, 0.9883124114117295, -0.003948493653027287, 0.07307867296089887, 0.9892806785610989, 0.9893406857612101, 0.9714539232492108, 0.0017536263044020926, 0.9986790755685778, 0.9986232042540137, 0.9984204841858275, 0.9992354469547465, 0.9991778267039234, 0.998672200444535, 0.9984491087650451, -0.37567299760768913, 0.9983620982196488, 0.9983733556436264, 0.9983620982196488, 0.9066776844314073, 0.4872316673162652, 0.9139317889176487, 0.8881064382703961, 0.6914029159380213, -0.5418429728910164, -0.6622749894345655, 0.7966265368314885, 0.8069675678115666, -0.28175365935644386, 0.9213626821958631, 0.9215534261125501, 0.8484753573916648, 0.8585701271344153, 0.8240627944241353, 0.8268485250375199, 0.8335363419715619, 0.8345160131734307, 0.8335363419715619, 0.6525163172875373, 0.606416255958655, 0.6090726528013282, 0.606416255958655, 0.8597914489951692, 0.8692167301690857, 0.8581573867189667, 0.8596898278511178, 0.8581573867189667, 0.2983050749812009, 0.2294995682567199, 0.3582355377143951, 0.4818910074354339, 0.3500903111005405, 0.40055675670491114, 0.40319666334210397, 0.40055675670491114, -0.4126826458159279, 0.7663428913019085, 0.8187749377494108, 0.7979404895792871, 0.8575768881662592, -0.11524562284310777, 0.7587890019688948, 0.7593424919036763, 0.7587890019688948, 0.7737637690123381, 0.7737637690123381, -0.3179067253481593, 0.675917050484434, -0.39986834160523654, -0.6818062356807987, -0.5478774897019529, -0.5502033676253587, -0.36148171597246, 0.14678274159416718, -0.2699213415174184, -0.4365384909057094, -0.624296940703987, -0.34532844859062056, -0.6259652946705817, -0.41095249508709014, 0.01663067033081777, 0.012593873345633003, -0.5633058698729148, -0.5277078964352041, -0.5462174759227645, -0.5802824024294091, -0.574601411383182, -0.5496448560981301, -0.5526068784430126, -0.5496448560981301, -0.4407330298614566, -0.6027312785695084, -0.6027312785695084, -0.6056390096145634, -0.6056390096145634, 0.3616627077263661, 0.3590780162280745, 0.4709170146985781, 0.5550702748497577, 0.5535670315460773, -0.5484719495056517, 0.30058784760633217, 0.32003230615109335, 0.3202192002296336, 0.32003230615109335, 0.23008087457003062], [0.9907147139269212, 0.9772971578069839, 0.5505195291714909, 0.9923305118057658, 0.9967276984396858, 0.9907147139269212, 0.9999961127692107, 0.9979649537667921, 0.9999685870805822, 0.9507383142266186, 0.9995758256669021, 1.0, -0.1530599579371263, 0.9999942531430206, 0.9999262956099378, 0.9949080154426504, 0.4047312751171915, 0.9998355721480529, 0.999835677672582, 0.9884207330114825, 0.999996970503977, 0.34202775583360306, 0.6621398572502106, 0.9896032693355777, 0.9842412494834399, 0.9851591748588319, 0.21564821191716488, -0.19154691609130153, 0.9922620862058162, 0.9919946769286069, 0.16266004123323027, -0.25870762350151083, 0.9992924908550797, 0.9993850785258263, 0.3437103305145116, -0.3295219482886664, 0.9986464377901018, 0.9992939321149187, 0.9982394092019455, 0.38535106676609693, 0.9305002345442335, 0.9990197848603559, 0.9305002345442335, 0.9129856581753883, 0.6260872352985735, 0.918743838307788, 0.8908333113205276, 0.6905938488486815, 0.4168256162897815, -0.07569688455849685, -0.21124092901244662, 0.9239429734864494, 0.413879382756267, 0.9685846411888147, 0.9612975271146741, -0.08746357716329137, 0.82349862854008, 0.7986785293187243, 0.8456821480921082, 0.7917994079535319, 0.7599512634695393, 0.7917994079535319, 0.7533336614788246, 0.7595896374163299, 0.7589261149186772, 0.7595896374163299, 0.8320535578324609, 0.30056606885401255, 0.5185879214420668, 0.6034797119821532, 0.5185879214420668, 0.5192971587148261, -0.3630476746616448, 0.47995851321604827, -0.6656257420408945, 0.3962046946914475, -0.13202164420601883, 0.3636283967306164, -0.13202164420601883, -0.1503348534909037, 0.8072655850061933, 0.8147161717006965, 0.8046898432501072, 0.7322719694664394, 0.4046523739627931, 0.8108595783763535, 0.812909436863958, 0.8108595783763535, 0.7180560889131902, 0.7180560889131902, -0.25370307511985646, 0.68485035472267, 0.25567386856210506, -0.5776697534900692, -0.6104634472329417, -0.6136426216654075, -0.09664534087788228, -0.008631575234579757, 0.36060175716870324, 0.09672018576551747, -0.40707664156902923, 0.10670332148218799, -0.8258731146102429, -0.11539036411347146, 0.0314872642906737, 0.03188932695298107, -0.5904133470281243, -0.6094831712122679, -0.046370854469047096, -0.5760496014977646, -0.8446381567708944, -0.3408507585611145, -0.16667410513578532, -0.3408507585611145, -0.2715007081522642, -0.3101016957404784, -0.3101016957404784, -0.8384151040250437, -0.8384151040250437, 0.36657297474839823, 0.6032762032072508, 0.4967915374830481, 0.8084524314306993, 0.7602442419399718, -0.31234572860537346, 0.059769421376953166, 0.7656327503476501, 0.7841043455368675, 0.7656327503476501, -0.14222267723249385], [-0.13533257336415394, 0.9772553804929563, 0.5166695076518745, -0.1398525103973015, -0.3531069965844486, -0.13533257336415394, -0.15339481771255736, -0.16298885240223507, -0.32762411294902843, -0.2702484322496823, 0.9995721345021782, -0.1530599579371263, 1.0, -0.15242677619976894, -0.1487228616325083, -0.12440035176309747, -0.2921821175583049, -0.15388761639952328, -0.15434482800366833, -0.27660551658401195, -0.15392962343856725, 0.024673121475636113, 0.30892976052284216, -0.18800825897353712, -0.1883474445451735, 0.9851376572083496, 0.24694367129542852, 0.18631545421262802, -0.18891372116658955, -0.18953356019645015, 0.5368200320858886, 0.12054420989077433, -0.150976450039593, -0.31219566741430144, 0.16543022551713676, 0.9605663820272844, 0.9986444481287597, -0.3444597345128209, -0.14608307364167972, -0.28203047112623514, -0.15133075164267773, -0.1521418310310858, -0.15133075164267773, 0.9130619552354362, -0.1188135569458278, 0.918711611545859, 0.8907707124291241, 0.6905767249653474, 0.08401856854323504, 0.2559102217392089, 0.6445917303269363, -0.2695201072291916, -0.29643105969733324, -0.06810967003680213, -0.3054599982474799, 0.026749988142700486, 0.26690887010728914, -0.0225570718513082, -0.31082107446969887, -0.02046676503741918, -0.010346545507676356, -0.02046676503741918, -0.41927468468005236, -0.10815949494642313, -0.11026399648473598, -0.10815949494642313, -0.209309859732779, 0.06983505026726734, 0.04589704219853058, 0.0458828117039412, 0.04589704219853058, -0.4135086779361317, 0.007093970923952074, -0.37715624898890693, 0.6226575101802138, -0.34608500001589315, 0.008349252095751162, -0.06106330632251301, 0.008349252095751162, -0.3062398084827945, -0.345271476637342, 0.8146939886271435, -0.12765112020623112, 0.013220593904638119, -0.21878366535865504, -0.26656942775467696, -0.2659481892818382, -0.26656942775467696, -0.028607444323383472, -0.028607444323383472, -0.2324917506043749, 0.684774033842734, -0.16217703506635375, -0.01421248671454318, 0.19999228876715996, 0.19853483290133395, -0.25098586796338135, -0.010203818465526508, 0.02002667066719663, -0.17287577545200888, -0.10899455678996325, 0.04265119003914082, 0.38825351921093415, 0.11573084084780315, -0.04135522045784295, -0.04527375902025719, 0.08790858696328185, 0.5722403600115983, 0.09379136429264058, -0.18875901182033292, 0.6163725579708738, 0.09842026521840196, 0.10625729833460533, 0.09842026521840196, -0.2373590524430155, -0.19561924294540506, -0.19561924294540506, 0.32579624507956917, 0.32579624507956917, 0.36668262510176486, -0.2533988261439779, 0.016174427410643868, 0.09025266451285714, -0.2512296485622013, 0.07454459794561963, 0.1532337612460066, 0.1042165267372764, 0.10414928470765902, 0.1042165267372764, 0.12669262707543932], [0.9907810749920096, 0.9770661398194606, 0.5508625378398573, 0.9923684235683471, 0.9967589885297711, 0.9907810749920096, 0.9999923389853348, 0.9989924450222796, 0.9999731697369388, 0.9503868570190084, 0.9995250863584808, 0.9999942531430206, -0.15242677619976894, 1.0, 0.9999379704694298, 0.9974750626453955, 0.40485384092957294, 0.9998386822628522, 0.9998387000070597, 0.9885850176367522, 0.9999942659010489, 0.34272630385452924, 0.6619759534927714, 0.9931446033365968, 0.993030312934593, 0.9850325999494609, 0.21594363913034126, -0.19159368955415765, 0.9930074803219139, 0.9930538069133313, 0.16346818534094995, -0.25853532804801205, 0.9993435834867286, 0.9993843208665001, 0.3426299362203428, -0.32864583272516956, 0.9985821033598586, 0.9992973102960853, 0.9985472517194163, 0.38549933406382836, 0.9299730492466148, 0.9990767747744169, 0.9299730492466148, 0.9132746842100746, 0.6268420592196855, 0.9191158981571411, 0.8912103201401724, 0.6902719560092446, 0.4182603795853772, -0.07405248998730037, -0.21144613090409922, 0.9243529657401578, 0.4141784896238787, 0.9690125843048443, 0.9616746705056456, -0.08850746762240488, 0.8237770780783662, 0.7985969569719265, 0.8459463109982225, 0.7917596989531389, 0.7595541223003386, 0.7917596989531389, 0.7535279067832364, 0.7595436607648466, 0.759353415744813, 0.7595436607648466, 0.8324086741288481, 0.29986551105435805, 0.5180584837477081, 0.6035136953460012, 0.5180584837477081, 0.5191197307432411, -0.3642491743014671, 0.47985131933843433, -0.6657814560015272, 0.395796767036635, -0.133054025270011, 0.3632703644658075, -0.133054025270011, -0.15027701596531987, 0.8074005197882989, 0.8142871671616969, 0.8047806857212981, 0.7222005287199038, 0.4050548671272089, 0.8109858346452802, 0.813024741381043, 0.8109858346452802, 0.7178571612126259, 0.7178571612126259, -0.2554108140254245, 0.6857879015622955, 0.2561939676767383, -0.5776442563566258, -0.6108602644896001, -0.6140442387750158, -0.09785591424318414, -0.00993250007729486, 0.3609084684819559, 0.09625404197715333, -0.407351018117947, 0.10677987033105638, -0.8249730804785583, -0.1152309251512144, 0.030399978547564297, 0.030796985734263958, -0.5910763996346174, -0.6097952758562257, -0.04577557035215245, -0.5774709990795692, -0.8446255059885035, -0.34078591999746827, -0.16610186558646867, -0.34078591999746827, -0.2725442339245733, -0.3105952011687165, -0.3105952011687165, -0.8387710733420894, -0.8387710733420894, 0.36674607135297216, 0.6029542462636684, 0.4962265566523601, 0.8089094274634125, 0.7596798769349887, -0.3118488458355977, 0.059075075425477956, 0.7660385497559966, 0.7847167216711995, 0.7660385497559966, -0.14189002535630357], [0.9908263779072757, 0.9763137459709563, 0.5530378911154878, 0.992408836698015, 0.9967775770151855, 0.9908263779072757, 0.9999211711080717, 0.9986925678873702, 0.9999337085063363, 0.9496521521942973, 0.9995618855588029, 0.9999262956099378, -0.1487228616325083, 0.9999379704694298, 1.0, 0.9975968818856328, 0.4038089899986552, 0.9997881321063089, 0.9997893705921179, 0.9884948650538687, 0.9999221936520691, 0.3434251023967576, 0.6635333211472491, 0.9924664072616654, 0.983589649256419, 0.9850608693533758, 0.21692499191711656, -0.19071285265908142, 0.9921194103880506, 0.9921298672284982, 0.16626404060471267, -0.25926900471775566, 0.9993439436229886, 0.9992285686885781, 0.3424886399816654, -0.32442173203482577, 0.9984866680619425, 0.9992652356532108, 0.9985230059013201, 0.3844834848844649, 0.9288949896107518, 0.9990957432899368, 0.9288949896107518, 0.9117328457618311, 0.6268568568942151, 0.9175540702813769, 0.8893731857257199, 0.6872723826459513, 0.41889117578599117, -0.07224453777997585, -0.21206420071679705, 0.9236310393977768, 0.41208980847143895, 0.9692948249858152, 0.9611526109163889, -0.09141414038179738, 0.8225874311909401, 0.7988636081069407, 0.8457572543092908, 0.7920221672698108, 0.7617900124530556, 0.7920221672698108, 0.7517011191144336, 0.7589453831629636, 0.7604463364029126, 0.7589453831629636, 0.8325774838957314, 0.2998838947784207, 0.517745902840365, 0.6049306082662549, 0.517745902840365, 0.5178656362576137, -0.36661278539662767, 0.47805281405490585, -0.6633869048319447, 0.39420515720423854, -0.13412798239076132, 0.3635666644409913, -0.13412798239076132, -0.15370478972931745, 0.806890199786646, 0.8132657937320615, 0.804028250122696, 0.7342187576386666, 0.4052829315703115, 0.8106045498906586, 0.8129293370906949, 0.8106045498906586, 0.7179569717453226, 0.7179569717453226, -0.2558533947722516, 0.6870748320061825, 0.2560260784909691, -0.578900935387095, -0.6108826457923191, -0.6138181471660464, -0.10000757489127836, -0.011511193855788955, 0.3620699869546286, 0.09556397260588916, -0.4086135063612851, 0.10763322600589632, -0.8234513962552534, -0.11390553633184178, 0.029525437232575263, 0.030312577341819705, -0.5923907441623336, -0.6049309549410173, -0.04414800162334028, -0.5784160491056999, -0.8424081099975632, -0.3400588203365503, -0.1647914742113063, -0.3400588203365503, -0.27282338981335014, -0.313464005965317, -0.313464005965317, -0.836558389957986, -0.836558389957986, 0.36408041984924683, 0.6005775887831543, 0.49425559367765626, 0.8095765577870044, 0.757899889174264, -0.3129057520599177, 0.05698956420846393, 0.7666748381562801, 0.7860008991854279, 0.7666748381562801, -0.14126787574605407], [0.9934854497257346, 0.9850575523190305, 0.589571363161705, 0.9950787611982119, 0.9978171786027322, 0.9934854497257346, 0.9940842617468859, 0.9866536711366987, 0.9980997640007554, 0.9514864858429907, 0.998517639449168, 0.9949080154426504,