var element=document.getElementById("correlationClose");if(element.style.display!='none'){var correlationClose={"data":[{"type":"heatmap","z":[[1.0,0.9999894467574543,0.6811751861401456,0.9997416318744153,0.9981061999327847,1.0,0.9926979547922584,0.9893466630186573,0.9893466630186573,0.9932642008074467,0.9773815139299935,0.9872133345484486,0.9927341486820674,0.9931097253387716,0.9927804975059221,0.7608385511822905,0.6842758090517884,0.27287446690268796,0.9935472306199816,0.9935401823941243,0.9856958023604877,0.9927259543577296,0.3928260044086575,0.7526706814417476,0.9826693554898209,0.9826693554898209,0.9826506458125134,0.9758921983631433,0.3107635047640368,-0.13563261354438402,0.9895633012736225,0.9895292814218076,0.26220164368648846,-0.2105926744884721,0.9948249136678896,0.9952986115461094,0.8544189597780577,-0.3543228780198561,0.9906898043007538,0.9952867533191035,0.7432056280074155,0.25344149291202583,0.9949542890545029,0.9949486442942225,0.9949542890545029,0.8987664534868551,0.6533074579817243,0.9190106214706654,0.9237236322223299,0.8380606018045137,0.3777246863217987,-0.1799249650430644,0.21482046629020474,0.9497265618807369,0.3769515481263174,0.9752678223496234,0.9714629479213243,0.9810179451807101,0.9897184098018464,0.9339298261023145,0.9421600603219523,0.9472301055874469,0.9339424713928144,0.944497562215074,0.9451186160497741,0.944497562215074,0.8908067233920433,0.9251997390941287,0.9260774887484413,0.9251997390941287,0.9273694189154255,0.7988683750478426,0.9005210631947479,0.9017685166773333,0.9005210631947479,0.7160883647955744,0.3993146919796368,0.7033188030351821,-0.5411848285892298,0.6086181415631577,0.6263757847142727,0.6269409336135223,0.6263757847142727,-0.09065843884074615,0.9155599893758075,0.9458817320226773,0.9310092074422339,0.9353161147633119,0.2654806561568851,0.9104744526049133,0.911115531339061,0.9104744526049133,0.914621788742415,0.914621788742415,-0.09305373630113747,0.5945511011095509,0.1527702777134621,-0.6896773470789415,-0.5913912526204929,-0.5952942774637128,-0.13713296736097222,0.13328537589516903,0.20338116739014894,0.0010114363789621038,-0.5609150806353478,-0.022493412485271706,-0.7972665823382944,-0.29155758599643766,0.16425081904616015,0.16588685041626172,-0.5734121997597637,-0.5761255028202057,-0.28028708497354526,-0.5156023290171259,-0.8149376560019488,-0.408706855255661,-0.4009746791437288,-0.408706855255661,-0.22743549249620545,-0.34619028727561213,-0.34619028727561213,-0.8029600707825323,-0.8029600707825323,0.41451385886174696,0.6303661042478491,0.852345601279479,0.8403275299129356,0.7560531272619102,-0.3346529861044632,0.7472544232527013,0.7774101740458248,0.7776475005518767,0.7774101740458248,-0.1826364846904183],[0.9999894467574543,1.0,0.9813820723157205,0.9995000872967753,0.9959695166111846,0.9999894467574542,0.9850489894291676,0.9797155937073336,0.9797155937073336,0.9849412175050545,0.9727632817667308,0.9860512759356603,0.9850953323197992,0.9850389567439016,0.9849413309368947,0.13161621564340373,0.03938412897077854,-0.4423206480980975,0.9884081544324328,0.9884023991768847,0.9851425767120505,0.9851445894349008,-0.16735467083297356,0.9802407977758136,0.9802330627191492,0.9802330627191492,0.9802693423497821,0.976060247235124,0.08832864475488683,0.11210050079199041,0.9827231744113994,0.9827756521921791,0.7846643780331136,0.0863076670377555,0.9908040119687133,0.9908456778519676,0.9913503193480463,0.9861191857531508,0.9898018518662566,0.9908426638607817,0.08369173825997996,-0.44700333585655644,0.9914217734297265,0.9914181085584988,0.9914217734297265,0.8985677781394489,0.49978484801263895,0.9191531712032812,0.9237090208118689,0.837563664038035,-0.2802580639047702,-0.4851123109961227,0.844673246495969,0.8873744502655805,-0.25578062818420366,0.9404031050191574,0.9405388756700828,0.9608380211328635,0.9783631773812619,0.953490564714757,0.959174846425075,0.9449037595028906,0.9459684405904535,0.9482746036239671,0.9486349754375212,0.9482746036239671,0.8653199944852792,0.8401126246481778,0.8415749015534667,0.8401126246481778,0.9555795974805047,0.9585491836732474,0.9555059331839713,0.9562338915211352,0.9555059331839713,0.6471340315454239,0.5990772431268738,0.6845458766477791,0.7545410347034096,0.6677313980368609,0.6902890756488351,0.6912421983944262,0.6902890756488351,-0.13703493276949405,0.9209336160803444,0.9417181345903181,0.93461530992663,0.958274182921283,-0.3016449634502545,0.9174998660971019,0.9176442026633694,0.9174998660971019,0.9238455396759088,0.9238455396759088,-0.17846632323281783,0.5946530007031071,-0.36910596812304086,-0.7832572903964383,-0.459684017055942,-0.4635617416995629,-0.38313042281662985,0.27544214678491824,-0.2624609696791207,-0.49615083022461415,-0.7353525198793668,-0.35605674618421024,-0.47519797298809274,-0.4192786032684973,0.1340593585054847,0.13141998698666585,-0.4871429074306978,-0.45352234319615864,-0.48205199041461766,-0.5136136097106192,-0.5057258898497499,-0.48454830012071637,-0.48779733001206327,-0.48454830012071637,-0.3674728807130217,-0.5370409556791222,-0.5370409556791222,-0.504900123198425,-0.504900123198425,0.4143861988756626,0.3683319476501471,0.4979006004883256,0.6060582675647118,0.5255028977921201,-0.44051404052649,0.37699295123952314,0.3145143024248224,0.3146956029842223,0.3145143024248224,0.17795699915282684],[0.6811751861401456,0.9813820723157205,1.0,0.678192102870933,0.6150810535827563,0.6811751861401456,0.6614640303169529,0.6539735702282419,0.6539735702282419,0.6089811949351841,0.5736815606989089,0.9950870147371689,0.6614956533718107,0.6564434846981249,0.6616432673499425,0.40778372688621606,0.3757988151483228,-0.2134611467499179,0.6250297946476945,0.6244827627934129,0.5924521932591101,0.6607176025186584,0.175278054085033,0.7981509439503669,0.64144378162442,0.64144378162442,0.6412223217929854,0.988333153719107,0.28915315469367203,0.10756651148602947,0.6192716192154211,0.6189090032897264,0.6510737670505276,-0.03615049298272202,0.6572108671185636,0.6025328942438024,0.6227325422648138,0.2950049431581988,0.9933756011193832,0.5985990529136218,0.3937475246453789,-0.22270165883050844,0.6741221997560954,0.6553616946652525,0.6741221997560954,0.8957118000620016,0.40910464475602454,0.9341610121225893,0.9135965917345057,0.7410251102086656,0.22309798549961904,-0.07079916587830554,0.05174564033619267,0.5476865090257392,-0.08524439833833221,0.6026231410915072,0.5737196183204833,0.5939697396283132,0.558131970778356,0.011787391510628574,0.8057246650820472,0.7403204517908376,0.6585761237128144,0.746007507141302,0.7689728765313053,0.746007507141302,0.5531042628095767,0.6578241176047626,0.7083198068927562,0.6578241176047626,0.7123560794399354,0.6845918564398733,0.7356889702403873,0.7779444112612303,0.7356889702403873,0.43927196305411276,-0.08568892443547475,0.4548095130452295,0.09426752162236358,0.43288295809356586,0.2650123069280457,0.5045478596007732,0.2650123069280457,-0.14483809724452534,0.6334138706052411,0.8881805747948367,0.7009140191373894,0.7792421435723537,-0.07141618491087598,0.6702752063880633,0.6702139454597315,0.6702752063880633,0.7298617325354274,0.7298617325354274,-0.1949354104586701,0.7036102718350271,-0.18267572409608576,-0.7056298758460126,-0.4437146220115773,-0.4476797221712402,-0.42835241151992265,0.10707885812160668,0.020200329309981495,-0.3415270162400326,-0.6856431255335019,-0.1741831217419483,-0.3269575974809846,-0.2780549329872837,0.046464289195528245,0.04509699941045767,-0.4926924112576793,-0.07077307396531901,-0.2638292933272885,-0.5136893733900996,-0.21234962894581075,-0.41000729983107187,-0.2920768629825299,-0.41000729983107187,-0.4226274633273671,-0.5456586711772442,-0.5456586711772442,-0.3118703699927268,-0.3118703699927268,0.36084382546257826,0.2032460228143695,0.2901540164560933,0.5260295545730266,0.29395526113322457,-0.38795290475896055,-0.00925852359404721,0.45972632560170296,0.5594668922479288,0.45972632560170296,-0.0059907377985653045],[0.9997416318744153,0.9995000872967753,0.678192102870933,1.0,0.998959367206355,0.9997416318744151,0.9938825956855986,0.9909660869003364,0.9909660869003364,0.9946604755828221,0.9756313351573905,0.9903369202229291,0.9939092611045056,0.9945616391262478,0.9939329232819771,0.7600776690621708,0.6831125310306884,0.258446637326131,0.9945544570741975,0.994549790805526,0.9857796606810593,0.9938940768989452,0.38434138954625063,0.7568619083579949,0.9850821810248271,0.9850821810248271,0.9850629271199265,0.9817298705374173,0.30657284900255893,-0.14161958592322405,0.9888727419371057,0.9888467678050843,0.2543977570949981,-0.2108605464507389,0.9953097679206423,0.9959837713708027,0.8223975430259356,-0.35860485946557363,0.9929409549120799,0.9961849755141658,0.7417905118981848,0.2387356735171349,0.9934077232657904,0.9953486134877513,0.9934077232657904,0.8966068132288979,0.6414732784265132,0.9223140730712829,0.9208494208641446,0.8221548648141942,0.3730257679685883,-0.184616639731959,0.20972173958437004,0.9445841376678699,0.3615633791354165,0.9709449301941913,0.9686965106031901,0.9789389221278996,0.98957580864408,0.9158802780885559,0.9368883339064163,0.9363176784673295,0.9307549333893287,0.9302205535818707,0.9310519561348105,0.9302205535818707,0.8841932505493676,0.9149085588673008,0.91586379457996,0.9149085588673008,0.9246284785986667,0.7472763417308709,0.8671974568497273,0.8684798905588829,0.8671974568497273,0.7093558405433764,0.16086071843556413,0.6951056317544284,-0.5457613914571023,0.6046135035053148,0.3628468048551319,0.5992149241378772,0.3628468048551319,-0.09654109330546125,0.9113632540349735,0.940075586970888,0.924841885780881,0.915426864039977,0.25170060007861406,0.9069401217375629,0.9077020291628988,0.9069401217375629,0.8983136194687851,0.8983136194687851,-0.09744103613199297,0.6130040601701198,0.15765715874254532,-0.6986815957580953,-0.5977001710572118,-0.6015234407021437,-0.14841739677646817,0.1291151736146376,0.19701794118551963,-0.011455953512663512,-0.5718798057031287,-0.02820906609414461,-0.8023974096415195,-0.2987132668220562,0.15500156660062395,0.15669465000625477,-0.5794887429075695,-0.5727541616609927,-0.2808834458891016,-0.5250973003816903,-0.8160797840644821,-0.4095602136927813,-0.40237618825003935,-0.4095602136927813,-0.23514658522656462,-0.35490084430631347,-0.35490084430631347,-0.802262901974517,-0.802262901974517,0.4056401337806426,0.6195786842411661,0.8445880520338302,0.8328349591826238,0.749147776352097,-0.34664981823307595,0.7384634047686304,0.768712739278214,0.7689547371812179,0.768712739278214,-0.16803345566462796],[0.9981061999327847,0.9959695166111846,0.6150810535827563,0.998959367206355,1.0,0.9981061999327847,0.99726587886742,0.9959069942589364,0.9959069942589364,0.9974735335517129,0.9689801050568495,0.9964471764133425,0.9972851257137502,0.9973562624736924,0.9973077527651659,0.6629175809988649,0.5605663880700092,0.05210321402798495,0.9976944337219967,0.9976937667548798,0.9879394009788782,0.997273232764539,0.028024631319209622,0.7406527523511489,0.9926850894344278,0.9926850894344278,0.9926473563594093,0.990525161795541,0.08194952409271428,-0.1250816327536325,0.9874815926032339,0.9874177275852878,-0.03839992269927002,-0.11424390416280857,0.997770740278661,0.9977003686789114,0.8157377833024961,-0.47584352381414763,0.9976089512850663,0.9980240948417108,0.632440469587613,0.027947010056485797,0.997716297514923,0.9977204863573931,0.997716297514923,0.9098331343065862,0.6072967172956204,0.9330879228954629,0.9214783270272224,0.7998840888353295,-0.07541891575611624,-0.5863549318070226,-0.17133958377787228,0.9348972853300596,0.21612521748956762,0.967729669043398,0.9677722326584781,0.9817373383698741,0.9901601202095724,0.915048740409868,0.9202443117673702,0.9269700256563868,0.9192092784791415,0.9253274299535277,0.9256720301531121,0.9253274299535277,0.8619640438579997,0.8760445300090393,0.87712080590962,0.8760445300090393,0.9143688027378652,0.8347834774243023,0.8962040055761167,0.8969572137736477,0.8962040055761167,0.6728896789724136,0.5662301691602917,0.6633977029574001,-0.5563594653577189,0.6539023138056652,0.6351796997755353,0.6347122172465361,0.6351796997755353,-0.10865203696855204,0.8954247238090361,0.9187386171945545,0.9047644674060904,0.9225935598528662,0.0973298406447246,0.8944999689276102,0.8954195435435095,0.8944999689276102,0.8998717510116998,0.8998717510116998,-0.13497171537361946,0.6582616500633217,0.012313477418824204,-0.726068011849288,-0.642514654836048,-0.6435879995477242,-0.17793475544168286,0.15244470879106337,-0.18948628040615087,-0.2551356397605321,-0.6376034125170235,-0.38217120740595256,-0.8446918847208732,-0.5680981861320118,0.12599860737061175,0.12754927596431134,-0.6039008735779625,-0.5676273228445261,-0.5492817458834103,-0.5615147164849631,-0.7722033849887997,-0.5995140174788355,-0.6023538534601113,-0.5995140174788355,-0.2713221617165219,-0.38621376135586116,-0.38621376135586116,-0.7415896129794382,-0.7415896129794382,0.39410298415249106,0.6035555328421093,0.8015386145199349,0.7942861024516191,0.7410094654338109,-0.4696296404464305,0.607491298764867,0.6640333733174598,0.6643942710334311,0.6640333733174598,0.059101939125736906],[1.0,0.9999894467574542,0.6811751861401456,0.9997416318744151,0.9981061999327847,1.0,0.9926979547922584,0.9893466630186573,0.9893466630186573,0.9932642008074467,0.9773815139299935,0.9872133345484486,0.9927341486820674,0.9931097253387716,0.9927804975059221,0.7608385511822905,0.6842758090517884,0.27287446690268796,0.9935472306199816,0.9935401823941243,0.9856958023604877,0.9927259543577296,0.3928260044086575,0.7526706814417476,0.9826693554898209,0.9826693554898209,0.9826506458125134,0.9758921983631433,0.3107635047640368,-0.13563261354438402,0.9895633012736225,0.9895292814218076,0.26220164368648846,-0.2105926744884721,0.9948249136678896,0.9952986115461094,0.8544189597780577,-0.3543228780198561,0.9906898043007538,0.9952867533191035,0.7432056280074155,0.25344149291202583,0.9949542890545029,0.9949486442942225,0.9949542890545029,0.8987664534868551,0.6533074579817243,0.9190106214706654,0.9237236322223299,0.8380606018045137,0.3777246863217987,-0.1799249650430644,0.21482046629020474,0.9497265618807369,0.3769515481263174,0.9752678223496234,0.9714629479213243,0.9810179451807101,0.9897184098018464,0.9339298261023145,0.9421600603219523,0.9472301055874469,0.9339424713928144,0.944497562215074,0.9451186160497741,0.944497562215074,0.8908067233920433,0.9251997390941287,0.9260774887484413,0.9251997390941287,0.9273694189154255,0.7988683750478426,0.9005210631947479,0.9017685166773333,0.9005210631947479,0.7160883647955744,0.3993146919796368,0.7033188030351821,-0.5411848285892298,0.6086181415631577,0.6263757847142727,0.6269409336135223,0.6263757847142727,-0.09065843884074615,0.9155599893758075,0.9458817320226773,0.9310092074422339,0.9353161147633119,0.2654806561568851,0.9104744526049133,0.911115531339061,0.9104744526049133,0.914621788742415,0.914621788742415,-0.09305373630113747,0.5945511011095509,0.1527702777134621,-0.6896773470789415,-0.5913912526204929,-0.5952942774637128,-0.13713296736097222,0.13328537589516903,0.20338116739014894,0.0010114363789621038,-0.5609150806353478,-0.022493412485271706,-0.7972665823382944,-0.29155758599643766,0.16425081904616015,0.16588685041626172,-0.5734121997597637,-0.5761255028202057,-0.28028708497354526,-0.5156023290171259,-0.8149376560019488,-0.408706855255661,-0.4009746791437288,-0.408706855255661,-0.22743549249620545,-0.34619028727561213,-0.34619028727561213,-0.8029600707825323,-0.8029600707825323,0.41451385886174696,0.6303661042478491,0.852345601279479,0.8403275299129356,0.7560531272619102,-0.3346529861044632,0.7472544232527013,0.7774101740458248,0.7776475005518767,0.7774101740458248,-0.1826364846904183],[0.9926979547922584,0.9850489894291676,0.6614640303169529,0.9938825956855986,0.99726587886742,0.9926979547922584,1.0,0.9976247350183963,0.9976247350183963,0.9999720788414648,0.9635785203675947,0.9996993454170996,0.9999967530074098,0.9999876169648789,0.9999937155617644,0.8406890521244706,0.8269750901735826,0.22664578612119574,0.9998686218112572,0.9998689455170785,0.9903765359253806,0.9999969334378879,0.30577976207875496,0.7526460287015455,0.9864327984606128,0.9864327984606128,0.9875883568809105,0.9920570911037712,0.2399527127223321,-0.19214653297550585,0.9916809753102973,0.9916934855179864,0.16564844171791562,-0.25416753104068884,0.9993709823564414,0.9994885945450211,0.45755512903457496,-0.3024575275832231,0.9991213553840782,0.9994569189891486,0.8206720574096703,0.20563928189573422,0.9457750036983454,0.9991326855421223,0.9457750036983454,0.9185940017806979,0.615614165794505,0.9431927860924769,0.9230069058822503,0.7671846040845638,0.41372109608847846,-0.12254070442015148,-0.18656302364764343,0.9333194096925405,0.3322509525750678,0.9689241435284589,0.9651723225607114,0.9800019953784349,0.9956390962474921,-0.011724806113266742,0.8832980207476541,0.8456355755280608,0.8878741273992797,0.840583893054885,0.8056033440557379,0.840583893054885,0.8269732152363558,0.8110403295606092,0.8001635326607696,0.8110403295606092,0.8819984746143856,0.4217689255929078,0.6184979782285153,0.6740723331790144,0.6184979782285153,0.6419008075936894,-0.3348982798568489,0.6171044939752761,-0.6113896085571371,0.537856546523223,-0.07566338968480017,0.4698512403488814,-0.07566338968480017,-0.13724226735850303,0.8608773790552868,0.8828268207695155,0.8688904800427855,0.7811928127042412,0.21870222332512704,0.8596550361577543,0.8607852715348904,0.8596550361577543,0.7845170424217752,0.7845170424217752,-0.17043229418568462,0.6991799555575643,0.22957049437246194,-0.702773444165532,-0.6364793003066962,-0.6398560803881536,-0.18789859836328318,0.08057368308415418,0.31722713904519056,-0.038177807703344446,-0.5817668724949325,0.03690898384321242,-0.8289428969596596,-0.19525352265505608,0.09247800765590278,0.09418237498290759,-0.6203854101724813,-0.5852277284019191,-0.11573470881161509,-0.5952501765893755,-0.8315198743686417,-0.40055490337770827,-0.23583016239948523,-0.40055490337770827,-0.3011615722032769,-0.393537321240272,-0.393537321240272,-0.8235142656602739,-0.8235142656602739,0.393670748038809,0.5891907197301268,0.5116179565415678,0.8043439607738477,0.7379927639967013,-0.39357868598718854,0.0720674026763116,0.7459498285968683,0.7648954828361382,0.7459498285968683,-0.10511758928830194],[0.9893466630186573,0.9797155937073336,0.6539735702282419,0.9909660869003364,0.9959069942589364,0.9893466630186573,0.9976247350183963,1.0,1.0,0.9995914989071047,0.9574093800781948,0.9988281029094754,0.998348126508424,0.999437418632071,0.9991988388628896,0.8376697955301152,0.8150198276843515,0.20514818690524092,0.999232101306529,0.9992343823355625,0.9878872035628783,0.9993270332066062,0.2808505300241284,0.754360030375973,0.9931651421112748,0.9931651421112748,0.98585072963369,0.9896487982779911,0.22271729309326901,-0.20505527032675308,0.9880456348645168,0.9914729021822548,0.14738955785864236,-0.25997090432208875,0.9983858330868545,0.9983864841803871,0.44120017357654173,-0.3085335602210621,0.9974063327005349,0.9983447047063758,0.8178204401203436,0.18377642360995414,0.9389357330154455,0.9982174806022847,0.9389357330154455,0.9164220575066319,0.601099057935814,0.9437163766462036,0.9212152564759085,0.748161477669298,0.4012459298859152,-0.13689099487521572,-0.19834917885605982,0.9254678073193369,0.31232757275221285,0.9644822171092907,0.9603611594359958,0.9752696263015861,0.9946219997270744,-0.020564435280576145,0.8744830360717651,0.8322156424418445,0.8811954669102074,0.828227683881042,0.7947502457810133,0.828227683881042,0.8169166829442772,0.7950618404700805,0.7881819984029068,0.7950618404700805,0.8755079398553037,0.40472181384029127,0.6008545632284755,0.6595152852888755,0.6008545632284755,0.6315475496825107,-0.3483955883834597,0.6051752558086894,-0.6177657261056896,0.5317425725134158,-0.09605959766327199,0.45555847643564074,-0.09605959766327199,-0.1432125466852239,0.8531503484159628,0.872038996445619,0.8591712941328931,0.7680066825490255,0.20118521586765237,0.8524955538735545,0.8537957671558927,0.8524955538735545,0.7698937492494601,0.7698937492494601,-0.18415244593111996,0.720272896163367,0.23597471275489246,-0.7117022450424776,-0.6481230624576534,-0.6513315790448445,-0.20189613238681633,0.07375432956747464,0.310186122152501,-0.056849551292263656,-0.593694588623562,0.02769647342145423,-0.8340595588025829,-0.20171215651916927,0.07824458811013055,0.07997744452475564,-0.6309935201220142,-0.585929861629886,-0.12248347659577183,-0.6103569542665732,-0.8306020519938101,-0.4114312647814938,-0.24191649672772297,-0.4114312647814938,-0.317269111524602,-0.40622255816212566,-0.40622255816212566,-0.8210894304795604,-0.8210894304795604,0.3766074334531791,0.5733433357506634,0.4938247896778931,0.7872974291969085,0.7260551677041762,-0.4137999303795909,0.058810065135894034,0.7274851914181903,0.7495793997813776,0.7274851914181903,-0.08833865148210986],[0.9893466630186573,0.9797155937073336,0.6539735702282419,0.9909660869003364,0.9959069942589364,0.9893466630186573,0.9976247350183963,1.0,1.0,0.9995914989071047,0.9574093800781948,0.9988281029094754,0.998348126508424,0.999437418632071,0.9991988388628896,0.8376697955301152,0.8150198276843515,0.20514818690524092,0.999232101306529,0.9992343823355625,0.9878872035628783,0.9993270332066062,0.2808505300241284,0.754360030375973,0.9931651421112748,0.9931651421112748,0.98585072963369,0.9896487982779911,0.22271729309326901,-0.20505527032675308,0.9880456348645168,0.9914729021822548,0.14738955785864236,-0.25997090432208875,0.9983858330868545,0.9983864841803871,0.44120017357654173,-0.3085335602210621,0.9974063327005349,0.9983447047063758,0.8178204401203436,0.18377642360995414,0.9389357330154455,0.9982174806022847,0.9389357330154455,0.9164220575066319,0.601099057935814,0.9437163766462036,0.9212152564759085,0.748161477669298,0.4012459298859152,-0.13689099487521572,-0.19834917885605982,0.9254678073193369,0.31232757275221285,0.9644822171092907,0.9603611594359958,0.9752696263015861,0.9946219997270744,-0.020564435280576145,0.8744830360717651,0.8322156424418445,0.8811954669102074,0.828227683881042,0.7947502457810133,0.828227683881042,0.8169166829442772,0.7950618404700805,0.7881819984029068,0.7950618404700805,0.8755079398553037,0.40472181384029127,0.6008545632284755,0.6595152852888755,0.6008545632284755,0.6315475496825107,-0.3483955883834597,0.6051752558086894,-0.6177657261056896,0.5317425725134158,-0.09605959766327199,0.45555847643564074,-0.09605959766327199,-0.1432125466852239,0.8531503484159628,0.872038996445619,0.8591712941328931,0.7680066825490255,0.20118521586765237,0.8524955538735545,0.8537957671558927,0.8524955538735545,0.7698937492494601,0.7698937492494601,-0.18415244593111996,0.720272896163367,0.23597471275489246,-0.7117022450424776,-0.6481230624576534,-0.6513315790448445,-0.20189613238681633,0.07375432956747464,0.310186122152501,-0.056849551292263656,-0.593694588623562,0.02769647342145423,-0.8340595588025829,-0.20171215651916927,0.07824458811013055,0.07997744452475564,-0.6309935201220142,-0.585929861629886,-0.12248347659577183,-0.6103569542665732,-0.8306020519938101,-0.4114312647814938,-0.24191649672772297,-0.4114312647814938,-0.317269111524602,-0.40622255816212566,-0.40622255816212566,-0.8210894304795604,-0.8210894304795604,0.3766074334531791,0.5733433357506634,0.4938247896778931,0.7872974291969085,0.7260551677041762,-0.4137999303795909,0.058810065135894034,0.7274851914181903,0.7495793997813776,0.7274851914181903,-0.08833865148210986],[0.9932642008074467,0.9849412175050545,0.6089811949351841,0.9946604755828221,0.9974735335517129,0.9932642008074467,0.9999720788414648,0.9995914989071047,0.9995914989071047,1.0,0.9626139923051347,0.9996653904506017,0.9999733671860817,0.9999723593318084,0.9999764844666102,0.7057027523473866,0.6071523105218899,0.10761432357566958,0.9998264598764736,0.9998272571439206,0.9902853801331692,0.999970757605258,0.08216261924655789,0.7310295264365129,0.9955080303781304,0.9955080303781304,0.9954668528821027,0.9919503532701475,0.06913596144832596,-0.13422573831200948,0.9909686785864967,0.9909316996546479,-0.01808075320165801,-0.21475590224981536,0.9994237504628063,0.9993837821847467,0.8199887657219327,-0.4745216335415455,0.9990611573970819,0.9994304922778912,0.6768013789223812,0.083733985336344,0.9992947883327418,0.9993000264525195,0.9992947883327418,0.9183340905663182,0.6160560395231613,0.9429648719562757,0.9226189341096541,0.7667200950331767,0.02339029841090667,-0.5405393952036787,-0.12880802003713773,0.9296801023724164,0.277709025159155,0.9656345981690938,0.9651830062841825,0.9820997934072394,0.9949374342510271,0.8906711827945832,0.8841773333379805,0.90367605498873,0.8889419675845941,0.9020008195977877,0.9025392674787495,0.9020008195977877,0.8267811238540017,0.8579432697884201,0.8592557509688566,0.8579432697884201,0.8834336592372907,0.8000199488730859,0.8692935807488176,0.8703598525433018,0.8692935807488176,0.6418120326900316,0.4984690695034778,0.6168005287802398,-0.6129548512253346,0.5901470179779034,0.5598700219152182,0.5597379133745597,0.5598700219152182,-0.09184850946698635,0.8617459376994551,0.8828620886114444,0.8694134888365755,0.8988665377266335,0.13389903849459753,0.8648724979572029,0.8665414684783083,0.8648724979572029,0.8703812540260357,0.8703812540260357,-0.17201449887496625,0.6995695045410232,0.03921395685940216,-0.7144934280090615,-0.6698475310273444,-0.6711752762789314,-0.19136126690619515,0.08402387521048975,-0.1940554791017992,-0.22126067003493113,-0.6201910485199196,-0.4088678568788775,-0.8641558514015385,-0.6019220751710586,0.09180485327264692,0.0936735596222971,-0.6218455671837592,-0.5812615137639471,-0.5594707590883913,-0.5967751387135078,-0.7978651146382753,-0.6226841978735761,-0.6249994634205892,-0.6226841978735761,-0.30285538228666353,-0.3966341478758593,-0.3966341478758593,-0.7782712001836875,-0.7782712001836875,0.39406628814752986,0.5877437609917453,0.8125914172750628,0.8056113946580774,0.7362172920178653,-0.4202336849845016,0.639535401021282,0.6894380793416085,0.6896206187042595,0.6894380793416085,0.13154717965347792],[0.9773815139299935,0.9727632817667308,0.5736815606989089,0.9756313351573905,0.9689801050568495,0.9773815139299935,0.9635785203675947,0.9574093800781948,0.9574093800781948,0.9626139923051347,1.0,0.9496544588656445,0.9635954296666022,0.9636240948434712,0.9633367259653743,0.4905458438328696,0.383648044698391,-0.11942834645934403,0.967660784273223,0.9676411201270964,0.963700415526977,0.9636924412623773,-0.0032725217478936754,0.7688030742608128,0.9650714940340179,0.9650714940340179,0.965233434514821,0.9036959648516998,0.16336606648326152,-0.1207968337985081,0.9700314257414405,0.9701301056193607,0.13066278064084752,0.026747298493445232,0.9709925729305875,0.9712192232923695,0.8918673989263207,-0.3596854902860666,0.9572733187675634,0.970247970593292,0.4555488738834739,-0.13978037984989009,0.9720142120653156,0.9719843081520841,0.9720142120653156,0.8299604393362333,0.41905253620454447,0.847219232690024,0.9079889174175564,0.8667514804019145,-0.4954490833310487,-0.6744287105331822,-0.21181634638337854,0.8971896170656127,-0.02968975667104988,0.9243621233592145,0.9244216201361439,0.9413776959101847,0.9684116795452489,0.892257776883301,0.8938589519120655,0.9067815153090588,0.8951961558467655,0.9001618627952258,0.9006634239744813,0.9001618627952258,0.853123742770091,0.8328703786651281,0.8342757511479485,0.8328703786651281,0.8907588134361877,0.9041879072418093,0.8887735975116162,0.8892669573018124,0.8887735975116162,0.7200275868827053,0.656400639632874,0.7208786868926632,-0.2820186598753034,0.7355494732938291,0.7503357378640121,0.7524980914859393,0.7503357378640121,-0.24931536469255483,0.8916963146784784,0.9400997846216662,0.9050450186037801,0.9040563353618061,-0.021240810526967403,0.8858503374195107,0.8866372711186479,0.8858503374195107,0.893205215674939,0.893205215674939,0.04147864096867393,0.4181855612843034,-0.13137786514858052,-0.6542955982921347,-0.43816938768796826,-0.44065199147645157,-0.0601725791295957,0.4272427519458745,0.01859902112485437,-0.1848097288775512,-0.5434459224383196,-0.10177047081004006,-0.7929382136264428,-0.2663680824737403,0.29567219024742586,0.2957481393900902,-0.40984524638873177,-0.43188128927176234,-0.3750614384710746,-0.385958998762625,-0.6597480344436119,-0.3947123802577454,-0.3970273586086139,-0.3947123802577454,-0.126777540448037,-0.43752782525382866,-0.43752782525382866,-0.5407049534154967,-0.5407049534154967,0.5334887301755956,0.6481911359322571,0.7516508239105033,0.6968588832479576,0.8116797843629615,-0.5079621035698062,0.4067378679955061,0.5347609353871176,0.5350919941639533,0.5347609353871176,-0.14531242850438103],[0.9872133345484486,0.9860512759356603,0.9950870147371689,0.9903369202229291,0.9964471764133425,0.9872133345484486,0.9996993454170996,0.9988281029094754,0.9988281029094754,0.9996653904506017,0.9496544588656445,1.0,0.9996982894426419,0.9996957539881228,0.9996694647495531,0.24018543174401616,0.13833699278396455,-0.5191832671577548,0.9998114718119996,0.9998133773821952,0.9997021294914678,0.9997011495308642,-0.2619183298431319,0.9735769975929781,0.994986906054218,0.994986906054218,0.9949684547488971,0.9938343939049946,0.07890882365592368,0.0706411258676397,0.9921216783248754,0.9921706007624861,0.8267971210165654,-0.0022955655010092673,0.9991012753906737,0.9990598413201311,0.998943642219841,0.9994209644170426,0.9994613033157759,0.9991394387659636,0.18581498336615776,-0.5270733364651212,0.9988945208462098,0.998901407935908,0.9988945208462098,0.9129925141464497,0.4562779052970931,0.9388891303077135,0.919269242525823,0.7669523459413667,-0.3998890623675119,-0.5982588817264766,0.8245176979818475,0.8533471366268526,-0.34404357323861456,0.9357983851801549,0.9359978338690156,0.9707595903731888,0.9938967336114125,0.9033876459527164,0.9091682567960827,0.8868416000072409,0.8904581975845222,0.8918069851114001,0.8923034739392702,0.8918069851114001,0.7850293645242511,0.7540658630844137,0.7558706492168826,0.7540658630844137,0.9102938230153731,0.9158866565779572,0.9090927496957758,0.9100063394762061,0.9090927496957758,0.5433855156293689,0.48604162969318915,0.5798012925173534,0.6662168904244665,0.5705092279127784,0.5985846280063425,0.6006458243826697,0.5985846280063425,-0.31296999851955815,0.8541141780232687,0.8851286684292256,0.8736059159168357,0.9099736416548572,-0.32740454563861754,0.8496832989818446,0.8498887385381535,0.8496832989818446,0.8583482137464536,0.8583482137464536,-0.22379894973228395,0.6930527407563888,-0.3908509162851501,-0.8011820143669606,-0.533484775846246,-0.5364088974472521,-0.42629468822172567,0.22801495051538528,-0.3025336679907958,-0.5297139428931393,-0.7591213065522807,-0.40098138125326005,-0.5914431332844563,-0.4744852116977573,0.08353221712731645,0.08138498243060355,-0.5565303472944767,-0.5284822288164639,-0.5496314139158626,-0.5855495925184012,-0.5790263877758202,-0.5531769119074291,-0.5562470484358492,-0.5531769119074291,-0.4365332291841694,-0.6271356346851682,-0.6271356346851682,-0.6193762518517741,-0.6193762518517741,0.39015678767062345,0.3389649050262153,0.4746526559726657,0.5792244499696593,0.5258701823719639,-0.5739942646928079,0.3164206407478826,0.28666364655004667,0.2868915520258516,0.28666364655004667,0.25589907551168134],[0.9927341486820674,0.9850953323197992,0.6614956533718107,0.9939092611045056,0.9972851257137502,0.9927341486820674,0.9999967530074098,0.998348126508424,0.998348126508424,0.9999733671860817,0.9635954296666022,0.9996982894426419,1.0,0.9999909750026553,0.9999952925060015,0.8406462987835993,0.8155250434846224,0.22667138309055718,0.9998696873738702,0.9998699603827441,0.9904065757189351,0.9999975121749723,0.3060556564763966,0.7527135955252129,0.991379589994829,0.991379589994829,0.9875811285814282,0.9920456649506681,0.24018174733712117,-0.19210583175337054,0.9917214876864614,0.9916998314000169,0.1658534347039022,-0.254145765107582,0.9993720307736231,0.9994909250627662,0.4575411016386187,-0.302251438480285,0.9991225750296305,0.9994634633878685,0.8206159473282933,0.2056709930964407,0.9457634952361065,0.999134080529191,0.9457634952361065,0.9186073694354826,0.6157348993590083,0.9433445992533687,0.9231668150793553,0.7672934580713445,0.4140772837868331,-0.12212945118104773,-0.1862142445560903,0.9333808527894698,0.3322964831126755,0.9690016927236665,0.965219435284884,0.9800792909728742,0.9956497659103735,-0.011537586008754729,0.8834462250573792,0.8457295347978778,0.8879934886541317,0.8406768474404471,0.8055588380057055,0.8406768474404471,0.8270808144054517,0.8111009297354297,0.8001154950424568,0.8111009297354297,0.8821453866926896,0.42166915771503655,0.6185119471757212,0.6740010133459408,0.6185119471757212,0.6418928697110056,-0.33490898719055334,0.6171148601789751,-0.6112779008044865,0.5377905339401655,-0.07577660777090707,0.4698931935237703,-0.07577660777090707,-0.13737642137486933,0.8609682781192907,0.8829697846268789,0.8690010371826907,0.7811908338254503,0.21873288839265528,0.8597475613208003,0.8608748586136484,0.8597475613208003,0.7845887803102238,0.7845887803102238,-0.17036260591365668,0.6991908889756409,0.2296724686433786,-0.7028304513672216,-0.6363973032964609,-0.6397790870725798,-0.18798822478268637,0.08047458205322855,0.3173771924538775,-0.03818385037757752,-0.5818459048813805,0.03714077737126749,-0.828696587505428,-0.19499298925446423,0.09255313196980912,0.09427153983284593,-0.6203653767180868,-0.5850213037893871,-0.1155141281408981,-0.5952062267252978,-0.8314111410894823,-0.40035296084602384,-0.23564886642134533,-0.40035296084602384,-0.3010131747868354,-0.3935155380890213,-0.3935155380890213,-0.8234543349388368,-0.8234543349388368,0.39413450880317163,0.589293482987146,0.5118429875380529,0.8045715624038697,0.7380313382434569,-0.3933916808716577,0.07233300560665606,0.7461728563482761,0.7649912586020434,0.7461728563482761,-0.1051324783040393],[0.9931097253387716,0.9850389567439016,0.6564434846981249,0.9945616391262478,0.9973562624736924,0.9931097253387716,0.9999876169648789,0.999437418632071,0.999437418632071,0.9999723593318084,0.9636240948434712,0.9996957539881228,0.9999909750026553,1.0,0.9999885163891912,0.7682988459615524,0.6865475291839794,0.2283793924841629,0.9998922317841255,0.9998928833423203,0.9903998765198658,0.9999884539584701,0.3066735908673187,0.7492665939208929,0.9942720040363129,0.9942720040363129,0.994238380620831,0.9919944947655035,0.23423814281080066,-0.19239731402160265,0.9921090970611807,0.9921165156439677,0.18841187232795015,-0.25341001790205736,0.999543453786308,0.9994911368905777,0.8553367618826173,-0.3906274653335683,0.9991198207915426,0.9994677437633617,0.7464920472013862,0.20740984648553018,0.9994410763400092,0.9994456728369369,0.9994410763400092,0.9185266979092936,0.615846654237206,0.9431686506687689,0.9229417069963735,0.766948803357102,0.2949071071033508,-0.2911355167716592,0.11559337567727933,0.9332947084268214,0.3328857803359411,0.9662644411761216,0.9652416247616059,0.9787216046317462,0.995881317682621,0.897317278967298,0.8827787347961753,0.9087520583281269,0.8879792501958207,0.9076001086863048,0.9083658532722012,0.9076001086863048,0.8264452293927246,0.8769059930637032,0.8782113158940363,0.8769059930637032,0.8820377258713958,0.7833453412571597,0.8739444648439191,0.8753933320953663,0.8739444648439191,0.6414803501443683,0.49595719235025565,0.6161078441875925,-0.6124557488960042,0.5367394447253023,0.5383390517431952,0.5392898286129648,0.5383390517431952,-0.13911624893955343,0.8608813919722268,0.882635448569965,0.8685406922988556,0.9038124988458202,0.22090119736443548,0.8597254846430135,0.8610450661965704,0.8597254846430135,0.8690549961726579,0.8690549961726579,-0.17070123997944228,0.698165839494686,0.13856606680131073,-0.7019482426624328,-0.6360485525532655,-0.6391802306232361,-0.18797450021122505,0.0795845748532435,0.09123060401616968,-0.03673572956894253,-0.5806380696258028,-0.151046732501147,-0.8392278772018812,-0.4129876561212794,0.09212891205002698,0.09403483002409786,-0.6204087530568366,-0.5842309945547203,-0.40540558744146654,-0.5949818916822966,-0.8242900110351568,-0.5171397190504073,-0.5130350571915485,-0.5171397190504073,-0.30027034120843943,-0.39358301777084936,-0.39358301777084936,-0.8150103323909176,-0.8150103323909176,0.39349955512230694,0.5895228325490883,0.8200787492606193,0.8081382679475264,0.7385049092497968,-0.39293236259863934,0.7012591542752967,0.7340890836887721,0.7341854601386725,0.7340890836887721,-0.07250718078842983],[0.9927804975059221,0.9849413309368947,0.6616432673499425,0.9939329232819771,0.9973077527651659,0.9927804975059221,0.9999937155617644,0.9991988388628896,0.9991988388628896,0.9999764844666102,0.9633367259653743,0.9996694647495531,0.9999952925060015,0.9999885163891912,1.0,0.8311230772033261,0.7676987309261688,0.22682385252441423,0.9998725752495584,0.9998727374912435,0.9905351120602877,0.9999952258396455,0.30672426936903713,0.7525516425268288,0.9944593550938616,0.9944593550938616,0.9943711306399854,0.9919781271133934,0.24046880911512603,-0.19212487318071966,0.9926094609931796,0.9926531206283623,0.16658833014359903,-0.25397424804360036,0.9994168893513341,0.9994906306180412,0.4565989399661542,-0.3015305890053832,0.9990831193751889,0.9994660887211332,0.8181692201996402,0.20584455790357864,0.9453379837165033,0.9991839792259276,0.9453379837165033,0.918843389989939,0.6163771749070118,0.9434721674058126,0.9232636959926422,0.7670402529735032,0.41537784700806313,-0.12067116789300768,-0.18643893286332175,0.933702107906605,0.3325695742621104,0.9693757270155199,0.9655073565640365,0.9803270337394737,0.9956918083391133,-0.012517049187194516,0.8836709389174844,0.8456317661025013,0.8881865492141149,0.8406094622810923,0.8051342369013996,0.8406094622810923,0.8272493128351367,0.81102386386522,0.8004427326671885,0.81102386386522,0.88241382783567,0.42101899181767655,0.6180385671240282,0.6739894439306819,0.6180385671240282,0.6417519404986305,-0.33601990286055594,0.6170534622873668,-0.6114779536794952,0.5374519500772699,-0.07672407191493205,0.46955798211120015,-0.07672407191493205,-0.13734115719945034,0.8610732877395202,0.8827263891727333,0.8691122465193918,0.773987801916066,0.2191174679048964,0.8598161260726506,0.8609343465733863,0.8598161260726506,0.7843958933208035,0.7843958933208035,-0.17166417824065833,0.6999637528950333,0.2301545469261575,-0.7027872885916379,-0.6367402495972418,-0.6401261073072358,-0.18900641460614978,0.07935730432054823,0.31770432912993696,-0.03854301029486057,-0.5820063544674524,0.03724936188512257,-0.8279679149047103,-0.1948168239237013,0.09165166813053469,0.09336915710507493,-0.6209224685245912,-0.5852301891396005,-0.11495611414585369,-0.5962829251012669,-0.8314442335447079,-0.4002877508617309,-0.23511582153690141,-0.4002877508617309,-0.30184803219379314,-0.39392322866333873,-0.39392322866333873,-0.8238019811865358,-0.8238019811865358,0.39430496549732097,0.5889793560443666,0.5113828477377187,0.8049964362345502,0.7375167894080431,-0.39297406947535873,0.0717143250101928,0.7465870839733159,0.7656017189429346,0.7465870839733159,-0.1048750323947031],[0.7608385511822905,0.13161621564340373,0.40778372688621606,0.7600776690621708,0.6629175809988649,0.7608385511822905,0.8406890521244706,0.8376697955301152,0.8376697955301152,0.7057027523473866,0.4905458438328696,0.24018543174401616,0.8406462987835993,0.7682988459615524,0.8311230772033261,1.0,0.992918295337382,0.42093098635614634,0.8111014424325375,0.8110729919813016,0.7397621955321296,0.8299142496561573,0.33302164684258956,0.40520422620100394,0.8234113200046653,0.8234113200046653,0.8092592446785615,-0.15980170206428848,0.1952678513074459,-0.1672197098033803,0.8629979440207386,0.860228222980959,0.15741167384034793,-0.22869611231760317,0.8365528157046539,0.7296444165261798,0.2684667972345293,-0.31787224299632305,0.2556344418291899,0.6981829228957092,0.9983651285181342,0.40357788169795183,0.7624779170490387,0.8362379592162335,0.7624779170490387,0.21118553086820888,0.5414060946733142,-0.2114191371861755,-0.2327904334105022,0.08686400767904798,0.3986830927552164,-0.05817001108887949,-0.2104890999931533,0.7163801884285236,0.4014699364634881,0.8344420894397805,0.7181491165124035,0.8016861706851942,0.8201803122410792,-0.10287300350609736,0.16288860676705602,0.5884034