var element = document.getElementById("correlationClose");

if (element.style.display != 'none') {
    var correlationClose = {"data": [{"type": "heatmap", "z": [[1.0, 0.9999832766550116, 0.5726551049232947, 0.999701866027499, 0.9974854663812788, 1.0, 0.9908811903873647, 0.9864659167109037, 0.9915343930793384, 0.9731844195837254, 0.9822375099310768, 0.9909255588499147, -0.12888672527388162, 0.9909904256399519, 0.9860881273861799, 0.9867911539530735, 0.4492753973961775, 0.9919971440742928, 0.9919829293164677, 0.9839498450988087, 0.9909131760400355, 0.44613794375076243, 0.666947132740926, 0.9779610568320284, 0.9779382501877489, 0.9609750662853186, 0.3086853946227643, -0.12165150675722125, 0.9898216541318667, 0.9897799962702594, 0.27747089942357184, -0.2026632680962859, 0.9937902988402384, 0.994653436907162, 0.8120892377510304, -0.3896664490455114, 0.9876582104659964, 0.9944185411147041, 0.9889151191786362, 0.43155769216197726, 0.993975850770076, 0.9939628463851526, 0.993975850770076, 0.887969085374881, 0.6694848721668969, 0.8655706789071851, 0.8797817607129241, 0.7922185615139596, 0.3877008684150192, -0.13343663359375163, 0.19153956109768067, 0.9452952435670756, 0.46053704140531804, 0.9768635727713062, 0.9710769491208485, 0.9150783675934602, 0.9114952182111306, 0.9332158062797521, 0.9091406162106974, 0.930004765493156, 0.930787500175882, 0.930004765493156, 0.8446924594927331, 0.9064690387838277, 0.9075621588898549, 0.9064690387838277, 0.8963530227101207, 0.7350209016593032, 0.8712448985134644, 0.8728660029764086, 0.8712448985134644, 0.6197198613718811, 0.30935474324006534, 0.5965571916422449, -0.5940942958000467, 0.4922944584725457, 0.5455472981369606, 0.5469191486485346, 0.5455472981369606, -0.10157171768510093, 0.8835831775681042, 0.9154846069268724, 0.8972540776478172, 0.9165793870614731, 0.44515709414081855, 0.8807032554679526, 0.881904802461737, 0.8807032554679526, 0.8901200099027238, 0.8901200099027238, -0.159926860371755, 0.5508531127124064, 0.19242656136306707, -0.562918216996161, -0.5632188922648731, -0.5668739563535892, -0.04158192740884553, 0.05843678423249536, 0.25873795565621144, 0.13398397815795743, -0.3877908530158284, 0.05466255819150827, -0.7926962983827271, -0.2116463301434232, 0.12274453628898103, 0.12302719701610339, -0.5415917148947639, -0.6049046543700484, -0.21335576149582391, -0.48739721375106526, -0.8290116085111532, -0.3500648844101629, -0.3411429449233278, -0.3500648844101629, -0.18463463465598837, -0.25794261756745096, -0.25794261756745096, -0.8174145534270768, -0.8174145534270768, 0.3981263215599707, 0.6566818633287901, 0.8726599308835394, 0.8514801482497778, 0.7885861470483282, -0.24967983762776638, 0.7667430047373117, 0.8072605368806361, 0.8075051469101183, 0.8072605368806361, -0.2359824258628329], [0.9999832766550116, 1.0, 0.9696981712525116, 0.9992245631403334, 0.9938249329796633, 0.9999832766550115, 0.9782502237059302, 0.969386367643611, 0.9780334847965114, 0.958921911006336, 0.9801814180778635, 0.9782986134339985, 0.9782589150933757, 0.9780792871327023, 0.9495204233483016, 0.9509661365490901, -0.2692980702452514, 0.9836159063303319, 0.9835879896904617, 0.9783624618418402, 0.9783534524356103, -0.1445901257664162, 0.9684483710627582, 0.9714988334195936, 0.9715687490035604, 0.9612141199836401, 0.04379426428694394, 0.1513211679972315, 0.9759477451016918, 0.9760050536877778, 0.9712850088072136, 0.14110302873155914, 0.9876427010932913, 0.9877199114129007, 0.9884892947004433, 0.9804013306763313, 0.9860726470612742, 0.9876807565823901, 0.9567859791437295, -0.27587571388465176, 0.9885687875377887, 0.9885497730198913, 0.9885687875377887, 0.8881107598748516, 0.5477727940280079, 0.8659489458827282, 0.8799834561733884, 0.7914972594143194, -0.43873448639739526, -0.5473366334028457, 0.8280770358461231, 0.8559490821685327, -0.18233502730275877, 0.9338311941732612, 0.9339137239305384, 0.9241399182684898, 0.9340436988696179, 0.9119447008066333, 0.9115863268262684, 0.918676302406627, 0.9194047258168155, 0.918676302406627, 0.7775145363685223, 0.7380490989581849, 0.740285156557123, 0.7380490989581849, 0.9282816921077134, 0.9333838696937521, 0.9281537525652584, 0.9293550299176645, 0.9281537525652584, 0.4474464020019868, 0.3886744915951587, 0.5096301888522156, 0.6139685378790781, 0.49408435729333733, 0.5343961949957995, 0.5353063993983799, 0.5343961949957995, -0.2180185922399609, 0.8690429279193594, 0.9053618957484328, 0.8919732558264823, 0.9312846923860967, -0.09082560445839585, 0.863160782143209, 0.8635668895950027, 0.863160782143209, 0.8743350165813474, 0.8743350165813474, -0.2621384992145275, 0.55084328454261, -0.38270874600217275, -0.6593414297200194, -0.4684393061329689, -0.4718492430776433, -0.3086561193451992, 0.22299099017205665, -0.21830184946102696, -0.39898767285221876, -0.59537204530546, -0.2901769113862298, -0.499451991489654, -0.34408043003738287, 0.09745011967240741, 0.09273471870836707, -0.48995411314999227, -0.44576644632075557, -0.473882159692565, -0.5034396942754376, -0.4959576901457705, -0.4760171763830957, -0.479260286254365, -0.4760171763830957, -0.3587157846747397, -0.4989180265326287, -0.4989180265326287, -0.47226231768182775, -0.47226231768182775, 0.39799478175254505, 0.4121495323455001, 0.5180899559494342, 0.6001114909926618, 0.5751108921182796, -0.3928833325874367, 0.3805005914829213, 0.3709472151757902, 0.3710420940444416, 0.3709472151757902, 0.11280050414091314], [0.5726551049232947, 0.9696981712525116, 1.0, 0.5663103093459945, 0.4569218294630849, 0.5726551049232947, 0.5611599928679556, 0.5496183961571807, 0.46217490093281494, 0.40282704674176956, 0.9966539073469235, 0.5611749630854596, 0.5143045329663934, 0.5615036347165534, 0.5584743104660541, 0.5930940429261565, -0.10708689839766411, 0.5071321731156943, 0.5062667262920454, 0.4597414944428797, 0.5601048301557929, 0.21001408471596691, 0.7004507688652789, 0.5285742814192689, 0.5282915710095365, 0.9838935938731468, 0.29373848980360867, 0.17780970433828253, 0.5260982036228816, 0.525598385735407, 0.7663794178171114, 0.009989881045913569, 0.5593089802799048, 0.46085425919214024, 0.5453388096369369, 0.3587364058670314, 0.9939778676804353, 0.4485017538710955, 0.5564756306157264, -0.11344897047298985, 0.5753707545568304, 0.5573839091223605, 0.5753707545568304, 0.8932117442074703, 0.3889384040128991, 0.9034171555393637, 0.8684441054624349, 0.6505600179149984, 0.20061326429625478, -0.01338396972761182, 0.05703328168326174, 0.42580681237311474, -0.07319756541576432, 0.5169398679262802, 0.45185378507585955, -0.07101102190414575, 0.6920085097746287, 0.645418138728418, 0.48763742987204056, 0.651689345613291, 0.7139730641644971, 0.651689345613291, 0.33632004795592807, 0.545550432082457, 0.6439250949198612, 0.545550432082457, 0.5640706506893728, 0.6226443936896865, 0.6632590309189984, 0.7344453147307186, 0.6632590309189984, 0.20804610100070425, -0.08440127648549633, 0.227253453110227, 0.14569268278007166, 0.22700337523134564, 0.2622734868172518, 0.39756916065260306, 0.2622734868172518, -0.17322347638019836, 0.44330848434039233, 0.8098603301495573, 0.5285540498431329, 0.7304705468339784, 0.07473188316057608, 0.509182189009718, 0.5092960970962014, 0.509182189009718, 0.6323129212739392, 0.6323129212739392, -0.28591910870564324, 0.7182212457165883, -0.22675196745560697, -0.5485663695927356, -0.3898828077100495, -0.39351292399600013, -0.39247404446582285, 0.014650316431221147, 0.024154435565520906, -0.2619270816776625, -0.5312011254240566, -0.13617133680868712, -0.2283479330127409, -0.2106992726864234, -0.024138201099514207, -0.027780778959097186, -0.44952362120637396, 0.00867731441165161, -0.22065095514097116, -0.48356988586032007, -0.11497446468242446, -0.35865154645177144, -0.23455353935337653, -0.35865154645177144, -0.4279687169809341, -0.5060022921307313, -0.5060022921307313, -0.24113949098832207, -0.24113949098832207, 0.32495115039819567, 0.13625001918949067, 0.2451232566838708, 0.48919144374522033, 0.21837991566662238, -0.30804977947246637, -0.03680418811268617, 0.4469837577114948, 0.5612942607691327, 0.4469837577114948, -0.04328237116810618], [0.999701866027499, 0.9992245631403334, 0.5663103093459945, 1.0, 0.9986402295472647, 0.9997018660274988, 0.9924760576174628, 0.9885420635189507, 0.9934725893203381, 0.9709577987279209, 0.9872021303875372, 0.9925083314723981, -0.1332323176837917, 0.9925453821612567, 0.9875938588726573, 0.9883083846344105, 0.4350077414071214, 0.9933669829003313, 0.9933550068065075, 0.9843767778974888, 0.9924877783494794, 0.4373752696850112, 0.6703695531325066, 0.9809179355751957, 0.9808954344827541, 0.9711907519498796, 0.30379768263808515, -0.1289407046248989, 0.989544345829428, 0.9895129726825399, 0.2690597469733357, -0.2034742108064781, 0.9945845616039527, 0.9957304459089367, 0.7716681611367661, -0.3954063048127326, 0.9912907824801691, 0.9957373440292633, 0.9894917215246796, 0.4169224122981581, 0.9921707327965874, 0.994657419422283, 0.9921707327965874, 0.8863412521245708, 0.6566921813056307, 0.8737609128587984, 0.8764022539051068, 0.7696129491227012, 0.3821663455764738, -0.13943977238840694, 0.1849960418219292, 0.9394908733767735, 0.44437152048267464, 0.9725369929580417, 0.9682346907528112, 0.8908986631372708, 0.9026279108033279, 0.9182343709745259, 0.9040707176533657, 0.9103806426446515, 0.9114653960991285, 0.9103806426446515, 0.8347856028037055, 0.8928412570762746, 0.8940435078679624, 0.8928412570762746, 0.891932007190774, 0.6677606421633767, 0.8271312708719538, 0.8287865639195655, 0.8271312708719538, 0.6096105227125153, 0.10198570543000555, 0.584467340447881, -0.5992739693406197, 0.4856536798137853, 0.2870110226610936, 0.514784713225426, 0.2870110226610936, -0.10852803721764273, 0.8768022716887197, 0.904815948009719, 0.8871989489902026, 0.8899685848972256, 0.4317252999391235, 0.8749158799336594, 0.8762853542992035, 0.8749158799336594, 0.8678559887569656, 0.8678559887569656, -0.16619463141219654, 0.5780085995994391, 0.19716034996947704, -0.5737117474201348, -0.5711024044913292, -0.5746627018547077, -0.054319171148087514, 0.05284785143849715, 0.25148465483457155, 0.12105265910686515, -0.40077776252825886, 0.04793585945150414, -0.799523818195298, -0.21977365384892322, 0.11150948714847628, 0.11183892710232911, -0.5491894366721953, -0.6017682202472562, -0.21518517951776706, -0.4998398640877126, -0.8314801029582216, -0.3519806064438601, -0.3436256912663355, -0.3519806064438601, -0.19422372337509183, -0.2683065582860623, -0.2683065582860623, -0.8177213746354876, -0.8177213746354876, 0.38451072140076353, 0.6446404832130539, 0.8650899442480838, 0.8439698762748805, 0.7812746755215166, -0.26341114627776924, 0.7578538371362394, 0.7986769573297184, 0.7989271150083741, 0.7986769573297184, -0.22079826157605267], [0.9974854663812788, 0.9938249329796633, 0.4569218294630849, 0.9986402295472647, 1.0, 0.9974854663812788, 0.9967842380842837, 0.9948214391440907, 0.9969715407488134, 0.9606044419978128, 0.9953700846376331, 0.9968030051335437, -0.34338302181824737, 0.9968339972125322, 0.9891818505008098, 0.9873404752012247, 0.23956351398810688, 0.9973745216297867, 0.99736906316898, 0.9861171047502745, 0.9967898804304801, 0.07051013505989395, 0.631152591539255, 0.9906050945952032, 0.9905607697177571, 0.9847908806678798, 0.05212055185764776, -0.11412460831400237, 0.98770215719135, 0.9876370273551904, -0.04660803282887142, -0.10127379916779282, 0.9977132845590764, 0.9976500478495082, 0.7484393998108673, -0.5374731184592872, 0.9971502079811098, 0.9979066035018546, 0.9895110724157637, 0.21577365410311233, 0.9976682185533949, 0.9976700147511357, 0.9976682185533949, 0.9015807028972953, 0.617516995517766, 0.8955589579668192, 0.8804043308924018, 0.7360750275820642, -0.09927814323806881, -0.5802243522210382, -0.23624310237587895, 0.924756975327314, 0.29947569432627796, 0.9660414644995005, 0.9661153695375975, 0.8850418142111316, 0.880135033232422, 0.9037041671640071, 0.8889455415437326, 0.901797178960945, 0.9022328402561004, 0.901797178960945, 0.8045228153503621, 0.8350876496052378, 0.8364813968152888, 0.8350876496052378, 0.8786475596787064, 0.7707588963143364, 0.8584075027876298, 0.859419141423098, 0.8584075027876298, 0.5603228699480746, 0.4240917735271164, 0.5434342548250253, -0.6438191849984316, 0.54025280059573, 0.5173147469538049, 0.5168533755412584, 0.5173147469538049, -0.12899440008648688, 0.8554741622177829, 0.8738178555109666, 0.8592044270308448, 0.8949741446611411, 0.2880194747702631, 0.8567434028463424, 0.8580801996975597, 0.8567434028463424, 0.8648218839486218, 0.8648218839486218, -0.2094514483858391, 0.6374298772559416, 0.050493569719250175, -0.6089521156461144, -0.6288452276113267, -0.6292485433995241, -0.09060165544466546, 0.07456148770565871, -0.14796080019841323, -0.13208830866004231, -0.4877468705506785, -0.3253685409541235, -0.8632624332613238, -0.518498810495268, 0.07718431516795968, 0.07734834880465732, -0.5799638690137876, -0.5932593123806068, -0.5136592962478356, -0.5431675508240849, -0.7987163973669763, -0.5698015982062264, -0.5724363403885065, -0.5698015982062264, -0.23843291329810617, -0.30723960060875677, -0.30723960060875677, -0.7647676086933738, -0.7647676086933738, 0.36423378483440455, 0.6229971386244292, 0.8145303114672641, 0.7890352388157903, 0.7682359174838647, -0.4022622819119556, 0.6067710545011408, 0.688994989118388, 0.6893463442074418, 0.688994989118388, 0.012657025180087185], [1.0, 0.9999832766550115, 0.5726551049232947, 0.9997018660274988, 0.9974854663812788, 1.0, 0.9908811903873647, 0.9864659167109037, 0.9915343930793384, 0.9731844195837254, 0.9822375099310768, 0.9909255588499147, -0.12888672527388162, 0.9909904256399519, 0.9860881273861799, 0.9867911539530735, 0.4492753973961775, 0.9919971440742928, 0.9919829293164677, 0.9839498450988087, 0.9909131760400355, 0.44613794375076243, 0.666947132740926, 0.9779610568320284, 0.9779382501877489, 0.9609750662853186, 0.3086853946227643, -0.12165150675722125, 0.9898216541318667, 0.9897799962702594, 0.27747089942357184, -0.2026632680962859, 0.9937902988402384, 0.994653436907162, 0.8120892377510304, -0.3896664490455114, 0.9876582104659964, 0.9944185411147041, 0.9889151191786362, 0.43155769216197726, 0.993975850770076, 0.9939628463851526, 0.993975850770076, 0.887969085374881, 0.6694848721668969, 0.8655706789071851, 0.8797817607129241, 0.7922185615139596, 0.3877008684150192, -0.13343663359375163, 0.19153956109768067, 0.9452952435670756, 0.46053704140531804, 0.9768635727713062, 0.9710769491208485, 0.9150783675934602, 0.9114952182111306, 0.9332158062797521, 0.9091406162106974, 0.930004765493156, 0.930787500175882, 0.930004765493156, 0.8446924594927331, 0.9064690387838277, 0.9075621588898549, 0.9064690387838277, 0.8963530227101207, 0.7350209016593032, 0.8712448985134644, 0.8728660029764086, 0.8712448985134644, 0.6197198613718811, 0.30935474324006534, 0.5965571916422449, -0.5940942958000467, 0.4922944584725457, 0.5455472981369606, 0.5469191486485346, 0.5455472981369606, -0.10157171768510093, 0.8835831775681042, 0.9154846069268724, 0.8972540776478172, 0.9165793870614731, 0.44515709414081855, 0.8807032554679526, 0.881904802461737, 0.8807032554679526, 0.8901200099027238, 0.8901200099027238, -0.159926860371755, 0.5508531127124064, 0.19242656136306707, -0.562918216996161, -0.5632188922648731, -0.5668739563535892, -0.04158192740884553, 0.05843678423249536, 0.25873795565621144, 0.13398397815795743, -0.3877908530158284, 0.05466255819150827, -0.7926962983827271, -0.2116463301434232, 0.12274453628898103, 0.12302719701610339, -0.5415917148947639, -0.6049046543700484, -0.21335576149582391, -0.48739721375106526, -0.8290116085111532, -0.3500648844101629, -0.3411429449233278, -0.3500648844101629, -0.18463463465598837, -0.25794261756745096, -0.25794261756745096, -0.8174145534270768, -0.8174145534270768, 0.3981263215599707, 0.6566818633287901, 0.8726599308835394, 0.8514801482497778, 0.7885861470483282, -0.24967983762776638, 0.7667430047373117, 0.8072605368806361, 0.8075051469101183, 0.8072605368806361, -0.2359824258628329], [0.9908811903873647, 0.9782502237059302, 0.5611599928679556, 0.9924760576174628, 0.9967842380842837, 0.9908811903873647, 1.0, 0.9972030580407129, 0.9999682124702914, 0.9517800916560367, 0.9995950925618552, 0.9999961886263542, -0.14677947232666871, 0.999992500765691, 0.9964954083394144, 0.9906276292130659, 0.3859732796935202, 0.9998377986197415, 0.999837932589042, 0.9885649099094767, 0.9999963851563064, 0.3439097971027324, 0.6714082266236199, 0.9843254483411277, 0.9845856781766124, 0.986095188882986, 0.22553072874125907, -0.18774109944376313, 0.9921180945513193, 0.9918489813326196, 0.16878077761337087, -0.25362598703428435, 0.9992950447775102, 0.9993872643579975, 0.3541102139737102, -0.32796778117647063, 0.998697694476477, 0.9993017768178236, 0.9944280963004858, 0.36636406312544467, 0.9320459050716279, 0.9990230932332568, 0.9320459050716279, 0.9102316998868037, 0.6211468948686517, 0.9182071176355233, 0.8898644943757773, 0.6897227647908077, 0.4137170177965562, -0.08200925226833042, -0.2110692477664079, 0.9233244413078568, 0.40299049024173106, 0.9682542051232698, 0.9612092059134539, -0.0819243741271844, 0.8303915958141171, 0.8029344516152161, 0.8501875623318225, 0.7962968926424698, 0.7637194069596493, 0.7962968926424698, 0.7606822959089815, 0.763732632879947, 0.7618224345039748, 0.763732632879947, 0.8373871796919847, 0.31082861181196325, 0.5273408018229947, 0.609492001617125, 0.5273408018229947, 0.5278587062479033, -0.3613499084812952, 0.48940295061488026, -0.662413620016153, 0.40732634905790466, -0.12834812659276004, 0.370932299880793, -0.12834812659276004, -0.1527707642232878, 0.8128881776212857, 0.8226568828764421, 0.8117087949577872, 0.7364851238905068, 0.3816104531286368, 0.8159008356197183, 0.8178497268094296, 0.8159008356197183, 0.7239215800095343, 0.7239215800095343, -0.24647467153132965, 0.6874170592245483, 0.2520268873616337, -0.5919671684326726, -0.6142129416959756, -0.6172954259998065, -0.106101017619379, 0.0005445885077203626, 0.3556207541206593, 0.08219923399727436, -0.4277565783123576, 0.09921367111130353, -0.8267939049941149, -0.12357616466670848, 0.03978348463601758, 0.040189819695162436, -0.5950755343462538, -0.6077262226529476, -0.054908949871238996, -0.5802152384836421, -0.8438330296138005, -0.34840439824761965, -0.17505301376818497, -0.34840439824761965, -0.27402190800435744, -0.31827303325224654, -0.31827303325224654, -0.8372048049114031, -0.8372048049114031, 0.36170210779612455, 0.6003390795892264, 0.497785160000359, 0.8068862556446991, 0.7578737944939115, -0.3215537019965674, 0.059679491867077876, 0.7632090379633084, 0.7819341471743758, 0.7632090379633084, -0.14544526044683403], [0.9864659167109037, 0.969386367643611, 0.5496183961571807, 0.9885420635189507, 0.9948214391440907, 0.9864659167109037, 0.9972030580407129, 1.0, 0.9994718785660358, 0.94345040896592, 0.9983020586663849, 0.9980026283660368, -0.1561329110684126, 0.9990131473423226, 0.9952434307631486, 0.9831943576328259, 0.36385781790956556, 0.999064555255216, 0.9990663505614676, 0.985644079155878, 0.999173155109501, 0.3166757084790757, 0.6707241765426922, 0.9919055430767361, 0.9822856885574929, 0.9818209201911916, 0.20578528210875138, -0.20273183278278767, 0.9883977108939326, 0.9918085922566284, 0.14831781434453759, -0.2606021646503589, 0.9981439312953121, 0.9980464333605621, 0.3332881451912697, -0.3354865796825306, 0.9961343319876633, 0.9978839470066372, 0.9937185610771666, 0.3437598752179822, 0.923235830337996, 0.9979751032865397, 0.923235830337996, 0.907570199748113, 0.6051576149442325, 0.9186179776760959, 0.885626738806351, 0.6621527413594721, 0.40014917053005117, -0.09787983516228688, -0.2248300948036343, 0.9139427792052981, 0.38178244295597424, 0.9634158986800557, 0.955539648498731, -0.09291505833889009, 0.8155479216087543, 0.7842782342082496, 0.8398691346550607, 0.7788660420335372, 0.7500777830339195, 0.7788660420335372, 0.7457040929298332, 0.7424683783280467, 0.7469599744936141, 0.7424683783280467, 0.8273476967438275, 0.28892793949337287, 0.5041433869241984, 0.5912291569722106, 0.5041433869241984, 0.5123941174311982, -0.37737036527453927, 0.4720938860160428, -0.6716597172090923, 0.3973602184860183, -0.15226513558029445, 0.3524922226157347, -0.15226513558029445, -0.16017635616419906, 0.8007538624697949, 0.8033059566481059, 0.7958241317986525, 0.720205437750362, 0.3640871597205995, 0.8044175297906362, 0.8065935640847197, 0.8044175297906362, 0.7035328597708711, 0.7035328597708711, -0.2636047676073527, 0.7172637645472874, 0.26008913541710166, -0.6020985805385788, -0.6284271769244266, -0.6313101054250133, -0.12195591258176347, -0.008339053619062576, 0.3486814788127379, 0.06235751025137292, -0.4415358769864001, 0.08977953442283493, -0.8339146029878446, -0.13021321606946606, 0.022857931330454006, 0.023281276959914946, -0.6080411805085767, -0.6091125297239396, -0.061914823668081015, -0.5991919390986054, -0.8443129659782705, -0.3607032097319771, -0.18144852569669004, -0.3607032097319771, -0.29331867452181676, -0.33326378196758494, -0.33326378196758494, -0.8360669578699156, -0.8360669578699156, 0.33797930532417575, 0.5819765789205653, 0.47797844900137687, 0.788310373059128, 0.7442170859103466, -0.3449843764099163, 0.04472956960920764, 0.7433617657602034, 0.7657235187348294, 0.7433617657602034, -0.12747817538831385], [0.9915343930793384, 0.9780334847965114, 0.46217490093281494, 0.9934725893203381, 0.9969715407488134, 0.9915343930793384, 0.9999682124702914, 0.9994718785660358, 1.0, 0.9505448122235073, 0.9995422054521846, 0.9999691551429731, -0.3187934551469181, 0.9999736597198787, 0.9932370801118959, 0.9888432769330184, 0.278993983537776, 0.9997801719958271, 0.9997807698415794, 0.9883636164393866, 0.9999660793379377, 0.11867571663622174, 0.6291967078185969, 0.9941854545149295, 0.9941308531800969, 0.9858864163545363, 0.0346222766751924, -0.12744983286086822, 0.9906437194623985, 0.9906063180594433, -0.028672397368605638, -0.2141923600515603, 0.9993168772682408, 0.9992746798936238, 0.7603297589335704, -0.5270030350393498, 0.9986086089429276, 0.9992807932186669, 0.9917730577154769, 0.2558972341169903, 0.999158727332296, 0.9991641161968933, 0.999158727332296, 0.9102063225806019, 0.6221158684809491, 0.9177974180293059, 0.8891592630133289, 0.6890648339489962, 0.008225882720526803, -0.5262613609666077, -0.18566228829882672, 0.9184866901634535, 0.3516188334547035, 0.9623670523401555, 0.96144118601093, 0.8564992670497551, 0.8311118880797183, 0.8761364732167937, 0.85098547515229, 0.8742882001427997, 0.8750298828557097, 0.8742882001427997, 0.7596021704563524, 0.8163131998500587, 0.8180348062439362, 0.8163131998500587, 0.8387295136827074, 0.7307081935373024, 0.8271588949792739, 0.8286373088598116, 0.8271588949792739, 0.5269550133024546, 0.34819627345904325, 0.48830060988029467, -0.6907617245132974, 0.46621609763317917, 0.4299208013694716, 0.4299645796473993, 0.4299208013694716, -0.10933836193277374, 0.8132620541135166, 0.8223930385442995, 0.8118663092077327, 0.8670802279950275, 0.30753932130120876, 0.8218966269863548, 0.8242897214366117, 0.8218966269863548, 0.8299839973672875, 0.8299839973672875, -0.24876444369999914, 0.6877495780172835, 0.07548129057180226, -0.6043604173065142, -0.6555323071318413, -0.6563924075280059, -0.10977733389281814, 0.0027594868231936936, -0.15507931464178817, -0.10242907913315777, -0.47569402148628903, -0.3563450716890763, -0.8776400969052878, -0.557315866848129, 0.038304450885998376, 0.03926915114229082, -0.5970060902754073, -0.6038034852338734, -0.5232511372444861, -0.5823800425494647, -0.8188022316115027, -0.5934562987552797, -0.5955246866704508, -0.5934562987552797, -0.2765491215915349, -0.3219170762807884, -0.3219170762807884, -0.7984318062596161, -0.7984318062596161, 0.3621359363369272, 0.59901693505067, 0.8222664581659553, 0.8008289852723217, 0.7562546353172973, -0.350383952945763, 0.6403402816579554, 0.7100952335444534, 0.7102544962255246, 0.7100952335444534, 0.09602260517565284], [0.9731844195837254, 0.958921911006336, 0.40282704674176956, 0.9709577987279209, 0.9606044419978128, 0.9731844195837254, 0.9517800916560367, 0.94345040896592, 0.9505448122235073, 1.0, 0.9246845935906545, 0.951815209852396, -0.25774000876738956, 0.9514702422388902, 0.9393260247332089, 0.9371048584815405, 0.08557051548338461, 0.9573802302501411, 0.9573561816687576, 0.9519591062735304, 0.9519503802181568, 0.046958307011203224, 0.6775187428104464, 0.95371903888291, 0.9539335942817535, 0.8277971341579705, 0.13623553684645917, -0.10957977591426873, 0.9603150671028581, 0.9604467161755753, 0.11773236104140232, 0.05618820649157097, 0.961718299434731, 0.9620050361955332, 0.8538645667792844, -0.4503066747550542, 0.9363414273980688, 0.9608716186945596, 0.9494298249025297, 0.06289746006296346, 0.9630938951958496, 0.9630573257272583, 0.9630938951958496, 0.7834681984088009, 0.4172416247732256, 0.7468456309419262, 0.8598336655166345, 0.8317399155578248, -0.5538224636688509, -0.686377252264011, -0.3041808677963223, 0.8683864592549984, 0.0683278103776933, 0.9028543996991963, 0.9029046175134822, 0.8604974311688628, 0.8549410332005222, 0.8858973529049483, 0.8636130992617108, 0.8778458951958054, 0.8786681996684034, 0.8778458951958054, 0.8039133986814082, 0.7824295370373228, 0.7845405471773663, 0.7824295370373228, 0.855810212437381, 0.8757027188441775, 0.8539563437965769, 0.8547398246624025, 0.8539563437965769, 0.6257249136299228, 0.5454531482006737, 0.6269843448088114, -0.4103597941503973, 0.6480307492828318, 0.6688117372154003, 0.6719089709247101, 0.6688117372154003, -0.2670522911229638, 0.8606753699125015, 0.9212399689208106, 0.8785925143599908, 0.8765830576473951, 0.18160507907661616, 0.8527805903332559, 0.8541205541725203, 0.8527805903332559, 0.8644247921928147, 0.8644247921928147, 0.01245066493532781, 0.2940899691029593, -0.09223718594099467, -0.5132550798508234, -0.40167710165379933, -0.4036309878178249, 0.05597194284621933, 0.3879893990568196, 0.09488417739344901, -0.03756935671167528, -0.36363050229307287, 0.00017437686258154546, -0.8114107046636234, -0.16148490084130418, 0.27659376808516684, 0.2757103462599464, -0.3616586596556912, -0.43886924585990145, -0.31678275466348177, -0.3225573927565049, -0.6849921415975976, -0.33790560427392646, -0.3399057736811806, -0.33790560427392646, -0.06671655256017356, -0.35547142436288615, -0.35547142436288615, -0.5386802358965661, -0.5386802358965661, 0.5653686711345528, 0.6711982378464245, 0.7600236267544122, 0.6705115856128392, 0.8373352978308878, -0.44638147675234063, 0.3854696780674527, 0.5613581414643865, 0.5616397592123338, 0.5613581414643865, -0.2296571509541526], [0.9822375099310768, 0.9801814180778635, 0.9966539073469235, 0.9872021303875372, 0.9953700846376331, 0.9822375099310768, 0.9995950925618552, 0.9983020586663849, 0.9995422054521846, 0.9246845935906545, 1.0, 0.9995921683641269, 0.9995884388638463, 0.9995438234532253, 0.9754918787965638, 0.9682037568937384, -0.38431418626966957, 0.9997383571057046, 0.9997422972866233, 0.9995993882058456, 0.9995992464564872, -0.26572908293930114, 0.9622604729815286, 0.9925269578929439, 0.9925004599505077, 0.9890621206009507, 0.022091870991479048, 0.08046274139994725, 0.9893465256314116, 0.9893997044036364, 0.9719110246352292, 0.01369591236328893, 0.9987204357289642, 0.9986633582267388, 0.998474207386516, 0.9992487540963809, 0.9992048823179787, 0.9987214690598789, 0.9712622927488066, -0.39465697159978813, 0.9984125651685265, 0.9984236057626782, 0.9984125651685265, 0.9038053950629995, 0.47613497363069734, 0.913411454351749, 0.8869771625054106, 0.6904650197161317, -0.5361085092417257, -0.658088294713573, 0.7931018696000486, 0.8062433026110627, -0.2932680057070673, 0.9214791954787116, 0.9216784557413911, 0.8549220463981089, 0.8646794519541109, 0.8315417054140765, 0.8341667070095196, 0.8407658021653145, 0.8417029667430292, 0.8407658021653145, 0.6666829082474831, 0.6211644908372255, 0.6238258096576932, 0.6211644908372255, 0.8655552209290583, 0.87463221874552, 0.8640864105340608, 0.8655614242761797, 0.8640864105340608, 0.3155429790682141, 0.2456572183007285, 0.37365698812097403, 0.49744242821333695, 0.3680363734500885, 0.41616696931963376, 0.41886009808802915, 0.41616696931963376, -0.41281140003815, 0.7759522577038761, 0.8267995186349165, 0.8067481616741075, 0.8638027434579798, -0.14552602458288655, 0.7688238434980847, 0.7693713638841515, 0.7688238434980847, 0.7832994751400463, 0.7832994751400463, -0.30943574290299314, 0.6789773629686967, -0.4015949062110878, -0.6973468441975913, -0.5481224033251766, -0.550399260601206, -0.3691311041696966, 0.15577655312459604, -0.275116069998186, -0.4484090458674264, -0.641877757945775, -0.35237525349731497, -0.6228471103197905, -0.4181641568573728, 0.026451773795283587, 0.022692296029914745, -0.5651469541706519, -0.5303032942071302, -0.5491255146099439, -0.5831771445029165, -0.5774635714170873, -0.5523699903989706, -0.555322561214793, -0.5523699903989706, -0.43977965439685557, -0.6051522566895373, -0.6051522566895373, -0.6067765838705557, -0.6067765838705557, 0.357234658028731, 0.3542940960754118, 0.469652557848399, 0.5521617620901608, 0.5501101282735653, -0.5524270582815642, 0.2947708935012833, 0.31381644700215355, 0.31398389965369333, 0.31381644700215355, 0.21882940379921414], [0.9909255588499147, 0.9782986134339985, 0.5611749630854596, 0.9925083314723981, 0.9968030051335437, 0.9909255588499147, 0.9999961886263542, 0.9980026283660368, 0.9999691551429731, 0.951815209852396, 0.9995921683641269, 1.0, -0.14644763850334241, 0.9999943750397959, 0.9964965880811515, 0.9911593323539023, 0.38606870493181156, 0.9998392316558392, 0.9998393431145036, 0.9886089972834096, 0.9999970258659404, 0.344243244118004, 0.6714764156983725, 0.9897676542786823, 0.9845741683875271, 0.9860766042197975, 0.22580864512596674, -0.18768768224990307, 0.9921196548340311, 0.991862280640224, 0.16902532538926898, -0.2535975846807664, 0.9992975092299237, 0.9993919435556424, 0.3540796236466143, -0.3277484076075051, 0.9986996922110771, 0.999310571335902, 0.994427980191325, 0.3664664236640656, 0.9320280654694401, 0.9990262829036182, 0.9320280654694401, 0.9102689987668056, 0.6213113625760207, 0.9184491484043297, 0.8900993741500918, 0.689882404493457, 0.41412796693686393, -0.08153834513346736, -0.21068777436266006, 0.9234126932335089, 0.40308806880929093, 0.9683536821298905, 0.961283250157523, -0.08172759885444417, 0.8305492810070569, 0.8030431919895052, 0.8503059624658232, 0.7964030830538551, 0.7636575512330388, 0.7964030830538551, 0.760758164231893, 0.7637947424834114, 0.7617554518374106, 0.7637947424834114, 0.8375469218503891, 0.3106930215454103, 0.5273487816146374, 0.6093982901037359, 0.5273487816146374, 0.527796083996229, -0.3613728986315376, 0.48935365871547887, -0.6623072702900282, 0.4072050568400036, -0.12848320981599243, 0.37097149351542535, -0.12848320981599243, -0.15292266884505906, 0.8129592020479891, 0.8227951487658793, 0.8118043189215399, 0.7364762983476435, 0.3817146946020211, 0.8159856482190856, 0.8179293322103467, 0.8159856482190856, 0.7239996884984334, 0.7239996884984334, -0.2464654191420687, 0.6874222334504599, 0.2521479338828532, -0.5919666826746202, -0.6141269700760079, -0.61721522867878, -0.10618060709899818, 0.00038885992813552815, 0.3558001863214778, 0.08223271661022405, -0.42778284096140695, 0.09948516643633121, -0.8265176547643137, -0.12327278480005581, 0.03981810222861514, 0.0402401515704751, -0.5950640557296658, -0.6075433591095363, -0.05464781444584317, -0.5801959448225064, -0.8437232160807709, -0.3481661676193538, -0.1748353829459044, -0.3481661676193538, -0.2738766459229383, -0.3182303220638018, -0.3182303220638018, -0.8371521328430072, -0.8371521328430072, 0.36221749802975073, 0.6004984590374001, 0.49804354290406144, 0.8071566567500682, 0.757970033874203, -0.32131871333751433, 0.059972688668790367, 0.7634715434361732, 0.7820589878636375, 0.7634715434361732, -0.1454711892065699], [-0.12888672527388162, 0.9782589150933757, 0.5143045329663934, -0.1332323176837917, -0.34338302181824737, -0.12888672527388162, -0.14677947232666871, -0.1561329110684126, -0.3187934551469181, -0.25774000876738956, 0.9995884388638463, -0.14644763850334241, 1.0, -0.14582363599706497, -0.14380975609759103, -0.11968431907378187, -0.2934501817909185, -0.147267566577539, -0.14772584745609013, -0.2694597850921341, -0.14732235002803928, 0.02597989947385986, 0.3091826776554783, -0.18053690363913844, -0.18087473028656095, 0.986055847669557, 0.24863093558616317, 0.18650264123269963, -0.18326672775978448, -0.18388511135449195, 0.537467565707562, 0.12083265343742006, -0.1446040594222306, -0.3039984236956648, 0.16787167398265918, 0.9594839411847714, 0.9986979779648748, -0.3355517334546077, -0.1414321515066584, -0.2833525123936734, -0.14494196987105756, -0.14579963188085887, -0.14494196987105756, 0.9103496773700521, -0.11810452443251213, 0.9184225413235547, 0.8900441102205497, 0.689868768624809, 0.08427805250763078, 0.2539359229522311, 0.6445835481762562, -0.26534978595429604, -0.29706267168002104, -0.06411211770589886, -0.29974963224884227, 0.030789838207314537, 0.28016148273924885, -0.017795911095941083, -0.3005334031544695, -0.015607937057739506, -0.0057843074304261, -0.015607937057739506, -0.4069919761222043, -0.10329248397218821, -0.10542132904707469, -0.10329248397218821, -0.19914762399973177, 0.07269224553701623, 0.049414879070182396, 0.04937849368811797, 0.049414879070182396, -0.4074481199024868, 0.00694357082254754, -0.3714585526187368, 0.6210751535227675, -0.34001568031429147, 0.008785075996498581, -0.05816438725024529, 0.008785075996498581, -0.3068606105825614, -0.3349614825302551, 0.822768418913176, -0.11239908769995478, 0.017491638321645277, -0.22051176000900943, -0.2578608346124104, -0.25733928353220065, -0.2578608346124104, -0.02392121225652855, -0.02392121225652855, -0.22646920823162892, 0.6873515265319596, -0.16216449977299832, -0.020815312516289063, 0.19668534308461405, 0.19524847407738083, -0.2520871234104865, -0.008664519754836085, 0.019709871683151907, -0.17465678267021972, -0.11244145853629017, 0.041379721741886276, 0.3837635347988736, 0.1134468717077492, -0.03990270118181122, -0.04381407116165312, 0.08501497511427546, 0.5698034675408733, 0.09151907408864655, -0.1952690865176093, 0.612101553060653, 0.09549326902498709, 0.10352721662296055, 0.09549326902498709, -0.2388754706497002, -0.19708697569045178, -0.19708697569045178, 0.32267823029654186, 0.32267823029654186, 0.3623272669081126, -0.2513537634456724, 0.018203115697191637, 0.09203214991902044, -0.2471001395299884, 0.0718097383874391, 0.15436173668657016, 0.10556371845488893, 0.10549178760008622, 0.10556371845488893, 0.1254918450070349], [0.9909904256399519, 0.9780792871327023, 0.5615036347165534, 0.9925453821612567, 0.9968339972125322, 0.9909904256399519, 0.999992500765691, 0.9990131473423226, 0.9999736597198787, 0.9514702422388902, 0.9995438234532253, 0.9999943750397959, -0.14582363599706497, 1.0, 0.9962895251987612, 0.992494565911119, 0.3861856076123529, 0.9998422784555718, 0.9998423040143871, 0.9887689148369595, 0.9999943877245836, 0.3449333261465277, 0.6713180409793489, 0.9932692287943334, 0.9931577007883564, 0.985957135321369, 0.22609827577974875, -0.1877325274240579, 0.9928645118149502, 0.992909201361074, 0.1698222027272582, -0.25342565058601, 0.9993478679083058, 0.999391017977961, 0.3530149621603603, -0.3268848301717467, 0.9986376650902246, 0.9993137268011518, 0.9946668151555675, 0.36660860717184823, 0.9315116576610588, 0.9990824818195055, 0.9315116576610588, 0.9105514205298089, 0.6220502743054862, 0.9188051784253216, 0.8904630744730884, 0.6895683656841783, 0.41555078602874, -0.07991274603728225, -0.21089218717232486, 0.9238132522075009, 0.4033786577766433, 0.9687759285412822, 0.9616500033138459, -0.08276266780431425, 0.8308314050556814, 0.8029632295080139, 0.8505674946325613, 0.796364099705671, 0.7632544186945521, 0.796364099705671, 0.7609545125938325, 0.7637494371861475, 0.7621767219108723, 0.7637494371861475, 0.8378986586773866, 0.3100004266127831, 0.5268277628701639, 0.6094303722898871, 0.5268277628701639, 0.527624659383336, -0.36256296791074283, 0.48925316328194424, -0.6624621313356291, 0.4068069742699916, -0.12950496427397856, 0.3706182882960512, -0.12950496427397856, -0.15286553103829467, 0.8130956406687412, 0.8223951121325324, 0.8119033757748133, 0.7266657867154609, 0.38210591889024165, 0.8161109519251064, 0.8180437217265172, 0.8161109519251064, 0.7238046820802835, 0.7238046820802835, -0.24812383210353836, 0.6883299880663307, 0.25266247826907384, -0.5919494336749493, -0.6145170172917553, -0.617610048731776, -0.10737676037816213, -0.0008902432232196733, 0.35610649157541485, 0.08177158187460817, -0.42805362609824393, 0.09956227371148514, -0.82563204757358, -0.12311378254992333, 0.03875376908056481, 0.03917079653351657, -0.595715280695321, -0.6078388210654384, -0.05405746917626237, -0.5815789740029468, -0.8437114583356452, -0.34810180946617275, -0.1742675395829851, -0.34810180946617275, -0.274899783240283, -0.31871894446988674, -0.31871894446988674, -0.8375036368101278, -0.8375036368101278, 0.36238680560241043, 0.6001692908806124, 0.497487442460487, 0.8076082731534192, 0.7574019955879256, -0.32083225685769373, 0.05928623557381847, 0.7638750923400552, 0.782668543578678, 0.7638750923400552, -0.14514274277979827], [0.9860881273861799, 0.9495204233483016, 0.5584743104660541, 0.9875938588726573, 0.9891818505008098, 0.9860881273861799, 0.9964954083394144, 0.9952434307631486, 0.9932370801118959, 0.9393260247332089, 0.9754918787965638, 0.9964965880811515, -0.14380975609759103, 0.9962895251987612, 1.0, 0.9975389557732001, 0.389454861013034, 0.9956830724637445, 0.9956832256065284, 0.9830951913648327, 0.9962535341757152, 0.3443379360772812, 0.665324195088926, 0.9888817805348936, 0.9800491486759104, 0.9281014068650514, 0.22366494465239528, -0.18772127376603298, 0.9893744902382554, 0.989327754840709, 0.17033165439919545, -0.2555310614489162, 0.9958586367742046, 0.9932076465807818, 0.3491524704159018, -0.32290445966963066, 0.9755394570040467, 0.9924237939636997, 0.998532600966524, 0.3700000876595565, 0.9265664020705555, 0.9956229139523706, 0.9265664020705555, 0.8873124039170202, 0.6213439227745643, 0.8598961877811199, 0.8316289941391987, 0.6712698543927329, 0.416273592493792, -0.07657683475104332, -0.21162250619693124, 0.9194446009439976, 0.4032978283165151, 0.9663771247708978, 0.9560332056023019, -0.08722916739404735, 0.8099403271017828, 0.7981967887571736, 0.8404763433070587, 0.7914509349465992, 0.7624252621061384, 0.7914509349465992, 0.7476055026489337, 0.7591082035211028, 0.7605697795104446, 0.7591082035211028, 0.8261063584702296, 0.30634991471884865, 0.5221063413292576, 0.607635987731886, 0.5221063413292576, 0.5208334451279063, -0.36500147613224426, 0.48116798282442635, -0.6601284355845872, 0.3997840003856173, -0.13150363264075546, 0.36775817349754036, -0.13150363264075546, -0.15538480973969185, 0.8031179182418825, 0.7961840497060735, 0.7951771100872032, 0.7353522601880477, 0.38734414647222226, 0.8079792265797381, 0.8103401421117322, 0.8079792265797381, 0.7188850765021989, 0.7188850765021989, -0.24908489674972242, 0.6610060260830999, 0.2526201618226416, -0.5818623136286943, -0.6117271092061761, -0.6145979258528479, -0.10600257281201925, -0.005287689178365058, 0.3581610239024358, 0.08521956329258969, -0.4187815319564289, 0.10223930369901531, -0.8218804142508851, -0.11945286364312713, 0.03479406836377844, 0.035679003611202686, -0.5932775396979902, -0.6006895957322339, -0.05022962899860548, -0.5747016379686087, -0.8399460058146129, -0.3445768108009624, -0.17060806246152466, -0.3445768108009624, -0.27226642773599796, -0.3171009342253702, -0.3171009342253702, -0.8339002885955679, -0.8339002885955679, 0.3436987889738063, 0.5953970713982122, 0.4946498483634779, 0.8069660770771732, 0.7514635792225676, -0.31804269600115553, 0.057079854016605515, 0.7639208882591788, 0.7834794664252602, 0.7639208882591788, -0.14356540074831547], [0.9867911539530735, 0.9509661365490901, 0.5930940429261565, 0.9883083846344105, 0.9873404752012247, 0.9867911539530735, 0.9906276292130659, 0.9831943576328259, 0.988843