var config = { responsive: true }

var correlationClose = {"data": [{"type": "heatmap", "z": [[1.0, 0.9999816088522863, 0.5485202589235222, 0.9996932374873981, 0.9973406566270957, 1.0, 0.9904272808870297, 0.9857997894653087, 0.9910428504132989, 0.9725602405197932, 0.9805157801720492, 0.9904736700715195, -0.14226995979100243, 0.9905417477277253, 0.9905907614839273, 0.9933532735044014, 0.4920428250611262, 0.9915997326960914, 0.9915857811503749, 0.9833511616952891, 0.9904615010485913, 0.4442612432198319, 0.646994713135961, 0.9769045498625715, 0.9768792512192858, 0.954920726121273, 0.29017597909261045, -0.12704750409998847, 0.9898863861567885, 0.9898474859928804, 0.2655814436060899, -0.21284831799934192, 0.9934896002069792, 0.9943952104802332, 0.8023431444197625, -0.3947445314216632, 0.986543972242072, 0.9941051910999493, 0.9940352827122945, 0.47489732126412526, 0.9936886536557095, 0.9936747362836976, 0.9936886536557095, 0.8923322990346729, 0.680691927380367, 0.8598007146505321, 0.8812640061665528, 0.7986124737352694, 0.39644228255364067, -0.11965131217235322, 0.1939482868513024, 0.9471837523736593, 0.48574290120451763, 0.9775100878341476, 0.9714779044643261, 0.9108433726709018, 0.9030806960209063, 0.9299670020788882, 0.9029662137810054, 0.9265117411527928, 0.9273526005430297, 0.9265117411527928, 0.8358028245032211, 0.9036521930892362, 0.9048264025729649, 0.9036521930892362, 0.8885405248465714, 0.7203864935925218, 0.8645278987712104, 0.8662574034176979, 0.8645278987712104, 0.6060019097359065, 0.3003035366405843, 0.5816990083850112, -0.5998381943411979, 0.473059481260188, 0.5335215232015248, 0.5351585060549903, 0.5335215232015248, -0.09444571533660792, 0.8758015810139217, 0.9068841408834815, 0.8885732018564911, 0.9123433329477907, 0.4982175962631262, 0.8735266010605169, 0.874861197913352, 0.8735266010605169, 0.8848051480422042, 0.8848051480422042, -0.16964182407505118, 0.5270348089444289, 0.2025236208343863, -0.527915745531055, -0.5528889578595144, -0.5566430732678314, -0.017331846605919535, 0.041939675667859166, 0.2736286196233887, 0.1675334018015307, -0.3377018517628036, 0.07430875506478027, -0.7900567047326281, -0.19195484189942963, 0.11002020145350963, 0.11023276148372832, -0.5283925820412254, -0.6091703582488093, -0.1926707226184696, -0.47229636240659856, -0.8304251807132029, -0.3318089095360142, -0.3225452930346353, -0.3318089095360142, -0.17486793639167594, -0.23722890616933864, -0.23722890616933864, -0.8194616967705084, -0.8194616967705084, 0.4029443927932829, 0.6638264707474638, 0.8762229668279382, 0.8548842070036492, 0.7935984907948685, -0.22791155949094885, 0.7728993859200147, 0.8134383718495006, 0.8136961359886555, 0.8134383718495006], [0.9999816088522863, 1.0, 0.9664546207345835, 0.999148367524006, 0.993172859546846, 0.999981608852286, 0.9760597939052478, 0.966236854116268, 0.9758204242627083, 0.9558556882862735, 0.9781440427635174, 0.9761144220379194, 0.9760710564668893, 0.9758702356505843, 0.975056807973278, 0.984254141897192, -0.21585869183219875, 0.9819529477282858, 0.9819216359618763, 0.9761901609648134, 0.9761797534202981, -0.16841291144386783, 0.96518715813236, 0.9685727602339992, 0.9686525450562957, 0.9551816857050205, -0.010376301753830208, 0.14216908370640197, 0.9745911122722076, 0.9746688633124375, 0.9702022842706863, 0.11860231468838046, 0.9864912193625738, 0.9865915946469361, 0.9874151442001395, 0.9785496830074669, 0.9847204127548981, 0.9864927101896711, 0.9871914451047665, -0.22294757647791058, 0.9875319120933895, 0.9875097834527706, 0.9875319120933895, 0.8924707854529189, 0.5769387796713972, 0.8602835575385758, 0.8815607318701946, 0.7978729358862076, -0.45063910285214337, -0.5540945477925844, 0.8399416314283527, 0.8614752133158148, -0.14995439917679998, 0.9351425599693529, 0.9351959358415204, 0.9163692589456022, 0.9271540684417321, 0.9030119692063105, 0.9026735497016789, 0.9101442488473147, 0.9109432011848805, 0.9101442488473147, 0.759965469007466, 0.7193005389286627, 0.7214012340493111, 0.7193005389286627, 0.9209711376921914, 0.9265226603582316, 0.9207048749576573, 0.9220291280614461, 0.9207048749576573, 0.4201283609746366, 0.3638411206092169, 0.48639196485728214, 0.589533249389413, 0.46537441134362795, 0.509630940728568, 0.5104694082406034, 0.509630940728568, -0.20842334827060116, 0.8563606847564106, 0.8951461455549162, 0.8805500228469308, 0.923964414422173, -0.014120231450945596, 0.8497162886512523, 0.8501255047051557, 0.8497162886512523, 0.8617510990557307, 0.8617510990557307, -0.27545608662428067, 0.5278865289472365, -0.38058180678363324, -0.6177649916400887, -0.46331762327941106, -0.46668193689403115, -0.2856550405290385, 0.21007856561275098, -0.20033173482833183, -0.36731695434475287, -0.5485707670518379, -0.26782352217426403, -0.5021243967144144, -0.321220478352936, 0.0841926412586181, 0.07881852442207944, -0.48045181555980243, -0.4339017054632475, -0.46170917829173924, -0.4914346135086912, -0.48392435509329473, -0.4644054063395154, -0.4676359299124932, -0.4644054063395154, -0.35591015090637246, -0.48804909201844904, -0.48804909201844904, -0.46429181830460226, -0.46429181830460226, 0.402782336663213, 0.42679549709132053, 0.5239755720069497, 0.6089966118886717, 0.5844194097147318, -0.3768568206786707, 0.39682888819851875, 0.3890277372552534, 0.3891379856004908, 0.3890277372552534], [0.5485202589235222, 0.9664546207345835, 1.0, 0.5414082176334591, 0.42017841497546266, 0.5485202589235221, 0.5385666037484969, 0.5260962785573501, 0.4278138660012267, 0.365223933622843, 0.9964917245302534, 0.5385881223076803, 0.519377400769296, 0.5389489011240988, 0.5411649929929563, 0.578359771825756, -0.08034095984000858, 0.48022675782404983, 0.47939095696172007, 0.42899141305404015, 0.5375520014265727, 0.20191581512789147, 0.6790119353059567, 0.5029150611262305, 0.5026235177609945, 0.9814782474025169, 0.2739053032365791, 0.1816142663313131, 0.5059870263112507, 0.5054735007978635, 0.7716051959237293, 0.005126122204764252, 0.5373833878002464, 0.42790623502705655, 0.5296343050565897, 0.3731743467104396, 0.9936687317323951, 0.41356771192031866, 0.5401361844260287, -0.08593656095535007, 0.5533756877995598, 0.5355819077264883, 0.5533756877995598, 0.9000123934750102, 0.3930651938183874, 0.9029461781119468, 0.8678035499995658, 0.6492562064312011, 0.20185627456146876, 0.002355377492559716, 0.06272087337054082, 0.40602045208405313, -0.06286053616721275, 0.49891848085546053, 0.42646144278498227, -0.08372249789955065, 0.6649212587543942, 0.6273126779295206, 0.4502580758089416, 0.6334151986645373, 0.7041599619285731, 0.6334151986645373, 0.29484887460641374, 0.5278343919869548, 0.6347064620404864, 0.5278343919869548, 0.5298384683022941, 0.6115414194705797, 0.6491226753843915, 0.7261348161701245, 0.6491226753843915, 0.1737958717726983, -0.08097076498113234, 0.19393328522746875, 0.161971283726568, 0.19307536855113155, 0.2657498780082024, 0.3825887549206807, 0.2657498780082024, -0.16790138786090827, 0.4041531252525085, 0.789457619696394, 0.49020906494317507, 0.7209879930387771, 0.11881675556192378, 0.47618536419667, 0.47653559089971564, 0.47618536419667, 0.61422959385376, 0.61422959385376, -0.299954208547831, 0.7104043245189532, -0.23430652497206908, -0.504804747957037, -0.37232758969058405, -0.376053215203234, -0.3809503882954456, -0.005193256450437314, 0.02735744372590545, -0.24013559912349916, -0.48820109883504725, -0.12538566549328792, -0.20473237321359009, -0.19433641045817754, -0.04285926947204986, -0.04668807476684435, -0.4320142139178123, 0.027665501663376786, -0.2054503131785218, -0.46834849734110046, -0.09213863310109323, -0.3412762160972071, -0.21684091495014735, -0.3412762160972071, -0.42780565871899634, -0.49555792712226454, -0.49555792712226454, -0.22452056541528015, -0.22452056541528015, 0.32289438846344787, 0.1233708276296056, 0.23497923970133824, 0.4822075168907561, 0.19891391783480278, -0.28709482130000064, -0.040196908306449744, 0.443165181501648, 0.5601657428766447, 0.443165181501648], [0.9996932374873981, 0.999148367524006, 0.5414082176334591, 1.0, 0.9985564989135324, 0.999693237487398, 0.9920917262798097, 0.9879507991688361, 0.9930955224916701, 0.9702793091904253, 0.9859744408262372, 0.9921256992832287, -0.14698925528474852, 0.9921646636077833, 0.9922051622199477, 0.9949649382824542, 0.4779947948040927, 0.9930282333656888, 0.9930159388347336, 0.9838558341963015, 0.9921051174490333, 0.4353472997636154, 0.6501781195710866, 0.9799504841019391, 0.979925922610961, 0.9667645871280396, 0.2849051836253217, -0.13465735845116714, 0.9897143556516093, 0.9896866152645507, 0.2568550759462763, -0.21389109764205794, 0.9943362867313338, 0.9955570113052045, 0.7600521137602743, -0.40080348956071293, 0.9905566623560964, 0.9955150075304503, 0.9946945842366322, 0.4604617846018304, 0.9918089086253299, 0.9944201887637043, 0.9918089086253299, 0.8910476011902576, 0.6678742203540479, 0.8687939989156125, 0.8767626280499394, 0.7750415505505427, 0.3907750460763051, -0.125876307755661, 0.18715867575380027, 0.9413721947321178, 0.46955657408903884, 0.9732136490688053, 0.9686553054456349, 0.8854505404224496, 0.893248030579715, 0.9142363200854314, 0.897439827432532, 0.9058795316463456, 0.9070465074996432, 0.9058795316463456, 0.8252467726086423, 0.8895790300964824, 0.8908721227018809, 0.8895790300964824, 0.8836416356716676, 0.6500675894485708, 0.8181593924429982, 0.8199373480085552, 0.8181593924429982, 0.5953945706378327, 0.09666746220786536, 0.5689995232030222, -0.605242397051819, 0.4659605556134034, 0.27698191824090634, 0.5024857570573775, 0.27698191824090634, -0.1015145739284631, 0.8684684006835245, 0.8949651589687802, 0.8775774499341336, 0.8843408329535228, 0.4850822895985751, 0.8672722023735644, 0.868787253141487, 0.8672722023735644, 0.8614744454206843, 0.8614744454206843, -0.17635866881977622, 0.5567496591510515, 0.20725802035164237, -0.5391026732340268, -0.5610576230644054, -0.5647169502182721, -0.03027960775544059, 0.03598522210335753, 0.2662589857360718, 0.1546481991092799, -0.3511155593729119, 0.06744781094706147, -0.7972434306673474, -0.20020600944408354, 0.09829535474849743, 0.09855443042965722, -0.5362540522802278, -0.6061320923742366, -0.19467473946242728, -0.48542980268290853, -0.8331913112776039, -0.3338504351414767, -0.32515317256812554, -0.3338504351414767, -0.18481097866515675, -0.2478898939934296, -0.2478898939934296, -0.8200062049688223, -0.8200062049688223, 0.38759236652743057, 0.6515751263457623, 0.8687205068089997, 0.8474359279494098, 0.7862324927232256, -0.2419556103708068, 0.7640748372926875, 0.8049297653589862, 0.8051972966277441, 0.8049297653589862], [0.9973406566270957, 0.993172859546846, 0.42017841497546266, 0.9985564989135324, 1.0, 0.9973406566270957, 0.996619236264034, 0.9945126235462125, 0.996806662759712, 0.9592630286446504, 0.9949358938652063, 0.9966392311319473, -0.36374622100428106, 0.9966710935810649, 0.996680804378558, 0.9977500297956107, 0.28837789028420385, 0.9972436332468332, 0.9972369924215277, 0.9856223438021129, 0.9966273298167756, 0.06159493550482475, 0.6044179934563714, 0.9900168170655026, 0.9899704176031263, 0.9824833984956758, 0.021147282979746697, -0.12132311731220344, 0.9880563396624502, 0.9880000381710856, -0.06830090060051039, -0.11326494585976317, 0.9976627510296824, 0.9976058226602516, 0.7318249796025774, -0.5487142769411639, 0.996947562278273, 0.9978344480443404, 0.9979355709151208, 0.26489313551241017, 0.99763031976844, 0.9976301797451904, 0.99763031976844, 0.9069751077553061, 0.6289602621829107, 0.8927415778223423, 0.8799895816758742, 0.7389734936862131, -0.09271597799209169, -0.5747073414573237, -0.23969972044140522, 0.9263099834640592, 0.32700326671584096, 0.9664574238717915, 0.9665250771413575, 0.8774173293463697, 0.8687138127867617, 0.8974107873691526, 0.8811637256122218, 0.8953105212168645, 0.8957992380620822, 0.8953105212168645, 0.7930250819678297, 0.8278015717163273, 0.8293422781415183, 0.8278015717163273, 0.8692092451527303, 0.7546038774759631, 0.8487808967737197, 0.8498861476453822, 0.8487808967737197, 0.5438022626812042, 0.40566410460811386, 0.5259772376897138, -0.6564228189898136, 0.5207863669364083, 0.49730183899007424, 0.49703031200656905, 0.49730183899007424, -0.12123736794917897, 0.8456092257282704, 0.8608800412089724, 0.8472080282791761, 0.8879471571902713, 0.3478726577536227, 0.8474643290648877, 0.8489288431422631, 0.8474643290648877, 0.8559563110497376, 0.8559563110497376, -0.22141493699064363, 0.6214501441417584, 0.061363197087643116, -0.575345734579886, -0.6215853570376433, -0.6220055450183714, -0.06771486482160984, 0.056825611378667845, -0.13394605124465514, -0.09852201400913307, -0.44314851674551264, -0.30851752097981644, -0.8660219740160481, -0.5045544790274705, 0.0626663429171656, 0.06275387897263698, -0.5684541733619016, -0.5974369724272698, -0.4992106548466969, -0.531077031161704, -0.8032143331130237, -0.5574227644900537, -0.5599244063077571, -0.5574227644900537, -0.23079554799728733, -0.2883574528473234, -0.2883574528473234, -0.7693009753445212, -0.7693009753445212, 0.36475444291360504, 0.6292568260582259, 0.8170538866612297, 0.7909086509253376, 0.7727755709244266, -0.38396729337456226, 0.612916112934318, 0.6956824244285884, 0.6961016332292346, 0.6956824244285884], [1.0, 0.999981608852286, 0.5485202589235221, 0.999693237487398, 0.9973406566270957, 1.0, 0.9904272808870297, 0.9857997894653087, 0.9910428504132989, 0.9725602405197932, 0.9805157801720492, 0.9904736700715195, -0.14226995979100243, 0.9905417477277253, 0.9905907614839273, 0.9933532735044014, 0.4920428250611262, 0.9915997326960914, 0.9915857811503749, 0.9833511616952891, 0.9904615010485913, 0.4442612432198319, 0.646994713135961, 0.9769045498625715, 0.9768792512192858, 0.954920726121273, 0.29017597909261045, -0.12704750409998847, 0.9898863861567885, 0.9898474859928804, 0.2655814436060899, -0.21284831799934192, 0.9934896002069792, 0.9943952104802332, 0.8023431444197625, -0.3947445314216632, 0.986543972242072, 0.9941051910999493, 0.9940352827122945, 0.47489732126412526, 0.9936886536557095, 0.9936747362836976, 0.9936886536557095, 0.8923322990346729, 0.680691927380367, 0.8598007146505321, 0.8812640061665528, 0.7986124737352694, 0.39644228255364067, -0.11965131217235322, 0.1939482868513024, 0.9471837523736593, 0.48574290120451763, 0.9775100878341476, 0.9714779044643261, 0.9108433726709018, 0.9030806960209063, 0.9299670020788882, 0.9029662137810054, 0.9265117411527928, 0.9273526005430297, 0.9265117411527928, 0.8358028245032211, 0.9036521930892362, 0.9048264025729649, 0.9036521930892362, 0.8885405248465714, 0.7203864935925218, 0.8645278987712104, 0.8662574034176979, 0.8645278987712104, 0.6060019097359065, 0.3003035366405843, 0.5816990083850112, -0.5998381943411979, 0.473059481260188, 0.5335215232015248, 0.5351585060549903, 0.5335215232015248, -0.09444571533660792, 0.8758015810139217, 0.9068841408834815, 0.8885732018564911, 0.9123433329477907, 0.4982175962631262, 0.8735266010605169, 0.874861197913352, 0.8735266010605169, 0.8848051480422042, 0.8848051480422042, -0.16964182407505118, 0.5270348089444289, 0.2025236208343863, -0.527915745531055, -0.5528889578595144, -0.5566430732678314, -0.017331846605919535, 0.041939675667859166, 0.2736286196233887, 0.1675334018015307, -0.3377018517628036, 0.07430875506478027, -0.7900567047326281, -0.19195484189942963, 0.11002020145350963, 0.11023276148372832, -0.5283925820412254, -0.6091703582488093, -0.1926707226184696, -0.47229636240659856, -0.8304251807132029, -0.3318089095360142, -0.3225452930346353, -0.3318089095360142, -0.17486793639167594, -0.23722890616933864, -0.23722890616933864, -0.8194616967705084, -0.8194616967705084, 0.4029443927932829, 0.6638264707474638, 0.8762229668279382, 0.8548842070036492, 0.7935984907948685, -0.22791155949094885, 0.7728993859200147, 0.8134383718495006, 0.8136961359886555, 0.8134383718495006], [0.9904272808870297, 0.9760597939052478, 0.5385666037484969, 0.9920917262798097, 0.996619236264034, 0.9904272808870297, 1.0, 0.9971071526466414, 0.9999671253152562, 0.9495704213987723, 0.9995598863930846, 0.999996034553923, -0.16056145127369778, 0.9999921727760467, 0.9999194183238141, 0.9939543446111435, 0.42634066264921466, 0.9998299557490343, 0.9998300941210662, 0.9881616444640068, 0.9999962570716572, 0.3396866340853988, 0.6513659984188696, 0.983872555636091, 0.983866461270899, 0.9840523242655309, 0.20475641618860665, -0.19486112769528402, 0.9923756550767626, 0.992072910893125, 0.15481409635576723, -0.2650910105849276, 0.9992838181967079, 0.9993716758064244, 0.3320740817398566, -0.3315702959855556, 0.9985809477511159, 0.999265107029003, 0.9982044459040443, 0.40720717752876484, 0.928761158289499, 0.9990089979692955, 0.928761158289499, 0.9152102699203979, 0.6307081268905528, 0.9169807454406741, 0.8889165263503873, 0.6889235951560607, 0.4194680555344685, -0.06962420525318515, -0.2122362546908582, 0.924178936391354, 0.4261545430430332, 0.9686392705031818, 0.9610534424858987, -0.09389813592544409, 0.8150898708425242, 0.7936858545976755, 0.840223827702551, 0.7865265302779437, 0.7558879551461005, 0.7865265302779437, 0.7467030765995109, 0.7558086503536502, 0.7566360996102971, 0.7558086503536502, 0.8253282130033716, 0.2888139159038087, 0.5081847604866813, 0.5964745316530468, 0.5081847604866813, 0.510225613825184, -0.3648211572727927, 0.4698254579262936, -0.6691903101857349, 0.384645101609676, -0.13561539708642542, 0.3557463914072682, -0.13561539708642542, -0.14695288813100982, 0.800679947438702, 0.8050988735426982, 0.796308892805243, 0.727540443800792, 0.43191948515100775, 0.8049331746705818, 0.8070854345399523, 0.8049331746705818, 0.7113632170815517, 0.7113632170815517, -0.25920913890055836, 0.6752961979453714, 0.2579464026241266, -0.5606648326856495, -0.6056783170560828, -0.6088419473733568, -0.08446617570090546, -0.017582497699939043, 0.3665790549487871, 0.11380410446579842, -0.38198049813017415, 0.1157082580291521, -0.8252782513890289, -0.10570428073360354, 0.024511205082067927, 0.024844933556388296, -0.5839731436189601, -0.6116013074831833, -0.03591952045873606, -0.5697893078819608, -0.8456373436464826, -0.3316046817458735, -0.1564166073179546, -0.3316046817458735, -0.26772915476643416, -0.3002800233802262, -0.3002800233802262, -0.8398596294225535, -0.8398596294225535, 0.36096936940743046, 0.604885059251676, 0.49462663836275017, 0.809065806907881, 0.7611341908595487, -0.3025820318869901, 0.05888234506075976, 0.7674142677168333, 0.7859678053361694, 0.7674142677168333], [0.9857997894653087, 0.966236854116268, 0.5260962785573501, 0.9879507991688361, 0.9945126235462125, 0.9857997894653087, 0.9971071526466414, 1.0, 0.9994432550454871, 0.9407647223598998, 0.9981383345012069, 0.9979223734994949, -0.17043402949064965, 0.9989691180263982, 0.9986599345636433, 0.9863649735008585, 0.40428938703408807, 0.9990241859904401, 0.9990261566102016, 0.9851517731809629, 0.9991377990431035, 0.31176005263669937, 0.6500409416708154, 0.991622639648574, 0.9814185901944669, 0.9791229597594466, 0.1840637068879867, -0.210471362053428, 0.988679271988746, 0.9920966326166105, 0.13357846929257122, -0.2725662821764534, 0.9980987088931382, 0.9979827740543631, 0.31021173136788927, -0.33941958842138276, 0.9957873461911964, 0.9977769859080368, 0.9975379822431918, 0.38463745433324226, 0.9194744601504391, 0.9979374815996394, 0.9194744601504391, 0.912740719521851, 0.6145929215901748, 0.917715820929763, 0.8844924656430998, 0.659919785528835, 0.40576151923761705, -0.08577809864514994, -0.22641331015750807, 0.9146707773654171, 0.4048302634719744, 0.9637684406281998, 0.9552678695621215, -0.10536705261306041, 0.7987102783788442, 0.7740087228918294, 0.829060177523854, 0.7680949494881186, 0.7417109438434718, 0.7680949494881186, 0.7307334132208405, 0.7336846271936082, 0.7413327350719201, 0.7336846271936082, 0.8143758632301868, 0.26585483595618503, 0.4837691961743484, 0.5774244475245839, 0.4837691961743484, 0.49395405239081275, -0.38141668219668523, 0.45162234954844765, -0.6790913065262374, 0.37395932265506093, -0.16030095870341698, 0.3365492226554006, -0.16030095870341698, -0.1545201905056245, 0.7876068481656894, 0.7835845602011644, 0.778960435130919, 0.7106096861422548, 0.414674377824996, 0.792559696807199, 0.7949580953435319, 0.792559696807199, 0.6898488516761307, 0.6898488516761307, -0.2772337633841758, 0.7078273408609698, 0.2664354849886267, -0.5709570722278665, -0.620452850177149, -0.6234125862591549, -0.10068387795850288, -0.02701201202941071, 0.35974029088594495, 0.09384814571683127, -0.3961052888013561, 0.10631737050126379, -0.8328712057063772, -0.11230764747319928, 0.0068827051747676815, 0.007232688239574839, -0.5974465218268964, -0.613192769446964, -0.04287975814976494, -0.5897795969736955, -0.8464630956896979, -0.34412876715021734, -0.1627815943127518, -0.34412876715021734, -0.28779912280757947, -0.315791813040547, -0.315791813040547, -0.8390610743498488, -0.8390610743498488, 0.3355803270698636, 0.5860118650070291, 0.474369193651043, 0.7902512916350332, 0.7471163032863547, -0.32670554744617136, 0.043574448154078245, 0.7473064965581386, 0.7696033450537045, 0.7473064965581386], [0.9910428504132989, 0.9758204242627083, 0.4278138660012267, 0.9930955224916701, 0.996806662759712, 0.9910428504132989, 0.9999671253152562, 0.9994432550454871, 1.0, 0.9482877575118472, 0.9995018020303833, 0.99996822682399, -0.33722366780482527, 0.9999728982888798, 0.9999321106886039, 0.9980748447126843, 0.32345449736373033, 0.9997680448188349, 0.9997686255785669, 0.9879317762438052, 0.999965348411529, 0.11058458802818359, 0.6039924602341811, 0.993859358529138, 0.9938008132155693, 0.9838227545995627, 0.004441985987203315, -0.134712092022438, 0.9908724850486786, 0.9908426904140191, -0.04925424958269729, -0.2265386445115294, 0.9992986933963011, 0.999259112465227, 0.7455624666100337, -0.5365400871347158, 0.9984845549112232, 0.9992468082492002, 0.9991463945851571, 0.3007245081290018, 0.999139281074274, 0.9991445438587022, 0.999139281074274, 0.9151571074383692, 0.6318424182531013, 0.9165326079815095, 0.8881667430936532, 0.6882086286272591, 0.01525550812751711, -0.5192939935444525, -0.1882790499218332, 0.9193278402782149, 0.3761328388371431, 0.962373932417175, 0.9613546629752568, 0.8477754138184783, 0.8158408977277011, 0.8687079551059556, 0.8410121759047623, 0.8666645214935272, 0.8674582642129326, 0.8666645214935272, 0.7457221033581355, 0.8085594497394181, 0.8102978746107701, 0.8085594497394181, 0.8266777873957345, 0.7130640907187072, 0.8163249445966164, 0.8179050249377776, 0.8163249445966164, 0.5092325893945993, 0.3279778137245603, 0.46877836085200264, -0.7021902669139393, 0.4446169570696023, 0.40754939785116284, 0.4076169351989109, 0.40754939785116284, -0.10190414008056993, 0.8010356197768944, 0.8047839585276517, 0.7964050963984164, 0.8588915590312906, 0.3621507758111997, 0.8112032269631418, 0.8137499614918523, 0.8112032269631418, 0.8196602539315917, 0.8196602539315917, -0.2616499545394624, 0.6763725158668971, 0.08676197826238218, -0.5731335241875309, -0.6487107648977318, -0.6494992054244049, -0.08816791255676643, -0.01547882870239136, -0.14184162254895932, -0.07015314256646554, -0.43277514829691394, -0.3408126564328365, -0.8796459086522191, -0.5448614106151928, 0.023192092400041962, 0.023812270602791483, -0.5859769087688879, -0.6076308866012635, -0.5091865395164279, -0.5720852870623031, -0.8224441235677035, -0.5817810218495216, -0.5837932001905589, -0.5817810218495216, -0.2703453609876676, -0.3039994419235275, -0.3039994419235275, -0.8026058108889697, -0.8026058108889697, 0.36142758715953827, 0.6037368363432916, 0.8243276629521937, 0.8024397765674643, 0.7595852727420664, -0.3318385398931983, 0.6457657453637629, 0.715839438405548, 0.7160035339510776, 0.715839438405548], [0.9725602405197932, 0.9558556882862735, 0.365223933622843, 0.9702793091904253, 0.9592630286446504, 0.9725602405197932, 0.9495704213987723, 0.9407647223598998, 0.9482877575118472, 1.0, 0.9188499506923916, 0.9496054449008821, -0.28371602337290275, 0.9492467345371672, 0.9485310269504668, 0.9505819305217451, 0.13880742748839936, 0.9555443801454301, 0.9555194260473867, 0.9497505142123452, 0.949742124075762, 0.0381812817381454, 0.6568084404252575, 0.951618878283484, 0.951839282279002, 0.8065386629086347, 0.10259907395359033, -0.11622773355958918, 0.9581835972739459, 0.958323191068307, 0.0904808698308118, 0.04123595434954383, 0.960005729690797, 0.96028651464006, 0.8453577426622382, -0.4661042375684996, 0.9314704615654519, 0.9591903181251464, 0.9607185930107323, 0.11569470753178089, 0.9614343765284018, 0.9613975865764074, 0.9614343765284018, 0.777569179996875, 0.42824399412679115, 0.7263539739716995, 0.8553464321573104, 0.8359184544539355, -0.5534571639488285, -0.6842789652164329, -0.31195723825222005, 0.8656391437364971, 0.09967126759612938, 0.8983384091718374, 0.8983825196473909, 0.8526870071058129, 0.8450708234418324, 0.8796762914247245, 0.8559010472761643, 0.8712545186574349, 0.8721383102630609, 0.8712545186574349, 0.7934114039103836, 0.7713820410875674, 0.7735239399677988, 0.7713820410875674, 0.8477318463700795, 0.8691808504913149, 0.8458274639909369, 0.8466656318200502, 0.8458274639909369, 0.6128283581216579, 0.5325418083707203, 0.6140329055680827, -0.4267349043169294, 0.633983857440152, 0.6558065475102479, 0.6590568803946844, 0.6558065475102479, -0.25637710577692013, 0.8526433216110753, 0.9155141782965862, 0.8715204937744875, 0.8701463367269702, 0.243835837840518, 0.8442522337285201, 0.845677864556652, 0.8442522337285201, 0.8566716409809126, 0.8566716409809126, 0.010997924671829563, 0.2524628570015259, -0.08038857020185491, -0.4751797359277405, -0.3888811042857262, -0.39076381419639816, 0.0841654423330712, 0.3787824418598354, 0.11599796588170315, 0.00041488807707505145, -0.31300195781557555, 0.02652571945024257, -0.8128874972044832, -0.13548359287936046, 0.26920191955399575, 0.26800414029716635, -0.3443126655881664, -0.4375181871637369, -0.2971177948168101, -0.3010817740715132, -0.68775346663699, -0.319058059905616, -0.32097587081220985, -0.319058059905616, -0.05366892406548222, -0.33625721537604825, -0.33625721537604825, -0.5372274716851035, -0.5372274716851035, 0.5792918570960793, 0.6768112031800243, 0.7608109450646701, 0.6688568596066177, 0.8402883177500751, -0.4298526825196718, 0.39033344521096297, 0.568435720194013, 0.5687254677564051, 0.568435720194013], [0.9805157801720492, 0.9781440427635174, 0.9964917245302534, 0.9859744408262372, 0.9949358938652063, 0.9805157801720492, 0.9995598863930846, 0.9981383345012069, 0.9995018020303833, 0.9188499506923916, 1.0, 0.9995570959710742, 0.9995536244329473, 0.9995035642808889, 0.9995400342288588, 0.998446669372234, -0.341620554061357, 0.9997140669751021, 0.9997182500951647, 0.9995660011343814, 0.9995656889231416, -0.2926757223193007, 0.9586030094544679, 0.9918132034707684, 0.9917850222135666, 0.9874051445823704, -0.03146738690927315, 0.06679207930042386, 0.9889845507090209, 0.9890537235061131, 0.9705166203392093, -0.01366286367714045, 0.9986299830523812, 0.9985755416839268, 0.9983566337176504, 0.9992186188691091, 0.9991450249040682, 0.9986134497365587, 0.9983777604851367, -0.3526638949029756, 0.9983035925928265, 0.9983148726733291, 0.9983035925928265, 0.9089452796344152, 0.4988275218499782, 0.912144891966935, 0.8863364760845508, 0.6901260783912341, -0.5484657525911454, -0.6672455403117503, 0.8001843981755458, 0.806681962376522, -0.26817576755625694, 0.9206954693883534, 0.9208779050819619, 0.840847952710155, 0.8514035740376791, 0.8153549423016606, 0.8182841542966861, 0.8250649408345611, 0.8260843221853001, 0.8250649408345611, 0.6401956342704828, 0.5934136001204617, 0.5959416563073133, 0.5934136001204617, 0.8525408042302631, 0.8624647586992623, 0.8507612770895177, 0.8523785680227508, 0.8507612770895177, 0.27978724626005463, 0.2121187791757146, 0.3414697759815569, 0.4648005070058286, 0.3309948263082969, 0.38353296842460766, 0.38627920202573424, 0.38353296842460766, -0.4117770621727432, 0.7551982285890306, 0.809365957946104, 0.7875958547729965, 0.8501709107852291, -0.07798568428676868, 0.7471831711272313, 0.7477414670512799, 0.7471831711272313, 0.762717914016829, 0.762717914016829, -0.3246899885377264, 0.6671961922744545, -0.39989989356861555, -0.6628067465376524, -0.546324582131617, -0.5485072244744359, -0.35111010111639185, 0.13803962408290296, -0.26226745892907977, -0.42184283262457395, -0.6026741985659547, -0.3352019086532837, -0.6291434711533038, -0.40072295083305676, 0.008584068044518866, 0.00425199591940916, -0.5592719555920546, -0.5228290241298559, -0.5409397584289196, -0.5752263378761109, -0.569586382788819, -0.5447029553091907, -0.5476231978828867, -0.5447029553091907, -0.44053461662916343, -0.5992305893760497, -0.5992305893760497, -0.6047177616428632, -0.6047177616428632, 0.356495307476135, 0.3624551385433505, 0.4701098838360536, 0.5556398183157768, 0.5547178158767516, -0.5442250092341556, 0.30455902270934765, 0.32517479687111106, 0.32535974876104706, 0.32517479687111106], [0.9904736700715195, 0.9761144220379194, 0.5385881223076803, 0.9921256992832287, 0.9966392311319473, 0.9904736700715195, 0.999996034553923, 0.9979223734994949, 0.99996822682399, 0.9496054449008821, 0.9995570959710742, 1.0, -0.1602154539150524, 0.999994115116772, 0.9999247545349712, 0.9947905008947191, 0.4264285477289723, 0.9998314099740586, 0.999831524823804, 0.9882073129180703, 0.999996908932332, 0.34002733223417125, 0.651446003043775, 0.989411012142557, 0.983855130167213, 0.9840344124604765, 0.2050483343372243, -0.19480488294862564, 0.9923700027894745, 0.9920851573126366, 0.15506903719315684, -0.2650585072498961, 0.9992860518690035, 0.999376377725663, 0.33204785323627156, -0.3313429673158554, 0.9985829570143294, 0.9992742895122474, 0.9982083160800462, 0.4073022968607528, 0.9287433521933895, 0.9990118021597478, 0.9287433521933895, 0.9152321047388902, 0.6308713008515452, 0.9172243411477314, 0.8891481463956794, 0.6890799191149165, 0.41988471869982175, -0.06914442147567537, -0.2118442592979267, 0.9242678515438796, 0.4262483688404084, 0.9687393271025194, 0.9611287675060083, -0.09369306642723732, 0.8152641760129223, 0.7938012680855868, 0.8403500115245874, 0.7866397153012682, 0.7558236198768746, 0.7866397153012682, 0.7467781780705506, 0.7558715808265464, 0.7565640147093642, 0.7558715808265464, 0.8255013977324013, 0.28867862334662253, 0.508198358075126, 0.5963797091638673, 0.508198358075126, 0.5101611720495787, -0.3648413800822697, 0.4697734128378329, -0.6690743910036303, 0.38452091039899455, -0.13575058520451097, 0.3557895909093136, -0.13575058520451097, -0.14710997478235902, 0.800755381984321, 0.8052562644365864, 0.7964162198921104, 0.7275318068365985, 0.43201458352551797, 0.8050240586722576, 0.8071721188750972, 0.8050240586722576, 0.711447246301147, 0.711447246301147, -0.2591936702627947, 0.6752885393007549, 0.25806502790597297, -0.5606764831614469, -0.605589667327961, -0.6087594207747871, -0.08455282241706925, -0.017740853655092155, 0.36675642195164265, 0.1138307097977228, -0.3820214640054565, 0.11597864961941559, -0.8249891370038962, -0.10539918735922682, 0.02454633029251704, 0.024897591153839195, -0.5839624998234981, -0.6114114726695165, -0.035657052937671074, -0.569769056582725, -0.8455186825145229, -0.3313629581726499, -0.15619848707865916, -0.3313629581726499, -0.2675788167927059, -0.30023666247132785, -0.30023666247132785, -0.8397993949297599, -0.8397993949297599, 0.3615111220745448, 0.605049381298883, 0.4948901940239171, 0.8093387297639082, 0.7612323846724343, -0.3023408272619254, 0.0591824008155094, 0.7676769770232414, 0.7860892723774103, 0.7676769770232414], [-0.14226995979100243, 0.9760710564668893, 0.519377400769296, -0.14698925528474852, -0.36374622100428106, -0.14226995979100243, -0.16056145127369778, -0.17043402949064965, -0.33722366780482527, -0.28371602337290275, 0.9995536244329473, -0.1602154539150524, 1.0, -0.1595705328778364, -0.1558325869345129, -0.13150869162332068, -0.29091416676360826, -0.1610431899315874, -0.16145456439396577, -0.2843333906350208, -0.16103498121864707, 0.023407934986910982, 0.30893521181387457, -0.19610550772305027, -0.19644337190661706, 0.9840127341167066, 0.2452903115748447, 0.18629623568366635, -0.19516274336747577, -0.19578316630083778, 0.5361872681626316, 0.12016124820146382, -0.15787235510681968, -0.32113546389192743, 0.162940095454781, 0.961741827833502, 0.998580621505018, -0.3541481551659734, -0.15290976065996836, -0.2807086138819175, -0.15823466625248211, -0.1589587204639216, -0.15823466625248211, 0.9152983544289085, -0.11963579836309299, 0.9171812204790694, 0.8890722156664344, 0.689055561820325, 0.08374864300627256, 0.2579764649726624, 0.6445805631349506, -0.27416908872681517, -0.29576522059026045, -0.07246353903125406, -0.3118210962832195, 0.022576762944946423, 0.25224013502916587, -0.027497619339084244, -0.32172565561046773, -0.02551688492720166, -0.015085304938851768, -0.02551688492720166, -0.42925446453051097, -0.11260120659542126, -0.1147039518904112, -0.11260120659542126, -0.2212309184672888, 0.06678644807134002, 0.042109671668299535, 0.04211130172167069, 0.042109671668299535, -0.41961784780081246, 0.0072835553175892844, -0.3829374278861432, 0.6244417722244496, -0.35208720941026095, 0.00794854523966978, -0.0639646554126348, 0.00794854523966978, -0.3055470508209145, -0.35620748766630583, 0.8052432207512114, -0.14444422068398047, 0.008772935624696488, -0.21702666919672126, -0.2757224933995381, -0.2750655299906609, -0.2757224933995381, -0.033449634958153264, -0.033449634958153264, -0.23674622810275692, 0.6752048914080873, -0.1625040453140128, -0.006826792496343829, 0.20377731756597828, 0.20236975182639066, -0.2498579961298308, -0.011617270620023532, 0.02049764870032071, -0.1710143017926875, -0.10557489025723606, 0.04418912771721937, 0.3932059505429061, 0.11839570680992104, -0.042465608562035566, -0.04638843803276338, 0.09128000455178399, 0.5749404883635022, 0.0965149229863174, -0.18083326012823137, 0.6211055770303586, 0.10186943541679841, 0.10947309936425352, 0.10186943541679841, -0.23544725897239666, -0.19411513933402752, -0.19411513933402752, 0.32915592014085315, 0.32915592014085315, 0.36162055003995275, -0.256039612492937, 0.013902633509741438, 0.08825107167979261, -0.2565376446078495, 0.07734933962102211, 0.15194214711031523, 0.10270948320468941, 0.10265966181818519, 0.10270948320468941], [0.9905417477277253, 0.9758702356505843, 0.5389489011240988, 0.9921646636077833, 0.9966710935810649, 0.9905417477277253, 0.9999921727760467, 0.9989691180263982, 0.9999728982888798, 0.9492467345371672, 0.9995035642808889, 0.999994115116772, -0.1595705328778364, 1.0, 0.9999368724820884, 0.9974233977213318, 0.42655359523482084, 0.9998345746281515, 0.9998346013259544, 0.988376294599595, 0.9999941270989606, 0.3407350050159712, 0.6512782450826226, 0.9929983186264241, 0.9928805702670533, 0.983899968978164, 0.20535139864143984, -0.19485264332365296, 0.9931085550153332, 0.9931571376099253, 0.15589111589488583, -0.2648842628171809, 0.9993379022190759, 0.9993756946682649, 0.3309510966835716, -0.33045182270143864, 0.9985157801655641, 0.9992778699895061, 0.9985223388517855, 0.4074535407157731, 0.9282040707120395, 0.9990696140286499, 0.9282040707120395, 0.9155243617828291, 0.6316424382781423, 0.9176130438269554, 0.8895383629234778, 0.688746331213898, 0.4213318964234352, -0.06747953563502301, -0.21204985456989184, 0.9246874125463019, 0.42655443364674883, 0.9691732606319085, 0.9615170404468713, -0.09474588783297568, 0.8155416423205578, 0.7937184788562313, 0.8406189570087009, 0.786599893211081, 0.7554342652633372, 0.786599893211081, 0.746976103873999, 0.7558241954547213, 0.7569965630473379, 0.7558241954547213, 0.8258611694525573, 0.287970621670649, 0.5076606215455054, 0.5964168039658791, 0.5076606215455054, 0.5099780811867846, -0.36605497237087775, 0.4696601584539723, -0.6692292711563386, 0.3841038805621798, -0.1367942212826237, 0.35542675170537014, -0.1367942212826237, -0.14705148253617314, 0.8008903448452086, 0.8047959810552191, 0.7964991246409286, 0.7171656339533148, 0.432425655881661, 0.8051528443743333, 0.8072895789818606, 0.8051528443743333, 0.7112447389618283, 0.7112447389618283, -0.26095287980281606, 0.6762669637859886, 0.2585904120948826, -0.5606456936173558, -0.6059939846874751, -0.6091686972545632, -0.08578082734160976, -0.019064298772713036, 0.36706174402877745, 0.11335594270765939, -0.38230551960891956, 0.116053171250679, -0.8240715550609549, -0.10524048466827125, 0.02343657515686042, 0.023782545549561312, -0.5846390786562533, -0.6117403232429723, -0.03505787986253051, -0.5712322912538481, -0.8455035942829932, -0.33129868201545476, -0.15562261342729625, -0.33129868201545476, -0.26864427830131926, -0.3007360524228168, -0.3007360524228168, -0.8401588779861164, -0.8401588779861164, 0.36168712898216077, 0.6047317586261487, 0.4943148284554552, 0.809800704570076, 0.760666875570912, -0.3018332231510608, 0.05847924668662109, 0.7680839707153839, 0.786703990894222, 0.7680839707153839], [0.9905907614839273, 0.975056807973278, 0.5411649929929563, 0.9922051622199477, 0.996680804378558, 0.9905907614839273, 0.9999194183238141, 0.9986599345636433, 0.9999321106886039, 0.9485310269504668, 0.9995400342288588, 0.9999247545349712, -0.1558325869345129, 0.9999368724820884, 1.0, 0.9975411524835378, 0.4257258586444583, 0.9997837065513459, 0.9997849583189621, 0.9883058095980365, 0.9999207520330683, 0.34152434178573265, 0.6528129465543636, 0.9922972403241933, 0.983178521887096, 0.9839121267948185, 0.20641083811626823, -0.1938831169906214, 0.9922238147833945, 0.992235463969803, 0.1586873413696201, -0.265719105900827, 0.9993429692831545, 0.9992237378928788, 0.33078810872467546, -0.3261842136805036, 0.9984212191412162, 0.999249603471889, 0.9985030724305471, 0.40665419941180564, 0.9270914536698619, 0.9990947071047953, 0.9270914536698619, 0.9140624833134873, 0.6318040897093576, 0.9159436764511659, 0.8876094555751909, 0.6857895482671518, 0.4220096688110717, -0.06560816252582657, -0.21269649827199383, 0.9240142761289146, 0.4245904384863115, 0.9694935766607169, 0.9610427657199454, -0.09773185438656132, 0.8141889822320283, 0.7939686947749227, 0.840344357766548, 0.7868400720403842, 0.7576980712615172, 0.7868400720403842, 0.7451352380316695, 0.755264220970895, 0.7581305976373591, 0.755264220970895, 0.8259075325632699, 0.2878956411913752, 0.5072530882061247, 0.5978372925168582, 0.5072530882061247, 0.5086445896893429, -0.3684764572803532, 0.46783571568271043, -0.6668612599555576, 0.38247470326720373, -0.13789529301581158, 0.3556935533682765, -0.13789529301581158, -0.15049046433722413, 0.8002893106276369, 0.8036083277693034, 0.7956147540957375, 0.7295115465467287, 0.43293522233097015, 0.8047003466346702, 0.8071242898597175, 0.8047003466346702, 0.7113195445423507, 0.7113195445423507, -0.26151529326432893, 0.6788156938109868, 0.2590379216582216, -0.5616896495641186, -0.606023985465221, -0.6089009846775351, -0.08785479313579278, -0.02063013542919763, 0.36834674638162773, 0.11284114285478546, -0.3833014620774621, 0.11700092576882258, -0.8225572761141822, -0.10382736014492563, 0.022607029814258155, 0.02321695607653704, -0.5859699058334089, -0.6068905679186211, -0.03330071288956055, -0.5722298345823799, -0.843307684668674, -0.3304703624950651, -0.15423392734599453, -0.3304703624950651, -0.26896434215186465, -0.3035976818644612, -0.3035976818644612, -0.8379921621993086, -0.8379921621993086, 0.3589821337242561, 0.6025141928924632, 0.49236112882459654, 0.8105516873075023, 0.7590383881506668, -0.30283956172955717, 0.05637930222978683, 0.7688207852217014, 0.7880729971125358, 0.7688207852217014], [0.9933532735044014, 0.984254141897192, 0.578359771825756, 0.9949649382824542, 0.9977500297956107, 0.9933532735044014, 0.9939543446111435, 0.9863649735008585, 0.9980748447126843, 0.9505819305217451, 0.998446669372234, 0.9947905008947191, -0.13150869162332068, 0.9974233977213318, 0.9975411524835378, 1.0, 0.4195548597580336, 0.9977715727362367, 0.997768435019758, 0.9838342132476978, 0.9973568752297025, 0.35950947458878035, 0.676191767948689, 0.9705662786390495, 0.978606904376686, 0.987915812345652, 0.23300311216698516, -0.16933008464731417, 0.991496020095711, 0.989223