var config = { responsive: true }

var correlationAdjClose = {"data": [{"type": "heatmap", "z": [[1.0, 0.9999932454413217, 0.9841654998312126, 0.9999208198822699, 0.9988440609419041, 0.9888103296043752, 0.9974128755589504, 0.995085141313521, 0.9953699535458524, 0.9795415134214542, 0.991528000980621, 0.9952351933518339, 0.9944245513371398, 0.9951418407516125, 0.9952833825118043, 0.9964451335861941, 0.9981896649398422, 0.9958870852495205, 0.9959009135935091, 0.9959262970604027, 0.9951814521079234, 0.9851267897381056, 0.9682439588797503, 0.9873932672867672, 0.986199215976593, 0.979099019475201, 0.9623280647429823, 0.9408241073624071, 0.9944675896014623, 0.994666329828754, 0.9917340862076891, 0.9745382756563092, 0.9973237459668147, 0.9976340003433832, 0.9969842367058507, 0.9953024983288065, 0.994725363555044, 0.9974746252801444, 0.9975409560351413, 0.9987131437636303, 0.9972616451121618, 0.9972751632763597, 0.9762308142850744, 0.9235669804102568, 0.757700487042291, 0.8985587100384861, 0.908187446201306, 0.8454514959269149, 0.9692913114930328, 0.9444098805956382, 0.970481715867656, 0.9667906677831091, 0.9613330084304097, 0.986194715086782, 0.9825821280870118, 0.9834625459651489, 0.9760772681574577, 0.9854061776379279, 0.9826194666124699, 0.9860613700872419, 0.9858170702836554, 0.9634720529234327, 0.9656024126058669, 0.9708208717506971, 0.9704770459854046, 0.9424287345786798, 0.9744520405150761, 0.9730097418798647, 0.9813839187881609, 0.9804687550745738, 0.934363306290832, 0.853553004523821, 0.8217026833849052, 0.8725670540969278, 0.901257610512023, 0.8955313405906452, 0.8996418297377501, 0.8982908628185262, 0.6117028688789187, -0.5183784646018432, 0.9755640231904898, 0.965508899865115, 0.962173337465045, 0.9843747818753503, 0.937393177044848, 0.9807153341525752, 0.980666598891494, 0.9431452804921737, 0.981035997677743, 0.9477038836939933, 0.6091092663115071, 0.8455670094801606, 0.9115292819189135, 0.24083791970055216, 0.9164153531995881, 0.9377174927577442, 0.8081061156224038, 0.9551782067261155, 0.8961535857975885, 0.6633527527075935, 0.44433192084051043, 0.8918815194428653, 0.8615120484045006, 0.8881123277792413, 0.9664595899780497, 0.9666957938864875, 0.7373826808459714, 0.6992783576496897, 0.8277710307175095, 0.3283645375401674, 0.7944862691615489, 0.8320098286718661, 0.8184804569284524, 0.8165935460565107, 0.7379891917035224, 0.7386117368479069, 0.7181935051775379, -0.23247683795604057, -0.3664417830332971, 0.6216182498575523, 0.9005546475078727, 0.9465125993988637, 0.9503518165633006, 0.9198390237951976, 0.8282357041925638, 0.917978320184563, 0.9399506702134445, 0.9397583722949806, 0.8747294817991733], [0.9999932454413217, 1.0, 0.9810408453623745, 0.9997548712172408, 0.9973032323586488, 0.9901754984777045, 0.9925116826269288, 0.9877072048529035, 0.9877495528483199, 0.9658477618679803, 0.9903445861590413, 0.9879858283713658, 0.9877840746689432, 0.9878376102487452, 0.9879438948029048, 0.9930657369343705, 0.9951468205709476, 0.9914403615574278, 0.9914425614440902, 0.9878334515333096, 0.9879006521593796, 0.9868844939433288, 0.9584705329750391, 0.9828310245228792, 0.9824363828808804, 0.9789253287559326, 0.9698066098374388, 0.9022171682191601, 0.9878755305556243, 0.9833852616799368, 0.9754582121224753, 0.9089929939141238, 0.9943287403823234, 0.9941327467786772, 0.9944334647175028, 0.989195678719937, 0.9937889974061873, 0.9944153128537876, 0.9947561841555669, 0.9966459597338312, 0.9944388447968485, 0.994450786946629, 0.9847484896391532, 0.9233875824986566, 0.6324635392662359, 0.8984910634507296, 0.9087918790266634, 0.8455759890689087, 0.8827063015723142, 0.9126298343868977, 0.8866597694020295, 0.9013168253299648, 0.8814982410879694, 0.9557223702570578, 0.9556177053967772, 0.9716756265590979, 0.9762005016105942, 0.9693769572104981, 0.968898758530682, 0.9723663057725545, 0.972258281293173, 0.9302185494547466, 0.9389275845779368, 0.9008970951025967, 0.900739659633184, 0.7858426284568784, 0.9662723281464413, 0.9688251660383947, 0.969114364766563, 0.9684787844147117, 0.9253172894975651, 0.6205003571209627, 0.5587729908859286, 0.7212683939521136, 0.8235439221038442, 0.7453493931153543, 0.7868370169622022, 0.7851451482521127, 0.5499167963406733, -0.27245290552482265, 0.9521533394629484, 0.9601161816150859, 0.9518172331145042, 0.9727148597133141, 0.9130074360718642, 0.957326341391945, 0.9562557855315317, 0.8922547155533208, 0.9607242570861694, 0.8989880841829122, 0.406550379424009, 0.8444765725579072, 0.8448344452628614, -0.1274438741250826, 0.6062787945995022, 0.7115189041156332, 0.6197730109768532, 0.9513832878473671, 0.6389182123926699, -0.20051763194246114, -0.1202573130622676, 0.6058102070932221, 0.6140005108972978, 0.6610422609131037, 0.9531472432204867, 0.9529581605833489, -0.10834343535662311, 0.12235846029868952, -0.027337378609168416, -0.05968611564370228, -0.0315218324588893, -0.015152084136884068, -0.04630343015389878, -0.08615671144377614, 0.30593569797635894, 0.05689097362764616, 0.009668749657964958, -0.4582242032040149, -0.48800211534792215, 0.6215064305639593, 0.7427788078300095, 0.7652241839332024, 0.8288983635681066, 0.8223399923567059, 0.5263691772581235, 0.7306670425954149, 0.7633934171905425, 0.7619946891571882, 0.41234108347417664], [0.9841654998312126, 0.9810408453623745, 1.0, 0.9856249163871208, 0.9925044342381653, 0.9895448183384549, 0.9906394993322751, 0.990993975496352, 0.9942947804378923, 0.9534628992549298, 0.9967796650753991, 0.9908978394155651, 0.9928479951451898, 0.9910577832328927, 0.9909660965215507, 0.9915334171933466, 0.989371240072719, 0.9895212898590703, 0.9894871924212778, 0.9928079677718238, 0.9909225637700013, 0.9930987038324305, 0.9780534325048847, 0.9904362091521755, 0.9908237694706397, 0.9772609064896149, 0.9810572462993036, 0.944483814104171, 0.9735976658900428, 0.9767851848755909, 0.9781875446910865, 0.949601936772624, 0.9878817527989755, 0.9910022730484246, 0.9891854892862026, 0.993026493156086, 0.994455834245656, 0.9920032778290969, 0.9872559931808145, 0.9872841210573461, 0.9881550017714558, 0.9875147934965223, 0.9901841102079186, 0.92354474087148, 0.6993645481865144, 0.9261443858669685, 0.8981747949690081, 0.7500818995921019, 0.9302930556262733, 0.8994413799176232, 0.9314898764505528, 0.9266220288912256, 0.9187320232767627, 0.9534894289536731, 0.9603339990065333, 0.9285680951301282, 0.9441083139493427, 0.9517247404058898, 0.9569935761533382, 0.9524144627114581, 0.9266589810774805, 0.8907431605655808, 0.9218267726153726, 0.9221947535072287, 0.9059324246722268, 0.8565719994958154, 0.9567013378089045, 0.934143218892621, 0.952376178575915, 0.930580913585565, 0.7574313817833778, 0.7902374150909587, 0.7276115277477926, 0.8112628540794775, 0.8591131414804015, 0.8558304685555576, 0.8291061730611112, 0.8426324216014204, 0.28478753960390774, -0.5239033968976642, 0.942400601479233, 0.9112870458690933, 0.9170314779768053, 0.9290905624788606, 0.8967021578733896, 0.948212386221763, 0.9478400247016822, 0.905995489354339, 0.9450555185478873, 0.8276966941113933, 0.5785071190678974, 0.9245037964786489, 0.9316175569747895, 0.175716536669445, 0.895593094665709, 0.9197552624609078, 0.7933263567232851, 0.9765529258249799, 0.7788517993754074, 0.5722393466336558, 0.365351817299461, 0.7854184032216147, 0.7862710668642302, 0.773889020522052, 0.980447943298102, 0.9804966134968122, 0.6549951313942384, 0.6317603244643261, 0.7156853709260853, 0.25586410664960463, 0.6887244042991578, 0.7122574033458534, 0.72735277087813, 0.7086104791216049, 0.6892264170626594, 0.6628245300693245, 0.6403616747565353, -0.3094046420366783, -0.44271544697269366, 0.5715705729563733, 0.8595531368271508, 0.8969678655834048, 0.8980920491781945, 0.8924460805901495, 0.7571895588397453, 0.8712335589627948, 0.8854813492593853, 0.894449786904187, 0.7400959143663922], [0.9999208198822699, 0.9997548712172408, 0.9856249163871208, 1.0, 0.9991643731383082, 0.9897075046636583, 0.9977793393310969, 0.9956366656783483, 0.9960282656741166, 0.9792727171644722, 0.9931449862996731, 0.9957688819844845, 0.9951709365097641, 0.9956915317968383, 0.9958105976876702, 0.9969759666315188, 0.9985076307712439, 0.9963673598736204, 0.9963788789418637, 0.9964920883517343, 0.9957184607124739, 0.9864238595765061, 0.9695788031696464, 0.9885362411144535, 0.9874536308437553, 0.9818403369820774, 0.9644833712709948, 0.9420354371408071, 0.9940068457613721, 0.9943727762347923, 0.9919002477200841, 0.9742562273513948, 0.9975066659316414, 0.9979752849231324, 0.9973228591236712, 0.9959037910576708, 0.9956631263102546, 0.9978561805925807, 0.9976722239197597, 0.9988473064008276, 0.9974347868887673, 0.9974454214680782, 0.9780645296133197, 0.9192574738824862, 0.7513538696770774, 0.8992578306836859, 0.9051280593700137, 0.8346762795873155, 0.9664402765722964, 0.9409633540134836, 0.9675162850948182, 0.9641563652400025, 0.9585342518361413, 0.9841434408983134, 0.9810678947535639, 0.981564339962521, 0.9740432268569886, 0.983712277728426, 0.9816228001945476, 0.9842876271058573, 0.9840396894050751, 0.9487057564084359, 0.9637918344046006, 0.9690424781137664, 0.9686994312330421, 0.93536163672993, 0.9735987289266245, 0.9690520112393821, 0.9794400488708329, 0.9784808417387489, 0.9041879891754923, 0.8512851698932435, 0.8166356040969835, 0.8699760233202962, 0.8974275985627281, 0.8945302801138582, 0.8964084753179055, 0.8951334180825783, 0.5050247110452125, -0.5186375340295191, 0.9741836718252351, 0.9628786515384258, 0.9596812420369356, 0.9824806336531295, 0.9355505231111442, 0.9795025171070186, 0.9794542945724285, 0.9417525818678807, 0.9791147463506314, 0.9255569539521977, 0.6150320637288222, 0.8552957823337396, 0.9161779345088925, 0.24192016848687753, 0.9181906783121533, 0.9392401617120576, 0.8085131645245599, 0.9567489993433126, 0.8900570887394822, 0.6603527040133933, 0.44188089417953486, 0.8868784811151104, 0.8580385447358753, 0.8827720396261218, 0.9676238116887224, 0.9678691206716047, 0.7365651959083014, 0.6997094317635142, 0.8198911921234088, 0.33062499665123474, 0.7889944530654331, 0.8238436615856695, 0.8103912761568597, 0.8114020497681119, 0.741109470978109, 0.7388440052949513, 0.7184893479210598, -0.2278642685846418, -0.36567902870888713, 0.6195167042426386, 0.8987458845267973, 0.9448535502204525, 0.94873212503451, 0.9188583755094347, 0.8254977343035559, 0.9161235263430683, 0.9378656638796297, 0.9378306732957571, 0.8670276014130646], [0.9988440609419041, 0.9973032323586488, 0.9925044342381653, 0.9991643731383082, 1.0, 0.9923825921365754, 0.9990359345842044, 0.9981976784124307, 0.9982520684858512, 0.9723741795535473, 0.9974560596775709, 0.9982500308627932, 0.9980054492386673, 0.9982333400909434, 0.998301005584774, 0.9985631657635525, 0.999074166441446, 0.9986459431317555, 0.9986486562717551, 0.9983289913484086, 0.9982336574481554, 0.9933417751943711, 0.9771394767879462, 0.9933966894736868, 0.9933098767843133, 0.9858925111406462, 0.9789164139999301, 0.9452243149903887, 0.99058776087937, 0.9927190393790941, 0.9897276565236459, 0.9648703224743211, 0.9989509837719717, 0.998979269056781, 0.9989637187943812, 0.9983580044340769, 0.9985006918264946, 0.99906439797349, 0.9991248517430618, 0.9990357676873315, 0.998933529365679, 0.9989373781255051, 0.9886338983023406, 0.9289647105467909, 0.7267900498362337, 0.9156526070487988, 0.9081491193597161, 0.8140793926657528, 0.950695043654065, 0.9270400051568919, 0.9543444542483359, 0.9552645595672061, 0.9494716042697062, 0.98004486576459, 0.9799946265351179, 0.9768864687951878, 0.9671919393390652, 0.97792599630744, 0.976646967536913, 0.9782414183510919, 0.9779272422850666, 0.9501245417777577, 0.9524120770309668, 0.9481746447760611, 0.9477000348819171, 0.8983489038867931, 0.9700931498967542, 0.9668348928999274, 0.9739248337190562, 0.9728896597539605, 0.9280812774836745, 0.8243275837327875, 0.775906073971693, 0.8503722734954985, 0.8985345983938964, 0.878387978233325, 0.8876458512837432, 0.8863744613519101, 0.6619247549089632, -0.5916193945602783, 0.9660396694742514, 0.9489736318703352, 0.9473802214707431, 0.9781241929153459, 0.9132989594741218, 0.9709340717839262, 0.9704085163764976, 0.9293065599026569, 0.9731355754429996, 0.9339108032893713, 0.6002073440971306, 0.8805769090077754, 0.9378252581632915, 0.14671370559571809, 0.8933998957711293, 0.9212733331100829, 0.8017942536541826, 0.9630039222223034, 0.8774724120586501, 0.512656646511176, 0.31233826715384394, 0.8645679531021551, 0.8155687626047453, 0.865851747174965, 0.9722224899198847, 0.9724115722478079, 0.687963358924409, 0.6788621663413925, 0.7327545976051072, 0.3034192366631299, 0.6663515115538239, 0.7387163822963918, 0.7142039475294245, 0.6942684321885327, 0.7235058457761662, 0.7202566644104949, 0.6988701867045708, -0.45604932211786325, -0.5304100152357722, 0.6059228351542615, 0.8908671273364197, 0.9282913534886482, 0.9395494787873876, 0.9147792088696691, 0.799978839346579, 0.8970583262585686, 0.9214107818816604, 0.9208952667227166, 0.7998955573406121], [0.9888103296043752, 0.9901754984777045, 0.9895448183384549, 0.9897075046636583, 0.9923825921365754, 1.0, 0.9892027555221387, 0.9889978786721593, 0.988408414807726, 0.9656953366524316, 0.9784558126807217, 0.988963561743763, 0.9900189162173412, 0.9890603091651886, 0.9891702646962605, 0.9919916855192491, 0.9900177949069726, 0.9899175525614735, 0.9899041484660211, 0.9878098602410883, 0.9889997957092016, 0.9961399509684501, 0.9909129777962622, 0.9885203831109296, 0.9882200429934014, 0.9654230998614223, 0.9838906779443394, 0.9646116974030662, 0.9746197942582092, 0.9780103718007321, 0.9863208886613548, 0.9731458213566305, 0.9892149505171703, 0.9893542034604668, 0.9901560161315489, 0.9899822122983186, 0.9816811961689182, 0.9900526837091564, 0.9895695579394205, 0.9896274875958396, 0.9893104192353172, 0.9893057240512996, 0.9942797264703553, 0.8836482144515643, 0.7355970875883207, 0.8745546154375832, 0.9071675869520399, 0.8431263322756604, 0.9393666942685615, 0.9134486365838934, 0.9409995909042961, 0.9475191867019417, 0.9375033713103387, 0.9643001492767463, 0.9688058166558942, 0.9665948364767816, 0.9776770785622162, 0.9678248886903428, 0.9794570078844672, 0.9677874036874988, 0.9672042138805906, 0.965238995181861, 0.9576570529958349, 0.9429678335398728, 0.9424489877073775, 0.9277020739197924, 0.9761388950427543, 0.9685116183622704, 0.9675179442982096, 0.9657651973279939, 0.9455936644084518, 0.8505808551728681, 0.8026151755050851, 0.8710123415394686, 0.8917764096509642, 0.8989127617008459, 0.8826911479431213, 0.8807286505295389, 0.6299604981948379, -0.4892068931689368, 0.9728590613479852, 0.9669827210594694, 0.9639272044192184, 0.9677779601510907, 0.9333491105979868, 0.9735784737867748, 0.9732420772461248, 0.9512758299982397, 0.9631432574475214, 0.9511179809341014, 0.6142251470669363, 0.8135707721285267, 0.9325925473776105, 0.25154254421608224, 0.9067567553953138, 0.9264068167274765, 0.8050504056456721, 0.953072509870053, 0.848545180863663, 0.6137267843680758, 0.4225581856229267, 0.8458756725562541, 0.8202266449836546, 0.8427991413148196, 0.955541041248809, 0.9556310487402937, 0.701508510392712, 0.6811408896519132, 0.7666935103484834, 0.331332409202874, 0.7432381398643297, 0.7724035975197612, 0.7582080482777919, 0.7604240205711211, 0.7292787939119273, 0.7117879014255403, 0.6934847158910944, -0.25891509271160934, -0.3844485834149605, 0.6538496362574199, 0.8888038028086885, 0.9066808700754263, 0.9145345972910149, 0.9027340056467121, 0.8028018131309541, 0.8754396404069537, 0.8983520161694155, 0.8983570302059766, 0.8438318410450356], [0.9974128755589504, 0.9925116826269288, 0.9906394993322751, 0.9977793393310969, 0.9990359345842044, 0.9892027555221387, 1.0, 0.9970656711096131, 0.9995149867655362, 0.9713755422439253, 0.9993920638097913, 0.9980658064461972, 0.9990507828669596, 0.9989825010753136, 0.9987481885834671, 0.9980881396535791, 0.999842474453817, 0.9992269407223705, 0.9992323017373007, 0.9996377646029405, 0.9991938196439715, 0.9907464229700971, 0.9739325410221794, 0.9836691172525232, 0.9922428935911833, 0.9850745489843499, 0.9709571824128977, 0.9406324594666434, 0.9924686808670304, 0.9917389966762384, 0.9929552655034135, 0.9707864138852885, 0.9987856543733625, 0.9998101987442817, 0.9996091067132853, 0.9993744858096177, 0.9996303064125586, 0.9998415884077803, 0.9978323060312592, 0.9995501451477454, 0.999247471718189, 0.9988411956318396, 0.9833215853669398, 0.9333271222983707, 0.7408812355531381, 0.927861051584174, 0.9168829956167779, 0.8032935160396908, 0.9602226525538247, 0.9401629295602927, 0.9611692598827339, 0.959000810864131, 0.9540885794589711, 0.982033116462649, 0.9799729666002246, 0.9381381834743161, 0.9527412059674771, 0.9674008287872831, 0.9676024693604793, 0.969306771851087, 0.9385400204006348, 0.8851285364578932, 0.9418218263472814, 0.9536668859290128, 0.9304004535875813, 0.8712851419708277, 0.9586771462941205, 0.9268906715405218, 0.9607234773786159, 0.9383087356466607, 0.7217117958663719, 0.8188757420288755, 0.7501513955690567, 0.836080834547357, 0.8660895571015768, 0.8695510693385454, 0.8500886191924931, 0.8624976635610433, 0.23984476236951846, -0.5543119707293265, 0.9560064367126435, 0.9312884923397231, 0.932054395651758, 0.9407163262596431, 0.915742703954388, 0.9645551641249581, 0.9646228287578067, 0.919829366102673, 0.9606734224112239, 0.812510585220032, 0.5964357254983067, 0.8821167190195709, 0.915940940393839, 0.22159242675019103, 0.9155431686833327, 0.9378149622253348, 0.8021984101149832, 0.9628508258293383, 0.8309902400122542, 0.6468766037503684, 0.42489144741634427, 0.8429470080487984, 0.8358329806858636, 0.8284908995700185, 0.9724860842518412, 0.9727425594548953, 0.7214934759527732, 0.6746565203725076, 0.7845121415264892, 0.2983748942776418, 0.7651066922512674, 0.7931602992125647, 0.7843182257278019, 0.7894637908780507, 0.7188323323147229, 0.7245355559366862, 0.7023159192126748, -0.24779769028712803, -0.3927713914833835, 0.6252657346916811, 0.891580845048823, 0.9308954023878061, 0.9461611656271988, 0.9174276889711748, 0.82298183799283, 0.9151234588685508, 0.9371097042104598, 0.9364760678148314, 0.7744356912717683], [0.995085141313521, 0.9877072048529035, 0.990993975496352, 0.9956366656783483, 0.9981976784124307, 0.9889978786721593, 0.9970656711096131, 1.0, 0.9999838354947996, 0.9651446422903197, 0.9996178915843955, 0.9999968523593609, 0.9996521864642266, 0.9999977678832126, 0.9999812320175845, 0.9963432492045892, 0.9990667668598138, 0.9998829079607774, 0.9998826568654294, 0.9999548479317081, 0.9999944044194756, 0.9909691505286206, 0.9748025351844741, 0.9914913772220242, 0.9927347338622328, 0.9816534044427639, 0.9731114660736578, 0.9390365456747969, 0.9887893367669566, 0.9943621521337211, 0.991655276261592, 0.9673400432355731, 0.9994236096489608, 0.9994764172861431, 0.9996155306798468, 0.9996727402315174, 0.998685683079358, 0.9993829773190436, 0.9990954309865181, 0.9982704528472124, 0.9994935991069079, 0.9993539404643819, 0.9846815530076405, 0.9340886393924837, 0.7276775524757421, 0.9352353786358347, 0.9145051651869472, 0.7807670219207447, 0.9588871972658212, 0.9351903477086346, 0.9594957378881749, 0.9525279538071947, 0.9476384760196365, 0.9801087196990419, 0.9767056846709394, 0.9320950155092376, 0.9459342492903589, 0.9589517888863113, 0.9631172885259045, 0.9613959782202375, 0.9364780948407712, 0.8731822764621783, 0.9351513313122316, 0.9453806529282915, 0.9241244713212354, 0.855017875324462, 0.9545703059750112, 0.9188380561115301, 0.9536043184191566, 0.9326375942642843, 0.7035242393221407, 0.8080158254734195, 0.7449735792530121, 0.8251316638524044, 0.8564838880169349, 0.862904376386341, 0.8445716693825032, 0.8538110741583532, 0.21790529993290383, -0.5615693680867423, 0.9499515661713694, 0.9199452229102698, 0.9226533369231021, 0.9383809517895175, 0.9063502056726935, 0.9587144566597012, 0.9587859645738155, 0.9116558175751458, 0.9517057644951619, 0.7960711426795598, 0.5909555894738924, 0.905507570265451, 0.9291001466825667, 0.20923390429681224, 0.9145774925671514, 0.9372135935097559, 0.7993106180180066, 0.9678225626758018, 0.8352359511546651, 0.6328467493969036, 0.4110906542323323, 0.8446300347312647, 0.8329051460344848, 0.8323676589784526, 0.9756916849279118, 0.9759527553065201, 0.7111330454291652, 0.6652256074883401, 0.7869243701077532, 0.28255572032163184, 0.7600166613194487, 0.7890506491307843, 0.7860081304729198, 0.7840976642193531, 0.7109247078981182, 0.7178851252876041, 0.6949347100198068, -0.2655283194129655, -0.409580649191668, 0.605013741628943, 0.8827526311000504, 0.9288011961375982, 0.9384381429765025, 0.9108550663832079, 0.8112361606177481, 0.9086275066482776, 0.9308204411914582, 0.9304530571255035, 0.7535707385357386], [0.9953699535458524, 0.9877495528483199, 0.9942947804378923, 0.9960282656741166, 0.9982520684858512, 0.988408414807726, 0.9995149867655362, 0.9999838354947996, 1.0, 0.9644326734659315, 0.9996166339476966, 0.9999812239911492, 0.999829540281404, 0.9999897314468693, 0.9999967996886411, 0.9989592765284852, 0.9990045653313379, 0.9998151779136395, 0.9998145156560391, 0.9999660378674747, 0.9999823473874925, 0.9935711606797604, 0.9757972759027976, 0.9947784347319908, 0.9949416789231369, 0.9816305944762538, 0.9771877584615223, 0.9399708136970412, 0.9893163552405193, 0.9934011166869287, 0.9885679187885426, 0.9626528121806254, 0.9993353141514535, 0.9994167371338916, 0.9994133928030713, 0.9998302339466871, 0.9986974915880247, 0.9993747722818467, 0.9993142195423916, 0.998231395707563, 0.9993281611233469, 0.9993231786062806, 0.9889644236179336, 0.9342731310453273, 0.7285642058638996, 0.9353438539975251, 0.9148195565297231, 0.7809952689228384, 0.9466770409805194, 0.9220369743068122, 0.9498649207071475, 0.9499587683565196, 0.9450016288406923, 0.9773812010277478, 0.976847093492872, 0.965022137877627, 0.9463864956839142, 0.9659771049616461, 0.9631673987008668, 0.9663950135265916, 0.966025677078116, 0.9359309874410666, 0.9343435180337398, 0.9364674518487502, 0.9360286959982711, 0.8853550038503217, 0.9549271109371317, 0.9562108667374206, 0.9625995830062231, 0.9613062418733415, 0.9135810626822105, 0.8072452597606071, 0.7526380210517613, 0.8242232811588771, 0.8778546729481905, 0.8608347421196562, 0.8687856009094892, 0.8677542503365685, 0.6044621946530646, -0.6255452665695065, 0.9498363638851105, 0.919974424424074, 0.9227354933585081, 0.9665033124166447, 0.89517870877882, 0.9581500754050387, 0.9575865771498991, 0.9124266068045956, 0.9606254268645638, 0.917364149678392, 0.5890402244194151, 0.9049483207868717, 0.9440265416315499, 0.15355940404257387, 0.8997382359610012, 0.9267774143344673, 0.7983760207028705, 0.9664044548409301, 0.8841565033874625, 0.5398714093883641, 0.33641515328523847, 0.8718132049391408, 0.8238571377660515, 0.8737322563333391, 0.9755973388598802, 0.9758863786670822, 0.709011194618305, 0.6621947154295412, 0.7490836812900302, 0.2801915741983951, 0.6846733015874858, 0.7546039518113331, 0.7320655731975165, 0.7129479447135345, 0.7081032540473468, 0.7145315885744626, 0.691528792490539, -0.506537048111754, -0.5824641907405478, 0.6045635412935506, 0.881604567010433, 0.9273584149534189, 0.9396036843601573, 0.9098334153094502, 0.8059853892304336, 0.8970471242735875, 0.9205478445139154, 0.9199811691754528, 0.8089105626087284], [0.9795415134214542, 0.9658477618679803, 0.9534628992549298, 0.9792727171644722, 0.9723741795535473, 0.9656953366524316, 0.9713755422439253, 0.9651446422903197, 0.9644326734659315, 1.0, 0.948746307389704, 0.9655483441296178, 0.9644300548077541, 0.9652696533837694, 0.9648088144003706, 0.9664466608105294, 0.9758433998857036, 0.9699498105604165, 0.9699558516975476, 0.9653241182790131, 0.9653980368239004, 0.9654251732408446, 0.9516900743882085, 0.9723944205226789, 0.9702255536317177, 0.8837976818143487, 0.9688647836372141, 0.9497256931518726, 0.975113070384845, 0.9690245034438528, 0.9690636046293435, 0.9335636891785613, 0.9738075967855987, 0.9733595624991802, 0.9738583446158176, 0.965654891547822, 0.9570101912109382, 0.9728276012742979, 0.9736497799644548, 0.9780121745338638, 0.9740028509578433, 0.9740180237234334, 0.9556268397880587, 0.8420657416035092, 0.5485523166412231, 0.7823686189629572, 0.8904104251147549, 0.8769753181381171, 0.901726579730118, 0.8234620600592562, 0.9062562629410088, 0.9147738536784732, 0.903386915157792, 0.9308340350772051, 0.9306856238896605, 0.9435797388327389, 0.9348908522565835, 0.9544355347117296, 0.9477512427273938, 0.9526933565324378, 0.9526961287306529, 0.9124056161815477, 0.9517356741603065, 0.9357930299724029, 0.9354890659922005, 0.8534526642315693, 0.9352269426115454, 0.9434702265864441, 0.9365628010725721, 0.9355106062529696, 0.8863085965766027, 0.8150813847330336, 0.7703963097898423, 0.8594870689681698, 0.9128597251389766, 0.8835770208348702, 0.8982480543352707, 0.897506991822606, 0.7029045267457628, -0.3084693198739901, 0.9527744024969931, 0.9533251149012011, 0.9456245928245334, 0.9454430650651058, 0.8879550518706071, 0.954061570344545, 0.9539418415234823, 0.9003647621651566, 0.9561701055228012, 0.9057737956086535, 0.7010512845624398, 0.6634485204895315, 0.861687275340129, 0.17392377702618933, 0.8485972204618807, 0.8869990161811807, 0.8722533497147804, 0.9482705751244797, 0.9050042429696469, 0.44129566605753956, 0.36855190600288906, 0.8973562109417168, 0.8726530951861333, 0.9036300869156507, 0.948595176329058, 0.9489468708394357, 0.5374467453499748, 0.7015631501070084, 0.6141001502141569, 0.48281992125858403, 0.5720763055043464, 0.6287982253334239, 0.5894167864186843, 0.5654236751323868, 0.802507174219254, 0.679652168703997, 0.6442217269295766, -0.2768399230035099, -0.3231496390320118, 0.7461119758482421, 0.9168262688789752, 0.9230451825621929, 0.9099476325922808, 0.9417611167723452, 0.6546078855080354, 0.8406859243834587, 0.9091672316391793, 0.9082954324589153, 0.6913692359660473], [0.991528000980621, 0.9903445861590413, 0.9967796650753991, 0.9931449862996731, 0.9974560596775709, 0.9784558126807217, 0.9993920638097913, 0.9996178915843955, 0.9996166339476966, 0.948746307389704, 1.0, 0.9996498631578353, 0.9996257070668074, 0.9996340664009294, 0.9996429494115711, 0.9993743062054561, 0.9985420720849024, 0.9999516500391336, 0.9999523254264384, 0.9996328530854061, 0.9996433583469773, 0.9893113024698029, 0.9540338014738956, 0.990424648826768, 0.9916478600218823, 0.9866661623058062, 0.9676915104720359, 0.8878978858890462, 0.9882454307050419, 0.9921084180590733, 0.9712748462382544, 0.8918600088563023, 0.9991080298972035, 0.9991806448801729, 0.999101008530443, 0.9994372235564387, 0.9993670308257616, 0.9991225701757593, 0.9989785182914785, 0.9969820330748267, 0.9990755594729573, 0.999073323473202, 0.9889670074821983, 0.9281959067387469, 0.5888686211822557, 0.930443357456752, 0.9140816153234664, 0.7858086419218956, 0.8628645051465278, 0.8901569027201915, 0.8685391088890696, 0.8763273919468613, 0.8596694684621498, 0.9501483728864133, 0.950074627486687, 0.9461596133876141, 0.948781270331616, 0.9370855014689663, 0.9393370206725637, 0.9419814297931529, 0.941761689675657, 0.8877422068077601, 0.8995175718325319, 0.8539339276421231, 0.8536997086437847, 0.7223340695525957, 0.941976585974852, 0.9456736357077605, 0.9459099207752975, 0.9451781990713305, 0.8895637159978721, 0.565566014978463, 0.4996523445144785, 0.666061212870302, 0.7763367111919183, 0.6967058777088351, 0.7393449590651379, 0.7383239069939704, 0.487764310601557, -0.4005585336301153, 0.9128983141376533, 0.9241794954027597, 0.9125304375446436, 0.9478024701908538, 0.86290009202832, 0.9194940302217584, 0.9181016361028651, 0.8418483119096386, 0.9243409331864333, 0.8503892734096667, 0.4658500203498788, 0.9007486403064634, 0.8979090608439785, -0.10613128991924893, 0.6529830183124845, 0.7473174989749584, 0.6342639052851602, 0.9681343609220797, 0.6520128933296766, -0.1476021384945911, -0.09188770141990085, 0.6238792437479542, 0.6288945419961444, 0.6713529903248521, 0.9694981846304166, 0.9695517415085476, -0.04493965554487301, 0.17763673324979873, 0.03798928793668172, 0.0044003010816167885, 0.0312854638603483, 0.050468245468325054, 0.01796347105638777, -0.028705550947817595, 0.36459155295531004, 0.10273038104240473, 0.05180744033793656, -0.5286333981514452, -0.5581943404882223, 0.6047157602903261, 0.7340740739245913, 0.7573829133246828, 0.8234494998773935, 0.8205742121572694, 0.5042889054240495, 0.7187579417339561, 0.7551392466124288, 0.7538285038026512, 0.40052736099874625], [0.9952351933518339, 0.9879858283713658, 0.9908978394155651, 0.9957688819844845, 0.9982500308627932, 0.988963561743763, 0.9980658064461972, 0.9999968523593609, 0.9999812239911492, 0.9655483441296178, 0.9996498631578353, 1.0, 0.9996380998998246, 0.9999976277860102, 0.9999841573959019, 0.9969978927034394, 0.99913034285137, 0.9998947722848146, 0.9998946404814525, 0.9999628007066171, 0.9999948647198332, 0.9908871524437619, 0.9746919107623958, 0.9921430635311921, 0.9927015366536839, 0.9818860039489316, 0.9729574168051244, 0.9390780370535518, 0.9896688594780334, 0.9944097024681446, 0.9917225327501737, 0.9674803424423133, 0.999465296731817, 0.9995207350689994, 0.9996496670150065, 0.9996752270474253, 0.9987818639252795, 0.9994297218251443, 0.9991337273011067, 0.9983607733508091, 0.9995367268313045, 0.9993964799474331, 0.9845029534226759, 0.9343469304857175, 0.7283680329619695, 0.9351349957303088, 0.9147728421873828, 0.7819775397366694, 0.9591936781208169, 0.9356007572469232, 0.9598110300936078, 0.9528904499108928, 0.9480187664277898, 0.9803390830477783, 0.9768836301586745, 0.9324467530528312, 0.9462111468225849, 0.9593081683805794, 0.9633165416676235, 0.961743212927792, 0.9367646795479567, 0.8734678501237941, 0.9354996944414192, 0.9458401326447695, 0.9245841355886437, 0.8555351365920709, 0.9547197613008241, 0.9191195882297485, 0.9538857441472376, 0.932971084067482, 0.7037485003513985, 0.8085836669914331, 0.745564224576467, 0.8256930161123935, 0.8569058526532064, 0.8632412490865932, 0.8450393444107798, 0.8543062131649167, 0.21833804094115336, -0.561355919491346, 0.9502392118196097, 0.9204895844074118, 0.9230872136640169, 0.9386509207651116, 0.906752343513826, 0.9589979615498578, 0.9590695999376951, 0.9119736866770342, 0.952087278721714, 0.7964289127930678, 0.5912424021302233, 0.9044550471643841, 0.9285494182630427, 0.2097877175185268, 0.9146567217524866, 0.9372858550417275, 0.7996158560449187, 0.96764833068503, 0.8356600146868021, 0.6338186065310769, 0.41199835005058405, 0.845079547150529, 0.8334345016434808, 0.8327778619877555, 0.9756057543319905, 0.9758666443396018, 0.7117976928835215, 0.6658727494807966, 0.7874736881918283, 0.2834910038833303, 0.7606974756005782, 0.7897103126506869, 0.7865621981029985, 0.7847879164865625, 0.7113651432216138, 0.7183457434445604, 0.6954272855841993, -0.26445564720216014, -0.40860452637781614, 0.6056765891604758, 0.8832626439944983, 0.9291944735899332, 0.9389253809020134, 0.9112970579874382, 0.8117807015057033, 0.9091578232245721, 0.9313384726320173, 0.9309568866805135, 0.7542339788973108], [0.9944245513371398, 0.9877840746689432, 0.9928479951451898, 0.9951709365097641, 0.9980054492386673, 0.9900189162173412, 0.9990507828669596, 0.9996521864642266, 0.999829540281404, 0.9644300548077541, 0.9996257070668074, 0.9996380998998246, 1.0, 0.9996746968151585, 0.9996592937514207, 0.9990754766997957, 0.9985527199936216, 0.9994524188460748, 0.9994459140636456, 0.9996537255728013, 0.9996287301369083, 0.992823496568937, 0.9762927066398079, 0.995550912317988, 0.9954425083835844, 0.9816975784924717, 0.9757813207454834, 0.9416274662945128, 0.9888503427892531, 0.9924139655077758, 0.9907751757494161, 0.9650479165656486, 0.998748676615351, 0.999053332767345, 0.9992390287086869, 0.9999220442995586, 0.9987234445352633, 0.9990099742725577, 0.9985661758179547, 0.9976052906937649, 0.9987388623481244, 0.9986638635291355, 0.9884325437773203, 0.9343218534385155, 0.7244242141361951, 0.9352791796769429, 0.9146812332084755, 0.7812392857861462, 0.9552165012923796, 0.9285104306173743, 0.9561078617961096, 0.9494869091504926, 0.9440686129861471, 0.9767944386908077, 0.9748026451245573, 0.956403709402974, 0.9458427597096342, 0.9595481368311194, 0.9624091788654068, 0.9615080663904413, 0.9608057966320923, 0.8775462143651475, 0.9322686772298355, 0.9441073777310808, 0.9438212948666134, 0.853449694669485, 0.9549350929114678, 0.9313180999899858, 0.9557714954111752, 0.9543285583998833, 0.7079480486902195, 0.8052858007184549, 0.7688858077104506, 0.8230627153896733, 0.85835610350153, 0.862186494372217, 0.8530298331170726, 0.8532812082799924, 0.2020867156170683, -0.5560085164709341, 0.9491512156565635, 0.9201316641297826, 0.9218585893637745, 0.9594104803261838, 0.9059395711622138, 0.9576045637960441, 0.9576296392890546, 0.9114235861204756, 0.952392042230521, 0.8032620381275917, 0.5917290980660681, 0.9050627097843957, 0.9290160054496299, 0.2062633410227774, 0.9124586577081025, 0.9354514206280632, 0.8006628949429428, 0.9704213473093275, 0.8292400219278859, 0.6258111055987874, 0.406547235247071, 0.8361907360448322, 0.8280882767103376, 0.8244785894760115, 0.9776133208381996, 0.9778300494580529, 0.7024428147624275, 0.6602328405989578, 0.766303599847955, 0.28317582567203425, 0.7505892894084181, 0.7782838687605377, 0.7548889118330759, 0.7736340649088368, 0.7089279407323237, 0.7078418937820515, 0.6851875062153105, -0.27136192646087814, -0.41388932648985965, 0.6052198785343057, 0.8810389765203598, 0.9307380921644445, 0.9344473687720981, 0.9104918253222224, 0.8038369569132371, 0.9027387794328181, 0.92432559890778, 0.924593669568368, 0.7484547015900586], [0.9951418407516125, 0.9878376102487452, 0.9910577832328927, 0.9956915317968383, 0.9982333400909434, 0.9890603091651886, 0.9989825010753136, 0.9999977678832126, 0.9999897314468693, 0.9652696533837694, 0.9996340664009294, 0.9999976277860102, 0.9996746968151585, 1.0, 0.9999883560480943, 0.9985871419335485, 0.9990835117911006, 0.9998866600405443, 0.999886082834001, 0.9999569855634516, 0.9999921816723949, 0.9910074403480549, 0.9748583320514631, 0.9940229862811856, 0.9938803272554773, 0.9817903140916011, 0.9731563412798282, 0.9392262198695891, 0.9921519750574429, 0.99473547929916, 0.9915960076039871, 0.9672357444454432, 0.9994400848272337, 0.999481779185867, 0.9996260970195596, 0.9996922218445352, 0.9987306442016797, 0.999394727988547, 0.9991636606565614, 0.9982930916599447, 0.999507690487086, 0.9993712836572985, 0.98466293089028, 0.9341766601171559, 0.7277726010475647, 0.9352387775843413, 0.9147015723562277, 0.7813407855450534, 0.9589987818695623, 0.9353715852181168, 0.9596490974797524, 0.9524978493041396, 0.9475835910169758, 0.9801593829978733, 0.9766697421020466, 0.9324642108216796, 0.946082675163708, 0.9591580877633424, 0.9631867902770782, 0.961584920974321, 0.9361636091586795, 0.8734328685311114, 0.9349875674451529, 0.9454602953102699, 0.9243890422824091, 0.8551602031084626, 0.9547422811891505, 0.9192733022679022, 0.9538578881679108, 0.9330257341351395, 0.7039379130326597, 0.8079564491404466, 0.7452893536300823, 0.8251188783426917, 0.856682427265709, 0.8628715221192425, 0.8447544246510418, 0.8540117512379436, 0.21828234930410614, -0.5612316399487939, 0.9500194370615351, 0.9202025825721827, 0.922859510822481, 0.9362862278136774, 0.9066541306540024, 0.9587931646470491, 0.9588613759993404, 0.911839351651939, 0.9519120660255396, 0.796383538499954, 0.5910249101244246, 0.9050078135476299, 0.9289376408986448, 0.20930845456907204, 0.9144374918842622, 0.937104448936122, 0.7993172162315545, 0.9678395220931433, 0.8353038676601967, 0.6327294917881519, 0.41101563721095014, 0.8446817051703083, 0.833080321180324, 0.8324284655862247, 0.975745858359182, 0.9760030212813572, 0.7106704861566608, 0.6648061072308928, 0.7869333610585812, 0.2828877245754677, 0.7600152601403359, 0.7889911024283551, 0.7862108325492924, 0.7840131234852714, 0.7108209188317254, 0.7170336169896168, 0.6941199646859099, -0.265311255219794, -0.4093591010304306, 0.6053922543418565, 0.8826822012224872, 0.9289667812999671, 0.9385229471631988, 0.9109204074475319, 0.8110510523075946, 0.9088850003454588, 0.9309004831688228, 0.9306514578799057, 0.7537111164143564], [0.9952833825118043, 0.9879438948029048, 0.9909660965215507, 0.9958105976876702, 0.998301005584774, 0.9891702646962605, 0.9987481885834671, 0.9999812320175845, 0.9999967996886411, 0.9648088144003706, 0.9996429494115711, 0.9999841573959019, 0.9996592937514207, 0.9999883560480943, 1.0, 0.9985857529683847, 0.999109992105858, 0.9998830104948124, 0.9998830421660805, 0.9999562084125521, 0.9999770636970456, 0.9909135862349513, 0.9748489049935923, 0.9924499721119365, 0.9924962783279212, 0.9818829966750349, 0.9728644731651852, 0.9391455043180731, 0.9921971390675717, 0.9943248158082496, 0.9914407550850365, 0.9671185363047464, 0.9994814832705684, 0.9994678077656303, 0.9996165434978654, 0.9996824950841091, 0.9987522794861723, 0.9994008624510551, 0.9991952123759608, 0.9983429056400286, 0.9995403985463784, 0.9994181963296533, 0.9844372190304146, 0.934144360970731, 0.7284972706985958, 0.9350984352709409, 0.9148261689139393, 0.7816456347485453, 0.9596075575678734, 0.9364801148312218, 0.9603219356497574, 0.9527157702798136, 0.9478055221410473, 0.9806584601505387, 0.9768572652360231, 0.9332771826240954, 0.9465660910342193, 0.9595653609764955, 0.9633585422988193, 0.9620008285451361, 0.9375443117671183, 0.8735835702158453, 0.9345302588304474, 0.9457681124118249, 0.9251523027007001, 0.8550238395390408, 0.9551717945874939, 0.9199249876236011, 0.9544035927612557, 0.9339721553734188, 0.7036392393296607, 0.8075633919095377, 0.746297207830927, 0.8245263187444737, 0.8566403975765291, 0.8623104470697041, 0.8452360462889987, 0.8544239306323592, 0.21765466207642306, -0.5607770252346667, 0.9500503581183787, 0.9204368512368509, 0.9231033476728117, 0.9394924425010192, 0.9074228845834561, 0.9589376731489032, 0.959066253324961, 0.9121939147186874, 0.9522731158431545, 0.7962756339019746, 0.5897193392893717, 0.9045079804731203, 0.9285901458056691, 0.2080428369578931, 0.9139584466649615, 0.9365891586612667, 0.7984077663562786, 0.9674404651030762, 0.8362971143596852, 0.6324254293132645, 0.4101913237708224, 0.8452096735779762, 0.8335039057576753, 0.8331769225391125, 0.9755047941173958, 0.9757938811824911, 0.7093473654264989, 0.6625640458202186, 0.7880317032343013, 0.2812307555962256, 0.7602549132663559, 0.7893802481503911, 0.7874591520516062, 0.7842259993850703, 0.7089942052993508, 0.7147291127249961, 0.6917775356796578, -0.2645814724764406, -0.4086805439489025, 0.6047843340929905, 0.8818007655420099, 0.9295589158068908, 0.9390190534002034, 0.9101442331096261, 0.8111841282349116, 0.9099120877413633, 0.9314866648542277, 0.9313685870635209, 0.7535672198211857], [0.9964451335861941, 0.9930657369343705, 0.9915334171933466, 0.9969759666315188, 0.9985631657635525, 0.9919916855192491, 0.9980881396535791, 0.9963432492045892, 0.9989592765284852, 0.9664466608105294, 0.9993743062054561, 0.9969978927034394, 0.9990754766997957, 0.9985871419335485, 0.9985857529683847, 1.0, 0.9987385630853115, 0.9989512933889393, 0.9989490823144455, 0.9987736960398215, 0.9984770931629812, 0.9923040339618945, 0.9775274954506429, 0.9831665528951828, 0.9897008353524338, 0.9880771288209983, 0.9748490637025526, 0.9466520196802126, 0.9932822318873623, 0.993123516452012, 0.9904884013809907, 0.9673472909092781, 0.9987855796915437, 0.9987345506840813, 0.9989672204586996, 0.9986040184695967, 0.9993644582179979, 0.998869245464872, 0.9989085028284487, 0.9981471459928617, 0.9986638202355709, 0.9987364408925785, 0.9832876967577505, 0.9273870188346904, 0.734390724884214, 0.9281010927768233, 0.9175235861877231, 0.7995847640198896, 0.9630221525950122, 0.9406125141696856, 0.9643264074979454, 0.952852424821886, 0.9466016542600306, 0.9812878433219205, 0.9764285073074966, 0.9459875062250418, 0.9559115950856159, 0.9664835990001792, 0.9678476432848067, 0.9680496348192594, 0.9491851741185691, 0.885509157620971, 0.9384257707547855, 0.9507084699537087, 0.9361627279773163, 0.8659654785339691, 0.9614768188262871, 0.9335380331911363, 0.9619995502157929, 0.9466859111212156, 0.721407222477775, 0.8153016907905302, 0.7640148715491866, 0.8335060836484552, 0.869