var config = { responsive: true }

var correlationClose = {"data": [{"type": "heatmap", "z": [[1.0, 0.9999837864474772, 0.976630662402012, 0.9996956987261038, 0.9972002766525814, 1.0, 0.9897845755700343, 0.9848841757816873, 0.9903492021063437, 0.9734835523196317, 0.9782573860466044, 0.9898333716028775, 0.9899990385865397, 0.9899057533553718, 0.9899704548570104, 0.9929807750519984, 0.9931473105331483, 0.9910368153045241, 0.991029401148429, 0.9909554720409073, 0.9898286705688419, 0.9764068637087676, 0.9628622215563186, 0.9754000763313236, 0.975370712853072, 0.9469208897648174, 0.9508677090120399, 0.94216380899475, 0.9897709157357266, 0.9897261825032062, 0.9855744853491207, 0.9746711581691168, 0.9930531055679599, 0.9940098551600312, 0.9930727076362025, 0.9912366707184396, 0.9851162181555841, 0.9936670606113268, 0.993639510736293, 0.994595569827061, 0.9932698405366215, 0.9932598564355357, 0.9932698405366215, 0.9012322486633243, 0.7077563309437529, 0.8704041548417216, 0.9181508064130891, 0.827079155933031, 0.9668776036239423, 0.9300750832517511, 0.9577382661308957, 0.9524795312408271, 0.9563952855543916, 0.9786332465505195, 0.9725490743908469, 0.9045518511845703, 0.8914423772431113, 0.925248371613439, 0.8941052303835788, 0.9215700285857753, 0.9225364221975038, 0.9215700285857753, 0.8249991816151889, 0.901869815090064, 0.9032432081654695, 0.901869815090064, 0.8777774450015577, 0.6983544105171309, 0.8546014204321494, 0.856578935352757, 0.8546014204321494, 0.5979310223606337, 0.48541616151783573, 0.5721151872754091, 0.7237792325464417, 0.4560903568556671, 0.5238779263385436, 0.5261940395214489, 0.5238779263385436, -0.5939773765404212, 0.8651188985983596, 0.8958023957312513, 0.8774696414958256, 0.9062707230973324, 0.9318072767492703, 0.8638170103722382, 0.8654528409013195, 0.8638170103722382, 0.8775858173863782, 0.8775858173863782, -0.17584074666523783, 0.48680328358006014, 0.21879084770394802, -0.5030331221097488, -0.5342004827227975, -0.5379590050732915, 0.024957608515628442, 0.021475253439639082, 0.2997493717169256, 0.22111888653010986, 0.13119608167652294, 0.10703834134871408, 0.13431374372191926, -0.15839684269190749, 0.09407325869137456, 0.09438071921626863, -0.5030974644400104, -0.3957749098326776, -0.1560399548817761, -0.4418460318726078, -0.32343498255204606, -0.29906517270083444, -0.2894404240472224, -0.29906517270083444, -0.15397979720410127, -0.20310971963906896, -0.20310971963906896, -0.5128891207529713, -0.5128891207529713, 0.39812078028816694, 0.6745326874931469, 0.8803703153296079, 0.8575245446468962, 0.7974364958003745, 0.6797232524325864, 0.7797152618474013, 0.8212464372420857, 0.8214020665605689, 0.8212464372420857], [0.9999837864474772, 1.0, 0.9622628982627448, 0.9991185351510865, 0.9924383697127838, 0.9999837864474771, 0.9731932004578516, 0.9620949127889966, 0.9729065670641186, 0.9558317627778525, 0.9754950116594203, 0.9732467894335174, 0.9731963227863616, 0.9729758974252212, 0.972048369353397, 0.9823582531323232, 0.9807658335728885, 0.9797749327216928, 0.9797380998307438, 0.9733313739328198, 0.973319329727076, 0.9791314798070602, 0.9647853211080751, 0.9647471524670348, 0.9648403581119037, 0.9474308976146648, 0.9712378900437832, 0.9281096990615456, 0.9727240440190182, 0.9727852125864423, 0.9707786522361369, 0.9195329241008101, 0.9850186812069461, 0.9851398760797627, 0.9860655373886179, 0.9761183249855461, 0.983013369819869, 0.9850145340518772, 0.9858000869796626, 0.9855518659088424, 0.9862155640324008, 0.986187826849306, 0.9862155640324008, 0.9013686441845576, 0.639238303920786, 0.8716735444342787, 0.9194797314923723, 0.8262952224360994, 0.8779663591837491, 0.8870593084033018, 0.8695106261240232, 0.8827692610147639, 0.8748263702141633, 0.9400565314793753, 0.9400915348004081, 0.9057810644906595, 0.9179410057235836, 0.8908036970657567, 0.8902446539976557, 0.8989059838198926, 0.8997816991791867, 0.8989059838198926, 0.7402880990097179, 0.7073368318110458, 0.7097171093861037, 0.7073368318110458, 0.9112278027570003, 0.9175425086976441, 0.9107800995519931, 0.9123084192477726, 0.9107800995519931, 0.4097778213088576, 0.35452090325808105, 0.4770523247718545, 0.569759667358411, 0.44798731611987597, 0.496446502058721, 0.4976590305826669, 0.496446502058721, -0.17628039562943593, 0.8403653331693577, 0.8821847434011566, 0.8665946671442256, 0.9142093713907774, 0.9159218822852445, 0.8335074364958936, 0.8339712763508657, 0.8335074364958936, 0.8459643844264274, 0.8459643844264274, -0.284854312876406, 0.48756918726246357, -0.3735523835515707, -0.4464115768632679, -0.44902465680650777, -0.45251118548307223, -0.2428643494423545, 0.19582866538431004, -0.16442124709647885, -0.31412776397641046, -0.17490181209172567, -0.22750265879451495, -0.2528797949848112, -0.2798774956894734, 0.06865001790343651, 0.06306051903226766, -0.45647624496605466, -0.40631399244466215, -0.4342399787670779, -0.4643756896496139, -0.4567781607932757, -0.4377923686962393, -0.4408930938509669, -0.4377923686962393, -0.3424168839298662, -0.4660316949811071, -0.4660316949811071, -0.4472709794101848, -0.4472709794101848, 0.39808083619269863, 0.4501682455095967, 0.5351854410659239, 0.6151736124996451, 0.5940014505226769, 0.27314840711221894, 0.4159661711248747, 0.41701173760429944, 0.4170764650419258, 0.41701173760429944], [0.976630662402012, 0.9622628982627448, 1.0, 0.9806852751617601, 0.9905237216839805, 0.9766306624020121, 0.9849678337186948, 0.9828820912362548, 0.9920865009182901, 0.9342468475139469, 0.9961655977679735, 0.9849173936272198, 0.9823352732035244, 0.9846763395264153, 0.984563105626229, 0.9877893307077441, 0.9889197683001735, 0.9823344561486687, 0.9823163919872551, 0.9905899619279851, 0.9848246891882187, 0.9903222098795879, 0.9787550271837558, 0.9821245445347137, 0.9821442078564797, 0.9783117474816907, 0.9764814005364082, 0.9459724985230384, 0.9668881063270365, 0.9669602756665439, 0.972184736809695, 0.9485001986270162, 0.9808917518397278, 0.9875563106439934, 0.9791858491309339, 0.9822755525014344, 0.9932147050617696, 0.9895250889349883, 0.9789732186066821, 0.986592417784217, 0.9805995612562471, 0.9798625542096124, 0.9805995612562471, 0.9115122465391003, 0.6246528787489335, 0.9177950716606595, 0.8951693566992482, 0.6701671628671746, 0.9099449999644833, 0.8577545586993489, 0.8977737860471957, 0.8948717861862613, 0.9032503142285079, 0.9295831217557767, 0.9392445782237002, 0.7339660813320218, 0.7892450057588228, 0.809945308752413, 0.828649644238269, 0.8021287117429687, 0.7726487146945251, 0.8021287117429687, 0.7130688970646247, 0.7611999788879984, 0.76258620459291, 0.7611999788879984, 0.8197506940514249, 0.3817222032327934, 0.574830766571038, 0.6490503071016505, 0.574830766571038, 0.48997552595850885, 0.46243283083580633, 0.4533064588154999, 0.6124730664710866, 0.38797763679406777, 0.42269856130991484, 0.3889066362636494, 0.42269856130991484, -0.5856230997171677, 0.786917040019212, 0.7635430758169615, 0.7671241888435467, 0.7492349876791135, 0.8771203138094616, 0.7938921052675407, 0.7967490335623861, 0.7938921052675407, 0.7386431145864367, 0.7386431145864367, -0.28762887019848943, 0.6917519789357571, 0.16638319416827907, -0.6010194615035385, -0.6281433104209856, -0.6309787012185248, -0.08864200091424346, -0.021374342673708302, 0.2931756283429468, 0.08667551629365113, 0.023756816069990055, 0.0559511200178088, 0.022739301826392545, -0.15644862804137433, -0.005659520937891867, -0.005616323224244304, -0.5954354021416529, -0.5128662207888778, -0.11426014116020344, -0.5697452950522919, -0.42256784108769685, -0.3868721193213825, -0.21666258436615474, -0.3868721193213825, -0.2819603610495947, -0.34242001913563247, -0.34242001913563247, -0.6177900302556721, -0.6177900302556721, 0.3087770409685983, 0.578060267595359, 0.7859659025962779, 0.7639218941060619, 0.7328931627262831, 0.5716029167733863, 0.7128718990687685, 0.72072398741569, 0.7526134930791051, 0.72072398741569], [0.9996956987261038, 0.9991185351510865, 0.9806852751617601, 1.0, 0.9984502512642646, 0.9996956987261036, 0.99152839064272, 0.9870906031855309, 0.9925531679055238, 0.9715848971323382, 0.9843763814687027, 0.9915640702003261, 0.9916559021044035, 0.9916061160138974, 0.9916534774234073, 0.9946241373451463, 0.9947810359900338, 0.9925314691223114, 0.992523901697942, 0.9929239704682784, 0.9915489425550932, 0.979860053786753, 0.9661131825943869, 0.9785177897890515, 0.9784904114096341, 0.9609990910896707, 0.9555197398076132, 0.9436793428413941, 0.9898021051904763, 0.9897689379810003, 0.9866760541989229, 0.9743531613452714, 0.9939808039961693, 0.995320285063252, 0.9939563489176193, 0.9925355928019012, 0.9897391470022832, 0.9952330042810478, 0.9943680320012928, 0.995820688659371, 0.9940953042426591, 0.9940874156216846, 0.9940953042426591, 0.9017661182534696, 0.6957402847379144, 0.8823245577593818, 0.914301534145116, 0.804692672796987, 0.9613306617066651, 0.9222808097677033, 0.9512051611078772, 0.9471092016995476, 0.9518106008068166, 0.9745531197537212, 0.9700123965782735, 0.8771194743463759, 0.8796277869369498, 0.9083784619007244, 0.8876173178003051, 0.8995062400484451, 0.9008404995903707, 0.8995062400484451, 0.8136841282732742, 0.8875384378208248, 0.8890581349425072, 0.8875384378208248, 0.8715843050349754, 0.6229075984336446, 0.8044550134416805, 0.8065299659341559, 0.8044550134416805, 0.5870759778948634, 0.45708708537194614, 0.5589887967007982, 0.7044512844216196, 0.4485535713641427, 0.49015217098454217, 0.4932148464651395, 0.49015217098454217, -0.5959174960399256, 0.8569192954614079, 0.8820843989803971, 0.8651762576722114, 0.8761871761017341, 0.9272515864079133, 0.8568835001630752, 0.8587303789050194, 0.8568835001630752, 0.8528386369072459, 0.8528386369072459, -0.18338559206615407, 0.519370137992075, 0.2237047190884149, -0.5118143961200906, -0.5426135765892695, -0.5462848820051578, 0.01234304675014809, 0.014783102420237035, 0.29259945035421053, 0.20900339927473408, 0.12059863201531183, 0.1003916443817127, 0.12815253232275586, -0.16641830045944594, 0.08151443008699132, 0.08187385551254381, -0.5110187563668083, -0.4074525463608959, -0.1578775919018334, -0.45554582079355704, -0.3258549886023126, -0.30087973341391555, -0.2918068647308865, -0.30087973341391555, -0.16408461738876934, -0.21375454304103694, -0.21375454304103694, -0.5245369865553644, -0.5245369865553644, 0.3813553149715792, 0.6625941560146585, 0.8732099718050985, 0.8503437462550119, 0.7904561527910119, 0.6712327681261393, 0.7712437284180499, 0.813147327613172, 0.8133175742193494, 0.813147327613172], [0.9972002766525814, 0.9924383697127838, 0.9905237216839805, 0.9984502512642646, 1.0, 0.9972002766525814, 0.9964169104111352, 0.9940627256356858, 0.9966001135757668, 0.9601607128414501, 0.994467744404648, 0.9964367976931345, 0.9965424201379571, 0.9964715515662035, 0.9964653224912189, 0.9975614137853371, 0.9972067795390984, 0.9970933487784163, 0.9970892476251257, 0.9964339437575557, 0.9964298275666983, 0.9928381920981916, 0.9795355379948989, 0.9891763594870747, 0.9891285371285499, 0.9796986122242172, 0.97801180301434, 0.9482741689677425, 0.9885495097517097, 0.9884887707819616, 0.9883011813300827, 0.9655767180133277, 0.9976800359749692, 0.9976306466897505, 0.9975420085277716, 0.9970083038039624, 0.9969660783043597, 0.997840659902133, 0.9979602770790703, 0.9977017400074243, 0.9976759708723336, 0.9976771703730672, 0.9976759708723336, 0.9196887317861372, 0.659373183878935, 0.910012203142075, 0.9162828275380461, 0.7670730068065218, 0.9422596218062101, 0.8947689600913094, 0.9314262840447701, 0.9329393676597302, 0.9413596165770979, 0.9681359831371139, 0.9682347311465578, 0.865726115513876, 0.8515956181368081, 0.8880575156359727, 0.8693399862922351, 0.8858944798353109, 0.8865588239936291, 0.8858944798353109, 0.7789412983936068, 0.8221646132447162, 0.824131068724263, 0.8221646132447162, 0.854808165874051, 0.7293679829636315, 0.833991061687519, 0.8353842058627692, 0.833991061687519, 0.5334830451319372, 0.3934679530627364, 0.5137997172208052, 0.6883335682360723, 0.5040980210518216, 0.48032805716403804, 0.48096567492638903, 0.48032805716403804, -0.5805545565917467, 0.8318217469180582, 0.8436921826395186, 0.8315526030587489, 0.877546118555022, 0.8980919821510338, 0.8348677347210487, 0.8367019784367292, 0.8348677347210487, 0.8435596047855758, 0.8435596047855758, -0.23127669019844815, 0.5918574264855836, 0.07978745873745818, -0.5710181085761655, -0.6068613710657619, -0.6071988168241182, -0.026224523047809166, 0.034088006552042645, -0.1056271029689323, -0.04210733426589296, -0.033379351138914166, -0.27754729534226136, -0.33060378712040456, -0.4782602512634093, 0.04384769457489914, 0.0440416979796833, -0.5449399889666116, -0.44973647324583543, -0.4708574632389268, -0.5046028273569441, -0.5624644713497683, -0.5325816784884263, -0.535004994175259, -0.5325816784884263, -0.2123860278715762, -0.2561093169004364, -0.2561093169004364, -0.6328778947148181, -0.6328778947148181, 0.3556996688808353, 0.6399511402024383, 0.8207084463361873, 0.790921633101232, 0.7769080461868578, 0.5988310439680992, 0.6199985316850416, 0.705840589653346, 0.7062116963434047, 0.705840589653346], [1.0, 0.9999837864474771, 0.9766306624020121, 0.9996956987261036, 0.9972002766525814, 1.0, 0.9897845755700343, 0.9848841757816873, 0.9903492021063437, 0.9734835523196317, 0.9782573860466044, 0.9898333716028775, 0.9899990385865397, 0.9899057533553718, 0.9899704548570104, 0.9929807750519984, 0.9931473105331483, 0.9910368153045241, 0.991029401148429, 0.9909554720409073, 0.9898286705688419, 0.9764068637087676, 0.9628622215563186, 0.9754000763313236, 0.975370712853072, 0.9469208897648174, 0.9508677090120399, 0.94216380899475, 0.9897709157357266, 0.9897261825032062, 0.9855744853491207, 0.9746711581691168, 0.9930531055679599, 0.9940098551600312, 0.9930727076362025, 0.9912366707184396, 0.9851162181555841, 0.9936670606113268, 0.993639510736293, 0.994595569827061, 0.9932698405366215, 0.9932598564355357, 0.9932698405366215, 0.9012322486633243, 0.7077563309437529, 0.8704041548417216, 0.9181508064130891, 0.827079155933031, 0.9668776036239423, 0.9300750832517511, 0.9577382661308957, 0.9524795312408271, 0.9563952855543916, 0.9786332465505195, 0.9725490743908469, 0.9045518511845703, 0.8914423772431113, 0.925248371613439, 0.8941052303835788, 0.9215700285857753, 0.9225364221975038, 0.9215700285857753, 0.8249991816151889, 0.901869815090064, 0.9032432081654695, 0.901869815090064, 0.8777774450015577, 0.6983544105171309, 0.8546014204321494, 0.856578935352757, 0.8546014204321494, 0.5979310223606337, 0.48541616151783573, 0.5721151872754091, 0.7237792325464417, 0.4560903568556671, 0.5238779263385436, 0.5261940395214489, 0.5238779263385436, -0.5939773765404212, 0.8651188985983596, 0.8958023957312513, 0.8774696414958256, 0.9062707230973324, 0.9318072767492703, 0.8638170103722382, 0.8654528409013195, 0.8638170103722382, 0.8775858173863782, 0.8775858173863782, -0.17584074666523783, 0.48680328358006014, 0.21879084770394802, -0.5030331221097488, -0.5342004827227975, -0.5379590050732915, 0.024957608515628442, 0.021475253439639082, 0.2997493717169256, 0.22111888653010986, 0.13119608167652294, 0.10703834134871408, 0.13431374372191926, -0.15839684269190749, 0.09407325869137456, 0.09438071921626863, -0.5030974644400104, -0.3957749098326776, -0.1560399548817761, -0.4418460318726078, -0.32343498255204606, -0.29906517270083444, -0.2894404240472224, -0.29906517270083444, -0.15397979720410127, -0.20310971963906896, -0.20310971963906896, -0.5128891207529713, -0.5128891207529713, 0.39812078028816694, 0.6745326874931469, 0.8803703153296079, 0.8575245446468962, 0.7974364958003745, 0.6797232524325864, 0.7797152618474013, 0.8212464372420857, 0.8214020665605689, 0.8212464372420857], [0.9897845755700343, 0.9731932004578516, 0.9849678337186948, 0.99152839064272, 0.9964169104111352, 0.9897845755700343, 1.0, 0.9969736716998038, 0.9999661205248396, 0.9486519870876055, 0.9995113693081658, 0.9999958547911748, 0.9999558837111674, 0.9999917623032845, 0.9999143295388808, 0.99360867347052, 0.9998030752480026, 0.9998186305740057, 0.9998190932622051, 0.9999942075587214, 0.9999962809742178, 0.9906449941280157, 0.9740749366370763, 0.9831542177477538, 0.9920218074138477, 0.9814137945222733, 0.9698965988450445, 0.9375245483310343, 0.9926080039898222, 0.9922417105476101, 0.992194871953702, 0.9683939556486383, 0.9992732899691169, 0.9993580300055231, 0.9993337147885462, 0.9997298515913299, 0.9984634832253774, 0.9992297351383018, 0.9981410046370532, 0.9993419946478364, 0.9990839049324504, 0.9989966035846375, 0.9990839049324504, 0.9253011100145072, 0.6561134183242351, 0.9305443836173536, 0.91543428299407, 0.7097365270786626, 0.9497111832024309, 0.9127517981370588, 0.9374519089917203, 0.9283750846664943, 0.9398644334700076, 0.9694604223317308, 0.961557146490087, 0.6888489661197404, 0.7930520138368073, 0.7802174806434848, 0.8254832539473955, 0.7727674279559374, 0.744974231885939, 0.7727674279559374, 0.7291691990049822, 0.7478660451932693, 0.7518736279500109, 0.7478660451932693, 0.8074933754536499, 0.25623864518143363, 0.4793911080150416, 0.5768296734307756, 0.4793911080150416, 0.4976488581435311, 0.4590408190245273, 0.4544743212449495, 0.5882855171244556, 0.36346846054745136, 0.3955218402930561, 0.3427230071975206, 0.3955218402930561, -0.650162609420942, 0.7837126387915884, 0.7822618716427882, 0.7763026662123842, 0.714679769922311, 0.8817246550154411, 0.7899429979161872, 0.7925616335605083, 0.7899429979161872, 0.6944005835667247, 0.6944005835667247, -0.26978392234436044, 0.6523856717943695, 0.2669741138849257, -0.5608957846334403, -0.5896803111468911, -0.5928579218001309, -0.04571062332314937, -0.040636276799200705, 0.3858857518259515, 0.16505758155584851, 0.07544021659706408, 0.14348505584444632, 0.1117706001199771, -0.07499805769093693, 0.004836904089786445, 0.005302442052650655, -0.5618922040810437, -0.484355642619122, -0.002176933003789447, -0.5466674400563837, -0.33365733007549975, -0.30082477676403846, -0.12312211476223704, -0.30082477676403846, -0.25167288196556636, -0.2699727981675897, -0.2699727981675897, -0.5948709980769614, -0.5948709980769614, 0.3497323897844639, 0.6125375417759968, 0.8044547904672065, 0.8101450174899725, 0.7630143489104453, 0.6511690890835286, 0.7495180667485661, 0.7727697454889608, 0.790897516437714, 0.7727697454889608], [0.9848841757816873, 0.9620949127889966, 0.9828820912362548, 0.9870906031855309, 0.9940627256356858, 0.9848841757816873, 0.9969736716998038, 1.0, 0.9994124060929046, 0.9395846782472842, 0.9979511714632229, 0.9978099182127145, 0.9991975336923143, 0.9989108489853649, 0.9985769156998116, 0.9856130443368298, 0.998820271221196, 0.9989755576509984, 0.9989793448642763, 0.9994629462390167, 0.9990928557670548, 0.9905036362073678, 0.9744578621347978, 0.9911534957205054, 0.991825836455809, 0.9756047233463634, 0.971989483044948, 0.9356346981337026, 0.9889809290797342, 0.9924128616869251, 0.990450543635065, 0.9646215684639949, 0.9980618132844559, 0.9979363998834985, 0.997948467916171, 0.9989492964637178, 0.9954649887954454, 0.9976850184194497, 0.997486807589718, 0.9978007749839344, 0.9978866198241654, 0.9979191975097516, 0.9978866198241654, 0.9242160484554488, 0.6405198335665958, 0.9339684278943763, 0.9132790067325444, 0.6806627178799184, 0.9475542079982645, 0.905412872997256, 0.9338427802643213, 0.9190850731685094, 0.9321153815913751, 0.9646811316681744, 0.9558357025168078, 0.6711914638239141, 0.7738140808595554, 0.7589680944875982, 0.8127807827343693, 0.752858492594661, 0.7300348553545848, 0.752858492594661, 0.7118741091793787, 0.7247719520871649, 0.7361350693319738, 0.7247719520871649, 0.7946132216383659, 0.23149080967069494, 0.45294112718853685, 0.556498144913646, 0.45294112718853685, 0.48066475457884367, 0.45075351522201124, 0.43534311144780136, 0.5695228149076214, 0.3520008786788802, 0.38166744674011743, 0.3226750181630215, 0.38166744674011743, -0.6505541022730414, 0.7691966229461056, 0.7575760977271746, 0.7568574544863225, 0.6967766892488226, 0.8707246028288538, 0.7762867169263072, 0.779196976701069, 0.7762867169263072, 0.6712807725856381, 0.6712807725856381, -0.2893309753086328, 0.6884320348356933, 0.2762183107521427, -0.5769721614524167, -0.6051680596082029, -0.6081446824824627, -0.06200576506089791, -0.05106356892245629, 0.37947843560246824, 0.14547443953484857, 0.0588647356682689, 0.13448387609553095, 0.09590221018939717, -0.0812411031757727, -0.013977901695439322, -0.01349190054501621, -0.5758918808253676, -0.5021602798781768, -0.00873773904067542, -0.5679556128064782, -0.3480767295005498, -0.313371340170679, -0.129122657950876, -0.313371340170679, -0.27268921712700134, -0.2859745255045295, -0.2859745255045295, -0.6100427853374089, -0.6100427853374089, 0.32250855195808753, 0.5933613928155207, 0.7940632168010848, 0.791068745414427, 0.7487957935094549, 0.6341129533544114, 0.7326475773246679, 0.7524673923074511, 0.7744776903433499, 0.7524673923074511], [0.9903492021063437, 0.9729065670641186, 0.9920865009182901, 0.9925531679055238, 0.9966001135757668, 0.9903492021063437, 0.9999661205248396, 0.9994124060929046, 1.0, 0.947361098018171, 0.9994441219417213, 0.9999673084757765, 0.9999628022568307, 0.9999725460991953, 0.9999274165877952, 0.9979607981177235, 0.999705579621199, 0.9997511481324793, 0.9997521422908779, 0.9999643643412187, 0.9999646627469418, 0.9939512309292001, 0.9769792689449887, 0.9933829096903748, 0.9933193311482392, 0.9811872042864034, 0.9760073824757166, 0.9397561126406441, 0.9910564781966467, 0.9910242319741104, 0.9889914847722366, 0.9637346113583641, 0.9992876097986115, 0.9992504322296266, 0.9991090302371103, 0.9998582895810517, 0.9983622430129185, 0.9992203291317591, 0.9991178305132599, 0.9992212005897789, 0.9991291807449049, 0.9991351198151608, 0.9991291807449049, 0.9253814842555258, 0.6575738651303862, 0.9309011523532573, 0.9159028060883294, 0.7090669093221336, 0.9372788211290911, 0.8866136044799195, 0.9219798471442676, 0.9239201309973945, 0.93628629316836, 0.963073131419377, 0.9619837004731886, 0.8347790977614238, 0.7940515328774655, 0.8579391736188416, 0.826367697620529, 0.8558391729281748, 0.8567003989913526, 0.8558391729281748, 0.7283985342867023, 0.8015790550619543, 0.8034868690549783, 0.8015790550619543, 0.8089711544166817, 0.6862793708190279, 0.800173578841267, 0.8019113593163205, 0.800173578841267, 0.4965965008973145, 0.3133927813816493, 0.4540489182318205, 0.6321851885320241, 0.4252787586041922, 0.38779594711701276, 0.38810378253634, 0.38779594711701276, -0.6294637824527899, 0.7842424519512862, 0.7818023502404655, 0.7762798014714061, 0.8469954194458508, 0.868629475619375, 0.7968086282236634, 0.7995901234987984, 0.7968086282236634, 0.8054254703450692, 0.8054254703450692, -0.2724650670371315, 0.6531835828952911, 0.10329064426526677, -0.5905892012259409, -0.6350500037199247, -0.6358481083498819, -0.049380646379450104, -0.03883536705495638, -0.1156218838774241, -0.017059026910922273, -0.02207758591253558, -0.31250654128877314, -0.3413459687235018, -0.5215697953178302, 0.0034864110620890973, 0.004099056862178687, -0.5639612584500993, -0.48679245699928686, -0.482421201756273, -0.5491278651366488, -0.5797521624324946, -0.558999828216379, -0.5608722445968294, -0.558999828216379, -0.25427889428378414, -0.273856792083726, -0.273856792083726, -0.6934605055549667, -0.6934605055549667, 0.3505661526422737, 0.6115727569616689, 0.8267944517602772, 0.8020759519551093, 0.7615064119816025, 0.636144686152003, 0.6514684949044558, 0.7238178454544117, 0.7239647208945263, 0.7238178454544117], [0.9734835523196317, 0.9558317627778525, 0.9342468475139469, 0.9715848971323382, 0.9601607128414501, 0.9734835523196317, 0.9486519870876055, 0.9395846782472842, 0.947361098018171, 1.0, 0.9152837807751073, 0.9486920418259213, 0.9488029178603626, 0.9483128036574093, 0.9476099943765247, 0.9501391513039543, 0.9560331644562647, 0.955079945023714, 0.955047945193304, 0.9488424393700322, 0.9488312057547804, 0.9477222102776577, 0.9392639466203981, 0.9507073224870144, 0.9509216509097572, 0.7925916096739184, 0.9552468984610027, 0.9495338219821461, 0.9563072552639668, 0.9564502827115995, 0.9542423104951331, 0.9279514821463095, 0.9593818702358742, 0.9596456009921781, 0.9605086906337362, 0.9508744826969734, 0.9283391725368272, 0.9585733414442468, 0.9601645542953469, 0.9599680685823746, 0.9608208605776445, 0.9607827968090845, 0.9608208605776445, 0.7709739230781609, 0.45594916172297484, 0.7131388851596524, 0.8663162439819168, 0.8485695988670107, 0.8748416371088303, 0.7510097970965047, 0.8528741670368779, 0.865750446643398, 0.8761236422442941, 0.8931910655235898, 0.8932358269933209, 0.8468797352176, 0.8376563800283809, 0.8743524169760369, 0.8491851182936284, 0.865095605388218, 0.8660869312802948, 0.865095605388218, 0.7815217445402407, 0.7614378491102541, 0.7637378310005161, 0.7614378491102541, 0.8423852365593532, 0.866485683467508, 0.8401234459465896, 0.8410656005764598, 0.8401234459465896, 0.6062610189399383, 0.5263568851333329, 0.6063015809707007, 0.7321952429146763, 0.6237946174694604, 0.6465715017756597, 0.650111811152011, 0.6465715017756597, -0.2606264585699198, 0.8439974945243343, 0.9117475939270927, 0.8641994543577861, 0.8650962440442539, 0.8766405955661756, 0.8349282387336279, 0.8364551216304131, 0.8349282387336279, 0.8483938629574725, 0.8483938629574725, 0.013896640350883033, 0.20408277153587334, -0.06398788350866576, -0.33436998306043286, -0.36858747884933274, -0.37050120676604237, 0.1264124264030632, 0.3682560671788338, 0.1488557629866999, 0.05468591156864221, 0.15555649458729356, 0.06531914635197905, -0.04336451572195624, -0.09668048630135691, 0.2604969425781981, 0.25930252543105153, -0.31622442936525635, -0.26274491823729035, -0.26608719327373787, -0.2679351896157172, -0.34100062701984024, -0.28917689097726185, -0.2909233652316202, -0.28917689097726185, -0.03197781913912826, -0.30815490049595523, -0.30815490049595523, -0.3771877528005571, -0.3771877528005571, 0.5801110624424147, 0.6828922491314399, 0.7605973632278761, 0.6627451985632025, 0.8403056650547277, 0.3039036216576789, 0.39393397246924244, 0.5769934205203539, 0.5772563430348664, 0.5769934205203539], [0.9782573860466044, 0.9754950116594203, 0.9961655977679735, 0.9843763814687027, 0.994467744404648, 0.9782573860466044, 0.9995113693081658, 0.9979511714632229, 0.9994441219417213, 0.9152837807751073, 1.0, 0.9995083995115678, 0.9995039545677588, 0.9994490671269497, 0.9994895982042709, 0.9982725284137216, 0.9995518040870861, 0.9996819331140349, 0.9996874919164797, 0.9995176067431949, 0.9995186507301653, 0.9913955679650437, 0.9571795545642476, 0.9908771300914488, 0.9908491890173566, 0.9853162538993473, 0.9720582938819865, 0.8938608900105661, 0.9884669893651402, 0.9885299660294825, 0.9705213903369193, 0.8884840957979163, 0.9985422236287324, 0.9984894908346928, 0.9982487881972666, 0.9991796108405181, 0.9991035687276244, 0.9985203170437467, 0.9982663272706873, 0.9984449169199555, 0.9982011615695555, 0.9982150158103841, 0.9982011615695555, 0.9192048284745306, 0.5526580420465264, 0.9265998059714968, 0.9149117809213114, 0.711616049768562, 0.8343414799699823, 0.8373862531645283, 0.8231432979028283, 0.8211104617762572, 0.830729705917596, 0.9228434952590377, 0.9230236886951483, 0.8207734715496282, 0.8328813702393439, 0.7930141809982919, 0.7957652840309117, 0.8040739581859824, 0.805180837869271, 0.8040739581859824, 0.6092190361949497, 0.5705790886161026, 0.5734287109694884, 0.5705790886161026, 0.8339459573427309, 0.8452010182206818, 0.8318653629536714, 0.8337211948515781, 0.8318653629536714, 0.2588018566994554, 0.19192682809564116, 0.32104314809145246, 0.4346164350300797, 0.3031167664436356, 0.3601741978428041, 0.36341532478792654, 0.3601741978428041, -0.39239805324860283, 0.7285415378846908, 0.7868673134726142, 0.7636154502433515, 0.8314429404589151, 0.8277966970887624, 0.7203444676650439, 0.7209966415266716, 0.7203444676650439, 0.7363934171679196, 0.7363934171679196, -0.3374322336073997, 0.6429344437779032, -0.3942686722241156, -0.5342661539815963, -0.5370538676298607, -0.5392864873412735, -0.3156762490072085, 0.11677675993563631, -0.2339426145818427, -0.37621526948758394, -0.24306011456352966, -0.30240036290980576, -0.3380079961241445, -0.36728847479764615, -0.013485999315902731, -0.017960940402109254, -0.5410044784878711, -0.5019704193008834, -0.5196533406114232, -0.5544875813941471, -0.5488986914747482, -0.5242045519326292, -0.5269766911165669, -0.5242045519326292, -0.4322648694226489, -0.5843401438070677, -0.5843401438070677, -0.5959356283876116, -0.5959356283876116, 0.3453761851130572, 0.3773840350421545, 0.47411210857507946, 0.5554749893705562, 0.5584598061173022, 0.1701944388906924, 0.3159563859109938, 0.34438941428811803, 0.3445385253093115, 0.34438941428811803], [0.9898333716028775, 0.9732467894335174, 0.9849173936272198, 0.9915640702003261, 0.9964367976931345, 0.9898333716028775, 0.9999958547911748, 0.9978099182127145, 0.9999673084757765, 0.9486920418259213, 0.9995083995115678, 1.0, 0.9999612543189513, 0.9999937915635091, 0.9999199806189827, 0.994472300664733, 0.999805227352683, 0.9998201060559662, 0.9998204920814042, 0.999995960046628, 0.9999969245062658, 0.9905965957879407, 0.9740387755513419, 0.9888498863096531, 0.9919949012593994, 0.9813843264116267, 0.9697949262667604, 0.9374598577279522, 0.9925933047869635, 0.9922551388602211, 0.9921848380709336, 0.9684170089910666, 0.999275584170378, 0.9993630744373249, 0.9993429420894692, 0.9997355194765075, 0.9984662314179791, 0.9992397936972376, 0.9981450130630275, 0.9993497554709626, 0.9990885915932088, 0.9989994722011232, 0.9990885915932088, 0.925326999817165, 0.6562888440565199, 0.9307967354565746, 0.9156592115530396, 0.709911457062633, 0.9497565409429466, 0.9129588273596932, 0.9375389043457811, 0.9284719206150244, 0.9399451220093702, 0.9695652141562644, 0.961640313259557, 0.6887718214393517, 0.7932253236395542, 0.7803373202497487, 0.8256087080060301, 0.7728855302850139, 0.7449046078805447, 0.7728855302850139, 0.7292406768468666, 0.7479299346478558, 0.7517969538192236, 0.7479299346478558, 0.8076658130757154, 0.256093941224802, 0.4794036357691545, 0.5767270376896079, 0.4794036357691545, 0.49757707368404164, 0.45894469079453704, 0.4544131862641705, 0.5883178971555463, 0.36333303748049955, 0.39561725416351473, 0.34276438681634636, 0.39561725416351473, -0.6503167106992322, 0.7837833404397766, 0.782419317316437, 0.7764079865469821, 0.7146691968112912, 0.8818385724763548, 0.7900337492447034, 0.7926470878516128, 0.7900337492447034, 0.6944871951035335, 0.6944871951035335, -0.2697659453179456, 0.6524318151710453, 0.267102995110478, -0.5608511763887465, -0.5895845195638652, -0.5927674765730699, -0.04579169993966991, -0.040796740434925954, 0.38606994850827603, 0.16508991376780266, 0.07539103343569668, 0.14376455816730377, 0.11203102405389008, -0.07468173226755209, 0.004872542910684962, 0.0053554474042170645, -0.5618786443922774, -0.4843830070688982, -0.0019029458844280831, -0.5466452360494083, -0.3333741093812109, -0.3005704449338887, -0.12289351701133189, -0.3005704449338887, -0.25151445778162224, -0.2699214249771233, -0.2699214249771233, -0.5947294362854179, -0.5947294362854179, 0.35030270024250365, 0.6127178017617833, 0.8044936641196997, 0.8104280949714165, 0.763125277422454, 0.6514425591335066, 0.749667333650158, 0.7730402769156887, 0.791023409363541, 0.7730402769156887], [0.9899990385865397, 0.9731963227863616, 0.9823352732035244, 0.9916559021044035, 0.9965424201379571, 0.9899990385865397, 0.9999558837111674, 0.9991975336923143, 0.9999628022568307, 0.9488029178603626, 0.9995039545677588, 0.9999612543189513, 1.0, 0.9999657645762945, 0.999907628282322, 0.9974151772956887, 0.9998006080275972, 0.9998629895758228, 0.9998636739144615, 0.9999822462695771, 0.9999603365864371, 0.9901212353241696, 0.9738408122295016, 0.9927458322339594, 0.992704050502636, 0.9813511596107902, 0.9694034219980919, 0.9373806799853263, 0.9933680302623162, 0.9933874460196885, 0.9919302407141248, 0.9682088393922073, 0.9995029480570492, 0.9993669021290026, 0.999398843434411, 0.9998858987533785, 0.9984626446819631, 0.9992471614572546, 0.9992066324128744, 0.9993598425257193, 0.9993763975117823, 0.9993804944879251, 0.9993763975117823, 0.9254155320736731, 0.656446916161421, 0.9307814581710697, 0.9156080740833638, 0.7098998135137083, 0.9541194222258783, 0.9104242683580255, 0.939601106080923, 0.9285554991174475, 0.9399391174381755, 0.9692931874587098, 0.9617112744065741, 0.6396120135465507, 0.7929392283024634, 0.7790647415560551, 0.8260934624502756, 0.7718049953885402, 0.7155072772608188, 0.7718049953885402, 0.7291589541830075, 0.7379555169954493, 0.742642233955746, 0.7379555169954493, 0.8081494923872544, 0.1839726495226427, 0.46651070605352785, 0.4726779022962821, 0.46651070605352785, 0.49773032476628576, 0.35082949668638297, 0.45466814786263454, 0.587810858387289, 0.3635590415852073, 0.3620889653797911, 0.34239549045851736, 0.3620889653797911, -0.6505069904053127, 0.7842801274674394, 0.7824004104206337, 0.7761647507285819, 0.6516285800548861, 0.8823438049225601, 0.7905715186681708, 0.7931789058334595, 0.7905715186681708, 0.692933093066886, 0.692933093066886, -0.26941189058416354, 0.6523221831577979, 0.2707586667391306, -0.5606919366051707, -0.5892425558787505, -0.5924255830496818, -0.04618345628473212, -0.04068919237557793, 0.3386941530426589, 0.16525425166686256, 0.0751320214096204, 0.14721789183184453, 0.11443609195113175, -0.08489319543904623, 0.004996824823091609, 0.005483223332993829, -0.5620498110880128, -0.48446541267918375, -0.06757561712144368, -0.5463595210571703, -0.33131524095011317, -0.2982838874804086, -0.21068289078411248, -0.2982838874804086, -0.25104663896578594, -0.2710536460733993, -0.2710536460733993, -0.593975275563872, -0.593975275563872, 0.350430106400077, 0.6128917953832761, 0.7892760670929844, 0.8104701414452874, 0.7635126817160226, 0.651175436410734, 0.7078242279055634, 0.760925521689783, 0.761084778306068, 0.760925521689783], [0.9899057533553718, 0.9729758974252212, 0.9846763395264153, 0.9916061160138974, 0.9964715515662035, 0.9899057533553718, 0.9999917623032845, 0.9989108489853649, 0.9999725460991953, 0.9483128036574093, 0.9994490671269497, 0.9999937915635091, 0.9999657645762945, 1.0, 0.9999330920162168, 0.997259077529878, 0.9997951358668551, 0.9998234340412445, 0.9998236889426931, 0.999993774506115, 0.9999939956088899, 0.9904433543042649, 0.9739318441402115, 0.9925794569143823, 0.9924525771305789, 0.981240050809306, 0.9694425737620044, 0.9370581431744196, 0.9933178794858959, 0.9933647692050055, 0.9922232164208101, 0.9686046389204511, 0.9993286065583921, 0.9993616336576722, 0.9993755007281808, 0.9997749656584056, 0.9983917505414599, 0.9992433415383453, 0.9984747885498694, 0.9993587710177578, 0.9991397943259828, 0.9990584453025307, 0.9991397943259828, 0.925580414362317, 0.6570793425099458, 0.9311199935177562, 0.915930112214326, 0.709501101608865, 0.9503495175030121, 0.91373235289309, 0.9381747565470673, 0.928902188761792, 0.9403386005941518, 0.970007956423443, 0.9620478143587993, 0.6890848439737978, 0.7935139510569276, 0.7802563696215552, 0.8259002070825806, 0.7728500602421918, 0.7445492547203587, 0.7728500602421918, 0.7294501524413621, 0.7478752869882026, 0.7522372066383383, 0.7478752869882026, 0.808052210852589, 0.25537702756348174, 0.47885340361593737, 0.5767781275582999, 0.47885340361593737, 0.4973861507251336, 0.45951647281165653, 0.45429410058418246, 0.5880523491207457, 0.3629015005953947, 0.39564831857447363, 0.3423898140791178, 0.39564831857447363, -0.650714525258292, 0.7839276374624742, 0.7819070028127536, 0.7764912389174055, 0.703568654611828, 0.8821349668460499, 0.7901776702631659, 0.7927790605780186, 0.7901776702631659, 0.6942798854285139, 0.6942798854285139, -0.27163073649062247, 0.6535239150906186, 0.2676354477999194, -0.5614208566733037, -0.590011648806619, -0.5932004049309189, -0.0470866869145711, -0.04216910473401247, 0.38635732827044045, 0.16456489857311565, 0.07446554396343442, 0.14381831368504394, 0.11208520117745153, -0.07453897999189031, 0.0037124479939397185, 0.0041908579384621406, -0.5625993012511702, -0.48551039160388104, -0.001307507577384151, -0.5482108864499039, -0.33324786935651785, -0.3005198692997717, -0.12232201819755296, -0.3005198692997717, -0.2526331443015224, -0.2704442797974586, -0.2704442797974586, -0.5948339944871536, -0.5948339944871536, 0.350471763500145, 0.6123963696917867, 0.805032684985126, 0.8108947692860401, 0.7625380752195043, 0.6522512066732636, 0.7504626565141005, 0.7734395211139231, 0.7916338805784912, 0.7734395211139231], [0.9899704548570104, 0.972048369353397, 0.984563105626229, 0.9916534774234073, 0.9964653224912189, 0.9899704548570104, 0.9999143295388808, 0.9985769156998116, 0.9999274165877952, 0.9476099943765247, 0.9994895982042709, 0.9999199806189827, 0.999907628282322, 0.9999330920162168, 1.0, 0.9973781899677544, 0.9996872678899786, 0.9997700454103424, 0.999771158650167, 0.9998963151776958, 0.9999156542442573, 0.990199325554835, 0.9737144101194577, 0.9918295841194068, 0.9914493398778647, 0.981302187438527, 0.9691558849980835, 0.9370922476787907, 0.9924077023882474, 0.9924143854256311, 0.9916048939881795, 0.9676821326681786, 0.9993391867142108, 0.9992111357647757, 0.9993137252905981, 0.9997620114527832, 0.9982951070363774, 0.9992229743715109, 0.9984610479487439, 0.9992345573156007, 0.9991576850302544, 0.9990903397904475, 0.9991576850302544, 0.9242216407108682, 0.6575080618084255, 0.9302058672621243, 0.9152441683513239, 0.7065367997408054, 0.9509293939974823, 0.9146561343424203, 0.9391829803637605, 0.9284141065311048, 0.9396806833370162, 0.970401087154998, 0.9616417462159729, 0.6905968917980517, 0.7921931390471916, 0.7806469410261871, 0.8256431776051557, 0.7732479129491717, 0.7468776431161898, 0.7732479129491717, 0.7277639453669733, 0.7475103026054211, 0.7534442940266299, 0.7475103026054211, 0.8081091409823454, 0.25561051696909654, 0.47867221382417063, 0.5782492632938264, 0.47867221382417063, 0.4959854362509519, 0.46141431875386285, 0.45306394127775323, 0.5878140004273807, 0.3618090307285723, 0.396416842196504, 0.34264949910855697, 0.396416842196504, -0.6511966240397952, 0.7834407401375331, 0.7804911096762392, 0.7754271111498993, 0.7167515680368306, 0.8825358507166777, 0.7898542545327352, 0.7925239071675652, 0.7898542545327352, 0.6945715968463906, 0.6945715968463906, -0.27231306107315645, 0.6559428933139462, 0.2677442243844022, -0.5617602874177073, -0.5900318772722181, -0.5929928342292079, -0.0490647786567186, -0.04381659222758388, 0.3876662903586442, 0.16400846424970478, 0.07321974555007003, 0.14490496559334626, 0.11316095713927103, -0.07297751536840719, 0.0028896310162125276, 0.003491812788835134, -0.5639556856322602, -0.4871710995074007, 0.0004807485993291072, -0.5492778980508357, -0.33238245852211995, -0.29966374120073197, -0.12080800062913487, -0.29966374120073197, -0.2528215179429896, -0.27343427836734624, -0.27343427836734624, -0.5946853628193014, -0.5946853628193014, 0.34794510665588485, 0.6102879073606368, 0.806159677118884, 0.8117231693453312, 0.7609131589163599, 0.6512979958941042, 0.7522747516234691, 0.7742365429402925, 0.7931172765153046, 0.7742365429402925], [0.9929807750519984, 0.9823582531323232, 0.9877893307077441, 0.9946241373451463, 0.9975614137853371, 0.9929807750519984, 0.99360867347052, 0.9856130443368298, 0.9979607981177235, 0.9501391513039543, 0.9982725284137216, 0.994472300664733, 0.9974151772956887, 0.997259077529878, 0.9973781899677544, 1.0, 0.9980601419216663, 0.9976464443844422, 0.9976435882609536, 0.997729327139957, 0.9971871763231747, 0.9910463159913393, 0.976633951806579, 0.9689690897373434, 0.986720397221805, 0.9859639334740946, 0.9707380022856457, 0.9466176390402131, 0.9915267915983594, 0.9893594722934511, 0.9884164905486226, 0.9665867406940558, 0.9974387720526366, 0.9974785511273988, 0.9972745056175261, 0.9972273306090762, 0.9984152491648294, 0.9980094864512302, 0.9972631873978867, 0.997720439386142, 0.9973746069296556, 0.9973508623039026, 0.9973746069296556, 0.9153625618856799, 0.6681178702024443, 0.9222015760595313, 0.9185234524045925, 0.733366310671303, 0.9528250841990747, 0.917510