var correlationAdjClose = {"data": [{"type": "heatmap", "z": [[1.0, 0.9999908791456561, 0.984556373288127, 0.9999217274464492, 0.998890076863769, 0.9884522632259183, 0.9975089227494264, 0.995273454610831, 0.9955708113591238, 0.9796140047318155, 0.992080925862121, 0.9954181842212355, 0.9946318036935711, 0.9953279379207528, 0.995462702491998, 0.9965599729997946, 0.9980671499462784, 0.996043959255979, 0.9960567637836364, 0.9960971687500246, 0.9953655435245856, 0.9855714420775806, 0.9692717370611971, 0.9878621612551324, 0.9867005460859615, 0.9810795010925307, 0.963582055537985, 0.9433135045275031, 0.9941885844233551, 0.9946322547650625, 0.991795005583775, 0.9748294930326009, 0.9974200187599278, 0.9977174014621885, 0.9970981571048644, 0.9954828243116297, 0.9949874353186277, 0.9975733415231364, 0.9976307991251694, 0.9986461075042101, 0.9973608323915828, 0.9973724538283595, 0.9765780002862503, 0.9196695770279881, 0.7508056807597575, 0.8997957600438293, 0.9048839620358232, 0.8414192900333965, 0.9674222870130628, 0.9447219861554699, 0.9687151465635877, 0.9656572016296768, 0.9591983729798321, 0.9858744833799826, 0.9823475602712011, 0.9840871175343149, 0.9772430280123285, 0.9859623295221841, 0.9833056307929522, 0.986595615038405, 0.9863589059287502, 0.9641549390240083, 0.9672259368660503, 0.9713855945331685, 0.9710482038653776, 0.944372334049378, 0.9753053417935734, 0.973736853449721, 0.9820028311205273, 0.9811276887655119, 0.9355768487332944, 0.8588345369194362, 0.8266905339042795, 0.8778922620238827, 0.9048292060500528, 0.8996728750682004, 0.902970583126353, 0.9015490750113992, 0.624291029689086, -0.5706831678534509, 0.9766849117972535, 0.9677703858941592, 0.9643469908466257, 0.984956710178604, 0.9702518433423026, 0.9815341814573076, 0.9814830924575808, 0.9451368161019732, 0.9817703182668709, 0.9493153324408633, 0.6321778586140159, 0.8604364256607231, 0.914195106689913, 0.7466809774788441, 0.9199813802056352, 0.9403509530982084, 0.812930923644352, 0.9571464339128712, 0.8959060597230611, 0.6503529520835946, 0.7078036738348658, 0.8917626567109789, 0.8625165946209351, 0.8883150702456054, 0.9680702574854304, 0.9682892225918813, 0.7378159189318094, 0.7033778597586091, 0.8263261621655127, 0.33652326049422143, 0.794531397381181, 0.8306309670237423, 0.8171870846752953, 0.8152177116839009, 0.746531424151038, 0.7410821805631336, 0.7210859883661422, -0.23916089475036673, -0.3746182857689109, 0.6338234616799425, 0.8996568364306418, 0.9450654635440983, 0.9493150406237958, 0.9192943044332803, 0.8285916555583136, 0.9166467842728006, 0.9383890279122847, 0.9381971244014786, 0.8728182765453891, -0.18538354235647195], [0.9999908791456561, 1.0, 0.9824712955861208, 0.999764870077101, 0.9975049013661048, 0.9904371348053674, 0.9929279690726717, 0.9885327531153436, 0.9885610965631598, 0.9673183892987599, 0.9910048620405127, 0.9887841761057173, 0.9886003326930519, 0.9886503927210543, 0.9887476116651222, 0.9935220945660335, 0.9948830343042732, 0.9920172375448908, 0.9920172427476336, 0.988647284817943, 0.9887084105888443, 0.9876967784891799, 0.9610187930854475, 0.9839949301892386, 0.9836703134063743, 0.9809134425759343, 0.9718838060436719, 0.9071170359774644, 0.9878403213537984, 0.9839044564032925, 0.975743869205155, 0.9115293557621393, 0.9945966447814043, 0.9944190155545837, 0.9947074932860388, 0.989824712260383, 0.994121662104199, 0.9946968178776544, 0.9950076438679842, 0.9964636336496112, 0.9946998011747146, 0.9947089586260411, 0.9858817080262392, 0.9194537612173812, 0.611032857128039, 0.8994590703571633, 0.9050269238123623, 0.8415831032113961, 0.8753742958294519, 0.9122516203475185, 0.8792567218248751, 0.8976127694466921, 0.8742089003674529, 0.9547067050031234, 0.9545973977075811, 0.9736030059971285, 0.9777135334925633, 0.9714991932586895, 0.9710437544773889, 0.9742537669129544, 0.9741629409293759, 0.9347188304104019, 0.9435388640005684, 0.9079366121319823, 0.9078288519804538, 0.8006817108604198, 0.9684853901459642, 0.9708805894166627, 0.9711447631302347, 0.9705265302878551, 0.9297436542609694, 0.6428964774938585, 0.5829236663206103, 0.7393858103835489, 0.8365306872903112, 0.7629187590053434, 0.8016294811109902, 0.7997950376892482, 0.5761461379233449, -0.2767176794703678, 0.9557764490425875, 0.9629621796208747, 0.9554580976060982, 0.974547179523101, 0.9524999941355927, 0.960546325464531, 0.9595788465954039, 0.9006951753361611, 0.9636424619517365, 0.9067535068513254, 0.4494047666388443, 0.8594123286588071, 0.8574657592623466, 0.23895419504937013, 0.6399532258470229, 0.7362819430501942, 0.6310195855319323, 0.9549189749522508, 0.6478386034836572, -0.22563764487743718, 0.13721555559252444, 0.6153055634100868, 0.6224656987860658, 0.6696723384891228, 0.956605534402793, 0.9564410208040576, -0.09123131732832786, 0.14388572150758872, -0.01064800230023936, -0.04287529369709466, -0.015106743942549475, 0.0013748755022525666, -0.030167095261653638, -0.07253007936269361, 0.343729176642516, 0.08605672092676371, 0.03742163168103956, -0.45408630960089214, -0.4872137992141836, 0.6334611304148281, 0.7442328806017264, 0.7679368012957449, 0.8299512868403119, 0.8243212737279504, 0.5350424257145504, 0.7325040980191837, 0.7645293237057935, 0.7631494688656901, 0.41132900475346323, 0.21492113398886512], [0.984556373288127, 0.9824712955861208, 1.0, 0.9860038112234513, 0.9927868814887413, 0.9899300618179069, 0.9907001769851748, 0.9911127696922344, 0.9943737884439005, 0.9546002339917136, 0.9969631766260281, 0.9910113262162752, 0.9929495948827904, 0.9911735316056344, 0.9910880724673672, 0.991694618729672, 0.9904158088530655, 0.9896834736506241, 0.9896476495662518, 0.9929062474385696, 0.9910396446627685, 0.9934473683298055, 0.9790744671801368, 0.9907269700894574, 0.9911348211671076, 0.9795796979896731, 0.9819941140845684, 0.9470490759592458, 0.9731965731102532, 0.9767379428070408, 0.9782207816080835, 0.9501207071079179, 0.9879708591312227, 0.991092774285939, 0.9893998839565183, 0.9930767171755365, 0.9947389976448635, 0.9921230640495317, 0.9873768223845909, 0.9880326878598285, 0.9882474925493759, 0.9876120614953365, 0.9905312006765163, 0.9198849515019233, 0.6920316745885418, 0.9264574509958416, 0.897778836855344, 0.7510633042380152, 0.9283651533546207, 0.8999209169554699, 0.9305194270890419, 0.9255761868025827, 0.9164019916111731, 0.953110009584396, 0.9601652974503603, 0.9306658731282481, 0.9476655996450288, 0.9537314744531402, 0.9593634967062602, 0.9543501443844419, 0.928625800081527, 0.8962791746317421, 0.9256301673417757, 0.9237276677926008, 0.9070560394039845, 0.8615197099677887, 0.9590605418339309, 0.9370006005242818, 0.9545053073006671, 0.9329421481504958, 0.7697269628003273, 0.7981322074390003, 0.7321330489464356, 0.8194707960851799, 0.8644129649788471, 0.861832257487723, 0.8338318834834437, 0.8474931470078522, 0.2986486955795711, -0.571249202891618, 0.9455619830465279, 0.9178626726351827, 0.9223417421860508, 0.9311204689689384, 0.9399729783129185, 0.9507526713303652, 0.9503579189071932, 0.9110659857804978, 0.947256968207421, 0.8361438197108017, 0.6033015735974984, 0.9314474619244332, 0.9349836432130434, 0.7042426545688879, 0.9006388442003056, 0.9235544566273781, 0.7982656284775361, 0.9776459675515302, 0.7786601103242172, 0.5585283742563484, 0.6471540453616871, 0.7858388322926871, 0.7877141493458428, 0.7744460955588779, 0.9813629556238056, 0.9814049593061798, 0.6566955300648863, 0.6378281560691417, 0.7145786507799682, 0.2666164333585397, 0.6896962002122257, 0.7118483957886731, 0.7258511900663763, 0.7081154224097667, 0.6998080152766403, 0.6672176267527148, 0.6452729759741017, -0.313687812106351, -0.4486556292425963, 0.588021970435054, 0.8595668245263581, 0.8954240698491103, 0.8970759054587961, 0.892492234440726, 0.7585505846229055, 0.8696891525113437, 0.8839576351688703, 0.8927473184814662, 0.7395543839284558, -0.1024693631672488], [0.9999217274464492, 0.999764870077101, 0.9860038112234513, 1.0, 0.9992014767042086, 0.9893952033588601, 0.9978553009491217, 0.9958076918812668, 0.9961988255243241, 0.9792853541096929, 0.993558441098878, 0.9959343167407451, 0.9953589351112685, 0.9958604149276494, 0.9959740088302761, 0.997084170514835, 0.9984220958159201, 0.9965097902332631, 0.9965199223628731, 0.9966350316549095, 0.9958850942514795, 0.9868520768983843, 0.9706059039186228, 0.9889799446038773, 0.9879302808006425, 0.9835299110989607, 0.9657126004815586, 0.9445108483974699, 0.9936810169742288, 0.99431233401362, 0.991921558989946, 0.9744992220841313, 0.9975871840854668, 0.9980325381497768, 0.9974204825573885, 0.99606399325425, 0.9958196544204337, 0.9979282801795328, 0.997749871784793, 0.9988018440780401, 0.9975188587947381, 0.9975272176451877, 0.9784160982212579, 0.9152759766302678, 0.7443999778539351, 0.9005073844937883, 0.9022281224127814, 0.8308404241076902, 0.9645186587612745, 0.9412749259935724, 0.9657003423073989, 0.9629889208945449, 0.9563382707198389, 0.9838032960632804, 0.9808128616102332, 0.9822856941572066, 0.9754456277165976, 0.9843528269728313, 0.9824062297468179, 0.9849063235475701, 0.9846651317038162, 0.9502527238544267, 0.9654991958467284, 0.969626204852728, 0.9692889299894737, 0.9375513037823315, 0.9745824374815819, 0.970027134500871, 0.9801804142666665, 0.9792625196659397, 0.9073574966944569, 0.8566576834408136, 0.8217842276803347, 0.8754242525926047, 0.9011613053741412, 0.8987374196018245, 0.8998574633552417, 0.8985031804396121, 0.5189303195528093, -0.5707586673315264, 0.9754154408053342, 0.9654671200461948, 0.9620825281470561, 0.9831595996697675, 0.9690502524249561, 0.9804046856405596, 0.9803520643603134, 0.9439287815542864, 0.9799363567992699, 0.9283729110186518, 0.6378924969251019, 0.86926495217193, 0.918788021214653, 0.7482018119217794, 0.9217413596272805, 0.9418547160484221, 0.8132830683606812, 0.9586810717750399, 0.8897781571819948, 0.6471504232079905, 0.706057956583839, 0.8867142982808816, 0.8589826188879967, 0.8829341567428234, 0.9691941145856576, 0.9694216613712884, 0.7369026359047093, 0.7037185848790712, 0.8184188040610227, 0.33868548640346763, 0.7889720840239255, 0.8224378291355726, 0.8090681554162433, 0.8099722731906411, 0.7495020678460084, 0.7412170134073136, 0.7212876550924416, -0.23454320324373182, -0.3738651934234323, 0.6319603771137878, 0.8977856428853428, 0.943336893832507, 0.9476310922739477, 0.9182289682490807, 0.8258153836127247, 0.914728666556779, 0.9362381036963991, 0.9362013697563107, 0.8651444413933396, -0.1779351490147551], [0.998890076863769, 0.9975049013661048, 0.9927868814887413, 0.9992014767042086, 1.0, 0.9921887749128425, 0.9990402011937273, 0.9982632348224151, 0.998317557179811, 0.9727232918972, 0.9975943916812534, 0.9983107665669987, 0.9980920074113054, 0.9982977470372397, 0.9983638262126878, 0.9986286628171455, 0.999187896117069, 0.998692914083749, 0.9986930262178186, 0.9983862860577023, 0.998294339813731, 0.993587886618275, 0.9781720694050212, 0.9936944043043107, 0.9936201686401468, 0.9872791546544433, 0.9798704017179339, 0.9477175200461129, 0.9902175759232864, 0.9926165792520432, 0.9895810792148689, 0.9652438094997908, 0.9989397931933206, 0.9989730334516165, 0.9989644906503591, 0.998412682954575, 0.9985069041189221, 0.9990650599041212, 0.9991187309921374, 0.9991310131236791, 0.9989239059043946, 0.9989240552739423, 0.9888723511552547, 0.9249266170554079, 0.7196008255005306, 0.9160706243517578, 0.9059431216715643, 0.8117036107332265, 0.948402305757059, 0.928571280862423, 0.9522069747827474, 0.9541785733077507, 0.9471651123497417, 0.9797849040852346, 0.9797066540847329, 0.9779231051280431, 0.9689984187436453, 0.9789376240071399, 0.9777357773418591, 0.9792522206601195, 0.9789500128544808, 0.9517935031536904, 0.9546904022365383, 0.9499063244956405, 0.949448276576788, 0.9025480755195562, 0.9713363185572614, 0.9680198595258385, 0.974954154244105, 0.9739548170226328, 0.9300817245569538, 0.8308457842251527, 0.7841710882438182, 0.8566970697419647, 0.9031038211009738, 0.8834872099985005, 0.8925123995196831, 0.891175644644771, 0.6763382520199166, -0.5936154814850249, 0.9677328989550489, 0.9525564764574391, 0.9505680810224018, 0.9790907478250875, 0.9571291766134247, 0.9723207882439004, 0.9718160186201552, 0.9324199567639831, 0.9744114349469168, 0.9367107833001549, 0.6237571474628065, 0.8918918009572857, 0.9403729162511468, 0.6952567604575667, 0.8986224313693217, 0.9250988022748268, 0.8067621960059534, 0.9647557895613654, 0.8787526842310718, 0.4958123426563259, 0.6365637601451579, 0.8661172476770315, 0.8193192465956693, 0.8678631968888355, 0.9735793004441029, 0.9737539757919582, 0.689238467329823, 0.6835447074669363, 0.7335123648895379, 0.3124803190231033, 0.6694546279062306, 0.7394468023493238, 0.7152598061581381, 0.6948725775428211, 0.7326494606631109, 0.7231571973118154, 0.7022307380150532, -0.4590314222689627, -0.5351193815848365, 0.6197582724408164, 0.8901345688340996, 0.9271492161489701, 0.9388827697402108, 0.9142784639843288, 0.8013563769275269, 0.8965670552888902, 0.920193939698639, 0.9196695288080796, 0.798323978013907, 0.04211164998077814], [0.9884522632259183, 0.9904371348053674, 0.9899300618179069, 0.9893952033588601, 0.9921887749128425, 1.0, 0.9887321674759517, 0.9887307541807295, 0.9882227155272918, 0.9644754602656574, 0.9792085980575206, 0.9886802825463014, 0.9898093184566792, 0.9887906870975129, 0.9889134537973596, 0.9917789389147333, 0.9899609389092816, 0.9896124950930761, 0.9896005002019118, 0.9875768591560855, 0.9887278445641662, 0.9961143383190534, 0.9911974302856466, 0.9885159292925745, 0.9883080069235027, 0.9685517830331617, 0.9846622936749221, 0.9659922550244764, 0.9730710806031169, 0.9770921709489777, 0.9850267536245779, 0.971655135952443, 0.9886965326830407, 0.9888768545519634, 0.9896720154388434, 0.9896524606320379, 0.9819030419761418, 0.9896309429636959, 0.9890855828787509, 0.9892866767788714, 0.9887945616174254, 0.9887929752809149, 0.9945909231034271, 0.8787862408559344, 0.7247483322914968, 0.8769410570770784, 0.9020385903544461, 0.8355458180061847, 0.9349062429463634, 0.9124297975419648, 0.936696183542117, 0.944113641596714, 0.9326821124059991, 0.9624889699222942, 0.9670103331525636, 0.9676255272241097, 0.9795169406122459, 0.968742827911811, 0.9805536018801306, 0.9686507047122016, 0.9680810659088634, 0.9672101738872976, 0.9588941810715531, 0.9428886616722739, 0.9423997434213924, 0.9293299240912936, 0.9777873698614266, 0.9701278775519881, 0.9688666900535485, 0.9671870145967927, 0.9486462075389137, 0.8554528817011141, 0.8075517289665678, 0.8760324815659268, 0.8953989647441484, 0.9027278707424182, 0.8860002194924614, 0.8838905148668003, 0.6432406737029253, -0.5342287001228756, 0.974271532510303, 0.9698957646778318, 0.9665546302768487, 0.9687712831585391, 0.9647683882237831, 0.974610997502906, 0.9742554878161693, 0.954290220976227, 0.9641300348512585, 0.9538529228699204, 0.6388285298077835, 0.8321106911671833, 0.936455399031305, 0.7440989786662054, 0.9113584007807746, 0.9298366096473343, 0.8086102296968375, 0.9551333052689437, 0.8467905498698698, 0.5964146117834731, 0.6808544267168882, 0.8442645428701587, 0.8199839277707143, 0.8416351508063387, 0.9574152873087568, 0.9574942573391056, 0.7003258917873767, 0.6839557226057671, 0.7635170874376327, 0.33883162993014415, 0.7418039489824416, 0.7692720923160629, 0.7552417613068623, 0.7571850466523037, 0.7373420408600059, 0.712917455093081, 0.6950696521919394, -0.26510317769587033, -0.3921801240754776, 0.6623948786546329, 0.8850614141567297, 0.9030688190285089, 0.9114529470078016, 0.8998031818112074, 0.8011269847243735, 0.8719574964130336, 0.8945879273978063, 0.894611677823572, 0.8390323268629922, -0.1474071370611197], [0.9975089227494264, 0.9929279690726717, 0.9907001769851748, 0.9978553009491217, 0.9990402011937273, 0.9887321674759517, 1.0, 0.997139710153239, 0.9995278072245322, 0.9721286990473947, 0.9994170715512849, 0.9981239207674519, 0.9990655586921247, 0.9990157385736371, 0.9987901878368659, 0.9981466941157712, 0.9999030737422379, 0.9992513611982964, 0.9992566991162328, 0.9996488046616768, 0.999219267641362, 0.9906782391553409, 0.9746538489591148, 0.9840277404698654, 0.9924600858923459, 0.9865014582055329, 0.9717263003237671, 0.9430370325362534, 0.9923079075058687, 0.9918336153387476, 0.9929951670040669, 0.9713159890305973, 0.9988235170652129, 0.9998174766648904, 0.999651015982944, 0.9993911757910949, 0.9996540182362914, 0.9998482695330289, 0.9979023531471587, 0.9996721327342596, 0.9992710832235928, 0.9988765116109746, 0.9831928367568111, 0.9306629420399977, 0.7348556538279744, 0.9291404282598766, 0.9163504080166788, 0.8029292944519296, 0.9592083579983264, 0.9406225959929059, 0.961229333190297, 0.9583661421765073, 0.9524826137668887, 0.9818835315238791, 0.9799981516098523, 0.9401582938229819, 0.9548954079501539, 0.968634090750714, 0.9688860322817452, 0.9704693461691264, 0.9404216297099383, 0.8895477618750547, 0.9445933141911376, 0.9548251097934971, 0.9316502145592994, 0.8756526894319289, 0.9601512294667374, 0.9296182805219086, 0.9621553257697772, 0.9404562273982745, 0.7335613073283366, 0.8254573990431995, 0.7547123655651533, 0.8429002615366816, 0.8709084055582603, 0.8746505869626537, 0.8543877794957504, 0.8668036399195985, 0.2536565829092028, -0.6057765990582202, 0.9579574826305032, 0.9355001723353522, 0.9357225991795852, 0.942547021269894, 0.9543722321157538, 0.9660180893618018, 0.9660710353520506, 0.9227809978325113, 0.9621733790286121, 0.8202332353330435, 0.6191428163582223, 0.8925581761517736, 0.9186742624934394, 0.7369047676849736, 0.9190094753957333, 0.9403382835640678, 0.8073211137325286, 0.9643823187036222, 0.8310758690734066, 0.6347022656384859, 0.6957298136287128, 0.8433726993408396, 0.8372148564580649, 0.8291097387754333, 0.9737338833354553, 0.973973928472383, 0.7225953958631308, 0.6798119820717982, 0.7835412758738188, 0.3075744237805552, 0.7656176819334324, 0.7924720920925814, 0.7832316221928355, 0.7887111801124381, 0.7281951476896128, 0.7277480589415154, 0.7059834529304312, -0.2535824968745431, -0.40009277053698344, 0.6385656040280715, 0.8914893993096532, 0.9300534988750345, 0.9454296196206409, 0.9174604093119214, 0.823743204186532, 0.9141531705638654, 0.9359866410432146, 0.935370752572663, 0.7747004578869819, -0.13967840139959373], [0.995273454610831, 0.9885327531153436, 0.9911127696922344, 0.9958076918812668, 0.9982632348224151, 0.9887307541807295, 0.997139710153239, 1.0, 0.9999842932172167, 0.9661112069061992, 0.9996419067813238, 0.9999968779798428, 0.999660717906557, 0.9999978444260402, 0.9999816411163449, 0.9964619198768925, 0.9993071963122162, 0.9998872956889048, 0.9998868098746155, 0.9999564537641631, 0.9999944080158466, 0.9908576970413344, 0.9756171498635394, 0.9917206588264166, 0.9929626711196076, 0.9834583219909844, 0.9738904676291897, 0.941595251065393, 0.9886044492112656, 0.9943319138132939, 0.9916227281134355, 0.9678930561956068, 0.9994274497761498, 0.9994880822400812, 0.9996117396670563, 0.9996845464997222, 0.9987665886754483, 0.9994040752504976, 0.9991106342805858, 0.9985397472770563, 0.9994970749359113, 0.9993585043267785, 0.9846200020239003, 0.930998118351, 0.7216234145567247, 0.935579864331518, 0.9137846890292134, 0.7811009029980859, 0.9577172190605119, 0.9356681881712285, 0.9593146755148364, 0.9519008405335314, 0.9459756648300923, 0.9799090939791305, 0.9767368217833261, 0.934320026724213, 0.9487255320668476, 0.9605790509235244, 0.9647192237934907, 0.9629228385843883, 0.9384142229015153, 0.8784179724950367, 0.9382663267453661, 0.9467518773377872, 0.9254756493031577, 0.8599922597651456, 0.9564091026845414, 0.9219746421234556, 0.9554044474167139, 0.9350078167432332, 0.7165208007888351, 0.8150533921240564, 0.7496074973040994, 0.832465286934764, 0.861722181501079, 0.8683477115961994, 0.8490385604938224, 0.8584182207154263, 0.2324234478010425, -0.6118109219063665, 0.9522911196406096, 0.9252471455237373, 0.9270553122098538, 0.940279571899584, 0.9480391356450538, 0.9605151389304071, 0.960566614511807, 0.9152650714879708, 0.953604336597853, 0.8047678771970169, 0.6141873429705765, 0.9139750494700882, 0.9314347194400355, 0.7310536919471186, 0.9182213363192098, 0.9398673127066057, 0.8044874554843247, 0.9692015264354916, 0.8350418759900518, 0.6204641653113264, 0.6861572313813692, 0.8448204156300114, 0.8341848900893825, 0.8327130830660976, 0.9768225081427544, 0.9770674851275916, 0.7123237029057362, 0.670619595167625, 0.7856949660535743, 0.29229035035170225, 0.7604305320596997, 0.7882053376169955, 0.7846759104406495, 0.7832152343764472, 0.720616243546952, 0.7212090999200537, 0.6987421808102666, -0.2709633738399983, -0.41653419910850564, 0.6195327647808241, 0.882818636815292, 0.9278515267526736, 0.937697893513308, 0.9109801285916204, 0.8121374258239867, 0.9076258618923067, 0.9296621082637265, 0.9293061065899542, 0.75414653370472, -0.12129774657402931], [0.9955708113591238, 0.9885610965631598, 0.9943737884439005, 0.9961988255243241, 0.998317557179811, 0.9882227155272918, 0.9995278072245322, 0.9999842932172167, 1.0, 0.9654243980395909, 0.9996390652099612, 0.9999815248933004, 0.9998346538519454, 0.9999899353941124, 0.9999961835461879, 0.9989841386000184, 0.9992944659992974, 0.9998229691504172, 0.9998219568292114, 0.9999668387357201, 0.9999823323467472, 0.9937252887685378, 0.9767610461582228, 0.9950032195650627, 0.9951538263903678, 0.9834114683485196, 0.9780659832046146, 0.9425683115305145, 0.9891661222273431, 0.9934382704065897, 0.9886280045834045, 0.96328746791995, 0.9993478698095674, 0.9994290898667815, 0.9994290896721144, 0.9998369292765181, 0.9987779878157763, 0.9993943806217949, 0.9993336416669861, 0.9985470954655029, 0.9993415390978087, 0.9993356110320233, 0.9889833052783611, 0.9311737788267238, 0.7224390725537585, 0.9355022436871779, 0.91376180277892, 0.7813677513237504, 0.9449423343767348, 0.9236211797748983, 0.948274281962368, 0.9493064931048057, 0.9432628061217401, 0.9773561199918367, 0.9768551949042025, 0.9664998945040466, 0.9491013437199189, 0.9674335366947664, 0.9647701253593538, 0.9678493327130882, 0.9674994709061241, 0.9380911909910786, 0.9375002890105607, 0.9386015213241253, 0.9381765606987192, 0.889863988203517, 0.956737846900743, 0.9577233317364341, 0.9640414975356195, 0.9628137730918225, 0.9160339861859624, 0.8143166297197292, 0.7615303262895277, 0.8315511279345972, 0.8831203487367053, 0.8664816254823768, 0.8742541123761456, 0.8731830880734301, 0.6203868893663671, -0.6280784477226339, 0.9521882251086129, 0.9252493655496064, 0.9271427539598698, 0.9679131455937672, 0.9423503895367461, 0.9599956256834574, 0.9594586086450864, 0.9160647530002984, 0.9623535360132354, 0.9206856310481264, 0.6123757630510713, 0.913418270043162, 0.9456861959016285, 0.7050927542817851, 0.9042985392353743, 0.9300575125479764, 0.8035794096462274, 0.9678707033949838, 0.8854929405988547, 0.5249502484089024, 0.6535709563508659, 0.8734596920084522, 0.8275102966781527, 0.8757695968255222, 0.9767353716351073, 0.9770113326565383, 0.7102352610015294, 0.6676391458045625, 0.7498517966292744, 0.2900082126411838, 0.6877171152212509, 0.7553888984546654, 0.7331438158112416, 0.7136823066373992, 0.7179262896741918, 0.7179614468729221, 0.69544352826221, -0.5089221135876882, -0.5863426470615644, 0.6189033985548155, 0.8816608354656524, 0.9265520596984748, 0.9391818740311505, 0.9099736604323434, 0.807068955227012, 0.8967383285969223, 0.9196545204475874, 0.9190893176954174, 0.8077099583283274, 0.11534971079397228], [0.9796140047318155, 0.9673183892987599, 0.9546002339917136, 0.9792853541096929, 0.9727232918972, 0.9644754602656574, 0.9721286990473947, 0.9661112069061992, 0.9654243980395909, 1.0, 0.9513339750626307, 0.9665075213790486, 0.9654215570168939, 0.9662343725515109, 0.9657845954821506, 0.9671871012251343, 0.9744268212169533, 0.9706763184875065, 0.9706894669973605, 0.9662867402172312, 0.9663614524914358, 0.9658876695381615, 0.9530836385602269, 0.9731036882332316, 0.9709728685981727, 0.8936000548544774, 0.9694290840166208, 0.9516403246429753, 0.9760943270452064, 0.9700743151018673, 0.9702631995299421, 0.9359395618921085, 0.9745041316234446, 0.9740690997775516, 0.9745366705212738, 0.9666836828249107, 0.9591708245192394, 0.9735203440878846, 0.9743211200131264, 0.9770963710744388, 0.9746917890909405, 0.9747099912188026, 0.9559558978744565, 0.8453036678172526, 0.5420614576843228, 0.7950697777138691, 0.892328219201611, 0.8754175987616578, 0.9023798581576498, 0.8298405818756958, 0.9068703179545995, 0.916495263625674, 0.9039711502303673, 0.9334259794393994, 0.9332806652196884, 0.9441878178258172, 0.9358596406172873, 0.9546014292153796, 0.9482218781763995, 0.9529473160309174, 0.9529676783829328, 0.9123531895891696, 0.9532209595657688, 0.938265125251904, 0.9379671856805366, 0.8596136720493542, 0.9357849380569752, 0.9436955432428314, 0.9371249002263393, 0.9360649157002053, 0.8865992464721586, 0.82216995772119, 0.778799789226022, 0.8652279968244783, 0.9163860669261419, 0.888376050265573, 0.9024335184213487, 0.9017092502115277, 0.7146994717123293, -0.31560430931047223, 0.9533428351695115, 0.954006257705723, 0.9463314611143231, 0.945975453399391, 0.9310049982195164, 0.954607273596079, 0.9545375125517972, 0.9020549546427861, 0.956591322247056, 0.9070225852068214, 0.7159900430609152, 0.6910027517161667, 0.8664799796716548, 0.6265035764368416, 0.8547126849909588, 0.8911620151397172, 0.8751504090326722, 0.9501245881858157, 0.9060422617637107, 0.41883932034613763, 0.6583130982463259, 0.8984098004706531, 0.8747494193316113, 0.9049570401955538, 0.9503857823068693, 0.9507249880221121, 0.541123695873946, 0.7061462422237502, 0.6172835565198291, 0.48700359993383835, 0.5759676004232623, 0.6317658994655913, 0.5926226120403745, 0.5674640523474405, 0.8088283402154443, 0.6860430110704571, 0.6507344563545182, -0.2829971859637428, -0.33179454334519576, 0.7521343141371772, 0.9174275846766934, 0.9239913297064393, 0.9120412585858676, 0.9424484587841747, 0.662504886476976, 0.844059483342664, 0.9103041502162957, 0.9094507770671554, 0.6921967811751651, -0.15945942068672947], [0.992080925862121, 0.9910048620405127, 0.9969631766260281, 0.993558441098878, 0.9975943916812534, 0.9792085980575206, 0.9994170715512849, 0.9996419067813238, 0.9996390652099612, 0.9513339750626307, 1.0, 0.9996707042609781, 0.9996483691829479, 0.9996564989922379, 0.9996628038568444, 0.9994140315874586, 0.9990989366228035, 0.9999546753796935, 0.9999541350706134, 0.999655462189959, 0.9996637623038741, 0.9899485560017466, 0.9569065608033989, 0.9910560114926095, 0.9922092977377447, 0.9879940537044031, 0.9698307555487158, 0.8938074540325875, 0.9885335619473011, 0.9924447977213191, 0.9722783967258153, 0.8960350856876431, 0.999144651628419, 0.9992140869618158, 0.9991430859288747, 0.9994513862864643, 0.9993960309150671, 0.9991661917956051, 0.9990269160546735, 0.9977591139505309, 0.9991148414504123, 0.9991100249027771, 0.9895378578951513, 0.9250655728931103, 0.5723023292278847, 0.9308078864073962, 0.9128541753338585, 0.7856924015430435, 0.8587955274815182, 0.8922147366947157, 0.8643243647198712, 0.8755983872383851, 0.8557216086611314, 0.950474204372736, 0.9503935621117506, 0.9495998391776294, 0.9520051269222791, 0.9412487993894894, 0.9432991995636493, 0.9457789817751812, 0.9455771327154936, 0.8949013766532149, 0.9064945271098325, 0.8636711998878419, 0.8634812863994182, 0.7405718761932193, 0.9455646439324836, 0.9490685846858441, 0.9492482538817235, 0.9485274049300436, 0.896008411743006, 0.5901352694002769, 0.5261917393375598, 0.6866325660903831, 0.7915404361104236, 0.7162312191807403, 0.7561572994425937, 0.75493069344165, 0.5165111565511356, -0.4012362554437878, 0.9189900374212377, 0.9293189913707666, 0.9186435642040116, 0.9511020024340573, 0.9153010130617218, 0.9251014465093256, 0.923819492884564, 0.8533505813132255, 0.9295626381198584, 0.8611169180030103, 0.5005847647856262, 0.9097568602801892, 0.9050131839009237, 0.2821566011039925, 0.6795331288332028, 0.7665056322570138, 0.6442279231436788, 0.970230860692183, 0.6596985445677457, -0.17061840953744553, 0.1842373063146916, 0.6320230031550615, 0.6364761192130858, 0.6788132126060434, 0.971530770731048, 0.9715851697876745, -0.029526078505540173, 0.19687466186563118, 0.052999914352877764, 0.019557473689553826, 0.04614274179252393, 0.06531987478986215, 0.032523203610147385, -0.016163842554650323, 0.39621861303204553, 0.1292605642274938, 0.07733342308584593, -0.523515514833532, -0.556226026042254, 0.6189717331078066, 0.7371915609736143, 0.7614184582829052, 0.8259775628122534, 0.8233028188019156, 0.5149142219156755, 0.7226763435856214, 0.7578775266345585, 0.7565858846284345, 0.40213632003763583, 0.26580069570196074], [0.9954181842212355, 0.9887841761057173, 0.9910113262162752, 0.9959343167407451, 0.9983107665669987, 0.9886802825463014, 0.9981239207674519, 0.9999968779798428, 0.9999815248933004, 0.9665075213790486, 0.9996707042609781, 1.0, 0.9996458039085534, 0.9999976477082444, 0.9999843930535739, 0.9970995657858849, 0.9993584175831228, 0.999898702722125, 0.999898396167537, 0.9999642938043705, 0.9999948742776937, 0.9907718683475172, 0.9754999119072302, 0.9923748210783482, 0.9929265133528064, 0.9836647093764453, 0.9737303989578222, 0.9416262953817985, 0.9894892818230564, 0.9943847602129706, 0.991695152304551, 0.9680387829368035, 0.9994697193166674, 0.9995322010279939, 0.9996452400319066, 0.9996865969142252, 0.9988576291996942, 0.999449935599957, 0.9991495350570612, 0.9986209840424258, 0.999540647164916, 0.9994017083726819, 0.9844333577401907, 0.9312863947882036, 0.7223359241582044, 0.9355124660588927, 0.9140615561282819, 0.7822918457948677, 0.9580392301592688, 0.9360825270989768, 0.9596450223021943, 0.9522734393275375, 0.9463718056661345, 0.9801465768963221, 0.9769216769557764, 0.9346600989062612, 0.9489575632659938, 0.9609153997053189, 0.964895990792475, 0.9632513215376226, 0.9386936344475699, 0.8786637828091092, 0.9385947704527247, 0.947203558214863, 0.9259324310329025, 0.8604865521453843, 0.9565300113606303, 0.9222338110843659, 0.9556650917923157, 0.9353269147524702, 0.7166967672537818, 0.8155947403526407, 0.7501902613398758, 0.8329956831943744, 0.8621216170552272, 0.8686631368394984, 0.8494925428250562, 0.8588957998782415, 0.23282320285216856, -0.6116768579647827, 0.9525526299373226, 0.9257209829794991, 0.927440639227522, 0.9405423401065024, 0.9483176792351161, 0.9607777511355567, 0.9608299305509465, 0.915540875447547, 0.9539660153177895, 0.8050829461886957, 0.6144245448405421, 0.913006514816811, 0.9308859003044962, 0.7313494650992274, 0.918283994458276, 0.9399263859413252, 0.8047883274961646, 0.9690282727714353, 0.835479010581463, 0.6214663451058866, 0.6868571978250527, 0.8452809802202532, 0.8347194516937243, 0.8331347715322122, 0.9767364741488145, 0.9769813685424651, 0.712991240440878, 0.6712568937419694, 0.7862586966065953, 0.2931915270048355, 0.7611181561126782, 0.788876643842626, 0.7852444483950264, 0.7839165747741786, 0.7210381283817069, 0.7216707292629249, 0.699233646512808, -0.26991238367487375, -0.415580233879541, 0.620159022343559, 0.8833350033754631, 0.9282576194501329, 0.9381952676827975, 0.9114293191886508, 0.8126878065407045, 0.9081675889362512, 0.9301915925740989, 0.9298215394646896, 0.7548155084187202, -0.12239236815283829], [0.9946318036935711, 0.9886003326930519, 0.9929495948827904, 0.9953589351112685, 0.9980920074113054, 0.9898093184566792, 0.9990655586921247, 0.999660717906557, 0.9998346538519454, 0.9654215570168939, 0.9996483691829479, 0.9996458039085534, 1.0, 0.9996824045970366, 0.9996677251300056, 0.9991102143787527, 0.9989044562873884, 0.9994686797804397, 0.9994615377828627, 0.9996626473750753, 0.99963682337881, 0.992764750033062, 0.9771067658290455, 0.9957263868038265, 0.9956161102847951, 0.9834964951974822, 0.9765468784123237, 0.9441278201733481, 0.9886376052580925, 0.9924044907299082, 0.9907611592455327, 0.965615583859257, 0.9987593181258732, 0.9990676880062412, 0.9992628857020182, 0.9999206563355452, 0.9988028712804816, 0.999036517148985, 0.9985885410535569, 0.9979283101442599, 0.9987507651074903, 0.9986761171119308, 0.9883954988944105, 0.9312488608016651, 0.7181991911602583, 0.9356303531967358, 0.913959768511886, 0.7815743123254436, 0.953620563565955, 0.9290896449552051, 0.9546039397727661, 0.9488079176170782, 0.9423260134967892, 0.9765893457027537, 0.9748141779348645, 0.958157283059424, 0.9486222693560723, 0.9611869013101025, 0.9641189320130075, 0.963059549173342, 0.9623592561577554, 0.8827498813795314, 0.9355352499521997, 0.9455306768900132, 0.9452436996010517, 0.8585585477408457, 0.9568287169462142, 0.9340664960955603, 0.9575546630787691, 0.9561665307294809, 0.7211224267524801, 0.8124590850010259, 0.775088609629877, 0.8305282004736078, 0.8635711318352189, 0.8677110083982021, 0.8576405643373027, 0.857909723125805, 0.21713906107081318, -0.6062095917829263, 0.9515996875295738, 0.9253945316830345, 0.9263175756966329, 0.9610346428767769, 0.9476682906657339, 0.959506663603936, 0.9595111783781691, 0.9152113776861891, 0.9542931978324858, 0.8118251692551499, 0.6148817737234764, 0.9135636819567979, 0.9315331774605166, 0.7283628751405303, 0.9162812087996999, 0.9382458871683674, 0.8057499714912665, 0.9717242142501081, 0.829376034073884, 0.6132405848855225, 0.6822855651223414, 0.8364215058505786, 0.829360133346002, 0.8249573626684686, 0.9786739259657705, 0.9788766044216696, 0.703728809699065, 0.6657449499256852, 0.7653936409375623, 0.2928878664786872, 0.7510697924767779, 0.7775020060990012, 0.7541060075484912, 0.7728060042736217, 0.7187017090099661, 0.7113914076659156, 0.6892165195701944, -0.2766754295545122, -0.420741066979569, 0.6197281086483588, 0.8810974965631507, 0.9296836594524355, 0.9336478863935038, 0.9105995934411604, 0.8048039726821272, 0.9018024037013117, 0.9231045352152649, 0.9234002118771442, 0.7487242158962186, -0.12060869719115339], [0.9953279379207528, 0.9886503927210543, 0.9911735316056344, 0.9958604149276494, 0.9982977470372397, 0.9887906870975129, 0.9990157385736371, 0.9999978444260402, 0.9999899353941124, 0.9662343725515109, 0.9996564989922379, 0.9999976477082444, 0.9996824045970366, 1.0, 0.9999884985408553, 0.9986351891124756, 0.9993273660819084, 0.9998909137244782, 0.9998901081790564, 0.9999584540054306, 0.9999922739438183, 0.9908968199551456, 0.9756707686626469, 0.9942224695648205, 0.9940679454695676, 0.9835792651820053, 0.9739343395459721, 0.9417779551053823, 0.9919615227810263, 0.9947016158022596, 0.991565990197856, 0.967791712871375, 0.9994434325897776, 0.9994929601031309, 0.9996218823883135, 0.9997032987471016, 0.9988091211314668, 0.9994150702542504, 0.9991771551388468, 0.9985621864185309, 0.9995107593593247, 0.9993753401915416, 0.9846015197147997, 0.9311047412860181, 0.7217089770718377, 0.9356023592012018, 0.9139893650952887, 0.7816668345564458, 0.9578262749031446, 0.9358435962383467, 0.9594602060481585, 0.9518683992888053, 0.945918292948679, 0.9799577375152104, 0.9766995295638108, 0.9346765449844606, 0.9488527217618664, 0.9607772344171575, 0.9647879686415726, 0.9631043666605453, 0.9381225734300527, 0.8786575390543476, 0.9381108122374432, 0.94682855646697, 0.9257328268828472, 0.8601297358554512, 0.9565732294435353, 0.9223923760221687, 0.9556479367965711, 0.9353820176665497, 0.7169167715820947, 0.8149974737074094, 0.7499147273328981, 0.8324550926598774, 0.8619138137478042, 0.868317377774391, 0.849215485669983, 0.8586123329885791, 0.2327924454833091, -0.6115156750421413, 0.9523583869856371, 0.925471387684506, 0.9272398272523413, 0.938334360114811, 0.9482348514758543, 0.9605916442424862, 0.9606399673105137, 0.9154431663401403, 0.9538026905097615, 0.8050674831146811, 0.6142382711287129, 0.9135130811538784, 0.9312811148428539, 0.7309783693857784, 0.9180889458507239, 0.9397639473854335, 0.8044923363845484, 0.9692187758710443, 0.8351074136373399, 0.6203443428479393, 0.6860550958020961, 0.8448697201679215, 0.8343547381285585, 0.8327713754181012, 0.9768750257115154, 0.9771162783138336, 0.7118695507534707, 0.6702122109471373, 0.7857031028982261, 0.29261011501452167, 0.7604283533775452, 0.788146179983688, 0.7848751923812233, 0.7831316679877612, 0.720516460140099, 0.7203799873545313, 0.6979488529860606, -0.27075092512347326, -0.41631773795699617, 0.6198915056864341, 0.8827507254012663, 0.9280138483681003, 0.9377793870758354, 0.9110479758782372, 0.8119537992458938, 0.9078780274502902, 0.9297390608899477, 0.9295004018068455, 0.7542827482062576, -0.12161321233108557], [0.995462702491998, 0.9887476116651222, 0.9910880724673672, 0.9959740088302761, 0.9983638262126878, 0.9889134537973596, 0.9987901878368659, 0.9999816411163449, 0.9999961835461879, 0.9657845954821506, 0.9996628038568444, 0.9999843930535739, 0.9996677251300056, 0.9999884985408553, 1.0, 0.9986353428199287, 0.9993655384084418, 0.9998870447937633, 0.9998871995724751, 0.9999568215548179, 0.9999777405097596, 0.9908147429542358, 0.975676469131044, 0.9927007926578729, 0.9927329350536339, 0.9836401993566113, 0.9736662463971425, 0.9416978040632765, 0.9920058009230186, 0.9942962324965211, 0.991405833699609, 0.9676496260351751, 0.9994828105011284, 0.9994771539061363, 0.9996070713118713, 0.9996936912430995, 0.998827919929197, 0.9994188814241375, 0.9992070284383213, 0.9986158360697256, 0.9995417045064454, 0.9994204601918516, 0.9843995663941146, 0.9310347171818442, 0.7223728053537547, 0.9352897881875792, 0.9137987481701277, 0.7819877790188469, 0.958402872852607, 0.9368885189064691, 0.960089443611745, 0.9520180365430911, 0.946076709676994, 0.9804278764348315, 0.9768640370025844, 0.9354623750919676, 0.9492689518569052, 0.9611646685065864, 0.964951683530933, 0.9635004472881309, 0.9394449343900297, 0.8787924027103658, 0.937674210528715, 0.9471235749735963, 0.9264727903524961, 0.8599834512863433, 0.9569704243814441, 0.9230098541178057, 0.9561646847152258, 0.9362951781285619, 0.7166129963436991, 0.8146263665245347, 0.750848689539109, 0.8318461513110814, 0.8618485684879179, 0.8677563420633356, 0.8496538450346164, 0.8590129629890776, 0.23203342302561397, -0.61125107380489, 0.9523933951225824, 0.9256846836817354, 0.9274860988732705, 0.9413544869776084, 0.948720748321364, 0.9607298788899171, 0.9608447170979025, 0.9157919887010116, 0.9541456973897006, 0.804948711867742, 0.6130175620837077, 0.9129985725016492, 0.93093734350958, 0.7299283316840407, 0.9176395853537151, 0.9392675602962031, 0.8036026409248248, 0.9688373031776201, 0.8360656335884546, 0.6200171610187758, 0.6850333260890632, 0.8453745789789664, 0.8347329177247146, 0.8334928485443858, 0.9766446071826133, 0.9769206117415202, 0.7105571229937883, 0.6679882800814684, 0.7867828249830278, 0.29101138552767747, 0.7606498999027215, 0.7885215577530578, 0.7860931983286455, 0.7833310463206613, 0.7187721040645711, 0.7181434159012893, 0.6956753964062832, -0.27001969525336617, -0.4156429641023485, 0.619047188881155, 0.8818366224191081, 0.9285896740884667, 0.9382614027296995, 0.9102619818220942, 0.812034294730433, 0.9088876253834713, 0.9303043432694454, 0.9301958180415275, 0.7541041720454679, -0.12176081782447569], [0.9965599729997946, 0.9935220945660335, 0.991694618729672, 0.997084170514835, 0.9986286628171455, 0.9917789389147333, 0.9981466941157712, 0.9964619198768925, 0.9989841386000184, 0.9671871012251343, 0.9994140315874586, 0.9970995657858849, 0.9991102143787527, 0.9986351891124756, 0.9986353428199287, 1.0, 0.9990537622922303, 0.9989810648849999, 0.9989783366257349, 0.9987978073531067, 0.9985286968880125, 0.9923195249644184, 0.978342145490087, 0.9836763010895415, 0.9900732889244788, 0.9892483728432776, 0.9757184502887422, 0.948983963908386, 0.9930258767443468, 0.9930858575647744, 0.9904237493801568, 0.9677023541468878, 0.998792333380639, 0.9987245596690507, 0.9989458096618632, 0.9986533455685873, 0.9993872654817985, 0.9988676778330419, 0.9989120573322527, 0.9984019768677121, 0.998677463828842, 0.9987429817869066, 0.9834158187940399, 0.9244406366146801, 0.7274774404821504, 0.9288892184008648, 0.9163086351425027, 0.7989236743439108, 0.9615203407233124, 0.9407099625641174, 0.9635871143502643, 0.9517812482722932, 0.9444539082539017, 0.9808750373680672, 0.9762071444478083, 0.9477223186375812, 0.9582202803005632, 0.9678529240836625, 0.96939095937843, 0.969346056089077, 0.9506704219111748, 0.8904357641109176, 