var element=document.getElementById("correlationClose");if(element.style.display!='none'){var correlationClose={"data":[{"type":"heatmap","z":[[1.0,0.9999867377960062,0.628199388648946,0.9997141455573756,0.9978213724532384,1.0,0.9918834811162656,0.9879746706228005,0.9879746706228005,0.9925644500067864,0.9755075720025495,0.9856506250814534,0.991923304389453,0.9923603800976946,0.9919807048592137,0.874034446358719,0.834140922712312,0.35996615715350433,0.9928797708153718,0.9928661229936402,0.985083342022851,0.9919101862109989,0.45304277984545377,0.7114547550294511,0.9803908837018365,0.9803908837018365,0.9803717265759667,0.971648723900229,0.3550982321029917,-0.09631512101366473,0.9895707026656042,0.9895335491320241,0.3060077237197249,-0.16837204090224495,0.994418227745908,0.9951434717093226,0.8337409736718274,-0.37373937771973936,0.9898559802409603,0.9950582890731696,0.8663203631758706,0.3412135597091367,0.9945749924279211,0.9945631781896351,0.9945749924279211,0.884398183209506,0.6577872061439022,0.8866672603256508,0.8941117864612422,0.8039075179342454,0.3765759194193563,-0.15945338946070392,0.1959836592640593,0.9452329310008355,0.4130307321803064,0.9751378864039532,0.9699870057687446,0.9797331362813219,0.9897346182120137,0.9247598320900128,0.9291371077677664,0.9407938264982659,0.9226309989441345,0.9379889653848172,0.9386665358089042,0.9379889653848172,0.869066163586549,0.9158996043894223,0.9168763365513933,0.9158996043894223,0.9129900105024159,0.766884614034289,0.8860269798162551,0.8874402044589085,0.8860269798162551,0.665071372133506,0.3457321894333194,0.6465074427641794,-0.5712649504093068,0.5509075590653203,0.5840850270068672,0.5848166081379523,0.5840850270068672,-0.10491323989054517,0.9010576157710476,0.9333856239979206,0.9160880607814691,0.9261548593250356,0.3449705493429336,0.8968342710413876,0.8977490606328794,0.8968342710413876,0.9027316333249049,0.9027316333249049,-0.11747860741349306,0.590156673087466,0.18563039790427732,-0.6314107997179548,-0.5770653090214517,-0.5806458287747623,-0.08274666448545277,0.1014566448691697,0.23377940460044577,0.06962327746249622,-0.48151372457027386,0.020075412622321955,-0.7955281214460046,-0.246952480633896,0.15696116961979378,0.1577972684523299,-0.5583346267271161,-0.5907309629392437,-0.24644367587868093,-0.5023682246853511,-0.8226685069910142,-0.37916854841559133,-0.3711084651888755,-0.37916854841559133,-0.19167984875924382,-0.2964310780619756,-0.2964310780619756,-0.8106923914131233,-0.8106923914131233,0.3994472657603195,0.6422890434271691,0.8628754194462169,0.8451344981842239,0.772571151270912,-0.2939181011686387,0.7555149744410158,0.792570523322068,0.7928341959917375,0.792570523322068,-0.22333943790407695],[0.9999867377960062,1.0,0.9761086730704557,0.9993652908471923,0.9951302692449643,0.9999867377960061,0.9825008483245231,0.9755513485047147,0.9755513485047147,0.9823465286599051,0.9667489103400507,0.9841887917260523,0.9825469958598473,0.9824697770559488,0.9823762063548656,0.45825239360248043,0.38209717528752624,-0.36587636280182634,0.9868546996121461,0.9868345391540623,0.9825981877694351,0.9825914242464475,-0.07752510292521118,0.975163139606573,0.9772500071045098,0.9772500071045098,0.9773054406294217,0.9718072861555439,0.17429940869122018,0.19241325405340615,0.97913252588395,0.9791889523939347,0.9619240498331133,0.21138900833502788,0.9898266964061652,0.9898816372362422,0.990519335540204,0.9839468218489643,0.9887336552797196,0.9900111634555189,0.42111334318685323,-0.37150812790966364,0.9905642444739698,0.9905506806689498,0.9905642444739698,0.884383690466468,0.5139682789627111,0.886838504613328,0.8940537005047582,0.8032863498519045,-0.37994715696530185,-0.5214471241782069,0.824083333455222,0.8636392231193821,-0.23208292395161811,0.9323164506538221,0.9324519937848302,0.9502089286766926,0.9751597908814746,0.9407341905413613,0.948646044982977,0.9315037670261678,0.93071053745435,0.9367961331865607,0.9373680600686265,0.9367961331865607,0.82610184747027,0.793705272486909,0.7957063907623328,0.793705272486909,0.9427826811148596,0.9467409158050397,0.9428648576224968,0.9438489002944715,0.9428648576224968,0.5449230562914895,0.48663557278361735,0.5941206869926839,0.6880062896381459,0.5877288001419995,0.6156125885367563,0.616345218161595,0.6156125885367563,-0.2018600945842399,0.8981663321226052,0.9267106256298213,0.9164424590559989,0.9465547854138395,-0.21940757211505624,0.893585382708964,0.8939037842176604,0.893585382708964,0.902453451794992,0.902453451794992,-0.21011743656583326,0.5898851913185452,-0.35776851325191905,-0.731744257600283,-0.4626957808271412,-0.4662481096574393,-0.34005116808317926,0.2589211690877337,-0.23805660574017065,-0.4493764623783506,-0.6761555529272253,-0.3194623696204103,-0.48617911776776523,-0.3757434624668365,0.13464240430525282,0.13089754753214186,-0.4892276121551297,-0.44988414850574854,-0.4782885189405088,-0.509107457136269,-0.5011590931992778,-0.4804296940339778,-0.4839410101243521,-0.4804296940339778,-0.3471000921206904,-0.5116913767955765,-0.5116913767955765,-0.4874406557314541,-0.4874406557314541,0.3991213559768716,0.3862065492507008,0.5052519143435277,0.595934397535759,0.5488934530818387,-0.4202941319021241,0.3672038393183128,0.33833337725797785,0.3384345102018118,0.33833337725797785,0.11952721629632261],[0.628199388648946,0.9761086730704557,1.0,0.6239318455925991,0.5403291990901602,0.628199388648946,0.6128404665540359,0.6033553351083354,0.6033553351083354,0.5396058380028212,0.4927591728293535,0.996205124911848,0.612866790146106,0.601490450520566,0.6131211825203355,0.4838284956008565,0.4846922044352364,-0.1626192454321652,0.5685126127107005,0.567619133624424,0.5292551577072007,0.6117828492331578,0.2323680432496432,0.7527009767380769,0.5874401639811149,0.5874401639811149,0.5871922769327768,0.9873777958716847,0.3457012224727523,0.1816882978393368,0.5724189096812459,0.5719908379582803,0.7494320408444595,0.03316734926948744,0.6095906769474475,0.535405353162415,0.5838460785182054,0.32603457159052723,0.9938952710249976,0.5279190507246576,0.47581153339271365,-0.17059054430786122,0.6261688776266969,0.6075114686966543,0.6261688776266969,0.8828489619544965,0.39411042364918975,0.9107690203033821,0.8823692578638143,0.6828858223158562,0.2052969945421513,-0.04549115204989392,0.04980208796103577,0.4811183166580515,-0.08634000593053408,0.5574842923672984,0.509941918206503,0.5381930194036739,0.49869013777575016,-0.03475742754485584,0.7534944130217617,0.690495038273149,0.5751455365219555,0.6963613773298933,0.7380708145509388,0.6963613773298933,0.4478356908087737,0.5963647370900064,0.6711302114848161,0.5963647370900064,0.6399900895043101,0.648606869892687,0.6956453757730918,0.7528205996020173,0.6956453757730918,0.3178629636345186,-0.08743661963863981,0.33498093719491323,0.11679479080712024,0.33277285439916326,0.26126366900622355,0.44808491705673925,0.26126366900622355,-0.16931326932709823,0.540519571859624,0.8547758101322946,0.6201108524864511,0.7533801220534634,-0.010510068581593689,0.590493894091403,0.5901720435481494,0.590493894091403,0.6788559343083471,0.6788559343083471,-0.2310494566566848,0.7230677817283344,-0.19585100159683105,-0.6364040872723471,-0.41665394280388324,-0.42018677656640047,-0.40394132519867215,0.06823490505630968,0.024369092988237757,-0.30038840236760966,-0.616680904718964,-0.15151828642633874,-0.278548765672409,-0.23925408827138125,0.026799525991200127,0.024104202761805495,-0.4722614747254692,-0.03187638677074796,-0.24187155525391146,-0.49936021372336187,-0.1643929022206903,-0.3842899924216562,-0.26315005375285,-0.3842899924216562,-0.41032346503862827,-0.5200490471875306,-0.5200490471875306,-0.2769436591159067,-0.2769436591159067,0.33737608726530877,0.16878602942405135,0.2672812010461369,0.5060862797514514,0.25742888368653216,-0.3505776483002899,-0.024947323945677214,0.45317484545944126,0.5605326768969228,0.45317484545944126,-0.040522608882367854],[0.9997141455573756,0.9993652908471923,0.6239318455925991,1.0,0.9988212750390053,0.9997141455573754,0.9932784685497167,0.9898388345499409,0.9898388345499409,0.9942087236409158,0.9734004423860402,0.9895108968821601,0.9933074777451271,0.994056892397066,0.9933400079238434,0.8737001525946306,0.8335202022976281,0.34507225615240694,0.9940776554338246,0.9940665358386711,0.9852734930925369,0.9932867462387263,0.44466009833266984,0.715668861607598,0.983125147766607,0.983125147766607,0.9831056375902826,0.9788931157487495,0.3512756909729556,-0.10258850993068327,0.9889926862122013,0.9889644495591511,0.29838323967056796,-0.1684237998267009,0.9950488849378443,0.9959865620120649,0.7976961510927603,-0.378582392190267,0.9926248770243019,0.9961387480777981,0.8651734246084437,0.32599844052028104,0.9928935841816855,0.995100382227276,0.9928935841816855,0.8818364639955559,0.6451585347521116,0.892375897373736,0.8914818108045487,0.7841917233030873,0.3713033714621158,-0.1649078809845542,0.19009174384460384,0.9395283482298138,0.3968577583023523,0.9706310024430483,0.9669858036870443,0.9775801363861896,0.9897768562352397,0.9035168478980649,0.9224318468251568,0.9277197146006259,0.9186522964129665,0.9208433723615439,0.9217749697770153,0.9208433723615439,0.8610118578221174,0.9037150480798303,0.9047863624741594,0.9037150480798303,0.9095707511628521,0.7066106018449989,0.8468758980918225,0.8483162758914381,0.8468758980918225,0.6567991289584905,0.1248821967171192,0.636520633260621,-0.5758139164948257,0.5459220621449253,0.32177204766897066,0.5547925408113479,0.32177204766897066,-0.11136847948712159,0.8957686257602357,0.9257109337729971,0.908348354033863,0.9028875978131535,0.3307942020482304,0.8923173110014655,0.8933679250683614,0.8923173110014655,0.8832937606789701,0.8832937606789701,-0.12242558919269456,0.6119149274050605,0.19035094056032803,-0.6416693848606407,-0.5840860690025408,-0.587573324839894,-0.09494964359049722,0.09680719707864753,0.22678757150047577,0.05658754266816571,-0.4939000080191998,0.013689362306980122,-0.8013680399827061,-0.25468707165332094,0.146887083696719,0.14777127960463018,-0.5650943547672526,-0.5871353678349729,-0.24774020282284623,-0.5130552238664868,-0.8242627175161226,-0.38059298617356563,-0.37310223079363486,-0.38059298617356563,-0.20025362074374736,-0.3060562459429436,-0.3060562459429436,-0.8102833867147022,-0.8102833867147022,0.38840405322270094,0.630524352243641,0.8549684532144758,0.8374031927006719,0.7650430630526944,-0.3069213688184298,0.7464126305445822,0.7836561444524988,0.7839292339735286,0.7836561444524988,-0.20841761259920957],[0.9978213724532384,0.9951302692449643,0.5403291990901602,0.9988212750390053,1.0,0.9978213724532384,0.9970940592058195,0.9954353466710799,0.9954353466710799,0.9972883057006151,0.9648530171216148,0.9962174619329336,0.9971129265799213,0.9971923425201913,0.9971422182294353,0.8203485170033088,0.7616794055610456,0.1418500581283149,0.9976259666316528,0.9976207801914949,0.9871304786182467,0.9970979054634488,0.09724253887352227,0.6901384934621623,0.991829127086653,0.991829127086653,0.9917899729679194,0.9888792215115602,0.12970451284253096,-0.08371306817613805,0.9871218840193786,0.987056645695017,0.0060083799391927985,-0.062443941877599496,0.9977934547767358,0.9977255782182046,0.7840647948757199,-0.5076566032197561,0.997574269809605,0.9980543703817322,0.8036986638664985,0.11766828929165978,0.9977387262464636,0.9977400307258257,0.9977387262464636,0.8969194562871622,0.6078665614496377,0.910491153522646,0.8968084062573988,0.7572186654011922,-0.09802281026578816,-0.5863603578582531,-0.21375183741517595,0.9270910556253551,0.25018516201562974,0.9653096143377237,0.9653883952430142,0.9794099475460039,0.9904056675061977,0.9015527513258024,0.9036695349203966,0.9174378103349613,0.9056998943692133,0.9158204717139296,0.9161774853320597,0.9158204717139296,0.8352674916493515,0.8566544896336981,0.8578596862866505,0.8566544896336981,0.8982252561324704,0.804430936235803,0.8786846553803355,0.8795368488211398,0.8786846553803355,0.6139834039186053,0.48902453333073637,0.6003947901958855,-0.6034030647291568,0.5988959050125177,0.5766296624673518,0.5758287941568109,0.5766296624673518,-0.1297619541504704,0.8775710790119184,0.9006010412307226,0.8850294600357301,0.9100057837061936,0.1789924268349238,0.8775237970652293,0.8786274999945094,0.8775237970652293,0.8844308884002293,0.8844308884002293,-0.16279961803259307,0.662056684042162,0.046020061048812615,-0.6733862466938354,-0.6351346533802679,-0.6356432502050745,-0.12817283712049599,0.119847724018885,-0.16612342319719425,-0.1931869807772916,-0.5701452269029046,-0.3503983360442153,-0.8538324295647761,-0.5394004084375265,0.11527186837229196,0.11600886679654995,-0.5925203470397371,-0.5799762363687321,-0.5315623691595601,-0.5525202222924874,-0.7853169529523363,-0.5846572475203138,-0.5877247397665729,-0.5846572475203138,-0.2407932317881486,-0.34140089558872744,-0.34140089558872744,-0.7527908311723381,-0.7527908311723381,0.37381532774445314,0.6114916300533473,0.8075103474489836,0.789509873106014,0.7541500273134418,-0.4379821246443734,0.6024840269069796,0.6753543067808431,0.6756971909113824,0.6753543067808431,0.018480390437657195],[1.0,0.9999867377960061,0.628199388648946,0.9997141455573754,0.9978213724532384,1.0,0.9918834811162656,0.9879746706228005,0.9879746706228005,0.9925644500067864,0.9755075720025495,0.9856506250814534,0.991923304389453,0.9923603800976946,0.9919807048592137,0.874034446358719,0.834140922712312,0.35996615715350433,0.9928797708153718,0.9928661229936402,0.985083342022851,0.9919101862109989,0.45304277984545377,0.7114547550294511,0.9803908837018365,0.9803908837018365,0.9803717265759667,0.971648723900229,0.3550982321029917,-0.09631512101366473,0.9895707026656042,0.9895335491320241,0.3060077237197249,-0.16837204090224495,0.994418227745908,0.9951434717093226,0.8337409736718274,-0.37373937771973936,0.9898559802409603,0.9950582890731696,0.8663203631758706,0.3412135597091367,0.9945749924279211,0.9945631781896351,0.9945749924279211,0.884398183209506,0.6577872061439022,0.8866672603256508,0.8941117864612422,0.8039075179342454,0.3765759194193563,-0.15945338946070392,0.1959836592640593,0.9452329310008355,0.4130307321803064,0.9751378864039532,0.9699870057687446,0.9797331362813219,0.9897346182120137,0.9247598320900128,0.9291371077677664,0.9407938264982659,0.9226309989441345,0.9379889653848172,0.9386665358089042,0.9379889653848172,0.869066163586549,0.9158996043894223,0.9168763365513933,0.9158996043894223,0.9129900105024159,0.766884614034289,0.8860269798162551,0.8874402044589085,0.8860269798162551,0.665071372133506,0.3457321894333194,0.6465074427641794,-0.5712649504093068,0.5509075590653203,0.5840850270068672,0.5848166081379523,0.5840850270068672,-0.10491323989054517,0.9010576157710476,0.9333856239979206,0.9160880607814691,0.9261548593250356,0.3449705493429336,0.8968342710413876,0.8977490606328794,0.8968342710413876,0.9027316333249049,0.9027316333249049,-0.11747860741349306,0.590156673087466,0.18563039790427732,-0.6314107997179548,-0.5770653090214517,-0.5806458287747623,-0.08274666448545277,0.1014566448691697,0.23377940460044577,0.06962327746249622,-0.48151372457027386,0.020075412622321955,-0.7955281214460046,-0.246952480633896,0.15696116961979378,0.1577972684523299,-0.5583346267271161,-0.5907309629392437,-0.24644367587868093,-0.5023682246853511,-0.8226685069910142,-0.37916854841559133,-0.3711084651888755,-0.37916854841559133,-0.19167984875924382,-0.2964310780619756,-0.2964310780619756,-0.8106923914131233,-0.8106923914131233,0.3994472657603195,0.6422890434271691,0.8628754194462169,0.8451344981842239,0.772571151270912,-0.2939181011686387,0.7555149744410158,0.792570523322068,0.7928341959917375,0.792570523322068,-0.22333943790407695],[0.9918834811162656,0.9825008483245231,0.6128404665540359,0.9932784685497167,0.9970940592058195,0.9918834811162656,1.0,0.9974173662716047,0.9974173662716047,0.9999699631238662,0.9578185886733839,0.9996622908670549,0.9999964884142144,0.9999861424255618,0.9999931799308508,0.9180760217923729,0.9089079802736618,0.30380054842978543,0.9998548920396155,0.9998550029941625,0.9894743877175592,0.999996671555968,0.3567251157158423,0.7147002953801379,0.985314694728503,0.985314694728503,0.9861124054165292,0.9897702847650864,0.2770114197774586,-0.15909778418273998,0.9916481207965293,0.991494003784116,0.20212962459523473,-0.2172478574678081,0.999328920681175,0.9994352815457247,0.40574009795514493,-0.3162928686567571,0.9989423268216475,0.9993868649119639,0.9068957094417854,0.28334253259744285,0.9391310404906569,0.9990713474364237,0.9391310404906569,0.906636256724692,0.6142520554480453,0.929135277513819,0.9056163227375508,0.7189398451465325,0.40837108405851186,-0.10495746574075361,-0.20265469578569478,0.9261524842250537,0.3612662044468639,0.9675517337293426,0.9619113941770606,0.9782412451374909,0.9957801087268332,-0.05085834260624146,0.8616702047623659,0.824592832654929,0.8713681182967138,0.8187961142147345,0.7829258234209787,0.8187961142147345,0.7966419804145147,0.7865297248851888,0.7784595240102946,0.7865297248851888,0.8622143283036042,0.36136494930668567,0.570216712145224,0.6390680167043453,0.570216712145224,0.5829792464015668,-0.34988098183737,0.5508545026538554,-0.6390781045563083,0.4742142213899021,-0.10415876511379406,0.41810842702650547,-0.10415876511379406,-0.15320415602262755,0.8397756767235176,0.858754805688916,0.8444625810182725,0.7579384050899848,0.2890466660977234,0.84014286992266,0.8416451007712166,0.84014286992266,0.7541246828700205,0.7541246828700205,-0.19918015964875604,0.7053543881941406,0.24795400912824772,-0.6525930198929145,-0.6247598842168304,-0.6278043750602219,-0.14130188023377147,0.04653975122576653,0.3380517755493029,0.02310469865930649,-0.512196029571126,0.0712058566335429,-0.8277867010620678,-0.15509275059777225,0.07929496152203043,0.08023140420230869,-0.6080978784529,-0.5957122757830551,-0.08494395982284578,-0.5875092654917591,-0.83752362861655,-0.3742547662750953,-0.2052831913427707,-0.3742547662750953,-0.2741391796075377,-0.35091603640548347,-0.35091603640548347,-0.8300195617141275,-0.8300195617141275,0.37338890281455817,0.5929636547555301,0.5042636046707192,0.804221171744086,0.7472667180583014,-0.3593255024364106,0.06437566719131187,0.7539826473667558,0.7729498352064886,0.7539826473667558,-0.1382923271291187],[0.9879746706228005,0.9755513485047147,0.6033553351083354,0.9898388345499409,0.9954353466710799,0.9879746706228005,0.9974173662716047,1.0,1.0,0.9995355716847785,0.950633211563559,0.9986259475621488,0.9981802281782812,0.9993835249240014,0.9991103533443823,0.9159742531598604,0.8991151687967585,0.2819689311661175,0.9991574133806972,0.9991588910779794,0.9867785071783026,0.9992529204074897,0.33115970810268,0.7153421358538627,0.9924996629455396,0.9924996629455396,0.9841120981061966,0.9866275904335382,0.25943529577250524,-0.17263797173946727,0.9879295989806257,0.9913540945413621,0.18336974417836086,-0.2231367491739839,0.9982633796254707,0.9982181530376945,0.38716790161733156,-0.32310794100145285,0.9968639277897148,0.9981359810138941,0.9051390227936669,0.26108452543782457,0.9313362978809229,0.9980904710860179,0.9313362978809229,0.904095038902926,0.5989500404589304,0.9293988957442247,0.9022519179038231,0.6953884596824973,0.39528379819610415,-0.12009018417865948,-0.215473420780256,0.9173773381955028,0.3406542072411323,0.9628537751746731,0.9565917753591708,0.9730630593219901,0.9948263645926593,-0.060826481134590306,0.8498793979372093,0.8083265679263432,0.8628097013087964,0.8036604123197939,0.7705386606823338,0.8036604123197939,0.7840856314375917,0.7675572513773529,0.7648214499720785,0.7675572513773529,0.8538932163296944,0.3417120840376838,0.5496022641293731,0.6225117927309516,0.5496022641293731,0.5698309326439075,-0.36466271807148337,0.5359809780627084,-0.6469154010787159,0.46621946087120514,-0.12633703747334546,0.4016754956718856,-0.12633703747334546,-0.16003063512119087,0.8297599188931366,0.8438970863046865,0.8317119337541105,0.7431476859550746,0.2714388882149143,0.830699362214264,0.832394726947515,0.830699362214264,0.736415134398755,0.736415134398755,-0.21451820968682728,0.7301776244862888,0.2552834401613588,-0.6620721565963142,-0.6376690647336635,-0.6405252036907237,-0.15618674424503615,0.03878384048655926,0.3310870483083218,0.003844604908988307,-0.5249768641233521,0.06190931712470365,-0.8338982862565888,-0.16160350216481656,0.06387959880769459,0.06483880928487779,-0.6198759136822056,-0.5967952611223729,-0.09181989507321892,-0.6044874156839267,-0.8373039406761634,-0.3858429782004336,-0.21153072182839017,-0.3858429782004336,-0.2917559943555392,-0.3647137473548742,-0.3647137473548742,-0.8282310288939836,-0.8282310288939836,0.3532564672563473,0.5759177938128843,0.48547145010065834,0.7863652659023472,0.7345438873148659,-0.3811304053188417,0.050254884383114144,0.7348343996607739,0.7571894144193871,0.7348343996607739,-0.12111861208486055],[0.9879746706228005,0.9755513485047147,0.6033553351083354,0.9898388345499409,0.9954353466710799,0.9879746706228005,0.9974173662716047,1.0,1.0,0.9995355716847785,0.950633211563559,0.9986259475621488,0.9981802281782812,0.9993835249240014,0.9991103533443823,0.9159742531598604,0.8991151687967585,0.2819689311661175,0.9991574133806972,0.9991588910779794,0.9867785071783026,0.9992529204074897,0.33115970810268,0.7153421358538627,0.9924996629455396,0.9924996629455396,0.9841120981061966,0.9866275904335382,0.25943529577250524,-0.17263797173946727,0.9879295989806257,0.9913540945413621,0.18336974417836086,-0.2231367491739839,0.9982633796254707,0.9982181530376945,0.38716790161733156,-0.32310794100145285,0.9968639277897148,0.9981359810138941,0.9051390227936669,0.26108452543782457,0.9313362978809229,0.9980904710860179,0.9313362978809229,0.904095038902926,0.5989500404589304,0.9293988957442247,0.9022519179038231,0.6953884596824973,0.39528379819610415,-0.12009018417865948,-0.215473420780256,0.9173773381955028,0.3406542072411323,0.9628537751746731,0.9565917753591708,0.9730630593219901,0.9948263645926593,-0.060826481134590306,0.8498793979372093,0.8083265679263432,0.8628097013087964,0.8036604123197939,0.7705386606823338,0.8036604123197939,0.7840856314375917,0.7675572513773529,0.7648214499720785,0.7675572513773529,0.8538932163296944,0.3417120840376838,0.5496022641293731,0.6225117927309516,0.5496022641293731,0.5698309326439075,-0.36466271807148337,0.5359809780627084,-0.6469154010787159,0.46621946087120514,-0.12633703747334546,0.4016754956718856,-0.12633703747334546,-0.16003063512119087,0.8297599188931366,0.8438970863046865,0.8317119337541105,0.7431476859550746,0.2714388882149143,0.830699362214264,0.832394726947515,0.830699362214264,0.736415134398755,0.736415134398755,-0.21451820968682728,0.7301776244862888,0.2552834401613588,-0.6620721565963142,-0.6376690647336635,-0.6405252036907237,-0.15618674424503615,0.03878384048655926,0.3310870483083218,0.003844604908988307,-0.5249768641233521,0.06190931712470365,-0.8338982862565888,-0.16160350216481656,0.06387959880769459,0.06483880928487779,-0.6198759136822056,-0.5967952611223729,-0.09181989507321892,-0.6044874156839267,-0.8373039406761634,-0.3858429782004336,-0.21153072182839017,-0.3858429782004336,-0.2917559943555392,-0.3647137473548742,-0.3647137473548742,-0.8282310288939836,-0.8282310288939836,0.3532564672563473,0.5759177938128843,0.48547145010065834,0.7863652659023472,0.7345438873148659,-0.3811304053188417,0.050254884383114144,0.7348343996607739,0.7571894144193871,0.7348343996607739,-0.12111861208486055],[0.9925644500067864,0.9823465286599051,0.5396058380028212,0.9942087236409158,0.9972883057006151,0.9925644500067864,0.9999699631238662,0.9995355716847785,0.9995355716847785,1.0,0.9567131290581568,0.9996223079422216,0.9999710112045467,0.9999699060327216,0.9999750772893315,0.8444168287711175,0.7876712038457653,0.1898000417719242,0.9998067907431148,0.9998073671812788,0.9893281252286281,0.9999681047878205,0.14385700635582596,0.6840468012441255,0.9948726398372779,0.9948726398372779,0.9948260254349189,0.9896024842390473,0.11158300157261264,-0.0968471164506281,0.9903995981103788,0.990360885065515,0.022190836355230798,-0.17416272167623204,0.9993662704825822,0.9993241511696503,0.7918558567025128,-0.5015931132262536,0.9988702684771695,0.999364158431825,0.8280537731274229,0.16613469734183509,0.9992211177830885,0.9992263155981995,0.9992211177830885,0.9064855057958492,0.6149029649243342,0.9287788870005153,0.9049427558302817,0.7183588123512037,0.006483991300668512,-0.53620152077301,-0.16632389914361823,0.9217384428039199,0.30780993188662586,0.9626831834585029,0.9619831434565733,0.9799464453237208,0.9949873744674088,0.8753641416845361,0.8624095294623776,0.8923051421016979,0.8722495325232219,0.8907204414512906,0.8913580295725069,0.8907204414512906,0.7959488177720909,0.8385885729078051,0.8401345804393502,0.8385885729078051,0.8635431691637808,0.7674168441263663,0.8499257181772735,0.8512035646203956,0.8499257181772735,0.5824594642179354,0.4170889933980038,0.5499172259486546,-0.6545676097477204,0.5300489397776199,0.4952328666241492,0.49504228934714367,0.4952328666241492,-0.11060543730286677,0.8403300049354778,0.8586671281252525,0.8448246022189676,0.8845222892037634,0.20824949537779477,0.8456759234357513,0.8477166912903209,0.8456759234357513,0.8526751703692573,0.8526751703692573,-0.20104154686875894,0.7054507089940842,0.07054838783361013,-0.6647474735658866,-0.6619971043123751,-0.6630529094062463,-0.14487031129273412,0.049522142642732504,-0.1721713538488355,-0.1614616424663968,-0.5550651012533774,-0.3794453367141911,-0.8705643260421985,-0.5761049923210447,0.0782694651618281,0.07962036228393876,-0.6097845793730562,-0.591832816273143,-0.54146006799827,-0.5893157022402904,-0.8079888818763564,-0.6080493443093758,-0.6103976382647597,-0.6080493443093758,-0.2766603627671879,-0.3544248984978752,-0.3544248984978752,-0.7877686859703856,-0.7877686859703856,0.37354264231905454,0.5914692108491836,0.816777863425242,0.8012734528661565,0.7455607210573635,-0.38710575596401425,0.6359496760664413,0.6985966295321674,0.6987565286914159,0.6985966295321674,0.09788692005026488],[0.9755075720025495,0.9667489103400507,0.4927591728293535,0.9734004423860402,0.9648530171216148,0.9755075720025495,0.9578185886733839,0.950633211563559,0.950633211563559,0.9567131290581568,1.0,0.9384970263051772,0.9578417910979575,0.9578557656167948,0.9575374743679133,0.6981138168348736,0.6287228797484816,-0.02295323081406903,0.9625788981440139,0.9625572805500963,0.957965895916582,0.9579579168942215,0.07720346151384183,0.7262115024183469,0.9595103054043049,0.9595103054043049,0.9596994762557661,0.8733088799442701,0.2234719635690354,-0.07769039661989989,0.9653088012861064,0.9654196252554572,0.18480586344902744,0.10782268426465151,0.9664498112408317,0.966709495558526,0.873811088183171,-0.4066142138839561,0.9478450541057591,0.9655932785110184,0.6802808618149042,-0.04457489117151644,0.9676454022744417,0.9676123566540854,0.9676454022744417,0.7994601034209822,0.4122033102553603,0.7970572054615831,0.8804460476264468,0.8404946142552651,-0.536296489758157,-0.6835648919421793,-0.26904626798273695,0.8811037009264676,0.010421256116040778,0.9129227159957762,0.9129874787810834,0.9330903083720589,0.963598084290451,0.8790000754639564,0.8780204533087963,0.900277018875363,0.8818792622726646,0.8933202099305054,0.8940079268617135,0.8933202099305054,0.8314467120130855,0.8129661853929185,0.8148024668230001,0.8129661853929185,0.8754489451975503,0.8922445365155706,0.8738237365938578,0.8744822369268263,0.8738237365938578,0.6715572162256462,0.5967266516378139,0.6724433112607989,-0.3518654715086662,0.6934408074733484,0.7102123883037053,0.7127407738442988,0.7102123883037053,-0.2713729236069786,0.8792720118590893,0.9342635093069037,0.8946174548850105,0.89210637824292,0.06518687980582931,0.8725918128990998,0.8737294150534969,0.8725918128990998,0.8822632379659022,0.8822632379659022,0.03425243237714752,0.37747128162723803,-0.09784182411223905,-0.5907404157096088,-0.41937170033659066,-0.42153177588748014,0.004066287336274207,0.4134329951960718,0.05937268674692195,-0.11126961675451136,-0.46221716756633263,-0.046825852968520126,-0.802234985368289,-0.20863420785964243,0.29866608386372306,0.2981804337712188,-0.3865264419036684,-0.43542779938974974,-0.34629706780332653,-0.3551571809319655,-0.6724971766652448,-0.36657496201559314,-0.3689366061329715,-0.36657496201559314,-0.08422939652893045,-0.3921321338966741,-0.3921321338966741,-0.5392334993101024,-0.5392334993101024,0.5411065789506531,0.6584967279256265,0.7553491906134708,0.68093000823829,0.8248479659734401,-0.4792069425723498,0.3889056730222502,0.5465614967490049,0.5468461427882425,0.5465614967490049,-0.20702170003968132],[0.9856506250814534,0.9841887917260523,0.996205124911848,0.9895108968821601,0.9962174619329336,0.9856506250814534,0.9996622908670549,0.9986259475621488,0.9986259475621488,0.9996223079422216,0.9384970263051772,1.0,0.9996604286294464,0.9996563026226232,0.9996223493932156,0.5334682171261766,0.45069267087089154,-0.4600974973194481,0.9997875685881407,0.9997909197338141,0.9996663960130631,0.9996663416140543,-0.19293404591856145,0.9689813963659751,0.9939357603220599,0.9939357603220599,0.9939150231696677,0.9920106050486854,0.14908852010242152,0.1301319401908406,0.9906703690923904,0.9907178368966052,0.9646126389400415,0.09462887089348883,0.9989251930241803,0.998875417598896,0.9987322799117005,0.9993187966477713,0.9993486551024473,0.998961027811384,0.4899408519577219,-0.46913796303022204,0.9986760194057013,0.9986853705352624,0.9986760194057013,0.8999975375791842,0.45649403879812234,0.9248808304152821,0.9027394522014802,0.7192337393482251,-0.48202294351040403,-0.629662825268982,0.798736254844162,0.8242678257323275,-0.3290502937170069,0.9251481527761192,0.9253717276101271,0.9657989783388368,0.9928992390871422,0.8842241714325708,0.8921696716918501,0.8659894956782166,0.8674449562738368,0.8733797567162678,0.8741303244288207,0.8733797567162678,0.7346827569311551,0.6967303761304162,0.6991203787090157,0.6967303761304162,0.8914679481533714,0.898605935238574,0.8904729632629564,0.8916950919864239,0.8904729632629564,0.43143384603103924,0.362873384429444,0.47792385336735094,0.5890705325781228,0.4796530693791504,0.5138932833561457,0.5160649963366042,0.5138932833561457,-0.3817253844589822,0.8220063496953716,0.8628952285524321,0.8470713837534796,0.8915816001226051,-0.25724904156074135,0.8163303843478955,0.8167601999920021,0.8163303843478955,0.828033847926056,0.828033847926056,-0.2555736919194404,0.6971936427078091,-0.37835891440825864,-0.758143217490131,-0.5375978358881794,-0.5401315874975462,-0.39172897666234274,0.20139749484451883,-0.2856943480342533,-0.48993146255491415,-0.7098019371299016,-0.3724726627606242,-0.6039180910388826,-0.44019787013656775,0.07280893165134895,0.0698295012059751,-0.5594526133072827,-0.5277150484844001,-0.5477888351325275,-0.5829731131042408,-0.5766031513765005,-0.5510351164437903,-0.5542906116472084,-0.5510351164437903,-0.4225903696975665,-0.6092610887120431,-0.6092610887120431,-0.610139361771655,-0.610139361771655,0.3688934356587226,0.3428391025492223,0.46945088357222775,0.5595056641016211,0.5358512496608331,-0.5642848106690098,0.295497125970506,0.29611988010237905,0.29628592608984927,0.29611988010237905,0.21354540122944504],[0.991923304389453,0.9825469958598473,0.612866790146106,0.9933074777451271,0.9971129265799213,0.991923304389453,0.9999964884142144,0.9981802281782812,0.9981802281782812,0.9999710112045467,0.9578417910979575,0.9996604286294464,1.0,0.9999899496637386,0.9999948962864409,0.9180517027353821,0.9032347584766444,0.30385337084923436,0.9998561298728788,0.9998562081718454,0.989510494732481,0.9999972426393468,0.3570302041438288,0.7147728554380398,0.9905386916791555,0.9905386916791555,0.986103102403588,0.9897513521183755,0.2772643341309235,-0.15904430188752566,0.9916646627097169,0.9915033812237553,0.20235694604010235,-0.21721157316876685,0.9993305417607057,0.9994385348319089,0.40571995527385124,-0.3160789895907922,0.9989435093827095,0.9993941474677809,0.9068632907175284,0.2834018407766067,0.9391168642339199,0.9990734917517697,0.9391168642339199,0.9066500867541669,0.614387419387353,0.9293447124589623,0.9058270214622132,0.7190580221254955,0.40875334286630877,-0.10451766579376118,-0.20228899653390456,0.926222971769515,0.36133162941556873,0.9676394086244269,0.9619694408402832,0.9783260004156649,0.9957927956751648,-0.050665023993568675,0.8618256649223331,0.8246938058300003,0.8714880256598134,0.8188958377723686,0.7828708480242803,0.8188958377723686,0.7967331802401775,0.7865887644201026,0.7783980505057682,0.7865887644201026,0.8623700175486202,0.36124892695805366,0.5702298833203256,0.6389854985076967,0.5702298833203256,0.582937887522894,-0.3498968780784849,0.5508316351769522,-0.6389668702273639,0.4741230958918543,-0.10428207582203346,0.4181482336444819,-0.10428207582203346,-0.15334851444361655,0.8398565883533067,0.8588939450956972,0.8445648754666671,0.7579319820651678,0.2891032186421194,0.8402315569044684,0.841728350310581,0.8402315569044684,0.754199853011273,0.754199853011273,-0.19913376102197355,0.7053345179530434,0.24806174692454527,-0.6526327826187698,-0.6246746485232083,-0.627724326134587,-0.1413897339388152,0.04641516598016579,0.3382138657197955,0.02311314148411327,-0.5122600074453213,0.07145593620605133,-0.8275243264292302,-0.1548122489658099,0.07935408194756273,0.08030640516555793,-0.608082184231569,-0.595512023160581,-0.08470512591791282,-0.5874749063666943,-0.8374122984474309,-0.3740360300782603,-0.2050849184395369,-0.3740360300782603,-0.2739965026994188,-0.3508866057607901,-0.3508866057607901,-0.8299607854550352,-0.8299607854550352,0.37382344943756896,0.5930846767861329,0.5045036722946201,0.804465775611596,0.7473212843804101,-0.35911864602358773,0.06465402909549428,0.7542222902353084,0.7730581599253443,0.7542222902353084,-0.13831305048495549],[0.9923603800976946,0.9824697770559488,0.601490450520566,0.994056892397066,0.9971923425201913,0.9923603800976946,0.9999861424255618,0.9993835249240014,0.9993835249240014,0.9999699060327216,0.9578557656167948,0.9996563026226232,0.9999899496637386,1.0,0.9999872055251624,0.8801437045615946,0.8350963218355443,0.305989550187849,0.9998794682345707,0.9998800601426432,0.989501879567228,0.9999870899162041,0.3606310396381413,0.7101876889437977,0.9935693985081335,0.9935693985081335,0.9935308559048655,0.9896486893084756,0.2736008927549312,-0.15943939877542743,0.9918123336962912,0.991820440739252,0.2270883863944999,-0.21645306452547589,0.9995040278611937,0.999439186836348,0.8352941105133987,-0.4106939152337005,0.9989391596640929,0.9993992845883474,0.8682610662282183,0.28557874003829464,0.9993911338229293,0.9993956410721228,0.9993911338229293,0.9067382624249982,0.6145450780811207,0.9289537086063071,0.9052329773549151,0.7184967520554575,0.2888949346191108,-0.27648914095444443,0.09138380985198183,0.9261466710672756,0.3622082073998514,0.9643313234814522,0.9619969553073147,0.9767644479854534,0.9960285923010861,0.8839016187783546,0.8608048425410774,0.8978667963149827,0.871334480150429,0.896943838453553,0.8978263035605498,0.896943838453553,0.7957568801121641,0.8618402921056367,0.8633383462380572,0.8618402921056367,0.8620830613988956,0.7510218502642607,0.8568914240693962,0.8585809033866549,0.8568914240693962,0.5823036309174644,0.4276641309172765,0.5493508126335686,-0.6446841433397823,0.4725056857041301,0.48396259998737384,0.4851773481958632,0.48396259998737384,-0.15512901415696762,0.839575283792957,0.8584228373153852,0.8439597127832981,0.8911304918295305,0.2918496026854116,0.8400636389116724,0.8418853330976805,0.8400636389116724,0.8516618965794974,0.8516618965794974,-0.1995820749775036,0.7039595913302471,0.16965940555521905,-0.6512283843539035,-0.6243038894095793,-0.6272638880087791,-0.14130210644407107,0.04533372827038619,0.1163602209616467,0.024780916961636083,-0.5103781846842897,-0.1147307639929805,-0.8398677275262076,-0.376453325073655,0.07864174593212976,0.08003372084597755,-0.6081407651433871,-0.5948619901306902,-0.3786971112215172,-0.5872440248780363,-0.8313905134802629,-0.4946809011626577,-0.49033751601081665,-0.4946809011626577,-0.2738326550140695,-0.35112348639423796,-0.35112348639423796,-0.8223283514936935,-0.8223283514936935,0.3729400793939501,0.5932601618726947,0.8262955299926266,0.8087621000406054,0.7478713156519907,-0.3585133541686812,0.7047273345804582,0.7445911534831987,0.7446727342489622,0.7445911534831987,-0.1062921189405752],[0.9919807048592137,0.9823762063548656,0.6131211825203355,0.9933400079238434,0.9971422182294353,0.9919807048592137,0.9999931799308508,0.9991103533443823,0.9991103533443823,0.9999750772893315,0.9575374743679133,0.9996223493932156,0.9999948962864409,0.9999872055251624,1.0,0.9129987969926593,0.8787391913838994,0.3039534269829984,0.9998588164141349,0.9998587996341038,0.989650966926585,0.9999948409610264,0.3576760808620815,0.714636525127128,0.9938484497808072,0.9938484497808072,0.9937492418355675,0.9896608987468846,0.27751893736015437,-0.15908325020658512,0.9924557659813127,0.9925006203412073,0.203093334491355,-0.21704703414545476,0.9993774100985048,0.9994370568197586,0.4047293427579377,-0.3152778745164033,0.9988930978710723,0.9993966538654648,0.905681668564166,0.283525271256823,0.9386497643276912,0.9991257987133244,0.9386497643276912,0.9069042435017098,0.6150587559695329,0.9296100039792867,0.9061012564370321,0.7187905310413562,0.4101145611009358,-0.10298025866528879,-0.20249405523171063,0.9265806601292872,0.3615907137450857,0.968034871143473,0.9622895867080898,0.9785960927997585,0.9958285795096506,-0.05166029508014462,0.8621107837061845,0.8246191581070283,0.8717325024860927,0.8188576768904864,0.782453625315417,0.8188576768904864,0.7969343185381507,0.7865427467178924,0.7787847558339226,0.7865427467178924,0.8626989800355372,0.36059238997406645,0.5697467494616852,0.6390065250581782,0.5697467494616852,0.5828041327389811,-0.35103592291604335,0.5507761452655546,-0.6391230268496734,0.4737763638239639,-0.10525626278164824,0.41781556772960016,-0.10525626278164824,-0.1532949222369575,0.8399990471338251,0.8586193458257567,0.8447003603602308,0.7494383705991388,0.2894557088323226,0.8403488622901486,0.8418351436722034,0.8403488622901486,0.754020928066785,0.754020928066785,-0.20056643190018228,0.7061102922740728,0.2485483244819852,-0.6526357541215297,-0.625035349658688,-0.6280891621876885,-0.14251296055153995,0.04523532034699789,0.33851759732705494,0.02267999815415694,-0.5125064927669869,0.07153526969040717,-0.8267075177684408,-0.15465659123040398,0.07838694703025675,0.07933497115935158,-0.6086788835886522,-0.5957353642400328,-0.08413934779627047,-0.5886757474261155,-0.8374080580006484,-0.3739747575808394,-0.20454054322468984,-0.3739747575808394,-0.2749151328586624,-0.3513432772991779,-0.3513432772991779,-0.8302948883860247,-0.8302948883860247,0.3739691957613072,0.5927353525814534,0.5039903008801526,0.8048926858742672,0.7467463245884107,-0.35867537713731185,0.06400332051394264,0.7546164840088266,0.7736551700847261,0.7546164840088266,-0.13800094520596212],[0.874034446358719,0.45825239360248043,0.4838284956008565,0.8737001525946306,0.8203485170033088,0.874034446358719,0.9180760217923729,0.9159742531598604,0.9159742531598604,0.8444168287711175,0.6981138168348736,0.5334682171261766,0.9180517027353821,0.8801437045615946,0.9129987969926593,1.0,0.995290164807504,0.40549167545125203,0.9019689340320484,0.9019649610890073,0.8588751943293543,0.9124182259141209,0.32603157341940536,0.5286386630889517,0.904185088545355,0.904185088545355,0.8925701537271291,0.16963698706255373,0.18953190018186156,-0.19290955483457947,0.9283155872675021,0.9269141659644426,0.14998273455871913,-0.2610984320557551,0.9158988853090636,0.8579537592822246,0.30984051147582536,-0.3200764262443048,0.5472485392537088,0.8393717666827002,0.998453137689285,0.3871302058107529,0.8440005945266461,0.915707967735367,0.8440005945266461,0.5062280979864339,0.5848591667255336,0.1710518827870451,0.15781184420027725,0.35923387798889755,0.40964758894964387,-0.06658932694580025,-0.2100522190207595,0.8277370615722836,0.40495296230303574,0.9049741888559635,0.8427752781468203,0.8924250018973694,0.9072220745061557,-0.09393500961473558,0.4567081721709097,0.7029383682924883,0.6510864333393773,0.6951786666256944,0.7096983434260875,0.6951786666