var config = { responsive: true }

var correlationAdjClose = {"data": [{"type": "heatmap", "z": [[1.0, 0.9999929318362171, 0.9838646616112602, 0.9999205080380899, 0.9988173829122009, 0.9888978259004934, 0.9973482452394209, 0.994955092908494, 0.9952315334621348, 0.9797636212270832, 0.9911617340606436, 0.9951088030009505, 0.9942809868553298, 0.9950132646833617, 0.9951598367087106, 0.9963637742403232, 0.9981917084871901, 0.9957784868251797, 0.9957932501108661, 0.9958088950247308, 0.9950544936733888, 0.9847537999294668, 0.967387216267179, 0.9870662862672422, 0.9858496123256933, 0.9778298786542902, 0.9613494777584505, 0.9392682894560098, 0.9946694500922165, 0.9947229405100658, 0.9917690300400047, 0.9746874132173842, 0.9972588286458756, 0.9975789826488386, 0.9969069038514521, 0.9951779231674956, 0.9945716065569303, 0.9974090272343904, 0.9974793324090497, 0.9986831663714114, 0.9971949037636241, 0.9972085228952018, 0.9758154081826332, 0.9273370191376363, 0.7643546446410476, 0.9027480664310914, 0.9189806334957749, 0.852753186972022, 0.970916621818819, 0.9444960699710844, 0.9720439248327886, 0.9681589720859015, 0.9632919218761639, 0.9864796483053604, 0.9828137275961818, 0.9830762490236036, 0.9756627098044607, 0.985032694327409, 0.9822825841821407, 0.9857006008096897, 0.985449617910365, 0.962986711480098, 0.9644028273847726, 0.9704730983944183, 0.9701604174237024, 0.9412511763433614, 0.9742121888018453, 0.9726630724876137, 0.9810510463411733, 0.9800946745429298, 0.9338134772369793, 0.8506983906133294, 0.8190394595597741, 0.8696167292918465, 0.8989435209726551, 0.8928303134360922, 0.8975440324394179, 0.8962294679202822, 0.6043893777347542, -0.5157113241158002, 0.9747981357311114, 0.9640781406957174, 0.9606991675156373, 0.9840164658179579, 0.9468155266931165, 0.9801575598171004, 0.9801068262717181, 0.941670953690632, 0.9805288988213776, 0.9465361282147878, 0.5939475252869199, 0.8343370153074661, 0.9100973836170154, 0.19353311743306503, 0.9139424132678405, 0.9358960182359676, 0.8049815578428505, 0.9538446222324852, 0.896378069249783, 0.6730357964689782, 0.40825626265546916, 0.892023111172165, 0.8609902134287664, 0.888025596822413, 0.965349205597646, 0.9655976340687263, 0.7381736524163822, 0.6975422372535742, 0.8274795007655452, 0.32672841093109434, 0.7949787933689989, 0.8332092900062142, 0.8196949948946324, 0.8179321872958883, 0.7318036088284146, 0.736698555951451, 0.7160594471318832, -0.2260286330323121, -0.3592227320186483, 0.6122604620976231, 0.9010871145044056, 0.9473672012369195, 0.9507367595815603, 0.9197959601907268, 0.8278023382186781, 0.918560191525306, 0.940859137290833, 0.940662050926853, 0.8760672247176776], [0.9999929318362171, 1.0, 0.9800910870468055, 0.9997471314348775, 0.997165622367469, 0.9898168745526812, 0.9922688409665774, 0.9871596835584111, 0.9872058559624225, 0.9654641031378531, 0.9899091821934015, 0.9874583757795891, 0.9872436602462806, 0.987299586931238, 0.9874073489611521, 0.9927714493777251, 0.9950427668899393, 0.9910623328555823, 0.99106411911345, 0.9872949913581428, 0.9873643144630541, 0.9865578016498845, 0.9577331729410157, 0.9820692913570015, 0.9816166527431175, 0.9776396153678176, 0.9687755165459061, 0.9010409362269931, 0.9880817187167722, 0.9831259650896966, 0.9759727789836717, 0.9094725788163255, 0.9941827069267963, 0.9939701568324768, 0.9942866529618626, 0.9887949646567612, 0.9935976827663706, 0.9942582057301707, 0.9946175163722858, 0.9966148976570774, 0.9943000250562929, 0.9943098005150665, 0.9839922799401912, 0.9270732066438018, 0.6518770680755347, 0.9025396792825172, 0.919464304911302, 0.85289191586249, 0.8904946177995442, 0.9144067043963111, 0.8944317777613967, 0.9069432636512201, 0.8893304679021279, 0.9569743748716748, 0.9568518845946838, 0.9708356725015954, 0.9755505047432955, 0.9680969998666878, 0.9677929945251142, 0.9712480750722765, 0.9711548989828804, 0.9272769266767547, 0.9357136224659222, 0.8964548328329961, 0.8963365652822985, 0.7772022487645494, 0.9652846107447816, 0.9678972663929748, 0.9682517195625643, 0.9676495070987625, 0.9232101072822014, 0.6092568403775853, 0.5470467684923098, 0.7119269456875513, 0.8154720905047574, 0.7345488390833121, 0.7779377569639541, 0.7762650323504793, 0.5361936859268316, -0.26453245301444117, 0.9497119191479192, 0.958287732706296, 0.9493697402126907, 0.9719741367744817, 0.9192534376112214, 0.9551741823452841, 0.9540376028442057, 0.8864319859899357, 0.9588206747370379, 0.8936654961327217, 0.378555694351984, 0.8332093810550513, 0.8360915482169365, -0.19996299758401473, 0.5823341166250802, 0.6940033351043687, 0.6136166621023095, 0.9488499228912606, 0.6349242614888233, -0.1799075797113229, -0.13036222121844426, 0.6016705014824852, 0.6105146785207768, 0.6571372695522314, 0.9507049986607191, 0.9505042158463461, -0.1134347238590847, 0.11274075071142813, -0.04503188990251453, -0.0645301861338603, -0.037280854902076374, -0.021235504830452136, -0.05207132669068942, -0.09015272824628764, 0.2801407639110309, 0.03838495279189789, -0.007591582435523636, -0.4573311604447633, -0.48521875222591654, 0.6123295007169303, 0.7422796711551525, 0.7637670364726525, 0.8270223678955032, 0.8204560874514666, 0.5206072783052043, 0.7284328988955455, 0.7628566193825371, 0.7614301416669997, 0.4147586471176646], [0.9838646616112602, 0.9800910870468055, 1.0, 0.9853310652796476, 0.992277772143658, 0.9892418374816208, 0.9905754097172194, 0.9908827926132736, 0.9942104340948025, 0.9529548568319438, 0.9966454806464352, 0.9907902634409402, 0.9927523593184722, 0.9909491057212731, 0.9908493502457744, 0.9914023819990545, 0.9888881929742039, 0.9893810182217265, 0.989344326731846, 0.9927134206641418, 0.9908096243903526, 0.992925985893983, 0.9774595211531922, 0.9902200773286609, 0.990594694327323, 0.9757336163637973, 0.980448965405079, 0.9431356438067154, 0.9738158642212715, 0.9768820393145444, 0.9783851334865212, 0.9497631373504463, 0.9877910475745096, 0.9909162532561027, 0.9890968837624927, 0.9929668913661087, 0.9942605170462356, 0.9919016780722065, 0.987141390375704, 0.9867170703905007, 0.9880640682589238, 0.9874146495072446, 0.9898996202854466, 0.9268229585454126, 0.706409856879058, 0.9295465395423234, 0.9050111339096084, 0.7540614212335693, 0.9319236230929111, 0.8993935557908052, 0.9330710511346242, 0.9280252860509957, 0.9208463977449768, 0.9537574719894052, 0.9604870466956699, 0.9268892758192069, 0.9420559162648866, 0.9502687044882869, 0.9553852412119804, 0.9510034368333434, 0.9251905297031061, 0.8869365726336585, 0.9190199289151115, 0.9211402792745335, 0.9051958245549202, 0.8534949202466986, 0.9553502890260515, 0.9320697396119321, 0.9508156336249038, 0.928781146331415, 0.7487729207404789, 0.7859136924004793, 0.725396526852697, 0.8066466522367706, 0.8557334544206284, 0.8519766359723739, 0.8261502040285323, 0.8395624693755507, 0.2772478004466708, -0.5217633917344813, 0.9402307492989991, 0.9069659325443005, 0.9134573139080225, 0.9274712417410682, 0.9099375746633357, 0.9464417255879837, 0.9460887569273455, 0.9025226729671496, 0.9434721325085903, 0.8219483124228595, 0.5623321042629857, 0.9196670447640714, 0.9294323717243996, 0.12135061291755408, 0.892015888368307, 0.9170336054571007, 0.790095022796259, 0.975740227849272, 0.7788532366279411, 0.5823450445165945, 0.32491420624527567, 0.7850608067747535, 0.7853787402808398, 0.7734105508383079, 0.9797430197457295, 0.9797928256728888, 0.6550264026896294, 0.6287401591830764, 0.7151759248073547, 0.2525534866656737, 0.6885197431119777, 0.7126799844671222, 0.7283665196065021, 0.7092521960110395, 0.6815958064610063, 0.6594985770968205, 0.6367640761028335, -0.3044233185923735, -0.4368448261427167, 0.5594545230183069, 0.8593476372047225, 0.897745788693522, 0.8982397110771827, 0.8918505501375185, 0.7559374779601548, 0.8718211978631126, 0.8862057890845518, 0.8953107644155529, 0.7404517847743535], [0.9999205080380899, 0.9997471314348775, 0.9853310652796476, 1.0, 0.9991410206399053, 0.9897660501577208, 0.9977301635687181, 0.9955183690128661, 0.995910406117193, 0.9795608198858071, 0.9928792085164552, 0.9956545495473466, 0.9950402104205958, 0.9955747098743672, 0.9956971859120259, 0.996898889858886, 0.9985155952949769, 0.996268908000835, 0.9962810494146116, 0.9963945332392322, 0.9956028921590993, 0.9860674162777544, 0.968741220066098, 0.988226114001125, 0.9871199240170525, 0.9807851889816284, 0.9635292465410508, 0.9405132482553655, 0.9942457442553276, 0.9944606422773002, 0.9919769442715012, 0.9744635960364355, 0.9974540703720665, 0.9979402496283739, 0.9972592547517193, 0.9957933122254656, 0.9955925994198664, 0.9978107667464332, 0.9976199865974666, 0.9988228134220691, 0.9973800435504118, 0.9973904262255798, 0.977651596347844, 0.9231908467968645, 0.7580991641102168, 0.9034951853644378, 0.915711848668886, 0.8420525029839097, 0.9681172019595433, 0.9410641792748534, 0.9691281088898848, 0.9655788501246154, 0.9605627474165822, 0.9844499883239034, 0.9813245775076443, 0.9810957317939324, 0.973415927371958, 0.9832743654828467, 0.9811984501085763, 0.9838625758401365, 0.9836091442232487, 0.947609408781472, 0.9625234028019471, 0.9686878808869953, 0.9683787405821849, 0.9340348608099179, 0.9732350325299634, 0.9685092192073612, 0.9790059304586118, 0.97800563455335, 0.9021606713546257, 0.8483987560539534, 0.8138925890310184, 0.8669725692578446, 0.8950127007178804, 0.8917926415523753, 0.8942393732654521, 0.893005728870319, 0.4970969325869819, -0.5160106287838575, 0.973335548901947, 0.9611864644785648, 0.958037811452855, 0.982040593541657, 0.9451242658420229, 0.978882735957187, 0.9788349058147049, 0.9401475559699237, 0.9785430767455446, 0.9235569806902786, 0.599979197044367, 0.8446557317901252, 0.9147513001520962, 0.1943007144960394, 0.9157156046234658, 0.937419977853889, 0.8054337058239852, 0.9554255282692512, 0.8903077909114178, 0.6702077034268713, 0.4057468741688951, 0.8870560767372885, 0.8575624908403184, 0.8827174818234694, 0.9665268856042363, 0.9667839406203728, 0.7374506947687587, 0.6980602032504175, 0.8196277754539681, 0.32909676805739024, 0.7895318900356513, 0.8250636056472983, 0.8116268987227799, 0.8127794082593416, 0.7350210284464712, 0.7370056402983659, 0.716428279189943, -0.2213947985094896, -0.35842677519474864, 0.6100445486837089, 0.8993395869676394, 0.9457618446404815, 0.9491615503968165, 0.9188832038284627, 0.8250971968472682, 0.9167519241430196, 0.938825102206697, 0.9387870445889408, 0.8683618163562563], [0.9988173829122009, 0.997165622367469, 0.992277772143658, 0.9991410206399053, 1.0, 0.9923411615426775, 0.9990512260011558, 0.9981601886343161, 0.9982118666120344, 0.9725002766521553, 0.9973901946495906, 0.9982165698416622, 0.9979507169026377, 0.9981967226896568, 0.9982621166852049, 0.9985168825033204, 0.9990831315634247, 0.9986220448668836, 0.9986244638579269, 0.9982978740602432, 0.9981977232611767, 0.9931332141078115, 0.9764738021316585, 0.9931976175105333, 0.9930981601741603, 0.9850455220124178, 0.9782258111242824, 0.94387030913883, 0.9909142838831076, 0.9929193840119814, 0.9900464288996828, 0.9651873175866396, 0.9989782446510154, 0.999001003092059, 0.9989826756733564, 0.998330380546266, 0.9985528404178106, 0.9990793682954561, 0.9991433614977632, 0.9989772251424929, 0.9989605210267808, 0.9989626841328718, 0.988319177557473, 0.9331055056057677, 0.7340391511758902, 0.9204068415214003, 0.9181038640017959, 0.8206985767038445, 0.953006244582957, 0.9265414438924505, 0.956553938208384, 0.9568588840813131, 0.9518083191044199, 0.980396664828183, 0.980324501091202, 0.9762551900472295, 0.966208947201647, 0.9772359493845139, 0.9759616215581272, 0.9775485105720182, 0.9772235322512768, 0.9489128182656251, 0.95072919307458, 0.9470862188639707, 0.9466587798898548, 0.895786564516901, 0.9694710124813785, 0.9661987352440804, 0.9733555831681105, 0.9722803181942071, 0.9270202394020064, 0.8207952189589828, 0.771435076114325, 0.8468461679691994, 0.8955745209816505, 0.8751252655039783, 0.8845535153885228, 0.8833140049465078, 0.6534853876878465, -0.5885058507651815, 0.9648503503948721, 0.9465158951944218, 0.9451460895171286, 0.9775337133203518, 0.9258184660519847, 0.9699638297433167, 0.9694233585124838, 0.9270170271773442, 0.9722458732555114, 0.9318671940613733, 0.5846000143908904, 0.8719902650440875, 0.9363475097908339, 0.09560831056088004, 0.8897014897714207, 0.9185655031106513, 0.7986077461835659, 0.9617669974707911, 0.8768447032429902, 0.5256623258824354, 0.271286054199423, 0.863767861835736, 0.8134231075665374, 0.8647053143048553, 0.9712554300635867, 0.9714533253632381, 0.6884885788023116, 0.6768342568546455, 0.729900315638309, 0.3012498902484493, 0.6654538013553347, 0.7389953230199002, 0.7144247829465351, 0.6948827616246852, 0.7168997195737886, 0.718101213838694, 0.696467546355655, -0.45187887142401123, -0.5253772740872341, 0.5956338440126915, 0.8913905444062523, 0.9290065702016904, 0.9396169629859898, 0.9147904338470734, 0.7989074855360009, 0.8970099424121435, 0.9221451661336899, 0.9216297610526739, 0.8012465760912888], [0.9888978259004934, 0.9898168745526812, 0.9892418374816208, 0.9897660501577208, 0.9923411615426775, 1.0, 0.9893809369026572, 0.9890344145817671, 0.9883686785795012, 0.9666126516783193, 0.9777596018470537, 0.9890103456116791, 0.9900278975776616, 0.98909932272407, 0.9891914177893362, 0.9920164633581784, 0.9900618634556415, 0.9899845673966242, 0.9899607845052036, 0.9878123386491171, 0.9890305530847548, 0.9962199005163962, 0.9908979604535403, 0.9884110193066699, 0.988052484436603, 0.9631912389280786, 0.9834334562588144, 0.964152540106521, 0.9754423823342033, 0.9785699266862555, 0.9872320011456976, 0.9745710729500942, 0.989416085909808, 0.9895199528920143, 0.9903452769639177, 0.9900658057002419, 0.981351155824498, 0.9901818153959016, 0.989743305931463, 0.9896398363573625, 0.9895127717137433, 0.9894936042035068, 0.9940817295817307, 0.8875511128696083, 0.7447758570457135, 0.8774866017546625, 0.9186187049778425, 0.852542020683345, 0.9425381567044803, 0.9143519281861422, 0.9440836610973286, 0.9503440166417385, 0.9410661025387033, 0.9653822227184313, 0.9698507999336852, 0.9655909925010576, 0.9765175032651501, 0.9669997202938575, 0.9785778424987402, 0.9669913754851516, 0.9664073862800937, 0.9639264177059328, 0.9563518515600439, 0.9428644050902848, 0.9423990156294936, 0.9267703967084665, 0.9751009731131516, 0.9673283893160428, 0.966397486079491, 0.9645996267068436, 0.9437430233453581, 0.8482573108249444, 0.8002484631769722, 0.8685374672174123, 0.8894969324458647, 0.8964987200675435, 0.8806518829760436, 0.8787483646154364, 0.6226585215907061, -0.4867181234540439, 0.9718119500109235, 0.9650268938826639, 0.9621085751533731, 0.966817078086657, 0.9435673607023422, 0.9727488931899061, 0.9724310789663245, 0.9492748890909596, 0.9622778135299942, 0.9492761070826732, 0.5982486349112118, 0.7995789671474651, 0.9301756143695757, 0.1990203387551972, 0.9034119358410209, 0.9238333442841496, 0.8025960839672998, 0.9513965358354209, 0.849481078390946, 0.625926141311993, 0.3904369274536566, 0.8467216797441597, 0.8203256659355048, 0.8433395139503905, 0.953922563023024, 0.9540094729305356, 0.7033071021440606, 0.6801736608965147, 0.7668338613063665, 0.3304412430143553, 0.744580434921512, 0.7745114149815923, 0.7603018569078265, 0.7627884105830658, 0.7230707911785628, 0.7103680774583281, 0.6918509126219908, -0.25240613953137425, -0.3771188149224469, 0.6462989063061139, 0.8907221606016841, 0.9085537274799502, 0.9157577457804953, 0.9036591538365389, 0.8033080094856182, 0.8769454038838671, 0.9002891542348758, 0.9002721351143401, 0.8467246634517451], [0.9973482452394209, 0.9922688409665774, 0.9905754097172194, 0.9977301635687181, 0.9990512260011558, 0.9893809369026572, 1.0, 0.9970161479244041, 0.9995091881656346, 0.9710699618709883, 0.9993817121323542, 0.9980266911638044, 0.9990431927907867, 0.998960521911848, 0.9987199937645156, 0.9980473036478636, 0.9998265142950366, 0.9992110056037298, 0.9992164557762868, 0.9996318361782076, 0.9991773458262931, 0.9905661740047894, 0.9732619820997335, 0.9834184974758107, 0.9920934369954841, 0.9841648140172503, 0.9702861482772588, 0.939084379325973, 0.9925683984044157, 0.9917197400351421, 0.9929553234019238, 0.9707220629295693, 0.998758924538346, 0.9998050601555027, 0.9995992456589236, 0.9993638461417225, 0.9996146282518716, 0.9998371072418643, 0.9977828693681308, 0.9994941505686694, 0.9992308878892167, 0.9988159167318047, 0.9832384889507539, 0.9358561070416737, 0.7468469348603772, 0.9302078845283258, 0.923167905830602, 0.8076599121616534, 0.9612502783199235, 0.9400637705294277, 0.9621566434037988, 0.959962289010067, 0.9556201632783039, 0.9821664693503933, 0.9800023637721793, 0.936657572309105, 0.951837949213134, 0.966566463809861, 0.9669033263914895, 0.968518881342395, 0.9372007060220546, 0.8820746230157747, 0.9398620996267364, 0.9528951792591163, 0.9295991081305189, 0.8684941222640188, 0.9580949655899458, 0.925018955317769, 0.9598040372015354, 0.936775966658389, 0.7134051190047204, 0.8151544700579436, 0.7477870025134475, 0.8321272689145224, 0.862937478274704, 0.8662085924497352, 0.8473500866265263, 0.8597255811261829, 0.2321266214981063, -0.5521359061469867, 0.95469705400967, 0.9286655833286992, 0.9296160057096761, 0.9393616374244407, 0.9263582212057213, 0.9635710447279987, 0.9636404390307164, 0.9177364142212717, 0.9596425710954705, 0.8072102171052823, 0.581615397330393, 0.875046354574327, 0.9143709557663054, 0.17342470706081442, 0.9131711549486734, 0.9361054675869331, 0.798854206753662, 0.9618747770796394, 0.8308799840022969, 0.6559031768275483, 0.3861900490814736, 0.8426520000781984, 0.8350004034692515, 0.8280428013237353, 0.9716904180592922, 0.9719574535582328, 0.7217761955602994, 0.6721474929568765, 0.784170641178471, 0.29584203659467256, 0.7651641801936478, 0.7937897824169459, 0.7851099258877455, 0.7902651140716359, 0.7121271038780164, 0.7221003847144007, 0.6996373723711544, -0.242042720808464, -0.3862055413978659, 0.6153225662714252, 0.8915116148930123, 0.9313146988648731, 0.9463279563593857, 0.9169693911234361, 0.8222459815358409, 0.9154887482704062, 0.9376982017406457, 0.9370635867844448, 0.7742960402028529], [0.994955092908494, 0.9871596835584111, 0.9908827926132736, 0.9955183690128661, 0.9981601886343161, 0.9890344145817671, 0.9970161479244041, 1.0, 0.9999835197723365, 0.9647447547338125, 0.9996014402213903, 0.9999968416932855, 0.9996460393630797, 0.9999977149198525, 0.9999807673757614, 0.9962609713616816, 0.9989659818586422, 0.9998799017578439, 0.9998796485603997, 0.9999537646770442, 0.9999942698307557, 0.9907532302827109, 0.9741123528455674, 0.9913268259959075, 0.9925727660002432, 0.980459336996352, 0.9724299321354731, 0.9374341655520946, 0.9889142418729826, 0.9944421564220048, 0.991690345999191, 0.9673150952194589, 0.9994223435659495, 0.9994699161189631, 0.9996106090903941, 0.9996644311013682, 0.9986360429361663, 0.9993702954977701, 0.9990857968271596, 0.9981624026808722, 0.9994928496311191, 0.9993516770727728, 0.9845506000032024, 0.9370851134236264, 0.7337755266101068, 0.9385111861689337, 0.9213456006873113, 0.7850158236453911, 0.9600397429079474, 0.935111977928285, 0.9606024077988745, 0.9535538519887358, 0.9492742740333676, 0.9802951106028039, 0.9767568372991459, 0.9304516654166242, 0.94446392543734, 0.9578236455176455, 0.9621451469057946, 0.9603357611631126, 0.9350981338060781, 0.8695332857571197, 0.9329244634634457, 0.9444740436010536, 0.9232693148357112, 0.8518367421398446, 0.9536525370948863, 0.9166451453532223, 0.9523897765118409, 0.9309294340265821, 0.6943420232752712, 0.8040438406048487, 0.742589378734396, 0.8208802303966695, 0.8530605322908889, 0.8593385247722262, 0.8417349459503062, 0.8508503352365117, 0.20973328465772395, -0.5596126074669625, 0.9483489638653716, 0.9164612290792852, 0.9196588161777473, 0.9369687764401223, 0.9176804193289506, 0.9574783277206901, 0.957558408024123, 0.9090853595699873, 0.9503832349716104, 0.7900793351687422, 0.5757042911614415, 0.8996873807808766, 0.9277675638745806, 0.16022654460640154, 0.91204567302792, 0.9353794296106873, 0.7959449392783976, 0.9669202745889145, 0.8353408735301123, 0.6421040392254632, 0.37151967275713754, 0.8445205578701955, 0.8321689361663355, 0.8321294796103282, 0.9749489326177717, 0.9752202002174691, 0.7114247586717813, 0.6626079109957055, 0.7867694175000752, 0.27974212862693526, 0.7601834070703648, 0.789825113470464, 0.7869973224136658, 0.7850307792080845, 0.7039754065527015, 0.7153963104701329, 0.692182970953342, -0.2599672690779758, -0.40322632530886293, 0.5942854075416883, 0.8826256078124661, 0.9293127877533752, 0.938613070200023, 0.9103654649797093, 0.8104265488739614, 0.9090255452936307, 0.9314520538729858, 0.9310858952047366, 0.7532453629780065], [0.9952315334621348, 0.9872058559624225, 0.9942104340948025, 0.995910406117193, 0.9982118666120344, 0.9883686785795012, 0.9995091881656346, 0.9999835197723365, 1.0, 0.9640257995546571, 0.9996001530091233, 0.9999811049081905, 0.9998254854328206, 0.9999895805258843, 0.9999967042097789, 0.9989379993854857, 0.9989080795646602, 0.999809833051899, 0.9998091350558125, 0.9999656111667321, 0.9999820873611336, 0.9933828690101193, 0.9750916035794254, 0.9946221450929408, 0.9947933724052807, 0.9804423261866763, 0.9765036814401515, 0.9384177836042178, 0.9894419947880855, 0.9934764644913487, 0.9886621389031509, 0.962637433637564, 0.9993298974021785, 0.9994107405767615, 0.9994057899014112, 0.9998258368540697, 0.9986484720533818, 0.9993639380991024, 0.9993026346212871, 0.9981106258461216, 0.9993225616558471, 0.9993171432511322, 0.9887875472299344, 0.9372207111105625, 0.7347336089641033, 0.9385487244682008, 0.921590979619317, 0.7852358186987543, 0.9483813706218749, 0.9213470346452025, 0.9514761812456514, 0.9510369148883265, 0.9467211243446438, 0.9774781875147377, 0.9769207910328354, 0.9640861330279615, 0.9448950507668884, 0.9649899105869583, 0.9621650782889686, 0.9654055504706701, 0.9650244382134077, 0.9343870315038514, 0.9320968112376036, 0.9351017693334219, 0.9346781643941373, 0.8825889170792028, 0.9539658584420904, 0.9553500216262716, 0.9617404724693668, 0.9604028474809815, 0.9121634704857189, 0.8032566040592524, 0.7476535578861577, 0.8200098767083889, 0.8743905103357523, 0.8571637525420546, 0.8652544854579151, 0.8642298808492128, 0.595086983060171, -0.6235793486247846, 0.9482107568767562, 0.9164902538717378, 0.919724634740657, 0.9656173245985838, 0.9079869589885704, 0.9568759980559375, 0.9562934251685059, 0.9098074245047465, 0.9594362098648391, 0.9149863135206437, 0.5737008682099581, 0.8991263616421723, 0.9433298751057438, 0.10443401684528178, 0.8965673434834792, 0.9245115690672268, 0.7949988814548904, 0.9654368454744168, 0.8833799005482258, 0.5512528751170461, 0.29451179745405276, 0.870863939646238, 0.8216520318273337, 0.8724942515138604, 0.9748433037168039, 0.9751398877939301, 0.709296761444623, 0.6596136548528885, 0.7463458708977542, 0.2773325013312972, 0.6836503741249734, 0.7546932744540644, 0.732066257910515, 0.713297896977398, 0.701128153482512, 0.7120478094392367, 0.6887908041778528, -0.5027315002318097, -0.5780231901704, 0.5940002006846767, 0.8815035156178412, 0.9277846781424146, 0.9395113692701645, 0.9093587975248146, 0.8050659332642581, 0.896869534897878, 0.9210060915014162, 0.9204349176660288, 0.8098821251461926], [0.9797636212270832, 0.9654641031378531, 0.9529548568319438, 0.9795608198858071, 0.9725002766521553, 0.9666126516783193, 0.9710699618709883, 0.9647447547338125, 0.9640257995546571, 1.0, 0.9474764113092189, 0.965149077911936, 0.9640148275288905, 0.9648690484750485, 0.964412688233158, 0.966211946823643, 0.9758571801933291, 0.9697009906466173, 0.9697077722023537, 0.9649245201666059, 0.9650024223088229, 0.9649628434991885, 0.9505998559657449, 0.9721281577763865, 0.9699541031295075, 0.8787529986004882, 0.9684339070944629, 0.9485027000681131, 0.9745141200773149, 0.9683057683813167, 0.9683081464858931, 0.932280517197622, 0.9735333232725516, 0.9730817984546457, 0.9735932404115819, 0.9651882527372518, 0.9559245346818754, 0.9725645822586865, 0.9734011027269641, 0.9780407755920703, 0.9737301336423633, 0.9737487845540327, 0.9554213092068575, 0.8401846063075437, 0.5555804459543061, 0.7770967483919393, 0.8934322364569478, 0.8802470056881413, 0.9019098418196001, 0.819781891308644, 0.906431929050984, 0.9143165668846331, 0.9036331214501213, 0.9292061600330372, 0.9290524787048133, 0.9443452823313114, 0.935677599937152, 0.9550080258810867, 0.9484100210398699, 0.9532116457200644, 0.9532379968973859, 0.9131923836790996, 0.951206242451942, 0.9342968148065319, 0.9339756290016695, 0.8496993189397206, 0.9360929995710224, 0.9445130918469821, 0.9374397939311242, 0.936437000987012, 0.8879771687136513, 0.8112300503518249, 0.765989719963982, 0.8562111540733168, 0.9106751701987373, 0.8806245511190177, 0.8956717148093709, 0.8949178394707973, 0.6963957552711771, -0.30123220780175225, 0.9528143843322481, 0.954023880278968, 0.9456801411361714, 0.9462784266408151, 0.9069340759306642, 0.9541553471835776, 0.9540089480516788, 0.8995710840039308, 0.9564334111114589, 0.9054370331139822, 0.6918135312389377, 0.6464137522269948, 0.8597495606228545, 0.11723280692923407, 0.8451195393982657, 0.8848695782100151, 0.8703646635654093, 0.9475138158677873, 0.9043332982390019, 0.4575225903914617, 0.3311478389723216, 0.8967090879100336, 0.8714246347874958, 0.9027788922695081, 0.9479114789401195, 0.9482679504000473, 0.5371294542315089, 0.6994638361353874, 0.6080195047889588, 0.4826323670038395, 0.5710385519019255, 0.6280178484199889, 0.5886678878046562, 0.5655837153091421, 0.7981729399351996, 0.6753448388301116, 0.6399282221472783, -0.27041235213852627, -0.31537963603505365, 0.740480020526951, 0.916177753339428, 0.922187374525949, 0.9081335240415881, 0.940922254051571, 0.6492976257597249, 0.8379531647244399, 0.9081505671833897, 0.9072634743926712, 0.6911059951358322], [0.9911617340606436, 0.9899091821934015, 0.9966454806464352, 0.9928792085164552, 0.9973901946495906, 0.9777596018470537, 0.9993817121323542, 0.9996014402213903, 0.9996001530091233, 0.9474764113092189, 1.0, 0.9996356006079211, 0.9996101605218177, 0.9996186858759369, 0.9996274571022972, 0.9993459773462309, 0.9984288102610871, 0.9999496387456789, 0.9999502258336883, 0.9996174091592727, 0.9996282267728781, 0.9889305557627838, 0.9527379832436932, 0.9900063559786721, 0.9912731258319111, 0.9857869135084839, 0.9664554478406073, 0.8856183636427719, 0.9881394514961059, 0.9919920355820694, 0.9710671507018364, 0.8908184542968315, 0.9990897784584903, 0.9991630832024427, 0.99908012719457, 0.9994292425980316, 0.999352894617971, 0.9990988935526519, 0.9989489948071517, 0.9968484476592068, 0.9990565828677388, 0.999053170176759, 0.9884782023706097, 0.9311336686971321, 0.6045080886795331, 0.9335366915441687, 0.92101506455, 0.7903717073071016, 0.8679779408626979, 0.8900338278076529, 0.8736776488282236, 0.8794488656200248, 0.8647698813792554, 0.9503205537498167, 0.9502329391700824, 0.944327450221357, 0.9469857441870947, 0.9344492200785197, 0.9370170759464697, 0.9395981653465393, 0.9393858649796137, 0.8830381092884813, 0.8947453269785751, 0.8476838196739077, 0.8474821183363187, 0.7113956554629187, 0.9400900477565672, 0.9438536939355698, 0.9441978579123379, 0.9434989975580991, 0.8860790229871559, 0.5526042897375261, 0.48604775065518296, 0.6548979887208682, 0.766774265963057, 0.6845575730993491, 0.7290473058890704, 0.728079901300934, 0.4721734723101978, -0.39551249173284364, 0.9088262162406805, 0.920822568783396, 0.9084496493419726, 0.9460946555889561, 0.8712792985850504, 0.9157611429813369, 0.9142915661494624, 0.8340362961121531, 0.9209047571579952, 0.8431269711403887, 0.44325296149453935, 0.8944620063499434, 0.8935735753343854, -0.17995152100573886, 0.6344123633093154, 0.7340152734089043, 0.6285752345394883, 0.9666996095337237, 0.6482741748973674, -0.1289648962895135, -0.11457152291538249, 0.6200152301622845, 0.6253980792699669, 0.6676903810226369, 0.9681438585678499, 0.9682003760641583, -0.04969765426560074, 0.16872214914131622, 0.021075215425403894, -0.0002233548685621307, 0.025803230928264122, 0.04474292730033952, 0.012523996140301677, -0.032642691696965445, 0.34305945590966685, 0.08584503328192612, 0.03587444635906352, -0.5286508619613038, -0.5564697876089678, 0.5941720424408207, 0.7322811588917968, 0.7548868594658424, 0.820706754016252, 0.8181992862670852, 0.4972111569431896, 0.7152011633192344, 0.7533897817689318, 0.7520530426915797, 0.40093524056228225], [0.9951088030009505, 0.9874583757795891, 0.9907902634409402, 0.9956545495473466, 0.9982165698416622, 0.9890103456116791, 0.9980266911638044, 0.9999968416932855, 0.9999811049081905, 0.965149077911936, 0.9996356006079211, 1.0, 0.9996325748534948, 0.9999976125185595, 0.9999838638290238, 0.996926991798402, 0.9990332181768026, 0.9998920401391156, 0.9998919028098479, 0.99996177013372, 0.9999947593436048, 0.9906726387716569, 0.9740017286178289, 0.9919776468921386, 0.9925417409367837, 0.9807110830509954, 0.9722782229770854, 0.9374772721088971, 0.9897902002626159, 0.9944846646845618, 0.991751956956389, 0.967446848774067, 0.9994634325933534, 0.9995141167294452, 0.9996445927730447, 0.9996671827729195, 0.9987348357590096, 0.9994173487012705, 0.9991235065050177, 0.9982552816016854, 0.9995354507211848, 0.9993935902435296, 0.9843763579040711, 0.9373084781735356, 0.734442435545335, 0.9383611895949792, 0.9215688578486281, 0.7862125088747667, 0.960333182501414, 0.9355169704648079, 0.960905005977973, 0.9539039551247138, 0.9496389523180194, 0.9805193105871096, 0.9769282151947531, 0.930813491740495, 0.9447817106128642, 0.9581952368070578, 0.9623640535618969, 0.9606972894921662, 0.9353901616274457, 0.8698476455728037, 0.9332894051551867, 0.9449379941340692, 0.9237298244752127, 0.852367353555836, 0.9538283621301576, 0.9169448693832503, 0.952688594367569, 0.9312747724621594, 0.6946040551890232, 0.8046241794512309, 0.7431821169507398, 0.8214570898261835, 0.8534962106829722, 0.859688557281753, 0.8422101935669188, 0.8513557650836668, 0.21018572659068563, -0.5593856259774888, 0.948655997511267, 0.9170619608176579, 0.9201292487520853, 0.9372452075386776, 0.9180610008610728, 0.9577773008247514, 0.9578569165600003, 0.90943280006232, 0.9507794656690239, 0.7904672598765159, 0.5760294427313667, 0.8985885027968663, 0.9272196221601684, 0.16085039343078564, 0.9121390978249532, 0.9354635108746266, 0.7962520784184164, 0.9667484028501487, 0.8357549246731751, 0.6430495490562581, 0.3724494588253317, 0.8449612656653064, 0.8326930759484411, 0.8325307434276205, 0.9748662257228304, 0.9751372319267418, 0.7120821941181436, 0.6632571738811407, 0.7873103056365665, 0.2806918711537813, 0.760856497576248, 0.7904744802871396, 0.7875399119377342, 0.7857105937701278, 0.7044309357459361, 0.7158555880594261, 0.6926755466743387, -0.25888434123323, -0.4022392996837725, 0.5949734132704705, 0.8831288212013368, 0.9296968851779478, 0.9390942199405168, 0.910802008874526, 0.8109663812021292, 0.9095483548898609, 0.9319617954317173, 0.9315814665343106, 0.7539033014678537], [0.9942809868553298, 0.9872436602462806, 0.9927523593184722, 0.9950402104205958, 0.9979507169026377, 0.9900278975776616, 0.9990431927907867, 0.9996460393630797, 0.9998254854328206, 0.9640148275288905, 0.9996101605218177, 0.9996325748534948, 1.0, 0.9996691875198481, 0.9996526555443215, 0.9990505252743357, 0.998401805396262, 0.999441321848186, 0.9994347915639523, 0.9996474833730646, 0.9996224815781956, 0.9926385332912773, 0.975629844105459, 0.9954286945050659, 0.9953212757331124, 0.9805085417528291, 0.9751352120324072, 0.9400947615913542, 0.9890012323505152, 0.9925016999874434, 0.9908418773903211, 0.9650416492269849, 0.9987432991936419, 0.9990454676869474, 0.9992359877403614, 0.9999232600822281, 0.9986741866510404, 0.9989944919669911, 0.9985520314689212, 0.9974230580631367, 0.9987330863965747, 0.998656584723948, 0.9883031548433736, 0.9372973580627886, 0.7306649833405578, 0.9385339711359445, 0.9214994416019647, 0.7854724276558883, 0.956625227459535, 0.9283964742163355, 0.9574606596098537, 0.9505694157500562, 0.9457727747745063, 0.9769930103550528, 0.9748702294399014, 0.9551788254262347, 0.9443860342717435, 0.958406679186551, 0.9613477804185258, 0.9604251811551838, 0.9597187824846587, 0.8739233699493886, 0.9299261041495422, 0.9431680549421784, 0.942926852037225, 0.8502019036460947, 0.9539678318977843, 0.9294788546232992, 0.9545707913852367, 0.9530771352909002, 0.6986416135755625, 0.8012546601698377, 0.7654425429455748, 0.8187525940214178, 0.8549604004392692, 0.8585777001829866, 0.8500962504458724, 0.8503171450502615, 0.19366552165107373, -0.554019641228765, 0.9474725958650331, 0.916679101555158, 0.9188258687073364, 0.9582759039873006, 0.9176791461129569, 0.9562961795626568, 0.9563314116393683, 0.9087392022571806, 0.9510640534590125, 0.7973678302477892, 0.5765328394452132, 0.8992273862158672, 0.9275341496730146, 0.15634201769077294, 0.9097924800266617, 0.9335082916645974, 0.7973602533182705, 0.969560266479273, 0.8291421622983148, 0.6352039641076874, 0.3667909905823623, 0.8360504478473921, 0.8273586731355516, 0.8241523976055753, 0.9769078072705145, 0.9771328997296336, 0.7026917946591548, 0.6575474673438754, 0.7657243321789262, 0.2803721452667394, 0.7507195044215442, 0.7790165976556322, 0.7556203452578006, 0.7745353621226352, 0.7019199873852874, 0.7051921775470482, 0.6822792655279548, -0.2658579980188005, -0.40757898138548265, 0.5944993115656524, 0.880913835745497, 0.9313112955885642, 0.9346442374360227, 0.9100097856306617, 0.8029734387668334, 0.9030415593993217, 0.9249866191371819, 0.925241574708838, 0.7483446845638072], [0.9950132646833617, 0.987299586931238, 0.9909491057212731, 0.9955747098743672, 0.9981967226896568, 0.98909932272407, 0.998960521911848, 0.9999977149198525, 0.9999895805258843, 0.9648690484750485, 0.9996186858759369, 0.9999976125185595, 0.9996691875198481, 1.0, 0.9999880778000227, 0.9985525213620736, 0.9989823332501353, 0.9998837399309, 0.999883162584899, 0.999955972560091, 0.9999919901625941, 0.9907926841387653, 0.9741697704864426, 0.9938816618981167, 0.9937470575021418, 0.9806078585144035, 0.9724762670672819, 0.9376288175562142, 0.9922842471700827, 0.9948189411608508, 0.9916294465354537, 0.9672087449993183, 0.9994390408787667, 0.9994755091655514, 0.9996213957600079, 0.999684427707258, 0.9986821757304885, 0.9993825039222642, 0.9991551434763739, 0.9981809974273937, 0.9995071031095104, 0.9993692712982156, 0.9845324588200128, 0.9371518123184704, 0.733875237593672, 0.9384822450419671, 0.9215089093655431, 0.7855804542028835, 0.9601512396997739, 0.9352962499609243, 0.9607564158390159, 0.953524198146802, 0.949219554825414, 0.9803464128036251, 0.9767211372538136, 0.93083004547541, 0.9446321473264535, 0.9580358703208611, 0.962215636913797, 0.9605301017587667, 0.9347685836318005, 0.8697927067617626, 0.9327547184734903, 0.9445551866386706, 0.9235383503701062, 0.8519822512152813, 0.9538316952221226, 0.9170936319287255, 0.9526511179961556, 0.9313277460231689, 0.6947703301312973, 0.8039829128921784, 0.7429100794587581, 0.8208667101612847, 0.8532639711736781, 0.8593045095677901, 0.8419214793776969, 0.8510554453480246, 0.2101165567444675, -0.5592692606562106, 0.9484178975612716, 0.9167451416774292, 0.9198814124812869, 0.9347728921589729, 0.9179894230817625, 0.9575589247731344, 0.95763557697217, 0.9092740418474876, 0.9505952864394619, 0.7904017138833414, 0.5757890043922906, 0.8991696038433029, 0.9275999475559263, 0.16024559613003508, 0.9119009311910954, 0.9352667521304815, 0.7959525312881669, 0.9669373860271043, 0.8354092555184448, 0.641985701715602, 0.3714355222001413, 0.8445728420143527, 0.8323467555909909, 0.8321910443144583, 0.9750043808826352, 0.9752715076369963, 0.7109559036583227, 0.6621797154003113, 0.7867773013874377, 0.2800788565804172, 0.760181251561022, 0.7897638355042768, 0.7872011766705458, 0.7849440971344859, 0.7038695305915295, 0.7145281018354837, 0.6913523557598489, -0.25974735043390956, -0.40300146997903696, 0.5946783313986705, 0.8825514224460084, 0.9294795627019404, 0.9386989589582935, 0.910427724985967, 0.8102389392551389, 0.909285707820133, 0.9315329292032006, 0.9312861549522898, 0.7533874265053597], [0.9951598367087106, 0.9874073489611521, 0.9908493502457744, 0.9956971859120259, 0.9982621166852049, 0.9891914177893362, 0.9987199937645156, 0.9999807673757614, 0.9999967042097789, 0.964412688233158, 0.9996274571022972, 0.9999838638290238, 0.9996526555443215, 0.9999880778000227, 1.0, 0.9985503539533344, 0.9990137521656525, 0.9998801064805776, 0.9998801371814957, 0.9999556745890302, 0.999976514726824, 0.990692161067721, 0.974157899084263, 0.9922707530242275, 0.9923266449040313, 0.9807097239668373, 0.9721689922132076, 0.937557671281792, 0.9923316798076155, 0.9944062687444879, 0.9914790355277769, 0.967114372307953, 0.9994823887498815, 0.9994635127626803, 0.9996123915797486, 0.9996744055751462, 0.9987062189239121, 0.999390941843729, 0.9991888086875054, 0.9982306302364823, 0.999541536773987, 0.9994182655533944, 0.9842910666967577, 0.9371003856073723, 0.7346691541001135, 0.9383020833927692, 0.9216128947017463, 0.7859200696592533, 0.9607734650282026, 0.9364284373593943, 0.9614435965399333, 0.953777247146707, 0.9494692987224294, 0.9808549206052218, 0.976932421001658, 0.9316724074788834, 0.945080504586956, 0.9584540724944389, 0.9623614826425253, 0.9609578546751417, 0.9361898703105009, 0.8699349034129147, 0.9322891073872582, 0.9448969513482647, 0.9243216431250595, 0.8518967693551326, 0.9542173966779299, 0.9177630872137876, 0.9532053878423963, 0.9322965466002165, 0.6944876710874431, 0.8035826329918008, 0.7439809226785444, 0.8203210180237732, 0.853234822082231, 0.8587429335096654, 0.8424413223542808, 0.851477955862327, 0.20958639578028876, -0.558774419655951, 0.9484308515245802, 0.9169687795223724, 0.9201091921623213, 0.9381065648644809, 0.9186909032478842, 0.9576996208985888, 0.9578378226212558, 0.9095996668431031, 0.9509684091074033, 0.7903068819053041, 0.5743993716318657, 0.8986480176796005, 0.9272315019338171, 0.1589601059623719, 0.9113921586631994, 0.9347278030616049, 0.7950321516940027, 0.9665182110279812, 0.8364255778994779, 0.6417236566851021, 0.3706657432693049, 0.8451241029229305, 0.8327897591769313, 0.8329650863194722, 0.9747466767144489, 0.9750433329757182, 0.7096401147399785, 0.6599932345748434, 0.7879209269448277, 0.27839402378860423, 0.7604732127480041, 0.7901964108927872, 0.7884788383843776, 0.7852044893999238, 0.7020443180984873, 0.7122516521837029, 0.6890467539326217, -0.25880571472223485, -0.4021583285416928, 0.5942309259350753, 0.8817080659262516, 0.9300935967810813, 0.9392207389404906, 0.9096777834015531, 0.8104182387527481, 0.9103401066598579, 0.9321466670036662, 0.9320250517871688, 0.7532795545924004], [0.9963637742403232, 0.9927714493777251, 0.9914023819990545, 0.996898889858886, 0.9985168825033204, 0.9920164633581784, 0.9980473036478636, 0.9962609713616816, 0.9989379993854857, 0.966211946823643, 0.9993459773462309, 0.996926991798402, 0.9990505252743357, 0.9985525213620736, 0.9985503539533344, 1.0, 0.9986342659092331, 0.998929279651539, 0.9989270847139905, 0.9987539774480979, 0.9984398392532362, 0.9920944350286061, 0.9768928103822179, 0.98281022755326, 0.9894413183368487, 0.987299917846244, 0.9741542303423347, 0.9452780955064924, 0.9934478887834425, 0.9932057216885978, 0.9905803244547831, 0.9675007899259502, 0.99877965288549, 0.9987404425994806, 0.9989599463013814, 0.9985690029756766, 0.999352717205153, 0.9988711108940673, 0.9989049079663291, 0.9979961925429592, 0.9986535888639766, 0.9987302843664869, 0.9830571176812483, 0.9301802505223371, 0.7411092846998539, 0.9308592232796105, 0.9243685617981092, 0.8044269621780595, 0.9643466009138683, 0.9407659909858914, 0.9656160321231833, 0.9541819884761916, 0.9485453866366855, 0.9815946599965645, 0.9766490464781219, 0.9446932265857396, 0.9547154273826923, 0.9655319146699622, 0.9668717438491562, 0.96714633387111, 0.9481146992202397, 0.8820872341746576, 0.9362783408180012, 0.9500136456578336, 0.9356071125907892, 0.8630952515369353, 0.9605730135417337, 0.9317075286362313, 0.9609549556963538, 0.9453219619965303, 0.712579581081715, 0.8115421319881064, 0.7620816984112233, 0.8295580173179182, 0.8660824049679675, 0.8660523630150039, 0.853730