var element=document.getElementById("correlationAdjClose");if(element.style.display!='none'){var correlationAdjClose={"data":[{"type":"heatmap","z":[[1.0,0.9999916469015623,0.9848886913705719,0.9999235153648947,0.998944230806187,0.9878328963585502,0.9976142334667537,0.9954811309024485,0.9957912903958234,0.9800234395090799,0.9926740169964625,0.9956196885362203,0.9948617328558755,0.9955331226374494,0.9963357426435765,0.9964096580073292,0.9981563777405834,0.996216753658052,0.996228879304148,0.996282495701892,0.9955690466608982,0.9859291241009592,0.970150340049956,0.9883821217106801,0.9872602472656024,0.9830520267688975,0.9648237365521013,0.9460039319862332,0.9938160727049391,0.9944763518741812,0.9919010381301805,0.9754757108091097,0.9975249052320947,0.9978069383776503,0.9972229958037906,0.9956817163198888,0.995282707875947,0.9976815465469236,0.9986553476428568,0.9986972437461811,0.9974693319323654,0.997480148200493,0.9767449932834436,0.9164631110809704,0.745530288991163,0.9042877449790925,0.9067812697277619,0.8411618236161204,0.9657508658334862,0.945277388084995,0.9671553166010438,0.964843264434189,0.957434543599076,0.9855705793773096,0.9822032490160664,0.9847778952757723,0.9785881627247788,0.9865709254590604,0.9840727248993946,0.9871818983696388,0.9869562381616507,0.9646782013320498,0.9691620681974141,0.972369951992153,0.9720274030315469,0.9468282218517885,0.9766217558841946,0.9747231646397602,0.9827683876412587,0.9819352209319323,0.9373549009344315,0.8652668236072679,0.8327970332490183,0.8841424832397625,0.9089557376811515,0.9044837530120148,0.9068926180648699,0.9054769963042003,0.6399840894001876,-0.5711187993961039,0.9778904732821734,0.9702583946998972,0.9667126025663966,0.9856064975664208,0.9715492095861151,0.9824157277429234,0.9823662331549647,0.946983566713725,0.9825764268151408,0.950809836321764,0.6573003496972302,0.8746656976672491,0.917550431136635,0.760071370957293,0.9238989923461518,0.9432427619042983,0.8197628284531479,0.9593062262134411,0.8958156746591633,0.6364628133562332,0.709875920706383,0.8918461810988231,0.8653054056773252,0.8887796027509883,0.969808992408738,0.9700114170000662,0.7390406001517915,0.7094311761471346,0.8251240644724802,0.34880108868009,0.7952585962059987,0.829474576802571,0.8161294856266733,0.8142667087753258,0.7549132305195699,0.7432787553497681,0.7238001356608285,-0.24758787908275307,-0.38425108683174947,0.6404491519901753,0.8984657787094367,0.9431809139767597,0.9476751981250594,0.9179036773302123,0.8281918355442709,0.9147502193767639,0.936410145746954,0.9362265402497082,0.8706760440991193,-0.1897925348030317],[0.9999916469015623,1.0,0.9840506281653454,0.9997836727499746,0.997722285818565,0.9904911444693121,0.9934040078992936,0.9894232299380303,0.9894555392167121,0.9695204294606191,0.9917118034635396,0.9896476410696672,0.9894832587249555,0.9895299357355113,0.9902700682340362,0.9933200878698749,0.9952797694502009,0.9926394408144459,0.9926387214331809,0.9895261516294915,0.9895830547710425,0.9887837763176693,0.9644970525406942,0.9852322797275069,0.9849747118493146,0.9829288646706482,0.97434580790244,0.914361008505129,0.9877644280856225,0.9843501841861724,0.9764535320145616,0.9162891121336972,0.9949046744017447,0.9947431853482097,0.9950236783804622,0.9905127113271286,0.9944942604838046,0.9950184403070653,0.9967768416595176,0.9966824676506304,0.9950052969722718,0.9950137085292645,0.9870312558285491,0.9161285439207155,0.5935307185453708,0.9037676888526659,0.9066222959896614,0.8413094469596226,0.8709567335999023,0.913206785368702,0.8746481318626574,0.896343166446176,0.8699935154808683,0.9543584564195284,0.9542709931074097,0.9758491726196078,0.9794865576089147,0.9738796818828818,0.9734801428799821,0.9763960979421136,0.9763094745530102,0.9394749205900261,0.9482855302087447,0.9163600173991776,0.9162627842673892,0.8196267938334485,0.9712988030694236,0.9734651864688664,0.9737083356948664,0.9731361718767233,0.935566521728261,0.6704742680335609,0.6130330443981399,0.7608244140742676,0.8513905764213124,0.7837986075522178,0.8188893927321095,0.8171871425748836,0.6098519143928707,-0.2754605841969329,0.9596912161750194,0.9660993276197076,0.9594120698460461,0.9766900008067281,0.9567083206000704,0.9640191008802116,0.9631468194142687,0.9094653796116472,0.9668080445991255,0.9148103719612726,0.495778425765037,0.8737692094302045,0.8706805295464264,0.30158735567179173,0.6751648748461166,0.762215672116358,0.6500017426845904,0.9585986701058908,0.661376798445842,-0.24948885143906097,0.14891120330164248,0.629796122053854,0.6357939724481598,0.6828547189332694,0.9602214112850315,0.9600840856709603,-0.06615473108720385,0.17443321008582857,0.015121526181179984,-0.01828149498985674,0.01007245395365067,0.02673564841486229,-0.005456259376558996,-0.05005925855653524,0.38264776625585273,0.11828148341309269,0.0684256015666122,-0.45078426270020616,-0.4870711886942487,0.6403191686486295,0.7464339480937334,0.7711329703414671,0.8294543938461346,0.8254069540192441,0.5427939023318845,0.7335789263974462,0.7662336526886216,0.7648822088920942,0.4127129122527656,0.19437591303376536],[0.9848886913705719,0.9840506281653454,1.0,0.9863179422001459,0.9930100325562912,0.9903475865556982,0.9906645027196009,0.9911361164490158,0.9943655548805184,0.9560582627845291,0.9970617995840574,0.9910288301341069,0.9929577533456122,0.9911957198304232,0.9906285969149358,0.9920114758317383,0.9905236813021648,0.9897505706517199,0.9897160631361003,0.9928957364030649,0.9910647766985512,0.9938177259921831,0.9802749975983993,0.9909599062288674,0.9913980290618338,0.9819134655036997,0.9830260324268111,0.9501770048099901,0.9724420624111746,0.9761657691131345,0.9780820195227503,0.9510483272508072,0.98794876726098,0.991066973559642,0.9893869359430884,0.9930285132167724,0.9949378938086477,0.9921433933208548,0.9849279625165178,0.988149292260693,0.988233748152359,0.9876050268080977,0.990900532702842,0.9159133980012193,0.6861415336815488,0.9281857958020829,0.9005819607550714,0.7560128712143769,0.9261308286842338,0.9004660082852174,0.9283927699625449,0.9247242278602308,0.9142615446059104,0.9525199616621394,0.9599006986851404,0.9328356189669165,0.9518426629482032,0.9559006160457079,0.9619943804844316,0.956424030294757,0.9306902004586733,0.9024774232419835,0.9305184820105206,0.9260445939846104,0.908845084172436,0.8684224316895539,0.961884810358677,0.9399293338909331,0.9566208579684436,0.9352002590390521,0.7830306372175404,0.8077769615520181,0.7374969722500638,0.8291354961147788,0.870629099875927,0.8689910607404964,0.8394448748282037,0.8533874686938836,0.3172176782707692,-0.5698879129059707,0.9490719188131013,0.9253427920853718,0.9283320150832094,0.9331996884071213,0.9434375219740847,0.9535570230603858,0.9531515805028312,0.9166954372451253,0.9496606799986885,0.8457658168666733,0.6308411606891635,0.9380709339043225,0.9388200927863611,0.7219050989466627,0.906116983765605,0.927627294068186,0.8054236615345133,0.9787208708217079,0.7782465456250103,0.5434684184734485,0.6498493421256488,0.7862310173279332,0.7911828046734599,0.7749888084598813,0.9822059533712234,0.9822381566521227,0.6592493890478266,0.6461229426520622,0.713242868869673,0.2820589937897753,0.6912810443134236,0.71149736349424,0.7239601589456107,0.7079079844109822,0.7102228353067656,0.6712270700138707,0.6499355709460491,-0.319454320621903,-0.4557363269179806,0.5985901423330099,0.8589496498788008,0.8930655315853948,0.8949611386492222,0.8912255499663162,0.7587734295420474,0.8671858950877329,0.8816227184345277,0.8902409887453668,0.7387197607277135,-0.10948752855129332],[0.9999235153648947,0.9997836727499746,0.9863179422001459,1.0,0.9992429860371322,0.9888158887306011,0.9979402989842436,0.9959947490848885,0.9963870116835227,0.9796706370843735,0.99401155227168,0.9961152423550904,0.9955650689156574,0.9960452364432024,0.9967350405448613,0.9969715739998769,0.9984922643770402,0.9966654618295914,0.9966749219353859,0.9967904092222982,0.9960683172229969,0.9871984279616299,0.9714902773433453,0.9894667485230756,0.9884559018205868,0.9852444084976542,0.9669214962116547,0.9471994614925492,0.9932664477661546,0.9941161885686969,0.991991464343293,0.9751184719772179,0.9976764117217294,0.9980965550817829,0.9975268104844752,0.9962394626077277,0.9960200329378833,0.9980105282176772,0.9985851300673502,0.9988369415265455,0.9976125322764009,0.9976200684080283,0.9785795234109862,0.9121503769174961,0.7391451075936316,0.9050627564789696,0.9045951704474172,0.8310428174892105,0.9628225774027026,0.9418513511784524,0.964119171516252,0.9621793652782857,0.9545569446385047,0.9834947242537929,0.9806714426961679,0.9830742375229989,0.9769956190714248,0.9850502259969591,0.9832610200766956,0.985581467370566,0.9853504916605879,0.9517174960129764,0.9675652615398768,0.9706628755193543,0.9703193668982907,0.9403591125615978,0.9759866481412379,0.9712462389722576,0.9810539544736645,0.9801798215596145,0.911076164514866,0.8632095105100994,0.8280901633438288,0.8818208560114449,0.9054768036465068,0.9036311537238124,0.9039244631405824,0.9025709579002569,0.5366288115483228,-0.5711002423223612,0.9767296404770118,0.9682480105816916,0.9646622769317674,0.9839068731102262,0.9704568319407051,0.9813717374314512,0.9813198508176959,0.9459595363108138,0.9808373433990808,0.9312193088596448,0.6627067253945614,0.8825497688929844,0.922028798246214,0.7616326407750087,0.9256203893931909,0.944707832972112,0.8200862626290043,0.9607852951401445,0.8896746063316235,0.6331057243189196,0.7080969279504956,0.8867690127674879,0.8617493343187851,0.8833743295240375,0.9708769210098809,0.9710873339250501,0.7380600516037532,0.709709193053014,0.8172039759114655,0.35087041675879516,0.7896350916854068,0.8212696838932882,0.8079944118100456,0.8089782222204767,0.7577162480016404,0.7433307648347908,0.7239211628258035,-0.24297160588969674,-0.3835085726361764,0.6389705541166445,0.8965735783354607,0.9413988304451393,0.9459369940198495,0.9167852794956185,0.8253906484453006,0.9127843411572842,0.9342105769967393,0.9341801431637097,0.8630708626425038,-0.1824831350584785],[0.998944230806187,0.997722285818565,0.9930100325562912,0.9992429860371322,1.0,0.9917265802596897,0.999055028535998,0.9983363570316074,0.9983944788709228,0.9735157077686402,0.9977545193118117,0.9983793543395081,0.9981873907593467,0.9983702776267666,0.9986517140469134,0.9981359249167847,0.9992179150338703,0.9987466210208031,0.9987462296143477,0.9984509347423216,0.99836507187191,0.9938354843043301,0.9791345420368457,0.9940135027395596,0.9939524237705636,0.9886867280870473,0.9808426897998899,0.9505822689885755,0.9897728197297385,0.9923034912904017,0.9895712006894645,0.9661890046555167,0.9989374287665996,0.9989744274602755,0.998974605161071,0.9984752896296832,0.998548179844549,0.9990756699050235,0.9989533955375494,0.9991426207937875,0.9989244464987509,0.99892414023639,0.9889259791338284,0.9217403857727582,0.7144357640587294,0.9194820668968747,0.9086142154959341,0.8135536678091235,0.9467044434226645,0.9306437494906142,0.9506643150471895,0.9536210162700798,0.945489228252558,0.9796509990192535,0.979568090590302,0.9790513708042805,0.9709503414783316,0.9800173833314172,0.978903959053619,0.980337345025913,0.9800534344905129,0.9533078405633926,0.9574484229132123,0.9523459140345044,0.9518904258339157,0.9078958176373763,0.9729712538257382,0.9695421893739147,0.9762247407447568,0.975271863094425,0.9327797256622004,0.8387656419164312,0.7941304217986684,0.8640957294343806,0.90831860282835,0.8895077632412184,0.8981328751772528,0.8968357720637781,0.6939030777553548,-0.5931869294456907,0.9695396897395767,0.956362630384362,0.9539674984434979,0.9801538119115792,0.9593673306935815,0.9738084303497616,0.9733339130127902,0.9354542358210007,0.9757772349692421,0.9393982459734004,0.649291535409793,0.9027362185217721,0.9434310809248071,0.7128514431449021,0.9042658392612719,0.929229134249659,0.8138372942803357,0.9666372400696766,0.8806461001869043,0.4783445139980616,0.6406492260021842,0.8683756437895404,0.825588037171063,0.8706390094575419,0.9750230671588642,0.9751835162450848,0.6916478592558645,0.6903398565553693,0.735504927315695,0.3257775678130129,0.6744472510957831,0.7413316668134666,0.7175541796454576,0.6969751449825952,0.7416743946351245,0.7258750384097352,0.7055059453522016,-0.4633182833973073,-0.54086070469033,0.6284200633442417,0.8892229554912625,0.9256398816835292,0.9375492232109753,0.9130213589833123,0.8020273250874355,0.8955587017120461,0.9186664861373656,0.9181540686717907,0.7968447707994708,0.03218674637782709],[0.9878328963585502,0.9904911444693121,0.9903475865556982,0.9888158887306011,0.9917265802596897,1.0,0.9879732471040797,0.9881867772139431,0.9877822171879799,0.9633074966152269,0.979688568504545,0.9881194951746792,0.9893468459761922,0.9882484933491045,0.9882494498001835,0.9913785284334651,0.9893239996304009,0.9890353740886499,0.9890254479282161,0.9870560989540383,0.9881810375320145,0.9960528496354344,0.991702069136,0.9882672855843395,0.9881669927852095,0.9713202051331511,0.9855205508839291,0.9679023399579294,0.9708233693360686,0.9752711210086801,0.9833218600400955,0.9701623170299306,0.9878672205891461,0.9880825521701185,0.9888911639288346,0.9890412508663808,0.9818408036959172,0.9889040777586722,0.9873376026214772,0.9884973641353385,0.9879743893182358,0.9879761292202943,0.9949427264929197,0.8740039401447605,0.7150124075521921,0.882331426116955,0.9018300637753279,0.8312930758782927,0.9301153548187212,0.911281005730982,0.9320903101896817,0.940580342831982,0.9277280704711087,0.9601991094849479,0.964814599406822,0.968533850193455,0.981458453858743,0.9696014622054279,0.9816268474027201,0.9694239489475889,0.9688575508529639,0.969414545013855,0.9612826362785816,0.9435423669265125,0.9430360544621289,0.9325664451057543,0.9792948040341399,0.9716137059469343,0.9699068854659906,0.968311683210384,0.9521437278229832,0.8616615163021165,0.813778774291874,0.8820699213656219,0.8997172684389726,0.9074419620285912,0.8900026253853248,0.8878736606341322,0.6604697415205371,-0.5326845100573222,0.9757308275621346,0.9729910899194895,0.9693328830259937,0.9696223237581338,0.9666490358195244,0.9756496403002471,0.9752833927195487,0.9576559846134067,0.9650930226695431,0.9569386335638991,0.6655423166703722,0.8494463286654846,0.940760961891403,0.7604490580209458,0.9161647915857107,0.9333162203931096,0.8143823248769807,0.9570475051546671,0.8446766110290458,0.5772112966091716,0.6807686831375707,0.8423425666709033,0.821249417614714,0.8402631988170907,0.9590402518597108,0.9590991701289464,0.6995250451888296,0.6886000066637717,0.7600825943761197,0.3506797039485399,0.7407375627936775,0.7658482918466959,0.7519893868746876,0.7539223504756329,0.744426944617503,0.7129773663527588,0.695717068737712,-0.27309044097649954,-0.4012871708920117,0.6639053837005874,0.8800212841735805,0.8981108608607671,0.9067509343963811,0.8948206851378107,0.797662299728125,0.8669501860333748,0.8895152486343808,0.8895540100829616,0.8331338074253483,-0.15296671552179417],[0.9976142334667537,0.9934040078992936,0.9906645027196009,0.9979402989842436,0.999055028535998,0.9879732471040797,1.0,0.9972241387567811,0.9995433389476076,0.9732229748869072,0.9994543935943112,0.998189433974249,0.9990854140059588,0.9990534497686222,0.9992296552038527,0.9973069016650327,0.9999025527177613,0.9992794521031615,0.9992847780355724,0.999662833000107,0.9992485854056105,0.9907067126653546,0.9751321799449589,0.9844354288951966,0.9927097862754393,0.988029862661533,0.972446085037947,0.945577515704852,0.992076989548824,0.9917820085284907,0.9931464100141777,0.9722387162537229,0.9988643309669639,0.9998250387157245,0.9996655453331474,0.9994110824992904,0.9996800764698774,0.999855590229728,0.9977330951810606,0.9996867669085863,0.9992966559438078,0.9989153604129268,0.9828209381916635,0.928426676738351,0.7304570217302877,0.9322504769880302,0.9191514489633519,0.8062677768413665,0.9581055802547143,0.941285562205388,0.960200538457807,0.9580659255575475,0.9512607362658047,0.981748237075134,0.9801172007567724,0.9423653250967837,0.9573747643673721,0.9699833596817778,0.9703100279645416,0.9717434398921294,0.9425012046489095,0.8942312528918431,0.9477441366588677,0.9564426571586191,0.9334582440408403,0.8810760391982099,0.9621986863329784,0.9325979473785412,0.9637691829320592,0.942728874898738,0.7463303597158284,0.8333555424325866,0.7601041104005293,0.8508116827455529,0.8764314731115448,0.880527548678973,0.8594561284358802,0.8719240126169611,0.2717254812206079,-0.6054999240793423,0.9600703712476553,0.9401919263141486,0.9397521550519191,0.944539397281209,0.9563498111369547,0.9676029159344027,0.9676481608076185,0.9256772821353748,0.9638185701496594,0.8287177797337348,0.6441012232772917,0.9031460987032497,0.9219684123095787,0.7504411897022811,0.9228442472364615,0.943131976421613,0.8144245701266161,0.9660976260513626,0.831234293986631,0.6217104121977424,0.6983895223900496,0.8439925860131426,0.8405697064035527,0.8299415105536782,0.9751193324744929,0.9753450693409024,0.7245503859562048,0.6870115795263166,0.7826062340538387,0.32093600373143,0.7667630169959421,0.7920030797683423,0.7820791826356085,0.7883542967376111,0.7375701018810006,0.7307980539442075,0.7095873673967851,-0.2610039868856193,-0.40877430873981074,0.646992928640249,0.8911821386892472,0.928872840873504,0.9441542904419137,0.9167470122629723,0.8238162269569089,0.9127235362491759,0.9345101651220534,0.9339214132445063,0.7750455400555357,-0.1452470953827593],[0.9954811309024485,0.9894232299380303,0.9911361164490158,0.9959947490848885,0.9983363570316074,0.9881867772139431,0.9972241387567811,1.0,0.9999846974397174,0.9674994921228439,0.9996685933538643,0.9999969261270573,0.999669761298289,0.999997929090352,0.9998224989025558,0.9937409173194925,0.9993395966042081,0.9998921217075961,0.9998916506124752,0.9999582636898456,0.999994631198403,0.990975070936307,0.9762263816267451,0.991973618269457,0.9932151081426505,0.9853441141632228,0.9746324261857502,0.9443444578986141,0.9883550252640967,0.9941452729890451,0.9917920510607815,0.9689051009135661,0.9994334475187725,0.9995026515526506,0.9996240675495661,0.9996973912173418,0.9988581596195306,0.9994291747247124,0.9978863407164196,0.998599230640219,0.9995030632636738,0.9993666407261327,0.9843111110166143,0.9285067160125413,0.7173378526031066,0.937921533158025,0.9166990814707746,0.7855518887830086,0.9565144125067093,0.9363868954500485,0.9581987173249283,0.9516806249290495,0.944776090518849,0.9797439902644757,0.9769022398402276,0.9367489428890071,0.9517930733721014,0.962352551288602,0.9664545934058099,0.9645880470898367,0.9405566784439413,0.8839801392124204,0.9418493912867331,0.9486660126699366,0.927444682856354,0.8662284041960586,0.9587591198417706,0.9253557687279718,0.9573746252412252,0.9375000674335312,0.730431503994827,0.823493911895119,0.755113391490544,0.8409590756424876,0.867729216678855,0.8746310489462378,0.8543138964317865,0.8639044503710365,0.2513160357456532,-0.6111402721319099,0.9548019537565954,0.9309871889147485,0.9318110687338022,0.9423461118521951,0.9504624778824192,0.9624576791641936,0.9624980654661843,0.9188600287035087,0.9556850699241238,0.8143274517767346,0.6395844909277522,0.9224481026125311,0.9342467225641655,0.7451591821573295,0.9222074226441138,0.9427680118981189,0.8117053151998387,0.9707232972596764,0.8349258836654754,0.6073548954510551,0.6889563684926656,0.845218723785803,0.8375061014008907,0.8332780498069069,0.9780598759505105,0.9782900491945177,0.7144428341951895,0.6781408355240146,0.7845160273267813,0.3062797204428881,0.7615234522364488,0.7876150630015328,0.7832918229122612,0.7827738547181523,0.7303194897001208,0.7244118798757883,0.7025281554524917,-0.27799663175310063,-0.4248011302476788,0.6292338420527788,0.8827510257608541,0.9265786179843845,0.9364258099799327,0.9104163038668946,0.8123835696018815,0.9061854041431819,0.9281775687744185,0.927839995215341,0.7548757432563364,-0.1273697736372439],[0.9957912903958234,0.9894555392167121,0.9943655548805184,0.9963870116835227,0.9983944788709228,0.9877822171879799,0.9995433389476076,0.9999846974397174,1.0,0.9668247129216088,0.9996676274498919,0.999981626828125,0.9998417269168828,0.9999901979617565,0.99989395867008,0.9982975256309937,0.9993295499968281,0.9998317999954737,0.9998307990457044,0.9999673365522442,0.9999826560207327,0.9938576444111472,0.9775783394207922,0.9952518118457476,0.9953913820420154,0.9853156795938067,0.9789319207171916,0.9454719190617215,0.9889309674299273,0.9932440198590665,0.9888308855167436,0.9644619490310732,0.9993616503213848,0.9994421607916032,0.9994469147478785,0.9998441648188197,0.9988678997853194,0.9994163708978603,0.9981439912434906,0.9986102849285298,0.9993569271992445,0.9993511320069218,0.9887869019733174,0.9285111159452784,0.7180259266400276,0.9376584757630881,0.9164212607840677,0.7857730341046733,0.9436474996511159,0.9257023272393181,0.9471318820009824,0.9490869848026766,0.9419969861367445,0.977425895160794,0.9769758020533016,0.9681380242678683,0.9521887606773715,0.9690271205649684,0.9665424806254362,0.969443456233804,0.9691138655559254,0.9402375256362457,0.9411453597552115,0.9414038380544025,0.9409996710114265,0.8954839760384713,0.9591103095514121,0.9596451796393968,0.9657836007824541,0.9646212227193153,0.9192674841539212,0.8228154696317411,0.7722284372140459,0.840121347801165,0.8891165673678905,0.8730995729559159,0.8805469688089987,0.8795069956452146,0.6399242506733988,-0.6266291763244171,0.9547451945436968,0.9310222666148872,0.9319443374589534,0.9694766539963946,0.9452208745702991,0.962008847382065,0.9615037980172106,0.9197633281838817,0.9642382651506389,0.9240362794152657,0.6379527398278061,0.9219711367841119,0.9479803274085568,0.7211936566780925,0.9092996603196191,0.9336681031966411,0.8108238630865827,0.9694984901039169,0.8873325126908733,0.5093072969175453,0.65750146745297,0.8756946859778934,0.8335472500060911,0.8784484595204933,0.9779858755446225,0.9782457897455245,0.7123594373376285,0.6751555057804053,0.7515555730164628,0.3040964131478669,0.6923442721540461,0.7570566470918336,0.7352188610550547,0.7156068288546429,0.727768997661478,0.721224366785301,0.6992953323770369,-0.5123849658030514,-0.5910380771708582,0.628804518484874,0.8815603631233802,0.9253829458652971,0.9381049781719819,0.909415140108693,0.8075115485409083,0.8958833761729766,0.9184295582453199,0.9178672883666209,0.806537194438119,0.10471135207588284],[0.9800234395090799,0.9695204294606191,0.9560582627845291,0.9796706370843735,0.9735157077686402,0.9633074966152269,0.9732229748869072,0.9674994921228439,0.9668247129216088,1.0,0.9546773585967149,0.9678813339994274,0.9668385703410047,0.9676164457690081,0.9671053259329827,0.964619953356527,0.9752848822988067,0.9717902768515806,0.9718040046233446,0.9676678794315207,0.9677376473977635,0.966667157435944,0.9543165471784657,0.9741776647916973,0.9721200056743367,0.905348883411888,0.9701111175327258,0.9537182931365757,0.9772247917214176,0.9715312508590538,0.9715702644286698,0.938999187181032,0.9755254366023149,0.9751107565017255,0.9755394103112144,0.9681102247605048,0.9619381358084874,0.9745514073250564,0.9795312052630643,0.9778807925529652,0.9757000859306239,0.9757170882535855,0.956419069598242,0.8489880187398476,0.538300024772445,0.811305055886733,0.8972474623353376,0.8755902373767747,0.903931446972987,0.8375714088567249,0.9083198595743734,0.9189801302222894,0.9054878903982602,0.9364647919377214,0.9363289882006605,0.9457204882967412,0.9380334881295437,0.9554339701919217,0.9494750719087224,0.9539110721364472,0.9539314474935023,0.9129607879633118,0.9542638441605736,0.9407665217807898,0.9404559077683059,0.8662180109252694,0.9379683696662867,0.9453756062928971,0.9392009871310134,0.9381431907522281,0.8894393754772196,0.8309365920295331,0.7893179782560839,0.8721204258883526,0.9205289635147266,0.8940985161010465,0.9073889762586994,0.9067117377190423,0.7296961929671113,-0.3204669654763028,0.9544524496615407,0.9558630369580681,0.9477577824983622,0.9474034411962656,0.9330116508432964,0.9556687084438857,0.955616120648976,0.9041380455292194,0.9575421312857709,0.9086751741717304,0.733235246263187,0.7211046111471934,0.873058098549467,0.6473377828190333,0.8622238226219398,0.8965175763464683,0.8796574117274572,0.9525543802184422,0.9074955480869961,0.39446510753694963,0.6599218366321281,0.899930013455114,0.8785060664329027,0.9067849163692994,0.9527782873943469,0.9530993257136059,0.5470865721424407,0.7127061159787867,0.6227751447913535,0.4939554519585332,0.5824418702155603,0.6368537163805231,0.5981293649299314,0.5720017476415,0.8153234781155596,0.6927282268214154,0.6576309700636828,-0.29103859855411784,-0.3422784539595986,0.752429728060182,0.9176931833538756,0.9246061614085446,0.9136004646464845,0.9424787691721557,0.6703383617863719,0.8471610615183822,0.9112042081187827,0.9103736301729741,0.6935702036205474,-0.16449958605715623],[0.9926740169964625,0.9917118034635396,0.9970617995840574,0.99401155227168,0.9977545193118117,0.979688568504545,0.9994543935943112,0.9996685933538643,0.9996676274498919,0.9546773585967149,1.0,0.9996944284320517,0.9996740366139149,0.9996818990827845,0.9994957419540766,0.9988705701623847,0.9991688816707266,0.9999582185987259,0.9999577477351578,0.999680851230236,0.9996886164154559,0.9907291770719459,0.9603650289489852,0.991738674223628,0.992813566272711,0.9893801827265041,0.9722353492689445,0.901778216397909,0.9888386125337864,0.9926056379533563,0.973846450598935,0.9024865788139449,0.9991943652689447,0.9992587160616988,0.999198215291232,0.9994718825677279,0.9994336011318573,0.9992213572057994,0.9971626819972912,0.9979340683044156,0.9991686818901356,0.9991643098528721,0.9899249709267565,0.9225667761816119,0.5597450359252871,0.933410535471313,0.9155903945958838,0.7897050549016351,0.857481589487129,0.8956650000962887,0.8627321950340303,0.8772169669175277,0.8546823888080753,0.9514466048614423,0.9513829877127814,0.9534409843755696,0.9555661791302096,0.9457753900579018,0.9476436797256574,0.9499299598963037,0.9497404596554431,0.9023827119445195,0.9137967743809565,0.8749972455208841,0.8748250827620492,0.7632090908952593,0.9498781193657364,0.9530856139430799,0.9532410405573927,0.9525600512524794,0.9038518679506194,0.6198961883525389,0.5586974172189331,0.710665431726665,0.8088003185577147,0.7391605874062221,0.7755788416730773,0.7744111956554851,0.5527099096319775,-0.39652870795227363,0.9255248047814928,0.9348649805439555,0.9252171141967891,0.9547957696069612,0.9221148488272233,0.9311101155980275,0.9299451913427592,0.8653558057023281,0.9351687591879664,0.8722878661421254,0.53837826917785,0.9187053076119349,0.9128934174026314,0.33670494583360805,0.7075794684380736,0.7868411755013901,0.6604907414439976,0.9724413356163241,0.6710363315009181,-0.19274107777658755,0.1954062265362818,0.6441014021695974,0.6479950267294181,0.689896462308463,0.9736900940427134,0.9737454914182988,-0.007194509708353793,0.2237040106793267,0.07576569651998494,0.0414163327587614,0.06852054894697926,0.08770095507422836,0.054459060174307856,0.004096262640173259,0.4289027131443473,0.15850237108510737,0.10576570054032132,-0.5190363058879457,-0.5547337132303272,0.6288505422454148,0.7410993331623945,0.7660160711242462,0.8273596011405716,0.8253889627885839,0.5250161510121786,0.7261710894886945,0.761243146734821,0.7599803739388689,0.40613290376503053,0.24413058694787193],[0.9956196885362203,0.9896476410696672,0.9910288301341069,0.9961152423550904,0.9983793543395081,0.9881194951746792,0.998189433974249,0.9999969261270573,0.999981626828125,0.9678813339994274,0.9996944284320517,1.0,0.9996541511201313,0.9999976621942834,0.9998450276450872,0.9949337175211508,0.9993884139268231,0.9999029759191711,0.9999027071827608,0.9999659270716021,0.9999950606172467,0.9908830625003222,0.9760991623014168,0.9926305028907413,0.9931765929597242,0.9855265517541014,0.9744659124080666,0.9443603269960722,0.9892450702079436,0.9942048916814543,0.9918673206939603,0.969051714070935,0.999475936302841,0.9995460697487235,0.999657080152419,0.9996989967412715,0.9989428141936789,0.9994736466147496,0.9979715604661391,0.9986779472739536,0.9995466839575031,0.9994101192210896,0.9841162114281774,0.9288029203939407,0.7180612314591561,0.937862666279302,0.916952220087899,0.7866916497946133,0.9568480761986126,0.936801687379719,0.9585399889055823,0.9520570303506387,0.9451808721603777,0.9799864925107662,0.9770908537218297,0.9370764500382027,0.951987612412354,0.9626676938005486,0.9666105552693597,0.964896735914264,0.9408278198297491,0.8841850372861952,0.9421481871140155,0.9491025763216372,0.9278928676630963,0.8666865433557074,0.9588601429629613,0.9255949862392607,0.9576171105594317,0.9378060271125669,0.730564566491681,0.8240023866838407,0.7556839021516779,0.8414539559265637,0.8681020871077725,0.8749203808462324,0.854750116941791,0.8643592889664415,0.25167768286542086,-0.6110332086659211,0.9550375961960074,0.9313971453468691,0.9321503988682819,0.9426010891130787,0.9507145636448484,0.962698573140198,0.962739766558025,0.9190925564330543,0.9560251874522125,0.8145972807771048,0.6397808267325423,0.9215750757761361,0.9337066115188941,0.7454108171968256,0.9222554740112554,0.9428158956596183,0.811994245497553,0.970553789710378,0.8353733745190473,0.6083790371440762,0.6896510670055653,0.8456875726620044,0.8380391487100431,0.8337087198915187,0.9779760238874116,0.9782061104709151,0.7151074280441149,0.678760203345041,0.7850907988691076,0.3071389287312984,0.7622125408267122,0.7882934347911803,0.7838725687396072,0.7834809855910638,0.7307252305158002,0.7248718523313123,0.7030158447533804,-0.2769689663266311,-0.4238716742438762,0.6298207235818282,0.8832677960236154,0.9269963887131057,0.9369328262818277,0.9108690967516918,0.8129385679172556,0.9067374756738036,0.9287165987236914,0.9283660073904715,0.7555474818089654,-0.12843206486693456],[0.9948617328558755,0.9894832587249555,0.9929577533456122,0.9955650689156574,0.9981873907593467,0.9893468459761922,0.9990854140059588,0.999669761298289,0.9998417269168828,0.9668385703410047,0.9996740366139149,0.9996541511201313,1.0,0.9996908429267356,0.9994888383788675,0.9983749633200922,0.9989511817082538,0.9994867706909222,0.9994795888016385,0.9996723909036879,0.9996461780599026,0.992875625730522,0.9777510410647513,0.9959176853032309,0.9958073434502476,0.9853788305489021,0.9772788306393657,0.9468494923057955,0.9883485018718092,0.9921914723997443,0.9909075623114058,0.966663725979907,0.9987735291930124,0.9990857994791998,0.9992737694340308,0.9999191055796142,0.9988921612315524,0.9990687456091225,0.997297409589264,0.998001370641309,0.9987671719003594,0.9986941872548997,0.9881340693858183,0.9287540871627796,0.7137594066938672,0.9379587945226413,0.9168491929698355,0.786005749263317,0.952258484789726,0.9299470569773342,0.9533417964458079,0.9485488398103897,0.9410591096946473,0.9764278309689944,0.9749640932683746,0.9600602100312671,0.9516868381390742,0.9629760179128184,0.9659710116842847,0.964753468715323,0.9640587351526531,0.8882913037366006,0.939338185737218,0.9475387056798449,0.947236829083404,0.8650478628772046,0.9592188623625937,0.9371157167443082,0.9595023190896584,0.9581765718684759,0.7352110136430677,0.8210804976830899,0.7826040076773189,0.8391880125082298,0.86957028372216,0.8741122648843022,0.8630594871799488,0.8634432227380703,0.23679720528792617,-0.6055045386965758,0.9542338669536091,0.931103946080583,0.9311403445057883,0.9628021707850444,0.9502059999567929,0.9615661819579557,0.9615598983679703,0.9190254623341734,0.9563818374085251,0.8212519856392287,0.6402060341151748,0.9220780996767882,0.9345169479264189,0.742848036116973,0.9204524492142118,0.941290327969509,0.8129008697309621,0.9731542888721819,0.8296784624147598,0.599929472332227,0.685065870529267,0.8368670870780652,0.832699817665328,0.825687653928225,0.9798261581518757,0.9800155123705211,0.7059699384820612,0.6734159454485138,0.7646693242121295,0.3068502114290396,0.752251040375785,0.776988006275277,0.753490096344811,0.772436506615405,0.7284870061294475,0.7148284371049426,0.6932337847649525,-0.2835823045789774,-0.42889732870728703,0.6294097342084775,0.881014378149973,0.9282698612394795,0.9322861040633453,0.9100058046256191,0.8050969817030912,0.900382661197996,0.9215352507882748,0.9218671329304723,0.7491212492620555,-0.12674285787328987],[0.9955331226374494,0.9895299357355113,0.9911957198304232,0.9960452364432024,0.9983702776267666,0.9882484933491045,0.9990534497686222,0.999997929090352,0.9999901979617565,0.9676164457690081,0.9996818990827845,0.9999976621942834,0.9996908429267356,1.0,0.9998527997842176,0.9977435465934361,0.9993587892242012,0.9998955817850599,0.9998947922358076,0.9999600359085932,0.9999925752229814,0.9910151508305504,0.9762815444033718,0.9944423082356183,0.9942774437107301,0.9854518392035729,0.9746782095681908,0.9445230902332838,0.9917048855496343,0.9945073757318352,0.9917357828216166,0.9688050486632815,0.9994484388314667,0.9995065826788528,0.9996335165379631,0.9997154066853947,0.9988975004803932,0.9994391258817177,0.9979244382471897,0.9986201159635034,0.9995158822042115,0.9993825115491628,0.9842965453521535,0.9286090308992356,0.7174056244038512,0.9379384354320064,0.9168811993396064,0.7860875553949583,0.9566165698933169,0.9365525375873275,0.958336353747005,0.9516409638521552,0.9447100347095121,0.9797873715849968,0.9768605537409917,0.9370915478972305,0.9519087153032039,0.9625433047729057,0.9665263720935569,0.9647626944418123,0.940290712016602,0.884213984600064,0.9417088404329502,0.9487388434019152,0.9276918487310537,0.8663634471009325,0.9589200229946911,0.9257569946729346,0.9576089858946643,0.9378596357562629,0.7308167111131962,0.8234445046663627,0.7554097613537155,0.8409552184809216,0.8679150585616504,0.8746067165788084,0.8544843045469181,0.8640916642881019,0.2516815176547569,-0.6108456733699488,0.9548724978764679,0.9311880876444907,0.9319795585041615,0.9405661404682542,0.950652897358658,0.9625343055784797,0.9625712317847079,0.9190401206178624,0.9558759562783258,0.8146193950479528,0.6396279271513718,0.9220328395278556,0.9341071499574682,0.7451006716991985,0.9220855261712733,0.9426728806238501,0.8117089546624533,0.9707420330945628,0.8349836644905998,0.6072205207683393,0.6888499062387886,0.8452611335686345,0.8376632271841729,0.8333294330017503,0.9781110303349505,0.9783374352045481,0.7139941980030065,0.677744906417606,0.78451741487764,0.3065856343903705,0.7615155573902975,0.7875504072258899,0.7834824251836766,0.7826855678601535,0.7302239251935458,0.7236013802736636,0.7017528708348355,-0.27778989233629037,-0.42459051940895853,0.629566958475915,0.8826775956130257,0.926732398985369,0.9364980328533049,0.9104785514055662,0.8121950322504734,0.9064264809195217,0.9282454926636406,0.9280253194699367,0.7550028511207626,-0.12767920188738002],[0.9963357426435765,0.9902700682340362,0.9906285969149358,0.9967350405448613,0.9986517140469134,0.9882494498001835,0.9992296552038527,0.9998224989025558,0.99989395867008,0.9671053259329827,0.9994957419540766,0.9998450276450872,0.9994888383788675,0.9998527997842176,1.0,0.9980853906639332,0.9995110224030891,0.9997806161598434,0.9997831729065324,0.9998859805799211,0.9998632584693662,0.9905123196046622,0.9757339895490459,0.992721766217623,0.9925670328619103,0.9853450282729709,0.9729764482743261,0.9435939996094685,0.992258907261765,0.9940385865467221,0.9919537493488062,0.9697511887575002,0.9995104226999502,0.9995170506340676,0.9996144213214992,0.9996330264288922,0.9989466985684774,0.9995045496946392,0.998379066782205,0.9989446150307199,0.9995989621800271,0.9994676477601327,0.9831170413964545,0.9310097353446355,0.7240517733251117,0.9357979369372459,0.9152731198987428,0.7913180097977186,0.9589628751095292,0.9409579471773515,0.960831382441555,0.9542314177809583,0.9475036013174051,0.981968784503962,0.9787723478121673,0.9402254648446744,0.9545925896833359,0.9651477303011797,0.9682727784265565,0.9673543108904665,0.9431041435288509,0.8867371804527752,0.9427098171728007,0.9514905060198228,0.930928758109499,0.8691219786465817,0.9612139367006655,0.928517511083982,0.9603176095408075,0.9411034844280012,0.7331174456579372,0.8247503542990975,0.7597065969425582,0.8420964845427772,0.8697500343423125,0.8747972311670218,0.8574647038005535,0.8667750346161791,0.2540783881356966,-0.6093748991963932,0.9565244713792185,0.9328190569833994,0.934572033741103,0.9449855218980412,0.953213173275519,0.9642610386447386,0.9643468792408647,0.9214995898656368,0.9584638434895061,0.8172606879271558,0.6303623498768579,0.9176237482532904,0.9306214692948833,0.741504528913154,0.919560786250047,0.9403115880300768,0.8081977325440134,0.9684134759261656,0.8373202795379823,0.6075948820816542,0.6868433719224754,0.8463964977551813,0.8385664008484024,0.834915101620546,0.9763185708198084,0.9765619111776703,0.7117348841761265,0.6713539945566165,0.7874669675428174,0.2976108717784539,0.7622017697808751,0.7890515279107158,0.7867088036024689,0.7837994465637061,0.7243623223899175,0.7191151316118203,0.6970355607593878,-0.274786900059018,-0.4220740529482641,0.6297243946501149,0.8820169286835933,0.9287642487621142,0.939515946283338,0.909500551893577,0.8159344008393026,0.9105538926590044,0.9313389959828459,0.9312083113851264,0.7582695876412681,-0.13111839188076474],[0.9964096580073292,0.9933200878698749,0.9920114758317383,0.9969715739998769,0.9981359249167847,0.9913785284334651,0.9973069016650327,0.9937409173194925,0.9982975256309937,0.964619953356527,0.9988705701623847,0.9949337175211508,0.9983749633200922,0.9977435465934361,0.9980853906639332,1.0,0.9985132709357174,0.9980112847811434,0.9980085230032317,0.9981091754240101,0.9976531091058888,0.9923760650552294,0.978698339176251,0.9799116366032657,0.9894560336793777,0.9909169960548138,0.975323145800209,0.951053344011859,0.9925522752856891,0.9910101062144246,0.9894988101518275,0.9681021236420027,0.9977585041948358,0.9978489494298965,0.9980930587585982,0.9980375269890956,0.9984869501034777,0.9980249578926536,0.9978818269634577,0.997859500757733,0.997670329928935,0.9976978159564672,0.9831822012711818,0.917229188037939,0.7213832945390458,0.9317654851300897,0.9187988203842972,0.7976860266013895,0.9586613720456449,0.9418369495140786,0.9609775788396199,0.9499963392079428,0.9413182724537684,0.9797594495396011,0.9755966374732382,0.9520990268297286,0.9619340465769881,0.9716312805888142,0.9710815101010781,0.9728385723464035,0.9533169103308398,0.9006234868887664,0.9431616820885698,0.954178156017745,0.9396053101602341,0.8808807592587599,0.9660659580178961,0.9427607277466825,0.9677812935810833,0.9529910885691234,0.7569316823894274,0.8276650698044467,0.7723520998036216,0.846052451075562,0.8811414857225749,0.8790529556545564,0.8645287040010752,0.8757077973099114,0.28531912137148596,-0.5861736626548082,0.9597189810007962,0.9421501210820072,0.9412780388352296,0.9569689275901789,0.9588241820987695,0.9667872718345117,0.9667662366955907,0.9304201066030731,0.965689454242934,0.8368258185371221,0.6415541832120137,0.912108596510391,0.9262527928250303,0.7443985348092123,0.9189168498961489,0.938924665150666,0.8056938559147108,0.9661312397202567,0.8304105031317905,0.5953253240922072,0.6781142178348349,0.8365282274787612,0.8341889588373338,0.8251188027680894,0.9730569302662863,0.9731793898748603,0.7004952585666065,0.66566049369274,0.7798915240854143,0.3065909916984812,0.7543084786896298,0.7786896133714905,0.7867410075999876,0.7738578967637263,0.7240729421565661,0.7044963892957701,0.6836282468539661,-0.2621631129514779,-0.40846288218848786,0.6352303046114577,0.874270175965628,0.9311799180703342,0.9371112585121549,0.9006835020255038,0.8079612159797447,0.9148850333882385,0.9278632208626673,0.9329702155596428,0.7659254899107524,-0.14345286917599398],[0.9981563777405834,0.9952797694502009,0.9905236813021648,0.9984922643770402,0.9992179150338703,0.9893239996304009,0.9999025527177613,0.9993395966042081,0.9993295499968281,0.9752848822988067,0.9991688816707266,0.9993884139268231,0.9989511817082538,0.9993587892242012,0.9995110224030891,0.9985132709357174,1.0,0.9996697069373514,0.9996733605218208,0.9994547165859674,0.9993734879968109,0.9931830260694532,0.9783333104489487,0.9944565978259053,0.994063902244527,0.9901638087206366,0.976556926880873,0.9482628983576394,0.9915731583973553,0.9944603504176047,0.9920137996172773,0.972366444143278,0.999870494766695,0.999860971100042,0.9998394216816441,0.9991996939065777,0.9996839590705