var config = { responsive: true }

var correlationAdjClose = {"data": [{"type": "heatmap", "z": [[1.0, 0.9999930620185873, 0.9839772162863658, 0.9999204669077243, 0.9988267095921284, 0.9888795318989866, 0.9973720239510028, 0.9950020204994777, 0.9952893171688699, 0.9796606598614823, 0.9913166028233844, 0.9951544804008745, 0.9943324299194198, 0.9950596655581755, 0.9952108655769647, 0.9963966229406589, 0.9980918683468599, 0.9958176846857908, 0.9958378348136037, 0.9958518996841339, 0.9951070591535429, 0.9848898693947831, 0.9676961724407176, 0.9871851106403251, 0.9859765766838315, 0.9782824353583851, 0.9617105306827877, 0.9398049701012372, 0.994605417735403, 0.9947096237082959, 0.9917596368971623, 0.974628000142864, 0.9972828226995945, 0.9975996696478533, 0.9969352234507836, 0.9952228898630227, 0.9946391326618994, 0.9974369899678545, 0.9975053200719561, 0.9986843138407859, 0.9972195898646975, 0.9972367448494968, 0.9759705941128896, 0.9260655463372992, 0.7615043666650162, 0.9013852705526103, 0.9150623255947806, 0.8496253333279522, 0.9703362852901091, 0.9444909659771552, 0.9714842716965926, 0.9676514790252141, 0.9625852953966297, 0.986401895175822, 0.9827553589421689, 0.9832181130337017, 0.975831466465234, 0.9851709059642314, 0.9824105391769533, 0.9858333480136486, 0.9856047977970835, 0.9632110577532982, 0.9648198707218889, 0.9705586103131342, 0.9702444593527185, 0.9416048247537139, 0.9742949512985797, 0.9727895484286417, 0.9811718786335996, 0.9802523791293833, 0.9340433194025838, 0.851869154823243, 0.8199793016523279, 0.8706416097710336, 0.8997969142631851, 0.893827314556774, 0.8983116165944298, 0.8971008224369628, 0.6070086912426945, -0.5167590375129198, 0.9750808464691807, 0.9646854559482418, 0.9613230174412457, 0.9841689796907133, 0.9552115731152084, 0.9803625043348723, 0.9803425329938819, 0.9422368899942308, 0.9807126974124752, 0.9469829491820592, 0.6003096442079763, 0.838466507651391, 0.9105704613199362, 0.15885525558621924, 0.9149729649605787, 0.9365559427240088, 0.8062958387787109, 0.9543209740716372, 0.8963196601031853, 0.6694537643162167, 0.39755189146755315, 0.8919814828530197, 0.8611979349672875, 0.8880755680762992, 0.9657482555183675, 0.9660517306547709, 0.7377796716483626, 0.6980183872754064, 0.8285176652541945, 0.32717158011371794, 0.794720479968475, 0.8327296648060354, 0.8191270573802987, 0.8173846359880571, 0.7339647633003581, 0.7372663899477568, 0.7166783641683552, -0.22873851902179265, -0.3621378743136173, 0.6150705356687101, 0.9008324817635905, 0.9470467031055227, 0.9505832464720042, 0.9197678323592974, 0.8279075089316109, 0.9183294893964666, 0.9405137903565681, 0.940274310965514, 0.8755169455337338], [0.9999930620185873, 1.0, 0.9804809796704134, 0.9997496513776313, 0.9972226262085456, 0.9899777972024518, 0.992374569961386, 0.9873921231833747, 0.9874367361412315, 0.9655892939212771, 0.9900933422302768, 0.9876826137941168, 0.9874733235411187, 0.9875281514374604, 0.9876351079160163, 0.9928970239961864, 0.9947479979043353, 0.9912220269324833, 0.99122383829502, 0.9875238650896373, 0.987592117896932, 0.9866817661781384, 0.9579737356397496, 0.9823830282685161, 0.9819555361468729, 0.9781685934910772, 0.969160379478379, 0.9013198139452018, 0.9880242017184859, 0.9832581191827102, 0.9757693292569256, 0.9092321614672723, 0.9942480975013567, 0.9940419438735231, 0.9943523249970679, 0.9889695613075938, 0.9936814052040992, 0.994326805831477, 0.9946794417750211, 0.9966654475436125, 0.994362784603854, 0.9943729616861048, 0.9843014813841843, 0.925671854638571, 0.6436046099850968, 0.9011319789578024, 0.9152158740683862, 0.8497576754295256, 0.887313515771572, 0.9138077690617534, 0.8912490836314677, 0.9045579912278758, 0.8861148544972354, 0.9565976679935467, 0.9564807129226902, 0.9711943028230524, 0.9758486481311333, 0.9686641089720416, 0.9682667263257697, 0.9717452863025208, 0.9716538034491907, 0.9286059644711074, 0.9370288600695988, 0.8980929859460303, 0.8979439923349306, 0.7802280315466419, 0.9656872569759462, 0.9682741973544817, 0.9686002673421789, 0.9679798773553199, 0.9241190290169681, 0.6137903684461335, 0.5517774655563183, 0.7156374301410457, 0.8189062067481556, 0.7391440932733522, 0.7816714570253991, 0.7800009819135058, 0.5418428444339608, -0.2680561666730221, 0.9507333044201112, 0.9590595958727632, 0.9503959911969375, 0.9722929611908196, 0.936053730139273, 0.9560752838869324, 0.9549668780388177, 0.8888674752460257, 0.9596170620516031, 0.8959022989030636, 0.3902792320301972, 0.8379602215774331, 0.8397111818424494, -0.2425853491112297, 0.5923746978633904, 0.7013402010959309, 0.6161549566930405, 0.9499111307698486, 0.636602125213115, -0.18873714841265243, -0.1382600423610503, 0.6033614599560594, 0.6119667150145537, 0.6587204874775676, 0.9517219754612312, 0.9515253872819078, -0.11175945864466234, 0.11618475883363745, -0.03153562503758508, -0.06292988886679667, -0.03547362721104778, -0.019280559316097845, -0.05038285509142427, -0.08906291383378111, 0.2904685309493294, 0.045248196353628416, -0.0012929477778673539, -0.45832758768032156, -0.48690767194736323, 0.6156190309988642, 0.7422735991855781, 0.764177196010315, 0.8276335316316265, 0.8210827813537354, 0.5227052991108325, 0.7291336733893311, 0.7628512767891714, 0.7614394550038813, 0.41329470662133205], [0.9839772162863658, 0.9804809796704134, 1.0, 0.9854422960582986, 0.992362350968236, 0.9893538239096119, 0.990605294220394, 0.9909295452219496, 0.994252085352267, 0.9531618999956576, 0.9967042115770981, 0.9908357429043967, 0.992793202366944, 0.9909949152409592, 0.9909044183936133, 0.9914620732419346, 0.9896497250690084, 0.9894380019328551, 0.9894099109117716, 0.992754756074733, 0.9908632692436372, 0.992987562583189, 0.9776635999517886, 0.990300653390168, 0.9906797741993162, 0.9762774528458072, 0.9806655042964894, 0.9435794804203366, 0.9737584312296826, 0.9768666192941176, 0.9783278965109523, 0.9497076074468189, 0.9878313640954735, 0.9909544721863063, 0.9891363396379889, 0.9929951504597604, 0.9943472761278165, 0.9919504489525071, 0.9871966014314782, 0.9867531963111011, 0.9881044882084424, 0.9874640336608123, 0.9900021980653847, 0.9257632123236188, 0.7034086393916064, 0.928518748524064, 0.9026496753097032, 0.7523355442452417, 0.9313572780388197, 0.8994561185229809, 0.9325204138732042, 0.9275153430809537, 0.920099295120534, 0.9537077342617085, 0.9604866153872528, 0.9274953282435445, 0.942797821528687, 0.9507840400793133, 0.9559644660973847, 0.9515031898738815, 0.9257785514858797, 0.8882993746538422, 0.9199974100732341, 0.9214615160251703, 0.905436682199765, 0.8544639144785021, 0.9558266151789778, 0.9328208406980866, 0.9513807736340463, 0.929527910048805, 0.7518891704356067, 0.787690814852838, 0.7261830859672918, 0.808258737860172, 0.8569865052822083, 0.8534043238570684, 0.827238225408567, 0.8408661034746938, 0.27991568979217235, -0.5226384352286826, 0.9410093434529665, 0.9087461096885308, 0.9149327120473681, 0.9281376405293271, 0.9205225986454634, 0.947075914894375, 0.9468076762576226, 0.9037769031398752, 0.9440410161832905, 0.8239990062511173, 0.5690946700781386, 0.9213632567492126, 0.9302022942991507, 0.07560693223694533, 0.8935120422772509, 0.9180291256012526, 0.7914625466556209, 0.9760392439964067, 0.7788938715426107, 0.5786224633070584, 0.3147468045247235, 0.785243824823435, 0.7857372929622448, 0.7736401819027033, 0.9800049012035528, 0.9800916470905945, 0.6549480061908663, 0.6296727734294255, 0.7161462855930211, 0.2536886548420881, 0.6885196478450889, 0.71249306423603, 0.7279273454242768, 0.7089665069305086, 0.6842691799874319, 0.6605667454173642, 0.6378976433427647, -0.30663307428080033, -0.43930023582422045, 0.5632923557147511, 0.859366182639228, 0.8974691278972596, 0.8981791213145447, 0.8920296040105153, 0.7563381072899442, 0.8716057989154885, 0.8859396980688657, 0.8949560339932902, 0.7402470802276666], [0.9999204669077243, 0.9997496513776313, 0.9854422960582986, 1.0, 0.99914959143026, 0.9897597821240781, 0.9977483238776952, 0.9955614879519767, 0.9959599497690794, 0.9794242584803747, 0.992991498709574, 0.9956962622463505, 0.9950876111738646, 0.9956172923731633, 0.9957445261025696, 0.996930648530273, 0.9984467289985274, 0.996304742941272, 0.9963218921651278, 0.9964304781141048, 0.9956512106188787, 0.986197928609939, 0.9690428131075819, 0.9883393247963062, 0.9872418331337315, 0.9811538310699559, 0.9638819526694433, 0.9410352754716943, 0.9941668341501727, 0.9944351198813474, 0.9919510492759059, 0.9743798132129357, 0.9974735447665739, 0.9979533614311663, 0.997282641332864, 0.9958336254713078, 0.9956234406121256, 0.9978300538589886, 0.99764213004815, 0.9988129107621181, 0.9974003445851345, 0.9974138182873834, 0.9778076812369034, 0.9218376404559719, 0.7551993505381193, 0.9020743520581875, 0.9118149330408604, 0.8388604960096704, 0.9675134902945957, 0.941051592798919, 0.9685458602747973, 0.9650457865862946, 0.9598246379662283, 0.9843632692812698, 0.9812544661832252, 0.9812682402063136, 0.9736677950812569, 0.9834352137438858, 0.9813603798692075, 0.9840179334274586, 0.9837893340520761, 0.9480498502557865, 0.9629623798322771, 0.9687716253414174, 0.9684598066836163, 0.9344341635480227, 0.9733686206707522, 0.9687099181373673, 0.9791653938311929, 0.9782070029254126, 0.9029277214603256, 0.8495808538222289, 0.8148591375136028, 0.8680136591863427, 0.895904023425309, 0.8928046046120226, 0.8950328029418111, 0.893904929139338, 0.49992833230091355, -0.5170433866693169, 0.9736487378482599, 0.9619071321667997, 0.9587337960454492, 0.9822275388668698, 0.953679566736151, 0.9791102754482311, 0.9790951982925395, 0.9407620729593622, 0.9787501975028384, 0.9243013133943767, 0.6063075927007672, 0.848588763595614, 0.9152307850009163, 0.1587758237337189, 0.9167503771640374, 0.938082456839553, 0.8067275169760674, 0.9559022047088586, 0.8902366646250927, 0.6665521554162583, 0.3949093327309881, 0.8869961556452859, 0.8577508817247484, 0.8827509523147505, 0.9669247971220656, 0.9672361125890996, 0.7370106001367936, 0.6984973919412037, 0.8206470607629348, 0.32948826038458723, 0.7892541135460553, 0.8245725366758172, 0.8110463871735866, 0.8122137539445187, 0.7371455735776193, 0.7375398331994726, 0.7170140494344924, -0.22411930392133772, -0.36136042668873397, 0.6128832922581017, 0.8990536183599948, 0.9454175215682116, 0.9489880673154127, 0.9188222567350519, 0.8251848262267769, 0.9165000135943546, 0.9384567559329509, 0.9383729138378789, 0.8678056500663848], [0.9988267095921284, 0.9972226262085456, 0.992362350968236, 0.99914959143026, 1.0, 0.9923694154888881, 0.999046450871959, 0.998174710786349, 0.9982296700500466, 0.9724321708572656, 0.9974196238186788, 0.9982296384829219, 0.9979712178129135, 0.9982109089364619, 0.9982793467065015, 0.9985361615953323, 0.9991502846796434, 0.9986311478464063, 0.998635180375126, 0.9983101248890156, 0.9982139071331888, 0.9932068557140064, 0.9767023052078556, 0.9932693869744055, 0.9931748244839289, 0.9853423771843857, 0.9784730904825629, 0.9443135847315758, 0.9908073569583622, 0.9928567970468838, 0.9899339733437781, 0.965060680638739, 0.9989692650889667, 0.9989938026312317, 0.9989766476706036, 0.998341622825781, 0.9985335157444231, 0.9990740088490125, 0.9991368803035291, 0.9989845110654296, 0.9989517339839098, 0.9989535948376784, 0.9884367659614588, 0.9316799807625775, 0.7309216131129352, 0.9188119849428047, 0.9144695232075497, 0.8178310261640506, 0.9521699678827347, 0.9267552014996092, 0.9557511188944533, 0.9562584650289021, 0.9509563803488552, 0.9803050223192364, 0.9802293226620835, 0.9764892126461004, 0.9665882163573648, 0.9774940463660875, 0.9762165105690042, 0.977805715834274, 0.9775234737165258, 0.9494104545224208, 0.9513120275131248, 0.9474112761867057, 0.9470113526636702, 0.8965728413280785, 0.9696979261879795, 0.9664317286268466, 0.9735636058193423, 0.972538322097164, 0.9274432629711358, 0.8222437709304422, 0.7730125694970119, 0.848072823666445, 0.896669274983186, 0.8763350328915775, 0.885685549732373, 0.8846078413296902, 0.6565164735846634, -0.5897581102120915, 0.9652847452242421, 0.9475508283999313, 0.9460832862684864, 0.9777871873827564, 0.937139427912588, 0.9703168552871975, 0.9698335674196511, 0.9278738864078703, 0.9725706342873413, 0.9326369405943707, 0.5911554306757847, 0.8751456385886636, 0.9368461814445163, 0.04319253421499931, 0.8912484057762418, 0.9195526079634752, 0.7999470603193936, 0.9622160800600795, 0.8770971466214078, 0.5208145385047609, 0.2572930382332083, 0.8641177892871144, 0.814219750278662, 0.8651942046141323, 0.9716075580303397, 0.9718535179097892, 0.6881852271981914, 0.6774041551291283, 0.7328109124985237, 0.3019072034046115, 0.6656050539030812, 0.7387795922688328, 0.7141825539951121, 0.6945155602393026, 0.7192080656835056, 0.7187457527547234, 0.6971715378597166, -0.4538049319722106, -0.5275304617247055, 0.5987819039698045, 0.8911288787271963, 0.9287157742923936, 0.9395594568744086, 0.9147335983806305, 0.7992205870673061, 0.8969777364803551, 0.9218370084265022, 0.9212911742865411, 0.8006233104821224], [0.9888795318989866, 0.9899777972024518, 0.9893538239096119, 0.9897597821240781, 0.9923694154888881, 1.0, 0.9893362939019681, 0.9890398114325086, 0.9884048955228064, 0.9662498009719775, 0.9780771129745629, 0.9890121021006915, 0.9900418497488275, 0.9891037424984563, 0.989200588366449, 0.9920210202335894, 0.9902710220552412, 0.9899772603184614, 0.989953519128705, 0.9878320104777737, 0.9890361532494318, 0.9961956734922609, 0.9908951467002366, 0.9884609087074056, 0.9881229585692114, 0.9640061895668349, 0.9835936149129353, 0.9642740078808821, 0.9751894546050316, 0.9784079232437101, 0.9869344655432452, 0.9740785754339298, 0.9893634920289722, 0.9894805311011691, 0.9902963234010005, 0.9900553585414245, 0.9815205901729974, 0.9901478986582029, 0.9896904036747963, 0.9894754999295086, 0.9894598903766924, 0.9894353606823278, 0.9941537782086184, 0.8863260800625333, 0.7409170094600223, 0.8766854354267963, 0.9146083479960152, 0.8486264354293931, 0.9414417413154842, 0.9140971873859673, 0.9430153725003391, 0.9493448555185793, 0.9398242942754821, 0.9650672010704477, 0.9695111053273657, 0.9659551034074091, 0.9769258898762437, 0.9672865544345247, 0.978891830319843, 0.9672692150281664, 0.9667207644674688, 0.9643959643380176, 0.9567829035794135, 0.9428386922106902, 0.9423419814925289, 0.9269722952039313, 0.9754611349871839, 0.9677531085508574, 0.966804153234809, 0.9650830330836232, 0.9444073278583516, 0.849214288129724, 0.8010833865856523, 0.8693824860755296, 0.8903613314227632, 0.897414571151127, 0.8814157089044491, 0.8796092055174036, 0.6252619298985818, -0.4877372264042019, 0.9721830708152802, 0.9658222955490043, 0.9628470304209661, 0.9672128978889594, 0.9520314435582156, 0.9730438869557014, 0.9727599131116418, 0.9499877911359352, 0.9625907289708067, 0.9499318143290768, 0.6049496825439138, 0.8046965446163408, 0.9310132729207466, 0.1562989255774872, 0.9048164181790687, 0.924783539428776, 0.8036601497358723, 0.9520336118032002, 0.8492074746029799, 0.6214779198877581, 0.3779445025379985, 0.8464247616613881, 0.8203459016597677, 0.843163861722023, 0.9545486684426454, 0.9547193762832576, 0.7025141177093179, 0.6803752141910046, 0.7680298477049642, 0.3305737231270082, 0.744021759332026, 0.7737235329066725, 0.7593811899955937, 0.7618860318165303, 0.7252361071112502, 0.7107588090679035, 0.6922838732005457, -0.25520708105195666, -0.380138338190707, 0.6485162565826074, 0.8899990502459707, 0.90789494661011, 0.9153255368884274, 0.9033120949617764, 0.8030931097551739, 0.8764062704732227, 0.8995998344812558, 0.8994920835009639, 0.8456300688649935], [0.9973720239510028, 0.992374569961386, 0.990605294220394, 0.9977483238776952, 0.999046450871959, 0.9893362939019681, 1.0, 0.9970341195597789, 0.9995114584322894, 0.9711800209992925, 0.9993859326652207, 0.9980409125852279, 0.9990457745921709, 0.9989684785106434, 0.9987317703088541, 0.9980644653191849, 0.9998744018366483, 0.9992168719051532, 0.9992231875702033, 0.9996338597654686, 0.9991841839526274, 0.9906357196235998, 0.9735087715819143, 0.9835121244809706, 0.9921494351409836, 0.984494554974086, 0.9705418538842954, 0.9396252801935168, 0.9925361994878529, 0.9917306540355553, 0.992955968597852, 0.9707365553692472, 0.9987687094701744, 0.9998069178730202, 0.9996028516137084, 0.999367552966433, 0.9996211874622103, 0.9998390254243522, 0.9978035859671812, 0.9994870915985755, 0.9992369645394427, 0.9988265101633316, 0.983278893855333, 0.9349960179491258, 0.7442656567109355, 0.9294653737221338, 0.9208839458028542, 0.8057210197702448, 0.9608799453704414, 0.9401184304487333, 0.961799432175797, 0.9595944967248158, 0.955058575931971, 0.9821363713318187, 0.9800186498430269, 0.9371932022728838, 0.9522009035791921, 0.966873932106762, 0.9671692992451522, 0.968808433555091, 0.9377443269000852, 0.8832106407752336, 0.9405581904958992, 0.9531354821348866, 0.929880468245381, 0.8694135642751123, 0.9583120106179793, 0.9257038376112302, 0.9601419367473889, 0.937414592550625, 0.7164265242733135, 0.8166844426144463, 0.7486224636043506, 0.8335154940038927, 0.8640980206633765, 0.8674406241132643, 0.8483504968324477, 0.8608936587159055, 0.2348730773594775, -0.5529984266732938, 0.9551824878775882, 0.9297869131224551, 0.9306540913856984, 0.9399213061337279, 0.9360913908738406, 0.9639342103719847, 0.9640561175990559, 0.9185347296146548, 0.9600182165687521, 0.8091307632359658, 0.5878409938350847, 0.8775853227829441, 0.9149175494076366, 0.13634417083493264, 0.9141641075905496, 0.9367264103662521, 0.8002551719037237, 0.9622174531006498, 0.83093635291067, 0.6525435670065481, 0.3761093926793187, 0.8427847937571052, 0.8353151426813804, 0.8282371712099232, 0.9719682343320453, 0.9722762425226937, 0.7215838444918624, 0.6729005790541771, 0.7849338196621424, 0.29666494685304745, 0.7650682588390265, 0.7935171971740194, 0.7847479555455245, 0.7899142463529615, 0.714478837125216, 0.7228546794672942, 0.7004521007685233, -0.24449144355579172, -0.388875444167841, 0.6184466572387732, 0.8914690071891479, 0.9311523954448879, 0.9462493441814321, 0.9170867258419877, 0.8224563994316886, 0.9153397623141558, 0.9374668563916128, 0.936805814656288, 0.7742696144322885], [0.9950020204994777, 0.9873921231833747, 0.9909295452219496, 0.9955614879519767, 0.998174710786349, 0.9890398114325086, 0.9970341195597789, 1.0, 0.9999836532909857, 0.9648903104281856, 0.9996084183377902, 0.9999968443807007, 0.9996483029523366, 0.9999977347103723, 0.9999809630062965, 0.996295388623681, 0.9991311448934506, 0.9998809829762924, 0.9998808881516418, 0.9999541605882692, 0.999994326277703, 0.9908348439119383, 0.9743629508148641, 0.9913884971714046, 0.9926333320591305, 0.9808919388352788, 0.9726875839097937, 0.9379885946646721, 0.9888729585236014, 0.9944165460719043, 0.991677585458079, 0.967312802821878, 0.9994226647647285, 0.9994720212155283, 0.9996123039838751, 0.9996674623855445, 0.9986563281325331, 0.999375327276768, 0.9990896791504101, 0.9981329863856198, 0.9994930059161904, 0.9993524788525735, 0.9846083020658757, 0.9360458824395178, 0.7311321490245781, 0.9374166372849358, 0.9188375923920578, 0.783107356577103, 0.9596221487038177, 0.9351589588363037, 0.960199951910217, 0.9531586841548751, 0.9486713356220325, 0.9802463368942054, 0.9767658706106436, 0.9310457604973795, 0.9450352592228434, 0.9582345011179716, 0.9625108507879794, 0.9607211032758006, 0.9356565558190774, 0.870877524111756, 0.9337125294007561, 0.9447571465132771, 0.9235679322075648, 0.8528842526201602, 0.9539953815907324, 0.9174475135846691, 0.9528356772735487, 0.9316407330457261, 0.697680738515928, 0.8056765303534066, 0.7434303541832682, 0.8223726834456905, 0.8543223075497857, 0.8606548609016774, 0.8427712719183329, 0.8520983825332001, 0.2126447174830203, -0.5603965666051998, 0.9489398442398279, 0.9179408905317574, 0.9209260882932581, 0.9375515157914686, 0.9284155320895158, 0.9579314446400231, 0.9580738785503868, 0.9100526019417927, 0.9508636145907522, 0.792246528457547, 0.5821183053685702, 0.9017828437552536, 0.9282304570050883, 0.12150196489107139, 0.9131078131891938, 0.9360487489784424, 0.7973543781740581, 0.96723996291913, 0.8353175988240623, 0.6386531893130595, 0.3614804715896206, 0.8445747194457802, 0.8324476251213447, 0.8322349671564582, 0.9752112817932687, 0.9755201495081707, 0.7112237527459443, 0.6633936885803042, 0.7874751738575541, 0.2806755748826687, 0.7600426452745028, 0.7894957608890045, 0.7865502903186543, 0.7846272403669046, 0.7064126470091704, 0.7161643326616189, 0.6930178657679218, -0.2623535419590109, -0.40582592169568005, 0.5976649563690688, 0.8825969391271399, 0.9291147082611271, 0.9385282336279973, 0.9104877463344704, 0.810658649888067, 0.9088620717163076, 0.93120208284375, 0.9308070461956434, 0.7532812063875687], [0.9952893171688699, 0.9874367361412315, 0.994252085352267, 0.9959599497690794, 0.9982296700500466, 0.9884048955228064, 0.9995114584322894, 0.9999836532909857, 1.0, 0.9641740100186219, 0.9996071430260765, 0.9999811562783033, 0.9998271800019548, 0.9999896455919559, 0.999996744304794, 0.9989471359585658, 0.9990990224886052, 0.9998120313782927, 0.999811344056464, 0.9999657974762564, 0.9999821972821019, 0.99346240535565, 0.9753809877215066, 0.9946877853587301, 0.9948561149640938, 0.9809387411347518, 0.9767931734780098, 0.9390312863457142, 0.9893956464392298, 0.99344967586314, 0.9886234284333046, 0.9626344662414065, 0.9993319628719708, 0.99941298679018, 0.9994088041005956, 0.9998277348645112, 0.9986684999700829, 0.9993681492538515, 0.9993072865362106, 0.9981138517011704, 0.9993247357289232, 0.9993194395905461, 0.9888691166157659, 0.936070200270862, 0.73206017245222, 0.9373969923875547, 0.9189009594137998, 0.7833311448219, 0.9476831207321369, 0.9216702997903332, 0.9508142391012144, 0.9505747013388093, 0.9460129661801167, 0.9774680487758125, 0.9769209272191814, 0.9644875950168833, 0.9455679613033142, 0.9654126699462092, 0.9625994814347532, 0.9658265232497805, 0.9654511227981976, 0.9350977062717724, 0.9330080774252538, 0.935601761578803, 0.9351670920760721, 0.8836055230753386, 0.9543854431994011, 0.955724535163155, 0.9621099619644108, 0.9607899364766975, 0.9128174845308528, 0.8048959254151558, 0.7497067235285596, 0.821722753833383, 0.8758599285824272, 0.858724890242259, 0.8667411429993175, 0.8657161758575888, 0.5989883566670423, -0.6244743069883866, 0.9488969973565294, 0.917969860790813, 0.9209980700892093, 0.9659982285143321, 0.9204899576154753, 0.9574103199600627, 0.9568352574333165, 0.9109313169712143, 0.9599364334922211, 0.9160125636896007, 0.5801519260382668, 0.9015455123988609, 0.9435862703884597, 0.05782899429552047, 0.8978977435384969, 0.9254606301552707, 0.7964132003034203, 0.9658341545646248, 0.8837185622646475, 0.5464144192250178, 0.2810962081051343, 0.871267106653356, 0.8225836575460169, 0.8730138448981677, 0.9751522922726815, 0.975446305521716, 0.7090979659339743, 0.6605408696978848, 0.7490527580730587, 0.27828439840436725, 0.6839381618194973, 0.754563164810932, 0.7319299019878333, 0.7130353359134325, 0.7039466375331846, 0.7129404018466076, 0.6897604806495145, -0.5046793908888114, -0.5801519669376118, 0.5979323548719988, 0.8814803518852707, 0.927578960451072, 0.93951793316363, 0.9095033103103083, 0.8053886509981415, 0.8968996720989213, 0.9207789415036544, 0.9202102487278832, 0.8093723566818223], [0.9796606598614823, 0.9655892939212771, 0.9531618999956576, 0.9794242584803747, 0.9724321708572656, 0.9662498009719775, 0.9711800209992925, 0.9648903104281856, 0.9641740100186219, 1.0, 0.947967356665843, 0.9652946414824642, 0.9641664662156694, 0.9650149886162367, 0.9645565520179725, 0.9662886110507278, 0.9749950457155822, 0.9697869755562661, 0.9697937493634315, 0.9650698479886766, 0.9651463112362854, 0.965150101649091, 0.9510541113980809, 0.9722300495466917, 0.9700565738913505, 0.8807385869092343, 0.9686256607110484, 0.9489968371880572, 0.9747566630789648, 0.9685937449303109, 0.9686185571538654, 0.9328066954749495, 0.9736313573711605, 0.9731817078681316, 0.9736873130339129, 0.9653614684880434, 0.9563462210620559, 0.9726591304560879, 0.9734882376855436, 0.9782736017083521, 0.9738273647638913, 0.9738449532669919, 0.955499956223215, 0.8410644115337843, 0.5525416396274417, 0.779431871067098, 0.8923931001484644, 0.8788823291426102, 0.901865242492514, 0.8213466830162369, 0.9063874625639268, 0.9145015546126274, 0.903557390764077, 0.929895859468435, 0.9297440458628974, 0.9440335830810059, 0.9353786195861773, 0.9548277949597701, 0.9481510476455257, 0.9530478858817606, 0.9530749223914151, 0.9130302907139917, 0.9514754015777925, 0.9349371252473034, 0.934623164770106, 0.8511868393994452, 0.9357170919732603, 0.9440618858638332, 0.9370561427990479, 0.9360272098959792, 0.8873225648253047, 0.812801303591024, 0.7677870185264948, 0.8575415006038568, 0.9115694772321095, 0.8818495992716874, 0.8967355606269234, 0.8959881285113245, 0.6990790129891125, -0.3043448596703446, 0.9528195327962223, 0.9537314916942775, 0.9456865768105486, 0.9459387389351015, 0.9040741261753378, 0.9541354624186565, 0.9540024301842196, 0.8999793714468098, 0.956332638180433, 0.9056426604013134, 0.6956381344715649, 0.6533441466260999, 0.8604462285654524, 0.04857013301349313, 0.846521295115133, 0.8857012706929318, 0.8711611986563013, 0.9477693873341725, 0.90463945408872, 0.4506902078669108, 0.3212274177846767, 0.8969977934471967, 0.8719571238680107, 0.9031466431845779, 0.9481320716244136, 0.9484889435372491, 0.5371176130641937, 0.7002077529183494, 0.6134221575005593, 0.48255288342890085, 0.571274849182187, 0.6281797858570396, 0.588745432006223, 0.5653237517676732, 0.7999252104090394, 0.6769483372737743, 0.6414888737020452, -0.27347478925393565, -0.3189292085136079, 0.7425277979322155, 0.9164164911926069, 0.9225174406890113, 0.9088585152673813, 0.9412543429762129, 0.6513794620735346, 0.8390299278520952, 0.9085346842310044, 0.9076544802026086, 0.6910391762445119], [0.9913166028233844, 0.9900933422302768, 0.9967042115770981, 0.992991498709574, 0.9974196238186788, 0.9780771129745629, 0.9993859326652207, 0.9996084183377902, 0.9996071430260765, 0.947967356665843, 1.0, 0.999641698264182, 0.999616799843236, 0.9996252356280595, 0.9996340162074162, 0.9993577899114843, 0.9987548887486387, 0.9999504524724399, 0.999951077125086, 0.9996240001195195, 0.9996346609215458, 0.9890797523132929, 0.9532220542960815, 0.990178113381814, 0.9914280808252217, 0.9861523946506057, 0.9669383501520341, 0.886381809218412, 0.9881946663050226, 0.9920492154406841, 0.9711497989134581, 0.8912000786462688, 0.9990972235337939, 0.9991700579780022, 0.9990886839727923, 0.9994334866293384, 0.9993585948128146, 0.9991082635105943, 0.9989610939550007, 0.9968295080560289, 0.999064409784476, 0.9990613327090606, 0.9886844930087332, 0.9299974218014347, 0.5977697138795449, 0.9324452429947747, 0.918270392611784, 0.7883403316011894, 0.8658663175195034, 0.8901833311706153, 0.8715484336704173, 0.8780798210665361, 0.8626496296489183, 0.9503466028757491, 0.950263282670752, 0.9451172187475128, 0.9477749527369786, 0.9355912064489177, 0.9380122923186865, 0.9406330544719428, 0.9404249104840826, 0.8851157405698001, 0.8967174292243394, 0.8500921017084963, 0.8498637931162365, 0.7154126512078132, 0.9408887641808391, 0.9446221312799565, 0.9449210003484576, 0.9442054628556197, 0.8875991929968237, 0.5578735153694261, 0.491580409404617, 0.6593865885611006, 0.7708335373725006, 0.689717970239314, 0.7333684221539252, 0.7323880274214356, 0.47861755465447686, -0.3978163204866605, 0.9105369446429229, 0.9222436401391859, 0.9101659890957816, 0.9468344805088889, 0.8906547897818445, 0.9173306025608496, 0.915893623992115, 0.837317193909776, 0.9223513258352564, 0.8461914739637953, 0.4527432783063274, 0.8970784446509641, 0.8953339990537436, -0.2325501282564572, 0.642220809203922, 0.7396034937284988, 0.630922229842499, 0.9672920356826206, 0.6498377579558664, -0.1369598057376256, -0.11950416405744663, 0.6215952117675643, 0.6268493024553135, 0.6691766518515417, 0.9686975774481624, 0.9687531075363759, -0.04808982715695839, 0.17197876610115376, 0.034104561712342864, 0.0013556047674538859, 0.027589949327625565, 0.04664466582939753, 0.014184700897904539, -0.03149438639114002, 0.35172822783733204, 0.09217167218660993, 0.04175418018982909, -0.5291935203104876, -0.5576488120720092, 0.5980928960354365, 0.7328364850914421, 0.755752065627227, 0.8216959198295993, 0.8190503457982011, 0.4998800523176484, 0.7164702994068793, 0.7539150953561721, 0.7525917862435847, 0.4003440460366592], [0.9951544804008745, 0.9876826137941168, 0.9908357429043967, 0.9956962622463505, 0.9982296384829219, 0.9890121021006915, 0.9980409125852279, 0.9999968443807007, 0.9999811562783033, 0.9652946414824642, 0.999641698264182, 1.0, 0.9996345973244962, 0.9999976174764397, 0.9999839888764505, 0.9969566922849714, 0.9991913517630225, 0.9998930377125516, 0.9998930513885945, 0.9999621482817272, 0.9999948037224821, 0.9907538139829598, 0.9742525752602317, 0.9920394545892287, 0.9926015298017652, 0.9811367897983279, 0.9725352009538939, 0.9380316626557959, 0.9897502460598343, 0.9944609227545161, 0.9917413402212406, 0.9674479273270162, 0.9994640002614287, 0.9995163091554806, 0.999646366377118, 0.9996701037754632, 0.9987540862858865, 0.9994222831816544, 0.9991276448309223, 0.9982274894870241, 0.9995358263595471, 0.9993946640298575, 0.9844324654284459, 0.9362832833097395, 0.7318091745415348, 0.9372866719587126, 0.9190800115764366, 0.7843107389826038, 0.9599205594952018, 0.935565964383156, 0.9605074028693087, 0.9535137517456159, 0.9490421142871182, 0.9804727283719878, 0.9769397147063227, 0.9314040383224286, 0.9453380078630136, 0.9586008808895178, 0.9627226227329255, 0.9610777402675228, 0.9359466020971553, 0.8711819306657652, 0.9340721205721951, 0.9452201472134822, 0.9240285978086362, 0.8534111398562786, 0.9541612691907272, 0.9177405793470164, 0.9531281369891277, 0.9319812388624671, 0.6979289301329463, 0.8062517593359447, 0.7440225266131895, 0.8229442485713987, 0.8547527454540047, 0.8609997839935429, 0.8432437424417863, 0.8525993826600209, 0.21308987829953296, -0.5601744738596504, 0.9492399689352619, 0.9185185461813096, 0.9213817906024879, 0.9378254036064916, 0.9287461759502406, 0.9582249625274087, 0.9583664845050036, 0.9103896105480103, 0.95125462788526, 0.7926236968651327, 0.5824270959750107, 0.9006993069779241, 0.9276810141377488, 0.1222378764835771, 0.913195235653874, 0.936128265971188, 0.7976608134653825, 0.9670668088542105, 0.83573548679511, 0.6396091723141409, 0.3624208924844133, 0.8450191115036884, 0.83297385442432, 0.8326399786950037, 0.975126957097516, 0.9754355946750161, 0.7118845437967889, 0.6640430632611459, 0.7880175433018805, 0.2816200015204116, 0.7607191508869643, 0.7901493820770064, 0.7870978249655738, 0.7853114317324169, 0.7068631050280711, 0.7166248744867464, 0.6935112906233885, -0.2612734489843577, -0.4048420942972365, 0.5983453383962456, 0.8831033954915796, 0.9295024229951905, 0.939011965366404, 0.9109270058300979, 0.8112007137705519, 0.909387928876908, 0.9317151955256424, 0.9313061572207982, 0.7539415823395913], [0.9943324299194198, 0.9874733235411187, 0.992793202366944, 0.9950876111738646, 0.9979712178129135, 0.9900418497488275, 0.9990457745921709, 0.9996483029523366, 0.9998271800019548, 0.9641664662156694, 0.999616799843236, 0.9996345973244962, 1.0, 0.9996712101384679, 0.9996554316704985, 0.9990610410697656, 0.9986661050906527, 0.9994452364093896, 0.9994392647022609, 0.9996497726166967, 0.9996251026646477, 0.9927078946993976, 0.9758687905856754, 0.9954735728829944, 0.9953661470625064, 0.9809393931930711, 0.9753780836101157, 0.9406209660058238, 0.9889518090288105, 0.9924743496212947, 0.9908177402899542, 0.9650321191615797, 0.9987450479655012, 0.9990479462199154, 0.999236920011096, 0.9999229004672415, 0.9986943296036912, 0.9990004987213198, 0.9985576958973673, 0.9974171954297653, 0.9987350183911458, 0.9986593830558548, 0.9883589460824731, 0.9362660516017602, 0.727960121784248, 0.9374473401408188, 0.9190001326022635, 0.7835701421162514, 0.9561133814777234, 0.9284583942407856, 0.956967221065392, 0.9501529967005629, 0.945144862651087, 0.9769425938407128, 0.9748741390521324, 0.9556267455384797, 0.9449526171145117, 0.9588203135726548, 0.9617448575575419, 0.96081684027655, 0.9601686519492725, 0.8752551359105233, 0.9307535773885427, 0.9434589907141431, 0.9432405575696734, 0.8512634936672893, 0.954328382861086, 0.9301559282293409, 0.955011487849466, 0.9536042071728748, 0.702023103123664, 0.802910886599346, 0.7666625646054014, 0.8202641114102152, 0.8562126207248641, 0.8599104938555125, 0.8511683484323768, 0.8515669790473757, 0.19666276050430662, -0.5548168758723213, 0.9480894752883209, 0.9181464165104468, 0.9201090128896943, 0.9587520167813527, 0.928018904717642, 0.9567739717116173, 0.956874522523669, 0.9097444560636748, 0.951545271149212, 0.7994978766573314, 0.582923975904079, 0.9013278946841813, 0.9280533122942733, 0.11634911341257763, 0.9109115921795499, 0.9342182847005942, 0.7987435120245628, 0.969866510079737, 0.829193793840295, 0.631702849133615, 0.3568006193339217, 0.8361178385561923, 0.8276355561550965, 0.8242947306948603, 0.977158176304348, 0.9774194494186567, 0.7025068370840911, 0.6583558815264556, 0.7667437081343882, 0.2813018349181971, 0.7505900923784834, 0.7787013500447485, 0.7552603096485944, 0.7741418984154852, 0.7043780742699522, 0.7060157404864048, 0.6831676198859445, -0.26822823908083593, -0.41016686456215645, 0.5978765436209327, 0.8808837581948135, 0.9310849026787303, 0.9345506815837346, 0.9101291072875661, 0.8032236022452894, 0.9029052209650927, 0.9247235151640659, 0.9249508466415566, 0.7482968899323877], [0.9950596655581755, 0.9875281514374604, 0.9909949152409592, 0.9956172923731633, 0.9982109089364619, 0.9891037424984563, 0.9989684785106434, 0.9999977347103723, 0.9999896455919559, 0.9650149886162367, 0.9996252356280595, 0.9999976174764397, 0.9996712101384679, 1.0, 0.9999881957073068, 0.99856712813972, 0.9991526160400087, 0.9998847903488621, 0.9998843662775008, 0.9999563442723525, 0.9999920710920538, 0.9908738324252881, 0.9744197325129494, 0.9939343085728614, 0.9937970589258174, 0.9810363336418471, 0.9727333304178339, 0.9381814067900253, 0.9922404315806429, 0.9947921452308456, 0.9916173222169969, 0.9672072587487592, 0.999439291121384, 0.9994775394671903, 0.9996230160271339, 0.9996872671266145, 0.9987019913586124, 0.9993873409688787, 0.9991585577823133, 0.9981550589356822, 0.9995072110248215, 0.9993699696871903, 0.9845899165287654, 0.9361208968522172, 0.7312298432881795, 0.9373999959227063, 0.9190139968251361, 0.7836760885771199, 0.9597337878273926, 0.935342196343236, 0.9603538345115612, 0.9531289972722163, 0.948616713596532, 0.9802974687570406, 0.976730113723187, 0.9314208275196368, 0.9451962943182706, 0.9584445961669946, 0.9625809069277061, 0.9609135086678485, 0.9353332210795536, 0.8711337340093197, 0.9335449680829662, 0.9448378433991115, 0.9238351993249009, 0.85302871026431, 0.9541717676183146, 0.9178911316167199, 0.9530941497160776, 0.9320348140277476, 0.6981035930020053, 0.8056161363523037, 0.7437492999409429, 0.8223592981673351, 0.8545238727325152, 0.8606211788652214, 0.8429564111846818, 0.8523015820270755, 0.21302559074279234, -0.560055382534891, 0.949008293719421, 0.9182139655592966, 0.921142068254307, 0.9353980553452266, 0.9286433247701299, 0.9580113045277888, 0.9581502882871655, 0.9102392759151227, 0.9510735684655596, 0.7925652100971194, 0.5821965729003029, 0.9012709758335543, 0.9280646008143683, 0.12148623151389724, 0.9129651126648081, 0.9359373557988885, 0.7973616808580067, 0.9672570364502416, 0.8353859570490241, 0.6385355826639163, 0.3614072605664607, 0.8446267997830239, 0.8326246291828008, 0.8322962629510269, 0.9752663196903738, 0.9755711259789196, 0.7107575574376412, 0.6629688056605169, 0.787483817728512, 0.28101069428311887, 0.7600409439460798, 0.7894352977324143, 0.7867537116581232, 0.7845415297679336, 0.7063077114440752, 0.7153022522619124, 0.6921930568511336, -0.26213457329257095, -0.40560220902404465, 0.5980534522306638, 0.8825243143560708, 0.9292811674154324, 0.9386138474971255, 0.9105513905213635, 0.8104720479918567, 0.9091213884633103, 0.9312827812775674, 0.9310065518643729, 0.753422765433095], [0.9952108655769647, 0.9876351079160163, 0.9909044183936133, 0.9957445261025696, 0.9982793467065015, 0.989200588366449, 0.9987317703088541, 0.9999809630062965, 0.999996744304794, 0.9645565520179725, 0.9996340162074162, 0.9999839888764505, 0.9996554316704985, 0.9999881957073068, 1.0, 0.9985652507763613, 0.9991927851011624, 0.999881293725696, 0.9998813208872795, 0.999955909225509, 0.9999767461357746, 0.9907870813477747, 0.9744457559009703, 0.9923469853447284, 0.9923991456601218, 0.9811997377726767, 0.9724684989452204, 0.9381929464008854, 0.9922797222308865, 0.9943756313464526, 0.9914638885225995, 0.9671084164148952, 0.9994819031368313, 0.9994650709371579, 0.9996140495015896, 0.999677790106971, 0.9987250104551245, 0.9993947771835658, 0.9991913508089523, 0.9982089522084652, 0.9995409778120756, 0.9994181058218344, 0.9843607060383669, 0.935946893510919, 0.7319949091543768, 0.9371516862994992, 0.9189172044587808, 0.784001649784315, 0.9602970066334457, 0.9364752240742361, 0.9609843156506517, 0.953323479601834, 0.9487845414931148, 0.9807947580125261, 0.9769320601212398, 0.9323355340316393, 0.9457506930868649, 0.9589173379372594, 0.9627935661663825, 0.9613917488247173, 0.936737604321608, 0.8714732202843002, 0.9331979354868026, 0.9452088599719827, 0.924610070432245, 0.8530827523246904, 0.9546339216299216, 0.9186695062019747, 0.9537105052389236, 0.9329941662129408, 0.6982969943876539, 0.8052186567319954, 0.7449310534328019, 0.8220304852171562, 0.8546789387939471, 0.8602583317895477, 0.8436170096625186, 0.852719854943334, 0.21291508602100803, -0.5596684696504062, 0.9491144435643911, 0.918441329642705, 0.9213755911982946, 0.9386782787914776, 0.9293524703831001, 0.9582192295733726, 0.9583531217368858, 0.9107140486227776, 0.9515113030187177, 0.7927821025964717, 0.5808421113758745, 0.9010832763971041, 0.9277805308041837, 0.1210503333552767, 0.9124687323162443, 0.9355077022089247, 0.7964458886466514, 0.9668966282470229, 0.8363852049359788, 0.6377815381686928, 0.3604508843441569, 0.845168491244749, 0.8330983254987064, 0.8330597623768907, 0.97505740552758, 0.975351476422068, 0.7094384562336613, 0.6609162335672086, 0.7885598840829909, 0.2793366837220469, 0.7603110624389875, 0.7898126570622429, 0.7880192648588011, 0.784738271929733, 0.7048523934204224, 0.7131416424237744, 0.6900134490984177, -0.26157370459565465, -0.4051620762610684, 0.5981588787438371, 0.8816815540104458, 0.929859969496664, 0.9391152135048331, 0.9098190719280501, 0.8106804922639811, 0.9101435073455152, 0.9318532693361704, 0.9317365045777836, 0.7533268456358326], [0.9963966229406589, 0.9928970239961864, 0.9914620732419346, 0.996930648530273, 0.9985361615953323, 0.9920210202335894, 0.9980644653191849, 0.996295388623681, 0.9989471359585658, 0.9662886110507278, 0.9993577899114843, 0.9969566922849714, 0.9990610410697656, 0.99856712813972, 0.9985652507763613, 1.0, 0.9988808914625984, 0.9989384542606091, 0.99893622803474, 0.9987625471480548, 0.9984555556384498, 0.9921831057071347, 0.9771548644560799, 0.9829608057042125, 0.9895508139174103, 0.9876234350416457, 0.9744502681819851, 0.9458192635317594, 0.9933833676446591, 0.9931758504033864, 0.9905440118065791, 0.9674300789467384, 0.998782267362739, 0.9987378747456378, 0.9989630939519664, 0.9985838241739786, 0.9993573634365095, 0.998870007919304, 0.9989064900198694, 0.9979882679403659, 0.9986580331566353, 0.9987329710608038, 0.9831604477013786, 0.9291024227548739, 0.7382083537753112, 0.929902913831808, 0.9216543628721168, 0.8022809660457761, 0.9638062953059096, 0.9407298523126257, 0.9650888995904001, 0.9536181068526036, 0.9477472478662494, 0.9814914589171533, 0.9765934137931533, 0.9452260951159213, 0.9552587057174806, 0.965925266112178, 0.967289922999892, 0.9675188045626992, 0.9485435654674027, 0.8835259833996365, 0.9371401674949583, 0.9502485927551634, 0.9357807882587476, 0.8641688190083835, 0.9609636006640835, 0.9324737828817719, 0.9613937347008575, 0.9458885389201216, 0.7162500304603041, 0.8130840697276035, 0.7628723830896394, 0.8311566100773502, 0.8674045640835094, 0.8675039515252773, 0.85479158