var element=document.getElementById("correlationAdjClose");if(element.style.display!='none'){var correlationAdjClose={"data":[{"type":"heatmap","z":[[1.0,0.9999943702840607,0.9860603971146873,0.9999315152784354,0.999158427959873,0.9839717855730113,0.9978903756547195,0.9962460565644616,0.9702574101791267,0.9964968854148069,0.9946442564479646,0.9940533157552034,0.996350308918848,0.9963867157266686,0.9962895166282902,0.9977187826459433,0.9980132344803747,0.9983667222674628,0.9968271231283222,0.9968429361271632,0.9968325792963759,0.9963189604194729,0.9879678691187835,0.9725123750543411,0.9904547649615232,0.958647428269323,0.9895479688278177,0.98728220196225,0.9698862230557737,0.9554509831121959,0.9926821611080363,0.994019323401264,0.9928485580931987,0.9788184373018737,0.9977972816874764,0.9979540145302128,0.9976048432371422,0.9964225990291141,0.995711680510561,0.9978520761646054,0.9987160838106107,0.9987489275216559,0.9977699225163447,0.9977849090597922,0.9774108578099464,0.9210947691026933,0.9527537831676097,0.9361070983135836,0.9362167804505857,0.9145908548010829,0.9639696858560198,0.9505151175349882,0.9657645480722349,0.9677143105617713,0.9570521145905913,0.9846370401956446,0.982221348120748,0.9908456512456656,0.994336078914462,0.9873379906098273,0.9826599292678392,0.9883263491734637,0.98662657409961,0.9888633547856214,0.9887478198217983,0.9590054009770247,0.9758621639072109,0.976748822803986,0.9765373981449903,0.9487748356491641,0.9815808434949777,0.978570038813235,0.9857144518039868,0.9850675099239864,0.9415915994125216,0.8962594260761562,0.8650788269705573,0.9113748633577818,0.9267759072926705,0.9244778389098312,0.9248758011723973,0.9236163824287199,0.7167627732787523,-0.5464778226757586,0.9810519975189869,0.9764045283038202,0.9736960534177355,0.9880110711229076,0.974622516618576,0.9846937413792571,0.9847293901981885,0.9458430276463949,0.9852244992692284,0.9490217194824364,0.7918199283662167,0.9149434742559422,0.932978012833307,0.8149719327382334,0.9541213819554452,0.9548620311372912,0.9012943653576263,0.9670759927016999,0.8951755571982961,0.5878745145693257,0.7258193845256207,0.902339297997549,0.8719918315576194,0.8936204928289433,0.9752522520258643,0.9754226165201748,0.7866468605502218,0.7476526703926928,0.8250666883835813,0.44493644385444703,0.806019473446276,0.8292478101374656,0.8243925644468125,0.8168659346824595,0.7888358587384564,0.7543583489733425,0.7382638052801712,-0.28197650998694535,-0.4223596951316627,0.680808959208368,0.8905433606150703,0.9319492054168692,0.9410271046553861,0.9051349251594362,0.8267749699438024,0.9088156944864787,0.9254869900931699,0.9253127961517655,0.8602122631733798,-0.15242182837407867],[0.9999943702840607,1.0,0.9893100246248512,0.999848812076323,0.9983019494696624,0.9897255867355643,0.9943930984011047,0.9918476718555261,0.9864595568971668,0.9918588567005517,0.9918787785764989,0.993380191872036,0.9919667602428924,0.9918551228612638,0.9919141176977405,0.9940264652170473,0.9964419186708229,0.9960238012178267,0.994037824450001,0.9940442564724143,0.9919062669241491,0.9919524689666293,0.9924229971691019,0.9765054653752856,0.9885065906595072,0.983657154638697,0.9885028566222266,0.9873299704884704,0.9820016022661172,0.9389271887047532,0.9898692342025421,0.9876762554917282,0.9824324469359159,0.9398881170029827,0.9954200267700613,0.9953422084742326,0.9955557769441709,0.9923217162428029,0.9951185024917878,0.9955699378723577,0.9968232446056612,0.9969966787196584,0.9955605905358217,0.9955707517773316,0.9908239609134218,0.9206711322052494,0.8972239909512819,0.9357518717114749,0.9360846954087447,0.9145699466220825,0.8886638767318636,0.9301603732783643,0.8909626586024475,0.9195077766485692,0.8884571049296205,0.9579694103128418,0.9579529493792193,0.9715354349485663,0.9851170375476201,0.9830119361114303,0.9847895236017753,0.9798312498302767,0.9813638925644954,0.98129474527845,0.9812082136095699,0.9459759639331929,0.9631300911438527,0.9390646937731866,0.9390181439113117,0.8707870498227972,0.9807385227933137,0.9820345718110086,0.9822251166539023,0.9818092087916694,0.9528932549982868,0.7919936381454868,0.7545129365238671,0.8480479241716148,0.9051506792253187,0.8631750744383405,0.8846588995589505,0.8835305535372252,0.7556034984126171,-0.16563660675101063,0.970943259923489,0.9742311798560671,0.9706887074625045,0.9834807828178614,0.967760437443276,0.9736101380553601,0.9730094188435608,0.9303965334811687,0.9751488742229367,0.9327680663610568,0.7203810515715268,0.9144459863816163,0.9136380284542025,0.5449174107231568,0.8444773130505618,0.8486909538072436,0.7517529936957348,0.9674792531647255,0.7250985789835764,-0.30480832469781055,0.23560252335090334,0.7517258227349697,0.701665991190021,0.744498991235425,0.9690208042209515,0.9690420802468855,0.1753902960913021,0.3476517166819214,0.1821800186086327,0.15399378184103876,0.17537931149830885,0.18923003931042862,0.18617814237920854,0.10691958671689088,0.534355052683424,0.26665771451036474,0.21632099138950395,-0.43511112567353016,-0.4825059290415132,0.6798664285567025,0.754430393649461,0.7782684343664221,0.8404675446903609,0.8184330478922442,0.5839305189045161,0.7628476208827878,0.7726718195265816,0.7715584707522505,0.4281738991686203,0.22779441377664353],[0.9860603971146873,0.9893100246248512,1.0,0.9873973798250266,0.9933135393565538,0.991365232485944,0.9896538734456939,0.9903681749813636,0.9910302414806887,0.9930234393520734,0.9969895949185158,0.9961549988531541,0.9902254380007861,0.9923695673636344,0.9904241729101388,0.989879313322953,0.9908055246454618,0.9900253186647847,0.9890577138948696,0.989037041558547,0.9918964912589473,0.9902554509498107,0.9949999480807701,0.9847842804692467,0.9911044330100414,0.9817596534694294,0.9917099977978262,0.9873765010398043,0.9868890581450128,0.961381099297166,0.9695367769307071,0.9737496263339515,0.9773281697113689,0.9562169747023895,0.9869929107441726,0.9900883467396674,0.988467374891089,0.9920300814039812,0.9946956224713648,0.9908936961055826,0.9849576186199825,0.9878438515387785,0.9873540624372575,0.986736355377574,0.9924282885572285,0.9165149949842935,0.9363916134297559,0.9464216366075698,0.9290996920564342,0.8739818324946541,0.922030141214783,0.906522551577765,0.9247635872451698,0.9305534266229697,0.9148804244690958,0.9501543140808226,0.959358565173006,0.9674510059590119,0.9774410754895013,0.9424115872077368,0.9659701697421774,0.9651283758383368,0.9716207131072582,0.9653688265507983,0.9408330488961036,0.9237845399622236,0.948996131668964,0.9391927857076876,0.9208934073448947,0.8973505189089134,0.9720880671992543,0.9516077040484143,0.9648923904415212,0.9444989328372562,0.8366602501314587,0.8573724733023884,0.7751979553271751,0.8748200896740596,0.8993313883831393,0.9011825287101867,0.8684002436256095,0.8826229536905411,0.4304259219898646,-0.5334495343293768,0.962319049035976,0.9498838907488303,0.949526974924054,0.9423724001646654,0.9568495164880851,0.9648464767383759,0.9644739041503142,0.9334926127714985,0.9603741516859423,0.8837174965903153,0.7758801250657368,0.9540869182496302,0.9533047725967518,0.794761069613279,0.941457225884589,0.9430848930602533,0.8738377703840091,0.980293472155729,0.7752706262926244,0.4918690951932935,0.6694793889129138,0.7971794988571427,0.7988277269230516,0.7782716338853309,0.9824355832975558,0.9824653343597403,0.7164648146280951,0.6952689128515928,0.710566203303949,0.3933207065822537,0.7066828357875692,0.7149359871215879,0.7253361703478582,0.7143072172170634,0.7516993102318256,0.6895941379981372,0.6724560082295894,-0.3418258039040384,-0.4819346040854383,0.6484591099509661,0.8519816023667043,0.8788156591318734,0.8860424738527869,0.8769135160729563,0.7595271938339916,0.8576273417832745,0.8681066850408399,0.8752223024543067,0.7336025274536792,-0.07484961089741797],[0.9999315152784354,0.999848812076323,0.9873973798250266,1.0,0.9993915103616732,0.9850810769491402,0.9981187791469375,0.996649303050645,0.9724114133411761,0.9969413202250742,0.9953209353588146,0.9949338196591315,0.9967361694635272,0.9968584761699802,0.9966922496628757,0.9979759032510589,0.9983323013923385,0.9986124540982286,0.9971789291808886,0.9971920732110482,0.9972101971278107,0.996709066474948,0.989122430726607,0.9738796359596094,0.9913741894338742,0.9611567086054706,0.9905704539899595,0.9889579485309946,0.9718106494238435,0.9566176804257849,0.9920140390054204,0.9935349120459306,0.9927740467477297,0.978402979606105,0.9978706506554214,0.9981404621031872,0.9978165217384761,0.9968607009452745,0.9961725684041479,0.9980696928771168,0.9986099892819981,0.9988215342684242,0.9978393419820053,0.9978509633502219,0.9791794557871801,0.9175535666982602,0.95069885036256,0.9361811370762527,0.9343921899948185,0.9083906239678528,0.9610865199736016,0.9472961541667124,0.9627930474393209,0.9653111888020457,0.9543353804867032,0.9825826308997508,0.9807531070286135,0.9899988316981262,0.9941300620789923,0.9860182659949441,0.9816229710301728,0.9871857333063485,0.986077791571222,0.9876483812085834,0.987526240634979,0.9501090681368207,0.9747081307726624,0.9753806223705666,0.9751652390351606,0.9441533535920572,0.9811627112306505,0.9759545679683126,0.9843962877681851,0.9837160822309942,0.9230696423892988,0.8948841277143379,0.8615316618316851,0.9097972777600207,0.9241735233648043,0.9240466665102025,0.9226220623336571,0.921401484499212,0.6303380310733278,-0.5459585846768515,0.980294305990381,0.9752699956672994,0.9723596511651768,0.986694850084076,0.9739770477450882,0.9840057073316221,0.984038902858647,0.9455223962787325,0.9839159696777362,0.9355240353992974,0.7954638411108045,0.9199829609317979,0.9368173530115342,0.8166018231469703,0.955353430208566,0.9561192730446886,0.9008062842086377,0.9682497803723623,0.8890335830745059,0.5841526732086084,0.7240438090296617,0.8968267636404194,0.8682710514380777,0.8878352955463886,0.9760458971621806,0.9762204231519356,0.7854189400778308,0.7478049751902206,0.8170939516375431,0.4466262395120337,0.8001120197721726,0.8210005133417947,0.8160687012003284,0.8113860598792345,0.790991450118854,0.7541682794858726,0.7381507510207211,-0.27737799118891276,-0.4216334494227404,0.6802029891225645,0.8886656062672427,0.9299912123124903,0.9391278498410464,0.903877413659553,0.8239509254370574,0.9067273385075887,0.9231387980313894,0.923110898074252,0.8530073852620034,-0.14531807818714623],[0.999158427959873,0.9983019494696624,0.9933135393565538,0.9993915103616732,1.0,0.9876947554849717,0.9990388545515362,0.9985459041112431,0.9842737866526717,0.998547965684284,0.9981491736887452,0.9981230174705089,0.9985676958375401,0.9985795296441484,0.9985778038016002,0.9990684697852522,0.9987837474347896,0.999266248220961,0.9988594532739546,0.9988640741750793,0.9986254029313922,0.9985680347928259,0.9947558883747477,0.9812762806427131,0.9950991825956043,0.9778539118745591,0.9951026620596464,0.9923020951044889,0.9840711993735756,0.9598684234620892,0.9893502220906172,0.9920004301090369,0.990204323231469,0.9709005539518086,0.9988789666904604,0.9989383141392248,0.9989612630277038,0.9986640645030822,0.998616934314088,0.9989338113762716,0.9989463819972898,0.9991684064365681,0.9988910778593995,0.9988949501012773,0.9884458196917779,0.9270530524057196,0.9500111385335467,0.9445422794695868,0.9360003632361957,0.9040230717841156,0.9490232284573582,0.9428673795389378,0.9532703991718905,0.9593263451741936,0.9479428711560096,0.9803020841981357,0.9802176875394751,0.990076732428159,0.9939898488267391,0.9825001511838583,0.9759471690856356,0.9823302917528542,0.9824016565319755,0.9826963487406498,0.9825894447148694,0.9487581061983466,0.9666914039766134,0.9610220136954788,0.9608407281495326,0.9180205474989772,0.9783908435326946,0.9746880031996905,0.9804769389733837,0.9797377158559997,0.9386912229079957,0.8762099479832082,0.8414442861831785,0.8958260787693474,0.9288783602737803,0.9146121601501028,0.9211619997195672,0.9201700547279767,0.7697400713631816,-0.5500496532856957,0.9744217641576509,0.9655020066306016,0.9635709359206289,0.9834034653054275,0.9647277830670514,0.9778654348995842,0.9776044202122542,0.9372856434104452,0.9792223839618736,0.9393935981098506,0.7853366450280042,0.9339907820547588,0.9559492176036805,0.7828276897017173,0.9437137332964355,0.9451031799082215,0.8955530353452814,0.9730061339187365,0.8896738611046485,0.4235456154535337,0.6683260759087737,0.8955252286832148,0.8473317924926563,0.891310988485593,0.9795178630003558,0.9796487565213031,0.7518248891655709,0.7322943162572338,0.755735676609298,0.4255076939223874,0.7106222469122607,0.7603214496383014,0.7558765580590829,0.7202509229865757,0.7786727544251506,0.7401980717856881,0.7233103658717266,-0.4791792705271998,-0.5617316428241053,0.6755839496220222,0.8840035185190055,0.9167932003832027,0.9344444002545899,0.9025323743756966,0.806689752249463,0.8969884212801679,0.9108754800571561,0.9103574270827124,0.7915003849576966,0.06473589377564672],[0.9839717855730113,0.9897255867355643,0.991365232485944,0.9850810769491402,0.9876947554849717,1.0,0.9820411094942059,0.9831563707907902,0.9929619589084612,0.9825735499925512,0.9784015899686239,0.9774529174353535,0.9829989087215312,0.9835147733353831,0.9832265576575019,0.9828910384785207,0.9864589436149828,0.9838860736896151,0.983763512529653,0.9838123752136877,0.9819993410486282,0.9831633435519522,0.9945953618239359,0.9935537413438473,0.9843940441567987,0.9873910625481273,0.9847865391220986,0.9748877140238406,0.987778589450515,0.9741766904810581,0.9606905672096493,0.9664999348006034,0.9764299812871844,0.9671568857244573,0.9817301650946179,0.9821055327272089,0.9829781137179795,0.9838433196578956,0.9782845712522978,0.9825728226519932,0.9810031635178427,0.9827305303530048,0.9819499723448747,0.9820034072917603,0.9960069614148238,0.8774249582023785,0.928005418454737,0.9213599974407186,0.931789530473566,0.890543312628369,0.9174970511167944,0.9105529940230308,0.920290617242495,0.9362902300809126,0.9170553167792074,0.9496117507008831,0.9554213018358794,0.9616782735394913,0.969491049535009,0.9719777713704332,0.9878432257834255,0.9739520432332637,0.985214111259162,0.9735557414907224,0.9729824349672512,0.9764842746372506,0.970955810721519,0.9513537891215361,0.9507579361741682,0.9490646021995718,0.9839959320828653,0.9767239958390862,0.9732157608642693,0.9719182929180475,0.9654503717692386,0.899841936767032,0.8558274679924817,0.9160763043883399,0.9214238861178466,0.9308400336996613,0.911881690259881,0.9096530192918383,0.752156151993228,-0.48982961028288413,0.9821783571054832,0.9837955158055536,0.9799095467692406,0.9727867293670253,0.975031452369564,0.9808408371829835,0.9804153807054792,0.9687905267680015,0.9705685344328889,0.9681741651322452,0.7972130525176964,0.8942021406510217,0.9556878264911317,0.8285237518034563,0.9438852631571615,0.9448777313932635,0.8659657529146955,0.9584545928953261,0.8328151071559245,0.5069735969027735,0.6876848070783322,0.8426380331663312,0.8189965805719231,0.8323326175590305,0.9583934648842254,0.9584973676991142,0.7384108706907333,0.723247452285209,0.7505312096785192,0.4492408986893941,0.745280414591992,0.7558169154982965,0.7495880027996695,0.7474191597178391,0.7704618415061648,0.7133376578756686,0.7001616399535112,-0.30348689960666614,-0.4341705832659649,0.6859271049321106,0.8526962767863955,0.8694007241350521,0.8849433169015242,0.8621026684228988,0.7810136306307772,0.8466085663445867,0.861488173182412,0.8615241671364171,0.8035714135230287,-0.10614652029983193],[0.9978903756547195,0.9943930984011047,0.9896538734456939,0.9981187791469375,0.9990388545515362,0.9820411094942059,1.0,0.9975783026357778,0.9569923363471298,0.9996205922672814,0.9995831702754582,0.9996075270843175,0.998458223498854,0.9994869907632283,0.9992062865882644,0.9998928739770221,0.9966683468705791,0.9999044748012172,0.9993967004402685,0.999401312784769,0.9997213931988881,0.9993459930003746,0.9907152016297699,0.9747107168078212,0.9861631171939425,0.9275940872017094,0.9937309441559209,0.9925890024555016,0.9746695518263145,0.9533384089861365,0.991683076400474,0.9920330639921886,0.9937139070715386,0.9756336211030214,0.9990329520685624,0.9998565172085049,0.9997227809422264,0.9994903461701863,0.9997773699626774,0.9998417528504345,0.9985485144986619,0.9997433872638853,0.9994045814829752,0.9990691811234295,0.9802441368910508,0.9343891673092315,0.9531023058155904,0.9504148203706078,0.9392343623953728,0.9033238230609076,0.9578726233242255,0.9469064515524307,0.9602201269488602,0.9628785576156077,0.9533868409684847,0.9818998209454117,0.9815129349009372,0.9919408497145817,0.9964195524604862,0.9516101773635682,0.9633482264698184,0.9738888646215175,0.9741678296288022,0.9753826946509739,0.9515981764696112,0.9042814274554072,0.9575926864900907,0.9629487829152876,0.9431042549366332,0.8954480194119521,0.9686320833107293,0.9439937354034827,0.969585419673317,0.9519845085404347,0.7950867309811127,0.8688566549591238,0.7935123406833064,0.8828844410563725,0.8992495587296431,0.9036516841425547,0.8833804193160993,0.8949147360084447,0.37752450217773653,-0.5805450806802716,0.9651207804646061,0.9510824188848629,0.950579108348053,0.9530726710158617,0.9605983902554859,0.9713875453753857,0.9715557803637419,0.9257558821041746,0.9690488068325713,0.8566844436855862,0.7793644417909591,0.9348707952371568,0.9356181688955022,0.8039795596288979,0.953112199490605,0.9540157856989415,0.8994851947548176,0.972596343896691,0.8324890553026295,0.5790221046914261,0.7175277836213427,0.8563581584068798,0.849746062285059,0.8378652532981798,0.9800001722148677,0.9801800134291035,0.7767495103530735,0.729915223830628,0.7824452997756748,0.4194743778848507,0.7793352827990095,0.7951882015121586,0.7882395867823117,0.7937131586749647,0.7760920689113779,0.7465607042594944,0.7287307279379459,-0.2913240437819146,-0.44317716246197747,0.6910401374338465,0.8887874400695375,0.9223963044738107,0.9401707860509113,0.9091659875295492,0.8256311827441953,0.9088905194819509,0.9272917922750425,0.9259733460160884,0.7767892371756429,-0.11447685124102748],[0.9962460565644616,0.9918476718555261,0.9903681749813636,0.996649303050645,0.9985459041112431,0.9831563707907902,0.9975783026357778,1.0,0.9676985827234506,0.9999998314638322,0.9999993224949022,0.9997635152672556,0.9999970852587631,0.9999928163011412,0.999998267439301,0.999335054508325,0.9915960704496779,0.9994660721329939,0.99991010138893,0.999909822173362,0.9999654366912186,0.9999987937714826,0.9912060904533788,0.9763873330892247,0.9930029193971941,0.9415704340162317,0.9942210599949896,0.9909346650023707,0.9768623927058087,0.952821892004841,0.9880390181492577,0.993909634455442,0.9923435626509195,0.9727675302625276,0.999474696924017,0.9995773874410708,0.9996794987289713,0.9997467365201195,0.999244280045455,0.9995130508102443,0.9982541718579604,0.9988543169535686,0.999546530360214,0.999415121896622,0.9819512189988768,0.9342111888911827,0.9505041773663548,0.9539706004051417,0.9380353074878953,0.8933765965842317,0.9561243825722605,0.942488692041989,0.9581249578101656,0.9573851910871929,0.9475273559847585,0.9799020952677419,0.9786611879783738,0.9909220360647892,0.9968805327470973,0.9470055062575203,0.9597815948275664,0.9681821920565636,0.9715063365952396,0.9700382540656962,0.9500284969318422,0.8979821428841837,0.9534143006435493,0.9568025642384783,0.9380832657924919,0.8849897249095422,0.9662723823739809,0.9383908438227954,0.9646533023504521,0.9477101833928218,0.783892970231617,0.8618463104801676,0.7894261904034071,0.8758901486825479,0.8928345990615344,0.8997125268502181,0.8793606998134804,0.8887261337249959,0.3612922503198767,-0.5842813117887792,0.9615024870172367,0.9455836700967987,0.945386324522842,0.9512488775898789,0.9567209606859381,0.967846280479296,0.967995346635655,0.9219797033245709,0.9629404076651342,0.8472249422807089,0.7765922300525365,0.9475484633570291,0.9459079272790469,0.8009238807383395,0.9529593078755674,0.9540103339708842,0.8969672648721981,0.9763568418157992,0.8351585230950329,0.5647170673517918,0.7089584345168927,0.8571249830092946,0.8465260014017495,0.8397853029755687,0.9823127537867381,0.9824955521152902,0.767994845763313,0.7225856670780071,0.7835223972680547,0.4076141805953926,0.7742147715129029,0.7905760609890072,0.788458925376999,0.7881119127701874,0.7701571083452803,0.7409226718975519,0.7225440050915296,-0.30661374577462014,-0.45739164148637923,0.6781145248794115,0.8814517022837753,0.9197877318763928,0.9326695887312815,0.9035214775861148,0.8151054241830658,0.9024967954208795,0.9210176165210816,0.9199559170593085,0.7583248132403462,-0.09765567709244714],[0.9702574101791267,0.9864595568971668,0.9910302414806887,0.9724114133411761,0.9842737866526717,0.9929619589084612,0.9569923363471298,0.9676985827234506,1.0,0.9827499922638627,0.9872081003153861,0.9896029098146122,0.9713508122559568,0.9796793901885315,0.9762551607733988,0.9742275819347563,0.9496089034492953,0.9790702298524617,0.976973618450892,0.9769321139788806,0.9812331585936719,0.9761080498134022,0.9939336430266726,0.993161212730238,0.9804419879996609,0.9893978735040243,0.9835515095253051,0.9902637882826566,0.9906518477689341,0.9690522153108375,0.9275562385943122,0.9491396260888357,0.9662103297281497,0.951886919535274,0.9706576557036315,0.9791188507481868,0.9757587056545788,0.9781232647735474,0.9879805663284693,0.9802787114476156,0.9667997135320854,0.9762847395174421,0.971520153953483,0.970488062477588,0.9990031380977584,0.896038587538855,0.920645017798132,0.9478837723727238,0.9377639311667411,0.8703362023964499,0.885490352921648,0.8842688718112716,0.8894541721625243,0.9141631650069105,0.8945313338043751,0.9286783783384714,0.9450049847068951,0.9503737432760158,0.9610607499896279,0.9039226324893318,0.9677938418173458,0.9460815097506594,0.9661925430769218,0.9460871315896378,0.9022839430639269,0.9160481093250976,0.9433839164654211,0.9162715658538926,0.8800447101069991,0.8835596772780103,0.9677517453300669,0.9209792447600403,0.9441477894948822,0.9067674110711141,0.8262967497604752,0.8519042691551209,0.7334600617873663,0.8710839745999783,0.8817150921843512,0.8952912159466307,0.8438987622868093,0.8623319454268887,0.41112732634987137,-0.5164047955034464,0.9576687452434224,0.9529893566879475,0.9499742869698962,0.9023401253449017,0.948118401433557,0.9557801857558643,0.9551978935268831,0.9378879953035119,0.9407880059091474,0.8733335268646375,0.7820165439374104,0.9391383158507033,0.9611555789893533,0.8038399475681041,0.9346961415261933,0.9362965397396756,0.8513077792163577,0.9676812973234021,0.7413360584605064,0.4541193709732022,0.6504344176998357,0.7739784939636343,0.7753843638856548,0.7521878918327746,0.9669888416947164,0.9669727978855442,0.6973445240428108,0.68480331163809,0.6756801737918563,0.400905783546404,0.6882766651565481,0.6927112796508778,0.6751928835828596,0.6922811843150485,0.74435796159109,0.6832510137999009,0.6674382279040993,-0.34761557932592585,-0.48398052671347236,0.6884357589259588,0.8361519448266653,0.8314641956477259,0.8602649075947149,0.8555784040599479,0.7512250190986733,0.8130532444462522,0.8371312248502001,0.8311054147536246,0.7053071203071826,-0.034719382797090755],[0.9964968854148069,0.9918588567005517,0.9930234393520734,0.9969413202250742,0.998547965684284,0.9825735499925512,0.9996205922672814,0.9999998314638322,0.9827499922638627,1.0,0.9999991406777884,0.9997680921981573,0.9999985328873824,0.9999916823185595,0.999997790045602,0.9996857113684653,0.9978822328701612,0.999462935362675,0.9998849565476958,0.999884960122331,0.9999776480939212,0.9999993251806462,0.9937665656588027,0.9780586364298747,0.9962305127693648,0.9741294753467635,0.9963157523893346,0.9909316330478957,0.9812221762582822,0.9541340493694411,0.9897480254914589,0.9937769389224034,0.9899800397045228,0.9694678836591077,0.9995044403585416,0.9995702810558592,0.999582909200513,0.9998345326901714,0.9992566790601652,0.9995205595129835,0.9984750066463488,0.9988974282499967,0.9995100148929549,0.9995053765617798,0.9863305949555253,0.9340975587688435,0.9505383829713419,0.9539211750320487,0.9380657603335008,0.8935020742182366,0.947092039608592,0.9372564995019457,0.9507502673006111,0.9555830340473903,0.9456223771227844,0.9788989313288149,0.9786947922529637,0.9914942895535567,0.9966913069623469,0.9728965847529061,0.9598683029129026,0.9727457664986574,0.9715477762848584,0.973234309068967,0.9730115887227605,0.9368556102546378,0.9534759704668836,0.951669938052842,0.9513947388602322,0.9070115988420342,0.9662741175107642,0.9652022395019315,0.9710251116304445,0.9700811459678125,0.9254241831960802,0.8618836554134252,0.8214044438532906,0.8757763460482861,0.9121611396174742,0.9000909559238858,0.9056774440984672,0.9048901643826021,0.7240111024533827,-0.5897403823971024,0.961567855449409,0.9455745756778313,0.9453890551837096,0.9739606699845127,0.9521889124334426,0.9675841241287217,0.9672428953828699,0.9229499013772535,0.9691627482068778,0.9253581933854186,0.77659724299005,0.9472694766492721,0.9575510036772665,0.7851019859021121,0.9467841076482528,0.948001916532277,0.8970399756815405,0.9755587371251536,0.8976671253791624,0.46339567952338345,0.685581895067234,0.9034862926294804,0.8554983540098716,0.8993163600325434,0.9822704567591524,0.9824841290662506,0.768063731736653,0.7222788013865645,0.7712183681282606,0.40772924647882247,0.7272077210667607,0.7759608053318251,0.7714502358065904,0.738639038227383,0.7698523464245317,0.7408058011886278,0.7223920582734021,-0.5245181176050369,-0.6074616657987852,0.6772182137311331,0.8814334648058179,0.9196022924271786,0.9367075803300777,0.9035263463547402,0.8116090823954992,0.8981437344446414,0.9133305915442853,0.9128042246468554,0.8036645526148334,0.12859601757853767],[0.9946442564479646,0.9918787785764989,0.9969895949185158,0.9953209353588146,0.9981491736887452,0.9784015899686239,0.9995831702754582,0.9999993224949022,0.9872081003153861,0.9999991406777884,1.0,0.9997677647583662,0.9999963889523181,0.9999948437034542,0.9999983460647915,0.9996694758697121,0.9975637895287667,0.9992048408929108,0.9997874010350051,0.9997874192371998,0.999998437275512,0.9999983718173289,0.9930522546693337,0.9738240717891183,0.9952965876904671,0.9821589305396456,0.9958822366129602,0.9909457504765222,0.9833940659661894,0.9467476393708628,0.9888962280025693,0.9932459777790171,0.9837295513234733,0.9446793740318828,0.9992850901987393,0.9993403391639065,0.9992805115038829,0.9998949302476445,0.999240135324439,0.9992905931677959,0.9979309663083719,0.9985030521469915,0.9992589420482537,0.9992566107913357,0.9885602667536358,0.9338064699636754,0.9173185559462556,0.9538679964160478,0.9379735781037335,0.8931958294549378,0.9164950191043431,0.9066153346642557,0.9209447429965838,0.9294863711086823,0.9148985230325138,0.9712069230559924,0.9711830579018809,0.9906696751096287,0.9952129420060977,0.9651490685997791,0.9599904050365586,0.9606457538265103,0.9621490101178861,0.9620514488469301,0.9617982412971205,0.9125185947151858,0.9431780413513349,0.9187071219255168,0.9182974027426584,0.8384919198327594,0.9640976649039992,0.9696039118504186,0.966065951822208,0.9649663604754788,0.9173573584590968,0.7948306247979781,0.7568913479060277,0.8380424006068773,0.8912664704132313,0.8599762994486214,0.8755715873600812,0.874247903277925,0.7238010604516479,-0.39789767515062585,0.948769981702274,0.9457104921849954,0.9454864912309642,0.9663049862330958,0.9386119696068355,0.9515630180253358,0.9509202214804566,0.8944882756657554,0.9543156831941642,0.8991089364337207,0.7767541950235399,0.9475847594381654,0.9613055628160425,0.6758498447530855,0.90617954102428,0.9088732822251582,0.853960311427348,0.9849321139848367,0.8416958405155472,0.1231621678427685,0.5363456728672207,0.8538510373690731,0.8204654341003582,0.8484809699030232,0.985684791715942,0.9857043976684682,0.5260869887701287,0.6348288598907125,0.5333211489342987,0.40765707906840765,0.5001965989099704,0.5443708275568477,0.534594507929395,0.47227647466002953,0.7583638208731821,0.6060856944634784,0.5672291816960092,-0.486357894479657,-0.5438646039362448,0.6766420560803147,0.8608618521745266,0.8735005052967313,0.9055390856370777,0.8971453994392229,0.6739185252255941,0.8455978877292545,0.8662824467329416,0.86557170802676,0.6136300898462671,0.07597660397855324],[0.9940533157552034,0.993380191872036,0.9961549988531541,0.9949338196591315,0.9981230174705089,0.9774529174353535,0.9996075270843175,0.9997635152672556,0.9896029098146122,0.9997680921981573,0.9997677647583662,1.0,0.9997812119612911,0.9997668862104232,0.9997730219302083,0.9996707899608036,0.9981982892831693,0.9994026560073097,0.9999702205844073,0.9999699297785777,0.9997721786670063,0.999777585853025,0.9926312994345206,0.9706411852297905,0.9940964308468405,0.9828595378720046,0.9948829634549988,0.9934496091556498,0.9795680348949355,0.9279099127549515,0.9914783497242887,0.9942555600487274,0.9791990728228462,0.9259957262788969,0.9994155059583496,0.9994633067443398,0.9994242238618481,0.999587553508822,0.9996119493616172,0.9994405234066603,0.9978036292466529,0.9985343569542985,0.9994027066455697,0.9993995554485297,0.989845531296176,0.9293351340179922,0.9037553632360243,0.9509388243651192,0.9369240809402477,0.8931859241200295,0.8815972822209068,0.919228257663946,0.885181811644416,0.9058768082781861,0.8798394299552174,0.9590286522036634,0.9590136122074109,0.9818246029002229,0.9946622025762418,0.9639425246921663,0.9646231447458596,0.956159662967972,0.9598960170755676,0.9587313657417331,0.9585609420137524,0.9124606978485037,0.9343407430742942,0.9039061872608152,0.9037993338327632,0.8218831575621712,0.9629554818256912,0.9650254000097792,0.9650894365887387,0.9644670603836097,0.9239989536127498,0.7445519054817018,0.7034851491609748,0.8034916806388807,0.8689143398773954,0.8236206126033127,0.84707535880729,0.8462426218525505,0.7030582349590081,-0.2846532514204825,0.9429512433862666,0.9482246370627658,0.9426433204902144,0.9647393058617999,0.9387462255256919,0.9465862355459373,0.9457535233962712,0.8922005137176712,0.9489961193679702,0.8955986705095276,0.7285934743349152,0.9450691224513577,0.9394651807215204,0.546879925955824,0.850491231735516,0.8550611497680022,0.7494977728174879,0.9786633044684655,0.7256881765296639,-0.2460717560787383,0.27308581188163555,0.7493888576408462,0.7050892743817526,0.7431071898134389,0.9798284951975751,0.9799218424762571,0.2141829203682664,0.3721527830811762,0.21943291147221938,0.19140885193997165,0.21136036404451292,0.2273221331819735,0.22490409286860816,0.14148922211559845,0.5562148411124406,0.29082291134099825,0.23872504296064287,-0.5014830078323516,-0.5477764958030694,0.6773826054093524,0.7573180399593431,0.780995005563457,0.844609354889082,0.826264839994378,0.5746263026916776,0.7620095391113271,0.7757053618926595,0.7746524594781756,0.4313496416236757,0.2662861306438544],[0.996350308918848,0.9919667602428924,0.9902254380007861,0.9967361694635272,0.9985676958375401,0.9829989087215312,0.998458223498854,0.9999970852587631,0.9713508122559568,0.9999985328873824,0.9999963889523181,0.9997812119612911,1.0,0.9999912566272834,0.9999976852699293,0.9993821881330944,0.9932500814576365,0.9995052823878086,0.999919291831775,0.9999191813117945,0.9999723815376832,0.9999989759699682,0.9910892195829468,0.976198389456076,0.9936562594190281,0.9464917433454283,0.9941737566587733,0.9910469190563529,0.9766653504669075,0.9527700358336186,0.9889468085339249,0.9939911023845823,0.9924250527726738,0.9728932767289888,0.9995173329828778,0.9996166559214267,0.9997097347143831,0.9997460319481906,0.9993029162043002,0.9995536371670042,0.9983399953812989,0.9989208098757936,0.9995891969926901,0.9994584768835145,0.981711345099009,0.9344818093651068,0.9506764865951283,0.9539087375755417,0.9381437536648727,0.894008411041369,0.9564811104170169,0.9428816701543602,0.9584851501671022,0.957726139093951,0.9479248959690664,0.9801571368701969,0.9788513419923925,0.9910615206725072,0.996961886075166,0.9472669834711336,0.9598238101937339,0.968383444376711,0.9715670718662206,0.9702375173093053,0.9502443121726498,0.89796788511253,0.9535754129744847,0.9571283593787261,0.9384556297841703,0.8852006175422691,0.9662877886674054,0.9385388659316005,0.9648117160940944,0.9479525022836556,0.7838276479473041,0.8621398526281764,0.7898856418083147,0.8761668637306783,0.8930600494184086,0.8998519098072412,0.8796857605819876,0.889047160146935,0.3614273949129406,-0.5843407198090069,0.9616060625250874,0.9457355455432924,0.9455251008001941,0.9514596485768577,0.9568303345287746,0.967968562275659,0.9681200155805887,0.9219845013795965,0.963160465290567,0.8472514468969145,0.7766677358628401,0.9469786933236748,0.9454096403558676,0.8009790601835023,0.9529709320539137,0.9540138934784987,0.8973114695332861,0.9762178269054929,0.8356519544895558,0.5658118480577667,0.7096138508839017,0.8576052088363837,0.8470613477185549,0.8402721523757097,0.9822533895175393,0.9824362610215372,0.7686126494020038,0.7231012894060763,0.7841363169577711,0.4082587573211096,0.7748861673312565,0.7912706572736145,0.7890866747190756,0.7888236385237982,0.7705026453519325,0.7413751513347792,0.7230130617034137,-0.3056907070802481,-0.45657426843255305,0.6785601371530211,0.8819783784185713,0.920265076728623,0.9332118046451783,0.9040083190626524,0.8156778142988451,0.9030858564722619,0.9216051001599344,0.9205336804624071,0.7590113025383638,-0.09869290965876613],[0.9963867157266686,0.9918551228612638,0.9923695673636344,0.9968584761699802,0.9985795296441484,0.9835147733353831,0.9994869907632283,0.9999928163011412,0.9796793901885315,0.9999916823185595,0.9999948437034542,0.9997668862104232,0.9999912566272834,1.0,0.9999951152651948,0.9995716636033797,0.9978331806550599,0.9994639160947033,0.9999048212015705,0.9999038629668227,0.9999544008873538,0.9999915203191928,0.9930149409649909,0.9766099556631336,0.9959468598448487,0.9681371847949855,0.995730697763894,0.9909108884379711,0.977082660816084,0.9529339425257006,0.9892823403588266,0.9940363198141855,0.9917264526736521,0.9724291248099688,0.999495538928247,0.999570096096715,0.9996295364936174,0.9998890675464379,0.9992669428872512,0.9995030260922548,0.9982041925188249,0.9988436953435065,0.9995148744634612,0.9995080546262038,0.9842313987685223,0.9342457270399219,0.9504412326820167,0.9538607289004444,0.9380027030445618,0.8934791743924893,0.9511730043567382,0.9357202715986674,0.9534562839458053,0.9570918029085357,0.9471859258346955,0.9786147958611632,0.9785266688179385,0.9903409800125629,0.9969543037135493,0.9735303972889825,0.9596233130646111,0.9735253892931955,0.9715566862901223,0.9744702922580893,0.9742364243085402,0.9458512461931934,0.9532043612735143,0.9561758639135891,0.9558746198243795,0.9232659880263925,0.966302840196298,0.9681216546359265,0.9728833974574369,0.9718399772906199,0.9341540928520374,0.8616164019436542,0.8270597719051611,0.875581003068325,0.9037002589102636,0.8995592872500036,0.90030678199723,0.89918870358928,0.7018048487430817,-0.5848591031597185,0.9615903808589594,0.9454422347371777,0.9451286332746958,0.9746079646410746,0.9569059245628329,0.967920543287507,0.9680189937701619,0.9223155757492592,0.9690142653646525,0.9337678685841584,0.7765033591257557,0.9470317868836324,0.9506728826344152,0.8001857084365149,0.9528274534475246,0.953820608690856,0.8969118466775172,0.9765574250612863,0.8848773527878865,0.5649128959625302,0.7084360557810601,0.8926848532774557,0.860053222775676,0.8835937456587065,0.9825164158499534,0.9827271987290368,0.7671882087527722,0.721761418918613,0.8025717432642526,0.40773347312104075,0.7806121099005213,0.8070262769908753,0.8015470764344943,0.7884293609355874,0.7699442975378342,0.7395194865416929,0.7211480785155903,-0.3965492926762428,-0.5185012810466516,0.6765834495117612,0.8814300767518044,0.91649508015388,0.9285625464628784,0.9038590808459468,0.8140872145286292,0.8904341503211912,0.9095412151936518,0.9091333867074363,0.8399764773669425,-0.0654063348069457],[0.9962895166282902,0.9919141176977405,0.9904241729101388,0.9966922496628757,0.9985778038016002,0.9832265576575019,0.9992062865882644,0.999998267439301,0.9762551607733988,0.999997790045602,0.9999983460647915,0.9997730219302083,0.9999976852699293,0.9999951152651948,1.0,0.9994711353737304,0.9971165145981935,0.9994815734129417,0.9999128876857125,0.9999123271358865,0.9999664001370654,0.9999976444307758,0.9912503681551901,0.9764516468148094,0.9953089140554602,0.9597677195860627,0.9951136460537712,0.9910042212519309,0.9769165082152763,0.9529874968611248,0.9914175565565074,0.9942552349569518,0.9922940039501172,0.9726825041621248,0.9994859260180758,0.9995785058397885,0.9996864472892278,0.9997618221481956,0.9992709223014613,0.9995103983252795,0.9982785184911276,0.9988700458423576,0.9995561188105774,0.9994273540648396,0.9819526188327511,0.9342828830821012,0.950522253439816,0.9539561733856898,0.9381144266070768,0.8936489009188625,0.9562008491057769,0.9426179512836309,0.9582324610447407,0.9573366818639488,0.9474451661304962,0.979925857311794,0.9786067357037297,0.9908929220143285,0.9968449613849584,0.9472908441298695,0.959848119803995,0.9683445473237504,0.9715882721528722,0.9701869236174573,0.9498495955281872,0.8981913215251894,0.9533341757296847,0.956866806276762,0.9382885519188909,0.8851224731064322,0.9664146458595675,0.938724174862706,0.9648503590180932,0.9480093734291023,0.7842278129918814,0.8618501338884077,0.7896809460132657,0.8759360759262418,0.8930003640356903,0.8997229907692179,0.8795091427629532,0.888890010479064,0.3616430841789942,-0.5839784728168598,0.9615913082264944,0.9456953238895857,0.9454894826132594,0.9500593392221625,0.956892976671703,0.9679294454116929,0.9680746677129108,0.9221712177856515,0.9631036239435444,0.8474832174399292,0.7766161717269362,0.9472748718494952,0.9458149935002661,0.8009322676563079,0.9528905563959201,0.9539458515748507,0.8967867693180078,0.9763731411737196,0.8351863124736276,0.5645387792348615,0.7088452357863434,0.85713133166987,0.8466447214290918,0.8398101403488826,0.9823493969262864,0.982529238786501,0.7676125475840776,0.7222565307731412,0.7834999862733582,0.4078598328063247,0.7741909562800243,0.7904949848737016,0.7886098606174295,0.7880119005549956,0.7700791495278914,0.7401975227454738,0.7218530650595292,-0.30642973903160076,-0.4572032978869744,0.6783470678963449,0.8813589333234916,0.9199059971382321,0.9327066052536922,0.9035620370881026,0.8149015788735829,0.9026929568027817,0.9210488949366756,0.9201033818560842,0.7584146434830837,-0.09792031864995858],[0.9977187826459433,0.9940264652170473,0.989879313322953,0.9979759032510589,0.9990684697852522,0.9828910384785207,0.9998928739770221,0.999335054508325,0.9742275819347563,0.9996857113684653,0.9996694758697121,0.9996707899608036,0.9993821881330944,0.9995716636033797,0.9994711353737304,1.0,0.9984302293169648,0.9998535443149964,0.9995579571603295,0.9995626669680888,0.9997729644122544,0.9995442411472804,0.9908900344008965,0.9754009025988618,0.9939739988064219,0.9523211869355328,0.9936294260419359,0.9924804270222989,0.9750881643378438,0.9535130362151338,0.9918337832391871,0.9926953896895557,0.9931567428117317,0.9747543778014484,0.9992827996075375,0.9997374708108606,0.9997220853903034,0.9995779876582638,0.9996107101212227,0.9996935113420875,0.9988607303529453,0.999591077662189,0.9995159506110403,0.9992795930488159,0.9805656693721657,0.9328337151604216,0.9526166807278662,0.950942583554085,0.9389569851870989,0.9003054916451495,0.9582339786000493,0.9470948550032156,0.9605496662092632,0.961418794319146,0.9516088027760543,0.981888504459856,0.9806385631563163,0.9918394675261286,0.9963667015919845,0.9518548473530093,0.9636143999616353,0.9733637229531154,0.9742128883083612,0.9749431375193206,0.9527022355387798,0.9040382455498691,0.9568225849062958,0.9622158818674958,0.9432550114615816,0.8938996890404542,0.9689675481552148,0.943724870711854,0.9692614731227372,0.9524036410116402,0.7928298541557277,0.8674082252776794,0.7940894288030867,0.8814319610321002,0.8980881370271634,0.9025526032997581,0.8832802759880829,0.894193053120828,0.37300146950798785,-0.5810623024822247,0.9649785469767103,0.9506178326139859,0.9501927551889181,0.9541899572260021,0.9608670747154963,0.9711895597387366,0.9712717921693987,0.9266122820358951,0.9683816007259485,0.8553506444414332,0.7783783335454233,0.9380109242226627,0.9379308214615638,0.803400376096209,0.9529588576272524,0.9538305608457307,0.8969756141221796,0.9729290807669259,0.8344495898839039,0.5743624179296994,0.71394