var element=document.getElementById("correlationClose");if(element.style.display!='none'){var correlationClose={"data":[{"type":"heatmap","z":[[1.0,0.9999868275641046,0.6297245931753882,0.9997144186264155,0.9978301887175486,1.0,0.9919105457338814,0.9880153352983363,0.9880153352983363,0.9925923136540651,0.9755906737776561,0.9857369991767868,0.9919503149899289,0.99238649441049,0.9920075292153333,0.8709808257808695,0.8300302821933097,0.35758853903451254,0.9929036209794343,0.9928901796531855,0.985116181386692,0.9919373927034607,0.4514255950656503,0.7126293603793378,0.9804560235119854,0.9804560235119854,0.9804369101105302,0.9719006162600008,0.3540093908280472,-0.09728864433360468,0.9895677915510455,0.989531177710855,0.30472383645251366,-0.16968480174266118,0.9944353759844939,0.9951568221357148,0.8343242966340167,-0.3732449837756814,0.9899133167836,0.9950756797375689,0.8629832071389079,0.33880956291381215,0.9945913355856313,0.99457968365823,0.9945913355856313,0.8844500058242658,0.6577158095623643,0.8873785895016222,0.8948035689866222,0.8045361705800852,0.37637444562411937,-0.16011178605552195,0.19622241724301528,0.9452675147753326,0.4118318382077786,0.9750942301349937,0.9699691160382683,0.9797531412699203,0.989740698716353,0.9250205099548524,0.9295714164164094,0.9409988026162318,0.922981507877161,0.9382042558744194,0.9388810981471761,0.9382042558744194,0.8696789492222681,0.9161625806788992,0.9171393534697156,0.9161625806788992,0.9134197972741135,0.7677430199782264,0.8864274538356438,0.8878375225689955,0.8864274538356438,0.6663377784503169,0.3468221023363178,0.6478833526820301,-0.5705989958703537,0.5524798716664189,0.5851279535996651,0.5858558582769214,0.5851279535996651,-0.10496603222187423,0.9015114619239227,0.933827665775812,0.9165665898694143,0.9264145227350237,0.3424284778998933,0.897258856962755,0.8981707091889328,0.897258856962755,0.9030724880278865,0.9030724880278865,-0.11618628940787415,0.5891962959532454,0.18394033397292378,-0.6331190564674829,-0.5774908206703229,-0.5810864250564537,-0.08390012811160054,0.10223175724952199,0.23295019584281293,0.06777881418906251,-0.4838491372871541,0.01908152567046374,-0.7955999957938054,-0.24794458141801215,0.15766655352587186,0.15852510671369438,-0.5587327587760607,-0.5903493387736359,-0.24737567378524367,-0.5026965350757038,-0.8224826519480971,-0.37998091254570804,-0.3718859911225541,-0.37998091254570804,-0.1917156119467853,-0.29750798492078,-0.29750798492078,-0.8105131100420354,-0.8105131100420354,0.3992249801562729,0.6417872429636641,0.8625696878153287,0.8449533820384375,0.7719624847902299,-0.2951067620182851,0.7552530183026382,0.7921215058965658,0.7924127326115605,0.7921215058965658,-0.22227973631930906],[0.9999868275641046,1.0,0.9762507995159007,0.9993688162632258,0.9951627327946462,0.9999868275641044,0.9826085085649936,0.9757058573905717,0.9757058573905717,0.9824560819218198,0.9669650281823833,0.9842892447336906,0.9826554567476451,0.9825790174511827,0.9824861352255959,0.4477075852536484,0.37064034341566077,-0.36818637542754706,0.9869366914492129,0.9869166432129153,0.982706276859691,0.9826993741037816,-0.08016403207612192,0.9753224402286305,0.9773945262058156,0.9773945262058156,0.9774500275840587,0.9720539890124624,0.17198562970911443,0.19027483451321103,0.9792340074022614,0.9792903220345176,0.9564597094712761,0.20733371880858625,0.989884976327157,0.9899379175968943,0.9905725016301113,0.9840397345090003,0.9888022676051555,0.9900710405394205,0.41000197826556534,-0.37379612351290453,0.9906173662576098,0.9906036672854468,0.9906173662576098,0.8844279811739695,0.5136426038233494,0.8875683398063443,0.8947482513248735,0.8039187776319001,-0.37800164772432815,-0.5206296174912827,0.8242359414630093,0.8640465431289982,-0.23317396996458611,0.9323515555707894,0.932484418941797,0.9505169109538889,0.9752809597953426,0.9411391341811881,0.9490037670407614,0.9319841271069593,0.9311777779187252,0.9372402811410243,0.9378080712742839,0.9372402811410243,0.827261192057583,0.7951002017847467,0.7970938109049034,0.7951002017847467,0.9431517287397421,0.9470787665034676,0.9432371117674737,0.9442127545825383,0.9432371117674737,0.5474834684554458,0.48929617328615,0.596359445382505,0.6898336547507035,0.5900852875449671,0.6176220948629937,0.618338962399364,0.6176220948629937,-0.20131534540131926,0.8988815643237765,0.9272290511304835,0.9170361162268981,0.9469264180778271,-0.22235110953732848,0.8943299543457089,0.894645168812165,0.8943299543457089,0.9031405225850382,0.9031405225850382,-0.2085779859466269,0.5904113489057586,-0.3574900463826037,-0.7333975941866382,-0.46265844106288984,-0.4660704876979369,-0.34089392809770314,0.25945409369302497,-0.2386885326464745,-0.45069859275180124,-0.678028276981142,-0.3202718968300427,-0.4858577044725909,-0.3765990743784047,0.13531646982552628,0.13159926296051935,-0.48913047528390236,-0.449927620521407,-0.47834161115451274,-0.5091852848763284,-0.5012254057097765,-0.4804821648263443,-0.48399420021418355,-0.4804821648263443,-0.3465535795065657,-0.5120022587606314,-0.5120022587606314,-0.4880358850813604,-0.4880358850813604,0.3992805873606041,0.38554085485913475,0.5049577203735447,0.5960025459662672,0.5480498055542526,-0.42096031660652256,0.3673174344689231,0.3374990701209349,0.3375894126773087,0.3374990701209349,0.12112340364614953],[0.6297245931753882,0.9762507995159007,1.0,0.6255201534779404,0.5426106724294402,0.6297245931753882,0.6142852581329471,0.604858727060404,0.604858727060404,0.5417472923257652,0.49530716285870835,0.996166674051398,0.6143147386269745,0.6031589465814865,0.6145673662976413,0.48161479119716527,0.48152021821209706,-0.16411390029038134,0.5702200458148355,0.5693376959903041,0.5311724742939589,0.6132399129697848,0.23068029079652583,0.7541678075319038,0.5890963309311377,0.5890963309311377,0.5888504227834913,0.9874291233222584,0.34414038295323734,0.1796162710656829,0.5737216754357416,0.5732974685458795,0.7463524180755512,0.030901325693928693,0.6109975668678412,0.537448144702567,0.5849504331496812,0.3250949235014881,0.993868174072975,0.5301161875646713,0.4734219269574231,-0.17212889880912183,0.6275908947719897,0.6089241721915813,0.6275908947719897,0.8826346525977883,0.39455118548255885,0.9111220546237948,0.8830480863717897,0.6841029703653981,0.20552220116853234,-0.04634403200048972,0.04966522556948707,0.482731482977459,-0.0865772256263645,0.5586018442700263,0.5115759832229025,0.5397012987905677,0.5004195994574855,-0.03363994746577511,0.7551360947519561,0.6917641541197632,0.5775109260301418,0.6976217192859617,0.7387553072902023,0.6976217192859617,0.4507745133284894,0.5978005180966387,0.6719014195559897,0.5978005180966387,0.6420680428255792,0.6493641610969426,0.6965678946392944,0.7533304500133522,0.6965678946392944,0.32100151091431695,-0.08748441865126183,0.33804099696502987,0.11597606528647988,0.3356926575682885,0.2612107622557626,0.4494983782770291,0.2612107622557626,-0.16913079567749004,0.5431699884805719,0.8559127474481073,0.6225697699536253,0.7540076240839937,-0.012732425464293564,0.5927153948702428,0.5924011267847964,0.5927153948702428,0.6801597500617799,0.6801597500617799,-0.22929500913476236,0.7210392030151537,-0.1960246483423063,-0.6386591321775736,-0.4174326959205803,-0.4209854017224031,-0.40423263066039705,0.06925446451316408,0.024229885428669197,-0.3015390789840848,-0.6188938758721383,-0.1519799799671082,-0.27995130550432484,-0.24007442080197922,0.027988715202977302,0.02533080178088203,-0.47276741367374253,-0.03302623051169561,-0.24248737992566305,-0.4996577302228873,-0.16578062309568942,-0.3850007711671717,-0.26390161073978907,-0.3850007711671717,-0.4095925879334067,-0.5204154450468922,-0.5204154450468922,-0.27795115848242563,-0.27795115848242563,0.33729796704273485,0.16953269129275314,0.26784927983614004,0.5065008882890296,0.258238696218637,-0.35172055123271456,-0.024549678010944705,0.45323498609406154,0.560429302158164,0.45323498609406154,-0.039584024068756565],[0.9997144186264155,0.9993688162632258,0.6255201534779404,1.0,0.9988261500346481,0.9997144186264153,0.9933000851558478,0.9898737975764451,0.9898737975764451,0.9942287163897231,0.9734875883061206,0.9895698889269465,0.9933291966309862,0.9940763017177724,0.9933616289638917,0.8705929607961289,0.8293472475363338,0.3426752328842931,0.9940968569823772,0.9940858784175436,0.9852996731579117,0.9933085857781887,0.44301504033728645,0.7168668223106065,0.9831845784427605,0.9831845784427605,0.9831651341567262,0.979077106448385,0.3501593670112761,-0.10356317440494162,0.9889813015375288,0.9889536436948826,0.297074668681046,-0.16975524295003683,0.9950615703803318,0.9959934456969631,0.798402026363884,-0.37806096447686244,0.9926610520098335,0.9961497279333357,0.8617855292764055,0.32357635275972196,0.9929131999254177,0.9951125894467505,0.9929131999254177,0.8818690927907118,0.645096822147161,0.8930367962815751,0.892194171132641,0.7849097969564518,0.3711091227508371,-0.16555033466544686,0.19035010959123477,0.9395665921690908,0.39565769185347194,0.9705817818858988,0.966964060411707,0.9775961374350798,0.9897738613850541,0.9038573864516098,0.922920974113968,0.9279779466937021,0.9190316106240864,0.9211281848799241,0.9220580180215044,0.9211281848799241,0.8616705036987239,0.904018056548747,0.9050895988328812,0.904018056548747,0.9100280409637556,0.7076707662683119,0.8474159578843806,0.8488521059693558,0.8474159578843806,0.6581147219963459,0.12558223296312326,0.637953148531917,-0.5751289424125644,0.5475382107221421,0.3227392778674613,0.5558908951440538,0.3227392778674613,-0.11140709961662289,0.8962620725189591,0.9262239123504695,0.9088852172061914,0.9032379975026247,0.3282301499263618,0.8927762032431112,0.8938228055603935,0.8927762032431112,0.8837125184075523,0.8837125184075523,-0.12109603905677509,0.6108200294875995,0.18864880090177033,-0.6433669944193816,-0.5844878231519743,-0.5879905234240319,-0.09608862294137537,0.09760206987318205,0.2259626817306527,0.05473743766097288,-0.49622307194775217,0.01270439848923007,-0.8014111786231163,-0.2556682681798066,0.14762207345710124,0.14852879306897013,-0.5654679839390251,-0.5867385172335595,-0.2486587783480424,-0.5133357961277073,-0.8240506599495148,-0.3813925801801923,-0.3738654182132813,-0.3813925801801923,-0.20026073490121205,-0.3071143216972814,-0.3071143216972814,-0.8100825341090587,-0.8100825341090587,0.38823544132821736,0.6300255944973272,0.8546505537268618,0.837214098947451,0.7644218615518412,-0.30809027246129783,0.7461443147873672,0.7831951231614382,0.7834975864223893,0.7831951231614382,-0.20735378613489874],[0.9978301887175486,0.9951627327946462,0.5426106724294402,0.9988261500346481,1.0,0.9978301887175486,0.9971023571499356,0.9954516288573605,0.9954516288573605,0.9972970162741132,0.9649869418507346,0.9962390605034878,0.9971215238103893,0.9972007201685078,0.9971508030215586,0.815870903031182,0.7558333864636217,0.13929440618496075,0.9976327730547735,0.9976276631252379,0.9871594799532442,0.9971065158201227,0.09528344474294029,0.6916768043460503,0.9918623005526335,0.9918623005526335,0.9918233396320172,0.9889773246818808,0.12848657193011462,-0.08475967827985934,0.9871132278779468,0.9870486807659584,0.004625598951293775,-0.06408927985795786,0.9977959916286406,0.9977275959218579,0.7850030904135976,-0.506781141557143,0.9975860068608493,0.9980585821127526,0.7987953594017383,0.11510488139431282,0.9977409275939554,0.9977424725273211,0.9977409275939554,0.8969277562547194,0.6078817572772484,0.9110309361125297,0.8974974815041665,0.7580966526005618,-0.09780532381159779,-0.5864595357176563,-0.21296725626857754,0.9271970070002395,0.24896241544239928,0.9652963350115523,0.9653811596748169,0.9794547691109033,0.99039394544799,0.9019854994919878,0.9042541827038074,0.9177980570435381,0.9061355842073092,0.9161880111656713,0.9165459393929976,0.9161880111656713,0.8360413592216334,0.8572368128726802,0.8584439078785898,0.8572368128726802,0.8987329814880703,0.805315747780794,0.879219707118342,0.8800706666841898,0.879219707118342,0.6154769180184269,0.4908579210235145,0.6019625204403665,-0.6022542115735797,0.6004498424209663,0.5781797244774166,0.5773896749335211,0.5781797244774166,-0.12973237390099313,0.8781468139108288,0.901263417613577,0.8856870820956809,0.9104031425825769,0.17626958358386638,0.8780688824731656,0.87917114525388,0.8780688824731656,0.8849449674040955,0.8849449674040955,-0.16139050564530308,0.6608596599022336,0.044144018993328496,-0.6749869889343467,-0.6353544776801269,-0.6358860204720067,-0.12922689213286695,0.1206610146460342,-0.16679678670937842,-0.1949158656512576,-0.572190567733949,-0.35111156555168377,-0.8535719102819221,-0.539978651892199,0.11607752837590614,0.11683777818154735,-0.5928007743608859,-0.5796149088183183,-0.5320660470311002,-0.5526997539978944,-0.7849413402913135,-0.5850713467976363,-0.588085651284374,-0.5850713467976363,-0.24070266714372382,-0.3423607566715108,-0.3423607566715108,-0.7524790824964955,-0.7524790824964955,0.37377422029206875,0.6110618867271779,0.8072580092373735,0.7895172092398742,0.7535858427239964,-0.4389316730685465,0.6024914232300156,0.6748971642969199,0.675310945257562,0.6748971642969199,0.019554339324207005],[1.0,0.9999868275641044,0.6297245931753882,0.9997144186264153,0.9978301887175486,1.0,0.9919105457338814,0.9880153352983363,0.9880153352983363,0.9925923136540651,0.9755906737776561,0.9857369991767868,0.9919503149899289,0.99238649441049,0.9920075292153333,0.8709808257808695,0.8300302821933097,0.35758853903451254,0.9929036209794343,0.9928901796531855,0.985116181386692,0.9919373927034607,0.4514255950656503,0.7126293603793378,0.9804560235119854,0.9804560235119854,0.9804369101105302,0.9719006162600008,0.3540093908280472,-0.09728864433360468,0.9895677915510455,0.989531177710855,0.30472383645251366,-0.16968480174266118,0.9944353759844939,0.9951568221357148,0.8343242966340167,-0.3732449837756814,0.9899133167836,0.9950756797375689,0.8629832071389079,0.33880956291381215,0.9945913355856313,0.99457968365823,0.9945913355856313,0.8844500058242658,0.6577158095623643,0.8873785895016222,0.8948035689866222,0.8045361705800852,0.37637444562411937,-0.16011178605552195,0.19622241724301528,0.9452675147753326,0.4118318382077786,0.9750942301349937,0.9699691160382683,0.9797531412699203,0.989740698716353,0.9250205099548524,0.9295714164164094,0.9409988026162318,0.922981507877161,0.9382042558744194,0.9388810981471761,0.9382042558744194,0.8696789492222681,0.9161625806788992,0.9171393534697156,0.9161625806788992,0.9134197972741135,0.7677430199782264,0.8864274538356438,0.8878375225689955,0.8864274538356438,0.6663377784503169,0.3468221023363178,0.6478833526820301,-0.5705989958703537,0.5524798716664189,0.5851279535996651,0.5858558582769214,0.5851279535996651,-0.10496603222187423,0.9015114619239227,0.933827665775812,0.9165665898694143,0.9264145227350237,0.3424284778998933,0.897258856962755,0.8981707091889328,0.897258856962755,0.9030724880278865,0.9030724880278865,-0.11618628940787415,0.5891962959532454,0.18394033397292378,-0.6331190564674829,-0.5774908206703229,-0.5810864250564537,-0.08390012811160054,0.10223175724952199,0.23295019584281293,0.06777881418906251,-0.4838491372871541,0.01908152567046374,-0.7955999957938054,-0.24794458141801215,0.15766655352587186,0.15852510671369438,-0.5587327587760607,-0.5903493387736359,-0.24737567378524367,-0.5026965350757038,-0.8224826519480971,-0.37998091254570804,-0.3718859911225541,-0.37998091254570804,-0.1917156119467853,-0.29750798492078,-0.29750798492078,-0.8105131100420354,-0.8105131100420354,0.3992249801562729,0.6417872429636641,0.8625696878153287,0.8449533820384375,0.7719624847902299,-0.2951067620182851,0.7552530183026382,0.7921215058965658,0.7924127326115605,0.7921215058965658,-0.22227973631930906],[0.9919105457338814,0.9826085085649936,0.6142852581329471,0.9933000851558478,0.9971023571499356,0.9919105457338814,1.0,0.9974233070673252,0.9974233070673252,0.9999700016636808,0.9579948007102612,0.9996640687009145,0.9999964959406792,0.9999861865287956,0.9999931982636082,0.915913327825758,0.9066361232341216,0.3016086280705454,0.9998553570590226,0.9998554706006588,0.9895001195096544,0.9999966811329728,0.3552920679196611,0.7158439233737267,0.9853415227616554,0.9853415227616554,0.9861533204196389,0.9898552842100506,0.27606402616851505,-0.15992890043354144,0.9916373274787396,0.991487213234261,0.20100317623896002,-0.21842932926357342,0.9993299415920326,0.9994365566789052,0.4071993079834629,-0.31591820766698914,0.9989485551207896,0.9993891730516996,0.9044812921879514,0.2811290750721326,0.9393229763869276,0.9990727905143222,0.9393229763869276,0.9066568546256882,0.614307327965265,0.9295580583539779,0.9062517905892638,0.7200207365211612,0.4083104427791694,-0.10553796118693333,-0.20235495774122084,0.9262626065714578,0.3602175891095198,0.967534725290892,0.9619405574644352,0.9782697239014412,0.9957700563724515,-0.0499498542162597,0.8624549939591166,0.8251862297726397,0.8719225614991314,0.8194133088257305,0.7834766975308202,0.8194133088257305,0.7975563068255361,0.7871642637368215,0.7789411512529641,0.7871642637368215,0.8628611030277854,0.3628164567694089,0.5714240403549479,0.639912305559649,0.5714240403549479,0.5845166655966655,-0.3495384927741442,0.5525478887395977,-0.6383998668492201,0.476013343330836,-0.10347187581324531,0.4194145200476561,-0.10347187581324531,-0.15317645307484712,0.8404797592457601,0.8596549340828392,0.8453033382375056,0.7585397223111244,0.28669686284283386,0.84078448123031,0.8422810052774571,0.84078448123031,0.7549502833229808,0.7549502833229808,-0.1977475916630064,0.7041219510241468,0.24697729181459302,-0.6541259338703976,-0.6250914078936938,-0.6281512324135095,-0.14229362949201194,0.04740526902219301,0.3374527632259451,0.02140379493076597,-0.514315265580825,0.07039383370864212,-0.8278080028062617,-0.15598757941280808,0.08015158475736661,0.0811109959888138,-0.608397697123169,-0.5953824176144019,-0.08580057622059496,-0.5876364214651532,-0.8373385188595145,-0.37498045466916274,-0.20608027581782976,-0.37498045466916274,-0.27399427464374765,-0.351836457502282,-0.351836457502282,-0.8298263753893649,-0.8298263753893649,0.37340425051421866,0.5926483372340305,0.5044095779770994,0.8041415005476613,0.7468021005557623,-0.3603420840095144,0.06454406498468569,0.7536874825998066,0.7726880938135885,0.7536874825998066,-0.13740892180048767],[0.9880153352983363,0.9757058573905717,0.604858727060404,0.9898737975764451,0.9954516288573605,0.9880153352983363,0.9974233070673252,1.0,1.0,0.9995373130815539,0.950841171345846,0.9986341548973049,0.998185167464464,0.999385271717731,0.9991130452316376,0.9137906898247775,0.8967835831223486,0.2797886098726184,0.9991599565912125,0.9991614395261703,0.9868106017353474,0.9992551461970557,0.3297464695311152,0.7165194138235801,0.992515538540308,0.992515538540308,0.984161190737298,0.9867390419850852,0.2584999947174875,-0.1734494413695832,0.9879194910178986,0.9913448178005057,0.1822578874263839,-0.22431653061634077,0.9982667896558641,0.9982227708669824,0.3886889745233234,-0.32271362277958604,0.9968825275674338,0.9981428333293609,0.9026987564526682,0.2588843563984719,0.931555571598531,0.9980938600041716,0.931555571598531,0.9041206634570816,0.5990297938748961,0.929818281777762,0.9029116182550824,0.6965849384757955,0.395238030163681,-0.12064911413011763,-0.21514709820852462,0.9175060994988983,0.33962478842234917,0.9628409042019547,0.9566313336003744,0.9731008536594516,0.9948141366930171,-0.05988987290134027,0.8507395545881984,0.8089852047157201,0.8634090308150016,0.8043404186139763,0.7711248958788278,0.8043404186139763,0.785060194629304,0.7682548023702539,0.7653377701723584,0.7682548023702539,0.8545845251495998,0.3432260953548258,0.5508809197476396,0.6234036460758111,0.5508809197476396,0.571430697908874,-0.3642860616089628,0.5377400672216059,-0.6461990606782532,0.46806900583146216,-0.12560246755451002,0.40303525867217666,-0.12560246755451002,-0.15998625661476557,0.8305187586074216,0.8449050833345323,0.8326310441495608,0.7437901624814459,0.2690914789913646,0.8313938764571263,0.8330828064162383,0.8313938764571263,0.7373131395889406,0.7373131395889406,-0.21303845769188248,0.7288442181443237,0.25427489192235836,-0.6635858595961973,-0.6379650510134762,-0.6408371412391608,-0.15715067195523874,0.039673295786492625,0.3304868491306679,0.0021618374898407754,-0.5270678035162673,0.0611021487952467,-0.8338921526084895,-0.16249382135005702,0.06477375174295899,0.06575609400983931,-0.6201426621988592,-0.596457467183236,-0.09267223699719533,-0.6045617147967867,-0.8371000985849069,-0.3865483616708821,-0.2123222241577748,-0.3865483616708821,-0.29156539394557185,-0.3656012139451156,-0.3656012139451156,-0.8280209473378924,-0.8280209473378924,0.35335632575856474,0.575637143922776,0.4856449317901318,0.786305835700485,0.7341027499864768,-0.3821014525425275,0.05044671921997708,0.7345582844143916,0.756940949591575,0.7345582844143916,-0.12024969815757439],[0.9880153352983363,0.9757058573905717,0.604858727060404,0.9898737975764451,0.9954516288573605,0.9880153352983363,0.9974233070673252,1.0,1.0,0.9995373130815539,0.950841171345846,0.9986341548973049,0.998185167464464,0.999385271717731,0.9991130452316376,0.9137906898247775,0.8967835831223486,0.2797886098726184,0.9991599565912125,0.9991614395261703,0.9868106017353474,0.9992551461970557,0.3297464695311152,0.7165194138235801,0.992515538540308,0.992515538540308,0.984161190737298,0.9867390419850852,0.2584999947174875,-0.1734494413695832,0.9879194910178986,0.9913448178005057,0.1822578874263839,-0.22431653061634077,0.9982667896558641,0.9982227708669824,0.3886889745233234,-0.32271362277958604,0.9968825275674338,0.9981428333293609,0.9026987564526682,0.2588843563984719,0.931555571598531,0.9980938600041716,0.931555571598531,0.9041206634570816,0.5990297938748961,0.929818281777762,0.9029116182550824,0.6965849384757955,0.395238030163681,-0.12064911413011763,-0.21514709820852462,0.9175060994988983,0.33962478842234917,0.9628409042019547,0.9566313336003744,0.9731008536594516,0.9948141366930171,-0.05988987290134027,0.8507395545881984,0.8089852047157201,0.8634090308150016,0.8043404186139763,0.7711248958788278,0.8043404186139763,0.785060194629304,0.7682548023702539,0.7653377701723584,0.7682548023702539,0.8545845251495998,0.3432260953548258,0.5508809197476396,0.6234036460758111,0.5508809197476396,0.571430697908874,-0.3642860616089628,0.5377400672216059,-0.6461990606782532,0.46806900583146216,-0.12560246755451002,0.40303525867217666,-0.12560246755451002,-0.15998625661476557,0.8305187586074216,0.8449050833345323,0.8326310441495608,0.7437901624814459,0.2690914789913646,0.8313938764571263,0.8330828064162383,0.8313938764571263,0.7373131395889406,0.7373131395889406,-0.21303845769188248,0.7288442181443237,0.25427489192235836,-0.6635858595961973,-0.6379650510134762,-0.6408371412391608,-0.15715067195523874,0.039673295786492625,0.3304868491306679,0.0021618374898407754,-0.5270678035162673,0.0611021487952467,-0.8338921526084895,-0.16249382135005702,0.06477375174295899,0.06575609400983931,-0.6201426621988592,-0.596457467183236,-0.09267223699719533,-0.6045617147967867,-0.8371000985849069,-0.3865483616708821,-0.2123222241577748,-0.3865483616708821,-0.29156539394557185,-0.3656012139451156,-0.3656012139451156,-0.8280209473378924,-0.8280209473378924,0.35335632575856474,0.575637143922776,0.4856449317901318,0.786305835700485,0.7341027499864768,-0.3821014525425275,0.05044671921997708,0.7345582844143916,0.756940949591575,0.7345582844143916,-0.12024969815757439],[0.9925923136540651,0.9824560819218198,0.5417472923257652,0.9942287163897231,0.9972970162741132,0.9925923136540651,0.9999700016636808,0.9995373130815539,0.9995373130815539,1.0,0.9568934270762255,0.9996244589517974,0.9999710852305698,0.9999699822724398,0.9999751474243223,0.8404282540581897,0.782391443537253,0.18743816159151047,0.9998075064159454,0.9998080799826291,0.9893553776731591,0.9999681727697192,0.14209706427581176,0.6855014041077966,0.9948916367564808,0.9948916367564808,0.9948451680104291,0.9896915018461389,0.11046650668089732,-0.09781734530299771,0.9903988627639945,0.9903601137279626,0.02093162127929192,-0.17545793499851464,0.9993677834284665,0.999325451993521,0.7927009724230822,-0.5008227091762164,0.9988769664714364,0.9993664144141648,0.82368343544992,0.16375982055554128,0.999222928336623,0.9992280777287502,0.999222928336623,0.9064971592565437,0.6149505652182966,0.9292158395276524,0.9055862037826772,0.7194422850320482,0.006609100030300844,-0.5363945234108273,-0.1656233778256075,0.9218751110569092,0.30671063171196,0.9627020108570475,0.9620076068331619,0.9799980781723044,0.9949808283906018,0.8758682831231216,0.8632049362331298,0.8927376925573196,0.8728116890797564,0.8911596291660415,0.8917945208533482,0.8911596291660415,0.7968903190634226,0.8392011148928004,0.8407421045672253,0.8392011148928004,0.8641962071020582,0.7683961836571017,0.8505368362721868,0.8518083956164665,0.8505368362721868,0.5840082878786012,0.4190655030552801,0.551637295366491,-0.6535111006234776,0.5317828755429096,0.4969845991481498,0.49678187233098114,0.4969845991481498,-0.11058230245929727,0.8410465583347064,0.8595730036478704,0.8456712361094866,0.8849883489369592,0.2057505551551225,0.8463114570613204,0.8483427644857418,0.8463114570613204,0.8532810988280193,0.8532810988280193,-0.19959576496098927,0.7054748765615448,0.07007523859070489,-0.6662798361103788,-0.6622157341753597,-0.6632030937558195,-0.14585921465863716,0.050530935757609134,-0.17272320940416655,-0.1631055896207817,-0.5570601679585964,-0.3801060255926542,-0.8703528905171143,-0.5766256062589705,0.07914296441005633,0.08050636700752774,-0.6100766545430037,-0.5914841184200261,-0.5419094519208139,-0.5894318214476904,-0.8076674724007219,-0.6084003940964544,-0.6107529138742923,-0.6084003940964544,-0.2764542310623864,-0.3552892157068171,-0.3552892157068171,-0.7874761958855027,-0.7874761958855027,0.37391456197664613,0.5912547242858459,0.8166181622208699,0.8013207306840989,0.7451775149190849,-0.3880748128310265,0.6359805110487837,0.6982692082120286,0.698425606251601,0.6982692082120286,0.09877061717889812],[0.9755906737776561,0.9669650281823833,0.49530716285870835,0.9734875883061206,0.9649869418507346,0.9755906737776561,0.9579948007102612,0.950841171345846,0.950841171345846,0.9568934270762255,1.0,0.9388657200106371,0.9580175094931264,0.9580320497918016,0.9577143202905819,0.6918500328003594,0.6210821093617488,-0.025817414723097645,0.9627329644220559,0.9627114653026947,0.9581410970720587,0.9581332246661212,0.07485168733006109,0.7275504913899975,0.9596793174560103,0.9596793174560103,0.9598675743666735,0.874417063413926,0.221848281709987,-0.07883443227752517,0.9654481243578986,0.9655584584241975,0.18306696807435302,0.10518249338755634,0.966588842945427,0.9668480174423013,0.8743645749468637,-0.40527181767136,0.9481529411237783,0.9657341252125891,0.6734091725929744,-0.04740894956720009,0.9677794728024125,0.9677466359767,0.9677794728024125,0.7999620292814849,0.41243491559297313,0.7985022932583727,0.8812546538838829,0.8409580383655051,-0.5355519295177119,-0.6833659320563549,-0.2678397226557416,0.8815107208142668,0.008956525488981818,0.9132091896427191,0.9132729834761425,0.9333771715268826,0.9637426065802981,0.8795294680006632,0.8786631869051437,0.9006901862068268,0.8823987413690405,0.8937627118292393,0.8944472503056904,0.8937627118292393,0.8322076430036387,0.81381716569361,0.8156455617715062,0.81381716569361,0.8760013266267898,0.8927156221603003,0.8743834882090403,0.8750390001919472,0.8743834882090403,0.6728646944338768,0.5982262608240907,0.6737429811880236,-0.350118501981456,0.6946929447753546,0.7113327470692217,0.7138410673711811,0.7113327470692217,-0.27140712973285713,0.8797983577469317,0.9346453928449718,0.8950828306656918,0.8925628725503926,0.06223705381655729,0.8731518981833472,0.8742843353056631,0.8731518981833472,0.8827717330617503,0.8827717330617503,0.0350096004421684,0.3791512700916869,-0.09832443341573797,-0.5927357924671629,-0.41991524015817006,-0.42198068395883687,0.002580648452329647,0.4138515866557938,0.05827045753972779,-0.11334433801021371,-0.46474313749041013,-0.04818526157916893,-0.80192567264824,-0.20996771028411562,0.2990622153779553,0.29858982388307914,-0.3871390346453349,-0.4352838148704799,-0.34705392987443207,-0.3559741155134937,-0.6720856351649714,-0.367306680425098,-0.3696735969398741,-0.367306680425098,-0.08452282378896495,-0.3931151677916447,-0.3931151677916447,-0.5392651462976333,-0.5392651462976333,0.540545080221124,0.6580995081728911,0.7551871543446916,0.6812766765832826,0.824374669938167,-0.48006169820552397,0.38930249933889616,0.5461161179930282,0.5463939071997811,0.5461161179930282,-0.20528546111781473],[0.9857369991767868,0.9842892447336906,0.996166674051398,0.9895698889269465,0.9962390605034878,0.9857369991767868,0.9996640687009145,0.9986341548973049,0.9986341548973049,0.9996244589517974,0.9388657200106371,1.0,0.9996623535883318,0.9996582217819007,0.9996245460481373,0.5236083850659257,0.4398350516334255,-0.4619261522220163,0.9997888421479407,0.9997921706948444,0.9996682801430814,0.9996682050708346,-0.19504806582826745,0.9691409059863808,0.993972179752344,0.993972179752344,0.9939516303739785,0.9920803826638345,0.14707383766988844,0.12845296676243487,0.99071399811414,0.9907613314367854,0.9599295639959737,0.09126642295263392,0.998930980794734,0.9988810290237556,0.9987390798361376,0.9993213969518306,0.9993524630442515,0.9989671777232223,0.4795316422571834,-0.47093485069905455,0.9986831833204398,0.9986924161891739,0.9986831833204398,0.900018407078886,0.45648659374776007,0.9253420762045746,0.9033971113776145,0.7203109464145286,-0.48022409868906196,-0.6287757075680036,0.7990976538678335,0.8249140339411425,-0.3298069834961022,0.9252946726542192,0.9255155551186076,0.9660012510874125,0.9929223059300185,0.8849546110361227,0.892857400598998,0.8668527208248222,0.8682747912245636,0.8741966943992746,0.8749421811592604,0.8741966943992746,0.7363410940385634,0.6986488395588719,0.7010304819318218,0.6986488395588719,0.8921291862670104,0.8992159096745018,0.891144235385684,0.8923570017074757,0.891144235385684,0.4344982325181212,0.3660652440082165,0.48069787929140717,0.5913678457357794,0.4824978667010782,0.5163504284303844,0.5184975818648975,0.5163504284303844,-0.3807816888891331,0.8231588965337148,0.8637901561248513,0.8480709733291231,0.8922727190342943,-0.2598432115742975,0.8175160555959825,0.8179415996292116,0.8175160555959825,0.8291492307226974,0.8291492307226974,-0.2539690935587998,0.6972277499648852,-0.3780805551799064,-0.759570255541025,-0.5374126825958424,-0.5398213187201907,-0.392345569310271,0.20222492957557403,-0.28607875865103477,-0.49103596940999067,-0.7114104319429625,-0.3730433007838158,-0.6034226305398802,-0.44080404787449406,0.07375463377449802,0.07079812030940137,-0.559220929422171,-0.5275794673296765,-0.547688154072189,-0.5828950151243599,-0.5765082566393575,-0.5509337584629075,-0.5541915354332754,-0.5509337584629075,-0.42190045795419145,-0.609340885643319,-0.609340885643319,-0.6103916603645356,-0.6103916603645356,0.36927811398754873,0.3425388632522586,0.46947164283830845,0.5598488320271526,0.5353252120490589,-0.5645483126148234,0.29594488343080705,0.29566015819118324,0.295816237359036,0.29566015819118324,0.21469719289459815],[0.9919503149899289,0.9826554567476451,0.6143147386269745,0.9933291966309862,0.9971215238103893,0.9919503149899289,0.9999964959406792,0.998185167464464,0.998185167464464,0.9999710852305698,0.9580175094931264,0.9996623535883318,1.0,0.9999899832775426,0.9999949119448115,0.9158839088160033,0.9007927861118843,0.30165613509686323,0.9998565883155096,0.9998566675869527,0.989535628901581,0.9999972499214612,0.3555931804776291,0.7159202110203604,0.9905596704302798,0.9905596704302798,0.98614439063122,0.9898374219597446,0.27631408686576664,-0.15987670193528258,0.991653833413963,0.9914959124975478,0.2012275995413428,-0.21839490665611855,0.9993314278171556,0.9994396443579064,0.4071812331123451,-0.3157032350021259,0.9989497678354559,0.999396399740056,0.9044432589553073,0.2811830816744568,0.9393092326212547,0.9990747859704419,0.9393092326212547,0.9066651256371488,0.6144404421559176,0.9297631942441517,0.9064598130203928,0.7201378697165342,0.408690972716461,-0.10509961140831656,-0.20198881596516616,0.9263316678596685,0.36027938236617657,0.9676210255455843,0.9619970320792345,0.9783535389647573,0.9957820666654782,-0.04975523503941829,0.8626136697260968,0.8252880318857252,0.8720442593178696,0.8195139464212963,0.783422184034496,0.8195139464212963,0.7976496414315098,0.787223879058073,0.7788798281664685,0.787223879058073,0.8630187414673155,0.36270269801953575,0.5714388277132088,0.6398306987692405,0.5714388277132088,0.5844784748331372,-0.3495528638214013,0.5525287498599222,-0.6382857835612376,0.47592605557025053,-0.10359354955334613,0.41945578126099176,-0.10359354955334613,-0.1533200333946717,0.8405632655710468,0.8597979302344502,0.8454088007228044,0.75853368457168,0.2867478545468506,0.8408752287947886,0.8423661500507653,0.8408752287947886,0.7550267307331897,0.7550267307331897,-0.19769615083803263,0.7040891307249745,0.24708241126001326,-0.6541705038294565,-0.6250054039586684,-0.6280703791484048,-0.14238290391344102,0.04728257398645749,0.3376126811276947,0.021408814563565977,-0.5143843322651995,0.070641990405214,-0.8275445141071913,-0.1557086681143495,0.08021222076744847,0.08118740072584298,-0.6083808341185112,-0.5951786903200668,-0.08556339847717956,-0.5875990427197981,-0.8372251160272542,-0.3747625598142274,-0.2058831784065545,-0.3747625598142274,-0.27384989884468725,-0.35180787835701344,-0.35180787835701344,-0.829765381126902,-0.829765381126902,0.3738311853377646,0.5927650236163369,0.5046483178863831,0.804383627943492,0.7468512104103441,-0.36013680233746875,0.06482210406986985,0.7539243930503516,0.7727941685780549,0.7539243930503516,-0.13742780431272617],[0.99238649441049,0.9825790174511827,0.6031589465814865,0.9940763017177724,0.9972007201685078,0.99238649441049,0.9999861865287956,0.999385271717731,0.999385271717731,0.9999699822724398,0.9580320497918016,0.9996582217819007,0.9999899832775426,1.0,0.9999872472614478,0.8769715744469738,0.8308390746620431,0.30377829565641884,0.9998798737361835,0.9998804634303226,0.9895272629488159,0.9999871331022598,0.3591057268072385,0.7113743384143226,0.9935886669624903,0.9935886669624903,0.9935501857366621,0.9897380595672866,0.2725659884204372,-0.16028736178601471,0.991805895392951,0.9918139611183046,0.22589531467476145,-0.21762660651043944,0.9995050278228429,0.9994403556426131,0.8358863766868858,-0.4101327217557062,0.9989454596192917,0.9994015249413296,0.8647976402341228,0.2833457870643933,0.9993922946377326,0.9993967646896471,0.9993922946377326,0.9067461888647873,0.6145971017555919,0.9293899564130559,0.9058766337034367,0.7195824361947937,0.288803837015281,-0.2769795776746776,0.09177271737267477,0.9262650947174733,0.36114640471770887,0.9643259441619956,0.9620243645138049,0.9768026302081564,0.996020151234011,0.8843153520631575,0.8616086333970353,0.8982312413093874,0.8718974725565206,0.8973133102553738,0.8981922894624645,0.8973133102553738,0.7966969459270231,0.8622922267039422,0.8637860315226079,0.8622922267039422,0.8627401155916349,0.7519675729838877,0.8574077523516863,0.8590899330369626,0.8574077523516863,0.5838502516706253,0.4292676826222694,0.551070025596492,-0.6438810013283938,0.47434089736693247,0.4853864308225712,0.48658185213891453,0.4853864308225712,-0.15509376400855723,0.840291138815452,0.8593321516915363,0.8448085801505845,0.8915212728689279,0.2894824242691021,0.8407144494195153,0.8425238522063676,0.8407144494195153,0.8522004022628834,0.8522004022628834,-0.1981410539865779,0.703986497879417,0.1691519792791323,-0.6527856915329673,-0.6246354764003426,-0.6275265739394026,-0.1422967823449566,0.04633363739784547,0.11570375946997087,0.023104256141237994,-0.5125230981987927,-0.1155867373286301,-0.8398292834976105,-0.37726086840112266,0.07951229608133499,0.08091664804483831,-0.60843911712311,-0.594511875544161,-0.3793918932609142,-0.5873687442810676,-0.8311643444114024,-0.49525531171304243,-0.4909235522249984,-0.49525531171304243,-0.27363593629883054,-0.351995882352837,-0.351995882352837,-0.8221046883049545,-0.8221046883049545,0.3733130652452474,0.5930460695627223,0.8260868010034457,0.808681617850253,0.7474883537862412,-0.3595185024601297,0.7045786200743286,0.744247832756805,0.744327403046548,0.744247832756805,-0.10539127186174498],[0.9920075292153333,0.9824861352255959,0.6145673662976413,0.9933616289638917,0.9971508030215586,0.9920075292153333,0.9999931982636082,0.9991130452316376,0.9991130452316376,0.9999751474243223,0.9577143202905819,0.9996245460481373,0.9999949119448115,0.9999872472614478,1.0,0.9106991217819195,0.8756137470325757,0.30175517994388873,0.9998592668075322,0.9998592507188442,0.9896755286174191,0.99999485630262,0.35623794175709184,0.7157849426304512,0.9938641117216704,0.9938641117216704,0.9937651597947684,0.989747702180839,0.27656826858230593,-0.1599157727095124,0.9924465634113305,0.9924917401588917,0.20196271612046016,-0.21823102290678892,0.9993781866353512,0.9994381380850197,0.40619296016133566,-0.3149037047027671,0.9988996600675474,0.9993988817537462,0.903221799983456,0.2813054530058547,0.9388435285935963,0.9991269514524839,0.9388435285935963,0.9069179882186382,0.6151095324633492,0.9300263323355318,0.9067319287007224,0.7198716152651186,0.41005025340559,-0.10356475955720187,-0.20219379195004916,0.9266880754277198,0.36053727530900304,0.9680156237618414,0.9623156161687868,0.9786228515265933,0.9958177529141251,-0.05074917912095076,0.8628990481047404,0.8252136685479959,0.8722884592094635,0.8194759611759235,0.7830048433061965,0.8194759611759235,0.7978509835290144,0.7871779463062535,0.7792655588279265,0.7871779463062535,0.8633472792375655,0.3620474380334623,0.5709569629247135,0.6398516063529407,0.5709569629247135,0.5843464226663296,-0.35069030233738663,0.552474778471559,-0.6384416061700272,0.47558109068241444,-0.10456621142549388,0.41912414118823244,-0.10456621142549388,-0.15326647444528604,0.8407061187199718,0.859527337174474,0.8455458893843713,0.7500763887409865,0.28709873893336507,0.8409925753399644,0.8424732806118184,0.8409925753399644,0.7548484419836139,0.7548484419836139,-0.1991215700996415,0.7048624078223293,0.2475681145166359,-0.654174443894431,-0.6253650312822788,-0.6284342669953868,-0.1435043779585634,0.04610540244941466,0.33791614899145017,0.02097609835156138,-0.5146307510935063,0.07072101240082394,-0.8267294022369645,-0.15555337651106457,0.07924775734885067,0.08021887698069137,-0.6089757131434346,-0.595399769967959,-0.08499846407696318,-0.588794193920498,-0.8372208115468709,-0.37470142018481406,-0.2053397059724512,-0.37470142018481406,-0.27476544720792956,-0.3522637261592478,-0.3522637261592478,-0.8300987159801692,-0.8300987159801692,0.37397594691332553,0.5924147788913132,0.5041360540216487,0.8048096226009374,0.7462754403297933,-0.35969480013035754,0.06417239715373144,0.7543180784551399,0.7733903006817465,0.7543180784551399,-0.13711591091643682],[0.8709808257808695,0.4477075852536484,0.48161479119716527,0.8705929607961289,0.815870903031182,0.8709808257808695,0.915913327825758,0.9137906898247775,0.9137906898247775,0.8404282540581897,0.6918500328003594,0.5236083850659257,0.9158839088160033,0.8769715744469738,0.9106991217819195,1.0,0.99522634498835,0.4059105279237681,0.8993975274628891,0.899393920204528,0.8555008783316401,0.9101067574438308,0.3262174258025606,0.5248873145145823,0.9018622736972041,0.9018622736972041,0.8901699753299989,0.15683844984027426,0.1896616830041407,-0.19226156819981638,0.9266002258616194,0.9251618063476527,0.15020938899721606,-0.26014092571963837,0.9136873886474056,0.8543112162725645,0.3087196876319102,-0.3200150491388632,0.5375840300709969,0.8352802754464932,0.9984507082219121,0.387577891626968,0.8417224291091567,0.9135008000979117,0.8417224291091567,0.49800571766078494,0.5836535835295129,0.15939086579415848,0.14613814236731515,0.3517350641114481,0.40943282887426086,-0.06633777652660257,-0.21002764439649838,0.825088914986836,0.4049578482302672,0.9032609521820597,0.8396917601644343,0.8900801156527516,0.9048280721842642,-0.09413165706157015,0.4483847216497349,0.7002801195495176,0.6461857356013003,0.6924845643532893,0.7081859927145161,0.6924845643532893,0.537913314