var element=document.getElementById("correlationAdjClose");if(element.style.display!='none'){var correlationAdjClose={"data":[{"type":"heatmap","z":[[1.0,0.9999929139024206,0.9853726255909607,0.9999260418694876,0.999046591479714,0.9861974950422817,0.9977908418593159,0.9958503080150566,0.9691183251706714,0.9961807103402851,0.9941287621391446,0.9936054389229639,0.9959764138397827,0.9960080242724354,0.9958983360705894,0.9975175753065746,0.9977875427375451,0.9983079977485347,0.9965266324589112,0.9965375256101872,0.9965920475021885,0.995930314411254,0.986411079362761,0.970819195178402,0.9893107967448135,0.9557830629082452,0.9882635788628711,0.9862782822758169,0.9664624487915265,0.9496119028985379,0.9931548251351191,0.9941613123556994,0.9922964820991063,0.97720338245429,0.9976989259196322,0.997947992589551,0.9974370133720296,0.9960335563673395,0.9956189752036575,0.9978296890426097,0.9987358708673683,0.9987793465120465,0.997651795436425,0.9976614842685532,0.9766821399921327,0.9139699680233782,0.9479194623233026,0.9154392920936336,0.9165408799242789,0.8972314497657832,0.96399938649521,0.9468033216442697,0.9655926716597562,0.9652636837871398,0.9559883944945955,0.9848295339679125,0.9817823014078366,0.9903016312798693,0.9944961019709154,0.9860299718038746,0.9811893569659327,0.9876505829249624,0.9855727868261948,0.9882259563733391,0.9880216088634958,0.9650280078531733,0.9726089074572776,0.9744692400726312,0.9741395613630541,0.9508207143041759,0.9791883095506139,0.9766890382556858,0.9841846922637247,0.9834205347849809,0.9409670045260662,0.879799208251107,0.8462851894247462,0.8964497381674194,0.9166951328873847,0.9132827739465895,0.9146468816283475,0.9132774568551446,0.673010425204144,-0.5648421329564641,0.9798459431750328,0.9742147933904889,0.9708699725345706,0.9867875453174941,0.9737790008331914,0.9838652015351805,0.9838271771080027,0.9488802228558153,0.9839872588810623,0.9522542165680464,0.7467546498388723,0.8944672614841135,0.9241027232164174,0.7840960792617933,0.9474806749848812,0.9483160892665493,0.898125414076446,0.9629411311803197,0.896132614490769,0.6172535848888461,0.7172540849394663,0.9028537861428029,0.8687707045464151,0.8937997022920704,0.972553659425055,0.9727388454724092,0.7788010942557987,0.7253500179701031,0.8249178618273116,0.39262683610668203,0.7995134991075266,0.8292247436776696,0.824445219048767,0.8150812311794778,0.7697238756668525,0.7480546069189519,0.7299418238740085,-0.2611560800703716,-0.39983197442322316,0.6580588660001588,0.8956192652661866,0.9388533647497678,0.94495998239968,0.9134047927130136,0.8274521545647424,0.9119612388126053,0.9321767387567643,0.9320339081103722,0.8666280118357151,-0.1855032043748513],[0.9999929139024206,1.0,0.9866166617326925,0.9998141065973151,0.9980472484827168,0.9900709768592116,0.9941447124514651,0.9908240480739965,0.9831271709775478,0.9908467150980044,0.9908489087454968,0.9928145113328746,0.9910034733899288,0.9908445878264385,0.9909146657243043,0.9933685612426197,0.9962915793720004,0.9958968264294381,0.9936162001075132,0.9936167574885184,0.9909087561168044,0.9909584848815728,0.990595865317555,0.9701812104901317,0.9873289281169076,0.9799171619569097,0.9871667519105913,0.98616552612007,0.9783538055543843,0.9281730958726316,0.9881318852932893,0.9853771588110879,0.9791463128172103,0.9279779120587855,0.9953915420848054,0.9952669633341218,0.9955199165346683,0.9915725841469262,0.9949358730841424,0.9955216995387968,0.9969239684519476,0.9970424412379173,0.9954978388286448,0.9955054712623803,0.9886825667670552,0.9137820892292978,0.8840192924812901,0.9152923613981956,0.9166914749249018,0.8971990700640385,0.8733169819805161,0.9180884838105228,0.8764113553834317,0.9036881626457965,0.8727003552251894,0.953987428879374,0.9539456773142844,0.9649022058832684,0.983479220220569,0.9798086408869776,0.9826965931112563,0.9779451271598509,0.9778127091460461,0.9800739184240918,0.9799967992225264,0.9471300666265569,0.9564188655010815,0.9303308109428183,0.930244449487546,0.8514298336837046,0.9759407957224578,0.97775486823155,0.9779606833899197,0.9775126517380146,0.94602578733664,0.7270413018205967,0.6776720076080718,0.8023180298413989,0.8773209366472277,0.8219890833769157,0.8504889073865113,0.8490508436571004,0.679248475353682,-0.2442345754085349,0.9660162543574677,0.971100698329074,0.9657997027499895,0.98049772880674,0.9637220888419246,0.9696149531371532,0.9689004199961883,0.9226608435926659,0.9718835684946521,0.9267674322828037,0.6431795245582634,0.8937625766649869,0.891286571806329,0.41400677043777273,0.7984569018882053,0.8039285954603357,0.7207148121945987,0.9637350004752797,0.6926689238520067,-0.2721876026424539,0.1882701793228642,0.7209083016798561,0.6679231333841024,0.7130173128434085,0.9652963075684259,0.9652222403475768,0.07974850862875889,0.24910885389895834,0.08577233981173572,0.058068634784843726,0.07988229485573092,0.09551144718984136,0.09192736528134961,0.015373065561469418,0.45130581973885886,0.18345642489093858,0.13286024812072306,-0.441839186773908,-0.4835304846741515,0.6581319645347574,0.7508127455992172,0.7751951210038007,0.8336823334663256,0.8241907852812043,0.5595310453974143,0.7437918874481729,0.769701620547298,0.7684512464504372,0.41974934455443924,0.1860994471610892],[0.9853726255909607,0.9866166617326925,1.0,0.9867846066720817,0.9932005632863439,0.9909256668416655,0.990386900241249,0.9909510653647031,0.9901631589133701,0.9937843385620714,0.9978500022927284,0.9969493109731418,0.9908311423450056,0.993187312352727,0.9910103588630058,0.9904036691464748,0.9910140703347109,0.9904992960788481,0.9896415394344732,0.9896179345912723,0.9926282605997758,0.9908450215928967,0.9944604233045424,0.9821887266646895,0.9912739982581527,0.9793826234430669,0.9917687512437527,0.9855199820954703,0.9847715395890568,0.9556962945776863,0.9708736039773199,0.9748676274631864,0.9779779042706742,0.9537460861774796,0.9876895105138828,0.990810858477584,0.9891477581587969,0.9927201358673509,0.9951325600297745,0.9915812835698926,0.9854809563165814,0.9881761900132092,0.9880005396145111,0.987377548615199,0.991467067360445,0.9114039577595785,0.9316385859998373,0.9334698639951857,0.9102201048853463,0.8478456977581915,0.9231269872642159,0.9018934746843806,0.9255926048031801,0.9258060315781608,0.9125561220987388,0.9508832316564699,0.958944144775761,0.966905259506761,0.9790110512111402,0.936434233023962,0.9590937875369439,0.9597156184262018,0.9664310346878301,0.9600581417824414,0.9343677958703623,0.913404196641303,0.9391637366875308,0.9310341812741872,0.9129526183309636,0.8822369778822006,0.9666179301603425,0.9446447792921661,0.9598958577551959,0.938662961895149,0.8061631570272599,0.8296493283602723,0.7515689227036422,0.8492608278485254,0.8831102084559187,0.8833042714823001,0.8516979724684064,0.8659241582997556,0.3626334900214238,-0.5589025464878352,0.9552933267038248,0.9379776315767764,0.9388362224412421,0.9366421295337519,0.9495751144558116,0.9586356755831248,0.9582163773949848,0.926150078088158,0.9541362949998455,0.8632930187960507,0.7260333416058173,0.9458838455351669,0.9452951965973082,0.7539683021928735,0.9326297012781297,0.9344796939358733,0.8713039068663044,0.9798965372881591,0.777510612170959,0.5228555141973033,0.6589433631702902,0.7973111662516904,0.7951938943564069,0.7785837619153744,0.9828473076210261,0.9828983480899889,0.7046234746859945,0.6667622961969005,0.7119258021238407,0.3324308755283899,0.6974083754396939,0.7126917574578927,0.7289710031511072,0.7102161727058033,0.728410278827018,0.679153891001211,0.6595654925982843,-0.3278668587704776,-0.46625010100314956,0.6214363227421164,0.8565808278187087,0.8874167665263903,0.8911932474919506,0.8861661420375961,0.7588635372148741,0.8628295614702748,0.8762450256404637,0.8838812202840912,0.7368775036042532,-0.10765822816025546],[0.9999260418694876,0.9998141065973151,0.9867846066720817,1.0,0.9993151145429684,0.9872850441081611,0.9980729255967931,0.9963178115394092,0.9714044150661043,0.9967022482088305,0.9949227827113659,0.9946905651655256,0.9964258665445974,0.9965513452108276,0.9963649127750426,0.9978227489413684,0.9981401486185748,0.9986027960051743,0.9969361943409976,0.9969445798341326,0.9970379118839593,0.9963840767729766,0.9876785852330127,0.9722199366861406,0.9903364340515146,0.9584618591693083,0.9893984387532945,0.9880473791896278,0.9685421780993808,0.9508849173998457,0.9925220787468066,0.9937198805267276,0.9923285109071869,0.9768382963898501,0.9978145678856158,0.9981852543757052,0.9977003825587705,0.9965403579486227,0.9961921624799459,0.9981019031132069,0.9986518117406826,0.9988852843234418,0.9977612401005009,0.9977681330721644,0.9785375622780276,0.9098267024223197,0.9456849772225864,0.9161300275101175,0.9148717699505702,0.8896655046601523,0.9610339839208265,0.943417092818953,0.9625272996805833,0.9626607553076277,0.9531100899255348,0.9827229222698023,0.9802382458981043,0.9894483334974113,0.9943628236094546,0.9844912407762114,0.979920904694619,0.9862920587416698,0.9849006311247698,0.9867867955306878,0.9865754598281636,0.9537826376362647,0.9712488323639548,0.9728899299255444,0.9725575828960433,0.9451171907132234,0.9786759633049503,0.9735890879899146,0.9826381204633285,0.9818358858163027,0.9179158728168485,0.8780620899843612,0.8420823269904997,0.8945081076535223,0.9136255558706814,0.9126640175786656,0.9120121755598128,0.9106915964875852,0.5760223155923228,-0.5645579108840634,0.978899023383634,0.9727181742395374,0.9692252030190539,0.9852518694899879,0.972894089500859,0.982994936390066,0.9829510137619231,0.9482503803720544,0.9824359683305607,0.935250019969211,0.7511277488644612,0.9008632861246902,0.9283476642641513,0.7857588988421879,0.9488363494855833,0.9497023818039009,0.8977022114165916,0.9642902927867737,0.8899476768049195,0.6136546771999222,0.7154479894821931,0.8973184502390805,0.8651124423472374,0.887989210333054,0.9734891930832679,0.9736820386144747,0.7775859668226982,0.7255506234079838,0.8169297501895223,0.3945273980025158,0.7937363932287818,0.8209553641186537,0.8161022870199233,0.8096706014631487,0.7722101464782279,0.7479465578797487,0.7299118728849727,-0.2565374105691922,-0.3990881830283805,0.6570003910031377,0.8936483386825609,0.9369398945230042,0.9431053269548286,0.9121309799389791,0.8245850795654704,0.9098913287638135,0.9298571264472073,0.929870342080077,0.8591348113644649,-0.17830598204728282],[0.999046591479714,0.9980472484827168,0.9932005632863439,0.9993151145429684,1.0,0.9901750813988592,0.9990878801953225,0.9984617595598034,0.9841697095266723,0.9984619181975859,0.9980067605418697,0.9980286717631651,0.998496843849168,0.9984949165977568,0.9984948080434434,0.9990227524857226,0.9986081514298272,0.9992741857903571,0.998841364433352,0.9988405310321784,0.9985618046304262,0.9984859960745095,0.9940380041704333,0.9798806688484982,0.9945760544915281,0.9764176017915843,0.9945302998926454,0.9909750586055267,0.9819703797937563,0.9545929820457573,0.9892227371978152,0.9918872290002415,0.9899658814314244,0.9687584256288012,0.9989495880156732,0.998994960121907,0.9990053298193794,0.9985822839207412,0.9986151517935424,0.9989848446616362,0.9989551564708127,0.9991824226819942,0.9989442059213633,0.99894337072215,0.9885087751892451,0.9199031585666941,0.9446549436808314,0.9290273519572748,0.9194620497740722,0.8841884799720183,0.9461415620408972,0.9352310412808313,0.9503130496834145,0.9551539711812056,0.9449684905283693,0.9793934417147468,0.9793425559435974,0.9890742092471936,0.9942687502451313,0.9810350415488321,0.9743515440513999,0.9818172686584146,0.9809738696741236,0.9821626043855588,0.9819131642620806,0.9550694813337393,0.9622321183394275,0.9570051659843454,0.9565883985437702,0.9168663717999518,0.9759295919382209,0.9723855017772485,0.978524002383082,0.977658160693364,0.9378207184427272,0.8561859174405404,0.814985226395501,0.8785820996804742,0.9176560823365674,0.9007940202408201,0.9085328818570568,0.9073420666077423,0.7283207898330923,-0.581334566506605,0.9724424310463295,0.9621895909034762,0.9596336413456948,0.9820268802574409,0.9630660582440231,0.9762406129115508,0.9758303909398116,0.9391382522652475,0.9779822268161531,0.9424170432286602,0.7399372337727335,0.9179173398964869,0.9489778538935307,0.7439747421910367,0.9346827886765926,0.9362930003061988,0.8913669883969717,0.9696752510773158,0.8851973338098866,0.45639468353597257,0.6530731771609464,0.8909085470696476,0.835791899673449,0.8857605954751915,0.977264409386556,0.9774117933418399,0.7395821604753791,0.7078183521710077,0.7435543998280895,0.37124989399197406,0.6892727943504416,0.7488940936906227,0.7439030095926114,0.7061351992577202,0.7577343690204208,0.7318692439622712,0.7129247679366986,-0.4690323915630694,-0.5491309632520072,0.6495593630382446,0.887301491684627,0.9221306169208312,0.9361083483726959,0.9092207980612753,0.8036653812139517,0.8954838360480382,0.9155602502149552,0.9151076622663946,0.7947401633014397,0.03146820725118593],[0.9861974950422817,0.9900709768592116,0.9909256668416655,0.9872850441081611,0.9901750813988592,1.0,0.9858725730178651,0.9864598004993383,0.991665720437012,0.9857825548995816,0.9809275441898231,0.9794887447123699,0.9863578498625932,0.9868312326715976,0.9865281171618526,0.986196905053616,0.9892997487585701,0.9874659030754916,0.9872771947597352,0.9872707592316801,0.9853292359182644,0.9864421972902384,0.9958814569169993,0.9927156754958494,0.98732500193404,0.9851516045445805,0.9874224121236272,0.9753210553541436,0.9871404789857056,0.9719093556598921,0.9659912035168124,0.9711352683277202,0.9802753874945636,0.9686574885812652,0.985651405968267,0.9859364337846988,0.9867770758589113,0.987187397174149,0.9806015223690787,0.9863406404829307,0.9848095364351221,0.9864211107955199,0.985793913723543,0.9857998155488044,0.9955627773250766,0.8683337570447787,0.925690153577761,0.8940150664204994,0.9078755419895036,0.8707091480398834,0.922642580205418,0.9093399589860636,0.9249686213604288,0.9367282576008518,0.9205757662733416,0.9547544543468252,0.9596224224047136,0.9642212208973048,0.9745539844234324,0.9694326681214749,0.9841525126639235,0.97076540377654,0.9828051320466418,0.9704019347975897,0.9698468771281529,0.9733861398309148,0.9653022076343081,0.945492984169798,0.9449680414040126,0.9399673430758729,0.9808494665806704,0.9733499877886654,0.9706821244531975,0.969240281150634,0.9582925371151649,0.8777655955065684,0.8301502791109552,0.8963235584800571,0.9090279704131624,0.9177896286421917,0.8993461688024237,0.8971483767008318,0.6998660494323824,-0.5198169707483307,0.9782980941516694,0.9781475011345159,0.97394615346545,0.9704218461763001,0.969816432476395,0.9774956000222982,0.9771006372961377,0.9636074592080244,0.9668272818820807,0.9625673119978333,0.7512154110605456,0.8718910211656014,0.947745786024954,0.7904609090236311,0.9375598616629331,0.9386780224301323,0.8696010422122616,0.9587760590685954,0.8406611004838327,0.5488396601494822,0.6847011538630583,0.8499029461106052,0.8214475822945413,0.8390029566349979,0.9599646934005212,0.9600399466230389,0.7348854473504189,0.7029804335448969,0.7558044403993518,0.3954957785697588,0.7423240925928939,0.7614065855043969,0.7551349722708922,0.750795538486115,0.7559801464708333,0.7132071284757082,0.6976109094614372,-0.28505401545466386,-0.41486952489025924,0.6721641473507064,0.8687354092840073,0.8865477855568152,0.8975974852059226,0.8817489989474312,0.790271943959203,0.8578135624558185,0.8781818528092677,0.8782786189732565,0.8210654739888157,-0.14738616680319755],[0.9977908418593159,0.9941447124514651,0.990386900241249,0.9980729255967931,0.9990878801953225,0.9858725730178651,1.0,0.9973766547662923,0.9579284051464251,0.9995755869267741,0.9995117188225714,0.9995235545353499,0.9983063409737343,0.9994401663508693,0.9991206247888217,0.9998854753450108,0.9963273745673548,0.9999016722459118,0.9993295559842862,0.9993345687700953,0.9996891377309587,0.9992759761837514,0.9904572181163115,0.9748286357648106,0.9851222060558147,0.9256198370149602,0.9931215473803279,0.9903924785651445,0.972955123605846,0.9485544850098253,0.9917115843897075,0.9917156378607099,0.9935482934702276,0.9743266410187714,0.9989369417073933,0.9998389895683585,0.9996908567704785,0.9994479328745653,0.9997328451093446,0.9998218624959604,0.9984092476768196,0.99971259401787,0.9993429135766261,0.9989744925891306,0.9816152767903236,0.9274595141151374,0.9482166966334573,0.9403255206992759,0.9289397585952733,0.8841683524886286,0.9571247141795495,0.9430060658096453,0.9593491901714751,0.9594332694148409,0.9509051343556048,0.9814326073562825,0.9803101965183446,0.9913218643074739,0.996393156345701,0.9462655480260405,0.9618526387833252,0.9723208744056545,0.9728962284294784,0.9739612303543956,0.9462880299763267,0.9017968410775188,0.9532082611739486,0.959671282697702,0.9373134748498236,0.8906565811088726,0.9660007243560046,0.9377664937710795,0.9666049514883469,0.9466209724150382,0.768414622068973,0.8504733854447991,0.7730812099139263,0.8659487887150681,0.886640018614482,0.891100742140921,0.8697538394680067,0.881980237480618,0.3144545238081953,-0.598357732280253,0.9634599605112826,0.9476056359890158,0.9465918228048567,0.9480634792247394,0.9596618980407249,0.9701831999135206,0.9702264066823132,0.929126679696272,0.966658351880691,0.8431337672793972,0.7350218545696192,0.9184688343859575,0.9280228453713645,0.7744176975000935,0.9469393787245571,0.9479857560083967,0.8943374855467666,0.9690371317388303,0.8319061595778943,0.6043634185294915,0.7068692635916275,0.8545246671061945,0.8447844445108513,0.8360745467138131,0.9773930952166008,0.9775973627324841,0.7665391694513561,0.7049120332871733,0.782148771021224,0.3660637213676531,0.771583491584441,0.7929061124381209,0.7891394427013715,0.7900855375555739,0.754237816645972,0.7372617806304468,0.7174535152199399,-0.2728347107811345,-0.42272438658144557,0.6668243133909619,0.8902364147377867,0.9261561364677056,0.942265949013225,0.913891758874937,0.8241588707019611,0.9106607076484237,0.9314472565106637,0.9301243131928025,0.7758173546341643,-0.14306888134669804],[0.9958503080150566,0.9908240480739965,0.9909510653647031,0.9963178115394092,0.9984617595598034,0.9864598004993383,0.9973766547662923,1.0,0.9690192622783704,0.9999998168122229,0.9999992431493735,0.99971271121539,0.9999970074324855,0.9999919048379228,0.9999980754910641,0.999258615546713,0.9907399000485336,0.9993959543392927,0.9999004899778023,0.9999000747032457,0.9999614367883326,0.9999987079767534,0.9908735320030833,0.9761903180627381,0.9923843185609665,0.9398172165799387,0.9936246545115586,0.9882301013710253,0.9751812498898311,0.9477665068003797,0.9879885974424287,0.9938615629802261,0.9922427078456819,0.9712282926004029,0.9994501622393952,0.9995352866950764,0.9996484979428167,0.9997197291881744,0.999081514990441,0.9994586502269376,0.998103485455044,0.9987115468057985,0.9995203713000221,0.9993811937142204,0.9831978125512454,0.9273771815643773,0.9453220352383102,0.9449658036110191,0.9268975170358907,0.8718679691601631,0.9554333989700058,0.9382678098690396,0.9572715283366259,0.9533561567069928,0.9446107790604837,0.9794034201947104,0.977217455776646,0.9902708205764571,0.9970319126533438,0.941039542192231,0.9571388919052832,0.965436984016431,0.9695248026532074,0.9674959539477538,0.9444671858933189,0.8930834332937239,0.9480355793259306,0.9524936446729296,0.9316503303260589,0.8774331494064853,0.9630010272446539,0.9311750953300024,0.9607865817233903,0.9417579983350193,0.754393905324259,0.8417053887532893,0.7684122117319631,0.8572651384194713,0.8789052655167973,0.8860469247133212,0.8650730292510254,0.874729209399001,0.29575128456221,-0.6032367783543301,0.9588685320777552,0.9400491699533454,0.9398456643897711,0.9460049608900355,0.954541113247556,0.9656751006248151,0.9657088909439389,0.923541413953494,0.9593248118884271,0.8307232587979002,0.7315335089235819,0.9345267570197805,0.9394178593486138,0.7700976375587484,0.9465626410175775,0.9477736426260408,0.8917490484496579,0.9732914259710933,0.8351653169873525,0.590036333461442,0.6978253048571073,0.8557663663367112,0.8416667050699803,0.8385383307194232,0.9800607152095658,0.9802694837604303,0.7572062649323644,0.6967114160205872,0.7836993284596482,0.3526197985086652,0.7663807075356958,0.7884107908870457,0.7897998553788026,0.7844818461696809,0.7475741766883612,0.7312129531375654,0.7107839331847338,-0.28909302896886013,-0.4379737331186873,0.6514096346803434,0.8823151533138897,0.9237342698441986,0.9346258727074899,0.9078971836559274,0.8131098065095617,0.904174184646213,0.9251458391392179,0.9241103173720472,0.7563869019542202,-0.12578899221328987],[0.9691183251706714,0.9831271709775478,0.9901631589133701,0.9714044150661043,0.9841697095266723,0.991665720437012,0.9579284051464251,0.9690192622783704,1.0,0.9839902543965072,0.9879177624770229,0.9898360276274628,0.9727350629274859,0.9810409495144786,0.9776606934132627,0.9754013681252334,0.9487674436690186,0.9800915040469675,0.9783735127798027,0.97833871984092,0.9824605550137226,0.9775444773701417,0.994590875137018,0.9918434037478762,0.9818452817631516,0.9873970894152875,0.9847906187672226,0.9886290529924483,0.9899324654127092,0.9655090302928653,0.9294465115434942,0.9509813962020451,0.9680009316154105,0.9506925443159244,0.97215176624172,0.9803886130007319,0.9772424886550153,0.9796069774772614,0.9878747512177367,0.9814682070501769,0.9678785202774534,0.9771285033393661,0.9729782960389823,0.9719280412050906,0.9988822136151071,0.8862355046318131,0.915617776220278,0.9349015449135908,0.9228427214456995,0.8431190614678413,0.8868467742793633,0.8796967887115305,0.8905013649848498,0.9093002749226702,0.8924980220784939,0.9302747584264587,0.9452721888917215,0.9501833837426391,0.9635667034444265,0.8939817508427561,0.95982971403602,0.9374655210664677,0.9594352810053128,0.9376070679303105,0.8918988692215349,0.8994921824324551,0.9315038567660746,0.9048369737383511,0.8677774328021828,0.8615136807258663,0.9606227787020891,0.9095113616726862,0.9364160639716932,0.8970431402634225,0.7894271518271053,0.8206545441748402,0.7043865755434999,0.8424985178567154,0.8620525863840952,0.875317282552606,0.8240746466182015,0.8425934677565551,0.33609511746964554,-0.5464608286093536,0.9485634703052676,0.9402205370124677,0.9372506662291615,0.8934955496998289,0.9377462203819554,0.9472241369070974,0.9466416102916565,0.927216997218324,0.9312468807860039,0.846000501676279,0.7325970670766454,0.9258427947262983,0.9549091752297937,0.761692460339201,0.9257101512915467,0.9275156307373703,0.8492431215048594,0.9676347780548251,0.7447125621436543,0.48730214485669515,0.6405278955336899,0.7758892146274698,0.7729214246683658,0.7540497932099313,0.9671794440991152,0.9671947077475469,0.6859212254989816,0.655870367769024,0.6779484440842489,0.33985262998833393,0.680074602900975,0.6920524313771589,0.678985513128392,0.6895419310266236,0.7217731233078103,0.6749436988374208,0.6565924600896508,-0.3354953803996113,-0.4703848185108612,0.66841084870598,0.8434353698265461,0.8414672003714775,0.8674080699249949,0.8671609980291813,0.7537635205991199,0.8191441280395542,0.8473982090530034,0.8413666059014563,0.7103382593733011,-0.06692264195878428],[0.9961807103402851,0.9908467150980044,0.9937843385620714,0.9967022482088305,0.9984619181975859,0.9857825548995816,0.9995755869267741,0.9999998168122229,0.9839902543965072,1.0,0.9999990855915708,0.9997182251585768,0.9999984640712204,0.9999905593572846,0.9999975588798377,0.99964308155233,0.99767467514188,0.9993880330814562,0.9998698293859006,0.9998697429401973,0.9999747985696341,0.9999992349392909,0.9935096777611573,0.9775027670909466,0.9957228971464966,0.9737077362135275,0.995823455892405,0.9882047499349338,0.9794862581135388,0.9490049519809768,0.9892057147666236,0.9934625129749388,0.9897906426381213,0.9675936204960778,0.9994560975615333,0.9995245268260977,0.9995342787661791,0.9998126697954235,0.9990964916299356,0.9994664993862692,0.9982721628311751,0.9987463685703819,0.9994570205070461,0.9994517750753723,0.9874014715431645,0.9275027115107188,0.9453585772715097,0.9449383641709467,0.9268816249571628,0.8720255700772552,0.9438826528991188,0.9296995939650607,0.9474446620911638,0.9511837661428602,0.9423017647291473,0.9775756632244647,0.9772501313376004,0.9906419986738269,0.9967916152965407,0.9706208546865875,0.9570355935906173,0.9714779198553248,0.9694694389922338,0.9719096897251133,0.9716206191872926,0.9424416033542565,0.9479485319387726,0.9470553991373303,0.9466922571249015,0.9052001904369847,0.9629105398659064,0.9624333700062354,0.9683559798920812,0.9672958413595077,0.9241300160721637,0.8417688492859184,0.7945992155652258,0.8570155634646819,0.8999622196700511,0.885703124149489,0.8922806177980039,0.891341818629744,0.6782525035656448,-0.6158278406274472,0.9588082337692713,0.9400678855900515,0.9398710941778374,0.9718543931957028,0.949492566665685,0.9652148355331902,0.9647824165216996,0.9241090284103313,0.9672016949858987,0.9277112433248982,0.731557416641832,0.9341479202080089,0.9521323390571,0.7504397114342435,0.9391248820906015,0.940529509916453,0.8918196049101038,0.9723431090938757,0.8929710879095021,0.4922476746502667,0.6710056769838558,0.8986573066459563,0.844238825159181,0.8937629553187368,0.9800083738199102,0.9802543843455263,0.7572737264327911,0.6964386133378194,0.7604816548844641,0.3527617383940451,0.707771008632461,0.7657292379432792,0.7608562865949087,0.7259230685187809,0.7472708435777196,0.7311450259931348,0.7106876124661652,-0.5155753857432256,-0.5965636033961242,0.6512258457808133,0.8824376899935283,0.923541930947372,0.9376376773525639,0.9080571281310963,0.8091787724711954,0.8964576209711863,0.9167684994433147,0.9162199221222815,0.8059751862780937,0.10049855678692413],[0.9941287621391446,0.9908489087454968,0.9978500022927284,0.9949227827113659,0.9980067605418697,0.9809275441898231,0.9995117188225714,0.9999992431493735,0.9879177624770229,0.9999990855915708,1.0,0.9997180971668266,0.9999961661365849,0.9999942649742063,0.9999981350146838,0.9996172441600131,0.9971962546450281,0.999065477974312,0.9997514109538193,0.9997511891285565,0.9999983001694747,0.99999815768325,0.9924295067605793,0.9710167282504311,0.9945537171462402,0.9811223420919417,0.9952123456762169,0.9882216156553078,0.980986799086678,0.939300195757147,0.98739284468545,0.9923746947061578,0.9827103214591236,0.9391274246008547,0.9991717084729529,0.9992338960623385,0.9991621424637847,0.9998839315530557,0.9990768634334904,0.9991730459678368,0.9975621383396763,0.9982384778172597,0.9991364550612067,0.9991334676155679,0.9890622475454268,0.9271864265467056,0.9056812740245995,0.9448675479086122,0.9267504904680791,0.8716424568527781,0.9059618378254491,0.8905783525312705,0.9111271987383298,0.9184005019269345,0.9040458905834128,0.9676377107351191,0.9676044874523918,0.9893795867101607,0.9950413072468238,0.961934929072835,0.9571286845300893,0.9583926034591648,0.9582118882336926,0.9603646069151691,0.9600664872827458,0.9151261631590571,0.936187973065851,0.9105884075044135,0.9100425494042129,0.8247016807861164,0.9596917765038426,0.9664691128944207,0.9622420533757016,0.9610690639644334,0.9124598021709108,0.7545417189009238,0.7081480210634915,0.8074202829258512,0.8711237568846034,0.8332072838136074,0.8521428555270315,0.8505684704784617,0.6659932631987276,-0.4442128465633098,0.9432585603941044,0.9401641567800287,0.9399315109066907,0.9633458258187189,0.9338513921842031,0.9467839387622308,0.9460252250611004,0.8887554933514867,0.9502594246013152,0.8953156377428001,0.7316956047677277,0.9345512873029698,0.9542586380920018,0.6088413971338459,0.8884722692962984,0.891695641939062,0.8449553960229794,0.9835711434338622,0.8323555226768183,0.1609382267650583,0.5128830502069537,0.844938724600812,0.8067573296389677,0.838532251917677,0.9842914672053227,0.9843069046735246,0.4844441702052223,0.5954855618594119,0.4920101400454928,0.3526447990652162,0.454551953170597,0.5054098652955096,0.4939600832014735,0.43019003572590025,0.7332660617028248,0.5751662529226574,0.5339007837243779,-0.48216614384007805,-0.5350616492435958,0.6505542805002388,0.860386853098128,0.8733710038540577,0.9013211436672208,0.9015223586082455,0.6506680303370656,0.83261654467963,0.8646967314059276,0.8638956126902487,0.604861889154922,0.03682270374371186],[0.9936054389229639,0.9928145113328746,0.9969493109731418,0.9946905651655256,0.9980286717631651,0.9794887447123699,0.9995235545353499,0.99971271121539,0.9898360276274628,0.9997182251585768,0.9997180971668266,1.0,0.9997340300682753,0.9997163170204011,0.9997241351019164,0.9996120308628085,0.997833292741081,0.9992816062764277,0.9999642098174517,0.9999638495975743,0.9997230551952123,0.9997298500326264,0.9916673886250924,0.9653084826023605,0.9928932060097697,0.9808076405131944,0.9938214678420821,0.9914850967794094,0.9756967542483099,0.9159159363905058,0.9898248106724276,0.9931768213086141,0.9772572203639988,0.9157952424933133,0.9992970935712236,0.9993544372767161,0.999305388968217,0.9995137366356159,0.9995336058439928,0.9993251789849995,0.9973271055397125,0.9982287438735743,0.9992789722081703,0.9992752424335883,0.9898994937419414,0.9218935651486212,0.8903971281612733,0.9414384210884155,0.9262014466472986,0.8717666376460459,0.8641218545493872,0.9045400068304568,0.8686315638311654,0.8882946787088327,0.8618119212589321,0.9535551522669176,0.9535258495063744,0.97848320477954,0.9939334892785712,0.9600109359134882,0.9616171947176834,0.9532108690533944,0.9550703015628123,0.9567662771083373,0.956598743081085,0.9139525137272522,0.9258930959232778,0.8936175877010176,0.8934654877806911,0.8009534229187062,0.9571565722769858,0.959889921603738,0.9600172138667432,0.9594303140658891,0.9173952183696829,0.679411953883318,0.6264476544885779,0.7561324485718588,0.8386221393579274,0.780570525455276,0.8106700403306388,0.8096443446440866,0.625577719340289,-0.3617922309172167,0.9359717310095178,0.9436046341867849,0.9357292234186525,0.9611376359274901,0.9332288720109448,0.9406985411607915,0.939728346778637,0.8834102555132997,0.9440717166144456,0.8888798643485921,0.6655470701993061,0.931374920532097,0.9256218565841813,0.43437363056035305,0.8141048380309366,0.8198507876079666,0.7219918371450753,0.9756372585555358,0.6971975518898954,-0.21438993192678985,0.2307499070140666,0.7220531536703291,0.6752035516845581,0.7152625291569065,0.9768365394556857,0.9769059197877161,0.1325867419407103,0.2881254149641849,0.13708190180214075,0.10908610114348145,0.12940862043444742,0.14732461114898882,0.14451382283178693,0.06198405314736947,0.4865521938769618,0.21701523742310141,0.16415370084524014,-0.5086233257695146,-0.5494702990314344,0.6512530424936134,0.7486529604631404,0.7730607709087799,0.8343058088943422,0.8268073486172379,0.5457759489467806,0.7397314692170954,0.7678213017561312,0.7666511069069897,0.4174450450266949,0.23279475446524972],[0.9959764138397827,0.9910034733899288,0.9908311423450056,0.9964258665445974,0.998496843849168,0.9863578498625932,0.9983063409737343,0.9999970074324855,0.9727350629274859,0.9999984640712204,0.9999961661365849,0.9997340300682753,1.0,0.9999904394150706,0.9999976701074148,0.9993118254147164,0.9925256373879544,0.9994402560385277,0.99991025263181,0.9999100405429809,0.9999687743706432,0.9999989144360736,0.9907674653509343,0.9760368537465757,0.9930466530102721,0.9447483944779197,0.9935812459009952,0.988376267890826,0.974997636351463,0.9477419148011474,0.9888891208295968,0.9939327315952284,0.9923200859535263,0.9713677130809015,0.9994926650315361,0.9995768361566021,0.9996802495079712,0.9997205662487632,0.9991529391641043,0.9995021378260203,0.9981936691010522,0.9987849651820769,0.9995636049728333,0.9994246586922053,0.9829845930591157,0.9276734026375807,0.9455103462344905,0.9449159763490824,0.9271064502892423,0.8726638586267181,0.9557824119437562,0.9386795409482145,0.9576266588821625,0.9537263388970334,0.9450213435655404,0.9796552126871944,0.9774115565854488,0.9904134300603531,0.9971026627654423,0.9413449833488858,0.9572755040012363,0.9657129748986599,0.9696471194977939,0.9677680904277364,0.9447220138433825,0.8932113095533222,0.9482817748565886,0.9528956277686912,0.9320764706335841,0.8778096286239476,0.9630732307163572,0.9313825473899771,0.9610004118676254,0.942043064691417,0.7544546594491509,0.8421370672837278,0.7689451888540194,0.8576769290708081,0.8792183660259223,0.8862742252604792,0.8654649289025672,0.8751299772508235,0.29602340424903456,-0.603191272188936,0.9590553853592154,0.9403543407680175,0.9401076692544943,0.946246123608547,0.9547445997876237,0.9658735797322728,0.9659088314935996,0.923689002658604,0.9596221855663836,0.830902746106494,0.7316854804479247,0.9338011816804132,0.9388970656422959,0.7702676597500061,0.9466013856420733,0.9478034277830926,0.8920895431380031,0.973132698552297,0.835629945726136,0.5910866098719227,0.6985000897866835,0.856223622129517,0.842197592729652,0.8390008112973543,0.9799848541469343,0.9801935475149343,0.7578449093645461,0.697286641107904,0.7842901102966033,0.3533899227124042,0.7670626898846723,0.7890957724501251,0.7904007923693762,0.7851911147556856,0.7479526328942263,0.7316678431329873,0.7112620117782082,-0.2881110033007089,-0.43709239105032216,0.6519200681268466,0.8828318410861414,0.9241752718841348,0.9351472895869504,0.9083589318696607,0.8136715104092083,0.9047423157945756,0.9257033380326333,0.9246561439455278,0.7570628884656938,-0.1268200839204157],[0.9960080242724354,0.9908445878264385,0.993187312352727,0.9965513452108276,0.9984949165977568,0.9868312326715976,0.9994401663508693,0.9999919048379228,0.9810409495144786,0.9999905593572846,0.9999942649742063,0.9997163170204011,0.9999904394150706,1.0,0.9999944913516932,0.9995171423899527,0.9975901412441428,0.9993932764529058,0.9998934787614546,0.9998923613810613,0.9999490605090985,0.9999905066118323,0.9927759494522116,0.9764279970033232,0.995452048349167,0.9677250248923839,0.9952269439976112,0.9881576168223087,0.9752714595620304,0.9479094335321306,0.9889717531496682,0.9938717331147117,0.9916372280878933,0.9708507975431651,0.9994596255166258,0.999527879946402,0.9995943191721977,0.9998758291443796,0.9991085009579757,0.9994476789953042,0.9980088820651815,0.9986996180313076,0.9994747673242457,0.9994672865415123,0.9854240562469008,0.9276926816320548,0.9452473541157478,0.944804048909968,0.926705758914376,0.8719281671571492,0.9494147081572069,0.9299188410876297,0.951507479371971,0.9530822598281296,0.9443248909910056,0.9777832459408193,0.9770719194807149,0.9895853550586072,0.9971096143058513,0.9708410807624984,0.9567870472791196,0.9714559768319253,0.9694615727659778,0.9724822447491607,0.972183363211892,0.9513091793850296,0.947610145725376,0.9517313820861522,0.9513556693085687,0.922443298696095,0.962939901549169,0.9654600654934606,0.970096158133517,0.968895704242644,0.9340629214555869,0.8413728541786718,0.8033880728457751,0.8567055782496732,0.8909627973468994,0.885775219470275,0.8870726261806201,0.8858211961759307,0.6562923926227551,-0.6036039974809002,0.9588139172604543,0.939947592724474,0.9395943712401893,0.9720781200860218,0.9545796697247155,0.9656337552278504,0.9657242839646302,0.9235562634487781,0.9661993325999761,0.9362087223205765,0.7313226970996595,0.9337880666859525,0.9452027037694581,0.7690874149710205,0.9463925961677186,0.9475263316151578,0.8916941066759619,0.9735081911860739,0.883185203661935,0.5903876525041555,0.6973242090028997,0.8906930235895114,0.8540034380025193,0.8811401451277575,0.9802870437152695,0.9805299206625516,0.7563300093976696,0.6958133378197854,0.79863917623397,0.35267285724897285,0.7700508070653208,0.8032968865166125,0.7977734982642427,0.7828075397561779,0.7473250959586496,0.7297535211689308,0.7093354179328138,-0.3811253587059299,-0.5015201320160405,0.6503965008803104,0.8824502370441272,0.921102223596161,0.9304794864505356,0.9084203670579842,0.8122182041074171,0.8910472502256228,0.9138812593412573,0.9134651379698796,0.8442506490945175,-0.09403149813464526],[0.9958983360705894,0.9909146657243043,0.9910103588630058,0.9963649127750426,0.9984948080434434,0.9865281171618526,0.9991206247888217,0.9999980754910641,0.9776606934132627,0.9999975588798377,0.9999981350146838,0.9997241351019164,0.9999976701074148,0.9999944913516932,1.0,0.999409391426049,0.9967986169440591,0.9994135940821205,0.9999037141248388,0.9999029875643598,0.9999627914265511,0.9999974572615742,0.9909175915819604,0.9762528389639569,0.9948009156126144,0.958980676383257,0.9946141530205477,0.9883200713139877,0.9752342872419147,0.94794548080911,0.9913430831894613,0.9942127082727733,0.9921881347841635,0.971134436149541,0.999463295645419,0.9995377328908097,0.999656749603381,0.9997364778456376,0.9991141647378283,0.9994568782411682,0.9981312463893032,0.998729976788337,0.9995315837834072,0.9993954089521269,0.9831927659660247,0.9274621195552204,0.9453478036908756,0.9449659266550487,0.9270355894253058,0.872212499608521,0.9555221076970274,0.9384154254891558,0.9573939483594137,0.9533078162371728,0.9445315758140879,0.9794359249494112,0.9771657953329417,0.9902415832158905,0.996996561605114,0.9413575774514674,0.9572383230778589,0.9656156182898956,0.9696012496870703,0.9676593327661821,0.9442471933780601,0.8933107092843134,0.9479234291973893,0.952561668273763,0.931879319895426,0.8775693358236546,0.9631545906468558,0.9315480134969808,0.9610048387907026,0.9420917659346415,0.7547625804815498,0.8416803648883808,0.7686909659547747,0.8572853396721042,0.8790843645915365,0.8860410367812265,0.865234636089787,0.874907600523135,0.2961161267495664,-0.6029355266206275,0.9589482073986342,0.9402184020398822,0.9399913436623736,0.9445129098067605,0.9547242136236159,0.9657547626662784,0.9657851295466386,0.9237313823979103,0.9595040840579214,0.8310057728518939,0.7315719793464732,0.934178916142145,0.9393013576866276,0.7700738893602941,0.9464773011319537,0.9476929966655799,0.8915664618481969,0.9733102757524082,0.8352075678100661,0.5898773877865974,0.697714424578127,0.8557857080027806,0.8418053361807076,0.8385776423962618,0.9801061973291749,0.9803117051411425,0.7568016553703615,0.6963438382848774,0.7836874470172809,0.352903154442663,0.7663635964616708,0.7883358983040378,0.789969331143307,0.7843854743559403,0.7474855753454801,0.7304360929757079,0.7100421995602451,-0.28889565210965856,-0.43777214735646525,0.6516846870350398,0.8822275047198197,0.9238699761452981,0.9346795365887045,0.9079438312688057,0.812909941062783,0.9043931847426526,0.9251946233770635,0.9242777937472063,0.7564953559892552,-0.12608175545218425],[0.9975175753065746,0.9933685612426197,0.9904036691464748,0.9978227489413684,0.9990227524857226,0.986196905053616,0.9998854753450108,0.999258615546713,0.9754013681252334,0.99964308155233,0.9996172441600131,0.9996120308628085,0.9993118254147164,0.9995171423899527,0.999409391426049,1.0,0.998263143821801,0.9998347769208643,0.9995061321380909,0.9995113869757317,0.9997446626872586,0.9994910969779063,0.9904473185175503,0.9751466090384332,0.9933219152491752,0.9505837577146352,0.9929551656182791,0.9902719367280369,0.9731531847960176,0.9484285259352221,0.991855389463153,0.9925465700828321,0.9929595624003498,0.9732892512139202,0.9992370226675111,0.9997233610819679,0.9996960502949732,0.9995310134249121,0.9995428867996824,0.9996756602000023,0.9987824844706559,0.9995455590976239,0.999484189564673,0.9992290353152742,0.9816332988295342,0.9262981014110235,0.9477296083778532,0.9405200730602841,0.9275150487493045,0.880285323527944,0.9577907483165531,0.9433928667178694,0.9599693165784688,0.9579600928912259,0.9492807538471247,0.9816278167868614,0.9795132328000565,0.9912996965654582,0.9964635181364939,0.9464594302796091,0.9610721445471051,0.9713180698458757,0.9723333502212079,0.9730643189142948,0.947443664034682,0.9001205491760347,0.951551960768317,0.9585400553678751,0.9374156690078916,0.8875059284639716,0.965729025020623,0.9372013946477719,0.9659838180963656,0.9470070021406952,0.764813241425709,0.8479895047101583,0.7736554303482494,0.8632674510269317,0.8848993432029842,0.8892362996823779,0.869470251030041,0.8809102283987361,0.3089351802926039,-0.5993957823381356,0.9625077476123436,0.9458493801531169,0.9452038019958505,0.9492684839625803,0.9591976619007943,0.9693449620583902,0.9694248076270227,0.9285026855787563,0.9655063832944022,0.8402730785012522,0.7331702017091323,0.9224794081588488,0.9302902751787614,0.7727982826516698,0.9465511637351979,0.9475459104272753,0.8919596010513149,0.9694066905787816,0.8344281492016763,0.6003911078944105,0.7033613835763781,0.855802898529