var element = document.getElementById("correlationAdjClose");

if (element.style.display != 'none') {
    var correlationAdjClose = {"data": [{"type": "heatmap", "z": [[1.0, 0.9999912561624611, 0.9847150580979561, 0.9999224099990779, 0.998916282924778, 0.9881837493129647, 0.9975622401655846, 0.9953755276509683, 0.9956812103461394, 0.9798098947216811, 0.9923883402851138, 0.9955174056113572, 0.9947433046192795, 0.9954287272646877, 0.9955600397938114, 0.9966183622766447, 0.9981118351176107, 0.9961284091502487, 0.9961411334673053, 0.9961907081293917, 0.9954658185109708, 0.9857388825509016, 0.9697304905562765, 0.9881142980942049, 0.9869702193847492, 0.9821693602711848, 0.9641776879502442, 0.9446493210803878, 0.9940006365987256, 0.9945559036845136, 0.9918291425943704, 0.9751294791178047, 0.9974734818478739, 0.9977644483638327, 0.9971607642847942, 0.9955807985647528, 0.9951451319405884, 0.9976293423764114, 0.9976813345490989, 0.998673044842664, 0.9974159671572127, 0.9974272099607643, 0.9766657968791156, 0.9173061337850782, 0.7473195123104013, 0.8999692438266765, 0.903199204972123, 0.8400340997096172, 0.9663568630622678, 0.9448570203346951, 0.9677033011456471, 0.965017639660724, 0.9580035937605429, 0.9856760637833792, 0.9822326310601684, 0.9844331597501086, 0.9779693487647104, 0.9862671551281955, 0.9837154699714564, 0.9868873507728442, 0.9866557728599841, 0.9645354555167414, 0.9681856798925141, 0.9718117367124652, 0.9714600821780246, 0.9455681971204122, 0.975962544810082, 0.9742331483782614, 0.9823839133864934, 0.9815283591835589, 0.9365359850554337, 0.861966996406843, 0.8296301042228328, 0.8809272722373974, 0.906840057500502, 0.9020210427504921, 0.9048629141183478, 0.903454773780874, 0.631740507840815, -0.5711396813570037, 0.9773006269627564, 0.9690503478317901, 0.9655495244405276, 0.985283060740746, 0.9709168945196033, 0.9819817775269213, 0.9819305886011259, 0.9461847329001369, 0.9821685174410859, 0.9501629210385472, 0.6445794706260372, 0.8678030444296666, 0.9158006488159149, 0.7532572341807433, 0.9219203705212863, 0.9417797309780235, 0.816420642796337, 0.9582160514942397, 0.8958594882979775, 0.6436000502161188, 0.7086661722580129, 0.8917952990329339, 0.8645712536617618, 0.888540749245467, 0.9689352393270078, 0.9691476065985561, 0.7383078601547143, 0.7062077600054447, 0.8256912940508422, 0.3421420665893194, 0.7948165550190626, 0.8300261574033584, 0.8165445342917969, 0.8146881330056172, 0.7509283809493712, 0.7423403531007348, 0.7226058118950692, -0.24344248896479984, -0.37950226643775364, 0.6375039200843136, 0.8991259024246755, 0.944211780565047, 0.9485242048649374, 0.9188635885648246, 0.8284682262439977, 0.9157088398735983, 0.9374592758481843, 0.93731126660652, 0.8717806853983113, -0.18945084969867584], [0.9999912561624611, 1.0, 0.9832567355842838, 0.9997738023669789, 0.997614324550817, 0.9905029876278942, 0.993179744092322, 0.9889917333348003, 0.989026878763889, 0.9683956393385211, 0.991371736941731, 0.9892304288258514, 0.9890560201681545, 0.9891043395535263, 0.9891988875168745, 0.9937840531532436, 0.9950900195717087, 0.9923412239380961, 0.992340628743606, 0.9891009851424999, 0.989159409434859, 0.9882351969412607, 0.962734569273646, 0.9846435816629026, 0.9843499646527255, 0.9820062408945309, 0.9731260211517824, 0.9106922366861542, 0.9877900025148629, 0.9841310012423877, 0.9760250532570802, 0.9138246894200143, 0.9947631262490717, 0.9945934171953945, 0.9948784412400421, 0.9901826291001298, 0.9943199766120129, 0.9948697320380865, 0.99516981361857, 0.9965812656706754, 0.9948652696695213, 0.9948735686377159, 0.9864540474567794, 0.9172166619606642, 0.6001619207112935, 0.8999492970721439, 0.9037204511851351, 0.8401910403564622, 0.8718316212314071, 0.9122337684891892, 0.8756347788877396, 0.8960532842902306, 0.8707427845890913, 0.954307549289927, 0.9542107598683266, 0.9747608016170233, 0.9786448966538477, 0.9727237062520955, 0.9723034570943956, 0.9753563524709383, 0.9752690224759435, 0.9372882724433169, 0.9460688602988494, 0.9120342416406673, 0.911937949969257, 0.8097114304294135, 0.9698795166701808, 0.9721626755495582, 0.9724157853052992, 0.9718203511085259, 0.9326838195037679, 0.6563154077820588, 0.5974536088795886, 0.749833667684258, 0.8438271416752878, 0.7730877192734392, 0.8100291107954287, 0.8082835058547225, 0.5921089606742523, -0.2769497980217182, 0.9577564123231903, 0.9645665295333081, 0.9574543423119724, 0.9756548442251151, 0.954632285246092, 0.962306782053952, 0.961384798349831, 0.9052066964411309, 0.9652525364805818, 0.9109220249063995, 0.47235785758778576, 0.8668468367653438, 0.8641364725012586, 0.2695497694242827, 0.6575806526882286, 0.7492735992058187, 0.6407059671952408, 0.9567700450521492, 0.6542142889950144, -0.23760939563393063, 0.142116053181802, 0.6221012297932691, 0.6287432772396847, 0.6759118950171267, 0.9584232709376059, 0.9582725444039947, -0.0797018621801122, 0.158161949241647, 0.0010979017739009562, -0.03153785300005309, -0.0035971109291826966, 0.012992877966544076, -0.019419321374057406, -0.06239945032053156, 0.36366955332833445, 0.1024090704136207, 0.053141029966084205, -0.452614562421571, -0.48732541871714147, 0.6382578792236849, 0.7456641259007928, 0.7700614676750507, 0.8298874224451415, 0.8256317045386923, 0.5394814151544947, 0.7331097941054938, 0.7657084859959276, 0.7643410364848773, 0.4123054011162929, 0.20084317829572942], [0.9847150580979561, 0.9832567355842838, 1.0, 0.986157533403846, 0.9928969365733726, 0.9901563485361522, 0.9906923202537219, 0.9911346970574606, 0.9943863421432485, 0.9553081720136626, 0.9970287646687951, 0.9910308750801154, 0.9929640052696371, 0.9911951471480293, 0.9911180611467137, 0.9917557530281381, 0.9904789265793256, 0.9897294270316864, 0.9896962028457974, 0.9929126857556029, 0.9910645817584367, 0.9936369346333381, 0.9796762259421984, 0.9908605857919435, 0.9912820407839282, 0.980820777257799, 0.9825104454453695, 0.9486118516542122, 0.9728107272886741, 0.9764499777439092, 0.9781700915040056, 0.95056051771795, 0.9879684476453799, 0.991087109453996, 0.989401914994089, 0.9930600248011074, 0.9948509850331704, 0.9921449030487434, 0.9874018006243613, 0.9880960518576379, 0.9882490177221401, 0.9876206374650212, 0.9907207998767613, 0.9170366233987596, 0.6880820417394469, 0.9253393347582857, 0.8965385540881128, 0.7520697163058288, 0.926993145748571, 0.8999864800383471, 0.9291959215684154, 0.9247872540632738, 0.9148755358873105, 0.9527311991392848, 0.959956735024636, 0.9316663909585129, 0.9497804592522755, 0.9547649859048183, 0.9606507742266865, 0.9553359730795065, 0.9295937215754846, 0.8993399370428372, 0.9279217761228535, 0.9247238539018746, 0.9077696387072552, 0.8646910000054768, 0.960461023095241, 0.9384315178907405, 0.9555333582119726, 0.9340417670917324, 0.7762366147614211, 0.8028231063564686, 0.7346760480546011, 0.8241572610251204, 0.867411914363627, 0.8652910782406725, 0.8364992442954279, 0.8503314957202571, 0.30726928712488016, -0.5708462530055918, 0.9472816772731565, 0.9215925591813038, 0.9253137646859074, 0.9320815741986306, 0.9416586922595717, 0.9521080717237167, 0.9517108318417188, 0.913896727502051, 0.9484020928579476, 0.8408314623189568, 0.6169198355640219, 0.9349324255478565, 0.9369013449465722, 0.7129224024414387, 0.9033639875658969, 0.9255838368772966, 0.8019445985590243, 0.9781898006710741, 0.7784588020662169, 0.5511693085670745, 0.6482790557654787, 0.7860287253690215, 0.7902868534420716, 0.7747198586418544, 0.9817926997357811, 0.9818344460805797, 0.6578178548762226, 0.6417361466844053, 0.7138951637509509, 0.27378560229683463, 0.6903889722806255, 0.7116297626940128, 0.7248573406897776, 0.7079369022597077, 0.705251640065496, 0.6693895523231547, 0.6477758498613404, -0.316675107750283, -0.4523020419875045, 0.593614906366645, 0.8592984876490761, 0.8943328277573369, 0.8960387464043341, 0.8921303780355377, 0.7587328004301269, 0.8684473068309545, 0.8828486566831282, 0.891603678508329, 0.7391413234458639, -0.10819178478949647], [0.9999224099990779, 0.9997738023669789, 0.986157533403846, 1.0, 0.9992219872544147, 0.9891511945647222, 0.9978990755508208, 0.9959007401263198, 0.996294157424078, 0.9794640805040308, 0.9937960803711225, 0.9960245142202486, 0.9954601824641816, 0.9959523395244219, 0.9960632858854027, 0.9971395241407666, 0.9984579568256413, 0.99658709435319, 0.9965969661317439, 0.9967142720274088, 0.9959763618186601, 0.9870178585304125, 0.9710716764299356, 0.9892184857204068, 0.9881862105879219, 0.9844730983071589, 0.9662980304691803, 0.945850567775886, 0.9934682027766492, 0.9942130519070982, 0.9919371729110434, 0.9747822045249359, 0.9976331874838581, 0.9980667073760812, 0.99747444309872, 0.9961512899606519, 0.9959285983720845, 0.99797157439056, 0.9977954200784666, 0.9988207444755097, 0.997566980406491, 0.9975750680976277, 0.9785079315850755, 0.9129023392917838, 0.7409039258650355, 0.9007323580676678, 0.9007973813773124, 0.8296332809718069, 0.9634296029474262, 0.9414117125152353, 0.9646663767693292, 0.9623371341528026, 0.9551178163088753, 0.9835961153963517, 0.9806937902267086, 0.9826781615121827, 0.9762788758622298, 0.9847004028642833, 0.9828599931563833, 0.9852407267808914, 0.9850039180050446, 0.9510906190480634, 0.9665171542891912, 0.9700722708301046, 0.9697198498863484, 0.938908300599884, 0.9752873936407873, 0.9706408565604014, 0.9806154383831712, 0.9797179577765026, 0.9092664013107944, 0.8598484966068118, 0.8248199320903353, 0.8785311383430647, 0.9032645744070834, 0.9011264591684648, 0.9018193487993846, 0.9004763756651513, 0.5272692393430308, -0.5711650269801912, 0.9760859451802155, 0.9668954589770072, 0.9633937034387573, 0.983532033379223, 0.9697694507327729, 0.9808941110549647, 0.9808404901295033, 0.9450710129120979, 0.98038007388167, 0.9298724599848831, 0.6501539547455015, 0.8761538586117316, 0.9203478185790942, 0.7548074392727618, 0.9236642719935271, 0.9432676555781541, 0.8167600125059228, 0.9597261457366092, 0.8897191970441346, 0.6403050314505475, 0.706895795332787, 0.8867287408970252, 0.8610357068772257, 0.883144185454591, 0.9700331014974449, 0.9702534534017904, 0.7373545096901922, 0.7065105389079607, 0.8177712409992038, 0.34425780913347614, 0.7892210656433148, 0.821820746975871, 0.8084142132687142, 0.8094152746327793, 0.7538138404319302, 0.7424265678090985, 0.7227605430829463, -0.23882812146580593, -0.3787573458698642, 0.6357965834180571, 0.897230972297182, 0.9424495226123751, 0.9468060196085469, 0.9177601684320872, 0.8256714795581217, 0.9137588816603017, 0.9352765810712151, 0.9352855998320954, 0.8641313829525453, -0.18209129898439477], [0.998916282924778, 0.997614324550817, 0.9928969365733726, 0.9992219872544147, 1.0, 0.9920056051786323, 0.9990506938141395, 0.9983021483591982, 0.9983586625121935, 0.973100839834369, 0.9976806904784735, 0.9983476966251696, 0.9981409203931036, 0.9983363895872214, 0.9984024488939206, 0.9986626187357122, 0.9992045957083223, 0.9987222277146751, 0.9987219108952577, 0.9984212272208666, 0.9983319789270485, 0.9937115208526168, 0.9786728763131431, 0.9938588536664097, 0.9937893784865942, 0.9880377581643082, 0.9803469799010084, 0.9491477559774635, 0.9899796433606065, 0.9924531303052252, 0.9895673431539825, 0.965691996173345, 0.9989416021755309, 0.9989763341751635, 0.998972251622884, 0.9984457522439317, 0.9985329518371924, 0.9990729553816171, 0.9991252999289277, 0.9991383849367932, 0.9989270681131088, 0.9989271440051315, 0.9889106553974152, 0.9225571117999514, 0.7160491373285505, 0.9159063687400409, 0.9048610639850051, 0.8113214879267207, 0.9471483752038051, 0.9293871394187032, 0.9510318751817727, 0.9535944684719224, 0.9459144241897576, 0.9796335769967006, 0.9795819803178136, 0.9785038197427929, 0.9700393112360762, 0.9794894623382782, 0.9783419368655257, 0.9798022321008012, 0.9795091103469366, 0.9526986742847583, 0.9560363620029931, 0.9510302342757351, 0.9505588908973445, 0.9051233438959387, 0.9721575018148346, 0.9687901108889858, 0.9755934161683409, 0.9746143924664522, 0.9315199808669521, 0.8347056812454411, 0.7889886332997207, 0.8602944623444391, 0.9056567650918499, 0.8864109427972376, 0.8952454834568012, 0.8939416967042942, 0.6847482455234324, -0.5937648512284289, 0.9686446200163387, 0.9545012838278547, 0.9522882758167004, 0.9796385862662593, 0.9582685883785229, 0.9730666583603885, 0.9725760739669245, 0.9340562672451368, 0.9750987267370005, 0.9381809108329188, 0.6363800860763082, 0.8975051364839874, 0.9418586440946728, 0.7039117770776641, 0.9014265582418535, 0.9271491829832211, 0.810375937857141, 0.9656928191249358, 0.8796559655527044, 0.4872652394388239, 0.6383469461621384, 0.8671941943499427, 0.8231308378328581, 0.869207173570718, 0.9742998344644228, 0.9744687088451469, 0.6902799028307429, 0.6867283627304716, 0.7343595232382852, 0.3186039144849177, 0.6717400347765389, 0.7402579824207791, 0.7161110807714933, 0.6957453568185882, 0.7373658029575805, 0.7246645383001362, 0.7040204642862299, -0.4612979626927239, -0.5381045305582317, 0.6244109839002357, 0.8897221248490932, 0.9264920335553187, 0.9382210462167582, 0.9138960233926051, 0.801754050779756, 0.8960242599799157, 0.9194786338468475, 0.9190303150462118, 0.797579372455166, 0.03444845170934519], [0.9881837493129647, 0.9905029876278942, 0.9901563485361522, 0.9891511945647222, 0.9920056051786323, 1.0, 0.9884233533348792, 0.9885259405828289, 0.988076367400768, 0.9639473352642096, 0.9795585058138511, 0.9884684439517496, 0.9896420131116745, 0.9885872535092438, 0.9887151123601464, 0.9916194538913725, 0.9897105375019931, 0.9893934163933394, 0.989377059807091, 0.9873905327914858, 0.9885169407477237, 0.9960985828256159, 0.9914456762032371, 0.9884709043487359, 0.988313186045438, 0.9701880103027739, 0.9851139429492518, 0.9669647293010215, 0.9720113952825559, 0.9762502442889985, 0.9841991079443313, 0.9708811028159827, 0.9883501403495031, 0.9885500541533446, 0.9893482185743264, 0.9894093902113104, 0.9819690972009683, 0.9893353936569286, 0.9887626834774847, 0.988956857029038, 0.9884522496054678, 0.9884487797742876, 0.9947662972879961, 0.8755182526089149, 0.7189011201855734, 0.8772294777726077, 0.8989129843732742, 0.8319826122651115, 0.9322114485179732, 0.9116597389376359, 0.934084276065859, 0.9420322372090797, 0.9298014459895437, 0.96131097303793, 0.9658931771744799, 0.9680278091631743, 0.9804503070566142, 0.969139317119326, 0.9810488030389445, 0.9690073473911648, 0.9684342385000715, 0.968281613008424, 0.9598491006263934, 0.943060643480012, 0.9425244609606646, 0.9306725339115085, 0.9785395252190026, 0.9708636696820173, 0.9693841238156946, 0.9677522949592028, 0.9503589584458869, 0.8584566853575958, 0.810521958530696, 0.878931540548177, 0.8974643988938873, 0.9049743102922523, 0.8878909598797383, 0.8857971429272469, 0.6512833250156286, -0.5338395314502821, 0.9749638499793182, 0.9713994899524596, 0.9678974832893329, 0.969144468627224, 0.9656598173407793, 0.9750933790744523, 0.9747348891166271, 0.9559345653843792, 0.9645756567462566, 0.9553441575620456, 0.6520141874325482, 0.8411886735070265, 0.938597922694411, 0.7520632615145927, 0.9137620535140858, 0.9315950000918668, 0.811666631301934, 0.9561375665620102, 0.845816004925128, 0.5871619971063533, 0.6806632075182304, 0.8433682895776169, 0.8213954233063255, 0.8410163507970952, 0.9582890397563549, 0.9583603938902225, 0.6998453142364544, 0.6861040318803918, 0.7618377406580042, 0.34418628992685263, 0.7412386991693632, 0.7676089442899418, 0.753534053688948, 0.7555634998118741, 0.7412608303765952, 0.713255793920407, 0.6957021900119285, -0.2692152187483739, -0.396866124730705, 0.6637158062779362, 0.882756222066877, 0.9008285480924955, 0.9092440972360488, 0.8978195239474279, 0.7996065122549761, 0.8695667990629252, 0.8922426321233549, 0.8923306856484722, 0.8362375584956917, -0.15253915700802234], [0.9975622401655846, 0.993179744092322, 0.9906923202537219, 0.9978990755508208, 0.9990506938141395, 0.9884233533348792, 1.0, 0.9971816473856819, 0.9995348938818188, 0.9726489078957311, 0.9994348897478674, 0.998156491938179, 0.9990751365199398, 0.9990344865356657, 0.9988136649775234, 0.9981788419425582, 0.999902854080033, 0.9992651773214728, 0.9992705506641048, 0.9996556731788524, 0.99923384486011, 0.9907022908873836, 0.974940145695463, 0.9842252052106729, 0.992580473592158, 0.987279272783527, 0.9720820228890776, 0.9443185205301289, 0.9921822532112671, 0.9917996006281298, 0.9930674726624028, 0.971770005683645, 0.9988436875985247, 0.9998211192498759, 0.9996582764716984, 0.9994012968980418, 0.999667159603163, 0.9998519420307508, 0.997941099845512, 0.9996793793228674, 0.9992836855336908, 0.9988958019003913, 0.9830387881918133, 0.9287833819346453, 0.7317710211441677, 0.9291125868755253, 0.9156686390520051, 0.803330437981256, 0.9584679685493527, 0.9408156749757809, 0.9605237185363237, 0.9579643201100706, 0.9515339922207936, 0.9817605926409759, 0.9800003120815705, 0.941219898720555, 0.956248306184183, 0.9693128610423162, 0.9696461239142958, 0.9711077490266242, 0.9414239857127609, 0.8919679359087092, 0.9461807695753202, 0.9555622881800074, 0.9324395010388291, 0.878273275008543, 0.9611980761175322, 0.9311011675639325, 0.9629629193197704, 0.9415747253484534, 0.7398785636776909, 0.8293231834043426, 0.7572904685042662, 0.8467694460228369, 0.873617231216175, 0.8775401841132988, 0.8568303851655792, 0.869298173190435, 0.2621130495159071, -0.6058464646353461, 0.9590453101650955, 0.9379330701856345, 0.9377907461650972, 0.9435012133999195, 0.9553920480235625, 0.9668283286384629, 0.9668752279713212, 0.9243870403257497, 0.9629931215733374, 0.8244634584574048, 0.6315158462271324, 0.8980055207689766, 0.9202992537347682, 0.7436010288626892, 0.9209232719346003, 0.9417311643629213, 0.8109382427767943, 0.9652387032374167, 0.8311384679144016, 0.628324843839808, 0.6968606705832244, 0.8436541872425426, 0.8396229898985272, 0.8295034352742998, 0.9744258385882256, 0.9746588476507094, 0.7234238313764679, 0.6831930890248168, 0.7830406130458911, 0.31375388598672305, 0.7660963288988684, 0.7921849688421825, 0.7825900095885611, 0.7884559398583256, 0.7330617940079496, 0.7293885535719017, 0.7079059178250161, -0.25736861434780983, -0.40450663795265707, 0.6430041614748737, 0.8913411358103904, 0.9295052611962481, 0.9447867717592322, 0.917292805512767, 0.8238135498673386, 0.9134244159743755, 0.9352693720004189, 0.9346985396045072, 0.7748542610880176, -0.14434345648569752], [0.9953755276509683, 0.9889917333348003, 0.9911346970574606, 0.9959007401263198, 0.9983021483591982, 0.9885259405828289, 0.9971816473856819, 1.0, 0.9999844676597354, 0.9667744544686501, 0.9996551386054142, 0.9999969064468848, 0.9996652020918231, 0.9999978859168633, 0.9999819996386533, 0.996528110070068, 0.9993233818068887, 0.9998897122723843, 0.9998892350683527, 0.9999573692270433, 0.9999945193874201, 0.9909280739205805, 0.9759657441143355, 0.9918437414539776, 0.9930857080052083, 0.9844226768295913, 0.9742597087435708, 0.9429819283417088, 0.988466610155277, 0.9942290861865516, 0.9917092544788982, 0.9683923558068187, 0.9994298776553483, 0.9994946641947772, 0.9996176272057307, 0.999691036530072, 0.998812229093612, 0.9994163532007462, 0.9991205873522551, 0.9985686244956337, 0.9994995234938554, 0.9993621398653451, 0.9844977193911969, 0.9289625125221436, 0.718569939684499, 0.9351416856406157, 0.9130994643524482, 0.7820006794035625, 0.9569178088557451, 0.9358792083856312, 0.9585558925829303, 0.9515202948186636, 0.9450177107914713, 0.9797656790116243, 0.9767554719781091, 0.9354861023151346, 0.9503689753989766, 0.9614616511861812, 0.9656294841842378, 0.9637486985387882, 0.9394447074477578, 0.881259290487843, 0.940054401048587, 0.9476250722031536, 0.9263352826880287, 0.8629877905127059, 0.9576069961769845, 0.9236546413682736, 0.9563863751046927, 0.9362333603079163, 0.7233955983649709, 0.8191844557071838, 0.7522384413496416, 0.8366192830340976, 0.8646645206182284, 0.8714319122817501, 0.8515785674450868, 0.8610891249385658, 0.2412774728670304, -0.6116865270611886, 0.9535728796022942, 0.9281993734185837, 0.9294823030885886, 0.9412672997272471, 0.9492725982626661, 0.9614970835853489, 0.9615414118220291, 0.9172059211630388, 0.9546335425560781, 0.809514474019163, 0.6267870404766759, 0.9183449713717391, 0.9328212633683513, 0.7380318815912086, 0.9202117957412624, 0.9413145726202501, 0.8081644119240401, 0.9699622104682046, 0.8349651462579702, 0.6140223726414874, 0.6873499622591257, 0.8449883525053831, 0.836592824125263, 0.832971128904785, 0.9774410487355353, 0.9776788437399396, 0.7132276525595402, 0.6741565505002576, 0.7850695182758968, 0.29878015465438257, 0.7608779924575776, 0.7878533212112744, 0.7839148281675045, 0.7829127021458606, 0.7256517777695569, 0.7229251202832896, 0.7007551419552739, -0.27455879644118664, -0.4207440700773336, 0.6246053880329246, 0.8827847790568815, 0.927255940365332, 0.9370529297475944, 0.9108866112413476, 0.8122914954313225, 0.9068882650177948, 0.9289385008377784, 0.9286246883052253, 0.7544883292875658, -0.12627120142113393], [0.9956812103461394, 0.989026878763889, 0.9943863421432485, 0.996294157424078, 0.9983586625121935, 0.988076367400768, 0.9995348938818188, 0.9999844676597354, 1.0, 0.9660875090715552, 0.9996541283997548, 0.9999815089536866, 0.9998385415061579, 0.9999900580158272, 0.9999964692626754, 0.9989992522565369, 0.9993120206738934, 0.9998274437930431, 0.9998264277949523, 0.9999669872294138, 0.9999824409018334, 0.9938075907154185, 0.9772139570283799, 0.9951285898785206, 0.9952732965886883, 0.9843927069259473, 0.9785102678330241, 0.9440394115071908, 0.9890294276822766, 0.9933295825645556, 0.9887465632716798, 0.9638951134430425, 0.9993533992176961, 0.9994343946076657, 0.9994371443055947, 0.9998403863104368, 0.9988224360780923, 0.9994045452584883, 0.9993449489856209, 0.998577587541879, 0.9993479837991919, 0.9993420635341219, 0.9889196215033891, 0.9291967320699972, 0.7193032653644368, 0.9352474649050486, 0.9133415544241673, 0.7822249846591446, 0.9439628233568523, 0.9245019854756295, 0.9473721880646049, 0.9489562034967206, 0.9422922735754868, 0.9773223669626326, 0.976844958448917, 0.9673418731007738, 0.9507648465854703, 0.9682503874644446, 0.9657009004693708, 0.9686604196250792, 0.968319786302232, 0.9393351888933218, 0.9393073202362265, 0.939897494260179, 0.9394796013885126, 0.8925804167995396, 0.957949775233627, 0.9587100874572101, 0.9649269428907447, 0.9637313843823494, 0.9177625298891594, 0.8184782400909221, 0.766751251041002, 0.8357554360664161, 0.8860898726904856, 0.8697303299704713, 0.8773499121565371, 0.8762979262978138, 0.6298321443167083, -0.6276049131239346, 0.9534953799249076, 0.9282335607062409, 0.9296016853989, 0.9687172889298948, 0.9438187625492468, 0.9610131432802527, 0.9604901912114713, 0.918058126595922, 0.963309239798889, 0.9225129798068878, 0.6250825667596059, 0.9178397012551772, 0.9468122732711659, 0.7130751342857728, 0.9068035847363632, 0.9318656380115157, 0.807266001510024, 0.9686869597582094, 0.886353146546853, 0.5172042533150752, 0.6552901344623551, 0.8745091292835043, 0.8311885936040606, 0.8770509573929127, 0.9773622342123027, 0.9776301118081171, 0.7111316905929473, 0.6711542653844378, 0.7505364945985539, 0.29654603418913833, 0.6898132273853333, 0.7560714774918368, 0.7338982165371155, 0.7144505656614558, 0.7230200079879244, 0.7196932396367153, 0.697474911878732, -0.5107053928163687, -0.5887454930729838, 0.6249732935974918, 0.881712644865514, 0.9260721742541183, 0.9386784623860261, 0.9099609842742012, 0.8074293551447781, 0.8963252648195845, 0.919109341461706, 0.9185453538716487, 0.807209603893923, 0.10781526432871948], [0.9798098947216811, 0.9683956393385211, 0.9553081720136626, 0.9794640805040308, 0.973100839834369, 0.9639473352642096, 0.9726489078957311, 0.9667744544686501, 0.9660875090715552, 1.0, 0.9529701169857456, 0.967163499459633, 0.9660984009589808, 0.9668943406761363, 0.9664477509938811, 0.9677248140351886, 0.9748255089734671, 0.971200397319644, 0.971214232572017, 0.9669462220948735, 0.9670188544362998, 0.966243911915016, 0.9537310953681722, 0.9736058960374913, 0.9715086173969567, 0.8994936043709776, 0.9697384261869051, 0.9526794566252736, 0.9766525860057857, 0.9707943388142143, 0.9708381885551263, 0.937457335776933, 0.9749919810658856, 0.9745670643259905, 0.975013830025988, 0.9673713919398551, 0.9605276991795508, 0.9740110633663387, 0.9747912091327238, 0.977465338004679, 0.9751726919894929, 0.9751905934305127, 0.9561735134469456, 0.8466192862374144, 0.5387791445975405, 0.8017710355850487, 0.8931032316025252, 0.8745353205754848, 0.9027024098016978, 0.8334905378245032, 0.9071543519232284, 0.9174624016761473, 0.9042716559776409, 0.9348891125770065, 0.9347488926786749, 0.9450492115625225, 0.9370340500910072, 0.9550923663929145, 0.9489413443963433, 0.9534988039058446, 0.9535227587719514, 0.9129332902097327, 0.9540359336233064, 0.9396508225678519, 0.9393560076270886, 0.8631276287867606, 0.9368582186591725, 0.9445278564329858, 0.9381543517327461, 0.9370934941475816, 0.8880903941928966, 0.8264395171069702, 0.7838867881470934, 0.8686022260675913, 0.9184490050596971, 0.8911955424178041, 0.9048816430915375, 0.9041784662771171, 0.721899062326228, -0.31846798370969187, 0.9539625825343376, 0.9549957154668196, 0.947109212073484, 0.946783975744954, 0.9321000858049164, 0.955207517786653, 0.9551422181407236, 0.9033422312105205, 0.9571348342803886, 0.9080979458001877, 0.7244600977036649, 0.7062742204835926, 0.869671915545441, 0.6366959526089196, 0.8584086969039191, 0.8937845302216942, 0.8774719767239055, 0.9513116141602799, 0.9067205760009657, 0.40686193802559695, 0.6588210364040548, 0.8991120094614646, 0.8770382942401022, 0.9058251016343863, 0.9515525738090105, 0.9518823440688218, 0.543767787776986, 0.709187670127021, 0.6196983503900688, 0.49008297156516617, 0.5788535141848542, 0.634016825536808, 0.5948442291744446, 0.569372879800376, 0.8121841391154778, 0.6895150285487316, 0.6543162447373648, -0.28706341316959283, -0.33707850825361424, 0.7534256294066822, 0.9176933691324868, 0.9244739784785472, 0.9128922599619788, 0.9426983966697751, 0.6666670768741201, 0.8456461531800689, 0.9108800048140342, 0.9100376146640711, 0.6930549852682564, -0.1643979894435811], [0.9923883402851138, 0.991371736941731, 0.9970287646687951, 0.9937960803711225, 0.9976806904784735, 0.9795585058138511, 0.9994348897478674, 0.9996551386054142, 0.9996541283997548, 0.9529701169857456, 1.0, 0.9996824425035311, 0.9996610830652316, 0.999669094525609, 0.99967550897694, 0.9994368830096871, 0.9991345214509963, 0.9999564565338716, 0.9999559537650585, 0.9996680618444521, 0.9996760517358407, 0.9903650120276446, 0.9586570394101281, 0.9914047394782421, 0.9925176228441841, 0.988707998083313, 0.9710498636457577, 0.8977632770783267, 0.988647441242589, 0.9925021749650472, 0.9730707096843026, 0.8992840166579387, 0.9991676241059997, 0.999234488498231, 0.9991694275406225, 0.9994595212406515, 0.999413622939778, 0.9991925853484028, 0.9990595811811747, 0.997846545587563, 0.999140169057982, 0.9991354754384429, 0.9897686415404654, 0.923166765655004, 0.5639177542593693, 0.9307662817585166, 0.912473242185605, 0.7863481973338882, 0.8568850872770026, 0.8934579501191415, 0.8622936543649302, 0.8755331976520027, 0.8539263109208524, 0.950725257289964, 0.9506546952756996, 0.951606351197842, 0.9538796693506668, 0.9435951696103625, 0.9455635497838023, 0.9479334468269099, 0.9477392096775556, 0.8989320484354908, 0.9103510456949223, 0.8692703433659937, 0.8690950321296166, 0.751522942645954, 0.9477434589113328, 0.9511009170150148, 0.9512694551599696, 0.9505701422330692, 0.9000568928034511, 0.6047363952360085, 0.5420212381406289, 0.6984484099683553, 0.8000971751390344, 0.7275034767010927, 0.7656985450281817, 0.7645229797455528, 0.5338560069568207, -0.39962473974153484, 0.9223288256482121, 0.9321784473234065, 0.9219982307248524, 0.9530364148714937, 0.9187914317783397, 0.9281756118857365, 0.9269502448757473, 0.8595716595566834, 0.932438948826103, 0.8669364123124115, 0.5193936698120365, 0.9143831516205168, 0.9089950501140626, 0.3089954267479512, 0.6936675476045775, 0.7767692823101137, 0.6525175665037801, 0.9713384041758049, 0.6650389259911529, -0.18173217375208606, 0.18904614476192153, 0.637695507388734, 0.6419642862920858, 0.6840565872360747, 0.9726138503145615, 0.9726691443514945, -0.01914672275428742, 0.2095335445943949, 0.0634930201229509, 0.029744241087752758, 0.05648782807194777, 0.07568528813294119, 0.0421809373474315, -0.006915251602272339, 0.4130268071113979, 0.1441824989851685, 0.09183637715812579, -0.5213649879031831, -0.5555764030988581, 0.6250348931607668, 0.7393517996004599, 0.7640898717494302, 0.8267383691393085, 0.82489868326893, 0.5204251409970561, 0.7244017841216164, 0.7597602796218985, 0.7584818923572315, 0.40433548478738535, 0.2512942135478524], [0.9955174056113572, 0.9892304288258514, 0.9910308750801154, 0.9960245142202486, 0.9983476966251696, 0.9884684439517496, 0.998156491938179, 0.9999969064468848, 0.9999815089536866, 0.967163499459633, 0.9996824425035311, 1.0, 0.9996499932475378, 0.9999976565378942, 0.9999846261636145, 0.997155874129786, 0.999373426407707, 0.999900829334877, 0.9999005454559773, 0.999965109300172, 0.9999949699395904, 0.9908396572997854, 0.9758447230922105, 0.9924998441702141, 0.9930484062438293, 0.9846173219395231, 0.9740970038059733, 0.9430062553203037, 0.9893536116606562, 0.9942850789805605, 0.9917827100958404, 0.9685384949410033, 0.9994722188415511, 0.9995384216983387, 0.9996508855978443, 0.9996929125725141, 0.9989001157465135, 0.9994615306948258, 0.9991595630054255, 0.9986486254669764, 0.999543090283056, 0.9994054600414998, 0.9843078783452192, 0.9292534724740075, 0.7192890991204213, 0.9350763967778665, 0.913363893891779, 0.7831694253458389, 0.9572458809364175, 0.9362942120653424, 0.9588920088304489, 0.9518955258953772, 0.9454187883373742, 0.9800056967508557, 0.9769424170819803, 0.9358206041715683, 0.9505851589401151, 0.9617884357872705, 0.9657974772440747, 0.9640682611557018, 0.9397204437909534, 0.8814873049562626, 0.9403709622434065, 0.9480703192711363, 0.9267886906985175, 0.8634670822784757, 0.9577193585478989, 0.923904634410425, 0.9566386888132401, 0.9365462576910641, 0.7235525428065527, 0.8197103691497966, 0.7528153433304919, 0.8371333010554316, 0.8650518752448181, 0.8717357462440829, 0.8520244243917648, 0.8615561383243532, 0.24166044094880135, -0.6115644387320108, 0.953822990617218, 0.9286440017081865, 0.9298466604891217, 0.9415267096597524, 0.9495394768732874, 0.9617501091871188, 0.9617950117326841, 0.9174631084532138, 0.9549854497687357, 0.8098096805684063, 0.6270050098102039, 0.9174253659569905, 0.9322773716884901, 0.7383074507971179, 0.9202675098155665, 0.9413684016208906, 0.808458818010786, 0.9697910063613477, 0.8354066019042926, 0.6150334090865976, 0.6880470142124757, 0.8454525333770458, 0.83712469030155, 0.8333967702378582, 0.9773561703085551, 0.9775937998218563, 0.7138933871572221, 0.674784728404268, 0.7856378439767828, 0.29966113103377556, 0.761565768875589, 0.7885272779492336, 0.7844889703753627, 0.7836161475816252, 0.7260645434328564, 0.7233845437907782, 0.7012434000599208, -0.2735192697544685, -0.4198020776871758, 0.6252084977072992, 0.8832998241635547, 0.9276668011122213, 0.9375541804407813, 0.9113352898090673, 0.8128429841258357, 0.9074342939895923, 0.9294716888720286, 0.9291445556405077, 0.755157939757578, -0.12734509191815505], [0.9947433046192795, 0.9890560201681545, 0.9929640052696371, 0.9954601824641816, 0.9981409203931036, 0.9896420131116745, 0.9990751365199398, 0.9996652020918231, 0.9998385415061579, 0.9660984009589808, 0.9996610830652316, 0.9996499932475378, 1.0, 0.9996866230287075, 0.9996728513789062, 0.9991289621073155, 0.9989275820861203, 0.9994778566114713, 0.999470654118278, 0.9996675140973849, 0.9996414584799355, 0.9928316127910349, 0.9774700115189117, 0.9958219119922609, 0.9957106400239033, 0.9844597289128973, 0.9769120352852799, 0.9455004163144033, 0.9884718546988993, 0.992284035523822, 0.9908374911327889, 0.9661307271609949, 0.9987653157894933, 0.9990754449952001, 0.9992675741438769, 0.9999195247730862, 0.9988474008013507, 0.9990520026918949, 0.998603038344073, 0.9979632420186011, 0.9987578594818901, 0.9986843222799602, 0.9882956988206205, 0.9292103093731231, 0.7150515820591081, 0.9351811139712504, 0.9132575719916881, 0.7824652943484255, 0.9526804142608579, 0.9293504072012602, 0.9537116510376819, 0.9483938375653925, 0.9413187736823633, 0.9764374311846641, 0.9748200821907844, 0.9590964433630633, 0.9502659929208864, 0.9620723099479151, 0.9650816232534546, 0.9638948642134605, 0.9631966094811846, 0.8855749368934972, 0.9374200775211813, 0.9464427591724444, 0.9461348061810166, 0.861660849279263, 0.958045780936013, 0.9355978925312065, 0.9585248291765702, 0.9571675962581522, 0.7280801319662124, 0.8166764823484306, 0.7787160030455638, 0.8347605668236991, 0.8665050341534671, 0.8708482348767915, 0.8602556824596971, 0.8605995982635731, 0.22634277795107105, -0.6060711552177453, 0.9529381610780008, 0.9283335080641777, 0.9287781408967506, 0.9619071330893543, 0.948952788308709, 0.9605413285098513, 0.9605392074938298, 0.9172522945050415, 0.9553213880570601, 0.8165014619544521, 0.6274460690233405, 0.9179550453539083, 0.9330096164842655, 0.7355265750378613, 0.918363753664982, 0.9397647353920328, 0.8093951618273059, 0.9724392050831822, 0.8294996783172858, 0.6066965993922023, 0.6834638113277799, 0.8366111996046195, 0.831785784577572, 0.8252947812690549, 0.9792498699174381, 0.9794463024455246, 0.7046892161258618, 0.6693531326433331, 0.7649782928051023, 0.29936470743996346, 0.7515576275374767, 0.7771852590643459, 0.7536837295983286, 0.7725358297994981, 0.7237795476322214, 0.7132262897356307, 0.6913470205253953, -0.2802099474619331, -0.4248980143959537, 0.6247888679984962, 0.8810545462316535, 0.9290235791033488, 0.9329567816365324, 0.9104910960658908, 0.8049813673732089, 0.9010629229690732, 0.9223382170066613, 0.9226934869273047, 0.7488976884562321, -0.1256416322979146], [0.9954287272646877, 0.9891043395535263, 0.9911951471480293, 0.9959523395244219, 0.9983363895872214, 0.9885872535092438, 0.9990344865356657, 0.9999978859168633, 0.9999900580158272, 0.9668943406761363, 0.999669094525609, 0.9999976565378942, 0.9996866230287075, 1.0, 0.9999887240840919, 0.9986608835792496, 0.9993430515023305, 0.9998932524664772, 0.9998924547337746, 0.9999592458561286, 0.9999924228813426, 0.990967936417945, 0.9760205324811349, 0.9943303550618813, 0.9941696731344775, 0.9845375169382768, 0.9743050294722772, 0.9431631287070555, 0.9918177694200028, 0.9945943539287619, 0.9916524731303467, 0.9682911937916658, 0.999445305942242, 0.9994989878798611, 0.999627386092872, 0.9997094228192644, 0.9988531635780941, 0.9994267922510267, 0.9991859627376913, 0.998590214055001, 0.9995127199873846, 0.9993784620543279, 0.9844816351077261, 0.9290647066729382, 0.7186453091437864, 0.9351583735051223, 0.9132904194158782, 0.7825524919255505, 0.9570227647989812, 0.9360492033121272, 0.9586968513096821, 0.9514829999822336, 0.9449545084257909, 0.9798112196701488, 0.9767155390452741, 0.9358357257743917, 0.9504920901891643, 0.9616562592338793, 0.9656999087862653, 0.9639268985962869, 0.9391656435993514, 0.8814967976583995, 0.9399057718467209, 0.9476995795657706, 0.9265873879565797, 0.8631241889814042, 0.9577702272875651, 0.9240644453399466, 0.9566255140770324, 0.9366003290814738, 0.7237873274919304, 0.8191318456520706, 0.7525401167479814, 0.8366124229285163, 0.8648534854211515, 0.8714047307340984, 0.851752207915806, 0.8612798434505339, 0.24164541952120488, -0.6113910110772443, 0.9536420168619482, 0.9284134738565771, 0.9296598375981188, 0.9394043126739409, 0.9494659758497683, 0.9615737525691929, 0.961614690298605, 0.9173857418783138, 0.9548282835616632, 0.8098111262203435, 0.6268349127082159, 0.9179071615805453, 0.9326753763301544, 0.7379655671135813, 0.9200847581815669, 0.9412154941681993, 0.8081686152174111, 0.9699803296522187, 0.83502617209928, 0.6138938324936506, 0.6872448418019641, 0.8450338269480148, 0.8367544222180228, 0.8330256079420371, 0.9774929178484582, 0.9777269457591601, 0.7127755800920884, 0.6737540969597229, 0.7850735484015292, 0.2990931731662496, 0.7608722585992896, 0.787790622320864, 0.7841093688425659, 0.7828259680959713, 0.7255539001266222, 0.722104741558724, 0.6999703234726309, -0.274349279036354, -0.42053058225166584, 0.6249491817587641, 0.8827129726273352, 0.9274134159843713, 0.937129086089668, 0.910950526806735, 0.8121046976167764, 0.9071342491374601, 0.9290102761037735, 0.9288141891932946, 0.7546194484848895, -0.1265842646802792], [0.9955600397938114, 0.9891988875168745, 0.9911180611467137, 0.9960632858854027, 0.9984024488939206, 0.9887151123601464, 0.9988136649775234, 0.9999819996386533, 0.9999964692626754, 0.9664477509938811, 0.99967550897694, 0.9999846261636145, 0.9996728513789062, 0.9999887240840919, 1.0, 0.9986621825117815, 0.99938011351134, 0.999889438163201, 0.9998895714609738, 0.9999572440306183, 0.9999781596890495, 0.9908935599852134, 0.9760375490846083, 0.9928384241678355, 0.9928636143902336, 0.9845972466159507, 0.9740575794356969, 0.9431002660638391, 0.9918668030318512, 0.9941955285758008, 0.9915008532943688, 0.9681667583000555, 0.9994833010374553, 0.999482107507127, 0.9996125240626174, 0.9997000557320148, 0.9988706873209525, 0.9994291558066309, 0.9992142040016272, 0.9986415130556039, 0.999542569161168, 0.9994219801421605, 0.984289366618229, 0.9291065269010841, 0.7192613110190965, 0.9350925102111445, 0.9134307041737642, 0.7828554050720548, 0.9576041782030238, 0.9371014587255588, 0.9593307506833939, 0.9516494789669271, 0.9451224118557381, 0.9802825470080091, 0.9768619481113127, 0.9366050906317073, 0.9509060248606663, 0.9620366270129187, 0.9658703957826319, 0.9643153118387837, 0.9404547324248819, 0.8816405457616394, 0.9394781838834264, 0.9479680828882268, 0.9273115906415015, 0.8629548459563031, 0.9581611734684511, 0.9246723107257779, 0.9571327850766225, 0.9374954248526942, 0.7235189018484963, 0.8187764610137815, 0.7534647649531611, 0.8360366375585657, 0.8647981231528852, 0.8708671951334763, 0.8521881665638538, 0.861673627391857, 0.24092294668597863, -0.6111117556218132, 0.9536872257010819, 0.9286282894782638, 0.9299141316058632, 0.9423211093560243, 0.9499471177666431, 0.961714130119149, 0.9618203189704169, 0.9177446091516558, 0.9551651834980358, 0.8097069165301015, 0.6256779463063151, 0.9174257202085085, 0.9323505470241413, 0.7369527106030054, 0.9196554355510071, 0.9407367848093627, 0.8072971963984665, 0.9696129277393087, 0.8359569778620627, 0.6135141017677338, 0.686190884940607, 0.8455201133269324, 0.8370961749927968, 0.8337265813742772, 0.9772716068251631, 0.9775396038021993, 0.7114640106975848, 0.6715076442153127, 0.7861160524878817, 0.29753077757436247, 0.7610516484488203, 0.7881294775934414, 0.7853037783619476, 0.7829866102140166, 0.7238487815183674, 0.7198848220604475, 0.697714732391547, -0.2735626591659167, -0.4198155447588126, 0.6251373689142845, 0.8819046508034263, 0.9280085939484887, 0.9376375361467286, 0.9102664610072211, 0.8122873582017506, 0.9081622145488626, 0.9295970714461805, 0.9294918162991896, 0.7545288579499074, -0.1264876638882355], [0.9966183622766447, 0.9937840531532436, 0.9917557530281381, 0.9971395241407666, 0.9986626187357122, 0.9916194538913725, 0.9981788419425582, 0.996528110070068, 0.9989992522565369, 0.9677248140351886, 0.9994368830096871, 0.997155874129786, 0.9991289621073155, 0.9986608835792496, 0.9986621825117815, 1.0, 0.9990611669351896, 0.9989965444345923, 0.9989936253842785, 0.9988086045943356, 0.9985562588587391, 0.992424285589242, 0.9787296515059769, 0.9839595268726133, 0.9902801517335946, 0.9898880807897793, 0.9761596315855166, 0.9503006933689749, 0.9928464442158702, 0.9929662918439365, 0.990465870098984, 0.968111124478011, 0.9987937346375412, 0.9987156697876237, 0.9989514904198148, 0.9986797019208838, 0.9993991224535903, 0.9988648748641962, 0.9989131397224549, 0.9984056022701678, 0.9986833032009027, 0.9987450161834124, 0.9834129639969423, 0.9225671305959887, 0.7239114768613475, 0.928982009237921, 0.9158174840194856, 0.7991923032353527, 0.9605599853394995, 0.9407381402933139, 0.9626628711745926, 0.9511907252072045, 0.9432488560640055, 0.9806173326486037, 0.97606665476277, 0.9486129421902992, 0.9596379474916467, 0.9685932