var correlationAdjClose = {"data": [{"type": "heatmap", "z": [[1.0, 0.9999910765989353, 0.9846412115766422, 0.9999220982360837, 0.9989034882134691, 0.9883020083602317, 0.9975360217510266, 0.9953255468859233, 0.9956276649833892, 0.9797087811433156, 0.9922381873908903, 0.9954688024290326, 0.994688743717103, 0.995379377216696, 0.9955129630993386, 0.996590688067278, 0.9980898355659307, 0.9960870908362977, 0.9961004287811949, 0.9961448420693962, 0.9954172132929727, 0.9856592857660681, 0.9694883060256284, 0.9879925939888524, 0.986840470842101, 0.981625176856153, 0.9638906679225224, 0.9440005730977117, 0.9941064382621004, 0.9946029518851845, 0.9918323961081483, 0.9749915799536081, 0.9974472882460634, 0.9977414599712674, 0.9971301050955634, 0.9955327765161078, 0.9950666629927551, 0.9976016805899439, 0.9976565535437626, 0.998659940738497, 0.997388974670698, 0.99740026070766, 0.9766082611010237, 0.9187301000293133, 0.749357541604797, 0.9006336869493665, 0.9050264031892893, 0.8413207792908252, 0.9669322486328737, 0.9448641624693715, 0.9682513444393347, 0.9654087584825809, 0.9586595127476394, 0.9858002972975205, 0.9823266312576833, 0.9842626777023666, 0.9776183062053703, 0.986117390877879, 0.9835133078179163, 0.986744038644123, 0.9865114625869922, 0.9643418170040493, 0.967706070672875, 0.9715764420375418, 0.9712411650809415, 0.9449687097688925, 0.9756234414136234, 0.9739771593610623, 0.982192203955819, 0.9813275024953309, 0.9359992260042781, 0.8604658215009399, 0.8282010383684459, 0.8794548391328476, 0.9058578531834038, 0.9008744393331413, 0.9039398018784727, 0.9025376750830201, 0.6281266962621536, -0.5708595006896064, 0.9770000338008372, 0.9684337678229519, 0.9649660656008269, 0.9851236487516559, 0.9705907999670322, 0.9817629520436847, 0.9817119564239457, 0.945664851740249, 0.981973151087365, 0.9497399694857325, 0.6382254801189701, 0.8642166014680432, 0.9150385522001363, 0.749948306584859, 0.9209734717755481, 0.9410789372775381, 0.8147502705251551, 0.9576927168464946, 0.8958001289488223, 0.6467725079930776, 0.7080441685787339, 0.8917040582814744, 0.8627846591027721, 0.8883544160565008, 0.9685067014748758, 0.9687244098957082, 0.737803888718048, 0.7045242987452582, 0.8258659754864137, 0.3386909984539466, 0.7945053184222932, 0.8301918865293947, 0.8167391029064461, 0.8147937588036096, 0.7486247123280516, 0.7415743864801784, 0.7216943547403306, -0.24143532487381367, -0.37716400981743975, 0.6374591806299638, 0.8995323900252964, 0.9446806842790941, 0.9489655001627513, 0.9192414889691339, 0.8287016037604834, 0.9162327776588713, 0.9379644873985278, 0.9377992593043575, 0.8724072796981384, -0.18793763884418088], [0.9999910765989353, 1.0, 0.9828845672365871, 0.9997697040841995, 0.997562276320225, 0.9904517949917453, 0.9930554835774512, 0.988768669263127, 0.9888050467069524, 0.9678778421369122, 0.9911930583568641, 0.9890136233258149, 0.9888346596582775, 0.9888839004058305, 0.988979607549302, 0.9936567000988349, 0.9949891460277239, 0.9921824098101645, 0.9921820596036843, 0.9888805122580905, 0.9889401475119656, 0.9879830150520434, 0.9619310794082769, 0.9843215101262086, 0.9840149489615098, 0.9814594476896834, 0.9725315343562707, 0.9089803282590455, 0.9878680867743614, 0.9840628890662284, 0.9760058071265032, 0.9128297766680596, 0.9946802106700029, 0.9945067836689011, 0.9947941336431604, 0.9900082746605896, 0.9942219766135851, 0.9947841586357624, 0.9950894097203238, 0.9965232353533838, 0.9947830815117404, 0.9947915568863435, 0.9861794757399704, 0.9185948212385564, 0.6062121811588087, 0.9005700540512876, 0.9054820647426879, 0.8414814683993592, 0.8739460735701388, 0.9125997442114725, 0.8777747309254263, 0.8972204008492578, 0.8728318031153045, 0.9546565476461198, 0.9545530600759031, 0.9742012730307553, 0.9781937410633317, 0.9721339358788792, 0.9716952073766982, 0.9748260120894999, 0.974737738483432, 0.936021171343608, 0.9448770635994451, 0.9100471041688138, 0.9099550387284421, 0.8053188013764488, 0.9692052629054128, 0.9715400530637823, 0.9717990502858248, 0.9711901548615116, 0.9311767044180894, 0.6500236868038288, 0.5906776281826438, 0.7449371478340897, 0.8403943358264, 0.7683030290913865, 0.8060957925253479, 0.8043054881687454, 0.5847177286075386, -0.27650284267043473, 0.9568105273705775, 0.9637976941116564, 0.9565014742484602, 0.9751188561301098, 0.9536144970502649, 0.9614660763014168, 0.96052327790009, 0.9030429013630171, 0.9644820015452583, 0.908914488892408, 0.4607044233692733, 0.8632366956603751, 0.8609399618024403, 0.2540617759174173, 0.6489762691805304, 0.7429821204558155, 0.6361586732546167, 0.9558427769762494, 0.650687298245644, -0.23202363625989453, 0.13920437868867883, 0.6183591869748056, 0.6252613895841499, 0.6724614679537353, 0.9575201467414423, 0.9573625505426748, -0.08631588943434453, 0.15042394595559205, -0.005488762252384373, -0.03808040053308518, -0.010037132836693675, 0.0065144523345277905, -0.025338475468469016, -0.06814182062406658, 0.3536171242192558, 0.0939599447593442, 0.04497894313118835, -0.45321037300330996, -0.48714889078131096, 0.6379440450924242, 0.7454931028817303, 0.7695353668728039, 0.830366790393521, 0.8254998078843817, 0.5383191632530938, 0.733385462771732, 0.7656230873846204, 0.7642573219576224, 0.4127504209494927, 0.20620669433738917], [0.9846412115766422, 0.9828845672365871, 1.0, 0.9860855467932286, 0.9928469085373218, 0.9900381054753671, 0.9906994821980061, 0.991126427756123, 0.9943863721631455, 0.9549757219847068, 0.9970008305622587, 0.9910239569890735, 0.9929598536687344, 0.9911871164253754, 0.9911051382905037, 0.9917281642723973, 0.9904524896772117, 0.9897088749758685, 0.9896732808493529, 0.9929131280863266, 0.9910541189525811, 0.9935403490700738, 0.979380015980102, 0.9907926377942586, 0.9912076634744675, 0.9802216466742304, 0.9822576633958117, 0.9478503797932011, 0.9730271943797091, 0.9766136089144721, 0.978176680057105, 0.950337471058855, 0.987973667675048, 0.9910955094177125, 0.9894057707996292, 0.9930718760979523, 0.994804224490448, 0.9921390134852318, 0.9873928677873487, 0.9880714225164863, 0.9882525583349855, 0.9876196293694491, 0.9906203246387667, 0.9187620507023907, 0.6904280075534923, 0.9266377141236669, 0.8982140081304257, 0.7523471178373192, 0.927729800548951, 0.900061112001804, 0.9299080576155447, 0.9252969111729744, 0.9157327268269161, 0.9529660811307987, 0.9601354125728141, 0.9311831957282536, 0.9487429148947639, 0.9542584637964178, 0.9600198180215352, 0.9548517152996642, 0.9291341792978556, 0.897838064082493, 0.9267451206428077, 0.9241791532178062, 0.9073873805587127, 0.8630560954141379, 0.959773174991819, 0.9377481295577489, 0.9550476261640729, 0.9335422464489834, 0.7731110628663014, 0.8005784683663683, 0.7334399334180809, 0.8218831630458806, 0.8659486836438137, 0.8636009583228249, 0.8351994829063728, 0.8489741318116288, 0.30308148013433367, -0.5709876055979285, 0.9464409836266416, 0.9197943169207028, 0.9238773820396382, 0.9316350483214896, 0.9408336855654069, 0.9514443227698994, 0.9510630610343881, 0.9125051035899647, 0.9478417808803883, 0.8385408619123519, 0.609906191565901, 0.9332220680523295, 0.9359620995748781, 0.7084865101878777, 0.9019912697842017, 0.9245485512755643, 0.8001902085564061, 0.9779057522058757, 0.7784764098587302, 0.5546376879921393, 0.6474951652916716, 0.7858548319478118, 0.7880335929375744, 0.7745066485520643, 0.9815618568706823, 0.9816069687652107, 0.6569646586647573, 0.6394860236876622, 0.714119026906286, 0.26954133015388815, 0.6898518084900613, 0.7115920336129548, 0.7252656888596459, 0.7078518094545242, 0.7024165798303978, 0.668162160210373, 0.6463655683889621, -0.3153185169007277, -0.45058298395001545, 0.5927243907389155, 0.8596237375185539, 0.8949269825000674, 0.8966316340340253, 0.8925245468049003, 0.7588750027485259, 0.869126070534269, 0.8834604845839654, 0.892233334764803, 0.7395116953907985, -0.10591049200270154], [0.9999220982360837, 0.9997697040841995, 0.9860855467932286, 1.0, 0.9992119662809106, 0.9892574240968454, 0.997877587816008, 0.99585514922419, 0.9962479580130668, 0.9793725047122825, 0.9936789556501584, 0.9959803160145467, 0.9954106000038726, 0.9959073056042156, 0.996019834687425, 0.9971129992582002, 0.9984403480236629, 0.9965491872607922, 0.9965594514727129, 0.9966754124851782, 0.9959318563715057, 0.9869386932158921, 0.9708266509476299, 0.9891028373027848, 0.98806256318747, 0.9840013187178969, 0.9660153001128127, 0.9451993892985187, 0.9935872559815571, 0.9942722976198496, 0.991948387005163, 0.9746530914516973, 0.9976107593156129, 0.9980501702947497, 0.9974481525337948, 0.9961085669725971, 0.9958737285255409, 0.9979500801401644, 0.9977729734753488, 0.9988117691860261, 0.9975435517086626, 0.9975513988785192, 0.9784486063688862, 0.9143412823083824, 0.7429536285426663, 0.9013691575142688, 0.9025020616899108, 0.8308564266202435, 0.9640180816318195, 0.9414206161377705, 0.9652267850971343, 0.9627373470365453, 0.9557889617548538, 0.9837262957282263, 0.980792604447593, 0.9824850928110197, 0.9758748295402124, 0.984529454948151, 0.9826360039964747, 0.9850762139195428, 0.9848394582690729, 0.9506738265879213, 0.9660050888300755, 0.9698253192853494, 0.969490729989928, 0.9382247700032941, 0.9749260082330662, 0.9703288012835118, 0.9803983707369096, 0.9794918728249348, 0.9082852514033972, 0.8583195531520743, 0.8233441238650442, 0.8770237150852062, 0.9022370826255539, 0.8999595754964941, 0.9008622877480027, 0.8995269876494046, 0.5232231801305649, -0.5709094270088715, 0.9757581971036186, 0.9662077771714873, 0.9627578007415097, 0.9833508785670311, 0.9694165557247019, 0.9806544545438318, 0.9806022148980282, 0.944504501222639, 0.9801622299190035, 0.9291325539323073, 0.6438626287319777, 0.8727961181896899, 0.9196064042210176, 0.7514796034478313, 0.922722587243466, 0.9425723012602258, 0.8150965490883082, 0.9592132839552735, 0.8896651586727383, 0.6435228812822916, 0.7062838037407201, 0.8866464085390998, 0.8592351365583101, 0.8829652761217953, 0.9696158299435292, 0.9698416923114883, 0.7368683021699662, 0.7048431323055838, 0.8179532865314648, 0.34082500708565083, 0.7889285437697419, 0.8219935128461192, 0.8086162705446142, 0.8095355253532792, 0.7515506279645483, 0.7416836878723976, 0.7218711619008411, -0.23682055599668353, -0.3764158586013521, 0.6356702432272475, 0.8976528519769404, 0.9429362998003883, 0.9472655362016005, 0.9181609283931362, 0.8259187333832644, 0.9142997461115222, 0.9357986308682372, 0.9357903240279547, 0.8647496636872033, -0.18053828104479142], [0.9989034882134691, 0.997562276320225, 0.9928469085373218, 0.9992119662809106, 1.0, 0.992083079055391, 0.9990453021980388, 0.9982828169587413, 0.9983387817528476, 0.9729132548032677, 0.9976372732419099, 0.9983293661404496, 0.9981168806724802, 0.9983172365847028, 0.9983830356633975, 0.9986464773043416, 0.9991962966979943, 0.9987074220160087, 0.9987069174942342, 0.998403836253277, 0.9983128509847093, 0.9936494978803766, 0.9784178745605223, 0.9937772301626678, 0.9937060600524298, 0.9876646457094218, 0.9801186285302477, 0.9484546629370432, 0.9901175160954321, 0.9925487518488921, 0.9895774725925458, 0.9654685187842091, 0.9989406542863807, 0.9989747139751021, 0.9989686007839442, 0.9984296186686998, 0.9985184412286687, 0.9990683736233912, 0.9991213546527336, 0.9991350394705544, 0.9989255584999713, 0.9989246293481514, 0.9888805644290614, 0.9239773908013514, 0.7181589580194748, 0.9166676291940866, 0.9063351889606392, 0.8121441932448304, 0.9478491338583984, 0.9290987440356984, 0.9516918057061736, 0.9539769742040186, 0.9466149553916111, 0.9797489637232462, 0.979685986819982, 0.9782175782674191, 0.9695359975334109, 0.9792195995998004, 0.9780444073623954, 0.9795335787595925, 0.9792369294898412, 0.9522486062537796, 0.9553596038483849, 0.9504448034984574, 0.9499956923377268, 0.9038310968333602, 0.9717416471712435, 0.9683970410614943, 0.9752708798149344, 0.9742799115829215, 0.93073888079051, 0.8328567992769503, 0.7866557973185847, 0.8585493212854047, 0.9044150013653115, 0.8849855119788822, 0.8939178477649443, 0.8926150981288574, 0.6806851050994376, -0.5936043266289852, 0.968200092778464, 0.9535676882668175, 0.9514572275450313, 0.9793688813059617, 0.9577121449177883, 0.9727024680020403, 0.9722075165542613, 0.9332520713771423, 0.9747630580720946, 0.937455028156837, 0.6299169001151017, 0.8947716306446069, 0.941154084966183, 0.6995391719122674, 0.9000500115209044, 0.9261386964155004, 0.8086460832208622, 0.9652290175807162, 0.8790887062663547, 0.4912606882548668, 0.6372168408796114, 0.8665567394918248, 0.820380756147501, 0.868441568137802, 0.9739397853968678, 0.9741131853615661, 0.6894662117582292, 0.6848627936767413, 0.7336923287410817, 0.31490804356518187, 0.6703152290241148, 0.7396224473637297, 0.7154823074266392, 0.6950409163720406, 0.7349019698044209, 0.7237717902375482, 0.7029715939774389, -0.4602841806452953, -0.5367012939661138, 0.6238482865052507, 0.8900748225529309, 0.9268988686406674, 0.9386332048541686, 0.9142538986479166, 0.8017776756355613, 0.8964043643513655, 0.9199140199035943, 0.9194403549602547, 0.7981505372492831, 0.037560231496961576], [0.9883020083602317, 0.9904517949917453, 0.9900381054753671, 0.9892574240968454, 0.992083079055391, 1.0, 0.9885603895156884, 0.9886124371989016, 0.9881302675730304, 0.9641537296982814, 0.9793495750664086, 0.9885585823542171, 0.9897114351351796, 0.988673310213064, 0.9887901779038348, 0.9916795883642188, 0.9898199270763322, 0.9894856102898959, 0.9894622246977928, 0.9874665236942793, 0.9885976791818945, 0.9961112335606236, 0.9913302122310031, 0.9884716700891147, 0.9882905750320967, 0.9693428497875699, 0.9848889836927416, 0.9664867143593375, 0.9725420378661067, 0.9766696564703964, 0.9846250762980008, 0.9713004787051224, 0.9885061666594027, 0.9886956991653879, 0.9894946580296562, 0.9895166813078466, 0.9818985201015816, 0.9894554763870359, 0.9888984157068273, 0.9891060870206224, 0.9886067857761474, 0.9885940877979855, 0.9946813872877496, 0.877401151352179, 0.7221205010142082, 0.8779189283152685, 0.9015092733457806, 0.8343681328434329, 0.9335860489093655, 0.9121477487090839, 0.9354177206510398, 0.9431484511011908, 0.9312851564038733, 0.9619230033255398, 0.9664816319965546, 0.9678280366636919, 0.9799941171935209, 0.9689329579181243, 0.980801466158899, 0.9688180214795248, 0.9682595246949043, 0.9677603520137387, 0.9592771978902013, 0.9428812623296264, 0.9423887693222469, 0.929918091556812, 0.9781917388232365, 0.9705192951037325, 0.969149047667967, 0.9675054114790067, 0.9495290448866323, 0.8570247164941284, 0.8090778173829822, 0.8775230194502533, 0.8964511696872338, 0.903871681572551, 0.8869635989020657, 0.8848826992091439, 0.6474067649890167, -0.5339377322675856, 0.9746200330719792, 0.9706951788665178, 0.9672664529954184, 0.9689719316582076, 0.9652204148913571, 0.9748471781868334, 0.9745041720476799, 0.9551388012460381, 0.9643453899304381, 0.9546205993148862, 0.6451715448954363, 0.836749542387141, 0.9375588531987618, 0.7479748564936453, 0.9125221297684839, 0.9306632354519893, 0.8101882662085126, 0.9555951690597041, 0.8461371619281934, 0.591479438636155, 0.680466938377786, 0.8436539045829067, 0.8197999509664802, 0.8411654808624146, 0.9577989664520143, 0.9578738911488597, 0.6996924749847601, 0.684636241582002, 0.7624366598404733, 0.3407226555062189, 0.7412448756071518, 0.7682075383424367, 0.7541623041325597, 0.7561108633966228, 0.7391114553008409, 0.7128633741744411, 0.6951455847120848, -0.2673149791992795, -0.3946398731708162, 0.6648733294217456, 0.8840460282784828, 0.901976732879263, 0.9103831724035208, 0.8989890182901098, 0.8005615955665805, 0.8708048428041766, 0.893438724316288, 0.8934924027066183, 0.8377445202381818, -0.15063623535215662], [0.9975360217510266, 0.9930554835774512, 0.9906994821980061, 0.997877587816008, 0.9990453021980388, 0.9885603895156884, 1.0, 0.9971611087472861, 0.999531057359471, 0.9723978973011856, 0.9994267291722082, 0.9981405449390568, 0.9990705235277042, 0.9990253415810536, 0.9988021981563779, 0.9981630475561446, 0.999902920898531, 0.9992585389506987, 0.9992639179387524, 0.999652379195074, 0.9992267509425666, 0.990687397584356, 0.9747804706582509, 0.9841310386343591, 0.992523967779698, 0.9869162416793109, 0.9719126032150173, 0.9436971043867324, 0.9922523381591478, 0.9918235827490032, 0.9930289464665917, 0.9715306800265464, 0.9988338441117719, 0.9998193837430761, 0.9996547362252415, 0.9993962730771261, 0.9996608904603139, 0.9998501679823971, 0.9979221774691204, 0.999675890854932, 0.999277569306336, 0.9988863985423957, 0.9830991040780939, 0.9299448612771944, 0.7336224681290047, 0.9297103593256282, 0.9168314329462545, 0.8037607134695244, 0.9588684177561251, 0.9407827237030576, 0.9609065803764496, 0.958236250533474, 0.9520673780873963, 0.9818436015051956, 0.9800393234508864, 0.9407005623084955, 0.955590859224102, 0.9689792787385024, 0.9692714149630863, 0.9707939768983239, 0.9409383811006403, 0.8907799141278085, 0.9453952495296056, 0.9551742518541223, 0.9320313696036386, 0.8769572090854225, 0.9606652074525368, 0.9303758411754327, 0.9625644604716824, 0.9410413939012207, 0.7368218540898557, 0.827464386276952, 0.756030563357675, 0.8448898924509798, 0.8722929222214559, 0.8761282143260396, 0.8556356466852097, 0.8680937210293447, 0.2580026863206903, -0.6057576118738142, 0.9585133361287967, 0.9367504487474027, 0.9367804723493757, 0.9430432632200384, 0.9548914363807744, 0.9664314227388495, 0.9664804205621784, 0.9235933027462776, 0.962590735201141, 0.8223953226802834, 0.6251891083020434, 0.895369873548908, 0.9195209708383089, 0.7402357358350887, 0.9199885358372657, 0.941051860530476, 0.8092070038471916, 0.9648242772392276, 0.8310401096660455, 0.6313166561904712, 0.696111305224838, 0.8434519891965926, 0.8375735959189089, 0.8292470509004624, 0.9740879783644639, 0.9743247069686369, 0.7227677013406585, 0.6812474126873087, 0.7831922775022283, 0.31006114563926507, 0.7657046126359648, 0.7922074449891668, 0.7828366119852288, 0.788441495790298, 0.7305352075477317, 0.7284414280819755, 0.706803535036417, -0.2556040442362272, -0.4023984691815175, 0.6423981611210169, 0.8915547106824383, 0.929808747571919, 0.9451519559052837, 0.9175323350083315, 0.8239469319669318, 0.9138255304321362, 0.9356611901591174, 0.935072012613327, 0.7749023916365245, -0.14251380592518786], [0.9953255468859233, 0.988768669263127, 0.991126427756123, 0.99585514922419, 0.9982828169587413, 0.9886124371989016, 0.9971611087472861, 1.0, 0.9999843521043934, 0.9664553893432841, 0.999648836565585, 0.9999968944492375, 0.9996629698275072, 0.9999978652979394, 0.9999818233913397, 0.9964956585256619, 0.9993154961403627, 0.999888529750869, 0.9998880449023102, 0.9999569246972283, 0.9999944648496518, 0.9908886291884161, 0.9757774653269198, 0.9917850727591562, 0.9930272629233561, 0.9839689787772624, 0.9740826064715957, 0.9423084300947024, 0.9885444522813603, 0.9942877313435472, 0.9916567558671587, 0.9681262294926685, 0.9994288692310742, 0.9994916862316562, 0.9996149113246869, 0.9996878306798691, 0.9987906041020526, 0.9994105660872498, 0.9991159095114562, 0.9985548712759051, 0.9994985380637076, 0.9993605504125146, 0.9845423500091511, 0.9302112883415508, 0.7204160727085289, 0.9359471349064645, 0.9142898236487488, 0.7822193134164522, 0.9573498247840987, 0.935841913941127, 0.9589674912458921, 0.9517877123168921, 0.945560778351222, 0.9798611585008445, 0.9767906229810762, 0.9349160667125568, 0.9495688557061047, 0.961028047797702, 0.9651810913547624, 0.9633427596310399, 0.9389460400309559, 0.8798653019608224, 0.939165534563403, 0.9471668426887944, 0.9258915371428795, 0.8614792997536445, 0.9570017993015404, 0.9228348301301569, 0.9559048312220154, 0.9356503879175725, 0.7200740081099529, 0.8171983337189588, 0.7509532728303027, 0.8346009532729836, 0.8632259422864655, 0.8699243883463356, 0.8503364208164199, 0.85980014829703, 0.23697228359614475, -0.6116928284921448, 0.9529457540758304, 0.9267693049757089, 0.9283001201701021, 0.9407939313353286, 0.9486673735406703, 0.9610158340556526, 0.961064944853831, 0.9162485014828962, 0.9541284628277038, 0.8071942847119319, 0.620338289100091, 0.9162249544874591, 0.9321580244818292, 0.734515308316167, 0.919234406606531, 0.9406032372414094, 0.806405184451551, 0.9695921594461502, 0.8349350114688252, 0.6170460128609782, 0.6865659104372724, 0.844841164995981, 0.8345211324624386, 0.8327809071728923, 0.9771372579925329, 0.977379063940244, 0.7125289581096695, 0.6721303564894541, 0.7852820360334108, 0.2949276683472543, 0.7604975642285844, 0.7879053627344099, 0.7842200493355257, 0.7829184161259237, 0.7230390516068901, 0.7219403509619782, 0.6996073652790946, -0.2728889618137908, -0.4187367073304669, 0.623737795732258, 0.8829492662295965, 0.9275850270818359, 0.9374233383090824, 0.9110975993021616, 0.8123916696644807, 0.907296684727948, 0.9293365074633281, 0.929005767812311, 0.7544502796147985, -0.12429536037411466], [0.9956276649833892, 0.9888050467069524, 0.9943863721631455, 0.9962479580130668, 0.9983387817528476, 0.9881302675730304, 0.999531057359471, 0.9999843521043934, 1.0, 0.965763146112296, 0.9996478115610357, 0.9999814435346401, 0.9998369917695118, 0.999989988475614, 0.9999964261153721, 0.9989926864831876, 0.9993034898635614, 0.9998252883239181, 0.999824260427655, 0.9999668030270039, 0.9999823352797126, 0.9937630393976455, 0.9769819130393254, 0.9950686029043396, 0.995216924134791, 0.9839371996882723, 0.9783002061505748, 0.9433286961680614, 0.9891123859585833, 0.9933937634230768, 0.9886697738609488, 0.9635721222495357, 0.9993502810649929, 0.9994314507559202, 0.9994330016899404, 0.9998387223326782, 0.9988010510320275, 0.999399362995453, 0.9993392004163618, 0.9985626017299978, 0.9993444486810007, 0.9993384756103106, 0.9889414499124146, 0.9304305167498437, 0.7211765367669386, 0.9360526886151949, 0.9145094216825732, 0.7824425927745244, 0.9445351285860852, 0.9241795367423373, 0.9479059444629042, 0.9492280531658696, 0.9428624647895885, 0.9773772206841451, 0.9768896709986465, 0.9669300075059603, 0.9499517838126552, 0.9678517743910903, 0.9652437233218429, 0.9682656495189886, 0.9679209268354597, 0.9387013979694672, 0.9384154189311351, 0.9392402048611864, 0.9388221157010233, 0.8912350898127044, 0.9573391823264799, 0.9582083905618075, 0.9644852936336913, 0.9632749241860955, 0.9168226253287687, 0.8164805030637902, 0.7642536366863039, 0.8337401378362813, 0.8846568639252745, 0.8681636779268488, 0.875860995052283, 0.8747994116445249, 0.6253360537730492, -0.6277253037199554, 0.9528595229888904, 0.9268034360790695, 0.9284147678772379, 0.9683239524729103, 0.9431027675430634, 0.9605189067380925, 0.9599895844989149, 0.9170680940684008, 0.9628445398754025, 0.921600125057907, 0.6185968674758664, 0.9157055775288019, 0.9462928264157401, 0.7090815610002627, 0.9055808897148665, 0.9309854510291143, 0.8054979265219506, 0.9682914161239623, 0.8858378975275812, 0.5208386893317644, 0.65425756367028, 0.8738984413783506, 0.8285550020789896, 0.8763292607632491, 0.9770557644999882, 0.9773272910444937, 0.7104258744521685, 0.6691580616369673, 0.7499923730727863, 0.2926682336954237, 0.6885342222388559, 0.7555393335919721, 0.7333418062333233, 0.7138447663917894, 0.7203868003307672, 0.7186994724236517, 0.6963187271936213, -0.509781282572657, -0.5875180898599518, 0.6238855197360277, 0.8818517943327576, 0.9263897289543296, 0.9390136344875104, 0.9101442320495097, 0.8074693711315415, 0.8966426529560252, 0.9194590953742413, 0.9188959917629371, 0.8076598388548729, 0.11069127954035746], [0.9797087811433156, 0.9678778421369122, 0.9549757219847068, 0.9793725047122825, 0.9729132548032677, 0.9641537296982814, 0.9723978973011856, 0.9664553893432841, 0.965763146112296, 1.0, 0.9521897688350339, 0.9668475931106579, 0.9657724967605847, 0.9665765366168674, 0.9661286954163892, 0.9674651220434235, 0.9746330947357341, 0.9709503949351421, 0.9709639127250664, 0.9666288254274163, 0.9667025889488138, 0.966077088521185, 0.9533842078266309, 0.973372242901018, 0.9712593124170198, 0.8967167535856329, 0.9695973469914073, 0.9521802450499162, 0.9763888129952749, 0.9704485557795075, 0.9706342902706693, 0.9367297641725114, 0.9747557000304993, 0.9743258886021333, 0.9747822652316022, 0.9670383495863984, 0.9598787864009873, 0.973773250140055, 0.974563411392458, 0.9772853217919875, 0.9749396194226403, 0.9749579637272359, 0.9560449880526369, 0.84628490333039, 0.5409322931098394, 0.7993470507299958, 0.8937182783676434, 0.8754730480428222, 0.902704479249876, 0.8318623300949499, 0.9071685774446558, 0.9171332397229529, 0.9042875148843349, 0.934215519427396, 0.9340726167098329, 0.9445862175907389, 0.9364304834331987, 0.9548224194449427, 0.9485558622501066, 0.9532031357650802, 0.9532257218157658, 0.9125508740301382, 0.9536903027919206, 0.9390068317443799, 0.9387104491965511, 0.8614549365816153, 0.9362613667140338, 0.9440481522842765, 0.9375775932320561, 0.9365186715057091, 0.887136791434491, 0.8243942854037961, 0.7814629701114063, 0.8669788164902652, 0.9174451128012033, 0.8898327810723515, 0.9036961126449861, 0.9029844003858896, 0.7184767898050898, -0.3169018160660974, 0.9536316926182222, 0.9544895394789848, 0.946697048653048, 0.9463484089850289, 0.9315300210130292, 0.9548887302724481, 0.9548215088533526, 0.9026326464642083, 0.9568426991545003, 0.9074855059655181, 0.7201648656561689, 0.6989350822516734, 0.8681558267046533, 0.6315996911148749, 0.8566495528654209, 0.8925574064125368, 0.8763807074375781, 0.95074954052031, 0.906281157106287, 0.4125269246416059, 0.6583322212478976, 0.8986566906418244, 0.8753365235887445, 0.905296142796311, 0.9510023241291501, 0.9513371037716237, 0.5420163075923636, 0.7074409552779036, 0.6181662215700134, 0.4880200043255727, 0.5770759529512336, 0.6325892868715797, 0.5934531580351474, 0.5680662710143777, 0.8104551464087494, 0.6876438995009015, 0.6523686020804067, -0.28502843558493857, -0.33444560008769764, 0.7543865678249618, 0.9177036306019145, 0.9243666928566209, 0.9126134713839643, 0.9427013964060776, 0.6650989982260713, 0.8450788641136433, 0.9107353331618077, 0.9098900466723224, 0.6930459243126014, -0.16282077891325777], [0.9922381873908903, 0.9911930583568641, 0.9970008305622587, 0.9936789556501584, 0.9976372732419099, 0.9793495750664086, 0.9994267291722082, 0.999648836565585, 0.9996478115610357, 0.9521897688350339, 1.0, 0.9996769085205296, 0.9996550642225918, 0.9996631324187204, 0.9996694555644271, 0.9994257633809395, 0.9991172767250571, 0.999955603298869, 0.9999550809083643, 0.9996620796875483, 0.9996702075389357, 0.9901485938631162, 0.9578201499423608, 0.9912349173374537, 0.9923682524069856, 0.9883704390037843, 0.9704664596954101, 0.8958685075183158, 0.9886417504490912, 0.9925095125230122, 0.9726978030820355, 0.8977081168682687, 0.999157534455964, 0.9992256189057565, 0.9991577140816391, 0.9994566521204555, 0.9994058070722618, 0.9991806670505547, 0.9990446043166599, 0.9978051180382527, 0.9991289599400464, 0.9991240960242588, 0.9896416033267996, 0.924406634187035, 0.5687756585164743, 0.9315218308528961, 0.9136742739481637, 0.7866941112867104, 0.8582067693078015, 0.8931935862232229, 0.8636604832593777, 0.8759616626828086, 0.8552027663881783, 0.9507538688891092, 0.9506777573656264, 0.9506250106331466, 0.9529628542285272, 0.9424538951061762, 0.9444593135930637, 0.9468854282017148, 0.9466884308504625, 0.8969370774316927, 0.9085013243678005, 0.8665440309360802, 0.866371457693295, 0.7461688618248878, 0.9466739223278875, 0.9501026403790871, 0.9502740216755294, 0.94956171522144, 0.8979873693263766, 0.5978322786845124, 0.5345725857647536, 0.6928599284865705, 0.7960311399223021, 0.7221515903938758, 0.7611863270132785, 0.7599841785204079, 0.5257448617857037, -0.40011079127943777, 0.9207170176654521, 0.9307931470160368, 0.9203799007974561, 0.9520892152501321, 0.9171062511260958, 0.9266915770535356, 0.9254401874448741, 0.856560153437949, 0.931048140781721, 0.8641096461075957, 0.5097979250506917, 0.9121354118471339, 0.9070868158822682, 0.2953493796638791, 0.686725285909666, 0.7717611889622302, 0.6486092415330317, 0.9707814568118867, 0.6621011476539101, -0.17652492035372097, 0.18624337378487438, 0.6345868803772614, 0.6389119790555036, 0.6811733485631154, 0.9720745102548235, 0.9721291550299885, -0.025130131944057645, 0.20266774281412597, 0.05759276354268922, 0.023848778943786262, 0.05068462644991697, 0.06988957900999924, 0.03684079384687186, -0.012174199206291383, 0.40451418994673116, 0.13644445734930874, 0.0842775652937833, -0.5223279152904413, -0.5558043458957554, 0.6239799354933766, 0.7387697678841624, 0.7632393314416048, 0.8267798347681656, 0.8245623375955429, 0.5186696816851223, 0.7240946691567762, 0.759281286947463, 0.7580029776359597, 0.4041131036739196, 0.2569898773861195], [0.9954688024290326, 0.9890136233258149, 0.9910239569890735, 0.9959803160145467, 0.9983293661404496, 0.9885585823542171, 0.9981405449390568, 0.9999968944492375, 0.9999814435346401, 0.9668475931106579, 0.9996769085205296, 1.0, 0.9996479261823736, 0.9999976530043149, 0.9999845145951717, 0.9971282554049447, 0.9993661025154393, 0.9998997987312661, 0.9998995041330049, 0.9999647091408271, 0.9999949242513616, 0.9908016670364926, 0.9756583069547689, 0.9924402211817949, 0.992990639738705, 0.9841693445404844, 0.9739214319435029, 0.942336215501435, 0.9894302601394349, 0.994341956869478, 0.991729900081289, 0.968272061047385, 0.9994711340347504, 0.9995355744175582, 0.9996482554264404, 0.9996897850900358, 0.9988799354538392, 0.9994560312973984, 0.9991548030912886, 0.9986354241277661, 0.9995420661583764, 0.9994037654772859, 0.9843542421018155, 0.9304985044218075, 0.721130313322419, 0.935878705519947, 0.9145573911939864, 0.7833953415890937, 0.9576743722307264, 0.9362559472312959, 0.9593002288081347, 0.9521608297185105, 0.9459585986091286, 0.9800995125864053, 0.9769758755012318, 0.9352532330259651, 0.9497934113245036, 0.9613596006514733, 0.965353592617579, 0.9636667748226255, 0.9392234407074305, 0.8801023707031307, 0.9394885931630879, 0.9476155080542017, 0.9263466117709399, 0.8619666567812978, 0.9571184719304695, 0.9230892447757872, 0.9561611105891307, 0.9359660301970182, 0.7202403124347633, 0.8177317340615342, 0.7515329089878988, 0.8351231026079382, 0.8636193181298071, 0.8702340747840556, 0.8507862226302234, 0.8602722034256368, 0.2373637811219536, -0.6115645898992227, 0.9532016730802604, 0.9272286123035336, 0.9286749561970344, 0.9410548032900392, 0.9489401321943767, 0.9612737035113127, 0.9613232819851958, 0.9165152090486078, 0.9544852252000945, 0.8074995507697791, 0.62056784190128, 0.9152823604907985, 0.9316122316662474, 0.7348023348579653, 0.9192942086370116, 0.9406602761167887, 0.8067025173048886, 0.9694203414803777, 0.835374200325498, 0.6180520460735206, 0.6872645415772243, 0.8453033802330725, 0.8350557299012974, 0.8332044219390599, 0.9770521621989574, 0.977293807513473, 0.7131957722865089, 0.672763436537841, 0.7858479550481484, 0.29581976732805376, 0.7611854198799122, 0.7885779569565455, 0.7847911593606635, 0.783620840824768, 0.7234566756466857, 0.7224007476925599, 0.7000971544529023, -0.27184369879702597, -0.41778875630655155, 0.6243509999896723, 0.8834639111044946, 0.927993050846964, 0.9379220404682563, 0.9115453618620236, 0.8129416821999296, 0.9078400410734354, 0.9298673035831396, 0.9295228043327982, 0.7551188782899395, -0.12537892990835217], [0.994688743717103, 0.9888346596582775, 0.9929598536687344, 0.9954106000038726, 0.9981168806724802, 0.9897114351351796, 0.9990705235277042, 0.9996629698275072, 0.9998369917695118, 0.9657724967605847, 0.9996550642225918, 0.9996479261823736, 1.0, 0.9996845354939713, 0.9996703075085839, 0.9991197325055943, 0.9989163869299567, 0.9994732436487337, 0.9994660203313691, 0.9996651107664515, 0.9996391391988431, 0.9927939296928381, 0.9772765738949379, 0.995775701390973, 0.9956654154971094, 0.9840064845191898, 0.9767370767747603, 0.944834146251362, 0.9885681188176882, 0.9923540425658092, 0.9907867811938071, 0.9658555454114187, 0.998762613217625, 0.9990719663942994, 0.9992655923435336, 0.9999201968793668, 0.9988262541475899, 0.9990447399298412, 0.9985961896995792, 0.9979466986058292, 0.9987546872231392, 0.9986805231426238, 0.988330745648675, 0.93045954277563, 0.7169478504737107, 0.9359917762188249, 0.9144559991523598, 0.7826861424203696, 0.9531931694299092, 0.9292968271082608, 0.9541999393540559, 0.9486806590346952, 0.9418879180000446, 0.9765406144079423, 0.9748637875119199, 0.9586362864336656, 0.9494660029901112, 0.9616374007839381, 0.9646082606783701, 0.9634842191800973, 0.9627899855747195, 0.8841899121863461, 0.9364801817239762, 0.94596266596969, 0.9456797927628343, 0.8600950774271261, 0.9574332139900159, 0.9348431786790531, 0.9580498022843761, 0.9566809139603942, 0.7247240649562041, 0.8146502414180097, 0.7769491915797782, 0.8327048265855233, 0.865071063722583, 0.8693151969826051, 0.8589779755739452, 0.8593027967407356, 0.22187083743317787, -0.6060827072785627, 0.9522838693972119, 0.9269101236688198, 0.9275805822384678, 0.9614845233181536, 0.9483231526791277, 0.9600345060467379, 0.9600384664834796, 0.9162475167374453, 0.954816900991756, 0.814216816757721, 0.6210166539172229, 0.9158248570063128, 0.9323014061372087, 0.7319113817196369, 0.9173377797696608, 0.9390142672255571, 0.8076517163189308, 0.9720894566069098, 0.8293596498860857, 0.6097668701556332, 0.6826819095611496, 0.8364498837426598, 0.8296911533119689, 0.8250606465654379, 0.9789648688025011, 0.9791651669093827, 0.7039557096867176, 0.6672872895245082, 0.7650664312932802, 0.2955192142487699, 0.7511517541301042, 0.7772154333908564, 0.7537959893365682, 0.7725204663723585, 0.7211450264776083, 0.7121795938799974, 0.6901377231062065, -0.2785714900619612, -0.4229176829511905, 0.6239283032376826, 0.8812250067619574, 0.9293966079034984, 0.933351425704667, 0.9107102592746106, 0.8050747924773703, 0.9014870724268051, 0.9227613749633393, 0.923099644972563, 0.7489502892358196, -0.12364470487064992], [0.995379377216696, 0.9888839004058305, 0.9911871164253754, 0.9959073056042156, 0.9983172365847028, 0.988673310213064, 0.9990253415810536, 0.9999978652979394, 0.999989988475614, 0.9665765366168674, 0.9996631324187204, 0.9999976530043149, 0.9996845354939713, 1.0, 0.9999886145176721, 0.9986482090745591, 0.9993354122634927, 0.9998921036013829, 0.9998912981271219, 0.9999588570615241, 0.9999923483374225, 0.9909282530480222, 0.9758318870068715, 0.9942788875628719, 0.9941216816493221, 0.9840866044278953, 0.9741273240935197, 0.9424904441220663, 0.9918998005244805, 0.9946553978732842, 0.9915999980145597, 0.9680250047243164, 0.9994445513275028, 0.9994962696325529, 0.9996248537880612, 0.9997064029558103, 0.9988322591821397, 0.9994212551234618, 0.9991818115386086, 0.9985768698329712, 0.9995119577820107, 0.9993770840372531, 0.9845252828191057, 0.9303147176198021, 0.7204957344590743, 0.9359663306719849, 0.9144869375957607, 0.7827758345577319, 0.9574566042869503, 0.936014514849718, 0.9591105072372514, 0.95175274628782, 0.9455002590071565, 0.9799081511763312, 0.9767517923873948, 0.9352690768294231, 0.9496944208854958, 0.9612244794219411, 0.9652509304528615, 0.9635226465161781, 0.938660870562326, 0.8801041286255468, 0.9390132452320036, 0.9472422676966219, 0.9261459365979096, 0.86161619533702, 0.9571659655644089, 0.9232486379849194, 0.9561462419306548, 0.936020884979062, 0.7204682648890083, 0.8171443825824877, 0.7512576214677114, 0.8345926732421897, 0.8634163291239914, 0.8698958204281593, 0.8505116889543821, 0.859992592489793, 0.237341047377621, -0.6113971518032356, 0.9530142009737586, 0.9269890859569788, 0.928481555808535, 0.9388911457289948, 0.9488620621138901, 0.961092549743123, 0.9611384867274578, 0.9164278962772784, 0.9543250394067324, 0.8074927154372277, 0.6203889001693986, 0.9157757303053855, 0.9320085398680138, 0.734444523281932, 0.9191048111477573, 0.9405019571827699, 0.806409523555694, 0.9696097835180854, 0.8349979616206716, 0.6169210704083468, 0.6864617761515325, 0.8448879935034479, 0.8346878591722401, 0.8328367564503197, 0.977189306168767, 0.977427408368378, 0.7120749647517516, 0.6717248562168902, 0.7852877449945874, 0.295244293743961, 0.7604932064373614, 0.7878440164808345, 0.7844163824733318, 0.7828328324528833, 0.722940140417511, 0.7211151205213827, 0.6988178000525639, -0.2726780653003007, -0.41852179679787355, 0.624090002095059, 0.8828793161045801, 0.9277447135100956, 0.9375019634890286, 0.9111633016249884, 0.8122065266715476, 0.9075455123610204, 0.9294106515527418, 0.9291971698126681, 0.7545838503737727, -0.12461011714340921], [0.9955129630993386, 0.988979607549302, 0.9911051382905037, 0.996019834687425, 0.9983830356633975, 0.9887901779038348, 0.9988021981563779, 0.9999818233913397, 0.9999964261153721, 0.9661286954163892, 0.9996694555644271, 0.9999845145951717, 0.9996703075085839, 0.9999886145176721, 1.0, 0.9986489595907295, 0.9993730323360408, 0.999888252640339, 0.9998883927989942, 0.9999570364878165, 0.9999779536716178, 0.9908500939274112, 0.9758434718299879, 0.9927721082608902, 0.9928010619200583, 0.9841464747426852, 0.9738676514735973, 0.9424176247590783, 0.9919465559349545, 0.9942536597410749, 0.9914455399408845, 0.9678947953725657, 0.9994832683203565, 0.9994799638073728, 0.9996100366551212, 0.9996969216574483, 0.9988504691784258, 0.9994243875683341, 0.9992108872934868, 0.9986293504130045, 0.9995423669870728, 0.9994214251926854, 0.9843280584956579, 0.9303480886911385, 0.7211371377960658, 0.9359034264941714, 0.9146101376280803, 0.7830894615861163, 0.9580482182339721, 0.9370720929433999, 0.959755366771191, 0.9519309737403457, 0.9456870631095698, 0.9803832895705881, 0.9769079540267713, 0.9360572790280659, 0.9500937288326166, 0.9616117004021715, 0.9654148488586511, 0.9639185942046098, 0.9399662187609752, 0.8802405202405503, 0.9385880186328953, 0.9475348664540012, 0.9268779685726012, 0.8614762228676922, 0.9575526616921823, 0.9238663482794864, 0.9566605017653907, 0.936924885185934, 0.7202139047620733, 0.8167816779171291, 0.7522098689122477, 0.8340241496807789, 0.863368762020038, 0.8693608510432604, 0.8509668262956377, 0.8603898364558364, 0.23667581099024948, -0.6111009015666355, 0.9530532463991525, 0.9272027538954317, 0.9287321187351512, 0.9418581130940253, 0.9493449894817843, 0.961233082734388, 0.9613438914814636, 0.9167641150058832, 0.9546696126014033, 0.8073964552048877, 0.6191976358754953, 0.9152789684827506, 0.9316737110643973, 0.733428047948337, 0.9186647340308822, 0.9400149170592061, 0.8055295662404675, 0.969234946831664, 0.8359535575278011, 0.6165884980371364, 0.6854623821671401, 0.8453835303415853, 0.8350702567530066, 0.8335479540034237, 0.9769635791344704, 0.9772352296471298, 0.7107618351333842, 0.6695157286657853, 0.7863556023088482, 0.2936618809857378, 0.7607070043719545, 0.7882103497312003, 0.7856227014569007, 0.7830242782345437, 0.7212253904743695, 0.718894399899042, 0.6965621566725372, -0.27178489634535613, -0.41772585943177937, 0.6240587056942271, 0.8820487364589792, 0.9283390340535463, 0.9380111458826749, 0.9104543671199954, 0.8123772570322526, 0.9085764892974504, 0.9299971267449226, 0.929883954257899, 0.7544764612230389, -0.12476109927929328], [0.996590688067278, 0.9936567000988349, 0.9917281642723973, 0.9971129992582002, 0.9986464773043416, 0.9916795883642188, 0.9981630475561446, 0.9964956585256619, 0.9989926864831876, 0.9674651220434235, 0.9994257633809395, 0.9971282554049447, 0.9991197325055943, 0.9986482090745591, 0.9986489595907295, 1.0, 0.9990574433474366, 0.9989885846602242, 0.9989857499188348, 0.9988029288666018, 0.9985426386576842, 0.9923714038014126, 0.9785272164651175, 0.9838222368911619, 0.9901799671142133, 0.9895864001541198, 0.9759465996075619, 0.9496618124583511, 0.9929440171270693, 0.9930336950583682, 0.9904433190023393, 0.9679026161222624, 0.9987930727985919, 0.9987200546900338, 0.9989488615113568, 0.9986668685560642, 0.999393668796873, 0.998866353313893, 0.9989126409509056, 0.9984041779661879, 0.9986805121771757, 0.9987440123695689, 0.9834019289846755, 0.9237841396219747, 0.7260172203988304, 0.9296594520872447, 0.9170473445011875, 0.7997092714821284, 0.9610830680069714, 0.9408026078050287, 0.9631684889796244, 0.9515871124153832, 0.9439400362706464, 0.9807745529897693, 0.9761848418110429, 0.9481889095680726, 0.9589372608210405, 0.968234531190771, 0.9698369151849261, 0.9697054668752514, 0.9510728168050466, 0.8918139861866606