var config = { responsive: true }

var correlationAdjClose = {"data": [{"type": "heatmap", "z": [[1.0, 0.9999925206428666, 0.9838646616112602, 0.9999205080380899, 0.9988173829122009, 0.9888978259004934, 0.9973482452394209, 0.994955092908494, 0.9952388477710614, 0.9797485581021086, 0.9911812710616383, 0.9951088030009505, 0.9942809868553298, 0.9950132646833617, 0.9951663198029287, 0.9963679724511139, 0.9981917084871901, 0.9957784868251797, 0.9957989096283235, 0.9958088950247308, 0.9950611629855651, 0.9847537999294668, 0.967387216267179, 0.9870662862740828, 0.9858496123256933, 0.9778298786542902, 0.9613494777584505, 0.9392682894560098, 0.9946694500922165, 0.9947229405100658, 0.9917690300400047, 0.9746874132173842, 0.9972588286458756, 0.9975789826488386, 0.9969069038514521, 0.9951779231674956, 0.9945801138638232, 0.9974125756085207, 0.9974826289606386, 0.9986831663714114, 0.9971949037636241, 0.997212091368745, 0.9758154081826332, 0.9273370191376363, 0.7640270943439412, 0.9027480664310914, 0.9189806334957749, 0.8523826149096373, 0.970916621818819, 0.9444960699710844, 0.9720439248327886, 0.9681589720859015, 0.9632919218761639, 0.9864796483053604, 0.9828090013951923, 0.9830762490236036, 0.9756627098044607, 0.985032694327409, 0.9822825841821407, 0.9857006008096897, 0.9854684281602459, 0.962986711480098, 0.9644028273847726, 0.9704730983944183, 0.9701605756463998, 0.9412511763433614, 0.9742121888018453, 0.9726630724876137, 0.9810510463411733, 0.9801207186979201, 0.9338134772369793, 0.8508532581375132, 0.8190394595597741, 0.8696167292918465, 0.8989435209726551, 0.8928303134360922, 0.8975440324394179, 0.8963424887068886, 0.6043893777347542, -0.5157113241158002, 0.9747981357311114, 0.964166121111285, 0.9607818540885967, 0.984038277364089, 0.9468155266931165, 0.9801575598171004, 0.9801370346603162, 0.941670953690632, 0.9805288988213776, 0.9465361282147878, 0.5947167918560617, 0.8343370153074661, 0.9100973836170154, 0.19353311743306503, 0.9140728170598608, 0.9358960182359676, 0.8051406962422704, 0.9538446222324852, 0.896378069249783, 0.6730357964689782, 0.40825626265546916, 0.8920145665063991, 0.8609902134287664, 0.8880274194970098, 0.965349205597646, 0.9656558843841492, 0.7381095855786476, 0.6975422372535742, 0.8274795007655452, 0.3267369757553395, 0.7949787933689989, 0.8332092900062142, 0.8196160835640572, 0.8179321872958883, 0.7318036088284146, 0.736698555951451, 0.7160594471318832, -0.2260286330323121, -0.3592227320186483, 0.6122604620976231, 0.9010871145044056, 0.9473672012369195, 0.9507367595815603, 0.9197959601907268, 0.8278023382186781, 0.918560191525306, 0.940859137290833, 0.9406010828687785, 0.8760672247176776], [0.9999925206428666, 1.0, 0.9801407360682935, 0.999746225620514, 0.9971718706967803, 0.9898326965784557, 0.9922860058048877, 0.9871910440452024, 0.9872359798941781, 0.9654844461883032, 0.9899333261181578, 0.987488941987573, 0.9872748198619021, 0.9873305853008124, 0.9874370643796343, 0.9927885193912224, 0.995054578507854, 0.9910842322886448, 0.9910852575321606, 0.9873260408297008, 0.9873940627743827, 0.9865825079497131, 0.9577851502961614, 0.9821119140961615, 0.9816615136639215, 0.9777155926714981, 0.9688344616329876, 0.9011060910422372, 0.9880838231156527, 0.9831490904746903, 0.9759616527018852, 0.9094698135223377, 0.9941950550328854, 0.9939831661154922, 0.9942988587644871, 0.9888208114700507, 0.9936104825706938, 0.9942692329414644, 0.9946277051608581, 0.9966214498628921, 0.9943119771288685, 0.9943202174548882, 0.9840324752334284, 0.9269606989459469, 0.6509356982895791, 0.902514307362485, 0.9191758796181033, 0.8525478618308229, 0.8902007353096663, 0.9143860331220685, 0.8941390251633989, 0.9067232459772467, 0.8890434928117112, 0.9569631742465239, 0.9568275193721552, 0.970889994357484, 0.9755964873037667, 0.9681729559788682, 0.9678605639002058, 0.9713152612710199, 0.9712273050918685, 0.92745443556056, 0.9358758005994195, 0.896648339770452, 0.8964944636456241, 0.7775467995534056, 0.9653484892375246, 0.9679575330304133, 0.9683085830097968, 0.9677195652002647, 0.9233572995074866, 0.6098598112404321, 0.5476550105625146, 0.7123916320726928, 0.8159098794330454, 0.7351314068740687, 0.77840408475626, 0.776751590971671, 0.5368923593568419, -0.26496681477905937, 0.9498393185412316, 0.9583913566630997, 0.9494992258552842, 0.9720372533461972, 0.9194632887901801, 0.9552868998568693, 0.9541548579105735, 0.8867329888405793, 0.9589212770459095, 0.8939444610730088, 0.37995077608869215, 0.8337987575626291, 0.8365343959962216, -0.1985640036406437, 0.5835614403899926, 0.6949122985626788, 0.6139177213427235, 0.9489802702899023, 0.6351495866138502, -0.180957774173609, -0.13068681167229648, 0.601865750823808, 0.6107171893008337, 0.6573127315783778, 0.9508296000021035, 0.95063016643767, -0.11328468787576153, 0.1132140170503157, -0.04479345313959409, -0.06439945667905597, -0.03700307542043423, -0.02095019321101746, -0.051914149304609, -0.0899775074318755, 0.2814273644640986, 0.0392357099874934, -0.006812016496566674, -0.4575045786291782, -0.485470442807991, 0.6128270965457885, 0.742334897100268, 0.7638643442042653, 0.827134647664812, 0.8205659221340121, 0.5209165840017665, 0.7285709871975286, 0.762909310274817, 0.7613542615860761, 0.4146489306874967], [0.9838646616112602, 0.9801407360682935, 1.0, 0.9853310652796476, 0.992277772143658, 0.9892418374816208, 0.9905754097172194, 0.9908827926132736, 0.9942150073074499, 0.9529770548597947, 0.9966527103328617, 0.9907902634409402, 0.9927523593184722, 0.9909491057212731, 0.9908556496267801, 0.9914094620299536, 0.9888881929742039, 0.9893810182217265, 0.989351868559441, 0.9927134206641418, 0.9908157340289945, 0.992925985893983, 0.9774595211531922, 0.990220077315929, 0.990594694327323, 0.9757336163637973, 0.980448965405079, 0.9431356438067154, 0.9738158642212715, 0.9768820393145444, 0.9783851334865212, 0.9497631373504463, 0.9877910475745096, 0.9909162532561027, 0.9890968837624927, 0.9929668913661087, 0.9942710620913496, 0.9919071841240131, 0.9871476942179318, 0.9867170703905007, 0.9880640682589238, 0.9874201698116044, 0.9898996202854466, 0.9268229585454126, 0.7060621593709397, 0.9295465395423234, 0.9050111339096084, 0.7538627448903917, 0.9319236230929111, 0.8993935557908052, 0.9330710511346242, 0.9280252860509957, 0.9208463977449768, 0.9537574719894052, 0.9604891989310262, 0.9268892758192069, 0.9420559162648866, 0.9502687044882869, 0.9553852412119804, 0.9510034368333434, 0.9252505362431211, 0.8869365726336585, 0.9190199289151115, 0.9211402792745335, 0.9052098974829624, 0.8534949202466986, 0.9553502890260515, 0.9320697396119321, 0.9508156336249038, 0.9288625652385986, 0.7487729207404789, 0.7861474071508006, 0.725396526852697, 0.8066466522367706, 0.8557334544206284, 0.8519766359723739, 0.8261502040285323, 0.8397316649858333, 0.2772478004466708, -0.5217633917344813, 0.9402307492989991, 0.9071983281683307, 0.9136431703055534, 0.9275415772777519, 0.9099375746633357, 0.9464417255879837, 0.9461729913190172, 0.9025226729671496, 0.9434721325085903, 0.8219483124228595, 0.5631545947015989, 0.9196670447640714, 0.9294323717243996, 0.12135061291755408, 0.8922028399877888, 0.9170336054571007, 0.7902588023664079, 0.975740227849272, 0.7788532366279411, 0.5823450445165945, 0.32491420624527567, 0.7850782073189406, 0.7853787402808398, 0.7734328105485573, 0.9797430197457295, 0.9798306946315763, 0.6549977139210649, 0.6287401591830764, 0.7151759248073547, 0.2526486746480245, 0.6885197431119777, 0.7126799844671222, 0.728304358825434, 0.7092521960110395, 0.6815958064610063, 0.6594985770968205, 0.6367640761028335, -0.3044233185923735, -0.4368448261427167, 0.5594545230183069, 0.8593476372047225, 0.897745788693522, 0.8982397110771827, 0.8918505501375185, 0.7559374779601548, 0.8718211978631126, 0.8862057890845518, 0.8952521105672966, 0.7404517847743535], [0.9999205080380899, 0.999746225620514, 0.9853310652796476, 1.0, 0.9991410206399053, 0.9897660501577208, 0.9977301635687181, 0.9955183690128661, 0.9959166520737411, 0.9795415269966711, 0.9928932887762535, 0.9956545495473466, 0.9950402104205958, 0.9955747098743672, 0.9957031733694829, 0.9969029341952728, 0.9985155952949769, 0.996268908000835, 0.996286209968265, 0.9963945332392322, 0.9956089965685806, 0.9860674162777544, 0.968741220066098, 0.9882261140054255, 0.9871199240170525, 0.9807851889816284, 0.9635292465410508, 0.9405132482553655, 0.9942457442553276, 0.9944606422773002, 0.9919769442715012, 0.9744635960364355, 0.9974540703720665, 0.9979402496283739, 0.9972592547517193, 0.9957933122254656, 0.9955964571514568, 0.9978132238871211, 0.9976227971498052, 0.9988228134220691, 0.9973800435504118, 0.9973933815670597, 0.977651596347844, 0.9231908467968645, 0.7577660466169142, 0.9034951853644378, 0.915711848668886, 0.8416749501637395, 0.9681172019595433, 0.9410641792748534, 0.9691281088898848, 0.9655788501246154, 0.9605627474165822, 0.9844499883239034, 0.9813185979609605, 0.9810957317939324, 0.973415927371958, 0.9832743654828467, 0.9811984501085763, 0.9838625758401365, 0.9836302221335967, 0.947609408781472, 0.9625234028019471, 0.9686878808869953, 0.9683780101285024, 0.9340348608099179, 0.9732350325299634, 0.9685092192073612, 0.9790059304586118, 0.978035996999893, 0.9021606713546257, 0.8485553854721156, 0.8138925890310184, 0.8669725692578446, 0.8950127007178804, 0.8917926415523753, 0.8942393732654521, 0.8931224809383421, 0.4970969325869819, -0.5160106287838575, 0.973335548901947, 0.9612858323582923, 0.9581279640056704, 0.9820657102857131, 0.9451242658420229, 0.978882735957187, 0.978867406469039, 0.9401475559699237, 0.9785430767455446, 0.9235569806902786, 0.6007434531137723, 0.8446557317901252, 0.9147513001520962, 0.1943007144960394, 0.9158462167348272, 0.937419977853889, 0.8055901528650996, 0.9554255282692512, 0.8903077909114178, 0.6702077034268713, 0.4057468741688951, 0.8870452578394336, 0.8575624908403184, 0.8827172253501786, 0.9665268856042363, 0.9668416793692034, 0.7373807087240202, 0.6980602032504175, 0.8196277754539681, 0.3290983432564202, 0.7895318900356513, 0.8250636056472983, 0.8115465637366849, 0.8127794082593416, 0.7350210284464712, 0.7370056402983659, 0.716428279189943, -0.2213947985094896, -0.35842677519474864, 0.6100445486837089, 0.8993395869676394, 0.9457618446404815, 0.9491615503968165, 0.9188832038284627, 0.8250971968472682, 0.9167519241430196, 0.938825102206697, 0.9387226084150933, 0.8683618163562563], [0.9988173829122009, 0.9971718706967803, 0.992277772143658, 0.9991410206399053, 1.0, 0.9923411615426775, 0.9990512260011558, 0.9981601886343161, 0.9982141010477198, 0.9724899706397637, 0.9973939352356014, 0.9982165698416622, 0.9979507169026377, 0.9981967226896568, 0.9982642813523844, 0.9985193613462557, 0.9990831315634247, 0.9986220448668836, 0.9986258052676389, 0.9982978740602432, 0.998199749354606, 0.9931332141078115, 0.9764738021316585, 0.9931976175036372, 0.9930981601741603, 0.9850455220124178, 0.9782258111242824, 0.94387030913883, 0.9909142838831076, 0.9929193840119814, 0.9900464288996828, 0.9651873175866396, 0.9989782446510154, 0.999001003092059, 0.9989826756733564, 0.998330380546266, 0.9985505678857136, 0.9990787729118831, 0.9991426238625847, 0.9989772251424929, 0.9989605210267808, 0.9989615945720681, 0.988319177557473, 0.9331055056057677, 0.7336826578249898, 0.9204068415214003, 0.9181038640017959, 0.8203642505423174, 0.953006244582957, 0.9265414438924505, 0.956553938208384, 0.9568588840813131, 0.9518083191044199, 0.980396664828183, 0.9803159163739011, 0.9762551900472295, 0.966208947201647, 0.9772359493845139, 0.9759616215581272, 0.9775485105720182, 0.9772612235312554, 0.9489128182656251, 0.95072919307458, 0.9470862188639707, 0.946686354637255, 0.895786564516901, 0.9694710124813785, 0.9661987352440804, 0.9733555831681105, 0.9723243055667207, 0.9270202394020064, 0.8209867527540524, 0.771435076114325, 0.8468461679691994, 0.8955745209816505, 0.8751252655039783, 0.8845535153885228, 0.8834819851792058, 0.6534853876878465, -0.5885058507651815, 0.9648503503948721, 0.9466528867544779, 0.9452646517769004, 0.9775714548730323, 0.9258184660519847, 0.9699638297433167, 0.9694733902067665, 0.9270170271773442, 0.9722458732555114, 0.9318671940613733, 0.5853917029980503, 0.8719902650440875, 0.9363475097908339, 0.09560831056088004, 0.8898956560177939, 0.9185655031106513, 0.7987698214904131, 0.9617669974707911, 0.8768447032429902, 0.5256623258824354, 0.271286054199423, 0.8638068107230313, 0.8134231075665374, 0.8647598959246965, 0.9712554300635867, 0.9715042100910123, 0.688433833870675, 0.6768342568546455, 0.729900315638309, 0.301285255281689, 0.6654538013553347, 0.7389953230199002, 0.7143800313720392, 0.6948827616246852, 0.7168997195737886, 0.718101213838694, 0.696467546355655, -0.45187887142401123, -0.5253772740872341, 0.5956338440126915, 0.8913905444062523, 0.9290065702016904, 0.9396169629859898, 0.9147904338470734, 0.7989074855360009, 0.8970099424121435, 0.9221451661336899, 0.9215668456759346, 0.8012465760912888], [0.9888978259004934, 0.9898326965784557, 0.9892418374816208, 0.9897660501577208, 0.9923411615426775, 1.0, 0.9893809369026572, 0.9890344145817671, 0.9883727769389858, 0.9665632064430949, 0.977799190507846, 0.9890103456116791, 0.9900278975776616, 0.98909932272407, 0.9891921600097509, 0.9920168899783122, 0.9900618634556415, 0.9899845673966242, 0.9899594730387736, 0.9878123386491171, 0.9890308377906419, 0.9962199005163962, 0.9908979604535403, 0.9884110192793204, 0.988052484436603, 0.9631912389280786, 0.9834334562588144, 0.964152540106521, 0.9754423823342033, 0.9785699266862555, 0.9872320011456976, 0.9745710729500942, 0.989416085909808, 0.9895199528920143, 0.9903452769639177, 0.9900658057002419, 0.9813721573698331, 0.990177324606023, 0.9897364336874745, 0.9896398363573625, 0.9895127717137433, 0.9894859919979948, 0.9940817295817307, 0.8875511128696083, 0.7443254954997068, 0.8774866017546625, 0.9186187049778425, 0.852072491181303, 0.9425381567044803, 0.9143519281861422, 0.9440836610973286, 0.9503440166417385, 0.9410661025387033, 0.9653822227184313, 0.9698120002407582, 0.9655909925010576, 0.9765175032651501, 0.9669997202938575, 0.9785778424987402, 0.9669913754851516, 0.966433536131243, 0.9639264177059328, 0.9563518515600439, 0.9428644050902848, 0.9423720033126698, 0.9267703967084665, 0.9751009731131516, 0.9673283893160428, 0.966397486079491, 0.9646513015492685, 0.9437430233453581, 0.848388477110632, 0.8002484631769722, 0.8685374672174123, 0.8894969324458647, 0.8964987200675435, 0.8806518829760436, 0.8788628650841387, 0.6226585215907061, -0.4867181234540439, 0.9718119500109235, 0.9651257812392511, 0.962193698421618, 0.9668554889835388, 0.9435673607023422, 0.9727488931899061, 0.9724637869687517, 0.9492748890909596, 0.9622778135299942, 0.9492761070826732, 0.5990548976688346, 0.7995789671474651, 0.9301756143695757, 0.1990203387551972, 0.9035855373158227, 0.9238333442841496, 0.8027214636494134, 0.9513965358354209, 0.849481078390946, 0.625926141311993, 0.3904369274536566, 0.8466793105289769, 0.8203256659355048, 0.8433107262343078, 0.953922563023024, 0.954097043871996, 0.7031891099162104, 0.6801736608965147, 0.7668338613063665, 0.33040491385582, 0.744580434921512, 0.7745114149815923, 0.7601758536761749, 0.7627884105830658, 0.7230707911785628, 0.7103680774583281, 0.6918509126219908, -0.25240613953137425, -0.3771188149224469, 0.6462989063061139, 0.8907221606016841, 0.9085537274799502, 0.9157577457804953, 0.9036591538365389, 0.8033080094856182, 0.8769454038838671, 0.9002891542348758, 0.9001556569507915, 0.8467246634517451], [0.9973482452394209, 0.9922860058048877, 0.9905754097172194, 0.9977301635687181, 0.9990512260011558, 0.9893809369026572, 1.0, 0.9970161479244041, 0.9995097482879312, 0.9710793254043907, 0.9993828956030406, 0.9980266911638044, 0.9990431927907867, 0.998960521911848, 0.998721594750748, 0.99804954895161, 0.9998265142950366, 0.9992110056037298, 0.9992174374356144, 0.9996318361782076, 0.9991783420597145, 0.9905661740047894, 0.9732619820997335, 0.983418497487882, 0.9920934369954841, 0.9841648140172503, 0.9702861482772588, 0.939084379325973, 0.9925683984044157, 0.9917197400351421, 0.9929553234019238, 0.9707220629295693, 0.998758924538346, 0.9998050601555027, 0.9995992456589236, 0.9993638461417225, 0.9996153434990999, 0.9998373054205999, 0.9977853434737864, 0.9994941505686694, 0.9992308878892167, 0.9988171111952256, 0.9832384889507539, 0.9358561070416737, 0.7465462264732525, 0.9302078845283258, 0.923167905830602, 0.8074241335826348, 0.9612502783199235, 0.9400637705294277, 0.9621566434037988, 0.959962289010067, 0.9556201632783039, 0.9821664693503933, 0.9800050162933367, 0.936657572309105, 0.951837949213134, 0.966566463809861, 0.9669033263914895, 0.968518881342395, 0.9372615526427216, 0.8820746230157747, 0.9398620996267364, 0.9528951792591163, 0.9296230026508494, 0.8684941222640188, 0.9580949655899458, 0.925018955317769, 0.9598040372015354, 0.9368520996567233, 0.7134051190047204, 0.8153547198817123, 0.7477870025134475, 0.8321272689145224, 0.862937478274704, 0.8662085924497352, 0.8473500866265263, 0.8598762625951092, 0.2321266214981063, -0.5521359061469867, 0.95469705400967, 0.9288275064866256, 0.9297558354424732, 0.9394255956754064, 0.9263582212057213, 0.9635710447279987, 0.9636945268973968, 0.9177364142212717, 0.9596425710954705, 0.8072102171052823, 0.5823774321327833, 0.875046354574327, 0.9143709557663054, 0.17342470706081442, 0.9132992951032047, 0.9361054675869331, 0.7990235539791716, 0.9618747770796394, 0.8308799840022969, 0.6559031768275483, 0.3861900490814736, 0.8426634793279184, 0.8350004034692515, 0.8280612723771765, 0.9716904180592922, 0.9720009723989745, 0.721734281456286, 0.6721474929568765, 0.784170641178471, 0.29589863294215774, 0.7651641801936478, 0.7937897824169459, 0.7850576586865021, 0.7902651140716359, 0.7121271038780164, 0.7221003847144007, 0.6996373723711544, -0.242042720808464, -0.3862055413978659, 0.6153225662714252, 0.8915116148930123, 0.9313146988648731, 0.9463279563593857, 0.9169693911234361, 0.8222459815358409, 0.9154887482704062, 0.9376982017406457, 0.9370197464068992, 0.7742960402028529], [0.994955092908494, 0.9871910440452024, 0.9908827926132736, 0.9955183690128661, 0.9981601886343161, 0.9890344145817671, 0.9970161479244041, 1.0, 0.9999835275633355, 0.9647585755579439, 0.9996022964223948, 0.9999968416932855, 0.9996460393630797, 0.9999977149198525, 0.9999807735081498, 0.9962652078688425, 0.9989659818586422, 0.9998799017578439, 0.9998797492194575, 0.9999537646770442, 0.9999942427851257, 0.9907532302827109, 0.9741123528455674, 0.9913268260030451, 0.9925727660002432, 0.980459336996352, 0.9724299321354731, 0.9374341655520946, 0.9889142418729826, 0.9944421564220048, 0.991690345999191, 0.9673150952194589, 0.9994223435659495, 0.9994699161189631, 0.9996106090903941, 0.9996644311013682, 0.9986380164531946, 0.9993706830510407, 0.9990860446883988, 0.9981624026808722, 0.9994928496311191, 0.9993515134164107, 0.9845506000032024, 0.9370851134236264, 0.7334684226901272, 0.9385111861689337, 0.9213456006873113, 0.7847866754334839, 0.9600397429079474, 0.935111977928285, 0.9606024077988745, 0.9535538519887358, 0.9492742740333676, 0.9802951106028039, 0.976758880116586, 0.9304516654166242, 0.94446392543734, 0.9578236455176455, 0.9621451469057946, 0.9603357611631126, 0.9351599406102868, 0.8695332857571197, 0.9329244634634457, 0.9444740436010536, 0.9232945971868051, 0.8518367421398446, 0.9536525370948863, 0.9166451453532223, 0.9523897765118409, 0.9310130681287891, 0.6943420232752712, 0.8042576151083811, 0.742589378734396, 0.8208802303966695, 0.8530605322908889, 0.8593385247722262, 0.8417349459503062, 0.8510114027529655, 0.20973328465772395, -0.5596126074669625, 0.9483489638653716, 0.9166625602439857, 0.9198240509016897, 0.9370347130534903, 0.9176804193289506, 0.9574783277206901, 0.9576232163581961, 0.9090853595699873, 0.9503832349716104, 0.7900793351687422, 0.5764877075094776, 0.8996873807808766, 0.9277675638745806, 0.16022654460640154, 0.9121815291310305, 0.9353794296106873, 0.7961150525332256, 0.9669202745889145, 0.8353408735301123, 0.6421040392254632, 0.37151967275713754, 0.8445220826558348, 0.8321689361663355, 0.832136683964563, 0.9749489326177717, 0.9752606095411959, 0.7113815759999903, 0.6626079109957055, 0.7867694175000752, 0.27981226904497764, 0.7601834070703648, 0.789825113470464, 0.7869343828080688, 0.7850307792080845, 0.7039754065527015, 0.7153963104701329, 0.692182970953342, -0.2599672690779758, -0.40322632530886293, 0.5942854075416883, 0.8826256078124661, 0.9293127877533752, 0.938613070200023, 0.9103654649797093, 0.8104265488739614, 0.9090255452936307, 0.9314520538729858, 0.9310390653555787, 0.7532453629780065], [0.9952388477710614, 0.9872359798941781, 0.9942150073074499, 0.9959166520737411, 0.9982141010477198, 0.9883727769389858, 0.9995097482879312, 0.9999835275633355, 1.0, 0.9640432470693596, 0.9996010272125285, 0.999981124560158, 0.9998255189408541, 0.9999895734819783, 0.9999967092499575, 0.9989391009041273, 0.9989096345319436, 0.9998101165312302, 0.9998094142262648, 0.9999656585005685, 0.9999821014085168, 0.9933926644019365, 0.9751296432121677, 0.9946303570095499, 0.9948010796049552, 0.9805052821491895, 0.9765399445289993, 0.9384990861360523, 0.9894373530657665, 0.9934738103788008, 0.9886587248793174, 0.9626408491146619, 0.9993305355383475, 0.9994113591184698, 0.9994064673422072, 0.9998260918225967, 0.9986510817306647, 0.9993645157898255, 0.9993032672658484, 0.9981128362097966, 0.999323198480662, 0.9993174786772583, 0.9887956591124578, 0.9371180562146645, 0.734429851821001, 0.9385032418866042, 0.9214261133690321, 0.7850226398775818, 0.9483143762636073, 0.9214005282152995, 0.9514145030962075, 0.9509940925352134, 0.9466554786477152, 0.9774832186910486, 0.9769238521642912, 0.9641401695602672, 0.9449941030918494, 0.9650445666371249, 0.9622247403616585, 0.965459581138692, 0.965078350028732, 0.9344849598749005, 0.9322091930593712, 0.9351598745286555, 0.934725334285619, 0.8827073489376059, 0.9540314474175018, 0.9554065746574991, 0.9617935750592778, 0.9604619049266296, 0.9122697514071496, 0.8034714864014898, 0.7479158865807412, 0.8202246697869625, 0.8745776205348404, 0.8573620064898112, 0.8654411453148402, 0.8644213848248132, 0.5955739054610635, -0.6236900071833605, 0.9482981090284195, 0.9166860432784532, 0.9198873654490878, 0.9656706480201559, 0.9081351136585405, 0.9569433890144142, 0.9563605744011855, 0.9099518065163406, 0.9594997587002503, 0.9151198415774255, 0.5744814585661159, 0.8994356913233548, 0.9433624180545611, 0.10533065518666786, 0.8967351330523958, 0.9246313528413909, 0.7951708791136779, 0.965487414347837, 0.8834242672429569, 0.5506764294713955, 0.29432020202351533, 0.87091059272442, 0.8217725494673002, 0.872553955311731, 0.9748828795386281, 0.9751797347916841, 0.7092578933459205, 0.6597456515355213, 0.7463260828584066, 0.2774071950533203, 0.6837033902569334, 0.7546870064790439, 0.7320372007133841, 0.7132767656769873, 0.7014836206153878, 0.7121604355611274, 0.6889130840044767, -0.5030015649433737, -0.5783091710304035, 0.5945574858895843, 0.8815159975317725, 0.927765568974926, 0.9395178548218834, 0.909385012835867, 0.8051165731618735, 0.8968824586986426, 0.9209858408626995, 0.9203895293986524, 0.8098354279191339], [0.9797485581021086, 0.9654844461883032, 0.9529770548597947, 0.9795415269966711, 0.9724899706397637, 0.9665632064430949, 0.9710793254043907, 0.9647585755579439, 0.9640432470693596, 1.0, 0.9475359875076546, 0.9651626196551026, 0.9640290798441814, 0.9648827235198569, 0.9644295763605124, 0.9662197273867538, 0.9758562731477022, 0.9697075142543896, 0.9697173654820663, 0.9649380164884515, 0.9650193345305551, 0.9649802567925352, 0.9506533425728934, 0.9721368422857332, 0.9699627356800471, 0.8789921895760024, 0.9684529645252646, 0.9485660130679385, 0.9745437813611512, 0.9683408591189935, 0.9683471262974136, 0.9323501539558505, 0.9735412308256274, 0.9730899037000482, 0.9736007311753321, 0.9652052521430179, 0.9559754750594958, 0.9725749468204951, 0.9734105542312993, 0.9780414796246271, 0.9737381196262062, 0.9737595222623209, 0.9554223945385275, 0.8403274662408631, 0.5552456685648391, 0.7774580274075089, 0.8934428553194186, 0.8800985822540788, 0.901933437491449, 0.8199914935831084, 0.9064555020224921, 0.9143589975040436, 0.9036563870241604, 0.9292945794386998, 0.9291402377246426, 0.9443270059997046, 0.9356656492496225, 0.9550025278514507, 0.9483972729616297, 0.9532075785613733, 0.9532507337682334, 0.9132053861786301, 0.9512467972343909, 0.9343790446348493, 0.9340574619389638, 0.8498811698259394, 0.9360726915623846, 0.9444832389105647, 0.937418123293349, 0.9364362566037149, 0.8879524533655593, 0.8114349416425958, 0.7662193920153271, 0.8563779608336769, 0.9107863233063607, 0.8807784702122547, 0.8958051724914139, 0.8950525107022268, 0.6967298103264187, -0.3016190665174362, 0.9528246223748019, 0.9540244333154012, 0.9457049802604974, 0.9462790750920145, 0.9070039222350952, 0.9541624835659817, 0.9540281993829653, 0.8996394426662677, 0.956431180287319, 0.9054823356715297, 0.6922795288152629, 0.6472843364349027, 0.8598349648485958, 0.11796942614341854, 0.8453006760024924, 0.8849726642191885, 0.8704607257650105, 0.9475463466352524, 0.9043744074218658, 0.4567073041018293, 0.33081785243187706, 0.8967418465074819, 0.8714954309966366, 0.9028201512288769, 0.9479400010974713, 0.9482997185643227, 0.5371045619495597, 0.6995718037575336, 0.6080395630430271, 0.4825894130856205, 0.5710922072878688, 0.6280557975190574, 0.5886581287109021, 0.5655710432808814, 0.7983933509039615, 0.675546896407575, 0.6401248396263423, -0.27082398206588315, -0.3158466549870934, 0.740781686693559, 0.9162186875154147, 0.9222369684561861, 0.9082297605943693, 0.9409683018358507, 0.6495764076151697, 0.8381000690108233, 0.9082091795344335, 0.9072924334563615, 0.6911275711086188], [0.9911812710616383, 0.9899333261181578, 0.9966527103328617, 0.9928932887762535, 0.9973939352356014, 0.977799190507846, 0.9993828956030406, 0.9996022964223948, 0.9996010272125285, 0.9475359875076546, 1.0, 0.9996363935470384, 0.9996110045511846, 0.9996195070451361, 0.999628278905451, 0.9993474729920081, 0.9984324096507288, 0.999949661884532, 0.9999503309697472, 0.9996182240029285, 0.99962903084795, 0.988952652418944, 0.9528107181299589, 0.990028895050625, 0.9912931455776076, 0.9858336840250637, 0.9665212006556221, 0.8857320583050642, 0.9881489230795107, 0.9920005814572039, 0.9710821308773043, 0.8908799356396349, 0.999091513179745, 0.9991647092752793, 0.9990819296092148, 0.9994304064094642, 0.9993536753806451, 0.9991001596990616, 0.9989506046271295, 0.9968552636342748, 0.999058348773519, 0.9990542622603636, 0.9885035650852353, 0.9310331058669487, 0.6037253992972716, 0.9334992126524805, 0.920843567110984, 0.7901418419478428, 0.8677870598778532, 0.8900895732728796, 0.8734853470232246, 0.8793301568078072, 0.8645880055646613, 0.9503447952201578, 0.9502461294582811, 0.9444433861491769, 0.947099578418979, 0.9346023679666507, 0.9371567174957407, 0.9397379788471689, 0.9395291022507243, 0.8833181819505638, 0.894993797399515, 0.8479741544745372, 0.8477382789598352, 0.7118662669295108, 0.9402119314138778, 0.9439702342080867, 0.9443098718959557, 0.9436224993676066, 0.8863154229440573, 0.5533005106061972, 0.4867589485569333, 0.6554618583161905, 0.7672958506543145, 0.6852170612581862, 0.7295914253469817, 0.7286416153345677, 0.47297802411621215, -0.39579619511683356, 0.9090454574272172, 0.9210112562461844, 0.9086688920208739, 0.9462158037524624, 0.8715939869665851, 0.9159628286232803, 0.9144961819900125, 0.8344524922257901, 0.9210925020679563, 0.8435195589825867, 0.44440128563886566, 0.8947972058905417, 0.8937979275330933, -0.1786126321885598, 0.6353881892576447, 0.7347250371578651, 0.628852182557582, 0.9667759474270358, 0.6484769618466788, -0.12992660179022258, -0.11482832264104675, 0.6201949411343826, 0.6255909338597608, 0.6678527607681392, 0.9682156125497765, 0.968273074898142, -0.049545726627221454, 0.16917044397092362, 0.0213114257017261, -8.447250374596553e-05, 0.026076783302563807, 0.045020880843608946, 0.012687112928485497, -0.03246004681696827, 0.3441542512533024, 0.08664140072682024, 0.03661414460319893, -0.5287570503471422, -0.5566487508753533, 0.5947284634070321, 0.7323881684076335, 0.7550249872353586, 0.8208528969454438, 0.8183236552496305, 0.49758417135411376, 0.7153961335676805, 0.7534906125414282, 0.7520435015576208, 0.4009179782531036], [0.9951088030009505, 0.987488941987573, 0.9907902634409402, 0.9956545495473466, 0.9982165698416622, 0.9890103456116791, 0.9980266911638044, 0.9999968416932855, 0.999981124560158, 0.9651626196551026, 0.9996363935470384, 1.0, 0.9996325748534948, 0.9999976125185595, 0.9999838743812709, 0.9969306772961964, 0.9990332181768026, 0.9998920401391156, 0.9998920047234213, 0.99996177013372, 0.999994744486238, 0.9906726387716569, 0.9740017286178289, 0.9919776468984467, 0.9925417409367837, 0.9807110830509954, 0.9722782229770854, 0.9374772721088971, 0.9897902002626159, 0.9944846646845618, 0.991751956956389, 0.967446848774067, 0.9994634325933534, 0.9995141167294452, 0.9996445927730447, 0.9996671827729195, 0.998736655626345, 0.9994177149445027, 0.999123773018023, 0.9982552816016854, 0.9995354507211848, 0.9993934469968826, 0.9843763579040711, 0.9373084781735356, 0.734135869715389, 0.9383611895949792, 0.9215688578486281, 0.7859826094598411, 0.960333182501414, 0.9355169704648079, 0.960905005977973, 0.9539039551247138, 0.9496389523180194, 0.9805193105871096, 0.9769303576461927, 0.930813491740495, 0.9447817106128642, 0.9581952368070578, 0.9623640535618969, 0.9606972894921662, 0.9354517741768754, 0.8698476455728037, 0.9332894051551867, 0.9449379941340692, 0.9237550535483507, 0.852367353555836, 0.9538283621301576, 0.9169448693832503, 0.952688594367569, 0.9313579645018718, 0.6946040551890232, 0.8048372487481532, 0.7431821169507398, 0.8214570898261835, 0.8534962106829722, 0.859688557281753, 0.8422101935669188, 0.8515162445953328, 0.21018572659068563, -0.5593856259774888, 0.948655997511267, 0.9172613331283419, 0.9202932031494745, 0.9373109070263107, 0.9180610008610728, 0.9577773008247514, 0.9579211846854689, 0.90943280006232, 0.9507794656690239, 0.7904672598765159, 0.5768116501897207, 0.8985885027968663, 0.9272196221601684, 0.16085039343078564, 0.912274451495303, 0.9354635108746266, 0.7964220119336133, 0.9667484028501487, 0.8357549246731751, 0.6430495490562581, 0.3724494588253317, 0.8449630076911908, 0.8326930759484411, 0.8325381864198884, 0.9748662257228304, 0.9751776253151131, 0.7120390876144246, 0.6632571738811407, 0.7873103056365665, 0.2807611985821274, 0.760856497576248, 0.7904744802871396, 0.7874773094023174, 0.7857105937701278, 0.7044309357459361, 0.7158555880594261, 0.6926755466743387, -0.25888434123323, -0.4022392996837725, 0.5949734132704705, 0.8831288212013368, 0.9296968851779478, 0.9390942199405168, 0.910802008874526, 0.8109663812021292, 0.9095483548898609, 0.9319617954317173, 0.931534872166463, 0.7539033014678537], [0.9942809868553298, 0.9872748198619021, 0.9927523593184722, 0.9950402104205958, 0.9979507169026377, 0.9900278975776616, 0.9990431927907867, 0.9996460393630797, 0.9998255189408541, 0.9640290798441814, 0.9996110045511846, 0.9996325748534948, 1.0, 0.9996691875198481, 0.9996528141769907, 0.9990518876884207, 0.998401805396262, 0.999441321848186, 0.9994351273869462, 0.9996474833730646, 0.9996225905631619, 0.9926385332912773, 0.975629844105459, 0.9954286945056215, 0.9953212757331124, 0.9805085417528291, 0.9751352120324072, 0.9400947615913542, 0.9890012323505152, 0.9925016999874434, 0.9908418773903211, 0.9650416492269849, 0.9987432991936419, 0.9990454676869474, 0.9992359877403614, 0.9999232600822281, 0.9986761134674136, 0.9989948265332667, 0.9985523275073257, 0.9974230580631367, 0.9987330863965747, 0.9986564702377843, 0.9883031548433736, 0.9372973580627886, 0.7303496649615245, 0.9385339711359445, 0.9214994416019647, 0.7852426454267896, 0.956625227459535, 0.9283964742163355, 0.9574606596098537, 0.9505694157500562, 0.9457727747745063, 0.9769930103550528, 0.9748714183144352, 0.9551788254262347, 0.9443860342717435, 0.958406679186551, 0.9613477804185258, 0.9604251811551838, 0.9597717247998551, 0.8739233699493886, 0.9299261041495422, 0.9431680549421784, 0.9429532884497698, 0.8502019036460947, 0.9539678318977843, 0.9294788546232992, 0.9545707913852367, 0.9531458752285911, 0.6986416135755625, 0.8014716129182876, 0.7654425429455748, 0.8187525940214178, 0.8549604004392692, 0.8585777001829866, 0.8500962504458724, 0.8504785405696231, 0.19366552165107373, -0.554019641228765, 0.9474725958650331, 0.9168796330454096, 0.9189932382176529, 0.9583351723621294, 0.9176791461129569, 0.9562961795626568, 0.956398842389545, 0.9087392022571806, 0.9510640534590125, 0.7973678302477892, 0.5773141497512583, 0.8992273862158672, 0.9275341496730146, 0.15634201769077294, 0.909935268451909, 0.9335082916645974, 0.7975266432392808, 0.969560266479273, 0.8291421622983148, 0.6352039641076874, 0.3667909905823623, 0.8360531258559565, 0.8273586731355516, 0.8241635844197637, 0.9769078072705145, 0.9771714236009246, 0.7026498401245133, 0.6575474673438754, 0.7657243321789262, 0.28044165258324694, 0.7507195044215442, 0.7790165976556322, 0.7555658901888106, 0.7745353621226352, 0.7019199873852874, 0.7051921775470482, 0.6822792655279548, -0.2658579980188005, -0.40757898138548265, 0.5944993115656524, 0.880913835745497, 0.9313112955885642, 0.9346442374360227, 0.9100097856306617, 0.8029734387668334, 0.9030415593993217, 0.9249866191371819, 0.9251899983214159, 0.7483446845638072], [0.9950132646833617, 0.9873305853008124, 0.9909491057212731, 0.9955747098743672, 0.9981967226896568, 0.98909932272407, 0.998960521911848, 0.9999977149198525, 0.9999895734819783, 0.9648827235198569, 0.9996195070451361, 0.9999976125185595, 0.9996691875198481, 1.0, 0.9999880716947345, 0.9985544395357797, 0.9989823332501353, 0.9998837399309, 0.9998832536974315, 0.999955972560091, 0.9999919642775704, 0.9907926841387653, 0.9741697704864426, 0.9938816619027523, 0.9937470575021418, 0.9806078585144035, 0.9724762670672819, 0.9376288175562142, 0.9922842471700827, 0.9948189411608508, 0.9916294465354537, 0.9672087449993183, 0.9994390408787667, 0.9994755091655514, 0.9996213957600079, 0.999684427707258, 0.9986840650862451, 0.9993828424624545, 0.9991553148147486, 0.9981809974273937, 0.9995071031095104, 0.9993690754366099, 0.9845324588200128, 0.9371518123184704, 0.7335674321940843, 0.9384822450419671, 0.9215089093655431, 0.7853508138405586, 0.9601512396997739, 0.9352962499609243, 0.9607564158390159, 0.953524198146802, 0.949219554825414, 0.9803464128036251, 0.9767230351593539, 0.93083004547541, 0.9446321473264535, 0.9580358703208611, 0.962215636913797, 0.9605301017587667, 0.9348310987332211, 0.8697927067617626, 0.9327547184734903, 0.9445551866386706, 0.9235633069573196, 0.8519822512152813, 0.9538316952221226, 0.9170936319287255, 0.9526511179961556, 0.9314108829267639, 0.6947703301312973, 0.8041967455395747, 0.7429100794587581, 0.8208667101612847, 0.8532639711736781, 0.8593045095677901, 0.8419214793776969, 0.8512162632635313, 0.2101165567444675, -0.5592692606562106, 0.9484178975612716, 0.9169456297494865, 0.9200461144541975, 0.9348442071963319, 0.9179894230817625, 0.9575589247731344, 0.9577003100412729, 0.9092740418474876, 0.9505952864394619, 0.7904017138833414, 0.5765721183646348, 0.8991696038433029, 0.9275999475559263, 0.16024559613003508, 0.912037158846646, 0.9352667521304815, 0.7961225067979337, 0.9669373860271043, 0.8354092555184448, 0.641985701715602, 0.3714355222001413, 0.8445741561787353, 0.8323467555909909, 0.8321980372043795, 0.9750043808826352, 0.9753119442879069, 0.7109127790036185, 0.6621797154003113, 0.7867773013874377, 0.280148680912317, 0.760181251561022, 0.7897638355042768, 0.7871379756120594, 0.7849440971344859, 0.7038695305915295, 0.7145281018354837, 0.6913523557598489, -0.25974735043390956, -0.40300146997903696, 0.5946783313986705, 0.8825514224460084, 0.9294795627019404, 0.9386989589582935, 0.910427724985967, 0.8102389392551389, 0.909285707820133, 0.9315329292032006, 0.9312390522243625, 0.7533874265053597], [0.9951663198029287, 0.9874370643796343, 0.9908556496267801, 0.9957031733694829, 0.9982642813523844, 0.9891921600097509, 0.998721594750748, 0.9999807735081498, 0.9999967092499575, 0.9644295763605124, 0.999628278905451, 0.9999838743812709, 0.9996528141769907, 0.9999880716947345, 1.0, 0.9985522210839023, 0.9990150135867839, 0.9998802657916228, 0.9998802867544608, 0.9999557393113042, 0.9999765438298187, 0.9907034117375778, 0.9741947645940334, 0.9922800437944612, 0.9923353658271654, 0.9807719039421506, 0.9722057766276605, 0.9376410110621269, 0.9923258455209306, 0.9944028654609388, 0.9914781138571979, 0.9671169357883239, 0.9994826075541149, 0.9994640310415354, 0.9996127791014812, 0.9996747707033172, 0.9987086720809669, 0.99939147116681, 0.999189168205312, 0.9982323731181986, 0.9995417248989207, 0.9994182788474248, 0.9842975055842818, 0.9369973476493798, 0.7343652670901918, 0.9382567764634326, 0.9214473073608745, 0.7857050942512559, 0.9607243131348232, 0.936442690592134, 0.9613970952348531, 0.9537344446651914, 0.949404836269071, 0.9808517178284317, 0.9769354112517785, 0.9317527232350263, 0.9451792431623213, 0.9585117257590665, 0.9624208613607943, 0.9610117315052666, 0.9362509567270497, 0.8701282462063878, 0.9324011799718538, 0.9449326023431718, 0.9243473770961632, 0.8520376510294436, 0.9542826176160157, 0.9178768149648096, 0.953270639147371, 0.932378426606813, 0.6949538771671241, 0.8037970987296912, 0.7441025978493764, 0.8205353824171734, 0.8534186430637409, 0.8589351589623496, 0.8425884416519952, 0.8516383178041528, 0.2099999098964945, -0.5588852901035303, 0.9485178776742818, 0.9171636922198373, 0.9202711060244244, 0.9381715057712944, 0.9188145173116284, 0.9577652341590447, 0.9579018919858018, 0.9097430094776173, 0.9510358616454837, 0.7906126524106586, 0.5751789640044116, 0.8989594618765717, 0.927300960707307, 0.15979362587565696, 0.9115278223870446, 0.9348262071846385, 0.7952040672793393, 0.9665663881556069, 0.8364214707083931, 0.6412527811736876, 0.3704770363161552, 0.8451272123820738, 0.8328307441373172, 0.8329736361348202, 0.9747864775453007, 0.975083397516081, 0.7096008683758723, 0.6601246910698307, 0.7878666580839782, 0.27846754503493093, 0.7604623383834539, 0.7901537284010085, 0.7884175390728223, 0.785152622795648, 0.7023984768551615, 0.7123639380330594, 0.6891686464364444, -0.2591789214300723, -0.4025546891533667, 0.5947876899688981, 0.8817201084083063, 0.9300677820998887, 0.9392116008016452, 0.9097035662854719, 0.8104607849396841, 0.9103200689491268, 0.9321148021742662, 0.9319798798334967, 0.7532979293489601], [0.9963679724511139, 0.9927885193912224, 0.9914094620299536, 0.9969029341952728, 0.9985193613462557, 0.9920168899783122, 0.99804954895161, 0.9962652078688425, 0.9989391009041273, 0.9662197273867538, 0.9993474729920081, 0.9969306772961964, 0.9990518876884207, 0.9985544395357797, 0.9985522210839023, 1.0, 0.9986350928863736, 0.9989305788171405, 0.99892821148515, 0.9987554017216629, 0.9984418028734549, 0.992105300940565, 0.9769268623096552, 0.9828287807015648, 0.9894548826844226, 0.9873412543236493, 0.9741910506745708, 0.9453499680781804, 0.9934402486576792, 0.9932023015300198, 0.9905766452909521, 0.9674950577262614, 0.9987803210014874, 0.998740723650265, 0.998960658351983, 0.9985709263146185, 0.9993532939758625, 0.9988709736852757, 0.9989051096759883, 0.9979966517998713, 0.9986544690222063, 0.998730614253824, 0.9830681929951768, 0.9300854134627954, 0.7407765764122038, 0.9308351922501135, 0.9241958501944125, 0.8041808011524255, 0.9642892249652815, 0.9407698627439773, 0.9655608107592807, 0.9541256230547795, 0.9484672391594464, 0.9815861145152429, 0.9766450321027839, 0.9447572033092527, 0.95479866517461, 0.9655804235934349, 0.9669286297271034, 0.9671921220273916, 0.9481607859414912, 0.8822680889364978, 0.9363838913998402, 0.9500391762615461, 0.9356180983511474, 0.8632216531650839, 0.9606344385855359, 0.9318038773500855, 0.9610116044654211, 0.9453874870344929, 0.7130291184344445, 0.8117452052890257, 0.7621831675193103, 0.8297583749954052, 0.8662510813523142, 0.8662368524108587, 0.853863