var config = { responsive: true }

var correlationAdjClose = {"data": [{"type": "heatmap", "z": [[1.0, 0.9999906193040179, 0.9844196017413742, 0.999921201269826, 0.9988711237926128, 0.9886305278213736, 0.9974705893439456, 0.9951993671677121, 0.9954995175923453, 0.9795277625276825, 0.9918792424350324, 0.9953461767448605, 0.9945505086328026, 0.995254736667537, 0.9953992992154359, 0.9965213871772977, 0.9981828333129827, 0.9959822871950633, 0.9960018045032885, 0.9960295965974062, 0.9953003928282949, 0.9854207238049104, 0.9688939158233273, 0.9876785092097365, 0.9865041263797161, 0.9802756847562875, 0.9631243905639523, 0.9423247113468993, 0.9942886025171175, 0.9946595311609905, 0.9917379503369506, 0.9746098212073662, 0.9973814012102694, 0.9976832397027321, 0.9970528352687077, 0.995411932553313, 0.994884324301476, 0.9975367857875287, 0.9975978847972363, 0.9987385144647882, 0.9973210942131153, 0.9973359089580949, 0.9764900682929627, 0.920800349019969, 0.7527029647508039, 0.8980973544702833, 0.9042415475926988, 0.8415942142812375, 0.9680493216045885, 0.9444914976408382, 0.9693004027636807, 0.9659303825824808, 0.9598841942415723, 0.9859616200232116, 0.9823727009555432, 0.9838363353137793, 0.976716106925168, 0.9857409369852989, 0.9830105803837504, 0.9863837794752194, 0.9861654765486071, 0.9638673157710526, 0.9666391025856107, 0.9711974134831338, 0.970878280643342, 0.9436273209370831, 0.9749242248837375, 0.9734336894307242, 0.9817507546277668, 0.9808850945545616, 0.9350916191232386, 0.8568715403811205, 0.8246164121359435, 0.8757046801678667, 0.9033879549048828, 0.8980038899012028, 0.9016141809551232, 0.9003435256545141, 0.6190171873509887, -0.5702469387156871, 0.9762376829291971, 0.9669157776524687, 0.9635540153198887, 0.9847446333020003, 0.9555825082484775, 0.981208299998723, 0.9811898986092356, 0.9443599244146998, 0.981481489817031, 0.9486822294943148, 0.6243633018442662, 0.8548015788912443, 0.9130606473409077, 0.1641974998253602, 0.9187193764850932, 0.9393139187155344, 0.8114228637223297, 0.9563682282213383, 0.8960311293085675, 0.655582682327755, 0.46700164536775507, 0.8916635841610725, 0.8621361927739748, 0.8881016669140023, 0.9674371321504706, 0.9677253685145991, 0.7378651621642519, 0.7019301803084335, 0.8270074027676644, 0.33370194084812715, 0.7946254489235047, 0.8312778218219246, 0.8176802522692281, 0.8158660210213169, 0.7434360986571972, 0.7403356943091312, 0.7201858788334233, -0.23624306539642548, -0.3712170874635477, 0.6291193396160586, 0.9000227125100776, 0.945664394684436, 0.9497887264114641, 0.9195904655740916, 0.8284714948227146, 0.9172229400653696, 0.9390373997200783, 0.938798144753347, 0.8735588414929292], [0.9999906193040179, 1.0, 0.9819512255167719, 0.9997591393089118, 0.997432228622742, 0.9903761121999465, 0.992767502705925, 0.9882317302295256, 0.9882714745627608, 0.9666763981915469, 0.9907638724074922, 0.9884924041447979, 0.9883023952674665, 0.988353631046015, 0.9884517383628129, 0.9933499635034554, 0.9951846918586023, 0.9918063172587644, 0.9917980378308134, 0.9883504384919249, 0.9884027677724018, 0.9873464819997667, 0.9599299932306952, 0.9835689088819525, 0.9832220345720597, 0.9801812154704702, 0.9710773738757065, 0.9049404193193925, 0.9877779429570901, 0.9836700978043694, 0.9754310343116063, 0.9100282665060249, 0.9944884405462415, 0.9943048037227882, 0.9945966526538758, 0.989589170546498, 0.9939918738955347, 0.994584428766607, 0.994902324502043, 0.9967362081135216, 0.9945942455071367, 0.9945918264936605, 0.9854864819456088, 0.9204731306600129, 0.617335478623907, 0.8979625093805818, 0.9045039747236134, 0.8417612531409461, 0.8771887999570406, 0.911871793576097, 0.8811152870731322, 0.8980804031347572, 0.8759842827203747, 0.9548037000672429, 0.9546858938057474, 0.9728413581067822, 0.9770991954270372, 0.9706857334414517, 0.9702130298589908, 0.9735244884749892, 0.9734309719424377, 0.9330045385928535, 0.9419703173827396, 0.9055339020063459, 0.9053998767964815, 0.7955490537235642, 0.9676234964563345, 0.9700892464449884, 0.9703599018443855, 0.9697326566384855, 0.928058034360649, 0.6344201513152438, 0.5737003131243935, 0.7325865436706052, 0.8317573935180291, 0.7564219263117038, 0.7961473128188723, 0.7943117805788279, 0.5659818728206336, -0.27608141447970297, 0.9544591598111529, 0.9618887144588681, 0.9541269384045294, 0.9738194258687782, 0.923598049411498, 0.9593721045964063, 0.9583728856431891, 0.8976624086292818, 0.9625675391600143, 0.9039452663507815, 0.43483319006461923, 0.8543142166291909, 0.8529956796842609, -0.24577158407103655, 0.6282771581984586, 0.7276455351960455, 0.6276392202124321, 0.9536800454676351, 0.6445084075052602, -0.2167718525297343, -0.12259635818439436, 0.6104181974938466, 0.6192924057945276, 0.6652225641324803, 0.9553873965115649, 0.955212375056393, -0.09687925024834412, 0.13647487192777585, -0.0163003624495392, -0.04891642996975194, -0.020723969273714678, -0.0042861558475560165, -0.03625798438807913, -0.07720680944677255, 0.3310425644132173, 0.07633526660371337, 0.028186791321228023, -0.4550909278195629, -0.4871630861910279, 0.6296277304462694, 0.7437144484717231, 0.766981125092022, 0.8298595787127658, 0.8238106451162687, 0.5319828638527749, 0.7320193488771094, 0.7641648818494353, 0.7627737070760937, 0.4114725526025705], [0.9844196017413742, 0.9819512255167719, 1.0, 0.9858726005136916, 0.9926899846598799, 0.9897771299806041, 0.9906894540916611, 0.9910801982065768, 0.9943636954976638, 0.9541587416841563, 0.9969063417037662, 0.990980900022812, 0.9929230878585145, 0.9911420569633997, 0.9910560648925774, 0.9916445602177455, 0.9898779853955647, 0.9896350990786014, 0.9895985522756512, 0.9928829751119082, 0.9910056329045261, 0.9933203749389985, 0.9786439388055798, 0.9906205172027227, 0.9910195156376996, 0.978646164698337, 0.9816262733502507, 0.9459565120280004, 0.9733768615321756, 0.9768568356370955, 0.9782440102902196, 0.9498014930009224, 0.9879506432962517, 0.9910712296655373, 0.9893764587598705, 0.9930694424876627, 0.99464627133203, 0.992091994756669, 0.9873446269678785, 0.9871488680588332, 0.9882256620926181, 0.9875844679966943, 0.9904003952518311, 0.9211062551577562, 0.694103582936616, 0.9255450618576974, 0.8965030199899573, 0.749476693400005, 0.9291368416089167, 0.8996387424864127, 0.9312522338133041, 0.9258091430234843, 0.9171865748325746, 0.9532452589070556, 0.9601828278250457, 0.9299062204685354, 0.9461640173043536, 0.9529716186638145, 0.958426293094587, 0.9536198113977197, 0.9279800660408675, 0.8940827340906504, 0.9242454486173894, 0.9232186643745232, 0.9067539074129158, 0.8596377317578969, 0.9580765468649491, 0.9358916439624503, 0.9536838108966825, 0.932140978371415, 0.7648552992437128, 0.7951938846216912, 0.7303308668974609, 0.8160898909229758, 0.8622568388456767, 0.8593881744070253, 0.8319017378624733, 0.8456933776401877, 0.292675722499414, -0.5713555781468643, 0.9443098712731627, 0.9154356689333305, 0.920411668111631, 0.9304664196103306, 0.9192368757835123, 0.9497598283621004, 0.9494730507274123, 0.9090348247906912, 0.9464148709665782, 0.8327888217205663, 0.5947989906671562, 0.928759233155294, 0.9336162824876085, 0.08545905191569762, 0.8988844791983052, 0.9220998786090259, 0.7967930426083424, 0.9772331722926147, 0.7788336496782318, 0.5641428859467021, 0.38619173759066455, 0.7855892379878952, 0.787216042203465, 0.7741599273693193, 0.9810257144210521, 0.9811051247586569, 0.6563797409298422, 0.6356560952601306, 0.7151844110559249, 0.26285868125664846, 0.6894965625152987, 0.712188396914396, 0.7264901160856153, 0.7084924217059418, 0.695950891673121, 0.6657867950140868, 0.6436485096223236, -0.3117001953563286, -0.44613374443419457, 0.5816693543562864, 0.8596422155345572, 0.8961251892179264, 0.8976225899061019, 0.8926339009702434, 0.7580884272381817, 0.8704146084313575, 0.884660402092235, 0.8934633461998118, 0.7397919658169555], [0.999921201269826, 0.9997591393089118, 0.9858726005136916, 1.0, 0.9991866705052559, 0.9895572546835905, 0.9978241811008219, 0.9957403569215987, 0.9961382992285505, 0.9792130970265716, 0.9934039577203231, 0.9958691136054308, 0.9952853789151015, 0.9957939270749889, 0.9959159165953522, 0.9970475963407331, 0.9985164541230673, 0.9964537586903831, 0.9964694186918739, 0.9965780433146672, 0.9958253420035269, 0.9867053919849467, 0.9702264213664707, 0.9888066750814032, 0.9877443323309951, 0.9828354694816458, 0.9652647659481358, 0.9435235929332849, 0.9937963657377294, 0.9943535113867885, 0.9918788378368351, 0.9742914472866424, 0.997553979782492, 0.9980076030179101, 0.9973814499847067, 0.9960007976872971, 0.9957498800467335, 0.9979001696750663, 0.9977202980570539, 0.998848489484133, 0.9974842901501184, 0.9974947721928336, 0.9783272040198507, 0.916398218210776, 0.7463016929968898, 0.8987802232861384, 0.9013981596253338, 0.830886668052513, 0.9651589215836942, 0.9410379370682432, 0.9662975472051257, 0.9632639022258701, 0.9570368091574244, 0.9838932612941065, 0.9808390947073574, 0.9820004587703318, 0.9748390926336205, 0.9841006323108556, 0.9820786809779208, 0.9846635085459372, 0.9844441848674875, 0.9496345756608864, 0.9648848020074734, 0.9694306342415681, 0.9691129086606624, 0.9367120991108001, 0.9741585949338193, 0.9696317463105443, 0.9798838455339328, 0.9789794817352059, 0.9061174974322698, 0.8546590827231659, 0.8196423169691249, 0.8731848456011639, 0.8996540412276204, 0.8970410389694234, 0.8984510413936591, 0.8972551765063455, 0.513061850125694, -0.5703560571204731, 0.9749280010426266, 0.9645115739517504, 0.9612163312801131, 0.9829165641453891, 0.9540292196133704, 0.9800483627081813, 0.9800320005053097, 0.9430845632596625, 0.9796147133926041, 0.9272713036701014, 0.6301672527336701, 0.8639908693302073, 0.9176861066129519, 0.16425229415216974, 0.9204898023535079, 0.9408302758120464, 0.8117968780215216, 0.9579205390949833, 0.8899121452406108, 0.6524486490253408, 0.46444666233580334, 0.8866269084019885, 0.8586233249030153, 0.8827308429234813, 0.9685796104521367, 0.9688746738205569, 0.7369838720891495, 0.7023035078068843, 0.8191059136942546, 0.33589900180231763, 0.789088929965578, 0.8230904832004952, 0.809568517072334, 0.8106369182680878, 0.7464682551274444, 0.7405059719473529, 0.7204221619098025, -0.23162493388371524, -0.37045920268956106, 0.6271433659220483, 0.8981664015260897, 0.9439584923953332, 0.9481266237094522, 0.9185504617315554, 0.825704896857331, 0.9153252163766541, 0.9369076523041519, 0.9368229744007224, 0.8658665789078012], [0.9988711237926128, 0.997432228622742, 0.9926899846598799, 0.9991866705052559, 1.0, 0.9923064359121311, 0.9990344291182739, 0.9982356598672518, 0.998293759135978, 0.9725238258547052, 0.997539001425267, 0.9982849026080292, 0.9980568806840142, 0.9982706122523682, 0.9983390558769939, 0.9986059407362159, 0.9991643958004757, 0.9986728148831022, 0.9986730797166125, 0.998361874593715, 0.998268259779713, 0.99348394426182, 0.9777772601289075, 0.993575841775037, 0.9934975906127894, 0.9867142561220693, 0.9795076686974094, 0.9466831464734651, 0.9903359265107006, 0.9926898432714172, 0.9895785966971903, 0.9649409207780463, 0.9989392513010598, 0.9989708502822419, 0.9989594400917898, 0.9983886275907393, 0.9984915442675485, 0.9990604632636924, 0.9991150204185208, 0.9989852039996415, 0.998922778777303, 0.9989196893464989, 0.9888224594678142, 0.9260687782403071, 0.7215118155829972, 0.9147393088748257, 0.9049411183184566, 0.8112154444829699, 0.9490920604550941, 0.9277892903922446, 0.9528353464281725, 0.9543700128807046, 0.9478536118187754, 0.9798124806793954, 0.9797341609906316, 0.9775023648534183, 0.9682383864758026, 0.9785343310635625, 0.9772948778108711, 0.9788509010631193, 0.9785834143498234, 0.9511217349043608, 0.9538595633030188, 0.949268560919137, 0.9488705465802341, 0.9009326306048985, 0.9708186782213655, 0.9675359989225955, 0.9745378163402018, 0.9735629778994328, 0.9292922171156078, 0.8284243945429779, 0.7807474893923785, 0.8541027348495773, 0.9012628949871905, 0.8814165069233783, 0.8905396816367491, 0.8894093301443471, 0.6703302584669695, -0.5933402231698703, 0.9670678066007294, 0.9512571476495715, 0.9494309257107955, 0.9787341419326858, 0.9372881617602694, 0.9717764048577708, 0.9713175422298025, 0.9312121006645939, 0.9739095694174603, 0.9356184236656669, 0.615796425306098, 0.8876037722889313, 0.9393107838819228, 0.06188132948765113, 0.8967949116292618, 0.9236098119013568, 0.8052094739920965, 0.9640712633361409, 0.878258829044918, 0.5025305491914016, 0.33562041164130624, 0.8652965099181779, 0.8178365422250212, 0.8668849146532375, 0.9730506861459229, 0.9732831760136381, 0.6890048951870256, 0.681861491821399, 0.7333674004364487, 0.30933419608182783, 0.6683855738614165, 0.7392958235744841, 0.7148913918218819, 0.6947722774713287, 0.7293260029802876, 0.7222375548325742, 0.7011436649176989, -0.45755727703945764, -0.53307612049453, 0.614380135530028, 0.8904153317266236, 0.9276114612930363, 0.9392187908534747, 0.9145403693611976, 0.8008147024205471, 0.8968065208926911, 0.9206904807802496, 0.92014774081095, 0.7988730748418816], [0.9886305278213736, 0.9903761121999465, 0.9897771299806041, 0.9895572546835905, 0.9923064359121311, 1.0, 0.988947848602666, 0.9888678262449101, 0.98832652134478, 0.9648757452641215, 0.9789671891429836, 0.9888236892262159, 0.989921055955061, 0.9889285030360994, 0.9890284268358578, 0.9918706037321504, 0.9901067993673078, 0.9897647155741992, 0.9897238454462473, 0.9877027383472232, 0.9888398847902146, 0.9961289847597083, 0.9910359774740407, 0.9885413304072754, 0.9882963691166258, 0.9673262197165443, 0.984344338011139, 0.9653453580141207, 0.9737226833067475, 0.9775961917109642, 0.9855326987061055, 0.9721272990165535, 0.9889319574301478, 0.9890963206568247, 0.9898912971539441, 0.9898117627395727, 0.9818430584830119, 0.989806162172306, 0.9892784902593605, 0.9892424422066821, 0.989028846284947, 0.9889884653687457, 0.9944641627867788, 0.8803595689790706, 0.728046255524362, 0.8748277745944053, 0.9021453773192927, 0.8369430349880649, 0.936585549433392, 0.9127130185742467, 0.9383086176939489, 0.9452721749228215, 0.9344547207889425, 0.9631901790372698, 0.9676071241614266, 0.9672999050664444, 0.9788085237748222, 0.9684437199763785, 0.9801706044829626, 0.9683745803890248, 0.9678329756685041, 0.9664294358555638, 0.958619068916724, 0.9430596401845388, 0.9425501953111278, 0.928796248812745, 0.9771446207479729, 0.969512424800647, 0.9683751027550823, 0.9667232752095607, 0.9474162863852638, 0.8536098792527185, 0.8054640771077803, 0.8739307730731498, 0.8939135099215327, 0.9011598861640617, 0.8846320875322131, 0.8826993649904168, 0.6375644996698796, -0.5343412550995967, 0.9737446302320013, 0.9688855999705765, 0.9656543195814362, 0.9684956785630641, 0.9512362112232721, 0.9742424962152216, 0.9739326673824021, 0.953088462696866, 0.9637945869387452, 0.9527705387730618, 0.6305637593530136, 0.8251135609320308, 0.9348934956743924, 0.16357807480731168, 0.9098021653948564, 0.9285730488811483, 0.8076993375687402, 0.9543767301792512, 0.8476038843529834, 0.6034954167841062, 0.4423762629086708, 0.8446958325673234, 0.8201751161732391, 0.8419037551187731, 0.9567464571571779, 0.9568975041138189, 0.7010891475671837, 0.6831425494422945, 0.7650118615237065, 0.33629697714492934, 0.7426044890449371, 0.7707380236419216, 0.756422162509677, 0.7586959320417086, 0.7345873038954864, 0.7128483241772845, 0.6948327131047239, -0.2623254464537394, -0.38892535045827425, 0.6592656987024073, 0.8866684555096589, 0.9046254685272782, 0.9128571243204723, 0.9011843480282015, 0.8019009174928569, 0.8734958318529873, 0.8962116808037602, 0.896098134854162, 0.8410023012366948], [0.9974705893439456, 0.992767502705925, 0.9906894540916611, 0.9978241811008219, 0.9990344291182739, 0.988947848602666, 1.0, 0.9971100669691353, 0.9995219444579635, 0.971819755775667, 0.9994061974928198, 0.9981007237204944, 0.9990590445564211, 0.9990023704605405, 0.9987751409291237, 0.9981260376494961, 0.9998659126354408, 0.9992413854373943, 0.9992482234954372, 0.9996440134354792, 0.9992104080100206, 0.9906409528684763, 0.9744038186539948, 0.9838866668423443, 0.9923738729873022, 0.985922529921108, 0.9714477742400652, 0.9420886624942898, 0.9923704942321155, 0.9918316763812697, 0.9929402057649788, 0.9710155075686261, 0.9988086272208094, 0.9998145967177062, 0.9996457811774782, 0.9993844528595537, 0.9996453719996639, 0.9998458661775876, 0.9978770499836053, 0.9995112466598287, 0.9992617926344973, 0.9988630711785677, 0.9832876765615043, 0.9314312099786347, 0.7364819721857689, 0.9278426973963333, 0.9151888418413346, 0.8019291816544855, 0.9596258005477813, 0.9403606649882585, 0.9616191465684556, 0.958462537894835, 0.9529810267074564, 0.9819169249136961, 0.9799453789442444, 0.9393853129388058, 0.9539326939952928, 0.9681438773689706, 0.9683426255587276, 0.9700079981254919, 0.9397716007029828, 0.8877937381827582, 0.943544792198886, 0.9544048111652854, 0.9312508544549926, 0.873959626030168, 0.9595049805071747, 0.9285427901912179, 0.9615837197781446, 0.9397025441637753, 0.7288936779242525, 0.8230239943489969, 0.7529020517948184, 0.8401138722962499, 0.8689678513854407, 0.872596624047802, 0.8526390304001694, 0.8652209211874883, 0.24777070834814285, -0.6056105280380262, 0.9571734986886886, 0.9339003491795321, 0.9343711438979783, 0.9419218159331605, 0.9360464980059326, 0.9654326250270375, 0.965547334068221, 0.9216109766893799, 0.9615812157789314, 0.8171819418546454, 0.6113613840370891, 0.888454857228542, 0.9175269976600987, 0.1411969231243032, 0.9177679298910536, 0.9393315346490081, 0.8057017597894683, 0.9637647200387897, 0.8310873135943493, 0.6396303568344752, 0.4474815016307009, 0.8431176765003826, 0.8366968132865684, 0.8287946623342229, 0.9732316432681776, 0.9735269349187295, 0.7224155697520095, 0.6779489864756534, 0.7840267261958713, 0.30436793149145014, 0.7655328074829747, 0.7928532938558829, 0.7836713822766759, 0.7891203162274103, 0.7247595679186346, 0.7267102146888994, 0.7047779890937051, -0.251022317156917, -0.3970309302198695, 0.6334260209861025, 0.8915552895183574, 0.9304231192839111, 0.9457900243064904, 0.9175417245399804, 0.8234740526795264, 0.9145911127757496, 0.936471585256955, 0.935815432980344, 0.7745824634182299], [0.9951993671677121, 0.9882317302295256, 0.9910801982065768, 0.9957403569215987, 0.9982356598672518, 0.9888678262449101, 0.9971100669691353, 1.0, 0.9999840828813905, 0.9657152463247822, 0.9996332240562532, 0.9999968656063147, 0.9996574111592537, 0.9999978136426166, 0.9999814078636601, 0.9964192810156854, 0.9991339757200779, 0.9998855705092986, 0.9998851055477495, 0.9999558218434297, 0.9999942251988742, 0.9907900438814748, 0.9753243787192608, 0.9916316141328009, 0.9928736373698928, 0.9827364307199371, 0.9736009262968554, 0.9405749283697025, 0.9886735124018966, 0.9943795166748544, 0.9915679898934296, 0.9675697651750222, 0.9994254198435251, 0.9994828524891665, 0.9996073300196194, 0.9996799430285246, 0.9987364430405568, 0.9993960099299846, 0.9991040789473882, 0.9981885229922332, 0.9994952035156276, 0.9993548357366018, 0.9846894544340121, 0.931889782501849, 0.7232314667595258, 0.9345912624879164, 0.9126056746746088, 0.7797648389751273, 0.958177223435664, 0.9353890352366352, 0.9597423810168801, 0.951975613083943, 0.9464788338222038, 0.9799558668441893, 0.976672380750933, 0.9334706541157979, 0.9475377856357313, 0.9599402872222522, 0.9640617344119344, 0.9623243494575737, 0.9377462122288088, 0.8763540115972823, 0.9370937741255247, 0.946250292824036, 0.925040984551044, 0.8580669417120574, 0.9556346593461409, 0.9207444681563024, 0.9546940496310816, 0.9341784843050835, 0.711413232843726, 0.8124518424093765, 0.7477613498730286, 0.8294703857421575, 0.859612042513759, 0.8661545191796474, 0.8472196231876545, 0.8567235054188373, 0.22625169298594344, -0.6117855876377178, 0.9513613688401985, 0.9232930078840046, 0.9254608869490639, 0.9396323837359216, 0.928246962357961, 0.9598021859004506, 0.9599301951839311, 0.9138448771924205, 0.9528597601065354, 0.8013402958747632, 0.6062544363716736, 0.9106697765055074, 0.9304539978326689, 0.12738557521018326, 0.9169289072708822, 0.9388208567707318, 0.802854293997635, 0.9686505131873585, 0.8351586652643596, 0.6254586057903938, 0.4336487185813395, 0.8446402122569622, 0.8337032346716755, 0.832487412745648, 0.9763718154599338, 0.9766670369639023, 0.7121109567647743, 0.6686600108590396, 0.7862774839471651, 0.2888934787539766, 0.7603815802638845, 0.7886444633184256, 0.7851975995613181, 0.7836715217883066, 0.7170619341408982, 0.7201251336825472, 0.6974801251535403, -0.2685392928055619, -0.4136174089770871, 0.6138984788109919, 0.8828101065784287, 0.9282588036394334, 0.938059683082823, 0.9110161963524189, 0.8118063365403054, 0.9080719472234664, 0.9301557621693219, 0.9297616580721915, 0.7538985728402522], [0.9954995175923453, 0.9882714745627608, 0.9943636954976638, 0.9961382992285505, 0.998293759135978, 0.98832652134478, 0.9995219444579635, 0.9999840828813905, 1.0, 0.965010956385042, 0.9996321656001048, 0.9999812854764863, 0.9998333489330207, 0.9999898248879026, 0.9999963234474366, 0.9989782048194109, 0.9991061285094754, 0.9998202318075412, 0.999818893841193, 0.9999663891765782, 0.9999816920669514, 0.9936711990521451, 0.9764490075705589, 0.994924232864841, 0.9950797773163637, 0.9827773616203767, 0.9777782527382882, 0.941620440122759, 0.9892003178149269, 0.993464038675356, 0.988562271478251, 0.9629375456434461, 0.9993415346576285, 0.9994230888136539, 0.9994219669083464, 0.9998343468498972, 0.9987474501274879, 0.9993860793219892, 0.9993246131843095, 0.9981643491080398, 0.9993349760038396, 0.9993272605526, 0.9890259309995862, 0.9319234912619809, 0.7240503971800752, 0.9345828688955998, 0.9126766665607203, 0.7799887711342486, 0.9453923079030041, 0.9229126616173188, 0.9486727367696612, 0.9493491265151723, 0.9437095653715482, 0.9773087861978864, 0.9767909048086504, 0.9659620023403973, 0.9480608538829284, 0.9669097920370234, 0.9641801358447221, 0.967328458085811, 0.9669721422047757, 0.9373011638675065, 0.9364386795472124, 0.9378870665929785, 0.9374541814914252, 0.8883016329166817, 0.956053835223893, 0.9571642264165143, 0.9635152782535236, 0.9622643291154324, 0.9151453238699496, 0.8117054304915177, 0.7582348991371496, 0.8288582924087883, 0.8812203560729361, 0.864432325302656, 0.8722713576124183, 0.8712007419558865, 0.6144264332807086, -0.6281903031261309, 0.9513502809468669, 0.9233268904210152, 0.9255616335232963, 0.9673993137609257, 0.9204166002391774, 0.9593401088306296, 0.958793740315018, 0.9147794557878904, 0.961738311331677, 0.9195048232736455, 0.6044326525773571, 0.9104517069277295, 0.9450153858701587, 0.07028495617068631, 0.9026877042379634, 0.9288939250623777, 0.8019334318939724, 0.9673464954904585, 0.8850355223956129, 0.5303562228923081, 0.3614610738720866, 0.8726469266701055, 0.8262175181696221, 0.8748236134747032, 0.9763294660687507, 0.9766102643816379, 0.709999853013387, 0.6658725531988151, 0.7497257985672231, 0.28658195671389064, 0.6867844860069098, 0.755242631219668, 0.7327772891245915, 0.7135576427264582, 0.7147062000377953, 0.7169679901117029, 0.6942931620670392, -0.5077795765490278, -0.5847810604411788, 0.6141513159805049, 0.8816830101583761, 0.9268801082375857, 0.9394196142490253, 0.9100302951538114, 0.8067348073942463, 0.8969203381342452, 0.9200193315240166, 0.9194526986594731, 0.8081406536635029], [0.9795277625276825, 0.9666763981915469, 0.9541587416841563, 0.9792130970265716, 0.9725238258547052, 0.9648757452641215, 0.971819755775667, 0.9657152463247822, 0.965010956385042, 1.0, 0.9503148228311064, 0.9661151977679214, 0.965016320750285, 0.9658395763185936, 0.9653892024903121, 0.9668779127734436, 0.9753996125347842, 0.9703670247915478, 0.9703909321020658, 0.9658924220593412, 0.9659793253721622, 0.9656427290089467, 0.9526358795394301, 0.9728079187213502, 0.9706585770396072, 0.889798817079266, 0.9692378007532388, 0.9509554410588245, 0.9757293695983383, 0.9696163394595414, 0.9698093232567307, 0.9349746742501088, 0.9742182550892019, 0.9737777294153542, 0.9742578201942657, 0.9662719490737589, 0.9583262542906028, 0.9732340778291215, 0.9740478760559276, 0.9785511493169928, 0.9744085127623298, 0.974436811535863, 0.9558451697647599, 0.8439408265743273, 0.5435940988832746, 0.7896510401723923, 0.8905041160041649, 0.8752580502369564, 0.9019360912672918, 0.8273500530015734, 0.9064508103795933, 0.915665095977851, 0.9035460470608525, 0.9324474294320403, 0.9322990440426622, 0.9437300961972108, 0.9352093443622321, 0.9543512042139682, 0.9478410421679019, 0.9526663226326694, 0.9526837585266383, 0.9120887050560089, 0.9525398799722671, 0.937305736720422, 0.9370041408205074, 0.8573353916156798, 0.9353607828666222, 0.9434114845347603, 0.9367165689150502, 0.9356545275962858, 0.8861999649093931, 0.8195035446069805, 0.7756126641951591, 0.863085510154645, 0.9150805396192029, 0.886596119335701, 0.9008826238258882, 0.9001472013424762, 0.710180649847791, -0.31350191919719284, 0.9530084290998913, 0.9534511916729238, 0.9458986826237386, 0.9455500506326507, 0.913504372868995, 0.9542774115409127, 0.9541982088695873, 0.901287154293724, 0.9562931562319504, 0.9063829214048604, 0.7107035699705588, 0.68092830716895, 0.8645146557345801, 0.09065673708965492, 0.852357955065072, 0.8894927848164856, 0.8743218725823496, 0.9493801791949145, 0.905728156602521, 0.4271257610894199, 0.37340794548411343, 0.8977871509437492, 0.8740382980438839, 0.9042515074893122, 0.9496580207445586, 0.9500030624191191, 0.5401296811903661, 0.7046859626955156, 0.6163842915626263, 0.4856244959642151, 0.5747890296341895, 0.6309191014677705, 0.5914784129287821, 0.5669515337719291, 0.8067109735520295, 0.6840230242432541, 0.6486916448067592, -0.2804246080830789, -0.3284238515056287, 0.7504971015046472, 0.9172931482103868, 0.9237241995761241, 0.9113982451514397, 0.942308621618862, 0.6597019052241291, 0.8429456234590285, 0.9099761061592536, 0.9091149021880827, 0.6919042372114769], [0.9918792424350324, 0.9907638724074922, 0.9969063417037662, 0.9934039577203231, 0.997539001425267, 0.9789671891429836, 0.9994061974928198, 0.9996332240562532, 0.9996321656001048, 0.9503148228311064, 1.0, 0.9996630910443393, 0.9996401363893862, 0.9996483226306728, 0.9996544801399871, 0.9993990760442759, 0.9987317611312483, 0.999953547920138, 0.9999522533734043, 0.99964726721876, 0.9996541080184265, 0.9896855798068322, 0.95576782826831, 0.9908273551091892, 0.9920067835364241, 0.9875147198481388, 0.9690320226846986, 0.8913486826571482, 0.9883832125929424, 0.9923455721452377, 0.971765680139426, 0.8940423091789875, 0.9991290583488674, 0.9991999025459515, 0.9991255007473205, 0.9994450016240082, 0.9993840411153551, 0.9991485606566882, 0.9990052125117427, 0.9969224998258939, 0.9990983913748976, 0.9990893601399791, 0.9893669109309613, 0.9258576592483231, 0.5769871377966891, 0.9298353043299225, 0.9118516764353866, 0.784505415237171, 0.8595690533713908, 0.8910431875500372, 0.8651708271394845, 0.8751313808808788, 0.8564291904221656, 0.9501577070041579, 0.9500704322622564, 0.9482843489126567, 0.9507726152971311, 0.9397002396554949, 0.941810513358762, 0.944360185000253, 0.9441527722819563, 0.8922317608832845, 0.90406360644369, 0.8602857750779707, 0.8600692572924259, 0.7341993335144094, 0.9441994598300792, 0.9477895094394742, 0.9479833158280062, 0.9472535264314214, 0.8935887194451849, 0.5808909645650306, 0.5161264541706406, 0.6789535054953755, 0.7859579056326443, 0.7090248608375151, 0.7499427348279083, 0.7487383643611275, 0.5054553217552994, -0.4018286725782183, 0.9167824302426753, 0.9274245503421131, 0.916423280514128, 0.9498343634767344, 0.8783422109431288, 0.9230664880556815, 0.9217464728782108, 0.8492065887443504, 0.9276584611532314, 0.8572366341251588, 0.4887077252478913, 0.9066100280193475, 0.9023943948641884, -0.2329367945658036, 0.670247593746964, 0.7597472329189077, 0.641204579716083, 0.9694920183303588, 0.6568701343583395, -0.1624394662652343, -0.09493403406731654, 0.6279775609572641, 0.6336795753877766, 0.6751087423086599, 0.970808104776091, 0.9708612524251374, -0.03460926726618333, 0.1902513665486122, 0.047922271106678835, 0.014127115166824805, 0.04106494995905418, 0.060240879630136766, 0.027053294667647037, -0.020461050786572597, 0.3855640273887719, 0.1203923366904217, 0.06881469016260017, -0.5249370905916141, -0.5566519040208565, 0.6142758977403957, 0.736103672481134, 0.7600112186560255, 0.825334438610655, 0.8225168893505957, 0.5111545347922101, 0.7214415821451784, 0.7569598318463349, 0.7556570340633805, 0.4013817542340879], [0.9953461767448605, 0.9884924041447979, 0.990980900022812, 0.9958691136054308, 0.9982849026080292, 0.9888236892262159, 0.9981007237204944, 0.9999968656063147, 0.9999812854764863, 0.9661151977679214, 0.9996630910443393, 1.0, 0.9996427990313833, 0.9999976384864059, 0.9999842480198009, 0.9970632273953619, 0.9991928739231501, 0.9998971529463755, 0.9998969410110182, 0.9999637085976423, 0.999994789303077, 0.9907063523613424, 0.9752104179562663, 0.9922845605006645, 0.9928385686066203, 0.982952624746162, 0.973443514164394, 0.9406111438610264, 0.9895562942482655, 0.9944298609191641, 0.9916389392163302, 0.9677144788735714, 0.9994675292626528, 0.9995271419282357, 0.9996409639290141, 0.999682181212865, 0.9988295130804558, 0.9994422717307295, 0.9991428667906689, 0.9982811608593432, 0.9995386706471512, 0.9993979710982032, 0.9845060983823366, 0.9321705927328628, 0.7239385365623412, 0.9345167838889215, 0.9128872167668166, 0.7809696154116506, 0.9584940529978666, 0.9358027930879986, 0.9600678230985505, 0.9523458460557331, 0.946870226733537, 0.9801911399442246, 0.9768556473244202, 0.9338148787747819, 0.9477850867539817, 0.9602840024831562, 0.9642463200526891, 0.9626597205436485, 0.9380279538425954, 0.8766146473756814, 0.9374286740919585, 0.9467047067293266, 0.9254985953313634, 0.8585696938167194, 0.955765451204177, 0.9210119579540506, 0.9549623954536258, 0.9345023907005646, 0.7116073718160822, 0.8130030968389548, 0.7483477842700915, 0.8300135277363344, 0.8600207198689386, 0.8664787414979348, 0.8476794379697168, 0.8572077732351017, 0.22666494572308793, -0.6116416337731956, 0.951632558668488, 0.9237889515612661, 0.9258618324096514, 0.9398973761614502, 0.9285914575444576, 0.9600725816357505, 0.9602002966593278, 0.9141365822805605, 0.9532288919440428, 0.8016716067401125, 0.60650577082974, 0.9096662252897241, 0.9299033585430103, 0.1280790109410438, 0.9169964237306167, 0.9388841200986375, 0.8031559007666177, 0.9684762811946834, 0.83559093510488, 0.6264499145363215, 0.43456146947211705, 0.8450978050997644, 0.834236007132264, 0.8329058956039961, 0.9762852545788072, 0.9765803828613955, 0.7127773884418817, 0.6693010922136425, 0.786835734739589, 0.2898066627006421, 0.7610665767709767, 0.7893113698924884, 0.7857613422176191, 0.7843686789290526, 0.7174898215010068, 0.7205861747977479, 0.6979717675435054, -0.2674801115944117, -0.4126548849808131, 0.6145395965943018, 0.8833248134308183, 0.9286601038752654, 0.9385531178053058, 0.9114630313809908, 0.8123548514574402, 0.9086093783178155, 0.9306810320665391, 0.9302731577416636, 0.7545657539282442], [0.9945505086328026, 0.9883023952674665, 0.9929230878585145, 0.9952853789151015, 0.9980568806840142, 0.989921055955061, 0.9990590445564211, 0.9996574111592537, 0.9998333489330207, 0.965016320750285, 0.9996401363893862, 0.9996427990313833, 1.0, 0.999679403648629, 0.9996643753676725, 0.999098082053373, 0.9986903078807747, 0.9994623410722732, 0.999454946033805, 0.999659175747584, 0.9996328862268038, 0.9927035952655072, 0.9768079123874842, 0.9956573974777319, 0.9955478522932615, 0.9827767238294247, 0.9762632277747771, 0.94312288756392, 0.9887138975591736, 0.9924555751787404, 0.9907164949281363, 0.9652824780274172, 0.9987543291235398, 0.9990611045956087, 0.9992589670040455, 0.9999210444170974, 0.9987733766750473, 0.9990261696107231, 0.9985788357116517, 0.9975149056190699, 0.9987452835213657, 0.9986685358100875, 0.9884509946039409, 0.9321357650814246, 0.7198607130418584, 0.934641547768276, 0.9127846480427406, 0.7802411864226324, 0.9541508364202238, 0.9287585914202182, 0.9550963362764712, 0.9488964674418968, 0.9428560282709846, 0.9766332370270772, 0.9747538411066581, 0.9574736755745936, 0.9474379713830443, 0.960545957155189, 0.9634226907610355, 0.9624537333002312, 0.9618137629714492, 0.8806988606324426, 0.9343090064749446, 0.9450121062930308, 0.9447800907265254, 0.8565836231497245, 0.9560346864394517, 0.9329781834990702, 0.956850840233813, 0.9555122846744636, 0.7159428211802364, 0.8098050767808783, 0.7725249763871289, 0.8274766945117601, 0.8614672636514318, 0.8654821280993957, 0.8557648195400904, 0.8562042935441572, 0.21072745075669153, -0.6061905975111488, 0.9506281929529893, 0.9234524772970595, 0.9247029225989297, 0.9604637645211567, 0.9277705185908773, 0.9587551175847999, 0.9588403700083786, 0.9137199840272324, 0.9535491218619382, 0.8084495784482042, 0.6069740567759557, 0.9102442371560494, 0.9304858041199868, 0.12303280290266072, 0.9149305640612809, 0.9371495055450358, 0.8041546712933448, 0.9712054687242889, 0.8293632014681117, 0.6183115461332989, 0.42864973259415184, 0.836223658894257, 0.8288833033369498, 0.8246758890680105, 0.978253194526596, 0.9785025655988334, 0.7034876296202153, 0.6637415615084121, 0.7658632879897807, 0.28949894564752077, 0.7509988328587617, 0.7779202001693086, 0.7544332968210284, 0.7732449697863361, 0.7151168779389352, 0.7102239498924948, 0.6878726348325342, -0.27429611414744015, -0.4178625895633848, 0.6140978022434016, 0.8810925953210114, 0.9301342733540158, 0.9340370461048977, 0.9106434470400148, 0.8044482800856274, 0.9022291775133258, 0.9236258694682727, 0.9238790189996277, 0.7485957281582774], [0.995254736667537, 0.988353631046015, 0.9911420569633997, 0.9957939270749889, 0.9982706122523682, 0.9889285030360994, 0.9990023704605405, 0.9999978136426166, 0.9999898248879026, 0.9658395763185936, 0.9996483226306728, 0.9999976384864059, 0.999679403648629, 1.0, 0.999988356035657, 0.998618556182835, 0.9991552920452745, 0.999889241136649, 0.9998884477070124, 0.9999578803953448, 0.9999920663338895, 0.9908295436369161, 0.9753785940317385, 0.9941445596628518, 0.9939946161958846, 0.9828633593287027, 0.9736451065687479, 0.9407601562361924, 0.9920313491708032, 0.9947509895820247, 0.9915106334969302, 0.9674674383482618, 0.9994416229519221, 0.9994879357124878, 0.9996176514537192, 0.9996989793714959, 0.998779929211392, 0.9994072826595555, 0.9991712435337039, 0.9982119463648143, 0.9995090736551437, 0.9993718964935363, 0.9846707179272702, 0.9319913188515019, 0.7233211009589282, 0.9346102578358655, 0.9128128494306085, 0.7803374198462687, 0.9582873383023275, 0.9355669894455418, 0.9598893575865852, 0.9519442988850242, 0.9464227858878985, 0.9800055010695898, 0.9766358092058345, 0.9338321031656144, 0.9476722418963909, 0.9601415869073748, 0.9641307175337103, 0.9625087337984392, 0.9374463501896122, 0.8765975638172507, 0.9369351997616219, 0.9463282430355862, 0.9253009391734678, 0.8582062510969939, 0.9558015630206602, 0.9211689180738634, 0.954941390888345, 0.9345575643852962, 0.7118157125700207, 0.8123944057281609, 0.748072008128116, 0.8294588678078455, 0.859806329457009, 0.8661229931294421, 0.8473988790762295, 0.8569199421218845, 0.22662361922702084, -0.61148837967577, 0.951428730560867, 0.9235272209120191, 0.9256521055843386, 0.9376336553708222, 0.9284665339395376, 0.9598794774393473, 0.9600041597550526, 0.9140247196449512, 0.9530611830282476, 0.8016445963618982, 0.606309960924024, 0.9101916957376747, 0.9302966687104064, 0.1273818581764227, 0.9167936907636067, 0.9387151970360783, 0.8028601744607766, 0.9686675995387142, 0.8352254483523742, 0.6253405447742325, 0.43354731397980223, 0.8446907557149433, 0.8338754431731672, 0.8325469879602454, 0.9764249999938315, 0.9767163359829509, 0.7116544772985024, 0.6682482022108126, 0.7862863235558097, 0.2892174854191748, 0.7603800451010887, 0.7885855449738575, 0.7853985709220781, 0.7835879665842833, 0.7169602848391056, 0.7192877422893281, 0.6966788806919544, -0.26832490808933956, -0.41339885283357974, 0.6142648250257875, 0.8827416657159555, 0.9284226875186922, 0.9381428017248672, 0.9110834141846977, 0.8116224730797638, 0.9083264985874949, 0.9302342631110287, 0.9299578121080918, 0.7540366980409304], [0.9953992992154359, 0.9884517383628129, 0.9910560648925774, 0.9959159165953522, 0.9983390558769939, 0.9890284268358578, 0.9987751409291237, 0.9999814078636601, 0.9999963234474366, 0.9653892024903121, 0.9996544801399871, 0.9999842480198009, 0.9996643753676725, 0.999988356035657, 1.0, 0.9986179397545425, 0.9991949190258972, 0.999885532196944, 0.9998854744730605, 0.9999565729942662, 0.9999773058231624, 0.9907489157762466, 0.9754065881853032, 0.9926117739386451, 0.992648638726135, 0.9829991863763288, 0.9733960972567016, 0.9407751165622873, 0.9920712740971706, 0.9943404351871051, 0.9913565489016417, 0.9673617426192701, 0.9994822135785333, 0.9994735430019547, 0.9996034244813139, 0.9996896084738651, 0.99879960992689, 0.9994120674658294, 0.999202231450528, 0.9982659045201925, 0.9995411193820485, 0.9994180753594821, 0.9844526473921167, 0.9318569515597566, 0.72401617923315, 0.9344380505172566, 0.9127968343118393, 0.7806718722515049, 0.9588320473070066, 0.9366616331956795, 0.9604907206472273, 0.9521072448579904, 0.9465557736922724, 0.9804833252864946, 0.976811822716621, 0.9347141827535029, 0.9482040860078718, 0.960597676732891, 0.964354869281453, 0.9629698561122607, 0.9387902101494582, 0.8769330515064923, 0.9366164963387469, 0.9466843179701179, 0.9260516323260394, 0.8582600360938032, 0.956271263241736, 0.9219167630861044, 0.955534917223121, 0.9354821440719342, 0.7120132296516537, 0.8120135386530716, 0.7492189090964158, 0.8291488078994682, 0.859957914043422, 0.865779920297916, 0.8480367405766134, 0.8573250364198295, 0.22652213270824242, -0.6112139634041992, 0.9515482564960408, 0.9237364664688129, 0.9258908989389363, 0.9407208467202952, 0.9290916713590927, 0.9600871194209583, 0.9602078015500117, 0.9145014752400044, 0.9534834580520982, 0.8018638968942331, 0.6050469835031416, 0.9099944106160124, 0.9300389894644832, 0.12678423835894467, 0.9163310856972408, 0.938313249217533, 0.8019669010390567, 0.968332055909883, 0.8361939344617765, 0.6245622355018475, 0.4325606855587233, 0.8452081990566986, 0.8343265401539557, 0.8332823079245609, 0.9762339178369728, 0.9765148672289183, 0.710344826059727, 0.6662414745221, 0.7873311059874013, 0.2875975821896584, 0.7606317270501253, 0.7889406164959681, 0.7866327144355213, 0.7837666200904521, 0.7155677841072272, 0.717171380068357, 0.6945457071392177, -0.2677779834344683, -0.41297051368574306, 0.6143384216835311, 0.881891151783481, 0.9289833141636141, 0.9386181958899825, 0.9103513452882539, 0.8117995929751733, 0.9093194701152978, 0.9307809891320714, 0.9306655555005404, 0.7539351298533582], [0.9965213871772977, 0.9933499635034554, 0.9916445602177455, 0.9970475963407331, 0.9986059407362159, 0.9918706037321504, 0.9981260376494961, 0.9964192810156854, 0.9989782048194109, 0.9668779127734436, 0.9993990760442759, 0.9970632273953619, 0.999098082053373, 0.998618556182835, 0.9986179397545425, 1.0, 0.998917483826106, 0.9989713297010988, 0.9989674528189976, 0.9987909328809338, 0.9985099545253177, 0.9922391269835303, 0.978061780435723, 0.9834939216653281, 0.9899396879674425, 0.9888184175849782, 0.9754192452316469, 0.9481246734098693, 0.9931187024645903, 0.9931394881187379, 0.9903987089259645, 0.9674735225549729, 0.998790811167918, 0.9987293392244494, 0.9989417212798023, 0.9986360024927555, 0.9993789804478346, 0.998869073298977, 0.9989109364801532, 0.9980768920068025, 0.99867347637585, 0.998739404287688, 0.9834017508652099, 0.925217253752139, 0.7294009388297247, 0.9278330625244396, 0.9153964000704228, 0.7979969724440621, 0.9620492433685172, 0.9405954071510889, 0.9640905575394139, 0.9519995921076441, 0.945083933717581, 0.9809984383850016, 0.9762362371213328, 0.9471360822126377, 0.9572949269787387, 0.9673706105474518, 0.9688188091340418, 0.9688909365674542, 0.9501655221924183, 0.8886711692249121, 0.9404205951520618, 0.9514618662340126, 0.9367987579829462, 0.8689794541948701, 0.9625254489341905, 0.9352317272534546, 0.9629878943954151, 0.9479090209051401, 0.7295090961361022, 0.819586810410124, 0.7665699858368552, 0.8379341962152317, 0.8722516243117837, 0.87280661049168