var element=document.getElementById("correlationClose");if(element.style.display!='none'){var correlationClose={"data":[{"type":"heatmap","z":[[1.0,0.9999860608164834,0.6161298988027806,0.9997133516421555,0.9977511072128633,1.0,0.9916695210451275,0.9876535751331232,0.9876535751331232,0.9923465977907292,0.9749203492542997,0.9849722530210882,0.9917101837919702,0.9921561504878164,0.9917690355994121,0.8982678689784108,0.8669118159800949,0.37912567030579125,0.992691503131742,0.992677916046379,0.984826916947112,0.9916974852771988,0.4558408912151672,0.7021675745780654,0.9798744074006752,0.9798744074006752,0.9798545922305997,0.9696616876729721,0.35067768365816804,-0.09806655807421853,0.9895766391106308,0.9895392233725002,0.30456214253027913,-0.17094965437014298,0.9942857320060203,0.9950416630011776,0.8291466493133226,-0.3773602971778335,0.9894203387578397,0.9949250797600937,0.8928322575884509,0.3606011939714021,0.9944484749133541,0.9944367208859693,0.9944484749133541,0.8857445687232286,0.6602929801130547,0.8845149743152972,0.893066367236759,0.8019390990237688,0.37902325561491035,-0.15368888179014786,0.19504923941636979,0.9453802904496084,0.42338879482340397,0.9756470945448347,0.9704324125539394,0.9796498714287417,0.9897089357766152,0.9227025551696276,0.9256785826492318,0.9391767993427468,0.9198564455486808,0.9362893770863877,0.9369919312982116,0.9362893770863877,0.864134031459897,0.9137802530906973,0.9147923208018787,0.9137802530906973,0.9096007385991919,0.7601711695725665,0.8828928827772843,0.8843605397673409,0.8828928827772843,0.6546351542160243,0.3368130029256846,0.6351779391598833,-0.5765040348055046,0.538040500212566,0.5754987943071865,0.5763400038890344,0.5754987943071865,-0.10470579982888635,0.8974566244855481,0.9299507237601203,0.9123389450495559,0.9241267625935465,0.3657976292068002,0.8934701966588714,0.894446011929075,0.8934701966588714,0.9000326148808291,0.9000326148808291,-0.1267448331144392,0.5829758749096016,0.1878412757833372,-0.617607087770023,-0.573997026764031,-0.577591620497959,-0.07331923164819115,0.09393841440330214,0.2396652372776394,0.08368246468045495,-0.46258509051847596,0.028077117153296263,-0.7948813027417132,-0.23890681457516003,0.15183047755737974,0.15257314130048188,-0.5547839867205633,-0.5936647165424069,-0.23926890073789675,-0.49915456989811413,-0.8240353410537405,-0.3728739455408968,-0.3646233116807584,-0.3728739455408968,-0.1916893214807023,-0.2883934285080819,-0.2883934285080819,-0.8120224167782739,-0.8120224167782739,0.4014402290367876,0.6464690838820744,0.8652942633429564,0.8465740872058626,0.7771182680177184,-0.2842842142774331,0.7578443135803787,0.7961203858923428,0.7964373976272296,0.7961203858923428,-0.22989669219342845],[0.9999860608164834,1.0,0.975031353767185,0.9993435423137134,0.9948773754362065,0.9999860608164832,0.9816575655579455,0.9743372415005335,0.9743372415005335,0.981493354887553,0.9651190001166623,0.983399804846752,0.9817024461326749,0.9816183833659456,0.9815208781660579,0.5459771751547022,0.4784002382562399,-0.3467886893589068,0.9862143959822838,0.9861931273189418,0.9817576219525431,0.9817509613457273,-0.08316085489869478,0.9738683276892907,0.9760998678250241,0.9760998678250241,0.9761577190274253,0.9698242580269453,0.15842656628950297,0.1894536570765492,0.9783368826378568,0.9783957820193164,0.9746218032716972,0.20740240364406673,0.9893992647658147,0.9894595465425329,0.9901227294111378,0.9832392237420523,0.9882114159890332,0.9895566208269427,0.5141489966208922,-0.3525865137483466,0.9901726413696231,0.990158578971172,0.9901726413696231,0.8858589108951591,0.5207248113455195,0.8850328459474758,0.8933980456159064,0.8012886020327742,-0.39157011995232244,-0.5262629056114743,0.8249927174097592,0.8625755522161015,-0.221648079391886,0.9332108094953805,0.9333415251524985,0.9482276867144555,0.9744471867780145,0.9375566010537356,0.9458685835736589,0.9277435031124615,0.9270673972966134,0.9333231537717531,0.9339305295891773,0.9333231537717531,0.8169072630824303,0.7824692339656228,0.7846157248500145,0.7824692339656228,0.9399804346143029,0.9441975789617867,0.9400480468632433,0.9410785446717161,0.9400480468632433,0.5233313615067288,0.4644250132783009,0.5754621288075562,0.6729099251499657,0.5683006728620408,0.5988603587549125,0.5996976754137445,0.5988603587549125,-0.2068030636244632,0.8925292184726281,0.9226609008820764,0.9117745271131387,0.9436463675259671,-0.1947811563984962,0.8877145795955609,0.8880597785658645,0.8877145795955609,0.8970297636464606,0.8970297636464606,-0.22120420088747275,0.5839782850718103,-0.35987175226573753,-0.7181459520797737,-0.4635282465857784,-0.46692116339648365,-0.33279958591343284,0.2541777709801756,-0.23305539084130142,-0.438926627136767,-0.660777469748034,-0.3125718030056876,-0.4884462839947742,-0.3684554399950016,0.13009721298492002,0.1260514466935024,-0.48926376379426867,-0.44887255926712255,-0.4771616178760797,-0.5077606917919824,-0.49988682750371605,-0.47931085447164223,-0.4827905127543601,-0.47931085447164223,-0.35113974633296946,-0.5091275428945851,-0.5091275428945851,-0.48259800182215185,-0.48259800182215185,0.4017389535949051,0.39385428472698675,0.5099569984834438,0.5971554102785451,0.557055544041974,-0.41429651884469576,0.36958498981901317,0.34739676474243186,0.3475054770118422,0.34739676474243186,0.11036711694714905],[0.6161298988027806,0.975031353767185,1.0,0.611325763659034,0.5223179823631887,0.6161298988027806,0.6014180217419751,0.5914648450407032,0.5914648450407032,0.522810726656257,0.4731196976863881,0.9965497195722988,0.6014353941314924,0.5883961403091705,0.6017024574472057,0.5012395342273682,0.5097089521150369,-0.15040209388587691,0.5550193094095617,0.5541297679692538,0.5141066077239296,0.6003581796094883,0.23287931527621256,0.741341746539676,0.574395897932326,0.574395897932326,0.5741382799426615,0.9870821622251946,0.3412867559575356,0.18592847272696214,0.5620489741385354,0.5616068489223619,0.759669796014931,0.034375028259284506,0.598521848611413,0.5192881274930496,0.575343894380926,0.333626477054027,0.9941985104961564,0.5107495341304135,0.49461237511813044,-0.1580105957893912,0.6149886479539793,0.5964756966035893,0.6149886479539793,0.8868022767525942,0.3933547908557297,0.9124604677823464,0.8828225590045552,0.6774758228740241,0.204413239548523,-0.03809966175321513,0.05154033963087901,0.4695371141980832,-0.0833580420031533,0.5490521541844575,0.49808759214799975,0.5265956623480167,0.4851555101659773,-0.0433311079637744,0.7405750823693519,0.6805334315242215,0.5564510982394465,0.6865153945537947,0.7328096081443916,0.6865153945537947,0.4241657798342789,0.5847799786087657,0.6649535747392956,0.5847799786087657,0.623771427252514,0.6429788888917565,0.6886389479238926,0.748991648111547,0.6886389479238926,0.2919255967665099,-0.08705215747386573,0.30987374680221746,0.12317941221337801,0.3088471050008175,0.2614418540161564,0.436491065327134,0.2614418540161564,-0.17097344913153956,0.5194071225429533,0.8456171551719922,0.6006283123707451,0.748453223413032,0.007810363956957263,0.5728220507106719,0.5726179856733308,0.5728220507106719,0.6685024321535893,0.6685024321535893,-0.24391511976229588,0.7233916239917125,-0.20248742727689809,-0.6180220665755145,-0.4109120603576573,-0.4144645600148516,-0.4011270730403926,0.058422372058416425,0.02477213997376407,-0.29181915805891206,-0.5986984821706227,-0.14765568311052382,-0.2673574944604642,-0.23250980235842106,0.017992159705874675,0.015107495047788104,-0.46765847983825143,-0.02277904290034944,-0.23724241542509095,-0.4963437687076875,-0.15332188831422328,-0.3788027632046146,-0.25681584888743825,-0.3788027632046146,-0.41630374992055874,-0.5175641928714177,-0.5175641928714177,-0.2688607496265379,-0.2688607496265379,0.33829019236799945,0.1632022376828925,0.26285019817779676,0.5027760843138772,0.250714052619951,-0.34120596459077707,-0.027768816320683055,0.45263547948956395,0.5615617784683802,0.45263547948956395,-0.04572022328016422],[0.9997133516421555,0.9993435423137134,0.611325763659034,1.0,0.9987840447891676,0.9997133516421554,0.993108457554352,0.9895620782085333,0.9895620782085333,0.9940562553943066,0.9728090631997126,0.9890576878881923,0.9931376371215351,0.9939070930989523,0.9931708643512877,0.8984724509203225,0.8669184477163457,0.3644520389905241,0.9939273966557046,0.9939163865097301,0.985077981205021,0.9931176328973043,0.44747826000504104,0.7061683246836004,0.982652142579586,0.982652142579586,0.9826320141088679,0.977467105585477,0.3467354757870157,-0.10451437504976081,0.9890720436897522,0.9890437799057529,0.2968609247936043,-0.17111122549159155,0.9949564170732244,0.9959419886602943,0.7921395150561724,-0.38243197522372685,0.9923741291446911,0.9960623872260552,0.8922064205757351,0.34559594477105876,0.9927456720760253,0.9950133374783238,0.9927456720760253,0.8834933279766795,0.6476846583918227,0.890743652115436,0.8904126519574946,0.7817685517440197,0.3737205645227816,-0.15924913885370565,0.18902217343049524,0.9396948964498756,0.4072832481912633,0.9712136326786592,0.9675124979152414,0.9775477743708462,0.9898346084418718,0.9008194429107953,0.9185209941233654,0.9256789515143046,0.9156350906162857,0.9185956070128898,0.9195651893163639,0.9185956070128898,0.8556854197491088,0.9012632759320068,0.902374728186478,0.9012632759320068,0.9059556413922403,0.6983577041353761,0.8426664709986426,0.8441707371169298,0.8426664709986426,0.6458996256731889,0.1191649929343815,0.6246835102181572,-0.5812317258461027,0.5326513049232487,0.3138148935523902,0.5458079099926445,0.3138148935523902,-0.1112800148024293,0.8918267236979623,0.9216414615704218,0.9040920211709559,0.9001345666594774,0.35186862785889866,0.8886592803178388,0.8897762659557639,0.8886592803178388,0.8799619248350589,0.8799619248350589,-0.1320399639979656,0.6058229025710009,0.1925910137546644,-0.6278900957954214,-0.5812197882520339,-0.5847192743865981,-0.08559569542392231,0.08908933802133526,0.23265258817528067,0.07072609230327873,-0.4750059650392809,0.021653118478464742,-0.8009617489388966,-0.2467016309117246,0.1415220386347586,0.14231083416087673,-0.5617390470721579,-0.5902283889799628,-0.24066333920017977,-0.5102424028120406,-0.8258577204248823,-0.3743953175435455,-0.3667114063186878,-0.3743953175435455,-0.20050455177465581,-0.29815988345254185,-0.29815988345254185,-0.8118050264748388,-0.8118050264748388,0.3900540299018067,0.6347362757164883,0.8575130641640527,0.8389315015929029,0.7697450919329296,-0.2974214685467631,0.7488271472207866,0.7873331998708042,0.7876658123402109,0.7873331998708042,-0.215011732411719],[0.9977511072128633,0.9948773754362065,0.5223179823631887,0.9987840447891676,1.0,0.9977511072128633,0.9970255115658887,0.9953038384073837,0.9953038384073837,0.9972192220840065,0.9638680613286935,0.9960457918860598,0.997043745628311,0.9971255394719915,0.9970730407936534,0.8560565395655675,0.8086304543217641,0.16251225992006124,0.9975705762741126,0.9975651056825364,0.9868991437824091,0.9970294035410059,0.09782494683958641,0.6780767095525917,0.9915684404507061,0.9915684404507061,0.9915280686778098,0.9881079711254808,0.12091176108806291,-0.08604571848880417,0.9871577996804615,0.9870934493940225,0.0010794336360652169,-0.0649136150013455,0.9977773460927624,0.9977107084514815,0.7766787281715536,-0.5142090301979497,0.9974887737260797,0.9980236536539407,0.8428845413776465,0.13841272795619478,0.9977240881846594,0.9977256333892277,0.9977240881846594,0.8984809759927396,0.6099191248319427,0.9092680326131547,0.8952838130694404,0.7533979216269842,-0.09822458207604538,-0.5849232970888968,-0.21851833593441983,0.9267574887988733,0.26088407419979753,0.9656632520441731,0.9657705801487139,0.9791474607316816,0.9905286492274495,0.8981387109774498,0.8990452810531283,0.9145944062107106,0.9022628307703499,0.9129173590088578,0.9132952302941995,0.9129173590088578,0.8290485679712146,0.8519706797289166,0.8532359783695854,0.8519706797289166,0.8942400285269826,0.7975062216453435,0.8744928245294826,0.8753932147580564,0.8744928245294826,0.601667223884035,0.4739649519651467,0.5875150031531795,-0.6124370506440143,0.5861581987614054,0.5638587490942846,0.5630918388287999,0.5638587490942846,-0.13026500366218075,0.8730114949840705,0.8954285911977428,0.8798758173481126,0.9069046531635694,0.2013444682397317,0.8732113302840984,0.8743701352199234,0.8732113302840984,0.8803674306247231,0.8803674306247231,-0.17295380597375828,0.6575910898941938,0.04790903245611483,-0.6604806376619207,-0.6336777766117974,-0.6341644453125317,-0.1195261328419762,0.11196382871144242,-0.16160282226537023,-0.18000295370856098,-0.5536054265269577,-0.3444769081041314,-0.8557640199878545,-0.5345241396988265,0.10936699124458235,0.11000908450738935,-0.5898675062313463,-0.5827200431271256,-0.5277209321367899,-0.5504735117400879,-0.788134736614191,-0.5814725750576183,-0.5844394380752054,-0.5814725750576183,-0.24177954557598208,-0.3342813447170513,-0.3342813447170513,-0.7551303306746193,-0.7551303306746193,0.374270288514625,0.6150751460314451,0.8095633803343215,0.7895211394942642,0.7583035499617309,-0.4302246876239003,0.6031351835073698,0.6790687308784142,0.6795477589563336,0.6790687308784142,0.012285706757571947],[1.0,0.9999860608164832,0.6161298988027806,0.9997133516421554,0.9977511072128633,1.0,0.9916695210451275,0.9876535751331232,0.9876535751331232,0.9923465977907292,0.9749203492542997,0.9849722530210882,0.9917101837919702,0.9921561504878164,0.9917690355994121,0.8982678689784108,0.8669118159800949,0.37912567030579125,0.992691503131742,0.992677916046379,0.984826916947112,0.9916974852771988,0.4558408912151672,0.7021675745780654,0.9798744074006752,0.9798744074006752,0.9798545922305997,0.9696616876729721,0.35067768365816804,-0.09806655807421853,0.9895766391106308,0.9895392233725002,0.30456214253027913,-0.17094965437014298,0.9942857320060203,0.9950416630011776,0.8291466493133226,-0.3773602971778335,0.9894203387578397,0.9949250797600937,0.8928322575884509,0.3606011939714021,0.9944484749133541,0.9944367208859693,0.9944484749133541,0.8857445687232286,0.6602929801130547,0.8845149743152972,0.893066367236759,0.8019390990237688,0.37902325561491035,-0.15368888179014786,0.19504923941636979,0.9453802904496084,0.42338879482340397,0.9756470945448347,0.9704324125539394,0.9796498714287417,0.9897089357766152,0.9227025551696276,0.9256785826492318,0.9391767993427468,0.9198564455486808,0.9362893770863877,0.9369919312982116,0.9362893770863877,0.864134031459897,0.9137802530906973,0.9147923208018787,0.9137802530906973,0.9096007385991919,0.7601711695725665,0.8828928827772843,0.8843605397673409,0.8828928827772843,0.6546351542160243,0.3368130029256846,0.6351779391598833,-0.5765040348055046,0.538040500212566,0.5754987943071865,0.5763400038890344,0.5754987943071865,-0.10470579982888635,0.8974566244855481,0.9299507237601203,0.9123389450495559,0.9241267625935465,0.3657976292068002,0.8934701966588714,0.894446011929075,0.8934701966588714,0.9000326148808291,0.9000326148808291,-0.1267448331144392,0.5829758749096016,0.1878412757833372,-0.617607087770023,-0.573997026764031,-0.577591620497959,-0.07331923164819115,0.09393841440330214,0.2396652372776394,0.08368246468045495,-0.46258509051847596,0.028077117153296263,-0.7948813027417132,-0.23890681457516003,0.15183047755737974,0.15257314130048188,-0.5547839867205633,-0.5936647165424069,-0.23926890073789675,-0.49915456989811413,-0.8240353410537405,-0.3728739455408968,-0.3646233116807584,-0.3728739455408968,-0.1916893214807023,-0.2883934285080819,-0.2883934285080819,-0.8120224167782739,-0.8120224167782739,0.4014402290367876,0.6464690838820744,0.8652942633429564,0.8465740872058626,0.7771182680177184,-0.2842842142774331,0.7578443135803787,0.7961203858923428,0.7964373976272296,0.7961203858923428,-0.22989669219342845],[0.9916695210451275,0.9816575655579455,0.6014180217419751,0.993108457554352,0.9970255115658887,0.9916695210451275,1.0,0.9973705636177976,0.9973705636177976,0.9999694821740382,0.9564962816132234,0.9996487478748175,0.9999964111158857,0.9999857780663522,0.9999930151319133,0.9352251875890427,0.9269065219957586,0.32149035581063357,0.999851213084019,0.9998513307629205,0.9892739987914893,0.999996593336615,0.3581968558500306,0.7056434799380672,0.9850972214750688,0.9850972214750688,0.985784750559885,0.9890881786515661,0.2714586270890463,-0.1616928287800943,0.9917220074336542,0.9915386822991318,0.19956829490627145,-0.22045089787610084,0.9993232069232557,0.9994269483858699,0.3944155860402744,-0.3189987621185525,0.9988938999360882,0.9993694099350081,0.9260493375392884,0.30122056889282794,0.937613289426982,0.9990627382890513,0.937613289426982,0.9080228825496739,0.615754524811105,0.9284687472824201,0.9040750789047953,0.7135266865398512,0.40955850007785904,-0.09984081271463784,-0.20446982301202743,0.9256894385691801,0.37042043370477656,0.9678281553673378,0.9619750445261465,0.9780865296617337,0.9958800713583121,-0.057886250077991114,0.8554396193553349,0.8199196241296083,0.8669789226716919,0.8139484701550321,0.7786845368989667,0.8139484701550321,0.7893031248056157,0.7814310349399206,0.7746355709697137,0.7814310349399206,0.8571146262308792,0.3502769227700988,0.560913548623494,0.6326217310240566,0.560913548623494,0.570335664711972,-0.35258480815259285,0.5369630105497699,-0.6444129982191167,0.4595048947830147,-0.10971408520345909,0.4074985302995018,-0.10971408520345909,-0.15362471115109225,0.8341822390813154,0.8516850292175036,0.8378529051923307,0.7532420062025296,0.3083379763056646,0.8350514601749698,0.8366500773451705,0.8350514601749698,0.7475742988810521,0.7475742988810521,-0.20956582982519073,0.7021606600956233,0.24925886698446947,-0.6402380539126411,-0.6224162972462439,-0.6254669507714624,-0.13315060805456094,0.03832739379017856,0.3422394499225223,0.03606069742355175,-0.4950327185886556,0.07775041560196985,-0.8275474435905614,-0.14784194108171347,0.07296666293213633,0.07381475823494707,-0.6053483269686765,-0.5982430738470081,-0.07838528769472804,-0.5859336157503213,-0.8388950816790229,-0.368649435118152,-0.19868245654223088,-0.368649435118152,-0.27555339140362806,-0.3440806159002405,-0.3440806159002405,-0.8314679233973227,-0.8314679233973227,0.3734250610229063,0.5956767983842376,0.5031632286248019,0.8048713550372935,0.7506944875964707,-0.3510647007123313,0.06327688414463288,0.7563292986940265,0.7752208683357635,0.7563292986940265,-0.14353212881112637],[0.9876535751331232,0.9743372415005335,0.5914648450407032,0.9895620782085333,0.9953038384073837,0.9876535751331232,0.9973705636177976,1.0,1.0,0.9995222235616138,0.9490696779133139,0.9985615317633927,0.9981416350646499,0.9993705895068512,0.9990893346569895,0.9333106629497577,0.917610202934688,0.2995856671134005,0.9991376696167915,0.999139219717504,0.9865295224630324,0.9992358290860228,0.33233373313091125,0.7060219912991316,0.9923698566235307,0.9923698566235307,0.983719679869626,0.98573353907139,0.25352716779474754,-0.1754972866305174,0.9879980849737529,0.9914196929977427,0.1805165899980828,-0.2265044722113136,0.9982401190136451,0.9981849899724977,0.37535565129213405,-0.32596963252489225,0.9967205600924189,0.9980845519296198,0.9245213037364949,0.2788759869112849,0.9296026415064529,0.9980683031928663,0.9296026415064529,0.9054812749285998,0.6003061516611394,0.9287996483719071,0.900606333124878,0.6891908881857263,0.39636689877323955,-0.11513602981702335,-0.21749459404284247,0.9167937819925759,0.34967642829994955,0.9631081175738436,0.9565951165729951,0.9728436943104023,0.9949472436682849,-0.0680788426991939,0.8430474253406246,0.8031376906783632,0.8580607031709507,0.7983188440953942,0.7660228259274834,0.7983188440953942,0.7762546492795267,0.76194808391223,0.7607222679668761,0.76194808391223,0.8484411451710485,0.33013739950111537,0.5397437326767313,0.6156972655761516,0.5397437326767313,0.5566534935660715,-0.3676397810806112,0.5215392809397598,-0.6525585019729513,0.45108141914129574,-0.13227464206459388,0.3906233195161597,-0.13227464206459388,-0.16058620563690476,0.8237217649204119,0.8359408469802277,0.824465815360784,0.7381274912693472,0.290733180491417,0.8251797273270914,0.8269798450890492,0.8251797273270914,0.7292842335087715,0.7292842335087715,-0.22528878088884322,0.7279423021149138,0.2567507319064142,-0.6498553836186062,-0.6356095440269265,-0.6384695285563534,-0.1482439933656916,0.030357797924822325,0.3352834073608063,0.016666898152291866,-0.5080246545311431,0.06842552103620714,-0.8338777645954296,-0.15437944370653353,0.05725526765417093,0.058125704186284904,-0.617385250032036,-0.5993962106708755,-0.08529255397702644,-0.6033361752244197,-0.8388267043530091,-0.380396594125988,-0.2049655549571063,-0.380396594125988,-0.29353426452211845,-0.3581341554521906,-0.3581341554521906,-0.8298164204780825,-0.8298164204780825,0.3526449874402569,0.57837077764733,0.48415705076730625,0.786861824958508,0.7377973130518476,-0.37322393932469894,0.04897387391329111,0.7370375654780327,0.7593700831156353,0.7370375654780327,-0.1262318564866304],[0.9876535751331232,0.9743372415005335,0.5914648450407032,0.9895620782085333,0.9953038384073837,0.9876535751331232,0.9973705636177976,1.0,1.0,0.9995222235616138,0.9490696779133139,0.9985615317633927,0.9981416350646499,0.9993705895068512,0.9990893346569895,0.9333106629497577,0.917610202934688,0.2995856671134005,0.9991376696167915,0.999139219717504,0.9865295224630324,0.9992358290860228,0.33233373313091125,0.7060219912991316,0.9923698566235307,0.9923698566235307,0.983719679869626,0.98573353907139,0.25352716779474754,-0.1754972866305174,0.9879980849737529,0.9914196929977427,0.1805165899980828,-0.2265044722113136,0.9982401190136451,0.9981849899724977,0.37535565129213405,-0.32596963252489225,0.9967205600924189,0.9980845519296198,0.9245213037364949,0.2788759869112849,0.9296026415064529,0.9980683031928663,0.9296026415064529,0.9054812749285998,0.6003061516611394,0.9287996483719071,0.900606333124878,0.6891908881857263,0.39636689877323955,-0.11513602981702335,-0.21749459404284247,0.9167937819925759,0.34967642829994955,0.9631081175738436,0.9565951165729951,0.9728436943104023,0.9949472436682849,-0.0680788426991939,0.8430474253406246,0.8031376906783632,0.8580607031709507,0.7983188440953942,0.7660228259274834,0.7983188440953942,0.7762546492795267,0.76194808391223,0.7607222679668761,0.76194808391223,0.8484411451710485,0.33013739950111537,0.5397437326767313,0.6156972655761516,0.5397437326767313,0.5566534935660715,-0.3676397810806112,0.5215392809397598,-0.6525585019729513,0.45108141914129574,-0.13227464206459388,0.3906233195161597,-0.13227464206459388,-0.16058620563690476,0.8237217649204119,0.8359408469802277,0.824465815360784,0.7381274912693472,0.290733180491417,0.8251797273270914,0.8269798450890492,0.8251797273270914,0.7292842335087715,0.7292842335087715,-0.22528878088884322,0.7279423021149138,0.2567507319064142,-0.6498553836186062,-0.6356095440269265,-0.6384695285563534,-0.1482439933656916,0.030357797924822325,0.3352834073608063,0.016666898152291866,-0.5080246545311431,0.06842552103620714,-0.8338777645954296,-0.15437944370653353,0.05725526765417093,0.058125704186284904,-0.617385250032036,-0.5993962106708755,-0.08529255397702644,-0.6033361752244197,-0.8388267043530091,-0.380396594125988,-0.2049655549571063,-0.380396594125988,-0.29353426452211845,-0.3581341554521906,-0.3581341554521906,-0.8298164204780825,-0.8298164204780825,0.3526449874402569,0.57837077764733,0.48415705076730625,0.786861824958508,0.7377973130518476,-0.37322393932469894,0.04897387391329111,0.7370375654780327,0.7593700831156353,0.7370375654780327,-0.1262318564866304],[0.9923465977907292,0.981493354887553,0.522810726656257,0.9940562553943066,0.9972192220840065,0.9923465977907292,0.9999694821740382,0.9995222235616138,0.9995222235616138,1.0,0.9553596268831601,0.9996063427709034,0.9999704356766814,0.9999692878561686,0.9999745523165421,0.8762233213638781,0.8300424974783774,0.20883705616374387,0.9998011560480717,0.9998017403914692,0.9891158613084139,0.999967570495369,0.143040996385043,0.6727318506341431,0.9947279820900553,0.9947279820900553,0.9946797916454037,0.9889148680765216,0.10093585436003685,-0.10039979739418396,0.9903976335617249,0.9903597027243246,0.01598402206828619,-0.17880029480098159,0.9993578532298547,0.9993158971354766,0.785264418897675,-0.5072370696400977,0.9988187008988476,0.9993474335971545,0.8629673811849623,0.18529574340028176,0.9992099460224639,0.9992152495559073,0.9992099460224639,0.9079955130638692,0.6164691052221443,0.9283649143515866,0.9036983963621384,0.7129273087979416,0.006986725810202476,-0.5339209313939095,-0.17038409116683506,0.9212221421509816,0.31743923139407937,0.9628221092635202,0.9620832820518629,0.9796774573371783,0.9950985372576435,0.8714214540029575,0.8561958388218057,0.8889192342310206,0.8678562841603545,0.8872804223028677,0.8879407594013183,0.8872804223028677,0.7885424827243112,0.8337256802053695,0.8353371108155838,0.8337256802053695,0.8584665497774646,0.7598141784229601,0.8451798716619561,0.8465011260057025,0.8451798716619561,0.5697302146140301,0.4009414609296264,0.535886780716851,-0.662764238528965,0.516034154724413,0.48099605243896665,0.48089105140022226,0.48099605243896665,-0.11104801927473072,0.8347091467347276,0.8515710569609252,0.8381828404690118,0.8808791391440091,0.22880314573112331,0.8406933072543121,0.842809231574725,0.8406933072543121,0.8479253854873304,0.8479253854873304,-0.21150748002299669,0.7033267643448552,0.07346631985410991,-0.6524948858384728,-0.6605319591338523,-0.6614807302191346,-0.13674479594338598,0.04128576319501539,-0.1678821989931938,-0.14866784814109543,-0.5389888507280758,-0.373961034929838,-0.8720360042504601,-0.5717181720821006,0.07197251048967794,0.0731618824648184,-0.6070873786795463,-0.5943347225304483,-0.5375266160808805,-0.5878107665882847,-0.8102951253835128,-0.6049033680480781,-0.6072048178820921,-0.6049033680480781,-0.278127303675799,-0.34763787219088,-0.34763787219088,-0.7898953631840078,-0.7898953631840078,0.3741995176583851,0.5944223606819021,0.8185324109064929,0.8013535826044432,0.7491391911684002,-0.37905677990405995,0.6368041871754171,0.701857232982495,0.7020193283982217,0.701857232982495,0.09296853058294426],[0.9749203492542997,0.9651190001166623,0.4731196976863881,0.9728090631997126,0.9638680613286935,0.9749203492542997,0.9564962816132234,0.9490696779133139,0.9490696779133139,0.9553596268831601,1.0,0.935672650007606,0.9565221560151278,0.9565317154141325,0.9562094409798275,0.7481493589853637,0.6904221009504079,-3.9382745833290944e-05,0.9614284854117847,0.961406265759532,0.9566497411522658,0.9566413467863524,0.07654019412512764,0.7160276821848783,0.958252237400399,0.958252237400399,0.9584472198040562,0.8647154972392095,0.21225712946501057,-0.08124103539338064,0.9642296964951403,0.9643447183739032,0.1768744933683431,0.10368078043339848,0.9653993861362757,0.9656657866328684,0.8695819352701983,-0.4164458564097861,0.9454927608482293,0.9645366336350208,0.7354271812930308,-0.02188298143414089,0.966634054284931,0.9665999355485352,0.966634054284931,0.797257537232977,0.4134053900268365,0.7895983962302434,0.8786465404561689,0.8393080044489086,-0.540053703497763,-0.6841569268345037,-0.2766123783276287,0.8787059912973735,0.023161322709232206,0.9110756695795026,0.9111386810652313,0.930930128673873,0.9625328581420923,0.8750151638782,0.8731318724007556,0.8971747774677566,0.8779445541958047,0.889973579716079,0.890684028407097,0.889973579716079,0.8256288916227033,0.8064270906976941,0.8083400785568833,0.8064270906976941,0.8712525214738917,0.8886667859374081,0.8695693353643927,0.8702534738502622,0.8695693353643927,0.6609239814824772,0.5845660279166839,0.6619807774067065,-0.36538901182617867,0.6834536790586684,0.7011888711685611,0.7038623480119328,0.7011888711685611,-0.271341241965483,0.8753088625978819,0.9315342482465158,0.8911695028571881,0.8887049079747801,0.08917628106437316,0.868365738107366,0.8695420006914512,0.868365738107366,0.8784603411562292,0.8784603411562292,0.02914277585791481,0.3629643490740519,-0.09452424878555189,-0.5749616209841989,-0.4154948531328066,-0.41752225855167463,0.015952201060994948,0.4097255218199517,0.0677982702558707,-0.09528619870201635,-0.44212386329374886,-0.03597787622806923,-0.8042700289413627,-0.19791643667118308,0.29604694382808755,0.29539810395421473,-0.38125262792299053,-0.43623623212392176,-0.33992429221395976,-0.34822014528888173,-0.6753024369234312,-0.3603969612881976,-0.3626983420181255,-0.3603969612881976,-0.08184718162642918,-0.38443069940208363,-0.38443069940208363,-0.5387596987654689,-0.5387596987654689,0.5487415153907949,0.6627260468099251,0.7575330626285319,0.6791001548843993,0.8288790314979493,-0.47204294658707874,0.38807910294360287,0.551409034149421,0.5516980395576696,0.551409034149421,-0.21778048130121605],[0.9849722530210882,0.983399804846752,0.9965497195722988,0.9890576878881923,0.9960457918860598,0.9849722530210882,0.9996487478748175,0.9985615317633927,0.9985615317633927,0.9996063427709034,0.935672650007606,1.0,0.9996462765172939,0.9996421957736564,0.9996060227803044,0.6151867665845133,0.5416269981295518,-0.4449201050130084,0.9997778256540168,0.9997813000372776,0.9996527272581321,0.9996527137003605,-0.20059904710118123,0.9676317618241335,0.9936502024607818,0.9936502024607818,0.9936283533571474,0.9914625430759214,0.133017261378772,0.12497255574040726,0.9903371279348356,0.9903866489385035,0.9756314312207154,0.08752661277721059,0.9988895210322837,0.9988384996606714,0.99868610233852,0.999305854520131,0.9993218853357984,0.998915901650085,0.576742500578001,-0.4542067756041934,0.9986284770003772,0.9986382881826582,0.9986284770003772,0.9015448964418624,0.46054509766737,0.9244486719813205,0.9015616102252034,0.7139269197264584,-0.492958995549094,-0.635227322377205,0.7978046923470998,0.8211380101650869,-0.3213954792195793,0.9249910235736327,0.9252139241184032,0.9644534885505318,0.9928699339499327,0.8784944829669956,0.8868137488734599,0.8592240967738405,0.8609641437617688,0.8669857721205152,0.8677809764499037,0.8669857721205152,0.7215530002077927,0.6813232643480033,0.6838816901302961,0.6813232643480033,0.8863821139789275,0.8939366978860177,0.8853194067356802,0.8865960020031256,0.8853194067356802,0.4057952978502318,0.33642411296078756,0.4549940219936129,0.5702416777820087,0.4563388782295101,0.4936079608285372,0.49595753462245074,0.4936079608285372,-0.38969043684361593,0.8129210375327821,0.8558475519305156,0.8391901769646144,0.8861636359873208,-0.2355072830202472,0.8069826963393496,0.8074490897907854,0.8069826963393496,0.8192242419850901,0.8192242419850901,-0.26723880761125623,0.6950232871145854,-0.3804598752400827,-0.7464789286520921,-0.5395531945835842,-0.5419144966132806,-0.3863149252042081,0.1943941061866313,-0.28264810136655033,-0.481212684963847,-0.6966425869442648,-0.3675107776266447,-0.607548008458864,-0.43492513836534497,0.06609009662458899,0.062851599621947,-0.5606140752197859,-0.5281702144822729,-0.547938323839413,-0.5829242650176037,-0.5766711818337927,-0.5511929106153404,-0.5544064453225213,-0.5511929106153404,-0.4277698981265056,-0.60851497461806,-0.60851497461806,-0.6079880944395644,-0.6079880944395644,0.3695354864076409,0.34741215246444923,0.47144584541943446,0.5584328238352244,0.5413127643603188,-0.5615256997196836,0.29510691485741464,0.3020262267733946,0.3022005772805483,0.3020262267733946,0.20757709296717686],[0.9917101837919702,0.9817024461326749,0.6014353941314924,0.9931376371215351,0.997043745628311,0.9917101837919702,0.9999964111158857,0.9981416350646499,0.9981416350646499,0.9999704356766814,0.9565221560151278,0.9996462765172939,1.0,0.9999896863991177,0.9999947718481644,0.9352158859070315,0.9225717803074258,0.32156127446333727,0.9998524945523921,0.9998525783941261,0.9893126416172724,0.999997183592519,0.3585118177733278,0.7057071445555274,0.9903704565361647,0.9903704565361647,0.9857742415329478,0.9890662011202346,0.27171680072968085,-0.1616401856339344,0.9917356723869046,0.9915501447989491,0.1998009886293,-0.22041618326549028,0.9993253096230575,0.9994308602018651,0.39438934801599873,-0.31878636208800243,0.9988952917272598,0.9993770989715776,0.9260340837994077,0.30129802073065115,0.9375976507461505,0.9990654126241385,0.9375976507461505,0.9080575605723233,0.615900957876705,0.9287079918774841,0.9043141562496196,0.7136569113304919,0.4099494435445426,-0.09939265326580203,-0.20410229398461427,0.9257665517144681,0.37049922374196465,0.9679211689608259,0.962040204151704,0.9781753506373495,0.9958948988740939,-0.05769520077364047,0.8555887871079174,0.8200199219083093,0.8670949370925322,0.8140472975425352,0.778627544219784,0.8140472975425352,0.7893879765783103,0.7814892611135422,0.7745728460375367,0.7814892611135422,0.8572668996317387,0.35015304804436437,0.560922517937566,0.6325355905639414,0.560922517937566,0.5702815673411172,-0.352605285732801,0.5369256987520331,-0.6443090187687901,0.4593991859770274,-0.10984308646926033,0.4075343653025893,-0.10984308646926033,-0.15377257154203647,0.8342555067032449,0.851814204369313,0.837946593005203,0.7532343730525457,0.30841377307092754,0.8351348841497339,0.8367284984821185,0.8351348841497339,0.7476469501623678,0.7476469501623678,-0.20953568040290954,0.7021506826414955,0.24937014747981984,-0.640261628769622,-0.6223331038086953,-0.6253892577829051,-0.1332338356386933,0.03819387356141988,0.3424087741728341,0.036079913515952,-0.4950802303820861,0.07800828941836849,-0.8272853603610315,-0.1475541303209409,0.0730212045570108,0.07388561139675145,-0.6053359766761395,-0.5980530231213067,-0.07813969586170139,-0.5859082251870199,-0.8387885519936081,-0.36842620095948425,-0.19847868472601835,-0.36842620095948425,-0.2754153510618838,-0.3440481463820997,-0.3440481463820997,-0.8314149086853803,-0.8314149086853803,0.3738911464800839,0.5958147015650529,0.503409312839008,0.8051256124943416,0.7507681364627564,-0.35084995519388606,0.0635584629741695,0.756578789886177,0.7753370065431803,0.756578789886177,-0.143557561515599],[0.9921561504878164,0.9816183833659456,0.5883961403091705,0.9939070930989523,0.9971255394719915,0.9921561504878164,0.9999857780663522,0.9993705895068512,0.9993705895068512,0.9999692878561686,0.9565317154141325,0.9996421957736564,0.9999896863991177,1.0,0.9999868722387751,0.9053538744617705,0.8690902146607915,0.32376176038689986,0.9998763168085532,0.9998769216062546,0.9893042692857144,0.9999867485666114,0.36130605559629925,0.7008995132242855,0.9934252527328417,0.9934252527328417,0.9933854219747388,0.9889571725809996,0.266324862729671,-0.1630295310860695,0.9918550747651206,0.9918639334987777,0.22340777178851667,-0.22090044965106248,0.999498901908173,0.9994316952606229,0.8306741362076637,-0.41474161181313124,0.9988904933233854,0.9993823631682166,0.8958181501103271,0.3035422890420369,0.9993844469620918,0.9993890195554986,0.9993844469620918,0.9082889206018308,0.6160708640792867,0.9285782171827321,0.9040262233514191,0.713060872693956,0.29063132348167453,-0.27192770165600366,0.08943651929827784,0.9257315196595255,0.3714679911935899,0.9646027410476711,0.9620709740247162,0.9765987350044073,0.9961419558604222,0.8806665576090186,0.8545221280506712,0.8950211499831862,0.8669330274462519,0.8940604320281085,0.8949720593215956,0.8940604320281085,0.7883614860568227,0.8582463714813818,0.8597996364266294,0.8582463714813818,0.8569720616024945,0.7436840051132395,0.852890498759029,0.8546306400997411,0.852890498759029,0.5695948839939726,0.4145871241768978,0.5353289626863221,-0.6509028207982654,0.45768631135200505,0.47240693752263335,0.4737668609989991,0.47240693752263335,-0.1556071471983588,0.8339589144073816,0.8512973717654341,0.8372994033164722,0.8880744927922323,0.3112874049702513,0.8349591444202523,0.8368780195560569,0.8349591444202523,0.8474365643910061,0.8474365643910061,-0.21001455456197454,0.7017950891837023,0.17272804028516214,-0.6387765555797409,-0.6219570129766641,-0.6248331167126913,-0.13313229603127497,0.03717121902102948,0.12141636822512586,0.03777881647031558,-0.49307668213186256,-0.10778297714347915,-0.8400116526523351,-0.3698458435884387,0.0723654889094456,0.07359706433305423,-0.6053969573480248,-0.5973774842369547,-0.37286900429806125,-0.5856743454021096,-0.832981163584576,-0.48980966170775053,-0.4853599890783256,-0.48980966170775053,-0.2752281365023123,-0.3442740595355322,-0.3442740595355322,-0.8239372036369146,-0.8239372036369146,0.37360760194237447,0.5962066657677255,0.828228755669255,0.8096581103731054,0.7514466023606878,-0.35018586698401105,0.7064699118308199,0.7476388694311505,0.7477215050639404,0.7476388694311505,-0.11160904340342329],[0.9917690355994121,0.9815208781660579,0.6017024574472057,0.9931708643512877,0.9970730407936534,0.9917690355994121,0.9999930151319133,0.9990893346569895,0.9990893346569895,0.9999745523165421,0.9562094409798275,0.9996060227803044,0.9999947718481644,0.9999868722387751,1.0,0.9312100753169771,0.9035623079774233,0.32167146391914697,0.9998552484081155,0.9998552329671014,0.9894578115572922,0.9999947175289096,0.35916784943119,0.7055613036369558,0.9937227867908843,0.9937227867908843,0.9936211043212475,0.9889694243836883,0.2719761971106031,-0.16168131346634373,0.9925135802249363,0.9925589962534419,0.20054903331698487,-0.22025098068297305,0.99937307651558,0.9994296895674827,0.39337973083136535,-0.31797334928235294,0.9988427153890416,0.9993798239083712,0.9251662480155116,0.3014319655309438,0.9371193809357625,0.9991186989107033,0.9371193809357625,0.9083247481778631,0.6165894385949865,0.9289941672059251,0.9046086526585103,0.7133826180392093,0.4113259342747512,-0.09783468623504436,-0.2043085173996554,0.9261351092971637,0.3707695107343072,0.9683237133195318,0.9623719857845966,0.9784518085693376,0.9959316902835221,-0.058701472593204455,0.8558703367541772,0.8199426176066134,0.8673407616973144,0.8140073228140212,0.778212635801173,0.8140073228140212,0.7895858492135183,0.7814423270782709,0.774967330783958,0.7814423270782709,0.8575985119566537,0.34948587639703754,0.5604289139047227,0.6325580523268686,0.5604289139047227,0.570135396397644,-0.35375749988081023,0.5368557039904733,-0.6444689173704701,0.45903652585582966,-0.11082979888733034,0.40719477123361414,-0.11082979888733034,-0.15371891089535153,0.8343935516230478,0.8515099178234082,0.8380714044100046,0.7444600791189487,0.3087814240541105,0.8352509321654737,0.8368342657674493,0.8352509321654737,0.7474624068223006,0.7474624068223006,-0.21102017761218728,0.7029553189935858,0.2498634659750861,-0.6402543558083837,-0.6227014680058813,-0.6257620374814672,-0.1343713567640681,0.036991088916259664,0.3427153713223623,0.03564468841536275,-0.4953249396472504,0.07808892501584724,-0.8264557209689681,-0.14739640681749006,0.07203287519348814,0.07289304307610787,-0.6059456473445577,-0.5982955171665693,-0.07756682565320362,-0.58715001078726,-0.8387856470181921,-0.3683637218617223,-0.19792786637738588,-0.3683637218617223,-0.2763592497913587,-0.34451122754473995,-0.34451122754473995,-0.8317559126990535,-0.8317559126990535,0.3740480386287909,0.5954746446670848,0.502887581002312,0.805560492424947,0.7502013491934711,-0.3503959568585112,0.06289979879159842,0.7569778935556059,0.7759391582182308,0.7569778935556059,-0.14324226666733614],[0.8982678689784108,0.5459771751547022,0.5012395342273682,0.8984724509203225,0.8560565395655675,0.8982678689784108,0.9352251875890427,0.9333106629497577,0.9333106629497577,0.8762233213638781,0.7481493589853637,0.6151867665845133,0.9352158859070315,0.9053538744617705,0.9312100753169771,1.0,0.9957977799979217,0.40200584000670414,0.9223707757438119,0.9223670341474758,0.8857399180333867,0.9307293381601228,0.32880235238108624,0.5573190486106896,0.9227132924269876,0.9227132924269876,0.9117002749497087,0.2806899557158807,0.1951555000668482,-0.19322704081766384,0.9419616054856947,0.940853943708528,0.15304840462504893,-0.2620052169579607,0.9333125595902793,0.8868797041233113,0.3185885381831794,-0.3206624654982364,0.6267435454079978,0.8719135338593682,0.998472128106904,0.38340400546236564,0.8619298130790142,0.9331184927391682,0.8619298130790142,0.5696650007931977,0.592783091373653,0.2555645331588315,0.23910054809329612,0.41370909255401284,0.4110985503179478,-0.06884951253640217,-0.21041747040682265,0.8470610426087951,0.40451998021501584,0.9179332876470224,0.8661022591721984,0.9102328014010552,0.9258264585860632,-0.092396278648388,0.5238211724354601,0.7238821606385798,0.690203190964089,0.7162905461377312,0.7215028655753437,0.71629054613773