var element=document.getElementById("correlationClose");if(element.style.display!='none'){var correlationClose={"data":[{"type":"heatmap","z":[[1.0,0.9999894080620502,0.6802242654956062,0.999741204570365,0.9981005880566034,1.0,0.9926804382375458,0.9893188940010214,0.9893188940010214,0.9932481152885813,0.9773542635082889,0.9871800184047442,0.9927168843694497,0.9930937259582016,0.992763411982289,0.7632580142605396,0.6874739832480108,0.27476933918677277,0.9935321156746684,0.9935254054883287,0.9856747627019714,0.9927084357579011,0.39428261727539343,0.7519858877208175,0.9826236508393674,0.9826236508393674,0.9826049389444503,0.9757968643518905,0.31196939991998396,-0.13451367008725035,0.9895670668655879,0.9895332957315244,0.26339090372302604,-0.20927533993606268,0.9948148918941698,0.9952915440330364,0.854036559734675,-0.3545962363181693,0.990669141391342,0.9952794408317275,0.7458368713059152,0.25534976393115655,0.9949442779732645,0.994939065239346,0.9949442779732645,0.8984138195179588,0.6534359852199321,0.9185944267451971,0.9233492364148426,0.8375430187154336,0.3777664756681528,-0.17935627681924288,0.21452810221188243,0.9496279247531315,0.3777654045233722,0.975252274730227,0.9714250198647174,0.9809784296732651,0.989713160905858,0.9337509605491999,0.9419323635439053,0.9470990868642951,0.933725738115417,0.9443605319589514,0.9449837905097734,0.9443605319589514,0.8904204540029025,0.9250166727725075,0.9258958330270793,0.9250166727725075,0.9271185289249991,0.7983072090235733,0.9002537376529948,0.9014975934025627,0.9002537376529948,0.7151260164011658,0.3982646621163424,0.7023045513969656,-0.541575294827562,0.6076866882577328,0.6256777773432864,0.6262060247922783,0.6256777773432864,-0.09072267009962573,0.9152874104075961,0.9456774449011965,0.9307494242814801,0.9351396985362948,0.26735775895738867,0.9102078657713922,0.9108508913578595,0.9102078657713922,0.9143893104059226,0.9143893104059226,-0.09296726959595934,0.5934354150514218,0.15307551276453055,-0.6885956012421283,-0.5908084993186996,-0.594696283198375,-0.13591565894298957,0.1323618913210627,0.20407578979006166,0.00262763633738787,-0.5593840177294581,-0.021544131881841424,-0.7971323680996188,-0.2905260740790923,0.16392325920861806,0.16546800981872486,-0.5728535480239388,-0.5762310273146846,-0.27931203468078014,-0.5149626916073577,-0.8149833609561612,-0.40784519503298555,-0.40012395463675526,-0.40784519503298555,-0.22621179197702648,-0.3448520795432831,-0.3448520795432831,-0.8029967413254524,-0.8029967413254524,0.4144418001647807,0.6308923578329821,0.8525694345640884,0.8403674900483777,0.7564359709553544,-0.33370998554720144,0.7474035868637137,0.7777236085267595,0.777919530993447,0.7777236085267595,-0.183930005246931],[0.9999894080620502,1.0,0.981302590070398,0.9994980119537373,0.9959555896293288,0.9999894080620501,0.9850027489153808,0.9796408247426601,0.9796408247426601,0.9848927884162391,0.9726869388142516,0.9860135243796324,0.9850484156231323,0.9849931655396212,0.9848959474174097,0.13724387686244482,0.0450521398896134,-0.44073136082164466,0.988375749140481,0.9883705781562176,0.9850947727794054,0.9850968588965384,-0.16527911404434717,0.9802199781078198,0.9801654079094952,0.9801654079094952,0.9802013411085676,0.9759632644383162,0.09042803671449753,0.11402510274797513,0.9827054507766259,0.9827562866239864,0.7887240704139503,0.0896829825173141,0.9907841862002504,0.9908239971729998,0.9913325911661797,0.9860772700026484,0.9897778269223695,0.9908229582496741,0.08938549541531719,-0.44543272206873846,0.9914011889156499,0.9913976406305478,0.9914011889156499,0.8982279284337479,0.5001353774324507,0.9187325005651704,0.9233109865299862,0.8370444311236408,-0.28155153897880686,-0.48538757423178924,0.8443566799352535,0.8869929346421885,-0.25502630245809355,0.9402574466208102,0.9403942877556726,0.9606670375535799,0.9783182353251018,0.9532882002710404,0.9589987154267107,0.9446876137945424,0.9457342685804975,0.9480795589930753,0.9484456716137225,0.9480795589930753,0.8647119751462755,0.8394178054040198,0.8408915397161302,0.8394178054040198,0.9554044363242657,0.9583839241750987,0.9553279499161758,0.9560557166732343,0.9553279499161758,0.6455008057067816,0.5973153111224547,0.6831315061912966,0.7536662909681893,0.6666899753393817,0.6893205085601496,0.690216773796026,0.6893205085601496,-0.1376436672763597,0.9205826454005284,0.9414823748938336,0.9343319210334623,0.9580975735099642,-0.2998014350434863,0.9171341675801613,0.9172794621059216,0.9171341675801613,0.9235128656005647,0.9235128656005647,-0.17844190516797676,0.5936436818017348,-0.36894026421325504,-0.7823168119579226,-0.45918792226241995,-0.4630563419409292,-0.38212746351550136,0.2745754087285444,-0.2618958709909094,-0.49502618214790794,-0.7342582336095412,-0.3552044305227802,-0.4751815481770449,-0.4182582660734486,0.13372062009163466,0.13108574646373078,-0.4867354668495756,-0.45298442875575895,-0.4815387852256506,-0.5130801407758805,-0.5052128725407641,-0.4840364377654601,-0.48728274995590765,-0.4840364377654601,-0.3664972847962783,-0.5361048712668008,-0.5361048712668008,-0.5041092926710341,-0.5041092926710341,0.4137985423142293,0.36889585611426334,0.49819926869204634,0.6056184062356015,0.5259182547318828,-0.4399541209699359,0.37670314979082364,0.3150965705613776,0.3152706940256766,0.3150965705613776,0.17608680299940385],[0.6802242654956062,0.981302590070398,1.0,0.6772146372833969,0.6138008356187805,0.6802242654956062,0.6605436295578848,0.6530095036693041,0.6530095036693041,0.6077458662089577,0.5723688062473719,0.9950989408093861,0.6605769868778444,0.6554363317058574,0.6607262792301153,0.409324230649531,0.3780210320632652,-0.2123050852403502,0.6239753970022608,0.6234192494702185,0.5912987802403711,0.6597845951065494,0.1766270144628881,0.797511550136434,0.6404200289321152,0.6404200289321152,0.640198377470669,0.9883027506550114,0.2905615771330341,0.10935680646755265,0.6183976623159988,0.6180348543705987,0.6532503945111577,-0.03425582013642743,0.6563069655089072,0.6013354301638772,0.6220198892936937,0.29568153088044236,0.9933793377108062,0.5973505869422476,0.3954123472970986,-0.2215223519027764,0.6732234616086974,0.6544451299455404,0.6732234616086974,0.8953562759965119,0.4088647323804742,0.9338103727941179,0.9131473689202636,0.7401436703012717,0.222796993824174,-0.07014620671854657,0.0517870762651729,0.5464608596311439,-0.08510753806536743,0.6017339736622541,0.5725576755983245,0.5928742621989554,0.5570178601965962,0.010993689997791848,0.8049249515757055,0.7394458485377021,0.6572893312570117,0.7451453960509972,0.7683731266269482,0.7451453960509972,0.5514024940971761,0.6566187243820656,0.7075018568752484,0.6566187243820656,0.7113026677757279,0.6840554471100564,0.7350844494298593,0.7775298260303908,0.7350844494298593,0.43710736292601793,-0.08566842312114711,0.4527709549877566,0.09489796083925407,0.4313542105133144,0.265031635124166,0.5035990161385863,0.265031635124166,-0.145032279256142,0.6319402065044131,0.8876537991490808,0.6996476164252388,0.7787817809919397,-0.069949758316473,0.6689867147792471,0.6688947548308649,0.6689867147792471,0.728984979346994,0.728984979346994,-0.19504931757964322,0.7028764171022762,-0.18314215877213003,-0.7043855440829898,-0.4427848822254701,-0.4467297528350976,-0.4276901797878102,0.10600284136172704,0.02033981757080677,-0.3404579204181798,-0.6843666168366014,-0.17364933679822026,-0.3258860929324808,-0.27714875633948594,0.045904402519654136,0.044428654401923076,-0.4919576301391726,-0.0699229921169698,-0.26307796202403805,-0.5130406353773521,-0.21129113664413962,-0.4091738459051021,-0.2912243188495741,-0.4091738459051021,-0.4218187241877473,-0.5447684334395135,-0.5447684334395135,-0.3110379955893814,-0.3110379955893814,0.3606487899945921,0.2030273582936463,0.2897558316251741,0.5255549641845326,0.2934601046947558,-0.38706316316333517,-0.00952285431080558,0.45959027715105766,0.5594052843191872,0.45959027715105766,-0.007152258246683993],[0.999741204570365,0.9994980119537373,0.6772146372833969,1.0,0.998956700048655,0.9997412045703649,0.9938692743090588,0.9909426613267417,0.9909426613267417,0.9946491985072637,0.9755999041778632,0.9903165639891918,0.9938962227017902,0.9945503815267083,0.9939200344450395,0.7625064073295876,0.6863236193789569,0.2603415242061496,0.9945432008896647,0.994538704089439,0.9857618288557494,0.9938804558247025,0.3858090780378741,0.7561782360014522,0.9850422468844185,0.9850422468844185,0.9850230059193817,0.9816621666908737,0.30779546121228896,-0.14050004377968062,0.9888803899941219,0.9888547089737646,0.25559929437820356,-0.20953068319902485,0.9953029447080847,0.9959805474169849,0.8219395430527747,-0.3588907291939298,0.9929298529061991,0.9961814245108204,0.744427870140484,0.24064299330246575,0.9933955195893734,0.9953416056136113,0.9933955195893734,0.8962469189468847,0.6415888714987221,0.9219146812691941,0.920462211944327,0.8215794067625584,0.3730566115390156,-0.18406137980136736,0.2094129249080378,0.9444752720536246,0.36236879290761403,0.9709261959222387,0.9686539676094664,0.9788967675125471,0.9895748485948307,0.9156470494259532,0.9366335461674027,0.936144968553916,0.9305227101281244,0.9300300682712519,0.9308645836569799,0.9300300682712519,0.8837779923697504,0.9146809335203765,0.9156392012819835,0.9146809335203765,0.9243652658561352,0.7465887410346408,0.8668429772450642,0.8681181185680736,0.8668429772450642,0.7083615265006824,0.16014602784250193,0.694052072879477,-0.5461561773398977,0.6036639956676951,0.3621663055702164,0.598440296373854,0.3621663055702164,-0.09661585656247548,0.9110677041040703,0.9398396375101224,0.9245540621482708,0.9151942256034429,0.25357862310589463,0.9066529050842197,0.9074192767480556,0.9066529050842197,0.8980241147604333,0.8980241147604333,-0.09736331540286683,0.6119508015284529,0.1579587586217088,-0.6976163031217228,-0.597129225286172,-0.600936877387956,-0.14721544289463365,0.1281764141666629,0.1977028450219578,-0.009844059913004443,-0.570368279955385,-0.02727250164897484,-0.8022781238090001,-0.2976913050217085,0.15465777797638405,0.15625927372219622,-0.5789420744226916,-0.5728615240892254,-0.2799178114523755,-0.5244804167159388,-0.8161363841807097,-0.40870505674120006,-0.4015340766355532,-0.40870505674120006,-0.2339327079848693,-0.35357488756473976,-0.35357488756473976,-0.8023071082109302,-0.8023071082109302,0.40554333378490687,0.6200980266730647,0.844813568791328,0.8328720996274181,0.7495296279808261,-0.34572363740079204,0.738609614229626,0.769026364430851,0.7692226809345947,0.769026364430851,-0.16932423576730474],[0.9981005880566034,0.9959555896293288,0.6138008356187805,0.998956700048655,1.0,0.9981005880566034,0.9972608183905699,0.9958959237262436,0.9958959237262436,0.997468281426329,0.9689170533336338,0.9964400668287081,0.997280346202772,0.997351708482704,0.9973030841383654,0.6662039155147266,0.5647049024707596,0.05405390141812626,0.9976908938543302,0.9976905820802929,0.9879183442723629,0.9972679145173858,0.029738314089965065,0.739877643340099,0.9926651124773231,0.9926651124773231,0.992627371123801,0.990486972999561,0.08329464058233155,-0.12390210512291788,0.987483019522134,0.9874195725232775,-0.03713042185237384,-0.1126647961835946,0.997769359949584,0.997698556013173,0.8151802794060005,-0.4763230895814117,0.9976057241276021,0.9980229415715736,0.6360035252618104,0.02989442333896594,0.9977142003397615,0.9977186276983641,0.9977142003397615,0.9095201887723389,0.6073607342122483,0.9327729037421933,0.9211513179847474,0.7992317529729315,-0.07567200267851645,-0.5861546335201572,-0.17199207484589835,0.9347405957501805,0.21693828969096213,0.967673421223691,0.9677173648926657,0.9816836669107192,0.9901592777294954,0.9147834604501065,0.9199441915023988,0.9267711511427227,0.9189473454464073,0.9251220575022935,0.9254724371376004,0.9251220575022935,0.8614837717898142,0.8756760115592607,0.8767563044917858,0.8756760115592607,0.9140788432816189,0.8342568944132173,0.8958801137069697,0.896629919314766,0.8958801137069697,0.6717764010551296,0.5648294416047044,0.6622598706753189,-0.5570167647105111,0.6530271068991077,0.6342484824486008,0.6337281132968937,0.6342484824486008,-0.10879411669010833,0.8950858541627722,0.9184370191188738,0.9044168100491901,0.92235021977614,0.0992578182457733,0.8941711708195366,0.8950934274875452,0.8941711708195366,0.8995658177257102,0.8995658177257102,-0.1349615896555124,0.6573672680792487,0.01260268714774897,-0.7250992270227944,-0.6420551426237404,-0.6431069524379439,-0.1768065863089153,0.15149789700660798,-0.18887149488534538,-0.25366270772264815,-0.6363189695340481,-0.38142083619397027,-0.8447421233212906,-0.5673907970138379,0.1256097503747954,0.12706945379885576,-0.6034143914212405,-0.5677037120827103,-0.5486285922133661,-0.5609764968458154,-0.7723220203741834,-0.5989395862390738,-0.601804584314356,-0.5989395862390738,-0.27020615852237434,-0.3849794478370841,-0.3849794478370841,-0.7416580987564794,-0.7416580987564794,0.3939429354296853,0.6040132502754189,0.8017292886454236,0.7941359687152112,0.7413394262391606,-0.4688656043175553,0.6074392140951742,0.6643570437110113,0.6646151532959831,0.6643570437110113,0.05772596849548425],[1.0,0.9999894080620501,0.6802242654956062,0.9997412045703649,0.9981005880566034,1.0,0.9926804382375458,0.9893188940010214,0.9893188940010214,0.9932481152885813,0.9773542635082889,0.9871800184047442,0.9927168843694497,0.9930937259582016,0.992763411982289,0.7632580142605396,0.6874739832480108,0.27476933918677277,0.9935321156746684,0.9935254054883287,0.9856747627019714,0.9927084357579011,0.39428261727539343,0.7519858877208175,0.9826236508393674,0.9826236508393674,0.9826049389444503,0.9757968643518905,0.31196939991998396,-0.13451367008725035,0.9895670668655879,0.9895332957315244,0.26339090372302604,-0.20927533993606268,0.9948148918941698,0.9952915440330364,0.854036559734675,-0.3545962363181693,0.990669141391342,0.9952794408317275,0.7458368713059152,0.25534976393115655,0.9949442779732645,0.994939065239346,0.9949442779732645,0.8984138195179588,0.6534359852199321,0.9185944267451971,0.9233492364148426,0.8375430187154336,0.3777664756681528,-0.17935627681924288,0.21452810221188243,0.9496279247531315,0.3777654045233722,0.975252274730227,0.9714250198647174,0.9809784296732651,0.989713160905858,0.9337509605491999,0.9419323635439053,0.9470990868642951,0.933725738115417,0.9443605319589514,0.9449837905097734,0.9443605319589514,0.8904204540029025,0.9250166727725075,0.9258958330270793,0.9250166727725075,0.9271185289249991,0.7983072090235733,0.9002537376529948,0.9014975934025627,0.9002537376529948,0.7151260164011658,0.3982646621163424,0.7023045513969656,-0.541575294827562,0.6076866882577328,0.6256777773432864,0.6262060247922783,0.6256777773432864,-0.09072267009962573,0.9152874104075961,0.9456774449011965,0.9307494242814801,0.9351396985362948,0.26735775895738867,0.9102078657713922,0.9108508913578595,0.9102078657713922,0.9143893104059226,0.9143893104059226,-0.09296726959595934,0.5934354150514218,0.15307551276453055,-0.6885956012421283,-0.5908084993186996,-0.594696283198375,-0.13591565894298957,0.1323618913210627,0.20407578979006166,0.00262763633738787,-0.5593840177294581,-0.021544131881841424,-0.7971323680996188,-0.2905260740790923,0.16392325920861806,0.16546800981872486,-0.5728535480239388,-0.5762310273146846,-0.27931203468078014,-0.5149626916073577,-0.8149833609561612,-0.40784519503298555,-0.40012395463675526,-0.40784519503298555,-0.22621179197702648,-0.3448520795432831,-0.3448520795432831,-0.8029967413254524,-0.8029967413254524,0.4144418001647807,0.6308923578329821,0.8525694345640884,0.8403674900483777,0.7564359709553544,-0.33370998554720144,0.7474035868637137,0.7777236085267595,0.777919530993447,0.7777236085267595,-0.183930005246931],[0.9926804382375458,0.9850027489153808,0.6605436295578848,0.9938692743090588,0.9972608183905699,0.9926804382375458,1.0,0.9976207790248455,0.9976207790248455,0.9999720699699727,0.9634872692588422,0.9996985708084888,0.9999967486770843,0.9999875881697057,0.9999937078725568,0.842387943556586,0.8287974859226429,0.22837048424475465,0.9998683264514031,0.9998686624788845,0.9903575260829602,0.9999969325361444,0.3070702241384463,0.7519854470482278,0.986409753519593,0.986409753519593,0.9875590485186251,0.9920235926514056,0.24102197112928253,-0.1911623532186495,0.99168375845195,0.991693877291919,0.16669774829184464,-0.25298000367651347,0.999370170753163,0.9994875709138084,0.4565624590009125,-0.30264776816595007,0.9991184622808595,0.9994556291087712,0.8225633853078499,0.20737426441662732,0.9456436305935678,0.9991312979542029,0.9456436305935678,0.9183139847861578,0.6156354726509982,0.942963472876966,0.9227539816003524,0.7664342328316838,0.4136563890956451,-0.12204306495466802,-0.18682003293770078,0.9331724335874008,0.3329417340980471,0.968888021540428,0.9651028327429992,0.9799570453147234,0.9956403917786202,-0.012442367868004282,0.8828918401016588,0.8452203023640867,0.8875390016960939,0.8401539309109913,0.8051448343811399,0.8401539309109913,0.8264094383185658,0.8105243860064664,0.7996719360969237,0.8105243860064664,0.8816248920686264,0.42074050187047213,0.6176749411630903,0.6734428391436053,0.6176749411630903,0.6407616941003355,-0.335165293030041,0.6158811963214152,-0.611770798043081,0.5367936176022918,-0.07613425490381322,0.4689200972806498,-0.07613425490381322,-0.13735843452462823,0.8604601082883665,0.8824125375944313,0.868444845044842,0.7807546270021513,0.220409888019765,0.8592587420681768,0.860395400241786,0.8592587420681768,0.7839355544523549,0.7839355544523549,-0.17047168379849648,0.6984189869635226,0.22972676735982472,-0.701829665007285,-0.6359825262747523,-0.6393453001707493,-0.18682969523773343,0.07960490696892708,0.3177025807906044,-0.03669947174116128,-0.5804050142653951,0.03768294207825948,-0.8288391837492897,-0.1943096865654259,0.09204941582365003,0.09366701853262138,-0.6199124985283679,-0.5852925211531406,-0.11483599468476163,-0.5947733792060371,-0.8315530744375922,-0.3997678311587671,-0.2349650298916618,-0.3997678311587671,-0.30013695741410845,-0.3923631221847609,-0.3923631221847609,-0.8235488107721949,-0.8235488107721949,0.3934805588110032,0.5895662894872,0.5115145347721578,0.8042971433405431,0.7382590946474926,-0.3927685205657386,0.07193917522312385,0.7461322317857759,0.7650330481044313,0.7461322317857759,-0.1062354238934509],[0.9893188940010214,0.9796408247426601,0.6530095036693041,0.9909426613267417,0.9958959237262436,0.9893188940010214,0.9976207790248455,1.0,1.0,0.9995906158748415,0.9573038266571777,0.9988260085605758,0.9983450717818673,0.9994368425350105,0.9991973901168559,0.8394061573270393,0.8169016151125084,0.2068813783775958,0.9992309118604072,0.9992332518981334,0.9878654177393543,0.9993256928012069,0.282140947762171,0.7536835310452783,0.9931509034535957,0.9931509034535957,0.985815338089083,0.9896043610856627,0.22379201159925638,-0.20407463276775145,0.9880492378582583,0.9914774262823381,0.14844003874314318,-0.2587717608960354,0.9983840580641342,0.9983839947358375,0.4401597963878365,-0.3087418152870985,0.9973988109517452,0.9983415034447767,0.8197539469148148,0.18551847707376629,0.9387847625578689,0.998215319421213,0.9387847625578689,0.9161333504039207,0.6011134151502753,0.9434681685267234,0.9209156141586389,0.7473368525824454,0.40117235224015096,-0.13640569623180077,-0.19862988632797549,0.9253038895311095,0.31301545333624375,0.9644430223517322,0.9602841577836485,0.975215170781852,0.994626415653389,-0.02130840666167244,0.8740217748902083,0.8317436219785919,0.8808247149937323,0.8277430294240106,0.7942590047025019,0.8277430294240106,0.8163023304586549,0.7944769086112616,0.7876502390901161,0.7944769086112616,0.8751021967641404,0.40364388859386213,0.5999784604919713,0.6588483549886968,0.5999784604919713,0.6303429543487227,-0.3486931904001773,0.6038855487378981,-0.618181712177127,0.530644116981105,-0.09656876853619631,0.45458497912806084,-0.09656876853619631,-0.14334395984564963,0.8526861559539868,0.8715463357428498,0.8586648348292135,0.7675373431118451,0.2029076329770413,0.8520538978570158,0.853359521841552,0.8520538978570158,0.7692522881843689,0.7692522881843689,-0.18422271905868068,0.7195774046987466,0.23614950990141492,-0.7107542574133391,-0.6476484168063434,-0.6508420221754624,-0.20083624606354963,0.0727557620413991,0.31066987970001064,-0.05537099790656561,-0.5923342855165911,0.028475087239560402,-0.8339780996671011,-0.2007630227177736,0.07778882418285889,0.07943319848869003,-0.6305423131041773,-0.5860107326824964,-0.12157935471040314,-0.6099179948962739,-0.830653031507173,-0.4106523896073379,-0.24104805371918678,-0.4106523896073379,-0.31626436838505956,-0.4050615044113336,-0.4050615044113336,-0.8211400902049285,-0.8211400902049285,0.37639597789349266,0.5737157303732144,0.49370527654143426,0.7872384713389855,0.7263251607110061,-0.41301693688407487,0.05866437932377493,0.7276618417363986,0.7497136902739687,0.7276618417363986,-0.08946092823725185],[0.9893188940010214,0.9796408247426601,0.6530095036693041,0.9909426613267417,0.9958959237262436,0.9893188940010214,0.9976207790248455,1.0,1.0,0.9995906158748415,0.9573038266571777,0.9988260085605758,0.9983450717818673,0.9994368425350105,0.9991973901168559,0.8394061573270393,0.8169016151125084,0.2068813783775958,0.9992309118604072,0.9992332518981334,0.9878654177393543,0.9993256928012069,0.282140947762171,0.7536835310452783,0.9931509034535957,0.9931509034535957,0.985815338089083,0.9896043610856627,0.22379201159925638,-0.20407463276775145,0.9880492378582583,0.9914774262823381,0.14844003874314318,-0.2587717608960354,0.9983840580641342,0.9983839947358375,0.4401597963878365,-0.3087418152870985,0.9973988109517452,0.9983415034447767,0.8197539469148148,0.18551847707376629,0.9387847625578689,0.998215319421213,0.9387847625578689,0.9161333504039207,0.6011134151502753,0.9434681685267234,0.9209156141586389,0.7473368525824454,0.40117235224015096,-0.13640569623180077,-0.19862988632797549,0.9253038895311095,0.31301545333624375,0.9644430223517322,0.9602841577836485,0.975215170781852,0.994626415653389,-0.02130840666167244,0.8740217748902083,0.8317436219785919,0.8808247149937323,0.8277430294240106,0.7942590047025019,0.8277430294240106,0.8163023304586549,0.7944769086112616,0.7876502390901161,0.7944769086112616,0.8751021967641404,0.40364388859386213,0.5999784604919713,0.6588483549886968,0.5999784604919713,0.6303429543487227,-0.3486931904001773,0.6038855487378981,-0.618181712177127,0.530644116981105,-0.09656876853619631,0.45458497912806084,-0.09656876853619631,-0.14334395984564963,0.8526861559539868,0.8715463357428498,0.8586648348292135,0.7675373431118451,0.2029076329770413,0.8520538978570158,0.853359521841552,0.8520538978570158,0.7692522881843689,0.7692522881843689,-0.18422271905868068,0.7195774046987466,0.23614950990141492,-0.7107542574133391,-0.6476484168063434,-0.6508420221754624,-0.20083624606354963,0.0727557620413991,0.31066987970001064,-0.05537099790656561,-0.5923342855165911,0.028475087239560402,-0.8339780996671011,-0.2007630227177736,0.07778882418285889,0.07943319848869003,-0.6305423131041773,-0.5860107326824964,-0.12157935471040314,-0.6099179948962739,-0.830653031507173,-0.4106523896073379,-0.24104805371918678,-0.4106523896073379,-0.31626436838505956,-0.4050615044113336,-0.4050615044113336,-0.8211400902049285,-0.8211400902049285,0.37639597789349266,0.5737157303732144,0.49370527654143426,0.7872384713389855,0.7263251607110061,-0.41301693688407487,0.05866437932377493,0.7276618417363986,0.7497136902739687,0.7276618417363986,-0.08946092823725185],[0.9932481152885813,0.9848927884162391,0.6077458662089577,0.9946491985072637,0.997468281426329,0.9932481152885813,0.9999720699699727,0.9995906158748415,0.9995906158748415,1.0,0.9625212715634014,0.9996647770659182,0.9999733447909124,0.9999723665839895,0.9999765311758375,0.7086760679138511,0.6109707487722699,0.10944543561992681,0.999826103339851,0.9998269366129865,0.9902657333156658,0.9999706997703363,0.08372356484915203,0.7302520691118409,0.9954958278564713,0.9954958278564713,0.9954545574984082,0.9919153005604929,0.0703632917394334,-0.13314268877409902,0.9909690004446989,0.9909315728922818,-0.016885515761645452,-0.21344360871484483,0.9994229484224646,0.9993827352752411,0.8194726339087747,-0.47494946819826345,0.9990582906307767,0.9994294156808446,0.6800335084735438,0.08556787126235817,0.9992934104973406,0.999298674319299,0.9992934104973406,0.9180583414133003,0.616083603263487,0.942713471304868,0.9223225525954455,0.7659660543517942,0.023212763626498878,-0.5402781406165534,-0.12940923716448222,0.9295204193898351,0.2784453048840921,0.9655707648429048,0.9651150746648967,0.9820504386839918,0.9949385227098414,0.8903562176567771,0.8837655926043236,0.9034289885354282,0.8886030481655799,0.9017503463710312,0.9022925307991039,0.9017503463710312,0.8262023571123994,0.8575557803704914,0.858873456413554,0.8575557803704914,0.8830557705353858,0.7994165656821994,0.8689126906439816,0.8699815644631806,0.8689126906439816,0.6406616436010643,0.49692597870616906,0.6155479619176829,-0.6135749429771894,0.589138629560994,0.5587897274231051,0.5586219643078462,0.5587897274231051,-0.09201174376158726,0.8613206202290555,0.8824406479012021,0.8689621732012194,0.8985757192377948,0.13567764300845567,0.8644829771174541,0.8661580234484926,0.8644829771174541,0.8700144599453803,0.8700144599453803,-0.1720586622723179,0.698891220791981,0.039676729981048764,-0.7135554384764167,-0.6694201886788482,-0.6707417681705232,-0.19029192905789183,0.08294026514298779,-0.19355854733184658,-0.21986695377490212,-0.6189240308412891,-0.40816750589692946,-0.8641924741493346,-0.6012846613708239,0.09127910066134265,0.09315443555946398,-0.6213758764217769,-0.5813371766697155,-0.5588675969682958,-0.59630323781734,-0.7979635451041649,-0.6221688694276258,-0.6244811526788148,-0.6221688694276258,-0.3018652007980215,-0.39547303471409645,-0.39547303471409645,-0.7783449082797245,-0.7783449082797245,0.39342167048509513,0.5879198741545109,0.8126770772440999,0.8054209636546393,0.736350089232486,-0.41947292279233417,0.63938632567411,0.6896225560623631,0.6898027166162536,0.6896225560623631,0.13034994176641682],[0.9773542635082889,0.9726869388142516,0.5723688062473719,0.9755999041778632,0.9689170533336338,0.9773542635082889,0.9634872692588422,0.9573038266571777,0.9573038266571777,0.9625212715634014,1.0,0.949488047292987,0.9635044910117582,0.9635324825824216,0.9632444218256597,0.49463373251169085,0.3883140029673813,-0.11744651566291564,0.9675809223603415,0.9675608507283275,0.963610399813719,0.9636023299283033,-0.0013893937286410284,0.7681616080298663,0.9649841583814658,0.9649841583814658,0.9651467089055116,0.9033059128421622,0.16494436677862495,-0.11963491435633355,0.9699538994052018,0.9700526298906635,0.1321673850032389,0.029086495897205557,0.9709204365283477,0.971148317655802,0.891568663658353,-0.3604425689254583,0.9571326810754617,0.9701743636315278,0.45992139897170436,-0.1378274529435517,0.9719460549593495,0.9719160074499273,0.9719460549593495,0.8293890848455199,0.41903080907573736,0.8465901146764937,0.9076242098438482,0.8663373665257743,-0.49592087051322037,-0.6743834140528872,-0.21270507500898203,0.8969075035789245,-0.028718862911162043,0.9241588639213423,0.9242185968348642,0.9412595492992825,0.9683289903114604,0.8919930251969607,0.893569055088221,0.9066447300770258,0.8949330192406315,0.900009649622622,0.9005191243841401,0.900009649622622,0.8527275908410938,0.8325694622634414,0.8339857015377548,0.8325694622634414,0.8904638888470101,0.9039386976676554,0.8884758303224031,0.8889728094977737,0.8884758303224031,0.7191702315196488,0.6553564197449308,0.7200326925267874,-0.28304394847794406,0.7348988743590598,0.7497141417529631,0.7518604391006891,0.7497141417529631,-0.24941349996790838,0.8914546607405106,0.9400078017203266,0.9048473369687663,0.9038152058485348,-0.019324486654693857,0.885596307086337,0.8863897059414098,0.885596307086337,0.8929859426232308,0.8929859426232308,0.04178528807949522,0.41670244023912567,-0.13086531955858208,-0.653182940854697,-0.4374641945157756,-0.43993897335591675,-0.058821191156080505,0.4265882435298328,0.019411912385431357,-0.18322999560939476,-0.541973210201574,-0.10062405264551084,-0.7929687669550051,-0.2651297414767379,0.2954541020938336,0.2955360873819657,-0.40912455908974493,-0.4317916042570557,-0.37423327810111023,-0.38506913140249527,-0.6598341866826657,-0.393904059040136,-0.39621454425594066,-0.393904059040136,-0.1255166645275668,-0.43637189304172913,-0.43637189304172913,-0.5404841018375318,-0.5404841018375318,0.5331689896369172,0.6484651135459131,0.7517426064938189,0.6964059593593886,0.8118531327237282,-0.507304315078179,0.40631695044102595,0.5350341666216963,0.5353607114240257,0.5350341666216963,-0.14711958029861807],[0.9871800184047442,0.9860135243796324,0.9950989408093861,0.9903165639891918,0.9964400668287081,0.9871800184047442,0.9996985708084888,0.9988260085605758,0.9988260085605758,0.9996647770659182,0.949488047292987,1.0,0.999697617658199,0.9996948874922563,0.9996684669349838,0.2455134566582575,0.14378042956394665,-0.5179222273587617,0.9998110402268572,0.9998128736080971,0.9997016639374088,0.9997006572059453,-0.26024126731512975,0.9734983877951495,0.9949696519395215,0.9949696519395215,0.9949511879719817,0.9938096559997553,0.08072804701845204,0.07219370911028493,0.9921021450062436,0.9921506526295126,0.8301546009391824,0.0004889339161883443,0.9990981588748936,0.9990566445054029,0.9989399790570793,0.9994191754973214,0.9994594415668892,0.9991364632312826,0.19122929321680648,-0.5258356355395899,0.9988908341724252,0.9988977351297443,0.9988908341724252,0.912698517674869,0.4563995051429274,0.9386362742631352,0.9189872982933414,0.7662061888227497,-0.4009968451131132,-0.598533609795205,0.824098532747124,0.8528608391084714,-0.34348292016410653,0.9356078237142591,0.9358082640503915,0.9706820792790173,0.9938812973886724,0.9030406028153188,0.9088496874520354,0.8864669556047617,0.8900587948281061,0.8914600452423485,0.8919632245410821,0.8914600452423485,0.7841946906006731,0.7531196402689982,0.754935384105401,0.7531196402689982,0.9099737190481887,0.9155864997470906,0.9087684275833783,0.9096843334784628,0.9087684275833783,0.5415118335059237,0.48401971810501665,0.5781283920249838,0.6651091462241309,0.5692259583906929,0.5973858670334432,0.5993985372624142,0.5973858670334432,-0.3137347023887212,0.8535718548085183,0.8847398519971631,0.873150712030425,0.909649788896,-0.3258042007027758,0.8491243838783578,0.8493310829531622,0.8491243838783578,0.8578304751597199,0.8578304751597199,-0.22386015503965162,0.692353650216063,-0.39068020093372385,-0.8004236733972921,-0.5331035990216745,-0.5360179924077682,-0.4254650277156967,0.22703732658077383,-0.30212086353420703,-0.5287535234448143,-0.7582260315054952,-0.4002936571620311,-0.5914975717702481,-0.4736544097134232,0.0830409527706217,0.08089905455742889,-0.5562195820559164,-0.5280765252199296,-0.5492324682758783,-0.585135067469022,-0.57863209978266,-0.5527791934464529,-0.5558462498758563,-0.5527791934464529,-0.43574879579712833,-0.6264276925447155,-0.6264276925447155,-0.6188273619665016,-0.6188273619665016,0.3895037326023093,0.33925695258861943,0.47470921649720255,0.578654417477697,0.5260543568320971,-0.5736509124393547,0.31594895971510656,0.286979186641573,0.2872010139703569,0.286979186641573,0.25441073573095235],[0.9927168843694497,0.9850484156231323,0.6605769868778444,0.9938962227017902,0.997280346202772,0.9927168843694497,0.9999967486770843,0.9983450717818673,0.9983450717818673,0.9999733447909124,0.9635044910117582,0.999697617658199,1.0,0.9999909660174774,0.9999952826985803,0.8423473667241588,0.817474994237177,0.22839314148394016,0.9998693809360851,0.9998696966030804,0.9903874315646618,0.9999975114090754,0.30734404524036185,0.7520545262784805,0.9913630131107266,0.9913630131107266,0.9875519631036409,0.9920123567983278,0.24124929694590663,-0.1911227953263033,0.9917235129854973,0.9916998762211648,0.166901167987007,-0.25295969443221283,0.9993711515919818,0.9994898525358105,0.45654953697489487,-0.3024406752866021,0.9991197553352016,0.9994622293579081,0.8225096769662592,0.20740306841980047,0.9456323180668154,0.9991327463218465,0.9456323180668154,0.9183277455478915,0.61575730329022,0.9431197446560287,0.9229208360067331,0.7665424000403611,0.4140125040659305,-0.12163178871015554,-0.1864701695808269,0.9332339447982584,0.3329855885009365,0.9689653111800163,0.9651502798680828,0.9800344374818868,0.9956507471208258,-0.0122538725570827,0.8830431338821748,0.8453157739491677,0.887660104129271,0.8402484345541905,0.8050997533935145,0.8402484345541905,0.826519186413446,0.8105867413943308,0.7996231815028904,0.8105867413943308,0.8817735182448949,0.42064172915693854,0.6176899969264978,0.6733709092986452,0.6176899969264978,0.6407515261014399,-0.3351750412378794,0.6158941967656191,-0.6116571974497207,0.5367289964922637,-0.07624673940563614,0.4689613839716518,-0.07624673940563614,-0.1374922431374243,0.8605531948356714,0.8825532295356547,0.8685536745251249,0.780752377391766,0.22043771514610355,0.8593532616745027,0.8604838001978646,0.8593532616745027,0.7840088254931041,0.7840088254931041,-0.17040269851435927,0.6984301378734526,0.22982822211149126,-0.701889646755999,-0.6359005090897878,-0.6392681928749603,-0.18691848708820902,0.07950697964788833,0.3178515619463047,-0.03670774656350505,-0.5804872696792598,0.03791571359499406,-0.8285916139435046,-0.1940481574777243,0.09212508882152404,0.09375571969815454,-0.6198926904718892,-0.5850842419823673,-0.11461620206891644,-0.5947300585135271,-0.8314429381739973,-0.39956623181036294,-0.2347829849011911,-0.39956623181036294,-0.29998950048819867,-0.3923426932469063,-0.3923426932469063,-0.8234875393368412,-0.8234875393368412,0.39394318912094634,0.5896670134530708,0.5117392679267977,0.804524098237841,0.7382952378457326,-0.39258188205681277,0.07220515784659465,0.746354091084276,0.7651297169805321,0.746354091084276,-0.10625146336138037],[0.9930937259582016,0.9849931655396212,0.6554363317058574,0.9945503815267083,0.997351708482704,0.9930937259582016,0.9999875881697057,0.9994368425350105,0.9994368425350105,0.9999723665839895,0.9635324825824216,0.9996948874922563,0.9999909660174774,1.0,0.9999884887350325,0.7707198175527973,0.6897489798032529,0.2301137103901556,0.9998919621622845,0.9998926208523353,0.9903806680553546,0.9999884443059726,0.30802307907666626,0.7485832370039033,0.9942590297127152,0.9942590297127152,0.9942253813707987,0.991960220200805,0.2353517164066233,-0.19142601694294625,0.9921114258406594,0.9921185006642733,0.18952413318940498,-0.25220721463195656,0.9995427385219301,0.9994900690027709,0.8549587026175586,-0.3909329709443838,0.9991168645060028,0.9994664622354864,0.749125846239605,0.2091554477008714,0.9994399708388182,0.9994445857907825,0.9994399708388182,0.9182511174320152,0.615868310948705,0.9429228886656029,0.9226556425638216,0.7661965187886687,0.2948721240131,-0.29068228547673003,0.1151979636846322,0.933148839233377,0.3335899712997462,0.966217751537114,0.9651721339800473,0.978671686190681,0.9958832765309895,0.8970453119779008,0.8823687459234751,0.9085240823929328,0.8876430005095994,0.9073722958842997,0.9081413846960341,0.9073722958842997,0.8258724333141837,0.8765956051094171,0.877905198518853,0.8765956051094171,0.8816600946725398,0.782740700019082,0.8736091809850696,0.8750613165700548,0.8736091809850696,0.640338653601507,0.49462087336332616,0.6148630818111906,-0.6129224186077659,0.5356524047216304,0.5374060085977663,0.538330189124383,0.5374060085977663,-0.13925812833097773,0.8604611643995427,0.8822216018956065,0.8680944492378184,0.9035594926522063,0.22260316036058797,0.8593291810956718,0.8606561963401613,0.8593291810956718,0.8687039496199729,0.8687039496199729,-0.17074121925852503,0.697480010937218,0.13902382206212455,-0.7009923604736388,-0.6355506235434524,-0.6386786024953625,-0.186904930771963,0.07851184269667538,0.09176550368308976,-0.0353020792793543,-0.5792644765573723,-0.15021503769764258,-0.8391619573170562,-0.412124447684997,0.0916062309132316,0.09351876682724464,-0.6199354726625462,-0.5843047425376547,-0.4046202705065033,-0.5945037939937806,-0.8243433545987008,-0.5164654861873794,-0.5123512008642419,-0.5164654861873794,-0.2992794072674798,-0.39242088989281454,-0.39242088989281454,-0.8150584012239361,-0.8150584012239361,0.3928525093590248,0.5896944392865419,0.8201888797859028,0.8080631963863019,0.7386332391731758,-0.3921469711739363,0.7012609345026798,0.7342791255775757,0.7343740783157438,0.7342791255775757,-0.07364777060645744],[0.992763411982289,0.9848959474174097,0.6607262792301153,0.9939200344450395,0.9973030841383654,0.992763411982289,0.9999937078725568,0.9991973901168559,0.9991973901168559,0.9999765311758375,0.9632444218256597,0.9996684669349838,0.9999952826985803,0.9999884887350325,1.0,0.8329147677103883,0.7701427834681014,0.22854468782175238,0.9998722710989347,0.999872439369399,0.9905162176844836,0.9999952412319247,0.30801226714286245,0.7518926877473401,0.994447640789081,0.994447640789081,0.9943591704783522,0.9919446747147332,0.2415356554881369,-0.19114234292624013,0.9926103629065798,0.9926542553572648,0.16763606579070311,-0.25278846011394485,0.9994160601675163,0.9994895384507155,0.45560625792510145,-0.30171837825077136,0.9990800132835078,0.9994647731305966,0.8200848738099589,0.20757575623976282,0.9452059462560531,0.9991825908880737,0.9452059462560531,0.9185646786103545,0.6163981607850241,0.9432490114409828,0.9230201567622937,0.7662911601326837,0.4153142797646557,-0.12017193440207556,-0.18669461919926206,0.9335559141402894,0.33325843962299784,0.9693398480092308,0.965438314904836,0.980282720898225,0.9956927063324548,-0.013233854603777314,0.8832687583220931,0.8452182929594546,0.8878539523317198,0.8401814327670242,0.804676647555641,0.8401814327670242,0.826688294728558,0.8105102818258216,0.7999531293996253,0.8105102818258216,0.8820428607420768,0.419991126078135,0.6172161506594118,0.6733607181202894,0.6172161506594118,0.6406153874588021,-0.3362866591596882,0.6158329119017738,-0.6118566478510139,0.5363901397334397,-0.07719490174983397,0.4686278289355403,-0.07719490174983397,-0.13745676383620278,0.8606588030643579,0.8823157074352539,0.8686700195128783,0.7735286000923826,0.22082174648629999,0.8594225229290738,0.8605472022410783,0.8594225229290738,0.7838160212926463,0.7838160212926463,-0.17170483656626176,0.6992055235323973,0.23031054251769334,-0.7018472897987368,-0.6362439395852493,-0.6396158919581411,-0.18794101752838813,0.07838843845811264,0.31817829066664005,-0.03706842981132411,-0.5806493185254894,0.038021938461081595,-0.8278613022063446,-0.19387405961536397,0.09122239712399292,0.09285330220965841,-0.6204503605591986,-0.5852933989792429,-0.11405813451456515,-0.5958077167608801,-0.8314754812413369,-0.39950128608513025,-0.23425112420806116,-0.39950128608513025,-0.3008261282454084,-0.39275142139865704,-0.39275142139865704,-0.8238351326996652,-0.8238351326996652,0.3941131347111508,0.5893522457117539,0.5112780424449217,0.8049491379474786,0.7377796388993267,-0.3921637748483923,0.0715857774947276,0.7467679943994264,0.7657380934954354,0.7467679943994264,-0.10598969336460441],[0.7632580142605396,0.13724387686244482,0.409324230649531,0.7625064073295876,0.6662039155147266,0.7632580142605396,0.842387943556586,0.8394061573270393,0.8394061573270393,0.7086760679138511,0.49463373251169085,0.2455134566582575,0.8423473667241588,0.7707198175527973,0.8329147677103883,1.0,0.9929752541879844,0.42051677124991405,0.8130914468009552,0.8130596478606815,0.7423745095935547,0.8317291080279305,0.3327861133173528,0.4072429443439453,0.825200141802112,0.825200141802112,0.8111054529407432,-0.1546905464100935,0.19502842564437317,-0.16803047903874957,0.8643961357443354,0.8616568695843722,0.15712295685909988,-0.2298078652186531,0.8382937228956698,0.732407161134356,0.26938312722370095,-0.31795774521325637,0.2609572877195061,0.7011905315743527,0.9983670957364895,0.4031383274821943,0.764251972207798,0.8379913566735309,0.764251972207798,0.2168771447074777,0.542351250552842,-0.2060474513531478,-0.2272296120096317,0.09158120167244402,0.39892477641567164,-0.058428107756473,-0.21050195045923598,0.7188250917908812,0.4015016429553797,0.8360446310206285,0.7208660077317394,0.8037951416605786,0.8221027609016731,-0.10267532922082394,0.16793629198883817,0.5907836381402638,0.4633574015046308,0.58087168352