var element=document.getElementById("correlationAdjClose");if(element.style.display!='none'){var correlationAdjClose={"data":[{"type":"heatmap","z":[[1.0,0.9999943823213704,0.9864119691057734,0.9999337649788235,0.9991785387416606,0.9836626789565832,0.9978696633540154,0.9963184769574929,0.9709726994470432,0.9965215765039357,0.9946595026894607,0.993955514128918,0.996415354283512,0.9964470509798108,0.9963606278502902,0.997734917761643,0.9980558170268266,0.9983381364836206,0.9968681669856856,0.9968794139461342,0.9968476693375472,0.9963845060284138,0.9883652132693911,0.9733870510675213,0.9907134468902433,0.9599054014011426,0.9898520200284708,0.9870831437932277,0.9709035314790688,0.95696677487406,0.992417117809354,0.9938894810817277,0.9928689650810149,0.9791671741999525,0.997783341281996,0.9979060888274257,0.9976119598177814,0.9964965764816993,0.995568815355001,0.9977927033171804,0.9986619445994531,0.9986962253284278,0.9977628163972345,0.9977725897707462,0.9779498336531883,0.9246289274137103,0.9544430046149155,0.9410482426246775,0.9408843609946225,0.9194484111446589,0.964252823300676,0.9515887235332534,0.966086126652291,0.968622656386482,0.9576763590469164,0.9847855066399521,0.982578925096215,0.9911055192241205,0.9942794691351616,0.9876102856598586,0.9827442848668354,0.9882402891700106,0.9867626939166799,0.9887804008167056,0.9886500892161026,0.9566229413991085,0.9762460947382622,0.9768115747062133,0.9765785674797867,0.9454709930582798,0.982157420074664,0.9790639919992782,0.9861004784278693,0.9854663958749671,0.942108286924815,0.8999726395807225,0.8698450372334013,0.9146591236151336,0.9292950739174495,0.9272272612921594,0.9274519097258572,0.9262749444137623,0.7275155602414025,-0.5404150404579103,0.9810596624617958,0.9762275243633264,0.9738389386766898,0.9882393448320693,0.9743437114324878,0.9846498806909796,0.9846323701943885,0.9446322514262018,0.9853682018775634,0.9477236453298202,0.8026232157054466,0.9198518324358438,0.9350591053285757,0.8224583813537393,0.9557920742846123,0.9564853635921765,0.9027585370678435,0.9681880138211113,0.8954644819080919,0.580491328109221,0.7292533441484793,0.9027053591668228,0.8733642233299664,0.8940861195867399,0.9760573590930057,0.9762099119714492,0.7894472724591026,0.753994073947156,0.8256635734478861,0.45993429461476476,0.8083042148396322,0.8297855128667426,0.8249321614590901,0.817917801954632,0.7943156134672799,0.7566882241052897,0.7411461059432242,-0.2883306897536715,-0.4290104452093206,0.7006447892587931,0.8914873351090892,0.9311132233908691,0.9413110889364786,0.9055398747942202,0.8293427676895123,0.9093617946845954,0.924756797979857,0.9246138294520664,0.8602654225720296,-0.14078075526453881],[0.9999943823213704,1.0,0.9899165735471975,0.9998556893718101,0.998315107109532,0.9898670199404965,0.9942105665734154,0.991884619035301,0.9872527941442751,0.9918925311752931,0.9919184105222076,0.9932861936434825,0.9919853491140747,0.9918873499274573,0.9919435111578101,0.9939873339588551,0.9962904452761624,0.9958544132148144,0.9939024923485704,0.9939095354468391,0.9919353990200781,0.991981759625661,0.9925254083167263,0.9775018831980512,0.9884250673143482,0.9844222907712434,0.9884834547581326,0.987046206222295,0.982317823708065,0.9404807349602482,0.9898499019371659,0.9878937366873316,0.9827980188892482,0.9421672871153951,0.9952366152158227,0.9951760782696488,0.9953747559913066,0.9923176976881865,0.9949749600272431,0.9953936914319569,0.9966125825892848,0.996807273904632,0.9953906355432287,0.9954015187619987,0.9913520771905893,0.9242540352519849,0.9021765294642905,0.9408484000362329,0.9408917115122692,0.9194287976799989,0.8933386035772758,0.9333078278768068,0.8954619324721372,0.9239464925577706,0.8932372035706694,0.9596725658694433,0.9596600884487768,0.9732569498327354,0.985429305812139,0.9834808849377349,0.9849015909212239,0.9793548797408184,0.9818888769700912,0.9806773374090266,0.9805632260509236,0.9442373700144356,0.9635407523409415,0.9375445974891597,0.9373866173514697,0.8695765203497463,0.9817493117559499,0.9829500911019788,0.9831320652424566,0.9827124294275582,0.9545533848543138,0.8057967037457736,0.7713596716850003,0.8574409400793931,0.9110457025437627,0.871892625184677,0.8919303568767409,0.8909009060248599,0.7716973868086308,-0.1390161093963378,0.9714403122935303,0.974221332982549,0.9711258370794426,0.9838893819881195,0.9676070432520962,0.9738796577362036,0.973240766087537,0.9311724292409845,0.9752427798677851,0.9331781379346107,0.7376667800477598,0.9193839827186616,0.9186389192095987,0.5743910805833022,0.8543692080397592,0.8583084340214027,0.7611816532359874,0.9687590357453126,0.7351016020203114,-0.3124706920169511,0.25142508261137236,0.7611507626609494,0.7119900282265411,0.7541022517340255,0.9702687607494557,0.9702990519308777,0.20134911526868643,0.373229946684234,0.20842234902490633,0.18018058280620788,0.2014316638442328,0.214651149533008,0.21172906561228902,0.1321954819255171,0.5553555158389442,0.28888235653089844,0.23886438349624792,-0.4346576087514179,-0.4834233084871825,0.7006873616502532,0.7611741242328568,0.7845966022243036,0.847964044216869,0.8229340113278854,0.6006587734346689,0.7737758616404583,0.7791955309511689,0.7781420567926158,0.44017591511934595,0.24286792668063262],[0.9864119691057734,0.9899165735471975,1.0,0.9876993854932719,0.9934523858305775,0.99138703630813,0.9895532960158024,0.990319041833287,0.991291360198335,0.9929347356421971,0.9968742984831233,0.9960496883148516,0.9901704266066821,0.9922648995346575,0.9903728147809729,0.9898319317026284,0.9908105695614887,0.9899947792858707,0.9889959080972479,0.9889656465766399,0.9918259670413867,0.9901970422937263,0.995102295704479,0.9853483852802815,0.99108651333267,0.982432561017099,0.9917190708612749,0.9877106322125323,0.9873168690624571,0.9625973575101644,0.9693223514677889,0.9736290849092798,0.9773861760417646,0.9569444812205113,0.9869378734293315,0.9900342599298446,0.9884134662635474,0.9919618013377502,0.9946965516077462,0.9908342633447111,0.98493243708136,0.987864719243062,0.9873090504147791,0.9866870581566423,0.9926822793108355,0.9203623388534576,0.9386420236432041,0.9500786615037997,0.9336184233617194,0.881101852560543,0.922554670060001,0.9082419455196422,0.9253368267558806,0.9325380652206472,0.9164064673417235,0.9506937636742865,0.9602498482186922,0.9682145480708447,0.9773627775589654,0.9442583633860812,0.9669472222046678,0.9664948905403469,0.9727317493329415,0.9667296455965831,0.9429644997554123,0.92523867723959,0.951038482918541,0.9416220992978642,0.9239032699643857,0.8992768699102145,0.9732449843556559,0.9533870646245035,0.9662081196796841,0.9462305090286394,0.8435784332358488,0.8639416879024823,0.7823682436991036,0.8806094697402725,0.9032840400032274,0.9053514968651296,0.8727715114364775,0.8870092086622826,0.44760836764137923,-0.526196435760347,0.9636605381822936,0.951338593644988,0.9511660996674763,0.9442264132151109,0.9582115798467707,0.9661804571894532,0.9658134791890803,0.9342585532190596,0.9619650221656824,0.8879086411232552,0.7873890263490789,0.9566712527774344,0.9551959004478265,0.8041858525718454,0.9437728017968259,0.945326283688779,0.87577812621131,0.9808178545289744,0.7758402842907837,0.48495351217718263,0.6739747781134932,0.7983270169508949,0.8009169024289897,0.7793556354370742,0.982854735003501,0.9828587447999054,0.7207936405876604,0.7033175427153062,0.7112841352273759,0.4100433988075204,0.710178294351659,0.716633316501439,0.7254086082026634,0.7165184205587524,0.7584458829983559,0.6934290061237681,0.6769103282715309,-0.3465514404349142,-0.4870347029326576,0.669635051603053,0.8539736771409222,0.8781345915009805,0.8870563887606432,0.8780852195755519,0.7635853113753777,0.8582216587345343,0.8677900515119147,0.87464514842425,0.7354799781803673,-0.06360456767512342],[0.9999337649788235,0.9998556893718101,0.9876993854932719,1.0,0.9994051296895808,0.9847259980378761,0.9980904183972482,0.996707960420056,0.9730432139094516,0.9969561812378935,0.99533249538708,0.9948317435079146,0.9967879992673658,0.9969046116887059,0.9967496201324206,0.9979834210265984,0.9983647614567416,0.9985779988481965,0.9972077964912187,0.9972165790015852,0.9972166040086551,0.9967613308433465,0.9894795984198287,0.9747029020583294,0.9916030381022993,0.9623192279209092,0.9908413048459869,0.9888279532742903,0.9727613542673821,0.9580925255929865,0.9917662829469163,0.9934150852723075,0.9927948964407484,0.978764938951105,0.9978527942254748,0.9980909323128425,0.9978159803257168,0.9969201301326283,0.9960454970445975,0.998010199325863,0.9985580219885035,0.9987687827263569,0.9978283684111909,0.9978351196867519,0.9796519906044148,0.9213130626001422,0.9524627272359727,0.9409701438972676,0.9389454376086692,0.9135974699035146,0.9614366291876418,0.9484421640997872,0.9631832249495237,0.9663025016585137,0.9550493169529206,0.9827810583973925,0.9811687252120468,0.9902826181814726,0.9940756296303032,0.9863349761453398,0.9816960703365099,0.9871401613877664,0.9862150473342316,0.9876085133414487,0.9874715041835139,0.9482460246263715,0.9751066618338127,0.9755018288779835,0.9752649462478165,0.9411074077888056,0.9817306786934483,0.9765427093540096,0.9848260454322884,0.9841598399587727,0.9245430070999339,0.8986313780675734,0.8664365905343957,0.9131154441914761,0.9267843755345334,0.9268057423730629,0.9252758163111889,0.9241367723842521,0.6438229976131546,-0.5399107818590566,0.9803064018941696,0.975069738157268,0.972496262074678,0.9869672536112104,0.9737182105259101,0.9839775444794553,0.9839572354112098,0.9442917022006029,0.9841055267550196,0.9350169261177611,0.8060247536753814,0.9245944308566812,0.9387550063751323,0.8239967431191131,0.9569769987708163,0.957695057441266,0.9023072693158358,0.9693224149820202,0.8893910917385787,0.5768459541835811,0.7275291564084067,0.8972576101737025,0.8696729348295166,0.8883658857132678,0.976829089992751,0.9769868282700169,0.788264399109779,0.7541498294767215,0.8177502112398359,0.4615166973631948,0.802404794668371,0.8216001156758366,0.8166715823698071,0.812470613942074,0.7964149949619064,0.756536227563225,0.7410653028320987,-0.2837283021295829,-0.4282866842870981,0.6998318085750294,0.8897195669024439,0.9292114406856203,0.9394582938577952,0.9043834123114123,0.8266039528283483,0.9073256016693503,0.9224683848422683,0.9224728199501397,0.8532214372284375,-0.1337729188415414],[0.9991785387416606,0.998315107109532,0.9934523858305775,0.9994051296895808,1.0,0.9872266208436653,0.9989980867932329,0.9985499481132355,0.9846041120787817,0.9985485540427388,0.9981515507390079,0.9980812024437531,0.9985673176547194,0.9985798444440591,0.9985812078805667,0.9990599402772742,0.9988199041214999,0.9992436263489806,0.9988387070679089,0.9988396204440991,0.9986238471670149,0.9985674571042306,0.9949452398141412,0.9819240816006576,0.9951857383835256,0.9785808895628539,0.9952083358222108,0.9924050965216178,0.9846554427635122,0.961236870059938,0.9892759433462947,0.9919758215586251,0.9902918812151565,0.971539217767227,0.9988427189123267,0.9989068488516686,0.9989316882253108,0.9986714954975117,0.9985723411291987,0.9988980284214022,0.9989190552165184,0.9991456043858357,0.9988600053527439,0.99886038040917,0.9886810992816145,0.9304490898412245,0.9518355767841262,0.9482126501540605,0.9396070571489678,0.9093244669641058,0.9501946755870682,0.9448578154942899,0.9544249039534783,0.960691266722433,0.9491474982718042,0.9808164875598203,0.9807416281418937,0.9904434287158919,0.9939663744328496,0.9826680961499523,0.9758576159886988,0.9819054316241781,0.9825324287824858,0.9822979992665923,0.9821309562729461,0.9460387575126187,0.9672106298338692,0.9608014017503149,0.9605335946657743,0.9146506114740356,0.9789032884142537,0.9752078318286949,0.9809018191453229,0.9801408032754094,0.9391845591893113,0.8806314686921715,0.8475236151709372,0.8995145787699707,0.9314999984809988,0.9178603882792138,0.9241207299233019,0.9231896644039919,0.7792736453605613,-0.5400089321426699,0.974483331523736,0.9652204766194166,0.9637112739343395,0.9834887872913131,0.9643843793898117,0.9778804753289339,0.9775559516813576,0.9361058994565511,0.9791281386095436,0.9379301232341009,0.7960192138104007,0.9377509314945358,0.9574270513933191,0.7919208549828309,0.9458691809491103,0.9471757609246975,0.8973630699743814,0.973929106528596,0.8915572819694587,0.4155641254750101,0.673738605125928,0.8974208496249112,0.8509431927664072,0.8934336282749514,0.9802063149828363,0.9803285678739586,0.7558936158717817,0.739168937410053,0.7597072147694627,0.4408065849110323,0.7169068166288207,0.7640650848440744,0.7598577841309074,0.7247810803392855,0.7846019737569908,0.7431323592023019,0.7267942368487611,-0.4828615211632619,-0.5658929507495004,0.6947666132821723,0.8854635749351236,0.9169636250131106,0.9358094739626328,0.9033945724278657,0.8106481833815706,0.8992734037602028,0.9112791699621844,0.9108458268928992,0.7934831798351335,0.07673860793239543],[0.9836626789565832,0.9898670199404965,0.99138703630813,0.9847259980378761,0.9872266208436653,1.0,0.9811047963482221,0.9823827541293126,0.9931879717418005,0.9817491384127106,0.9777432995148564,0.9768043191201342,0.9822090667063459,0.9826590031008563,0.9824503921775768,0.9820287119714772,0.9856780656814189,0.9830232491926402,0.9828961268247872,0.9828734881463319,0.9812313633511415,0.9823154043831018,0.9940645577978325,0.9934105322719475,0.9835950371319955,0.9877771286753824,0.9840669111847669,0.9744498451784065,0.9875792821467599,0.9741221402556905,0.9593486667781228,0.9654000064806868,0.9753705055533157,0.9663968729335176,0.9808237568246664,0.9812355890907655,0.9820927859934291,0.9830814486902658,0.9776599591424662,0.9816254726145729,0.9800277702177264,0.9818654122797713,0.9810625616202768,0.981044571425546,0.9960109795476564,0.8826988995345365,0.9299743209158859,0.9279107468821757,0.9376652682978921,0.8966928046385707,0.9171610385747724,0.9114325060968309,0.9200487600417501,0.9371781206287635,0.9172231208775239,0.9491779438241407,0.9552880447972084,0.9618676796084672,0.9685210904989766,0.9729448616922792,0.9886736671266918,0.9751538792708851,0.9859914109519943,0.974762207534424,0.974236465299581,0.9766242965131086,0.972729730883731,0.9538032666385595,0.9532829754240579,0.9501707178074879,0.9848024760961775,0.9776179481519381,0.9739978295720286,0.972784421172568,0.9670919648037191,0.9056670831987087,0.8629231101179833,0.9210384446514137,0.9245527660217351,0.9339965083936256,0.9151523255580273,0.913099170754349,0.7644173226264807,-0.48108149121782834,0.983209210000188,0.9847609047888395,0.9812107248106582,0.9737499436353609,0.9763453734988933,0.9818583046583431,0.9814748467890204,0.9695174655374389,0.9718590064849583,0.9691106760346108,0.80834251861152,0.9000408678197439,0.9576661892236102,0.8376354564025086,0.9457571168596056,0.9467411116539315,0.8665403004895422,0.9590259136956455,0.8321636927351458,0.4972797636769555,0.6905345150686639,0.8420104114824105,0.8196767637492941,0.8318626815786964,0.9588176410400601,0.9588129080672751,0.740784072093313,0.7296435327259807,0.7504702783102316,0.46481449867786895,0.7473240333689567,0.7556417748753492,0.7493843543860254,0.7478749628330295,0.7755090525966025,0.7148706039749282,0.7023294122784317,-0.309376981939551,-0.44019650810703304,0.7062749694311748,0.8526896974659871,0.8671545874601718,0.8845319426922905,0.8616415294384293,0.7832237488595684,0.8465196833706492,0.8594229599643062,0.8594269411014067,0.8022653866219637,-0.09232737483142006],[0.9978696633540154,0.9942105665734154,0.9895532960158024,0.9980904183972482,0.9989980867932329,0.9811047963482221,1.0,0.9976267220106989,0.9571210484491095,0.9996290328412691,0.9995963641579928,0.9996239810428412,0.9984942672275863,0.9994959145737996,0.9992257328185639,0.999893824309733,0.9967534420365445,0.9999047371164211,0.9994128519352228,0.9994175873696118,0.9997271100467117,0.9993617985303126,0.9908314293108048,0.9751560501713291,0.9864447193334662,0.9286531438214363,0.9938881223690591,0.9929723004918422,0.9752896242552117,0.9547758805118137,0.9916802686179552,0.992129085129172,0.9938450122624366,0.9762125146736331,0.9990584085867767,0.9998607404417083,0.9997301626718652,0.9994976168271628,0.999784637037994,0.9998467428488151,0.9985853257432665,0.9997502036668777,0.9994207809855346,0.9990942247363279,0.9801613008253288,0.9374186834488825,0.9546433551681407,0.952526444141961,0.9408519698368053,0.908145476995938,0.9584219701080265,0.9480971185496305,0.9607845149605662,0.9640003080367963,0.9544388117544427,0.9822586433803252,0.9820646074052973,0.992170597288539,0.9964739226753705,0.9529531623605537,0.9628734845586924,0.9737689513186532,0.9740609097572352,0.9752431745424067,0.9528985330090807,0.9035375201031411,0.957744914502505,0.9630516865955024,0.9445235400504999,0.8936197425641609,0.9690283826503259,0.9454533533633678,0.9702282865772026,0.9533262875565361,0.8013146464396884,0.8724824831862821,0.7993318921967294,0.8861466059788549,0.9022316488161609,0.9065122705288463,0.8868007553842805,0.8981012692890941,0.393778218501394,-0.5750666146295969,0.9648425092593508,0.9502293833396199,0.9502747759844491,0.9543831233578597,0.9599419699016277,0.9711118421356745,0.9711825479875096,0.9238750081404872,0.9692549415630259,0.8590998250367087,0.7894493256477072,0.9383084429198941,0.9371709929119612,0.8106718603862106,0.9544793205505385,0.9553299502443621,0.9015030368409397,0.9734332516507831,0.8333026048714453,0.5730842480790823,0.7215061835415747,0.8575071500200954,0.8516694791046966,0.8390086150144886,0.9806518185195224,0.9808349052466914,0.7802280973378535,0.7368199739223463,0.783170280846637,0.4342636514343207,0.7820287028439269,0.7964642600779088,0.7886235060753362,0.795366844526391,0.7821491272185589,0.7497533066272687,0.732438520460861,-0.2969767305372151,-0.44922854810373014,0.7078260455889918,0.8905764584143513,0.9222895237032556,0.9408954434992571,0.9103760554122298,0.8286143544390063,0.9095664002837763,0.9272205497917241,0.9258571942557313,0.7788676046794019,-0.10450294204647276],[0.9963184769574929,0.991884619035301,0.990319041833287,0.996707960420056,0.9985499481132355,0.9823827541293126,0.9976267220106989,1.0,0.9677352605223564,0.9999998347181465,0.9999993402915986,0.9997730621352894,0.999997089337003,0.9999930345124463,0.9999983150060355,0.9993538975065541,0.9918093514151332,0.9994822257619365,0.9999118354950964,0.999911527597206,0.9999663762475495,0.999998813342928,0.9913610345719001,0.9768804816910251,0.9931724563397484,0.9425478879062625,0.9943782989475641,0.991409569288796,0.9774778016157352,0.9543225621234623,0.98804469707108,0.9939290448011561,0.9924922395223577,0.9734098614219516,0.9994819669138619,0.9995880064158055,0.9996872602934932,0.9997530618578836,0.9992785001510489,0.9995264708327765,0.9982921360346129,0.998887996991388,0.9995540307244185,0.9994249009507059,0.9819140864742554,0.9372664768453861,0.9521715004575567,0.9560177701771873,0.9400549052104581,0.8988102616312914,0.9566577860816979,0.9437650291197764,0.9586851679799424,0.9586833956608652,0.9486993623608123,0.9802784039277074,0.9792914736220407,0.9911931832380706,0.996891423757636,0.9485352926218884,0.9596743786992639,0.96843616296708,0.9716293702436102,0.9702581598244736,0.9514337126460597,0.8979568626836552,0.9539049268253186,0.9572921960227634,0.9397657519095752,0.8841247419172581,0.9668671869847725,0.9401207630442644,0.9655405485354376,0.9492229815282426,0.790845295343633,0.8660503458079846,0.7954535663721564,0.8796848298330758,0.896175200283577,0.9028831560487196,0.8829720765455814,0.8922203183010411,0.37822747259829276,-0.5784547358723253,0.961538176509634,0.9453561149219066,0.9455674485157768,0.9526412378313959,0.9564695884801546,0.9678815141109774,0.9679405651496423,0.9206430610952111,0.9635190784549835,0.8504717805012436,0.7869414074329599,0.9503599440715851,0.9472382894315478,0.808014272053681,0.9544249050266639,0.9554202168460965,0.8990054743289903,0.9771075620647616,0.8358082146552727,0.558726497984482,0.7130751933153354,0.8581491588261203,0.8484311154577409,0.8407821764459437,0.9829048625237599,0.9830876692801869,0.7716242058678744,0.7297182516029115,0.7841088277570519,0.4228555444102564,0.7769346123117734,0.7918148003332782,0.7887125542097642,0.7897627557399921,0.7764003536421166,0.7441887661721479,0.7263472204291674,-0.3120474261393023,-0.46320289897582156,0.6958700717320557,0.8833769194162635,0.9196242207881896,0.933481295696042,0.9048061883314387,0.8182883464036885,0.9032134350172653,0.9209548386872534,0.9198425010932079,0.7606856933686962,-0.08772114252724408],[0.9709726994470432,0.9872527941442751,0.991291360198335,0.9730432139094516,0.9846041120787817,0.9931879717418005,0.9571210484491095,0.9677352605223564,1.0,0.9827551968362325,0.9873159840982028,0.9897541756737277,0.9713605155455147,0.979667389124842,0.9762453398983286,0.9742517295234145,0.9501366069117748,0.9791167265739161,0.9769336919201571,0.976874831510756,0.9812579316112655,0.9760806935562178,0.9938851612348899,0.9933196011843008,0.9803146956520034,0.9898430969336824,0.9834575047424651,0.990595463766359,0.9907580795216258,0.9697751113907004,0.9275366524936642,0.9491419994820748,0.9662469204833917,0.9524507099702241,0.9706673973112789,0.9791578352328226,0.97574590264641,0.9781067634915527,0.9882424817334191,0.9803166155163883,0.9668868142981519,0.9763997398624422,0.9715349309511354,0.9704975537528636,0.9990335590797844,0.9009953748070114,0.9234163885453369,0.9510151183767045,0.9407640553780354,0.8776834628242277,0.8864150020762825,0.8863063374338177,0.8904333372647366,0.9165481538331516,0.8963895762724016,0.9294385445671127,0.9461490552598263,0.9514664755935844,0.9610783818228038,0.9070491733216348,0.9689850386616247,0.9485186360517653,0.9678015969296445,0.9485163558167169,0.9058442720002857,0.9189800063326625,0.9461448489421812,0.9200688516793558,0.884864532597055,0.8876501528589668,0.9693375137587377,0.9239808578674028,0.9462799218676596,0.9097136021094417,0.8344637457172053,0.8594594579975027,0.7422932302670191,0.8776484096535657,0.8865533469581725,0.8999722651374753,0.8491729499906678,0.8676164243629796,0.4297741133638001,-0.5084183570513723,0.9596055799892942,0.9544971873072262,0.9520885314668684,0.9053485004816971,0.9504006333152295,0.9578483317289912,0.9573084156732717,0.9393003415576384,0.9434224894178693,0.8790790533307481,0.7933916218074178,0.9425523637627289,0.9628012544580066,0.8134578892071885,0.9372671415087089,0.9387978677921736,0.8535967451054971,0.9684748720135555,0.7420731626236723,0.4471595183865843,0.655164896627428,0.775132586563422,0.7776154587154598,0.753324745887218,0.9678185188342604,0.9677700109743128,0.7019282037158293,0.6931785950039336,0.6765807183788882,0.41762719936273346,0.6918667996968452,0.6944203764896092,0.6756555402283728,0.694555103772298,0.7512559445522076,0.6869511228792918,0.6717617778239412,-0.3520405811477655,-0.48877450058718747,0.7064905547178895,0.8382864667008725,0.831069499445471,0.861509904297436,0.8570581837845304,0.75523345582242,0.8141231131396376,0.8369151420760185,0.8307966126356472,0.7073905866952955,-0.02372683850702806],[0.9965215765039357,0.9918925311752931,0.9929347356421971,0.9969561812378935,0.9985485540427388,0.9817491384127106,0.9996290328412691,0.9999998347181465,0.9827551968362325,1.0,0.9999991525494448,0.9997775687964893,0.9999985309962651,0.9999919487259724,0.9999978530295776,0.9996958958472861,0.997937753317311,0.9994804766700154,0.9998879844676448,0.9998879642957875,0.9999783156955319,0.9999993455482232,0.9938953391086062,0.9785933870959352,0.9963489998830803,0.9746819249545893,0.9964342675844184,0.9914080112915062,0.9818160869925766,0.955652188200469,0.9898571843057811,0.9938594318829743,0.9902016989433653,0.9702536023765213,0.9995166685070407,0.9995819288536766,0.9995947508972458,0.9998394865671593,0.9992903541713909,0.999533889827851,0.9985226409511191,0.9989329485776971,0.9995233316315648,0.9995188510717743,0.9863192101233061,0.9371991936753292,0.9522035476857348,0.955959515919376,0.9400548461195535,0.8989260981257636,0.9483664921383992,0.9392692219629574,0.9520123974103871,0.9569936845831957,0.9469364482909897,0.9795015251200956,0.979324356380721,0.9917540136943579,0.996726474783245,0.9730955107392183,0.9596155990980129,0.9722717511125044,0.9715915875254669,0.9728035839252087,0.9725898391417886,0.9335750840440418,0.9538643429856215,0.9513507143303938,0.9510738627715608,0.902995752470588,0.9667999500101627,0.9656692227059568,0.9714895545098078,0.9705613948176743,0.9255548598461261,0.8660792104094209,0.8273531710822669,0.8795322205085258,0.9149077337425003,0.9033931015680746,0.9087199042083669,0.9079611177365104,0.734500419540992,-0.5811610753138648,0.9615055697320072,0.9453387646047832,0.9455632900969156,0.9741126804921562,0.9517990818481782,0.9675647857790458,0.9672188794815668,0.9212994687172996,0.9690223119394183,0.9233983709547755,0.7869411580853186,0.9501425698945086,0.9585536086570589,0.7930908677353244,0.9485015864979236,0.9496679607338743,0.8990777458883693,0.9763520429345619,0.899548489577714,0.4566514030579033,0.6907536327140603,0.905362880907271,0.8589803040458592,0.9013669739698202,0.9828689478281032,0.9830762438182704,0.7716927932334391,0.7295442921074176,0.7748475307751139,0.42296326256204353,0.7330312553731106,0.7794265824140795,0.7750139188082151,0.7428448678499799,0.7762198896342463,0.744178041928594,0.7263259241516214,-0.5275474536373984,-0.610922084296068,0.6957142885438472,0.8834739525070797,0.9200565639748999,0.9380745651795981,0.9049302442435297,0.8151518727275233,0.9003416848166478,0.913981316827351,0.9134672020404726,0.8057679357770353,0.1389592765100238],[0.9946595026894607,0.9919184105222076,0.9968742984831233,0.99533249538708,0.9981515507390079,0.9777432995148564,0.9995963641579928,0.9999993402915986,0.9873159840982028,0.9999991525494448,1.0,0.9997768788967802,0.9999963920738568,0.9999949662980134,0.9999983790861086,0.9996817117178796,0.9976513640341146,0.9992363440269181,0.9997940744256865,0.9997941065893727,0.999998453935434,0.9999984129393914,0.993288222036044,0.9747711791592454,0.9954445784136916,0.9827470593027835,0.9960196007437203,0.9914206325945175,0.9840499718330711,0.9486637041871521,0.9891943814294987,0.9934419708748576,0.984243421806697,0.946550471642261,0.9993108401689904,0.9993647471694542,0.9993071673068518,0.9998986888149168,0.9992744994116056,0.9993171399052178,0.9980125277808624,0.9985620965864362,0.9992867621837742,0.9992845768011427,0.9886745140479983,0.9369232062063432,0.9207004144254223,0.9559168446300067,0.939980176224816,0.8986436957132956,0.9195888783910342,0.9104331374724693,0.9238633099802781,0.9323523282657789,0.9180743847310646,0.9723263519778073,0.9723034632611938,0.9908003417765127,0.9953323052214463,0.965295981942293,0.959747957548477,0.9598858486084563,0.9624530742121402,0.961152028200647,0.960886563696002,0.9096025838594785,0.9435255545286947,0.9173121609427008,0.9168544654571846,0.8357065786706542,0.9648215030602175,0.9700678384035005,0.9666702865983128,0.9655647503613677,0.9182248829558711,0.8034470983677701,0.7677462453542379,0.844256794924927,0.8956174870218835,0.8658417791796349,0.8806782730970646,0.8794234285756066,0.7363958658302996,-0.38212078350243145,0.9491001873533917,0.9454886602555947,0.9456733643947247,0.9663827051964597,0.9381820424651813,0.95169480769816,0.9510226953943566,0.8941432832681308,0.9542645035935432,0.8983080210722055,0.7871043348568326,0.950443214747709,0.9626579523842321,0.691058268172914,0.9100595432961105,0.9126301587491833,0.8573310235596339,0.985461500557603,0.8452286572984923,0.11432708949726961,0.544564476992705,0.8572184084067358,0.8249981786555407,0.8520883476885182,0.9861968574803691,0.9862166586529596,0.5378253254540981,0.6454771875148633,0.5450098030698657,0.4229039007443394,0.5129991501758104,0.5554130717883028,0.5460504215982476,0.48435468993433384,0.7653359429467098,0.6148697797473026,0.576725466266022,-0.48843336115156083,-0.5470389430987737,0.695180133680426,0.8636658126124,0.8760957694373696,0.908992595321151,0.8987577902605743,0.685447944194913,0.8514115444018323,0.8693337687958134,0.8686567701312375,0.6213866634556658,0.08964288067369608],[0.993955514128918,0.9932861936434825,0.9960496883148516,0.9948317435079146,0.9980812024437531,0.9768043191201342,0.9996239810428412,0.9997730621352894,0.9897541756737277,0.9997775687964893,0.9997768788967802,1.0,0.9997904729313587,0.9997766195924446,0.9997823139439656,0.9996813515147851,0.9982732077785563,0.9994277134070455,0.9999715250615768,0.9999712727894177,0.9997815470338032,0.9997866020659354,0.9929366960700086,0.9719115714312395,0.9943289635975703,0.9835802783565224,0.9950917518177258,0.9937921694160311,0.9804633879341346,0.930628291225423,0.9918091166829992,0.9944924797219679,0.9799764639175855,0.9289118750834747,0.9994416903421228,0.9994871177391264,0.9994499103054947,0.9996055979251373,0.9996286420784279,0.9994653617141092,0.9979015963612421,0.9985965330235503,0.9994291650599141,0.9994261079799166,0.9900145272842132,0.932657249489714,0.9081220194262366,0.9529866645746473,0.9386685780188727,0.8985733815625128,0.8865691517775229,0.9228449697207329,0.8899593672797882,0.9103026300025598,0.8849368276165869,0.9608324888725488,0.9608185834808707,0.9822643091394861,0.9948873761667436,0.9639471898505013,0.9642392996677147,0.9549844361667569,0.96006063186026,0.9573432132049371,0.9571376798822627,0.9092955761447448,0.9341128936400571,0.9013041367776611,0.9010752131964986,0.8192667241352344,0.9637947133256789,0.9657605605167762,0.9657909653418547,0.9651291740821626,0.9249522378241966,0.7573235164836485,0.7193190236857298,0.8122446879135881,0.8748453914580888,0.8322378806798475,0.8543398435888927,0.8535476061477693,0.7187244902338215,-0.25977230425533293,0.9430685212398933,0.9476627993785686,0.9426752925365915,0.9646507474973612,0.9379010548127729,0.9464350448815732,0.9455472583316502,0.8919972781764689,0.948608254763353,0.8949400719426583,0.7422973206770463,0.948039891411486,0.9421247321278529,0.5714327450888065,0.8578136986962828,0.8621250048018789,0.7577452671174143,0.9795723191195203,0.7343517693193015,-0.2535652964823912,0.28673376556656066,0.7576340243294415,0.7140774111909527,0.7514843179561884,0.9806898343339291,0.9807825562970783,0.23580945115143556,0.3934945649709291,0.2413170355529478,0.21333358954775683,0.23317542187704784,0.24851791418502753,0.2461891799063528,0.1628838676400209,0.5734770365756268,0.31004314595216664,0.25833140006834204,-0.5012546201100214,-0.5488338295385812,0.6955713496247354,0.764113933473892,0.78736096692886,0.8512859000083888,0.83084468467319,0.590394050704822,0.7720359574338979,0.7822330729938417,0.7812287174428454,0.4431012851015143,0.27879970096941836],[0.996415354283512,0.9919853491140747,0.9901704266066821,0.9967879992673658,0.9985673176547194,0.9822090667063459,0.9984942672275863,0.999997089337003,0.9713605155455147,0.9999985309962651,0.9999963920738568,0.9997904729313587,1.0,0.9999914426491222,0.9999976885107694,0.9993995698729713,0.9934297475894247,0.9995204564271729,0.9999211779478475,0.9999210385999086,0.9999732435175376,0.9999989837802692,0.9912412485873903,0.9766867040554462,0.9938194329332163,0.9474383637145509,0.9943303982937894,0.9915169829058452,0.977279174734004,0.9542668470043595,0.9889542147272081,0.9940137121666623,0.9925740508597117,0.9735338330152168,0.9995247040718397,0.9996267827309163,0.9997171696746102,0.9997518097795475,0.9993344506581365,0.9995664395146584,0.9983770168439804,0.9989529761541074,0.9995965984027452,0.999468259293003,0.9816678527172376,0.9375222168415388,0.9523328748323123,0.9559384800070447,0.940120028296305,0.8993949643991066,0.9570148482306454,0.9441517325047782,0.9590449219867611,0.959012870839441,0.9490911741351777,0.9805317933155172,0.9794771493313467,0.9913275780794926,0.9969749022196568,0.948781921162009,0.9596841634368805,0.9686107713227996,0.9716688129613659,0.9704312833722717,0.951633476578979,0.8978967077992663,0.9540335196453099,0.957584709256706,0.9401120160845974,0.8842716455680617,0.9668644604645175,0.9402515421655605,0.9656825877640993,0.9494518189444414,0.7907459526099666,0.8662965358015856,0.7958868560929081,0.8799167439677116,0.896376046851091,0.9029977652631133,0.883277721147707,0.8925174399050053,0.37832419037112264,-0.578546340167355,0.961613340581232,0.9454581873569595,0.945665450021675,0.9528406406795391,0.9565461671687249,0.9679775424058423,0.9680384325263557,0.9206034929240237,0.9637131861686584,0.8504517837533809,0.7869903652177295,0.9498156780855074,0.9467410090024909,0.8080340770426672,0.9544257196844023,0.9554130364578529,0.8993477948467696,0.9769693557245649,0.836308375993643,0.5598357982460698,0.7137222941821685,0.8586338423729515,0.8489655673279167,0.8412741090251837,0.982845471236833,0.9830286264166974,0.7722344697578332,0.730215770317925,0.7847285505279579,0.4234621062392484,0.7776015302839557,0.7925112156557865,0.78934700616563,0.7904740258858269,0.776734392784166,0.7446403714254582,0.7268133808049131,-0.31113727070019026,-0.4623998979118361,0.696258155353743,0.8838995906273263,0.9201086086942367,0.9340214323220815,0.9052922619044961,0.8188533288136354,0.9038031419343739,0.9215468584127033,0.9204252751822964,0.7613689837152203,-0.08876633291268597],[0.9964470509798108,0.9918873499274573,0.9922648995346575,0.9969046116887059,0.9985798444440591,0.9826590031008563,0.9994959145737996,0.9999930345124463,0.979667389124842,0.9999919487259724,0.9999949662980134,0.9997766195924446,0.9999914426491222,1.0,0.9999952653950875,0.9995846329659643,0.9978944211794457,0.9994803029542921,0.9999069754528325,0.9999060058407426,0.9999556873716813,0.9999917645883469,0.9931313223012815,0.9770896449215409,0.9960700824770679,0.9687323551818565,0.995859650714022,0.9913908488947897,0.9777299981415806,0.9544522286335193,0.9893446600738659,0.9940857110712659,0.99189150522762,0.9731127560093576,0.9995053041521961,0.9995810991943621,0.9996384876881228,0.9998921512680866,0.9993002431982075,0.999516759046562,0.9982514800586982,0.99887806191373,0.9995256072715233,0.9995189683591331,0.9841969520553825,0.9373469376619548,0.952114182982512,0.9559208762971716,0.9400214031328351,0.8989191538926302,0.9520660980055616,0.937405614709518,0.9543747162896024,0.958414416160687,0.9483817640232955,0.9791089203181069,0.9791619735370406,0.9906387888680808,0.9969708208391196,0.9739693980442007,0.9593680124591454,0.9735038077775046,0.9716040065226885,0.9744480871053132,0.9742296850362473,0.942745145992865,0.9536067737450384,0.9564024394298838,0.956112767358369,0.9196701196797742,0.9668275087835255,0.9686100162258657,0.97344460610546,0.972434262962094,0.9339944652636546,0.8658415606927596,0.8326713851481469,0.8793615640772111,0.9066967770959904,0.9027425776833715,0.903470897953223,0.9023994513748922,0.7125858766091082,-0.5786953534129672,0.9615309182001188,0.9451984293479896,0.9453019016939834,0.9750026361846267,0.9565506128965181,0.9678856223405599,0.9679647623359198,0.9206527955011153,0.9692938389118173,0.9318855009790782,0.7868700622601812,0.949929326192908,0.9516983099568158,0.8073835631039536,0.9543014501627617,0.9552545540080487,0.8989532043974007,0.9773110564753588,0.8860137704583321,0.5589803382280369,0.7126306544172238,0.893868923118727,0.8622748939296162,0.8849088089495326,0.9831080695217562,0.9833125434220258,0.7708385627347538,0.7290543280144056,0.8043718309846069,0.422987600240497,0.7841078395071521,0.8087461211379062,0.8032854548271782,0.7906990898994315,0.7763198341931592,0.7429221772418639,0.7251130337507171,-0.40117542061107575,-0.5234687703515992,0.6951811080578916,0.8834724438969388,0.9165422220745052,0.9295504333421517,0.9052574479573609,0.8174095540490839,0.891873542032046,0.909714822828499,0.9093140719896607,0.8409695233390392,-0.05527422311739799],[0.9963606278502902,0.9919435111578101,0.9903728147809729,0.9967496201324206,0.9985812078805667,0.9824503921775768,0.9992257328185639,0.9999983150060355,0.9762453398983286,0.9999978530295776,0.9999983790861086,0.9997823139439656,0.9999976885107694,0.9999952653950875,1.0,0.9994862595960967,0.9971962394403249,0.9994972183822088,0.9999145288632867,0.9999139369431312,0.9999672894725656,0.9999976966135781,0.9914040341766197,0.9769426762818052,0.995440469986524,0.9604579566442378,0.9952462146375637,0.9914758386142173,0.977530337157118,0.9544831051694145,0.991422716650129,0.9942731212545762,0.9924440072313275,0.9733271895893765,0.9994929250676391,0.9995889940704792,0.9996939949948452,0.9997676966691408,0.9993039432726608,0.9995237958815272,0.9983158117970418,0.9989031915706713,0.9995633916920899,0.9994368225207932,0.9819148936637908,0.9373342535751346,0.9521896568589007,0.9559949050414082,0.9401126677936222,0.8990633635071346,0.9567327396762687,0.943890812715468,0.9587903836477744,0.9586364795456451,0.9486189412389554,0.9803014296778615,0.9792385959144787,0.9911649734519801,0.9968567030249785,0.948811809215265,0.9597275733683586,0.9685928019461435,0.9717104481909291,0.9704015911488101,0.9512557675968061,0.8981560695488632,0.9538302511327645,0.9573546547378158,0.9399639803435923,0.8842516552359945,0.9670039798287082,0.940443020690038,0.9657313170025977,0.9495131278191791,0.7911672704863169,0.8660590517827367,0.7957011418844168,0.8797334182661313,0.896335769780242,0.9028948966860305,0.8831164008185726,0.8923796048006097,0.37856999693425614,-0.5781557109561548,0.961626378367208,0.9454475255319479,0.945655175812127,0.9515020338138156,0.9566359510978623,0.9679635285780088,0.9680193095805062,0.9208287350681572,0.9636767119822887,0.850718522851471,0.7869568947287994,0.950099403924498,0.9471492655429704,0.8080254325023148,0.9543594577284893,0.9553587820673161,0.8988287836072174,0.9771237651254847,0.8358351025499978,0.5585489111903013,0.7129638864179355,0.8581547866064352,0.8485469482542698,0.8408059078455675,0.9829405796998639,0.9831204148136004,0.771250128450023,0.7293989070086875,0.7840865423721303,0.42308811591150913,0.7769110692901269,0.7917349491826878,0.7888611645996113,0.7896644142169602,0.7763246716956336,0.7434796646711647,0.7256717902890885,-0.31186663124515523,-0.46301808597344785,0.6960737317783592,0.8832870791828578,0.919740574194575,0.9335170994321901,0.9048478547940182,0.8180885896449973,0.9034058284430171,0.9209849378296938,0.9199872960185375,0.7607732999185579,-0.08798106651182284],[0.997734917761643,0.9939873339588551,0.9898319317026284,0.9979834210265984,0.9990599402772742,0.9820287119714772,0.999893824309733,0.9993538975065541,0.9742517295234145,0.9996958958472861,0.9996817117178796,0.9996813515147851,0.9993995698729713,0.9995846329659643,0.9994862595960967,1.0,0.9984724540374065,0.9998577853251255,0.9995701091632799,0.9995746605157342,0.9997798866886456,0.9995572643925911,0.9910465143371964,0.9758996499646744,0.9941424652294236,0.9532374395801843,0.9938055020212118,0.9928500029432071,0.9757603630875985,0.9550104431890132,0.9918265208021377,0.9927474299531373,0.993294643607419,0.975370135787403,0.999295983852985,0.9997425495812305,0.9997289626062495,0.9995889061827291,0.9996267067592051,0.9996994057291015,0.9988816941637514,0.9996022860756497,0.9995252868950573,0.9992939581950747,0.9805517553018589,0.9360051296964824,0.9542208438521136,0.9533186913707684,0.9410374542567773,0.9054312737594653,0.9587260292790628,0.9482687375567121,0.9610628330877086,0.962604687923745,0.9526757717110209,0.9822201536544537,0.9812033762424095,0.9920843394155286,0.9963965416024176,0.953239423833997,0.9632883533012181,0.9733556917421372,0.9742098284341554,0.9749094001780474,0.954023919591119,0.9034051462397368,0.9571675132986588,0.9624422880424611,0.9447537326464244,0.892207682826179,0.9694590983022643,0.9452630896504762,0.969970413524007,0.9537713608114823,0.7993951231256851,0.871408164438652,0.8000526149100339,0.8850286593908006,0.9012449363032518,0.9056151700900769,0.8868099948476841,0.8974993236142706,0.38998142327483276,-0.5750131629802963,0.9648444478583813,0.9502011998612734,0.950235134350918,0.9554978244951682,0.9603290431879252,0.971038479616176,0.9710990853325457,0.9247664076462775,0.9687011630330536,0.8580106488746599,0.7887468729374404,0.9414428766135242,0.9395658899380525,0.8104618445570541,0.95442223515939,0.9552581873799569,0.8989906807294039,0.973804648946558,0.8351171863804986,0.5683064286584677,0.7180092435581976,0.8582022331013739,0.8512