var element=document.getElementById("correlationAdjClose");if(element.style.display!='none'){var correlationAdjClose={"data":[{"type":"heatmap","z":[[1.0,0.9999917257390297,0.9849111979148656,0.9999237032936604,0.9989480911646852,0.9877916545034218,0.997621474120795,0.9954956064526306,0.9958141580165891,0.9800726747592848,0.9927330577975727,0.9956337250226834,0.9948778618168957,0.9955474289678248,0.996641421118245,0.9965373515407145,0.9981625965877147,0.9962288493157997,0.9962470999767243,0.9962952464858267,0.9955904876196494,0.9859570327630276,0.9702141469656625,0.9884194030343906,0.9873008086855749,0.983152769781425,0.9649231173571312,0.9461956431499068,0.9937971334644895,0.9944709351725262,0.991915751412916,0.9755326849029567,0.9975323253178724,0.9978133727892265,0.9972317335619458,0.9956955454427866,0.995314484457667,0.99769306093219,0.9981418120696047,0.9987010003629447,0.9974769864848955,0.9974915885546547,0.9767552951474662,0.916530361741067,0.7454316543946463,0.9050685969271896,0.9075183431152563,0.8418501398592488,0.9656935651101444,0.9453618850791212,0.967104104856632,0.9648604611415177,0.9573891526336712,0.985567911187373,0.9822269430680052,0.9848269194861085,0.978685880545051,0.9866137784550814,0.9841308596109871,0.9872230807690748,0.987019528264601,0.9647254723366633,0.9692979133069047,0.9724425891642949,0.9721378607930977,0.9470029034640347,0.97672237891037,0.9748001920399567,0.9828238619890938,0.9820228489009484,0.9375140499477717,0.8659391740266502,0.8332308868445287,0.8845792132882948,0.9092452014160337,0.9048207425700083,0.907172856224379,0.9058972002861647,0.6411158402809906,-0.5711406777630772,0.9779745478911733,0.9705184774753363,0.9669586207230186,0.9856762656237859,0.9716418265445254,0.9824773121391571,0.9824593037898275,0.9471167772601251,0.9826326345174835,0.9509188252359172,0.6599729356766757,0.8755506287982516,0.9177812292873821,0.7610225675419968,0.924309380956187,0.9434432185011619,0.820537333427872,0.9594556627266302,0.8958419938812044,0.6354893257369126,0.7101205426589671,0.891906578500342,0.8654438832877259,0.8888752331501067,0.9699313443646518,0.9701947583624354,0.7392313494727198,0.709922350509484,0.8250682078204443,0.3502642933369169,0.7953486155541357,0.8294220056555277,0.8160829846700305,0.8142349354228576,0.755451963564295,0.7434017838219592,0.7239544818456083,-0.24822153727410526,-0.3849582542006929,0.6410186142752348,0.8983987104465662,0.943043872016137,0.9475854859075721,0.9177697680951816,0.8281735822752968,0.914653295929504,0.9362767437592856,0.9360390645529888,0.870536371117887,-0.18953567664147908],[0.9999917257390297,1.0,0.9842089592542297,0.9997857882186298,0.9977436784633135,0.9904971563912399,0.9934504777978784,0.9895117900060533,0.9895435598191853,0.9697525978247208,0.9917819930064629,0.9897335358970503,0.9895711913470725,0.9896175418266588,0.9919953373411504,0.9936060474061502,0.9953199724446475,0.992701672359552,0.9927005471702107,0.9896137483305684,0.9896700186331878,0.988893412196156,0.9648482169874377,0.9853371101369004,0.9850888749129211,0.983080990140775,0.9745736064854378,0.915009049219047,0.9878036448923353,0.9844353281825955,0.9766043444237062,0.916912771700097,0.9949384889738604,0.9947784734706911,0.9950578875116793,0.9905833283055311,0.9945342770798403,0.9950532717379376,0.9957557354669403,0.996706885327534,0.9950388745871698,0.9950472674065018,0.987142298253297,0.9162342401861138,0.5928468365219729,0.9049789695344251,0.9077673774025068,0.8419967199596615,0.8710925939971629,0.9136359670167155,0.8747451315209452,0.8967384698092846,0.8701492177308934,0.9544917585696455,0.9544058538971109,0.9760863929711908,0.9796720675961227,0.97412542730945,0.9737378035420782,0.9766188125341647,0.9765333609715879,0.9399808626760864,0.9487662264428289,0.917222017662229,0.9171260492924667,0.8215715255362342,0.9715833196023406,0.9737280280401639,0.9739693700314358,0.9734034932291394,0.9362041603024636,0.673270225699373,0.6161299777972632,0.7630120551530442,0.8528916864155565,0.785933284769341,0.8206658446660381,0.8189663119925428,0.6134204338460503,-0.2752728448769532,0.9600879520243684,0.9664229738928904,0.9598132934650234,0.9769180552844251,0.9571385825865657,0.9643711868426524,0.9635088147653761,0.9103507596035856,0.9671308261187537,0.9156300272875328,0.5006315255118436,0.8751340527187795,0.8720034500122317,0.3084405168975926,0.678752080706417,0.7648382996719352,0.6522056317198254,0.9589975612180441,0.6631551215351803,-0.2519077978333459,0.15077310965394838,0.6317064778714051,0.6375640987725157,0.6845570381925113,0.9606097556004636,0.9604742309175797,-0.0632506827698123,0.17800034829516828,0.018207967532362524,-0.01544608553502827,0.013116824372299106,0.02976960381749666,-0.002331925087641869,-0.04731387024682225,0.38644229998538016,0.12145981514801354,0.07147807945106203,-0.4504894893846454,-0.4870954433883194,0.6414856712857987,0.7468630019740694,0.7715459926999099,0.8297458544660851,0.8254827662396671,0.5438208916891896,0.7341788107893564,0.7666049481612512,0.7652564520403214,0.41318356470705037,0.19423566952795684],[0.9849111979148656,0.9842089592542297,1.0,0.9863379538157753,0.9930235730319895,0.9903773612334111,0.9906603478614926,0.9911364397987773,0.9943618622852152,0.9562169335974853,0.9970689333995377,0.9910286238070639,0.9929568488584306,0.9911958515293827,0.9903000506226446,0.9918005666586753,0.9905300786329652,0.9897536585484582,0.9897212842276013,0.9928933897527114,0.9910654951801983,0.9938418545157445,0.9803584323023062,0.9909695577528862,0.99141044248593,0.9820373071255267,0.983095838724936,0.9503787719447069,0.9723996707208125,0.9761350773679971,0.9780801235376272,0.9511314627692847,0.9879475253261258,0.9910655119753149,0.9893860971403466,0.9930245631683409,0.994959460594543,0.9921464004799538,0.9870301328089464,0.9881579409801897,0.9882329962451646,0.9876051142784176,0.9909259539091669,0.915937096011069,0.6860596468544323,0.9287518377095045,0.901371499197248,0.7573353639222711,0.9260397076528281,0.9005700554259065,0.9283080115162334,0.9247749842470386,0.9142193906565305,0.9525089781298606,0.9599380958969816,0.9329784116832581,0.9521289405744934,0.9560480495643302,0.962172060967425,0.9565642549328484,0.9309054850741004,0.9029042063039151,0.9308625563997224,0.9262134663033204,0.9090492492100891,0.8689141168569369,0.9620744543244246,0.9401166450066378,0.9567542917583869,0.935417256362021,0.7839139303644562,0.8087824005080771,0.7378860233556369,0.8298116194480808,0.8710678511108133,0.8694979694604027,0.8398541707052999,0.8540224266132745,0.3185964965311593,-0.5697815686062989,0.9493113211637682,0.9260979904674699,0.9289441405764973,0.9334101039348965,0.9436730044939289,0.9537490185843639,0.9534413950578238,0.917084255174744,0.9498253008913619,0.8464277941030804,0.6337712965205006,0.9384737054209592,0.9390840946619876,0.7231807859939364,0.9067038333127325,0.9279192437605969,0.8062502005981577,0.978802949480981,0.7782510552998546,0.5424140655763463,0.6501582505100504,0.7863366557919291,0.7913544964129477,0.7751011171791897,0.9822734795107324,0.9823388888939809,0.6595928881701311,0.6467784518873231,0.7131721896691293,0.28385897481861616,0.6914374434511036,0.7115048608448173,0.7238045802926147,0.7079331959387226,0.7108917145781214,0.671467009970217,0.6502155394912598,-0.3199055086045457,-0.45626757414904706,0.5994071186160836,0.8589210431164773,0.8928937537128316,0.89484697902973,0.8910896014608208,0.758799169771062,0.8670446774294568,0.8814643635426141,0.8899973029725513,0.7386741857304225,-0.10932848212488588],[0.9999237032936604,0.9997857882186298,0.9863379538157753,1.0,0.9992458276239218,0.9887754001795407,0.9979461985230451,0.9960076929558532,0.9964064817665831,0.9797212815606713,0.9940577966492385,0.9961277606571884,0.9955793180641664,0.9960580194236631,0.9969968192808758,0.9970654346947334,0.9984972219635189,0.996676248694782,0.996691143261561,0.9968011767367178,0.9960874502558655,0.9872242860963965,0.971552680431576,0.9895009757257324,0.9884932565847668,0.985333727981467,0.967016373318849,0.9473888141067802,0.9932461966672845,0.9941093329515106,0.9920045269578789,0.975175109023082,0.9976829622341834,0.9981015594487116,0.9975343898570213,0.996251621972844,0.9960444100929344,0.9980197991591481,0.998207307644338,0.9988398670365423,0.9976193620705016,0.9976302776866259,0.9785876390590239,0.9122376670675574,0.7390607929640308,0.9058391310300646,0.9053539002291234,0.8318064232233314,0.9627670367561323,0.9419402530568677,0.9640699326171202,0.9622012933405467,0.9545150677645479,0.9834939992069117,0.9806997967508337,0.9831294115531974,0.977103947110052,0.9850987901699244,0.9833237080017025,0.9856284199243448,0.9854224674625222,0.9518257659594699,0.967709373973781,0.970739856287106,0.9704364087997653,0.9405579424615365,0.976091054104604,0.9713371579290022,0.9811157915329658,0.9802772982988164,0.9113551606843622,0.8638934888434181,0.8285380095357181,0.8822672310707517,0.9057790265472251,0.9039732534025022,0.9042149469945354,0.9030058869527005,0.5379158320821317,-0.5711175751061645,0.9768199212640949,0.9685311366327269,0.9649259964722572,0.9839859459527165,0.9705556096202319,0.9814384607532473,0.9814205360896557,0.946102216587668,0.9808998149907147,0.9314177814238965,0.6653384914601523,0.8833746292896759,0.9222488644824901,0.7625838225351945,0.9260249812528094,0.9449050082486143,0.8208590282021495,0.9609305198356107,0.8897026523282039,0.6321272089704519,0.708342466318767,0.8868305979588845,0.86188652732056,0.8834714324921024,0.9709954274085828,0.9712647142118179,0.7382488506075886,0.7101984108731625,0.8171498301877922,0.3523239215526976,0.7897226122365281,0.821218891515694,0.8079501325816991,0.8089459208875662,0.7582448030496025,0.7434510037008343,0.7240726743598045,-0.24360495007549382,-0.38421615687561717,0.6395739643192592,0.8965099596997882,0.941260935335932,0.9458464702149302,0.9166525005061962,0.8253740194993118,0.9126872570089954,0.9340767909845586,0.9339924502336613,0.8629393831823513,-0.182232349235831],[0.9989480911646852,0.9977436784633135,0.9930235730319895,0.9992458276239218,1.0,0.9916941315254604,0.9990561632012837,0.998341534594766,0.9984023168565586,0.9736077537728565,0.997770944740516,0.9983841946719815,0.9981940017320472,0.9983753751540735,0.9987181482313665,0.9981642594683433,0.9992201983020782,0.9987504269600338,0.9987518157158897,0.9984555190223441,0.998372434297464,0.9938530882606572,0.9792010424960685,0.9940336420194973,0.9939739851340419,0.9887630190292437,0.9809154945036346,0.9507763905574718,0.9897553503160336,0.9922929366916401,0.989581749792925,0.9662713063014248,0.9989382245688428,0.9989754002942985,0.9989760467989477,0.9984799393036079,0.9985550569630803,0.9990777059739699,0.9991183645646815,0.9991441748684384,0.9989253971620692,0.9989253682783975,0.9889261008918501,0.9218065865073201,0.7144068216274103,0.9201354516960213,0.9093406997902331,0.8144729387098998,0.946685585856444,0.9308500541731217,0.9506524493163384,0.9536755694391786,0.9454722780892166,0.9796712334868648,0.979599801712804,0.9791316515580533,0.9710859928972654,0.9800924051237692,0.9789873181242459,0.9804126549283108,0.9801688030214876,0.953423185532152,0.95764043434221,0.952519701473423,0.95215543917578,0.9082699066138172,0.9730903907051939,0.9696569147416326,0.9763168685857885,0.9754154577174121,0.9330046144946987,0.8395915449372412,0.794828283135156,0.8646115570543367,0.9086792744053327,0.8899299415957236,0.8985268688377323,0.8974312731076084,0.6951461058692471,-0.5931472794908748,0.9696632841107672,0.9567496132366697,0.9543148193686217,0.9802677595300511,0.9595227682326634,0.9739105063373441,0.9734913398838865,0.9356645107623651,0.9758711381404153,0.9395869714206301,0.6519986867425739,0.9034149031500915,0.9436368389507418,0.7141005260386103,0.9048544346022839,0.9295139122387036,0.8146403259676032,0.9667686654422943,0.8808302673862926,0.4771316794329417,0.6410662577623488,0.8686984880212798,0.8259813773311199,0.8710050869192872,0.9751253678504328,0.9753367395347304,0.691978367510912,0.6908858601562415,0.7357009742587538,0.32734558283856774,0.6748683758703096,0.7415197187933056,0.7179281592556384,0.6971895395346421,0.7422574222034649,0.7260364239332134,0.7057010684764654,-0.4636668591732827,-0.541298769410845,0.6291221165260221,0.8891802878530305,0.9255315827014614,0.9375002393256453,0.9129012896421964,0.8020895590807063,0.8955529404129869,0.9185735854087944,0.9180376607637852,0.7967652604146501,0.03227163462966312],[0.9877916545034218,0.9904971563912399,0.9903773612334111,0.9887754001795407,0.9916941315254604,1.0,0.9879204764921343,0.988149295463408,0.9877304144172082,0.96320291986086,0.9797324890565031,0.9880806371430839,0.9893146307486725,0.9882109038998255,0.9878927857035319,0.991216642946236,0.9892811470738176,0.9889952926925183,0.9889610586671004,0.9870204635349615,0.9881194111836729,0.9960479070402647,0.9917357098722177,0.988238712483266,0.9881465146270336,0.9714528032831975,0.9855689321486593,0.9680085574831332,0.97068799144668,0.9751634957849514,0.9832277585611245,0.970097338886941,0.9878132369539658,0.9880316092656476,0.9888399317444014,0.9890004485218095,0.9818432380729609,0.9888295265985761,0.9875057384949962,0.9884468080544284,0.9879208840412451,0.9878913665940086,0.9949671187534829,0.8740718541690122,0.7145791209875116,0.883288325644438,0.9025697025576501,0.8317702329114934,0.9298877949312918,0.9112928917424621,0.9318737063135014,0.9404704527151734,0.9275134756509482,0.9600856502772868,0.9646685654200956,0.9685867492167305,0.9815838521911948,0.96965767374416,0.9816915346990681,0.9694734962815198,0.9689329812107418,0.9695651864199278,0.9614612038227066,0.9436000818278973,0.9431203127234652,0.9328046847462382,0.9793762614891304,0.9716972598560867,0.9699592770645361,0.9684016808032873,0.9523793633796426,0.8623059025625799,0.8142268947292779,0.8824988247382413,0.9000265643638683,0.9077827781352802,0.8903010316819111,0.8883083691647792,0.6617223912435213,-0.532568470926545,0.9758282752644912,0.9732914885016561,0.9696087251626373,0.9696978408851683,0.966772414769115,0.9757198718544888,0.9753873050648392,0.9578853054236875,0.9651581420854315,0.9571493626993355,0.6683972569727292,0.8505034209444685,0.9410560652905736,0.7616404255530199,0.9166909570239826,0.9335750407202023,0.8150812019955974,0.9571987486325912,0.8445851729092959,0.5758781375769116,0.6809003480773858,0.8422220736868085,0.8213008289369683,0.8401931425647374,0.959176006798852,0.9592970291463073,0.6995228709077292,0.6890192107495481,0.7598875063381396,0.35212522557329895,0.7407229658504557,0.765654262467419,0.7517398560469978,0.7537483111203747,0.744863989076143,0.7129469278219253,0.6957212449598705,-0.27370136104606335,-0.4019637794446411,0.6641617370369172,0.8797020997069684,0.8977608710316238,0.9064681876075629,0.8944309139416923,0.7974383691979757,0.8666603254920303,0.8891735769947929,0.8890533265835534,0.8327410430334183,-0.1526488704588509],[0.997621474120795,0.9934504777978784,0.9906603478614926,0.9979461985230451,0.9990561632012837,0.9879204764921343,1.0,0.9972299870700944,0.9995450186146462,0.9733440093582927,0.9994581374013202,0.9981939653546034,0.9990867749407406,0.9990560432482564,0.9993582963982979,0.9976523107477627,0.9999024360859745,0.9992813838893975,0.9992876786882408,0.9996637772078774,0.9992516236039785,0.990710381264467,0.9751670625006794,0.9844668118647034,0.9927290458259495,0.988125120280527,0.9725095699924796,0.9457606456158266,0.9920660819279894,0.9917834971614237,0.9931607614601944,0.9723109123586208,0.9988673479853171,0.9998256259332521,0.9996665432862692,0.9994123568098908,0.9996826043189021,0.9998563272703587,0.9981871235455567,0.999687781949253,0.9992985633953421,0.9989197082804979,0.9827921480535717,0.9285225437257907,0.730449141077644,0.932795076362911,0.9197838059542071,0.8072852891345171,0.9580741773879694,0.9413727870143531,0.9601732287492252,0.958116734627814,0.9512522347357584,0.9817560167842152,0.9801672733314026,0.9425164209124661,0.9575494154795482,0.9700772262696407,0.9704134468206973,0.9718320840458181,0.9427202320750238,0.8945579480618852,0.947962133521876,0.9565597947332889,0.93366016215144,0.8814582548209889,0.9623506352573185,0.9328019429022532,0.9638816558269198,0.9429603230861675,0.7471930743165592,0.83417993226281,0.7604933622033073,0.8513622505165116,0.8768177039972181,0.8809375968524739,0.859820733209336,0.8724707071166902,0.2730595225500365,-0.6054743745203179,0.9602158780968567,0.9406716888522724,0.9401652294529799,0.9447467211307146,0.9564886368705552,0.9677124635159668,0.9678122271176168,0.925880013704229,0.9639326487922846,0.8293023433400281,0.6467433853632224,0.9038194761882242,0.9221921571049712,0.7513970339385875,0.9232408481335009,0.9433229304386348,0.8152236620672664,0.9662130476503213,0.8312731534396396,0.6208044810269732,0.6986744407304959,0.8441083080803445,0.8407349658247016,0.8300733782543587,0.9752135753500104,0.9754862368856212,0.7248211105381778,0.6875811848007821,0.7825616452793159,0.32250369430231535,0.7668806452303738,0.7919979757283934,0.781996439804429,0.7883628446235192,0.7381791346452553,0.7309833513590013,0.709806466023857,-0.2615656639818105,-0.4094137848114532,0.6476697281553431,0.8911788692281172,0.9287884642997318,0.9440908603182429,0.9166660503429666,0.8238335388502103,0.9126511083016627,0.9344134336210546,0.9337871682534533,0.775082715948803,-0.1450792010059983],[0.9954956064526306,0.9895117900060533,0.9911364397987773,0.9960076929558532,0.998341534594766,0.988149295463408,0.9972299870700944,1.0,0.9999847458811408,0.9676510777067128,0.9996713010521352,0.9999969282340395,0.9996704117311532,0.9999979352526938,0.9998242006468376,0.9943290676506571,0.999341831877675,0.9998924555388643,0.9998921557818905,0.9999583863772079,0.9999946544540818,0.9909846598310903,0.9762704275978551,0.9919930787617413,0.9932342516902615,0.9854608827618587,0.9746964287195875,0.9445396137284335,0.9883435044801313,0.9941374434436715,0.9918073859242323,0.9689840715744472,0.999434143235612,0.999503907064349,0.9996250380202377,0.9996982628941888,0.9988677716554265,0.9994320573634554,0.998889106545059,0.9986035835779159,0.9995037264959786,0.9993679707451186,0.9842872888417235,0.9285894045458847,0.7173519072820339,0.938420303434394,0.917353244774147,0.7867111708840162,0.9564773092373593,0.9364803034664075,0.9581667040763278,0.9517414608077136,0.9447725735220395,0.9797507435470877,0.9769601463867835,0.9369149512534417,0.9520075084701572,0.9624755300278469,0.966578889047193,0.964703433770324,0.94078229073778,0.8843666531011795,0.9420982352176187,0.948804279518497,0.9276642368441623,0.8666684841158724,0.9589305123069767,0.9255858620337781,0.9575102390965109,0.9377532078002342,0.7313687339679902,0.8243749630472347,0.7555108457886693,0.8415506745573256,0.8681499135284373,0.8750706170892895,0.8546937789580559,0.8644906327530321,0.2527100295725111,-0.611086653167972,0.9549748904334182,0.9315712970228675,0.9322981562497916,0.9425609581673998,0.95063149987213,0.9625919494800212,0.9626991043297956,0.9191108550007785,0.9558292200155069,0.8149860865986838,0.6422744352521573,0.9229871016355755,0.9344378646067305,0.7461588902598978,0.9226218847517366,0.942967876262638,0.812518314004629,0.9708264150155698,0.834945686082636,0.6064399489146938,0.689253452574401,0.8453122770602972,0.8376674848292426,0.8333825848321639,0.9781447193840835,0.9784167967930063,0.714731992456031,0.6787334527420663,0.7844542387481755,0.3079143290658814,0.7616381889043341,0.7876018057611737,0.7831850530029145,0.7827770220529605,0.7309495976092765,0.7246064008901788,0.7027584619305711,-0.2785317653649151,-0.42541203188816124,0.6299917496045905,0.88276337597756,0.9264871679773459,0.9363634607714738,0.9103432798364869,0.8124124962321219,0.9061126578851423,0.9280798985699324,0.927704254281986,0.7549395534521158,-0.12722465789382992],[0.9958141580165891,0.9895435598191853,0.9943618622852152,0.9964064817665831,0.9984023168565586,0.9877304144172082,0.9995450186146462,0.9999847458811408,1.0,0.9669788711432117,0.9996703448028801,0.9999816567862573,0.9998423820638448,0.9999902305705739,0.9997864760069596,0.9982326874531262,0.9993331910960944,0.9998327072819418,0.9998317102007347,0.9999674214240123,0.9999827010536407,0.9938704639999936,0.9776601791174145,0.9952771923505398,0.9954164361974628,0.9854929702927975,0.97903544767839,0.9457763713527486,0.9889249427755915,0.9932383558880854,0.9888640996709169,0.9646076999240708,0.9993638279927239,0.9994441662071983,0.9994492716403083,0.9998449868756537,0.9988774270075695,0.9994191205823382,0.9991233634736079,0.9986173833802472,0.9993592548339262,0.9993534847056824,0.9887574128115346,0.9286421597525312,0.7180319002379362,0.9384286112499586,0.9174317783202266,0.7869310553295743,0.9436547412080505,0.9260135645042352,0.9471503952672732,0.9491949414764562,0.9420072608833284,0.9774747502655629,0.9770309841081773,0.9683108906589392,0.9525064234944354,0.9691927544251617,0.966730376318964,0.9696094210777412,0.9692821005310035,0.9404647866590214,0.9415288110290769,0.9417076263351554,0.9413053816413152,0.8960825444947697,0.9593668738616866,0.9598568173772393,0.965969782201338,0.9648140708918722,0.9196458059864827,0.8237019704644568,0.7733527366797935,0.8410180387518561,0.8897409483243206,0.873795676914559,0.8812094859384335,0.8801706526524046,0.6420112655834967,-0.6264605431177078,0.9550088641670861,0.9316065087197952,0.9324338052565951,0.9696420262842717,0.9455196473988349,0.9622176097407158,0.961715980631632,0.9201432193887124,0.9644339111523025,0.9243831639862132,0.6406579538106728,0.9227962878026493,0.9482147916708801,0.7229161506176035,0.9098168134855252,0.9340406504057963,0.8116413779330969,0.9696651881197594,0.8875956574108784,0.5076740926903036,0.658106832859567,0.8760050710587552,0.8341100232025586,0.8787954210658742,0.9781156723993775,0.9783740708438406,0.7126515074120225,0.6760620108725653,0.7518154725660969,0.30574166966933025,0.6929383444900662,0.7573099465024813,0.7355540319728326,0.7159042322132496,0.7287363938505265,0.7215360587263822,0.6996642643126775,-0.5127731684599351,-0.5915481820152326,0.6302326970076467,0.8816195405659085,0.925276726592875,0.9380661711486256,0.909344994399386,0.8076123900039334,0.8959021829096719,0.9183400677891395,0.9177781109827341,0.8064945715955892,0.10470819291062386],[0.9800726747592848,0.9697525978247208,0.9562169335974853,0.9797212815606713,0.9736077537728565,0.96320291986086,0.9733440093582927,0.9676510777067128,0.9669788711432117,1.0,0.9550255340793685,0.9680313052365411,0.9669931596892164,0.967767259506022,0.9727667215973285,0.9647991670961964,0.9753808144221514,0.971913330267137,0.9719274697754013,0.9678185354656702,0.9678879629099176,0.9667640135348842,0.9544540743071346,0.9743063166206588,0.9722572259883994,0.906481629382201,0.9702267833346632,0.9539643457551218,0.9773473950887323,0.9716860765202436,0.971723757271421,0.9393346085970493,0.9756348974092651,0.9752224711554561,0.9756472844099244,0.9682632878636168,0.9622252426920724,0.9746622990337067,0.9767315889362221,0.977965564570588,0.9758081396942118,0.975824967731715,0.9564702757506538,0.849745595193376,0.5386193225980862,0.8135635738212783,0.8984959267051082,0.8761518352564853,0.9042815023589649,0.8384827139465265,0.9086501517125088,0.9193786582983304,0.9058329969393315,0.93680869561551,0.9366737274578587,0.9459155370404361,0.9382880262118706,0.9555425199023727,0.9496406137310229,0.9540353678107558,0.9540570077183794,0.913081728841453,0.9543646232578074,0.9410303026646903,0.9407202163645001,0.8669132692330804,0.9382467707428084,0.9456052575483033,0.9394667798359468,0.9384113709074041,0.8898602298172361,0.8318554186284068,0.7904296036320992,0.8728456349662039,0.9209637330771617,0.8946997467465978,0.9079086286749753,0.9072367532691664,0.7313060781122115,-0.3209402611661302,0.9545853437732508,0.9560894012696131,0.9479294725184476,0.9475890133608342,0.9332516841138255,0.955794856906976,0.9557455002268231,0.9043854997880308,0.9576595096113258,0.9088863168272162,0.7350804475759023,0.7240448843672798,0.8737512305591343,0.6495985464339457,0.8630002430804222,0.8970665671779449,0.8801781550886881,0.9528038290798928,0.9077279036619705,0.391893998383905,0.6603396736362602,0.9001767212969004,0.8788911926045173,0.9070490323050159,0.953022402762042,0.9533418170103859,0.5478374802791274,0.7135089439328618,0.6234964989952575,0.49482688294450244,0.5832883032189836,0.6375249457436516,0.5989162974568659,0.5726428857888037,0.8159631538331531,0.6933790971906466,0.6582996483518804,-0.2919102043878717,-0.34340099143459885,0.752848334828276,0.9177654905775652,0.9246827201863257,0.9138544034363436,0.942460830318056,0.6712620625729723,0.8476454301186676,0.9113433947262541,0.9105153746275315,0.6938518650724234,-0.16403034431601948],[0.9927330577975727,0.9917819930064629,0.9970689333995377,0.9940577966492385,0.997770944740516,0.9797324890565031,0.9994581374013202,0.9996713010521352,0.9996703448028801,0.9550255340793685,1.0,0.9996968461996544,0.9996766565956898,0.9996844893918222,0.9997046085842008,0.9990511998509645,0.9991757415176814,0.9999585514637328,0.9999581109973166,0.9996834463052944,0.9996911408933676,0.9908048286504398,0.9607127376794711,0.9918001259310472,0.9928693089037043,0.989506226236633,0.9724735997726596,0.9025233342708324,0.9889029027753402,0.9926480512120678,0.9740433758260106,0.9032314592958529,0.9992005059837691,0.9992643040543203,0.9992046277323952,0.9994748341823065,0.9994381668976591,0.9992277141901197,0.998818630493491,0.9979519333082738,0.9991751800318077,0.9991708653211651,0.9899533949668264,0.9227233968289499,0.5594913036071103,0.9342348579020512,0.9166119999722262,0.7908287625386591,0.8578593763783012,0.8962980229787413,0.8630629050704998,0.8778341818024026,0.8550887148875488,0.951680636500739,0.9516181808420506,0.9538415504304943,0.9559305893571702,0.9462357693301849,0.9480942332621648,0.9503539716611945,0.9501665746147644,0.9031549482162006,0.9145331797148373,0.8761526962208468,0.8759824882955891,0.7655279662863786,0.9503219618338318,0.9534999836228689,0.9536538563812158,0.9529784274339212,0.904694665283375,0.6229192296732446,0.5620405851361344,0.7131196718354913,0.810547943920911,0.7415071775964486,0.7775781459553531,0.7764064203412588,0.5565299498688088,-0.39599347489293957,0.9261836773689116,0.9354285207713352,0.9258804777652102,0.9551828738807907,0.9228064123849139,0.9317161636194932,0.9305632817582938,0.866561088911116,0.9357357741637099,0.8734144740561415,0.5423422014691902,0.9195658351098487,0.9136815633976042,0.3426616534166885,0.7104385415371737,0.7888986707176705,0.6623725337324546,0.9726798066006089,0.6725155226174584,-0.19499463628820043,0.1971152558518616,0.645682162989276,0.6494924746053345,0.6913194870834324,0.973919499538914,0.9739744541397148,-0.00461218645710272,0.22682167610379805,0.07848257672060728,0.04393056196362647,0.07121482914910007,0.09036853441334826,0.057219063480918785,0.006561803049769848,0.4321007679007675,0.16139142179915414,0.10856953533323796,-0.5186210212036766,-0.5546203943136193,0.6302757197877149,0.7416760320126227,0.7665640107605941,0.8277929622934606,0.8255792484337243,0.5262680205746944,0.7269592152765673,0.7617579519975861,0.7604982237088332,0.4068426064007466,0.24384123806112235],[0.9956337250226834,0.9897335358970503,0.9910286238070639,0.9961277606571884,0.9983841946719815,0.9880806371430839,0.9981939653546034,0.9999969282340395,0.9999816567862573,0.9680313052365411,0.9996968461996544,1.0,0.999654740962967,0.9999976632814006,0.999851567267241,0.9953809657960236,0.9993904760961045,0.9999032723848821,0.9999031563249401,0.9999660399888177,0.9999950801303112,0.9908921525356077,0.9761423700767377,0.9926498524590679,0.9931956127018899,0.985641885434023,0.974529503525755,0.9445545763274916,0.9892339819135233,0.9941975529841999,0.9918828496402461,0.9691306726041905,0.9994766465593883,0.9995472705057361,0.9996580076189753,0.9996998242752777,0.9989517162245211,0.9994763471891291,0.9989451772530933,0.9986821124205599,0.999547348294634,0.9994114423376388,0.9840916124516867,0.9288861199385071,0.7180752588115026,0.9383618026186701,0.9176040158644098,0.7878433846388853,0.9568117234385051,0.9368949393353373,0.9585086672059628,0.9521178281216031,0.9451778152587372,0.9799935457840311,0.9771487618008732,0.9372416507263394,0.952199180269542,0.9627891729359176,0.9667333622427486,0.9650107368247486,0.9410525605583516,0.8845685302130061,0.942394710181784,0.9492397597041917,0.9281114029959561,0.8671238748338402,0.9590302056531919,0.9258238025761928,0.957751571230885,0.9380579460671093,0.7314988070683617,0.8248800355375795,0.7560805138638768,0.8420428972593159,0.8685207781137803,0.8753578954453324,0.8551286523497281,0.8649429923559635,0.25306860151553295,-0.6109817458144038,0.9552086080443397,0.9319752291256397,0.932633018678638,0.9428151557800246,0.9508816875127409,0.9628312481144123,0.9629386021250703,0.919340099826454,0.9561678031430937,0.8152525341568211,0.6424666695468029,0.9221201525462294,0.9338981056675074,0.7464067297605866,0.9226682742907983,0.9430147360969577,0.8128057556509249,0.9706569517097551,0.8353940274954996,0.6074661542846636,0.6899476831493034,0.8457817308774866,0.8382006187870478,0.8338139686964741,0.9780608207112041,0.9783329208744592,0.7153960556944129,0.67935154641499,0.785029983666079,0.30876910665803226,0.7623274728264008,0.788280850626539,0.7837668862850125,0.7834847123144518,0.7313544770440137,0.7250666346989123,0.703246259617535,-0.2775056323878557,-0.4244842244048201,0.6305767566745089,0.8832805304297807,0.9269059995887908,0.9368712635102293,0.9107969092206317,0.8129680717300892,0.906665568056998,0.9286198255515046,0.9282312236629966,0.7556116573102416,-0.12828579744050514],[0.9948778618168957,0.9895711913470725,0.9929568488584306,0.9955793180641664,0.9981940017320472,0.9893146307486725,0.9990867749407406,0.9996704117311532,0.9998423820638448,0.9669931596892164,0.9996766565956898,0.999654740962967,1.0,0.9996914365884004,0.9994352513922892,0.9983518868534358,0.9989544696494688,0.999488022184751,0.9994814805405202,0.9996730814674565,0.999647160094329,0.9928842798626727,0.9777970417357041,0.9959309120548281,0.9958210542412312,0.9854953317238125,0.9773405301280317,0.9470408394100114,0.9883371340113368,0.9921838554028385,0.9909218877286664,0.9667463762830675,0.9987750536693041,0.9990875323023255,0.9992748603658324,0.9999190981857177,0.9989014912296382,0.9990726696863663,0.9983784941295355,0.9980069044037866,0.9987688176098086,0.9986968962112461,0.9881132296838392,0.9288367869258949,0.7137658729030572,0.9384572303844423,0.9175020714025648,0.7871619615043242,0.9522240395487086,0.9300556877365217,0.9533128365874854,0.9486113093355805,0.9410547547465201,0.9764379060039169,0.9750234524182494,0.9601914130793806,0.9519007263133626,0.9630998078260501,0.9661022778210223,0.9648705493464313,0.9642364914154131,0.8886754749433322,0.9396023474119979,0.947683865069725,0.9474561560378781,0.8655058451225573,0.9593916316265204,0.9373279018733095,0.9596358380226866,0.9583846647138338,0.7361571555110991,0.821980235011182,0.7831382335996799,0.8397911636091859,0.8699906366219062,0.8745604231914273,0.8634480237010078,0.8640351206473067,0.2382475684210741,-0.6054488951920746,0.95441475527884,0.9316855702102163,0.9316344019668202,0.9629867091371098,0.950382155732525,0.9617082110354076,0.9617730806907115,0.9192903140320469,0.9565263786404904,0.8219006977163508,0.6428888135956019,0.922619700785775,0.9347195951573427,0.7438760107468609,0.9208878460748448,0.9415010749468453,0.8137087426646474,0.9732519031456884,0.8297327861268765,0.5990017943763699,0.6853642750856732,0.8369678398284757,0.8328628633408406,0.8258128992223223,0.9799059910719001,0.9801349256067456,0.7062735761124165,0.6740201125812166,0.7646445591462975,0.3084820753563994,0.7523735322973466,0.7769814742904936,0.7534820778996759,0.7724462613904819,0.7291225440367639,0.7150388887884679,0.6934797005238499,-0.28410904965985145,-0.42950087363257694,0.6301670378341976,0.8810263878350241,0.928168489925283,0.9322191567980239,0.9099310299104035,0.8051299704938771,0.9003200862527447,0.9214329371759373,0.9217300344939716,0.7491632349731645,-0.1265936250401291],[0.9955474289678248,0.9896175418266588,0.9911958515293827,0.9960580194236631,0.9983753751540735,0.9882109038998255,0.9990560432482564,0.9999979352526938,0.9999902305705739,0.967767259506022,0.9996844893918222,0.9999976632814006,0.9996914365884004,1.0,0.9998456313663197,0.9977621691463155,0.999360959410146,0.9998959046119952,0.9998952801892098,0.9999601468273834,0.9999926057559883,0.9910246861488367,0.9763255058336254,0.99445864262716,0.9942935374780859,0.985567761656052,0.9747421581879576,0.9447177600766328,0.9916935249101734,0.9944992463607462,0.9917512350690834,0.968884237673218,0.9994490874161889,0.9995078006526261,0.9996344515742314,0.9997162241379208,0.9989067786216431,0.9994419101081439,0.9989437122367684,0.9986243838386178,0.9995165052904736,0.9993837283535193,0.984272802064494,0.9286920115181169,0.7174180285599476,0.9384369791452981,0.9175336865737008,0.7872429452171303,0.9565792091084702,0.9366454357103777,0.9583040049343067,0.9517016709688436,0.9447063425029741,0.9797939205898246,0.9769180792423744,0.937256600331025,0.9521219128484224,0.9626656961536426,0.9666506331720308,0.9648775424148142,0.9405189708870055,0.8845997759745106,0.9419585305894305,0.9488768775089268,0.9279102878303723,0.8668031990846767,0.959090878051804,0.9259858728192563,0.9577438902361253,0.938111256085549,0.7317528241409242,0.8243262782357138,0.7558065192681446,0.8415471027799354,0.8683352459641619,0.8750465623724446,0.8548637278941654,0.864677158584459,0.25307495649915485,-0.6107923784365633,0.9550454385106059,0.9317703608025879,0.9324653518225735,0.940798066118217,0.9508213767983005,0.9626684494442187,0.9627723365196418,0.9192906616310398,0.9560195239154436,0.815277155514979,0.6423177173119424,0.9225747133973367,0.9342990164842732,0.7461012260130194,0.9225012941734089,0.9428732422458619,0.812522019413517,0.9708452168047508,0.8350031876062566,0.6063051737197059,0.6891469982706695,0.8453538233239558,0.8378241313163097,0.8334330981892374,0.9781957868207641,0.9784642021486907,0.7142838506140693,0.678338550045118,0.7844554498297877,0.3082189958539045,0.7616301572296392,0.7875370778273572,0.7833745335300907,0.782688716364524,0.7308544191782693,0.7237974468000854,0.7019846565129229,-0.2783254115614018,-0.425201832680681,0.6303237991295698,0.8826899988342259,0.9266405965059701,0.9364353283176342,0.9104056023803881,0.8122239347389383,0.9063532155214492,0.9281474722378539,0.9278884411485806,0.7550662480193852,-0.12753334309641537],[0.996641421118245,0.9919953373411504,0.9903000506226446,0.9969968192808758,0.9987181482313665,0.9878927857035319,0.9993582963982979,0.9998242006468376,0.9997864760069596,0.9727667215973285,0.9997046085842008,0.999851567267241,0.9994352513922892,0.9998456313663197,1.0,0.9977441580974185,0.9997480074997231,0.9998648015489654,0.9998682969135727,0.9998614544815206,0.9998637468807828,0.9905215243617523,0.9758208235560112,0.9933409064059684,0.9931737361455709,0.987542751848345,0.9739021378472685,0.9459430220144253,0.9924118310863833,0.9940734766204945,0.9925801365705537,0.9707314306990084,0.9996194177792603,0.9998347594181664,0.999870703655022,0.9996599318457465,0.9995870762380877,0.9997839433535107,0.9991391081971562,0.9993076786946417,0.9997409394802512,0.9995591593806868,0.9832911720300458,0.9293123700438612,0.7243405657565254,0.9355699025829199,0.9197137696852337,0.8005334092907301,0.9583230675321602,0.9390476192441237,0.9601411927791746,0.9552378307932593,0.9482755583216558,0.9811682025652539,0.9782878832416702,0.9385221081223695,0.9537830930229487,0.9652324191703102,0.9682234495058201,0.9673299098897483,0.9417749571153399,0.8866783491758503,0.9456473198859359,0.9524516943917003,0.9303879409128966,0.8717609651252644,0.9598286697718261,0.9270266882971563,0.9592656138327162,0.9391423940152046,0.7336386572748509,0.8309949893240737,0.758367060556718,0.8481555837002465,0.871964571329559,0.8790799731889662,0.8576117416786759,0.8685936083192703,0.25690592906722837,-0.6090524979475661,0.9578162077035454,0.9365871198657487,0.9362433213315456,0.9433331161615639,0.9533129259472577,0.9652184627040339,0.9653345319588743,0.9222456069778215,0.9588865736246776,0.8182337217803015,0.6488112928514599,0.9108625139415211,0.9292951604771449,0.7508297572903295,0.9240655434665153,0.9442020659433037,0.817185187592405,0.9692495435102897,0.8368309159222194,0.6176451653380854,0.6979048533598441,0.8487944376263917,0.842395996814536,0.8357719809699542,0.9773887641657348,0.9776802047207678,0.7225598098386129,0.6878929222870962,0.7873484451031025,0.3225170432193518,0.7682970469038951,0.7936729086657912,0.7856826755642179,0.7894347682132851,0.7390919957143994,0.7305570509497008,0.7093233980915513,-0.26664873442774556,-0.4143077284815332,0.6415616487558433,0.8894540175106878,0.9289423726454588,0.9404889797235103,0.916031388059426,0.8177076113807761,0.9094549284287637,0.9321184273151183,0.9312115660357714,0.7621974127684629,-0.13826800688023805],[0.9965373515407145,0.9936060474061502,0.9918005666586753,0.9970654346947334,0.9981642594683433,0.991216642946236,0.9976523107477627,0.9943290676506571,0.9982326874531262,0.9647991670961964,0.9990511998509645,0.9953809657960236,0.9983518868534358,0.9977621691463155,0.9977441580974185,1.0,0.9985319621922658,0.9980717571682464,0.9980696931360032,0.9980919208109896,0.9976844405195503,0.9921887224930518,0.9784848966363962,0.9809944883176802,0.9895842295996815,0.9910216625814228,0.9752749237252044,0.9509576432799364,0.9925051321066307,0.9910642069154587,0.9895190625167056,0.9680342314870641,0.997831537835188,0.9978717471929377,0.998133477171361,0.9980117662670757,0.9986076274162132,0.9979997281583555,0.998092259242622,0.9979268272253731,0.9977519046034962,0.9977871234942408,0.98275495310986,0.9175576906484764,0.7241175353471739,0.9326112225355915,0.9197823802570707,0.7984765235062214,0.9591441466035143,0.9427038632270116,0.9614815116010036,0.9510320616328946,0.9422996664485933,0.9802206014257074,0.9759219009574803,0.952633652284209,0.9623223801452504,0.9719190169785269,0.9717965876616991,0.9731942018723199,0.9537466112350289,0.9010783783917905,0.9442688486336209,0.9548891941086973,0.9403900364286158,0.8814644473935771,0.966717203839987,0.9431589780074784,0.9681885849143961,0.9535815624925681,0.7573948395249522,0.8299267288791672,0.7743461784749066,0.8484305021802652,0.8814566755960166,0.8801134748463536,0.8657474239195919,0.8764024337965451,0.2863477802834201,-0.5871601339684763,0.9607463657905579,0.9421923638410412,0.9422982602088866,0.957146796826023,0.9596368316688945,0.9676304389020426,0.9676132020759144,0.9312210537706899,0.965974541664446,0.8374003155013027,0.6425352089791673,0.9130407460007703,0.9260774645154886,0.7454648655545415,0.9187153304736234,0.9387209819317821,0.8068558483523535,0.9660942318432564,0.8319157193695087,0.5951648936833829,0.6798986370656305,0.8375656258002624,0.8347239898462109,0.8264725039588733,0.9732263210484425,0.9733555909331953,0.7009588473584082,0.6660848035466205,0.7813664024334012,0.30616430483553625,0.7545731710278573,0.7789984964603162,0.7880641510810708,0.7741718981474404,0.7231303319824666,0.7033466803070296,0.6825010524726068,-0.2630308720757336,-0.40951801709729396,0.6365999608008727,0.8735861166622486,0.9309447375174418,0.9365985968066238,0.8995453315080278,0.8076221066436546,0.9147768285081177,0.927838920320878,0.9329736056653654,0.7645938074961713,-0.14440470295700333],[0.9981625965877147,0.9953199724446475,0.9905300786329652,0.9984972219635189,0.9992201983020782,0.9892811470738176,0.9999024360859745,0.999341831877675,0.9993331910960944,0.9753808144221514,0.9991757415176814,0.9993904760961045,0.9989544696494688,0.999360959410146,0.9997480074997231,0.9985319621922658,1.0,0.9996708199243665,0.9996750235113655,0.9994565661159678,0.9993766797421627,0.9931904667512688,0.9783757565694018,0.9944754014357429,0.9940839061549915,0.9902373267392428,0.9766246142198978,0.9484437279969382,0.9915599053049178,0.9944532759991319,0.9920257820610506,0.9724346477198494,0.9998702929064708,0.9998608780425436,0.9998397097785504