var config = { responsive: true }

var correlationAdjClose = {"data": [{"type": "heatmap", "z": [[1.0, 0.99999291124097, 0.9838345156522167, 0.9999205208765742, 0.9988146509995955, 0.9889018125506787, 0.9973411519562156, 0.994941967779014, 0.9952172211486953, 0.9797834706623897, 0.9911209782131215, 0.9950960004567221, 0.9942668931186278, 0.995000293935145, 0.9951475474672143, 0.9963566135615607, 0.9980479967345721, 0.9957675502630212, 0.9957824982639661, 0.9957964174909391, 0.9950417500578244, 0.9847159504398484, 0.9672974495944895, 0.9870334785241126, 0.9858147968373736, 0.9776825859325333, 0.9612485836312513, 0.9391066013393173, 0.9946868225580549, 0.9947566353519622, 0.9917715327155515, 0.9747043821377818, 0.9972515632546015, 0.9975722903094775, 0.9968985890803626, 0.9951653402380306, 0.9945506561940575, 0.9974013861335607, 0.9974726241971916, 0.9987217825810643, 0.9971874685679614, 0.9972011527524538, 0.9757755469433992, 0.9275936769309435, 0.7649668317795479, 0.9028567887838734, 0.9196273650595543, 0.8533755266676609, 0.9710541744843015, 0.9444770311380867, 0.972174543410076, 0.9682787602225358, 0.9634548095050295, 0.9864923274819273, 0.9828125060863269, 0.9830310999013135, 0.9755776581697873, 0.9849925470507669, 0.982230904558839, 0.9856624710802994, 0.9854113051757052, 0.9628993420724306, 0.9642937228608505, 0.9704614354613479, 0.9701484508793848, 0.9411729427850509, 0.9741529846255552, 0.9726076528799532, 0.9810057347999755, 0.9800457838636041, 0.9336906762234346, 0.8503953410674219, 0.8187611411014026, 0.8693223127180402, 0.8986937538045418, 0.8925396880015158, 0.8973224797846099, 0.8960080060212782, 0.6036391199419657, -0.5154138896658735, 0.9747137155724427, 0.963912884925458, 0.9605386052607052, 0.9839743744669898, 0.9538235733790549, 0.9800971630163662, 0.9800471831263958, 0.9414957701172701, 0.9804769134189484, 0.9463961991843095, 0.5924023144690583, 0.8331390394191446, 0.9099653687442604, 0.27480188639203257, 0.9136864092636302, 0.9357064238278643, 0.8046637494763543, 0.9537072144982977, 0.8963957594357982, 0.6740182306614324, 0.5074188036337532, 0.8920322247501513, 0.8609308358707173, 0.8880133114380238, 0.9652339751414925, 0.9654847136904225, 0.7382726351097136, 0.697406734825423, 0.8291605773959023, 0.3266433384271911, 0.7950507082239439, 0.8333466382596906, 0.8198354738499395, 0.8180896634583438, 0.7312076272993814, 0.7365568783911413, 0.7159071052506762, -0.22515362017619292, -0.3583137566072801, 0.6116329569710084, 0.9011652398651782, 0.947462165029349, 0.9507825374786892, 0.9198199286654496, 0.8277898675904766, 0.9186269781762297, 0.9409598402254106, 0.9407652855884026, 0.8762306489783516], [0.99999291124097, 1.0, 0.9799928362366503, 0.9997463275556626, 0.9971514403163234, 0.9897739683352498, 0.992238038589222, 0.9870988973611214, 0.9871454369291961, 0.9654259873442251, 0.9898607075656545, 0.9873996499658163, 0.987183638070265, 0.9872397197128122, 0.9873477532764151, 0.9927372417068773, 0.9946881527807806, 0.9910200014324031, 0.99102179251452, 0.9872351864080167, 0.9873046494587231, 0.986520304925342, 0.9576639198693179, 0.9819858672108028, 0.9815283536486804, 0.9774943081294238, 0.9686684492861133, 0.9009495787989461, 0.9880952165414899, 0.9830141412773241, 0.9760337923970769, 0.9095663640029163, 0.9941614148426687, 0.993947118009501, 0.994265570975446, 0.9887469159985781, 0.9935721659047495, 0.9942363069655528, 0.9945972865503334, 0.9966559537146136, 0.9942794410157039, 0.9942890730146831, 0.9839123343476744, 0.9273036236597033, 0.6537189799162206, 0.90255695323242, 0.9200238641399904, 0.8535206809714225, 0.8911201952629463, 0.9144525824998182, 0.8950571367494811, 0.9074218111204377, 0.8899681746959108, 0.9570085510340398, 0.9568825681993658, 0.9707054249239848, 0.9754399052128588, 0.9679353249874917, 0.9676392330715572, 0.9711032478991871, 0.9710104395678788, 0.9269005201608328, 0.9353997805141673, 0.8961067116034266, 0.8959865418497927, 0.7765993088104688, 0.9651322812699302, 0.967755033641498, 0.968114557731291, 0.9675127791630806, 0.9228644708311556, 0.6080876056284175, 0.5458783007362499, 0.7110370829318887, 0.8146071937086212, 0.7333966545474345, 0.7770189825147001, 0.7753150021481989, 0.5348353820233548, -0.26363489430423426, 0.9494521023443577, 0.9580796938269039, 0.9491081021229214, 0.971853253056298, 0.9281308674115181, 0.9549432146322651, 0.9538006982426217, 0.8858298365259939, 0.9586104538561617, 0.8930983999004244, 0.37571057345980763, 0.8320145289501168, 0.8351952430728404, -0.16071156591146438, 0.5798434154943284, 0.6921824223975986, 0.6130343707495338, 0.948585507658044, 0.6345585627308703, -0.1777480068307626, -0.07533506849951992, 0.6012797178221639, 0.6102115576578818, 0.6567786431000525, 0.950451169626999, 0.9502496283083184, -0.11380586260048814, 0.11195575846220178, -0.03387718530824259, -0.06487614310184511, -0.0376451602486304, -0.02163039110075332, -0.05243803817283118, -0.09033362157986714, 0.2776905411175463, 0.03686276301174189, -0.00896598406872798, -0.4568804279292268, -0.48463107986526743, 0.611845925186212, 0.7423706132185716, 0.7637693614246311, 0.8269256974712893, 0.8204011348270854, 0.5202764976580465, 0.7283242290109145, 0.7629499534531564, 0.7615134474733303, 0.4152846673831697], [0.9838345156522167, 0.9799928362366503, 1.0, 0.9853010407028671, 0.9922546538657162, 0.9892078320151501, 0.9905661428671677, 0.9908689236867457, 0.9941993561722386, 0.9529035030526353, 0.9966301568988439, 0.990776664210294, 0.9927400784728332, 0.9909354906349881, 0.9908349553358711, 0.9913865941349833, 0.9896017114349024, 0.9893642173987887, 0.9893271963418369, 0.9927008788478197, 0.9907955711996849, 0.9929068820885247, 0.9773967075711317, 0.990195775956565, 0.9905693206221333, 0.9755716533799395, 0.9803845762855882, 0.9429972053883038, 0.9738350594066005, 0.9770537049726241, 0.9784061366568331, 0.9497860340372426, 0.9877785169987773, 0.9909040537469365, 0.9890847061448594, 0.9929580789489181, 0.9942372360279274, 0.9918881028369202, 0.9871263230414843, 0.9866304010126887, 0.9880516583295662, 0.9874010677283022, 0.9898701398297596, 0.9270480739556906, 0.7070644873901478, 0.9296393650683039, 0.9053203215216772, 0.7543617948514716, 0.9320650823594692, 0.8993554951043994, 0.9332067791480134, 0.9281479853021037, 0.921021485087137, 0.9537625941852093, 0.9604692760702482, 0.9267355495911263, 0.9418042891621411, 0.9501354167648334, 0.9552153575604733, 0.950874898614947, 0.9250633217364556, 0.8865604101897083, 0.9187607244647098, 0.9210733665145778, 0.9051528965436064, 0.853262858309967, 0.9551835804823662, 0.9318651507526348, 0.9506611987362772, 0.9286136271602108, 0.747922266968297, 0.785456629126727, 0.725165195863512, 0.8061850715267775, 0.8553642967967726, 0.8515576377076566, 0.8258377661290051, 0.8392311421192143, 0.27648338627767965, -0.5215189154726017, 0.9400120937515758, 0.9065091015875993, 0.9130881779947552, 0.9273236366142424, 0.9166431930781114, 0.9462680458871581, 0.9459177972844889, 0.9021648219311327, 0.9433203774549408, 0.8213845206349288, 0.5606758344961223, 0.9191600261859142, 0.9292062305641657, 0.20647887114756067, 0.8916422256684907, 0.9167476283710775, 0.7897685898922889, 0.9756530764176878, 0.7788484987527214, 0.5833797792429216, 0.42945193982027097, 0.7850188706414912, 0.7852819922794323, 0.7733580267694898, 0.9796667062308152, 0.9797174636819697, 0.6550550381104506, 0.6284805636498119, 0.7165196350816416, 0.25230101320252524, 0.688524413954972, 0.7127411184380159, 0.7284789615996302, 0.7093426499163442, 0.6808555507330631, 0.6592223973971142, 0.6364733060814015, -0.30368069130175657, -0.43605840658098355, 0.5585220888517768, 0.8593588722137065, 0.8978348088366342, 0.8982667137587541, 0.8918265721515948, 0.7558518407704351, 0.8718901235198367, 0.8862916327938989, 0.8954113281223601, 0.7405268199468902], [0.9999205208765742, 0.9997463275556626, 0.9853010407028671, 1.0, 0.999138530115644, 0.98976666745771, 0.99772435903133, 0.995506018469128, 0.995897813067561, 0.9795882181397996, 0.9928477910440935, 0.995642553781152, 0.9950269484159402, 0.9955625135772377, 0.9956855163443805, 0.9968916819372236, 0.9984088356202718, 0.9962586268364059, 0.996270923193036, 0.9963837494453932, 0.9955909041441929, 0.9860307439740772, 0.9686530644644168, 0.9881944469297642, 0.9870861048769882, 0.9806615121467067, 0.9634301569714514, 0.9403550407069837, 0.994267319735392, 0.9945112830691457, 0.991984207793369, 0.9744876323163051, 0.997447740414722, 0.9979353543332234, 0.997252014758612, 0.9957817111376608, 0.995579393540657, 0.9978048449073982, 0.9976138444522584, 0.9988590364632217, 0.9973735202780583, 0.9973838706655958, 0.9776109946512773, 0.9234673545758229, 0.7587213601649877, 0.9036187445878076, 0.9163501539016081, 0.8426849808819277, 0.968260833850803, 0.9410465290023746, 0.9692645347603953, 0.965705116385148, 0.9607334850366155, 0.9844646243061812, 0.9813249798944608, 0.981043267037885, 0.9733109416100054, 0.9832290535555753, 0.9811390427218881, 0.9838192629636758, 0.9835657822911938, 0.947466684090718, 0.9624097493586308, 0.968677508849918, 0.9683678074347654, 0.9339456438012521, 0.9731638504172483, 0.9684348588001821, 0.9789512266329125, 0.9779476895932593, 0.9019018033894718, 0.8480921763211479, 0.8136062380062897, 0.8666734429373161, 0.894751497010904, 0.8914972273361902, 0.8940102679517922, 0.892776911559646, 0.49628681851577344, -0.5157174712182276, 0.9732437100279656, 0.9609969471561932, 0.9578616177835442, 0.9819913572450423, 0.9522126424177534, 0.9788170052497213, 0.9787702033643297, 0.9399604948755325, 0.9784853170269251, 0.9233382581931181, 0.5984432403070994, 0.8435135418995457, 0.914617169357648, 0.2757222976287444, 0.9154588736524494, 0.9372297983086385, 0.8051208933425789, 0.9552881234370398, 0.8903291268571328, 0.6712107844011281, 0.5050371508139934, 0.8870692222070976, 0.8575086162361715, 0.882708826779621, 0.9664121049101402, 0.9666716500519246, 0.7375605565503262, 0.6979358879348988, 0.8213047903154557, 0.3290243454236063, 0.7896093428411012, 0.8252042020670566, 0.8117698309469543, 0.812942034818754, 0.73443588056249, 0.7368739735641596, 0.7162858583779408, -0.22051402054815178, -0.3575111615629313, 0.6094097847209359, 0.8994269645444702, 0.9458637320553213, 0.9492131249991825, 0.9189171774371097, 0.8250902411928008, 0.9168248232503311, 0.9389324560350266, 0.9388965020283107, 0.8685272346584223], [0.9988146509995955, 0.9971514403163234, 0.9922546538657162, 0.999138530115644, 1.0, 0.9923323564290516, 0.9990508750866297, 0.998155033729155, 0.9982066269264315, 0.972510980856612, 0.9973798937631645, 0.9982117319992895, 0.9979441772935653, 0.9981916644010774, 0.9982570255536168, 0.9985120884281417, 0.9991378657280935, 0.9986184655300242, 0.998620864216385, 0.998293284995934, 0.9981927515719187, 0.9931106551984453, 0.9764028448116892, 0.9931757758649777, 0.9930754188666648, 0.9849463591851408, 0.9781531675102936, 0.9437301147676003, 0.9909430160751953, 0.9930349382732299, 0.9900782420045185, 0.9652234527511272, 0.998978729115891, 0.9990010908059989, 0.9989825518328775, 0.9983259248271461, 0.9985526683008369, 0.9990789758530373, 0.9991432286454416, 0.9990154369686675, 0.9989610414179945, 0.9989629865781466, 0.9882881662232452, 0.9334020388059906, 0.7347068017951465, 0.9205864243808118, 0.9186751455289054, 0.821253146930972, 0.9531972445375166, 0.9264474502563773, 0.9567337655333908, 0.9569975877580451, 0.9520009679537728, 0.9804070628937742, 0.9803294631304404, 0.9761783649281641, 0.9660696266690809, 0.9771595428451664, 0.9758789549614338, 0.9774733718082761, 0.9771480592174379, 0.9487465560415781, 0.9505771036085264, 0.9470141932537595, 0.9465864681425, 0.8956039169419495, 0.9693768807372978, 0.9661064234977428, 0.9732777210165534, 0.9721983039390353, 0.9268300748613832, 0.8204206852743531, 0.7709685457406829, 0.8464936332678223, 0.8952529599909046, 0.8747702614580514, 0.8842263887401276, 0.8829855120357679, 0.652615458878202, -0.5881511727264103, 0.9647262519729481, 0.9462504735794689, 0.9449123301534836, 0.9774618361636456, 0.9348537734191789, 0.9698640285704011, 0.9693230673293122, 0.9267653446395157, 0.9721526396367983, 0.9316357721964982, 0.583007692688785, 0.8710773991375599, 0.9362083724569723, 0.17973521454254154, 0.8893176782252318, 0.9182829217745847, 0.798284160245587, 0.9616379439856679, 0.8767745700450167, 0.5269891734924935, 0.3857843653353033, 0.8636810732338696, 0.8131957841689591, 0.8645861703654653, 0.9711540778126815, 0.9713537239685703, 0.6885661441248508, 0.6766713125453105, 0.7331032640132259, 0.30111251067290973, 0.6654084421045089, 0.7390591036614997, 0.71448887400634, 0.694991138037015, 0.7162628822971643, 0.7179380801347771, 0.6962915593446839, -0.4512189123090717, -0.5246792535148872, 0.5949052373436954, 0.8914701673550123, 0.9290954783767551, 0.939636318926635, 0.9148227464218609, 0.7988403291023959, 0.8970207434528907, 0.9222368355866952, 0.9217276248773704, 0.8014363283911893], [0.9889018125506787, 0.9897739683352498, 0.9892078320151501, 0.98976666745771, 0.9923323564290516, 1.0, 0.9893878025240164, 0.9890280178814387, 0.9883531427770735, 0.9666869486630403, 0.9776688997893774, 0.9890047570083305, 0.9900192501497281, 0.9890931621969158, 0.9891832039342531, 0.9920096546106539, 0.9902127735186393, 0.9899819404765048, 0.9899565030644616, 0.9878010431566133, 0.9890231011660042, 0.9962218799334068, 0.9908907711092164, 0.9883911270956788, 0.9880273420714447, 0.9629366752109318, 0.9833822044774866, 0.9641004792872198, 0.9755107014613685, 0.9788189838014972, 0.9873154983540839, 0.9747104789601506, 0.9894247930085853, 0.9895242848199282, 0.990353394152681, 0.990063352655013, 0.981293976706812, 0.9901817985982297, 0.9897487866987589, 0.989717686904499, 0.9895218094119208, 0.989500310204662, 0.9940600686480772, 0.8877710752229179, 0.7456110442388237, 0.877427372860781, 0.9192771744150442, 0.8533261476410221, 0.9428072253173425, 0.9143898939820287, 0.9443429814347193, 0.9505908907592154, 0.9413642476716244, 0.9654518833002952, 0.9699024426366486, 0.9655010364588951, 0.9763898351055833, 0.9669340551615105, 0.9784936671205878, 0.9669283264833801, 0.9663434641257426, 0.9637981381075071, 0.9562536565454267, 0.9428942972188727, 0.9424253176673936, 0.9267528296354665, 0.9749875172928789, 0.9672109024452921, 0.9662916614294966, 0.9644907301948046, 0.9435327814690266, 0.8479973986438243, 0.7999935319012806, 0.8682916017822918, 0.8892363024684422, 0.8962247638762963, 0.8804278962581112, 0.8785216978969982, 0.6219113243630926, -0.486427482665584, 0.971714758636671, 0.9648308755575651, 0.9619336735034254, 0.9667309228793616, 0.9487974946980543, 0.9726745421884182, 0.9723576594985239, 0.9490779221122263, 0.9621999836232334, 0.9490967405281857, 0.5966279830755563, 0.7980984033284396, 0.9299385496222237, 0.27946167121256466, 0.9030645153906215, 0.9235628531527172, 0.8023381013314906, 0.9512144379352988, 0.8495577680781204, 0.6271455087496236, 0.4854309584193837, 0.8467873505010601, 0.820317168602801, 0.8433772114028013, 0.9537436882510439, 0.9538321292282922, 0.7034979519132443, 0.6801134294730737, 0.7690600840789554, 0.33043076199379917, 0.7447345504619045, 0.7747337020995732, 0.7605226489561974, 0.7630443002728907, 0.7224769820820218, 0.7102783800446445, 0.691753800127901, -0.2514872079534266, -0.3761642929881422, 0.6458359390368946, 0.8909323531184631, 0.9087442331793834, 0.915881815756253, 0.9037761167008734, 0.8033895907135085, 0.8770981249962889, 0.9004862729485915, 0.9004692892985353, 0.847042809962299], [0.9973411519562156, 0.992238038589222, 0.9905661428671677, 0.99772435903133, 0.9990508750866297, 0.9893878025240164, 1.0, 0.9970108940400121, 0.9995085654322794, 0.9710452099662643, 0.9993806232214709, 0.9980225453440777, 0.9990424051591809, 0.9989581796102761, 0.9987170016680418, 0.9980429901075545, 0.9998810505709839, 0.9992092510047721, 0.999214733000207, 0.9996312144033626, 0.999175597233699, 0.9905462311747929, 0.9731894438311766, 0.9833919721805353, 0.9920774989494717, 0.9840662742157431, 0.9702132163705044, 0.9389225352529539, 0.9925793753056267, 0.9917935825916547, 0.99295772069912, 0.9707234118972897, 0.9987560607248657, 0.9998045063683599, 0.9995981958028207, 0.9993627907841215, 0.9996129750120472, 0.9998366233679148, 0.9977776078405282, 0.9994693132231189, 0.9992291172455778, 0.998813215669216, 0.9832279888970423, 0.9360408899012752, 0.7474116908581364, 0.9302516330455224, 0.9235028347938756, 0.8080365752522912, 0.961342499809104, 0.9400356412392796, 0.962244178267265, 0.9600522485286589, 0.9557534161466485, 0.9821706760065235, 0.9799886004241634, 0.9365121019094932, 0.9516740151684202, 0.9664766731847405, 0.9668044611686986, 0.9684347889528891, 0.9370754291578028, 0.8817398710432114, 0.9396708021573715, 0.9528411978287779, 0.9295414036231089, 0.8682602291330469, 0.957984121078531, 0.9248181414279883, 0.9596971650821556, 0.936622470370503, 0.7125606062664017, 0.8147625455266044, 0.747543021504985, 0.8317289644224959, 0.862597204539189, 0.8658477996442472, 0.8470623821439555, 0.8594298944975703, 0.2313382711058875, -0.5518945661743133, 0.9545493706219962, 0.9283537836187113, 0.9293419258306003, 0.9392306156903149, 0.9342466360802781, 0.9634621938892731, 0.963533301660196, 0.917488167715964, 0.9595345460985935, 0.8066675932466701, 0.5800832760134955, 0.8742779004543507, 0.9142060037405703, 0.2557076869835002, 0.9129185868250863, 0.9359217808867583, 0.7985173984127774, 0.9617702159480139, 0.830870460669553, 0.6568406426622853, 0.48821780399377057, 0.8426235752603125, 0.8349158931897002, 0.8279997486891988, 0.9716046934749387, 0.9718735484066452, 0.7218348308941815, 0.6719411089501288, 0.7853085111184717, 0.2956682503907176, 0.765197326909134, 0.7938760266606413, 0.7852047559826665, 0.7903747062106724, 0.7114750466311821, 0.7219120273521353, 0.6994353640457456, -0.24124084541062604, -0.3853650801541356, 0.6145984508209169, 0.8915422376737011, 0.931369680601026, 0.946358693953318, 0.9169626927721507, 0.8222114470383439, 0.9155382592797188, 0.9377731181397322, 0.9371388375563539, 0.7743183289959239], [0.994941967779014, 0.9870988973611214, 0.9908689236867457, 0.995506018469128, 0.998155033729155, 0.9890280178814387, 0.9970108940400121, 1.0, 0.9999834857272886, 0.964710842640553, 0.9995996880937066, 0.9999968391526906, 0.9996453993301053, 0.9999977091161012, 0.9999807179970911, 0.9962522643070768, 0.9991498799384554, 0.9998795876706902, 0.9998793356291996, 0.9999536453370806, 0.9999942555921721, 0.990729668105413, 0.9740382531054348, 0.9913093812094905, 0.9925555220397949, 0.9803297991621572, 0.9723561544940565, 0.9372673876939137, 0.9889279629736387, 0.9945324843631066, 0.9916968674253115, 0.9673214355912433, 0.999422150332428, 0.9994691806652901, 0.99961006650446, 0.9996635582875082, 0.9986306721746484, 0.9993689192637948, 0.999084712247112, 0.9980859824496089, 0.9994927391732467, 0.9993513714455287, 0.9845351808157107, 0.9373158591173901, 0.7343526302481735, 0.9386443128828907, 0.9217250529785157, 0.7853771704691945, 0.9601442998727361, 0.9350846850823294, 0.9607016257215895, 0.9536497416622474, 0.9494167747142513, 0.9803038811273476, 0.976743344481483, 0.9302917167225241, 0.9442486221830283, 0.9577078675676853, 0.9620221063779976, 0.9602278020030495, 0.9349704968207246, 0.8691461713902006, 0.932710135600519, 0.9444094702182096, 0.9232081491114434, 0.8515697448560856, 0.9535112579299035, 0.9164143581346228, 0.9522556341307382, 0.9307603852222226, 0.6934162318922094, 0.8036254809031843, 0.7423434429464705, 0.8204521367522609, 0.8526905206681009, 0.8589530969742604, 0.8414369795900773, 0.8505343440582939, 0.2088977104835834, -0.5593940326781109, 0.9481741900751927, 0.916068257618096, 0.9193326775993969, 0.9368333541412133, 0.9258846472182022, 0.9573466711636107, 0.9574290864158049, 0.9087941675236347, 0.9502478062357034, 0.7894716067556385, 0.5741277705170671, 0.8990546391110443, 0.9276280200660588, 0.24327584272752623, 0.911776856018174, 0.9351831840650158, 0.7956065625244239, 0.9668235792359297, 0.835354097116174, 0.64306564204672, 0.47499514444817564, 0.8445117358436139, 0.8320947453071855, 0.8321086239378463, 0.9748689015075203, 0.9751418786034507, 0.7114853288768882, 0.6623915552476077, 0.7879505728212951, 0.27954066247824694, 0.7602291031852809, 0.7899273896212771, 0.7871131962044465, 0.7851552090271519, 0.7033001988800154, 0.7152042332974825, 0.6919754849349015, -0.25918194211833523, -0.4024051543019928, 0.5934923317781045, 0.8826516534682044, 0.9293779076540687, 0.9386456697519561, 0.9103576550668502, 0.8103862353633103, 0.9090789829009084, 0.9315321506185646, 0.9311665926474649, 0.7532495946990381], [0.9952172211486953, 0.9871454369291961, 0.9941993561722386, 0.995897813067561, 0.9982066269264315, 0.9883531427770735, 0.9995085654322794, 0.9999834857272886, 1.0, 0.9639912338556468, 0.9995984003169511, 0.9999810972682662, 0.9998250499339356, 0.9999895639432547, 0.9999966940846096, 0.9989358052833381, 0.9991115847123498, 0.9998092737050588, 0.9998085760528694, 0.9999655706918125, 0.9999820591512333, 0.9933624911635649, 0.9750180415928207, 0.9946055852188679, 0.9947776291414123, 0.9803151588198583, 0.9764306021393488, 0.9382614647632432, 0.9894566744352653, 0.9936052835044273, 0.9886776371119257, 0.9626500417272594, 0.9993292301604891, 0.9994099842752606, 0.9994049317214937, 0.999825338860356, 0.9986431609904896, 0.9993627498130079, 0.9993013325217268, 0.9980463505450071, 0.9993218751542414, 0.9993164172661619, 0.9887671606103406, 0.9374268471953894, 0.7353179212120351, 0.9386088878229331, 0.9218961906435054, 0.7855961728711927, 0.9485227872494287, 0.9212400285128564, 0.9516075702012009, 0.9511304538966671, 0.946866056503995, 0.9774702543671434, 0.9769093507090356, 0.9639748764945346, 0.9446805182584407, 0.964880553716426, 0.9620407953008163, 0.9652980002192794, 0.9649156709689624, 0.934182511302022, 0.9318814283342157, 0.9349973720283046, 0.9345735939604098, 0.8823742440716786, 0.9538214905751353, 0.9552276257490135, 0.9616280527448543, 0.9602858287425063, 0.911926620041204, 0.8028364847867002, 0.7471424963708311, 0.8195925546146572, 0.8740194800032084, 0.856770829163867, 0.8648847834199542, 0.86385284860221, 0.5941297363213105, -0.6233507779592699, 0.9480360323838861, 0.9160973743394466, 0.9193973672120066, 0.9655112754529149, 0.9174906844378633, 0.9567425983541435, 0.9561581915643638, 0.9095158799854971, 0.9593093733022372, 0.9147138972846419, 0.5721153051037987, 0.8985034417666193, 0.9432651066287974, 0.18869850485692832, 0.8962304496848661, 0.9242700890420564, 0.7946594254922856, 0.9653336544314314, 0.8833062333926266, 0.552434491701153, 0.4083113273707276, 0.870770084369089, 0.8214340038750708, 0.8723726995719491, 0.974762470531852, 0.9750600657455135, 0.7093568052990513, 0.6594047120588937, 0.7492613539419555, 0.27712644291455824, 0.6836023191031009, 0.7547450750125144, 0.7321122424676368, 0.713386483224414, 0.7004544805947558, 0.7118627701632688, 0.6885926194606764, -0.502126650961373, -0.5774043237303901, 0.5933349073450767, 0.881546274856124, 0.9278593663874379, 0.9395254359974813, 0.9093666920759736, 0.8050338324564824, 0.8968804456474603, 0.9210847392295572, 0.9205117152199278, 0.8100546339554272], [0.9797834706623897, 0.9654259873442251, 0.9529035030526353, 0.9795882181397996, 0.972510980856612, 0.9666869486630403, 0.9710452099662643, 0.964710842640553, 0.9639912338556468, 1.0, 0.9473576222470976, 0.9651148340916577, 0.9639791136792953, 0.9648350018075215, 0.9643792233854009, 0.9661970008174885, 0.9749476897169884, 0.9696820991610232, 0.9696888835067454, 0.964890342556974, 0.9649689251913566, 0.9649170125039741, 0.9504851418691761, 0.9721073933420714, 0.9699327850782296, 0.8782651872165083, 0.9683896516924779, 0.9483781097747496, 0.974452912868161, 0.9680634247846628, 0.9682305897206078, 0.9321570822559475, 0.9735120991576417, 0.9730606403108999, 0.9735727925903594, 0.9651478082814877, 0.955823262985005, 0.9725444943740432, 0.9733828782931144, 0.9781136474019372, 0.9737090323319, 0.9737280439307544, 0.9554066071502733, 0.8398971265633308, 0.5562160249543304, 0.7763497817650059, 0.8933896239441163, 0.8804962954562021, 0.901871806707443, 0.8193619769750843, 0.9063944083855993, 0.9142405331066096, 0.9036040158564902, 0.9290296226747584, 0.9288753720275431, 0.9443501387227526, 0.9356627817935805, 0.9549934077291208, 0.9484051967876218, 0.9531934060250407, 0.9532227128016802, 0.9131165501968657, 0.9511127933777168, 0.934132472094266, 0.9338107252897367, 0.8493525329768672, 0.9360995795100665, 0.9445410661168063, 0.9374502959047251, 0.9364500740461759, 0.8879590021331805, 0.8108285688210946, 0.7655435898289431, 0.8558847098472883, 0.9104510012227081, 0.8803170619670928, 0.8954051458178363, 0.8946486612438678, 0.6957406077691567, -0.3004451681411167, 0.9527727596745805, 0.9540328659711891, 0.9456358035018972, 0.9462919601197278, 0.9127626891787434, 0.9541193276739803, 0.95397492724976, 0.899399011103088, 0.9564170348560026, 0.9053101873875504, 0.690871289532059, 0.6446633186155101, 0.8595799854677589, 0.1970227897859965, 0.8447597536364143, 0.8846492978770872, 0.8701761517508887, 0.9474422062122653, 0.9042669221497394, 0.4591897408339422, 0.4258535207620606, 0.8966428645984832, 0.8713052761423214, 0.9026941353050033, 0.9478477081799318, 0.9482056977092933, 0.5371483841736859, 0.6992976953696166, 0.6132373245265501, 0.4826754532904737, 0.5710118453383154, 0.6280081390736953, 0.5886665637558499, 0.5656840989718461, 0.7977499161898532, 0.6749905057332144, 0.63959266415015, -0.2695165193445767, -0.3143880361774563, 0.7401944469601519, 0.9161401936234167, 0.9221286022759633, 0.9079645098840802, 0.940859254754852, 0.6488618508082777, 0.8377045899979049, 0.9080779484752417, 0.9071876146859792, 0.6911962630001093], [0.9911209782131215, 0.9898607075656545, 0.9966301568988439, 0.9928477910440935, 0.9973798937631645, 0.9776688997893774, 0.9993806232214709, 0.9995996880937066, 0.9995984003169511, 0.9473576222470976, 1.0, 0.9996341047388245, 0.999608522040861, 0.9996170486779709, 0.9996258101134531, 0.9993429688827307, 0.9987327041787792, 0.9999494298033783, 0.9999500193168971, 0.9996157789696611, 0.9996266152673642, 0.9888931701197528, 0.9526186318050456, 0.9899619956570654, 0.9912334136131078, 0.9856928263303503, 0.9663311632379096, 0.8854221843977331, 0.9881328350886177, 0.9920714535239461, 0.9710667585870804, 0.890770417449754, 0.9990876640070373, 0.9991609563618766, 0.9990778143053557, 0.9994281095337798, 0.9993512625911593, 0.999096294044654, 0.9989456948242845, 0.9967570386775222, 0.9990543928272514, 0.9990508732443822, 0.9884252638778804, 0.9313360374180539, 0.6060274813711317, 0.9335805398134975, 0.9213340745376983, 0.7907654298718262, 0.8683884366691359, 0.8899231920507089, 0.8740926842482217, 0.8797160386294955, 0.8651856263257054, 0.9502797020417538, 0.9501892238729283, 0.9440783037749563, 0.9467440177559777, 0.9341369498007235, 0.9367240197146623, 0.9393116388116715, 0.9390987888973827, 0.8824645677380568, 0.8942605136717507, 0.8471391041719551, 0.846935237300527, 0.710536076156293, 0.9398263549845143, 0.9436038548303868, 0.9439546447301832, 0.9432556061302523, 0.8855648995195814, 0.5512460851884672, 0.4846703289675442, 0.6538065509580031, 0.7657423569442757, 0.6832516879143538, 0.7279722634581187, 0.7269789728205165, 0.4706017344560567, -0.3949209833519129, 0.9083871159572297, 0.920443688668434, 0.9080077866563873, 0.9458572089852055, 0.8821022201756754, 0.9153565146977124, 0.9138792023906004, 0.8332111148026843, 0.920524660833442, 0.8423403085570875, 0.44091768415847044, 0.8937861488927107, 0.8931224045585905, -0.13400526651217068, 0.6324394757982076, 0.7325966296995747, 0.6280364007116446, 0.9665444335224243, 0.6479349979226859, -0.12699006410265629, -0.04516968074177062, 0.6196541356580851, 0.6250928890940748, 0.6673579032842345, 0.9679971419747538, 0.9680543664417433, -0.0500649080616124, 0.16796648125887081, 0.03181214512538254, -0.0005761983193331531, 0.025427978810324776, 0.04434411355767427, 0.01215167533027653, -0.03285297010829573, 0.3409743213402043, 0.08441523356496881, 0.03456484060840827, -0.528342601689916, -0.5560350130765928, 0.593512926333299, 0.7322376487331717, 0.7547769895398408, 0.8205226630427247, 0.8180869760685889, 0.49673211477676493, 0.7149586926159203, 0.7533557564240998, 0.752010163161562, 0.40124746280065676], [0.9950960004567221, 0.9873996499658163, 0.990776664210294, 0.995642553781152, 0.9982117319992895, 0.9890047570083305, 0.9980225453440777, 0.9999968391526906, 0.9999810972682662, 0.9651148340916577, 0.9996341047388245, 1.0, 0.999631988883432, 0.9999976098095253, 0.9999838340142851, 0.9969194846476124, 0.9992104099710613, 0.9998917497549608, 0.999891612307118, 0.9999616602039375, 0.9999947490135365, 0.9906491608624702, 0.9739275443062086, 0.9919600554822852, 0.9925246921816389, 0.9805835365902535, 0.9722045892512005, 0.9373106024545548, 0.9898036363069881, 0.9945732046593789, 0.9917579266576866, 0.9674523712449563, 0.9994631999367547, 0.9995133929768378, 0.9996440490723446, 0.9996663425112178, 0.9987297145944514, 0.9994159892528032, 0.999122342731351, 0.9981804977262048, 0.9995353061993847, 0.9993931999293209, 0.984361268729461, 0.9375369111200172, 0.7350165651401498, 0.9384912999979094, 0.9219467079582634, 0.7865712780625209, 0.9604366753004764, 0.935489398953395, 0.9610031980658706, 0.9539988913330478, 0.949780275358304, 0.9805276671140438, 0.976914049647516, 0.9306543405533392, 0.94456947088132, 0.9580806251951517, 0.962242467234325, 0.960590416816909, 0.9352628045297853, 0.8694626699319238, 0.9330762631434477, 0.9448736509856385, 0.9236683673751344, 0.8521011815253337, 0.9536890464018094, 0.916715562089179, 0.9525558566192922, 0.9311066950023482, 0.693681279722405, 0.8042071231684397, 0.742936496467303, 0.8210305114551959, 0.8531276968460494, 0.859304555999679, 0.8419130602553688, 0.851040891091812, 0.20935204020864115, -0.5591657837046397, 0.9484827831025059, 0.9166747358645086, 0.9198066912190417, 0.9371102229288567, 0.9262560451024844, 0.957646881405584, 0.9577289132388367, 0.909143922009179, 0.9506452850237456, 0.7898620126601008, 0.5744576160048904, 0.8979498925934503, 0.9270801008791553, 0.24388035808560882, 0.9118719169937202, 0.9352683203493304, 0.795913686575656, 0.9666518352225426, 0.8357672950737833, 0.6440089317631154, 0.47587255192508143, 0.8449512391604858, 0.8326185013310226, 0.8325086753745391, 0.9747864285652171, 0.9750593826414525, 0.7121415329058965, 0.663041076767984, 0.7884873086163338, 0.2804915269964768, 0.7609015110595385, 0.7905758596531116, 0.7876542379232107, 0.7858340998070883, 0.7037570141838726, 0.715663360324886, 0.6924680076002538, -0.25809822118943065, -0.4014172088218638, 0.5941819295635747, 0.8831543020813555, 0.9297611718497304, 0.9391262752025664, 0.9107936786018291, 0.8109256050698261, 0.9096011392156705, 0.9320411599841817, 0.9316609535692164, 0.7539070264568665], [0.9942668931186278, 0.987183638070265, 0.9927400784728332, 0.9950269484159402, 0.9979441772935653, 0.9900192501497281, 0.9990424051591809, 0.9996453993301053, 0.9998250499339356, 0.9639791136792953, 0.999608522040861, 0.999631988883432, 1.0, 0.9996686136677619, 0.9996519461670822, 0.9990478955088997, 0.9986804755859873, 0.9994402180094278, 0.999433648563819, 0.9996468201958698, 0.9996218080177655, 0.9926183494736679, 0.9755588907820925, 0.9954156741754169, 0.9953083397668467, 0.9803794632300917, 0.9750653114253958, 0.9399358251918433, 0.9890182207901173, 0.9926215308298846, 0.9908522119034961, 0.9650507370577615, 0.998742674733424, 0.9990446071406235, 0.9992356637813503, 0.9999233309348626, 0.9986688311129536, 0.998992780296229, 0.9985504070025372, 0.9973533546736963, 0.9987324646662716, 0.9986556807491904, 0.9882878873681702, 0.9375271077316741, 0.7312558814684658, 0.9386667097382116, 0.9218790250158382, 0.7858311280363712, 0.9567524128210216, 0.9283633850503887, 0.9575814143473558, 0.9506712447535236, 0.9459219706837306, 0.977001638064035, 0.9748571704719142, 0.955049924369284, 0.9441712820580191, 0.9582916977565521, 0.9612175218639264, 0.9603169926059475, 0.9596109471042528, 0.8735414053235049, 0.9297017917246473, 0.943102819028073, 0.9428623154962686, 0.8499338443213562, 0.9538225371339795, 0.9292713409834465, 0.9544379464376904, 0.9529409288245956, 0.6977060670633878, 0.8008300526168405, 0.7650850265550722, 0.8183192014411194, 0.8545928895187868, 0.8581872167394372, 0.8497876848666603, 0.8500005647609326, 0.19280496294083413, -0.5537975537560779, 0.9472915799527459, 0.9162893810518865, 0.9184962645120152, 0.9581569955514398, 0.9254944270248623, 0.9561587710684979, 0.9561965368104891, 0.9084389013854534, 0.9509295551276291, 0.7967715349916973, 0.5749626212832218, 0.8985922229676573, 0.9273780336774521, 0.23982410589679665, 0.9095099335519707, 0.9333006619161032, 0.7970287230535029, 0.9694677280873353, 0.8291349170232336, 0.6361805530953953, 0.4703866155739944, 0.8360382613741099, 0.8272855141033418, 0.8241224727229428, 0.9768315401833039, 0.9770583293319649, 0.7027482468315915, 0.6573249619538, 0.7671602667240315, 0.2801714245483899, 0.7507624104484103, 0.7791153947737578, 0.7557158234512641, 0.7746575065776635, 0.701238900822514, 0.7049849486456757, 0.6820572691689216, -0.2650759084739678, -0.40676001886203705, 0.5937064237512577, 0.8809409325526055, 0.9313869932359902, 0.9346800569790773, 0.9100033648157346, 0.802929016864766, 0.9030888629904259, 0.9250716582487944, 0.9253278853343432, 0.7483743966748403], [0.995000293935145, 0.9872397197128122, 0.9909354906349881, 0.9955625135772377, 0.9981916644010774, 0.9890931621969158, 0.9989581796102761, 0.9999977091161012, 0.9999895639432547, 0.9648350018075215, 0.9996170486779709, 0.9999976098095253, 0.9996686136677619, 1.0, 0.9999880480292551, 0.9985488656343591, 0.9991701753678058, 0.9998834364573248, 0.9998828587286442, 0.9999558613012669, 0.9999919696589934, 0.9907692384614133, 0.9740958353192061, 0.9938666414310666, 0.9937328683747924, 0.9804796493507024, 0.9724026418227174, 0.9374625823274529, 0.9922988516349581, 0.9949105838253572, 0.9916358024855674, 0.9672148887144363, 0.9994388753991129, 0.9994748024764607, 0.9996208797044716, 0.9996836100442043, 0.9986769285274509, 0.9993811739895655, 0.99915417594254, 0.9981075242219203, 0.9995070137581844, 0.9993689902377202, 0.9845170749887353, 0.937380622978334, 0.7344527658248633, 0.9386126882422872, 0.9218859239392131, 0.7859407841976652, 0.9602558289386723, 0.9352693123051572, 0.9608557452355366, 0.9536201732411825, 0.9493621063600318, 0.9803552721250177, 0.9767076210920292, 0.9306710038457037, 0.9444184775019674, 0.9579206701637205, 0.9620927079959306, 0.960422667126375, 0.9346394377213245, 0.8694063943579532, 0.9325397973047493, 0.944490771435378, 0.92347760055087, 0.8517155550854255, 0.9536910866654287, 0.9168641404583231, 0.9525177365396639, 0.9311596995136374, 0.6938458843703151, 0.8035644242405205, 0.7426646891656522, 0.8204385971489933, 0.8528944979973782, 0.8589189709900859, 0.8416239331359687, 0.8507399450572605, 0.20928163174547781, -0.5590501020799642, 0.9482432568911565, 0.9163546554696651, 0.9195567799572684, 0.9346267521602135, 0.9261491115119852, 0.9574274738322899, 0.9575064642570214, 0.908983356523307, 0.9504604356893851, 0.7897949372518392, 0.5742140993403562, 0.8985349018689542, 0.9274598134755531, 0.24330601893441814, 0.9116316216856869, 0.9350701006759095, 0.7956142466010874, 0.9668406743290249, 0.8354225528912296, 0.6429472637812449, 0.4748961433227769, 0.8445640555388997, 0.8322728601746847, 0.8321702402173945, 0.9749244534092284, 0.9751932897055174, 0.7110157828709031, 0.6619624647456468, 0.7879586957151735, 0.2798777295945488, 0.7602268860845398, 0.7898659573387891, 0.7873171359479478, 0.78506832869166, 0.7031940053327744, 0.714334353386424, 0.6911432899789427, -0.2589617091048552, -0.40217993183133366, 0.5938854976435268, 0.8825770583043889, 0.9295448170909328, 0.9387316822139657, 0.9104195094118446, 0.8101983807765244, 0.9093394353665212, 0.9316131293525952, 0.9313670059206721, 0.7533918358896053], [0.9951475474672143, 0.9873477532764151, 0.9908349553358711, 0.9956855163443805, 0.9982570255536168, 0.9891832039342531, 0.9987170016680418, 0.9999807179970911, 0.9999966940846096, 0.9643792233854009, 0.9996258101134531, 0.9999838340142851, 0.9996519461670822, 0.9999880480292551, 1.0, 0.9985466115247704, 0.9992042914360828, 0.9998798045171522, 0.9998798378407603, 0.9999556227975505, 0.9999764562443063, 0.9906678915542424, 0.9740845742639899, 0.9922517776840772, 0.9923086234652817, 0.9805841628207542, 0.9720938211062535, 0.9373960814559682, 0.9923464327204438, 0.994496953347856, 0.9914865586533095, 0.9671261026800375, 0.999482407196842, 0.9994629387852852, 0.9996119136695332, 0.9996735553646752, 0.9987012173618214, 0.9993898486451389, 0.9991880571605553, 0.9981646156550837, 0.999541581826175, 0.9994181975875452, 0.9842738627962734, 0.937307213802869, 0.7352536766801663, 0.9383617426215985, 0.9219193924528226, 0.7862838975645802, 0.9608755745409789, 0.9364000361741077, 0.9615407664776549, 0.9538701873438529, 0.9496108179790729, 0.9808628241460932, 0.9769211051559505, 0.9315173295206834, 0.9448666467818436, 0.958341217803185, 0.9622377890207267, 0.9608527926199506, 0.9360649110004109, 0.8695518182455497, 0.9320743646191254, 0.9448341223167794, 0.9242630282863251, 0.8516331722464292, 0.9540738015570692, 0.9175369382446882, 0.9530740034391402, 0.9321308906538492, 0.6935734548344138, 0.8031633455150619, 0.7437461599510752, 0.8199045554360629, 0.8528709618214098, 0.8583615392899704, 0.8421511353978214, 0.8511634995109311, 0.2087753143906153, -0.5585471427582388, 0.9482567960517486, 0.9165776931129986, 0.9197835985560072, 0.9379738950197176, 0.9267788203316165, 0.9575695821249146, 0.9577088429745934, 0.9093098304085149, 0.9508360190216186, 0.7897069957304926, 0.5728158646025753, 0.8980208945706254, 0.9270923769381494, 0.24202029044056583, 0.9111198196684797, 0.9345298546946319, 0.794692854210667, 0.9664198700588451, 0.8364419311766302, 0.6426874217058556, 0.47409001540623585, 0.8451177298034012, 0.832722997789239, 0.832946940057977, 0.9746654126300345, 0.9749630808923313, 0.709700891366043, 0.6597853734228146, 0.7891034110184828, 0.2781903058320391, 0.7605273222563147, 0.79030291275734, 0.7885978384245714, 0.7853339459557971, 0.7013732154072684, 0.7120672924078595, 0.688849344125389, -0.25799201802271243, -0.401315822735746, 0.5935669456554665, 0.8817517114094376, 0.9301642119793577, 0.9392588887559996, 0.909686483024865, 0.8103990452884156, 0.9103990224785347, 0.9322332420750212, 0.932108174417561, 0.7532997396854868], [0.9963566135615607, 0.9927372417068773, 0.9913865941349833, 0.9968916819372236, 0.9985120884281417, 0.9920096546106539, 0.9980429901075545, 0.9962522643070768, 0.9989358052833381, 0.9661970008174885, 0.9993429688827307, 0.9969194846476124, 0.9990478955088997, 0.9985488656343591, 0.9985466115247704, 1.0, 0.9988505598723549, 0.998927025273673, 0.9989248385135504, 0.9987519900340155, 0.9984359045378287, 0.9920717409183527, 0.9768261940540274, 0.9827725021112892, 0.9894137332453212, 0.9872163670283413, 0.9740794949363373, 0.9451403554485274, 0.9934658861464865, 0.9933040093373485, 0.9905943458616001, 0.9675310072416049, 0.9987789731245132, 0.998740952582309, 0.9989591624269563, 0.9985652653752447, 0.9993514967775227, 0.9988713531505641, 0.9989044788419207, 0.9979928215793593, 0.998652452272319, 0.9987295838701068, 0.9830309442473761, 0.930371200868506, 0.7417513015427786, 0.9308765993362212, 0.9246906131479603, 0.8048543753949816, 0.9644654150249382, 0.9407585207260211, 0.9657309050353886, 0.9543028529470011, 0.9487154004693132, 0.9816134878243156, 0.9766511751293958, 0.944570925703588, 0.9545334163218643, 0.9654381640336235, 0.9667549267483646, 0.9670583042069234, 0.9480198396450874, 0.8817298215503522, 0.9360784291976287, 0.949971764184317, 0.935578070520493, 0.8628613947018429, 0.9604386646171615, 0.9315161837771676, 0.9608414333671356, 0.9451891100708345, 0.7116986000564595, 0.8111463230801738, 0.7618876087914463, 0.8291704847349606, 0.8657491051870845, 0.8656868471592872, 0.85