var element=document.getElementById("correlationAdjClose");if(element.style.display!='none'){var correlationAdjClose={"data":[{"type":"heatmap","z":[[1.0,0.999995453539136,0.9876660088011211,0.999941990829046,0.9992405939329954,0.9813158206035286,0.9979110025467436,0.99667150437982,0.9721986971458674,0.9967632958537814,0.9950728132247858,0.9943401193280046,0.9967441686947544,0.9967085972566158,0.9979146057489634,0.9982993324009558,0.9983559119300741,0.9971201830045593,0.9971315395057367,0.997021397602615,0.9967269599358444,0.9892986077675229,0.9740191141444072,0.9918466447670552,0.9581048351250351,0.9910834307497061,0.9901904274411959,0.9708613760951207,0.955036416778688,0.9912817763555967,0.9931775311781337,0.9932665359972618,0.9814198829012831,0.9978312895465989,0.9978669275184261,0.9977564252289535,0.9968570341400798,0.9957931739793655,0.9977892825535175,0.9986427292097252,0.9986699553057173,0.997847512268013,0.9978566820175131,0.9784761263642808,0.9406421919726642,0.9614155178994684,0.9583789903762979,0.9568117494562899,0.9393826723584925,0.9668083016153063,0.9563580290857875,0.9687408348947086,0.9730491129784005,0.9618706077640747,0.9853111293124313,0.9839463411618132,0.991761990017169,0.9935562964743977,0.9891597197551308,0.9856498105232454,0.9886871500531366,0.9884813696285035,0.9892441181936343,0.9891747810200706,0.9516195339388639,0.9796675478354812,0.9766390830779685,0.9765033343418793,0.9324160882723609,0.9851313614796902,0.9816743260297557,0.9879207213928589,0.9873909651129904,0.9470056231990699,0.9116962675932553,0.886725160734398,0.9251948414548739,0.9391517445379945,0.9379456176598845,0.937583537523455,0.9366589027050206,0.7696866761088895,-0.49618264200879336,0.9822404272435773,0.9790317872486918,0.9767898433999916,0.9897081575906951,0.9747272880783967,0.9854052176003764,0.9854274015068848,0.9433193341860859,0.9864280583451946,0.9451110740578207,0.8341365302623359,0.9325105136329225,0.9439007537240703,0.8498888422706928,0.9612254440139609,0.9618012176345069,0.9044106084485047,0.9713599444116567,0.8933031837083406,0.5453281747529976,0.7389890675254098,0.9009706915020449,0.875458872496764,0.8926226571495773,0.97764198553231,0.9777644727104647,0.7943003871631245,0.7713222385259788,0.8234200013398298,0.5033619821995252,0.8123422421394291,0.8273948324947917,0.8224422139840283,0.8172420786821708,0.8092376443170848,0.7595691162195934,0.7457958666197586,-0.318508271457918,-0.4579286687971659,0.7828178919849248,0.8969383502473818,0.9275269186410572,0.9430847768742067,0.908451761088057,0.8425012950041949,0.9125740069143399,0.9220190045155479,0.9218461182273042,0.8631775584304606,-0.09577335971750434],[0.999995453539136,1.0,0.992194667813307,0.9998876687027642,0.9983861211256744,0.9895669106910883,0.9945206084784987,0.9928052292445833,0.9896946622033984,0.9928047947134013,0.992841155985257,0.9937906766813668,0.9928624550976558,0.9928398619704909,0.9946827799773881,0.9966154401349718,0.9960542351614201,0.9943077866479342,0.9943158849123575,0.9928325995807228,0.9928759756844932,0.9938929067647914,0.9812158362511587,0.9906788970578804,0.982753467553385,0.9907729884938081,0.9901750341427139,0.9828330180791034,0.9464483570687151,0.9900766796132653,0.9886662927561352,0.9853181766220848,0.9534601284735599,0.9954153277182916,0.9953950579948617,0.9956375780030204,0.993124102688189,0.9953188656759686,0.99565895615784,0.9968209646396186,0.9969984991025406,0.9956396091688723,0.9956515488574672,0.9926716550311715,0.9404818744270371,0.9233750889183653,0.9583527422809679,0.9568979162552002,0.939376303529375,0.91607912223261,0.9463787379688126,0.9175790963299044,0.9420810475473888,0.9162702000255362,0.9663119045084917,0.9663079925571184,0.9789390649056147,0.9857206666070503,0.9870909795758495,0.9880088997707009,0.9819126977495696,0.9858573288171443,0.982910858121632,0.9828251521921078,0.9495047438896237,0.9707080070326302,0.9399596661516934,0.9397846900447272,0.8802680045707532,0.9857284867977918,0.9866325412111044,0.9867776549438944,0.9864988909922962,0.9647149426783073,0.85273736787968,0.8295604987702904,0.8895529461635344,0.9327109989258242,0.903513204568444,0.9184517323957229,0.9177013905232546,0.8301780662278628,0.021377223204591185,0.9762769422792975,0.9778710613208419,0.976028553827849,0.9873919464303175,0.9719643730711555,0.9781181086296036,0.9776439862929885,0.9414666343699346,0.978972233164776,0.9424400989089475,0.7893251041809272,0.9323181584201785,0.9343243475068668,0.6675790725991261,0.8851223179100628,0.8882439040314526,0.7870790383549247,0.9702231174774307,0.7630726309067918,-0.34684000257515923,0.305552796511649,0.7870603072611153,0.7410985961727525,0.7801994526128961,0.9717081003522847,0.9717149958099717,0.28106490383212773,0.45233448698890244,0.28901158408822425,0.2600983428267809,0.28148459064956527,0.2930430273903333,0.29000629478846357,0.21021963097600968,0.6210680637198293,0.3570825113479834,0.30766476263425296,-0.4424060122069893,-0.49343492681765,0.7830564890755499,0.7927594302759173,0.8125094016113158,0.8788224336133494,0.8440562133915956,0.6748854720724853,0.81917145502975,0.8093546263100875,0.8085242000447375,0.506562104402196,0.29398738035942223],[0.9876660088011211,0.992194667813307,1.0,0.9887917079357502,0.9937929422686024,0.9909428500107984,0.9892177626127613,0.9900911242371825,0.9915381361422635,0.992668271192689,0.9965552822252127,0.995925444280007,0.9899267418554277,0.9901387105460527,0.989746572453858,0.9910220775698967,0.9900039543434762,0.9887815952692933,0.9887522196352938,0.9915936282174778,0.9899659104159367,0.9957651922683695,0.9865414930449415,0.9918597278846684,0.9806541463941592,0.9925062650904005,0.9903682935876398,0.98755788683965,0.963506572379997,0.9679802553500922,0.9725051407631146,0.9781558293077735,0.9616296623872953,0.9867221724312741,0.9899200567018205,0.9882962453025841,0.9916844499487871,0.9950256965385945,0.9908147221908237,0.9850711425162848,0.9882016375407535,0.9871712742190203,0.9865680137855555,0.9929902739518248,0.9371088375075474,0.9482319220788958,0.9632703231783715,0.9505675706464403,0.9102212566351688,0.9261872999082144,0.9155902127560296,0.9291800611271063,0.9421023995026142,0.9248502278241136,0.9524035729298768,0.9634289741391837,0.9700369284030451,0.9758667863568553,0.9504538258624726,0.9733769359004575,0.9719702985647314,0.9775423806208872,0.9721653301871884,0.9507867050297305,0.9335304988689409,0.9601468879920836,0.9509226685865577,0.9357178833574517,0.9060277438197998,0.9780583393208702,0.9596576570784259,0.9706516454053129,0.9518540870971978,0.8702875581029512,0.887896137333664,0.8140124760042576,0.9018258897132243,0.9188199986243961,0.9215467835005692,0.8901370737348078,0.9040105029767308,0.5226514174835426,-0.4748482824815313,0.969693583486814,0.9605681915482475,0.9598226065306807,0.9503376625858896,0.9644322336804473,0.9718469203469938,0.9716053487615757,0.9402456125004975,0.9682022627666172,0.9049298351790189,0.8216336132516648,0.961385603824845,0.9617054736567993,0.8370098716783185,0.9500348532487118,0.951338890773727,0.8780623546313187,0.9807147874862309,0.7739705474050855,0.45098451708322423,0.6869083662605626,0.7985320167438792,0.8045575220515987,0.7793334239554034,0.9820666159647027,0.9820379601842777,0.7301073022403479,0.7261782665001448,0.7091850059216197,0.46012571544820174,0.7176075629936013,0.7177014337982568,0.7211334266410555,0.7191947770655069,0.7774316035245389,0.7011466283511795,0.6866351235369031,-0.3701796723083886,-0.509456997700691,0.7592390342113939,0.8633829097596033,0.8744244976648404,0.8916357533384585,0.8836896180505851,0.7831910298789659,0.8610485488179787,0.866145282919839,0.8716444383136837,0.7465483029460185,-0.020783206621110318],[0.999941990829046,0.9998876687027642,0.9887917079357502,1.0,0.9994309800560482,0.9822992925990378,0.9980829815567797,0.9969924109208412,0.9740214622239554,0.9971305467813488,0.9956591678256197,0.9950723807200056,0.9970497894963348,0.9970290649927611,0.9981152262116735,0.9985645501195068,0.9985522563319128,0.9973962837675724,0.9974049662597249,0.9973309195359875,0.9970359953557152,0.9902941711677267,0.9752091393568247,0.9926346315257922,0.9602464295465938,0.9919597468840724,0.9914738008746213,0.972538808553081,0.9560656790954165,0.9906505862793414,0.9926996611026334,0.9931877847545043,0.9810897660760834,0.9978665789057255,0.9980176211683696,0.997914702134083,0.9972106959623324,0.9962088418087569,0.9979722889922957,0.9985314204035372,0.9987224185672512,0.9978808344099726,0.9978871944484935,0.9799944817689319,0.9380928211746434,0.9597444600181076,0.9579864468260851,0.9549307710115267,0.9349542536361348,0.9642361586512965,0.9534894594939514,0.9660964054083446,0.9710717064820165,0.9595784974100064,0.9834659276118065,0.9827249890588771,0.990996303163498,0.9933144213096656,0.9880713889095942,0.9847570493557316,0.9877868577161859,0.9880121345741429,0.9882795872516049,0.9882058023420764,0.9451636491061378,0.9787083465701604,0.9756475055590169,0.9755099770062801,0.9292173629496026,0.9847553835078597,0.9795317385705675,0.9868263439916988,0.9862713571597826,0.9327986409880215,0.9106819497560017,0.8840237056276895,0.9239591452051502,0.9370459904450493,0.9376260266977615,0.9357468582635923,0.9348560614549033,0.6984880537370658,-0.4955310697396728,0.9816092613941123,0.9780775859069311,0.975641013873633,0.9886243403404528,0.9742746991241948,0.9848658639721246,0.9848884373819247,0.943109980509275,0.9853850305871329,0.9353128655979227,0.8368783715922384,0.936303653644143,0.9470806543929053,0.8512020060571831,0.962225687820768,0.9628246077570967,0.9040031712674781,0.9723145182328609,0.8873970528305709,0.5418248936087023,0.7373919898785037,0.8956723635068345,0.8717983894721117,0.8870549936126223,0.9782953969561978,0.9784215510138858,0.7932016332000251,0.7714778198277301,0.8156733137165616,0.504705129690483,0.8064227586935094,0.819383534812962,0.8143637602140146,0.8118625117929966,0.8111091906575401,0.7594741822581519,0.7457621540177143,-0.3139348960275842,-0.4572183780996076,0.7816707762074872,0.8954879169481037,0.9257452840260856,0.9413508441501244,0.9075474161383108,0.8400714073227954,0.9106722327004951,0.9198639909998891,0.9198402346473017,0.8567559952995907,-0.08907850481067824],[0.9992405939329954,0.9983861211256744,0.9937929422686024,0.9994309800560482,1.0,0.984057518258675,0.99900066156553,0.9986673661323042,0.9841047310120764,0.9986651648999288,0.9983488520097263,0.9982777312966054,0.998674398930491,0.9986960140116602,0.9991461730087515,0.9989771934517955,0.9992773886064317,0.9988894981676824,0.9988899149196895,0.9987232983708276,0.9986799789139681,0.9949723093382802,0.9814267287609891,0.9957181463121386,0.9741554566256384,0.9957229297846335,0.9934404406482387,0.9827347621693481,0.9580791046597088,0.9890661771724868,0.9917934261837231,0.9911265427308757,0.9750104355811077,0.998851066331063,0.9989256182266691,0.9989743037251426,0.998798321258509,0.9987415042293306,0.9989336553666147,0.9990021681401448,0.9992082204922735,0.9988931879581154,0.9988936083284864,0.9877844588735226,0.9452334182785989,0.9591171754308359,0.96118731491678,0.9524746943284108,0.9301084209999315,0.9564304256088505,0.9528875930309847,0.9603958194650327,0.9665285039661115,0.9555515619654098,0.9828554612966249,0.9828110705063317,0.9916766738013965,0.9934252648129287,0.9845736910562535,0.9790095003674786,0.981878406090395,0.9844594879054925,0.9823765513639725,0.9822661374838627,0.9415261225955829,0.9714303565925924,0.9598004717552274,0.9596158605012753,0.9035502117475288,0.9819981933910097,0.9783731107272828,0.9834187116299504,0.982759114556936,0.9447815081674349,0.8947597400115157,0.8678113526177638,0.9112703437004784,0.9415555010823499,0.9304053602006378,0.9355092353592752,0.9348438904473741,0.8152711745992456,-0.4678649333832663,0.9758824145835124,0.9684219693975554,0.9670467756762092,0.9852793697667075,0.9650702359810313,0.9789901563434215,0.9787708199157071,0.9350604706170532,0.9798565682098033,0.9359110818191699,0.8286709351612039,0.9480821179483088,0.9636408022308247,0.8248444280625303,0.9532547209291647,0.9543259653574283,0.9007364839941919,0.9764977802494704,0.8952497746309246,0.37769069842548014,0.6910518038052867,0.9012455469904215,0.8612301823244433,0.8980093931107836,0.9817438558144126,0.9818434594323059,0.7655713133410584,0.7591141617334489,0.7692232729844447,0.4865240546557262,0.734805840462625,0.7728654963747544,0.7692245349420959,0.7361565440501717,0.8018984662751528,0.7488556338359336,0.734282447457026,-0.5018900845112065,-0.5845816459823754,0.7747268658730871,0.8929845029621255,0.9180156327155216,0.9420779614568261,0.9081557549054398,0.8296260032663061,0.9097144444485499,0.9138181240162209,0.9134026944732275,0.8062693374976276,0.12124803887705628],[0.9813158206035286,0.9895669106910883,0.9909428500107984,0.9822992925990378,0.984057518258675,1.0,0.9767158992632096,0.9784622348978015,0.9944109597186294,0.9780391503207426,0.9752171582830402,0.9751380889792385,0.9782378958300169,0.9785237826077737,0.9782659692061841,0.9825196764053881,0.9789977318822398,0.9786948305046693,0.9786601837972072,0.9774229750983674,0.978362070317291,0.9930444694962912,0.9943163130153785,0.9823854264720223,0.9895595167406844,0.9830650358947242,0.9803892629067971,0.9895835498165655,0.9777147327934221,0.9521289019102893,0.9588844441292015,0.9712369802593757,0.9657628729326639,0.9764312805442463,0.9771127158985797,0.9779531842000144,0.9792707844433246,0.9762635492006239,0.9777180832447566,0.9760823962866,0.9780848930662193,0.9768369412627953,0.9768110534242642,0.996506913026332,0.9061055411584866,0.9388426576641334,0.9509859989362668,0.9581635217017254,0.9243760983368877,0.9176982516590887,0.914808933039294,0.9210067690159036,0.9430162044245514,0.9204208661243612,0.9456952871932734,0.9533356219833342,0.9594752701280316,0.9615526056382103,0.9740914660150181,0.9901425639861626,0.978607977055781,0.9868678119765819,0.9781507823820993,0.9777184055360365,0.9800550768007389,0.9777726822630838,0.9631962890221291,0.9628425817773167,0.955470773296167,0.9851828360289555,0.9787186664071021,0.9742335736119302,0.9733122242217073,0.9738348858633599,0.9279941487857218,0.892276548596466,0.9402000601635273,0.9362636120174903,0.9454456147600824,0.9272758334065673,0.9255403545780654,0.8136069677293872,-0.4192917397856521,0.9866180750471512,0.9890091017391908,0.9859718009814911,0.9748173068038112,0.9813217775256373,0.984960434162451,0.9846369046078449,0.9748784006625736,0.9757392550084569,0.974573020107652,0.8345103661827583,0.9115309210848582,0.9624659582150854,0.8662679843949468,0.9469140003128345,0.9477637982421239,0.8601926037564108,0.9559547375176305,0.8219912127310192,0.44964634050230345,0.6943039326918566,0.8323072037907876,0.8147328803344772,0.8226382547020843,0.9545882157724648,0.954527322153929,0.739092648927833,0.7418475477645132,0.7410745473372693,0.5052345157229725,0.745523457690715,0.7459007187564451,0.7396507779274245,0.7401515650655048,0.7836965123436007,0.7099874522231108,0.6994416829152575,-0.3381372231521183,-0.4661006320012653,0.791978495812194,0.8532492634214317,0.8556236740215798,0.8823900368967375,0.8596265057307819,0.7950288310670643,0.8462199137391524,0.8493695212372482,0.8493072404847672,0.7993367017422958,-0.038806247253486095],[0.9979110025467436,0.9945206084784987,0.9892177626127613,0.9980829815567797,0.99900066156553,0.9767158992632096,1.0,0.9978338465770852,0.9559403191792489,0.9996719859084735,0.9996591269320352,0.9996936668315094,0.9986459470752621,0.9993095705273065,0.9998963162360494,0.9970939537350076,0.9999066980252375,0.9994803303879359,0.9994851585847925,0.9997579107198371,0.9994307120872812,0.9903297499555875,0.9734113847265389,0.98699925107665,0.9250703608820054,0.9940408199418613,0.9934192527333789,0.9724231971378237,0.9497572667423766,0.9914460242213694,0.9922541500988988,0.9944228216981217,0.9787784012191265,0.9991567503676353,0.9998768483600137,0.9997587924154355,0.999533470072654,0.9998130887514366,0.9998653629762003,0.9987427087448362,0.9997700787196038,0.9994848380437104,0.9991938854465227,0.9781667895351994,0.9502680952574171,0.9607623658545816,0.9624194825458083,0.9507584391394855,0.9275719242606711,0.9613612984380868,0.9530937475244,0.9637654017579327,0.9686817411820438,0.9596145875073917,0.9835117687181865,0.9841425307323085,0.9929806171736257,0.9962952631631309,0.9583824654946056,0.9670744835224157,0.9747894249092253,0.976313623815806,0.9762003617797804,0.9583964437884483,0.9053078432531156,0.962286861724729,0.9634712078353612,0.950167016824545,0.8868594439890635,0.9729304289504629,0.9518059479692951,0.9735495076691536,0.9587027304676576,0.8270955418758973,0.8850437450032616,0.824222070085404,0.8977042907597143,0.9143526525298066,0.9183947773189802,0.9006773933530169,0.911023117668457,0.4653564371899274,-0.533214123900263,0.9662658488043222,0.9547519575787096,0.9543713105715499,0.9595581655008376,0.9600083127267908,0.9719906254498404,0.9721008752289325,0.9218798794041775,0.9711672615786733,0.8706955700003576,0.8225152540724802,0.9487981466029167,0.9445752248579009,0.8372294135603816,0.9599960364192027,0.9607065031079519,0.9057315529315266,0.9763891096114437,0.833470996759131,0.5431085309910909,0.7337174104223227,0.8589319224887914,0.8561422629582626,0.8403695994789964,0.9825494668785769,0.9827090226510663,0.7882612147398089,0.7575995510297135,0.7822538670618695,0.4801576119668154,0.7881805165905736,0.7972864947427661,0.7865732840898416,0.7974546875770526,0.8004855909175604,0.7564376574853949,0.7408683586068816,-0.3242167568215149,-0.4756951632595005,0.7822249000753255,0.8985848877983316,0.9211003567333867,0.944018986768275,0.915567657776948,0.8428715974069607,0.9125335450188343,0.9265506932834966,0.9247912926775859,0.7898438917140089,-0.06540263327001893],[0.99667150437982,0.9928052292445833,0.9900911242371825,0.9969924109208412,0.9986673661323042,0.9784622348978015,0.9978338465770852,1.0,0.9661126306893251,0.9999998495075216,0.9999994264031716,0.9998136489751166,0.999997147057694,0.9999984041481966,0.9994272716431303,0.9926918275546642,0.9995489482681321,0.9999203592333101,0.9999200551316481,0.9999701750912319,0.9999988933012317,0.9910252172378052,0.9754177719050732,0.9933961580736643,0.938775282415411,0.9945501093848551,0.9921893981069618,0.9747151352541996,0.950000522619209,0.9878796272759343,0.9937851774937314,0.9932081879306048,0.9763975926770325,0.9995156973340491,0.999634984508117,0.9997227699192528,0.9997770120912681,0.9994140336631325,0.9995881303651912,0.9984717336857636,0.9990308793609018,0.9995911349022045,0.9994722179935982,0.980025954903468,0.9502510243419355,0.9588147348251705,0.9651117288723496,0.950700961353356,0.9206494418071481,0.9596560543793407,0.949172895788031,0.9617726496836113,0.9642063232977229,0.9545463769237169,0.981639491407273,0.981702854843337,0.9920891983078448,0.9965292046519391,0.9545716052697627,0.9647105763382999,0.9706491882535089,0.9744691667847585,0.9723518839729307,0.9572364110118547,0.9018736596579137,0.9593242262989505,0.9590560799776854,0.9463558363344486,0.8805413981676987,0.9712625443557494,0.9473400938883727,0.9696300696585802,0.9551492575291558,0.8189345226343432,0.8805832622024536,0.8211860874186699,0.8929831136501676,0.9095577954960253,0.9157529046011675,0.8975242433070054,0.9062175984720444,0.4524199284320989,-0.5352310368218468,0.9638255527525655,0.9513849063573847,0.950924058696742,0.9580571940436118,0.957722356119943,0.9696640879807373,0.9697758905522631,0.9201215797445861,0.9666570130796518,0.8647282032402406,0.8205600807164186,0.958418908788777,0.9535656483573418,0.8354728809806907,0.9600331466748243,0.9608671832659281,0.9033113849900314,0.9795835735935527,0.8353952976812286,0.5288421384618133,0.7258089144538733,0.8591081112821805,0.8528090353341273,0.8416027811944256,0.9844826099484676,0.9846393350787349,0.7801941490440812,0.7512859982299757,0.7827156305005305,0.47018502320145206,0.7831368027390143,0.7925166147562888,0.7862119421718667,0.7918411055872269,0.795391064533471,0.7512624473586235,0.7352294885361389,-0.3383343576854742,-0.488630234324336,0.7737343602433914,0.8921622095154333,0.9183355186549884,0.9370850958593174,0.9105540420136408,0.8335404045987607,0.9064749375703877,0.9204704145361514,0.9189097668159915,0.7730305247364346,-0.04912152495878172],[0.9721986971458674,0.9896946622033984,0.9915381361422635,0.9740214622239554,0.9841047310120764,0.9944109597186294,0.9559403191792489,0.9661126306893251,1.0,0.981204339875369,0.9862387958070398,0.988933095508343,0.9696625292882075,0.974503320773501,0.9729267231218702,0.9510637287950922,0.9778028744257732,0.9751226309737019,0.9750745758085674,0.9796961274170249,0.974338666829427,0.9939028514368439,0.9944778073620283,0.9801744768411759,0.9904285356180726,0.9835104038963174,0.9931357677537518,0.992173145719975,0.9735451324651115,0.9245088158772449,0.9461118477346523,0.9655269136820502,0.9560715646368105,0.9689689058818854,0.9776996716819235,0.9741585495614075,0.9764228023964059,0.9880744321434504,0.979076909590227,0.9659406294197337,0.9755747707818571,0.9699450670801867,0.9689605435746451,0.999182292880227,0.9215480281032011,0.9346935384573559,0.9647547034359845,0.9565614315360018,0.9096581870053416,0.8901446432527189,0.8933469580605122,0.8944800123105868,0.9274782595043857,0.9051633687598218,0.9298150587906512,0.9483407783013328,0.9522455561548463,0.9572827315148948,0.9162578702519291,0.975763591028375,0.9574100802926374,0.9733460745745833,0.9572751860864404,0.9178413221864749,0.934370765174402,0.9573158412101664,0.9353854274190523,0.90387459374685,0.9062614457692223,0.9743636094448616,0.9332497735923128,0.9520794538654963,0.917952275045071,0.8662836707906848,0.8904684806262421,0.7822749553235436,0.9048516303036426,0.9054462180868104,0.9181225702444754,0.8694774993814107,0.8876041243727851,0.5135305059784285,-0.44789844097476383,0.9680177526673609,0.9655924701522943,0.9632146215556296,0.913835531990436,0.9603744734886553,0.9660291491165394,0.9656118420197733,0.9498030862564326,0.9530812487682846,0.9038931963122472,0.8250075222648179,0.9478622432318089,0.9665210303636972,0.8462399334113716,0.9416241318136127,0.9429100918725366,0.8533110592028089,0.9663107876804106,0.7373858937315061,0.4091166628568008,0.6662248548976346,0.7718470747940414,0.77837078089361,0.7500622038540755,0.9653236939053361,0.9652425317544461,0.7087358624464005,0.7142766105472759,0.6718032223541847,0.46659834243108533,0.6963745333067956,0.6920215469021054,0.669561532878674,0.6939925806966788,0.7674963239327808,0.6904954799060657,0.6774617951867576,-0.37409130188023515,-0.5088674012804879,0.7883799353869699,0.8457893085752156,0.8254389296211412,0.8648580200381404,0.860893796096594,0.7734376609920441,0.8166582607969518,0.832737015665934,0.825985988837826,0.7178132545626495,0.0194159232777388],[0.9967632958537814,0.9928047947134013,0.992668271192689,0.9971305467813488,0.9986651648999288,0.9780391503207426,0.9996719859084735,0.9999998495075216,0.981204339875369,1.0,0.9999992323564225,0.9998176290605907,0.9999985394158556,0.9999979345284337,0.9997314583099992,0.9980982989645589,0.9995507830544387,0.9999019448594935,0.9999018880547825,0.9999809788053208,0.9999994277638914,0.9935101218045643,0.9774176452256467,0.9964899505770088,0.9689995132115438,0.9965067296123826,0.992197881626849,0.979042861430135,0.9515899792215876,0.9900977555085981,0.9939279744546318,0.9912331204758683,0.9737674577797519,0.9995710507574139,0.9996321021556265,0.9996481497723236,0.9998588768183597,0.9994232110660594,0.999594810293792,0.9987222449793818,0.9990758949930896,0.9995831755416074,0.9995792454093905,0.9845943755018023,0.9502952544071758,0.9588364396511849,0.9651021554732216,0.9507049253146684,0.9207237916925475,0.9545865409983267,0.9474926629774911,0.9580286965453483,0.9629035212628957,0.9533480929821957,0.9817997335190379,0.9817332452612078,0.99279467131448,0.9963921778458551,0.9758945804966028,0.9646795870719997,0.9729825064878315,0.9744509423049788,0.9736560593398388,0.973516742653581,0.9294139043447218,0.9593173287047994,0.9511340388482642,0.9509434724970578,0.892371885792834,0.971236472455368,0.969568761403517,0.9748960529261481,0.9740638610215088,0.9317917117886091,0.8805793598546349,0.8485906794223792,0.8929784780781825,0.9262556329674263,0.9169171872185906,0.9212296239117997,0.9206025975090301,0.7757878765292359,-0.5215789900063209,0.963807658088727,0.9513503336144856,0.9509027520606421,0.9767574055185159,0.9535015898805775,0.9694587414085128,0.9692264529390093,0.9208763960486591,0.9704997296713268,0.9219416927674045,0.8205544075720301,0.9583277914505424,0.9638443379151046,0.8238045801341201,0.9552122282242134,0.9562354972690575,0.9033861635848602,0.9789678164449311,0.9034911814266473,0.42226942788290456,0.7073171405468042,0.9093771260450343,0.8692283037384949,0.9059753643712474,0.9844755869935186,0.9846325275391778,0.7802657638956002,0.7513703161305725,0.7834534555825795,0.47027483136587633,0.7498332586592635,0.7875243195865675,0.7833496889142338,0.7533837462914106,0.795440075731911,0.7513576012673405,0.7353251421457417,-0.5444586959935498,-0.6271823558553381,0.7738484030304142,0.8922633250212764,0.9213939171413177,0.9438960070758566,0.9106508692752819,0.8315259190633458,0.9098807792773158,0.9165582603213919,0.9160943314067304,0.8170971466283805,0.17761753638622277],[0.9950728132247858,0.992841155985257,0.9965552822252127,0.9956591678256197,0.9983488520097263,0.9752171582830402,0.9996591269320352,0.9999994264031716,0.9862387958070398,0.9999992323564225,1.0,0.9998161644144339,0.9999965707844648,0.9999982664705961,0.9997189475435182,0.9979386947614463,0.9993593340706012,0.9998252536187532,0.999825355984342,0.9999984889339713,0.9999986114292425,0.993296502932545,0.9752324644531797,0.9958449361953491,0.9769953160185654,0.9962849971215751,0.9922109047589494,0.9815897588108021,0.947393672082126,0.9902262335396925,0.9939566191398825,0.9864561003697004,0.9545168154128553,0.9994198883477893,0.9994664179061297,0.9994207100288615,0.9999149761981961,0.9994112443886757,0.9994290463645269,0.9983257015439752,0.9987787330949559,0.9994033975383557,0.9994014750476653,0.9874380760513376,0.9500852455490516,0.9341634900375819,0.9650770287874363,0.9506624396017934,0.9205397235208035,0.9330614183528854,0.9257053415970405,0.9365904141224064,0.9431874635078794,0.9318486986239192,0.9767374889764153,0.9767194021956472,0.9920831903370427,0.9951749434396334,0.969717546357716,0.9648187138610851,0.9621588948193882,0.9674040432398688,0.9631266064529664,0.9629240344040572,0.9118790241899495,0.9505862456303973,0.9179739156571725,0.9175863390924877,0.8390246549760767,0.970137494776519,0.9744657461898713,0.9716269048791897,0.970632336577798,0.9289633832910548,0.8354105026320238,0.8084915633551062,0.8675783607674387,0.9134508473574597,0.8894847234636485,0.9014211893384615,0.9004189448556026,0.7861183750335006,-0.27435039363912467,0.9541495416971149,0.9515153716763866,0.9510353407442451,0.9705962299395601,0.9425977215818491,0.9562260340939902,0.9557067904303033,0.9019906956471675,0.9581471782733477,0.9046640626063955,0.820703892074909,0.958561272158284,0.9684853904092047,0.745163811917574,0.9241950421430315,0.9263500268488825,0.8651204632759202,0.9859430938163001,0.8535609784293507,0.07137469273785052,0.5716820424639575,0.8650018812377864,0.8372185013345227,0.8606243682729573,0.9867155235312142,0.9867041032405981,0.5737356406365736,0.678792763465082,0.580773271143494,0.47023588162162827,0.5527702968931765,0.5890659471596161,0.5809368578873929,0.5213563030192836,0.7866861840867312,0.6408009993221281,0.6048429365319321,-0.5029329098106865,-0.5633872818188081,0.7734588719222455,0.8758915240761446,0.8867156221183976,0.9232023777146995,0.905414396315491,0.7356339041505505,0.8754030252873548,0.8824710645436696,0.881928630252088,0.6611689501349881,0.14043979645134896],[0.9943401193280046,0.9937906766813668,0.995925444280007,0.9950723807200056,0.9982777312966054,0.9751380889792385,0.9996936668315094,0.9998136489751166,0.988933095508343,0.9998176290605907,0.9998161644144339,1.0,0.9998284032209673,0.9998208858428869,0.9997068222178486,0.99852134087068,0.9995205134097003,0.9999764166844888,0.9999762743835414,0.9998208176094967,0.9998248441126513,0.9932026989653966,0.9739165461813352,0.9947173106003683,0.9773403390457621,0.9952842223102556,0.9938297751339009,0.9780017679750417,0.9334267017343987,0.9930493743717529,0.9952738435074687,0.9832139115024598,0.9413515238441443,0.9995470996495883,0.999582259946617,0.9995455454150367,0.9996801304517955,0.999689651284979,0.9995571981862508,0.998252176250065,0.9988044107318875,0.9995302497267072,0.9995272190024445,0.9889937057705079,0.9466737995897322,0.9261835860732966,0.9624811948018996,0.9488182545893931,0.9202663495889885,0.9087184549519856,0.9375877576190402,0.9113516167837306,0.9277244310697221,0.9075257448492792,0.9679265831334316,0.9679176686751476,0.9853435349751521,0.9952276204611876,0.9695343938533257,0.9693572269416354,0.9587857276382732,0.9663722501009255,0.9606100301315884,0.9604503797212622,0.9152019441430497,0.9435578193372293,0.9045678907027263,0.9043244997616755,0.8318893314473221,0.9703281653608209,0.9719180805728126,0.9718948000677995,0.9712928659755214,0.9374424785234927,0.8058559441896314,0.7793633877096683,0.8465200099440358,0.8997446488868422,0.867095935078766,0.8841090544580137,0.8834900885871938,0.7805896924150391,-0.10160474811010653,0.9500175960198187,0.952895646616842,0.9496915834021022,0.9700406441891907,0.9438728284438695,0.9526615072893223,0.9519812035559895,0.9040787879774421,0.9541050835885694,0.9056935245990383,0.7877363921070643,0.9567037642680842,0.9525627773472818,0.6554944965716891,0.8846329762170099,0.8881277767774682,0.7820840806631648,0.9811267944544528,0.7601938423956596,-0.28801650177446425,0.33514296311307784,0.7819789176783697,0.7410854854960975,0.7759724246104857,0.9822131101191046,0.9822761299204305,0.30577810989557763,0.4634275880341697,0.3121642071646632,0.2838645433916936,0.3038479185841398,0.3173754364425176,0.3148955085102353,0.2324706620791254,0.6310118661409387,0.3725262584033926,0.3217703595342035,-0.5067391636097784,-0.556769136564526,0.772778132175011,0.7947197179859905,0.814688773930005,0.8790288026084578,0.850954726726081,0.6614188873180837,0.8143155010607414,0.8113101337646164,0.8104977413647755,0.5066474178332195,0.3222789573702044],[0.9967441686947544,0.9928624550976558,0.9899267418554277,0.9970497894963348,0.998674398930491,0.9782378958300169,0.9986459470752621,0.999997147057694,0.9696625292882075,0.9999985394158556,0.9999965707844648,0.9998284032209673,1.0,0.999997741712556,0.999466206390163,0.9941595666299478,0.9995820515681973,0.9999295874863549,0.9999294200885103,0.9999766517891565,0.9999990123643664,0.9908875431481502,0.9751900896409736,0.9940380117994891,0.9435859330346648,0.9944893200554563,0.9922663740226476,0.9744799766995744,0.9498667066174106,0.9887959422983272,0.9938816488498996,0.9932831209828569,0.9764955786518545,0.9995574921812851,0.9996703005757562,0.9997497483205555,0.9997736167682107,0.9994571687720112,0.9996234159436223,0.998549665319552,0.9990868819467786,0.999631711756995,0.9995139255291013,0.9797542130384983,0.9504352896406401,0.9589263152932662,0.9650210643702126,0.950691301998251,0.9210462784500921,0.9599989720191816,0.9495271758910104,0.962115007393142,0.964472797788855,0.9548941893422324,0.9818838961696841,0.9818697596005068,0.9922137500252771,0.9966250790684046,0.9547760723404473,0.9646691016663173,0.9707452427451675,0.9744638397790273,0.9724485470478194,0.9573870118369341,0.9016893194915666,0.9593806666795597,0.9592320257448713,0.9466059477874671,0.8804854982557951,0.971227801962189,0.9474247093396426,0.9697295585623067,0.9553412085721039,0.8187464109992106,0.8806671357684247,0.8215046211145423,0.8930687231146529,0.9096758555575839,0.915792383388565,0.8977607935494697,0.9064339258711972,0.45238182807093347,-0.5354565271929064,0.9638282898169315,0.9513904938330625,0.9509318262314074,0.9582259928783728,0.9577079282390398,0.9696887109832925,0.9698018657166767,0.9199691277362724,0.9667715168183381,0.8645746119416776,0.8205785409877654,0.9579857011772175,0.9531003637609028,0.8354206085070062,0.960026039724497,0.9608531964355158,0.9036575231747411,0.9794689810775236,0.8359226042792897,0.5299886299795833,0.7264317823614768,0.859614278885691,0.8533480449677078,0.8421178594910496,0.9844419430804965,0.9845993215479246,0.7807896850967462,0.7517398392855186,0.7833590523008245,0.47069858145188564,0.7837982748429135,0.793224196709104,0.7868736296257756,0.792557470859078,0.7957023423061469,0.7517146275983351,0.7356910876800511,-0.337475741244052,-0.48788695266068094,0.7739724356208386,0.8926488089717781,0.9188397554584745,0.9376051481528177,0.9110150869506239,0.8340586808460961,0.9070557796451668,0.9210690634958044,0.9195039071255794,0.7736831925104699,-0.05017282598031873],[0.9967085972566158,0.9928398619704909,0.9901387105460527,0.9970290649927611,0.9986960140116602,0.9785237826077737,0.9993095705273065,0.9999984041481966,0.974503320773501,0.9999979345284337,0.9999982664705961,0.9998208858428869,0.999997741712556,1.0,0.9995453930935689,0.9974850129096993,0.9995619189048554,0.9999225679360048,0.9999219447604057,0.9999708570344329,0.9999977990755394,0.9910659455427159,0.9754766845981514,0.9955838602288831,0.9555463963823069,0.9953263314693442,0.9922263458485134,0.9747655299898808,0.9501467561264799,0.9912665135477017,0.9941218148106019,0.9931635613320238,0.976324316477322,0.9995251416734797,0.9996350385726558,0.9997283957082379,0.9997897869998899,0.9994326286056668,0.9995850517563407,0.9984927749419504,0.9990438664163295,0.9995991627614738,0.9994824340312931,0.9800270157116536,0.9502902909616251,0.9588316927190383,0.9650547059590306,0.9506849298108707,0.9208079321005116,0.959721389957977,0.9492818746843422,0.9618650657144938,0.9641655994486823,0.9544715914272734,0.9816568271522548,0.9816522232682444,0.9920630642014971,0.9964954675610264,0.9548149340414193,0.964733155973343,0.9707856712413138,0.9745457217195478,0.9724769465783888,0.9570822388710822,0.9020429220193075,0.9592695820021935,0.9591131257763057,0.9465259982464758,0.8806522912428921,0.971379126609112,0.9476217432778027,0.9697973276301806,0.9554047667855947,0.8192137060519612,0.8806140492027424,0.8214039541322294,0.8930471288463814,0.9097001477918222,0.9157723322977309,0.8976534279155772,0.9063597022562246,0.4527331424508703,-0.534939514194651,0.9639123247349172,0.9514204829762004,0.9509662847108542,0.9571913738852671,0.9578697816649666,0.9697427728593181,0.9698518667895537,0.9202917570342773,0.966794725546768,0.8649380956822176,0.8205643922494026,0.958214933448466,0.9534906322678606,0.8354929821045496,0.9599760913944705,0.960813469168439,0.903142578557725,0.9795958516091453,0.8354146400497461,0.5286601495072414,0.7257009325144119,0.859107284942327,0.852910136848126,0.841618572223026,0.9845096913220768,0.9846638281583177,0.7798444200508995,0.7509980772569319,0.782689410738791,0.4703803379600437,0.7831100667808256,0.792436762327834,0.7863481773940787,0.7917445230178076,0.7953260688788699,0.7506070795663013,0.734605313861357,-0.33816650358996797,-0.48845894035593784,0.7738248721000716,0.8920795984716038,0.9184407155377377,0.9371125740736566,0.9105948148623753,0.8333566441654153,0.9066484524306554,0.9204918846442052,0.9190404686394178,0.7731064968250938,-0.049359865178703645],[0.9979146057489634,0.9946827799773881,0.989746572453858,0.9981152262116735,0.9991461730087515,0.9782659692061841,0.9998963162360494,0.9994272716431303,0.9729267231218702,0.9997314583099992,0.9997189475435182,0.9997068222178486,0.999466206390163,0.9995453930935689,1.0,0.9986300041760765,0.9998739645418876,0.9996159418643595,0.9996197532961923,0.999801325907128,0.9996078028421634,0.9908602670848548,0.9747423233567406,0.9944907175361763,0.9496939828643718,0.9941269549141905,0.993697830065388,0.973505940141866,0.9510317623576953,0.9915215873501393,0.9926509920140609,0.9939150175009271,0.9781622638275747,0.9993395510648236,0.9997546762026405,0.9997562556378424,0.9996357372031286,0.9996883670982623,0.9997229164998656,0.9989822844583669,0.9996521921794058,0.999559133736204,0.9993475414025362,0.979010969808248,0.9494442317354809,0.960685653026888,0.9639256946827282,0.9522906064544544,0.9263125342343289,0.9614804919251438,0.9531940258396568,0.9638794529078085,0.9676983956293733,0.958033266691393,0.9833277419757249,0.9832918568394199,0.9928553755772453,0.9960315616690165,0.9587815998335871,0.9681346748317329,0.9749352973651223,0.9769414509913014,0.9763997492292302,0.9595627631576548,0.9065308379178734,0.9625264296298031,0.9635914246834263,0.9507431608657325,0.8872879997830568,0.9737503747493234,0.9519302847413212,0.973557564146876,0.9591662235905474,0.8266156279584194,0.8855720317124699,0.8255412869303405,0.8982810515851749,0.9141227885782789,0.9183740608032018,0.9010760374122825,0.9108725906804513,0.46360667864844096,-0.5316672009344645,0.9670575804138206,0.9558569511279341,0.9553283192252319,0.9605948693662224,0.961165899528883,0.9725840356617681,0.9726672437801576,0.9240370237422708,0.9711858433829624,0.8712268117575386,0.8221860758703741,0.9511167984738338,0.9470334362320186,0.838051934353075,0.9600161465499107,0.9607624972937634,0.9029282640192772,0.9766657192287492,0.8346116354691813,0.5371196544970797,0.7302451557117096,0.8590004658417887,0.8553143334060546,0.8410307601802681,0.9825193452700619,0.9826599163194003,0.7844496956573932,0.7539215383096856,0.7832463917688314,0.47724266450171315,0.7869900164217578,0.7960801536937013,0.7878311609652022,0.7959245673371403,0.7978020935647161,0.7518640797275071,0.7363118817258317,-0.32665600763365354,-0.47791181402866595,0.7808826462426942,0.8947342710117681,0.9208764154050638,0.942372799320663,0.9120721093292946,0.8402773543828318,0.9120298872762679,0.9250863119102573,0.9238156911535665,0.7852206011507886,-0.06080326124631472],[0.9982993324009558,0.9966154401349718,0.9910220775698967,0.9985645501195068,0.9989771934517955,0.9825196764053881,0.9970939537350076,0.9926918275546642,0.9510637287950922,0.9980982989645589,0.9979386947614463,0.99852134087068,0.9941595666299478,0.9974850129096993,0.9986300041760765,1.0,0.9989948034968616,0.9978315674730172,0.9978311977307615,0.998193231956097,0.9975384409885794,0.9928212150499875,0.9785302761603459,0.9814909237831377,0.9246900306430729,0.9919589758530039,0.9948213665820907,0.9767792192221131,0.958872998797598,0.9916444115384111,0.9895709162832775,0.991936702870728,0.9777506149855055,0.9975345077562857,0.9983398253941035,0.9981961262045937,0.9980399208527404,0.99888269201981,0.9982440090408993,0.9982426643011688,0.9987828752047918,0.9976972783281941,0.997604507885449,0.9798794033711468,0.9443780073104466,0.9604127214915905,0.9602345460370622,0.9531556494021924,0.9305029507365574,0.9609803014035729,0.9533954646955589,0.9638264107514519,0.9664682925268708,0.9545134913073156,0.980889336537418,0.9810079162475441,0.988802859221839,0.9914143336540636,0.967769029708193,0.9742216280580713,0.9809913518876756,0.9813175311123957,0.9817256253419859,0.9674656736851242,0.9191388449719672,0.9664557589428281,0.9678977937792647,0.9583778812773984,0.8997539863361463,0.978782294185065,0.9628205635164561,0.9796104576152611,0.9681254470419464,0.8454637210139864,0.8944943127207869,0.838584119093943,0.9077312882121342,0.9248952032146571,0.9258753463442132,0.9089373639854352,0.9197424560656711,0.49325634730897505,-0.5054942877762656,0.9729729032618671,0.9621717307877545,0.9626617069452649,0.9694293110016835,0.9682035162008789,0.9774884990619043,0.9774980166994178,0.9350820822515952,0.9778624093719487,0.8877521283076345,0.8245805361659012,0.9423896404707911,0.9433927033649678,0.8423469962491434,0.9582632351170118,0.9590519187094676,0.8958872558663057,0.9747182432974626,0.8279072456918696,0.5255763815579346,0.7252029997639902,0.849071701966864,0.8504207815443001,0.831495428796461,0.9793458872621243,0.9793984536428847,0.7746906175098163,0.7503293138659171,0.7755315655189243,0.48405738624097444,0.7786568785979809,0.7849375551621538,0.7863433262679437,0.7855175951190918,0.7962929415327461,0.7386732760163666,0.7243374706758977,-0.31