var element = document.getElementById("correlationAdjClose");

if (element.style.display != 'none') {
    var correlationAdjClose = {"data": [{"type": "heatmap", "z": [[1.0, 0.9999913456886048, 0.9847501701081666, 0.9999226048210311, 0.9989223400059084, 0.9881044530085482, 0.9975739511062949, 0.9953985466076829, 0.9957052430541404, 0.979858459271718, 0.9924532763184326, 0.9955397382626673, 0.9947688711733629, 0.9954514790735853, 0.9955816961010884, 0.9966322304480936, 0.9981217539528174, 0.9961476304781188, 0.9961599432661751, 0.9962111640851905, 0.9954880288671899, 0.9857751341593822, 0.9698107519890133, 0.9881705165338129, 0.9870304978522546, 0.9824183688288666, 0.964291672291831, 0.9449246923392294, 0.9939489515500185, 0.9945294622465262, 0.9918330971052226, 0.9751786639231869, 0.9974849790928416, 0.997774331335037, 0.9971745152264907, 0.9956028160760141, 0.99517692714864, 0.9976410405453856, 0.9976922213713657, 0.998678662642379, 0.9974278599940265, 0.9974388727230378, 0.976676546391643, 0.9169979506381726, 0.7467393802838111, 0.9006908928177914, 0.9036930781907945, 0.8399616748645249, 0.9661968631148532, 0.9449192036892958, 0.9675554603497822, 0.9649452190012601, 0.9578418677864069, 0.985643270413233, 0.9822044781115694, 0.9845100826774481, 0.9781189881976989, 0.9863345707315588, 0.9838003592665853, 0.9869523924375465, 0.9867212158401294, 0.9645788635279321, 0.9684035942492064, 0.9719332415985851, 0.971582149679885, 0.9458431873985124, 0.9761150169520714, 0.9743450102179158, 0.9824699819199246, 0.9816185103311256, 0.9367356047516328, 0.862676895134006, 0.8303235994711505, 0.881631787739524, 0.9072977936795401, 0.9025566206049664, 0.9052998721748868, 0.9038824528631038, 0.6335130236897644, -0.5711223979034444, 0.977433254733538, 0.9693213697003886, 0.965808933177066, 0.9853547059226754, 0.9710578029888567, 0.9820790340573436, 0.9820269027666064, 0.9463739215130413, 0.9822579194826142, 0.9503149189556607, 0.6473528730164881, 0.8693189498628262, 0.9161849020527578, 0.754735643878452, 0.9223469963396689, 0.9420987183044988, 0.8171383788568154, 0.9584531695874399, 0.8958341662841781, 0.6420783359973522, 0.7088837532944808, 0.8918026246365163, 0.864711889755846, 0.8885921774347395, 0.9691236013681908, 0.9693332628093316, 0.7384783965529929, 0.7068960135561722, 0.8255614548730643, 0.34360451104291756, 0.7949062189023638, 0.829900460018556, 0.8165271087609435, 0.8145900919042927, 0.7518426770318293, 0.7425746847259789, 0.7229015344062244, -0.244279878853537, -0.38048407974439086, 0.6371044054022169, 0.8988376698703839, 0.9439377610849311, 0.9482837046528629, 0.9185356359254401, 0.8282887062443884, 0.9154292896481265, 0.9371761758812658, 0.9370334561918857, 0.8714359212333018, -0.18976548200550716], [0.9999913456886048, 1.0, 0.9834292566289992, 0.9997757796702408, 0.9976381002399715, 0.9905009443387947, 0.9932329117612532, 0.98908944183317, 0.989123960681435, 0.9686442138539837, 0.9914492948719116, 0.9893252736193241, 0.9891528671990119, 0.9892009140136075, 0.9892950160219496, 0.9938391935966931, 0.9951338448709006, 0.9924099735566799, 0.992409278989066, 0.9891974917076385, 0.9892554134834461, 0.9883561198769701, 0.9631210235530042, 0.9847913979059643, 0.9845034941376086, 0.9822572723373059, 0.9734053764161748, 0.9115766979994923, 0.9877276951053984, 0.984132412836522, 0.976022570580086, 0.9141566971283039, 0.9947968867469457, 0.9946287889731456, 0.9949125166331678, 0.9902576598165728, 0.9943604202746908, 0.9949045543754539, 0.9952024945860969, 0.9966051326801084, 0.9948982925578116, 0.9949064787159011, 0.9865783294928638, 0.9167989019592477, 0.59824549168028, 0.9003424713643883, 0.9037720917144562, 0.8401187428312755, 0.8713447178557224, 0.9122333390181049, 0.8751185657605963, 0.8958618567608294, 0.8702633688129143, 0.9542255106193999, 0.9541312904158377, 0.9750127306124805, 0.9788415584365739, 0.9729852149945164, 0.972574878079334, 0.975591544097874, 0.9755041768900383, 0.9377995277729085, 0.9465637594764509, 0.9129780923129253, 0.9128817455931485, 0.8118807694133002, 0.9701931506615477, 0.9724523148912011, 0.9727027848941476, 0.9721133359723861, 0.9333565212869429, 0.6593877028992482, 0.6008376016001336, 0.752221734966019, 0.8454605669665015, 0.7753981970206525, 0.8119345577525224, 0.8101912386312774, 0.5958745298745632, -0.27664607339933767, 0.9581850701069637, 0.964908300132136, 0.9578890198724694, 0.975894095316049, 0.9550929604087967, 0.962687356978216, 0.9617760885854973, 0.9061608875009834, 0.9655994420353778, 0.9117972890336983, 0.4774831731572648, 0.8683756558549884, 0.8655687139110149, 0.276464069168979, 0.6614321133056907, 0.7521070728275789, 0.6426990281577993, 0.9571639309151846, 0.6557346738179363, -0.2400786150232031, 0.143491769670403, 0.6237140848815494, 0.6302362918011638, 0.6773955389883652, 0.9588113147493961, 0.9586630661286157, -0.07674298357753022, 0.16166683838766988, 0.004112731347097519, -0.028641041096363205, -0.0006376964608652589, 0.015948964862445163, -0.015868079826998296, -0.05975071517134993, 0.36798213874391655, 0.10603256580292832, 0.056643633445287805, -0.4521304653156145, -0.4871998787326275, 0.637769194208053, 0.7454553808879566, 0.7699796731211137, 0.8294767164202941, 0.8253565236971491, 0.5397282761159492, 0.7327979447105721, 0.7654688721111974, 0.7641017155795284, 0.41181268438681745, 0.19855901395658757], [0.9847501701081666, 0.9834292566289992, 1.0, 0.9861908256585556, 0.9929202221364596, 0.9901997862838529, 0.9906867076224741, 0.9911349607859925, 0.9943822385479643, 0.9554685346991542, 0.9970369718857676, 0.9910302715955039, 0.9929625268665369, 0.9911951043591851, 0.9911197043512016, 0.9917646900798668, 0.9904884084450595, 0.9897339692183449, 0.9897013676561573, 0.9929088496310924, 0.991065004744088, 0.9936774020106193, 0.9798069772184692, 0.9908899942684736, 0.9913141443083195, 0.9811007310221614, 0.9826225692049821, 0.9489714639165449, 0.9727075995143846, 0.9763673774695438, 0.9781185208145331, 0.9506116634090309, 0.9879629222950553, 0.9910821377030775, 0.9893973802271091, 0.9930524985394233, 0.9948689338351413, 0.9921436990348514, 0.9874013925218054, 0.9881064852706049, 0.9882443989800995, 0.9876164229019457, 0.990759691049858, 0.9166425826561204, 0.6874246296424366, 0.9257439889051188, 0.8971331610522953, 0.7525505405375327, 0.9267662655429124, 0.9000419926227077, 0.9289810745642063, 0.924713987899974, 0.9146798642893256, 0.9526627130501405, 0.9599029999067069, 0.9319077984991642, 0.9502506680215049, 0.9550068961470667, 0.9609460635241854, 0.9555674667614594, 0.9298186668379698, 0.9000313129695523, 0.928491939823327, 0.9250084385353953, 0.9079972201073548, 0.8655086088580489, 0.9607772929298287, 0.9387509129367586, 0.9557630380547422, 0.9342746048273505, 0.7777099034832412, 0.80389035373477, 0.7352895393572804, 0.8252505922907255, 0.868104199159759, 0.8660942384372605, 0.8371253771401114, 0.8509719378922782, 0.30939039876437235, -0.5706153665265781, 0.9476742293288475, 0.9224198512859713, 0.9259734750362475, 0.9323064645626107, 0.9420473129359765, 0.9524216363749248, 0.952017101989516, 0.9145219089271289, 0.9486704433883174, 0.8419094031747886, 0.6199663402655835, 0.9356134914442116, 0.937323231055641, 0.7148725981205062, 0.9039609538737905, 0.9260256735479673, 0.8026894433115064, 0.9782975507132137, 0.7783876540891381, 0.5495129799108571, 0.6485593403134485, 0.7860616980637518, 0.7904497133188993, 0.7747720469962852, 0.9818728411516819, 0.9819180599675108, 0.6581359628712483, 0.6426734093225075, 0.7137389249864999, 0.2756014142000082, 0.6905685196059327, 0.7115859211691571, 0.7247105531226681, 0.707915009663957, 0.706386582138069, 0.6698195013874301, 0.6482830958296099, -0.31720779239795444, -0.4529906599517823, 0.5936477931636358, 0.859044557747389, 0.8939985216035948, 0.895718730210836, 0.8917861680305618, 0.7585837667189156, 0.8680951867058104, 0.8825077395550542, 0.8912585499856321, 0.7389041607036991, -0.10869408001921697], [0.9999226048210311, 0.9997757796702408, 0.9861908256585556, 1.0, 0.9992266122988522, 0.9890769540533552, 0.9979085067083879, 0.9959214062672632, 0.9963145577054171, 0.9795094985903916, 0.9938453095396154, 0.9960444816543876, 0.9954830510273087, 0.9959727528585356, 0.9960829096215281, 0.9971524084550725, 0.9984656856966327, 0.9966043219785421, 0.9966139020520673, 0.9967313077721377, 0.9959963357239392, 0.9870531954638683, 0.9711535437167297, 0.9892714396763517, 0.9882430981043849, 0.9846899589962873, 0.9664096418048829, 0.9461277015097993, 0.9934112870348565, 0.9941815120602098, 0.9919359625634554, 0.9748272577176041, 0.9976428472321205, 0.9980737000751083, 0.9974860472691015, 0.9961706562744743, 0.9959494841450155, 0.9979802918939256, 0.9978049739977661, 0.9988245143299795, 0.9975771243013939, 0.9975849815665253, 0.9785188178797256, 0.9126051707659444, 0.7403247586932135, 0.9014628797369443, 0.9013466251943352, 0.8296082997413545, 0.9632670936851435, 0.9414760634935624, 0.964516423091642, 0.9622656996610904, 0.9549549111055653, 0.9835627112699858, 0.9806649204700618, 0.9827661413457287, 0.9764519794161782, 0.9847778459707912, 0.9829549963978412, 0.9853157982160535, 0.9850791714136435, 0.9512404084893612, 0.9667514535379812, 0.9702005236560479, 0.9698485771622882, 0.9392258307631043, 0.9754493987102615, 0.9707781900176036, 0.9807132510485823, 0.9798196665960447, 0.9096799131371561, 0.8605719456670955, 0.8255362546498094, 0.8792525566015, 0.9037434954234337, 0.9016717657733263, 0.9022726203361101, 0.9009193382478755, 0.5292755628556356, -0.5711363977173781, 0.9762310273903139, 0.9671999864134673, 0.9636772646021265, 0.9836144535146699, 0.9699230574335101, 0.98100117035898, 0.98094638265653, 0.9452818250923487, 0.9804801856710643, 0.9301772995802865, 0.6528950380028912, 0.8775651464440647, 0.9207189332286232, 0.7562906073226373, 0.9240871027357994, 0.9435821314577806, 0.8174741026320538, 0.9599566530597374, 0.889691738045388, 0.6387657917652181, 0.7071094269938867, 0.8867321496432574, 0.861170279358886, 0.883192238954557, 0.9702147702110373, 0.9704328217917698, 0.7375174031677056, 0.7071918633999975, 0.817639243664912, 0.3457107759086925, 0.7893029211325389, 0.8216930061370851, 0.8083933831450414, 0.8093117552245527, 0.7547090104035671, 0.7426512515314668, 0.7230469042665583, -0.23966500543240055, -0.3797395196721833, 0.6354541010728274, 0.896938306269467, 0.9421685281517134, 0.9465585213733984, 0.917423814611939, 0.8254869741700838, 0.9134731695403313, 0.9349871333533025, 0.9350007325989194, 0.8637918209026367, -0.18241560634555046], [0.9989223400059084, 0.9976381002399715, 0.9929202221364596, 0.9992266122988522, 1.0, 0.9919431227420773, 0.9990525973591988, 0.9983102242309444, 0.9983669131937973, 0.9731917309359815, 0.9976983766135418, 0.9983552094704816, 0.9981514649577018, 0.9983443481821834, 0.9984105239965768, 0.9986704222340522, 0.9992079274578348, 0.9987281125497187, 0.9987278272782028, 0.9984282947405242, 0.9983397247497708, 0.9937356064004745, 0.9787665578734366, 0.9938959072247626, 0.9938272926561169, 0.9882119491174612, 0.980439480936805, 0.9494561247033101, 0.9899153783075425, 0.9924043734808471, 0.9895452429042348, 0.9657618015218635, 0.9989411696152185, 0.9989765992032288, 0.9989731797652937, 0.9984526378699176, 0.9985371991401141, 0.9990739429892966, 0.9991260368220144, 0.9991396965595645, 0.9989269287606929, 0.9989269163568546, 0.9889096059171237, 0.922256687073355, 0.7154820691954211, 0.9164978596521226, 0.9054330728809117, 0.8114818557234346, 0.9470051742634953, 0.9296223467024817, 0.9509052757778452, 0.9535570516211764, 0.9457736141129158, 0.9796220056026926, 0.979553458180363, 0.9786288967480435, 0.9702552852762442, 0.9796085787930089, 0.9784713278406758, 0.9799221467006337, 0.9796295832779942, 0.9528486826114786, 0.9563496770231118, 0.9513182930498979, 0.9508464347602857, 0.9057324168836717, 0.9723439278786313, 0.968962385687279, 0.9757368082229032, 0.9747630416621074, 0.9318229984223056, 0.8355798551211533, 0.7901197764253404, 0.8611280007423775, 0.9062363094424087, 0.8870845764286533, 0.8958722425669858, 0.8945585592191017, 0.686732181231089, -0.5936164962196588, 0.9688440470039185, 0.9549163368950981, 0.9526602386546595, 0.9797557741985901, 0.9585133379691567, 0.9732313364903353, 0.9727418423895811, 0.9343781022789299, 0.9752496840610667, 0.9384624979911788, 0.6391972501416, 0.8986590836491347, 0.942206318589517, 0.7058538012936009, 0.9020412282656116, 0.9276038345676791, 0.8111191176445729, 0.965896955864485, 0.8798468759159599, 0.48536316348706265, 0.6387882296337988, 0.8674402704870933, 0.8236369042416759, 0.8695136048394299, 0.9744549389374407, 0.974622286422523, 0.6905870159368697, 0.6875002015468193, 0.7345960164630022, 0.3201776231288024, 0.672318001757761, 0.7404802700462034, 0.7165536291357953, 0.6960004115854982, 0.7383512649423715, 0.7249574483337355, 0.7043791822571833, -0.4616666068733562, -0.5386484983105567, 0.6242902479130635, 0.8894638162108103, 0.9262229391952396, 0.9379841345412478, 0.9135826776936223, 0.8016641086568683, 0.8958010586428929, 0.9192090707129665, 0.9187633405964537, 0.7972387188545588, 0.03373400055823977], [0.9881044530085482, 0.9905009443387947, 0.9901997862838529, 0.9890769540533552, 0.9919431227420773, 1.0, 0.9883285543460508, 0.9884543222806325, 0.9880207470468813, 0.9638169837382801, 0.9796014404941096, 0.9883944883211708, 0.989579794853821, 0.9885154856911492, 0.9886529880118792, 0.9915676277033554, 0.9896277938610721, 0.9893176018480346, 0.9893092260990622, 0.9873197929674243, 0.988451713173003, 0.996093249965395, 0.991505965572025, 0.9884464788064822, 0.9882999160466099, 0.9705364283764165, 0.9852202881982368, 0.9672118162350044, 0.9717184441290043, 0.9760058925311389, 0.9839637415977375, 0.9706536941581058, 0.9882451136789402, 0.9884494002752108, 0.9892487676763293, 0.989330152052463, 0.9819503199117189, 0.989248337504187, 0.9886715802570596, 0.9888567600720701, 0.9883481529557511, 0.988352390626819, 0.9948057311530579, 0.8750001565532617, 0.7178154420995597, 0.8780416305240479, 0.8991531009084179, 0.8314324160854628, 0.9316979571726451, 0.9115133360556934, 0.9335915247302293, 0.9416449730433922, 0.9292785520575751, 0.9610401716079795, 0.9656181102673602, 0.9681248928825633, 0.9806686619080381, 0.9692299852692573, 0.9811666937967751, 0.9690884563286937, 0.9685178183213805, 0.9685309507399132, 0.9601539530117932, 0.9431624964449818, 0.9426369374188699, 0.9310871934526409, 0.9786956147065251, 0.9710193715470594, 0.9694857534384715, 0.9678582535762272, 0.9507529483957411, 0.8591484920087178, 0.8112387787597016, 0.8796200180872991, 0.8979428377759116, 0.9055046487927346, 0.8883354135571945, 0.8862270714013457, 0.6532535972866117, -0.5335674003624237, 0.975125147625597, 0.9717425556115019, 0.9682006760539471, 0.9692342825289438, 0.9658714732491575, 0.9752061302916832, 0.9748459137587003, 0.9563150544493245, 0.9646784311885794, 0.9556930374888598, 0.6549748663175804, 0.8430077254783538, 0.939072218015931, 0.7538749159765267, 0.9142841480195437, 0.9319626271884308, 0.8122509914695348, 0.9563203252929665, 0.8455368194899648, 0.585022198686831, 0.6806189227828845, 0.843145384602355, 0.8213280888558835, 0.8408580212746227, 0.95843337171243, 0.9585178420802627, 0.699798119679037, 0.686624340616981, 0.761440441276172, 0.34562269821909253, 0.7411154609642026, 0.7672115037771865, 0.7533084253707096, 0.7551913337445713, 0.7420090316889, 0.7132288340993371, 0.6957467677273066, -0.26997967281011637, -0.3977642735162611, 0.6625813266589742, 0.8819424442732143, 0.9001494793662246, 0.9086022589894465, 0.8969813405995138, 0.7990079841889324, 0.8688797284116231, 0.8915542137554611, 0.8916668173872352, 0.8354018226714048, -0.15293486903730827], [0.9975739511062949, 0.9932329117612532, 0.9906867076224741, 0.9979085067083879, 0.9990525973591988, 0.9883285543460508, 1.0, 0.9971909983866339, 0.9995367613550586, 0.9727712603485228, 0.999439187904201, 0.9981637573860382, 0.99907751713674, 0.9990386909803054, 0.9988187917353727, 0.9981858573611209, 0.9999028957611623, 0.999268356189592, 0.9992736170582793, 0.9996573106481432, 0.9992370553770777, 0.9907004841370097, 0.9749745740391983, 0.9842665807830049, 0.9926057256808752, 0.9874520091230752, 0.972135842613914, 0.9445713206510633, 0.9921498024470053, 0.9917864399867372, 0.9930738393048656, 0.9718470358660725, 0.9988480412424693, 0.9998219382234926, 0.9996598647869678, 0.9994035563074456, 0.9996699627044187, 0.9998527227036805, 0.9979494204482369, 0.9996809884672675, 0.9992863925729863, 0.9988998947673149, 0.9829897430455039, 0.9285805516344374, 0.7312871768466805, 0.9296478451718161, 0.9162307707890958, 0.8036575615391796, 0.9583630491044968, 0.9408889786310601, 0.9604270331747109, 0.9579489984148964, 0.9514318988228929, 0.9817460753616772, 0.9800019729546452, 0.9414651452013361, 0.9565259441153601, 0.9694624233262983, 0.9698046797306935, 0.9712491242170178, 0.9416515214756362, 0.8924785178306015, 0.9465344015218787, 0.9557535765564249, 0.9326568003158696, 0.8788894462902659, 0.9614336933568737, 0.9314294584931873, 0.9631420911721758, 0.9418178725955785, 0.7412885189983008, 0.8301935919181557, 0.7579026057091225, 0.8476588372188071, 0.8742295177362296, 0.8781943153369388, 0.8573943509575582, 0.8698556097676001, 0.26416687054976984, -0.6057521316568939, 0.9592790975423349, 0.9384478747326039, 0.9382337576947027, 0.9437185127890275, 0.9556087968463501, 0.9670039510560088, 0.9670478165756125, 0.9246942468509584, 0.9631754845744381, 0.825402267547842, 0.6342701053426308, 0.8991482673103748, 0.9206717321392734, 0.7450958452769444, 0.921341043462959, 0.9420401125420832, 0.8116865045221805, 0.9654292087574872, 0.8311402232887961, 0.6269018263159595, 0.6971435780786485, 0.8437184785451916, 0.8398056956820719, 0.8295926988519319, 0.9745783271045446, 0.9748079413720517, 0.7236726557753329, 0.6840080992596699, 0.7829342898606876, 0.3153293984291842, 0.7662293412435589, 0.7921328518165855, 0.7825155486803701, 0.7884208536092798, 0.7340862345749347, 0.7297171716463885, 0.7082997682253185, -0.2580980383337154, -0.4053858996921443, 0.6429363908176849, 0.8911594646233161, 0.9293258519104766, 0.9445902992245871, 0.91705135684774, 0.8236910341128972, 0.9132149607824226, 0.9350519338615902, 0.9344936381540772, 0.7747825906431101, -0.14474142497456402], [0.9953985466076829, 0.98908944183317, 0.9911349607859925, 0.9959214062672632, 0.9983102242309444, 0.9884543222806325, 0.9971909983866339, 1.0, 0.9999845178529353, 0.9669298405460552, 0.9996580783731455, 0.9999969095832066, 0.9996662083038442, 0.9999978956187877, 0.9999820765202662, 0.9965424431404103, 0.999326949234399, 0.9998902417459871, 0.9998897609773967, 0.9999575608250332, 0.9999945436334143, 0.9909354363927665, 0.9760153175643858, 0.9918690535708006, 0.9931112874553717, 0.9846350418895831, 0.974316738868028, 0.9432613053350141, 0.9884317570933111, 0.9942014550117712, 0.99171479397166, 0.9684761527125855, 0.9994304822254606, 0.9994963494207977, 0.9996189520070228, 0.9996924464672989, 0.9988221150719756, 0.9994190118935407, 0.999122744950004, 0.9985752111700189, 0.9995001234465722, 0.9993629103282893, 0.9844547568692861, 0.9287399918146197, 0.7181001096249681, 0.9355985037895996, 0.9136844570750455, 0.7824507680560276, 0.9568039329168867, 0.9359596535071396, 0.9584516637041218, 0.9515163547537966, 0.9449216462595644, 0.9797488651916293, 0.976762045673596, 0.9357560303377509, 0.9507090019258123, 0.9616579501728315, 0.965821511512852, 0.9639332500315034, 0.939679272815912, 0.8818670361294981, 0.940457067922175, 0.9478512595267821, 0.9265720193067544, 0.8636989349475289, 0.9578738200559768, 0.9240260693607287, 0.9566038230531843, 0.9364995615328565, 0.724928902239479, 0.8201143296502522, 0.752864174630171, 0.8375732919874511, 0.8653300675941127, 0.8721309543333842, 0.8521656685182714, 0.86168619632102, 0.24342193676953028, -0.6115491660882141, 0.9538498098368018, 0.9288270118656332, 0.9300029565316211, 0.9414927585271582, 0.9495385588856554, 0.9617118805982009, 0.9617523307810246, 0.9175897322072963, 0.9548639944537971, 0.8105723331300413, 0.6295865745262695, 0.9192538062248964, 0.9331390746503581, 0.7395864468906769, 0.9206453864731423, 0.9416338138316209, 0.8089243562645481, 0.9701301616811525, 0.8349380302522078, 0.6125904309001615, 0.6876493857840441, 0.8450294271906379, 0.8367680804890532, 0.8330322888707411, 0.9775764003857433, 0.9778113504439547, 0.7134962631697331, 0.6750084295054432, 0.7849381203734135, 0.3004247552403957, 0.7610069179300746, 0.7877896778076259, 0.7838173219410806, 0.7828702396409536, 0.7267126208157791, 0.7232724451377549, 0.7011708294584317, -0.2752440632630954, -0.4215765683425618, 0.6246733377847169, 0.8826297432437598, 0.927066682208008, 0.9368558132229952, 0.9106616155444057, 0.8121861368124633, 0.9066776024804803, 0.9287199779885368, 0.9284171758631327, 0.7544565435073717, -0.1267051394791002], [0.9957052430541404, 0.989123960681435, 0.9943822385479643, 0.9963145577054171, 0.9983669131937973, 0.9880207470468813, 0.9995367613550586, 0.9999845178529353, 1.0, 0.9662455032614982, 0.9996570751165351, 0.9999815414632225, 0.9998392253607579, 0.9999900912370373, 0.9999964881805744, 0.9990020608951794, 0.999315833144425, 0.9998283988138053, 0.9998273861338423, 0.999967069655829, 0.9999824880086435, 0.9938181281130114, 0.9772930144161364, 0.9951548206691913, 0.9952976470903124, 0.9845983461237894, 0.978584381704785, 0.9443395012307575, 0.9889868208219502, 0.9932947809086419, 0.9887388698621598, 0.9639694151671268, 0.9993550109516873, 0.9994358844903435, 0.999439088244883, 0.999841172587021, 0.9988322173989925, 0.9994069525406829, 0.9993476191839241, 0.9985844904872344, 0.9993496957851941, 0.9993437798681686, 0.9888933281010168, 0.9288678386162509, 0.7188227227257576, 0.9354457423076157, 0.9135561464280761, 0.7826749157570599, 0.9438201116905285, 0.9246993491555908, 0.947244403239234, 0.9489190609147524, 0.942149158885859, 0.9773197548447775, 0.9768476163387185, 0.9675219265436962, 0.9511015487362836, 0.9684239820989998, 0.9658952530476465, 0.9688342479825373, 0.9684958193698302, 0.9395601409609201, 0.9397127067606419, 0.9402236412706809, 0.9398084121248915, 0.8932125150795102, 0.9582171855535254, 0.958926161950665, 0.9651206043155348, 0.9639319665320695, 0.9181365193556962, 0.8194140593434326, 0.7679348579530417, 0.8366991706025811, 0.8867428971948923, 0.8704549025902025, 0.8780372859587176, 0.8769861564921005, 0.6319843880750131, -0.6273969501994492, 0.9537730571316969, 0.9288612724402346, 0.9301250630510965, 0.9688887993141436, 0.9441299342921141, 0.9612324846731025, 0.9607131006921045, 0.9184527378397224, 0.9635144926797412, 0.922869429796346, 0.6278979802484783, 0.918752148518908, 0.9470662915847683, 0.714832271940093, 0.9073465818682389, 0.9322577452372967, 0.8080295275415535, 0.9688634320253852, 0.8865573822955428, 0.5155606674269185, 0.6557405614250544, 0.8747540761705606, 0.8316903234877665, 0.8773475139152108, 0.9774973618522207, 0.977763426327321, 0.7114030844477938, 0.6720147551826691, 0.7507528448648524, 0.2982017553563102, 0.6903613540959517, 0.7562808571845594, 0.7342939625292796, 0.7146959246865769, 0.7241047655718084, 0.7200619507193391, 0.6979122323028559, -0.5110119482737077, -0.5891992808443497, 0.6249448387338892, 0.88154763161399, 0.9258607359337422, 0.938483746306472, 0.9097525109253125, 0.807333958140327, 0.8961360405842033, 0.9188902696133087, 0.918326014398329, 0.8069192717910325, 0.10663648349594104], [0.979858459271718, 0.9686442138539837, 0.9554685346991542, 0.9795094985903916, 0.9731917309359815, 0.9638169837382801, 0.9727712603485228, 0.9669298405460552, 0.9662455032614982, 1.0, 0.9533418876957442, 0.9673171435563764, 0.9662569699129268, 0.9670489364053474, 0.966603266849348, 0.9678551908745436, 0.9749231050781658, 0.9713254942235571, 0.971339446424821, 0.9671007118837618, 0.9671728828803347, 0.9663311807366275, 0.9538533254722553, 0.9737169993186378, 0.9716275789431785, 0.9008156511917701, 0.9697775991170863, 0.9528684707841854, 0.9767683762665618, 0.9709491651220397, 0.970989083663977, 0.9377561716548255, 0.9751069086495494, 0.9746843801082279, 0.9751273272497953, 0.9675309019384267, 0.9608352654881678, 0.9741277149017308, 0.97490316703858, 0.9775550991014651, 0.9752865848566288, 0.9753043943425325, 0.9562261660351604, 0.8469613257442712, 0.5383603769848498, 0.8034899648153646, 0.8935329129685553, 0.8745063076948411, 0.9028654628412703, 0.8343000937115524, 0.9073036247853858, 0.9177159970759841, 0.9044259078600771, 0.9352118316903074, 0.9350726728761392, 0.9452287107233418, 0.9372831829815523, 0.9551881845905381, 0.9490881047717478, 0.953608369526629, 0.9536311537382857, 0.9129930549950959, 0.9541051711626478, 0.9398936319954091, 0.9395968650695297, 0.8638023298663629, 0.9371287866427518, 0.9447413418722553, 0.9384107292848082, 0.9373503954359006, 0.8884645794312656, 0.8274108476993371, 0.7850600352297856, 0.869363695440818, 0.9189053715065365, 0.8918260106429666, 0.9054276374316697, 0.9047297176766271, 0.7235652220359452, -0.31890817657978937, 0.9540870810334133, 0.9552064553704086, 0.9472734349991144, 0.9469487139362026, 0.9323198586938681, 0.9553266721503012, 0.9552642284138217, 0.9035630118973629, 0.9572423859921589, 0.9082723480645165, 0.7263719576566363, 0.7095444637356785, 0.8704054152281865, 0.638994163561886, 0.8592371552042579, 0.894378110149088, 0.877939526271251, 0.9515819087503816, 0.9068805406900998, 0.40427406704934227, 0.6590235399469546, 0.8992761810174519, 0.8773469487951405, 0.9060272841782161, 0.9518194293505825, 0.9521474266546144, 0.5444980265613562, 0.7099440121553288, 0.620358149657636, 0.4909358482073234, 0.5796312050945146, 0.6346255756108694, 0.5957543146302147, 0.5699345655891596, 0.8129013056306015, 0.6902658458962005, 0.6550965183947183, -0.2878555099854894, -0.33814840507529814, 0.7524003060650827, 0.9175862676476718, 0.9244155395251661, 0.9129482260828071, 0.942589341409891, 0.6672341830035692, 0.8458243852590589, 0.9108460716491804, 0.9100050823319684, 0.6928984681151231, -0.16498806052887457], [0.9924532763184326, 0.9914492948719116, 0.9970369718857676, 0.9938453095396154, 0.9976983766135418, 0.9796014404941096, 0.999439187904201, 0.9996580783731455, 0.9996570751165351, 0.9533418876957442, 1.0, 0.999685076144283, 0.999663914240677, 0.9996719041651797, 0.9996783271532459, 0.9994417904255735, 0.9991421423840748, 0.9999568365050618, 0.9999563427743221, 0.9996708703104568, 0.9996787952833843, 0.9904451224495332, 0.9590334619176799, 0.9914824301112746, 0.9925852123050917, 0.9888597990698912, 0.9713061247548187, 0.898699186786911, 0.9886450528392845, 0.9924908120768385, 0.9731683668999602, 0.899814664453291, 0.9991730892002711, 0.9992393164178623, 0.9991753064027427, 0.9994617292931413, 0.9994176160324961, 0.9991984996137204, 0.9990668665611949, 0.9978656033881667, 0.9991459303068013, 0.9991412659659501, 0.9898070300438883, 0.922849086867059, 0.5625487402893956, 0.9310076462238264, 0.912690967185487, 0.7867513328127934, 0.8567428545170758, 0.893750172570353, 0.8621138928329891, 0.8756696208171312, 0.8538015722069099, 0.9507988285010448, 0.9507302222319783, 0.9520346951855767, 0.9542733258355813, 0.9440925642854184, 0.9460452678928557, 0.9483895036489517, 0.9481961482422119, 0.8997433382875549, 0.9111324972177014, 0.8705354503773164, 0.87036147854125, 0.7541053724883897, 0.9482258719893574, 0.9515507792450301, 0.9517171746939077, 0.9510229370906714, 0.9009521680622381, 0.6080412874487279, 0.5456591592359519, 0.7011160575970087, 0.8019921392332203, 0.7300354981515284, 0.7678388987417386, 0.7666581143342305, 0.5378889426979735, -0.3989581369114273, 0.923045060036323, 0.9327848067546254, 0.9227202301037133, 0.9534469795791329, 0.9195382260118415, 0.9288347245499159, 0.92762237326395, 0.8608818770707103, 0.9330538768722338, 0.8681542337147411, 0.5235638345117453, 0.9153380237383147, 0.9098543900281717, 0.3150079090792162, 0.696731668064597, 0.7789887957257797, 0.6542261309152665, 0.9715754316704659, 0.666307648773394, -0.18402566612638144, 0.19034607405158652, 0.6390358664680781, 0.6432380684302694, 0.685299358166517, 0.9728462035121838, 0.9729013686653418, -0.016520669646922878, 0.21259953405521592, 0.0661459500172842, 0.03230854699569673, 0.05910685159346097, 0.07828368800021884, 0.04531605378419285, -0.004537091770560797, 0.41664022312739313, 0.14745962784677485, 0.09503712868380944, -0.520764243313269, -0.5553149675545322, 0.6249993440074496, 0.7394032168760771, 0.7642331767377165, 0.8265922988285536, 0.8248049201629419, 0.5209865958424851, 0.724412940431896, 0.7597734585866227, 0.7584957273455345, 0.40419707131509774, 0.24889982755101625], [0.9955397382626673, 0.9893252736193241, 0.9910302715955039, 0.9960444816543876, 0.9983552094704816, 0.9883944883211708, 0.9981637573860382, 0.9999969095832066, 0.9999815414632225, 0.9673171435563764, 0.999685076144283, 1.0, 0.9996508971908309, 0.9999976579733457, 0.9999846751324568, 0.9971680585568428, 0.9993767285514058, 0.9999012998425272, 0.9999010123216701, 0.9999652882570171, 0.9999949903704601, 0.9908460720867703, 0.9758926522770595, 0.9925256236990232, 0.993073566053162, 0.984826517972588, 0.9741527325670587, 0.9432830551716541, 0.9893195753186008, 0.9942584463237429, 0.9917889628300561, 0.9686228488482176, 0.9994728857657931, 0.9995400564759714, 0.9996521783257741, 0.9996942664682031, 0.9989092855691626, 0.9994640320389336, 0.9991617309761267, 0.9986549588423773, 0.9995437321399638, 0.9994062508344991, 0.9842636124464116, 0.9290334548508837, 0.7188200726082006, 0.9355357287859893, 0.9139478187245257, 0.7836132605856821, 0.9571335791525521, 0.9363749866270197, 0.9587892623014405, 0.9518923332298291, 0.9453240456955337, 0.9799896825553593, 0.976949321628798, 0.9360891235195128, 0.9509201430828315, 0.9619822370357692, 0.9659868363472712, 0.9642504863171506, 0.9399540707309136, 0.8820898244164275, 0.9407696475043251, 0.9482946563972032, 0.9270242443587017, 0.8641734404549101, 0.9579836373526359, 0.9242737442823675, 0.9568540548003107, 0.9368111076564897, 0.7250804484232772, 0.8206366319973705, 0.7534397415561896, 0.8380829865218189, 0.8657142672223564, 0.8724315683598107, 0.8526095112585791, 0.8621507492769925, 0.2438000713572433, -0.6114306605465656, 0.9540966785356888, 0.9292649374236768, 0.9303625181198968, 0.9417512935281397, 0.9498021383037895, 0.9619622546739378, 0.9620036167617507, 0.917841300336839, 0.9552133720146843, 0.810861806695551, 0.6298005939879122, 0.9183446812450761, 0.9325958529351009, 0.7398565669577207, 0.9206996441247202, 0.9416863363428536, 0.8092176018820462, 0.9699594005149144, 0.8353811002120357, 0.6136048261754414, 0.6883462796091167, 0.845494373723544, 0.8373005017079901, 0.8334587675137658, 0.9774918536520882, 0.9777266713479679, 0.7141614324722846, 0.6756348519270398, 0.7855081404824908, 0.30130114867312247, 0.7616952330928307, 0.7884648992346509, 0.7843924524266047, 0.7835747867953865, 0.7271237937309424, 0.7237321843430514, 0.7016591237476991, -0.2742072263231324, -0.42063741323895915, 0.6252749726873715, 0.8831461357379118, 0.9274794790013412, 0.9373589115755578, 0.911112152238694, 0.812739124825806, 0.9072254555229193, 0.9292549604046906, 0.9289382242640193, 0.7551272395099728, -0.12777662187562377], [0.9947688711733629, 0.9891528671990119, 0.9929625268665369, 0.9954830510273087, 0.9981514649577018, 0.989579794853821, 0.99907751713674, 0.9996662083038442, 0.9998392253607579, 0.9662569699129268, 0.999663914240677, 0.9996508971908309, 1.0, 0.999687539769113, 0.9996739715272228, 0.9991330177197548, 0.9989327376416848, 0.9994798170359679, 0.9994726347346365, 0.9996685725525452, 0.9996424684843437, 0.9928386244805611, 0.9775245389593934, 0.9958424475017135, 0.9957306855968681, 0.9846713218063611, 0.9769699226024651, 0.9457797288376804, 0.9884299564287491, 0.9922513668826475, 0.9908382036935612, 0.9662161527728236, 0.998766832153995, 0.9990776111576887, 0.9992687218309334, 0.9999193727937136, 0.9988570331962604, 0.9990553684856076, 0.998606197125878, 0.997971378915681, 0.9987595994171048, 0.9986860873679193, 0.9882583527290646, 0.9289892862694697, 0.7145647127810213, 0.9356381203059272, 0.913841473658599, 0.7829130645803045, 0.9525558207468484, 0.9294467219867675, 0.9535979434052342, 0.9483867022912622, 0.9412170013664442, 0.9764215277012374, 0.9748241340535855, 0.9593077722678293, 0.9506047137463274, 0.9622706182146846, 0.9652866680656328, 0.9640828819446781, 0.963382667895732, 0.886180929407201, 0.9378489396590275, 0.9466809722920375, 0.9463715585623959, 0.8624041846737006, 0.9583163099775454, 0.9359345220775388, 0.9587398047097597, 0.9573860911929919, 0.7296333207660226, 0.817626707997918, 0.7795670036830404, 0.8357336657969661, 0.8671700398678199, 0.8715608674237132, 0.8608588615898758, 0.8612018850371143, 0.22857605185326615, -0.6059291560889076, 0.9532289064170928, 0.9289576483784767, 0.9293060620574484, 0.9621007551750117, 0.9492319222486146, 0.9607693219426686, 0.9607631214334802, 0.9176610687589789, 0.9555530519321825, 0.8175450642340475, 0.6302375836826474, 0.9188683097215922, 0.9333448530611412, 0.7371223100329134, 0.9188175504221134, 0.940099053189062, 0.8101472390053502, 0.9725961475689195, 0.8295177215198022, 0.6052433517712869, 0.6837612216055484, 0.8366572159362542, 0.8319603969835788, 0.8253739834236606, 0.9793749956197692, 0.9795693483152915, 0.7049719808641933, 0.6702220955487177, 0.764898982007111, 0.30100626618869275, 0.7516967777561974, 0.7771303442364059, 0.7536951625591857, 0.7725017545323205, 0.7248495081720415, 0.7135997426935646, 0.6917885652621392, -0.28088006172156227, -0.425717145477894, 0.624856820890785, 0.880896792639899, 0.9288056322877621, 0.9327477448338723, 0.9102627210786427, 0.8048778278572823, 0.9008412229788536, 0.9221051669389554, 0.9224664005570603, 0.7488227092364754, -0.12607978348050528], [0.9954514790735853, 0.9892009140136075, 0.9911951043591851, 0.9959727528585356, 0.9983443481821834, 0.9885154856911492, 0.9990386909803054, 0.9999978956187877, 0.9999900912370373, 0.9670489364053474, 0.9996719041651797, 0.9999976579733457, 0.999687539769113, 1.0, 0.9999887724555158, 0.9986664416265664, 0.9993465135852182, 0.9998937640171228, 0.9998929642499534, 0.9999594178871547, 0.9999924550233161, 0.9909752305694055, 0.9760699960821175, 0.9943527707089944, 0.9941905370120687, 0.9847480036860966, 0.97436202963971, 0.9434418196820625, 0.9917817927357643, 0.9945658916434434, 0.9916581617423644, 0.9683752361888426, 0.9994458364622388, 0.9995006062376565, 0.9996286528610963, 0.9997107480913472, 0.9988626766379164, 0.9994293207446707, 0.9991878643553768, 0.9985966595447346, 0.999513257327763, 0.9993791115081238, 0.9844388076962228, 0.9288434683322639, 0.718173179419468, 0.9356163042863295, 0.9138747317362015, 0.7829986305982919, 0.9569085009300743, 0.9361288395880435, 0.9585921156854218, 0.9514787046387825, 0.9448580542455315, 0.9797940720275087, 0.9767214426387503, 0.9361041296613344, 0.9508299726308185, 0.9618516313549107, 0.9658919782467144, 0.964110600325638, 0.9394030220119023, 0.8821034010903084, 0.9403099183176795, 0.9479254115159079, 0.9268229854227642, 0.8638348437758668, 0.9580362508402259, 0.9244339137247015, 0.9568418371118826, 0.9368649341229315, 0.7253188247978347, 0.8200625136239207, 0.753164760573535, 0.8375669480358197, 0.865518244987426, 0.8721042406065334, 0.852338593774138, 0.8618761826537976, 0.2437890485765998, -0.6112541231716802, 0.9539190202883568, 0.9290387955467474, 0.9301789120435753, 0.9396478748974968, 0.9497311031035, 0.9617883849247754, 0.9618256469330554, 0.917769182243209, 0.9550578196759651, 0.810867609358601, 0.6296341046348818, 0.9188209737759054, 0.9329943252147118, 0.7395213915420837, 0.9205196113117575, 0.9415354687608742, 0.8089284264276699, 0.9701483053377606, 0.834998592700769, 0.6124612168964801, 0.6875441485984208, 0.8450740166389004, 0.8369288963749552, 0.8330858868008499, 0.977628017102297, 0.9778593270218363, 0.713044714503458, 0.674607532212358, 0.7849418542998072, 0.3007363903925149, 0.761000944162468, 0.7877268387660548, 0.7840107678295393, 0.7827834476680975, 0.7266153508518324, 0.7224545783138171, 0.7003884333639318, -0.27503510895744193, -0.42136368479519887, 0.6250165176873921, 0.8825579637414103, 0.9272236100302879, 0.9369313654062638, 0.9107257421681536, 0.8119991516606813, 0.9069227901471845, 0.9287911728287377, 0.9286055101064417, 0.7545869851913771, -0.12701768499954588], [0.9955816961010884, 0.9892950160219496, 0.9911197043512016, 0.9960829096215281, 0.9984105239965768, 0.9886529880118792, 0.9988187917353727, 0.9999820765202662, 0.9999964881805744, 0.966603266849348, 0.9996783271532459, 0.9999846751324568, 0.9996739715272228, 0.9999887724555158, 1.0, 0.9986679906513514, 0.9993832891889937, 0.9998899564083356, 0.9998900850444037, 0.9999573322392269, 0.9999782497705204, 0.990905498307881, 0.9760973486459489, 0.9928666659267952, 0.9928899858364502, 0.9848009695264368, 0.974119440608002, 0.9433826062009628, 0.9918271682001049, 0.9941652188250073, 0.9914988601097469, 0.9682276832579587, 0.9994834407891737, 0.999483219174214, 0.9996136704713082, 0.9997014316645005, 0.9988799417000372, 0.9994313696064451, 0.999215745686324, 0.9986471609783732, 0.9995427226031006, 0.9994222755515162, 0.9842556969387232, 0.9287741059522714, 0.7187795655810141, 0.9352893744703679, 0.9136410573400965, 0.7832981847099187, 0.9574626381131507, 0.9371487326846, 0.9591975354595722, 0.9516022098520747, 0.9449731449956038, 0.9802517032549121, 0.976863965745909, 0.9368639834190673, 0.9512427716566151, 0.9622281962422593, 0.9660642013576689, 0.9644951364567957, 0.9406848273358595, 0.8822458947390932, 0.9398831594584761, 0.9481901769880008, 0.9275438804137619, 0.8636584705294468, 0.9584278255077775, 0.9250337013711093, 0.9573442099660865, 0.9377561347364105, 0.7250242056820776, 0.819711058325917, 0.7540725804042641, 0.8369792639523189, 0.8654535160808761, 0.8715598851055996, 0.8527626122852979, 0.8622686169673724, 0.24301513361453508, -0.6109972772546266, 0.9539642390002833, 0.9292544621373467, 0.9304354919578981, 0.9425420023896379, 0.9502094923802382, 0.9619271995310508, 0.9620318529414555, 0.9181340938476713, 0.9553903539111637, 0.810752011656268, 0.6284911855606228, 0.9183432288618137, 0.9326653920964338, 0.7385036850753463, 0.9200946875502122, 0.9410571155901185, 0.808060466886823, 0.969781650890587, 0.8359354410881963, 0.6121188499873152, 0.6865040657319958, 0.8455561682405064, 0.8372784907519062, 0.8337823101759768, 0.9774073626621743, 0.9776735380178562, 0.7117336261870659, 0.6723661071223257, 0.7859875228745948, 0.29918253907601133, 0.7611844457971072, 0.7880692955628733, 0.7852000030806632, 0.7829474852986972, 0.7249291683907751, 0.7202518166845073, 0.6981502318564156, -0.27425838710606154, -0.4206570645937849, 0.6251034176775243, 0.8817370211807289, 0.9278202283637178, 0.9374356712817602, 0.9100555622650385, 0.8121722569968737, 0.9079478455593556, 0.9293765358889765, 0.9292790847956341, 0.754485272808615, -0.12717010567002898], [0.9966322304480936, 0.9938391935966931, 0.9917646900798668, 0.9971524084550725, 0.9986704222340522, 0.9915676277033554, 0.9981858573611209, 0.9965424431404103, 0.9990020608951794, 0.9678551908745436, 0.9994417904255735, 0.9971680585568428, 0.9991330177197548, 0.9986664416265664, 0.9986679906513514, 1.0, 0.9990629030265447, 0.9989998948579747, 0.998996937092518, 0.9988109918081264, 0.9985622229773263, 0.9924434819363873, 0.9787979390206407, 0.9840188593167046, 0.9903237146660668, 0.9900244117438496, 0.976235927824689, 0.9505713292552166, 0.9927988765804762, 0.9929310903217824, 0.9904515483849974, 0.968146561362415, 0.9987941080270161, 0.9987139584482969, 0.9989526649344335, 0.9986854224109785, 0.9994019212878837, 0.9988643584649869, 0.9989133769598163, 0.9984066724934786, 0.9986845350498228, 0.9987454279818971, 0.9834032651825346, 0.9222537196519326, 0.723339699336986, 0.9292517489361569, 0.9160090721717289, 0.7995076733352335, 0.9603848137961906, 0.9407455919808946, 0.9624951676584648, 0.95109917969728, 0.9430509023604213, 0.9805624174004418, 0.9760396703084356, 0.9488176317306294, 0.9599286161525