var element=document.getElementById("correlationAdjClose");if(element.style.display!='none'){var correlationAdjClose={"data":[{"type":"heatmap","z":[[1.0,0.9999939242695883,0.9856189247797026,0.9999285187091208,0.9991326255747892,0.9848398638372362,0.9979249169431382,0.9961615820517458,0.969490071174991,0.9964764050084811,0.994654104926347,0.9942368459181591,0.9962756470393942,0.9963159996235099,0.9962063115343991,0.9977006635506933,0.9979550581827219,0.9984184563930282,0.9967842305566686,0.9967995164215623,0.9968349136755089,0.9962408067901019,0.9874838872690355,0.9716001280093693,0.9901341823371981,0.9571167303428548,0.9891639927551934,0.988122237578889,0.9685824265601718,0.953363632265771,0.9928704742973177,0.9941027040146794,0.9925731975226797,0.9778004968421261,0.9978283446420667,0.9980390894776427,0.997605436516234,0.9963316728300625,0.9959368629277858,0.9979350517980539,0.9987830290747972,0.9988294859601821,0.9977915571300232,0.9978033373188593,0.9768753420614936,0.9160579925950878,0.9505776621404022,0.9278710330851275,0.9292019050061586,0.9072214775012623,0.9634025482903054,0.9488832462903984,0.9651449418812811,0.9663919510164275,0.9559604274951821,0.9844057876053272,0.9817084226781657,0.9905788314305296,0.9944396976745737,0.9870751407905382,0.9829197149556577,0.9884485456464231,0.9867031713169074,0.9889951133842267,0.9888364687159342,0.9636496276490378,0.9754701094060162,0.9764200427574566,0.9761494513232533,0.9533682572883218,0.9810983433709217,0.9781978082128716,0.9853413624936793,0.9846711946008426,0.9427925579001964,0.8913395849681179,0.858602379645952,0.9068562776156589,0.9234085852692357,0.9208401716981102,0.9213569958676273,0.9201836972237141,0.7014366265561404,-0.5566578901935488,0.9812822516334256,0.9769016891151997,0.973709042707638,0.9877893956016496,0.9751650199343036,0.9849140535924525,0.984918308860102,0.9494168142212847,0.9851093394582233,0.9523669951407545,0.7782294094381932,0.909090412902052,0.929903425857433,0.8047568810158956,0.9520206188313145,0.9526986344565269,0.9004853896589164,0.9658161552219211,0.8956798361440934,0.5978791248828953,0.7228264710877873,0.9026910626962241,0.8710521438774458,0.8938637194759448,0.9745209740690883,0.9747325484438747,0.7841303370607686,0.7401088328830887,0.8250500919961062,0.4277730246910914,0.8037960896007371,0.8292928633356316,0.8245069236217482,0.8162502981101267,0.782476398065966,0.7521582432993774,0.7352960344310245,-0.27692891534001995,-0.41637919530721107,0.6637874192389791,0.8911928855233509,0.9339844644705606,0.9419099552392078,0.9067716881303486,0.8257128286393011,0.9093917942770172,0.9274419234993646,0.9272179590549996,0.8615028406532446,-0.16276152992527534],[0.9999939242695883,1.0,0.9884294270701113,0.9998377568319123,0.9982915704061804,0.9899288246985786,0.9946552808081082,0.9918543408643304,0.9853053642339551,0.9918699106800818,0.9918825336206314,0.9935654455822617,0.9919968643972357,0.9918704914244767,0.9919304592715686,0.9941135470472658,0.996655856265103,0.9962886211613691,0.9942747063665867,0.9942762387220185,0.9919240203655958,0.9919686881271611,0.9920335132669481,0.9745945870706413,0.9887629541040841,0.9825461515981072,0.9886828657762725,0.9880853727990226,0.9813537513751073,0.9356948210763353,0.9893483776981074,0.9870110419502477,0.9809733232698643,0.9345855948092194,0.9957044574513587,0.9956097282956219,0.9958362998133583,0.9923767912704425,0.9953499109088717,0.9958433006600989,0.997117062616217,0.9972656217491777,0.9958265198874202,0.9958341292388434,0.9900514967170468,0.915829457492328,0.8903054565820828,0.9278390963553523,0.9293897372625148,0.9071984049516113,0.8810590491811102,0.9250795194241928,0.8836262543221516,0.9128541185839854,0.8806951361705363,0.9553828751477366,0.9553570944378355,0.9692436749581609,0.9847045675513955,0.9826527889719904,0.9848648580261428,0.9804877584442702,0.980959799510587,0.9822241834822545,0.982152400216731,0.9505007353046514,0.9628164128249964,0.9402248751415957,0.9401249477734244,0.8734667674234448,0.9795081154114612,0.9810071922363545,0.9811934302730511,0.9807986592663714,0.952505265657037,0.7715532554459977,0.7295285808869817,0.8342562797942691,0.8967431410591628,0.8503333502735628,0.8740347299589333,0.8727903873632089,0.7308715928567148,-0.20671090677768358,0.970531247816115,0.9745046085161709,0.9703244168698519,0.983212255472109,0.9681242849381692,0.9735060129886653,0.9729128756330112,0.9313787897082069,0.9753039846281883,0.9343724803872098,0.6974274165084963,0.9088063420166894,0.9071002081374786,0.5051925856607322,0.8307603065661481,0.8353443420905555,0.7421810432399786,0.9667397620682483,0.7150478077108532,-0.29536845549722296,0.21928802754794227,0.7422133252625028,0.6911282341764785,0.7347798969909789,0.9682792655867092,0.9682654238329783,0.1438828458157298,0.31577811881317774,0.15025470324551932,0.12240724571883593,0.14379740118466625,0.1582873924935163,0.15528304022320916,0.07624050305847832,0.5081310613305773,0.23906294844133652,0.18832878974876865,-0.4406341677559215,-0.485753838850334,0.6641791123106977,0.7501425574450817,0.7742741928955416,0.8354946535420591,0.8172815273281584,0.5705049068208234,0.7536532046128108,0.7687418665172188,0.7675603751845821,0.41947347120309675,0.21490214756206122],[0.9856189247797026,0.9884294270701113,1.0,0.9870203603275586,0.9931559132939607,0.9915300249568083,0.9898613893929286,0.9905261350007951,0.9907447681598265,0.9932168237309559,0.9972088974695708,0.9963706441667777,0.9903910283829237,0.9925843051407761,0.9905839975744211,0.9900072899434538,0.9908375241346923,0.9901493421069847,0.9892391592996336,0.9892070707599209,0.9920916653065015,0.9904071033977528,0.9947869909323215,0.9839639751116768,0.9912342933425592,0.9809143392352748,0.9918007302031098,0.987172918088776,0.9862801240826699,0.9594525301632382,0.9696772862724525,0.9738561804965185,0.9767123615835781,0.9540567506414973,0.9871610728240058,0.9902524509763838,0.9886297414738267,0.9921985517391786,0.9947386411218667,0.9910371541335865,0.9850570880375698,0.9878884867432123,0.9875066425685073,0.9868766090712308,0.9921330692397694,0.9110250916631479,0.9334953130866006,0.9408886370625965,0.9226398462238455,0.8632720961322667,0.9212193881682973,0.9039960808254625,0.9238739899037687,0.9277055786302192,0.9124843371707231,0.9494735038960647,0.9581635288430211,0.9667105390480265,0.9776897280335014,0.9398672233293875,0.9648511606737652,0.9632334650885838,0.9701617418542112,0.9634838228878022,0.9381805840368064,0.9223823495569001,0.9461986659607668,0.9359038322938715,0.917312893747958,0.8945227213977365,0.9705959771313117,0.9490529892067897,0.9629873667176225,0.9421458436808552,0.8269656456135764,0.8485081871628333,0.7655445345004791,0.8665444481819372,0.8936500041831439,0.8952134874310491,0.8621240881184714,0.8767477463209138,0.40456291300732794,-0.5456865524662675,0.9605158264099848,0.947919906651575,0.9473444068438245,0.9399870806343036,0.9549711359521744,0.9630119478490649,0.9626748648285423,0.933670529729758,0.9581802139100242,0.8783516331430047,0.7613428177281892,0.9513188914284346,0.9507973200138063,0.7820131660983534,0.9387381003023918,0.9403134631349809,0.8727315941786233,0.9800935344204373,0.7756952292004519,0.501466327977552,0.6654075544962106,0.7969275888328841,0.7973209591724678,0.7780797782250433,0.9824654790095942,0.9825036458788703,0.7122732984569323,0.6855191212951821,0.7105920487099618,0.373890011210076,0.703154742495251,0.713739602654511,0.7261478902412892,0.7124459712775667,0.7436884747034304,0.6854908578673059,0.6674824115300136,-0.33922604787236327,-0.4783098238766286,0.6290219207332766,0.8514366331550055,0.8808316468323115,0.8865278911236582,0.8777168568367028,0.7570774656767219,0.8583585581042307,0.8698341999503099,0.877166286881588,0.7329403568555457,-0.084745143793301],[0.9999285187091208,0.9998377568319123,0.9870203603275586,1.0,0.9993751125835627,0.9860037726063802,0.9981655000612155,0.9965850585379502,0.971752109445211,0.9969360988333117,0.9953381896033119,0.9951291038282055,0.9966810653113695,0.9968079845138856,0.9966292382238264,0.9979709825357972,0.9982880779917419,0.998673806429141,0.9971542447384496,0.9971663254596227,0.9972258589617461,0.9966501192823439,0.9886901876607194,0.9730330088598462,0.9910947090217375,0.9597502624661411,0.9902318800656845,0.9896266650000325,0.9705937957155535,0.9545841880194319,0.9921835806274568,0.9936084897949057,0.9924979566732451,0.9773658631724237,0.9979092058257749,0.99822951650215,0.997829314951602,0.9967908181872825,0.9963816067208606,0.9981559854428026,0.9986769745532078,0.9989039809446297,0.9978683458457447,0.9978766933662406,0.9787284653144949,0.9121773311330773,0.9484276480640778,0.9283803167839043,0.9277395162326371,0.9005191372097443,0.9604349695975953,0.945568019131162,0.9620860098660707,0.9638768031920307,0.9531250148500303,0.9822887652010213,0.9801696196208243,0.9897062526173537,0.9942352186016812,0.9856916473608559,0.9819033128592748,0.9872489931256612,0.9861520295030072,0.9877176123698121,0.9875537264019548,0.9539640716900709,0.9742937937878206,0.9749736644915804,0.9747016590508373,0.9483784480180847,0.9806971160380359,0.9754434632160027,0.983958694854311,0.9832555953962707,0.9226931467950485,0.8899031208894032,0.8548564536299459,0.9052222192471533,0.9206726030141371,0.920388857869642,0.9189917562547137,0.9178636738998801,0.6105628723752657,-0.5561353875548237,0.9805141382106662,0.975783599418475,0.9723707380903637,0.986411455881704,0.9744830817850125,0.9841986164052514,0.9841985635215659,0.9491096214375778,0.9837341583054311,0.9376467446008941,0.78216587460137,0.9144591641868529,0.9339322127868601,0.8064980072284668,0.9533099869341735,0.9540173452258487,0.8999547963516037,0.9670404039490915,0.8894601153776532,0.5940695812960972,0.7209886571214399,0.8971122252995802,0.8673028792861267,0.8880116285847658,0.9753374687850627,0.9755529949643593,0.7828519114092293,0.7402507833491556,0.8170090088101943,0.4295809462577889,0.7978889539306704,0.8209744633466196,0.8161143868817492,0.8107359826016954,0.7846979465510052,0.7519171720099256,0.7351392673470445,-0.272337269398237,-0.41565447749925105,0.6630810805324858,0.8891568447851076,0.9319586428993606,0.9399553452648147,0.9053639354893033,0.8227857711658729,0.9072394562555719,0.9250212180286764,0.9249482343366358,0.8541019652604985,-0.15556501218249905],[0.9991326255747892,0.9982915704061804,0.9931559132939607,0.9993751125835627,1.0,0.9888628319232585,0.999098634351968,0.9985545198958854,0.984013630397643,0.9985558793464816,0.9981600693662118,0.9981988436353642,0.9985820628582533,0.9985879489877472,0.998586613787194,0.9990830300499661,0.9987348091654621,0.9993050801807681,0.9989011173655894,0.9989018147521875,0.9986418664293025,0.9985773622885393,0.9945332384669154,0.9806197456302979,0.9950224985332232,0.9770055421679699,0.9949982499511091,0.9923857472628181,0.9833127538430052,0.9579300300770142,0.9892355455524623,0.9919143698428645,0.9897531723197498,0.9694236049099977,0.9989397653203067,0.9989931829021782,0.9990114520168021,0.9986628873694157,0.998684835161217,0.998984492729078,0.9989795593473234,0.9992032990387919,0.9989446576171087,0.9989442746441777,0.9883137437277995,0.9221635287099605,0.9476620385268212,0.9392643438582335,0.9315803740649053,0.8961668804439809,0.947165531327073,0.9399817377292615,0.9514492234137493,0.9573751821018253,0.9460331007160601,0.9795513954582108,0.9794953467350388,0.9896305502543097,0.9940495343383035,0.9825456493312826,0.9766187447029546,0.9829993329637431,0.9825438620129565,0.983353697711375,0.9831693253947063,0.954507144568663,0.966150163783451,0.9609296197159021,0.9606300030955499,0.9232196056629381,0.9781077388365048,0.9744708195726464,0.9802499526940601,0.9794962652387401,0.9404718431549688,0.8703442530901044,0.8330681946048775,0.890785092851655,0.9254760366993453,0.9102211783856294,0.9172187956299213,0.9163087549451248,0.7565360534224695,-0.5668110213175876,0.9746250003460017,0.9662337032296258,0.9636449032624689,0.983475026007943,0.9654829052582216,0.9780612915710364,0.9777513299303956,0.9410180786268325,0.9795738500142008,0.9435931587246149,0.7717799940577861,0.9292074826983838,0.9536781608790296,0.7703846961797368,0.9409319550102937,0.9422700471004273,0.8942391481742109,0.971977132878596,0.8881879276393565,0.4342004844766346,0.662895395741844,0.894077660116279,0.8435133916269799,0.8895727173117228,0.9788438484019286,0.9790124322111734,0.7477378546195336,0.7239679738448963,0.7514238325705701,0.4078636783376152,0.7032538449541735,0.7562908132271056,0.751909908102065,0.715224016486022,0.7715991318900461,0.7371141844157523,0.7194665454710092,-0.47787754514870867,-0.5591755228187483,0.6580244107911453,0.883775105638679,0.9177674405911911,0.9341159611600431,0.903324118258034,0.8039385633084605,0.8955108770959503,0.9116170256576079,0.9111129391967888,0.790790485988462,0.0544145714819603],[0.9848398638372362,0.9899288246985786,0.9915300249568083,0.9860037726063802,0.9888628319232585,1.0,0.9839115999261457,0.9848219002889312,0.9926646244200089,0.9842056217787856,0.9800032240675071,0.9791909285248701,0.9846871525398648,0.9851339619232518,0.9848927269520462,0.9844923487164451,0.9878700335354306,0.9856886372593056,0.9855576433757047,0.9855214392574303,0.9837243617684204,0.9847621292078982,0.9954035514104381,0.9935277838617087,0.9861352823171606,0.9869175683097015,0.9864098706821298,0.9772453130013538,0.9881900523484533,0.9740095769522789,0.962736183148593,0.9683471708445318,0.9773685654831672,0.9667097432312468,0.9835868136174423,0.9839674942971753,0.9847891697236127,0.9854656190017202,0.9799245658931108,0.9843630062859909,0.9827474343179187,0.9845218605529118,0.9837766358399376,0.9837454362144035,0.9960329708415111,0.8703977447244279,0.9257498236539085,0.9091992708596871,0.9212839471986548,0.8810284049735986,0.9181666038065797,0.9093799471209215,0.9207987334115674,0.9352903288430383,0.9169063007558482,0.9507132300007454,0.9559668128959572,0.9623019199458669,0.9715290159988061,0.9706932356931819,0.9865216858405887,0.9724183537834996,0.9840894638139744,0.9720098616503189,0.9714871841248545,0.9764152072851662,0.9684871731703967,0.9482490904272873,0.9477786180276273,0.946894947538798,0.9826821790849948,0.975320952209504,0.9720189387748285,0.9707045993818141,0.9633685682449618,0.8917422686136155,0.8456221869690393,0.9085937867594144,0.9166726446303575,0.9259962069251365,0.9069853820288628,0.9049360444416767,0.7327724043532761,-0.5052707059114955,0.9806464117331134,0.9821430209617368,0.9779208059450056,0.971607565154714,0.9730857642726899,0.9793972303022681,0.9790190035658347,0.96811759947375,0.9688530798475613,0.9670534414286781,0.7838435598414947,0.8883227981494953,0.9533383602396756,0.8161305841556344,0.942258262260714,0.9432010885142104,0.8677041943520849,0.95914534788068,0.835983744940943,0.5213597976571797,0.6867445938626763,0.8455219369542432,0.8202871227503092,0.8350205893544286,0.9595659818186371,0.9596378802670452,0.7375175049025392,0.7165736982103034,0.7525766854848803,0.4317615520592231,0.7444493874721462,0.7580000891513682,0.7517485448100628,0.7487512567881656,0.7658836008148668,0.713401567178197,0.6992868198911273,-0.29998753331664907,-0.4300056081641853,0.6705858585957261,0.8567322922130909,0.8749224920953691,0.8886288308970579,0.8672121508182008,0.7824168247003075,0.8497796434982008,0.8668466132838235,0.8667273258530254,0.8083671506744762,-0.11902128939774397],[0.9979249169431382,0.9946552808081082,0.9898613893929286,0.9981655000612155,0.999098634351968,0.9839115999261457,1.0,0.9975134722119693,0.9571911660793307,0.9996073098053081,0.9995624590561688,0.9995829171152588,0.9984097187389988,0.9994729167638737,0.999179180872871,0.9998909521602316,0.9965632608603507,0.9999033196435394,0.9993745354927543,0.9993802132233345,0.9997114503053238,0.9993247915577999,0.9907183772463733,0.9746217554048803,0.9857949486039123,0.9265555832381906,0.993518196906893,0.9920412051899633,0.9739889846463875,0.951564587771948,0.9916141124576384,0.9918658345163723,0.993506463890777,0.9747484144355819,0.999000568958576,0.9998506833401587,0.9997127814916984,0.9994794264388859,0.9997657443933412,0.9998352852109321,0.998502986323678,0.999734258811327,0.9993837836781368,0.9990386041404365,0.9806621969988769,0.9300449733773722,0.9511492359384793,0.9485736971544876,0.9389738702306089,0.8963648536855466,0.957047748828861,0.9452125569419138,0.9593738115982506,0.96133348179235,0.9518098963106432,0.9814126078077366,0.9807934150364751,0.9916621831206326,0.9963610613032259,0.9498587630443144,0.9647535720893508,0.9740907639797983,0.9747665103705048,0.9756279346621213,0.9499425503058505,0.9066066703349572,0.9576312169977088,0.9625648719893938,0.9412080694441677,0.8980791206088441,0.9686943673130403,0.9422330146184315,0.9689493563215293,0.950300266718361,0.7873020151085867,0.8640572077837262,0.7857766807218096,0.8785373358492498,0.895389981189015,0.9000527642491778,0.8787274793990072,0.8908530971880818,0.3537474646595472,-0.5897302330082353,0.9658945629720612,0.9526444508022585,0.9512967501579268,0.9514321792809073,0.961743387865296,0.9720257621490259,0.9721232148555453,0.9305724788511689,0.9689110618623316,0.8545371405786688,0.7663719761080168,0.9299397722268233,0.9332451790224351,0.7947900650029937,0.9512647777876687,0.9521361816175509,0.8977366530950073,0.9714661937629651,0.8321385419159173,0.5870122468067418,0.7136104479728469,0.8556384887455302,0.8479581853026305,0.837157288166234,0.979165619167124,0.9793890617117765,0.7732336175263154,0.7214362654698033,0.7820937501402422,0.4023211409486442,0.7764812738517672,0.794155388852823,0.7883349011142227,0.7921955589879217,0.7687007588972461,0.7430255021329488,0.7244878290091464,-0.28692488826429025,-0.4377404991292862,0.6751111483692454,0.8878413525380187,0.9231624070710901,0.9401918521361265,0.9091735308414426,0.8236382729343709,0.9088883440633377,0.9281106374439064,0.9268266946512632,0.7752755475380645,-0.12318345254403125],[0.9961615820517458,0.9918543408643304,0.9905261350007951,0.9965850585379502,0.9985545198958854,0.9848219002889312,0.9975134722119693,1.0,0.9680239383170589,0.9999998268303866,0.9999992963145466,0.9997499306611297,0.9999970670868453,0.9999925407033788,0.9999982065690273,0.9993117102800433,0.9913306898575388,0.9994440903550426,0.9999076632022168,0.9999074215635586,0.9999641867525103,0.9999987677110338,0.9911520858912264,0.9762045642424708,0.9927857628760024,0.9406334514948741,0.9940161465321948,0.9902528646464536,0.9761933805776393,0.9509352388648477,0.987930383560305,0.9938260209748797,0.9920589726153793,0.9716862499217597,0.9994642918471596,0.9995621653984826,0.9996686067579332,0.9997389828596013,0.9991968176074479,0.9994947184602744,0.9982043093929123,0.9988077816415072,0.9995359124312715,0.9994020834356073,0.9823253016716306,0.9298364987174107,0.9483959353842416,0.9524008559137174,0.9373010050544578,0.8855632113885582,0.9552924579304432,0.9406552892321159,0.9572564876560703,0.9555858843523632,0.9457489412598087,0.979375062055393,0.9778256475337723,0.9906029347576231,0.9968705280943077,0.945006225458087,0.9607568913275782,0.9679151463026512,0.971822139136827,0.9698306747459747,0.9482604033429421,0.899340832202355,0.9530557470197365,0.9559694968358404,0.935907483774819,0.8864059749542053,0.9660880609204011,0.9362563465011875,0.9636781511946991,0.9458029786532351,0.7750462221649288,0.8563707851272675,0.7814342379949444,0.8708807887259196,0.8884735933092507,0.8956848884528176,0.8744441343895702,0.884272465664984,0.33657704415371376,-0.5938992551073585,0.9618972400488744,0.9464158778663371,0.9455466041342767,0.9495103632461485,0.95736242693541,0.9680963234590395,0.9681921876578533,0.9260729637893219,0.9623219571604477,0.8439290370839072,0.7633745893116991,0.943608650738365,0.9438797796418156,0.7913166997120225,0.9510375156342312,0.952057814106112,0.8951973647827106,0.9753808813093517,0.835000099631097,0.5727009840739838,0.7048795680982285,0.8565515966074785,0.844767324493641,0.8392459264471053,0.9815892199685952,0.9818116537644567,0.7642942190004433,0.7138214067710537,0.7833241402405277,0.38996387905472985,0.7713256454220263,0.7895761425321425,0.7886917469661656,0.7865864026912155,0.7625285785274228,0.737256696319004,0.7181451951590363,-0.3025501011399525,-0.4523064764392283,0.6612208221434427,0.8803011305399115,0.9206074075005402,0.9326121835438812,0.903400200405011,0.8128966543180667,0.9024473807300913,0.9218139086115452,0.9207992964136268,0.7564601460966677,-0.10624675940769295],[0.969490071174991,0.9853053642339551,0.9907447681598265,0.971752109445211,0.984013630397643,0.9926646244200089,0.9571911660793307,0.9680239383170589,1.0,0.9830439353490762,0.9873429708846703,0.9896509767202865,0.971699876903949,0.9800099203602315,0.9766141182283602,0.974499404248512,0.9492439599385394,0.979319056303676,0.977371721369953,0.9773176835931959,0.9815327269692833,0.9764632407386438,0.9939706813546828,0.9927707023140754,0.9809576903026553,0.9887892514204631,0.9840214761780627,0.9900688465899498,0.9905229901543608,0.9677514263380681,0.9277176498593979,0.9493249550965952,0.9656188821045378,0.9497402159224475,0.9710028751717679,0.9793907846434112,0.9761083989704199,0.9784671593702482,0.987838864311437,0.9805172144700925,0.9669997352621938,0.9764269450542568,0.9718538326227943,0.9708024901208239,0.9989575002112442,0.8889839227465566,0.9171802108103603,0.9434149227635792,0.9340521447261557,0.8591841612013805,0.8843762985476848,0.8814476469031391,0.8882390118048548,0.9108655439285204,0.8918180741856984,0.9279485777191929,0.9436660348657304,0.9494852742391299,0.9614711259317011,0.8996804074690284,0.9660448382715492,0.9427026203432627,0.9638649373022677,0.9427164228849017,0.8979421900695019,0.911990899507759,0.9394049120639807,0.9112382656468638,0.8744204783933022,0.8773271251248778,0.9653985868834094,0.9165842147702054,0.9410200721717816,0.9028406300214082,0.8140906345394774,0.8414068666445096,0.7214912810835944,0.861337007445333,0.8745599791124775,0.8883171017517811,0.8362682035192173,0.855170352421,0.38252950353418663,-0.5303293257388089,0.9548106248351492,0.9505088421525674,0.9467787798737394,0.8985872572079029,0.9447735714284892,0.952777170806303,0.9522764710834516,0.9365046504152483,0.9370971404234515,0.865128057895824,0.7676094242647121,0.9349443219527913,0.9591594778340683,0.7906728117702996,0.9318712375130968,0.9334043929673248,0.850244590430947,0.9675182177436734,0.7420151892181385,0.4642814357518666,0.6464479553125235,0.7741775645528505,0.7741425446748813,0.752380007035076,0.9668739201486446,0.9668842445900063,0.693187726207121,0.6748290560322009,0.6758834130542376,0.3814212423780761,0.6849808898320743,0.6919075799963695,0.6759514147901906,0.6907328980448035,0.7364498939977057,0.6797005151941832,0.6629882016688886,-0.34574503426517084,-0.4811292337819851,0.6723254569232313,0.8361027695493497,0.8336969504595728,0.8611022032718719,0.8567288102157449,0.7494726608463886,0.8137964505261418,0.8393114545205039,0.8333198004788483,0.7049178623945419,-0.04447345356280765],[0.9964764050084811,0.9918699106800818,0.9932168237309559,0.9969360988333117,0.9985558793464816,0.9842056217787856,0.9996073098053081,0.9999998268303866,0.9830439353490762,1.0,0.9999991187670862,0.9997546521898516,0.9999985224425855,0.9999913412159875,0.9999977146408568,0.9996729789765142,0.9978207785376492,0.9994403767613492,0.9998808606384436,0.9998808146263213,0.99997680247704,0.9999992983783113,0.9937274197017281,0.9777868136290906,0.9960841073607589,0.9736719269124782,0.9961681438033297,0.9902711422708478,0.9805745407430911,0.9522780832800932,0.98946622309391,0.9935986454832231,0.9895757607514075,0.9682450909259387,0.9994875282869063,0.9995545832172109,0.9995668454510984,0.9998284551998831,0.999210068444397,0.9995023951342865,0.9984120052244995,0.9988511403499459,0.9994919793480834,0.9994870874998004,0.9866411202299805,0.9299054607832867,0.9484329815677349,0.9524164253055921,0.9373616774490425,0.8857033010619008,0.9452656650267549,0.9345760551470412,0.9489581434871645,0.9537268198048229,0.9437407879687604,0.9781006599649885,0.9778604857306028,0.9911790459579694,0.9966535833202581,0.9728695715325291,0.9607471660313119,0.973367612142807,0.9718200559838075,0.9738208410187537,0.9735723316456872,0.942575177312228,0.9530756179230103,0.9515793840148379,0.9512456259321911,0.9120451005017809,0.9660733743037176,0.9650867530270375,0.9707704461725168,0.9698017068516337,0.9274441879228813,0.8564188274138965,0.8137269363756899,0.8709256474792038,0.9089044730976945,0.8959991004776938,0.9019544991292735,0.9011013943580733,0.7103555004141595,-0.6024614197606376,0.9619048937094133,0.946417708912813,0.9455583419760668,0.9739898824785462,0.9528455363747091,0.9677656540666355,0.9674003303328215,0.9267715851395898,0.9695034092743943,0.9296416441155233,0.7633847174641128,0.9434753434206526,0.9559456185899544,0.7747736207498306,0.9444991568282365,0.9457742439268053,0.8952697471516176,0.9745803474441272,0.8960709060141968,0.47213930936095105,0.6805915484703828,0.9018538878896417,0.851887836233719,0.8974649863981493,0.9815766520022695,0.9817992073550175,0.7643630231523253,0.7139191935823516,0.7675037865413924,0.39008706208920896,0.7207939242660223,0.7724293396995182,0.7678394590391221,0.7342544286772844,0.7625815770835405,0.7373488448769102,0.7182398094027559,-0.5233083461495577,-0.605229075765363,0.6614311836703494,0.8804078497036398,0.9200402698711226,0.9361831862158385,0.9034986151021925,0.8093441680506829,0.8967097647205348,0.9135996653283003,0.9130612292953821,0.802813418102827,0.1198802898904089],[0.994654104926347,0.9918825336206314,0.9972088974695708,0.9953381896033119,0.9981600693662118,0.9800032240675071,0.9995624590561688,0.9999992963145466,0.9873429708846703,0.9999991187670862,1.0,0.9997546775370956,0.9999963335388927,0.9999946829986538,0.9999982902735244,0.9996543128414475,0.9974572411154352,0.9991634741590113,0.9997779811358377,0.999777823818743,0.9999984049515799,0.9999983061882021,0.9928497885796682,0.9728987411836066,0.9951153781345152,0.9815723969967747,0.9957147779272338,0.9902869480274117,0.9825715419128512,0.9440269198450855,0.9883471154528616,0.9929140199719753,0.9829763991174165,0.9419386040115362,0.9992492710156486,0.9993068531342202,0.9992437721496389,0.9998897114966778,0.9991923382045436,0.9992541147200661,0.997822176744271,0.9984261230651862,0.9992208485477398,0.9992182944871388,0.9887017791257638,0.9295942960672154,0.9128681111243389,0.9523527253220255,0.937251366846352,0.8853619446707527,0.9121212648413244,0.9014801745403824,0.9168165389043827,0.9256871552127176,0.9104173995418237,0.9697210145920806,0.9696952643797349,0.99044968183585,0.9950624833694477,0.9654215883152116,0.9608570212834955,0.9617736510159537,0.9622119351718814,0.9634329978129502,0.9631732846053351,0.9187052042831886,0.942934195371458,0.91983827812593,0.9193484346874431,0.8430463847079607,0.9636385994332994,0.9695818513232247,0.9658334545146043,0.9647509725030717,0.9188820788420741,0.7831062142116181,0.7421103883091577,0.8296939898516198,0.8856820976664062,0.852187610685487,0.868862631552444,0.8674239317386131,0.7063987885978072,-0.42156081352144037,0.9486877233025046,0.9465375836706347,0.9456406338180924,0.9666644172559925,0.9395217486088592,0.9517339921491489,0.9510847431318342,0.8972297237750083,0.9547296355807494,0.9025413556458,0.7635383215494319,0.9438149292290853,0.9592528554319735,0.656042566634017,0.9009933618196916,0.9038424906452313,0.8509203261249669,0.9844831216572844,0.8385425419954037,0.13446514792353945,0.5283014199509177,0.8508355188081873,0.8159835637558387,0.8451583368224788,0.9852310020216118,0.9852479805988922,0.5126182240954567,0.6222596708462079,0.5198824983240871,0.39000221189775913,0.48542584517499876,0.531709316753041,0.5215057418594481,0.4584492739865844,0.7503261677256806,0.595885402164733,0.5561603357662459,-0.48707016099304046,-0.5427269538799214,0.660818781268352,0.8591090592004922,0.8719072487512051,0.9028515563754717,0.8969609045588275,0.6634347180483925,0.8400653357663274,0.8642282597257764,0.86347916056035,0.6074027979597727,0.06410607140027486],[0.9942368459181591,0.9935654455822617,0.9963706441667777,0.9951291038282055,0.9981988436353642,0.9791909285248701,0.9995829171152588,0.9997499306611297,0.9896509767202865,0.9997546521898516,0.9997546775370956,1.0,0.9997682219803165,0.9997530440613843,0.99975986528304,0.9996579030536937,0.9981018819658849,0.9993698473815233,0.9999684044724866,0.9999680869577132,0.9997588833664028,0.9997648167015499,0.992300113163452,0.9690805992144982,0.9937966382796508,0.9820398384065021,0.9946145899179795,0.9929779211989175,0.9783464034241314,0.9236642224478641,0.9910257467953664,0.9939704627684901,0.9783056601290725,0.9217092907323423,0.9993795482064579,0.9994307126234587,0.9993892852330809,0.9995627292197424,0.9995896775806765,0.9994069361090491,0.9976714039705302,0.9984537196589129,0.9993669585871753,0.9993637654127512,0.989907843203908,0.9248378145881738,0.8977949778809547,0.9494941207774286,0.9367075334088127,0.8854449455605301,0.874226833469775,0.9140143610745114,0.878088622829686,0.8996908424082422,0.8722975433899616,0.9565070616433409,0.9564889948912462,0.9811330407708574,0.994367143154806,0.9645684013411093,0.965646178385015,0.9579516827622097,0.9603356529036561,0.9609151162608612,0.9607621791453111,0.9195858932573638,0.9351489585509253,0.9067344127499388,0.9065707126769867,0.827099623791527,0.962414370198489,0.9647315950387528,0.9648245531273617,0.964270160354946,0.9256252032198089,0.7262791209461594,0.6807660295024608,0.7911802705631154,0.8611266425256736,0.8116726148235629,0.837123402852787,0.836210145662655,0.6801869532374144,-0.3222806852070653,0.9433492176654503,0.9495181844491891,0.9431096663030114,0.9654995313758094,0.940330326824488,0.9473328060864091,0.9465138293750638,0.8952355386487638,0.950083177845397,0.8993852425765604,0.7105575289366362,0.9411095660716358,0.9355428609100646,0.5142674037331438,0.8402656888860278,0.8451697608519473,0.740750964001976,0.9776970003607649,0.7166070712088713,-0.23675497294727352,0.2589356028970126,0.7406842690031733,0.6955390703302157,0.7342514451464865,0.9788823219001112,0.9789683394647031,0.1883198390296416,0.3458877001283326,0.19319511616907745,0.16535004132543735,0.1852912778985117,0.20189433258200085,0.19953344719063432,0.11592855255459103,0.5348218730447927,0.2672027898220984,0.2146498321090768,-0.505784258874746,-0.5499585277071036,0.6616845567091114,0.7516016836552313,0.7756155831396058,0.8388991300947474,0.8234745404280719,0.560699611975138,0.752376531600256,0.7703558670315891,0.7692488829376256,0.4216448821444606,0.2558649145854892],[0.9962756470393942,0.9919968643972357,0.9903910283829237,0.9966810653113695,0.9985820628582533,0.9846871525398648,0.9984097187389988,0.9999970670868453,0.971699876903949,0.9999985224425855,0.9999963335388927,0.9997682219803165,1.0,0.9999910044761279,0.9999976789811302,0.9993607508718628,0.993026755723567,0.9994848257328572,0.9999167543106346,0.9999167019223066,0.9999712437171254,0.9999989617887932,0.9910411858640912,0.976026872910385,0.9934460145803241,0.9455712785386989,0.9939692081548201,0.9903728377859614,0.9759998756829121,0.9508934014961393,0.9888377782062304,0.993905179038171,0.9921466326473553,0.9718267101281062,0.9995070119830943,0.999602336462436,0.9996994797766294,0.999739047855803,0.9992595002134985,0.9995363569069252,0.9982916135497516,0.9988766777210728,0.9995789099086511,0.99944561044264,0.9820947294531432,0.930128604204509,0.9485824082087253,0.952359500505931,0.9374681711148941,0.8862638007601958,0.9556513014489757,0.941059396488948,0.9576198641564186,0.9559442640998618,0.9461580775160362,0.9796336342956533,0.9780229944994427,0.9907474213172014,0.9969496102351577,0.9452883217944078,0.9608412124380168,0.968150248363885,0.9719118470283697,0.9700633644706999,0.9484951408202789,0.8993890896140028,0.9532576800072851,0.9563340830123219,0.9363077828965811,0.886697705899013,0.9661299884089621,0.9364302731039696,0.9638611823585216,0.9460643110043193,0.7750331495442981,0.8567231969247694,0.7819278816731178,0.871216525995995,0.8887357644362651,0.8958611690893545,0.8747979651391481,0.8846260971397406,0.3367679192690131,-0.5939158262574876,0.962038033404043,0.946631306730448,0.945737153701323,0.9497358661003723,0.9575138939356763,0.9682531212042843,0.9683501692336758,0.9261399558274788,0.9625763429747147,0.8440206524647276,0.7634745989061509,0.9429929942543204,0.9433751943254642,0.791410908805624,0.9510584011325187,0.9520707171547593,0.8955401826879608,0.9752358183428627,0.8354838203132513,0.5737803027361956,0.7055419838238827,0.8570242515989471,0.8453013001932547,0.8397247126985802,0.9815247456754245,0.9817473587863763,0.7649188305111964,0.714357399794367,0.7839304017813237,0.39064915353285956,0.7720011003451477,0.7902677190096893,0.7893106207567478,0.7872977224052742,0.7628856904686093,0.7377102548949938,0.7186177566123333,-0.3016045275541496,-0.451465472884899,0.6616992025583123,0.8808282851951157,0.921074125382037,0.933150934756711,0.903882840338992,0.813470459554928,0.903031785191301,0.9223932724582224,0.921368175066355,0.7571468106631402,-0.10727989375311235],[0.9963159996235099,0.9918704914244767,0.9925843051407761,0.9968079845138856,0.9985879489877472,0.9851339619232518,0.9994729167638737,0.9999925407033788,0.9800099203602315,0.9999913412159875,0.9999946829986538,0.9997530440613843,0.9999910044761279,1.0,0.9999949259864446,0.9995550593166854,0.9977607690843907,0.9994426871827744,0.9999018742815803,0.9999008527095066,0.9999527745068594,0.9999912087261733,0.9930015224416203,0.9764471035270081,0.9957941477248065,0.967660929053526,0.9955694362636381,0.9902440756082553,0.9764017557420304,0.9511299569429098,0.9890711907714068,0.9939069969443374,0.9914183581544511,0.9713766946334496,0.999481924136616,0.9995552009207374,0.9996172733675204,0.9998853631888459,0.9992210036311503,0.9994842612456121,0.9981412634845952,0.9987985271602319,0.999500261893911,0.9994931555096487,0.9845792705593839,0.9300547361721263,0.9483256350871406,0.9523240937027736,0.937259204446688,0.8856563882878256,0.9498669986921924,0.9334315982433208,0.9521260237114381,0.9553508825753418,0.9454656447420111,0.9779596131313413,0.9776843912429233,0.9900019345941481,0.996940420998556,0.9730976658410759,0.9605155900180719,0.9735304407374119,0.9718263795664202,0.974491346806555,0.9742275679308698,0.9510042559497776,0.9527886371536824,0.9555326470681508,0.9551786167227122,0.9275446123929441,0.9661075869527964,0.9678529967356496,0.9723733278226108,0.9712785239536637,0.9362818952590483,0.8561140485888513,0.819868255187656,0.8706992619371371,0.9000212621714446,0.8956647908140619,0.8963292771827237,0.8951403308045113,0.6876452858625055,-0.5940502195709134,0.9619265043657745,0.9463098948137288,0.9453082140836093,0.9742295201776345,0.9574767886291671,0.9681241257847941,0.9682165124253477,0.9261666705822327,0.9687345150225473,0.9375994504539285,0.7632580477101837,0.943204939351288,0.9490402764582274,0.7909022987611243,0.9508951965858358,0.9519319497073968,0.8951399994731203,0.9756287706877366,0.8841974517772077,0.5726514929727515,0.7045538415434796,0.8919150862889342,0.8580191322101245,0.8826778712096972,0.9818321976889473,0.982051777842364,0.7634637397714232,0.7133686043778583,0.8010313787954799,0.3900668498105788,0.7769991414193108,0.8055688585683194,0.8000990926870631,0.7863293884245072,0.7626624824236302,0.7360265682449447,0.7169590580838784,-0.39330356373944825,-0.5143658763920202,0.6606971169615956,0.8804033041940951,0.9172977386199379,0.9284497753159876,0.9038363462191104,0.8120447836966274,0.8898490117551503,0.9102511991649149,0.9098369986464703,0.8401324725997839,-0.07415164151315115],[0.9962063115343991,0.9919304592715686,0.9905839975744211,0.9966292382238264,0.998586613787194,0.9848927269520462,0.999179180872871,0.9999982065690273,0.9766141182283602,0.9999977146408568,0.9999982902735244,0.99975986528304,0.9999976789811302,0.9999949259864446,1.0,0.9994522831680125,0.9970203823365238,0.9994602761724917,0.9999106177057235,0.9999100711416791,0.9999652494569082,0.9999975829217176,0.9911969840847651,0.9762698823044822,0.9951389697337596,0.9591566035999424,0.9949405607156401,0.9903277838228632,0.9762484226007717,0.9511062944769102,0.9913029766744164,0.9941727939437291,0.9920071742746212,0.9715958202169166,0.9994760080472964,0.9995635357655098,0.9996758873787985,0.9997546023488095,0.9992252433362177,0.9994921410587887,0.9982295087423348,0.9988242462001558,0.9995459118723,0.9994147916400001,0.9823258462860297,0.929914257612869,0.948413451356005,0.9523966375253162,0.9374097399779627,0.8858634549362945,0.955371832637211,0.9407894528499241,0.9573678617808511,0.9555347285034395,0.9456646139804137,0.9794003179609649,0.9777692210945532,0.9905727871151581,0.996834354154202,0.9453026197809895,0.9608387678572893,0.9680829974143054,0.9719013087002548,0.9699842465183466,0.9480775950222682,0.899558577445348,0.9529635128640114,0.9560341033058765,0.9361206314199713,0.8865409438698555,0.9662342842383329,0.9366034884268677,0.9638822816334828,0.9461134669874642,0.7753953823079425,0.8563651041286774,0.7816971713903,0.8709172702915845,0.8886443841902482,0.8956902230669286,0.8745969010556174,0.8844413674868303,0.33693526080268676,-0.5935957617909664,0.9619824126855333,0.9465533356684875,0.945668912257746,0.9482565870529568,0.9575384166809383,0.9681777196609309,0.9682702819670463,0.9262657141885139,0.962490646065393,0.8441984270129863,0.7634054038616419,0.9433128023015862,0.9437803891535704,0.7913173051637716,0.9509642378308949,0.9519885905446176,0.8950144043347008,0.9753978679351992,0.8350310806474183,0.5725258343177274,0.704765682859883,0.8565603314652713,0.8448912481902717,0.8392736142468703,0.9816282104776807,0.9818474941942593,0.7639033638940407,0.7134792526938117,0.7833035710344534,0.3902231230740777,0.7713027517530114,0.7894954470900222,0.7888468184825183,0.786486008460741,0.7624468092433943,0.7365126588117494,0.7174357391357541,-0.30236251292987704,-0.452114372074684,0.6614678782383345,0.8802063649613668,0.9207297426930903,0.9326524576566788,0.9034399577921914,0.812690250878486,0.902649519300772,0.9218487919706495,0.9209511826903534,0.7565540917667569,-0.10651736109678628],[0.9977006635506933,0.9941135470472658,0.9900072899434538,0.9979709825357972,0.9990830300499661,0.9844923487164451,0.9998909521602316,0.9993117102800433,0.974499404248512,0.9996729789765142,0.9996543128414475,0.9996579030536937,0.9993607508718628,0.9995550593166854,0.9994522831680125,1.0,0.9983795260147554,0.9998481120505495,0.9995428907460892,0.9995477422842537,0.9997645839047785,0.9995280228469042,0.9908271167222648,0.9752078870429446,0.9937653005129022,0.9514519105723553,0.9934093193911838,0.9919898783035481,0.9743758611729977,0.9517248579662685,0.9917546298138649,0.9925818942949889,0.9929159530965165,0.973798593780415,0.9992667248369483,0.999731263498759,0.9997133945417533,0.9995643684612165,0.9995883985855496,0.9996859066798168,0.9988335026492476,0.9995761257703005,0.999504523069588,0.9992619961855532,0.9808698521480606,0.9285489384037545,0.9505838945972193,0.9487348131680872,0.9379540705551549,0.8928920667423044,0.9575028373938689,0.9454930492896418,0.9597929678356584,0.9598545341173262,0.9500625031448139,0.9814547043351101,0.979889667254567,0.9915693152550111,0.9963413552455868,0.9501235680619293,0.9645265399369657,0.9733397865270301,0.9745123630475242,0.9749658417183038,0.951031132941127,0.9057020576418234,0.9564425382700524,0.9616264739755704,0.941289969877641,0.8957021593775335,0.968762097669713,0.941904148024007,0.9685168400006995,0.9506800093781901,0.7848529478941673,0.8621560365100539,0.7866090635307725,0.8767405084756158,0.8941503384530672,0.8987972974190869,0.8787184535468902,0.8899737467406388,0.34976997101515317,-0.590132539658787,0.9653713338267285,0.9516332279224133,0.9504778500492117,0.95255363742955,0.9616466760799507,0.9715182721874847,0.9715979386492871,0.9306514784968075,0.9680334828404049,0.8526964879118963,0.7651163910453299,0.9335258986476666,0.9356310295373403,0.7942516662537198,0.9510305695230111,0.9519404974800647,0.8952664555161503,0.971856469989581,0.8343069300035634,0.5822894338358454,0.7102306268352886,0.856600