var config = { responsive: true }

var correlationClose = {"data": [{"type": "heatmap", "z": [[1.0, 0.9999835749883718, 0.9769384491939093, 0.999691905477832, 0.9972265787819727, 1.0, 0.9899831121522049, 0.9851557568090261, 0.9905745117375813, 0.9728167467183161, 0.9789278184086272, 0.9900316299850361, 0.9901943609141033, 0.9901027117542052, 0.9901705475770771, 0.9930998974896976, 0.9932963458887648, 0.9912115028385786, 0.991209646912172, 0.9911587891104107, 0.9900337810281884, 0.9768784589060394, 0.9634831527312671, 0.9758774337607784, 0.9758502834612828, 0.9489543223039244, 0.951851573497521, 0.9424932872330644, 0.989873802913205, 0.9898281884218901, 0.9856684715250126, 0.9741815896728638, 0.99319426343794, 0.994139488098082, 0.9932131363309186, 0.9914139746955771, 0.9855540746355735, 0.9938150849608368, 0.9937731578791794, 0.994709704398989, 0.9934061363209878, 0.9934010904959688, 0.9934061363209878, 0.8984398391245987, 0.69647471049744, 0.8637923630019676, 0.9002659925776363, 0.8153876254106853, 0.965124285942665, 0.9294491644509483, 0.9557111683793976, 0.9505774731294697, 0.9540313853811799, 0.9783109933426141, 0.9721998293577537, 0.9065627376342231, 0.8948698725750357, 0.9267005740353472, 0.8968690829351184, 0.923070909928387, 0.9240584942919592, 0.923070909928387, 0.8278700759897881, 0.9019528608815577, 0.9032072092668403, 0.9019528608815577, 0.8810858576804237, 0.7053250444197666, 0.8577641590350387, 0.859803529091695, 0.8577641590350387, 0.598184132545302, 0.4854808553842613, 0.5723673930065734, 0.7257982068539206, 0.4593711329078269, 0.5253332183772872, 0.5275859415893724, 0.5253332183772872, -0.5970329457985551, 0.8682185286496193, 0.8988657786105417, 0.8805569234270375, 0.9082501103501579, 0.9333348384488056, 0.8666094675051264, 0.8682757724157995, 0.8666094675051264, 0.8796988825296124, 0.8796988825296124, -0.1741994243506532, 0.4996374978692231, 0.2139306469768268, -0.5107577140690773, -0.5409618707395291, -0.5443986293284023, 0.009419432342228792, 0.02959900517055931, 0.2912292090732843, 0.20302196271351441, 0.12090327943803778, 0.0951090141192266, 0.1228926442341884, -0.1708394876282198, 0.09948203295108439, 0.09993581562332012, -0.5126607773077112, -0.4068936307842479, -0.16894298988459308, -0.45327683476535696, -0.3353549428314832, -0.31065578230627605, -0.3017331349158295, -0.31065578230627605, -0.1623553658800385, -0.21521372055975446, -0.21521372055975446, -0.520376832895216, -0.520376832895216, 0.3987703323114282, 0.6709904606172299, 0.8793305205121998, 0.8569290213467013, 0.7966964047399143, 0.6777574985518872, 0.7777139499762198, 0.8189153413619951, 0.8189428424000934, 0.8189153413619951], [0.9999835749883718, 1.0, 0.9634583175751417, 0.9991077135134652, 0.9925993721370947, 0.9999835749883716, 0.9740442424291257, 0.9632930109327321, 0.9737656614992345, 0.9547622559638271, 0.9762722218420302, 0.9740964065624923, 0.9740473560109193, 0.9738344614938149, 0.9729357733940632, 0.9829160080541794, 0.9813738966656176, 0.9804151179786915, 0.9803793712301753, 0.9741777311963825, 0.9741649448815834, 0.9793699406509683, 0.9636206438697884, 0.9658577930249878, 0.9659447733127654, 0.9494795286668818, 0.9711679472153408, 0.9241705613205597, 0.973407466347794, 0.9734605334871343, 0.9702832243752043, 0.9166057953362285, 0.9854709047249846, 0.9855852802878675, 0.9864779535054556, 0.97685774636911, 0.9835271617221318, 0.9854590345532062, 0.9862193745436498, 0.9859850385516632, 0.986619151786858, 0.9865909456627893, 0.986619151786858, 0.8984709387682467, 0.61526894659476, 0.8645383930637949, 0.9004789829219714, 0.8146333458833636, 0.8678245009443123, 0.8834385156617375, 0.858261259280479, 0.8744710925064764, 0.8642783104793381, 0.9383001378415485, 0.9383314614767615, 0.9088349379380813, 0.9206138289895035, 0.894251206212708, 0.8938727385932949, 0.9020220608442218, 0.9028632104865495, 0.9020220608442218, 0.7449996109020856, 0.7077566012091332, 0.7098484098973028, 0.7077566012091332, 0.913971522606552, 0.9200450547763687, 0.9136060551330091, 0.9150674994636792, 0.9136060551330091, 0.4076240299532553, 0.3521853863100979, 0.47468467144884924, 0.5727417645390614, 0.44904410601133377, 0.4960124107513045, 0.4973677690395834, 0.4960124107513045, -0.19033382210314082, 0.8445521788309586, 0.8856755511515616, 0.8701585295674287, 0.9169950824153651, 0.9186428314201535, 0.8375298687345467, 0.8379795876297905, 0.8375298687345467, 0.8500986874323725, 0.8500986874323725, -0.28261621905611084, 0.5008615749050845, -0.37666129153855293, -0.4535074811582763, -0.4544447174922671, -0.4578901429534323, -0.2583731177524074, 0.20257294089751307, -0.17677077245835401, -0.33255476527606, -0.18778383526076123, -0.24196746204790573, -0.2665453513337671, -0.2947701430513741, 0.07381343962780429, 0.06829713023338979, -0.4658657627730116, -0.4168772403408852, -0.44468807774700936, -0.47468599014455054, -0.4670945773600035, -0.4479392189044988, -0.4511206266586726, -0.4479392189044988, -0.3491411308946541, -0.4748784399455347, -0.4748784399455347, -0.4549417791887064, -0.4549417791887064, 0.39851625480363156, 0.4418038423393605, 0.5312105561414124, 0.6130776763370808, 0.5909590768621439, 0.2680493854214875, 0.40906921054903644, 0.406804235481387, 0.40671456173251064, 0.406804235481387], [0.9769384491939093, 0.9634583175751417, 1.0, 0.9810001399211488, 0.9907602720489767, 0.9769384491939094, 0.9851964023341427, 0.9832204478359658, 0.9921980562084024, 0.9339057599622654, 0.9962624602254402, 0.9851448427811841, 0.9826107233018975, 0.984907416483226, 0.9848094841511105, 0.9879790618741777, 0.9890434116037533, 0.9825973648824077, 0.9825910424823293, 0.9907093487436215, 0.9850614828918277, 0.9904016265350345, 0.9787063895033941, 0.9825067289889222, 0.9825236355807613, 0.9790850570566467, 0.9768629811573359, 0.9455546116352881, 0.9670214653458942, 0.9670893505346837, 0.9719845217381237, 0.9476129003155532, 0.9811078415287474, 0.9876595954523207, 0.9794142866457769, 0.9824986604081141, 0.9933245315328721, 0.9896204760983222, 0.9792152847836754, 0.9866954964784349, 0.9807984550762755, 0.9800850341110027, 0.9807984550762755, 0.9074900471224366, 0.612265830868117, 0.9094903425490122, 0.8802746632442822, 0.6596479323208642, 0.9082216354895596, 0.8573671717730597, 0.8958468858016734, 0.8926426362123776, 0.9003523878776127, 0.9293130267831984, 0.9388002280045992, 0.7377177830473158, 0.796585984509985, 0.813554419424732, 0.8337287160128684, 0.8057638228654838, 0.7753093450942478, 0.8057638228654838, 0.7182824494779825, 0.762224320026245, 0.7627522869161275, 0.762224320026245, 0.8256535038209655, 0.3903114662231112, 0.5825178015993009, 0.654310519258542, 0.5825178015993009, 0.4912027437606808, 0.4622089007240854, 0.4548473129227723, 0.6153891836466153, 0.3921408370619472, 0.4241920082478128, 0.3906444816265315, 0.4241920082478128, -0.5884833716406923, 0.7920985843155022, 0.7708213746410979, 0.7732868434040802, 0.7526809184355552, 0.8801947908497467, 0.7983630298924977, 0.8012523566410523, 0.7983630298924977, 0.742863628951439, 0.742863628951439, -0.2838267551185845, 0.6985719045697314, 0.16453947585464035, -0.6072913640301487, -0.6333857117635242, -0.6359558205809774, -0.10355184103099238, -0.011626861855342396, 0.28685706439843783, 0.06851988387479256, 0.013752522263811604, 0.04570408251260171, 0.012614405224476271, -0.16779298972493167, 0.0017189790380814044, 0.0019823642872668903, -0.6036974209432413, -0.522024143268893, -0.12575003230112572, -0.578437800957471, -0.43325248073593653, -0.39729361174167016, -0.22870579225212162, -0.39729361174167016, -0.28856204203889163, -0.3526145007728156, -0.3526145007728156, -0.6239187162124863, -0.6239187162124863, 0.31168079785454783, 0.5751187281678191, 0.7852074597110456, 0.7635728036116786, 0.7326098330758829, 0.5700969344564184, 0.7111717630233193, 0.7186319994294745, 0.7504644930622267, 0.7186319994294745], [0.999691905477832, 0.9991077135134652, 0.9810001399211488, 1.0, 0.998479266682212, 0.9996919054778319, 0.9917119018141622, 0.9873623286698292, 0.9927371008202628, 0.9706829620286657, 0.9848707874613347, 0.9917468683454401, 0.9918366525484416, 0.9917879927196578, 0.9918407048090035, 0.9947400263581029, 0.9948955450180031, 0.9926930195142483, 0.9926913938518039, 0.9930878871692418, 0.9917383731811876, 0.9802854252593368, 0.9666426894700512, 0.9789824709300573, 0.9789563213746841, 0.962443952446284, 0.9564463090119947, 0.9438535415788741, 0.9898412587074413, 0.989806452331509, 0.9866675028933849, 0.9736852617866406, 0.9941002402339073, 0.9954032766336297, 0.9940724261171527, 0.9926922189197152, 0.9899868354170762, 0.9953296923822479, 0.9944812996799077, 0.9958926786659509, 0.9942077414267616, 0.994204348273479, 0.9942077414267616, 0.8981724010632477, 0.6840045375251097, 0.87427130695996, 0.8954097258306453, 0.7920691357882026, 0.9593846918388536, 0.9215550061008712, 0.9489831354973953, 0.9449879657005488, 0.9491882896960335, 0.9741367329438999, 0.9695233053600159, 0.8797839133597027, 0.8837223225536972, 0.9101657073269961, 0.8907083654958144, 0.9014193428111738, 0.9027766896962216, 0.9014193428111738, 0.8167341621095439, 0.8876220324787893, 0.8890080560401367, 0.8876220324787893, 0.875371958676462, 0.6314364187531624, 0.808795106008227, 0.8109614750639802, 0.808795106008227, 0.5872886789468714, 0.4571084156466152, 0.559238082089324, 0.7065512252561597, 0.4519041026437698, 0.4916123390310384, 0.4946047232668599, 0.4916123390310384, -0.5988983298368663, 0.8602623846210521, 0.8856337133016607, 0.8686091008730162, 0.8788182366204306, 0.9289498027276597, 0.8598561419634247, 0.8617296092642242, 0.8598561419634247, 0.8553431141379496, 0.8553431141379496, -0.18142739840501698, 0.5317107378763064, 0.21876208610158665, -0.5195248566392133, -0.5493302360832611, -0.5526783528057216, -0.0034491018607141414, 0.023237741486076924, 0.2839461429371528, 0.19052085021842277, 0.11010834153709023, 0.08830681564491123, 0.11662732873179946, -0.1790304425049306, 0.08723244656311985, 0.08774740272478804, -0.5206453159293197, -0.4185968235571831, -0.17092038399457826, -0.4669363650393103, -0.3379473587062376, -0.31263042224716303, -0.30427358443148106, -0.31263042224716303, -0.1725148750072714, -0.22597655949573126, -0.22597655949573126, -0.5320122383547975, -0.5320122383547975, 0.3821882453590904, 0.6588296327651209, 0.8720257091452959, 0.8496300737890663, 0.7895159867886746, 0.6690974230934534, 0.7690808096163169, 0.8106332521891378, 0.810664428841979, 0.8106332521891378], [0.9972265787819727, 0.9925993721370947, 0.9907602720489767, 0.998479266682212, 1.0, 0.9972265787819727, 0.9964864585330683, 0.9942143963554729, 0.9966705616582265, 0.9592458789066903, 0.9946046857629753, 0.9965048076515511, 0.9966074219771497, 0.9965388272594582, 0.9965396931494361, 0.9976229342784363, 0.9972440728133454, 0.9971411809816113, 0.9971392153055589, 0.996500429604043, 0.9964989754714672, 0.9929086389899764, 0.979468324416492, 0.9894370652573958, 0.9893884076966939, 0.9802985864107846, 0.9783434969567769, 0.9478135232472228, 0.9884647120311237, 0.9883993909099326, 0.9878671541405427, 0.9644894340523726, 0.9976720476363025, 0.997619720747345, 0.9975258430222481, 0.9970354146805189, 0.9969232559966312, 0.9978300271278779, 0.9979438770441769, 0.9976887071538066, 0.9976554001815533, 0.9976557050851242, 0.9976554001815533, 0.9152325595865729, 0.6462969861974525, 0.9004876561482512, 0.8974856706561556, 0.7543813957103835, 0.9390384865246811, 0.894072340442592, 0.9277897871814652, 0.9303129012545561, 0.9380267549298554, 0.9675024086567731, 0.9675564825457877, 0.8694812856180238, 0.8568227341309076, 0.8909386052057988, 0.87308371297266, 0.8887424481732109, 0.8894634424756402, 0.8887424481732109, 0.7826919719681776, 0.8228537398083376, 0.8246008812998284, 0.8228537398083376, 0.8594102082384659, 0.7374386841427791, 0.8387370383777986, 0.8402440616235951, 0.8387370383777986, 0.534071140640612, 0.394208829514677, 0.514541617437358, 0.6913572764237786, 0.5070807137462562, 0.4830604301723912, 0.48364505114182227, 0.4830604301723912, -0.5861051404907756, 0.8358165988936151, 0.8484793742482282, 0.8359207842463304, 0.8809429236365826, 0.9007717269261223, 0.8384263362186477, 0.8402884056322241, 0.8384263362186477, 0.8471833481171388, 0.8471833481171388, -0.2283517064923309, 0.602063212764856, 0.07414185384354997, -0.5777473825273812, -0.6123619266143612, -0.6124611458676595, -0.0417735050028743, 0.043205477434058184, -0.11531663226309068, -0.06161414804690231, -0.04408067475335863, -0.28929583300948947, -0.34155112587256414, -0.4883853616867289, 0.050268218242508, 0.05064507522193838, -0.5540637025983022, -0.46020368445770077, -0.48119507335774436, -0.5149367223130571, -0.5715798809515694, -0.5416995672292291, -0.5445965256249372, -0.5416995672292291, -0.22017541590778747, -0.26782304815857544, -0.26782304815857544, -0.6388012001713039, -0.6388012001713039, 0.35718516044505805, 0.636142486989533, 0.8196995443455051, 0.7909988189990151, 0.775894990610667, 0.5965538017711639, 0.6174420422893783, 0.7023084118479003, 0.7024054563586224, 0.7023084118479003], [1.0, 0.9999835749883716, 0.9769384491939094, 0.9996919054778319, 0.9972265787819727, 1.0, 0.9899831121522049, 0.9851557568090261, 0.9905745117375813, 0.9728167467183161, 0.9789278184086272, 0.9900316299850361, 0.9901943609141033, 0.9901027117542052, 0.9901705475770771, 0.9930998974896976, 0.9932963458887648, 0.9912115028385786, 0.991209646912172, 0.9911587891104107, 0.9900337810281884, 0.9768784589060394, 0.9634831527312671, 0.9758774337607784, 0.9758502834612828, 0.9489543223039244, 0.951851573497521, 0.9424932872330644, 0.989873802913205, 0.9898281884218901, 0.9856684715250126, 0.9741815896728638, 0.99319426343794, 0.994139488098082, 0.9932131363309186, 0.9914139746955771, 0.9855540746355735, 0.9938150849608368, 0.9937731578791794, 0.994709704398989, 0.9934061363209878, 0.9934010904959688, 0.9934061363209878, 0.8984398391245987, 0.69647471049744, 0.8637923630019676, 0.9002659925776363, 0.8153876254106853, 0.965124285942665, 0.9294491644509483, 0.9557111683793976, 0.9505774731294697, 0.9540313853811799, 0.9783109933426141, 0.9721998293577537, 0.9065627376342231, 0.8948698725750357, 0.9267005740353472, 0.8968690829351184, 0.923070909928387, 0.9240584942919592, 0.923070909928387, 0.8278700759897881, 0.9019528608815577, 0.9032072092668403, 0.9019528608815577, 0.8810858576804237, 0.7053250444197666, 0.8577641590350387, 0.859803529091695, 0.8577641590350387, 0.598184132545302, 0.4854808553842613, 0.5723673930065734, 0.7257982068539206, 0.4593711329078269, 0.5253332183772872, 0.5275859415893724, 0.5253332183772872, -0.5970329457985551, 0.8682185286496193, 0.8988657786105417, 0.8805569234270375, 0.9082501103501579, 0.9333348384488056, 0.8666094675051264, 0.8682757724157995, 0.8666094675051264, 0.8796988825296124, 0.8796988825296124, -0.1741994243506532, 0.4996374978692231, 0.2139306469768268, -0.5107577140690773, -0.5409618707395291, -0.5443986293284023, 0.009419432342228792, 0.02959900517055931, 0.2912292090732843, 0.20302196271351441, 0.12090327943803778, 0.0951090141192266, 0.1228926442341884, -0.1708394876282198, 0.09948203295108439, 0.09993581562332012, -0.5126607773077112, -0.4068936307842479, -0.16894298988459308, -0.45327683476535696, -0.3353549428314832, -0.31065578230627605, -0.3017331349158295, -0.31065578230627605, -0.1623553658800385, -0.21521372055975446, -0.21521372055975446, -0.520376832895216, -0.520376832895216, 0.3987703323114282, 0.6709904606172299, 0.8793305205121998, 0.8569290213467013, 0.7966964047399143, 0.6777574985518872, 0.7777139499762198, 0.8189153413619951, 0.8189428424000934, 0.8189153413619951], [0.9899831121522049, 0.9740442424291257, 0.9851964023341427, 0.9917119018141622, 0.9964864585330683, 0.9899831121522049, 1.0, 0.9970161479244041, 0.9999668291483805, 0.9483750542492936, 0.9995266897765677, 0.9999959192804262, 0.9999567516216697, 0.9999919011437935, 0.9999161822661261, 0.9937257141342308, 0.9998062632598614, 0.9998221394704228, 0.9998226553795959, 0.9999942638514147, 0.9999962665380201, 0.9908347941127935, 0.9744239576373205, 0.983418497487882, 0.9921864496441695, 0.9821051619829461, 0.9705145620313432, 0.9378318787841119, 0.9925683984044157, 0.9922231109952822, 0.9920822412062568, 0.9678733479334013, 0.9992750799344013, 0.9993591874821159, 0.9993318361990525, 0.9997296116071248, 0.9984850275700753, 0.9992358285147107, 0.9981588547716558, 0.9993425839393898, 0.9990838176945789, 0.9989975060068551, 0.9990838176945789, 0.9217303770626047, 0.6450189998229134, 0.9229728376199233, 0.9010902969454117, 0.699461608725742, 0.9483667258903461, 0.9123287980462469, 0.9359604257977153, 0.926645989805468, 0.9375371504050277, 0.9691757187486001, 0.9612779101885482, 0.6934220377490662, 0.7997990972939379, 0.7843544229810482, 0.83018799992899, 0.7769322398542091, 0.7484033996745109, 0.7769322398542091, 0.7340222204300703, 0.7496700512203275, 0.7528814326445754, 0.7496700512203275, 0.8132152621802625, 0.2661790074248137, 0.4883165777956766, 0.5832327566650147, 0.4883165777956766, 0.49915215940449204, 0.4594232035818041, 0.45630593935657837, 0.5918178880719343, 0.36796307850299087, 0.3976867209429769, 0.3453338376129955, 0.3976867209429769, -0.6523798770756992, 0.7887441317091552, 0.7887699243841089, 0.7820738364637833, 0.71883048950492, 0.8844631176150844, 0.7943388142614728, 0.7970080625521418, 0.7943388142614728, 0.6993953940356, 0.6993953940356, -0.2666362868129632, 0.6601688282016026, 0.26436925889741514, -0.567689497747425, -0.5955607513264878, -0.5984503559506235, -0.06029840897458462, -0.031508865110526016, 0.3795746738563119, 0.14742674626357377, 0.06567330001651853, 0.13321282033964024, 0.10155223898505124, -0.08654594476486092, 0.011514876441843019, 0.012174965522074496, -0.5704239181006192, -0.4937873848062971, -0.014183275789990521, -0.5557096219416949, -0.3450929048254289, -0.3119087200073155, -0.13565030444207213, -0.3119087200073155, -0.25861383701715873, -0.2809812117119244, -0.2809812117119244, -0.6011608156424456, -0.6011608156424456, 0.35197252881161045, 0.609671605534667, 0.8042448232007242, 0.809948350280282, 0.7626631061252145, 0.6493904716204613, 0.7482816939334482, 0.7710818186485658, 0.7892736269172095, 0.7710818186485658], [0.9851557568090261, 0.9632930109327321, 0.9832204478359658, 0.9873623286698292, 0.9942143963554729, 0.9851557568090261, 0.9970161479244041, 1.0, 0.9994175431910517, 0.9392680792192121, 0.9979919578732721, 0.997844987076893, 0.9992050690787728, 0.9989278443387128, 0.9986035797829178, 0.9858634125386677, 0.9988278796204461, 0.998986928102827, 0.9989905868668778, 0.9994635453435138, 0.999105453957459, 0.9906898990098214, 0.9747250211453613, 0.9913268260030451, 0.9920088479431515, 0.9764689130509513, 0.9725605179153517, 0.9358247195826127, 0.9889142418729826, 0.9923355184002313, 0.9902696439388969, 0.9639636493202296, 0.9980658688239477, 0.9979371104358293, 0.9979477604232748, 0.9989474824792912, 0.9955101954474654, 0.9976960347599577, 0.9974919075774368, 0.9978008675197625, 0.997882636457043, 0.9979138004638933, 0.997882636457043, 0.9199393647719619, 0.6290646632253015, 0.9248705787696562, 0.897445559648001, 0.6699118758885899, 0.9460376996698566, 0.9049175026014886, 0.932187108068233, 0.9172011449947048, 0.9295737427756973, 0.9643363561899368, 0.9554794474781223, 0.6760988901537108, 0.7815232424065779, 0.7635914134208982, 0.8180050090837052, 0.7574716875069162, 0.733705247523186, 0.7574716875069162, 0.7171041251948626, 0.7268252156120923, 0.737239245152059, 0.7268252156120923, 0.801026141725873, 0.24203188987981092, 0.46253835112578856, 0.5633396107999808, 0.46253835112578856, 0.48228409782261206, 0.4511205905616528, 0.4373527682801384, 0.5732916164612605, 0.35667273585967213, 0.38395242794889134, 0.3255116235826482, 0.38395242794889134, -0.6526594114871144, 0.7746619359312743, 0.7650181877822194, 0.7632445664032586, 0.7012501087895867, 0.8738120840471767, 0.7810498516642271, 0.7840101447249654, 0.7810498516642271, 0.6767586694202578, 0.6767586694202578, -0.2856040835839326, 0.6953688868865785, 0.27334809819168476, -0.5835698223187582, -0.6108244456231676, -0.6135217980539621, -0.07668718097787672, -0.04150306716885601, 0.3729721058768613, 0.1275957178008943, 0.04901901903944101, 0.12399881388397763, 0.08555372503773752, -0.09299192134287268, -0.006857784619703325, -0.006160321422824911, -0.5843053601076121, -0.5113806103838181, -0.020952264994669494, -0.5766440404358842, -0.35954932145578794, -0.3245202736927673, -0.14185303300757104, -0.3245202736927673, -0.27939304736729004, -0.29690419997603923, -0.29690419997603923, -0.6161620418774927, -0.6161620418774927, 0.3251040296175216, 0.5904818802979985, 0.7938340105365455, 0.7909280705605138, 0.7484319790593161, 0.6322988026444605, 0.7314143889864636, 0.7507996269759718, 0.7728317310821149, 0.7507996269759718], [0.9905745117375813, 0.9737656614992345, 0.9921980562084024, 0.9927371008202628, 0.9966705616582265, 0.9905745117375813, 0.9999668291483805, 0.9994175431910517, 1.0, 0.9471051613360152, 0.9994617883776309, 0.9999679063817759, 0.9999634808200935, 0.999973019488276, 0.9999292152773394, 0.9980046125753731, 0.9997108144017574, 0.9997567506205078, 0.9997577858930088, 0.999964907719971, 0.9999652663438447, 0.994056178402592, 0.9771380420263354, 0.9935462155363454, 0.9934842981797158, 0.9818989072478767, 0.976472488150571, 0.939783549494017, 0.9910574248705901, 0.9910216711733608, 0.9887798457992273, 0.9630855896222843, 0.9992903847760184, 0.9992521226621013, 0.9991104899706863, 0.999855331531115, 0.9983898411637255, 0.9992250991231414, 0.9991236959153257, 0.9992233665939225, 0.9991297207987314, 0.9991353733478087, 0.9991297207987314, 0.921692031052372, 0.6464209918297418, 0.9228137745296561, 0.9006286853543397, 0.6988904835591989, 0.9347303014736623, 0.8863007814766979, 0.9191131808904867, 0.9219587193153136, 0.9336381651146972, 0.9627614976643989, 0.9616834387920098, 0.8391513225565012, 0.8009609326792418, 0.8614383861009993, 0.8312172915486935, 0.8593080939473298, 0.860140969797259, 0.8593080939473298, 0.7333058442579357, 0.8028794362168069, 0.8046713951914564, 0.8028794362168069, 0.814871482307542, 0.6952558800585064, 0.8056073722393987, 0.8072891918270249, 0.8056073722393987, 0.49810631822102436, 0.31505865706367003, 0.4557090653497459, 0.6362719709600361, 0.429299783837231, 0.3915904981388289, 0.3919817825785488, 0.3915904981388289, -0.6334187340602785, 0.7893995107106719, 0.7883117693218898, 0.7820534207020845, 0.8509087934054596, 0.8719308899283306, 0.8011660771300171, 0.8038772805976657, 0.8011660771300171, 0.8098534724765648, 0.8098534724765648, -0.26928171590081795, 0.661291202620088, 0.09787740880975787, -0.5971933286523903, -0.6401419347716104, -0.6409320809476526, -0.06393851842847684, -0.02922556652672719, -0.12506007380503456, -0.03631574387019302, -0.03251657731687911, -0.32326513933703566, -0.3521338506386941, -0.5305384254902505, 0.010380670888147134, 0.011006492165882469, -0.5724616028568875, -0.49661431194499894, -0.49260082956910195, -0.5581115757152245, -0.5885980973846461, -0.5677230335721452, -0.5696633936828922, -0.5677230335721452, -0.2615315350493371, -0.28531734239494555, -0.28531734239494555, -0.6984299695583557, -0.6984299695583557, 0.35260904914129815, 0.6084728289921405, 0.8261173115961409, 0.8022687086034245, 0.7611024178919509, 0.6342007188653995, 0.649323102687949, 0.7209198814062356, 0.7210155674519614, 0.7209198814062356], [0.9728167467183161, 0.9547622559638271, 0.9339057599622654, 0.9706829620286657, 0.9592458789066903, 0.9728167467183161, 0.9483750542492936, 0.9392680792192121, 0.9471051613360152, 1.0, 0.9151406828814233, 0.9484247359793214, 0.9485420287753874, 0.94804901059842, 0.9473467700160961, 0.9497691462495756, 0.9556807035340836, 0.9547025912547299, 0.9546732041018305, 0.9485811255167431, 0.9485721034450597, 0.9480409126601841, 0.9400974607456167, 0.9505479604384968, 0.9507740675047679, 0.7929090868780914, 0.9556532258563929, 0.9499101354147743, 0.9565337773987098, 0.9566822398374468, 0.9548647313192978, 0.9286478115075645, 0.9591242119356147, 0.9594005559189197, 0.9602606006317668, 0.950722702048975, 0.9283126019086, 0.9583361776145705, 0.9599122093178376, 0.9597110387456057, 0.9605865638623292, 0.9605511385303238, 0.9605865638623292, 0.7727719618827044, 0.4445685117275568, 0.7148451907506213, 0.8602160744020845, 0.8443532704120627, 0.873831854586091, 0.753186059861454, 0.8514461007412067, 0.8653352186827231, 0.8749564310593437, 0.8946725709104663, 0.8947163290947638, 0.8479514182707061, 0.8389213571452222, 0.8756597465503664, 0.8507124867542866, 0.866688707449923, 0.8676564371817834, 0.866688707449923, 0.7846922333614113, 0.7634312828358233, 0.7656247463755473, 0.7634312828358233, 0.8431982854394161, 0.866443246301499, 0.8411497777203297, 0.8420693476398842, 0.8411497777203297, 0.6062373853812069, 0.5259818733545752, 0.6065158589677527, 0.7344375565607044, 0.62533743371735, 0.6477219249627645, 0.6513039809501773, 0.6477219249627645, -0.2693632515565482, 0.8463460743750016, 0.9122039833061912, 0.866158360230058, 0.8661981052593352, 0.8777172086220923, 0.8374669790130231, 0.838968015577111, 0.8374669790130231, 0.8506377907183679, 0.8506377907183679, 0.012954459975825498, 0.21492373121982764, -0.06921117789994169, -0.342163744838899, -0.375206203463965, -0.3771062713128765, 0.11225743821668777, 0.37284413607063516, 0.1384510844201904, 0.03692847220847471, 0.14462651473467436, 0.05243304827235868, -0.05547715185368261, -0.10965878045649635, 0.2635072209539157, 0.26232106763352925, -0.32571988184698575, -0.2729753399673171, -0.27649527246062283, -0.27873129456139234, -0.3507773966850039, -0.2991955951097943, -0.30101696516298554, -0.2991955951097943, -0.03999463596296966, -0.3177100131441974, -0.3177100131441974, -0.3851941647842714, -0.3851941647842714, 0.5804750307421167, 0.6810244575324143, 0.7609153125787373, 0.6646711657802779, 0.8407579767445756, 0.30231067968681447, 0.3922919715154728, 0.5739807824120553, 0.5741587448914667, 0.5739807824120553], [0.9789278184086272, 0.9762722218420302, 0.9962624602254402, 0.9848707874613347, 0.9946046857629753, 0.9789278184086272, 0.9995266897765677, 0.9979919578732721, 0.9994617883776309, 0.9151406828814233, 1.0, 0.99952368141546, 0.9995192748178396, 0.9994662730097137, 0.999505871054169, 0.9983239267044188, 0.9995636954880845, 0.9996914256461271, 0.9996971615948359, 0.9995324648308126, 0.9995338273457143, 0.9912585262318578, 0.9562611724490953, 0.9911517102987787, 0.9911216443239881, 0.9858688691429358, 0.9719377588558199, 0.890928766992259, 0.9886767850235154, 0.9887317904690376, 0.9700695967368212, 0.8864177716280207, 0.9985611691740078, 0.9985065044375903, 0.9982684690223113, 0.9991915762593631, 0.9991057201098257, 0.9985334980457633, 0.9982852586468609, 0.9984640048324419, 0.9982176725608178, 0.9982308712364134, 0.9982176725608178, 0.9154984561789612, 0.5306033987096987, 0.9183960797830791, 0.8991964086059482, 0.7012297059450122, 0.8256391749894383, 0.8349562861900424, 0.8134301831521469, 0.8144373214040691, 0.8216592532034477, 0.9216427642780508, 0.9218170223172077, 0.8269897570705382, 0.8385650480688164, 0.7995767607633617, 0.8026434820508538, 0.8101438493798322, 0.811209509310953, 0.8101438493798322, 0.6172422912979546, 0.5739990688337391, 0.5765414649349601, 0.5739990688337391, 0.839717351788019, 0.8505377820085966, 0.8377053187181162, 0.8394796606098166, 0.8377053187181162, 0.2597227906959511, 0.19272090823223145, 0.3218155137416931, 0.44064843234117174, 0.3072392297601622, 0.36273535835552134, 0.3661005191462092, 0.36273535835552134, -0.40233334981411256, 0.7358983599489214, 0.793196216595988, 0.7701082057309302, 0.8370658386176851, 0.8334364478973669, 0.7274778185401323, 0.7281074906919861, 0.7274778185401323, 0.7436615195967744, 0.7436615195967744, -0.33388944583348984, 0.6514415110146833, -0.39677273712384226, -0.539605520337479, -0.5408499805098597, -0.5430616397832765, -0.32906151686174717, 0.12581247194510248, -0.24409160965832, -0.392539234810685, -0.2537572352978588, -0.3146873607405668, -0.3494136640240829, -0.37986616022241393, -0.006137843046451166, -0.010558435207575566, -0.5485856822212014, -0.5104436657165402, -0.5281788960269401, -0.5628134696855532, -0.5571927999569962, -0.5324450768160066, -0.5353002179723387, -0.5324450768160066, -0.43728129227901824, -0.5908882720553826, -0.5908882720553826, -0.6008863893275076, -0.6008863893275076, 0.3474567289734457, 0.371330518136023, 0.4721262691877203, 0.5550482080667173, 0.5570178556763775, 0.16696632711511702, 0.31104167591392035, 0.33659736218233255, 0.33660050824512106, 0.33659736218233255], [0.9900316299850361, 0.9740964065624923, 0.9851448427811841, 0.9917468683454401, 0.9965048076515511, 0.9900316299850361, 0.9999959192804262, 0.997844987076893, 0.9999679063817759, 0.9484247359793214, 0.99952368141546, 1.0, 0.9999620646038511, 0.9999939129528058, 0.9999217144784452, 0.9945811887234328, 0.9998086132656491, 0.99982371171233, 0.9998241463610447, 0.9999960315364794, 0.9999969142077976, 0.9907878297159705, 0.9743914142488594, 0.9890523675787318, 0.992159471611888, 0.9820783133265671, 0.9704155308685262, 0.9377743634133624, 0.9925591181745668, 0.9922383406080045, 0.9920758992217428, 0.9679028695542803, 0.9992779968370818, 0.9993649253244963, 0.9993416941418479, 0.9997356054237492, 0.9984899269196845, 0.9992464904524195, 0.9981636563359574, 0.9993509957477286, 0.9990892121003205, 0.9990011786984136, 0.9990892121003205, 0.9217906656024641, 0.6452133927829261, 0.9233064512428262, 0.9014301597361486, 0.699683505571628, 0.9484189059738544, 0.9125397877053999, 0.9360541224910193, 0.926751428748737, 0.9376277599760897, 0.9692840194081636, 0.961366324068734, 0.6933451148434838, 0.7999530568703896, 0.7844698977076633, 0.8303040704489761, 0.7770462420786965, 0.7483356338914192, 0.7770462420786965, 0.7340923628136098, 0.7497369496725592, 0.7528107373692331, 0.7497369496725592, 0.8133716790549441, 0.2660292827072992, 0.48832218248810044, 0.5831289113092324, 0.48832218248810044, 0.499087783422835, 0.45933278844594755, 0.45625126851706177, 0.5918519956012648, 0.3678305554720287, 0.3977837087831452, 0.34537711176352276, 0.3977837087831452, -0.6525340340861806, 0.788810695304809, 0.7889157896505522, 0.7821730400154622, 0.718819774984627, 0.8845715017692697, 0.7944258624271687, 0.7970898346851215, 0.7944258624271687, 0.6994788221044839, 0.6994788221044839, -0.2666316391138106, 0.6601794602631503, 0.2644999465529568, -0.5676427149077796, -0.5954647976630075, -0.5983600170255459, -0.06036364079047398, -0.03167833303769318, 0.37976641472527123, 0.14747693926232952, 0.06563451329003009, 0.13350094836855372, 0.10182052097914937, -0.08622274741136593, 0.011542676424412382, 0.01221936632536428, -0.5704039014308925, -0.49380713881557814, -0.013901977081572352, -0.5556794043829685, -0.3448043802832006, -0.3116489296128672, -0.13541446090248924, -0.3116489296128672, -0.25845276247528476, -0.28092211939975464, -0.28092211939975464, -0.6010181076954089, -0.6010181076954089, 0.3525470000494877, 0.6098611005161725, 0.804288938499549, 0.8102345013704834, 0.762781823152525, 0.6496690865326606, 0.7484363740829788, 0.7713579857845292, 0.7894062986673199, 0.7713579857845292], [0.9901943609141033, 0.9740473560109193, 0.9826107233018975, 0.9918366525484416, 0.9966074219771497, 0.9901943609141033, 0.9999567516216697, 0.9992050690787728, 0.9999634808200935, 0.9485420287753874, 0.9995192748178396, 0.9999620646038511, 1.0, 0.9999664874466508, 0.9999095671555852, 0.9974688326921933, 0.9998042064011047, 0.9998659178844429, 0.9998666233210032, 0.999982645936666, 0.9999611606972179, 0.9903224047737067, 0.9741986795242257, 0.9928973115203712, 0.9928571534821236, 0.982046379602306, 0.9700314871222059, 0.9376985200472754, 0.9933352791576857, 0.9933522486855717, 0.9918315067883675, 0.9677009253764768, 0.9995035177862587, 0.9993688862931023, 0.9993979923431985, 0.9998841921743473, 0.9984877471001968, 0.9992538808344429, 0.99921011462395, 0.9993612641653644, 0.9993749512834993, 0.999378416621694, 0.9993749512834993, 0.9218954997911957, 0.645374926351966, 0.9233240032315813, 0.9014250634925489, 0.6996930568389562, 0.9524624785718346, 0.9099991912617732, 0.9377666490359733, 0.9268366390143591, 0.937625093907192, 0.9690053418701956, 0.9614376814218805, 0.6464632850251666, 0.7996645602813631, 0.78321923983241, 0.8307744442220487, 0.7759839760054664, 0.7206770771875661, 0.7759839760054664, 0.7340121377958306, 0.7398864148862047, 0.7444487064577909, 0.7398864148862047, 0.8138351160222818, 0.1952751296366355, 0.47560815465006423, 0.48199570466885905, 0.47560815465006423, 0.4992401688043364, 0.35200245354136156, 0.4565033671223336, 0.5913536863044891, 0.36805318159470846, 0.3646055178561377, 0.3450143909397059, 0.3646055178561377, -0.6527240199568737, 0.7892952797211182, 0.7888915235032379, 0.7819326227885919, 0.658165418649725, 0.8850633160254463, 0.7949513735639349, 0.7976092011023043, 0.7949513735639349, 0.6979496196496827, 0.6979496196496827, -0.26629238384905723, 0.6600608841765513, 0.268121084692393, -0.5674853336883081, -0.5951279102778049, -0.5980230497947092, -0.06074505604914475, -0.03157523156189829, 0.33195848642606895, 0.14764962136226517, 0.06538215115928364, 0.13692940197379702, 0.10420942121345364, -0.09645149630290563, 0.011664050656493, 0.01234416689185244, -0.5705700331279363, -0.49388541885461523, -0.07960464985849408, -0.555394998285621, -0.3427694119271804, -0.3093883876430311, -0.2228008555394595, -0.3093883876430311, -0.25798744182509037, -0.28203367316735567, -0.28203367316735567, -0.6002730048002151, -0.6002730048002151, 0.3526779736566527, 0.6100395992725192, 0.7890783273577285, 0.8102852889826738, 0.7631739624620181, 0.6494079079288354, 0.7064484047400525, 0.759170230003528, 0.7592075675915148, 0.759170230003528], [0.9901027117542052, 0.9738344614938149, 0.984907416483226, 0.9917879927196578, 0.9965388272594582, 0.9901027117542052, 0.9999919011437935, 0.9989278443387128, 0.999973019488276, 0.94804901059842, 0.9994662730097137, 0.9999939129528058, 0.9999664874466508, 1.0, 0.9999345340375058, 0.997319407672353, 0.9997987980803911, 0.9998270246576648, 0.9998273494536722, 0.9999938940604115, 0.9999940696086468, 0.9906379457727107, 0.9742873837424717, 0.9927290190836018, 0.9926056051515564, 0.9819393650537092, 0.9700708073712233, 0.9373811161205088, 0.9932887617697417, 0.9933334850335509, 0.9921150681190782, 0.9680885293507916, 0.9993304855589901, 0.9993636014776276, 0.9993740651298816, 0.9997745927271908, 0.9984172483937276, 0.9992499385706725, 0.9984877325888492, 0.9993599770742593, 0.9991400222985338, 0.9990596125050484, 0.9991400222985338, 0.9220465543111218, 0.6459933006343391, 0.9236414097649126, 0.9017327697433121, 0.6992868429474632, 0.9490101116403575, 0.9133058306130187, 0.9366881171747484, 0.9271763370335231, 0.9380167852549542, 0.9697225896916198, 0.9617657806343517, 0.6936519017046162, 0.8002410738736189, 0.784389638469234, 0.8305897179306663, 0.7770106747661942, 0.7479649876385367, 0.7770106747661942, 0.7342981647902964, 0.7496853002322676, 0.7532486668497266, 0.7496853002322676, 0.8137518402603271, 0.26531755711840377, 0.4877779265169409, 0.5831766878742846, 0.4877779265169409, 0.49889977139188846, 0.45990086138968, 0.4561333001888326, 0.5915908688531253, 0.36740501437273465, 0.39781555301085153, 0.34500790857037156, 0.39781555301085153, -0.6529270534221788, 0.788952972630364, 0.7884218508015661, 0.7822572392529797, 0.7079378224541099, 0.8848603784313365, 0.7945666938361777, 0.7972189148790935, 0.7945666938361777, 0.699274401912626, 0.699274401912626, -0.26845990875642967, 0.661237549736453, 0.2650294610576299, -0.5682013010333622, -0.595883753504416, -0.5987847334001573, -0.061638060938348255, -0.033032570872879086, 0.3800575228552317, 0.14696515618908207, 0.06472313633507137, 0.13355997299241862, 0.10187910975609628, -0.08607587067608485, 0.010400703402109019, 0.011073658729902054, -0.5711089856621271, -0.49491429433202655, -0.013306955459921568, -0.5572119034152457, -0.34467568929624437, -0.31159463741120164, -0.13484298929908226, -0.31159463741120164, -0.2595553375552925, -0.2814391388177272, -0.2814391388177272, -0.6011192530993811, -0.6011192530993811, 0.35271782377184613, 0.6095379041143983, 0.8048262087164139, 0.810697731002503, 0.7621990000103909, 0.6504679982729369, 0.7492282363488098, 0.771757646716075, 0.7900158689304132, 0.771757646716075], [0.9901705475770771, 0.9729357733940632, 0.9848094841511105, 0.9918407048090035, 0.9965396931494361, 0.9901705475770771, 0.9999161822661261, 0.9986035797829178, 0.9999292152773394, 0.9473467700160961, 0.999505871054169, 0.9999217144784452, 0.9999095671555852, 0.9999345340375058, 1.0, 0.9974363382428058, 0.9996928420545346, 0.9997747885434904, 0.9997759126236516, 0.9998985061442345, 0.9999175233039568, 0.9904054804197189, 0.9740651525877491, 0.9920022381494266, 0.9916332452861075, 0.9820103160213577, 0.9698102744656677, 0.9373590520469584, 0.9923932468156227, 0.9923991216883031, 0.9915014703859207, 0.9671394390239809, 0.9993402546888039, 0.9992137256961593, 0.9993123060998325, 0.9997615444106089, 0.9983230605443646, 0.9992274064976713, 0.9984731645070247, 0.9992361554014247, 0.9991566992588999, 0.9990903153719678, 0.9991566992588999, 0.9205215200811079, 0.6463496346843524, 0.9220995141664174, 0.8999370858450393, 0.6963572534061487, 0.9495056240265645, 0.9141641842751953, 0.9375929075621139, 0.9265555382818786, 0.9371980891009865, 0.9700814953319242, 0.9613460010934973, 0.6952898884210079, 0.7991783465025705, 0.7849083606572954, 0.8305167886312492, 0.7775353708461672, 0.7502752411810137, 0.7775353708461672, 0.7326858251097347, 0.7493109092185328, 0.7544350243191856, 0.7493109092185328, 0.8140492507714504, 0.2658828060474905, 0.4879117261289405, 0.584624725951001, 0.4879117261289405, 0.4975030506036758, 0.46169966253568634, 0.454737512536623, 0.591376529175309, 0.3662835720075737, 0.3985265867178905, 0.3452612754872507, 0.3985265867178905, -0.6535465249946252, 0.7886194146551815, 0.7870489812655111, 0.7812263241596897, 0.7208660908332113, 0.8853511867349146, 0.7943698003535405, 0.7969766323229889, 0.7943698003535405, 0.6997027620261793, 0.6997027620261793, -0.26912263234769246, 0.6639732530766268, 0.26506438888853595, -0.5688453615439845, -0.5959087854426394, -0.5988363412603684, -0.0636343103822536, -0.03426464246238, 0.3810484156054948, 0.14556372419736255, 0.06300018618645177, 0.1346131267590729, 0.10244308002507067, -0.08455469455805681, 0.009795547590299693, 0.010411132364710116, -0.5724578992673668, -0.49699057971577953, -0.01209235927520416, -0.558261358545021, -0.34435781591126063, -0.3112704813840283, -0.133361186090559, -0.3112704813840283, -0.26009972320400515, -0.28490873101829234, -0.28490873101829234, -0.6012626699142644, -0.6012626699142644, 0.35003185219529354, 0.6071971420497121, 0.8059198572457387, 0.8114758669322346, 0.7605141916298065, 0.6493746385594168, 0.750945541441118, 0.7724428005004755, 0.7914740940600539, 0.7724428005004755], [0.9930998974896976, 0.9829160080541794, 0.9879790618741777, 0.9947400263581029, 0.9976229342784363, 0.9930998974896976, 0.9937257141342308, 0.9858634125386677, 0.9980046125753731, 0.9497691462495756, 0.9983239267044188, 0.9945811887234328, 0.9974688326921933, 0.997319407672353, 0.9974363382428058, 1.0, 0.9980919857831068, 0.9976940062465722, 0.9976910503409349, 0.997774853391535, 0.9972487555944131, 0.9912394885199685, 0.9769070805054427, 0.9695326798828778, 0.9870242478356817, 0.9864943824010985, 0.9713737169381371, 0.9466105724695965, 0.9915695596979313, 0.9893856606435478, 0.9883120744756368, 0.9659174592648015, 0.9974735252334818, 0.9974950349684106, 0.9973009318759907, 0.997277048774509, 0.9984475242538569, 0.9980196759936225, 0.9972920930124918, 0.9977321670970293, 0.9974028775918965, 0.9973791781474826, 0.9974028775918965, 0.9120894986680086, 0.6564119386837226, 0.9149776414040546, 0.903554403295066, 0.7230684006841871, 0.9512960903083814, 0.9168473676372744, 0.9426668226341032, 0.927274