var config = { responsive: true }

var correlationClose = {"data": [{"type": "heatmap", "z": [[1.0, 0.9999839029282466, 0.9768082688654721, 0.9996930126072775, 0.9972112211847084, 1.0, 0.9899029002042032, 0.9850427089925556, 0.9904742586171644, 0.9730116570857612, 0.9786061319432318, 0.9899518087355269, 0.9901157565623139, 0.9900234018678752, 0.9900816612921678, 0.9930479774877551, 0.9932366574213207, 0.9911412535868966, 0.9911297833310184, 0.9910768618086998, 0.989942901047229, 0.9766963622353521, 0.9631891264479784, 0.9756903076719253, 0.9756624409825563, 0.9479633400157147, 0.9514603378009749, 0.9421474053423748, 0.989842412952937, 0.9897968185749279, 0.9856156960567787, 0.974263093373222, 0.9931383819169909, 0.9940880006801012, 0.9931576167186043, 0.991343464135804, 0.9853491927936547, 0.9937511144995238, 0.9937157486449331, 0.9946644702684517, 0.9933522800451399, 0.9933405878382205, 0.9933522800451399, 0.8992489745988266, 0.7004310340656297, 0.8645031870692449, 0.9041380750621973, 0.8196534396979923, 0.9657217275430026, 0.9295802121407063, 0.9563788396111665, 0.9512054033995991, 0.9548182250648257, 0.9783959477541873, 0.9722853263678661, 0.9057708262335674, 0.8934090578873861, 0.9261297862072565, 0.8957507492920904, 0.922480283603454, 0.9234006941367113, 0.922480283603454, 0.8266439332846689, 0.9018828107752418, 0.9031414253387303, 0.9018828107752418, 0.8797133047324759, 0.702580907653687, 0.8565184244876739, 0.8584194782567717, 0.8565184244876739, 0.5972491196556186, 0.48491049957729754, 0.5715601177690802, 0.7247386770764267, 0.4574178868053534, 0.5243119163354145, 0.5263761035921322, 0.5243119163354145, -0.5961094774185546, 0.8669141811790387, 0.897373188814491, 0.8790725431910963, 0.9073949890901789, 0.9327292039642059, 0.8654468539851239, 0.8669757874032697, 0.8654468539851239, 0.8788357067225543, 0.8788357067225543, -0.1744194711561928, 0.4953054893838071, 0.2171748374613142, -0.5075958398195404, -0.5379710390176213, -0.5417480481702954, 0.015909207782240666, 0.02726164690815495, 0.29472381352564364, 0.20996564947328886, 0.12508426123375815, 0.10004558881597317, 0.12740003413294085, -0.16575967738797998, 0.09776646548451583, 0.09789543840679846, -0.5086760116489695, -0.4025791431502976, -0.16395644496187406, -0.4483912224556217, -0.33079142642106774, -0.306205044672031, -0.29662145577849874, -0.306205044672031, -0.15909831123255141, -0.21048987347504533, -0.21048987347504533, -0.5174485449074486, -0.5174485449074486, 0.398281613335628, 0.6723139981212528, 0.8798203931916118, 0.8571986116593507, 0.797127201959463, 0.6785341529802006, 0.7785058351494166, 0.8198708845051402, 0.8200405393997278, 0.8198708845051402], [0.9999839029282466, 1.0, 0.9628701704756268, 0.9991095809945403, 0.9925025117021044, 0.9999839029282465, 0.9736332562417922, 0.9627020519019426, 0.9733518200545757, 0.9549102806268192, 0.9758960644585489, 0.9736864325030032, 0.9736367081495546, 0.9734202974277634, 0.9725082939157847, 0.9826474213165721, 0.9810802631702947, 0.9801051625077545, 0.98006933035277, 0.9737695351000561, 0.9737576657796885, 0.9791624632330046, 0.963686123690747, 0.9653219625046929, 0.9654114963256791, 0.9484029291336391, 0.9709583568127019, 0.9249221377465923, 0.9730894546988997, 0.9731449353765708, 0.9703399394710966, 0.9171972207234963, 0.9852537486024536, 0.9853713882581621, 0.986279380787985, 0.9765035678553798, 0.9832822338957481, 0.9852469105202973, 0.9860188696983028, 0.9857765945230946, 0.9864252832645845, 0.986399050972145, 0.9864252832645845, 0.8994412496736707, 0.6243220458958676, 0.8656629420987308, 0.9053327050359636, 0.8188639485516293, 0.871436667103504, 0.8844324306577893, 0.8622789097576691, 0.877493733844584, 0.8680167490883908, 0.938758688869066, 0.9388083257819975, 0.9073529799273375, 0.9193272284122063, 0.892611285943796, 0.8921412866295629, 0.9005401462449305, 0.9014063174862703, 0.9005401462449305, 0.7424915874826348, 0.7069477731528142, 0.709180308425933, 0.7069477731528142, 0.9126038771062087, 0.9187849803904303, 0.9122133937106178, 0.9137029894059115, 0.9122133937106178, 0.4068310478762963, 0.3515518455239317, 0.47420272429794924, 0.5700754686884477, 0.44699669553924926, 0.4947180569042265, 0.4958506567623271, 0.4947180569042265, -0.18508143235909183, 0.8424092188572408, 0.883950398761192, 0.8683590077133397, 0.9156629413272812, 0.9173491198802948, 0.8354545696052739, 0.8359121532899577, 0.8354545696052739, 0.8480171181968353, 0.8480171181968353, -0.28320671287177035, 0.49623266114402365, -0.3732604607930302, -0.4501288111221785, -0.45182240556243514, -0.4552692966802639, -0.25166385233721156, 0.20072338175034152, -0.17117769909945244, -0.3245503640664969, -0.18199676352765784, -0.23571542763051714, -0.2604746362324676, -0.2883530333838856, 0.07193428031087883, 0.06637061267350038, -0.4618119444291984, -0.4123096631398633, -0.4401335330198319, -0.4702220531212122, -0.46262490254363553, -0.44353462531558563, -0.4466833552363626, -0.44353462531558563, -0.34639776525922533, -0.47111037791271915, -0.47111037791271915, -0.45152950249336055, -0.45152950249336055, 0.3977996673432277, 0.4451283956428048, 0.5328275069088609, 0.6137645819781434, 0.5922405586341978, 0.26988420969208055, 0.4116671495374693, 0.4109060337136282, 0.4110025284386535, 0.4109060337136282], [0.9768082688654721, 0.9628701704756268, 1.0, 0.9808710000231944, 0.9906656224116009, 0.9768082688654722, 0.9851096568783702, 0.9830948024906555, 0.9921494771009005, 0.9338396765103987, 0.9962122403072714, 0.9850576760598352, 0.982503516795203, 0.9848189756856455, 0.9847091818682739, 0.9878949976795584, 0.9889901370515944, 0.9824950389390864, 0.9824779829444067, 0.9906594679865789, 0.9849655058335789, 0.9903335499746883, 0.9785857078197104, 0.9823538144554959, 0.9823714056763106, 0.9786859697293305, 0.9766461246162593, 0.945373637772979, 0.966985998492516, 0.9670546663898563, 0.9720170365730265, 0.947765097445764, 0.9810219570377241, 0.98761011702105, 0.9793209724064587, 0.9824119372768628, 0.9932541226361971, 0.989571195704619, 0.9791126183787077, 0.9866462980288998, 0.9807186764100468, 0.9799919730018323, 0.9807186764100468, 0.9086022519823616, 0.6164891454208045, 0.9106433466979954, 0.88284151168079, 0.6628871274472855, 0.9088028232768608, 0.8573714758740721, 0.8964758431032759, 0.8933129324748095, 0.9012560021952044, 0.9293480517592679, 0.938849025972038, 0.7362660778288386, 0.7935862562888709, 0.812132167330888, 0.8317126604232921, 0.8043276987753013, 0.7741661021300894, 0.8043276987753013, 0.7160720855030364, 0.7617338745459283, 0.7625887768844107, 0.7617338745459283, 0.8233099643287484, 0.38690765277320066, 0.5794893109458585, 0.6520638768243863, 0.5794893109458585, 0.4896515347777815, 0.46197542206528186, 0.45337487775181035, 0.6138550556495074, 0.3897056005612396, 0.42315866418348064, 0.38915280844781186, 0.42315866418348064, -0.5876944535965811, 0.7899210247444501, 0.7673267720245077, 0.770362327168437, 0.7511967589180959, 0.8789904784780652, 0.7964951539030368, 0.7991645862646727, 0.7964951539030368, 0.741116420217233, 0.741116420217233, -0.2849512317799202, 0.6966303031549832, 0.1662158758293126, -0.6047124881473738, -0.6310488688541379, -0.6338795739310629, -0.09743696951951776, -0.014447730219040125, 0.28949468945060297, 0.07540625834687056, 0.017779828855496407, 0.04990996190560905, 0.016595085074126634, -0.16321675990383433, -0.0007010372249507596, -0.0008646339930043246, -0.6003221688684094, -0.5185468914901862, -0.12132033188972148, -0.5748435347697094, -0.429208612412919, -0.39333220266018176, -0.22374320022502367, -0.39333220266018176, -0.2860762410719968, -0.34870977235952605, -0.34870977235952605, -0.6215410490925268, -0.6215410490925268, 0.31007485756925807, 0.5761005028902958, 0.7855851807452643, 0.7637320389433524, 0.7327993808125035, 0.57064879618996, 0.7118474083675056, 0.7194748548222962, 0.7514183391980145, 0.7194748548222962], [0.9996930126072775, 0.9991095809945403, 0.9808710000231944, 1.0, 0.9984659392643276, 0.9996930126072773, 0.9916395714464828, 0.987252888990268, 0.9926582257568806, 0.9709573648127601, 0.9846430801946935, 0.9916748524991126, 0.9917654680888767, 0.9917163650129557, 0.991760363786335, 0.9946905267628791, 0.9948505155712001, 0.9926294030181327, 0.9926197967546515, 0.9930233119489802, 0.9916572919966619, 0.98011522641373, 0.966368664676679, 0.9788006439023512, 0.9787740383939216, 0.9617281623726617, 0.9560666220445869, 0.9435425562665555, 0.9898366965864668, 0.9898020778383498, 0.9866503309823145, 0.9738217011498796, 0.9940533444189891, 0.9953704346341281, 0.9940266599507321, 0.9926308915729033, 0.9898735896237406, 0.9952892167725245, 0.9944337548679856, 0.99586414038224, 0.9941635605755665, 0.9941556829036954, 0.9941635605755665, 0.8992528959147242, 0.6881119582117424, 0.8753973242991476, 0.8994646321378809, 0.7966174814703316, 0.9600479701163649, 0.9217144345843067, 0.9497159152933868, 0.9456864515049113, 0.9500597650287892, 0.9742511587009267, 0.9696557448569939, 0.8787391651104318, 0.8820054520847295, 0.9094638824597536, 0.8894655161165068, 0.9006666191050127, 0.9019382232111595, 0.9006666191050127, 0.8154271291550027, 0.8875431940286047, 0.888934226083106, 0.8875431940286047, 0.8738233630458574, 0.6280822793287126, 0.8070923149695944, 0.8090627217557572, 0.8070923149695944, 0.5863292151775948, 0.4565264002564725, 0.5583956776451531, 0.705434785101574, 0.4498962108783352, 0.4905611854194583, 0.4933584335312068, 0.4905611854194583, -0.5980161936454358, 0.8588520506399578, 0.8838978164182844, 0.8669512234080168, 0.8776804098606318, 0.9282798263837063, 0.8586150504870342, 0.860341713282084, 0.8586150504870342, 0.8543163796960874, 0.8543163796960874, -0.1817641362808572, 0.5277425998455831, 0.22206344077256104, -0.5163704723627851, -0.5463601139736795, -0.5500456891285523, 0.0031254705107815685, 0.020804383027348553, 0.28749035305219356, 0.1975977406791434, 0.11435964663040613, 0.09329787038698821, 0.12116979562276747, -0.17389471800727443, 0.08541218462442471, 0.08558553507113559, -0.5166495662122436, -0.4142923076580191, -0.1658881054585418, -0.46210660527268577, -0.3333283847868552, -0.30812761576332365, -0.29910160241453915, -0.30812761576332365, -0.16925372000403172, -0.22122331410010493, -0.22122331410010493, -0.529095018592173, -0.529095018592173, 0.38156376404432324, 0.6602215864124175, 0.8725719582910721, 0.8499436660910284, 0.7900213972590253, 0.6699333379080642, 0.7699308792483763, 0.8116564905006471, 0.8118400475981061, 0.8116564905006471], [0.9972112211847084, 0.9925025117021044, 0.9906656224116009, 0.9984659392643276, 1.0, 0.9972112211847084, 0.9964588809424185, 0.9941552112428, 0.9966413148476903, 0.9594735546140911, 0.9945409458385054, 0.9964773786211114, 0.9965811135542832, 0.9965117552336423, 0.9965087341978452, 0.9975955643646782, 0.9972275846933972, 0.9971212698278317, 0.9971186370977727, 0.9964735293004825, 0.9964705738217361, 0.9928496930663447, 0.9793485243162885, 0.9893302470488238, 0.9892815482452889, 0.9799572359347347, 0.9781428320869934, 0.9476541584591444, 0.9885060021374895, 0.9884415791212858, 0.9879848592115051, 0.9647192925240868, 0.9976714552224498, 0.9976201725062454, 0.9975274624237087, 0.9970226861373864, 0.9969324479666626, 0.9978325996764055, 0.9979483901119185, 0.997689524199932, 0.9976591592265758, 0.9976633089756267, 0.9976591592265758, 0.9165837365874829, 0.6507969503977871, 0.9020759821898744, 0.9013678614359067, 0.7587394745485246, 0.9400624949908165, 0.894046714013974, 0.928887144995451, 0.9311294904686618, 0.9390861557497977, 0.9676361282917668, 0.96773628790729, 0.8679941287914301, 0.8546667735143526, 0.8897909899582076, 0.8715913710898802, 0.8876056382017425, 0.8881887066280685, 0.8876056382017425, 0.7810840689997641, 0.822457018366772, 0.8241805774654387, 0.822457018366772, 0.857563886525232, 0.7342542152205384, 0.8368609078847711, 0.8381507630160959, 0.8368609078847711, 0.532848446817537, 0.3930230302722253, 0.5134462556868369, 0.6897096159850246, 0.5051648916534606, 0.48122425488269877, 0.48145555828786035, 0.48122425488269877, -0.5843744675942881, 0.8341327536952987, 0.8461463168592501, 0.833816706418161, 0.8794616230621254, 0.8997094255057357, 0.8369299378741196, 0.8386110308216979, 0.8369299378741196, 0.8456813641996501, 0.8456813641996501, -0.22909730588731703, 0.5990018964228521, 0.07798463745933537, -0.5749802079324551, -0.6099057948170846, -0.6102637559034851, -0.03535354783125203, 0.04058358210216615, -0.11140754808707712, -0.05420428797440324, -0.03978162165803839, -0.28451114132304317, -0.3372966101928865, -0.4843034408482546, 0.04819629324485849, 0.048194950750824, -0.5503031422777891, -0.4561969576734711, -0.47722802048135166, -0.5106150215268638, -0.5681122568533304, -0.5382208524283697, -0.540637697343161, -0.5382208524283697, -0.21720135274314462, -0.2633030329600813, -0.2633030329600813, -0.6364817866858992, -0.6364817866858992, 0.3562095601220128, 0.6375050202108233, 0.820160586225792, 0.7909310354229712, 0.7764002157503037, 0.5973773611372285, 0.6182713248857973, 0.7036209572640568, 0.7039465620472404, 0.7036209572640568], [1.0, 0.9999839029282465, 0.9768082688654722, 0.9996930126072773, 0.9972112211847084, 1.0, 0.9899029002042032, 0.9850427089925556, 0.9904742586171644, 0.9730116570857612, 0.9786061319432318, 0.9899518087355269, 0.9901157565623139, 0.9900234018678752, 0.9900816612921678, 0.9930479774877551, 0.9932366574213207, 0.9911412535868966, 0.9911297833310184, 0.9910768618086998, 0.989942901047229, 0.9766963622353521, 0.9631891264479784, 0.9756903076719253, 0.9756624409825563, 0.9479633400157147, 0.9514603378009749, 0.9421474053423748, 0.989842412952937, 0.9897968185749279, 0.9856156960567787, 0.974263093373222, 0.9931383819169909, 0.9940880006801012, 0.9931576167186043, 0.991343464135804, 0.9853491927936547, 0.9937511144995238, 0.9937157486449331, 0.9946644702684517, 0.9933522800451399, 0.9933405878382205, 0.9933522800451399, 0.8992489745988266, 0.7004310340656297, 0.8645031870692449, 0.9041380750621973, 0.8196534396979923, 0.9657217275430026, 0.9295802121407063, 0.9563788396111665, 0.9512054033995991, 0.9548182250648257, 0.9783959477541873, 0.9722853263678661, 0.9057708262335674, 0.8934090578873861, 0.9261297862072565, 0.8957507492920904, 0.922480283603454, 0.9234006941367113, 0.922480283603454, 0.8266439332846689, 0.9018828107752418, 0.9031414253387303, 0.9018828107752418, 0.8797133047324759, 0.702580907653687, 0.8565184244876739, 0.8584194782567717, 0.8565184244876739, 0.5972491196556186, 0.48491049957729754, 0.5715601177690802, 0.7247386770764267, 0.4574178868053534, 0.5243119163354145, 0.5263761035921322, 0.5243119163354145, -0.5961094774185546, 0.8669141811790387, 0.897373188814491, 0.8790725431910963, 0.9073949890901789, 0.9327292039642059, 0.8654468539851239, 0.8669757874032697, 0.8654468539851239, 0.8788357067225543, 0.8788357067225543, -0.1744194711561928, 0.4953054893838071, 0.2171748374613142, -0.5075958398195404, -0.5379710390176213, -0.5417480481702954, 0.015909207782240666, 0.02726164690815495, 0.29472381352564364, 0.20996564947328886, 0.12508426123375815, 0.10004558881597317, 0.12740003413294085, -0.16575967738797998, 0.09776646548451583, 0.09789543840679846, -0.5086760116489695, -0.4025791431502976, -0.16395644496187406, -0.4483912224556217, -0.33079142642106774, -0.306205044672031, -0.29662145577849874, -0.306205044672031, -0.15909831123255141, -0.21048987347504533, -0.21048987347504533, -0.5174485449074486, -0.5174485449074486, 0.398281613335628, 0.6723139981212528, 0.8798203931916118, 0.8571986116593507, 0.797127201959463, 0.6785341529802006, 0.7785058351494166, 0.8198708845051402, 0.8200405393997278, 0.8198708845051402], [0.9899029002042032, 0.9736332562417922, 0.9851096568783702, 0.9916395714464828, 0.9964588809424185, 0.9899029002042032, 1.0, 0.9969991146567228, 0.9999665626223081, 0.9483317355327248, 0.9995197521919393, 0.9999958894083546, 0.9999563930933272, 0.9999918389995557, 0.9999154396544983, 0.9936758335050406, 0.9998047511432172, 0.9998207096313733, 0.9998211857426708, 0.9999942198392385, 0.9999963095899858, 0.990759646173553, 0.974216184569373, 0.9833238796927691, 0.9921256585759677, 0.9817711322479871, 0.9702625856476351, 0.9374597968708371, 0.9925905891686104, 0.992237022061776, 0.9921009178827558, 0.9679381732684922, 0.9992734988274061, 0.9993572399169535, 0.999331219060426, 0.9997293586726379, 0.9984710027657552, 0.999231731106188, 0.9981503534328646, 0.9993407671763304, 0.9990827100989119, 0.9989964000238811, 0.9990827100989119, 0.9227921111616498, 0.6487865721762, 0.9241763120472821, 0.9038108180326431, 0.7027799643781037, 0.9488192942749669, 0.9123825439614859, 0.936443824524619, 0.9271660018856744, 0.9382679103889017, 0.9692386172785539, 0.9612969056800013, 0.6916526183635714, 0.7970041891705125, 0.7827290437721037, 0.8283120570210825, 0.7752926434289457, 0.7469422733253739, 0.7752926434289457, 0.7319698976061111, 0.7488897547593519, 0.7523734252242317, 0.7488897547593519, 0.8109163709439225, 0.2622555571793465, 0.4848092874194794, 0.580510591188404, 0.4848092874194794, 0.4975869586427858, 0.4589905920048345, 0.454798575797588, 0.5900949945965778, 0.3654768868148747, 0.3964424465505741, 0.34354918134883766, 0.3964424465505741, -0.6517852529074771, 0.7866469210157163, 0.7856365183912707, 0.7793426153058779, 0.7170626591464354, 0.8833882791190512, 0.7925231595820569, 0.7949815275819002, 0.7925231595820569, 0.6973609039741686, 0.6973609039741686, -0.26751670838896874, 0.6577323368161108, 0.2662314112559404, -0.5649141405841538, -0.5929639329393949, -0.5961457541545304, -0.05429019248752285, -0.03418099962531979, 0.38218904885107774, 0.154132519457338, 0.0696098002831453, 0.13743383902018277, 0.1055692106986912, -0.081873938201763, 0.009321342375343362, 0.009597125083061549, -0.5669112719276639, -0.4901741816854303, -0.009554627579711185, -0.5519277412077827, -0.34074829081129354, -0.307681927026193, -0.13048708059024317, -0.307681927026193, -0.25597081014238704, -0.2767312351705347, -0.2767312351705347, -0.5987170783638948, -0.5987170783638948, 0.35073704376790743, 0.610663349472272, 0.8043945497567329, 0.8100437100516286, 0.7628986328998079, 0.6500622324966899, 0.7487723938656254, 0.7717604919340383, 0.7899924539996177, 0.7717604919340383], [0.9850427089925556, 0.9627020519019426, 0.9830948024906555, 0.987252888990268, 0.9941552112428, 0.9850427089925556, 0.9969991146567228, 1.0, 0.9994139464589672, 0.9391971302077151, 0.9979675107204211, 0.9978305999770695, 0.9992007930825747, 0.9989203717476901, 0.9985918230148862, 0.9857551784414786, 0.9988220420177446, 0.9989810355572061, 0.9989846143222053, 0.9994614753257889, 0.9990994243577099, 0.9906067593143021, 0.9745242715747183, 0.9912646663481465, 0.9919401881546221, 0.9760224926331134, 0.9723134572897683, 0.9354609540737526, 0.9889444918747053, 0.9923682932531838, 0.990303392939212, 0.9640544648614165, 0.9980609190203841, 0.9979310474087459, 0.9979435451784843, 0.9989459437766696, 0.9954696927097111, 0.9976849195602003, 0.9974857711437983, 0.9977949838171128, 0.9978801744596092, 0.9979124699177795, 0.9978801744596092, 0.9211811252690157, 0.632916122966848, 0.9263914836550401, 0.9004312933434478, 0.6732524078197512, 0.9465395072151227, 0.9049800736978251, 0.9327149926641168, 0.9177507050523891, 0.9303546121931887, 0.9644086055918059, 0.9555051913896603, 0.6742019152869168, 0.7783693515596362, 0.7617779085792399, 0.8159361483824553, 0.7556581116271058, 0.7321397764715587, 0.7556581116271058, 0.7148919410243196, 0.7259362754839741, 0.7366772014477919, 0.7259362754839741, 0.7984817363932797, 0.23788610826283688, 0.4587793196350292, 0.5604365165169625, 0.4587793196350292, 0.4806213053832662, 0.45067798714509744, 0.4357378650419444, 0.5714547325849335, 0.3540896205939875, 0.38264453296414425, 0.3236038172503919, 0.38264453296414425, -0.6521157238715857, 0.7723872509536847, 0.7614440918290901, 0.7602246025712054, 0.6993455120029906, 0.8726049974633138, 0.7790830269823329, 0.7818137048983603, 0.7790830269823329, 0.6745304764460305, 0.6745304764460305, -0.28670090750063487, 0.6934028043151997, 0.2753297123976628, -0.5808758868017083, -0.6083240798638466, -0.6113017200502903, -0.07068064626595684, -0.04429713916016519, 0.37564775294925473, 0.1343580460189729, 0.05296571883629612, 0.1282841277144288, 0.08960148379556926, -0.08826026503614502, -0.009198721920297439, -0.00890857808206684, -0.5808632199762706, -0.507874528240231, -0.016264292929841124, -0.5730493921457924, -0.355211549332493, -0.3202882291493722, -0.13662784500446698, -0.3202882291493722, -0.27686416042093004, -0.2927113928200556, -0.2927113928200556, -0.6137908401185644, -0.6137908401185644, 0.32363859426011504, 0.5914393373618242, 0.7939829531381951, 0.790989939855683, 0.7486466540766374, 0.6329632773512819, 0.7318912919236324, 0.7514558386155861, 0.7735456515974222, 0.7514558386155861], [0.9904742586171644, 0.9733518200545757, 0.9921494771009005, 0.9926582257568806, 0.9966413148476903, 0.9904742586171644, 0.9999665626223081, 0.9994139464589672, 1.0, 0.9470495561259449, 0.9994536219067021, 0.9999676560832281, 0.9999631879886596, 0.9999728227957528, 0.999928445099356, 0.9979877769192793, 0.9997081740645144, 0.9997542634690836, 0.9997553302232551, 0.999964661722394, 0.9999650249554244, 0.9939950455431847, 0.9769479468936205, 0.9934772290175045, 0.9934144626550855, 0.9815305540368058, 0.9762274086780922, 0.9394549397493317, 0.9910649634680556, 0.9910301293391506, 0.9888297633020922, 0.9631941258901425, 0.9992873133862338, 0.999249377593667, 0.9991073689214858, 0.9998558586208585, 0.9983725485769788, 0.9992212778361593, 0.9991191609600615, 0.9992202227061959, 0.999127121884035, 0.9991334920328862, 0.999127121884035, 0.9229087274232526, 0.6502082706795551, 0.924368072360194, 0.9040240786875458, 0.7021559247132784, 0.9356048258413581, 0.8861683596053506, 0.9200422001078856, 0.9226033864414652, 0.9345466687276381, 0.9627943866105519, 0.9617096055925614, 0.8372693265770366, 0.7978455788855432, 0.8599166611828429, 0.8291052453195585, 0.8577946619286334, 0.8586448462248387, 0.8577946619286334, 0.7309498486060949, 0.802125037514778, 0.8039715448791724, 0.802125037514778, 0.812303119316707, 0.6914039834557565, 0.8032766461207081, 0.8049880113883928, 0.8032766461207081, 0.4965354357841552, 0.3132892229896253, 0.4540175948642121, 0.6339636264591598, 0.42668157510614235, 0.3890325586187701, 0.3893024424307293, 0.3890325586187701, -0.6321480004008904, 0.7870276585431675, 0.7851816000932008, 0.7793224289690702, 0.8492156240184057, 0.8705033232237855, 0.7991715685293658, 0.8019155827495098, 0.7991715685293658, 0.8078539044533883, 0.8078539044533883, -0.27017579407006886, 0.6587210376516385, 0.10218261768441107, -0.5942742317630431, -0.6378788042216719, -0.6386612356377748, -0.05794524236423028, -0.03238019215779654, -0.12099034454167687, -0.0284201277573204, -0.02803044855869535, -0.31890142812968497, -0.3476295548458999, -0.5269324451310922, 0.007806535092095537, 0.008416415118797463, -0.5689631438976517, -0.49254984947836244, -0.4883819365533573, -0.554356118756859, -0.5849560992855355, -0.5641269745427829, -0.5660419135111705, -0.5641269745427829, -0.2585869183732107, -0.2805421208515995, -0.2805421208515995, -0.6963666064083504, -0.6963666064083504, 0.3510944037418721, 0.6095583831137229, 0.8264323662793057, 0.8021291070263152, 0.7612998809419346, 0.6349323559186717, 0.6500577236970376, 0.7220538633048413, 0.7222128601086463, 0.7220538633048413], [0.9730116570857612, 0.9549102806268192, 0.9338396765103987, 0.9709573648127601, 0.9594735546140911, 0.9730116570857612, 0.9483317355327248, 0.9391971302077151, 0.9470495561259449, 1.0, 0.9147954919922074, 0.9483816331733693, 0.9484972618618275, 0.9480038248557433, 0.9472945480715721, 0.9497920266588614, 0.9556924409029538, 0.9547159327876238, 0.9546796208600256, 0.9485364795124817, 0.9485196657222157, 0.947870339275206, 0.9397030041842311, 0.9504907488053466, 0.9507142008736821, 0.7915731890869878, 0.955484299393353, 0.9496011400716505, 0.9563182252001802, 0.956466230626288, 0.9545518405733093, 0.9282262609395687, 0.9591146239541039, 0.9593868212706034, 0.9602526752181128, 0.9506489517539635, 0.9280028111119133, 0.958315046316368, 0.9599020680769955, 0.9597045904555537, 0.9605720993775231, 0.9605300089947673, 0.9605720993775231, 0.7716636106567883, 0.44858996515725846, 0.7130501359557034, 0.861234218745741, 0.8460514198578353, 0.8740290107956538, 0.7518747041642154, 0.8517532771753752, 0.8653155047805287, 0.8752092710217071, 0.8939241648981364, 0.893970838935539, 0.8472470518870402, 0.8380162255171932, 0.8749311501093258, 0.8498493347212223, 0.8658361375192399, 0.8668105874978175, 0.8658361375192399, 0.7831288015471051, 0.7623349513594828, 0.7645821804126773, 0.7623349513594828, 0.8425523815455439, 0.866148633834442, 0.8404237307899245, 0.8413367242300714, 0.8404237307899245, 0.6055513926898289, 0.5253959143087581, 0.6057684261356115, 0.7330487018150166, 0.6240469210521783, 0.6466291235169953, 0.6501384264115033, 0.6466291235169953, -0.26587114659820144, 0.8451912568338915, 0.9117742383788179, 0.8651730993194681, 0.8655212811717353, 0.8770708921076866, 0.8362189106918427, 0.837733631831133, 0.8362189106918427, 0.8495282588852118, 0.8495282588852118, 0.013831369754048592, 0.20932719444720613, -0.06535179393174194, -0.3384477981799687, -0.3720438395452459, -0.37393981544311883, 0.11855316970539566, 0.3714307587412906, 0.14331224165476245, 0.04477683672280937, 0.1496946827390194, 0.058163757490247554, -0.049966503743297204, -0.10390955278107207, 0.2624648881246711, 0.26126824122564657, -0.3214259637151595, -0.2683696583997449, -0.2717773150868732, -0.27372223791628525, -0.34635113353727565, -0.2946625925357709, -0.29645059293795806, -0.2946625925357709, -0.03644261546725513, -0.31341577443978347, -0.31341577443978347, -0.3815232109662116, -0.3815232109662116, 0.5803947040554546, 0.6817917038213447, 0.7608233019144964, 0.6637097384619749, 0.840654821560755, 0.3027540063356886, 0.39271715360517867, 0.575178641717498, 0.5754592100794391, 0.575178641717498], [0.9786061319432318, 0.9758960644585489, 0.9962122403072714, 0.9846430801946935, 0.9945409458385054, 0.9786061319432318, 0.9995197521919393, 0.9979675107204211, 0.9994536219067021, 0.9147954919922074, 1.0, 0.9995167191755592, 0.9995122537392175, 0.9994584221447533, 0.9994983285783858, 0.9982985131471458, 0.9995574067358911, 0.999686995301564, 0.9996925702227496, 0.999525658296441, 0.9995268188954473, 0.9912053489001362, 0.9561546128157971, 0.9910192263368732, 0.9909892343395903, 0.9855768024177707, 0.9717182808107975, 0.8911423920002473, 0.9885756149473044, 0.9886326788888631, 0.9700613757971642, 0.8865118896455336, 0.9985458595505623, 0.998491468940296, 0.9982507869554709, 0.9991832690832239, 0.9991000918990555, 0.998520778950651, 0.9982687880284543, 0.9984476815869054, 0.9982012105511552, 0.9982162659088711, 0.9982012105511552, 0.9167189309659775, 0.5385402323416519, 0.9199668555490145, 0.9027211310186234, 0.7045910151811712, 0.8284438430258086, 0.8352602535363838, 0.8165922547185931, 0.8165543565979602, 0.8245745453190685, 0.9217657570097706, 0.921958595378421, 0.824125163952719, 0.835943883293814, 0.7965195536310327, 0.7994609505044729, 0.8073097412574459, 0.8084079305391468, 0.8073097412574459, 0.6131459789702878, 0.5716964930181174, 0.5743874077234674, 0.5716964930181174, 0.8370603673863131, 0.8480813942920342, 0.8350189909041416, 0.8368365998757947, 0.8350189909041416, 0.2574228039257255, 0.19054787029921108, 0.31977437743280085, 0.43648616159521647, 0.30369178413954895, 0.3599868479742236, 0.36314200505543576, 0.3599868479742236, -0.39894672973325823, 0.7322475392548865, 0.790139818801385, 0.7669200317856507, 0.8344671704743138, 0.8308272053460761, 0.7239201084748358, 0.7245621635610735, 0.7239201084748358, 0.7401000808109675, 0.7401000808109675, -0.33500976655069226, 0.6487690322900628, -0.3936179820553257, -0.5370723440738591, -0.5389943453909354, -0.5411982731858372, -0.32343402880087097, 0.12298641488826885, -0.23959478475835044, -0.385634462538109, -0.2490625760165654, -0.30953192420734266, -0.3444767098249508, -0.37460795462569385, -0.008959757169644261, -0.013417802682877634, -0.545409908950467, -0.5068936336642944, -0.5245662234749892, -0.5593149392142526, -0.5537061369080047, -0.5289711387891579, -0.531793289012467, -0.5289711387891579, -0.4353478787827259, -0.5882116840124839, -0.5882116840124839, -0.5987683345642589, -0.5987683345642589, 0.34590634716142044, 0.37350083925122723, 0.4727578011715496, 0.554888541207024, 0.5575121605912936, 0.16783868257527085, 0.31259830803619154, 0.3394919230959615, 0.3396702542593018, 0.3394919230959615], [0.9899518087355269, 0.9736864325030032, 0.9850576760598352, 0.9916748524991126, 0.9964773786211114, 0.9899518087355269, 0.9999958894083546, 0.9978305999770695, 0.9999676560832281, 0.9483816331733693, 0.9995167191755592, 1.0, 0.9999617489652217, 0.9999938663215626, 0.9999210229914175, 0.9945350399292384, 0.9998071188330424, 0.9998222894173288, 0.9998226784590425, 0.9999960014045034, 0.9999969610312842, 0.9907122298946841, 0.9741831938154871, 0.9889785107515995, 0.992098454137019, 0.9817436219963169, 0.9701626086548545, 0.937401592671722, 0.9925799293458212, 0.9922522936113298, 0.9920943562901008, 0.9679678332337055, 0.9992764166396056, 0.9993630299081517, 0.9993411193181099, 0.9997353861134718, 0.9984758817827114, 0.9992424705048848, 0.9981551192847684, 0.9993492418420193, 0.999088119731027, 0.9990000255468359, 0.999088119731027, 0.9228523992763932, 0.6489811625799998, 0.9245103378633441, 0.9041490191357768, 0.7030007434887718, 0.9488714933991798, 0.9125944255126776, 0.9365377394893694, 0.9272721270084955, 0.9383590764018962, 0.9693473812122405, 0.9613857849010959, 0.6915752627654305, 0.7971599742939787, 0.7828455697214336, 0.82842907740373, 0.7754076572688252, 0.7468740740138599, 0.7754076572688252, 0.7320406283051425, 0.7489568739845948, 0.752301959588229, 0.7489568739845948, 0.8110740649839858, 0.2621052604073152, 0.48481537481135295, 0.5804064087650421, 0.48481537481135295, 0.4975219922112671, 0.45889957083163235, 0.4547434440603596, 0.5901292237303628, 0.3653434075511351, 0.3965397975986995, 0.34359266644007896, 0.3965397975986995, -0.6519402060624587, 0.7867138463923748, 0.7857855884462545, 0.7794436731811935, 0.717052040086312, 0.8834977378150107, 0.7926108942300936, 0.7950644366170412, 0.7926108942300936, 0.697445061668962, 0.697445061668962, -0.26751113330948684, 0.6577426314119937, 0.266362147880601, -0.5648669628696503, -0.5928673106671345, -0.5960548030702224, -0.05435599235915013, -0.034351283376021856, 0.38238118369626145, 0.1541829094359507, 0.06957101214875837, 0.13772230331992194, 0.10583835526941586, -0.08154991515872413, 0.009349154394737203, 0.00964223881381587, -0.5668912715404119, -0.49019365733210435, -0.009272263016454377, -0.5518974219932514, -0.3404582247683055, -0.30742085007849257, -0.130250627327904, -0.30742085007849257, -0.25580838976245623, -0.2766710288480094, -0.2766710288480094, -0.5985735198568305, -0.5985735198568305, 0.3513169939263546, 0.6108549613121135, 0.8044387245538744, 0.810331113774326, 0.7630190242619102, 0.6503425171064938, 0.7489275667652578, 0.7720374943632241, 0.7901251043006547, 0.7720374943632241], [0.9901157565623139, 0.9736367081495546, 0.982503516795203, 0.9917654680888767, 0.9965811135542832, 0.9901157565623139, 0.9999563930933272, 0.9992007930825747, 0.9999631879886596, 0.9484972618618275, 0.9995122537392175, 0.9999617489652217, 1.0, 0.9999662033935744, 0.999908749685987, 0.9974474696460826, 0.9998026464667203, 0.9998647676551696, 0.9998654285763015, 0.9999824880803552, 0.9999608414882739, 0.9902433013714442, 0.9739888565867328, 0.9928405022126503, 0.9927997090747979, 0.9817115472158457, 0.9697763187958154, 0.9373249530186963, 0.9933554190429688, 0.9933728845126338, 0.9918462660799957, 0.967763842549804, 0.9995025590413261, 0.9993669862897151, 0.9993972478018797, 0.9998846409168487, 0.9984732984648533, 0.9992499196695254, 0.9992077475646257, 0.999359493634863, 0.9993745504583874, 0.9993787209026288, 0.9993745504583874, 0.9229531011831745, 0.6491428982556844, 0.9245221925011907, 0.9041356677592565, 0.7030054205976292, 0.953010429901451, 0.9100453235869639, 0.9383482519463708, 0.9273572887489892, 0.9383557419480703, 0.9690663847650829, 0.961457553279896, 0.6437778360314493, 0.7968715226478126, 0.7815862854114806, 0.8289047474766233, 0.7743381876152428, 0.7184415881189683, 0.7743381876152428, 0.7319597757624366, 0.7390513442819658, 0.743532873737617, 0.7390513442819658, 0.8115448087921584, 0.19078489151116573, 0.47202616611300197, 0.47798847909097436, 0.47202616611300197, 0.49767532635307143, 0.35100494908603963, 0.45499710481219485, 0.5896280892784687, 0.3655677720188608, 0.36315944768012853, 0.343228503093487, 0.36315944768012853, -0.652130088849414, 0.7872032466368792, 0.7857632960635537, 0.7792018610192463, 0.6553383325837581, 0.8839946426356664, 0.7931412809495003, 0.7955891405126168, 0.7931412809495003, 0.6959061080783314, 0.6959061080783314, -0.2671667833273841, 0.6576215649291567, 0.26999499182683245, -0.5647087697032841, -0.5925282295001126, -0.595715925226839, -0.054740687183723075, -0.03424731084182423, 0.3347408159567319, 0.1543532085296406, 0.06931645323168298, 0.14116163797112524, 0.10823380883368798, -0.09177147145838828, 0.00947114042104712, 0.009767563253073135, -0.5670590705895094, -0.4902731694128746, -0.07496771117390268, -0.5516116040685145, -0.33841377851129406, -0.3051500307851888, -0.2178002811422351, -0.3051500307851888, -0.2553416576418035, -0.27779025532370183, -0.27779025532370183, -0.5978247827336125, -0.5978247827336125, 0.35144747164370777, 0.6110323852211118, 0.7892213041350477, 0.8103786181982391, 0.7634094402766084, 0.650079457850416, 0.7069684435137765, 0.7598753440977366, 0.7600201423529538, 0.7598753440977366], [0.9900234018678752, 0.9734202974277634, 0.9848189756856455, 0.9917163650129557, 0.9965117552336423, 0.9900234018678752, 0.9999918389995557, 0.9989203717476901, 0.9999728227957528, 0.9480038248557433, 0.9994584221447533, 0.9999938663215626, 0.9999662033935744, 1.0, 0.9999339526282177, 0.997294627783696, 0.9997971924516202, 0.999825605934174, 0.9998258725557304, 0.9999938432976675, 0.9999940702245136, 0.9905611668351862, 0.9740781460601935, 0.9926737822098604, 0.9925490531278989, 0.9816025442582673, 0.9698150308755186, 0.9370047672031073, 0.9933073780574524, 0.9933525246889015, 0.9921331869855124, 0.9681542114652018, 0.9993290932507435, 0.9993616357628368, 0.9993735470105443, 0.9997745343674843, 0.9984022644926221, 0.9992459480441808, 0.9984815279572937, 0.9993582152588875, 0.9991390603720494, 0.9990586676968315, 0.9991390603720494, 0.923105223375373, 0.6497651957196526, 0.9248388953842877, 0.9044380594150715, 0.7025960202241153, 0.9494631483769458, 0.913363323250956, 0.9371722491752745, 0.9276988252034949, 0.9387495108927578, 0.9697874717875571, 0.961788649186791, 0.6918845523930234, 0.7974492100017817, 0.782765201327109, 0.8287174701331304, 0.7753722787676592, 0.7465089915113496, 0.7753722787676592, 0.7322480894620693, 0.7489040280000361, 0.7527408796205722, 0.7489040280000361, 0.8114573936808576, 0.2613919469727235, 0.4842691539463927, 0.5804557387678838, 0.4842691539463927, 0.49733258466444796, 0.45946917449946584, 0.45462464776295425, 0.5898664914046644, 0.36491559520218453, 0.39657155325307347, 0.34322147336935255, 0.39657155325307347, -0.6523347300344159, 0.7868571584222201, 0.7852832260056051, 0.7795273411663168, 0.7060706608595126, 0.8837897634474497, 0.7927531850008472, 0.7951949567586754, 0.7927531850008472, 0.6972397034620433, 0.6972397034620433, -0.2693549966272221, 0.6588112560181717, 0.2668921987288444, -0.5654299413698077, -0.59328976113855, -0.5964827142341071, -0.05563910619176047, -0.03571172103902604, 0.38267038203147424, 0.15366541072387363, 0.06865380488535087, 0.13777900753357625, 0.10589486888918831, -0.08140481760580633, 0.008200787542058744, 0.008489000962222357, -0.5676027424105125, -0.4913089131000923, -0.008677473025137463, -0.5534444507934309, -0.3403307045937011, -0.30736820911650825, -0.12967930026230623, -0.30736820911650825, -0.2569176113068736, -0.2771906363064692, -0.2771906363064692, -0.5986760624853082, -0.5986760624853082, 0.3514877877064495, 0.6105320194757458, 0.8049762501065001, 0.8107953894798152, 0.7624342751849438, 0.6511450085238348, 0.7497203845393027, 0.7724365953841978, 0.7907347546725467, 0.7724365953841978], [0.9900816612921678, 0.9725082939157847, 0.9847091818682739, 0.991760363786335, 0.9965087341978452, 0.9900816612921678, 0.9999154396544983, 0.9985918230148862, 0.999928445099356, 0.9472945480715721, 0.9994983285783858, 0.9999210229914175, 0.999908749685987, 0.9999339526282177, 1.0, 0.9974123301269914, 0.999690135282317, 0.9997727372104882, 0.9997739012606199, 0.9998975577218374, 0.9999167466557715, 0.990315646542211, 0.9738333758775538, 0.9919332425486369, 0.9915593505604189, 0.9816429790337223, 0.9695179450424664, 0.9369649899278755, 0.9924075968863987, 0.9924134433028469, 0.9915202032565992, 0.9672266977930868, 0.9993387555114059, 0.9992107378145633, 0.9993113925237948, 0.9997613349577014, 0.9983054687002261, 0.9992237351280685, 0.9984669267233359, 0.9992335770794261, 0.9991557934430768, 0.9990894578486836, 0.9991557934430768, 0.9217413183103295, 0.6501395366144086, 0.9236573127779539, 0.9033423248470132, 0.6996215935598894, 0.9500325737680335, 0.9142526900024129, 0.9381614674489818, 0.9271753456100887, 0.9380593421495735, 0.9701657771823262, 0.9613702075914755, 0.693286308922702, 0.796028504145464, 0.783064282116784, 0.8283940966264736, 0.7756751388371578, 0.7488274304617445, 0.7756751388371578, 0.7303230371202524, 0.7483996227577846, 0.7539337793152511, 0.7483996227577846, 0.8114632439400083, 0.26142473052700343, 0.48392464022160403, 0.5819148518542044, 0.48392464022160403, 0.4959284435476637, 0.4612222635965424, 0.45303964861546003, 0.589426970644488, 0.363478694016797, 0.3971271106703819, 0.3434762573906028, 0.3971271106703819, -0.6528574004966895, 0.786237657369131, 0.7838952989495017, 0.7784833106485876, 0.7191137381523396, 0.8841419505190418, 0.7923080596047, 0.7949473102182685, 0.7923080596047, 0.6973926326673395, 0.6973926326673395, -0.270019420163712, 0.6614417786317988, 0.267293939100942, -0.5657214534520615, -0.5933133045803601, -0.5962446375645645, -0.05763573773983495, -0.03739940463513172, 0.38397937972881996, 0.15314161165844106, 0.06740684365523242, 0.1388410031644329, 0.10697248913242872, -0.07987178554924271, 0.007216472439603144, 0.007816045136825104, -0.568958495389319, -0.492927059614359, -0.006857831592419, -0.5545060849333199, -0.3394366467418019, -0.3064866142933852, -0.12818898025128367, -0.3064866142933852, -0.25714389381718344, -0.28012736793737414, -0.28012736793737414, -0.5985296935253639, -0.5985296935253639, 0.3484926414232696, 0.6082786881637621, 0.8060749124699318, 0.8115791716636264, 0.7607096506310875, 0.6501115795073801, 0.7514995741717649, 0.7731980709178583, 0.7921995905690176, 0.7731980709178583], [0.9930479774877551, 0.9826474213165721, 0.9878949976795584, 0.9946905267628791, 0.9975955643646782, 0.9930479774877551, 0.9936758335050406, 0.9857551784414786, 0.9979877769192793, 0.9497920266588614, 0.9982985131471458, 0.9945350399292384, 0.9974474696460826, 0.997294627783696, 0.9974123301269914, 1.0, 0.9980799324611785, 0.9976751475167491, 0.9976725625447544, 0.9977572903269168, 0.9972235974593859, 0.9911497853311458, 0.9767056663581289, 0.9692998779765466, 0.9868966409742836, 0.9862204542885745, 0.9710789424964527, 0.9463352522967516, 0.9915627230460656, 0.989390507932259, 0.9883396675568015, 0.9660721513164946, 0.997460195423946, 0.9974896463620516, 0.9972911723769013, 0.9972574820904547, 0.9984328492806828, 0.9980171264336596, 0.9972816711349881, 0.9977285445395295, 0.9973924252521675, 0.997369309243786, 0.9973924252521675, 0.9131885546432795, 0.6604845913850969, 0.9163047344247814, 0.9069638778059094, 0.7265218042589601, 0.9518904785350444, 0.91702637920858, 0.9433