var element=document.getElementById("correlationAdjClose");if(element.style.display!='none'){var correlationAdjClose={"data":[{"type":"heatmap","z":[[1.0,0.9999924930994818,0.9852727608988512,0.9999259192341552,0.999011637527381,0.9867857372254247,0.9977299195944558,0.9957239912482441,0.9691384984952546,0.9960386881173596,0.9807082275797946,0.9932912461699727,0.9958543452709355,0.995138259742879,0.9957733688495697,0.9974530913184358,0.9974378454674613,0.9982563687344035,0.9964206254893445,0.9964317721008705,0.9964862902759939,0.9958065559879447,0.9862783600898613,0.9707126914175923,0.9890042752758896,0.9558863964323463,0.9879343619063511,0.9850852407509053,0.9661000048578926,0.9487406413570485,0.9933562156866305,0.9942566309425448,0.9921327827151359,0.9765403594095221,0.9976407610399642,0.9979013086280911,0.9973645293757808,0.9959134390564067,0.9955929244127517,0.997797948067366,0.9987223628212757,0.998751802266168,0.9975903521973655,0.9976004170658667,0.9767242386387779,0.9158843418882868,0.7437000110744256,0.9139794555982214,0.9154920046319787,0.84989329289772,0.9646651571884257,0.9464237713417174,0.9661929243644842,0.9651698669329776,0.9565537705959747,0.9852264209471958,0.9821093621357182,0.9903029551357712,0.9945597622301531,0.9856017784494031,0.9802663778875589,0.9872826643069965,0.9850511216495231,0.9878703018901717,0.9876579601680643,0.9649731953313153,0.9714322464814282,0.9737035430299349,0.9733714101946419,0.9496091794608355,0.9783173535217298,0.9760090588157612,0.983701169418539,0.9829127357212591,0.9397226571153757,0.8737810769901547,0.8414063402470945,0.8921943145623636,0.9140298063597307,0.9102857006590447,0.9119546353794296,0.9105545243388503,0.6614522687107215,-0.5678876049561262,0.9791956074212315,0.9729413066948474,0.9692909602443143,0.986382688979796,0.9730441962598927,0.9833827788441527,0.9833398075538042,0.9483359926571822,0.9835102014948781,0.9518869228125828,0.6868506411606842,0.8882673392504933,0.9218178133562879,0.7759204495084574,0.9284384167106208,0.9465911799399649,0.8284698193691754,0.9617443037695967,0.8960606420152211,0.6232676342754234,0.7146067716153727,0.8923802208454076,0.8675857550750506,0.8897163027805857,0.9716868552896223,0.9718763724966722,0.7429281255872132,0.7194802332613476,0.8248177520057313,0.37200871561844284,0.7978050896491892,0.8291529655632482,0.8160861370173903,0.8145816481946707,0.7642026334596145,0.745908574633003,0.7272215549494433,-0.25618543963586377,-0.3942819677410439,0.6526829419676815,0.8969209099026227,0.9404826760294402,0.9459599981489559,0.9151870489871136,0.8277783028367983,0.9129291985425583,0.9337909795006327,0.933640947134074,0.8682245307065795,-0.18857803667330011],[0.9999924930994818,1.0,0.9858163734251255,0.9998061443552734,0.9979435335565074,0.9902262266470785,0.9938850565414823,0.9903524993228671,0.9822826800531883,0.9903785803868487,0.9723311386632113,0.9924445290484333,0.9905455297872374,0.9904036538321377,0.990447656605525,0.9930402080561482,0.9960996524133814,0.9956894302500918,0.9932868101029872,0.9932875549179268,0.9904424642445049,0.9904952402449329,0.9900164208023807,0.9683949202973589,0.9865603510645341,0.9793142587461383,0.9863771605355418,0.9849618028695567,0.9771389455991994,0.9235117355840489,0.9878990453897705,0.9849605576803792,0.9781022942389905,0.9237441938982849,0.9952298098668114,0.9950910619044273,0.9953531196540224,0.9912172859388535,0.9948874188809261,0.9953555413688164,0.996834905022241,0.996920525014833,0.9953320261215068,0.9953404546079221,0.9881691229832641,0.9156408848527218,0.5845212263771739,0.9137200656047354,0.9155460073837681,0.8500189078417312,0.8725763538060111,0.9169585825340661,0.8758717461476001,0.901229492106747,0.871850437799089,0.9546842088319196,0.9546215392705373,0.9635443686025997,0.9831927201365103,0.9785058725442635,0.9816084094188342,0.976607373930924,0.9763790002901044,0.9788694243582396,0.9787886851439206,0.9446616490907436,0.9536550606696702,0.9258828963330086,0.9257870742896365,0.8413086883014791,0.9744385190658179,0.9763691028826593,0.9765856879931595,0.9760965992429003,0.9426000823882181,0.7073467024376181,0.6549029243589289,0.7881920358293181,0.8687955528063518,0.8093383811809264,0.8400293561765727,0.8384989419275017,0.6558510296723551,-0.25877286981570796,0.963957823637537,0.969494769639496,0.9637215206070119,0.9792426217913711,0.961455985714777,0.9677980437850924,0.9670288053569913,0.91844523508314,0.9702504255866772,0.9229993946751577,0.5493740134223835,0.8875061526654019,0.8846407778446564,0.3765000579917244,0.713605593021978,0.7904214316149835,0.6755689065692948,0.962259786738083,0.682020089617968,-0.26665695192219135,0.17399598704325747,0.652154257635893,0.656837309963053,0.7026631046738264,0.9638286077027648,0.9637306836140553,-0.02221247779788494,0.22200072491168868,0.05947771459323823,0.025543516980594524,0.05389690884514069,0.06998400276569278,0.03749061110950291,-0.009275068762783677,0.42661054835364964,0.1585399821951366,0.10789180097787199,-0.44440889977639597,-0.484398589894719,0.6525984030854913,0.7499960488878129,0.774264993872361,0.8323014287832161,0.8249669323923803,0.5538246925283206,0.7400157690462422,0.7690905878089485,0.7678171297346834,0.41795876713286334,0.18566559314943695],[0.9852727608988512,0.9858163734251255,1.0,0.9866745228759835,0.9932089703239685,0.9906912771528418,0.9905435558560812,0.9910770081058424,0.9900062292430545,0.994261415333828,0.9580343813025229,0.9970829622966346,0.9909613232218649,0.9928834622861803,0.9911355520724334,0.9905119749170509,0.991277032668012,0.9905791338149461,0.9897450577452636,0.989713513398957,0.9927928824094783,0.9910068948083253,0.9942421937658495,0.9815308860995414,0.9911679009901238,0.9791013923318551,0.991644307271582,0.9843052069014735,0.9841884112146225,0.9538395187716803,0.9714842207766968,0.975396107377238,0.9780092667574766,0.9526932031919615,0.9878580102895257,0.9909861137804423,0.9893079925866375,0.9928933584288282,0.9951167000139454,0.9921129922844886,0.9855838980371824,0.9882460465589483,0.9881572100944516,0.9875353440229805,0.9912409133630198,0.9146196790507496,0.6843619444391178,0.9344968243394006,0.9100125627924047,0.7720965860362247,0.9243966023558624,0.9017532180790244,0.9267898775370695,0.9256647001630111,0.9134210977393264,0.9518140820986936,0.9597141071290464,0.967251065424981,0.979637223801082,0.9352697692456051,0.9566224892489479,0.9584455682748534,0.9649686141262116,0.958847789551809,0.9331373018200442,0.9096228667460786,0.9362550570971604,0.9291944491648341,0.9114222887465654,0.8772798471269216,0.9650630402250663,0.94310070877313,0.9588570786768944,0.9375616726305359,0.7982128217128419,0.8210509934900543,0.7461665920483226,0.8420365182530106,0.8787335966612192,0.878298913502636,0.8473691780349999,0.8614914784804177,0.34592087340250394,-0.5639115761135267,0.9531695005142446,0.9336910017292707,0.9351382437121966,0.9355287556062792,0.9474613783961332,0.9569070752994537,0.9564882536911545,0.9228724023576627,0.9526073899058182,0.8572062149716411,0.6631896508584052,0.9438049576658017,0.9431146027754741,0.7429256945862605,0.912357852428732,0.9322130028046935,0.8146888731666795,0.9796942572189847,0.7779717338278217,0.5294672518546137,0.6558038554954791,0.7871412486127849,0.7939623479614841,0.7759683109047302,0.9828631056090471,0.9829004084607857,0.6652604887571588,0.6592695453851407,0.7124054151850235,0.30946866160214187,0.6951190674856786,0.7122431554174605,0.7223272791264088,0.7093015340159269,0.721752287082547,0.6759802677057679,0.655668357364078,-0.32468942764759673,-0.4624970882023486,0.6150632439282875,0.8580617072170865,0.8896968818588383,0.8927636219005401,0.888500577333853,0.7591147609259475,0.8645244714107599,0.8784786701108273,0.886911777951392,0.7379256803825027,-0.11013021570434656],[0.9999259192341552,0.9998061443552734,0.9866745228759835,1.0,0.9992915514736198,0.9878161246839384,0.9980287097458934,0.9962079248936984,0.971401539070891,0.996592418675738,0.9803487782852854,0.9944700431802772,0.9963203066347863,0.9958077210842076,0.996256080579201,0.9977701139636983,0.9978234575527649,0.9985668214875413,0.9968440566804451,0.9968527978190607,0.9969555089968543,0.996276715657673,0.9875331789476804,0.9720679108974626,0.9900433101434387,0.9585315531888233,0.9890826246950906,0.987016049594229,0.9681585073556547,0.9499489573347809,0.9927626701865763,0.9938520472876813,0.9921861784965267,0.9761743314411642,0.997771639398198,0.9981603132631036,0.9976439143559845,0.9964388230491549,0.9962291593513698,0.9980959511789153,0.9986469479725056,0.9988721369355177,0.9977140561851914,0.9977212513708299,0.9785524603183602,0.9117925687751921,0.7374229961668071,0.9147502010353215,0.9137256150975448,0.8405943418021782,0.9617352326601242,0.9430436635914511,0.9631597793045984,0.9625659346150682,0.9537019663619254,0.9831521506014281,0.980595691541121,0.9894773080078768,0.9944688698670571,0.9840054285154525,0.9788793204583973,0.9858652690686216,0.9843267402163609,0.9863729641686179,0.9861541788616839,0.9531170593967623,0.9699847812004059,0.9720737366833357,0.9717405820754212,0.9436054652273346,0.9777586973676065,0.9727764895586427,0.9820970836546205,0.9812694370196511,0.9155619587282186,0.871915429492618,0.8370009104835202,0.8900907189497456,0.9108049445524399,0.9095666843436212,0.9091938414309649,0.9078473126651676,0.5619880364679484,-0.5677314008714736,0.9781633188166714,0.9712433688228348,0.967477551943436,0.98478976666949,0.9720751930049143,0.9824441473415286,0.9823965258504878,0.9475370277139077,0.9818889664282602,0.9339622482285732,0.6918523171175023,0.8951648011206826,0.926127445610815,0.7775175858002535,0.9301019709576592,0.9480006045590047,0.8287690401096238,0.9631427455521027,0.8899128953269834,0.6197878645727422,0.7128256210171877,0.8872813983500595,0.8639796140241174,0.8842939471397232,0.9726767767248888,0.9728740858036026,0.7419107076050995,0.7197145541636268,0.8168778842867767,0.373988080775949,0.7920983804829801,0.8209304947792762,0.8079280372248091,0.8092365122378422,0.766808387792846,0.7458775824189883,0.7272623667708099,-0.25156100435636514,-0.3935359698082259,0.651601488368455,0.8950271776886307,0.9386446482663465,0.9441715011186166,0.9140213322668594,0.8249649895449085,0.9109217731720964,0.9315430597893372,0.9315484280942481,0.8607246769957608,-0.18136622578444106],[0.999011637527381,0.9979435335565074,0.9932089703239685,0.9992915514736198,1.0,0.9907490813169756,0.9990723302010125,0.9984168389509781,0.9843810544317914,0.9984777952462561,0.9747426938021301,0.9979325599765551,0.9984543201533271,0.9982943744499544,0.9984501493779219,0.9990022874240279,0.9982728950900596,0.9992535917148029,0.9988071711558942,0.9988065890768304,0.9985215492241006,0.9984426407257997,0.9940079076004855,0.9797625076985682,0.9943790850434986,0.9767697111821428,0.9943326607933967,0.9901999488482965,0.9817719719475493,0.9535631226763842,0.9893532434083232,0.9919922534814625,0.9897672702088501,0.9677695941273037,0.9989441450023597,0.9989862126116864,0.9989932488935727,0.9985448070550494,0.9986212917029836,0.9990948993962808,0.9989545831159156,0.999166962878911,0.9989355870231886,0.9989349284490504,0.9886889813122458,0.9214893700329579,0.7134733492652009,0.927738408333725,0.9177842520271373,0.8250117801196619,0.9463874516970705,0.9338391696344038,0.9504876101242262,0.9546708499829442,0.9451995195311993,0.9796574242248889,0.9795954065489076,0.9889973268474913,0.994431285061373,0.9803655098583612,0.9731685101877908,0.9812164900414484,0.9802695228820394,0.9815544788173084,0.9812929529855381,0.9545613168967396,0.9606172679024627,0.9553923864579459,0.9549613210638478,0.9140205946652222,0.9749356909568515,0.9714189614323321,0.9777467781150094,0.9768500972854575,0.9361177234871896,0.8492262509528146,0.8076129158415662,0.8735723909842763,0.9145001264655007,0.8969488074128095,0.9050010892114074,0.9037578728616499,0.716580132973132,-0.5868244964111761,0.9714832739808202,0.9603277134798004,0.9575881500642082,0.9813928579573171,0.9618557076838053,0.9754347853632682,0.975001323087958,0.9380208965687266,0.9772590794915009,0.9415590323633157,0.6790988034974338,0.9131501143762683,0.9470859646696679,0.7334512869803913,0.9106766745948246,0.9339140775085712,0.8228686326288219,0.9686961452462162,0.8836629288398145,0.4629862604619953,0.6486400575622845,0.8719504036582196,0.8322979787880872,0.8746933228721087,0.9765628201570732,0.9767135085155662,0.6975095770858482,0.7014039453758856,0.7404176093632896,0.3500937757584,0.6837198829796035,0.7459518303481718,0.722988513173976,0.7025361629794619,0.751778193990541,0.7292783839533653,0.7097399707017215,-0.4667653554294523,-0.5461014306529918,0.6430195802300586,0.8882534975084732,0.9234895156011971,0.9366521756313478,0.9107259053705414,0.803153069786745,0.8954655303473735,0.9168092700289274,0.9163419731763714,0.7957157976511006,0.029683048233549315],[0.9867857372254247,0.9902262266470785,0.9906912771528418,0.9878161246839384,0.9907490813169756,1.0,0.9866131052346289,0.9870809894802951,0.9912485327146029,0.9867578455754181,0.9619077054297545,0.9795624422929303,0.9869896476291561,0.988356712161509,0.9871456752914101,0.9868734909606407,0.9901450449531866,0.988129995911089,0.9879080489410175,0.9879087227341061,0.9859439673333024,0.9870751917572542,0.995925546106458,0.9923621654699166,0.9875764474518735,0.9844920973359386,0.9876125565820763,0.9736417079949925,0.9865317656038295,0.9704530152309448,0.9676168841761726,0.9725502741904618,0.9812142644961473,0.9689158908047659,0.9864566445547795,0.9867095024954964,0.9875431149468352,0.987862896298299,0.9812366113663544,0.9876086860572482,0.985643784702809,0.9871646139191612,0.9865831836049597,0.9865948409018731,0.9953535987802679,0.8717516750717936,0.70850241719565,0.8931561478116751,0.9086941326587855,0.8372789749020664,0.925377866232539,0.9103581008040386,0.9275836834228111,0.9381950444883509,0.9231980501702222,0.9569985752975064,0.9618480186652094,0.9654152890282629,0.9759620463849857,0.9691717812471325,0.9833917175017031,0.9703855144518969,0.9824861790591091,0.970076598716239,0.9695187805442432,0.9720402899234294,0.9640274541105552,0.9445919291517257,0.9441035823485501,0.9372062273879321,0.9804158156855224,0.9728308830539227,0.970492269656145,0.9690009201445533,0.9562282874340171,0.8712050736149247,0.8239055598386406,0.891076650267052,0.9057323571467798,0.9141590192950741,0.8960202777341154,0.8938242291998578,0.685946227066236,-0.5254365327899521,0.9774353916211895,0.9764565923392093,0.9725313070159137,0.9702023561135987,0.9687114082838582,0.976864289374294,0.9764771784633653,0.9616146331214476,0.9662069996378253,0.9606589773694036,0.6968776788596682,0.8650067826341418,0.9454607878905438,0.7802594834560462,0.9214333204350019,0.9369407972073998,0.8219034145314652,0.9584426202972386,0.8421564327233224,0.5578511031885581,0.6832517907677876,0.8401964368670473,0.8214465541690236,0.8387086488038467,0.9599367973328587,0.9600145209457358,0.7014001703444805,0.697524514803542,0.757066712228992,0.37483747533145756,0.7414550106320323,0.7627448655317652,0.749327279911299,0.7515895848079636,0.7514181077606057,0.7124740475392541,0.6961675335922725,-0.2806058535454536,-0.4100163359246241,0.6699065711202155,0.8730907717990167,0.8908007747487117,0.9009056049242311,0.8865797362507414,0.7929629678395559,0.8610179381596553,0.8823832372214946,0.8824831066931736,0.8255704647624877,-0.15135572457817234],[0.9977299195944558,0.9938850565414823,0.9905435558560812,0.9980287097458934,0.9990723302010125,0.9866131052346289,1.0,0.997323381411732,0.9583284368893203,0.9995639243533095,0.9747202422270672,0.9994997303628987,0.9982658135062927,0.9991110080600777,0.999097374665625,0.9998785385770674,0.9952840989132726,0.9999013872680976,0.9993120825724495,0.9993171749958778,0.9996798956685062,0.9992828768000073,0.9905737810149609,0.9750562348144197,0.9849085297879138,0.9258432502876563,0.9929983327840952,0.9896603616373516,0.9729885281805185,0.9479341877557043,0.9918266570584622,0.9917323180607608,0.9933922023918692,0.9735586288197454,0.9989131639253377,0.9998346304242999,0.9996822130818003,0.9994345159134841,0.9997090060068322,0.9998639449385102,0.9983496487488541,0.9997037062444462,0.9993277520919374,0.9989623350891735,0.9820438609637727,0.9287913863879059,0.72977440313861,0.9393246041312088,0.9274256505147942,0.8187204083545453,0.9575208626494458,0.9425428072111353,0.9597000040356787,0.9590168687851088,0.9511005997839631,0.9816646494706558,0.9804094055233213,0.9913000824228066,0.9964631071895833,0.944925794948658,0.9602420645981994,0.9715211816154374,0.9719934008286999,0.9732030074154202,0.9449727377809107,0.8992675928868983,0.9513341776221717,0.9585184314515107,0.9358967871059372,0.8874501797284302,0.9646977510016146,0.935999785626127,0.9656353959357713,0.9452910828312432,0.7608731071109727,0.8435430393770535,0.7681968611153103,0.8607158650196434,0.8831182912227143,0.8874887991460776,0.8661375411568395,0.8784639249357197,0.2988794269254066,-0.6016882811472833,0.9623161860459221,0.9451521693053354,0.944056677247472,0.9468519808820922,0.9585551335203778,0.9693124662113896,0.9693563989421093,0.9280415226103,0.9656915302260651,0.8382654874837446,0.6732968495460607,0.9136379232672557,0.9259173312784958,0.7662422085961241,0.9272243198623689,0.9463274356386417,0.8234054445638999,0.9680510024255026,0.8317187949238406,0.6097707048080931,0.7038508044512517,0.8451818146854937,0.8433459517991074,0.831304869915772,0.9766565081925742,0.9768663160638906,0.7293487946044794,0.6983801106666825,0.7822188013219755,0.3449798704105896,0.7697095972369796,0.7924663643460095,0.7813408336812638,0.7893046726809564,0.7481106437974595,0.7345729023145741,0.7141797615752651,-0.26846673256694964,-0.417738072036204,0.660853318556161,0.8908971135510688,0.9272084604570919,0.9429861667573634,0.9151326973785746,0.8241239474609806,0.9113957937141396,0.9326450687504827,0.9320985475184712,0.7757439687196748,-0.14535484271654497],[0.9957239912482441,0.9903524993228671,0.9910770081058424,0.9962079248936984,0.9984168389509781,0.9870809894802951,0.997323381411732,1.0,0.9695201884839985,0.9999852175643201,0.9693659993406689,0.99969830401316,0.999996973502093,0.9996802237952198,0.9999980274701652,0.9992171173628815,0.9890069939512715,0.9993767006342148,0.9998976281264119,0.9998971858395507,0.9999603327197989,0.9999948876423025,0.990942203919907,0.9763285520794388,0.9922612752843808,0.9400609763107203,0.9935018841039736,0.9873365311056748,0.9751989733953723,0.9469790263479597,0.9880982283933463,0.9939498408437946,0.9920635241825552,0.9703665715656028,0.9994454953223004,0.9995248679674267,0.9996405395417621,0.9997119656620346,0.9989642905382426,0.999461222790075,0.9980215388445013,0.9986733949917128,0.9995151603537479,0.9993819495994959,0.9836015811690358,0.9287420088581313,0.7169297483281837,0.9442551583432296,0.9252594957102438,0.7996732658429061,0.955859182162172,0.9377516606112795,0.9576439319362336,0.9528313450684404,0.9447350258618487,0.9796459856826496,0.9772783639063406,0.9902635649913705,0.9971559319444849,0.9395656598410161,0.9552589534844466,0.9643839530100408,0.9684662114425612,0.9665026187259617,0.943107927254369,0.8900372320589107,0.9459271818698434,0.9511233748320226,0.9301034956796923,0.8736429406050995,0.9615574262220332,0.9291904150050929,0.9596241253853812,0.9403033348593582,0.7462244775849816,0.8344223070191845,0.7634032870934658,0.8516212295738872,0.8750490879791696,0.8821468451570181,0.8612946000187676,0.8709438869198965,0.27957802789343467,-0.6068323086534744,0.9575016953397587,0.93706826578182,0.9369144275151813,0.9447464493068518,0.9531745108591576,0.9645906766898402,0.9646257730431996,0.9220502151258233,0.9580829712080642,0.8251796533989774,0.6692227303436398,0.9307387636067257,0.937621564463723,0.7616095642217552,0.9267440382067446,0.9460705163038564,0.820841605675468,0.9724383053013739,0.8351203125640616,0.5954033904795522,0.6946652876729931,0.8461861542259883,0.8402416990549132,0.834361819091777,0.9794192993470344,0.9796337671322127,0.719523240499888,0.6899425073366583,0.7838835603888258,0.33112067634867376,0.7644815440570599,0.7879954701603947,0.7823210031054638,0.7836951689667265,0.7412365793720398,0.7283942790537093,0.7073620045158565,-0.2849791122376664,-0.43325697083280273,0.6446415609032626,0.882790688533019,0.9248242347231824,0.9353082599265121,0.9090081315063355,0.8129327887543657,0.9048829727997346,0.9263268689169543,0.9260191746259181,0.756055296178394,-0.12788350942503743],[0.9691384984952546,0.9822826800531883,0.9900062292430545,0.971401539070891,0.9843810544317914,0.9912485327146029,0.9583284368893203,0.9695201884839985,1.0,0.9849866174168393,0.9440465249796718,0.989998288479909,0.9732475137308048,0.9833224473280218,0.9781754806686005,0.975826682435594,0.9466931991057016,0.9804842141716779,0.9788531541562147,0.9788210016024643,0.9829374301495091,0.9781886899329869,0.9946195396552522,0.9914452747175994,0.9821208074982667,0.9868912843706636,0.9850147051951159,0.9876756284596814,0.9894733101024411,0.96369006549481,0.9305603211395364,0.9520584383069831,0.9685631334750963,0.9502291881950934,0.9727298823021822,0.9809077136142277,0.9778025548355864,0.9801773437401397,0.988102441805358,0.9826194295640552,0.9682920630814221,0.9775256229350257,0.973548559679053,0.9725307595864272,0.998855431838917,0.8889299355193447,0.6630922935225322,0.9353854072623792,0.922749025865142,0.7809620675863216,0.8887963435972055,0.8801238674121423,0.8923732147779654,0.9097317734676167,0.8941237615462013,0.9319648350503493,0.946841444168604,0.9510596609943724,0.964776988557753,0.8921719995252676,0.9572480630588147,0.9357300312276724,0.957837926235236,0.9359686898369535,0.8901003176692526,0.8944050724873928,0.9282703194943377,0.9025628331242647,0.8656067545861416,0.8551510444972511,0.9589407082577565,0.9071627118960808,0.9350279405750705,0.895344685093777,0.780030508792288,0.8114389108146368,0.6978054416249153,0.8344454049325062,0.8567774317205895,0.8696727689846676,0.8190087529176553,0.8374045038331873,0.3172176407425695,-0.5529823673764775,0.9460817340007074,0.9356420043822951,0.9334221630095684,0.8919695555910001,0.9351545631783655,0.945137562943756,0.9445640347729084,0.9231229619692038,0.929158384929488,0.8382305377340853,0.6746402572570789,0.9223035551750142,0.9532599167273098,0.7500803401957518,0.9083055353751699,0.9253216759264964,0.8037164254263469,0.9676622205624686,0.7457521177543937,0.49481148290364707,0.6376850257993878,0.7661813198818994,0.7722000460373323,0.7528738812143805,0.9672915754838383,0.9673023848539328,0.6489800146780972,0.6483338908360998,0.6789703350483861,0.31705200953123885,0.6782871422100408,0.6923130664597569,0.6725954001640942,0.6892574365372649,0.7153985303731627,0.6725471691936509,0.6534113249346447,-0.33291977198362144,-0.4673301114181653,0.6641742379706778,0.8461560606776487,0.844502038599303,0.869910953599281,0.8706362928910282,0.7552601785515485,0.8214964172664829,0.8505914832377571,0.8455440584487878,0.7121853700097137,-0.06887906588542847],[0.9960386881173596,0.9903785803868487,0.994261415333828,0.996592418675738,0.9984777952462561,0.9867578455754181,0.9995639243533095,0.9999852175643201,0.9849866174168393,1.0,0.9687240276264287,0.9996974527993319,0.9999819069294783,0.9998490418755703,0.9999905386796106,0.9996549456258734,0.9975003692535966,0.9993696160954174,0.9998418356782707,0.9998409001910735,0.9999681829752931,0.9999831539650422,0.9938378181433364,0.9779331598219398,0.9955332145170207,0.9747900091029307,0.9956602076851143,0.9873079267407356,0.9796761352550662,0.9483564568129114,0.9887730608904489,0.9930897400711609,0.9892066369708801,0.9661962170726792,0.9993863298512915,0.9994655458705264,0.9994732449169661,0.999852824763376,0.998973108659109,0.9994470499740041,0.9981968127758476,0.9986897224667034,0.999383648617249,0.9993781390882918,0.9881840789074845,0.9288153534730189,0.7175241048539734,0.9441457820376463,0.9251488047663889,0.7998786985798363,0.9436973765539347,0.9289009053795575,0.9473218725108229,0.9503890640569432,0.9420835326840684,0.9776995821769561,0.977315886696465,0.9903968597607157,0.9966206721281463,0.9700182032457576,0.9556392177760267,0.9708004942351873,0.9685803918675021,0.9712330468772079,0.9709283017287231,0.9421677761387622,0.9453114220756298,0.9448865962158182,0.9445100239328019,0.9019598175971473,0.9619149145670955,0.961952744931862,0.9678233215678583,0.9667309412500923,0.9231389912898383,0.8338337440702411,0.7863088207104437,0.8508501848746529,0.8960944801262222,0.8810947742817592,0.8880730447848579,0.8870904055882826,0.6651005259913079,-0.620442694519069,0.957498424565208,0.9371057439632663,0.9370798004162378,0.9712722940016653,0.9484155666831604,0.9642277956510236,0.9637647733907401,0.9230888183263639,0.9663049711463447,0.9269543121361055,0.6677578674279327,0.9303295234908491,0.9508351871288203,0.7399550500940826,0.9149586230796798,0.9377538345974147,0.8200113535871434,0.9713189908117895,0.8902232761211091,0.4954691488618432,0.6650216556569378,0.8791412208748193,0.8399029049820729,0.8822993561134795,0.9793518255608548,0.9795940345686952,0.7174850810032688,0.6869858182424305,0.7557757140463889,0.32907519381630146,0.7007636874368605,0.7610999425797408,0.7400425079592368,0.7205520142049417,0.7387474075895694,0.7252176404824727,0.7041331036660348,-0.5150548052094032,-0.5952505765170714,0.6442905687298616,0.8816294116911383,0.9237239390830977,0.9374698419540453,0.9080229867838573,0.8083154005898653,0.8958836464129264,0.9169914104313333,0.9164412277513702,0.8057496118841811,0.10106883269311302],[0.9807082275797946,0.9723311386632113,0.9580343813025229,0.9803487782852854,0.9747426938021301,0.9619077054297545,0.9747202422270672,0.9693659993406689,0.9440465249796718,0.9687240276264287,1.0,0.9587528541304068,0.9697283630922423,0.9687425994862048,0.9694749433553859,0.9729889545298538,0.9725422958235616,0.9765366899840479,0.9733371267618588,0.9733493917737733,0.9695248981731757,0.9695889389365778,0.9676982583571948,0.9552709091330301,0.9756536500461206,0.9557609304410615,0.9737018392483333,0.9185028761995362,0.9709108449478558,0.9556842542755234,0.9785724639384341,0.9732708981231996,0.9733531250559402,0.942876028766022,0.9768947775205269,0.9765026297334237,0.976895761536002,0.9699862172646949,0.9653004734046003,0.97594912631391,0.9805319605518181,0.9789882743717219,0.9770526726957691,0.9770678619648465,0.9570066012556588,0.8557050129961786,0.5410456251924396,0.8338163415976872,0.9080936862783735,0.8824156474440699,0.9077703086362415,0.847652480894538,0.9119422666868948,0.9235595299491747,0.9092746189102721,0.9401405562510495,0.9400165973904918,0.9483634236067281,0.972201248785503,0.9481728212269387,0.9413387295113366,0.956816017115622,0.951622089225802,0.9554752411368607,0.955491554199533,0.9139883263017048,0.9556384053878821,0.9435225116121538,0.9431999522824132,0.8732095514869358,0.94136329547038,0.9482254740942385,0.9424817892439388,0.941439770706141,0.8943331917453837,0.8422361032312907,0.8034573745466967,0.8804812784843221,0.9251241490821797,0.9006990985532387,0.9130080961527296,0.9124190100581681,0.7490710037477443,-0.3178965967831967,0.9558173228913261,0.9583806923048388,0.9495373374208768,0.9497322636779385,0.9358018339241031,0.9569744008254378,0.9569401924608912,0.9058865692511415,0.9587408989352172,0.9099732005188433,0.7540863157480799,0.752798122006076,0.8813555915466698,0.6727979874587249,0.8713231598651756,0.9031197729718272,0.8855614208544983,0.9555154563808624,0.9099385509573833,0.3714558664943231,0.6656447262222982,0.9025712820532525,0.8828518473544749,0.9096258010596694,0.9557267952472609,0.9560274544882003,0.5594657909884513,0.7234569702745702,0.6336719622286184,0.5090279416362712,0.5950645537149054,0.6469313395427572,0.6092907599759123,0.5824774250418363,0.8225468861461738,0.7009172614335801,0.6663230137895444,-0.29886034194043404,-0.3530540482951937,0.7556525073744764,0.9177148442643884,0.9246319703037396,0.9160954334843113,0.9414846635224564,0.6803518753888146,0.8522923969240905,0.9119992766625905,0.9112108274154034,0.6962444420376095,-0.1612497626879605],[0.9932912461699727,0.9924445290484333,0.9970829622966346,0.9944700431802772,0.9979325599765551,0.9795624422929303,0.9994997303628987,0.99969830401316,0.989998288479909,0.9996974527993319,0.9587528541304068,1.0,0.9997208616651585,0.9997026351635676,0.999710278834658,0.9995889867284531,0.9975941198093322,0.9992443858277704,0.9999619986797278,0.9999615658917109,0.9997091596216955,0.9997163658004982,0.9914058020426332,0.9638123622456902,0.9924980411295792,0.9809551802764512,0.9934838126402091,0.9908346501043901,0.9747568181260066,0.9112826266706968,0.989441879240363,0.9929536675427539,0.976061024852965,0.9111546983169027,0.9992632995435788,0.9993225863483517,0.9992696478173002,0.9995005603918062,0.9994841999335763,0.9992920074106879,0.997145933808988,0.9981308112551366,0.9992420330606298,0.9992382367333389,0.9899411087178493,0.923110861736121,0.5559910963915665,0.9404266335363045,0.9244167093182848,0.8034363370916198,0.8619734105242434,0.9020151911842591,0.8667310955908514,0.8846106756710781,0.8595037638787547,0.9533203080197441,0.9532750650469727,0.9776221968590846,0.9939180911381784,0.9578192935082255,0.9595529721449172,0.950736612626766,0.9525796609505511,0.954498525830752,0.9543227357354199,0.9101664208048336,0.921779733336574,0.8875748212007252,0.8874088542133375,0.7887349278563514,0.9547549578567694,0.9576415854334837,0.9577800151258609,0.9571596294392489,0.9129136350475175,0.6586247160575042,0.6025425137229473,0.740573186708655,0.8287020583097544,0.7667122181050511,0.7989262182959287,0.797846831150925,0.6008544582785056,-0.37733930045540726,0.9325201144008203,0.9407364248984659,0.932256775427954,0.9590176122518644,0.9295885210018582,0.9375335828972226,0.936495531177733,0.8775458318923193,0.9411479476414871,0.8835390601058982,0.5819948093613458,0.9274082378127662,0.9214459305939383,0.40149468453551995,0.7381987163230832,0.8089706937096516,0.6822442775222717,0.9746994978330747,0.6881728432047188,-0.2090478349074075,0.21787030418437847,0.6625407359955775,0.6657114029825738,0.706431712017067,0.975903107079472,0.9759649301159432,0.03124045881248893,0.2646138389180222,0.11412863775749667,0.07955149513781508,0.10661461828469318,0.12506420427391715,0.09179105594329612,0.04004832892435944,0.46568705143351763,0.19459388529242866,0.14148030313874665,-0.5118204722971765,-0.5510334368346879,0.6443108874499991,0.7466614983240599,0.7710598482376794,0.8320279620860583,0.8266459496812858,0.5387242044228242,0.7349000595223854,0.7660750159381206,0.7648827845470334,0.41413461817208264,0.23375539261062345],[0.9958543452709355,0.9905455297872374,0.9909613232218649,0.9963203066347863,0.9984543201533271,0.9869896476291561,0.9982658135062927,0.999996973502093,0.9732475137308048,0.9999819069294783,0.9697283630922423,0.9997208616651585,1.0,0.9996637435536345,0.9999976678577794,0.9992725293211476,0.9910766437514263,0.999422519050773,0.9999077555235116,0.9999075156125234,0.999967800742449,0.9999952677482847,0.9908405047002186,0.9761834246296512,0.9929205994858168,0.9449784077460628,0.9934603773622672,0.9874932791358514,0.9750214751812754,0.9469694462490156,0.9889956531053768,0.9940176234142087,0.9921410601633013,0.9705099226823063,0.9994880205373711,0.9995670737362634,0.9996727040141271,0.9997129887625931,0.9990410481057604,0.9995036864047053,0.9981137297518351,0.998748647035254,0.9995585590188781,0.9994254325385876,0.9833936111436274,0.9290412910829761,0.7176562951646382,0.9442073260991258,0.9254850939422913,0.8007249021089812,0.9562036609349508,0.9381642621429873,0.957995002141077,0.9532042576252501,0.945144662057048,0.979894358689771,0.9774704240047605,0.9904043359159536,0.9972232655136753,0.9398787192117036,0.9554114327252461,0.9646730265721757,0.9685986684763348,0.9667870844032301,0.9433686476575569,0.8901899300113068,0.9461895852565034,0.9515385781104271,0.9305385244757002,0.8740489274220854,0.9616379685714102,0.9294081216857328,0.9598472502286279,0.9405954915609749,0.7463078139210821,0.8348788252436984,0.7639511300044803,0.8520620756208023,0.8753825333911472,0.8823948391796453,0.861702091494464,0.8713634112659601,0.2798802060666744,-0.6067659011676305,0.9577040198684358,0.937404378544058,0.9371982583462513,0.9449924887306715,0.9533941391213024,0.9648030381280991,0.9648393823898866,0.922224572761344,0.9583949425451322,0.8253887129379349,0.669372450417987,0.9299664648814695,0.9370926375733808,0.7618051173817733,0.9267752663729202,0.9461056373915027,0.8211134494752033,0.9722748355525973,0.8355801495293599,0.5964486878529159,0.6953480163220458,0.846663562659272,0.840774213326098,0.8348022424072237,0.9793399014208855,0.9795543096744912,0.7201777432957294,0.6905340831301753,0.7844704908191291,0.33191784458211054,0.765167752535583,0.7886800310443398,0.7829149397535842,0.7844056785352145,0.7416259897923765,0.7288534312193705,0.7078459591568543,-0.28398141575936064,-0.43235906400850854,0.6451836331074282,0.8833092814071947,0.9252582192320262,0.9358259867448379,0.9094694443054896,0.8134938400613972,0.905446908380102,0.926879049115144,0.9265589469778643,0.7567305284128227,-0.12892336307947422],[0.995138259742879,0.9904036538321377,0.9928834622861803,0.9958077210842076,0.9982943744499544,0.988356712161509,0.9991110080600777,0.9996802237952198,0.9833224473280218,0.9998490418755703,0.9687425994862048,0.9997026351635676,0.9996637435536345,1.0,0.9997006174969568,0.9992254085661714,0.9971253053699853,0.9990067619632376,0.9995083109989622,0.9995013345495427,0.9996837696218916,0.9996570128297679,0.9928501476702226,0.9779273930450033,0.9961357540820649,0.9713863503373855,0.9960250983138157,0.9873671882570547,0.9778537667354612,0.9494943671985414,0.9880778249836294,0.9919809971494825,0.9911644955843181,0.9682050334396443,0.9987993075843056,0.9991166854077729,0.9992925381393941,0.9999179743619893,0.998995114321413,0.9991128803659413,0.9974222096346611,0.9980966169900901,0.998796073517994,0.9987254019692777,0.9874941822495803,0.9289834554473188,0.7132589292017596,0.9442846871370667,0.9253887775304956,0.800092261316366,0.9516599004462154,0.9315443346209527,0.9528521155165519,0.9497327328188954,0.9410014626592106,0.9763541570163886,0.9753374132163712,0.9879564138477838,0.9956936726358543,0.9622455534566885,0.9551484207468404,0.9650346753645122,0.9681061105251859,0.9667092421551517,0.9660225867808555,0.8943396830715902,0.943677229254282,0.9501272958404434,0.94982722344516,0.8728213795893034,0.9620454936559468,0.9406115191514516,0.9617195583288776,0.9604621027003559,0.7511912947121866,0.8323092529158157,0.7931591555827998,0.8501186533724074,0.8769294396914074,0.8818347118159748,0.8701384457606562,0.8706008548545966,0.2663196171509423,-0.6010984495570021,0.9570915297194978,0.9371496016886738,0.936320560549505,0.9648331815062774,0.9530569131063852,0.9638545564603239,0.9638431906834364,0.922506407645995,0.9588093137588861,0.8319709996790599,0.6697616531489812,0.9304114888538372,0.9380523149862228,0.7597585963229897,0.9251984103867336,0.9447522088877646,0.8219824429218132,0.9747494671597187,0.8304594692322177,0.5878087590166131,0.6908096618260717,0.8379112220851416,0.835460140545028,0.8270029844241291,0.9810749818575186,0.9812517780826436,0.7112615458301932,0.6854394594905175,0.764806266889551,0.33165238669628866,0.7553682970265296,0.7774951539148953,0.7538092354539603,0.7734910850365424,0.7394959497274349,0.719090773725915,0.6983470865798276,-0.29039437785521577,-0.43719944658433546,0.6447971620628721,0.8810422697178315,0.9263264801637614,0.9310835712647231,0.9085622697534839,0.8057118687872714,0.8992702770634743,0.9195899551098562,0.919985481893387,0.7499463383252686,-0.1272335641184835],[0.9957733688495697,0.990447656605525,0.9911355520724334,0.996256080579201,0.9984501493779219,0.9871456752914101,0.999097374665625,0.9999980274701652,0.9781754806686005,0.9999905386796106,0.9694749433553859,0.999710278834658,0.9999976678577794,0.9997006174969568,1.0,0.9993745028425783,0.9961765043212893,0.9993948735228163,0.999900928258799,0.9999001750337607,0.9999618451190734,0.9999929192242534,0.990984037964899,0.9763869479475608,0.9946920029794776,0.959472475746624,0.9945156459707313,0.9874305485496957,0.9752478286787281,0.947155188728418,0.9914492493518665,0.9943048025026521,0.9920083605415715,0.9702700173565765,0.9994593907430961,0.9995279554269833,0.9996492761860365,0.9997291506184677,0.9989999732778202,0.9994701809704485,0.9980517786410618,0.9986927440813705,0.9995270347513561,0.9993966755737267,0.9835921159274337,0.9288378616872791,0.7169800698962961,0.9442680059982684,0.925418013811734,0.8001652170918779,0.9559536720850329,0.9379065110280816,0.9577727108452702,0.95278710976999,0.944661863685359,0.9796833860105009,0.9772318819917771,0.9902362534046544,0.9971221881160889,0.9398922370075151,0.9553618413205521,0.9645663995376279,0.9685407643041171,0.9666695595466549,0.9428722429832089,0.8902650061153864,0.945804987771026,0.9511926670049606,0.9303388736323938,0.8737769157961892,0.9617130319441735,0.9295727518999518,0.9598477642909121,0.9406460827727527,0.7465971541443929,0.8343863551670496,0.7636877851862813,0.8516303517087815,0.8752294968155349,0.8821331027706408,0.8614587472609341,0.8711246025076838,0.2799409160940903,-0.6065358708521748,0.9575772628491985,0.9372452018931723,0.9370659750557748,0.943156388346823,0.9533591771682528,0.9646685545793198,0.9647002548890702,0.9222345134858839,0.9582657525424164,0.825463375526969,0.6692613453538647,0.9303702876550766,0.9374965907528802,0.7615719692468415,0.9266348625368581,0.9459846909502089,0.8208460687915403,0.972457678262706,0.8351692294664288,0.5952548028721407,0.6945567011681817,0.8462199333230884,0.8403877051037357,0.8344044866231499,0.9794675986259898,0.9796786704738525,0.7190842427534736,0.6895648694378119,0.7838775421316128,0.3314099302784158,0.7644683997930529,0.7879253171974971,0.7825004125212301,0.7836026542442405,0.7411458258205058,0.7276060828056927,0.7066086475405998,-0.2847782468290285,-0.4330522291693887,0.6449419628298557,0.8827108227470409,0.9249676859213116,0.9353698684277475,0.9090631861981145,0.8127386342064967,0.9051109918252944,0.9263839648275846,0.9261927045304643,0.7561716690987826,-0.12818350534240186],[0.9974530913184358,0.9930402080561482,0.9905119749170509,0.9977701139636983,0.9990022874240279,0.9868734909606407,0.9998785385770674,0.9992171173628815,0.975826682435594,0.9996549456258734,0.9729889545298538,0.9995889867284531,0.9992725293211476,0.9992254085661714,0.9993745028425783,1.0,0.9978315092447811,0.9998241935445901,0.9994747652446565,0.9994801346338233,0.9997244393101897,0.9994711879399133,0.9905035449581513,0.9752874371991755,0.9931269288697763,0.9507507988711349,0.992757092626312,0.9895055232467798,0.9730744001448828,0.9476915306819208,0.9919643248659583,0.9925732745054205,0.9927413145052636,0.97243067514917,0.9992144778060904,0.9997033186565788,0.9996717661053499,0.9995059821798785,0.9995061074162439,0.999747660463934,0.99875437531143,0.9995292589222438,0.9994638361814219,0.999215782921027,0.9819707442632288,0.9277108804484516,0.7277757500029326,0.9396168071629433,0.9260138808058538,0.8133073763915011,0.9583154617367167,0.9431399942344244,0.9604624475022175,0.9575217576033161,0.9494891904233472,0.9819568302952923,0.9796571059430474,0.991300372550412,0.9965160338219176,0.9453145556336465,0.9594249440753464,0.9705582467194005,0.9714034052878031,0.9723480232021915,0.9463155756810112,0.8975259719248173,0.9494458073708871,0.9573903102868313,0.9361424670075248,0.8841395990947614,0.9644663202621482,0.9355941236287826,0.9651150494141791,0.9458889466588245,0.7572089320347969,0.840754317789896,0.7689601611064127,0.8577193643840483,0.8812971664776239,0.88537299328192,0.8659052589710401,0.8773872673292956,0.2932318085155661,-0.6027515721587898,0.9612733319677412,0.9431766234680522,0.9425515141176833,0.9482618228604769,0.9581227519449796,0.9684225327030946,0.9685032550693005,0.9273359759729163,0.9645627404232113,0.8352848859320656,0.6710900208214394,0.917902153754591,0.9281229404536999,0.7642993807436814,0.9266946941430975,0.9457474159895614,0.8215237617195829,0.9683704443004679,0.8344186546104028,0.605629933306176