var element=document.getElementById("correlationAdjClose");if(element.style.display!='none'){var correlationAdjClose={"data":[{"type":"heatmap","z":[[1.0,0.9999946950503141,0.9866737726172818,0.9999354778355877,0.9991933228151667,0.9835083659627072,0.9978508031144953,0.9963731906351729,0.9715456502591728,0.9965471178088583,0.9946870810935927,0.9939129420187975,0.9964646255189625,0.9964959829072167,0.9964144459129901,0.9977503165141521,0.9980889276503105,0.9983166828907654,0.9968990032767064,0.9969108416075836,0.9968594986993561,0.9964369218913364,0.9886562380252882,0.9740196220229949,0.9909201255296947,0.9608233798058344,0.9900932334995931,0.9871345294707976,0.971636346326986,0.9579500124990779,0.9921866450558936,0.9937713137715869,0.9928279631666393,0.979292442806373,0.9977753363987553,0.9978739277985795,0.9976208722887552,0.99655438423739,0.9955070865380812,0.997763173478235,0.998630184618454,0.9986613102443975,0.9977603045972016,0.9977714865701269,0.978373131147807,0.927814114051238,0.9557704397485351,0.9444025631702109,0.9435896052286077,0.9230808487402989,0.9646637853751927,0.9524997179421156,0.9665262190040305,0.9694406312589141,0.95838111038967,0.9849511633423138,0.9829022036378515,0.9912986161999175,0.9942144286100927,0.9878205006180887,0.9828777667520139,0.9882086898317537,0.9868811429033745,0.9887474750215453,0.9886352769352824,0.9553655686182111,0.9766110735301449,0.9769428082278944,0.9767311331012463,0.9439771344238429,0.9825993281492807,0.979444312935926,0.9863961603574299,0.985775250383423,0.9426802722908078,0.9027239540939969,0.8734113954722635,0.9171040632313266,0.9311915420753283,0.9292843986298377,0.9293938602573931,0.9282122239179332,0.7355097963472471,-0.5363064768321251,0.9810891926431821,0.9762992325831847,0.9741004527945158,0.988428355872633,0.9742187917552515,0.9846408196168835,0.9846469543151948,0.9441415383201869,0.9854935490965613,0.9471391947192361,0.8099880541741468,0.9233884626063675,0.9365544181829748,0.8279798033972691,0.9569829466337438,0.9576724508216219,0.9037863594073371,0.9690321807273271,0.8956293975399691,0.5740123948418004,0.7316299499121163,0.9029758475345201,0.8743241972566443,0.8944148490690084,0.9766789943656232,0.9768363771501123,0.7912940297645199,0.7584224692984378,0.8259803264849594,0.46966170357343484,0.8098639898477815,0.8300737362775952,0.8252375705892474,0.818544939058763,0.7979502728241118,0.7578658923520849,0.742611321777375,-0.2945061399893701,-0.4351209633429303,0.7130199372150392,0.8918499325709642,0.9303616775059516,0.9414637188817929,0.9057019107125798,0.8310699447451345,0.909700833280691,0.9241133166231791,0.923932812983096,0.8600404605963083,-0.1305937376442187],[0.9999946950503141,1.0,0.9903466334719518,0.9998607869094867,0.9983309532492158,0.9900645684722372,0.9940982259913831,0.9919429834141895,0.987765067897466,0.9919485076872878,0.9919783231734016,0.9932510289576972,0.9920318420906308,0.9919421015956713,0.9919973678039167,0.9939853658383442,0.9962115996636737,0.9957645879832803,0.9938432750605046,0.9938503286917623,0.9919876853004419,0.9920337415031717,0.9924584761939316,0.9778079801365952,0.9884853493720576,0.9849114436424653,0.9885926588017628,0.9870881922377757,0.9824481043828386,0.9410289178797138,0.9897351157190121,0.9879866405572211,0.9827552298081562,0.9429848235846133,0.9951526628044408,0.9950986043890312,0.9952972421949658,0.9923568877917001,0.9949193901791208,0.9953184552818282,0.9965055912226156,0.996715777140311,0.9953159766582326,0.9953273892912877,0.991685126641867,0.9273970532456507,0.9061886768942656,0.9440872658217493,0.9434497738974704,0.9230609760192429,0.8971840633978586,0.9357114092857866,0.8992082488114411,0.9272681336171206,0.8971479903954604,0.961011047854266,0.9609991512523789,0.9743881089944695,0.9855955406480369,0.983868870231424,0.9850808181630357,0.9792704808716987,0.9823215302271651,0.9805029548114006,0.9803878328446136,0.9443369323655384,0.9641336030899054,0.9375482468377354,0.9373801849912607,0.8718116066049723,0.9824723785020948,0.9836159451107739,0.9837836314908882,0.983365790585125,0.9560538628923707,0.8150545378094439,0.782566439695087,0.8638483804624992,0.9150439304558255,0.877757322118605,0.8968359012946501,0.8958630207633055,0.7822919564701991,-0.12391804539832003,0.9719143312854537,0.9744149362821217,0.9716214057756425,0.984246580616938,0.967803751423095,0.974219578559677,0.9736163646522549,0.932542110667552,0.9754968114223066,0.9343994754792438,0.7491669269096284,0.9229771239276243,0.9220931364433798,0.5941059561409947,0.8609539860863089,0.8647074357848148,0.7673578387686878,0.969814801655758,0.7416222995249075,-0.32065553740517055,0.26133604645604586,0.7673165186405484,0.7186850455367908,0.7603152342020434,0.9712890242534147,0.9713172006565045,0.2178982005701371,0.3897987020952085,0.2250879758465678,0.19677856929329698,0.2180949688890396,0.2308865737213852,0.22802078042697838,0.14807247480862987,0.5685919512262082,0.30147934997383896,0.25129679149301926,-0.4372287983359811,-0.48659286843746674,0.7119921120165251,0.764364212495886,0.7876003257911712,0.8525677422518846,0.825143330942982,0.6105908735378831,0.7804687154801279,0.7824513033508793,0.7814303844619951,0.445480403047432,0.2553818631594518],[0.9866737726172818,0.9903466334719518,1.0,0.9879212409438537,0.9935471172669983,0.9914605709831951,0.9894620290609272,0.9902725544310287,0.9915059733125248,0.992867142855229,0.9967816655691306,0.9959538888140839,0.9901197274292641,0.9921871339189451,0.9903248310905102,0.9897964986396695,0.9908121017918518,0.9899586461346925,0.9889382151191463,0.9889145881294314,0.9917591886346593,0.9901556646613773,0.995136243982075,0.9856895232385443,0.9910823388019481,0.9829131379651339,0.9917371428999283,0.987987548825633,0.9875952108446816,0.9633275383081723,0.9691151455940934,0.9735053623439365,0.9773165879464902,0.9572530153503318,0.9868939482399961,0.9899875804915298,0.9883726388957245,0.991907233563734,0.9946904766883895,0.9907974661005963,0.9849246854097672,0.9878784525643621,0.9872732332710218,0.9866613989302897,0.9928786167631181,0.9237363858065882,0.9405243826723201,0.9525760451661245,0.9363553315060109,0.8864021327295949,0.9232181154965745,0.9097079435067329,0.9260459671169204,0.9343000225150587,0.9179011088378322,0.95119771030271,0.9609958668220397,0.9687970304504676,0.9772598441640562,0.9456801341944928,0.9678037566799979,0.9675447022064027,0.9735975204885767,0.9677742387375924,0.9445294595005266,0.9266873978888346,0.952644920742745,0.943479734160192,0.9261055720332054,0.901360013792385,0.9741488640208061,0.954757355718372,0.9672208140222032,0.9475203042078518,0.8488197637595728,0.8686951305839888,0.7878331827021768,0.8849169192414644,0.9062635475703241,0.908482360053914,0.8761026485201815,0.8901817784367696,0.46059579927207,-0.5212053427207678,0.9647035162246745,0.9526414442920124,0.9525371348721157,0.9455973554798821,0.959303195777154,0.967209637228856,0.9668482887595499,0.9352058709933236,0.9631777162252125,0.8912259219750663,0.79530435445677,0.958453140179858,0.9565814476240637,0.8110956025969887,0.9454377970240101,0.9469515581829213,0.8771122180153076,0.9812261908969871,0.7762414299779845,0.47874572910110497,0.6770934678196862,0.7991931904605372,0.8023956669829679,0.7801708627273787,0.9831850732887086,0.9832123783638637,0.7236950939237249,0.7089741341754764,0.711740885257635,0.42102940899355756,0.7126254632517633,0.7177889688792995,0.7254568035116028,0.7180002881767852,0.7629735928014515,0.6956452257954566,0.6794525232108094,-0.35155610662831216,-0.4920241149192724,0.6831844075131716,0.8550482817620283,0.8775065465878381,0.8877296611962658,0.8787663459008361,0.7663738760820384,0.8586011602689675,0.8674470628528097,0.8740679916124627,0.7365643582249687,-0.05370447410141626],[0.9999354778355877,0.9998607869094867,0.9879212409438537,1.0,0.9994153673105168,0.9845341088027577,0.9980669149338626,0.9967528359403196,0.9735511268536456,0.9969748151021096,0.9953569363228948,0.9947859615275055,0.9968278907132486,0.9969433993519683,0.9967936180479752,0.9979929318354994,0.9983906441646884,0.998553119822621,0.9972301205234917,0.9972396353050136,0.9972228426712246,0.9968043328691603,0.9897410356761978,0.9752982416409796,0.9917871647388243,0.9631626256279547,0.9910571554726795,0.9889075737346786,0.9734434938188551,0.9590467426572369,0.9915526155300876,0.9933072853851533,0.992758115248095,0.9789068047926968,0.9978428424900995,0.9980587021142616,0.9978199538449171,0.9969674986588785,0.995993595372227,0.9979809006644502,0.9985286744508518,0.9987348712878158,0.9978238873749284,0.997832087006267,0.98002332049127,0.9246378868021012,0.9538427462332981,0.9441645808817084,0.9415031531110228,0.9174598410802048,0.9619031562761937,0.9494124789625741,0.9636804602304696,0.9671844622244886,0.9558252449250682,0.9829880235817875,0.9815353238842577,0.9904943538605832,0.9940144465937929,0.986577331516446,0.9818195277847124,0.9871361460410776,0.9863321877809498,0.9876052503878803,0.987486381835454,0.9473469159353494,0.9754803413853613,0.9756723468757921,0.9754565822622074,0.9397849037790987,0.9821650879880729,0.9769921453269136,0.9851538505518248,0.9845013569546581,0.9258016101415502,0.9014042206704871,0.8701020417169245,0.915580544193166,0.928747890696829,0.9288674409072708,0.9272749372601713,0.9261294047326643,0.6538640580262652,-0.5358191309089885,0.9803355211023558,0.975126323434532,0.972755058364084,0.987187903678226,0.973603212526413,0.9839768338865194,0.9839813826081018,0.9437804395765709,0.9842628732198168,0.9349846205830006,0.8132198944433525,0.9278887022349394,0.9401351166889782,0.8294423046881837,0.9581302360503549,0.9588433964209006,0.9033639932346827,0.9701334419113294,0.8896149022278325,0.5704382292940545,0.7299482623592866,0.8975817085862511,0.8706611426543929,0.8887486859966898,0.9774303684328957,0.9775922485342416,0.7901479453864272,0.7585862293209047,0.8181224294489655,0.471180028684336,0.8039796213570225,0.8219454981189852,0.8170340233486276,0.8131327584420718,0.8000181464721491,0.7577529493662024,0.7425660952748521,-0.28989629047760035,-0.43439519648129904,0.7121396045913888,0.8901752356561353,0.928510789209976,0.939651403007341,0.9046303652857958,0.8284005987797779,0.9077102623459418,0.9218782792308847,0.9218441508951061,0.853124282095271,-0.12367404040804161],[0.9991933228151667,0.9983309532492158,0.9935471172669983,0.9994153673105168,1.0,0.9869585164146162,0.9989651099221759,0.9985539154132292,0.9848736809566301,0.9985527105410725,0.9981590678715173,0.9980590114699073,0.9985681656479999,0.998583674696995,0.9985847914291579,0.9990556877308323,0.9988462780874885,0.9992271502498703,0.998824014748043,0.9988257146355376,0.9986235288197151,0.9985705959424872,0.9950681237940587,0.9823556050448417,0.9952660622418098,0.9790765396787025,0.9953033908828716,0.9925723403488341,0.9850450496823633,0.9620827373376563,0.9891905251271819,0.9919388090573665,0.9902938969482086,0.9718769651203177,0.9988197020498571,0.9988870425348332,0.998914772651573,0.9986801829328925,0.9985547864485662,0.9988799586940866,0.998904917386268,0.9991327266240841,0.9988411215205267,0.9988424505845034,0.9888637784894521,0.9333224041855674,0.9532177783965916,0.9504945583992274,0.9413514762424584,0.9131481014182743,0.9512935630873409,0.9464109838085011,0.955498038519559,0.9618122955125356,0.9502780919335055,0.981254373918267,0.9811753159366632,0.9907064651388393,0.9939266726341932,0.9828104449440904,0.9758909233483407,0.9816684322660738,0.9826498731444265,0.9820733293195582,0.9819343224913971,0.94472153195162,0.9676882831343004,0.9608343314809014,0.9605999799450444,0.9135360747742549,0.9793029717435796,0.9756107433212089,0.9812292083933838,0.9804769735203995,0.939788459042779,0.8838999536053086,0.8520210409706065,0.9022576074507779,0.9334530486557433,0.9202765919268855,0.9263200299483125,0.9253891532119547,0.786301540537438,-0.5332107936381159,0.9745535653252373,0.9652890101134586,0.9640191198828969,0.9836121682517913,0.9642506515721905,0.9779204817136552,0.9776352456349182,0.9356693004168872,0.9791049972601323,0.9373600565763135,0.8033423452844451,0.940381674176958,0.9584444018744859,0.7985824659835938,0.9473926742265036,0.9486838219566549,0.8986398739674266,0.9746236644892642,0.8928797458079324,0.40831467635879215,0.6775437972988823,0.8987584766360559,0.8535244671174799,0.89491203604509,0.9807274479826197,0.980850525940294,0.7586328590397102,0.7440166506996805,0.7624463129978547,0.4508226767355411,0.721336095251261,0.7666637195741671,0.7625383955055448,0.7278951194763331,0.7886078971781465,0.7447934911714957,0.7287452058186952,-0.48702620119089857,-0.5701201147511381,0.7069189722691068,0.8862340657799145,0.9169196430492318,0.9367486586004178,0.9039085600004341,0.8133802776497326,0.9008769543137221,0.9114478959911738,0.9109278121736493,0.7945612184299479,0.08731996124221895],[0.9835083659627072,0.9900645684722372,0.9914605709831951,0.9845341088027577,0.9869585164146162,1.0,0.9804938417169516,0.9818960378599998,0.9933594975476243,0.9813549098200709,0.9775227086268791,0.976629552115793,0.9817119051227,0.9822246806157142,0.9819623188945733,0.9815849898099496,0.9852779609938799,0.9824788112142845,0.9823415650906305,0.982380096362121,0.9807593046002638,0.9818837243426342,0.9936680218513585,0.993217287293102,0.9831479847915822,0.9881060273950839,0.9836800982848876,0.9745958324279302,0.9874972084815479,0.9740482835163345,0.9583878645889975,0.9646313548903255,0.9744888248150131,0.9655588003155253,0.9802573523095585,0.9807047354978304,0.981545795508205,0.9826144015382938,0.9775273246830901,0.981171457381366,0.9795297466819687,0.9813411860262333,0.9805112869854271,0.9805553895631269,0.9960301891982865,0.8876502145265313,0.9319736482117538,0.9324153617174596,0.9412198784493268,0.9015944901318586,0.9174557430271089,0.9124146064494743,0.9204252186183514,0.9383590757663022,0.917951771033197,0.9490990501687256,0.9555260090481715,0.9620988340274448,0.9678351780764186,0.9736946998370096,0.9892068048453592,0.9760316965871618,0.9865521446872493,0.9756468337425424,0.9751250310212857,0.9768889060745366,0.9739593035883287,0.9555786868041003,0.9550356068644603,0.9513562478910346,0.9853976858397803,0.9783107225820673,0.9746283003818192,0.9734654063982107,0.9683208649461426,0.909642038856678,0.8681284484913566,0.9245898088297722,0.9269104379101187,0.9363513599211152,0.9176445077159067,0.9155776088073035,0.7733218961933768,-0.47526697465543905,0.9839365149268979,0.9853389873886876,0.982050140378481,0.974475199330204,0.9772784760886731,0.9825936514585616,0.9822050915258229,0.9701567021078196,0.972820333435933,0.9698887951733486,0.8157777160671128,0.9042930909872247,0.9591038025481788,0.8440855248374036,0.9471618335239983,0.9480681577988563,0.867116619385587,0.9595948110931255,0.8317220484005483,0.48910633212692955,0.6924664159212417,0.8417897378443732,0.8201704791915857,0.8317295044403394,0.9593038204687672,0.9593963003098285,0.7423943446475948,0.7340037833365395,0.7503427154141407,0.474639112119411,0.7486834604668193,0.7554537138612284,0.7493204397457565,0.7480743290093889,0.7786871054016875,0.7153594841195531,0.7031144194975927,-0.3154826597528199,-0.446099258527658,0.7188379570754393,0.852386742280604,0.8654520885000542,0.8842495899544118,0.8612921369970329,0.7847060420444859,0.8464632602437013,0.8578975891419673,0.8579178744504526,0.8010668988233811,-0.08050362363154251],[0.9978508031144953,0.9940982259913831,0.9894620290609272,0.9980669149338626,0.9989651099221759,0.9804938417169516,1.0,0.9976631571149158,0.9572831831841953,0.99963407240761,0.999604184444548,0.999634016147679,0.9985211975288006,0.9995013768439849,0.9992399645647679,0.9998941846073921,0.9968169201085179,0.9999044628042918,0.9994248475555936,0.9994292614015688,0.9997307766549207,0.9993728591709174,0.9909365524975443,0.9755203226947269,0.9866546071515152,0.9294435672330985,0.9940026677435705,0.9932625176726905,0.9757226092813532,0.955717670530113,0.991672860882192,0.9921987936681098,0.9939404240340404,0.9766171952750907,0.999078149274883,0.9998633457396635,0.9997350958152686,0.9995015117529636,0.9997862736927365,0.9998496979638749,0.9986137883815053,0.9997543626739197,0.9994331605885297,0.9991132142481315,0.9801266015099414,0.9397073658089375,0.9557144483734051,0.953410132489303,0.9408038251293923,0.9114237306667432,0.9589801126513503,0.9490752467900818,0.9613522394870679,0.9648778740760021,0.955385404213483,0.9825683330072099,0.9824918301224462,0.9923329367946337,0.9965077954640933,0.9539751487892898,0.9626368479124747,0.9737126750458902,0.9739978214721821,0.9751676572701832,0.9538771695304774,0.9034339142336948,0.9579648660074527,0.9632055847451327,0.9456172532428689,0.8931351672768186,0.9693385672830939,0.9465587387118706,0.9707125727401693,0.9543323858225844,0.8060521521252701,0.8752340101757069,0.8037633597267234,0.888587434094345,0.9044763487758128,0.9086508218834866,0.8893987208845202,0.9004493105859709,0.4060858957082543,-0.5713617547487136,0.9646571081730066,0.9499525285270153,0.9503153419186411,0.9553646337953389,0.9595395256480902,0.9709267317364115,0.9710386850473173,0.9229247626562747,0.9694244424610934,0.8611500981641462,0.7963725898847632,0.9405420418709266,0.9382385973185032,0.8156195072389019,0.9554360843991649,0.9562854004020668,0.9029395030247943,0.9740252737896464,0.8339230980407657,0.5678032220986098,0.7243363905275015,0.8583807323334955,0.8530815418536618,0.839876103436748,0.981103999681056,0.9812774847597641,0.7826085421987763,0.7417352235370928,0.7836820984272332,0.4440230527301079,0.7839567312447538,0.7973657604879256,0.7889158534947921,0.7965113429337946,0.7863146482709769,0.7516868440336139,0.7346504245660384,-0.3024848054253172,-0.4547688048701175,0.718683099212791,0.8916636165619849,0.9221592040616706,0.9414105243547624,0.9111910948840596,0.8307058486072417,0.9100553024957007,0.9271238353216794,0.9256818829347666,0.7802212103898972,-0.09572979201581772],[0.9963731906351729,0.9919429834141895,0.9902725544310287,0.9967528359403196,0.9985539154132292,0.9818960378599998,0.9976631571149158,1.0,0.9678260307587632,0.9999998368447767,0.9999993539957374,0.9997793745799237,0.9999970971485871,0.999993195914199,0.999998351205145,0.9993678548259944,0.9919686961933464,0.9994943003917545,0.9999131133934325,0.999912752010228,0.9999670767133967,0.9999988253520176,0.9914908220969748,0.9772676083852762,0.9932990861974446,0.9432725553913502,0.9944947226504485,0.9917630084991031,0.9779056212565188,0.9553008261625041,0.9880406764320107,0.9939388169123364,0.992591663962995,0.9738405178909156,0.9994884245662148,0.99959668923087,0.9996936418664488,0.9997576396702966,0.9993025755062102,0.9995369934772067,0.9983214312069383,0.9989138685291737,0.9995605579823972,0.999433085702123,0.9819161858487637,0.9396497158440972,0.953375981313829,0.9569727646438693,0.940454246276408,0.9026113664376263,0.9572127334675653,0.9448179033050798,0.9592602898281113,0.9597241169077033,0.9497595008864224,0.9806075054322954,0.9797864536355818,0.991392618199925,0.9968908400813308,0.9497056322976403,0.9597314693040015,0.9686672976393937,0.97175272393049,0.9704595525854074,0.9524956796534975,0.8983807614856493,0.9543914324469087,0.9577404688474737,0.9410570481416765,0.8843249477630615,0.967341125539016,0.9414397684882969,0.9662179782790413,0.9503608186276554,0.7961312253654795,0.8692277352989608,0.8000482050907378,0.8825313214486635,0.8986965268990075,0.905263202027147,0.8857204731220336,0.8947971741441734,0.39105941408492695,-0.5744867863129133,0.9616020869646565,0.9455529060953682,0.945978674683454,0.9536879966136494,0.9563788634882764,0.967940425909948,0.9680386832555602,0.920100639990713,0.9639763130143854,0.8531359028577915,0.7940861635221586,0.9521905656899354,0.9481527536484969,0.8132673986194998,0.955467240732719,0.9564541901578475,0.9004480160668676,0.9776456112082025,0.8362973123787237,0.5533750916818823,0.7159981935907284,0.858920889117286,0.8498227401753978,0.841530958530501,0.9833231635378057,0.983498751620078,0.7741009919416333,0.7347990786520608,0.7845071162448995,0.43294088399448943,0.7788738352017344,0.7926793712982335,0.7888959384646357,0.7908950653898884,0.7806949903955213,0.7461597485578662,0.728610933431149,-0.3174104333910335,-0.46857760395473,0.7073339563074313,0.8845403958179826,0.9194405554146629,0.934053264729737,0.9056585860316635,0.8205138747342572,0.9037255629078341,0.9208538124696222,0.9196521420669638,0.7622348717484685,-0.07895522508506056],[0.9715456502591728,0.987765067897466,0.9915059733125248,0.9735511268536456,0.9848736809566301,0.9933594975476243,0.9572831831841953,0.9678260307587632,1.0,0.9828411858999806,0.9874581709138482,0.9899086907552487,0.9714281959649026,0.9797479842561218,0.9762926814512546,0.9743625182065986,0.9506324564440544,0.9792007124724527,0.9769578860256355,0.9769287961889153,0.9813223225447514,0.9761560313201887,0.9938412357579861,0.9933801141715531,0.9803028408860455,0.9901686420564385,0.9834717377932418,0.990927470980102,0.9908609173086074,0.9702416643660066,0.9275716196588465,0.9491882130630209,0.9662053398787793,0.9526650024344719,0.9707454981945004,0.9792456462747603,0.9758055030141376,0.9781553538138579,0.988485186091507,0.9804429354307389,0.9670675567427638,0.97655124194584,0.9716167596066554,0.9706191007651443,0.9990584162171552,0.9050733545580474,0.9257672772265448,0.9526407989234557,0.9417156436261528,0.8829590929883285,0.8875352344821954,0.8881020067698457,0.8916047002133757,0.9187111618596531,0.8982580143712499,0.9302022623354009,0.9471676643700594,0.9523349874559106,0.961110057877154,0.9094506782480015,0.9698086174703453,0.9503021148212909,0.9689557464486094,0.9502966556340039,0.9084406858722972,0.9212735235077997,0.9481197490728561,0.9228555553556865,0.8883187056114239,0.89098765635123,0.9704813033567358,0.926262925955119,0.9479014209951777,0.9119199459434941,0.8404763634530046,0.8647069051899521,0.7489922145657281,0.8823872542720429,0.890169424552976,0.9034417144294847,0.853193198766297,0.8714113995569959,0.4437275938092235,-0.5030701340833739,0.9609835292540968,0.9555465263785893,0.9535563247997444,0.907597490646364,0.9520500884183621,0.9593432679619889,0.95878618539132,0.9405037870248004,0.9453660647051039,0.8833231558121999,0.8010046176543911,0.9447406653389763,0.9639592021511325,0.8202980182225866,0.9390949551673923,0.9405685866270597,0.8552836939844445,0.9691137116222955,0.7427067555154013,0.44106751889174783,0.6584910090745363,0.7761453687182125,0.7792705011214301,0.754320578980093,0.9684829772189096,0.9684849572369638,0.7050659810689852,0.6990252583171604,0.6772694711856035,0.42842808265110444,0.6944226942493859,0.6956636157783838,0.676141605020479,0.6961473370683976,0.755849699322027,0.689097402347825,0.6742196898537248,-0.35687949708414596,-0.4936041663370012,0.7180765494514427,0.8395667930965078,0.830783136383063,0.8624465973886694,0.8580931938810401,0.7580485326505063,0.8149603454536108,0.8367715481272191,0.8305747684310049,0.7087120509643979,-0.014157317369481013],[0.9965471178088583,0.9919485076872878,0.992867142855229,0.9969748151021096,0.9985527105410725,0.9813549098200709,0.99963407240761,0.9999998368447767,0.9828411858999806,1.0,0.999999161492804,0.9997838573518336,0.9999985346063243,0.999992145145271,0.9999978979768629,0.9997032938685302,0.9979792447831933,0.9994931756127484,0.9998901419759162,0.9998901041744289,0.9999788015028643,0.9999993591483158,0.994009199570036,0.9790270793636252,0.9964377326683829,0.9750812057384192,0.9965220644692294,0.9917495732619113,0.9822223507368131,0.9566107939708374,0.9899159018988001,0.9939109317709471,0.990324550467931,0.9707181446064101,0.9995263392067045,0.999590797778819,0.9996039940353263,0.9998430295493347,0.9993140096474082,0.999544327811496,0.9985577237265879,0.9989590373844136,0.9995336643679475,0.9995293064071737,0.986369694537473,0.9395250061800232,0.9534056437470203,0.9568430742863638,0.9403453427717116,0.9027188066872794,0.9494623543787423,0.9407894920287357,0.9530843348368216,0.9580798903134454,0.948064515395154,0.9799781613765833,0.979818615149647,0.9919284409665172,0.9967442325449211,0.9733164253261287,0.9596856334920395,0.97208318986374,0.9717280709733862,0.9726392385189141,0.9724391615179138,0.9322756998932196,0.9543483211026479,0.9514043424609319,0.9511438766702077,0.9018809698351903,0.9672830105014422,0.9660993573490526,0.9718929888686662,0.9709742689557089,0.9261640461126641,0.8692505642485631,0.8317719063638476,0.8823894026378376,0.9169705834610162,0.9058385892291785,0.9109860953403981,0.9102450688687637,0.742102879146854,-0.5761198095137042,0.9615985584940084,0.9455296222923298,0.9459695520223708,0.974304703267089,0.9517521051180949,0.9676598110637604,0.9673411885068662,0.9209075773045202,0.9690481788457392,0.9228624975165274,0.794082073357131,0.951944596345123,0.9591144278423408,0.7988439022909019,0.9497165838432304,0.9508467514827457,0.900520121267222,0.9769059972356593,0.9008792489879959,0.4503938523789062,0.6943007638149213,0.9066954124126468,0.8614441626819119,0.9028087134138673,0.983283801178448,0.9834870223099095,0.7741696155672542,0.7345533792708298,0.7773141692497604,0.4330437636486132,0.7370489955980495,0.7817988810185837,0.7774467623254543,0.7456767354180337,0.7804668380906795,0.7461351444345532,0.7285615436482605,-0.5313996377700178,-0.6147274808202171,0.706312374829594,0.8844974166244715,0.9201512911985698,0.9389645499508174,0.9056470093654942,0.8173896677087497,0.9017806311256048,0.9142331404870275,0.9137260397270668,0.8066459956007344,0.1477006177393017],[0.9946870810935927,0.9919783231734016,0.9967816655691306,0.9953569363228948,0.9981590678715173,0.9775227086268791,0.999604184444548,0.9999993539957374,0.9874581709138482,0.999999161492804,1.0,0.9997828797349212,0.9999964047553566,0.9999950543329871,0.9999984082906785,0.9996904975335461,0.9977142370695392,0.9992586878174308,0.9997987262199652,0.9997987694847388,0.999998462614464,0.9999984370615249,0.9934567346412074,0.9754149941008494,0.9955602876458902,0.9831341691751312,0.9961272746377362,0.991761502688605,0.9844593870239163,0.9497633785864885,0.9893831691637105,0.9935718604197326,0.9845699312094457,0.947711369460983,0.9993298777909241,0.9993824994674171,0.9993268891875258,0.9999017195167498,0.9992987324493963,0.9993366839301635,0.9980704748239111,0.9986038140632614,0.9993071021248339,0.9993050188155292,0.9888024882448767,0.9392638470236442,0.9230884951570498,0.9568098914324884,0.9402857781203656,0.9024562209679287,0.9219752152596901,0.9131933454894398,0.9261243205266496,0.9343512078931465,0.9205161936156246,0.9731495008517242,0.9731272937208242,0.990852857043449,0.9954046687436231,0.9655465048081804,0.9598245198358318,0.9596446400702525,0.9628144804355304,0.9608204719406831,0.9605621209661438,0.9089991857853676,0.944074713523956,0.9171283400194461,0.9166824662543923,0.8365742798524298,0.9654464485988687,0.9705095027372893,0.9672060786577589,0.9660961993991477,0.9194472807230677,0.8096394324882089,0.7754559234987866,0.8488092519329319,0.8987714298321129,0.8700425729086645,0.8843544261495238,0.8831413617222332,0.7452544580830156,-0.372986231282961,0.949521388022958,0.9456882966221365,0.9460877111998184,0.9665938823582572,0.9382681282442931,0.9519949245815897,0.9513573054849179,0.8949107780595867,0.954462541014919,0.8988505226234894,0.7942489971224402,0.9522363868711097,0.9634379005822623,0.7016866412664399,0.9127545001097016,0.9152392568448156,0.8596613699579679,0.985844294754123,0.84765849299027,0.10591527777132208,0.5500212582043762,0.8595432858981262,0.8281037660379444,0.8545533353486016,0.9865594773733313,0.9865790915831566,0.5457072893532886,0.6527433491250582,0.552834127857781,0.43299191676207227,0.5216222141622698,0.5628440793685547,0.5537452461795502,0.4923543211752245,0.7699812057352867,0.6201690490389989,0.5823181574314739,-0.4920001996614083,-0.5510588446012719,0.7058018693508711,0.8651290541178328,0.8774501049565168,0.9112824747056404,0.8995980649552584,0.6928206732704508,0.8552718499957923,0.8710421570750836,0.8703850357516845,0.6253646578943242,0.10095393800996762],[0.9939129420187975,0.9932510289576972,0.9959538888140839,0.9947859615275055,0.9980590114699073,0.976629552115793,0.999634016147679,0.9997793745799237,0.9899086907552487,0.9997838573518336,0.9997828797349212,1.0,0.9997966398483612,0.9997831402287456,0.999788440019079,0.9996884587487016,0.998324339695131,0.9994448686361076,0.9999723394582672,0.9999721096176823,0.9997878115292421,0.9997926183454265,0.9931267172396315,0.9726723079369891,0.9945022124279727,0.984021001990889,0.9952476053673535,0.9940365901969738,0.9809914695699581,0.9321039365083985,0.9920425804345432,0.9946641951379028,0.9805129611966771,0.9307017280124359,0.9994596554612073,0.9995034241056237,0.9994670627501885,0.9996178534527264,0.9996394974720083,0.9994818215331839,0.9979680493634068,0.9986376757434176,0.9994468693065529,0.9994438517533516,0.990166051637277,0.9351237875348541,0.9112929529868142,0.9538349648650811,0.9387354723106189,0.9023157455245301,0.8903521111175438,0.9254598608769377,0.8936189464752754,0.9133597178044782,0.888799734315442,0.9621419225626444,0.9621285405250515,0.9824990948380129,0.9950361375050243,0.964137619706029,0.9642093494270368,0.9545835773832623,0.9603694294354281,0.9568039955765527,0.9565981499106841,0.9087894845261424,0.934468670704151,0.9008138624181451,0.9005754439471148,0.8209723153112439,0.9645079770091847,0.9664032820686033,0.9664023413047439,0.9657138293981715,0.9262605272583561,0.7662148130034242,0.7301937433198079,0.8184938981387779,0.8790577403262714,0.8382418414817184,0.8594337637681104,0.8586619324873613,0.7294252481521244,-0.2452535585754358,0.9434211080900101,0.9476281270175604,0.9430519896026991,0.9647933554500532,0.9378103347365381,0.9466281767444129,0.9457848076495079,0.8930268681405799,0.9486823454713791,0.8957739747344908,0.7516173575457814,0.9498972311439213,0.9437323116123966,0.5881408130455059,0.8627583967235791,0.866893947630897,0.7632970382145161,0.9801720239318193,0.7401581778113504,-0.26121997993801277,0.29552800486579656,0.7631780633863353,0.7200786527424656,0.7570694042578865,0.9812447176592136,0.9813359668479195,0.24991618568294569,0.4076441067126908,0.2555440340022112,0.22755401824741903,0.24745103522539252,0.26237347635096714,0.2600778412604331,0.1766458048574968,0.5846894858308489,0.3213668543501819,0.26958844887234534,-0.5034293686008688,-0.5515884836650424,0.7060214018226527,0.7678155382102704,0.7908466821694667,0.855610784235702,0.8334303812819744,0.6001369482444753,0.7784774187611988,0.7859119352195615,0.7849343033944789,0.4489105727134399,0.28924890746428505],[0.9964646255189625,0.9920318420906308,0.9901197274292641,0.9968278907132486,0.9985681656479999,0.9817119051227,0.9985211975288006,0.9999970971485871,0.9714281959649026,0.9999985346063243,0.9999964047553566,0.9997966398483612,1.0,0.9999915881398285,0.9999976925233377,0.999412490848482,0.9935636616799098,0.9995318120388612,0.999922570181092,0.9999223820326527,0.999973883975905,0.9999989947704536,0.9913699785352494,0.9770725154287306,0.9939412436245662,0.9481340672182768,0.9944462319128978,0.9918664102953376,0.9777065272182248,0.9552436577400338,0.988951262529196,0.9940258451212086,0.9926748448776355,0.9739656779741963,0.9995311188774547,0.9996349897575719,0.9997231794073752,0.99975591832568,0.9993565278492885,0.9995763881152643,0.9984055130030685,0.9989775852447101,0.9996029280189668,0.9994763336805079,0.9816661985074766,0.9398872817236407,0.9535259458208618,0.956877860024825,0.9404843562579752,0.9031579584351346,0.9575681511310772,0.9451986163865771,0.9596177042308415,0.9600422184804799,0.9501443823166879,0.9808586649399405,0.9799678937176238,0.9915227878989382,0.9969759533156334,0.9499411024780157,0.9597202909895064,0.9688229951232599,0.9717774289752391,0.9706140849557179,0.9526842050405684,0.8982905405861681,0.9544982068624848,0.9580094995025399,0.941385267078941,0.884430382912051,0.967326134544077,0.9415578513716905,0.9663479915410453,0.9505799757965174,0.7960089242825593,0.8694426560925584,0.8004621592140445,0.8827324682354426,0.8988796446970907,0.9053601973221064,0.8860116958482469,0.8950777794132216,0.3911291949168679,-0.5746000314080726,0.9616575614435443,0.9456237030543778,0.9460506483990554,0.9538792574390748,0.9564327701161943,0.9680179912615052,0.9681186825398335,0.9200321857998636,0.9641517747272609,0.8530849175058796,0.7941175513188121,0.9516609708992422,0.9476559028557123,0.8132630688586121,0.9554600152978148,0.9564393300849098,0.9007890410741096,0.9775071284982672,0.8368020740242497,0.5544961253975487,0.7166398018680497,0.8594084570763247,0.850356507079312,0.8420262621962766,0.983262658149491,0.9834383724382342,0.7747065998893825,0.735284621252164,0.7851309208431009,0.4335239491394793,0.7795377985251719,0.7933770419243094,0.7895349954354122,0.7916061928759627,0.7810223689756002,0.746612190347185,0.7290769336653968,-0.31650743875268156,-0.4677831985390817,0.7076951231044156,0.8850618227464381,0.9199302353954846,0.9345920262440917,0.9061447307805756,0.8210744957011027,0.9043157185073853,0.9214492146129342,0.9202389654473588,0.7629169414523196,-0.08000771064472842],[0.9964959829072167,0.9919421015956713,0.9921871339189451,0.9969433993519683,0.998583674696995,0.9822246806157142,0.9995013768439849,0.999993195914199,0.9797479842561218,0.999992145145271,0.9999950543329871,0.9997831402287456,0.9999915881398285,1.0,0.9999953743746256,0.9995940378573974,0.9979397322020477,0.999492212264953,0.9999085266349567,0.999907552526688,0.9999566344516849,0.9999919444719199,0.9932430245150221,0.9775078074245906,0.9961609490751188,0.9691765690493689,0.9959535510927413,0.9917347320911992,0.9781884934553899,0.9554318598048687,0.9893718648590639,0.9941145814392148,0.9919807529684845,0.9735185500969857,0.9995133740636373,0.999589572262212,0.9996457371394488,0.9998943626142914,0.9993235809012255,0.9995275468167426,0.9982871159083717,0.9989036884135001,0.9995342542421249,0.9995277610975142,0.9842356990259145,0.9396726878624996,0.9533230072086692,0.9568178250804256,0.9403298900760391,0.902721645084912,0.9528875826145748,0.9387231436531824,0.9552076679246254,0.9594451273798089,0.9494254520218967,0.9795153959001245,0.9796608165518642,0.9908513949996437,0.9969763914616383,0.9743367162704234,0.959437445065891,0.9735833155031353,0.9717426145756592,0.974523576398894,0.9743209529889791,0.9413932508439479,0.954100495800119,0.9567390526167664,0.9564684305465164,0.9184811559600624,0.9673095891700989,0.9690346537267656,0.9738978747397847,0.9729101516535701,0.9343362719270025,0.8690323473026533,0.8368263839563637,0.8822348196033648,0.9089289632242072,0.9051117214746447,0.9058143624428537,0.9047725566333895,0.7203870255211259,-0.5751032139199305,0.9616255558786249,0.9453852286774949,0.9457085665176855,0.9753409604246986,0.9564906038722106,0.9679683558579567,0.9680627329324786,0.9202535456008194,0.9695753480956152,0.9312613309407823,0.7940252931024447,0.9517467159879566,0.9522840024466425,0.8125844490623152,0.955349319370831,0.9562740040264148,0.9003982190441298,0.9778369864069528,0.8868352842697049,0.5536358553904872,0.7155080615777528,0.8947277597494933,0.8638629458109723,0.8858501344807856,0.9835178332437555,0.9837182855465705,0.7733305160367023,0.7340821750873622,0.8055838851875682,0.43308126047100254,0.7865218774938328,0.8099163011520504,0.804463531863401,0.7922112938213379,0.7805724167682528,0.7449000663901107,0.7273693874543367,-0.4062228401111588,-0.5284023071336693,0.7058325912906951,0.8844970793270969,0.9163970677910128,0.9301851077753185,0.9059707849734183,0.8195028398717225,0.8927989852301255,0.9096751876261994,0.9092782442071691,0.8412192800102958,-0.046799230798300756],[0.9964144459129901,0.9919973678039167,0.9903248310905102,0.9967936180479752,0.9985847914291579,0.9819623188945733,0.9992399645647679,0.999998351205145,0.9762926814512546,0.9999978979768629,0.9999984082906785,0.999788440019079,0.9999976925233377,0.9999953743746256,1.0,0.999497417106561,0.997255642343437,0.9995089144540542,0.999915729503972,0.9999150846230186,0.9999679469151567,0.9999977320223828,0.9915330760309362,0.9773286734192826,0.9955387811806743,0.960951373659029,0.9953440725218509,0.9918265960757036,0.9779572582114309,0.9554579912369293,0.991416714402234,0.9942813511966617,0.9925443799105,0.9737594749013897,0.999499153041973,0.9995975868767375,0.9997002108543005,0.9997719424306538,0.9993271441408088,0.9995343082217693,0.9983445789494395,0.9989286757424851,0.9995697262801739,0.9994447518990041,0.9819169105083335,0.9397121197783982,0.9533947238842091,0.9569436923135455,0.9404966639503447,0.9028500474198693,0.9572863090761433,0.9449409795199649,0.9593635253144778,0.9596788204287554,0.9496806483588535,0.9806298915398863,0.9797347717690741,0.9913650579292711,0.9968566464834151,0.9499756131426871,0.9597767193826441,0.9688200672508784,0.9718337032547918,0.9705994697282425,0.9523190607494995,0.8985738720686949,0.9543213882434979,0.9578019556340739,0.9412503389744756,0.884448757377314,0.9674745650518763,0.9417539342680594,0.9664042819859392,0.9506443635612544,0.7964445805171774,0.8692402587996944,0.8002905502686807,0.8825824598011218,0.898853504651102,0.9052762732473174,0.8858618477725502,0.8949532164634277,0.3913963047778445,-0.5741900209021691,0.9616904203968692,0.9456327676315007,0.9460573529934263,0.9525856679109305,0.9565416621314304,0.9680220471266587,0.9681172866754802,0.9202831516640023,0.9641301192760564,0.8533752595831893,0.7940969011347769,0.951938245033904,0.9480668131271324,0.8132809208473011,0.9554042845313678,0.9563950236199856,0.9002738021438341,0.9776617200379035,0.8363232203046682,0.5531974890227267,0.7158881536618621,0.858925672699199,0.84993619823739,0.8415535500117783,0.9833581373596795,0.9835309237853611,0.7737325310669383,0.7344868946280703,0.7844846206270446,0.4331658896728799,0.7788503109211781,0.792600155000652,0.78904243177113,0.7907977267185928,0.7806212288301823,0.7454618120193552,0.7279461988103597,-0.31723210664718127,-0.4683954793092623,0.7075253001200144,0.8844527643783164,0.9195552464745146,0.9340880470839849,0.90570109302173,0.8203171953376437,0.9039149445758787,0.9208828224094529,0.9197946671456276,0.7623208447881801,-0.07921074792753627],[0.9977503165141521,0.9939853658383442,0.9897964986396695,0.9979929318354994,0.9990556877308323,0.9815849898099496,0.9998941846073921,0.9993678548259944,0.9743625182065986,0.9997032938685302,0.9996904975335461,0.9996884587487016,0.999412490848482,0.9995940378573974,0.999497417106561,1.0,0.9985038884373854,0.9998609146799944,0.99957917303054,0.9995835969423899,0.9997849625590431,0.9995668673299636,0.9911924688970223,0.9763367219550108,0.994266975740472,0.9539361733089105,0.9939343393362378,0.9931318341173375,0.9762447221926073,0.9559801307685669,0.9918099641038643,0.9927820621845139,0.9933731212982561,0.975731355694715,0.9993069386147688,0.9997468904025412,0.9997345358457796,0.9995966173233607,0.9996387124308611,0.9997049378951156,0.998898812203739,0.999611080862371,0.9995331097927541,0.9993057253173191,0.9806076496882242,0.9383933938825328,0.9553758202519279,0.9544145007416283,0.941364100019491,0.9090045320530118,0.9592359305576155,0.9492135097672283,0.9615848309645214,0.9635304089182489,0.9536221685652396,0.9825078518307606,0.9816500623272464,0.992258552455854,0.9964129276266636,0.9542781628460981,0.9632862492999056,0.9734365244405587,0.9743023293510111,0.9749683841702851,0.9550217036294546,0.9036756765613773,0.957603464113151,0.9627394370565517,0.9459085429032406,0.8921833032502139,0.9699059047407438,0.9464292784058761,0.9705245627941982,0.9548001149289309,0.8043356352055081,0.8744313993550911,0.8044425441315549,0.8877602027856619,0.9035882846134848,0.9078937292055227,0.8894138286592499,0.8999372910149999,0.4021280242105293,-0.5715052121461628,0.9648743684325829,0.9502456077795782,0.9505308678558237,0.9564801753787149,0.9601317745293257,0.9710308113613907,0.9711053725998258,0.9242275649421983,0.9690035620248213,0.8604057875444269,0.7958805586342522,0.9436351537638988,0.9406371044988431,0.8155526608250643,0.9554569186706214,0.9562676177221178,0.9004177169172624,0.9744192224365736,0.8356461885773975,0.5628816410298019,0.7207941863833333,0.858983242142371,0.85258244811469