var element=document.getElementById("correlationAdjClose");if(element.style.display!='none'){var correlationAdjClose={"data":[{"type":"heatmap","z":[[1.0,0.9999943337360407,0.9860186094036708,0.9999312659402706,0.9991574880856581,0.9840429250066544,0.9978987143345115,0.9962434028611657,0.9701760231581866,0.9965010002310133,0.9946565952964385,0.9940893876784378,0.9963484447796119,0.9963847201812519,0.996286821750709,0.9977211057002409,0.9980105474098652,0.9983767164822087,0.9968287944267588,0.9968438935438163,0.9968388117798552,0.9963161467428099,0.9879237829205878,0.9724197959500002,0.9904367670116072,0.9584974437907734,0.989523716067557,0.9874357525990501,0.9697747046932546,0.9552890329993863,0.9927064656710997,0.9940329713971767,0.9928306168989381,0.9787397888902526,0.9978048613623713,0.9979679937805771,0.9976096091331398,0.9964185740803194,0.9957469158185737,0.9978652926691537,0.9987262039128747,0.9987612626362915,0.9977767646240364,0.9977907248590056,0.9773503848334721,0.9206355165278635,0.952553890508149,0.9354568054297338,0.9356796724967985,0.9139527762206913,0.9639236355415889,0.9503814274783087,0.9657140373621276,0.9676051950887239,0.9569645241296614,0.9846132272489145,0.9821660273361503,0.9908184095179471,0.9943474337797961,0.9873307524087421,0.9827276013784357,0.9883662283644636,0.9866611082110294,0.9889035783650536,0.988781082377481,0.9595525698921419,0.9758875385511798,0.9767823354334755,0.9765587665339935,0.949497335138956,0.9815568161643274,0.9785509444138623,0.9856915300999034,0.9850403635794921,0.9417407948276036,0.8958789570111754,0.86456864043123,0.9110617355686161,0.9265047012013865,0.9241902613313873,0.9245896773528253,0.9233225321191253,0.7155082092140667,-0.547519738155325,0.9811169103413683,0.9765130099210062,0.9737490999029988,0.9880051501766793,0.9747268801851078,0.9847477940695667,0.9847764094542358,0.9462835858438435,0.985239921310609,0.9494340243959177,0.7906405117737932,0.9144825145547872,0.9327249488598944,0.8141363228036125,0.9539404635211082,0.9546837159140695,0.9011960805790722,0.9669745282878449,0.8951974437380004,0.5886069600103669,0.7255084734088366,0.9023508734524832,0.8718868758612844,0.8936210709437933,0.9751940350040286,0.9753671183523742,0.7863709970595637,0.7469407865276184,0.8250189154991262,0.44326329056340513,0.805774954106213,0.8292054180855033,0.8243652530696436,0.8167574579822591,0.7882126702330442,0.7540723630759258,0.7378967956647815,-0.28167390001372977,-0.4219549883761739,0.6782096441393822,0.890431607360034,0.9320496102825595,0.9410159889642064,0.9050790640393886,0.826487398246479,0.9087701101738004,0.9255794786343884,0.9254147346129002,0.8601829771782654,-0.15242182837407867],[0.9999943337360407,1.0,0.9892426356600023,0.9998480332331223,0.9983051047551651,0.9897420921469408,0.9944379621895348,0.9918688816500302,0.9863664581641419,0.9918804783132504,0.9918997167871872,0.9934185157618483,0.9919898159444176,0.9918768308227952,0.9919356880223176,0.9940532669023365,0.9964773755638878,0.9960654308669747,0.9940817258075187,0.9940878800483715,0.9919281252468753,0.9919745206461892,0.9924095324765285,0.9763620304532152,0.9885792638995285,0.9835970902108367,0.9885663848703861,0.9874779171164781,0.9820126428330184,0.9387871554170363,0.9898327397339504,0.9876271750820652,0.9823119875015648,0.9394447672679027,0.9954612580641575,0.9953836694166277,0.9955977022785841,0.9923429850226652,0.995156226923584,0.9956114705940687,0.9968658153575154,0.9970358962690378,0.9956014326000449,0.9956115255523366,0.9907609094991687,0.9201728544293916,0.8965703225687683,0.9351114253924864,0.9356003412396635,0.9139315193675853,0.887977009405034,0.9297118739380859,0.8902996839478241,0.9189323700470123,0.8877627317113631,0.9577149961593723,0.9576984895698091,0.9713278399118808,0.9850831289052303,0.9830237550190392,0.9848428471812387,0.9799750661999304,0.9813733904040004,0.9814622929806444,0.9813761955498248,0.9465930384975354,0.9632295792916201,0.9394753012339255,0.9394245532890579,0.8716651852740956,0.9806494142825848,0.9819607665898187,0.9821526391472897,0.9817412735457828,0.9529125571941731,0.7903408438348388,0.7524569101168782,0.8469679933496602,0.9044607515362221,0.8621122960491449,0.8837830708363744,0.882644447027267,0.7535533270107667,-0.16986140507609546,0.970979736712906,0.9743245113214517,0.9707241699222283,0.9835018320987979,0.967901204597329,0.9736681878309076,0.9730717696588336,0.9306456757527034,0.975232812053877,0.9330799990503726,0.7184173946822376,0.9139836600014267,0.9130968903244145,0.5415413732082534,0.8433275825817177,0.8475715846837624,0.7508180366845251,0.9674215392901253,0.7241106899217679,-0.30428280320674744,0.23395144021343853,0.7507946282503544,0.7006148000605995,0.7435430494026931,0.9689612079152069,0.9689825175091996,0.17237811783592571,0.34465770643322785,0.17910018803854483,0.15095657356144188,0.17231367647036344,0.1862309004012808,0.18322129533649176,0.1038999780063993,0.5318850408568763,0.2639022818131761,0.21348753902035655,-0.4357190079545937,-0.4828963867921207,0.6773802369775099,0.7536534826827882,0.777527944928991,0.8396621943969844,0.8179220472243236,0.5820292853733064,0.7616207311775306,0.7719419790463613,0.7708218520567105,0.426694195654612,0.22779441377664353],[0.9860186094036708,0.9892426356600023,1.0,0.9873617247392646,0.9932980915420456,0.9913910896117476,0.989672639203255,0.9903822128789468,0.9910033002521951,0.9930381783950217,0.9970066279083832,0.9961724187984607,0.9902398565334993,0.992385946349897,0.9904381094916299,0.989888774397504,0.9908070383642362,0.9900376979550729,0.9890750777494947,0.9890509749426641,0.9919136253102449,0.9902668397243516,0.9949858673268914,0.9847173802900269,0.9911235525274926,0.9816844437794082,0.9917252135912972,0.9873974040921211,0.9868502105540145,0.9612549538916443,0.9695488906250849,0.9737577389108779,0.9772842062183551,0.9560563327551541,0.9870075604171928,0.9901040072449484,0.9884818006738962,0.9920437937521182,0.9946970125567635,0.9909035176747655,0.9849638638188998,0.9878495432531742,0.9873678269448153,0.9867460173746276,0.9924018409079344,0.9160139319607917,0.9361160111924809,0.9460260027620312,0.9286785259788182,0.8730850645261445,0.92195158577104,0.9063068531611099,0.9246788626796316,0.9303132734538582,0.9146761692170932,0.950078420263718,0.9592260724393473,0.9673686500291528,0.9774535543043779,0.942187570780244,0.9659564760548814,0.9649900975269454,0.9715336779068046,0.9652307780164621,0.9405928870597988,0.923824605651847,0.9488266930312558,0.9389361878556374,0.9205601707606318,0.8973837902680584,0.9719944097342175,0.9514005009930763,0.964738005842571,0.9442881668540392,0.8359145022143485,0.8566675298334419,0.7743479698841481,0.8742060093086201,0.898871122640212,0.9007089183592508,0.8678697582333318,0.8821164557568582,0.4282088305156835,-0.5346422626956983,0.9622239218380803,0.9498421253988406,0.9494312636438037,0.942152472445718,0.956752415684655,0.9647307666881653,0.9643538176401104,0.933674440730654,0.9602081034509795,0.8833939277897421,0.7746396007100502,0.9538484366367869,0.9531033228285992,0.7937365607993819,0.9412203408613997,0.9428532099999916,0.8736845207201709,0.9802684845094183,0.7752667346772677,0.49252588627875027,0.6690553303664929,0.7971118030751869,0.7986520494637932,0.7782092799689483,0.9824267075395027,0.9824568115853409,0.7160168705354124,0.6943618148481591,0.7105111611708166,0.39147124344341433,0.7063058553643764,0.7147667512026045,0.7253571670195346,0.714070413284341,0.7509255773084693,0.6891238180734702,0.6718961321597225,-0.3417271662936974,-0.4817228115120289,0.6457299465396965,0.8517323439529353,0.8788964139010251,0.8859513733791496,0.8767484691053473,0.7590655045010984,0.8575770338392855,0.8681498454537577,0.8753037837174321,0.7333568472482326,-0.07484961089741797],[0.9999312659402706,0.9998480332331223,0.9873617247392646,1.0,0.9993909635481842,0.985159080159633,0.9981274856031299,0.9966478382616555,0.972340384724755,0.9969459260394422,0.995331973115758,0.9949676112635355,0.9967354253177056,0.9968577371971326,0.9966907452837582,0.9979789266853433,0.9983305589809571,0.9986225067010238,0.9971815706062492,0.9971940938402641,0.9972166701895321,0.9967074871283748,0.9890830063388126,0.9737935321283645,0.9913590748206603,0.9610179385439791,0.9905495122865114,0.9890852581978151,0.9717065460737999,0.9564600104078392,0.9920355717678491,0.9935467496111569,0.9927556414541873,0.9783225984465097,0.9978782428197431,0.9981538227404185,0.997821729810855,0.9968579619308288,0.9962035363843554,0.9980822691570445,0.998619579506198,0.9988332747709116,0.9978462110649492,0.9978569033326472,0.9791272591353061,0.9170660054133281,0.9504908825485442,0.9355701722825218,0.9338938946264405,0.9077120682515377,0.9610322224683399,0.9471538705924786,0.9627341307562423,0.9651923686801267,0.954236748313858,0.9825526158209638,0.9806910067889054,0.9899688457511726,0.9941405474233169,0.9860069047849291,0.9816978900589252,0.9872222558118682,0.9861148646221117,0.9876849277295024,0.9875555197552329,0.9505927503727384,0.9747356910767991,0.9754087137194848,0.9751808929042602,0.9448472224674964,0.9811429482330738,0.9759257587075472,0.9843692393006334,0.9836844766524977,0.9230913411656111,0.8945022285384803,0.8610074980842062,0.9094842533624826,0.9238930161511636,0.923759808442989,0.9223281634102953,0.9210998002800974,0.6286848834806379,-0.546995854051423,0.9803618774794829,0.9753868870494717,0.9724178110494769,0.9866846186490394,0.9740814186315278,0.9840600323620604,0.9840855965520584,0.9459705975681078,0.9839273825384105,0.9358353542816293,0.7943113932370481,0.9195447193786487,0.9365811989455064,0.8157786908196639,0.9551777309578884,0.9559463872418191,0.9007022528233402,0.9681517749494457,0.8890468122743579,0.5848735014714396,0.7237259956922595,0.8968305938191651,0.8681620330639686,0.887828114426674,0.9759883361497441,0.9761656531714873,0.785136977066361,0.7470921809797194,0.8170389537366671,0.444966332944979,0.7998665928667261,0.8209506323492739,0.8160338849388733,0.8112734687189941,0.7903737327589354,0.7538761915396582,0.7377786286935156,-0.2770756178301239,-0.4212283314355241,0.6776375070504883,0.8885387015939403,0.9300837665337239,0.9391104402565068,0.9038070874165903,0.8236526542137299,0.9066748461190869,0.9232230912687395,0.9232048660760437,0.8529583985889642,-0.14531807818714623],[0.9991574880856581,0.9983051047551651,0.9932980915420456,0.9993909635481842,1.0,0.9878009266452152,0.9990469120304144,0.9985491084662013,0.9842394482722793,0.9985510435072813,0.9981538845965898,0.9981363573864758,0.9985712919243052,0.998582572853585,0.9985808671546509,0.9990718537808297,0.9987804689595479,0.9992720249874907,0.9988661924787493,0.9988704693310584,0.9986291313712874,0.9985712422517516,0.9947350626948894,0.9812096999237779,0.9951013102860136,0.9777665194606939,0.9951015953637533,0.9923482493422229,0.9840100394010317,0.9597222651261147,0.9893458995950608,0.9919968754375758,0.9901712823847851,0.9707843387675728,0.9988866809589072,0.9989458207898732,0.99896802356341,0.9986657049365502,0.9986273135549913,0.9989404582115619,0.9989514320211645,0.9991737257931711,0.9988983129550311,0.9989015251110942,0.9884229236054335,0.9266164788134647,0.9498019537723551,0.9441546529781139,0.9357208939310959,0.9033605007089528,0.9488684260766755,0.9426337420030181,0.9531190310101612,0.9591663174877341,0.9477851675736292,0.9802338436737812,0.9801451461781072,0.9900361781884452,0.9939935059882481,0.982542484447294,0.976077438165431,0.9824504936735698,0.9824560434681794,0.9828148326665466,0.9826958150088193,0.9494572955387757,0.9667271507567182,0.9611489628583594,0.9609452979418676,0.918925253247693,0.9783972826697344,0.97469761204757,0.9804815858945782,0.9797380126316206,0.9389184608075368,0.8757656728468937,0.840831388413208,0.8954916785272088,0.9286231464994599,0.9142745191817313,0.9208644134756354,0.9198573692660764,0.7687261772710983,-0.5517483960808824,0.9745021497863346,0.9656642877537989,0.9636538927345139,0.9834439527470528,0.9648833527459603,0.9779359295606339,0.9776639488055111,0.9377754640362033,0.979308335921945,0.939930710597482,0.7841712897272045,0.9336063477576801,0.9557676193730308,0.7818273203355092,0.9434777684544811,0.9448741369941244,0.8954060271785721,0.97292092413374,0.8895161605090529,0.4242780250567989,0.6677961843939327,0.8953679239277056,0.8469756809254292,0.8911272087142206,0.9794605127636181,0.9795939023945147,0.7514035092037955,0.7315214572036494,0.7552976912439067,0.42380972996307525,0.7099169036021014,0.7599072909769422,0.755466150684302,0.7197366746587247,0.7779952576621132,0.7398356363522322,0.7228691886870462,-0.47918682425785547,-0.5616079130280361,0.6731118670631607,0.8838206972923056,0.9167648429787923,0.9343030787495735,0.9024104019533062,0.8062356929677527,0.896735938168578,0.9108258844488059,0.910321194127546,0.7912220488932277,0.06473589377564672],[0.9840429250066544,0.9897420921469408,0.9913910896117476,0.985159080159633,0.9878009266452152,1.0,0.9822202018272033,0.9833164301486879,0.9929514343447657,0.9827386837272968,0.9785724581439607,0.977648221913323,0.9831603061844068,0.9836763022274363,0.9833860278152338,0.9830511439917134,0.9866013027305561,0.9840597635008539,0.9839372346960865,0.9839845595454101,0.9821656170263078,0.983323155627779,0.9946881342733704,0.993576533300664,0.9845789338725618,0.9873861715677001,0.9849601430633557,0.9752104613538775,0.9878648144157283,0.9742513473735661,0.9608845256931439,0.9666742275647072,0.976538272152054,0.9671646943493072,0.9819059324072397,0.9822852866603151,0.9831502041507684,0.9839966525832246,0.9784634249799343,0.9827505235609747,0.9811748440771728,0.9829025515049157,0.9821239997265623,0.982174664003502,0.9960248458349178,0.8767666866024993,0.9277604407540682,0.9203956565123803,0.9309552563192561,0.8896978054419269,0.9175544532470203,0.9104595957393673,0.9203345934405655,0.9362072877108241,0.9170490911495962,0.9496877723599397,0.9554321266281157,0.9617063199520453,0.9696680377892346,0.9718509997234052,0.9877421984910771,0.9738068175760257,0.9851123023449994,0.9734091618064022,0.9728352830595656,0.9765684976365372,0.9707345063814984,0.9510575135025777,0.9504601682188845,0.9490598529130724,0.9838831966308601,0.9766020381151125,0.9731061940750891,0.9718035811215622,0.9653026442900042,0.8991376621039587,0.8549452924187481,0.9154582837077642,0.9210202914277872,0.9304310773379048,0.9114562776861856,0.9092316892382677,0.7505344525784987,-0.49135603386369575,0.9820526312090023,0.9836797540542058,0.9797512696785858,0.9726660248854399,0.9748768253971495,0.9807149686202055,0.9802877320336603,0.9688225073321549,0.9704086861834922,0.9681537944706572,0.7960400375657455,0.8937416050538314,0.9555028611762633,0.8275019484288607,0.9437431866092416,0.9447344221036705,0.866067562677674,0.9585163029474106,0.8330424736911415,0.5080344603204369,0.687515192366896,0.8428552981706066,0.819056273142011,0.8325306221135412,0.9584926477668486,0.9586047224225402,0.7382461402437573,0.7225642426026232,0.7506266113471646,0.4474977559759007,0.7451137631103613,0.755923904256186,0.7497171174298498,0.7474378838109389,0.7699340810822309,0.7131931757197237,0.6999155880011235,-0.3033479553579926,-0.4339474830950323,0.6832327751091416,0.8527703369401571,0.8697393602356682,0.8850901088794701,0.8622252568480373,0.7808178464637857,0.8467065281539415,0.8618120725901267,0.8618675846257132,0.8037511410990653,-0.10614652029983193],[0.9978987143345115,0.9944379621895348,0.989672639203255,0.9981274856031299,0.9990469120304144,0.9822202018272033,1.0,0.9975731783884297,0.9569982703048496,0.999619546036989,0.9995815338893146,0.9996055531794908,0.9984544160348243,0.9994858961336983,0.9992041854671081,0.9998927439706028,0.996659555775844,0.9999043918316765,0.9993949320117752,0.9993995465516831,0.9997206768070819,0.9993442583415227,0.9907113271939698,0.9746885760068174,0.9861316926621314,0.9274808944440049,0.9937130599045185,0.9925545036886372,0.9746016143338302,0.953184875333997,0.991676691371144,0.992018651876359,0.9936965267630362,0.9755602052993482,0.9990303183034005,0.9998560512916356,0.9997219987056808,0.9994896776081084,0.9997765891503965,0.9998412231737581,0.9985446190489371,0.9997426899328243,0.9994029054346782,0.9990665739484472,0.9802693749403316,0.9340211523166991,0.9529416728485772,0.9503582373686247,0.9393740344634929,0.9027734483083895,0.9577984461267894,0.9467652733354285,0.9601446904218001,0.9627542359879181,0.9532544014616846,0.9818535671769577,0.9814484721670542,0.9919174706288328,0.9964124109814214,0.9514789448398426,0.963586434196792,0.9739658165010325,0.9742875473857966,0.9754626656950398,0.9514718271502,0.9046866351075746,0.9577177588622301,0.9630050010398923,0.942970124824693,0.8960485022970037,0.9686931982645092,0.9438728802572104,0.9695578678939235,0.9518493620658579,0.7945244421924994,0.8685374957134525,0.7928608912566697,0.8826489327350274,0.8989621873901045,0.9033999579845132,0.8830086216059118,0.8945824509553173,0.37550491999788904,-0.581453527386612,0.9652811471245887,0.9513744165042457,0.9507608715592797,0.9529385856591414,0.9607991303244386,0.9715163698868797,0.9716709646567144,0.9263752482562237,0.9690911044054021,0.8566756681801753,0.7782714975297242,0.9344826800157355,0.9354359458815379,0.80326460981096,0.9529619859540761,0.9538716636726239,0.899300550523571,0.9725053187612324,0.8324312815574461,0.5795649026364532,0.7171392486109285,0.8562674928534677,0.8495643041796561,0.8377750601835832,0.9799308614003683,0.9801116146785834,0.7763864794686932,0.7291446492509622,0.782372741512471,0.41784881868970436,0.779040057469781,0.7950509502773885,0.7882140783077582,0.7935279817682076,0.775404816703026,0.7461675523704318,0.7282662388768142,-0.2910618309087102,-0.442804318103568,0.6889339865955103,0.8885619014965666,0.9224023335585863,0.9400955248416746,0.9089984382398422,0.8252895729401848,0.9088181961184234,0.927293891027826,0.9259927978233866,0.7765278157142664,-0.11447685124102748],[0.9962434028611657,0.9918688816500302,0.9903822128789468,0.9966478382616555,0.9985491084662013,0.9833164301486879,0.9975731783884297,1.0,0.967714318563864,0.9999998310827168,0.9999993201495748,0.9997624871530317,0.999997081447774,0.9999927931902206,0.9999982627838575,0.9993331049008759,0.9915737907864356,0.9994643452244769,0.9999099567175541,0.9999096677693902,0.9999653317424465,0.9999987916246383,0.9911976029636161,0.9763580510333421,0.9929844977472906,0.9414670404270683,0.994204011067751,0.9908916294582777,0.9767962399218864,0.9526621069023032,0.9880296165720891,0.9939020833899451,0.9923202710193475,0.9726793128028152,0.9994738305011265,0.9995762168986108,0.9996786260772149,0.9997461789482042,0.9992404608934004,0.999511487106877,0.9982499284080099,0.9988506462074834,0.9995456842775334,0.9994139669642668,0.9819723713308958,0.9338380730736462,0.9503275165689485,0.9539263837067273,0.9381263022514603,0.8927500757840078,0.956049599654327,0.9423358221232023,0.9580476349814001,0.9572394134814081,0.9473784240147194,0.9798518676894861,0.9785851121948201,0.9908937011332293,0.996876991424525,0.9468514621063592,0.9599790541683321,0.9682157278984851,0.9715990898562444,0.9700760978627551,0.9498904122380175,0.8982981668338995,0.9535009227014632,0.9568146514629693,0.9379201586891409,0.8854707999388077,0.96631017898912,0.938237084051751,0.9645956765892105,0.9475542909160043,0.7832383617930174,0.8614629393832894,0.7887499476219827,0.875593231462563,0.8925032041976461,0.899422142486302,0.8789648118918337,0.8883579419784408,0.3591895772335122,-0.5852293184782422,0.9616271032203894,0.9458063416857534,0.9455150380256384,0.9511049234481559,0.9568743673786559,0.9679386687387734,0.9680746687849922,0.9225316025596694,0.9629387254822214,0.8471121821340231,0.7754775527341595,0.9472355902440384,0.9457519616760831,0.8001718440217486,0.9528014080121212,0.9538586413022316,0.8967804143203496,0.9762774302312582,0.8351164846363462,0.5652595795246618,0.7085553602868057,0.8570465529766133,0.8463457060359318,0.839709365760749,0.9822518999571273,0.982435862336559,0.7676147372779228,0.721789983421082,0.7834622230460226,0.405942872720843,0.7739148886687385,0.7904406109870113,0.7884452030574062,0.7879247554692621,0.7694483597140851,0.7405182682902481,0.7220657809841536,-0.3063797427117926,-0.45704796784381285,0.6758950355034304,0.881207293660978,0.9197974131531333,0.9325838269502631,0.903340968735605,0.8147399312453167,0.9024185262879427,0.9210164339768279,0.9199734669099946,0.7580303272897485,-0.09765567709244714],[0.9701760231581866,0.9863664581641419,0.9910033002521951,0.972340384724755,0.9842394482722793,0.9929514343447657,0.9569982703048496,0.967714318563864,1.0,0.9827664678779163,0.9872118452092792,0.9896012582700604,0.9713682910182884,0.9796984272734962,0.9762737380803925,0.9742422148533939,0.9495694926819966,0.9790814968118416,0.976997437442013,0.9769577060536289,0.9812470395817772,0.9761293862137773,0.9939366289890993,0.9931333180294584,0.9804847702007318,0.9893525256496147,0.9835907652364011,0.9902646396358158,0.9906555761522647,0.9689859784979684,0.9275544169924312,0.9491394493268916,0.9661603538451082,0.9517259691699338,0.9706744485360048,0.9791315879723802,0.9757766066581944,0.9781395015882103,0.987961201400538,0.9802893599827863,0.9668068143686769,0.9762869430465683,0.9715366860914803,0.970504613361643,0.9989995980292634,0.895404439545024,0.9203007346909788,0.9476087294851809,0.9376157321710663,0.8694038060457617,0.885368565465284,0.884014989436262,0.8893247736675114,0.9138745189680111,0.89428609498213,0.9285779795273705,0.9448413144501228,0.9502586943153175,0.9610690173894837,0.9035407674766542,0.9677412889524344,0.9458070966970205,0.9660296673471324,0.9458125031399133,0.9018770812308381,0.9158715591518178,0.9431085719998998,0.9158432116833661,0.8794991613349243,0.8832855385093372,0.9675884109189833,0.9206127219336907,0.9438840631691172,0.9064090773413793,0.8253581604643215,0.8510512083006518,0.7324033543050307,0.8703537617970895,0.8811312638581519,0.8947347523486372,0.8432478362216967,0.861707268977072,0.40869965723743223,-0.517713266132927,0.9574853279950922,0.9529071440564129,0.9497879683758428,0.9019829875350017,0.9478944354352246,0.9555618374054617,0.9549688563066219,0.9379562711148148,0.9404864124830405,0.8727815166917581,0.7807826514132563,0.9387838935745282,0.9609894629520391,0.8027912340586453,0.9344406063450241,0.936044166178234,0.8511382997590161,0.9676432132621019,0.7413279674609641,0.4547865084515291,0.6499940771821097,0.7739319220006667,0.7752050430342837,0.7521414063680719,0.9669509766625626,0.9669424482144668,0.6968805266636905,0.6838596079870694,0.6756144072284169,0.399045064609149,0.6878937431741085,0.6925478530915689,0.6751925326726005,0.6920431548227276,0.7435674225005238,0.6827969669411014,0.666892640401095,-0.3475742984930746,-0.4838258006853236,0.6861369211759455,0.835891980767589,0.831525361857321,0.8601586211994827,0.8553834537147497,0.7507724921257791,0.8129621429903887,0.8371731553216356,0.8311811034323335,0.7050414890952753,-0.034719382797090755],[0.9965010002310133,0.9918804783132504,0.9930381783950217,0.9969459260394422,0.9985510435072813,0.9827386837272968,0.999619546036989,0.9999998310827168,0.9827664678779163,1.0,0.9999991385997757,0.9997670719707604,0.9999985307629767,0.9999916541899162,0.9999977844569481,0.9996846559872221,0.9978771298386204,0.9994610653576171,0.999884665229072,0.9998846678528194,0.9999775760106981,0.9999993229855088,0.9937597686570773,0.9780233175972657,0.9962194290852597,0.9740662203411283,0.9963040629457145,0.9908880877832027,0.9811580939313329,0.9539716992298198,0.9897216570694833,0.9937597133790073,0.9899460921969785,0.9693660449105751,0.9995029333167454,0.999568940309517,0.9995815374753031,0.9998341039004554,0.9992529318196626,0.9995190112364502,0.9984697702274986,0.9988935888913628,0.9995084740670477,0.9995038202827136,0.9863506749331309,0.9337129215009332,0.9503620384981828,0.9539575366850297,0.9382706018680232,0.8928768686311973,0.9469233440345161,0.9370307685828321,0.9505871593073913,0.9554249538700755,0.9454497349687744,0.9788252250947087,0.97861887833902,0.9914702056069558,0.9966844298244856,0.9729425685641951,0.9600522915880476,0.9728747441865395,0.971631098529425,0.9733584284283359,0.9731326480341339,0.9375841213386658,0.9535516674026601,0.9518029643123759,0.9515215420811035,0.9079165979647199,0.9663023690095256,0.9652279265024254,0.9710352934991203,0.9700914274766497,0.9256925780595557,0.8615012915991734,0.8208359872609975,0.8754570667690229,0.9119167692314087,0.8997730523977894,0.9053939678163857,0.9046007325410502,0.7229224242844101,-0.5910267466996544,0.9616771576647208,0.9457982774115391,0.9455186194383168,0.9740118026085134,0.9523499304668619,0.9676621129378109,0.9673201587115392,0.9234649597183191,0.9692571423691889,0.9259218632410672,0.7754830441988527,0.9469535241089105,0.9574230484867581,0.7842518639378052,0.9465975931505503,0.9478204622657556,0.8968531451970444,0.9754754736546111,0.8974967201671674,0.46399086459874017,0.6850816736248869,0.903314774101121,0.8551529135079569,0.8991252077476596,0.9822096278233854,0.9824243705509731,0.7676836675132379,0.721491226158473,0.7708328454181412,0.4060587178309958,0.7265816527649147,0.7755905414749183,0.7710783080800593,0.7381821571913982,0.7691538899170198,0.7404172626237944,0.7219315728858835,-0.5244793728242922,-0.6073161982917562,0.6750493746411281,0.8812040137125067,0.9195502273131001,0.9365721835355452,0.9033656157819544,0.8112367975864208,0.8979154497056425,0.9132633559166683,0.9127357491176468,0.8034183213157302,0.12859601757853767],[0.9946565952964385,0.9918997167871872,0.9970066279083832,0.995331973115758,0.9981538845965898,0.9785724581439607,0.9995815338893146,0.9999993201495748,0.9872118452092792,0.9999991385997757,1.0,0.9997667796911258,0.9999963814778963,0.9999948269480387,0.9999983393868667,0.999668228401414,0.9975551069765566,0.9992014549971723,0.9997867301081049,0.9997867382468133,0.9999984324653727,0.9999983663214476,0.9930321337884666,0.9737361955652981,0.9952855937733379,0.9820903873466252,0.9958715746874283,0.990902407646635,0.9833237281500532,0.9465372498568809,0.988849077956672,0.9932170364060086,0.9836684726719953,0.9444549547362722,0.9992820753792727,0.9993375630186229,0.9992774626159454,0.9998944879801561,0.9992362841794644,0.9992875784422537,0.9979220971966959,0.998496833042481,0.9992557946043129,0.999253451290249,0.9885664125828335,0.9334197054369286,0.9169510187567859,0.9539034039392512,0.9381767951533604,0.8925675223677738,0.9161221177370309,0.9062016104507993,0.9205925877623828,0.9291853884215249,0.914517998758442,0.9710879899449584,0.9710640159602906,0.990672323668405,0.9951955412191795,0.9652558449783543,0.9601732299729736,0.9608701301141997,0.9622374554788162,0.9622990379872112,0.9620444024269262,0.9133594527007499,0.9433068606445042,0.9191119386061692,0.9186946375609033,0.8395689441708819,0.9641093527382846,0.9696493445728804,0.9660969190922476,0.9650030166726752,0.917608606756567,0.793949729843441,0.7557438118506584,0.8374557942582984,0.8908407128846842,0.8593642544747191,0.875052811250558,0.873718533120123,0.7224197054056511,-0.40031792750112155,0.9488720783093677,0.9459327259445249,0.9456146614449316,0.9664198548533521,0.9388502614221844,0.9516832003051104,0.9510430431758975,0.8949649549880151,0.9544596577773881,0.8996546351804156,0.7756396475669104,0.9472706958595529,0.9611403857911124,0.6742073538634867,0.9057555367670861,0.9084621807765377,0.8536432256494532,0.98488775333546,0.8413652287598016,0.12390962462154062,0.5355353047894098,0.8535355165284852,0.820015738136749,0.8481374959519571,0.9856401154803325,0.9856602261845684,0.5248109746885459,0.6336608753978074,0.5320374500559412,0.40598529838928216,0.49878516730432376,0.5431527514577611,0.5333523577209713,0.47092817776771917,0.7575971325106164,0.6050660968758312,0.5661123742343359,-0.48649728231866946,-0.5438273461896184,0.6744690222329675,0.8605443689517791,0.87320175972911,0.9051720532482049,0.8969604042206104,0.6726564298703163,0.844965066145767,0.8659445962809544,0.8652302564700346,0.6127218181257323,0.07597660397855324],[0.9940893876784378,0.9934185157618483,0.9961724187984607,0.9949676112635355,0.9981363573864758,0.977648221913323,0.9996055531794908,0.9997624871530317,0.9896012582700604,0.9997670719707604,0.9997667796911258,1.0,0.9997802268365187,0.9997658402662,0.9997720436937138,0.999669877939381,0.9981908567258043,0.9994001234888441,0.9999700773558909,0.9999697827083079,0.9997711812015917,0.9997766199530453,0.9926016079795145,0.9705059787444308,0.9940769658411659,0.9827752101432243,0.9948649808237098,0.9934186728515656,0.9794716109409365,0.9276048155664365,0.9914431679350395,0.9942343833804297,0.9791305481339078,0.9256520170046061,0.99941276441674,0.9994607761923044,0.9994215427049191,0.9995857493404411,0.9996103216248691,0.9994379532243053,0.9977932378804202,0.9985282700774873,0.9993999712440951,0.9993968135782033,0.9898465689536646,0.9289269517546783,0.9032452395089146,0.9509917129717336,0.9371853582490626,0.8925693850216213,0.8809721716917613,0.9188038204583526,0.8845787973850978,0.9053877281435975,0.8792033116172865,0.9588215636456732,0.9588064376447539,0.9818040724527908,0.9946354708038924,0.9641148762694666,0.9648349326315192,0.9564959345930875,0.9600546353273732,0.9591017246068615,0.9589317442336917,0.9134476026533531,0.9346501691779222,0.9046075449394684,0.9044958067743263,0.8231764922485612,0.962981448554835,0.9650680141926805,0.9651384040319536,0.9645274872393261,0.9242875137394869,0.7432040671477601,0.701746913118997,0.8026524375713073,0.8683455664248035,0.8227057040660786,0.8463268375663962,0.8454872045972651,0.7012711795554539,-0.2884251783161612,0.9431472015215375,0.9484952199114378,0.9428386137378318,0.9649250714431259,0.9390974341212243,0.9468053233249795,0.9459788391831221,0.8927602195091269,0.9492492941578632,0.8962342858261543,0.7270950906097299,0.944740542136107,0.9391508630379413,0.5441842723098098,0.8496714234143556,0.8542689375536426,0.7486634935810002,0.9785742890720248,0.7248165923190324,-0.2455087134066487,0.2716946571906075,0.7485571021085133,0.7041635442574196,0.7422579164096001,0.979741381588346,0.9798352380673248,0.21176823460721586,0.36974706565792403,0.21696335914345116,0.188962706957954,0.20889252170625297,0.22491799054208647,0.22253308479269504,0.13903598539652753,0.5542577827941484,0.2885323437084252,0.23635896119625807,-0.5019232021113968,-0.5480171882905318,0.6752527545995928,0.7565296879392595,0.7802475393714332,0.8438815401491743,0.8257272534236332,0.5728703217224087,0.7608960036560374,0.77496207503409,0.7739039779430311,0.4299398570183555,0.2662861306438544],[0.9963484447796119,0.9919898159444176,0.9902398565334993,0.9967354253177056,0.9985712919243052,0.9831603061844068,0.9984544160348243,0.999997081447774,0.9713682910182884,0.9999985307629767,0.9999963814778963,0.9997802268365187,1.0,0.9999912359996821,0.9999976848575135,0.9993803946298888,0.9932313725269689,0.9995036721617526,0.9999191357449577,0.9999190113905514,0.9999722912374974,0.9999989740888056,0.9910809504790238,0.9761695044953621,0.9936386414534122,0.9463902838598388,0.9941566404071954,0.9910046266531679,0.9765990805205558,0.9526104733410797,0.9889375258354719,0.993983466637105,0.9924021632677369,0.9728059394679076,0.9995165000637202,0.9996155682401039,0.9997089214831294,0.9997455308458295,0.9992994293874257,0.999552173117769,0.9983358907140554,0.9989173339575547,0.9995883969144704,0.9994573512161533,0.981732836773403,0.9341104900713594,0.9505012838866673,0.9538637612093783,0.9382359996096231,0.8933875895454445,0.9564067197138324,0.9427298157841504,0.9584082927608427,0.9575817894417454,0.9477770395040086,0.9801074161966441,0.9787761278981641,0.9910337726220293,0.9969583108695959,0.9471146832846474,0.9600235361112297,0.9684196483395422,0.9716617513781367,0.9702780032088212,0.9501080493590607,0.8982882878833846,0.9536648949268459,0.9571438162491691,0.938295391825936,0.885688191391633,0.9663271364963514,0.9383870442366677,0.9647559498848765,0.9477983358844659,0.7831764409626436,0.8617615099562852,0.789212261636971,0.8758740967060031,0.8927313393747989,0.8995641013228046,0.8792921429598265,0.8886817837938961,0.35932857326868406,-0.5852858607273266,0.9617331821454574,0.9459631779620382,0.9456579962179311,0.9513171181003408,0.9569868031004121,0.9680634289263188,0.968202249669497,0.9225404183672818,0.9631614669790126,0.8471432315954811,0.7755550359431329,0.9466623663667516,0.9452529214150245,0.8002295176072546,0.9528138675194232,0.9538628803481743,0.8971248376563082,0.9761380054773208,0.8356096217298319,0.5663540564286944,0.7092117946298304,0.8575264247869828,0.8468814054351717,0.8401958123906726,0.9821922639029408,0.9823762571088579,0.7682334867527316,0.7223075014768917,0.7840760520212651,0.40659104635588394,0.7745871185237705,0.7911355265347332,0.7890724815881947,0.7886370177243139,0.7697952177823377,0.7409714494684665,0.722535718024404,-0.3054548299744922,-0.4562287026904939,0.6763437284939315,0.8817350816192101,0.9202745404853401,0.9331265969494649,0.9038287343255592,0.8153134619850775,0.9030079120007238,0.9216039880981303,0.9205509195647733,0.7587176247570976,-0.09869290965876613],[0.9963847201812519,0.9918768308227952,0.992385946349897,0.9968577371971326,0.998582572853585,0.9836763022274363,0.9994858961336983,0.9999927931902206,0.9796984272734962,0.9999916541899162,0.9999948269480387,0.9997658402662,0.9999912359996821,1.0,0.9999950995899272,0.999570286139717,0.9978271533319564,0.9994621549983034,0.9999046261173927,0.9999036654881606,0.9999542656319993,0.9999914948525551,0.9930100742177232,0.9765829802465623,0.9959344192553672,0.9680701470066011,0.9957170667937197,0.9908670271743844,0.9770130803959648,0.9527724287836186,0.9892617141791986,0.9940231876426103,0.9917003887464558,0.9723411834754682,0.9994942947056031,0.9995688260226308,0.999628477592549,0.9998888088543801,0.9992632471544965,0.999501433660036,0.9981989141329953,0.9988399156584256,0.9995136119725062,0.9995067737981222,0.984254281845152,0.9338607591831521,0.9502637382817595,0.953892827194821,0.9382020333297023,0.8928515462604116,0.9510465545893354,0.9355188902549594,0.9533295404516079,0.9569421802693592,0.9470263155602288,0.9785498734240388,0.978449922676645,0.9903103099682364,0.9969497688220221,0.9735260773813998,0.9598080533968605,0.9735792347102902,0.9716394599287088,0.9745244132689923,0.9742871363294524,0.9465027752842659,0.9532783818926136,0.9562139088826342,0.9559068465045134,0.9240285143085926,0.966331246422797,0.968126741505359,0.9728624014690074,0.9718157833587804,0.9344215583769744,0.8612303738481532,0.8265017354758795,0.8752586344699903,0.9034103607632292,0.8992567004642829,0.8999885469383879,0.898863518634018,0.7006494050570713,-0.585788270292247,0.9616992559761548,0.9456673837678071,0.9452586991832926,0.9746086846106721,0.9570465630844973,0.9679994802118698,0.9680981221188854,0.9228317756675484,0.9690360979030503,0.934269279193742,0.7753862551059675,0.9467132236944127,0.9505424652317281,0.7994211335523681,0.9526685812662192,0.9536656229856018,0.8967248567737273,0.9764783307606876,0.884786861734967,0.5654534001278163,0.7080367442483373,0.8925880452620956,0.8598431989107954,0.8834828737668692,0.9824563816902215,0.9826682305625182,0.7668059786205847,0.7209708080276842,0.8023854201899503,0.40606046499043846,0.7802403608596341,0.8068467341178998,0.8013722731933153,0.7881854505650236,0.7692449456216068,0.739127706042288,0.7206842099353167,-0.39634049683812195,-0.5181967653844715,0.6744014353295471,0.8812004979626985,0.9164896422595864,0.928470208785214,0.9036990563930539,0.8137392210921401,0.8902903693899245,0.9095273177052643,0.9091187974749825,0.8398571881325393,-0.0654063348069457],[0.996286821750709,0.9919356880223176,0.9904381094916299,0.9966907452837582,0.9985808671546509,0.9833860278152338,0.9992041854671081,0.9999982627838575,0.9762737380803925,0.9999977844569481,0.9999983393868667,0.9997720436937138,0.9999976848575135,0.9999950995899272,1.0,0.9994695612298279,0.9971084789254329,0.9994799083800491,0.9999127710595206,0.9999121940064494,0.9999663080798041,0.9999976400545842,0.9912417487226833,0.9764221082963389,0.9952951078517054,0.9596916092388906,0.9950991697324557,0.9909618940618513,0.9768502884658853,0.9528280453690188,0.9914079516054412,0.9942478837132033,0.9922705003114648,0.9725937374139919,0.9994851256742592,0.9995773783898105,0.9996856124476351,0.9997612918859597,0.9992672383048986,0.9995088494539739,0.9982743640487096,0.9988664444563701,0.999555329037518,0.9994262543021556,0.9819733624542398,0.9339100046138831,0.9503452821465422,0.9539099653673397,0.9382037898118172,0.8930240243775802,0.9561264431262844,0.9424654963926956,0.9581555776682829,0.9571905671175747,0.9472961046112919,0.9798757997594977,0.9785303791015669,0.9908644290948444,0.9968414442991947,0.9471374703746277,0.9600452653041073,0.9683779624730461,0.9716799048483036,0.9702246033285014,0.9497117238759323,0.8985067025125552,0.9534185278235525,0.9568782864410418,0.9381259156095808,0.8856022320511564,0.9664518439488747,0.9385711511969036,0.9647929194198979,0.947854307574574,0.7835732704793398,0.8614651219149679,0.7890049836834135,0.8756370131890654,0.8926688183754828,0.8994314447247281,0.8791132461605173,0.8885219618270734,0.3595400168906338,-0.5849274040974844,0.9617145659876153,0.9459188139141796,0.945618878997242,0.9499120754448931,0.95704578581709,0.9680208630001402,0.9681533557688916,0.9227215681059758,0.9631018346701076,0.8473700583852478,0.7755015498011579,0.946960233008279,0.9456581740760197,0.8001787175466586,0.9527321145565693,0.9537935126858776,0.8965998222859812,0.976293736079792,0.8351448903263242,0.5650822371949334,0.7084422296149783,0.8570533124506959,0.8464650894035669,0.8397346571834683,0.9822887249161003,0.982469735847114,0.7672317650891778,0.7214595438486481,0.7834403109205158,0.40618928603842314,0.7738913138814717,0.7903598778726155,0.7885967334664181,0.7878249736835974,0.7693700561994575,0.739791705391134,0.7213733699316633,-0.30619559349270614,-0.4568594895590742,0.6761273661788942,0.881114642507581,0.9199163510903122,0.9326212999065822,0.903381983532564,0.8145358119045314,0.9026154458940885,0.9210483327305756,0.9201215376370978,0.7581206388822347,-0.09792031864995858],[0.9977211057002409,0.9940532669023365,0.989888774397504,0.9979789266853433,0.9990718537808297,0.9830511439917134,0.9998927439706028,0.9993331049008759,0.9742422148533939,0.9996846559872221,0.999668228401414,0.999669877939381,0.9993803946298888,0.999570286139717,0.9994695612298279,1.0,0.9984260050844358,0.9998530881777129,0.9995567497575687,0.9995614749353126,0.9997722599642576,0.9995428880477615,0.9908810893175066,0.9753716452539715,0.9939562550051153,0.9522222736734458,0.993610402023659,0.9924523856726585,0.9750158240779928,0.9533534308054525,0.9918246118623912,0.9926835697336592,0.9931364428846715,0.9746745570205634,0.9992813143826843,0.9997368918648534,0.9997213230780471,0.999576919710363,0.9996088066192129,0.9996927986397748,0.9988583651257683,0.9995897916689855,0.9995149314553258,0.9992780520731258,0.980585341075262,0.9324361180165521,0.9524455882920452,0.950914662523556,0.9391312727503143,0.8997105372718642,0.9581571036244918,0.9469497514317886,0.9604717403645165,0.9612839837081993,0.9514636824867133,0.9818416135823766,0.980569016996989,0.9918139983459107,0.9963612829970097,0.9517150682103735,0.9637994525247083,0.9734124664365303,0.9742973217833149,0.974995052856022,0.9525724879045967,0.9043698085537093,0.9568972103911026,0.962240238937095,0.9431112132349952,0.8944021827863097,0.9689943354353101,0.9435865612072601,0.969216881588973,0.952263614965665,0.7922092614113962,0.8670441957964694,0.7934300273796181,0.8811257661315414,0.8977724326131755,0.9022621222629243,0.8828958084902295,0.8938450939021763,0.37095665028367286,-0.5819805075849941,0.9650914946827043,0.9508546943060695,0.9503308636344826,0.9540546993237873,0.9610263606242568,0.9712791799937665,0.9713619608607149,0.9271455362642688,0.9683946154148032,0.855262896391316,0.7772587116882071,0.9376372855300524,0.9377431187401265,0.8026474844533178,0.9528003049383577,0.9536754399808367,0.8967927358414973,0.9728377465633578,0.8344096662039475,0.574918354679964