var element=document.getElementById("correlationAdjClose");if(element.style.display!='none'){var correlationAdjClose={"data":[{"type":"heatmap","z":[[1.0,0.999994826557732,0.986836181240569,0.9999367341196688,0.9992028558196374,0.9831912759860514,0.9978562601307677,0.9964228782984151,0.9717592812311794,0.9965771092436124,0.9947355730415398,0.9939378525179792,0.9965109662585,0.9965398289084928,0.9964637311116238,0.9977729875855901,0.9981229736309501,0.9983185242297327,0.9969334295026026,0.996942905609455,0.9968833673487812,0.9964828544758271,0.9888219994731884,0.9742605520829892,0.9910970182998116,0.9610046186541742,0.9902871198761914,0.9876171361576528,0.9719673866824117,0.9585318344112131,0.9919983395140968,0.9936513367496254,0.9928662549999143,0.9796197784105951,0.9977813455810628,0.9978670875539271,0.997640543143862,0.9966055318056416,0.995519008172616,0.9977570412232571,0.9986234494044557,0.9986557862976777,0.9977712256509506,0.9977799687826746,0.9784930754862897,0.9303193516148305,0.9567829149411982,0.9471638489242935,0.9459765014565326,0.9260951299701105,0.9650454907913891,0.953177596839206,0.9669218608585015,0.9700736076098709,0.95900167291638,0.9850434921335077,0.9831213190909989,0.9914093881631302,0.9941086187658462,0.9880471371063044,0.9833133418924115,0.988298135611744,0.9871383962777271,0.9888326689703107,0.9887235721112148,0.9547213400123605,0.9771633745635184,0.977118095334031,0.9769001681811857,0.9429090820882696,0.9830346005947317,0.9798119610653642,0.9866577425657506,0.9860454250430954,0.9433414329727254,0.9045397019329617,0.875919983549407,0.9186565994234719,0.932577250753514,0.9307768083004054,0.9308349310660113,0.9296841726200811,0.7416244350277703,-0.5309343445877228,0.9812458474340975,0.9766800746423817,0.9744765346543464,0.9886356739123715,0.9743317236554517,0.9847338595065078,0.9847300564022257,0.9438512187208549,0.9856497747992662,0.9467627316333831,0.8148860223429216,0.9253805552989001,0.9378360472170055,0.8319876303359758,0.95782593273433,0.958505509953941,0.9042510174641468,0.9695700757686307,0.8955117132035224,0.5691591033934653,0.7333289792375107,0.9029004677362614,0.8748119642316085,0.8943774840391192,0.9770287934483529,0.977168032221671,0.7921408153470446,0.7611286317807506,0.8258061700344306,0.47618179870247,0.8105833226660366,0.8298749516410169,0.8250091917005026,0.8186005816480996,0.7999533195708638,0.758160505335058,0.7431274524144146,-0.2981148698900182,-0.43875256548203295,0.7258022935310405,0.8927004245410429,0.9299576870485903,0.9416863983488484,0.9062567685385209,0.8328849740475784,0.910083485935126,0.9237897736510047,0.9236224205140617,0.8605119873055619,-0.12549268213923753],[0.999994826557732,1.0,0.9906974498885941,0.9998650874906156,0.9983395596179432,0.9900204248758958,0.994123212179607,0.9920562830706011,0.9881844050794951,0.9920605154562108,0.9920922290227716,0.9932912483186687,0.9921388198822888,0.9920539950313828,0.9921082961080185,0.9940688029777203,0.9962440301399921,0.9957769446906575,0.9938749802391249,0.9938824490626363,0.9920980430497349,0.9921431020613644,0.9927174272353617,0.9786104448751061,0.988790906641283,0.9852902356116159,0.9889062209467612,0.9875442787142532,0.9830551043541571,0.9431809846160878,0.9897127476198566,0.9880453247614434,0.9831321600318533,0.944777231143147,0.995158516733835,0.9951121266950763,0.9953159097977018,0.9924559181630793,0.9949473850115247,0.995337014585549,0.9965196243650899,0.9967282673997984,0.9953320026714032,0.9953432198738543,0.9919494157242655,0.9299150136340704,0.909418866994013,0.946882460346194,0.9458628767278195,0.9260758445102093,0.9006295078063871,0.9376807710596143,0.902557147790103,0.9299972211392431,0.9006402520104723,0.9620471237833702,0.9620372704789241,0.9752753660927506,0.9855873021965716,0.984425599606417,0.9855466656659969,0.9796698840867651,0.9829253070201056,0.9808354332391417,0.9807493575611508,0.9450423136070863,0.9652873410002935,0.9383697321997228,0.9381449800747922,0.8742108991950488,0.9830980788553265,0.9842008172694182,0.9843620090373284,0.9839617764481936,0.9575101885042812,0.8222615169982664,0.79147943424503,0.8686611350742715,0.9182295799759114,0.8825180600846579,0.9007924625586133,0.8998633933400777,0.791273242102802,-0.10309372304282682,0.9725738769327735,0.974921978531972,0.9722897121303848,0.9847857016119511,0.9684846931701858,0.9747804148393477,0.974200729951452,0.9338444099517011,0.9760125474744851,0.935629018856281,0.7571945745770434,0.9249995683774613,0.9245117629534408,0.6083891563934002,0.8657791630899089,0.8694340527216975,0.771782380975397,0.9702689218437155,0.7463838344185232,-0.32544402799508587,0.27006657694638697,0.7717384672601597,0.7235834471534963,0.7647598078664122,0.971757353361007,0.9717798756002917,0.22987000811254907,0.40194761877105295,0.23746641738833033,0.20873011123035057,0.23036465380504922,0.2429141415627001,0.2397425122575878,0.16007415320171048,0.5778307230430687,0.3107816978458077,0.2606235420819157,-0.4371672338257712,-0.48710324481563294,0.7249597529338394,0.7692106715445822,0.7921677978776576,0.8571198250138792,0.8285554474013919,0.6214535392439985,0.7870466235979019,0.7871701918309145,0.7861783948944459,0.45546140303250365,0.2610054523581685],[0.986836181240569,0.9906974498885941,1.0,0.9880558383705628,0.9935802585150635,0.9914507881905126,0.9893884217877483,0.9902165680977859,0.9915930534421455,0.9928000339136206,0.9967081024118107,0.9958906345608444,0.9900614079221584,0.992108496352307,0.9902686991126326,0.9897579405919184,0.9908186408082361,0.9899308971267518,0.9888773255976306,0.9888530916449261,0.9916971283337298,0.9900985879025811,0.9952439256437121,0.9859977682225903,0.9911450260880773,0.9830326910383984,0.9918074744583395,0.9884814218051282,0.987871526049241,0.9641947032163894,0.9688495335405313,0.9732818518689157,0.9773339418599833,0.9578290219297477,0.9868360757283532,0.9899413183671578,0.9883278778178511,0.9918473117297891,0.994708777403594,0.9907631882808556,0.9849119376625161,0.987894949596196,0.9872261009792057,0.9866159531770088,0.9929737181941872,0.9263896500345365,0.9419577372750491,0.9548280270554582,0.9391253969990143,0.8908713014246168,0.9237279798278919,0.9107249400282338,0.9265873904741525,0.9356555039279565,0.919125395584237,0.9514360714560767,0.9614729229338232,0.9690654411972348,0.9769993236135065,0.9465342207353986,0.9688036591729143,0.9683443583906004,0.9743177836278272,0.9685666528533292,0.945611052837537,0.9280277444565285,0.9540202754095932,0.9448795199545231,0.9277289080691559,0.9030296939329111,0.974876494728241,0.9556622175659945,0.9678644708479214,0.9483394572047421,0.85270414193703,0.8723261728759653,0.7922457545552793,0.8881344341472639,0.9085591319169594,0.9108853557183224,0.878698070615746,0.8927006023507693,0.4717129397515592,-0.5147695368105297,0.965613162359345,0.9540535764946461,0.9538151905026365,0.9464578856869079,0.9602722235938954,0.9680519038503312,0.9676930787846231,0.9361055042599946,0.9640858227244729,0.8937883361627299,0.8006156047467168,0.9592286792740474,0.9575599766445413,0.8160093791465598,0.9464354330279614,0.9479230482255797,0.8776670948194034,0.9813024436427904,0.7761019893951511,0.47395131609041347,0.6792696841211919,0.7993634751586776,0.8030937523781418,0.7802976803691858,0.9831947591207137,0.9832078508148002,0.7251636116824888,0.7124801866537038,0.711514932500509,0.4285309563998662,0.7138025586799807,0.7180332398061808,0.7249103455255769,0.7184929251196879,0.765517603251462,0.696557712557996,0.6806223275541848,-0.354208197378566,-0.4947074696416147,0.6972785193439184,0.8564335544198209,0.8770338083695915,0.888291565379711,0.8796718116065956,0.769069073060836,0.8588788464141109,0.8672299334180558,0.8736856304985569,0.7381513958282487,-0.048866140730842667],[0.9999367341196688,0.9998650874906156,0.9880558383705628,1.0,0.9994212169242629,0.9841927263724191,0.9980676960192033,0.9967944730776356,0.9737179630648937,0.9969982559286993,0.9953991445761979,0.9948003905912765,0.9968664787112999,0.9969788761754249,0.9968348694072958,0.9980104314499316,0.9984187598459807,0.9985510124342333,0.9972573456779186,0.9972646025574915,0.9972409948411654,0.996842485375396,0.9898841879673485,0.9755089164473194,0.9919469428794672,0.9632867687529848,0.9912320178827639,0.9893389643682419,0.973734561907713,0.9595965721884279,0.991373523566438,0.9931922901353124,0.9927968729454657,0.9792426361519587,0.9978462965358086,0.9980500405188271,0.9978349971991695,0.9970102013643439,0.9960055115951403,0.9979732435052934,0.9985228299505154,0.9987286434558033,0.9978323219815294,0.9978382135802101,0.9801064279784814,0.9272580042992934,0.954896945052222,0.9468332220967607,0.9438300207253556,0.9206668311372996,0.9623237302097692,0.9501318579662942,0.9641165566121349,0.9678649225000479,0.9564971647253251,0.9831079363447055,0.9817862816497672,0.9906169811794281,0.9939091664348435,0.9868284593274251,0.9822687435573632,0.9872477324819191,0.9865961288821523,0.9877140247168746,0.9875982923976853,0.9469581036734588,0.9760518187297053,0.9758790205934234,0.9756570314214592,0.9388484532966352,0.9826038745269788,0.9774103848352084,0.9854397773395617,0.9847964925883912,0.9269360057181177,0.9032418983106036,0.8726923829189673,0.9171540425699786,0.9301857764965193,0.9303664739875683,0.9287601732790999,0.9276443784014399,0.6618653259134838,-0.5304524706834823,0.9804988292114605,0.9755146938668537,0.9731405303462421,0.9874196217693006,0.9737287943360057,0.9840806469281216,0.9840752902350888,0.9434848925525403,0.9844445134752416,0.9350102143680252,0.8180217489063409,0.9297693117544936,0.9413390585290853,0.8334074192573043,0.9589499307123863,0.9596526890502631,0.9038498275290092,0.9706510042861509,0.889533228017357,0.565627850229214,0.7316759314485067,0.8975399236192181,0.8711636323783984,0.888745195560143,0.9777705234810339,0.9779148522888637,0.7910205988445194,0.7613021290487737,0.8179838576659288,0.4776640021016688,0.8047054985654462,0.8217834713756859,0.8168438203779161,0.8132094791735768,0.8020043766951038,0.7580741340175442,0.7431064439577212,-0.29350415414676384,-0.4380274251347008,0.7247934906701308,0.8910837508824166,0.928136053120104,0.9398984346751886,0.9052368700483521,0.8302639127777963,0.9081199574925307,0.92158554673297,0.9215649329879829,0.8536917354847641,-0.11862586584611004],[0.9992028558196374,0.9983395596179432,0.9935802585150635,0.9994212169242629,1.0,0.9865249732801579,0.998964726763908,0.9985696809585853,0.9848517168990024,0.9985665512089384,0.9981833379405786,0.9980768162273118,0.9985824935422603,0.9985972847239438,0.9986004615918136,0.9990661582703656,0.9988711384218409,0.9992314664984994,0.9988292700331348,0.9988289178810061,0.9986368305929019,0.9985838308364289,0.9951161456020909,0.9824637849879329,0.9953652459970443,0.9789376619109338,0.9954029833026561,0.992867738765711,0.9851567630917756,0.9625775465283647,0.9891248603807565,0.9918863318889766,0.9903945676322383,0.9723982245601636,0.9988192190270051,0.998888473382612,0.9989195514714734,0.9986978462863849,0.9985744705651375,0.998881625010238,0.9989143795649787,0.9991409880339687,0.9988441680549717,0.9988435709216389,0.9887917855905732,0.9355943936222183,0.954265356645207,0.9524587035650636,0.9430812523283302,0.91626845191811,0.9522075846526923,0.9475720724035794,0.9563746112934053,0.9626579281558637,0.9512159834461668,0.9815622300699584,0.9814894863942408,0.9908960668064044,0.993839543481033,0.983094638821708,0.9763441843026527,0.9817064814100314,0.9829360650117969,0.9821148756846392,0.9819724424713218,0.9441366581949812,0.9683677087003776,0.9610186618753255,0.9607576958591557,0.9128251799288779,0.9797470892840702,0.9760557462377807,0.9815869516350411,0.9808293651097214,0.9405479448213891,0.8860750379974311,0.8550813914749422,0.9039953919724156,0.9348429649137842,0.9220425354863555,0.9278986589918502,0.9270007235948061,0.7914353680143988,-0.5244363012941609,0.9747418272947632,0.9657032394028392,0.9644325669260333,0.983857880644621,0.9644210022446065,0.9780623638237762,0.9777707858187537,0.9354132959132674,0.9792137346714551,0.9370443007374785,0.8083476315479795,0.9420332811651703,0.95936802147377,0.8033984641708594,0.9485163062518591,0.9497814799772597,0.8993301594741391,0.9750695001435091,0.8936348884863409,0.4030588248089096,0.6803622703337954,0.8995052358261557,0.85522586261253,0.8957656583748531,0.9810464150423479,0.9811563375011205,0.7601603448695716,0.7470767811529042,0.7639785761320168,0.4576334394195853,0.7240691549755018,0.7680866161590589,0.7640129711397665,0.7297004497587918,0.790953027442605,0.7454909922874168,0.7296646239884184,-0.4890860141037617,-0.5723255991621738,0.7192356512955547,0.8873723448028292,0.917187715141928,0.9376171748287778,0.9047140637868274,0.8160307688159705,0.9022947878817272,0.9118763057169508,0.9113812380417515,0.7964478178182105,0.09226871524058616],[0.9831912759860514,0.9900204248758958,0.9914507881905126,0.9841927263724191,0.9865249732801579,1.0,0.9798797194323297,0.9813522827157678,0.9935332533556505,0.98080846162938,0.9771099328970888,0.9762762719031146,0.9811613720790177,0.9816530075086679,0.9814196768116079,0.9810341785957066,0.9848097540411969,0.9819122425104592,0.9817501561351756,0.9817655884190652,0.9802256599445788,0.9813142307034249,0.9935009137021885,0.9933626764437092,0.9828480673244064,0.9884754390181671,0.9834147477812346,0.9752469836742501,0.9877741282539954,0.9748391051232298,0.9572995815031048,0.9636615238487672,0.9737544438463173,0.9652227465408088,0.9796433328028543,0.9801234352587795,0.9809655659205103,0.9820892268404423,0.977237160985276,0.9805882752589247,0.9789448863298771,0.9808009828883132,0.9799182013172584,0.9799399546583131,0.9960961005143587,0.8914532672352434,0.9333713271848543,0.9363011319092135,0.9446472398031227,0.9057964613208205,0.9175948732635774,0.91291511023266,0.92062491200456,0.9391721213989059,0.9184773107210411,0.9486746970554657,0.9553236225838067,0.9618542381630117,0.9668551243048489,0.9738858638640252,0.9895289303465895,0.976517212101943,0.9867257294209143,0.9761318537345212,0.9756235237964931,0.9774214781777888,0.9746695971797615,0.9568454674957682,0.9563316843681514,0.9525388930151224,0.9855377938414457,0.9785427801878304,0.9747322951701228,0.9736442793725485,0.9693245129943989,0.9129203988451906,0.8723439516186778,0.9274248663167639,0.928737002573519,0.938172861535262,0.9195886652748682,0.9175487232162627,0.7807619518329763,-0.4676101962500076,0.984465755191536,0.9860333651385569,0.9828029949095466,0.9746849067954318,0.978003429271604,0.9830789304709923,0.9827045587563717,0.9709067836162477,0.9733904663477133,0.9706845518873394,0.8201617476464348,0.90623032083021,0.9599302373376496,0.8485353055639541,0.9475750302179108,0.9484861295526283,0.8666192890822634,0.9594215759383871,0.8306276984629969,0.4824734981037665,0.6935164732084521,0.840725955164221,0.8198345064237492,0.830730571312935,0.9590281825589742,0.9590655513356194,0.7424263636837706,0.7361472140490115,0.7492641459694389,0.4809092986318815,0.7487063742222709,0.7543208314716717,0.7481517386733136,0.747248517979284,0.7797221448139984,0.7145378798792282,0.7025381552944081,-0.3187835746546067,-0.44924403285314424,0.7322245117830596,0.852577097524829,0.8640144496149232,0.8839012811919309,0.8612295522353136,0.7863119252239501,0.8463008078465749,0.856600224416817,0.8566271980540542,0.8007552873420926,-0.07439264437181778],[0.9978562601307677,0.994123212179607,0.9893884217877483,0.9980676960192033,0.998964726763908,0.9798797194323297,1.0,0.997691928642406,0.957150693913389,0.9996401836789145,0.9996133778368546,0.999644315148729,0.998542387979156,0.9995079741426762,0.9992517373537994,0.9998946911288756,0.9968643130786196,0.9999047978901976,0.9994344341551126,0.9994387739026829,0.9997351899081404,0.999382484189993,0.9908999559729468,0.9754285747674035,0.986773333554911,0.9293752217704851,0.9940630597556103,0.9934766271731538,0.9756932047380744,0.955951653235552,0.9916285495881579,0.9922080198287158,0.9940283165781305,0.9770341723545198,0.999092039599847,0.9998658689390667,0.9997392709779198,0.9995064220776168,0.9997913240828512,0.9998525385879372,0.9986354319286826,0.9997575837915702,0.999442219947301,0.9991270973246883,0.9798873823266274,0.9416752533749595,0.9565779305796817,0.9548690200554759,0.9420247352976414,0.9142964388468603,0.9594076020699316,0.9497821142647049,0.961785381304658,0.9655523831001693,0.9561384421419581,0.9827594372573676,0.9828063595020142,0.9924598954228323,0.9964846020586515,0.9547408444896562,0.963234290508051,0.973890794510186,0.974329311512053,0.9753282022267231,0.9546474296154102,0.9037626705450431,0.9587038836957433,0.9634724619150162,0.9464824019828861,0.8929418686734194,0.9698930752057272,0.9474547730027124,0.9711813217619243,0.9550904313656421,0.8097059848522953,0.8771341008550094,0.8072438550292913,0.8902591898252257,0.9061607048903686,0.9102669724265069,0.8913846415949064,0.9022558979098376,0.41648928070826463,-0.5663139223274171,0.9648352474523777,0.9505089104502654,0.9507913966906353,0.9560899176132989,0.9596150537719534,0.9710269460729715,0.9711111763962252,0.9225116849654232,0.9697015229996893,0.8628253248214537,0.8014131779785979,0.9422866352886984,0.939307938685557,0.8194553462993871,0.9562640503676498,0.9570998209121296,0.9037481186958787,0.9745052330106072,0.8340868739710392,0.5636922516195865,0.7263514377595633,0.8587284346950197,0.8538791414429088,0.8402084079292156,0.9814619734712117,0.9816279850380789,0.7838980976925505,0.7449067198817685,0.7836574862784527,0.45082952983656316,0.7849536042453835,0.797602123201173,0.7887211982787418,0.7969373126124915,0.7888311848626381,0.7525445138010757,0.7357273725267134,-0.30571946209975953,-0.4580864190582137,0.730022036393715,0.8928670641587352,0.9220658329035418,0.9418303712756798,0.9120504301017025,0.832677728557763,0.9104254018249767,0.9270810483254532,0.9255983652655625,0.7818032001777888,-0.09135702689249597],[0.9964228782984151,0.9920562830706011,0.9902165680977859,0.9967944730776356,0.9985696809585853,0.9813522827157678,0.997691928642406,1.0,0.9676345217529944,0.9999998389396343,0.9999993656551446,0.99978458464715,0.9999971129573627,0.9999933190058257,0.9999983772221142,0.9993781916415284,0.9920905096381328,0.9995037783024764,0.9999142201727234,0.9999138380009237,0.9999676276036616,0.9999988361235211,0.9914794555417543,0.9772191503637606,0.9933654452310746,0.943176061022829,0.9945565637995443,0.9920373048160257,0.9778886182171844,0.9556256836489148,0.9880024476670513,0.9939088272505882,0.9926941897228789,0.974308366278237,0.9994930429224885,0.999603365647521,0.9996986576492963,0.9997609384263247,0.9993225206177605,0.9995456446077879,0.9983459794028523,0.9989342180570782,0.9995656107058993,0.999439469328771,0.9816941271234225,0.9416315452271979,0.9543161474610288,0.9582876868996385,0.9417750898118781,0.905837488565928,0.957648423909616,0.945581420030409,0.9597083800857066,0.9605160776335392,0.9506082570381958,0.9808132785309347,0.9801478560017174,0.9915317231469487,0.996839764426341,0.950554900742881,0.9604452188987509,0.9690113434035728,0.9721659198387842,0.9707789632637543,0.9533074274575302,0.8990174734967162,0.9552491957469754,0.958185130888705,0.9420456764761981,0.8845622277495895,0.9679642960643339,0.9424590552848893,0.9667958242760908,0.9511975918301647,0.800117923737741,0.8714130813614636,0.8036459730027018,0.8844623114034451,0.9005723299246126,0.9070347061641388,0.8878109685604348,0.8967674129117073,0.40185392043838913,-0.5692462438373198,0.9619052021197263,0.9463294669843302,0.9466392632071761,0.9544465033700578,0.9566207941375263,0.9681717974387012,0.9682451786581939,0.9199085451031779,0.9644271771646953,0.8551969174604019,0.7991964157023094,0.9535530917224418,0.9490686176074462,0.8172384067313053,0.9563100812098903,0.9572808653529714,0.9012682755992738,0.9780573909915324,0.8363799372598211,0.5492720754621336,0.718092618452885,0.8592048590467741,0.8506100810820003,0.841788794473528,0.9836331959262388,0.9838009560156321,0.7754653320948374,0.7380804211117402,0.7844150385734632,0.43994680017619064,0.779878648175503,0.7928984903698739,0.7886380592285014,0.7913199038230252,0.7832966086610865,0.7470670897489272,0.7297462947352883,-0.32050743682430305,-0.4717466287073421,0.7192080525241858,0.8858555608116386,0.9193337921890431,0.9345374668561286,0.9065988783139468,0.8226245243571343,0.9041335728864804,0.9208371350409255,0.9195878755607861,0.7640101492313577,-0.07465237344495176],[0.9717592812311794,0.9881844050794951,0.9915930534421455,0.9737179630648937,0.9848517168990024,0.9935332533556505,0.957150693913389,0.9676345217529944,1.0,0.9826596419530806,0.987343069452672,0.9898117082468189,0.9712266007210945,0.9795519159155063,0.9760859812249941,0.9742059103112338,0.9507796283520731,0.9790484905785087,0.976733685702972,0.976706430665113,0.9811397603850597,0.975948312394847,0.9938368565973689,0.9935658142838343,0.9802121796869891,0.9903867298166652,0.9834072841879286,0.9912747992414749,0.991096556432057,0.9711275184245783,0.92713731091114,0.9487636278819156,0.9660028216049141,0.9529860316069784,0.9705421154737629,0.9790760317033753,0.9756149099843222,0.9779572668479907,0.9884926391970242,0.9802998663046837,0.9669582165553341,0.9764608892989585,0.9714260499649434,0.9704360906262274,0.999079072359366,0.9084040486033519,0.9275162821476808,0.9549182078015758,0.9441664935802526,0.8877517701975847,0.8881407907156201,0.8891404411873658,0.892254950774222,0.9202717795465788,0.8995968338583405,0.9303479809586528,0.9476047723626927,0.9525617155487099,0.9606181313120747,0.9107851748819462,0.9709158718618053,0.9515813199997633,0.9698236287663078,0.9515650705039688,0.9101332838356009,0.9235211203817374,0.9497645806540425,0.924967065932013,0.8908425510586815,0.8940228162754329,0.9713084553608627,0.9276612466695697,0.948809796843172,0.9132047049356208,0.8450708166304143,0.8691872759382874,0.7544950759230518,0.886357788823137,0.8930157607348078,0.9062089838777393,0.8563073609624718,0.8744515090979923,0.4560766721639977,-0.4956449744447186,0.9622373455389192,0.9572124501728938,0.9551999213573547,0.9088637456515796,0.9535041357818754,0.9605644232033359,0.9600223227915744,0.9419757638587255,0.946773887959146,0.8869067536650579,0.8061539237075774,0.9459098025499197,0.9646368158472166,0.825312165454925,0.9399891901024652,0.9414350665162392,0.8557038919800233,0.9690808542040192,0.7423402124422018,0.43584167439238675,0.6605797251043003,0.7760053137803755,0.77974297986814,0.7541661101274683,0.9684609027037314,0.9684460689504689,0.706353492090528,0.7024517881313217,0.6768166966517563,0.4358766992471928,0.6953402845731786,0.6955778791584303,0.6754861403309909,0.6963420181821113,0.7581164940018006,0.6895455148357945,0.6749343934149654,-0.359287656993611,-0.4959799146868477,0.730587480948473,0.8407851841767666,0.8301809992504061,0.8629080964598393,0.8589021248873623,0.7605791410618703,0.8152629541553416,0.8363293808862825,0.8300734526414434,0.7102804517347148,-0.009381208905629752],[0.9965771092436124,0.9920605154562108,0.9928000339136206,0.9969982559286993,0.9985665512089384,0.98080846162938,0.9996401836789145,0.9999998389396343,0.9826596419530806,1.0,0.9999991718923549,0.9997890252383134,0.9999985477140628,0.9999922956750048,0.9999979294968978,0.9997085594521254,0.9980033451512075,0.9995031266833198,0.9998920070948272,0.9998919641335913,0.9999791841157136,0.9999993705214332,0.9939945323776306,0.979030047912653,0.996498778427639,0.9748109080837735,0.9965767478327708,0.9920331403089405,0.9822528434101111,0.957034977980657,0.9899364088574265,0.9939134212681577,0.9904766991975682,0.9712709172333427,0.999533978509514,0.9995979444518104,0.9996115392098531,0.9998456747174637,0.9993335801955107,0.9995528807841427,0.9985861252246165,0.9989794664534507,0.999542019813472,0.9995377326259617,0.9861709856517248,0.9415094779306522,0.9543442219212004,0.9581385954254519,0.9416345224775947,0.9059387419508548,0.9503611879002464,0.941962480514361,0.9539539872198851,0.9589223788392278,0.948990299245177,0.9803230200964129,0.9801796035739244,0.992087016424013,0.9966996122411793,0.973695331864675,0.9603357906983975,0.9721850026073473,0.9721051300777995,0.9727491348086518,0.9725760007484159,0.9315877985117139,0.9551666898116573,0.9516503408952572,0.951380750561277,0.9011053003805178,0.9678736852078288,0.9666061654216175,0.9723457988126547,0.9714378533969551,0.9268813827521041,0.8714312692025311,0.8348956263624604,0.8843086775034962,0.9184873465352802,0.9076835685163993,0.9126625939871466,0.9119517956943695,0.7479189743805837,-0.5689217174014027,0.9618584425249214,0.9463034984397337,0.9466275056931055,0.974659639116824,0.9520037961045709,0.9678735915005251,0.9675714677910884,0.9206095236981541,0.9692241561949019,0.9224936564616582,0.7991912933595243,0.9533331302449176,0.9598912490359075,0.8032612826447474,0.9507217080432211,0.9518328043848426,0.9013405073736638,0.9773383076362225,0.9016356686119453,0.44579687693031445,0.6969415850780313,0.9074533552316487,0.8630924051515483,0.9036503586314665,0.9835933794643335,0.9837897129766623,0.7755342587509192,0.737902321172749,0.7787338838406963,0.4400469452243257,0.7396394241845927,0.783141733575589,0.7787706366812126,0.7473870105163343,0.7831316657972786,0.7470979773826953,0.7297602114044645,-0.5331356373184419,-0.6165750043430738,0.7182871867583437,0.8858478579551179,0.920475389310687,0.9397772949646396,0.9066124000234428,0.81967288243617,0.9030831688225786,0.9146882459345581,0.9141872060795242,0.8083616127352258,0.1519551478031768],[0.9947355730415398,0.9920922290227716,0.9967081024118107,0.9953991445761979,0.9981833379405786,0.9771099328970888,0.9996133778368546,0.9999993656551446,0.987343069452672,0.9999991718923549,1.0,0.9997878460561196,0.9999964477026836,0.999995133727451,0.9999984370797378,0.999696260244203,0.9977568088884536,0.9992763206412818,0.9998029453429754,0.9998030078404863,0.9999984823162482,0.9999984639862469,0.9935080234894654,0.9756862326828335,0.995665296127859,0.9829134144445005,0.9962164529418618,0.992045202903237,0.9846050580264829,0.9507300275060594,0.9895196525898623,0.9936403549981059,0.9849211747622442,0.9489874185374638,0.9993454627581861,0.9993971348700469,0.9993431916138964,0.9999040919670069,0.9993188535465437,0.9993527573732573,0.9981162463031152,0.9986355372391684,0.9993237828302968,0.9993217516217012,0.9886731580470695,0.9412586593538858,0.9250190985571094,0.9581083517949065,0.9415804465868414,0.9056913493441698,0.9239357603767588,0.9154014015922878,0.9279770801623676,0.9359233823037095,0.9225191896487431,0.9738037722607221,0.9737822883471953,0.9910411597286919,0.995383555386534,0.9661520388817195,0.9604764229518036,0.9599514136936954,0.9634901176175248,0.9610618739614003,0.9608405425747644,0.9091569040187504,0.945137392462046,0.9176040795407822,0.9171252637746045,0.837747474772315,0.966172822584192,0.9711033304891019,0.9678803009730441,0.9667801979189422,0.9208130530081269,0.8143693785518373,0.7814506738249092,0.8521587181341039,0.9012483361219726,0.8733919997744982,0.8872538824778826,0.8860893557574631,0.7524461815729444,-0.3597656053176821,0.950153902947783,0.9464653034004707,0.9467497070295531,0.9671657903691578,0.9388891865226104,0.9525407817069528,0.9519246142105265,0.895726930236388,0.95494903985069,0.8995381476289525,0.7993570959665453,0.9536145548532242,0.9643417263097387,0.709670771625449,0.9148964646154394,0.9173278176787745,0.861091308630309,0.9860427109324079,0.8491786312360357,0.100088338220266,0.5543636691303541,0.8609704712352779,0.8301761120315168,0.8560875004865721,0.9867673347576091,0.9867823082886948,0.5510609583561888,0.6578044705382332,0.5582858732222419,0.43999870410201947,0.5276464686327885,0.5679794251278536,0.5589353378259425,0.49800438752552323,0.7729435459552336,0.6236846649204378,0.5861060984167394,-0.49321997966813547,-0.5527512994138273,0.7177997863101665,0.8669859912672223,0.8791818405261771,0.9133264818974991,0.9007050717762735,0.700030217463178,0.8587000416555458,0.8730603725617542,0.8724210011625151,0.631250668562269,0.10661277470975927],[0.9939378525179792,0.9932912483186687,0.9958906345608444,0.9948003905912765,0.9980768162273118,0.9762762719031146,0.999644315148729,0.99978458464715,0.9898117082468189,0.9997890252383134,0.9997878460561196,1.0,0.9998016066266449,0.9997884759531134,0.9997934268523984,0.9996908027903294,0.9983586660653683,0.9994567765436567,0.9999729911093234,0.9999727556660457,0.9997928866420118,0.9997975219241879,0.9932176443355533,0.9731858598387615,0.9946443815867119,0.9838095610812286,0.995363336287176,0.9942066447426786,0.9812662720874039,0.9338759133125569,0.9922335534870124,0.9947895798211894,0.9810658855704039,0.9327239576174442,0.9994743345094775,0.9995164302207491,0.999479960879985,0.9996279029046338,0.9996476886490149,0.9994942066708984,0.9980177959143688,0.9986660046730387,0.9994606045500111,0.999457641943955,0.9900489394216604,0.9372311986641858,0.9139423341890528,0.9551203140437957,0.9398457408674221,0.9054900908277647,0.8936050926014445,0.9276256087285998,0.896761268688214,0.9158909004770099,0.8921152319396808,0.9632099635384169,0.963197450174397,0.9829493685233793,0.995096110294242,0.9649102801472991,0.9648704597536262,0.9550745924512709,0.9612354544605088,0.9571900186735022,0.9570283831558609,0.9094012168587824,0.9358871552709342,0.9016318061677774,0.9013313542138447,0.8234083052197089,0.9654214939834367,0.9672646121925775,0.9672546483434031,0.9665664189003174,0.9278875202564424,0.7733739329849174,0.7390658053600568,0.8233747069049288,0.8825017789393829,0.8432247625477262,0.8636246113618363,0.8628910351894581,0.7385262426736918,-0.2252075146970455,0.9442645015852521,0.9482518844397739,0.9439036059998124,0.9655314577107382,0.9386199207628616,0.9473526535069489,0.9465381761687582,0.8943717427194987,0.9493429011794648,0.8970174090394943,0.7585095654408786,0.9513658532775608,0.9453582365256177,0.6007267898464997,0.8668365509089618,0.8708634656684431,0.7673286318803068,0.9805969868014186,0.7444312795161748,-0.26597681383696675,0.30316694912611397,0.767207151324022,0.7245007921129292,0.7611166417045783,0.9816705718241707,0.9817568987834633,0.2602587641304689,0.41818972993926,0.26623669849956466,0.23793696121088712,0.25809563891664794,0.2727565311447965,0.270208391489673,0.18715777387207058,0.5927155220987859,0.32983408002535997,0.27812803111835716,-0.5032931664107332,-0.5520232718350241,0.717766288099904,0.7724002833246185,0.7951467302310515,0.8596318973933642,0.8365788025703569,0.6103508588450045,0.7845272490494113,0.7903324253089102,0.7893797806368915,0.45826425202762566,0.29395908590968495],[0.9965109662585,0.9921388198822888,0.9900614079221584,0.9968664787112999,0.9985824935422603,0.9811613720790177,0.998542387979156,0.9999971129573627,0.9712266007210945,0.9999985477140628,0.9999964477026836,0.9998016066266449,1.0,0.9999917067952486,0.9999976967297005,0.9994219196298707,0.9936649708961459,0.9995405741950707,0.9999236865777125,0.9999234847530196,0.9999743677541264,0.99999900583378,0.9913563427566887,0.9770197224848978,0.9940070199747622,0.948031102871285,0.9945069523458507,0.9921363050530555,0.9776859510879082,0.9555599824761264,0.9889142142779573,0.9939976449806689,0.9927771620326523,0.974431268643083,0.9995356068797736,0.9996411954387483,0.9997278092764639,0.9997589251417094,0.9993747458092694,0.9995844319284208,0.9984291554210971,0.9989967254223229,0.9996077197573295,0.9994825232030049,0.9814409917461593,0.9418594064035515,0.9544589502333474,0.9581954693478377,0.9417988373355919,0.9063575773464965,0.9580017457198505,0.9459577103250982,0.9600632562161643,0.9608258114854019,0.9509869206363828,0.9810630723111773,0.980326632552887,0.9916603271332906,0.9969266603545186,0.9507846668027262,0.9604273276858503,0.9691566254396067,0.9721847130437002,0.9709232719996033,0.9534893379501076,0.8989105414610846,0.9553469825902967,0.9584397914099552,0.9423619100761387,0.8846419050954342,0.967945009841721,0.9425706309838916,0.9669198372346636,0.9514112504902654,0.7999833251835182,0.8716051354011455,0.8040447074627723,0.884642819906834,0.9007429060171079,0.907119962640678,0.8880914520765716,0.8970353432687069,0.4019036633865709,-0.5693768196575072,0.9619507448927903,0.9463861959563122,0.9466978824959287,0.9546334158547173,0.9566627483123998,0.9682394527632325,0.9683147008234319,0.9198242950729665,0.9645917527139651,0.8551275342749237,0.7992232117762861,0.9530413554753415,0.9485764589351444,0.8172234659776154,0.9563012070432029,0.957264548291722,0.9016089591363148,0.977921749398133,0.8368876744125525,0.550397713187979,0.7187296051665868,0.859694780753606,0.8511434897118623,0.8422867290352065,0.9835747565359482,0.9837427744245232,0.7760684042617467,0.7385592116357299,0.7850415245695708,0.4405163695201603,0.7805411559791517,0.7935970457441822,0.7892805765959741,0.7920310310558091,0.7836211415870694,0.7475195708583975,0.7302116979137011,-0.31961256950430605,-0.47096120151592236,0.7195506979234968,0.8863715857174236,0.9198256444646269,0.9350735905077858,0.9070808298881363,0.823178821601927,0.9047226754547586,0.9214329874062873,0.9201759475646557,0.7646876557385439,-0.0757041345926571],[0.9965398289084928,0.9920539950313828,0.992108496352307,0.9969788761754249,0.9985972847239438,0.9816530075086679,0.9995079741426762,0.9999933190058257,0.9795519159155063,0.9999922956750048,0.999995133727451,0.9997884759531134,0.9999917067952486,1.0,0.9999954578741341,0.9996014559419726,0.9979697360361703,0.9995017343719499,0.9999098697246743,0.9999088998845688,0.9999573658361327,0.9999920812641991,0.9932181365541527,0.9774658116750795,0.9962163516505794,0.9689108874894687,0.9960060593938226,0.9920198859441878,0.9782171633260719,0.9558069440195227,0.9893646736103496,0.9941002118574747,0.9920945652112976,0.9739999410089215,0.9995196134342024,0.9995963707285789,0.9996517036309216,0.9998959887456915,0.9993428305886375,0.9995363751114462,0.9983169761520072,0.9989242398318385,0.9995412176998097,0.9995348089193229,0.98402205225254,0.941656778421649,0.9542668472159311,0.9581261693150078,0.941637111552511,0.9059499174246026,0.9535633892089176,0.9397250684416105,0.9558864732850527,0.9602443733902492,0.9502825723061331,0.9797949453795269,0.9800249163343874,0.9910088064280181,0.9969273342325877,0.974741456393096,0.9600910373031962,0.973802007503312,0.9721218275093544,0.974733545102821,0.9745533741800628,0.9405853602761017,0.9549272563909397,0.9571168947534431,0.9568460928349221,0.917571258078525,0.9679004970181935,0.9694863440632093,0.9743297267947179,0.9733591684066087,0.9347983482249727,0.871229349225361,0.8398245724781074,0.8841675587745813,0.9105919845879193,0.9068792228884204,0.9075806350621672,0.9065701547639575,0.7264468324576718,-0.5698656380660949,0.9618877024102648,0.9461602707400916,0.9463692141759389,0.9757236843547182,0.9566850362289345,0.9681706716228106,0.9682702883148993,0.9199457180230105,0.9698853662148568,0.9307754439035276,0.7991461897249831,0.9531455700233745,0.9530940312294468,0.8165823891769656,0.956196234677981,0.9571072580826009,0.9012190739465054,0.9782477053378325,0.8871800455076266,0.5495927738634272,0.7176038961509412,0.8951018766502052,0.8648168583704201,0.8862804312662759,0.9838230205571398,0.9840166111455075,0.7747043188164141,0.7374437668996913,0.8060856288047152,0.4400932800263873,0.7879348576504024,0.8103831673247598,0.8048879242002153,0.7929548100548686,0.7832411290142797,0.745876641274835,0.7285818474029956,-0.40890689711260814,-0.5311324613127285,0.7178654090804425,0.885848904070281,0.9164517504706943,0.9307712908958462,0.9069329921967516,0.8216489728664114,0.8936487332437598,0.9098172273551746,0.9094234383641354,0.842140127900228,-0.042438481947668735],[0.9964637311116238,0.9921082961080185,0.9902686991126326,0.9968348694072958,0.9986004615918136,0.9814196768116079,0.9992517373537994,0.9999983772221142,0.9760859812249941,0.9999979294968978,0.9999984370797378,0.9997934268523984,0.9999976967297005,0.9999954578741341,1.0,0.9995057942916896,0.9972970416430657,0.9995181075111625,0.9999167401746546,0.9999160851343355,0.9999684425240439,0.9999977560111901,0.9915221068106491,0.9772810647877749,0.9955934574543801,0.9607109249372834,0.9953932616460495,0.992098910385654,0.9779412671717436,0.9557826946404058,0.9913791713006537,0.9942498269409522,0.9926473259877019,0.9742286937986522,0.9995034862521928,0.9996041127001632,0.9997050724188753,0.9997750458760648,0.9993463394234529,0.9995429227290729,0.9983687339056125,0.9989487379432918,0.9995745452275678,0.999450871354607,0.9816962612162669,0.9416918705334456,0.954336063064536,0.958261532832066,0.9418168567069319,0.9060664732694893,0.9577203963879328,0.9457021563004445,0.9598096265581345,0.9604724897676236,0.9505305049485079,0.980834651748924,0.9800967992970857,0.9915044371623737,0.9968052548531234,0.9508205544221763,0.9604886577438022,0.9691626039416369,0.9722478058323977,0.9709175836912562,0.9531349986365473,0.899209801641979,0.9551840311503549,0.9582474793680718,0.9422359812596768,0.884688008287919,0.9680964182499289,0.9427682041720524,0.9669794482026727,0.9514764988483614,0.8004277871977203,0.8714317403130054,0.8038856042831193,0.8845199519436218,0.9007281924324353,0.9070508948340109,0.8879510676058189,0.8969218343581644,0.4021896822351702,-0.568947271096235,0.9619958135752473,0.946404426503724,0.9467137367628609,0.9533827928898505,0.9567831873097405,0.9682548763966655,0.9683248616168392,0.9200929910809594,0.9645794940129342,0.8554345668344356,0.7992063018626192,0.9533085907698149,0.9489857432220041,0.8172559160998886,0.9562488127175127,0.957223401240248,0.9010945484606895,0.9780730797687481,0.8364034003650925,0.5490908828857276,0.7179824787425062,0.8592078084608342,0.8507204284189794,0.8418093250237684,0.9836669890240332,0.983832033948589,0.775099610510614,0.7377726480703878,0.7843905258806693,0.44016734876724506,0.7798536921398429,0.7928178500614349,0.7887817598243012,0.7912215139249115,0.7832237740292511,0.7463749334367832,0.7290871354390005,-0.3203311866213994,-0.47156642589139897,0.7193937054993951,0.8857682111294878,0.9194457445410297,0.9345704713580797,0.906640052671464,0.8224299426721813,0.9043195503439193,0.9208637686953679,0.9197276390080206,0.7640941242410695,-0.07490335010776067],[0.9977729875855901,0.9940688029777203,0.9897579405919184,0.9980104314499316,0.9990661582703656,0.9810341785957066,0.9998946911288756,0.9993781916415284,0.9742059103112338,0.9997085594521254,0.999696260244203,0.9996908027903294,0.9994219196298707,0.9996014559419726,0.9995057942916896,1.0,0.9985261201765804,0.9998632620924669,0.9995855473141303,0.9995898739481938,0.9997882821177508,0.9995740287941203,0.9911967225297216,0.9763218187926956,0.9943465892297471,0.9538949625078751,0.9940140012859577,0.9933888779926808,0.9763051526896038,0.9563706145464592,0.9917605767926021,0.992764724055741,0.993464806617054,0.9761707751607002,0.999313390998147,0.999749106230237,0.9997384704073256,0.9996030469637601,0.999647834887266,0.9997083950507447,0.998912437405235,0.9996180718720221,0.9995379780884212,0.9993133036420154,0.9804270473103095,0.9404465193128453,0.9562932338795208,0.9559716674241444,0.9427883646178696,0.9120910215835694,0.9596384796035615,0.9499111819860687,0.9619956996547595,0.9642542721351377,0.9543995212136058,0.9826846113770811,0.9819699691263941,0.9923824186373137,0.9963671191256172,0.9550545647499931,0.963915640159528,0.973663165240255,0.9746641780996967,0.9751744150072782,0.9557956582378893,0.9040745395609455,0.958406549263773,0.9630749621167972,0.9468111091787266,0.8921437149077817,0.9704836672373438,0.947355117991949,0.9710171565490854,0.9555633908202136,0.8081362728446915,0.8765512663038384,0.8079703032148173,0.8896425412914989,0.905364603109335,0.9096189062775208,0.891446251880327,0.9018159947176269,0.41279613726830944,-0.5662948522342699,0.9651212763489435,0.9509718064595093,0.9511558960217816,0.9571953780673506,0.960259892305622,0.9711933576560167,0.9712718203295798,0.9238759284061122,0.9693361891314507,0.8622174984446824,0.8009911763725686,0.945265042508761,0.9417075215454127,0.8195143224490048,0.9563041976496116,0.9571037745728759,0.9012005324436643,0.974892842313765,0.8357205428763093,0.5587246533588643,0.7228054765083968,0.8592528936429149,0.85332791638