var element=document.getElementById("correlationAdjClose");if(element.style.display!='none'){var correlationAdjClose={"data":[{"type":"heatmap","z":[[1.0,0.9999932062104746,0.9853564205381399,0.9999261202587956,0.9990726057628412,0.9858684492147329,0.9978378183394934,0.9959461135460845,0.9691919228285012,0.9962756982317565,0.9943046200536043,0.9938328425083226,0.9960691502663918,0.9961016250631805,0.99599309330168,0.9975742824576567,0.9978347769853552,0.9983469311174035,0.9966069141793674,0.9966173822033948,0.9966736178995353,0.9960240133771852,0.9870835606253759,0.9710722578086877,0.9895532117590057,0.9560808501360851,0.9885252951216983,0.9870078056826352,0.9672227199931395,0.9506946067846308,0.9930442749307132,0.9941273390072011,0.9921723445961463,0.9763838869208616,0.9977430993988863,0.9979833348479633,0.9974915006852061,0.99612471478315,0.9957345191763732,0.9978685561053436,0.9987537809693913,0.9987995324604685,0.9976985845095139,0.9977076613201766,0.9767452451037056,0.9129999732770596,0.9482726284535463,0.9168501101592685,0.9177570590798908,0.8986367868713775,0.9635124217944762,0.9471440894030032,0.9651547431530124,0.9652710900130086,0.9555714001572726,0.9845519872027212,0.9815486125137909,0.9903664384311663,0.9944931778460344,0.9863524655474369,0.9818417059783509,0.9879258490185888,0.9859596909032631,0.988491763918049,0.988293633546995,0.9651208937701611,0.9734720114797011,0.9750387308227345,0.9747120622699568,0.9518083992987378,0.9798242169446725,0.9772009592637892,0.9845508331900434,0.983804120098034,0.9419377133723337,0.8831794734767352,0.8499084071271341,0.8995735382220353,0.9186915622131336,0.9155322578291615,0.9166519345703936,0.915300024129047,0.6814519110527297,-0.5630496988893567,0.9803347580855605,0.9751241381169221,0.9717985631560542,0.9870914555675633,0.9743190435655787,0.9842287924789772,0.9841946865329301,0.9494312143033412,0.9843462635421285,0.9526383986760246,0.7563051041803553,0.8992674631487722,0.9257509609719987,0.7902544284609719,0.9488002448816862,0.9496165222121887,0.8991189633657746,0.9638579909569823,0.8962479648514399,0.6121545332508608,0.7192809130303074,0.9030399483841316,0.8697063438227669,0.8940530887366842,0.9732321387888784,0.9734126939131977,0.7805039116673654,0.7298987678672332,0.8250841164745689,0.4030817984122282,0.8009026178094137,0.829380106526727,0.8246092705536685,0.815551766673105,0.7739782223526207,0.7496911436770383,0.7319742063285127,-0.26598586855527206,-0.40491566333496526,0.6611509879043591,0.8946185648154626,0.9375965581429487,0.9442393497200757,0.9118364231240303,0.8271859203505215,0.9113641396659541,0.9309626602962668,0.9308143783292798,0.8653070565958176,-0.18001675938364137],[0.9999932062104746,1.0,0.9870689328137454,0.9998190460962368,0.9981237774409076,0.9900946724532439,0.9943384393361463,0.9911716508304368,0.9837462443995829,0.9911923106998203,0.9911974873640929,0.9930835938274954,0.991341060457657,0.9911922005430369,0.9912586789200906,0.9936220829736535,0.9964209963736558,0.996044017261828,0.9938577985376728,0.9938581487399242,0.9912524967475783,0.9913000856994676,0.9910457833253664,0.9714863902706556,0.9878369391087756,0.9806361232485161,0.9876941594040436,0.9869057545216322,0.9790947501967507,0.927795087114446,0.9884023458798592,0.9857894083651522,0.9786378162130362,0.9262005980454696,0.9955091961951256,0.9953936802653994,0.995638432113012,0.9918421538618007,0.9950836232888985,0.9956410625544128,0.9969968763036826,0.9971259902554123,0.995619557055211,0.9956267241801218,0.9890910399613021,0.9127381579566597,0.8841824393680846,0.9165426422743281,0.9176933945633448,0.8986115659369508,0.8737904858325334,0.9190116365596654,0.8767631619436422,0.9050186560143021,0.8732223775105535,0.9535670286612122,0.9535301477009434,0.9660714886235611,0.9838365808918702,0.9807051087178404,0.9834488814577117,0.9788586387263141,0.978804407444155,0.9808899383213755,0.9808190046120113,0.9488962108035538,0.9583490413821327,0.9334291214432192,0.9333588458264547,0.8584442017340229,0.9770022597973544,0.9787328977680898,0.978932813783522,0.9785094133515524,0.9483990180655621,0.7403468412858382,0.693078565755548,0.8119026784968651,0.8831487949951367,0.830588440272799,0.8576012083846042,0.8562144533841234,0.6948091896889433,-0.23548918455046497,0.9674460996724782,0.9722254924245817,0.9672492686164442,0.9813607437757802,0.9652568773590832,0.9708751070037948,0.9702023960416125,0.9257014813149359,0.9730089079173179,0.9294929359326566,0.6597452415383299,0.8986126994669368,0.8961191486417355,0.4412476037960995,0.8082125917199536,0.8134119649416276,0.7279341695743209,0.9649104858559427,0.7002459448080175,-0.2781243687274921,0.19819649842609574,0.7280893830215931,0.675750850728518,0.7203302329566407,0.9664546032703141,0.9663903871194408,0.0985864502971982,0.26874464068717985,0.10451468054311969,0.07698200281174462,0.09850083412440262,0.11381924999712537,0.11059059770423832,0.03296751978653747,0.4691232888961198,0.20089355150032367,0.150245690204314,-0.4418713690291766,-0.48459216413693185,0.6611226371386956,0.7510422474717002,0.7753270134306702,0.8347288459187113,0.8227968344885292,0.5632127155815646,0.7470036832810452,0.7698440926955888,0.7686077080205793,0.4198367072734566,0.1926529898347585],[0.9853564205381399,0.9870689328137454,1.0,0.9867817338500575,0.9931066380617396,0.9911886025750666,0.9901859606149462,0.9907844271115079,0.990381189452742,0.9935643080204478,0.9975963682884372,0.996689399894213,0.9906596720757004,0.9929629222560038,0.9908437173368694,0.9902441713727284,0.9909140481944751,0.9903352629944187,0.9894821249785286,0.9894599520819201,0.9924126579107352,0.9906786255037647,0.9944226505452722,0.9827562316664797,0.9912513365624234,0.9798738663292595,0.9917689765824802,0.9859842337190502,0.9851794322690961,0.9559895814641566,0.9703421141536119,0.9744115507036302,0.9761996093836233,0.9512641523511138,0.9874697338415596,0.99056386961207,0.9889272467820779,0.9925139531915659,0.9948840238450747,0.9913407594669585,0.9852877834626529,0.9880094118072582,0.98779193407712,0.9871708823554569,0.9917046358262425,0.9088373935164571,0.9313260755199587,0.9324718951557823,0.9102142511922798,0.8501093671041986,0.9220041478279221,0.9019325433098594,0.9245272145046994,0.9256156601261273,0.9116781754683598,0.9500438405994918,0.9581565248382621,0.9666693106946598,0.9785140879243749,0.9372579452450249,0.9609500881088552,0.9606369150704653,0.9674909907934515,0.9609395123171669,0.935248111394693,0.9163344537166784,0.9412339020886054,0.9323093884603686,0.9139972400376156,0.8859236089223721,0.9677713140101097,0.9457887859858837,0.9606467939206057,0.939440955757306,0.8122243562790203,0.8352593073640118,0.7555262594295894,0.8545457126635165,0.8862999828855973,0.8870031975118552,0.8548254757869055,0.8691335869435666,0.37494419894827463,-0.5554684658812461,0.9568755963815265,0.9411540808221546,0.9414771144568583,0.9374201673157012,0.9511742457348045,0.9599057679473526,0.9594777983901277,0.9287854165364617,0.9552466830352153,0.8679384059995469,0.7369924839183625,0.9475928241662576,0.9470057799022198,0.7626147126574541,0.9344704431596094,0.9362739445612562,0.8719467995420003,0.9800164579845704,0.7770770167557127,0.516918104828765,0.6612024515431706,0.7973342085502886,0.7960274369388589,0.7785606468159603,0.9827928490214827,0.9828488293626133,0.7069115594849616,0.6724997420122979,0.71150513192775,0.34494421462094566,0.6991460248682196,0.7129992059808218,0.7281440448277244,0.7108745565109246,0.7334333345207024,0.6813675188694396,0.662298326516861,-0.3314254795562438,-0.4700238289379193,0.6245750590638688,0.8550759932169057,0.8854529165870838,0.8898315570027071,0.8837177981190827,0.7584094283163818,0.8614943576893115,0.8743357838049455,0.881920996851802,0.7357226029929295,-0.1020687234020789],[0.9999261202587956,0.9998190460962368,0.9867817338500575,1.0,0.9993330432752076,0.9869945529811539,0.9981074014929423,0.9964018406446662,0.9714914838685578,0.9967785368468699,0.9950618177802781,0.9948524432984074,0.9965066992114257,0.9966308796815906,0.996448067060877,0.9978697901138762,0.9981833688321533,0.9986295925883244,0.9970063481328346,0.9970142162455924,0.9971025534909937,0.9964659825450346,0.9883102699919483,0.9724980891357313,0.9905643974179722,0.9587710850556531,0.9896458845997586,0.9886641537062791,0.9692837665127553,0.9519144780883879,0.9923843504510762,0.9936611941006007,0.992106654531107,0.9759141560675433,0.9978470883972824,0.9982040065063948,0.9977423598563434,0.996617856676436,0.9962573353644044,0.9981225835600205,0.998661120548167,0.9988940430350869,0.9977972021513839,0.9978032923659904,0.9786159646768464,0.9088275442658589,0.9460315649632058,0.9174702440832944,0.9161342071683132,0.8912252096916307,0.9605207156491463,0.9437558995027762,0.9620655984903822,0.962665014033082,0.9526725810255112,0.9824220333661838,0.9799801595262817,0.9894986058718965,0.9943324313354527,0.9848584871112132,0.9806620959024106,0.9866132640869557,0.9853274322254422,0.9870985101937136,0.9868926016395477,0.9543268664980104,0.9721724307106477,0.9734955079512186,0.9731653309278346,0.9463186647755465,0.9793497901901812,0.9742031054482402,0.9830500850880141,0.9822656086346685,0.9197075024395828,0.8815501948052283,0.8458520814605485,0.8977443163486787,0.915733393736582,0.9149832687998924,0.9141078049023758,0.9128018474831952,0.5862243749712451,-0.5626743157412711,0.9794511408188361,0.9737692918019011,0.9702639939280601,0.9856002887076962,0.9734990830103634,0.9834098279110107,0.9833690919356395,0.9489218260931267,0.9828485018034148,0.9363034436050683,0.7605835243656746,0.9053267648289238,0.9299537664425541,0.7919736477357943,0.9501459592073731,0.9509918882604793,0.8986503954155276,0.9651739157177275,0.8900378617233853,0.6084587582214727,0.717455674600965,0.8974775484425502,0.8660108833904246,0.8882159479661612,0.9741313963300114,0.9743191641626087,0.7792554825332365,0.7300763776550555,0.8170623590906191,0.40497761342940886,0.7950755408571594,0.8210782215886983,0.8162332826762229,0.8100940251366304,0.7763783050476566,0.7495245373636135,0.7318899148804728,-0.26138198795635637,-0.4041834717854578,0.6601080149450208,0.892589030330361,0.9356258884900904,0.9423355426387722,0.9104775597750793,0.8242776950500598,0.909249314369389,0.9285893158546883,0.9285952425732432,0.8578156640296061,-0.1727999970702701],[0.9990726057628412,0.9981237774409076,0.9931066380617396,0.9993330432752076,1.0,0.9898754299536315,0.9991000670004077,0.9984968591589025,0.9840995134231392,0.9984966455852251,0.9980630854158083,0.9980979237278719,0.9985301153950856,0.9985293991320258,0.9985295643506931,0.9990452595123401,0.9986441600342024,0.9992888200256106,0.9988676657165221,0.9988666555351569,0.9985934817633271,0.9985199966423683,0.994346965961514,0.9801305083238704,0.9947220484934636,0.976514727005574,0.994679669959165,0.9914842262424604,0.9823918455680012,0.9551252055474809,0.9891760904176388,0.9918594863205984,0.9891480218150961,0.9672974204327311,0.9989526492180401,0.9990001347030469,0.999012507794596,0.9986113754547269,0.9986444299493475,0.9989899298117572,0.9989649113614402,0.999191894944645,0.9989500388124143,0.9989488754306145,0.9884671704421958,0.9190763311260276,0.9450797728866501,0.9301948692968832,0.9209655410363937,0.8862413463325298,0.9459629684006193,0.9363163876262777,0.9501866505393116,0.9554310769566697,0.9447885399905825,0.9792155016299573,0.9791567037218657,0.9892102903641116,0.9942126034262438,0.9815351047385904,0.9752049286082535,0.9822645265690879,0.9815003151110349,0.9826122973130128,0.9823726302070902,0.9555300751738064,0.9634197785202033,0.958200766601789,0.9577918899906142,0.9190754123901257,0.9766616208922766,0.97310853795023,0.9791043711219377,0.978260866325849,0.9391374743057055,0.8603495191761017,0.8203909388213664,0.8822622877871092,0.9200068029495536,0.9036411992990675,0.9111501755370139,0.9099878023521052,0.7368441445626379,-0.5780014800468325,0.9731658552407236,0.9635367187522477,0.9609321604312746,0.9824982237846458,0.9639608604285258,0.976848184983379,0.9764535221956107,0.9401247552885628,0.9785264758660207,0.9432102962655925,0.7495803437374079,0.9215991660135432,0.9503387959821317,0.7519054987535295,0.9365127842067986,0.9380807023653013,0.8924969989192189,0.970432041613789,0.8863977148020632,0.45059038447009153,0.6564197902282707,0.8921179930880482,0.8384287731520503,0.8871574752444386,0.9778161489826726,0.9779604060656045,0.7421009015921433,0.7127726583205799,0.7460167303454998,0.3821245341388764,0.6935610508715865,0.7512301225271182,0.7463886140911057,0.7089558535934379,0.7623050791822337,0.7338268702715978,0.7152940253647164,-0.47188326044410844,-0.5523467164981399,0.6534166385473973,0.886536024372017,0.9210463789095441,0.9357292832529961,0.9078321406904244,0.8039998884539187,0.8956749777526615,0.9146052144321418,0.9141444553943087,0.7937894088873896,0.036822128179937276],[0.9858684492147329,0.9900946724532439,0.9911886025750666,0.9869945529811539,0.9898754299536315,1.0,0.9854476690559087,0.9861258232230999,0.9919655278635827,0.9854872254241106,0.9808588080444061,0.9796521998713908,0.9860153408685114,0.9864922415597005,0.9861954405390413,0.9858451598954967,0.9890002812337426,0.9870861754009305,0.986928711432905,0.9869232696239187,0.9850161988506093,0.9861057932874219,0.9956979798028363,0.9929612017397417,0.9871532230034982,0.9856757095040143,0.9872976873312539,0.9763530708488405,0.9874972446170756,0.9718643606246143,0.9650579006168242,0.9703540509691253,0.9783301456087156,0.9659455858118465,0.985173384003958,0.985491036308912,0.9863186834103866,0.9868097743403311,0.9805769741092014,0.985904400090741,0.9843315461430725,0.9859829972644857,0.9853288395619706,0.985335115118497,0.9957132293163531,0.866863223448056,0.9249638290825971,0.8954809408809806,0.908374905065523,0.8715495510668279,0.9208425511282672,0.9088660020200627,0.9232552878754808,0.9357100377635043,0.9188677270075921,0.9533168895854401,0.9582142995055649,0.9636924601122363,0.9738090088380449,0.9697337014459885,0.984778176752384,0.9711527678922306,0.9831159719891627,0.9707649502789053,0.9702055540942415,0.9743545656562957,0.9662250151211391,0.9462099584217855,0.9456796362577047,0.9419178248797475,0.9812841569465258,0.9738251409388767,0.9709547049828973,0.9695393084672638,0.959796334287159,0.8818395020243036,0.8346506263745431,0.8999971414530041,0.9113880102670414,0.9203781471435857,0.9017431478362502,0.8995524021402034,0.7096183914949777,-0.5164557797257737,0.9789625261509572,0.9793084585188451,0.9750713823459736,0.9706963544793314,0.9706940790427042,0.9780135586668001,0.9776118641708487,0.9650236779111337,0.9673700733541353,0.9639356979068558,0.7613609180388655,0.8775362938967812,0.9495079167710495,0.7981624679381668,0.9391045167434628,0.9401971692152928,0.8697026541550218,0.9592296080567195,0.8398297747076973,0.5416480175091198,0.6859715939944911,0.8491699038061038,0.8216727266053592,0.8383831178022192,0.9602413721727312,0.9603221157810556,0.7360184291793149,0.7073817287181444,0.7551782693943991,0.40643461129772857,0.7432699871064343,0.760741413321951,0.7545162771145145,0.7505148166758892,0.7597299633725974,0.71398789167179,0.698859366829459,-0.2897413134366297,-0.4196782833835291,0.6734366703929132,0.8657987965174101,0.8835608217365346,0.8954002674625412,0.8781854276357787,0.7884606093519217,0.8558486686660374,0.8752833493966113,0.8753743002630267,0.8177612330736488,-0.14058740460144706],[0.9978378183394934,0.9943384393361463,0.9901859606149462,0.9981074014929423,0.9991000670004077,0.9854476690559087,1.0,0.9974173662716047,0.9577450844975501,0.9995847824117652,0.9995266355615168,0.9995407568528438,0.9983372323785057,0.9994494794184291,0.9991381321546726,0.9998872369072799,0.9963961813456668,0.9999024956754795,0.9993427233541992,0.999347641219439,0.9996957308761687,0.9992902437368912,0.9908312875977591,0.9748595021177324,0.985314694728503,0.9258754601311722,0.9932348167449764,0.990916614264273,0.973395839392065,0.9493281662805669,0.9916481207965293,0.9917304647697137,0.9931631004833594,0.973279714128649,0.998954872158039,0.9998420367407551,0.9996973451181342,0.9994580490175581,0.9997424285575712,0.9998251670024825,0.9984343513991297,0.9997192091962255,0.9993543731538169,0.9989922325331652,0.9814013232875985,0.9267886661305981,0.9486840535600248,0.9412797779104892,0.9303076605817217,0.8864399869265908,0.9568375890822679,0.9434050003950223,0.9590958526687419,0.9596834388392051,0.9507544490673504,0.9812732960108118,0.9802384549443499,0.9913922908658316,0.9963754733848703,0.9472961493483035,0.9630222148036417,0.9729266106516522,0.9735756603504363,0.9745346542240145,0.947303314589071,0.9037396237291964,0.9545993594135219,0.9605375394820563,0.9383851979059664,0.8931240077967224,0.9669630958781988,0.939118339408476,0.9673452542339143,0.9476453275348352,0.7741085737318717,0.8545317629715832,0.7767477605738561,0.8698136501832102,0.8892883459681061,0.8938246822775049,0.8724551991891933,0.8846052893949897,0.32589440230627825,-0.5963160414176234,0.964328282523748,0.9493830836685829,0.9481981485152107,0.9489982105180128,0.9604894696958217,0.9708460002003787,0.9708882331996502,0.9301016972021335,0.9673926045393684,0.8468322659016339,0.7445563125486971,0.9221349970141375,0.9295673985089454,0.7805953179260485,0.9482080703778516,0.9492302149441304,0.8955481361292142,0.9697900464867809,0.8321203430679184,0.5997146913714088,0.7091735674639302,0.8550035263152252,0.8459170230465454,0.8365391501597351,0.9779630138232737,0.9781622422395171,0.768578589130925,0.709954511422603,0.7821834290837286,0.3768615507787801,0.7731018852860736,0.7933381220920803,0.7889696869266871,0.7907675866467189,0.7589329646851891,0.7392932211678118,0.7198925917483037,-0.27716945893477324,-0.42734914621513836,0.6703917714491894,0.8896947686616261,0.9253438827291738,0.9417476918452964,0.9127198400021103,0.8241556148658835,0.9102034178344067,0.9305424677638936,0.929240849170308,0.7757548906221539,-0.1382923271291187],[0.9959461135460845,0.9911716508304368,0.9907844271115079,0.9964018406446662,0.9984968591589025,0.9861258232230999,0.9974173662716047,1.0,0.9687597217112981,0.9999998195886456,0.9999992561021271,0.9997238557409878,0.9999970261970691,0.9999920910687919,0.9999981141300969,0.9992742506710042,0.9909107837574599,0.999410353277232,0.9999026857579848,0.9999022785989543,0.9999622691532576,0.9999987251398113,0.9911751294266606,0.9762835322529833,0.9924996629455396,0.9400431563298439,0.9937377649913715,0.9888734710643223,0.9755894429947966,0.9484566223205249,0.9879295989806257,0.9938183122013489,0.9916306137798856,0.9699746701867179,0.9994523675262414,0.9995415985841335,0.999653477465005,0.9997257104281372,0.9991144501756858,0.9994673088975681,0.9981295118200882,0.9987386983879363,0.9995232614530953,0.9993852880681565,0.9830071591692188,0.9266376273591539,0.9458047137355716,0.9456659764966739,0.9283050299696327,0.8745104639596595,0.9551148757543508,0.9387027144087995,0.9569932967903562,0.953675847132031,0.9445022009686602,0.9792297108731901,0.9771647653734474,0.9903329730505557,0.996973507555741,0.9421724183124829,0.9585178053641851,0.9662375294368203,0.9703247621545212,0.9682510346839652,0.9455157264001841,0.8954200594284293,0.9496023235989619,0.9535222615454357,0.9328184498276998,0.8803320508188773,0.9640745876345926,0.9326959491175787,0.961676169332028,0.9428775430174957,0.760570167237979,0.8460803754163958,0.772171372863125,0.861438738399161,0.8818013568100513,0.8889858150750224,0.8678947915682412,0.8775540636111798,0.3076454745186428,-0.6009879351426843,0.9599096027813727,0.9422173542132114,0.941741050463243,0.9469744926152263,0.9555709307680392,0.966501692627252,0.9665331283255044,0.9248235875449272,0.9602693090143023,0.834930034784509,0.7412261220160683,0.9374430118082029,0.9407363608831918,0.7765397500426505,0.947881349934292,0.9490639827852883,0.8929780575040428,0.9739467696813651,0.8352610622346481,0.5853922069386395,0.7002301053661558,0.8561505710431906,0.8427826099667173,0.8388939680733016,0.9805598414736407,0.980763592789854,0.7593615316839599,0.7019326008076503,0.7836369095096464,0.3637439585699888,0.7679137427021101,0.7888168561731912,0.7895398360483794,0.7851615649095774,0.7524253033493923,0.7333303838153449,0.7133238246171222,-0.29324407725587354,-0.4423993553842636,0.6554531197193192,0.8818856848343972,0.9228812317607791,0.934126824537353,0.9067893728187898,0.8131985751766814,0.9037300966731437,0.9242417646311913,0.9232218019893064,0.7565076792979645,-0.12111861208486055],[0.9691919228285012,0.9837462443995829,0.990381189452742,0.9714914838685578,0.9840995134231392,0.9919655278635827,0.9577450844975501,0.9687597217112981,1.0,0.9837527943900083,0.9877883304662998,0.9898325713386574,0.972463533491691,0.9807808964630668,0.9773852067649966,0.9751712172318757,0.9489225357496778,0.9798858576352102,0.9781196498493193,0.978090131246833,0.9822187282574563,0.9772698634855859,0.9940251197162245,0.9921061407006494,0.9816451161206332,0.9878138947190378,0.9846265749865234,0.9891828251768562,0.9899642480775548,0.9649046865269559,0.9288426101943902,0.9504066909204236,0.9655265615559818,0.9473519910667486,0.9718220768286769,0.9800973121191424,0.9769150492249122,0.9792851313467379,0.9878627087105755,0.9811992404033582,0.9676285774438858,0.9769181281270132,0.9726555147865364,0.9716168705923153,0.9988980868611106,0.8849802000885765,0.9151836068878432,0.9351552642618918,0.9235875785303611,0.8457121918819571,0.8855839818711881,0.8796315475994112,0.8892946784788861,0.9089924335120083,0.8914654702832949,0.9292093484014604,0.9442886457437261,0.9498728223022866,0.9629455954840931,0.8954708482939128,0.9616826401151857,0.9388414082014835,0.9606443220366475,0.9389295767060211,0.8934005913139781,0.9032020747715982,0.9337944104750111,0.9065522317646443,0.8694889920811937,0.8660551878460233,0.9619193480050042,0.9113731857362823,0.9375688896165212,0.8984628804741652,0.7963598023095873,0.8267433056986576,0.7092756506466524,0.8481713160273847,0.8658422516028896,0.8793529712446859,0.8277783186525304,0.8463592249169236,0.34961732119748484,-0.5423998462158728,0.9503787999941289,0.9433379148984462,0.9400545625409603,0.8947875087145967,0.939710865382437,0.9487875590972038,0.9481938977777069,0.9301475089393725,0.9328590266900201,0.8516272883224989,0.7433882326397463,0.9288939792398656,0.9562651625014087,0.7704957105147823,0.9276207730424058,0.9293775382924442,0.8499834878972659,0.9677993524119896,0.7442014892669417,0.48114702193354847,0.6427919023982116,0.7757151813658674,0.7736668277650667,0.753873211633804,0.9673054189106791,0.9673326276749475,0.6882421317622609,0.6617494735402266,0.6774666798405669,0.3523233164439513,0.6816900591532193,0.6921596152927332,0.6782631953519527,0.6900384061105937,0.7267684411831693,0.6768698726348484,0.6590457542227067,-0.3387701235262487,-0.4738393560475375,0.6708960982944477,0.8415641324371266,0.8393479229107815,0.8657673069964621,0.8644547635240287,0.7527724641291837,0.8177322302907911,0.845200618033465,0.8392223044224837,0.7089289336091755,-0.061663483773680104],[0.9962756982317565,0.9911923106998203,0.9935643080204478,0.9967785368468699,0.9984966455852251,0.9854872254241106,0.9995847824117652,0.9999998195886456,0.9837527943900083,1.0,0.9999990898645749,0.9997290995938817,0.9999984828365911,0.9999907857593058,0.9999975997228329,0.9996520434560775,0.9977213875287326,0.9994035130046661,0.9998730397883295,0.999872977639367,0.9999753943045597,0.9999992536598604,0.9937614089495539,0.9776834920213286,0.9958285334531246,0.9736691459558491,0.9959227972580668,0.988846435642359,0.9798536083871101,0.9495615830723778,0.9892181303761177,0.9934563631641454,0.9889290395232095,0.9661667552950185,0.9994631002159949,0.9995316226300534,0.9995423494406587,0.9998172370787886,0.9991290254270244,0.9994751642966136,0.9983109356714548,0.998776007154268,0.999465409115731,0.9994602142994797,0.9872567150392463,0.9266915355609839,0.9458423247237501,0.9455126304679833,0.9281235835718917,0.874665632116725,0.9438163799662784,0.9307965575661789,0.947436741355823,0.9515529996483154,0.9422416379688098,0.9775047656434533,0.9771986979831978,0.9907572748663424,0.9967330280532225,0.9713539497985726,0.9584131816995025,0.9721584778173215,0.9702670777271934,0.972593383363248,0.9723154520928234,0.9431871041885685,0.9495113819890844,0.9484267177419687,0.948070454446867,0.9075657121164078,0.9639838680830669,0.96335466693337,0.9691574867828422,0.9681248175425168,0.9257079545626812,0.8461392462439614,0.8002811362876923,0.8611899477609504,0.9026345142839891,0.8887813256634968,0.8951716823718873,0.8942572262227435,0.6878643189929075,-0.6126136835766578,0.9598448401414144,0.9422310933929989,0.941762581432392,0.9725554437405464,0.9506896125765975,0.9660602497125442,0.9656467933616761,0.925397892933262,0.9679797605451544,0.9288022874957392,0.7412451888439046,0.9370908030686691,0.9532139956905933,0.757677599417518,0.9407098568145625,0.9420754152380671,0.8930489722705781,0.97303115717367,0.8940953188193089,0.4870217807500155,0.6741269596105015,0.8997932437036379,0.846728243078499,0.8950483410188497,0.9805109468898018,0.9807490548136988,0.7594293870678338,0.7016410343933226,0.7625801097041085,0.3638799226270115,0.711635664035361,0.7677460328615725,0.7629893277916286,0.7283987223275339,0.7521333117168948,0.7332741674947597,0.713238322490196,-0.5179951420409729,-0.5992616822357294,0.6551780541314233,0.8819913559957873,0.9226217727578575,0.9373333770565299,0.9069430245805811,0.809365347635303,0.8966127396118064,0.9159507602169144,0.9154040156494376,0.8051432834005184,0.1049642711300448],[0.9943046200536043,0.9911974873640929,0.9975963682884372,0.9950618177802781,0.9980630854158083,0.9808588080444061,0.9995266355615168,0.9999992561021271,0.9877883304662998,0.9999990898645749,1.0,0.9997291044779141,0.9999962085223765,0.999994396595423,0.9999981806898252,0.9996287134598296,0.9972779465511522,0.9990949794595382,0.999759318887017,0.9997591230690263,0.9999983296652222,0.9999981970719171,0.9926114760682808,0.9716752304587852,0.9947260197515295,0.9812267745143051,0.995365323391743,0.9888636201032788,0.9813496031583098,0.939260924747418,0.9875981550940549,0.9924779346349321,0.9815770586296038,0.9370011212036499,0.9991918672099794,0.9992531869234801,0.9991840218851752,0.9998840748932588,0.99910961002154,0.9991947862515509,0.9976380263634042,0.9982945555243629,0.9991591705346775,0.999156273844664,0.9890408944206177,0.9263687900852312,0.9070023142255282,0.9454373848369766,0.9279909025417213,0.8742871238053944,0.906919880069331,0.8932892314536577,0.9119739605886837,0.9199563829156678,0.905051285296681,0.9679027566312692,0.967872158974185,0.9896655311335367,0.9950148552124656,0.9631115665875004,0.9585107823469282,0.959629885349147,0.9595360377230954,0.9615294493518947,0.9612459473968531,0.9171245279899913,0.9382724864635668,0.9135330659611645,0.9130138930591619,0.830719683615488,0.9609927318254899,0.967541845333649,0.9634548417330583,0.9623163985474087,0.9150693164809477,0.763082508377979,0.7182455951651138,0.8141255116445157,0.8755142713069662,0.8389555329610663,0.8571945236793386,0.8556546318349961,0.6781838713748992,-0.43888412180983305,0.9450287657672485,0.9423350773226641,0.941829610268747,0.9644758439595694,0.9358663585016016,0.9484262652807536,0.9477026813506582,0.8918967558422921,0.9517640637312622,0.8981060051236995,0.7413907292594326,0.9374752130145368,0.9557303166007529,0.622971469685506,0.8922243094164644,0.8953348670537515,0.8470510966685605,0.9839234862980667,0.8345523406534819,0.15403547328976655,0.5179035366449569,0.8470184258981093,0.80987861564357,0.8408293897052169,0.9846472795945077,0.9846610137538802,0.49283958361306074,0.6034411551896423,0.500225924243729,0.36377426478661573,0.46366749509797095,0.513190435088782,0.5021913484446624,0.43848657331826096,0.7386703831838718,0.581790641669638,0.5410129624490103,-0.48380154311731033,-0.5375198067139949,0.6545221259900644,0.8601749014519486,0.8730902727646223,0.9019661595426427,0.9004159647867911,0.6546683746507074,0.8349340534208921,0.8647207449705033,0.8639325703386488,0.6057001173960749,0.043264212885736876],[0.9938328425083226,0.9930835938274954,0.996689399894213,0.9948524432984074,0.9980979237278719,0.9796521998713908,0.9995407568528438,0.9997238557409878,0.9898325713386574,0.9997290995938817,0.9997291044779141,1.0,0.9997441940061288,0.9997272877030586,0.9997348433380434,0.9996268570289698,0.9979176360447407,0.9993093231471841,0.9999654033312583,0.9999650705070157,0.9997337762328408,0.9997403065510246,0.9917734399149187,0.9665389892436705,0.9931713450612608,0.9811520567075643,0.9940644158164036,0.9919509853468838,0.9762275539098152,0.9153901597393084,0.9901362571601158,0.9933791266482563,0.9762103007961792,0.9134174346949453,0.9993178715181651,0.9993741246467013,0.9993275552949005,0.9995244553294292,0.9995481083555636,0.9993468111544928,0.9974292934692708,0.9982979219707552,0.9993026260360659,0.9992990305235343,0.990003973592715,0.9211935744875451,0.8911672670879134,0.9421928997309227,0.9275047291084139,0.8743872289549373,0.8655660355506276,0.9064265455296174,0.8699132356243255,0.8905655916057429,0.8633457962204172,0.9537435006880388,0.9537181978634953,0.9792094333570299,0.9940177809404345,0.96156262300938,0.9630855451150895,0.9549614564023821,0.9568389122732199,0.9583650205683308,0.9582075817172916,0.9167413110280688,0.9288320963211715,0.897905956614149,0.8977720151002115,0.8095586478318428,0.9588681768614898,0.9614890827002881,0.9616121504595637,0.9610474752820808,0.9206030429959174,0.6936854357680426,0.6428705830756553,0.7668729485765483,0.8455285379417027,0.7901588966847672,0.8187982347982709,0.8177970650169271,0.6423032557745249,-0.3520840867689128,0.9384287066084632,0.9456610875481078,0.9382067323004667,0.9626391397783204,0.9357844262092231,0.9429508012295488,0.9420319022203327,0.8877086593870186,0.946146973267259,0.8928087128798808,0.6793713174233689,0.9344450104380456,0.9286283342051124,0.45849588140405917,0.822083682200601,0.8275700586172405,0.7281635662614957,0.9763690179893312,0.7036306541039534,-0.220112233014359,0.2397713846384787,0.7281944358850586,0.6819229740381543,0.7215073305441843,0.9775572313794382,0.977627241922032,0.14914568616340992,0.3052907068710543,0.15358464022666352,0.12582112734851356,0.14587955343055445,0.16342241051354886,0.1609023833869911,0.07778235816423533,0.5017280250652131,0.23284636381204152,0.18008906582197529,-0.5079956885833286,-0.5498379486970281,0.6552404750927113,0.749720948891514,0.7739897634906038,0.8359409170910205,0.826158095944929,0.5504781565278929,0.7436131649870134,0.7687620542612956,0.7676059474395677,0.4187293155835079,0.237847554472555],[0.9960691502663918,0.991341060457657,0.9906596720757004,0.9965066992114257,0.9985301153950856,0.9860153408685114,0.9983372323785057,0.9999970261970691,0.972463533491691,0.9999984828365911,0.9999962085223765,0.9997441940061288,1.0,0.9999905972972267,0.9999976698668424,0.9993262840446794,0.992671479878223,0.9994536570032312,0.9999121953680952,0.9999119950796632,0.9999695196592484,0.9999989293181669,0.991073537112723,0.976123803023986,0.9931621593017671,0.9449772694271628,0.9936931262558315,0.9890112160491958,0.9754055562121277,0.9484379645484118,0.9888326509102533,0.9938923387864455,0.9917233202628787,0.9701305968807553,0.999495056357059,0.9995828951801956,0.9996851108726387,0.9997264196005032,0.9991835560434992,0.999510420556576,0.9982190162633205,0.9988109864888002,0.9995665513650641,0.9994288860361394,0.9827894238747941,0.9269374418335992,0.9459956364856827,0.9456217717827146,0.9285082430494483,0.8752858345338956,0.9554685219130076,0.939114393779731,0.9573526618761048,0.9540455678884006,0.9449151603346891,0.9794850151805504,0.97736174202472,0.9904767186523351,0.9970468300113916,0.9424722157320348,0.9586413474536345,0.966503341125901,0.9704391569187474,0.968513502751435,0.9457661562753483,0.8955281030648581,0.9498365766742007,0.9539146537483476,0.9332383172131922,0.8806865863341803,0.964139951364131,0.9328953626812342,0.9618827538668839,0.9431573391401603,0.7606126526684664,0.8464898704340953,0.7726935017278489,0.8618285415866425,0.882099403355809,0.8891974718950982,0.868275351761002,0.8779410424969496,0.30789411466413275,-0.6009595160610334,0.960084242333628,0.9424984793360137,0.9419842916532024,0.9472121552176137,0.9557614232407973,0.9666893559122813,0.9667225089488756,0.9249500921825344,0.96055544248451,0.8350863331459211,0.7413617485403666,0.9367511949145579,0.9402200834605493,0.7766867498193627,0.9479144051981968,0.9490882188108487,0.8933177772135891,0.9737912754515713,0.8357305953176086,0.5864499952504193,0.7008999245718123,0.8566112602665964,0.8433132835078334,0.839360213134967,0.9804864864750803,0.9806901051769069,0.7599953841034766,0.7024953491740195,0.7842318829379212,0.3644885926008333,0.7685932544328694,0.7895033151751274,0.790145386807374,0.7858709640992825,0.752795789103269,0.7337837642206143,0.7137990772970451,-0.2922723708936444,-0.441529438278146,0.6559512669513505,0.8824045909825151,0.9233293180489119,0.9346526527752677,0.9072562754334724,0.8137631115097687,0.9043025010825669,0.9248051409530477,0.9237735893160232,0.7571862739933658,-0.12214869282172275],[0.9961016250631805,0.9911922005430369,0.9929629222560038,0.9966308796815906,0.9985293991320258,0.9864922415597005,0.9994494794184291,0.9999920910687919,0.9807808964630668,0.9999907857593058,0.999994396595423,0.9997272877030586,0.9999905972972267,1.0,0.9999946189405237,0.9995281633893901,0.9976426381326954,0.9994077025228667,0.9998959538287112,0.9998948744340987,0.9999501413412213,0.9999907078866409,0.9930785611092516,0.9765327830755879,0.995550064711533,0.9676792956555801,0.9953236540056596,0.9888067973198404,0.9756955923829093,0.9485847806012386,0.9889413523216926,0.9938404287547359,0.9909332195969104,0.9695861145507714,0.9994637431904035,0.9995339779527964,0.9995994691210653,0.9998784878470833,0.9991407498565491,0.9994563349443685,0.9980439257830207,0.9987267440251071,0.999480153114933,0.9994727223232304,0.9852552221885844,0.9268581892559035,0.9457283637107751,0.9453695222252766,0.9279465719293066,0.8745763340582164,0.9491542597114302,0.9306062058952682,0.951305705226587,0.9533828687007445,0.9442000652591375,0.9776332905349309,0.9770181333815875,0.9896619042791233,0.9970445225485908,0.9715315514750696,0.9581744362603247,0.9721281376009312,0.9702642168058521,0.9731326859905085,0.9728416282165315,0.951829238268584,0.9491895145749888,0.952845090629415,0.9524709438116483,0.9242176841133715,0.9640164883397454,0.966260979762247,0.9708049945693327,0.9696328225154176,0.9352549739044194,0.8457725502287758,0.8082335352954584,0.8609074758400956,0.8936563585757147,0.88872690771031,0.8898271923268896,0.88859069025853,0.6656070119975711,-0.6013349662691286,0.9598566632636845,0.9421202532211682,0.9414978897693299,0.9727384818531237,0.9556108822709999,0.9664622822526183,0.9665520374774748,0.9248340392340693,0.9669958913361449,0.9370710010621531,0.7410486569889856,0.9367610154165105,0.9462817508701525,0.7755698301193468,0.9477203913930027,0.9488249279468243,0.8929220749451482,0.9741604814724346,0.8836638887447054,0.5857325418739707,0.6997219004884062,0.8912210645680588,0.8553804853833684,0.8817620359542698,0.9807831258868775,0.9810181361546008,0.7584981103082076,0.7010384365524589,0.7993798106245183,0.36381469447672,0.772125890064505,0.8040115633655381,0.7985270070491282,0.7838752805512339,0.7521959100289334,0.731902903012384,0.7119073284509569,-0.3848221065902572,-0.5054238136278808,0.6543748344737023,0.8819960834843152,0.920081073342484,0.9299908131703382,0.9072953548510299,0.8123005631260162,0.890767917710858,0.9129148571228096,0.9124984102808884,0.8431313123490675,-0.08928968685279837],[0.99599309330168,0.9912586789200906,0.9908437173368694,0.996448067060877,0.9985295643506931,0.9861954405390413,0.9991381321546726,0.9999981141300969,0.9773852067649966,0.9999975997228329,0.9999981806898252,0.9997348433380434,0.9999976698668424,0.9999946189405237,1.0,0.9994219802268778,0.9968653162261344,0.9994275285399462,0.9999058390287597,0.9999051235179486,0.9999635245126819,0.9999974904211958,0.991219404060325,0.9763474169255849,0.9948994618721089,0.9590121713745464,0.994707886598453,0.9889590576869648,0.9756432924499511,0.9486321700960211,0.9912872057607734,0.9941672830637444,0.9915759753079708,0.9698766323990167,0.9994649975952409,0.9995435916261272,0.999661369693463,0.9997421093286925,0.9991458084304445,0.9994651432287212,0.9981563538927988,0.9987564210995199,0.9995340370148565,0.9993989735861842,0.9830042683308481,0.926718831928336,0.9458260554567659,0.9456618597858338,0.9284329410361253,0.8748423546524693,0.9552000870102042,0.9388455470054732,0.9571117441900504,0.9536249548637887,0.9444196762379881,0.9792592887072479,0.9771100674068851,0.9903030209601321,0.9969375985981271,0.9424840435923313,0.9586136213281483,0.9664130170716464,0.9704019743505019,0.9684115107838435,0.945307265948643,0.8956453743124424,0.9494963961226467,0.9535891624177174,0.9330427214724029,0.8804684073520701,0.9642261312669869,0.933061474757061,0.9618902446599386,0.9432045847994535,0.7609342477207881,0.8460620636599061,0.7724455220369075,0.8614648147041616,0.8819785058876884,0.8889842704975361,0.8680540207070957,0.8777301223164607,0.3080096193255405,-0.6006851861383445,0.959991209546481,0.9423797092545189,0.9418816530833201,0.9455548229964608,0.9557521202191619,0.9665819815972092,0.9666100802932575,0.9250153382172532,0.9604455829542927,0.8352098037648327,0.7412637997317245,0.9371114451940933,0.9406257558417342,0.7765246855711627,0.9478000417094741,0.948987198655159,0.89279513348925,0.973965410068169,0.8352993784571054,0.5852272627638966,0.7001181612916477,0.8561661843360324,0.8429164543672176,0.8389292380087685,0.9806036670637729,0.9808042365054339,0.7589604702217027,0.7015727182311358,0.7836217614492517,0.3640211588701257,0.7678944317366548,0.7887395662225684,0.7897043326713229,0.7850633650443266,0.7523386447678573,0.7325632297879763,0.7125917639157581,-0.29304978721381775,-0.44220071633519803,0.6557156703629831,0.8817945007729556,0.923012228326067,0.9341757772977484,0.9068322608602835,0.8129959349512316,0.9039433780059268,0.9242856179947171,0.9233838568592199,0.7566111297945486,-0.12140463436237665],[0.9975742824576567,0.9936220829736535,0.9902441713727284,0.9978697901138762,0.9990452595123401,0.9858451598954967,0.9998872369072799,0.9992742506710042,0.9751712172318757,0.9996520434560775,0.9996287134598296,0.9996268570289698,0.9993262840446794,0.9995281633893901,0.9994219802268778,1.0,0.9982981111241171,0.999838676299643,0.9995169874155438,0.9995221331802234,0.9997507311023477,0.9995019497732974,0.9908318240854187,0.9752553073367196,0.9934476138978534,0.9508124743553074,0.9930825767574416,0.9908148551478665,0.9736307222957074,0.9492049712804985,0.9917879200582453,0.99252715527569,0.9925249221220548,0.9721644055620344,0.9992444067240612,0.9997243652232316,0.9997005135924714,0.9995409269677027,0.9995537457377417,0.9996769820310236,0.9987947164612626,0.9995532341414813,0.9994890913398073,0.9992374340235799,0.9814774921714874,0.9254154949036655,0.948147618616365,0.9411816216453308,0.9286333384353023,0.8825963987495026,0.9574348528561213,0.9437275551835008,0.9596498479948546,0.9581612709542361,0.9490639616741651,0.9814169195569225,0.9793945547255789,0.9913402929078514,0.9964173882152475,0.9474834155894742,0.9623496652038722,0.9719699449798617,0.9730692374308115,0.9736792827559089,0.9484332603370104,0.9022168689308528,0.9530347521289846,0.9594367610707719,0.9384761616054081,0.8901166942787011,0.9667465273260725,0.9385804402606476,0.9667507012981926,0.9480218888672373,0.77068090428674,0.8522078635674026,0.777327866329406,0.8673022586635395,0.887636790342555,0.8920797765462283,0.8722010751912607,0.8835897384765358,0.3205972040619708,-0.5972250790229369,0.9634640372521079,0.9478212105785175,0.9469545965664291,0.9501749085039219,0.9600934590010146,0.9700734547356452,0.9701524678735384,0.9296273283275079,0.9662928658547446,0.8441602422985125,0.7428904963694145,0.9259686678956905,0.9318321085954264,0.7791540487751262,0.9478671418576178,0.948836287922097,0.8931582839835509,0.9701591138292647,0.834547655832148,0.595649456321