var config = { responsive: true }

var correlationClose = {"data": [{"type": "heatmap", "z": [[1.0, 0.9999845741529269, 0.9772585235433006, 0.9996902731027612, 0.9972700072695533, 1.0, 0.990186304057708, 0.9854491975447514, 0.9907813409908187, 0.9725885551036628, 0.9796195303394534, 0.9902336465878351, 0.9903931677309001, 0.990303303028826, 0.9903556892598757, 0.9932115482473631, 0.9934428704129316, 0.9913892837397174, 0.9913755678782931, 0.9913603203598861, 0.9902224346393619, 0.9773262076208857, 0.9642385724932118, 0.976346736264812, 0.9763203826579584, 0.9516443690509306, 0.9528025654786092, 0.9436322846987325, 0.9898879499515816, 0.9898462239415112, 0.9857635005057571, 0.9739854381660231, 0.9933299609818136, 0.994257521899005, 0.9933471822120548, 0.9915877379220795, 0.985981609281046, 0.9939430843797085, 0.9938892855749898, 0.9948145957045819, 0.993535479347224, 0.993522645967118, 0.993535479347224, 0.8954260656892251, 0.688769582506795, 0.8601776033453897, 0.8882711181352714, 0.8062953257544344, 0.9633973178039743, 0.9288951477099386, 0.9538107759436876, 0.9487737962889351, 0.9517668108774902, 0.9779381685976779, 0.9718758605006587, 0.9085504465190849, 0.8985761925552378, 0.9282084936033146, 0.8996568050347014, 0.9246440044867192, 0.925516047140378, 0.9246440044867192, 0.8315820038320685, 0.9025381105274877, 0.9037131937901146, 0.9025381105274877, 0.8843897493091646, 0.7123321249355423, 0.86088042565698, 0.8626756813573832, 0.86088042565698, 0.6005305805063827, 0.4875461688461128, 0.5756430384192116, 0.728585091235112, 0.46485125603772703, 0.5284876813168, 0.5304117914408074, 0.5284876813168, -0.5988271004335525, 0.8717088773311144, 0.9023212737030024, 0.8839932613929504, 0.9100677640060424, 0.9348440827513115, 0.8697433335329974, 0.871160094188479, 0.8697433335329974, 0.8820172347254981, 0.8820172347254981, -0.1732164615728201, 0.5130156193591113, 0.20886062847187162, -0.5180453126761196, -0.5466363498020613, -0.5504743628722413, -0.0032017770206621706, 0.03515223503018881, 0.28270025489434814, 0.18612489967379836, 0.11069229122075688, 0.08547361655198057, 0.11204500671542314, -0.18061743427635643, 0.10403330208441015, 0.10434729477560893, -0.5203239897603142, -0.41697713275839454, -0.18069005889565726, -0.4626710816605495, -0.3461174761896901, -0.32112283682330356, -0.3116478582521869, -0.32112283682330356, -0.16919248617623064, -0.22592127189693886, -0.22592127189693886, -0.5266666547061585, -0.5266666547061585, 0.4004142036345474, 0.6675324397304264, 0.877921572211278, 0.8561294492097687, 0.7953913847643748, 0.6757826971298283, 0.7756384981676084, 0.816394664350498, 0.8166135097007862, 0.816394664350498], [0.9999845741529269, 1.0, 0.9647685117919698, 0.9991210405889913, 0.9928401860744045, 0.9999845741529267, 0.9749251379916408, 0.9645838488589598, 0.9746614098518995, 0.9549495033978949, 0.9770892839986611, 0.9749802661673863, 0.9749323092568821, 0.9747278441550458, 0.9738619501553796, 0.9834984353432885, 0.9820055544494134, 0.9810872240844137, 0.9810533912051732, 0.9750568623327016, 0.9750459543970462, 0.9799091626583757, 0.9640238008987678, 0.9670459933932063, 0.9671298008977602, 0.9519690344835605, 0.9719576465053071, 0.9242238300478129, 0.973919700248883, 0.9739846769061521, 0.970093655475541, 0.9157895288095506, 0.9859155772798072, 0.9860220932825826, 0.9868855279847221, 0.9775969484552022, 0.9840409260457155, 0.98590340426968, 0.9866373146610155, 0.9864153083528736, 0.9870104451409676, 0.9869870126193772, 0.9870104451409676, 0.8955957575457661, 0.5968300643435112, 0.8609908786446737, 0.8890012269422466, 0.8054906764606995, 0.8595006489244545, 0.8806276948215148, 0.8491201964230337, 0.8675384019293755, 0.8557013251140886, 0.9367538630130415, 0.9368216633709872, 0.9121202537409757, 0.9234647039741595, 0.898113998287199, 0.8978101484334422, 0.9055599320248731, 0.9064003659643022, 0.9055599320248731, 0.7516290462760646, 0.7115882312981328, 0.7136128652229343, 0.7115882312981328, 0.9169499879675657, 0.9227912715644966, 0.9166430567478819, 0.9180431706895331, 0.9166430567478819, 0.41040304235658615, 0.35511127879017323, 0.4778252187429241, 0.579120236933313, 0.4545324130928428, 0.5002888478109583, 0.5015727103860758, 0.5002888478109583, -0.19990195080240206, 0.849761780929663, 0.8897480635768624, 0.8745590651819436, 0.9200339305411034, 0.9216111273204433, 0.8427257117916892, 0.8431894755674548, 0.8427257117916892, 0.8551257431254042, 0.8551257431254042, -0.2806001867130821, 0.513818086691589, -0.3781307125210364, -0.45971048985844265, -0.45911487110533605, -0.4625552151405925, -0.27148551549515965, 0.2059513971198864, -0.18804011319390715, -0.34878452827692974, -0.19954157522524169, -0.2542184926171848, -0.27868256979704875, -0.3072617253923943, 0.07805321250799732, 0.07274361241500538, -0.47352641867181194, -0.42565739597678154, -0.4534218105296224, -0.483199866614354, -0.4757160033018588, -0.45639553115576015, -0.4595835857085615, -0.45639553115576015, -0.3534285095609624, -0.481510476340904, -0.481510476340904, -0.46040993371139033, -0.46040993371139033, 0.3998930141991921, 0.43462791335436957, 0.5274615279702409, 0.6114970484063533, 0.5879636963455889, 0.26449763565309903, 0.4037484321078188, 0.3982184421899764, 0.39834128272423425, 0.3982184421899764], [0.9772585235433006, 0.9647685117919698, 1.0, 0.9813122826667406, 0.9909928262179433, 0.9772585235433007, 0.9853674935774969, 0.9834877074346949, 0.9922764086653959, 0.9343075449603769, 0.9963576543294096, 0.9853204779586359, 0.982830931823674, 0.985086509523216, 0.9849863338751977, 0.9881336120815251, 0.9891374793525712, 0.9828098588722313, 0.9827939206525503, 0.9907949415525051, 0.9852289007423529, 0.9905821458000492, 0.9791139588765392, 0.9828699856116188, 0.9828866112371977, 0.9801681859565571, 0.9774561230513648, 0.9464442217561503, 0.9669684388941238, 0.9670417548050737, 0.9718189932921537, 0.9472447715941908, 0.9812704930785278, 0.9877362209162194, 0.9795946668342553, 0.98266211586063, 0.9934598667673396, 0.9897007757462697, 0.9793907079643404, 0.9867738444606, 0.9809456047833944, 0.9802395736441334, 0.9809456047833944, 0.9037345735662125, 0.6040752234464817, 0.9048085292184498, 0.8716392359135704, 0.6530362403147086, 0.9064820556161896, 0.857025260076946, 0.8939917241337619, 0.8906732539880223, 0.8977240279361551, 0.9289581846762645, 0.9384900193423968, 0.7416905556301149, 0.8045182833427867, 0.8175311699016267, 0.8390021196133117, 0.8098049136639055, 0.7780508596475825, 0.8098049136639055, 0.7247577106452245, 0.7641320899012275, 0.7634985102342058, 0.7641320899012275, 0.8316012143962799, 0.3997808439810969, 0.5908249153384704, 0.6594648831395516, 0.5908249153384704, 0.4949038347202564, 0.4631169675664547, 0.4600085327891565, 0.6194165927982439, 0.39892203704637247, 0.4273490529232913, 0.3941237047558161, 0.4273490529232913, -0.5898372367455728, 0.7980206017905329, 0.7788749519056741, 0.7800051749887645, 0.7560950868212046, 0.883421643072705, 0.8035138864367387, 0.8059874715667549, 0.8035138864367387, 0.747705957755364, 0.747705957755364, -0.28090279204143925, 0.7046707645324357, 0.1623168873078295, -0.6130689521906656, -0.6376544619352957, -0.6405383809645511, -0.11533210255368705, -0.004908707041840169, 0.2803489766043546, 0.05181132542620798, 0.003968567676189834, 0.03751414605941853, 0.0030626335815380308, -0.17654409727390752, 0.008057845728760744, 0.008082290281739502, -0.610048029643654, -0.5299832008112263, -0.13616250451276665, -0.5851224337964854, -0.4426837417974942, -0.40650312699850405, -0.23829653036510137, -0.40650312699850405, -0.2933872977078572, -0.36123437368253775, -0.36123437368253775, -0.6287108040971466, -0.6287108040971466, 0.31647097003495495, 0.5725756235975215, 0.7840351206406029, 0.7630034504896698, 0.7319435072310788, 0.5686956554972721, 0.7093397353810351, 0.7163567000953456, 0.7483817495786567, 0.7163567000953456], [0.9996902731027612, 0.9991210405889913, 0.9813122826667406, 1.0, 0.9985132856647551, 0.999690273102761, 0.9918866529039001, 0.987635098809552, 0.9928949430161478, 0.9703343154017173, 0.9853455019091414, 0.9919214188303414, 0.992008950678098, 0.9919615932064005, 0.9920031258025965, 0.9948427180601853, 0.994999287465107, 0.9928472071868514, 0.9928359277179555, 0.9932388898370145, 0.9919017591093222, 0.980705418627974, 0.967365425135544, 0.979432890338954, 0.9794074249071617, 0.9643833639688806, 0.9573805534211102, 0.9449483381568966, 0.9897787058112837, 0.9897481976510301, 0.9866718588786538, 0.9733653863699355, 0.9942067454562905, 0.9954692491457606, 0.9941761940146485, 0.9928350253946897, 0.9902128451692295, 0.9954068815540021, 0.9945738127308955, 0.9959509801273481, 0.9943066286371973, 0.9942981048219528, 0.9943066286371973, 0.8944963081174899, 0.6760427219808991, 0.8696838076394741, 0.8831819101864233, 0.7825489990360265, 0.9574966237169641, 0.9209256175161834, 0.9469251021966973, 0.943017810755738, 0.9467217012945154, 0.9736818561347127, 0.9691015348572455, 0.8824679681885897, 0.8881456382304137, 0.9120577582744178, 0.8938455239283837, 0.9034658757276355, 0.9046733309522501, 0.9034658757276355, 0.8207166845669311, 0.8882850452398267, 0.8895808061522661, 0.8882850452398267, 0.8791469326009441, 0.6402114318857147, 0.8131918843949646, 0.8150326030587072, 0.8131918843949646, 0.5897112169507949, 0.45924280319203514, 0.5626642363047258, 0.7094991433331157, 0.457540687974004, 0.494884333558221, 0.4975343853611221, 0.494884333558221, -0.6005751457400451, 0.8640639569152194, 0.8896830807819782, 0.8724700885637645, 0.8812919480389151, 0.9306538150202749, 0.8632298334312045, 0.8648334597307814, 0.8632298334312045, 0.8581295318809742, 0.8581295318809742, -0.18019910715177112, 0.5440938875823591, 0.21361942199095948, -0.5267607488403252, -0.5549366598429942, -0.5586821526352065, -0.016189309842503365, 0.029006449676575778, 0.27531783818091865, 0.17334509252888575, 0.09975722256659858, 0.07858906608440473, 0.10571985249879538, -0.18888652075118365, 0.09204027594669695, 0.09240302336237619, -0.5282952949640153, -0.42860435392130203, -0.18274508218764826, -0.476146755122692, -0.348808472730404, -0.3231889949807405, -0.31427613938328836, -0.3231889949807405, -0.1793006828976362, -0.2366986242728374, -0.2366986242728374, -0.5382310761152911, -0.5382310761152911, 0.384264873913711, 0.6552385860608712, 0.8704831463907613, 0.8487285874396813, 0.7880483722623859, 0.6669957221736001, 0.7668745366153731, 0.8079579644731227, 0.8081894572339807, 0.8079579644731227], [0.9972700072695533, 0.9928401860744045, 0.9909928262179433, 0.9985132856647551, 1.0, 0.9972700072695533, 0.9965382417243537, 0.9943477558588106, 0.9967236289552217, 0.9590362362881244, 0.9947292779459134, 0.9965585913896552, 0.9966584107726353, 0.9965921968925954, 0.9965962663613259, 0.9976791680245884, 0.9972709845263918, 0.9971786365988405, 0.9971753996782003, 0.9965525545136623, 0.9965491361678939, 0.9930749330980185, 0.9798981327799697, 0.9897014337921174, 0.9896537904243702, 0.9812515064416427, 0.9789119908669001, 0.9486810952810915, 0.9882462856694456, 0.9881869507297526, 0.9875176606549567, 0.96396476500164, 0.9976534141889551, 0.9975982922206685, 0.9975030910227698, 0.9970454929434048, 0.99689299696887, 0.9978176752020983, 0.9979266927078051, 0.9976687960302331, 0.9976254282200415, 0.9976300346110896, 0.9976254282200415, 0.910910482722825, 0.6376350084004311, 0.8947354311295469, 0.8857297939823419, 0.7453912238061216, 0.9361541115511754, 0.8938173263381336, 0.9247353084188555, 0.928029178702809, 0.935057070503637, 0.9669308269292082, 0.9670298344049212, 0.8732225551744868, 0.86243450700068, 0.8939620431095237, 0.8769031493241838, 0.8917835744915159, 0.8923025548893431, 0.8917835744915159, 0.7875257536246143, 0.8247005646540714, 0.8262467870762874, 0.8247005646540714, 0.8639855432615954, 0.7455452294931908, 0.8434505091942879, 0.8446163505222634, 0.8434505091942879, 0.5370914224731452, 0.39823301506837133, 0.5186784762485213, 0.6957355006849066, 0.5125161795913699, 0.488653633162228, 0.48873820081493685, 0.488653633162228, -0.5895834161212068, 0.8403724286301313, 0.8538914576473875, 0.8408005345951142, 0.8841034003294505, 0.903532234262692, 0.8425427692127196, 0.8440907445332819, 0.8425427692127196, 0.8512120367259441, 0.8512120367259441, -0.22625935846110432, 0.6117588173208509, 0.06840344175168517, -0.5839992292035985, -0.6168818858592483, -0.61734859649034, -0.054167082517239944, 0.049402994119970914, -0.12462977681065543, -0.0794470993157994, -0.05446231311976606, -0.2984235682121049, -0.35155780760019834, -0.4960581951269433, 0.055702122188747594, 0.05589340185839497, -0.5612068016317592, -0.4694487716493437, -0.4903757922134945, -0.5230786784541924, -0.579618893149738, -0.5497312961065893, -0.5521308792602885, -0.5497312961065893, -0.22620604265001024, -0.27793826854343884, -0.27793826854343884, -0.6434191978259438, -0.6434191978259438, 0.3602087441346242, 0.6326529945252986, 0.8183386373827666, 0.7910822090487148, 0.7744440020157761, 0.5945670800866466, 0.6154415143802877, 0.6989938559176151, 0.6993560280635948, 0.6989938559176151], [1.0, 0.9999845741529267, 0.9772585235433007, 0.999690273102761, 0.9972700072695533, 1.0, 0.990186304057708, 0.9854491975447514, 0.9907813409908187, 0.9725885551036628, 0.9796195303394534, 0.9902336465878351, 0.9903931677309001, 0.990303303028826, 0.9903556892598757, 0.9932115482473631, 0.9934428704129316, 0.9913892837397174, 0.9913755678782931, 0.9913603203598861, 0.9902224346393619, 0.9773262076208857, 0.9642385724932118, 0.976346736264812, 0.9763203826579584, 0.9516443690509306, 0.9528025654786092, 0.9436322846987325, 0.9898879499515816, 0.9898462239415112, 0.9857635005057571, 0.9739854381660231, 0.9933299609818136, 0.994257521899005, 0.9933471822120548, 0.9915877379220795, 0.985981609281046, 0.9939430843797085, 0.9938892855749898, 0.9948145957045819, 0.993535479347224, 0.993522645967118, 0.993535479347224, 0.8954260656892251, 0.688769582506795, 0.8601776033453897, 0.8882711181352714, 0.8062953257544344, 0.9633973178039743, 0.9288951477099386, 0.9538107759436876, 0.9487737962889351, 0.9517668108774902, 0.9779381685976779, 0.9718758605006587, 0.9085504465190849, 0.8985761925552378, 0.9282084936033146, 0.8996568050347014, 0.9246440044867192, 0.925516047140378, 0.9246440044867192, 0.8315820038320685, 0.9025381105274877, 0.9037131937901146, 0.9025381105274877, 0.8843897493091646, 0.7123321249355423, 0.86088042565698, 0.8626756813573832, 0.86088042565698, 0.6005305805063827, 0.4875461688461128, 0.5756430384192116, 0.728585091235112, 0.46485125603772703, 0.5284876813168, 0.5304117914408074, 0.5284876813168, -0.5988271004335525, 0.8717088773311144, 0.9023212737030024, 0.8839932613929504, 0.9100677640060424, 0.9348440827513115, 0.8697433335329974, 0.871160094188479, 0.8697433335329974, 0.8820172347254981, 0.8820172347254981, -0.1732164615728201, 0.5130156193591113, 0.20886062847187162, -0.5180453126761196, -0.5466363498020613, -0.5504743628722413, -0.0032017770206621706, 0.03515223503018881, 0.28270025489434814, 0.18612489967379836, 0.11069229122075688, 0.08547361655198057, 0.11204500671542314, -0.18061743427635643, 0.10403330208441015, 0.10434729477560893, -0.5203239897603142, -0.41697713275839454, -0.18069005889565726, -0.4626710816605495, -0.3461174761896901, -0.32112283682330356, -0.3116478582521869, -0.32112283682330356, -0.16919248617623064, -0.22592127189693886, -0.22592127189693886, -0.5266666547061585, -0.5266666547061585, 0.4004142036345474, 0.6675324397304264, 0.877921572211278, 0.8561294492097687, 0.7953913847643748, 0.6757826971298283, 0.7756384981676084, 0.816394664350498, 0.8166135097007862, 0.816394664350498], [0.990186304057708, 0.9749251379916408, 0.9853674935774969, 0.9918866529039001, 0.9965382417243537, 0.990186304057708, 1.0, 0.9970575365268077, 0.9999671615887521, 0.9487682971815757, 0.9995415765397375, 0.9999959859297143, 0.9999576450322103, 0.9999920565512341, 0.9999177643543272, 0.9938271815382014, 0.99981023529633, 0.9998257278331689, 0.9998260902466847, 0.9999943833043362, 0.9999963676310809, 0.9910010848944084, 0.9749674859393579, 0.9836288397243872, 0.9923232053718405, 0.9829729088974081, 0.9710885207990465, 0.9390668894692242, 0.9924865910586056, 0.9921617188278417, 0.9920360417750035, 0.9677961094874654, 0.9992793620150278, 0.9993649377335884, 0.9993346157694001, 0.9997300473953459, 0.9985244503283764, 0.9992479288440512, 0.9981788426820112, 0.9993486167791, 0.9990872704480313, 0.9990025437045866, 0.9990872704480313, 0.9185463368742453, 0.6379323433759746, 0.9188668300960925, 0.8929862100584955, 0.6929935765810652, 0.947133808364377, 0.9120510718895075, 0.9346533534430677, 0.9252502507019544, 0.9355680191794501, 0.968923029069813, 0.9611625276906717, 0.6980949711357245, 0.8068483478739655, 0.7886730843084775, 0.8348461229336389, 0.7813177624473211, 0.7517138068565506, 0.7813177624473211, 0.7399146443355072, 0.75220433098192, 0.7543142844844779, 0.75220433098192, 0.8187644112390772, 0.27676909897985424, 0.4976419492342095, 0.5892538026350427, 0.4976419492342095, 0.5028508925447642, 0.4608340229454257, 0.4614241262567376, 0.5962892811607182, 0.374760632201404, 0.40130902591452466, 0.3493677955026832, 0.40130902591452466, -0.6534217304277762, 0.7942422255945151, 0.7958119970961545, 0.7881979575755232, 0.7227222122999566, 0.8871515715658427, 0.7991440115809827, 0.801429420939913, 0.7991440115809827, 0.7048181820051418, 0.7048181820051418, -0.26436232032233303, 0.6677514789090645, 0.2615521663196626, -0.5739906003548001, -0.6004192349241523, -0.6036569873853344, -0.07177012152418813, -0.02522916629901118, 0.3732663071346667, 0.13138162439771023, 0.0562369138362834, 0.12507555966242262, 0.09203010779436147, -0.09543895946085117, 0.017180249987746657, 0.017628942702349472, -0.5770820754456071, -0.5020710052320563, -0.024977082460526615, -0.5628118269983751, -0.3551948755903935, -0.3217114200683146, -0.14557055673780833, -0.3217114200683146, -0.2638726640803719, -0.29041989116957145, -0.29041989116957145, -0.6062651010410577, -0.6062651010410577, 0.35583692601804473, 0.6072762316183836, 0.8037766314857643, 0.8096753763387715, 0.7620545080497113, 0.6478214430144051, 0.7470473104552173, 0.7693756780088399, 0.7878023997809739, 0.7693756780088399], [0.9854491975447514, 0.9645838488589598, 0.9834877074346949, 0.987635098809552, 0.9943477558588106, 0.9854491975447514, 0.9970575365268077, 1.0, 0.9994283019779499, 0.93977163716062, 0.9980543865015495, 0.9978805746706432, 0.9992169472492892, 0.9989469314047033, 0.9986287234652452, 0.9860851323184844, 0.9988452120725863, 0.9990032992932788, 0.9990061204796336, 0.9994706519014974, 0.9991197951809718, 0.9908858968881744, 0.9752817789891883, 0.9914651876404798, 0.9921667577569988, 0.9776641016577533, 0.973141865101521, 0.9370929890598909, 0.9888109613813951, 0.9922304942673069, 0.9901928943418005, 0.9638435765397542, 0.9980802679267646, 0.9979564180566076, 0.9979620584272055, 0.9989522857884532, 0.9956228245749212, 0.997728841540006, 0.9975108327500342, 0.9978207768413175, 0.9978918088325949, 0.9979230040966875, 0.9978918088325949, 0.9163765863353325, 0.6218681504467897, 0.920083505311151, 0.8888090312737252, 0.6635557932523232, 0.9446947559158239, 0.9046219249158595, 0.9307819236875052, 0.9157482857520287, 0.9274978005217942, 0.9640622038456259, 0.9553599872462616, 0.6811043482180076, 0.7895280837961713, 0.7684203945336138, 0.8231746861906566, 0.7623332759860084, 0.7372475279150504, 0.7623332759860084, 0.723445030858363, 0.7296696368404881, 0.7388078223708133, 0.7296696368404881, 0.8072089312766128, 0.25319005603457295, 0.47251676891446126, 0.5697494868053037, 0.47251676891446126, 0.48620410797875596, 0.45257144399789523, 0.44278375326857244, 0.5780545434929525, 0.3637267743260191, 0.3877483072909012, 0.329806146794127, 0.3877483072909012, -0.6535701797880291, 0.7806400043945878, 0.7730445868617142, 0.7700147594437848, 0.7054342756114157, 0.876868704046487, 0.7862756279740691, 0.7888175042746896, 0.7862756279740691, 0.6826960727838418, 0.6826960727838418, -0.28291196808882246, 0.7017392663596574, 0.2703009163409196, -0.589656346767684, -0.6154761845778632, -0.6185101980338471, -0.08810971342774472, -0.034954468856873235, 0.366535897630658, 0.11145869793427929, 0.039585154853521834, 0.11576304237798526, 0.07598402932724747, -0.10197359266331696, -0.0008475842232905403, -0.00038052926425851015, -0.590799753679596, -0.5193813840095061, -0.0318604394277461, -0.5833389471425092, -0.3696076084795043, -0.33430853773719843, -0.15186834787926878, -0.33430853773719843, -0.28434469408392177, -0.3061722072124224, -0.3061722072124224, -0.6210646661076482, -0.6210646661076482, 0.3295881721824251, 0.5882018493411066, 0.7933744706329025, 0.7907456453868411, 0.7478988653363637, 0.6307681062444221, 0.7302242455363915, 0.7491603438106595, 0.7713845448247816, 0.7491603438106595], [0.9907813409908187, 0.9746614098518995, 0.9922764086653959, 0.9928949430161478, 0.9967236289552217, 0.9907813409908187, 0.9999671615887521, 0.9994283019779499, 1.0, 0.9474933567437129, 0.9994791756154414, 0.9999684053077982, 0.9999640636546543, 0.999973419904836, 0.9999307763651675, 0.9980364192985214, 0.9997158838562243, 0.999761805840595, 0.9997628846266868, 0.9999653173539951, 0.9999657252539668, 0.9941845610890437, 0.9776230444021591, 0.9936841497664031, 0.9936237267980282, 0.9827257929140863, 0.9769899059361213, 0.940869420613936, 0.9909864228055603, 0.990953968315508, 0.9886712675366703, 0.9629658954306989, 0.9992948124771682, 0.999255735466689, 0.9991158460860332, 0.9998522102944116, 0.9984288527692745, 0.9992339979443345, 0.9991337961330881, 0.9992287925357417, 0.9991332324274007, 0.9991397626156004, 0.9991332324274007, 0.9186346355240833, 0.6392228474991009, 0.9188018577703894, 0.8927800442775523, 0.6923715782826981, 0.9327705938854346, 0.8864144242475349, 0.9170659339871627, 0.9205185607386375, 0.9316094164564638, 0.9625731188092939, 0.961526608815309, 0.8430175995629456, 0.807578142151565, 0.8646673914529842, 0.8356055987671159, 0.8625541540078604, 0.8633816748081263, 0.8625541540078604, 0.7388295628853377, 0.8050407020376787, 0.8067910521411898, 0.8050407020376787, 0.8200982349268394, 0.7032553282836185, 0.8103879364668842, 0.8120312307127086, 0.8103879364668842, 0.5018151426879609, 0.3195888393085249, 0.46039995784664006, 0.6412285747912339, 0.4352472833923266, 0.3977200871023025, 0.3980602598711492, 0.3977200871023025, -0.6354174907670104, 0.794560054454819, 0.7954018565438232, 0.7882159705449931, 0.8544572190503159, 0.8749232402151379, 0.8055450148293981, 0.8081996760087657, 0.8055450148293981, 0.8141583288470009, 0.8141583288470009, -0.26693430987494593, 0.6687014568935343, 0.09327002113582371, -0.6026571874921386, -0.6443286470716136, -0.6451334297154643, -0.07543488837562486, -0.023140402958748304, -0.13305272272628207, -0.05194378312645764, -0.04145572322410026, -0.331550028505699, -0.3608642185446737, -0.5373013744335762, 0.015779287600310738, 0.016513935506054362, -0.579110028178706, -0.5043541594434247, -0.5006746607836783, -0.5651760539498881, -0.5955807621780301, -0.5745907437155815, -0.5765519430687053, -0.5745907437155815, -0.2664763680017377, -0.29416214270324176, -0.29416214270324176, -0.7018875353987029, -0.7018875353987029, 0.35604667151960795, 0.6061211178726661, 0.8252690320622881, 0.8024664297416294, 0.760478018091351, 0.6326788228624, 0.6478345584100296, 0.7185125734467243, 0.718681092682168, 0.7185125734467243], [0.9725885551036628, 0.9549495033978949, 0.9343075449603769, 0.9703343154017173, 0.9590362362881244, 0.9725885551036628, 0.9487682971815757, 0.93977163716062, 0.9474933567437129, 1.0, 0.9164882526910577, 0.9488069897477374, 0.9489270480460437, 0.9484348114803186, 0.9477284274950866, 0.9499869955202034, 0.9559289106173539, 0.9549475571656457, 0.9549137224966132, 0.9489650732937306, 0.9489498514060175, 0.9485115180264867, 0.9409612075190843, 0.9508854627605418, 0.9511095682507739, 0.7978188419828437, 0.9559912773630148, 0.9507335378568827, 0.9571948159761332, 0.9573388416430295, 0.9556070003525768, 0.9296053935924871, 0.9593975273601018, 0.9596794014068378, 0.9605168190172971, 0.9511537488743206, 0.9294744782767115, 0.9586034594879876, 0.9601571746075981, 0.9599684783761424, 0.9608580558794968, 0.9608156304194801, 0.9608580558794968, 0.7747812257523629, 0.4365585326612482, 0.7186842421148602, 0.856502404685805, 0.8399091454005294, 0.8730586387849022, 0.7558098254779657, 0.8504496142490039, 0.8651173312363445, 0.8740610641732216, 0.8962274482248962, 0.896276749264646, 0.8494999777605742, 0.8410019797659781, 0.877163465949446, 0.8525831338404758, 0.8684824913143143, 0.8693965907497088, 0.8684824913143143, 0.7884077843779583, 0.7664697538496376, 0.7686274737412176, 0.7664697538496376, 0.8445861065163452, 0.8670510774996871, 0.842677877708994, 0.8435485412081859, 0.842677877708994, 0.6080346052944903, 0.5278672487630773, 0.6089576931355734, 0.7375662174448471, 0.6284610803436467, 0.6505921433520878, 0.6541034403410744, 0.6505921433520878, -0.2760838536549962, 0.8489363028213393, 0.9134141475527602, 0.8683820274752732, 0.8675998882641441, 0.8790663593617057, 0.8402885323763991, 0.8417603837017188, 0.8402885323763991, 0.8531275657718899, 0.8531275657718899, 0.011366311424984133, 0.2312094958084957, -0.07380298836345064, -0.3496688391134485, -0.38155567107859556, -0.38346774708854353, 0.0994027093607483, 0.37551345698436744, 0.12822782999425056, 0.02051961695385673, 0.13389121169907323, 0.04070909055651745, -0.06691294100503943, -0.12133069396725608, 0.2658213862553818, 0.2647214967212876, -0.33448543048041984, -0.2824055201720835, -0.2861624969536854, -0.2891135951778004, -0.35989007433288095, -0.3084991993123677, -0.3103505591751019, -0.3084991993123677, -0.046742159801463075, -0.32620535134468104, -0.32620535134468104, -0.3921590018395001, -0.3921590018395001, 0.5802118420357484, 0.6791093523393312, 0.7608147394302688, 0.666663602292162, 0.8407080030564219, 0.3015834234942289, 0.3915384919053051, 0.5713190608417174, 0.571615825381824, 0.5713190608417174], [0.9796195303394534, 0.9770892839986611, 0.9963576543294096, 0.9853455019091414, 0.9947292779459134, 0.9796195303394534, 0.9995415765397375, 0.9980543865015495, 0.9994791756154414, 0.9164882526910577, 1.0, 0.9995391197500095, 0.9995347143707738, 0.9994836385186162, 0.9995219180240449, 0.9983784766312331, 0.9995774674178786, 0.9997014794176242, 0.9997070118535941, 0.999547439391387, 0.9995487485987095, 0.9914720285325094, 0.9570653582290642, 0.9914398222587987, 0.9914106354499965, 0.9865314954565572, 0.9727248288471514, 0.8921721004207585, 0.988816910218622, 0.9888791109113013, 0.9701547221471208, 0.8868584448859643, 0.9985918157821688, 0.9985365859201312, 0.9983070149110309, 0.9992049557256428, 0.9991203302674571, 0.9985656869670275, 0.9983251338423361, 0.9984992060827892, 0.9982518254132021, 0.9982668607705087, 0.9982518254132021, 0.9124230710276091, 0.5151366170841957, 0.9143566881825472, 0.8911082710492746, 0.6945084530949648, 0.8195313939333474, 0.8339635331559959, 0.8066220975509092, 0.8098940173393839, 0.8153342625836406, 0.9210916990239099, 0.9212955937074223, 0.8331646654753633, 0.8442715714377983, 0.8065397096704344, 0.8096785978759349, 0.816654436089448, 0.8177350362175113, 0.816654436089448, 0.6273697935073536, 0.5812044649868667, 0.5836723770776856, 0.5812044649868667, 0.8453691827641943, 0.8557696353117299, 0.8434504835204064, 0.8451657905372592, 0.8434504835204064, 0.2657863390511907, 0.1989995772527051, 0.3283902869563389, 0.45021994553254613, 0.3159447868901368, 0.3701518709752822, 0.37341243547056335, 0.3701518709752822, -0.4079546171475981, 0.7443923420021635, 0.8001494356120211, 0.7775488507247891, 0.8428333048104977, 0.839256995094913, 0.7359259656230724, 0.7365692144070469, 0.7359259656230724, 0.7519034300108488, 0.7519034300108488, -0.33094096092978575, 0.6591814777807025, -0.3979141831105908, -0.5440776485853338, -0.5439803459807934, -0.5462088524310471, -0.3397685997921919, 0.13124012857128184, -0.2529167847620439, -0.4062481008301827, -0.2630672456530019, -0.3245103025782852, -0.35903141946995654, -0.38981458491738413, -6.112981008966683e-06, -0.004249172621078159, -0.5544186949463075, -0.5170661926567032, -0.5349234888578499, -0.5693031326359421, -0.5637417329254483, -0.5389390256675898, -0.541806177532035, -0.5389390256675898, -0.43995149119841814, -0.5953204950625812, -0.5953204950625812, -0.6038018892787903, -0.6038018892787903, 0.35097676466559136, 0.3668982569379647, 0.4707218421111526, 0.5554984889778638, 0.5559183457023376, 0.16565830203801207, 0.30822248603206803, 0.33086529775259005, 0.3310658605207408, 0.33086529775259005], [0.9902336465878351, 0.9749802661673863, 0.9853204779586359, 0.9919214188303414, 0.9965585913896552, 0.9902336465878351, 0.9999959859297143, 0.9978805746706432, 0.9999684053077982, 0.9488069897477374, 0.9995391197500095, 1.0, 0.9999628223203587, 0.999994030771146, 0.9999232183601053, 0.9946742550535858, 0.9998123798480811, 0.999827224565289, 0.9998275198235909, 0.9999961040161676, 0.9999970075713454, 0.9909569095437785, 0.9749370959312635, 0.9892193427475322, 0.992298258287448, 0.9829551417207323, 0.9709952001977147, 0.9390106053423801, 0.992477297821612, 0.9921737036657635, 0.9920265904076907, 0.9678182846449052, 0.9992815132319252, 0.9993696135490955, 0.9993435316549271, 0.9997354082371075, 0.9985274401841844, 0.9992576727324285, 0.9981828079892439, 0.9993559990006142, 0.9990917073443245, 0.9990053926845271, 0.9990917073443245, 0.9185596168455871, 0.6381021952402762, 0.9191161487074926, 0.8932212611184782, 0.6931631743849181, 0.9471764180611383, 0.9122519139329145, 0.9347366774465575, 0.9253405099977805, 0.9356420799255093, 0.9690238803748062, 0.9612413166964976, 0.6980218933990715, 0.8070278338853648, 0.788790977689448, 0.8349747369194207, 0.7814340732729462, 0.7516476794538268, 0.7814340732729462, 0.7399903362326011, 0.7522684569491087, 0.7542410895728233, 0.7522684569491087, 0.8189411145106967, 0.2766324447986916, 0.4976569420955302, 0.5891559708125224, 0.4976569420955302, 0.5027865279060667, 0.4607414611717382, 0.4613719990354561, 0.5963236940011136, 0.37463576188232584, 0.4014050540181617, 0.349411926473081, 0.4014050540181617, -0.6535677321764148, 0.7943190298725123, 0.7959742786364826, 0.788308046179346, 0.7227131440376352, 0.8872644219186224, 0.7992373912946074, 0.8015167018193824, 0.7992373912946074, 0.7049047842233624, 0.7049047842233624, -0.26434312414238353, 0.6677498046875654, 0.26167276984330046, -0.5739493530106102, -0.6003266144286709, -0.603570501012918, -0.07185256060585989, -0.025386864314167406, 0.373444281020011, 0.13140712238626198, 0.056183322122523194, 0.12535011106714378, 0.09228233123254061, -0.09512871040020142, 0.01721741691040375, 0.017681848510283458, -0.5770682182515032, -0.5020990810330308, -0.024711692441048802, -0.562786447187021, -0.35492138332369666, -0.3214654684590382, -0.14534757179564295, -0.3214654684590382, -0.2637175943246359, -0.29037429145309823, -0.29037429145309823, -0.6061263709494007, -0.6061263709494007, 0.35638128049944584, 0.607441582635633, 0.8038123901708784, 0.8099494382673381, 0.7621514354181965, 0.6480832382136257, 0.7471912657706837, 0.7696386721034176, 0.7879249755258823, 0.7696386721034176], [0.9903931677309001, 0.9749323092568821, 0.982830931823674, 0.992008950678098, 0.9966584107726353, 0.9903931677309001, 0.9999576450322103, 0.9992169472492892, 0.9999640636546543, 0.9489270480460437, 0.9995347143707738, 0.9999628223203587, 1.0, 0.9999671655094604, 0.9999111807671716, 0.997507951335462, 0.9998081233072936, 0.9998686973011901, 0.9998692717319628, 0.9999830273771863, 0.9999619389948269, 0.9904993944335504, 0.9747477945158148, 0.993027617596856, 0.9929884558527152, 0.9829230362293605, 0.9706153669591794, 0.9389363603314087, 0.9932495649005963, 0.9932693743702976, 0.9917912420262011, 0.9676212900589183, 0.9995057178455968, 0.9993735866695583, 0.9994003036497563, 0.9998824949372392, 0.9985260238483107, 0.9992649623519753, 0.9992171416808711, 0.9993662999167814, 0.9993759816076164, 0.9993799678930599, 0.9993759816076164, 0.9186752841578916, 0.6382639529299782, 0.9191499526880869, 0.8932384962058993, 0.6931840114900324, 0.9509693114917791, 0.9097275040833491, 0.9361930051961797, 0.9254258609360762, 0.9356410863260127, 0.9687470650421792, 0.9613121807075757, 0.6534711433152082, 0.8067370575619209, 0.7875608443682635, 0.8354310878182286, 0.7803888032944899, 0.7256527844707334, 0.7803888032944899, 0.739911108381711, 0.7425817213439713, 0.7468853206926825, 0.7425817213439713, 0.819384710139436, 0.20745086335123403, 0.4851553343359534, 0.490871183305302, 0.4851553343359534, 0.5029369427051564, 0.35511375664188227, 0.4616201364410401, 0.5958318828689321, 0.37485391708683224, 0.36881461884171496, 0.3490514397382355, 0.36881461884171496, -0.653758342283811, 0.7947909053118615, 0.7959431033923863, 0.7880685898681343, 0.6643470360525036, 0.8877423482790459, 0.79974985282983, 0.8020241081064897, 0.79974985282983, 0.7033990353071665, 0.7033990353071665, -0.2640157600353378, 0.6676344102312863, 0.26526208810433416, -0.5737941290238324, -0.5999943108102127, -0.6032383936572465, -0.072227227360475, -0.025285931886281244, 0.3252475513492243, 0.13158523857380672, 0.05593603947991605, 0.12875696339999776, 0.09465516711165865, -0.10536919654233164, 0.017337163684617265, 0.017805127276594224, -0.5772310630772248, -0.5021747810671894, -0.09041578418283865, -0.5625059393726566, -0.35290931175299795, -0.319229773387806, -0.2324055991965126, -0.319229773387806, -0.26325753976664734, -0.29146782150634015, -0.29146782150634015, -0.6053910059276011, -0.6053910059276011, 0.35651226929583485, 0.6076225255825118, 0.7886206753239101, 0.8100083209472655, 0.7625477498687694, 0.6478264952053209, 0.705159949923966, 0.7573914763469313, 0.7575673080095652, 0.7573914763469313], [0.990303303028826, 0.9747278441550458, 0.985086509523216, 0.9919615932064005, 0.9965921968925954, 0.990303303028826, 0.9999920565512341, 0.9989469314047033, 0.999973419904836, 0.9484348114803186, 0.9994836385186162, 0.999994030771146, 0.9999671655094604, 1.0, 0.9999357720696886, 0.9973670908968448, 0.9998027875054878, 0.9998305013737399, 0.9998306803927337, 0.9999940126892825, 0.9999942121308674, 0.9908098892700156, 0.9748351690401889, 0.9928547340832784, 0.9927338865268395, 0.9828213549935075, 0.9706575637608859, 0.938625562954344, 0.9932093462278596, 0.9932566028887033, 0.9920659436311409, 0.9680006944436932, 0.9993334209676297, 0.9993682690072536, 0.999375593711723, 0.9997739416822651, 0.9984565250708796, 0.9992609274073012, 0.9985021188990999, 0.9993648129306538, 0.9991420360935294, 0.9990632517929583, 0.9991420360935294, 0.9188156474827829, 0.6388700784198502, 0.9194515348810659, 0.893535778650576, 0.6927766498733562, 0.9477651664271597, 0.9130099222903957, 0.9353679539324209, 0.9257584189604849, 0.9360247371796986, 0.9694579593102347, 0.9616326643541078, 0.698322224272485, 0.8073199503578217, 0.7887113346092399, 0.8352564500666084, 0.7813983055158508, 0.7512682019512225, 0.7813983055158508, 0.7401939515856917, 0.7522184614482561, 0.7546757074051874, 0.7522184614482561, 0.8193183304981374, 0.27592634238192426, 0.49711919157518475, 0.5892004032817241, 0.49711919157518475, 0.5026009827861381, 0.4613046919648332, 0.4612563133593952, 0.5960662635320078, 0.37421637962892895, 0.4014365000827577, 0.3490466127666433, 0.4014365000827577, -0.653956383074125, 0.7944609941969113, 0.795502483806883, 0.7883964459296973, 0.7120589878976321, 0.8875461324685011, 0.7993756381266075, 0.8016434668643566, 0.7993756381266075, 0.704703125192393, 0.704703125192393, -0.2661361416426425, 0.6687690441411184, 0.2621977980777632, -0.5744986871441062, -0.600739296491341, -0.6039883958800736, -0.0731123833097525, -0.026723689256771085, 0.3737375771718759, 0.13090415913744463, 0.05528317661838176, 0.1254117987878618, 0.09234308963780472, -0.09498016574265233, 0.016093524207772866, 0.01655315570214446, -0.5777618734422942, -0.5031882709991891, -0.024118952420147454, -0.5642895801904303, -0.35479245992243696, -0.32140970200228286, -0.1447776877639876, -0.32140970200228286, -0.26480417978633086, -0.29088716122900377, -0.29088716122900377, -0.6062254931640366, -0.6062254931640366, 0.3565508166084549, 0.6071143365482566, 0.8043478451308737, 0.8104085383605065, 0.761570379885546, 0.6488710200085878, 0.7479791829221435, 0.7700377306203066, 0.7885331293506505, 0.7700377306203066], [0.9903556892598757, 0.9738619501553796, 0.9849863338751977, 0.9920031258025965, 0.9965962663613259, 0.9903556892598757, 0.9999177643543272, 0.9986287234652452, 0.9999307763651675, 0.9477284274950866, 0.9995219180240449, 0.9999232183601053, 0.9999111807671716, 0.9999357720696886, 1.0, 0.9974835646141922, 0.9996980471153089, 0.9997788685119967, 0.9997800229582547, 0.9999003313821428, 0.9999190654535279, 0.990576348420455, 0.9745856676756494, 0.9921346364618702, 0.9917751435818667, 0.9828357507325006, 0.9703751906152146, 0.9385163566988797, 0.9923249613196279, 0.9923337659006785, 0.9914564843362441, 0.9670461769895103, 0.9993415666045216, 0.9992178631447063, 0.9993130910964867, 0.9997603243522077, 0.9983628875304735, 0.999236040099828, 0.998485757110695, 0.9992403890280398, 0.9991567048500041, 0.999091927163665, 0.9991567048500041, 0.9174573636811905, 0.6391469076031457, 0.9180823402483472, 0.8920711186514875, 0.6898448320462222, 0.9483085793494147, 0.9138513611413156, 0.9363176698275973, 0.9251694068036355, 0.9352732267018435, 0.9698150046039731, 0.961193118064814, 0.6996326052851218, 0.8058738190071949, 0.7889444187531575, 0.8349285233369346, 0.7816325680591184, 0.7535575825506515, 0.7816325680591184, 0.7382259348287717, 0.7516539258783214, 0.7558393320715299, 0.7516539258783214, 0.8193151963754418, 0.2758036720147586, 0.49666142427608256, 0.5906334645321912, 0.49666142427608256, 0.5012198994655838, 0.4629459543778647, 0.4594428694803663, 0.5955335376133762, 0.37261625919336205, 0.4018593946728536, 0.34930092945337327, 0.4018593946728536, -0.6545105424446211, 0.7938019259180955, 0.794194213771998, 0.7874164130555481, 0.7247287433851635, 0.8878696933562347, 0.7988849393998696, 0.8014277090852715, 0.7988849393998696, 0.7047697488597777, 0.7047697488597777, -0.26676937979895526, 0.6712987909112832, 0.2625932383602021, -0.5747197981788791, -0.6007701737824367, -0.6036895047626206, -0.07514046477452097, -0.028219717143671923, 0.3751266357186996, 0.13048546635896643, 0.05418178029460354, 0.12642321867707815, 0.09350514930681696, -0.09350332555661944, 0.015204106279986926, 0.015928711701437153, -0.5791077491946437, -0.5047274394811726, -0.022253452565664196, -0.5653242072982496, -0.35386386365969585, -0.3204939687649662, -0.1433348719124214, -0.3204939687649662, -0.2650666540551178, -0.2937646264806164, -0.2937646264806164, -0.6060701023207775, -0.6060701023207775, 0.35352681294774957, 0.6048541528274308, 0.8054414956687629, 0.8111614051297457, 0.759894209965352, 0.6478310918519571, 0.7497332370878712, 0.7707888109051012, 0.7899583760693413, 0.7707888109051012], [0.9932115482473631, 0.9834984353432885, 0.9881336120815251, 0.9948427180601853, 0.9976791680245884, 0.9932115482473631, 0.9938271815382014, 0.9860851323184844, 0.9980364192985214, 0.9499869955202034, 0.9983784766312331, 0.9946742550535858, 0.997507951335462, 0.9973670908968448, 0.9974835646141922, 1.0, 0.9981117540437001, 0.997729298650728, 0.9977267832031351, 0.9978051517274962, 0.9972979326028565, 0.9914217937635039, 0.9773849441532868, 0.969991418142035, 0.9872782550627384, 0.9871081232627392, 0.9719707093530551, 0.9475585673835877, 0.9915467782039384, 0.9893268840053321, 0.9882367872334075, 0.9656772400129261, 0.9974945209700571, 0.99749673866715, 0.9973145866200597, 0.997310690894541, 0.9984779730452344, 0.9980226044325653, 0.9973097032634304, 0.9977326219760042, 0.9974176792557777, 0.9973953613864381, 0.9974176792557777, 0.9092337726550559, 0.6485898178467638, 0.9114229516263344, 0.8956678074323554, 0.7160680476007744, 0.949933483811434, 0.916321443470893, 0.9411808208615554, 0