var element=document.getElementById("correlationAdjClose");if(element.style.display!='none'){var correlationAdjClose={"data":[{"type":"heatmap","z":[[1.0,0.9999930297206169,0.9853759860300348,0.9999259373039894,0.9990565405506929,0.9860370717791898,0.9978080094428234,0.9958864110932921,0.9691286344176414,0.996216012918103,0.9941938880449246,0.9936908819702267,0.9960113006100091,0.9960433472523312,0.9959340816518472,0.9975389020218998,0.9978055933455052,0.9983223253037281,0.9965569786299102,0.9965677789862892,0.9966219446250539,0.9959657045078854,0.9864558331125428,0.9708690416478026,0.9894025600172274,0.9558452237347026,0.9883627135392457,0.9865701726150228,0.966621421640885,0.9499545697308043,0.993117639752562,0.9941493250547897,0.9923552120614325,0.9774122690591759,0.9977145413140693,0.9979595342334278,0.997456900387799,0.9960677794611049,0.9956602776979852,0.9978433805618487,0.9987421909681852,0.9987860217188596,0.9976684475580134,0.9976782837913188,0.976690526698463,0.9134962054226216,0.948035601993529,0.9158855821628628,0.9169292937201909,0.8977689457689734,0.9638230382220583,0.9469163560922547,0.9654350323147513,0.9652409983738176,0.9558437657607372,0.9847102852571518,0.981687108188845,0.9903086988342514,0.9944810633567761,0.986150932279107,0.9814327504461826,0.987752090686629,0.9857131198321067,0.9883246645844712,0.9881237896481311,0.9649919205549725,0.972940054469652,0.9746914798915696,0.9743622787669907,0.9511482339258189,0.9794268278280612,0.9768768438969733,0.9843224556772444,0.9835655470891967,0.941273916747333,0.8811023603455775,0.8476888177241548,0.8976541422209647,0.9174567809965386,0.9141362891358721,0.9154171928884993,0.9140541227487343,0.6763092565872855,-0.563925036383133,0.980019585396691,0.9745547997533186,0.9712189159385037,0.9869021737852807,0.9739693994317373,0.983994773878642,0.9839618109450714,0.9489927347167886,0.9841195332546769,0.9523108755010667,0.7504229042487444,0.8961966947563946,0.9247564866273363,0.7864147212412558,0.947980056168459,0.9488077498241645,0.8984406569446726,0.9632758764678299,0.8961200609214961,0.615352971609399,0.7179352686126856,0.9028668436765307,0.8690680572712298,0.8938418278996322,0.9727896960060638,0.9729734944539208,0.7794157208859287,0.7269353971019507,0.8248968180842685,0.39667942855156635,0.7999437519858853,0.8291984502117355,0.8244777486555716,0.8151677728708879,0.771267214187519,0.7486086859756581,0.7306503376290134,-0.2627398678862675,-0.401545673059576,0.659250781620757,0.895191118179484,0.9383385753189725,0.9446506816040022,0.9127517031828666,0.8273130845059837,0.9116717876914657,0.9316847168178772,0.9315512476662409,0.8661141870654919,-0.18384679617732727],[0.9999930297206169,1.0,0.9868168095609313,0.9998158872921294,0.998076614838425,0.9900403224481888,0.9942171839590543,0.9909548779188867,0.9833650157332322,0.990976717181273,0.9909801329143925,0.9929160470672916,0.9911307762944995,0.9909753981297856,0.9910443943766716,0.993464453855514,0.996341053700054,0.9959527976071403,0.9937072883025032,0.9937074662481793,0.9910383715758753,0.9910870081999712,0.9907584015034034,0.970682999722711,0.9875307799810148,0.9801658652679183,0.9873756104198715,0.9864658917986133,0.9787268496601917,0.9294855169325229,0.9882597600247379,0.9855488114772022,0.9794907781107668,0.9292466000776965,0.995433199620082,0.9953115184083253,0.9955624404390528,0.9916719426604887,0.9949893737846853,0.995564533934503,0.996950390440269,0.997073119187779,0.995540832792611,0.9955482576200386,0.988834698279143,0.9133221979210443,0.8840151195610222,0.9157656097930023,0.9170851657935526,0.8977385512387388,0.8736395792084792,0.918447394578695,0.8766787394352127,0.9041966468226198,0.873049605960663,0.9538113379894768,0.9537720994018737,0.9653080339111054,0.9835713098352028,0.9801597682593103,0.9829915461928027,0.9782995028748239,0.9782030384063088,0.9803906247088476,0.9803149024149806,0.9477517512804803,0.957171687985883,0.9315343640686143,0.931459267372496,0.8541600182253603,0.9763646019278106,0.9781453516088895,0.9783484588406193,0.9779107105212377,0.9469359364108062,0.7324164675782815,0.6839184848030192,0.8061674534920061,0.8796472578189576,0.825434343531151,0.8533400084214537,0.85192406575121,0.6856057687437281,-0.24000098115035953,0.9665703799853348,0.9715283188726643,0.9663623384266035,0.9808353241650861,0.9643158203936005,0.9701019534225811,0.9694042518925124,0.9237824780914795,0.9723135703205908,0.9277476246399243,0.6496487497422244,0.8955101586399948,0.8931263213020358,0.4243229231369549,0.802238970547855,0.807609443570919,0.7233653755510544,0.9641178079552476,0.6954496569668339,-0.27417769213297427,0.19198222978152393,0.7235008832635181,0.6708029746573312,0.7156882821874059,0.9656757750398548,0.9656066835763997,0.08712986139484,0.2564725700839406,0.09276694299698371,0.06554078257902783,0.08682389970710266,0.1023325131056954,0.099258917104982,0.02193527281324251,0.4581393164158222,0.19025234605185523,0.1396643903853315,-0.4414013128073307,-0.48352862864293095,0.6594995000445972,0.7509437131613762,0.7752428049481407,0.8340636915620326,0.8236639283329417,0.5610418968656853,0.7448962951211591,0.7697847380125055,0.768539090440483,0.4200375131738527,0.18773072684353767],[0.9853759860300348,0.9868168095609313,1.0,0.9867946343784751,0.9931738105487882,0.9910140881689791,0.9903133337340955,0.99088796715729,0.9902345345981076,0.993705565499116,0.9977605241992866,0.9968641323156877,0.9907668892009407,0.9931062464463869,0.990947744102997,0.990347186325803,0.9909834855145541,0.9904421867438336,0.9895826319608146,0.9895618910061134,0.9925481361927646,0.9907846522125652,0.994517699775624,0.9823986980348846,0.99127183896985,0.9795395613488866,0.9917745973475158,0.9857424779544678,0.9849570997598883,0.9562726143962275,0.97069331951012,0.9747079884553701,0.9779866757000475,0.9541015572506745,0.9876072888974998,0.9907191571305849,0.9890662031590173,0.9926430673714414,0.9950550456195184,0.9914989208438011,0.9854146404851564,0.9881172515878,0.9879222149293295,0.9873036932934307,0.9915512776828503,0.9103810647603012,0.9315147799410162,0.9330366810104946,0.9101843700926165,0.8487788950175496,0.9227241713106661,0.9018926768240316,0.9252116434958796,0.9257085658595056,0.9122684821400663,0.9505554749029433,0.95866031193141,0.9667819065626468,0.9787973259876378,0.9367802772778671,0.9598216358443683,0.9600864505805219,0.9668609640083013,0.9604123280693007,0.9347183045240306,0.9145161254104937,0.9399951987887062,0.9315613528959228,0.9133814706630826,0.8836876034896379,0.9670818981630828,0.9451021660905027,0.9602043886379843,0.9389809029260013,0.8085252711236324,0.8318430917875428,0.7531436073551819,0.8513380381218393,0.8843594606514573,0.884746409183848,0.8529329822297818,0.8671802437497179,0.3675417172154561,-0.557337401898814,0.9559135364441399,0.9392225325599478,0.9398629796855134,0.936965319468724,0.9502000150522392,0.9591387884206376,0.9587133839156458,0.9271196210691924,0.9545822740046757,0.8650801235254462,0.7301993897958351,0.9463915909053772,0.945920093975016,0.7571384523396225,0.9332771985456386,0.9351068417479408,0.8714829897421243,0.979905844012029,0.7772865747047129,0.5206715038664477,0.6597009641835156,0.7972529450519732,0.7954385217127561,0.778515250125671,0.9827830739773297,0.9828381725028278,0.7054682695122269,0.6687657150527779,0.7116880270539603,0.3372584483685031,0.6979459324485978,0.7127093482918692,0.7286338945127446,0.7103568262528193,0.7302371283892816,0.679931880704084,0.6605440152459203,-0.32893580295329394,-0.46743726939602986,0.6227407040532942,0.8559929914112251,0.886646419773968,0.8906442466812541,0.8852159409396569,0.7586665327811105,0.8622678756352432,0.875499670306193,0.8831346795661896,0.7364451477147557,-0.10604741441087316],[0.9999259373039894,0.9998158872921294,0.9867946343784751,1.0,0.9993217188664564,0.9871439846442712,0.998084652052035,0.9963487715769413,0.9714241036212065,0.9967297023682198,0.9949724583757944,0.9947482392634482,0.9964555874919986,0.9965808061432716,0.9963956207076521,0.9978399268717055,0.9981567104678603,0.9986118935308559,0.9969621342582912,0.9969704798590115,0.9970604554052075,0.9964144426137551,0.9877280327841099,0.9722850044101969,0.990423077543022,0.9585343883348533,0.9894926170123555,0.9882911876489048,0.9687066537560476,0.951244596306176,0.9924732063852739,0.993697183721015,0.9923829224483228,0.977051077373227,0.9978248517119924,0.9981893516565513,0.9977147644005411,0.9965687647347953,0.996211705595444,0.9981079363707006,0.9986543642526641,0.9988867711585598,0.9977728748911399,0.997780133422228,0.9785555716287675,0.909327391112076,0.9457961998096377,0.9165404038078612,0.9152717814617969,0.8902596801822411,0.9608445804387514,0.9435262476214626,0.9623576734396919,0.9626329729772352,0.9529546721521813,0.9825915320722476,0.9801316337067377,0.9894467024758555,0.9943345443166032,0.9846310214367948,0.9802034128342842,0.9864125770187359,0.9850591386396803,0.9869042819196779,0.9866956607224456,0.9539302657009188,0.9716066189331115,0.9731275908859035,0.9727947963795426,0.9455354083118873,0.9789320362745743,0.9738182317874385,0.9827946926421076,0.9819995162650378,0.9185558237990683,0.8794109919925648,0.8435468991680981,0.8957617020092554,0.9144329745062786,0.913548761322066,0.9128198835510144,0.9115035934279553,0.5800544411610022,-0.5635987606240189,0.979100563442986,0.9731195543428867,0.969620652044985,0.9853847447920128,0.9731129864577661,0.983146879491397,0.9831067834734397,0.9484185500877258,0.9825905149476281,0.9355800133379231,0.7547607491245127,0.9024527666161356,0.9289857417965737,0.7881006630582704,0.9493296626732803,0.9501878597532939,0.8979963153018053,0.964609951660979,0.8899204430609746,0.6117111627880323,0.7161178203111302,0.8973171434802251,0.8653913611956795,0.8880172777354535,0.9737079182007914,0.9738995000599585,0.7781855524147098,0.7271232414545566,0.8168910832507813,0.39858070782988964,0.7941434440825417,0.8209118112997551,0.8161187656267962,0.8097346954307639,0.7737169089734527,0.7484733693655652,0.7305951739245322,-0.2581249524962785,-0.4008038932084129,0.6581885754333641,0.8931903844497181,0.9363981906828955,0.9427726760769276,0.9114366613445969,0.8244252400726402,0.9095797077127744,0.9293396013006866,0.9293631479868749,0.8586171502148926,-0.17664421319831744],[0.9990565405506929,0.998076614838425,0.9931738105487882,0.9993217188664564,1.0,0.9900217985927938,0.9990916052509055,0.9984740184681121,0.9841257405605354,0.998474281857119,0.998027136410235,0.9980545711019775,0.998508468574418,0.9985072273573047,0.9985070629852293,0.9990308765967163,0.9986218637232873,0.9992793295741168,0.9988506340864438,0.9988498727064453,0.9985727993385188,0.9984980856869241,0.9940529629564928,0.9799333661369402,0.9946317261114319,0.9764072422796427,0.9945871854657081,0.9911802956615655,0.9820759834224208,0.9549725671590594,0.9892143253361858,0.9918800135538736,0.9900453850980319,0.9690702232808687,0.9989490481739303,0.9989951753091724,0.9990066980809882,0.9985922093851913,0.9986252614733598,0.9989860037978281,0.998958625449885,0.9991851976694252,0.9989447030476164,0.9989444328135766,0.9884777735296595,0.9195061636516054,0.9448002890962203,0.9294092610520364,0.9199957419719484,0.8849908391288115,0.9460943939577126,0.9356325365708983,0.9502855645771058,0.9552343044304588,0.9449223694705476,0.979311010823333,0.9792681699138596,0.9891057314273306,0.9942275889673287,0.9812173207506326,0.9746671660392214,0.9819786716995237,0.9811671207274011,0.9823268716094347,0.9820838335649267,0.9551548149632348,0.9626878991271075,0.957463998543969,0.9570518711550087,0.9176529430450566,0.9762031970092787,0.9726515118307173,0.9787404078592367,0.9778842167157958,0.9382498679990274,0.8577941807723276,0.8170839360651844,0.8800015210420691,0.9185530328233479,0.9018859550017884,0.9095358161545988,0.9083579589476986,0.7316371015901236,-0.5796899472442134,0.9727051391418525,0.9626949159070466,0.960122165133573,0.9822010255067303,0.9633870776343659,0.9764623760266603,0.9760620154058863,0.9394150297704578,0.9781776689055155,0.9426067209258303,0.7436383151590504,0.9192471721612631,0.9495159349662573,0.7469483199071452,0.9353749657808592,0.936968070584545,0.8917358772325646,0.9699459822151145,0.8855859936931793,0.4542617588154974,0.654243081261188,0.8912998889254025,0.8367241914140455,0.8862303019140062,0.9774539335910069,0.9776003411704778,0.7405091920956891,0.7095579277697002,0.7443640971207729,0.37546065524538824,0.6907560808011893,0.7496543635968501,0.7448217576798187,0.7070668796254378,0.7594008589443197,0.7325486155834645,0.7137642270302282,-0.46984694998037657,-0.5501243184598736,0.6510745753878311,0.8869707095418641,0.9216717009112334,0.9359219588487578,0.9086456002422388,0.803757327923802,0.8954736352109826,0.9151614544911337,0.9147247953268267,0.79437474633581,0.03294654426091316],[0.9860370717791898,0.9900403224481888,0.9910140881689791,0.9871439846442712,0.9900217985927938,1.0,0.9856639770380416,0.9862851493179798,0.9917835462943728,0.9856180112803508,0.9808355037875364,0.9794837616737968,0.9861807234898716,0.9866543639251631,0.9863548410182869,0.9860170592215431,0.9891499152836756,0.9872764175500304,0.9870995701840894,0.9870929774324808,0.9851586213783159,0.9862668949240284,0.9958664161855679,0.9928155347252542,0.9872296297370047,0.985354651996831,0.9873458848113884,0.9756930865853597,0.9873004041497399,0.972312360985089,0.9655970576907463,0.970792081684407,0.9800887997644742,0.9687032108686855,0.9854189511751033,0.9857119407971009,0.9865543338165599,0.9869964271484785,0.9805207894034225,0.9861223514838802,0.9845814640596442,0.9862055556904517,0.9855662402975881,0.9855740637447018,0.9956195747442177,0.8675062026263323,0.9253079262057748,0.8943336173826644,0.9078155184798657,0.8709129749468043,0.9219020504996918,0.9090674774381289,0.9242623997579394,0.9362219292146554,0.9198735222263407,0.9541132702326963,0.959000365949845,0.9639136009092331,0.9741730535368874,0.9695512485165586,0.9843974379881906,0.97090732224854,0.9829292823581939,0.970530988423612,0.9699675850235632,0.9737635379456133,0.9656756321474165,0.9457817208390495,0.9452390442300526,0.9407663983087471,0.9810194718222116,0.9735314768610838,0.9707793696363808,0.9693424839830426,0.9588867021458897,0.8793889244376735,0.831952047339859,0.8978017265201906,0.9099585702889164,0.9188166118104555,0.9002944615525619,0.8980857216746,0.7038079135400235,-0.5181680825921073,0.9785606575774207,0.9786175567972127,0.9743923326398991,0.9705210053413784,0.9701612385334301,0.9776967776910679,0.9772915134204555,0.9641556039901047,0.9670357577686193,0.9631003595773006,0.7550952281289588,0.8738316106888292,0.948391981869943,0.7933179719209389,0.9380551997305121,0.939161911485179,0.8694697279730685,0.9588481371597796,0.8401891871055567,0.5460592547450551,0.6850115415940576,0.849461977869066,0.8213837753647403,0.8386130544318737,0.959946457328743,0.9600217197798373,0.7352127675404518,0.704410655059308,0.7553777210072066,0.39975437839324846,0.7424849757671207,0.7609625403765761,0.7547906870154125,0.7504908548328263,0.757246025779994,0.7133473316025075,0.6979390226643133,-0.2865224232084052,-0.41641176824034487,0.6725066854893695,0.8674416289964003,0.8852701496278687,0.8966272765466888,0.8801954469041281,0.7894518182500854,0.8568921419499439,0.8769494018337096,0.8770583000380611,0.8197081475872239,-0.14527950660724637],[0.9978080094428234,0.9942171839590543,0.9903133337340955,0.998084652052035,0.9990916052509055,0.9856639770380416,1.0,0.9973919936475518,0.9578263407658943,0.9995792578934227,0.9995176266169692,0.9995304663507574,0.9983179486136927,0.9994439255380291,0.9991272584469792,0.9998861782732058,0.9963531522235313,0.9999019017059428,0.9993345454590892,0.9993395759173531,0.9996917372115228,0.999281439758628,0.9904285286747001,0.9747794648021586,0.9851909985805958,0.9256430556165609,0.9931622385292527,0.9906007050542213,0.9730006517794378,0.9488303434366215,0.9916927423188816,0.9917238637374431,0.9935993335891035,0.974555162749375,0.9989434947029355,0.9998400433012858,0.999693273427021,0.9994518024694877,0.9997365525094669,0.9998231105232469,0.9984187602340263,0.9997150988109708,0.9993470706176077,0.9989810365790915,0.9815091275181648,0.9271491606847945,0.9483831431014581,0.9406512997963355,0.9294456155533923,0.8850629198974229,0.957025483866516,0.9431460484603019,0.9592628680462236,0.9595118209406962,0.9508700549026601,0.9813649750721625,0.9802827385185378,0.9913363901181216,0.9963775449113158,0.9466626570112815,0.9622779249040009,0.9725436481884566,0.9731395381856259,0.9741729311300361,0.9466737357344437,0.9024729807160701,0.9537333746777129,0.960004054576171,0.9377285501056919,0.8915546894416706,0.966354697402385,0.9382759205534809,0.9668822163642753,0.9470120001523896,0.7705800395414462,0.8520290025734906,0.7745090316245313,0.8674250919840159,0.8876434991154756,0.8921255356678953,0.870791741686185,0.8829835493549048,0.31897661868196053,-0.5973662501679542,0.963768323647689,0.9482697659558667,0.947191291523217,0.9484226028934271,0.9599531583458538,0.9704194376352722,0.9704683001099493,0.9293840414417761,0.9669284768473343,0.844492167660263,0.7386797484510359,0.9198175110878124,0.9286218550798402,0.7767328230552681,0.9474230450348368,0.948459043636154,0.8947454752575151,0.9693159469097621,0.8319409885124281,0.6026502655359308,0.7076643428879529,0.8546531863326253,0.8451622973218792,0.8362013212527575,0.9775981326003303,0.9778005633863831,0.7672882415854164,0.7066932820091638,0.7821014971700896,0.3702392768244543,0.7720720862983536,0.792996925817221,0.7890489226635535,0.7902647567458613,0.7559578572450835,0.7379789859203131,0.718328235310975,-0.2742387952576443,-0.4242715223584158,0.6682428974593133,0.8900052174540919,0.9258258379794955,0.9420449205035437,0.9134158923498377,0.8241331092477449,0.9104459846603533,0.9310859732191781,0.9297776678211848,0.775790903758127,-0.14167638109424874],[0.9958864110932921,0.9909548779188867,0.99088796715729,0.9963487715769413,0.9984740184681121,0.9862851493179798,0.9973919936475518,1.0,0.9688876320717712,0.9999998179063406,0.9999992489233984,0.9997169935280962,0.9999970198471296,0.9999919750886593,0.9999980890402665,0.9992644640387705,0.9908042401622374,0.9994014299444723,0.999901309647241,0.9999009021052238,0.9999617593171657,0.999998714588813,0.9908583606212215,0.9761659276979958,0.9924248737832645,0.9398304708078032,0.9936648151518432,0.9884835794042177,0.975229355749199,0.948084830142598,0.9879734988228254,0.9938495323354217,0.9923032831005262,0.9714890290912039,0.999451093554983,0.9995377407556126,0.999650489882128,0.9997219597584568,0.9990947304488825,0.9994622851223454,0.9981137890685572,0.9987220473294245,0.9995215118975895,0.9993829019950334,0.9830985232476569,0.9270553360501136,0.945497004217578,0.9452090089956956,0.927433452478337,0.8729162095679641,0.9553257557042949,0.9384229784752959,0.95717915644245,0.9534626205998887,0.9445965610187413,0.9793323993319447,0.9772006819283697,0.9902819366704916,0.9970011607132773,0.9414768924011859,0.957641083684431,0.9657345646931497,0.9698137264337362,0.9677773875774082,0.9448660608743248,0.893911727303005,0.9486274575323312,0.9528900765516535,0.9321035113222832,0.8785012425771205,0.9633961515715608,0.9317490695870692,0.9611211910250957,0.9421859554197296,0.756745124870281,0.8433812321098779,0.7698766438829434,0.8588585585858961,0.8800037687300774,0.887153739638958,0.8661575600846079,0.8758087980610023,0.3004464212365681,-0.6021685355710763,0.9592415246848166,0.9408598810763472,0.9405524015567024,0.9463781962193047,0.9549098768636147,0.9659737928594126,0.9660120666671803,0.9239166124589329,0.959675878263001,0.8322791855216969,0.7352414202751429,0.935588404054801,0.939928853425902,0.7725002342188941,0.9470598935722883,0.9482590754357458,0.8921659080861069,0.9735318044833848,0.8351585338812164,0.5883321805907687,0.6986585405741261,0.8558615796578946,0.8420390935134908,0.8386268091878496,0.9802383153782045,0.9804451645664073,0.758001355074291,0.6985583529331757,0.7836184072637546,0.35691444258676946,0.7668746626749344,0.7884933155492152,0.7896789519966362,0.7846611015148168,0.749352911710369,0.7319658084967905,0.7116994599238047,-0.2904252910426682,-0.4394441321469012,0.6530331366980863,0.8821339700347249,0.923392030963683,0.9344145716205003,0.9074543726374135,0.8131227943715766,0.9039664878913106,0.9247883364754231,0.9237655775361979,0.7564324674760196,-0.12444550626335486],[0.9691286344176414,0.9833650157332322,0.9902345345981076,0.9714241036212065,0.9841257405605354,0.9917835462943728,0.9578263407658943,0.9688876320717712,1.0,0.9838647102495793,0.9878329244464609,0.9898048548477922,0.972600477658169,0.9809063104481427,0.9775252430059777,0.975280839856025,0.9487953802112018,0.9799875378551479,0.9782477608096511,0.9782104856511026,0.9823375165707472,0.9774048349004527,0.9945839483314244,0.9919546262152065,0.9817531161213269,0.9875524041018447,0.9847127463589291,0.9888507834151745,0.9900483124646977,0.9660057775488441,0.9291964043655837,0.9507377396266512,0.9679315896055682,0.9509551377602613,0.9719935842429697,0.9802450581276739,0.9770876006105067,0.9794544404939114,0.9878403434170132,0.9813331741002765,0.9677506686856978,0.9770199673937823,0.972822485351689,0.9717738392458809,0.9988884835173215,0.8856044700975586,0.9153759490062948,0.9348586581449211,0.923006315124873,0.844087968988708,0.8863378252052068,0.8796054004197398,0.8900147119232265,0.9090987173290082,0.892095370707955,0.9298060415157237,0.9448439800473232,0.9499794336553394,0.9632548160279018,0.8945662127414692,0.9605678260613187,0.9380020310974836,0.959922873947054,0.9381194591942353,0.892456216531427,0.9009474529438066,0.9324269978804345,0.90552479673689,0.8684341526452867,0.8633417048608116,0.9611432394200191,0.9102353772029453,0.9368657605946985,0.8975786725538175,0.7921724248411395,0.823069568661341,0.7063199436574352,0.8447612671576523,0.863544555177906,0.8769121593450315,0.8255308514547719,0.844062658546736,0.3415367377390792,-0.5445734261273654,0.9492831624289401,0.9414754501985605,0.9383660931727204,0.8939854441916386,0.9385206440363935,0.9478422208765096,0.9472462354953284,0.9283548731098977,0.9318811861843458,0.8482226485540516,0.7367380641077697,0.9268667386579604,0.9553823985277432,0.7649398737994421,0.9263475556006634,0.9281346412617661,0.8493873366167539,0.9676163965778967,0.7444002475870308,0.4849672669960705,0.6412428373073125,0.7756855357599833,0.7730793830362387,0.7538541576178597,0.9671344992855341,0.967147419676366,0.6867298910365142,0.6578940787447248,0.6776291206288558,0.3447087102873715,0.6805155620261094,0.6919365592643888,0.678621509191155,0.6895648438539888,0.7235552143887766,0.6755648313081342,0.6574217884729205,-0.33642929329722704,-0.4714171118986115,0.6693451835474842,0.8426220251470838,0.8405688788270471,0.8666860313669225,0.8660161302826792,0.7532997174139868,0.8184837263118053,0.8464753912862576,0.8404699281361722,0.7097533677735286,-0.06543008170348226],[0.996216012918103,0.990976717181273,0.993705565499116,0.9967297023682198,0.998474281857119,0.9856180112803508,0.9995792578934227,0.9999998179063406,0.9838647102495793,1.0,0.999999088734194,0.9997223934209444,0.9999984755368415,0.9999906450729903,0.9999975719259944,0.9996464449001705,0.9976910346101451,0.9993938695323112,0.9998710170383946,0.9998709491042151,0.9999750275912578,0.9999992420796596,0.9934932561551237,0.9775074961981243,0.9957619392428912,0.9736204030653061,0.9958597483667218,0.9884590719872209,0.9795516701167678,0.9493497575440064,0.9892221980519105,0.9934660746558709,0.9898775176828006,0.9679001576063321,0.9994590907243336,0.9995274183633912,0.99953763775747,0.999814433305525,0.9991095309331226,0.9994701269401314,0.998287379798439,0.9987579135844941,0.9994604371272275,0.9994552089883542,0.9873135862794459,0.9271836204330237,0.9455339434957413,0.9451917793775056,0.9274167460533825,0.8730727728709581,0.9438941748254186,0.9301233037813305,0.9474772984660271,0.9513238620574737,0.9423173774413502,0.9775514856094382,0.9772338058842004,0.9906739824671518,0.9967584408306246,0.9708914315878066,0.9575479436663189,0.9717276304195107,0.9697624852273747,0.9721622484781974,0.971877342543475,0.9426436847212731,0.9485428368858532,0.9475782588547993,0.9472186170702567,0.9060508648705208,0.9633107726073847,0.9627725721364893,0.9686548852392869,0.967604586872342,0.9246616257352455,0.8434428496183266,0.7967816587967197,0.8586123501024135,0.9009719349540884,0.8868717027577658,0.8933772085325604,0.8924490454273722,0.6819703847971348,-0.6143401722263504,0.9591870179618244,0.9408765634732266,0.9405762625738907,0.9721129434595447,0.9499287643013056,0.9655258414211325,0.9651012626252008,0.9245084466182918,0.9674853248210534,0.9280241264280024,0.7352635927635285,0.9352182485191207,0.9525675011403388,0.7531534351300357,0.9397267274951709,0.9411173486263801,0.8922366429425524,0.9725959545615028,0.8933506794506068,0.49035574125205145,0.67211566535538,0.8990347006722993,0.8451344226556063,0.8942026301067197,0.9801873719678551,0.9804303619412741,0.7580689610721704,0.6983123457549189,0.7611920099967786,0.35705410698591306,0.7091387465287043,0.766408255104945,0.7616467280052844,0.7267691141481457,0.7490660184864868,0.7319196016850142,0.7116285607803795,-0.5162466895428234,-0.5973822059843645,0.6530066452787816,0.8822753660092494,0.9231811840287151,0.9375126301278308,0.9076345653757808,0.8092555228759133,0.8964755742606475,0.916453736671037,0.9159056614924294,0.8057022374193122,0.1016686871524864],[0.9941938880449246,0.9909801329143925,0.9977605241992866,0.9949724583757944,0.998027136410235,0.9808355037875364,0.9995176266169692,0.9999992489233984,0.9878329244464609,0.999999088734194,1.0,0.9997223415135128,0.9999961974051651,0.9999943181361196,0.9999981568864238,0.9996215188176732,0.9972261931691437,0.9990765468011276,0.9997544088540282,0.9997542071670629,0.9999983173538362,0.9999981746103775,0.9924558057767193,0.971205408581929,0.994620609597294,0.9810934655572319,0.995271217627893,0.9884760559682564,0.9811437429150623,0.9400057478354521,0.9874889983608942,0.9924234400934244,0.9829171644442132,0.9398876559364484,0.9991799804406837,0.9992416495735214,0.9991710645891524,0.9998841801443619,0.9990900533253517,0.9991818973085946,0.9975917885615402,0.9982601387572319,0.9991455556658017,0.9991426001119488,0.9890199841908338,0.9268656196030216,0.9061764652789639,0.9451202819221666,0.9272860193106827,0.8726918719342315,0.9064111494993833,0.8916382637834737,0.9115293854468345,0.9190059620845333,0.9045172332052451,0.9677490541525837,0.9677170669854617,0.989478480765599,0.9950140937258392,0.9623699569229067,0.9576427660794797,0.95885068390939,0.9587083160583467,0.9607954079565598,0.9605021008989515,0.9157879161650625,0.9369785385797834,0.9117008793445269,0.9111684414405342,0.8269538853372277,0.9601843888363875,0.9668738651169216,0.9627005449105112,0.9615391010730354,0.913393946261677,0.7578818802166845,0.7121132403441711,0.810026111346199,0.8728213623724047,0.8354360621270062,0.8541018179245605,0.8525429304549373,0.6708070936931086,-0.44166543236658706,0.9439203822123363,0.9409758156523576,0.940639233874193,0.9637630336689309,0.9345976064507453,0.9473962374704061,0.9466516816109393,0.8898599183016022,0.950816170371846,0.8962701408024075,0.7354040982254408,0.9356138126875743,0.9548331945216366,0.6141248180547156,0.8898931435834625,0.8930745649590581,0.8456789360179412,0.9836777627224776,0.8331144130572281,0.15847945306054387,0.5146927776442711,0.8456393053895526,0.8078712042693558,0.839326868253311,0.984401069220247,0.9844159411032061,0.48763944595119374,0.5983859440464625,0.4949797051311101,0.35694133092653196,0.45785481853658594,0.5082133543336423,0.49710125723241366,0.4331813693392548,0.7352676998600716,0.577666877437019,0.5365986348300326,-0.48247122759258193,-0.5357181822804327,0.6523425630501348,0.8603210724345025,0.8732606472904604,0.901564025706135,0.9011045220571049,0.6522546405836126,0.8334415906625251,0.8647189956464891,0.8639225271181136,0.6053210702550098,0.03859362023617669],[0.9936908819702267,0.9929160470672916,0.9968641323156877,0.9947482392634482,0.9980545711019775,0.9794837616737968,0.9995304663507574,0.9997169935280962,0.9898048548477922,0.9997223934209444,0.9997223415135128,1.0,0.9997379426291929,0.9997205188257068,0.9997282644870352,0.9996178224112012,0.9978658745259703,0.9992922080585825,0.999964669184175,0.9999643421086598,0.9997271853565222,0.9997338647746886,0.9917468049315845,0.9657393324037551,0.9930025097768876,0.9808732178502004,0.993916343513929,0.9916704174109169,0.976013230803472,0.9172487130073779,0.9899616957613954,0.9932636927696726,0.9776024509718476,0.9171265943957873,0.9993056205380009,0.9993623002680557,0.9993144722616111,0.9995178512753884,0.9995395083553542,0.9993340378602189,0.9973676207525822,0.9982559334861298,0.9992884392700766,0.999284758802322,0.9899094116690295,0.9216096996835734,0.8906671726722764,0.9417575737122283,0.9267566027468455,0.8728028173172008,0.8648236572272519,0.9052936376329442,0.8692632432880945,0.8891883287352833,0.8625553478630967,0.9536410562779537,0.9536137274827049,0.9787431633823365,0.9939438775019013,0.9606017720385825,0.9621792993462267,0.9538764333354439,0.9557496742702032,0.957373358642684,0.9572085940088667,0.9149385795617235,0.9270196202485345,0.8952601406804048,0.8951200431315591,0.8042664931604835,0.95782335879297,0.9605133868812247,0.9606380273295361,0.9600585903439312,0.9185975959307832,0.6851013579641491,0.6330215513930747,0.760384930968253,0.8413358522847905,0.7843565834233776,0.8138801530461648,0.8128660447087365,0.6323194795610206,-0.3572769956482863,0.9369085639369127,0.9443773400414106,0.9366751045979151,0.961708247950875,0.9342004942549234,0.9415553019156075,0.9406057404961071,0.884987791286047,0.9448547321502471,0.8902945247904955,0.6708909537871836,0.9324887697968908,0.9267831541416751,0.4434392553927722,0.8171753326600781,0.8228247921237476,0.7242491047981224,0.9758769470062855,0.6995492355352446,-0.2163319338137493,0.23409639053541015,0.7242640642657956,0.6776677494752433,0.7175353835236324,0.9770748546986971,0.9771451961354537,0.13900945408459212,0.29451200317669834,0.1431843844329553,0.11562955518408136,0.1354938208261414,0.153267864795304,0.15088674308476333,0.06781929901158246,0.4923246531995615,0.22312859676276886,0.17033061456410797,-0.5079937009374172,-0.5492615679580063,0.6530415777316134,0.7491224204775371,0.773439212876883,0.8349397729369388,0.8265926574552193,0.5476850275914928,0.7411298355062398,0.7682301148952452,0.76706475313839,0.41818130407383497,0.23390943126622055],[0.9960113006100091,0.9911307762944995,0.9907668892009407,0.9964555874919986,0.998508468574418,0.9861807234898716,0.9983179486136927,0.9999970198471296,0.972600477658169,0.9999984755368415,0.9999961974051651,0.9997379426291929,1.0,0.9999905057308613,0.9999976716468262,0.9993172304390524,0.992580441505118,0.9994453216197635,0.9999109720319401,0.9999107706858437,0.9999690523794621,0.9999989219495883,0.9907513664676281,0.9760106731583558,0.9930877595850386,0.9447656103046673,0.9936210769899766,0.9886270099760932,0.9750447299135345,0.94805711343065,0.9888745721399054,0.9939213556551892,0.9923802201803701,0.9716268109554161,0.9994935745572262,0.9995791097886076,0.9996821393350386,0.9997227550115475,0.9991651516267053,0.9995055410398537,0.9982036190908375,0.9987949590550729,0.9995646884918706,0.9994263438871702,0.982884308774323,0.9273489434085953,0.9456857616436148,0.9451572633741587,0.927636558213002,0.8737027059296022,0.9556756169646092,0.9388341470216545,0.9575350077791878,0.9538319866651866,0.9450068225060143,0.9795848803265684,0.9773951904912367,0.9904247882925821,0.9970726560482414,0.9417799464950833,0.9577739514260195,0.9660067925348638,0.9699333516951848,0.9680459440989814,0.9451190897402023,0.8940329677988842,0.9488694519308886,0.9532881958062746,0.9325269846883963,0.8788696535796635,0.9634662215800162,0.9319535514150635,0.9613322782633944,0.9424688612940969,0.7567998844085898,0.8438049457955754,0.7704053252282073,0.8592628079296661,0.8803114834500262,0.8873756961995918,0.8665451501612474,0.8762043993437096,0.30071075517042617,-0.6021283234163312,0.9594243410653023,0.9411571580843981,0.9408081313229464,0.9466178176452522,0.9551088704856414,0.9661685068573488,0.9662082279065562,0.9240573909392866,0.9599690868068341,0.8324508101505504,0.7353891436095895,0.9348754977239039,0.9394107523211519,0.7726640325011922,0.9470972313221826,0.9482876091981841,0.892505657242116,0.9733745598710049,0.8356241457186127,0.5893832024042971,0.6993309977173431,0.8563195851638187,0.8425693399566798,0.8390901314473451,0.9801635199065716,0.9803703157906795,0.7586376792962194,0.6991291604885486,0.7842098885618726,0.3576760666109837,0.767555294529149,0.7891780607241061,0.7902808993936616,0.7853697329608463,0.7497282923652742,0.7324191742894255,0.7121756406055867,-0.28944761532583135,-0.4385673893392827,0.6535345405232856,0.8826494921027729,0.923834669044015,0.9349366295505103,0.9079156799486116,0.8136842741279391,0.9045353776078996,0.9253468972370856,0.9243128229319337,0.7571084247282708,-0.12547477467311585],[0.9960433472523312,0.9909753981297856,0.9931062464463869,0.9965808061432716,0.9985072273573047,0.9866543639251631,0.9994439255380291,0.9999919750886593,0.9809063104481427,0.9999906450729903,0.9999943181361196,0.9997205188257068,0.9999905057308613,1.0,0.9999945395925534,0.9995213323822976,0.9976092789597603,0.9993988015246241,0.9998944001185242,0.9998933021608911,0.9999494745755103,0.9999905827153587,0.992753043268876,0.976402487549686,0.9954874765791342,0.9676319485101251,0.9952615113264464,0.9884150660718108,0.9753302331032161,0.9482222367702439,0.9889704494200359,0.9938648662520634,0.9917020468800005,0.9711150284735246,0.99946149714855,0.9995303930534479,0.9995965455345095,0.999876868399901,0.9991214325889245,0.9994513206236358,0.9980227638546605,0.9987102767883029,0.9994770225225226,0.999469558313338,0.9853268924805489,0.9273643728872855,0.9454216232560483,0.9450541217527255,0.9272407904493889,0.8729787313869963,0.949343914574995,0.9301826254634209,0.9514583730508381,0.9531957420537234,0.9443131509234305,0.9777276685574193,0.9770546995920467,0.9896020962467105,0.997075446438644,0.9711013746273376,0.9573029550064663,0.9717072385131938,0.9697566611584372,0.972725958928506,0.9724303163643173,0.9514382251789064,0.9482109033996932,0.9521601627072579,0.9517853571298988,0.9230788204721075,0.9633414162234865,0.9657563148876311,0.9703631183118259,0.9691736963083899,0.9344531571701434,0.8430584179687748,0.8052487447593961,0.858313202450084,0.8919837606074494,0.8868910278504584,0.8881217512865199,0.8868773088032856,0.6598971052679703,-0.6025405433980414,0.9591951391901288,0.9407595807834637,0.9403039173891804,0.9723271192201384,0.9549551762089658,0.9659381208286251,0.9660288807583627,0.9239501914452779,0.9664964827840782,0.9364508751955681,0.7350437768077996,0.9348689276967284,0.9456386311283826,0.7715165632793558,0.9468931306167865,0.9480165625640135,0.8921103072804081,0.9737476612956328,0.8833218198894636,0.5886854949906368,0.6981648597865908,0.8908424580872941,0.8544791891576996,0.8813288714884825,0.9804633762036977,0.9807032440537106,0.7571298327275406,0.6976953012108629,0.7988523099664381,0.3569744646661612,0.7707598189391835,0.803499766642543,0.7980388924268418,0.783139598830425,0.7491233585553658,0.7305355489520301,0.7102842296642743,-0.3822818568712864,-0.5027947296422715,0.6521887118551509,0.8822849096039009,0.9207027951531983,0.9302831872056749,0.9079936221346857,0.8122540199346048,0.8909045959999683,0.9135077888103997,0.9130913885176717,0.8438534834905661,-0.0926768550961222],[0.9959340816518472,0.9910443943766716,0.990947744102997,0.9963956207076521,0.9985070629852293,0.9863548410182869,0.9991272584469792,0.9999980890402665,0.9775252430059777,0.9999975719259944,0.9999981568864238,0.9997282644870352,0.9999976716468262,0.9999945395925534,1.0,0.9994141170867983,0.9968232349484755,0.999418903710713,0.9999045103415444,0.9999037911104538,0.9999630659392164,0.9999974679307878,0.990903205097629,0.9762298782509451,0.9948362456839868,0.9589248534555292,0.9946473110563829,0.9885722885269144,0.9752836593585508,0.9482646034436027,0.991329790439612,0.9941997804864993,0.992249018645207,0.9713963129250248,0.9994639717459172,0.9995399524344452,0.9996585725797311,0.9997385840720453,0.9991268429240033,0.999460333696703,0.998141173727456,0.9987401748091509,0.9995325014389855,0.9993968761878215,0.9830949752830197,0.9271361239359494,0.945520684588047,0.9452048140648913,0.9275652564934931,0.8732551221983893,0.9554125606211213,0.9385683436233972,0.9572995141712792,0.9534127056908211,0.9445153840119321,0.9793632900196034,0.9771474523025196,0.9902520896641993,0.9969652742998869,0.9417925297176412,0.9577402408848604,0.9659123198753045,0.9698911447612814,0.9679399496995355,0.9446505207053244,0.8941394697534787,0.9485184832830745,0.9529578419151432,0.9323306667773817,0.8786385073968929,0.9635496626388825,0.9321194575449938,0.9613380913313907,0.9425171878113849,0.7571132596550665,0.8433596219555229,0.7701538178549172,0.8588823183278856,0.88018272670913,0.8871504227581474,0.8663185582081382,0.8759865888891525,0.3008123586854244,-0.6018653921336402,0.9593228235849072,0.9410275021522868,0.9406968615620559,0.9449138303791654,0.9550929528146803,0.9660543049791814,0.9660889759659118,0.9241089476571263,0.9598543686563854,0.8325619931583288,0.7352807443541403,0.9352462824041557,0.939815025043959,0.7724808898374137,0.9469761047121352,0.948180003561643,0.8919826076688301,0.9735504566367524,0.8351985282704022,0.5881695124419541,0.6985466706561494,0.8558789677021119,0.8421753181210214,0.8386640570734154,0.9802828855347616,0.9804865201785745,0.7575976835727696,0.6981933814093664,0.7836044751432629,0.3571963013514177,0.766856106794735,0.7884166866597858,0.7898460208695725,0.7845632532781432,0.7492648339643961,0.7311917345999313,0.7109606070576666,-0.29022903335005656,-0.43924352166187736,0.653300369799278,0.8820434822427273,0.9235251367158109,0.934465589812593,0.9074978435327743,0.8129208479252955,0.9041825677740807,0.9248343385788027,0.9239304269791306,0.7565382991049066,-0.12473542922852568],[0.9975389020218998,0.993464453855514,0.990347186325803,0.9978399268717055,0.9990308765967163,0.9860170592215431,0.9998861782732058,0.9992644640387705,0.975280839856025,0.9996464449001705,0.9996215188176732,0.9996178224112012,0.9993172304390524,0.9995213323822976,0.9994141170867983,1.0,0.9982759784292962,0.9998362761320888,0.9995102139122288,0.9995154277440581,0.9997469276392246,0.9994951683572331,0.9904340995713069,0.9751233839026144,0.993367469288318,0.9505987625878434,0.9930011413839744,0.9904898376818962,0.9732163935540233,0.9487357667876413,0.991835882084588,0.9925418626957228,0.9930139255029397,0.973530547492579,0.9992398448926022,0.9997237571112442,0.9996978132683145,0.9995347298518229,0.9995473791003507,0.9996763349036442,0.9987873877595798,0.9995486955754023,0.9994860334744681,0.9992321716404481,0.9815435448343977,0.9259419529851696,0.9478780828694424,0.9407974884867892,0.927991538523071,0.8811993632608156,0.957671583289238,0.9435190578001291,0.9598638546027638,0.9580342586843614,0.9492315514700669,0.9815467511634214,0.9794694637201631,0.9913031164026397,0.9964366213328377,0.9468530931893319,0.9615504141994705,0.9715615166423514,0.9726051320461698,0.9732944773252162,0.9478202030178228,0.9008696645729015,0.9521187784868581,0.9588851703383572,0.9378275710141003,0.8884706943091486,0.9661109383380451,0.9377222187142635,0.966272819061232,0.947395165427831,0.767049095058925,0.8496080004414648,0.7750769743640511,0.8648146904330922,0.8859391860678771,0.8903124379653847,0.8705169418612558,0.8819349795331178,0.3135186781532872,-0.5983676922054985,0.9628587042613833,0.9465892764780425,0.9458593461418028,0.9496176963407408,0.9595225230852303,0.9696124922853523,0.969692436824255,0.928841221595875,0.9657999237638321,0.8417166896178792,0.7368931894635374,0.923750012086634,0.9308885341660854,0.7751844600217457,0.9470485365587722,0.9480342953677483,0.8923622969841354,0.9696832664957818,0.8344290989073617,0.5986522791383874,0.7041635809976179,0.855900713622144,0.8