var element = document.getElementById("correlationClose");

if (element.style.display != 'none') {
    var correlationClose = {"data": [{"type": "heatmap", "z": [[1.0, 0.999983330319159, 0.5726551049232947, 0.999701866027499, 0.9974854663812788, 1.0, 0.9908811903873647, 0.9864659167109037, 0.9915492747951624, 0.9732027833296579, 0.9822876869744293, 0.9909255588499147, -0.12888672527388162, 0.9909904256399519, 0.9844787155532431, 0.9845630025022699, 0.4492753973961775, 0.9919971440742928, 0.9919953983188855, 0.9839498450988087, 0.9909272977899143, 0.44613794375076243, 0.666947132740926, 0.9779610568320284, 0.9779382501877489, 0.9609750662853186, 0.3086853946227643, -0.12165150675722125, 0.9898216541318667, 0.9897799962702594, 0.27747089942357184, -0.2026632680962859, 0.9937902988402384, 0.994653436907162, 0.8120892377510304, -0.3896664490455114, 0.9876893169435313, 0.994427525240032, 0.987149228340853, 0.43155769216197726, 0.993975850770076, 0.9939713556891423, 0.993975850770076, 0.887969085374881, 0.6692004229350409, 0.8655706789071851, 0.8797817607129241, 0.7920397884097324, 0.3877008684150192, -0.13343663359375163, 0.19153956109768067, 0.9452952840836266, 0.46053704140531804, 0.9768635727713062, 0.9710659592589233, 0.9150783675934602, 0.9114952182111306, 0.9332158062797521, 0.9091406162106974, 0.930004765493156, 0.9308987955864488, 0.930004765493156, 0.8446924594927331, 0.9064690387838277, 0.9076829019516103, 0.9064690387838277, 0.8963530227101207, 0.7350209016593032, 0.8712448985134644, 0.8730769644813139, 0.8712448985134644, 0.6201752844405284, 0.30935474324006534, 0.5965571916422449, -0.5940942958000467, 0.4922944584725457, 0.5455472981369606, 0.547329953262084, 0.5455472981369606, -0.10157171768510093, 0.8835831775681042, 0.9157523431078599, 0.8975291507497628, 0.9167147118521782, 0.44515709414081855, 0.8807032554679526, 0.8821304859187834, 0.8807032554679526, 0.8901200099027238, 0.8901200099027238, -0.15950753882332175, 0.5508531127124064, 0.19242656136306707, -0.562918216996161, -0.5634897053430109, -0.5668739563535892, -0.04230363137059695, 0.05843678423249536, 0.25873795565621144, 0.13398397815795743, -0.3877908530158284, 0.054086034120826694, -0.7926962983827271, -0.212223816854376, 0.12274453628898103, 0.12355128317676782, -0.5419612997377955, -0.6049046543700484, -0.21335576149582391, -0.4878041418907123, -0.8290116085111532, -0.3500648844101629, -0.34167926662909476, -0.3500648844101629, -0.18463463465598837, -0.25794261756745096, -0.25794261756745096, -0.8174145534270768, -0.8174145534270768, 0.3981263215599707, 0.6566818633287901, 0.8726599308835394, 0.8514801482497778, 0.7885861470483282, -0.24967983762776638, 0.7667430047373117, 0.8072605368806361, 0.807321696619723, 0.8072605368806361, -0.2359658936916393], [0.999983330319159, 1.0, 0.9697972837961866, 0.9992269864635032, 0.9938447811693623, 0.9999833303191588, 0.9783134423524809, 0.9694787969886514, 0.9780976519703223, 0.9590155426441442, 0.9802406393123373, 0.9783620390882, 0.9783224567043568, 0.9781435177031444, 0.9406039421088938, 0.9398654457090245, -0.2708719284374775, 0.9836636928181328, 0.9836360134044824, 0.9784255043447342, 0.9784165853962755, -0.14379233406867523, 0.968547195488471, 0.9715791181321628, 0.971648824494494, 0.9613665121324, 0.04540700561525326, 0.1515739787064464, 0.9759906028374449, 0.9760470624177665, 0.9713264665985236, 0.14192229897981412, 0.9876739020128193, 0.9877504198190044, 0.9885184562705939, 0.9804538526239893, 0.9861105473708739, 0.9877137322858466, 0.9466691774951542, -0.2774347873058367, 0.9885967818030714, 0.9885779524371426, 0.9885967818030714, 0.8879789789184941, 0.5470158205445513, 0.8662398775453249, 0.8800876530434938, 0.7913196649754461, -0.4382149549827472, -0.5470869488571543, 0.8278308879891694, 0.8558380152377983, -0.18324243411425897, 0.9338053404748252, 0.9338884164472938, 0.9243942325765538, 0.93426347213557, 0.9122380922538105, 0.9118835393980074, 0.9189494375598133, 0.9196752773657815, 0.9189494375598133, 0.7782609181783535, 0.7388242523115622, 0.7410569143372614, 0.7388242523115622, 0.9285185034421365, 0.9336047250623308, 0.9283927701657377, 0.9295899923251013, 0.9283927701657377, 0.4483602999800329, 0.38953934002427215, 0.5104329302212439, 0.6148314765748175, 0.49511615375362533, 0.5352924616831436, 0.53618636610491, 0.5352924616831436, -0.21825217231197927, 0.8694665680207682, 0.9056821659003189, 0.8923372529515872, 0.931511197217714, -0.09296943070856978, 0.8636091879726353, 0.8640130286309061, 0.8636091879726353, 0.8747515604867123, 0.8747515604867123, -0.26159906046899284, 0.5518351035755765, -0.3823094432156472, -0.6605438411056646, -0.4684979851160471, -0.47191077009993576, -0.3093114622186936, 0.22349388698873157, -0.21880028707802437, -0.3999491932359285, -0.5967231273389731, -0.29078829345041085, -0.4993445462756387, -0.3447069235231798, 0.0980339612124349, 0.09333421192421776, -0.49017390916427056, -0.4460443185106447, -0.47417151858447787, -0.5037411836808394, -0.4962516728910113, -0.4762915777387766, -0.4795383133454317, -0.4762915777387766, -0.35877921325218115, -0.4992263532387953, -0.4992263532387953, -0.4725141648211027, -0.4725141648211027, 0.3979382842845148, 0.4117960060905998, 0.5179874824475282, 0.5999239566654088, 0.574842939113279, -0.3933452040185645, 0.38012380104902804, 0.37049418823258806, 0.37058778002532655, 0.37049418823258806, 0.11255685803647397], [0.5726551049232947, 0.9697972837961866, 1.0, 0.5663103093459945, 0.4569218294630849, 0.5726551049232947, 0.5611599928679556, 0.5496183961571807, 0.46323437830267117, 0.403998490345111, 0.9966561613287069, 0.5611749630854596, 0.5143045329663934, 0.5615036347165534, 0.5574935162830369, 0.5916459094812236, -0.10708689839766411, 0.5071321731156943, 0.5071003655884085, 0.4597414944428797, 0.5608066404269733, 0.21001408471596691, 0.7004507688652789, 0.5285742814192689, 0.5282915710095365, 0.9838935938731468, 0.29373848980360867, 0.17780970433828253, 0.5260982036228816, 0.525598385735407, 0.7663794178171114, 0.009989881045913569, 0.5593089802799048, 0.46085425919214024, 0.5453388096369369, 0.3587364058670314, 0.9939842871055218, 0.4495790110070179, 0.5554134994928744, -0.11344897047298985, 0.5753707545568304, 0.5580622303140655, 0.5753707545568304, 0.8932117442074703, 0.38888450286293286, 0.9034171555393637, 0.8684441054624349, 0.650632659406376, 0.20061326429625478, -0.01338396972761182, 0.05703328168326174, 0.4258068988673097, -0.07319756541576432, 0.5169398679262802, 0.45265671115307754, -0.07101102190414575, 0.6920085097746287, 0.645418138728418, 0.48763742987204056, 0.651689345613291, 0.7143109695334372, 0.651689345613291, 0.33632004795592807, 0.545550432082457, 0.6442752441728878, 0.545550432082457, 0.5640706506893728, 0.6226443936896865, 0.6632590309189984, 0.7347344172695728, 0.6632590309189984, 0.20916645354270166, -0.08440127648549633, 0.227253453110227, 0.14569268278007166, 0.22700337523134564, 0.2622734868172518, 0.3980930440357265, 0.2622734868172518, -0.17322347638019836, 0.44330848434039233, 0.8105083474914367, 0.5297990751096383, 0.7308071691444569, 0.07473188316057608, 0.509182189009718, 0.5103804855726998, 0.509182189009718, 0.6323129212739392, 0.6323129212739392, -0.28536929169811065, 0.7182212457165883, -0.22675196745560697, -0.5485663695927356, -0.390363811179845, -0.39351292399600013, -0.39279844891907856, 0.014650316431221147, 0.024154435565520906, -0.2619270816776625, -0.5312011254240566, -0.13647438974512513, -0.2283479330127409, -0.21117584149851798, -0.024138201099514207, -0.027048584646231996, -0.450019575293482, 0.00867731441165161, -0.22065095514097116, -0.4839891360877497, -0.11497446468242446, -0.35865154645177144, -0.2350659263661031, -0.35865154645177144, -0.4279687169809341, -0.5060022921307313, -0.5060022921307313, -0.24113949098832207, -0.24113949098832207, 0.32495115039819567, 0.13625001918949067, 0.2451232566838708, 0.48919144374522033, 0.21837991566662238, -0.30804977947246637, -0.03680418811268617, 0.4469837577114948, 0.5613356763048452, 0.4469837577114948, -0.04344382366587829], [0.999701866027499, 0.9992269864635032, 0.5663103093459945, 1.0, 0.9986402295472647, 0.9997018660274988, 0.9924760576174628, 0.9885420635189507, 0.9934837194938134, 0.9709788610158965, 0.9872370143231846, 0.9925083314723981, -0.1332323176837917, 0.9925453821612567, 0.9859683901212675, 0.9860616901378322, 0.4350077414071214, 0.9933669829003313, 0.9933653213237097, 0.9843767778974888, 0.9924994336397169, 0.4373752696850112, 0.6703695531325066, 0.9809179355751957, 0.9808954344827541, 0.9711907519498796, 0.30379768263808515, -0.1289407046248989, 0.989544345829428, 0.9895129726825399, 0.2690597469733357, -0.2034742108064781, 0.9945845616039527, 0.9957304459089367, 0.7716681611367661, -0.3954063048127326, 0.9913103299635069, 0.9957433733505852, 0.9877120581789636, 0.4169224122981581, 0.9921707327965874, 0.9946641240781103, 0.9921707327965874, 0.8863412521245708, 0.6564118553690022, 0.8737609128587984, 0.8764022539051068, 0.7694699968467149, 0.3821663455764738, -0.13943977238840694, 0.1849960418219292, 0.9394909152807002, 0.44437152048267464, 0.9725369929580417, 0.9682241430679855, 0.8908986631372708, 0.9026279108033279, 0.9182343709745259, 0.9040707176533657, 0.9103806426446515, 0.9116107500827278, 0.9103806426446515, 0.8347856028037055, 0.8928412570762746, 0.8941822314445736, 0.8928412570762746, 0.891932007190774, 0.6677606421633767, 0.8271312708719538, 0.8290735546887891, 0.8271312708719538, 0.6100818424941453, 0.10198570543000555, 0.584467340447881, -0.5992739693406197, 0.4856536798137853, 0.2870110226610936, 0.515214610301747, 0.2870110226610936, -0.10852803721764273, 0.8768022716887197, 0.90512366181849, 0.8875039289536856, 0.8901535444925919, 0.4317252999391235, 0.8749158799336594, 0.8765261583363323, 0.8749158799336594, 0.8678559887569656, 0.8678559887569656, -0.16576256780546209, 0.5780085995994391, 0.19716034996947704, -0.5737117474201348, -0.5713635698562664, -0.5746627018547077, -0.05503209115750756, 0.05284785143849715, 0.25148465483457155, 0.12105265910686515, -0.40077776252825886, 0.04736537828441166, -0.799523818195298, -0.22034555680297122, 0.11150948714847628, 0.11237896921116192, -0.5495500312429281, -0.6017682202472562, -0.21518517951776706, -0.500225450364331, -0.8314801029582216, -0.3519806064438601, -0.3441564388131406, -0.3519806064438601, -0.19422372337509183, -0.2683065582860623, -0.2683065582860623, -0.8177213746354876, -0.8177213746354876, 0.38451072140076353, 0.6446404832130539, 0.8650899442480838, 0.8439698762748805, 0.7812746755215166, -0.26341114627776924, 0.7578538371362394, 0.7986769573297184, 0.7987430984882425, 0.7986769573297184, -0.22078981525086902], [0.9974854663812788, 0.9938447811693623, 0.4569218294630849, 0.9986402295472647, 1.0, 0.9974854663812788, 0.9967842380842837, 0.9948214391440907, 0.9969758399436298, 0.9606459892608914, 0.9953816490478248, 0.9968030051335437, -0.34338302181824737, 0.9968339972125322, 0.9866652431518509, 0.9838887822138113, 0.23956351398810688, 0.9973745216297867, 0.9973722508523473, 0.9861171047502745, 0.9967940319537317, 0.07051013505989395, 0.631152591539255, 0.9906050945952032, 0.9905607697177571, 0.9847908806678798, 0.05212055185764776, -0.11412460831400237, 0.98770215719135, 0.9876370273551904, -0.04660803282887142, -0.10127379916779282, 0.9977132845590764, 0.9976500478495082, 0.7484393998108673, -0.5374731184592872, 0.9971541466715146, 0.9979077149214162, 0.9867235391685654, 0.21577365410311233, 0.9976682185533949, 0.9976699068394675, 0.9976682185533949, 0.9015807028972953, 0.6172368242903532, 0.8955589579668192, 0.8804043308924018, 0.7360094010251008, -0.09927814323806881, -0.5802243522210382, -0.23624310237587895, 0.9247570266423922, 0.29947569432627796, 0.9660414644995005, 0.966105475867479, 0.8850418142111316, 0.880135033232422, 0.9037041671640071, 0.8889455415437326, 0.901797178960945, 0.9024365804975033, 0.901797178960945, 0.8045228153503621, 0.8350876496052378, 0.836768835422068, 0.8350876496052378, 0.8786475596787064, 0.7707588963143364, 0.8584075027876298, 0.8597191187036879, 0.8584075027876298, 0.5608690121030079, 0.4240917735271164, 0.5434342548250253, -0.6438191849984316, 0.54025280059573, 0.5173147469538049, 0.517532029656658, 0.5173147469538049, -0.12899440008648688, 0.8554741622177829, 0.8742242313095183, 0.8595862994181472, 0.8951925422881332, 0.2880194747702631, 0.8567434028463424, 0.858376692284075, 0.8567434028463424, 0.8648218839486218, 0.8648218839486218, -0.20896385722007163, 0.6374298772559416, 0.050493569719250175, -0.6089521156461144, -0.6290149803827785, -0.6292485433995241, -0.09127839445361888, 0.07456148770565871, -0.14796080019841323, -0.13208830866004231, -0.4877468705506785, -0.32584353255394344, -0.8632624332613238, -0.5188896005826996, 0.07718431516795968, 0.07793164791860267, -0.5802783168876082, -0.5932593123806068, -0.5136592962478356, -0.5434834317618458, -0.7987163973669763, -0.5698015982062264, -0.5727777035127751, -0.5698015982062264, -0.23843291329810617, -0.30723960060875677, -0.30723960060875677, -0.7647676086933738, -0.7647676086933738, 0.36423378483440455, 0.6229971386244292, 0.8145303114672641, 0.7890352388157903, 0.7682359174838647, -0.4022622819119556, 0.6067710545011408, 0.688994989118388, 0.6891713789294948, 0.688994989118388, 0.012519613416195965], [1.0, 0.9999833303191588, 0.5726551049232947, 0.9997018660274988, 0.9974854663812788, 1.0, 0.9908811903873647, 0.9864659167109037, 0.9915492747951624, 0.9732027833296579, 0.9822876869744293, 0.9909255588499147, -0.12888672527388162, 0.9909904256399519, 0.9844787155532431, 0.9845630025022699, 0.4492753973961775, 0.9919971440742928, 0.9919953983188855, 0.9839498450988087, 0.9909272977899143, 0.44613794375076243, 0.666947132740926, 0.9779610568320284, 0.9779382501877489, 0.9609750662853186, 0.3086853946227643, -0.12165150675722125, 0.9898216541318667, 0.9897799962702594, 0.27747089942357184, -0.2026632680962859, 0.9937902988402384, 0.994653436907162, 0.8120892377510304, -0.3896664490455114, 0.9876893169435313, 0.994427525240032, 0.987149228340853, 0.43155769216197726, 0.993975850770076, 0.9939713556891423, 0.993975850770076, 0.887969085374881, 0.6692004229350409, 0.8655706789071851, 0.8797817607129241, 0.7920397884097324, 0.3877008684150192, -0.13343663359375163, 0.19153956109768067, 0.9452952840836266, 0.46053704140531804, 0.9768635727713062, 0.9710659592589233, 0.9150783675934602, 0.9114952182111306, 0.9332158062797521, 0.9091406162106974, 0.930004765493156, 0.9308987955864488, 0.930004765493156, 0.8446924594927331, 0.9064690387838277, 0.9076829019516103, 0.9064690387838277, 0.8963530227101207, 0.7350209016593032, 0.8712448985134644, 0.8730769644813139, 0.8712448985134644, 0.6201752844405284, 0.30935474324006534, 0.5965571916422449, -0.5940942958000467, 0.4922944584725457, 0.5455472981369606, 0.547329953262084, 0.5455472981369606, -0.10157171768510093, 0.8835831775681042, 0.9157523431078599, 0.8975291507497628, 0.9167147118521782, 0.44515709414081855, 0.8807032554679526, 0.8821304859187834, 0.8807032554679526, 0.8901200099027238, 0.8901200099027238, -0.15950753882332175, 0.5508531127124064, 0.19242656136306707, -0.562918216996161, -0.5634897053430109, -0.5668739563535892, -0.04230363137059695, 0.05843678423249536, 0.25873795565621144, 0.13398397815795743, -0.3877908530158284, 0.054086034120826694, -0.7926962983827271, -0.212223816854376, 0.12274453628898103, 0.12355128317676782, -0.5419612997377955, -0.6049046543700484, -0.21335576149582391, -0.4878041418907123, -0.8290116085111532, -0.3500648844101629, -0.34167926662909476, -0.3500648844101629, -0.18463463465598837, -0.25794261756745096, -0.25794261756745096, -0.8174145534270768, -0.8174145534270768, 0.3981263215599707, 0.6566818633287901, 0.8726599308835394, 0.8514801482497778, 0.7885861470483282, -0.24967983762776638, 0.7667430047373117, 0.8072605368806361, 0.807321696619723, 0.8072605368806361, -0.2359658936916393], [0.9908811903873647, 0.9783134423524809, 0.5611599928679556, 0.9924760576174628, 0.9967842380842837, 0.9908811903873647, 1.0, 0.9972030580407129, 0.9999682403953253, 0.9518520757863493, 0.9995961374687388, 0.9999961886263542, -0.14677947232666871, 0.999992500765691, 0.9953725969784902, 0.9894636800187226, 0.3859732796935202, 0.9998377986197415, 0.9998381735181834, 0.9885649099094767, 0.9999963904442262, 0.3439097971027324, 0.6714082266236199, 0.9843254483411277, 0.9845856781766124, 0.986095188882986, 0.22553072874125907, -0.18774109944376313, 0.9921180945513193, 0.9918489813326196, 0.16878077761337087, -0.25362598703428435, 0.9992950447775102, 0.9993872643579975, 0.3541102139737102, -0.32796778117647063, 0.9987011654483031, 0.9993029023514316, 0.9931738426676362, 0.36636406312544467, 0.9320459050716279, 0.9990235871120693, 0.9320459050716279, 0.9102316998868037, 0.6209266768703094, 0.9182071176355233, 0.8898644943757773, 0.6897883930575738, 0.4137170177965562, -0.08200925226833042, -0.2110692477664079, 0.9233244807688744, 0.40299049024173106, 0.9682542051232698, 0.9612210296661531, -0.0819243741271844, 0.8303915958141171, 0.8029344516152161, 0.8501875623318225, 0.7962968926424698, 0.7639872941749173, 0.7962968926424698, 0.7606822959089815, 0.763732632879947, 0.7620336266061207, 0.763732632879947, 0.8373871796919847, 0.31082861181196325, 0.5273408018229947, 0.6099269093845202, 0.5273408018229947, 0.5284344386162955, -0.3613499084812952, 0.48940295061488026, -0.662413620016153, 0.40732634905790466, -0.12834812659276004, 0.37145280709319173, -0.12834812659276004, -0.1527707642232878, 0.8128881776212857, 0.8231938566152378, 0.8121868258295616, 0.7367953597689572, 0.3816104531286368, 0.8159008356197183, 0.8181900392347801, 0.8159008356197183, 0.7239215800095343, 0.7239215800095343, -0.24598026313989788, 0.6874170592245483, 0.2520268873616337, -0.5919671684326726, -0.6144317831018876, -0.6172954259998065, -0.10673342535189437, 0.0005445885077203626, 0.3556207541206593, 0.08219923399727436, -0.4277565783123576, 0.09873887236759897, -0.8267939049941149, -0.12409380848539352, 0.03978348463601758, 0.040786266793972265, -0.5953824654516129, -0.6077262226529476, -0.054908949871238996, -0.5804891389649858, -0.8438330296138005, -0.34840439824761965, -0.17558692967290654, -0.34840439824761965, -0.27402190800435744, -0.31827303325224654, -0.31827303325224654, -0.8372048049114031, -0.8372048049114031, 0.36170210779612455, 0.6003390795892264, 0.497785160000359, 0.8068862556446991, 0.7578737944939115, -0.3215537019965674, 0.059679491867077876, 0.7632090379633084, 0.7818229371056685, 0.7632090379633084, -0.14550636350748553], [0.9864659167109037, 0.9694787969886514, 0.5496183961571807, 0.9885420635189507, 0.9948214391440907, 0.9864659167109037, 0.9972030580407129, 1.0, 0.9994727601981661, 0.9435371245927062, 0.9983068667090662, 0.9980026283660368, -0.1561329110684126, 0.9990131473423226, 0.9941044423894757, 0.9819918439899092, 0.36385781790956556, 0.999064555255216, 0.9990675883561447, 0.985644079155878, 0.9991742595018255, 0.3166757084790757, 0.6707241765426922, 0.9919055430767361, 0.9822856885574929, 0.9818209201911916, 0.20578528210875138, -0.20273183278278767, 0.9883977108939326, 0.9918085922566284, 0.14831781434453759, -0.2606021646503589, 0.9981439312953121, 0.9980464333605621, 0.3332881451912697, -0.3354865796825306, 0.9961446171512904, 0.9978872206816621, 0.9924448805153906, 0.3437598752179822, 0.923235830337996, 0.9979763417050186, 0.923235830337996, 0.907570199748113, 0.6049427269011945, 0.9186179776760959, 0.885626738806351, 0.662262226858783, 0.40014917053005117, -0.09787983516228688, -0.2248300948036343, 0.9139428207290665, 0.38178244295597424, 0.9634158986800557, 0.9555554688642364, -0.09291505833889009, 0.8155479216087543, 0.7842782342082496, 0.8398691346550607, 0.7788660420335372, 0.7503635465311227, 0.7788660420335372, 0.7457040929298332, 0.7424683783280467, 0.7471872414669214, 0.7424683783280467, 0.8273476967438275, 0.28892793949337287, 0.5041433869241984, 0.5916899018056769, 0.5041433869241984, 0.5129956649820061, -0.37737036527453927, 0.4720938860160428, -0.6716597172090923, 0.3973602184860183, -0.15226513558029445, 0.3530375489391448, -0.15226513558029445, -0.16017635616419906, 0.8007538624697949, 0.8039129050879346, 0.7963498767302742, 0.7205375855832796, 0.3640871597205995, 0.8044175297906362, 0.8069634784872903, 0.8044175297906362, 0.7035328597708711, 0.7035328597708711, -0.26308269363571013, 0.7172637645472874, 0.26008913541710166, -0.6020985805385788, -0.6286281822710942, -0.6313101054250133, -0.12257685620418475, -0.008339053619062576, 0.3486814788127379, 0.06235751025137292, -0.4415358769864001, 0.08930410552691524, -0.8339146029878446, -0.13073123111969326, 0.022857931330454006, 0.023900922368277157, -0.6083321669577354, -0.6091125297239396, -0.061914823668081015, -0.5994353509748999, -0.8443129659782705, -0.3607032097319771, -0.18198266945986125, -0.3607032097319771, -0.29331867452181676, -0.33326378196758494, -0.33326378196758494, -0.8360669578699156, -0.8360669578699156, 0.33797930532417575, 0.5819765789205653, 0.47797844900137687, 0.788310373059128, 0.7442170859103466, -0.3449843764099163, 0.04472956960920764, 0.7433617657602034, 0.7656174706424526, 0.7433617657602034, -0.12755364183033063], [0.9915492747951624, 0.9780976519703223, 0.46323437830267117, 0.9934837194938134, 0.9969758399436298, 0.9915492747951624, 0.9999682403953253, 0.9994727601981661, 1.0, 0.9506181624487863, 0.9995434386716399, 0.9999691915181126, -0.31820734707239673, 0.9999736917816033, 0.9910459983235659, 0.9858098646763811, 0.277653645414939, 0.9997805397101417, 0.9997811403750486, 0.9883770268551146, 0.9999661123041045, 0.1189578877312948, 0.6299613508675717, 0.9941957074041377, 0.9941412042364081, 0.9859439612953294, 0.03553086653335692, -0.12723826689675405, 0.9906395116993728, 0.9906018223237937, -0.027994834688148458, -0.21375236764910122, 0.9993173965956686, 0.9992751402203313, 0.7607764405856734, -0.5266999904201255, 0.9986122756303515, 0.9992818248944692, 0.9893491906504901, 0.25454628010552893, 0.9991593477176343, 0.9991647502118105, 0.9991593477176343, 0.9100818167989466, 0.6218903823775309, 0.9179550760641748, 0.8893325633633091, 0.6891309164814832, 0.008072886256227594, -0.5264605089900138, -0.18552061806077888, 0.9184796571886484, 0.3509122940243401, 0.9623735467224398, 0.9614507465086675, 0.8567729095878678, 0.8315773082585151, 0.876369403183954, 0.8512955456917043, 0.8745252598606256, 0.8752654054760143, 0.8745252598606256, 0.7601367599594461, 0.816613872142981, 0.8183328000915493, 0.816613872142981, 0.8390978822101828, 0.7312568631997867, 0.8274938214424328, 0.8289690719141178, 0.8274938214424328, 0.5275340472218369, 0.34887514492660376, 0.4889502775090189, -0.6903740285962736, 0.46695552670172197, 0.4306847693426581, 0.4307179818661232, 0.4306847693426581, -0.10954342481000198, 0.8136499260977321, 0.8229328370008528, 0.8123474297644061, 0.8673311154830202, 0.30598781676271725, 0.8222368454477726, 0.8246245037831172, 0.8222368454477726, 0.8303100449292035, 0.8303100449292035, -0.24826432994333034, 0.688353325183094, 0.07548022396627203, -0.6052789891599156, -0.6556972248251477, -0.6565603155473843, -0.11040920519444873, 0.0033975354288227717, -0.15545468839733328, -0.10342414167481273, -0.4769411409795897, -0.3567810771336857, -0.8775738392912205, -0.5576652374331499, 0.03889852122285962, 0.039870199033890275, -0.5973105182964901, -0.6036772992553084, -0.5236380025897847, -0.5826495351698648, -0.8186846327990077, -0.5937751607771383, -0.5958470994695928, -0.5937751607771383, -0.2767284662494636, -0.32245555511181034, -0.32245555511181034, -0.7983037597917656, -0.7983037597917656, 0.36224991126579736, 0.5989324431827175, 0.822224313120601, 0.8008082341744405, 0.7561666955764577, -0.35093902998697674, 0.6402223088037782, 0.7099533002984494, 0.7101121403990149, 0.7099533002984494, 0.09584539372747558], [0.9732027833296579, 0.9590155426441442, 0.403998490345111, 0.9709788610158965, 0.9606459892608914, 0.9732027833296579, 0.9518520757863493, 0.9435371245927062, 0.9506181624487863, 1.0, 0.9248656310573966, 0.9518868189519819, -0.25690936413645665, 0.9515422607179062, 0.9356991169582768, 0.9322148930568621, 0.08396741879430995, 0.957440884444737, 0.9574167381541461, 0.95203062693097, 0.9520218668570355, 0.047271280653820386, 0.6781566639472362, 0.953791114765207, 0.954005344190769, 0.8284216881578887, 0.13725136990278433, -0.10938507149803418, 0.9603821070792105, 0.9605134850592091, 0.11862629612220876, 0.056740745117547994, 0.9617745973576992, 0.9620613059566936, 0.8541277029163522, -0.4497983108878949, 0.936492513810366, 0.9609271412448034, 0.9453000630455329, 0.061308031367840805, 0.9631481379679776, 0.9631115406092186, 0.9631481379679776, 0.7836563643159585, 0.4169987493615548, 0.7475643086688578, 0.8601008147551759, 0.8316291242180729, -0.5537641988997231, -0.6864231990117807, -0.30386796756115275, 0.8684952393399322, 0.06741635213622349, 0.902999145865755, 0.903049457081217, 0.8607142906228669, 0.85522331314604, 0.8860730502941196, 0.8638322698134925, 0.878029377892247, 0.8788505836333605, 0.878029377892247, 0.8042774680158686, 0.782829691598868, 0.7849369746909699, 0.782829691598868, 0.8560513191899252, 0.8758904710913777, 0.8541967084311722, 0.854978385938126, 0.8541967084311722, 0.6261575867533018, 0.5459037662412736, 0.6274275537838392, -0.40978095638990675, 0.6485273006096929, 0.6692706106436425, 0.6723555694331541, 0.6692706106436425, -0.26735343989141236, 0.8609194157087504, 0.9213970043807158, 0.8787975426171729, 0.8767497590570423, 0.1798310805029715, 0.853038486333573, 0.8543760790822512, 0.853038486333573, 0.8646549523683368, 0.8646549523683368, 0.012593354049341926, 0.2956487078204537, -0.09226264050156846, -0.5143872196302626, -0.40201507027072064, -0.4039721974755159, 0.05512959623722595, 0.38833962210746903, 0.0942625369627008, -0.0387482539717995, -0.36511846695414757, -0.0005914793548261201, -0.8113528377826025, -0.1622409974914371, 0.2769372210447243, 0.2760603234491995, -0.36215303242391206, -0.4388914198402266, -0.31733901249089663, -0.3231744285702346, -0.6848915292474373, -0.3384389438099573, -0.34044384996095384, -0.3384389438099573, -0.06711211761296589, -0.35605461688717105, -0.35605461688717105, -0.5387241574340228, -0.5387241574340228, 0.5650373915610092, 0.6710724203949007, 0.7600309800552086, 0.6706095413701691, 0.8372476667545811, -0.4468775635474933, 0.3854048934854042, 0.561197269630109, 0.5614781554925856, 0.561197269630109, -0.2295860406728534], [0.9822876869744293, 0.9802406393123373, 0.9966561613287069, 0.9872370143231846, 0.9953816490478248, 0.9822876869744293, 0.9995961374687388, 0.9983068667090662, 0.9995434386716399, 0.9248656310573966, 1.0, 0.9995932569334095, 0.9995895261562796, 0.9995450640654563, 0.967716072322804, 0.9584539039680714, -0.38555014658030323, 0.9997390790115782, 0.9997430154783954, 0.9996004378970502, 0.9996003029457816, -0.2648585463895844, 0.96236928261468, 0.9925466404302239, 0.9925202036862689, 0.9891061954083166, 0.023659028232001705, 0.08085306608461251, 0.9893637643915363, 0.9894163912890808, 0.9719660337152155, 0.014648984735250493, 0.9987231476598528, 0.9986660576915044, 0.9984777681356444, 0.9992498874280671, 0.9992067264470177, 0.9987247238582322, 0.9624893996375938, -0.39587285475157574, 0.9984159837813202, 0.9984270365214876, 0.9984159837813202, 0.9036790354860517, 0.47559794315450454, 0.9135772986723434, 0.8871489276940647, 0.6905184285314276, -0.5356186140111279, -0.6577918618003139, 0.7930158483111908, 0.8063028805557934, -0.2939521835892945, 0.9215295609578331, 0.9217289963701707, 0.8553662249243437, 0.86509147602062, 0.8320538706520693, 0.8346756180123105, 0.8412542872627822, 0.8421882366521712, 0.8412542872627822, 0.6677166738407844, 0.6222196496915379, 0.6248770502710831, 0.6222196496915379, 0.8659591536796781, 0.8750087968774161, 0.864497448771748, 0.8659678593387243, 0.864497448771748, 0.3167033696803167, 0.2467782671532093, 0.3747257891211581, 0.49854742675355274, 0.36931124862743353, 0.41729329427356443, 0.41996611978194354, 0.41729329427356443, -0.412795341410731, 0.7766193104268714, 0.8273343529581818, 0.807342334192532, 0.8642180608192334, -0.14737803192937066, 0.7695195726052252, 0.7700640806509496, 0.7695195726052252, 0.7839572407077778, 0.7839572407077778, -0.30886217492275203, 0.6796021327079484, -0.40122661809153876, -0.6983281292268692, -0.5481010241086609, -0.5503822036672353, -0.36963716584945994, 0.15641491839045385, -0.27546175663261585, -0.44920975579596756, -0.6429901547115388, -0.352833679659696, -0.6226504869515089, -0.4186319425923635, 0.027157673881341188, 0.023411027821948687, -0.5652731215164275, -0.5304637285896939, -0.5493097171015358, -0.5833706374151636, -0.5776473008713848, -0.5525406901497198, -0.5554972276121815, -0.5525406901497198, -0.4397473531670055, -0.6053218263309091, -0.6053218263309091, -0.6068573571494551, -0.6068573571494551, 0.3573528269742798, 0.3541470164025903, 0.4697226040166243, 0.5521508457639779, 0.550001855929498, -0.5526590990877136, 0.29460372777257426, 0.3135771497127155, 0.31374334168745904, 0.3135771497127155, 0.2184300430638863], [0.9909255588499147, 0.9783620390882, 0.5611749630854596, 0.9925083314723981, 0.9968030051335437, 0.9909255588499147, 0.9999961886263542, 0.9980026283660368, 0.9999691915181126, 0.9518868189519819, 0.9995932569334095, 1.0, -0.14644763850334241, 0.9999943750397959, 0.99537245715238, 0.9899025318036048, 0.38606870493181156, 0.9998392316558392, 0.9998395794432265, 0.9886089972834096, 0.999997029754571, 0.344243244118004, 0.6714764156983725, 0.9897676542786823, 0.9845741683875271, 0.9860766042197975, 0.22580864512596674, -0.18768768224990307, 0.9921196548340311, 0.991862280640224, 0.16902532538926898, -0.2535975846807664, 0.9992975092299237, 0.9993919435556424, 0.3540796236466143, -0.3277484076075051, 0.9987031213355145, 0.9993116601554376, 0.9931722270258844, 0.3664664236640656, 0.9320280654694401, 0.9990267328981479, 0.9320280654694401, 0.9102689987668056, 0.6210901223401777, 0.9184491484043297, 0.8900993741500918, 0.6899463416968579, 0.41412796693686393, -0.08153834513346736, -0.21068777436266006, 0.9234127327953388, 0.40308806880929093, 0.9683536821298905, 0.9612945877666321, -0.08172759885444417, 0.8305492810070569, 0.8030431919895052, 0.8503059624658232, 0.7964030830538551, 0.763925583136183, 0.7964030830538551, 0.760758164231893, 0.7637947424834114, 0.761966676753936, 0.7637947424834114, 0.8375469218503891, 0.3106930215454103, 0.5273487816146374, 0.6098335218409235, 0.5273487816146374, 0.5283723161227468, -0.3613728986315376, 0.48935365871547887, -0.6623072702900282, 0.4072050568400036, -0.12848320981599243, 0.37149222877292626, -0.12848320981599243, -0.15292266884505906, 0.8129592020479891, 0.8233332081014064, 0.8122831892039156, 0.7367866599463977, 0.3817146946020211, 0.8159856482190856, 0.8182700724325497, 0.8159856482190856, 0.7239996884984334, 0.7239996884984334, -0.2459697387640842, 0.6874222334504599, 0.2521479338828532, -0.5919666826746202, -0.6143457533809102, -0.61721522867878, -0.10681361690858537, 0.00038885992813552815, 0.3558001863214778, 0.08223271661022405, -0.42778284096140695, 0.09900970891061692, -0.8265176547643137, -0.12379103967551842, 0.03981810222861514, 0.04083726549707085, -0.5953709511072158, -0.6075433591095363, -0.05464781444584317, -0.5804694294310275, -0.8437232160807709, -0.3481661676193538, -0.1753698354184961, -0.3481661676193538, -0.2738766459229383, -0.3182303220638018, -0.3182303220638018, -0.8371521328430072, -0.8371521328430072, 0.36221749802975073, 0.6004984590374001, 0.49804354290406144, 0.8071566567500682, 0.757970033874203, -0.32131871333751433, 0.059972688668790367, 0.7634715434361732, 0.7819471954625263, 0.7634715434361732, -0.1455322257499087], [-0.12888672527388162, 0.9783224567043568, 0.5143045329663934, -0.1332323176837917, -0.34338302181824737, -0.12888672527388162, -0.14677947232666871, -0.1561329110684126, -0.31820734707239673, -0.25690936413645665, 0.9995895261562796, -0.14644763850334241, 1.0, -0.14582363599706497, -0.14391153540648774, -0.11984761920401245, -0.2934501817909185, -0.147267566577539, -0.14728528856535977, -0.2694597850921341, -0.14688180892097513, 0.02597989947385986, 0.3091826776554783, -0.18053690363913844, -0.18087473028656095, 0.986055847669557, 0.24863093558616317, 0.18650264123269963, -0.18326672775978448, -0.18388511135449195, 0.537467565707562, 0.12083265343742006, -0.1446040594222306, -0.3039984236956648, 0.16787167398265918, 0.9594839411847714, 0.9987014259467519, -0.3349606524567759, -0.14154819897245546, -0.2833525123936734, -0.14494196987105756, -0.14537640492818743, -0.14494196987105756, 0.9103496773700521, -0.1180389539929334, 0.9184225413235547, 0.8900441102205497, 0.6899329633261158, 0.08427805250763078, 0.2539359229522311, 0.6445835481762562, -0.265349751270582, -0.29706267168002104, -0.06411211770589886, -0.29935141711128566, 0.030789838207314537, 0.28016148273924885, -0.017795911095941083, -0.3005334031544695, -0.015607937057739506, -0.005459788990976552, -0.015607937057739506, -0.4069919761222043, -0.10329248397218821, -0.10507542937704256, -0.10329248397218821, -0.19914762399973177, 0.07269224553701623, 0.049414879070182396, 0.049631978443131795, 0.049414879070182396, -0.4070305452996506, 0.00694357082254754, -0.3714585526187368, 0.6210751535227675, -0.34001568031429147, 0.008785075996498581, -0.05795847265521044, 0.008785075996498581, -0.3068606105825614, -0.3349614825302551, 0.8233060085198469, -0.11132135202279998, 0.01780114195758975, -0.22051176000900943, -0.2578608346124104, -0.2567171647661255, -0.2578608346124104, -0.02392121225652855, -0.02392121225652855, -0.22605276132295268, 0.6873515265319596, -0.16216449977299832, -0.020815312516289063, 0.19647310374112614, 0.19524847407738083, -0.2521628045297615, -0.008664519754836085, 0.019709871683151907, -0.17465678267021972, -0.11244145853629017, 0.04129394057448261, 0.3837635347988736, 0.11329334249688111, -0.03990270118181122, -0.04370709579343154, 0.08481982861072446, 0.5698034675408733, 0.09151907408864655, -0.19570156007627476, 0.612101553060653, 0.09549326902498709, 0.10334461564950596, 0.09549326902498709, -0.2388754706497002, -0.19708697569045178, -0.19708697569045178, 0.32267823029654186, 0.32267823029654186, 0.3623272669081126, -0.2513537634456724, 0.018203115697191637, 0.09203214991902044, -0.2471001395299884, 0.0718097383874391, 0.15436173668657016, 0.10556371845488893, 0.10558941350775658, 0.10556371845488893, 0.12544723659176574], [0.9909904256399519, 0.9781435177031444, 0.5615036347165534, 0.9925453821612567, 0.9968339972125322, 0.9909904256399519, 0.999992500765691, 0.9990131473423226, 0.9999736917816033, 0.9515422607179062, 0.9995450640654563, 0.9999943750397959, -0.14582363599706497, 1.0, 0.995093933639454, 0.990849406114139, 0.3861856076123529, 0.9998422784555718, 0.9998425368058901, 0.9887689148369595, 0.9999943958523817, 0.3449333261465277, 0.6713180409793489, 0.9932692287943334, 0.9931577007883564, 0.985957135321369, 0.22609827577974875, -0.1877325274240579, 0.9928645118149502, 0.992909201361074, 0.1698222027272582, -0.25342565058601, 0.9993478679083058, 0.999391017977961, 0.3530149621603603, -0.3268848301717467, 0.9986412392244456, 0.9993147991776685, 0.993389864633916, 0.36660860717184823, 0.9315116576610588, 0.9990828753856337, 0.9315116576610588, 0.9105514205298089, 0.6218279446442453, 0.9188051784253216, 0.8904630744730884, 0.6896326881661886, 0.41555078602874, -0.07991274603728225, -0.21089218717232486, 0.9238132917810548, 0.4033786577766433, 0.9687759285412822, 0.9616606351288457, -0.08276266780431425, 0.8308314050556814, 0.8029632295080139, 0.8505674946325613, 0.796364099705671, 0.7635221515539131, 0.796364099705671, 0.7609545125938325, 0.7637494371861475, 0.7623874980890486, 0.7637494371861475, 0.8378986586773866, 0.3100004266127831, 0.5268277628701639, 0.6098654528805192, 0.5268277628701639, 0.5282013205196988, -0.36256296791074283, 0.48925316328194424, -0.6624621313356291, 0.4068069742699916, -0.12950496427397856, 0.37113936558815347, -0.12950496427397856, -0.15286553103829467, 0.8130956406687412, 0.8229353535956745, 0.812383002981398, 0.726995096221553, 0.38210591889024165, 0.8161109519251064, 0.8183844574925059, 0.8161109519251064, 0.7238046820802835, 0.7238046820802835, -0.2476248485190586, 0.6883299880663307, 0.25266247826907384, -0.5919494336749493, -0.6147353532088291, -0.617610048731776, -0.10800887865748819, -0.0008902432232196733, 0.35610649157541485, 0.08177158187460817, -0.42805362609824393, 0.0990868012467347, -0.82563204757358, -0.1236321091638743, 0.03875376908056481, 0.03976950781275593, -0.5960214017359883, -0.6078388210654384, -0.05405746917626237, -0.5818499437003619, -0.8437114583356452, -0.34810180946617275, -0.1748023249268793, -0.34810180946617275, -0.274899783240283, -0.31871894446988674, -0.31871894446988674, -0.8375036368101278, -0.8375036368101278, 0.36238680560241043, 0.6001692908806124, 0.497487442460487, 0.8076082731534192, 0.7574019955879256, -0.32083225685769373, 0.05928623557381847, 0.7638750923400552, 0.7825564901671532, 0.7638750923400552, -0.14520405056686783], [0.9844787155532431, 0.9406039421088938, 0.5574935162830369, 0.9859683901212675, 0.9866652431518509, 0.9844787155532431, 0.9953725969784902, 0.9941044423894757, 0.9910459983235659, 0.9356991169582768, 0.967716072322804, 0.99537245715238, -0.14391153540648774, 0.995093933639454, 1.0, 0.9975069258355819, 0.3897098739439532, 0.9943384716896019, 0.994337817868732, 0.9812818137327861, 0.9950509874602872, 0.34410310193618027, 0.6635205959082804, 0.9876898842258611, 0.9788174274852892, 0.9103295072914379, 0.223250242794079, -0.18770539992312366, 0.9885024975191078, 0.9884372652337502, 0.17004908710844618, -0.25557212525019984, 0.9947188275048539, 0.9912390441210889, 0.3486136509358262, -0.3228492525942505, 0.9681133660433393, 0.9901840599696267, 0.9985315507329878, 0.3702723458056281, 0.9253942655802608, 0.9944850975459201, 0.9253942655802608, 0.8802470639086507, 0.6209108438919666, 0.8422354763313242, 0.8142952087635251, 0.6664341923172437, 0.41619945502379757, -0.0764124958318269, -0.21158271766260148, 0.9182647886643052, 0.40335668486553605, 0.96548994306406, 0.9543641529069558, -0.08732479865144499, 0.803857950696064, 0.7968371958809977, 0.837461555191959, 0.790052271685775, 0.7616769504049787, 0.790052271685775, 0.7444033687671914, 0.7581222910629074, 0.7599168642256051, 0.7581222910629074, 0.8224016214438042, 0.3058630498689128, 0.5212526799029005, 0.6069766210846457, 0.5212526799029005, 0.5196375746705498, -0.3649183200521518, 0.4798130917821596, -0.6599004122880138, 0.39880624033881334, -0.13154526636549835, 0.3672599786908894, -0.13154526636549835, -0.15522132516324313, 0.8003675006008399, 0.7884940142824057, 0.7903903841751913, 0.7346380537556764, 0.3876523432695837, 0.8057549912235777, 0.8081542137138528, 0.8057549912235777, 0.7176457292895243, 0.7176457292895243, -0.24882247869420135, 0.6516543237289033, 0.2525119335123709, -0.5790130126151629, -0.6110212704936997, -0.6138852546660225, -0.10546102564747063, -0.005638092706310821, 0.35814784404550265, 0.08562619560164954, -0.41659346698666816, 0.10237520885971128, -0.8211826543332091, -0.11919276051806167, 0.03434604711604614, 0.035224923990126, -0.5923528183278272, -0.5998040487556006, -0.050022878021269965, -0.5724168370053972, -0.839373331960535, -0.34411590421104093, -0.17036419832849947, -0.34411590421104093, -0.2715202688965295, -0.31619750974472954, -0.31619750974472954, -0.8333554966790553, -0.8333554966790553, 0.33761098942359635, 0.5943564195566879, 0.4944293860130399, 0.8064386402335704, 0.7498159786406697, -0.3173500365726402, 0.057051330481110135, 0.7635844066083607, 0.7831905762251268, 0.7635844066083607, -0.14346458008528337], [0.9845630025022699, 0.9398654457090245, 0.5916459094812236, 0.9860616901378322, 0.9838887822138113, 0.9845630025022699, 0.9894636800187226, 0.9819918439899092, 0.98580