var element = document.getElementById("correlationAdjClose");

if (element.style.display != 'none') {
    var correlationAdjClose = {"data": [{"type": "heatmap", "z": [[1.0, 0.9999913995542588, 0.9847724420265981, 0.99992270885397, 0.9989263062621431, 0.9880529227040111, 0.9975815370770923, 0.9954137894100346, 0.9957213755232943, 0.9798929081375725, 0.9924966523248947, 0.9955545082193036, 0.9947859075320172, 0.9954665446264928, 0.9940892003978761, 0.994641014492522, 0.9981282114396269, 0.9961603797530308, 0.9961726331693189, 0.9962245151924846, 0.9955029773346109, 0.9858014431466628, 0.9698688982720113, 0.9882086366810366, 0.9870714804702004, 0.9825681516030751, 0.9643761440245738, 0.945115153527892, 0.9939183867372321, 0.994514909371145, 0.9918397874793515, 0.9752204290208984, 0.9974923865467292, 0.9977804255999729, 0.9971834767484579, 0.9956173771438008, 0.9951977205891854, 0.9976487869427596, 0.9960503276771807, 0.9986821339254517, 0.9974355229798886, 0.9974466501847695, 0.9766881991609764, 0.9167217268962683, 0.7464000787177112, 0.901067037548299, 0.9039039200387521, 0.839989671432795, 0.9660807954397339, 0.9449543210201647, 0.9674486336131676, 0.9648847460337443, 0.957723976008805, 0.9856136168627917, 0.9821899158678276, 0.9845593796896192, 0.9782061083462242, 0.9863780461544138, 0.9838496739663329, 0.9869947899611323, 0.9867647827009874, 0.9645951513653466, 0.9685415684323396, 0.9720166783131723, 0.9716645190663751, 0.9460225694211242, 0.9762101283630777, 0.9744151247451203, 0.9825256125961066, 0.9816775540333597, 0.9368520713240253, 0.8631543999541712, 0.8307820068418418, 0.882098829553464, 0.9076031133562431, 0.9029125857624061, 0.9055924357416686, 0.9041710605599506, 0.6347013546888758, -0.571115019919813, 0.9775176858929838, 0.9694986612069668, 0.9659797768536907, 0.9854015985571116, 0.9711475060866287, 0.9821412735147722, 0.9820905076435075, 0.9464847058697174, 0.9823167304977144, 0.9504042529925748, 0.6491757928864494, 0.8703188627960954, 0.9164382150367084, 0.7557078935923784, 0.9226327521673523, 0.9423091448798588, 0.8175905386041272, 0.9586091644283702, 0.895802011067182, 0.6409958402159983, 0.7089851021708168, 0.8917924510448878, 0.8647843720991976, 0.8886089275000543, 0.969246591791451, 0.9694559092930548, 0.7385681216390947, 0.7073111246372168, 0.8254577482484043, 0.34453141147431965, 0.7949405232987123, 0.8298007273809153, 0.8164432312192834, 0.8145047914252186, 0.7523956404282258, 0.742678187386241, 0.7230372577566015, -0.2448833448611412, -0.38117221662303874, 0.6368003293647642, 0.898643369519661, 0.9437560247110541, 0.9481220372635493, 0.9183166895702145, 0.8281662292114922, 0.9152438627579967, 0.9369888222142463, 0.9368490071568641, 0.8712070332361505, -0.19007384100938654], [0.9999913995542588, 1.0, 0.9835457153140055, 0.999777168068909, 0.9976541890506816, 0.990497923419619, 0.9932679300281418, 0.9891544000787451, 0.9891885092353768, 0.9688139720904382, 0.9915007621773269, 0.9893881238972592, 0.9892172253657242, 0.9892650540575579, 0.9809965896396426, 0.983478790451753, 0.9951625478709349, 0.9924550179105798, 0.9924545345318351, 0.9892615293234994, 0.9893192226373653, 0.9884378288108684, 0.9633831354556516, 0.9848869119082468, 0.9846034557451045, 0.9824151841668597, 0.973593439791573, 0.9121648866056665, 0.9877143805033829, 0.9841549991170453, 0.976072802278984, 0.9144976214982178, 0.994818399444805, 0.994651796419289, 0.994934409742591, 0.9903069918430522, 0.9943864000535685, 0.9949269176042547, 0.9857673354154621, 0.9966205008094459, 0.9949192938241815, 0.9949276681652345, 0.9866620996335554, 0.9165484504051742, 0.597076203311693, 0.9007818703926548, 0.9040463222193166, 0.8401432494034633, 0.8711246619039025, 0.9123158201295005, 0.874890005324924, 0.8958139676501674, 0.8700729353814458, 0.9541893660864786, 0.9540958839060447, 0.9751731106001841, 0.9789675552102723, 0.9731561547836299, 0.9727487449578337, 0.9757457295304518, 0.975657932934898, 0.9381214380403765, 0.946896246732, 0.9136140141889512, 0.9135170141368167, 0.8133405527458214, 0.9704034347141564, 0.9726452921217301, 0.972894466976957, 0.9723081924088464, 0.9337811747330172, 0.661458298641893, 0.6030827173205328, 0.7538089181595833, 0.8465531631553049, 0.7769449197686056, 0.8132075792942246, 0.8114806575946121, 0.5983960157495578, -0.27645329092984683, 0.9584725447900448, 0.9651346611817817, 0.958178907034771, 0.976046722606071, 0.9553975150369727, 0.9629423459434319, 0.962037106306489, 0.9067953298501038, 0.9658307574659333, 0.912374968073387, 0.48085970694702923, 0.8693821395134878, 0.8665258120952846, 0.2810805916073486, 0.6639885711726318, 0.7539961474710596, 0.6439318852611021, 0.957419212851489, 0.6566548338181322, -0.24186453440449576, 0.14430707135551263, 0.6247091141570559, 0.6311278576370971, 0.6782889567897538, 0.9590637784124985, 0.9589161394489236, -0.07483377452904995, 0.16394743569096895, 0.006060450309680293, -0.026767415188743433, 0.0012498792896118902, 0.017864520278586024, -0.014012936986366268, -0.05803876419843557, 0.37073856893023394, 0.10829093469043186, 0.05881461512515685, -0.4518388079397731, -0.48713907201425605, 0.6375276313998183, 0.7453602897225121, 0.7699534498217311, 0.8292228337007372, 0.8251609299753426, 0.5399344796126847, 0.7326268849406129, 0.7653470395237385, 0.7639813968479561, 0.41156519243192535, 0.19708540326313329], [0.9847724420265981, 0.9835457153140055, 1.0, 0.9862123617623334, 0.9929350297958335, 0.9902296704232237, 0.9906805209960347, 0.9911330870105428, 0.9943772008599525, 0.9555757647566324, 0.9970397424943362, 0.9910278872643852, 0.9929595433599614, 0.9911931176734717, 0.9897290061055029, 0.9899843213244484, 0.9904920316770021, 0.9897347035688949, 0.9897022908120446, 0.9929038943588023, 0.9910632006924156, 0.9937035866952164, 0.9798949369333347, 0.9909060987490894, 0.9913325416162949, 0.9812726594495506, 0.9826983856235375, 0.9492070058318199, 0.9726431145430714, 0.9763161382158999, 0.9780918580219792, 0.9506605375260356, 0.9879569440516074, 0.9910754958262752, 0.9893918943322123, 0.993045352550571, 0.9948777847857962, 0.9921403136978258, 0.9859146545156895, 0.9881106396405251, 0.9882389256221885, 0.9876111941353217, 0.990787733711186, 0.9162957733776285, 0.687035684900876, 0.9259114232084582, 0.8973990374655485, 0.752955703675974, 0.9266023381641401, 0.9000680787503381, 0.9288263330781679, 0.9246441225201739, 0.9145319665225667, 0.9526026098072874, 0.9598698592465597, 0.9320778674131142, 0.9505570077311597, 0.9551719149051209, 0.9611436484834129, 0.9557246536591859, 0.929973306323785, 0.9004902354887482, 0.9288754802988021, 0.925205150365707, 0.908148948273999, 0.8660613695624119, 0.9609873631700544, 0.9389679405445183, 0.9559197872146509, 0.9344400503259848, 0.778699690807362, 0.8046083347437849, 0.7356946859574841, 0.8259763976947286, 0.8685692951074427, 0.8666314826977302, 0.8375477797760765, 0.8514035230442011, 0.3108253740168745, -0.570464608877986, 0.9479362318087856, 0.9229816936900289, 0.9264214390444687, 0.9324655018126417, 0.9423074240501237, 0.9526326071667323, 0.9522257149041033, 0.9149328233805075, 0.9488525969644772, 0.8426301551248464, 0.6219741561102061, 0.9360638437349236, 0.9376027544565546, 0.7161547161562218, 0.9043551162722128, 0.9263153573947136, 0.8031483272697086, 0.9783656350380282, 0.778322968643339, 0.5483271377751612, 0.648690425569424, 0.7860599120747156, 0.790528344432262, 0.7747809057776547, 0.9819216592361577, 0.9819663301559016, 0.6583151309728955, 0.643244441247967, 0.7136185897950444, 0.27676485531118455, 0.6906554711176843, 0.7115353340605911, 0.7245537515304437, 0.7078742821602682, 0.7070752360105992, 0.6700400533781328, 0.6485452257947997, -0.3176145173198703, -0.4534886070183118, 0.5936111949853898, 0.8588675496634287, 0.8937743073242671, 0.8955007137912454, 0.8915509467199868, 0.7584774993241498, 0.8678590913146252, 0.8822793736364734, 0.8910228158084096, 0.7387438720208767, -0.10918973154435586], [0.99992270885397, 0.999777168068909, 0.9862123617623334, 1.0, 0.9992296739661293, 0.9890294308348507, 0.9979144241475204, 0.9959349993810727, 0.9963281809829796, 0.9795414403944868, 0.9938777882833417, 0.9960575949538528, 0.995498261398506, 0.9959861860836041, 0.9945853345146728, 0.9951577658301106, 0.9984705588577586, 0.9966156588005, 0.996625267517526, 0.9967422637983041, 0.9960097353889598, 0.9870790926993391, 0.9712131414140411, 0.9893072399709361, 0.9882817283806116, 0.9848190233882792, 0.966492672713316, 0.9463193208015438, 0.9933769473615041, 0.9941633758138134, 0.9919392125452674, 0.9748663320525517, 0.9976488769680236, 0.9980776585623046, 0.9974934463384547, 0.9961833591642562, 0.9959625653630236, 0.9979859315975762, 0.996160216806556, 0.9988265864319177, 0.997583462619257, 0.9975915048019981, 0.9785310275675243, 0.9123308961754938, 0.7399860028403666, 0.9018433448465122, 0.9015911444559817, 0.829668946902893, 0.9631483188851965, 0.9415118576359283, 0.9644071826844859, 0.9622046348481982, 0.9548349351202721, 0.9835317641197688, 0.9806497323132414, 0.9828234224411556, 0.9765563242790705, 0.9848284529041819, 0.9830120291813844, 0.985365225158957, 0.9851296503680637, 0.9513294325158332, 0.9669016414714987, 0.9702886716356396, 0.9699354199861435, 0.9394347322336835, 0.9755518464335818, 0.970866043516205, 0.9807771817093487, 0.9798871230247348, 0.9099428613366999, 0.8610587143670759, 0.8260098338678625, 0.8797311404600212, 0.9040633639606704, 0.9020347602734835, 0.9025763337667757, 0.901218335784081, 0.5306255066042561, -0.5711207766262738, 0.9763244797000872, 0.967401218008452, 0.9638653096281361, 0.9836691622442982, 0.9700219645813537, 0.98107051759754, 0.9810168414528349, 0.9454086061152345, 0.9805464914674829, 0.9303708865284309, 0.6546967687818928, 0.8784963862634635, 0.9209644437651597, 0.7572669426910674, 0.9243702102291119, 0.9437897439884534, 0.8179230158695135, 0.9601083023130288, 0.8896572064637419, 0.6376691946798845, 0.7072067921848147, 0.8867185729371565, 0.861237896952785, 0.883205918940341, 0.9703331988146283, 0.9705508830837666, 0.7376010860532523, 0.7076012923643644, 0.817533302365144, 0.34663094480749257, 0.789331444096411, 0.8215911025078015, 0.8083069194588861, 0.809222044539903, 0.7552484020604038, 0.7427467668659067, 0.7231748242099547, -0.24026873117478217, -0.3804283767994542, 0.6351813100671915, 0.8967392356715406, 0.9419811570093435, 0.9463912203355436, 0.9171973599712455, 0.8253599678283796, 0.9132826161534485, 0.9347945464884161, 0.9348108901351215, 0.8635652600038677, -0.18273354484930435], [0.9989263062621431, 0.9976541890506816, 0.9929350297958335, 0.9992296739661293, 1.0, 0.9919032940122532, 0.9990532007400106, 0.9983151325291105, 0.9983722484236137, 0.973253940153678, 0.9977096677931308, 0.9983597507471459, 0.9981581910366634, 0.9983492143008291, 0.9961538486625797, 0.9956737389457734, 0.9992097433216787, 0.9987316051362781, 0.9987315149344624, 0.9984325623850248, 0.9983446780882478, 0.9937533394453705, 0.9788326691534818, 0.9939196811105665, 0.9938519682156609, 0.9883188310699494, 0.980507078925249, 0.9496645048148356, 0.9898782157887634, 0.9923766768479098, 0.9895378626683067, 0.9658207811395872, 0.9989401981793351, 0.9989759472445909, 0.998973145779876, 0.9984566760748481, 0.9985390777878903, 0.9990742359336937, 0.9966260587394645, 0.9991400197351605, 0.9989261106163582, 0.9989263663220784, 0.9889133381044055, 0.9219852135481827, 0.715156007177277, 0.9167987200718816, 0.9057027716208967, 0.8116651320374834, 0.9468937540644051, 0.9297690222848639, 0.9508068760812356, 0.9535163115730061, 0.9456663716686213, 0.9796021359331558, 0.9795384783862104, 0.9787072216332301, 0.9703869022147528, 0.979684520688763, 0.9785516079413245, 0.9799996643707501, 0.9797095243916395, 0.9529333549417737, 0.9565530436333609, 0.9515122142922313, 0.9510402458292149, 0.9061341889354388, 0.9724626256144444, 0.9690713626694736, 0.9758289434948144, 0.9748595922694083, 0.9320054994890238, 0.8361682030854112, 0.7908662154287706, 0.8616807509560757, 0.9066220575677287, 0.8875335503968309, 0.8962901718671867, 0.894974959566762, 0.6880582936709485, -0.5935241915831524, 0.9689737530573238, 0.9551929486475746, 0.9529086491819132, 0.9798314705017139, 0.9586714921732995, 0.9733388764955477, 0.9728529870284048, 0.9345782841342328, 0.9753479723238364, 0.9386356083063827, 0.6410520050303158, 0.8994206281472826, 0.9424356706599288, 0.7071299011875772, 0.9024521451554124, 0.9279033867587645, 0.8115865873055816, 0.966030661489112, 0.8799476283865748, 0.4839960744802446, 0.6390239106901863, 0.8675819638704467, 0.8239370830525159, 0.8696921340866538, 0.9745558257058622, 0.9747229059466576, 0.6907639591892619, 0.6879689555661763, 0.7347175938272187, 0.3211799457881209, 0.672653728815748, 0.7405952681739069, 0.7167153294037295, 0.6961306649122883, 0.7389496179508775, 0.7250974694237983, 0.7045541557801628, -0.46196452472442373, -0.5390499652161306, 0.6241649266992871, 0.8892880795023241, 0.9260436526895575, 0.9378227529642866, 0.9133721105775837, 0.8015992045439185, 0.8956519632468111, 0.919030091722614, 0.9185880820327817, 0.7970115745884542, 0.03302938211772459], [0.9880529227040111, 0.990497923419619, 0.9902296704232237, 0.9890294308348507, 0.9919032940122532, 1.0, 0.9882637890282151, 0.9884054558904263, 0.9879793817740292, 0.9637275201925989, 0.9796246595769806, 0.9883442380039897, 0.989537441521485, 0.9884666883844546, 0.9865387135494116, 0.9888738966735865, 0.9895713027887238, 0.9892659753851346, 0.9892594165020193, 0.9872716499402522, 0.9884040834697777, 0.996087656825921, 0.9915441661556286, 0.988424622942843, 0.9882860890957021, 0.9707382063662816, 0.9852864272264341, 0.9673648023302944, 0.9715352106453635, 0.975853976429272, 0.9838220792261316, 0.9705260889637954, 0.988174191052582, 0.988380341853162, 0.9891813987522711, 0.9892759174703792, 0.9819308654956794, 0.9891853158274271, 0.9863779917507175, 0.9887890053258375, 0.9882776530458806, 0.9882834919722833, 0.9948312265399915, 0.874564831298815, 0.71714058413556, 0.8784519416318756, 0.8991741244583524, 0.8311435410552847, 0.931342130952108, 0.911405785553833, 0.9332512722904482, 0.9413681878608618, 0.9289165581468944, 0.9608441514558291, 0.9654349741880958, 0.9682025278426061, 0.980818045495277, 0.96929939858434, 0.9812543712346616, 0.9691500257697171, 0.968577728761016, 0.9686954527559883, 0.9603723514554029, 0.9432435022333868, 0.9427108119728521, 0.9313746593311699, 0.9788076455400012, 0.971129579651491, 0.9695619460946773, 0.9679395854902284, 0.9510126980026654, 0.8596106763211475, 0.8117120231942488, 0.8800790009024267, 0.8982687132563011, 0.9058629401546853, 0.8886395674775592, 0.8865156958447984, 0.654580126031734, -0.5333939992127168, 0.9752382496344766, 0.9719767739402418, 0.9684090713713658, 0.9693034096110736, 0.9660175403198331, 0.9752882141818813, 0.9749232613768619, 0.9565650924717264, 0.9647549307305482, 0.9559249057467247, 0.6569076033049932, 0.8442104650337688, 0.9393851817794491, 0.7550600398007752, 0.9146232001936888, 0.9322025521552575, 0.8125921393906115, 0.9564369649308322, 0.8453290349718279, 0.5835167318056428, 0.6805332208210136, 0.8429652974303599, 0.8212518823322607, 0.8407168832672183, 0.958523344124195, 0.958608772061092, 0.6997262132409976, 0.6869159316683551, 0.7611533844612571, 0.346517736762694, 0.7409984848644885, 0.7669260744905243, 0.7530470112899038, 0.7549171627747598, 0.7424337646521584, 0.7131440191147779, 0.6956984454363297, -0.2705470852266571, -0.39840750926416674, 0.6617997762964761, 0.8814032045080619, 0.8997018698715444, 0.9081757573037343, 0.8964285579572816, 0.7986092797304515, 0.8684267646966278, 0.8911010375728263, 0.8912167018678915, 0.8348502161962198, -0.1533222053172059], [0.9975815370770923, 0.9932679300281418, 0.9906805209960347, 0.9979144241475204, 0.9990532007400106, 0.9882637890282151, 1.0, 0.9971971287537708, 0.9995380323978822, 0.9728554997579903, 0.9994421321126985, 0.9981685132368565, 0.9990789994071517, 0.9990414341920113, 0.9978148985735831, 0.9971479184300872, 0.9999029045359232, 0.9992704264462577, 0.9992757047686773, 0.9996583512340874, 0.9992392171252863, 0.9907003159140556, 0.975000333913857, 0.9842950699124624, 0.9926231289213391, 0.9875639883586412, 0.9721789097285877, 0.944745888048213, 0.9921317841091662, 0.9917811674016289, 0.9930822885973039, 0.971907549515149, 0.9988509479027332, 0.9998224728542777, 0.9996609141435799, 0.9994050353632583, 0.9996718425962142, 0.9998532471073781, 0.9968143127213691, 0.9996820556056465, 0.9992881974487131, 0.9989026330135757, 0.9829593935025733, 0.9283961162825697, 0.7310133935494223, 0.929941833124399, 0.9165269736092695, 0.8039536765784469, 0.9582888557707979, 0.9409343550568653, 0.960359052377507, 0.9579300354313984, 0.9513577279643487, 0.981731541640499, 0.9800079187807078, 0.9416317456297559, 0.9566881140764125, 0.9695592072317409, 0.9698989455396864, 0.9713411005667028, 0.9418067435202622, 0.8928046302911369, 0.9467579191732306, 0.955883319651554, 0.9328035293556232, 0.8792958577288745, 0.9615793691975859, 0.9316460449509394, 0.9632590163397932, 0.941985258505269, 0.7422225931403021, 0.8307788893591367, 0.7583087793843688, 0.8482460746181438, 0.8746361595248596, 0.8786268037037165, 0.8577724975239006, 0.8702314369616536, 0.2655487136311097, -0.6056968522860994, 0.9594273280873511, 0.9387873028924704, 0.9385266992599456, 0.9438685544925977, 0.9557462723472695, 0.9671160167431778, 0.9671622208223761, 0.9248781571220045, 0.9632949140531288, 0.8260178897864784, 0.6360839434294863, 0.899898758819904, 0.9209143753790903, 0.7460746218483811, 0.9216211431805581, 0.9422428310444835, 0.8121610654855549, 0.9655541053615101, 0.8311330974206963, 0.6258933615829169, 0.6972921547994335, 0.8437483678438746, 0.8399098836499962, 0.8296374458271076, 0.9746780218041515, 0.9749073568152578, 0.723816406325793, 0.6845101765856888, 0.7828561154182381, 0.31633574289855215, 0.7662978773222998, 0.7920873900174148, 0.782424328804776, 0.7883830579928637, 0.7347153868112314, 0.7298886590366751, 0.7085059780401376, -0.2586280653763911, -0.4060046921154488, 0.64287214207583, 0.8910421606934026, 0.9292101122959245, 0.9444616729725822, 0.9168966425954016, 0.8236109039508785, 0.9130795195084076, 0.9349116975993578, 0.9343577599765592, 0.7747379087020342, -0.14513287348133327], [0.9954137894100346, 0.9891544000787451, 0.9911330870105428, 0.9959349993810727, 0.9983151325291105, 0.9884054558904263, 0.9971971287537708, 1.0, 0.9999845509140032, 0.9670366364353863, 0.9996600580434071, 0.9999969126617037, 0.9996668559424081, 0.9999979018793691, 0.9989609606572443, 0.9954671067960658, 0.9993292916493653, 0.9998905906984327, 0.9998901130310639, 0.9999576915522853, 0.9999945598878018, 0.9909414528720444, 0.9760511481927984, 0.9918866397990942, 0.9931289072120465, 0.9847727619416002, 0.9743618004081236, 0.943452560291815, 0.9884124189917862, 0.9941865614194928, 0.9917231740294167, 0.9685419428280402, 0.9994308954436902, 0.9994973997256258, 0.9996198226046548, 0.9996933797016582, 0.9988287706527442, 0.9994208048612756, 0.9979672937090451, 0.9985795487357146, 0.9995005159369099, 0.999363441106134, 0.9844287538105837, 0.9285394666686997, 0.7178373588667629, 0.9358403958210524, 0.9139918619495769, 0.7828333473552352, 0.9567231709908128, 0.9360091956571017, 0.958378072798247, 0.9515037696728731, 0.9448503981311693, 0.9797321438301633, 0.9767718256347073, 0.935939759176932, 0.9509142929447102, 0.9617867566443358, 0.965939249478645, 0.96405470029671, 0.9398394600509603, 0.8822595527602608, 0.9407146984314734, 0.9480047735759253, 0.92673195934943, 0.8641701988111594, 0.9580412967667314, 0.924272168238209, 0.9567469577940914, 0.9366831507885588, 0.7259472840013761, 0.8207394691106382, 0.7532792635736438, 0.838203688166607, 0.8657728255597092, 0.8725940374988174, 0.8525595645642884, 0.8620887500141411, 0.24486497545899252, -0.6114651158519404, 0.9540275647722253, 0.9292426109191916, 0.9303483971847162, 0.941648650267625, 0.949709847158323, 0.9618508746491672, 0.9618928713796444, 0.9178264761544312, 0.9550161664577705, 0.811269042912229, 0.6314292794350359, 0.9198522875986206, 0.9333463198926734, 0.7406050484862007, 0.9209353164838628, 0.9418435072513728, 0.8094059098207194, 0.9702403551234726, 0.8349111855458062, 0.611573707323088, 0.687807283735107, 0.8450436169343388, 0.8368663081367661, 0.8330580662313742, 0.9776648949617989, 0.9778993778042412, 0.7136529686003369, 0.6755337535402004, 0.7848426737311119, 0.301476849695948, 0.7610716605285858, 0.7877356870462383, 0.783710062091794, 0.7828265410122978, 0.727364426125662, 0.7234548739256624, 0.7013899650236751, -0.27574569661269505, -0.42216505705248064, 0.6246922666746543, 0.8825286696859131, 0.9269439312733133, 0.9367261397094325, 0.9105163743482824, 0.8121164789261349, 0.9065408331301076, 0.9285784775007018, 0.9282799130972524, 0.7544376335338433, -0.12713229479052193], [0.9957213755232943, 0.9891885092353768, 0.9943772008599525, 0.9963281809829796, 0.9983722484236137, 0.9879793817740292, 0.9995380323978822, 0.9999845509140032, 1.0, 0.9663540820937011, 0.9996590613936588, 0.9999815563980606, 0.9998396879622556, 0.9999901119411854, 0.9979932035342028, 0.9963290233651957, 0.9993183876324164, 0.9998290325009348, 0.99982802558183, 0.9999671186137331, 0.9999825189270132, 0.9938237016837786, 0.9773416129507874, 0.9951727914282068, 0.9953145750615399, 0.9847381510058012, 0.9786375174353017, 0.944542812789263, 0.9889675478839399, 0.9932780519477112, 0.9887469094077279, 0.9640463998854177, 0.9993560702201288, 0.999436933715996, 0.999440396790846, 0.9998417026726641, 0.9988387991468033, 0.9994085732743688, 0.9971348249530779, 0.9985891631078149, 0.9993508263079223, 0.9993449548842166, 0.9888735366808603, 0.9286823709655418, 0.718552928644565, 0.9357255474263658, 0.9139086192338957, 0.783057209751953, 0.9437500797825282, 0.9248569897991221, 0.9471875020960042, 0.948914362863462, 0.9420846126637146, 0.97732339585416, 0.9768548095714565, 0.9676390086897704, 0.9513166490999281, 0.9685383950359393, 0.9660198682199646, 0.9689494750928257, 0.9686125186604508, 0.939695240937947, 0.9399835820371311, 0.9404422019037495, 0.9400296068253028, 0.8936361954002345, 0.9583887306772868, 0.9590638852583587, 0.9652468761421066, 0.9640629495032278, 0.9183579301694151, 0.8200432053103607, 0.7687221296787394, 0.8373276675129309, 0.8871800194539388, 0.8709399969803273, 0.8784970975693273, 0.8774495794407188, 0.6334260751188777, -0.6272568001191452, 0.9539579589005016, 0.9292770042143315, 0.9304725022521552, 0.9690005597520447, 0.9443351587385538, 0.9613790145697785, 0.9608618994831976, 0.9187088083499285, 0.9636512775027559, 0.9230976369324803, 0.6297511624558324, 0.9193545932898458, 0.9472408832675339, 0.716005721561592, 0.9077097116880742, 0.9325202640909294, 0.8085131101661489, 0.9689815714114799, 0.8866735862054939, 0.5143793491051556, 0.6560049496286121, 0.8748996462563398, 0.832000466812269, 0.8775244931281939, 0.9775871689527269, 0.9778518233402941, 0.7115614485984016, 0.6725644582424939, 0.7508771202781819, 0.2992611833651298, 0.6906980800503892, 0.7564019832264843, 0.7344429563573593, 0.7148387727159131, 0.7247866392715829, 0.7202662855629953, 0.6981571371063691, -0.5112403145738335, -0.589518358077058, 0.6250128103424639, 0.8814509271641623, 0.9257221177205329, 0.9383566551564764, 0.909607747537835, 0.8072771792624094, 0.8960159247256873, 0.9187488631530334, 0.9181846867817953, 0.8067423105989815, 0.10588422166650678], [0.9798929081375725, 0.9688139720904382, 0.9555757647566324, 0.9795414403944868, 0.973253940153678, 0.9637275201925989, 0.9728554997579903, 0.9670366364353863, 0.9663540820937011, 1.0, 0.953595071722504, 0.9674229205603528, 0.9663659865711935, 0.9671552787444129, 0.9633197681358359, 0.9634904641936123, 0.9749913855434187, 0.9714126425237161, 0.9714263275312537, 0.9672070274130857, 0.9672787568274995, 0.9663894947901416, 0.9539305390251541, 0.9737974508442709, 0.9717136781219784, 0.9017061488760868, 0.9698149947985097, 0.9530037891825995, 0.9768509411991994, 0.9710564071081882, 0.9710971768126538, 0.9379813059650387, 0.9751861959937063, 0.9747649588497014, 0.9752055802792454, 0.9676402485873848, 0.9610445375020018, 0.9742081985952337, 0.9711556093497146, 0.9776173651312974, 0.9753651675674176, 0.9753827222999705, 0.956262756821345, 0.8472186571602522, 0.5381599640909153, 0.8048020014624413, 0.8940260011155559, 0.8745426356051356, 0.9030139727454396, 0.834879905650898, 0.907445954958948, 0.9179134836280276, 0.9045767419514079, 0.9354350443354924, 0.9352964296598997, 0.9453307938444452, 0.9374400327132911, 0.9552443334327897, 0.9491715131331732, 0.9536752543955201, 0.9536966557298141, 0.9130049270130852, 0.954151527683661, 0.9400608138748184, 0.9397594177736911, 0.8642589393559528, 0.937295019693475, 0.9448693869908725, 0.9385688241890395, 0.9375084825886268, 0.8886665593735086, 0.8280674999052517, 0.7858447241268071, 0.8698767914553678, 0.9192167361632516, 0.8922532889546992, 0.9057982150799267, 0.9051032574105926, 0.7246887511788084, -0.3192082765414097, 0.9541685628168101, 0.9553435239175522, 0.9473773784366253, 0.9470436524009073, 0.9324560053971588, 0.9554044338306138, 0.9553413639131354, 0.9036979513567119, 0.9573106690692371, 0.9083713625689174, 0.7276396244079093, 0.711728501301517, 0.8709076058486184, 0.640537915313484, 0.8598014589707528, 0.8947850189945687, 0.8782269606664097, 0.9517666051417372, 0.9069599093541887, 0.40242330066033927, 0.6591074543445138, 0.8993610274150006, 0.8775220966650167, 0.9061348418809831, 0.9520024357109731, 0.9523293124671155, 0.5449482621624818, 0.7104247687336585, 0.6207658469128807, 0.4914641938927216, 0.5801072795079185, 0.6350020127445776, 0.5961587586454936, 0.570275999807622, 0.813351979719893, 0.6907115734540236, 0.6555547954267545, -0.28841699881472976, -0.3388892650606405, 0.7517733210576523, 0.917522947810261, 0.924380115103586, 0.9129905001208856, 0.9425086070788304, 0.6676345834186139, 0.8459565668015534, 0.9108312485051108, 0.9099916705241407, 0.6928282457434461, -0.1653407502086829], [0.9924966523248947, 0.9915007621773269, 0.9970397424943362, 0.9938777882833417, 0.9977096677931308, 0.9796246595769806, 0.9994421321126985, 0.9996600580434071, 0.9996590613936588, 0.953595071722504, 1.0, 0.9996868310320141, 0.9996658166213167, 0.9996737902819691, 0.9925482191474481, 0.9904956676359012, 0.9991472848199602, 0.9999570989911164, 0.9999566090590558, 0.9996727486620814, 0.9996806435616742, 0.9904976885305293, 0.9592848541187597, 0.9915340847294354, 0.9926305713339966, 0.9889627788318334, 0.9714803981290674, 0.8993237515361815, 0.9886656011802818, 0.9924990463108322, 0.9732738609439269, 0.9002697195895514, 0.9991767751760815, 0.9992427313730656, 0.9991793167502485, 0.9994632576142009, 0.9994203224792302, 0.9992025321927553, 0.9910088955301111, 0.9978785042276663, 0.9991498290587965, 0.9991452662959167, 0.9898307421524538, 0.9226727143267202, 0.5617489296308138, 0.9313194826256302, 0.9130479759130876, 0.7871033656559254, 0.8567479044608096, 0.8940228833871077, 0.8621026636212493, 0.8758377166623524, 0.8538396032466594, 0.9508687047071223, 0.9508006675222707, 0.9523091680715549, 0.9545284529451568, 0.9444189902765604, 0.9463568483153807, 0.9486890739591317, 0.9484958893886554, 0.9002614188242921, 0.9116524145773511, 0.8713828255987354, 0.871209193451949, 0.7558350456775903, 0.9485445610200237, 0.9518473321184607, 0.9520121592162449, 0.9513204713114094, 0.9015194723648287, 0.6102643119696707, 0.5480734656005526, 0.7028896816772656, 0.8032580586333901, 0.7317282493413789, 0.7692679369722399, 0.7680974722817756, 0.5405857383993421, -0.3985216910169077, 0.9235229596189553, 0.9331861141781453, 0.9232005608129962, 0.9537105429799834, 0.9200317033161395, 0.929274214659906, 0.9280695205220568, 0.8617500841138329, 0.9334626911508399, 0.8689568842742719, 0.5263080387628678, 0.9159676068112149, 0.910430549406967, 0.31901357901473726, 0.6987633654158145, 0.7804662818161258, 0.6552889303564776, 0.9717293767856008, 0.6670808579086326, -0.18568328456635533, 0.1911250161416806, 0.6398669971642983, 0.6440062717266679, 0.6860533797977497, 0.9729978541295331, 0.9730523182703047, -0.014831579917240528, 0.2145922510087707, 0.06785589603169506, 0.03396269730163638, 0.06077411605891874, 0.07996355983036305, 0.04695245810936266, -0.003004232398906962, 0.4189492581468626, 0.1495029387461158, 0.09702172375009645, -0.5203952863298432, -0.5551642531891824, 0.6250640819242713, 0.7394807474020654, 0.7643581834701123, 0.826518901599208, 0.8247380301430023, 0.5214049789564744, 0.7244600674568936, 0.7598201778997624, 0.7585440426093614, 0.404183305426986, 0.24735459737418966], [0.9955545082193036, 0.9893881238972592, 0.9910278872643852, 0.9960575949538528, 0.9983597507471459, 0.9883442380039897, 0.9981685132368565, 0.9999969126617037, 0.9999815563980606, 0.9674229205603528, 0.9996868310320141, 1.0, 0.9996514877461482, 0.9999976588884605, 0.9989663070374073, 0.9960308226903881, 0.9993788985007657, 0.9999016108455319, 0.999901326443543, 0.9999654069147247, 0.9999950033046262, 0.9908515737031679, 0.9759275893974904, 0.9925434700730447, 0.9930909726961079, 0.9849624122401051, 0.9741971601088066, 0.9434729315194392, 0.9893006816529616, 0.994244097245158, 0.991797669560718, 0.968688805417814, 0.9994733241468262, 0.999541064546911, 0.9996530205140944, 0.9996951678783075, 0.9989154984459457, 0.9994657381064136, 0.9980092901197408, 0.9986591177148362, 0.9995441383384697, 0.99940681965966, 0.9842369102780985, 0.9288339539134736, 0.7185583059096511, 0.9357786329797457, 0.9142539575839717, 0.7839923948415012, 0.9570537244559798, 0.9364246530223541, 0.9587165188881469, 0.9518801225737977, 0.9452534878843409, 0.9799734313502761, 0.9769595233670625, 0.9362718182850993, 0.9511223205091865, 0.962109348624995, 0.9661028190385007, 0.9643703639011668, 0.9401136193757983, 0.8824790087846731, 0.9410246237530187, 0.9484468497234345, 0.9271834605178798, 0.8646415354039293, 0.9581494964003122, 0.9245182904909713, 0.9569957808657111, 0.9369937027384707, 0.726095417902272, 0.8212592338164233, 0.7538538941598351, 0.8387106061859746, 0.8661549415336083, 0.872892563407018, 0.8530020199167649, 0.8625516033490447, 0.24524007030878003, -0.6113487527424132, 0.9542723458190054, 0.9296753265093723, 0.9307042499783669, 0.9419065633801414, 0.9499712775535598, 0.9620994962918231, 0.9621424352577209, 0.9180744879861455, 0.9553638359321719, 0.8115548545682605, 0.6316400630936779, 0.9189499922098909, 0.9328036840805205, 0.7408718984799233, 0.9209885009230643, 0.9418952441629218, 0.8096985281475672, 0.970069934599291, 0.8353551709046574, 0.6125900240147133, 0.6885040273639444, 0.8455093916424925, 0.8373990227905752, 0.8334854166715067, 0.9775805945215282, 0.9778149504596948, 0.7143180985230394, 0.676159017049339, 0.7854136361172256, 0.3023500739252257, 0.7617602337075574, 0.7884115746855936, 0.784286283907106, 0.78353166413662, 0.7277746422571613, 0.7239147283429276, 0.7018782255468209, -0.27471055968254365, -0.4212277002856065, 0.6252918659442422, 0.8830455770741159, 0.9273578042646196, 0.9372302321091421, 0.9109677173297834, 0.8126701955334154, 0.9070896755282556, 0.9291144148744828, 0.9288020539686846, 0.7551088528580935, -0.1282013898163269], [0.9947859075320172, 0.9892172253657242, 0.9929595433599614, 0.995498261398506, 0.9981581910366634, 0.989537441521485, 0.9990789994071517, 0.9996668559424081, 0.9998396879622556, 0.9663659865711935, 0.9996658166213167, 0.9996514877461482, 1.0, 0.999688139439843, 0.998294721904808, 0.9972992956373754, 0.9989360970152794, 0.999481092914575, 0.9994739345548748, 0.9996692714530446, 0.9996431479250817, 0.9928443872795804, 0.9775636061198618, 0.9958562481768235, 0.9957443121053078, 0.9848088328770864, 0.9770151205528468, 0.9459703292528963, 0.9884074313142962, 0.9922341546983907, 0.9908439876313452, 0.9662838082720606, 0.9987678148552108, 0.9990789006014905, 0.9992694447129433, 0.9999192413582603, 0.9988635373638678, 0.9990576442764344, 0.997105489614524, 0.9979767068194741, 0.99876070058738, 0.998687302757763, 0.988236117683787, 0.9287883894151752, 0.7142915255226778, 0.9358789690044435, 0.9141469580926219, 0.7832943550069095, 0.9524660095316416, 0.9295060356014238, 0.9535163948194455, 0.948371224902016, 0.9411413064939465, 0.9764043454089416, 0.9748325648785938, 0.9594474909637993, 0.9508097691000119, 0.9624014808332786, 0.9654141673976304, 0.9642072309022361, 0.9635080766890186, 0.8865732053902908, 0.9381252100659652, 0.9468428269053696, 0.9465311744648952, 0.862897803141751, 0.9584870704456303, 0.9361542574109909, 0.9588815126858036, 0.9575333718709368, 0.7306660305457368, 0.8182655027753472, 0.7801295148123227, 0.8363770251466283, 0.867612982331193, 0.8720335134595956, 0.8612629682272435, 0.861608055583257, 0.23007933843778616, -0.6058418621169815, 0.9534165857725367, 0.9293707463218539, 0.9296564084197801, 0.9622312870345092, 0.9494127372640188, 0.9609178075505408, 0.9609127860281256, 0.9179156115460724, 0.9557066528072921, 0.8182331570348883, 0.6320749031501723, 0.9194697400308315, 0.9335639787243492, 0.7381681308630916, 0.919120407537944, 0.9403187163208004, 0.810622673913822, 0.9726990827186859, 0.8295183036043215, 0.604210990576767, 0.6839166582290096, 0.8366742163892118, 0.8320573463084734, 0.8254108818176726, 0.9794567091159742, 0.9796506323788425, 0.7051376338052318, 0.6707578961867017, 0.7648349863874029, 0.302056320600038, 0.7517673611166941, 0.7770814191081774, 0.7536438389199566, 0.7724627891578256, 0.725506868737236, 0.7137979282563223, 0.6920231612980201, -0.28137239432560707, -0.4262974061082704, 0.6248736926449213, 0.8807933069600661, 0.9286640046354306, 0.9326099093269385, 0.9101145496580595, 0.804808969171605, 0.9006971911216707, 0.921953997741171, 0.9223170672669444, 0.7487751620014318, -0.12651106209639462], [0.9954665446264928, 0.9892650540575579, 0.9911931176734717, 0.9959861860836041, 0.9983492143008291, 0.9884666883844546, 0.9990414341920113, 0.9999979018793691, 0.9999901119411854, 0.9671552787444129, 0.9996737902819691, 0.9999976588884605, 0.999688139439843, 1.0, 0.9988924198278193, 0.9972252090671909, 0.9993487848984293, 0.9998941009097942, 0.9998933049137769, 0.9999595333376671, 0.9999924770772596, 0.9909812887328867, 0.976105897996011, 0.9943682209856524, 0.9942050712337241, 0.9848847175052751, 0.9744071999119209, 0.9436327701842677, 0.9917619913960419, 0.9945504642078411, 0.9916665864151443, 0.9684411283345167, 0.9994461842346216, 0.9995015937948388, 0.9996294754903707, 0.9997116269014158, 0.9988691036603723, 0.9994310363835907, 0.9980064369860475, 0.9986008900107161, 0.9995135924604132, 0.9993795727104383, 0.9844130321582522, 0.9286429609426733, 0.7179091846670218, 0.9358580613740427, 0.9141807609938605, 0.7833789858951973, 0.9568273095097211, 0.9361777164015502, 0.9585180218274156, 0.9514656668288306, 0.9447862963979706, 0.979777004963603, 0.9767308930051856, 0.9362868449180493, 0.9510341884528875, 0.9619798867997598, 0.966009945837261, 0.9642315418187769, 0.9395651352094089, 0.8824954094107429, 0.9405687759122017, 0.9480786918334062, 0.9269822057417977, 0.8643059373684009, 0.9582034162323609, 0.9246787796282049, 0.9569842876187094, 0.9370474541084769, 0.7263362914969004, 0.8206881467951862, 0.7535790776937411, 0.8381977875457711, 0.8659605488782518, 0.8725677376224766, 0.8527320148781685, 0.8622782368692836, 0.24523173886441338, -0.6111701880663158, 0.954096996248158, 0.9294525962854683, 0.930523130511301, 0.9398159573138466, 0.9499019826140015, 0.9619273810637533, 0.9619661943021268, 0.9180059935128746, 0.955209438097426, 0.8115636573103399, 0.6314762673393919, 0.9194227358241875, 0.933202489984876, 0.7405410925262538, 0.9208102859769571, 0.9417457111592614, 0.8094098079765313, 0.9702585490896556, 0.8349712523115964, 0.6114435852448358, 0.6877017595701244, 0.8450877016177871, 0.8370264452267353, 0.8331111569512023, 0.9777163541244209, 0.9779472039873078, 0.7132018384129866, 0.6751337169042441, 0.7848460020230812, 0.30178745987184225, 0.7610653416268762, 0.787672535253579, 0.7839028838932793, 0.78273949163363, 0.7272674834283043, 0.7226383502483213, 0.7006088572797633, -0.2755371490176062, -0.42195259255212453, 0.6250339148232883, 0.8824565355069153, 0.9271003062246946, 0.9368010704120141, 0.910580230431665, 0.8119291122164881, 0.9067852903415692, 0.9286490751602409, 0.9284675942819952, 0.754567443966989, -0.12744434602444013], [0.9940892003978761, 0.9809965896396426, 0.9897290061055029, 0.9945853345146728, 0.9961538486625797, 0.9865387135494116, 0.9978148985735831, 0.9989609606572443, 0.9979932035342028, 0.9633197681358359, 0.9925482191474481, 0.9989663070374073, 0.998294721904808, 0.9988924198278193, 1.0, 0.9986487365339906, 0.9976769769768896, 0.9986484442344402, 0.9986489506327295, 0.9981028461310579, 0.9988736656002075, 0.9892452831065478, 0.9741193469335713, 0.9917784456967739, 0.9917322961259166, 0.9676074371715946, 0.9723690319168491, 0.9413875298593533, 0.9910667402396619, 0.9933547531159895, 0.9903288089687423, 0.9668401978830113, 0.998440424901305, 0.997667287909786, 0.9984014337277392, 0.9985921586860808, 0.9921048594778965, 0.9973975961071966, 0.9992147788731535, 0.9969823751055502, 0.9984709248634065, 0.9983715303966557, 0.9826554688626568, 0.9220001381696272, 0.7181379681070021, 0.9179981413787838, 0.8959774705743397, 0.7780825247006367, 0.9568749558876495, 0.9364124785578286, 0.9585981391445114, 0.9504299343265759, 0.9438942403769489, 0.9793926479640142, 0.9752938027747872, 0.9359681549373405, 0.945393110458259, 0.9607770382538022, 0.9633192548729557, 0.9630495975465395, 0.9398643813757483, 0.8805286379391295, 0.936659434039362, 0.947115693379014, 0.9267868918330658, 0.8624986303570675, 0.9550450917579825, 0.9239484469304621, 0.956042720005093, 0.9368531279410568, 0.724119016448935, 0.8183130870394404, 0.7537157642780383, 0.8351940810401144, 0.8643919548042043, 0.8701247327569743, 0.8520114014979397, 0.861368208004409, 0.24336490025294244, -0.6106454373924981, 0.9513324207253842, 0.9216840412388531, 0.9258248236457252, 0.9417574445375577, 0.9483081911230137, 0.9598716770003438, 0.9600160729466167, 0.9155757304486978, 0.9540035223178264, 0.8094270862458718, 0.6252890289451327, 0.9058925856782202, 0.9310065176518111, 0.7372137100418713, 0.918470896830987, 0.9394123713962267, 0.8068799713846352, 0.9679106248165504, 0.8354941568731872, 0.6115354965079627, 0.6859959898607553, 0.845021631657656, 0.8366972825669972, 0.8332955712889187, 0.9751040759660468, 0.975376792691252, 0.7111092710184436, 0.6712686925881197, 0.7856143806177046, 0.2984524720233367, 0.7607432542444109, 0.7875974751345711, 0.784866570588028, 0.7824831437185398, 0.7231793673414081, 0.7193224780022823, 0.6972713556676661, -0.2742979291103195, -0.42061767217597423, 0.6146376495991912, 0.8799588712594438, 0.9273080941076504, 0.9366917037572183, 0.9079287174302931, 0.8113864867889523, 0.9074563263392338, 0.9287560717076022, 0.9287456741096888, 0.7541095757289712, -0.1272658096166068], [0.994641014492522, 0.983478790451753, 0.9899843213244484, 0.9951577658301106, 0.9956737389457734, 0.9888738966735865, 0.9971479184300872, 0.9954671067960658, 0.9963290233651957, 0.9634904641936123, 0.9904956676359012, 0.9960308226903881, 0.9972992956373754, 0.9972252090671909, 0.9986487365339906, 1.0, 0.9967802730776516, 0.9973498969856804, 0.9973473970342666, 0.9963292111902222, 0.9971101443798771, 0.990279212262564, 0.9762456806585776, 0.9828610515023984, 0.9888213627597762, 0.9685682085514707, 0.9739667697028488, 0.9479189727857934, 0.9919788207105816, 0.9918313433622117, 0.9888499796193573, 0.9662167064202178, 0.9974117126643863, 0.9962732638949834, 0.9973355357815373, 0.9972274057564484, 0.9908450227451617, 0.9961423875247906, 0.9989006703045317, 0.9961708641938504, 0.9972644007861124, 0.9973525973338395, 0.9813913591529712, 0.9135537278733157, 0.722341501240124, 0.9082038296151173, 0.8948257230584172, 0.7925638961251482, 0.9595314082957674, 0.9396625685486756, 0.9616259212864962, 0.949407885603346, 0.9414801012931092, 0.9793506288518278, 0.9738500782717738, 0.947554520675932, 0.9524697486176414, 0.966