var element=document.getElementById("correlationClose");if(element.style.display!='none'){var correlationClose={"data":[{"type":"heatmap","z":[[1.0,0.9999876922551353,0.645192379487111,0.99971972692858,0.9979214605767077,1.0,0.9921868490324453,0.9884351729105734,0.9884351729105734,0.9928692634034515,0.9764013496672715,0.9865182338987654,0.9922256067129134,0.9926507525950198,0.9922800474621815,0.839371881293175,0.7876877185881861,0.3330241605632096,0.9931461183955141,0.9931339260119467,0.9854296995529103,0.9922135736564187,0.43477615774874184,0.7246712107701075,0.9811406978080344,0.9811406978080344,0.9811222059490955,0.9741422702963995,0.34248208762843174,-0.10756073022956462,0.9896221402775217,0.989589027437308,0.29226176788059177,-0.1819676660976789,0.9946052655759298,0.9952858506285278,0.8403354713802914,-0.367936650659342,0.9904142023765776,0.9952391832498692,0.8284956413470523,0.3140001995058549,0.9947545261744665,0.9947446238764497,0.9947545261744665,0.886620963110686,0.655346513559614,0.8963992365760206,0.9035331476356041,0.8123068133368743,0.3751310322336975,-0.1665104225594616,0.19974158862164929,0.9460693891470219,0.4002239574085105,0.9748416997616717,0.9700032299783475,0.9799823152046417,0.9897810791265281,0.9277317382369134,0.9339174181232519,0.9431092242112357,0.9265621891729338,0.940408482751697,0.9410641402421029,0.940408482751697,0.8757032454544706,0.9189108758032141,0.9198576685293841,0.9189108758032141,0.9178070209899835,0.7768144467862623,0.8906225638564875,0.8919745995505259,0.8906225638564875,0.6787482273619032,0.3581380815947246,0.6616440370454894,-0.563699222671636,0.5669422445595177,0.5954612633810004,0.5960479375610881,0.5954612633810004,-0.10505436099364941,0.9061455741766773,0.9382068275266868,0.921333453320072,0.9290617463918674,0.3164525709816027,0.9016061670724557,0.9024538770398142,0.9016061670724557,0.9066201059348663,0.9066201059348663,-0.10670527171704468,0.5832304316041949,0.17098552310443163,-0.6504036831245665,-0.5817970687628884,-0.5854057070714476,-0.0988516821872618,0.10926920378889599,0.2237008291272843,0.04812101485000207,-0.50751971818866,0.006966392233294277,-0.7963123474880065,-0.2601595025161705,0.16032088858486293,0.16141553299154512,-0.5633380902298017,-0.5863708096343597,-0.25724035013929814,-0.5068675903239265,-0.8204953559169454,-0.38862594595084454,-0.380451394671073,-0.38862594595084454,-0.1985984935677925,-0.3111507601228005,-0.3111507601228005,-0.8085351071166877,-0.8085351071166877,0.3863978553984221,0.6346358692324096,0.8587023507330751,0.8422045067365185,0.764227056686597,-0.30781969792464753,0.7515494347584746,0.7868070265499575,0.7871389291380944,0.7868070265499575,-0.21161884908816128],[0.9999876922551353,1.0,0.9777901524529253,0.9994065250115975,0.9954789430259623,0.9999876922551352,0.9836512255952321,0.9772178912633223,0.9772178912633223,0.9835129800112038,0.9690794272326577,0.9851972676176083,0.9836999016830572,0.9836367565265018,0.9835358026566745,0.34497724337606167,0.2605028667462409,-0.39124689559048603,0.9877179813071482,0.987700373804523,0.9837480639361952,0.9837424399159871,-0.10651593914509686,0.9769249426708297,0.978774537441161,0.978774537441161,0.9788275059434083,0.9743201068132825,0.1486357725665442,0.16860595912011475,0.9804279920859338,0.9804892496935115,0.9039451264281336,0.16946613275509584,0.9904279845206287,0.9904799640529504,0.9910733754146014,0.9849397150853538,0.9894039039892124,0.990620614562956,0.3025788670378713,-0.3966147822253559,0.9911217659791967,0.9911099957487165,0.9911217659791967,0.88654413165976,0.5070255221600424,0.8965143746775337,0.9034261430996612,0.8117217001790943,-0.3553300617548877,-0.5116836097300606,0.827752579456752,0.8694263236120995,-0.24282911550269398,0.9334326558863177,0.9335696381427502,0.9534936368584888,0.9763387658066595,0.9452214104262513,0.952559067942276,0.936760165182812,0.93589267951273,0.9416203808927417,0.9421451493958747,0.9416203808927417,0.8381228909445286,0.8090109399666083,0.8109298240053663,0.8090109399666083,0.9470114157759862,0.9506790071799458,0.9471440548078975,0.9480511522766037,0.9471440548078975,0.5717699380145699,0.5154989437797951,0.6178821275601226,0.7072928786658371,0.6098616549245606,0.6362872282649745,0.6370063524890907,0.6362872282649745,-0.19494767708803948,0.9059690660137084,0.932335247581804,0.9228243486340768,0.950557010580391,-0.25158986335546,0.9018005226140108,0.9020919577900803,0.9018005226140108,0.9100261813555429,0.9100261813555429,-0.196847900565123,0.5843289535460664,-0.36665451462196086,-0.7496180271341902,-0.46219152674837827,-0.46568247754427433,-0.35309535333115355,0.2616425979940602,-0.24726306034890028,-0.46506943561133385,-0.696615278452329,-0.3314585240460768,-0.4831340288151719,-0.38882916816955854,0.13647626725199347,0.13257219192566866,-0.48903985291945684,-0.45159419630512493,-0.48013778018627745,-0.5109026319498284,-0.5032364588222897,-0.4823229693858888,-0.4854646259469663,-0.4823229693858888,-0.34824468922680707,-0.5186878334071281,-0.5186878334071281,-0.4939199924500282,-0.4939199924500282,0.3870808643921763,0.3736879329203345,0.4963974297374527,0.5912281413704384,0.5346352141947937,-0.42868376556720283,0.36260179195267217,0.3239118408392461,0.324017354525774,0.3239118408392461,0.13663327505725079],[0.645192379487111,0.9777901524529253,1.0,0.6414936961315933,0.5653236629365174,0.645192379487111,0.6288608798147343,0.6200176722043745,0.6200176722043745,0.5629963545034851,0.5204352518786347,0.9958437321080635,0.6288956268524819,0.6198431735579671,0.6291121897336747,0.4593848883955056,0.4496428908758748,-0.17907304251339493,0.5873432448155983,0.586536436518499,0.5503810556049451,0.6278850155833281,0.21403518125432494,0.7685879038532557,0.6055506691568115,0.6055506691568115,0.6053176602478267,0.9879977926965152,0.328400979423277,0.1587199485233609,0.5873942966851834,0.5870010907942856,0.7168967129282174,0.009978733380321996,0.6252064470577617,0.5579168093005392,0.596369396495821,0.3158889745724082,0.9936758260193325,0.5518409345943273,0.44942776189981826,-0.18750469325895755,0.6419543857158977,0.6231738797433695,0.6419543857158977,0.8834357790715809,0.397106776928956,0.9177038297490892,0.8927384329375757,0.6984278131844022,0.20884172836123793,-0.05444670455038892,0.04900566553833116,0.50051707276339,-0.08799706277934614,0.5706610520107631,0.5287860022093992,0.5551802750852116,0.5178674517368155,-0.02179704121747559,0.771424606447367,0.7052646549989855,0.6014345723386244,0.7110328503062525,0.7463298901891189,0.7110328503062525,0.47914427136910304,0.6126140503750778,0.679998880714651,0.6126140503750778,0.6634245847655869,0.6583597477393967,0.7070948492964683,0.7594564462641618,0.7070948492964683,0.3511116675019432,-0.0879882590253694,0.36789026846688666,0.10769387116325219,0.3617334412079201,0.2605625705720688,0.4631182990400496,0.2605625705720688,-0.16682966836003152,0.569568960648155,0.866682295219042,0.6461163921937758,0.7606429288888547,-0.03457088421839414,0.6152756683750533,0.6148877837358413,0.6152756683750533,0.6938191562938932,0.6938191562938932,-0.21579060380466886,0.7063119820194889,-0.19466561826590795,-0.6604752705399332,-0.42536634475143476,-0.4289462185374917,-0.41065767292858546,0.07829851334314229,0.022241947785863,-0.3138134754660521,-0.6405270427798606,-0.15868137713751776,-0.29421394446405696,-0.25081170176990075,0.03444455921648297,0.03220634526391911,-0.4787853889151983,-0.044576736637235055,-0.24907612964142,-0.5037679011751836,-0.17983046878214998,-0.39265290299639766,-0.2722725246546618,-0.39265290299639766,-0.4094480357630913,-0.5270623195577745,-0.5270623195577745,-0.28813314875731405,-0.28813314875731405,0.32609256073682474,0.17476912606818307,0.2728414703564448,0.5096477531813276,0.2647174956506262,-0.36388973176281403,-0.02128130035996386,0.45330297422892846,0.5587036121494113,0.45330297422892846,-0.030545219126708753],[0.99971972692858,0.9994065250115975,0.6414936961315933,1.0,0.9988757539278704,0.9997197269285799,0.9935195456250171,0.9902305050192799,0.9902305050192799,0.9944277307212129,0.9743636473093581,0.9900873725560753,0.9935481077724098,0.9942720150628553,0.9935784787616007,0.8386236215672596,0.7865824372983844,0.31807715857808566,0.994289180723067,0.9942798264100214,0.9855624839505516,0.9935288549498112,0.42620799008954396,0.7290314598985067,0.9837930754090279,0.9837930754090279,0.9837742438800857,0.9807021301261695,0.33843979790505163,-0.11379787486768683,0.9889822622898685,0.9889580618875249,0.28446610912458486,-0.18215057716635538,0.995188868872709,0.9960660355462934,0.8056395957066701,-0.3725306456032543,0.9929646193227255,0.9962511563359332,0.8269744769910756,0.29874643018504937,0.9931142169665625,0.995237172384365,0.9931142169665625,0.8840480628869691,0.6428720895257866,0.9015490505683924,0.901120412724595,0.7936987387770409,0.36998963883619435,-0.17175536243101575,0.19408770988007235,0.9404751511172819,0.3841587511533872,0.9703267109027673,0.9670086297874422,0.9778118342638918,0.9897399481062119,0.9074104530444145,0.9277778207330484,0.9306580434412826,0.9228807662637811,0.9240767673862772,0.9249702301794291,0.9240767673862772,0.86812005637982,0.9071836320254485,0.9082223792977532,0.9071836320254485,0.9146708664283755,0.7190156668891982,0.8531667004269484,0.8545289290425154,0.8531667004269484,0.6709588653995344,0.1328730874145946,0.6522203723984328,-0.5681171120268982,0.5623192265184416,0.33233662049760065,0.5666340256529079,0.33233662049760065,-0.11134642874921359,0.9012542192839198,0.9312309283639113,0.9141720284543826,0.9068064256019435,0.30220429228976026,0.8974369715047701,0.8984133395501989,0.8974369715047701,0.888071117619534,0.888071117619534,-0.11135988688425949,0.6037149884385926,0.17566120058115947,-0.6604017731459529,-0.5885662934982212,-0.5920866283389118,-0.11085182674337828,0.10479470879335852,0.21681921416333333,0.035129115443661936,-0.5196116799839245,0.0007147183315304883,-0.801872603338881,-0.26776234415841965,0.15050996970599875,0.15166384284478135,-0.5698496513319345,-0.5827121420546161,-0.2583558482518722,-0.51708333516153,-0.8218611620889232,-0.3898920768753623,-0.3822793734319123,-0.3898920768753623,-0.20692262552135235,-0.3205391132633091,-0.3205391132633091,-0.8079485818766258,-0.8079485818766258,0.37623918171920684,0.6230125181169974,0.8507231566425565,0.8344318842389564,0.7567009447225959,-0.32055563524163266,0.7424291261190621,0.7778345032952841,0.7781739362599719,0.7778345032952841,-0.19672310455987926],[0.9979214605767077,0.9954789430259623,0.5653236629365174,0.9988757539278704,1.0,0.9979214605767077,0.9971837494161675,0.9956151564986584,0.9956151564986584,0.997380458017911,0.966325064085817,0.9964099455622233,0.9972032780396415,0.9972817652787747,0.9972304848957664,0.7700934532322032,0.6965073616709947,0.11318553564221828,0.9976949389166332,0.9976912795585261,0.9874481222124152,0.9971891379281004,0.07542820745547439,0.7072202476910023,0.9921823914830887,0.9921823914830887,0.992144757752569,0.9898422005927412,0.11573186922617457,-0.09574197986293106,0.9871887642452507,0.9871280462495031,-0.008485622261287126,-0.07941191363393926,0.9978176356029497,0.9977494146344725,0.7945448639196153,-0.4976067615722004,0.9976627383317757,0.9980898762231682,0.7487893534918663,0.08894782112792121,0.9977630452100603,0.9977656663634713,0.9977630452100603,0.898688312808242,0.6062865583016839,0.9180356519711076,0.9058973116735992,0.7684426312269357,-0.09407807148752931,-0.5870261769393126,-0.20336194235990235,0.9288539115730103,0.23736660226364834,0.9655012003573649,0.9655661697149601,0.9799627186055174,0.9902703871450819,0.9063885168274622,0.910075670103309,0.9213894639041139,0.9105680386898045,0.9198500462275857,0.9202056126493756,0.9198500462275857,0.8436465087220774,0.8632403118904796,0.8644064035137028,0.8632403118904796,0.9038992553502669,0.8144905747178346,0.8847024198051905,0.8855197942254049,0.8847024198051905,0.6300729749878535,0.5095042610241085,0.6175977311504007,-0.5905139564712314,0.6145548440024351,0.593388113834182,0.5925651974525908,0.593388113834182,-0.12884355707628128,0.8839841470257992,0.9077668787743066,0.892187504078968,0.9143799404689702,0.14874052665417645,0.8836202232615323,0.8846765437176326,0.8836202232615323,0.8901579613593218,0.8901579613593218,-0.15072936484955404,0.6523736780117856,0.030149322254594785,-0.6910380320549251,-0.6375596924453085,-0.6381694439543197,-0.14308341111620998,0.12800873258784487,-0.17450538969477064,-0.2131906333608997,-0.5927644895654479,-0.36046288682123784,-0.8509204386034571,-0.5478776347468779,0.11970620100621587,0.12071281554652498,-0.5962287682083502,-0.5759367579595978,-0.5374416545264682,-0.5553652314862965,-0.7810866631382728,-0.5895708621777686,-0.5923570512418369,-0.5895708621777686,-0.2462225070259608,-0.3547165097975285,-0.3547165097975285,-0.7491969134782869,-0.7491969134782869,0.36323143066506725,0.6047488285474827,0.8034571613890866,0.7880274295765147,0.746436517397323,-0.44910122698704164,0.6004548313746003,0.6688944554452396,0.6693865533248697,0.6688944554452396,0.03016826872354767],[1.0,0.9999876922551352,0.645192379487111,0.9997197269285799,0.9979214605767077,1.0,0.9921868490324453,0.9884351729105734,0.9884351729105734,0.9928692634034515,0.9764013496672715,0.9865182338987654,0.9922256067129134,0.9926507525950198,0.9922800474621815,0.839371881293175,0.7876877185881861,0.3330241605632096,0.9931461183955141,0.9931339260119467,0.9854296995529103,0.9922135736564187,0.43477615774874184,0.7246712107701075,0.9811406978080344,0.9811406978080344,0.9811222059490955,0.9741422702963995,0.34248208762843174,-0.10756073022956462,0.9896221402775217,0.989589027437308,0.29226176788059177,-0.1819676660976789,0.9946052655759298,0.9952858506285278,0.8403354713802914,-0.367936650659342,0.9904142023765776,0.9952391832498692,0.8284956413470523,0.3140001995058549,0.9947545261744665,0.9947446238764497,0.9947545261744665,0.886620963110686,0.655346513559614,0.8963992365760206,0.9035331476356041,0.8123068133368743,0.3751310322336975,-0.1665104225594616,0.19974158862164929,0.9460693891470219,0.4002239574085105,0.9748416997616717,0.9700032299783475,0.9799823152046417,0.9897810791265281,0.9277317382369134,0.9339174181232519,0.9431092242112357,0.9265621891729338,0.940408482751697,0.9410641402421029,0.940408482751697,0.8757032454544706,0.9189108758032141,0.9198576685293841,0.9189108758032141,0.9178070209899835,0.7768144467862623,0.8906225638564875,0.8919745995505259,0.8906225638564875,0.6787482273619032,0.3581380815947246,0.6616440370454894,-0.563699222671636,0.5669422445595177,0.5954612633810004,0.5960479375610881,0.5954612633810004,-0.10505436099364941,0.9061455741766773,0.9382068275266868,0.921333453320072,0.9290617463918674,0.3164525709816027,0.9016061670724557,0.9024538770398142,0.9016061670724557,0.9066201059348663,0.9066201059348663,-0.10670527171704468,0.5832304316041949,0.17098552310443163,-0.6504036831245665,-0.5817970687628884,-0.5854057070714476,-0.0988516821872618,0.10926920378889599,0.2237008291272843,0.04812101485000207,-0.50751971818866,0.006966392233294277,-0.7963123474880065,-0.2601595025161705,0.16032088858486293,0.16141553299154512,-0.5633380902298017,-0.5863708096343597,-0.25724035013929814,-0.5068675903239265,-0.8204953559169454,-0.38862594595084454,-0.380451394671073,-0.38862594595084454,-0.1985984935677925,-0.3111507601228005,-0.3111507601228005,-0.8085351071166877,-0.8085351071166877,0.3863978553984221,0.6346358692324096,0.8587023507330751,0.8422045067365185,0.764227056686597,-0.30781969792464753,0.7515494347584746,0.7868070265499575,0.7871389291380944,0.7868070265499575,-0.21161884908816128],[0.9921868490324453,0.9836512255952321,0.6288608798147343,0.9935195456250171,0.9971837494161675,0.9921868490324453,1.0,0.9974845051206166,0.9974845051206166,0.9999705228337199,0.959765063140606,0.9996777354796909,0.9999965537446445,0.9999866037065093,0.9999933081740768,0.8935964584732137,0.8831501091173395,0.2791245099243342,0.9998599804030596,0.9998601237475598,0.9897630428881735,0.9999967405143884,0.34067846029147597,0.7274356906991588,0.9856424294501601,0.9856424294501601,0.9865835740414413,0.9906766526260934,0.26610865933472605,-0.16867564932626244,0.9916005804744071,0.9914987761559431,0.19023035273676256,-0.22937194879836684,0.9993402912960265,0.9994509336431963,0.4223338002852869,-0.31192004839080506,0.9990023927289423,0.9994103117284335,0.8795939325040449,0.25844747302847293,0.9412924519437045,0.9990885612688802,0.9412924519437045,0.90840995151659,0.6133292955908584,0.9350213196427023,0.9137447403645375,0.7323695425964123,0.4084196856172686,-0.11113594790497379,-0.19867778234134065,0.9278518509889375,0.35024500861538455,0.9675667086227606,0.9624657628389719,0.9786074603295793,0.9956687519853878,-0.0400942463676777,0.8702593026478935,0.8314363030211349,0.8775380472651616,0.8259074415193886,0.7894207157206512,0.8259074415193886,0.8065777589675259,0.7937802046150665,0.7839852112670084,0.7937802046150665,0.8694128951776933,0.37892095112117163,0.5846582492034241,0.6492182729552197,0.5846582492034241,0.5995852187056332,-0.3459815969857415,0.5694587946465222,-0.6314681120325618,0.4925907146716553,-0.09658678543747769,0.43227373732486063,-0.09658678543747769,-0.1524498725875505,0.8476015913379817,0.868466026485566,0.8536067776265895,0.7648100961687281,0.2628618060106301,0.8473104538143856,0.8487104508306946,0.8473104538143856,0.7636054243628007,0.7636054243628007,-0.18673693814985262,0.6950083223927825,0.23949428033824288,-0.6695382490967796,-0.6284614381338829,-0.6315481360240851,-0.15536496874593478,0.05536029303840704,0.33078062924750334,0.0033644366530565903,-0.5356652115320985,0.06037217149592941,-0.8280555315222818,-0.1671226421784955,0.084487376389403,0.08567798857309471,-0.6119858511964184,-0.5920467160507938,-0.09487010612424135,-0.5897375400570395,-0.8354426507017858,-0.38271663916432763,-0.2148570767321962,-0.38271663916432763,-0.2786716481719443,-0.3636459903295968,-0.3636459903295968,-0.8277911910655773,-0.8277911910655773,0.36376676721091583,0.5876083188586229,0.5052828531311081,0.8025294306732041,0.740763238229738,-0.3712114194614235,0.06568355488183893,0.7501178886354567,0.7693737429641146,0.7501178886354567,-0.1286164099418365],[0.9884351729105734,0.9772178912633223,0.6200176722043745,0.9902305050192799,0.9956151564986584,0.9884351729105734,0.9974845051206166,1.0,1.0,0.9995545822642585,0.9529288601933398,0.9987058493384396,0.9982351680183988,0.9994027154288224,0.999139705904277,0.8912462718311536,0.8726821721774187,0.25742523650264626,0.9991849779913972,0.9991866419765558,0.987137914040076,0.9992775347364851,0.3153383754795617,0.7284506671788626,0.9926948854872975,0.9926948854872975,0.9846720887637256,0.9878146289702223,0.2486673305067861,-0.18199482354526625,0.9879017118648684,0.9913343431020307,0.17164313370381432,-0.23522668585939718,0.9983013544549875,0.9982720142049089,0.4044637584470581,-0.3185097652753147,0.9970537727072675,0.9982083467345954,0.8775327772224146,0.23634098015889596,0.9338061016493711,0.9981294497294931,0.9338061016493711,0.9059414448378711,0.5982728236534799,0.935264584283196,0.9107035667806386,0.7101552695624214,0.3955098756914461,-0.12602069583072018,-0.21118817161700382,0.9193166157343877,0.3298566102744348,0.962926029933598,0.9572728753370001,0.973538904738951,0.9946901109723426,-0.049737089336181727,0.8593317773119306,0.8159460337179135,0.869497338407251,0.8115199842916035,0.7774494110323559,0.8115199842916035,0.7946787916502769,0.7755301065337297,0.7707429051220444,0.7755301065337297,0.8616170927988273,0.3600167896402083,0.5649002309336466,0.6332310717584302,0.5649002309336466,0.5871101554987521,-0.36037458175664183,0.5553099370721346,-0.6388738372418498,0.4850943097240863,-0.11822766069862173,0.4164265718015607,-0.11822766069862173,-0.15908031501807907,0.8382057204693234,0.8547717839903244,0.8417050389713672,0.7504895148367949,0.24528365819388098,0.8384804160631544,0.8400611265447103,0.8384804160631544,0.7467400281044242,0.7467400281044242,-0.2015507390873098,0.7186576129177545,0.24650109090254663,-0.6788056402171503,-0.6409679886593451,-0.6438707668702162,-0.1699459428543609,0.047862519712422384,0.32379612518475187,-0.015691668037478113,-0.5481327914252757,0.05111130527493147,-0.8338560960142563,-0.1736026711457767,0.06945859563380895,0.07067279194052108,-0.6233928518249846,-0.5930350347061049,-0.10169939257121005,-0.606115800167822,-0.8350098500238573,-0.3940763992551172,-0.22104763869718053,-0.3940763992551172,-0.29577584636658916,-0.37706745241171713,-0.37706745241171713,-0.8258090941015453,-0.8258090941015453,0.3444745891254964,0.5709297844720904,0.4867893077715031,0.7848732597081274,0.7282828887770293,-0.39250168133394653,0.051820961071781704,0.7311713998644356,0.7537445530527875,0.7311713998644356,-0.11160829915586652],[0.9884351729105734,0.9772178912633223,0.6200176722043745,0.9902305050192799,0.9956151564986584,0.9884351729105734,0.9974845051206166,1.0,1.0,0.9995545822642585,0.9529288601933398,0.9987058493384396,0.9982351680183988,0.9994027154288224,0.999139705904277,0.8912462718311536,0.8726821721774187,0.25742523650264626,0.9991849779913972,0.9991866419765558,0.987137914040076,0.9992775347364851,0.3153383754795617,0.7284506671788626,0.9926948854872975,0.9926948854872975,0.9846720887637256,0.9878146289702223,0.2486673305067861,-0.18199482354526625,0.9879017118648684,0.9913343431020307,0.17164313370381432,-0.23522668585939718,0.9983013544549875,0.9982720142049089,0.4044637584470581,-0.3185097652753147,0.9970537727072675,0.9982083467345954,0.8775327772224146,0.23634098015889596,0.9338061016493711,0.9981294497294931,0.9338061016493711,0.9059414448378711,0.5982728236534799,0.935264584283196,0.9107035667806386,0.7101552695624214,0.3955098756914461,-0.12602069583072018,-0.21118817161700382,0.9193166157343877,0.3298566102744348,0.962926029933598,0.9572728753370001,0.973538904738951,0.9946901109723426,-0.049737089336181727,0.8593317773119306,0.8159460337179135,0.869497338407251,0.8115199842916035,0.7774494110323559,0.8115199842916035,0.7946787916502769,0.7755301065337297,0.7707429051220444,0.7755301065337297,0.8616170927988273,0.3600167896402083,0.5649002309336466,0.6332310717584302,0.5649002309336466,0.5871101554987521,-0.36037458175664183,0.5553099370721346,-0.6388738372418498,0.4850943097240863,-0.11822766069862173,0.4164265718015607,-0.11822766069862173,-0.15908031501807907,0.8382057204693234,0.8547717839903244,0.8417050389713672,0.7504895148367949,0.24528365819388098,0.8384804160631544,0.8400611265447103,0.8384804160631544,0.7467400281044242,0.7467400281044242,-0.2015507390873098,0.7186576129177545,0.24650109090254663,-0.6788056402171503,-0.6409679886593451,-0.6438707668702162,-0.1699459428543609,0.047862519712422384,0.32379612518475187,-0.015691668037478113,-0.5481327914252757,0.05111130527493147,-0.8338560960142563,-0.1736026711457767,0.06945859563380895,0.07067279194052108,-0.6233928518249846,-0.5930350347061049,-0.10169939257121005,-0.606115800167822,-0.8350098500238573,-0.3940763992551172,-0.22104763869718053,-0.3940763992551172,-0.29577584636658916,-0.37706745241171713,-0.37706745241171713,-0.8258090941015453,-0.8258090941015453,0.3444745891254964,0.5709297844720904,0.4867893077715031,0.7848732597081274,0.7282828887770293,-0.39250168133394653,0.051820961071781704,0.7311713998644356,0.7537445530527875,0.7311713998644356,-0.11160829915586652],[0.9928692634034515,0.9835129800112038,0.5629963545034851,0.9944277307212129,0.997380458017911,0.9928692634034515,0.9999705228337199,0.9995545822642585,0.9995545822642585,1.0,0.9587070834799882,0.999641092424854,0.9999717984711594,0.9999708101425736,0.9999754900276634,0.7996860502392881,0.7287944292475772,0.16335781110259376,0.9998146087689387,0.9998151883197128,0.9896348561256407,0.9999689225686668,0.12423807713617281,0.7000521996025683,0.9950836342310121,0.9950836342310121,0.9950389170826196,0.990532649314736,0.0990755830932222,-0.107761590701149,0.990501409526941,0.9904657194924471,0.008881368816158343,-0.18762603982835296,0.9993827768920255,0.9993411654164631,0.8012268863676768,-0.49286501392428456,0.9989351975964296,0.9993873294647608,0.7791320179502582,0.1395721878406639,0.9992427613361275,0.9992479360310011,0.9992427613361275,0.9081959851478419,0.6139025196338713,0.9346661348805437,0.9131045800853874,0.73182876279826,0.009089969239794356,-0.5381068441971305,-0.1570996416474014,0.9236606182613203,0.29632495014357635,0.9631203445712956,0.9624984335901231,0.9805133324656362,0.9948890343432356,0.880957420785636,0.8710369312152084,0.8970400768753162,0.8784603122825473,0.8955246902228114,0.8961331087749185,0.8955246902228114,0.8060244604598698,0.845442503508799,0.8469331972044505,0.845442503508799,0.8707635999466349,0.7784534539217886,0.8567481516498385,0.857961781462637,0.8567481516498385,0.5991684666494491,0.4389408510675561,0.5686037278106509,-0.6429281477920923,0.5474872570267354,0.5139814599905254,0.5137493593161007,0.5139814599905254,-0.11001236187975716,0.8482314049294402,0.868415449293213,0.8540096320919478,0.8896507896919637,0.18043886102767023,0.8527255783338916,0.8546643059864236,0.8527255783338916,0.8593773883757096,0.8593773883757096,-0.18848311090660114,0.6962525769067772,0.056614528495531835,-0.6815808659184529,-0.6644376031630669,-0.6654977671026213,-0.15890094048469441,0.05868582531611496,-0.17990426219314637,-0.18079750404441464,-0.5770770371036087,-0.3887571045741648,-0.868330592312019,-0.5837122808588338,0.08396286729698565,0.08511194860560167,-0.6135958800513962,-0.5881349766435111,-0.5472980682561962,-0.5914420194334332,-0.8045100087088758,-0.6127458231876756,-0.614930993975456,-0.6127458231876756,-0.280415446156664,-0.3668314289368856,-0.3668314289368856,-0.7845205295822425,-0.7845205295822425,0.3648281708624293,0.5862645047325908,0.8135816117983848,0.8001829813361533,0.7391524479665719,-0.39859610344513563,0.6342099876250773,0.6933060491415557,0.6934678440044981,0.6933060491415557,0.10747143745616454],[0.9764013496672715,0.9690794272326577,0.5204352518786347,0.9743636473093581,0.966325064085817,0.9764013496672715,0.959765063140606,0.9529288601933398,0.9529288601933398,0.9587070834799882,1.0,0.9424529419539623,0.9597856602958901,0.9598032710602405,0.9594967214778545,0.6288507298987505,0.5451429654861852,-0.05473649195432977,0.9642855677207122,0.9642646248041378,0.9599034998094826,0.9598957110038313,0.051137535823039516,0.7408964927781152,0.961381791129343,0.961381791129343,0.9615617765886197,0.8849509148959638,0.20535654619802027,-0.09050437955557068,0.9668960109759531,0.9670025696234313,0.1665633215916455,0.08040296225326829,0.9679889349535301,0.9682371958503325,0.8799208734442873,-0.39144534999882663,0.9511563157628352,0.9671568924844818,0.6046393665157339,-0.0759959628122155,0.9691258625793494,0.9690940550992326,0.9691258625793494,0.8068719018404503,0.41242824694232966,0.8144558209168418,0.8910400684972778,0.8469655495970051,-0.5264948379835652,-0.6810663922332086,-0.2538863545303385,0.8860628403924072,-0.004864684262799398,0.9163570163138911,0.9164216361329721,0.9362523790504268,0.9651692152051973,0.8847379367489941,0.8849307103201258,0.9045510694220951,0.8875489135136939,0.8979104476800307,0.8985568766303711,0.8979104476800307,0.839667047419128,0.8223464328374118,0.8240946150482196,0.8223464328374118,0.8814509974355769,0.8972339071513191,0.8798292013306818,0.8804501419577635,0.8798292013306818,0.6855366617422878,0.6132045153055413,0.6864984744527078,-0.3326776795057461,0.7057403093549365,0.722052860700648,0.7244297499258893,0.722052860700648,-0.27133200453321543,0.8850406567979172,0.938421429465587,0.8997882350869904,0.8970348447732844,0.0325840158969951,0.8786829186683139,0.8797617172019118,0.8786829186683139,0.8877487959204237,0.8877487959204237,0.03935981352652609,0.38357378974804823,-0.11275096336389974,-0.6125519204787054,-0.42542527740072933,-0.4275767365708984,-0.015824033472277368,0.4159595010722911,0.04522429464306815,-0.13542026631626658,-0.49000638978338956,-0.06459669884361902,-0.7989804802293952,-0.2264117483200404,0.2989640996118279,0.29828991859512055,-0.3940652582518485,-0.43412090180701346,-0.3557417626233526,-0.36509303643225993,-0.6681017063030277,-0.37575955750744827,-0.3779013240127411,-0.37575955750744827,-0.0934402874214672,-0.40575585947650905,-0.40575585947650905,-0.5395991194331003,-0.5395991194331003,0.5221257996815989,0.65114829056764,0.750837815333302,0.6817260741325897,0.8175444007660858,-0.4893835363581554,0.3891769830833943,0.5383333349338835,0.5386214633682388,0.5383333349338835,-0.18806819253513773],[0.9865182338987654,0.9851972676176083,0.9958437321080635,0.9900873725560753,0.9964099455622233,0.9865182338987654,0.9996777354796909,0.9987058493384396,0.9987058493384396,0.999641092424854,0.9424529419539623,1.0,0.999676924615683,0.9996719653915564,0.9996425800878139,0.42880397877479964,0.3367504978097254,-0.4800138902418303,0.9997946927065601,0.9997975928138677,0.9996821621081717,0.9996819475672916,-0.2158388862554776,0.9705712795022794,0.994324915454877,0.994324915454877,0.9943056342976795,0.9927276358741192,0.1272143765335222,0.11183575280877123,0.9912236562595381,0.9912698666848002,0.9163584445560428,0.060667112999567875,0.9989897801222951,0.9989413031678263,0.9988095685170765,0.9993549222351502,0.99938975510377,0.9990234416510091,0.38013229958619277,-0.48869459631740614,0.9987558525726289,0.9987645446412179,0.9987558525726289,0.9020652541326245,0.45369367586554843,0.9310472780036391,0.9109859162614933,0.7326369341403884,-0.46012142651325266,-0.6197810311411701,0.804641559096777,0.8325735659827148,-0.3362843007554904,0.9275280501591562,0.9277465386924526,0.9679537074361034,0.993152236621975,0.8920500657793268,0.8994519612754145,0.8751570083664199,0.8763851438693062,0.8819948241646373,0.8826897904260192,0.8819948241646373,0.7518533137673051,0.7173895627931213,0.7196842471354552,0.7173895627931213,0.8986965930222897,0.9053222316724714,0.8977958663584881,0.8989306232556568,0.8977958663584881,0.46336256539466175,0.3970925402486915,0.5071504118177816,0.6131708735976623,0.5067813125342856,0.5391932213857636,0.5412613594459224,0.5391932213857636,-0.3708479476700624,0.8342881649827634,0.8723249241135107,0.8575911364035996,0.8988485919662355,-0.2852455155205654,0.8290648539993689,0.8294607203764748,0.8290648539993689,0.8399848698066357,0.8399848698066357,-0.24172893768040096,0.6883914161435672,-0.38656047594172804,-0.7733666711096654,-0.5358093158468599,-0.5383261473039163,-0.40196036376688266,0.20769004187477866,-0.2920358800597093,-0.5031278802988334,-0.727150460851218,-0.3815977814749128,-0.5992467261822718,-0.4502128299787505,0.0780844484861823,0.07493772697245503,-0.5580416389776386,-0.5276362056561328,-0.5481280340532514,-0.5832718164831294,-0.5770797693514821,-0.5514112895025679,-0.5543564408753138,-0.5514112895025679,-0.4217997326404593,-0.6134651789988069,-0.6134651789988069,-0.6131051924450798,-0.6131051924450798,0.36071285208380244,0.3352530191324128,0.465110896168589,0.5587451016860163,0.526337567399992,-0.5682852902552111,0.29517945796063627,0.2867339664657681,0.2869013707508955,0.2867339664657681,0.22569232711584372],[0.9922256067129134,0.9836999016830572,0.6288956268524819,0.9935481077724098,0.9972032780396415,0.9922256067129134,0.9999965537446445,0.9982351680183988,0.9982351680183988,0.9999717984711594,0.9597856602958901,0.999676924615683,1.0,0.9999902590278399,0.9999949971385738,0.8935517636209432,0.875603740312009,0.27915813273126283,0.99986121169049,0.9998613123564417,0.98979620067318,0.9999973222120373,0.34096717900981827,0.7275158562619017,0.9907906057670886,0.9907906057670886,0.986575797360388,0.9906633236473419,0.26634943783635573,-0.1686277041012753,0.9916232491445187,0.9915061233380354,0.1904459001517242,-0.22934261676321127,0.9993414981432975,0.9994536704262154,0.42232007455601484,-0.31170556384538933,0.9990041226735017,0.9994177410202083,0.8795382658274339,0.2584875286134308,0.941280038460686,0.9990901225678899,0.941280038460686,0.9084137565300757,0.6134578549361359,0.9352157818389002,0.9139471701059872,0.7324890407855734,0.4087918862029063,-0.11070651445651583,-0.19831500030252305,0.9279176216715,0.35029737908956743,0.9676489179923561,0.9625163190707177,0.9786882638965586,0.9956795351655701,-0.03989950934176062,0.8704189137462773,0.8315372582505299,0.8776611073811629,0.8260073812767899,0.789369308105015,0.8260073812767899,0.8066771536452165,0.7938409919951429,0.7839266679140675,0.7938409919951429,0.869569781312196,0.3788139433415953,0.5846752118952812,0.6491411636938444,0.5846752118952812,0.599558723703006,-0.3459928012892871,0.5694494592638738,-0.6313501391486411,0.49251349584885395,-0.09670362796502306,0.43231917465271574,-0.09670362796502306,-0.15259070785648993,0.8476893571458249,0.8686158260126364,0.8537191799124579,0.7648068626889664,0.26289792772822246,0.8474045155357967,0.8488010613155481,0.8474045155357967,0.7636826586463292,0.7636826586463292,-0.18666575256525278,0.6950054242370123,0.23960200749438992,-0.6695933203139955,-0.6283737141583322,-0.6314660749723287,-0.15545637899775316,0.05524612364223501,0.33093453018121194,0.0033611278875313854,-0.535744593075663,0.06061216182610113,-0.827794672039442,-0.16685080499664384,0.08455841508373971,0.0857635142759261,-0.6119657641516878,-0.5918365894987914,-0.09463966359375296,-0.5896919174725281,-0.8353271795959859,-0.3825040657661425,-0.21466666000757595,-0.3825040657661425,-0.2785124000508174,-0.3636173198361559,-0.3636173198361559,-0.8277269284534781,-0.8277269284534781,0.3641799183164916,0.58771137392868,0.5055155641022658,0.8027630129347785,0.7407977257929015,-0.3710142060895183,0.06595748985323598,0.750346685929878,0.7694715505448879,0.750346685929878,-0.12863131488488752],[0.9926507525950198,0.9836367565265018,0.6198431735579671,0.9942720150628553,0.9972817652787747,0.9926507525950198,0.9999866037065093,0.9994027154288224,0.9994027154288224,0.9999708101425736,0.9598032710602405,0.9996719653915564,0.9999902590278399,1.0,0.9999875345422489,0.8443869482474218,0.7872909301413913,0.28114605965492345,0.9998839769268114,0.9998845518796161,0.98978611097492,0.9999875248882908,0.34355073311864337,0.7233209587886382,0.9937881882929518,0.9937881882929518,0.9937510074824036,0.9905816376716371,0.26196754919382814,-0.16899756819116565,0.9918303873433454,0.9918406554599967,0.21437323327166333,-0.22867090079829375,0.9995143943532496,0.9994536656644696,0.8418983459989402,-0.4042854708161747,0.998999217926486,0.9994220865890777,0.8292707757603035,0.26051341557854885,0.9994047231669597,0.9994092430346943,0.9994047231669597,0.9083990277169941,0.6135861858390851,0.9348485961726114,0.9134185447846975,0.7319966489366182,0.2887425457006821,-0.28173818890006896,0.09685247713491636,0.9278366001550514,0.35107227435966265,0.9644607568223913,0.9625359063999587,0.9771834378494135,0.9959101873486554,0.8885523131728156,0.869538496718752,0.9019527304569452,0.8775609759199373,0.9010699418251764,0.9019151999612257,0.9010699418251764,0.8058290115188509,0.866933510112819,0.8683845806362643,0.866933510112819,0.8693541304872227,0.7617607495075839,0.8627294491033096,0.8643435845635479,0.8627294491033096,0.5990023084160536,0.44550569210799124,0.5680430701166276,-0.6358163274012948,0.4910480677781406,0.4992847609980361,0.5003665554191596,0.4992847609980361,-0.15445938173682477,0.8474796773950559,0.8682235477065611,0.8531848598000827,0.8954750949710809,0.2654191361917863,0.8472910284905373,0.8489774857673826,0.8472910284905373,0.8577108423528016,0.8577108423528016,-0.18706079545261953,0.694680691326905,0.15604344145402207,-0.6683710616068833,-0.628006977650106,-0.6309414053962772,-0.15540335223331259,0.05443620381000737,0.10766996640974764,0.00501737531879768,-0.5340895250756331,-0.1262233325411425,-0.8395394753808626,-0.3874232574947598,0.08431358769384639,0.08550398320386988,-0.6120154166383722,-0.591131645711438,-0.38731953531019886,-0.5894519331534542,-0.8289358899703382,-0.5018909630600027,-0.49747020425636584,-0.5018909630600027,-0.27768722208522156,-0.3636224611694038,-0.3636224611694038,-0.8198247191494058,-0.8198247191494058,0.3641364888941953,0.5880512906284209,0.8230186057658901,0.8067895394732123,0.7414516084779162,-0.3704212223740139,0.701860987672903,0.739782251672966,0.7398652268952863,0.739782251672966,-0.09643609370178864],[0.9922800474621815,0.9835358026566745,0.6291121897336747,0.9935784787616007,0.9972304848957664,0.9922800474621815,0.9999933081740768,0.999139705904277,0.999139705904277,0.9999754900276634,0.9594967214778545,0.9996425800878139,0.9999949971385738,0.9999875345422489,1.0,0.8870624921429104,0.8435270016858539,0.279278078695869,0.9998638240585468,0.9998638156046616,0.9899329817828714,0.9999949338559982,0.3416226128451373,0.7273676103723657,0.9940345779279425,0.9940345779279425,0.9939386454393262,0.9905801337116342,0.2666158081555435,-0.16865978120712324,0.992444186502971,0.9924907731411313,0.191183203184785,-0.2291755933281761,0.9993879193184949,0.9994526359830046,0.42134338430983664,-0.3109311557092586,0.9989582266792291,0.9994201610778903,0.877953919134233,0.25863011670469727,0.9408261443070336,0.9991417946640395,0.9408261443070336,0.908676907766846,0.6141240713396848,0.9354495415242318,0.9141798768151252,0.7322308042008248,0.41013674076861345,-0.10919367086875428,-0.19852620424827438,0.9282658414252408,0.3505630635107632,0.96804036177305,0.9628274240229565,0.9789535594478299,0.9957181436088667,-0.040889976679858796,0.8706834413866305,0.8314564861530734,0.8778897818598586,0.8259613288065396,0.7889484222644431,0.8259613288065396,0.8068708701764402,0.7937906048201747,0.7843019559423661,0.7937906048201747,0.8698775449180256,0.3781577625161745,0.5841938406297821,0.6491530388456079,0.5841938406297821,0.5994262448265985,-0.34712286159545436,0.5693940349707072,-0.6315212920211921,0.49217036953406174,-0.09766927149356264,0.43198699293421666,-0.09766927149356264,-0.15254045551678447,0.8478209619244824,0.8683545504369914,0.8538485322588225,0.7567173361117353,0.2632654341280495,0.8475067885032559,0.8488940475805853,0.8475067885032559,0.7635001147061319,0.7635001147061319,-0.18805422966786917,0.6958001103320705,0.24008760533065737,-0.669577922541794,-0.6287294851991181,-0.6318265935257394,-0.15654374374373378,0.05408692985361621,0.3312479340872074,0.002953991957981345,-0.5359588827103001,0.06070281440121617,-0.8270072881220893,-0.16668734798514998,0.08361465231093777,0.08481850557792919,-0.6125502467977068,-0.5920564887878332,-0.09407555942849123,-0.5908522183486615,-0.8353365205654145,-0.3824413671167436,-0.2141255442091852,-0.3824413671167436,-0.2794063653098187,-0.3640578628194221,-0.3640578628194221,-0.8280670278035951,-0.8280670278035951,0.36438485228490747,0.5873752081460454,0.5050216556737865,0.8031940503212924,0.7402446585493988,-0.3705780639351991,0.06531818640674449,0.7507509025104293,0.7700758890105005,0.7507509025104293,-0.12833725994621986],[0.839371881293175,0.34497724337606167,0.4593848883955056,0.8386236215672596,0.7700934532322032,0.839371881293175,0.8935964584732137,0.8912462718311536,0.8912462718311536,0.7996860502392881,0.6288507298987505,0.42880397877479964,0.8935517636209432,0.8443869482474218,0.8870624921429104,1.0,0.9945635190064988,0.4102492337506042,0.8729663080945759,0.8729577910935543,0.8208705133145415,0.8862847919423607,0.32812801390896573,0.4869241030504436,0.8780535936478648,0.8780535936478648,0.8655925354255635,0.0392332209156749,0.19100610131956458,-0.18552376526942704,0.9083193153016951,0.9064710371824888,0.1523563024829092,-0.2508471832591044,0.8909006313221723,0.8168966685620715,0.2970317918422901,-0.3193938038338917,0.44422762414805184,0.7936370759742388,0.9984258904693788,0.39221034906811614,0.8182183550000445,0.890680272530293,0.8182183550000445,0.41275273415054253,0.5724016527606391,0.04141809464856407,0.026950876563807003,0.27417191410821795,0.4069334979407909,-0.0638077119504507,-0.2099102584568313,0.7962455760939573,0.40464988879334285,0.8849098165748688,0.80680505050327,0.8659316654377914,0.8803515242108649,-0.09627973765061767,0.36406911548036625,0.671522060322955,0.5953305473940708,0.663372717626