var element=document.getElementById("correlationClose");if(element.style.display!='none'){var correlationClose={"data":[{"type":"heatmap","z":[[1.0,0.9999868655869326,0.6304944766159708,0.9997145807777208,0.9978346687026532,1.0,0.9919241951681329,0.9880359483055603,0.9880359483055603,0.992606175940966,0.9756323035466353,0.9857798266397209,0.9919639543331519,0.9923994613147145,0.9920210757639617,0.8694623367115464,0.827986481568658,0.3563940317116176,0.9929156850321467,0.9929021337577153,0.9851322171666601,0.9919509078838519,0.45061836538546396,0.713225207851174,0.9804891584952149,0.9804891584952149,0.9804700524073472,0.9720288535304391,0.353478905244784,-0.09775896280187434,0.9895685400876134,0.9895322729989746,0.304104066155902,-0.1703033323324713,0.9944439689588452,0.9951634731926206,0.834620505000998,-0.37298816315241407,0.9899416014979108,0.9950843079008009,0.861323358595219,0.33760237220948885,0.99459954464241,0.9945878627858176,0.99459954464241,0.8845339598847691,0.6576843564357449,0.8878162115572571,0.8952387025354943,0.8048097073489271,0.376301535992383,-0.1604292014461115,0.19637798872631823,0.9453016247265643,0.4112540302822186,0.9750755561799823,0.9699550406562658,0.9797655891792666,0.9897442417102237,0.9251534029191116,0.9297919951969674,0.9411029278850396,0.9231595456744001,0.9383134164232773,0.9389875185177222,0.9383134164232773,0.8699906992710401,0.9162973357314973,0.9172712749573022,0.9162973357314973,0.9136390460992002,0.7681825475748214,0.886632287140644,0.8880357873240727,0.886632287140644,0.666975495601431,0.34737156310526834,0.6485763267347192,-0.5702623794515107,0.5532596427340647,0.5856427903138811,0.5863700368387934,0.5856427903138811,-0.10498843000128971,0.9017419704226307,0.9340446611693931,0.91680263923791,0.9265434967363323,0.3411763164426197,0.8974742611679114,0.8983794419131348,0.8974742611679114,0.9032457845022517,0.9032457845022517,-0.11554618286929633,0.5888232988491419,0.18318936874243297,-0.6339798735857437,-0.5776973454752476,-0.5812794707167552,-0.08449229452252871,0.10264666278652056,0.23255504449446168,0.06686561152054912,-0.4850207804925503,0.01857395879528597,-0.7956300067329919,-0.24844780431595256,0.15804931566323382,0.1588873650378003,-0.5589400903162177,-0.5901454465692231,-0.24781880557259583,-0.5028753943413058,-0.8223825286995469,-0.38037095984663455,-0.3722820872978959,-0.38037095984663455,-0.19172422906785686,-0.29803811895770377,-0.29803811895770377,-0.8104150794918016,-0.8104150794918016,0.3990785205071702,0.6415304364169105,0.8624131625500845,0.8448564457173908,0.7716499973802734,-0.29570350101284437,0.7551142030632384,0.7918918018909352,0.7921829545082206,0.7918918018909352,-0.22174535394060102],[0.9999868655869326,1.0,0.976319898746087,0.9993706042181999,0.9951787928228799,0.9999868655869325,0.9826615733047301,0.9757821443970164,0.9757821443970164,0.9825101358595087,0.967071848020893,0.9843388698666112,0.9827088120538564,0.9826327883813306,0.9825401131256903,0.4424974606956117,0.3649901352558861,-0.36933379313602777,0.9869771297781692,0.9869572175360017,0.9827593561558413,0.9827526309636234,-0.08147710972814623,0.975402259820656,0.9774685574600908,0.9774685574600908,0.9775238939967344,0.9721810705510536,0.170880504129596,0.1892504527784062,0.9792835010105926,0.9793404829885182,0.9537462069514041,0.20531895430893282,0.9899127806263124,0.9899652870715402,0.9905982905108447,0.9840852739954887,0.9888358488024347,0.9901003202888587,0.404516361293227,-0.37493261002143186,0.9906428820049956,0.9906293887337035,0.9906428820049956,0.8844481010610592,0.5134879020851579,0.8879054414500761,0.8950810073855122,0.8041928057038318,-0.37704284025945084,-0.5202400349394908,0.8243163720919012,0.8642208719168712,-0.23371653138583953,0.9323474220141736,0.9324809996600445,0.9506577448832573,0.9753331731689375,0.9413400413158668,0.9491805639370212,0.9322219442023096,0.93140915621317,0.9374600397178732,0.9380260021584923,0.9374600397178732,0.827824863531339,0.795790001284219,0.7977856374029766,0.795790001284219,0.9433363312606503,0.9472492705281786,0.9434235041137683,0.9443965141801324,0.9434235041137683,0.5487767319935992,0.4906142139180674,0.59746477031762,0.6907246347332838,0.5912279933581187,0.6185969616569174,0.6193198281170077,0.6185969616569174,-0.2010500145440317,0.8992343287987951,0.9274851460727049,0.9173298953479524,0.9471109757208218,-0.22380766717210204,0.8946975713359333,0.8950131117132556,0.8946975713359333,0.9034802586760978,0.9034802586760978,-0.20781415028446398,0.5899890639641565,-0.3582054295510175,-0.7342171523331874,-0.46262965002254036,-0.46605976283672207,-0.34133612849937506,0.25963054013554226,-0.23906071638855567,-0.45137863581297605,-0.6789593069119446,-0.32069677981026046,-0.48571164737088474,-0.37704208331080336,0.1356517193673806,0.131948172017074,-0.48909761592569784,-0.44998835112637803,-0.4784071695780319,-0.509240701113569,-0.5012951696118679,-0.48054781228894594,-0.4840368469321572,-0.48054781228894594,-0.3463039684233606,-0.5121894648932801,-0.5121894648932801,-0.4883466756284489,-0.4883466756284489,0.39912391976982725,0.3850870626961856,0.5046938678312214,0.5959517699964333,0.5475086452843738,-0.421310441988557,0.36728450403030455,0.3369570362877493,0.3370475530240874,0.3369570362877493,0.12193108360860826],[0.6304944766159708,0.976319898746087,1.0,0.6263207233843306,0.5437605746084205,0.6304944766159708,0.6150107447464777,0.6056131700847082,0.6056131700847082,0.5428128338333246,0.4965747822296147,0.996145556265031,0.6150420681565477,0.603988724693245,0.6152938356536768,0.4805059290468249,0.47993277033766923,-0.16485404824575717,0.5710785745904166,0.5701939246803635,0.5321360889309473,0.6139657721433689,0.22984949065358798,0.7549084325549645,0.5899290552863826,0.5899290552863826,0.5896843758514483,0.9874631712641828,0.343385688072634,0.17860835526638505,0.5743883427073168,0.5739664385511952,0.7448520382082039,0.029827876792200652,0.611705138875267,0.5384769256055111,0.5855136885706282,0.32463128814021774,0.9938518772946136,0.5312082572074616,0.47222491931710275,-0.1728904202848371,0.6283068538994865,0.609626946833423,0.6283068538994865,0.8826179388157684,0.3947734991001434,0.9114135461027556,0.8835210898626036,0.6846486553804132,0.20566858462833354,-0.04675357680034059,0.0496217498658816,0.4835988393861565,-0.0866598671894054,0.5591768002998834,0.5123703116419984,0.5404737832981765,0.5012948826726367,-0.0330649356592191,0.7559698348603525,0.6924160165158747,0.5787151506725934,0.6982684530118878,0.7391003567713007,0.6982684530118878,0.4522559741015587,0.5985329093060506,0.6722894633868358,0.5985329093060506,0.6431350380560223,0.6497666448438546,0.6970545331588767,0.7535910959468914,0.6970545331588767,0.3225885410691386,-0.08750739225386268,0.3395696661782114,0.11556348650619654,0.3371266936623347,0.2611781405183782,0.45019846519997575,0.2611781405183782,-0.16903522431151116,0.5445047128932177,0.8564794387425385,0.6237972151740778,0.7543246222603768,-0.013808384882996285,0.5938404445538316,0.5935157510772053,0.5938404445538316,0.680823591494266,0.680823591494266,-0.22841850407687908,0.7201708421236156,-0.19604254553405068,-0.6397787725647482,-0.41781105306656086,-0.421346735138508,-0.40439705923599983,0.06979507899609831,0.024184672592866566,-0.30209528077686804,-0.6199906816878707,-0.15222460452256098,-0.28064740680307115,-0.24049483989081508,0.028617501107646597,0.02594349853119491,-0.47302956385614586,-0.03359400709575737,-0.24276589593497475,-0.4998184509013326,-0.16647029745328448,-0.38533365689654236,-0.26428724840952517,-0.38533365689654236,-0.4092203293553149,-0.5205873817936958,-0.5205873817936958,-0.27844889938279666,-0.27844889938279666,0.3372395752482587,0.1699103705426017,0.26813683404658967,0.506706073000979,0.2586481707057993,-0.3522906225542495,-0.024352596766298217,0.4532669580841453,0.5603532689580862,0.4532669580841453,-0.039105635269681395],[0.9997145807777208,0.9993706042181999,0.6263207233843306,1.0,0.9988286328361237,0.9997145807777206,0.9933108883680929,0.9898913970831145,0.9898913970831145,0.9942386392881736,0.9735309548816291,0.9895991055008138,0.9933400768527091,0.9940859177959602,0.9933724617976865,0.8690458207683526,0.82727013529754,0.3414721284212924,0.994106515619115,0.9940955036528607,0.9853123874347296,0.993319434806471,0.44219474026192324,0.717473977019342,0.9832147100566082,0.9832147100566082,0.9831952928413528,0.979170825612751,0.34961597126627336,-0.10403337715232817,0.9889782297442845,0.9889509496511878,0.29644360293297023,-0.17038194718234514,0.9950678791780927,0.9959968665640918,0.7987604184808071,-0.37779071991721946,0.9926786760397052,0.9961550916845292,0.8600983478296111,0.32236123089254565,0.9929230683031102,0.9951185561824097,0.9929230683031102,0.8819468129662335,0.6450696208837131,0.8934490474504964,0.8926409536427952,0.7852243448246125,0.3710404297810127,-0.16585926770954593,0.19051617976438778,0.9396040626189798,0.395080513390038,0.9705608422148541,0.9669472182906973,0.9776070202875267,0.989773020781089,0.9040317416613917,0.9231697514061679,0.9281097091281509,0.9192244280514786,0.9212733124406931,0.9221992196710169,0.9212733124406931,0.8620053236774642,0.9041734271368411,0.9052418914209808,0.9041734271368411,0.9102617050560308,0.7082161418127488,0.8476940943547123,0.8491210584105164,0.8476940943547123,0.6587780489457532,0.12593558399569693,0.6386740267731121,-0.5747831460574048,0.5483388153107102,0.3232158740611078,0.5564345899857605,0.3232158740611078,-0.11142226838867823,0.8965123294849243,0.9264771622437518,0.909151039005807,0.9034130462150156,0.32696836186920397,0.8930089202909108,0.8940486743707926,0.8930089202909108,0.8839255994168783,0.8839255994168783,-0.12043631849999915,0.6103813794163964,0.18789302785951653,-0.6442213452982996,-0.5846822023139399,-0.5881712450753193,-0.09667433714753661,0.09802713521997243,0.2255704393882995,0.053822384391402564,-0.49738732378367445,0.012200614286059825,-0.8014267614175007,-0.2561665417570785,0.14802012057195116,0.14890602247835716,-0.5656630165168929,-0.5865275294354068,-0.24909442758947656,-0.5134904498637105,-0.8239375639052695,-0.3817755895915796,-0.37425469927472477,-0.3817755895915796,-0.2002548774413848,-0.30763445116526733,-0.30763445116526733,-0.8099738474303502,-0.8099738474303502,0.38811799345117837,0.6297712755329123,0.8544883604348684,0.837113414266509,0.7641041481221301,-0.30867658733683334,0.7460026037125339,0.7829598764589961,0.7832614301731485,0.7829598764589961,-0.20681655112958228],[0.9978346687026532,0.9951787928228799,0.5437605746084205,0.9988286328361237,1.0,0.9978346687026532,0.9971062633129781,0.9954595933524679,0.9954595933524679,0.9973013052828101,0.9650533667665532,0.9962497139339076,0.9971256265624178,0.9972048018933204,0.9971549061027309,0.8136423963619962,0.7529263536691306,0.13801242605200853,0.9976360598500578,0.9976310698834404,0.9871735389731656,0.9971107495364698,0.09431010290632888,0.6924598792206617,0.9918790859550992,0.9918790859550992,0.991840234293616,0.9890273214176045,0.12789784152936653,-0.08526442115575034,0.9871125274353632,0.9870484531914923,0.003964789073571503,-0.06486606060411745,0.9977970386419751,0.9977284736990689,0.7854800534142907,-0.5063292836196961,0.9975915988743671,0.9980605517943836,0.7963550048743948,0.11381964665282025,0.9977418710510125,0.9977434886757229,0.9977418710510125,0.896987220961326,0.6078927855939279,0.9113700760740967,0.8979206893283433,0.7584906678205157,-0.09764211567119804,-0.5864907250870198,-0.2125167898394259,0.9272710362481521,0.24837857943011876,0.9652952057853807,0.9653712049227238,0.9794805313181842,0.9903888554726323,0.902205649210456,0.9045518899083773,0.9179804586701069,0.9063574410281676,0.9163741106780852,0.9167286896949645,0.9163741106780852,0.836435008661051,0.857534934679932,0.8587362096663177,0.857534934679932,0.8989926866567929,0.8057688387585048,0.879493253532984,0.8803370532596801,0.879493253532984,0.616230151413378,0.49178211254128656,0.6027521611505369,-0.6016733831617596,0.6012196548932235,0.5789468050544619,0.5781616523376847,0.5789468050544619,-0.12971176101454446,0.8784392174742003,0.9015910580831558,0.8860131688245942,0.9106003765121294,0.1749299675731933,0.8783459539387274,0.8794413881340594,0.8783459539387274,0.8852060533656744,0.8852060533656744,-0.1606905864210186,0.6603602509457999,0.04331322459664333,-0.6757935838673121,-0.6354579087658754,-0.6359760601384457,-0.129770273690831,0.12109605659818928,-0.16710252798424002,-0.19576839282825007,-0.5732170403053886,-0.3514818284411059,-0.8534314800514101,-0.5402764595784978,0.11651172029211068,0.11725064604067671,-0.5929494235981947,-0.5794213978805021,-0.5322901596778439,-0.5528032095285697,-0.7847430487331155,-0.5852576644335606,-0.5882748493419496,-0.5852576644335606,-0.2406469479457423,-0.3428315357117197,-0.3428315357117197,-0.7523112580264792,-0.7523112580264792,0.37372112888386155,0.6108419196230911,0.8071295130779897,0.7895133859931691,0.7532961826076239,-0.43940666017594515,0.6024853261699445,0.6746645965418431,0.6750712302090776,0.6746645965418431,0.020098735218774505],[1.0,0.9999868655869325,0.6304944766159708,0.9997145807777206,0.9978346687026532,1.0,0.9919241951681329,0.9880359483055603,0.9880359483055603,0.992606175940966,0.9756323035466353,0.9857798266397209,0.9919639543331519,0.9923994613147145,0.9920210757639617,0.8694623367115464,0.827986481568658,0.3563940317116176,0.9929156850321467,0.9929021337577153,0.9851322171666601,0.9919509078838519,0.45061836538546396,0.713225207851174,0.9804891584952149,0.9804891584952149,0.9804700524073472,0.9720288535304391,0.353478905244784,-0.09775896280187434,0.9895685400876134,0.9895322729989746,0.304104066155902,-0.1703033323324713,0.9944439689588452,0.9951634731926206,0.834620505000998,-0.37298816315241407,0.9899416014979108,0.9950843079008009,0.861323358595219,0.33760237220948885,0.99459954464241,0.9945878627858176,0.99459954464241,0.8845339598847691,0.6576843564357449,0.8878162115572571,0.8952387025354943,0.8048097073489271,0.376301535992383,-0.1604292014461115,0.19637798872631823,0.9453016247265643,0.4112540302822186,0.9750755561799823,0.9699550406562658,0.9797655891792666,0.9897442417102237,0.9251534029191116,0.9297919951969674,0.9411029278850396,0.9231595456744001,0.9383134164232773,0.9389875185177222,0.9383134164232773,0.8699906992710401,0.9162973357314973,0.9172712749573022,0.9162973357314973,0.9136390460992002,0.7681825475748214,0.886632287140644,0.8880357873240727,0.886632287140644,0.666975495601431,0.34737156310526834,0.6485763267347192,-0.5702623794515107,0.5532596427340647,0.5856427903138811,0.5863700368387934,0.5856427903138811,-0.10498843000128971,0.9017419704226307,0.9340446611693931,0.91680263923791,0.9265434967363323,0.3411763164426197,0.8974742611679114,0.8983794419131348,0.8974742611679114,0.9032457845022517,0.9032457845022517,-0.11554618286929633,0.5888232988491419,0.18318936874243297,-0.6339798735857437,-0.5776973454752476,-0.5812794707167552,-0.08449229452252871,0.10264666278652056,0.23255504449446168,0.06686561152054912,-0.4850207804925503,0.01857395879528597,-0.7956300067329919,-0.24844780431595256,0.15804931566323382,0.1588873650378003,-0.5589400903162177,-0.5901454465692231,-0.24781880557259583,-0.5028753943413058,-0.8223825286995469,-0.38037095984663455,-0.3722820872978959,-0.38037095984663455,-0.19172422906785686,-0.29803811895770377,-0.29803811895770377,-0.8104150794918016,-0.8104150794918016,0.3990785205071702,0.6415304364169105,0.8624131625500845,0.8448564457173908,0.7716499973802734,-0.29570350101284437,0.7551142030632384,0.7918918018909352,0.7921829545082206,0.7918918018909352,-0.22174535394060102],[0.9919241951681329,0.9826615733047301,0.6150107447464777,0.9933108883680929,0.9971062633129781,0.9919241951681329,1.0,0.9974263091356255,0.9974263091356255,0.9999700190217488,0.9580822831942472,0.9996649333068365,0.9999964993506875,0.9999862093180616,0.9999932071075949,0.9148362350400219,0.9055041769791347,0.300512143213355,0.999855590282777,0.9998557030317561,0.9895131227584517,0.9999966857486964,0.3545811972470731,0.7164202458972045,0.9853548234611963,0.9853548234611963,0.9861738068706851,0.9898981953237455,0.2756069577747974,-0.16032709239807003,0.9916337783898247,0.9914859910267586,0.2004644997830748,-0.21898229547370326,0.9993304947171303,0.9994372729919117,0.40794088490082997,-0.3157241835179762,0.9989516372752454,0.9993903135428704,0.9032786023738751,0.280022287688239,0.9394198090859508,0.9990734719723716,0.9394198090859508,0.9067213038371847,0.6143382299040516,0.9298254869140075,0.9066333322016171,0.72051592167223,0.4083043464095066,-0.1058164398571219,-0.20218372708044846,0.9263350918516114,0.3597179069136762,0.9675299759139677,0.961949929419509,0.9782868420430969,0.9957658923522023,-0.04948015392936131,0.8628513736487644,0.8254890278830469,0.8722026969834907,0.8197279538620833,0.7837535427582777,0.8197279538620833,0.7980195374824524,0.7874880487142066,0.7791834993681309,0.7874880487142066,0.8631891786603657,0.3635674523990152,0.5720488043224717,0.6403385889394051,0.5720488043224717,0.5852907551791149,-0.34936456734986776,0.5533988197768793,-0.6380591889184504,0.47690368054432386,-0.10313152423356632,0.42006146255547433,-0.10313152423356632,-0.1531584823147531,0.8408351092635591,0.8600996083198521,0.845719668570615,0.7588421199067654,0.2855450402853095,0.8411084407955433,0.8425967689801956,0.8411084407955433,0.7553698377950889,0.7553698377950889,-0.19703678744331463,0.7036072961664803,0.24654326134632193,-0.6548954904965865,-0.6252513761653806,-0.6282995341665872,-0.14280492462489916,0.04786446071836524,0.3371697255240377,0.020565234915566468,-0.515375007277321,0.06997771137787201,-0.8278142281063913,-0.1564423011966804,0.0806095362974211,0.08154886454588654,-0.6085553769617775,-0.595208329436851,-0.08620700186805542,-0.5877134191181247,-0.8372410678984533,-0.37532699219729965,-0.20648618737628066,-0.37532699219729965,-0.27391278447429585,-0.3522877646907285,-0.3522877646907285,-0.8297236541866347,-0.8297236541866347,0.3733855850922158,0.5924896506591695,0.5044840403556557,0.8040978824767849,0.746567197181574,-0.36085104876328056,0.06462707190631577,0.7535380950912716,0.7725427889884604,0.7535380950912716,-0.1369618736982282],[0.9880359483055603,0.9757821443970164,0.6056131700847082,0.9898913970831145,0.9954595933524679,0.9880359483055603,0.9974263091356255,1.0,1.0,0.9995381777798491,0.9509443861526292,0.9986382088053466,0.9981876679089892,0.9993861291892535,0.9991144092309955,0.9127029968299413,0.8956217855938913,0.278698584854127,0.9991612627539118,0.9991627121942825,0.9868268735822768,0.9992562528891578,0.32904606032386713,0.7171126396810685,0.992523358328372,0.992523358328372,0.9841857892368433,0.9867952251357608,0.2580495096033683,-0.17383740294845873,0.9879166484531892,0.9913425227843669,0.1817270977895148,-0.22486797064772843,0.9982685792412975,0.9982252411101065,0.3894617063009542,-0.3225097998883767,0.9968917073167834,0.9981462125675414,0.901482977115509,0.2577848749868483,0.9316661913298712,0.9980954885370791,0.9316661913298712,0.9041889867043285,0.5990728516355345,0.9300845276907163,0.9033074785854389,0.6971357020740201,0.3952398709007933,-0.12091652774471441,-0.21496238574651283,0.9175891942266615,0.339135430565565,0.9628385742044335,0.9566455417792583,0.97312305966243,0.9948090553203254,-0.05940602867182054,0.851174327107409,0.8093215167692313,0.8637120181284417,0.8046873000059181,0.7714195000121171,0.8046873000059181,0.7855537072880291,0.7686106738855418,0.7655975247056989,0.7686106738855418,0.8549354373869436,0.34400904209331035,0.5515423908141487,0.6238539185962801,0.5515423908141487,0.5722363848091877,-0.36409506846393286,0.5386236131278449,-0.6458395350116994,0.46898372844111513,-0.1252383350653222,0.403708839790623,-0.1252383350653222,-0.15995986913833504,0.8309015767033536,0.8454036039617518,0.8330865255166098,0.7441132256228055,0.26794160451434185,0.8317446315411469,0.8334247297784113,0.8317446315411469,0.7377694741676045,0.7377694741676045,-0.2123040077215021,0.7282791161599057,0.2538259177637167,-0.6643452258833129,-0.6381072537849064,-0.6409676661958305,-0.15764822608609705,0.04014466455691863,0.3302036307479606,0.0013328963109347951,-0.5281128013719633,0.06068827263912432,-0.8338846430524807,-0.16294641949039332,0.06525072067081411,0.06621276221187901,-0.6202839005794627,-0.59627974614125,-0.09307613978978344,-0.6046122717710702,-0.8369933680588235,-0.3868843984082421,-0.2127254627565644,-0.3868843984082421,-0.29146100213643467,-0.36603583445088556,-0.36603583445088556,-0.8279098390561525,-0.8279098390561525,0.3533810150563814,0.5754963917447211,0.4857333695417096,0.7862725257383859,0.7338802705871247,-0.38258732044519883,0.050541500715260326,0.734418752150966,0.7568018313085875,0.734418752150966,-0.11980971429622506],[0.9880359483055603,0.9757821443970164,0.6056131700847082,0.9898913970831145,0.9954595933524679,0.9880359483055603,0.9974263091356255,1.0,1.0,0.9995381777798491,0.9509443861526292,0.9986382088053466,0.9981876679089892,0.9993861291892535,0.9991144092309955,0.9127029968299413,0.8956217855938913,0.278698584854127,0.9991612627539118,0.9991627121942825,0.9868268735822768,0.9992562528891578,0.32904606032386713,0.7171126396810685,0.992523358328372,0.992523358328372,0.9841857892368433,0.9867952251357608,0.2580495096033683,-0.17383740294845873,0.9879166484531892,0.9913425227843669,0.1817270977895148,-0.22486797064772843,0.9982685792412975,0.9982252411101065,0.3894617063009542,-0.3225097998883767,0.9968917073167834,0.9981462125675414,0.901482977115509,0.2577848749868483,0.9316661913298712,0.9980954885370791,0.9316661913298712,0.9041889867043285,0.5990728516355345,0.9300845276907163,0.9033074785854389,0.6971357020740201,0.3952398709007933,-0.12091652774471441,-0.21496238574651283,0.9175891942266615,0.339135430565565,0.9628385742044335,0.9566455417792583,0.97312305966243,0.9948090553203254,-0.05940602867182054,0.851174327107409,0.8093215167692313,0.8637120181284417,0.8046873000059181,0.7714195000121171,0.8046873000059181,0.7855537072880291,0.7686106738855418,0.7655975247056989,0.7686106738855418,0.8549354373869436,0.34400904209331035,0.5515423908141487,0.6238539185962801,0.5515423908141487,0.5722363848091877,-0.36409506846393286,0.5386236131278449,-0.6458395350116994,0.46898372844111513,-0.1252383350653222,0.403708839790623,-0.1252383350653222,-0.15995986913833504,0.8309015767033536,0.8454036039617518,0.8330865255166098,0.7441132256228055,0.26794160451434185,0.8317446315411469,0.8334247297784113,0.8317446315411469,0.7377694741676045,0.7377694741676045,-0.2123040077215021,0.7282791161599057,0.2538259177637167,-0.6643452258833129,-0.6381072537849064,-0.6409676661958305,-0.15764822608609705,0.04014466455691863,0.3302036307479606,0.0013328963109347951,-0.5281128013719633,0.06068827263912432,-0.8338846430524807,-0.16294641949039332,0.06525072067081411,0.06621276221187901,-0.6202839005794627,-0.59627974614125,-0.09307613978978344,-0.6046122717710702,-0.8369933680588235,-0.3868843984082421,-0.2127254627565644,-0.3868843984082421,-0.29146100213643467,-0.36603583445088556,-0.36603583445088556,-0.8279098390561525,-0.8279098390561525,0.3533810150563814,0.5754963917447211,0.4857333695417096,0.7862725257383859,0.7338802705871247,-0.38258732044519883,0.050541500715260326,0.734418752150966,0.7568018313085875,0.734418752150966,-0.11980971429622506],[0.992606175940966,0.9825101358595087,0.5428128338333246,0.9942386392881736,0.9973013052828101,0.992606175940966,0.9999700190217488,0.9995381777798491,0.9995381777798491,1.0,0.9569829276693471,0.9996255170710701,0.9999711175289833,0.9999700167611686,0.9999751754711227,0.838443729818875,0.7797662646331348,0.18626188306989952,0.9998078619529541,0.9998084357973528,0.9893688169919171,0.9999682065324202,0.14121932484616986,0.6862219862423866,0.9949006495184237,0.9949006495184237,0.994854278983237,0.9897345271557948,0.10993524355473891,-0.09828073240828485,0.9903983474068679,0.9903598804866234,0.0203040509102512,-0.1761036654013408,0.9993684083470457,0.9993260493482866,0.7931199474240892,-0.5004404657548591,0.9988802705607758,0.9993675177688758,0.8215088201865591,0.1625771076000932,0.999223729921779,0.9992288997683721,0.999223729921779,0.9065020813233412,0.6149776081008301,0.9294153279938137,0.9058965043128094,0.7199385254014218,0.006668718358146724,-0.5364980713949685,-0.16527259385470203,0.9219355871674587,0.3061636142072243,0.962705699569448,0.9620144567309687,0.9800197739137904,0.9949752577281925,0.876118685501901,0.8635983894468159,0.8929523411557472,0.8730906131699059,0.8913775593494639,0.8920109684518265,0.8913775593494639,0.7973521375367475,0.8395053894009062,0.8410456917541532,0.8395053894009062,0.8645205822539236,0.7688845175741974,0.8508409322761246,0.852109873951687,0.8508409322761246,0.584788313167522,0.4200476960624155,0.5524896462845303,-0.652991353357202,0.5326320401093763,0.4978433484998545,0.4976424011331007,0.4978433484998545,-0.11057287008747188,0.8414017390174853,0.8600207623798375,0.8460906684200658,0.885219615717139,0.20451026674603823,0.8466267781947491,0.8486537756596724,0.8466267781947491,0.8535818225697895,0.8535818225697895,-0.19887820661342712,0.7049086496397332,0.0692262248879876,-0.6670401990236565,-0.6623193804188133,-0.6633174834160492,-0.14636925235180998,0.05097283340385372,-0.17303772062052586,-0.1639424816454188,-0.5580520634538703,-0.38044896249173854,-0.8702508509139744,-0.5768937301294799,0.07957787827564661,0.08094747595283466,-0.6102305013866821,-0.5913159331879922,-0.5421565746277233,-0.5895032886658841,-0.8075105900861069,-0.6085969179537017,-0.6109385840926443,-0.6085969179537017,-0.2763695268719442,-0.3557433582635207,-0.3557433582635207,-0.7873328457310954,-0.7873328457310954,0.3738776216513498,0.5910797978089227,0.8165090922276212,0.8013193051687963,0.7449323322867231,-0.3885684528346529,0.6359643560699152,0.6980660256771497,0.6982224755598161,0.6980660256771497,0.09921941329238679],[0.9756323035466353,0.967071848020893,0.4965747822296147,0.9735309548816291,0.9650533667665532,0.9756323035466353,0.9580822831942472,0.9509443861526292,0.9509443861526292,0.9569829276693471,1.0,0.9390481114626551,0.958104793263614,0.9581195997333424,0.9578022022485116,0.6887389759624111,0.6172930672970174,-0.027242166618511192,0.9628094584685474,0.9627879758917256,0.958228153481929,0.95822024779426,0.07367970043329186,0.7282136245345685,0.9597621543004243,0.9597621543004243,0.9599500251787115,0.874971589601119,0.22107320885950718,-0.07938153728378464,0.9655171061429526,0.9656273872797881,0.18220086292228765,0.10386792399075359,0.9666581201810506,0.9669168608065752,0.8746389157039406,-0.404605163838486,0.9483050330724883,0.9658041615371076,0.6699974241907067,-0.048818657690542486,0.9678462079230127,0.9678133951809507,0.9678462079230127,0.8002089927104133,0.41255481703297714,0.799191047612071,0.8816437427228989,0.8411525167968193,-0.5351854995902465,-0.683274966939616,-0.26723690673705686,0.8817026662946018,0.008227605574801277,0.913343612383759,0.9134076599452172,0.9335193336130881,0.9638121629658738,0.8797916529133382,0.8789816948839898,0.9008945241723603,0.8826563424116112,0.8939816275990583,0.8946629802048693,0.8939816275990583,0.8325832080217378,0.8142392529427288,0.8160648376506414,0.8142392529427288,0.8762751177497976,0.8929484595650535,0.8746607817370561,0.8753145665169,0.8746607817370561,0.6735241255215059,0.5989709755517237,0.6743867266449087,-0.34925979654379297,0.6953048284849139,0.7118804228981369,0.7143846119364246,0.7118804228981369,-0.27142707996291926,0.8800598744826883,0.9348329746890007,0.8953125679697317,0.8927873494915414,0.06077402894579382,0.8734299101712959,0.8745589801602799,0.8734299101712959,0.8830239364799742,0.8830239364799742,0.03538585308419588,0.3792328249457026,-0.09923911526979913,-0.5937258780802707,-0.4201781900833535,-0.422257656912785,0.0018217545347386111,0.4140003226711676,0.05767495850033455,-0.11439722208327045,-0.46599914167783235,-0.04888013741641356,-0.8017764522980467,-0.21064490007703487,0.29925977532333287,0.2987939405813329,-0.38745454037627397,-0.43522098422423017,-0.34745930801514185,-0.3563939693200403,-0.6718860557903007,-0.3676993983432706,-0.370051723332251,-0.3676993983432706,-0.08468545313111425,-0.39362783708389654,-0.39362783708389654,-0.5392855258969466,-0.5392855258969466,0.5400426466389673,0.6578320410261812,0.755049883394538,0.6814015305418842,0.8240885092906983,-0.4804985591687304,0.3894362602332575,0.5458139875852842,0.5460918851473013,0.5458139875852842,-0.20441041639324325],[0.9857798266397209,0.9843388698666112,0.996145556265031,0.9895991055008138,0.9962497139339076,0.9857798266397209,0.9996649333068365,0.9986382088053466,0.9986382088053466,0.9996255170710701,0.9390481114626551,1.0,0.9996632814061992,0.9996591483377688,0.9996256006913534,0.5187334929799948,0.434476739703488,-0.462834801115917,0.9997894698275562,0.9997927912082036,0.999669176183624,0.999669120048332,-0.19610043732526042,0.9692212816999841,0.993990401440153,0.993990401440153,0.993969914580682,0.9921147340286667,0.14611431169628705,0.12765364244098998,0.9907353448237411,0.9907829768207224,0.9576044368117629,0.0895956225387997,0.9989335945048933,0.998883692385534,0.9987423281473933,0.999322588749672,0.9993543102938796,0.9989701856364613,0.47438893428476386,-0.47182773007093476,0.9986865393888679,0.9986957925605793,0.9986865393888679,0.9000275542622589,0.45648952815894944,0.9255525282677638,0.9037139580716927,0.7208031879877443,-0.4793376386784909,-0.6283497599215973,0.7992812847471071,0.8252097857049956,-0.3301837802445016,0.9253497587585836,0.9255709942086665,0.9660958084748061,0.9929291688378186,0.8853165989801262,0.8931972999444773,0.867280037308688,0.8686855938277585,0.8746009220670249,0.8753446009781114,0.8746009220670249,0.7371501828099806,0.6995976098577571,0.7019818933349952,0.6995976098577571,0.892458365886529,0.8995210506620452,0.8914786060757603,0.8926882602446747,0.8914786060757603,0.4360422761378259,0.36764638164686836,0.4820680506332578,0.5924908547969211,0.4838812473997106,0.5175466832406167,0.5196957034411327,0.5175466832406167,-0.38031841456584575,0.8237275405616256,0.8642328049948336,0.8485658226119,0.8926155757944946,-0.26112696259394014,0.8181016017170338,0.8185276390215832,0.8181016017170338,0.8297007502703639,0.8297007502703639,-0.2531730072043357,0.6966498780196841,-0.37873947958884063,-0.7602774520283035,-0.5373117446715511,-0.5397385497966818,-0.39267376917384555,0.20255465570847483,-0.28632365024687584,-0.49160599759604934,-0.712209833994182,-0.37334794779509733,-0.6031876380619862,-0.4411218832646817,0.07422466163434584,0.07127947321496889,-0.5591202993843855,-0.5275482720391577,-0.5476743018828385,-0.5828718082079744,-0.5764949296102894,-0.5509198983381249,-0.5541575000291108,-0.5509198983381249,-0.4215784881467291,-0.60940993855926,-0.60940993855926,-0.6105305790194969,-0.6105305790194969,0.3692452085484419,0.342278595677389,0.469377246131263,0.5599427341219121,0.5349594464221696,-0.5646962136358123,0.2960829736954056,0.295316561411765,0.29547269510394825,0.295316561411765,0.21528329099480362],[0.9919639543331519,0.9827088120538564,0.6150420681565477,0.9933400768527091,0.9971256265624178,0.9919639543331519,0.9999964993506875,0.9981876679089892,0.9981876679089892,0.9999711175289833,0.958104793263614,0.9996632814061992,1.0,0.9999900000758271,0.9999949198586718,0.9148048529642052,0.899576754087052,0.30055658393462087,0.9998568210769718,0.9998568977911079,0.9895482929668902,0.9999972541270197,0.354880040812499,0.7164988011161538,0.9905701148601948,0.9905701148601948,0.9861651016690284,0.9898810352065777,0.27585542401641516,-0.16027557093739422,0.9916502778603432,0.9914943241870078,0.20068731389490463,-0.2189488296527147,0.999331903723652,0.9994402730683513,0.4079240368538217,-0.31550853160201997,0.9989528573742841,0.9993975145379139,0.9032383948311581,0.28007323865536604,0.9394063201310422,0.9990754082320731,0.9394063201310422,0.9067267933029763,0.6144704281586589,0.9300292546366389,0.9068412300044227,0.7206324335615676,0.4086839614795245,-0.10537885076886923,-0.20181724002877569,0.9264034741471725,0.35977766565380265,0.9676155078639144,0.9620057317030803,0.9783701540528118,0.995777519934343,-0.04928472362656849,0.863012145692377,0.8255913965860872,0.8723255501613258,0.8198292060097825,0.7836992373608498,0.8198292060097825,0.7981141549403099,0.7875480474871156,0.7791222619300837,0.7875480474871156,0.8633481466050208,0.36345505506635245,0.5720646134735677,0.6402573762497575,0.5720646134735677,0.5852538629391072,-0.3493780416089391,0.5533818011747843,-0.6379434183803943,0.4768185159183197,-0.10325226447459121,0.42010326280708377,-0.10325226447459121,-0.15330161722531255,0.8409201665116732,0.8602440480731943,0.8458263350832134,0.7588362449697944,0.2855928768752102,0.8412004563188994,0.842682637561062,0.8412004563188994,0.7554470868267731,0.7554470868267731,-0.19698336264202285,0.7035674526000331,0.24664698671548707,-0.6549428145392626,-0.625165073094976,-0.6282181021551515,-0.14289476393366124,0.04774290069572943,0.33732842526731077,0.020568307902540765,-0.5154469942007286,0.07022507122158017,-0.8275500168383574,-0.15616406469703217,0.0806711255883557,0.08162581792733538,-0.6085380600620973,-0.5950025327218127,-0.0859707042766901,-0.5876748739420535,-0.8371264116436291,-0.3751095000739822,-0.2062895873234945,-0.3751095000739822,-0.27376736696265613,-0.35225962010277,-0.35225962010277,-0.8296613267408146,-0.8296613267408146,0.37380799117373664,0.5926038405242684,0.5047220338618076,0.8043385795974185,0.7466131446607467,-0.3606466299210115,0.06490495223232956,0.7537734249858257,0.7726479520063423,0.7537734249858257,-0.1369800433367698],[0.9923994613147145,0.9826327883813306,0.603988724693245,0.9940859177959602,0.9972048018933204,0.9923994613147145,0.9999862093180616,0.9993861291892535,0.9993861291892535,0.9999700167611686,0.9581195997333424,0.9996591483377688,0.9999900000758271,1.0,0.9999872686301317,0.8753932226356232,0.8287214242403976,0.30267719496409423,0.9998800737728495,0.9998806615306549,0.9895398333324001,0.9999871549267577,0.35834528650371095,0.711962669265735,0.9935974237229671,0.9935974237229671,0.9935590218899317,0.9897811648130213,0.2720720286953772,-0.16069183154015468,0.9918026646463846,0.9918109573434248,0.2253009960168955,-0.2182116503074439,0.9995054416838314,0.9994409139743909,0.8361801179124281,-0.40985451818196555,0.998948572138917,0.9994026329738471,0.863074037564871,0.2822338943800577,0.9993928114208965,0.9993972982406928,0.9993928114208965,0.9067499042726401,0.6146265389264259,0.9295892741151176,0.9061870631313107,0.7200797217535277,0.28875698454778653,-0.27723094270155063,0.09196826014383983,0.9263171845474749,0.36061841173573045,0.9643187389687655,0.9620329191663068,0.9768176532889395,0.9960141682555103,0.8845210935650272,0.8620058031094566,0.8984123507066412,0.8721765743031928,0.8974968438079631,0.8983743182613032,0.8974968438079631,0.7971579385695918,0.8625168758540106,0.8640100960236673,0.8625168758540106,0.8630661664573875,0.7524393129898461,0.8576649432995975,0.8593440473607354,0.8576649432995975,0.5846287492558956,0.43006503811894686,0.551921599055776,-0.6434865563109358,0.47523970441896174,0.4860845588917112,0.48727703781129905,0.4860845588917112,-0.15507802200246737,0.8406457100796827,0.8597810204391637,0.8452286585848306,0.891715728872974,0.28830770923373783,0.8410371337914094,0.8428407561421544,0.8410371337914094,0.8524678060209807,0.8524678060209807,-0.19742641597029073,0.7034206907147844,0.16833803543784048,-0.6535580007281133,-0.6247955205482562,-0.62769571435842,-0.14280945860808048,0.046771833024613345,0.1153438777600787,0.022251597666288443,-0.5135892017643271,-0.11602610475618597,-0.8398130586259163,-0.37767204049734215,0.07994558427525121,0.0813560699869954,-0.6085961703401529,-0.5943433436181196,-0.3797613349246151,-0.5874447827638355,-0.8310545281498875,-0.49556283103817,-0.49122398464140665,-0.49556283103817,-0.2735560441537222,-0.352453883526908,-0.352453883526908,-0.8219953811597227,-0.8219953811597227,0.3732765607741771,0.5928720583610892,0.8259638013429939,0.8086254209732123,0.7472441404326241,-0.36003004189243526,0.7044870049835426,0.7440539524371538,0.7441335680067569,0.7440539524371538,-0.10493544980151479],[0.9920210757639617,0.9825401131256903,0.6152938356536768,0.9933724617976865,0.9971549061027309,0.9920210757639617,0.9999932071075949,0.9991144092309955,0.9991144092309955,0.9999751754711227,0.9578022022485116,0.9996256006913534,0.9999949198586718,0.9999872686301317,1.0,0.9095550340292897,0.8740586003940174,0.300655087133277,0.9998594953244172,0.9998594770528166,0.9896879002785971,0.9999948643228137,0.35552421661071165,0.7163641074992374,0.9938719161423046,0.9938719161423046,0.9937730707363469,0.9897917010920895,0.27610937816984976,-0.16031470140073625,0.9924440672222714,0.9924894579996866,0.2014217763715529,-0.21878526579202348,0.9993786058661589,0.999438752863817,0.40693696368386645,-0.31470979287102846,0.998902897546646,0.9993999876410034,0.9019976791640466,0.280195044702222,0.9389413226735416,0.9991275178718199,0.9389413226735416,0.9069789542422964,0.6151385861349333,0.9302912753925456,0.9071122595436415,0.7203668125894421,0.41004223993849015,-0.10384529079274266,-0.20202217452124813,0.9267592359516224,0.3600349473575702,0.9680096547596487,0.9623236658318352,0.9786390641248625,0.9958131517674126,-0.050277987034009805,0.8632977325135633,0.8255171893520349,0.8725696430636293,0.8197913220051266,0.7832818165311304,0.8197913220051266,0.7983156215913876,0.7875021628166367,0.7795075026829291,0.7875021628166367,0.8636765274238103,0.3628004605678989,0.5715834125302259,0.6402781484822064,0.5715834125302259,0.5851223966812318,-0.35051465919138597,0.5533286091988924,-0.6380990509794581,0.4764744421139991,-0.1042241467144849,0.4197719757598047,-0.1042241467144849,-0.15324807036778978,0.8410632430321334,0.8599749956874316,0.845963876032408,0.7503970831681545,0.2859429303933766,0.8413178461183431,0.8427897268341578,0.8413178461183431,0.7552691338268755,0.7552691338268755,-0.19840570045481484,0.7043393589718091,0.24713224125151623,-0.6549472656317117,-0.6255242610817306,-0.6285814968364257,-0.14401523258856735,0.046567109057685865,0.33763174336884394,0.020135787466710853,-0.5156934105958548,0.07030408934661227,-0.8267357450251115,-0.15600884675849205,0.07970805107865873,0.08065859469756635,-0.6091321547050624,-0.595222434760438,-0.08540620408223322,-0.5888675296793112,-0.8371220576566738,-0.375048427381962,-0.20574648425906933,-0.375048427381962,-0.2746813322985607,-0.35271504066053216,-0.35271504066053216,-0.8299942571505617,-0.8299942571505617,0.3739521923580353,0.5922531042561925,0.5042103220128197,0.8047640978548963,0.7460369308971251,-0.36020527037324895,0.0642557518971166,0.754166836729802,0.7732438626905255,0.754166836729802,-0.13666844262856612],[0.8694623367115464,0.4424974606956117,0.4805059290468249,0.8690458207683526,0.8136423963619962,0.8694623367115464,0.9148362350400219,0.9127029968299413,0.9127029968299413,0.838443729818875,0.6887389759624111,0.5187334929799948,0.9148048529642052,0.8753932226356232,0.9095550340292897,1.0,0.9951944860775074,0.4061198268993301,0.8981168688765315,0.8981128725548643,0.8538225736331577,0.9089554208409915,0.32631060209739815,0.5230327544267278,0.9006893086187036,0.9006893086187036,0.888959060602619,0.15045555504293473,0.18972032274551978,-0.19194794527744363,0.9257460790912078,0.9242878776896497,0.15032275947701462,-0.25966259843724954,0.9125898895420921,0.8525007218952412,0.30816181048440555,-0.319984213152838,0.5328120406864849,0.833246899617992,0.9984494867993804,0.3878015786533461,0.8405911183351934,0.9124028582890573,0.8405911183351934,0.49395074180035214,0.5830494671615182,0.15377768651307358,0.1404654873303277,0.3481407339286319,0.40932603196733525,-0.06620985849379914,-0.21001558465630998,0.8237964456450904,0.40496029896686875,0.9024209618610299,0.83818134964979,0.8889383250551544,0.9036522986791927,-0.09423033945552112,0.44426879624295107,0.6989518343322078,0.6437466627155469,0.6911387966943826,0.70742500938711