var element=document.getElementById("correlationAdjClose");if(element.style.display!='none'){var correlationAdjClose={"data":[{"type":"heatmap","z":[[1.0,0.9999941384506742,0.985819033060395,0.9999300017055903,0.9991484873916459,0.9843976869244807,0.9979254929476759,0.9962182535921381,0.9698072397530632,0.996505264366509,0.9946874371717235,0.994217652530444,0.996327801173918,0.9963635161001984,0.9962623341594947,0.9977220802282386,0.9979908956532972,0.9984115827779142,0.9968230908086765,0.9968356958590566,0.9968546099721153,0.9962910143695617,0.9877092296270035,0.9719875032404551,0.9903300942730635,0.9577634984847044,0.9893877655140041,0.9881007350546186,0.9692092439439097,0.954443490528138,0.9927650713748148,0.9940530694420905,0.9927073873661254,0.9783149807775224,0.9978292474013823,0.9980184488615365,0.9976206639397591,0.9963884244158507,0.9958846513353218,0.997916167881911,0.9987659360399808,0.9988075333353761,0.9977970860532498,0.9978088715044764,0.977082850087867,0.918150500833907,0.9515538610025308,0.9322282422204885,0.9333089046236654,0.9107340426036866,0.9636150384435208,0.949660258971642,0.9653875486083302,0.9670291642046468,0.9564252218526164,0.9844697059663673,0.9818921138735301,0.9906710662590967,0.9943715281335433,0.9872737255981451,0.9830085929169228,0.9884901714931416,0.9867997297889896,0.9890292803000308,0.9888804451064228,0.9618905670477167,0.9760375425124274,0.9768160216324825,0.9765297601467383,0.9524392013479559,0.9813902192252065,0.9784215807125504,0.985555386878804,0.98488671643504,0.9423538380763817,0.8938159426510358,0.8619139914376859,0.9092668375372875,0.9251246240309213,0.9227087947397788,0.9231396057527091,0.9218465858397515,0.7091825640435476,-0.5520087049948558,0.981319409213093,0.9769122940548103,0.9738900307928818,0.9879559039336466,0.9751106108824918,0.9849211517657018,0.9849338560355594,0.9481026868399687,0.9852507667575392,0.9511517261929824,0.7845847753353317,0.9121083902163246,0.9314550791012949,0.8099150831640065,0.9530240234184301,0.9537853953378042,0.900763120259786,0.9664524800302906,0.8953349876067462,0.5925023929454195,0.7240681828250486,0.9024462474642078,0.8714121802726427,0.8936661945978431,0.9748875785589606,0.9750624561277182,0.7850725215357782,0.7436039723831577,0.8249020699781108,0.43520094159561273,0.8047130390541319,0.8291146886831969,0.8243090278277794,0.8163668443654045,0.7853798820182222,0.7529822707370286,0.7364593038544066,-0.27990732654174155,-0.4197265131647448,0.6675655563412385,0.8902477728494655,0.9327148852725876,0.941126908478646,0.9052592950492347,0.825475202198149,0.9087176863183457,0.9262034109873453,0.9260717211406809,0.8603581667107207,-0.15683912612394552],[0.9999941384506742,1.0,0.9888795403580497,0.9998437091545833,0.9983054898310633,0.9898204956133936,0.994601488555509,0.9919194420911979,0.98588132897036,0.9919330021318478,0.9919494432237768,0.9935517472578738,0.9920514089676544,0.9919324171885858,0.991991269816613,0.9941368447780918,0.9966139156336951,0.9962284815062902,0.9942402643662676,0.9942439650523865,0.9919845440683337,0.9920292787544117,0.9922938906695122,0.9755951325409147,0.9888636463581869,0.983229795263234,0.9888113946597553,0.9881101304501052,0.9819730467173972,0.9379227406675389,0.9895635291350522,0.9872993085926112,0.9816703695951504,0.9371859841645134,0.9956314221601272,0.9955459711210146,0.9957657208140712,0.9924047774740621,0.9953008761058122,0.9957757759899535,0.9970376244551926,0.9971955188393331,0.9957626880839089,0.9957710375598108,0.9904340245650421,0.9176857468212454,0.8932869914027233,0.9318745579609292,0.9332519816118251,0.9107119767124631,0.884444848508928,0.9274096725477743,0.8868831703020107,0.9160271309860175,0.8841692854947755,0.9564414535802673,0.9564223049845328,0.970269742535646,0.9848237892517369,0.983061704100147,0.9850585988547443,0.9805065550120462,0.9813993496326742,0.9821127181650557,0.9820208665713188,0.9492011050514151,0.9638414792347795,0.9410278357593951,0.9408807059496872,0.8751223384857487,0.9801685373285755,0.9815718910384702,0.9817638947293532,0.9813588895852016,0.9529228154498701,0.7817515212339903,0.7419124988121766,0.8412074569406561,0.9009323631200895,0.856691805315213,0.8793053758927871,0.8781179203882308,0.7430998726194359,-0.1882537100742618,0.9709955522824623,0.9746440405292698,0.9707516721418982,0.98356745974689,0.968385052425494,0.9738116574703647,0.9732261107632452,0.9315254728855087,0.9755107236623008,0.9342904033645374,0.7083094039927559,0.9115811435026943,0.9103195131063441,0.5243905340883392,0.8374161715001194,0.8418655337283021,0.7463853985011244,0.9670735409200406,0.7194319224918925,-0.30062665268393257,0.2262921259018077,0.7463874376629333,0.6957293199711614,0.7390332060508874,0.968611739444027,0.9686178288246778,0.15776133185579813,0.3304231689854355,0.16469979002948223,0.13628149256937364,0.1580465575765949,0.1722535620726096,0.16913176136482724,0.08996035943349105,0.5202410246796083,0.2514172834370743,0.20076673025122976,-0.4385309666140632,-0.4846464574014801,0.6673753547662947,0.7507584648816572,0.7748161087137408,0.8363571515600683,0.8163965432691451,0.5741542791219031,0.7562807085865796,0.7692203508385294,0.7680659126130089,0.42113242288815017,0.22228626177938401],[0.985819033060395,0.9888795403580497,1.0,0.9871916581417526,0.9932203153313398,0.9914952884471087,0.989756702920391,0.9904448824027066,0.9908777212994535,0.9931245997630531,0.9971057848271758,0.9962770023599747,0.9903060423133703,0.9924813876191461,0.9905019972518969,0.9899468937530063,0.9908255778709558,0.9900890329081994,0.9891509549232848,0.9891302793207942,0.9919921279923367,0.9903342313432391,0.9949055154074179,0.9843782229950605,0.9912092305061644,0.9813043482945383,0.9917931707957764,0.9874660893334704,0.9866366464343591,0.9605707183267608,0.9695405391816265,0.9737426275473126,0.9769724773557008,0.9551150480098338,0.9870733234744915,0.9901690475003305,0.9885458525974814,0.9921070052930948,0.9947245741535675,0.9909701695190892,0.9850105573403812,0.9878665486541047,0.9874278001132083,0.9868091473160546,0.9922752441769186,0.9133465518786529,0.9347401599899181,0.9442342079516732,0.9269078549211284,0.8684690553850631,0.9214755959486258,0.9051533536199244,0.9241735508947244,0.9290612313873655,0.9135159569035614,0.9496742110363808,0.958598350064734,0.9669369280113844,0.9774801835320761,0.9410787078499354,0.9657671312769965,0.9642475458582994,0.9710419013135474,0.9644903568345062,0.9394117761243482,0.9236439223916074,0.9479508135548652,0.9375956746913263,0.9189259630515594,0.8969821816984721,0.9714528356159624,0.9503515243558248,0.9639550187105971,0.9432501480831981,0.8320413118587395,0.8529409262263691,0.7702777004331632,0.870922117975926,0.8965437380995585,0.8982899390573856,0.8652515352817787,0.8795770939603199,0.4173871267518325,-0.5398969615811877,0.9616128328650416,0.9492861823274169,0.9486904206685026,0.9410709973447093,0.9561292765294095,0.9640587312737545,0.9636471760176327,0.934163886494322,0.9593339629098354,0.8814702312571742,0.7682062876195453,0.9526583525978943,0.9520791745873335,0.7885136708525096,0.9400094920072365,0.9416858570569256,0.8730637470752423,0.9801479488565428,0.7753108617030476,0.49612743086112343,0.6670917076741094,0.7968921911170286,0.7978676127849453,0.7780167847844108,0.9823910339991014,0.9824328865314509,0.713921845078196,0.6900753296861561,0.7103713171778012,0.38245145884058523,0.7046351523024057,0.7140901352336042,0.7255879988810623,0.7130905963344449,0.7473657816942645,0.6871742838868187,0.6695593408057748,-0.34097684878712375,-0.48046171382751635,0.6342687796393404,0.8509341019412197,0.8794957183763841,0.8857540661457604,0.8764597467618873,0.7573044284400208,0.8575356451632051,0.8685873746927256,0.8759348849969258,0.732571337635302,-0.0790485133146354],[0.9999300017055903,0.9998437091545833,0.9871916581417526,1.0,0.9993849358045057,0.9855442372536091,0.998157484985638,0.9966297281691338,0.9720217387021359,0.9969544053951412,0.9953604411972727,0.9950911273545365,0.9967214890380416,0.9968438496633231,0.9966732874211914,0.9979843210326848,0.9983162478891084,0.9986592644731099,0.9971819339558624,0.9971921970960558,0.9972355007386678,0.9966894157846414,0.9888916732702383,0.9733927099853185,0.9912682284298696,0.9603394254528657,0.9904313944712458,0.9896338711368894,0.9711786505625195,0.9556372454426382,0.9920827269169338,0.993559655246338,0.9926311671411774,0.9778907968361211,0.9979039694818171,0.9982032274059625,0.9978362259630176,0.9968352654790662,0.9963254876370895,0.9981318086549661,0.9986577190563234,0.9988781744921401,0.9978679065866242,0.9978766756128375,0.9788996122929647,0.9144438498152366,0.9494495457032919,0.9325969637133423,0.9317680048690145,0.9042844700182513,0.9606839135740788,0.9463895831492473,0.9623667847091057,0.9645683155394271,0.9536439951043691,0.9823791174794158,0.980384017995766,0.9898080286220248,0.9941620581438634,0.985926716641449,0.9820060229587007,0.9873261905803603,0.9862612812425748,0.9877890608911318,0.9876323517692249,0.952609581604012,0.9748908979111568,0.9754124827860625,0.9751214987153682,0.9476400187271021,0.9809920168551132,0.9757443105648012,0.9842099977737734,0.9835063920536583,0.9230604951452307,0.892424668953968,0.8582790647992605,0.9076796881708753,0.9224630463817084,0.9222774104888344,0.9208363560040685,0.9195824132155785,0.6204686506859172,-0.5514699509235385,0.9805704732241737,0.975815826160647,0.9725744452228432,0.9866116918696224,0.9744591301537676,0.9842295264173903,0.9842370921934518,0.947815459924313,0.9839150174404087,0.93704815807908,0.7883921373385995,0.9172928518211743,0.935394186487021,0.8116146621717174,0.9542869772042893,0.9550747047096537,0.9002438831765199,0.9676484760239703,0.8891446924786135,0.5887180018939182,0.7222537943923786,0.8968905451815319,0.867669682243175,0.887837648426473,0.9756875230418168,0.9758673165203764,0.7838105009694672,0.7437492370108877,0.8168876414669308,0.436964072839748,0.7988007197653648,0.8208241957681324,0.8159422919703865,0.8108632682317817,0.7875647532316852,0.7527567095216023,0.736315721923605,-0.27531126076840295,-0.418999082366967,0.6670579993996996,0.8882796681766028,0.930712723887279,0.939191934173575,0.9039146203130997,0.8225891215801611,0.9065897761397429,0.9238089212702375,0.9238250285812235,0.85304078111966,-0.14968834921634616],[0.9991484873916459,0.9983054898310633,0.9932203153313398,0.9993849358045057,1.0,0.9882951462628862,0.999081179784597,0.9985605666008549,0.984089048643486,0.9985616212978575,0.9981702307937322,0.9981907770331698,0.9985855236435498,0.9985935223579692,0.9985925507261488,0.9990847882208811,0.9987623678178603,0.9992963041431191,0.9988937076013772,0.9988961151035541,0.9986441858225338,0.998582463453793,0.9946327414401158,0.9808926370216215,0.9951030897850475,0.9773309577263506,0.9950889528752785,0.9925592311985082,0.9836914217182364,0.9589538015563135,0.989269857175026,0.9919384064273126,0.98997353200829,0.9701792101928213,0.9989205609139287,0.9989770674570171,0.9989972290135546,0.9986706151884263,0.9986733983306504,0.9989706253814482,0.9989737692878025,0.9991956400055083,0.9989291581781673,0.9989310688159848,0.98832921112608,0.9242977305962232,0.9487444820238778,0.9424221342731129,0.9347532698435174,0.8999741779892754,0.9480139856678411,0.9414235585971491,0.9522901618761029,0.958339176137232,0.9469083828211025,0.9798754942030539,0.9797877623267844,0.9898290086877924,0.9939881394056953,0.9826849944055207,0.9765923490928722,0.9828802448834579,0.9826519866120381,0.9832358105004222,0.9830740506641954,0.9523904107161427,0.9668761122618401,0.9614842275005163,0.9611638366195627,0.9225174433797466,0.9783358351541822,0.974660333263154,0.9804360115755766,0.9796788823559913,0.9398261031697013,0.8733194088520919,0.8374678703724927,0.8935117095465974,0.9272637010580924,0.9125002567632157,0.9192779226005983,0.9182316436281238,0.7633910076404737,-0.5591077172238702,0.9747231397161698,0.966224398369412,0.9638629296822483,0.9835827720062205,0.965429094206853,0.9781321945535921,0.9778325549413088,0.9397234056655858,0.9795811055620683,0.9421182003386218,0.778174520540346,0.9316544672779065,0.9548396519809598,0.7767130684164011,0.9422754855089343,0.9437077380522901,0.894749868334152,0.972490070641153,0.8887891344741575,0.42831745206728716,0.6652959041157752,0.8946578961704292,0.8452708928091673,0.8902887886226286,0.9791730638180314,0.979309620053556,0.7494009841616973,0.7278675267699448,0.753319538931689,0.4155806177227904,0.7066385599112777,0.7580472236481508,0.7535717143991942,0.71742225570471,0.7748732958022395,0.7383719860393095,0.7210636183309543,-0.4789835108891817,-0.5608021775548513,0.662667493963918,0.8832832663593113,0.9168876368321751,0.9338158716148615,0.9022557127968844,0.8044406845900136,0.8957086124421247,0.9108393366545493,0.9103883319280304,0.7903483400400326,0.06032592253922584],[0.9843976869244807,0.9898204956133936,0.9914952884471087,0.9855442372536091,0.9882951462628862,1.0,0.9830502168973525,0.9840574478838431,0.9928606086966358,0.9834890043122975,0.9793291469945115,0.978497419428636,0.9839118930047248,0.984417398552872,0.9841283427639117,0.9837849026382839,0.9872548387179619,0.9848646010591962,0.9847403102170843,0.9847712164970678,0.9829375756722286,0.984053956521464,0.9950891443433649,0.9936289968862958,0.985437584545906,0.9873005902706582,0.9857671976468436,0.9766786195679669,0.9882172728617317,0.9744976696015112,0.9616652711190137,0.9673825867608801,0.9768457587275499,0.9668689339341405,0.9827256363004817,0.9831124190328636,0.983951580838299,0.9847094008344508,0.9792562446814493,0.9835721168793522,0.9819723593624037,0.9836986157429631,0.9829320696945949,0.9829690604330114,0.996071154991949,0.8731251453218768,0.9265385795753242,0.9151985981211203,0.9267198282924999,0.8854469753252833,0.9176428362100431,0.9098378436893843,0.9203587972555457,0.9356860325884974,0.9167702090489527,0.9499850595162141,0.9554873762256804,0.9617740517387415,0.970440038610936,0.9712341991672778,0.9872146865675154,0.9731132827218308,0.9846047741928708,0.9727103879702491,0.9721354943291295,0.9767600886905514,0.9696265926206028,0.9496207923532004,0.9490379709002552,0.9486510199347846,0.9833275722144044,0.9760051571755529,0.9725802715085871,0.9712482771442893,0.9644966888961022,0.8956454043115314,0.8506677320317861,0.9123644268922766,0.9190247769713503,0.9284072337392976,0.9093911939360098,0.9071587284461634,0.7424848679397491,-0.49807985977177915,0.9814121110462042,0.9830416280874035,0.9789258603183831,0.9720799421522783,0.9740769911615224,0.980093669451118,0.9796613358107368,0.9687444898980663,0.9696444855832671,0.9678601853240881,0.7899382150757385,0.8913545706519895,0.9545472412208847,0.8223253437159753,0.9429650229331337,0.9440007948207197,0.8666610142462486,0.9587891859998664,0.8342260517039458,0.5136497005574964,0.6868311938195578,0.8439899236028763,0.819439145410864,0.8335762947268133,0.9589551915825472,0.9590617611389884,0.73753038077399,0.7194823600248133,0.7512943374623816,0.4391436293974953,0.744539123400598,0.756648963432264,0.7504727265883475,0.7477701949662274,0.7677316365241244,0.7129568542158803,0.6992514386317631,-0.3023226780424459,-0.43255670147322595,0.67262226518722,0.8537319086145049,0.8717133180549121,0.8861418590607663,0.8635608727398657,0.7805116859000907,0.8475086374435872,0.8637072640846593,0.8638182722608518,0.805163344209714,-0.11162542598195142],[0.9979254929476759,0.994601488555509,0.989756702920391,0.998157484985638,0.999081179784597,0.9830502168973525,1.0,0.9975468519294672,0.9570492172268598,0.999614039166941,0.9995729475016479,0.9995953314306459,0.9984347237303977,0.9994800116921404,0.9991932228281972,0.9998919485470423,0.9966148451658907,0.9999038669505963,0.9993858804335052,0.9993905411308022,0.9997167200537095,0.9993353201485289,0.9906982269362351,0.9746022832262625,0.9859717840982875,0.926924352753405,0.9936214353647795,0.9923773024533397,0.974259512814174,0.9523992953940179,0.9916291582946615,0.9919345187892349,0.9936250188180277,0.9752413480896419,0.9990170132991778,0.9998536710179695,0.9997179443992849,0.9994858005631034,0.9997717712254452,0.9998384542435704,0.9985252615388048,0.9997390396435651,0.999394385005808,0.9990535303781154,0.9804157668801328,0.9320821416761726,0.9521073501585011,0.9504806364744829,0.940686278558911,0.8998794506347851,0.9573936647441463,0.9460304060702134,0.9597353495880058,0.962114718543382,0.9525410081969726,0.9816164987734097,0.9811199812734401,0.9917981841359242,0.9963720678939804,0.9507861604387671,0.9645545864310116,0.9741942964525243,0.9747596535018883,0.9757062305036872,0.950790421688789,0.906172562347266,0.9582664331447988,0.9630804096425549,0.942211803936514,0.8982447645143758,0.9688444311336862,0.943197659993804,0.9693518851811016,0.9511434124858762,0.7914835687713538,0.8666284700825017,0.7896425547838557,0.8810520860753747,0.8974351189741598,0.9020086967017136,0.8811085258930338,0.8928703886063308,0.3655751183166247,-0.5854270758482988,0.965826707339447,0.9524584285682651,0.9513671151543007,0.9522458507115616,0.9615453036155219,0.9719555739813672,0.9720731650853336,0.9288875596176729,0.9691589091447361,0.8561828295363212,0.772618651394829,0.9324840245192488,0.9344890345708095,0.7995671738585849,0.9521901204217955,0.9531223657023665,0.8984519381691707,0.9720405020341406,0.8321980233877011,0.5825675063068488,0.7153153784214311,0.8558787269852101,0.8487228537428376,0.8373905264640001,0.9795802430933204,0.9797644782532333,0.7746619131517837,0.7254576168431379,0.7821202511477042,0.4099227651962169,0.7777152599050086,0.7944958989944617,0.7881631705641802,0.792753882588663,0.7721752033508581,0.7445120846294628,0.7262968301606639,-0.2895299848795828,-0.4407680845017435,0.6797420257796906,0.8877546245535167,0.9225687836582311,0.9398692776303661,0.9085470833935196,0.8239462316698466,0.9085962650970525,0.9274559813551561,0.9262195646152453,0.7755369918339485,-0.11816260789207374],[0.9962182535921381,0.9919194420911979,0.9904448824027066,0.9966297281691338,0.9985605666008549,0.9840574478838431,0.9975468519294672,1.0,0.9678167904875972,0.9999998291251986,0.9999993076242085,0.9997570670499057,0.999997078235843,0.9999926761784929,0.9999982375977557,0.9993231787236119,0.9914610413413616,0.9994554814570614,0.9999091004957416,0.9999087779402062,0.9999648350680734,0.9999987806953098,0.9911617197277723,0.9762357489968904,0.992890786649822,0.9409602808483699,0.9941168799841065,0.9906661552908826,0.9764638220612287,0.951843237988274,0.9879622815987933,0.9938512517674425,0.9922119596146771,0.9722714398285239,0.9994694988334075,0.9995700215632513,0.9996741848831421,0.999743219032495,0.9992206461068689,0.9995037896216044,0.998228883937689,0.99883179859237,0.9995413244837252,0.9994084551101861,0.9820999623319677,0.9318734908718016,0.9494165750373029,0.9541370179639246,0.9391952682360941,0.8894806145736127,0.9556386162658815,0.9415389543915523,0.9576255628794065,0.9564894293836844,0.9465743260968227,0.9795937174752618,0.9782006218185886,0.9907492255222724,0.9968532866483872,0.9460487731271969,0.9607559924781722,0.968238510387287,0.9719441032738834,0.9701206419830993,0.9491558426278967,0.8993610162255968,0.9538640488002562,0.9566837884048373,0.9370285343520273,0.8871058842692402,0.9663534904279365,0.9374028342543996,0.9642446394806411,0.9467486183805837,0.779747858338176,0.8592536270190384,0.7854199817007523,0.8737126400187816,0.8907630168969163,0.8978471003341147,0.8769513087211286,0.8864722468016758,0.3488620365251275,-0.5893866777763643,0.9620061957721783,0.9465609642774304,0.9458698842993077,0.9503659003848157,0.957397637193372,0.9682075045386557,0.9683080527205694,0.9247275826528639,0.9627973850200934,0.8461221641774542,0.7697191855585035,0.945630828644247,0.9449427228378826,0.796293417106605,0.9519919850570279,0.9530745353131773,0.8959211612326676,0.9758733177775973,0.8349617255187477,0.5682590544378238,0.7066603558346043,0.8567194098897897,0.8455131264644511,0.8393963609389283,0.9819451902715637,0.9821330069221071,0.7658057219207048,0.7179816868761252,0.7832721882414488,0.39779428928333677,0.7725713452244866,0.789896676203415,0.7884528879099257,0.7871440093889474,0.7661175610955171,0.738808781087689,0.7200313364999569,-0.3049883724239971,-0.4551577443912149,0.6662266340143718,0.8803104952122188,0.919983763122185,0.9323133693449558,0.902831011581369,0.8132909612089178,0.9021705419829257,0.9211651201620653,0.9201928986128868,0.7568838589273614,-0.10129683623569016],[0.9698072397530632,0.98588132897036,0.9908777212994535,0.9720217387021359,0.984089048643486,0.9928606086966358,0.9570492172268598,0.9678167904875972,1.0,0.9828642334271858,0.987243921661599,0.9896028250978325,0.9714816333301151,0.9798116618670676,0.9763920614821512,0.9743318024261698,0.9493895864435021,0.9791581818585092,0.9771364796390681,0.9770991662721434,0.9813415169138668,0.9762525075854601,0.9939536280507133,0.9929849197148041,0.9807202472251131,0.9891165484288971,0.9838105589378315,0.9902906226517434,0.9906721331824865,0.9686184547241223,0.9274965746211521,0.9491001714858556,0.9658016551077893,0.950731549952438,0.9707835309194045,0.979213146340923,0.9758897460483442,0.9782452796652197,0.9878798244389878,0.980364549661856,0.9668646670210866,0.9763171434580022,0.9716420955329357,0.9706096462436845,0.998981157507506,0.8920424111391538,0.9185957579830633,0.9464204926450251,0.9372339705572473,0.8646161208159714,0.8846894075074259,0.8826791063187366,0.8886070965869773,0.9123840536653044,0.8929183234494273,0.928078714621106,0.9440729258241228,0.9496801072214034,0.9611011608612804,0.9016614772542754,0.9672818410990797,0.9443991993102946,0.9651350937258626,0.9444059006310043,0.8999094759864511,0.9145635193796805,0.9416331631124116,0.9136704871985936,0.8768778340078022,0.8813200436619654,0.9666799053387928,0.9187775482966226,0.9425661684567421,0.9046565408975581,0.8204634873264497,0.8466465150373775,0.7273497670046172,0.8664710048844612,0.8781809052060482,0.8918912692129787,0.8400464423254166,0.8585980975522121,0.3967789676939079,-0.5236059271370962,0.9564140578386454,0.9521826743417036,0.9486312699849724,0.9002439506853461,0.946623416848656,0.9543743909698993,0.953755302546151,0.9378060951119067,0.9389488498395413,0.8696678413765295,0.7743902647715526,0.9370116395170925,0.9601545738406454,0.7973977799118428,0.9331390726323301,0.9347893566722615,0.8504569828882433,0.9674927777807122,0.7414144691471373,0.45853542736168473,0.648000570368362,0.773835188612503,0.7744641866066162,0.7520446684924181,0.9668081888825214,0.9668106474884732,0.6947233335726348,0.6794281716641644,0.6754875031143586,0.3899906452436416,0.6862565882597336,0.6919691284915279,0.6753316739514755,0.6911264085740381,0.7399845325209423,0.6810076363376925,0.6647047894617933,-0.3471293072929997,-0.4828771190849607,0.6763527419731371,0.8351557254173532,0.8321200041350821,0.8599826682751546,0.8550799054287007,0.7491586819294958,0.8128080819610098,0.8376993335982569,0.8318244763355178,0.7042553979221501,-0.03882855848794122],[0.996505264366509,0.9919330021318478,0.9931245997630531,0.9969544053951412,0.9985616212978575,0.9834890043122975,0.999614039166941,0.9999998291251986,0.9828642334271858,1.0,0.9999991269569007,0.9997616977484858,0.9999985296478069,0.9999915082412448,0.9999977502151906,0.9996792434951768,0.9978503442808496,0.9994515343840085,0.9998830770272956,0.9998830530057202,0.9999772244180147,0.9999993117472317,0.9937303241607854,0.9778626227095006,0.9961621088632355,0.9737551546716054,0.9962440466356043,0.9906603579979281,0.9808340356783827,0.9531427755007976,0.9895768928138791,0.9936663568176162,0.989782973679957,0.9688812997470432,0.9994958479526482,0.9995623560898433,0.9995747916507001,0.9998316872820027,0.9992334688773467,0.9995113823104045,0.9984432451017443,0.9988740555534913,0.9995009047351135,0.9994961257728436,0.9864554811771056,0.9317429132781143,0.9494526144084464,0.9541347233976898,0.9393114195235833,0.8896139398850319,0.9460690851404924,0.9358769915501007,0.9497588164890368,0.95462137170717,0.9445710934696377,0.978454345521532,0.9782351299231035,0.9913438753871474,0.9966459640617573,0.9730890726788225,0.960775809283533,0.9733280561824874,0.9719483187678248,0.9737912634046105,0.9735476163067502,0.940639017034644,0.9538474693492649,0.9521443234642349,0.9518140387791392,0.9114397967777509,0.9663298279551188,0.9652753710527504,0.9710097254342412,0.9700524618569017,0.9268131613374948,0.8592966963777102,0.8176796718390434,0.8735243326814762,0.9106007082666298,0.8980912732661092,0.9038737650629912,0.9030539999352574,0.7172331831081362,-0.5966696333897339,0.962013754838395,0.9465578502105761,0.9458775358699076,0.9741740095884992,0.952899659787838,0.9678900861469834,0.9675398227280677,0.9255617255680387,0.9695664479752165,0.9282638456721353,0.769727166105746,0.9453367991351265,0.9567620705010759,0.7798914738682987,0.9456401470851812,0.9468886958748177,0.8959938863094007,0.9750523575591661,0.8967148385648831,0.4675037335685958,0.6827405019411295,0.9025250787037856,0.8535091365623494,0.8982397458765251,0.9819026749445474,0.9821211595567293,0.7658747902614109,0.7177404342993016,0.7690883237048953,0.397913921751115,0.7236630180332184,0.7739249016287707,0.7693541326794368,0.7361239470041157,0.7658838201013825,0.7387586940323505,0.7199552721615353,-0.5241795489034166,-0.6065085463880303,0.6658204043106714,0.880391803587846,0.9195120889401435,0.9360722102820952,0.9029510228053427,0.8097619504670174,0.8969705384399415,0.9131409983190938,0.9126071526477291,0.8026095115067023,0.1248816852719022],[0.9946874371717235,0.9919494432237768,0.9971057848271758,0.9953604411972727,0.9981702307937322,0.9793291469945115,0.9995729475016479,0.9999993076242085,0.987243921661599,0.9999991269569007,1.0,0.9997615623060141,0.9999963606982138,0.9999947632250507,0.9999983171443501,0.9996617900572523,0.9975096530013604,0.9991839917948713,0.9997830681026698,0.999782984356632,0.9999984216530267,0.99999833702851,0.9929342368663306,0.9733039877686029,0.9952275971839797,0.9817457587089958,0.9958162795908513,0.9906755305737939,0.9829611421133191,0.9454447628149123,0.9886033851530496,0.9930675999185198,0.9833918549482347,0.9433905967669831,0.9992670815295253,0.9993235468645038,0.9992620840200019,0.9998921840424877,0.9992163414484835,0.9992722964241113,0.9978764453718282,0.9984644244877855,0.9992398379477082,0.9992373877584217,0.9885993541934135,0.9314394406414396,0.9150465242612936,0.9540774940396257,0.9392117467247265,0.8892897736169108,0.9142063126989821,0.9040625248017236,0.9187829978605879,0.9276104929872848,0.9125602955060117,0.9704617745656252,0.9704376063890529,0.990674867807189,0.995102129608668,0.9656602263049429,0.9608920600112861,0.9616822412277194,0.9625480672401994,0.9632241665999716,0.9629556598259434,0.9168330948362805,0.9438594777467474,0.920500939723936,0.9199969734469441,0.8436613010453536,0.9640408905806324,0.969772389446816,0.96613566855129,0.9650461160815188,0.9185954060866615,0.789145060721636,0.7496208821758786,0.8340893356505271,0.8885718863305531,0.8561519598338215,0.8723019190796572,0.8709189287987467,0.7151984936864694,-0.41084818175340315,0.9491031032995287,0.9466865565986909,0.9459678217302899,0.9668460388112613,0.9396679167506151,0.9520206906938593,0.9513837916998157,0.8967524915553592,0.9549198041465901,0.9017971584175137,0.7698822597585169,0.9456637637825285,0.9602881176894905,0.6657855995168088,0.9035673842441997,0.9063481124245718,0.852178744575472,0.9846679433721893,0.8398384362943847,0.12842585256918027,0.5317552741044882,0.8520813375465023,0.8179242972726694,0.8465482860703217,0.9854197792371082,0.9854388012711116,0.5185780026024673,0.6280627749260612,0.525987725677545,0.39783480618786643,0.4921438751593658,0.5374370809670819,0.5273948837699745,0.464655160522147,0.7539939506498508,0.6004290577189737,0.5610673782645549,-0.4870752892061451,-0.5435428126349499,0.6652222397649745,0.8593510022813121,0.8721011070549162,0.9035747629653352,0.8964502624814419,0.6670904351294462,0.8420529120330952,0.8646266699046229,0.8638937963135048,0.6090906275122626,0.07095416751686152],[0.994217652530444,0.9935517472578738,0.9962770023599747,0.9950911273545365,0.9981907770331698,0.978497419428636,0.9995953314306459,0.9997570670499057,0.9896028250978325,0.9997616977484858,0.9997615623060141,1.0,0.9997749682853928,0.9997602316461596,0.9997667460215552,0.9996648391776617,0.9981509388076417,0.9993864139530061,0.9999693216028824,0.9999690085389383,0.9997658126605365,0.9997715264204842,0.9924528118689914,0.969822443526247,0.9939750412976549,0.9823433897088665,0.9947720226941279,0.9932578044045149,0.9789689079575787,0.9260034429815126,0.9912886994803122,0.994145079538013,0.9788724485772108,0.924041037485252,0.9993978343983074,0.9994473057575267,0.9994070890036495,0.9995757552742542,0.9996012805533271,0.9994241060275814,0.997738493127412,0.9984949398001858,0.999385211080992,0.999382078466083,0.98984983434914,0.926831982129178,0.900614235915481,0.9512486811640127,0.9385144487079896,0.8893440169436818,0.8777402789191053,0.9166001802667745,0.8814609292789548,0.9028242721256162,0.8759070640757979,0.9577366590556148,0.9577212830761832,0.9816790202380528,0.9944991608795194,0.9648053700211293,0.9656731566878828,0.9577525498340269,0.9606713407466204,0.9605285778385655,0.9603504038786395,0.9175369812642397,0.9361198150522945,0.9072571893257103,0.9070392337117607,0.8282188102643167,0.9629375951174471,0.9651364190705826,0.9652256633788341,0.9646396520593427,0.9254110097871312,0.7358084387038836,0.6924376890715929,0.7977686558456321,0.8652580511134849,0.8178512714672139,0.8423103873755453,0.8414405055372977,0.6918725109223033,-0.305049674551771,0.9437312131397683,0.9494759325529226,0.9434410334255646,0.9656544919475971,0.9403730830406235,0.9475319747215556,0.9467216262551736,0.8948537631688852,0.9501520082020951,0.898723793001064,0.7193158996479901,0.9430569060684596,0.9375235924003109,0.5303217782239105,0.8454045572992858,0.8501594623472785,0.7446660251485178,0.9781264192268754,0.7206462101442934,-0.24184685218877114,0.26514890466993984,0.7445771438245895,0.6997945596212032,0.7382037156670803,0.9793045599322501,0.9793961175704271,0.19991967580322034,0.3581550414998986,0.20526513293004162,0.17700651384863683,0.19725341996904436,0.21356430472958238,0.21110139721531213,0.12755941637542342,0.5448683310327365,0.27797335310892696,0.2255515976300052,-0.5040336551657383,-0.5491485612338931,0.6661402180929432,0.7532852626282504,0.7771976161145312,0.8406498512778359,0.8237605583390748,0.5652675654331165,0.7557988079090061,0.7718947988868591,0.7708098896128567,0.4243116979371158,0.2618401322342445],[0.996327801173918,0.9920514089676544,0.9903060423133703,0.9967214890380416,0.9985855236435498,0.9839118930047248,0.9984347237303977,0.999997078235843,0.9714816333301151,0.9999985296478069,0.9999963606982138,0.9997749682853928,1.0,0.9999911273026723,0.9999976819967425,0.9993712758080572,0.9931364818710631,0.9994953981964957,0.9999181848739942,0.9999180406538469,0.9999718305611481,0.9999989695145624,0.9910476272775122,0.9760519559643693,0.9935489822841543,0.9458940902703472,0.9940693318244865,0.9907807055912417,0.9762674088043808,0.9517941815272435,0.9888705699368745,0.9939319346967612,0.9922972150417049,0.9724054904470745,0.9995121681675984,0.9996097127824575,0.9997047258464388,0.9997429549747003,0.9992813128026109,0.9995448927508961,0.9983154351999824,0.9988994496921868,0.9995841404410779,0.9994518834343145,0.9818646465258185,0.9321580779011962,0.9495981049095409,0.9540908792245606,0.939340738988516,0.8901499378340371,0.9559971488388608,0.9419382408913473,0.9579881162284299,0.9568399030245356,0.9469787684890861,0.9798514488944053,0.9783957667034321,0.9908926066159117,0.9969341024490818,0.9463217709981652,0.9608215177641125,0.9684582747119175,0.9720210708080299,0.9703382014293763,0.9493825704485037,0.8993804544889151,0.9540493824231541,0.9570320064290541,0.937417712275081,0.8873629157374447,0.9663832228159872,0.9375645074223283,0.964416124914319,0.9470014785756844,0.7797097358169414,0.8595791572089584,0.7858975550866277,0.8740203354926926,0.8910075666688513,0.89800578865471,0.8772914397649119,0.8868109306307808,0.34902600720860916,-0.5894238896172115,0.9621299675534624,0.9467483116225133,0.9460375085821503,0.9505853089878722,0.957530002317723,0.9683485047221189,0.9684514809801312,0.9247655976548131,0.9630360128671944,0.8461833518041012,0.7698093233340699,0.9450396721185852,0.9444418637215705,0.7963691780996542,0.9520092768180396,0.9530834756090384,0.8962651741516443,0.9757317679891903,0.8354505905615771,0.5693463891197617,0.7073200282947409,0.8571960043138842,0.8460483332558983,0.8398792919738375,0.9818837435738391,0.9820715494088035,0.7664279731899736,0.7185084948428023,0.7838826066967644,0.3984618782930531,0.7732455133035199,0.790590247417292,0.7890762627674585,0.7878561664065598,0.766469950275144,0.7392623886993902,0.7205028541174758,-0.30405375510215765,-0.4543283815979669,0.6666967624575926,0.8808393965930792,0.9204566268757344,0.9328558050693797,0.9033179203036105,0.8138668255397663,0.9027587219324172,0.9217495769876796,0.9207668457848946,0.7575722358612506,-0.10233146039355917],[0.9963635161001984,0.9919324171885858,0.9924813876191461,0.9968438496633231,0.9985935223579692,0.984417398552872,0.9994800116921404,0.9999926761784929,0.9798116618670676,0.9999915082412448,0.9999947632250507,0.9997602316461596,0.9999911273026723,1.0,0.9999950194302707,0.999563261238712,0.9977961375674576,0.9994532275558708,0.9999034932010867,0.9999025019927956,0.9999535765075911,0.9999913605402388,0.9929915237995506,0.976467411247307,0.9958704829751939,0.9677437689780962,0.9956473729801593,0.9906361179200065,0.9766639391326887,0.9519511510901472,0.9891454831443619,0.9939503696319262,0.9915758417847016,0.9719259791824219,0.9994885513437649,0.9995625504465407,0.9996233087942031,0.9998873688164037,0.9992440884992453,0.9994935246400939,0.998172387592792,0.998820866394266,0.9995074462530842,0.9995004653440732,0.9843754146489474,0.93189085408486,0.9493496291560807,0.9540609969453765,0.9392327242431623,0.8895804733112909,0.9504106383961644,0.9345000207512836,0.9526900306438406,0.9561847048872166,0.9462149396935489,0.9782301505541429,0.978062290502229,0.9901535977778091,0.9969231942097111,0.9734445654142481,0.9605410797233795,0.9737105968024347,0.9719568985338626,0.974659564148546,0.9744041731836985,0.94923817599194,0.9535699140521593,0.9561816440946966,0.955835344781624,0.9269807208703505,0.966362587389116,0.9680878155699201,0.9727020329291827,0.9716306680162237,0.9355615421125244,0.8590115000593165,0.8235061219027635,0.8733146224757966,0.901890032160748,0.8976573738943124,0.8983299529332336,0.8971734029521249,0.6946933871578417,-0.5898623663013606,0.9620370563486913,0.9464420785356966,0.9456253384590294,0.9745456109789813,0.9575261975558466,0.9682365167093926,0.968333039155474,0.9249419936264954,0.9690284793624301,0.9363531062425089,0.7696184663979974,0.9450828263992256,0.9498710573958652,0.7955041283707616,0.9518549855670384,0.9528725371344973,0.8958638952695646,0.9760765551094526,0.8844029108577605,0.5685776373731062,0.7061874727912334,0.8921712926088607,0.85887775828745,0.8829999296471693,0.9821533016728672,0.9823688476118972,0.7649856182399822,0.7172054690412453,0.8016009339273871,0.3979058838240828,0.7785531931958017,0.8060980764414896,0.8006101843681357,0.7871430438263662,0.7659700810559911,0.7374524890780372,0.7186909366244855,-0.3951754916823038,-0.5165802181576125,0.6651195131103145,0.8803862547345956,0.9166470079863418,0.9281765615441219,0.9032854944243139,0.8123749025603417,0.8897541584878473,0.9096357535300081,0.9092237376925143,0.8395847741240355,-0.06911325523666371],[0.9962623341594947,0.991991269816613,0.9905019972518969,0.9966732874211914,0.9985925507261488,0.9841283427639117,0.9991932228281972,0.9999982375977557,0.9763920614821512,0.9999977502151906,0.9999983171443501,0.9997667460215552,0.9999976819967425,0.9999950194302707,1.0,0.9994615548478865,0.9970674246439978,0.9994713145596791,0.9999119675593461,0.9999113547188254,0.999965840710363,0.999997611995162,0.991206518857027,0.9763009586631779,0.9952244514153457,0.9593232207337983,0.995025288887497,0.9907375864424309,0.9765187061677272,0.952011922471472,0.9913394398102212,0.9941975026637206,0.9921613025431717,0.9721838372805285,0.9994809399211472,0.9995712448113873,0.9996812843713863,0.9997585721924459,0.9992481795964789,0.9995011590461027,0.9982536460550542,0.9988478759528413,0.9995510927405395,0.999420908292938,0.9821012699681606,0.9319492161030645,0.9494340438210978,0.9541307749813985,0.9392935437408273,0.8897681964126772,0.9557163646522645,0.9416705148853998,0.9577348407228199,0.9564394431543399,0.9464907642101607,0.97961801665393,0.9781447860393747,0.9907194023667313,0.9968172630307056,0.9463396960988142,0.9608312258838452,0.9684037385169457,0.9720246976171639,0.9702718832838558,0.9489774230654467,0.8995752359016195,0.9537775577342626,0.9567481507413317,0.9372380683382849,0.8872403045904357,0.9664980479789934,0.9377431897701295,0.9644453218735816,0.9470537253507876,0.7800905670474029,0.859252942853381,0.7856788859878957,0.8737542327215579,0.8909314973856544,0.8978552861948411,0.8771019590736349,0.886638872232611,0.34921720771641657,-0.5890830088055857,0.9620933563174328,0.9466873249261349,0.9459839595071636,0.9491523736905554,0.9575719035226735,0.9682899059841569,0.9683868928237366,0.9249204520268691,0.962963465907288,0.8463867932875375,0.7697475300185239,0.9453466844275725,0.9448468593971691,0.7962984631639431,0.9519209020939623,0.9530077346497331,0.8957388247424527,0.9758898238373732,0.8349906497066881,0.5680813476849865,0.7065462734238407,0.8567265871548863,0.8456340050996694,0.8394222678882306,0.9819827472794846,0.9821675888701799,0.7654184096953826,0.7176456868116924,0.7832502346015439,0.3980476658335266,0.7725475694639806,0.789815301747862,0.7886055938695042,0.78704332249937,0.7660376102042429,0.7380734943151259,0.7193304157663983,-0.30480281768177947,-0.4549676952102968,0.6664686359176483,0.8802157588977422,0.9201036026052651,0.9323513580277892,0.9028705861691664,0.8130844925343306,0.9023692814887654,0.9211975848058181,0.9203422572012848,0.7569751398229705,-0.10156313805273662],[0.9977220802282386,0.9941368447780918,0.9899468937530063,0.9979843210326848,0.9990847882208811,0.9837849026382839,0.9998919485470423,0.9993231787236119,0.9743318024261698,0.9996792434951768,0.9996617900572523,0.9996648391776617,0.9993712758080572,0.999563261238712,0.9994615548478865,1.0,0.9984043174509638,0.9998508278489129,0.9995504747623924,0.9995552561459186,0.9997686908980884,0.9995359972530626,0.9908415752239503,0.9752438130664889,0.9938658534389695,0.9517342116616578,0.9935136029188003,0.9923052037280777,0.9746528883541955,0.9525411968019224,0.9917692284112967,0.9926178021989138,0.9930418325937918,0.9743006982803788,0.9992744350114386,0.9997342264941753,0.9997176183475628,0.9995713233611776,0.9995993274215715,0.9996895306074173,0.9988468170168869,0.9995834808418519,0.9995100423705549,0.9992705078097809,0.9806895536646255,0.9304057836401773,0.9515643754612988,0.9507562660272292,0.9400175995972748,0.8966076258647826,0.9577748504943848,0.9462201118025882,0.9600824675494652,0.960601600017916,0.9507262430796879,0.9816156064471668,0.9802187681644234,0.9916842999621258,0.9963304275454682,0.9509914221923199,0.9645351362376485,0.9735247967765037,0.9746239847165835,0.9751250764710567,0.9518803572564466,0.9055449207500079,0.9571922547539063,0.962180550134998,0.942314603346433,0.8961387314687321,0.9690191436756994,0.9428483005684443,0.968945796526809,0.9515378626959725,0.7889285736346101,0.8649339994437321,0.7901915500116871,0.8792637678918523,0.8961313941006817,0.9007232218006448,0.8809486418225492,0.8920616697916559,0.36087163841041575,-0.586001683647279,0.9654516550544876,0.9516896615590134,0.9507399863755405,0.9533600311759588,0.9615979448245935,0.9715699770102526,0.9716522960204812,0.9293390371910804,0.9683499162303972,0.8544604085179397,0.7714756263142512,0.9357253634230915,0.9367814674166308,0.7987891194973558,0.9519881773102774,0.952881674150692,0.8959553605914048,0.9723737626011902,0.8342692590996581,0.578121597995599,0.7117813547945