var element=document.getElementById("correlationAdjClose");if(element.style.display!='none'){var correlationAdjClose={"data":[{"type":"heatmap","z":[[1.0,0.9999917257390297,0.9849213566538191,0.999923803464984,0.9989500495564422,0.9877667242077841,0.9976252489730344,0.9955030392564861,0.9958141580165891,0.9800726747592848,0.9927330577975727,0.9956409360787438,0.9948861125347581,0.9955547750702649,0.9974558059541917,0.9969754853782444,0.9981658123875256,0.9962350552154476,0.9962470999767243,0.9963018350199493,0.9955904876196494,0.9859687352800713,0.9702392757569441,0.9884385188663282,0.9873215837397961,0.983208792436731,0.9649710113935575,0.9462926847301381,0.9937871200161803,0.9944678114981621,0.9919242044281078,0.9755655617172679,0.9975361720073047,0.9978167841192672,0.9972362509110801,0.9957026416827232,0.995314484457667,0.99769306093219,0.9983094226988023,0.9987030075133418,0.9974809598914179,0.9974915885546547,0.9767557506653546,0.9165922773410924,0.7454316543946463,0.9055059979896588,0.9079399270871279,0.8418501398592488,0.9656717552858476,0.9454099044318394,0.9670864547309942,0.9648734552565542,0.9573766170509964,0.9855681677254807,0.9822269430680052,0.9848520951353402,0.9787367934453791,0.9866357744517397,0.9841608881514783,0.9872442435811639,0.987019528264601,0.9647466855092178,0.9693680960849214,0.9724798032845883,0.9721378607930977,0.9470925351488255,0.9767744653510347,0.9748395327327309,0.9828523516997836,0.9820228489009484,0.9375922833112529,0.8659391740266502,0.8334455978012938,0.8847969112161292,0.9093899479594936,0.9049899607090109,0.9073113107958805,0.9058972002861647,0.641679026570971,-0.5711480353573544,0.9780183906645856,0.9705184774753363,0.9669586207230186,0.9856762656237859,0.971689145773389,0.9825093524117854,0.9824593037898275,0.9471850658651499,0.9826614869555518,0.9509747366567609,0.6599729356766757,0.8759805538706908,0.917904515808784,0.7615104574866043,0.924309380956187,0.9435463210916577,0.820537333427872,0.9595325818485557,0.8958547980218069,0.6350228806678585,0.7102568827747702,0.891906578500342,0.8655157510928622,0.8888752331501067,0.9699935357632297,0.9701947583624354,0.7392313494727198,0.7102050958706811,0.8250513627135954,0.3502642933369169,0.7954108235184596,0.8294053086724844,0.8160829846700305,0.8142327922363369,0.7557420406964315,0.7434778570194516,0.7240504419570469,-0.24852108835226983,-0.3852984030427087,0.6414179680255137,0.8983747553588541,0.9429751979895502,0.9475435893147437,0.9177020360043355,0.8281701519566737,0.9146089879359334,0.9362103466255371,0.9360390645529888,0.8704749059130297,-0.18936908170086447],[0.9999917257390297,1.0,0.9842089592542297,0.9997857882186298,0.9977436784633135,0.9904971563912399,0.9934504777978784,0.9895117900060533,0.9895435598191853,0.9697525978247208,0.9917819930064629,0.9897335358970503,0.9895711913470725,0.9896175418266588,0.9924430558764126,0.9944976886443583,0.9953199724446475,0.992701672359552,0.9927005471702107,0.9896137483305684,0.9896700186331878,0.988893412196156,0.9648482169874377,0.9853371101369004,0.9850888749129211,0.983080990140775,0.9745736064854378,0.915009049219047,0.9878036448923353,0.9844353281825955,0.9766043444237062,0.916912771700097,0.9949384889738604,0.9947784734706911,0.9950578875116793,0.9905833283055311,0.9945342770798403,0.9950532717379376,0.9964659620197351,0.996706885327534,0.9950388745871698,0.9950472674065018,0.987142298253297,0.9162342401861138,0.5928468365219729,0.9049789695344251,0.9077673774025068,0.8419967199596615,0.8710925939971629,0.9136359670167155,0.8747451315209452,0.8967384698092846,0.8701492177308934,0.9544917585696455,0.9544058538971109,0.9760863929711908,0.9796720675961227,0.97412542730945,0.9737378035420782,0.9766188125341647,0.9765333609715879,0.9399808626760864,0.9487662264428289,0.917222017662229,0.9171260492924667,0.8215715255362342,0.9715833196023406,0.9737280280401639,0.9739693700314358,0.9734034932291394,0.9362041603024636,0.673270225699373,0.6161299777972632,0.7630120551530442,0.8528916864155565,0.785933284769341,0.8206658446660381,0.8189663119925428,0.6134204338460503,-0.2752728448769532,0.9600879520243684,0.9664229738928904,0.9598132934650234,0.9769180552844251,0.9571385825865657,0.9643711868426524,0.9635088147653761,0.9103507596035856,0.9671308261187537,0.9156300272875328,0.5006315255118436,0.8751340527187795,0.8720034500122317,0.3084405168975926,0.678752080706417,0.7648382996719352,0.6522056317198254,0.9589975612180441,0.6631551215351803,-0.2519077978333459,0.15077310965394838,0.6317064778714051,0.6375640987725157,0.6845570381925113,0.9606097556004636,0.9604742309175797,-0.0632506827698123,0.17800034829516828,0.018207967532362524,-0.01544608553502827,0.013116824372299106,0.02976960381749666,-0.002331925087641869,-0.04731387024682225,0.38644229998538016,0.12145981514801354,0.07147807945106203,-0.4504894893846454,-0.4870954433883194,0.6414856712857987,0.7468630019740694,0.7715459926999099,0.8297458544660851,0.8254827662396671,0.5438208916891896,0.7341788107893564,0.7666049481612512,0.7652564520403214,0.41318356470705037,0.19424954239695974],[0.9849213566538191,0.9842089592542297,1.0,0.9863467753583851,0.9930298011104821,0.9903924335421298,0.9906572758071059,0.9911355143098421,0.9943618622852152,0.9562169335974853,0.9970689333995377,0.9910274477933428,0.9929553593336438,0.9911948108304406,0.9885730863873883,0.9910739954301265,0.9905323118388079,0.9897540844739096,0.9897212842276013,0.9928909208235723,0.9910654951801983,0.993854752003076,0.9804008566980067,0.9909739624247,0.9914162013726713,0.9821024065329317,0.9831325701002698,0.9504886406486268,0.9723747199272488,0.9761161539636275,0.9780796014591829,0.951180300641317,0.9879456076107398,0.9910637398334381,0.9893845942633474,0.9930215877605477,0.994959460594543,0.9921464004799538,0.9866605925167248,0.9881614806317357,0.9882314364292619,0.9876051142784176,0.9909381835914366,0.9159714458390892,0.6860596468544323,0.9290723351383848,0.9018227063592995,0.7573353639222711,0.9259980134772964,0.9006279247395029,0.9282710757322576,0.9248049624268566,0.9142099821582493,0.952503293516089,0.9599380958969816,0.9330506595420184,0.952280090580907,0.9561232881656004,0.9622639322819516,0.9566353820141983,0.9309054850741004,0.9031259012442973,0.9310415948641707,0.9262982003390599,0.9090492492100891,0.8691697698269573,0.9621727717442746,0.9402127131322677,0.9568221225469667,0.935417256362021,0.7843747673593351,0.8087824005080771,0.7380713219473292,0.8301466860053399,0.8712821316756871,0.8697468195549501,0.8400496098723305,0.8540224266132745,0.3192784484303377,-0.5697186730177194,0.9494345361207965,0.9260979904674699,0.9289441405764973,0.9334101039348965,0.9437948697158653,0.9538466497265686,0.9534413950578238,0.9172869136580504,0.949907572029471,0.8467699590079655,0.6337712965205006,0.9386530559111758,0.939220115131946,0.7238374765823189,0.9067038333127325,0.9280670356459918,0.8062502005981577,0.9788416781382966,0.7782473726838468,0.5419044124433186,0.650327688986582,0.7863366557919291,0.7914402635855408,0.7751011171791897,0.9823035268600753,0.9823388888939809,0.6595928881701311,0.6471501826205117,0.7131401549865389,0.28385897481861616,0.6915336266184684,0.7115165472867612,0.7238045802926147,0.7079588544696832,0.7112495341234607,0.6716026105182382,0.6503763881057786,-0.32010759124652205,-0.4565131622118428,0.5999320717602593,0.8589144294870852,0.8928024084198649,0.8947899649958038,0.8910157732745103,0.7588161693564582,0.866972739614321,0.881380781825758,0.8899973029725513,0.7386614852011245,-0.1092033196079344],[0.999923803464984,0.9997857882186298,0.9863467753583851,1.0,0.9992472647702458,0.9887507838377987,0.9979493142350598,0.9960143470103432,0.9964064817665831,0.9797212815606713,0.9940577966492385,0.9961342027687601,0.9955866044537836,0.9960645901012223,0.9976969016549139,0.9974311164483833,0.9984998060537085,0.9966817913061916,0.996691143261561,0.9968067601414405,0.9960874502558655,0.9872349726869508,0.9715771418019339,0.9895185333223554,0.9885123812012105,0.9853837139241645,0.9670619672476317,0.9474847545012642,0.9932355861862244,0.9941055199475467,0.9920122312644671,0.9752080221823121,0.9976863853830623,0.9981042699027821,0.9975383366744309,0.9962578729568052,0.9960444100929344,0.9980197991591481,0.9983352621190087,0.9988414805686194,0.9976229381908535,0.9976302776866259,0.9785869403298283,0.9123110227261687,0.7390607929640308,0.9062726031852597,0.9057851155669004,0.8318064232233314,0.9627463839364813,0.9419907485172527,0.9640535747062717,0.9622169707041542,0.954504745142972,0.9834954024672333,0.9806997967508337,0.9831577433401693,0.9771601406514363,0.9851237014812129,0.9833560025225833,0.9856525240731265,0.9854224674625222,0.9518784712497811,0.9677837480384438,0.9707793234566642,0.9704364087997653,0.9406600389827173,0.9761449937717579,0.9713835950485877,0.9811475294743193,0.9802772982988164,0.9114957904087652,0.8638934888434181,0.8287596379870793,0.8824896301458915,0.905929966285601,0.9041447453832939,0.9043583628719106,0.9030058869527005,0.5385536955615842,-0.5711227284142558,0.976866836773932,0.9685311366327269,0.9649259964722572,0.9839859459527165,0.9706060493877519,0.9814730451750237,0.9814205360896557,0.9461751537122665,0.9809318132199715,0.9315194225125344,0.6653384914601523,0.8837747758491914,0.9223663016554233,0.7630713791093063,0.9260249812528094,0.9450062893668713,0.8208590282021495,0.9610051345265401,0.8897164145908065,0.6316587566165687,0.708479495015645,0.8868305979588845,0.8619577821348067,0.8834714324921024,0.971055545939737,0.9712647142118179,0.7382488506075886,0.7104803446356154,0.8171338017557721,0.3523239215526976,0.7897834215119169,0.8212030676362178,0.8079501325816991,0.808943431813462,0.7585297172722062,0.7435259252549643,0.7241674557179084,-0.24390419008253966,-0.3845563394143534,0.6399902513084522,0.8964882136685862,0.9411920146033862,0.9458043443348041,0.9165857935181425,0.8253717197611226,0.9126430500421597,0.9340103818971989,0.9339924502336613,0.8628825672320036,-0.18206824302227334],[0.9989500495564422,0.9977436784633135,0.9930298011104821,0.9992472647702458,1.0,0.9916744696762111,0.9990568187174962,0.9983441949581568,0.9984023168565586,0.9736077537728565,0.997770944740516,0.9983866914685608,0.9981974167300929,0.9983779910128585,0.9988869782421211,0.9985748076538749,0.9992213777862865,0.9987523838418694,0.9987518157158897,0.9984578528479923,0.998372434297464,0.9938605617371824,0.9792299056809219,0.9940441821077959,0.993985182627539,0.9888043856747865,0.9809518329140241,0.9508780851744376,0.9897455985013531,0.9922866181523318,0.9895886570679037,0.9663187845228454,0.9989386207199556,0.9989759484302889,0.998976829293795,0.9984823540148985,0.9985550569630803,0.9990777059739699,0.9990083585699197,0.9991450307441105,0.9989259024273656,0.9989253682783975,0.9889224884864974,0.9218646788220326,0.7144068216274103,0.9205001281944816,0.9097512159087964,0.8144729387098998,0.9466877079760547,0.9309622335989559,0.9506595670689104,0.9537083570494472,0.9454763359918174,0.979683783476349,0.979599801712804,0.97917311905432,0.9711574207679645,0.980131244902621,0.979030625845232,0.9804516984013956,0.9801688030214876,0.9534801312076087,0.9577400524529749,0.9526091977942902,0.95215543917578,0.9084635357339774,0.9731523453647554,0.9697161277171361,0.9763645218299135,0.9754154577174121,0.9331176830730354,0.8395915449372412,0.7951761622224208,0.8648690419644042,0.9088606809178064,0.8901400702375951,0.8987237669761302,0.8974312731076084,0.695768132473034,-0.5931220293578251,0.9697276543812047,0.9567496132366697,0.9543148193686217,0.9802677595300511,0.9596029698588402,0.9739635221682147,0.9734913398838865,0.9357735842063104,0.9759200045389569,0.9396853189843158,0.6519986867425739,0.9037416765486186,0.9437470225760445,0.7147427081708411,0.9048544346022839,0.929660667131125,0.8146403259676032,0.9668358814174226,0.8809248879172272,0.4765573991625943,0.6412953934696753,0.8686984880212798,0.8261861196114498,0.8710050869192872,0.9751771492972915,0.9753367395347304,0.691978367510912,0.6911974130540429,0.7358268196179497,0.32734558283856774,0.6751164462346884,0.7416381142920755,0.7179281592556384,0.6973282612451379,0.7425703036442366,0.726131795107468,0.7058177230589945,-0.46381575564171085,-0.5414975077118409,0.629584746617614,0.8891679856244098,0.9254790604847186,0.9374817999419334,0.9128393583406961,0.8021290037557698,0.8955599195833667,0.9185298190516541,0.9180376607637852,0.7967428380106598,0.03236573454281787],[0.9877667242077841,0.9904971563912399,0.9903924335421298,0.9887507838377987,0.9916744696762111,1.0,0.9878903988498493,0.9881268890911802,0.9877304144172082,0.96320291986086,0.9797324890565031,0.9880575684535875,0.9892951986894959,0.9881884133129907,0.9873152389179589,0.9904703284469397,0.9892559308303651,0.9889715799586797,0.9889610586671004,0.9869986102165913,0.9881194111836729,0.9960464221091376,0.9917551980366137,0.9882218161842818,0.9881336229868635,0.9715211184532173,0.9855959718105306,0.9680722353169495,0.9706118159205605,0.9751017305479027,0.9831782189141554,0.9700692739130587,0.9877820532148623,0.988002209394071,0.9888105594595226,0.9889765310779733,0.9818432380729609,0.9888295265985761,0.9881514742950804,0.9884178182032469,0.9878901083843336,0.9878913665940086,0.9949799412930495,0.8741349962978401,0.7145791209875116,0.883827149429765,0.9030025287887847,0.8317702329114934,0.9297777951146375,0.9113036519817189,0.9317716687701193,0.9404156667014469,0.9274144528370187,0.9600257000480004,0.9646685654200956,0.9686116638498837,0.9816477807233815,0.9696839690846621,0.9817226151949084,0.969495755145123,0.9689329812107418,0.9696436868567168,0.9615520700858912,0.9436251838087273,0.9431203127234652,0.9329283845672881,0.979415619638112,0.9717388806929432,0.9699835830739966,0.9684016808032873,0.952502423923871,0.8623059025625799,0.8144387481990504,0.8827008252485954,0.9001697039366705,0.9079412011415575,0.8904361855985158,0.8883083691647792,0.6623388867028891,-0.5324980545867962,0.9758750467147794,0.9732914885016561,0.9696087251626373,0.9696978408851683,0.9668350514035766,0.975751781608456,0.9753873050648392,0.9580047802837866,0.9651863245307692,0.9572583015500541,0.6683972569727292,0.851009570263006,0.9412069491188131,0.7622529370265588,0.9166909570239826,0.9337026147751255,0.8150812019955974,0.9572677753315334,0.8445302001565488,0.5752236015254253,0.6809767807532344,0.8422220736868085,0.8213225558869971,0.8401931425647374,0.9592341848435447,0.9592970291463073,0.6995228709077292,0.6892698391772519,0.7597974161984579,0.35212522557329895,0.7407329990040294,0.7655624802396671,0.7517398560469978,0.7536725166565289,0.7450998297500574,0.7129403512256112,0.6957376366950578,-0.27398209401644485,-0.40228040741090404,0.6643924481620056,0.8795420979211215,0.8975753850450804,0.9063220674149358,0.8942202672072224,0.7973233274279536,0.8665120176123802,0.8889930426981854,0.8890533265835534,0.8325456925658464,-0.15244293149687496],[0.9976252489730344,0.9934504777978784,0.9906572758071059,0.9979493142350598,0.9990568187174962,0.9878903988498493,1.0,0.9972330168056982,0.9995450186146462,0.9733440093582927,0.9994581374013202,0.9981963084046084,0.9990875150234683,0.9990573941174402,0.9991881319937858,0.9972071180894434,0.9999024007441786,0.9992823972764444,0.9992876786882408,0.9996642935354744,0.9992516236039785,0.9907097336714267,0.9751772404774554,0.984482777277496,0.9927389345521554,0.9881758294688654,0.9725390944729605,0.9458526419709646,0.9920598314321396,0.9917835769719296,0.9931686344492634,0.9723508947493517,0.9988688761932907,0.9998259291880307,0.9996670588637661,0.9994130254777565,0.9996826043189021,0.9998563272703587,0.9981588012899507,0.99968830759066,0.9992995336428245,0.9989197082804979,0.9827732026931157,0.9285917505991585,0.730449141077644,0.9330964645922065,0.9201374039799489,0.8072852891345171,0.9580626743154576,0.9414209470992642,0.9601646904085488,0.958146101467176,0.9512571303174447,0.981760855455407,0.9801672733314026,0.9425940572746295,0.9576423110179051,0.9701256764447682,0.9704675403809864,0.9718778449269287,0.9427202320750238,0.8947251403708867,0.9480756676002097,0.9566197005310444,0.93366016215144,0.8816555890296414,0.9624301085055219,0.9329069508088359,0.9639395893021813,0.9429603230861675,0.7476397787565479,0.83417993226281,0.7606837432939854,0.8516391789468283,0.8770119171468957,0.8811448553637947,0.860000204952779,0.8724707071166902,0.27372135816573023,-0.6054564153332582,0.9602922534563636,0.9406716888522724,0.9401652294529799,0.9447467211307146,0.9565603271914402,0.9677697538849369,0.9678122271176168,0.9259856181831209,0.9639914430609695,0.8296036646584581,0.6467433853632224,0.9041486567028807,0.9223114191732712,0.7518892838894166,0.9232408481335009,0.9434220557906924,0.8152236620672664,0.9662737945793506,0.8312904617999688,0.6203698232453315,0.698830584250639,0.8441083080803445,0.8408195678561537,0.8300733782543587,0.9752628697036664,0.9754862368856212,0.7248211105381778,0.6879032596203081,0.782543877274128,0.32250369430231535,0.766954208324263,0.7920028879670068,0.781996439804429,0.7883783622785571,0.7385047945313402,0.7310899087817322,0.7099341700996223,-0.2618294217090865,-0.40972011208693554,0.6481092829618241,0.8911855226329087,0.9287447890510696,0.9440610674393781,0.9166234874143665,0.8238469765167807,0.9126162097827837,0.9343641082264897,0.9337871682534533,0.7751120191127441,-0.14495707627743634],[0.9955030392564861,0.9895117900060533,0.9911355143098421,0.9960143470103432,0.9983441949581568,0.9881268890911802,0.9972330168056982,1.0,0.9999847458811408,0.9676510777067128,0.9996713010521352,0.9999969297658854,0.9996707389426164,0.9999979384443071,0.9994578029291858,0.9939302441806769,0.9993429846988439,0.9998926271427566,0.9998921557818905,0.9999584472916972,0.9999946544540818,0.9909871198293801,0.9762857641955051,0.9920029309226958,0.9932440176060094,0.9855230948511304,0.9747262597083879,0.9446384805939438,0.9883370223717769,0.9941328772310475,0.9918159941049045,0.9690281545493838,0.9994344981188984,0.9995045801075328,0.9996255484529931,0.9996987063901379,0.9988677716554265,0.9994320573634554,0.9986247413644225,0.9986058556300754,0.9995040763439199,0.9993679707451186,0.9842707062824123,0.928653699766837,0.7173519072820339,0.9386969630175843,0.9177190184861941,0.7867111708840162,0.9564634474774782,0.9365321142499192,0.9581563616497701,0.9517766160185281,0.9447811167563426,0.9797553694954095,0.9769601463867835,0.9370002673964425,0.9521200247737507,0.9625388150830358,0.9666433655696002,0.9647627879949812,0.94078229073778,0.8845644134870924,0.9422272700557339,0.9488750297171726,0.9276642368441623,0.8668955424542822,0.9590195731678549,0.9257041718701049,0.9575799530582625,0.9377532078002342,0.7318536700063842,0.8243749630472347,0.7557052150268131,0.8418476866498569,0.8683606770094072,0.8752916785190817,0.8548804603540263,0.8644906327530321,0.2534013188182273,-0.6110546256870921,0.9550648769438125,0.9315712970228675,0.9322981562497916,0.9425609581673998,0.9507185017117826,0.9626615295245919,0.9626991043297956,0.9192404453222126,0.955903119992622,0.8153248649204584,0.6422744352521573,0.9232467450834186,0.9345398045964136,0.7466725364707149,0.9226218847517366,0.9430710037688974,0.812518314004629,0.9708803174828858,0.8349535850565226,0.6060023806610895,0.6894165101127784,0.8453122770602972,0.8377504035393886,0.8333825848321639,0.9781887716233836,0.9784167967930063,0.714731992456031,0.6790682266145778,0.784428245241686,0.3079143290658814,0.7617111143674223,0.7876032848696979,0.7831850530029145,0.7827906443035869,0.7312866627980003,0.7247185584095713,0.7028928091484193,-0.2787813732638957,-0.42570324394514797,0.6304782021784845,0.882779332196713,0.9264403464206324,0.9363349176462137,0.9103059798605667,0.8124327455658038,0.9060781778679505,0.9280306605436291,0.927704254281986,0.7549834185158185,-0.12711321439432788],[0.9958141580165891,0.9895435598191853,0.9943618622852152,0.9964064817665831,0.9984023168565586,0.9877304144172082,0.9995450186146462,0.9999847458811408,1.0,0.9669788711432117,0.9996703448028801,0.9999816567862573,0.9998423820638448,0.9999902305705739,0.9995264067796611,0.9986529147391794,0.9993331910960944,0.9998327072819418,0.9998317102007347,0.9999674214240123,0.9999827010536407,0.9938704639999936,0.9776601791174145,0.9952771923505398,0.9954164361974628,0.9854929702927975,0.97903544767839,0.9457763713527486,0.9889249427755915,0.9932383558880854,0.9888640996709169,0.9646076999240708,0.9993638279927239,0.9994441662071983,0.9994492716403083,0.9998449868756537,0.9988774270075695,0.9994191205823382,0.9986369536711981,0.9986173833802472,0.9993592548339262,0.9993534847056824,0.9887574128115346,0.9286421597525312,0.7180319002379362,0.9384286112499586,0.9174317783202266,0.7869310553295743,0.9436547412080505,0.9260135645042352,0.9471503952672732,0.9491949414764562,0.9420072608833284,0.9774747502655629,0.9770309841081773,0.9683108906589392,0.9525064234944354,0.9691927544251617,0.966730376318964,0.9696094210777412,0.9692821005310035,0.9404647866590214,0.9415288110290769,0.9417076263351554,0.9413053816413152,0.8960825444947697,0.9593668738616866,0.9598568173772393,0.965969782201338,0.9648140708918722,0.9196458059864827,0.8237019704644568,0.7733527366797935,0.8410180387518561,0.8897409483243206,0.873795676914559,0.8812094859384335,0.8801706526524046,0.6420112655834967,-0.6264605431177078,0.9550088641670861,0.9316065087197952,0.9324338052565951,0.9696420262842717,0.9455196473988349,0.9622176097407158,0.961715980631632,0.9201432193887124,0.9644339111523025,0.9243831639862132,0.6406579538106728,0.9227962878026493,0.9482147916708801,0.7229161506176035,0.9098168134855252,0.9340406504057963,0.8116413779330969,0.9696651881197594,0.8875956574108784,0.5076740926903036,0.658106832859567,0.8760050710587552,0.8341100232025586,0.8787954210658742,0.9781156723993775,0.9783740708438406,0.7126515074120225,0.6760620108725653,0.7518154725660969,0.30574166966933025,0.6929383444900662,0.7573099465024813,0.7355540319728326,0.7159042322132496,0.7287363938505265,0.7215360587263822,0.6996642643126775,-0.5127731684599351,-0.5915481820152326,0.6302326970076467,0.8816195405659085,0.925276726592875,0.9380661711486256,0.909344994399386,0.8076123900039334,0.8959021829096719,0.9183400677891395,0.9177781109827341,0.8064945715955892,0.10475511658896551],[0.9800726747592848,0.9697525978247208,0.9562169335974853,0.9797212815606713,0.9736077537728565,0.96320291986086,0.9733440093582927,0.9676510777067128,0.9669788711432117,1.0,0.9550255340793685,0.9680313052365411,0.9669931596892164,0.967767259506022,0.9732201318261471,0.9699113837845104,0.9753808144221514,0.971913330267137,0.9719274697754013,0.9678185354656702,0.9678879629099176,0.9667640135348842,0.9544540743071346,0.9743063166206588,0.9722572259883994,0.906481629382201,0.9702267833346632,0.9539643457551218,0.9773473950887323,0.9716860765202436,0.971723757271421,0.9393346085970493,0.9756348974092651,0.9752224711554561,0.9756472844099244,0.9682632878636168,0.9622252426920724,0.9746622990337067,0.9776769880091334,0.977965564570588,0.9758081396942118,0.975824967731715,0.9564702757506538,0.849745595193376,0.5386193225980862,0.8135635738212783,0.8984959267051082,0.8761518352564853,0.9042815023589649,0.8384827139465265,0.9086501517125088,0.9193786582983304,0.9058329969393315,0.93680869561551,0.9366737274578587,0.9459155370404361,0.9382880262118706,0.9555425199023727,0.9496406137310229,0.9540353678107558,0.9540570077183794,0.913081728841453,0.9543646232578074,0.9410303026646903,0.9407202163645001,0.8669132692330804,0.9382467707428084,0.9456052575483033,0.9394667798359468,0.9384113709074041,0.8898602298172361,0.8318554186284068,0.7904296036320992,0.8728456349662039,0.9209637330771617,0.8946997467465978,0.9079086286749753,0.9072367532691664,0.7313060781122115,-0.3209402611661302,0.9545853437732508,0.9560894012696131,0.9479294725184476,0.9475890133608342,0.9332516841138255,0.955794856906976,0.9557455002268231,0.9043854997880308,0.9576595096113258,0.9088863168272162,0.7350804475759023,0.7240448843672798,0.8737512305591343,0.6495985464339457,0.8630002430804222,0.8970665671779449,0.8801781550886881,0.9528038290798928,0.9077279036619705,0.391893998383905,0.6603396736362602,0.9001767212969004,0.8788911926045173,0.9070490323050159,0.953022402762042,0.9533418170103859,0.5478374802791274,0.7135089439328618,0.6234964989952575,0.49482688294450244,0.5832883032189836,0.6375249457436516,0.5989162974568659,0.5726428857888037,0.8159631538331531,0.6933790971906466,0.6582996483518804,-0.2919102043878717,-0.34340099143459885,0.752848334828276,0.9177654905775652,0.9246827201863257,0.9138544034363436,0.942460830318056,0.6712620625729723,0.8476454301186676,0.9113433947262541,0.9105153746275315,0.6938518650724234,-0.16373818412967817],[0.9927330577975727,0.9917819930064629,0.9970689333995377,0.9940577966492385,0.997770944740516,0.9797324890565031,0.9994581374013202,0.9996713010521352,0.9996703448028801,0.9550255340793685,1.0,0.9996968461996544,0.9996766565956898,0.9996844893918222,0.9995497259830388,0.9991621240973105,0.9991757415176814,0.9999585514637328,0.9999581109973166,0.9996834463052944,0.9996911408933676,0.9908048286504398,0.9607127376794711,0.9918001259310472,0.9928693089037043,0.989506226236633,0.9724735997726596,0.9025233342708324,0.9889029027753402,0.9926480512120678,0.9740433758260106,0.9032314592958529,0.9992005059837691,0.9992643040543203,0.9992046277323952,0.9994748341823065,0.9994381668976591,0.9992277141901197,0.9977584396269966,0.9979519333082738,0.9991751800318077,0.9991708653211651,0.9899533949668264,0.9227233968289499,0.5594913036071103,0.9342348579020512,0.9166119999722262,0.7908287625386591,0.8578593763783012,0.8962980229787413,0.8630629050704998,0.8778341818024026,0.8550887148875488,0.951680636500739,0.9516181808420506,0.9538415504304943,0.9559305893571702,0.9462357693301849,0.9480942332621648,0.9503539716611945,0.9501665746147644,0.9031549482162006,0.9145331797148373,0.8761526962208468,0.8759824882955891,0.7655279662863786,0.9503219618338318,0.9534999836228689,0.9536538563812158,0.9529784274339212,0.904694665283375,0.6229192296732446,0.5620405851361344,0.7131196718354913,0.810547943920911,0.7415071775964486,0.7775781459553531,0.7764064203412588,0.5565299498688088,-0.39599347489293957,0.9261836773689116,0.9354285207713352,0.9258804777652102,0.9551828738807907,0.9228064123849139,0.9317161636194932,0.9305632817582938,0.866561088911116,0.9357357741637099,0.8734144740561415,0.5423422014691902,0.9195658351098487,0.9136815633976042,0.3426616534166885,0.7104385415371737,0.7888986707176705,0.6623725337324546,0.9726798066006089,0.6725155226174584,-0.19499463628820043,0.1971152558518616,0.645682162989276,0.6494924746053345,0.6913194870834324,0.973919499538914,0.9739744541397148,-0.00461218645710272,0.22682167610379805,0.07848257672060728,0.04393056196362647,0.07121482914910007,0.09036853441334826,0.057219063480918785,0.006561803049769848,0.4321007679007675,0.16139142179915414,0.10856953533323796,-0.5186210212036766,-0.5546203943136193,0.6302757197877149,0.7416760320126227,0.7665640107605941,0.8277929622934606,0.8255792484337243,0.5262680205746944,0.7269592152765673,0.7617579519975861,0.7604982237088332,0.4068426064007466,0.24377363670193022],[0.9956409360787438,0.9897335358970503,0.9910274477933428,0.9961342027687601,0.9983866914685608,0.9880575684535875,0.9981963084046084,0.9999969297658854,0.9999816567862573,0.9680313052365411,0.9996968461996544,1.0,0.9996550412434165,0.9999976644697456,0.9995085014981391,0.9950243224763392,0.9993915396772449,0.999903425022266,0.9999031563249401,0.9999660963404806,0.9999950801303112,0.990894354114828,0.9761572495922551,0.9926596867517286,0.993205321767716,0.985703317931693,0.9745591196719214,0.944652912054859,0.9892277075308924,0.9941932203294848,0.9918915247471375,0.969174678368684,0.9994770037902574,0.9995479081486373,0.9996584919521647,0.9997002456833531,0.9989517162245211,0.9994763471891291,0.9986876052250389,0.9986842810996134,0.9995476932510734,0.9994114423376388,0.9840746601443151,0.9289503507586068,0.7180752588115026,0.9386386843541882,0.9179685646549401,0.7878433846388853,0.9567981551752085,0.936946601727608,0.9584985822006762,0.9521528797658328,0.9451864523966295,0.9799982758452199,0.9771487618008732,0.9373265481997336,0.9523103809727398,0.962851708227761,0.9667971331865468,0.9650694002896514,0.9410525605583516,0.8847648057269206,0.9425226239811396,0.9493099532703142,0.9281114029959561,0.8673495511893661,0.9591186539707138,0.9259414747873611,0.9578207093217899,0.9380579460671093,0.7319822770896512,0.8248800355375795,0.7562744778321685,0.842338678501885,0.8687306330476593,0.8755780559541173,0.8553147217201368,0.8649429923559635,0.2537584719891764,-0.6109507530138224,0.9552976839972591,0.9319752291256397,0.932633018678638,0.9428151557800246,0.9509677551850628,0.9629000669800347,0.9629386021250703,0.9194681261870382,0.9562409552106985,0.8155896785063177,0.6424666695468029,0.9223829799441587,0.9340003443238658,0.7469185969310168,0.9226682742907983,0.9431174143445542,0.8128057556509249,0.9707109583832882,0.8354022992899165,0.6070293932429047,0.6901104084158625,0.8457817308774866,0.838283525707904,0.8338139686964741,0.9781049308689332,0.9783329208744592,0.7153960556944129,0.6796855379683977,0.7850043859934294,0.30876910665803226,0.7624003761646819,0.7882825578463348,0.7837668862850125,0.7834984925324812,0.7316910261935746,0.7251787946828073,0.7033805276455982,-0.2777560924388551,-0.42477633989614844,0.6310617877817867,0.8832965033024153,0.9268596452948367,0.9368430210295392,0.9107598689581567,0.8129884993366974,0.9066314276507689,0.9285709579658759,0.9282312236629966,0.7556556023416892,-0.12817385239468848],[0.9948861125347581,0.9895711913470725,0.9929553593336438,0.9955866044537836,0.9981974167300929,0.9892951986894959,0.9990875150234683,0.9996707389426164,0.9998423820638448,0.9669931596892164,0.9996766565956898,0.9996550412434165,1.0,0.9996917328708115,0.9988390054771953,0.9986293874758289,0.998956165908931,0.999488660443407,0.9994814805405202,0.9996734202900932,0.999647160094329,0.9928866005982664,0.9778139870151282,0.995937739999652,0.9958281075276555,0.9855573955189364,0.9773695916949244,0.9471384105016608,0.9883306069736104,0.9921792287789069,0.9909300867066446,0.9667927442347161,0.9987758212934436,0.9990884603417262,0.9992754411217121,0.9999190995795649,0.9989014912296382,0.9990726696863663,0.9980618303510983,0.9980098007751467,0.9987696678031901,0.9986968962112461,0.988098510814874,0.9289009090344543,0.7137658729030572,0.9387337239470961,0.9178671834116624,0.7871619615043242,0.9522131703369444,0.9301158504503809,0.9533058742256989,0.9486474721390342,0.9410632639104939,0.976444406105171,0.9750234524182494,0.9602589557717195,0.9520130381596472,0.9631635265106958,0.9661703673231582,0.9649307589910616,0.9642364914154131,0.8888722839490186,0.9397393664677407,0.947758145734499,0.9474561560378781,0.8657424363850004,0.9594814163449664,0.9374370515593133,0.9597045180095474,0.9583846647138338,0.736647259272297,0.821980235011182,0.783402866374696,0.8400936307102838,0.8702007511210147,0.874785263392251,0.8636394336754863,0.8640351206473067,0.2389668812989625,-0.6054156240725328,0.9545087710412598,0.9316855702102163,0.9316344019668202,0.9629867091371098,0.95047292518387,0.9617816728713983,0.9617730806907115,0.9194272548377408,0.9566003559776425,0.8222345077786483,0.6428888135956019,0.9228806974416593,0.9348270951779493,0.7444041663463761,0.9208878460748448,0.9416095740505339,0.8137087426646474,0.9733026717965035,0.8297585257759017,0.5985579146563377,0.6855281639642419,0.8369678398284757,0.8329465377433275,0.8258128992223223,0.9799471299126837,0.9801349256067456,0.7062735761124165,0.674361293170934,0.7646397439582902,0.3084820753563994,0.7524507968082869,0.7769865528909953,0.7534820778996759,0.7724635342269889,0.7294624709718,0.7151594620465355,0.6936223719113173,-0.2843539797809249,-0.4297879263239611,0.6306529941214718,0.8810421875808598,0.9281171786026438,0.9321882720060015,0.9098927240605603,0.8051523500111221,0.9002922256228368,0.9213814149119246,0.9217300344939716,0.7491965627682219,-0.12647965874445452],[0.9955547750702649,0.9896175418266588,0.9911948108304406,0.9960645901012223,0.9983779910128585,0.9881884133129907,0.9990573941174402,0.9999979384443071,0.9999902305705739,0.967767259506022,0.9996844893918222,0.9999976644697456,0.9996917328708115,1.0,0.9994798797297988,0.9978481857896211,0.9993620788879471,0.9998960706314068,0.9998952801892098,0.9999602020426184,0.9999926057559883,0.9910271053137214,0.9763407753768718,0.9944669746294184,0.9943017408870958,0.9856295172145829,0.9747719442521674,0.9448163605552363,0.9916871818026898,0.9944945422324167,0.9917599145182526,0.9689284551570886,0.9994494206748843,0.9995084573495956,0.9996349452014585,0.9997166393708313,0.9989067786216431,0.9994419101081439,0.9986722104717659,0.9986266144488221,0.9995168369545241,0.9993837283535193,0.984256234125132,0.9287565233278112,0.7174180285599476,0.9387134837158045,0.9178984746005808,0.7872429452171303,0.9565652395988242,0.9366970008860838,0.9582935129923588,0.9517367894209813,0.9447148414712264,0.9797984592114642,0.9769180792423744,0.9373414278867014,0.952233729593327,0.9627286715933202,0.9667150707666357,0.9649366136624671,0.9405189708870055,0.88479712415959,0.9420879805999506,0.9489475123757537,0.9279102878303723,0.8670300694449804,0.9591796345409225,0.9261035491672401,0.9578132329103861,0.938111256085549,0.7322371357831906,0.8243262782357138,0.756000540412628,0.841844218674913,0.8685457348362229,0.8752677309017186,0.8550501712076922,0.864677158584459,0.25376592241573165,-0.6107605537313656,0.9551353990930199,0.9317703608025879,0.9324653518225735,0.940798066118217,0.9509080813294178,0.9627379469724556,0.9627723365196418,0.9194200568038683,0.9560931179249014,0.8156154428219986,0.6423177173119424,0.9228358986507097,0.9344012902286823,0.7466152440806898,0.9225012941734089,0.9429766029301289,0.812522019413517,0.9708991314858378,0.835010972246932,0.6058674776090562,0.6893100851766474,0.8453538233239558,0.8379068243093809,0.8334330981892374,0.9782397708886755,0.9784642021486907,0.7142838506140693,0.6786738908109423,0.7844294003946181,0.3082189958539045,0.761703041759126,0.787538556283765,0.7833745335300907,0.7827023653238588,0.7311916918430463,0.7239104565299859,0.702119822499468,-0.27857521128750673,-0.42549325143249805,0.630809705264118,0.882706044392318,0.9265936265740686,0.9364066369816004,0.9103684166935778,0.8122442165742537,0.9063185000210615,0.9280980900190189,0.9278884411485806,0.7551099306710471,-0.12742155007116118],[0.9974558059541917,0.9924430558764126,0.9885730863873883,0.9976969016549139,0.9988869782421211,0.9873152389179589,0.9991881319937858,0.9994578029291858,0.9995264067796611,0.9732201318261471,0.9995497259830388,0.9995085014981391,0.9988390054771953,0.9994798797297988,1.0,0.9984147168216023,0.9998086822989409,0.9996031373528802,0.9996106628652033,0.9996608115249414,0.9994877480302298,0.989161704006682,0.9745349231099646,0.9915347233114238,0.9912266441994984,0.98797153309673,0.9712079542671906,0.9443483552243692,0.9941824134229843,0.9952918687672689,0.9929181664929503,0.9725568252996379,0.9997578014292378,0.9997599648312523,0.9996249410906476,0.9990811466069077,0.9994637862179399,0.9997521485250274,0.9994627795554756,0.9995835675506659,0.9997835914338504,0.9997268514292007,0.9803395576369441,0.9276561059661319,0.7292931209382914,0.9334250020951673,0.9185158641565524,0.8015098800790004,0.9627224163438455,0.9442209194533039,0.9643748953250689,0.957765954968727,0.9510822317609452,0.9838906383122926,0.9799748083694307,0.9441173667844787,0.9560818044291255,0.9678438572780118,0.9701143346008421,0.9699944725232329,0.9472717312373963,0.8887069273307401,0.9481335341972306,0.956386559440417,0.9368650437035388,0.874486684861147,0.9617759754021556,0.9303290009766555,0.9619695661889464,0.9445844206872881,0.7339484212307517,0.8337184083789241,0.7679826025382871,0.8506831346476909,0.8744891602271364,0.8804103428278183,0.8632081520900424,0.8724163080873951,0.25935155574081037,-0.607396810478635,0.9597544196911281,0.9382001996137799,0.938928771539256,0.9489982198538747,0.9558543197092818,0.967234408813322,0.967342125290464,0.9249060783559465,0.9616215333530366,0.8202377627487909,0.6445599058709301,0.9089408054709492,0.9258885969152136,0.750552837736497,0.9235616052176739,0.9435242976506166,0.8134861497667892,0.9658971741007425,0.8434780696126557,0.6206549595955044,0.6974341218579757,0.8523642374033151,0.8444019357773482,0.8405244991638927,0.974680875199123,0.9749708254115151,0.7251797807730114,0.6870802336201959,0.7961643623045148,0.3186484915888529,0.7723933951616015,0.7986388366113781,0.7959474914787678,0.7942136222638938,0.7389138568407547,0.7325122563241007,0.7111877860639624,-0.2597956037908769,-0.4083998622724638,0.6428759828988577,0.889720549888203,0.9347010019790537,0.9444472058753304,0.9153359720338587,0.8232078489296654,0.9169103932661515,0.9370261228843143,0.9372109273311756,0.7652014859407449,-0.14351018497257],[0.9969754853782444,0.9944976886443583,0.9910739954301265,0.9974311164483833,0.9985748076538749,0.9904703284469397,0.9972071180894434,0.9939302441806769,0.9986529147391794,0.9699113837845104,0.9991621240973105,0.9950243224763392,0.9986293874758289,0.9978481857896211,0.9984147168216023,1.0,0.9989069733343846,0.9984077911755377,0.9984061023528003,0.9984823246655399,0.9977409435985191,0.9917164892066054,0.9779378328873131,0.9800782146983592,0.9893387037274417,0.990942399106928,0.9755717780963681,0.952493641073892,0.9932824168578707,0.9921933895713264,0.9898197356413356,0.9679298506203581,0.9982240258346452,0.9984829932670857,0.9984523327160353,0.9979817490437778,0.9994224115855623,0.9986453393289004,0.9985815773302358,0.9983423979450822,0.9980858863856806,0.9981955468764506,0.9811098214147258,0.9235964763494958,0.7250904279529988,0.9332665277651854,0.9231368603764865,0.8077064004331543,0.961256763504545,0.9431066449438831,0.9636343452248373,0.9516421847614821,0.9431074116795245,0.9811220651200239,0.9760919668801908,0.9536445751065026,0.9613072907367144,0.9716135952092444,0.9712856877067038,0.9728121528704841,0.9555525729159832,0.89842611205523,0.9450530924429176,0.9556876124905814,0.9424671185650242,0.8798113549877727,0.9656481842228001,0.9432020754983226,0.9676175267289948,0.954491839490856,0.7523275209810367,0.8321053883261157,0.7798681806438734,0.8507106468286102,0.8833736781765179,0.8823105828728753,0.8694094101269555,0.8789408196160321,0.2846838787994528,-0.5853722706224248,0.961017736813734,0.9438400192880527,0.9425030197667487,0.9587233171551414,0.958957595925573,0.9676929110576045,0.9676780267280656,0.9301070768273534,0.9659541774967026,0.8344803500947309,0.6468297151057674,0.9052890659212816,0.9254682746838084,0.7465288272904703,0.9193270635225808,0.9395871506953826,0.8144822832498771,0.968716500992423,0.8388863849405173,0.6028173093124682,0.6867867783947345,0.8434650372515814,0.8403895131969923,0.8329367657098589,0.9757648887032621,0.9759067764612268,0.7049028803120464,0.6746227587926631,0.7878924990668347,0.31911705835323817,0.7596773959794492,0.783447497418299,0.7946482428641156,0.778767960662463,0.7301536407230095,0.707787190877305,0.6873077786940476,-0.25777125629621855,-0.4045111189303735,0.6384220393632021,0.881548114057321,0.9344306035760706,0.9383507761934766,0.9082716026029273,0.8066525897753718,0.9174117090718211,0.9307607700899878,0.9359891101812575,0.7640470953874736,-0.1521452006336596],[0.9981658123875256,0.9953199724446475,0.9905323118388079,0.9984998060537085,0.9992213777862865,0.9892559308303651,0.9999024007441786,0.9993429846988439,0.9993331910960944,0.9753808144221514,0.9991757415176814,0.9993915396772449,0.998956165908931,0.9993620788879471,0.9998086822989409,0.9989069733343846,1.0,0.9996713945353369,0.9996750235113655,0.9994575138977578,0.9993766797421627,0.9931919974993074,0.9783904870692055,0.9944851018462212,0.9940942123519567,0.9902767955241493,0.9766568231283606,0.9485350465190683,0.9915524612758059,0.994448987069971,0.9920328676776661,0.9724730706371668,0.9998701830481734