var config = { responsive: true }

var correlationClose = {"data": [{"type": "heatmap", "z": [[1.0, 0.9999816529382362, 0.5492381501206728, 0.9996934543052536, 0.9973450185087133, 1.0, 0.9904412820950906, 0.9858202240235299, 0.9910581152934768, 0.9725742224922833, 0.9805698738457017, 0.9904876151735661, -0.14189249116772248, 0.9905555923431005, 0.9906041689412538, 0.9933604498448347, 0.4906905384490744, 0.9916120117159921, 0.9915978980150219, 0.9833697199172677, 0.9904753070362616, 0.4442712720876892, 0.6475955492813167, 0.9769370768607648, 0.9769118793385744, 0.9551146720095418, 0.2906685192829542, -0.12697880277203327, 0.9898883657234038, 0.9898493388313054, 0.26594271325842467, -0.21255644788588687, 0.9934989302674279, 0.9944032964066174, 0.8026420268173418, -0.39461049096798967, 0.9865794408040881, 0.9941150922472901, 0.9940439372391654, 0.4735274480886674, 0.993697569123081, 0.9936837505579192, 0.993697569123081, 0.8922606245868787, 0.6803495477900712, 0.8601466037406277, 0.8813939242160482, 0.7984057895284327, 0.39617440260323267, -0.12008306799974747, 0.1938728651667186, 0.9471369094171564, 0.4849613813417767, 0.9774967603649267, 0.9714707257384001, 0.9109759691304461, 0.9033460984376341, 0.9300674107566538, 0.9031598857582036, 0.9266198775194725, 0.9274567068123558, 0.9266198775194725, 0.836020822031279, 0.9037139866167951, 0.9048762534906177, 0.9037139866167951, 0.8887846250067479, 0.7208522697148156, 0.8647399998198255, 0.866463333611575, 0.8647399998198255, 0.6063544228886705, 0.3005379919960135, 0.5820930748385196, -0.5996972337024691, 0.4735777860300182, 0.5338423209919095, 0.5354636361945216, 0.5338423209919095, -0.09469949579266983, 0.8760416728487196, 0.9071486689170899, 0.888838586333017, 0.9124736256345956, 0.49651553570983226, 0.8737473019549404, 0.8750736855204532, 0.8737473019549404, 0.8849670328596225, 0.8849670328596225, -0.16946143236366318, 0.5273810571269788, 0.20178365405223314, -0.5290390023993592, -0.5532686901978267, -0.5570234580390542, -0.018089109409303767, 0.042323124394997476, 0.2731017202639876, 0.16645605850857764, -0.3393460287840098, 0.07364143766438076, -0.79015394645552, -0.192622374644448, 0.11024891332451803, 0.11048061641698176, -0.528843778937568, -0.6090632390719486, -0.19337234250458443, -0.4728256811742096, -0.8303965876936458, -0.33243052307005894, -0.3231611396801332, -0.33243052307005894, -0.17521272975620078, -0.23790772793621212, -0.23790772793621212, -0.8194057521257089, -0.8194057521257089, 0.4028306785495588, 0.6635622997790146, 0.876108730175443, 0.8547850626657936, 0.7934276093442865, -0.22860213882292463, 0.7727093487903576, 0.8132380521191306, 0.8135014502302815, 0.8132380521191306], [0.9999816529382362, 1.0, 0.9665552776140125, 0.999150610420975, 0.9931931235123478, 0.9999816529382359, 0.9761289659107684, 0.9663361813331937, 0.9758910214950153, 0.9559393999881733, 0.9782082434529382, 0.9761830985284973, 0.9761399166187301, 0.975939780841351, 0.9751297544857183, 0.9843006853500597, -0.21761004055204858, 0.9820052766774959, 0.9819741596704439, 0.9762585228928816, 0.9762482100776071, -0.16781356890907934, 0.9652824783429206, 0.9686641841836406, 0.9687436321527421, 0.9553747266129711, -0.00889673149640093, 0.1422858530426418, 0.9746515046851428, 0.9747284346684469, 0.9702614976687848, 0.11933843997243791, 0.9865282553161929, 0.9866275644496671, 0.9874493981043393, 0.9786083959446028, 0.9847633463665825, 0.9865304817462659, 0.9872274081045904, -0.2246811751558416, 0.9875648301310336, 0.9875429592980918, 0.9875648301310336, 0.8923602082081765, 0.5760335085893262, 0.860532422011815, 0.881561554684421, 0.7976643147330384, -0.4503643114199172, -0.5539280767912802, 0.8395443197914714, 0.8612847475331467, -0.1510293657841126, 0.9351117567748878, 0.9351656481560147, 0.9166113955140548, 0.9273663916482612, 0.9032813518186931, 0.9029468973869217, 0.9104042696948589, 0.9112025012130875, 0.9104042696948589, 0.7603522168084327, 0.7196777959978682, 0.721786549288397, 0.7196777959978682, 0.9212103934427062, 0.9267450857886189, 0.920945776357152, 0.9222666146021418, 0.920945776357152, 0.4207904462664157, 0.3644085505564484, 0.4869327901889884, 0.590154131942862, 0.4660703120303094, 0.5102320712924405, 0.5110774317075234, 0.5102320712924405, -0.20885552448889003, 0.8567346428487349, 0.8954603485949344, 0.8808996613067253, 0.9241945421197741, -0.01669200314007857, 0.8501104899085034, 0.8505225101638837, 0.8501104899085034, 0.86212293458407, 0.86212293458407, -0.2751756185412886, 0.528112890887761, -0.38131893938699607, -0.6191331650776482, -0.46359826237435237, -0.4669659010711408, -0.2863976460507031, 0.21032780963132275, -0.20101235081055635, -0.36837108025975673, -0.5501226838365373, -0.2686404141320635, -0.5020892286159028, -0.3220532189994421, 0.08440884829004888, 0.07904974613930987, -0.4808265269216765, -0.434369775093589, -0.4621857942726201, -0.49187889512965444, -0.4843895304133687, -0.46486182865255316, -0.4680778892839117, -0.46486182865255316, -0.35602424301901103, -0.48841419362240784, -0.48841419362240784, -0.4644877297173297, -0.4644877297173297, 0.40271194076239447, 0.4262600928605004, 0.5237325040711034, 0.6087428881215827, 0.5840964510581629, -0.3773886493894199, 0.3963109888732653, 0.388384161341785, 0.3884935226795839, 0.388384161341785], [0.5492381501206728, 0.9665552776140125, 1.0, 0.5421496280644665, 0.4212685975007158, 0.5492381501206727, 0.5392375814789381, 0.5267955246417679, 0.4288448560545658, 0.36631997141542216, 0.9965004975305087, 0.53925822415449, 0.5192213586892622, 0.5396180816039071, 0.5418371722243855, 0.5789935596884178, -0.08116607452803326, 0.4810243965215833, 0.48019298819583756, 0.429904597748501, 0.5382249964895167, 0.20210501525377092, 0.6796205003993862, 0.5036753924295982, 0.503383877534315, 0.9815566211720044, 0.27441318334981085, 0.1814079049531506, 0.5065997686962448, 0.506086457646347, 0.7714783716549721, 0.005249275466502325, 0.5380348307278564, 0.4288845944102161, 0.5300921831120187, 0.37274415491880286, 0.9936829326214187, 0.41460938212982834, 0.5407853097020814, -0.08678414849343882, 0.5540271799287388, 0.5362329781793153, 0.5540271799287388, 0.8999054103742233, 0.3929559225894649, 0.9031537096667351, 0.8680411927312638, 0.6492978479360845, 0.20182709068955604, 0.0018861695396292337, 0.06255227484641554, 0.4066340517555319, -0.06317856182962282, 0.49947404954312463, 0.427229360974744, -0.0833594738651145, 0.6657276892012447, 0.6278499625675891, 0.4513748051922704, 0.6339586120690557, 0.7044502050528688, 0.6339586120690557, 0.2959209436019237, 0.5283050728576372, 0.6349388472793265, 0.5283050728576372, 0.5309029671300576, 0.6119018058381376, 0.6495745028395536, 0.7263979338428357, 0.6495745028395536, 0.17470182089081598, -0.08108777429810828, 0.19482734325380013, 0.16146259430097862, 0.19397533602545416, 0.26562878916379606, 0.3829742121899918, 0.26562878916379606, -0.16810364826727067, 0.40530051626166674, 0.7900716400922221, 0.49133217389656364, 0.7212730312361011, 0.11745671605373077, 0.477151761603413, 0.4774803136335882, 0.477151761603413, 0.6147590468728651, 0.6147590468728651, -0.2996566543334046, 0.7103449145472445, -0.2343533143431972, -0.5061379342302342, -0.3729383780677294, -0.37666463027598557, -0.3813193101939384, -0.004742948577066178, 0.027206772961200835, -0.24082866554581153, -0.48952379380298566, -0.12576673548422795, -0.20545848158704974, -0.19488677962575843, -0.042482278357707244, -0.04628633192713211, -0.4325980684968295, 0.027087769427789937, -0.20596478301983068, -0.46886886152637886, -0.09283376321809024, -0.3418605014583768, -0.21741287070587012, -0.3418605014583768, -0.42787138750333564, -0.4959192176972428, -0.4959192176972428, -0.22502422386499785, -0.22502422386499785, 0.3230278883398796, 0.12369898429161066, 0.2352723261471833, 0.48243392903038734, 0.19946575023705654, -0.2877439475975655, -0.04010513464002551, 0.44327923253170115, 0.5602101987739586, 0.44327923253170115], [0.9996934543052536, 0.999150610420975, 0.5421496280644665, 1.0, 0.9985590872320076, 0.9996934543052534, 0.9921036564573779, 0.9879691224623445, 0.9931074805916001, 0.9702931996700498, 0.9860134327447326, 0.9921375537295689, -0.1465997389757172, 0.9921764580131128, 0.9922169469565528, 0.9949713788987891, 0.476631642449558, 0.9930387223022109, 0.9930264661917052, 0.9838716786850803, 0.9921170015389005, 0.4353604176601861, 0.6507872315647677, 0.979980528077031, 0.9799560436166982, 0.9669060626166052, 0.28540865846112273, -0.13457967270966964, 0.9897131510494506, 0.9896852473578711, 0.2572264588917431, -0.21359123510546493, 0.9943439720873369, 0.9955623386822062, 0.7604078197734963, -0.4006590994179963, 0.9905801531480048, 0.995522111037051, 0.9947021689317506, 0.4590816645325177, 0.9918200768733271, 0.9944276961035018, 0.9918200768733271, 0.8909621204854616, 0.6675295109392745, 0.8691080574419754, 0.8769216173175031, 0.7748565330821368, 0.39051015596341837, -0.12630210279359474, 0.18709042159639835, 0.9413248093804089, 0.4687727944296505, 0.9731991965716542, 0.9686465900440737, 0.8856216920388315, 0.8935456290949108, 0.9143598942631933, 0.8976489551659727, 0.906018949480256, 0.9071799880909389, 0.906018949480256, 0.8254808445456916, 0.8896512792669408, 0.8909310116490373, 0.8896512792669408, 0.8839043217546607, 0.6506372332018652, 0.8184481299372135, 0.8202156473084726, 0.8184481299372135, 0.5957604981660074, 0.09680219574782027, 0.5694108317418415, -0.6050933099104417, 0.4664918649650998, 0.27724430839761377, 0.5028044366320635, 0.27724430839761377, -0.1017658687737453, 0.8687261041509947, 0.895269351878157, 0.8778726494677074, 0.8845137966257087, 0.4833662690151424, 0.867507677959869, 0.8690136677601712, 0.867507677959869, 0.8616685504329556, 0.8616685504329556, -0.1761634331894633, 0.5570212870030495, 0.20651518026373694, -0.5402170506180161, -0.561429852579546, -0.5650897344831909, -0.031033233018468977, 0.03637914999205607, 0.2657335857801869, 0.15356633509455522, -0.35275004377551206, 0.0667819349746346, -0.7973294421228464, -0.20087234161888518, 0.0985374276098074, 0.09881599840255648, -0.53669834854451, -0.6060203205798047, -0.19537297374081117, -0.48593841280819017, -0.8331528787425128, -0.3344701952459021, -0.3257673201826128, -0.3344701952459021, -0.18514577950766462, -0.2485612143587094, -0.2485612143587094, -0.8199420267196604, -0.8199420267196604, 0.38753025329311686, 0.6513141183320211, 0.8686026784609258, 0.8473337191973099, 0.7860602624835079, -0.24263813763882278, 0.7638812558986995, 0.8047253300893691, 0.8049979066471099, 0.8047253300893691], [0.9973450185087133, 0.9931931235123478, 0.4212685975007158, 0.9985590872320076, 1.0, 0.9973450185087133, 0.9966243362253462, 0.9945223186964869, 0.9968120894581567, 0.9592953233143099, 0.9949497014400455, 0.9966442048159996, -0.3631600276729532, 0.9966760433089703, 0.9966864781062857, 0.9977539528562662, 0.28681504128650503, 0.9972475353447582, 0.9972411267114659, 0.9856371560556116, 0.996632424567328, 0.061784166442019714, 0.6052190003436451, 0.9900351661121313, 0.9899888101110561, 0.9825573612173117, 0.021981683905263782, -0.12121074832280786, 0.9880511108350813, 0.9879944552645025, -0.06764255380929357, -0.1129170477047452, 0.9976641510741294, 0.9976070031336968, 0.7323382085967952, -0.5483929137698061, 0.996953853026472, 0.9978366952641641, 0.9979376466765463, 0.2633208381086355, 0.9976312833159764, 0.997631367901163, 0.9976312833159764, 0.9068652739764246, 0.6286025400126525, 0.8929773248377936, 0.880165904755408, 0.7388595960826185, -0.09292809691522803, -0.5748916811531124, -0.23960191434797934, 0.9262737150333731, 0.32614028289838415, 0.9664528995810795, 0.9665153635465558, 0.8776583319771468, 0.8690762768148566, 0.8976074851173811, 0.881409688552415, 0.8955135726105443, 0.8959977124541124, 0.8955135726105443, 0.7933127770123808, 0.8279791341805098, 0.8294966455221384, 0.8279791341805098, 0.8695116184734925, 0.7551238104585997, 0.8490883319514896, 0.8501883657389374, 0.8490883319514896, 0.5442318425607432, 0.4061559843145366, 0.5264466379190209, -0.6560798161598116, 0.5213097427730048, 0.4978474691980463, 0.4975580672656442, 0.4978474691980463, -0.12152266767102433, 0.8459143943472608, 0.8612814341874816, 0.8475775979671, 0.8881672659812093, 0.3459318613979683, 0.8477502453970335, 0.8492051138436044, 0.8477502453970335, 0.8562303685467634, 0.8562303685467634, -0.22116095057427004, 0.621586610302613, 0.060517063982276846, -0.5764288060415719, -0.621876518124138, -0.6223001804615925, -0.06843590404959454, 0.057242521734431395, -0.13447750970138647, -0.09961526717930291, -0.4446141150235358, -0.30911864805835776, -0.8659558051230591, -0.505053498647161, 0.06294612263512359, 0.06305416030210965, -0.5688564406355423, -0.5973302768583433, -0.49972488816054006, -0.5315112993557478, -0.8030934079397767, -0.5578679950092676, -0.5603587271717322, -0.5578679950092676, -0.23107578493966277, -0.288981625552736, -0.288981625552736, -0.7691670619560453, -0.7691670619560453, 0.3647738795605551, 0.6290146549122023, 0.8169579096008505, 0.7908531527325254, 0.7726146037222575, -0.3845546634421749, 0.6127099951126528, 0.6954384571662785, 0.6958646545102016, 0.6954384571662785], [1.0, 0.9999816529382359, 0.5492381501206727, 0.9996934543052534, 0.9973450185087133, 1.0, 0.9904412820950906, 0.9858202240235299, 0.9910581152934768, 0.9725742224922833, 0.9805698738457017, 0.9904876151735661, -0.14189249116772248, 0.9905555923431005, 0.9906041689412538, 0.9933604498448347, 0.4906905384490744, 0.9916120117159921, 0.9915978980150219, 0.9833697199172677, 0.9904753070362616, 0.4442712720876892, 0.6475955492813167, 0.9769370768607648, 0.9769118793385744, 0.9551146720095418, 0.2906685192829542, -0.12697880277203327, 0.9898883657234038, 0.9898493388313054, 0.26594271325842467, -0.21255644788588687, 0.9934989302674279, 0.9944032964066174, 0.8026420268173418, -0.39461049096798967, 0.9865794408040881, 0.9941150922472901, 0.9940439372391654, 0.4735274480886674, 0.993697569123081, 0.9936837505579192, 0.993697569123081, 0.8922606245868787, 0.6803495477900712, 0.8601466037406277, 0.8813939242160482, 0.7984057895284327, 0.39617440260323267, -0.12008306799974747, 0.1938728651667186, 0.9471369094171564, 0.4849613813417767, 0.9774967603649267, 0.9714707257384001, 0.9109759691304461, 0.9033460984376341, 0.9300674107566538, 0.9031598857582036, 0.9266198775194725, 0.9274567068123558, 0.9266198775194725, 0.836020822031279, 0.9037139866167951, 0.9048762534906177, 0.9037139866167951, 0.8887846250067479, 0.7208522697148156, 0.8647399998198255, 0.866463333611575, 0.8647399998198255, 0.6063544228886705, 0.3005379919960135, 0.5820930748385196, -0.5996972337024691, 0.4735777860300182, 0.5338423209919095, 0.5354636361945216, 0.5338423209919095, -0.09469949579266983, 0.8760416728487196, 0.9071486689170899, 0.888838586333017, 0.9124736256345956, 0.49651553570983226, 0.8737473019549404, 0.8750736855204532, 0.8737473019549404, 0.8849670328596225, 0.8849670328596225, -0.16946143236366318, 0.5273810571269788, 0.20178365405223314, -0.5290390023993592, -0.5532686901978267, -0.5570234580390542, -0.018089109409303767, 0.042323124394997476, 0.2731017202639876, 0.16645605850857764, -0.3393460287840098, 0.07364143766438076, -0.79015394645552, -0.192622374644448, 0.11024891332451803, 0.11048061641698176, -0.528843778937568, -0.6090632390719486, -0.19337234250458443, -0.4728256811742096, -0.8303965876936458, -0.33243052307005894, -0.3231611396801332, -0.33243052307005894, -0.17521272975620078, -0.23790772793621212, -0.23790772793621212, -0.8194057521257089, -0.8194057521257089, 0.4028306785495588, 0.6635622997790146, 0.876108730175443, 0.8547850626657936, 0.7934276093442865, -0.22860213882292463, 0.7727093487903576, 0.8132380521191306, 0.8135014502302815, 0.8132380521191306], [0.9904412820950906, 0.9761289659107684, 0.5392375814789381, 0.9921036564573779, 0.9966243362253462, 0.9904412820950906, 1.0, 0.9971100669691353, 0.9999671136149847, 0.9496304415021996, 0.9995609890578977, 0.9999960384212195, -0.16017059023357128, 0.9999921815650903, 0.9999195223945433, 0.9939618860389786, 0.42506008035753057, 0.9998301908266709, 0.9998303341312232, 0.9881738663045265, 0.9999962593828791, 0.3397656714652911, 0.6519712368033742, 0.9838866668423443, 0.9838888848547649, 0.9841176029918712, 0.20531488763504205, -0.1947386824765822, 0.9923704942321155, 0.9920690932109474, 0.15523871793062446, -0.2647587848799239, 0.9992841437422576, 0.9993721181657665, 0.3327347952891305, -0.3314789520572999, 0.9985845598644492, 0.999266221388619, 0.9982061810866921, 0.4059120589067233, 0.9288627714876754, 0.9990093771039571, 0.9288627714876754, 0.9151142472892311, 0.6304093817091254, 0.9171556782498508, 0.8891034333495039, 0.6889244912986956, 0.4192919337593774, -0.0700118522589119, -0.21220445448959468, 0.9241630452536613, 0.4254336237758942, 0.9686330820086546, 0.9610606947331428, -0.0935367257275612, 0.8155729987199136, 0.7939707031203953, 0.8405375421073601, 0.7868280441512482, 0.7561206194488315, 0.7868280441512482, 0.7470672977328501, 0.7560145635604166, 0.7567522248124923, 0.7560145635604166, 0.8257134125581739, 0.28951847263805275, 0.5088032889007279, 0.5968822353122737, 0.5088032889007279, 0.5106931148274694, -0.3647269772020344, 0.4703598977697866, -0.6690138555534082, 0.3852642589689034, -0.13542246440167033, 0.3561506904547622, -0.13542246440167033, -0.14716693487350077, 0.8010574423359043, 0.8056442499798987, 0.7967845018288475, 0.7278115511458366, 0.4303012329643606, 0.8052710393909593, 0.8074125223595561, 0.8052710393909593, 0.7117440818308862, 0.7117440818308862, -0.2589274769703339, 0.6753510056285367, 0.25751610503486666, -0.5616635743489918, -0.6059999516987848, -0.6091641958963757, -0.08514779861305963, -0.01714928814494627, 0.3661875357285938, 0.11278563545219668, -0.3834812681618265, 0.11514047619735611, -0.8253397786657914, -0.10631567771000835, 0.02481832628522672, 0.025172459796579984, -0.5843579908947628, -0.6115040139162317, -0.03656453882774769, -0.5701667423343618, -0.8455953472930153, -0.33218129779497546, -0.1570346901338537, -0.33218129779497546, -0.2679661594205622, -0.30087326843438694, -0.30087326843438694, -0.839783714580825, -0.839783714580825, 0.36103309627748903, 0.6046985293588021, 0.49471281503258413, 0.8090026838885698, 0.7610147489114442, -0.3031863428103946, 0.05890077691499014, 0.7672732251845806, 0.7858372467723804, 0.7672732251845806], [0.9858202240235299, 0.9663361813331937, 0.5267955246417679, 0.9879691224623445, 0.9945223186964869, 0.9858202240235299, 0.9971100669691353, 1.0, 0.9994441855330255, 0.9408383401954428, 0.9981434845424151, 0.9979247946428896, -0.17002674052966393, 0.9989704373420396, 0.9986618282142139, 0.9863816862128295, 0.4030033399757945, 0.999025349952971, 0.9990273452479951, 0.9851664433085227, 0.9991388553751619, 0.3118588926016373, 0.6506659338809535, 0.9916316141328009, 0.9814457166088731, 0.9792096145979263, 0.18464992664248311, -0.21033082218758034, 0.9886735124018966, 0.9920907159950298, 0.13402746448435143, -0.272217863448159, 0.9980999910167814, 0.9979845551118648, 0.3109049306028408, -0.3393177873718874, 0.9957980091354047, 0.9977801827664458, 0.9975400341027579, 0.3833378078424075, 0.9195909572249682, 0.9979384751406191, 0.9195909572249682, 0.9126360988225761, 0.6142963576100401, 0.9178804857150892, 0.884686101298475, 0.6599614795070525, 0.40558892321226503, -0.0861577505872997, -0.22636845964183847, 0.9146583550525883, 0.40411054677407016, 0.9637630982146753, 0.9552782164057655, -0.10499026393906359, 0.799244096918982, 0.7743253940219289, 0.8294017119960837, 0.7684278024783509, 0.7419597614955054, 0.7684278024783509, 0.7311243938675505, 0.7339141998819929, 0.7414602299347183, 0.7339141998819929, 0.8147938917595405, 0.2665941911222589, 0.4844280642352259, 0.5778572151622232, 0.4844280642352259, 0.49444434923805325, -0.3813043783259114, 0.45218305864875014, -0.678894058429278, 0.3745992072312896, -0.16008432768257946, 0.336975383994151, -0.16008432768257946, -0.1547302087857804, 0.7880141348406632, 0.7841982524595733, 0.779482086695962, 0.7109008147393782, 0.41304333389335757, 0.7929254828140808, 0.7953115511208978, 0.7929254828140808, 0.6902643743383169, 0.6902643743383169, -0.27692341476716703, 0.707802460560663, 0.26598675837241004, -0.5719543460017078, -0.6207579683305534, -0.6237186171144392, -0.10135565812352745, -0.026563015936825776, 0.3593438294715858, 0.09283054392393196, -0.3975984526371158, 0.10574633282933929, -0.8329179777789978, -0.11292182563967615, 0.007210020479632694, 0.007580736886119463, -0.5978162303059528, -0.6130878259876311, -0.0435279850794951, -0.5901249727028948, -0.8464099031968587, -0.3447001075090839, -0.1634020363631569, -0.3447001075090839, -0.2880125154344131, -0.3163698871518988, -0.3163698871518988, -0.8389738223264563, -0.8389738223264563, 0.33569296511548685, 0.5858384748297772, 0.4744686731326138, 0.7901946305428744, 0.7470054932328618, -0.32728955681187, 0.04360377178388519, 0.7471720290755993, 0.7694764376099024, 0.7471720290755993], [0.9910581152934768, 0.9758910214950153, 0.4288448560545658, 0.9931074805916001, 0.9968120894581567, 0.9910581152934768, 0.9999671136149847, 0.9994441855330255, 1.0, 0.9483475940165631, 0.9995031728960487, 0.9999681854300636, -0.3366868941052104, 0.9999728633853482, 0.9999322277737005, 0.998076711441868, 0.32202780407896225, 0.9997683611523392, 0.999768951442714, 0.9879444119042861, 0.9999652979978289, 0.1107659927016857, 0.6047598164192163, 0.9938698595383753, 0.9938114316606174, 0.9838903610514509, 0.005261978486632458, -0.13459043453982272, 0.9908706360423292, 0.9908405127494829, -0.04860298725165574, -0.22614400435823082, 0.9992990768696229, 0.9992593006469933, 0.7460227106272921, -0.5362646500147336, 0.9984881665144869, 0.9992476931721043, 0.9991474238295339, 0.29928611875731276, 0.9991395217446154, 0.9991448300595638, 0.9991395217446154, 0.9150090289155434, 0.6315349926720988, 0.9166207562832842, 0.8882350621092131, 0.6882051659047183, 0.015002232871840262, -0.519527710294699, -0.18822885124581246, 0.9192956329331056, 0.375339424554351, 0.9623748193076715, 0.9613583474579878, 0.8480481808826947, 0.8163218802596058, 0.8689370158489667, 0.8413237662413304, 0.8669004915820447, 0.8676931867596548, 0.8669004915820447, 0.7460713925170582, 0.808738079850776, 0.8104772349535532, 0.808738079850776, 0.8270653880774546, 0.7136267940349736, 0.8166698651638326, 0.8182472300469351, 0.8166698651638326, 0.5097030985799443, 0.3284975061080051, 0.46928799755901524, -0.701880605469756, 0.4451926604721584, 0.4081529736816948, 0.40822245773698385, 0.4081529736816948, -0.10218988332508012, 0.8014086121756587, 0.8053347685401507, 0.7968852905839359, 0.8591493579480387, 0.36034810508733234, 0.8115277839559119, 0.814070876223775, 0.8115277839559119, 0.8199753964725068, 0.8199753964725068, -0.26136021342421545, 0.6763066242446923, 0.08588687517027928, -0.5741433945400803, -0.6489808039582522, -0.6497723313584615, -0.08885157437745775, -0.015022237017364552, -0.14233271532352834, -0.07120274634670636, -0.43419216790438436, -0.34136784041547663, -0.8795967925097431, -0.545307035797197, 0.023516718410132354, 0.02414385803123476, -0.5863601074064407, -0.6075283159747827, -0.5096790241154661, -0.5724580610163854, -0.8223431687680175, -0.5821929802387027, -0.5841988905241559, -0.5821929802387027, -0.2705517444622087, -0.30456863644883925, -0.30456863644883925, -0.8024768572451193, -0.8024768572451193, 0.3615161735268516, 0.6035417165859955, 0.8242506129473728, 0.802396545364611, 0.7594657231990556, -0.33243347212839813, 0.6455931261998152, 0.7156362666686414, 0.7158000934269593, 0.7156362666686414], [0.9725742224922833, 0.9559393999881733, 0.36631997141542216, 0.9702931996700498, 0.9592953233143099, 0.9725742224922833, 0.9496304415021996, 0.9408383401954428, 0.9483475940165631, 1.0, 0.9190172800544794, 0.9496659486352016, -0.2829741222755273, 0.9493074308019984, 0.9485903240774817, 0.9506281944942335, 0.13712418512519367, 0.9555935562019237, 0.9555684129331683, 0.9498109530414269, 0.9498024737892902, 0.03836235476565296, 0.6574184439708689, 0.9516768713124852, 0.9518971645538524, 0.8071629587359866, 0.10349246477955869, -0.11613477880861384, 0.9582463238370845, 0.9583858244997194, 0.09132674268169724, 0.041708843506655865, 0.9600513780580373, 0.960333006853181, 0.8456103028472911, -0.46566063646641837, 0.9316105072558637, 0.9592349786170764, 0.960760591229265, 0.11402567156697306, 0.9614793881225416, 0.961442404784816, 0.9614793881225416, 0.7777792731366079, 0.4279089288585059, 0.7270319062160797, 0.8555534334169688, 0.8358069858687661, -0.5535187705169645, -0.6843702818318756, -0.31176300214964575, 0.8657214185813817, 0.0986767503835097, 0.8984790896568653, 0.898523271355651, 0.8529198755956992, 0.8453649026020429, 0.8798635677568318, 0.8561320393302396, 0.8714529944363619, 0.8723343717887077, 0.8714529944363619, 0.7936880670118998, 0.7716515620241122, 0.773794702205464, 0.7716515620241122, 0.8479644046750741, 0.869363840530947, 0.8460622490008393, 0.8468975446243975, 0.8460622490008393, 0.6131468897721432, 0.532841736864542, 0.6143493000103943, -0.4263227421128405, 0.6343349137697981, 0.656136596750025, 0.6593847454836689, 0.656136596750025, -0.25676938151396606, 0.8528828268979556, 0.9156824482343547, 0.8717317001385915, 0.870336123828172, 0.24181523623537848, 0.8445067029178791, 0.8459299022260865, 0.8445067029178791, 0.8569039903467767, 0.8569039903467767, 0.010946226030423667, 0.2532318144831629, -0.0812498401419754, -0.47636925606174635, -0.3893446390045599, -0.39123071719752206, 0.08330141050007543, 0.3789743635534721, 0.11527477468370728, -0.0007866210076402842, -0.3146248371211925, 0.02563964574621171, -0.8128716957576188, -0.13635716344496449, 0.2693040721037626, 0.2681125784347377, -0.34488874943389036, -0.4375885544710141, -0.2977783361707591, -0.3017845776022301, -0.6876981368569731, -0.31969115228549233, -0.3216013522810631, -0.31969115228549233, -0.054074713305665614, -0.3368553369224999, -0.3368553369224999, -0.5372703803408698, -0.5372703803408698, 0.5789734518770839, 0.6766125280467107, 0.7607747790468062, 0.668925084414162, 0.840202633751837, -0.43037602294548305, 0.3901808330107326, 0.5681839279818134, 0.5684732194423707, 0.5681839279818134], [0.9805698738457017, 0.9782082434529382, 0.9965004975305087, 0.9860134327447326, 0.9949497014400455, 0.9805698738457017, 0.9995609890578977, 0.9981434845424151, 0.9995031728960487, 0.9190172800544794, 1.0, 0.9995581308007987, 0.999554663963238, 0.9995047914117307, 0.9995413057443603, 0.9984508405241803, -0.3430318575876389, 0.9997147918217116, 0.9997189820718788, 0.999566986955332, 0.9995666920841974, -0.29196965111701045, 0.958714185812308, 0.9918355246650536, 0.9918073769041819, 0.987458389795761, -0.029988306822335168, 0.06705553922053521, 0.9890069645324405, 0.9890755267152579, 0.9705783140723571, -0.012774232703572601, 0.9986328035274983, 0.9985780575476433, 0.9983601313540893, 0.9992194262422217, 0.9991468016388462, 0.9986167279007607, 0.9983817776303121, -0.354051410956373, 0.9983066339369571, 0.9983179995182013, 0.9983066339369571, 0.9087992214127298, 0.49810943131875474, 0.9122426992553725, 0.8864033538177151, 0.6901119697560627, -0.5481583845306558, -0.6669934878770365, 0.7999273725903686, 0.8066418511420018, -0.2690226287426445, 0.9207230458467087, 0.9209056660933896, 0.841289700911007, 0.8518166730443693, 0.8158503371116309, 0.8187763682578647, 0.8255490908701382, 0.8265680445874413, 0.8255490908701382, 0.6408444953540194, 0.5940564649791834, 0.5965924212946138, 0.5940564649791834, 0.85296567115222, 0.8628594634692738, 0.8511929901033379, 0.8528068632721266, 0.8511929901033379, 0.2807097304635517, 0.2129538959202471, 0.34228436349850183, 0.465674117900141, 0.3319474549652974, 0.38437860678331054, 0.3871283016727731, 0.38437860678331054, -0.4119317115059289, 0.7558221162079859, 0.8099069815028945, 0.7881881886087332, 0.8506027107330119, -0.08026457829370874, 0.7478305033984829, 0.7483920243492641, 0.7478305033984829, 0.7633372018568612, 0.7633372018568612, -0.32433747605063556, 0.6671335922864868, -0.40058680535833696, -0.6639419532305764, -0.5464884851514268, -0.5486758728242102, -0.3516961278214923, 0.13844679495583284, -0.26278114759539756, -0.4227335216775547, -0.6039760986504114, -0.33584942187544464, -0.6289840115648787, -0.4013776424124113, 0.008953586423988216, 0.004634287187627761, -0.5595240564923935, -0.5231499401522884, -0.5412815375863296, -0.5755353455422008, -0.5699113909373389, -0.5450259823023105, -0.5479335830555413, -0.5450259823023105, -0.440533054313066, -0.5994369621198803, -0.5994369621198803, -0.6047332424651729, -0.6047332424651729, 0.3565906086325814, 0.3621188827968642, 0.47003319094829277, 0.555543330272486, 0.5545371830720524, -0.5445102888545543, 0.30423486454963294, 0.32473790640026184, 0.3249219250931794, 0.32473790640026184], [0.9904876151735661, 0.9761830985284973, 0.53925822415449, 0.9921375537295689, 0.9966442048159996, 0.9904876151735661, 0.9999960384212195, 0.9979247946428896, 0.9999681854300636, 0.9496659486352016, 0.9995581308007987, 1.0, -0.15982555508695567, 0.9999941232231329, 0.9999248412217987, 0.9947973369153591, 0.4251499356143354, 0.9998316494301245, 0.9998317686250019, 0.9882196233485104, 0.999996913099491, 0.34010632412542235, 0.6520499975841322, 0.9894220455850623, 0.9838774568002414, 0.9840993120246057, 0.20560592073887085, -0.1946828584826816, 0.9923652762974738, 0.992081547366756, 0.15549299403142963, -0.26472704090536225, 0.9992864250365237, 0.9993768682558968, 0.33270788527292317, -0.3312521838837536, 0.998586621899872, 0.999275420179019, 0.9982101086456953, 0.4060091362664974, 0.9288448609357696, 0.9990122526266955, 0.9288448609357696, 0.9151387149198712, 0.6305738031693603, 0.9174005783820037, 0.8893368373898864, 0.6890831292971759, 0.4197088753286207, -0.06953199225113015, -0.21181296179222184, 0.9242524821676245, 0.42552879944333294, 0.9687334280390033, 0.9611364733342486, -0.09333233538847377, 0.8157455108314451, 0.7940856716811987, 0.840662836242775, 0.7869407338733305, 0.7560563533223457, 0.7869407338733305, 0.7471421634462807, 0.7560775273447291, 0.7566805614533465, 0.7560775273447291, 0.8258851592070132, 0.2893825615822154, 0.5088161532605234, 0.5967871842604414, 0.5088161532605234, 0.5106284132905732, -0.3647476418030597, 0.4703075564422221, -0.668898931535454, 0.38513960456156554, -0.13555795449098926, 0.35619351478064487, -0.13555795449098926, -0.14732374677417742, 0.8011321478599494, 0.8057995716481335, 0.7968904146378217, 0.7278028312516657, 0.4303986454150636, 0.8053612343727217, 0.8074984726423297, 0.8053612343727217, 0.7118276178841815, 0.7118276178841815, -0.25891348294219285, 0.6753461754411314, 0.2576354979193543, -0.561672535544865, -0.6059113586216464, -0.6090817217974649, -0.08523331679127154, -0.017308109003440812, 0.3663656384048401, 0.11281368055669896, -0.3835194358436982, 0.11541171837690797, -0.8250514205396127, -0.10600995263878443, 0.02485303179256564, 0.02522454880069956, -0.5843472069583001, -0.6113153184312347, -0.03630148760776146, -0.5701467991324762, -0.8454775162800726, -0.33193923863770225, -0.1568159586406773, -0.33193923863770225, -0.26781603995772957, -0.30082944427432656, -0.30082944427432656, -0.8397243366745216, -0.8397243366745216, 0.36157604990512815, 0.6048638160398941, 0.4949764381828288, 0.809276128494302, 0.7611141096569006, -0.3029448193316944, 0.059200648081197065, 0.7675366004242948, 0.7859595574442825, 0.7675366004242948], [-0.14189249116772248, 0.9761399166187301, 0.5192213586892622, -0.1465997389757172, -0.3631600276729532, -0.14189249116772248, -0.16017059023357128, -0.17002674052966393, -0.3366868941052104, -0.2829741222755273, 0.999554663963238, -0.15982555508695567, 1.0, -0.15918125156438978, -0.15543962530751682, -0.13111666891450213, -0.29097655010381307, -0.1606534704027513, -0.1610614615526465, -0.28391288535049225, -0.16064222425194885, 0.02346802056815879, 0.30892425255424233, -0.1956612761508832, -0.19599933605902944, 0.9840776003179433, 0.24537160317302337, 0.18628740694936144, -0.1948183453124697, -0.1954388260377356, 0.5362179343330056, 0.1201766988058884, -0.1574969924783744, -0.32064698694940136, 0.16306715105956981, 0.9616761236658788, 0.9985842961213776, -0.3536108495189576, -0.1525332891915377, -0.2807736676875451, -0.15785940727723047, -0.158582653056812, -0.15785940727723047, 0.9152056727191684, -0.11959625839157471, 0.9173580967425368, 0.8892617267764377, 0.6890586320525385, 0.08376301525631219, 0.25786270110305964, 0.6445820963668022, -0.273916999366601, -0.29580032747621005, -0.07222716436478617, -0.31147510338227014, 0.02280166344356468, 0.2530705990047849, -0.027231408817902484, -0.3211072813666403, -0.025244330887966866, -0.01483283342101765, -0.025244330887966866, -0.42872748351725076, -0.11236765988848077, -0.11447672936370451, -0.11236765988848077, -0.2205370803724892, 0.06695042295565148, 0.0423145802255801, 0.04231257937749713, 0.0423145802255801, -0.4193207567335792, 0.007271162431713683, -0.3826528074591078, 0.6243383287530369, -0.35179113975937487, 0.007965890423333063, -0.06382049446046918, 0.007965890423333063, -0.3055871637543812, -0.35560606679409035, 0.8057864465319938, -0.1435185005414977, 0.009010930091991096, -0.21711359231005137, -0.2752235039967388, -0.27458036370879485, -0.2752235039967388, -0.03319130703719169, -0.03319130703719169, -0.23653534294457584, 0.6752635957764815, -0.16253835264994873, -0.007232570511659248, 0.20355379602646093, 0.20214588108702905, -0.24991416394674074, -0.01155701099970138, 0.020465509158718025, -0.17111152967368054, -0.10573685196791024, 0.044100211187475175, 0.39292706628357416, 0.11824251658089313, -0.04242101408630287, -0.04634055234109447, 0.09109528722490357, 0.5747908021216521, 0.09636225514838832, -0.1812865660381669, 0.6208396799702884, 0.10167543394441943, 0.10929467268084544, 0.10167543394441943, -0.23555419679240353, -0.1941910043008611, -0.1941910043008611, 0.3289721564014251, 0.3289721564014251, 0.36168579838404785, -0.25592480373566273, 0.014017632781511897, 0.08835381916502712, -0.25628097829445207, 0.07719539517923774, 0.15200689812536936, 0.10278412514732212, 0.10273540421089784, 0.10278412514732212], [0.9905555923431005, 0.975939780841351, 0.5396180816039071, 0.9921764580131128, 0.9966760433089703, 0.9905555923431005, 0.9999921815650903, 0.9989704373420396, 0.9999728633853482, 0.9493074308019984, 0.9995047914117307, 0.9999941232231329, -0.15918125156438978, 1.0, 0.9999369366787455, 0.9974264494803585, 0.42527467526042273, 0.9998348108737476, 0.9998348405537092, 0.9883883218549167, 0.9999941353521914, 0.3408134734879481, 0.6518825333025209, 0.9930067106690794, 0.9928891771601359, 0.9839653511732008, 0.2059086129023329, -0.19473053777994953, 0.993104343943372, 0.9931527630958564, 0.15631430965294912, -0.2645528529344062, 0.9993382278208485, 0.999376176462382, 0.33161211477927477, -0.33036186661407924, 0.9985195887372968, 0.9992789778313691, 0.9985237533780458, 0.4061600436230527, 0.9283062887732578, 0.9990699942820631, 0.9283062887732578, 0.91543053080834, 0.6313435113023466, 0.9177880164813799, 0.8897259814485516, 0.6887493555397689, 0.4211552957301237, -0.06786831696282708, -0.21201851557446103, 0.9246714426540403, 0.42583434593520725, 0.9691669779768938, 0.9615239080461966, -0.09438460776010982, 0.8160232086557335, 0.7940029681221512, 0.8409315744076983, 0.786900937152045, 0.7556664913578185, 0.786900937152045, 0.7473398526101735, 0.7560302175768465, 0.757112727398949, 0.7560302175768465, 0.8262448093631142, 0.28867503855974613, 0.5082789436022579, 0.5968242047264808, 0.5082789436022579, 0.5104457254725316, -0.3659604994260705, 0.47019463556581104, -0.6690537887573551, 0.38472311833845163, -0.1366009099565537, 0.3558310582427757, -0.1366009099565537, -0.14726530212176697, 0.801267162749205, 0.8053416213188298, 0.7969741469664102, 0.7174534345167711, 0.43080902045800057, 0.8054899153450764, 0.8076160008218655, 0.8054899153450764, 0.7116253409319248, 0.7116253409319248, -0.26066925989374384, 0.6763230139971301, 0.25816058153728466, -0.5616422937059935, -0.6063152442023734, -0.6094905495874413, -0.08646069705656419, -0.018630262403570214, 0.3666709949405966, 0.11233930091960485, -0.3838031183940161, 0.11548604368277611, -0.8241348225849903, -0.10585146739234111, 0.02374452505326984, 0.02411093966217011, -0.5850230564318225, -0.6116431361513178, -0.03570259023200928, -0.5716075479492235, -0.8454625136372215, -0.3318749654041873, -0.15624054100901477, -0.3318749654041873, -0.26888026061568343, -0.3013285697360961, -0.3013285697360961, -0.8400835582174002, -0.8400835582174002, 0.361751818162306, 0.6045457277388209, 0.49440166076199615, 0.8097377693757234, 0.7605484333160103, -0.3024378986811279, 0.058498006840485096, 0.767943479929841, 0.7865738662471984, 0.767943479929841], [0.9906041689412538, 0.9751297544857183, 0.5418371722243855, 0.9922169469565528, 0.9966864781062857, 0.9906041689412538, 0.9999195223945433, 0.9986618282142139, 0.9999322277737005, 0.9485903240774817, 0.9995413057443603, 0.9999248412217987, -0.15543962530751682, 0.9999369366787455, 1.0, 0.9975444271681433, 0.42443016845271375, 0.9997839597149295, 0.9997852168102548, 0.9883167218954592, 0.9999208354505583, 0.3416034392765284, 0.6534249066994641, 0.9923071543716105, 0.9832025340223309, 0.9839795237656281, 0.20697004230180222, -0.19376045140253048, 0.9922199846916586, 0.9922315424616017, 0.15912713509773035, -0.26535213514521444, 0.9993430540454773, 0.999223955626651, 0.3314554481145726, -0.326094479482261, 0.9984249237542903, 0.9992504683036222, 0.9985041903358071, 0.4053435439357426, 0.9271962275699451, 0.9990947249627588, 0.9271962275699451, 0.9139141624640352, 0.631496344467727, 0.9160324858631829, 0.8876779159394194, 0.6857883874844194, 0.42180994305305713, -0.06600980920095761, -0.2126746892930828, 0.9239794853454832, 0.4238367496230632, 0.9694810297304371, 0.9610467413575331, -0.09737760687470653, 0.8146749891525509, 0.7942458698171959, 0.8406574726306357, 0.7871338263910294, 0.7579286814310393, 0.7871338263910294, 0.7454854968955816, 0.7554515365684431, 0.7582441827609605, 0.7554515365684431, 0.8262975912211014, 0.2885777408476956, 0.5078528483307532, 0.5982444683482301, 0.5078528483307532, 0.5091158950718656, -0.3683803675644591, 0.468346658973732, -0.6666877254053157, 0.3830806419020552, -0.13770494324740404, 0.35609915894496935, -0.13770494324740404, -0.1507150915246137, 0.8006638965929402, 0.8041634795038156, 0.7960971923142751, 0.7297806638624079, 0.43126675272806214, 0.8050348263154596, 0.8074543911868151, 0.8050348263154596, 0.7116908559242127, 0.7116908559242127, -0.2612248788690561, 0.678741217576343, 0.2585682320447879, -0.5627070164487697, -0.6063453962921337, -0.6092237623379965, -0.08853911912692568, -0.020176565047369054, 0.3679553101985381, 0.11181678362790845, -0.3848226521391044, 0.11642805077841371, -0.8226184339845661, -0.10444374914683036, 0.022932388232814613, 0.023549290193036417, -0.5863531444037731, -0.6067881085218202, -0.03394939371267353, -0.5726022644974865, -0.843263018957012, -0.33104806906842277, -0.15485650991016656, -0.33104806906842277, -0.2691722959451716, -0.3041676237849535, -0.3041676237849535, -0.8379113495129495, -0.8379113495129495, 0.35907519222415163, 0.6023196519665124, 0.4924500485805286, 0.8104861451790395, 0.7589190205397301, -0.3034495811592199, 0.05640239374352332, 0.7686766776740585, 0.7879378356874001, 0.7686766776740585], [0.9933604498448347, 0.9843006853500597, 0.5789935596884178, 0.9949713788987891, 0.9977539528562662, 0.9933604498448347, 0.9939618860389786, 0.9863816862128295, 0.998076711441868, 0.9506281944942335, 0.9984508405241803, 0.9947973369153591, -0.13111666891450213, 0.9974264494803585, 0.9975444271681433, 1.0, 0.41820055747109314, 0.9977735041524112, 0.9977704068927317, 0.9838448811248077, 0.9973600027832437, 0.3595663835200044, 0.6767869511926519, 0.9706008340273552, 0.9786397444368004, 0.987966874401327, 0.23355208158095817, -0.16921701293947