var element=document.getElementById("correlationAdjClose");if(element.style.display!='none'){var correlationAdjClose={"data":[{"type":"heatmap","z":[[1.0,0.9999939607531585,0.9856708091909243,0.999928893070593,0.9991366243477845,0.9847451006246697,0.9979263071651733,0.9961766431426805,0.9695698209702668,0.9964827580732815,0.9946623528305587,0.9942378377586967,0.996289710254634,0.9963252860117466,0.9962212370326777,0.997705007775057,0.9979617916971951,0.9984190213839541,0.9967951802380336,0.996806768871781,0.9968416788429918,0.9962504387602142,0.9875401940643344,0.971704909314754,0.9901833088138066,0.9572812918070822,0.9892198380358277,0.9881275955714404,0.9687395561851584,0.9536355395196869,0.9928537798690785,0.9940987723587486,0.9926093290601405,0.9779281971052355,0.997831271731263,0.998037689932749,0.9976116136008815,0.9963470541689237,0.9959340570003907,0.9979341714072459,0.9987815498946494,0.9988268861222516,0.9977954664371322,0.9978059272311547,0.9769216818137372,0.9166062935895413,0.9507537006882489,0.9289617874482046,0.9302088949368631,0.9078637578889833,0.9634785593030444,0.9490938565483429,0.965227289256759,0.9665644369909828,0.9561019553422406,0.9844371720684999,0.9817535411528248,0.990602586174649,0.9944294375307103,0.9871315993401699,0.9829684505523366,0.9884720446929833,0.9867445874074202,0.989016942012314,0.9888533188009512,0.963331848303835,0.9756255510944801,0.9765326562121402,0.9762252335530854,0.9532802536781896,0.9811893997949809,0.9782683235547939,0.9854031453343579,0.984716129474032,0.9427787700201771,0.8917927584206183,0.8594182361916181,0.9074718813313954,0.9238320380077406,0.9213032226954309,0.9217939630311042,0.9204751831021897,0.7033253628895586,-0.5556953924632252,0.9813152038081955,0.9769336158101727,0.9737654699496691,0.9878239256437423,0.9751808277333904,0.984933252404235,0.9849345849051147,0.9491998463206328,0.9851551125952624,0.9521636783074012,0.7793856629454814,0.9098948071087077,0.930277990346434,0.8060262169226655,0.9522020117980893,0.9529683119669762,0.9005403771803411,0.9659776992759134,0.8955980590493248,0.596555149792024,0.7231016203802697,0.9026551250076043,0.8711409841504947,0.8938352182908738,0.9746182640122371,0.9748002588009017,0.7843127539717892,0.7409747184521005,0.8250242752215718,0.429081993216748,0.8040294071459403,0.8292604208875868,0.8244810556000903,0.8162869688347595,0.7832157287315954,0.7523638032190276,0.735579396155273,-0.2779752524686934,-0.4174468316393005,0.6650363852388534,0.891053682491007,0.9337127337620167,0.9417542453111566,0.9064791514928778,0.8257191819092807,0.9092670154652527,0.9271805845675567,0.9270599354210963,0.8612814360565331,-0.16160839007365937],[0.9999939607531585,1.0,0.9885074961881852,0.9998387861738773,0.9982949675103883,0.9899221655411926,0.9946491485151429,0.9918703026796066,0.9854055963255299,0.9918855044513439,0.991898716970267,0.9935685487695136,0.9920114939518855,0.9918863670952102,0.9919460556693079,0.9941205360081586,0.9966540158300378,0.9962843764671321,0.9942738167711669,0.9942755418724425,0.9919396780438955,0.9919838314616592,0.9920753161472907,0.9747636245830856,0.9887804010233401,0.9826639418480649,0.9887062393689416,0.9880894300078626,0.9814505627946623,0.9360388856333313,0.9893983388984794,0.9870757794898836,0.9810998490291378,0.9350401160082724,0.9956998779680509,0.9956068886894279,0.9958322925675521,0.9923886555802103,0.99534911503475,0.9958393297350574,0.9971097704637795,0.9972599485287769,0.995823442791551,0.9958308621897932,0.9901172590206564,0.9161814130056212,0.8908437583438082,0.9285469926814034,0.930045848120047,0.9078403461751823,0.8817017540057865,0.9255250958184771,0.8842459787549367,0.9134321786945417,0.8813511710338389,0.9556064778105541,0.9555813507767597,0.96942968327091,0.9847464103074242,0.982736060696791,0.9849099104765798,0.9805122765001009,0.9810499907053243,0.9822294430480927,0.9821602711829976,0.9503860112258619,0.9630134168710014,0.9404319220271502,0.9403233501289547,0.873944079948044,0.979633268586617,0.9811176189324248,0.9813043517655967,0.9809127829864022,0.9526574748419158,0.7733323345526233,0.731666661977327,0.8354868057491969,0.8974794956865468,0.8514383485148822,0.874952731724667,0.8737179239612254,0.7329766832300406,-0.20409031601947014,0.9706360423140774,0.9745582736945791,0.9704268414724554,0.9832910663070474,0.9681947651193146,0.973580716142681,0.9729955019973724,0.9314968874975444,0.9753609062137356,0.9344501236716722,0.6993860278736634,0.9093549772862886,0.9076934476912082,0.508614000447353,0.831956126479701,0.8365066835940933,0.7428976450583401,0.9668247572960845,0.7157899349781043,-0.2964111494677686,0.2203910107848263,0.7429238701614073,0.6919059357273823,0.7354992515381763,0.968364684638077,0.9683529869188768,0.146299713852721,0.3183152269972436,0.15272549709091113,0.12481237777538881,0.1462379770221201,0.16068010869046212,0.15764318152331122,0.0785708115957799,0.5102800355714325,0.24117491585349426,0.19044081839279184,-0.440694843231787,-0.4859228872764649,0.6651679463619665,0.7504655231732587,0.7745583090109524,0.8358236843822059,0.8172997279094751,0.571413878295774,0.7543259988911716,0.769024446144917,0.7678520144163158,0.42002886030651443,0.21643484966037357],[0.9856708091909243,0.9885074961881852,1.0,0.9870646410137931,0.9931750910677268,0.9915247136981133,0.9898431246662388,0.9905138398488318,0.9907755435393388,0.9932049504755243,0.9971949910384148,0.9963601800153179,0.990378087795399,0.9925706971609723,0.9905716009624654,0.9899999658531144,0.9908394433898666,0.9901452039659491,0.989226508302339,0.9891981168624631,0.9920763667878009,0.990398317283476,0.9948162503125471,0.9840661630222882,0.9912347146214204,0.9810108181864537,0.9918052856131452,0.9872633005685817,0.9863684375523484,0.9597245559145945,0.969664400749494,0.9738486772574027,0.9767913609041524,0.9543268088073217,0.9871511637571384,0.9902451203541858,0.9886210143986086,0.9921846439105445,0.9947439312960179,0.9910320657368938,0.9850548183839875,0.9878950867867583,0.9874986416972152,0.9868709560030513,0.9921638570677188,0.9116346080565223,0.9337227583235782,0.9416851691297674,0.9236392962095095,0.8642130486983491,0.9213224748318397,0.9043209604006104,0.9239870403831679,0.9280747215375232,0.9127854161757606,0.9495571368289559,0.9582636618266223,0.9667724343413835,0.9776571456448689,0.9401528741763603,0.965088041835609,0.9634796624147822,0.9703807178197417,0.9637279305236998,0.9383891333478785,0.922748102872998,0.946627639809072,0.9363055813806533,0.9175828462330935,0.8951831824881284,0.9708123482808028,0.9493643650779476,0.9632186530856608,0.9423302635350324,0.8282077709760906,0.8492809995432918,0.7666578039471078,0.867610626229442,0.8943496868383763,0.8959605077777968,0.8628778458850235,0.8772333883747526,0.40758186958573034,-0.5444794288237758,0.9607913992196592,0.9481796615642452,0.9475962135541804,0.9401696413576406,0.955262831847298,0.9632705281272907,0.9628488062627313,0.9338567855295963,0.9584598589269208,0.8791451446593721,0.76258828876373,0.9517083050184618,0.9511186470498308,0.7836113173145546,0.9389780046678515,0.9406623596630289,0.8728001094631415,0.9801213166651717,0.7756181265487936,0.5001630563749281,0.665792626801675,0.7969354427739286,0.7974653591166266,0.778082237473563,0.9824638620133521,0.982506630404412,0.7125853462950473,0.6866491323798899,0.710561961584042,0.375395309230448,0.7035363653930737,0.7138488386682021,0.7260662960000518,0.7126232437372491,0.7446250711187626,0.6859147797816174,0.6679959896177067,-0.3400057559314309,-0.4791163997466696,0.6306413451386182,0.8514284541004914,0.8805554911780517,0.8863961428636782,0.8775081757358706,0.7572204981008982,0.8582090909651157,0.8695885433167173,0.8769984623055919,0.7329309414568193,-0.08362250846541679],[0.999928893070593,0.9998387861738773,0.9870646410137931,1.0,0.9993777404495561,0.9859034678464552,0.99816507563511,0.9965974149205726,0.9718191930681787,0.9969408135177905,0.9953448378578064,0.9951275128321954,0.996692500955138,0.9968153908962288,0.9966414661014698,0.9979740754271608,0.9982935631558592,0.9986727923960727,0.9971627196450008,0.9971719547352836,0.9972304654751583,0.9966580080587756,0.9887402474739312,0.9731300865057049,0.991138467268169,0.959899607624267,0.990281862076303,0.989640882002644,0.9707400154072084,0.9548488209412762,0.9921687214138103,0.9936054204088282,0.992534162056238,0.9774961536665284,0.997910991314502,0.998227087930068,0.9978337741539277,0.996803417318741,0.9963786558793322,0.9981544320608985,0.9986753704280369,0.9989007677204256,0.9978711460073544,0.997878558572341,0.9787650386758031,0.9127695501722385,0.9486118541967374,0.9294248304226764,0.9287155531585407,0.9012050486954325,0.9605210098609335,0.9457906404048695,0.9621788183554396,0.9640632444174352,0.9532808378310549,0.9823276156677063,0.9802206215171575,0.989732728837618,0.9942243686981936,0.9857564002975129,0.9819539338391555,0.9872803242544529,0.9861957130293207,0.9877476923556487,0.9875760331752462,0.9537392289613269,0.9744557052627374,0.9750956025864114,0.9747836029824477,0.9483324140746491,0.9807880474750474,0.9755317000456624,0.9840288853466003,0.9833061855070161,0.9228651006726654,0.890362638445519,0.8556973766962193,0.9058472428615019,0.9211132628656197,0.9208555962870977,0.9194431133134552,0.9181643779653829,0.6129450543230673,-0.5551713005694575,0.9805505552237178,0.9758173891706183,0.9724298685034903,0.9864514439376583,0.9745048304564567,0.9842225558110952,0.984218080916018,0.9488945711987519,0.9837887412005935,0.9375866684686194,0.783297829091273,0.9152166427908027,0.93428401613848,0.8077554527290347,0.9534866377428807,0.9542796653606337,0.9000127419845375,0.9671953379869921,0.8893870540008624,0.5927541154488375,0.721270539523676,0.8970814290649668,0.8673946520180679,0.8879883494934757,0.9754312421031938,0.9756182741687033,0.7830380668667717,0.741118102677306,0.8169912235991793,0.43088157051081194,0.7981221980199432,0.8209503593236319,0.8160942224093726,0.8107767264917176,0.7854290859442429,0.7521281030019178,0.7354273287317646,-0.27338286357454894,-0.41672193675044583,0.6643753416418332,0.8890363238616463,0.9316942066543205,0.9398058064252051,0.9050892579061045,0.822803919745868,0.9071220034702251,0.9247677808282913,0.924795271792647,0.8539028802652794,-0.1544208096053071],[0.9991366243477845,0.9982949675103883,0.9931750910677268,0.9993777404495561,1.0,0.9887398993332084,0.9990954131676244,0.998557176672475,0.9840345782138318,0.9985575263648533,0.998162758054642,0.9981991592077809,0.9985842022263234,0.9985896418291433,0.9985892682976508,0.9990836354961574,0.9987398206304154,0.9993046152622513,0.9989007749587735,0.9989015425244262,0.9986437164837411,0.998578897143568,0.9945588425134538,0.9806968909620266,0.9950438057938021,0.9770919046721969,0.9950220127767275,0.992435304350089,0.9834090505943287,0.9581880605016879,0.989253544412252,0.9919293187551187,0.9898110021282509,0.969609967873954,0.9989378780546355,0.9989919561246687,0.9990106079385176,0.9986663464504167,0.9986855349813448,0.9989835227717694,0.9989796861553955,0.99920346960695,0.9989435165238055,0.998943425008445,0.9883131014125757,0.922713413329999,0.9478557821953502,0.9400194532167749,0.9323238086791378,0.8968510273226675,0.9473997613844184,0.9403471291119291,0.9516791875637994,0.9576242517646095,0.9462737816790713,0.9796459851792775,0.9795571274431248,0.9896802481770811,0.9940417006656547,0.982598448413098,0.9766467354817716,0.9829966899580073,0.982591571004876,0.9833517742662048,0.9831721400937924,0.9541308505726278,0.9663482605353362,0.9611035206033746,0.9607471965573381,0.9232356082475897,0.9781881241442542,0.9745422413955623,0.9803155308247719,0.9795448762664951,0.9404309980590618,0.8708871693392698,0.8341668294916865,0.8914809261025611,0.9259233484316407,0.9107850103189972,0.9177301256375434,0.9166532520419562,0.7582371415137428,-0.565213398914172,0.9746763700997608,0.9662706132248263,0.9637142702134934,0.9835071018320576,0.9655092454257417,0.9781005177668775,0.9777835144378048,0.9408148593797,0.9795984641519773,0.9433501120460807,0.7729371443985182,0.9298510813065202,0.9539595235214341,0.7719441544715552,0.9411728639190707,0.9426254679162986,0.8943328935314389,0.972107947327696,0.8883324572931655,0.43273759941109674,0.6634429051802159,0.8941833126030945,0.8439390409862964,0.8897007687985174,0.9789301557942846,0.979071941338898,0.7480452690922471,0.7249312962218725,0.7518948292374961,0.4092220018754035,0.7040885438195617,0.7567290982095725,0.7522059910156494,0.7157656174208952,0.7724261593433867,0.7374240712435973,0.7198544596873911,-0.4784899909048198,-0.5598388258757261,0.6594521871939147,0.8837398755876839,0.917602923415969,0.9340871005954772,0.9031332571241769,0.8041314407777139,0.8956111261351265,0.9114817978218892,0.9110428429918442,0.7907654953964277,0.05559870849719527],[0.9847451006246697,0.9899221655411926,0.9915247136981133,0.9859034678464552,0.9887398993332084,1.0,0.98372415858702,0.984658659363904,0.992715179328608,0.9841028629562479,0.979913079527791,0.979103596564966,0.9845218381516002,0.9850300635391589,0.9847296929721376,0.9843877923214756,0.9877829367844218,0.9855158112734522,0.9853828243472914,0.9854114389871073,0.9835579781426111,0.9846590034865399,0.9953334980116753,0.9935502618201879,0.9859865364722415,0.9870138303319356,0.9862747034682405,0.9771488018761167,0.9882014298359165,0.9741215865036642,0.9625208951341203,0.9681576014652482,0.9772790035461101,0.966781931669203,0.983407747600828,0.9837923004990492,0.9846155277051486,0.9853072102290941,0.9798474342366147,0.9842524220289387,0.982636315038744,0.9843517328571486,0.9836011975234974,0.9836348130803461,0.9960493774788899,0.8711475912871157,0.9259178696792036,0.9107534424370815,0.9226606911911625,0.8818809922413059,0.9181161768036349,0.9095661571580701,0.9207679867126034,0.9354605690039289,0.9169572369670558,0.95060127322915,0.9559397705644449,0.9621918734333706,0.9713024320787128,0.9708142013064573,0.986688058403608,0.9725782282629314,0.984206972669566,0.9721704931294337,0.9715945755310584,0.9765369498936073,0.9687521573279303,0.9485577420283161,0.9479846760419492,0.947354418144365,0.9828302922462459,0.9754786578647774,0.972143928147392,0.9707911421523744,0.9636661809967012,0.8924001276885761,0.8468130757385898,0.909492127433965,0.9172365247937433,0.9265780882596462,0.907563586764519,0.9053125190658645,0.7350893695024823,-0.5037637982816464,0.9808280347739458,0.9822988926530288,0.9780930438074547,0.9716849958719004,0.9733233275372816,0.9795613877605798,0.9791267177115253,0.9683072868539694,0.9690375644305673,0.967277611311703,0.7849917018436257,0.8891874688835514,0.9536600406792943,0.8176657978290017,0.9424244359253989,0.9434305110891048,0.8675572176909427,0.9590930207808661,0.8355830201758635,0.5194909843164386,0.6867464742352186,0.8452894897589096,0.8201037698952297,0.834801737314568,0.959456001756127,0.9595823346608954,0.7375672472625532,0.7173206806315674,0.7523025162434135,0.43307416371456864,0.7445061076572059,0.757710492595644,0.7515616940044278,0.7485467291837999,0.7664015730861268,0.7133235860740408,0.6993008294802843,-0.3009783070676655,-0.43097131558339635,0.6714921745451905,0.8561665615061045,0.8742297502163806,0.8881093286680791,0.8664671483111145,0.7820724928989834,0.8493167257018387,0.8661749442513852,0.8663156078471369,0.8077005145093155,-0.11759533077833095],[0.9979263071651733,0.9946491485151429,0.9898431246662388,0.99816507563511,0.9990954131676244,0.98372415858702,1.0,0.9975216517143483,0.9571654812783252,0.9996084442738464,0.9995642544117436,0.9995850572899376,0.9984158434857574,0.9994740784583099,0.9991826125150988,0.9998911337491637,0.9965724270396136,0.9999032646068445,0.9993773008797525,0.9993820158883362,0.9997126953130712,0.999326626538359,0.9907183756320374,0.9746363223192966,0.9858388344830307,0.9266611144519707,0.9935438215251102,0.9921256554884007,0.9740639893070557,0.951786899894147,0.9916211753380323,0.9918860935288691,0.9935352047928332,0.974868233536476,0.9990048504129871,0.9998513687377839,0.9997139657067392,0.99948080386382,0.9997664829883705,0.9998358258641655,0.9985071004033654,0.9997352618409435,0.9993865110043157,0.9990413661310314,0.9806011906003395,0.9305626032902607,0.9513196603803663,0.9489996703051559,0.9393476182498927,0.8969852543536355,0.9571473060333594,0.945426637683235,0.9594765513614364,0.9615318903474087,0.9520063274378465,0.9814713077653535,0.9808561640216864,0.9916959310610968,0.9963660177117369,0.9500879662665526,0.9647566729868579,0.9741388899158387,0.9747976966203776,0.9756701350410517,0.9500939616012071,0.9066195749023161,0.9578200872441975,0.9627137984425791,0.9413857768263367,0.8982628491151725,0.9687684823271787,0.9424828144855995,0.9690634001933872,0.9504504495976411,0.788378165665485,0.8645395406659787,0.7867026979095426,0.8791978327044049,0.8959017284183896,0.900546720405302,0.8793110150356589,0.8912101508354344,0.3565608792099364,-0.5888313925442256,0.9659179208593724,0.9526610319384192,0.9513494889444877,0.9515752949694781,0.9617384095601326,0.9720385056110356,0.9721366305994035,0.930290074339153,0.9689916967420517,0.8550258820555492,0.7674958319618551,0.930589017466526,0.9335463441185868,0.7959704855942311,0.9514272729908967,0.9523786209045787,0.8978642406969793,0.9716089137562878,0.83215336714791,0.5859071520581461,0.7139977993810752,0.855685093800966,0.8481426992822384,0.8372023988650613,0.9792695069899275,0.9794586687316089,0.7734964569535128,0.7224270562601715,0.7821060806825102,0.40365834999236905,0.7767882048805222,0.7942443439901261,0.7883114270811297,0.7923355561173524,0.7695714623836827,0.7433868968491403,0.7249239609584958,-0.2878540261443873,-0.4387073216311669,0.6764940067474372,0.8878889433919172,0.9230389702226112,0.9401375498626285,0.9090750375082792,0.8237642419815897,0.9088403589817693,0.9279768948676915,0.926746806117766,0.775387582298833,-0.12219306255521745],[0.9961766431426805,0.9918703026796066,0.9905138398488318,0.9965974149205726,0.998557176672475,0.984658659363904,0.9975216517143483,1.0,0.9679826507950419,0.9999998272049332,0.9999992985425293,0.9997512097773753,0.9999970719841794,0.9999925647091509,0.9999982144288732,0.9993137547569418,0.9913539525625444,0.9994469310579487,0.9999080367128269,0.9999076670132532,0.999964351432688,0.9999987699572733,0.9911595316060154,0.9762313416833892,0.9928120583882588,0.9407289291127954,0.9940413273191364,0.9903563701193216,0.9762686144239063,0.9511750122215255,0.9879418875676697,0.993835467252364,0.992096874920785,0.971829832600935,0.999465908843389,0.9995643310131882,0.999670112000778,0.999739972190694,0.9992009461991911,0.9994964448608552,0.9982088436594221,0.9988138298357022,0.9995375141562655,0.9994033914213446,0.9822704599151278,0.9303535619525816,0.948577816246206,0.9527888784668178,0.9377270968741818,0.886259449112897,0.9553923362323219,0.9408867008002751,0.9573614470676693,0.9558164955733109,0.9459699253612331,0.9794379749454837,0.9778976991684766,0.9906388136725635,0.9968685485402042,0.9452627403176942,0.9608104801884948,0.9680159617229249,0.9718850412790766,0.9699234568506561,0.9484199743849291,0.8994619355759582,0.9532871965217193,0.9561651015651998,0.9361049736703183,0.8867138705120072,0.9661911158466822,0.9365498112451568,0.9638314128297268,0.9459705399561615,0.776245923805269,0.8569072127629659,0.7823885881537713,0.8716185853561664,0.8890449107536096,0.8962297702151892,0.8750583783856627,0.8846612613473788,0.3395012252863347,-0.5929494655397692,0.9619643366061886,0.9464932746646784,0.9456455705783766,0.9496606142429789,0.9574138836951034,0.9681532877033754,0.9682348217861394,0.9258732505448749,0.9624574093348182,0.8445488722003608,0.7645185038564923,0.9441278554903161,0.9441372508921033,0.7925491005130564,0.9512067328833668,0.9523088817061429,0.8953254244087415,0.9755035762071129,0.8349897420007499,0.5715940038646639,0.7052839047293462,0.8565844473780159,0.8449461962906647,0.8392754186789478,0.9816785711372122,0.9818717478407729,0.7645711897098111,0.7148462830365105,0.7833161605273531,0.3913425820660033,0.7716348237979452,0.7896592547730749,0.7886554085728897,0.7867253078725048,0.7634274432054382,0.7376329567761674,0.7185991127104282,-0.3034418438539231,-0.45323257812215134,0.662698342472781,0.8803718992669515,0.9204760433592422,0.9325639191771631,0.9033145603267106,0.813044197735406,0.9024029785019481,0.9216813434784571,0.9207193310160429,0.7566128605065379,-0.10526605002590154],[0.9695698209702668,0.9854055963255299,0.9907755435393388,0.9718191930681787,0.9840345782138318,0.992715179328608,0.9571654812783252,0.9679826507950419,1.0,0.9830222509856619,0.9873351941237644,0.9896530766113755,0.9716560520699439,0.9799855625422265,0.9765689469481158,0.9744787951975373,0.9492813393411994,0.979291810743589,0.9773241267247402,0.9772897343107744,0.9814953018745148,0.9764363234164767,0.9939656771540673,0.9928205465097669,0.9809069755243048,0.9888707302290909,0.9839775694125116,0.9901314001670743,0.9905586778075613,0.9679555525670558,0.9276884864515815,0.9492952418855425,0.9656849236035845,0.950001180131112,0.9709639695032813,0.9793626457448136,0.9760694383129339,0.9784238701002823,0.98785941135465,0.9805038583489065,0.9669889881724855,0.9764142118390495,0.9718165366121759,0.9707821623348084,0.9989642064958872,0.8897745620234359,0.9174448264292894,0.9441403848762323,0.934806482569775,0.8601718916027427,0.8845032001424923,0.8818019659268637,0.8883791606441162,0.911288993089887,0.8921473490421169,0.9280235042250417,0.9437743173499902,0.9495381021247832,0.9614013938992695,0.9001446290753917,0.9663622173442598,0.9431073939271495,0.9641731924423429,0.9431187760680445,0.898274930154194,0.9126622942223667,0.9399442587689641,0.9118066491977268,0.87483047403472,0.87833442861691,0.9657122007021934,0.9171041194329012,0.9413836549230827,0.9031437735294229,0.8156333505582881,0.842304461576918,0.7228671622507594,0.8625822512916657,0.8754337308693815,0.8891849406086351,0.837177228730327,0.8557552417200093,0.38589076204946454,-0.5289009179170681,0.9552055503885077,0.9508126672417607,0.9471082801317579,0.8988673285594604,0.9452277700372055,0.953165140617479,0.9525315211822697,0.9368832600734769,0.9375403526587237,0.8662568437073277,0.7688471405334388,0.9355033652904374,0.9594198587398519,0.7923383382298473,0.9321216802620439,0.9337628055469296,0.850299117105196,0.9675279289152182,0.7418811672971398,0.46286739905012453,0.6467929371644937,0.7741391266393743,0.774227823798943,0.7523420397060524,0.9668748645046535,0.9668965281735992,0.693487345630078,0.6759707451311833,0.6758077911852512,0.3829292043920903,0.6853110149869022,0.6919434648086935,0.6758671391212646,0.6908460181506354,0.7373535679215607,0.6800280425115706,0.6634093407576552,-0.3464666220367809,-0.4818640942784135,0.6736120326190825,0.8359910355066573,0.8333644110195265,0.8608889238963678,0.8564247993081792,0.7494872443093363,0.8136105877638975,0.8389786811063912,0.8331219505979746,0.7048414844655784,-0.04335272029904633],[0.9964827580732815,0.9918855044513439,0.9932049504755243,0.9969408135177905,0.9985575263648533,0.9841028629562479,0.9996084442738464,0.9999998272049332,0.9830222509856619,1.0,0.9999991204611214,0.999755914058665,0.9999985261751784,0.9999913700473814,0.9999977200354991,0.9996741133625419,0.9978258377049337,0.9994423434241857,0.9998812609944415,0.9998812152504122,0.9999768806240448,0.9999993007380334,0.993733077221186,0.977819549488263,0.9960979527268865,0.9737042379340739,0.9961817250529378,0.9903384830691339,0.9806295955421307,0.9524453508620374,0.9894887297319042,0.9936133639412715,0.9896127256893105,0.9683580148058669,0.9994891669730713,0.9995560874174653,0.9995683502580947,0.9998289902464279,0.9992141102223316,0.9995041024823592,0.9984175950665628,0.9988552102285311,0.9994936910610343,0.9994888092921055,0.9866123275080808,0.9302382013628155,0.9486146734647312,0.9526789661983399,0.9376590085977793,0.8863982081396435,0.9454185441887473,0.9348110303676151,0.9491092583399934,0.9538890425041272,0.9438982245829253,0.9781691804278922,0.9779324521884902,0.9912088957704266,0.9966554328858168,0.9729223754357101,0.9607811777957028,0.9733809621832821,0.9718615645962871,0.9738367425655685,0.9735916988650659,0.9423422825165104,0.953229110077707,0.951706230341385,0.9513729004513959,0.912069282264036,0.9661415118763146,0.9651415256651676,0.9708294758001433,0.9698665297707216,0.9274251529559816,0.8569544070491311,0.8144492243846487,0.8714151171108152,0.9092184748745021,0.8963779996975179,0.9023046085271542,0.9014577462415275,0.7115888594220623,-0.6016302691982407,0.9619507608765064,0.9464942044963768,0.9456565773819894,0.9740392446019155,0.9528840884309593,0.9678073442037359,0.9674473951376418,0.9266546636424815,0.9695342698769228,0.9294954020574272,0.7645281679233599,0.9438234875538445,0.9560819678562201,0.7756838413269062,0.9447005858906683,0.9459707502406084,0.8953978854874163,0.9746662417514363,0.8961846924120014,0.4712849822370682,0.680948673995788,0.9019728591093459,0.8521718648703258,0.8976010927337368,0.9816377319475375,0.981859395755517,0.7646400478836929,0.714595917375631,0.7677856266295463,0.3914651069467761,0.721300690108662,0.772696555758721,0.7681077862820204,0.7345838867086038,0.7631793622593073,0.7376002187780619,0.718541652662617,-0.5236941275045001,-0.6056315265351058,0.6625370228631006,0.880477962156973,0.9199881032467568,0.9362039767318219,0.9034654743926883,0.8094855236954704,0.8968056367695678,0.9135624771341992,0.9130257286546121,0.802847979277141,0.12089352783669853],[0.9946623528305587,0.991898716970267,0.9971949910384148,0.9953448378578064,0.998162758054642,0.979913079527791,0.9995642544117436,0.9999992985425293,0.9873351941237644,0.9999991204611214,1.0,0.9997559181518889,0.9999963441483115,0.9999947022014661,0.9999982968734547,0.9996557005335667,0.9974662084575787,0.9991670241905322,0.9997788944728135,0.9997787426135188,0.9999984109140722,0.9999983118083557,0.9928700091486239,0.9729894140824006,0.9951346122122414,0.9816187178107129,0.9957323907070312,0.9903541622597887,0.9826462885881749,0.9442789572583532,0.9883947330922885,0.9929434121014477,0.9830490862145512,0.9421951546224155,0.9992525516741443,0.9993099034658731,0.9992471033242764,0.9998901910894891,0.9991965138033668,0.9992574008209075,0.9978316773671411,0.9984327187972138,0.9992242828607806,0.9992217391931367,0.9886871147090215,0.9299285198369451,0.9132543214801566,0.9526164992608129,0.9375506316433312,0.8860600936885691,0.9125009883117093,0.9019368032991901,0.9171748926072169,0.9260256302266011,0.9108068364003138,0.9698552071608885,0.9698296596743111,0.9904898771942495,0.9950739710283519,0.9654875770687074,0.9608919713051274,0.9617909289725823,0.962295761457635,0.9634332258545474,0.9631774527922633,0.9185146706711008,0.9431218221575236,0.9200221147225739,0.9195295592027481,0.843350017856009,0.9637332766998624,0.9696413113440895,0.9659124451793856,0.9648356690658969,0.9189416167379736,0.7841908316305639,0.7434417382722024,0.8304993212493416,0.8862048325002624,0.852893316111808,0.8694781418061791,0.8680490716816391,0.7079552974817542,-0.420044080493491,0.9487946556441712,0.9466153562034983,0.9457400458603699,0.9667257255192084,0.9395889633055295,0.9518165315521833,0.9511748798511758,0.897262951794433,0.9547945482018592,0.9025273852401405,0.7646820759878714,0.9441609131347684,0.9594321651051003,0.6577821591401706,0.9014517804962938,0.904287108766023,0.8511387463913052,0.9845222619198404,0.8387661323349002,0.13333368407793378,0.5288628394969651,0.8510514807032842,0.8163182372130909,0.8453976347372902,0.9852708694044008,0.9852878542892902,0.5136767040185528,0.6232817284440353,0.5209475657246413,0.39138125025695325,0.486598488375211,0.5327106712359473,0.5225297999898822,0.45952524011863083,0.7509886746035237,0.5966786780068064,0.5570113472293581,-0.48737333198337873,-0.5431163023581327,0.6619274945994155,0.8592379041259789,0.8720166925980306,0.9030479966324843,0.8969384476780274,0.6642250624134242,0.8405041246363579,0.8643790923488346,0.8636346450387619,0.6078461402776036,0.06548324038409858],[0.9942378377586967,0.9935685487695136,0.9963601800153179,0.9951275128321954,0.9981991592077809,0.979103596564966,0.9995850572899376,0.9997512097773753,0.9896530766113755,0.999755914058665,0.9997559181518889,1.0,0.9997694182169555,0.9997543195158646,0.9997610900768816,0.9996593470931838,0.9981103025827425,0.9993726171132029,0.9999685701056827,0.9999682534889234,0.9997601130842454,0.9997660210951621,0.9923328694405177,0.9692291637077277,0.9938272049477718,0.982110067600441,0.994641868715601,0.9930264717569411,0.9784609135009279,0.9240624330241498,0.991071336040085,0.9940001731143459,0.9784026421724601,0.9221202168132139,0.9993826797839637,0.9994334944798419,0.9993922673020013,0.999565019406243,0.9995915665785549,0.9994098142916816,0.997682969451365,0.9984606253823775,0.9993699923161082,0.9993668268794574,0.9899014166200726,0.9251977956834031,0.8982953206115611,0.9497634771370883,0.9369813287210068,0.8861383495719609,0.8748675311430854,0.9144795620996973,0.8787042567535951,0.9002453437012844,0.8729541300742308,0.9567330821555201,0.9567153184478081,0.9812301677415957,0.9943939231016722,0.9646423693223585,0.9656817287910328,0.9579621927647946,0.9604290381336655,0.9608975467457307,0.9607483013080415,0.9193865861553182,0.9353605170487211,0.90692853161644,0.9067548985195307,0.8275363353431031,0.9625369651997158,0.9648357720172457,0.9649280841991316,0.9643773822319518,0.9257114789711464,0.7279842575141656,0.6828245821268181,0.7923857119357758,0.8618784200513623,0.8127715761807238,0.8380508014845104,0.8371459627584722,0.6822407168011694,-0.3197971242136882,0.9434647527874823,0.9495666033925192,0.9432217058752216,0.9655671892113891,0.9403895435236175,0.9474130762714047,0.9466041716692682,0.8953048384407458,0.9501399534025602,0.899405240580241,0.71213193205997,0.941472610541286,0.9358927611784796,0.5171390227347779,0.8411792978663194,0.8460534290878808,0.7414192236249334,0.9777808191021011,0.7172931206865366,-0.23774550781893058,0.2599331334402687,0.7413480862535455,0.696261450085027,0.7349221569413188,0.9789649864890868,0.9790513822549433,0.1903543466271763,0.34802628612665315,0.1952765480964925,0.16738600607428247,0.187356796408249,0.2039097955186232,0.201521460813774,0.11792179852063109,0.5366086965814213,0.26905786988472397,0.21651640571531064,-0.5058284739990232,-0.5501081087892433,0.6627935462965184,0.752047542091569,0.776022994502855,0.8393237026716546,0.8236390895008989,0.5617138081628995,0.7531278066688215,0.7707629880267514,0.7696631520068035,0.42232452858511044,0.25711663405166557],[0.996289710254634,0.9920114939518855,0.990378087795399,0.996692500955138,0.9985842022263234,0.9845218381516002,0.9984158434857574,0.9999970719841794,0.9716560520699439,0.9999985261751784,0.9999963441483115,0.9997694182169555,1.0,0.9999910266142189,0.9999976809020248,0.9993626391826987,0.993046316769463,0.9994874466051535,0.9999171172965836,0.9999169391607422,0.9999713886947434,0.9999989643991247,0.9910480873753711,0.976052628382288,0.9934718414258655,0.9456658722367519,0.9939942923741698,0.9904750532964874,0.97607471271407,0.9511318912466917,0.9888493074668282,0.9939148551949726,0.9921838801725704,0.9719687410487562,0.9995085684839786,0.9996043361710851,0.9997008657714364,0.9997399537768908,0.999263265380478,0.9995379591045325,0.9982959799041149,0.9988823833708551,0.9995804227214419,0.9994468658968527,0.9820390262678234,0.9306435235499165,0.948763442934786,0.9527474501005676,0.9378904903285326,0.8869549606625962,0.9557508088479026,0.9412893745222336,0.9577243331745715,0.9561727187098528,0.9463775853140729,0.9796960922478833,0.9780944734088519,0.9907830060014615,0.996947914394581,0.9455428813762797,0.9608913706082003,0.9682478322933014,0.9719722946784651,0.970152966591143,0.9486535450098633,0.8995044241032792,0.9534858259443941,0.9565262508773259,0.9365036105160369,0.8869985757891503,0.966230823628656,0.9367211821456402,0.9640120470196134,0.9462306416610639,0.7762278954714138,0.8572559966111676,0.7828787591041274,0.8719485858865219,0.8893032860028193,0.8964023482300522,0.8754091835546922,0.8850126909027024,0.33968648557245507,-0.5929701443149201,0.9621017554674856,0.9467054444680478,0.9458333264992453,0.9498852146864281,0.9575614408250578,0.968306860734154,0.968390866617468,0.9259345474165586,0.9627084408833539,0.8446342914503071,0.764617193027926,0.9435181512035596,0.9436337559067135,0.7926392908166354,0.9512270017254504,0.9523208727188945,0.8956681186181301,0.9753593377292182,0.8354743959624719,0.5726746654887727,0.705945510111491,0.8570574337718,0.845480228175289,0.839754572944432,0.9816147489813526,0.9818078236124714,0.7651950689879536,0.7153799608383099,0.7839230871649736,0.39202513244531634,0.7723097089015553,0.7903509709432772,0.7892746823188165,0.7874365152654974,0.763783209048469,0.7380861988249456,0.7190711374656068,-0.3024984414638879,-0.4523939656263478,0.6631737189846809,0.8808986987249425,0.9209438262430543,0.9331030921205631,0.9037974065798269,0.8136179567863582,0.9029878771967323,0.9222614533515476,0.9212885899681758,0.7572994824277396,-0.10629919298732449],[0.9963252860117466,0.9918863670952102,0.9925706971609723,0.9968153908962288,0.9985896418291433,0.9850300635391589,0.9994740784583099,0.9999925647091509,0.9799855625422265,0.9999913700473814,0.9999947022014661,0.9997543195158646,0.9999910266142189,1.0,0.9999949426089575,0.9995564986159617,0.9977669853768465,0.9994445709001946,0.9999021633910818,0.9999011443492909,0.9999529172899331,0.9999912345025436,0.9930051324404885,0.9764707179763155,0.9958079133484145,0.9676944952728151,0.9955835751920636,0.9903119271598978,0.9764587512966394,0.9512917734669105,0.9890871838861885,0.9939172284327902,0.9914465400498707,0.9714744020295497,0.9994832701567891,0.9995566321484577,0.9996184480193004,0.9998856997291653,0.9992249990108999,0.9994860145583165,0.9981469065233937,0.9988025449951573,0.9995016809669256,0.999494585044288,0.9845478126720525,0.9303871294437084,0.9485081852264241,0.9525917168384058,0.9375630673906863,0.8863545893436351,0.9499736900475989,0.9336292082011931,0.9522355298799382,0.955502733902891,0.9456086606558475,0.9780141598580798,0.977756969163056,0.9900294967635133,0.9969401512472471,0.9731678810140477,0.9605502025627625,0.9735761123906647,0.9718687479522516,0.9745354627780201,0.9742746962438515,0.9507884548480965,0.9529443475542972,0.955663397069018,0.955310534471151,0.927553111945378,0.9661760939984504,0.9679113690186458,0.9724426186803096,0.9713539951318014,0.9362382688944596,0.8566537900414022,0.820523593225309,0.8711924688582482,0.9003606183583691,0.8960273026313681,0.8966881576260315,0.8955044695048321,0.6888960260439162,-0.5934506936150971,0.961973282058226,0.9463866871628789,0.9454073188024804,0.9742960138058517,0.9575115855911179,0.9681640542416525,0.9682596999970051,0.9260483058153381,0.9687997322007877,0.9374650780577707,0.7644053678024586,0.9435561775435571,0.9491783678507473,0.7917211941244928,0.9510655399387442,0.9520985396439272,0.8952677712315095,0.9757102937048934,0.8842350223198112,0.5719069633785752,0.7048236262969343,0.8919617929488455,0.858170072085802,0.8827353215148092,0.9818923710462335,0.9821110651553399,0.7637423280272294,0.7140480796504273,0.8011355367122577,0.3914475184350909,0.7772755475532922,0.8056666286767499,0.8001921072392179,0.7864746632269085,0.7632611244823118,0.7362804265921524,0.7172634753266832,-0.3938609282931357,-0.5149298723442461,0.661809928204841,0.880472805446393,0.9172163065573156,0.9284361566729386,0.9038019446190301,0.8121681044583022,0.8898736922146753,0.9101780557382101,0.9097649207797713,0.8400897039970244,-0.07315096269052249],[0.9962212370326777,0.9919460556693079,0.9905716009624654,0.9966414661014698,0.9985892682976508,0.9847296929721376,0.9991826125150988,0.9999982144288732,0.9765689469481158,0.9999977200354991,0.9999982968734547,0.9997610900768816,0.9999976809020248,0.9999949426089575,1.0,0.9994539314041659,0.9970287195947575,0.9994630349518906,0.999910967625634,0.9999102992253007,0.9999653981366406,0.9999975872013812,0.9912044674093925,0.976296746810941,0.9951604126928776,0.9592120054052075,0.9949617974627197,0.9904304682507804,0.9763237109432229,0.9513455807197775,0.9913154630616456,0.9941820717802243,0.9920453705344235,0.971740149107755,0.9994775497328195,0.9995656707433208,0.9996773499751246,0.9997555311330102,0.9992292256608396,0.9994938558889921,0.998233948738756,0.9988302030447915,0.9995474511037963,0.9994160403734762,0.9822713285353176,0.9304306475267633,0.9485953755710541,0.952784583109882,0.9378338337281219,0.8865579614460972,0.9554712357860945,0.9410202013459166,0.9574722331771645,0.9557656959553397,0.9458857763570758,0.9794629591290599,0.9778413785331864,0.9906087102756268,0.9968323748860148,0.945557839510156,0.9608912630856798,0.9681832897513393,0.9719646945491145,0.9700765716733756,0.9482382115723063,0.8996791999192921,0.9531965251129786,0.9562297127077252,0.9363175710211238,0.8868489988636412,0.9663371397967733,0.9368954039428465,0.9640347808668134,0.9462801681414226,0.7765938840388806,0.8569029072528472,0.7826506217539384,0.8716565834095912,0.8892152918469837,0.8962360014485145,0.8752107092427119,0.8848299622752919,0.33985903725995537,-0.5926456829099952,0.9620501984889708,0.9466300026873306,0.9457672975089377,0.9484146047244796,0.9575896570995728,0.9682350867969695,0.9683133509988698,0.9260664505537671,0.9626255803541075,0.8448175007390574,0.7645493386376347,0.9438349385762321,0.9440388904714235,0.792551124131249,0.9511340057503159,0.9522403538269323,0.8951423166579139,0.9755204566878012,0.8350200584528767,0.5714178885465296,0.7051698245945074,0.8565926417872352,0.8450692416149981,0.8393025254057349,0.9817171994365295,0.9819073429825704,0.7641807642631262,0.7145056298145142,0.7832950928874831,0.391601115149454,0.771611602119303,0.7895782377593468,0.7888097791805313,0.7866246964869461,0.7633460746411009,0.7368909062471611,0.7178916022850921,-0.30325489120218857,-0.453041086460975,0.6629438827699347,0.8802769462815434,0.9205976119668097,0.9326034973637244,0.9033539674374448,0.8128376764991903,0.902604139539714,0.9217154781461886,0.9208704881198473,0.7567060433370051,-0.10553550769749226],[0.997705007775057,0.9941205360081586,0.9899999658531144,0.9979740754271608,0.9990836354961574,0.9843877923214756,0.9998911337491637,0.9993137547569418,0.9744787951975373,0.9996741133625419,0.9996557005335667,0.9996593470931838,0.9993626391826987,0.9995564986159617,0.9994539314041659,1.0,0.99838381656243,0.9998486241110084,0.9995442677356194,0.9995491033548408,0.9997653547148484,0.9995294421091034,0.9908343735772308,0.9752328190508885,0.9937833569678031,0.9515190112729683,0.9934280416605407,0.9920440573142602,0.9744344690031169,0.9518842746103235,0.9917600510651972,0.992591075510107,0.9929383587492309,0.9738874540491521,0.9992683812924086,0.9997320362700115,0.9997142543936987,0.9995655289879114,0.9995905811839523,0.999686816626413,0.9988361384861913,0.9995775267807717,0.9995057283881172,0.9992637603703727,0.9808413106304238,0.9288866861564915,0.9507586088593706,0.9490506052216253,0.9382684691228769,0.8935514826076972,0.9575609231545988,0.9456304601972082,0.9598535777294264,0.959990876844359,0.950190875155674,0.9814900909875125,0.9799541645720268,0.9915906265407359,0.9963425196136743,0.9502768366083081,0.9645530866381213,0.9733844703349752,0.9745487883214119,0.9750065624820582,0.9511821662972708,0.9057523815804663,0.9565895878334425,0.9617359814823765,0.9414704392394715,0.8958687877301533,0.9688275226277312,0.9420777887556481,0.9686008243848262,0.9508319946115477,0.7856012970970602,0.8626716234444587,0.7872195515393599,0.8772135914397257,0.8945055221226038,0.8991459976416113,0.8791087827948504,0.8903422194996539,0.3516380280157291,-0.5895457028479044,0.9654096129267108,0.9516899382441206,0.9505620443910303,0.952694985107216,0.9616620471494182,0.971545418490943,0.9716281541145048,0.9305130956192573,0.9681005679355014,0.8530636010691014,0.7662622633667234,0.9339377096768126,0.9358289837524625,0.7950561318974181,0.9511999322162356,0.9521065722514284,0.8953895983684318,0.9719506229755358,0.834305577822354,0.5815316485592303,0.710487030949975,0.8566335838903152,0.8478766694054