var config = { responsive: true }

var correlationClose = {"data": [{"type": "heatmap", "z": [[1.0, 0.9999847277127636, 0.9773424518116616, 0.9996901926102391, 0.9972841661451612, 1.0, 0.9902397772231297, 0.9855276693476823, 0.9908392694306868, 0.9725401953198118, 0.9798152585795258, 0.9902868590390748, 0.9904455093079527, 0.9903561343292002, 0.9904086365728753, 0.9932451509827579, 0.9934805073985975, 0.9914361566386335, 0.9914229083153204, 0.9914122233034356, 0.9902761446401822, 0.9774422019603504, 0.9644353750818072, 0.976472248282819, 0.9764459180762407, 0.9523510029655952, 0.9530478776496646, 0.9439518228192152, 0.9898796345475467, 0.9898404773188065, 0.9857831910640286, 0.9739388645510717, 0.9933647339343997, 0.9942866028177966, 0.993381377748997, 0.9916326502622245, 0.9860990588092853, 0.9939773986857334, 0.993921332556514, 0.9948405601460709, 0.9935684258244925, 0.9935559340308986, 0.9935684258244925, 0.8946750242090636, 0.6869319984322028, 0.8597019571658504, 0.8861501131002403, 0.8044010212975324, 0.9629868808840825, 0.9287661673888425, 0.9533695682510508, 0.948383718652917, 0.9512407481978777, 0.9778240353589708, 0.9717742310398048, 0.9090712118084546, 0.8995679498847714, 0.9286091406656669, 0.9003908638688343, 0.9250634393131147, 0.9259338991572015, 0.9250634393131147, 0.8326202093235918, 0.9027665811054465, 0.9039459540552359, 0.9027665811054465, 0.8852643900124018, 0.714165058096164, 0.861695254601714, 0.8634850225945842, 0.861695254601714, 0.6016463202391128, 0.4884469811250149, 0.5770234263721342, 0.7294533372152976, 0.46663119256729996, 0.5295915387270425, 0.5314939942893216, 0.5295915387270425, -0.5991571779150039, 0.8727130234673173, 0.9033544954998476, 0.8850250165788187, 0.9105817923108661, 0.9352378168438473, 0.8705937905056212, 0.8720057266064223, 0.8705937905056212, 0.8826487528781457, 0.8826487528781457, -0.17286246707881475, 0.5154112673603776, 0.2067546411494352, -0.5199124159557509, -0.5482053614996726, -0.5520153341267142, -0.006674554077159613, 0.03628253363090434, 0.2804568723100854, 0.18185100317395617, 0.10800352318679585, 0.08282090920475761, 0.10923095114823435, -0.1832784188702665, 0.10511116256619207, 0.10543394353742333, -0.5222813518253575, -0.4193404652986389, -0.1835165769100947, -0.46505238511607977, -0.34871331987266385, -0.3236422253518015, -0.3142335345782624, -0.3236422253518015, -0.17056455102414061, -0.22846397838117444, -0.22846397838117444, -0.5280888517440272, -0.5280888517440272, 0.40168949290274786, 0.6669463219752051, 0.8776011395605283, 0.8559533158784648, 0.7951917803508826, 0.675375936004617, 0.7751461879040924, 0.8158088992179187, 0.8160231356532438, 0.8158088992179187], [0.9999847277127636, 1.0, 0.9651528350910819, 0.9991267169387686, 0.9929157802996323, 0.9999847277127634, 0.9751732323912663, 0.9649518576903994, 0.9749151666217123, 0.9550690437408266, 0.9773208387238198, 0.9752308725510455, 0.9751831645099658, 0.9749812947959257, 0.9741246550686973, 0.9836633310067288, 0.9821840535770654, 0.981277510455369, 0.9812444784319357, 0.9753061082325126, 0.9752953737870667, 0.9800791530378943, 0.9642290226526312, 0.9673849739662631, 0.9674684569132156, 0.952682680204389, 0.9722092699332919, 0.9244382424855906, 0.9740468317871628, 0.9741221618839097, 0.9700761113838762, 0.9157408112307878, 0.9860389732019941, 0.9861442084079675, 0.9869980099779048, 0.9778036683611845, 0.9841835302153442, 0.9860254349566633, 0.9867527913671504, 0.9865349163085821, 0.9871182509457225, 0.9870954795827243, 0.9871182509457225, 0.8948593505227167, 0.592257403088939, 0.860608447975741, 0.886983712528046, 0.8035941915484046, 0.857654199887393, 0.880027157619154, 0.8470828284487314, 0.866088982226804, 0.8538189681508086, 0.9363122751606927, 0.9363864096904352, 0.9130976634244101, 0.9243114828540165, 0.8992655536457359, 0.8989712304325295, 0.9066190858129042, 0.9074521216999619, 0.9066190858129042, 0.7537198923063924, 0.7131960078163371, 0.715262045207712, 0.7131960078163371, 0.9178413770532518, 0.9236170141823498, 0.9175511395082191, 0.9189291994537057, 0.9175511395082191, 0.41231500842574864, 0.35708867013728973, 0.47985642430208086, 0.5816160993605262, 0.4569557602644915, 0.5024106240707749, 0.5036317093563628, 0.5024106240707749, -0.20192563881763287, 0.8513766480650372, 0.8909775126631457, 0.8759182286088856, 0.9209291012886954, 0.9224896485016498, 0.8443604422263141, 0.8448249674191985, 0.8443604422263141, 0.8566799774170563, 0.8566799774170563, -0.2799093413317295, 0.5157918987461789, -0.38019756940679755, -0.4614491809759007, -0.46038945820735383, -0.4638617039172322, -0.2750637080783656, 0.20631329203930807, -0.19125743639888454, -0.35318708288178685, -0.2029189775706133, -0.25756054104047893, -0.28210255377286303, -0.31064915033425755, 0.07903231970946091, 0.07380982608212308, -0.47534958929770155, -0.4278245848134811, -0.45558514685025436, -0.48529895395926553, -0.4778516308266714, -0.4584819045681735, -0.4616486521928278, -0.4584819045681735, -0.354113588540531, -0.4830291722422073, -0.4830291722422073, -0.4614938727539623, -0.4614938727539623, 0.40126438883046933, 0.43323458392014336, 0.5269363202676268, 0.6114390772050781, 0.5875146506043085, 0.26401219058366193, 0.4027372221938179, 0.3964580148243051, 0.39659172062331266, 0.3964580148243051], [0.9773424518116616, 0.9651528350910819, 1.0, 0.9813922448363527, 0.9910502461453289, 0.9773424518116617, 0.9854044914988769, 0.9835495094174136, 0.9922907677884527, 0.9344524149583188, 0.9963787252964411, 0.9853595672659115, 0.9828808436944032, 0.9851264542855263, 0.9850275344792677, 0.9881713985021163, 0.9891554333091104, 0.9828582664895974, 0.982841966618902, 0.9908109101546508, 0.9852673035548912, 0.9906318048584031, 0.979236319684548, 0.9829589721856168, 0.9829758971776152, 0.9804540218251999, 0.9776132420004183, 0.94671894078261, 0.9669310865023285, 0.967008451682061, 0.9717644362156017, 0.9471573222303369, 0.9813055645785798, 0.9877500220055793, 0.9796338243087751, 0.9826967648047342, 0.9934927506586797, 0.9897157834061359, 0.9794312889407453, 0.9867878555105464, 0.980976758816372, 0.9802739681287508, 0.980976758816372, 0.9028080784032367, 0.6021463320043589, 0.9040110845242504, 0.8702665689501029, 0.6519717403998383, 0.9060618156486353, 0.856950473801918, 0.8935538114782339, 0.8902680863531887, 0.8971251353926204, 0.9288384591614004, 0.9383910955577256, 0.7427347982610634, 0.8066166763915512, 0.8186088368801153, 0.8403855073818208, 0.8109058139326937, 0.7788592000455872, 0.8109058139326937, 0.7265478732808774, 0.7647610211300289, 0.7638183196727151, 0.7647610211300289, 0.8331585059318429, 0.40231622281693424, 0.5930264937758775, 0.6609411811313842, 0.5930264937758775, 0.496504791563213, 0.46358482507633625, 0.46198675557972224, 0.6206718325175525, 0.4011123944795455, 0.4284591197899298, 0.3954541363988587, 0.4284591197899298, -0.590024046373218, 0.7997346863237884, 0.7812900511572742, 0.782023965189283, 0.7570696242209135, 0.8842801719384092, 0.8049338544064912, 0.8074010262524463, 0.8049338544064912, 0.7490534808834498, 0.7490534808834498, -0.27998748614972824, 0.7054124691433937, 0.1611916409043861, -0.6145320426109612, -0.6388177465010384, -0.6416788770859571, -0.11855112340378768, -0.0035138324390417983, 0.27862383236906985, 0.047604121669695805, 0.0014000311779736867, 0.0352626936388065, 0.0005893246427539319, -0.17891547705152894, 0.009592532095272416, 0.009630588413333108, -0.6116147259767432, -0.531785919499793, -0.13863332546181914, -0.5867400924947328, -0.44490791681205816, -0.4086696079978162, -0.24076871169591144, -0.4086696079978162, -0.2942153323397677, -0.36322031256710036, -0.36322031256710036, -0.6297090434419782, -0.6297090434419782, 0.31856343448712937, 0.5722714618483451, 0.7837716064394594, 0.7629000581348033, 0.7319395340804851, 0.5684628817535575, 0.7088978813735439, 0.7158486299955702, 0.7478466548414052, 0.7158486299955702], [0.9996901926102391, 0.9991267169387686, 0.9813922448363527, 1.0, 0.9985230031508472, 0.9996901926102388, 0.9919312518510829, 0.9877060771919127, 0.9929377142604442, 0.9702634367046196, 0.985475443457873, 0.9919661679615969, 0.9920530882143898, 0.9920060865073708, 0.992048008271432, 0.9948720424488207, 0.995024903416478, 0.9928867380010632, 0.9928757638314517, 0.9932766710717827, 0.991946741350717, 0.9808138704277092, 0.9675558669109579, 0.9795510124638553, 0.9795256495940853, 0.9648851152464892, 0.9576206590025406, 0.9452608577814698, 0.9897498690649607, 0.9897222854825255, 0.9866684936707562, 0.9732903621619705, 0.9942331569956839, 0.9954845118557989, 0.9942017881181952, 0.9928707976808212, 0.9902726666096511, 0.9954264438711159, 0.9945985252878856, 0.995964444847317, 0.9943310090093037, 0.9943229148373095, 0.9943310090093037, 0.8936013323231754, 0.6741586521844087, 0.869006104751663, 0.8810759559630233, 0.7806228612082755, 0.9570514565908292, 0.9207816217796783, 0.9464507675616829, 0.9425958568626314, 0.9461539043825544, 0.9735477613906267, 0.9689778245802738, 0.8831687741103502, 0.8893148917568194, 0.9125630076032422, 0.8946661461178139, 0.90401505038492, 0.9052198989844137, 0.90401505038492, 0.8218315893167376, 0.8885451946675056, 0.8898465305405131, 0.8885451946675056, 0.8801343761670851, 0.6425110082632003, 0.8143403895934996, 0.8161793111845813, 0.8143403895934996, 0.5908696788816603, 0.46017963784421523, 0.564107384432498, 0.7104223757086388, 0.45937268897775174, 0.4960356479638044, 0.49866315645098536, 0.4960356479638044, -0.6008718087861351, 0.8651615777387454, 0.8908944244366709, 0.8736304693337016, 0.8819909264783194, 0.9310991271760214, 0.8641482171440216, 0.8657457120655857, 0.8641482171440216, 0.8588929795713863, 0.8588929795713863, -0.1797796273929366, 0.5461940702922642, 0.21148693344720607, -0.5286095610775677, -0.5564825305899568, -0.5602004690876907, -0.019677765635619033, 0.030180875027034586, 0.27305547585609957, 0.16901421617383522, 0.09704059711915416, 0.07592419780006276, 0.10289784446485, -0.19155840647825273, 0.09317963216517654, 0.09355065202402323, -0.5302367589178892, -0.43093420068286076, -0.18557941809642078, -0.47845869610908814, -0.35141682072283476, -0.3257196547275745, -0.3168720055371283, -0.3257196547275745, -0.1806440054191122, -0.239231397181048, -0.239231397181048, -0.5396254707766912, -0.5396254707766912, 0.3856855788170707, 0.6546400432174558, 0.8701357008066425, 0.84853229581758, 0.7878231436561342, 0.6665662605520226, 0.7663557860177679, 0.8073408703856034, 0.8075694183725317, 0.8073408703856034], [0.9972841661451612, 0.9929157802996323, 0.9910502461453289, 0.9985230031508472, 1.0, 0.9972841661451612, 0.9965511505240504, 0.9943813129714694, 0.9967378813612902, 0.9590246571677916, 0.9947644206100672, 0.99657252299846, 0.9966716295851007, 0.9966060183255064, 0.9966114960072218, 0.9976950373673872, 0.9972781463417245, 0.9971886053699412, 0.9971851926410996, 0.9965660998329321, 0.9965624652134509, 0.9931216154996249, 0.9800279953457729, 0.9897689654334542, 0.9897218017403866, 0.9815033440499071, 0.979061844384266, 0.9489544151582145, 0.9881788798738302, 0.9881240405138654, 0.9874298286416978, 0.9638544321105318, 0.9976493921797973, 0.9975938106772948, 0.9974980408456596, 0.9970481169253264, 0.9968878985801731, 0.9978144232909866, 0.9979226098123607, 0.9976646498876994, 0.9976187720438789, 0.9976234118167819, 0.9976187720438789, 0.9099081899736013, 0.6356295208053672, 0.8938316988644985, 0.8838226121601875, 0.7437098895450673, 0.9355209744163215, 0.8938162672985397, 0.924090803981605, 0.9275759927247718, 0.9344077045569277, 0.9667764166494308, 0.9668896789521055, 0.8741853161649381, 0.8638888190388586, 0.8947529473344802, 0.8778893457883734, 0.8925849620258053, 0.8931076255005945, 0.8925849620258053, 0.7888699260648797, 0.8253454656550576, 0.8269039845959286, 0.8253454656550576, 0.8651580922764653, 0.7476312303966474, 0.8446612762131367, 0.8458272267006107, 0.8446612762131367, 0.5384697393425893, 0.3998635038481688, 0.5203393740598364, 0.6971027164102633, 0.5143155704151076, 0.49056092492664055, 0.49063600654980855, 0.49056092492664055, -0.5902451793262428, 0.8416751296079853, 0.8554948989773865, 0.8422568944753579, 0.8849838687425541, 0.9042504807984904, 0.8436642604029407, 0.8452122890912014, 0.8436642604029407, 0.852295015405548, 0.852295015405548, -0.2256072835013092, 0.6132629186037527, 0.06595991705163588, -0.5855857421704883, -0.6181197545170226, -0.6185719163257624, -0.057533686584552574, 0.05065913254996576, -0.12702767407208423, -0.08388523121004166, -0.05715776004295397, -0.3008791811896726, -0.35409858667645766, -0.49809920311218736, 0.056994008555517485, 0.05719605204410951, -0.5629928500721553, -0.4715720286994989, -0.4925176921405647, -0.5250901079042285, -0.5814951773401407, -0.5515999443796209, -0.5540322974141098, -0.5515999443796209, -0.22734324327340505, -0.28029846224662225, -0.28029846224662225, -0.6443643610609144, -0.6443643610609144, 0.36189125241840925, 0.6321178474544716, 0.8181372748229662, 0.7912240979645053, 0.7742549122520955, 0.5942355490499694, 0.615122970534969, 0.6983808763758225, 0.6987428180870642, 0.6983808763758225], [1.0, 0.9999847277127634, 0.9773424518116617, 0.9996901926102388, 0.9972841661451612, 1.0, 0.9902397772231297, 0.9855276693476823, 0.9908392694306868, 0.9725401953198118, 0.9798152585795258, 0.9902868590390748, 0.9904455093079527, 0.9903561343292002, 0.9904086365728753, 0.9932451509827579, 0.9934805073985975, 0.9914361566386335, 0.9914229083153204, 0.9914122233034356, 0.9902761446401822, 0.9774422019603504, 0.9644353750818072, 0.976472248282819, 0.9764459180762407, 0.9523510029655952, 0.9530478776496646, 0.9439518228192152, 0.9898796345475467, 0.9898404773188065, 0.9857831910640286, 0.9739388645510717, 0.9933647339343997, 0.9942866028177966, 0.993381377748997, 0.9916326502622245, 0.9860990588092853, 0.9939773986857334, 0.993921332556514, 0.9948405601460709, 0.9935684258244925, 0.9935559340308986, 0.9935684258244925, 0.8946750242090636, 0.6869319984322028, 0.8597019571658504, 0.8861501131002403, 0.8044010212975324, 0.9629868808840825, 0.9287661673888425, 0.9533695682510508, 0.948383718652917, 0.9512407481978777, 0.9778240353589708, 0.9717742310398048, 0.9090712118084546, 0.8995679498847714, 0.9286091406656669, 0.9003908638688343, 0.9250634393131147, 0.9259338991572015, 0.9250634393131147, 0.8326202093235918, 0.9027665811054465, 0.9039459540552359, 0.9027665811054465, 0.8852643900124018, 0.714165058096164, 0.861695254601714, 0.8634850225945842, 0.861695254601714, 0.6016463202391128, 0.4884469811250149, 0.5770234263721342, 0.7294533372152976, 0.46663119256729996, 0.5295915387270425, 0.5314939942893216, 0.5295915387270425, -0.5991571779150039, 0.8727130234673173, 0.9033544954998476, 0.8850250165788187, 0.9105817923108661, 0.9352378168438473, 0.8705937905056212, 0.8720057266064223, 0.8705937905056212, 0.8826487528781457, 0.8826487528781457, -0.17286246707881475, 0.5154112673603776, 0.2067546411494352, -0.5199124159557509, -0.5482053614996726, -0.5520153341267142, -0.006674554077159613, 0.03628253363090434, 0.2804568723100854, 0.18185100317395617, 0.10800352318679585, 0.08282090920475761, 0.10923095114823435, -0.1832784188702665, 0.10511116256619207, 0.10543394353742333, -0.5222813518253575, -0.4193404652986389, -0.1835165769100947, -0.46505238511607977, -0.34871331987266385, -0.3236422253518015, -0.3142335345782624, -0.3236422253518015, -0.17056455102414061, -0.22846397838117444, -0.22846397838117444, -0.5280888517440272, -0.5280888517440272, 0.40168949290274786, 0.6669463219752051, 0.8776011395605283, 0.8559533158784648, 0.7951917803508826, 0.675375936004617, 0.7751461879040924, 0.8158088992179187, 0.8160231356532438, 0.8158088992179187], [0.9902397772231297, 0.9751732323912663, 0.9854044914988769, 0.9919312518510829, 0.9965511505240504, 0.9902397772231297, 1.0, 0.9970682578635367, 0.9999672076689182, 0.9489210053343949, 0.9995457031291416, 0.9999959978610571, 0.9999578761528009, 0.9999920923206995, 0.9999181829400557, 0.9938553132235366, 0.9998113004209178, 0.9998266670555381, 0.999827033061559, 0.9999944080697405, 0.9999963824530699, 0.9910389842382651, 0.975105088749555, 0.9836823779282795, 0.9923580010247091, 0.9832033231511486, 0.9712271030506031, 0.9394105573045772, 0.9924610505437819, 0.9921421827050391, 0.992025180826129, 0.9677928788420638, 0.9992807467979297, 0.9993668926351179, 0.999335655922453, 0.9997302409474329, 0.9985365434524094, 0.9992515974824558, 0.998184779826391, 0.99935058767345, 0.9990885631323823, 0.9990043131472902, 0.9990885631323823, 0.9178209139015978, 0.6363185340252914, 0.9182546798988387, 0.8917897606222317, 0.6919773569076333, 0.9468550114735796, 0.9120040060771931, 0.934365745258473, 0.9249925021797518, 0.9351469492243013, 0.968852291098207, 0.9611385316613933, 0.699317174674911, 0.8086758627575112, 0.789820641497776, 0.8360456741538936, 0.782488391380904, 0.7526733664954227, 0.782488391380904, 0.7415299418640543, 0.7529757255587213, 0.7548179337507469, 0.7529757255587213, 0.8201854391223852, 0.2795752016269598, 0.5000898379881287, 0.590960616280079, 0.5000898379881287, 0.5043784353097361, 0.46140797156712404, 0.4633155771483251, 0.5976266984262666, 0.3768955321971748, 0.4025025819169104, 0.35080847711957525, 0.4025025819169104, -0.6535695885999393, 0.7957942190667977, 0.7978749634200466, 0.789997577109223, 0.7238233576672097, 0.8878456800037328, 0.8004334303525752, 0.802709217619698, 0.8004334303525752, 0.7062927430832786, 0.7062927430832786, -0.2636647905247741, 0.6689434950154656, 0.2603565531914614, -0.5755944824210121, -0.6017551187780531, -0.604969730067723, -0.07488093028635305, -0.02392556181827364, 0.37161833512134806, 0.12737144799771694, 0.053780346877273746, 0.12285847955693771, 0.08958330798166218, -0.0978383630889816, 0.01853848435319656, 0.0189964877308907, -0.5787596097672921, -0.5039767053116732, -0.027546632027561895, -0.5645703834046998, -0.3576008027517202, -0.32404099622853, -0.14813036555771988, -0.32404099622853, -0.2648404737321969, -0.2926262437127364, -0.2926262437127364, -0.6073870189621058, -0.6073870189621058, 0.35763233498102326, 0.607004829901499, 0.8037039372244628, 0.8096571579315764, 0.762072490581525, 0.6475450790955166, 0.7467743193415904, 0.7690217775200335, 0.7874547388922188, 0.7690217775200335], [0.9855276693476823, 0.9649518576903994, 0.9835495094174136, 0.9877060771919127, 0.9943813129714694, 0.9855276693476823, 0.9970682578635367, 1.0, 0.9994314788944413, 0.9399630071627516, 0.9980725245791018, 0.9978899048715032, 0.9992202780243752, 0.9989520018543061, 0.9986357300801133, 0.9861469086117767, 0.9988501590716476, 0.9990078285306062, 0.9990106842489573, 0.9994728477670437, 0.9991238859681919, 0.9909328598649888, 0.9754273972476506, 0.991500058946862, 0.9922066690764785, 0.9779780197087846, 0.9732835167423085, 0.9374510093312665, 0.9887799211403285, 0.9922003875445268, 0.9901755042356112, 0.9638330323756374, 0.9980847011044658, 0.9979626866073698, 0.9979665919286896, 0.9989539097497291, 0.9956579322948812, 0.9977390454006411, 0.9975170663335371, 0.9978271131687971, 0.9978951228649474, 0.9979265294180347, 0.9978951228649474, 0.9155740380762862, 0.6202394947128834, 0.9193434998789871, 0.8875333057690928, 0.66262248800429, 0.944391852498964, 0.9045737696873161, 0.9304737254450888, 0.9154851475787948, 0.9270577600809979, 0.9639872686025791, 0.9553385708842126, 0.6824124776502377, 0.7915966550881434, 0.7697039773948546, 0.8245039404533854, 0.7636315398885447, 0.7382735536261039, 0.7636315398885447, 0.7251805578403006, 0.7305293929375746, 0.7393554974201028, 0.7305293929375746, 0.8087875254367752, 0.25614201283026955, 0.4751326318044207, 0.5715643663643457, 0.4751326318044207, 0.4878115267203811, 0.45316183366678076, 0.4447742946016429, 0.5794766782615376, 0.36593937536271376, 0.3889940841470735, 0.3313291889601816, 0.3889940841470735, -0.6536818244165615, 0.7823234860391906, 0.7753957564411746, 0.7720046028346627, 0.7066170107741071, 0.8776606460960724, 0.787680898824542, 0.7902122981705926, 0.787680898824542, 0.6843101582047227, 0.6843101582047227, -0.28210180339564095, 0.7026247085869609, 0.2690378946489928, -0.5912031680267062, -0.6167536713279791, -0.6197653687556511, -0.09119889092052937, -0.03359182439909808, 0.3648584341127957, 0.10743397050108366, 0.037133797101640054, 0.11352413206856463, 0.0735295424709716, -0.10439219254693928, 0.0005947106207026902, 0.0010711200352814265, -0.5924265270475754, -0.5212102586812444, -0.03445211845983919, -0.584980018705679, -0.37199537126469895, -0.3366273950167878, -0.15444716663061542, -0.3366273950167878, -0.2852270407846651, -0.3083291096785479, -0.3083291096785479, -0.622129427595728, -0.622129427595728, 0.3315779814860232, 0.5879746460555744, 0.7933078891467832, 0.790756037476171, 0.7479481808637742, 0.6305093857533951, 0.7299666817433673, 0.7488298172163856, 0.771049005490778, 0.7488298172163856], [0.9908392694306868, 0.9749151666217123, 0.9922907677884527, 0.9929377142604442, 0.9967378813612902, 0.9908392694306868, 0.9999672076689182, 0.9994314788944413, 1.0, 0.9476450786916906, 0.9994841150641601, 0.9999685437206967, 0.9999642247512307, 0.9999735334791776, 0.999931209159387, 0.9980446487089222, 0.9997173792402284, 0.9997632391943184, 0.9997643247533027, 0.9999654402720193, 0.9999658482087068, 0.994217808389451, 0.9777644649245244, 0.9937224979620314, 0.993662422297899, 0.9829652408086148, 0.9771284917502168, 0.9412116257484389, 0.9909635475586993, 0.9909340374487311, 0.9886532001439398, 0.9629768484348966, 0.9992966063345381, 0.9992575208738572, 0.9991179645896976, 0.9998515006384219, 0.9984409493049503, 0.9992368068968985, 0.9991370901389668, 0.9992309147069672, 0.9991349376662434, 0.9991415136597265, 0.9991349376662434, 0.9179176731204193, 0.6375782580818553, 0.9182592406600741, 0.8916715021929099, 0.6913411317410358, 0.9323511373634722, 0.8865272535041541, 0.9166559704444353, 0.9202611196245428, 0.9311774277085716, 0.9625283525950373, 0.9614903180176406, 0.8440901626188214, 0.8094384480132264, 0.8655757564902781, 0.8368272202490538, 0.8634721664271257, 0.8642946991281649, 0.8634721664271257, 0.7404782920857158, 0.8057963106466967, 0.8075519741611723, 0.8057963106466967, 0.8215445136036079, 0.7054753866075782, 0.8117112217475306, 0.8133412260624573, 0.8117112217475306, 0.503350508100935, 0.32146410564492595, 0.46232622564297254, 0.6428563466565695, 0.43732563942616576, 0.3999174402550381, 0.4002192955571906, 0.3999174402550381, -0.6357701747361518, 0.796139317629327, 0.7974832519195746, 0.7900310626134932, 0.8554430277807838, 0.8757602928044091, 0.8068200428998169, 0.8094569299527613, 0.8068200428998169, 0.8153979113696969, 0.8153979113696969, -0.26621400814814, 0.6695326537082639, 0.09067442960382543, -0.6041750715747015, -0.6454769319913507, -0.6463020714641989, -0.07855350637768928, -0.02184582262575233, -0.13530917948798, -0.05614968623501741, -0.044002853736202, -0.33377702530778586, -0.36328114131017436, -0.5391009284529923, 0.0171115601337009, 0.017896099997280663, -0.5807835487862719, -0.5063027244921181, -0.5027455955612451, -0.566922018147732, -0.5973723981633684, -0.5763441122945092, -0.5782993973631426, -0.5763441122945092, -0.26744945862316194, -0.2963795741977271, -0.2963795741977271, -0.7026572611358176, -0.7026572611358176, 0.3579337889219264, 0.6058368141948399, 0.8251538208213869, 0.8026371397608806, 0.7604747457711948, 0.632410394805269, 0.6476038863435002, 0.7180470338025667, 0.7182189652882583, 0.7180470338025667], [0.9725401953198118, 0.9550690437408266, 0.9344524149583188, 0.9702634367046196, 0.9590246571677916, 0.9725401953198118, 0.9489210053343949, 0.9399630071627516, 0.9476450786916906, 1.0, 0.9169607564874709, 0.9489549245131449, 0.9490756485379572, 0.9485838109381972, 0.9478783405633441, 0.9500896606881519, 0.9560358981230345, 0.9550553794079075, 0.9550209207061531, 0.9491130974763042, 0.9490978598844823, 0.948656602388392, 0.9411993314774196, 0.9510228368693464, 0.9512453642474662, 0.7995598628045877, 0.9560908033991807, 0.9509782107835539, 0.9574013018584001, 0.9575431979819313, 0.9558281621440837, 0.9299106308316597, 0.9595054341331317, 0.9597870909085688, 0.9606195535860167, 0.951310766950584, 0.9298744503054814, 0.9587126564991335, 0.9602578272530632, 0.9600715694292681, 0.9609639635166106, 0.9609212133551961, 0.9609639635166106, 0.7754375894163985, 0.4347236897329977, 0.7202535012708821, 0.8562163198555978, 0.8390399450277647, 0.8730139745531551, 0.7566747139241062, 0.8503789401423997, 0.8652419828136734, 0.8739931136862321, 0.8966820141344592, 0.8967324609967144, 0.8500027070259356, 0.8416814910692635, 0.8775973127080684, 0.8531627400110448, 0.8690005870610783, 0.8699005659670244, 0.8690005870610783, 0.7895359912067427, 0.7675096582184284, 0.7696722998135775, 0.7675096582184284, 0.8450433333245942, 0.8672945134664083, 0.8431780279590807, 0.8440310904674173, 0.8431780279590807, 0.6089929943016511, 0.5289159967275187, 0.6101285188190838, 0.7386573240932618, 0.6296779113394961, 0.6517564272676039, 0.6552286486200759, 0.6517564272676039, -0.27768221952528654, 0.849884689114008, 0.9137810219737357, 0.8690188325138118, 0.8680436988479717, 0.8794627700910802, 0.8411103854339308, 0.8425714566572992, 0.8411103854339308, 0.8538451901194417, 0.8538451901194417, 0.010936956282850645, 0.23469393823738743, -0.07630426683201261, -0.3518277184149697, -0.3833631415411397, -0.3852982275564629, 0.09578957974094457, 0.3759164289913693, 0.12524275312779132, 0.015959450264866257, 0.13074037148273698, 0.03741759592818489, -0.07019665470482936, -0.12458447738869063, 0.26632610001266677, 0.2652677409729333, -0.33680376332043177, -0.28492203855318476, -0.2887531165696131, -0.29190757730298517, -0.3623363814878918, -0.3109904156112761, -0.31283600202797524, -0.3109904156112761, -0.04833977479099375, -0.3284356761835341, -0.3284356761835341, -0.3939048186987916, -0.3939048186987916, 0.5807010917787687, 0.678835538154517, 0.760959854833821, 0.6674112897840807, 0.8407731944617315, 0.3017086260048157, 0.39164536238341696, 0.57090116804875, 0.5712038157623929, 0.57090116804875], [0.9798152585795258, 0.9773208387238198, 0.9963787252964411, 0.985475443457873, 0.9947644206100672, 0.9798152585795258, 0.9995457031291416, 0.9980725245791018, 0.9994841150641601, 0.9169607564874709, 1.0, 0.9995434768603906, 0.9995390821233958, 0.9994885410883544, 0.9995264743396851, 0.9983938836249884, 0.9995814655152416, 0.9997043069758945, 0.9997097870099242, 0.9995516905578211, 0.9995529922228158, 0.9915461030457311, 0.9573817982569743, 0.9915217037499588, 0.991492835523093, 0.9867230595323907, 0.972971809477178, 0.8927360051900306, 0.9888575735157842, 0.988925882075832, 0.9702351105160864, 0.8871931717007436, 0.9986021786522619, 0.9985473169619538, 0.9983197343695466, 0.9992094861927644, 0.9991256650434526, 0.9985760345511402, 0.9983380306858097, 0.9985108575457906, 0.9982637928420389, 0.9982788499377512, 0.9982637928420389, 0.9117064690712563, 0.5114982751893516, 0.913823749807384, 0.8899603759735553, 0.6934292214533053, 0.8183633424182001, 0.8339360525970629, 0.8052971483458037, 0.8091731543119376, 0.8141374077106124, 0.920987773338356, 0.9211960136403977, 0.8349145720416201, 0.8458931779734004, 0.8085582561508037, 0.8116826861729687, 0.8185486347784888, 0.8196228716776786, 0.8185486347784888, 0.6304576817878736, 0.5837978501601686, 0.5863058428190292, 0.5837978501601686, 0.8469663729938495, 0.8572499617221617, 0.8450760965345029, 0.8467690427330062, 0.8450760965345029, 0.2686222025214091, 0.20192371828871486, 0.3314047026205448, 0.4536206513663587, 0.31927315509562215, 0.3731519604437354, 0.37633954956651494, 0.3731519604437354, -0.40892355235980266, 0.746713971585791, 0.8021943178264178, 0.7797764796704801, 0.8444685822829543, 0.84092793706276, 0.7384928184711791, 0.7391360977313527, 0.7384928184711791, 0.7543743805199703, 0.7543743805199703, -0.33003256568319983, 0.660051013458118, -0.39981870860912, -0.5453328337759781, -0.5448366458368217, -0.5470997125586871, -0.3426432052010199, 0.13222384351927152, -0.2554083783193278, -0.40991133979728533, -0.26571435352113215, -0.32714477161979866, -0.3617075591195816, -0.39246605957447395, 0.0015065703321976718, -0.002661420689674313, -0.5557640878248797, -0.5186512322924545, -0.5365529287811169, -0.5708634239417453, -0.5653228893893588, -0.5405002162271624, -0.5433508989419822, -0.5405002162271624, -0.440233837088551, -0.596266977022407, -0.596266977022407, -0.6042328381343172, -0.6042328381343172, 0.3529002377111949, 0.3662854700399305, 0.47085855532113935, 0.5560356045586596, 0.5560002087018104, 0.16582264842311742, 0.30795425053995507, 0.32991527996353887, 0.33012526761149924, 0.32991527996353887], [0.9902868590390748, 0.9752308725510455, 0.9853595672659115, 0.9919661679615969, 0.99657252299846, 0.9902868590390748, 0.9999959978610571, 0.9978899048715032, 0.9999685437206967, 0.9489549245131449, 0.9995434768603906, 1.0, 0.9999630168311787, 0.9999940608651162, 0.9999236237132015, 0.9946999557405649, 0.999813363239291, 0.9998281394743119, 0.9998284408196128, 0.9999961234779206, 0.9999970216504216, 0.9909961486634746, 0.975076027256139, 0.9892623550586243, 0.9923339151470754, 0.9831892379703325, 0.9711363118334273, 0.9393551035153008, 0.9924509340216243, 0.9921525289114999, 0.992014104319689, 0.9678117286109137, 0.9992825337221951, 0.9993711117586572, 0.9993441454486964, 0.9997353126522401, 0.9985387491488673, 0.9992609552087003, 0.9981883365594804, 0.9993575309566322, 0.9990925526263559, 0.9990067511824607, 0.9990925526263559, 0.9178123016098024, 0.6364775406509199, 0.9184696559016516, 0.8919833829006845, 0.6921254179866301, 0.9468931282916073, 0.9122005048804533, 0.9344443302480115, 0.9250762760018529, 0.9352137197433477, 0.9689497225636657, 0.9612129158623388, 0.6992457325622536, 0.8088686004477521, 0.7899405375436334, 0.8361808935968345, 0.7826066599320186, 0.7526079729217448, 0.7826066599320186, 0.7416088132782604, 0.7530389693069871, 0.754743431831903, 0.7530389693069871, 0.8203726229002883, 0.2794447269191359, 0.500109807331852, 0.5908656880763996, 0.500109807331852, 0.5043156991841469, 0.46131455205574007, 0.46326659080860416, 0.5976620382138863, 0.37677519569443196, 0.40259904193660984, 0.35085400834270686, 0.40259904193660984, -0.6537115585129728, 0.7958772737750598, 0.7980479370526458, 0.7901149495888203, 0.7238151809770345, 0.8879615241703043, 0.8005309201831246, 0.8028004039331786, 0.8005309201831246, 0.7063817087870926, 0.7063817087870926, -0.2636380448457531, 0.6689320449736511, 0.26047222309902807, -0.5755554470027683, -0.6016637495842132, -0.6048844645538329, -0.07497180232219819, -0.024078769183247205, 0.371789760188872, 0.12738536464405822, 0.05371955901756433, 0.12312655860758741, 0.08982823355081165, -0.09753398281711775, 0.018579749955845055, 0.019053221043611082, -0.5787479538472458, -0.5040073647791177, -0.02728790105128714, -0.5645457686133729, -0.35733308771617095, -0.32380043418394583, -0.14791303931932698, -0.32380043418394583, -0.2646861678764754, -0.29258576121837254, -0.29258576121837254, -0.6072490609752058, -0.6072490609752058, 0.3581701398870673, 0.6071610015799103, 0.8037357685370309, 0.8099261446591776, 0.7621605277377898, 0.6477999858067047, 0.7469134016663412, 0.7692789996025489, 0.7875724261994297, 0.7692789996025489], [0.9904455093079527, 0.9751831645099658, 0.9828808436944032, 0.9920530882143898, 0.9966716295851007, 0.9904455093079527, 0.9999578761528009, 0.9992202780243752, 0.9999642247512307, 0.9490756485379572, 0.9995390821233958, 0.9999630168311787, 1.0, 0.9999673395759466, 0.9999116254277157, 0.9975183368000248, 0.9998091442072473, 0.9998694158667422, 0.9998699904251209, 0.9999831263471582, 0.9999621460150181, 0.9905405701453285, 0.9748875254201287, 0.9930614426257343, 0.9930223773102588, 0.9831572087716388, 0.9707574379140764, 0.9392812325075632, 0.9932211794737845, 0.9932431966311428, 0.9917810792493587, 0.9676159890528114, 0.9995064174877886, 0.9993750838418747, 0.9994010443620788, 0.999882026226273, 0.9985375301970435, 0.9992682213468945, 0.9992193408377933, 0.9993678344288592, 0.9993764681647614, 0.9993806219170327, 0.9993764681647614, 0.9179304402165032, 0.6366394291139875, 0.918506683609872, 0.8920048702751646, 0.6921490495523387, 0.950633814700598, 0.9096826590504028, 0.9358503611822379, 0.9251615914677964, 0.93521309675334, 0.9686734374492167, 0.9612836862854355, 0.6552997901535323, 0.8085773140803088, 0.7887156887513507, 0.8366336436140662, 0.7815657560458301, 0.7270836820732842, 0.7815657560458301, 0.7415298489276348, 0.7433999111566041, 0.7477071990579778, 0.7433999111566041, 0.8208111365928268, 0.2106852933149291, 0.4876655076169061, 0.4933915453604953, 0.4876655076169061, 0.504465407749196, 0.35627894704434526, 0.4635136338547418, 0.5971716179221717, 0.37699201171731755, 0.3701961217998794, 0.3504935530182527, 0.3701961217998794, -0.6539024349444831, 0.7963447317300659, 0.7980143245218437, 0.7898753949729519, 0.666095040493685, 0.8884357660430572, 0.8010398534401943, 0.8033042288996548, 0.8010398534401943, 0.7048820223815958, 0.7048820223815958, -0.2633141914176921, 0.6688189769384276, 0.2640542579079598, -0.575400800567842, -0.601332709918419, -0.6045536386435113, -0.07534451320027066, -0.02397832673823038, 0.32349416875769604, 0.12756474546759972, 0.05347354246088176, 0.12652747511964338, 0.09219685909254745, -0.10777709262751235, 0.01869909656997093, 0.019176036745837743, -0.5789099262839476, -0.5040825267123809, -0.09298994903265587, -0.5642667004156551, -0.35532691535272887, -0.3215711456524559, -0.23488213989738727, -0.3215711456524559, -0.2642279704650939, -0.2936747606779547, -0.2936747606779547, -0.6065164261451279, -0.6065164261451279, 0.35830042202674967, 0.607342314862837, 0.7885725644315044, 0.8099870027524717, 0.7625575512194451, 0.6475443473543099, 0.7048949567960597, 0.757022085715862, 0.7571974497372046, 0.757022085715862], [0.9903561343292002, 0.9749812947959257, 0.9851264542855263, 0.9920060865073708, 0.9966060183255064, 0.9903561343292002, 0.9999920923206995, 0.9989520018543061, 0.9999735334791776, 0.9485838109381972, 0.9994885410883544, 0.9999940608651162, 0.9999673395759466, 1.0, 0.999936108285753, 0.9973800121886119, 0.9998038280329612, 0.9998314047822872, 0.9998315892228433, 0.9999940441325484, 0.9999942426759529, 0.9908498483201593, 0.9749746321346175, 0.9928872419440704, 0.992766889430926, 0.9830568693354957, 0.9708004984075428, 0.9389722649253088, 0.9931831541223504, 0.9932323469462124, 0.9920535119767526, 0.967993301175236, 0.9993342919615941, 0.9993697626923167, 0.9993761274447865, 0.9997737326210729, 0.9984683436345174, 0.9992641510754557, 0.9985063256957597, 0.9993663017699258, 0.9991427559914337, 0.9990644386682976, 0.9991427559914337, 0.918068524494549, 0.6372418633803161, 0.9188049338923119, 0.8923000741196518, 0.6917414268657256, 0.947481183418519, 0.9129564145080429, 0.9350748301430724, 0.9254923585092462, 0.9355947279530906, 0.9693826817493133, 0.9616018999317986, 0.6995443595162913, 0.8091617165384315, 0.7898610062784907, 0.8364615794798519, 0.7825707876731395, 0.7522264272057515, 0.7825707876731395, 0.7418119619383723, 0.7529892932765601, 0.7551769096187815, 0.7529892932765601, 0.8207490469537556, 0.2787400605436607, 0.4995737253560603, 0.5909092056096996, 0.4995737253560603, 0.5041310801187526, 0.46187634722556425, 0.46315191417410595, 0.5974055223076666, 0.37635751089804287, 0.4026302419916783, 0.3504897447212978, 0.4026302419916783, -0.6540991349599173, 0.7960190716675283, 0.7975831291115979, 0.7902050909112367, 0.7132268167096719, 0.8882413206816839, 0.8006684777402109, 0.80292662104068, 0.8006684777402109, 0.7061807264492336, 0.7061807264492336, -0.2654208361202159, 0.6699445202548368, 0.26099633586427146, -0.5761024046044789, -0.6020747289810257, -0.605300624149502, -0.07622781705519263, -0.025411217239693137, 0.372083625543939, 0.1268846188343679, 0.05282231394632823, 0.12318878854421718, 0.08988953814962401, -0.09738516058087451, 0.017460441884814885, 0.017929273295054986, -0.579438610484009, -0.5050918252483779, -0.026695816990664027, -0.5660405017170462, -0.3572041767662437, -0.32374437316296606, -0.1473438240945178, -0.32374437316296606, -0.265768324526353, -0.2930974095585751, -0.2930974095585751, -0.6073478021503373, -0.6073478021503373, 0.35833874379845254, 0.6068330968696133, 0.8042706958833439, 0.8103841436799918, 0.7615802304478055, 0.6485848657212493, 0.747700259494674, 0.7696778377733454, 0.7881799935722331, 0.7696778377733454], [0.9904086365728753, 0.9741246550686973, 0.9850275344792677, 0.992048008271432, 0.9966114960072218, 0.9904086365728753, 0.9999181829400557, 0.9986357300801133, 0.999931209159387, 0.9478783405633441, 0.9995264743396851, 0.9999236237132015, 0.9999116254277157, 0.999936108285753, 1.0, 0.997496373440579, 0.999699565651878, 0.9997800158124759, 0.9997811743987114, 0.9999008464022451, 0.9999194884321505, 0.9906186363759396, 0.9747285161275558, 0.9921709329043319, 0.9918139728575405, 0.9830746948226877, 0.9705214769630288, 0.938869851439897, 0.9923030820846255, 0.9923139164812447, 0.9914513678112864, 0.9670577723223411, 0.9993422830830561, 0.9992197574151731, 0.9993137153629684, 0.9997600687288779, 0.9983752829777616, 0.9992387795624987, 0.9984895951917109, 0.9992421117963679, 0.9991571686793823, 0.999092686234961, 0.9991571686793823, 0.916739508527799, 0.6375011922846321, 0.917540691903247, 0.8909610675090865, 0.6888192570992856, 0.9480302696664141, 0.9138039644394973, 0.9360306577481511, 0.9249148678041204, 0.934857724752377, 0.9697426423564377, 0.9611579391964156, 0.7008604862185016, 0.8077563868047278, 0.7901036397649487, 0.8361567814591706, 0.7828134989656979, 0.7545097347213354, 0.7828134989656979, 0.7398796103647575, 0.7524308452270732, 0.7563351264533094, 0.7524308452270732, 0.8207725420611517, 0.2786459453311726, 0.4991444892867505, 0.5923377384662435, 0.4991444892867505, 0.5027579625616003, 0.46352001025614, 0.4613739785158714, 0.5968946140463091, 0.3748026008055487, 0.403067316078667, 0.3507450270147143, 0.403067316078667, -0.6546403573944122, 0.7953882719707766, 0.796292434970198, 0.7892398547241648, 0.7258222467624498, 0.8885721446165695, 0.8001978517073649, 0.8027190753995187, 0.8001978517073649, 0.7062621159355904, 0.7062621159355904, -0.26604739889847706, 0.6721031220313803, 0.26121593056120535, -0.576352226975051, -0.6021066770091016, -0.6050397790239599, -0.07826173040219146, -0.026932482222638898, 0.37343005942397284, 0.12641134409471552, 0.051663739606741345, 0.12419046201538264, 0.09100235241155084, -0.0959188579702979, 0.016539038157076334, 0.01731360102288208, -0.5807815457386916, -0.5066748881010138, -0.024897012298937503, -0.5670694144315803, -0.3563309184826564, -0.32288088671642823, -0.1459097149785783, -0.32288088671642823, -0.26604562669861126, -0.29598484920286927, -0.29598484920286927, -0.6072188025288471, -0.6072188025288471, 0.35543287109691635, 0.6045728621994546, 0.8053542344455848, 0.8111364903547253, 0.759892409672662, 0.6475452336564316, 0.7494499556670027, 0.7704192729305277, 0.78959754549366, 0.7704192729305277], [0.9932451509827579, 0.9836633310067288, 0.9881713985021163, 0.9948720424488207, 0.9976950373673872, 0.9932451509827579, 0.9938553132235366, 0.9861469086117767, 0.9980446487089222, 0.9500896606881519, 0.9983938836249884, 0.9946999557405649, 0.9975183368000248, 0.9973800121886119, 0.997496373440579, 1.0, 0.9981169199397387, 0.9977387345707038, 0.9977363130950871, 0.997813059204116, 0.9973111913677529, 0.9914706784659834, 0.9775218356662151, 0.9701184320280563, 0.9873485642430859, 0.987288083717024, 0.9721311612427052, 0.9478610345025507, 0.9915365235834572, 0.9893066682763841, 0.9882226320268417, 0.9656493062238237, 0.9975002197647271, 0.9974977628404322, 0.9973182553154707, 0.9973195613258201, 0.9984871217555013, 0.9980231499121192, 0.9973143670131007, 0.9977329143468482, 0.9974217147199556, 0.9973995499335977, 0.9974217147199556, 0.9085639163685704, 0.6467738160798006, 0.9109905972029733, 0.8945347290779145, 0.7148812187811167, 0.9496064299260377, 0.9162129735172609, 0.94083