var element=document.getElementById("correlationAdjClose");if(element.style.display!='none'){var correlationAdjClose={"data":[{"type":"heatmap","z":[[1.0,0.9999940020142575,0.9857066158467813,0.9999291482145001,0.9991392455145683,0.9846685890842213,0.9979266542907543,0.9961863727560591,0.9696208157350198,0.9964884846467617,0.994669314559754,0.9942363580423288,0.9962986831233268,0.9963342524261829,0.9962308570060603,0.9977091657722581,0.9979686122338896,0.9984184429807321,0.9968021290716672,0.9968137189092569,0.9968452660901771,0.9962598784292039,0.9875773566573322,0.9717672694281232,0.9902172803344654,0.9573831444870029,0.989258291423834,0.988137025987192,0.9688426808284252,0.953817283211227,0.9928379332714654,0.9940919668935352,0.9926334590680739,0.978016532076494,0.9978321045460208,0.9980350002694087,0.9976146635530038,0.9963568405256029,0.9959282429482456,0.9979321408595044,0.9987794182168137,0.9988237211982565,0.9977969083405687,0.9978078621648283,0.9769530368704619,0.9169049119882621,0.9509380546663985,0.9297099778076553,0.9309433776122783,0.908538282733893,0.9635080978275861,0.9492245300439112,0.9652618167394185,0.9666685798463949,0.9561728522953322,0.9844461764651375,0.9817955160244775,0.9906130519834168,0.994416046250399,0.9871680188908483,0.9829927194793086,0.9884829449032507,0.9867665273873292,0.9890265356193653,0.9888660010400377,0.9630552330534669,0.9757319080104421,0.97660767546826,0.976301297990749,0.9531834428219527,0.9812423506493099,0.9783079437738699,0.9854407162891261,0.9847585235041155,0.9427116047808727,0.8922531278018562,0.8599778828662958,0.9078843182184799,0.9241210970352202,0.9216179314576366,0.9220945246797676,0.9207780509881195,0.7046347420189392,-0.5549241600266068,0.9813253590065982,0.9769522906690099,0.9738099168409171,0.9878576201263191,0.975180487344984,0.9849377180799394,0.9849434970589788,0.9489874369029009,0.9851821194156339,0.9519747272220975,0.7805442594317714,0.9104011755325929,0.9305400473961492,0.8068936606930993,0.9523857596665957,0.9531506559441968,0.9005918644053866,0.9660818109241006,0.8955404727205798,0.5957033037251277,0.7233149847090148,0.9026074710746569,0.8712046580890073,0.8937978262226185,0.9746757623407116,0.9748585673081097,0.7844938263523263,0.7415793418280389,0.825005802497835,0.43044669596469837,0.8041914526605984,0.8292374263826158,0.8244463946204285,0.8163155401799418,0.7836982949311413,0.7524912127924249,0.7357627813140067,-0.27846842380175174,-0.4180032191626047,0.6655944681085703,0.8908935020539586,0.9334997187299776,0.94161433825166,0.9062223273172351,0.8256646906044026,0.9091418794251137,0.9269718289527328,0.9268568483531343,0.8610898035793236,-0.16045395143093313],[0.9999940020142575,1.0,0.9885883544019597,0.9998398442135837,0.9982967387208471,0.9899040097182509,0.9946404229783969,0.9918835152264421,0.9855109992748311,0.9918983680727717,0.9919122834020805,0.9935681761557159,0.9920227490926659,0.99189896170517,0.9919582696627642,0.994125809075326,0.9966495120350849,0.9962762513622478,0.9942692906833296,0.9942712600287377,0.9919519069436132,0.9919962190930456,0.9921230429222111,0.9749472496728384,0.9888014806960861,0.9827902465857209,0.9887319913684051,0.9880975737272902,0.9815661556522213,0.9364497032874524,0.9894487724699722,0.9871393708915019,0.9812343406277497,0.935523469855777,0.9956911379070268,0.9955999052858288,0.9958237976082747,0.9923964300291604,0.9953442913436932,0.995831352306064,0.9970993784099994,0.9972505652815499,0.9958160079147512,0.9958236216423114,0.9901861463414245,0.9165339837900847,0.8914170945629639,0.9293018737824555,0.9307542238646146,0.908515409478949,0.8823732171154397,0.9259910654941818,0.8848944190065147,0.9140401027208802,0.8820378306827791,0.9558271941333044,0.9558027070097663,0.9696114011403025,0.9847680194227011,0.9828241633890771,0.984957496193129,0.9805348080156848,0.9811439695658656,0.9822287645839627,0.982153946595389,0.9502096079241545,0.9632182221607132,0.9406326126820401,0.940518595890227,0.8743710494368996,0.9797633101691894,0.981229969663918,0.9814179050745997,0.9810238676267362,0.9527782049830416,0.7752080444302648,0.7339365145271852,0.8367726504429398,0.8982483542297056,0.8526046353880491,0.8759195991105178,0.8746957217090126,0.7352214679129191,-0.20090067767792708,0.9707353624647803,0.9746016355314282,0.970519632998099,0.9833688881265059,0.9682690549817814,0.9736496548646791,0.9730671636486811,0.931561974765458,0.9754151840913635,0.9344833281438162,0.7013738050158491,0.9098723157289144,0.9082873269329437,0.5121006459531283,0.8331805199936613,0.8376989596122691,0.7436609796014623,0.9668775918544859,0.7165598125284591,-0.29732191026148475,0.2216102206158511,0.7436561893265622,0.6927273901496581,0.7362562336862615,0.96841665946387,0.9684103882260157,0.14886648437569655,0.32100405235248874,0.15536982866417312,0.12735713028289233,0.14885359291702724,0.16324581254727913,0.1601589062088524,0.08108987125906046,0.5124733097861832,0.24337776610824613,0.1926529880908329,-0.4404881699235239,-0.48586674347205744,0.6657374750916001,0.750604941966522,0.7746740846954409,0.8359797450258178,0.8171472294712576,0.5720679770272843,0.7547951226432332,0.7691342597162436,0.7679641643077406,0.420357655604067,0.21793757931566926],[0.9857066158467813,0.9885883544019597,1.0,0.9870953295541643,0.9931880267046157,0.9915140970614796,0.9898290380655429,0.9905034467303377,0.99079450733194,0.9931939530574082,0.9971824585553134,0.9963521914051157,0.990367084646165,0.9925574370368782,0.9905610723696673,0.9899936486150298,0.9908423740686543,0.9901399452688882,0.989215963934205,0.9891896508234284,0.9920636858308638,0.9903898965320035,0.9948374459483365,0.9841334690031729,0.99123567210663,0.9810705983135868,0.9918086777631897,0.9873319204910346,0.9864305495988626,0.9599185046061033,0.9696482979387296,0.9738359029053903,0.9768425583315342,0.9545132963001091,0.9871411220711598,0.9902364611614046,0.9886113662145146,0.992172561860725,0.9947514407525516,0.9910278058362207,0.9850532768338203,0.9878961590299202,0.9874896559232325,0.9868654478245891,0.9921846730372212,0.91198166217907,0.9339635885149106,0.9422627408857777,0.9243886231652623,0.8651949685434701,0.9213611638320761,0.9045181705992955,0.9240324921018864,0.9282987913516066,0.9129516173592119,0.9495915666301155,0.9583627293166412,0.9668019077456845,0.9776224816841936,0.9403532555014885,0.9652415915054652,0.9636491054380966,0.9705285214621128,0.9638961063957582,0.9386097486803898,0.9229639508112881,0.9469228164219076,0.9365839874838607,0.9178669170955901,0.8956190455382486,0.9709549002232013,0.949581695998055,0.9633806664938871,0.9425282476519797,0.8290566895304681,0.8500781770851933,0.7674466372083735,0.8683434793262347,0.8948362190336163,0.8964767082990167,0.8634056225572863,0.8777447196294609,0.4097404401539578,-0.5435284068539892,0.9609738165716937,0.9484237070596951,0.9478369858094405,0.9403629637830856,0.9554577840876413,0.9634450787576174,0.9630236364368212,0.9339355511766154,0.9586525564028154,0.8796690334068786,0.7638336768743995,0.9519407103777631,0.9513338856824368,0.784694901735062,0.9392135630617641,0.9408921295237248,0.8728720583098677,0.9801295701084767,0.7755599836523878,0.49933376980146355,0.666086572452054,0.7969351316215957,0.7975670445942786,0.7780790069942298,0.9824503305682744,0.9824981329010093,0.712904533907684,0.6874374853997567,0.7105359072141948,0.3769605641675293,0.7037993317337166,0.7139217072319737,0.725975829520799,0.712747721984968,0.7452420960703892,0.6861922132908513,0.6683377798275103,-0.34029454879873977,-0.47947457181633374,0.6314673470348311,0.8513540209632178,0.8803385677722997,0.8862626874822711,0.8773074352162065,0.7572486552504436,0.858065900820965,0.8693860832516165,0.8767910050367198,0.732876576231326,-0.08251022725015458],[0.9999291482145001,0.9998398442135837,0.9870953295541643,1.0,0.9993793952244143,0.9858234583466285,0.9981640981101535,0.9966052156844983,0.9718617073350752,0.9969447724259334,0.9953500622838096,0.9951231230879377,0.9966995941832258,0.9968223460496783,0.9966491610686339,0.9979768715594206,0.99829905717339,0.9986710575783413,0.9971678947331541,0.9971771469300619,0.9972325012388772,0.9966655697545405,0.9887732150588153,0.9731873381750717,0.991168730631262,0.9599912020901183,0.9903162721229971,0.9896551850798253,0.9708357685113845,0.9550256126819874,0.992153943217896,0.9935990125276427,0.992558264208564,0.9775862912449476,0.9979109364972817,0.998223617391006,0.9978355495183115,0.9968112218673596,0.9963725459137991,0.9981516233112073,0.9986730172080567,0.9988970992453747,0.9978717199121392,0.997879647410583,0.9787898857150019,0.9130994335482054,0.9488046628319762,0.9301532138022188,0.929440701993574,0.9019257830937688,0.9605569252465245,0.9459289804326646,0.9622199697730339,0.964176655654576,0.9533611469775746,0.9823412911816471,0.9802685455090534,0.989744798797498,0.9942103511713773,0.9857986665331754,0.9819797449338226,0.987296833890346,0.9862193569549536,0.9877631858441928,0.9875946027363403,0.9535290779159384,0.9745667326443918,0.9751772478852676,0.9748662756244957,0.9482655578648119,0.9808409577670758,0.9755838625048632,0.9840724404884413,0.9833546528517626,0.9229323915610499,0.8908301741273761,0.8562749411863136,0.9062666260435601,0.9214144925051907,0.9211731660198369,0.9197538193728768,0.9184770562508583,0.6146194152675888,-0.5543983386784314,0.9805633257952365,0.9758386136388691,0.9724774536837958,0.9864909435886012,0.9745089460033535,0.9842305436367862,0.9842306379965104,0.9486841614946818,0.9838220165636139,0.9374997432781645,0.7844325437760166,0.915693207441556,0.9345306426931329,0.808615231316502,0.953665547552648,0.9544570209559836,0.9000669928132864,0.9672948889441958,0.889334967542483,0.5919076595099793,0.7214883360517748,0.8970386288815221,0.8674599010922488,0.88795588085507,0.9754863341129437,0.9756741072125024,0.7832227378245836,0.7417235443808098,0.8169776775286569,0.4322377678999926,0.7982836683227431,0.8209325012559145,0.8160649103207035,0.8108074927942397,0.7859060591312216,0.7522589105128829,0.7356136658100382,-0.2738753576532817,-0.4172779872687785,0.6649723887052178,0.8888888535951204,0.9314859051243723,0.9396698777829152,0.9048445092047117,0.8227570696975451,0.9070016851837173,0.9245641694366666,0.9245971532209737,0.8537260403602516,-0.15327539234740942],[0.9991392455145683,0.9982967387208471,0.9931880267046157,0.9993793952244143,1.0,0.9886411248045928,0.9990928692337901,0.9985585142531405,0.9840444204185531,0.9985591342411526,0.9981654844801285,0.9981994808635429,0.9985851097532735,0.9985912047149926,0.9985905839129655,0.9990843918730676,0.9987449981727018,0.9993037390263756,0.998900127156325,0.9989011624476375,0.9986444319805224,0.9985803870963788,0.994574768627982,0.9807397644205577,0.9950591001112782,0.9771398550571586,0.9950387239905168,0.9924736905523452,0.9834714687249191,0.9583611826121624,0.9892618651022618,0.9919354879206117,0.9898501931913628,0.9697388230875014,0.998935561522039,0.9989900290317357,0.9990089046392302,0.998668009485002,0.9986859660753316,0.998982304798359,0.9989798043905227,0.999202740048168,0.9989416172465031,0.9989423216514994,0.988311587672636,0.9230320604904926,0.9480584894017826,0.9405824657731461,0.9329197253318252,0.8975676024857838,0.9475359906342022,0.940590960007673,0.9518144660304718,0.9577843417767689,0.946414387564005,0.9796992693817334,0.9796180928098366,0.9897095409595813,0.9940291790154682,0.9826280669822505,0.9766519787503569,0.9829832517604817,0.9826156509760023,0.9833384749232689,0.9831626627153203,0.9537962411410962,0.9664826099821496,0.9612158448919408,0.960859636743372,0.9231960160188419,0.9782301902746637,0.9745764357908173,0.9803492578409103,0.979583754719809,0.9403285018334063,0.8714365284790104,0.8349125675098116,0.8919459308362669,0.9262237864612062,0.9111689471516575,0.9180766838158295,0.9170040222756861,0.7593942082451289,-0.5639378908159461,0.9746964524124451,0.9662844978484464,0.9637644773526345,0.9835334212679836,0.9655108747817116,0.9781157578843276,0.9778044900660255,0.9406046507299715,0.9796051882827914,0.9431188948929253,0.7741011646795609,0.9302632745472192,0.9541557039383709,0.7730075353722278,0.9414182892135448,0.9428670332849699,0.8944278395098693,0.9721914726561651,0.8884353423390011,0.4318215047252897,0.6638530599167962,0.8942848526642647,0.8442403484243679,0.8898292885853858,0.978982350840443,0.9791250965096628,0.7483589652235819,0.7256036898544427,0.7522259902776078,0.4106372497580534,0.7046719996043893,0.7570375846740544,0.7525097866571584,0.716151615525578,0.7729720435921327,0.7376255846651205,0.7201119117405623,-0.47866882245682696,-0.5601063292830346,0.6601677315980593,0.8836573095519539,0.9174566739958575,0.9340261671421403,0.9029528263651025,0.8042001813845882,0.895628393160576,0.9113513371082498,0.9109196347057241,0.7906934596738043,0.05676958490753877],[0.9846685890842213,0.9899040097182509,0.9915140970614796,0.9858234583466285,0.9886411248045928,1.0,0.9835779239585514,0.9845287387352553,0.9927489614500772,0.9839766664033863,0.979795278779033,0.9789846355256788,0.9843900594116158,0.9849035958720875,0.9845997780330019,0.9842627212324482,0.9876770441977851,0.9853775804111032,0.9852453082701361,0.9852792140225257,0.9834240486054848,0.9845340908749399,0.995281675543616,0.9935691224841459,0.9858734532853121,0.9870831026809446,0.9861702966587635,0.9770694743902192,0.9882141425845992,0.9742196603361187,0.9623430897337075,0.9679973345659044,0.9771980225728908,0.9668213065772566,0.9832638928539763,0.9836490788037533,0.9844748085538318,0.9851790601031479,0.9797383413765253,0.9841168003660311,0.9825028264766441,0.9842131858389052,0.9834592878873724,0.9835009256142124,0.9960574521362666,0.871510890009156,0.9260841846019414,0.9117492942533031,0.9235841704968745,0.882767976225283,0.9180094355106251,0.9096399114229102,0.9206746572289607,0.9355130716134745,0.9169134599133738,0.9504698544012857,0.9558799969571253,0.9620791321683225,0.9711095697905104,0.9708976302125276,0.9868052449434048,0.9726904814749705,0.9842899243705532,0.9722836162143993,0.971707433678437,0.9766067938987693,0.9689321627155035,0.9487717831910916,0.9481998482738752,0.9476712680305885,0.9829372404016417,0.9755922202680589,0.972235128699056,0.9708844943654827,0.963861472661042,0.893103746875487,0.8476599346957879,0.9101283747711072,0.9176352015169942,0.9269875405272514,0.9079711725390088,0.9057146534431583,0.7367401650932862,-0.5025627848335399,0.980956652964094,0.982465896713642,0.9782765455388025,0.9717636793549028,0.9734897619876335,0.9796771865296523,0.9792409019054606,0.9684210762410655,0.9691662719212798,0.9674229889338238,0.7861055493286071,0.8896897139964711,0.9538625502297514,0.8187025738857161,0.942559572294827,0.9435588008005173,0.8673719638033737,0.9590209955415135,0.8352840994423092,0.5182552911989246,0.6867644309017652,0.8450084234700335,0.8199630092888478,0.8345394677447072,0.9593384890296156,0.9594750504546736,0.7375870056927474,0.7178316394209072,0.7520933081269755,0.4344365617103242,0.7445310120777795,0.7574905553743009,0.7513345413211463,0.7483923843134321,0.7666996792026457,0.7132288498509194,0.6992737497328612,-0.30136155890590144,-0.43139162102406253,0.6717366618137037,0.8556532530846306,0.8736859264392247,0.8876721812660414,0.8658418882746808,0.7817260882843412,0.8489108427161945,0.8656413278593893,0.865798400286946,0.8071582310811697,-0.11615159548403146],[0.9979266542907543,0.9946404229783969,0.9898290380655429,0.9981640981101535,0.9990928692337901,0.9835779239585514,1.0,0.9975272684212065,0.9571390432234703,0.9996096654636771,0.9995661667768095,0.9995873344905949,0.998420056502242,0.9994753664679344,0.9991849822371325,0.9998913168454615,0.9965818285399196,0.999903308459092,0.9993791985110438,0.9993838931368488,0.9997135914679729,0.999328542138091,0.9907138972922023,0.9746296786317362,0.9858678509105526,0.9267131755118541,0.9935608576534247,0.9921853791541722,0.9741048062106616,0.9519230920674725,0.991624328133901,0.9918982180480699,0.9935551721289546,0.9749502348922839,0.9990076889317011,0.9998518858045821,0.9997148364260273,0.9994818728470812,0.999767439432663,0.9998364060902833,0.9985112930434243,0.9997360570421934,0.9993883264996968,0.9990441685355447,0.9805558162150316,0.9308781000122146,0.9514971586230518,0.9493764087210593,0.9397290307137717,0.8976373066062229,0.9572006933432151,0.9455639069550119,0.9595325733847478,0.9616624155070415,0.9521243109998705,0.9815042227195194,0.9809195000522593,0.9917167635273934,0.9963666675291788,0.9502445504026861,0.9647389108887608,0.9741624329684521,0.974806079783038,0.9756893948816717,0.9502492729226084,0.9065678491534652,0.9579456441573834,0.9628112255780304,0.9415690150719321,0.8983485023741268,0.9688006924493827,0.9426471887665835,0.9691337109315346,0.9506047513722917,0.789089044404888,0.8650225451080378,0.7873503710156007,0.8796313527228863,0.8962469162112989,0.900876868889981,0.8797128730091395,0.8915786378622546,0.35855960992308206,-0.5881159403039912,0.9659132101695109,0.952653583796539,0.9513807367329488,0.9517230287102206,0.9617173807510552,0.9720323181812416,0.9721373646734647,0.9300189639499753,0.9690386309607788,0.8553184341592066,0.7686352339054698,0.9310189639807243,0.9337572334264059,0.7967769462439224,0.9515963694991925,0.952545439521114,0.8979939167210104,0.9717044419045217,0.8321622628857486,0.5852067575365594,0.7142879707179405,0.8557250851945137,0.8482730443069008,0.8372426070680644,0.9793373176902863,0.9795259705332853,0.7737635842912252,0.7231179580233298,0.7821130492555446,0.40505304768080824,0.7770013645006644,0.7943061775124186,0.7882802539640875,0.7924357961610194,0.7701510029906254,0.7436264153061516,0.7252168138566396,-0.28828470311629695,-0.43921010396786186,0.6772140571581061,0.8878723069219369,0.9229383175982889,0.9400756164857622,0.9089664188783946,0.8238023619006289,0.9087824749975274,0.927865312327004,0.9266387202015721,0.7754312976014313,-0.12120687272487478],[0.9961863727560591,0.9918835152264421,0.9905034467303377,0.9966052156844983,0.9985585142531405,0.9845287387352553,0.9975272684212065,1.0,0.9679453241099709,0.999999827644064,0.9999993006100236,0.9997525477941638,0.9999970738842956,0.9999925898875274,0.9999982199000478,0.9993158475198989,0.9913778303840037,0.9994488689742341,0.9999082971465683,0.9999079193623485,0.999964460783664,0.999998772322578,0.9911601416730413,0.9762334467047528,0.992829335442493,0.9407746303685447,0.9940580282001906,0.9904295491296509,0.9763098054338493,0.9513244823365484,0.9879479860266505,0.9938403194366063,0.9921229003971482,0.9719279562212367,0.9994669032310586,0.9995657341002921,0.9996710899685243,0.999740681089424,0.9992052776302636,0.9994982102401537,0.9982135109048546,0.998817917969593,0.9995384918663209,0.9994047012368468,0.9822286969628387,0.9306679551560124,0.9487672650134511,0.9531356267957508,0.938136022723489,0.8869888188607373,0.9554455146505885,0.941034955551712,0.9574184486714697,0.955967063075348,0.9461031611195923,0.9794731963535197,0.9779704407289334,0.9906606269862942,0.9968642320076719,0.9454382585938498,0.9608255553561699,0.9680759085858391,0.9719146584392367,0.969977746557495,0.9485837256423085,0.8994856935481956,0.953440938886367,0.9562945979073024,0.9363087636752518,0.8868856312986901,0.9662424617845127,0.9367445439368693,0.9639290519148757,0.9461431408622588,0.7770438823864597,0.8574462187345272,0.7830561608264727,0.8721050115963449,0.8894313677809564,0.8965948087069441,0.8754815131697061,0.8850628831422672,0.3415771313287206,-0.5921989670177464,0.9619891013650377,0.9465462329586929,0.9457229377946135,0.9498157371268743,0.9574313880951333,0.9681773040741551,0.9682654686648532,0.9256589399579354,0.962542116206181,0.8449326276550545,0.7656758990727395,0.9444689711242941,0.9443175238536774,0.7933885078087068,0.9513812618445117,0.9524805322680071,0.8954564928382207,0.9755850792791249,0.8349822496360819,0.5708950141680099,0.7055870301764802,0.8566110015887237,0.8450734999156634,0.8393003502475852,0.9817363465544084,0.981929049920647,0.7648535618646869,0.7155608964267061,0.7833100714629778,0.392779301538378,0.7718502024736954,0.78971794525978,0.7886118535229999,0.7868257050683009,0.7640262243949358,0.7378835086972183,0.7189049315018461,-0.3038443203249541,-0.45370558135150124,0.66348059390808,0.8803715949658928,0.9203704106607505,0.9325056389193174,0.9032157625623165,0.8130964955478169,0.9023474189772939,0.9215707851567237,0.920611262292297,0.75668392266141,-0.10429163862647561],[0.9696208157350198,0.9855109992748311,0.99079450733194,0.9718617073350752,0.9840444204185531,0.9927489614500772,0.9571390432234703,0.9679453241099709,1.0,0.9829902385852963,0.9873179250584266,0.9896461593595852,0.9716168798447911,0.9799500974935975,0.976529222877093,0.9744487660817114,0.949310394228091,0.9792639193470719,0.9772831681899241,0.9772508766899459,0.9814607726134447,0.9763986367491293,0.9939628243925307,0.9928573762676144,0.9808684575666686,0.988926592314313,0.9839433826933693,0.9901755382796368,0.9905883441909042,0.9681126190874313,0.9276507936007691,0.949257038569516,0.9657202717367982,0.950177863860568,0.970926356785649,0.9793321058567896,0.976031444707778,0.9783845149350476,0.98787158710426,0.9804798128775843,0.9669677327118273,0.9763945915705227,0.9717796004940193,0.9707502696189579,0.998968453585391,0.8902283900604991,0.9177187423043205,0.9446829615609563,0.9354117948415592,0.8612139837307267,0.8845395623585657,0.8820049197826243,0.888424223248983,0.911532385394142,0.892313517215283,0.928036484889131,0.943867907243305,0.9495497165737151,0.961329566010942,0.9004683878368536,0.9665812939140215,0.943390682256636,0.9643884456156324,0.9434007534122925,0.898624325608438,0.9131108359972009,0.9403184238040313,0.9122021860700205,0.8752591561627151,0.8790274287979634,0.9659310056480009,0.9174715289502274,0.9416417318573927,0.9034657710669417,0.8167139504965015,0.8432558993051112,0.7238447955709612,0.8634535268918625,0.8760473396170191,0.8897919248855926,0.8378156727010112,0.8563764384001629,0.3883059945543981,-0.5277743088552651,0.9554794266820507,0.9511320641064442,0.9474535174790937,0.8991583329864293,0.9455427258834789,0.9534357005743317,0.9528002700067235,0.9371162818955461,0.9378498296760147,0.8670327956747457,0.7700842066122011,0.9358473362816294,0.9595857545783953,0.793467717574661,0.9323559239865546,0.9339905204149086,0.8503376315077655,0.9675129472967708,0.7417746032898739,0.461956760659047,0.6470566168471807,0.7740713013975028,0.7742816238174596,0.7522781195776891,0.9668516447643808,0.9668784789212811,0.6937791455098123,0.6767647289910634,0.6757417585044412,0.38450434714449944,0.6855323451748483,0.6919578811319855,0.6757552541064088,0.6909194230983108,0.737937997849008,0.6802297615227939,0.6636789839369907,-0.34668873246920506,-0.48214784372452657,0.6742167712719715,0.8358234768421142,0.8330932856761067,0.8606815936891635,0.8561368964422971,0.7494091269796412,0.8134244103175671,0.8387003270341794,0.8328548376507382,0.7047258924630514,-0.042231818487340686],[0.9964884846467617,0.9918983680727717,0.9931939530574082,0.9969447724259334,0.9985591342411526,0.9839766664033863,0.9996096654636771,0.999999827644064,0.9829902385852963,1.0,0.999999122014007,0.9997572328136439,0.9999985276301964,0.9999914012484419,0.9999977277072996,0.9996752624330028,0.9978309033802631,0.9994443758654592,0.9998816738357883,0.9998816287046819,0.9999769567578795,0.999999303161827,0.993734373488585,0.9778367382550754,0.996112277569474,0.9737196034769606,0.9961956413062827,0.9904106754339516,0.9806775271515649,0.9526060010971316,0.9895119488647387,0.993627966706218,0.9896506984725769,0.9684721530627698,0.9994908325213258,0.9995576196445906,0.9995698830949097,0.9998295626447284,0.9992183555824958,0.9995058479671978,0.9984233671254783,0.998859403937794,0.9994954278464628,0.9994905667547835,0.9865749359297872,0.9305812081490893,0.9488039243894678,0.952970645170611,0.9379797228084013,0.8871262662535074,0.9455761983399812,0.9350539443096222,0.9492654244561713,0.9540568292909366,0.9440608175116275,0.9782381949501456,0.9780051114536981,0.9912382533867403,0.9966536846599948,0.9729725700070784,0.960806727586067,0.9733862379224263,0.9718977932064369,0.973843579742526,0.9735984599129345,0.9420395728395086,0.9533817220971942,0.9518270480019503,0.9514950204448671,0.9120335047753027,0.9662030450063012,0.965187374689245,0.9708827039523639,0.9699208976821446,0.9273526469755371,0.8574925592921627,0.815180762335729,0.871902816558582,0.9095308507854122,0.8967622598143488,0.9026574211960599,0.9018175466618013,0.7128520134214601,-0.6006289910950999,0.9619831048035734,0.9465463336607004,0.9457332521169837,0.9740824726231456,0.952913369547971,0.9678392185683862,0.9674825227574915,0.9264694183379242,0.9695566573481781,0.9292864201382937,0.7656851933340114,0.9441679866428195,0.9562307005044416,0.7766176900202314,0.9449092499088682,0.9461744536518639,0.8955290049989307,0.9747513074232673,0.8962965038484934,0.47046933711646516,0.6813253237645579,0.9020896181074491,0.8524635576492049,0.8977386377434933,0.9816956088097198,0.9819168106438985,0.7649224528874043,0.7152973283314518,0.7680766911536203,0.39290118608393565,0.7218278483032979,0.7729729298642274,0.768382727136928,0.7349287601544977,0.7637758526117531,0.737847291757701,0.7188425184611519,-0.5239494237686345,-0.6059362140078443,0.6633249799016608,0.8804835349802264,0.9198951460782884,0.936183210062692,0.9033682457268051,0.8095590050588212,0.8968506345294812,0.9134833380072723,0.9129469194152233,0.8028176581380441,0.1218915403180719],[0.994669314559754,0.9919122834020805,0.9971824585553134,0.9953500622838096,0.9981654844801285,0.979795278779033,0.9995661667768095,0.9999993006100236,0.9873179250584266,0.999999122014007,1.0,0.9997572137576691,0.9999963488551762,0.999994716713146,0.999998301146054,0.999657080853304,0.9974753908824396,0.9991707298823193,0.999779841742291,0.9997796962629436,0.9999984133182389,0.9999983174094899,0.9928863422604695,0.9730672820339498,0.9951553993561069,0.9816509293192414,0.9957511459848578,0.990426243732061,0.982718486886495,0.9445414720246387,0.9884442417381667,0.9929735105469935,0.9831224562948626,0.9424538475682401,0.9992559391076149,0.9993130577037946,0.9992505451023603,0.9998906731505919,0.9992008956775252,0.9992608024810806,0.9978415196641427,0.9984395874847191,0.9992278360927712,0.9992253052152038,0.9886642913819562,0.9302729774715712,0.9136585063215598,0.9529095037271592,0.9378734811852556,0.8867916135682786,0.9128956763536681,0.9024108906475499,0.9175476329481862,0.9263761282136322,0.9112117347545989,0.9699939680462125,0.9699685921959937,0.9905330497728979,0.9950806764280433,0.9655494611975344,0.9609186514754833,0.9617956356288541,0.9623746012517014,0.9634171644671998,0.9631579819753856,0.9182383584199186,0.9433076167019904,0.9201873947262513,0.919694433691062,0.8435752855939651,0.9638225394264691,0.969690827289827,0.9659830117633346,0.9649035579272763,0.918941893680238,0.7853072411872573,0.744822517832762,0.8313176608128415,0.8867365455306842,0.8536211260702166,0.8701100396007053,0.868691992323511,0.7095723278470513,-0.41819802640507786,0.9488868540401114,0.9466690688990719,0.9458181539576936,0.966776183026538,0.9396453740427265,0.9518841543678794,0.9512458336391322,0.897219394470543,0.9548473202213131,0.9024440210725577,0.7658393850347712,0.9445031123838504,0.9596217968786329,0.6595555943897611,0.9019235071989338,0.9047449612338017,0.8513662414083558,0.9845528486064806,0.8389911778772448,0.13227324289918854,0.5294656352327196,0.8512674642834487,0.8166649143401371,0.8456435814420882,0.9853020692659614,0.9853199725662032,0.5147792715092298,0.6243465524498609,0.5220656244311511,0.39281840408440344,0.4878317663603682,0.5337633815693346,0.523600154686695,0.46066547549173525,0.7516515321377336,0.5974882472439308,0.5578838187209498,-0.4875003911747499,-0.5433651203944989,0.6627180313945775,0.8592920877215402,0.8720580358628286,0.903178787334517,0.8968480411827258,0.6648847641642999,0.8408619967982395,0.8644602004222854,0.8637176895109308,0.6081677746530243,0.06684668234683507],[0.9942363580423288,0.9935681761557159,0.9963521914051157,0.9951231230879377,0.9981994808635429,0.9789846355256788,0.9995873344905949,0.9997525477941638,0.9896461593595852,0.9997572328136439,0.9997572137576691,1.0,0.9997706791471399,0.9997556640263382,0.9997623859125807,0.9996607330879771,0.9981190064883091,0.999375564875117,0.9999687428719136,0.9999684271527091,0.9997614153681164,0.9997672800331108,0.992362380690746,0.96937008224117,0.9938601776708869,0.982167365690458,0.9946709350885978,0.993078454199002,0.9785768481173887,0.9244954761265484,0.9911185465212096,0.994031407669506,0.9784975937492919,0.9225346476761205,0.9993859741802219,0.9994364411568357,0.9993954400105937,0.9995674189369457,0.9995935866827328,0.9994128495010752,0.9976950005378188,0.9984679079407354,0.9993732298804733,0.9993700589345621,0.9898868389449781,0.9255694182179878,0.8988250744194197,0.9500629828140787,0.9372768101447511,0.886864903710971,0.8755377149545537,0.9149662261879561,0.8793488550978237,0.9008242045225918,0.8736412532766088,0.9569668329924867,0.9569493238024194,0.9813338403493662,0.994417575234204,0.9647125569876631,0.9657102076611349,0.9579576267961469,0.9605169324312278,0.960859451723017,0.9607029644701881,0.9190927678994211,0.9355682718202283,0.9070955677203291,0.906915688001019,0.8278873203481609,0.9626548157052693,0.964930346668364,0.9650229584277118,0.9644647300940525,0.9257361068914143,0.7297524299099766,0.6849775118355124,0.7936184187426577,0.8626428750668288,0.813911114809854,0.8390081770026115,0.8381129369172539,0.6843955546900333,-0.3168085280317683,0.943560111199741,0.9495886452290524,0.9433080757629806,0.9656212265487253,0.9404385053368649,0.9474731300744887,0.9466675098454929,0.8952896475745814,0.9501806102573911,0.8993501792738327,0.7137334963900354,0.9418326709430228,0.9362571134666171,0.5200619932294318,0.842124363881718,0.846968617624231,0.742128788818771,0.9778541099432944,0.7180067091598473,-0.2386312920779085,0.2610215071188263,0.7420355129900273,0.6970230801516675,0.7356276953853569,0.9790368818014402,0.9791251594407501,0.19250042145766735,0.3502792455680054,0.19748824358061284,0.1695259653688531,0.1895543680316346,0.2060551876731384,0.20362576880030758,0.12005952120779158,0.5384306801004595,0.2709838878758321,0.21846128342421287,-0.5056542707220006,-0.5500777011413843,0.6635925724899733,0.7523711997441515,0.7763204726132852,0.8396391774727341,0.8236934807310804,0.5625352609778492,0.7537421409712497,0.7710567070296394,0.7699590037466028,0.4228299466335253,0.25833831756392084],[0.9962986831233268,0.9920227490926659,0.990367084646165,0.9966995941832258,0.9985851097532735,0.9843900594116158,0.998420056502242,0.9999970738842956,0.9716168798447911,0.9999985276301964,0.9999963488551762,0.9997706791471399,1.0,0.999991049099539,0.9999976813119611,0.9993645611644274,0.9930663770741892,0.9994892367240591,0.9999173708016578,0.9999171875539642,0.9999714877730532,0.9999989659667486,0.9910481328581608,0.9760536555852907,0.9934888566448209,0.9457111220773146,0.9940108681175737,0.9905473050255255,0.976115341839122,0.9512800339181068,0.9888555600218167,0.993919958513429,0.9922094541627252,0.9720656923316224,0.9995095458642718,0.9996056481504393,0.9997017805503428,0.9997406041978975,0.9992671925768387,0.9995396084682792,0.9983004980272646,0.9988862540333524,0.9995813642791985,0.999448145328303,0.981996413560795,0.9309569155472183,0.9489519003975483,0.9530933610747643,0.9382957933306166,0.8876780926461898,0.9558039960763562,0.9414368296497718,0.9577812605758671,0.9563220145171827,0.9465101091701863,0.9797312066584853,0.9781667177022408,0.9908047403441019,0.9969439290559168,0.9457169234357529,0.9609032859624216,0.9683052407405602,0.9719997988957344,0.9702047536419133,0.9488158950391228,0.8995233511946401,0.9536368935584512,0.9566531480652551,0.9367055005462083,0.88716475492323,0.9662801173237409,0.9369138623409183,0.9641077591186923,0.9464017575960079,0.7770216073757392,0.8577901896697298,0.7835436669794206,0.8724303075124674,0.8896867445033689,0.8967643832603128,0.8758299989548252,0.8854116091757633,0.3417577949921225,-0.5922231400127922,0.962123655413466,0.9467532695976552,0.9459065188450113,0.9500392892475956,0.9575757703504614,0.9683282286819994,0.9684189027299929,0.9257153258600221,0.9627905334496093,0.8450129348966603,0.7657726951354975,0.9438634077184349,0.9438146384251861,0.7934755787581174,0.9514008388309946,0.9524918685268345,0.8957994460855843,0.9754414713007946,0.8354678030890371,0.5719769966151013,0.7062481846859798,0.8570847634083505,0.8456077541358081,0.839780309532001,0.9816730788319477,0.9818656742125997,0.7654770121256438,0.7160929748569569,0.7839177174956758,0.39345854225109506,0.7725248651454968,0.790410006732709,0.7892319868734579,0.7875370529548624,0.7643812268471357,0.738336823052249,0.7193768450071278,-0.3029027386300802,-0.45286891244704736,0.6639545940483531,0.8808987268853913,0.9208392591878763,0.9330455020352685,0.903699381765833,0.8136706753400226,0.902933020825009,0.9221517887070158,0.9211814733236201,0.7573708533298815,-0.10532527231363786],[0.9963342524261829,0.99189896170517,0.9925574370368782,0.9968223460496783,0.9985912047149926,0.9849035958720875,0.9994753664679344,0.9999925898875274,0.9799500974935975,0.9999914012484419,0.999994716713146,0.9997556640263382,0.999991049099539,1.0,0.999994959744925,0.9995579954894106,0.9977732410667992,0.9994465094081982,0.9999024672249747,0.999901451272578,0.9999530622674192,0.999991262813391,0.9930040225640558,0.9764776475931773,0.9958218738701637,0.9677096184242754,0.9955978109863944,0.9903846802259078,0.9765070153215352,0.9514443664346154,0.9891037137993786,0.9939272719294866,0.9914754336553585,0.9715726962141609,0.999484646679492,0.9995580983023526,0.9996196424707796,0.9998860520295746,0.9992291655345079,0.9994878184884866,0.9981527558710979,0.9988066765242952,0.999503120300757,0.9994960495888997,0.9845071601822174,0.9307299506977972,0.9486982648562576,0.9528866378547005,0.9378878631963932,0.8870850664997394,0.9500833525771508,0.933833456958596,0.9523484454827988,0.9556597474518362,0.9457563318972738,0.9780683570928475,0.9778302803514866,0.9900558175425134,0.9969367078211974,0.9732373300578419,0.960575150710746,0.9736172242260497,0.9719053348707465,0.9745742853305354,0.9743143992336839,0.9505105523700665,0.9530986397353601,0.9557921881794267,0.955441009406021,0.9275113367514208,0.966237332055796,0.9679629261359023,0.9725088017598275,0.9714237686920344,0.9361448740243034,0.857195430806746,0.8211927257883403,0.8716831332569921,0.9007034395022588,0.8963932424973107,0.8970545239901023,0.8958769905983683,0.6901867411250381,-0.5927269748998073,0.9620058778745286,0.9464372938384082,0.9454835702121872,0.9743596207070508,0.9575374862591086,0.9681936176545844,0.9682904448191981,0.9258601818132016,0.9688604744215609,0.9372748790192923,0.7655656024096262,0.943903710576594,0.9493293887002043,0.792560820425399,0.9512410249871892,0.9522702990945694,0.8953989004774585,0.9757909884791904,0.8842679220777458,0.5711877584847789,0.705108234164399,0.8920038304357968,0.8583233543453118,0.8827909200666731,0.9819493541307591,0.9821675957669235,0.7640266485400814,0.7147523704642901,0.8012411499313087,0.3928857768806026,0.7775619025917809,0.8057660121449339,0.8002846257063104,0.7866261329715406,0.7638586240565031,0.7365304600158232,0.7175673542102949,-0.3942959292084719,-0.515403107988925,0.662603972337535,0.8804782950034181,0.9171005224903606,0.9283859569235915,0.9037042338790238,0.8122257890458225,0.8898543939999514,0.9100695751324632,0.9096564389039425,0.8399952878947194,-0.07215804238340423],[0.9962308570060603,0.9919582696627642,0.9905610723696673,0.9966491610686339,0.9985905839129655,0.9845997780330019,0.9991849822371325,0.9999982199000478,0.976529222877093,0.9999977277072996,0.999998301146054,0.9997623859125807,0.9999976813119611,0.999994959744925,1.0,0.9994556229277455,0.9970371643368149,0.9994649159543084,0.9999112148687505,0.9999105417774478,0.9999654976909357,0.9999975933741552,0.9912050618453413,0.9762988377788903,0.9951746698509121,0.9592311206468439,0.9949758232784138,0.9905030724493947,0.9763648912634231,0.9514946881013082,0.9913224059302944,0.9941868551226967,0.9920715967003665,0.9718387719280354,0.999478499487522,0.9995670525247162,0.9996782984513279,0.9997561947091013,0.9992333747877848,0.9994956233915832,0.998238551031566,0.9988342276454747,0.9995483907931937,0.999417314384302,0.9822296882584852,0.9307447727371689,0.9487848117321922,0.9531309285958895,0.938240958902645,0.8872845025664889,0.9555241411399444,0.9411680146899635,0.9575288824382563,0.9559164406919297,0.9460191180224966,0.9794980158339753,0.97791428424618,0.9906305594035969,0.996828078765004,0.9457324412615947,0.9609052114158733,0.9682427891629415,0.9719945284879808,0.9701304632184999,0.9484028117773432,0.8997023557829447,0.9533511835674378,0.9563591514739883,0.9365206626051097,0.8870206489694993,0.9663881923562837,0.9370889932372374,0.9641318362971066,0.9464517450548179,0.7773907482415193,0.8574424562253827,0.7833175227322859,0.872143861406626,0.8896013619278413,0.8966015275286633,0.8756334925175415,0.8852310478675527,0.3419344292909402,-0.5918951605738457,0.962075287690727,0.946680306423207,0.945842719581267,0.9485774229923698,0.9576068577165394,0.9682592634209517,0.9683439192241446,0.9258521521656924,0.9627098434565502,0.8452004486871268,0.7657059841660245,0.9441779939429084,0.9442197345343524,0.7933912311263067,0.9513088659801415,0.9524123894695355,0.895273660836335,0.975601859331255,0.835012232282959,0.570718523920858,0.7054729316839908,0.856619082299636,0.8451960442168541,0.8393273034689523,0.9817747084161244,0.9819644462887911,0.7644639255067672,0.7152213003531825,0.7832887848747065,0.39303655066938126,0.7718268444949946,0.7896368291150416,0.788765972036075,0.7867250605198115,0.7639451695304809,0.7371429344116359,0.7181988602533715,-0.3036576754598653,-0.45351440622706574,0.6637252237279546,0.8802766525145432,0.9204915698811981,0.9325448305955594,0.9032551543887207,0.8128899492059545,0.9025480137175244,0.9216045217572282,0.920762147085671,0.7567766632443178,-0.10456053251162574],[0.9977091657722581,0.994125809075326,0.9899936486150298,0.9979768715594206,0.9990843918730676,0.9842627212324482,0.9998913168454615,0.9993158475198989,0.9744487660817114,0.9996752624330028,0.999657080853304,0.9996607330879771,0.9993645611644274,0.9995579954894106,0.9994556229277455,1.0,0.9983882310308163,0.9998491462774,0.9995456647438203,0.9995504842448789,0.9997661077843254,0.9995308974640755,0.9908376179585402,0.9752423903101692,0.9938016614744964,0.9515703411858083,0.9934470201305575,0.9921027885535395,0.9744852457453688,0.9520357399585626,0.9917650787543785,0.9925995730776163,0.992961209428739,0.9739770512284843,0.9992699790845851,0.9997327554148776,0.9997151036739926,0.9995667732551851,0.9995928018094403,0.9996876694397698,0.9988387803073667,0.9995789393780078,0.9995068763329777,0.9992654795084392,0.9808051692414019,0.9292337508009285,0.9509408677974172,0.9494013345413118,0.9386120823412043,0.8942443030100378,0.9576192391716177,0.9457719928506563,0.9599148936375363,0.9601320022764266,0.9503229598774182,0.9815240059553848,0.9800188196689528,0.9916102965583019,0.9963403043446692,0.9504347144432325,0.9645739198373621,0.9734258779612214,0.9745813067707078,0.9750432054867014,0.951337437330654,0.905760789677983,0.9567373293071725,0.961844934224049,0.9416568694533505,0.8959997950153928,0.9688882365638186,0.9422535368627623,0.9686838556741045,0.9509886543013157,0.7863584538577456,0.863191132771512,0.7878651845440721,0.877686894064461,0.8948681628905517,0.899499518387608,0.8795150523330934,0.8907233531037798,0.3536457863400641,-0.5888326666394523,0.9654361402654789,0.9517256496854926,0.9506274241841871,0.9528411218582972,0.9616699423090501,0.9715636341297381,0.9716472906527349,0.9303084562854126,0.9681647131696814,0.8534106401028959,0.7674221613267886,0.9343448092514426,0.9360386194737238,0.7958837988127863,0.9513750089140621,0.9522783993712337,0.8955144679584377,0.9720438993897268,0.8342956988508,0.5807956159885015,0.710756654887992,0.8566597703362081,0.8479919