var element=document.getElementById("correlationAdjClose");if(element.style.display!='none'){var correlationAdjClose={"data":[{"type":"heatmap","z":[[1.0,0.9999944048933157,0.9861020701243887,0.9999317700660435,0.9991592612151585,0.9838931857907878,0.9978817340609306,0.9962484464274396,0.9703377524513732,0.9964916851749765,0.994630123741168,0.9940133237880755,0.9963518010950055,0.9963879158961542,0.9962918715943514,0.9977156300036636,0.9980147900055976,0.9983564346275977,0.996825226934369,0.9968409455801309,0.9968257498209107,0.9963209566077113,0.9880123106207868,0.9726027129219548,0.990474906188538,0.9587950026043645,0.9895742603645118,0.9871509783656149,0.9700005340003526,0.9556253255651721,0.9926538875040682,0.9940023235636912,0.9928659038827569,0.9788991104863302,0.9977890267590905,0.997939726324198,0.9975995144231207,0.9964261063319391,0.9956712526651236,0.997836876645161,0.9987044773405298,0.9987359508538518,0.9977626033225625,0.9977776812367237,0.977470407594993,0.9215328915710187,0.9529401610280507,0.9367845076646859,0.9368315962009164,0.9151827199396225,0.9640040674875459,0.9506428923003677,0.9658036320517216,0.9678214908645992,0.9571287026001037,0.9846550066793733,0.9822660699843545,0.9908703572755406,0.9943212870394225,0.9873475299888237,0.9826021733504232,0.9882846634611377,0.98659777356469,0.9888215468320175,0.9887097069326466,0.9584306378636988,0.9758427864348812,0.9767016798861469,0.9765023511558064,0.9479537431869491,0.9816103225390311,0.9785928093150549,0.9857401989766331,0.9850940737822864,0.9414466589816868,0.8966098728547093,0.8655827556783927,0.9116655657135372,0.9270483987760101,0.9247635621627437,0.9251644985907999,0.9239054726269376,0.7180336712712626,-0.5453059891225589,0.9809843795273975,0.9762786635496805,0.9736296598380316,0.988016481035187,0.9745114433266125,0.9846355407021199,0.9846747924976901,0.94536705323892,0.9852058777952365,0.9485735179999745,0.792999095368854,0.9153802784113872,0.9332365210062629,0.8158184576787085,0.9543014153202728,0.9550408504937293,0.9014028062824129,0.9671736586030646,0.8951481194083479,0.5871488480336053,0.7261334761013717,0.9023354659049979,0.8720926655959275,0.8936283155943128,0.9753047898647181,0.9754815417251905,0.7869421858637496,0.748361963526344,0.8251078532358109,0.4466455969536253,0.8062589348078653,0.8292819344655374,0.824432733619684,0.8169675825415811,0.7894522624594135,0.754640360371943,0.7386293630203328,-0.28227903654911746,-0.42276238988733655,0.6834498214434235,0.8906432735169266,0.9318376094264424,0.9410359011424023,0.9051719952569223,0.8270591245338571,0.9088557528452262,0.9253853952647815,0.9252264235670199,0.8602361630453005,-0.1514134687534749],[0.9999944048933157,1.0,0.9893793177240258,0.9998496042347238,0.998298272525009,0.9897110914897662,0.9943455718721119,0.9918240635596915,0.9865483276830934,0.9918348348149043,0.9918558483499282,0.993338853144544,0.9919414192305731,0.9918312923270428,0.9918902834949936,0.9939971149602281,0.9964009916679443,0.9959786081264425,0.9939915367990543,0.9939975042891943,0.9918823645125047,0.9919280064656275,0.9924298613705793,0.9766367405441486,0.9884344690495132,0.9837119254131731,0.9884398566599634,0.9871852097264162,0.9819838222500109,0.9390457088675825,0.9898826351032004,0.9877052907214293,0.9825291493590408,0.9402885841199673,0.9953729471342749,0.9952955735228384,0.9955092582178479,0.992296060680016,0.9950761387397766,0.9955234714904079,0.9967756628213617,0.9969520326853617,0.9955152902997002,0.995525076672376,0.9908825743178907,0.9211030148996182,0.897802725215059,0.936401563368856,0.9366605099896212,0.915161717766932,0.8892506673910049,0.9305604089873246,0.8915296962338857,0.9200444269385292,0.8890569697382137,0.9581890519375961,0.9581730450255816,0.9717362341451797,0.9851421984403719,0.9829926440796519,0.9847311557678796,0.9796711050873042,0.9813486423603234,0.981111650698944,0.9810223737972419,0.9453411663379582,0.9630263118624411,0.9386070236015627,0.9385469643612422,0.8698414627932779,0.9808214234374083,0.9820996231204114,0.9822917850421911,0.9818733582454402,0.9528691877425924,0.7935709551846806,0.7565035251020493,0.8490643444302081,0.9058122708421822,0.8642049038195938,0.8855028720458149,0.8843852857000485,0.757601740408765,-0.1612898899526117,0.9708829174962392,0.9741157130842815,0.9706316973313965,0.9834572903036282,0.9675991531524757,0.9735264046165066,0.9729249209013421,0.9300985773707827,0.9750401659117219,0.9324104958975566,0.7223293720367271,0.9149119319774391,0.9141734236414113,0.5482549615529231,0.8456104320582698,0.8497924733480264,0.7527101286149537,0.9675475426270789,0.726100559653772,-0.30534176704730515,0.23727427577059548,0.752676515638685,0.7027327242911183,0.7454774244881557,0.9690898548954716,0.9691139538053539,0.1784586540843575,0.3506832431457845,0.18532307327629102,0.15707553463789242,0.17851275768529137,0.19228090692083366,0.18917268419012953,0.11000031975713641,0.5368577076911142,0.26951650311820846,0.21927115952457174,-0.4344265079003894,-0.4820536636888673,0.682482966385081,0.755270252407967,0.7790663986466607,0.8413214511068217,0.819022526525022,0.5859378229898738,0.764116922332129,0.7734675810959954,0.7723574301341728,0.4297775167555547,0.2289719293018917],[0.9861020701243887,0.9893793177240258,1.0,0.9874329949423232,0.9933280790416535,0.9913366769461712,0.9896329233967558,0.9903518339748874,0.9910572612835824,0.9930031365408518,0.9969664064317607,0.9961277453822048,0.9902085210860839,0.992348135624613,0.9904077884025336,0.9898652533161644,0.990798609453781,0.9900109067396463,0.9890380149214221,0.9890176656566556,0.9918766349853647,0.9902395977185848,0.9950149777337203,0.9848525327516021,0.9910865106535731,0.9818349292320845,0.991695908455133,0.9873672239346077,0.9869336599454367,0.9615263656741887,0.9695172394111294,0.9737345369321712,0.977368781757244,0.9563794347651711,0.9869753547023016,0.9900706417882216,0.9884501153677603,0.9920136201886384,0.9946838912311855,0.9908765358673959,0.9849451414772796,0.9878356447335822,0.9873377607633865,0.986720748711792,0.9924550801779388,0.9170015078681472,0.9366423023647517,0.9468851758449535,0.9296437338287393,0.8748362814486349,0.922091002493991,0.9067264927636419,0.9248305616686318,0.9307897527696317,0.9150682479639423,0.9502184562433088,0.9594701120493924,0.9675253303697424,0.9774206433846396,0.9426375689726081,0.9660009110847669,0.965269703697771,0.9717162178812966,0.9655100032167212,0.9410732069519385,0.9237343019715984,0.9491773025342577,0.9394505562718847,0.9212276983607715,0.8972587781802178,0.9721901744099616,0.9518182924961764,0.9650494818967781,0.9447077235532907,0.8374210086320778,0.8580674568007299,0.7760840667107618,0.8754315584858275,0.8998015881181909,0.9016647710503852,0.8689454904422684,0.8831323681497621,0.4327370281164921,-0.5321091206841204,0.962417703437623,0.9499282922496903,0.9496236263400144,0.9425904782575096,0.9569477129127056,0.9649642868375682,0.9645933360159001,0.9332901796798628,0.9605429655876224,0.884032277908432,0.7771260606614728,0.9543046801454058,0.953506338206068,0.7957989410489283,0.9416946597022865,0.9433137061394335,0.8739954842838622,0.980309705127954,0.7752642657040929,0.49121798597248234,0.6699062231854872,0.797249119711898,0.7989958284021863,0.7783364381914968,0.9824346957647591,0.9824739425290091,0.7169301504366116,0.6961749845649284,0.7106103188995236,0.39521314878755276,0.7070523256245153,0.7150940814836881,0.725319326097326,0.7145345357710394,0.7524672074459134,0.690060687910831,0.6730152227106173,-0.34191946535479784,-0.4821387982118833,0.6512486125411752,0.8522176779276067,0.8787199231231277,0.886128740616138,0.8770576238341905,0.7599847305742617,0.857668058398147,0.8680502466628277,0.8751490284779279,0.7338429285658669,-0.07391590727682489],[0.9999317700660435,0.9998496042347238,0.9874329949423232,1.0,0.9993918827232647,0.9849960341576902,0.998109595359491,0.9966503525192666,0.9724815414716989,0.9969359084287586,0.9953086422221891,0.9948971013887974,0.9967363902973099,0.9968586153649645,0.996693265585627,0.9979722347951754,0.9983330693325185,0.9986019269781808,0.9971758975473,0.9971892219021998,0.9972029394349831,0.9967100123075409,0.9891621762807687,0.9739635379933442,0.9913912172347425,0.961292926988475,0.9905932174836906,0.98884923027054,0.9719172994874561,0.9567872849912341,0.9919883035673559,0.993519509964375,0.9927917560718281,0.9784853876456494,0.9978622162055067,0.998126579786969,0.9978105923748504,0.9968627887544808,0.996137394866035,0.9980554698297466,0.9985991228789699,0.9988089804849994,0.9978318304730309,0.9978438193532152,0.9792308604767369,0.9180211707030743,0.950893418972683,0.9368290210423915,0.9349801449700004,0.9090228329948633,0.9611289021906108,0.9474323248158669,0.9628402841363937,0.9654281251505384,0.9544228954455806,0.9826065991290712,0.9808049508761804,0.9900261853434458,0.99411593550033,0.9860323256332538,0.9815595158258875,0.9871479044768651,0.9860471975850198,0.9876107519238038,0.987491560970894,0.9496002430169024,0.9746876442588392,0.9753396843046133,0.9751352855935713,0.9433635575664174,0.9811887022934757,0.9759875876246996,0.9844265287438314,0.9837467112152449,0.9230540374593941,0.8952345313999687,0.8620508061183645,0.9100887304984355,0.9244558943327457,0.9243321613764143,0.922919014244366,0.9216979013541668,0.6320339246158357,-0.5447905342469026,0.9802247962572083,0.9751334774289222,0.9722864775165659,0.9867041474611874,0.9738667692878739,0.9839478433893456,0.9839838472176807,0.9450401800269015,0.983901844000502,0.9351805695840347,0.7966151346015214,0.9203980039948252,0.93705916564108,0.8174366680913868,0.9555280937691708,0.956292817590693,0.9009208689239722,0.9683439392248386,0.8890143486354031,0.5834378188301833,0.7243645556498517,0.896831160903663,0.8683755549479396,0.8878513485550101,0.976097712853702,0.9762787840376068,0.7857206321251525,0.74851527963087,0.8171419085019842,0.4483210149005643,0.8003520359374241,0.8210417181161532,0.8161167344175635,0.8114914194672221,0.7916023788903722,0.7544560218334868,0.7385211029846043,-0.2776802756661346,-0.4220364567924781,0.682813114670611,0.8887803793080866,0.9298870492036111,0.9391426045544153,0.903928637382911,0.8242456217707453,0.9067739869806768,0.9230449642310321,0.9230329395907865,0.8530508148028951,-0.14432325909585786],[0.9991592612151585,0.998298272525009,0.9933280790416535,0.9993918827232647,1.0,0.9875786029259209,0.9990307908148551,0.9985425753760843,0.9843058219551469,0.9985446401498794,0.9981441910805977,0.9981086598870738,0.9985638735763495,0.9985762923836417,0.9985745361045992,0.9990647896062179,0.9987864071501573,0.9992605082690236,0.9988526735949067,0.9988572328057765,0.9986214769492545,0.998564577186688,0.994776638244953,0.9813397944399248,0.9950997638808683,0.9779382371645057,0.995106215321423,0.9922711136888007,0.9841358813336851,0.9600274585487822,0.9893513775837187,0.9920011210335562,0.9902373173760782,0.9710198978396265,0.9988708498512906,0.9989308892359595,0.9989541595326877,0.9986620209374983,0.9986047445282328,0.9989263021834789,0.99894042345273,0.9991628906271841,0.9988836348964207,0.9988875154193517,0.9884667106034458,0.9274793643289172,0.9502111815941047,0.9449910363893165,0.9363959727782951,0.9046522528677751,0.9491681989685706,0.9431010317440961,0.953412803216439,0.9594866544064713,0.9480924652177354,0.9803667289241539,0.9802826695536341,0.9901171860733308,0.9939829486910765,0.9824614482971241,0.975826685060047,0.9822058518712997,0.982352738208384,0.9825740579608495,0.9824724572125189,0.9480256374682923,0.9666610048576398,0.9608681237878051,0.9607078895574552,0.9169893550836308,0.9783896502152564,0.9746833955005796,0.9804769658839262,0.9797351614960519,0.9384695176157511,0.8766176618065885,0.8420361376167124,0.8961346630889067,0.9291302964506423,0.9149475319190926,0.9214567163743577,0.9204684554117138,0.7707457282017455,-0.548135141297409,0.9743369970966185,0.9653136060104941,0.9634682635465653,0.9833608203772619,0.9645624291303062,0.9777889082408959,0.9775329793983852,0.9367556276746996,0.9791292452465872,0.9388117364581668,0.7864957676157189,0.9343619515687589,0.9561346503194808,0.7838401442400877,0.9439464620769656,0.9453344245125964,0.8957102022869176,0.9730882366369112,0.8898298110447271,0.42283165816164786,0.6688642708137105,0.8956914054409512,0.8476881358332222,0.8915040155753348,0.9795715735958713,0.9797066423638255,0.7522662788755264,0.7330669677800609,0.756172922119532,0.42723542362224676,0.7113279251693976,0.7607320039807652,0.7563032402450808,0.7207634935193795,0.7793465855719648,0.7405590927439151,0.7237524534491919,-0.4791653114455354,-0.5618481414402275,0.6781008888616307,0.8841779924452996,0.9168115229991735,0.9345866038582075,0.9026399241947258,0.8071437393852723,0.8972392911791328,0.910918108479337,0.9104144916578675,0.7917775257638942,0.06571025770364622],[0.9838931857907878,0.9897110914897662,0.9913366769461712,0.9849960341576902,0.9875786029259209,1.0,0.9818500587928064,0.9829842780248678,0.9929721880491535,0.9824103412372053,0.9782330259051869,0.9772571740307808,0.982824993999004,0.9833553967074403,0.9830546987328517,0.9827324679395941,0.9863146197317372,0.9837006454125556,0.9835779313327301,0.9836413719149655,0.9818199685098792,0.9830054072954574,0.9945000845085668,0.9935350269455296,0.9842057008251915,0.9874053517671402,0.9846095281214546,0.9745813318625126,0.9877036058255096,0.9741345107124383,0.9604735266553638,0.9663035995553311,0.9763053713903118,0.9671389688000585,0.981540848822933,0.9819137843191428,0.9827928446710917,0.9836766306321896,0.9781012039439247,0.9823941116942816,0.9808306175891855,0.9825454887612975,0.9817632467182962,0.9818316520277833,0.9959879275813084,0.8780290894931839,0.928197649781174,0.9223065235385823,0.9326538415579914,0.8912889114153666,0.9173983568894919,0.9106167740803132,0.920205065071575,0.9363535969147276,0.9170222555873133,0.9495053113899603,0.9553797075740643,0.9616257169377141,0.9692916190628058,0.9721017017224783,0.9879506430166414,0.9740991745001076,0.9853160542646799,0.9737041160750509,0.9731304788612285,0.9763972974023102,0.9711830282970366,0.9516586109933974,0.9510548663416651,0.9490297540562611,0.9841076881747649,0.9768441776111344,0.9733206235417259,0.9720328831991603,0.9656092038729251,0.9005371287521041,0.8567440940431456,0.9167095528610564,0.9218399211351705,0.9312629127538813,0.9123216830328009,0.9100827029655362,0.7538322912671017,-0.4881198684865825,0.9823076104072583,0.9838974344920982,0.9800587815027522,0.9729072154708902,0.9751903220168261,0.9809694985842123,0.9805418363357074,0.968751494052257,0.9707313718507299,0.9681876635739287,0.7983992397459437,0.8946102585035781,0.9558620958769716,0.8295516057578388,0.9440369680075159,0.9450027926120868,0.8658896843132273,0.9583674139018152,0.8325641102759052,0.505907577187173,0.6878456886554816,0.8424415098791078,0.8189159711327678,0.8321562373659396,0.958265991699785,0.9584067190112352,0.7386122923394154,0.7239128426731368,0.7504124147042959,0.45103241239863906,0.7454265066949122,0.7556836996450339,0.7494857609765531,0.7473767615821459,0.7709629212361587,0.7134617049440863,0.700391321403175,-0.3036171150082269,-0.43438002890260696,0.688662058258118,0.8525865269325968,0.8690278795413273,0.8847789823962462,0.8619332028908313,0.7811904363471159,0.8464874233644334,0.8611339560209574,0.8612152789877145,0.8033683677576098,-0.10489946509614442],[0.9978817340609306,0.9943455718721119,0.9896329233967558,0.998109595359491,0.9990307908148551,0.9818500587928064,1.0,0.9975835185445672,0.956981380980545,0.9996215992185037,0.9995847336450148,0.9996094463801066,0.9984621096360943,0.9994880323796133,0.9992084408953857,0.9998929984931408,0.9966770107807443,0.9999045551810923,0.9993984947505855,0.9994030533980351,0.9997221530363984,0.9993476888297629,0.9907167899384005,0.9747246631967653,0.9861941919883029,0.9276954450022544,0.993748762615999,0.9926291318475207,0.9747330843790035,0.9534917569521089,0.9916881529264396,0.9920464696376553,0.9937323059431801,0.9757100091199026,0.9990355839731045,0.9998569907260015,0.9997235879434091,0.999491130078294,0.999778245018793,0.9998422855837134,0.9985522807104464,0.9997441180944119,0.9994062688856479,0.9990717146319513,0.9802146865054518,0.9347596524693997,0.9532638963561875,0.9505749780954573,0.9392629673421385,0.9038627559774773,0.9579405715834067,0.9470453058184435,0.9602895851187074,0.9630045120416693,0.9535151371078409,0.981944084238681,0.9815756909967863,0.9919653127447454,0.9964257861756958,0.9517437588168998,0.96312303550632,0.9738083818003818,0.9740550486073842,0.9752994788433711,0.9517192036995141,0.9038479958279166,0.9574741733842607,0.9628764076075801,0.9432279065175627,0.8947500234097281,0.9685779381604509,0.9441179845921049,0.9696161965480861,0.9521165245312332,0.7956564263955571,0.869130988765031,0.7941808625656058,0.883086637392406,0.8995356455992152,0.9038963293644247,0.883756999143806,0.8952375474983385,0.37961862646827865,-0.5795201655437812,0.964954956475012,0.9507545729513787,0.9503705887128496,0.9532039200436594,0.9603873078807136,0.9712515146708718,0.971425858625613,0.9250933801571436,0.9690010767218954,0.8566646132683474,0.7804433646861672,0.9352581593400501,0.9358067830554111,0.8047067713997338,0.9532573355580813,0.9541643431430558,0.8996774503547146,0.9726879312759787,0.8325433569229036,0.5784878758566024,0.7179215659253233,0.8564562856693759,0.8499262141683084,0.8379633963872365,0.980069082849579,0.9802486097044762,0.7771280643196122,0.7306882627603749,0.7825132596533211,0.4211220913000085,0.7796280182729789,0.7953205336248172,0.7882750338828153,0.793894507039039,0.7767792119949897,0.746954028075541,0.7291975232110818,-0.29158655102985204,-0.44354890031848254,0.6931972059730686,0.8890075764387595,0.9223840507775503,0.9402457569060357,0.9093232454510394,0.8259725483483688,0.9089597892605565,0.9272845020708226,0.9259655535406294,0.77705045328666,-0.11365899314785127],[0.9962484464274396,0.9918240635596915,0.9903518339748874,0.9966503525192666,0.9985425753760843,0.9829842780248678,0.9975835185445672,1.0,0.9676775717613524,0.9999998318326339,0.9999993237452105,0.9997644736440084,0.9999970875953355,0.9999928387570831,0.9999982724819786,0.9993369762745614,0.9916178710744447,0.9994678326466726,0.999910258789868,0.9999099560515154,0.9999655408995839,0.9999987958511062,0.9912123900644841,0.9764088320348764,0.9930212347974281,0.9416626298105439,0.9942381532434819,0.9909844442003046,0.9769246316963913,0.9529831066354617,0.9880469824452746,0.9939161000096219,0.9923676870106583,0.9728586169877518,0.9994755358675487,0.9995786153882139,0.9996803705906158,0.9997473361702673,0.9992480155907812,0.9995145038933408,0.9982582090196299,0.998858036175618,0.9995473817182738,0.9994161570547334,0.9819256814473711,0.9345854467462396,0.9506798695560145,0.9541138090061303,0.9381047988977114,0.8939862015605589,0.9561926277555017,0.9426388345556276,0.9581959400633491,0.9575322861269208,0.9476715409150726,0.9799499744119144,0.9787343486584397,0.9909508811883694,0.9968829474508516,0.9471617570894573,0.9595952296902085,0.9681452204682057,0.9714195618547429,0.9699972309522373,0.9501616601778139,0.897638247892653,0.9533330427584045,0.9567751560152183,0.9382367068187226,0.8844145310072126,0.9662405220467851,0.9385477221825274,0.9647138165456804,0.9478630147576145,0.7845545635957843,0.8621873423912686,0.7901205247789093,0.8761550552673951,0.8931654594410269,0.8999965167173299,0.8797618503354171,0.8890857655875185,0.3634718152112168,-0.5832155483675614,0.9613717926365419,0.9453267758359334,0.9452320718810528,0.9513901465525676,0.9565571190392694,0.9677465142161007,0.9679020784604946,0.9213844601796886,0.9629369812447436,0.8473104231623407,0.7776940036581875,0.9478591856681327,0.9460693920619401,0.8016870132543401,0.9531127778688689,0.9541656746071396,0.8971618823177091,0.9764362690443971,0.835197204749541,0.5641843720564585,0.7093671473892074,0.8572110558256413,0.84670476791053,0.8398693631376004,0.9823728601892687,0.9825558373871351,0.768390868572763,0.7233836835362161,0.7835781047068604,0.4093085166132996,0.7745121639807969,0.7907067124722564,0.788482678496639,0.7882953553938595,0.7708655550981153,0.741327626801968,0.7230248812701394,-0.3068476679260934,-0.45773380110964573,0.680383639283404,0.8816911380132523,0.9197719847459895,0.9327553672009988,0.9036920022031244,0.8154709105691104,0.9025722012554238,0.9210138518860134,0.9199502223819366,0.7586196044415063,-0.09684849424399505],[0.9703377524513732,0.9865483276830934,0.9910572612835824,0.9724815414716989,0.9843058219551469,0.9929721880491535,0.956981380980545,0.9676775717613524,1.0,0.9827373460748502,0.987207992040139,0.9896069814413405,0.9713278691545846,0.9796645159412762,0.9762312808995929,0.9742166426284211,0.949649271346029,0.9790546922602384,0.9769448879740075,0.9769101932593465,0.9812141758858539,0.9760907927602255,0.9939309007523728,0.9931913495459412,0.9803988649825064,0.989445885030725,0.9835122180774394,0.9902707777246381,0.9906555436526344,0.9691413156665062,0.9275458990865008,0.9491282368950187,0.96625310840834,0.952046322333895,0.9706349054226638,0.9791018584179653,0.9757351700446965,0.9781012098854407,0.9880001029956728,0.9802699272769674,0.966794847965416,0.976277559187509,0.9714982095262243,0.9704741194576203,0.9990067291347743,0.8966584727796438,0.9209546314566699,0.9482442621509892,0.9380612648383545,0.8712076576347568,0.8855870558098203,0.8845054268223378,0.8895582445761716,0.9144444294123624,0.8947536377702939,0.9287611888464639,0.9451487039855964,0.9504758366627138,0.9610403079345606,0.9043067619964185,0.9678657940857842,0.9463620504701263,0.9663644576807958,0.9463678799220516,0.9026904098282644,0.9162241387118829,0.9436735919327474,0.9167092925536778,0.8805898258362979,0.8837962053951162,0.9679240325334995,0.9213495444337289,0.9444138113611759,0.9071233671330213,0.8272549576724072,0.8527264264149241,0.7345651064364067,0.8718224643828986,0.8823141511890712,0.8958619880769104,0.8445691939029991,0.8629569342471455,0.41366272110894414,-0.5149345683731553,0.9578591339112735,0.9530300734991509,0.9501306601292798,0.9026956902914511,0.9483482809661851,0.956004286249093,0.9554147452610888,0.9378076586391212,0.9410962075481963,0.8738882760490401,0.7832428123823424,0.9394780615429271,0.9613177933908427,0.8049021588681868,0.9349559760820084,0.936542255555096,0.8514988212783746,0.9677062827650592,0.7413303671129081,0.4534563595479552,0.6508760126110852,0.774044647861714,0.7755527971317128,0.7522542814810163,0.9670130846710944,0.9670157889325609,0.6978384416505987,0.685744507102003,0.6757317344792813,0.4027935227072882,0.6886490841725095,0.6928599765892034,0.6752145334192186,0.6925064532307758,0.7451399752199056,0.6836984506868948,0.6679806977339389,-0.3476485278201222,-0.48412367352615304,0.6907947226019773,0.8363946091101906,0.8313832757953943,0.8603636002946715,0.8557476111370086,0.7516703663858522,0.8131312775236124,0.8370716426490453,0.8310582596660749,0.7055648116122123,-0.03382637358418102],[0.9964916851749765,0.9918348348149043,0.9930031365408518,0.9969359084287586,0.9985446401498794,0.9824103412372053,0.9996215992185037,0.9999998318326339,0.9827373460748502,1.0,0.9999991411028137,0.999769045017564,0.9999985351681687,0.9999917092873098,0.9999977949742785,0.9996867526833396,0.9978876426039317,0.9994647669486508,0.999885235319021,0.9998852251902741,0.9999777201766779,0.999999327321391,0.9937747839563225,0.9780986545027183,0.9962415516861329,0.9741924874676335,0.9963273510806291,0.99097495402183,0.9812853093854543,0.9542926326849971,0.9897696509935616,0.9937913147010651,0.990014378344598,0.9695733830038902,0.9995057984546135,0.9995715089512398,0.9995842031573604,0.9998349987479376,0.9992603504165972,0.9995220005774279,0.9984800780961691,0.9989011749244201,0.9995114598834027,0.9995068236369975,0.9863163896018599,0.9344600046805404,0.9507138139764021,0.954035157107233,0.9380943759655364,0.8941104977590704,0.9472433451358071,0.9374764183919725,0.9508988747025358,0.9557367388666725,0.9457781383191194,0.9789694164944799,0.9787678226034937,0.991519025692387,0.9966975182611586,0.9728439872127231,0.9596744828303146,0.9726046670705097,0.9714582580317949,0.9730984750030461,0.9728777024215535,0.936107737350585,0.9533916986599832,0.9515120110788207,0.9512376225158746,0.9060490479645854,0.9662383969756293,0.9651678892562972,0.9710096186846034,0.9700671398409164,0.9251519310814489,0.8622236417963214,0.8219354414377485,0.8760575968900988,0.9123889682127195,0.9003902734932747,0.9059411978193048,0.9051611838851382,0.7250584632521385,-0.5884175222202879,0.9614401816867815,0.9453166289475244,0.9452339358401729,0.9739058001859096,0.952011753010715,0.9674899712130322,0.9671513147694805,0.9223975952524042,0.9690524615077153,0.9247589450222204,0.7776985112225211,0.9475810930961249,0.9576736299515927,0.7859342111909332,0.9469649044229349,0.9481779558308459,0.8972345595112899,0.9756414350704568,0.8978433121090466,0.4628081131416455,0.6860909028767204,0.9036642783416856,0.8558473108218374,0.8995142133810162,0.9823315334791757,0.9825444686421224,0.7684596939286117,0.7230788993492826,0.7716206555188589,0.40942277885388156,0.7278504261534264,0.7763460093417702,0.7718351142028645,0.7391131677529779,0.7705646123127367,0.741222614037403,0.7228840253081296,-0.5245095426779435,-0.6075727274860206,0.67943715857519,0.8816843304967311,0.9196700212051809,0.9368557490216796,0.9037155670750243,0.812008561099207,0.898384409455197,0.913415051222163,0.912889253014413,0.8039411156938178,0.12940788700221192],[0.994630123741168,0.9918558483499282,0.9969664064317607,0.9953086422221891,0.9981441910805977,0.9782330259051869,0.9995847336450148,0.9999993237452105,0.987207992040139,0.9999991411028137,1.0,0.9997686580705312,0.9999963937488037,0.9999948592077703,0.9999983516990982,0.9996707249197073,0.9975727650257009,0.9992081765539395,0.9997880255959174,0.9997880242960093,0.9999984414942956,0.9999983755378814,0.9930735229448002,0.9739150183445637,0.9953077302687744,0.982226438960901,0.9958930286816687,0.9909886875726528,0.9834624589724209,0.9469499965649832,0.9889395863374599,0.9932729354462375,0.9837966570543198,0.9449153597597701,0.999287920957829,0.999342951159434,0.9992834222269613,0.9998953717061918,0.9992438955574788,0.9992934669830722,0.9979396699506226,0.9985092730126465,0.9992619563547915,0.9992596269158269,0.9885602232007885,0.9341709335260252,0.9176816621395442,0.9539841945022877,0.9380055890866495,0.8938075809044432,0.9168479796464264,0.9070263565175185,0.9212784738448953,0.9297888162798991,0.9152599101586233,0.9713280396895109,0.9713042280959242,0.9906721763343391,0.9952292342665359,0.9650322920598092,0.9597986295287503,0.9604025127996372,0.9620522612619269,0.9617855509069915,0.9615316418054481,0.9116550056789589,0.9430400525484168,0.9182571760916632,0.9178424041780141,0.8373425873755586,0.9640776182198209,0.9695469865055997,0.9660270973073999,0.9649245289409327,0.9171003877822071,0.7956518833978672,0.7579874955795988,0.8385781260027821,0.8916681150303727,0.8605599935240601,0.8760614884892483,0.8747499719720756,0.725131424448276,-0.39540091851092674,0.9486429779961217,0.945455291926884,0.945333665772719,0.9661853284192753,0.938350211787577,0.951416132138945,0.9507738389126681,0.893961996569244,0.9541458888396408,0.8985164305389769,0.7778563900602827,0.9478946350474151,0.9614653310405897,0.6774654720646504,0.9065929896698698,0.9092742137326961,0.8542887483621753,0.9849790476921103,0.8420352234905375,0.12242017772333957,0.5371687649738478,0.8541770285051756,0.8209224416290021,0.8488354940471768,0.9857315847054294,0.9857513384818876,0.5273875885724241,0.6360110542630192,0.5346316009886097,0.4093523697852548,0.501637419405048,0.5456114650057211,0.535854139328577,0.47365342362444873,0.7591442761449595,0.6071452394296375,0.5683925180704977,-0.4861602588814984,-0.5438559078426098,0.6788669407696681,0.8612031248356412,0.873820982055555,0.9059164113973993,0.8973602219693414,0.6752186485094501,0.8462373136339504,0.8666440927411934,0.8659357044776305,0.614595671318401,0.07707265402514957],[0.9940133237880755,0.993338853144544,0.9961277453822048,0.9948971013887974,0.9981086598870738,0.9772571740307808,0.9996094463801066,0.9997644736440084,0.9896069814413405,0.999769045017564,0.9997686580705312,1.0,0.9997821310430781,0.9997678530015837,0.9997739247744065,0.9996716367947209,0.9982059109308498,0.9994051831562818,0.9999703631877507,0.9999700708642958,0.9997730923845585,0.9997784863486434,0.9926614103821547,0.9707761501920738,0.9941162384408587,0.9829413828238514,0.9949012515054135,0.9934809030754261,0.9796611379626358,0.9282007165660258,0.9915181224034607,0.9942809224020529,0.9792874274533164,0.9263621355725123,0.9994182888849671,0.9994658435507917,0.9994269112982513,0.9995893668389532,0.9996136340836479,0.9994431219478016,0.9978139303480116,0.9985406305783563,0.9994054513988136,0.999402328258348,0.9898500858886126,0.9297204837248895,0.9042420326369538,0.9510400258102473,0.936904022938783,0.8937861503661865,0.8821792408029431,0.9196397562382959,0.8857430890479882,0.9063587915312972,0.8804343287109799,0.9592331455168167,0.959218157476946,0.9818516805458507,0.9946883247422624,0.9637532958411006,0.9643975412997845,0.9557935263658054,0.9597229099721857,0.9583322265258318,0.9581582649206132,0.9114405471870067,0.9340170526349185,0.9031383901981903,0.9030166465107163,0.8204996128901806,0.9629150691988108,0.9649635875063668,0.965026693703152,0.964396633474248,0.9236971116059278,0.7457980346210713,0.7051352241966101,0.8042448778327856,0.8694377830608084,0.8244818555841394,0.8477714269082469,0.8469476392985583,0.7047684015855489,-0.28078457001961105,0.9427155454648687,0.9479167139959328,0.9424113540215423,0.9645442570886128,0.9383598213911699,0.9463249217350415,0.9454907130798084,0.8915723562476815,0.9487019742025419,0.8948982271094252,0.7300662927473982,0.945392317107883,0.9397690654639529,0.5495282334169772,0.8512847635817695,0.8558278070138982,0.7503427846026324,0.978754596012606,0.7265656678494624,-0.24663835542644236,0.27448815793934284,0.750229717326731,0.7060215942720272,0.7439674528600697,0.9799172296321824,0.9800108096773147,0.21663138429842652,0.3745754291648968,0.22194112733126048,0.1938804570598273,0.21387049023257151,0.22975658766624096,0.2272952601616352,0.14398130467763473,0.5581828700372145,0.29318222636798713,0.2411714271147461,-0.5009855089357923,-0.5474907663887075,0.6795535861713079,0.7581421048798151,0.7817737400874354,0.8453516709106607,0.8268474013398541,0.5764457076776677,0.7631356742470163,0.7764857347873029,0.7754357568356364,0.4328470304864017,0.26722791703369175],[0.9963518010950055,0.9919414192305731,0.9902085210860839,0.9967363902973099,0.9985638735763495,0.982824993999004,0.9984621096360943,0.9999970875953355,0.9713278691545846,0.9999985351681687,0.9999963937488037,0.9997821310430781,1.0,0.9999912761735168,0.9999976854602894,0.9993839580397126,0.993268435996725,0.9995069228411685,0.999919465444498,0.9999193326338525,0.9999724735490323,0.9999989779285942,0.9910951379530211,0.9762191823957674,0.9936738719635965,0.9465821699305538,0.9941908735040123,0.9910961377101349,0.9767275027297654,0.9529307541077217,0.9889547843305942,0.9939977394878674,0.9924487726767925,0.9729833973855705,0.9995181579504359,0.9996178068783466,0.9997105548769333,0.9997465686249448,0.9993063485508992,0.999555002383543,0.9983439013620321,0.9989243380475468,0.9995900162985841,0.9994594889648879,0.9816852039898235,0.9348541486222522,0.9508509920207684,0.9540510847006652,0.9382097601327006,0.8946129869962104,0.9565491388716529,0.9430308803699075,0.9585558360693913,0.9578717755619524,0.9480681366498432,0.9802046148734377,0.9789237851767992,0.9910898090198486,0.9969644219453043,0.9474213209132005,0.9596341317133831,0.9683433816609576,0.9714778406535522,0.9701934361822367,0.9503756634472798,0.8976185876552721,0.9534905378494742,0.9570970450916301,0.9386061788660855,0.8846176049288099,0.9662538038347361,0.9386935391841774,0.964870121045361,0.9481036439643864,0.7844850611512175,0.8624758348405632,0.790576653164025,0.8764265182148039,0.8933877482350088,0.9001327179378046,0.8800843059564654,0.8894039608774594,0.36360222268374653,-0.5832786718127868,0.9614721660124127,0.945473967429834,0.9453668557836076,0.9515995213127162,0.9566627669391319,0.9678657478524173,0.9680239039297468,0.9213840389087764,0.963153923751438,0.8473313340379883,0.7777676302900427,0.9472928437186704,0.9455716805770957,0.8017391341441548,0.9531235662216624,0.9541684417605217,0.8975057922955234,0.9762976950692899,0.8356912004066044,0.5652799179951826,0.7100216556326286,0.8576915462426051,0.8472399523794931,0.8403565256999883,0.9823138292753371,0.98249681697195,0.7690076406236542,0.7238973135301724,0.7841923810350043,0.40994957701576507,0.7751828736845664,0.7914012377092545,0.7891108047219321,0.7890067592557799,0.7712097323144712,0.7417795767770928,0.7234931788874746,-0.3059266117626666,-0.45691845229934225,0.6808242892300401,0.8822169354254046,0.9202498099983751,0.9332971904170801,0.9041782222661997,0.8160422600142803,0.9031611365141107,0.9216015318654958,0.9205281767962165,0.7593054149725638,-0.09788573328759273],[0.9963879158961542,0.9918312923270428,0.992348135624613,0.9968586153649645,0.9985762923836417,0.9833553967074403,0.9994880323796133,0.9999928387570831,0.9796645159412762,0.9999917092873098,0.9999948592077703,0.9997678530015837,0.9999912761735168,1.0,0.9999951307306747,0.9995730142132874,0.9978393466870564,0.9994656252545636,0.999905001281556,0.9999040316340123,0.9999545345856485,0.9999915445467447,0.9930213971271918,0.9766422011525393,0.9959591572339898,0.9682043651543524,0.9957441354292067,0.9909543835340296,0.9771515524278401,0.9530922266540977,0.9892982149084012,0.9940466621259786,0.9917527916236659,0.9725207939512176,0.9994966136454314,0.9995712386759285,0.9996305118923025,0.9998893590170994,0.9992705728502747,0.9995044964194241,0.9982092319558817,0.9988473325580374,0.9995160276684745,0.9995092101501528,0.984214593745455,0.9346084510295608,0.9506177223544469,0.9539793971431338,0.938037618732781,0.8940902015151866,0.9512824648257563,0.9359111501647948,0.9535678717327879,0.9572366982383945,0.9473287125109052,0.9786750646862251,0.9786004392132707,0.9903714414520765,0.9969582279167363,0.9735296210367791,0.9594293641309031,0.9734623111197002,0.9714680157708424,0.9744072481701987,0.9741760508874878,0.9451822958466967,0.9531221687027975,0.9561198021703314,0.9558208429739308,0.9224534179435917,0.9662672927826078,0.9681097287167069,0.9729002874514893,0.9718611153075994,0.933883764599757,0.8619604642569431,0.8275915228474509,0.8758657585709355,0.9039776939243415,0.8998442233204141,0.9006120349112962,0.8995017957136315,0.7029300865287194,-0.5839038482582575,0.9614634807813431,0.9451836459500438,0.944973563772129,0.9746040687335817,0.9567512678372859,0.9678259301871176,0.9679261782049352,0.9217629711547992,0.9689806936737555,0.9332354133800271,0.7776078178811339,0.9473460638877378,0.9507979980588702,0.8009343731549382,0.9529819864162219,0.9539714605527215,0.8971065484827873,0.9766360180308413,0.884974628627671,0.564380276577744,0.7088444051250159,0.8927890619683192,0.8602688060493342,0.8837125625895926,0.9825767255242828,0.982786778329269,0.7675863430343945,0.722564657593201,0.8027732298798592,0.4094298211639576,0.7809990982420194,0.8072195649961098,0.801734167220316,0.788688497324912,0.7706574990494238,0.7399395524480864,0.7216434813477131,-0.39670851461402984,-0.5187690940367802,0.6788172339986159,0.8816810087421979,0.9165146532912534,0.9286687886083773,0.9040474637899604,0.8144621292334415,0.8905915512014931,0.9095706567751989,0.909162955581885,0.8401205470587593,-0.06458493107011802],[0.9962918715943514,0.9918902834949936,0.9904077884025336,0.996693265585627,0.9985745361045992,0.9830546987328517,0.9992084408953857,0.9999982724819786,0.9762312808995929,0.9999977949742785,0.9999983516990982,0.9997739247744065,0.9999976854602894,0.9999951307306747,1.0,0.9994726854842095,0.9971245758474846,0.9994832771934044,0.9999130252440898,0.9999124366231773,0.9999664943039142,0.9999976482938717,0.9912567019848446,0.9764732262675085,0.9953229563117221,0.9598329683964072,0.9951281605491653,0.9910535169487485,0.9769787489401497,0.9531483553000968,0.9914259189175593,0.9942615669844918,0.9923183210635907,0.97277407150701,0.9994867141441321,0.9995797060685709,0.9996872873405166,0.9997623848838612,0.999274525208041,0.9995118264286241,0.9982824580204057,0.9988737017152685,0.9995569273080042,0.9994283283368787,0.9819272989916557,0.9346567050837689,0.950698186227315,0.9540997369427408,0.9381832761134467,0.8942571160034095,0.9562687956932691,0.9427676834782313,0.9583030729332622,0.9574840467724974,0.9475894923172342,0.9799735924997728,0.9786801148658724,0.9909218827560052,0.9968473917699704,0.9474462734249354,0.9596610953961465,0.9683073724673563,0.9715021310079699,0.9701457448600026,0.9499824495700263,0.8978472706052929,0.9532545210047094,0.9568396847563696,0.9384415921926451,0.8845477539314159,0.9663828531322534,0.9388800765733595,0.9649104590349218,0.9481614296369518,0.7848886750768218,0.8621930429614562,0.7903747722870285,0.8762024769325643,0.8933310623980382,0.9000077685251191,0.8799101073500852,0.8892495863727999,0.3638224475233298,-0.5829122779890727,0.9614614134053757,0.9454380117834287,0.9453348274695391,0.9502036320394092,0.9567292198874353,0.9678302188761443,0.9679821703706472,0.9215765998472513,0.9630999922344633,0.8475683077756276,0.7777180784371326,0.9475872449018387,0.9459770967043628,0.8016963815642317,0.953044635248676,0.9541016700439601,0.896981482893249,0.9764525177346484,0.8352245876893164,0.564005579975383,0.7092539849474487,0.8572169552842395,0.8468229655927402,0.8398937081629823,0.9824093027375564,0.9825893742047316,0.7680092585550973,0.723055739890737,0.783555401052518,0.4095535782747235,0.7744882102736087,0.7906254812160576,0.7886329718139811,0.7881952743738877,0.7707878696041804,0.7406040460898508,0.7223355281452408,-0.3066638725550965,-0.45754567319966144,0.6806146441734985,0.8815984251021521,0.9198897687171035,0.9327920597703371,0.9037323264573197,0.8152674094340293,0.9027677509080143,0.9210447095671064,0.9200970407321087,0.7587090540211023,-0.09711212412256787],[0.9977156300036636,0.9939971149602281,0.9898652533161644,0.9979722347951754,0.9990647896062179,0.9827324679395941,0.9998929984931408,0.9993369762745614,0.9742166426284211,0.9996867526833396,0.9996707249197073,0.9996716367947209,0.9993839580397126,0.9995730142132874,0.9994726854842095,1.0,0.9984344941018299,0.9998539772877796,0.9995591469310969,0.9995638285260228,0.9997736680241666,0.9995455741358305,0.9909003841025094,0.97543509818286,0.9939914899049338,0.9524198254661443,0.9936481422670753,0.9925092699735261,0.9751597264707458,0.9536692890175865,0.9918394954539693,0.9927047197596653,0.9931778655534056,0.9748381119646662,0.9992841378501482,0.9997379394559391,0.9997228001845374,0.9995790720575644,0.9996124653257786,0.9996941086306498,0.9988629319659165,0.9995922766675192,0.999516892828407,0.9992810232049116,0.9805514481037975,0.9332062251678913,0.9527864021474077,0.9511086394525476,0.9390076896497936,0.9008835041848421,0.9582970093245039,0.9472304427528858,0.9606148918381626,0.961549192433366,0.9517376211285127,0.981930881608621,0.98070505184782,0.9918646592418191,0.996371600931078,0.9519909669897495,0.9634187297966382,0.9733057410811812,0.9741218850921682,0.9748822673486242,0.9528269775485186,0.9036858456204923,0.9567387846687541,0.9621762148368471,0.9433888933655794,0.8933489461954266,0.9689328919072523,0.9438571911740197,0.969301987387905,0.9525406597918012,0.7934349457995498,0.8677291799583536,0.7947472538986552,0.8816996238383903,0.8983924410076066,0.9028248278114307,0.8836592581120223,0.894532195608942,0.37505963890098437,-0.5801188237918687,0.9648469012717306,0.9503459489738458,0.9500285276168564,0.9543225296285399,0.960693099851353,0.971083712799533,0.9711673911593629,0.9260411954737031,0.9683571274457824,0.8554064619590214,0.7794850432011469,0.9383798069737777,0.9381131763360487,0.8041366615263518,0.9531128756836283,0.9539813453922266,0.8971667828846658,0.9730198522871988,0.8344967077461213,0.5738153336193795,