var element=document.getElementById("correlationAdjClose");if(element.style.display!='none'){var correlationAdjClose={"data":[{"type":"heatmap","z":[[1.0,0.9999919227012635,0.9850137657606197,0.9999245114786284,0.9989648692055447,0.987552255697833,0.9976500600342387,0.9955562293199611,0.9691204111610682,0.9958680434936965,0.9801942525289863,0.992867769201278,0.9956923067319929,0.9949468869691687,0.9956074053901424,0.9971132812212933,0.9950862710583711,0.9981875919365114,0.996279744285026,0.9962912138615112,0.9963461440014179,0.995642143332462,0.9860603899953777,0.9704154002931481,0.9885764504484362,0.9555457966454585,0.9874717856230231,0.9835987439538973,0.9653009214644586,0.9469704159580806,0.9936865623209752,0.9944220083398123,0.9919702445668767,0.9757813867701567,0.997561560254545,0.9978373170047611,0.9972672242744288,0.9957535118346431,0.9953824998711833,0.997718728098524,0.9981805628219057,0.9987144652768709,0.9975073527360215,0.9975179897239682,0.9767711740697346,0.9167122116444673,0.7452304850806808,0.9082834567878477,0.9105351762136916,0.8437077125534226,0.9654694515974893,0.9457126645723561,0.9669107259116524,0.9649320618311643,0.9572286409346423,0.9855366434338679,0.9822719501494153,0.9850316758712769,0.9790786132582862,0.9867900657510178,0.9843622469835233,0.9873943666112528,0.9871718809435573,0.9647971368147814,0.9698481024033107,0.9727817379256168,0.972433357824911,0.9476948799740121,0.9771463157794992,0.9751176417472915,0.983056520613644,0.9822356314335928,0.9380999991608939,0.8676940076349119,0.8352331576423841,0.886531134188966,0.9104937384327741,0.9062651324177534,0.9083998028175868,0.9069607334360916,0.6462319806126565,-0.5707276428290894,0.9783062633982652,0.9711188363286003,0.9675327237841088,0.9858441013728273,0.9720122490347733,0.9827227370045918,0.9826759235465632,0.94750316392836,0.9828671544113673,0.9512368453998137,0.6668218445708931,0.8792460539108656,0.9188241291673345,0.7650273273933,0.9253042418780729,0.9442868229101017,0.8225484845469765,0.9600812824808099,0.8959847409137247,0.6322301661757853,0.7114365240064238,0.8920977338946603,0.866100938019578,0.8891583272294437,0.9704295574165236,0.9706273127298479,0.7402141628999348,0.7125476837831586,0.8250502257287327,0.3556969197070657,0.7960412776741025,0.8294004793136769,0.8161346470605572,0.8143728595706025,0.7578743671497368,0.7441070925991393,0.724852034695289,-0.2501566227442738,-0.38731954333988305,0.6452306887033032,0.8982916797993122,0.9424922163829654,0.9472529869474746,0.9172694073950145,0.8282296056422691,0.914307310651215,0.9357501488637207,0.9355856189001356,0.8701216493912507,-0.18905071455772313],[0.9999919227012635,1.0,0.9845998704577839,0.999791032776466,0.997793901854183,0.990458622190173,0.9935518754994791,0.9897147566177175,0.981020587611994,0.9897450913171647,0.9703350302567221,0.9919427340867838,0.9899295596246758,0.9897722670313905,0.9898179955420814,0.9926267209837831,0.9941919343478036,0.9954101140363878,0.9928424565468954,0.9928414467469485,0.9898138236927984,0.9898691487691306,0.989166162740898,0.9657255236685461,0.9856015364611098,0.977895688245497,0.9853731584447223,0.9834701614691532,0.9751782883134494,0.9168648642334237,0.9878370929747806,0.9845827826516702,0.9769455514563036,0.9184683470916865,0.9950112737439941,0.9948560246476807,0.9951309436521545,0.9907403677815423,0.9946212277347558,0.9951275658157388,0.9956806309351972,0.9967583601624466,0.995110814474015,0.9951191576471256,0.9874082472944025,0.916440671101066,0.5913152930655609,0.9078494966353415,0.9104686843415369,0.8438520177515979,0.8716262184906732,0.9147032145041136,0.8751910022235836,0.8977762494180124,0.8707489444917219,0.9547912132179658,0.9547103241261404,0.9766637068903441,0.9801181358922318,0.974711614186872,0.9743618249529065,0.977153057854587,0.9770688760352015,0.9410999580937927,0.9498402823307288,0.9193226160689343,0.9192286557802536,0.826400594300789,0.9722835813379112,0.9743767837465307,0.974613210588325,0.974063753701574,0.9377577365083091,0.6808101566582712,0.624612389149086,0.7687764272859846,0.8566889706836868,0.7914151434081369,0.8252174245110746,0.8235374118237112,0.6229861398530969,-0.273227437331207,0.9610350894764524,0.9671799937118938,0.9607723210805542,0.9774704274481609,0.9581805952792171,0.9652106581062332,0.9643739507389165,0.912387236697531,0.9678980958330201,0.9174995012703221,0.5131019195913148,0.8784050865390293,0.8751612292862021,0.3253067390457554,0.687470356213432,0.7712138456234429,0.6582117377707802,0.9599074896308092,0.6680686937314424,-0.2557873237872216,0.15661144809932614,0.6369896483332532,0.6425718624576536,0.6892945414042645,0.9615009839644284,0.961373073463584,-0.0531971773642936,0.18866220972301828,0.028092740571517547,-0.00534460524649689,0.02286550237692625,0.03940754503591142,0.007247985269565464,-0.038256524109672375,0.3963452890146234,0.130355031112867,0.08017041731517745,-0.44886964741033175,-0.48635424578534464,0.645145975682539,0.7482208774414068,0.7727814204004284,0.8307517600689776,0.8256950128039972,0.5467219019966136,0.7360438223684058,0.7677900579899949,0.7664563904725163,0.4150943393663803,0.19227080227353063],[0.9850137657606197,0.9845998704577839,1.0,0.9864291011273201,0.9930821106846787,0.9904674803213087,0.9906359682454683,0.9911287107953775,0.9898876990490059,0.9943458730069602,0.9566207561383427,0.99708130066637,0.9910190337600304,0.992945156141801,0.9911879436515277,0.989881572158037,0.9950997611905006,0.9905513407912819,0.9897590014624383,0.9897270386122775,0.9928750123557194,0.9910597411276778,0.9939468161564127,0.9806893851063228,0.9910142720341019,0.9786258708538665,0.9914657806310235,0.9826112917836195,0.9833926971130923,0.9512894965336236,0.9721819026153407,0.9759669934811536,0.9780637271093753,0.9515134746067969,0.9879349006600243,0.9910550602605995,0.9893757262645366,0.9930003187882938,0.9950082600689197,0.9921483811919116,0.9860301670907292,0.9881890620564723,0.9882229144039293,0.987599070192259,0.9910150582319017,0.9160127113430132,0.685925169891187,0.9310822194171096,0.904640728009134,0.7608111152030866,0.9256834080936047,0.901006084663927,0.9279848774140393,0.9250087513869882,0.9141134021075975,0.952438882858745,0.960019366290933,0.9336154222195249,0.953313469613416,0.9566974473473998,0.9629306900484923,0.9571825839286846,0.9314504564339217,0.9046916603516137,0.9323488435109046,0.9270285364702008,0.9096278387946954,0.8711396177951162,0.9628774821184864,0.9409229071632822,0.9573311135416612,0.9359461919873985,0.7877142831425253,0.811444963359973,0.7397830186117532,0.8328741657252026,0.8730109540435236,0.8717320469431341,0.8417066899324752,0.8556684200322864,0.325098857417116,-0.5687679142008968,0.9503363976989799,0.9279269322494568,0.930429175055212,0.9339432037573056,0.9446856542679783,0.9545850234948067,0.9541634615687045,0.9186446252884383,0.9505562528282391,0.8492723105798675,0.6412489121494769,0.940128625903925,0.9401712977382541,0.7285117494394158,0.908105088271736,0.9291080175784626,0.8084286719805797,0.9791027610348605,0.778293925544735,0.5389745785430698,0.6518259417709008,0.7866480240846964,0.7921846793380601,0.7754296219511829,0.9825045124775804,0.9825453789555753,0.6610821558222292,0.650207566411969,0.7130433930577865,0.29021433063893565,0.6924820637588902,0.7117796306493307,0.7235265923034706,0.7083704475188201,0.7139017937722317,0.6727274368767677,0.6517127646970404,-0.3209891667821988,-0.4578103656516079,0.6047939991385054,0.8590529877401462,0.8922023397606474,0.8944501381509751,0.890644236805326,0.7591031739588762,0.8665153458958447,0.8808534788873935,0.8894093082442556,0.7387445426416933,-0.1093262551094172],[0.9999245114786284,0.999791032776466,0.9864291011273201,1.0,0.9992580161508094,0.9885396356459545,0.9979686258113617,0.9960611022401298,0.9713902987760988,0.9964518378421706,0.9798474777913274,0.9941612719977098,0.9961792158088051,0.9956396852621815,0.9961108439029401,0.9973805641527007,0.9958433587782424,0.9985164396477045,0.9967209521714591,0.9967299399097921,0.9968432369829323,0.9961330050543085,0.9873191869475539,0.9717489766415193,0.9896449952513833,0.9582048676353427,0.9886504860687916,0.9857310434409039,0.9673760941264502,0.9481560911029326,0.9931295752585808,0.994053484467383,0.9920518479168532,0.9754231185238336,0.9977079740099298,0.9981191693895459,0.9975644395102673,0.9963018652102172,0.9960945949158209,0.9980398602880515,0.9980919316387572,0.9988494426449024,0.9976456993154308,0.9976533569749977,0.9785940655612406,0.9125100539776072,0.7388967052018629,0.9090455782449636,0.9084758057716245,0.8338564046674236,0.9625511476231269,0.9423094706527191,0.9638857636246538,0.9622937158875018,0.9543712052862033,0.9834704654604437,0.9807565371970018,0.9833608572836074,0.9775410484870171,0.9853000128164126,0.9835746104425549,0.9858248116048449,0.9855963566546613,0.9521668702439645,0.9682961501406075,0.9710998629070695,0.9707498398953222,0.9413624305139078,0.9765305701446536,0.9717134609871049,0.9813754761226808,0.980513788548803,0.912467328767745,0.8656798631308796,0.8306053385304537,0.8842636404242528,0.9070841330792933,0.9054417210320126,0.9054877523476611,0.904107189677666,0.5438346177506849,-0.5706828726801805,0.9771787944405821,0.9691883927572501,0.9655430836740952,0.9841767960201022,0.9709532622036675,0.9817067980873666,0.9816563087586647,0.9465315220192123,0.9811619324491112,0.9321373182432238,0.6720809495176804,0.886815896550796,0.9232429576853127,0.7665862018503677,0.9270046448121855,0.9457331894012971,0.8228668199147631,0.9615364513647879,0.889852562544825,0.6288541257342268,0.7096654331049936,0.8870250601333153,0.8625381339915477,0.8837585838834887,0.9714759861018667,0.9716819620978592,0.7392315264192955,0.712817665833202,0.8171359862574777,0.35773047678976844,0.790401308228231,0.8212020729089593,0.8080050632524695,0.809078325538445,0.7606241104542938,0.7441465897961511,0.7249603833288981,-0.24553501744403955,-0.3865750366613093,0.6439094315529063,0.8964211664760595,0.9407066350153563,0.9455115516440157,0.9161602694476197,0.8254397616425145,0.9123414420293493,0.9335494452559586,0.9335395123351801,0.8625644021381231,-0.18177580306849356],[0.9989648692055447,0.997793901854183,0.9930821106846787,0.9992580161508094,1.0,0.9914772878325386,0.9990586987018468,0.9983608074623415,0.9845848715174322,0.998419890556739,0.9738445259272501,0.9978082717713211,0.9984020814067376,0.9982203295532883,0.9983945578687264,0.9987867666687361,0.997639118181344,0.9992285582722497,0.9987647163170844,0.9987642033132725,0.998472298419517,0.9983886372098618,0.9939124856871914,0.9794187524925498,0.9941203494208966,0.976726536058569,0.994065933431194,0.989114138573997,0.9811960755969866,0.9515931706754609,0.9896493663977801,0.9922182049004281,0.9896205977353141,0.9666390436640286,0.998939238947556,0.9989776448639447,0.9989800003903039,0.9984972386992221,0.9985694799257226,0.9990814045525623,0.999078452943556,0.9991491629053355,0.9989272147062406,0.9989271075317585,0.9888920528500864,0.9220379495120983,0.7144015865336546,0.9228434129953079,0.9123551613195232,0.8169232813735884,0.9466625689042396,0.931726461468443,0.9506645872768267,0.953920393174006,0.9454610844525447,0.9797422987043032,0.9796714110668381,0.9794560131945541,0.9716180437363355,0.9803900114411683,0.9793207010193824,0.9807165825911903,0.9804389982168054,0.9537372251289342,0.9584265845768322,0.9532907286741277,0.9528299975559954,0.9098115873229096,0.9735852801390653,0.9701251135176805,0.9766975398444069,0.9757601468910184,0.9338402902903504,0.8417442003080123,0.7980187113725055,0.8669092748174662,0.9102224726776496,0.8917616316910578,0.9002279976942978,0.8989163189493754,0.7006773879861562,-0.5921943238597072,0.9701587731841892,0.9576413453409204,0.9551240842420945,0.9805338133696672,0.9601464710331958,0.9743240788931767,0.9738617348514017,0.9363648851592778,0.9762495144303259,0.9401927213206969,0.658899491656629,0.9062395039679978,0.9445447983019547,0.7193364355791443,0.9062710833036804,0.9307024786926466,0.8167251576612412,0.9673067993621284,0.8816921407657728,0.4733020862905103,0.6432243042050387,0.8695770032477427,0.8277846430013327,0.8719933348876261,0.9755373049256872,0.9756948244369297,0.6934040424489387,0.6937640024508427,0.7370046441710248,0.3330189871962572,0.6772660139877837,0.7427501127984707,0.7191938302191548,0.6986555330171641,0.7448801097216124,0.7269277579189894,0.7067948917198166,-0.4643105683953006,-0.5424626881538015,0.633878554422632,0.8892071337201662,0.9251622903736576,0.9374013494673594,0.9124927879504464,0.8025495821383037,0.8956796494576954,0.9182869201441847,0.9177934492609683,0.796780714482199,0.03182087203706437],[0.987552255697833,0.990458622190173,0.9904674803213087,0.9885396356459545,0.9914772878325386,1.0,0.9876009557726673,0.9878956889654925,0.9906830762165214,0.987532008630954,0.9628658508684971,0.9797280382052366,0.9878214637188888,0.9890891944347102,0.9879582098148559,0.9871071138035459,0.9923758291934076,0.9890059589832696,0.9887351933275325,0.988740980325999,0.9867653912911432,0.9879033247110952,0.9960098797339983,0.9918907317460317,0.9880560898567557,0.9835074420385144,0.9879995304505365,0.9719207097080849,0.9857916767248688,0.9685675142548397,0.9699326953024174,0.9745342003817387,0.9827161006681477,0.9697584556791622,0.9874888258221224,0.9877156269303743,0.9885296473435382,0.9887344062605696,0.9817384280670547,0.9885759020448144,0.986463974289786,0.9881360562344317,0.9875994713707141,0.9876193564682131,0.9950694273519987,0.8740172894055972,0.7134774985051986,0.8871139517122087,0.9054206832979346,0.8330477936316261,0.9288340732413511,0.9112367012727633,0.9308784752856945,0.9398898701272824,0.9265290965498203,0.9594552569691269,0.9642114490462844,0.9687983905021863,0.9821217698413962,0.9698886436095522,0.9819621404765375,0.9696699736754333,0.9691071785791765,0.9702231226862085,0.9622877627236545,0.9439173639601138,0.9433923900467704,0.9339905468087787,0.9796932025811417,0.9720336542324013,0.9701475548591872,0.9685860068394344,0.9534081270874284,0.864113207452437,0.8164335497771739,0.8845450445938394,0.9014276940482517,0.9093374316314178,0.8916712007928664,0.8894670783980606,0.6676338189629278,-0.5313126494881395,0.9762621642444829,0.9740615287598073,0.9703132426434452,0.9698724475876506,0.9673120913245288,0.9760296563267329,0.9756491759648169,0.9588795516395118,0.9654388042853687,0.9580769590940319,0.6758205635042842,0.8548446236628859,0.9422703770332307,0.7667007463636167,0.9179213639302756,0.9345656078656288,0.8169483124025538,0.9576732226237582,0.8441352799327483,0.5711306000979977,0.6817516720258221,0.8419247775941996,0.8215391875416359,0.8400323355954771,0.9595476033689659,0.9596372820429205,0.7001643440719274,0.6914489520673002,0.759265100666655,0.357873832238639,0.7410295425713056,0.7650109792460771,0.7512959608676036,0.7532973266780724,0.7467944839536933,0.7129309537523736,0.6959348758118966,-0.27533001961921744,-0.40398570975921166,0.6669593335515176,0.8784264271731979,0.8961829084006325,0.9052180602138802,0.8926810927761833,0.7965414503109685,0.8654000401887755,0.8876471238428356,0.8877423535218051,0.8311971800900861,-0.15203454703682007],[0.9976500600342387,0.9935518754994791,0.9906359682454683,0.9979686258113617,0.9990586987018468,0.9876009557726673,1.0,0.9972544403094358,0.958832428595308,0.9995492888963023,0.9736520551838723,0.9994675270415714,0.9982128439464631,0.9990927861588609,0.9990668933716358,0.9996159111251081,0.9971823960545111,0.9999018959215485,0.9992894306239611,0.9992946561811641,0.9996679057806821,0.9992589878345152,0.9906944454542194,0.9752134055072271,0.9845907866244095,0.9256901104190997,0.992805399983027,0.9885407341237424,0.9727097885445989,0.9464583915929197,0.9920085834810568,0.9917771761238207,0.9932205134959825,0.9726279514570868,0.9988798273281622,0.9998280785376433,0.9996706639804039,0.9994177896635253,0.9996887015174102,0.9998580860445873,0.9982328980172133,0.9996919766296739,0.9993064805156792,0.9989301462122092,0.9826178791057963,0.9289137089712395,0.7304938492952013,0.9350686112867339,0.9224274856460661,0.8099660049381738,0.9579678679361849,0.9417437994906532,0.9600878133630829,0.9583476599765895,0.9512705378816796,0.98178254078302,0.9802879013513682,0.9431633806938579,0.9582144347160989,0.970458250942136,0.9708126024572087,0.9721945423847532,0.9432598071443413,0.8958190222250056,0.9488277143064139,0.9570834023401086,0.9341946974849911,0.8830502902072324,0.9629695239430244,0.9336524543902105,0.9643472177003353,0.9435205343696829,0.7508325216463115,0.8362944589712522,0.7623176583387946,0.8537745576361495,0.8784627438729736,0.8826691392990467,0.861419465233936,0.873841185331811,0.27926105092332104,-0.6049082977160459,0.9607801197157122,0.9417599177958188,0.9411110302776197,0.945257560548653,0.9570333449534331,0.9681419122949941,0.9681882150915316,0.9265142021894355,0.9644010997405011,0.8317056813877548,0.653441147480728,0.9066241977608588,0.923159258508831,0.7553757904164321,0.9241920516074182,0.9441194033876206,0.8172814587805626,0.9667021640119838,0.8314648352167926,0.6178645813942145,0.7001674582669782,0.8444375548674512,0.8415122615477545,0.8304428413836705,0.9756083324641109,0.9758269198250418,0.7259974811934983,0.6905282428647184,0.782515735313635,0.32807983806285534,0.7676706516118821,0.7921704153519152,0.7818845064701813,0.788657332166739,0.7409069890770632,0.7319754128256282,0.7109968981140665,-0.2632238755875393,-0.4115134566219274,0.6521944964857992,0.8913740425990153,0.9284662506240096,0.9438900301311965,0.9164366408081641,0.824065499062435,0.912404452159149,0.934057063307689,0.9334750827449138,0.7754498071148801,-0.14495413674710483],[0.9955562293199611,0.9897147566177175,0.9911287107953775,0.9960611022401298,0.9983608074623415,0.9878956889654925,0.9972544403094358,1.0,0.9701444502525259,0.9999848602105466,0.9680364270760096,0.9996777441707319,0.9999969417163309,0.9996730055738366,0.9999979594875849,0.9995830238541307,0.993647657480289,0.9993511031577493,0.9998938338418152,0.9998933623062026,0.9999589042007562,0.9999947101253751,0.9909940809698685,0.9763599818102534,0.9920694327633761,0.9399322664514665,0.9933100679467208,0.9859701501318427,0.9749012854808778,0.9452991642406451,0.9882835636878878,0.9940938779869817,0.9918724834456374,0.969333594519508,0.9994374162465941,0.9995096425240892,0.9996292469659328,0.9997018244349332,0.9988910861321275,0.9994391196481262,0.9987137249121681,0.9986220586596765,0.9995068819740768,0.9993714758803857,0.9841319316492262,0.9289419397054679,0.7174558317795515,0.9404967944869888,0.9200850275703966,0.7897520804040807,0.956352428311832,0.9368801728058642,0.9580669697691975,0.9520194925737266,0.9448203555598811,0.9797752548037774,0.9771015914069004,0.9376272719858886,0.9528338733370263,0.9629826083773589,0.9670655499378312,0.9651818558057801,0.9413393199939484,0.8858889601703844,0.9430961297260851,0.949424763795121,0.9282465632794813,0.8685256922938392,0.9596283224284051,0.92654668813515,0.9580738858445402,0.9383664260173076,0.7353267302462498,0.8266385426897754,0.7573775600113339,0.8441450435188915,0.8699471990518851,0.8769338372298541,0.8563624188204813,0.8659631795126725,0.259174947803768,-0.6104000787838363,0.9556557340739016,0.93291477670378,0.9334242128124489,0.9430913467360925,0.9513069331621999,0.9631288717543429,0.9631673599236514,0.9199559394790456,0.956428728548213,0.8177151842498929,0.6490846222743493,0.9252191120388054,0.9352645460767309,0.7503113986624171,0.9236129158115169,0.943796164590843,0.8146142254464618,0.9712594269935231,0.8350636916350994,0.6034895748910055,0.690810130829344,0.8455926816617035,0.8384359994636116,0.8336905128780676,0.9784968327350494,0.978720531550064,0.7159711562428682,0.6817899623462764,0.7843450860892957,0.3136724254717538,0.7624306264588654,0.7877519336854305,0.7830206043826708,0.7830628828514965,0.7337722587833986,0.7256470722738352,0.7040062252949949,-0.2800692368352114,-0.4273848222820814,0.6349184254345308,0.8830393174745471,0.9261416767460017,0.9361762772484408,0.9101617391653751,0.8127051687217445,0.9058718494444777,0.9277272171016415,0.9273922830230618,0.755430114150813,-0.1272054367602942],[0.9691204111610682,0.981020587611994,0.9898876990490059,0.9713902987760988,0.9845848715174322,0.9906830762165214,0.958832428595308,0.9701444502525259,1.0,0.9855748525011068,0.943043752489792,0.9901577363799394,0.9738899717068377,0.9839298471077679,0.9788223391010943,0.9757277182345769,0.9594590520872172,0.9809673106896716,0.9794516360244312,0.979422498095653,0.9835409762503011,0.978849879225893,0.9946750072106181,0.9909263072532589,0.9825863110434393,0.9861385017066727,0.98541594903893,0.9864992732395657,0.9889514743569802,0.9613605115293877,0.9321101525861952,0.9535320610617142,0.9695411234130143,0.9501115850017271,0.9734292498959953,0.981537713842144,0.9784854179260126,0.9808803094476679,0.9882227853014912,0.9831884569643666,0.9700336574660801,0.9780020385657004,0.9742428048207808,0.9732212941662012,0.998814410586069,0.8901520004301565,0.6661126847554553,0.9321216015637889,0.9186471161606341,0.7709432561623099,0.891172792055151,0.8802045134508403,0.894645226441789,0.9099838233986328,0.8960673640735055,0.9336711369257864,0.9482683205958379,0.8897452023678115,0.953473042774101,0.933400776397447,0.9555491036373198,0.9337892446862992,0.8877574813424327,0.8875931448107146,0.923837955230098,0.9000805965412866,0.8632166003626579,0.847396365635561,0.956482592286438,0.9039006570755993,0.9330520647770949,0.8929811866982303,0.7673755382686969,0.8006932982068732,0.6901106095312252,0.8242123183153586,0.849835812836947,0.8621514246319644,0.8124029066736215,0.8305750048631289,0.2933381480274194,-0.5599930527333216,0.9426922787117624,0.9291794987454104,0.9278445151693971,0.8899116044827395,0.9317612913444918,0.9423238790974768,0.9417602649911918,0.9175502000520144,0.9264165486698048,0.8278985625313223,0.6523485489111047,0.9168976980515218,0.9509021783035437,0.7346490461263911,0.9040513564797732,0.9223055379398832,0.7976507428139715,0.967351354581523,0.7470640891518605,0.5060715546300855,0.6343068763750709,0.7668606829809417,0.7712986161134687,0.7534308255086202,0.9670656570382824,0.9670828238481054,0.6454686658749175,0.6394230100070784,0.6806004864292461,0.29725679464573695,0.6765712259314001,0.6930684750043344,0.6745177317974548,0.6894517544576617,0.7082341141990386,0.6706985923399507,0.6507808128684728,-0.330102621415774,-0.46365756793621205,0.6577362542099198,0.8491551411098524,0.8482443979372232,0.873106457968065,0.8747465520736344,0.7571861832131517,0.8246396731385006,0.8544837754934765,0.8493605965731147,0.7142707557056804,-0.06709415244742581],[0.9958680434936965,0.9897450913171647,0.9943458730069602,0.9964518378421706,0.998419890556739,0.987532008630954,0.9995492888963023,0.9999848602105466,0.9855748525011068,1.0,0.9673708582102313,0.9996768101243146,0.9999817207136595,0.9998439625383686,0.9999903058056469,0.9996785318448612,0.9979485727151775,0.9993419173982029,0.9998348916135852,0.9998339049441913,0.9999676045723078,0.9999828089990214,0.993883084773489,0.9777987412024985,0.9953389063302823,0.9750586520747546,0.9954763716319682,0.9859341463341732,0.9792496575144708,0.9464859493881279,0.9888959576117013,0.9932120441380059,0.988942337255319,0.9649688478710003,0.9993695383879534,0.9994495247586628,0.9994551944867216,0.9998469610713523,0.9989005458916551,0.9994259239914739,0.9989708347860058,0.998634667124013,0.9993652591782773,0.9993595502817707,0.9886470170282101,0.9289791907361239,0.7181165806106603,0.9402696518911375,0.9198533685018,0.7899685885583524,0.9437238935785293,0.9267776758997395,0.9472486366524604,0.949478026994061,0.9420879413885646,0.9775939693321984,0.9771658996275119,0.9687153581663396,0.953224628953308,0.969575319919933,0.9671617200954191,0.969997334300456,0.9696756477151657,0.9408890435080977,0.9424207091369508,0.94247079654886,0.942073400322275,0.8974977964724509,0.9599767660461866,0.9603556338844633,0.9664120792577455,0.9652723797696725,0.9204890060263085,0.8259818156436887,0.7762592505495084,0.8432842637394082,0.8912578194029632,0.8755121751361326,0.8828335535945363,0.881802615157787,0.6473100666197532,-0.6255954676507431,0.9556150524411204,0.9329504161122826,0.9335668254756897,0.9700277309685948,0.9462142845507198,0.9627048003305125,0.9622129165789786,0.9209186861003555,0.9648887962842603,0.9250756780124729,0.6475071875959866,0.9247650751692685,0.9488119826950723,0.7270515258411967,0.9110542709815538,0.9349329043283027,0.8137502216742206,0.9700673725375467,0.88831526074634,0.5046855726657649,0.6598800994858135,0.8768449448392226,0.8355946372568698,0.8797266435010694,0.9784257059236737,0.9786803596685577,0.7139016499037408,0.6787410151365879,0.7528063552664904,0.3115310142595574,0.6948458279169426,0.7582617888685397,0.7366806981479195,0.7170531773957843,0.7312307545952454,0.7224674495580176,0.7007768211981819,-0.5132244803350607,-0.5923881062302891,0.6345112685277083,0.88185940166628,0.9250506054523793,0.9380319392608434,0.9091860601489352,0.8079293082074203,0.8960264942071414,0.9181668158518276,0.9176070819863176,0.8065446058621842,0.10394188375143891],[0.9801942525289863,0.9703350302567221,0.9566207561383427,0.9798474777913274,0.9738445259272501,0.9628658508684971,0.9736520551838723,0.9680364270760096,0.943043752489792,0.9673708582102313,1.0,0.955894680568788,0.9684126453677625,0.9673862499099716,0.9681508554417408,0.9732921244348107,0.9679844380726006,0.975630513348145,0.9722295941644078,0.9722435452354516,0.9682019377665882,0.9682701119145789,0.9669858596663841,0.9547150660187735,0.9746215536011542,0.9555874396679213,0.9725944074070241,0.9093191984281522,0.9704584441597798,0.9545059520601921,0.9776422558001078,0.9720634936800667,0.9721029999872847,0.9401594522470762,0.975912986413721,0.9755053870390414,0.9759225285165126,0.9686504303449776,0.9629418450665085,0.9749458450951087,0.9762747684278028,0.9781858188105009,0.9760831819785997,0.9760996269048293,0.9565747737493979,0.8515696525138531,0.539518356928375,0.8191080881517581,0.9015056976617978,0.8776482352654256,0.9051927309964469,0.8407239345751107,0.9095139132923338,0.9203676803300136,0.9067363793183981,0.9376480804161361,0.9375153472615357,0.9463657741883713,0.9388912097385119,0.9557664859284969,0.9500156953315045,0.9543057146892335,0.9543265791045586,0.9131891640817492,0.9544798423869524,0.9415543640484464,0.941248319233703,0.8683359360610858,0.9389368035631338,0.9461726484075353,0.9401231573522663,0.9390726598494328,0.8908311913708584,0.8342144245639186,0.7933350929913735,0.8746418231298845,0.9219827187152668,0.8961482669576822,0.9091466832239186,0.9084950407414474,0.7353946054756139,-0.321259009761585,0.9548458021702365,0.9565771222327665,0.9482765348000246,0.9480104323140343,0.9337842606753818,0.9560436361339553,0.9560034178392284,0.9047507772342548,0.9578893809165133,0.9091642238141365,0.7397790817522161,0.7312587869136509,0.8754994167871774,0.6551353639661215,0.8649200351183987,0.8984404592694275,0.8815560004663394,0.9534366504177129,0.9083876979743657,0.3869676129202132,0.6617763398680113,0.9008792806638437,0.8799632574919556,0.9077928370711973,0.9536474275221097,0.9539622123042141,0.5507372103501165,0.7159382479991939,0.6259640624062399,0.4983853569442377,0.5861218914270339,0.6398152658636044,0.6014467492855338,0.5750156128416747,0.8176142146374378,0.6952328733644272,0.660256794695304,-0.29343711540682405,-0.3456173346169665,0.7544918945617087,0.9179983319195569,0.9249042999500955,0.914543511752468,0.9423964846257638,0.6736873080115826,0.8489456054453525,0.9117376376894774,0.910918130209018,0.6948391310545745,-0.16293452383245918],[0.992867769201278,0.9919427340867838,0.99708130066637,0.9941612719977098,0.9978082717713211,0.9797280382052366,0.9994675270415714,0.9996777441707319,0.9901577363799394,0.9996768101243146,0.955894680568788,1.0,0.9997025580047842,0.9996828524630214,0.9996906431628237,0.9994236121125624,0.9994740951934504,0.999192263133754,0.999959418671275,0.9999589855884815,0.9996895756255277,0.9996971463476185,0.9909729627955005,0.9615259275426117,0.9919592295085977,0.9804764394454578,0.9930114528969508,0.9898253234640444,0.973061679117368,0.904533188716143,0.9890387269997405,0.992732552831227,0.9745189440522606,0.9050777417479013,0.9992159461128707,0.99927859071046,0.9992204845382338,0.9994818172452261,0.9994493947904504,0.9992433187882045,0.9982962243636088,0.9979951368819043,0.9991913828220947,0.9991871975349632,0.9899798191011072,0.9231185773759091,0.5590705714192702,0.9362061732220172,0.9190598829198476,0.7937837869898314,0.8589937909966319,0.8978810530325799,0.8640884719183435,0.8794282574023883,0.8563070297226635,0.9522602014631248,0.9522013558075971,0.9547837906688769,0.9567771948538611,0.9473068267241249,0.9491530608081967,0.9513428072524227,0.9511585779756344,0.9048440622498186,0.916174236991199,0.8789160719580741,0.8787496091920853,0.7711909448423732,0.9513958111640624,0.9545028004345906,0.9546514510072392,0.9539889591905734,0.9066846948236003,0.6308891808232762,0.5709844064430116,0.7194441638783027,0.8148838481563391,0.7474218127860961,0.7826044982517543,0.7814354739947715,0.56656720399904,-0.39328699605740713,0.9277284155832193,0.9367287351955148,0.9274376569610288,0.9560883290722447,0.9244416975680397,0.9331351085970851,0.9320133701476512,0.8693001913886083,0.937059360303526,0.8759545848548165,0.5524074691007436,0.9216233361428527,0.9155817790089448,0.3571773034723806,0.7173162406537974,0.7938455163698372,0.6674418125533402,0.9732324499421059,0.6765653074588148,-0.19864924752477411,0.2023195968798882,0.6500109014253787,0.6536762246004582,0.6952438260719035,0.9744556847731141,0.9745110941297737,0.004165225840424193,0.23596415495835094,0.0870150468806482,0.05270170703508752,0.07967221727541755,0.09867892548575867,0.06553094964430531,0.014531636400046078,0.44035493111694973,0.16934929952465114,0.11642006271529268,-0.5168508497991905,-0.5536800295339324,0.6345463473728199,0.74337290920103,0.7681222319668899,0.8291296993547825,0.8261099341883011,0.5296947428738877,0.7292554540539584,0.7632785051662935,0.7620324611657048,0.40926529266882883,0.24139590815219641],[0.9956923067319929,0.9899295596246758,0.9910190337600304,0.9961792158088051,0.9984020814067376,0.9878214637188888,0.9982128439464631,0.9999969417163309,0.9738899717068377,0.9999817207136595,0.9684126453677625,0.9997025580047842,1.0,0.9996571351588734,0.9999976654470623,0.9996295698716805,0.9947421403384503,0.9993989953442401,0.9999044772972107,0.9999042143635726,0.9999665064999895,0.9999951258071292,0.9908995176834708,0.9762282100173104,0.9927264791718302,0.9448325646861762,0.9932708991394634,0.9861449006034093,0.9747324399138985,0.9453092976535854,0.9891756562635153,0.9941558391458918,0.9919484986569762,0.9694795508705298,0.9994798880288546,0.9995526669912036,0.9996619799398841,0.9997032170608882,0.9989732702516522,0.9994829562705762,0.9987821813277162,0.998699718418325,0.9995504180128711,0.9994149301597912,0.9839333896931315,0.9292377815286297,0.7181792773760135,0.9404404216561363,0.9203271383725041,0.7908652093171503,0.9566890568790569,0.9372936196223918,0.9584108901551287,0.9523948592742292,0.9452261810156746,0.9800188729552817,0.9772903425017171,0.9379501843884184,0.9530148373625146,0.9632896848877899,0.9672139558344642,0.9654830648893132,0.9416072711763159,0.886078106506631,0.9433826878810477,0.9498547184106569,0.9286907736855149,0.8689681089992027,0.9597229489519106,0.9267792404318445,0.9583102993527556,0.9386680933113827,0.735444714622379,0.8271338442556339,0.7579424881034422,0.8446252230072113,0.8703091222229119,0.8772120169598565,0.8567908940686861,0.8664086912689088,0.25952036842272935,-0.6103040953845787,0.9558813848943732,0.9333024339630349,0.9337470071010545,0.9433434644131521,0.9515490613521217,0.9633612658103249,0.9634008835779032,0.920171350400714,0.956760489587122,0.8179672306438203,0.6492654818663361,0.9243780747546653,0.9347275887227865,0.7505452029838144,0.9236552796438573,0.9438395714880373,0.8148973329989988,0.9710910526568404,0.8355145488773246,0.6045204760553518,0.6915007341427964,0.8460636222592226,0.8389683600038177,0.8341236464691234,0.9784135898601802,0.9786371764452723,0.7166325426705171,0.6824006562961222,0.7849233740558652,0.31451298774798553,0.7631187240604201,0.7884320031785175,0.7836050616596608,0.7837709037202629,0.734172581962772,0.7261066379497443,0.7044926658023425,-0.27905079717847175,-0.42646496690872904,0.6354899491290188,0.8835555067293321,0.9265638176359465,0.9366859336378993,0.9106163285730722,0.8132613488067034,0.9064270187362489,0.928269569964032,0.927921745278371,0.7561021197575232,-0.1282607110330547],[0.9949468869691687,0.9897722670313905,0.992945156141801,0.9956396852621815,0.9982203295532883,0.9890891944347102,0.9990927861588609,0.9996730055738366,0.9839298471077679,0.9998439625383686,0.9673862499099716,0.9996828524630214,0.9996571351588734,1.0,0.9996938714275658,0.9992435074471911,0.9983937005128478,0.9989683722958608,0.9994933337366737,0.9994861265526312,0.9996758999947286,0.9996495059882049,0.9928939433717321,0.9779019843560817,0.99598607700689,0.9717518761605527,0.9958771996247029,0.9860036167756107,0.9775428869022698,0.9477954212690883,0.9882737995898352,0.9921374611382116,0.9909826866627163,0.967113496431361,0.9987819068807083,0.9990955507726893,0.9992797842100075,0.9999190713380224,0.9989240898099193,0.9990824620481583,0.9979285829307726,0.9980305555915265,0.9987762382348658,0.9987039640741717,0.9879742452119511,0.9291868522096133,0.7138530981189136,0.940532528307041,0.9202292363105375,0.7901952865757951,0.9521204067631502,0.9305205118927083,0.9532365946879074,0.9488967616415909,0.9411007214140178,0.9764753564473896,0.9751687405114376,0.960740088061846,0.9527261212726894,0.9636148151950327,0.9666230565940162,0.9653602001819739,0.9646650718476627,0.8901963959250416,0.9406724143315126,0.9483382982755917,0.9480238219719047,0.8674546610798296,0.9600977388619534,0.9382024514823297,0.9601921719420881,0.9588841553521946,0.7401636371696475,0.8242988334473607,0.7855850958797753,0.8424451444950365,0.8717936335083797,0.8764687465085308,0.8651486789930706,0.8655275518217925,0.24499301431366796,-0.6047439012149719,0.9551353594613085,0.9330214113375149,0.9327774906374509,0.963431087171285,0.951093608007905,0.9622837780737135,0.9622744881454137,0.9202074237029307,0.9571326196564629,0.8245960601721042,0.6496795170800164,0.9248628683819392,0.9355901556185541,0.7481492361900386,0.9219284508539096,0.9423730222724165,0.8157968328978008,0.973658931120766,0.8300057039819071,0.5960080648370848,0.6869331100506618,0.8372677744196546,0.8336409533928082,0.8261755577396939,0.9802341030168547,0.9804186579942402,0.7075623392172687,0.6771343260269443,0.7647320601139513,0.31423150989865156,0.7532074046272159,0.7771645814297858,0.7536064358568024,0.7727668430167146,0.7319688242081933,0.7161499672050399,0.6947976946752129,-0.2856020110395148,-0.43143410788761233,0.6350879838107211,0.8813021413065923,0.9277980912211099,0.9320144024852415,0.909741026481424,0.8054429662103011,0.9001445877954594,0.9210663618584585,0.9214223304218577,0.7495777601750176,-0.1265659856826587],[0.9956074053901424,0.9898179955420814,0.9911879436515277,0.9961108439029401,0.9983945578687264,0.9879582098148559,0.9990668933716358,0.9999979594875849,0.9788223391010943,0.9999903058056469,0.9681508554417408,0.9996906431628237,0.9999976654470623,0.9996938714275658,1.0,0.9996431201548994,0.9973010616198622,0.9993699767151599,0.9998972415162987,0.9998964514065046,0.9999605964343973,0.9999926802761202,0.9910345814815756,0.9764158895960761,0.9945241486769771,0.9596656675108443,0.994357114264026,0.9860735714327292,0.9749477541139387,0.9454764897969127,0.9916335943828333,0.9944538650894975,0.9918165297167033,0.9692344417324903,0.9994520762228235,0.9995133213931938,0.9996384807786061,0.9997195875691584,0.9989292964642896,0.9994487644206301,0.9987445060282307,0.9986424632181152,0.9995194139506145,0.9993869865758015,0.9841188556600051,0.9290422165158188,0.7175183442646529,0.9405129226499607,0.9202596136784021,0.7902743844771714,0.9564522894575644,0.9370426030703076,0.9582019375452677,0.9519783822693083,0.9447522730090337,0.9798169419140627,0.9770587652456252,0.9379649305863261,0.9529454558665553,0.9631707977409705,0.9671384038664922,0.9653541235928684,0.9410825415435647,0.8861208683334059,0.9429618879610394,0.9494965144012284,0.9284900535574456,0.8686603476533445,0.9597876688731245,0.9269420637388521,0.9583049444389561,0.9387208248843293,0.7357080399021009,0.8265921608175252,0.7576701627694252,0.8441443421294392,0.8701311970342492,0.8769122615461088,0.8565307330835941,0.8661481790279771,0.2595394136639767,-0.6101053612974968,0.955727747660956,0.9331086494983362,0.9335877672540276,0.9413697296408567,0.9514955662676896,0.9632058016763125,0.9632408574242514,0.9201371317275583,0.9566170618072775,0.8180044929378885,0.6491269877040782,0.9248191489535912,0.9351297192050515,0.7502596963398183,0.9234953565215251,0.9437041862260783,0.8146185026997823,0.9712787680090424,0.8351188644976099,0.60335078994926,0.6907032373164448,0.8456324322227999,0.8385898417154317,0.8337392088169991,0.9785476156035829,0.9787677674681529,0.7155253618835081,0.681399863674006,0.7843442798137967,0.31397353784925286,0.7624211973135723,0.7876856793693605,0.7832076765727362,0.7829733824033314,0.7336782879947605,0.7248435302621564,0.7032377543641868,-0.2798642190130448,-0.4271759814467375,0.6352414506937071,0.8829642650268735,0.9262923790188216,0.9362453860894288,0.9102218610618827,0.8125151715867113,0.9061089905269759,0.9277919744667924,0.9275739360286033,0.7555540992293076,-0.1275114836811335],[0.9971132812212933,0.9926267209837831,0.989881572158037,0.9973805641527007,0.9987867666687361,0.9871071138035459,0.9996159111251081,0.9995830238541307,0.9757277182345769,0.9996785318448612,0.9732921244348107,0.9994236121125624,0.9996295698716805,0.9992435074471911,0.9996431201548994,1.0,0.9973638721826618,0.9997783450514088,0.999713257964922,0.9997186436737158,0.9997675011945787,0.9996925237222696,0.9899800763138724,0.9748880679083058,0.9931558471265739,0.9493126132809053,0.9928483295948418,0.9876723534768594,0.9729218350865265,0.946156629358387,0.9926480043886604,0.9938125442875979,0.9925161046622415,0.9708712245080545,0.9995707143770316,0.9998333181886456,0.9998224094752025,0.9995602222060579,0.9996002378697912,0.9998166166768222,0.9991691708991188,0.9994693742514767,0.9997388760912449,0.9995402336042908,0.9820508252889327,0.9320719670766144,0.7289450302504061,0.9354220009669911,0.9209100462109588,0.8081595930880028,0.95961934862645,0.9419344757702762,0.9616036581521835,0.9570425062534509,0.9500895441824773,0.9824264830991913,0.9793178272890974,0.941174597617729,0.9555879818330058,0.9673117479618373,0.9690154499719902,0.9693321153651757,0.9436190283010046,0.8894516547334599,0.9466064220489308,0.9549066364197161,0.9331358185609258,0.8755767749437817,0.9609577526547277,0.9298438571760248,0.9614505460463891,0.9417681173111575,0.7391104692072943,0.8337692821646345,0.7629017353927453,0.8510497258605597,0.8747789619010518,0.8805865150557032,0.8610622760709311,0.8717017395062285,0.2655510316454845,-0.6082750606116597,0.9589047205734462,0.9388244207833956,0.9383560774800817,0.9453071328035914,0.9549492554798958,0.9663335682659325,0.966441974556856,0.9235862343426882,0.9610612453319824,0.822522205908164,0.6511247203465016,0.9086473297090757,0.9267893274858405,0.7530527258228911,0.9236044598303891,0.9437573706756612,0.8196298298751956,0.9689756135517638,0.8387641941212275,0.6178540820681512,0.700659245918161,0.8503330671094402,0.8450523315164402,0.837541783591977,0.9775670096935499,0.9778374698476919,0.7232750068649746,0.6885601886228215,0.7890758332483193,0.3261172395789515,0.7700712245617799,0.7951422728704043,0.7875892128179034,0.7909188446636531,0.7381193282014679,0.7290589669487859,0.7079491221929847,-0.2654719168041404,-0.4138251165732946,0.6468686941896853,0.8904784055800832,0.9301515827004401,0.9426948249024827,0.9166706208532917,0.8197894349599031,0.9121535715072502,0.9343281857956707,0.933466193350643,0.7661691416939294,-0.1429160126752078],[0.9950862710583711,0.9941