var element=document.getElementById("correlationClose");if(element.style.display!='none'){var correlationClose={"data":[{"type":"heatmap","z":[[1.0,0.9999910880004779,0.7202453212478017,0.9997639965387122,0.9982795500719593,1.0,0.9932842564202359,0.9903605305975234,0.9903605305975234,0.9937469899202136,0.9795067051858662,0.9884116345662233,0.9933179615734068,0.9936330847763756,0.9933569970743161,0.6754908863322474,0.5736540294683441,0.20977794108888967,0.9940183193856735,0.9940118797468644,0.9861085331040625,0.9933063092662434,0.35215287020819913,0.7820318591036564,0.9844412581956506,0.9844412581956506,0.9844230858072761,0.9810428888190678,0.295409709387265,-0.14713825454021315,0.9888238871389087,0.9887965950122304,0.22973893518439814,-0.23981839297390575,0.9950949442690972,0.9953624712200563,0.8701225134955867,-0.33476903717120676,0.9914811337723796,0.9954667309502724,0.650700689175249,0.19006878148472672,0.9952114917786824,0.9952070437912472,0.9952114917786824,0.9148428928028338,0.6636814896543365,0.9387660675129172,0.9416025474318637,0.868782468006633,0.38707692159014206,-0.1923740254929723,0.23895226263571678,0.9548621143313525,0.35722963191602386,0.9754529848103742,0.9727460066374668,0.9819733693893308,0.9890280351247038,0.9410794030749794,0.9518614860579951,0.9519058502730173,0.942668516416825,0.9492922850444796,0.9498527860132918,0.9492922850444796,0.9070580133727735,0.9300717268410389,0.9308443987572398,0.9300717268410389,0.9378779706913275,0.8220909097239885,0.9115097946751557,0.9125786194538644,0.9115097946751557,0.755916225843428,0.45687628149967435,0.7484951183863441,-0.5100319254683189,0.6550410270569877,0.6628218318410598,0.6630505546304185,0.6628218318410598,-0.05966634552978223,0.925769834773932,0.9543079014789958,0.9411796250833628,0.9423197433639492,0.21943265902044204,0.9202039779942551,0.9206385804806483,0.9202039779942551,0.9233933698046256,0.9233933698046256,-0.09803232122778892,0.6077064701255656,0.12562854853659303,-0.7281348500701574,-0.6105948209527969,-0.6147032388741177,-0.17492568314842272,0.16411621518818617,0.1791864039942823,-0.05487162692971581,-0.6128520208087208,-0.054731256729848604,-0.7969971798393231,-0.3237339418882589,0.1886745743373766,0.19050164021836805,-0.5892036108526449,-0.5648707345886189,-0.3122232953952546,-0.5321175866411331,-0.8077349434867092,-0.43600573920145314,-0.42886085478584746,-0.43600573920145314,-0.2631969792221837,-0.38824190497852856,-0.38824190497852856,-0.7960938478865995,-0.7960938478865995,0.5065331356853281,0.6363283169894188,0.8476889829661924,0.8435069248004932,0.7572813993420062,-0.3581921600988119,0.7479444060026236,0.7696672193575417,0.7698011393195224,0.7696672193575417,-0.14718345419228732],[0.9999910880004779,1.0,0.9848440009577849,0.9995915251293823,0.9964168039166502,0.9999910880004779,0.9868335689007881,0.9825102082381547,0.9825102082381547,0.9867700552000749,0.9774190962999372,0.9874785909571107,0.9868784234778338,0.986817647750413,0.9867445394964796,-0.04993116109057923,-0.14344817368832952,-0.4860699206065233,0.9895361483942388,0.9895357950270656,0.9869123363360257,0.9869161567704261,-0.21420276581302516,0.9827596838671662,0.9835459677088306,0.9835459677088306,0.9835672584614221,0.9811316453696237,0.06815927117468852,0.08880929410107273,0.9835671333523273,0.9836274903598716,0.6650781121484787,0.006341032653686014,0.9915793224250555,0.9915840075496358,0.9921213589288375,0.9876906181083038,0.9907932079138573,0.9916619753877497,-0.09938533374582352,-0.4900518968072916,0.9921451547705867,0.9921445466808577,0.9921451547705867,0.9145710276288704,0.5194379341321761,0.9387572842546691,0.941475190242021,0.8683818041933564,-0.17800531796088756,-0.45207416845364773,0.8665404365621461,0.9079801053306085,-0.2567686304121025,0.9469046375335152,0.9470293680278392,0.9676827503681162,0.9789272639809996,0.9621129131425638,0.9666627944692575,0.9540222978978885,0.9560741526499154,0.9565270329701788,0.9568188147202947,0.9565270329701788,0.8918391880636413,0.8669118406342572,0.8679192877455043,0.8669118406342572,0.96329341126209,0.9656128709703925,0.9633075783198775,0.9639480137585958,0.9633075783198775,0.7236307846244593,0.6859315192868731,0.751819667226084,0.8007144884068951,0.7259267809701037,0.745256668832302,0.7464027353529055,0.745256668832302,-0.037607790438582846,0.9356918710265925,0.9516215614480333,0.9464996029390876,0.9659558211811559,-0.33628091086155215,0.9329611913258745,0.9330770439291067,0.9329611913258745,0.9377972399343782,0.9377972399343782,-0.17930994950072995,0.6077174981234187,-0.3783601192445623,-0.810644472564524,-0.4741553707012883,-0.4783526915669328,-0.4079590744235186,0.29583045521309154,-0.2783937922810704,-0.5295722120721307,-0.7672143430668189,-0.3787588652242041,-0.4669111194922295,-0.44516721799731035,0.15808077664067158,0.1561256420683608,-0.49350685310285586,-0.4646788710976505,-0.49279978000941904,-0.5245938978218723,-0.5161264547124291,-0.49500515535934925,-0.4984478161061251,-0.49500515535934925,-0.39201329426023335,-0.5601674760047977,-0.5601674760047977,-0.5242321598271414,-0.5242321598271414,0.5047169306905307,0.3826548337747747,0.5196477957397273,0.6489353743682552,0.5393674162244613,-0.44369979778854846,0.4224052330945555,0.32593465760509455,0.32614285691916517,0.32593465760509455,0.2212784763682941],[0.7202453212478017,0.9848440009577849,1.0,0.7181490201394835,0.6678404277747737,0.7202453212478017,0.6974852749773843,0.6914109443510446,0.6914109443510446,0.6583495393170846,0.6335995238616047,0.9945703470648177,0.6975254883842339,0.6953985087171453,0.6976134544758377,0.3499426126371709,0.2936828572548379,-0.246589692356365,0.6664234943165636,0.6658077424305805,0.6384388687590986,0.6966915499899146,0.13894611403315923,0.8310106616849033,0.6841846231054335,0.6841846231054335,0.6839882530504237,0.9904059094240419,0.2684553423552925,0.07496104478219222,0.6522811556334388,0.6519812999569101,0.5760819746751381,-0.08410409326183726,0.6926175102831782,0.6508730762304058,0.6547940021453955,0.27422394203753936,0.9933628427761749,0.6492701431285919,0.3312573118838897,-0.25657202329331397,0.7098272241560383,0.690748207803758,0.7098272241560383,0.9120904698156674,0.4390809705111072,0.9497085228196368,0.9338238145734346,0.7907368703859372,0.2459489626626262,-0.08624045405958546,0.06006882780453805,0.6037163453105902,-0.07367571732500648,0.6368176600953713,0.6208086225512993,0.6356723779302259,0.6000156725019897,0.05181866362102457,0.84033940455593,0.7784249360322585,0.7147448506424061,0.7836924966621919,0.7942396695974818,0.7836924966621919,0.6287489562535988,0.7123276721340102,0.745050544081559,0.7123276721340102,0.759104501358159,0.7105389317431563,0.7633901794877953,0.7953887997241197,0.7633901794877953,0.5427888221705135,-0.07764610846802672,0.5566808522114514,0.0844332792441699,0.5124215926574804,0.27400088467087674,0.5543848823496852,0.27400088467087674,-0.10134293596314921,0.6991117662150228,0.9096564805360204,0.7559302842570323,0.7982323039247332,-0.09963192161330064,0.7273917681831041,0.727051864814061,0.7273917681831041,0.7692378689726637,0.7692378689726637,-0.19081467966292387,0.7016111816078318,-0.17295280405100008,-0.7477270160422825,-0.47505536992254493,-0.4793452714511489,-0.44204883365889064,0.1439682322228566,0.016736438038566108,-0.3747230091070894,-0.7274789948095972,-0.19033580295583982,-0.36149557175375663,-0.3050181552499961,0.08328524138505036,0.08238707293583553,-0.5130131171766096,-0.10048297094652442,-0.2872583381639167,-0.530546721175525,-0.24788772446000423,-0.4346520770735554,-0.3204731965059108,-0.4346520770735554,-0.4403039604345427,-0.5685353274436092,-0.5685353274436092,-0.3376819508902577,-0.3376819508902577,0.46258537600686506,0.24907661412039037,0.31422533328387814,0.5528127295622732,0.34026764463231673,-0.40623745186227794,0.010676953595737457,0.4702982436710642,0.5621175646053791,0.4702982436710642,0.023467551569722224],[0.9997639965387122,0.9995915251293823,0.7181490201394835,1.0,0.9990133322526069,0.9997639965387121,0.9942912177958774,0.9917734712706913,0.9917734712706913,0.9949463899615268,0.977992393473189,0.9909972608712028,0.9943164225493164,0.9948881619567356,0.9943347635216679,0.6745057715114917,0.5721689661198303,0.19582995603909029,0.9948599100225436,0.9948560096492799,0.9861045419524483,0.9942984164099373,0.34372913458831084,0.786131781554438,0.9866332782625753,0.9866332782625753,0.9866143793676012,0.9854861431602067,0.29116073431501266,-0.15277165732935505,0.9880078195731807,0.9879879784212066,0.2218912711526459,-0.24018716495191758,0.9954543342707111,0.9959177093177151,0.8412728662869612,-0.3386103901858011,0.993344359947534,0.996217931362074,0.6491708766518259,0.17587564061018343,0.9937553933364668,0.9954892201707305,0.9937553933364668,0.9130690958013232,0.6526599785558023,0.9409650153276549,0.9389908200420659,0.8558932727406899,0.38284600224816484,-0.19642386259419345,0.23451898594541853,0.9502621440128667,0.3425638199789277,0.9712981737252899,0.970185537747475,0.9799656114117572,0.988711587005292,0.9252787963816894,0.947555969787939,0.9426707647515724,0.9400307039291201,0.9372044400544416,0.9379332302152724,0.9372044400544416,0.9015397594988075,0.9216686829221794,0.9225005582216914,0.9216686829221794,0.9355884358875924,0.7762476143353628,0.8820284285388639,0.8831309453566536,0.8820284285388639,0.7506676015527801,0.20391583212934059,0.7419365565808468,-0.5147726722656547,0.6518140221352213,0.401664625122805,0.6375515572042958,0.401664625122805,-0.06490779952561242,0.9223910545668255,0.9497678778457206,0.9361348411088464,0.9247948621475603,0.2061261092130985,0.9174144282608836,0.9179557084243191,0.9174144282608836,0.9095216349300705,0.9095216349300705,-0.10201883101754572,0.6238049074417077,0.13071690420926385,-0.7362347956186711,-0.6163792737934759,-0.6204114377530335,-0.18547360736442986,0.16036762738468943,0.17337342305609355,-0.06680764835897367,-0.6227812712587246,-0.0598797603886212,-0.8015674979289542,-0.33038846509696523,0.18014990191701555,0.18202900440841366,-0.5947543008567596,-0.561678301614844,-0.3123022608234657,-0.5406883762800808,-0.8085384047261962,-0.43645214362756246,-0.42984575392460755,-0.43645214362756246,-0.27026261048837785,-0.3962304779173481,-0.3962304779173481,-0.7951860998726582,-0.7951860998726582,0.4986481343761909,0.6264330156724304,0.840168269625476,0.836393246397123,0.7509708860687856,-0.3693556167941626,0.7395550268754553,0.7612514997868244,0.7613832300515239,0.7612514997868244,-0.13293702789419917],[0.9982795500719593,0.9964168039166502,0.6678404277747737,0.9990133322526069,1.0,0.9982795500719593,0.997433571045317,0.996278111914914,0.996278111914914,0.9976470186068501,0.9726234194876484,0.996767486621416,0.997452013266218,0.9975129562459331,0.9974722722940139,0.5515099850774347,0.42288289929904854,-0.009734764061553285,0.9977827560388657,0.9977816626017466,0.988655555631889,0.9974367784831544,-0.014362960083046942,0.7750900746763958,0.9934303505421674,0.9934303505421674,0.9933945526515187,0.991742775269318,0.07040061595982187,-0.13626886298120228,0.9871604582919626,0.987100666796149,-0.06890536034058867,-0.1498213186079464,0.9978169508359301,0.9977364446928845,0.8385521272190388,-0.4473350724696752,0.9978243628218273,0.998086543266282,0.5122312990048302,-0.033626851740709875,0.9977703533655043,0.9977733260937499,0.9977703533655043,0.9242545171689946,0.6221589086819574,0.9473980482754939,0.9366365097461206,0.8359987072960328,-0.042689021884376795,-0.5823995856307728,-0.12483837177825949,0.9424279828341878,0.20016001396192176,0.969996500309345,0.9700170108800377,0.9836066997143257,0.9894738912825805,0.9251903290671933,0.9323436891649797,0.9333704911262966,0.9292667784332532,0.9318684221676529,0.9321775464728638,0.9318684221676529,0.8814672445904158,0.8865330460228966,0.8874393881872761,0.8865330460228966,0.9260459398473999,0.856037482941128,0.9091029987368886,0.9097077715583786,0.9091029987368886,0.7186000625322341,0.6299147581894722,0.712866828684963,-0.5116779348669271,0.6967756440672285,0.6810562632742896,0.6805170942164944,0.6810562632742896,-0.06809656343898786,0.9074910506259978,0.9303594178575658,0.917717242991435,0.9318750721413191,0.05283227384070509,0.9060383627816987,0.9068097378243766,0.9060383627816987,0.9103483199825027,0.9103483199825027,-0.13661741810251699,0.666014093763364,-0.014235899056043546,-0.7600136384581104,-0.6568612150938402,-0.6583090298661316,-0.21207261035396133,0.18354920747477743,-0.2067576342028018,-0.3035005538297994,-0.6807217212859844,-0.4044452133551839,-0.8366972745782574,-0.587022143123765,0.15265549253034683,0.15439384298608777,-0.6171076377929673,-0.5587938638764883,-0.5677114647622108,-0.5749040906957801,-0.7618492530851243,-0.6149821167956769,-0.6180024752436095,-0.6149821167956769,-0.3028586969344536,-0.42420630353785427,-0.42420630353785427,-0.7331727797057506,-0.7331727797057506,0.48564798246426827,0.6128271075016762,0.8047730609310092,0.8101349619583504,0.7451308849663172,-0.48624909224698853,0.6279185806095008,0.666045351268472,0.6660814579415854,0.666045351268472,0.09296430220150621],[1.0,0.9999910880004779,0.7202453212478017,0.9997639965387121,0.9982795500719593,1.0,0.9932842564202359,0.9903605305975234,0.9903605305975234,0.9937469899202136,0.9795067051858662,0.9884116345662233,0.9933179615734068,0.9936330847763756,0.9933569970743161,0.6754908863322474,0.5736540294683441,0.20977794108888967,0.9940183193856735,0.9940118797468644,0.9861085331040625,0.9933063092662434,0.35215287020819913,0.7820318591036564,0.9844412581956506,0.9844412581956506,0.9844230858072761,0.9810428888190678,0.295409709387265,-0.14713825454021315,0.9888238871389087,0.9887965950122304,0.22973893518439814,-0.23981839297390575,0.9950949442690972,0.9953624712200563,0.8701225134955867,-0.33476903717120676,0.9914811337723796,0.9954667309502724,0.650700689175249,0.19006878148472672,0.9952114917786824,0.9952070437912472,0.9952114917786824,0.9148428928028338,0.6636814896543365,0.9387660675129172,0.9416025474318637,0.868782468006633,0.38707692159014206,-0.1923740254929723,0.23895226263571678,0.9548621143313525,0.35722963191602386,0.9754529848103742,0.9727460066374668,0.9819733693893308,0.9890280351247038,0.9410794030749794,0.9518614860579951,0.9519058502730173,0.942668516416825,0.9492922850444796,0.9498527860132918,0.9492922850444796,0.9070580133727735,0.9300717268410389,0.9308443987572398,0.9300717268410389,0.9378779706913275,0.8220909097239885,0.9115097946751557,0.9125786194538644,0.9115097946751557,0.755916225843428,0.45687628149967435,0.7484951183863441,-0.5100319254683189,0.6550410270569877,0.6628218318410598,0.6630505546304185,0.6628218318410598,-0.05966634552978223,0.925769834773932,0.9543079014789958,0.9411796250833628,0.9423197433639492,0.21943265902044204,0.9202039779942551,0.9206385804806483,0.9202039779942551,0.9233933698046256,0.9233933698046256,-0.09803232122778892,0.6077064701255656,0.12562854853659303,-0.7281348500701574,-0.6105948209527969,-0.6147032388741177,-0.17492568314842272,0.16411621518818617,0.1791864039942823,-0.05487162692971581,-0.6128520208087208,-0.054731256729848604,-0.7969971798393231,-0.3237339418882589,0.1886745743373766,0.19050164021836805,-0.5892036108526449,-0.5648707345886189,-0.3122232953952546,-0.5321175866411331,-0.8077349434867092,-0.43600573920145314,-0.42886085478584746,-0.43600573920145314,-0.2631969792221837,-0.38824190497852856,-0.38824190497852856,-0.7960938478865995,-0.7960938478865995,0.5065331356853281,0.6363283169894188,0.8476889829661924,0.8435069248004932,0.7572813993420062,-0.3581921600988119,0.7479444060026236,0.7696672193575417,0.7698011393195224,0.7696672193575417,-0.14718345419228732],[0.9932842564202359,0.9868335689007881,0.6974852749773843,0.9942912177958774,0.997433571045317,0.9932842564202359,1.0,0.9977869956265905,0.9977869956265905,0.999973363289128,0.9680713206471331,0.9997347651393268,0.9999969632772705,0.9999887008872062,0.9999941975171398,0.7818636933202379,0.7637869172905175,0.17122121138774365,0.9998782884040043,0.9998786164303307,0.9910819278901735,0.999997129121634,0.2724129348340997,0.7787154287321936,0.9868807768462386,0.9868807768462386,0.9884096230671514,0.9924917375792429,0.22929659636920605,-0.20035836079330174,0.9914003662044285,0.991516607646286,0.13919232384705496,-0.27960322645199503,0.9994063910269041,0.9995291442977988,0.4997947304058242,-0.28804485616150477,0.9992523380066498,0.9995130366924795,0.7551689679545613,0.15000498785611854,0.950770453793467,0.9991848402086936,0.950770453793467,0.9313725349049885,0.6299193525065259,0.9536061923466107,0.9355959911204755,0.8075053732888905,0.42474885198278883,-0.13323238644135746,-0.16824163991065877,0.940108916526091,0.3177954156287567,0.9702549063435366,0.9679817118133988,0.9814959357396017,0.9952126449188314,0.021851403605699586,0.8996606020713575,0.8612894059069578,0.9005605995911826,0.8567936226183408,0.8237825730070538,0.8567936226183408,0.8496326665464502,0.8292825375548237,0.8197088904330118,0.8292825375548237,0.8968125666686019,0.4671697760429825,0.6537569795883463,0.7000535142276795,0.6537569795883463,0.6880848474462986,-0.3180067821747786,0.6699908950427413,-0.583482473548448,0.5887959737053623,-0.04774305840091445,0.5147062178235189,-0.04774305840091445,-0.10574190436540766,0.8757178408584433,0.8992534439335395,0.8857049761150082,0.7989861073278581,0.17907037140765178,0.8734670725544201,0.8742928395352829,0.8734670725544201,0.8074483038271366,0.8074483038271366,-0.1698871888247049,0.7036991120010009,0.21443249720338517,-0.7364665751116998,-0.6528503120299959,-0.6564286354114828,-0.22021409670592595,0.11301541170317812,0.30061751309050583,-0.08799182707629064,-0.6276699527255204,0.010853688005626715,-0.8287463674180952,-0.22471872624426847,0.12031077489915401,0.12217906035331079,-0.633736110153319,-0.5773602290300955,-0.14551119573980115,-0.606880889651144,-0.826208272951383,-0.4252794320677782,-0.26485217621950213,-0.4252794320677782,-0.32977724402423236,-0.4299206488921391,-0.4299206488921391,-0.8180964852713274,-0.8180964852713274,0.48354884369234463,0.6006981174587616,0.5220976808333757,0.8113977506764879,0.7438932790934576,-0.41301502629881287,0.08405770776163667,0.7437515342103792,0.7616916873077902,0.7437515342103792,-0.07640684230919007],[0.9903605305975234,0.9825102082381547,0.6914109443510446,0.9917734712706913,0.996278111914914,0.9903605305975234,0.9977869956265905,1.0,1.0,0.9996326433861656,0.9626637107455701,0.9989806764149669,0.9984767108819823,0.9994783466778385,0.9992660329428735,0.7782382114605738,0.7504150664655668,0.15018042820788044,0.9992869699097592,0.9992888422937347,0.9887613275877419,0.9993820095830653,0.2481408325510056,0.781099615943089,0.9933497797303598,0.9933497797303598,0.9869032273725848,0.9905106499361501,0.21260317608360618,-0.21258669558651686,0.9878001310107907,0.9912279873505488,0.121423344449389,-0.28525991041838783,0.9984862098422277,0.9985160393005986,0.4851424210222884,-0.2935479090114134,0.9977919916252981,0.9985095776706766,0.7515960165536283,0.1286442711657939,0.9446400986317091,0.9983236682461211,0.9446400986317091,0.9296352837193927,0.6163025328463104,0.9542317745320074,0.9347085427525914,0.7920439645766736,0.41286064227174324,-0.14692257577188275,-0.17919557045129206,0.9331268558775375,0.29857292917636374,0.9660420359419702,0.9635822004302108,0.9771240253821941,0.9941313941266939,0.013861181375107862,0.8925576743225285,0.8500052751138819,0.8950601807467679,0.8464981168437681,0.8141372602482948,0.8464981168437681,0.8412722686500712,0.8160242139443924,0.8093133219578346,0.8160242139443924,0.8914079348150696,0.4519632041008156,0.638156343801067,0.6869136210898206,0.638156343801067,0.6801527123394054,-0.33049175171163164,0.6605350748276393,-0.5887506282554286,0.5840617973357278,-0.06672544696659896,0.5021430535110895,-0.06672544696659896,-0.11084420209045931,0.8695324322896325,0.8909139349248887,0.8779288593257629,0.7869927621361561,0.16186524030657662,0.8678801935155033,0.8688551060816994,0.8678801935155033,0.7951456363724487,0.7951456363724487,-0.1825022823571837,0.722286672803493,0.22016236398993233,-0.7448801517084532,-0.663609302906419,-0.6670281417852681,-0.2334892171175858,0.10693233977409648,0.2935650650442496,-0.10608153903108852,-0.638868782968728,0.0017697235391421113,-0.8331196763974159,-0.23107020295989844,0.10710911106551442,0.10900428050403059,-0.6434984574983948,-0.5778380703385634,-0.1521622606101816,-0.6206396277843738,-0.8248025032960208,-0.43561267907085766,-0.2708267017543631,-0.43561267907085766,-0.3447422649199214,-0.44173102629077976,-0.44173102629077976,-0.8152419320627675,-0.8152419320627675,0.46945909066178704,0.5859318422903601,0.5051786243018457,0.7952902182194941,0.7327540141489692,-0.43198086457367274,0.07153524848640821,0.725960009646696,0.7468246989610342,0.725960009646696,-0.0600189598107891],[0.9903605305975234,0.9825102082381547,0.6914109443510446,0.9917734712706913,0.996278111914914,0.9903605305975234,0.9977869956265905,1.0,1.0,0.9996326433861656,0.9626637107455701,0.9989806764149669,0.9984767108819823,0.9994783466778385,0.9992660329428735,0.7782382114605738,0.7504150664655668,0.15018042820788044,0.9992869699097592,0.9992888422937347,0.9887613275877419,0.9993820095830653,0.2481408325510056,0.781099615943089,0.9933497797303598,0.9933497797303598,0.9869032273725848,0.9905106499361501,0.21260317608360618,-0.21258669558651686,0.9878001310107907,0.9912279873505488,0.121423344449389,-0.28525991041838783,0.9984862098422277,0.9985160393005986,0.4851424210222884,-0.2935479090114134,0.9977919916252981,0.9985095776706766,0.7515960165536283,0.1286442711657939,0.9446400986317091,0.9983236682461211,0.9446400986317091,0.9296352837193927,0.6163025328463104,0.9542317745320074,0.9347085427525914,0.7920439645766736,0.41286064227174324,-0.14692257577188275,-0.17919557045129206,0.9331268558775375,0.29857292917636374,0.9660420359419702,0.9635822004302108,0.9771240253821941,0.9941313941266939,0.013861181375107862,0.8925576743225285,0.8500052751138819,0.8950601807467679,0.8464981168437681,0.8141372602482948,0.8464981168437681,0.8412722686500712,0.8160242139443924,0.8093133219578346,0.8160242139443924,0.8914079348150696,0.4519632041008156,0.638156343801067,0.6869136210898206,0.638156343801067,0.6801527123394054,-0.33049175171163164,0.6605350748276393,-0.5887506282554286,0.5840617973357278,-0.06672544696659896,0.5021430535110895,-0.06672544696659896,-0.11084420209045931,0.8695324322896325,0.8909139349248887,0.8779288593257629,0.7869927621361561,0.16186524030657662,0.8678801935155033,0.8688551060816994,0.8678801935155033,0.7951456363724487,0.7951456363724487,-0.1825022823571837,0.722286672803493,0.22016236398993233,-0.7448801517084532,-0.663609302906419,-0.6670281417852681,-0.2334892171175858,0.10693233977409648,0.2935650650442496,-0.10608153903108852,-0.638868782968728,0.0017697235391421113,-0.8331196763974159,-0.23107020295989844,0.10710911106551442,0.10900428050403059,-0.6434984574983948,-0.5778380703385634,-0.1521622606101816,-0.6206396277843738,-0.8248025032960208,-0.43561267907085766,-0.2708267017543631,-0.43561267907085766,-0.3447422649199214,-0.44173102629077976,-0.44173102629077976,-0.8152419320627675,-0.8152419320627675,0.46945909066178704,0.5859318422903601,0.5051786243018457,0.7952902182194941,0.7327540141489692,-0.43198086457367274,0.07153524848640821,0.725960009646696,0.7468246989610342,0.725960009646696,-0.0600189598107891],[0.9937469899202136,0.9867700552000749,0.6583495393170846,0.9949463899615268,0.9976470186068501,0.9937469899202136,0.999973363289128,0.9996326433861656,0.9996326433861656,1.0,0.967230088142785,0.9997031040384146,0.9999746179690531,0.9999738809547678,0.9999772986331137,0.6052630727008355,0.4804201195605853,0.049813565952825274,0.9998389858591054,0.9998398806732444,0.9910210324786948,0.9999720610103469,0.04338772780621997,0.7630696909194863,0.9957000010854552,0.9957000010854552,0.9956627363072407,0.9924399364749015,0.058976304767267174,-0.1445883919915934,0.9909338366868956,0.9908993287126802,-0.04645097538968133,-0.24301457233522605,0.9994685156000739,0.9994277907539499,0.8404138403866421,-0.44970187855250865,0.9992012659893468,0.9994860239178001,0.5680480659496958,0.026003620472157103,0.9993535675595322,0.9993585752669802,0.9993535675595322,0.931089246210852,0.6302694207436205,0.9534301827942617,0.9352820627161096,0.8071745835284185,0.04941465939136807,-0.5401994478592299,-0.08721559423025606,0.9370719368970463,0.26305598788708523,0.9682213300852188,0.9679514182760349,0.9838591808397947,0.9944964230844737,0.9024042377092898,0.900457085155074,0.9116639991333639,0.9016368962884126,0.9100930688646242,0.910597959707578,0.9100930688646242,0.8496297383822309,0.8689577116488125,0.8700617478161387,0.8689577116488125,0.8981658595118153,0.8234151486361807,0.8839110445861512,0.8848381416399598,0.8839110445861512,0.6884595356075047,0.567092643081135,0.6699815604268599,-0.5729840149279998,0.637243236339738,0.6110083227987254,0.6110132695186143,0.6110083227987254,-0.05497438801104923,0.8767003702717333,0.8994090046665717,0.8863616116854003,0.9097734381288842,0.09265197039849908,0.8783786008345829,0.8798489525702204,0.8783786008345829,0.8828519909974478,0.8828519909974478,-0.17131607755788492,0.7039732726179958,0.013887801281723212,-0.7474612464126684,-0.6833936431906165,-0.6849576390351804,-0.22357635698837253,0.1171213172408994,-0.2103410087546058,-0.26863335272140954,-0.662730074410804,-0.42969548631175314,-0.8581352865694925,-0.6191066315328652,0.1196346571882132,0.12182518959216433,-0.6350341829440073,-0.5735124282543537,-0.577813527073959,-0.6081979690044255,-0.7895711979134503,-0.6375890469014098,-0.6400845613128209,-0.6375890469014098,-0.33155212994090244,-0.43292873759453737,-0.43292873759453737,-0.7708453870764014,-0.7708453870764014,0.4823140556396891,0.5987864542972613,0.8154317760377965,0.8188617429973997,0.7418086684831973,-0.43879833631646536,0.6552721931322288,0.6905415243282479,0.6907263234394913,0.6905415243282479,0.1595474625300014],[0.9795067051858662,0.9774190962999372,0.6335995238616047,0.977992393473189,0.9726234194876484,0.9795067051858662,0.9680713206471331,0.9626637107455701,0.9626637107455701,0.967230088142785,1.0,0.9572384489433349,0.9680915972789466,0.9680485839834666,0.9678653302940775,0.347230003159148,0.22279513710445226,-0.1857264769939256,0.9716434542236673,0.9716262086929804,0.968181128939005,0.9681738400005603,-0.05356667379550494,0.8003472724731863,0.9692567294752865,0.9692567294752865,0.9693983600702444,0.925338477091458,0.1468020244563366,-0.1321784256501711,0.973055470299381,0.9731488858004168,0.09156462704983043,-0.030760144581283042,0.9745483299541178,0.9747474308535333,0.905549399796784,-0.3163762249352807,0.9637624640616843,0.9739077094798552,0.3034630362064153,-0.2049514653802581,0.9754488948281703,0.9754223306907465,0.9754488948281703,0.857416114915262,0.44630249434897806,0.8816172460285393,0.9278529291032848,0.8912722516005303,-0.4424214514388448,-0.6610368284120005,-0.15030260825063135,0.9102757686563874,-0.04848145188023511,0.933265447726553,0.9333199967031414,0.9483260991729694,0.9711714537020331,0.9050467596022141,0.9086179879646318,0.9142388389468911,0.907710081230355,0.908388356032154,0.9088343043372481,0.908388356032154,0.8716503084529869,0.8448777630163912,0.845940608378427,0.8448777630163912,0.9043537081723617,0.9159472364465701,0.9026435294039012,0.9030460001324386,0.9026435294039012,0.7592107970176354,0.7070081049079504,0.7601171558822214,-0.21324222143020682,0.769841807737038,0.7831122072264012,0.7850429126953976,0.7831122072264012,-0.1982937397861903,0.902689236087065,0.9471988158151895,0.9147526284026641,0.9154876060545558,-0.06909291397309386,0.8975793977154953,0.8982483532856088,0.8975793977154953,0.9035062679788127,0.9035062679788127,0.02536351214549047,0.4555921463319073,-0.15843267985653706,-0.6963872130234348,-0.46342149584340575,-0.46621755747816124,-0.10618540981419906,0.44283482034332805,-0.01291833308234643,-0.24291666282245764,-0.5969121386008662,-0.14239257134383487,-0.7824347572181765,-0.3071125265291233,0.31074567305672074,0.31117556121015044,-0.43289400476277445,-0.42948894827234485,-0.4028780279443893,-0.41527509756885217,-0.647975272783458,-0.42142284740157165,-0.4240004945287126,-0.42142284740157165,-0.16920016181564804,-0.47567718424327565,-0.47567718424327565,-0.5420976155750349,-0.5420976155750349,0.6023855701324684,0.6536131134443274,0.7597551780387999,0.7273913654582036,0.8118140298344843,-0.5214761821557596,0.4480279054285967,0.5420888437282386,0.5424289079716899,0.5420888437282386,-0.09319906697805382],[0.9884116345662233,0.9874785909571107,0.9945703470648177,0.9909972608712028,0.996767486621416,0.9884116345662233,0.9997347651393268,0.9989806764149669,0.9989806764149669,0.9997031040384146,0.9572384489433349,1.0,0.9997334158363103,0.999730367540389,0.9997088465662556,0.06938490319976183,-0.035891817912276025,-0.5538167871797844,0.9998361342296285,0.9998376270313476,0.9997373268177484,0.9997364056862071,-0.2979256882328813,0.9747835701566068,0.9950940678523975,0.9950940678523975,0.9950730880820783,0.9937492602850929,0.06357128354420107,0.056520007412401735,0.9930224419761929,0.9930683507560673,0.7310295334980841,-0.06531501566028972,0.9992295061048281,0.9991964434576782,0.9990864770415744,0.999501910967297,0.9995325787326989,0.9992565884997305,0.012889926168486589,-0.560861689715855,0.9990495101344833,0.9990550985080586,0.9990495101344833,0.9265369173090078,0.48249300815594287,0.9496391698237536,0.9316957812074069,0.8069201745475499,-0.3120769618014618,-0.569053072767405,0.8485649403301991,0.8765312682929289,-0.3409207318765162,0.9442288009248841,0.9444058547621851,0.9747490492534585,0.9940934590148892,0.9178860835185277,0.9224358810802725,0.9018142439674716,0.9072379820993893,0.9056299516920919,0.9060433235944971,0.9056299516920919,0.8205203405059026,0.7899199065823674,0.7912215401461735,0.7899199065823674,0.9238917599680242,0.928612422926523,0.9229103150949131,0.9236764750834039,0.9229103150949131,0.629096824426947,0.5832281575708756,0.6571481330081526,0.721016251658575,0.6376270241996376,0.6617780265770602,0.6638105667698908,0.6617780265770602,-0.211433684678075,0.8760694368547138,0.900652763791424,0.8919183501020883,0.9235723476514607,-0.3578281502742569,0.8724433614429042,0.872612532526511,0.8724433614429042,0.879238324860023,0.879238324860023,-0.22144987967721538,0.6985655431359513,-0.40050773352858343,-0.8259952629012332,-0.544469014184275,-0.5477567237359894,-0.44679375705101115,0.25512065478870605,-0.3136009288717298,-0.559042473975379,-0.7875437757797751,-0.4190756360717967,-0.5815171164168792,-0.49543470465938727,0.11270132226916521,0.11109323220280107,-0.5609941407654948,-0.5362522803040932,-0.5577553957784369,-0.5938871128486755,-0.5867166787765697,-0.561050456311099,-0.5643267155204744,-0.561050456311099,-0.45568062825495237,-0.6442105772047616,-0.6442105772047616,-0.631387881997755,-0.631387881997755,0.4780213278549386,0.35963655478719253,0.5012692564052165,0.6237545988372113,0.543408776139616,-0.5716391809358562,0.3665639240143319,0.30446454082421603,0.3047128376548822,0.30446454082421603,0.2883097948962485],[0.9933179615734068,0.9868784234778338,0.6975254883842339,0.9943164225493164,0.997452013266218,0.9933179615734068,0.9999969632772705,0.9984767108819823,0.9984767108819823,0.9999746179690531,0.9680915972789466,0.9997334158363103,1.0,0.9999917694774928,0.9999956541332269,0.7818132745576635,0.7482123499652265,0.17123548384587137,0.9998792925014836,0.9998795612477006,0.9911070409330561,0.9999976420865142,0.27267638900946717,0.7788006912950806,0.9916650557815759,0.9916650557815759,0.9884077084784268,0.9925111701978898,0.22952776544373418,-0.20029997347458778,0.9914545050929414,0.9915195764380188,0.13938871357271038,-0.2795743983905429,0.9994068930808113,0.9995307619870938,0.4997887544460771,-0.287840794509106,0.9992536515655597,0.9995189145131083,0.755102221754809,0.15002528351722078,0.9507614956748501,0.9991857383317683,0.9507614956748501,0.9313696725977597,0.6300313712562388,0.9537028688401521,0.9356985934877232,0.8076131717375747,0.42508740213314805,-0.13283888975782468,-0.16790280261807472,0.9401655462972679,0.31783385254119806,0.970322563213487,0.968018692714662,0.9815632431960425,0.9952188851658271,0.022034200546350427,0.8997916479034134,0.861378812452167,0.9006741706312913,0.8568822201684937,0.8237465732864712,0.8568822201684937,0.849741377159149,0.8293478275406884,0.8196759546448903,0.8293478275406884,0.8969480610787267,0.46708351562249856,0.6537725255840852,0.6999901637040876,0.6537725255840852,0.6881218768232812,-0.3180097037187219,0.6700466538267243,-0.5833636290797722,0.5887547238253498,-0.04784519911875802,0.5147530330130541,-0.04784519911875802,-0.1058504717015571,0.8758166066221053,0.8993908730418526,0.8858175543198124,0.7989847494847161,0.17909747279398835,0.8735634967251332,0.8743868274755164,0.8735634967251332,0.807519276941774,0.807519276941774,-0.16982422704242892,0.703652970154551,0.214521162572398,-0.7365189668285101,-0.6527714448976516,-0.6563545325441023,-0.22029910766236652,0.1129208236995654,0.3007548395766192,-0.08800560345958892,-0.6277443136604592,0.011073047963293045,-0.8285072123473193,-0.22447094757344366,0.12039379525431479,0.12227565071187832,-0.6337098603164214,-0.5771452557901099,-0.14530507914901672,-0.60682416000818,-0.8260970188968253,-0.4250892074312619,-0.2646825089912793,-0.4250892074312619,-0.3296336499860807,-0.4299004423869596,-0.4299004423869596,-0.8180309225400982,-0.8180309225400982,0.483997731593542,0.6007949825916129,0.5223098548912392,0.8116089582930596,0.7439226382089383,-0.41283253882293064,0.08431387239304378,0.7439599544268783,0.761778146033975,0.7439599544268783,-0.07642344421946415],[0.9936330847763756,0.986817647750413,0.6953985087171453,0.9948881619567356,0.9975129562459331,0.9936330847763756,0.9999887008872062,0.9994783466778385,0.9994783466778385,0.9999738809547678,0.9680485839834666,0.999730367540389,0.9999917694774928,1.0,0.9999895838615364,0.6866210656803058,0.5802560984892096,0.17361799068211184,0.9999010049067735,0.9999016525761563,0.9910850073647275,0.9999893889299196,0.27177172834177954,0.7754691978836847,0.9944413882293975,0.9944413882293975,0.9944107219720124,0.9925207774503619,0.22229638344365044,-0.20117496591264847,0.9919301216298193,0.9919391849157323,0.16054830090142533,-0.27897468375614054,0.9995747055321494,0.9995292554601551,0.8699169245676697,-0.3717088027581044,0.9992491651788645,0.999521578692162,0.6578574109911501,0.1524323424988534,0.9994817141663638,0.9994861417183545,0.9994817141663638,0.9310400608030401,0.6298089916042737,0.9534114888363948,0.9353099252260835,0.8067590419208555,0.3080634182221439,-0.29913807394805003,0.14339065857257943,0.9399468427772574,0.31830557880879673,0.9680491593765058,0.9679855444914234,0.9803502817306187,0.9954352755614649,0.9073938674296905,0.8989151700324011,0.9163710065962063,0.9004436675805371,0.9151333271044476,0.9158416198798929,0.9151333271044476,0.8488173493764863,0.8858093391646331,0.8869314764868445,0.8858093391646331,0.8965970696310606,0.8063575853293068,0.8866248591143909,0.8879134393726732,0.8866248591143909,0.6871836943562926,0.5558979849681763,0.668266272951199,-0.5813196984894892,0.5867534349055176,0.5827345550197626,0.5836007363219335,0.5827345550197626,-0.10887038900875454,0.8755169759951884,0.8989339559229157,0.8852229582006783,0.9132759824385167,0.18124193076963854,0.873346649177864,0.8743794314302817,0.873346649177864,0.8814022841943532,0.8814022841943532,-0.1699441025770418,0.7024149087186063,0.11348933407774514,-0.7352303956047473,-0.6521356648027965,-0.6554038973953796,-0.21979140977460523,0.11239410641957572,0.07225970408416134,-0.08579223849477814,-0.6260097052478737,-0.1775733496181298,-0.8377189979336329,-0.4384508486898249,0.11952702598382732,0.12174727581080276,-0.6335330578789949,-0.5765904770629987,-0.43062886383256266,-0.6064240036428309,-0.8183613027599005,-0.5380272490033275,-0.5343403758532661,-0.5380272490033275,-0.3288423540714193,-0.4295439800764031,-0.4295439800764031,-0.8092052695974559,-0.8092052695974559,0.4804013872170124,0.6003134367232794,0.8192937575503922,0.8147848950087816,0.7439400939583614,-0.41229670998713686,0.7060872710183977,0.7306277205650041,0.7307271974082203,0.7306277205650041,-0.0443188870363024],[0.9933569970743161,0.9867445394964796,0.6976134544758377,0.9943347635216679,0.9974722722940139,0.9933569970743161,0.9999941975171398,0.9992660329428735,0.9992660329428735,0.9999772986331137,0.9678653302940775,0.9997088465662556,0.9999956541332269,0.9999895838615364,1.0,0.7690201617959226,0.6840923952545239,0.17139491635623227,0.9998822547928808,0.9998824214975458,0.9912241710570945,0.9999955431054626,0.27333420312778894,0.7786381583882124,0.9946036291534801,0.9946036291534801,0.9945225680953431,0.9924356336426016,0.2298091677625065,-0.20032083467099243,0.9923921576000675,0.9924372151761927,0.1401023603883939,-0.27941214053526026,0.9994493252870806,0.9995306527311112,0.4988989823717811,-0.2871768449779341,0.9992197889339507,0.9995211408958786,0.7517009724096654,0.15020420625231398,0.9503698260751816,0.9992328275968366,0.9503698260751816,0.9315646533796562,0.6306290342661824,0.9537739990390227,0.9357347367547705,0.8073740206717699,0.42632509753788755,-0.13145004745472125,-0.16813912504947082,0.9404522931877651,0.3180971806579724,0.9706741864088609,0.9682784930599768,0.9817914493964098,0.9952634674749083,0.0210799670859453,0.8999985062330289,0.8612742368387107,0.9008464555455783,0.8568043915213307,0.8233318511595011,0.8568043915213307,0.849899244513437,0.8292472167712227,0.81994302667493,0.8292472167712227,0.8971910398093939,0.4664569264438393,0.6533226248082421,0.6999644088482176,0.6533226248082421,0.6879944845272173,-0.31909136432393065,0.6700049006534016,-0.583581678109994,0.5884394304619275,-0.048763007328793816,0.5144255505086731,-0.048763007328793816,-0.1058321342172484,0.8759126363049783,0.8991921457174005,0.8859289422086999,0.7927288818800793,0.17947167992268015,0.8736138875126165,0.8744282631384682,0.8736138875126165,0.8073282984422292,0.8073282984422292,-0.1710216447562519,0.7043803109186871,0.21499247148281778,-0.7364736032935884,-0.6530919373649563,-0.6566785506918791,-0.2212520629486867,0.11187153283719405,0.3010881266633338,-0.08832896280728098,-0.6278783590997796,0.011190205101105336,-0.8278378501600863,-0.2242928888937091,0.11955270728322226,0.12143340684195837,-0.6342308409679915,-0.5773266722863898,-0.14476126929077263,-0.6077994222607744,-0.8261461484161585,-0.42502398652896234,-0.2641642910239596,-0.42502398652896234,-0.3304106689987528,-0.4302818750961296,-0.4302818750961296,-0.8183755868851837,-0.8183755868851837,0.4840999318026021,0.6004984680426033,0.5218827844437591,0.812012469596982,0.7434417455956672,-0.4124417160071604,0.0837178706576977,0.7443707877334591,0.7623812566497427,0.7443707877334591,-0.07619344985112417],[0.6754908863322474,-0.04993116109057923,0.3499426126371709,0.6745057715114917,0.5515099850774347,0.6754908863322474,0.7818636933202379,0.7782382114605738,0.7782382114605738,0.6052630727008355,0.347230003159148,0.06938490319976183,0.7818132745576635,0.6866210656803058,0.7690201617959226,1.0,0.9910071637179622,0.43169241421235854,0.742802450750324,0.7427632086714241,0.6518186129393994,0.7674196920336532,0.3369846568718683,0.31300588415097463,0.7574333098289604,0.7574333098289604,0.7412955201643758,-0.33124859927696265,0.19430918405711728,-0.15533336696400155,0.8152939348460089,0.8115609738980432,0.1627437069899028,-0.20528446422143332,0.7761140179304898,0.6358734490676884,0.23529742864175954,-0.3169416444299005,0.08354326292438187,0.5956652191286075,0.9982877355660157,0.4150233776214978,0.7005267824937675,0.7756083782509642,0.7005267824937675,0.022833428985209413,0.4960656631298357,-0.3889884628270998,-0.4121480261838106,-0.09340505679224892,0.38759172445865936,-0.0525948360332161,-0.21200094411988193,0.6230237527800654,0.39557224914587963,0.7793313614208891,0.6252151444171581,0.7321957753561406,0.7570619855982156,-0.11022799493854014,-0.001