var config = { responsive: true }

var correlationClose = {"data": [{"type": "heatmap", "z": [[1.0, 0.9999838801443308, 0.9767552548202268, 0.9996935809048699, 0.9972057027245537, 1.0, 0.9898705511998845, 0.9849973698721884, 0.9904397794050463, 0.9731008347238771, 0.9785005395697856, 0.9899195620095402, 0.9900840072923924, 0.9899913731472205, 0.9900511147273267, 0.9930297105978053, 0.9932129341790278, 0.9911127914006383, 0.9911023213771686, 0.9910443390294743, 0.9899116073032969, 0.9766199975142699, 0.963080650797469, 0.9756128655174576, 0.9755847132505613, 0.9476374805287591, 0.9512994603647122, 0.9420772791376191, 0.9898279551486574, 0.989782564352451, 0.9855999038825778, 0.9743274888788058, 0.9931162028074074, 0.9940685461027069, 0.9931357274045564, 0.9913152069143141, 0.9852816509633069, 0.9937289070031005, 0.993695669330087, 0.9946471918215504, 0.9933310596221913, 0.9933193902430439, 0.9933310596221913, 0.8997906206790502, 0.7021193531899108, 0.8657394851462488, 0.9071852023161612, 0.8214405489431027, 0.9660197214297118, 0.9296927350091454, 0.956718812540371, 0.9515194709004486, 0.9552180820440207, 0.9784589267135909, 0.972353318112985, 0.9054488413620215, 0.8928534566681413, 0.9258914750844456, 0.8953084602582647, 0.9222332207254568, 0.9231655300108352, 0.9222332207254568, 0.826108941324044, 0.9018245683625755, 0.9031207411457437, 0.9018245683625755, 0.8791973028042257, 0.7014561824432269, 0.8560136080056799, 0.857930621118775, 0.8560136080056799, 0.5971228497373499, 0.48472683106957026, 0.571283857624606, 0.7243264870818389, 0.4566891661921591, 0.523922963740772, 0.5261198691892897, 0.523922963740772, -0.5956809775539864, 0.866383840997631, 0.8968774519542512, 0.8785758908652915, 0.9070899210530772, 0.9324849043765041, 0.8649687713921088, 0.8665326688655376, 0.8649687713921088, 0.8784760114897256, 0.8784760114897256, -0.1748182271895432, 0.49440426380639163, 0.2192365903376162, -0.5063444265084563, -0.5369666269338539, -0.5407076624647758, 0.018131366567222827, 0.026131213203406875, 0.2960780803892581, 0.2127659512493653, 0.1267005398169293, 0.101748118388423, 0.1291899243298214, -0.16397687859483914, 0.096896259002616, 0.09697859185926859, -0.5073060964188228, -0.40083960177815275, -0.16195769645221791, -0.4467351088573421, -0.32894781277657914, -0.30441033928517486, -0.29486270709410495, -0.30441033928517486, -0.15784692004235015, -0.20861535403147455, -0.20861535403147455, -0.5163453758651794, -0.5163453758651794, 0.39739313603513227, 0.6726613821655072, 0.8799437284475102, 0.8572607063549297, 0.7970917302506878, 0.6787297566968484, 0.7787750015491638, 0.8201860232224657, 0.8203474615338494, 0.8201860232224657], [0.9999838801443308, 1.0, 0.9626791282971957, 0.9991110149286214, 0.9924744110718791, 0.9999838801443307, 0.9734988516864261, 0.9625097422540536, 0.9732161226363486, 0.9550297071312478, 0.9757731020013856, 0.9735523891132007, 0.9735024766857814, 0.9732849049176121, 0.9723681544045266, 0.982559818422066, 0.9809848009391059, 0.9800040271392332, 0.9799679058360051, 0.973636119206983, 0.973624107142307, 0.979113684425121, 0.9638063872341605, 0.9651493267705571, 0.9652398194476994, 0.9480796082386848, 0.9709463726027201, 0.9254423459350669, 0.9729794539496479, 0.9730364896323539, 0.9703895315963444, 0.9175405243716558, 0.9851842268287624, 0.9853035115209402, 0.9862159785637021, 0.9763883464399739, 0.9832023621864882, 0.9851781664597677, 0.9859540427236021, 0.9857101917389394, 0.9863633538652721, 0.9863367277904364, 0.9863633538652721, 0.8999826761679202, 0.6280072547820242, 0.8669407478651125, 0.908405923023344, 0.8206451805685289, 0.8730460555346061, 0.8850446183945448, 0.8640468661836109, 0.8787771467395394, 0.8696816672002081, 0.9390837301324408, 0.939131421333519, 0.9068745695751034, 0.9189039972028801, 0.8920573761335007, 0.8915631191928767, 0.9000389719010504, 0.9009066267984459, 0.9000389719010504, 0.7416635035027396, 0.7067719182369193, 0.7090173209368953, 0.7067719182369193, 0.9121749058607651, 0.9183910723318368, 0.9117699970973241, 0.9132678812006414, 0.9117699970973241, 0.4070112402733318, 0.35170656496654934, 0.4743666298133115, 0.5694506238413833, 0.44663450370463736, 0.4945699271715352, 0.4958019272704693, 0.4945699271715352, -0.18302657947174086, 0.8417144370909737, 0.8833822852465951, 0.8677725642852997, 0.915217361327873, 0.9169145330998086, 0.8347809360775471, 0.8352488202384737, 0.8347809360775471, 0.8473343680760748, 0.8473343680760748, -0.28371126864373597, 0.4954943662687986, -0.37116358635736196, -0.44902423902594035, -0.4510073676313956, -0.4544201387069301, -0.24938981928012824, 0.19979712951717338, -0.169314309546228, -0.32177010405782114, -0.1800691705368576, -0.23359749077063857, -0.2584128291731917, -0.2861628175482777, 0.07103232260371893, 0.0654631425119374, -0.46046419486166984, -0.41073291358657144, -0.43858391513488154, -0.46872096324156315, -0.4610967829460438, -0.4420303679515881, -0.4452087085214054, -0.4420303679515881, -0.34546097772579976, -0.4698090937744191, -0.4698090937744191, -0.45043269449489864, -0.45043269449489864, 0.39696243054992464, 0.4460246896707226, 0.5330839104622827, 0.6138660606052437, 0.5923366011172222, 0.27028771476652264, 0.41243340838389864, 0.41208990534285234, 0.4121740536567947, 0.41208990534285234], [0.9767552548202268, 0.9626791282971957, 1.0, 0.9808179642658131, 0.9906273555117437, 0.976755254820227, 0.9850748337953787, 0.9830432373831581, 0.9921327674771007, 0.9338631239573636, 0.9961966517242777, 0.9850230006766979, 0.9824612765064001, 0.9847837303791492, 0.9846730051031051, 0.9878666961404127, 0.9889714105002437, 0.982455063414984, 0.9824374237603399, 0.9906412325927637, 0.9849308148686333, 0.990316411891244, 0.9785726752273131, 0.9822955536366598, 0.9823135622175058, 0.9785578786905906, 0.9765785879563843, 0.9454069391715177, 0.9669647091857134, 0.9670341100808494, 0.9720389519266807, 0.9478722508269708, 0.9809893661934709, 0.9875950121436902, 0.9792862816820288, 0.9823780430850614, 0.9932355347502593, 0.9895569705011867, 0.9790775127830323, 0.98663072242334, 0.9806885750620307, 0.9799597964581901, 0.9806885750620307, 0.9092813872458516, 0.6183288063712165, 0.911983027327272, 0.8851998350691196, 0.6644402032932585, 0.9090856583140259, 0.8574408476928489, 0.8967889402608473, 0.8936612010385308, 0.9017240383616837, 0.9293999188025833, 0.9389329031518403, 0.7356315038721993, 0.7923919199270079, 0.8115248172599541, 0.8308843071747206, 0.8037148978686398, 0.7737506073546768, 0.8037148978686398, 0.7151280432320545, 0.7614897174627163, 0.762535374827451, 0.7614897174627163, 0.8223739735446637, 0.3854754273212389, 0.5782121711949989, 0.6512470150881725, 0.5782121711949989, 0.48935824288884283, 0.4618980089275413, 0.45284583127723704, 0.6132598469483135, 0.3887965202487588, 0.4227618472290203, 0.38883500568089635, 0.4227618472290203, -0.5873055450982362, 0.7890291847718103, 0.7661561016307399, 0.7693776229037937, 0.750651069065551, 0.8784820982152216, 0.7957201153387916, 0.7984541258623516, 0.7957201153387916, 0.7403821623765598, 0.7403821623765598, -0.28567904765662455, 0.6965066160904881, 0.1673624357125017, -0.6036922605364557, -0.6302755154821386, -0.6330682772389412, -0.09532619519452319, -0.015794925718264418, 0.29049508685196324, 0.07818368030497641, 0.01933210850279669, 0.05135772591099262, 0.01816779972955163, -0.16160979751944415, -0.0018699925783950773, -0.0020959469076510468, -0.599159261875311, -0.5171342881808583, -0.11955784808790954, -0.5736146164624651, -0.4275746470103283, -0.39173578126707104, -0.2220434366228227, -0.39173578126707104, -0.285121906240989, -0.3471553627944422, -0.3471553627944422, -0.6206646338901233, -0.6206646338901233, 0.30884435624078116, 0.5763007235380931, 0.7856546140301325, 0.7637316634216086, 0.7326453589935895, 0.5707346296842868, 0.7120650312879079, 0.7197286624059734, 0.7516828672938615, 0.7197286624059734], [0.9996935809048699, 0.9991110149286214, 0.9808179642658131, 1.0, 0.9984607346863756, 0.9996935809048697, 0.9916106968708577, 0.9872088569507502, 0.9926305065561631, 0.9710803691182353, 0.9845669225925587, 0.991646134375271, 0.9917370924865883, 0.9916878008668559, 0.991732137924255, 0.9946729331542771, 0.9948334005083467, 0.9926041415836631, 0.9925945995216077, 0.9929982423235857, 0.9916287624147352, 0.980046349055814, 0.9662737717982156, 0.9787265143502125, 0.9786997689126011, 0.9615093471362979, 0.9559150755057989, 0.9434960920663016, 0.9898329866077435, 0.9897986953910711, 0.9866504758310454, 0.9739127206173361, 0.9940356549758769, 0.9953596128287537, 0.9940096291732609, 0.9926069493082281, 0.9898371147142568, 0.9952752794558872, 0.9944171381063432, 0.995854599160853, 0.9941471169494032, 0.9941385505441055, 0.9941471169494032, 0.8999285219708606, 0.6898680852263097, 0.8768601957125505, 0.9026571562242132, 0.7985431101504478, 0.9603773500977494, 0.9218435986656354, 0.9500874657977244, 0.9460352745519887, 0.9505012211760205, 0.974330273403442, 0.9697464939730203, 0.8783050151610479, 0.8813330988308844, 0.9091676539667397, 0.8889651573627532, 0.9003487217549835, 0.9016377560355476, 0.9003487217549835, 0.8148547116978532, 0.8874795195191488, 0.888912922633059, 0.8874795195191488, 0.8732245016076141, 0.6266888939189895, 0.8063875598263458, 0.8083841987140312, 0.8063875598263458, 0.5862049587036272, 0.4563416480823522, 0.5581086371206534, 0.7050016764377137, 0.44914741578921097, 0.49016288082294174, 0.4930998593699619, 0.49016288082294174, -0.5976022801654514, 0.8582750935560723, 0.8833194030055176, 0.8663965812580787, 0.877270999982418, 0.9280045841303075, 0.8581018207188028, 0.859869146094647, 0.8581018207188028, 0.8538865408213354, 0.8538865408213354, -0.18221689580884082, 0.5269970347615612, 0.2241622619063253, -0.5151207286773007, -0.5453631719857966, -0.5490120697862544, 0.005382429147673097, 0.019628035559251546, 0.28886572022324175, 0.20045660127506465, 0.11600610353808187, 0.09502190606346854, 0.12297564799606153, -0.17208923187441488, 0.08449342545910339, 0.08461804042285102, -0.5152738906751791, -0.41255191315942, -0.16386893360286825, -0.4604639069036519, -0.33145989771044726, -0.3063096892565004, -0.29732033702549504, -0.3063096892565004, -0.16799814106284067, -0.2193330489883705, -0.2193330489883705, -0.5279973275691674, -0.5279973275691674, 0.38061336662796524, 0.660593682541776, 0.872715361147703, 0.8500222115224154, 0.790008114259327, 0.6701505216186562, 0.7702231470835174, 0.8119978444368121, 0.8121735955701989, 0.8119978444368121], [0.9972057027245537, 0.9924744110718791, 0.9906273555117437, 0.9984607346863756, 1.0, 0.9972057027245537, 0.9964491523560578, 0.9941319380489978, 0.9966309609104359, 0.959590935610407, 0.9945203780902763, 0.996467895103782, 0.996572063864793, 0.9965023714171047, 0.9964977778310992, 0.9975861295204861, 0.9972232397266211, 0.9971151135289135, 0.9971113397941089, 0.9964643753916254, 0.9964604778313866, 0.9928350940720898, 0.9793394095848604, 0.9892907238329479, 0.9892421872201865, 0.9798712354566229, 0.978083172983868, 0.9476995246459904, 0.9885208723245029, 0.9884572651250806, 0.9880466459213935, 0.9648637364758377, 0.9976746515548759, 0.9976242733970059, 0.9975319533650824, 0.997020041592061, 0.9969396540633039, 0.9978347526679726, 0.9979513246641574, 0.9976935594913712, 0.9976643349209281, 0.9976671059955337, 0.9976643349209281, 0.9173719041896381, 0.6527427705973101, 0.9037099276004819, 0.9044536851477671, 0.7606480468419159, 0.9405953596344802, 0.8941666375935161, 0.929481328852965, 0.9315499033023455, 0.9396345391935936, 0.9677498778953875, 0.9678546734574589, 0.8673911214775542, 0.8538101827335322, 0.8893167722682523, 0.8709828575037376, 0.8871335979096601, 0.8877363080874872, 0.8871335979096601, 0.7803862348079206, 0.8222515203016774, 0.8240529117889606, 0.8222515203016774, 0.8568340354673208, 0.7329540153617662, 0.8361015023437618, 0.8374094685583291, 0.8361015023437618, 0.5326562291996475, 0.39262745531323545, 0.5130622179184916, 0.689075993774899, 0.504454699923304, 0.4805286640448153, 0.4809699661394302, 0.4805286640448153, -0.5835884528424774, 0.8334421980341341, 0.8453679502810733, 0.8331119602639473, 0.878933965401315, 0.8992708446978374, 0.8363098941450049, 0.8380424560465385, 0.8363098941450049, 0.8450612501898065, 0.8450612501898065, -0.22969698606184571, 0.5985628680547606, 0.080417970677374, -0.5738857180130215, -0.6090920407026543, -0.6094063734362852, -0.03314090435065748, 0.03931855082970636, -0.10987900246410585, -0.05119903744114247, -0.03811186021717623, -0.28284550111829077, -0.3355907701926994, -0.48286025119763676, 0.04717137234003828, 0.047116350370929566, -0.5490082913711704, -0.4545722781679529, -0.4756311861096098, -0.5091394553111672, -0.5667065188115673, -0.5368135255743277, -0.539274595543713, -0.5368135255743277, -0.21605592173285815, -0.261502608954628, -0.261502608954628, -0.6356359198780874, -0.6356359198780874, 0.35514279435967977, 0.6378628933402206, 0.8202142953169254, 0.7908296164637497, 0.7763805843258801, 0.5975636921148952, 0.6185236787372365, 0.7040197571895151, 0.7043422196595465, 0.7040197571895151], [1.0, 0.9999838801443307, 0.976755254820227, 0.9996935809048697, 0.9972057027245537, 1.0, 0.9898705511998845, 0.9849973698721884, 0.9904397794050463, 0.9731008347238771, 0.9785005395697856, 0.9899195620095402, 0.9900840072923924, 0.9899913731472205, 0.9900511147273267, 0.9930297105978053, 0.9932129341790278, 0.9911127914006383, 0.9911023213771686, 0.9910443390294743, 0.9899116073032969, 0.9766199975142699, 0.963080650797469, 0.9756128655174576, 0.9755847132505613, 0.9476374805287591, 0.9512994603647122, 0.9420772791376191, 0.9898279551486574, 0.989782564352451, 0.9855999038825778, 0.9743274888788058, 0.9931162028074074, 0.9940685461027069, 0.9931357274045564, 0.9913152069143141, 0.9852816509633069, 0.9937289070031005, 0.993695669330087, 0.9946471918215504, 0.9933310596221913, 0.9933193902430439, 0.9933310596221913, 0.8997906206790502, 0.7021193531899108, 0.8657394851462488, 0.9071852023161612, 0.8214405489431027, 0.9660197214297118, 0.9296927350091454, 0.956718812540371, 0.9515194709004486, 0.9552180820440207, 0.9784589267135909, 0.972353318112985, 0.9054488413620215, 0.8928534566681413, 0.9258914750844456, 0.8953084602582647, 0.9222332207254568, 0.9231655300108352, 0.9222332207254568, 0.826108941324044, 0.9018245683625755, 0.9031207411457437, 0.9018245683625755, 0.8791973028042257, 0.7014561824432269, 0.8560136080056799, 0.857930621118775, 0.8560136080056799, 0.5971228497373499, 0.48472683106957026, 0.571283857624606, 0.7243264870818389, 0.4566891661921591, 0.523922963740772, 0.5261198691892897, 0.523922963740772, -0.5956809775539864, 0.866383840997631, 0.8968774519542512, 0.8785758908652915, 0.9070899210530772, 0.9324849043765041, 0.8649687713921088, 0.8665326688655376, 0.8649687713921088, 0.8784760114897256, 0.8784760114897256, -0.1748182271895432, 0.49440426380639163, 0.2192365903376162, -0.5063444265084563, -0.5369666269338539, -0.5407076624647758, 0.018131366567222827, 0.026131213203406875, 0.2960780803892581, 0.2127659512493653, 0.1267005398169293, 0.101748118388423, 0.1291899243298214, -0.16397687859483914, 0.096896259002616, 0.09697859185926859, -0.5073060964188228, -0.40083960177815275, -0.16195769645221791, -0.4467351088573421, -0.32894781277657914, -0.30441033928517486, -0.29486270709410495, -0.30441033928517486, -0.15784692004235015, -0.20861535403147455, -0.20861535403147455, -0.5163453758651794, -0.5163453758651794, 0.39739313603513227, 0.6726613821655072, 0.8799437284475102, 0.8572607063549297, 0.7970917302506878, 0.6787297566968484, 0.7787750015491638, 0.8201860232224657, 0.8203474615338494, 0.8201860232224657], [0.9898705511998845, 0.9734988516864261, 0.9850748337953787, 0.9916106968708577, 0.9964491523560578, 0.9898705511998845, 1.0, 0.9969924581185469, 0.9999664532282166, 0.9483496716058943, 0.9995173389166627, 0.9999958783933394, 0.9999562560551476, 0.9999918161007125, 0.9999151556172862, 0.9936583019628318, 0.9998042556081039, 0.9998201708570874, 0.999820624280544, 0.9999942116041898, 0.9999963009863676, 0.9907276150290913, 0.9741458242733521, 0.9832829535619412, 0.9920999920676475, 0.9816587721305532, 0.9701596239170485, 0.9373827737979527, 0.9925961431792174, 0.9922391849811236, 0.9921125672559612, 0.9679947630393276, 0.9992732394075542, 0.9993571801665861, 0.9993314732664804, 0.9997293890699437, 0.9984671877999611, 0.9992306595842434, 0.9981476304241453, 0.9993406466727187, 0.999082698210636, 0.9989961967918322, 0.999082698210636, 0.923401791493251, 0.650428563752148, 0.9254215630698812, 0.9061045727909408, 0.7043051870588772, 0.9490378968639988, 0.9124531835376147, 0.9366842426261142, 0.9274347580417499, 0.9386424450474848, 0.9692880610284436, 0.9613500256340833, 0.6908987998442842, 0.7959183181561559, 0.782051014958097, 0.8275602399058164, 0.7746086406944895, 0.7464154239367227, 0.7746086406944895, 0.7311013354826641, 0.7485381924522803, 0.7521969054135647, 0.7485381924522803, 0.8100207083582969, 0.26061960316981864, 0.4833471487723853, 0.5795274235567534, 0.4833471487723853, 0.49726109548562136, 0.4588310074073343, 0.45424968106090524, 0.5894220345391897, 0.3645423683982776, 0.3959591692800232, 0.3431056383447211, 0.3959591692800232, -0.6514855167540995, 0.785798701719114, 0.7845937080327016, 0.7784249865827881, 0.716418844114969, 0.8829498254377295, 0.7917803530947081, 0.7942878688606513, 0.7917803530947081, 0.6965190177276464, 0.6965190177276464, -0.26813892451613236, 0.6574069984413821, 0.2674057052906382, -0.5638182057537469, -0.5920941723894211, -0.5952436476001165, -0.052222872488702304, -0.03544477649223478, 0.38318379280807036, 0.15682750288146213, 0.07112388574039295, 0.1388874618928294, 0.10715389265598733, -0.0802345861719313, 0.008263282313412312, 0.008482987039293345, -0.5657004231723558, -0.4887170003501132, -0.007714425445832883, -0.5506386106336372, -0.33899903672806386, -0.30598390368152273, -0.12871446296105787, -0.30598390368152273, -0.2549589840650707, -0.2750487695485771, -0.2750487695485771, -0.5978052404987491, -0.5978052404987491, 0.34965369080829134, 0.6108706551513223, 0.804387160966226, 0.8100289147039842, 0.7627740713250946, 0.650208967820048, 0.7489233987099441, 0.7719614039215568, 0.7901844865548519, 0.7719614039215568], [0.9849973698721884, 0.9625097422540536, 0.9830432373831581, 0.9872088569507502, 0.9941319380489978, 0.9849973698721884, 0.9969924581185469, 1.0, 0.9994127900442387, 0.9392136837662436, 0.9979599868494422, 0.9978250631196421, 0.9991994213158655, 0.9989175995641599, 0.9985876682716389, 0.9857174391663922, 0.9988205880790081, 0.9989791223005912, 0.9989825890912993, 0.9994611480139111, 0.9990973305357773, 0.9905737673606828, 0.9744630141119826, 0.9912378041491141, 0.9919116957141425, 0.9758788319349607, 0.9722160797734535, 0.9353977812130397, 0.9889537052615884, 0.9923789785974665, 0.9903235446078298, 0.9641277875077999, 0.998060031131653, 0.9979306972689888, 0.9979432527704104, 0.9989459786374308, 0.995459799082111, 0.9976823727395561, 0.997484500084156, 0.9977944831363184, 0.997880424728446, 0.9979127714165089, 0.997880424728446, 0.9218943418771883, 0.6346038702239376, 0.9278485827757409, 0.9029254604603203, 0.6748269756726051, 0.9467833836498483, 0.905060491474087, 0.9329792868078994, 0.9180405666794574, 0.9307599196085736, 0.9644665419617768, 0.9555682946204527, 0.6733928093161966, 0.7771210625548011, 0.7610188341448396, 0.8150961544079729, 0.7548991065935192, 0.7315756388940132, 0.7548991065935192, 0.7139541852190628, 0.725539898357879, 0.7364835272572743, 0.725539898357879, 0.7974711390451796, 0.23615379863440555, 0.4572081915067328, 0.5593867234075995, 0.4572081915067328, 0.4802708654437806, 0.45051622276315395, 0.43514842961772926, 0.5707367108789808, 0.3531164457920063, 0.38213627259889943, 0.3231233193411953, 0.38213627259889943, -0.6518357995408702, 0.7714617683185593, 0.7602492807315938, 0.7592074177348885, 0.6986518613796079, 0.8721063955652438, 0.7782741078005708, 0.7810613082428769, 0.7782741078005708, 0.6736063714481999, 0.6736063714481999, -0.2874105238939352, 0.6932682957067925, 0.27656763262310424, -0.5798100059109896, -0.6074886023133641, -0.6104322879754744, -0.06860712208248178, -0.045619235232937407, 0.3766711098326347, 0.1370859793988049, 0.054489279650565034, 0.12976430500432137, 0.09120384142105653, -0.08659593488129244, -0.010323420066641465, -0.010091133896570787, -0.5796751084836935, -0.5064542270622602, -0.014394967551167077, -0.5718214052355106, -0.35345979537108485, -0.3185831634078538, -0.13483031622320898, -0.3185831634078538, -0.2758935640008474, -0.29104506604453345, -0.29104506604453345, -0.6129084467435121, -0.6129084467435121, 0.3224505316312189, 0.591636046098265, 0.793975571225214, 0.7909620907089009, 0.7485119108984191, 0.633107967593185, 0.7320385892626354, 0.7516491105423022, 0.7737367413448437, 0.7516491105423022], [0.9904397794050463, 0.9732161226363486, 0.9921327674771007, 0.9926305065561631, 0.9966309609104359, 0.9904397794050463, 0.9999664532282166, 0.9994127900442387, 1.0, 0.9470656139500647, 0.9994508819303979, 0.9999675634885348, 0.9999630827668821, 0.9999727511221159, 0.9999281745607169, 0.9979811605013343, 0.9997074656125803, 0.9997534201731468, 0.9997544700937112, 0.9999645859885409, 0.9999649364511056, 0.9939745561937264, 0.9769000386283594, 0.9934524814631059, 0.9933894731222314, 0.9814163857482753, 0.976146685066422, 0.9394106762111029, 0.9910648741463394, 0.9910306942579389, 0.988854618840051, 0.963264768188369, 0.9992870951445197, 0.9992494474504834, 0.9991072686463393, 0.9998564122930226, 0.9983681273266313, 0.9992205427094318, 0.9991182105087169, 0.9992201158356215, 0.9991271405551022, 0.9991334297581601, 0.9991271405551022, 0.923554118964335, 0.6518620289325792, 0.9257267441596969, 0.9064521857111302, 0.703671960227726, 0.9360013689758535, 0.8862260258991498, 0.9204812597682653, 0.9228984982433149, 0.9349567032413274, 0.9628538481497682, 0.9617670223613339, 0.8366033616133532, 0.7967741126873977, 0.8593796406257211, 0.8283616610592766, 0.8572617561321655, 0.8581141978713404, 0.8572617561321655, 0.7301420627969616, 0.8018888763516764, 0.8037422900018115, 0.8018888763516764, 0.8114077515035122, 0.690036879374552, 0.8024526585051792, 0.804171785979292, 0.8024526585051792, 0.49620881547979045, 0.3128894214856803, 0.4536240357528952, 0.6332662048039033, 0.42594431051560466, 0.3883111969598097, 0.38863898648066436, 0.3883111969598097, -0.6316037288792862, 0.786215806448529, 0.7841372194584902, 0.7784034070196737, 0.8486127180324575, 0.8699982209098414, 0.7984858209817053, 0.8012447521834153, 0.7984858209817053, 0.8071619651520537, 0.8071619651520537, -0.27080511422353354, 0.6585468347236871, 0.10460893126664969, -0.5932769976741454, -0.6371261193130583, -0.6378872404558442, -0.0558802645661603, -0.03371178570990163, -0.11960884932927307, -0.025618752011288583, -0.026514375188644707, -0.3173803074215938, -0.34605285151356985, -0.5256555654113754, 0.0066829236084334056, 0.0072956040679347965, -0.5677561506657794, -0.4911184689429689, -0.4869064291248417, -0.5530747326686296, -0.583673028976479, -0.5628625762779128, -0.5647923315991731, -0.5628625762779128, -0.2575854457790586, -0.2788801672562824, -0.2788801672562824, -0.695663165016031, -0.695663165016031, 0.3500734461955583, 0.6097810255920304, 0.8264439451128813, 0.8020275729977585, 0.7611896416095948, 0.6350882391816991, 0.6502563313085131, 0.7223574834481052, 0.7225121122765249, 0.7223574834481052], [0.9731008347238771, 0.9550297071312478, 0.9338631239573636, 0.9710803691182353, 0.959590935610407, 0.9731008347238771, 0.9483496716058943, 0.9392136837662436, 0.9470656139500647, 1.0, 0.914759260758265, 0.9483985150004047, 0.9485133105931808, 0.9480200940701333, 0.9473118212245716, 0.9498285877800758, 0.9557220876535976, 0.9547505956371904, 0.9547154306555617, 0.9485523119019308, 0.9485363176771213, 0.9478163019528439, 0.9395670331172196, 0.950491287980757, 0.9507138462470278, 0.7913791134033058, 0.9554148602356693, 0.9495253243744186, 0.9562654920892432, 0.9564126822556304, 0.9544525315381792, 0.9281039160268175, 0.9591324559304828, 0.9594019824252485, 0.9602705923640026, 0.9506495605678635, 0.9279595172035602, 0.9583319361839886, 0.9599220172911287, 0.9597224949499988, 0.9605882255330764, 0.9605468256149379, 0.9605882255330764, 0.7714223419356606, 0.45033636499393004, 0.7129287734700878, 0.862388232378981, 0.8467526967516323, 0.8742118799749511, 0.7515605061241314, 0.8519967392926764, 0.8653887964768304, 0.8754145042456468, 0.893703034545592, 0.8937494234927004, 0.8470889303604324, 0.8378030730398227, 0.8747267866242285, 0.8496151987047409, 0.865585359960282, 0.8665641180696274, 0.865585359960282, 0.782614394140379, 0.7619926953820105, 0.7642450668965862, 0.7619926953820105, 0.8424269749931089, 0.8661527969595574, 0.840264564837099, 0.8411800693264424, 0.840264564837099, 0.605496063398114, 0.5253616876007309, 0.6056525547181579, 0.7326596774396075, 0.6237354683641527, 0.6463704024278712, 0.6499212880853021, 0.6463704024278712, -0.26456472591709573, 0.8448265216371516, 0.911690331825863, 0.8648661551238072, 0.8653608564925797, 0.8769038077555027, 0.8358223305908233, 0.8373385371024791, 0.8358223305908233, 0.8491803623216774, 0.8491803623216774, 0.01387264064898257, 0.2082070497398751, -0.06334466276593008, -0.33723487534034796, -0.3710310194543763, -0.3729059606860173, 0.12063473223947674, 0.370773363280578, 0.1448896032989887, 0.04744743633036509, 0.15133850395913276, 0.06006160343301391, -0.04813054276933247, -0.10198306522668735, 0.26193826563279327, 0.26074395697386926, -0.32001400777983896, -0.26681788925892364, -0.2702050167408077, -0.27208982461516984, -0.34486947225636383, -0.293147511897948, -0.29495032469317833, -0.293147511897948, -0.03527331751734062, -0.3119729664917852, -0.3119729664917852, -0.3803283189075081, -0.3803283189075081, 0.5799328964098033, 0.6819108904358744, 0.7606591614646684, 0.6633204339527364, 0.840498904788214, 0.3027620659475013, 0.392789483510953, 0.5754461563937835, 0.5757201379481188, 0.5754461563937835], [0.9785005395697856, 0.9757731020013856, 0.9961966517242777, 0.9845669225925587, 0.9945203780902763, 0.9785005395697856, 0.9995173389166627, 0.9979599868494422, 0.9994508819303979, 0.914759260758265, 1.0, 0.999514303558408, 0.9995098332982102, 0.9994557123591828, 0.9994958070413495, 0.9982901686700691, 0.9995555523377497, 0.9996854462542154, 0.9996910310632973, 0.9995233160957251, 0.9995244588004081, 0.9912073778998021, 0.9562203141321588, 0.9909767457880723, 0.9909469344654603, 0.9854884064579087, 0.971702937003248, 0.8914855939931062, 0.9885398406417039, 0.9885983088366227, 0.9700949707008647, 0.8867015654996128, 0.9985429310376904, 0.998489118924791, 0.9982473668558558, 0.9991814687048617, 0.9990994292794165, 0.9985182195909433, 0.9982651101437431, 0.9984446983806126, 0.9981982366072574, 0.9982131015216362, 0.9981982366072574, 0.9173664648032306, 0.5418748626263551, 0.921339811267904, 0.9052080508015474, 0.7061367400031, 0.8297916146842658, 0.8356606399944646, 0.818082654925675, 0.8175537006203943, 0.8259716671143743, 0.9219835373474371, 0.9221749880049757, 0.8231533586163959, 0.8350541906400006, 0.7954784161253207, 0.7983741634914687, 0.8063468015488142, 0.8074457338479138, 0.8063468015488142, 0.6117880908822454, 0.5710370588262076, 0.573741890475694, 0.5710370588262076, 0.8361660845505751, 0.8472530867510479, 0.8341115988427781, 0.8359395409024254, 0.8341115988427781, 0.25711132904806977, 0.1902020150428355, 0.31943404385306307, 0.4353747510875826, 0.3028404778962971, 0.3593614818381019, 0.36261920569867806, 0.3593614818381019, -0.39753109104181844, 0.7310490807316957, 0.7891231080187919, 0.7658699741205859, 0.8335728517257904, 0.8299363385855326, 0.7227519826230203, 0.7234078559473551, 0.7227519826230203, 0.7389203379817236, 0.7389203379817236, -0.33570340816816685, 0.6485787118153258, -0.3916171835652407, -0.5362462999338873, -0.5384323307349856, -0.5406008633341928, -0.3215086019266692, 0.12172633996558084, -0.2380885248144614, -0.38320867028036193, -0.24749009918856402, -0.30776980731436454, -0.3427834143095341, -0.3727940387195168, -0.010188432108225023, -0.014649183799458917, -0.5443493637083546, -0.5056525117235732, -0.5233258815880211, -0.5581292316218965, -0.5525014130352275, -0.5277731331939727, -0.5306217488343015, -0.5277731331939727, -0.43468071744121267, -0.5872713501720077, -0.5872713501720077, -0.5980897670657758, -0.5980897670657758, 0.34486622431940256, 0.3740383538160821, 0.4727109781250856, 0.5547233164635945, 0.557380906890273, 0.16793773195856496, 0.31303866833626826, 0.34030002293418227, 0.34046688279268483, 0.34030002293418227], [0.9899195620095402, 0.9735523891132007, 0.9850230006766979, 0.991646134375271, 0.996467895103782, 0.9899195620095402, 0.9999958783933394, 0.9978250631196421, 0.9999675634885348, 0.9483985150004047, 0.999514303558408, 1.0, 0.9999616227751401, 0.9999938467690331, 0.9999207576345203, 0.9945187457074584, 0.9998066020256965, 0.9998217386025124, 0.9998221075756221, 0.9999959918017701, 0.9999969519633171, 0.9906800894109186, 0.9741125464332682, 0.988947032434437, 0.992072801905886, 0.9816310566590277, 0.9700593996313394, 0.9373238536373159, 0.9925846355441453, 0.992254195933416, 0.992105550644016, 0.9680237069097412, 0.9992760756154769, 0.999362884198935, 0.9993412948012769, 0.9997353751016527, 0.9984718176345893, 0.9992413348706981, 0.9981522936540878, 0.9993490458371226, 0.9990880157507506, 0.9989997163247369, 0.9990880157507506, 0.92345739567267, 0.6506208867329712, 0.9257459547520271, 0.9064292176027526, 0.7045202787179335, 0.949089169436204, 0.9126646002058699, 0.9367772688277161, 0.927539806457414, 0.9387323383959919, 0.9693963775703648, 0.9614382562603843, 0.6908214770396397, 0.7960773300090256, 0.7821683350930081, 0.827678854650252, 0.7747244105931377, 0.7463469712452356, 0.7747244105931377, 0.7311726198618104, 0.7486050755552891, 0.7521246477269246, 0.7486050755552891, 0.8101809525008055, 0.26047009408784494, 0.48335436462453557, 0.5794234117632782, 0.48335436462453557, 0.49719543402955757, 0.4587393446929005, 0.45419420933301097, 0.5894563424420922, 0.36440894393259843, 0.3960565968189981, 0.34314907666736294, 0.3960565968189981, -0.6516402948960772, 0.7858665725366236, 0.7847446860290037, 0.7785271196665876, 0.7164082790542795, 0.8830602649898318, 0.7918689350224096, 0.7943714433063078, 0.7918689350224096, 0.6966038598673074, 0.6966038598673074, -0.26813148294977845, 0.65741464089667, 0.26753518580626545, -0.5637714134082198, -0.5919975389748575, -0.5951527496606999, -0.05229059404937884, -0.03561425254179005, 0.3833748414295614, 0.15687551707153738, 0.07108362552498367, 0.1391748818805277, 0.10742197563089365, -0.07991132955793347, 0.008292045315019436, 0.00852926200062226, -0.5656810552743203, -0.4887373387823775, -0.0074330000757312645, -0.5506088693044704, -0.33870956312877937, -0.3057234655864311, -0.12847885132551598, -0.3057234655864311, -0.2547966852653156, -0.27498948406846085, -0.27498948406846085, -0.5976616899490843, -0.5976616899490843, 0.3502361205597119, 0.6110614063163853, 0.8044306387612811, 0.810316013469875, 0.7628936598868113, 0.6504887648987392, 0.7490778854419536, 0.7722377349904694, 0.7903162638403617, 0.7722377349904694], [0.9900840072923924, 0.9735024766857814, 0.9824612765064001, 0.9917370924865883, 0.996572063864793, 0.9900840072923924, 0.9999562560551476, 0.9991994213158655, 0.9999630827668821, 0.9485133105931808, 0.9995098332982102, 0.9999616227751401, 1.0, 0.9999660899244048, 0.9999084596426493, 0.9974395301907188, 0.999802101897201, 0.9998643196408672, 0.9998649711440711, 0.999982427872782, 0.9999607098488684, 0.990209646661321, 0.973917484823543, 0.9928167676259522, 0.9927757257977181, 0.9815987628526516, 0.9696719666231506, 0.9372468553291015, 0.9933595143928924, 0.9933773982376869, 0.991855993626968, 0.9678189424870577, 0.9995024985752046, 0.9993668398517622, 0.9993973710847687, 0.9998849101358587, 0.9984690416896925, 0.9992487881907833, 0.9992071292804445, 0.9993592893896596, 0.9993747632191611, 0.9993789489231233, 0.9993747632191611, 0.9235564361968602, 0.6507822944510404, 0.925754732473203, 0.9064115541573623, 0.7045222143749827, 0.9532792232336633, 0.9101164801856306, 0.9386432342795626, 0.9276250058959271, 0.938728800698628, 0.9691166462470272, 0.9615100143658121, 0.6426549579939905, 0.7957889199625569, 0.7809055978085099, 0.828156624669516, 0.7736520668693005, 0.7176459264910672, 0.7736520668693005, 0.7310914934117537, 0.7386771353476181, 0.7432214471450934, 0.7386771353476181, 0.8106546550340894, 0.18892089715027258, 0.47053476867446387, 0.4765530293127216, 0.47053476867446387, 0.4973489986681455, 0.3506483866636376, 0.4544484346739925, 0.5889540405425976, 0.36463390460529693, 0.3626017298755166, 0.3427840851265863, 0.3626017298755166, -0.651830246962406, 0.7863578382096407, 0.7847233375194499, 0.7782849595904552, 0.6543227014239683, 0.8835592838498152, 0.7924012561953373, 0.794898060960758, 0.7924012561953373, 0.6950609867719766, 0.6950609867719766, -0.26778484601218616, 0.6572918694436234, 0.2711723881629794, -0.5636128492343698, -0.5916577059259635, -0.5948130910978325, -0.052676664422386305, -0.0355099634156394, 0.335801632753867, 0.15704503095693725, 0.07082830128418241, 0.14261796198993054, 0.10982017056555919, -0.09013004448102674, 0.008414234097549782, 0.008654927505607396, -0.5658495194291904, -0.48881726803345893, -0.07312337218936685, -0.5503226842381372, -0.336661215635207, -0.3034484332027171, -0.21608355733535164, -0.3034484332027171, -0.25432935537082213, -0.276111617496431, -0.276111617496431, -0.5969114291420341, -0.5969114291420341, 0.35036738564254755, 0.6112386774043317, 0.7891951727619739, 0.8103624244082145, 0.7632840026069851, 0.6502250589517832, 0.707123032517657, 0.7600833925979867, 0.7602302511537584, 0.7600833925979867], [0.9899913731472205, 0.9732849049176121, 0.9847837303791492, 0.9916878008668559, 0.9965023714171047, 0.9899913731472205, 0.9999918161007125, 0.9989175995641599, 0.9999727511221159, 0.9480200940701333, 0.9994557123591828, 0.9999938467690331, 0.9999660899244048, 1.0, 0.9999337338167624, 0.997285649593408, 0.9997966346330187, 0.9998250567163305, 0.9998253035365535, 0.9999938253001427, 0.9999940508951645, 0.9905285347515098, 0.9740071241005932, 0.9926504272968508, 0.9925251635703478, 0.9814890904713106, 0.9697106742153861, 0.9369258254564676, 0.9933111008215827, 0.9933566167481116, 0.9921443006336202, 0.9682104879334874, 0.9993288362393914, 0.999361478012173, 0.9993737563711592, 0.999774595225295, 0.9983979057890693, 0.9992448238827553, 0.9984795349380196, 0.9993580304536861, 0.9991390218779256, 0.9990584321033102, 0.9991390218779256, 0.923709837004653, 0.6514063686985883, 0.9260728378821322, 0.9067136914238536, 0.7041129461032964, 0.9496811188225915, 0.9134346851292825, 0.9374120929990578, 0.9279674289228244, 0.9391235675192491, 0.9698371240323521, 0.9618422644377581, 0.6911318179084135, 0.7963663352330826, 0.7820878811770101, 0.8279680789963294, 0.7746890735533976, 0.7459840277161898, 0.7746890735533976, 0.7313805477201696, 0.7485518564047633, 0.752563924241844, 0.7485518564047633, 0.8105650819278977, 0.2597559575695608, 0.48280718934389605, 0.5794733270979708, 0.48280718934389605, 0.49700561852697295, 0.45930964372995137, 0.45407520388908273, 0.5891929939993676, 0.3639802326913971, 0.3960883518991718, 0.34277713674373095, 0.3960883518991718, -0.6520355192498455, 0.7860101186261531, 0.7842395634223561, 0.7786106818556953, 0.7053920771904423, 0.8833534993154739, 0.7920117205196423, 0.7945024858080474, 0.7920117205196423, 0.6963980797237507, 0.6963980797237507, -0.26998077773219475, 0.6584858953690754, 0.26806552426837144, -0.5643360147477365, -0.5924211714921543, -0.595581851763288, -0.05357675158771857, -0.03697746651879053, 0.3836635487609131, 0.15635620513011453, 0.07016438986315705, 0.13923077650366464, 0.10747793325300616, -0.07976685424779441, 0.007140816451663849, 0.007373252306586219, -0.5663947314465216, -0.48985551984757647, -0.006838013695124169, -0.5521607637244366, -0.3385822671517136, -0.30567125121108457, -0.12790753727108703, -0.30567125121108457, -0.255908319559164, -0.27550984386248206, -0.27550984386248206, -0.5977646567516656, -0.5977646567516656, 0.35040784045043283, 0.6107387008576681, 0.8049685384536553, 0.8107809166176991, 0.7623080688483096, 0.6512929000700552, 0.7498713431603589, 0.7726368920060148, 0.7909260419191765, 0.7726368920060148], [0.9900511147273267, 0.9723681544045266, 0.9846730051031051, 0.991732137924255, 0.9964977778310992, 0.9900511147273267, 0.9999151556172862, 0.9985876682716389, 0.9999281745607169, 0.9473118212245716, 0.9994958070413495, 0.9999207576345203, 0.9999084596426493, 0.9999337338167624, 1.0, 0.9974036291774919, 0.9996893732439496, 0.9997720336200498, 0.999773186548943, 0.9998972360979997, 0.9999164690479514, 0.9902819593470692, 0.9737620657662662, 0.9919073356883426, 0.991531784035151, 0.9815295012411647, 0.9694121361484349, 0.9368878421348185, 0.992410284346776, 0.992416318209833, 0.991531277485304, 0.967285063560341, 0.9993387875896275, 0.999210676399083, 0.9993117370860223, 0.9997615026853611, 0.9983010214908308, 0.9992230620255129, 0.9984651756530877, 0.9992335614628434, 0.9991560800297257, 0.9990895119915698, 0.9991560800297257, 0.9223891009830406, 0.6517943815911762, 0.9250203238742545, 0.9057773176158108, 0.7011387282160646, 0.9502560406608485, 0.9143369372180237, 0.9384080937476944, 0.9274555764486603, 0.9384441664643498, 0.9702233581303449, 0.9614270546475682, 0.6925628344047214, 0.7949449546351742, 0.7824095125110361, 0.8276467020517346, 0.775016869333691, 0.7483054222421626, 0.775016869333691, 0.7295129146926503, 0.7480994195620146, 0.7537604837653447, 0.7480994195620146, 0.8105614830944485, 0.25983704681098524, 0.4825023110297152, 0.5809354590290142, 0.4825023110297152, 0.4956007015021376, 0.46112809772654995, 0.4526440657144629, 0.5888290185421121, 0.36267472173801574, 0.39672873204841114, 0.34303266064148696, 0.39672873204841114, -0.6525436863245226, 0.7854224007144817, 0.7828430280278239, 0.7775602214997138, 0.7184753850607065, 0.883712679940071, 0.7915984975517198, 0.7942520618167547, 0.7915984975517198, 0.6965911111110638, 0.6965911111110638, -0.2706501439035432, 0.6612816712073507, 0.26855011205434265, -0.5646525009799247, -0.5924437551080135, -0.5953575620947019, -0.05556889648665596, -0.038722465422012894, 0.3849573000043402, 0.155822378618477, 0.06889286985658483, 0.14029904487295286, 0.10854198699179393, -0.07822675371509102, 0.00609097414765828, 0.0066933276409601354, -0.5677511716035682, -0.49149595714141864, -0.005041497051739369, -0.5532247284531648, -0.33770581509288894, -0.3048082801491014, -0.12641131529381316, -0.3048082801491014, -0.2561385615166982, -0.27846325280458095, -0.27846325280458095, -0.5975893234093517, -0.5975893234093517, 0.3474627216837448, 0.6084997403886453, 0.8060735878907662, 0.8115760782032585, 0.7605985145958954, 0.6502735636733121, 0.7516599615326691, 0.7734068781749208, 0.7923956977858349, 0.7734068781749208], [0.9930297105978053, 0.982559818422066, 0.9878666961404127, 0.9946729331542771, 0.9975861295204861, 0.9930297105978053, 0.9936583019628318, 0.9857174391663922, 0.9979811605013343, 0.9498285877800758, 0.9982901686700691, 0.9945187457074584, 0.9974395301907188, 0.997285649593408, 0.9974036291774919, 1.0, 0.9980755401082655, 0.9976681363524034, 0.997665478338976, 0.9977506019772113, 0.9972143872388497, 0.9911185157004724, 0.9766477471077105, 0.9692158950370987, 0.9868512781690401, 0.9861359655102481, 0.9709770824625326, 0.946302721444109, 0.9915568663483086, 0.9893874750563917, 0.9883515015496436, 0.9661510341625483, 0.997455454202345, 0.9974881110594841, 0.997287711143577, 0.9972503166916289, 0.9984280144709723, 0.9980159532581447, 0.9972776494289974, 0.9977275208508521, 0.997388608779271, 0.9973653505116492, 0.997388608779271, 0.9137728106817665, 0.6622294700861105, 0.9175377963339012, 0.9093506547004128, 0.7280666248353105, 0.9521319624144102, 0.9