var element=document.getElementById("correlationAdjClose");if(element.style.display!='none'){var correlationAdjClose={"data":[{"type":"heatmap","z":[[1.0,0.9999924427806111,0.9852485541731395,0.9999258100096147,0.9990075911333574,0.9868441698107504,0.9977230511462932,0.9957093700634796,0.969127202248638,0.9960224151454499,0.9806619503733266,0.9932547247458583,0.9958402177339247,0.9951215434956436,0.9957588990585619,0.997444516892581,0.9974302964534237,0.9982503648488475,0.9964083228531211,0.996419571680772,0.9964741548906353,0.9957922728980236,0.9862549577516273,0.9706722932418196,0.9889669674000907,0.9558475818969517,0.9878940668929047,0.984960522829502,0.9660254725847691,0.9485773567177549,0.993383569661768,0.9942696768655989,0.9921189868591161,0.9764760603357058,0.9976337491875372,0.9978956250922807,0.9973559718296755,0.9958995065560999,0.9955736714997495,0.9977907798046778,0.9987192066086629,0.9987485088820243,0.9975829887847855,0.9975930571452065,0.9767233344594086,0.9159550733651745,0.7439222306070825,0.913597270768569,0.9151512236485696,0.8493054212276501,0.9647296180616753,0.9463563137794544,0.9662487526446305,0.9651205069139867,0.9566054455543951,0.9852537126119892,0.9821328864788883,0.9902928510944623,0.99455914341764,0.9855520141789539,0.9801674967063139,0.9872401832767941,0.9849918192357509,0.987829042839367,0.9876157556745495,0.9649589356606745,0.9712948974285169,0.9736230295433678,0.9732960982775654,0.9494399082659118,0.9782185931756583,0.9759331219701735,0.9836450778328265,0.9828542002089454,0.939586904048134,0.8732579762254714,0.8408682082434888,0.8917073609337351,0.9137228462485694,0.9099367094185409,0.9116471560888084,0.9102455339156346,0.6601514227483896,-0.5681106661899298,0.979119577782678,0.9727874147639467,0.9691411481519103,0.9863359368901583,0.9729566641771037,0.9833260003829654,0.9832815679477026,0.9482573160529347,0.9834543930985605,0.9518272168887916,0.6850678248863608,0.887481035569249,0.9215604372039238,0.7749587612418962,0.928165971137065,0.9463886554134476,0.8276379394033399,0.9615976483591848,0.8960299933422792,0.6239686503827575,0.7142719145231757,0.8920654638840678,0.8674265713946852,0.8893811188170073,0.9715743972806191,0.9717639823099695,0.7426137776798566,0.7187807925135616,0.824789867159528,0.3703955045017524,0.7975943715862982,0.8291288651393852,0.8159417165443251,0.8145090074744677,0.7635499222292597,0.7456464519732174,0.7268956201754858,-0.2556052532755155,-0.3936276207017742,0.6519642566671727,0.8970469190412719,0.9406558953940864,0.9460665293114444,0.9153565361275201,0.8278025236416563,0.9130385766761593,0.9339641695248561,0.9338395817153909,0.8684000436728173,-0.1889324815099138],[0.9999924427806111,1.0,0.9857171991750302,0.9998049245767222,0.9979310578350499,0.9902306868117153,0.9938562019005217,0.9902980164087444,0.9821763632197755,0.9903134861875242,0.9721649963321797,0.992401407885883,0.9904929840819218,0.9903497518093877,0.9903940022206503,0.993001139979434,0.996077792193844,0.9956650170224318,0.9932484243991543,0.9932490789596649,0.9903889085491926,0.9904417440431871,0.9899460425700845,0.9681708665341848,0.9864763039366757,0.9792005325266548,0.9862899291476594,0.9848315320193385,0.9769779395680558,0.9229667549435882,0.9878888236732161,0.9849232320363436,0.9780102184172901,0.9233269731298825,0.9952096011816253,0.9950694221805847,0.9953326085254586,0.9911761094495338,0.9948632746567077,0.9953344830726929,0.9968218382743327,0.9969061594870057,0.9953115221793382,0.9953198133958808,0.9881044824265018,0.9157594746067335,0.5853108991804935,0.9134441831986702,0.9153379354639698,0.8494323777044201,0.872558386101116,0.9167955901546948,0.8758731351194932,0.9008863128338347,0.8718159404171172,0.9547266069576736,0.9546614782390344,0.9633577147541168,0.9831347305750876,0.9783541034430796,0.981484568313244,0.9764509487261923,0.9762123961353217,0.9787276233897888,0.9786460034050091,0.9443507446945837,0.953322951251043,0.9253426300212426,0.9252458167584235,0.8400960329813429,0.9742584969662859,0.9762021472987917,0.9764209428037569,0.9759274881029427,0.9422057006473697,0.7051694611202729,0.6524375875411937,0.7866147084226489,0.8678121311218501,0.8078889786822576,0.8388329129512905,0.8372859028121915,0.6532486742026273,-0.2598477453411405,0.9637150526692284,0.9693016415606005,0.9634777141970399,0.9790963958657262,0.9611868693686776,0.9675826968405147,0.9668076029955165,0.9179251766008896,0.9700543475216056,0.9225236060085836,0.5462109381334418,0.8867098560539106,0.8838392613693791,0.3720219065274727,0.7113924935719993,0.7888097475546553,0.6729271698210871,0.9620403918734374,0.6806721283181697,-0.26591982807751546,0.1722715339424954,0.6488666467757174,0.6554648303809942,0.699706773145398,0.9636148784439107,0.9635153031931016,-0.025178573634607113,0.2188729730996869,0.05645813623136938,0.022588331114946396,0.05093179145875535,0.06704532605306468,0.03377135097875954,-0.012092038410741345,0.4237927510404418,0.15574498978521706,0.10511111491265783,-0.4445936447859114,-0.4843929923029225,0.6523849743571523,0.750091936499701,0.7743372849678579,0.8322857284939558,0.8251716005720308,0.5534539232941527,0.7398037227738776,0.7692068507733757,0.7679288764130461,0.418130055406206,0.18562818339555068],[0.9852485541731395,0.9857171991750302,1.0,0.9866513565009605,0.9931969541555038,0.9906699124513851,0.990550598320185,0.9910802707241331,0.9899926262257003,0.9942609647637679,0.9579151164322074,0.9970840933084155,0.9909649607368956,0.9928874953771613,0.9911387972812198,0.9905160483826012,0.9912704724620057,0.9905749300918524,0.9897444601253638,0.989714804896122,0.9927985271768084,0.9910118045295315,0.9942168751265725,0.9814539879563997,0.9911531300350825,0.9790569610153652,0.9916274612757432,0.9841653022387093,0.9841191647757813,0.9536188111771853,0.9715396552390936,0.9754404917531307,0.9780125161472575,0.9525931806699339,0.9878622377727296,0.9909897082068341,0.9893114170688725,0.9929014401834039,0.9951087089126532,0.9921162758264724,0.9855860280705826,0.9882390587248504,0.9881603488737809,0.9875406384127399,0.9912204367184768,0.9147314802588002,0.6846088567880567,0.9342842475555406,0.9096313420292491,0.7710780871322702,0.9244977301423319,0.9016762076542382,0.9268817081870344,0.9255575017959552,0.9134667830556865,0.9518648776411749,0.9597595184800533,0.9672456416757186,0.9796686662487041,0.9351197337077858,0.9563455301018013,0.9582898555223662,0.9647931089397237,0.9586990870384876,0.9329917098180155,0.9091985724409771,0.9359283715802299,0.9290038681302829,0.9112853222946251,0.8767515141332414,0.9648742972662536,0.9429044870321391,0.9587181925273331,0.9374160508514392,0.7972960521837906,0.8202240487347386,0.7456028598869019,0.8412527913070602,0.8782436696318825,0.8777379361933881,0.8468834966931901,0.8609947898838527,0.34414596524901553,-0.5643011043365687,0.9529267146322219,0.9332087091917317,0.9347391208681962,0.9353928738996288,0.9472193943300217,0.956706138999292,0.9562904082289592,0.9225099242048015,0.9524267776168893,0.8565228675999048,0.6612260562556611,0.9434620804227559,0.9428578888856449,0.7416391834348415,0.911973278073546,0.9319292718542741,0.8137287745118129,0.9796354916477739,0.7779678229739375,0.5301951311370303,0.655382796125155,0.7867418336907679,0.7937630209789714,0.7755885910938684,0.9828231822882918,0.9828613296621054,0.6648021438168237,0.6583673826325531,0.7124122802994436,0.30758471673698873,0.6948143181932851,0.7121423895377119,0.7223218944076331,0.7091493150989949,0.7209508999726014,0.6755706982818653,0.6551811580975879,-0.32430827160893627,-0.4620368584803086,0.6141091000872728,0.8581518169428417,0.8899077847683952,0.8928963640612841,0.8886692987196383,0.7590902752412385,0.8646819388505695,0.8786821952793432,0.8871613884532612,0.738004765708421,-0.11040013940715757],[0.9999258100096147,0.9998049245767222,0.9866513565009605,1.0,0.9992886727127902,0.9878705902282842,0.9980236632862349,0.9961951812089662,0.9713906472748024,0.9965782704207581,0.9803038565189105,0.9944430375862313,0.9963080505900876,0.9957930653222729,0.996243463392569,0.9977629285326935,0.9978164352206674,0.9985624596845816,0.9968333259493104,0.9968420754815718,0.9969458753949726,0.9962641853735316,0.9875101791853454,0.9720256934828094,0.9900085179813699,0.9584936253139903,0.9890449035751121,0.9869087571057461,0.9680852951004075,0.9497837192269342,0.9927934327673201,0.9938683869066124,0.9921750303126702,0.9761110243322858,0.9977660042629131,0.9981566787505614,0.9976369229741732,0.9964269406797598,0.9962162289658656,0.9980907514443049,0.9986445280586214,0.9988701749464027,0.9977079773398592,0.9977150996207335,0.9785508504073992,0.9118559245794136,0.7376420651738317,0.914367505802456,0.9133623041150368,0.8399591740861647,0.9618009746687736,0.9429742179810584,0.9632165345833584,0.9625126979117358,0.9537534635873429,0.9831804474254451,0.9806197475512156,0.989468433086287,0.994471404857659,0.9839490198173574,0.9787671078895783,0.9858161812310703,0.9842617485242302,0.9863251643173692,0.9861057869802623,0.9530350203577982,0.9698388185581845,0.9719887020003498,0.9716613918595376,0.9434076601758632,0.9776545304216127,0.9726850894446486,0.9820339622969498,0.9812038464117773,0.915296503909401,0.8713792725101707,0.8364431746396694,0.8895892945592987,0.9104819881364765,0.909208585028054,0.9088733393443964,0.9075257977229597,0.5604383675599514,-0.5679645853195531,0.9780787123439522,0.9710701563970449,0.9673126754385353,0.984736639207296,0.9719793453292332,0.9823804042082271,0.982331746783079,0.9474428778542281,0.9818256278795578,0.9338007762926239,0.6900901994389366,0.8944348852639245,0.9258789376523621,0.7765509267982666,0.9298318522127972,0.947800603603027,0.8279324603633134,0.9630007654567234,0.8898835954175011,0.6204980725583086,0.7124912402462185,0.8869657010407389,0.8638240509577918,0.8839570758682055,0.9725690544181329,0.9727662705254738,0.7415986958695425,0.7190175003983481,0.8168526832739741,0.37237817322900085,0.7918936111579878,0.8209089120442559,0.807786751873298,0.8091687169585793,0.7661677358021451,0.7456212679037543,0.726941819397226,-0.25098074047601016,-0.39288144100512684,0.6508663681581888,0.8951562267118517,0.9388229749995629,0.9442825412523372,0.9141966737107852,0.8249916196758758,0.9110351878939723,0.931720932824731,0.9317517626676007,0.8608959195401048,-0.18171699900399915],[0.9990075911333574,0.9979310578350499,0.9931969541555038,0.9992886727127902,1.0,0.9908036373261367,0.9990712829623952,0.9984120075384537,0.9843902878353975,0.9984708527083688,0.9746642510601088,0.9979216255848895,0.9984497795624725,0.9982879718955687,0.9984453353170055,0.9989991249731105,0.998266584529247,0.9992513668654736,0.998803422397577,0.9988027094114355,0.998517291805308,0.9984377575096024,0.993996256475968,0.9797202190623322,0.9943565075126117,0.9767588659716206,0.994309446702993,0.990110621940144,0.9817189604005273,0.953385593902413,0.989376359961048,0.9920092934465813,0.9897548262100813,0.9676738782833206,0.9989433946205685,0.9989852476446411,0.9989918212210801,0.998540697202837,0.9986160716332442,0.999093328773446,0.9989525673752028,0.9991653253935769,0.9989344889071184,0.9989337204725982,0.9887025977253024,0.9215374962233025,0.7136522093969097,0.9274073268007437,0.9173966023081065,0.8242677355530355,0.946402136328759,0.9336499757290672,0.9504923859309561,0.954572405065539,0.9452135010078284,0.9796647580847269,0.9796120057619804,0.9889762594568486,0.9944392753409736,0.9802873053208373,0.9730389736101837,0.9811465752711129,0.9801878915633642,0.9814831869580929,0.9812190956487129,0.9544911138227309,0.9604286749075734,0.9552107610497408,0.9547847449877664,0.9136551587577201,0.9748216198097425,0.9713097046300186,0.9776572223875523,0.9767575787874978,0.9359277846210252,0.8485839182955973,0.8067859945574478,0.8729998032837724,0.9141315034927627,0.8965027434219143,0.9045907098957591,0.9033446121954027,0.7152303595052338,-0.5872510481889923,0.9713699268220503,0.9601013130707445,0.9573785568101967,0.9813184013667727,0.9617108103352208,0.9753393645573392,0.9749025292355795,0.9378722426693873,0.9771726967527677,0.9414366525660641,0.6773034996070171,0.9125464883442482,0.9468687615496951,0.7322035765066025,0.9102937705946798,0.9336327632587773,0.8220118461299608,0.9685727195142729,0.8834575207420257,0.46376980877168483,0.6480944942386188,0.8713014841782175,0.8318637340913383,0.8740317278556274,0.976470523103494,0.9766211294261282,0.6970636398701052,0.7006418483340071,0.7400348682187448,0.3484169488748372,0.6830607178492353,0.7455926610394297,0.7223926267640902,0.7021024665076159,0.7510762382975834,0.728967040634042,0.7093623034090164,-0.46649304455905377,-0.5457349070186652,0.6421721317881078,0.8883433411243259,0.9236308124339154,0.9367075868546954,0.9108682357685988,0.8030825817059499,0.8954669738222483,0.9169407029480174,0.9165164991288133,0.7958241518009995,0.02948422837107586],[0.9868441698107504,0.9902306868117153,0.9906699124513851,0.9878705902282842,0.9908036373261367,1.0,0.9866915430732709,0.9871443170544607,0.991200421047621,0.9867943435849816,0.961961803339618,0.9795514380394525,0.9870541227944746,0.9884131923377111,0.9872086612338862,0.9869357595306033,0.9901904407134599,0.9881970953264391,0.9879717324855262,0.9879680347898828,0.9860065050759939,0.9871343374575043,0.9959335747157819,0.9923234199129026,0.9876102839204004,0.9844081676369928,0.9876385520937347,0.9734790691503233,0.9864684852559961,0.9702950169939706,0.967801618684688,0.9727066627308868,0.981336331162895,0.9689856376058815,0.9865363077117514,0.9867861453548801,0.9876191293157487,0.9879309916998371,0.9812515097568817,0.9876761307633559,0.985719419154239,0.9872394206202982,0.9866611921543361,0.9866690685536474,0.9953291610123944,0.8719123141079155,0.7090282668130801,0.8927574400087765,0.9084880563927746,0.8367971653104886,0.9256528076423728,0.9104118918086584,0.9278426094968406,0.9382673071200165,0.9234586229913505,0.9571997757614469,0.9620527725694735,0.9655069712708398,0.9760838881486303,0.9691295834384659,0.9832794908117531,0.9703309682957609,0.9824348646122741,0.9700296395377728,0.9694765655729392,0.9718850791695427,0.9638915556909605,0.9445256618985626,0.9440586317139585,0.9369320141627673,0.9803397373251849,0.9727503709722259,0.9704476012820525,0.9689498672325886,0.9559851486173419,0.8705959576038342,0.8232567681234715,0.8905187938487864,0.9053665453309173,0.9137508366865363,0.8956519185134358,0.893453938189036,0.6844170376787254,-0.5259009931659265,0.9773302605266144,0.9762619408611134,0.9723465640710154,0.970168032769657,0.9685822051072834,0.9767865335057433,0.9764037501011164,0.9613842068017555,0.9661315835891862,0.9604393336363931,0.6949762372917581,0.864094978371033,0.9451807371575837,0.7790375450251332,0.9210965981696202,0.9367057625972144,0.820933014199428,0.9583568304070141,0.84227433583205,0.5588811964142313,0.6830281397071426,0.8398442655581453,0.8213929604478025,0.8383249396388871,0.9598794294455104,0.9599492306511158,0.7011643750123693,0.6968502088182833,0.7571706203282556,0.37312788243573913,0.7413189423993839,0.7628581497172844,0.7492535749696414,0.7516419980752997,0.7508538973766626,0.7123519604661588,0.6959676746289783,-0.28007871442183985,-0.40943023797012035,0.6695115229239551,0.8735360320923753,0.8912475803574366,0.9012534014103069,0.8870618052882283,0.7932348818380793,0.8613650272689072,0.8828270326031169,0.8829627971144022,0.8260574617741681,-0.15180656366823533],[0.9977230511462932,0.9938562019005217,0.990550598320185,0.9980236632862349,0.9990712829623952,0.9866915430732709,1.0,0.9973173389429756,0.9583625980949454,0.9995633105794451,0.9746284007085533,0.9994971407399954,0.9982611969447845,0.999109474140756,0.9990947324782221,0.9998782475140507,0.9952711088463316,0.9999015100683175,0.9993101590488908,0.999315252290369,0.9996788799201544,0.9992808126106788,0.9905797724374764,0.9750547090720812,0.9848808129533488,0.9258197326236289,0.9929818195044807,0.9895705835421743,0.9729597353315089,0.9477959015111267,0.9918411212680576,0.991734601705219,0.9933771845151583,0.9734785882306424,0.998910133278758,0.9998340385681392,0.9996812154989378,0.9994330785771013,0.9997073482280152,0.9998634502660833,0.998345383243431,0.9997027037638798,0.9993258057082353,0.9989594523727012,0.9820897890177521,0.9288009359956152,0.7299250497338005,0.9390282773959989,0.9270587249170453,0.8179281494172816,0.9575542901304619,0.942467300535615,0.9597275000074023,0.9589325406613947,0.9511075989396687,0.9816741575636194,0.9804079245390215,0.9912879630716871,0.9964637871810333,0.944769692199613,0.9600735022141824,0.9714294885486728,0.9718923174488673,0.9731157777097565,0.9448232906215637,0.8989707681575942,0.9511165429321528,0.9583927851768483,0.9357573121847099,0.8870664893703848,0.9645529800928366,0.9357938359117937,0.9655230783683745,0.9451343136610775,0.7599962936259141,0.8429185519659521,0.7676780179645157,0.8601195255910181,0.8827146900317924,0.887071377730372,0.8657293178399259,0.878065126127706,0.2971958227405342,-0.601944063903716,0.9621853962165344,0.9448633028760361,0.9438036848631005,0.9467130583318173,0.9584261388230604,0.9692121934627927,0.9692537216913042,0.9279048751493372,0.965579718735072,0.8376968741115236,0.6715347542185832,0.9130323470699885,0.9256806875627399,0.7652878127275436,0.9269628369907166,0.9461362057740693,0.8225825862078406,0.9679331991271428,0.8316749207690821,0.6103959827278276,0.7034725469357777,0.844862263956036,0.8431564163146682,0.8309890285451609,0.976563931583826,0.97677445854165,0.7289828665616542,0.6976051400292134,0.7822097087279963,0.34332482671238396,0.7694782518375313,0.7923977032480699,0.7813026623859921,0.7891975777766245,0.7473886356761534,0.7342461261548412,0.7137882443000467,-0.267957625224821,-0.4171500213768746,0.6600479787485739,0.8909436338910469,0.9273149074970392,0.9430577651785955,0.9152341943672692,0.8241030225849107,0.9114743498381448,0.9327683273790849,0.9322397668950088,0.7757261030665904,-0.1456135970536111],[0.9957093700634796,0.9902980164087444,0.9910802707241331,0.9961951812089662,0.9984120075384537,0.9871443170544607,0.9973173389429756,1.0,0.969565023113814,0.9999852510705313,0.9692521974955883,0.9996965941119923,0.999996969307787,0.9996795936103858,0.9999980216141022,0.9992146948385253,0.988976816512546,0.9993744786469139,0.9998972995171129,0.9998968538124925,0.9999602069314785,0.9999948722004511,0.9909422689538906,0.9763166345631514,0.9922445448763841,0.9400400108669709,0.9934853053385095,0.9872263026574122,0.9751683080700025,0.9468233144352424,0.9881129396509025,0.9939609962515503,0.9920469344279917,0.9702779620212961,0.9994446487044827,0.999523463512109,0.9996394979252601,0.9997110777056795,0.9989581630949834,0.9994592890119,0.9980169189628135,0.9986688885700528,0.9995142945607761,0.9993809559210729,0.9836433332432076,0.9287604005570971,0.7170664692550678,0.9439999178617168,0.9248807474078522,0.7987809738737273,0.9558969243654823,0.9376698137557715,0.9576747118423401,0.952732819093138,0.944734835528062,0.979656780795672,0.9772731846092995,0.9902525692533114,0.9971625572190447,0.9393939297350502,0.955055457260075,0.9642621295237961,0.9683456726395958,0.9663875770381527,0.942953696391356,0.8896787865011867,0.9456820270995118,0.950974695159525,0.9299514964269869,0.8731971064947285,0.9613944945927435,0.928957813576164,0.9594882656871332,0.9401317462576838,0.7452712971770559,0.8337510255480769,0.7628715159833102,0.8509781712247376,0.8746070244107172,0.8816955100722973,0.8608679317995828,0.8705143429775234,0.2778263235260762,-0.6071187216731351,0.9573435282786906,0.9367151858062376,0.9366146544205145,0.9446023369204862,0.9530145745196928,0.9644647011508543,0.9644981140067288,0.9218641246176138,0.9579390004386301,0.8245319799765393,0.6674333982005906,0.9302585547723616,0.9374193669447619,0.7606139950633052,0.9264722357309093,0.9458721383045849,0.8200019627338502,0.9723349059865634,0.8350939365913386,0.5960274319757212,0.6942708750421519,0.8458744285120524,0.8400539245275024,0.8340587445405359,0.9793374520847006,0.9795526011127449,0.7191383245488615,0.6891400852484779,0.7838889205522817,0.3294154033069676,0.7642478776830122,0.7879307117504922,0.7822956775773544,0.7835883754564261,0.7404904723852012,0.7280540220794496,0.7069546999879215,-0.28449871228559015,-0.4326995010014888,0.64375049265902,0.8828189658484009,0.9249364339942383,0.9353768923217909,0.9090979765759031,0.8128973800728136,0.9049600239791948,0.9264497337446522,0.9261614730160223,0.7560092135123295,-0.12811971979466727],[0.969127202248638,0.9821763632197755,0.9899926262257003,0.9713906472748024,0.9843902878353975,0.991200421047621,0.9583625980949454,0.969565023113814,1.0,0.9850112411285422,0.9439473329845626,0.9900006555389406,0.9732937806349674,0.9833662460858759,0.9782223449896112,0.9758670594724311,0.9466635119369946,0.9805159036384415,0.9788951295664985,0.9788625593325643,0.9829799434869808,0.9782357718480486,0.9946241993780212,0.991402783036817,0.982152664576404,0.9868271014215974,0.9850407885168084,0.9875734224624952,0.989428196938002,0.9634947992067153,0.9306777273742366,0.9521692925029718,0.9686377554526993,0.9502148330556057,0.9727789378598936,0.9809507422086517,0.9778505401491483,0.980229260812263,0.9881005829138423,0.9826569094780346,0.968329593204876,0.97755618487527,0.9735968974656086,0.9725786585597339,0.9988513679933422,0.8890112232350463,0.6634598305280924,0.9351804740446205,0.9224627423677741,0.7800292955570708,0.8889772976519528,0.8801063283800474,0.8925433991694564,0.909676086824522,0.8942622061274942,0.9320983691801555,0.9469723979937767,0.9511083426387509,0.9648701390822308,0.8919457122414481,0.9569320989284227,0.9355159623767079,0.9576370226358829,0.9357671876182486,0.8898892806518374,0.893820521558201,0.927908040297129,0.9023388176115339,0.8654176127756398,0.8544889289912941,0.9587197124499749,0.9068623823487696,0.9348400140102506,0.8951218798988828,0.7789274965624414,0.8105202867956637,0.6971239660569777,0.83357424400518,0.8561863419742806,0.8690357141480266,0.8184426369809298,0.8368237815260207,0.31519766865826154,-0.5535405369255816,0.9457890614093747,0.9351184542588745,0.9329617569384856,0.8917838596877316,0.9348530181914784,0.944890269129905,0.9443254142823811,0.9226536669072496,0.9289117720592069,0.8373469538718119,0.6726456039204384,0.9218056413886482,0.9530473183282476,0.7486948791015724,0.9079049364736113,0.9250298098213163,0.8026593920194718,0.9676151294264461,0.7458172474671129,0.49566310734437163,0.6372965967125662,0.7657958580999207,0.7720580267139489,0.7525073920743338,0.9672494161680972,0.9672570040408737,0.6485517008909983,0.6474196378977933,0.6790442752125752,0.31511308215939715,0.678040953907945,0.6922976263933511,0.6726130618031834,0.6891808621060499,0.7146243924687774,0.6722299174691179,0.6530083949792433,-0.3326052429169148,-0.4669469879435679,0.6635245753284805,0.846403212527163,0.8448054867177089,0.8701585873794414,0.8709515578645338,0.7553874822019858,0.8217374437474362,0.8509131769696585,0.845895309750721,0.7123655083829524,-0.06908957096853544],[0.9960224151454499,0.9903134861875242,0.9942609647637679,0.9965782704207581,0.9984708527083688,0.9867943435849816,0.9995633105794451,0.9999852510705313,0.9850112411285422,1.0,0.968613362998017,0.9996944601283951,0.9999820487460163,0.999847940764257,0.9999905356095158,0.9996534817569157,0.9974910398132015,0.9993669808746007,0.9998410919805569,0.9998401573424114,0.9999683318355019,0.9999832219422677,0.9938286386343042,0.9778898179910349,0.995515268575126,0.9747915742526074,0.9956428508287363,0.9871879286914357,0.9796258735013649,0.9481726307145524,0.9887908278103982,0.99310627422841,0.9891895703370891,0.9660970881256837,0.9993858900591135,0.9994650121859704,0.999472333224623,0.999852514828886,0.9989668260653656,0.99944573764204,0.9981911147706721,0.9986853305635836,0.9993829372177312,0.9993773996861925,0.9882026863227404,0.9289286452758448,0.7176865956419807,0.9440131643618176,0.9249130714915041,0.7989942689470402,0.9437303762378975,0.9287321500257221,0.9473450203095419,0.9503060767901634,0.9421136334033685,0.97770994038741,0.9773225994763362,0.9903845584244422,0.9966340558696388,0.969898208382506,0.955405071033623,0.9706862679866461,0.9684468771467858,0.9711188911723394,0.9708126040605541,0.9420193881672306,0.9450525288217586,0.9446794635104727,0.9443019727598522,0.9015514107872448,0.9617389782703355,0.9618075274862777,0.9676954300314612,0.9665989352334976,0.9228871571987974,0.8331414332597629,0.7854291222038232,0.8501871596092809,0.8956632475117662,0.880600860587222,0.8876085195130353,0.8866214338524793,0.6635648713288068,-0.6208685819668865,0.9573215797147724,0.9367179810522043,0.9367545624897758,0.9711575031189242,0.9482127915542323,0.9640865767943678,0.9636211018308793,0.9228567945353716,0.9661728188426645,0.9267465584064253,0.6659277066790394,0.9298523631942714,0.950654300716154,0.7387981259095185,0.9146120439784905,0.9375034819178856,0.8191687291749867,0.9712080754760594,0.8900326747559478,0.4961880132401093,0.6645049343766025,0.8785719514582951,0.8394959478551381,0.8817200304761376,0.9792702829256708,0.9795136833537578,0.7171062025569148,0.6861829643676834,0.7554566271660083,0.32734356983335583,0.7001717168279319,0.7607950470816213,0.739531344333465,0.7201753282747079,0.7380146010021479,0.7248982901959293,0.7037470747086111,-0.5148001464131718,-0.5949277603072893,0.6439146084532115,0.8817590347080835,0.9238962366144118,0.9375610133678284,0.9082066241532006,0.808351451798718,0.8959402485214109,0.917157638898358,0.9166067291069185,0.8059375028870669,0.10097259981102646],[0.9806619503733266,0.9721649963321797,0.9579151164322074,0.9803038565189105,0.9746642510601088,0.961961803339618,0.9746284007085533,0.9692521974955883,0.9439473329845626,0.968613362998017,1.0,0.9585144291636583,0.9696156476398444,0.9686264555119294,0.9693615156927007,0.9728937694276374,0.9724575076381524,0.9764590396273001,0.9732423880178664,0.9732547675268659,0.9694115529682276,0.9694760406157537,0.9676266782970232,0.95519419982387,0.9755672988309381,0.9557425596165577,0.9736091114768749,0.9177628492493627,0.9708695950623114,0.9555731525807322,0.9784926736432271,0.9731672579793283,0.9732463492874637,0.9426450489206469,0.9768107998927943,0.9764173853151638,0.9768125727658743,0.9698716913281276,0.9651033970753992,0.9758634192947577,0.9804675473857686,0.9789189629650566,0.9769698400865532,0.9769852214758077,0.956958026428398,0.855418476070704,0.5410673973310872,0.8328261069827986,0.9077448399273134,0.8819628128599902,0.9075746078028069,0.8470731897477725,0.9117581053571439,0.9232766844759203,0.9090807301171726,0.9399381219421148,0.9398131463941334,0.9481532504750473,0.9720915495946851,0.9480114253013661,0.9411224091699231,0.9567196444306063,0.9514761396027134,0.9553687550352645,0.9553841490694497,0.9138823698410868,0.9554966350474141,0.9433284857119748,0.9430032814999653,0.8727319406419048,0.9411588405886637,0.9480551903231642,0.9422828063981792,0.941240736560823,0.8940323257557262,0.8415520584555087,0.802597160651681,0.8799809274157244,0.9248458364235941,0.9003030841513444,0.9126680147921317,0.9120771057787944,0.7479129127409515,-0.3181076104475807,0.9557240264966481,0.9582203558307736,0.94941995625245,0.9495781338384682,0.9356223884968324,0.9568846138767451,0.9568493790377435,0.9057425651192637,0.9586584607954955,0.9098570311382297,0.752818463177567,0.7509809403662133,0.8808584968023614,0.6712536451388187,0.8707831762198042,0.9027286329542489,0.88491721061804,0.9553351306972867,0.9097594889082908,0.3726520143745732,0.6652067259057051,0.9019067023958827,0.882557196272039,0.9089832473267815,0.9555471327230858,0.9558490614807644,0.5585719902023687,0.7227176372380949,0.6328782654941434,0.5079416523817991,0.5941624772337406,0.6461947937812696,0.6081898397428553,0.5816879904700057,0.8220563490367703,0.7002966826378675,0.665651194982933,-0.2982628320542031,-0.35230080295205035,0.7559007463332859,0.9178177094040562,0.9247182299970133,0.916002365173373,0.9416087966072574,0.6798955602657073,0.8520534142464796,0.9120520507895725,0.9112612064165361,0.6963203994635951,-0.16187799138191677],[0.9932547247458583,0.992401407885883,0.9970840933084155,0.9944430375862313,0.9979216255848895,0.9795514380394525,0.9994971407399954,0.9996965941119923,0.9900006555389406,0.9996944601283951,0.9585144291636583,1.0,0.9997193608513534,0.9997009984027766,0.9997086622526377,0.9995864901896513,0.997579899712693,0.9992400275003044,0.9999617840760345,0.9999613516905285,0.9997075495722683,0.9997147700813224,0.9913637217540051,0.9636059328479759,0.9924525313528519,0.9809135718491943,0.9934441792612331,0.990754048223687,0.9746142747122755,0.9107192284503279,0.9894077935526838,0.992934203507718,0.9759359138311595,0.9106619987845839,0.9992593238520494,0.9993188722756761,0.9992655096435494,0.9994991444495046,0.9994812688812064,0.9992879029024183,0.9971286596216706,0.9981194593623776,0.9992377626805872,0.9992339146245087,0.9899354671273133,0.9231671038281697,0.5564608509589941,0.9402330309840398,0.924144013193962,0.8025658833094789,0.8617814146193529,0.9016941550594009,0.8665646996906915,0.8841368635354686,0.8592903046034691,0.9532626252768001,0.9532154944079275,0.9775055103806257,0.9939028018714967,0.9575629846826299,0.9593168742873337,0.9504470515544443,0.9522900098229456,0.9542317150268553,0.9540543880839728,0.9096969988303728,0.9212869111306543,0.8868486381353791,0.8866811761029549,0.7872859532899641,0.9544741283930864,0.957379343353886,0.9575185216277268,0.9568951236958532,0.9123947517945348,0.6563215957933638,0.5999426555955878,0.7388317838320737,0.8275601687525371,0.7651269592464722,0.7975853829374131,0.796494382125525,0.5980986915728486,-0.378566969211185,0.9321148801701756,0.940395785810307,0.9318504799391666,0.9587698302763019,0.9291568369837528,0.9371609556534521,0.936115612212248,0.8768309250469849,0.9408009838938958,0.8828770829125566,0.5793926857961543,0.9269035897419017,0.9209515133537028,0.39759035794545666,0.7364168526613304,0.8076908090807869,0.6800502467675494,0.9745634011858606,0.687050373286484,-0.20833387273490486,0.21633000517463138,0.6599062253350892,0.6645548449965412,0.7040453539544582,0.9757710312711845,0.9758328140597827,0.028628239902989256,0.261914083861829,0.11150427523008288,0.07696511363032395,0.10402437906002385,0.12251325130003819,0.08856220694789611,0.03755165598278917,0.4633186675930431,0.19208626429368864,0.13896182648661357,-0.5120825024880925,-0.551113459397609,0.6438851573197323,0.7465931052355281,0.7709807942196988,0.8318847286782038,0.826724233645491,0.5381685039366133,0.7345339337836833,0.7660315504880844,0.764835266280771,0.4140910537870383,0.2338806469486614],[0.9958402177339247,0.9904929840819218,0.9909649607368956,0.9963080505900876,0.9984497795624725,0.9870541227944746,0.9982611969447845,0.999996969307787,0.9732937806349674,0.9999820487460163,0.9696156476398444,0.9997193608513534,1.0,0.9996631491767546,0.9999976669715663,0.9992702856489091,0.9910508289255312,0.9994204780651683,0.9999074734832274,0.9999072332657984,0.9999676894896072,0.9999952561460932,0.9908409867934741,0.9761722842006365,0.9929036651408406,0.9449560830257597,0.993443956177266,0.9873843323926428,0.9749912937410886,0.946815031561179,0.9890100375566302,0.9940283895242087,0.992124394571205,0.9704215619533982,0.9994871970996969,0.9995657629138571,0.9996717281290103,0.9997121284038046,0.9990353786458008,0.9995018693466101,0.9981092229635284,0.9987443640166289,0.9995577325173071,0.9994244273294299,0.9834359193345465,0.9290602781348286,0.7177921397290894,0.9439521146406952,0.9251082767220244,0.7998378467458406,0.956240958243398,0.9380826737223614,0.958025398564096,0.9531063216666754,0.9451444462906591,0.9799049022642086,0.9774646904280135,0.9903932667026735,0.9972296128533716,0.9397078839082915,0.9552098734561821,0.9645527249037184,0.9684793282683495,0.9666734660504385,0.9432150222601693,0.8898342690360278,0.9459461590751701,0.9513911811640837,0.9303871551235858,0.8736059391700782,0.9614760828888613,0.929176787799033,0.9597125410702936,0.9404247670959237,0.7453572818394005,0.834211131465948,0.7634208392856003,0.8514220279189856,0.8749426721206799,0.881945752322348,0.8612771074462943,0.870936155126219,0.2781316903792899,-0.6070501767893889,0.9575476142983318,0.937056028722363,0.9369020866104087,0.9448488711388392,0.953236011538872,0.9646786350907417,0.96471351732974,0.9220414572486982,0.9582526178334106,0.8247443017220215,0.6675866350799131,0.9294806228452397,0.9368895570582471,0.7608126559684634,0.9265047435301365,0.9459080020290825,0.8202762512869749,0.9721710207979749,0.8355533176886879,0.5970721689102471,0.6949546187472669,0.8463521303198781,0.8405867441613614,0.8344992944020448,0.9792577713756926,0.9794728851521104,0.7197935283487559,0.6897336064489615,0.7844754806702213,0.330217020814247,0.7649346425321556,0.7886153024328123,0.7828888556853952,0.7842991036283733,0.7408811869973962,0.7285137090569971,0.7074393673747443,-0.2834992601590583,-0.4317997475316614,0.6442956327567773,0.8833377849089977,0.9253696726497251,0.9358942382989472,0.9095592731765133,0.8134583725836455,0.9055235049550885,0.9270013605095295,0.9266999963312299,0.7566843706917477,-0.12916042706674055],[0.9951215434956436,0.9903497518093877,0.9928874953771613,0.9957930653222729,0.9982879718955687,0.9884131923377111,0.999109474140756,0.9996795936103858,0.9833662460858759,0.999847940764257,0.9686264555119294,0.9997009984027766,0.9996631491767546,1.0,0.9997000196154711,0.9992233613880354,0.9971159669373658,0.9990033897325531,0.9995069655660456,0.9994999771414556,0.9996830818280988,0.9996563366501047,0.9928499366689143,0.9779112579620078,0.9961227546462202,0.9714097002541526,0.9960123199566072,0.9872569948997292,0.9778222849835161,0.9493376117249338,0.9880929480732742,0.991992782206831,0.9911487581684996,0.9681116253619307,0.9987975486345192,0.9991147005384109,0.9992912637679471,0.9999180652981295,0.9989891682346775,0.9991101645757716,0.997416286112707,0.9980907843863571,0.9987940744629532,0.9987233574972582,0.9875317196910298,0.929003082922071,0.713402695571038,0.9440307398824126,0.925011922237487,0.7992019566712139,0.9516935968808978,0.9314486815206555,0.9528781197645524,0.9496302135971031,0.941002197678463,0.9763642253380175,0.97533334573659,0.9879436687466412,0.9957011704165206,0.9621138983356934,0.9549446458222146,0.9649109393765162,0.9679783814659288,0.9665914457563626,0.9659047250058261,0.893981617737149,0.9434179145154007,0.9499708985098576,0.9496782440848142,0.8723546035299883,0.9618805604482562,0.9404021963370975,0.9615856654860538,0.9603244236958273,0.7502269772472433,0.8316189564327762,0.7924975067362424,0.8494587107902255,0.8764849005378541,0.8813706417402638,0.8697074197855804,0.8701640097252442,0.2644907116519634,-0.6013912243165838,0.9569237439492433,0.9367987504804527,0.9360166102741677,0.9647115539288915,0.9528882826944821,0.9637190320440118,0.9637065965416113,0.9223029225915738,0.9586632210531026,0.8313312457063072,0.6679776283421844,0.9299289438114987,0.9378405498430633,0.7587336036531308,0.9249133154352922,0.9445434706891384,0.8211376860110273,0.974653325834688,0.8303952265474609,0.5884413311167793,0.6904120828458065,0.8375843952476429,0.8352700783060796,0.8266686217003251,0.9809998013924917,0.9811770253359414,0.7108615457920113,0.6846222049330236,0.7647573793322144,0.3299498092185195,0.7551231616780713,0.7774213138873173,0.7536695048169211,0.7733744928855559,0.7387438058591063,0.7187314565622902,0.697920455354209,-0.28992371910086917,-0.4366508301854251,0.6439079391921051,0.8810719422481471,0.9264516684038565,0.9311573784958325,0.908654695025694,0.8056724803866233,0.8993351539359252,0.9197195392036852,0.9201390968608737,0.749923424110664,-0.1274750341905858],[0.9957588990585619,0.9903940022206503,0.9911387972812198,0.996243463392569,0.9984453353170055,0.9872086612338862,0.9990947324782221,0.9999980216141022,0.9782223449896112,0.9999905356095158,0.9693615156927007,0.9997086622526377,0.9999976669715663,0.9997000196154711,1.0,0.9993725454686645,0.99616525148881,0.9993927096392574,0.9999006071347107,0.9998998520432091,0.9999617372918288,0.9999928979030204,0.9909839163253965,0.9763746937772612,0.99467743591356,0.9594801839240895,0.9945019529830595,0.9873209614903409,0.9752168396823305,0.946999442728061,0.9914639138743101,0.9943164401110258,0.9919917404725523,0.9701812301521818,0.999458620983333,0.9995266073923772,0.9996482801610646,0.9997283113880759,0.9989940526665416,0.9994682945938111,0.9980472583523454,0.9986883331860315,0.9995262347119228,0.9993957323585537,0.9836334189608732,0.9288572060469634,0.7171175510613879,0.9440135893356159,0.9250410478970186,0.7992753301774863,0.9559920106186675,0.9378254091229732,0.9578041547314615,0.9526888402825924,0.944662256970104,0.9796946524963734,0.9772268680896573,0.9902253924363178,0.9971289204284134,0.939721483174156,0.9551587789809902,0.9644450199094788,0.9684199763873561,0.9665549331629157,0.9427162053824091,0.8899066981664765,0.9455587735582616,0.951044206081856,0.9301875340236208,0.8733310172708928,0.9615502668857034,0.9293412400287925,0.9597125069458379,0.940475508679722,0.7456444918181175,0.8337144699701509,0.7631567199623582,0.8509862784925808,0.8747876483920799,0.8816809592941797,0.8610324087621379,0.8706955595296187,0.27818911776722777,-0.6068226381676697,0.9574186457115934,0.9368940556151973,0.9367675865724391,0.9430010048959592,0.9531994634789943,0.9645423977379971,0.9645726673145484,0.9220478845790917,0.9581222063521363,0.8248159425751885,0.6674729324101762,0.9298874391499822,0.9372933858111817,0.7605747605639259,0.9263624016265705,0.9457856393565525,0.8200056428933589,0.9723542199734945,0.8351435343850424,0.5958799349517475,0.6941624531209598,0.8459082706968591,0.8402006983330957,0.8341015097223412,0.9793859232110231,0.9795976624595213,0.7186984614308523,0.6887612063654981,0.783883495197073,0.3297060719909535,0.764235120758192,0.7878610182499716,0.7824754984202211,0.7834962221855993,0.7403994267189759,0.7272644185372164,0.7061999134723643,-0.28429745166571135,-0.4324943841727061,0.6440532021673256,0.8827398102978548,0.9250806885073912,0.9354393193118493,0.9091538025144866,0.8127037537869547,0.9051890041092348,0.9265076842075847,0.9263354640933423,0.7561264077305168,-0.12842036811375823],[0.997444516892581,0.993001139979434,0.9905160483826012,0.9977629285326935,0.9989991249731105,0.9869357595306033,0.9998782475140507,0.9992146948385253,0.9758670594724311,0.9996534817569157,0.9728937694276374,0.9995864901896513,0.9992702856489091,0.9992233613880354,0.9993725454686645,1.0,0.9978255106800674,0.9998235809687624,0.9994730776810251,0.9994784638138152,0.9997234699841299,0.9994695343376555,0.9905024115535895,0.9752725491965585,0.9931084467798399,0.9507315333014953,0.9927384550598058,0.9894120665525091,0.9730388747218373,0.9475417371395788,0.9919808144793336,0.9925812628772556,0.9927273016996423,0.9723518795893663,0.9992128891178842,0.9997026772494984,0.9996708106726769,0.9995044723600632,0.9995033875764172,0.9997469327907337,0.9987519241352258,0.9995278010505877,0.9994627232175443,0.9992141091696753,0.9820054483024125,0.9277871260624899,0.7279406293640528,0.9394288150579986,0.9257642454612657,0.8124897167083011,0.9583717025502031,0.9430829732375366,0.9605131247523789,0.9574564103002947,0.9495255949127499,0.9819795537082123,0.9796618536167856,0.991293876244339,0.9965212679269191,0.9451625842065342,0.9592301826946796,0.970458948638323,0.971290150684244,0.9722543449522207,0.9461705446410964,0.8971980401069427,0.9492141512836687,0.9572671152145145,0.9360059535205969,0.8837363590563078,0.9643105051090141,0.9353843097300534,0.964998688802867,0.9457339066591115,0.7563074967613609,0.8401060648389169,0.7684509949067988,0.8571000943558816,0.8808813143922972,0.8849361335828794,0.8654972386640237,0.8769802616757901,0.2915446766731556,-0.603011686029739,0.9611240777223437,0.9428563870574505,0.942275156030606,0.9481275972083039,0.9579804210903686,0.9683092993697815,0.9683906360869007,0.9271591756192312,0.9644425484357722,0.8346841447438376,0.669294738572453,0.9173270480435664,0.9278866221398453,0.7633178247025612,0.9264233463432257,0.9455486694787917,0.8206809021422197,0.9682513292560901,0.834385203973459,0.606266637841