var config = { responsive: true }

var correlationAdjClose = {"data": [{"type": "heatmap", "z": [[1.0, 0.9999923382175787, 0.9839929082660994, 0.9999204708014026, 0.9988279583504456, 0.9888775518502193, 0.9973753712469087, 0.9950086602741973, 0.9952964177450803, 0.9796538018622805, 0.9913365884133348, 0.995160936893981, 0.9943397269887777, 0.9950662294917014, 0.9952171948614211, 0.9964008124442245, 0.998038228989945, 0.9958232285299373, 0.9958431858506818, 0.9958579535114682, 0.9951134088178046, 0.9849094809048368, 0.9677400851261388, 0.9872016179375145, 0.9859941529253736, 0.9783493555693418, 0.9617610166965722, 0.9398823430081512, 0.994595321402713, 0.9947429442246531, 0.9917566456054849, 0.9746144353816787, 0.9972862047886285, 0.997602563686149, 0.9969392189096619, 0.9952292660026675, 0.9946491562614111, 0.997440729443594, 0.9975084996728989, 0.9986233433870809, 0.9972230612997751, 0.9972401836287063, 0.9759934340053503, 0.925872343349, 0.7612182576269053, 0.901128017981926, 0.9144263919380684, 0.8492738875663812, 0.9702475320139486, 0.9444849977814239, 0.97139892126464, 0.967572861847711, 0.9624760968858961, 0.9863873393210848, 0.982742765136484, 0.9832379126147478, 0.9758497817474875, 0.9851900982243988, 0.9824275824327926, 0.9858518936450161, 0.9856227599696165, 0.9632386514375044, 0.9648817838282958, 0.9705765922647192, 0.9702667296565888, 0.9416638462918195, 0.9743074872810032, 0.9728073563825805, 0.9811891192486065, 0.9802677909245844, 0.9340773748881173, 0.8520092739731578, 0.8201021788900066, 0.87077944808907, 0.8999109799334787, 0.8939604206303299, 0.8984129930840677, 0.8972024294603647, 0.6073502630309305, -0.5169160879763588, 0.9751203716827044, 0.96474688098206, 0.9613935340962448, 0.9841877201482333, 0.9427028240881663, 0.9803913279900384, 0.9803715121882355, 0.9423160489560806, 0.9807387135137106, 0.9470460430368001, 0.601093931700056, 0.8390388839213812, 0.910635634715721, 0.11898032649489985, 0.9150994556444344, 0.9366487353657698, 0.8064692041405362, 0.9543879318122126, 0.8963118535410391, 0.6689421662834868, 0.4772440295578889, 0.8919787623647614, 0.8612280706536162, 0.8880834665039004, 0.9658042920362474, 0.9661068971308804, 0.7377477221240352, 0.6980988128177722, 0.8284523748987632, 0.32723951948308355, 0.7946913731008379, 0.8326670555467328, 0.8190582017353776, 0.8173131716787378, 0.7342896061103973, 0.7373776236296119, 0.716801267196579, -0.229100485193683, -0.3625347722241543, 0.6154564735984749, 0.9007939951528856, 0.9470004125229108, 0.9505622331550548, 0.9197648128160227, 0.8279214881174679, 0.9182980317694902, 0.9404647459255737, 0.9402250653137375, 0.8754371792365984], [0.9999923382175787, 1.0, 0.9805277124634925, 0.9997502151679424, 0.9972297458261455, 0.990002201746137, 0.9923826233118835, 0.9874174055905673, 0.9874647965728702, 0.9656055699486455, 0.9901157544675597, 0.9877067959959263, 0.9874981499121337, 0.9875528480858098, 0.9876598470719842, 0.9929091566899965, 0.994701677763164, 0.9912387069468542, 0.991243147849884, 0.9875486818007335, 0.9876197967534134, 0.9866880478104637, 0.957983143565646, 0.9824201492494058, 0.9819961438598848, 0.9782286131341068, 0.9692048954905611, 0.9013490973790014, 0.9880016317852287, 0.9832086846794462, 0.9757182408095592, 0.9091528294898433, 0.9942511896646298, 0.9940458901208484, 0.9943554687958378, 0.9889859744980884, 0.9936906621821298, 0.9943342326463968, 0.994682096942037, 0.9963947003859313, 0.9943654531276594, 0.994375526512204, 0.984337301433436, 0.9254493841310877, 0.6426977951488384, 0.900822821282032, 0.9145063600632791, 0.8493710804418528, 0.886834664159358, 0.9136827859189937, 0.8907740119520187, 0.9041939586998894, 0.8856271320129058, 0.9565089222701879, 0.9563945024650445, 0.9712466214596502, 0.9758889929700764, 0.96873673044011, 0.9683321554406911, 0.971809505800388, 0.9717066752208322, 0.9287735878672335, 0.9371996385422804, 0.8983211220876078, 0.8981922778804406, 0.7806640882242452, 0.9657492318695113, 0.9683312724931059, 0.9686551241544907, 0.9680150194934936, 0.9242529876906652, 0.6143267993305208, 0.5523022628367118, 0.7160661207645913, 0.8192944780074178, 0.7396623713921454, 0.7820913293437093, 0.7804267236489602, 0.5424541795204347, -0.26853333369931287, 0.9508651728434286, 0.9591526750663831, 0.9505238584767336, 0.9723437174724164, 0.9247432041442479, 0.9561921937823091, 0.9550873905520353, 0.889178168438451, 0.9597222012453147, 0.8961898319084326, 0.3917499881865538, 0.8385567971522252, 0.8401720666912045, -0.26210511208246307, 0.593633888532263, 0.7022604807299061, 0.6165030778755605, 0.9500462968022393, 0.6367950457805798, -0.18986224303102373, -0.08459793402697524, 0.6035736273124913, 0.6121342121152227, 0.6589126560033646, 0.9518522935593248, 0.951656026254461, -0.1114868232805707, 0.11664242907762812, -0.03126386605678826, -0.06271160314535056, -0.035219937715648325, -0.019010978800402378, -0.05017117162138206, -0.0889021287230802, 0.29182992824618703, 0.04625198992810124, -0.0003545466597164651, -0.45840147803123843, -0.48707673051992917, 0.6159854703450737, 0.7422378350440707, 0.7641946935338408, 0.8276928548006086, 0.8211428622738275, 0.5229405045773133, 0.72920385195645, 0.7628214198659256, 0.761408485959687, 0.4130700136951381], [0.9839929082660994, 0.9805277124634925, 1.0, 0.9854577340276827, 0.9923742552383471, 0.989369914753436, 0.9906091689424299, 0.990935888887116, 0.994258099963636, 0.9531932061722155, 0.9967118144781894, 0.9908419341535979, 0.9927986911018111, 0.9910011214463855, 0.9909109246813496, 0.991469102899429, 0.9897755093682411, 0.989445830633641, 0.9894190380099244, 0.9927602888573264, 0.9908707364191588, 0.9929959028635775, 0.9776912289906262, 0.9903124156427784, 0.990692091437056, 0.9763532581118743, 0.980696486812307, 0.9436445713213945, 0.9737484691296484, 0.9770358104967222, 0.9783162996138055, 0.9496914980628473, 0.9878367723364067, 0.9909595073300158, 0.9891415728500187, 0.9929987763619414, 0.9943590048283265, 0.9919576859222489, 0.987202975683315, 0.9874123974842255, 0.9881098821764054, 0.9874696782901925, 0.9900171407248826, 0.9255967035945044, 0.7031088104918045, 0.9283148215658384, 0.9022339053616825, 0.7521517917827815, 0.9312702348010716, 0.8994580134636684, 0.9324360192303971, 0.9274335929831052, 0.9199811564922732, 0.9536951220851834, 0.9604783961561705, 0.927581944122452, 0.9428984517296696, 0.9508589099418284, 0.9560460931555743, 0.9515757424241608, 0.9258602486643286, 0.8884934430545085, 0.9201414747793172, 0.921516246853474, 0.9054852730633881, 0.8546177106200168, 0.955894916743101, 0.9329270663732673, 0.9514606284158944, 0.9296249394022782, 0.7523279853203213, 0.7879038207477703, 0.7262842444378758, 0.8084766792659124, 0.8571516139049166, 0.8535925502779982, 0.8273802991433968, 0.841017184507379, 0.2802599682427152, -0.5227719796964505, 0.9411193926237958, 0.9089565981840373, 0.9151123482629449, 0.928220732836991, 0.9073622271451991, 0.9471657087453336, 0.9468966678427707, 0.9039538280134443, 0.944121424719927, 0.8242881443695693, 0.5699295074674372, 0.9215987899475971, 0.930310371620965, 0.03804386427225272, 0.8936970420213589, 0.9181697276039875, 0.791644247258215, 0.9760815134329187, 0.7788999716868851, 0.5780894881118702, 0.39996375407973567, 0.7852692062448507, 0.7857885670727404, 0.7736705212703738, 0.9800419436513028, 0.9801285194896083, 0.654957105774241, 0.6298179260928554, 0.7161100546281803, 0.25384106404409934, 0.6885273846341232, 0.7124718878118138, 0.7278742414396587, 0.7089321630883358, 0.6846684236739903, 0.6607521630091073, 0.6380972612050638, -0.30692270511181463, -0.4396308738541995, 0.5638199940729172, 0.8593644992106707, 0.8974286026960003, 0.898170859302617, 0.8920546294830334, 0.7563927137209041, 0.8715760338649062, 0.885901272101765, 0.8949106933618822, 0.7402146300617551], [0.9999204708014026, 0.9997502151679424, 0.9854577340276827, 1.0, 0.9991507427508974, 0.9897593260085902, 0.9977508735089977, 0.9955675677572831, 0.9959661802781128, 0.9794138640651004, 0.9930068747190857, 0.9957021432172326, 0.9950943034301879, 0.9956232947440155, 0.9957503625911499, 0.9969346385429868, 0.9983866556642271, 0.9963098009637683, 0.9963269198454737, 0.9964355379643892, 0.995657164428063, 0.986216638695264, 0.9690855010107301, 0.9883551058379576, 0.9872587486801561, 0.9812096653727053, 0.963931278834961, 0.9411107327408988, 0.9941546787493198, 0.9944807298519003, 0.9919456784135868, 0.9743627179522251, 0.9974762958805031, 0.9979552103305231, 0.9972859373294831, 0.9958393089322625, 0.9956296031229726, 0.9978329069608506, 0.9976448105978502, 0.9987663284950412, 0.9974032007091779, 0.997416639527116, 0.9778304524203941, 0.9216338225656604, 0.7549086532667394, 0.9018107570094465, 0.9111842649637228, 0.8385035593027959, 0.9674215907671224, 0.9410445703724916, 0.968457472710701, 0.9649636463895045, 0.959711081667288, 0.9843473767785463, 0.98124026987865, 0.9812923690566027, 0.9736977915881976, 0.9834578001073343, 0.981382163725974, 0.9840398527196833, 0.9838110031378726, 0.9481086237429366, 0.96302796677573, 0.968789833482602, 0.9684825843394739, 0.9345005458903204, 0.9733879250646518, 0.9687380234054143, 0.9791879626602109, 0.9782281972927476, 0.9030364916610177, 0.8497222797887672, 0.8149854838278833, 0.8681535794294049, 0.896022880074625, 0.8929392413967505, 0.8951374159660396, 0.894009642410836, 0.5002965371734548, -0.5171985452609377, 0.9736925440650498, 0.9619839618750131, 0.9588140409728345, 0.9822505105727021, 0.9410779536734666, 0.9791422842785069, 0.9791272213468059, 0.9408479170782744, 0.9787794950688218, 0.924406072607118, 0.6070873463149488, 0.8491331877652001, 0.9152965523568198, 0.11873051649073887, 0.9168773436191451, 0.9381755263722615, 0.806898770310988, 0.9559690949550846, 0.8902273184251099, 0.6660307289422597, 0.47493464325014306, 0.886991450394164, 0.8577785142523333, 0.8827570675732078, 0.9669805990865773, 0.9672911009971513, 0.7369735679897995, 0.6985728704887167, 0.8205804427670436, 0.32955030372902255, 0.7892225135689215, 0.8245086148980957, 0.8109762873152758, 0.8121400379913377, 0.7374657208013764, 0.7376471466250905, 0.717133149890423, -0.22448286601476283, -0.361759554877984, 0.6132739541933907, 0.8990110837006227, 0.9453680977318767, 0.9489644646870387, 0.9188150433367912, 0.8251965642225471, 0.9164658301434768, 0.9384047205509743, 0.93832063103332, 0.8677252718157098], [0.9988279583504456, 0.9972297458261455, 0.9923742552383471, 0.9991507427508974, 1.0, 0.992374105236301, 0.9990455668378914, 0.9981766369619868, 0.9982321824403345, 0.972429412423858, 0.9974244428513864, 0.9982313676502693, 0.9979740212190289, 0.9982127842054384, 0.9982813182332121, 0.9985385340868778, 0.9991417235949006, 0.9986323454987157, 0.9986368832086056, 0.9983117362725789, 0.9982162676853544, 0.9932171631326455, 0.976733501232685, 0.9932797649621432, 0.9931858021402139, 0.985386381457968, 0.978508358776293, 0.9443786011632587, 0.9907900462810854, 0.9929543338742339, 0.9899144231386212, 0.9650346933448863, 0.9989678152667427, 0.9989926054667048, 0.9989756040304862, 0.9983430149832188, 0.9985329376058196, 0.9990739522773527, 0.9991357674535378, 0.9991003435285388, 0.9989502869420602, 0.9989521143643888, 0.988454083767522, 0.9314620212253745, 0.7306088563299501, 0.9185194267765847, 0.91386723262806, 0.817508277240085, 0.9520394741191762, 0.9267762471481906, 0.955626214695736, 0.9561638960226024, 0.9508229792673925, 0.9802857356497785, 0.9802106557464605, 0.9765220251191762, 0.9666376452905784, 0.9775297834682648, 0.9762520709877364, 0.9778415733555911, 0.9775578383265509, 0.9494765963813732, 0.9513988873984727, 0.9474664376063844, 0.9470738858837064, 0.8967004152385932, 0.9697312562215513, 0.9664651525762668, 0.9735937385272846, 0.9725633965844099, 0.9275061034648381, 0.822416978269702, 0.7732189360935191, 0.8482378903237812, 0.8968142671808981, 0.8764936449554929, 0.8858347756244667, 0.884758425194911, 0.6569085525539208, -0.5899491133624916, 0.9653460622057575, 0.9476690224740468, 0.9461954259213465, 0.9778185484460251, 0.9217144704795671, 0.9703667914789665, 0.969884283031228, 0.9279945670516854, 0.9726165891833717, 0.9327458317676806, 0.5919650360884574, 0.8755848442110711, 0.9369156345728669, 0.012073324245717698, 0.8914390360024662, 0.9196917187777559, 0.8001240831573232, 0.9622794727119991, 0.8771324943603069, 0.5201201877253299, 0.35304199885479853, 0.8641640208149028, 0.8143325394055783, 0.8652563420327951, 0.9716572819415482, 0.9719026293134424, 0.6881666750655131, 0.6774977217764395, 0.7327883143436668, 0.30200101918975847, 0.6656391359897215, 0.7387579345173276, 0.7141536799691921, 0.6944736274732072, 0.7195549981874889, 0.7188690156114261, 0.6973078824983399, -0.45405441381985373, -0.5278183614682159, 0.5992124212439749, 0.891088112499957, 0.9286721653897693, 0.9395517502501041, 0.9147256074519566, 0.7992628512907912, 0.8969743119097214, 0.9217921935595714, 0.921246090405916, 0.800530566301902], [0.9888775518502193, 0.990002201746137, 0.989369914753436, 0.9897593260085902, 0.992374105236301, 1.0, 0.9893302588068338, 0.9890408464309036, 0.9884117603401718, 0.9662157449772586, 0.9781206409453879, 0.9890126868208756, 0.9900440359129823, 0.9891046324217085, 0.9892018218575864, 0.9920215250871454, 0.9902157556459146, 0.9899766332148366, 0.9899549258904798, 0.9878351200901717, 0.9890390369729847, 0.99619189417415, 0.9908932967024024, 0.9884694365814206, 0.988134222017844, 0.9641237478930621, 0.983617363473217, 0.9642949757829338, 0.9751524237394986, 0.9786024985287455, 0.9868893300220608, 0.9740014697789389, 0.9893564920837771, 0.9894754121066508, 0.9902897520319048, 0.9900539427212022, 0.9815467999841156, 0.9901466547125364, 0.9896839145044379, 0.9897161348545983, 0.9894528042433532, 0.9894282094901254, 0.9941638459888317, 0.8861392646619248, 0.7405208769765893, 0.876505617091345, 0.9139610924622947, 0.8481853265762719, 0.9412787571626616, 0.9140539418561288, 0.9428569634393503, 0.9491957000323035, 0.9396379992386149, 0.9650169469965115, 0.9694610111372735, 0.966007659152479, 0.9769808585337368, 0.9673306041710769, 0.9789365717205888, 0.9673118317055982, 0.9667681116496363, 0.9644623242352386, 0.9568534119160679, 0.9428478922547405, 0.9423602987475954, 0.9270191299547678, 0.9755119589383723, 0.967813091541522, 0.9668618025300131, 0.9651456418185669, 0.9445010011485733, 0.8493273017840695, 0.8011878899919661, 0.8694932330113829, 0.8904711745184979, 0.8975303885039847, 0.8815115869750618, 0.879705550173116, 0.625593066657418, -0.48789284303799163, 0.972236447689516, 0.9659159981374581, 0.9629406181689614, 0.9672626814033052, 0.9405732008544253, 0.9730865903868878, 0.9728016345995217, 0.9500881587776455, 0.9626357486846466, 0.950024166078308, 0.6057752840995925, 0.8054056378160164, 0.9311294728144517, 0.11603096175186989, 0.9049904655190426, 0.9249179150883305, 0.8038073039433111, 0.9521235350021177, 0.8491709223352266, 0.6208461814208418, 0.4576499898578099, 0.8463930496754861, 0.8203511432274251, 0.8431460756498798, 0.9546372633706809, 0.9548084298661653, 0.7024383818682643, 0.6804208982407212, 0.7679250159412973, 0.33060584347178645, 0.743953968294933, 0.7736207039422782, 0.7592709043395929, 0.7617679312658129, 0.7255675744348508, 0.710853534279197, 0.6923896504195532, -0.2555774704543964, -0.3805463595330988, 0.6488204943442258, 0.8898953442347449, 0.9078017629184714, 0.9152666911513812, 0.9032658116591404, 0.8030626391331644, 0.8763330114875472, 0.899503493100173, 0.8993952558666821, 0.8454741683415189], [0.9973753712469087, 0.9923826233118835, 0.9906091689424299, 0.9977508735089977, 0.9990455668378914, 0.9893302588068338, 1.0, 0.9970366451885219, 0.9995112579915816, 0.9711990542348959, 0.9993850018960478, 0.998042903278915, 0.9990461277191423, 0.9989695917283521, 0.9987332071542829, 0.9980665754304617, 0.9998921529742256, 0.999217679443832, 0.999223754328512, 0.9996341288118654, 0.9991847876828881, 0.9906458524693083, 0.9735438873497787, 0.9835247722601711, 0.9921568629592611, 0.98453850088307, 0.9705770268635584, 0.9397028236651539, 0.9925311616267781, 0.9918110497640251, 0.9929547838014379, 0.9707339683726391, 0.9987700969785992, 0.9998071836141975, 0.9996033589285842, 0.9993680893058202, 0.9996216004339944, 0.9998391646727639, 0.9978061312168478, 0.9995968283700893, 0.9992378257483028, 0.9988278113668919, 0.9832852792361155, 0.9348640502987607, 0.7440125854971117, 0.9293116200000887, 0.920493380804126, 0.8055149350631992, 0.9608233199813466, 0.9401220873972764, 0.9617449629533796, 0.9595364271788421, 0.9549708301009131, 0.9821293542950025, 0.9800162504703479, 0.9372693823063684, 0.9522446079899768, 0.9669169878234531, 0.9672053486790274, 0.9688490862063751, 0.9378161417818678, 0.8833691084920695, 0.9406589316231273, 0.9531751479903826, 0.9299282282719847, 0.8695546044782778, 0.9583428788823135, 0.9258002841595885, 0.9601895821662595, 0.9374946283700698, 0.7168511657999105, 0.8168688454666335, 0.748733090833385, 0.8337045907127587, 0.864254743100683, 0.8676066147011738, 0.8484841337845317, 0.8610316106764471, 0.23523170526681664, -0.5531293208192615, 0.9552502637104139, 0.9299070413364955, 0.9307731830088657, 0.9399909417462692, 0.9218360178348012, 0.9639851903727159, 0.9641069773953478, 0.9186461776604004, 0.960071253733544, 0.8094009731653988, 0.5886060374811993, 0.8779336995353455, 0.9149926050595617, 0.09572268378291385, 0.9142851731803484, 0.9368134225511208, 0.8004388605259105, 0.9622653749283298, 0.8309454627214568, 0.6520646259911151, 0.45786075149232314, 0.8428043071751693, 0.8353608587705007, 0.8282636548536898, 0.9720070223260656, 0.9723138641489019, 0.7215774159447366, 0.6730199824509455, 0.7848976983375202, 0.2967788311458991, 0.7650618884168139, 0.7934839292252756, 0.7847052949314341, 0.7898705975138686, 0.714829412940323, 0.7229914327587676, 0.7006017162178336, -0.24481679320951177, -0.3892379520758706, 0.6188735105326258, 0.8914608900041927, 0.931129182494919, 0.9462392076435733, 0.917104455194437, 0.8224855445086322, 0.9153199913702305, 0.9374344227893961, 0.936773785311484, 0.7742638217537466], [0.9950086602741973, 0.9874174055905673, 0.990935888887116, 0.9955675677572831, 0.9981766369619868, 0.9890408464309036, 0.9970366451885219, 1.0, 0.9999835374213247, 0.9649141270285909, 0.9996087585859046, 0.999996845450594, 0.9996486241693997, 0.9999977375941308, 0.9999809869894056, 0.9962996148365307, 0.9991907261531654, 0.9998811378728066, 0.9998810228195458, 0.9999542176333804, 0.9999942978946206, 0.9908466119000732, 0.9743983312160682, 0.9913968713858552, 0.992641542888968, 0.9809512899797176, 0.9727233139963879, 0.9380683952307014, 0.9888664884908478, 0.994498065956647, 0.9916742040399931, 0.9673072322931816, 0.9994227197531873, 0.9994723261110479, 0.9996125420240545, 0.9996678922955771, 0.9986592467620554, 0.999376198928872, 0.9990901427681709, 0.998336103615693, 0.9994930309422559, 0.999352561376487, 0.9846171351976049, 0.9358877469922126, 0.7308726326867, 0.937211163243372, 0.9184119257194546, 0.7829053283404755, 0.9595585198688826, 0.9351611423177064, 0.9601387722552485, 0.9530961607924613, 0.948577065240367, 0.9802363255579143, 0.9767619283311052, 0.9311303187645471, 0.9451091612338586, 0.9582927357256764, 0.9625612384449412, 0.9607758106171699, 0.9357308473659605, 0.8710663945068942, 0.9338272005228556, 0.9448035619789329, 0.9236188964881545, 0.8530448414039088, 0.9540439996367297, 0.917560619370575, 0.9528985842451201, 0.9317304812762509, 0.6981500661963715, 0.8058731717306435, 0.7435413643611377, 0.8225758195879207, 0.8544921646420595, 0.8608314802256734, 0.8429093174670131, 0.8522454801655123, 0.21302566173477896, -0.5605166020332188, 0.9490226715335771, 0.9181087482575875, 0.9210756947246388, 0.937624062745292, 0.9133516294496504, 0.9579952499925389, 0.9581372214481002, 0.910188069880901, 0.9509314679010966, 0.7925515491499675, 0.5829071468736112, 0.9020705947097823, 0.9282939739435974, 0.081101089988681, 0.9132377921595181, 0.9361427458643576, 0.7975396399164077, 0.9672847759773784, 0.8353153845235236, 0.6381609947631045, 0.4443418475214029, 0.8445845259878506, 0.8324882199986375, 0.8322504478359606, 0.975248019750253, 0.9755558218680077, 0.7112166497706047, 0.6635179200975486, 0.7874279552567106, 0.28080313500316056, 0.760030112535389, 0.7894545456932625, 0.7864970215721159, 0.7845762445064947, 0.7067763005571093, 0.7163038380300915, 0.6931712696092539, -0.2626697413318339, -0.4061782766316258, 0.5981268446897879, 0.8825904360611063, 0.9290863190437137, 0.9385171881592559, 0.9105060437638519, 0.81069068096298, 0.9088402089254071, 0.9311669040624015, 0.9307722427014468, 0.7532839570010569], [0.9952964177450803, 0.9874647965728702, 0.994258099963636, 0.9959661802781128, 0.9982321824403345, 0.9884117603401718, 0.9995112579915816, 0.9999835374213247, 1.0, 0.964194459571982, 0.9996080069144295, 0.9999810025033452, 0.9998274427410884, 0.9999895220113938, 0.9999966709516588, 0.9989486159513564, 0.9991690975909692, 0.9998121758312629, 0.9998116233030748, 0.9999656477316908, 0.9999822110669061, 0.9934724716675865, 0.9754157162278242, 0.9946959857938119, 0.9948640119991375, 0.9810004056804478, 0.9768293549820376, 0.9391077998967492, 0.9893862721452739, 0.9935705253917785, 0.9886137392891032, 0.9626242590524869, 0.9993316644053808, 0.9994127590172205, 0.9994086899109406, 0.9998277664288892, 0.9986710218177782, 0.9993686962509004, 0.9993073746730282, 0.9983533541526378, 0.9993244431615556, 0.9993191340505434, 0.9888815011212919, 0.9358939420735043, 0.7317878533497861, 0.9371601290927625, 0.91843326254195, 0.7831104533223872, 0.9475790047991562, 0.9216981653149934, 0.9507153170758992, 0.9505032839336306, 0.9459066163677822, 0.9774584245033253, 0.9769127160478762, 0.9645382732626028, 0.9456504187492655, 0.9654653997478673, 0.9626541948658387, 0.9658792252365148, 0.965502929740296, 0.9351836992377055, 0.9331257823527928, 0.935671712322505, 0.9352437250824008, 0.8837469986565062, 0.954440916140982, 0.9557728489207169, 0.9621576419393941, 0.9608343151264189, 0.9129027119778879, 0.8050927130201341, 0.7499443905652968, 0.8219261625859181, 0.8760332159287575, 0.8589069160001249, 0.8669157097097362, 0.8658919234182119, 0.599436605463109, -0.6245948106751907, 0.948983152382191, 0.9181485958203797, 0.9211548781732793, 0.9660470347143791, 0.9039498980828884, 0.9574773945458814, 0.9569031871374784, 0.9110722065005213, 0.9599993523087857, 0.9161418456222198, 0.5809555860260923, 0.9018493664923216, 0.9436211718140913, 0.021319003747296388, 0.8980639432141522, 0.9255795431105545, 0.7965979109674755, 0.9658847105486837, 0.8837576242515348, 0.5457964892059155, 0.3757530918192866, 0.871317286687401, 0.8226969333685711, 0.8730775588482861, 0.9751917384630097, 0.9754848226080857, 0.7090864994664552, 0.6606631024180192, 0.7490377045633239, 0.27841221340790845, 0.6839799204127964, 0.7545500781276305, 0.7319106925268644, 0.713006585453029, 0.7043150812261544, 0.7130791327838268, 0.6899134356079747, -0.5048953766232763, -0.5803975320480387, 0.5983886089187116, 0.8814670135284416, 0.9275471590091505, 0.9395156582191284, 0.9095158597552677, 0.8054225856576996, 0.8969000708595981, 0.9207452638074252, 0.9201763175387115, 0.8092987848961349], [0.9796538018622805, 0.9656055699486455, 0.9531932061722155, 0.9794138640651004, 0.972429412423858, 0.9662157449772586, 0.9711990542348959, 0.9649141270285909, 0.964194459571982, 1.0, 0.9480320713622097, 0.9653183365604149, 0.9641911247672753, 0.9650388619451271, 0.9645802149915098, 0.9663048263204843, 0.9743111111562552, 0.9698031768627664, 0.9698061523493599, 0.965093575581033, 0.9651661813924078, 0.9651797703603318, 0.9511148752666999, 0.9722455711169072, 0.9700724269041233, 0.8809995266470352, 0.968651791844243, 0.9490589459100827, 0.9747882490560137, 0.968459491815455, 0.9686570244236795, 0.9328638810924772, 0.9736484707524689, 0.9731991005236568, 0.9737040435065418, 0.9653886219254525, 0.9564017471889862, 0.9726724213359464, 0.9735043695282614, 0.9768479152059111, 0.9738443953673954, 0.9738620117472637, 0.9555193347918772, 0.8411464775921511, 0.552246046677247, 0.7796519138005664, 0.8921429505223217, 0.8787157211493135, 0.9018343833384862, 0.8215289866490445, 0.9063583061741394, 0.914506245811899, 0.903521079233611, 0.9299782782079649, 0.929826976581069, 0.9440006407838947, 0.9353427548954393, 0.9548028288584204, 0.9481230928473636, 0.9530259987050346, 0.95303440335129, 0.9130030426183764, 0.9515054538042653, 0.935017457366347, 0.9346995645053034, 0.8513835759276656, 0.9356809439617179, 0.9440144951163204, 0.9370188301277067, 0.935963646283921, 0.8872578639194961, 0.8129917032898518, 0.7679943558969421, 0.8577027233280605, 0.9116841970191888, 0.8820003330395471, 0.8968676519174829, 0.8961210234999197, 0.6993864924859674, -0.3047523550867501, 0.952824889428081, 0.9536804000621063, 0.9456764333815516, 0.9459070305272962, 0.9030912726230891, 0.9541384252692274, 0.9540083712009549, 0.9000368666348948, 0.9563272472996105, 0.9056780087114445, 0.6961203688714094, 0.6542279283616921, 0.8605431022205223, 0.05640433197152854, 0.846701472450377, 0.8858123589434123, 0.8712666191137329, 0.9478070580942424, 0.9046734837879237, 0.4498140041016077, 0.4061642777552495, 0.8970328435994851, 0.8720199335501262, 0.9031906946153666, 0.9481654579308808, 0.9485195739416076, 0.5371391300709204, 0.7003058855110765, 0.6134504640250343, 0.4825472796989107, 0.5713119509251069, 0.628205324898386, 0.588751228915954, 0.5652973861182798, 0.8001531661069504, 0.6771833725811085, 0.6417243742506757, -0.2738288791034431, -0.31935045157404357, 0.7427557404485063, 0.9164383049609212, 0.922551593136887, 0.9089468777318067, 0.9412925038998537, 0.6516303901973385, 0.8391612021658431, 0.9085762416204869, 0.9076962121980972, 0.6910133280177098], [0.9913365884133348, 0.9901157544675597, 0.9967118144781894, 0.9930068747190857, 0.9974244428513864, 0.9781206409453879, 0.9993850018960478, 0.9996087585859046, 0.9996080069144295, 0.9480320713622097, 1.0, 0.9996418581614012, 0.9996170256215836, 0.9996254731919458, 0.999634332964321, 0.9993589153972187, 0.9988531505824806, 0.999950181402049, 0.9999511843663472, 0.9996242667559262, 0.9996354550629194, 0.9890944203794992, 0.9532698614975115, 0.9901991866559522, 0.9914472061461184, 0.9861976892268879, 0.9669977162609436, 0.8864767129119293, 0.9881933113002828, 0.992151181528847, 0.9711442626217467, 0.8912113602263732, 0.9990966398895976, 0.9991694754026904, 0.9990882683944609, 0.9994325267433726, 0.9993592959360985, 0.9991094584507003, 0.9989611419011434, 0.9972299862291923, 0.9990638333925785, 0.9990607303968617, 0.9887106220677406, 0.9298213487364984, 0.5970577160282787, 0.9322134782708419, 0.917793434338103, 0.7881031094684955, 0.8655418124348035, 0.8901650030137866, 0.8712254696655624, 0.8778607022033236, 0.8623200278256722, 0.9503213712085575, 0.9502400491502048, 0.9452191893113655, 0.9478730685682422, 0.9357329349781519, 0.9381389251591221, 0.9407617304441336, 0.9405431076149535, 0.8853716249453067, 0.8969684688578761, 0.8504153295387604, 0.8502053282640893, 0.7159695395353523, 0.9409951831777498, 0.9447232937429256, 0.945017861232075, 0.9442828221878242, 0.8877998042856869, 0.5585041225063524, 0.4922103240257634, 0.6599161826142655, 0.7713019167686979, 0.690309996557547, 0.733865393096322, 0.7328884077515656, 0.47933318615273834, -0.39813529412860044, 0.9107521588798515, 0.9224155427144753, 0.9103781197793535, 0.9469335321497966, 0.8770246924135807, 0.9175283609528253, 0.9160955053406133, 0.8377281569383429, 0.9225345600188131, 0.8465762741487215, 0.4539257940958183, 0.8974069654784671, 0.8955585139411517, -0.2474832602037058, 0.6431919170224497, 0.7402980760289714, 0.6312414524984022, 0.9673678181644412, 0.6500226729373068, -0.1379740780521573, -0.057543770908138545, 0.6217956306041835, 0.6270223989466159, 0.669360639518934, 0.9687688593493972, 0.9688231848289195, -0.04783614922302237, 0.1724061737112006, 0.03436322172808594, 0.0015661127892207813, 0.027834815503779375, 0.046901618062836124, 0.014390067539918068, -0.031331623454159435, 0.35286065330212096, 0.09308343151621747, 0.04261634781974751, -0.5292188582589433, -0.5577613628326138, 0.5985474082512169, 0.732881220752322, 0.7558362006008926, 0.8218092226027303, 0.8191455057843126, 0.5001908660539838, 0.7166178711345189, 0.7539610691116352, 0.752636972805512, 0.4002371885879205], [0.995160936893981, 0.9877067959959263, 0.9908419341535979, 0.9957021432172326, 0.9982313676502693, 0.9890126868208756, 0.998042903278915, 0.999996845450594, 0.9999810025033452, 0.9653183365604149, 0.9996418581614012, 1.0, 0.9996348909590724, 0.9999976187742581, 0.9999840046773294, 0.9969603393360691, 0.9992493267816899, 0.9998931793964698, 0.9998931504547155, 0.9999622012709611, 0.9999947530885605, 0.9907655504866959, 0.9742880316148782, 0.9920478848717494, 0.9926096333572286, 0.9811951722003527, 0.9725708497772313, 0.9381114248054386, 0.9897439243726567, 0.9945412923087703, 0.9917382463726166, 0.9674428033977349, 0.9994640808391907, 0.9995166168237128, 0.9996466100630751, 0.9996705220640969, 0.998756796595293, 0.9994231068848124, 0.9991281357166877, 0.9984248388473943, 0.9995358737293453, 0.9993947756562032, 0.9844411328929815, 0.9361266739218139, 0.7315506508387872, 0.9370833727377672, 0.9186561662555043, 0.7841091054665296, 0.9598575577797998, 0.9355683901852717, 0.9604468332524411, 0.9534518320386852, 0.9489485959950958, 0.9804629993478827, 0.9769360784207329, 0.931488083558269, 0.9454099405167078, 0.9586583514898718, 0.9627720607892258, 0.9611317295515047, 0.9360205611942263, 0.8713694218024267, 0.9341859475497253, 0.9452663123365382, 0.924079433394189, 0.8535710755749027, 0.9542086454888747, 0.9178527896082327, 0.9531901899230337, 0.9320703311322853, 0.698396472001443, 0.8064477958510339, 0.7441334446587747, 0.8231466846728147, 0.8549219734928601, 0.8611758137383736, 0.8433814427682138, 0.8527459904897058, 0.21346994451251386, -0.560295117395757, 0.9493218639431275, 0.9186834521159604, 0.9215294864940603, 0.9378976238709321, 0.9137150204462289, 0.9582880201675302, 0.9584291056147921, 0.9105236990677066, 0.9513217572949594, 0.7929272977770402, 0.5832140646548083, 0.900989570297845, 0.9277444415772989, 0.081858212214289, 0.9133244946370751, 0.9362216687292485, 0.7978459018117002, 0.9671114928033715, 0.8357337140649771, 0.6391182093380862, 0.4452256015111657, 0.8450292997032994, 0.8330146525418823, 0.8326558546488135, 0.975163511034271, 0.9754710711638233, 0.711877715592978, 0.6641671555397674, 0.7879708472261011, 0.2817468389680348, 0.7607069607959451, 0.7901086244001578, 0.7870450924121934, 0.785260904376488, 0.7072259544322388, 0.7167643514403664, 0.6936646003686036, -0.26159014511312734, -0.40519498148106026, 0.5988061537909982, 0.8830972033950444, 0.9294744596316051, 0.9390011904304942, 0.9109455349994665, 0.81123296100247, 0.9093664010004643, 0.9316803939463418, 0.9312717372228091, 0.7539445976740581], [0.9943397269887777, 0.9874981499121337, 0.9927986911018111, 0.9950943034301879, 0.9979740212190289, 0.9900440359129823, 0.9990461277191423, 0.9996486241693997, 0.9998274427410884, 0.9641911247672753, 0.9996170256215836, 0.9996348909590724, 1.0, 0.9996714969233036, 0.999655777897546, 0.999062334022909, 0.9987265161546266, 0.9994458032611514, 0.9994399920338786, 0.9996501023935482, 0.9996255809662027, 0.9927178616292305, 0.9759023837403878, 0.9954798327291905, 0.9953723039801337, 0.9809984353647923, 0.9754118449276665, 0.9406969362461219, 0.9889438904022706, 0.9925850381201152, 0.9908125917056108, 0.9650252443884217, 0.9987453161977711, 0.9990483151137046, 0.999237056085696, 0.9999228333983554, 0.9986971699763485, 0.9990016923445866, 0.9985583806192351, 0.9976919622241299, 0.9987353022703125, 0.998659713842982, 0.9883673910343023, 0.9361091046896306, 0.7276941870918111, 0.9372431984447929, 0.9185759642588597, 0.7833690316740233, 0.9560350427745689, 0.9284621542708666, 0.956891928044676, 0.9500873009891744, 0.9450468546271352, 0.9769319021026849, 0.9748693276964195, 0.9556899173371459, 0.9450257572696663, 0.9588791910531955, 0.9617997355603367, 0.9608726711945604, 0.960225290186686, 0.8754424354508112, 0.9308741713566242, 0.943507057541486, 0.9432933835820021, 0.851427118450534, 0.9543794198982453, 0.9302510657067371, 0.9550736398746149, 0.9536669951481304, 0.7024982384904281, 0.8031102898220259, 0.7668246144568301, 0.8204696911124734, 0.8563807029462185, 0.8600888651744375, 0.8513111261141169, 0.8517139722597441, 0.1970540594328894, -0.5549389842276901, 0.9481760205786275, 0.918312414980674, 0.9202605658312109, 0.958810661928978, 0.9135466921474088, 0.9568413085845145, 0.9569413348997995, 0.9098852827399319, 0.9516132726321667, 0.799797621774237, 0.5837098588254791, 0.9016162436759406, 0.9281247581763656, 0.07678287557677917, 0.9110486820116152, 0.9343180464497693, 0.7989258772420087, 0.9699094486516794, 0.8292022077523107, 0.6312036501756897, 0.44002731920922417, 0.8361294896101764, 0.8276759831141434, 0.8243149643350718, 0.9771932600013974, 0.9774536089709176, 0.7025021892618181, 0.6584834823968276, 0.7667039300198238, 0.2814289369462363, 0.7505794139913816, 0.7786623368595162, 0.755218138113945, 0.7740925520875561, 0.7047447747366248, 0.7061638002862043, 0.6833293449813972, -0.2685418939138723, -0.4105173359195903, 0.5983382164985046, 0.880877060224888, 0.9310523085143201, 0.9345384912345118, 0.9101470235039414, 0.8032581765088996, 0.9028874349026536, 0.9246865230925634, 0.9249144386596004, 0.7482877305636763], [0.9950662294917014, 0.9875528480858098, 0.9910011214463855, 0.9956232947440155, 0.9982127842054384, 0.9891046324217085, 0.9989695917283521, 0.9999977375941308, 0.9999895220113938, 0.9650388619451271, 0.9996254731919458, 0.9999976187742581, 0.9996714969233036, 1.0, 0.999988210102111, 0.9985689287378172, 0.9992106619691724, 0.9998849405962353, 0.9998844949918091, 0.9999563979272205, 0.9999920426716643, 0.9908855353970439, 0.9744550285275132, 0.9939414926559131, 0.9938037812440487, 0.9810950320271613, 0.9727689724485566, 0.9382609485023619, 0.992233523087785, 0.9948744806329171, 0.9916140369962889, 0.9672018112902608, 0.9994393370616436, 0.9994778350320185, 0.9996232441479371, 0.9996876703802642, 0.9987048143196735, 0.9993881933739691, 0.9991589670742853, 0.9983614158712167, 0.9995072300327, 0.9993700431541641, 0.9845987125452387, 0.9359639950371981, 0.730970239943767, 0.9371964987165525, 0.9185904776632617, 0.7834746771989831, 0.9596701945431316, 0.9353442466960352, 0.9602926524496138, 0.9530664841147949, 0.9485224748328415, 0.9802874431493775, 0.9767261895832269, 0.9315049093052248, 0.9452690961203355, 0.9585025134947467, 0.9626312095352285, 0.960967927295007, 0.9354082766079153, 0.8713221172622974, 0.9336599207864071, 0.9448841861225962, 0.9238859359942031, 0.8531891270516634, 0.9542199654790234, 0.9180035401839483, 0.9531566417288486, 0.932124013456738, 0.698572128640051, 0.8058128466999532, 0.743860072846704, 0.8225624474681464, 0.8546934758961843, 0.8607978410935619, 0.8430942681690405, 0.8524484539160624, 0.21340619945509956, -0.560175726965451, 0.9490910347319357, 0.9183802282107749, 0.9212906998360464, 0.935475773813045, 0.9136654533339543, 0.9580749931397005, 0.9582135196490957, 0.9103744354307522, 0.951141117892666, 0.7928696908844791, 0.5829845012609932, 0.9015594500244376, 0.9281283480324989, 0.08114158397567045, 0.9130953124274795, 0.9360315220127827, 0.7975469196080182, 0.9673018331857137, 0.8353837468915751, 0.6380435165853275, 0.4442716329157075, 0.8446366134628507, 0.8326651140188912, 0.8323117416447764, 0.9753029886096812, 0.9756067370602344, 0.7107508324687343, 0.6630935073120539, 0.7874366728834347, 0.28113805415852977, 0.7600284816503181, 0.7893942058425313, 0.786700426959389, 0.7844906792327442, 0.7066714494542924, 0.7154426474206967, 0.6923473052448321, -0.2624509157658176, -0.4059547315031217, 0.5985148559754921, 0.8825180571687434, 0.9292527444299411, 0.9386027740844105, 0.9105699007883459, 0.8105042361334627, 0.9090994159896137, 0.9312475899162225, 0.9309716913384983, 0.7534254595823402], [0.9952171948614211, 0.9876598470719842, 0.9909109246813496, 0.9957503625911499, 0.9982813182332121, 0.9892018218575864, 0.9987332071542829, 0.9999809869894056, 0.9999966709516588, 0.9645802149915098, 0.999634332964321, 0.9999840046773294, 0.999655777897546, 0.999988210102111, 1.0, 0.9985670851819226, 0.9992504477235438, 0.9998814431717101, 0.9998814651734659, 0.9999559390365521, 0.999976748795067, 0.9907990413764497, 0.974481090849607, 0.9923561345385793, 0.9924077523854612, 0.9812581189758861, 0.9725048171486919, 0.9382724338678894, 0.9922726763748279, 0.9944578037998885, 0.9914604349090479, 0.967102193404464, 0.9994818459386866, 0.9994652631690552, 0.9996142477881341, 0.9996782086238086, 0.9987277740964503, 0.9993955603060636, 0.999191647298873, 0.9984263300245945, 0.9995409067553658, 0.9994180675718128, 0.9843701022455675, 0.935788880140803, 0.7317318156796448, 0.9369470813272477, 0.9184916082777642, 0.7837982559372644, 0.9602323667244256, 0.9364756291781929, 0.9609220338076566, 0.9532591710513435, 0.9486883156070154, 0.9807837923263542, 0.9769268690777383, 0.932418514675631, 0.9458239267659897, 0.9589748158123681, 0.9628447245177695, 0.961445697276155, 0.9368105798459015, 0.871661919516393, 0.9333140149198721, 0.9452545324969498, 0.9246597762812835, 0.8532431322956765, 0.954683217902018, 0.9187810969143034, 0.9537724304357875, 0.9330822264496419, 0.6987663904330202, 0.8054156656979533, 0.7450404774268212, 0.822233935422912, 0.8548484495444802, 0.8604356627416577, 0.843754005259263, 0.8528661693122966, 0.21329623500297662, -0.5597886506135857, 0.9491979145266323, 0.9186084396799101, 0.9215252816668599, 0.9387494706330365, 0.9145204076945053, 0.9582830758794529, 0.9584164787949772, 0.9108497047577687, 0.9515784211027238, 0.793087097161106, 0.5816345562719805, 0.9013734049542345, 0.9278459026499939, 0.08063195915125335, 0.912600540298899, 0.9356032013023563, 0.7966318039261715, 0.966942722310243, 0.83638153315371, 0.6372874245783725, 0.4432974642670125, 0.8451770866973488, 0.833137687723734, 0.8330739014167522, 0.9750951826483915, 0.9753882462539518, 0.7094313539502388, 0.6610417823202168, 0.788511186055253, 0.2794653768418171, 0.7602974884774357, 0.7897702752528654, 0.7879644292323709, 0.784686251797686, 0.7052185053731137, 0.7132832143749431, 0.6901689611505648, -0.26189082982837464, -0.4055152912542816, 0.598619831651695, 0.881674265421601, 0.9298305483576587, 0.9391028935358477, 0.9098370089245489, 0.8107111837879618, 0.9101201477348878, 0.9318168471797966, 0.9317004855715125, 0.7533289580679392], [0.9964008124442245, 0.9929091566899965, 0.991469102899429, 0.9969346385429868, 0.9985385340868778, 0.9920215250871454, 0.9980665754304617, 0.9962996148365307, 0.9989486159513564, 0.9663048263204843, 0.9993589153972187, 0.9969603393360691, 0.999062334022909, 0.9985689287378172, 0.9985670851819226, 1.0, 0.9989229071298594, 0.9989396160141994, 0.9989375817064354, 0.9987636435551188, 0.9984575889555325, 0.9921941184255897, 0.9771867260665207, 0.9829789615791581, 0.989564018445433, 0.9876618519447528, 0.9744862281588809, 0.9458874308055726, 0.9933749532492963, 0.9932658390312091, 0.9905378374297935, 0.9674155879662232, 0.998782624878438, 0.9987376346195896, 0.9989635042412915, 0.9985856346437249, 0.9993586615585379, 0.9988706666536967, 0.9989066965212146, 0.9982741869909111, 0.9986586089541412, 0.9987333110608607, 0.9831737594917724, 0.9289542805952973, 0.7379201067758889, 0.9297228729962359, 0.921228788053251, 0.8020509911045631, 0.9637339564208928, 0.9407200534037188, 0.965018431259345, 0.9535401844893023, 0.9476369061663994, 0.9814751235902387, 0.9765810959468059, 0.9452930888392334, 0.9553163589124629, 0.9659744908568826, 0.9673396877882019, 0.967565540540268, 0.9486019571091938, 0.8837024587055536, 0.9372515845143581, 0.9502854624773962, 0.9358166501009874, 0.8643159390275357, 0.9610096225653367, 0.9325680667641219, 0.9614475413231676, 0.9459604340453325, 0.7167019349913896, 0.8132694786931153, 0.7629623168509198, 0.8313462818744216, 0.8675588183941101, 0.8676727165524477, 0.85491438