var config = { responsive: true }

var correlationClose = {"data": [{"type": "heatmap", "z": [[1.0, 0.9999817008357959, 0.5492381501206728, 0.9996934543052536, 0.9973450185087133, 1.0, 0.9904412820950906, 0.9858202240235299, 0.9910734337644, 0.9725849719602474, 0.9806236170387452, 0.9904876151735661, -0.14189249116772248, 0.9905555923431005, 0.990617801498991, 0.9933681626166758, 0.4906905384490744, 0.9916120117159921, 0.9916101787163661, 0.9833697199172677, 0.9904892563939951, 0.4442712720876892, 0.6475955492813167, 0.9769370768607648, 0.9769118793385744, 0.9551146720095418, 0.2906685192829542, -0.12697880277203327, 0.9898883657234038, 0.9898493388313054, 0.26594271325842467, -0.21255644788588687, 0.9934989302674279, 0.9944032964066174, 0.8026420268173418, -0.39461049096798967, 0.9866143422891728, 0.9941248524709682, 0.9940525930517959, 0.4735274480886674, 0.993697569123081, 0.993692678748614, 0.993697569123081, 0.8922606245868787, 0.6800318773718493, 0.8601466037406277, 0.8813939242160482, 0.7982655063008003, 0.39617440260323267, -0.12008306799974747, 0.1938728651667186, 0.9471369094171564, 0.4849613813417767, 0.9774967603649267, 0.971466732814821, 0.9109759691304461, 0.9033460984376341, 0.9300674107566538, 0.9031598857582036, 0.9266198775194725, 0.9275635210736152, 0.9266198775194725, 0.836020822031279, 0.9037139866167951, 0.9049381593295651, 0.9037139866167951, 0.8887846250067479, 0.7208522697148156, 0.8647399998198255, 0.8666721699529907, 0.8647399998198255, 0.6067269831396097, 0.3005379919960135, 0.5820930748385196, -0.5996972337024691, 0.4735777860300182, 0.5338423209919095, 0.5357803932394127, 0.5338423209919095, -0.09469949579266983, 0.8760416728487196, 0.9074185689092055, 0.8891095130020529, 0.9126062923186924, 0.49651553570983226, 0.8737473019549404, 0.8752910070715382, 0.8737473019549404, 0.8849670328596225, 0.8849670328596225, -0.1692790775709531, 0.5273810571269788, 0.20180258045931596, -0.5290390023993592, -0.5536480446651475, -0.5570234580390542, -0.018848221817443972, 0.042323124394997476, 0.2731017202639876, 0.16645605850857764, -0.3393460287840098, 0.07296412892947876, -0.79015394645552, -0.19329382508974133, 0.11024891332451803, 0.11071633911273483, -0.5293014703115462, -0.6090632390719486, -0.19337234250458443, -0.4733654835348902, -0.8303965876936458, -0.33243052307005894, -0.323785372888754, -0.33243052307005894, -0.17521272975620078, -0.23790772793621212, -0.23790772793621212, -0.8194057521257089, -0.8194057521257089, 0.4028306785495588, 0.6635622997790146, 0.876108730175443, 0.8547850626657936, 0.7934276093442865, -0.22860213882292463, 0.7727093487903576, 0.8132380521191306, 0.8133017769794538, 0.8132380521191306], [0.9999817008357959, 1.0, 0.9666562851102447, 0.9991529204811129, 0.9932135475348514, 0.9999817008357956, 0.9761973989167295, 0.9664350637911239, 0.9759610426234407, 0.9560186659967693, 0.9782719530595516, 0.9762510433239444, 0.9762079287620599, 0.976008508005393, 0.9752021546186675, 0.984346993331493, -0.21936409050375008, 0.9820569265826224, 0.9820259356331897, 0.9763260792427919, 0.9763158518224777, -0.16721811842100795, 0.9653758201177756, 0.968755545323457, 0.9688345782805416, 0.9555666345845015, -0.007409023366812107, 0.14240543049591112, 0.9747055756971442, 0.9747816827636914, 0.9703088078869724, 0.120006866535473, 0.9865638796673775, 0.9866624011082753, 0.9874826797425283, 0.97866607309876, 0.9848056437355482, 0.9865674750647437, 0.9872626361277127, -0.22641695042789803, 0.9875967843437373, 0.9875750132214806, 0.9875967843437373, 0.892286390966769, 0.5751792872542192, 0.8608748344866087, 0.8816893881765406, 0.7975229676541026, -0.4500158012995444, -0.5537398040960867, 0.8392045397886332, 0.8611441074669395, -0.15207052224393305, 0.9350941698703591, 0.9351488179138888, 0.916863400538224, 0.9275858949448904, 0.9035638347898919, 0.9032342507980337, 0.9106748243256454, 0.9114717335892396, 0.9106748243256454, 0.7607710982910527, 0.72012579923868, 0.722240714078272, 0.72012579923868, 0.9214554101696066, 0.9269724808426413, 0.921192101817052, 0.9225087019748234, 0.921192101817052, 0.4215032797951287, 0.36504205064158207, 0.4875274694670384, 0.5908161188554298, 0.46680764693472393, 0.5108710293021604, 0.5117191414686149, 0.5108710293021604, -0.2092519028167261, 0.8571278717036671, 0.8957819507088132, 0.8812589390899939, 0.9244299420945383, -0.019226944778675127, 0.8505256813476236, 0.8509386752221704, 0.8505256813476236, 0.8625130265858009, 0.8625130265858009, -0.2748917724004928, 0.5284557296091054, -0.3819600474035259, -0.6205042641726998, -0.46387597211842785, -0.467246924946068, -0.2871400871681038, 0.21055802743342142, -0.2017069672979308, -0.36943079593424305, -0.5516762767465676, -0.269470968814871, -0.5020524354996168, -0.3228910114554461, 0.0846082173377972, 0.07926418494418268, -0.4812104585845909, -0.4348446908413352, -0.4626653820598857, -0.4923338204102222, -0.48486162939458977, -0.46532271088373867, -0.46853024409257066, -0.46532271088373867, -0.35616771072610987, -0.4888078079103353, -0.4888078079103353, -0.4647042998091796, -0.4647042998091796, 0.40259782960084994, 0.4257191223341024, 0.5234708336935843, 0.6084632338273592, 0.5837500681210267, -0.3779180287113467, 0.3957638950927196, 0.3877160911565427, 0.3878290974158783, 0.3877160911565427], [0.5492381501206728, 0.9666562851102447, 1.0, 0.5421496280644665, 0.4212685975007158, 0.5492381501206727, 0.5392375814789381, 0.5267955246417679, 0.4298700555145413, 0.3674080028563126, 0.9965089731532311, 0.53925822415449, 0.5192213586892622, 0.5396180816039071, 0.542506396522915, 0.5796246173081594, -0.08116607452803326, 0.4810243965215833, 0.4809907535468738, 0.429904597748501, 0.5388950564048197, 0.20210501525377092, 0.6796205003993862, 0.5036753924295982, 0.503383877534315, 0.9815566211720044, 0.27441318334981085, 0.1814079049531506, 0.5065997686962448, 0.506086457646347, 0.7714783716549721, 0.005249275466502325, 0.5380348307278564, 0.4288845944102161, 0.5300921831120187, 0.37274415491880286, 0.9936970570917907, 0.415646126156656, 0.5414320847883319, -0.08678414849343882, 0.5540271799287388, 0.5368815735540109, 0.5540271799287388, 0.8999054103742233, 0.39287806780685824, 0.9031537096667351, 0.8680411927312638, 0.6494235573182441, 0.20182709068955604, 0.0018861695396292337, 0.06255227484641554, 0.4066340517555319, -0.06317856182962282, 0.49947404954312463, 0.428008382683576, -0.0833594738651145, 0.6657276892012447, 0.6278499625675891, 0.4513748051922704, 0.6339586120690557, 0.7047510049062266, 0.6339586120690557, 0.2959209436019237, 0.5283050728576372, 0.6351878804850196, 0.5283050728576372, 0.5309029671300576, 0.6119018058381376, 0.6495745028395536, 0.7266742077370246, 0.6495745028395536, 0.17563630639280095, -0.08108777429810828, 0.19482734325380013, 0.16146259430097862, 0.19397533602545416, 0.26562878916379606, 0.383372481751432, 0.26562878916379606, -0.16810364826727067, 0.40530051626166674, 0.790696289098997, 0.4924729329824602, 0.7215695830731726, 0.11745671605373077, 0.477151761603413, 0.47844574067284845, 0.477151761603413, 0.6147590468728651, 0.6147590468728651, -0.29936047289362366, 0.7103449145472445, -0.23434273232521896, -0.5061379342302342, -0.37354748509208513, -0.37666463027598557, -0.38168742190890625, -0.004742948577066178, 0.027206772961200835, -0.24082866554581153, -0.48952379380298566, -0.126154349689588, -0.20545848158704974, -0.19543878009005328, -0.042482278357707244, -0.0458983586206994, -0.4331881381253064, 0.027087769427789937, -0.20596478301983068, -0.46939766460546184, -0.09283376321809024, -0.3418605014583768, -0.21799166633588188, -0.3418605014583768, -0.42787138750333564, -0.4959192176972428, -0.4959192176972428, -0.22502422386499785, -0.22502422386499785, 0.3230278883398796, 0.12369898429161066, 0.2352723261471833, 0.48243392903038734, 0.19946575023705654, -0.2877439475975655, -0.04010513464002551, 0.44327923253170115, 0.5602527362650377, 0.44327923253170115], [0.9996934543052536, 0.9991529204811129, 0.5421496280644665, 1.0, 0.9985590872320076, 0.9996934543052534, 0.9921036564573779, 0.9879691224623445, 0.9931193365776447, 0.9703041630422754, 0.9860516818572658, 0.9921375537295689, -0.1465997389757172, 0.9921764580131128, 0.9922287639228851, 0.9949781213796037, 0.476631642449558, 0.9930387223022109, 0.9930369596458024, 0.9838716786850803, 0.9921288515654272, 0.4353604176601861, 0.6507872315647677, 0.979980528077031, 0.9799560436166982, 0.9669060626166052, 0.28540865846112273, -0.13457967270966964, 0.9897131510494506, 0.9896852473578711, 0.2572264588917431, -0.21359123510546493, 0.9943439720873369, 0.9955623386822062, 0.7604078197734963, -0.4006590994179963, 0.990602901103494, 0.9955289759801201, 0.9947096259773897, 0.4590816645325177, 0.9918200768733271, 0.9944349997656889, 0.9918200768733271, 0.8909621204854616, 0.6672109964586301, 0.8691080574419754, 0.8769216173175031, 0.7747429957774024, 0.39051015596341837, -0.12630210279359474, 0.18709042159639835, 0.9413248093804089, 0.4687727944296505, 0.9731991965716542, 0.9686416719677204, 0.8856216920388315, 0.8935456290949108, 0.9143598942631933, 0.8976489551659727, 0.906018949480256, 0.9073176478947272, 0.906018949480256, 0.8254808445456916, 0.8896512792669408, 0.891003367493958, 0.8896512792669408, 0.8839043217546607, 0.6506372332018652, 0.8184481299372135, 0.8205007562690724, 0.8184481299372135, 0.5961471070158291, 0.09680219574782027, 0.5694108317418415, -0.6050933099104417, 0.4664918649650998, 0.27724430839761377, 0.5031352991026845, 0.27724430839761377, -0.1017658687737453, 0.8687261041509947, 0.8955801113022537, 0.878174031163016, 0.8846913420438673, 0.4833662690151424, 0.867507677959869, 0.8692454670825114, 0.867507677959869, 0.8616685504329556, 0.8616685504329556, -0.17596678993517356, 0.5570212870030495, 0.20653419568988443, -0.5402170506180161, -0.5618015154315292, -0.5650897344831909, -0.031787813428126525, 0.03637914999205607, 0.2657335857801869, 0.15356633509455522, -0.35275004377551206, 0.066106690931188, -0.7973294421228464, -0.20154203106236832, 0.0985374276098074, 0.09906512237912399, -0.5371489570316744, -0.6060203205798047, -0.19537297374081117, -0.486457300669289, -0.8331528787425128, -0.3344701952459021, -0.3263894963153166, -0.3344701952459021, -0.18514577950766462, -0.2485612143587094, -0.2485612143587094, -0.8199420267196604, -0.8199420267196604, 0.38753025329311686, 0.6513141183320211, 0.8686026784609258, 0.8473337191973099, 0.7860602624835079, -0.24263813763882278, 0.7638812558986995, 0.8047253300893691, 0.8047941318257412, 0.8047253300893691], [0.9973450185087133, 0.9932135475348514, 0.4212685975007158, 0.9985590872320076, 1.0, 0.9973450185087133, 0.9966243362253462, 0.9945223186964869, 0.996817382127469, 0.9593259101957152, 0.9949631642782057, 0.9966442048159996, -0.3631600276729532, 0.9966760433089703, 0.9966920193842753, 0.9977579469977311, 0.28681504128650503, 0.9972475353447582, 0.9972450421066367, 0.9856371560556116, 0.9966373370104669, 0.061784166442019714, 0.6052190003436451, 0.9900351661121313, 0.9899888101110561, 0.9825573612173117, 0.021981683905263782, -0.12121074832280786, 0.9880511108350813, 0.9879944552645025, -0.06764255380929357, -0.1129170477047452, 0.9976641510741294, 0.9976070031336968, 0.7323382085967952, -0.5483929137698061, 0.9969599374189836, 0.9978388003492066, 0.9979395821774326, 0.2633208381086355, 0.9976312833159764, 0.9976323512423925, 0.9976312833159764, 0.9068652739764246, 0.6282767308847066, 0.8929773248377936, 0.880165904755408, 0.7388234692062051, -0.09292809691522803, -0.5748916811531124, -0.23960191434797934, 0.9262737150333731, 0.32614028289838415, 0.9664528995810795, 0.9665109759570485, 0.8776583319771468, 0.8690762768148566, 0.8976074851173811, 0.881409688552415, 0.8955135726105443, 0.8961996503246105, 0.8955135726105443, 0.7933127770123808, 0.8279791341805098, 0.8296745454885391, 0.8279791341805098, 0.8695116184734925, 0.7551238104585997, 0.8490883319514896, 0.8504926990891611, 0.8490883319514896, 0.5446840863244478, 0.4061559843145366, 0.5264466379190209, -0.6560798161598116, 0.5213097427730048, 0.4978474691980463, 0.4981033045208446, 0.4978474691980463, -0.12152266767102433, 0.8459143943472608, 0.8616895802990928, 0.8479536379942009, 0.8883892128822469, 0.3459318613979683, 0.8477502453970335, 0.8494881471513694, 0.8477502453970335, 0.8562303685467634, 0.8562303685467634, -0.22090742751602463, 0.621586610302613, 0.06053877032229364, -0.5764288060415719, -0.6221669137885071, -0.6223001804615925, -0.06915574400886182, 0.057242521734431395, -0.13447750970138647, -0.09961526717930291, -0.4446141150235358, -0.30972767578645477, -0.8659558051230591, -0.5055541665646657, 0.06294612263512359, 0.0633412348757768, -0.5692647655842146, -0.5973302768583433, -0.49972488816054006, -0.5319554593206274, -0.8030934079397767, -0.5578679950092676, -0.5607995189946031, -0.5578679950092676, -0.23107578493966277, -0.288981625552736, -0.288981625552736, -0.7691670619560453, -0.7691670619560453, 0.3647738795605551, 0.6290146549122023, 0.8169579096008505, 0.7908531527325254, 0.7726146037222575, -0.3845546634421749, 0.6127099951126528, 0.6954384571662785, 0.6956221580959852, 0.6954384571662785], [1.0, 0.9999817008357956, 0.5492381501206727, 0.9996934543052534, 0.9973450185087133, 1.0, 0.9904412820950906, 0.9858202240235299, 0.9910734337644, 0.9725849719602474, 0.9806236170387452, 0.9904876151735661, -0.14189249116772248, 0.9905555923431005, 0.990617801498991, 0.9933681626166758, 0.4906905384490744, 0.9916120117159921, 0.9916101787163661, 0.9833697199172677, 0.9904892563939951, 0.4442712720876892, 0.6475955492813167, 0.9769370768607648, 0.9769118793385744, 0.9551146720095418, 0.2906685192829542, -0.12697880277203327, 0.9898883657234038, 0.9898493388313054, 0.26594271325842467, -0.21255644788588687, 0.9934989302674279, 0.9944032964066174, 0.8026420268173418, -0.39461049096798967, 0.9866143422891728, 0.9941248524709682, 0.9940525930517959, 0.4735274480886674, 0.993697569123081, 0.993692678748614, 0.993697569123081, 0.8922606245868787, 0.6800318773718493, 0.8601466037406277, 0.8813939242160482, 0.7982655063008003, 0.39617440260323267, -0.12008306799974747, 0.1938728651667186, 0.9471369094171564, 0.4849613813417767, 0.9774967603649267, 0.971466732814821, 0.9109759691304461, 0.9033460984376341, 0.9300674107566538, 0.9031598857582036, 0.9266198775194725, 0.9275635210736152, 0.9266198775194725, 0.836020822031279, 0.9037139866167951, 0.9049381593295651, 0.9037139866167951, 0.8887846250067479, 0.7208522697148156, 0.8647399998198255, 0.8666721699529907, 0.8647399998198255, 0.6067269831396097, 0.3005379919960135, 0.5820930748385196, -0.5996972337024691, 0.4735777860300182, 0.5338423209919095, 0.5357803932394127, 0.5338423209919095, -0.09469949579266983, 0.8760416728487196, 0.9074185689092055, 0.8891095130020529, 0.9126062923186924, 0.49651553570983226, 0.8737473019549404, 0.8752910070715382, 0.8737473019549404, 0.8849670328596225, 0.8849670328596225, -0.1692790775709531, 0.5273810571269788, 0.20180258045931596, -0.5290390023993592, -0.5536480446651475, -0.5570234580390542, -0.018848221817443972, 0.042323124394997476, 0.2731017202639876, 0.16645605850857764, -0.3393460287840098, 0.07296412892947876, -0.79015394645552, -0.19329382508974133, 0.11024891332451803, 0.11071633911273483, -0.5293014703115462, -0.6090632390719486, -0.19337234250458443, -0.4733654835348902, -0.8303965876936458, -0.33243052307005894, -0.323785372888754, -0.33243052307005894, -0.17521272975620078, -0.23790772793621212, -0.23790772793621212, -0.8194057521257089, -0.8194057521257089, 0.4028306785495588, 0.6635622997790146, 0.876108730175443, 0.8547850626657936, 0.7934276093442865, -0.22860213882292463, 0.7727093487903576, 0.8132380521191306, 0.8133017769794538, 0.8132380521191306], [0.9904412820950906, 0.9761973989167295, 0.5392375814789381, 0.9921036564573779, 0.9966243362253462, 0.9904412820950906, 1.0, 0.9971100669691353, 0.9999671029100178, 0.9496896988540372, 0.9995620905976491, 0.9999960384212195, -0.16017059023357128, 0.9999921815650903, 0.9999196260488694, 0.9939693944616422, 0.42506008035753057, 0.9998301908266709, 0.9998305692156597, 0.9881738663045265, 0.9999962617009115, 0.3397656714652911, 0.6519712368033742, 0.9838866668423443, 0.9838888848547649, 0.9841176029918712, 0.20531488763504205, -0.1947386824765822, 0.9923704942321155, 0.9920690932109474, 0.15523871793062446, -0.2647587848799239, 0.9992841437422576, 0.9993721181657665, 0.3327347952891305, -0.3314789520572999, 0.9985881981475617, 0.9992673463365292, 0.9982079397872349, 0.4059120589067233, 0.9288627714876754, 0.9990097816028191, 0.9288627714876754, 0.9151142472892311, 0.6301411033412949, 0.9171556782498508, 0.8891034333495039, 0.6890055256291309, 0.4192919337593774, -0.0700118522589119, -0.21220445448959468, 0.9241630452536613, 0.4254336237758942, 0.9686330820086546, 0.961073390990582, -0.0935367257275612, 0.8155729987199136, 0.7939707031203953, 0.8405375421073601, 0.7868280441512482, 0.756362481041871, 0.7868280441512482, 0.7470672977328501, 0.7560145635604166, 0.7568829955609409, 0.7560145635604166, 0.8257134125581739, 0.28951847263805275, 0.5088032889007279, 0.5973047144049914, 0.5088032889007279, 0.5111816845529039, -0.3647269772020344, 0.4703598977697866, -0.6690138555534082, 0.3852642589689034, -0.13542246440167033, 0.35656706264761134, -0.13542246440167033, -0.14716693487350077, 0.8010574423359043, 0.8061953708064934, 0.7972654629054173, 0.7280930081420064, 0.4303012329643606, 0.8052710393909593, 0.8077450204487283, 0.8052710393909593, 0.7117440818308862, 0.7117440818308862, -0.25864841401977207, 0.6753510056285367, 0.25752702148815687, -0.5616635743489918, -0.6063208255180779, -0.6091641958963757, -0.08582672703238191, -0.01714928814494627, 0.3661875357285938, 0.11278563545219668, -0.3834812681618265, 0.11456714032776512, -0.8253397786657914, -0.10692793332512876, 0.02481832628522672, 0.025486393257968056, -0.5847480672719523, -0.6115040139162317, -0.03656453882774769, -0.5705537356666666, -0.8455953472930153, -0.33218129779497546, -0.1576590152867783, -0.33218129779497546, -0.2679661594205622, -0.30087326843438694, -0.30087326843438694, -0.839783714580825, -0.839783714580825, 0.36103309627748903, 0.6046985293588021, 0.49471281503258413, 0.8090026838885698, 0.7610147489114442, -0.3031863428103946, 0.05890077691499014, 0.7672732251845806, 0.7857061295869721, 0.7672732251845806], [0.9858202240235299, 0.9664350637911239, 0.5267955246417679, 0.9879691224623445, 0.9945223186964869, 0.9858202240235299, 0.9971100669691353, 1.0, 0.9994451081724098, 0.9409110259196417, 0.9981485704016282, 0.9979247946428896, -0.17002674052966393, 0.9989704373420396, 0.9986637110238116, 0.9863983258423011, 0.4030033399757945, 0.999025349952971, 0.9990285071927094, 0.9851664433085227, 0.9991399047295398, 0.3118588926016373, 0.6506659338809535, 0.9916316141328009, 0.9814457166088731, 0.9792096145979263, 0.18464992664248311, -0.21033082218758034, 0.9886735124018966, 0.9920907159950298, 0.13402746448435143, -0.272217863448159, 0.9980999910167814, 0.9979845551118648, 0.3109049306028408, -0.3393177873718874, 0.9958086960683261, 0.9977833952216846, 0.997542115714821, 0.3833378078424075, 0.9195909572249682, 0.9979394973064634, 0.9195909572249682, 0.9126360988225761, 0.614030741133694, 0.9178804857150892, 0.884686101298475, 0.660085558678101, 0.40558892321226503, -0.0861577505872997, -0.22636845964183847, 0.9146583550525883, 0.40411054677407016, 0.9637630982146753, 0.9552943673176044, -0.10499026393906359, 0.799244096918982, 0.7743253940219289, 0.8294017119960837, 0.7684278024783509, 0.7422182591003181, 0.7684278024783509, 0.7311243938675505, 0.7339141998819929, 0.7416029860312875, 0.7339141998819929, 0.8147938917595405, 0.2665941911222589, 0.4844280642352259, 0.5783055630158888, 0.4844280642352259, 0.4949564723246035, -0.3813043783259114, 0.45218305864875014, -0.678894058429278, 0.3745992072312896, -0.16008432768257946, 0.3374139768375705, -0.16008432768257946, -0.1547302087857804, 0.7880141348406632, 0.7848197201419593, 0.7800103665562658, 0.7112028477152854, 0.41304333389335757, 0.7929254828140808, 0.7956715558542942, 0.7929254828140808, 0.6902643743383169, 0.6902643743383169, -0.2766158262603486, 0.707802460560663, 0.26599788509237693, -0.5719543460017078, -0.6210624279467518, -0.6237186171144392, -0.1020248552355169, -0.026563015936825776, 0.3593438294715858, 0.09283054392393196, -0.3975984526371158, 0.10516961300458688, -0.8329179777789978, -0.11353692490790904, 0.007210020479632694, 0.007914922523708137, -0.5981913408508597, -0.6130878259876311, -0.0435279850794951, -0.5904801163907931, -0.8464099031968587, -0.3447001075090839, -0.16402885225227964, -0.3447001075090839, -0.2880125154344131, -0.3163698871518988, -0.3163698871518988, -0.8389738223264563, -0.8389738223264563, 0.33569296511548685, 0.5858384748297772, 0.4744686731326138, 0.7901946305428744, 0.7470054932328618, -0.32728955681187, 0.04360377178388519, 0.7471720290755993, 0.7693488830089815, 0.7471720290755993], [0.9910734337644, 0.9759610426234407, 0.4298700555145413, 0.9931193365776447, 0.996817382127469, 0.9910734337644, 0.9999671029100178, 0.9994451081724098, 1.0, 0.9484066760118958, 0.9995045300148485, 0.9999681510854005, -0.3361545240058845, 0.9999728269596969, 0.9999323440482396, 0.9980785569826673, 0.32060682341148905, 0.9997686724219106, 0.9997692639047782, 0.9879570134762019, 0.9999652492363619, 0.11094296659685669, 0.6055202674979484, 0.9938802275594267, 0.9938219265771399, 0.9839570796033716, 0.006081025382951206, -0.13446734391476317, 0.9908673292024309, 0.9908369074319607, -0.047975365108071384, -0.22578167089143053, 0.999299403133264, 0.9992595192684846, 0.746479929271262, -0.5359915385128498, 0.9984918479550546, 0.999248605323715, 0.9991484793883268, 0.2978539141266317, 0.9991398442908529, 0.9991451559272261, 0.9991398442908529, 0.914907019739853, 0.631258427211793, 0.9167924976133514, 0.8884190919347018, 0.6882826981752952, 0.014781303945663711, -0.5197534944775635, -0.18815171760904173, 0.9192795739129437, 0.3745730864409518, 0.9623811198588544, 0.9613677130558841, 0.8483245544694099, 0.8168075646637891, 0.8691698262014947, 0.8416397767670982, 0.8671397672490306, 0.8679312383904775, 0.8671397672490306, 0.7464373809942314, 0.8089388826342216, 0.8106781088783254, 0.8089388826342216, 0.8274536103285515, 0.7141958207032411, 0.8170170884945238, 0.8185911475011561, 0.8170170884945238, 0.5101949855192496, 0.3290509004310508, 0.46982574223151025, -0.7015645241521762, 0.4457870609674512, 0.4087754444002869, 0.4088446059196392, 0.4087754444002869, -0.10245955487060619, 0.8017889403230111, 0.805891791806026, 0.7973712675265917, 0.8594088408606698, 0.35858504677290987, 0.8118590632466003, 0.8143977584884107, 0.8118590632466003, 0.8202960638859552, 0.8202960638859552, -0.2610731946459619, 0.6763531336816923, 0.08509888521302955, -0.5751447010937352, -0.6492503893740846, -0.6500449826635036, -0.08953249084419974, -0.01457987038391129, -0.14283166718771112, -0.07225259311900989, -0.43559815770714905, -0.3419294594828719, -0.8795494797409438, -0.5457537044741093, 0.023827634787384318, 0.024461683157950494, -0.5867486272909037, -0.6074287223020385, -0.5101729169718688, -0.5728405673646272, -0.8222444370275879, -0.5826072552910369, -0.5846101301764338, -0.5826072552910369, -0.2707851822127668, -0.30516057309522954, -0.30516057309522954, -0.8023518210351428, -0.8023518210351428, 0.36157404949847455, 0.6033491073178996, 0.8241716753867091, 0.8023485256913604, 0.7593407858319157, -0.33302565608975426, 0.6454133536382478, 0.7154290084822292, 0.7155940419284468, 0.7154290084822292], [0.9725849719602474, 0.9560186659967693, 0.3674080028563126, 0.9703041630422754, 0.9593259101957152, 0.9725849719602474, 0.9496896988540372, 0.9409110259196417, 0.9484066760118958, 1.0, 0.9191823501182259, 0.9497255807068979, -0.282238804439687, 0.9493674151912289, 0.9486488638046959, 0.9506737127531012, 0.13545108267920997, 0.9556421484030609, 0.9556169989075437, 0.9498705973170509, 0.9498620592198234, 0.03853795956504856, 0.658022064129391, 0.9517332916257134, 0.9519535732458447, 0.8077766315031778, 0.10438348548244686, -0.11604045411455464, 0.958308953804689, 0.9584483217419828, 0.09214340166869049, 0.042135496277208556, 0.9600967697046678, 0.9603787494543657, 0.8458604007436977, -0.4652208465173628, 0.9317483122408325, 0.9592787490598257, 0.9608017172934983, 0.11236717592813729, 0.9615234242461679, 0.9614864480126891, 0.9615234242461679, 0.7780266367838796, 0.427615337547724, 0.7277727295338651, 0.8558662761707131, 0.8357568348806118, -0.5535518108494094, -0.6844557809399099, -0.3115412210138212, 0.8658244316089035, 0.09771536627721893, 0.8986230129280895, 0.898667300569647, 0.8531431631041985, 0.8456493509885125, 0.880042991658362, 0.8563552741949881, 0.8716416265358604, 0.8725203773190543, 0.8716416265358604, 0.7939742477608538, 0.7719454996275129, 0.7740888757532519, 0.7719454996275129, 0.8481826799200827, 0.869529724938148, 0.846281269971092, 0.8471147559263303, 0.846281269971092, 0.6134859449992865, 0.5331725726394446, 0.6146893138379901, -0.4258978495934719, 0.6347018538218472, 0.6564815234099508, 0.6597256847110649, 0.6564815234099508, -0.25714342918379274, 0.8531198558347365, 0.9158403430870432, 0.8719359183951849, 0.8705117642318545, 0.2398414257873148, 0.8447585628576425, 0.8461790636277952, 0.8447585628576425, 0.8571322658229251, 0.8571322658229251, 0.010894890772750607, 0.25410602297488527, -0.08203043592738055, -0.47754620405255127, -0.3898062372544342, -0.39169565893821334, 0.08244227157396615, 0.37915517464306253, 0.11454511137913723, -0.0019858539020265733, -0.3162324531341008, 0.024747784432487516, -0.8128581755969527, -0.1372297221222417, 0.269395401565993, 0.26821014362891565, -0.34546993446568436, -0.4376613741217443, -0.2984390798083872, -0.3024937571847129, -0.6876456514278902, -0.32032561209631666, -0.32223229374888523, -0.32032561209631666, -0.05450247298508698, -0.33747155283243446, -0.33747155283243446, -0.537319925221215, -0.537319925221215, 0.5786351648018457, 0.6764165364119054, 0.7607348398808428, 0.6689841528098053, 0.8401131636378653, -0.4308964154662448, 0.3900143110466844, 0.5679240371633173, 0.5682154795189949, 0.5679240371633173], [0.9806236170387452, 0.9782719530595516, 0.9965089731532311, 0.9860516818572658, 0.9949631642782057, 0.9806236170387452, 0.9995620905976491, 0.9981485704016282, 0.9995045300148485, 0.9191823501182259, 1.0, 0.9995591836408652, 0.9995556971252634, 0.9995060106370509, 0.9995425630104101, 0.9984549420502398, -0.3444329269040293, 0.9997155104370288, 0.9997196941450758, 0.9995679823157221, 0.9995676994102288, -0.29127676875940317, 0.958823831365468, 0.991857763615727, 0.9918296437886684, 0.9875111130653421, -0.028515877516852944, 0.06732115237759068, 0.9890266720983582, 0.9890946462193557, 0.9706329044804081, -0.011959649663563205, 0.9986354992297128, 0.998580644528493, 0.9983636964432547, 0.9992203740608948, 0.9991486944513369, 0.9986200576372256, 0.9983858307643125, -0.3554285076300697, 0.9983098579803059, 0.9983212126257923, 0.9983098579803059, 0.9087009208739487, 0.4974546074905005, 0.9124265751359304, 0.8865887494786855, 0.6901801697511522, -0.5477972070985294, -0.666732298116798, 0.7997356274029123, 0.8066578873645471, -0.2698326633031094, 0.9207687267512547, 0.9209517254067179, 0.8417415823878647, 0.8522371438407214, 0.8163598502639944, 0.8192837527400842, 0.8260447373560313, 0.8270625449018774, 0.8260447373560313, 0.6415268648382116, 0.5947730071203293, 0.5973148689666418, 0.5947730071203293, 0.8533961081636616, 0.8632591823800936, 0.851630377167699, 0.8532393762015538, 0.851630377167699, 0.2816793147923363, 0.2138520333983739, 0.3431512390337069, 0.46658661826121495, 0.3329377543873482, 0.38525921459969986, 0.3880081016454285, 0.38525921459969986, -0.4120559889958698, 0.7564658133130674, 0.8104542265471013, 0.7887889464415763, 0.8510399351115224, -0.08248854687241433, 0.7484995053612588, 0.7490620078298863, 0.7484995053612588, 0.7639752810306668, 0.7639752810306668, -0.3239890159802404, 0.667186600418458, -0.40118125091487, -0.6650635534172268, -0.546653704890457, -0.5488458034395003, -0.3522795488465308, 0.1388350683808359, -0.26330518855807516, -0.42362380231865354, -0.6052637554465611, -0.33650615885143725, -0.6288307998587932, -0.40203394858459673, 0.009304824920679685, 0.004998150872911634, -0.5597875611021453, -0.5234788601288398, -0.5416277925320173, -0.575856254180099, -0.5702446991566239, -0.5453550800051018, -0.5482555903549166, -0.5453550800051018, -0.44056365349802284, -0.599671935875069, -0.599671935875069, -0.6047725008826124, -0.6047725008826124, 0.35665524820761263, 0.36178677488827093, 0.4699473416983872, 0.5554318107404292, 0.5543453954819404, -0.5447950151509837, 0.30389175296691684, 0.3242883248795988, 0.3244755650200479, 0.3242883248795988], [0.9904876151735661, 0.9762510433239444, 0.53925822415449, 0.9921375537295689, 0.9966442048159996, 0.9904876151735661, 0.9999960384212195, 0.9979247946428896, 0.9999681510854005, 0.9497255807068979, 0.9995591836408652, 1.0, -0.15982555508695567, 0.9999941232231329, 0.9999249295204857, 0.9948041415617674, 0.4251499356143354, 0.9998316494301245, 0.9998320079452941, 0.9882196233485104, 0.9999969169924405, 0.34010632412542235, 0.6520499975841322, 0.9894220455850623, 0.9838774568002414, 0.9840993120246057, 0.20560592073887085, -0.1946828584826816, 0.9923652762974738, 0.992081547366756, 0.15549299403142963, -0.26472704090536225, 0.9992864250365237, 0.9993768682558968, 0.33270788527292317, -0.3312521838837536, 0.9985902911506243, 0.9992765536051137, 0.9982119124571054, 0.4060091362664974, 0.9288448609357696, 0.9990127142634425, 0.9288448609357696, 0.9151387149198712, 0.6303064508752052, 0.9174005783820037, 0.8893368373898864, 0.6891657039466873, 0.4197088753286207, -0.06953199225113015, -0.21181296179222184, 0.9242524821676245, 0.42552879944333294, 0.9687334280390033, 0.961149482072324, -0.09333233538847377, 0.8157455108314451, 0.7940856716811987, 0.840662836242775, 0.7869407338733305, 0.7562982563304295, 0.7869407338733305, 0.7471421634462807, 0.7560775273447291, 0.7568116572307395, 0.7560775273447291, 0.8258851592070132, 0.2893825615822154, 0.5088161532605234, 0.5972094591159405, 0.5088161532605234, 0.5111167448041843, -0.3647476418030597, 0.4703075564422221, -0.668898931535454, 0.38513960456156554, -0.13555795449098926, 0.35660954745532936, -0.13555795449098926, -0.14732374677417742, 0.8011321478599494, 0.8063487882549334, 0.7973700928322897, 0.7280841893110274, 0.4303986454150636, 0.8053612343727217, 0.8078302886682984, 0.8053612343727217, 0.7118276178841815, 0.7118276178841815, -0.2586356029111447, 0.6753461754411314, 0.2576463999912763, -0.561672535544865, -0.6062322949775517, -0.6090817217974649, -0.08591133049273623, -0.017308109003440812, 0.3663656384048401, 0.11281368055669896, -0.3835194358436982, 0.11483905638918958, -0.8250514205396127, -0.10662172878620399, 0.02485303179256564, 0.025538038018514165, -0.584737158245605, -0.6113153184312347, -0.03630148760776146, -0.5705340138053745, -0.8454775162800726, -0.33193923863770225, -0.15743980654890627, -0.33193923863770225, -0.26781603995772957, -0.30082944427432656, -0.30082944427432656, -0.8397243366745216, -0.8397243366745216, 0.36157604990512815, 0.6048638160398941, 0.4949764381828288, 0.809276128494302, 0.7611141096569006, -0.3029448193316944, 0.059200648081197065, 0.7675366004242948, 0.7858291180308903, 0.7675366004242948], [-0.14189249116772248, 0.9762079287620599, 0.5192213586892622, -0.1465997389757172, -0.3631600276729532, -0.14189249116772248, -0.16017059023357128, -0.17002674052966393, -0.3361545240058845, -0.282238804439687, 0.9995556971252634, -0.15982555508695567, 1.0, -0.15918125156438978, -0.15504968999342222, -0.13072768527183504, -0.29097655010381307, -0.1606534704027513, -0.16067168310146557, -0.28391288535049225, -0.16025246116684394, 0.02346802056815879, 0.30892425255424233, -0.1956612761508832, -0.19599933605902944, 0.9840776003179433, 0.24537160317302337, 0.18628740694936144, -0.1948183453124697, -0.1954388260377356, 0.5362179343330056, 0.1201766988058884, -0.1574969924783744, -0.32064698694940136, 0.16306715105956981, 0.9616761236658788, 0.9985879849605424, -0.3530772356088881, -0.15215934650016086, -0.2807736676875451, -0.15785940727723047, -0.1582091863651036, -0.15785940727723047, 0.9152056727191684, -0.11955214190931558, 0.9173580967425368, 0.8892617267764377, 0.6891417538234951, 0.08376301525631219, 0.25786270110305964, 0.6445820963668022, -0.273916999366601, -0.29580032747621005, -0.07222716436478617, -0.31112387528676555, 0.02280166344356468, 0.2530705990047849, -0.027231408817902484, -0.3211072813666403, -0.025244330887966866, -0.014575549718782591, -0.025244330887966866, -0.42872748351725076, -0.11236765988848077, -0.11424064871315837, -0.11236765988848077, -0.2205370803724892, 0.06695042295565148, 0.0423145802255801, 0.042517879979717545, 0.0423145802255801, -0.4190117108609368, 0.007271162431713683, -0.3826528074591078, 0.6243383287530369, -0.35179113975937487, 0.007965890423333063, -0.06367387807584352, 0.007965890423333063, -0.3055871637543812, -0.35560606679409035, 0.8063350012552891, -0.14257338487611698, 0.00925367448077169, -0.21711359231005137, -0.2752235039967388, -0.2740799639888383, -0.2752235039967388, -0.03319130703719169, -0.03319130703719169, -0.2363264483472469, 0.6752635957764815, -0.16253675400058387, -0.007232570511659248, 0.20333160043984447, 0.20214588108702905, -0.24996959969149668, -0.01155701099970138, 0.020465509158718025, -0.17111152967368054, -0.10573685196791024, 0.044010436619693935, 0.39292706628357416, 0.11808949959607806, -0.04242101408630287, -0.04629475447156265, 0.09090989251783614, 0.5747908021216521, 0.09636225514838832, -0.18174280985449223, 0.6208396799702884, 0.10167543394441943, 0.10911505174184748, 0.10167543394441943, -0.23555419679240353, -0.1941910043008611, -0.1941910043008611, 0.3289721564014251, 0.3289721564014251, 0.36168579838404785, -0.25592480373566273, 0.014017632781511897, 0.08835381916502712, -0.25628097829445207, 0.07719539517923774, 0.15200689812536936, 0.10278412514732212, 0.10281017786541014, 0.10278412514732212], [0.9905555923431005, 0.976008508005393, 0.5396180816039071, 0.9921764580131128, 0.9966760433089703, 0.9905555923431005, 0.9999921815650903, 0.9989704373420396, 0.9999728269596969, 0.9493674151912289, 0.9995060106370509, 0.9999941232231329, -0.15918125156438978, 1.0, 0.9999369995993304, 0.9974294753623801, 0.42527467526042273, 0.9998348108737476, 0.9998350767487825, 0.9883883218549167, 0.9999941436220504, 0.3408134734879481, 0.6518825333025209, 0.9930067106690794, 0.9928891771601359, 0.9839653511732008, 0.2059086129023329, -0.19473053777994953, 0.993104343943372, 0.9931527630958564, 0.15631430965294912, -0.2645528529344062, 0.9993382278208485, 0.999376176462382, 0.33161211477927477, -0.33036186661407924, 0.9985234210637436, 0.9992800981610169, 0.9985251953566204, 0.4061600436230527, 0.9283062887732578, 0.9990704050093623, 0.9283062887732578, 0.91543053080834, 0.6310751563524026, 0.9177880164813799, 0.8897259814485516, 0.6888324757265553, 0.4211552957301237, -0.06786831696282708, -0.21201851557446103, 0.9246714426540403, 0.42583434593520725, 0.9691669779768938, 0.9615362503779975, -0.09438460776010982, 0.8160232086557335, 0.7940029681221512, 0.8409315744076983, 0.786900937152045, 0.7559079210450903, 0.786900937152045, 0.7473398526101735, 0.7560302175768465, 0.7572435124922281, 0.7560302175768465, 0.8262448093631142, 0.28867503855974613, 0.5082789436022579, 0.5972463001367444, 0.5082789436022579, 0.5109343769297686, -0.3659604994260705, 0.47019463556581104, -0.6690537887573551, 0.38472311833845163, -0.1366009099565537, 0.35624738528243444, -0.1366009099565537, -0.14726530212176697, 0.801267162749205, 0.8058927776677938, 0.7974543713621898, 0.7177520880551184, 0.43080902045800057, 0.8054899153450764, 0.8079477226573726, 0.8054899153450764, 0.7116253409319248, 0.7116253409319248, -0.26038840027887117, 0.6763230139971301, 0.2581714827165065, -0.5616422937059935, -0.6066357393116213, -0.6094905495874413, -0.08713777520071865, -0.018630262403570214, 0.3666709949405966, 0.11233930091960485, -0.3838031183940161, 0.11491346182650845, -0.8241348225849903, -0.10646322874550096, 0.02374452505326984, 0.024425686819906856, -0.5854122369876544, -0.6116431361513178, -0.03570259023200928, -0.5719923898782769, -0.8454625136372215, -0.3318749654041873, -0.15686462804098375, -0.3318749654041873, -0.26888026061568343, -0.3013285697360961, -0.3013285697360961, -0.8400835582174002, -0.8400835582174002, 0.361751818162306, 0.6045457277388209, 0.49440166076199615, 0.8097377693757234, 0.7605484333160103, -0.3024378986811279, 0.058498006840485096, 0.767943479929841, 0.7864432666641537, 0.767943479929841], [0.990617801498991, 0.9752021546186675, 0.542506396522915, 0.9922287639228851, 0.9966920193842753, 0.990617801498991, 0.9999196260488694, 0.9986637110238116, 0.9999323440482396, 0.9486488638046959, 0.9995425630104101, 0.9999249295204857, -0.15504968999342222, 0.9999369995993304, 1.0, 0.9975476817421344, 0.4231392619019308, 0.9997842091919757, 0.9997854657090702, 0.9883276125953464, 0.9999209187188282, 0.34167992653098667, 0.6540319199833472, 0.9923168947616681, 0.9832263424093115, 0.984046077437831, 0.20752919759086888, -0.1936365784486832, 0.9922152943588242, 0.9922267708716529, 0.15955007668392351, -0.2650151653893921, 0.9993430984782928, 0.9992242015003778, 0.33211972008656876, -0.32600567729814633, 0.9984287057919699, 0.9992513604226698, 0.9985053401600168, 0.40403810199585793, 0.9273005400592478, 0.9990947747573227, 0.9273005400592478, 0.9138121381272861, 0.6312194590347583, 0.9162053334170458, 0.8878626036564407, 0.6858685450007154, 0.4216300509511252, -0.06640228048964643, -0.21264177043744711, 0.9239597032070485, 0.42310854926786734, 0.9694721887833114, 0.9610564037149355, -0.09701165420631121, 0.815165903699387, 0.7945312322899606, 0.8409750870055488, 0.7874360221910052, 0.7581685693962372, 0.7874360221910052, 0.7458525159719372, 0.7556573913329038, 0.758372533644498, 0.7556573913329038, 0.8266884262545929, 0.2892854792447252, 0.5084748089608875, 0.5986665224024165, 0.5084748089608875, 0.5096086054802964, -0.36828172430275213, 0.4688857539940953, -0.6665090298969045, 0.3837052790879068, -0.13750874098580276, 0.3565169293054816, -0.13750874098580276, -0.1509268440970228, 0.8010458830618357, 0.8047250376599566, 0.7965854972380523, 0.7300602016725456, 0.42963479942231675, 0.8053760192590816, 0.807790264897547, 0.8053760192590816, 0.712073020711608, 0.712073020711608, -0.2609371783715418, 0.6787795155100353, 0.2581444587784055, -0.5637159702477369, -0.6066660568657405, -0.6095457774561795, -0.08922070832711983, -0.019737048223937553, 0.36755925232520714, 0.11079183635184081, -0.3863324314869661, 0.11584961967243851, -0.8226805123746307, -0.10506097751888069, 0.023244030371540273, 0.02386785533518305, -0.5867417104428133, -0.6066886149391335, -0.034599471963996827, -0.5729844398125079, -0.8432198572819446, -0.33162799257212977, -0.1554853525214702, -0.33162799257212977, -0.26940731234189585, -0.30476033987922346, -0.30476033987922346, -0.8378333912190903, -0.8378333912190903, 0.35913738242165033, 0.6021276020702657, 0.49253696747507963, 0.8104180995214959, 0.7587942370219348, -0.3040567949466907, 0.0564225039521905, 0.768530942784542, 0.7878021492315287, 0.768530942784542], [0.9933681626166758, 0.984346993331493, 0.5796246173081594, 0.9949781213796037, 0.9977579469977311, 0.9933681626166758, 0.9939693944616422, 0.9863983258423011, 0.9980785569826673, 0.9506737127531012, 0.9984549420502398, 0.9948041415617674, -0.13072768527183504, 0.9974294753623801, 0.9975476817421344, 1.0, 0.41685124474275626, 0.9977754084207467, 0.9977723219712153, 0.9838555330962525, 0.9973631108126538, 0.35962069477762243, 0.677377300082924, 0.9706350773712155, 0.9786724186080861, 0.9880174736956004, 0.2341011378599666, -0.1691025826204581, 0