var element=document.getElementById("correlationClose");if(element.style.display!='none'){var correlationClose={"data":[{"type":"heatmap","z":[[1.0,0.9999904266817774,0.7058958011459033,0.9997555841070815,0.9982271842277953,1.0,0.9930737640024835,0.9899947653810871,0.9899947653810871,0.9935701005138133,0.9785260290526364,0.9879099583721174,0.993105603053418,0.9934467083461654,0.9931482041521112,0.70611804048612,0.6130375033380792,0.23161630250294227,0.9938425680185896,0.9938345342093918,0.98596003411912,0.9930927804055986,0.36494250188921296,0.771221286389454,0.9838010026443292,0.9838010026443292,0.983782608141909,0.9788516856994984,0.29540318552986333,-0.1487627674710603,0.9891017687552971,0.9890612570928965,0.23960377424504312,-0.23240660044099137,0.9949984598109106,0.9953380255913354,0.8642654979355638,-0.3432086502483214,0.991137624036284,0.995392670806248,0.6838619111597223,0.2119769628576659,0.9951140394238449,0.9951092346222871,0.9951140394238449,0.9091943815287699,0.6587960217049205,0.9316561289103904,0.9348863561436059,0.8570945328598971,0.3823119835085076,-0.18883396497695373,0.22847537207512197,0.9528969291321104,0.3629525274365238,0.975443458247095,0.9723484699465405,0.9816924720948536,0.9893351111921285,0.9384065715007653,0.9481455018236646,0.9502051933050988,0.939361927742022,0.9475416614554706,0.9481162212613952,0.9475416614554706,0.9010804870713026,0.9289242441627935,0.9296945154134622,0.9289242441627935,0.9340003653015673,0.8135965548812136,0.9074580227855419,0.9085616692409474,0.9074580227855419,0.7413030637300683,0.4333464473419094,0.7318595504673607,-0.5231103739631334,0.6377199824216774,0.6490181865235002,0.6492669352224877,0.6490181865235002,-0.07566742942938665,0.9219636874649283,0.9510841023109552,0.9373724095676156,0.9397011954940352,0.23308133309641751,0.9166254569667036,0.9171103483783424,0.9166254569667036,0.9202023987413025,0.9202023987413025,-0.09370897189412515,0.6051469370154277,0.1370250974698377,-0.7147492909225885,-0.6031025043398435,-0.607144814676003,-0.1618246856146112,0.15774300503050548,0.18961226166873255,-0.034590761082557805,-0.5948757944652567,-0.043317621883381154,-0.7976210590639722,-0.31263887556690756,0.1791499646686056,0.1807012942897217,-0.5837025117610757,-0.5696484944062211,-0.30057619444510714,-0.5264573787169092,-0.8109673024422858,-0.4261811217234874,-0.41876957516710095,-0.4261811217234874,-0.25281653887085925,-0.3743751741656791,-0.3743751741656791,-0.7991627373350871,-0.7991627373350871,0.4667627763260891,0.6322840420624211,0.8494133847945115,0.8420000938014922,0.75586924833871,-0.350973088891003,0.7470940084439242,0.7721623327239224,0.7723465437378617,0.7721623327239224,-0.15932263475377734],[0.9999904266817774,1.0,0.9835769869230083,0.9995584989857998,0.9962791963546155,0.9999904266817774,0.9861419141702558,0.9814729924690088,0.9814729924690088,0.98605306020997,0.975503932795287,0.9868820757599396,0.9861729988684398,0.9861350808297665,0.986035513501863,0.010893229658352217,-0.08235995570086414,-0.4726663062473865,0.989049166490575,0.9890473125918513,0.9862095916462745,0.9862134259965457,-0.20219988455631005,0.9818037986702615,0.982121597135542,0.982121597135542,0.9821452410630528,0.9789383862439199,0.06333275057991734,0.08672143496331028,0.9831358409956654,0.9831636730449221,0.7027735538436034,0.027579921801963246,0.9912486326832426,0.991257245685172,0.9917775752159865,0.987062300661014,0.9903658345091703,0.9912955028019962,-0.03822151283453277,-0.4768947054130971,0.9918145698642471,0.9918136751890606,0.9918145698642471,0.9089314592820071,0.5097241182029587,0.9316228235288477,0.9346943450287225,0.8566598245453105,-0.2215224635909436,-0.4666985007826164,0.8577567228225565,0.9002060114287416,-0.2600706253214905,0.9445691272432826,0.9446964614625531,0.9652035568328314,0.978698300928358,0.9588824087051123,0.9637799230631654,0.95052102981948,0.9523303149645325,0.9533072505504427,0.9536277105566447,0.9533072505504427,0.8820978081866101,0.8579551263933531,0.8590696291863794,0.8579551263933531,0.9605699574523152,0.9630901095583226,0.9604913644102634,0.9611640928955992,0.9604913644102634,0.6950722448453104,0.6531078125750878,0.7267828669624522,0.7834997333775516,0.7042430252257506,0.7247175408572151,0.7257940340226424,0.7247175408572151,-0.08671691965224818,0.9301311646999191,0.9478543066121498,0.9420280237690863,0.9631037054634494,-0.32883197877280035,0.9271769537625176,0.9273028882504012,0.9271769537625176,0.9325854094574696,0.9325854094574696,-0.1766047553106427,0.6053338796705472,-0.3740340614234615,-0.8021359653446027,-0.467827656823858,-0.4719378083188772,-0.4003113798518759,0.2952935934137511,-0.27083507270284135,-0.518366539145816,-0.7571372226208547,-0.3717371179275598,-0.470494891026356,-0.43720394243300237,0.1483414606213678,0.14611414342663315,-0.49164746417924443,-0.46106653033161077,-0.48930135564822963,-0.5210636832186972,-0.5127971405121149,-0.4916474562294051,-0.4950554783501766,-0.4916474562294051,-0.3862409221822888,-0.5538478609293761,-0.5538478609293761,-0.5176440766971047,-0.5176440766971047,0.4647631906242744,0.3732040972669784,0.5093156177127978,0.6306030803803345,0.5310569214478665,-0.4449081951333352,0.40113006795453876,0.31732147488663126,0.31750818494427185,0.31732147488663126,0.2074638049404255],[0.7058958011459033,0.9835769869230083,1.0,0.7034994352606343,0.648646648415891,0.7058958011459033,0.6843121743177822,0.6777607650123048,0.6777607650123048,0.6400439885073508,0.6105834651560904,0.9946088798041051,0.6843279953459735,0.6813719290662864,0.6844428149958244,0.3708530691124717,0.32328090054813974,-0.2360586182942058,0.6512199452243833,0.6504966549559756,0.6215201836956473,0.6833987747123408,0.14977733554543243,0.818527042238716,0.667929756548323,0.667929756548323,0.6677135170624273,0.9896252296973596,0.2695180264200116,0.07987179001900517,0.6401692705024762,0.6398141326900397,0.601359403561905,-0.07069314440845641,0.6796383929328764,0.6330914438691392,0.6423632217932116,0.280855214616383,0.9932305110110592,0.6303922899368304,0.35387458485995327,-0.2457930082274182,0.6966587119428771,0.6776424980998806,0.6966587119428771,0.9063006339106026,0.42651934222333504,0.9442855921084506,0.9265837957618431,0.772111192757175,0.23619104022180598,-0.08169222739038624,0.05576005621335345,0.5827679263399106,-0.08000058854576468,0.6244283208316244,0.6035569049052124,0.620658627605565,0.5847693966943786,0.03659633450986227,0.8279861765837851,0.7644081873898422,0.6948190588287968,0.7698573491001391,0.7847435689509596,0.7698573491001391,0.6016687072939889,0.6917234587493278,0.7306375177507878,0.6917234587493278,0.7425420982293875,0.7009765663107109,0.7533634809557145,0.7890920921182903,0.7533634809557145,0.503003576290896,-0.08187284494879919,0.5183648837858144,0.08658553853701152,0.48301054469479526,0.2699163428217555,0.5352759638408457,0.2699163428217555,-0.12278176119324703,0.6754684426172413,0.9020111479917108,0.7358751468744177,0.7913443087132973,-0.09305822443878241,0.706743515885984,0.7062481471673181,0.706743515885984,0.7547017710452724,0.7547017710452724,-0.19000393807792362,0.7041197145005896,-0.17563716594178708,-0.7335828403848677,-0.46296092487273316,-0.4671564055507724,-0.4381251789679654,0.13638539877212463,0.01952606464280947,-0.3630342453503024,-0.7134345015371285,-0.18492489955297084,-0.3495135600670921,-0.2959370769721487,0.06914795877359566,0.06776804854820076,-0.5059955015001716,-0.08997521962661606,-0.2786866019090997,-0.5247113692653319,-0.23550569211476594,-0.4259074789680949,-0.3101042486638521,-0.4259074789680949,-0.43665757765562785,-0.5618567184181802,-0.5618567184181802,-0.3288439514811215,-0.3288439514811215,0.41951690101146194,0.2296719430737013,0.3050893392567835,0.5423554111542914,0.32166937839459603,-0.4012692940189326,0.0023964364880419485,0.46592876953906276,0.5609751310624946,0.46592876953906276,0.013838023362021556],[0.9997555841070815,0.9995584989857998,0.7034994352606343,1.0,0.9990035840454058,0.9997555841070813,0.9941451681284141,0.9914845845979019,0.9914845845979019,0.9948397361284629,0.9769142942969746,0.9906881716714608,0.9941677555828295,0.9947711886090665,0.9941888578420263,0.7051764802549831,0.6116254632887728,0.21745032419582333,0.9947428770430238,0.9947380571060719,0.9859820817131945,0.9941490074269754,0.3564508324249764,0.7753695642962837,0.9860659412014431,0.9860659412014431,0.9860467187064705,0.9838878496245189,0.2911103850712766,-0.15456050387890763,0.9883261682745318,0.9882928605580052,0.2317307258477898,-0.23276896377808998,0.9954016141677628,0.9959366387816078,0.8342115263367296,-0.3472066691344656,0.9931379531112459,0.9961944977761208,0.6823362108373351,0.19755440111557118,0.9936207080088949,0.9954326234665369,0.9936207080088949,0.907277269760877,0.6474464937810619,0.9342386887648848,0.9321587253386826,0.8430811298069556,0.37791068893734475,-0.19312725097730118,0.2237999591477566,0.948090683723104,0.34798708142322043,0.9712238517877191,0.9697082567006228,0.9796608912844922,0.9890793826831694,0.9218203727185573,0.9435117150996128,0.9403677162426527,0.9365429951604384,0.9346667069740582,0.9354172768709619,0.9346667069740582,0.8951886422006963,0.919800392502047,0.9206322751697892,0.919800392502047,0.9315592712858869,0.765698907755329,0.8766149830305955,0.8777425567860113,0.8766149830305955,0.7354973266489505,0.18560557775183684,0.7246993051108634,-0.5277514651668633,0.6342272989863134,0.38657889268469897,0.6229043453614101,0.38657889268469897,-0.08117049702519816,0.9183112328214691,0.9461148654332909,0.9319408051618385,0.9213293177910474,0.21956017535106395,0.9135867520793579,0.9141789718036053,0.9135867520793579,0.9054453627347258,0.9054453627347258,-0.09785127658545675,0.622073828206761,0.14203275157701015,-0.7231893511007953,-0.6090834287720784,-0.6130462570444585,-0.17266480905398487,0.15387527683755436,0.18358392351624978,-0.04675384012654413,-0.6051959784703104,-0.04869081720049624,-0.8023919004205411,-0.3194962890286286,0.1703561891263059,0.17195810618805854,-0.5894490979792084,-0.5663648705156471,-0.30085160313771053,-0.5353642898820894,-0.811884166532093,-0.4267826378569123,-0.4199147059116373,-0.4267826378569123,-0.26012469041741626,-0.3826388555671304,-0.3826388555671304,-0.798321486139714,-0.798321486139714,0.45853659976154876,0.6220245735664321,0.8417857581201352,0.8347275011794698,0.7493059806568682,-0.3624524907016191,0.7385340160377962,0.7636184790320606,0.7638039526516274,0.7636184790320606,-0.1449038779793672],[0.9982271842277953,0.9962791963546155,0.648646648415891,0.9990035840454058,1.0,0.9982271842277953,0.9973598647185026,0.9961374610550413,0.9961374610550413,0.997570218803839,0.9710972513828605,0.9965994320256419,0.9973756811345474,0.9974429436072719,0.9973974036846383,0.5906205540014109,0.47079623878503013,0.011163686637547887,0.9977283481349474,0.9977276689203244,0.9883603251336367,0.9973608356573915,-0.0020612060698456496,0.7624038607396936,0.9931693386363144,0.9931693386363144,0.9931324285459814,0.9914748160290936,0.0674020498283225,-0.1384393162990134,0.9872184826852297,0.9871443063802423,-0.06048516605828455,-0.14061677448957471,0.997780972150399,0.997701512882888,0.8301322670464927,-0.4591055134333479,0.9977052787598854,0.9980424188777713,0.5543488562589304,-0.012844503690175563,0.9977261683389171,0.9977308581781483,0.9977261683389171,0.9191149719123896,0.6154482708762966,0.9421390130790201,0.9307409748924874,0.822391946869427,-0.05743685907781778,-0.5851151704039512,-0.14450119089468946,0.9396127800222209,0.20405876609853327,0.9691679623005026,0.9692180142859509,0.9829443665816485,0.9897227528428827,0.921415189065798,0.9277486840533736,0.9311278012440521,0.9255193450844089,0.9295629742706226,0.9298678341780398,0.9295629742706226,0.8743931691840736,0.8837393414455249,0.8846269583707543,0.8837393414455249,0.9217507305140128,0.8483379903900972,0.9043858326807497,0.90500113799351,0.9043858326807497,0.7019067199535255,0.6062281160926711,0.6948231966349809,-0.5298973345047708,0.6809383264078483,0.6640829641816657,0.663426148963718,0.6640829641816657,-0.08856398540781703,0.9031303793560406,0.9260863347727156,0.9130068505086432,0.9284326087201552,0.06544684771840523,0.9019201317579184,0.9027066187336871,0.9019201317579184,0.9066590250856729,0.9066590250856729,-0.13368340424053013,0.6651130158031162,-0.003117424001629436,-0.7482815920882129,-0.6511525580967105,-0.6524546108946289,-0.20035234844708852,0.17713110449190056,-0.19889428169058665,-0.2863046980716856,-0.6658988376196919,-0.39704294708532956,-0.8401367137939253,-0.5809616590601595,0.14232203286540163,0.14378046342788783,-0.612520337941089,-0.5625177723024712,-0.5611968677937984,-0.570304987441854,-0.7661869495547599,-0.6095998084060678,-0.6125424068358328,-0.6095998084060678,-0.293896915942232,-0.41176722506043073,-0.41176722506043073,-0.7367445337117102,-0.7367445337117102,0.44630671363738483,0.6074964399452324,0.8032099352888823,0.8036368493361019,0.7425467874435497,-0.4815551666155509,0.6187622999658864,0.6639780739462987,0.6640875959847161,0.6639780739462987,0.08195199906652091],[1.0,0.9999904266817774,0.7058958011459033,0.9997555841070813,0.9982271842277953,1.0,0.9930737640024835,0.9899947653810871,0.9899947653810871,0.9935701005138133,0.9785260290526364,0.9879099583721174,0.993105603053418,0.9934467083461654,0.9931482041521112,0.70611804048612,0.6130375033380792,0.23161630250294227,0.9938425680185896,0.9938345342093918,0.98596003411912,0.9930927804055986,0.36494250188921296,0.771221286389454,0.9838010026443292,0.9838010026443292,0.983782608141909,0.9788516856994984,0.29540318552986333,-0.1487627674710603,0.9891017687552971,0.9890612570928965,0.23960377424504312,-0.23240660044099137,0.9949984598109106,0.9953380255913354,0.8642654979355638,-0.3432086502483214,0.991137624036284,0.995392670806248,0.6838619111597223,0.2119769628576659,0.9951140394238449,0.9951092346222871,0.9951140394238449,0.9091943815287699,0.6587960217049205,0.9316561289103904,0.9348863561436059,0.8570945328598971,0.3823119835085076,-0.18883396497695373,0.22847537207512197,0.9528969291321104,0.3629525274365238,0.975443458247095,0.9723484699465405,0.9816924720948536,0.9893351111921285,0.9384065715007653,0.9481455018236646,0.9502051933050988,0.939361927742022,0.9475416614554706,0.9481162212613952,0.9475416614554706,0.9010804870713026,0.9289242441627935,0.9296945154134622,0.9289242441627935,0.9340003653015673,0.8135965548812136,0.9074580227855419,0.9085616692409474,0.9074580227855419,0.7413030637300683,0.4333464473419094,0.7318595504673607,-0.5231103739631334,0.6377199824216774,0.6490181865235002,0.6492669352224877,0.6490181865235002,-0.07566742942938665,0.9219636874649283,0.9510841023109552,0.9373724095676156,0.9397011954940352,0.23308133309641751,0.9166254569667036,0.9171103483783424,0.9166254569667036,0.9202023987413025,0.9202023987413025,-0.09370897189412515,0.6051469370154277,0.1370250974698377,-0.7147492909225885,-0.6031025043398435,-0.607144814676003,-0.1618246856146112,0.15774300503050548,0.18961226166873255,-0.034590761082557805,-0.5948757944652567,-0.043317621883381154,-0.7976210590639722,-0.31263887556690756,0.1791499646686056,0.1807012942897217,-0.5837025117610757,-0.5696484944062211,-0.30057619444510714,-0.5264573787169092,-0.8109673024422858,-0.4261811217234874,-0.41876957516710095,-0.4261811217234874,-0.25281653887085925,-0.3743751741656791,-0.3743751741656791,-0.7991627373350871,-0.7991627373350871,0.4667627763260891,0.6322840420624211,0.8494133847945115,0.8420000938014922,0.75586924833871,-0.350973088891003,0.7470940084439242,0.7721623327239224,0.7723465437378617,0.7721623327239224,-0.15932263475377734],[0.9930737640024835,0.9861419141702558,0.6843121743177822,0.9941451681284141,0.9973598647185026,0.9930737640024835,1.0,0.9977259352512611,0.9977259352512611,0.9999730655306738,0.9662999697802707,0.99971869808119,0.9999968997742117,0.999988342247725,0.9999940186838125,0.8030265114005946,0.7865782960367604,0.19030774872940878,0.9998740555910229,0.9998743994093364,0.9908163684009653,0.999997042519005,0.2825735197685144,0.7693547796391726,0.9868388800020866,0.9868388800020866,0.9882015247892125,0.9927061482305786,0.22788433548961406,-0.2027229654123047,0.9915045091336177,0.9915730156458874,0.14692565959318707,-0.2732757048698864,0.9993924143019718,0.9995126428226032,0.48363465458277166,-0.29438636574091565,0.9992031388488318,0.9994916552298919,0.7787384348195178,0.1691429131245362,0.9489333539752135,0.999163569454796,0.9489333539752135,0.9267356285498864,0.6236000078602627,0.9493561099513422,0.9300262784093095,0.79212871253263,0.41969317113417837,-0.13018487759830055,-0.17607396458108207,0.937562276518799,0.3216418902948994,0.9697957834959796,0.9669726055583431,0.9809765407828915,0.9953909415739024,0.009106356240674993,0.8933190073107595,0.8555926758340838,0.8957413892264069,0.8508910133502321,0.8170120862670746,0.8508910133502321,0.8412709671110491,0.8230573605726172,0.812391840295889,0.8230573605726172,0.8912516004289139,0.45036429057688687,0.6408465333250898,0.6904724013703737,0.6408465333250898,0.6710805625387044,-0.3252742892717657,0.6504758205680259,-0.5951433383493515,0.5698134630931604,-0.058855279066879936,0.49753666322913637,-0.058855279066879936,-0.12171682190046557,0.8702263287363275,0.8929738864512504,0.8794033804908812,0.79243372241299,0.19056334746458967,0.8684267560116465,0.8693244913373999,0.8684267560116465,0.7990584357688828,0.7990584357688828,-0.16795265239249058,0.7040218144278348,0.2208975483311565,-0.724560896557351,-0.6464458537398835,-0.6499569948005841,-0.20904699235311414,0.1056970843038818,0.30797352430874014,-0.06993524992989268,-0.6116523454211613,0.02011112479346014,-0.8292404672096096,-0.21447254372600333,0.10950081989565456,0.11109959373983289,-0.6290766227108612,-0.5808005155831458,-0.1345110015738823,-0.6029663762813682,-0.8286347047239402,-0.4163450502100831,-0.2541910955034565,-0.4163450502100831,-0.3216875950856946,-0.41789053380938124,-0.41789053380938124,-0.820532721902846,-0.820532721902846,0.4446773738030535,0.5946796941282503,0.5180018286055056,0.8084379681838343,0.7407922977060591,-0.4071411201889364,0.07890006307276175,0.7441941899119521,0.7626417945303833,0.7441941899119521,-0.08605067371434554],[0.9899947653810871,0.9814729924690088,0.6777607650123048,0.9914845845979019,0.9961374610550413,0.9899947653810871,0.9977259352512611,1.0,1.0,0.9996164060565025,0.9605896309639721,0.9989141428859992,0.9984278634191568,0.9994612123003893,0.9992401724734442,0.7995291830412677,0.7736260489070147,0.16901393948785626,0.9992632425141427,0.9992650984225805,0.9884253596202113,0.999360245592258,0.25798669078082126,0.7714970345181823,0.9933827977977177,0.9933827977977177,0.9866038515357919,0.9905735615214754,0.21088924691414274,-0.2152738017719751,0.9878821102191532,0.9912997726629037,0.12891624571943058,-0.2790495984673354,0.9984456012063844,0.998462530352472,0.4683665353676233,-0.3000887437473436,0.9976433152600876,0.9984441246131093,0.7753285114860781,0.14751358933345718,0.9425452272212081,0.9982786370242898,0.9425452272212081,0.924868009341401,0.6096065344711379,0.9500590799117287,0.9289816651977704,0.7753871471881119,0.4075657885903483,-0.14413626202528468,-0.18732502404264478,0.930253322035184,0.3021003181729456,0.9654917048400469,0.9624173056618194,0.976476992326724,0.9943259722589579,0.0008293927680272379,0.8856992792190882,0.8435558265889183,0.8898746314548209,0.8398730232670634,0.8069338679281007,0.8398730232670634,0.8323632464103792,0.8087740738227354,0.8013887384965624,0.8087740738227354,0.8855126677029233,0.43451787708468126,0.62453696877665,0.6768328840777805,0.62453696877665,0.6622674668602567,-0.33811749769358374,0.6401436277955507,-0.6007873771675906,0.5646198990517953,-0.07834553965553265,0.48435225162222406,-0.07834553965553265,-0.12717870724754252,0.8635470214654741,0.8838576251566577,0.8710026209941002,0.7800150485539791,0.17315350656347964,0.8623218468768039,0.8633757341572305,0.8623218468768039,0.7859338017845473,0.7859338017845473,-0.1809653710409699,0.7234842720805968,0.22686483913321337,-0.7332276225180175,-0.6575321458619432,-0.6608784357803414,-0.22263298183214456,0.09943490188982287,0.3009070760980643,-0.08830078455008121,-0.623182492542884,0.010940201975762693,-0.8338730872777762,-0.22090013857692795,0.09593078572526904,0.09755457299232821,-0.6391506787569612,-0.5813174872419355,-0.14122492433975123,-0.6172079508938417,-0.8273859159035487,-0.4268972862166256,-0.26023230022975935,-0.4268972862166256,-0.33710124860271296,-0.4300529818728568,-0.4300529818728568,-0.8178135320652468,-0.8178135320652468,0.4293924495995478,0.5794431591149142,0.5007451640906166,0.7919464467477156,0.7292866625168009,-0.4265889982738872,0.06610189131161007,0.7261105974554939,0.7475676660320381,0.7261105974554939,-0.06945889780668918],[0.9899947653810871,0.9814729924690088,0.6777607650123048,0.9914845845979019,0.9961374610550413,0.9899947653810871,0.9977259352512611,1.0,1.0,0.9996164060565025,0.9605896309639721,0.9989141428859992,0.9984278634191568,0.9994612123003893,0.9992401724734442,0.7995291830412677,0.7736260489070147,0.16901393948785626,0.9992632425141427,0.9992650984225805,0.9884253596202113,0.999360245592258,0.25798669078082126,0.7714970345181823,0.9933827977977177,0.9933827977977177,0.9866038515357919,0.9905735615214754,0.21088924691414274,-0.2152738017719751,0.9878821102191532,0.9912997726629037,0.12891624571943058,-0.2790495984673354,0.9984456012063844,0.998462530352472,0.4683665353676233,-0.3000887437473436,0.9976433152600876,0.9984441246131093,0.7753285114860781,0.14751358933345718,0.9425452272212081,0.9982786370242898,0.9425452272212081,0.924868009341401,0.6096065344711379,0.9500590799117287,0.9289816651977704,0.7753871471881119,0.4075657885903483,-0.14413626202528468,-0.18732502404264478,0.930253322035184,0.3021003181729456,0.9654917048400469,0.9624173056618194,0.976476992326724,0.9943259722589579,0.0008293927680272379,0.8856992792190882,0.8435558265889183,0.8898746314548209,0.8398730232670634,0.8069338679281007,0.8398730232670634,0.8323632464103792,0.8087740738227354,0.8013887384965624,0.8087740738227354,0.8855126677029233,0.43451787708468126,0.62453696877665,0.6768328840777805,0.62453696877665,0.6622674668602567,-0.33811749769358374,0.6401436277955507,-0.6007873771675906,0.5646198990517953,-0.07834553965553265,0.48435225162222406,-0.07834553965553265,-0.12717870724754252,0.8635470214654741,0.8838576251566577,0.8710026209941002,0.7800150485539791,0.17315350656347964,0.8623218468768039,0.8633757341572305,0.8623218468768039,0.7859338017845473,0.7859338017845473,-0.1809653710409699,0.7234842720805968,0.22686483913321337,-0.7332276225180175,-0.6575321458619432,-0.6608784357803414,-0.22263298183214456,0.09943490188982287,0.3009070760980643,-0.08830078455008121,-0.623182492542884,0.010940201975762693,-0.8338730872777762,-0.22090013857692795,0.09593078572526904,0.09755457299232821,-0.6391506787569612,-0.5813174872419355,-0.14122492433975123,-0.6172079508938417,-0.8273859159035487,-0.4268972862166256,-0.26023230022975935,-0.4268972862166256,-0.33710124860271296,-0.4300529818728568,-0.4300529818728568,-0.8178135320652468,-0.8178135320652468,0.4293924495995478,0.5794431591149142,0.5007451640906166,0.7919464467477156,0.7292866625168009,-0.4265889982738872,0.06610189131161007,0.7261105974554939,0.7475676660320381,0.7261105974554939,-0.06945889780668918],[0.9935701005138133,0.98605306020997,0.6400439885073508,0.9948397361284629,0.997570218803839,0.9935701005138133,0.9999730655306738,0.9996164060565025,0.9996164060565025,1.0,0.9654041044209108,0.9996863320322822,0.9999740200661618,0.9999733156838313,0.9999769378042032,0.6409235156065346,0.5249994448882819,0.0696312655643474,0.9998332266776119,0.9998341159186969,0.9907442249362828,0.9999714111756127,0.05473726666589055,0.7511935965584469,0.9957250289894078,0.9957250289894078,0.9956876845034262,0.9926132936251005,0.055674132442398515,-0.1468847459653069,0.9909456941845636,0.9909012422911347,-0.03849931261581704,-0.2358890189975408,0.9994512347497431,0.999410140112831,0.8327708723503687,-0.46028626788718846,0.999147588795548,0.999464122344616,0.6065842276596926,0.045774204027913,0.9993297614613537,0.9993349231674467,0.9993297614613537,0.9264357042227542,0.6239800662928935,0.9490451364780363,0.9295089351749792,0.7917195357231751,0.037471416639799894,-0.5415830084608724,-0.10502361120903503,0.9342812415839861,0.2668679870515019,0.967302076105641,0.9669624196135321,0.9832207911116072,0.9946968503415498,0.897927715886349,0.8940709293928416,0.9087241453620476,0.8967716880543424,0.9070968379740232,0.9076178556524797,0.9070968379740232,0.841113546714159,0.8657556892354807,0.8668991366215817,0.8657556892354807,0.8925812142265991,0.8147377343888612,0.878427521426044,0.8794015219741063,0.878427521426044,0.6712320650237877,0.5409452366506847,0.6501256949423104,-0.5896756838955144,0.6195667510832387,0.591762232894059,0.5917141178022521,0.591762232894059,-0.07396300201893836,0.8711067923303213,0.8930593915311303,0.8799899441761007,0.9056506678837659,0.10446483829592562,0.873387308629764,0.8749293973037199,0.873387308629764,0.8782805258555471,0.8782805258555471,-0.16943984617010813,0.7045237595280455,0.024606103939714886,-0.7357575238809274,-0.6780560905633749,-0.6795455705418824,-0.2124501874674121,0.10926958463341875,-0.2030004480203838,-0.2515401151330175,-0.6478073563075248,-0.4227413871177383,-0.8609517043874546,-0.613583166149828,0.10861558295552341,0.11067765563116186,-0.6304455813870484,-0.5769861558112155,-0.5712604476591853,-0.6043790392975241,-0.7932645148155639,-0.6323680020943292,-0.6348148625159118,-0.6323680020943292,-0.32331850785410415,-0.4208512909328809,-0.4208512909328809,-0.7741773555001378,-0.7741773555001378,0.4431692923176982,0.5927716681243257,0.8141205458331653,0.8133825788596379,0.738729965442267,-0.433301120987695,0.6480980391744302,0.6891344094074757,0.6893158175880896,0.6891344094074757,0.1503166370848131],[0.9785260290526364,0.975503932795287,0.6105834651560904,0.9769142942969746,0.9710972513828605,0.9785260290526364,0.9662999697802707,0.9605896309639721,0.9605896309639721,0.9654041044209108,1.0,0.9543378759510727,0.9663183778501027,0.9663502788764804,0.9660796738489718,0.3984103110885336,0.2796774067309914,-0.16266728730719907,0.9700722475662558,0.9700538588801374,0.9664131465924293,0.9664054525991146,-0.03836589985816017,0.7879499889375939,0.9676564846056119,0.9676564846056119,0.9678079290873421,0.9166269507285578,0.14400218519545396,-0.13491282606967672,0.9719093975558862,0.971995172581219,0.10303028511441341,-0.014678043421403407,0.9731415230212865,0.9733539240163209,0.9002165386263777,-0.33470458925972846,0.961275726193556,0.9724546429729775,0.35754467223248093,-0.1823129414638466,0.9740871125813693,0.9740590741106361,0.9740871125813693,0.8472783090789099,0.43409521862934797,0.8680632504681259,0.9193728093900793,0.8816354857269898,-0.4667648147343512,-0.6680485025448338,-0.17675387165209602,0.9051196944804119,-0.04396578768780074,0.929848911419761,0.9299045272240973,0.945403852737176,0.9701939417231626,0.899598951356786,0.9023081218352835,0.9107753552923882,0.902409774271119,0.9045846855125687,0.9050575455549844,0.9045846855125687,0.864110918071308,0.8406911019773453,0.8418080878236519,0.8406911019773453,0.8987982163229612,0.9110992100228237,0.8969798085441192,0.8974039667320645,0.8969798085441192,0.7442654824442735,0.6873595532656547,0.7450240687976412,-0.2419786039560423,0.7565656569936906,0.7703874843785488,0.772404592098102,0.7703874843785488,-0.22556802813515933,0.8979095240927185,0.943752668908243,0.91050040839053,0.9106798402896089,-0.05500511508737035,0.8925654116110473,0.8932774160990541,0.8925654116110473,0.8990650916249581,0.8990650916249581,0.034009126791924256,0.44397938401420056,-0.14704092673328417,-0.6812270874452391,-0.45327871170461653,-0.4559749664560419,-0.0895774171607033,0.4420023010645283,0.0008757995800702269,-0.2214742738943021,-0.5777537110506694,-0.12776395094032425,-0.7875444237841378,-0.29276128444353017,0.3046501517086969,0.30493465924745633,-0.42454511080397017,-0.4310514971826117,-0.3926483313849393,-0.4045852883601852,-0.6534835634236466,-0.4116651959369909,-0.41416980841304984,-0.4116651959369909,-0.1555429823944257,-0.4628012969212852,-0.4628012969212852,-0.5423279138492061,-0.5423279138492061,0.571133237821009,0.6499071955916116,0.7562088083257006,0.7147672758799901,0.8112418337967805,-0.5181552713158213,0.42932129303188765,0.5371109838228081,0.5374418446565478,0.5371109838228081,-0.11196161302265836],[0.9879099583721174,0.9868820757599396,0.9946088798041051,0.9906881716714608,0.9965994320256419,0.9879099583721174,0.99971869808119,0.9989141428859992,0.9989141428859992,0.9996863320322822,0.9543378759510727,1.0,0.9997185445894818,0.9997159087066713,0.9996922049999012,0.1276570136806138,0.023349317191508432,-0.5431114756529466,0.9998268748996656,0.9998285176316491,0.9997224166272709,0.9997214108879553,-0.28897962839303254,0.9747985153243748,0.9952558517294103,0.9952558517294103,0.9952400556684182,0.9941574028337476,0.058513186080077384,0.052469632600625024,0.9926629222663078,0.9927034059372989,0.7615671567605922,-0.04887270366394339,0.9991793942927709,0.9991437354023205,0.9990320348502,0.9994699194270118,0.9995054189357249,0.9992123433796738,0.0717114575775092,-0.5504595153137812,0.9989907326495479,0.9989967688992003,0.9989907326495479,0.9215587365792417,0.47052001365997076,0.9450068029574247,0.9258090106132403,0.7915814840637672,-0.350173569252193,-0.5822065928790657,0.8390805427920097,0.8677201024568262,-0.34539224693328335,0.9410959980477788,0.941280634992057,0.9730661731959093,0.9940363363618558,0.9121358294957811,0.9170531728019174,0.8959092558745337,0.9006850141674185,0.9001052343041903,0.9005558965798763,0.9001052343041903,0.8071271536591075,0.777281544668964,0.7787139795363791,0.777281544668964,0.9186459041051178,0.9237123371236589,0.9175683631162103,0.9183803571687257,0.9175683631162103,0.5966052301256003,0.5459978479430275,0.6279241212629143,0.7002918328304667,0.6122736903521022,0.6378506892711453,0.6398951617831794,0.6378506892711453,-0.2613734983508321,0.8675694810612481,0.8945700563069171,0.8848238183713825,0.9182504001680271,-0.35105620031511137,0.8636947952496599,0.863876679726831,0.8636947952496599,0.871211358403263,0.871211358403263,-0.22029502011576318,0.6987458328657574,-0.3960924976766493,-0.8177014747791761,-0.5396538466221794,-0.5428303146772998,-0.4404549238501409,0.2509466149803669,-0.3080560755869682,-0.5490262708116733,-0.7780441859768163,-0.41350658669763446,-0.5859486609874389,-0.4889903127277729,0.10100113812334992,0.09917454167613142,-0.559846079930441,-0.5338805932891738,-0.555209926085348,-0.5913129060750596,-0.5843753126016471,-0.558628333744492,-0.5618586663963342,-0.558628333744492,-0.4513729609929148,-0.6396931378234106,-0.6396931378234106,-0.6274937964588073,-0.6274937964588073,0.438968375108273,0.34838186074158517,0.4894264847870562,0.6050550367084666,0.5343941452713132,-0.5746726795938983,0.34375582550827316,0.2940726828015197,0.29430328891387675,0.2940726828015197,0.2781482102214305],[0.993105603053418,0.9861729988684398,0.6843279953459735,0.9941677555828295,0.9973756811345474,0.993105603053418,0.9999968997742117,0.9984278634191568,0.9984278634191568,0.9999740200661618,0.9663183778501027,0.9997185445894818,1.0,0.9999915220782671,0.9999955474825439,0.8030184878340633,0.7724853230874124,0.1903550097082487,0.9998753282078386,0.9998756266641099,0.990846171014503,0.9999975919411463,0.2828614603633257,0.7694058877160959,0.9916642896337978,0.9916642896337978,0.9881938934736324,0.9926976638231073,0.22812363201501282,-0.20267315641356043,0.9915573075152148,0.9915816165402883,0.14713923651648467,-0.2732442722793853,0.9993938566003105,0.9995151626276407,0.48361117990075103,-0.2941928268561483,0.9992041341857308,0.999497884716169,0.7787178631018326,0.16919584533621368,0.9489206621045545,0.9991655003159057,0.9489206621045545,0.9267339129554756,0.6237207432334321,0.9494302153547038,0.9300831370741236,0.792198742513685,0.42004063915425965,-0.12978300229175158,-0.17574213143732947,0.9376178925277253,0.3216973742129745,0.9698718264498465,0.9670166902262347,0.9810493611922952,0.9954036912626565,0.009277596192567735,0.8934266333921094,0.8556669278174576,0.8958382846480478,0.8509638197185893,0.8169637608789934,0.8509638197185893,0.8413554029540483,0.823098792456352,0.8123395691009687,0.823098792456352,0.8913727597011125,0.4502568487152076,0.6408469529597829,0.6903977046852974,0.6408469529597829,0.6710555429541705,-0.32529337490913884,0.6504704400753971,-0.5950517919543004,0.5697379755051437,-0.058974097480425015,0.49756405321788333,-0.058974097480425015,-0.12185169130694794,0.8702946193785495,0.8930667384430873,0.8794785905132965,0.7924272679156931,0.19061355652849898,0.868496956269072,0.8693904267554877,0.868496956269072,0.7991111093340356,0.7991111093340356,-0.16789515956044238,0.7040410798963419,0.22100377233912585,-0.7245939339022961,-0.646368036491121,-0.6498838495967068,-0.2091220745165651,0.10559114011194182,0.3081291243093856,-0.0699248626969317,-0.6117048053557687,0.020347602701898383,-0.8290115946484068,-0.21421054225597083,0.1095700722570359,0.11118185078335269,-0.6290590138632556,-0.5806114794853109,-0.13428956379801296,-0.6029304286596546,-0.8285410499895238,-0.41614646485675666,-0.2540086716277105,-0.41614646485675666,-0.3215381470694977,-0.4178610165161055,-0.4178610165161055,-0.8204860423699982,-0.8204860423699982,0.44507936528358283,0.5947892197618027,0.5182228771108514,0.8086628050154183,0.7408425491397419,-0.4069567803727093,0.07915646625010365,0.744421707746261,0.7627461189761716,0.744421707746261,-0.08608149797676277],[0.9934467083461654,0.9861350808297665,0.6813719290662864,0.9947711886090665,0.9974429436072719,0.9934467083461654,0.999988342247725,0.9994612123003893,0.9994612123003893,0.9999733156838313,0.9663502788764804,0.9997159087066713,0.9999915220782671,1.0,0.9999892075609029,0.7149889485683741,0.6168857466212685,0.19199028992157394,0.9998974972575375,0.999898171942848,0.990835048585832,0.9999890648934457,0.28207738116178716,0.7662353049951991,0.9944893846610285,0.9944893846610285,0.9944596720907813,0.9926731571316938,0.22092754178304733,-0.20346849337224565,0.9920030789907944,0.992003743752046,0.1685757269914269,-0.2727354831150163,0.9995631222565038,0.9995147268355944,0.8646188377809075,-0.3797302100775961,0.9992018472844275,0.9995017170895287,0.6886090593230529,0.17086013452127832,0.9994658622260332,0.9994704058968688,0.9994658622260332,0.9266057366757422,0.6238207335589787,0.9492132008498412,0.9297807235077633,0.7919727883175129,0.3019946316813607,-0.29727518000745656,0.1317853853938385,0.9375063075666622,0.3221608887585156,0.967458085602174,0.9670362068752371,0.9797995620781507,0.9956313008815459,0.9036966090144378,0.8927433784775374,0.9136685286974263,0.8957876179517679,0.9124454711520055,0.9131769715295062,0.9124454711520055,0.8406947878916742,0.8832472187822338,0.8844141460212718,0.8832472187822338,0.8912195998838569,0.7980791088692188,0.8820189381058464,0.8833624016264832,0.8820189381058464,0.6707699397609344,0.5333528281694916,0.649330880540534,-0.5940684197515557,0.5685173921206276,0.5663810275065482,0.5672688040050763,0.5663810275065482,-0.12398891763970134,0.8701797077779474,0.8928157871656178,0.8790994627874242,0.9098234637278717,0.19245454609336066,0.8684432956931282,0.8695804398589457,0.8684432956931282,0.8770045628042238,0.8770045628042238,-0.1681945462301161,0.7032200018703016,0.1239194391243303,-0.7237239354410907,-0.6460364316333583,-0.6492708468932582,-0.20914336934245187,0.10464067984561962,0.08031551666112474,-0.06841660303158466,-0.610550805418923,-0.16860714783627404,-0.8387525596826526,-0.43005958087771173,0.10888870940743034,0.11098623577234497,-0.6290980884680777,-0.579930510785385,-0.4216849711949607,-0.6027106653108101,-0.8210262029340516,-0.5307306900292721,-0.5269121981946958,-0.5307306900292721,-0.3208194021297353,-0.4179013159001504,-0.4179013159001504,-0.8118016702509517,-0.8118016702509517,0.44284854839567506,0.5945455095038757,0.8195018049353933,0.8120188520380145,0.7409976485949252,-0.40664485138184076,0.7036800915148271,0.7314485626131831,0.7315452667848256,0.7314485626131831,-0.05364056996679689],[0.9931482041521112,0.986035513501863,0.6844428149958244,0.9941888578420263,0.9973974036846383,0.9931482041521112,0.9999940186838125,0.9992401724734442,0.9992401724734442,0.9999769378042032,0.9660796738489718,0.9996922049999012,0.9999955474825439,0.9999892075609029,1.0,0.7913749333859444,0.7140243192762895,0.1905057994949428,0.9998782755292935,0.9998784670600551,0.9909668528107319,0.9999954377959824,0.283519955627905,0.7692514381544018,0.9946477751845023,0.9946477751845023,0.9945656287423251,0.992634850268984,0.22840873997099587,-0.2026905984036819,0.9924717945475334,0.9925102234295227,0.14785895178069292,-0.27307819325631677,0.9994370023446975,0.9995148835705056,0.48270525545829385,-0.29350410687780576,0.9991683816221266,0.9995003045698901,0.775644283429682,0.16936681974122644,0.9485173305099794,0.9992135193963193,0.9485173305099794,0.9269435764023969,0.6243351775173637,0.9495308309597276,0.930153538625434,0.7919648116585059,0.4213026757914942,-0.12836800137469748,-0.175970677613213,0.9379186843923264,0.32196166246568286,0.9702304524417085,0.9672864560519749,0.981283901723134,0.9954460071046324,0.008317027023529487,0.8936476139643685,0.8555695037999985,0.8960224262167333,0.8508946091058375,0.8165445372293015,0.8508946091058375,0.8415239647018005,0.8230145892865149,0.8126350157432178,0.8230145892865149,0.8916291437323374,0.4496253877624536,0.6403919129163027,0.6903789336430506,0.6403919129163027,0.6709346019706804,-0.32638198574918886,0.6504335463386258,-0.5952563083707387,0.5694209929144932,-0.05989956765654279,0.49723821636591126,-0.05989956765654279,-0.12182055943937715,0.8704010428500597,0.8928643463783774,0.8795998940298888,0.7858145788288728,0.19098804550632528,0.8685607915982015,0.8694450957396147,0.8685607915982015,0.7989245922093311,0.7989245922093311,-0.1691303569634624,0.7047704150063628,0.22147589811726445,-0.7245533251443623,-0.6466964855019742,-0.6502159585141377,-0.21010146533744004,0.10451855172915678,0.30845609102424715,-0.07026596760966582,-0.6118526044632401,0.020459436173362558,-0.8283167850337045,-0.21403436362872277,0.1087087403785926,0.11031918478085091,-0.6295915929176971,-0.5807976266595212,-0.13374238716898687,-0.6039402601085446,-0.8285797151082267,-0.41608162170169505,-0.25348617606347823,-0.41608162170169505,-0.32233722829911443,-0.41825401137555246,-0.41825401137555246,-0.8208272648874771,-0.8208272648874771,0.4452289035154423,0.5944835580853808,0.517782650875687,0.8090731222362209,0.7403446753497024,-0.40655557334730674,0.07855336946264174,0.7448311621997472,0.7633493213479171,0.7448311621997472,-0.08583852197333275],[0.70611804048612,0.010893229658352217,0.3708530691124717,0.7051764802549831,0.5906205540014109,0.70611804048612,0.8030265114005946,0.7995291830412677,0.7995291830412677,0.6409235156065346,0.3984103110885336,0.1276570136806138,0.8030184878340633,0.7149889485683741,0.7913749333859444,1.0,0.9916927533944669,0.4283412762882368,0.7674076574097731,0.7673712611553666,0.683133338269556,0.7899228274737147,0.3362120530380392,0.34899853319282126,0.7824556576383954,0.7824556576383954,0.7670821754937189,-0.27157026698987513,0.19654562415731117,-0.15657943906696906,0.8323694253155723,0.8290198915701487,0.16152947284005062,-0.21149050997066707,0.797873645175065,0.6692969997099559,0.2474667009108653,-0.3169729646925855,0.1423036860814417,0.6321608661670308,0.9983174651254442,0.41145193608540215,0.7229586199344844,0.7974910259923359,0.7229586199344844,0.08407863772944082,0.5130730413669031,-0.3340755868972727,-0.35790212410096456,-0.03186117779828332,0.3918716137258487,-0.054211740057219154,-0.2112391785209028,0.6567652108628954,0.39827910628614577,0.7987791027181079,0.6577102774337278,0.7564747919364463,0.7793463744918314,-0.10763268216725995,0.05147184941758326,0.5315172622879203,0.3766934275339647,0.5209651