var element=document.getElementById("correlationClose");if(element.style.display!='none'){var correlationClose={"data":[{"type":"heatmap","z":[[1.0,0.9999911982864522,0.7242577057042549,0.9997668090490128,0.9982924687807448,1.0,0.9933483064887785,0.990470196495138,0.990470196495138,0.9938108807775816,0.9798245228847007,0.9885902330969775,0.993379884205947,0.9934171362589507,0.6650269587901871,0.5602183066777873,0.2031754657144373,0.9940702991251077,0.9940720711348039,0.9861568548869994,0.9933782952338291,0.34812873506443553,0.7852048762384083,0.9846279090522834,0.9846279090522834,0.9846107571771466,0.9816067859372356,0.29502935351890147,-0.14728983295400952,0.9888479328859869,0.9888167457136532,0.22720310239718483,-0.24147935555152036,0.9951305380370732,0.9953807657770033,0.8718292546230427,-0.33233558503299365,0.9916234209283658,0.9955057109725931,0.6393905641504323,0.18346324428324465,0.995246441137521,0.9952477722410977,0.995246441137521,0.9167537367332751,0.6663317769888482,0.940556719301981,0.9431253738978063,0.8726330369484715,0.38908559207275867,-0.19318325121881308,0.24270999237541513,0.9555166258643815,0.3560471862538865,0.9755985699964216,0.9730682680994603,0.9820732616371355,0.9889965160909135,0.9418555825560094,0.9528836363233739,0.9524523982588924,0.9436140588751849,0.9498211137479524,0.9504513073496232,0.9498211137479524,0.9087390195699091,0.9304759910294769,0.9313060313456359,0.9304759910294769,0.9389678841117355,0.8245255394694189,0.9126829493611587,0.9138981071302856,0.9126829493611587,0.7606470424826439,0.4635711271555604,0.7531770789253736,-0.5064608000707849,0.6599174781439731,0.6667454325939814,0.6675139860657153,0.6667454325939814,-0.05573170984133631,0.9269152219627919,0.9552859953379297,0.9423760341429241,0.9431828364850532,0.21517763187230618,0.9212698616944066,0.9218369729769351,0.9212698616944066,0.9243341853583328,0.9243341853583328,-0.09937139565027152,0.6103804227737757,0.1231813980126403,-0.7320509084093398,-0.613287914797522,-0.6170272117618946,-0.1794825075482912,0.16431709392775673,0.17563422896170294,-0.060997134263438335,-0.6181597709507286,-0.05915624510037869,-0.7969383915391224,-0.32782560091903556,0.1902406128260341,0.19239616478954696,-0.5909968840130773,-0.5635692086030694,-0.315530755424812,-0.5339663065510523,-0.8068538464229383,-0.4388066514871217,-0.43219660451068265,-0.4388066514871217,-0.2657435173716446,-0.3920727582704008,-0.3920727582704008,-0.7953253165716806,-0.7953253165716806,0.5190278874017384,0.6382066510396261,0.8474509173092898,0.8443467704291874,0.758028200274146,-0.3602823221452176,0.7486933465044545,0.7691846113211367,0.769267788457034,0.7691846113211367,-0.14246655107400735],[0.9999911982864522,1.0,0.9851824872727836,0.9996018496645094,0.9964499461212353,0.9999911982864522,0.9870591206240045,0.9828500830679097,0.9828500830679097,0.9870069679088601,0.9780041247834182,0.9876849764760569,0.9870940526361777,0.9869582784517252,-0.06954135720109109,-0.16295853053211762,-0.4907827273724416,0.989690041652263,0.9896919504891584,0.9871299742511023,0.9871380086028649,-0.2188164122065904,0.9831736578322999,0.9839810574571694,0.9839810574571694,0.9840015616820281,0.9817709554316406,0.06868467591375471,0.08824158817877142,0.9839548479512523,0.984007721187973,0.6545933470142506,0.0011220273107634467,0.9917094558011267,0.991711541521077,0.9922497220810944,0.9878983146852466,0.9909611659862155,0.9918091752849122,-0.11898805137198794,-0.49465953580987665,0.9922714042228395,0.9922732135305183,0.9922714042228395,0.9167445075308651,0.5247469802411152,0.9408122554211411,0.9432378369942012,0.8722540397353737,-0.16168539359175324,-0.44683935316840906,0.8699012661572679,0.9105253632498556,-0.2549330072195427,0.9480998077573196,0.9482217800969844,0.9684765581548236,0.9791955342416856,0.9630930166429991,0.9675298451520176,0.9551919638063385,0.9571931455969087,0.9575485174066414,0.9578316902004335,0.9575485174066414,0.8947978640671702,0.8698379877175876,0.870825742770762,0.8698379877175876,0.9641066077614739,0.9663375640865338,0.9641621324212603,0.9647914277193834,0.9641621324212603,0.7321975698390801,0.6956929839279746,0.7593056141407885,0.8057654903994621,0.7324831873946378,0.7514574586705257,0.752588488717956,0.7514574586705257,-0.024382248826864593,0.9374303408898714,0.9527618025854446,0.9478623267367848,0.9668631988929035,-0.33922714438326973,0.9347505919793399,0.9348655420395274,0.9347505919793399,0.939409346677495,0.939409346677495,-0.18015865818084884,0.6109543369250731,-0.3783117290835453,-0.8135812983417352,-0.4765987640267765,-0.4807886901022433,-0.4107740064747162,0.29308096808623785,-0.2819908349311512,-0.5335454251268258,-0.7707236022425155,-0.3820575620097556,-0.4662271884925759,-0.4484407755275953,0.1594277646372816,0.15755901241919995,-0.4940845972901436,-0.46573681634581793,-0.49384243737652417,-0.525758411933155,-0.5171471748052473,-0.4960188243013853,-0.4995425675631758,-0.4960188243013853,-0.3933154143059563,-0.5620101214305125,-0.5620101214305125,-0.527301051538996,-0.527301051538996,0.518970647260904,0.38705628359967814,0.5244134716256362,0.6564496012822498,0.5427868600830957,-0.4433105907057757,0.4315988460758731,0.33009027560016047,0.33031224925237496,0.33009027560016047,0.2279687970589938],[0.7242577057042549,0.9851824872727836,1.0,0.7222204977636549,0.6730511602539256,0.7242577057042549,0.7012412435599813,0.6953003456429737,0.6953003456429737,0.6641115862895766,0.6405711753925032,0.9946726325692347,0.7012694755799916,0.7013459284361785,0.34341755505035537,0.2843234611372999,-0.24980080991734746,0.6707179285518138,0.6707210249759188,0.6431871319075042,0.7009815320933598,0.13575605835305635,0.8341511589354649,0.6886924221972485,0.6886924221972485,0.6884928927869536,0.9904524850794865,0.26786804430059796,0.07294323657127053,0.6560975347279648,0.6557884348556078,0.5698640455150102,-0.0872003584060454,0.6963572661302213,0.6558717639673818,0.6584294290361724,0.2724538876603082,0.9935054105047235,0.6552589797633401,0.3241854600462557,-0.2598383151693004,0.7135812204598818,0.6950371966889322,0.7135812204598818,0.9139907253776686,0.4446070113189094,0.9505196632864068,0.9348982759623305,0.7964745451168139,0.24940805645082234,-0.08726113516682271,0.06171620735791915,0.6101020023836223,-0.0714231419898348,0.6408238519714474,0.6269328282883926,0.6399973967529622,0.6045551232594083,0.056047104794682945,0.8434341537977689,0.782118625231802,0.7199394303863365,0.7873979247138432,0.7973058204363616,0.7873979247138432,0.6357878400378156,0.717718757657163,0.7495265239564775,0.717718757657163,0.7634483747472982,0.7132665915696943,0.7662647251566054,0.7975541789216518,0.7662647251566054,0.5542814952100801,-0.07659818783082827,0.5662437408224331,0.08358144922862706,0.5201687554167111,0.27517710338396767,0.560311263615443,0.27517710338396767,-0.09640687865586069,0.7051181103781061,0.9116152286745266,0.7616473889863192,0.8007159061830701,-0.10175604603270448,0.7327398051636804,0.7331475767106547,0.7327398051636804,0.7731412618481135,0.7731412618481135,-0.19114598126235116,0.7030313703846097,-0.17167563635834696,-0.7517280213915242,-0.4793264859940588,-0.4830421794803383,-0.4437836849541778,0.1442174727299466,0.01555773679448201,-0.3782912054497665,-0.7315338306872378,-0.19274091230654508,-0.3651452117538181,-0.30844802794749454,0.0858394162103051,0.08545053222219931,-0.515445924493321,-0.10345187831807696,-0.2896158036288063,-0.5326237059196189,-0.2515179756121596,-0.43714978639591795,-0.32382621492537733,-0.43714978639591795,-0.4411140400483744,-0.5704541829405502,-0.5704541829405502,-0.3404736383618849,-0.3404736383618849,0.4751851020806034,0.255319583202546,0.3172704283502156,0.5565768688000623,0.3458507029932261,-0.40779337026455237,0.01342979565032482,0.47206172152508347,0.5631011423946084,0.47206172152508347,0.027390244366361477],[0.9997668090490128,0.9996018496645094,0.7222204977636549,1.0,0.9990150584416291,0.9997668090490127,0.9943386404661053,0.9918624799688469,0.9918624799688469,0.9949902232658663,0.9783449154894491,0.9911220495784556,0.994361596330558,0.9943782544697248,0.664070606953595,0.558754977793455,0.18931331482433375,0.9948968253347334,0.994898975767631,0.9861500915585875,0.9943514427886107,0.3397407103241322,0.7892676395947318,0.9867962757996863,0.9867962757996863,0.9867782742287506,0.9858944300898635,0.29079578569357245,-0.15288125783081932,0.9880306891453816,0.9880066627602976,0.21937687990548826,-0.2418457483162572,0.9954802481824525,0.9959269395117419,0.8433288198356556,-0.3361444803230954,0.9934484299623968,0.9962438822374685,0.6379039564227849,0.16935900417006863,0.9938040570949129,0.9955199423642822,0.9938040570949129,0.9150186306900941,0.6554385324889529,0.942595124658946,0.9404970565404215,0.8601101264371834,0.38490769979426365,-0.19715993970067905,0.23834665697311622,0.950985151575086,0.3414824974552136,0.9714767279593652,0.9705458689779669,0.9800779154383655,0.9886706858671425,0.9262749210319458,0.9486605564758438,0.9433756279618506,0.9410197004377066,0.9379484625372859,0.9387731164321058,0.9379484625372859,0.9033164348143887,0.922261685870162,0.9231754798743509,0.922261685870162,0.9367149592307276,0.7792496730825369,0.8835875924860243,0.8848899096859124,0.8835875924860243,0.7555422541700736,0.20918529545208905,0.7467527945705176,-0.511247335043856,0.6567500930335931,0.4059798517807662,0.6422843424652052,0.4059798517807662,-0.0609152450110784,0.9235982060935531,0.950860569760582,0.9374382001364558,0.9259446380922899,0.20194994811793332,0.9185375643930378,0.9192184392498846,0.9185375643930378,0.9107050203674444,0.9107050203674444,-0.10330800470422064,0.6262389575264315,0.12830381318933856,-0.7400409236635063,-0.6190092689379656,-0.6226806527716616,-0.18992507935140857,0.16059522214832025,0.16989755345338728,-0.07285000511258345,-0.627960957803717,-0.06421903666586311,-0.8014618900523875,-0.33440796047363197,0.18178814370953753,0.18400536709180018,-0.5964881816604478,-0.5604202091970296,-0.3155454793801232,-0.5424405855540523,-0.807639357596021,-0.4392039480568425,-0.43312405647894625,-0.4392039480568425,-0.2727383840076207,-0.39997833693375784,-0.39997833693375784,-0.7944132198743677,-0.7944132198743677,0.5111903867402694,0.6284284941242568,0.8399782759898465,0.8372955764616866,0.7518053642593918,-0.37135406038645924,0.7403703748808022,0.7608231013173608,0.7609109864513917,0.7608231013173608,-0.12827977439241528],[0.9982924687807448,0.9964499461212353,0.6730511602539256,0.9990150584416291,1.0,0.9982924687807448,0.99745940645986,0.9963232719839551,0.9963232719839551,0.9976770351036415,0.9731143719826986,0.996830336043404,0.9974764604860052,0.9974957196773255,0.5383310584477028,0.4068093282204263,-0.016025520800630987,0.9978016877107901,0.9978037615541233,0.9887484582262522,0.9974655182488856,-0.018310651403651488,0.778697439503795,0.9935013806827678,0.9935013806827678,0.9934672984395172,0.9918118062090924,0.0707716204182371,-0.13630048722880625,0.9872654237027759,0.9872018002830625,-0.0709526994982409,-0.15189452996159203,0.9978363070500442,0.9977557199099935,0.8409553654108305,-0.4439929038902249,0.9978710387754748,0.9981105981768703,0.49807493142167436,-0.039864417613484686,0.9977911438440301,0.9977973247950194,0.9977911438440301,0.9258779518704284,0.625450627234888,0.9483861742882331,0.9377040098231584,0.8403075590091859,-0.03739606900068311,-0.5814221583077345,-0.11816015519705031,0.9432537735517544,0.1995665425190285,0.9703677943080239,0.9704353318535206,0.9838087273834879,0.989478189779372,0.9262658196765727,0.9336130912608963,0.934103671642062,0.9303348019058345,0.9325512073492723,0.9329572920614211,0.9325512073492723,0.8834490076749706,0.88742372735374,0.8884573955400543,0.88742372735374,0.9272501888558777,0.8582103734009181,0.9104432658607413,0.9112239885607292,0.9104432658607413,0.7239332434584584,0.6364918975484679,0.717905028866542,-0.5067349662401297,0.7011998272914236,0.6857954910952794,0.685942325908021,0.6857954910952794,-0.06309247360041909,0.9087839465251235,0.9316292184901946,0.9191752081376617,0.9329567741115712,0.048886782730402166,0.9072390293279647,0.9081697432733383,0.9072390293279647,0.9114206732893595,0.9114206732893595,-0.13752183808195356,0.6679539138012983,-0.01649122769142632,-0.7634227277852831,-0.658970219122694,-0.6601416017700836,-0.21615441323035103,0.1837685214860504,-0.2096701454186255,-0.30867831949335905,-0.6850717413785675,-0.40756121926037053,-0.8358708727845977,-0.5894192232951394,0.15448594343065833,0.15658862033018747,-0.6186097041046198,-0.5578117574683272,-0.569524227482709,-0.576427664120015,-0.7606965963423726,-0.6164899066970844,-0.6198038006050027,-0.6164899066970844,-0.30502984958613044,-0.4276364926097123,-0.4276364926097123,-0.7323276275551366,-0.7323276275551366,0.4978077699625098,0.615044153671977,0.8056407106412313,0.812484129550879,0.7462002186436731,-0.4876162388733557,0.6314524044310614,0.6670996459820795,0.667313428013022,0.6670996459820795,0.09754526503462022],[1.0,0.9999911982864522,0.7242577057042549,0.9997668090490127,0.9982924687807448,1.0,0.9933483064887785,0.990470196495138,0.990470196495138,0.9938108807775816,0.9798245228847007,0.9885902330969775,0.993379884205947,0.9934171362589507,0.6650269587901871,0.5602183066777873,0.2031754657144373,0.9940702991251077,0.9940720711348039,0.9861568548869994,0.9933782952338291,0.34812873506443553,0.7852048762384083,0.9846279090522834,0.9846279090522834,0.9846107571771466,0.9816067859372356,0.29502935351890147,-0.14728983295400952,0.9888479328859869,0.9888167457136532,0.22720310239718483,-0.24147935555152036,0.9951305380370732,0.9953807657770033,0.8718292546230427,-0.33233558503299365,0.9916234209283658,0.9955057109725931,0.6393905641504323,0.18346324428324465,0.995246441137521,0.9952477722410977,0.995246441137521,0.9167537367332751,0.6663317769888482,0.940556719301981,0.9431253738978063,0.8726330369484715,0.38908559207275867,-0.19318325121881308,0.24270999237541513,0.9555166258643815,0.3560471862538865,0.9755985699964216,0.9730682680994603,0.9820732616371355,0.9889965160909135,0.9418555825560094,0.9528836363233739,0.9524523982588924,0.9436140588751849,0.9498211137479524,0.9504513073496232,0.9498211137479524,0.9087390195699091,0.9304759910294769,0.9313060313456359,0.9304759910294769,0.9389678841117355,0.8245255394694189,0.9126829493611587,0.9138981071302856,0.9126829493611587,0.7606470424826439,0.4635711271555604,0.7531770789253736,-0.5064608000707849,0.6599174781439731,0.6667454325939814,0.6675139860657153,0.6667454325939814,-0.05573170984133631,0.9269152219627919,0.9552859953379297,0.9423760341429241,0.9431828364850532,0.21517763187230618,0.9212698616944066,0.9218369729769351,0.9212698616944066,0.9243341853583328,0.9243341853583328,-0.09937139565027152,0.6103804227737757,0.1231813980126403,-0.7320509084093398,-0.613287914797522,-0.6170272117618946,-0.1794825075482912,0.16431709392775673,0.17563422896170294,-0.060997134263438335,-0.6181597709507286,-0.05915624510037869,-0.7969383915391224,-0.32782560091903556,0.1902406128260341,0.19239616478954696,-0.5909968840130773,-0.5635692086030694,-0.315530755424812,-0.5339663065510523,-0.8068538464229383,-0.4388066514871217,-0.43219660451068265,-0.4388066514871217,-0.2657435173716446,-0.3920727582704008,-0.3920727582704008,-0.7953253165716806,-0.7953253165716806,0.5190278874017384,0.6382066510396261,0.8474509173092898,0.8443467704291874,0.758028200274146,-0.3602823221452176,0.7486933465044545,0.7691846113211367,0.769267788457034,0.7691846113211367,-0.14246655107400735],[0.9933483064887785,0.9870591206240045,0.7012412435599813,0.9943386404661053,0.99745940645986,0.9933483064887785,1.0,0.9978050437166825,0.9978050437166825,0.9999733603724046,0.9686407122469531,0.9997403441143444,0.9999969329815268,0.999994083223719,0.7745599953151338,0.7558890668796538,0.16540286989968592,0.9998793662539519,0.9998799392403673,0.991158136014149,0.999997136748078,0.2691557566215552,0.7815512313379259,0.986902298297368,0.986902298297368,0.9884791087298648,0.9924829782510427,0.2293519921091762,-0.20023756123609915,0.9914223480712039,0.9915524399239788,0.13723489563349298,-0.2809920009216035,0.9994114932611385,0.9995346463153276,0.5045967623702904,-0.28619686468644556,0.9992654172580069,0.9995196679017465,0.7470501824788567,0.14418831913339492,0.9513141043366885,0.9991932869022092,0.9513141043366885,0.9328183614591306,0.6329603511627204,0.9543406481478225,0.9366569371015847,0.8124782170877534,0.42672972983844953,-0.13390817254587198,-0.16554084046431972,0.9408715613791142,0.3171129460957563,0.9704868799678192,0.9684242866553318,0.9816563476685158,0.9951934399934763,0.025630156558790546,0.9014596482322889,0.8629832803749189,0.9019700562348617,0.8585320874468707,0.8260461741345074,0.8585320874468707,0.8520243702165763,0.8311544378134827,0.8221611976488523,0.8311544378134827,0.8984060881679222,0.4720422970312413,0.6575273980965098,0.7032483554181784,0.6575273980965098,0.6936372928986512,-0.3159044274428284,0.6755300646040749,-0.5802663948779826,0.5941920700212685,-0.04452545870373322,0.5203240388849553,-0.04452545870373322,-0.10175453966445874,0.8773869237955083,0.9012226105376171,0.8877336192563373,0.8012580966654292,0.1754429538175772,0.8749851440401971,0.8759956940989847,0.8749851440401971,0.8099028147311362,0.8099028147311362,-0.17046512908177172,0.7051385322676246,0.21303050451472372,-0.7399635826170557,-0.6551560288629119,-0.6584209169049183,-0.22412940213860447,0.11360348403957032,0.29808250886303184,-0.09348063937734465,-0.632418265113209,0.0072205165178464365,-0.8286970120008152,-0.22851176128350542,0.12234644101451643,0.12460246352526985,-0.6352492376790583,-0.5764067565523298,-0.14864918515612557,-0.6081484291129727,-0.8255399924440833,-0.42783081880059676,-0.268396011435125,-0.42783081880059676,-0.3317194846668356,-0.43325832767970557,-0.43325832767970557,-0.8174827694218694,-0.8174827694218694,0.49570565049056936,0.6030735447000753,0.5235826637614653,0.8126245371541545,0.7450663674354241,-0.41471555935089016,0.08596045701565502,0.7438277484116891,0.761594374316163,0.7438277484116891,-0.07248872267102001],[0.990470196495138,0.9828500830679097,0.6953003456429737,0.9918624799688469,0.9963232719839551,0.990470196495138,0.9978050437166825,1.0,1.0,0.9996380024446548,0.963331696487628,0.9990019729880729,0.9984904903010121,0.9992729547491223,0.7708724420549766,0.7423619636061203,0.1444282441016858,0.9992932954134717,0.9992962463890348,0.9888565676914424,0.9993889486034684,0.24497019352520216,0.7840052663566546,0.9933484314587534,0.9933484314587534,0.98700095461772,0.9905556310627815,0.21274214669016636,-0.21237325421121042,0.9878355291808291,0.9912601042388036,0.11953729610065311,-0.2866085352668653,0.9984993030596627,0.9985326428561704,0.49013244507879006,-0.29163614202368776,0.9978379438545993,0.9985317998192483,0.7434025550257277,0.12289864901562338,0.9452613988198929,0.9983402735405517,0.9452613988198929,0.9311248076543174,0.6194919862012845,0.9549619189712153,0.9358451888581572,0.7975056191261618,0.4149201366608755,-0.14751819133587973,-0.17639778586988022,0.9340037848189451,0.2979858327182883,0.9663068624409793,0.9640865994315807,0.9773219536097656,0.9941083423488953,0.0177295444314451,0.8945077073837879,0.851912917122126,0.8965777913341867,0.8484486503234396,0.8165489993268179,0.8484486503234396,0.843826810130745,0.8181962375992907,0.8119731083182105,0.8181962375992907,0.8931014591389802,0.45702587827919366,0.6421374577661065,0.6902775975587093,0.6421374577661065,0.686003495032882,-0.32827773936678933,0.666325905775705,-0.5854169361378547,0.5895932846726947,-0.063353284556457,0.5079699815788592,-0.063353284556457,-0.1067554694965553,0.8713464958082965,0.8931480260647561,0.8801738617242263,0.7894144936774465,0.15829109673574918,0.8695514113953718,0.8707303628364839,0.8695514113953718,0.7978417171201737,0.7978417171201737,-0.18294702801261464,0.7234411530832576,0.21869295809096617,-0.7483090324956255,-0.6658041478772605,-0.6689240028519093,-0.23730474550530595,0.1075590763999657,0.2910263970810137,-0.11149463748345034,-0.643526318657479,-0.0018424748468490524,-0.832989718693571,-0.23484286732788373,0.10924853373628439,0.11154652482954273,-0.6449025868963564,-0.5768625775219018,-0.1552829111976683,-0.6217393420596049,-0.8240821558444844,-0.4380979157531768,-0.274349588571841,-0.4380979157531768,-0.34655382894176434,-0.4449681318042561,-0.4449681318042561,-0.8145840944660755,-0.8145840944660755,0.4820121415172393,0.588449823892205,0.5067682418954865,0.7966469444385004,0.7340301554297934,-0.4335374616268259,0.07352648291040374,0.7261237047226475,0.7467970425458611,0.7261237047226475,-0.05614718401049999],[0.990470196495138,0.9828500830679097,0.6953003456429737,0.9918624799688469,0.9963232719839551,0.990470196495138,0.9978050437166825,1.0,1.0,0.9996380024446548,0.963331696487628,0.9990019729880729,0.9984904903010121,0.9992729547491223,0.7708724420549766,0.7423619636061203,0.1444282441016858,0.9992932954134717,0.9992962463890348,0.9888565676914424,0.9993889486034684,0.24497019352520216,0.7840052663566546,0.9933484314587534,0.9933484314587534,0.98700095461772,0.9905556310627815,0.21274214669016636,-0.21237325421121042,0.9878355291808291,0.9912601042388036,0.11953729610065311,-0.2866085352668653,0.9984993030596627,0.9985326428561704,0.49013244507879006,-0.29163614202368776,0.9978379438545993,0.9985317998192483,0.7434025550257277,0.12289864901562338,0.9452613988198929,0.9983402735405517,0.9452613988198929,0.9311248076543174,0.6194919862012845,0.9549619189712153,0.9358451888581572,0.7975056191261618,0.4149201366608755,-0.14751819133587973,-0.17639778586988022,0.9340037848189451,0.2979858327182883,0.9663068624409793,0.9640865994315807,0.9773219536097656,0.9941083423488953,0.0177295444314451,0.8945077073837879,0.851912917122126,0.8965777913341867,0.8484486503234396,0.8165489993268179,0.8484486503234396,0.843826810130745,0.8181962375992907,0.8119731083182105,0.8181962375992907,0.8931014591389802,0.45702587827919366,0.6421374577661065,0.6902775975587093,0.6421374577661065,0.686003495032882,-0.32827773936678933,0.666325905775705,-0.5854169361378547,0.5895932846726947,-0.063353284556457,0.5079699815788592,-0.063353284556457,-0.1067554694965553,0.8713464958082965,0.8931480260647561,0.8801738617242263,0.7894144936774465,0.15829109673574918,0.8695514113953718,0.8707303628364839,0.8695514113953718,0.7978417171201737,0.7978417171201737,-0.18294702801261464,0.7234411530832576,0.21869295809096617,-0.7483090324956255,-0.6658041478772605,-0.6689240028519093,-0.23730474550530595,0.1075590763999657,0.2910263970810137,-0.11149463748345034,-0.643526318657479,-0.0018424748468490524,-0.832989718693571,-0.23484286732788373,0.10924853373628439,0.11154652482954273,-0.6449025868963564,-0.5768625775219018,-0.1552829111976683,-0.6217393420596049,-0.8240821558444844,-0.4380979157531768,-0.274349588571841,-0.4380979157531768,-0.34655382894176434,-0.4449681318042561,-0.4449681318042561,-0.8145840944660755,-0.8145840944660755,0.4820121415172393,0.588449823892205,0.5067682418954865,0.7966469444385004,0.7340301554297934,-0.4335374616268259,0.07352648291040374,0.7261237047226475,0.7467970425458611,0.7261237047226475,-0.05614718401049999],[0.9938108807775816,0.9870069679088601,0.6641115862895766,0.9949902232658663,0.9976770351036415,0.9938108807775816,0.9999733603724046,0.9996380024446548,0.9996380024446548,1.0,0.9678172281467977,0.999708898734465,0.9999742250334959,0.9999766056476511,0.5930551479603232,0.46523690573564486,0.042933281465658134,0.9998403716276987,0.99984139995448,0.991110617034807,0.9999719362576077,0.039167466422000856,0.7670463776575227,0.9956993677788294,0.9956993677788294,0.99566475905021,0.9924431400155949,0.0594967634731021,-0.14456776091445667,0.9910213253919755,0.9909838755677045,-0.048667137406261114,-0.24480069649227174,0.9994752537380361,0.9994347074209184,0.8429323121284618,-0.446229384627777,0.9992170037005678,0.9994936621908295,0.5548925609366909,0.019161032121994305,0.9993622351932595,0.9993673269800867,0.9993622351932595,0.9327456995879575,0.6333094626285222,0.9543377692951898,0.9365738044622243,0.8121972173366694,0.054379592293784466,-0.5395097820622656,-0.08026546483540005,0.9380199884859757,0.2623181893819704,0.9686432189471963,0.9683934499317653,0.9840772293989176,0.9944812402165017,0.903895215158406,0.9025140518590817,0.9127757309938249,0.9032540868269082,0.9111510692138057,0.9116507062996935,0.9111510692138057,0.8523936265656301,0.8701719049730312,0.8712713994428345,0.8701719049730312,0.8999815657632859,0.8262518569128257,0.8857222650101859,0.8866335127009554,0.8857222650101859,0.6940923442993553,0.5754797356180056,0.6763814970068773,-0.5677131593181585,0.6429692690714272,0.6172316337328748,0.6172328507476752,0.6172316337328748,-0.049595312135609235,0.8786296044700888,0.9014122380703414,0.8884210315208716,0.9111161905617015,0.08839862149807294,0.8800852555411856,0.881536063468055,0.8800852555411856,0.8844161503791498,0.8844161503791498,-0.17187290566494037,0.7057554577686372,0.011447005458754815,-0.7513712958260571,-0.6853443698322059,-0.6869162556766887,-0.22748096583554134,0.1177820884321057,-0.21355108215776328,-0.2745546805237026,-0.6677635892002801,-0.43261515087199665,-0.8573374812215829,-0.6212749182795013,0.12202905915737416,0.12426322008936783,-0.6365208887120594,-0.5724262847247716,-0.579910147678254,-0.6094289111985345,-0.7884122382388371,-0.6392629626132256,-0.641811007681205,-0.6392629626132256,-0.33375456109020085,-0.4367274703025736,-0.4367274703025736,-0.7698951931565922,-0.7698951931565922,0.4962096884335888,0.6014815850174894,0.8162488786724033,0.8211413729356324,0.7431642233897608,-0.4406049418344749,0.6584697497400789,0.691460463011864,0.6916480502363462,0.691460463011864,0.16396291440908903],[0.9798245228847007,0.9780041247834182,0.6405711753925032,0.9783449154894491,0.9731143719826986,0.9798245228847007,0.9686407122469531,0.963331696487628,0.963331696487628,0.9678172281467977,1.0,0.9581616344858411,0.9686591676853874,0.9684363138745331,0.33011787898256745,0.20395549326240425,-0.19359877800641936,0.9721471396977013,0.9721306601242944,0.968747341312254,0.968740906205805,-0.0591389998775478,0.8043152215589215,0.9697692867547164,0.9697692867547164,0.9699102983739086,0.9278616065564717,0.14695128317144435,-0.13217645808920386,0.9735278309594654,0.9736172174998893,0.0885048368342019,-0.03490826962446928,0.9750032064281815,0.9751981774468116,0.9072673685737134,-0.3103937779701847,0.9645704120402943,0.97437625621455,0.2854710135414459,-0.2126585114732906,0.975888150327858,0.9758622953482541,0.975888150327858,0.861081400272169,0.45193737206652757,0.8857061933534988,0.9301497749777106,0.8944033138880607,-0.43301179355012,-0.6585116219621568,-0.14034004548009318,0.911764083822684,-0.049289775070309245,0.9344821407318383,0.934535397523806,0.9492613016874127,0.9715742505082602,0.906800570982908,0.9106077054019397,0.9155196204196189,0.9094207972352564,0.9096777481854065,0.9101153829290367,0.9096777481854065,0.8740727412798089,0.8464903745790093,0.8475494826143758,0.8464903745790093,0.9061303284893214,0.9174996523068364,0.9044581475943462,0.9048525946955522,0.9044581475943462,0.7639885869076724,0.7132287973855688,0.764973982460482,-0.2042790332656952,0.7740387699410056,0.7871343071272993,0.7890233493389682,0.7871343071272993,-0.1908524324340953,0.9043218507885644,0.9482417848897479,0.9161124491650008,0.9169966156522613,-0.07411786281132031,0.899243716027127,0.8999046300383796,0.899243716027127,0.9049779070105546,0.9049779070105546,0.0226382242032175,0.46184492986337927,-0.16094026473842601,-0.7014073296598634,-0.46702331836806016,-0.46982589743545317,-0.11188227855174725,0.4409703890111563,-0.01840492896129075,-0.2502181456601165,-0.6033123994270202,-0.1480483095000303,-0.7810038936566034,-0.3123628069894319,0.31139779808565604,0.31187690311233557,-0.4355829125904917,-0.42900524332643947,-0.40612971827596267,-0.4187370491280239,-0.6462674468748769,-0.42453688912048954,-0.4271904383748597,-0.42453688912048954,-0.1731486973721171,-0.47971048322499293,-0.47971048322499293,-0.5423810190865285,-0.5423810190865285,0.613748776537066,0.6555978604709983,0.7616112138379878,0.7322566748110266,0.8123543178683812,-0.5225722557797323,0.45579279685991003,0.544597270809138,0.5449438710916734,0.544597270809138,-0.08522765696278786],[0.9885902330969775,0.9876849764760569,0.9946726325692347,0.9911220495784556,0.996830336043404,0.9885902330969775,0.9997403441143444,0.9990019729880729,0.9990019729880729,0.999708898734465,0.9581616344858411,1.0,0.9997388716788639,0.9997145344338316,0.05025103012148523,-0.05515380210509078,-0.5576043793319712,0.9998394125958685,0.9998409943642119,0.9997425567526717,0.9997418595003807,-0.3014811345551312,0.9750753329228204,0.9950685654280311,0.9950685654280311,0.9950522721670491,0.993696029757066,0.0643099944552913,0.05674221780144606,0.9931538746862193,0.9932020638122955,0.7223848088797091,-0.06928966886472421,0.9992447502696902,0.999212663772541,0.9991031621861981,0.9995123909688245,0.9995384752429296,0.9992678602008238,-0.00630888506206282,-0.5645280715798512,0.9990673022069316,0.9990724382477745,0.9990673022069316,0.9282960431948091,0.4882612463617276,0.9506205392043245,0.9330307670549054,0.8119101990412882,-0.29755772761891325,-0.564287676065024,0.8519382392912941,0.8792679211881653,-0.3387446003387571,0.9454238287565291,0.9455968124970965,0.9752786028305853,0.9941792945197991,0.9197068239303887,0.9241511670357818,0.9038443087179154,0.9093021357036357,0.9074577626420232,0.9078598701550255,0.9074577626420232,0.824716012209009,0.7941288114480335,0.7954015978606978,0.7941288114480335,0.9255345892644791,0.9301347367022883,0.9245925625261736,0.9253433578700654,0.9245925625261736,0.6390912208901921,0.5945573701169616,0.6661074270874312,0.7273133710412004,0.645475432754514,0.6691813633055399,0.6711778313512365,0.6691813633055399,-0.19761575691167482,0.8788278845003165,0.9025901866597397,0.8941748795976456,0.9252445754175752,-0.36047901428029616,0.8752513053690653,0.875419764424053,0.8752513053690653,0.8818189361785298,0.8818189361785298,-0.22178319540684563,0.7004508991866989,-0.40065232544419965,-0.8287901092784448,-0.5463442806282568,-0.5496376886261652,-0.4491265293521514,0.2539079436555742,-0.3164020593764518,-0.5625764059583215,-0.7907893808435845,-0.4217573347441375,-0.5804019923231444,-0.4981064600345891,0.11492599751271325,0.11338859906504763,-0.5612987906801536,-0.5368899607295747,-0.558464607502217,-0.5946998813644632,-0.5873871130371795,-0.5617334549499321,-0.565083838030269,-0.5617334549499321,-0.4565662254805048,-0.6454844446215555,-0.6454844446215555,-0.6333829335139036,-0.6333829335139036,0.4919131120752002,0.3644388542995272,0.5062879566999939,0.6311210216019661,0.5469092916039296,-0.5706157070078814,0.37607280604598065,0.30901826372705604,0.3092781109336253,0.30901826372705604,0.29356312317644956],[0.993379884205947,0.9870940526361777,0.7012694755799916,0.994361596330558,0.9974764604860052,0.993379884205947,0.9999969329815268,0.9984904903010121,0.9984904903010121,0.9999742250334959,0.9686591676853874,0.9997388716788639,1.0,0.9999956655015422,0.7745342070432927,0.739845385634812,0.1654331442303477,0.9998805142627875,0.9998809795862034,0.9911847316337518,0.9999976259768852,0.2694289819096539,0.7816180509602632,0.991668302478238,0.991668302478238,0.9884744629089833,0.9924866164149253,0.2295851659250002,-0.20018217795225637,0.9914808989897314,0.9915572286677777,0.1374366435446425,-0.2809636633607589,0.9994122804610122,0.9995363317285693,0.5045815596712188,-0.28600111647906756,0.999265024850336,0.9995249923669433,0.7470094067737837,0.14422428755604025,0.9513033822802506,0.9991944913210328,0.9513033822802506,0.9328067525620098,0.6330695780654058,0.9543938171604434,0.9367062596869772,0.8125432743218511,0.4270656756558696,-0.13351712423786272,-0.16521162282260185,0.940922500841367,0.31715740929873226,0.9705556441927968,0.9684605427647727,0.9817244008976025,0.9952022812129553,0.025803945629511396,0.9015744519229206,0.8630618509873236,0.902072785942658,0.8586088247278509,0.8260048680199662,0.8586088247278509,0.8521183278289662,0.8312030845289365,0.8221189844666578,0.8312030845289365,0.8985308902813658,0.4719477793107447,0.6575345806106603,0.7031809974243012,0.6575345806106603,0.6936450658285473,-0.31591582444671645,0.6755591808145793,-0.580163555321456,0.594136986190244,-0.04463491996201397,0.5203593172729368,-0.04463491996201397,-0.10187313131515087,0.8774694571412522,0.9013281697534066,0.8878215332953728,0.8012532864603488,0.1754811435734943,0.8750659153993786,0.8760725694800026,0.8750659153993786,0.8099612904421251,0.8099612904421251,-0.17040697722680787,0.7051065856405376,0.21312367964278534,-0.740004679725355,-0.6550792646406177,-0.6583487303235038,-0.22420771376565735,0.11350916267954579,0.29822829837915776,-0.09348220379392432,-0.6324794326234051,0.007446457424226242,-0.8284677881543985,-0.22826011380623168,0.12242487959134499,0.1246939171937412,-0.6352278984043863,-0.5762066426189422,-0.14843901532736886,-0.6081034187135124,-0.8254401024898902,-0.4276403957463829,-0.2682229643509482,-0.4276403957463829,-0.3315784006657222,-0.4332354921877745,-0.4332354921877745,-0.8174281046223162,-0.8174281046223162,0.49607658964513035,0.6031701431035438,0.5237947427188139,0.8128356526904631,0.7451018667357766,-0.4145358599613066,0.08621183512226564,0.7440417642373658,0.7616879714901369,0.7440417642373658,-0.0725158352980937],[0.9934171362589507,0.9869582784517252,0.7013459284361785,0.9943782544697248,0.9974957196773255,0.9934171362589507,0.999994083223719,0.9992729547491223,0.9992729547491223,0.9999766056476511,0.9684363138745331,0.9997145344338316,0.9999956655015422,1.0,0.7613575461226675,0.6738142012586197,0.16560204292752434,0.9998834776729446,0.9998838183645465,0.9913015023242931,0.9999954707177304,0.27009135601022866,0.7814467471265624,0.9945915890762546,0.9945915890762546,0.9945129538457677,0.9924010001954439,0.2298670942018296,-0.20020490893329015,0.9924290104594891,0.9924717036133229,0.13815107485701708,-0.280802461979,0.9994544728434656,0.9995362230921937,0.5036928930829465,-0.2853472909319902,0.9992308793727774,0.9995268698289326,0.7435042666196807,0.14441234211279888,0.9509143053608299,0.9992412081396325,0.9509143053608299,0.9329909487364016,0.6336599764439969,0.9544370883701784,0.9367103401123172,0.8122874704867402,0.4282950628330312,-0.1321361939941711,-0.16545368080313363,0.941202226086167,0.31742293523721116,0.970905148969607,0.9687163507525611,0.9819511832942279,0.9952483475541096,0.02484848315791476,0.9017713009561479,0.8629515714476099,0.902237638517587,0.8585242735530352,0.8255892308078322,0.8585242735530352,0.8522673976763322,0.8310914205329608,0.8223734905803161,0.8310914205329608,0.8987660488518683,0.47131927615312785,0.6570831763681335,0.7031516469518849,0.6570831763681335,0.6935056313847862,-0.31699876940592775,0.6755041081421103,-0.5803914425949278,0.5938163787696271,-0.045553447602879035,0.5200282329249449,-0.045553447602879035,-0.10186272608082159,0.8775559488203867,0.9011212531667497,0.88792225901631,0.7951136002344772,0.17586021450901262,0.875106541411125,0.8761047212394045,0.875106541411125,0.8097644581662906,0.8097644581662906,-0.17159380186730377,0.7058262460476895,0.21359471394724264,-0.7399531681896773,-0.6553976552161408,-0.6586709553850837,-0.2251498234442657,0.11246555107662785,0.2985671171267456,-0.093795287676993,-0.6326040205254484,0.007568109931397329,-0.8278091028717456,-0.22807971681175765,0.12158644844165248,0.12385534725766066,-0.6357466228985685,-0.576392557880189,-0.14789424803639373,-0.6090713305481673,-0.8254964542105389,-0.42757457026405127,-0.2677048793051445,-0.42757457026405127,-0.3323500460990495,-0.4336122763701659,-0.4336122763701659,-0.81777776695444,-0.81777776695444,0.4961382842494144,0.6028770743154255,0.5233718104505637,0.8132370501424073,0.7446288640068679,-0.414148575611201,0.08561636217761975,0.7444554859693586,0.7622930732842098,0.7444554859693586,-0.07229457209604515],[0.6650269587901871,-0.06954135720109109,0.34341755505035537,0.664070606953595,0.5383310584477028,0.6650269587901871,0.7745599953151338,0.7708724420549766,0.7708724420549766,0.5930551479603232,0.33011787898256745,0.05025103012148523,0.7745342070432927,0.7613575461226675,1.0,0.9907642280157649,0.4329161471685203,0.7343470010383524,0.7343009259033493,0.6410789614747635,0.7596774669705608,0.33732826427809526,0.3017588091785869,0.7488864456414208,0.7488864456414208,0.7325135169025219,-0.349750244278481,0.19367013908467667,-0.15459565903510525,0.8088789355548787,0.8050429361018945,0.16305357597055717,-0.2033869272834118,0.7685412319751704,0.6243420606338466,0.23103438403988963,-0.3169128501092003,0.06406849067315454,0.5830586361739301,0.9982777902643226,0.41632157991582114,0.6927545481170704,0.7679893347672698,0.6927545481170704,0.0012287756985470155,0.4889794294383617,-0.40768410299758356,-0.43005802267398036,-0.11577310703669347,0.38583651221420645,-0.052093262122441045,-0.21234509789165115,0.6101674356100688,0.39435710931512036,0.7719501696045523,0.6129893938540714,0.7237030553623136,0.7490470099588126,-0.1111437620048327,-0.01857399660337351,0.4890970418160266,0.3204561791143865,0.4779669965923801,0.5795290405007616,0.4779669965923801,0.1948346493890824,0.4804345036206514,0.5696248637842413,0.4804345036206514,0.23431196211090635,0.1992375460832033,0.3414081024577204,0.4630194975819116,0.3414081024577204,0.15947965552633872,-0.35595920929888025,0.09495158365031961,-0.6328479371987036,0.15968378577124887,-0.1498103323407979,0.23068202222491305,-0.1498103323407979,-0.15871212911477342,0.2687086557800258,-0.16706141172704456,0.04379383504889611,0.5822047479778593,0.4271103850977205,0.3534247542942829,0.3604492892865126,0.3534247542942829,0.4316817129884105,0.4316817129884105,-0.2092622828797465,0.0038472002516826286,0.24451633951384566,-0.2041838742259147,-0.4786436409711521,-0.4800924077904453,-0.009682234266903629,-0.06682966872086611,0.3531762072589682,0.1550473297899368,-0.11330522983985805,0.12734988360595645,-0.6939272096668717,-0.0683288211320398,-0.02681951808616847,-0.026942443483184014,-0.4439653416142125,-0.4553766985722775,-0.015312699850233171,-0.27005943946080396,-0.7343383455239031,-0.2654997173922605,-0.12852694762477088,-0.2654997173922605,-0.12850041925302097,-0.14444371678416124,-0.14444371678416124,-0.7299709317542911,-0.7299709317542911,-0.16449654940589417,0.39906339343598607,0.4489617378605749,0.680371326706072,0.4764067266398853,-0.20110418695341556,0.04661873486824727,0.693772761464477,0.7234326826060251,0.693772761464477,-0.15828958997746784],[0.5602183066777873,-0.16295853053211762,0.2843234611372999,0.558754977793455,0.4068093282204263,0.5602183066777873,0.7558890668796538,0.7423619636061203,0.7423619636061203,0.46523690573564486,0.20395549326240425,-0.05515380210509078,0.739845385634812,0.6738142012586197,0.9907642280157649,1.0,0.4436608457126697,0.6361031021037881,0.6360474216544008,0.5184268468734743,0.6718612551792716,0.3437236928950913,0.20665408225818416,0.7083729145814665,0.7083729145814665,0.6424335121871295,-0.41394221343847226,0.1972083984237358,-0.11205896100057672,0.7909793705317021,0.7268120014801841,0.18991436624362404,-0.1489885811979559,0.6825665830998805,0.5003607622614896,0.1894934466057433,-0.2781129265568544,-0.0439330956485773,0.4546131715220456,0.9926152233782845,0.4295999442941878,0.6087491768219456,0.6820810952792608,0.6087491768219456,-0.08615988314500006,0.42601753969220857,-0.4557161693256921,-0.46938035620164115,-0.17920260608103378,0.35242825132771216,-0.029567131968527772,-0.21506068795337782,0.4967226469177565,0.3671586884020078,0.6854471069805832,0.49320920721829337,0.6220296350340374,0.6469245480927363,-0.13970602110135466,-0.12652479681425935,0.4033170339529419,0.19804912240920766,0.3910507855517925,0.5288582767889932,0.3910507855517925,0.07714854030507176,0.39792530011953076,0.5145813858993923,0.39792530011953076,0.1136255406036234,0.1752312048562318,0.28842881979295526,0.4272900106249621,0.28842881979295526,0.06118286546225896,-0.332