var element=document.getElementById("correlationClose");if(element.style.display!='none'){var correlationClose={"data":[{"type":"heatmap","z":[[1.0,0.999988063284014,0.6518607634565463,0.9997230615763127,0.9979604066512434,1.0,0.992299095978483,0.9886138597941624,0.9886138597941624,0.9929723908095688,0.9766928134627406,0.9867739609703602,0.9923365129693068,0.9927551453139544,0.992389756174209,0.8257130562030617,0.7695549434150722,0.3225202915760375,0.9932418998881858,0.9932306319640059,0.985524500666246,0.9923249475641402,0.42773334936957824,0.7298960377293777,0.9814395677734558,0.9814395677734558,0.9814211255807235,0.974857675966486,0.337594083816814,-0.1118416728696351,0.9896547197936096,0.9896203876722615,0.2873280993081625,-0.1864726643536748,0.9946681796737884,0.9953224358074515,0.8429390115107961,-0.36543080707460895,0.9905677492780697,0.9952851114215371,0.8136327261654154,0.30340931884833,0.9948140916544669,0.9948050432986711,0.9948140916544669,0.8880416572331319,0.653548674839357,0.9008345799738846,0.9077957275378599,0.8161750765269993,0.37521728969556833,-0.16893050764664522,0.20196619259313564,0.9465666424305852,0.39575872780019267,0.9748266196249805,0.9701270007700559,0.9800696333933308,0.9897720571500864,0.9289163706579856,0.9357310243485149,0.9440034974733927,0.9280822518222152,0.9413263778126196,0.9419719247930732,0.9413263778126196,0.8784785932463605,0.9202239829733068,0.9211382626423209,0.9202239829733068,0.9196673289525091,0.7808359254729372,0.8924517453129083,0.8937685034018533,0.8924517453129083,0.6850605201409894,0.3645259138036366,0.6687877271858979,-0.5599618553377732,0.5742272520887832,0.6007106107087459,0.6011463604334075,0.6007106107087459,-0.10341177554682081,0.9080998059581082,0.9400181607535794,0.9233683853573942,0.9302207461505108,0.3063994281732814,0.9034317616656404,0.9042428448526451,0.9034317616656404,0.9081646154813525,0.9081646154813525,-0.10417067861775074,0.5830718875734098,0.16718417622320975,-0.657676782256344,-0.5833799882865238,-0.5870230586327406,-0.1061435015519483,0.11223421327446999,0.21966414453248,0.03964840719775362,-0.517417296849699,0.0014069451047682227,-0.7964743734139328,-0.2659823312211059,0.1597257906791099,0.16100674874119023,-0.5651524495151168,-0.5844458814846278,-0.2613265872225381,-0.5084375943822209,-0.8194751925855481,-0.39217658847300546,-0.3840750375083177,-0.39217658847300546,-0.20411799383672144,-0.3174946200008511,-0.3174946200008511,-0.8075498995923432,-0.8075498995923432,0.38197340778601113,0.6319135544450502,0.8570241128599818,0.8410731783036697,0.7608383092488505,-0.31306524653431966,0.7499317023837869,0.7845034453102232,0.7847791135157935,0.7845034453102232,-0.2062361470445109],[0.999988063284014,1.0,0.9784851435325038,0.9994248721870399,0.9956003261491079,0.9999880632840139,0.9840388989037054,0.9778040966967,0.9778040966967,0.9838989826945543,0.9699273394089103,0.9854982784027247,0.9840805005717701,0.984020552581919,0.9839195080859494,0.30376990110193547,0.21699722806292318,-0.4005841798897201,0.9879845341018839,0.987968181423955,0.9841279092085147,0.9841232300726027,-0.11714495110841894,0.9776360367572523,0.9792560169842445,0.9792560169842445,0.9793034390389401,0.9750425497517974,0.13887927521683663,0.15944626408710558,0.9809740535908924,0.9810303682855632,0.8829847119981094,0.15533929506191374,0.9906096543847732,0.990658453022492,0.9912381468376922,0.9852630481210811,0.989594177917567,0.9907781255075165,0.25988183523161124,-0.40584000842446083,0.9912870836292399,0.9912764498080391,0.9912870836292399,0.8878246686751385,0.5026058149931052,0.900763458210466,0.9075428080737784,0.8156048678251768,-0.34343361161004027,-0.5070741574078567,0.8300289421007104,0.8721452219956449,-0.24593650759720387,0.9343099183266632,0.9344467693589593,0.9547377423706481,0.976723197975116,0.9469807536068504,0.9540499184782679,0.9387436064374016,0.9379650684715359,0.943389874924559,0.9438939180172069,0.943389874924559,0.8430233042974837,0.8154119498273049,0.8172808212882104,0.8154119498273049,0.948716473737448,0.952260624921881,0.9488333517969764,0.9497097472506255,0.9488333517969764,0.5847133313683496,0.5298176218120477,0.6293819408955998,0.7158800717640528,0.6201597277373034,0.6458365972342047,0.64650385853629,0.6458365972342047,-0.18739525274375138,0.9090609480005418,0.9344760899087629,0.9253316406079818,0.9521341040380028,-0.26233288642046765,0.9050366373169444,0.905318047758448,0.9050366373169444,0.9129608190051623,0.9129608190051623,-0.1934078426193268,0.5835532515356218,-0.3685758835761342,-0.756085552399434,-0.4614737860821102,-0.46503874413443325,-0.3591844009450662,0.2622910994213002,-0.25086079624876373,-0.4710072216056122,-0.7040841454037202,-0.33660418209200854,-0.48174986733486574,-0.39495837291898017,0.13434105127143964,0.13074817798868657,-0.48869323996951347,-0.45198289353845517,-0.48056257506916866,-0.5113699068230501,-0.5037633432180488,-0.482777705775191,-0.48587174528447563,-0.482777705775191,-0.3522113732083029,-0.5221929502580893,-0.5221929502580893,-0.4963851480480188,-0.4963851480480188,0.38184661540217885,0.36889053909554204,0.4929486005252963,0.5895762088968589,0.5285949872708693,-0.4316175906497014,0.360571964856698,0.31827168107091747,0.3183807343206348,0.31827168107091747,0.1445984104138035],[0.6518607634565463,0.9784851435325038,1.0,0.648341106265848,0.5748800152862021,0.6518607634565463,0.6350027367317462,0.6264023415499331,0.6264023415499331,0.5718122879838773,0.5308703154061731,0.9956923417596664,0.6350275095933675,0.6267818508168532,0.6352315822295161,0.44997006998825656,0.4361833230496636,-0.1851964661286463,0.5945090385851128,0.5937056083278851,0.5584172754542595,0.6340202296363119,0.20723658611049017,0.7746448280992935,0.6123972504002998,0.6123972504002998,0.6121629994325871,0.9881630053485553,0.32188972093497287,0.15007483211153463,0.5933510141162223,0.5929594178565456,0.7049893577367667,0.002170142614523269,0.6312161279735079,0.5665022109591944,0.6013267532551904,0.31209497729000507,0.9936012002165941,0.5608075847230487,0.43927444015368966,-0.19378953655728354,0.6480279814609391,0.6291718616033641,0.6480279814609391,0.8846578044039853,0.3972509363271609,0.9212211143953597,0.8975295609788719,0.7053003534175399,0.21096995636319837,-0.05749680361063693,0.04921568405252692,0.5086973648580275,-0.08783120201994775,0.576179226430635,0.5365595397742531,0.5618285625471086,0.5252727617660565,-0.016177436324377237,0.7783477241313125,0.7114082479149669,0.612060611109787,0.7171793634909726,0.7499394293334263,0.7171793634909726,0.4918235219669198,0.6197550245682212,0.6840014830011958,0.6197550245682212,0.6728789137295536,0.662837638317264,0.7121452527416504,0.7625278227246962,0.7121452527416504,0.3661956059555851,-0.08778022643202095,0.38305724013895975,0.10492678778069468,0.3746105235579541,0.26097242185323877,0.4700143363104058,0.26097242185323877,-0.1638046759489661,0.5814352499251572,0.8712626404674975,0.6564600998649494,0.7635812285624601,-0.04247724398536463,0.6254060538531165,0.6249284765814055,0.6254060538531165,0.7001746399733717,0.7001746399733717,-0.2117152664092872,0.7031215883176873,-0.19285980613650497,-0.6692527761413223,-0.42841689929866045,-0.4320540148346368,-0.414263327741147,0.08204152658712169,0.021402359929156855,-0.31893621342049494,-0.6492656047926721,-0.16187022683843655,-0.3001522328872124,-0.2560509863322524,0.0351883338243742,0.033197682130798226,-0.48119023344497663,-0.049384740279940324,-0.25170299935884466,-0.5054081061551166,-0.18570058153108593,-0.3957032442207184,-0.2757975391721951,-0.3957032442207184,-0.41202401818067586,-0.5303690237246687,-0.5303690237246687,-0.29240786799272134,-0.29240786799272134,0.32287445322689384,0.17762582858161638,0.2751321870139446,0.5112240650242099,0.26764939822205674,-0.3687627033890551,-0.019786803790267767,0.4534652836585371,0.5579611557182665,0.4534652836585371,-0.02583925857652397],[0.9997230615763127,0.9994248721870399,0.648341106265848,1.0,0.9988950251525733,0.9997230615763125,0.9936045338481857,0.9903780408249286,0.9903780408249286,0.9944967372804899,0.9746903661626317,0.9902345439714814,0.9936316739700489,0.9943444135280065,0.993661085428388,0.8248665972344379,0.7683329397837891,0.3076076172321663,0.9943599197769953,0.9943516627595446,0.9856392132038733,0.9936131400578359,0.4191355269838339,0.7342719215488892,0.9840512305579299,0.9840512305579299,0.9840323032979974,0.9811980771984117,0.33349572100782066,-0.11804832197728125,0.9889995312949303,0.9889738351482403,0.2795017828073329,-0.18668128400664244,0.9952321496822402,0.9960797256583095,0.8087590848612766,-0.36994391093508516,0.9930388476677559,0.9962700482889651,0.8120311725755438,0.2881953946955702,0.9931892109922763,0.9952788485043954,0.9931892109922763,0.8855216299931836,0.6411399940231867,0.9057236526854899,0.9054196268829583,0.7980428352275918,0.3701423232715133,-0.1740823253879959,0.19641254857157422,0.9410378473137175,0.3797781750960761,0.9703283060847958,0.9671547718313832,0.9778994518567827,0.9897029592940098,0.9089862060145011,0.9297941019597906,0.9318153412328337,0.9245118506214522,0.9253427331197377,0.9262174864499019,0.9253427331197377,0.8710759671656989,0.9087075773373213,0.9097079058745273,0.9087075773373213,0.9166338419558889,0.7241331215720943,0.8557339194808974,0.8570558458741792,0.8557339194808974,0.677480079122742,0.1370980505405715,0.6596045113065958,-0.564363655764022,0.5697448118844913,0.337366872974468,0.5720149071128989,0.337366872974468,-0.1096235748628666,0.9033595697914157,0.9333040147242341,0.9164235525575484,0.9083613209262671,0.2921816547561793,0.8993977798914415,0.9003361539959249,0.8993977798914415,0.8900007187233105,0.8900007187233105,-0.1087476345551732,0.6031486020184671,0.17187583634170484,-0.6675327340462688,-0.590053392064897,-0.5936099753378149,-0.11804603133652686,0.10781871616073617,0.2128487691605856,0.026711797502887664,-0.5293487406521654,-0.004777694584990585,-0.8019371200874937,-0.27352744549713914,0.15000488585990493,0.15134341811876145,-0.5715721948450551,-0.580798924075528,-0.26235830833930934,-0.5184891216947312,-0.8207715448060036,-0.39337191800568316,-0.3858320337407099,-0.39337191800568316,-0.2123410927209711,-0.3267745882525065,-0.3267745882525065,-0.8069142741714518,-0.8069142741714518,0.3722087062129869,0.6203964800845531,0.8490444753099494,0.8333101051935299,0.7533701923935341,-0.3256789716072182,0.7408306882090194,0.7755390264353326,0.7758164412695677,0.7755390264353326,-0.19136709816885775],[0.9979604066512434,0.9956003261491079,0.5748800152862021,0.9988950251525733,1.0,0.9979604066512434,0.9972121246645207,0.9956789979183418,0.9956789979183418,0.9974088591300793,0.9668744477762574,0.9964557345423289,0.9972301757769174,0.9973078169783157,0.9972567159602557,0.7508346200620595,0.6718069364029463,0.1022875694825671,0.9977117082353587,0.9977089774306247,0.9875556258166024,0.9972165100330808,0.06732503991352215,0.7137845455832399,0.9923042030647291,0.9923042030647291,0.9922662654455167,0.9901268109611026,0.11050225682092625,-0.10025824741724235,0.9872692508729667,0.9872063712380823,-0.013425986290567045,-0.08500082945820212,0.9978221814180549,0.9977533776667135,0.7985870970260464,-0.4934882834526721,0.9976791618488027,0.9980908078422074,0.7278218363862918,0.07804775912350607,0.997767580984398,0.9977701015264371,0.997767580984398,0.9000099242045146,0.6048395462860723,0.9213755959007458,0.9097471433370536,0.7734464764373917,-0.09129903184787061,-0.5868689639906611,-0.1981738399142106,0.9297753398347304,0.2331389527941179,0.9657725903895692,0.965801365990115,0.9801962637580215,0.9902166708880709,0.9082101974972951,0.9124172715954454,0.9228078288719308,0.9124083908946864,0.9212768726639426,0.9216351550569858,0.9212768726639426,0.8470781883426943,0.8659915713521491,0.8671075344321942,0.8659915713521491,0.9060281181949079,0.8184031299825567,0.8869810490006865,0.8877743004499076,0.8869810490006865,0.6374151628847935,0.5192481455421789,0.6255728210476617,-0.584590285489846,0.6215875032756206,0.6008316881160966,0.5998868505263782,0.6008316881160966,-0.12633171838044258,0.8864094929582046,0.9103955911294503,0.8949013705973304,0.9160631964584641,0.1383457390646641,0.8859207568880368,0.886953559618602,0.8859207568880368,0.8922747816877787,0.8922747816877787,-0.14773134795213555,0.6512661910575431,0.026226739678758097,-0.6976586928802121,-0.638253907385956,-0.6389238897232606,-0.14981464586423246,0.13106973603617597,-0.17774287813104653,-0.22088845552993877,-0.6012282284778149,-0.36475471151467675,-0.8496770714181252,-0.5517661996360472,0.11954590804323002,0.12073296031273212,-0.59756569647974,-0.5742604519596386,-0.5395300882755335,-0.5563724009006363,-0.779329875860901,-0.5912954907450707,-0.5941034426486392,-0.5912954907450707,-0.25106480309634815,-0.3604461664568988,-0.3604461664568988,-0.7477288464716666,-0.7477288464716666,0.35993760446663203,0.6025308173982912,0.8020248383766261,0.7876918544246891,0.7434770847714735,-0.4532058570437969,0.5998012344898447,0.6665781664732787,0.666907669882274,0.6665781664732787,0.03560994457316614],[1.0,0.9999880632840139,0.6518607634565463,0.9997230615763125,0.9979604066512434,1.0,0.992299095978483,0.9886138597941624,0.9886138597941624,0.9929723908095688,0.9766928134627406,0.9867739609703602,0.9923365129693068,0.9927551453139544,0.992389756174209,0.8257130562030617,0.7695549434150722,0.3225202915760375,0.9932418998881858,0.9932306319640059,0.985524500666246,0.9923249475641402,0.42773334936957824,0.7298960377293777,0.9814395677734558,0.9814395677734558,0.9814211255807235,0.974857675966486,0.337594083816814,-0.1118416728696351,0.9896547197936096,0.9896203876722615,0.2873280993081625,-0.1864726643536748,0.9946681796737884,0.9953224358074515,0.8429390115107961,-0.36543080707460895,0.9905677492780697,0.9952851114215371,0.8136327261654154,0.30340931884833,0.9948140916544669,0.9948050432986711,0.9948140916544669,0.8880416572331319,0.653548674839357,0.9008345799738846,0.9077957275378599,0.8161750765269993,0.37521728969556833,-0.16893050764664522,0.20196619259313564,0.9465666424305852,0.39575872780019267,0.9748266196249805,0.9701270007700559,0.9800696333933308,0.9897720571500864,0.9289163706579856,0.9357310243485149,0.9440034974733927,0.9280822518222152,0.9413263778126196,0.9419719247930732,0.9413263778126196,0.8784785932463605,0.9202239829733068,0.9211382626423209,0.9202239829733068,0.9196673289525091,0.7808359254729372,0.8924517453129083,0.8937685034018533,0.8924517453129083,0.6850605201409894,0.3645259138036366,0.6687877271858979,-0.5599618553377732,0.5742272520887832,0.6007106107087459,0.6011463604334075,0.6007106107087459,-0.10341177554682081,0.9080998059581082,0.9400181607535794,0.9233683853573942,0.9302207461505108,0.3063994281732814,0.9034317616656404,0.9042428448526451,0.9034317616656404,0.9081646154813525,0.9081646154813525,-0.10417067861775074,0.5830718875734098,0.16718417622320975,-0.657676782256344,-0.5833799882865238,-0.5870230586327406,-0.1061435015519483,0.11223421327446999,0.21966414453248,0.03964840719775362,-0.517417296849699,0.0014069451047682227,-0.7964743734139328,-0.2659823312211059,0.1597257906791099,0.16100674874119023,-0.5651524495151168,-0.5844458814846278,-0.2613265872225381,-0.5084375943822209,-0.8194751925855481,-0.39217658847300546,-0.3840750375083177,-0.39217658847300546,-0.20411799383672144,-0.3174946200008511,-0.3174946200008511,-0.8075498995923432,-0.8075498995923432,0.38197340778601113,0.6319135544450502,0.8570241128599818,0.8410731783036697,0.7608383092488505,-0.31306524653431966,0.7499317023837869,0.7845034453102232,0.7847791135157935,0.7845034453102232,-0.2062361470445109],[0.992299095978483,0.9840388989037054,0.6350027367317462,0.9936045338481857,0.9972121246645207,0.992299095978483,1.0,0.9975106164100267,0.9975106164100267,0.9999709278864567,0.9605064894252798,0.9996826606102812,0.9999965868079368,0.9999867832866386,0.9999933681012357,0.8841499860095855,0.873185520408607,0.269741077514068,0.999861794594312,0.9998619530530455,0.9898732352428182,0.99999677231047,0.3346897740020294,0.7322720149574129,0.9857795023003606,0.9857795023003606,0.9867692557600928,0.991000092285713,0.2620278744536376,-0.17225167219006743,0.9916123490702441,0.9915319592121797,0.18613143142017058,-0.23329042065663502,0.999345512481079,0.9994576746790895,0.4288743604596403,-0.3100858312824533,0.999025394467163,0.9994187640896066,0.8690708414342636,0.24899445769212358,0.9421256186267025,0.9990958042914333,0.9421256186267025,0.9097106373870397,0.612278953499929,0.9374786352249206,0.9169528129780504,0.7381885688990976,0.4090131231306186,-0.11321706857687115,-0.19670330120430668,0.9287080717050346,0.34660919811119834,0.967702753610358,0.9628303288310021,0.9787751634293144,0.995634246920894,-0.03542530181534321,0.8733588339814049,0.8341514183429286,0.8798244695196824,0.8287300927154592,0.7921469711177621,0.8287300927154592,0.8105696622112425,0.7968725776459189,0.7864358278971242,0.7968725776459189,0.8720663302237315,0.3864239026686199,0.5907175527436818,0.6535332735057876,0.5907175527436818,0.6070088912026514,-0.3441341124996557,0.57791662174889,-0.6279409774913123,0.5007125375407858,-0.09306423204571698,0.43857971471450063,-0.09306423204571698,-0.1505351454449803,0.850511086421636,0.8719924260964368,0.8570184285405176,0.7675492685091814,0.25389423679650774,0.8499782236467657,0.8513327495782813,0.8499782236467657,0.767459121313505,0.767459121313505,-0.18355813108162575,0.6936368905526765,0.2373287278706354,-0.6758776696666267,-0.6297068679820493,-0.6328331366288282,-0.1616890908272597,0.058681125589134235,0.3279374464730528,-0.004257691803579791,-0.5444131288906944,0.0558200741169166,-0.8281090963659894,-0.17241073411436342,0.08471455297885536,0.08607314569827587,-0.6134239364479086,-0.5905751360410597,-0.09860510547120055,-0.590557077140024,-0.834585788179648,-0.3858714613875562,-0.2185729971852524,-0.3858714613875562,-0.2830166633915296,-0.36909933137644224,-0.36909933137644224,-0.8269024652454943,-0.8269024652454943,0.3609141249137226,0.585971729874167,0.505784784110807,0.8020060180387873,0.7383501121479742,-0.3756341614738096,0.06624847971151616,0.7486999485331866,0.7679786306992971,0.7486999485331866,-0.12417652674993038],[0.9886138597941624,0.9778040966967,0.6264023415499331,0.9903780408249286,0.9956789979183418,0.9886138597941624,0.9975106164100267,1.0,1.0,0.9995616497089623,0.9538027160447765,0.998733441316312,0.9982560820191143,0.9994094430300597,0.9991508744351354,0.8817069855722411,0.8624657817774022,0.24810212728696596,0.9991949272648726,0.9991965847241421,0.9872755842281341,0.9992867314291117,0.3094443091040858,0.7334270413417993,0.9927765594430321,0.9927765594430321,0.9848901747626647,0.9882393258758367,0.24464447534732858,-0.1854812397182126,0.9879270651149574,0.9913602436846061,0.16761979087426465,-0.23912004508062285,0.998317303445862,0.9982940608779197,0.4112768125682344,-0.31658808640703867,0.9971246481117914,0.9982343158520277,0.8668960504121086,0.22695565742195217,0.9347580931146631,0.9981453418603194,0.9347580931146631,0.9072829276073536,0.5973050506560111,0.9377209442779171,0.9140646302135175,0.7165121099260539,0.3961812352402931,-0.12800149908167394,-0.20909059928623355,0.9202821568303536,0.32631809136226547,0.9630932850530283,0.9576964136395167,0.9737526460072746,0.9946476296997089,-0.04493758085239902,0.8627784884357916,0.8189888552106954,0.8719997699151885,0.8146624633089897,0.7803501604125028,0.8146624633089897,0.7989388901881115,0.7789398647645202,0.77336515584376,0.7789398647645202,0.8644885239009051,0.36783296713689323,0.5713201298192222,0.6377862892045553,0.5713201298192222,0.5948505993985244,-0.3583740804359411,0.5641050327158477,-0.6351750525771797,0.49344178511162884,-0.11448964268326846,0.4229858356846684,-0.11448964268326846,-0.1570642151973142,0.8413782637687993,0.8587735277647955,0.8454662020648522,0.7534140245171413,0.23634187993424632,0.8414106501438532,0.8429398834715327,0.8414106501438532,0.7509557923658563,0.7509557923658563,-0.1981782396783152,0.7168347544293091,0.24422837298768635,-0.6850585794440516,-0.6420561936012941,-0.6450003210922036,-0.17615221596988154,0.05127983950855662,0.3209476519919117,-0.023228346053883298,-0.5567557792336786,0.04657194343730469,-0.8337897604371519,-0.17888269227583717,0.06981988525847711,0.07120251811621761,-0.6246875421460246,-0.5915290759319742,-0.10541297042740239,-0.6067069653782825,-0.8340718239733415,-0.3971394635185991,-0.2247400738862567,-0.3971394635185991,-0.29992479402054195,-0.3823726604003787,-0.3823726604003787,-0.8248474830683159,-0.8248474830683159,0.34194770104131167,0.5694421115447234,0.48741006687948,0.7844344423849274,0.7259686035997712,-0.39672296961365394,0.05248691712779084,0.7298364415438892,0.7524014246300974,0.7298364415438892,-0.1072270430168938],[0.9886138597941624,0.9778040966967,0.6264023415499331,0.9903780408249286,0.9956789979183418,0.9886138597941624,0.9975106164100267,1.0,1.0,0.9995616497089623,0.9538027160447765,0.998733441316312,0.9982560820191143,0.9994094430300597,0.9991508744351354,0.8817069855722411,0.8624657817774022,0.24810212728696596,0.9991949272648726,0.9991965847241421,0.9872755842281341,0.9992867314291117,0.3094443091040858,0.7334270413417993,0.9927765594430321,0.9927765594430321,0.9848901747626647,0.9882393258758367,0.24464447534732858,-0.1854812397182126,0.9879270651149574,0.9913602436846061,0.16761979087426465,-0.23912004508062285,0.998317303445862,0.9982940608779197,0.4112768125682344,-0.31658808640703867,0.9971246481117914,0.9982343158520277,0.8668960504121086,0.22695565742195217,0.9347580931146631,0.9981453418603194,0.9347580931146631,0.9072829276073536,0.5973050506560111,0.9377209442779171,0.9140646302135175,0.7165121099260539,0.3961812352402931,-0.12800149908167394,-0.20909059928623355,0.9202821568303536,0.32631809136226547,0.9630932850530283,0.9576964136395167,0.9737526460072746,0.9946476296997089,-0.04493758085239902,0.8627784884357916,0.8189888552106954,0.8719997699151885,0.8146624633089897,0.7803501604125028,0.8146624633089897,0.7989388901881115,0.7789398647645202,0.77336515584376,0.7789398647645202,0.8644885239009051,0.36783296713689323,0.5713201298192222,0.6377862892045553,0.5713201298192222,0.5948505993985244,-0.3583740804359411,0.5641050327158477,-0.6351750525771797,0.49344178511162884,-0.11448964268326846,0.4229858356846684,-0.11448964268326846,-0.1570642151973142,0.8413782637687993,0.8587735277647955,0.8454662020648522,0.7534140245171413,0.23634187993424632,0.8414106501438532,0.8429398834715327,0.8414106501438532,0.7509557923658563,0.7509557923658563,-0.1981782396783152,0.7168347544293091,0.24422837298768635,-0.6850585794440516,-0.6420561936012941,-0.6450003210922036,-0.17615221596988154,0.05127983950855662,0.3209476519919117,-0.023228346053883298,-0.5567557792336786,0.04657194343730469,-0.8337897604371519,-0.17888269227583717,0.06981988525847711,0.07120251811621761,-0.6246875421460246,-0.5915290759319742,-0.10541297042740239,-0.6067069653782825,-0.8340718239733415,-0.3971394635185991,-0.2247400738862567,-0.3971394635185991,-0.29992479402054195,-0.3823726604003787,-0.3823726604003787,-0.8248474830683159,-0.8248474830683159,0.34194770104131167,0.5694421115447234,0.48741006687948,0.7844344423849274,0.7259686035997712,-0.39672296961365394,0.05248691712779084,0.7298364415438892,0.7524014246300974,0.7298364415438892,-0.1072270430168938],[0.9929723908095688,0.9838989826945543,0.5718122879838773,0.9944967372804899,0.9974088591300793,0.9929723908095688,0.9999709278864567,0.9995616497089623,0.9995616497089623,1.0,0.9594682854264361,0.9996475573981564,0.9999720940894034,0.9999711375502388,0.9999757001710342,0.7826822139525992,0.7066059952207607,0.15338434126562311,0.999817424101289,0.9998180145814253,0.9897531727312792,0.9999692524876329,0.11698573557831067,0.7060689900249985,0.995165603340407,0.995165603340407,0.995121682270766,0.9908610106793366,0.09439420216663633,-0.11187917399040742,0.9905894354992675,0.9905521496147522,0.00434385812049322,-0.1920367075184835,0.9993903665159115,0.9993488644954072,0.804784611707435,-0.4893796986602009,0.9989602743543926,0.9993954128238273,0.7605843184341035,0.12956733435050913,0.9992523175487443,0.9992575064965282,0.9992523175487443,0.9093921726498951,0.6128277030680114,0.937095094322139,0.9163046391745043,0.7376546819140789,0.010951131257257296,-0.5385596419003091,-0.15272915198429635,0.9245663581274781,0.2924538948711084,0.9634448719147877,0.962856359634935,0.9807505107787281,0.9948617198069221,0.8830298818841446,0.8741215606243694,0.8987227846912145,0.8807501846930251,0.8972114809677049,0.8978099373747709,0.8972114809677049,0.8099967917702745,0.8482069614199322,0.8496719687751066,0.8482069614199322,0.8734050189950728,0.782657024383887,0.8592764597719111,0.8604660928090461,0.8592764597719111,0.6066284524616326,0.4490935713755452,0.5770175615446536,-0.6377475905618737,0.5550650406770101,0.5220887518875627,0.5218160541936844,0.5220887518875627,-0.10788370878661807,0.8511557153705628,0.8719315619336665,0.8574215103489912,0.8915859739970202,0.17091067365692555,0.8553360092636455,0.8572362137029946,0.8553360092636455,0.8618148894224846,0.8618148894224846,-0.18528391182594173,0.6943736375937717,0.05245016986608522,-0.687825385274416,-0.6651972977826863,-0.6663090872844342,-0.16520603975372838,0.06201371405685182,-0.18297964870354355,-0.1882746608714199,-0.5852348475955942,-0.3927166173595084,-0.8674471027175643,-0.5871906331500619,0.08417548594431819,0.08551088472155126,-0.6150093411489436,-0.5866984999697856,-0.5494753680066742,-0.5922363294255942,-0.8031466559997741,-0.6144931611066227,-0.6166672122774542,-0.6144931611066227,-0.2848189889669992,-0.3723123027964208,-0.3723123027964208,-0.783267785161491,-0.783267785161491,0.3612377256590029,0.5843826240245765,0.8123819018167856,0.7998650988301376,0.7365657727919579,-0.40290986194507084,0.6334932835725813,0.691283892486819,0.6914468847339477,0.691283892486819,0.11198160392820308],[0.9766928134627406,0.9699273394089103,0.5308703154061731,0.9746903661626317,0.9668744477762574,0.9766928134627406,0.9605064894252798,0.9538027160447765,0.9538027160447765,0.9594682854264361,1.0,0.9439084022497558,0.9605277011969261,0.9605471633097095,0.9602443491125926,0.6030009716052093,0.5144320672163992,-0.0666193105016303,0.9649397913397915,0.9649191046194114,0.9606431997025844,0.9606354136589405,0.04153205302280634,0.7464352988190557,0.9621006658283195,0.9621006658283195,0.9622775237690484,0.8890413684391838,0.19855506084608662,-0.09533607307845499,0.9675111305296755,0.9676157657435764,0.16037245297345282,0.07130205225147676,0.9685742661286563,0.9688187183378849,0.8822413291662259,-0.38542297483918575,0.9523850475912575,0.9677590110884744,0.5765941651571496,-0.08772840416323004,0.9696891231466988,0.9696577126574345,0.9696891231466988,0.8103272818152798,0.41141956738230423,0.8214855039524043,0.8954394314274421,0.8500507949490694,-0.5215777746400858,-0.6797804246217644,-0.2470362892692573,0.8881168406416359,-0.009999937661076904,0.9178298696051432,0.9178940095782923,0.9374531169271203,0.9657719496295895,0.8867327377565019,0.8873372989189929,0.9058860529847892,0.8895507766638187,0.8993102765547977,0.8999405410391249,0.8993102765547977,0.8428552475714377,0.8258924294378159,0.8275971589886685,0.8258924294378159,0.8835593210834187,0.8989142862852171,0.8818955664433126,0.8825019884181277,0.8818955664433126,0.6918761581122433,0.620948104157776,0.6928468268430448,-0.32398708822556693,0.7111956898972338,0.7272354524280139,0.7295359156345843,0.7272354524280139,-0.2687919837902057,0.887002651300862,0.9397101238363494,0.9015226663777073,0.8988727942738887,0.0214172256035499,0.880763222555602,0.8818152869369571,0.880763222555602,0.8895427434305871,0.8895427434305871,0.03979006885841314,0.3874035109878011,-0.11727520399544082,-0.6206097239096735,-0.42750487390884984,-0.42972028598246537,-0.024491528113588186,0.4167112780793675,0.039660575850481966,-0.14471932915576463,-0.5002940319293036,-0.07195342895078284,-0.797677521372454,-0.23416271680917658,0.29706530630774797,0.2965878748761771,-0.39689171591395433,-0.43357466189150723,-0.35928388033407155,-0.3688564118878471,-0.6663588064410081,-0.3792106022309917,-0.3813373150974191,-0.3792106022309917,-0.0999116919614985,-0.41166807967704494,-0.41166807967704494,-0.5397519802433283,-0.5397519802433283,0.5147994585688781,0.648404918364027,0.7491528567498451,0.6822228916838214,0.8145673585869253,-0.4931662817015503,0.38919529858995106,0.5351904203344615,0.5354808085466336,0.5351904203344615,-0.17969482658057548],[0.9867739609703602,0.9854982784027247,0.9956923417596664,0.9902345439714814,0.9964557345423289,0.9867739609703602,0.9996826606102812,0.998733441316312,0.998733441316312,0.9996475573981564,0.9439084022497558,1.0,0.9996826472727297,0.9996779819180966,0.9996492994810834,0.391738434815747,0.29703764473884625,-0.4872226906191568,0.9997972252988463,0.9997999506118833,0.9996876777142433,0.9996873653301166,-0.22397896661674688,0.9710670337667178,0.9944657534789122,0.9944657534789122,0.9944466586801238,0.9929786514373357,0.11923632658900132,0.10509631059420056,0.9914262485150747,0.9914725911172416,0.89995204692375,0.049796606493332764,0.9990135114010871,0.9989664229914013,0.9988376006456986,0.9993705870728125,0.9994047557374751,0.9990474331974383,0.34159151181291164,-0.4957634298430919,0.9987850990439433,0.9987934887382435,0.9987850990439433,0.9034453101918128,0.4513355374729338,0.9335317454792186,0.9141277094607191,0.7384139583212336,-0.4501388140392562,-0.6156592222018019,0.8077347981404209,0.8361751763372081,-0.33821311753376526,0.9288734942611958,0.9290891349572115,0.9687585669392151,0.9932755929532949,0.8948434949607329,0.9019855905520245,0.8783512810925429,0.8796640088078446,0.8849188576533041,0.88558912013602,0.8849188576533041,0.7584695041904084,0.7254993105137442,0.7277378288389176,0.7254993105137442,0.9013194924116226,0.9077484200300633,0.9004027574636414,0.9015032698306813,0.9004027574636414,0.4777902774163709,0.41302139436982654,0.5203512819240772,0.6232678154646274,0.5186044790171483,0.5501676210793321,0.5521500588766924,0.5501676210793321,-0.3625545965125817,0.8388057963070374,0.8756211481141624,0.8613919971478523,0.9014967294024986,-0.2943717887691715,0.833741477410601,0.8341247558190168,0.833741477410601,0.8442975766417526,0.8442975766417526,-0.23817394852373194,0.6867730763120351,-0.3885090009130487,-0.7788100777518397,-0.5349175662727181,-0.5375138548720504,-0.4068647345538898,0.20981200173784884,-0.29457383302030754,-0.5081482772880207,-0.7333965088598263,-0.385620655990088,-0.597558445231868,-0.4550574847764846,0.07760749762784763,0.07471848260985399,-0.5575185326714164,-0.5275957633669697,-0.5482394557470123,-0.5834333294475971,-0.5772635896771645,-0.5515487635591374,-0.5544602473672947,-0.5515487635591374,-0.4247562942394865,-0.6159218559617607,-0.6159218559617607,-0.6143956208003539,-0.6143956208003539,0.3573984177154052,0.33262250113054437,0.46368558520782144,0.5588546911154032,0.5225919390139876,-0.5697272534292477,0.29500277598278934,0.2833137404138943,0.28348333628416983,0.2833137404138943,0.23149060069411895],[0.9923365129693068,0.9840805005717701,0.6350275095933675,0.9936316739700489,0.9972301757769174,0.9923365129693068,0.9999965868079368,0.9982560820191143,0.9982560820191143,0.9999720940894034,0.9605277011969261,0.9996826472727297,1.0,0.9999904047596967,0.9999950590293823,0.8841244087875952,0.8649533681342154,0.26978787618920513,0.999863080909102,0.9998631994951247,0.9899071353763849,0.9999973589445325,0.3349866275541184,0.7323379636292684,0.9908939955084363,0.9908939955084363,0.9867608569544566,0.9909877710578451,0.2622742678709548,-0.17220131898029423,0.9916399451567243,0.9915406447994362,0.18635209646275788,-0.23325853346787284,0.9993470467773119,0.9994606618375474,0.4288543131002002,-0.309877296489776,0.9990276515875606,0.999426334148329,0.8690352251379021,0.24904751695746638,0.9421121624781928,0.9990977871912204,0.9421121624781928,0.909724034330242,0.6124144217131684,0.9376530897719436,0.917126413353533,0.7383002516505847,0.40938489484377283,-0.11278926304195719,-0.19634674831768875,0.9287743604912319,0.346669050463629,0.9677866832107538,0.9628827027779826,0.978856810733538,0.9956468510787027,-0.035237547678283625,0.8734992475619124,0.8342451100835978,0.879937333811703,0.8288223590942847,0.7920937807221967,0.8288223590942847,0.8106605589503604,0.7969282032173547,0.7863768494989025,0.7969282032173547,0.8722102047468362,0.38631043221666966,0.5907267827617281,0.653452941867839,0.5907267827617281,0.6069712560788078,-0.344150246582496,0.5778960405921456,-0.6278340716808427,0.5006266909242918,-0.09318535446059345,0.4386177682501637,-0.09318535446059345,-0.15067868719634733,0.8505877967317906,0.8721190770314005,0.8571142124559906,0.7675443094606677,0.25394296453333837,0.8500619492165419,0.8514122911325035,0.8500619492165419,0.7675283299890875,0.7675283299890875,-0.18349817543575436,0.6936631678745327,0.23744069671559961,-0.6759200481352204,-0.6296235689986954,-0.6327550491198269,-0.16177243962035423,0.058564454670258635,0.3280964612618179,-0.0042516615287674885,-0.5444782179478843,0.05606499042302818,-0.8278561306415648,-0.17213537638427415,0.08478558599707636,0.0861584459602876,-0.6134075497774595,-0.5903760016906046,-0.0983727891135025,-0.5905211197269506,-0.8344786550991256,-0.3856596821632746,-0.21838105378451927,-0.3856596821632746,-0.282856701830321,-0.3690673607194712,-0.3690673607194712,-0.8268461769674071,-0.8268461769674071,0.3613491115517126,0.5860835117911052,0.5060187467602489,0.8022442057316477,0.7383979153549102,-0.3754363864776448,0.06652040147945348,0.7489347841474576,0.7680834885885576,0.7489347841474576,-0.12419904643862442],[0.9927551453139544,0.984020552581919,0.6267818508168532,0.9943444135280065,0.9973078169783157,0.9927551453139544,0.9999867832866386,0.9994094430300597,0.9994094430300597,0.9999711375502388,0.9605471633097095,0.9996779819180966,0.9999904047596967,1.0,0.9999877212748756,0.8307226230195823,0.7691250501315958,0.2717421627946285,0.9998857109064337,0.9998862799642356,0.9898967671541044,0.9999877116244925,0.3371901242230416,0.7282581087271558,0.9938765227708772,0.9938765227708772,0.9938403283009669,0.99090981660728,0.2575888828114115,-0.17260286479522327,0.9918805725286737,0.9918892051337965,0.20996920042250483,-0.23267372036057904,0.999519593157393,0.9994603668110114,0.8444164030310072,-0.4016968125810317,0.9990230599806149,0.999430594844686,0.8143954408849616,0.25103745166038566,0.9994111914905744,0.9994157289863342,0.9994111914905744,0.9095877686914999,0.6125354696854685,0.9372844491841724,0.9166276456395125,0.7378352907743492,0.2892897302534561,-0.2834917093305332,0.09960079125985165,0.9286448935617183,0.34730093496815134,0.964649877508565,0.9629016175714417,0.9773688789356424,0.995874048547972,0.8903252139575081,0.8726520287318866,0.903473908390487,0.8798475536270184,0.9025843803503684,0.9034162803518967,0.9025843803503684,0.8097933881723722,0.8690291806728432,0.8704587637918291,0.8690291806728432,0.8720037106811234,0.7658910771798442,0.8649343382593127,0.8665199565267049,0.8649343382593127,0.6064440649717968,0.45390261567096074,0.5764443712940417,-0.6318118918035205,0.49910905046350273,0.5060167309302036,0.5070221701097853,0.5060167309302036,-0.15264253488762655,0.850393402604531,0.8717469835950475,0.8566000596025697,0.8971352849125503,0.2563387166634788,0.8499600617524079,0.8515916177399228,0.8499600617524079,0.8600151807050253,0.8600151807050253,-0.18388033876388085,0.6928155964744261,0.1519603146713674,-0.6747313944993484,-0.6292594491481713,-0.6322326721544091,-0.16172938808135986,0.057743613826289696,0.10422530156331425,-0.002660751648833692,-0.542876275177483,-0.13103695145131974,-0.8393896317826427,-0.3922489182565689,0.08452646647563104,0.08590222618835948,-0.6134554133432257,-0.5896885861535626,-0.39057855373442596,-0.5902824374223321,-0.8279678956057782,-0.5046123653448493,-0.5002139547695179,-0.5046123653448493,-0.28211865557978566,-0.36913425428069696,-0.36913425428069696,-0.8188557624708696,-0.8188557624708696,0.3605384322056159,0.5861750021500813,0.8217730762586305,0.8060943794592993,0.7388705852227256,-0.37489677320498044,0.7007257850512323,0.7379331689030719,0.7380169784772709,0.7379331689030719,-0.09192083983235179],[0.992389756174209,0.9839195080859494,0.6352315822295161,0.993661085428388,0.9972567159602557,0.992389756174209,0.9999933681012357,0.9991508744351354,0.9991508744351354,0.9999757001710342,0.9602443491125926,0.9996492994810834,0.9999950590293823,0.9999877212748756,1.0,0.8770855192746063,0.8300145558363907,0.2699118729933512,0.9998656967638517,0.9998657031203277,0.9900422372739477,0.9999949981754638,0.3356429855125035,0.7321873710740525,0.9941109245474026,0.9941109245474026,0.9940166506407673,0.9909077194219029,0.2625429344987391,-0.1722320907268322,0.9924745803493944,0.9925198907792049,0.18708770435269967,-0.23309200088861837,0.9993931430325751,0.9994597273448764,0.42788442231365736,-0.30911243458927395,0.9989829787266098,0.9994287591125592,0.867294273021849,0.24919388935888181,0.9416636014796654,0.9991491145779634,0.9416636014796654,0.9099859544283239,0.6130761367883787,0.9378719944943628,0.9173406877832238,0.7380458190594089,0.4107218912555729,-0.11128667980191188,-0.19655994405681645,0.9291180696407014,0.34693498206464374,0.9681753670474564,0.9631897304829845,0.9791196798927657,0.9956860834442959,-0.03622531892871324,0.873758163194314,0.8341626718487896,0.880160730460807,0.828773923644882,0.7916727489787656,0.828773923644882,0.8108511297566096,0.7968757223289717,0.786746654541361,0.7968757223289717,0.8725116371653923,0.3856559354419902,0.5902474929832799,0.6534612622680067,0.5902474929832799,0.6068391255630939,-0.3452761796438881,0.5778414655090375,-0.6280094907309683,0.5002853982703075,-0.09414711809621307,0.4382858623180961,-0.09414711809621307,-0.1506304816382293,0.8507161356300361,0.8718636544716385,0.8572419040428119,0.7596135886180587,0.25431203507005545,0.8501597444690786,0.851500916451721,0.8501597444690786,0.7673451612563459,0.7673451612563459,-0.18486918882504866,0.6944595574658899,0.2379254077243817,-0.675901304297244,-0.6299771942958242,-0.6331133182725608,-0.1628476683851805,0.057414268574457354,0.32841218446333725,-0.004651239173870308,-0.5446842899796858,0.056158577809293155,-0.82707912472682,-0.17196992613759868,0.083850343551296,0.08522195239550559,-0.6139869693650527,-0.5905924429537,-0.09781035625043055,-0.5916648834326348,-0.8344918069705836,-0.3855969535522759,-0.2178418635407487,-0.3855969535522759,-0.2837403576253842,-0.36950290883035175,-0.36950290883035175,-0.8271870833728986,-0.8271870833728986,0.36156199925203,0.585749830537798,0.505531437824607,0.8026749782157557,0.7378499141742407,-0.37500401603415556,0.06588548957841105,0.7493410404911635,0.7686893433174617,0.7493410404911635,-0.1239107924462211],[0.8257130562030617,0.30376990110193547,0.44997006998825656,0.8248665972344379,0.7508346200620595,0.8257130562030617,0.8841499860095855,0.8817069855722411,0.8817069855722411,0.7826822139525992,0.6030009716052093,0.391738434815747,0.8841244087875952,0.8307226230195823,0.8770855192746063,1.0,0.9942812694187316,0.41204401658942647,0.8618584986008153,0.8618476722933545,0.8063445001076481,0.8762338468104712,0.3288859286480556,0.4708636573960688,0.8681537818783183,0.8681537818783183,0.8553906017022725,-0.003518974961138299,0.1915459564247576,-0.18272545828401202,0.9003225389700927,0.8983158270325875,0.15312816348854696,-0.24733777233780152,0.8812315480633894,0.8011824258521161,0.2920030794637081,-0.319160663066529,0.4074108860037865,0.7763610641673666,0.9984153586655051,0.39412511933744787,0.8082545061019624,0.8809995440155781,0.8082545061019624,0.377641472622543,0.5682997541704622,-0.006348435347702296,-0.021700643786181424,0.2415765612780806,0.40570590465376327,-0.06281867015316224,-0.20993884421503078,0.7833975991883927,0.40431392602668376,0.8766825549673866,0.7921405471330493,0.8555903746977098,0.8699577983756879,-0.09729206952937951,0.3281386183067627,0.6583773192838084,0.5725678527301835,0.64995080350096