var element=document.getElementById("correlationAdjClose");if(element.style.display!='none'){var correlationAdjClose={"data":[{"type":"heatmap","z":[[1.0,0.9999920893772412,0.985095726226338,0.9999250281905668,0.99897798847165,0.9873320941524864,0.9976719597724963,0.9956028872468997,0.9691266301155977,0.9959152137744979,0.9803226597556735,0.9929845367886996,0.9957373389820888,0.9950002980932492,0.9956535703578372,0.9962815964813243,0.9973458624977352,0.9982066784651284,0.9963189457726288,0.9963302749965336,0.9963848226494113,0.9956877603759158,0.9861227981865353,0.9705054087028073,0.988696507513458,0.955661952031966,0.9876019608566158,0.9840025195529173,0.9655378907231084,0.9474895250942902,0.9935917429296461,0.9943744016698445,0.9920142551228612,0.9759902524210411,0.9975835636341999,0.9978551050397957,0.9972942617466437,0.9957980441294696,0.9954393025058756,0.997740398635676,0.9984244882229716,0.9987247338613168,0.9975303423748323,0.9975406860781846,0.9767559580214309,0.9166250084457306,0.7450204615501936,0.9103004673304598,0.9123545467748285,0.8453761905496188,0.9652687443959824,0.9459316288452756,0.9667334235377109,0.9649876735241326,0.9570648063728778,0.98546763797658,0.9822485490078225,0.9902403383037915,0.9945806649509912,0.9851908209235352,0.9794162536192976,0.9869277790981325,0.9845554229809356,0.9875273738820963,0.9873071944311818,0.9648492608554616,0.9702876639473659,0.9730467861535731,0.9727034325706135,0.9482161527161642,0.9774819981818839,0.9753709913159226,0.9832369098439345,0.9824246640624446,0.9385798983089654,0.8693820411629524,0.8369366267463734,0.8881210118556582,0.9114806288262837,0.907390785296949,0.9093912687991991,0.9079587462775222,0.6504855255696688,-0.5699899700132276,0.978555987743386,0.971637798256342,0.9680282616553322,0.9859939919828664,0.9723027679999268,0.9829075042733457,0.9828610327700767,0.9477308812459938,0.9830470027890033,0.9514228774063173,0.6724890703314356,0.8818176953983604,0.919660554821828,0.7680736414776365,0.9261799880965401,0.9449309240483591,0.824250945621925,0.9605511748722547,0.8960224259569188,0.6297365877827226,0.7123504526749129,0.89219587586731,0.8665330966695248,0.8893379669498045,0.9707896550055489,0.9709856671902073,0.7409539371552254,0.7144542781587268,0.8249740173246078,0.36023865144615363,0.7965182336396932,0.829320447561984,0.8161162966068426,0.8144169135786334,0.7596128984803122,0.744530043917594,0.7254214007603091,-0.2514762311207816,-0.3889783216830418,0.6474202182206366,0.8980331002666875,0.9419734631796494,0.9469069045920643,0.9167291715322118,0.8281281931743205,0.9139330514163688,0.935256751521462,0.9351020528245938,0.8696907745483674,-0.1895257246147256],[0.9999920893772412,1.0,0.9849497269849103,0.9997956062430263,0.9978357543581198,0.990381893346651,0.9936403353761961,0.9898909240879044,0.981390336259995,0.9899200070012879,0.9708868195153002,0.9920812808103475,0.990099439771815,0.9899463255526487,0.9899918847251219,0.9912148463430028,0.9956186603044469,0.9954871425311282,0.9929644405047509,0.9929643889887473,0.9899873004154544,0.9900420049041885,0.9894107298804593,0.9664994455277092,0.9858597398917721,0.9783305833101464,0.9856454914936861,0.9838676111849921,0.9757414906688218,0.9187320393849047,0.9878308313255638,0.9846721411910836,0.977251289274442,0.9199279060007024,0.9950700704718929,0.994919879518443,0.9951904776006563,0.9908710895402504,0.9946933132511626,0.9951886889897981,0.9960023010169388,0.9968017750630891,0.9951699653324696,0.9951783354193744,0.9876302748560498,0.9163664832120348,0.5899125540919817,0.9099314620663751,0.9123496576386019,0.8455150228024044,0.8719852317378894,0.9154338615244032,0.8754715940925697,0.8986909954697105,0.8711383797177493,0.9548302365272126,0.9547536119598138,0.9619561121510107,0.9827928439613622,0.977191546683434,0.9805417161168405,0.9752514096030996,0.9749373322381699,0.9776423665979084,0.9775591270606645,0.9421012019780115,0.9508632723890608,0.9211918968646198,0.9210957750005916,0.8306941464462388,0.9728959686197665,0.97494433885694,0.975174825921056,0.9746439658186344,0.9391677919507532,0.6883229891322014,0.6331751988675375,0.7743397902684526,0.8601759878052961,0.7965661461477778,0.8294803774075633,0.8278379549428524,0.6324376804437666,-0.2694527284004915,0.961868734092237,0.9678424150419562,0.961616026262455,0.9779776178022304,0.9591192877028585,0.9659471783562767,0.9651321349944074,0.9141064941664976,0.9685701103474116,0.9190668810512699,0.5234675449979236,0.8809999691806192,0.8778720972552437,0.33990305822212546,0.6949977381803991,0.776749747443394,0.6633155766794682,0.9606086051419329,0.6721882281888907,-0.2587716462752898,0.16171170768822538,0.64141033929492,0.6467846212822455,0.6932329157291237,0.9621949045513588,0.962074897634006,-0.04454817063710317,0.1981004480798443,0.03698129433214802,0.003312451947484382,0.031656340497813226,0.04805890275937995,0.01571260832670715,-0.030062016593315713,0.4048962004731104,0.1380754601044332,0.08773874321023716,-0.4469896800732946,-0.4852803555518258,0.6475144097809714,0.749090869801228,0.7734792016756882,0.8312634914842055,0.8255835799576021,0.5488397356630174,0.7372181233598512,0.7685104635030724,0.7671938671954683,0.4164836592409119,0.18871819209012],[0.985095726226338,0.9849497269849103,1.0,0.9865045539291033,0.9931258578901565,0.9905171355449465,0.990618164752816,0.9911219065363415,0.9899104920221842,0.9943300942722804,0.9570158880978702,0.9970924293846786,0.9910106196083545,0.9929358128844535,0.9911809995056821,0.9915177726021225,0.9912834986406401,0.9905690066684121,0.9897631141548188,0.9897304963936193,0.9928612396231005,0.9910517638790594,0.9940291653736053,0.9809189846625185,0.9910592122890151,0.9787561489464632,0.9915173749825857,0.9831021023369862,0.9836129405701488,0.9519981769168161,0.972001938218763,0.9758225462991337,0.9780603378203452,0.9518503685657591,0.9879237943241774,0.991048105245363,0.9893670475902036,0.9929792829813742,0.9950517265373198,0.9921482316660845,0.9855868862300392,0.9882159446797653,0.9882143697181272,0.9875901089998217,0.9910690105637514,0.915862867157854,0.685778233921648,0.9324866216540479,0.9066663149012871,0.763941590630035,0.9253765292067593,0.9012642312923056,0.9277026913368542,0.9251974965062147,0.9139844025944753,0.9523132534725035,0.9599926867649884,0.9672965663705165,0.9800028416066211,0.934078152352112,0.9542326409680638,0.95718846131149,0.9635020162661333,0.9576501657303852,0.9319274350896687,0.9060579025093658,0.9334735172612891,0.9276673702376986,0.9101666389861305,0.8728785157669161,0.9634844908291057,0.9415208592085679,0.9577511182245497,0.9363923478593108,0.7906026115647539,0.8140804081409623,0.7415183817594703,0.8354296870732721,0.8746090718654217,0.8735573463795427,0.8432848883750736,0.8572810159293336,0.33082034486073963,-0.56750986423066,0.9511263336132643,0.9295391984863755,0.9317399683238857,0.9343932778046171,0.9454584109020349,0.9552345106820865,0.9548137150303796,0.9198056936452625,0.9511297236842957,0.851474362421571,0.6474150801460063,0.9412020129863227,0.940990308270014,0.7325148609759122,0.9092949266782976,0.9299770279589368,0.8102514015105837,0.9792902410893205,0.7782438882370899,0.5363651870587174,0.6529912600594406,0.7868304794317184,0.7927250034325078,0.7756284744106369,0.9826320510254475,0.9826734744720409,0.6622440292002568,0.65271486447288,0.7128792256074523,0.2955533003186305,0.69321646174628,0.7119174884855517,0.7232139467247679,0.7086340648682682,0.7160784663604715,0.6735684530609971,0.6527335012027937,-0.3216312392073033,-0.45881530294995576,0.6079004556300386,0.8589669242252668,0.89157471270919,0.8940284121222756,0.8901462439178867,0.7591673926517853,0.8659987869887833,0.8802832207263647,0.8888014294942014,0.7386665352419641,-0.11030196427584692],[0.9999250281905668,0.9997956062430263,0.9865045539291033,1.0,0.9992674358166089,0.9883275696583362,0.9979852950512011,0.9961019414615939,0.9713901077916735,0.9964908455830435,0.979975400580346,0.9942471420652187,0.9962184551459929,0.9956864118455889,0.9961512470143166,0.9967257112536082,0.9977522948748514,0.9985306723388137,0.9967551812367427,0.9967640336738122,0.996874497445877,0.9961728527341395,0.987378239804769,0.9718409003337412,0.9897559869740632,0.9583114015246162,0.9887711799649487,0.9860837765806287,0.9676044493329314,0.9486764326941961,0.99302699625025,0.9939978301116021,0.9920891513326011,0.9756309320624756,0.9977260897946597,0.9981312644547972,0.9975868120553109,0.9963401104794827,0.9961320524673057,0.9980556191637854,0.998370336949903,0.9988561312609645,0.9976649971752009,0.9976723531225317,0.9785765792156443,0.9124739032538505,0.7387115442613392,0.9110711014811412,0.9103897374652024,0.8356875915817509,0.9623517467715885,0.9425381481667828,0.9637106176804605,0.9623618273107749,0.9542143586960867,0.9834027421926111,0.9807377760522239,0.9894267393164087,0.9945181746322507,0.9835401349879965,0.9779171371277395,0.9854572410847535,0.9837838906297541,0.9859773149308997,0.9857512435978439,0.9524310150822717,0.9687655201133945,0.9713807666573822,0.9710360086032759,0.9419757067870435,0.9768796562971251,0.97201235013057,0.9815762066459235,0.9807237971091339,0.9133477498396313,0.8674048950094287,0.8323675754911569,0.8858957994813967,0.9081206076645973,0.9065930570727783,0.9065198127578326,0.9051441583093988,0.5488803512821099,-0.5699200050222858,0.9774526671829116,0.9697677232964386,0.9660838764499705,0.9843470694115584,0.9712666695303434,0.9819115231540895,0.9818612279477046,0.9468012592015724,0.9813642560848471,0.9326471535590041,0.677668040166503,0.8891984902312963,0.924045069857958,0.769636889558554,0.9278684898110144,0.946365764990707,0.8245652988559663,0.9619906587508902,0.8898900414104267,0.6263401158410772,0.7105802555793188,0.8871199128691347,0.8629614790324641,0.8839357656550708,0.9718212779939996,0.9720254777820843,0.73996523871116,0.714716441876883,0.8170571542839089,0.3622536830274685,0.7908628987638315,0.8211198396486479,0.8079830656962522,0.8091125985066494,0.7623255870222975,0.7445550469195664,0.7255155916684374,-0.24685049456246316,-0.38823085155664616,0.6461919652535493,0.8961664965224447,0.9401791591467201,0.9451574116925173,0.9156149149870426,0.8253380595085311,0.911960893250908,0.9330488217965138,0.9330488568216231,0.8621568375844312,-0.18227735567741551],[0.99897798847165,0.9978357543581198,0.9931258578901565,0.9992674358166089,1.0,0.9912642070007965,0.9990619811096724,0.9983761146308251,0.9845281150635415,0.9984356295579988,0.9740833087108464,0.9978423390624177,0.99841629641535,0.9982408334517767,0.9984097710249341,0.9986290658879363,0.9985021449111398,0.9992355394302798,0.9987762678048152,0.9987756501989266,0.9984856845355726,0.9984031982559818,0.9939403413361131,0.9795214406956781,0.9941914930311199,0.9767584341414108,0.9941397430920971,0.989420962453722,0.9813686294920501,0.9521645158940937,0.9895630433271704,0.9921531027707561,0.9896596442433198,0.9669515618056941,0.9989406893719076,0.9989802346249397,0.9989836959933742,0.9985105087840717,0.9985833599891601,0.9990849169892048,0.9991478287358343,0.9991541777985897,0.998929469475537,0.9989289782177513,0.9888322978379823,0.9220326638681159,0.7143815381036516,0.9245760194521335,0.91427104041921,0.8191389484911437,0.9466211334925407,0.9323458006933985,0.9506493113160147,0.9541190303765379,0.9454187640585864,0.9797438586465873,0.9796748769687699,0.9888511423465097,0.9945427372458056,0.9797114506198983,0.9720548374565565,0.980621410859665,0.9795860818628992,0.9809515739101384,0.9806766368470134,0.9539665501111363,0.9590384775604167,0.9538877474297186,0.9534349452965315,0.9109791100189307,0.9739704661908707,0.9704934657337272,0.9769942249410848,0.976067028637937,0.9345080048631255,0.843816060415579,0.8006878960218695,0.8687776380177755,0.9114213714615569,0.8932146731520421,0.9015664685975202,0.9002702931666994,0.7051570176408191,-0.590789885484764,0.9705295955427562,0.9584013081935622,0.9558160215429378,0.9807727150488044,0.9606268897107507,0.9746345925130673,0.9741794823678269,0.9368213828762965,0.9765328557068117,0.9405752471129489,0.6646054123177499,0.9082097207090224,0.9452575154515463,0.7232875430671759,0.9075047992166791,0.9316019463981244,0.8184904817845818,0.967701877762201,0.8822692997314185,0.470427940467567,0.6447745104524852,0.8702700861208899,0.8290767072891932,0.8727845368659328,0.9758321128010752,0.9759883337127704,0.6945298586953788,0.6958685409080051,0.7379344322380128,0.3377698013637702,0.6790416834759141,0.7436217919856918,0.7202397712693028,0.699710581756005,0.7467793639319827,0.7275053017501772,0.7075258142580632,-0.46460601717163186,-0.5431777168641032,0.6365742264258953,0.8890694641171049,0.9247593470493769,0.9372137529027205,0.9120457058410496,0.8027493950375837,0.8956351974003837,0.917957166860594,0.9174793353527299,0.7966430022315231,0.030290903020337837],[0.9873320941524864,0.990381893346651,0.9905171355449465,0.9883275696583362,0.9912642070007965,1.0,0.987313968121091,0.9876583781723193,0.9908426291145163,0.9873038673349048,0.9625428901580168,0.9796506782968427,0.9875792163590673,0.9888755075547712,0.9877216574107239,0.9886458157134069,0.9913937100116039,0.9887525488247043,0.9884943930019463,0.9884998793955677,0.9865235240592253,0.9876628949975006,0.9959817170229633,0.9920216840461984,0.9879053539530052,0.9837879649767318,0.9878752975008693,0.9723442746495062,0.9859907990171963,0.9690829282567802,0.9692692335670341,0.9739668977444713,0.9822837653622544,0.969504619547734,0.9871932954338606,0.9874261798249301,0.9882466797731883,0.988483685299227,0.9815690149072904,0.9882954760077906,0.9866968362938916,0.9878561849842621,0.9873075557768475,0.9873258721871012,0.9951491256296169,0.8735476511994853,0.7123716686776763,0.8893444759880037,0.9068437091437259,0.8341066866527994,0.9279016328563896,0.9110279407822278,0.9299906386755581,0.9393830392736094,0.925628148419085,0.9588008348797451,0.9635903349816262,0.966327423070509,0.9771502166750462,0.9688913859083093,0.9824831884023523,0.9700206012891268,0.9821067503525759,0.9697746509422671,0.9692206221862232,0.9707355874607303,0.9628492770135626,0.944139383857188,0.9436307134765793,0.9349339565866849,0.9798685892701257,0.9722368530274047,0.9702191668291776,0.9686851902321524,0.9541966732252539,0.8660483432460745,0.81847671782268,0.8863777613524123,0.9026367300544625,0.9106846556050227,0.892887007348101,0.8906713517400667,0.6727770306547896,-0.5297337387592045,0.9765909062461341,0.9747518363333891,0.9709469372249688,0.969964163417414,0.9676987285965513,0.9762609117522774,0.97588058277693,0.9596552065342112,0.965644416632648,0.9588056238212861,0.6818092717726436,0.8577275430761173,0.9431698528327602,0.7705044004925712,0.9189096157784272,0.9352264041836279,0.8184198079507636,0.9579090023021232,0.8436022925176422,0.5674073732656845,0.6822096833840459,0.8414704268666756,0.8215394822868828,0.839699992911822,0.9596786300522603,0.9597710834458922,0.7004822577999472,0.6931017884780293,0.7586250074571658,0.3626153076322359,0.7411209107985616,0.7643524464149376,0.7507336461033471,0.7527910154576799,0.7480335999671845,0.7126807278894759,0.6958626386171157,-0.27634753013247176,-0.40530742523373464,0.6678090984191467,0.8770875294205898,0.8947342122105814,0.9040257996826685,0.8910025854078553,0.7955635827522982,0.8641798040775228,0.8862496774775678,0.8863597192876675,0.8297601108457835,-0.15261649571607114],[0.9976719597724963,0.9936403353761961,0.990618164752816,0.9979852950512011,0.9990619811096724,0.987313968121091,1.0,0.9972734256615015,0.9586877832352385,0.9995533084306634,0.9739438099861855,0.9994765085875518,0.9982274793047226,0.9990977694765671,0.9990753292278558,0.9994883251393227,0.9973521788948954,0.9999015966732221,0.9992957043741618,0.9993008563391964,0.999671232342087,0.9992655792624475,0.9906601549511473,0.9751729818488111,0.9846801162903898,0.9257468172964737,0.9928603060679174,0.9888665576309821,0.9727997477548755,0.9468948835869168,0.9919580934050629,0.991764968464757,0.9932683477408717,0.9728863838674233,0.9988892212742498,0.9998299557880749,0.999673861341334,0.9994223016141768,0.9996943742919786,0.9998596973741932,0.9980004354737941,0.9996952053109566,0.9993124643247919,0.9989391692724992,0.98245201920191,0.9290260500646695,0.7305098497198373,0.9365606142666874,0.9241629888244958,0.812380039600558,0.9578636822147486,0.94198545776976,0.959999575492509,0.9585277213021332,0.9512502014521516,0.9817661357399777,0.9803444430445819,0.9912218081038183,0.9964940012292463,0.9436500605347949,0.9587785126324603,0.9707535796884263,0.971140086173506,0.9724748639433063,0.9437345994366765,0.8967813087325062,0.9495157258564878,0.9574901048088929,0.934681713486606,0.8842711932336531,0.9634611416225017,0.9343021799338793,0.9647051767668298,0.9440071868959903,0.7536164170900781,0.8382997196964638,0.7639176072442443,0.8557162452313879,0.8797582852891097,0.8840130023394133,0.8627293943803089,0.8751205817937593,0.2846615697566935,-0.6040696867631714,0.9612066402903676,0.9427059224328207,0.9419287755145782,0.9456998139038421,0.9574578155360058,0.9684664839773927,0.9685102899591894,0.9269283431177442,0.9647599108715378,0.8335368485039627,0.659031790874607,0.9086273737855995,0.9239256159807362,0.7584057168070416,0.9250347398571693,0.9447344170651545,0.8190335850201167,0.9670797783714128,0.8315495747537068,0.6156217877619551,0.7012246607350314,0.844664395811265,0.842041391442107,0.8307054365708466,0.975905401780275,0.976121436147847,0.7269184926836622,0.6926928443296624,0.78242858426196,0.3327718384754995,0.7682268253245739,0.7922456916470044,0.7817359554658199,0.7888276998044317,0.7428938385569215,0.7326297905744708,0.7118023098257938,-0.2643380310419728,-0.41297776748566833,0.6547607202485074,0.8913660381263155,0.9281489050587709,0.9436553185372702,0.9161225825916399,0.8241105140985786,0.9121347641524216,0.933710911898764,0.9331393620991133,0.7756295719627242,-0.1456934113186292],[0.9956028872468997,0.9898909240879044,0.9911219065363415,0.9961019414615939,0.9983761146308251,0.9876583781723193,0.9972734256615015,1.0,0.9699675235101367,0.9999849579725518,0.9684005005520679,0.9996835134127962,0.9999969501831566,0.9996749923416498,0.9999979783099,0.9996271294256813,0.9931173100139284,0.9993582189700821,0.9998948836075571,0.9998944203028378,0.9999592999500491,0.9999947592663196,0.9909793199556244,0.9763551875751673,0.9921237234954775,0.9399829712128498,0.9933645396382935,0.9863673145005667,0.9749962990153114,0.945791363446631,0.9882317672268927,0.994054110945274,0.9919256361719964,0.9696203452306725,0.9994398672117897,0.999514103428685,0.9996324704612506,0.9997046077559311,0.998911812980944,0.9994453497406673,0.9983466407825247,0.9986364674114568,0.9995093182757994,0.9993745225326512,0.9839788184984555,0.9290332154054807,0.7175290230167012,0.9418420789615688,0.921878362721011,0.7924926475869883,0.9562358416605463,0.9371429280900332,0.957969423128889,0.9522384466338991,0.9448244247231252,0.9797565060192933,0.9771746121857968,0.9901959482659003,0.9972378057593757,0.9381625624124813,0.9535116483926178,0.9633724056389776,0.9674552411906152,0.9655492241899764,0.9418296606079898,0.8870476708081134,0.9438792286017569,0.949906782526336,0.9287778977317229,0.869952699686768,0.9601759176091492,0.9272778123089088,0.9585038374138241,0.9388987093404674,0.7383467730796358,0.828791293481999,0.759017372968415,0.8462370187354753,0.8713683808552095,0.8783882089408651,0.8577323010855776,0.8673421901548397,0.2647933458967609,-0.609465237335573,0.9561698235512737,0.9340804686500801,0.9343975764408761,0.943550521684457,0.951828289885316,0.9635355154253928,0.9635714023325249,0.9205312455099118,0.9568889298605631,0.8197997484639615,0.6547559862358479,0.926794164062497,0.935919802661372,0.7534625232433011,0.9244840988353606,0.9444299342579887,0.8163968508485583,0.9715903961628313,0.8350937788757083,0.6012472400157917,0.6919157781941949,0.8457778231296619,0.8389578990644445,0.8339004159461538,0.9787590894663086,0.9789802757103094,0.7169471157479244,0.6840379049464412,0.7842119603467484,0.3185177606511907,0.762989546741957,0.7878119832381955,0.7828284233459537,0.7832283182924221,0.7358312386480508,0.7263418701363282,0.7048583606015734,-0.2810876960109187,-0.4287491523918665,0.6377918646231856,0.8830968788633039,0.9258081850775061,0.9359516296061935,0.9098899382314158,0.8127973748194693,0.9056074536668738,0.927385257728519,0.9270582396823137,0.7557043061368639,-0.12804405752316939],[0.9691266301155977,0.981390336259995,0.9899104920221842,0.9713901077916735,0.9845281150635415,0.9908426291145163,0.9586877832352385,0.9699675235101367,1.0,0.9854100385004286,0.9433015390649625,0.9901122242341457,0.9737080058138203,0.9837578586304487,0.9786393646746847,0.9787216858765084,0.9540413269115546,0.9808318913014366,0.9792817546264782,0.9792548852418205,0.9833689932292212,0.9786654788697088,0.9946584985480248,0.9910712929632405,0.9824477960347264,0.9863515354701533,0.9852946762078287,0.9868268068822551,0.9890905380019919,0.9620008856657297,0.9316735432006434,0.9531186524252596,0.9692647580061238,0.9501368834551063,0.9732343625035715,0.981362959384078,0.9782949084653054,0.9806840838095798,0.9881918510220133,0.9830316255766716,0.9692912431265472,0.9778691411291114,0.9740485597902974,0.9730308526324416,0.9988263874049361,0.8900097291318674,0.6655763291120013,0.933435263458399,0.9202392857179494,0.773697645570295,0.8905479421735677,0.8802254298847096,0.8940492351070775,0.9098938469775646,0.8955719681086787,0.9332351587237828,0.9479277204257994,0.9516453845453491,0.9657579906117101,0.8904103411603835,0.954552476102139,0.9340507432604287,0.9561968711929275,0.9343951913453512,0.8884116045126247,0.8895051768685165,0.9251665634561905,0.9008165753775976,0.863930008385605,0.8496310654845621,0.9571572779351077,0.9047859629848456,0.9335826969959703,0.8936227992198011,0.7708704730293925,0.8036440405486815,0.692195332468451,0.8270865937499488,0.8517861236974115,0.8642558497037722,0.8142451396922101,0.8324693035441368,0.2999408438370984,-0.5581110618087171,0.9436497200872345,0.9310302876308122,0.9294314303282787,0.8904876705380721,0.9327102653861876,0.9431158838928432,0.9425513198887804,0.9191235253124479,0.9271790857897291,0.8307945392074032,0.6586608087895537,0.9184383016687958,0.9515651657920102,0.7389692829206745,0.9052505759743973,0.9231495753100483,0.7994399297969205,0.967463713810322,0.7467190787351349,0.5029287474924512,0.6352996653247179,0.7667071572507408,0.7715835933988553,0.7533165221525466,0.9671574204192926,0.9671805733681984,0.6464336383379372,0.6418810974392424,0.6801349430673568,0.3027783734677165,0.6770311626876679,0.6928428280444885,0.6739855781353946,0.6893787283167168,0.7102040871686126,0.6711131734871053,0.6513979875603926,-0.3304451804719607,-0.4643318875097941,0.6596768058007941,0.8484978440617328,0.8472539352841768,0.8722398797279539,0.8736607628114348,0.7566873565521778,0.8237768851379316,0.8534753515147524,0.8483807008661366,0.7138385158962037,-0.06847173027668671],[0.9959152137744979,0.9899200070012879,0.9943300942722804,0.9964908455830435,0.9984356295579988,0.9873038673349048,0.9995533084306634,0.9999849579725518,0.9854100385004286,1.0,0.9677413008849342,0.999682604355487,0.9999817712533554,0.9998453763715942,0.9999903705359663,0.9998163033302409,0.9980047033374306,0.9993496161366946,0.9998368165027152,0.9998358496416353,0.9999677587349329,0.9999829030987936,0.9938717989152417,0.9778438639437402,0.9953933417356686,0.975008534491668,0.995528315935347,0.9863318959488613,0.9793843820131595,0.9470357937896717,0.9888583257697088,0.993176515811108,0.9890128051710066,0.9653037466815644,0.9993744551029522,0.9994542234814319,0.9994603620763984,0.9998486442101314,0.9989210990124192,0.999431915192175,0.9987199841694531,0.9986500613289395,0.9993705478240812,0.9993648940317252,0.9885139589143966,0.9290878656564261,0.718172347573552,0.9416574813421837,0.9216989921891031,0.792706093848457,0.9437496487650108,0.9273993265145106,0.9473015298096685,0.9497228787952479,0.9421168392552283,0.977647172064319,0.9772318815157933,0.9902559473080065,0.9967073028337734,0.9690766529680779,0.9538886693573881,0.9699138908952598,0.9675522464823813,0.97033969723837,0.9700228326450615,0.9412295045175085,0.9432166152141883,0.9431533123422234,0.9427609140365849,0.89872632188128,0.9605228327875563,0.9608029027254046,0.9668061825283415,0.9656800250398659,0.9212412817682969,0.8281531662295105,0.7790394815723591,0.8453945188823973,0.8926052768115524,0.8770676684992504,0.8842941736139092,0.8832760832890492,0.6522878426909893,-0.6242569603822835,0.9561362450891374,0.9341167233761181,0.9345470114960354,0.970372529648925,0.9468247261469533,0.9631264326714941,0.962643422172205,0.9215066627365854,0.9652815372424604,0.9255879018743904,0.6532105582380855,0.9263535139102272,0.9493729370021675,0.7306532378689862,0.912142570471839,0.9357191196552442,0.8155431274029282,0.9704190793164316,0.8888836656205324,0.5021760218121426,0.6613713714045798,0.877513630741508,0.83683718233713,0.880477855676814,0.9786896841913342,0.9789407504775227,0.7148862073288919,0.6810495879006453,0.7536441125690856,0.3164032968173025,0.6965048835372238,0.7590618572052924,0.7376093899645642,0.7180366973267296,0.7333264387932289,0.7231916458443196,0.701661412315887,-0.5133890702180499,-0.592926231072533,0.6375607573666476,0.8819363433991535,0.9247484033484847,0.9379038244626826,0.9089149462126411,0.8080751691796327,0.8960106908326074,0.9179231843243575,0.9173661118465538,0.8064777530054079,0.10222968672483174],[0.9803226597556735,0.9708868195153002,0.9570158880978702,0.979975400580346,0.9740833087108464,0.9625428901580168,0.9739438099861855,0.9684005005520679,0.9433015390649625,0.9677413008849342,1.0,0.956695270892048,0.9687729152274127,0.9677577936638156,0.9685133715102614,0.9659591701332747,0.9690662991740235,0.9758745605849473,0.9725316215385076,0.9725448326507483,0.9685642290307799,0.9686311996056209,0.9671728384120962,0.9548619837256689,0.9749081667010217,0.9556508807600905,0.972902051072133,0.9119447289379446,0.970599161758734,0.9548703710247125,0.9779005592048754,0.9723990478681711,0.9724492329246477,0.9409120574895656,0.9761796492680749,0.9757760677968835,0.9761868283658099,0.9690161090726097,0.9636022048718448,0.9752181523436213,0.9760093734750261,0.9784011996634845,0.9763465946552314,0.9763626753973278,0.9566682698280943,0.8529307532501524,0.5403024346524367,0.8237208976265048,0.9037919553294198,0.8789557617335227,0.9059587539232217,0.8426886536899222,0.9102375655740083,0.9212489618674351,0.907487167413947,0.9383651638191609,0.9382345673677559,0.9465851800767163,0.9712860547133038,0.9468423565794039,0.9395340285422704,0.9560240591050495,0.9504292880405733,0.954599181053917,0.9546184778181848,0.9133261171654475,0.9546778031498632,0.9420248607816302,0.9417161166256363,0.8695465493905108,0.9396091886639728,0.9467381165138271,0.9407724220448329,0.9397250165920316,0.8918004335224982,0.8364390002789712,0.7961367066692119,0.8762608123423536,0.9228341931124574,0.8974067880396391,0.9102056871060078,0.9095749616556905,0.7392066137112555,-0.3204971590168701,0.9550811154868902,0.9570441920841898,0.9485907135619048,0.948461733303651,0.9343109515292064,0.9562664994392395,0.9562315257119965,0.9049772619878506,0.9580954640950236,0.9093117295998367,0.7437879070673259,0.7374015402074783,0.8771223872541601,0.6600575903193568,0.8666951207151687,0.8997342071345998,0.8827201342370142,0.9540176106633562,0.9088765029714474,0.38274832763255834,0.6629467441390253,0.9013975898895324,0.8808270270706465,0.9083552216978087,0.9542269511193628,0.9545375410178415,0.5531377497941733,0.7180444628662954,0.6281290185711542,0.5013319262721729,0.5886298861740613,0.6418137384647293,0.6036145603960583,0.5771083692447116,0.8189928052098843,0.6967596037521488,0.6618772095031493,-0.29451468315840096,-0.34733219782268643,0.7550917630564609,0.9180599117198719,0.9249404878252924,0.9150210981438537,0.9422012500831527,0.6756174496778371,0.8499190224731791,0.9119482797443611,0.9111375549320262,0.6955277250268995,-0.16333802532450273],[0.9929845367886996,0.9920812808103475,0.9970924293846786,0.9942471420652187,0.9978423390624177,0.9796506782968427,0.9994765085875518,0.9996835134127962,0.9901122242341457,0.999682604355487,0.956695270892048,1.0,0.9997076821301304,0.9996883690100321,0.9996961538645555,0.9996736671075653,0.9980005300929847,0.9992068349799074,0.9999601431234652,0.9999597155743206,0.9996950574487827,0.999702537492867,0.9910979561264844,0.9621848309353273,0.9921095494938531,0.9806438062697362,0.9931439166964845,0.9901172531878992,0.973557005214547,0.9064394579183153,0.9891461091720012,0.992791621494416,0.9749487049899315,0.9067766313880734,0.9992296520207324,0.9992913586999812,0.9992345856512459,0.9994873915307824,0.9994593893228501,0.9992572373715392,0.9984439114793917,0.9980334306861125,0.9992059034104277,0.9992018266854166,0.9899630227563233,0.9232739511477952,0.5586948697055357,0.9376993697989054,0.9209245323045451,0.796447917448638,0.85992871116958,0.8991337404522307,0.8649265714267947,0.8808538468947295,0.857292942304294,0.9526262075904091,0.9525704752216105,0.9766218304826716,0.9938313497231788,0.9556384445675363,0.9575523987649215,0.9482676985014714,0.9501143491925809,0.9522272026774552,0.9520452941775642,0.9063166984975598,0.9176774823934304,0.8813527028566323,0.8811850977266757,0.7761902859235952,0.9523492727617077,0.9553935747323559,0.9555389582553593,0.9548894922882132,0.9084689756943528,0.6386886796687531,0.5798509887920039,0.7254457289009015,0.8188179295955114,0.7529098801626726,0.7872519984333503,0.786103357501427,0.576347021280653,-0.3891088223010916,0.9290754511799286,0.9378556518842275,0.9287952658795213,0.9569115766274532,0.9258944457720091,0.9343694764357641,0.9332741342081297,0.8716085215002469,0.9382088011327847,0.8780821079760767,0.5607883339430562,0.9232741678472897,0.9172455141622704,0.3697165062385854,0.7232661938930258,0.7981527303490151,0.671756392654402,0.9736688114887881,0.6799673183784105,-0.20149704671840835,0.20684430690385583,0.6536383823286994,0.6572035628637098,0.6985154242118982,0.9748851999616954,0.9749417139190644,0.011671893916168363,0.2440230785426702,0.0946426121651049,0.06017769817259853,0.0872533602364824,0.10609508856616218,0.07283341879885108,0.02169648885278079,0.4474676018451107,0.1762308395313886,0.12322752156070588,-0.5149021766118783,-0.5524941126032401,0.6375901006085961,0.7446194733456969,0.7691958830816075,0.8300260113934482,0.8263589913641588,0.5323463917166431,0.7309065576838344,0.7643734086727659,0.7631425721426689,0.4111559210674522,0.23764148927310902],[0.9957373389820888,0.990099439771815,0.9910106196083545,0.9962184551459929,0.99841629641535,0.9875792163590673,0.9982274793047226,0.9999969501831566,0.9737080058138203,0.9999817712533554,0.9687729152274127,0.9997076821301304,1.0,0.9996589459202172,0.9999976648412469,0.9996494836402897,0.9944064110037546,0.9994055162520825,0.9999053842232687,0.9999051261631097,0.9999668663569464,0.9999951652162608,0.990882719164199,0.9762196250365643,0.9927813812385337,0.9448884350307645,0.993324752624626,0.9865368729180899,0.9748250841560995,0.9457961314874517,0.9891253690608864,0.9941177046947435,0.9920020771637177,0.9697655810134082,0.9994823418794193,0.9995568758608208,0.9996650291972476,0.9997058809372259,0.9989924204903847,0.9994887834559155,0.9984180871449824,0.9987134370637523,0.9995528068661391,0.9994179682030044,0.9837775509606366,0.9293296728519123,0.7182526350310068,0.9417874892819723,0.9221144102940166,0.7935884129739361,0.95657456049914,0.9375559870581065,0.9583152355164238,0.952613196437819,0.9452311892684606,0.9800013091984078,0.9773640086682822,0.9903349901412013,0.9973016409012974,0.9384827625347792,0.9536842506150341,0.9636744257081901,0.967599058536622,0.9658457459478661,0.942095584558967,0.8872264889321394,0.9441582701794328,0.9503323765146408,0.9292193433866696,0.8703843700193403,0.9602666606237104,0.9275063286546499,0.9587366452428238,0.9391978052419958,0.738455164056822,0.8292760491953287,0.7595776774119172,0.8467060378629421,0.8717222039690945,0.8786578489899058,0.8581548726353387,0.867780498178607,0.2651265972195162,-0.609377456752612,0.9563887940872626,0.9344533499837059,0.9347092973558457,0.9438009278119689,0.9520640736858454,0.9637622092170909,0.9637993346879956,0.9207348625997901,0.9572151485338021,0.8200396284486601,0.6549281172078377,0.9259728647760032,0.9353849868521935,0.7536855133259319,0.92452333343379,0.9444709909763838,0.816676544681629,0.9714232384882655,0.8355471315162365,0.6022823394750504,0.6926041024509635,0.8462504164305706,0.8394902381309893,0.8343354206599493,0.9786767811905625,0.978897851609963,0.7176065916760661,0.6846433144202899,0.7847927332932748,0.31934629371207723,0.7636771993295842,0.7884933994189992,0.7834154494710583,0.7839371343376493,0.7362285687431684,0.726801560628246,0.7053443673087618,-0.28007553418420417,-0.42783579614540357,0.6383548182962728,0.8836134057014313,0.9262335378419276,0.9364635219494808,0.9103463894138013,0.8133548943204725,0.9061650832974331,0.927930200796225,0.9275902883129219,0.7563769082512141,-0.12909310917375214],[0.9950002980932492,0.9899463255526487,0.9929358128844535,0.9956864118455889,0.9982408334517767,0.9888755075547712,0.9990977694765671,0.9996749923416498,0.9837578586304487,0.9998453763715942,0.9677577936638156,0.9996883690100321,0.9996589459202172,1.0,0.9996957356760932,0.9995683308142946,0.9980409579168306,0.9989791575860297,0.9994974682139232,0.9994903523336904,0.9996780651984825,0.9996515794684185,0.9928816344932726,0.9779131273601168,0.996028012789747,0.9716666899169031,0.995918964064091,0.9863998515219456,0.9776409813557432,0.9482918701022061,0.9882184333245659,0.992093997392858,0.9910331994155667,0.967416346539473,0.9987870790747518,0.9991018305672439,0.9992835469840103,0.999918878827231,0.9989441600347571,0.9990911188937177,0.9976375246104401,0.9980491892935853,0.9987819753725756,0.9987101545284962,0.98783530517009,0.9292772769295932,0.7139114567130017,0.9418761421479699,0.9220180542314066,0.7929291335237804,0.9520175366322521,0.9308281162377298,0.9531542240431798,0.9491218122658958,0.941101904875745,0.9764611457301304,0.9752411318317897,0.9878775984448716,0.9957871933333248,0.9611585698019824,0.9534027313268808,0.9640099768027702,0.9670363597268518,0.9657355395079903,0.9650422051717349,0.8913543437269105,0.941507937333126,0.9488469807466982,0.9485370265732825,0.8689551686701952,0.9606500838379077,0.9388740749961424,0.9606158537993016,0.9593215765753966,0.7432199165076858,0.8265131696551371,0.7876674337921286,0.8445928689903457,0.8732251522924124,0.8779662019748541,0.8665367880273279,0.86693233173507,0.2508680470721863,-0.6037879294000715,0.9556809206212584,0.9341789041883555,0.9337654319572085,0.9638207291099452,0.9516418834234529,0.9627213517563484,0.9627098381091953,0.9208413764848845,0.9575991830225535,0.8266564519938091,0.6553341767558527,0.92644624255286,0.9362752775130201,0.7513878291203672,0.9228389538688024,0.9430362280670163,0.8175698893670709,0.9739663491086673,0.8301481964452505,0.5937333927804646,0.6880456494541939,0.8374675275971154,0.8341673495166747,0.8264303256596326,0.9804745273439273,0.9806572288944301,0.7085789611606162,0.6794246045808076,0.7647451749762125,0.31906880653202396,0.7537963453424898,0.7772481560609109,0.7536622288395882,0.7729571279465564,0.7340452243691491,0.7168968449339642,0.6957017389234958,-0.2865835469691759,-0.43276521969646603,0.637958032050201,0.8813580472894044,0.9274304080389191,0.9317726788044602,0.9094626144584148,0.8055471205782984,0.8999135765764588,0.920707460231957,0.9210813967535267,0.7497872669975943,-0.1274102105761256],[0.9956535703578372,0.9899918847251219,0.9911809995056821,0.9961512470143166,0.9984097710249341,0.9877216574107239,0.9990753292278558,0.9999979783099,0.9786393646746847,0.9999903705359663,0.9685133715102614,0.9996961538645555,0.9999976648412469,0.9996957356760932,1.0,0.9997142865633387,0.9975566785786251,0.9993769034870408,0.9998982615912656,0.999897482434024,0.9999609393734116,0.9999927464222947,0.9910202688496514,0.9764119130380836,0.9945716680090992,0.9596282146957347,0.9944023530616108,0.9864680560275056,0.9750435090007723,0.9459684450990905,0.9915819538698182,0.9944126545891152,0.9918698669823074,0.9695218713799948,0.9994543073942663,0.9995176186274036,0.9996415646974119,0.9997222139332085,0.9989492998777354,0.9994548064791744,0.9983916978306142,0.9986565781943242,0.999521659892412,0.9993898123514197,0.9839668657513645,0.9291317051494296,0.7175882787330774,0.9418569471316346,0.9220476780523396,0.7930062976699918,0.9563341162168757,0.9373032017063652,0.9581025801839673,0.9521963327245152,0.9447548269361586,0.9797969530770627,0.977130812306939,0.9901693606960775,0.9972045964671626,0.9384971400131323,0.9536209582923756,0.9635590366843049,0.9675286946149878,0.9657200417159664,0.9415787660396737,0.8872786122823578,0.943748817561365,0.9499778898465618,0.9290191430908444,0.8700873530671696,0.9603342732078715,0.9276696080928404,0.9587328473206631,0.9392498890601628,0.7387258847358561,0.8287477743763136,0.7593077232976546,0.8462392612865375,0.8715514872413771,0.8783689589844826,0.857899502054132,0.8675260198522625,0.2651576185038227,-0.6091698825729923,0.9562429945018323,0.9342696097911087,0.9345578065042204,0.9418655902726488,0.9520159062750392,0.9636128105202274,0.9636452412813452,0.920713604021288,0.9570757580365363,0.8200877096691684,0.6547974746965921,0.9264031823953086,0.9357878511816264,0.7534150316499663,0.9243689599420973,0.9443397377054832,0.8164013807701597,0.971609849216091,0.8351471043806836,0.6011054230853822,0.6918083856756605,0.845815897073102,0.8391094980145173,0.8339474214015514,0.9788092788253242,0.9790269860188895,0.7165031593456971,0.6836512340072595,0.7842095653675287,0.31881568648807773,0.7629789786692979,0.7877444983930256,0.7830133283288417,0.7831378380318322,0.7357380994331876,0.7255422764222699,0.70409377306283,-0.28088360836875276,-0.42854124332848953,0.6381079559958935,0.8830203811524432,0.925956764578595,0.9360185340077488,0.9099484081734687,0.812606092572532,0.9058419475840558,0.9274477848649172,0.9272376154239926,0.7558261397892858,-0.1283484424983157],[0.9962815964813243,0.9912148463430028,0.9915177726021225,0.9967257112536082,0.9986290658879363,0.9886458157134069,0.9994883251393227,0.9996271294256813,0.9787216858765084,0.9998163033302409,0.9659591701332747,0.9996736671075653,0.9996494836402897,0.9995683308142946,0.9997142865633387,1.0,0.9983054283031675,0.9994667973441489,0.999649119702201,0.9996501782905226,0.9997664970988064,0.9997550070931197,0.9914579658794673,0.9769874161880885,0.9934010121935375,0.9524265645998476,0.9932486322836735,0.988134951918448,0.9744745309938595,0.9464778166430491,0.990954549655053,0.9924800042023832,0.9916790770683509,0.969907399205515,0.9991719851375634,0.9993223207873946,0.99953782725258,0.9997019280620428,0.9990286032565945,0.9993610557169342,0.9983970389466118,0.9988525986423383,0.9993494778986104,0.9991345047903006,0.9843433909143158,0.9269121335088496,0.7212929238973769,0.9398645068950113,0.9217977732428193,0.7965070851614525,0.956458159210605,0.9406078757194645,0.9584998953055133,0.9533668269190505,0.945693052715733,0.9808296237921008,0.9781245937259964,0.99049109512067,0.9961764604679386,0.9412755289913043,0.9577349899975521,0.9666188850862572,0.9692149818903619,0.9686248553145282,0.9430454232677282,0.8918223193222857,0.9440423553911645,0.9521006815915622,0.9310386838522682,0.8747099468819758,0.9629716415386936,0.9313378013658148,0.9618687762512133,0.9421392302353839,0.7456945101161213,0.828636269731916,0.7602143339916416,0.8460147208950319,0.8732842597426944,0.8775984738640332,0.85852009993972,0.8693363847207106,0.27062651716608177,-0.6071558793949211,0.9575234438874011,0.9374687153425044,0.9375271935828803,0.9451334599919309,0.9548063887508297,0.9650137443887438,0.9650843928093844,0.9239769954738574,0.9600497827875253,0.8255828046414032,0.6510976049729567,0.9241142363811916,0.9327371623206714,0.7522523304447346,0.9231038470983072,0.9429111602739446,0.811836591160063,0.9688431533486995,0.8325312031023998,0.5979064460928671,0.6877482840872975,0.8432682566594