var element=document.getElementById("correlationClose");if(element.style.display!='none'){var correlationClose={"data":[{"type":"heatmap","z":[[1.0,0.9999914820332026,0.7305789402471136,0.9997710323842249,0.9983246579310187,1.0,0.9934579561445444,0.9906475702699931,0.9906475702699931,0.9939102432488061,0.9803078755316823,0.988876424410863,0.9934882382917717,0.9935245782187294,0.6508743347276664,0.5420457523860245,0.1930801230556888,0.9941623633797604,0.9941641060576896,0.9862648338338018,0.9934854435104595,0.34222969452565793,0.7900149362641142,0.9849335555575949,0.9849335555575949,0.9849170033152383,0.9824309341536258,0.2939634889071384,-0.1480726771601934,0.9888910380656447,0.9888533432215876,0.22345320388472165,-0.24375371244011837,0.9951957712233105,0.9954233371202993,0.8744881646319583,-0.32837114197759165,0.9918414354663923,0.9955694961266511,0.6240697035415588,0.17333444440104454,0.9953078906209,0.9953094662056038,0.9953078906209,0.9195444250700573,0.6699607215751769,0.9432333553202631,0.9453338974608437,0.8776786582907585,0.3920864981247702,-0.1943424219108525,0.24840620074655734,0.9565104502428964,0.3541137630014506,0.9757945305789896,0.9734786458473444,0.9822627867355237,0.9889683604465717,0.9430556947870806,0.954439422772009,0.9533411571327256,0.9450631174149773,0.9507123060686093,0.9513323903560369,0.9507123060686093,0.9113106828069794,0.9315619744368788,0.9323776405281156,0.9315619744368788,0.9406455798487349,0.8283056120833544,0.9145029161352346,0.9156938302315201,0.9145029161352346,0.7670393962024692,0.47306814331872965,0.7601683137396497,-0.5008985252174933,0.6674668240407783,0.6727443110269146,0.6734668544941022,0.6727443110269146,-0.05120504438148182,0.9287322639783724,0.9566962352454906,0.9440594134446298,0.9443496069684327,0.2083412580571344,0.9229920726512071,0.9235326598569872,0.9229920726512071,0.9258372250645029,0.9258372250645029,-0.10179015812554244,0.6109885236201493,0.11628003438945872,-0.7380329656507683,-0.6172055793527481,-0.6209745062935106,-0.18687071709673478,0.16290126182832557,0.1689908549697644,-0.07160923734838454,-0.6263359381142004,-0.0663508732731716,-0.7969025679633794,-0.3343905583500698,0.18992902221833963,0.19210118723330222,-0.5940520988107812,-0.5617145431104817,-0.3215591548318533,-0.537355921020566,-0.805532985950054,-0.4438970798823396,-0.4373550747189656,-0.4438970798823396,-0.2721415355847588,-0.39894170439464655,-0.39894170439464655,-0.7941419981543365,-0.7941419981543365,0.5383673539756549,0.6415505404449512,0.8472193263036644,0.8457403483542753,0.7592824990501592,-0.36337710270271467,0.750100875564072,0.7685870544462232,0.7686733114625339,0.7685870544462232,-0.13421839613308814],[0.9999914820332026,1.0,0.9856996945422183,0.999615952458202,0.996538834806502,0.9999914820332026,0.9874127446360021,0.983351899797649,0.983351899797649,0.987365003557741,0.9788002776182231,0.98801392580719,0.9874436325509316,0.9873124400118405,-0.09519589393600225,-0.18846323472032656,-0.49684964944329235,0.9899490124552197,0.9899508397574427,0.9874747646670071,0.9874823718484247,-0.22423106234840717,0.9835972273817973,0.9845430489101743,0.9845430489101743,0.9845621160825403,0.9825868919656208,0.06849241799865018,0.08654231878858813,0.9844818768640045,0.9845241517409064,0.6412324776173316,-0.004999323103384471,0.9919239418590848,0.9919206817467376,0.9924553423988017,0.9882225750535291,0.991216606124856,0.9920347243767619,-0.14463341230757915,-0.5006200459642102,0.9924684586470046,0.9924706688887911,0.9924684586470046,0.9195359821681083,0.5319572618280546,0.9434754539704864,0.9454396800626259,0.8773185995112727,-0.14004144895477444,-0.43949950094828305,0.8742246435873178,0.9138720737717189,-0.2525090238417527,0.9496298728508089,0.949749609890996,0.9695748736511666,0.9796236326675204,0.9644072763596188,0.9686944282575511,0.956796234985906,0.9586999917808576,0.9590118376821213,0.9592840903651643,0.9590118376821213,0.8987241798610559,0.8745386592757799,0.875484664535167,0.8745386592757799,0.9652324063442379,0.9673587335914622,0.9653389992754554,0.9659599792116991,0.9653389992754554,0.7429869325207598,0.7077488621762718,0.7686843027773167,0.8122953576463483,0.7411813765019435,0.7594820566835032,0.7605929625873808,0.7594820566835032,-0.01099032959581148,0.939744264809191,0.9543701753992654,0.9497363331823316,0.9680670585823202,-0.34342360022981994,0.9371576484529951,0.9372688916972366,0.9371576484529951,0.9416122213105156,0.9416122213105156,-0.18193314634883787,0.6115493565951156,-0.38277732115745955,-0.8174058555728112,-0.4804307372383702,-0.4846951683547638,-0.4159342597357798,0.2868673066288967,-0.28851927034825914,-0.540018314251268,-0.7753998417558708,-0.38826177615065743,-0.46569983294088196,-0.45457086651443873,0.1575520813295754,0.1557366728160688,-0.4959258953755244,-0.4684528422831866,-0.49651003005067823,-0.5283408588116528,-0.5196658281333916,-0.4985622667945284,-0.5020573236497654,-0.4985622667945284,-0.39776820482722364,-0.5655987630047433,-0.5655987630047433,-0.5317476244555929,-0.5317476244555929,0.5383113886246452,0.3939277425997731,0.5316797303493339,0.6668269774743325,0.547601232790371,-0.44257292943443327,0.44517368613292635,0.3365142136113588,0.33675650152177117,0.3365142136113588,0.23902457741741806],[0.7305789402471136,0.9856996945422183,1.0,0.7286521747696922,0.6814570337461043,0.7305789402471136,0.707246060265392,0.7015183236056164,0.7015183236056164,0.6721692331817275,0.6504992750569927,0.9947829303542917,0.7072679581142828,0.7073368845211052,0.3341449138954567,0.2710870633377393,-0.25467023977920794,0.677587783826899,0.6775906254972556,0.6507845106805816,0.7069754441124443,0.13095526852013115,0.8393408209676816,0.695665724063141,0.695665724063141,0.6954670003727615,0.9908238692228314,0.2662170651750123,0.06898345928982315,0.6621130060618371,0.6617866660435754,0.559749792194183,-0.0917757717864475,0.7023196601859306,0.6638472158669256,0.6642591688464249,0.2696468352855364,0.993678551230316,0.6636277399819601,0.3141295491954028,-0.26482206614854514,0.7195625093420897,0.7009977910696971,0.7195625093420897,0.9168830999370434,0.45226122461040147,0.9524078695294047,0.9372373469859652,0.8045188611483318,0.2547496788447281,-0.08874891996123313,0.06425671735479542,0.6200829538979907,-0.06785336774931862,0.6470048751572001,0.6352892628247274,0.646950775890369,0.6117812570429918,0.06300056922581934,0.8484814801808783,0.7878892668310095,0.7282709188540065,0.7931755327307937,0.8013803939864239,0.7931755327307937,0.6471152157194578,0.7259192291161217,0.7553028954955928,0.7259192291161217,0.7704149562288158,0.7176059924214966,0.770821783781313,0.8005426754546795,0.770821783781313,0.5692301975627077,-0.07515716225778893,0.5805265724428965,0.08214829393979697,0.5325429072645693,0.27691037836914045,0.5683435106411227,0.27691037836914045,-0.09030942480162012,0.7145635211345345,0.9146539622927197,0.7696484256238334,0.8041097579581744,-0.10536279011796365,0.7411418554155863,0.7415188176535349,0.7411418554155863,0.7792270134620798,0.7792270134620798,-0.19207593128899086,0.7018880362164296,-0.17166540617177098,-0.7579448437104218,-0.4854895081095451,-0.4892542687173919,-0.447216083343301,0.14254165247654677,0.012595759095857653,-0.38497368285411776,-0.7378833379172588,-0.1972607479454552,-0.370965658689266,-0.31431398683571493,0.08683074262331521,0.08649740043551822,-0.5194067972831394,-0.10837496676625374,-0.29429925125587186,-0.5361381726262223,-0.25734278643163094,-0.4418808961946176,-0.32918270212435197,-0.4418808961946176,-0.44456921267456484,-0.5741967241813932,-0.5741967241813932,-0.344840514422818,-0.344840514422818,0.4958150722318225,0.2658811327295897,0.3222947478496695,0.5626275379750099,0.3548316397183343,-0.4099020999415817,0.018155428396076298,0.47490859552771253,0.5644063458320785,0.47490859552771253,0.034911953299107165],[0.9997710323842249,0.999615952458202,0.7286521747696922,1.0,0.9990293951534571,0.9997710323842248,0.9944225603644621,0.9920082140690701,0.9920082140690701,0.9950610762531861,0.9788716769944472,0.9913300271581852,0.9944442889482672,0.9944603796231913,0.6499358584915341,0.5405881328036818,0.17933665993617964,0.9949656244412359,0.9949677325689886,0.9862509735332107,0.9944329220595833,0.3338880969192162,0.794035335121022,0.9870635110290114,0.9870635110290114,0.9870460412301748,0.9865201370473244,0.2897464464038347,-0.15359863213959898,0.9880693020237592,0.9880382559272533,0.21565468449892766,-0.24411493901045975,0.9955302177661497,0.9959536814914527,0.8465450784330524,-0.3321198905188072,0.9936106175521213,0.9962886561657409,0.6226196771033656,0.1593538949775064,0.993886339862283,0.9955675890101553,0.993886339862283,0.9178713087016791,0.659241032466424,0.9450757488493629,0.9427209824122722,0.865649558207492,0.3879905056586255,-0.19820374964872228,0.2441550964547923,0.9520841603744191,0.33969879555898813,0.9717191053517412,0.9710049138369884,0.9802860945317357,0.9886252535812952,0.9278215708673982,0.9503479574751206,0.9445046265742848,0.9425408822319736,0.9391619829604823,0.9399705334909205,0.9391619829604823,0.9060426973230414,0.9236092506136738,0.9245055719821867,0.9236092506136738,0.9384532276839019,0.7839352275623239,0.8860187566181537,0.8872987729140815,0.8860187566181537,0.7621173387675142,0.21662490094572504,0.753945377130415,-0.5057435595364581,0.6644016130170363,0.4126298705345035,0.6486022471729411,0.4126298705345035,-0.056302557932102475,0.9255159959408135,0.9524321519339828,0.9392725019653227,0.9275055166471238,0.1952252566344452,0.9203526473870199,0.9210044130373131,0.9203526473870199,0.9125721335898963,0.9125721335898963,-0.1056574026643453,0.626549335517139,0.12146503092514883,-0.7458621959665185,-0.6228401583798906,-0.6265419303803538,-0.19717165392720198,0.15921283181987209,0.163364513905998,-0.08334203827531382,-0.6359492817493093,-0.07130476389167323,-0.8013456200541451,-0.34088172430423364,0.18158213346221372,0.18381524554280157,-0.5994587247109686,-0.5586183087332682,-0.32148209134150074,-0.5456841635756604,-0.8062806810147848,-0.4442254623510519,-0.4382105768803893,-0.4442254623510519,-0.2790173028515516,-0.40671701782183967,-0.40671701782183967,-0.7932134159939004,-0.7932134159939004,0.5306546512974021,0.6319508994429107,0.8398158833196443,0.8387846688352842,0.7531844154510628,-0.37430536077138216,0.7418802068205427,0.7603030748145493,0.7603940195109089,0.7603030748145493,-0.12010251561890625],[0.9983246579310187,0.996538834806502,0.6814570337461043,0.9990293951534571,1.0,0.9983246579310187,0.9974979185860464,0.9963923428928857,0.9963923428928857,0.9977151554776278,0.9738048281296176,0.9969153008169342,0.9975140349525821,0.997533052333192,0.5202603034060679,0.3848474347074621,-0.025749784540132457,0.9978293590993473,0.9978313831724865,0.9888914092643911,0.9975020197630128,-0.024048535061439634,0.7843700816636648,0.9936460458220906,0.9936460458220906,0.9936128767616819,0.9921218290692158,0.0707464508623338,-0.13692278953282877,0.9874056285740218,0.9873346448246398,-0.07392544934133144,-0.15478950446572284,0.9978625658953715,0.997780821558045,0.8447584202412091,-0.4384557893544477,0.9979338092557176,0.998139875784728,0.47866121086933516,-0.04953214726378022,0.9978173327855827,0.9978236183671777,0.9978173327855827,0.9283337149021065,0.6299628765199878,0.9502632464265711,0.9396694799810894,0.8462539461562686,-0.029248413235889174,-0.5796736266783629,-0.10782764677408553,0.9445742477984004,0.19849221439077566,0.9709025684989753,0.9709692468487853,0.9841338352080272,0.989468134249859,0.9279824784642885,0.9356328199026928,0.9354290364886962,0.9320353432908097,0.9338514174357575,0.9342504530205298,0.9338514174357575,0.8865826590055182,0.889645822276329,0.8906560087102504,0.889645822276329,0.9291569963371735,0.8616484761704252,0.912569317680916,0.9133305814814516,0.912569317680916,0.731276530865534,0.6463992639322071,0.725635296659523,-0.49885537811671166,0.7081453837187759,0.6931196980979667,0.6932593595302736,0.6931196980979667,-0.05717892307870638,0.9109526657686345,0.93364279208659,0.9213784702993465,0.9344794323243782,0.042427183258431304,0.9092930913425933,0.9102025910682615,0.9092930913425933,0.9133050165050085,0.9133050165050085,-0.1393087538740594,0.6677799319863612,-0.023466262329793604,-0.7687106140291181,-0.6620623844218356,-0.6632968666707358,-0.22290528183304062,0.18235075608038923,-0.21554116933610742,-0.3178104298746268,-0.6918653035170014,-0.4129897151785625,-0.8345223899252576,-0.5935807734244066,0.1546747459313309,0.1567950634973075,-0.6212084025518146,-0.5563069212601951,-0.5731310009234364,-0.5792187266945915,-0.7588373737222731,-0.6194990030831572,-0.622800621546465,-0.6194990030831572,-0.31071953843464084,-0.4338596907862302,-0.4338596907862302,-0.7309125836611408,-0.7309125836611408,0.5171996973832892,0.618871628018883,0.8071485534201375,0.8162323625022943,0.7478657272857026,-0.48955116892885425,0.6373922201164854,0.6689883967637336,0.669207535993759,0.6689883967637336,0.10594082968916294],[1.0,0.9999914820332026,0.7305789402471136,0.9997710323842248,0.9983246579310187,1.0,0.9934579561445444,0.9906475702699931,0.9906475702699931,0.9939102432488061,0.9803078755316823,0.988876424410863,0.9934882382917717,0.9935245782187294,0.6508743347276664,0.5420457523860245,0.1930801230556888,0.9941623633797604,0.9941641060576896,0.9862648338338018,0.9934854435104595,0.34222969452565793,0.7900149362641142,0.9849335555575949,0.9849335555575949,0.9849170033152383,0.9824309341536258,0.2939634889071384,-0.1480726771601934,0.9888910380656447,0.9888533432215876,0.22345320388472165,-0.24375371244011837,0.9951957712233105,0.9954233371202993,0.8744881646319583,-0.32837114197759165,0.9918414354663923,0.9955694961266511,0.6240697035415588,0.17333444440104454,0.9953078906209,0.9953094662056038,0.9953078906209,0.9195444250700573,0.6699607215751769,0.9432333553202631,0.9453338974608437,0.8776786582907585,0.3920864981247702,-0.1943424219108525,0.24840620074655734,0.9565104502428964,0.3541137630014506,0.9757945305789896,0.9734786458473444,0.9822627867355237,0.9889683604465717,0.9430556947870806,0.954439422772009,0.9533411571327256,0.9450631174149773,0.9507123060686093,0.9513323903560369,0.9507123060686093,0.9113106828069794,0.9315619744368788,0.9323776405281156,0.9315619744368788,0.9406455798487349,0.8283056120833544,0.9145029161352346,0.9156938302315201,0.9145029161352346,0.7670393962024692,0.47306814331872965,0.7601683137396497,-0.5008985252174933,0.6674668240407783,0.6727443110269146,0.6734668544941022,0.6727443110269146,-0.05120504438148182,0.9287322639783724,0.9566962352454906,0.9440594134446298,0.9443496069684327,0.2083412580571344,0.9229920726512071,0.9235326598569872,0.9229920726512071,0.9258372250645029,0.9258372250645029,-0.10179015812554244,0.6109885236201493,0.11628003438945872,-0.7380329656507683,-0.6172055793527481,-0.6209745062935106,-0.18687071709673478,0.16290126182832557,0.1689908549697644,-0.07160923734838454,-0.6263359381142004,-0.0663508732731716,-0.7969025679633794,-0.3343905583500698,0.18992902221833963,0.19210118723330222,-0.5940520988107812,-0.5617145431104817,-0.3215591548318533,-0.537355921020566,-0.805532985950054,-0.4438970798823396,-0.4373550747189656,-0.4438970798823396,-0.2721415355847588,-0.39894170439464655,-0.39894170439464655,-0.7941419981543365,-0.7941419981543365,0.5383673539756549,0.6415505404449512,0.8472193263036644,0.8457403483542753,0.7592824990501592,-0.36337710270271467,0.750100875564072,0.7685870544462232,0.7686733114625339,0.7685870544462232,-0.13421839613308814],[0.9934579561445444,0.9874127446360021,0.707246060265392,0.9944225603644621,0.9974979185860464,0.9934579561445444,1.0,0.9978338465770852,0.9978338465770852,0.9999736082529387,0.9694352678446756,0.9997480631270861,0.9999969760824047,0.9999941696301972,0.7645001662551146,0.7449858538248142,0.1563902910552037,0.99988117906537,0.9998817417594626,0.9912801279845791,0.9999971571899894,0.264349260577259,0.7859272508049597,0.98699925107665,0.98699925107665,0.9886376259170414,0.9927094685051195,0.2289699275286386,-0.20054065751282596,0.9914460242213694,0.991597175604329,0.13432671667123042,-0.28286546383306066,0.9994191756595447,0.9995429288765106,0.512250401812272,-0.2831064893264976,0.9992853596747047,0.9995293405001799,0.7358538400970367,0.1351533672031294,0.9521719431804084,0.9992037086166553,0.9521719431804084,0.9350132417820576,0.6371309478105179,0.955793939316059,0.9385479486271167,0.8192678061540729,0.4297192091606998,-0.1348701178328785,-0.16134879672291913,0.9420799739304571,0.31591500022063446,0.9708119374003119,0.9690067297401549,0.9819172835583431,0.9951580089331417,0.03170510832529487,0.9042931440494906,0.8656739090732807,0.9041958018696669,0.8613104675640824,0.8291060637239343,0.8613104675640824,0.8557811311903838,0.8343810740300102,0.8254704621108848,0.8343810740300102,0.9009157956585776,0.47980585845980217,0.6635004926180886,0.7077114518919746,0.6635004926180886,0.7012395922467746,-0.3127981264056047,0.6839579468211189,-0.5751469892089734,0.6026551238871177,-0.039472415433127565,0.5279135518611128,-0.039472415433127565,-0.09701284980716077,0.8801235491338153,0.9041394175348452,0.8906848758719609,0.8043952948393471,0.16950833818062794,0.8775072709599843,0.8784748104269866,0.8775072709599843,0.8137561970446413,0.8137561970446413,-0.17178075217686553,0.7044051309017202,0.20907732563497441,-0.7453967075969448,-0.6585097835431354,-0.661804260792069,-0.23059368599645433,0.11289036592151096,0.2931967330986872,-0.10311853490501191,-0.6398311220703818,0.0011728792422222689,-0.8286128484538232,-0.23467178114017687,0.12295571311876748,0.12522803511945857,-0.6378252969986955,-0.5749717014319763,-0.15442295255303656,-0.61055663018171,-0.8244712143426958,-0.4325097816498376,-0.2738814495722009,-0.4325097816498376,-0.3369471827400055,-0.43929015368816693,-0.43929015368816693,-0.8164660233198991,-0.8164660233198991,0.5149944353071904,0.6071464370790453,0.5260545209033416,0.8146009781387297,0.7469144132997748,-0.41721022714893996,0.08918033606681469,0.744031559611579,0.7615039596740935,0.744031559611579,-0.06540263327001893],[0.9906475702699931,0.983351899797649,0.7015183236056164,0.9920082140690701,0.9963923428928857,0.9906475702699931,0.9978338465770852,1.0,1.0,0.99964526971931,0.96426350554176,0.9990316518149783,0.9985129386037951,0.9992847669183256,0.7607401422174447,0.7312595651209158,0.13553223069685677,0.9993036834686757,0.9993065774670641,0.9890099635678286,0.9993985128924642,0.24031099463857847,0.7884880912999217,0.9933961580736643,0.9933961580736643,0.9871976136107381,0.9908570230095554,0.21248820440586236,-0.21253567716812793,0.9878796272759343,0.9912992401902548,0.11674851251808246,-0.28841453337003514,0.9985196699586213,0.9985582275887892,0.49807970708984245,-0.28844715406911803,0.9979021575129924,0.9985623592206487,0.7321173369630131,0.11398770681201832,0.9462399447651773,0.9983615772783853,0.9462399447651773,0.9333796853804573,0.6238663965044645,0.9563910553553657,0.9378272038450033,0.8049132950896163,0.4180313261774895,-0.14835159682989407,-0.172057177310682,0.9353812500369378,0.29694217929072164,0.9666810032617577,0.9647501410665267,0.9776440925467895,0.9940678961035259,0.023942733142508176,0.8975688175641521,0.8549181604737432,0.898966796045748,0.851535014280422,0.8198017850278165,0.851535014280422,0.8478299819592752,0.8218254275887511,0.8155296714382808,0.8218254275887511,0.8957625296865612,0.46508636021903393,0.648439190983492,0.6949739350873841,0.648439190983492,0.6939374196628181,-0.32500133346176396,0.6750827518314552,-0.5801197280320989,0.5982578262355237,-0.058060504592096135,0.5158335374715363,-0.058060504592096135,-0.10188433905448804,0.8742892811785459,0.8963910101277945,0.8833928136424202,0.7927562664590361,0.1524471922656893,0.8722898197524556,0.8734221483682527,0.8722898197524556,0.80204857017258,0.80204857017258,-0.18407863899067445,0.7223191290257318,0.21461548249875373,-0.7536275434754314,-0.6690050492337553,-0.6721563581045712,-0.2436266805570288,0.10689095249693091,0.28613259695305565,-0.1210062094587177,-0.650788297699253,-0.007864273839126917,-0.832781966821566,-0.24097821288529375,0.11000023813761516,0.11231406956227434,-0.6473319021567201,-0.5754002557889647,-0.16103173253192415,-0.6239159639078994,-0.8229365099008344,-0.44267613790863697,-0.2798075204775206,-0.44267613790863697,-0.3515706489185659,-0.4508360170726382,-0.4508360170726382,-0.8135022352831187,-0.8135022352831187,0.501903662402207,0.5927557387483399,0.509409274753616,0.7988325403858884,0.7360457170604642,-0.4358030691937236,0.07688755765018823,0.7264726938885888,0.7468090767034699,0.7264726938885888,-0.04912152495878172],[0.9906475702699931,0.983351899797649,0.7015183236056164,0.9920082140690701,0.9963923428928857,0.9906475702699931,0.9978338465770852,1.0,1.0,0.99964526971931,0.96426350554176,0.9990316518149783,0.9985129386037951,0.9992847669183256,0.7607401422174447,0.7312595651209158,0.13553223069685677,0.9993036834686757,0.9993065774670641,0.9890099635678286,0.9993985128924642,0.24031099463857847,0.7884880912999217,0.9933961580736643,0.9933961580736643,0.9871976136107381,0.9908570230095554,0.21248820440586236,-0.21253567716812793,0.9878796272759343,0.9912992401902548,0.11674851251808246,-0.28841453337003514,0.9985196699586213,0.9985582275887892,0.49807970708984245,-0.28844715406911803,0.9979021575129924,0.9985623592206487,0.7321173369630131,0.11398770681201832,0.9462399447651773,0.9983615772783853,0.9462399447651773,0.9333796853804573,0.6238663965044645,0.9563910553553657,0.9378272038450033,0.8049132950896163,0.4180313261774895,-0.14835159682989407,-0.172057177310682,0.9353812500369378,0.29694217929072164,0.9666810032617577,0.9647501410665267,0.9776440925467895,0.9940678961035259,0.023942733142508176,0.8975688175641521,0.8549181604737432,0.898966796045748,0.851535014280422,0.8198017850278165,0.851535014280422,0.8478299819592752,0.8218254275887511,0.8155296714382808,0.8218254275887511,0.8957625296865612,0.46508636021903393,0.648439190983492,0.6949739350873841,0.648439190983492,0.6939374196628181,-0.32500133346176396,0.6750827518314552,-0.5801197280320989,0.5982578262355237,-0.058060504592096135,0.5158335374715363,-0.058060504592096135,-0.10188433905448804,0.8742892811785459,0.8963910101277945,0.8833928136424202,0.7927562664590361,0.1524471922656893,0.8722898197524556,0.8734221483682527,0.8722898197524556,0.80204857017258,0.80204857017258,-0.18407863899067445,0.7223191290257318,0.21461548249875373,-0.7536275434754314,-0.6690050492337553,-0.6721563581045712,-0.2436266805570288,0.10689095249693091,0.28613259695305565,-0.1210062094587177,-0.650788297699253,-0.007864273839126917,-0.832781966821566,-0.24097821288529375,0.11000023813761516,0.11231406956227434,-0.6473319021567201,-0.5754002557889647,-0.16103173253192415,-0.6239159639078994,-0.8229365099008344,-0.44267613790863697,-0.2798075204775206,-0.44267613790863697,-0.3515706489185659,-0.4508360170726382,-0.4508360170726382,-0.8135022352831187,-0.8135022352831187,0.501903662402207,0.5927557387483399,0.509409274753616,0.7988325403858884,0.7360457170604642,-0.4358030691937236,0.07688755765018823,0.7264726938885888,0.7468090767034699,0.7264726938885888,-0.04912152495878172],[0.9939102432488061,0.987365003557741,0.6721692331817275,0.9950610762531861,0.9977151554776278,0.9939102432488061,0.9999736082529387,0.99964526971931,0.99964526971931,1.0,0.9686355072351467,0.9997173524114042,0.999974375413685,0.9999767199222818,0.5764023461095301,0.44457812452144135,0.03366352749570329,0.9998428342548693,0.9998438498340751,0.9912382575411143,0.999971955377832,0.03383671374223029,0.7724325458978499,0.9957557514963793,0.9957557514963793,0.9957226609474373,0.992672299012584,0.059679629563641125,-0.14505520582533488,0.9911335975789022,0.991091094095299,-0.05143867318340582,-0.2468652376901696,0.9994847641258651,0.9994442896108171,0.8463999994001536,-0.44121460196996476,0.9992389195351555,0.9995041920243488,0.5369366052750894,0.009917751500651592,0.9993737646306081,0.9993788176202378,0.9993737646306081,0.9349417553685544,0.6374758157698316,0.9557874632129032,0.9384637810640815,0.8190027415609038,0.06113608664460067,-0.538358919383937,-0.07078546826116736,0.9393290582858618,0.2612432421756732,0.9691940107742067,0.9689733450722896,0.984384635949935,0.9944599420789488,0.9059477000363734,0.9053321961515733,0.9144247924134197,0.9054765005354694,0.9127726642378119,0.9132641640234055,0.9127726642378119,0.856176849278481,0.8725376709264634,0.8736139343970439,0.8725376709264634,0.9024744486914595,0.8301536118754749,0.8882130592163368,0.8891025590376379,0.8882130592163368,0.7017521387874021,0.5863637775664489,0.6848573370336478,-0.5604318109246066,0.6507767661581262,0.6255952723763947,0.6255913489354143,0.6255952723763947,-0.04404914322417983,0.8813750237405558,0.9043373703698068,0.8913818304205019,0.9129713766429419,0.08234382655697646,0.882549468506375,0.8839687157958855,0.882549468506375,0.8867126957743954,0.8867126957743954,-0.17316524462099223,0.7049992637409142,0.004703734973237714,-0.7566640731656259,-0.6882101555343061,-0.6898307818400516,-0.23392392749802549,0.11701684806951855,-0.2191357361940153,-0.2836139663637037,-0.6746134859783625,-0.43768021108152294,-0.8562275644764229,-0.6250287328613073,0.12263799629837155,0.12488865725008988,-0.6390692995738481,-0.571001930586147,-0.5834658281695443,-0.6118031871244735,-0.7868068829836433,-0.6421232112849131,-0.6446689866210091,-0.6421232112849131,-0.3389586730701663,-0.4427214268864074,-0.4427214268864074,-0.7685399937789859,-0.7685399937789859,0.5154736300666366,0.6055746504433424,0.8175173162342689,0.8243376487596124,0.7450248042045053,-0.44290870244798725,0.66323419131567,0.6928997124803609,0.693091659754182,0.6928997124803609,0.17126686645540723],[0.9803078755316823,0.9788002776182231,0.6504992750569927,0.9788716769944472,0.9738048281296176,0.9803078755316823,0.9694352678446756,0.96426350554176,0.96426350554176,0.9686355072351467,1.0,0.9594290864544572,0.9694526193967098,0.969235862047977,0.30676095819672333,0.17832882895178911,-0.2042121764911276,0.9728498345319853,0.9728337604600786,0.9695375242192246,0.9695312340078316,-0.06621137349303109,0.8098473405570792,0.970543275483686,0.970543275483686,0.9706807638614526,0.9311495572253781,0.14639731420102362,-0.13277063853603085,0.9741733975464921,0.9742552027374058,0.08463546716882682,-0.039989301964184355,0.9756374327436252,0.9758255812014166,0.9096609655958491,-0.3017426492234411,0.9656686315862413,0.9750313724478495,0.2609259455191983,-0.2230730976076891,0.976499655307407,0.9764746001999026,0.976499655307407,0.8658839668310058,0.459729717310579,0.891359316279518,0.9333949689046773,0.8987310575914343,-0.41993657640753845,-0.6546559120760446,-0.12662833168309234,0.9139740838984004,-0.05043373715083611,0.9361557398150674,0.9362080070822713,0.9505791754483753,0.9721148954053976,0.9092700297357942,0.9133882039142324,0.9175328560562707,0.911823343666822,0.9117791757841422,0.9122051858797059,0.9117791757841422,0.8774704871036879,0.8500288651149723,0.8510568203329956,0.8500288651149723,0.9086114674892424,0.9196706851412276,0.9069968941564378,0.9073822406489326,0.9069968941564378,0.7708241803759331,0.7216813516559255,0.7717311094341989,-0.19190252081223663,0.7798025580714796,0.7925729500114002,0.794406611760253,0.7925729500114002,-0.18320233302560146,0.9067674271413001,0.9499305163089751,0.9182488699490816,0.9191454350154791,-0.08128299996527115,0.9017806392201685,0.9024242282942986,0.9017806392201685,0.907288332777871,0.907288332777871,0.018250703688320068,0.4660115394093442,-0.16820289469520053,-0.708204379204296,-0.472296377522874,-0.47516966920641374,-0.12105099770864587,0.4363438181235418,-0.02753149475115132,-0.26137950755249617,-0.612065573563954,-0.15744628910699365,-0.778941274272805,-0.321009330091003,0.30933457590428426,0.3098350354884469,-0.44001846145043594,-0.42853023188314987,-0.4115376071227251,-0.42430759595159545,-0.6438756530427383,-0.42966488173510925,-0.43231716342534454,-0.42966488173510925,-0.1809685527365833,-0.48604567647859087,-0.48604567647859087,-0.542737749102991,-0.542737749102991,0.6295810343062864,0.6587075772854335,0.7644322150324568,0.7390890824965571,0.8130257351643675,-0.5238010448696364,0.4673458782141145,0.5484531697394089,0.5488099176695789,0.5484531697394089,-0.07262511655873616],[0.988876424410863,0.98801392580719,0.9947829303542917,0.9913300271581852,0.9969153008169342,0.988876424410863,0.9997480631270861,0.9990316518149783,0.9990316518149783,0.9997173524114042,0.9594290864544572,1.0,0.9997466862737173,0.9997230717444275,0.024615622751311465,-0.08092876762225905,-0.5624725352070452,0.9998442263497558,0.9998457666565883,0.9997502830054259,0.9997496132145933,-0.30560644907908324,0.9753276177288881,0.9951711486211071,0.9951711486211071,0.9951563823918325,0.9938724563572888,0.06448255302821787,0.05617905261807222,0.9933476031891337,0.9933976528869122,0.7109354265737752,-0.07394123757637504,0.9992664875754608,0.9992358740302132,0.9991279113326563,0.999527003478824,0.9995490296220298,0.9992864437346909,-0.03202600356837991,-0.5692580629650866,0.999094284097604,0.999099205327247,0.999094284097604,0.9306404955104273,0.4961632317134182,0.9522254722890076,0.9350513617169539,0.8187230183517724,-0.27776368865103257,-0.5573280183452626,0.8564569475005235,0.8830967122453462,-0.3356988528783529,0.9470230872863936,0.9471917080969283,0.9760125086599925,0.9942933787524915,0.9222158724669816,0.926517322021841,0.9067861995210638,0.9121414590119763,0.9102047229068706,0.9105926039623885,0.9102047229068706,0.8304674568828622,0.8008111007088194,0.8020317028419506,0.8008111007088194,0.9277924936907753,0.9322313817129162,0.926907843131165,0.9276420043275527,0.926907843131165,0.6520845641493886,0.6090023430163859,0.6777416892256386,0.7357090422939859,0.6561153752141329,0.6790307292789997,0.680979704178929,0.6790307292789997,-0.1828658268752054,0.8826922475644314,0.9054687576173001,0.8974420457292801,0.9275632132617847,-0.36424890766176404,0.8792206787958187,0.8793842970692433,0.8792206787958187,0.8855235015204374,0.8855235015204374,-0.22275583732499304,0.6997942679446527,-0.4047878869478723,-0.8324565561855796,-0.5492638793576935,-0.5526373594003184,-0.45344941152076,0.2499612772781881,-0.32168083847556916,-0.568302162213605,-0.7951290956366758,-0.4269077224881867,-0.5790047446641814,-0.503172090788419,0.11465501784433338,0.11315882250220721,-0.5625101135314012,-0.5387640020981653,-0.5604076960784791,-0.5965541604528932,-0.5891588382366925,-0.5635642874016396,-0.5668968497534179,-0.5635642874016396,-0.46004882975046507,-0.6480172767659462,-0.6480172767659462,-0.6362515884452076,-0.6362515884452076,0.5112671484915927,0.37179120123044235,0.5138210835055463,0.6414366238340656,0.5517884494073685,-0.5688764543141148,0.39020432253698567,0.3159397135427015,0.3162169503465452,0.3159397135427015,0.3025958206954494],[0.9934882382917717,0.9874436325509316,0.7072679581142828,0.9944442889482672,0.9975140349525821,0.9934882382917717,0.9999969760824047,0.9985129386037951,0.9985129386037951,0.999974375413685,0.9694526193967098,0.9997466862737173,1.0,0.9999957354549744,0.7644850826042087,0.7282805473697934,0.15642706066990306,0.9998823747011981,0.999882829410881,0.9913069630724916,0.9999976539942538,0.26462511198624816,0.7859834530103142,0.9917341620782015,0.9917341620782015,0.9886320725719938,0.9927085970825318,0.22920267545887893,-0.20048693610335977,0.9915095682824033,0.9916028654178219,0.13452955824293553,-0.2828379228895213,0.9994201139540867,0.9995446900610517,0.5122308909536342,-0.2829159373236398,0.9992845763038272,0.9995344733903655,0.7358240723117159,0.13519565276640097,0.9521605699003844,0.999205089020081,0.9521605699003844,0.9350001745945479,0.6372384114579343,0.9558289670886744,0.938574199441471,0.8193165361791489,0.43005180506511137,-0.13448276838497739,-0.16102597839013438,0.9421283019971184,0.31596188885847687,0.9708808108019968,0.9690426389283703,0.9819849025989975,0.9951680834102573,0.03187344813386769,0.9043987308231108,0.8657466054508928,0.904292515519928,0.8613809403072101,0.8290633854235295,0.8613809403072101,0.8558677760119143,0.834422285704533,0.8254258184269115,0.834422285704533,0.9010342274925336,0.4797084157184892,0.6635034805930431,0.7076431353764762,0.6635034805930431,0.7012382500843497,-0.3128133751687016,0.6839778047459756,-0.5750525972240145,0.6025949544195386,-0.03958474812550305,0.5279435653667804,-0.03958474812550305,-0.09713438093542358,0.8801987557962879,0.9042315012719714,0.8907625403758364,0.8043892275909746,0.16955107403202072,0.877580650244503,0.878544399562635,0.877580650244503,0.8138083268796801,0.8138083268796801,-0.17172443651541722,0.704391076207343,0.2091740767094264,-0.7454328182552644,-0.658434352195313,-0.6617333083505706,-0.23066842603972693,0.11279820240391314,0.2933463425392119,-0.10311409821080138,-0.6398861105600429,0.0014009176674508216,-0.8283903274930496,-0.23441966333369035,0.12303373859785866,0.12531894915004102,-0.6378055807843725,-0.5747791444169112,-0.1542118191799332,-0.6105160425702632,-0.8243776055043639,-0.432320293883405,-0.27370791587341947,-0.432320293883405,-0.33680687298299045,-0.4392660696777935,-0.4392660696777935,-0.8164170948639752,-0.8164170948639752,0.5153215821096261,0.6072422313798718,0.5262651125451645,0.8148102321119021,0.7469527548111804,-0.417033310251706,0.08942784537506657,0.7442469132230186,0.7616000430218672,0.7442469132230186,-0.06543514208827242],[0.9935245782187294,0.9873124400118405,0.7073368845211052,0.9944603796231913,0.997533052333192,0.9935245782187294,0.9999941696301972,0.9992847669183256,0.9992847669183256,0.9999767199222818,0.969235862047977,0.9997230717444275,0.9999957354549744,1.0,0.7507648718377488,0.6596289665229813,0.15659489897554116,0.9998853262781976,0.9998856598435608,0.9914215460899681,0.999995545306432,0.26528376374614226,0.785814858539003,0.9946338798450699,0.9946338798450699,0.9945572259385939,0.9926252351687677,0.22948277764894542,-0.2005095918330422,0.9924726476113878,0.9925109707243347,0.13523882093652836,-0.282678422060325,0.9994617627605871,0.9995445810687017,0.5113529775318619,-0.2822714080954882,0.9992515732740016,0.9995363288305302,0.7321578074569601,0.13538240562175533,0.9517775580468679,0.9992512142562285,0.9517775580468679,0.9351778319262815,0.6378202046896166,0.9558689938900619,0.9385773692672249,0.8190679753481812,0.4312687107273049,-0.13311445511408557,-0.1612695304260269,0.9424021943213022,0.3162246964922489,0.9712256619441574,0.9692934028020921,0.9822081601327988,0.9952140741771214,0.030923748714144512,0.9045935620571719,0.865637049294526,0.9044550623212926,0.861296541200107,0.828651236073915,0.861296541200107,0.8560165377524837,0.8343096011061306,0.8256722890772612,0.8343096011061306,0.9012658863205879,0.4790857189202538,0.6630575748394356,0.7076123269401187,0.6630575748394356,0.7011047359790533,-0.31388990624876517,0.6839286789132593,-0.5752814797745254,0.6022805007776182,-0.040496788057882795,0.5276156515656069,-0.040496788057882795,-0.09712504467446381,0.8802855408509033,0.9040348483138826,0.8908654270634405,0.7984138680621475,0.1699268781585977,0.8776206475146374,0.8785760244422247,0.8776206475146374,0.813613759936441,0.813613759936441,-0.17289330957707555,0.7051007887040065,0.20964249493588444,-0.7453824145270505,-0.6587484546162943,-0.6620511597309112,-0.23159962169017057,0.11176502401924969,0.29368579855691024,-0.103422416125702,-0.6400082145457247,0.0015234576899197444,-0.8277409104695419,-0.23423942050286106,0.12220431190898846,0.12448939899459362,-0.6383173112245463,-0.5749585929001986,-0.1536703433157217,-0.6114651337455689,-0.8244353902912637,-0.43225469929798493,-0.2731931229144407,-0.43225469929798493,-0.33756822087580934,-0.43963846844892224,-0.43963846844892224,-0.8167648186493931,-0.8167648186493931,0.5153797392669582,0.6069535111212381,0.5258473823028249,0.8152064481934539,0.7464853394638297,-0.4166503619113617,0.08883628608579,0.7446584224920102,0.7622020921984947,0.7446584224920102,-0.0652174480415398],[0.6508743347276664,-0.09519589393600225,0.3341449138954567,0.6499358584915341,0.5202603034060679,0.6508743347276664,0.7645001662551146,0.7607401422174447,0.7607401422174447,0.5764023461095301,0.30676095819672333,0.024615622751311465,0.7644850826042087,0.7507648718377488,1.0,0.9904269472933855,0.43453198335685966,0.7227156705349895,0.7226703469143664,0.6263554005790066,0.7490352846018113,0.33770094078225366,0.2859050315440161,0.7377154416042949,0.7377154416042949,0.7210249256850945,-0.37271761483395577,0.19294924254165205,-0.15339125847011228,0.8001301931653688,0.7961599270670173,0.1634094570065027,-0.2009936050394837,0.7581333963665795,0.6085927713474153,0.2251583963365763,-0.3169115267644862,0.03809311163693765,0.5658989728614375,0.998263244699058,0.41804277251679345,0.6821160375553569,0.7575670029063366,0.6821160375553569,-0.02661406134301375,0.4793636256585066,-0.4312709074092967,-0.4527508774847464,-0.14427534615056473,0.38348274903636537,-0.05145445835866557,-0.21280559588250506,0.5930785735137887,0.39273719625445924,0.7620335393904428,0.596679611912544,0.7119829425694485,0.73806346410598,-0.11240347399211535,-0.04120375689271877,0.47538985134277983,0.3017115222454827,0.4639000079325718,0.5703942660877978,0.4639000079325718,0.1745393475695446,0.46602723566374565,0.5589323608759025,0.46602723566374565,0.21443941126285346,0.19423932362598564,0.33325854493741475,0.4561880670937387,0.33325854493741475,0.14296116072821366,-0.35583744077793966,0.0783570544173581,-0.6321711331162287,0.14914941413481708,-0.1509320478699591,0.2239048241408761,-0.1509320478699591,-0.1598153756075404,0.24919551153880662,-0.19110505017080778,0.020382143454841867,0.5747064409941717,0.42792026202303834,0.3354798996859188,0.34265815737786126,0.3354798996859188,0.41861868054950335,0.41861868054950335,-0.20451720843109933,-0.008732021558383622,0.24488001225355122,-0.19259922630457338,-0.47117960060723146,-0.4725312657663755,-0.0049660410779239685,-0.06689022194961472,0.3534883896451082,0.15857661110472665,-0.10335398756055195,0.12894255244264305,-0.6883583657235739,-0.06560464305320976,-0.02776134793824254,-0.027905479921986397,-0.43676337849805036,-0.4496601437161808,-0.013373171689219223,-0.25807703866750914,-0.7297707519232777,-0.26140872278329536,-0.12628623762000524,-0.26140872278329536,-0.12082963449994137,-0.13660306309153383,-0.13660306309153383,-0.7253587522065126,-0.7253587522065126,-0.19161709201133426,0.38694108608775873,0.4462333443508524,0.6719666123941987,0.46256607672706385,-0.19724658629536423,0.045664769169031325,0.6896378732444269,0.7199799773889501,0.6896378732444269,-0.16009353522346445],[0.5420457523860245,-0.18846323472032656,0.2710870633377393,0.5405881328036818,0.3848474347074621,0.5420457523860245,0.7449858538248142,0.7312595651209158,0.7312595651209158,0.44457812452144135,0.17832882895178911,-0.08092876762225905,0.7282805473697934,0.6596289665229813,0.9904269472933855,1.0,0.44587792109846497,0.6205878307401975,0.6205331131124959,0.49967232119930105,0.6576276816809223,0.3440176828812674,0.18657898442714868,0.6961484841080643,0.6961484841080643,0.6272939339350331,-0.43583028763321396,0.19576059919954064,-0.1101707167917354,0.7812814482119839,0.7145667623499511,0.190287293907698,-0.1453213727145623,0.6685729913538823,0.4805216735548022,0.1802241084771995,-0.2779303733791507,-0.0701347073018531,0.43348066143904934,0.9923930157997833,0.4319983379412992,0.5944667895908412,0.6680750584943014,0.5944667895908412,-0.1137209212428213,0.41283311662915295,-0.4783564722441928,-0.49139618175956795,-0.208087557712752,0.3481916418725716,-0.028419670470615516,-0.21583855696688722,0.4752857820136009,0.364277912927117,0.6717503605678123,0.4728323028711421,0.6063575358058704,0.6320685424101771,-0.14208158925890058,-0.15025201630088583,0.38531174983059746,0.17569568466933555,0.372690622229422,0.515922745320581,0.372690622229422,0.053880543631098385,0.3790179587508973,0.4998579499382373,0.3790179587508973,0.09079816052643454,0.1669825961428158,0.27642737193046757,0.4169852738773555,0.27642737193046757,0.0406145132405386,-0.3