var element=document.getElementById("correlationAdjClose");if(element.style.display!='none'){var correlationAdjClose={"data":[{"type":"heatmap","z":[[1.0,0.9999936914301909,0.9854774128624397,0.9999273681342544,0.9991134147315907,0.9852474353371315,0.9979065620819717,0.996095611814916,0.9693090237382486,0.9964254889400509,0.9945747316010703,0.9941685391921372,0.9962132615127118,0.9962537344273468,0.9961409826443268,0.9976662221913684,0.9979139583494391,0.9984042533328616,0.9967318044522018,0.9967466030416753,0.9967947624239674,0.9961759676843183,0.9873168427236837,0.9713700931482528,0.9899401958506154,0.9566127972183273,0.9889465502428256,0.9879662914427162,0.9680407986630045,0.9523824321179473,0.992926225090344,0.9941134603828458,0.9924291903251544,0.9773117931153756,0.9978100620641522,0.9980349434691185,0.9975753304879544,0.9962674437502357,0.9959193488793266,0.9979294032004739,0.9987834018361403,0.9988299018793653,0.9977697191169465,0.9977799146891566,0.9767807211602311,0.9147357922493693,0.9497622797628563,0.9238853357151746,0.9251397503843918,0.9038164843351404,0.9633405310696643,0.948229135944211,0.9650524348401862,0.9659418041107767,0.9557020415237999,0.9844020965190322,0.9815580365439526,0.9905166316852251,0.9944795499834352,0.9868495973333482,0.9826578141950223,0.9883171940708352,0.9865086241880051,0.9888687357294952,0.9887023984773707,0.9646266557490948,0.9748255907456742,0.9759506880320621,0.9756739368939366,0.953277525791187,0.9807275540384355,0.9779131668875917,0.9850977463823292,0.9844102630501698,0.9428413417514844,0.8886491670225971,0.8555108644332193,0.9044039618640386,0.9217899317394985,0.9190504213821463,0.9197045240722114,0.9185134985138059,0.6943088545041776,-0.5599448282003027,0.981067647332712,0.9765409405825145,0.9732530155165214,0.9875810504165118,0.9750123729433174,0.98476617907887,0.9847664746868655,0.9499675800353662,0.9848973988099999,0.9529491247569184,0.7712964453812113,0.9061171025393014,0.9284642711803367,0.7998983045379858,0.9509799154149169,0.9516704403892079,0.9001707066126253,0.9652072421125827,0.895977804944136,0.6027659860305723,0.721708176641848,0.9029094543670501,0.8706886590560621,0.8940314392287643,0.9741588275029636,0.9743713879350895,0.7829737639882006,0.7367394937760767,0.8251243231106321,0.4195909283867458,0.802868388095143,0.8293914059544709,0.8245979726699594,0.8160702283370619,0.7796506544245745,0.7513370684482862,0.7341587919078598,-0.2731939607357992,-0.4125271522188239,0.6615222561482613,0.8922426839383634,0.9352103242905594,0.9426800393722955,0.9084291886596245,0.8260915340674455,0.9100514566119053,0.9286336993901505,0.9283240305245604,0.8626797258624315,-0.1690289568300855],[0.9999936914301909,1.0,0.9879564744793309,0.9998312292757565,0.9982511395038723,0.9900428973231443,0.9946204762719315,0.9917002443323406,0.9847412969776183,0.9917176034877698,0.9917272853579929,0.9934798876852102,0.9918523006455747,0.991718243735104,0.9917801216799321,0.9940108192296706,0.996623222026804,0.9962613041873785,0.9942095129808826,0.9942004359476233,0.9917737159378662,0.9918078675334776,0.991716027642868,0.9735572370056828,0.9885794509609934,0.9818359784032596,0.9884728786474569,0.9879254392262898,0.9806463034146067,0.933236455702092,0.9890199014897447,0.9866060718007549,0.9801942247278903,0.9318309238227869,0.995698063365864,0.9955945721791793,0.9958261378369716,0.9922663614677729,0.9953182197682557,0.9958311271554934,0.9971230261950228,0.9972629946178271,0.995812514561085,0.9958081972887479,0.9896949663630675,0.9144996589632985,0.8880139088868763,0.9238517893730042,0.9253399597896895,0.9037926898813788,0.8781018324373057,0.9228504006583576,0.8808108599728973,0.9100132622331517,0.8776743143984778,0.954498892132436,0.9543870619761439,0.9682352393024767,0.9844857507051702,0.9820972421586766,0.9845014390695388,0.9801471216580552,0.9803431452007028,0.9819897512082557,0.9819216171699147,0.9507819284078243,0.9614853645887911,0.9384388340159393,0.9383602686670698,0.8696065393118332,0.9787280277452874,0.9803122880139983,0.9805004134469115,0.9801021589767301,0.9515899427197113,0.7608857521745022,0.7168268507257929,0.8267737502695419,0.8922734656952128,0.8437049364659039,0.8685158883665021,0.8672196508054572,0.7183051012315148,-0.2209965192852621,0.9697203941648086,0.9739917435618748,0.9695310055500799,0.9826940849319127,0.9674599304630053,0.9728573276143513,0.9722448298048473,0.9302783390534589,0.9747821806272078,0.9335852475084925,0.6855360886606298,0.9058200210425743,0.9036902027082847,0.4849080253890631,0.823637110868075,0.828410831191827,0.7378297104313317,0.9663547449333778,0.7105425680247834,-0.29000447379426875,0.21238638932562642,0.7378916978480583,0.686369255227876,0.7303589771405226,0.967891782304385,0.9678479902463191,0.12876087644129522,0.300465669937324,0.1351683024652841,0.1072376047009413,0.12887656042328122,0.14366346755440368,0.14044986839291781,0.06189776447068444,0.4954054815712371,0.22623073563692456,0.17542956738025015,-0.4410497562057779,-0.4854583525244021,0.6619218832013299,0.7499778625333609,0.774204528988367,0.8348752311473727,0.8188018275548354,0.5673704246693597,0.7511513679653569,0.7686799673821355,0.7669178879706364,0.4185338880912757,0.2066603844086965],[0.9854774128624397,0.9879564744793309,1.0,0.9868968132080093,0.9931129581365373,0.9914924196367363,0.9899653979249525,0.990608863419668,0.9906316736724395,0.9933215964514758,0.9973246777117227,0.996465950486474,0.9904772446584521,0.9926997604866246,0.9906673226704508,0.9900779439799163,0.9908530120711745,0.9902028823442188,0.9893205324168937,0.9892793941276692,0.9921924824502829,0.9904822593036593,0.9946654947374616,0.9835808894591943,0.9912603072055464,0.9805464162293828,0.9918096386636822,0.98686860407238,0.9859241201064222,0.9583325945672171,0.9698167501538717,0.9739739853277324,0.9764359608815633,0.9529816776840393,0.987252815190873,0.9903399717079898,0.9887159414984006,0.9922946891816441,0.9947601047124015,0.9911168561623492,0.985115529160823,0.9879126108185121,0.9875895391548636,0.9869486636857971,0.9920044990829961,0.9096893717845835,0.9325944899362792,0.9376852577499595,0.9182052789706039,0.8581305982154342,0.9212579552274767,0.9031100559379923,0.9238714652199671,0.926778258046113,0.9118927391744153,0.9494766797443207,0.9578740651396014,0.9666395510499655,0.9779298612627723,0.9388525444450294,0.9636922096678243,0.9622913043123338,0.9692561444696753,0.9625537146391278,0.9370641953764455,0.9206477233437618,0.9444882502639562,0.9344782992567402,0.9159459949642159,0.8916897684999174,0.9696715297607034,0.9478735392521478,0.9621186776899142,0.9411245391909862,0.822022907153751,0.8439265594930365,0.7615767432747624,0.8623193284564208,0.8909989364741481,0.8923155395474867,0.8593675275001406,0.8739999415678557,0.39333601576082217,-0.5501179907298942,0.9593269125203463,0.9459911510227487,0.9456032550949907,0.9390035970664384,0.9537325257495672,0.9619492251435748,0.9616069625308417,0.9324945506889967,0.9571114740654205,0.8750346386587368,0.7537663004130781,0.9501482092871802,0.9495712858845173,0.7757152384557336,0.9373973202374868,0.9390033116594568,0.8724993002617605,0.9800960617317277,0.7761625305851461,0.5065315445620794,0.6639857505490123,0.7970653801566889,0.7968955991317005,0.7782415219199028,0.9826024850292676,0.9826359661398849,0.7104530628434221,0.6811785744162,0.7108632558382999,0.36442098044063936,0.7017801183606853,0.7134596224386406,0.7267540939762617,0.7118776493869701,0.7401980815680409,0.6839824525175389,0.6655953817961959,-0.33654388575539407,-0.4755140694504172,0.6256644115499226,0.8523056494675854,0.8822643184453735,0.8874627128702558,0.8794080429540182,0.7572137657144444,0.8592912045121007,0.871202263759377,0.8785089144109671,0.7335773577794548,-0.09096275536969999],[0.9999273681342544,0.9998312292757565,0.9868968132080093,1.0,0.9993624277728606,0.9864108639196254,0.9981571715837608,0.996531210026443,0.971599490814908,0.996898941329436,0.9952787214569476,0.9950953060224079,0.9966306656936852,0.9967587950578395,0.9965759868891888,0.9979457852439196,0.9982541973433486,0.9986689134672169,0.9971131374696676,0.9971242473692701,0.997198164542124,0.9965967773718227,0.9885380075154331,0.9728144304613786,0.9909215575162402,0.9592841189865767,0.9900364508925934,0.9894867603008602,0.9700818012150304,0.9536174698836267,0.9922418881945616,0.9936237269119166,0.9923543517584825,0.9768629683183709,0.9978986762719162,0.9982343261356643,0.9978085637702708,0.9967390182089643,0.9963821212593732,0.9981596415692818,0.9986814569807311,0.9989105919865194,0.9978539193120345,0.9978601582449022,0.9786533454844796,0.9107191855742156,0.9475748094251679,0.9244542055295981,0.9236590424758101,0.8968534726285526,0.9603524210111462,0.9448808900160007,0.9619711693412845,0.9633863573460772,0.9528306692651276,0.9822706960611552,0.9799969013465223,0.9896418731870082,0.9942859725043406,0.9854286086085586,0.9816016076151733,0.9870797709986383,0.9859344804767194,0.987552136937147,0.9873806673446149,0.9545592339706538,0.9736106768385322,0.9744659582671419,0.9741878285902131,0.9481098100370958,0.9803085789750293,0.9750791324124909,0.9836757054275609,0.9829546713844575,0.921994237098277,0.887150834253524,0.85165435705406,0.9027069449532463,0.9189778879928971,0.9185685827207128,0.9172763781345681,0.9161326151278034,0.6016480153844989,-0.559460677904882,0.9802666486577812,0.975364516415204,0.9718646300924003,0.9861657152611594,0.9742889608703497,0.9840185474524508,0.9840144157408793,0.9496086734222111,0.983480503580952,0.9376576356505611,0.7753591474680465,0.9116892784625619,0.9325648656621778,0.8016545280345375,0.9522928079313452,0.9530132606670446,0.899646483436563,0.9664618943957153,0.889748462273106,0.5989665670171317,0.7198634540940537,0.8973235408334179,0.8669475134128924,0.8881718032556708,0.9749989992727708,0.9752155830265987,0.7816926075624828,0.7368873586016504,0.8170765755623308,0.42143822085534666,0.7969794145722091,0.8210653133603204,0.816197292428634,0.8105628742520486,0.7819214873362841,0.7511031444224704,0.7340097500475259,-0.26860082041650146,-0.41180190475339273,0.6606600959846284,0.8901777161811538,0.9331848129390581,0.9407265732333312,0.9070021568734281,0.8231500227478323,0.9078959405463243,0.9262108226761097,0.9260518624699481,0.85522595320656,-0.1618083158725855],[0.9991134147315907,0.9982511395038723,0.9931129581365373,0.9993624277728606,1.0,0.9893197581785576,0.9991069382736796,0.9985420737560177,0.9840072060080767,0.9985438090727139,0.9981399510774135,0.9981855966626713,0.9985717948554551,0.9985759737333103,0.9985742799440632,0.999076077602087,0.9987049470968324,0.9993046200456425,0.9988979053598558,0.998896236554805,0.9986326984405588,0.9985633279577386,0.9944605348910257,0.9804461473220623,0.9949364751742714,0.9767408881697048,0.9949035650520335,0.992168517770449,0.9829621661858239,0.9569526014946445,0.989183164349513,0.9918748843872055,0.9895257691261241,0.9686947850411869,0.9989504116764137,0.9990012368026279,0.999017241809336,0.9986506692274858,0.9986829603389695,0.9989920963140373,0.9989792518470586,0.9992034259948999,0.9989520695018841,0.9989480652321078,0.9883542744523345,0.9207695678607948,0.9467379280462805,0.9360678141948593,0.9279801149412511,0.8923538109976837,0.9465793976210498,0.9386777396316885,0.950855426160123,0.9566235786668649,0.9454324007884098,0.9793387289318874,0.9792560361403828,0.9894832629311333,0.9941090443046509,0.9822807955045157,0.9763289432770142,0.9828775737750751,0.9822785556905019,0.9832266405121617,0.9830349937419047,0.9555290175682902,0.965287960339843,0.9600904169384549,0.9597843178489994,0.9224618531420679,0.977721931454928,0.9741222994355038,0.9799422380923413,0.9791754755042698,0.9405098546537883,0.867063649780075,0.828721436773675,0.8879442048667688,0.9236725847643004,0.9079963275111688,0.9151835238867434,0.9142465391869994,0.7498365882341913,-0.5723701856343187,0.9742765408254632,0.9656927927910272,0.9630089401390701,0.9832343519419864,0.9651888307346402,0.9777748927227364,0.97745243956303,0.9413704127823929,0.979353263240194,0.9441555737732513,0.7647950968749658,0.9268588877522885,0.9525616513041842,0.7643020265764396,0.9395226988737073,0.940891133005129,0.8937504707912907,0.9715015139850058,0.8876638525968658,0.43966644674953553,0.6607534865903679,0.8935145073195381,0.8418775326635174,0.8888641410626428,0.9785449543401561,0.9787139514700036,0.7458783893741927,0.7202467842790999,0.7496153996108926,0.39937283382087974,0.7000085743667213,0.7546092271388181,0.7501069249306731,0.7131176506056147,0.7684705186762859,0.7359577223954574,0.7179883369294132,-0.4758253224892021,-0.5568921929642443,0.6550107361047725,0.8845064095283386,0.9187693078169753,0.934544676152656,0.9046839524737389,0.8037368324727864,0.8954614944492905,0.9125150771563637,0.9118721036166009,0.7915000400283242,0.047987111907057116],[0.9852474353371315,0.9900428973231443,0.9914924196367363,0.9864108639196254,0.9893197581785576,1.0,0.9845971157437434,0.9854231104397335,0.9924410431830436,0.9848072348160316,0.9805218604768218,0.9796508578972122,0.9852975769723635,0.9857454105331825,0.9854935941772522,0.9850971986083441,0.9883799122637593,0.9863227410100343,0.9861901033234055,0.9861386494635732,0.9843361036752981,0.9853512014072979,0.9955870142626702,0.993358138813723,0.9866766022819011,0.9865088424022704,0.9869019312679004,0.9774843830547331,0.9880587822413452,0.9733941024380638,0.9635971289131582,0.9691155439989673,0.9776839768320477,0.9663401759247441,0.9842780577078013,0.9846452296593924,0.9854563593585041,0.9860686097877854,0.9803969405994803,0.9850385635780888,0.9834182448704508,0.9851676646978499,0.9844527547154288,0.9844043665835024,0.9959476186460523,0.8688826506958421,0.9254260337161261,0.9041014508395674,0.9164610931534742,0.8769883056037105,0.9189534831731774,0.9091234060984286,0.9215116436404867,0.93532750161871,0.9174046223547809,0.9515424310432062,0.9565508674337087,0.9628863387808994,0.9724590609951527,0.9702985406078665,0.9858924572275228,0.9719004169107627,0.983693973063301,0.9714952611014545,0.9709661453540203,0.9758175614287091,0.9676041262402281,0.9473089523018995,0.946829202967542,0.9450711038324282,0.9821441688867809,0.9747533149538842,0.9715917217895722,0.970247095932063,0.9621902387330652,0.8880268793240342,0.8413174709194237,0.9052838658930954,0.9146499083863598,0.9238655288998279,0.9049303824276839,0.9028868309768102,0.7240794028124001,-0.5106266874615304,0.9799981454781537,0.9811703479951098,0.9769092789487084,0.9712332154369743,0.9722044602958789,0.9788397932120312,0.9784599527800307,0.9672108238872426,0.9682404320413656,0.9660833118270886,0.7769145766234881,0.885287442754807,0.9521523052103189,0.8101971100180196,0.941401908045207,0.9423571399215371,0.8686951092841949,0.9594252224136212,0.8375728526438928,0.5284116547972963,0.6867011845004768,0.8470075327094029,0.8210146996732858,0.8364127748741768,0.9600835228594168,0.9601475558891124,0.7371804191010018,0.7136797021040461,0.7536601394780109,0.423417835932876,0.7442280972079677,0.7591416072880116,0.7528536842638189,0.7495394395130889,0.763979919233787,0.7137331838095489,0.6992350122974783,-0.29651860138063846,-0.4266039200695098,0.6701548150380745,0.8597830254186819,0.8779767633525357,0.8910075331444485,0.8709922276243967,0.7844089258773617,0.8519374137956738,0.8698267245557062,0.8695737793561009,0.811506720863674,-0.12690108279144888],[0.9979065620819717,0.9946204762719315,0.9899653979249525,0.9981571715837608,0.9991069382736796,0.9845971157437434,1.0,0.9974816851844434,0.957379871374154,0.9996001455975468,0.9995511802462053,0.9995695725656721,0.9983858170702221,0.9994654244025609,0.9991656736061915,0.9998898411948683,0.9965098234275758,0.9999032709491718,0.999363886093564,0.9993699314686061,0.9997062793618755,0.9993140582830474,0.9907622825720197,0.9747293255031466,0.9856271755742367,0.9262556750612209,0.9934187019017262,0.9916914544527834,0.973749718620988,0.9507830201388683,0.9916011083490349,0.9918013984793108,0.9933946844992648,0.9742901969926262,0.99898505985985,0.9998477335477606,0.9997077563845814,0.9994728218005177,0.9997587968348923,0.9998318908448737,0.9984800773429608,0.9997296121590724,0.9993737483341489,0.9990225204375369,0.9809347953299966,0.9285950523184119,0.9502775826733758,0.9461536522182098,0.9362700567240352,0.8926867888401118,0.9568611878860553,0.9445230070084629,0.9591684532962669,0.960698538722817,0.9512957476471807,0.9812900361535422,0.9805001125780585,0.9915596718857014,0.9963587870830101,0.9489797682745221,0.9644757392573842,0.9738028898711358,0.9745191448064855,0.9753610516343417,0.9490614812181439,0.906200822973858,0.9567399292505877,0.961910580775399,0.9402050914407786,0.8968814228113254,0.9682874149506189,0.9412359623023323,0.9684688762473462,0.9494222353849892,0.7830596813984327,0.8610590764046973,0.7823908212185928,0.8757497999110158,0.8933680001892175,0.8980509178374235,0.8765169114378922,0.8887668712287098,0.34332902903331625,-0.5929064778146901,0.9655937088470993,0.9520886023352382,0.9506634171140246,0.9506091577427855,0.9615637248339094,0.9718051563563925,0.9718994644715199,0.9311754521126123,0.9685047939504842,0.8523889283360474,0.7595496575013297,0.9274775372915891,0.9320329449355184,0.7901607460474394,0.9502939824143792,0.951183497953622,0.897058196007057,0.9709254874830316,0.8321460528696817,0.5912027251835865,0.7121214358861058,0.8554472225725345,0.8472889916665755,0.8369714709461458,0.9787848219865718,0.9790108768092305,0.7716699143093129,0.7176084463148555,0.7821063263162239,0.393964166113325,0.7753301281974533,0.7938645993805491,0.7885202901145509,0.7916923802239021,0.7653970497975753,0.7416827146587729,0.7228362435682597,-0.2836051938752227,-0.4342520958049497,0.6720513367561778,0.8882161574379056,0.9238274028058838,0.9406150907106224,0.9101425903869633,0.8235969652236598,0.909259085087641,0.9288442670825294,0.9274861008409474,0.7752320712363507,-0.1286164099418365],[0.996095611814916,0.9917002443323406,0.990608863419668,0.996531210026443,0.9985420737560177,0.9854231104397335,0.9974816851844434,1.0,0.9682734121239354,0.999999824318537,0.9999992830796939,0.9997418489266198,0.9999970544115835,0.9999923978113434,0.9999981759050285,0.9992997942379963,0.9911955639468562,0.9994330243553051,0.9999060814713013,0.9999056665044463,0.9999635571908254,0.999998628074006,0.9911663725993556,0.9762593559767099,0.9926857271238697,0.9403692979304826,0.9939193532846201,0.9898230678233905,0.9759536916627197,0.95007960211321,0.9879012600716727,0.9938025218393182,0.9919123239767412,0.9711345701228934,0.9994595555914956,0.9995547075430837,0.9996632414915383,0.9997347905299123,0.9991709943042508,0.9994852517486105,0.9981789889227052,0.9987845853391177,0.9995309318271727,0.9993945771691999,0.9825785892796389,0.9283985580566709,0.9474768417925836,0.9501652448171616,0.934471643252394,0.8814922576518717,0.9551114431107581,0.9399107672109592,0.9570504463872516,0.9548542599114102,0.9451598544538858,0.9792444482763634,0.9774884578475698,0.9904976872528917,0.9968961297214157,0.944028645850585,0.9603054173086115,0.9674406398731931,0.9714653452858724,0.9693857344613985,0.9473388564222127,0.8985491721685798,0.9520165787475506,0.9551562741695392,0.9348039468819992,0.8847821842578728,0.9655820464500476,0.9351003464028895,0.963055081381911,0.9448289926432536,0.7703451542704632,0.8530897249610098,0.7779531466495648,0.8678262509253939,0.8862404252883365,0.8935054352848849,0.8721269834038357,0.8820153230178622,0.32576090039686734,-0.5972570188915479,0.9614456753295694,0.9455425087325917,0.9446724861147302,0.9486497643184711,0.956985669976122,0.9677232897958962,0.967816253105888,0.926388786696229,0.9617205652643889,0.8413071581287509,0.756449258442937,0.9416665113870807,0.9428434656542567,0.7865000488333193,0.9500365938441353,0.9510777791144094,0.8945093067133221,0.9749206036656595,0.8350994319105045,0.576884654134344,0.7033195682947666,0.8564348958025892,0.8441164012272334,0.8391450270459657,0.9812656565445773,0.9814906268473362,0.7626395208134731,0.7098594605701771,0.7834095303446612,0.3813635459015934,0.7701623382111858,0.7893031450838566,0.7889445978600536,0.7860826615348689,0.7591133988412172,0.7358484892098143,0.7164173524298194,-0.2993790910801246,-0.4489785334947303,0.6578000631532539,0.8805827598381908,0.921300816829976,0.9330163936756666,0.9043133024482595,0.8127771355447198,0.9028045985496513,0.9225429613570426,0.9214570189626192,0.7562665803452434,-0.11160829915586652],[0.9693090237382486,0.9847412969776183,0.9906316736724395,0.971599490814908,0.9840072060080767,0.9924410431830436,0.957379871374154,0.9682734121239354,1.0,0.9832754592394436,0.9874903984396073,0.9897250445469113,0.9719587953854719,0.980261170454864,0.9768754262544235,0.9747174263182082,0.9491339390073291,0.9795068244322885,0.9776325136317049,0.9775635517368327,0.9817650826620969,0.9767126100144601,0.9939856278654866,0.9925505913868858,0.9812268447440479,0.988465023217132,0.984265093081836,0.9898746312162036,0.9903706668573706,0.9668590740023817,0.9279964756557577,0.9496021805452709,0.9654344040738119,0.9487141894184418,0.971268374992296,0.9796146298201618,0.9763678763023459,0.9787341087799981,0.9878337413017249,0.9807234759886596,0.9671888104687634,0.9765776557689515,0.9721113215827861,0.9710389603849364,0.9989350093472305,0.8870533216039833,0.9162809977712345,0.9403624424867802,0.9303879790282995,0.8538582732082941,0.8845029168430266,0.8805971684419741,0.8883158023232735,0.9099482451383938,0.8913119004550292,0.9281352367045768,0.9435033963434687,0.9495478309874871,0.9619291012572595,0.8980545969323337,0.9646340967294589,0.9412393638793088,0.9626839655906153,0.9412707374155457,0.89620969868666,0.9091463286946762,0.9373706344485057,0.9093116568431638,0.8723919352997818,0.8733261378639319,0.9641559063105491,0.9146638067846096,0.9397023775367394,0.9011957323735865,0.8079878461185024,0.8361493943506267,0.7166219847282118,0.8565272666795944,0.8713233462622716,0.8850308645869541,0.8329985174527448,0.8519118473171936,0.37000989598327283,-0.5356553545883742,0.9532442302770967,0.9483227556775937,0.944615683936882,0.8971295828576457,0.9429893842910749,0.9513071646850824,0.9508044154212517,0.9346500024428175,0.9354851121404051,0.8605721198778277,0.7600787857196639,0.9330779441218466,0.958240795295319,0.7841205362126168,0.930551253257334,0.9321133083451275,0.8502071701490646,0.9676669199969615,0.7427693656718777,0.4698277853785334,0.6452210155963424,0.7746992801463488,0.7740060988574486,0.75288756266852,0.9670765585168333,0.9670792055943757,0.6915054208868948,0.6704756348180803,0.6763898390769837,0.3718886529249701,0.683852766589948,0.6919690567518251,0.6766714067344648,0.6904654343715122,0.7331463349192248,0.6786209951502922,0.6615092734719533,-0.3433333487130388,-0.47866707594354957,0.6701407373030978,0.8375488182230231,0.8354691378075872,0.8624772500681487,0.8589751885492412,0.7502398393378161,0.8149882596298506,0.841137273248533,0.835010537385607,0.7059382167112881,-0.050708239131132836],[0.9964254889400509,0.9917176034877698,0.9933215964514758,0.996898941329436,0.9985438090727139,0.9848072348160316,0.9996001455975468,0.999999824318537,0.9832754592394436,1.0,0.9999991077585831,0.9997467105509589,0.9999985110343929,0.9999911651681244,0.9999976762986028,0.9996664021850051,0.9977910559402261,0.9994287538099905,0.9998783839288399,0.9998782191657926,0.9999763562477371,0.9999991214132417,0.9937447674015676,0.977782567317203,0.9960020116565966,0.9735944641804636,0.9960878041189853,0.9898421282910788,0.9803059975259263,0.9513747988645777,0.989345032485506,0.993524166369854,0.989358008885782,0.9675930000218542,0.9994789915888097,0.9995465768100791,0.9995585095277342,0.9998249717287929,0.9991847032050937,0.9994930162093206,0.9983792435618064,0.9988270771385905,0.9994827680463729,0.9994765988772865,0.9868681192185644,0.928468240238272,0.9475143590572271,0.95018278304779,0.9345377809134561,0.8816384180212523,0.9446094866417294,0.9332778618353715,0.948291599494924,0.9529237605704463,0.9430667457227789,0.9778067044883609,0.9775234242103673,0.9910301827344102,0.9966686569608111,0.9724858491582847,0.9602982939074876,0.9731425077416189,0.9714649294612714,0.9735836133483651,0.9733247436365499,0.943552647978066,0.952038668669487,0.9506663417108744,0.9503250988791406,0.9112916908121862,0.9655688761739856,0.9646834194292879,0.9703606938112557,0.9693726588051804,0.9274662288460459,0.8531419858454814,0.8093702775510734,0.8678752853836461,0.9069726458235826,0.8937100176780062,0.8998238231753379,0.8989424701657591,0.7030087570857397,-0.6071200977131578,0.9614557165255959,0.9455485280916358,0.944687707994001,0.9736336247285844,0.9524153458460591,0.9673774195180441,0.9669954040292441,0.9270791135172909,0.9691854659381356,0.9301638633995328,0.7564618099527519,0.9415277635616421,0.9550708158204991,0.7693812809317816,0.9432992541496719,0.9446027309186392,0.8945813229698596,0.9740990613212137,0.8954655395990553,0.4769031444652418,0.6785045220204705,0.9012134336266995,0.850256940745265,0.8967125932546226,0.981252396326067,0.9814774964919188,0.7627081676670082,0.7099588197241302,0.7658839870985292,0.3814906470967392,0.7178175604337305,0.7708959358488248,0.7662273250098568,0.7323282044173386,0.7591668827641768,0.7359404151681874,0.7165119558693246,-0.5215197382637228,-0.603270855180384,0.6580143648567492,0.8806887077258587,0.9207519291167783,0.936425128833916,0.9044103967520816,0.8091347741426075,0.8965580780895402,0.914231774720873,0.913575689702298,0.8032843020632564,0.11441348769750771],[0.9945747316010703,0.9917272853579929,0.9973246777117227,0.9952787214569476,0.9981399510774135,0.9805218604768218,0.9995511802462053,0.9999992830796939,0.9874903984396073,0.9999991077585831,1.0,0.9997467882897096,0.999996292631735,0.9999945852104097,0.9999982550264969,0.9996464173554559,0.9974030118441635,0.9991421944004101,0.999772179358055,0.9997716955689543,0.9999983788793069,0.9999979116603254,0.9927823086480351,0.9725456763903594,0.9949984077665369,0.9813890549699549,0.995608481334433,0.9898587201256602,0.9821551860307773,0.9425070395241674,0.9880677819859777,0.9927458259882522,0.9825495944356681,0.9404443958686433,0.9992303921787437,0.9992891663575466,0.9992242336183766,0.9998873662981395,0.9991663274909645,0.9992347434259679,0.9977644263882549,0.9983855341434088,0.9992006964111979,0.9991966173937137,0.9888444138484015,0.9281512011538252,0.910836510977729,0.9501147644308019,0.9344197786541691,0.8812818172210601,0.9101663018704832,0.8987856656988015,0.9149839900605,0.9237470937703075,0.9084107777331972,0.9690103894006652,0.968953265803539,0.9901981756464487,0.9950305520431314,0.9648841628650019,0.9604034960718557,0.9613931708454838,0.9615519553765816,0.9631432600659638,0.9628779970729282,0.919264169136834,0.941620058842484,0.918240896747769,0.9177477300269608,0.8402171122293456,0.962960727821004,0.9691102099529691,0.9652511021393998,0.9641583259149623,0.9183749506565724,0.7765207690400757,0.7341154577572244,0.8247053598637033,0.8824613618955788,0.8479067349727526,0.8651068731238889,0.8636223333168631,0.6970222915599151,-0.429947707366423,0.9477983638856746,0.9456621688394373,0.9447640400418245,0.9661689151654785,0.938774919582981,0.9509724982385891,0.9503026559151405,0.8964878958994958,0.9540906514457883,0.9021391882118053,0.7566136875337951,0.9418810794476663,0.9581454529588573,0.6456834324430415,0.8982471650631612,0.9011773285342642,0.8497111500500241,0.9843292012365404,0.8373056679049226,0.14067218181115126,0.5249328057922985,0.8496389201860226,0.8140545342228923,0.8438026578030028,0.9850692412310815,0.9850806772292057,0.5061186666349449,0.6162052554708762,0.5135007214439732,0.3813994269913299,0.47837786805854404,0.5257116849683048,0.5151940385518357,0.45194591060103895,0.7465240022486539,0.5911904183872009,0.5510866201257971,-0.4859036882931201,-0.540986121727546,0.657386022722028,0.8591710447907952,0.8720248857238948,0.9023172249150155,0.897858575656867,0.6600982850734848,0.8381864846935593,0.8641144099078685,0.8631063032098221,0.6061939713214213,0.056562510446703074],[0.9941685391921372,0.9934798876852102,0.996465950486474,0.9950953060224079,0.9981855966626713,0.9796508578972122,0.9995695725656721,0.9997418489266198,0.9897250445469113,0.9997467105509589,0.9997467882897096,1.0,0.9997607133283584,0.9997450128241226,0.9997521032470993,0.9996490139620293,0.9980475335332853,0.999352110346517,0.9999674313312096,0.9999670413811382,0.9997510873012985,0.999756733992199,0.9921490382167212,0.9683319818316904,0.993608274748739,0.9816902337476046,0.9944473460623251,0.9926693385394932,0.9776600012502388,0.9210989985285415,0.9907398373090953,0.993779259548845,0.9777381796502396,0.919267924664546,0.9993596391566935,0.9994125232908795,0.9993697054383813,0.9995493505824369,0.9995766681811428,0.9993879549727233,0.9975975186406966,0.9984077804176283,0.9993467282065216,0.9993421097566252,0.9899875927904856,0.9232479798035181,0.8953603359944472,0.9471574538742648,0.9339379712693919,0.8813729804459884,0.8709313457637071,0.9113840469458243,0.8749515855543236,0.8965622177921083,0.8689136886885631,0.9553574312883176,0.9552807229745839,0.9805226791724132,0.9942375673161394,0.9638865414236234,0.9651353918296536,0.9574403987564681,0.9595042130414386,0.9605598681822411,0.9604101928086906,0.9199690736433789,0.9334810022473481,0.904662662472148,0.9045226784805714,0.8229845466435862,0.9614929118739247,0.9639174016653419,0.9640210323650698,0.9634746566390944,0.9248340976158651,0.715669992266017,0.6681404359816906,0.7834946033696114,0.8563167161062086,0.804819401729586,0.8313043596235019,0.8303537858735041,0.667570708550332,-0.3361529604280319,0.9422199486926889,0.9487795419575576,0.9420049636049362,0.96487364718313,0.9394445744603541,0.946393028367644,0.9455500355284553,0.8940284549356088,0.9493100249164437,0.8985489456788955,0.7008907983542318,0.9390731885813524,0.9334033076016653,0.49695612020556496,0.834658903996102,0.839740591256508,0.7367950885215836,0.977308872733117,0.7125458925627169,-0.23154994175713478,0.25273960220913233,0.7367507857959961,0.6912266749162982,0.7302423292504078,0.9784952797707489,0.9785692527374006,0.17550922008925934,0.3328943144067321,0.18039180461937807,0.15242604952297722,0.17257013616644523,0.18949043068078958,0.18696813294159467,0.10355951872229985,0.5241713255404014,0.2558682229152102,0.2031794362880827,-0.5063151319628406,-0.5497960534626276,0.6582074728108714,0.7504274827517614,0.7745594235234762,0.8374679948236315,0.8238830682787283,0.5566171307231264,0.7491319718745586,0.7693022693547857,0.7677232791762487,0.4196670166852662,0.24913960918277678],[0.9962132615127118,0.9918523006455747,0.9904772446584521,0.9966306656936852,0.9985717948554551,0.9852975769723635,0.9983858170702221,0.9999970544115835,0.9719587953854719,0.9999985110343929,0.999996292631735,0.9997607133283584,1.0,0.9999908779774461,0.9999976757535015,0.9993498061226699,0.992912913396106,0.9994746390010395,0.9999152678531427,0.9999151245508735,0.9999706776996525,0.9999989050234468,0.9910587063611874,0.9760879390501456,0.993347482111677,0.9453072840846268,0.9938729623862411,0.9899483713679595,0.9757630550964883,0.9500449812222042,0.9888076770634803,0.9938802827229771,0.9920026016294725,0.9712818167435328,0.9995023146484291,0.9995953249578284,0.9996944338691688,0.9997351225288159,0.9992358121053305,0.9995274459449802,0.9982670788764613,0.9988546980944804,0.9995740904304187,0.9994382749871102,0.9823525708013459,0.928694461152227,0.9476657208239627,0.9501238513855719,0.9346528404446266,0.8822209278822698,0.9554693756948348,0.9403183089809147,0.9574133333897,0.9552176019987246,0.9455715373946971,0.9795027887828519,0.9776870837451903,0.9906422324568845,0.9969734303608887,0.9443178430704031,0.9604046343643544,0.9676877936082594,0.9715648897995488,0.9696301973114176,0.9475800172419611,0.8986206265721925,0.9522311010168314,0.9555325855028699,0.9352126563121534,0.8850997120925919,0.9656334098104402,0.9352841975593127,0.9632473702352844,0.9450975703756537,0.7703531514081013,0.8534649024374672,0.7784590421629171,0.8681839765797469,0.8865169456063664,0.8936960901531324,0.872491843603319,0.8823820651091036,0.3259743405633751,-0.5972563858812842,0.9615997850213445,0.9457821023249076,0.9448826950929629,0.9488802570327309,0.9571523744710665,0.9678924016770636,0.9679864801313312,0.9264790916851684,0.961987514278708,0.841423839149462,0.7565603031218333,0.9410264087414304,0.9423349857564806,0.7866116002787825,0.9500612410127164,0.9510943185336797,0.8948508987195417,0.9747718734515297,0.8355782452351107,0.5779567007230244,0.7039843380628039,0.8569035391025116,0.8446491099243942,0.8396196156320013,0.9811980051848439,0.9814231832811166,0.7632672121606088,0.7104042720858844,0.784011948154801,0.3820680030289587,0.770839119288001,0.789992938174239,0.7895591305456171,0.7867933018387328,0.7594750791311408,0.7363020751912867,0.7168909574627516,-0.29842494555028337,-0.4481279560291052,0.6582855940651433,0.8811076964539133,0.9217614586750384,0.933551220055686,0.9047910987947958,0.8133483916217044,0.9033851846554496,0.9231171966703007,0.9220208179922776,0.7569511063715633,-0.11263952577860384],[0.9962537344273468,0.991718243735104,0.9926997604866246,0.9967587950578395,0.9985759737333103,0.9857454105331825,0.9994654244025609,0.9999923978113434,0.980261170454864,0.9999911651681244,0.9999945852104097,0.9997450128241226,0.9999908779774461,1.0,0.9999948280300238,0.9995464878290943,0.9977243700935934,0.9994315621926992,0.9999000229939029,0.999898843293109,0.9999519403559305,0.9999908778766381,0.9930323396083408,0.9765021035436382,0.9957134888215823,0.9675877152575835,0.9954867009710525,0.9898116262551627,0.9761337855410848,0.9502765901021799,0.9889894978553005,0.9938589330706284,0.9912532494267962,0.9708160894884524,0.9994752897961247,0.9995476943431094,0.9996110114684139,0.9998832068107977,0.9991959489233723,0.9994746203829592,0.9981089126718334,0.9987751356175794,0.9994929929694923,0.9994845709045582,0.9848247838374788,0.9286213267448001,0.947404089952859,0.950071178316011,0.9344089215555359,0.8815764049189316,0.9494698733755356,0.9324130465788436,0.9517013121562343,0.9546142823660793,0.9448730189334216,0.9777565329386386,0.9773447579154533,0.9898762956229759,0.996964912965066,0.9726444477598254,0.960066317518577,0.9731719347999684,0.9714680953443209,0.9741433671426338,0.9738689657104879,0.9519383642096129,0.951740579307395,0.9546858109363311,0.9543235838883605,0.927012813943093,0.9656030402071129,0.9674518826068569,0.9719286682937358,0.9708072401869081,0.9364651525171677,0.8528160583790566,0.8159974328493761,0.8676301879157664,0.8979907730584519,0.8934780025316684,0.8942057644533046,0.8929924698496988,0.6802947855215727,-0.5974186143259624,0.9614742232960474,0.9454430635595951,0.9444353522884373,0.9738018868116597,0.9571007878748078,0.9677494644543244,0.9678387683288676,0.9264890204155224,0.9682692187365027,0.9381038832756579,0.7563142660483875,0.9412398847273812,0.9481517166575446,0.7860601877042125,0.9498883885082383,0.9509464076721686,0.8944525966509332,0.9751725948319595,0.8840470205001777,0.5768480045062164,0.7029913597961043,0.8917067695138374,0.8571854666436487,0.8823994005439821,0.9815133456612861,0.9817354141597601,0.7617983985437649,0.7093917800923971,0.8004709634379525,0.3814562313698238,0.7754026220667092,0.8050454793444558,0.7995528553221458,0.7855067681442205,0.7592421634271078,0.7346021148117721,0.715214718103074,-0.3904946924917181,-0.5114511820172858,0.6572513192542554,0.880686644680149,0.918103579773302,0.9288420563902368,0.9047526998809473,0.8119195793790969,0.890049350280857,0.9110146747172932,0.9105120344204579,0.8408959633052093,-0.07961504851685101],[0.9961409826443268,0.9917801216799321,0.9906673226704508,0.9965759868891888,0.9985742799440632,0.9854935941772522,0.9991656736061915,0.9999981759050285,0.9768754262544235,0.9999976762986028,0.9999982550264969,0.9997521032470993,0.9999976757535015,0.9999948280300238,1.0,0.999442636818816,0.9969718087116717,0.9994495233292696,0.9999091091993466,0.9999083705121612,0.9999646792479233,0.9999974178414628,0.9912111728407487,0.9763244052885022,0.9950565636178929,0.9590388407223591,0.994858968383999,0.9899013900667777,0.976008613926535,0.9502525017744284,0.9912684058222853,0.9941496837844649,0.9918593561122204,0.9710411150031432,0.9994715476216272,0.9995562309969743,0.9996706983195162,0.9997506612459489,0.9992003495102136,0.9994827460160453,0.9982046605231948,0.9988014201617996,0.9995411623148447,0.9994075626166311,0.9825781639850429,0.9284772707658211,0.9474950345106967,0.9501608698169173,0.9345872410916477,0.8818036522672222,0.9551925130460577,0.9400475501602386,0.9571639399665939,0.9548026011565941,0.94507542981791,0.9792708301796279,0.9774318020140106,0.9904674585906909,0.996859934542444,0.9443300832889487,0.9603925092088946,0.9676108884113462,0.9715433654151928,0.9695414474062352,0.9471488929525073,0.8987695892815221,0.9519192032138114,0.9552212852525819,0.9350205956814792,0.8849173725297516,0.965729763538431,0.9354536701153621,0.9632624127591387,0.945144816202892,0.7706996742183666,0.8530789138774586,0.778219705330871,0.8678582172667749,0.8864132072207008,0.8935080070871455,0.8722816905818183,0.8821863474952547,0.3261213144731051,-0.5969539191584918,0.9615291149971856,0.9456890406963072,0.9448015087405686,0.9473467283639124,0.9571631716131079,0.9678038646553511,0.9678935091773273,0.9265809493161619,0.9618916232591846,0.8415802680615907,0.756482528083833,0.9413591899510847,0.9427406190456488,0.7864959982426578,0.9499608921107922,0.9510062051135655,0.8943261630218343,0.9749382062950599,0.8351326207064325,0.5767123541508797,0.7032061306728608,0.8564456187277167,0.844243417323028,0.8391749277315053,0.9813062769202234,0.9815280202721544,0.7622451043516333,0.7095113862488458,0.7833905139119055,0.381628753869421,0.7701404353709722,0.7892233287590592,0.7891024616024314,0.7859827528606473,0.7590299290393114,0.7350963795838837,0.7156999867904812,-0.2991892909996176,-0.448784260186447,0.6580515879169216,0.8804884790613481,0.92142575455528,0.9330591847821984,0.9043535211289866,0.8125713502118174,0.9030101853624861,0.9225804692991991,0.9216118770870788,0.7563633197892894,-0.11188382091371984],[0.9976662221913684,0.9940108192296706,0.9900779439799163,0.9979457852439196,0.999076077602087,0.9850971986083441,0.9998898411948683,0.9992997942379963,0.9747174263182082,0.9996664021850051,0.9996464173554559,0.9996490139620293,0.9993498061226699,0.9995464878290943,0.999442636818816,1.0,0.9983540539315485,0.9998450991959699,0.9995347498163479,0.9995394824809197,0.9997602653332706,0.9995195770792962,0.9908333660227866,0.9752477625837984,0.9936599451722885,0.951175447968838,0.9932997520551056,0.9916466598708148,0.9740943401069563,0.9508773690534321,0.9917364386078134,0.9925425352858132,0.992785375302262,0.9732877588986524,0.9992589755302118,0.9997283229237182,0.9997089596316908,0.999557004220753,0.9995764624793531,0.9996821713011245,0.9988198495345121,0.9995683449427885,0.9994989626017768,0.9992522109513817,0.9810897257604612,0.9271211210947999,0.949712235087333,0.9462410614519193,0.9350570764016181,0.8890450630284568,0.9573553578419212,0.9448263472129546,0.9596246568238338,0.9592070594324822,0.9495576333605266,0.9813587039201043,0.9796028242632222,0.9914808170612384,0.9963585645990918,0.949237262723873,0.9641107068179955,0.9729866162507215,0.9741824537311837,0.974636647517404,0.9501569402754476,0.9051142375979122,0.9554420571992953,0.9609246739708409,0.9402797667957661,0.8943245248583411,0.9682672923929048,0.9408627007491291,0.9679920178957955,0.9497942513752965,0.7804072058451861,0.8589824227338948,0.7832113942172602,0.8737748126894269,0.8920404500720168,0.8966803354591113,0.876478322419162,0.8878282832534058,0.3391629678466833,-0.5934414286242431,0.9649602658931404,0.9508647249388029,0.949678248625945,0.9517436885248538,0.9613711958245107,0.971209567064398,0.9712872602694729,0.9310671847482828,0.9675588333665126,0.8503377060175377,0.7581663297458756,0.9312225334598803,0.9344175486502501,0.7894785713761185,0.9500262681767565,0.9509547352275592,0.8946167223282141,0.9713288708157672,0.8344030079503787,0.5865815066152262,0.70875372991