var element=document.getElementById("correlationAdjClose");if(element.style.display!='none'){var correlationAdjClose={"data":[{"type":"heatmap","z":[[1.0,0.9999926731943186,0.9853541064110081,0.9999262516394539,0.9990260384603682,0.9865533514145703,0.9977536133370826,0.9957755826498504,0.969169752797591,0.9960896861076834,0.9808676947042434,0.9934107539091418,0.9959040891805971,0.9951978011831454,0.9958244409718947,0.9974828569672871,0.9974663207300845,0.9982766884134133,0.9964640237747135,0.9964747737088145,0.9965281130481574,0.9958567245552437,0.9863555881416529,0.9708258930360452,0.9891358562123704,0.9559607086615747,0.9880763449995907,0.9855458679926922,0.9663260039344707,0.9492453161683975,0.9932578698027218,0.9942069871995213,0.9921860708453781,0.9767839794801423,0.9976637573242756,0.9979190230881101,0.9973936215582404,0.9959624274198033,0.995649574646495,0.9978202584115279,0.9987314219366673,0.9987617918577378,0.9976147543732843,0.9976245962099188,0.9767321393545865,0.9152530559376721,0.7429975525252369,0.9149822534123638,0.9162854336081848,0.8519770038216857,0.964426960733392,0.946619941990723,0.9659808906090475,0.9652637610587058,0.9563625035373677,0.985098219581255,0.9820213582223637,0.9903175722835522,0.9945436294271314,0.9857770021727968,0.9806190264358308,0.9874308853750492,0.9852548764187795,0.9880143753334284,0.9878047375431565,0.9649519822181419,0.9719172537792172,0.9740150946935868,0.9736806370834223,0.9501354201091727,0.9786647817654103,0.9762756057096905,0.9838993225090428,0.9831200431235283,0.9401591336070699,0.8756771816050078,0.8433972972954034,0.8939503828604177,0.9151278605979887,0.9115210291474113,0.9130643546208849,0.9116677554517151,0.6662128814879598,-0.5667644206618678,0.9794502510888149,0.9734371476643386,0.9697919446512753,0.9865470338981803,0.9733364129907593,0.9835729744108552,0.9835319805443875,0.9485134624292801,0.9837037712299286,0.9520054164609142,0.693139785018157,0.8909160727966104,0.9227509457792115,0.7793281302080804,0.9294056760774709,0.9473086205345033,0.8304284206401022,0.9622560785444568,0.8961637840481348,0.6209597493432898,0.7158617618444864,0.8925497613471607,0.8681560924272503,0.889978297470544,0.9720720539930469,0.9722604319672326,0.7441007003127427,0.7220564970700425,0.8249464125389387,0.3779631259641757,0.798608865784562,0.8292672879431736,0.8162598201912177,0.814885494473601,0.7665465828153204,0.7468606933992956,0.7284154938071614,-0.2579964653945525,-0.396396816011392,0.6571110116398898,0.8967501591989071,0.9399659788088328,0.9456627628966365,0.9148467700212722,0.8279246165690641,0.9126606796200207,0.9332734685484555,0.9331187726930619,0.8678307045954581,-0.18740836444835982],[0.9999926731943186,1.0,0.9861718572804188,0.9998102006810053,0.9979854332726351,0.9901801523792814,0.9939773307642418,0.990534472996074,0.9826665362003401,0.990559300276893,0.9729194973258568,0.9925865215454912,0.9907213551256517,0.99058397879914,0.9906275019470804,0.9931698304295598,0.9961689117546224,0.9957664452290783,0.9934119363425408,0.9934130563362252,0.9906217039690175,0.9906737594913678,0.9902657545598688,0.9691837688155,0.9868573183738975,0.9797022365522511,0.9866855956957754,0.9854188755991075,0.9777068163453018,0.9254766513019039,0.9879338038342391,0.9850844476599778,0.9784484365085883,0.9253065268159291,0.9952879716337446,0.9951546913310889,0.9954130022219793,0.9913506399715759,0.9949603816498913,0.9954168922612561,0.996870200079401,0.9969631110364064,0.9953921901379492,0.9954004420586265,0.9884065921933416,0.9150338402178588,0.5819668781290296,0.9147051298057968,0.9162899893347233,0.8521003006509096,0.8729634219083164,0.9175532858304394,0.8761681488133847,0.902417527275294,0.8722747872961717,0.9545431623094687,0.9544902421267984,0.9641694467147995,0.9833525929377557,0.9790330481327802,0.9820362102697066,0.9771335576873521,0.9769598330275335,0.9793417703866197,0.979263560737407,0.9455895273837814,0.9547781378907615,0.9277348321371799,0.9276460592495567,0.8455381423676293,0.9750816486008744,0.9769632620972315,0.9771743228833788,0.9766985542804912,0.9439539680560125,0.7153799003285479,0.6641496517026578,0.7939794962394322,0.8723106706970294,0.8145609501263514,0.8443452501002696,0.8428524662292644,0.6654809200857075,-0.25354003146263654,0.9647766417189391,0.9701261977963851,0.9645506245473446,0.9797493943294253,0.9623664075284499,0.9685183111711936,0.9677738616955208,0.9201135233481937,0.9708947840704334,0.9244832217602417,0.5605239940831761,0.8901918227208379,0.8874273382690918,0.39241483313497205,0.721366587455312,0.7960963626805098,0.6813068224837089,0.9629746650258166,0.686780419322593,-0.26873967182889136,0.18035420576132796,0.6572803221765441,0.6617824143369331,0.7072329566800342,0.964534533351746,0.9644453078090554,-0.011165309391310793,0.2335643080304788,0.07079023480984827,0.03648895449036701,0.06505738556535826,0.08094983188951295,0.048209447999711205,0.0013289546220933647,0.4369616050950837,0.1690142650275946,0.11838508534688669,-0.4430101229528377,-0.4837806623388795,0.6568262909523845,0.7511643000358047,0.7754901830806905,0.833412551819243,0.8254592466845497,0.5571780357921651,0.7421980520064003,0.770120634790432,0.768863099741443,0.41986932957029266,0.18554894819492362],[0.9853541064110081,0.9861718572804188,1.0,0.9867533209686864,0.9932426688408675,0.9907605657143089,0.9905089229578373,0.99105498049965,0.9900544387787702,0.9942309393986244,0.9584670075208291,0.9970757212849103,0.9909375738897688,0.9928583361010119,0.9911135307340443,0.9904956150884512,0.9912979644687582,0.9905804002786129,0.9897337212451142,0.9897048680012458,0.9927607290858502,0.9909867057060581,0.9943320267517854,0.9817956999773172,0.9912211068987232,0.9792282428354223,0.9917043950287422,0.984811270825462,0.9844270539244621,0.9546090267451449,0.9712749499106991,0.9752227820065209,0.9780037326817339,0.9530832464732193,0.9878264310098098,0.9909572098605137,0.9892796920869553,0.9928534484278122,0.9951406994971143,0.9920966580052409,0.9855723139214165,0.9882558555863874,0.988129856880317,0.9875118808522034,0.9913187020633704,0.9137911403372653,0.6836193716881813,0.9348739732908563,0.9108974534345022,0.7757311368484586,0.9240108543595906,0.9019503496541433,0.9264320842613799,0.9259016301197928,0.9132361740772974,0.9515725188957666,0.9595666376810545,0.9672131307775531,0.9794734400840782,0.9358201282608988,0.9576129616268682,0.9590068401979708,0.9655983101894264,0.9593875018240221,0.9336986368126982,0.9111275833994082,0.9374557452608174,0.9299605528161846,0.9120619080757361,0.8792614141621792,0.9657365694988764,0.9438021343005076,0.9593547440545902,0.9380961752915309,0.8015122798926452,0.8241026886374349,0.748349182635264,0.8449383329980773,0.8805271223191926,0.8803359899789975,0.8491682623016793,0.8633071233855409,0.3526470615904925,-0.562128783533971,0.9540391061866906,0.9353652292138104,0.9365349027229524,0.9360546684721145,0.9483345141824971,0.9576321402700705,0.9572078104320517,0.9241226751231941,0.9532665677632547,0.8596570002543529,0.6700792271213281,0.9448895592205062,0.9440153555710198,0.7474865547062907,0.9136982588986745,0.9332013545718981,0.8167951333304365,0.9798725043796281,0.7779578456369912,0.527078118485949,0.6573728481603266,0.7874069635456634,0.7946643478915028,0.7762521553901367,0.9829707177802035,0.9830167676268007,0.6669718580986012,0.6625816419410266,0.7123826989197849,0.3163786953884949,0.6962592080510307,0.7126208971203963,0.7221013808723462,0.7098842924486534,0.7246243539815747,0.6774521196739012,0.6574350169358778,-0.32575645186456187,-0.4638851661992421,0.6203771730448465,0.8580515506348064,0.8890272489882558,0.8923906846640776,0.8881862691142335,0.7594840654998696,0.8640656340588176,0.8778532957767373,0.886228016359346,0.7379412482970008,-0.1092837310388137],[0.9999262516394539,0.9998102006810053,0.9867533209686864,1.0,0.9993014138019269,0.9876002590445726,0.9980454945537062,0.9962523988436172,0.9714333664250991,0.9966334331365155,0.9805014201753675,0.9945531471124688,0.9963629226640736,0.9958595692552913,0.9963001205433792,0.9977942017317293,0.9978495761749606,0.9985806837986507,0.9968812768966795,0.996889704962027,0.996987888367274,0.9963198747824281,0.9876102064392589,0.9721902092662711,0.9901665551047004,0.9586065678151876,0.9892160732144192,0.9874125538254839,0.968383007050257,0.9504656876992333,0.9926511799558498,0.9937896737874985,0.992230207830863,0.9764156774477668,0.9977888622021394,0.9981699473853941,0.9976666572327461,0.9964800151225353,0.9962605971938959,0.9981101542401272,0.998652368542102,0.9988766718631658,0.9977330244306027,0.9977400936309507,0.978564131343998,0.9111741352234839,0.736729499563892,0.9157538925628335,0.9145969668778496,0.8428437679338107,0.961490522115095,0.9432439987005005,0.9629424164311328,0.9626687087407185,0.9535093323858853,0.9830177412926664,0.9805037317282232,0.9894850858370005,0.9944392592360819,0.9842054980121179,0.979280475037347,0.9860379783679356,0.984552236343493,0.9865414265713486,0.986324971185896,0.9533455584931345,0.9705040265143899,0.9724050488697379,0.9720686886553183,0.9442462875616622,0.9781265732490392,0.9730991059941223,0.9823209434603797,0.981502646560764,0.9164711871414495,0.8738650739771966,0.8390686855616646,0.8919049647893972,0.9119634058517444,0.9108381656468718,0.9103530334159099,0.9090077604237411,0.567739071157628,-0.5665666355102184,0.9784507433482064,0.9718159373220147,0.9680370444931309,0.9849786937164178,0.9723997985522945,0.9826611508742283,0.9826148654421243,0.9477753664447356,0.98211096221828,0.9344579964059031,0.6980710560218483,0.8976133410319131,0.9270290938366653,0.780945012679419,0.9310610049718328,0.948708746073238,0.8307242304859827,0.9636368029623902,0.8900091450008969,0.6174461357234,0.7140786915971037,0.8874408276963448,0.8645355645393257,0.8845474076373331,0.9730437686497535,0.973240241700615,0.7430738942112399,0.7222826370294293,0.8169945628673986,0.37993379302949526,0.7928793915553567,0.821033442320634,0.8080887508726545,0.8095208987927535,0.7691083720531073,0.7468072271902367,0.7284356581201665,-0.2533704443765131,-0.39564928077842604,0.656071990869476,0.8948464833577756,0.938108630964546,0.9438574411150548,0.9136605129391135,0.8251044812647259,0.9106380496732993,0.9310075659795822,0.9310082599159579,0.860349371873117,-0.1802091971893286],[0.9990260384603682,0.9979854332726351,0.9932426688408675,0.9993014138019269,1.0,0.9905187075978431,0.9990763559761839,0.9984337861590771,0.9843298294832764,0.9984950869921974,0.97502398430051,0.997968479241878,0.9984701505928119,0.9983168358461142,0.9984670127834273,0.9990127080276258,0.9982959125373552,0.9992609557257064,0.9988198154974535,0.998819084172458,0.9985364203908329,0.9984587408410567,0.9940395126088917,0.9798753540142232,0.9944602852109918,0.9767360058905742,0.9944153151811174,0.9905237075150054,0.9819209845704899,0.9541196678746017,0.9892785498461661,0.9919345142110407,0.9898243371198869,0.9681350017691835,0.9989449818445821,0.9989885050337659,0.9989968397791451,0.9985588702314145,0.9986360426576402,0.9990985341113742,0.9989600317625267,0.9991720131213276,0.9989377653424376,0.9989370025390873,0.9886366968955651,0.9209996562950399,0.7129537313442214,0.9286380046954364,0.9188205693867856,0.8276633530056271,0.9463389425808598,0.9344640939156893,0.9504667322226348,0.9549350006916583,0.9451550075285464,0.9795988053865028,0.9795409818963912,0.9890499671611368,0.9943808100831817,0.9806316162444731,0.9736180008788902,0.9814525765348217,0.9805482282639664,0.9817954872603178,0.9815383171859273,0.9547077557464437,0.9612819399787903,0.9560554519708989,0.9556246187194237,0.9152232010823679,0.9753311495723821,0.971796384196379,0.9780573475846742,0.9771714076007258,0.9367236044788825,0.8515544156241001,0.8106333030123625,0.8756338097523308,0.9158003466010209,0.8985338290101567,0.9064565293785618,0.9052244975495397,0.7214303297914231,-0.5847829818240601,0.9718644735823002,0.9610586425468028,0.9582871529690741,0.9816429833875082,0.9623389040214664,0.9757568563532072,0.9753324597560193,0.938429648013466,0.9775468006272884,0.9418616731714585,0.6854140781734601,0.9151907336592391,0.947861035266714,0.7378484597459708,0.9120255820917417,0.9349044309936146,0.8248974996934524,0.9691228234616833,0.8844008828075282,0.460502694909274,0.6506738905335536,0.8728096297477518,0.8338583070907003,0.8756565411593445,0.9768787621850269,0.9770287340312168,0.6991687261594087,0.7042064192163192,0.7418576149576398,0.35626065704708315,0.6861758057526004,0.7473057113357074,0.7245115905368391,0.704183587025756,0.7543018705938339,0.7304170029663323,0.7111282337662016,-0.4674529093229598,-0.5471731853169437,0.647832536854394,0.8882303382686638,0.9231693717762214,0.9365976155884419,0.9105005992240239,0.8037026604917358,0.895674652861129,0.9165250559404605,0.9160440790300284,0.7957427950624368,0.03025303419669632],[0.9865533514145703,0.9901801523792814,0.9907605657143089,0.9876002590445726,0.9905187075978431,1.0,0.9862990794439201,0.9868195877387782,0.991420734704604,0.9865207717984041,0.9616602365088607,0.9795205121973521,0.986723352544072,0.9881206215545586,0.9868853686048128,0.9866080051231931,0.9899432982179353,0.9878497806023947,0.9876413769922372,0.9876508090533322,0.9856819609129235,0.986819491274019,0.9958904016853984,0.9925018948065722,0.9874453630421487,0.9847876290066467,0.9875085888766707,0.9742298375094606,0.9867681400791328,0.9710457901414288,0.9669197155196387,0.9719490854574877,0.9807712074341112,0.968698751917369,0.9861257066953277,0.9863901129213479,0.9872272059553715,0.9875821457957028,0.9810986005974899,0.9873129890949361,0.985324888907036,0.9868548594336921,0.9862586598995322,0.9862799661814357,0.9954374201907723,0.8705816389496172,0.7066922271767258,0.8940525891939971,0.9088344313089695,0.8389237517983646,0.9243381932777326,0.9100379875188634,0.9265928861581207,0.9377221650461317,0.9222114868377449,0.9561706071636226,0.9610648454310006,0.9649848615870286,0.9754297146468175,0.9693303949842907,0.9837727190546195,0.9705794483422755,0.9826711460157231,0.9702486094950185,0.969695571456742,0.9725954157542361,0.9645772729680555,0.9449436814076715,0.9444392999876132,0.9383196858630481,0.9806787859087842,0.9731109673850751,0.9706438434362605,0.9691749115286872,0.9571015578440935,0.8735311588012916,0.8264241624413079,0.8932137471294724,0.9070974442080049,0.9156679455600334,0.8974047384215523,0.8951946141481383,0.691675843590021,-0.5233103088740908,0.9778203058580683,0.9771777003163005,0.9732137082377819,0.9703496571575035,0.9691919807797119,0.9771533842498349,0.9767632806992266,0.9624277813440247,0.9664921286894371,0.9614439882898664,0.7035542285167462,0.8679918721620298,0.94642527523357,0.7845892211182722,0.9225785407205945,0.937727493050084,0.8236714686033871,0.9586724483063843,0.8416839078259544,0.5543722628042891,0.684102591053812,0.8398226914854144,0.8216064414081024,0.8384723392969078,0.9600554042768791,0.9601536498150872,0.7022794409534105,0.700017095924247,0.7567003291936577,0.3811710648826634,0.7419891311680032,0.7623435361296583,0.7490279983152238,0.7514325976499969,0.7534168175025625,0.7128903285941741,0.696883026374638,-0.2821465069285424,-0.41180547000422657,0.6733398286606042,0.8718500854334511,0.8893233544442658,0.8997613683431192,0.8851892877011159,0.792284176172771,0.8599310404294498,0.8809133620179337,0.8810202154017067,0.8241326762470018,-0.1498498438461917],[0.9977536133370826,0.9939773307642418,0.9905089229578373,0.9980454945537062,0.9990763559761839,0.9862990794439201,1.0,0.9973449119091469,0.9581872430091357,0.9995683758522775,0.9750507919837467,0.9995092179947105,0.9982822505073372,0.9991167586426994,0.9991067911416568,0.9998795688480929,0.9953298155467504,0.9999013364101371,0.9993191447492025,0.9993240994853065,0.9996835942288218,0.9992901999324086,0.990540965416338,0.9750199063961873,0.9850015672658762,0.9258464217081245,0.9930531486304676,0.9899718114243741,0.9730401628587777,0.9483273008528115,0.991776687531993,0.9917240287211492,0.9934495651792827,0.9738548523093532,0.9989233572597066,0.999836634441306,0.9996857827435759,0.9994397910867596,0.9997149718355817,0.9998657215638955,0.998364440190535,0.9997073248652956,0.9993342913848519,0.9989722732995973,0.9818777299346767,0.9284594392780602,0.7293504999402476,0.9401368173015044,0.9284321947004839,0.8215496572288679,0.9573992176571711,0.9427779741381322,0.9595960729951148,0.9592498336043924,0.9510766976691385,0.9816094494458237,0.9804231654550133,0.9913283470883281,0.9964486198671774,0.9454884702611993,0.9608322002658357,0.971840233639799,0.9723372183524204,0.9735064947263209,0.9455188815454885,0.9002582012739864,0.9520915153784961,0.9589871430314022,0.9364658314264729,0.8887690542022256,0.9652003892825765,0.9367284294041602,0.9660308469225528,0.945851477084234,0.7639855131000384,0.8457812631608488,0.7701641942072904,0.8628489337690987,0.8845558663589432,0.8889579852098805,0.8676213012668126,0.8798925939239873,0.305202466403582,-0.6004705892520399,0.9627546854883912,0.9460777479577714,0.9448897265561339,0.9473609060291508,0.9589857275951067,0.9696492055420667,0.9696923168026744,0.9284076362552437,0.9660793589577193,0.8402364645098072,0.6794860307786005,0.915701969507512,0.926764856569334,0.7696114362586258,0.9281457675853284,0.9470041528538754,0.8254126989421693,0.9684650374904001,0.8318707922757517,0.6077408953315315,0.7052621043923976,0.8454984103600142,0.8440274727815877,0.8316619757923218,0.9769781681684382,0.9771851389739277,0.730713280073938,0.7012224925897609,0.7822691562406037,0.35105399028348433,0.7705843468140314,0.7927402348567889,0.7812913001001379,0.789730084670012,0.7507028182347335,0.7357616429494241,0.7156120503862478,-0.2700358492204044,-0.41962705600949796,0.6653796311299324,0.8910012222524181,0.9269032383589215,0.9428130292310275,0.9150246727333706,0.8244277847861348,0.9112048119360382,0.9322928141489637,0.9317410714847068,0.7760511754086402,-0.1445324852121908],[0.9957755826498504,0.990534472996074,0.99105498049965,0.9962523988436172,0.9984337861590771,0.9868195877387782,0.9973449119091469,1.0,0.9693396918910585,0.9999853299017113,0.9697754274263506,0.9997043809146794,0.9999969854299482,0.9996824790534541,0.9999980479728122,0.9992256372305082,0.9891132166029197,0.9993845563163422,0.999898801626207,0.9998983584898571,0.9999607730110667,0.9999949420352287,0.9909296732354728,0.9763287921848335,0.9923164484642633,0.9400558020509454,0.9935568023895053,0.9877181446703319,0.9752573957927114,0.947437522253973,0.9880487420269154,0.9939112031073073,0.9921281267884468,0.9706965988269416,0.9994478747384704,0.9995295204398473,0.9996439783766571,0.9997151173165868,0.9989857754582244,0.9994679059910996,0.9980376734873013,0.99868912094278,0.9995176970105172,0.999385247228197,0.9834478995031084,0.928385522868442,0.716560626411298,0.9449310496039074,0.9263087247407719,0.8028570406803937,0.9557242841623617,0.9380088799997092,0.9575301836902232,0.9531105795397589,0.944739444227354,0.979586560170594,0.9773072551675805,0.9902868208143484,0.9971197510985818,0.9401853838007288,0.9559678774248043,0.964810971785413,0.9688784258526182,0.9669064649064053,0.9436728015447667,0.8912497629191047,0.9467838606997815,0.9516806757204482,0.9307243448511526,0.8752004799759997,0.9621226429118338,0.9300136054837268,0.9601034861309421,0.9409173216590836,0.7496093054869444,0.8368346780096464,0.765421175651628,0.8539258506177255,0.8766269751531979,0.883739024486739,0.8628466214469066,0.8724846368163105,0.2861497088094233,-0.6055044944771578,0.9580367110850114,0.9382227464289679,0.9379134782926901,0.9452753123312302,0.9537170095753025,0.9650195881579094,0.9650531765020168,0.9225932680057806,0.9585872562170165,0.8274372561822436,0.6755016736635262,0.9323671778210951,0.9383451261238435,0.7651185247604922,0.9276992722592781,0.9467701528730714,0.8228842608338667,0.9728001247064201,0.8352128218196505,0.5933867892991657,0.6961373674223374,0.8464582724354037,0.840919168458497,0.8346617127117418,0.9797026131680263,0.9799145164304927,0.720958107536311,0.692883939485299,0.7838857463640282,0.3373712145375018,0.7653681213059017,0.7882590900066639,0.7822251970336165,0.7841234021311927,0.7439154574751806,0.7296339509111467,0.708853226416582,-0.28644314524023157,-0.43503510859911726,0.6495089821399842,0.8829698847309563,0.9245032901583903,0.9351527890229192,0.9089521198267912,0.8132985320081859,0.9047030061981797,0.9259821183617235,0.9256650216617731,0.7564734928333497,-0.12714360051909354],[0.969169752797591,0.9826665362003401,0.9900544387787702,0.9714333664250991,0.9843298294832764,0.991420734704604,0.9581872430091357,0.9693396918910585,1.0,0.9848283898587016,0.9444012544950245,0.9899718109639086,0.9730616323315011,0.9831466027731558,0.9779882484422413,0.9756700672920396,0.946782209863832,0.9803469871706153,0.9786792166534664,0.9786564546654964,0.9827651861518266,0.9780066500273225,0.9946046131554553,0.9916015604838623,0.9820077859194536,0.987110633135517,0.9849221962524695,0.9880507196488397,0.9896483895390118,0.9644181532282664,0.9301233609749413,0.9516408632410398,0.9683095957889686,0.9503354965496126,0.9725251115614232,0.9807272651761383,0.9776032150477675,0.9799705990161344,0.9880887908854649,0.9824673059934264,0.9681413113863986,0.977390955492331,0.9733466907656045,0.9723420202192868,0.9988678762182938,0.8881748877958817,0.661922076355611,0.9357635423237997,0.9233459805559439,0.7842832218009835,0.8881192849267662,0.880085545040474,0.8917275213684959,0.9097364832858177,0.893606197852656,0.9314076531522928,0.9463789078820913,0.9508024424505293,0.9643681576162698,0.8930033528843545,0.958362790841772,0.9365048870239914,0.9585651608871203,0.9367053396441767,0.8909111796341707,0.8965117023347441,0.9296377569007982,0.9034982490663178,0.8664979892126762,0.8577185420639457,0.9597286206308623,0.9082354594782426,0.9357017455470777,0.8961550009730739,0.784013817483091,0.8148891501161777,0.7004577649791096,0.837718569756144,0.8589613094697217,0.8720093969768297,0.821121150887543,0.8395443583328422,0.324873895304325,-0.5505498615572086,0.9471413257906802,0.9375133490795221,0.9350802367690174,0.8926866959781894,0.9362600684567259,0.9460415856145472,0.9454582336891394,0.92478711143854,0.9300678623539683,0.8414376388161517,0.6816350522883445,0.9239183769914823,0.9539769409149019,0.7549730698024211,0.9096854293475799,0.9263174306991739,0.805833046647535,0.9677722746328217,0.7454866446949154,0.4920121785693856,0.6391471124893718,0.766151968331997,0.7726951475883381,0.752885794296046,0.9673810859174868,0.9674124217704636,0.6505873284775997,0.6516998085629072,0.6787091240242085,0.3241803415667168,0.6792266620580205,0.6923896744863899,0.6722215410043302,0.6895771568123099,0.7181695748440091,0.6736894465295624,0.65487888546008,-0.3337128312466409,-0.46840770445498914,0.6683263557155701,0.8456561455512958,0.843524663115664,0.8691553971890758,0.8698720269115067,0.7551363014245482,0.8207685832063015,0.8495701595595667,0.8445340351879612,0.7118960128424388,-0.06825146174355289],[0.9960896861076834,0.990559300276893,0.9942309393986244,0.9966334331365155,0.9984950869921974,0.9865207717984041,0.9995683758522775,0.9999853299017113,0.9848283898587016,1.0,0.9691408708251025,0.9997035521262001,0.9999819773887555,0.9998505965430036,0.9999906155159374,0.9996595485258579,0.9975234928866964,0.9993780260543877,0.9998439418024817,0.9998430224399805,0.9999683676921298,0.9999832627689529,0.9938316480605744,0.9779987780806988,0.9955905646706942,0.9746710308824162,0.9957134527539386,0.9876868908251413,0.97978165021865,0.9488901424818519,0.9887465259739558,0.9930604000807637,0.9892919403541784,0.9665762252919141,0.9993914002667569,0.9994704363357245,0.9994787321865624,0.9998545697551887,0.9989944033941681,0.9994534390792706,0.998219002499472,0.9987064294123201,0.9993893273181007,0.9993838585225896,0.9880585956749967,0.9284764640410638,0.7171339855958088,0.9448082054931938,0.9261622169270218,0.8030588515109631,0.9437146148391312,0.9295290071581903,0.9473658462690749,0.9507107802365856,0.9421060319657747,0.9777061731888237,0.9773363056633858,0.9904536226370947,0.9965870235123303,0.9704026484269007,0.9563341999103226,0.9711560659344731,0.9689956984686967,0.9715938149890078,0.9712952878887607,0.942460061641223,0.9461809592989517,0.9456399140617182,0.9452674233580115,0.9032496745754891,0.9624781643159908,0.962418975026301,0.9682415217577319,0.9671643323020032,0.9238606022275287,0.8362689428485403,0.7894371494187056,0.8531656688941683,0.8975536995590958,0.8827871389815757,0.8896587692523259,0.8886917071246859,0.6704973691484424,-0.6186194913698325,0.9580411961799199,0.9382607393006485,0.938085812280886,0.971639769774522,0.9490490752129731,0.964672767161842,0.9642209375236866,0.9236591790805566,0.9667142800387988,0.9274205968311263,0.6740718044169458,0.9319768284838412,0.9514445285265807,0.7439382667405486,0.9161452152120138,0.9386107820852683,0.8220662411262829,0.9717016985000205,0.8909247127606285,0.49323715525290057,0.6669153002435596,0.8799605870412133,0.8413693709426885,0.8832060428144038,0.97963667328453,0.9798752161091246,0.7189323970145957,0.6899382565438414,0.7570216424350027,0.33535732032932386,0.7029840866611322,0.7622862691067204,0.7413873688290137,0.7220117488856672,0.7414562559248341,0.7264895518341086,0.705657483368373,-0.5155804887021671,-0.596109339021779,0.6489764913434255,0.8817795807382842,0.9234721586705521,0.9374423030567552,0.9079405632416419,0.8087255481413493,0.8960650784845937,0.9167617676242805,0.9162141368624506,0.8057620253833049,0.10129622391302041],[0.9808676947042434,0.9729194973258568,0.9584670075208291,0.9805014201753675,0.97502398430051,0.9616602365088607,0.9750507919837467,0.9697754274263506,0.9444012544950245,0.9691408708251025,1.0,0.9595992990844049,0.970133357973547,0.9691601577972843,0.969882579532029,0.9733324374120903,0.9728524244473309,0.9768205349659523,0.9736804885445752,0.9736923756471745,0.9699323138205523,0.969995129482134,0.9679466151345254,0.9555067159420106,0.9759608824182929,0.9557862832480479,0.9740316984401312,0.9211215118706303,0.9710244009178514,0.9560020891056173,0.9788570472868078,0.9736390318921264,0.9737328016474843,0.9437002456731981,0.9771987803962978,0.9768111980528776,0.9771971459704168,0.9703969392774922,0.9659999833344958,0.9762602982679013,0.9807674850361947,0.979240251379664,0.9773525157881527,0.9773674505194314,0.9571858105536836,0.8565648084412615,0.5411566035775208,0.8373640308312749,0.9093716614432973,0.884031183195558,0.9085773166586196,0.8497231731166702,0.9126996965106986,0.9245612746105458,0.9100671143417565,0.9408657986623629,0.9407456939059166,0.9491104257011244,0.9725853345138344,0.948685312556796,0.9420668900386198,0.9570919365512405,0.9520882636120224,0.9557823611285589,0.9558006776565288,0.9141165485525967,0.9560007566734501,0.9440019372127918,0.9436952422275741,0.8744402247210822,0.9420681156815013,0.9488177710521877,0.943164942662965,0.9421291059204359,0.8952929013994302,0.8446530026515172,0.8065569727169875,0.8821974937795778,0.9260520942695837,0.9020507189140161,0.9141568283281399,0.9135934359782258,0.7531891675373739,-0.31638869468806385,0.9560681016562437,0.9588556864229477,0.9498764043908193,0.9502222151931505,0.9363283081782975,0.9572109911680173,0.9571859074147331,0.9061359592214301,0.958943900379073,0.9100973319476724,0.7585628203917335,0.7590785113701773,0.8831297709176479,0.6782770529928586,0.8732490176387225,0.9045181969688114,0.8869125372601873,0.9561505188514032,0.9105568187605894,0.36751895595356593,0.6672579014589057,0.903232236555493,0.8839063997488448,0.9103284317346291,0.9563617322126404,0.9566581238406803,0.562794683019564,0.7261813191017581,0.6366471072228232,0.5130579817185054,0.5984566762776095,0.6496818553401866,0.6122625497919705,0.5854619410778711,0.8243499921305896,0.70325089166933,0.6688703842307997,-0.30046876199083095,-0.355298247600794,0.757796504089114,0.9178078969659236,0.9247694371986159,0.9167553102998519,0.9414020394273138,0.68296171258617,0.8536458117871732,0.9122656112247199,0.9114861927388267,0.6971497269153972,-0.1591622074351051],[0.9934107539091418,0.9925865215454912,0.9970757212849103,0.9945531471124688,0.997968479241878,0.9795205121973521,0.9995092179947105,0.9997043809146794,0.9899718109639086,0.9997035521262001,0.9595992990844049,1.0,0.9997263168804303,0.9997085176424674,0.9997161033139821,0.9995977163427698,0.9976438942114937,0.9992597546221595,0.9999627612786757,0.9999623374395157,0.999714951982118,0.9997220475913179,0.991540721508672,0.9645018179090004,0.9926583338315694,0.9810426269341367,0.9936225627489321,0.9911127451908035,0.9752268411900048,0.9132561037715992,0.9895760934109797,0.9930310822111302,0.9765216918459735,0.9129546419974428,0.9992771455313307,0.9993355488957796,0.9992840928523663,0.9995061323070109,0.9994944502389884,0.9993062637897998,0.9972065170382717,0.9981705668646488,0.9992569931326918,0.9992532871864962,0.9899473052335855,0.9228127137031834,0.5546165791180979,0.9411784847187366,0.925447266647142,0.806544264956401,0.8629619045907568,0.9031951525032483,0.867610629857916,0.8862871987715004,0.8605506488806848,0.9535668788966585,0.9535289051977777,0.9780259972302583,0.9939601051202451,0.9586773268179735,0.9603456075900147,0.9516941852508798,0.9535600386613748,0.9553731054482939,0.9552019481358286,0.9115781550836127,0.9234157523347654,0.8900264524824186,0.8898694413158846,0.7937303752540482,0.955731070395433,0.9585540998366905,0.9586869090302917,0.958076588970376,0.9146435376216313,0.6670024957269182,0.6121505786767018,0.7468602660551263,0.8327183705243942,0.7723428023801865,0.8036913734392451,0.8026334899487502,0.6109130241337954,-0.37173358096991777,0.9338701324943249,0.9418451351534003,0.9336177249193086,0.9598455151931649,0.9310252856763664,0.938767785295326,0.9377600498244496,0.879826060713633,0.9422829607098454,0.8856035144829115,0.5911082905073604,0.929122549811506,0.923167913868564,0.41526421006583936,0.7444017375042434,0.813437602469702,0.6871359345746779,0.9751522341614774,0.6921371294336707,-0.21111257582736867,0.22349969995444965,0.6667807713685756,0.669872614528026,0.7102598016313362,0.9763480397193384,0.9764115868881467,0.040878871577837726,0.27451017453954213,0.1238687720621354,0.08904380909170413,0.11627102071132876,0.1344958484992436,0.10107544855328751,0.04935470423013849,0.47432311230013857,0.20390480376784648,0.15089248904044486,-0.5102696583384461,-0.5502263293908894,0.6489955242795765,0.7481854075170231,0.7725928800239775,0.8334333831833068,0.8273916974909545,0.5425294256164912,0.7374377275686705,0.7674526409727331,0.7662748806868446,0.4165348714698554,0.23310610531630196],[0.9959040891805971,0.9907213551256517,0.9909375738897688,0.9963629226640736,0.9984701505928119,0.986723352544072,0.9982822505073372,0.9999969854299482,0.9730616323315011,0.9999819773887555,0.970133357973547,0.9997263168804303,1.0,0.9996658399750461,0.9999976683999239,0.999280417948761,0.9911674530602349,0.999429749302704,0.9999087813377441,0.9999085375177776,0.9999681956041607,0.9999953127286763,0.9908260615653289,0.9761800954221057,0.9929766575753051,0.9449779390131575,0.9935145179857845,0.9878698857757595,0.9750773307571089,0.9474219359513982,0.988947602931047,0.9939805722204939,0.9922059102556302,0.9708388582147235,0.9994903966649135,0.9995714566522634,0.9996759644231157,0.9997160442906893,0.9990609516483808,0.9995099479718952,0.9981293815596649,0.9987636259958825,0.9995610305349826,0.9994287085594061,0.9832374381131398,0.9286853060205746,0.717288112182199,0.9448850929618925,0.9265297837001389,0.8038895021577289,0.9560707862746765,0.9384211164908969,0.9578830692715119,0.9534822699997366,0.9451497051726807,0.9798363450768229,0.9775002865976122,0.9904282804829906,0.997188463733863,0.9404950497736742,0.9561124171843755,0.9650942253040726,0.9690060023245801,0.9671854421125166,0.9439309634619558,0.8913911846382001,0.9470390167824978,0.9520904813044302,0.9311559054436876,0.8755941146627092,0.9621988469503646,0.9302265004281798,0.9603222325410515,0.9412062376438006,0.7496820030312421,0.8372786855150604,0.7659629876142456,0.8543541719584535,0.8769516154414696,0.8839778462268689,0.8632474489449427,0.8728961356334201,0.28643878108345133,-0.6054470935800293,0.9582319105703229,0.9385441162450504,0.9381859418393924,0.9455191818250248,0.953929362988861,0.9652256563921733,0.9652605904077736,0.9227553029353238,0.9588928093897037,0.8276330770991944,0.6756422694383719,0.9316146206897181,0.9378190045480073,0.7653020848037132,0.9277268599832132,0.9468024936991002,0.8231520022225433,0.9726381820879442,0.8356747963678334,0.5944347191957471,0.6968165746458275,0.846936974401316,0.8414509149113478,0.8351037006259299,0.9796243313979297,0.9798361485877704,0.7216091678150918,0.6934683245925023,0.7844744777641331,0.33815417665023406,0.7660525029166437,0.7889439648324256,0.7828212874659216,0.7848334538711337,0.7443001755228844,0.7300915916091167,0.7093349293152195,-0.28545210101756024,-0.43414417201758443,0.6500399438792956,0.8834876963020808,0.9249401548820281,0.9356719779930529,0.9094136517281407,0.8138596525797954,0.9052686890201969,0.9265364761838,0.9262072377873719,0.7571486514013838,-0.12817969861035033],[0.9951978011831454,0.99058397879914,0.9928583361010119,0.9958595692552913,0.9983168358461142,0.9881206215545586,0.9991167586426994,0.9996824790534541,0.9831466027731558,0.9998505965430036,0.9691601577972843,0.9997085176424674,0.9996658399750461,1.0,0.9997027477948168,0.9992326850951859,0.9971581441246206,0.99901851466893,0.9995128743608627,0.9995059738333434,0.9996862234316292,0.999659354732806,0.9928394958420024,0.977944088015281,0.9961802510234646,0.9712258655109979,0.996068151498326,0.9877482839581817,0.9779179145276099,0.9499611473929109,0.9880291092196514,0.9919410517366641,0.9912277955460531,0.9685554103933969,0.9988045211772337,0.9991231856835352,0.9992964036795815,0.9999175727448033,0.9990159710315838,0.9991221031831713,0.9974427965339902,0.9981168654130631,0.9988022095970284,0.9987321746567838,0.987355566775226,0.9286252608196739,0.7128659399205491,0.9449577097555598,0.9264328859227979,0.803268396102784,0.951541070343758,0.9318470950909697,0.9527559558187074,0.9500215084036142,0.9410035138332528,0.9762948240889621,0.9753624863395637,0.9879837937878387,0.9956525107993929,0.9627114579568868,0.9558570655237392,0.9654698885409676,0.968545014086694,0.9671245812180155,0.9664388013848874,0.8955528907803494,0.9445874300443126,0.9507157277811957,0.9504093096185768,0.87446294916406,0.9626178956332639,0.9413464589300172,0.962192127734964,0.9609474088166279,0.7546177764134983,0.8347976126998505,0.7956147257458619,0.8524895315787672,0.8785192591423073,0.8834754714195558,0.8717004999195482,0.8721713060868904,0.2731868522774381,-0.5997439072435526,0.9576622164739741,0.9382971509078324,0.9373360057004634,0.9652641070434782,0.9536328785495629,0.9643194464503235,0.9643063820569411,0.9231145679391654,0.959323406198453,0.8342021438082818,0.6760237541390468,0.9320481215965156,0.9388071765753329,0.763369679618132,0.9261996209694426,0.9454870529174022,0.8240164915799963,0.9750842639390963,0.8306886952983596,0.585766377518158,0.6922950277783227,0.8382030538298623,0.8361465443017894,0.8273577748647934,0.9813336259038664,0.9815089435726688,0.7127513458493651,0.6884350884623275,0.76500943582461,0.33789414647402444,0.756297912825801,0.7777926492855267,0.7540417557702608,0.7739562518730932,0.7421964888709007,0.7203993343938769,0.6999083374881441,-0.2918204472378632,-0.43894306637839764,0.6496604501388225,0.8812212598265415,0.9259866663715595,0.9309142984796044,0.9085001566796492,0.8060995425529627,0.8991627133488247,0.9192323041213201,0.919631463216905,0.7503002675183551,-0.1264762098995172],[0.9958244409718947,0.9906275019470804,0.9911135307340443,0.9963001205433792,0.9984670127834273,0.9868853686048128,0.9991067911416568,0.9999980479728122,0.9779882484422413,0.9999906155159374,0.969882579532029,0.9997161033139821,0.9999976683999239,0.9997027477948168,1.0,0.9993813924607025,0.996216091330068,0.9994025099504402,0.9999020671146944,0.9999013162554216,0.9999622241029398,0.9999929916293981,0.9909721177858489,0.9763883048367429,0.9947404545865542,0.9593660941691288,0.9945604514171745,0.987809853150364,0.9753073860383837,0.9476138939132555,0.9914005764228477,0.9942646148674572,0.9920731669725696,0.970600884693365,0.9994614999774083,0.9995323995292161,0.9996525442357406,0.9997321251240571,0.9990207080305055,0.999476641146587,0.9980674639340419,0.9987081250875892,0.9995293389495626,0.9993997107990565,0.9834398736375797,0.9284785749564991,0.7166065674993233,0.9449411338832354,0.9264610795630432,0.8033396218732729,0.95581679632266,0.9381611294416156,0.9576567391468621,0.9530652269071448,0.9446644058528278,0.9796223400128173,0.9772593438632957,0.9902590082257782,0.997085607044331,0.9405085281204917,0.956068896258485,0.9649918427355417,0.9689538830418948,0.9670719499913324,0.9434434723228823,0.891476904105352,0.9466656702608603,0.9517493939438385,0.9309571913900888,0.8753348593792102,0.9622775910342253,0.9303920531676747,0.9603249926852178,0.9412564939827399,0.7499799277635529,0.8368026477093278,0.7657032633195852,0.853938934193872,0.8768066108059476,0.8837281976629272,0.8630096527611246,0.8726641983298545,0.28651276305547235,-0.6052068099815456,0.9581138916066944,0.93839542199839,0.9380619438613979,0.9437248192736378,0.9539008989099707,0.9650981528529632,0.9651282486743409,0.922779392667443,0.9587685477067407,0.8277199410250893,0.6755399745907741,0.932007790979549,0.9382234661185571,0.7650863460746429,0.9275930467850552,0.9466865621178084,0.8228891986955182,0.9728195722659325,0.8352594898327629,0.5932348456391561,0.696028396093863,0.8464900613859214,0.8410625847983578,0.834702373980404,0.9797501807043049,0.9799588007467614,0.7205216233023933,0.6925108796842692,0.7838778208105697,0.3376571644088964,0.7653537842167797,0.7881875172835658,0.7824019988773805,0.7840298199623104,0.7438257717190132,0.7288509734909482,0.7081051678925455,-0.28624350808758586,-0.4348315442230219,0.6498022429633171,0.8828882483812737,0.9246441325238499,0.935211815431319,0.9090049998159834,0.8131031423340602,0.9049278542399,0.9260365011864925,0.925835780922927,0.7565873305320923,-0.127440836401709],[0.9974828569672871,0.9931698304295598,0.9904956150884512,0.9977942017317293,0.9990127080276258,0.9866080051231931,0.9998795688480929,0.9992256372305082,0.9756700672920396,0.9996595485258579,0.9733324374120903,0.9995977163427698,0.999280417948761,0.9992326850951859,0.9993813924607025,1.0,0.9978526698024563,0.9998263751017779,0.9994807299447054,0.9994860425030759,0.9997278306347609,0.9994770127935921,0.9904975823130104,0.9753047140547533,0.9931905949092947,0.950772549861012,0.9928209568701482,0.9898313455297394,0.9731684300289918,0.9481587549385926,0.9919087937968123,0.9925461794317055,0.9927963343728295,0.9727263171538069,0.9992197628412249,0.9997053119611092,0.999675012432578,0.9995113102809657,0.9995153147821035,0.9997499584467774,0.9987627303263839,0.9995343751376796,0.9994675417644987,0.9992213657995843,0.9818385417845689,0.9273322846088059,0.727304327062631,0.940340490831003,0.9269549878100637,0.8162268583406587,0.958160806456207,0.9433496791951241,0.9603251766792915,0.9577504144782382,0.9494321350284673,0.9818814760352613,0.9796497333043089,0.9913188207061604,0.9964916180178335,0.9458707843292298,0.9600698422160572,0.9709011756140468,0.9717811931736549,0.9726727302400255,0.9468473163990192,0.8985986289919469,0.9502593594335138,0.9578706778070937,0.9367048524366118,0.885537899853157,0.9650005021375715,0.9363346159487369,0.9655240212372151,0.9464439398173536,0.7604065802379317,0.8430857970701535,0.7708989826414815,0.8599379458291065,0.8827771348183828,0.8869075763696858,0.8673925435211686,0.8788474810919039,0.29958564574595,-0.6015301942786122,0.9617637122578432,0.9442200944491667,0.943472172451246,0.9487551599401427,0.9585891982352688,0.968797240916372,0.968878115763774,0.9277982021101944,0.9649780677777745,0.8373562197343755,0.6773927269511506,0.9198590336946871,0.9289628837302519,0.7677546826493711,0.9276494927052252,0.9464465269496628,0.8235614358532518,0.9687859223328447,0.834526234809113,0.6035349379885542,0.7014738205203347,0.