var element=document.getElementById("correlationAdjClose");if(element.style.display!='none'){var correlationAdjClose={"data":[{"type":"heatmap","z":[[1.0,0.9999943134047605,0.9859973984990804,0.9999311418012754,0.9991567776067253,0.9840763520302307,0.9979022119604726,0.9962415318607115,0.9701365218234529,0.9965026477473719,0.9946620716780011,0.9941057923689602,0.9963470248989562,0.9963834697900167,0.9962849659168379,0.9977220673658054,0.9980090571795565,0.998380765563785,0.996828921868608,0.9968440220331864,0.9968411973647908,0.99631446136291,0.9879019607164393,0.9723738849732448,0.9904273222174974,0.958423144683393,0.9895112335014871,0.9875079149949789,0.9697193171206245,0.9552087645764004,0.9927150653794371,0.9940369723356217,0.9928196789804998,0.9786981949820406,0.9978076224525638,0.9979736965432112,0.9976111706093916,0.9964160851269458,0.9957632499755373,0.9978714810927183,0.9987309825102479,0.9987663047839418,0.9977792442725889,0.9977933309531595,0.9773218844331587,0.9203886333231243,0.9524538759135975,0.9351464001906264,0.9354436056285236,0.9136358180480244,0.9638934655660519,0.9503102971515548,0.9656822405824848,0.9675470566484776,0.9569122316446796,0.9845982349579961,0.9821380349873187,0.9908039276887504,0.9943509682352344,0.9873258875207396,0.982759641998606,0.9883828358448671,0.9866753045945337,0.9889202432221972,0.9887954488704446,0.9598011281750546,0.9758993297649092,0.9767927447910556,0.9765645179620366,0.9498175334421488,0.98154205729388,0.9785383988172235,0.985678787904199,0.9850265623262374,0.9418021334361105,0.8956817337773426,0.8643092453974625,0.9108916009393255,0.9263682211295599,0.9240429824190555,0.9244466517906461,0.923175686429974,0.7148874627097735,-0.5479831966988038,0.9811418095077241,0.9765632768392788,0.9737727671082383,0.9880022861725102,0.9747725153734825,0.9847682328091473,0.984797682176364,0.9464704470843086,0.9852430731252217,0.94960919158732,0.7900464924642657,0.9142460153639175,0.9325999529737962,0.8137208929054615,0.9538496653332184,0.9545948508764405,0.9011470550311357,0.9669227661661743,0.8952047285398563,0.5889578935693441,0.7253524755774188,0.902356405552687,0.8718317341874857,0.8936215873506769,0.9751631984961769,0.9753388488966493,0.7862336382942395,0.7465896440885463,0.8249955299355317,0.44242301229166614,0.8056546203399678,0.8291838575397709,0.8243501415918619,0.8167037333206184,0.7879103636141573,0.7539376164025856,0.7377237887500896,-0.2815010717572425,-0.42173542398434305,0.6770219873997961,0.8903884665754473,0.9321046063179083,0.9410158540288285,0.9050687113272934,0.8263617983287415,0.9087535015553538,0.925631316644139,0.925466543549639,0.8601824881336255,-0.15242182837407867],[0.9999943134047605,1.0,0.9892088802179411,0.9998476622844144,0.9983058620004936,0.9897499204474751,0.9944587815599067,0.9918780193023737,0.9863194978349131,0.9918898227635148,0.9919088616661954,0.9934357168900242,0.9920000879434312,0.9918864477232039,0.9919453384510503,0.9940657080626204,0.9964940938855339,0.9960850394202482,0.9941019492196627,0.9941079205914141,0.9919378218966214,0.9919840835305311,0.992402140741656,0.9762896710550913,0.988612978125858,0.9835652256507136,0.9885960219154454,0.9875492462367127,0.9820164085350249,0.9387150328402074,0.9898096643073563,0.9875980234818086,0.9822491341527351,0.9392206617679113,0.9954816624809855,0.9954024381466778,0.9956178562642476,0.9923525249514632,0.9951734972886831,0.9956309289984497,0.9968859437523119,0.9970545975863863,0.995620904813684,0.9956305780830836,0.9907292094569712,0.9199211969418405,0.8962424646053895,0.934793968168938,0.9353663253860707,0.9136145109101326,0.8876309672260833,0.9294837946143336,0.8899653913362665,0.9186456886231068,0.8874114181152251,0.9575870576118266,0.9575701296058687,0.9712234970353177,0.9850604101463312,0.9830327746820797,0.9848697983848207,0.9800395387373652,0.9813807979452596,0.981539369755142,0.9814535812985558,0.9468814731547427,0.9632823461937021,0.9396362517428025,0.9396063108623003,0.8720024070461088,0.980606959876735,0.9819276328670874,0.9821191954840994,0.9817072117267169,0.9529323650669669,0.7895048996472092,0.7514227064822364,0.8464144943604469,0.90411630715241,0.86157975990536,0.8833440956479929,0.8822010092669197,0.7525245328628276,-0.17184986891306572,0.9709925484685055,0.9743674720471331,0.9707389997016777,0.983514080808121,0.9679647211805001,0.9736919335028085,0.9730988923235414,0.9307547365375908,0.9752705972259174,0.9332234692318421,0.7174289055977252,0.913748540813468,0.9128244711143748,0.5398364566162498,0.8427491481327842,0.8470098241860392,0.7503527909648352,0.9673924622538695,0.7236197155896044,-0.30401305406282225,0.23313288576425778,0.750330424841825,0.7000959946735259,0.7430690576805986,0.9689310556437489,0.9689514031480028,0.17087957481567384,0.3431663114385552,0.17756315884511775,0.14943322272441562,0.17078617038189675,0.18473519244641484,0.18173797464332736,0.10239576501849793,0.5306718592278133,0.26255140908767755,0.2121012023131607,-0.43602321633821245,-0.48309105725456974,0.6761727016450326,0.7532730833943753,0.7771653093587517,0.8392707874286329,0.8176662160813905,0.5810979611554963,0.7610191889764174,0.7715838170291288,0.7704616615832929,0.4259731992341438,0.22779441377664353],[0.9859973984990804,0.9892088802179411,1.0,0.9873435031789521,0.9932892565330435,0.9914039320576266,0.9896798615701906,0.990387181892338,0.9909909219622149,0.9930449337038986,0.9970145398814477,0.9961799061850588,0.9902451285497355,0.9923936434554614,0.9904430932547834,0.9898931422698178,0.9908074422635682,0.9900410783133029,0.9890812353307709,0.9890572662041378,0.9919198555831494,0.9902720164580484,0.9949782109903055,0.9846842207564994,0.9911312432559084,0.9816473889259579,0.9917311021016064,0.9874015469908968,0.9868302294781137,0.9611918646892742,0.9695487537214592,0.9737562844754507,0.9772564066666296,0.9559693802372408,0.9870119982638932,0.9901086096431192,0.9884863237661523,0.9920487402313005,0.9946967459961668,0.990907830881251,0.9849664974493546,0.9878492865653573,0.9873719744596887,0.9867503169200186,0.9923897221999469,0.9157501641177129,0.9359779962016572,0.9458677037583052,0.9285236113885288,0.8726386225576196,0.9219014636845012,0.9061907224367938,0.924626204381635,0.93018596855097,0.9145607955017124,0.950033854778773,0.9591593041357723,0.967324118206131,0.9774547522521854,0.9420772390880119,0.9659522559554125,0.9649212083138113,0.971490151447678,0.9651619617107993,0.9404735630360871,0.9238316081900851,0.9487450058302919,0.938808293971168,0.9203946129305729,0.8973774686350073,0.9719474182799027,0.9512984384481641,0.9646619005217891,0.9441830619122186,0.8355440520289132,0.8563113634662317,0.7739411166641037,0.8738959650692109,0.8986455850023932,0.900475505196864,0.8676142382680152,0.8818631552032387,0.427157787625971,-0.5351724112579684,0.9621734622445476,0.9498170965596415,0.9493805400674736,0.9420425681246695,0.9567022343606123,0.964670985180475,0.9642922517962252,0.9337421630044573,0.9601250725152023,0.8832201045584327,0.7740154646253338,0.9537234089613589,0.9530029327433022,0.7932282497880645,0.9411009603438193,0.9427371595283418,0.8736081181206987,0.9802531490861703,0.775258790940829,0.49283546597405087,0.668841802577002,0.7970777121884134,0.7985593798727499,0.7781783339217246,0.9824188138068117,0.98245196857112,0.7157936920850226,0.693914245628094,0.7104815342509235,0.3905430411664927,0.7061186990504308,0.7146803359311102,0.7253663142365187,0.7139513730735265,0.7505487668086965,0.6888972112403768,0.6716274958954471,-0.3416528377127468,-0.4815961525709946,0.6444779146729923,0.8516201171788382,0.878939025103491,0.8859116781530785,0.8766825319743557,0.7588562996221524,0.8575560571608382,0.868175556526365,0.8753452811413291,0.7332517643091501,-0.07484961089741797],[0.9999311418012754,0.9998476622844144,0.9873435031789521,1.0,0.9993904892068918,0.9851958167151633,0.9981312023715011,0.9966465866617407,0.9723059937380043,0.9969477206038329,0.9953366156709249,0.9949825557597474,0.9967345895978331,0.9968570412291207,0.9966895086682243,0.9979801641169848,0.9983294965225163,0.998626636613918,0.997182213023019,0.9971946767802324,0.9972192280412496,0.9967063485425324,0.9890634990112773,0.9737508123164821,0.9913510927533178,0.9609491758898636,0.9905387014497697,0.9891449002662595,0.9716548355348499,0.9563818714596882,0.9920428760939124,0.9935499118195306,0.9927445402662805,0.9782802718342503,0.9978810484579115,0.9981592906177916,0.9978235473237097,0.996856140272317,0.9962174366162541,0.9980880211495425,0.9986240024393871,0.998838077618869,0.997848739989472,0.9978594853016234,0.9791028566866299,0.9168059668253213,0.9503868994178828,0.9352840759620575,0.9336811808249458,0.9073750735391991,0.9609979949474023,0.9470784211739898,0.9626981779144684,0.9651294765182777,0.9541790724051984,0.982534548708184,0.9806595518237474,0.9899529981705509,0.994143700755475,0.9859999345670449,0.9817333133769426,0.9872371229228629,0.9861301627130006,0.9876996942795068,0.9875681406511071,0.9508101190656056,0.9747484158351811,0.9754163885240382,0.9751841418307993,0.9451532778901642,0.9811301091239903,0.9759083329807018,0.9843543922658072,0.9836686208072439,0.923090269934677,0.8943048363547799,0.8607411852715204,0.9093137969993459,0.9237518703477525,0.9236127137984484,0.922181221656363,0.9209492476140921,0.6278817099459906,-0.5474572413708878,0.9803878578627958,0.975442350424016,0.9724447444770461,0.9866797926565334,0.9741269119143097,0.9840804449021147,0.9841070381431072,0.9461608594485394,0.9839284698584658,0.935961576915639,0.7937313616491753,0.9193201199028886,0.9364645748462151,0.8153694224318759,0.9550896212893526,0.9558602231036571,0.9006500315513055,0.968101785948285,0.8890498861935163,0.585218843365957,0.7235666370778848,0.8968319469077615,0.8681049393571711,0.8878244417409709,0.9759579254625084,0.9761375931778096,0.7849963209557465,0.7467405817143815,0.817012008701193,0.4441330904696095,0.799745804939575,0.8209253961825007,0.8160147273674015,0.8112177263585525,0.790074037021,0.7537384286977526,0.7376030665219883,-0.27690300302067294,-0.42100863997706206,0.6764619411107408,0.8884879834499908,0.9301348890457523,0.9391071876145527,0.9037893986659425,0.823521747064445,0.9066548058536802,0.9232708735170393,0.9232523296205335,0.8529482989800252,-0.14531807818714623],[0.9991567776067253,0.9983058620004936,0.9932892565330435,0.9993904892068918,1.0,0.9878493586353341,0.9990507801734471,0.9985505541495688,0.9842223232696041,0.9985526276930546,0.9981563687453623,0.9981429807746727,0.9985730068676949,0.9985841835028733,0.9985822784627906,0.9990736673012498,0.9987788694034608,0.9992745884258937,0.9988692757308363,0.9988736694046145,0.9986309040514244,0.9985728919637614,0.9947245867458767,0.9811759305887621,0.9951023617638489,0.9777226571455059,0.9951010825175014,0.9923718069900179,0.9839796904551615,0.9596500094511015,0.9893408644798882,0.991992811853528,0.9901529266467476,0.9707244410131783,0.9988899779243533,0.9989490896329731,0.9989710165524452,0.9986663990964322,0.9986325732718572,0.9989438641031045,0.9989540508527279,0.9991759410166183,0.9989014526985646,0.9989048885547815,0.9884123071704082,0.9263879054398106,0.9496969650207907,0.9439882065398597,0.935620553429885,0.9030284103532872,0.9487844763798124,0.9425153660751128,0.953037797879262,0.9590842794040768,0.9476994516558744,0.9801978135629957,0.9801088236254806,0.9900159198736663,0.9939937155248171,0.9825591077566727,0.9761361047298782,0.9825021073826108,0.9824775376970302,0.982865382650066,0.9827432198695917,0.9497705507511802,0.9667409425285628,0.9611972314043096,0.9609860006102294,0.9193182746439961,0.9783947835016491,0.9746955763282351,0.9804795115350672,0.9797364763577276,0.9390112576619711,0.8755335306284373,0.8405089737066556,0.8953063505791002,0.9284894639502854,0.9141002278497987,0.9207086524032907,0.9196996378067047,0.768203807608736,-0.5525053700558452,0.9745313194032792,0.9657365350215045,0.9636889637666729,0.9834631428598617,0.9649493820180433,0.9779609224253631,0.9776893118265789,0.9379790848278415,0.9793402864984895,0.9401550724599984,0.7835837313941341,0.9334118241720918,0.9556771298777129,0.7813269863053525,0.9433591355838786,0.9447596832268463,0.8953337400046387,0.9728778025164718,0.8894351347707844,0.4246285548815879,0.6675324460235216,0.8952902117412719,0.8467962450642867,0.891036824660618,0.9794311916764752,0.9795665849904541,0.7511943080113597,0.7311401459936941,0.7550829926359364,0.42295609195230643,0.7095695636096081,0.7597030846763223,0.7552599612864631,0.7194835566297445,0.7776659730222177,0.7396640680888753,0.7226601898708881,-0.4791671081812947,-0.5615276844901096,0.6719655239141752,0.8837430307398043,0.9167602348592907,0.9342404777208746,0.9023675527839764,0.8060296372070984,0.896619301792586,0.9108118124083515,0.9103059228298765,0.7911073106490876,0.06473589377564672],[0.9840763520302307,0.9897499204474751,0.9914039320576266,0.9851958167151633,0.9878493586353341,1.0,0.9823038768009688,0.9833907552656294,0.9929445122890828,0.9828187504779878,0.9786549230417176,0.9777410450752232,0.9832356138727842,0.9837549635265881,0.9834602199206218,0.9831293170017309,0.9866706187448704,0.9841397169847969,0.9840177963176145,0.9840681129972634,0.9822428781025752,0.9834007841244391,0.9947313570064278,0.9935862240315824,0.9846660786124742,0.987382080725377,0.9850418766606964,0.9753599007222905,0.9879053111864446,0.9742869399332308,0.9609680368431729,0.966749062316683,0.9765785137474364,0.967151293710844,0.98198637082086,0.9823674133605247,0.9832295124264417,0.9840678002876155,0.9785486828203802,0.9828369238512973,0.9812585435821212,0.9829810443550507,0.9822038872933422,0.9822580337379939,0.9960308171277111,0.876400894636323,0.9276366266355902,0.9199053816167895,0.9305527225661646,0.8892808104740291,0.9175620845449556,0.9103969515065344,0.9203363751169568,0.9361489725672637,0.9170220953081569,0.9497122573398749,0.9554353866791396,0.9617117720779514,0.9697461300877479,0.971788736046988,0.9876923896526962,0.9737358675249448,0.9850622059256742,0.9733376393691501,0.9727627837683457,0.9765998655945364,0.970625149606275,0.9509124483952607,0.9503130302783239,0.9490387021421446,0.9838280457301843,0.9765429833321587,0.9730528957469968,0.971746262824372,0.965225755841619,0.8987876014880386,0.8545208585530576,0.9151553129433295,0.920826668908847,0.9302358378360414,0.9112559005179791,0.9090205631242738,0.7497543847507827,-0.4920408755278602,0.9819901835233514,0.9836206393489114,0.9796716126253232,0.9726052930791311,0.9747998189499592,0.9806533499766539,0.9802242293739636,0.9688223979173693,0.9703316995381871,0.9681304177556183,0.7954457313336343,0.8934977563867843,0.9554073933008841,0.8269897203441068,0.9436690478411555,0.9446588477755143,0.8661173303832191,0.9585401311917428,0.8331458374936433,0.5085410779892575,0.6874256688564573,0.8429621977095855,0.819077530426152,0.832628732760171,0.9585339329188713,0.9586560292765607,0.7381633978143838,0.722225814768082,0.7506713750129448,0.44662047547521105,0.7450300670863211,0.7559730429052405,0.749778144408852,0.7474443761274017,0.7696795450479428,0.713128431868439,0.6998033641866239,-0.30324826801658644,-0.43381008864227244,0.6820198117394101,0.8528227692628713,0.8699128370308133,0.8851703970557676,0.8623097492957583,0.7807455216698316,0.846762997870678,0.8619795178923182,0.8620394718953728,0.8038598017826647,-0.10614652029983193],[0.9979022119604726,0.9944587815599067,0.9896798615701906,0.9981312023715011,0.9990507801734471,0.9823038768009688,1.0,0.9975706219809392,0.9570008003204854,0.9996190176986042,0.9995807044757287,0.9996045596264738,0.9984525060849373,0.9994853341238252,0.9992031334456899,0.9998926681150364,0.9966551486547889,0.9999043792519403,0.9993940525838141,0.999398661412547,0.9997203119290256,0.9993433863305948,0.9907089582053425,0.9746762733995898,0.9861159461865611,0.9274232652069723,0.9937041027671865,0.9925377010918082,0.9745671935510583,0.9531079495217566,0.9916725420450212,0.9920107097939658,0.9936884363618793,0.9755251026120852,0.9990289721849052,0.999855827368091,0.9997216201517498,0.9994893441136213,0.999776199341341,0.9998409548542595,0.9985426750401767,0.9997423784541798,0.9994020559109329,0.9990652690672529,0.9802828355675987,0.933834580671272,0.9528609123180989,0.9503765293946601,0.9395001532427891,0.902494997677936,0.95775782218531,0.9466926512512503,0.960103796945097,0.9626919461745658,0.9531844298086394,0.9818294692317965,0.9814161166993594,0.9919060567784642,0.9964084503462258,0.9514122388703772,0.9636961600769935,0.9739973663857682,0.974339290328007,0.9754955563464113,0.9514072169630653,0.9048593346682643,0.9577741795316637,0.9630235667312591,0.9429000612755432,0.8963029320986767,0.9687153872036245,0.9438089207526237,0.9695406988042092,0.951781204356841,0.7942336725630853,0.8683660750073319,0.79254191000053,0.8825069183136967,0.8988136769539132,0.9032640783125029,0.8828231571590283,0.8944154657443457,0.3745363919651659,-0.5818593279203708,0.9653468259349838,0.9515106299782954,0.9508446059400195,0.9528711615414014,0.9608873657446944,0.9715684104407543,0.9717238067636843,0.9266401981249673,0.9691036435424074,0.8566412210846532,0.7777211119253716,0.9342874480938149,0.9353451557561042,0.8029072597363209,0.9528867109051957,0.9537995392883419,0.8992090330842344,0.9724596601201247,0.8324013623425603,0.5798261479290799,0.7169459353188454,0.8562227916416192,0.8494727062096019,0.837730931454793,0.9798959768945098,0.9800773327179281,0.7762060642247928,0.7287637248334864,0.7823379219459381,0.41703203783323495,0.7788951041040749,0.7949837114671128,0.7882012123775155,0.7934372929727744,0.7750690672053291,0.7459796320256409,0.7280442784446294,-0.2909118984046127,-0.44260325344432166,0.6879420387055502,0.8884604386434166,0.9224097042541586,0.9400629911249171,0.9089292725773385,0.8251341624690959,0.9087869754878469,0.9273004253965685,0.9260038188575135,0.7764118878949001,-0.11447685124102748],[0.9962415318607115,0.9918780193023737,0.990387181892338,0.9966465866617407,0.9985505541495688,0.9833907552656294,0.9975706219809392,1.0,0.9677217109815398,0.9999998308943309,0.9999993187629815,0.9997619511895944,0.9999970807658772,0.9999927815482581,0.999998260300655,0.9993321267180023,0.9915626419941806,0.9994634738630815,0.999909875505579,0.9999095860806516,0.9999652817047027,0.9999987905576889,0.9911929417682079,0.9763422109648083,0.992975271372308,0.9414143369329875,0.9941954810773794,0.9908706619877597,0.976762749127458,0.9525821651837403,0.988023750404518,0.9938975036169446,0.9923088479339216,0.9726360958664391,0.9994733346675089,0.9995755904763907,0.9996781745741466,0.9997458979333803,0.9992385438211124,0.999510705545638,0.9982478119703638,0.9988487856157592,0.999545217526822,0.9994133915230425,0.9819836923367908,0.9336481832960446,0.9502387864462519,0.9539496084041118,0.9382254992197675,0.8924340889695096,0.9560084139968911,0.9422570253432191,0.9580055298544995,0.9571658163270692,0.9472995576820346,0.9798255694581269,0.9785469549577709,0.9908796516866462,0.9968747204620215,0.9467735605264981,0.960068420015148,0.9682260283436397,0.9716375407434269,0.9700884022987422,0.9498200924600464,0.8984273565592222,0.9535381566017664,0.9568117308344558,0.9378359655961326,0.8856673665264402,0.9663208696818351,0.9381570532406094,0.9645637584685549,0.9474758475850074,0.7829023757427264,0.8612602416488189,0.7884193161686599,0.8754218269654709,0.892333473966114,0.8992679090178123,0.8787679725869935,0.8881730616894833,0.3581814723217423,-0.585654148623234,0.9616753003173469,0.9459083281862048,0.9455725704421118,0.9510326115387883,0.9569393972792225,0.9679730168650479,0.9681098584033418,0.922763866202665,0.9629299279444875,0.847027460134542,0.7749163380796995,0.9470780604783374,0.9456742407954235,0.7997956591126308,0.9527222698697364,0.9537826978596914,0.8966877950295792,0.9762375576233423,0.8350944579472204,0.5655206173064364,0.7083548423212492,0.857007957320483,0.8462548460720952,0.8396723576471838,0.9822212379283948,0.9824059597007587,0.7674257918377737,0.7213966365680556,0.7834336763258738,0.4051032211365466,0.7737677471952273,0.790374374379023,0.7884381852612505,0.7878331965478341,0.7691021453402878,0.7403249592636327,0.7218372224865626,-0.3062436095547902,-0.45686125341025635,0.674851034585201,0.8810969146002205,0.9198068132174472,0.9325465202155947,0.9032659817555623,0.814573436619541,0.9023846257878851,0.921021646720391,0.9199835374393279,0.7578986285420384,-0.09765567709244714],[0.9701365218234529,0.9863194978349131,0.9909909219622149,0.9723059937380043,0.9842223232696041,0.9929445122890828,0.9570008003204854,0.9677217109815398,1.0,0.9827746848777834,0.987213758930475,0.9895999460056679,0.9713767593028663,0.9797080759108765,0.9762826559991976,0.9742497643248276,0.9495499383692446,0.979086118939443,0.977008571413486,0.976970356789455,0.9812537286861781,0.9761400524064586,0.9939383864500854,0.9931196188011988,0.9805060597674607,0.9893300367647475,0.9836103766976011,0.9902655975516313,0.9906581814831152,0.9689547355366699,0.9275486034205974,0.9491349220207577,0.966129231428839,0.951637026488003,0.9706813899151807,0.9791365964351062,0.9757845079841183,0.9781472218433265,0.987951216265815,0.9802947297324938,0.9668104781816923,0.9762866233559059,0.9715436819952757,0.9705129328449035,0.9989976844131953,0.8950737047759433,0.9201283487766792,0.9475063678534049,0.9375881437381981,0.8689383681788629,0.8852968075778239,0.8838795110189407,0.8892496842086199,0.9137214391718829,0.8941494763456634,0.928521734290817,0.9447593387934574,0.950198209800671,0.961069684184399,0.9033529236729732,0.967709719516652,0.9456699553531017,0.9659458435528542,0.9456753371593826,0.9016756826477333,0.9157658985888149,0.9429685048702956,0.915629686347684,0.8792294583701601,0.8831220515448317,0.9675042037526612,0.9204324208137502,0.9437539547984575,0.9062306042826368,0.824887974457004,0.8506216451761648,0.7318974678303615,0.8699834220343264,0.8808452163167572,0.8944607464207118,0.8429352617744695,0.8613944766465493,0.40754381555936425,-0.5183049234800485,0.9573880602777098,0.9528589477511842,0.94969014843706,0.9018046850759033,0.9477782630712953,0.9554497615871155,0.9548527546089554,0.9379610700321606,0.9403364119040153,0.872490861960035,0.7801603422892028,0.9386041967465911,0.9609056140880567,0.8022647153757716,0.9343115912828126,0.9359174636434846,0.8510550826424458,0.9676228890946428,0.7413215231316844,0.45510638481274496,0.6497746946603437,0.7739096594322582,0.7751134063050517,0.7521197126460023,0.9669305647501083,0.9669274669681398,0.6966501892254335,0.6833939946470738,0.6755831615338133,0.39810959134386725,0.6877061276949235,0.6924677230427886,0.6751920702446884,0.6919266213479339,0.7431839228955212,0.6825819329406188,0.6666342111692481,-0.34752899283446637,-0.4837285384327341,0.6850658213548139,0.835780473940762,0.8315634468073497,0.8601163745289485,0.8553102760095642,0.7505726380131542,0.8129257528820496,0.8372038062069295,0.8312213276035915,0.7049320237460887,-0.034719382797090755],[0.9965026477473719,0.9918898227635148,0.9930449337038986,0.9969477206038329,0.9985526276930546,0.9828187504779878,0.9996190176986042,0.9999998308943309,0.9827746848777834,1.0,0.9999991371651802,0.9997665407820825,0.9999985304193211,0.9999916397578468,0.9999977809324198,0.9996841213614714,0.9978745377614257,0.9994601273834648,0.9998845148743055,0.9998845161604341,0.9999775410117424,0.9999993218848673,0.9937561812259933,0.9780052325225971,0.9962138179317018,0.9740347397131239,0.9962981814429248,0.9908662290366832,0.9811259155825212,0.9538901596263415,0.9897075631873393,0.9937505346632577,0.9899297106687107,0.9693169423081873,0.9995022153377419,0.9995682553642089,0.9995808610772741,0.9998338806574908,0.9992510514105996,0.9995182372265049,0.9984671474026985,0.9988916640522723,0.9995077135258885,0.9995030415830531,0.9863602339492217,0.9335193741579532,0.9502734674815746,0.9539838449268363,0.9383841710435415,0.8925615345645767,0.9468386843742858,0.9369174969173969,0.9505052736630991,0.9553457455417473,0.945362814438609,0.9787882874628197,0.9785808022857506,0.9914585661623421,0.99668046457344,0.9729653744032563,0.9601410937483216,0.9729327193153696,0.9716722924340335,0.9734144957361726,0.9731872643224567,0.9379272209792594,0.9535874067648465,0.9518510217573029,0.9515735234330841,0.9083022543790695,0.9663170503303942,0.9652426172094425,0.9710410425221915,0.9700948402652865,0.9258306583304567,0.8612990884209736,0.8205397919303059,0.8752843961577581,0.9117937335815255,0.8996125858014249,0.9052503702171882,0.9044547450166281,0.7223728105287786,-0.59163330456811,0.961725367021784,0.945900784463843,0.9455765804795385,0.9740363585292232,0.95242279294424,0.9676959439292391,0.9673542345558598,0.9237051088928153,0.9692996381543003,0.9261881604194455,0.7749220773398219,0.9467942817631811,0.9573588133164702,0.7838251662900391,0.9465041212924491,0.9477293586880978,0.8967605334417675,0.975433807577393,0.8974123436730479,0.4642913730046695,0.684833058103581,0.903229574090285,0.8549816290786052,0.8990306279657764,0.9821792561745807,0.9823944328981786,0.7674947423705286,0.7210984539684813,0.7706404562566296,0.4052194627855268,0.7262692230281342,0.7754059335421999,0.7708914881849587,0.7379544462635308,0.7688108851976427,0.7402282146512901,0.7217074335829081,-0.5244612523512145,-0.6072441773150775,0.6739843857954397,0.8810921408116263,0.9195261224967357,0.9365071655047595,0.9032858446861223,0.8110550387782629,0.8978041488485891,0.9132315267838486,0.9127035599273372,0.8032991754513483,0.12859601757853767],[0.9946620716780011,0.9919088616661954,0.9970145398814477,0.9953366156709249,0.9981563687453623,0.9786549230417176,0.9995807044757287,0.9999993187629815,0.987213758930475,0.9999991371651802,1.0,0.9997662584945705,0.9999963781906598,0.9999948191558906,0.9999983364829785,0.999667591667143,0.9975507272498392,0.9991997546569215,0.9997863797705986,0.9997863814287332,0.999998430377862,0.9999983631892827,0.9930218753111834,0.9736917460134725,0.9952799135445741,0.9820561558452531,0.9958661493106773,0.9908805818348237,0.9832883748773014,0.9464315606775933,0.9888250969029736,0.9932024166755586,0.9836403184871909,0.9443474182311751,0.9992805883069141,0.9993361574436167,0.999275941966913,0.9998942641244482,0.9992343538454864,0.9992860646577444,0.9979176447076263,0.9984936990379472,0.999254220671906,0.9992518640997874,0.9885690143925653,0.9332251792230623,0.9167663747463172,0.9539298307378146,0.938290369090555,0.8922508780055409,0.9159348665254146,0.9059946228798641,0.9204157378444835,0.9290331728644268,0.9143267787624001,0.9710281564801388,0.9710042334186827,0.9906756537238315,0.9951862070188875,0.9653097549778676,0.9602617506010506,0.9609719428739719,0.9622815258200809,0.962413033335393,0.9621577734353198,0.913753632045431,0.9433692707718367,0.9192754891722907,0.9188706517234098,0.8400110710528589,0.964116000762825,0.9696749814993115,0.9661140266557351,0.9650189978192901,0.9177404322397202,0.7934961102950525,0.7551576708843227,0.8371467840186871,0.8906265535637967,0.8590558382591301,0.8747907718993589,0.8734519322172777,0.7217226939086547,-0.40145518046495254,0.9489148953909009,0.9460349223022443,0.9456722252158677,0.9664763082226783,0.938958595573107,0.951735170608582,0.9510973716848462,0.8951821349195184,0.9545244751552558,0.8999089674089273,0.7750786727726467,0.9471124179626639,0.9610574307212506,0.6733797043855063,0.9055426400848623,0.9082557302897799,0.8534859610796173,0.9848658622367952,0.8412014112420665,0.12428771950090199,0.535132777487977,0.8533787521771056,0.8197935762572345,0.8479675885331844,0.9856180045303825,0.985638149521133,0.5241748976858767,0.6330781285706159,0.5313957129566252,0.40514556054151474,0.4980804874451343,0.542544252650503,0.5327284502737372,0.4702551877406641,0.7572203284627552,0.6045651453491366,0.5655644880600849,-0.4865687339047484,-0.5438098182770941,0.6734023954387528,0.8603888755247018,0.8730554698361175,0.9049916042687931,0.8968684310687003,0.6720328616897641,0.8446516878831709,0.8657784195921336,0.8650627505327052,0.6122761939351373,0.07597660397855324],[0.9941057923689602,0.9934357168900242,0.9961799061850588,0.9949825557597474,0.9981429807746727,0.9777410450752232,0.9996045596264738,0.9997619511895944,0.9895999460056679,0.9997665407820825,0.9997662584945705,1.0,0.9997797083224799,0.999765289441526,0.9997715203799129,0.9996693390088972,0.9981870080233519,0.9993988029444342,0.9999700076443065,0.9999697102075055,0.9997706528208358,0.999776115622195,0.992586287755705,0.9704372542061477,0.9940671290100964,0.9827327104975504,0.9948559915410056,0.9934033404539033,0.9794231399638995,0.9274515959639057,0.9914273032546067,0.9942253006088689,0.9791021424634695,0.9254881405529155,0.9994113176092204,0.9994595072134944,0.9994201446510537,0.9995847981329028,0.9996094867282005,0.9994366305878422,0.9977879485322226,0.9985250978177418,0.9993985460857145,0.9993954038772087,0.9898460129238766,0.9287212441800535,0.9029884088624297,0.9510247301732643,0.9373251842347385,0.8922575037075132,0.88065735512509,0.9185902001247619,0.8842750732582588,0.905140003046166,0.8788825503885092,0.9587170166189233,0.9587019422370141,0.9817965518130564,0.9946222520577617,0.96420105272042,0.9649363020263833,0.9566482728934892,0.9601330083356363,0.9592720600158188,0.959102417646438,0.9139079261693105,0.9348017231642374,0.9048987042601798,0.9048101537201066,0.8237015594156736,0.9629946641246357,0.9650923603632158,0.9651642437894248,0.9645535987785118,0.9244378511026566,0.7425075763599589,0.7008574218954732,0.8022065785827698,0.8680577897698158,0.8222423858544364,0.8459466213879959,0.8451047303322835,0.7003661887913983,-0.29020757466287767,0.9432320570035743,0.9486195879511947,0.9429264556992815,0.9650157991372205,0.9392575005400585,0.9469019893826587,0.9460801888152309,0.8930125672495658,0.9493644280784184,0.896527993827745,0.7263393612206444,0.9445748956489626,0.9389924345035502,0.5428201665282656,0.8492582397587316,0.8538696273598306,0.7482482452782457,0.9785302176290731,0.7243831812215347,-0.24522214304816295,0.27100297311780036,0.7481425833462091,0.7037054892285196,0.7418362835661908,0.9796981476133907,0.9797919713020685,0.21056314217945202,0.36854509401342356,0.21572723628954818,0.18773252018197534,0.20765907138401693,0.22371544402098856,0.22134062799670412,0.13780996819792826,0.5532913687849855,0.28740433382984476,0.23519600543091285,-0.5021467973355668,-0.54814020249694,0.6742046967633039,0.7561412550305222,0.7798790956357724,0.8435227845405807,0.825459183914905,0.5720042728080307,0.7603449608233988,0.7745952749538416,0.773535452451688,0.4292485411741108,0.2662861306438544],[0.9963470248989562,0.9920000879434312,0.9902451285497355,0.9967345895978331,0.9985730068676949,0.9832356138727842,0.9984525060849373,0.9999970807658772,0.9713767593028663,0.9999985304193211,0.9999963781906598,0.9997797083224799,1.0,0.999991225530265,0.999997685488162,0.9993794947060979,0.9932220036546838,0.9995028618473691,0.9999190454342068,0.9999189199900872,0.9999722459904995,0.9999989734929253,0.991076495662547,0.976154041164909,0.9936298370890175,0.9463387625652048,0.9941480860251923,0.9909838277922836,0.976565611877828,0.9525307015908555,0.9889316895074239,0.993978815869983,0.9923910094476441,0.9727633197718646,0.9995160139306052,0.999614980108961,0.9997084993696327,0.9997452872635849,0.9992976871111834,0.9995514367970747,0.9983338353990041,0.9989155744369796,0.9995879472026004,0.9994567833573701,0.9817445216851955,0.9339218235614489,0.9504133598178537,0.953888281543702,0.9383381633368392,0.8930747518571579,0.9563656972406098,0.9426515553714685,0.9583663953507136,0.9575090241597474,0.9476987510135403,0.9800813688549047,0.9787384192455454,0.9910200614322496,0.9969559968282016,0.947037754527699,0.9601148808482053,0.9684315294696562,0.9717015656269165,0.9702918701737581,0.950038696033873,0.8984203126540102,0.9537041508064719,0.9571428224252719,0.9382126966906982,0.8858886636573325,0.9663390365198117,0.9383081475619586,0.9647251274065896,0.9477208120518584,0.7828426959388047,0.8615616022039816,0.7888831584891266,0.8757052908657231,0.8925631620405845,0.8994114241993597,0.8790965304065614,0.8884984358331361,0.35832279887873886,-0.5857088521516086,0.9617830909860808,0.9460682899344061,0.9457180704345879,0.9512455678462811,0.9570537852646394,0.9680993570564107,0.9682390907749494,0.9227754446003006,0.9631542303281707,0.8470613829318975,0.774995092183343,0.9465031838646183,0.9451750133545034,0.7998550730440468,0.952735220550426,0.9537874101826775,0.8970322352554564,0.9760979484694332,0.8355872501696837,0.566614561386272,0.7090116830819222,0.8574875420957909,0.8467905843547894,0.840158490537715,0.9821614582038807,0.9823461798773973,0.7680449476213616,0.7219151698429905,0.7840472548166396,0.40575343770362376,0.7744402744355934,0.7910692593226695,0.7890651135799446,0.7885455586862704,0.7694496760852249,0.7407783191818562,0.7223074584926825,-0.30531774294177144,-0.45604100474018694,0.6753023976630919,0.881625008465507,0.9202836188294453,0.9330893871852439,0.9037538921466338,0.8151473699579889,0.9029739940041686,0.9216090035944724,0.9205607202152656,0.7585861555838479,-0.09869290965876613],[0.9963834697900167,0.9918864477232039,0.9923936434554614,0.9968570412291207,0.9985841835028733,0.9837549635265881,0.9994853341238252,0.9999927815482581,0.9797080759108765,0.9999916397578468,0.9999948191558906,0.999765289441526,0.999991225530265,1.0,0.9999950916879589,0.9995695970431365,0.9978241254903949,0.9994612720566753,0.9999045204764669,0.9999035578458296,0.9999541978546992,0.9999914816118939,0.9930075198013658,0.9765692086021835,0.9959281463883661,0.9680369337695133,0.9957102222983194,0.9908448923925554,0.9769782143536371,0.9526913661171243,0.9892504082245613,0.9940160156985522,0.9916878436007168,0.9722989781540025,0.9994937069379543,0.9995681700154004,0.9996279554238815,0.9998886770141145,0.9992614003450563,0.99950063245828,0.9981962692194829,0.9988380250080068,0.9995129871739974,0.9995061276365369,0.9842653862529132,0.9336671965115092,0.9501746750035005,0.9539179944590507,0.93831422620997,0.892535363890756,0.9509830912035346,0.9354175050359053,0.9532658996045951,0.9568673407805726,0.9469459229417647,0.9785174107455826,0.9784114483667311,0.9902950838797372,0.9969469789634791,0.9735237712974611,0.9598977375284251,0.9736016329531298,0.9716806340310101,0.9745472927159747,0.974308387486195,0.9468101331480938,0.9533136366261695,0.9562205774572706,0.9559152853509515,0.9243543289076809,0.9663462854814491,0.9681307501847265,0.972852357292013,0.9718025376877021,0.93455879356148,0.8610266978954152,0.8262152246315416,0.8750847952310083,0.9032647667952554,0.8991041770421832,0.8998282659484003,0.8987001077931402,0.7000679823267076,-0.5862262500186757,0.9617475440867879,0.9457713027240977,0.9453173914512529,0.9746083536748577,0.9571103552493572,0.9680340638041998,0.9681334423828867,0.9230730422381198,0.9690437734331756,0.9345064947453686,0.7748241116020804,0.9465526843437638,0.9504771558042747,0.7990378128943945,0.9525890275888335,0.953587900612951,0.8966320792227954,0.9764387559202079,0.8847423636863931,0.5657257060808392,0.7078384283916169,0.8925401713755633,0.8597395878128763,0.8834283922059772,0.9824263961787806,0.9826386753230567,0.766615910415239,0.7205765581681768,0.802292604741128,0.40522021018952376,0.7800551032015037,0.8067574138236274,0.8012843038249434,0.7880641011516298,0.7689015048462978,0.7389369634615516,0.7204583289207497,-0.39623712239753217,-0.5180450108124257,0.6733306891246084,0.8810884473513008,0.9164884532647823,0.9284266642135337,0.9036194924464901,0.8135694678175993,0.8902211885955963,0.9095217897851056,0.9091131387719591,0.8398005279092702,-0.0654063348069457],[0.9962849659168379,0.9919453384510503,0.9904430932547834,0.9966895086682243,0.9985822784627906,0.9834602199206218,0.9992031334456899,0.999998260300655,0.9762826559991976,0.9999977809324198,0.9999983364829785,0.9997715203799129,0.999997685488162,0.9999950916879589,1.0,0.999468772733916,0.9971044519562037,0.9994790647905453,0.9999127000549181,0.9999121171723675,0.9999662636152779,0.9999976371982074,0.9912370685577435,0.9764062254851638,0.9952882167396478,0.9596526880441968,0.9950919325882771,0.9909411917065327,0.9768168060065956,0.952748305211371,0.9914020049010737,0.9942433834816019,0.992258965556753,0.9725502488450435,0.9994846549328953,0.9995767651794136,0.9996851759323124,0.9997610280702667,0.9992653980263455,0.9995080676477127,0.998272279326223,0.9988646133354926,0.9995548836604847,0.9994256952542602,0.9819845622597116,0.9337203153247203,0.9502565173418891,0.9539327960403772,0.9383030718559908,0.8927093818656797,0.9560854016640056,0.9423868905745253,0.9581136525075725,0.9571168015612261,0.9472171271467072,0.9798495620254876,0.9784921082446255,0.9908503067777835,0.9968391603486583,0.9470599644950529,0.960134875741604,0.9683883464671379,0.9717180152442534,0.9702369686522188,0.9496415745331439,0.8986359160045566,0.9534549230530355,0.9568752197387571,0.938042115088826,0.8857985252686974,0.9664624675153185,0.9384915854182708,0.9647611923043573,0.9477763754749992,0.7832375947716526,0.8612621371588812,0.7886745953618545,0.8754649056464514,0.8924991577343407,0.8992768371015147,0.8789164998109015,0.8883373430524436,0.35853197358757943,-0.5853524408056462,0.9617623518470142,0.9460222143862804,0.9456774601123715,0.9498381374142341,0.9571107478415875,0.9680549360107058,0.9681885621296599,0.9229534819137574,0.963093125456807,0.8472854728143666,0.7749407822616483,0.9468018594023739,0.9455801095265353,0.7998019890968256,0.9526528069089395,0.9537173082259287,0.8965070271884661,0.9762538740456836,0.835123078045968,0.5653435567640146,0.7082417022142838,0.8570147601134257,0.8463744956466592,0.8396977121257271,0.9822581475203259,0.9824399066415285,0.7670423924343039,0.7210655980280176,0.7834119236587896,0.4053503781021233,0.773744247861809,0.790293730677239,0.7885898365114122,0.787733460076122,0.7690237018704958,0.7395976483726668,0.7211440551503454,-0.3060593490868073,-0.4566726624882211,0.6750839400632652,0.8810042603626814,0.919926004354778,0.9325841710246933,0.9033071329851887,0.8143691800031779,0.9025818604882377,0.9210537723064607,0.9201317456316287,0.7579891454478515,-0.09792031864995858],[0.9977220673658054,0.9940657080626204,0.9898931422698178,0.9979801641169848,0.9990736673012498,0.9831293170017309,0.9998926681150364,0.9993321267180023,0.9742497643248276,0.9996841213614714,0.999667591667143,0.9996693390088972,0.9993794947060979,0.9995695970431365,0.999468772733916,1.0,0.9984238923235683,0.9998528570814985,0.9995561328633793,0.9995608649156538,0.9997719035033612,0.9995422093455082,0.9908765556341761,0.9753568501720579,0.9939473578854281,0.9521731991963267,0.9936008775860068,0.9924380657566974,0.9749796407948086,0.9532733761815079,0.9918191965111932,0.9926770276953878,0.9931268743954735,0.9746365245046809,0.9992805996193155,0.9997365700139647,0.9997209437165914,0.9995763873586337,0.9996078302753475,0.9996924286328915,0.9988571707500044,0.9995891475597748,0.9995144217416403,0.9992772673633517,0.980594971400576,0.9322363081089299,0.9523598178954278,0.9509100265657847,0.939231768094077,0.899411143342424,0.9581184639037629,0.946876549326084,0.9604325485507683,0.9612165870078553,0.9513905438843346,0.9818181863209701,0.9805341670546914,0.9918013390374029,0.9963580347921893,0.9516450121971349,0.9638898084178835,0.9734327129248975,0.974339575362489,0.9750171901318535,0.9525064913020985,0.9045195573907643,0.9569331335798866,0.9622425707042345,0.9430367963522986,0.8946051887527143,0.969008791333749,0.9435179582368156,0.9691950039731292,0.9521932342456446,0.7918989330490932,0.8668518170823368,0.7931034315081681,0.8809604486816822,0.8976141039047699,0.9021158868649144,0.8827031830085055,0.8936706073516859,0.3699374637895795,-0.5824127789687624,0.9651421935887703,0.9509652284789633,0.9503941363751305,0.9539868553543062,0.9610997151742396,0.9713193525844577,0.9714030423906403,0.9273958042233702,0.9683982548808899,0.8552085973444582,0.7766954886271251,0.9374490065793423,0.9376491553838904,0.8022703123065431,0.9527209805385934,0.9535977223101318,0.8967019406481053,0.9727920566919457,0.8343901863113211,0.575198135101673,0.