var element=document.getElementById("correlationAdjClose");if(element.style.display!='none'){var correlationAdjClose={"data":[{"type":"heatmap","z":[[1.0,0.999995421093477,0.9876202804330771,0.9999417620311049,0.9992364895777631,0.9813728658721887,0.9979051300046762,0.9966561900252395,0.9721734554464156,0.9967497465438071,0.9950479156688622,0.994307060779682,0.9967295288554547,0.9966934153951345,0.9979052444469471,0.998290191161478,0.9983501466087416,0.9971078040883948,0.9971192942127282,0.9970100275264413,0.9967120811875241,0.98927254776906,0.974006167573295,0.991802620262188,0.9580428952935741,0.991035710818521,0.9900829161561098,0.9707759283451767,0.9548642538856298,0.9912834412038678,0.9931734494601725,0.9932302582893514,0.9813199642505617,0.9978245325464613,0.9978615496122332,0.9977473867614631,0.9968416878590879,0.995767003602465,0.9977825727375189,0.9986386315008245,0.99866569314102,0.9978400595071577,0.9978492921179162,0.978479148877299,0.9400538217841137,0.9611792617251462,0.9579863633284414,0.9565869692716285,0.9388044204255214,0.9666581208061544,0.9561343449903859,0.9685925986184656,0.9728900272604499,0.961662158598519,0.9852554757155767,0.9838604529944558,0.991729966624766,0.9935586592350477,0.9891039378321167,0.9855431820144182,0.9886533051569939,0.9884166870959291,0.9892074635812319,0.9891373838646332,0.9516100645768214,0.9795371067849726,0.9765496023089116,0.9764131115616567,0.9322725554238385,0.9850308801078953,0.9815836217411545,0.9878565449447455,0.9873242892635009,0.946839960082081,0.9111687670082149,0.8860811610640011,0.9247111199861983,0.9388137577278888,0.9375766113811904,0.9372449213676787,0.9363161676695935,0.7683025104931442,-0.49728086819442113,0.9821591152963398,0.9788836451138416,0.9766410676331546,0.9896559884270218,0.9746651746612219,0.9853449763248173,0.9853675375323269,0.9431669535668998,0.9863720588875892,0.9450301085915339,0.8331229366328154,0.9320442352524517,0.9435900263449609,0.8489570436011212,0.9610358799765054,0.9616131665953801,0.9043916562957742,0.9712564483313774,0.8934084988140416,0.5467358061698221,0.7386974668140017,0.9010583763018345,0.8754197142779632,0.8927016191618472,0.9775927295730729,0.9777175790193359,0.7941702137337638,0.7707638572237947,0.8235205295260813,0.502005337976327,0.8122275506843505,0.8274964431514279,0.8225543637310319,0.8172874196401057,0.8087023928023976,0.7594680752898932,0.7456363908084688,-0.317189007123832,-0.4567295540018016,0.7799327772969634,0.8964500120905929,0.9275109854490474,0.9428891965903409,0.9081291920465516,0.8417716226493669,0.9122712790036761,0.9219634424089728,0.9217888882610265,0.862796931565223,-0.09821863914058493],[0.999995421093477,1.0,0.9921209814602056,0.9998866220878583,0.9983751194851594,0.9895500905897827,0.9944890141574457,0.9927562807307128,0.9896318521233595,0.9927560246488681,0.99279231572602,0.9937522177221113,0.9928144775862523,0.9927912542601243,0.9946433622920369,0.9965891119041085,0.996027786623273,0.9942730404596811,0.9942813800906191,0.992783913106176,0.9928277933538545,0.9938385955562767,0.9810805967008251,0.990598962458644,0.9826431712731475,0.9906925323851887,0.9900675772610529,0.9826813887963679,0.9459357714259051,0.9899929657756124,0.9885730833199151,0.9851860539589168,0.9530472350282071,0.9953870779079411,0.9953665494424845,0.9956090507314419,0.9930770737568686,0.9952872669800404,0.9956308619307491,0.9967971662974777,0.9969760419127824,0.9956114916463615,0.9956234800192252,0.9926484163466245,0.9398914274661649,0.9226271217874992,0.9579571625474319,0.9566709812657807,0.9387956707180918,0.9152526173218022,0.9458587059950064,0.9167689888369083,0.9415591857318408,0.915443992832989,0.9660050111940012,0.9660009233512827,0.9787435050898978,0.9856356178978798,0.9869699689250001,0.9878994772795672,0.9817760318899378,0.9857245787288936,0.9827765645481293,0.9826913857004196,0.9491291714440782,0.9704477130644276,0.9394561038924234,0.9392825725937065,0.879114297175599,0.9855940387841804,0.9865073317059266,0.9866533304469101,0.986370790946714,0.9644045713337507,0.8512226524087946,0.8277921540799775,0.8884434562862454,0.9320621228952507,0.9025859215494126,0.9176798816939651,0.9169201665841071,0.8285314254706652,0.017974924463493597,0.9760693811843081,0.9776969191931808,0.9758200141644282,0.9872747969963191,0.9717495396401346,0.9779260874254072,0.9774479413501841,0.9409645731013531,0.9787950936973041,0.9419661915319889,0.7877154941982292,0.9318513357388666,0.9338013514637279,0.6646628769403913,0.8841521414791778,0.8872979380189763,0.7863508559107961,0.9701783013034363,0.7622984734550674,-0.3453570437249058,0.3039145691325198,0.7863330592603537,0.7402847337295547,0.779467667919327,0.9716626053007416,0.9716702149399286,0.278603501197934,0.4498634764500463,0.28650480931500516,0.2576243109888104,0.27898622727727634,0.2905761882709227,0.28758793901390944,0.20776421742468476,0.6189032921058941,0.35485526493870456,0.30541780316443806,-0.4417175673786384,-0.49275345916222507,0.780170386813586,0.7910574435817856,0.8110069421298371,0.8776024968334902,0.8429373687576781,0.6717035697186216,0.8173038646897457,0.8077702920310349,0.8069307379929845,0.5028747328909152,0.2908801417064189],[0.9876202804330771,0.9921209814602056,1.0,0.9887496862394309,0.9937711190527153,0.9909451180860853,0.9892151317240085,0.9900858712846421,0.9915402576843176,0.9926617429410167,0.9965505590053652,0.9959079193864163,0.9899218374594352,0.9901335401237985,0.9897355796012218,0.991001455157673,0.9899852045164622,0.9887730870780583,0.9887438749909211,0.9915853219980593,0.9899607000823825,0.9957379772660468,0.9865009982051808,0.9918335924736537,0.9806246064983605,0.9924794381060872,0.9902603644307576,0.9874921597024592,0.9632863710205452,0.9679651560047516,0.9724915804337332,0.9780551046788645,0.961373590493789,0.9867119350813814,0.9899045985192614,0.9882831156825516,0.9916805985261039,0.9949943404270322,0.990796934583009,0.9850481120683885,0.9881711207986112,0.9871593692176,0.9865552921094548,0.9929907905939106,0.9364862951242313,0.9478654146232506,0.9629857109835653,0.9502650489992452,0.9093105673608932,0.9259494966895775,0.9152097754535927,0.9289378463305374,0.9417116660249724,0.9244367011855502,0.9522655625569063,0.9632430685339225,0.9699479884761385,0.9758706926996086,0.9502337978638582,0.9731552575738464,0.9717848572125329,0.9773778003470858,0.9719828020993172,0.9505336898115183,0.9331607315408706,0.9598401829177463,0.9505994039316679,0.9353496674833909,0.9054533766947822,0.9778914788558554,0.9594344933900045,0.9704902657535828,0.9516453911969424,0.8693887403064275,0.8870602550550979,0.813026588636574,0.9010742072566243,0.918324117187443,0.921025501193292,0.8895956211632948,0.9034847108217341,0.520275802262785,-0.4761276827643031,0.9694744437648259,0.9602272473661252,0.959505371679007,0.9501212828785163,0.9642021982118992,0.9716490617299367,0.9714064286266305,0.9399114697661021,0.9679947515408244,0.9043058873338476,0.8205309642833837,0.9611693567344932,0.9614755128716128,0.8359053996444011,0.9498184929144532,0.9511272470445029,0.8780264704393643,0.9807253103131566,0.7740545740881103,0.4523478492006995,0.6865131678494465,0.7985477805605814,0.8044653301244918,0.7793552036090953,0.9820989599763627,0.9820723008372543,0.7298275180158589,0.72543597102889,0.7092674938723962,0.458549065722939,0.7173718594861006,0.7176748191724149,0.7212930804360675,0.7191173059777204,0.7767547707597342,0.700876007065622,0.6862982239678599,-0.36907235439955727,-0.5084704534678344,0.7560344569495034,0.8627084291324657,0.8744023830561986,0.8912668893293219,0.8832479811890377,0.7821450052636171,0.8607181497865923,0.8660154385924725,0.8715812428077212,0.7457674264634618,-0.023193781015441187],[0.9999417620311049,0.9998866220878583,0.9887496862394309,1.0,0.9994284015221037,0.982354725764394,0.9980794235439867,0.9969797930508919,0.97400040353203,0.997120143489704,0.9956392508440344,0.9950471642952697,0.9970378202780791,0.9970165660762239,0.9981077991853077,0.998556722748869,0.9985485611568543,0.9973864858637141,0.9973953013236925,0.9973224109532359,0.9970237804314462,0.9902702926345158,0.9751965521548978,0.9925943533824502,0.9601897249452686,0.9919160020137879,0.991380527018781,0.97245754498736,0.9558935166887483,0.9906531755991149,0.9926968591529405,0.9931509575817999,0.9809853747179778,0.9978614865031401,0.9980143291409137,0.9979076178038181,0.9971979743986311,0.9961874427148659,0.997967749980111,0.9985279663093164,0.9987194034073842,0.997874932525407,0.9978813436092955,0.979999770169889,0.9374780013381427,0.9594941777518318,0.9575949674401205,0.9546860361881573,0.9343196305975587,0.9640761890735751,0.953252840008352,0.9659374235996844,0.9708979555902716,0.959357344251903,0.9834044055644903,0.982632814075746,0.9909626816213188,0.9933194569786191,0.988008116864446,0.9846409644908771,0.9877444766211472,0.9879425036164425,0.9882344134044976,0.9881598751725988,0.945090953072121,0.9785686902859347,0.9755471224966624,0.9754088202910925,0.9290377096749082,0.9846509316835915,0.9794262052871436,0.9867549036782658,0.9861971483407086,0.9325152934134553,0.9101392778059497,0.8833545551731367,0.923460762134765,0.9366932450064461,0.9372515722684944,0.9353962326571025,0.9345015469682854,0.6967303098671922,-0.496640533731228,0.9815203854295443,0.9779159757076425,0.9754800965562492,0.9885646450539923,0.97420315635738,0.9847988345496224,0.98482176628596,0.9429462621863476,0.9853201708834728,0.9351406865097311,0.8358850147028661,0.9358730012256514,0.9467849230149507,0.8502729016652464,0.9620425616872491,0.962643077734198,0.9039883110392996,0.9722186159598781,0.8875013277653353,0.5432372333610105,0.7371001846821146,0.8957596282618528,0.8717621590529187,0.8871333912211654,0.9782525404102373,0.9783811063287745,0.7930737697864928,0.7709231388509185,0.8157727734066906,0.5033558130116141,0.8063123458516335,0.8194838781255773,0.8144744183133895,0.8119100555934198,0.8105864534441741,0.7593779736445608,0.7456074983559304,-0.3126115388947955,-0.456017260938369,0.7787813573690431,0.8949922527450175,0.9257293655399782,0.9411518333434137,0.9072219031642746,0.8393293208576541,0.9103657051146784,0.9198076943130745,0.9197823110888356,0.8563517827073237,-0.0915202603499743],[0.9992364895777631,0.9983751194851594,0.9937711190527153,0.9994284015221037,1.0,0.9841134051857688,0.9989991989698138,0.9986623800087893,0.9841211328971049,0.9986602346075575,0.9983407094981619,0.9982679165845774,0.9986697125337896,0.9986910800798383,0.9991421759016885,0.9989715877177642,0.9992747288476853,0.998886420579282,0.998886910444159,0.9987188335271613,0.9986751795195407,0.9949686736149302,0.981431197848519,0.9956922067206502,0.9741437543491936,0.9956968891108048,0.9933675212698218,0.9826863679363358,0.9579026683263525,0.9890397689646958,0.9917742551434706,0.99107252879677,0.9748675739760567,0.9988486964592307,0.9989232129904042,0.9989711957046353,0.9987929064103646,0.9987328275155015,0.9989308057889905,0.9989975554604636,0.9992045789810583,0.9988903113102519,0.998890727295895,0.9878199858128099,0.9447064208226041,0.9588733277814072,0.9609111445375697,0.9522828314308864,0.9294874653927205,0.9561666953293292,0.9525973221199893,0.9601518412799861,0.9663346457102356,0.9552822410321028,0.9827579295164404,0.9827132727348756,0.9916298581144836,0.9934252331805353,0.9844940798341458,0.9788685733839495,0.9818233974774494,0.9843759348909724,0.9823147621597207,0.9822040502172077,0.9414156879409918,0.9712530002376636,0.9596258981502438,0.9594412107992357,0.9031442819691318,0.9818848759222712,0.9782548231244403,0.9833252231377725,0.9826637830053829,0.9445652568416034,0.8941161721844187,0.8669636150824311,0.9107054731328332,0.9411892912822765,0.9299674326032804,0.9351043693040225,0.9344348490610981,0.8140248704834193,-0.46963891561489574,0.975769657104457,0.9682059054592727,0.9668439401202563,0.985205201765319,0.9649557187739443,0.9788945935539025,0.9786736115265922,0.9348471042025563,0.9797737289045718,0.9357297849259923,0.8276147553148204,0.9477255437350852,0.9634160406038041,0.8237132062440001,0.9530011310262815,0.9540771565972314,0.9006783044567825,0.9764221141370838,0.8951826907526583,0.379280249708277,0.6905200131677102,0.9011706658447644,0.8609377965224354,0.8979097891154464,0.9817049549208495,0.9818066012553415,0.7652965838608331,0.7584781063159454,0.7689443509820986,0.4850797957525401,0.7342379606727995,0.7726045636778887,0.768959908756207,0.7358093149056897,0.80130088845916,0.7486815082959953,0.7340481838394535,-0.5009707375628901,-0.5837498265175833,0.7718602856966857,0.8924623815517538,0.9178103033962363,0.9417463054663482,0.9078099803321613,0.8286977921812111,0.9091808177808003,0.9135508919523547,0.9131327033877842,0.8054310649548935,0.11867805184005507],[0.9813728658721887,0.9895500905897827,0.9909451180860853,0.982354725764394,0.9841134051857688,1.0,0.9768118020441298,0.9785449601139016,0.994363896713753,0.9781060050183982,0.9752212259946925,0.975090323158379,0.978321931698649,0.9786063042508205,0.9783410468037526,0.9825761663341515,0.979073946228275,0.9787847031168804,0.9787505286130331,0.9774939555599014,0.9784455300577823,0.9930466594769556,0.9942681931886077,0.9824261562924558,0.9894702806816742,0.9830990632880916,0.9802287623895785,0.9895099923064726,0.9775188125595953,0.9522351267422849,0.9589831484405171,0.9712193290490048,0.9655829888793412,0.9765217343429281,0.9771888321474709,0.9780381192017479,0.9793479566223287,0.9762072144407704,0.9777853190868225,0.9761573750713239,0.9781526033940495,0.9769239777929816,0.9768980430826646,0.9964795775466438,0.9051429599354185,0.9384078004373314,0.9502803559111004,0.9576745287663423,0.9234031144789339,0.9174664584082438,0.9144708341966797,0.9207649721946837,0.9426624641582693,0.9200876034661758,0.9456573092652951,0.9532311817670828,0.9594878304180375,0.9616850673117949,0.9740330406854096,0.9900770357514656,0.9785055066020985,0.9868250821632756,0.9780565873723286,0.9776216653922648,0.9798973219004088,0.9776168240306994,0.9629457998842909,0.9625891736429268,0.955084819048649,0.985130181627602,0.9786543977754022,0.9741897461196776,0.9732564750530486,0.973606996849678,0.9273317832616993,0.891422948300988,0.9396485745600004,0.9359304047260721,0.9451161173050123,0.9269434288574347,0.9252001309430422,0.8121678311754226,-0.42078304617483114,0.986526024938653,0.9888860522022478,0.9858408775333911,0.9747605781394862,0.9811679989882512,0.9848811052486944,0.9845563578130587,0.974654711941268,0.9756324155980667,0.9743591384283161,0.8336414499400702,0.9110189571379201,0.9622781662409882,0.8653033584369567,0.9468448233392611,0.9476952676777743,0.8604204381804963,0.9560448209505099,0.8223476086033465,0.45146066258530254,0.694210819509471,0.8326431640876376,0.8149211151626352,0.822959006128433,0.9547071215957341,0.9546497976372366,0.739164955235362,0.741445146263627,0.7413911774810493,0.5039975819537065,0.7455916003525197,0.7462227585846078,0.7399828507013871,0.7404115079343374,0.7833343818413341,0.7101058051126318,0.6994980048963572,-0.3368074817109106,-0.46495227740175515,0.7888166276096323,0.8526795927800006,0.8557296264718943,0.8821370502577561,0.8592799179802382,0.7941230753752233,0.8458194040518201,0.8494074816916517,0.8493430206490649,0.7989309555882711,-0.04169638510859969],[0.9979051300046762,0.9944890141574457,0.9892151317240085,0.9980794235439867,0.9989991989698138,0.9768118020441298,1.0,0.997826230655142,0.9559784525437454,0.9996704017282302,0.9996568761519576,0.999691204510801,0.9986404322425178,0.9993065318835721,0.999896287750125,0.9970819032909549,0.9999068306414596,0.9994779189568762,0.9994827575386197,0.9997567730618202,0.9994282231604877,0.9903468452768989,0.9734644903735378,0.9869656973741524,0.9250423588609651,0.9940230404444833,0.9933530496289236,0.9724050070957461,0.9496329974664792,0.9914402599434875,0.9922378406480464,0.9943998760993681,0.9786952048529585,0.9991530284143428,0.9998762193614777,0.9997577988941754,0.9995322197268728,0.9998122336185058,0.9998646851593841,0.9987369440611622,0.9997695937801437,0.9994824610217193,0.9991902325808051,0.978241222252167,0.9498134673750744,0.9605659848221492,0.9622329327596949,0.950634589497035,0.9270024673798757,0.9612157314506207,0.9528768003704263,0.9636216815490406,0.9685296752641509,0.9593985997234658,0.9834468515975375,0.9840546599587285,0.992948493553089,0.9962929976207902,0.9581874621104399,0.9668755983507382,0.9747126796389414,0.9762060284476802,0.9761229496374467,0.9581988121477043,0.9050458297845911,0.962079853361478,0.9633408098266096,0.9499321844541037,0.8865002014596948,0.9727797080897761,0.9515755628676007,0.9734258446962539,0.9585099539033703,0.8261867693577887,0.8844219134202203,0.8233826241055829,0.8971125844017952,0.9139124824811932,0.9179534801666414,0.9002053911616066,0.9105769185423118,0.462994998980662,-0.5342981948685814,0.9661311638350502,0.9544603054280555,0.9541156347766417,0.9593746213005406,0.9599170477027772,0.971890170787854,0.972001608256448,0.9216791445882077,0.9710583411588158,0.8701444153243464,0.8214224938722011,0.9484231485385941,0.9442988852505534,0.8362922318128709,0.9597965851303619,0.9605097753463262,0.9056391237506539,0.9762888288847412,0.833503782278318,0.5443702590441875,0.7333478802355287,0.8589226563907605,0.8560297307950248,0.8403616252901445,0.9824896210791281,0.9826511072012252,0.7880355461273589,0.7569261070716607,0.7823195628883525,0.47868659480322806,0.7880011161678723,0.7972920162467146,0.7866798612779611,0.7974179550057788,0.7998490236151782,0.7562312536791057,0.7406017277688487,-0.32300617989231106,-0.4745885152826864,0.7795886680504869,0.89808225976435,0.9210627381725177,0.9438136628600834,0.9152338067763618,0.8421498029481376,0.912301406129136,0.9264765254497497,0.9247397572729461,0.7891908493350389,-0.0676196418497079],[0.9966561900252395,0.9927562807307128,0.9900858712846421,0.9969797930508919,0.9986623800087893,0.9785449601139016,0.997826230655142,1.0,0.9661675831851377,0.999999848993859,0.9999994232647575,0.9998121860692499,0.9999971423643271,0.9999983967589131,0.9994246953006687,0.9926599951956105,0.9995465790573572,0.9999200212273265,0.9999197237617264,0.9999700314742518,0.9999988903779248,0.9910360959576905,0.9754600865755726,0.9933773582182207,0.9387582336177039,0.9945323340665401,0.9921100909818487,0.9746955410015963,0.9498574211401358,0.9878687675079724,0.993777956309861,0.9931762277926723,0.976291535662469,0.9995141558503693,0.9996331411772187,0.9997214297571302,0.9997762102864892,0.9994096174468654,0.9995858564107104,0.9984649699692368,0.999025774183353,0.9995896029156367,0.9994703013803281,0.9800966028975913,0.9497932649672844,0.958597541583652,0.9649567855745196,0.9505555648046974,0.9199951868716477,0.9595055684492204,0.9489367464507895,0.9616221238459517,0.9640193807449582,0.9543008501081398,0.9815685697332044,0.9816008270213012,0.9920541649972843,0.9965325656883742,0.9543563554117785,0.9644883172909188,0.9705360251689537,0.9743442465860958,0.97224057799273,0.9570301261240335,0.9015514077311015,0.9590914801654348,0.9588885391940523,0.9460946415732423,0.8801050941295522,0.9710969490836514,0.9470804605556729,0.9694806214054388,0.9549377405985429,0.8179483755656519,0.8799097495204078,0.8203229879668438,0.8923451809112964,0.9090803296349014,0.9152838264622926,0.8970328939923694,0.9057401121679365,0.4499766230766313,-0.5363562455168195,0.9636664200694677,0.9510539251933525,0.9506338269465423,0.9578659635112231,0.957597018302561,0.9695384270446894,0.9696513390028352,0.9198822728100456,0.9665111128903949,0.8641004586574272,0.8194537355133904,0.958128668439823,0.9533293649696288,0.834509079665764,0.9598334733753304,0.9606707480518911,0.9032178486114297,0.9795025130429347,0.8354494443335447,0.530099617811969,0.7254225087883044,0.8591160796344324,0.8527014293587805,0.8416145613935601,0.9844359100848913,0.9845945942165288,0.7799511067357058,0.7505870170922654,0.782798709516541,0.4686679472613672,0.7829568421827897,0.7925268887492358,0.7863346389089885,0.7918053711222327,0.7947329645822582,0.7510425385134706,0.7349471731454918,-0.3371583081884607,-0.4875616578230407,0.7709512358936017,0.8916245568972646,0.9182986031858623,0.9368539799531679,0.9101959434519904,0.8327710900013737,0.9062256952976907,0.9203847580897129,0.9188490735534883,0.7723148865185419,-0.051322989744057905],[0.9721734554464156,0.9896318521233595,0.9915402576843176,0.97400040353203,0.9841211328971049,0.994363896713753,0.9559784525437454,0.9661675831851377,1.0,0.98125470964523,0.9862702889489253,0.9889507556075975,0.9697199911117862,0.9745617856112105,0.9729698126309717,0.951022967086121,0.9778398164611893,0.9751818873731173,0.9751341624712487,0.9797460733038612,0.9743977940446645,0.9938995202359607,0.9944311999191334,0.9802095912286892,0.990361154766695,0.9835396980655714,0.9930875281060441,0.9921176496174109,0.9733162512692448,0.9245560467709245,0.9461664583190292,0.9654532799719208,0.9558018447050979,0.9690206719823662,0.9777420117825955,0.9742076746273022,0.9764775115249908,0.9880678935372772,0.9791127831882724,0.9659657979790498,0.9755943325362693,0.9699943532661098,0.9690084108472545,0.9991764941896076,0.9207463548462446,0.9342148515722757,0.9643280325929663,0.9561321970970752,0.9085578706363874,0.889875808377594,0.8929390631325806,0.8942011294080832,0.9269903257246183,0.9046958291667255,0.9297102448781205,0.9481630115846024,0.952199676895534,0.9573728570085843,0.9159471097677812,0.9755272705907625,0.9571343861125228,0.9731645009833856,0.9570110663839566,0.9174777093569398,0.9338030664629194,0.9569576042516348,0.9349364439024981,0.9033399166075905,0.9054458082384069,0.9741849331048533,0.9329273905795328,0.9518761748043573,0.9176597011151755,0.8651909861200567,0.8894845466290795,0.7810795198650115,0.9039912136912803,0.9048801926573524,0.9175726881487788,0.8688829118490308,0.8870248706164252,0.5108977929904184,-0.4494677112045281,0.9677503597744165,0.9652076031653537,0.9628480713164986,0.9135501017237607,0.9600428052886257,0.9657816411932563,0.9653631681989204,0.9493590385549701,0.9527906956936043,0.903050858801875,0.8239939414615678,0.9476376237911106,0.966388742788278,0.8451217828357601,0.94148782097889,0.9427775093079204,0.8534159577746061,0.9664225571549159,0.7376118800536776,0.4106924535616063,0.6659376973483065,0.7720294949293115,0.7784243878814217,0.7502410900237908,0.9654464275307926,0.9653682475192639,0.7085868929739634,0.713629892423749,0.6720192420811217,0.4650775793721583,0.6962794261068304,0.6921567566654081,0.6698249194445797,0.6940689441545166,0.766941650845402,0.6904130329715756,0.6773072668980239,-0.3730135119342564,-0.507949724847764,0.7852928029008462,0.8451082269355102,0.8254779730024316,0.8644887792207273,0.8604781353788047,0.7723705438043124,0.816290605242983,0.8326841923512852,0.8259739342061262,0.7169929428080797,0.016871557086697096],[0.9967497465438071,0.9927560246488681,0.9926617429410167,0.997120143489704,0.9986602346075575,0.9781060050183982,0.9996704017282302,0.999999848993859,0.98125470964523,1.0,0.9999992292519038,0.9998161902892045,0.9999985347478979,0.999997925463992,0.9997302656237075,0.9980932419710171,0.9995483882785932,0.9999014230259409,0.9999013705131617,0.9999808794289361,0.9999994248491814,0.9935220838636537,0.977448215609337,0.9964729735760118,0.9690194218662385,0.9964911375031661,0.9921187442506627,0.9790145295385655,0.9514339663251359,0.9900655606578481,0.9939088257061852,0.9911864646167451,0.9736424889930008,0.9995688759568623,0.9996301695653146,0.9996461974554046,0.9998582517168254,0.9994188960656969,0.9995925676049774,0.998715238126342,0.9990709759878308,0.9995809321401949,0.9995769809924165,0.9846575135658506,0.9498381539399158,0.958619735428373,0.9649476930398436,0.9505605673551774,0.9200711400344301,0.954332750980356,0.9471959904656649,0.9577911625788086,0.96270950591684,0.9530873457422294,0.9817007999061675,0.9816314068389868,0.9927549809242762,0.9963918913093424,0.9757798041937865,0.9644574970175156,0.9728972163000941,0.9743262158885824,0.9735631508787774,0.9734231420143559,0.9292871083027072,0.9590849262283732,0.9509385185427203,0.9507476918495149,0.891970882788524,0.9710709876752304,0.9694204602181735,0.9747682460932287,0.973933637577332,0.9315469852717906,0.8799066251371167,0.8477001976785007,0.8923412227355824,0.9258329916906434,0.9164347391049334,0.9207735959952581,0.9201429645483354,0.7743694904078604,-0.5230983072832256,0.9636488554053566,0.9510196517586778,0.9506128823672357,0.9766489231609736,0.9533491077588522,0.9693298417182227,0.9690954757456142,0.9206353390889065,0.9703850107629146,0.9217349661442864,0.8194481132563841,0.9580365862568055,0.963643109449853,0.8227426930928257,0.9549737430945948,0.956001551634098,0.9032924585049236,0.9788833003783343,0.9034109720302438,0.4237133412681903,0.7068079177737357,0.9092891963073361,0.8689315880604417,0.9058676383778664,0.9844286540258933,0.984587551082666,0.7800225521719487,0.7506714729673499,0.7832049197261161,0.46875824317224396,0.7493014397056206,0.7872877070246094,0.7831142176511319,0.753065124874457,0.7947819567296804,0.7511375464660012,0.7350427173206389,-0.5436480709735034,-0.6264658997130187,0.771068181202544,0.8917261609311968,0.9212060034665054,0.9435992975162097,0.9102930586140593,0.8307170068814088,0.9093979175250813,0.9163172401807294,0.9158508858779683,0.8163669006271529,0.17533595336222355],[0.9950479156688622,0.99279231572602,0.9965505590053652,0.9956392508440344,0.9983407094981619,0.9752212259946925,0.9996568761519576,0.9999994232647575,0.9862702889489253,0.9999992292519038,1.0,0.999814732632512,0.9999965558351416,0.9999982554972957,0.9997177447714722,0.9979294159424801,0.9993553343834057,0.9998241140921088,0.9998242233868135,0.9999984803619775,0.9999986041843831,0.9932919963358567,0.9751961679444845,0.9958169494344503,0.976984717576224,0.9962605983929889,0.9921318301393751,0.9815229746478961,0.9470922863044495,0.9901652720152867,0.9939198805881401,0.986378032833169,0.9542573367439963,0.9994159453784452,0.9994627838505056,0.9994167684967568,0.999914397640963,0.9994067761948445,0.9994251587042873,0.9983152713231136,0.9987716973146851,0.9993993237271468,0.9993973905085938,0.9874812887341063,0.949625719696612,0.9337286635080073,0.9649222062071842,0.9505173106448443,0.9198834704121326,0.9325976654010556,0.9252112372537502,0.9361526775958732,0.9428867400555037,0.9313775485440482,0.9765795638559853,0.9765614074386092,0.9920338196876609,0.9951614917561756,0.9695357977566655,0.9645967940443319,0.961978812146044,0.9672027866454869,0.9629459407074535,0.9627433284136847,0.9114751542172546,0.9502821862803389,0.917523553182422,0.9171359516377644,0.8379627752114414,0.9699430554503502,0.9743007980284293,0.9714432753322856,0.9704456050504987,0.9285668757870753,0.8341842939113548,0.8070272247810156,0.8666170659907065,0.9128326002921416,0.8886906925851111,0.9007177733509624,0.8997083198307856,0.7845008606137777,-0.27690788455887433,0.9538807786877637,0.9511849075668034,0.9507453196487714,0.9704228601615197,0.9423094153251904,0.9559703188797019,0.9554476180808699,0.9014393337297149,0.957914010665783,0.9041591552424456,0.8195983892745227,0.9582723430404285,0.9682712143462918,0.7433485115599147,0.9237109353794336,0.9258793988462655,0.8649334118301807,0.9859439973122341,0.8533648673777785,0.07316888176124481,0.5708482493473561,0.864815573786457,0.836892273936688,0.8604139269138009,0.986713408781482,0.9867032425595148,0.5725928118981919,0.6777161009869229,0.5796265222061305,0.468718947203262,0.5514848635131117,0.587977210479999,0.5798275161863718,0.5201547509716316,0.7859554144613596,0.6399386097712518,0.603905011518196,-0.5021436399087472,-0.5626088214971824,0.7706729764069681,0.8751977002363531,0.8861085053963539,0.9226592488987558,0.9050137426969884,0.733590253618684,0.8744986419587517,0.8817766401675313,0.8812289265564878,0.65906870907491,0.13748337406403588],[0.994307060779682,0.9937522177221113,0.9959079193864163,0.9950471642952697,0.9982679165845774,0.975090323158379,0.999691204510801,0.9998121860692499,0.9889507556075975,0.9998161902892045,0.999814732632512,1.0,0.9998270408117143,0.9998194796186961,0.999705747799234,0.9985131625103283,0.9995176562390016,0.9999762407264895,0.9999760883247671,0.9998194120680742,0.9998234653443491,0.9931850015466837,0.9738161150515936,0.9946762998515024,0.9772842143695254,0.9952486941413138,0.9937694507752071,0.977875617191144,0.9329091473217469,0.9929943333155676,0.9952361947169821,0.9831241094510167,0.9409631309267299,0.999543624760946,0.9995790835637548,0.9995424061357447,0.9996776188454665,0.9996877478493077,0.9995541117024733,0.9982407009636797,0.9987977290159723,0.9995269036527974,0.9995238607148677,0.9890238109807565,0.9461844140114012,0.9255710242761174,0.9623126272218746,0.9486844573372963,0.9196143755127545,0.9079498909655189,0.9370781103790762,0.9106055516131325,0.9272173925135946,0.9067481985977827,0.967664151007466,0.9676551815561407,0.9852300686784909,0.9951967100790077,0.969305472781776,0.969132985710612,0.9585210100526604,0.9661158937032306,0.9603514981770909,0.9601924146059778,0.914652872129061,0.9431382972555425,0.9038767753735824,0.9036349138041994,0.8304710001166301,0.9700909638871305,0.9716925887030212,0.9716705051622657,0.9710665925991296,0.9369891527787522,0.8041018797842813,0.7773369482532159,0.8451742740495137,0.8988930046691159,0.865957796045864,0.8831284690804684,0.8825031504155113,0.7786678506770077,-0.10523074000562795,0.9496511528390346,0.9525799195155252,0.9493244075267441,0.969818937567948,0.9435023278540079,0.9523146124240576,0.951629183726309,0.9033699009243715,0.9537807916670701,0.9050219184670932,0.7862508501517004,0.9563973072066677,0.9521938627286471,0.6527287499104262,0.8837357575038292,0.8872562146262691,0.7813896305656652,0.9810946472621476,0.759465797829145,-0.28653928982488214,0.33362640082468553,0.7812852828382174,0.7403174360121172,0.775275804939536,0.9821794632755667,0.9822435584153243,0.3035288114488684,0.4611595012282131,0.30987099850341554,0.28159031389326505,0.301552964075061,0.3151241844085356,0.312686775954333,0.23018943049793078,0.6290615269131504,0.3704227640259458,0.3196303844633769,-0.5062232598312025,-0.5562473097020236,0.7700334843335287,0.793195333482367,0.8133408138083983,0.8779882866817503,0.8499830418077641,0.6584049822762627,0.8126488819361734,0.8098952057110806,0.8090747454182002,0.503223790539573,0.31953075901923755],[0.9967295288554547,0.9928144775862523,0.9899218374594352,0.9970378202780791,0.9986697125337896,0.978321931698649,0.9986404322425178,0.9999971423643271,0.9697199911117862,0.9999985347478979,0.9999965558351416,0.9998270408117143,1.0,0.9999977400804633,0.9994638764762921,0.9941334958724307,0.9995798963636245,0.9999292648129438,0.9999291021717054,0.9999765285325143,0.9999990090620701,0.9908990434412674,0.9752335980084539,0.9940194432291204,0.9435697752156494,0.99447177771792,0.9921879426273674,0.9744611144273925,0.9497253911913272,0.9887851429112078,0.9938742086420651,0.9932519179122761,0.9763912648884882,0.9995560178485604,0.9996686015045926,0.9997485325237838,0.9997728926727643,0.9994531775077939,0.9996213209516904,0.9985431875167278,0.9990821274455318,0.9996302761238375,0.9995120922328974,0.9798256748467831,0.9499798201541072,0.9587111645669316,0.9648653519443032,0.9505470438454034,0.920398234079845,0.9598495062983016,0.9492928114976625,0.9619656259206981,0.9642885968116148,0.9546508616097911,0.9818136563828389,0.9817687473541037,0.9921790869290316,0.9966281804595677,0.9545621449530625,0.9644477911593349,0.9706342154825617,0.974340001320206,0.9723392524891789,0.9571820695865875,0.9013700437367136,0.959149657085378,0.9590672807269133,0.9463471373344039,0.8800533886205312,0.9710629554894366,0.9471665152659018,0.9695814369666843,0.9551309158162181,0.8177628854236907,0.8799972949185386,0.8206445279306682,0.8924339297252842,0.9092005130492404,0.9153251297525001,0.8972712359698848,0.9059585216696004,0.44994216094178807,-0.5365780909366032,0.9636707860383857,0.9510612658453343,0.9506434203470221,0.9580357177367633,0.957584891040837,0.9695647225765381,0.9696790005430349,0.9197322656124343,0.9666277280540208,0.863950147185786,0.8194725554330075,0.9576914115498981,0.952862635364945,0.834458703242881,0.9598263317309159,0.960656706761689,0.9035636911264374,0.9793868027969438,0.8359757769084047,0.5312449432043369,0.7260460576352457,0.859621446810901,0.8532401458533159,0.842128798160985,0.984394329140637,0.98455365714995,0.7805470221038797,0.7510420880700412,0.7834413264801747,0.46918410161913515,0.7836184124404935,0.7932340898792105,0.7869954107826843,0.7925215376260054,0.7950448977861131,0.7514947245055067,0.7354089328428367,-0.3362979400772972,-0.4868162791458566,0.7711942115234393,0.8921136240496371,0.9188026706325755,0.9373757055188162,0.9106586959784656,0.8332922365910694,0.9068077718142445,0.9209838701366597,0.9194434480477769,0.7729698657666854,-0.05237350440358629],[0.9966934153951345,0.9927912542601243,0.9901335401237985,0.9970165660762239,0.9986910800798383,0.9786063042508205,0.9993065318835721,0.9999983967589131,0.9745617856112105,0.999997925463992,0.9999982554972957,0.9998194796186961,0.9999977400804633,1.0,0.9995433053016864,0.9974751275067962,0.9995596091313445,0.999922248985502,0.999921631686126,0.9999707257628612,0.9999977922722945,0.991076721319455,0.9755187731506028,0.9955682515536558,0.9555615293459033,0.9953117787881219,0.9921473615570482,0.9747457210939797,0.9500037565327751,0.9912549988738034,0.9941147166925178,0.9931312848420795,0.976217434409228,0.9995236646555904,0.9996332169568696,0.9997270864760734,0.9997890339123512,0.9994283696826042,0.9995827725495795,0.9984861013698603,0.9990388163625291,0.9995976831498997,0.9994805823907904,0.9800973074271009,0.9498329250118859,0.9586140359641439,0.9648985315024483,0.950538972867276,0.9201555006101694,0.9595712530433737,0.9490462167787507,0.9617149951319612,0.9639779805391647,0.9542255435791791,0.9815860830788894,0.9815498825570497,0.992027962976843,0.996498844538888,0.9546007888677035,0.9645111929902132,0.9706729476595821,0.9744207407672214,0.9723660396037669,0.956874589897868,0.9017209522000472,0.959035851570061,0.9589455055237884,0.9462655227857812,0.8802157416234353,0.9712139243402387,0.9473633885081483,0.9696485773038369,0.955194413025966,0.8182284818205341,0.8799394358008281,0.8205416185454065,0.8924083680510959,0.9092231130518155,0.9153028354950421,0.8971625466403973,0.9058827069126787,0.4502903510098579,-0.5360649964738355,0.9637529738992842,0.9510899908139548,0.9506765746059296,0.9569903470599105,0.9577446704487692,0.9696170107548575,0.9697272054384987,0.9200523325879776,0.9666492813114856,0.8643108532432319,0.819458100225123,0.9579230232055715,0.9532536809876094,0.8345284789849113,0.9597761284657272,0.9606167567407945,0.903049193040979,0.979515071890796,0.8354694271464532,0.529918461252871,0.7253147110509869,0.8591158431618184,0.8528033776018997,0.8416309944008871,0.9844634995698665,0.9846195875152581,0.779600851697711,0.7502981683501412,0.7827729933731818,0.4688641780769155,0.7829304975810683,0.7924473953696,0.7864716789339342,0.7917090619566187,0.794667695142402,0.7503856067391173,0.7343214894446944,-0.33698976511356904,-0.4873897478853338,0.7710426272613593,0.891541566411895,0.9184044519772663,0.9368817257405625,0.9102370146750001,0.8325862971076615,0.9064000229118822,0.9204067125705643,0.9189805129829666,0.7723911966865775,-0.051562917262303956],[0.9979052444469471,0.9946433622920369,0.9897355796012218,0.9981077991853077,0.9991421759016885,0.9783410468037526,0.999896287750125,0.9994246953006687,0.9729698126309717,0.9997302656237075,0.9997177447714722,0.999705747799234,0.9994638764762921,0.9995433053016864,1.0,0.9986245784550428,0.9998733276509519,0.9996143308769725,0.9996181816548496,0.9998006080314603,0.9996060344052337,0.9908654713169859,0.9747737208754933,0.9944689186395167,0.9496678456418612,0.9941048316839399,0.9936294326362046,0.9734712783740385,0.9508825262335273,0.9915159709183177,0.9926419167663831,0.9938856288455978,0.9780613300110014,0.9993377451499895,0.9997540479886972,0.9997552169432529,0.9996340442777244,0.9996859578137471,0.9997219513348972,0.9989783852043564,0.9996503457610837,0.9995578044455928,0.9993454888476906,0.9790679058039106,0.9489667717922134,0.9604703853522747,0.9637059523325743,0.9521122858002503,0.9256816825204909,0.9613395374388706,0.9529766753739615,0.9637394111612717,0.9675259709907762,0.9578050745267712,0.9832661758730022,0.9831985878194694,0.992824924893826,0.9960351226536288,0.9585854822258639,0.9679209857238706,0.9748428725416275,0.9768212852493575,0.976308134233859,0.9593655892154201,0.9062318039028371,0.9622992545738897,0.9634443587034747,0.9505016051913293,0.8868864617904023,0.9735892939655532,0.9516915126152414,0.97342618602426,0.9589729431910061,0.8256661155950379,0.8849115393857286,0.8246945739869488,0.8976550956193855,0.913666002002278,0.9179130652268078,0.9005996523012876,0.9104158192402807,0.4612005173729257,-0.5327941335425097,0.9669039584542753,0.9555417131147507,0.955050311715197,0.9604146848248132,0.9610532391866011,0.9724673023394109,0.9725517257431509,0.9238044073022825,0.9710618634231918,0.8706334519444525,0.821087094803291,0.9507765201045141,0.9467578958869359,0.8370909069287912,0.9598165146443538,0.96056558805165,0.9028509491325608,0.9765736704587951,0.8346726119384993,0.5384173106611557,0.7298835334841641,0.8590166014206595,0.8552216657563574,0.841049679583938,0.98247049584837,0.9826130988866925,0.7842355593977681,0.7532466945121004,0.7833405112072245,0.47575537277649316,0.7868287402382684,0.7961094591189831,0.7879664504654994,0.7959092623622203,0.7971683181482789,0.7516700423821024,0.736055755197453,-0.3254425040350991,-0.47680777526192897,0.7781258646554783,0.8942158157580868,0.9208551291307526,0.942167010080845,0.911734235870358,0.839539089438066,0.9118049969600275,0.9250241977552102,0.9237776862087616,0.7845528347650126,-0.06304998482375532],[0.998290191161478,0.9965891119041085,0.991001455157673,0.998556722748869,0.9989715877177642,0.9825761663341515,0.9970819032909549,0.9926599951956105,0.951022967086121,0.9980932419710171,0.9979294159424801,0.9985131625103283,0.9941334958724307,0.9974751275067962,0.9986245784550428,1.0,0.9989933574128141,0.9978250431711673,0.9978247575763535,0.9981893088547518,0.9975289252955883,0.9928134852209729,0.9785410883128733,0.9814163791677756,0.9245723462227257,0.9919195182366748,0.9947637119147973,0.9767248959520183,0.958722367743404,0.9916471453696971,0.9895599028064843,0.9918934777215395,0.9776257830127417,0.9975284551176897,0.9983380107496995,0.9981909192144208,0.9980312907203531,0.9988751621313834,0.9982407069893237,0.9982390352074084,0.998779995861681,0.9976907500226723,0.9975981421078247,0.9799055042035418,0.9438438863030306,0.9601678032437475,0.9599474420241723,0.9529791067579608,0.9298903646803964,0.9608467111757875,0.9531811105172708,0.9636940869119313,0.9662661162745384,0.9542635963119467,0.9808281947177498,0.9809053690930243,0.9887606514503711,0.9914139011629595,0.967614284323854,0.9740359760078278,0.9809092816993634,0.981203811920693,0.9816422844804414,0.9673015076051558,0.9188573108797112,0.9662287339264751,0.9677459982511215,0.9581627613720487,0.8993615083164007,0.9786376825609928,0.9626261841762946,0.9795006563379167,0.9679737587257812,0.8445685346066917,0.8938303724419105,0.8377797776299969,0.9071154637620323,0.9244746377756365,0.9254288491699658,0.9084915356505064,0.9193176235091798,0.49091737140369807,-0.5066302534109722,0.9728250146825594,0.9618938881273482,0.9624117796659436,0.9692905150580299,0.9680906876162401,0.9773726044729931,0.9773827184341124,0.9348542471235042,0.9777540710225271,0.8872003820793718,0.8234962446731925,0.9419825229983065,0.9430770259343719,0.8413635219658776,0.958058761518958,0.9588500230667478,0.8958310763697033,0.9746343834506453,0.8279980991810688,0.5269389206271154,0.7248639356514235,0.8491063947423908,0.8503556482502084,0.8315352829745234,0.9793046353584985,0.9793591318101756,0.7744889491311927,0.749664794417261,0.7756544595022513,0.48260124823541833,0.7785104487057514,0.7849844223672697,0.7865197308820351,0.7855194729222219,0.7956750743467148,0.7384809204709074,0.7240845862379326,-0.31359388205993366,-0.46390153