var correlationClose = {"data": [{"type": "heatmap", "z": [[1.0, 0.9999825554529056, 0.5612797500930362, 0.9996977276408364, 0.9974174582496192, 1.0, 0.9906693739541321, 0.9861541136813721, 0.9913216618260557, 0.9728713135059842, 0.9815019606210581, 0.9907147139269212, -0.13533257336415394, 0.9907810749920096, 0.9908397682747477, 0.9934921933898057, 0.4690951381559132, 0.9918117877412994, 0.9918099815182194, 0.9836734938457529, 0.9907164367862532, 0.44503362787105677, 0.6576204200659828, 0.9774680522982883, 0.9774442351386056, 0.9582416050717988, 0.29959193976226917, -0.1247167794925227, 0.9898910272956423, 0.9898505300036181, 0.27206293422661326, -0.20719044094291442, 0.9936510677034395, 0.9945357087158357, 0.8075440338680738, -0.3921525868418091, 0.9871851068421433, 0.9942840518254487, 0.9941936140256024, 0.4516439460192266, 0.9938430396188513, 0.9938383408322473, 0.9938430396188513, 0.8904708371227861, 0.674633677599236, 0.86395720342016, 0.8817596314286866, 0.7959901754933276, 0.39180318148819726, -0.12694600496714117, 0.19266724933350915, 0.9463181603160383, 0.4723098154515235, 0.977228598144209, 0.971339805644763, 0.913094379106221, 0.9076126125709815, 0.9316840796477063, 0.9062714532712052, 0.9283639773083918, 0.9292816986801599, 0.9283639773083918, 0.8397887637071746, 0.9048204245801035, 0.9060504120577638, 0.9048204245801035, 0.8927591268401939, 0.7282907968522038, 0.8681482317614371, 0.8700253928609655, 0.8681482317614371, 0.613483974385075, 0.3049200665523196, 0.5893771109954694, -0.5969651781716286, 0.48292335839575184, 0.5397098796790505, 0.5415562073833093, 0.5397098796790505, -0.09836645908319688, 0.8799461002892413, 0.9117806187494343, 0.8934970308822657, 0.914732974287899, 0.46940537323199977, 0.8773436231410509, 0.8788279090740152, 0.8773436231410509, 0.8876093809598683, 0.8876093809598683, -0.16558803217162144, 0.5435418454446754, 0.19844081187470639, -0.5469417597729266, -0.5590629165013631, -0.5624947563425232, -0.03161548396583273, 0.05017175554106524, 0.2653066081239404, 0.14940218084812473, -0.365115476809537, 0.06268850480224837, -0.791544308084405, -0.20355201750403626, 0.11559709333390475, 0.11623520866001001, -0.5364196087196316, -0.6070537071939585, -0.2043149983659628, -0.4816619102062295, -0.8297643470938533, -0.34206858409202, -0.3335932363889586, -0.34206858409202, -0.18066135618484025, -0.24855524084739938, -0.24855524084739938, -0.8184129044080688, -0.8184129044080688, 0.4053838985991763, 0.6606979288446625, 0.8745515103808519, 0.8533558104073873, 0.7917105141847846, -0.23938649670188272, 0.7699159758136063, 0.8103762194477088, 0.8104404098174673, 0.8103762194477088, -0.23416568082268246], [0.9999825554529056, 1.0, 0.9683106197281761, 0.999191590528069, 0.9935459907716722, 0.9999825554529054, 0.9773170550554889, 0.9680444782862144, 0.9770906137183628, 0.9575310186590352, 0.9793128619550138, 0.9773661920579277, 0.977324575142883, 0.977135917187498, 0.9763864524285331, 0.9851037301258153, -0.24678694771358886, 0.9829052820368089, 0.9828758918367649, 0.9774347665815597, 0.9774252570518189, -0.15564034538406155, 0.967027900070279, 0.9702398079506249, 0.9703133006113484, 0.9586615649844182, 0.019161782676345076, 0.1463186287572349, 0.9755159887894365, 0.9755813924706273, 0.9710623060835017, 0.13213351339683782, 0.9871549776102532, 0.9872420115330854, 0.9880351860476415, 0.9796143559630116, 0.9854993391289025, 0.9871775270831072, 0.9878437733557605, -0.2535718606166399, 0.9881293426670642, 0.9881090474656204, 0.9881293426670642, 0.8904901561281588, 0.5608809570710339, 0.8646544501706178, 0.8820620445550756, 0.7952617079052949, -0.4439819823396052, -0.5502093761319755, 0.8333796032294611, 0.8588357387229568, -0.16851527853179618, 0.9346724178642858, 0.9347424434703991, 0.9207993876132715, 0.9310663255737871, 0.9080618681865986, 0.9077200510750278, 0.914988745728125, 0.915749106214574, 0.914988745728125, 0.7681501502805124, 0.7281231258171031, 0.730358575700215, 0.7281231258171031, 0.9252875624917323, 0.9305480990890054, 0.9250760774517347, 0.9263206766322807, 0.9250760774517347, 0.43494175437649646, 0.37726258600140283, 0.4990159247410055, 0.6029105732801049, 0.4808170374434116, 0.5231102865353251, 0.5239466199109254, 0.5231102865353251, -0.21429889942987584, 0.8635125999730987, 0.9009601269177534, 0.8870499116063849, 0.9281517268002984, -0.0588948453522651, 0.8572887835795938, 0.8576988989561303, 0.8572887835795938, 0.8688498653635813, 0.8688498653635813, -0.26945232684522374, 0.5445652755614862, -0.3800216760249555, -0.6420135327364281, -0.4668908033667286, -0.47038808232575297, -0.29951760689831, 0.21659892447583648, -0.21136894825851135, -0.385786708027817, -0.5758987043667827, -0.28153049164709437, -0.5008535561238541, -0.33517331071593237, 0.09006467382722302, 0.08504702747350595, -0.48684944940166497, -0.4416051564586345, -0.4696121244667535, -0.49916232172253266, -0.4916474693867046, -0.47192332787003805, -0.47520710562687946, -0.47192332787003805, -0.35819652159151083, -0.494586582112856, -0.494586582112856, -0.46873731920101314, -0.46873731920101314, 0.4051715043907295, 0.4196630348703601, 0.5218955913036611, 0.6054340688217104, 0.5807938399759001, -0.3857706898800329, 0.38899370645551135, 0.3798903700088569, 0.38000451036065086, 0.3798903700088569, 0.12086735306150963], [0.5612797500930362, 0.9683106197281761, 1.0, 0.5545729889271637, 0.43962892120954183, 0.5612797500930362, 0.5505062277416185, 0.5385292101291325, 0.4470657338637861, 0.38613811769830997, 0.9966114657891386, 0.5505195291714909, 0.5166695076518745, 0.5508625378398573, 0.5537516765296238, 0.5902460739166752, -0.09461073201211632, 0.4944432786367691, 0.4944103779475191, 0.44526773788607765, 0.5501530293557699, 0.20593112036589614, 0.6902579589427669, 0.516449733311394, 0.5161612154085138, 0.9828160698729307, 0.2838796150136203, 0.17906663290475758, 0.5167392939782768, 0.5162321827726871, 0.7691610678399966, 0.007959690834137438, 0.548973421802403, 0.44536725199922683, 0.5378851402829109, 0.3655715303779588, 0.9938802263198225, 0.43313929472119367, 0.5522912043983009, -0.10061014840238769, 0.5649945901568948, 0.5477702944557619, 0.5649945901568948, 0.8970484971523678, 0.3911305918915442, 0.9044007643242606, 0.8697186446191816, 0.6512669180156503, 0.20124274915237986, -0.0058620346759539485, 0.05973289784269176, 0.41677386641370257, -0.06835964186594519, 0.5086024026092151, 0.44091286127590396, -0.07721806143375151, 0.6792015181954911, 0.6367630244187494, 0.46984576138297746, 0.6429618433489189, 0.7096034213159444, 0.6429618433489189, 0.3145624064194833, 0.5363610881605949, 0.6393669652385008, 0.5363610881605949, 0.5483241327941967, 0.6175767820889898, 0.6567877041850488, 0.7309588282108912, 0.6567877041850488, 0.19248468499680754, -0.08284882006005281, 0.21113715813492784, 0.15326210806390453, 0.2104019351144129, 0.2638395524313124, 0.3906979588763792, 0.2638395524313124, -0.17088908426011212, 0.42466938911672103, 0.8009548229957023, 0.5116114166624649, 0.7262688023043196, 0.0950920135421184, 0.49345150570204804, 0.49469984079338664, 0.49345150570204804, 0.6236454588326992, 0.6236454588326992, -0.293546715666394, 0.7180436327006013, -0.22955235339862273, -0.5283239738275295, -0.3826454405281106, -0.38585095832098604, -0.3880242277060528, 0.004634346222804156, 0.02532859072808732, -0.25191236520945537, -0.5113469551391688, -0.13193354707815735, -0.21731806556112865, -0.20398875524071625, -0.03433341273123784, -0.0374995056846388, -0.4425644339261986, 0.017517000924182444, -0.21410065245360685, -0.47768071414506547, -0.10429434801841522, -0.3510642624631573, -0.22732274010712655, -0.3510642624631573, -0.42854626696985787, -0.501406741661754, -0.501406741661754, -0.233345072961073, -0.233345072961073, 0.32920550003301446, 0.13096299452732865, 0.24062079159285893, 0.48635473158684706, 0.2102446846807, -0.29805297502352507, -0.038244565463072096, 0.445522385546331, 0.5611040935409973, 0.445522385546331, -0.03859863873700674], [0.9996977276408364, 0.999191590528069, 0.5545729889271637, 1.0, 0.9986011212135565, 0.9996977276408363, 0.9922975916385431, 0.9882664649678179, 0.9933101074527321, 0.9706165254673217, 0.9866791781157623, 0.9923305118057658, -0.1398525103973015, 0.9923684235683471, 0.9924206188859058, 0.9950847282283145, 0.4549175390183004, 0.9932095046527437, 0.9932077785298049, 0.9841362007625487, 0.9923217135530695, 0.43619429436392293, 0.6609348090384327, 0.9804672305830898, 0.9804438590391507, 0.9691903193553728, 0.2945185514614511, -0.1321617087482965, 0.9896660552091834, 0.9896362092869295, 0.26350966593427305, -0.20810328003370213, 0.9944705127660097, 0.9956524635360391, 0.7662475407739827, -0.39804110036960466, 0.990980959784812, 0.9956427562152016, 0.9948320309542461, 0.4370894357051789, 0.9920037537923355, 0.9945555984636465, 0.9920037537923355, 0.8889993724581743, 0.6618278015274768, 0.8724907489698612, 0.8778566371081933, 0.7729820382878095, 0.3862036363202917, -0.1330548362524208, 0.18600762107488145, 0.9405129326075848, 0.45612637880306706, 0.9729186856679349, 0.9685086706761652, 0.8883395111479926, 0.8982972934853016, 0.9163453137424945, 0.900987294110885, 0.9082602045474806, 0.9095230933812072, 0.9082602045474806, 0.8295273763273613, 0.8909461576023814, 0.8923043345652311, 0.8909461576023814, 0.8881337974840998, 0.6596543427726985, 0.8230236870705353, 0.8250129657676126, 0.8230236870705353, 0.6031510784688989, 0.09936378620611443, 0.5769975407711487, -0.6022462908644883, 0.47606158492813155, 0.2821072686765908, 0.5091732265744174, 0.2821072686765908, -0.10537894838323844, 0.8729059873810573, 0.900571097663501, 0.8830352306858121, 0.8875097870558849, 0.45609632792568816, 0.8713355662564307, 0.8730082461986806, 0.8713355662564307, 0.8648354586635201, 0.8648354586635201, -0.17205796540410428, 0.5718089555009863, 0.20317604885593193, -0.5579216247934119, -0.5670766246782041, -0.5704231696163737, -0.044454187249321944, 0.04440771591086631, 0.2579912310308299, 0.13648206344826402, -0.3783058248350727, 0.05589364356862864, -0.7985405047688724, -0.21174401346655583, 0.10411929429834098, 0.10481887178072256, -0.5441403701256567, -0.6039600923326965, -0.20623678434457646, -0.49440651136819636, -0.8323714776682509, -0.34405502222704076, -0.3361430333912007, -0.34405502222704076, -0.19042144882027032, -0.2590635238342558, -0.2590635238342558, -0.8188291598313414, -0.8188291598313414, 0.390914719111398, 0.6485612383003827, 0.8670159308049626, 0.84587886318465, 0.7843791796669768, -0.2532680833003886, 0.7610587799410263, 0.8018280105539705, 0.801897267630244, 0.8018280105539705, -0.21883383628793046], [0.9974174582496192, 0.9935459907716722, 0.43962892120954183, 0.9986011212135565, 1.0, 0.9974174582496192, 0.9967089317915329, 0.9946796331834133, 0.9969009050338674, 0.9599671114593527, 0.9951852237535063, 0.9967276984396858, -0.3531069965844486, 0.9967589885297711, 0.9967835241175895, 0.9978206840788043, 0.26204243641844616, 0.9973139627216203, 0.997311558153453, 0.985886724873414, 0.9967196519411908, 0.06594094576957125, 0.6186830652848156, 0.9903320581435722, 0.9902866283049189, 0.9837479848772409, 0.03698423339669297, -0.11809369009577532, 0.9879269122177915, 0.9878656496815902, -0.056515631345891756, -0.10656995776056134, 0.9976915699064621, 0.9976313140352787, 0.740737108298781, -0.5428405260700389, 0.9970650925847026, 0.9978764077962368, 0.9979745701419801, 0.23839217938911234, 0.9976521103087249, 0.9976534586013164, 0.9976521103087249, 0.9045209484759292, 0.6227700568300119, 0.89519975121631, 0.8814476435132114, 0.7383350437645357, -0.09625269034532656, -0.5776417950831014, -0.23788930861669033, 0.9256449405213721, 0.31227317414935046, 0.9663230703053434, 0.9663843488512284, 0.8815016022887323, 0.8748657494095925, 0.9007686299797073, 0.885326332261853, 0.8987776558804137, 0.8994393384344026, 0.8987776558804137, 0.7982571185472774, 0.8310782874818465, 0.8327862219761039, 0.8310782874818465, 0.874346100489635, 0.7633827918896054, 0.8540013598648613, 0.8553529934770736, 0.8540013598648613, 0.5528351735719228, 0.4151665039974703, 0.5350269892799374, -0.64993223389979, 0.5307761189819459, 0.5076870497720826, 0.5079038416785937, 0.5076870497720826, -0.12554611143442207, 0.8508638281777751, 0.8682485704855517, 0.8540187353934392, 0.8919400216306982, 0.3152143203444192, 0.8523984064595919, 0.8540824533492996, 0.8523984064595919, 0.8606777850235635, 0.8606777850235635, -0.21607185826079547, 0.6333824776211915, 0.057079554486392375, -0.5936522634874455, -0.6260604986290511, -0.6263030793384687, -0.08124804150714894, 0.06570670193637512, -0.1419893875764078, -0.11677185827832134, -0.46758513635182597, -0.31869936118098985, -0.8646404270725253, -0.5129636912951284, 0.069169825525489, 0.06974208106989094, -0.5755549316199257, -0.5953531620975716, -0.5075618015221518, -0.5387044128007363, -0.8009215066145606, -0.564585992519861, -0.5675728342259755, -0.564585992519861, -0.23545693664008685, -0.29871615938273693, -0.29871615938273693, -0.7669148753377891, -0.7669148753377891, 0.3693484025312777, 0.6265963338377554, 0.8161072141749155, 0.7904447004980067, 0.7711396054899983, -0.39362453504652917, 0.6102727532386443, 0.6925645658600823, 0.6927486802558872, 0.6925645658600823, 0.017469854928933184], [1.0, 0.9999825554529054, 0.5612797500930362, 0.9996977276408363, 0.9974174582496192, 1.0, 0.9906693739541321, 0.9861541136813721, 0.9913216618260557, 0.9728713135059842, 0.9815019606210581, 0.9907147139269212, -0.13533257336415394, 0.9907810749920096, 0.9908397682747477, 0.9934921933898057, 0.4690951381559132, 0.9918117877412994, 0.9918099815182194, 0.9836734938457529, 0.9907164367862532, 0.44503362787105677, 0.6576204200659828, 0.9774680522982883, 0.9774442351386056, 0.9582416050717988, 0.29959193976226917, -0.1247167794925227, 0.9898910272956423, 0.9898505300036181, 0.27206293422661326, -0.20719044094291442, 0.9936510677034395, 0.9945357087158357, 0.8075440338680738, -0.3921525868418091, 0.9871851068421433, 0.9942840518254487, 0.9941936140256024, 0.4516439460192266, 0.9938430396188513, 0.9938383408322473, 0.9938430396188513, 0.8904708371227861, 0.674633677599236, 0.86395720342016, 0.8817596314286866, 0.7959901754933276, 0.39180318148819726, -0.12694600496714117, 0.19266724933350915, 0.9463181603160383, 0.4723098154515235, 0.977228598144209, 0.971339805644763, 0.913094379106221, 0.9076126125709815, 0.9316840796477063, 0.9062714532712052, 0.9283639773083918, 0.9292816986801599, 0.9283639773083918, 0.8397887637071746, 0.9048204245801035, 0.9060504120577638, 0.9048204245801035, 0.8927591268401939, 0.7282907968522038, 0.8681482317614371, 0.8700253928609655, 0.8681482317614371, 0.613483974385075, 0.3049200665523196, 0.5893771109954694, -0.5969651781716286, 0.48292335839575184, 0.5397098796790505, 0.5415562073833093, 0.5397098796790505, -0.09836645908319688, 0.8799461002892413, 0.9117806187494343, 0.8934970308822657, 0.914732974287899, 0.46940537323199977, 0.8773436231410509, 0.8788279090740152, 0.8773436231410509, 0.8876093809598683, 0.8876093809598683, -0.16558803217162144, 0.5435418454446754, 0.19844081187470639, -0.5469417597729266, -0.5590629165013631, -0.5624947563425232, -0.03161548396583273, 0.05017175554106524, 0.2653066081239404, 0.14940218084812473, -0.365115476809537, 0.06268850480224837, -0.791544308084405, -0.20355201750403626, 0.11559709333390475, 0.11623520866001001, -0.5364196087196316, -0.6070537071939585, -0.2043149983659628, -0.4816619102062295, -0.8297643470938533, -0.34206858409202, -0.3335932363889586, -0.34206858409202, -0.18066135618484025, -0.24855524084739938, -0.24855524084739938, -0.8184129044080688, -0.8184129044080688, 0.4053838985991763, 0.6606979288446625, 0.8745515103808519, 0.8533558104073873, 0.7917105141847846, -0.23938649670188272, 0.7699159758136063, 0.8103762194477088, 0.8104404098174673, 0.8103762194477088, -0.23416568082268246], [0.9906693739541321, 0.9773170550554889, 0.5505062277416185, 0.9922975916385431, 0.9967089317915329, 0.9906693739541321, 1.0, 0.9971581272964507, 0.9999676997387604, 0.9507723032400857, 0.9995801080414222, 0.9999961127692107, -0.15339481771255736, 0.9999923389853348, 0.9999212731816233, 0.9940919434152315, 0.40462829991459737, 0.9998340985290453, 0.9998344779328106, 0.9883750166246786, 0.9999963180089143, 0.34169004146993615, 0.6620723972514536, 0.9841169347883251, 0.9842532655588305, 0.9851794408775851, 0.21536712668262462, -0.19159898872766995, 0.9922622851384028, 0.9919806506002152, 0.16241299424211578, -0.25873361782764986, 0.9992898696370367, 0.999380072520996, 0.34374253618621314, -0.32974287051105905, 0.9986478673379917, 0.9992859640489749, 0.9982369366140604, 0.3852410374395802, 0.9305187417793984, 0.9990168761593958, 0.9305187417793984, 0.9129407350104736, 0.6255544838380315, 0.9184887393753456, 0.8905863153444957, 0.6903775129993538, 0.4164090732144764, -0.07617412412009604, -0.21162608101744554, 0.9238509032963503, 0.4137756804865676, 0.9684828106233562, 0.9612193714602261, -0.08766144730465432, 0.8233411961485068, 0.798568200706062, 0.8455642021466823, 0.791691740664616, 0.7602397940249676, 0.791691740664616, 0.7532608561835865, 0.759526883617071, 0.7591389201848793, 0.759526883617071, 0.8318934727647538, 0.3007053864583242, 0.5185808082207983, 0.6039498000838968, 0.5185808082207983, 0.5199009187464942, -0.3630235747449327, 0.4800120081383678, -0.6657317750712236, 0.3963313782741915, -0.1318843696819311, 0.3640455530298514, -0.1318843696819311, -0.15018107082429694, 0.8071964411393182, 0.8151030957487857, 0.8050579850595677, 0.7325372832093491, 0.40453956574964367, 0.8107753015741255, 0.8131546377947606, 0.8107753015741255, 0.7179772951533182, 0.7179772951533182, -0.25337972434159356, 0.6848443230160451, 0.25555132437645034, -0.5776785607713614, -0.6108195223752, -0.6137234734189639, -0.09726561161574047, -0.008470433486518802, 0.3604191360702105, 0.0966821421535348, -0.4070577998857126, 0.1059041040708312, -0.8261528383402089, -0.11626024346007709, 0.0314559221088474, 0.03229189782531886, -0.5907828403415983, -0.6096631118544239, -0.04663644822219364, -0.5764081381354438, -0.8447483151450433, -0.3410931794147381, -0.1674920593660722, -0.3410931794147381, -0.27164770544188954, -0.3101475588257162, -0.3101475588257162, -0.8384671568116449, -0.8384671568116449, 0.36603574622035817, 0.6031075434994543, 0.49652937126181607, 0.8081770410276471, 0.7601391794971585, -0.31258673959199007, 0.05947292668871082, 0.7653659282774217, 0.7838568888584344, 0.7653659282774217, -0.14251380592518786], [0.9861541136813721, 0.9680444782862144, 0.5385292101291325, 0.9882664649678179, 0.9946796331834133, 0.9861541136813721, 0.9971581272964507, 1.0, 0.9994593852410791, 0.94223090932066, 0.9982320167164377, 0.9979649537667921, -0.16298885240223507, 0.9989924450222796, 0.9986944953652691, 0.9866707822309138, 0.3825267476276071, 0.9990452952917241, 0.9990483911385353, 0.9854113731440618, 0.9991575503786927, 0.31412597214810306, 0.6610938011007411, 0.9917762614386371, 0.981884633923965, 0.9806115631037327, 0.19517094847101307, -0.20688408224542582, 0.9885554590304534, 0.9919705220260451, 0.14159688784585048, -0.2659331609846696, 0.9981226547748827, 0.9980165066923791, 0.32243732127689495, -0.3374149686091387, 0.9959856351826181, 0.997837466501342, 0.9975776610106388, 0.36263697784521914, 0.9214878253992009, 0.9979582180367164, 0.9214878253992009, 0.9103611089328175, 0.6095068696555752, 0.9190505648494771, 0.886278691954736, 0.6622071694881657, 0.40277353314587216, -0.09217948338143733, -0.22558026817286497, 0.9144128991580953, 0.39250327063629187, 0.9636303636509173, 0.9555015292069721, -0.09887426369816833, 0.8077888596119887, 0.7794301830869685, 0.8348518448402694, 0.7737891370361163, 0.7463621935359672, 0.7737891370361163, 0.7377649353858942, 0.7378239353940952, 0.7440636548219175, 0.7378239353940952, 0.8214545797998611, 0.27832206983932317, 0.49483074972323676, 0.5853532659266824, 0.49483074972323676, 0.5040791400387936, -0.37931080661889655, 0.4622828122902713, -0.6752808095459011, 0.3860222402686189, -0.15615994778409792, 0.3452704903329805, -0.15615994778409792, -0.15766574463671912, 0.7946246571402052, 0.7948244205110929, 0.7885446626825419, 0.7159724221214879, 0.38712557502328854, 0.7988743746575565, 0.8015178439659164, 0.7988743746575565, 0.6970573767583264, 0.6970573767583264, -0.27089792005943225, 0.715853670357116, 0.26382221408951734, -0.5878979753599842, -0.6252820287226892, -0.6280023536857638, -0.11328707836738701, -0.01761230684775705, 0.3535179635627457, 0.07677455062681782, -0.42100870340295227, 0.09647654975776021, -0.8334928905686794, -0.12289353746923348, 0.014190378867381902, 0.015064825852824336, -0.6039751140252976, -0.6111403002320228, -0.053632458239301344, -0.5958182997912274, -0.8453876265164485, -0.3535080193900409, -0.17388563868297255, -0.3535080193900409, -0.29130600102930737, -0.3253840751423868, -0.3253840751423868, -0.8374836898888025, -0.8374836898888025, 0.3415979085297285, 0.584510009148999, 0.47651606433483873, 0.7894963881975978, 0.746321083607573, -0.3363446082003156, 0.04435810149617853, 0.7453980487559477, 0.7675791887366386, 0.7453980487559477, -0.12429536037411466], [0.9913216618260557, 0.9770906137183628, 0.4470657338637861, 0.9933101074527321, 0.9969009050338674, 0.9913216618260557, 0.9999676997387604, 0.9994593852410791, 1.0, 0.9495144137054576, 0.9995249188340682, 0.9999686287282805, -0.327035935547881, 0.9999732055046731, 0.999933797135964, 0.9981010912669542, 0.2981073370417752, 0.9997747454971886, 0.9997753507044721, 0.9881735420290962, 0.9999656173557535, 0.11477358840180306, 0.6182231417368035, 0.9940459013086546, 0.9939896175278965, 0.9850230815936933, 0.02075272718999139, -0.13124632707408584, 0.9907910406232434, 0.9907566993646698, -0.03740562658746357, -0.21926676973838283, 0.9993089529385731, 0.9992678477989229, 0.7539366583429196, -0.5312714605492137, 0.998555496697842, 0.9992660819661225, 0.9991683023874013, 0.27516902491119827, 0.9991500361048933, 0.9991553722527345, 0.9991500361048933, 0.9127694902631229, 0.6265948636951502, 0.9181897033783861, 0.8899881112543159, 0.6896927845906982, 0.011284597613956983, -0.5232066046733099, -0.18680609629174166, 0.9189986987595807, 0.3622754750764675, 0.9624458195462883, 0.9614822533110189, 0.8527213095969551, 0.8245470805946047, 0.8729047340994333, 0.8466669219264558, 0.8709774715648977, 0.871742045870998, 0.8709774715648977, 0.7526570764608705, 0.812394101024038, 0.814140844815609, 0.812394101024038, 0.8336199341591223, 0.7232059262925421, 0.8225401206890142, 0.82405791917356, 0.8225401206890142, 0.5189560458517389, 0.3390427730241581, 0.479517167036038, -0.6959432217468502, 0.45640518775650163, 0.41987420070163517, 0.4199052890017985, 0.41987420070163517, -0.10626825544819388, 0.8079411387511175, 0.8148179264431562, 0.8051894540757497, 0.8635423146507853, 0.33070771449692504, 0.8172298168172678, 0.8196903082591844, 0.8172298168172678, 0.8254856487773211, 0.8254856487773211, -0.25573620701416533, 0.6857938276631271, 0.08178231945641083, -0.5910710346494886, -0.6528959164501446, -0.6537777539893209, -0.10095696920471497, -0.005761032058155424, -0.14986646175584778, -0.08871198593367534, -0.45760113856202156, -0.3501938622480412, -0.878590948942938, -0.5523648132459492, 0.030512610564012783, 0.031316067917954576, -0.5927486782016153, -0.6056042577073871, -0.5177159735066235, -0.5786313475024746, -0.8204795609130082, -0.5888721897016598, -0.5909404029154506, -0.5888721897016598, -0.274410415485059, -0.3143812491887746, -0.3143812491887746, -0.8002734439912472, -0.8002734439912472, 0.36657150041809344, 0.6017338454786483, 0.8235008647601216, 0.8019938904777197, 0.7584549756190369, -0.34219452131317213, 0.6432444574556969, 0.7129708643905501, 0.7131361313775928, 0.7129708643905501, 0.1012602899934731], [0.9728713135059842, 0.9575310186590352, 0.38613811769830997, 0.9706165254673217, 0.9599671114593527, 0.9728713135059842, 0.9507723032400857, 0.94223090932066, 0.9495144137054576, 1.0, 0.9220952269628909, 0.9508096851101806, -0.269416642615483, 0.9504586672053468, 0.9497232928621605, 0.9515453629797496, 0.10850284161066344, 0.9565402491218219, 0.9565155913972668, 0.9509547616013012, 0.9509459558416047, 0.042635408098379166, 0.668391546215745, 0.9527717875421113, 0.9529897511914366, 0.8185151513557081, 0.12069418745852635, -0.11317279361909595, 0.9593850471754259, 0.9595208951801983, 0.10608975386688634, 0.050094440422171885, 0.960931998846566, 0.9612173064040134, 0.8501151239788026, -0.45744029557231675, 0.9341791541709593, 0.960095081673634, 0.9615730967003802, 0.08564204714473013, 0.9623331931538889, 0.9622964425199566, 0.9623331931538889, 0.7814300513450905, 0.42243258287525864, 0.738902219799807, 0.8592787663694901, 0.8345392432558862, -0.553772428364574, -0.685507775752954, -0.30765094405230636, 0.8674255277580244, 0.08200734159850928, 0.9009650080515593, 0.9010122061458807, 0.8570589431536297, 0.850607616438976, 0.8831667450956567, 0.8602241474615622, 0.8749513219497679, 0.8758020629961132, 0.8749513219497679, 0.7988734201340498, 0.7770326637086059, 0.7791866127282626, 0.7770326637086059, 0.8521547003111563, 0.8726895379479492, 0.8502707065011605, 0.851080425882779, 0.8502707065011605, 0.6198023405108888, 0.5394937114551338, 0.6210718993526945, -0.41793865086388526, 0.6415425799350281, 0.6628924568655298, 0.666041736340885, 0.6628924568655298, -0.2626013888699092, 0.857140601664557, 0.9187216549189929, 0.8754805687792125, 0.8737408434660126, 0.20808737760088034, 0.8490299578551356, 0.8504082178304537, 0.8490299578551356, 0.8610189301354095, 0.8610189301354095, 0.010596429362950946, 0.2795236379640129, -0.08566074559272646, -0.49689309525647424, -0.39649835558254015, -0.39849063164414006, 0.06774631858926591, 0.38348629379643995, 0.1035617398707249, -0.02127080769091637, -0.34208687542452043, 0.01097902954708767, -0.8122234686432747, -0.1507781412651237, 0.272297051013948, 0.2712662933886865, -0.3547275997384494, -0.4385257424151969, -0.3088455731501628, -0.3138685812435956, -0.6864031512545155, -0.33027030024612664, -0.3322666310744549, -0.33027030024612664, -0.06148038129710972, -0.3472957986444726, -0.3472957986444726, -0.5380883004599671, -0.5380883004599671, 0.5760535511848167, 0.674353066289361, 0.7609839974180906, 0.6706195646474654, 0.8393104117034783, -0.43905812152913976, 0.3885959923382711, 0.5651839444759036, 0.5654764160239132, 0.5651839444759036, -0.2277492319710799], [0.9815019606210581, 0.9793128619550138, 0.9966114657891386, 0.9866791781157623, 0.9951852237535063, 0.9815019606210581, 0.9995801080414222, 0.9982320167164377, 0.9995249188340682, 0.9220952269628909, 1.0, 0.999576947747788, 0.9995732611004249, 0.9995263727588186, 0.9995631649882273, 0.9985217829171789, -0.36635007489007987, 0.9997277009603557, 0.9997317847920646, 0.9995848013910583, 0.9995846203168749, -0.27809387016916404, 0.9606902305547026, 0.9922197917659111, 0.9921923213926452, 0.9883651932793162, -0.002204917240117595, 0.07355525709191064, 0.9892895340416625, 0.9893493031671389, 0.9714951062037186, 0.0026126824463836335, 0.9986819668728266, 0.9986259175802507, 0.9984243056499323, 0.9992362842163219, 0.9991797065590697, 0.9986756151763599, 0.9984532669864351, -0.3769822433062393, 0.9983656270828889, 0.9983767752160424, 0.9983656270828889, 0.9064688974689888, 0.4863936282744555, 0.9138417378092359, 0.8879970724661153, 0.6913391515371206, -0.5415180174663717, -0.6619901744123062, 0.796306636565914, 0.806882007872885, -0.28257522284131104, 0.9213685333958177, 0.921560453535725, 0.8488858167435944, 0.8589598053007081, 0.8245381334445594, 0.827307052669564, 0.8339990417865577, 0.8349733357689162, 0.8339990417865577, 0.65326433049634, 0.6072113632593924, 0.6098726801999145, 0.6072113632593924, 0.8601682763411703, 0.8695694074203977, 0.858546283831507, 0.8600703400855539, 0.858546283831507, 0.2993915832796072, 0.23047926193234916, 0.3591715128408163, 0.48284141368883104, 0.35116560218501897, 0.40149161447868553, 0.4041657380982454, 0.40149161447868553, -0.4127476015825498, 0.766945884892612, 0.8192942751088585, 0.7985086304850774, 0.8579766185462137, -0.11740894664527804, 0.7594184490522127, 0.75997342368442, 0.7594184490522127, 0.774367875356711, 0.774367875356711, -0.3175019741452198, 0.6769855262597677, -0.3991555882401153, -0.6828903346390126, -0.5479345664140148, -0.5502715658695533, -0.36206682502680443, 0.14734344734993302, -0.27032611313237226, -0.4373509824410224, -0.6255235120216106, -0.34587426528009535, -0.6257583768486205, -0.4114994015514423, 0.01715668271647427, 0.013133014766675093, -0.563504379879924, -0.52793741208779, -0.546473123593687, -0.5805463754781237, -0.5748463373352684, -0.5498811259409434, -0.5528619319896908, -0.5498811259409434, -0.44074323635230556, -0.6029048046364238, -0.6029048046364238, -0.605804838768527, -0.605804838768527, 0.36173652451946936, 0.35888015220090735, 0.47096974897185323, 0.5550056905684981, 0.5535260581309993, -0.5487205297387359, 0.30033624224579286, 0.3197343493144509, 0.3199209404542778, 0.3197343493144509, 0.22909351959587151], [0.9907147139269212, 0.9773661920579277, 0.5505195291714909, 0.9923305118057658, 0.9967276984396858, 0.9907147139269212, 0.9999961127692107, 0.9979649537667921, 0.9999686287282805, 0.9508096851101806, 0.999576947747788, 1.0, -0.1530599579371263, 0.9999942531430206, 0.9999263891814727, 0.9949149494873644, 0.4047312751171915, 0.9998355721480529, 0.9998359240760791, 0.9884207330114825, 0.9999969737718155, 0.34202775583360306, 0.6621398572502106, 0.9896032693562679, 0.9842412494834399, 0.9851591748588319, 0.21564821191716488, -0.19154691609130153, 0.9922620862058162, 0.9919946769286069, 0.16266004123323027, -0.25870762350151083, 0.9992924908550797, 0.9993850776508726, 0.3437103305145116, -0.3295219482886664, 0.9986501152668774, 0.9992950702174064, 0.9982412074197706, 0.38535106676609693, 0.9305002345442335, 0.9990202144176871, 0.9305002345442335, 0.9129856581753883, 0.6257246039408946, 0.918743838307788, 0.8908333113205276, 0.6905458198369246, 0.4168256162897815, -0.07569688455849685, -0.21124092901244662, 0.9239429908997497, 0.413879382756267, 0.9685846411888147, 0.9612965717576452, -0.08746357716329137, 0.82349862854008, 0.7986785293187243, 0.8456821480921082, 0.7917994079535319, 0.7601766603540613, 0.7917994079535319, 0.7533336614788246, 0.7595896374163299, 0.7590707987101756, 0.7595896374163299, 0.8320535578324609, 0.30056606885401255, 0.5185879214420668, 0.6038540983839171, 0.5185879214420668, 0.5198351949885031, -0.3630476746616448, 0.47995851321604827, -0.6656257420408945, 0.3962046946914475, -0.13202164420601883, 0.36408473765026267, -0.13202164420601883, -0.1503348534909037, 0.8072655850061933, 0.815241073543983, 0.8051524954846535, 0.7325280030706572, 0.4046523739627931, 0.8108595783763535, 0.8132341100568441, 0.8108595783763535, 0.7180560889131902, 0.7180560889131902, -0.253375228249504, 0.68485035472267, 0.25567386856210506, -0.5776697534900692, -0.6107327881444603, -0.6136426216654075, -0.09734341291461325, -0.008631575234579757, 0.36060175716870324, 0.09672018576551747, -0.40707664156902923, 0.10617929680204961, -0.8258731146102429, -0.1159526903375354, 0.0314872642906737, 0.03233981329745544, -0.5907714097093641, -0.6094831712122679, -0.046370854469047096, -0.5763903981365974, -0.8446381567708944, -0.3408507585611145, -0.167270989529038, -0.3408507585611145, -0.2715007081522642, -0.3101016957404784, -0.3101016957404784, -0.8384151040250437, -0.8384151040250437, 0.36657297474839823, 0.6032762032072508, 0.4967915374830481, 0.8084524314306993, 0.7602442419399718, -0.31234572860537346, 0.059769421376953166, 0.7656327503476501, 0.7839841875442088, 0.7656327503476501, -0.14254010043816992], [-0.13533257336415394, 0.977324575142883, 0.5166695076518745, -0.1398525103973015, -0.3531069965844486, -0.13533257336415394, -0.15339481771255736, -0.16298885240223507, -0.327035935547881, -0.269416642615483, 0.9995732611004249, -0.1530599579371263, 1.0, -0.15242677619976894, -0.14828410022010566, -0.12396099523197, -0.2921821175583049, -0.15388761639952328, -0.15390568844653177, -0.27660551658401195, -0.15349112583563876, 0.024673121475636113, 0.30892976052284216, -0.18800825912663852, -0.1883474445451735, 0.9851376572083496, 0.24694367129542852, 0.18631545421262802, -0.18891372116658955, -0.18953356019645015, 0.5368200320858886, 0.12054420989077433, -0.150976450039593, -0.3121956830238878, 0.16543022551713676, 0.9605663820272844, 0.9986481375212158, -0.3438656639911512, -0.14566159189873054, -0.28203047112623514, -0.15133075164267773, -0.15172103309497192, -0.15133075164267773, 0.9130619552354362, -0.11877632227416869, 0.918711611545859, 0.8907707124291241, 0.6905286181224675, 0.08401856854323504, 0.2559102217392089, 0.6445917303269363, -0.2695200942416165, -0.29643105969733324, -0.06810967003680213, -0.3050820426267812, 0.026749988142700486, 0.26690887010728914, -0.0225570718513082, -0.31082107446969887, -0.02046676503741918, -0.010063802251695548, -0.02046676503741918, -0.41927468468005236, -0.10815949494642313, -0.10998398780344773, -0.10815949494642313, -0.209309859732779, 0.06983505026726734, 0.04589704219853058, 0.04610309311781167, 0.04589704219853058, -0.4131334695301527, 0.007093970923952074, -0.37715624898890693, 0.6226575101802138, -0.34608500001589315, 0.008349252095751162, -0.060883973911662094, 0.008349252095751162, -0.3062398084827945, -0.345271476637342, 0.8152188142144013, -0.12669845168675883, 0.013484183376259338, -0.21878366535865504, -0.26656942775467696, -0.26542348471280525, -0.26656942775467696, -0.028607444323383472, -0.028607444323383472, -0.23223565252319137, 0.684774033842734, -0.16217703506635375, -0.01421248671454318, 0.19976430846937834, 0.19853483290133395, -0.2510603791255267, -0.010203818465526508, 0.02002667066719663, -0.17287577545200888, -0.10899455678996325, 0.04255960314108012, 0.38825351921093415, 0.11557185097074613, -0.04135522045784295, -0.04519690222786032, 0.08770361235397037, 0.5722403600115983, 0.09379136429264058, -0.18922480004455283, 0.6163725579708738, 0.09842026521840196, 0.10606332369693483, 0.09842026521840196, -0.2373590524430155, -0.19561924294540506, -0.19561924294540506, 0.32579624507956917, 0.32579624507956917, 0.36668262510176486, -0.2533988261439779, 0.016174427410643868, 0.09025266451285714, -0.2512296485622013, 0.07454459794561963, 0.1532337612460066, 0.1042165267372764, 0.10424279052719022, 0.1042165267372764, 0.12658958030085365], [0.9907810749920096, 0.977135917187498, 0.5508625378398573, 0.9923684235683471, 0.9967589885297711, 0.9907810749920096, 0.9999923389853348, 0.9989924450222796, 0.9999732055046731, 0.9504586672053468, 0.9995263727588186, 0.9999942531430206, -0.15242677619976894, 1.0, 0.9999380393255349, 0.997478094771474, 0.40485384092957294, 0.9998386822628522, 0.9998389428678912, 0.9885850176367522, 0.9999942740178732, 0.34272630385452924, 0.6619759534927714, 0.9931446033532008, 0.993030312934593, 0.9850325999494609, 0.21594363913034126, -0.19159368955415765, 0.9930074803219139, 0.9930538069133313, 0.16346818534094995, -0.25853532804801205, 0.9993435834867286, 0.9993843199838525, 0.3426299362203428, -0.32864583272516956, 0.998585941965315, 0.9992984345545695, 0.9985486856723308, 0.38549933406382836, 0.9299730492466148, 0.9990771536721625, 0.9299730492466148, 0.9132746842100746, 0.6264783773330898, 0.9191158981571411, 0.8912103201401724, 0.6902245200456902, 0.4182603795853772, -0.07405248998730037, -0.21144613090409922, 0.9243529831528704, 0.4141784896238787, 0.9690125843048443, 0.9616730285045696, -0.08850746762240488, 0.8237770780783662, 0.7985969569719265, 0.8459463109982225, 0.7917596989531389, 0.75977901323434, 0.7917596989531389, 0.7535279067832364, 0.7595436607648466, 0.7594977689578394, 0.7595436607648466, 0.8324086741288481, 0.29986551105435805, 0.5180584837477081, 0.6038879613744244, 0.5180584837477081, 0.5196581147902514, -0.3642491743014671, 0.47985131933843433, -0.6657814560015272, 0.395796767036635, -0.133054025270011, 0.363727007654157, -0.133054025270011, -0.15027701596531987, 0.8074005197882989, 0.8148137019233861, 0.8052436754564276, 0.7224726473384456, 0.4050548671272089, 0.8109858346452802, 0.813349299610092, 0.8109858346452802, 0.7178571612126259, 0.7178571612126259, -0.25507987159773005, 0.6857879015622955, 0.2561939676767383, -0.5776442563566258, -0.6111291614067655, -0.6140442387750158, -0.0985529966348329, -0.00993250007729486, 0.3609084684819559, 0.09625404197715333, -0.407351018117947, 0.10625591861982721, -0.8249730804785583, -0.11579325091971586, 0.030399978547564297, 0.03124887722979676, -0.591433669666886, -0.6097952758562257, -0.04577557035215245, -0.5778092745661056, -0.8446255059885035, -0.34078591999746827, -0.1666990094031273, -0.34078591999746827, -0.2725442339245733, -0.3105952011687165, -0.3105952011687165, -0.8387710733420894, -0.8387710733420894, 0.36674607135297216, 0.6029542462636684, 0.4962265566523601, 0.8089094274634125, 0.7596798769349887, -0.3118488458355977, 0.059075075425477956, 0.7660385497559966, 0.7845963890825934, 0.7660385497559966, -0.14220772369986362], [0.9908397682747477, 0.9763864524285331, 0.5537516765296238, 0.9924206188859058, 0.9967835241175895, 0.9908397682747477, 0.9999212731816233, 0.9986944953652691, 0.999933797135964, 0.9497232928621605, 0.9995631649882273, 0.9999263891814727, -0.14828410022010566, 0.9999380393255349, 1.0, 0.9976001400069696, 0.4025330036647251, 0.9997884066963513, 0.9997896412000603, 0.9885061786576304, 0.9999222794524518, 0.3435655202936569, 0.6641728666683508, 0.9924761744520925, 0.98361370988396, 0.9851274366875437, 0.21760065218604854, -0.1904617459019093, 0.9921103351037689, 0.9921207879768567, 0.16669966310119588, -0.2589038569301047, 0.9993439921382294, 0.9992288028490401, 0.34319025481296234, -0.3243077759808072, 0.9984904644327259, 0.9992661407658373, 0.998524161630489, 0.38319267109027794, 0.9290013226003835, 0.9990957815082175, 0.9290013226003835, 0.91152178988886, 0.626484228357513, 0.9174562648478014, 0.8892651947705568, 0.6872214801528204, 0.4186824662311002, -0.07264410258066771, -0.21204361236255836, 0.9235792393594621, 0.4113262995321705, 0.9692755242474722, 0.96114795486827, -0.09105970366143003, 0.8230550406974493, 0.7991370918436996, 0.8460608610395346, 0.7923108870654705, 0.7620131289407565, 0.7923108870654705, 0.7520999745914525, 0.7591702924829565, 0.7605883988478558, 0.7591702924829565, 0.8329467225784609, 0.30052549528916855, 0.5183075759072028, 0.6053041400466902, 0.5183075759072028, 0.5184084085532825, -0.36650199537581984, 0.4786298394330405, -0.6631823230225045, 0.39487676522638954, -0.13391285489256247, 0.36402480987075286, -0.13391285489256247, -0.15390016221530475, 0.807259687960019, 0.8137994480006064, 0.8044970395545973, 0.7344726372971717, 0.40364341256238095, 0.8109369663111229, 0.8132569653799535, 0.8109369663111229, 0.7183292762342578, 0.7183292762342578, -0.2555160938967219, 0.6880984409552754, 0.2561267051095536, -0.5798964735776412, -0.6111508141973356, -0.6140912466520159, -0.1007085031392551, -0.010936620950767962, 0.36171610648389313, 0.09458028980026066, -0.41005764897350355, 0.10710425409360917, -0.8234967871543151, -0.11447248967040302, 0.029975087478098263, 0.030769311733544275, -0.592746605067369, -0.6048033474957639, -0.04475445141700319, -0.5787509576753006, -0.8423477920863089, -0.34059134377222583, -0.16539278087798573, -0.34059134377222583, -0.27305265644256005, -0.31402133440844554, -0.31402133440844554, -0.836478328084434, -0.836478328084434, 0.364150982102528, 0.6004616384146667, 0.4943668362051495, 0.8095099995762058, 0.7578433068257727, -0.313501012575649, 0.0570233563130994, 0.7665455877721082, 0.7858758292687986, 0.7665455877721082, -0.14158765448571414], [0.9934921933898057, 0.9851037301258153, 0.5902460739166752, 0.9950847282283145, 0.9978206840788043, 0.9934921933898057, 0.9940919434152315, 0.9866707822309138, 0.9981010912669542, 0.9515453629797496, 0.9985217829171789, 0.9949149494873644, -0.12396099523197, 0.99747809