var element=document.getElementById("correlationClose");if(element.style.display!='none'){var correlationClose={"data":[{"type":"heatmap","z":[[1.0,0.9999835888043609,0.5773154574994221,0.9997040886828067,0.9975143556477053,1.0,0.9909680421464373,0.9865958310772844,0.9916247378598719,0.9733089015190659,0.9825435491392607,0.991012087756504,-0.126127507254126,0.991076348260192,0.9763518869703026,0.9733416459552451,0.4413201311194981,0.9920735042235712,0.9920588063654574,0.9840502436065103,0.9909991052910986,0.4467396418556351,0.6707839309326253,0.9781729176515706,0.9781503474780905,0.9619130380950998,0.31231945099518854,-0.12041771228408696,0.9898100998350964,0.989769271287078,0.2801258914416645,-0.1999256699451711,0.993845946906876,0.9946980929330305,0.8139515834117356,-0.3885371420498533,0.9878526988804585,0.9944741892901002,0.9782413392981952,0.423506633848873,0.9940287145428469,0.994015221120966,0.9940287145428469,0.8880061451322109,0.6683389776410351,0.8687549184637046,0.8823388125480391,0.792278131416153,0.38662649800622945,-0.13575423687599433,0.19176666256054467,0.9452442259444901,0.4563288490967127,0.9768092171963093,0.971087129435282,0.9159174161275595,0.9131029645180263,0.9338641123997715,0.9103306320478136,0.930692903826087,0.9314632925628449,0.930692903826087,0.8468578335784381,0.9072071129240863,0.9082946857204572,0.9072071129240863,0.8978438991467064,0.7378392587512334,0.8725415131885986,0.8741399692350289,0.8725415131885986,0.6226516879759799,0.31137966660281186,0.5997909560248217,-0.592685187110185,0.4964869895404276,0.5482283564760541,0.5495392615712361,0.5482283564760541,-0.10270149563218159,0.8851126498704842,0.9171236971928524,0.8989324101771645,0.917403487944957,0.43578782859389364,0.882110089601759,0.8832791728080623,0.882110089601759,0.8911871641241671,0.8911871641241671,-0.15712010466709733,0.558296054465389,0.1935425372843453,-0.5692910432108579,-0.5646725055281795,-0.5682887314416428,-0.04559921228070871,0.06280318141352588,0.2564050613613837,0.12777455148316602,-0.3966691086693482,0.05143905015092815,-0.7930702494908504,-0.21493808078570784,0.12666839932676188,0.1267931994131409,-0.543736434278623,-0.6038989178444164,-0.21682977911606063,-0.4897253168457416,-0.8286209961277158,-0.35313806708164913,-0.34433443474079917,-0.35313806708164913,-0.18643760155110178,-0.26180171584626566,-0.26180171584626566,-0.8169375895407321,-0.8169375895407321,0.39883506788703943,0.6559829185631216,0.8720407571302349,0.8509685066711203,0.7877470956665221,-0.253605384505056,0.7657705945583917,0.8062281757298844,0.8064637202387548,0.8062281757298844,-0.23537332359271187],[0.9999835888043609,1.0,0.9703064492572263,0.9992397484986623,0.9939452539262371,0.9999835888043607,0.97863542131364,0.9699495887508529,0.97842520780154,0.9595187399662739,0.980542870503094,0.9786852857089967,0.9786465866103794,0.9784709618520606,0.8966252495835786,0.8856606999643614,-0.27872153903551433,0.9839084141506127,0.9838808810364245,0.9787469492084334,0.9787387592528448,-0.13938358072191034,0.9690655873335033,0.9719838207118041,0.9720525313185854,0.9621323723741615,0.05399003865043447,0.15316692366074483,0.9762316385440883,0.9762889987118076,0.9716075232156935,0.14683877873705659,0.9878401718684454,0.9879130276243507,0.9886736024166366,0.980726814241048,0.9863094772011409,0.9878876254167609,0.8970689447858714,-0.28520425584501974,0.9887461484966457,0.9887279218417374,0.9887461484966457,0.8879696079567083,0.5444113341709681,0.8688273655158811,0.8821371141530095,0.7915626513172366,-0.43448757065602006,-0.5454080858509872,0.8273930355645653,0.8561165595622272,-0.18731883285979134,0.9339744098380403,0.9340590991861208,0.9256826839709865,0.9353880837221795,0.9137237697778866,0.9133777206501748,0.9203397266708258,0.9210540213396531,0.9203397266708258,0.7820055534884878,0.7427365297617599,0.7449977569922861,0.7427365297617599,0.9296839858260488,0.9346994296668225,0.929583306647418,0.9307599075129577,0.929583306647418,0.4534545954217116,0.39428774226546304,0.5148398259238868,0.61942823441833,0.500649902539975,0.5401188574371361,0.5410166565120461,0.5401188574371361,-0.2191399111089218,0.8716159137897248,0.9073206205446765,0.8941951751225901,0.9326848067541622,-0.1037540844178057,0.865884678696972,0.8662839932319629,0.865884678696972,0.8768630308450942,0.8768630308450942,-0.25856234971517966,0.5578930479752546,-0.3785683951944711,-0.6665785287069103,-0.46841266428047995,-0.4718620991557664,-0.3121529822538871,0.2269040652879577,-0.22075700458124534,-0.404582636806364,-0.6034556407959023,-0.29338105169889633,-0.4986072851337345,-0.34746667000023074,0.10179316184218352,0.09719268730367465,-0.49110043657044894,-0.44725451507982394,-0.4754224122897173,-0.5050982953096693,-0.4975397010530824,-0.4775023000511505,-0.48080940318673737,-0.4775023000511505,-0.3591391103464336,-0.5007919984380901,-0.5007919984380901,-0.47374059339830993,-0.47374059339830993,0.3984702596454725,0.4105766886798244,0.5177889064258071,0.5993972605331747,0.5737510987071095,-0.3955432807481134,0.37870017611870804,0.368757594234672,0.3688510390146757,0.368757594234672,0.11241383719807847],[0.5773154574994221,0.9703064492572263,1.0,0.5710958187909249,0.46395755705127684,0.577315457499422,0.5654694885733076,0.5541029490292967,0.4686499854319963,0.41005423622100323,0.9966694018321604,0.5654888813820379,0.5134123413087973,0.5658122783787376,0.5525055609985263,0.5842958698947643,-0.1120150515682751,0.5122622554105811,0.5113547275559857,0.4655910996292801,0.564386394545258,0.21187821393832168,0.7046421395429094,0.533397896085626,0.5331187514233338,0.984234948016525,0.2976665116458165,0.17724880023012618,0.5299931418828158,0.5295008674328108,0.7656113045119194,0.011786345094643144,0.563510963185933,0.4671409811547339,0.5484427665240226,0.35601456579202256,0.9940269740800223,0.4551128898980098,0.5500159322116724,-0.11851485213599572,0.5795968083093052,0.5615346402363772,0.5795968083093052,0.8929540763349547,0.3893133562145967,0.9055742082314985,0.8713381474466675,0.6523668286134101,0.20093322134166386,-0.016093722800877938,0.0563531265309816,0.43035105083472314,-0.07450879444251568,0.5206011205574441,0.457008610171025,-0.06825475425958076,0.6973243540642002,0.6491043320802256,0.49515244948671305,0.655399324346884,0.7160014121020928,0.655399324346884,0.34574688125735054,0.5494955480641588,0.6460509004843106,0.5494955480641588,0.5706649636200121,0.6249134561773821,0.6660892992153998,0.7361302206232471,0.6660892992153998,0.21516929526737305,-0.08496311931807968,0.2342977420572637,0.14283180173203028,0.23433173900801582,0.26181789043657683,0.4009179907325178,0.26181789043657683,-0.17396379760530395,0.45119638139200563,0.8137845646474734,0.5361364370664441,0.7324578483046695,0.06694848232737882,0.5158490046487181,0.5159015474076124,0.5158490046487181,0.6360341421348603,0.6360341421348603,-0.2823239337061072,0.7223475756209826,-0.2231947535381343,-0.5565118470274184,-0.3925576207765822,-0.39614522075636177,-0.3940778098707055,0.019864969184632448,0.023994952418611944,-0.26589742752251155,-0.5389632728025148,-0.13774309713759,-0.23271153339713696,-0.21337258819095858,-0.018847692119802206,-0.022658203681531156,-0.4524155232750841,0.005154813606213552,-0.22310938652933365,-0.485989770129555,-0.11924290570137698,-0.36152804087852636,-0.23760671705784808,-0.36152804087852636,-0.4278890803856611,-0.5078791114173952,-0.5078791114173952,-0.244251108283146,-0.244251108283146,0.3269743732865407,0.13959542054724394,0.24722681687512515,0.4907448548409543,0.22235403697070089,-0.3118077546316555,-0.03593182518851269,0.44790108099165893,0.561603968704826,0.44790108099165893,-0.04367958041696814],[0.9997040886828067,0.9992397484986623,0.5710958187909249,1.0,0.9986562335389731,0.9997040886828065,0.9925474999895513,0.9886543960685324,0.9935403891952191,0.971104559599463,0.9874159672056941,0.9925796729496796,-0.13041400949340512,0.9926163887844189,0.9777843218431981,0.974774673910838,0.42705929124015757,0.9934301507983486,0.9934176996955063,0.984465607280885,0.9925586135050243,0.4380166940425316,0.6742276384900467,0.9811061616585246,0.9810838872495493,0.9718675398087737,0.3074936342075685,-0.12765170350300156,0.9895184595339496,0.9894878771238463,0.27177587625862204,-0.20070022081797687,0.9946297503435957,0.995760171887496,0.7738823309956798,-0.3942265871895474,0.9914171252000752,0.9957759303450024,0.9787594559511955,0.40888194083498547,0.9922375394348348,0.9946996104650082,0.9922375394348348,0.8863840202361484,0.6555892602324397,0.8767333738246217,0.87908610476099,0.7699432800740574,0.38113341718051236,-0.14170281933565174,0.18528141657491443,0.9394674553740171,0.44020597299250847,0.9724902394515993,0.9682554313409893,0.8919870734642916,0.9044092861337798,0.9190358541114851,0.9053441759187882,0.9112732477411553,0.9123428052291737,0.9112732477411553,0.8370981143998679,0.8936893829970445,0.8948855483391778,0.8936893829970445,0.8934988534940895,0.6711777681299522,0.8288638434929267,0.8304998690224895,0.8288638434929267,0.6126409909078246,0.10319810003352929,0.5878217190523332,-0.5978405694984732,0.48993233973945366,0.2892959137753259,0.5175259673118817,0.2892959137753259,-0.10962905094338522,0.8784346194980316,0.9066867266279898,0.8890511351921127,0.8910804043049939,0.42235590929239253,0.8764103543902668,0.8777464515368982,0.8764103543902668,0.8691425253568013,0.8691425253568013,-0.16332124775508472,0.5848971754743439,0.19828403852812224,-0.5799675227830349,-0.5724970514185028,-0.5760186136367946,-0.058273758601830865,0.05728072505170961,0.2491944141376622,0.1148687769827764,-0.40953021276075713,0.044757192210226816,-0.7998356395884371,-0.22302458938562428,0.11553062793140699,0.11570176947442769,-0.5512787273662046,-0.60076866423392,-0.2186081178108168,-0.502041220563016,-0.8310452445421963,-0.35501393616782356,-0.34677877168802046,-0.35501393616782356,-0.1959544326729494,-0.27209361924004266,-0.27209361924004266,-0.8172128977986205,-0.8172128977986205,0.38555487897696744,0.6440198295245041,0.8644773124539935,0.8434670576082078,0.7804814447346298,-0.26725995524934065,0.7568926478510759,0.7976534470928129,0.7978917774451367,0.7976534470928129,-0.22023399917156364],[0.9975143556477053,0.9939452539262371,0.46395755705127684,0.9986562335389731,1.0,0.9975143556477053,0.9968111252101222,0.9948760171905475,0.9969988265313005,0.9608823172770092,0.9954430838382486,0.9968303820120956,-0.3392713090217049,0.996861353864272,0.9740625167543733,0.9666533852624651,0.2306567908529993,0.997395905036221,0.997389743055115,0.9862024939997625,0.9968164197778938,0.0726689774257494,0.6362545653575384,0.9907061135673618,0.9906622198756307,0.9851356179925796,0.058159715767720825,-0.11254077282286172,0.9876534249700915,0.9875890298500355,-0.04187467389548332,-0.09809289711612286,0.9977204886852314,0.9976560919753847,0.7515682302959925,-0.5351632340273441,0.9971821961861421,0.9979170541220956,0.9727806679647671,0.20682444478281922,0.9976734473642498,0.9976739785527494,0.9976734473642498,0.9014735786232934,0.6164900477498443,0.897967408703166,0.8830161242725827,0.7369058402977139,-0.09947134044061305,-0.5809072477025455,-0.23457914371058458,0.9248833231882164,0.2950132708648124,0.9660988175515751,0.9661516762604273,0.8865101053936211,0.8823011885119434,0.9049196754924407,0.8904449051023613,0.9030410877940432,0.9034632996148017,0.9030410877940432,0.8072686861107496,0.8368436300366867,0.8382256330571981,0.8368436300366867,0.8804232056906819,0.773811403993717,0.8602299090026337,0.8612209680088379,0.8602299090026337,0.5638238691287327,0.42808586714856717,0.547185995197343,-0.6410370993617325,0.5444839955398946,0.5216607081973925,0.5211504957490773,0.5216607081973925,-0.13016220172538792,0.857407585253277,0.8762739302358687,0.861513213991218,0.8962992723051221,0.2776228299278474,0.8585637213945231,0.8598729629847924,0.8585637213945231,0.8665477952983361,0.8665477952983361,-0.20625481662032158,0.6431240297264211,0.05211089659852825,-0.6150029903542634,-0.629673838431415,-0.6300477592367796,-0.09433043843894345,0.07919268683298256,-0.14987180197547767,-0.13817360452832692,-0.49560281706700887,-0.3279136262152218,-0.8625937011703797,-0.5206381527866042,0.08147511512080255,0.08147806871023211,-0.5817710130613187,-0.5923065190992832,-0.5158974389275081,-0.5449543783627122,-0.797731621957856,-0.5717115049627467,-0.5744341112904378,-0.5717115049627467,-0.23982297431106075,-0.3107283058403724,-0.3107283058403724,-0.7638279466040535,-0.7638279466040535,0.365706982848174,0.6225281275863394,0.8142600938077461,0.7890537655847049,0.7675392313102292,-0.4054923844903198,0.6062322187034712,0.688191907341739,0.6884999321693179,0.688191907341739,0.01251805418612892],[1.0,0.9999835888043607,0.577315457499422,0.9997040886828065,0.9975143556477053,1.0,0.9909680421464373,0.9865958310772844,0.9916247378598719,0.9733089015190659,0.9825435491392607,0.991012087756504,-0.126127507254126,0.991076348260192,0.9763518869703026,0.9733416459552451,0.4413201311194981,0.9920735042235712,0.9920588063654574,0.9840502436065103,0.9909991052910986,0.4467396418556351,0.6707839309326253,0.9781729176515706,0.9781503474780905,0.9619130380950998,0.31231945099518854,-0.12041771228408696,0.9898100998350964,0.989769271287078,0.2801258914416645,-0.1999256699451711,0.993845946906876,0.9946980929330305,0.8139515834117356,-0.3885371420498533,0.9878526988804585,0.9944741892901002,0.9782413392981952,0.423506633848873,0.9940287145428469,0.994015221120966,0.9940287145428469,0.8880061451322109,0.6683389776410351,0.8687549184637046,0.8823388125480391,0.792278131416153,0.38662649800622945,-0.13575423687599433,0.19176666256054467,0.9452442259444901,0.4563288490967127,0.9768092171963093,0.971087129435282,0.9159174161275595,0.9131029645180263,0.9338641123997715,0.9103306320478136,0.930692903826087,0.9314632925628449,0.930692903826087,0.8468578335784381,0.9072071129240863,0.9082946857204572,0.9072071129240863,0.8978438991467064,0.7378392587512334,0.8725415131885986,0.8741399692350289,0.8725415131885986,0.6226516879759799,0.31137966660281186,0.5997909560248217,-0.592685187110185,0.4964869895404276,0.5482283564760541,0.5495392615712361,0.5482283564760541,-0.10270149563218159,0.8851126498704842,0.9171236971928524,0.8989324101771645,0.917403487944957,0.43578782859389364,0.882110089601759,0.8832791728080623,0.882110089601759,0.8911871641241671,0.8911871641241671,-0.15712010466709733,0.558296054465389,0.1935425372843453,-0.5692910432108579,-0.5646725055281795,-0.5682887314416428,-0.04559921228070871,0.06280318141352588,0.2564050613613837,0.12777455148316602,-0.3966691086693482,0.05143905015092815,-0.7930702494908504,-0.21493808078570784,0.12666839932676188,0.1267931994131409,-0.543736434278623,-0.6038989178444164,-0.21682977911606063,-0.4897253168457416,-0.8286209961277158,-0.35313806708164913,-0.34433443474079917,-0.35313806708164913,-0.18643760155110178,-0.26180171584626566,-0.26180171584626566,-0.8169375895407321,-0.8169375895407321,0.39883506788703943,0.6559829185631216,0.8720407571302349,0.8509685066711203,0.7877470956665221,-0.253605384505056,0.7657705945583917,0.8062281757298844,0.8064637202387548,0.8062281757298844,-0.23537332359271187],[0.9909680421464373,0.97863542131364,0.5654694885733076,0.9925474999895513,0.9968111252101222,0.9909680421464373,1.0,0.9972211456383361,0.9999683591083633,0.9522343425097195,0.9996014322528493,0.9999962184869227,-0.14399484015383854,0.9999925664714034,0.9897121448152405,0.9835969668781033,0.37861306228435593,0.9998392828967053,0.999839400652277,0.9886422365038351,0.9999964169426779,0.3449876715943123,0.6751743671851242,0.9844193877183969,0.9847227455800108,0.9864456374285877,0.22955971440600537,-0.18621083810532485,0.9920821147351414,0.9918229108027967,0.17182675670140332,-0.25070467029286064,0.999298210020242,0.999391470724585,0.3583742638324366,-0.3271685826862171,0.99871946151898,0.9993089808394326,0.9868545341604976,0.3589251787089005,0.9326598727408497,0.9990269424786385,0.9326598727408497,0.9102229065248101,0.6203922000417817,0.9200730135290089,0.8922721694882096,0.6913001987059569,0.4131533402217589,-0.08405111900164255,-0.2104633474434368,0.9235138983785004,0.39926034413612776,0.968268764311499,0.9613564137450993,-0.07941274373519389,0.83324227299396,0.8047737757297416,0.8520702115362305,0.7982289477482027,0.7653280671533321,0.7982289477482027,0.7638776532393641,0.765552590539591,0.7631042330827746,0.765552590539591,0.8396202807219071,0.31517310923808184,0.5310786274913765,0.6120653006553501,0.5310786274913765,0.5315331989557381,-0.36061905143781603,0.4935361762930652,-0.6608933206253561,0.4121660695614811,-0.12673308431581584,0.37423317722107435,-0.12673308431581584,-0.15364251142770324,0.8152378421941839,0.8259245328277668,0.8146145453463335,0.7383242423083577,0.3729001422777957,0.8180150916483505,0.819915108678713,0.8180150916483505,0.7264409871088853,0.7264409871088853,-0.24322693833378897,0.6921356384725357,0.2526711372362641,-0.5975641836352701,-0.615363488713971,-0.6184108039475131,-0.10958867709774568,0.0051682147760085196,0.3539686948565834,0.07645271973187254,-0.4357406958114682,0.09658267464335915,-0.826992078989969,-0.12651311805124205,0.0441440093788516,0.044389059035566475,-0.5968468997222832,-0.6068823177340208,-0.058058840079570836,-0.581752383024739,-0.8434223223816388,-0.3511808219886059,-0.1782316631676934,-0.3511808219886059,-0.2751660469785455,-0.32158570644542567,-0.32158570644542567,-0.8366681447978409,-0.8366681447978409,0.3633839239533646,0.6002131467349366,0.4985197154620464,0.8066688343388031,0.7574648651338663,-0.3249198258789132,0.06001578388706446,0.7626051194836274,0.7813157856902365,0.7626051194836274,-0.1453111929450685],[0.9865958310772844,0.9699495887508529,0.5541029490292967,0.9886543960685324,0.9948760171905475,0.9865958310772844,0.9972211456383361,1.0,0.9994773135034795,0.9439966623150837,0.998331437328343,0.9980178874929004,-0.1532513962460968,0.9990215562292799,0.9883674532735819,0.9759352817821981,0.3564987333791985,0.9990723431409878,0.9990739749010632,0.9857391364033128,0.9991799320486129,0.31789118825758605,0.674610128870349,0.9919637110200892,0.9824482969251735,0.9822799712725453,0.20999129520313858,-0.2010847669892331,0.9883602593123946,0.9917722900868211,0.15151649126523312,-0.2575793832405067,0.9981541283690768,0.9980607760707989,0.3377478328627352,-0.33462551049858286,0.9961988298884037,0.9979049096397673,0.9860330750320593,0.33632763808224747,0.923938970168623,0.9979839867136318,0.923938970168623,0.9075571111013009,0.6044491104799924,0.920468782183473,0.8881335143140892,0.6640420012952898,0.3996211506942347,-0.0998634203495084,-0.2241424637609881,0.914177244363806,0.3780879782467725,0.9634436275828314,0.9557176747784147,-0.09031222010719041,0.8186962233132508,0.7863228490877351,0.8419198174774706,0.7809990360082454,0.7517936463922934,0.7809990360082454,0.7491235448020456,0.7444746816339385,0.7483394423217153,0.7444746816339385,0.8297483401078595,0.29347441836368976,0.508114240640912,0.5939548777969221,0.508114240640912,0.5162307772818348,-0.3765323451432946,0.4764053695495,-0.6700163980360062,0.4023495087795557,-0.15050370525000561,0.3559473433695935,-0.15050370525000561,-0.16101253186287107,0.8032894155403776,0.8069908864990651,0.7990149936363897,0.7221744808148957,0.35534222186751946,0.8067113034565818,0.8088360884315849,0.8067113034565818,0.7062787138092314,0.7062787138092314,-0.26019122195388644,0.7214478222197259,0.2606836311532623,-0.6076557216806747,-0.6294674740338387,-0.6323152715765654,-0.12537018251771295,-0.0035976877220048114,0.34701925465127215,0.05664223193199772,-0.44944816808091853,0.08714968617289971,-0.8340240786834635,-0.13314847513838599,0.027367414953271666,0.02762762391970751,-0.6097148639424792,-0.6082338543035999,-0.06506506904921988,-0.6005451365670554,-0.8438385156103619,-0.3634294660700924,-0.18462649696568584,-0.3634294660700924,-0.29431848238196334,-0.3364765113429545,-0.3364765113429545,-0.8354690587467456,-0.8354690587467456,0.33998255371605246,0.5819608968502947,0.4788014655948314,0.7881484363509403,0.7438842688524008,-0.3482169459022359,0.04513581831456657,0.7428152440720781,0.7651398519030794,0.7428152440720781,-0.1274213632956001],[0.9916247378598719,0.97842520780154,0.4686499854319963,0.9935403891952191,0.9969988265313005,0.9916247378598719,0.9999683591083633,0.9994773135034795,1.0,0.9510073776619948,0.9995497664022104,0.9999693614912303,-0.3151481141939342,0.9999738426104038,0.9800213041272193,0.9705965192818561,0.27094305185646783,0.9997824372520809,0.9997830261307832,0.9884449980101015,0.999966275771212,0.1205519133290261,0.6338995527881544,0.994247903883985,0.9941938926013814,0.986237180334703,0.04034834722822794,-0.12597064574557265,0.9906245220952348,0.9905870605714201,-0.024321369676904896,-0.21117274793582394,0.9993210557606956,0.9992785649141127,0.7630632416458095,-0.5250950922173587,0.998631764309626,0.9992876286876934,0.9771688926893697,0.24778886672608177,0.9991635772064004,0.9991689954718493,0.9991635772064004,0.9100402243090289,0.6213315616134546,0.9194828811396806,0.8912956935441317,0.6906458884873764,0.00772936951367589,-0.527292958886267,-0.18435927058289794,0.9186573986017662,0.34763449469299995,0.9624804548547311,0.9615758567080156,0.858157000928041,0.8339452024927957,0.8775493367560323,0.852867181813447,0.8757271205935468,0.8764596914933172,0.8757271205935468,0.7628193583161541,0.8181274352474625,0.8198457316671564,0.8181274352474625,0.8409562488499716,0.7340044140206388,0.829181261236512,0.8306404617217938,0.829181261236512,0.5306522647534172,0.3524976723593232,0.492413601764551,-0.6883055321143771,0.47083977081149503,0.43470345304943325,0.43472883848070765,0.43470345304943325,-0.11046553603847159,0.8156154222401429,0.8256800596152241,0.8147923825651466,0.8686085182754004,0.2981755783918459,0.8239602972363044,0.826322640944341,0.8239602972363044,0.8319611473769654,0.8319611473769654,-0.24547858194671324,0.6921794806350408,0.07657621972502106,-0.609916624950036,-0.6563477441156595,-0.6572373987605981,-0.11326080492990903,0.007231579599195572,-0.1569808085818016,-0.10828781099036727,-0.4831731124366431,-0.3586852787339941,-0.8771826453020832,-0.5592314736682988,0.04248182040282614,0.043501833908312616,-0.5987612781032837,-0.602985650451931,-0.5254831765772794,-0.5838886566952703,-0.818046436454943,-0.5953021475682503,-0.5974145614730584,-0.5953021475682503,-0.2776928067979003,-0.32521290126890223,-0.32521290126890223,-0.7976230185776865,-0.7976230185776865,0.36358365586003405,0.5988109687115066,0.8220741118911301,0.8008203904537553,0.7558252247601579,-0.35367247792315626,0.6397912624473565,0.709393272898731,0.7095518519008376,0.709393272898731,0.09558668922517032],[0.9733089015190659,0.9595187399662739,0.41005423622100323,0.971104559599463,0.9608823172770092,0.9733089015190659,0.9522343425097195,0.9439966623150837,0.9510073776619948,1.0,0.9258166874357031,0.9522671904541181,-0.2525533231860609,0.9519248052222299,0.917440593028361,0.907761493159661,0.07588501820129391,0.9577635514228253,0.9577398749880838,0.9524103203081709,0.9524012095557648,0.049082782345805584,0.6814832862036194,0.954173787744644,0.9543862585043154,0.8316940570546867,0.14268330752195799,-0.10817699453757403,0.960730341159415,0.9608605790032383,0.12347517404455242,0.06007033794934373,0.9620688304730396,0.9623554729927295,0.8554934304971379,-0.447099804323808,0.9372847852569397,0.9612182591691105,0.9245747321024962,0.05330052705901442,0.9634320249290879,0.9633954974212043,0.9634320249290879,0.785212806418386,0.41660655567505883,0.752162009456321,0.8626519379050827,0.8319370475710627,-0.5529533474723403,-0.6864619886328314,-0.3017448183728163,0.8693376284853636,0.06314779105050376,0.9038116594584158,0.9038620056246898,0.8619108610371812,0.8567469362398036,0.8870202992043483,0.8650242944317981,0.8790284275614862,0.8798387677168744,0.8790284275614862,0.8061688728125707,0.7848857304911669,0.7869824152506093,0.7848857304911669,0.8573515914257818,0.8769371969587648,0.8554978366518828,0.8562726110643814,0.8554978366518828,0.6285422815270004,0.5483616988017418,0.6298293039120589,-0.4066506668508507,0.6511717451991963,0.6717168190179933,0.6747714052528277,0.6717168190179933,-0.26873668044258614,0.8621943831945295,0.9222607777155352,0.8798835550294846,0.8777063572784264,0.17083357644789923,0.8543874503141915,0.8557109229150149,0.8543874503141915,0.8658664830985745,0.8658664830985745,0.013529137408474114,0.3047983311631178,-0.09120710738833543,-0.5201650237903468,-0.40350460799016263,-0.40549273348499176,0.05118809799827788,0.3906303862221335,0.09149613667411025,-0.04458361731831785,-0.37262505918543587,-0.004129910453080338,-0.8109630135399395,-0.16581075930644584,0.27918667003161346,0.2783544884056696,-0.3645664957989449,-0.4389379453824942,-0.3200467406517678,-0.32621193983216173,-0.6843040720218628,-0.34105506476532627,-0.34311302608811667,-0.34105506476532627,-0.06919386676307533,-0.35905105240388113,-0.35905105240388113,-0.5389059713347422,-0.5389059713347422,0.5639573523299788,0.6706945122130195,0.7601762271328524,0.671321904781246,0.8368611230587751,-0.44932581413090994,0.38540283515247686,0.5606784212041779,0.5609590838901988,0.5606784212041779,-0.22848211426758014],[0.9825435491392607,0.980542870503094,0.9966694018321604,0.9874159672056941,0.9954430838382486,0.9825435491392607,0.9996014322528493,0.998331437328343,0.9995497664022104,0.9258166874357031,1.0,0.9995987961415921,0.9995950874507789,0.9995513875107388,0.9293122082062566,0.910731241598634,-0.39169423599017744,0.9997428227834892,0.9997467011966165,0.9996057929349329,0.9996057217346104,-0.2601004887251672,0.9629231342004713,0.9926457932699165,0.992619680159476,0.9893291904735905,0.03197172402681162,0.08313032089307891,0.9894657290557055,0.9895184756508857,0.9722935018267255,0.02022794151314838,0.9987392740635747,0.9986822959706505,0.9984979400792939,0.9992572138256646,0.9992173731995964,0.9987425516623906,0.9193833540770674,-0.40191142590649587,0.9984358323827961,0.9984468245330473,0.9984358323827961,0.9036521201112188,0.4740483723808962,0.9151904941878598,0.8891531522655253,0.6919891424363493,-0.5322148935632692,-0.6559423706423897,0.7933140284914394,0.8073767784003847,-0.29694274335826076,0.9220390018574323,0.9222381860417354,0.8576053385867981,0.8671825409369552,0.8346438123691499,0.8372301373420484,0.843727735050024,0.8446485461362742,0.843727735050024,0.6728998009294177,0.6275494921839923,0.6302374555773556,0.6275494921839923,0.8679696772052352,0.8768890902570853,0.8665554175514278,0.8680026540369047,0.8665554175514278,0.3230538221758316,0.2528339636746833,0.3804931458161575,0.5043790784392644,0.3760834123484093,0.4232891297232171,0.42594447470558666,0.4232891297232171,-0.412435862131185,0.7800024450699803,0.8300550679445194,0.8103644234959182,0.8663332269279552,-0.1566755106768838,0.7730469078137986,0.7735850750392641,0.7730469078137986,0.7872876750060389,0.7872876750060389,-0.30568038963775723,0.683568630561151,-0.3977717378563447,-0.7032648170180519,-0.5476505730470046,-0.5499739576019924,-0.37176502545841034,0.16045154095202616,-0.27669163159643406,-0.45305243800765455,-0.648541532286075,-0.35469578144306874,-0.6214979907500551,-0.42062670281154335,0.03148563253403855,0.027822353032925684,-0.5657478684749103,-0.5311001288976882,-0.5500525021543078,-0.5842016034558344,-0.5784009836601265,-0.5532469362457315,-0.5562612403781791,-0.5532469362457315,-0.43961989409525687,-0.6061813353560038,-0.6061813353560038,-0.6072183348344691,-0.6072183348344691,0.35871915881378535,0.353933464278278,0.47037738477998436,0.5524971302485073,0.5496934234948279,-0.5537035297036434,0.29423240284181934,0.31288421209555733,0.3130497214740684,0.31288421209555733,0.2174199539469103],[0.991012087756504,0.9786852857089967,0.5654888813820379,0.9925796729496796,0.9968303820120956,0.991012087756504,0.9999962184869227,0.9980178874929004,0.9999693614912303,0.9522671904541181,0.9995987961415921,1.0,-0.14366137191466868,0.9999944245539741,0.9897046898350715,0.983569110757838,0.3786974806653015,0.9998406917099489,0.9998407841208579,0.9886850100258969,0.999997050519987,0.3453190215107068,0.675247880951698,0.9898417994025842,0.984711776918811,0.9864275132397743,0.22983911466069476,-0.18615466682997664,0.9920841366297343,0.9918350234604536,0.172072269706001,-0.2506713418987009,0.9993004394068449,0.9993958465751004,0.3583471711942789,-0.32694807136271464,0.99872135773688,0.9993175960911861,0.9868446462213137,0.35901651340139445,0.9326428588232493,0.9990298685701424,0.9326428588232493,0.9102494916023106,0.6205509559063435,0.9203083713915702,0.8925020036897815,0.6914521530095915,0.4135601836162905,-0.08358409726319986,-0.21008212347072594,0.9235987905332601,0.3993501952752912,0.9683658874048432,0.9614277490294487,-0.07921421566068441,0.8334064142541243,0.8048832286855943,0.8521921628288652,0.7983360794117756,0.7652670818243709,0.7983360794117756,0.7639586740098017,0.765615025426625,0.7630374324004064,0.765615025426625,0.8397837928885233,0.3150418772185862,0.5310893990794496,0.611973537444832,0.5310893990794496,0.5314741400854919,-0.36063970001709056,0.4934914573870908,-0.6607829632556982,0.41205077298571796,-0.1268654832002661,0.3742740387264677,-0.1268654832002661,-0.15379380997028738,0.8153130407234677,0.8260696973248184,0.8147154732119872,0.7383161480932798,0.37299197635482856,0.8181030584331844,0.8199975239558843,0.8181030584331844,0.7265206460430993,0.7265206460430993,-0.2432091179912047,0.6921426836075444,0.2527911355032032,-0.5975760803598461,-0.6152767887895684,-0.6183296135215315,-0.10967166215761041,0.005019387440111227,0.35414423205055784,0.07647900124851734,-0.4357792440567813,0.09685019165285555,-0.826715090220308,-0.12621339997894607,0.04418454227362043,0.04444446360590516,-0.5968349836006079,-0.6066934477696226,-0.05780180517759009,-0.5817300503774953,-0.8433096231101351,-0.35094553557860725,-0.1780173732102687,-0.35094553557860725,-0.27502072826089585,-0.3215460678821113,-0.3215460678821113,-0.8366120073825846,-0.8366120073825846,0.3638856347079049,0.6003653260091234,0.4987756544439268,0.8069344761358452,0.7575525771508789,-0.32468913482257744,0.06030772736625708,0.7628628660387317,0.7814369265085189,0.7628628660387317,-0.1453362444562147],[-0.126127507254126,0.9786465866103794,0.5134123413087973,-0.13041400949340512,-0.3392713090217049,-0.126127507254126,-0.14399484015383854,-0.1532513962460968,-0.3151481141939342,-0.2525533231860609,0.9995950874507789,-0.14366137191466868,1.0,-0.143040691001282,-0.14444234635260958,-0.1207048041467437,-0.2940146831933539,-0.14447984776182934,-0.14498332096269073,-0.2664458584313626,-0.14458015979511743,0.026584097100808425,0.3093680129830547,-0.17747045035244308,-0.17780672712582113,0.9864072898351448,0.24937058839111745,0.18657616031381882,-0.18081079682954804,-0.1814255698247787,0.5377623873633286,0.12110629877583962,-0.14190341277003837,-0.30053361988727595,0.16895382614311474,0.9590375347426248,0.99871969958918,-0.33185615237785104,-0.14215460113625705,-0.28394083329627007,-0.14222948490125245,-0.14315463603371073,-0.14222948490125245,0.9103293786394009,-0.11754615230585741,0.9202825690775108,0.8924484288091055,0.691438962320303,0.08451292272485086,0.25318801858908857,0.6446758051504963,-0.2631999765936736,-0.2972658671353941,-0.06229390196531365,-0.29712809924511213,0.03260598184910155,0.28576619235322764,-0.01567795854727273,-0.2959328283120173,-0.013449849982376591,-0.0037662195325284366,-0.013449849982376591,-0.40135809265542355,-0.10112178432118078,-0.1032622871264103,-0.10112178432118078,-0.19466553760093216,0.07398816109321278,0.05099811368763259,0.050943240769812395,0.05099811368763259,-0.40471159047575495,0.006896672940801741,-0.36881722868409356,0.6204642194943668,-0.33717441839410717,0.009012598601775109,-0.056830471248320795,0.009012598601775109,-0.30710063725696557,-0.3303463647930529,0.8260413217535184,-0.10577771030829165,0.01940020951310121,-0.22126708553069124,-0.2539584002913203,-0.25348594765276655,-0.2539584002913203,-0.021824589327094725,-0.021824589327094725,-0.22370896704556067,0.6920734743169551,-0.16168438189602624,-0.023553486104130626,0.1954331521943382,0.19398456038517875,-0.25254531863508,-0.007808368645129178,0.019640169626649537,-0.1754309235360631,-0.11398810909620435,0.040899156446828025,0.38191686832095656,0.11254516278098549,-0.03908233279843764,-0.04303080829958873,0.08381857859817884,0.5687870714011407,0.09059696341473145,-0.19786848916314956,0.6103344773784742,0.09429658409941581,0.10240620614586292,0.09429658409941581,-0.2395601891706089,-0.19774559420452917,-0.19774559420452917,0.32136950129995706,0.32136950129995706,0.3639933466130567,-0.2501252308055301,0.01914372313426484,0.09288460570175726,-0.2450911321721109,0.0706912817307393,0.15492934554564852,0.1062147161389123,0.10612609401510288,0.1062147161389123,0.1253294406339141],[0.991076348260192,0.9784709618520606,0.5658122783787376,0.9926163887844189,0.996861353864272,0.991076348260192,0.9999925664714034,0.9990215562292799,0.9999738426104038,0.9519248052222299,0.9995513875107388,0.9999944245539741,-0.143040691001282,1.0,0.9890664265910638,0.9825686957579924,0.3788109777655972,0.9998437138867816,0.9998437223579426,0.9888430809381343,0.999994437291337,0.34600555250301673,0.6750924894535317,0.9933254422823964,0.9932149084873129,0.9863110901654322,0.23012683108603318,-0.1861984445798776,0.9928322785329425,0.9928773257368526,0.172864645186281,-0.25049889318860724,0.9993504583359918,0.9993948373626291,0.3572893293079587,-0.326089334908589,0.9986603096947039,0.9993206709940016,0.9869556005683711,0.35915512952248,0.9321308525720458,0.9990857058370557,0.9321308525720458,0.9105273937078769,0.6212833526714584,0.9206553234706414,0.8928569233413209,0.6911410234919056,0.4149774889485184,-0.08196626410227462,-0.2102862698777575,0.923995240908404,0.39963675249427616,0.9687853626662704,0.9617902360740707,-0.08024544709612226,0.8336914335387489,0.8048040721011999,0.8524532785923803,0.7982975652544548,0.7648622013049415,0.7982975652544548,0.7641569369883875,0.7655699660733875,0.7634559744553837,0.7655699660733875,0.8401349514297772,0.314352922787872,0.5305721742140942,0.6120048019846067,0.5305721742140942,0.5313055844864945,-0.3618249074251819,0.4933943507370496,-0.6609369564264964,0.41165741457372806,-0.1278827207189203,0.3739229948580251,-0.1278827207189203,-0.1537369864305953,0.8154507864997729,0.8256829344228849,0.8148191847922232,0.7286188710349214,0.37337750601292036,0.8182284356764516,0.8201119731255254,0.8182284356764516,0.7263274802438945,0.7263274802438945,-0.24484684184472355,0.6930339266956922,0.25330312078211215,-0.5975632354805954,-0.6156640686356674,-0.6187215716619415,-0.11086236414680192,0.003750487523145765,0.35444985826028824,0.07601909106985053,-0.4360500234453644,0.09692710583111229,-0.8258349474663752,-0.1260549245659931,0.043131074243132284,0.04338564831599457,-0.597481462802874,-0.6069815111303678,-0.05721386436914746,-0.5830974567548701,-0.843297797127827,-0.3508816083702168,-0.177451632561646,-0.3508816083702168,-0.2760357070336036,-0.32203295529608966,-0.32203295529608966,-0.8369612595213624,-0.8369612595213624,0.36405197742603795,0.6000340675619071,0.4982228974457229,0.80738336834849,0.7569832832885585,-0.32420698181237817,0.059624345446135756,0.7632648962367363,0.782044760622274,0.7632648962367363,-0.14500939396164944],[0.9763518869703026,0.8966252495835786,0.5525055609985263,0.9777843218431981,0.9740625167543733,0.9763518869703026,0.9897121448152405,0.9883674532735819,0.9800213041272193,0.917440593028361,0.9293122082062566,0.9897046898350715,-0.14444234635260958,0.9890664265910638,1.0,0.9973463290169278,0.39096370514266904,0.9875531824364461,0.9875544367015832,0.9721615313776825,0.9889866691677873,0.34287162380599445,0.6541698253459957,0.981695297665939,0.9726224532333992,0.8264242672940747,0.22109346881716355,-0.18771551409653983,0.9840822382944446,0.983915824235134,0.16855520962978732,-0.25592436131267304,0.9889386257095862,0.9812755185099835,0.34586384307873297,-0.3225899672814737,0.9312116076809996,0.9788583019474745,0.9985263078009017,0.37161010989693555,0.9194430564358719,0.9887190027732438,0.9194430564358719,0.843180656212764,0.618237960679618,0.7517273961261539,0.7236580165939279,0.6396405250219376,0.41574607180351897,-0.07565164305646156,-0.21143797955220978,0.9117070313290233,0.40352725180979393,0.9608136941692486,0.945539736813675,-0.08779086994968766,0.7742181273284964,0.7900781574223419,0.8227903770756929,0.7831197580380841,0.7579511874072838,0.7831197580380841,0.728668899907629,0.7531998913729959,0.7566328406814544,0.7531998913729959,0.804528059647841,0.30349367597783844,0.51708922191441,0.6037589832770675,0.51708922191441,0.5133627159101309,-0.3645151874510512,0.47278093352508044,-0.6588054892103197,0.3937393764207701,-0.13177540931397438,0.36465418735107336,-0.13177540931397438,-0.15445292044573095,0.7866473228583302,0.7507966104270676,0.7666319930095177,0.7311386606400551,0.38917808498026824,0.7946476415815317,0.7972040342556204,0.7946476415815317,0.7114527696465426,0.7114527696465426,-0.24780959314386278,0.603859024688245,0.25171962923486363,-0.5650769773505954,-0.6076912073246407,-0.610509789730351,-0.10300467545058264,-0.007708916901536387,0.35801028761609277,0.08758467661210186,-0.40592820606996094,0.10296706883144802,-0.8177524793572066,-0.11798034131725786,0.03172268798069439,0.03256181702527513,-0.5878473016066308,-0.5954457821630992,-0.04902748204767182,-0.5613227739595604,-0.8365413513672824,-0.3418710826535203,-0.1691690412692834,-0.3418710826535203,-0.2677536174685585,-0.3116632067254116,-0.3116632067254116,-0.8306517639635664,-0.8306517639635664,0.30792011980664064,0.5887896062867101,0.4932990348026311,0.8037089870758313,0.7414255949651771,-0.3139576444130523,0.05689037599540632,0.7618338427039624,0.7816949045065335,0.7618338427039624,-0.14318170336061092],[0.9733416459552451,0.8856606999643614,0.5842958698947643,0.974774673910838,0.9666533852624651,0.9733416459552451,0.9835969668781033,0.9759352817821981,0.9705965192818561,0.907761493159661,0.910731241598634,0.983569110757838,-0.1207048041467437,0.9825686957579924,0.9973463290169278,1.0,0.38417634470534984,0.9808021753391003,0.980799263143168,0.9609222916981573,0.9824239250722543,0.35849733525295796,0.6707518590460144,0.9599422478981802,0.964236495935203,0.7959569181314337,0.24483281348482352,-0.16318442688741933,0.9827826647894439,0.9774302534279956,0.20308240412471404,-0.22906483145024953,0.9831388818200344,0.9724190423139393,0.37301823648296095,-0.2923616872903498,0.9138279268985863,0.9698036501140176,0.9971488255233325,0.36534608323733314,0.9176621781000761,0.98304948325347,0.9176621781000761,0.8178430928300797,0.6223570308030686,0.7180816711580302,0.7010567243901838,0.6491750072881655,0.40965864991678363,-0.07065429160415654,-0.21652880140911723,0.9053261581000471,0.3924127990308021,0.9561948304948871,0.9378028683702886,-0.09815305208337313,0.7829204050891359,0.8106597879336609,0.831879171378738,0.80234524353925,0.786717124383025,0.80234524353925,0.7358228130393544,0.7710169082512511,0.7818394613205789,0.7710169082512511,0.81525079100045,0.3467047205692234,0.5510719979152339,0.6414287733419959,0.5510719979152339,0.5273989857189431,-0.353712530906158,0.49169373131920285,-0.6189117662077218,0.4146841364894328,-0.09382845979038283,0.39821926379552547,-0.09382845979038283,-0.1534385991155227,0.7979253180673258,0.7563902324928934,0.7745930955187639,0.7638436918558377,0.3877307006724774,0.8061724274484973,0.808578707613525,0.8061724274484973,0.7380559059478208,0.7380559059478208,-0.22358708070156158,0.551435648022265,0.22481257811732155,-0.5719424013045883,-0.5963130496277259,-0.5992536126392746,-0.1001173376884014,0.014328052331582597,0.3572902604488591,0.08288708854915208,-0.4134076376825432,0.1048485729487435,-0.8009803790682676,-0.11320912113887312,0.051630806958985885,0.05218190364399352,-0.5779465748313459,-0.5644931742995184,-0.04987900797437459,-0.5333784886072385,-0.8157873744480454,-0.33838952653794113,-0.1634329155929397,-0.3383895265