var element=document.getElementById("correlationAdjClose");if(element.style.display!='none'){var correlationAdjClose={"data":[{"type":"heatmap","z":[[1.0,0.9999930297206169,0.9853757132038401,0.9999259572418456,0.9990546334003876,0.9860629215460054,0.9978047664408253,0.9958794608834336,0.9691208252728031,0.996216012918103,0.9941938880449246,0.9936908819702267,0.996004584904208,0.9960365421678065,0.995927195752812,0.9975389020218998,0.9978055933455052,0.9983196225592043,0.9965511390991022,0.9965677789862892,0.996616203656032,0.9959657045078854,0.9864440787679941,0.9708484864589231,0.9893847018865272,0.9558219620623021,0.9883434038613407,0.9865179952248397,0.9665839021274867,0.9498754592574812,0.9931257525828814,0.9941519967067374,0.9923450205009741,0.977374264462605,0.9977116442675151,0.9979574820253112,0.9974531575889979,0.9960612137495385,0.9956602776979852,0.9978433805618487,0.9987421909681852,0.99878489829207,0.9976653276362925,0.9976782837913188,0.9766831464791386,0.9135881235017688,0.948035601993529,0.9158192810117066,0.9168701005759682,0.8977689457689734,0.9638604111517229,0.9468979790933114,0.9654688230612474,0.9652481116065845,0.9558759354998942,0.9847338800958533,0.981687108188845,0.9903059382824372,0.9944828657878826,0.9861277319823996,0.9813883470355115,0.9877329168315764,0.9856869846860563,0.9883059430345887,0.9881237896481311,0.9649983397161142,0.9728777094424405,0.9746482325705896,0.9743622787669907,0.9510867647033675,0.9793812621827038,0.9768406677261108,0.9842958490591349,0.9835655470891967,0.9412115737460783,0.8811023603455775,0.8474189996746767,0.8974237408395066,0.9173100218728325,0.9139723431485168,0.9152686230865349,0.9140541227487343,0.6756767651852255,-0.5640815861953421,0.9799874848875577,0.9745547997533186,0.9712189159385037,0.9869021737852807,0.9739335652153289,0.98397063024447,0.9839618109450714,0.9489695576163092,0.9840943879018725,0.952298352081345,0.7504229042487444,0.8958457405047959,0.9246335942032714,0.7859673317091859,0.947980056168459,0.9487123822516361,0.8984406569446726,0.9632094564951285,0.896120800027323,0.6157422162926225,0.7178071275255898,0.9028668436765307,0.8690100755736143,0.8938418278996322,0.9727414114899089,0.9729734944539208,0.7794157208859287,0.7266354572892952,0.8249002920304779,0.39667942855156635,0.7998626313970149,0.8292036836395137,0.8244777486555716,0.8151529931653094,0.7709702721984233,0.7485104842498927,0.7305257766159421,-0.26241024921283335,-0.40119329552330846,0.6590910373918011,0.8952785896373994,0.9384387156472132,0.9447107501965171,0.9128816063605272,0.8273445644159939,0.9117269522285484,0.9317804270856278,0.9315512476662409,0.8662214195777945,-0.18384679617732727],[0.9999930297206169,1.0,0.9868168095609313,0.9998158872921294,0.998076614838425,0.9900403224481888,0.9942171839590543,0.9909548779188867,0.9833650157332322,0.990976717181273,0.9909801329143925,0.9929160470672916,0.9911307762944995,0.9909513916172297,0.9910443943766716,0.993464453855514,0.996341053700054,0.9959527976071403,0.9937072883025032,0.9937074662481793,0.9910383715758753,0.9910870081999712,0.9907584015034034,0.970682999722711,0.9875307799810148,0.9801658652679183,0.9873756104198715,0.9864658917986133,0.9787268496601917,0.9294855169325229,0.9882597600247379,0.9855488114772022,0.9794907781107668,0.9292466000776965,0.995433199620082,0.9953115184083253,0.9955624404390528,0.9916719426604887,0.9949893737846853,0.995564533934503,0.996950390440269,0.997073119187779,0.995540832792611,0.9955482576200386,0.988834698279143,0.9133221979210443,0.8840151195610222,0.9157656097930023,0.9170851657935526,0.8977385512387388,0.8736395792084792,0.918447394578695,0.8766787394352127,0.9041966468226198,0.873049605960663,0.9538113379894768,0.9537720994018737,0.9653080339111054,0.9835713098352028,0.9801597682593103,0.9829915461928027,0.9782995028748239,0.9782030384063088,0.9803906247088476,0.9803149024149806,0.9477517512804803,0.957171687985883,0.9315343640686143,0.931459267372496,0.8541600182253603,0.9763646019278106,0.9781453516088895,0.9783484588406193,0.9779107105212377,0.9469359364108062,0.7324164675782815,0.6839184848030192,0.8061674534920061,0.8796472578189576,0.825434343531151,0.8533400084214537,0.85192406575121,0.6856057687437281,-0.24000098115035953,0.9665703799853348,0.9715283188726643,0.9663623384266035,0.9808353241650861,0.9643158203936005,0.9701019534225811,0.9694042518925124,0.9237824780914795,0.9723135703205908,0.9277476246399243,0.6496487497422244,0.8955101586399948,0.8931263213020358,0.4243229231369549,0.802238970547855,0.807609443570919,0.7233653755510544,0.9641178079552476,0.6954496569668339,-0.27417769213297427,0.19198222978152393,0.7235008832635181,0.6708029746573312,0.7156882821874059,0.9656757750398548,0.9656066835763997,0.08712986139484,0.2564725700839406,0.09276694299698371,0.06554078257902783,0.08682389970710266,0.1023325131056954,0.099258917104982,0.02193527281324251,0.4581393164158222,0.19025234605185523,0.1396643903853315,-0.4414013128073307,-0.48352862864293095,0.6594995000445972,0.7509437131613762,0.7752428049481407,0.8340636915620326,0.8236639283329417,0.5610418968656853,0.7448962951211591,0.7697847380125055,0.768539090440483,0.4200375131738527,0.18773072684353767],[0.9853757132038401,0.9868168095609313,1.0,0.9867930464446814,0.9931793945219234,0.9909954734775397,0.9903282974164879,0.9909004979845656,0.9902184112985964,0.993705565499116,0.9977605241992866,0.9968641323156877,0.9907796305046185,0.9931230581855124,0.9909600998342839,0.990347186325803,0.9909834855145541,0.9904542737414117,0.9895945425036482,0.9895618910061134,0.9925641425857483,0.9907846522125652,0.9945079775257173,0.9823560549455342,0.9912734136195446,0.979503758564122,0.9917744411136701,0.9857074672156699,0.9849211764915035,0.9561614271694449,0.9707302005080322,0.9747398493838706,0.977991629174084,0.9540465833518349,0.9876240407703412,0.9907382381747464,0.9890829552850845,0.9926585844414247,0.9950550456195184,0.9914989208438011,0.9854146404851564,0.9881301963953556,0.9879381281826661,0.9873036932934307,0.9915335770008279,0.910583669451937,0.9315147799410162,0.9331445313360935,0.9102142173138446,0.8487788950175496,0.9228060347024551,0.9018981902133167,0.925289398701434,0.925733074770189,0.9123318076140652,0.9506199413041122,0.95866031193141,0.9668026591331016,0.9788361605665769,0.9367117037258907,0.9596826939464127,0.9600135005279434,0.966777551062534,0.9603425893704473,0.9347183045240306,0.9143016329190321,0.939832750487928,0.9314560297606939,0.9133814706630826,0.8834066936420096,0.9669928709820014,0.94501341220237,0.9601443021301667,0.9389809029260013,0.8080723669981877,0.8318430917875428,0.752840076138567,0.8509394041906733,0.8841178499465568,0.8844688322978359,0.8526933243568615,0.8671802437497179,0.3666022726781661,-0.5576157116939324,0.9557940007713094,0.9392225325599478,0.9398629796855134,0.936965319468724,0.9500791794993279,0.95904136406226,0.9587133839156458,0.9269323370153332,0.9544952780011082,0.8647360653593269,0.7301993897958351,0.9462687670177145,0.9457962599488859,0.7565226430316194,0.9332771985456386,0.9349814084487366,0.8714829897421243,0.9798989419670057,0.7773266310104988,0.5211209473389415,0.659559932256386,0.7972529450519732,0.795390527745877,0.778515250125671,0.9827897116524932,0.9828381725028278,0.7054682695122269,0.6683876501268479,0.7117316356318286,0.3372584483685031,0.6978445037176177,0.7127059317153548,0.7286338945127446,0.7103319891559371,0.7298865684342889,0.6797943628247383,0.6603720294733553,-0.3287020785841046,-0.46718294274088606,0.6225757008537803,0.856115324217389,0.8867957368704164,0.8907514034952896,0.8854072330950074,0.7587120655847961,0.8623751847445115,0.8756446333047163,0.8831346795661896,0.7365409448593077,-0.10604741441087316],[0.9999259572418456,0.9998158872921294,0.9867930464446814,1.0,0.9993204441169815,0.9871663442015736,0.998082494057036,0.9963428214604142,0.9714147671416323,0.9967297023682198,0.9949724583757944,0.9947482392634482,0.9964498751757987,0.9965751736564541,0.9963897081808845,0.9978399268717055,0.9981567104678603,0.9986102348256345,0.9969571642176634,0.9969704798590115,0.9970561304804946,0.9964144426137551,0.987715679613351,0.9722621038805854,0.9904062988396275,0.9585095921000583,0.989474342943315,0.9882480355859391,0.9686685409282236,0.9511630976360066,0.9924836527546045,0.9937019606362254,0.992373914668823,0.9770130592300474,0.9978230269075421,0.9981887785423279,0.9977121298477581,0.9965633496849453,0.996211705595444,0.9981079363707006,0.9986543642526641,0.9988867090521282,0.9977707605767518,0.997780133422228,0.978546679330604,0.9094244310707932,0.9457961998096377,0.9164813564736133,0.9152110689880112,0.8902596801822411,0.960884562206288,0.9435087500421212,0.9623938749823306,0.9626412193332702,0.9529891077921296,0.9826174823439001,0.9801316337067377,0.9894454686145172,0.9943387773279926,0.9846041025610326,0.9801513099612815,0.9863896061790242,0.9850293669677336,0.9868818135024252,0.9866956607224456,0.9539013486063105,0.9715387928298502,0.9730811518987008,0.9727947963795426,0.9454562514302136,0.9788830685535186,0.9737740550665436,0.9827644166388924,0.9819995162650378,0.9184301480538761,0.8794109919925648,0.8432654073667537,0.8955218209369034,0.9142773215382067,0.9133787891203715,0.9126640459571259,0.9115035934279553,0.5792823136620172,-0.563763122293405,0.9790629714270755,0.9731195543428867,0.969620652044985,0.9853847447920128,0.9730715736426482,0.9831183212664476,0.9831067834734397,0.948384759703655,0.9825609750563857,0.9355151186638851,0.7547607491245127,0.9021274692890398,0.9288655102969091,0.787648608254922,0.9493296626732803,0.9500934229480295,0.8979963153018053,0.9645461603590886,0.8899238860789519,0.6121089870388254,0.7159919441352596,0.8973171434802251,0.865336839496316,0.8880172777354535,0.9736626693959367,0.9738995000599585,0.7781855524147098,0.7268258344246684,0.8168978093530218,0.39858070782988964,0.7940666780037323,0.820920230041168,0.8161187656267962,0.8097241271249848,0.7734269178467786,0.7483805701827482,0.7304756748827951,-0.2577943337995134,-0.4004508096922014,0.6580303355836236,0.8932837570831941,0.9365035074311979,0.9428372304341421,0.9115746392776051,0.8244608446482836,0.9096391001004299,0.9294402060633156,0.9293631479868749,0.858725390030252,-0.17664421319831744],[0.9990546334003876,0.998076614838425,0.9931793945219234,0.9993204441169815,1.0,0.9900458780963928,0.9990910401939449,0.9984717036816838,0.984128649083935,0.998474281857119,0.998027136410235,0.9980545711019775,0.9985062743053811,0.998504926003176,0.9985047308322226,0.9990308765967163,0.9986218637232873,0.9992784345519306,0.998848911570246,0.9988498727064453,0.9985707140255613,0.9984980856869241,0.9940473378176194,0.9799130081646171,0.9946211384697394,0.9763987245858481,0.9945762928185855,0.991142881197949,0.9820500259063721,0.9548882877072811,0.9892174901438818,0.9918820899852123,0.9900325290742069,0.9690141421282963,0.9989493957481242,0.9989953651916884,0.9990066578283641,0.9985904133549521,0.9986252614733598,0.9989860037978281,0.998958625449885,0.9991848946489154,0.998944810742192,0.9989444328135766,0.9884782592498891,0.9195844847065099,0.9448002890962203,0.9293536773704022,0.9199089936057324,0.8849908391288115,0.9461093399896772,0.9355605909130098,0.9502966556595446,0.9552224348151835,0.9449368681718059,0.9793281816092341,0.9792681699138596,0.9890980575645053,0.9942339533742826,0.9811827600799399,0.9746091039812812,0.9819486168679792,0.9811307289497612,0.9822961190856581,0.9820838335649267,0.9551378061671751,0.9626015056153008,0.9573761269547296,0.9570518711550087,0.917504035655148,0.9761508431759414,0.9726004535848282,0.978698865394004,0.9778842167157958,0.938163765213361,0.8577941807723276,0.8166822214940684,0.8797296875764299,0.9183811268291414,0.9016765423861721,0.9093434910714627,0.9083579589476986,0.7310029805673085,-0.5799749808900192,0.9726557839374879,0.9626949159070466,0.960122165133573,0.9822010255067303,0.9633263882056986,0.9764205191621863,0.9760620154058863,0.9393602530598102,0.978140933208298,0.9425683779947819,0.7436383151590504,0.9189770904531093,0.9494143835159385,0.7463746311544389,0.9353749657808592,0.936837346517301,0.8917358772325646,0.9698914763903483,0.8855105613246431,0.45470786702091615,0.6540231791902686,0.8912998889254025,0.8365457294977461,0.8862303019140062,0.9774147681341865,0.9776003411704778,0.7405091920956891,0.7092286301623004,0.744210462284584,0.37546065524538824,0.6904766239844217,0.749511431842978,0.7448217576798187,0.7068938748221876,0.7590805681961762,0.7324267148588002,0.7136148994196472,-0.4696629183348737,-0.5499089313624174,0.6508528849045799,0.8870400193987084,0.9217630501234952,0.9359598277873213,0.9087611269534914,0.8037464879872017,0.8954765605625543,0.9152413164273333,0.9147247953268267,0.7944606979356107,0.03294654426091316],[0.9860629215460054,0.9900403224481888,0.9909954734775397,0.9871663442015736,0.9900458780963928,1.0,0.9856995675165517,0.9863138621263826,0.9917613100075057,0.9856180112803508,0.9808355037875364,0.9794837616737968,0.9862098650231208,0.9866842644253148,0.9863831687246009,0.9860170592215431,0.9891499152836756,0.9873083658165778,0.9871291099241823,0.9870929774324808,0.9851859920567544,0.9862668949240284,0.9958701024233962,0.9927976162580107,0.9872453693012082,0.9853154794777416,0.9873579009706013,0.9756228278554527,0.9872716432858433,0.9722399967898901,0.9656684036795514,0.9708525121000912,0.98012766435457,0.9687061906978648,0.9854591483820553,0.9857503843374568,0.9865928351214728,0.987028655080735,0.9805207894034225,0.9861223514838802,0.9845814640596442,0.986242869367461,0.9856054063530288,0.9855740637447018,0.9956091530827705,0.8676490284317216,0.9253079262057748,0.8942811464658903,0.9078274663383636,0.8709129749468043,0.9220415081301098,0.9091189847727341,0.9243955322713013,0.936315701324308,0.9200063183420083,0.9542292924462792,0.959000365949845,0.9639614554083328,0.9742357052338158,0.9695226581845474,0.9843463179971518,0.97087400637275,0.9829002154658026,0.9705000085196621,0.9699675850235632,0.9736926388191761,0.9655954079098925,0.9457171568465135,0.9452390442300526,0.9406121066737089,0.9809826885481444,0.9734929302993698,0.9707555350933298,0.9693424839830426,0.9587739654798375,0.8793889244376735,0.8316071903814627,0.8975186084859507,0.9097766529825707,0.9186186172697433,0.9001086641087241,0.8980857216746,0.7030614679239291,-0.5184498511680684,0.9785070384152065,0.9786175567972127,0.9743923326398991,0.9705210053413784,0.9700923651851486,0.9776541279261832,0.9772915134204555,0.9640536612695184,0.9669905587617591,0.9630002743402044,0.7550952281289588,0.8734207195859425,0.9482626205591476,0.7927659694231399,0.9380551997305121,0.9390586934521384,0.8694697279730685,0.95882066866999,0.840268281111317,0.5466115798746018,0.6849489550870932,0.849461977869066,0.8213871984861568,0.8386130544318737,0.9599339061558883,0.9600217197798373,0.7352127675404518,0.7041362968887666,0.7554502909398314,0.39975437839324846,0.7424497225199415,0.7610395184027368,0.7547906870154125,0.750544055678634,0.756994160266778,0.7133226703558326,0.6978833306415698,-0.28620796837112267,-0.41608416278460486,0.6724963059985503,0.8676827821649007,0.8855063248791551,0.8968044765155232,0.8804840404941244,0.7896057277266036,0.8570582850226215,0.8771769364943521,0.8770583000380611,0.8199703677168141,-0.14527950660724637],[0.9978047664408253,0.9942171839590543,0.9903282974164879,0.998082494057036,0.9990910401939449,0.9856995675165517,1.0,0.997389055900458,0.9578400727567343,0.9995792578934227,0.9995176266169692,0.9995304663507574,0.9983157265172112,0.9994432331080237,0.9991259991826272,0.9998861782732058,0.9963531522235313,0.9999018581606323,0.9993335988349638,0.9993395759173531,0.9996912633614963,0.999281439758628,0.9904307986443386,0.9747774237508067,0.9851773035957458,0.925626551443392,0.9931542048183639,0.9905623498173808,0.9729848215694136,0.9487627665277606,0.991696588683271,0.9917221931571436,0.9935898786212086,0.9745119152509936,0.9989422351826164,0.9998398481724508,0.9996928109711124,0.9994510608519566,0.9997365525094669,0.9998231105232469,0.9984187602340263,0.9997146237741142,0.9993462672374261,0.9989810365790915,0.9815241155986478,0.9272067861312092,0.9483831431014581,0.940599342681719,0.9293578705708504,0.8850629198974229,0.9570460743322573,0.9431211312446501,0.9592810425972484,0.9594986305247812,0.9508800460131833,0.9813778537067135,0.9802827385185378,0.9913321284468174,0.9963793826404906,0.9465852675118568,0.9622011292302214,0.9725014611793693,0.9730945113062434,0.9741327725297758,0.9466737357344437,0.9023434563221461,0.9536352393128303,0.9599395263911082,0.9377285501056919,0.8913832878033908,0.9662878036883784,0.9381775690046925,0.9668288140203916,0.9470120001523896,0.7701640224892397,0.8520290025734906,0.7742334863439931,0.867143747386115,0.8874505670509034,0.8919294958413473,0.8705910485566676,0.8829835493549048,0.31811128130900823,-0.5975366721375931,0.963711395342146,0.9482697659558667,0.947191291523217,0.9484226028934271,0.9598986472817996,0.9703754887609327,0.9704683001099493,0.9293345663632754,0.9668771157248163,0.8442311287275565,0.7386797484510359,0.919547650238124,0.9285093085731345,0.7762877971526838,0.9474230450348368,0.9483681713076896,0.8947454752575151,0.969261250830744,0.8319308788406078,0.6030012621578494,0.707513632047666,0.8546531863326253,0.8450878619840829,0.8362013212527575,0.9775568447695779,0.9778005633863831,0.7672882415854164,0.7063555497298569,0.7821077723706477,0.3702392768244543,0.7719783799052651,0.7929781207041359,0.7890489226635535,0.7902305687218928,0.7556271616816522,0.7378483113895925,0.7181705508773639,-0.27394509999464495,-0.4239522826336427,0.6680307380669783,0.8900531569933444,0.9258886788308539,0.9420869902438702,0.9135097756075886,0.8241415737498496,0.9104854912497599,0.9311550574515893,0.9297776678211848,0.7758037290568909,-0.14167638109424874],[0.9958794608834336,0.9909548779188867,0.9909004979845656,0.9963428214604142,0.9984717036816838,0.9863138621263826,0.997389055900458,1.0,0.968906855307899,0.9999998179063406,0.9999992489233984,0.9997169935280962,0.9999970173225982,0.9999919616634709,0.9999980867085284,0.9992644640387705,0.9908042401622374,0.9994003801937271,0.9999011508312279,0.9999009021052238,0.9999616960216479,0.999998714588813,0.9908579366478149,0.9761592346675354,0.9924166752818524,0.9398159488105421,0.9936567827361419,0.9884364625626779,0.9752128577960432,0.9480094125179459,0.9879768739998106,0.9938519816843392,0.992292357088251,0.9714403659365202,0.9994509732668827,0.9995373366384395,0.999650144507539,0.9997215265427498,0.9990947304488825,0.9994622851223454,0.9981137890685572,0.9987201002318168,0.999521335503834,0.9993829019950334,0.9831118697427804,0.9271176285130424,0.945497004217578,0.9451747959085167,0.92734255249655,0.8729162095679641,0.9553485009030321,0.9383956132574394,0.9571990208154445,0.9534446723207624,0.9446033330151186,0.9793463289094894,0.9772006819283697,0.9902783888746088,0.9970060077086742,0.941391606601916,0.9575485179908715,0.9656775290826993,0.9697594021676488,0.9677233865272198,0.9448660608743248,0.8937520811847866,0.9485157763014432,0.9528128990637803,0.9321035113222832,0.8782961128841398,0.963320850617492,0.931638014297775,0.9610565109656183,0.9421859554197296,0.7562927735623969,0.8433812321098779,0.7695939316449659,0.8585538378475533,0.8797920050594575,0.8869412614861614,0.8659475997101552,0.8758087980610023,0.2995469605066662,-0.6023542623555795,0.9591714813826839,0.9408598810763472,0.9405524015567024,0.9463781962193047,0.954839827864603,0.9659172924589483,0.9660120666671803,0.9238434284789077,0.9596085058997961,0.8319793068262328,0.7352414202751429,0.935373678737121,0.9398327748585724,0.7720370420509785,0.9470598935722883,0.9481653308200989,0.8921659080861069,0.9734842957916535,0.8351569813169842,0.5886829338244897,0.6985009808947087,0.8558615796578946,0.8419660964183722,0.8386268091878496,0.9802022857210261,0.9804451645664073,0.758001355074291,0.6982082666928161,0.783631748154831,0.35691444258676946,0.7667803777220573,0.7884766754648919,0.7896789519966362,0.7846274841943708,0.749011187609351,0.7318290731633834,0.7115346907960668,-0.29014510772800184,-0.4391394506045945,0.6527865167339784,0.8821737428415217,0.9234578155132782,0.9344554028899715,0.9075435443789592,0.8131247308984145,0.9040051836248422,0.9248573904685113,0.9237655775361979,0.7564322507863654,-0.12444550626335486],[0.9691208252728031,0.9833650157332322,0.9902184112985964,0.9714147671416323,0.984128649083935,0.9917613100075057,0.9578400727567343,0.968906855307899,1.0,0.9838647102495793,0.9878329244464609,0.9898048548477922,0.9726203295272724,0.9809262973540475,0.9775452726462367,0.975280839856025,0.9487953802112018,0.9800022928494078,0.9782662659811964,0.9782104856511026,0.9823550289033943,0.9774048349004527,0.9945856367979545,0.9919348772440747,0.9817673363146328,0.9875222554225329,0.9847241620964389,0.9888088735850158,0.9900277702263439,0.9659162914832987,0.9292380996813611,0.9507775525770911,0.9679471055436251,0.9509169211300993,0.9720183660763425,0.9802672644219558,0.9771120537531057,0.9794783218733975,0.9878403434170132,0.9813331741002765,0.9677506686856978,0.9770359855950821,0.9728467240345076,0.9717738392458809,0.9988874658629545,0.8857096274590266,0.9153759490062948,0.9348664458146702,0.9229728511495331,0.844087968988708,0.8864300352534393,0.8796200058239929,0.8901029269281646,0.9091335448208762,0.8921700429527447,0.9298873768720213,0.9448439800473232,0.9500059712528105,0.9633028022880852,0.89444547949159,0.9604273639306856,0.9378926409339765,0.9598252567714711,0.938014489900433,0.892456216531427,0.9006713322378919,0.9322437837561205,0.9053827650220561,0.8684341526452867,0.8629903484566377,0.9610409492805739,0.9100912834947331,0.9367737548610563,0.8975786725538175,0.7916519888597094,0.823069568661341,0.7059451824210435,0.8443304844414795,0.8632552771575919,0.876606343173512,0.8252456798584437,0.844062658546736,0.34050487239236565,-0.5448981266866532,0.9491434074525482,0.9414754501985605,0.9383660931727204,0.8939854441916386,0.9383696644915928,0.947720111653087,0.9472462354953284,0.9281421473595552,0.9317541116795761,0.8478014293038352,0.7367380641077697,0.9266399498513047,0.9552834770756139,0.764314019579092,0.9263475556006634,0.9280049246461584,0.8493873366167539,0.9676056554977764,0.7444463418263348,0.4854335374855026,0.6411027888715102,0.7756855357599833,0.773038587318963,0.7538541576178597,0.9671274014298779,0.967147419676366,0.6867298910365142,0.6575080296569163,0.6776780591567306,0.3447087102873715,0.6804249071375001,0.6919488569799938,0.678621509191155,0.6895534224748933,0.7232066391415573,0.6754487492022969,0.6572709224312108,-0.3362166512468573,-0.4711861576438232,0.6692184395641513,0.842771504775415,0.8407302475828536,0.8668140230622494,0.8662264332312931,0.7533847685580279,0.8185980387226853,0.8466416657852363,0.8404699281361722,0.709868840040635,-0.06543008170348226],[0.996216012918103,0.990976717181273,0.993705565499116,0.9967297023682198,0.998474281857119,0.9856180112803508,0.9995792578934227,0.9999998179063406,0.9838647102495793,1.0,0.999999088734194,0.9997223934209444,0.9999984755368415,0.9999906289352327,0.9999975719259944,0.9996464449001705,0.9976910346101451,0.9993938695323112,0.9998710170383946,0.9998709491042151,0.9999750275912578,0.9999992420796596,0.9934932561551237,0.9775074961981243,0.9957619392428912,0.9736204030653061,0.9958597483667218,0.9884590719872209,0.9795516701167678,0.9493497575440064,0.9892221980519105,0.9934660746558709,0.9898775176828006,0.9679001576063321,0.9994590907243336,0.9995274183633912,0.99953763775747,0.999814433305525,0.9991095309331226,0.9994701269401314,0.998287379798439,0.9987579135844941,0.9994604371272275,0.9994552089883542,0.9873135862794459,0.9271836204330237,0.9455339434957413,0.9451917793775056,0.9274167460533825,0.8730727728709581,0.9438941748254186,0.9301233037813305,0.9474772984660271,0.9513238620574737,0.9423173774413502,0.9775514856094382,0.9772338058842004,0.9906739824671518,0.9967584408306246,0.9708914315878066,0.9575479436663189,0.9717276304195107,0.9697624852273747,0.9721622484781974,0.971877342543475,0.9426436847212731,0.9485428368858532,0.9475782588547993,0.9472186170702567,0.9060508648705208,0.9633107726073847,0.9627725721364893,0.9686548852392869,0.967604586872342,0.9246616257352455,0.8434428496183266,0.7967816587967197,0.8586123501024135,0.9009719349540884,0.8868717027577658,0.8933772085325604,0.8924490454273722,0.6819703847971348,-0.6143401722263504,0.9591870179618244,0.9408765634732266,0.9405762625738907,0.9721129434595447,0.9499287643013056,0.9655258414211325,0.9651012626252008,0.9245084466182918,0.9674853248210534,0.9280241264280024,0.7352635927635285,0.9352182485191207,0.9525675011403388,0.7531534351300357,0.9397267274951709,0.9411173486263801,0.8922366429425524,0.9725959545615028,0.8933506794506068,0.49035574125205145,0.67211566535538,0.8990347006722993,0.8451344226556063,0.8942026301067197,0.9801873719678551,0.9804303619412741,0.7580689610721704,0.6983123457549189,0.7611920099967786,0.35705410698591306,0.7091387465287043,0.766408255104945,0.7616467280052844,0.7267691141481457,0.7490660184864868,0.7319196016850142,0.7116285607803795,-0.5162466895428234,-0.5973822059843645,0.6530066452787816,0.8822753660092494,0.9231811840287151,0.9375126301278308,0.9076345653757808,0.8092555228759133,0.8964755742606475,0.916453736671037,0.9159056614924294,0.8057022374193122,0.1016686871524864],[0.9941938880449246,0.9909801329143925,0.9977605241992866,0.9949724583757944,0.998027136410235,0.9808355037875364,0.9995176266169692,0.9999992489233984,0.9878329244464609,0.999999088734194,1.0,0.9997223415135128,0.9999961974051651,0.9999943080032555,0.9999981568864238,0.9996215188176732,0.9972261931691437,0.9990765468011276,0.9997544088540282,0.9997542071670629,0.9999983173538362,0.9999981746103775,0.9924558057767193,0.971205408581929,0.994620609597294,0.9810934655572319,0.995271217627893,0.9884760559682564,0.9811437429150623,0.9400057478354521,0.9874889983608942,0.9924234400934244,0.9829171644442132,0.9398876559364484,0.9991799804406837,0.9992416495735214,0.9991710645891524,0.9998841801443619,0.9990900533253517,0.9991818973085946,0.9975917885615402,0.9982601387572319,0.9991455556658017,0.9991426001119488,0.9890199841908338,0.9268656196030216,0.9061764652789639,0.9451202819221666,0.9272860193106827,0.8726918719342315,0.9064111494993833,0.8916382637834737,0.9115293854468345,0.9190059620845333,0.9045172332052451,0.9677490541525837,0.9677170669854617,0.989478480765599,0.9950140937258392,0.9623699569229067,0.9576427660794797,0.95885068390939,0.9587083160583467,0.9607954079565598,0.9605021008989515,0.9157879161650625,0.9369785385797834,0.9117008793445269,0.9111684414405342,0.8269538853372277,0.9601843888363875,0.9668738651169216,0.9627005449105112,0.9615391010730354,0.913393946261677,0.7578818802166845,0.7121132403441711,0.810026111346199,0.8728213623724047,0.8354360621270062,0.8541018179245605,0.8525429304549373,0.6708070936931086,-0.44166543236658706,0.9439203822123363,0.9409758156523576,0.940639233874193,0.9637630336689309,0.9345976064507453,0.9473962374704061,0.9466516816109393,0.8898599183016022,0.950816170371846,0.8962701408024075,0.7354040982254408,0.9356138126875743,0.9548331945216366,0.6141248180547156,0.8898931435834625,0.8930745649590581,0.8456789360179412,0.9836777627224776,0.8331144130572281,0.15847945306054387,0.5146927776442711,0.8456393053895526,0.8078712042693558,0.839326868253311,0.984401069220247,0.9844159411032061,0.48763944595119374,0.5983859440464625,0.4949797051311101,0.35694133092653196,0.45785481853658594,0.5082133543336423,0.49710125723241366,0.4331813693392548,0.7352676998600716,0.577666877437019,0.5365986348300326,-0.48247122759258193,-0.5357181822804327,0.6523425630501348,0.8603210724345025,0.8732606472904604,0.901564025706135,0.9011045220571049,0.6522546405836126,0.8334415906625251,0.8647189956464891,0.8639225271181136,0.6053210702550098,0.03859362023617669],[0.9936908819702267,0.9929160470672916,0.9968641323156877,0.9947482392634482,0.9980545711019775,0.9794837616737968,0.9995304663507574,0.9997169935280962,0.9898048548477922,0.9997223934209444,0.9997223415135128,1.0,0.9997379426291929,0.9997197163738398,0.9997282644870352,0.9996178224112012,0.9978658745259703,0.9992922080585825,0.999964669184175,0.9999643421086598,0.9997271853565222,0.9997338647746886,0.9917468049315845,0.9657393324037551,0.9930025097768876,0.9808732178502004,0.993916343513929,0.9916704174109169,0.976013230803472,0.9172487130073779,0.9899616957613954,0.9932636927696726,0.9776024509718476,0.9171265943957873,0.9993056205380009,0.9993623002680557,0.9993144722616111,0.9995178512753884,0.9995395083553542,0.9993340378602189,0.9973676207525822,0.9982559334861298,0.9992884392700766,0.999284758802322,0.9899094116690295,0.9216096996835734,0.8906671726722764,0.9417575737122283,0.9267566027468455,0.8728028173172008,0.8648236572272519,0.9052936376329442,0.8692632432880945,0.8891883287352833,0.8625553478630967,0.9536410562779537,0.9536137274827049,0.9787431633823365,0.9939438775019013,0.9606017720385825,0.9621792993462267,0.9538764333354439,0.9557496742702032,0.957373358642684,0.9572085940088667,0.9149385795617235,0.9270196202485345,0.8952601406804048,0.8951200431315591,0.8042664931604835,0.95782335879297,0.9605133868812247,0.9606380273295361,0.9600585903439312,0.9185975959307832,0.6851013579641491,0.6330215513930747,0.760384930968253,0.8413358522847905,0.7843565834233776,0.8138801530461648,0.8128660447087365,0.6323194795610206,-0.3572769956482863,0.9369085639369127,0.9443773400414106,0.9366751045979151,0.961708247950875,0.9342004942549234,0.9415553019156075,0.9406057404961071,0.884987791286047,0.9448547321502471,0.8902945247904955,0.6708909537871836,0.9324887697968908,0.9267831541416751,0.4434392553927722,0.8171753326600781,0.8228247921237476,0.7242491047981224,0.9758769470062855,0.6995492355352446,-0.2163319338137493,0.23409639053541015,0.7242640642657956,0.6776677494752433,0.7175353835236324,0.9770748546986971,0.9771451961354537,0.13900945408459212,0.29451200317669834,0.1431843844329553,0.11562955518408136,0.1354938208261414,0.153267864795304,0.15088674308476333,0.06781929901158246,0.4923246531995615,0.22312859676276886,0.17033061456410797,-0.5079937009374172,-0.5492615679580063,0.6530415777316134,0.7491224204775371,0.773439212876883,0.8349397729369388,0.8265926574552193,0.5476850275914928,0.7411298355062398,0.7682301148952452,0.76706475313839,0.41818130407383497,0.23390943126622055],[0.996004584904208,0.9911307762944995,0.9907796305046185,0.9964498751757987,0.9985062743053811,0.9862098650231208,0.9983157265172112,0.9999970173225982,0.9726203295272724,0.9999984755368415,0.9999961974051651,0.9997379426291929,1.0,0.9999904936498376,0.9999976719940586,0.9993172304390524,0.992580441505118,0.9994443477227416,0.99991083151028,0.9999107706858437,0.9999689983094346,0.9999989219495883,0.9907510802171123,0.9760042417844058,0.9930794937457985,0.9447505391412798,0.9936130971518136,0.9885804019964246,0.9750283650377544,0.947982179558488,0.9888778574730078,0.9939236845325568,0.9923693462788261,0.9715783899298444,0.9994934576894767,0.9995787381728433,0.9996818111368052,0.9997223276184001,0.9991651516267053,0.9995055410398537,0.9982036190908375,0.9987931050024396,0.9995645225333,0.9994263438871702,0.9828978000304898,0.9274117712902606,0.9456857616436148,0.9451234716569036,0.9275467939349369,0.8737027059296022,0.9556982082983002,0.9388068899224642,0.9575547416291791,0.9538141982722815,0.9450136570162123,0.9795986910483088,0.9773951904912367,0.9904212184441342,0.9970773808244816,0.9416951324838372,0.9576820826441251,0.9659504901963714,0.9698795422859943,0.9679926415387536,0.9451190897402023,0.8938745625916757,0.9487585886214475,0.9532117856314392,0.9325269846883963,0.8786660683048352,0.9633913165688546,0.9318430654650471,0.9612681269535037,0.9424688612940969,0.7563486333483762,0.8438049457955754,0.7701234366169057,0.8589595081165352,0.8801007473842978,0.8871642254606815,0.8663360203502568,0.8762043993437096,0.2998127404602709,-0.602313094950338,0.9593550643875367,0.9411571580843981,0.9408081313229464,0.9466178176452522,0.9550396789172985,0.9661127275335273,0.9662082279065562,0.9239854672406473,0.9599025200271041,0.832152397041785,0.7353891436095895,0.9346582954961317,0.9393141608368938,0.772202027811251,0.9470972313221826,0.9481941260239823,0.892505657242116,0.9733267897551436,0.8356224342918142,0.589733822193293,0.6991738931154878,0.8563195851638187,0.8424964876894147,0.8390901314473451,0.9801273104693145,0.9803703157906795,0.7586376792962194,0.6987799148339745,0.7842231242915546,0.3576760666109837,0.7674612833139351,0.7891614911614071,0.7902808993936616,0.7853362571735216,0.7493871630207772,0.7322827351895196,0.7120112318771388,-0.28916661718107517,-0.4382618460698045,0.6532896905245295,0.8826895132129733,0.923900165200672,0.9349773626619576,0.908004968325119,0.8136862712847667,0.9045739568465231,0.9254157745795191,0.9243128229319337,0.7571082158326424,-0.12547477467311585],[0.9960365421678065,0.9909513916172297,0.9931230581855124,0.9965751736564541,0.998504926003176,0.9866842644253148,0.9994432331080237,0.9999919616634709,0.9809262973540475,0.9999906289352327,0.9999943080032555,0.9997197163738398,0.9999904936498376,1.0,0.9999945303504377,0.9995205294746907,0.997605438511654,0.9993977463312074,0.9998942198829037,0.9998931193139351,0.9999493935907791,0.9999905683851174,0.9927543017229786,0.9763962754830396,0.9954803071009559,0.9676357902699027,0.9952544448993663,0.9883668499990731,0.9753103905467606,0.9481461781999391,0.9889686830246307,0.9938644513829492,0.991688921209545,0.9710632904990335,0.9994612342575697,0.99952998831836,0.9995962023271601,0.9998766697272947,0.9991191006263545,0.999450721787286,0.9980202458845779,0.99870833907589,0.9994766806875691,0.999469203286679,0.9853391120864365,0.9274264462133028,0.9453870761615284,0.9450036686483595,0.9271434377712945,0.8728063387485436,0.9493622238290756,0.9301345958414933,0.951472055017803,0.9531799949899723,0.9443215912118581,0.9777383564744322,0.9770578905320715,0.9895966188652929,0.9970797623946125,0.9710516074930509,0.9572107269610558,0.971659571770431,0.9697024920522791,0.9726795750204937,0.9723832858602712,0.9514191649804126,0.9480955785892196,0.9520776885731964,0.951702414260547,0.9229532541514461,0.9632694381656488,0.9657020270660143,0.9703122074991891,0.9691206153218649,0.9343907525445151,0.8427343001759782,0.804890409562657,0.8580050466490291,0.8917869553763144,0.8866763907460524,0.887919290075225,0.8866729655182898,0.6592045057700374,-0.6027286538876153,0.9591246910005451,0.940614382803418,0.9401747432486351,0.9722795656573457,0.954885522280765,0.9658813117672178,0.9659724006191497,0.9238786849723267,0.9664399633697134,0.936408061728239,0.7343501432673069,0.9346512056443764,0.9455582127462214,0.7710478955582739,0.9467962090398843,0.9479216731858555,0.8920251931200583,0.9737002571505532,0.8832917381179177,0.5890196915618724,0.6979997057420823,0.8908082103795323,0.8543845180479199,0.8812874357571479,0.9804275350901454,0.9806679199586409,0.7569880122115928,0.6973334522308182,0.7988082175576332,0.35621950497713023,0.7706205943072273,0.8034576880504141,0.7979965978562439,0.783073653563411,0.748771262735605,0.7303811070081809,0.7100988853632131,-0.3820629159097684,-0.5025484456037743,0.6520152057666474,0.8823342188100095,0.9207863278505829,0.9303262311654259,0.9080934039837472,0.8122639054558389,0.8909366693903835,0.9135857203330795,0.9131693254249001,0.8439477494585632,-0.09295564826593009],[0.995927195752812,0.9910443943766716,0.9909600998342839,0.9963897081808845,0.9985047308322226,0.9863831687246009,0.9991259991826272,0.9999980867085284,0.9775452726462367,0.9999975719259944,0.9999981568864238,0.9997282644870352,0.9999976719940586,0.9999945303504377,1.0,0.9994141170867983,0.9968232349484755,0.9994178890790839,0.9999043566284831,0.9999037911104538,0.9999630134095877,0.9999974679307878,0.9909025774326442,0.9762228223015905,0.9948291655241762,0.9589238891927644,0.9946406226352146,0.9885253412457046,0.9752668417236073,0.9481889537828094,0.9913329713444219,0.9942024639876891,0.9922380684055637,0.9713474874514677,0.9994639138120393,0.9995396087841578,0.9996582686389741,0.9997381754136113,0.9991268429240033,0.999460333696703,0.998141173727456,0.998738298513678,0.9995323796914071,0.9993968761878215,0.9831079411650887,0.9271997097292624,0.945520684588047,0.9451719975442602,0.9274760581462742,0.8732551221983893,0.9554357809386764,0.9385414994422466,0.957319881534123,0.9533951717616227,0.9445226817116285,0.9793776187679414,0.9771474523025196,0.9902486992481971,0.9969702642717665,0.9417077026997133,0.9576474930051383,0.9658553986654318,0.9698365272133447,0.9678860561367504,0.9446505207053244,0.8939795394247149,0.9484060430467488,0.9528806812598221,0.9323306667773817,0.878433007545492,0.9634742594560276,0.9320088484462986,0.9612736385079391,0.9425171878113849,0.7566608224414817,0.8433596219555229,0.7698713898091852,0.8585767269711516,0.8799708933698625,0.8869373126872095,0.8661086699580406,0.8759865888891525,0.2999124757076891,-0.6020516596217238,0.9592523283095274,0.9410275021522868,0.9406968615620559,0.9449138303791654,0.9550227957344702,0.9659975433361095,0.9660889759659118,0.9240350609816737,0.9597870870372934,0.8322618415596459,0.7352807443541403,0.93503041761455,0.9397183048294079,0.7720166099687636,0.9469761047121352,0.9480858832789594,0.8919826076688301,0.9735029554063005,0.8351975329063904,0.5885212563744067,0.6983893941731236,0.8558789677021119,0.8421028805750571,0.8386640570734154,0.9802470151067603,0.9804865201785745,0.7575976835727696,0.6978428301780563,0.7836183419170589,0.3571963013514177,0.7667621984429932,0.7884005123738087,0.7898460208695725,0.7845300461124238,0.7489230412850292,0.7310546201335166,0.710795433843536,-0.28994859512368765,-0.4389386272909689,0.6530557725488296,0.8820840623875499,0.9235915633579641,0.9345070743827883,0.9075879327939658,0.8129233604128773,0.9042219573111888,0.9249040824700544,0.9239304269791306,0.7565387260164447,-0.12473542922852568],[0.9975389020218998,0.993464453855514,0.990347186325803,0.9978399268717055,0.9990308765967163,0.9860170592215431,0.9998861782732058,0.9992644640387705,0.975280839856025,0.9996464449001705,0.9996215188176732,0.9996178224112012,0.9993172304390524,0.9995205294746907,0.9994141170867983,1.0,0.9982759784292962,0.9998362761320888,0.9995102139122288,0.9995154277440581,0.9997469276392246,0.9994951683572331,0.9904340995713069,0.9751233839026144,0.993367469288318,0.9505987625878434,0.9930011413839744,0.9904898376818962,0.9732163935540233,0.9487357667876413,0.991835882084588,0.9925418626957228,0.9930139255029397,0.973530547492579,0.9992398448926022,0.9997237571112442,0.9996978132683145,0.9995347298518229,0.9995473791003507,0.9996763349036442,0.9987873877595798,0.9995486955754023,0.9994860334744681,0.9992321716404481,0.9815435448343977,0.9259419529851696,0.9478780828694424,0.9407974884867892,0.927991538523071,0.8811993632608156,0.957671583289238,0.9435190578001291,0.9598638546027638,0.9580342586843614,0.9492315514700669,0.9815467511634214,0.9794694637201631,0.9913031164026397,0.9964366213328377,0.9468530931893319,0.9615504141994705,0.9715615166423514,0.9726051320461698,0.9732944773252162,0.9478202030178228,0.9008696645729015,0.9521187784868581,0.9588851703383572,0.9378275710141003,0.8884706943091486,0.9661109383380451,0.9377222187142635,0.966272819061232,0.947395165427831,0.767049095058925,0.8496080004414648,0.7750769743640511,0.8648146904330922,0.8859391860678771,0.8903124379653847,0.8705169418612558,0.8819349795331178,0.3135186781532872,-0.5983676922054985,0.9628587042613833,0.9465892764780425,0.9458593461418028,0.9496176963407408,0.9595225230852303,0.9696124922853523,0.969692436824255,0.928841221595875,0.9657999237638321,0.8417166896178792,0.7368931894635374,0.923750012086634,0.9308885341660854,0.7751844600217457,0.9470485365587722,0.9480342953677483,0.8923622969841354,0.9696832664957818,0.8344290989073617,0.5986522791383874,0.7041635809976179,0.85590071362214