var element=document.getElementById("correlationAdjClose");if(element.style.display!='none'){var correlationAdjClose={"data":[{"type":"heatmap","z":[[1.0,0.9999921458348378,0.9851195487539967,0.9999251423966018,0.9989821587935881,0.9872701029135598,0.9976793734679444,0.9956179947983164,0.9691286586037303,0.9959309364582632,0.9803688544401745,0.9930241091797422,0.9957519571239831,0.9950173371865779,0.995668506202368,0.9967946566279043,0.9957177189705315,0.998213017809284,0.9963316000772223,0.9963431375060428,0.9963977701060529,0.9957028148505351,0.9861432006346768,0.9705384205771519,0.9887345828862805,0.9556951378018291,0.9876430056112763,0.9841417985821262,0.9656113597861732,0.9476558438482705,0.9935644583319257,0.9943619541168917,0.9920291463397317,0.9760567430975174,0.9975909407442363,0.9978613205073834,0.9973031612125312,0.9958124608253969,0.9954595077443081,0.99774786351241,0.9981594641075062,0.9987283420475713,0.9975380393981407,0.9975483569334413,0.9767535181023341,0.9166299138627727,0.7449307463830119,0.9109169787181344,0.9128957466297548,0.8459606894983498,0.9651939904910187,0.9459957767057092,0.9666661771547672,0.965007094206758,0.9570003741533332,0.9854423912450313,0.9822396975206187,0.9902524402105031,0.9945787629932268,0.9852418504029995,0.9795294509630589,0.9869727437659475,0.9846203352125202,0.9875704402981912,0.9873518806497485,0.9648903210144391,0.970430681115891,0.973128550135823,0.9727889121976034,0.9483922181544953,0.9775900154973624,0.9754545492354025,0.9832945951841304,0.9824866760243847,0.9387536197871683,0.8699382311324729,0.8374839254105787,0.8886270981632493,0.9117975996264501,0.9077513854647006,0.9097097816413454,0.9082865382161095,0.6518424605814045,-0.5697743008669699,0.9786395667601512,0.9718100743135035,0.9681923859414178,0.9860433501871829,0.9724002616267812,0.9829692073921383,0.9829233512634886,0.9478313595011705,0.9831053825754934,0.9515040986611443,0.6742909535130049,0.8826685651999194,0.9199236410978375,0.7690455439246582,0.926466865180296,0.9451379790553361,0.8247927201864633,0.9607026123611387,0.896030582122657,0.6288979150632056,0.712618370271072,0.8922199655290988,0.8666659710582992,0.8893892861762392,0.9709064983433715,0.9711025415298781,0.7411746492799548,0.7150431733613567,0.8249410519466449,0.361635232036384,0.7966593194969995,0.8292878412972171,0.8160939285442566,0.8144199369798529,0.7601585245068204,0.744674293703708,0.7256106579747793,-0.25206946882759446,-0.3896482485154192,0.6481444458579387,0.8979192385832443,0.9417974379324147,0.9467924836161228,0.9165520333159872,0.8280834370661748,0.9138097210658094,0.9350866810513159,0.9349238046215529,0.8695200785844154,-0.18955162955767207],[0.9999921458348378,1.0,0.9850624318018444,0.9997970137189272,0.9978495439830505,0.9903607047851174,0.993671831017805,0.9899505481266185,0.9815060853852693,0.9899792631328056,0.9710699679764934,0.9921283112227104,0.9901570379683898,0.9900054330343294,0.9900507857558972,0.9915987618271214,0.9941998373371089,0.9955137913923328,0.9930062460968071,0.9930062940962712,0.9900461489473757,0.9901005444191217,0.9894893796283942,0.9667476637182103,0.9859486486125387,0.9784631918192597,0.9857388595075466,0.9840081020500517,0.9759236291035078,0.9193466946705126,0.9878409536886333,0.9847115331980936,0.9773631479141986,0.9204223396445596,0.9950912774221421,0.9949426837132632,0.9952120402219987,0.9909161631845119,0.9947189528305698,0.9952107659787547,0.9953407902263511,0.9968177157910294,0.9951913962116022,0.9951998243148574,0.9876994107959557,0.9163527319316357,0.5894079996830347,0.9105610698001908,0.9129001818878677,0.8460982617250662,0.8720862250939229,0.9156517451259127,0.8755456243106711,0.8990188188231505,0.871250365879129,0.9548396520244374,0.9547655689960062,0.9621720984188532,0.9828429240989374,0.97736296196907,0.9806824135580426,0.9754301249926881,0.9751255714513276,0.9778044081251439,0.9777219204033034,0.9424508081090519,0.9512182613527503,0.9217998181371478,0.9217036514687018,0.8320782570510614,0.9730906758848678,0.9751236150987829,0.9753528129053383,0.9748282608012044,0.9396278855156538,0.6907668454885454,0.6359623822640798,0.7761343256595646,0.8612953921023712,0.798223236875266,0.8308519337113184,0.8292196274010598,0.6354829574364521,-0.2681880293259758,0.9621420396105022,0.9680600970660193,0.9618908811421438,0.9781429052420991,0.9594259987240048,0.9661898121851571,0.9653813321654615,0.9146817573339845,0.9687919048594089,0.9195937605032622,0.5267446261664841,0.8818515511786778,0.8787502558031621,0.3446058523407325,0.6974127873716099,0.7785218269701405,0.6649070881069371,0.96083273482131,0.6734631346691682,-0.25984316847992234,0.16328016097879952,0.642779865248391,0.6480833646794559,0.6944546718022284,0.9624178211746289,0.9623008785689204,-0.041859116307955524,0.20106847225449806,0.03974161610045721,0.005979979601869013,0.03438313749533108,0.05075296386565052,0.018312409376289113,-0.02752257564571083,0.4076153996381889,0.14053264500608234,0.09014283212392686,-0.4465135523263618,-0.4850470706262157,0.6483122184527021,0.7493242049370614,0.7736705811781589,0.8314397627782617,0.8255815510159059,0.5495505436949916,0.7376230676996923,0.7686917136717278,0.7672959666336309,0.4168355080529148,0.1878659395293796],[0.9851195487539967,0.9850624318018444,1.0,0.9865273534863276,0.9931382928832171,0.9905397114348179,0.9906124335660568,0.9911199254289516,0.9899208396962847,0.9943258506477354,0.9571487768197007,0.9970970396920822,0.9910081157763009,0.9929328827626256,0.9911789209969872,0.9901795477801671,0.9939160830207208,0.9905739254537536,0.9897646006058147,0.9897324892146292,0.9928568326494251,0.9910499263124678,0.9940556882518821,0.9809965374655434,0.991074850531424,0.9787997147676711,0.9915351573027545,0.9832586898655798,0.9836845781017057,0.9522283674576054,0.9719446883037763,0.9757771207020925,0.9780572674832465,0.9519529804816045,0.9879195051820328,0.991044772299222,0.9893634485358933,0.9929722157107828,0.9950667552949789,0.9921489445520054,0.9862960689813701,0.9882233148991425,0.9882110346076242,0.9875878787510421,0.9910896416800319,0.9158246906143114,0.6857032098004708,0.9328994070850415,0.9072541321525215,0.7650033225983232,0.9252608796950933,0.9013339473653703,0.9275948677483062,0.9252541955202049,0.9139180570555765,0.9522631914845096,0.9599804109694465,0.9673043742775164,0.9799624253238687,0.9342165906443042,0.9545304524989632,0.957338714192976,0.9636799861802876,0.9577927057316438,0.9320777881131189,0.9064991755403957,0.9338257406744113,0.9278593291815767,0.9103321469151605,0.8734229625150944,0.9636734205006978,0.9417037608488431,0.9578770130014185,0.9365335586324736,0.7915087969757552,0.8149534227396381,0.7420788296398677,0.8362459934303186,0.8751226983904082,0.8741457151202543,0.84379261557721,0.8578111391953768,0.3326528112302405,-0.5671218766818431,0.9513780123562334,0.9300641075488836,0.9321680192697623,0.9345327961365891,0.9457006808290347,0.9554392091752572,0.9550243136525565,0.9201946673305939,0.9513082916021388,0.8521780858995593,0.6493797135904311,0.9415683116407413,0.9412574373199595,0.7337961341496827,0.9096840225541122,0.9302573972793909,0.8108268010434982,0.9793505161165679,0.7782206467366541,0.5354735223698923,0.6533288221092661,0.7868794606480971,0.79288613180346,0.7756841252657904,0.982673137243025,0.9827139371265244,0.6625962844113633,0.6534888056799307,0.7128166388254993,0.2972070101946684,0.6934339621448186,0.7119490604086909,0.7230988890801283,0.7087009453601837,0.716757514659459,0.6738401311881759,0.6530611229403914,-0.322023466826889,-0.45928918807199937,0.6088817543430562,0.8588901492045329,0.8913577951593797,0.8938812441344072,0.8899667206695709,0.7591643397106296,0.8658242319023208,0.8800797280708069,0.8885806529521986,0.7385921559189498,-0.11047361944427984],[0.9999251423966018,0.9997970137189272,0.9865273534863276,1.0,0.9992704611341315,0.9882696432654503,0.99799101054616,0.996115300462807,0.9713919930581408,0.9965038771412834,0.9800206138769445,0.9942763207408759,0.9962313198957681,0.9957015007244211,0.9961644522405176,0.9970902523304843,0.996392702350445,0.998535428585734,0.9967663671644271,0.9967753267525427,0.9968850187357536,0.9961860649525852,0.9873984604895301,0.971876041381835,0.9897915854574217,0.9583438184014955,0.9888096892843633,0.9862038873220971,0.9676766917431648,0.9488448686790172,0.9929963040732838,0.9939821085265959,0.9921014319995132,0.97569647422886,0.9977321395865836,0.9981354673226671,0.9975941827972234,0.9963525871917472,0.9961454956849316,0.9980610558354351,0.9981780973651061,0.9988584539036587,0.9976714491950295,0.9976787782285234,0.9785749609150066,0.9124883527569034,0.738628177259503,0.9116856212513896,0.9109549021962418,0.8363238612737709,0.9622755085579394,0.9426041692807393,0.9636421967688034,0.9623838788379495,0.9541498106938319,0.9833766234056541,0.9807295807837492,0.9894377637713959,0.9945128447287859,0.9835974155126237,0.9780436997345376,0.9855083639651689,0.9838541297374378,0.9860264887166005,0.9858022121952892,0.9525390069876981,0.9689182686784216,0.9714670523335366,0.9711263088225531,0.9421808648756781,0.9769921620024793,0.9721105268896816,0.9816401981980559,0.9807925873433856,0.9136453999265972,0.8679743237301096,0.8329346352920723,0.8864167844443251,0.9084544290316551,0.9069633731826634,0.9068520867473632,0.9054851607143035,0.5504921967168531,-0.569694230972578,0.9775446700707209,0.9699607607270424,0.9662637477019904,0.9844028887270079,0.9713717330029022,0.9819799642814399,0.9819302238711834,0.9469170515001419,0.981429891490355,0.932830465948246,0.679445874197297,0.8899880148691434,0.9242991910279232,0.7706126986684246,0.9281518990262972,0.9465697056809897,0.8251054194805223,0.9621373417966493,0.8898965123029577,0.6254908419759547,0.7108467232424446,0.8871418881530304,0.8630902658620876,0.8839852959165989,0.9719332972875008,0.9721373466600659,0.7401827129908984,0.7153016019040241,0.8170216464761569,0.3636447733967527,0.7909978439048626,0.8210848187687856,0.8079585268223679,0.8091108590689725,0.7628578597543526,0.7446921915953637,0.7256979987051897,-0.24744390385619253,-0.3889011175515682,0.6469350123528176,0.8960497727910961,0.9399979798562534,0.9450383540626073,0.915431760090523,0.8252905410392057,0.911833380898323,0.9328740913327068,0.9328667876155821,0.8619905989201198,-0.18231069281906973],[0.9989821587935881,0.9978495439830505,0.9931382928832171,0.9992704611341315,1.0,0.9912070834991711,0.9990635709991811,0.998381501450566,0.9845111829579125,0.9984410794031507,0.9741648327946569,0.9978541519661538,0.9984213556225474,0.9982476873658702,0.9984150988278095,0.9986649335403046,0.9978788873319505,0.9992379700750885,0.9987803641678178,0.998779681710885,0.99849045942892,0.9984083098211912,0.9939501775293401,0.9795591726223818,0.9942149851479429,0.9767659296796538,0.9941638822598747,0.9895206692884406,0.9814225505442623,0.9523486324097832,0.9895385175384908,0.9921353658337168,0.9896726228271022,0.9670500530499296,0.9989415005907215,0.9989813902036463,0.9989851826592085,0.9985151335471513,0.9985887180954126,0.9990864161872122,0.9992359166979925,0.9991559557955636,0.998930577892189,0.9989300086595795,0.9888166704689682,0.9220535906304653,0.7143514301622086,0.9251026030639447,0.9148405662883201,0.8198985677492291,0.9465893337813568,0.9325343152564275,0.950626209033179,0.9541827270629701,0.9453884099512375,0.9797382277565555,0.9796743740508517,0.9888743999258254,0.9945291342297956,0.9797954624723046,0.9722029676003694,0.9806990523081485,0.9796743155312058,0.9810294524845986,0.9807563944148845,0.9540729045230738,0.9592365768813846,0.9540755484872088,0.9536300465285947,0.9113625902254592,0.9740950190791244,0.9706150262553562,0.9770904358424435,0.9761685436727224,0.9347464353121927,0.844499518138639,0.8015419648605971,0.8693740450680482,0.911805958447184,0.8936806904135631,0.9019955106624137,0.9007135328945646,0.706583968244251,-0.590368033574322,0.970652478844612,0.9586530701928578,0.9560448198014645,0.9808531398280722,0.960786927904295,0.9747370859103135,0.9742852932545095,0.9369971345085543,0.9766267118359293,0.9407277428755322,0.6664232184112469,0.9088611639081416,0.9454831830195657,0.7245475182592445,0.9079083261286237,0.9318909670214405,0.8190525141428074,0.9678295681141192,0.8824442050403344,0.46944456061712736,0.6452359011432716,0.8704839821007863,0.8294778949787909,0.8730315768825965,0.9759278546332454,0.9760840103608104,0.6948731537712736,0.6965194560344129,0.738210715508143,0.3392365654545245,0.6795842707068168,0.7438827218121875,0.7205515482473629,0.700023219713311,0.7473747885134436,0.7276966725851749,0.7077645782507673,-0.46488750678962126,-0.5435560695779176,0.6374425086504603,0.888990340244626,0.9246108324049924,0.9371447883122719,0.9118938408158183,0.8027947673011603,0.8956110149372747,0.9178283276426876,0.9173443471860225,0.79653994676202,0.029967080164140687],[0.9872701029135598,0.9903607047851174,0.9905397114348179,0.9882696432654503,0.9912070834991711,1.0,0.9872363435557363,0.9875962150322779,0.9908927585426308,0.987235683693969,0.9624538889602605,0.9796388930533386,0.9875155498364486,0.9888200928368764,0.9876595957810322,0.9868893707679298,0.9919450833400886,0.9886844309521046,0.9884307884681821,0.9884262770737626,0.9864616184883206,0.9875896545562673,0.9959765735226278,0.9920636509815419,0.9878716125348983,0.983875079220936,0.9878497119520231,0.9725214783228202,0.9860579820507782,0.9692496309434989,0.9690783032645897,0.9738061132124282,0.9821588496771706,0.9694318037610267,0.9871114863159293,0.9873475821102199,0.9881685151698527,0.9884163302502889,0.9815271871073568,0.9882100710077697,0.9869838826199565,0.9877792953900613,0.987227104405484,0.9872351614675443,0.9951748594746109,0.8734754221840836,0.7119862952973951,0.890041152595837,0.9072783139750479,0.8345186714035624,0.9275992228962862,0.910960236707008,0.9297019210096947,0.9392382453880961,0.9253355138931154,0.958597430848833,0.9633888947910229,0.9662368744733145,0.9770131421477555,0.9689165759276189,0.9825900478057664,0.9700586402684764,0.9821454817929595,0.9698046161047171,0.9692513847590386,0.9708949862441205,0.9630120332220798,0.9442017990364064,0.9436949453317863,0.9352152282440493,0.9799164495894308,0.9722954886882833,0.9702371790246134,0.968712594244743,0.954438696543586,0.8666942155435834,0.8191335614299132,0.8869585836868006,0.9030258227205985,0.9111176032712531,0.8932799229818639,0.891067964406948,0.6743976499596904,-0.5292699350730515,0.9766917864924541,0.9749702041964385,0.9711487078436245,0.9699850869047735,0.9678137468253725,0.9763318661774901,0.9759523220490854,0.9598999915277223,0.9657085740875854,0.959033993957642,0.6836944213671563,0.8587126930751142,0.94346378231714,0.7717047925948557,0.9192327814760989,0.9354471435826,0.8188759588007005,0.9579972246368075,0.8434394564153563,0.5661878429684138,0.6823321846167353,0.8413118303510688,0.8215418312370893,0.8395819040998656,0.9597373674373642,0.9598161481517224,0.7005585901610921,0.6936114782640287,0.7584218394579088,0.3640538074293774,0.7411434869846995,0.7641458287520128,0.7505287019226357,0.7526261944302938,0.7484304993196963,0.7126300401141653,0.6958654125863942,-0.27689162847299215,-0.40591319359223454,0.6681599361825736,0.8766396745588604,0.8942728895638128,0.9036553402202802,0.8904880462967667,0.7952507838858899,0.8638010934476978,0.8858011132990398,0.8858802511445615,0.8292691217068128,-0.15264164476759795],[0.9976793734679444,0.993671831017805,0.9906124335660568,0.99799101054616,0.9990635709991811,0.9872363435557363,1.0,0.9972796142982916,0.958647322219832,0.999554641141262,0.9740405307871484,0.9994794745426885,0.9982322422559855,0.9990993795548738,0.9990780684687299,0.9993818983508953,0.9974321767698491,0.9999015755255177,0.9992977393256243,0.9993029125861138,0.9996723019382886,0.9992677615854854,0.9906524337283588,0.9751695228453897,0.9847088333426632,0.9257687706268359,0.9928777115125218,0.9889679748723633,0.9728297480699032,0.9470397967938866,0.9919421607845075,0.9917616599550567,0.9932834102667958,0.9729681607649947,0.9988922163072778,0.9998305486263226,0.9996749062472614,0.9994237980439462,0.9996962479987707,0.9998602343520735,0.9978120606240779,0.9996962706711,0.9993143743692176,0.9989421315222626,0.9824057338479075,0.9290722174390917,0.7304911264498507,0.9370122626880817,0.9246789804446671,0.8131985514965052,0.9578196963477089,0.942056000519941,0.9599607419465861,0.9585838473437629,0.9512279303108288,0.9817560005995031,0.9803601492982532,0.9912342700343318,0.9964898855770836,0.9438035219660686,0.9589754727129771,0.9708510648868848,0.9712526959276807,0.9725669209115653,0.9438881686969606,0.8971113934527535,0.9497439170584938,0.9576180176019178,0.9348360455641209,0.8846708127300112,0.9636240152367601,0.9345110211307305,0.9648208689896914,0.9441652522343964,0.7545052726648817,0.8389632028079456,0.7644358799393158,0.8563406647889358,0.8801781592314326,0.8844487252372885,0.8631530776418591,0.8755425697509173,0.28639592273198167,-0.6038143503991935,0.9613519480470901,0.9430260204994365,0.9422041634117105,0.9458418028324214,0.9576022367898764,0.9685765589998423,0.968619792088846,0.9270975741968936,0.9648777340203638,0.8341367142306573,0.660822891776988,0.9092814795745168,0.9241720887607681,0.7593811950935756,0.9253128245415336,0.9449339623669084,0.8195937779343868,0.9672022657685334,0.8315719689127339,0.6148550109951352,0.7015366518490412,0.8447297563337453,0.8422034984593434,0.830783448177907,0.9760016498328554,0.9762180619323487,0.7271974223650676,0.69336380121529,0.7823930919825101,0.33422752036639014,0.7683922374570139,0.7922602747948944,0.781675936677451,0.7888691508394239,0.7435167109083607,0.7328419236013057,0.7120615254855394,-0.2648589012398526,-0.41357967828490255,0.6555764929271742,0.8913255524147737,0.9280366291855131,0.9435721934181768,0.9160075251638675,0.824107281864488,0.9120422394574703,0.9335856257072408,0.9330123424192891,0.7756503772290814,-0.14580904501927022],[0.9956179947983164,0.9899505481266185,0.9911199254289516,0.996115300462807,0.998381501450566,0.9875962150322779,0.9972796142982916,1.0,0.9699164351397089,0.9999849900838106,0.9685210939681336,0.9996854098121104,0.9999969529144564,0.9996756528036261,0.999997984486342,0.9997435763587709,0.9939389528775091,0.999360531574642,0.9998952274873205,0.9998947701036381,0.9999594267733584,0.9999947754743854,0.9909778491578451,0.9763629229464291,0.9921411668032579,0.9400028909246632,0.9933819426265296,0.9864913841035868,0.9750282002087636,0.9459544491020411,0.9882153727415387,0.994041692338401,0.9919422271606481,0.9697108189417485,0.9994405370128993,0.9995154370708045,0.9996334561127975,0.9997055266202567,0.9989185820050178,0.9994473890799915,0.9983759674269079,0.9986410258115941,0.9995100111734075,0.9993755036009665,0.9839367072304256,0.9290713036063244,0.7175288023724989,0.9422472697840155,0.9224106916340133,0.7934192219649392,0.9561871703299991,0.93721964077952,0.9579268893785372,0.9523067524287088,0.9448088789496973,0.9797450783787894,0.977195602396821,0.9902072613565506,0.9972270859842622,0.9383311009452894,0.9537444129980852,0.9634992847416888,0.9675871376445688,0.9656683053760179,0.9419880826458288,0.8874382847319668,0.9441370074913555,0.9500580370579067,0.9289462498206811,0.8704158905244198,0.9603563078170622,0.9275120900506642,0.9586419196563095,0.9390714273937126,0.7393090019239791,0.8295036714935623,0.7595484780080572,0.8469097436070576,0.8718286728660071,0.8788596724082319,0.8581752968182912,0.867796816604054,0.26659821452936144,-0.6091784911630529,0.9563427729003311,0.9344705268035516,0.9347229109800524,0.9436978002755934,0.9520024871905557,0.9636712399978721,0.9637071048606985,0.920750367146503,0.957038627699277,0.820478709504823,0.656572587223528,0.9273113127842263,0.9361304721724161,0.7544768904958751,0.9247712157252669,0.94463554356933,0.8169664231244342,0.9716977772512032,0.835097908934321,0.6004793559944067,0.6922423058809084,0.8458292304736591,0.8391169846272498,0.833960892653435,0.9788440611354364,0.9790653475567318,0.7172435404115685,0.6847351217708104,0.7841609739793765,0.3200227089583904,0.7631550559750951,0.7878209579675545,0.7827538785041915,0.7832673876769379,0.7364767524339015,0.7265665626814328,0.705132193765009,-0.281579333456817,-0.4293199035844276,0.6387021615215148,0.883075981735547,0.9256900367634993,0.9358710716703257,0.9097873098104869,0.8128084289380338,0.9055161422457526,0.9272604924390828,0.9269313550651329,0.7557542189489603,-0.12819003331468953],[0.9691286586037303,0.9815060853852693,0.9899208396962847,0.9713919930581408,0.9845111829579125,0.9908927585426308,0.958647322219832,0.9699164351397089,1.0,0.9853566573597985,0.9433899183479726,0.9900980467742082,0.9736552009307281,0.9837077737268932,0.9785860289721796,0.975670734284018,0.958444355667906,0.980792330538993,0.9792325903691808,0.9792003416384163,0.9833195100804991,0.9786054587936647,0.9946528742060678,0.9911166385122657,0.982409754903726,0.9864196658235117,0.9852625167099698,0.9869368474788118,0.9891368675229409,0.9622066154778413,0.9315418523687308,0.9529945350502712,0.9691788357524207,0.9501415733547502,0.9731758611702801,0.981310633003496,0.9782374899847671,0.9806255717313274,0.9881819923267726,0.9829803707085468,0.9696438486177192,0.9778296428680785,0.973990472875677,0.9729685111624743,0.9988298543516756,0.8899927887926048,0.6653664872902294,0.9338291674961611,0.9207034254274215,0.774639420132828,0.8903331736034943,0.8802208692629423,0.8938432324218117,0.9098671547261157,0.8953902143562561,0.9330891754093008,0.9478089048352235,0.951588800692344,0.9656395066069056,0.8906111825094997,0.9548843432432612,0.9342463421587298,0.9563889128840694,0.9345771097559507,0.8886148028541657,0.8900999432634478,0.9255667189124418,0.9010349355111228,0.8641451716714128,0.8503136778649858,0.9573566230135084,0.9050547042561535,0.9337393779848198,0.8938232102484635,0.7719489275633319,0.8046243183422899,0.6928701682715022,0.8279977517859947,0.8524101895049825,0.8649306126297712,0.8148379455427089,0.8330908714237084,0.3020446919788677,-0.5575348330860124,0.9439456864275517,0.9316260415994031,0.9299430596077901,0.8906623460021177,0.9329980694176714,0.9433592735613373,0.9428024771701212,0.919622294724876,0.9274140709003399,0.8317002457374574,0.6606632793159748,0.9189648769274522,0.9517863594487662,0.7403410420597439,0.9056406939262029,0.9234238358189237,0.7999957984145883,0.9675043114522847,0.7466074136688936,0.5018723791043908,0.6355802339074651,0.7666413093661371,0.7716660687898618,0.7532651775272345,0.9671925591952348,0.9672081855969866,0.6467140332049972,0.6426357746446789,0.6799815226325154,0.30448021487328747,0.6771624305458517,0.6927626370809999,0.6737941366309798,0.6893411338748537,0.7108175179955274,0.6712556444357632,0.6516027785065726,-0.3307667259213944,-0.46472316268556807,0.6603088235260013,0.8482398566656578,0.846926653986329,0.8719566724684178,0.8733034225090741,0.7565083783597776,0.8234985583902714,0.8531362037324133,0.8480298564532363,0.7136487997044663,-0.06875573171038524],[0.9959309364582632,0.9899792631328056,0.9943258506477354,0.9965038771412834,0.9984410794031507,0.987235683693969,0.999554641141262,0.9999849900838106,0.9853566573597985,1.0,0.967864004875053,0.9996845102124506,0.9999817864812484,0.9998458383948063,0.999990391525665,0.9997728290671428,0.9979963397278978,0.9993521540090438,0.9998374530364547,0.9998364906563911,0.9999678121219112,0.9999829337054192,0.9938681953895291,0.9778594043098628,0.9954112233640199,0.9749868770604009,0.9955452324371664,0.9864602201448385,0.9794250211470489,0.9472118525973449,0.9888479770249645,0.9931662305416429,0.9890379973173878,0.9654176930164893,0.9993760131066022,0.9994557198659912,0.9994620352440183,0.9998491880111795,0.9989278096731731,0.9994338683550729,0.9990340229835396,0.9986551251688147,0.9993722515876483,0.9993666225325099,0.9884716612855227,0.9291204406633502,0.718166233980275,0.9420763550355593,0.9222514304179631,0.7936316117167364,0.9437508074489556,0.9275964476740387,0.9473113155197035,0.9498085203694021,0.9421193023607608,0.9776613643381072,0.9772504797443511,0.9902764684847634,0.9966960967987883,0.9691979376754054,0.9541185488844237,0.9700283377687602,0.9676857686058579,0.9704546841593701,0.9701394327331111,0.9413628608757462,0.9434840808347252,0.9433749825383108,0.9429841154864835,0.8991385522515465,0.9607047993253086,0.9609536964794427,0.9669373488538793,0.965815634522247,0.921504213361288,0.8288717713426959,0.7799590320374439,0.84608908593201,0.8930495178888536,0.8775801059166484,0.8847753866122077,0.883761405802977,0.6539242643917006,-0.6238036657901088,0.9563120197706853,0.9345070152494871,0.9348744442387831,0.9704885706022164,0.9470304600918361,0.9632679368658624,0.962787584746087,0.9217192406408459,0.9654136073552004,0.9257758102920038,0.6550373679207465,0.926873038394358,0.94955819811412,0.7318357898834749,0.9125008751961631,0.9359779336863591,0.8161157902781773,0.9705346081703644,0.8890574923350233,0.5013000786761218,0.6618360098924801,0.8777199651645693,0.8372295366948805,0.8807124134639869,0.9787759686102602,0.9790259492164058,0.7151852525447712,0.6817803580636195,0.7538964373784617,0.3179168052372186,0.6970211239753465,0.7593036613652178,0.7378853853915374,0.7183343050745971,0.7339962960653369,0.7234176974004335,0.7019383953541519,-0.513516270200545,-0.5931587825791763,0.6385605505917964,0.8819398349157358,0.9246385359616671,0.9378602237195608,0.908832546248991,0.8081250983393954,0.8960070604423049,0.9178288516743592,0.9172558307775228,0.8064285413592487,0.10183408778871408],[0.9803688544401745,0.9710699679764934,0.9571487768197007,0.9800206138769445,0.9741648327946569,0.9624538889602605,0.9740405307871484,0.9685210939681336,0.9433899183479726,0.967864004875053,1.0,0.9569575791102247,0.9688922747984896,0.9678807862675025,0.9686334526586063,0.9726101925253869,0.9672439928524325,0.97595593031836,0.9726317746188352,0.9726448625090102,0.9686841936273533,0.9687508165869902,0.9672362146951968,0.954913794910952,0.9750019782307896,0.9556664433484983,0.9730025168322398,0.912797866168624,0.9706401020169274,0.9549821932753815,0.9779865254659911,0.9725102011125606,0.9725635009099359,0.9411611476647473,0.9762684269732459,0.9758661938036839,0.9762747487902633,0.9691373433465682,0.9638186526368714,0.9753087448092286,0.9738100552873177,0.9784730993147871,0.9764342213905036,0.9764501527877174,0.9567038674626752,0.8533704329174407,0.540520722351647,0.8251650245255836,0.9044754942669619,0.8794080251054619,0.9062009357987458,0.8433265326203758,0.9104653668497502,0.9215439878916635,0.9077247816904621,0.9385983492771582,0.9384687250766193,0.9468097060697116,0.9714021002063365,0.9470162818877906,0.9397653292396987,0.9561271123327614,0.950584588401153,0.9547133121703629,0.9547333827004463,0.9134236582066495,0.9547828375036017,0.942205212549818,0.9418961814268663,0.8699968491252893,0.9398389085795243,0.9469349514245176,0.9409960116077003,0.939950014249133,0.8921501222966766,0.8371730830710864,0.7970620921768803,0.8767950873681976,0.9231209638085539,0.897823383137952,0.9105571067111575,0.9099345174319668,0.7404613275770433,-0.3202239135004657,0.9551750958194505,0.9572151106540145,0.9487098247081148,0.9486286365591371,0.934506836038184,0.9563572353739305,0.9563233459711337,0.9050997025658555,0.9581800458586462,0.9094076664342242,0.7450769781968948,0.7394034929840108,0.8776577068927727,0.6616726975686512,0.867281411742411,0.9001632562050826,0.8830878247464058,0.9542091043746659,0.9090195453011694,0.38128679569084817,0.6632945023763251,0.901549671975955,0.8810909905220318,0.9085239033707864,0.9544183789682001,0.9547276777724202,0.5538799648369621,0.7187091383086895,0.6287972962866246,0.5022300169498138,0.5894068343848011,0.6424312941878586,0.604272778820212,0.577749180245899,0.8194321238784982,0.6972434818707595,0.6623894933354811,-0.29496004749753535,-0.34797184144244847,0.7552966445437214,0.9180596106290668,0.9249360786256812,0.915176068644686,0.9421406066663679,0.6762574781842199,0.8502418972693211,0.9119955390003947,0.9111606644089866,0.6957026330528348,-0.16327462019826755],[0.9930241091797422,0.9921283112227104,0.9970970396920822,0.9942763207408759,0.9978541519661538,0.9796388930533386,0.9994794745426885,0.9996854098121104,0.9900980467742082,0.9996845102124506,0.9569575791102247,1.0,0.9997093668548779,0.9996901977145252,0.999697966007481,0.999353216913033,0.9991909720873927,0.9992115991661015,0.999960379512974,0.9999599528076526,0.9996968680523359,0.9997043094438225,0.9911387141822221,0.9624001110055188,0.992159287416578,0.9806918213737165,0.9931876116631911,0.9902116283051892,0.9737155839682965,0.9070656327342954,0.9891849484080982,0.9928136577263561,0.9750932895073577,0.9073423820138709,0.9992340550946284,0.9992954696171626,0.9992391563207168,0.9994891574896944,0.9994626383877595,0.9992617625357517,0.99892587489328,0.9980459277326419,0.999210608213009,0.9992065767450949,0.9899594094037103,0.9233224370485286,0.5585176754048692,0.9381514941305786,0.9214830004748564,0.7973499330178793,0.8602121668594959,0.8995213206279385,0.8651771311414367,0.8813374488102679,0.857594005272723,0.9527367516751235,0.9526829097073403,0.97675595087244,0.9938416652153035,0.9559241885534789,0.9578147315085208,0.9485909175718832,0.9504363265801358,0.9525251282716944,0.9523446588405243,0.9068339958541949,0.9181997915608753,0.8821565178733572,0.8819892210345702,0.7778218475943611,0.9526598683609752,0.9556835069763625,0.9558284716676338,0.9551837769116525,0.9090642586293692,0.641245340981741,0.582757483478792,0.7274000512142698,0.8200975134000574,0.7546951420933917,0.7887645095631123,0.7876206990598997,0.5795263576758578,-0.38770018867339595,0.929523834122525,0.9382323121176295,0.9292452093323635,0.9571881345163802,0.9263773412176294,0.9347818535565046,0.9336946017800811,0.8723904817348913,0.9385935599175395,0.8788062509533702,0.5634637964792762,0.9238143513729737,0.9177882553040283,0.37378898553636675,0.7251956652353607,0.7995487319371877,0.6731120526757098,0.9738078338798747,0.6810261848919267,-0.20251694046320204,0.2082493712932328,0.654768855653943,0.6582979914200726,0.699535941701008,0.9750230137084673,0.9750802905816769,0.014025566541598115,0.24657787922166807,0.09703146640370974,0.06250144329093865,0.08962516220587313,0.10842384001484136,0.0750960012227052,0.023936348414557995,0.449745403898421,0.1784372771309808,0.12540669779951266,-0.5143773922469426,-0.5522002614366047,0.6385887874926972,0.7449773852484738,0.7695087286536944,0.8303178750729813,0.8264576670599267,0.5332261061206701,0.7314570778021712,0.7646788798368035,0.7633832320862323,0.411680217299504,0.23668834037990794],[0.9957519571239831,0.9901570379683898,0.9910081157763009,0.9962313198957681,0.9984213556225474,0.9875155498364486,0.9982322422559855,0.9999969529144564,0.9736552009307281,0.9999817864812484,0.9688922747984896,0.9997093668548779,1.0,0.9996595503886389,0.9999976653449647,0.9997787101433074,0.9950359411513927,0.999407646555113,0.9999056827124486,0.9999054279031481,0.9999669822784034,0.9999951781018005,0.9908806213368878,0.9762261956072126,0.9927990184112027,0.9449097554410849,0.9933419408789326,0.9866592876353837,0.9748562165497128,0.9459574982156627,0.9891094544140256,0.9941058150780241,0.9920188280747103,0.9698558744428235,0.9994830224434422,0.9995581416419227,0.9996659698356658,0.9997067666153924,0.9989986855994833,0.9994906965731677,0.9984392205507089,0.9987177886756319,0.9995534932068098,0.9994189532502838,0.9837345974722718,0.9293680273219187,0.7182526240162256,0.9421934434679362,0.9226451251622588,0.7945092934474985,0.9565266411754433,0.9376326489050191,0.9582733924923013,0.9526813340421181,0.9452160586622403,0.9799903221294027,0.9773852864031366,0.9903464830692804,0.9972913792638666,0.9386505120575483,0.9539145318338003,0.9637997939522657,0.9677296278039376,0.965963430148513,0.9422533980809724,0.8876140157932225,0.9444138539509234,0.95048234807956,0.9293868809536063,0.8708443697764906,0.9604459393788175,0.9277394145964588,0.958873672479318,0.939369732182352,0.7394145189892848,0.8299848528524163,0.7601072985380855,0.8473752319408717,0.8721799223336525,0.8791265813445065,0.8585959852628048,0.8682327431814472,0.26692757945988516,-0.6090933516215221,0.9565597152202329,0.9348386196906989,0.9350310265971704,0.943947711245878,0.9522363901861258,0.9638962103668459,0.9639332460127275,0.9209504265747835,0.9573631567327446,0.8207148804449232,0.6567418816310674,0.9264963138301924,0.935596324090913,0.7546964593762033,0.9248094174198718,0.9446758554897283,0.8172450903672919,0.9715310259644168,0.8355521027599982,0.6015159027075165,0.6929300046038606,0.8463024626785723,0.8396493774127065,0.8343966026054573,0.9787620636172902,0.9789832533529796,0.7179025158668781,0.6853389258200804,0.7847425868873623,0.32084739216698077,0.7638426356422857,0.7885028575342116,0.7833418475060887,0.7839765238337391,0.736873199206326,0.7270263120995148,0.7056180822149271,-0.2805689556049981,-0.42840845061380095,0.6392625850850974,0.8835927845262659,0.9261164836613134,0.9363837361322137,0.9102444374181985,0.813366453505795,0.9060745997881919,0.9278063485697413,0.9274644026493536,0.7564271575699614,-0.12923731983176984],[0.9950173371865779,0.9900054330343294,0.9929328827626256,0.9957015007244211,0.9982476873658702,0.9888200928368764,0.9990993795548738,0.9996756528036261,0.9837077737268932,0.9998458383948063,0.9678807862675025,0.9996901977145252,0.9996595503886389,1.0,0.9996963495357012,0.9993802543459646,0.9984752882556336,0.9989825812041501,0.9994988163545266,0.9994917383366722,0.9996787738829948,0.9996522577174296,0.9928805131242798,0.9779253357446688,0.9960415674371124,0.971641170202676,0.9959323513452489,0.9865235823562098,0.977673632027004,0.9484558927573312,0.9882010891323073,0.9920806314078578,0.9910488332972889,0.9675116666228021,0.9987885601687481,0.9991036753248046,0.9992846162927121,0.9999187815760183,0.9989507282467711,0.9990939285158801,0.9980362767779186,0.9980550086792032,0.9987836781288395,0.9987121417475452,0.9877973682053166,0.9293154019634706,0.7139057232584219,0.9422812100321983,0.9225494033480335,0.7938534329896437,0.9519704352497523,0.9309183251354357,0.9531137851933686,0.949192044200634,0.9410848509374656,0.9764504991475929,0.975261614362299,0.9878907751092634,0.9957749789769075,0.9612927344565073,0.9536351033126876,0.9641376585145657,0.9671746507932467,0.9658563125149021,0.9651659820782902,0.8917431838778449,0.9417811639392468,0.9490061571477543,0.9487014140207528,0.869439935067701,0.9608312098576522,0.939092155267545,0.9607514423604546,0.9594649675364123,0.7441913526365415,0.8272462354100878,0.7883402132698124,0.8452828146607273,0.8736882790344259,0.8784511171946767,0.8669854044549397,0.8673953459173112,0.25275367395141746,-0.60349494050654,0.95586295764343,0.9345668614409155,0.9340957328966931,0.9639482530260547,0.9518234346227141,0.9628660502056257,0.9628553203856758,0.9210773104685366,0.9577501410912781,0.8273264179582596,0.6571459289426074,0.9269660964826106,0.9364958223902038,0.7524293530203778,0.9231388020636951,0.9432511672985383,0.8181356497990853,0.9740660140334892,0.8301874957646032,0.592954923570401,0.6883737218536057,0.8375232615987714,0.8343276309541146,0.8265048826875436,0.9805524146098158,0.9807351315814119,0.7088879835530366,0.6801349792311564,0.7647394980899427,0.32057142657054316,0.7539712294209563,0.777264691637008,0.7536649705776772,0.7730040258537548,0.7346962757115908,0.7171385812211685,0.6959924984428517,-0.2870653674327703,-0.4333270881239761,0.6388677718536813,0.881336351915077,0.9272979384320975,0.9316865083150492,0.9093579747693469,0.8055617648478568,0.8998313772830714,0.9205759752358492,0.9209479321479308,0.7498136552408373,-0.12755612248130202],[0.995668506202368,0.9900507857558972,0.9911789209969872,0.9961644522405176,0.9984150988278095,0.9876595957810322,0.9990780684687299,0.999997984486342,0.9785860289721796,0.999990391525665,0.9686334526586063,0.999697966007481,0.9999976653449647,0.9996963495357012,1.0,0.9997767940974486,0.9975339761503675,0.9993791490977167,0.999898595391357,0.999897823217631,0.9999610505879557,0.9999927680681117,0.9910188669955793,0.9764197780066249,0.9945869049401742,0.9596187050210069,0.9944167313165113,0.986591233111654,0.975075554899023,0.9461313104752609,0.9915656213557512,0.9943998089985829,0.9918865361874456,0.9696125615654952,0.9994549122271484,0.9995189005377271,0.999642505706318,0.9997230795214485,0.9989558377405839,0.999456784037594,0.9984448430917517,0.9986610394766154,0.9995222967336342,0.9993907207479369,0.9839250118313669,0.9291696035116115,0.7175869593316726,0.9422620444853524,0.9225786633499212,0.7939300577582116,0.9562850054306078,0.937379259316302,0.958059532084182,0.9522643732023081,0.9447388614818709,0.9797851732890235,0.9771514722929608,0.9901806127548507,0.9971938227716822,0.9386646782093065,0.9538528319665639,0.9636853559618852,0.9676606241910632,0.9658386032899271,0.9417391143627524,0.887668726239842,0.9440076090922219,0.9501289084238725,0.9291867514031548,0.8705503920110786,0.9605141883476196,0.9279026875770237,0.9588702215803635,0.9394215455456095,0.7396872186783655,0.8294611088767485,0.759838084706147,0.846912750436663,0.8720113995570966,0.8788410428919302,0.8583420924532056,0.8679802532699166,0.26696222033255335,-0.6088831041998813,0.9564161438879539,0.9346581800737512,0.9348820870613607,0.9420249217181493,0.952189655260351,0.9637485361601481,0.9637810301552795,0.9209328090181176,0.9572249126770267,0.8207660368606967,0.6566138011448809,0.9269233106250354,0.9359993879164191,0.7544305227073294,0.924656857342426,0.9445458780218707,0.8169709764022286,0.9717172482676252,0.8351507342891429,0.60033675633659,0.6921347767891681,0.8458667369438756,0.8392679243671456,0.8340073285114931,0.9788940569141448,0.9791118614943611,0.7168001487348834,0.6843495289562728,0.7841581721570097,0.3203196050023681,0.7631441893930562,0.7877531802615209,0.7829380589746463,0.783176685476452,0.7363839281399396,0.7257683797336693,0.7043689801669196,-0.28137566270006475,-0.42911241154039775,0.639016597642068,0.8829991646301268,0.9258380317703111,0.9359373682603233,0.9098454585496358,0.8126168357623488,0.9057498803977605,0.9273224053554434,0.9271099783974223,0.7558754204827313,-0.1284938151014289],[0.9967946566279043,0.9915987618271214,0.9901795477801671,0.9970902523304843,0.9986649335403046,0.9868893707679298,0.9993818983508953,0.9997435763587709,0.975670734284018,0.9997728290671428,0.9726101925253869,0.999353216913033,0.9997787101433074,0.9993802543459646,0.9997767940974486,1.0,0.997755382976756,0.999644622239803,0.9997829937925236,0.9997867953034312,0.9998160868109157,0.999795491327936,0.9900931369612949,0.9752967265483942,0.9931313030152169,0.9489121693643211,0.9929094067915479,0.9866550535020244,0.9734042080398246,0.9465421453893044,0.9924992046685363,0.9940782994276234,0.9923233913851697,0.9706608187889755,0.9996170566913174,0.9997367533741369,0.999771452370251,0.9996308461835456,0.9993581691992444,0.9996909534164788,0.9987873604085219,0.9992208692524001,0.9997323060688222,0.9995764648841853,0.9820420321996595,0.934386070338212,0.727859422331338,0.9395340319229505,0.9232505078961255,0.8082184611543627,0.9593203631060194,0.9416542637115629,0.9613504969573429,0.9561831287039375,0.9488884009095299,0.982121621582338,0.979046877686942,0.9912294869964438,0.9975215339363551,0.9413572603109273,0.9550920280329663,0.9665731367819632,0.969027632226847,0.9685964770980612,0.9442150028064801,0.8892762699721247,0.9461233776445638,0.9538238690553646,0.9328999520625314,0.8742586603839569,0.9615012627231893,0.9301516377557891,0.9611272424162346,0.942086616494426,0.7405743149524517,0.8345220805210464,0.764848946173011,0.8518074336005562,0.8757206678282036,0.8815750519000012,0.862571986049892,0.8727318444705462,0.27003456144283844,-0.6062272551535652,0.958773530929606,0.9373411234681926,0.9379322923771273,0.9458704021914115,0.9547045962480328,0.9659502639295147,0.9660486589370716,0.923214802318775,0.9603771908429342,0.8230261893524892,0.6531448332207466,0.9135619136907981,0.9297654305253379,0.7535285295842995,0.9230369193436632,0.943151084150334,0.8206206747661812,0.970556708227337,0.8393059218104382,0.6102511506403235,0