var element=document.getElementById("correlationClose");if(element.style.display!='none'){var correlationClose={"data":[{"type":"heatmap","z":[[1.0,0.9999905215441088,0.7079509818870667,0.9997566802146965,0.9982366394896466,1.0,0.9931051329845524,0.9900474769847696,0.9900474769847696,0.9935986952709553,0.9786684610823223,0.9879879301984337,0.9931372019656302,0.9934766868453293,0.9931795180321485,0.7019183705592514,0.6076139459123758,0.2285697975284385,0.993868286634749,0.9938612711399932,0.9859838913345789,0.9931249705313998,0.36317341010918563,0.7727387656220944,0.9838921888173244,0.9838921888173244,0.9838738679581244,0.9791792480107708,0.29532056833134906,-0.14860658122790985,0.9890463231098254,0.9890066260453745,0.2381265475728682,-0.2335917562772976,0.9950128641111654,0.9953421578075977,0.865089678497946,-0.34204218747816295,0.9911892697927531,0.9954049654535893,0.6793059501686809,0.20891664303423632,0.9951279650745865,0.9951241722822134,0.9951279650745865,0.9099729087357161,0.6593281000634199,0.9326971460705352,0.9359090327162933,0.8586729696320172,0.38283914294275045,-0.1893763555754899,0.22977153205458742,0.9531603881265546,0.3620166085355782,0.9754167706819069,0.9723666680368921,0.9817276277862457,0.9892817073725403,0.9387814701045147,0.9486780716193763,0.9504445434663851,0.9398257855405557,0.9477876577155675,0.9483633118985629,0.9477876577155675,0.9019348493273829,0.9291441584264074,0.9299427915284002,0.9291441584264074,0.9345603793226399,0.8148033738455053,0.9080313023666106,0.909116710738028,0.9080313023666106,0.7433723767572817,0.4364927178010987,0.7342439658896218,-0.5213628337129432,0.6401051899636433,0.6509134213450503,0.651064967065347,0.6509134213450503,-0.07368997295482774,0.9224984260878208,0.9515604549836566,0.937920452106061,0.9400617458957332,0.23110026185089477,0.9171360922348032,0.9176145676414525,0.9171360922348032,0.9206572839738475,0.9206572839738475,-0.09436991472401572,0.6069243670678309,0.13663590338160905,-0.7166468716429978,-0.6040910923926576,-0.6081091392945551,-0.16376582018623204,0.15935687469054635,0.1883664978236399,-0.03741842638610661,-0.5974135062510186,-0.04498779989527055,-0.7975196707605225,-0.3142576860705205,0.18037516299254072,0.1819303279284344,-0.5845804825395642,-0.5689818978867904,-0.30224003183432835,-0.527389830178151,-0.8105194470252187,-0.4275887657657183,-0.42027143305372017,-0.4275887657657183,-0.25449906327904437,-0.37637117611917553,-0.37637117611917553,-0.7987289084393636,-0.7987289084393636,0.47289825125407586,0.6329607650514684,0.8492187135317852,0.8422393771799457,0.7561430106594244,-0.35195731671816094,0.7472340106775766,0.7718419446946704,0.7720314767020617,0.7718419446946704,-0.1576250890959865],[0.9999905215441088,1.0,0.9837541476519862,0.9995633264872528,0.9963077460292472,0.9999905215441088,0.986251779232009,0.9816311181385828,0.9816311181385828,0.986165008104735,0.9757763975743255,0.9869742469467386,0.9862836529158334,0.9862470643613739,0.9861477994066011,0.002244445134057247,-0.0910859251000208,-0.474596539860281,0.989126187658076,0.989124457445249,0.9863193894997152,0.9863233892524879,-0.20395083877755607,0.9819224727358246,0.9823221211803875,0.9823221211803875,0.9823454908729917,0.9792534925212992,0.06360576035490632,0.08667146590548862,0.983168390932746,0.9831965975025642,0.6971537785832649,0.024155766129258155,0.9913009643363129,0.9913085036586471,0.9918311535101392,0.9871587440803704,0.990429796963888,0.9913511151973464,-0.046947476771003964,-0.47879506482559886,0.9918646913936825,0.9918638686716736,0.9918646913936825,0.909690927520052,0.510759204016396,0.9326247670220562,0.9356828636529017,0.8582428144540626,-0.2161688737231563,-0.4648538106305558,0.8588024003706954,0.9012566916045129,-0.2599528773077331,0.9447885099035036,0.9449180303807361,0.9655504077803952,0.978705485595174,0.9593453520504875,0.9641899502092298,0.9510217400777212,0.952868016976803,0.9537667704596439,0.9540853833770216,0.9537667704596439,0.8834710202848607,0.8593785004234793,0.8604839193180133,0.8593785004234793,0.9609843383754156,0.9634636837828866,0.9609052939093575,0.961572488707934,0.9609052939093575,0.6990552595398185,0.657629752589424,0.7302880102615636,0.7858121695980428,0.7071098904711463,0.7274611067525558,0.7285210498796142,0.7274611067525558,-0.08117390459153195,0.9309180953044709,0.9484066098014453,0.9426720078654915,0.9635086753524763,-0.33013367514884645,0.9280023638188751,0.9281277753037986,0.9280023638188751,0.9333357085613387,0.9333357085613387,-0.17705042659064404,0.6068316128307724,-0.37327664644136654,-0.8033802335615333,-0.46861486530008184,-0.47272516512742885,-0.40155811489086607,0.29633408594143973,-0.27167039690537065,-0.5200399611620329,-0.7585980985785418,-0.372905976743848,-0.46997369877256545,-0.43849564303224914,0.14953594093450798,0.14734192222111583,-0.4921080689357889,-0.4617573426231287,-0.48995002956612377,-0.5217228103399121,-0.513425200253326,-0.4922724257638469,-0.49573215321506703,-0.4922724257638469,-0.3873982339855601,-0.5548954236545983,-0.5548954236545983,-0.5185838773891386,-0.5185838773891386,0.47068403183719437,0.374647504466346,0.5109812188354758,0.6332866630788502,0.5323481409524401,-0.44475347155925576,0.40416007463177506,0.3186194982113481,0.3188171299249386,0.3186194982113481,0.20960973839881672],[0.7079509818870667,0.9837541476519862,1.0,0.7056085172783217,0.6514600817308895,0.7079509818870667,0.6862010447407256,0.6797189610064382,0.6797189610064382,0.642662606901704,0.6139096607353475,0.9945591223469362,0.6862202997073223,0.6834511149202519,0.6863324471501397,0.36781599642551593,0.3190049327219389,-0.23755203019663748,0.6533990128144397,0.6526616915096882,0.6239562328815202,0.6852786581353677,0.14819668022666063,0.8204250226667055,0.6702591906798511,0.6702591906798511,0.6700455192597627,0.9897845815800642,0.2692144408834383,0.0790541965226093,0.6418258650796459,0.6414754432334621,0.5974782244286667,-0.07282573300759976,0.6814870882243659,0.6356529711680974,0.6441079443746693,0.2798542074031078,0.9932058984652071,0.63307487557217,0.3505923461160943,-0.2473252627409788,0.6985383505981215,0.679478887907197,0.6985383505981215,0.9070663440940666,0.4280435799791763,0.9451389459678154,0.9277825501232422,0.774732339210266,0.23741509951829673,-0.08239861044299139,0.056257423677998374,0.585716877695444,-0.07923968193803502,0.6260861011349521,0.6058429635998276,0.6227747819488059,0.5868948453827847,0.03881092131711646,0.8298801158045461,0.7664550320964957,0.6978269654066317,0.7718800263590714,0.7860356405792898,0.7718800263590714,0.6056912136841067,0.6947238641199365,0.7325862320689069,0.6947238641199365,0.7450662053151347,0.7023543494515578,0.7548146585616594,0.7899492245131945,0.7548146585616594,0.508565395656961,-0.08131933773886264,0.5240083265254517,0.08618131180145383,0.48718155726899787,0.27040365465488236,0.5377848636859509,0.27040365465488236,-0.119975498163649,0.6790127251400224,0.9032181533685235,0.7388249125074032,0.7922684026168262,-0.09409014722151914,0.7098059934656243,0.7092454971598063,0.7098059934656243,0.7568067167619106,0.7568067167619106,-0.19014639552720372,0.7049526166678223,-0.1743599600668618,-0.7356376998593152,-0.46456465262390395,-0.4687302583025389,-0.4387721401357402,0.1383500977413391,0.019320349100053535,-0.3646774701837359,-0.7154553129213422,-0.1857913608993176,-0.35117805285398146,-0.2973105071826774,0.07105913492759285,0.06970644881452183,-0.5070836326848577,-0.09149936575909795,-0.27993504004724,-0.5256120035895023,-0.23726865463842184,-0.42716691754401503,-0.31168753692603657,-0.42716691754401503,-0.43734352153342715,-0.5627990078880369,-0.5627990078880369,-0.33006602520480444,-0.33006602520480444,0.4263937766549871,0.23262338160997828,0.30643754776320076,0.5438629452182705,0.3244559083740271,-0.40189491068286815,0.0036068734810786873,0.4665349155500574,0.5610990727956392,0.4665349155500574,0.015244494080840948],[0.9997566802146965,0.9995633264872528,0.7056085172783217,1.0,0.999006319162132,0.9997566802146964,0.99416678824676,0.9915260311296167,0.9915260311296167,0.9948575457406963,0.9770682877990136,0.990735571867217,0.9941897297392143,0.9947906030408727,0.994210649087558,0.7009540592440051,0.6061734072417947,0.21442396996665017,0.9947594837697324,0.9947560194168308,0.9859999803146888,0.994171925943094,0.354683463995562,0.7768911408611806,0.9861477164814001,0.9861477164814001,0.9861285831774104,0.984132121896136,0.2910306439673318,-0.1543798950450488,0.988261486890656,0.9882289980816618,0.23025065267170564,-0.2339568503561792,0.9954087376618337,0.9959330196829101,0.8352074173303438,-0.3460123466604691,0.9931671740467193,0.996198395209443,0.6777624455529033,0.19451597589916653,0.9936387396428858,0.9954409372956787,0.9936387396428858,0.9080738331768368,0.648018613678702,0.9352358480248215,0.9332129004659914,0.844819136912961,0.37846040157158956,-0.1936358635826638,0.2251312815759473,0.9483817809715113,0.3470867076768646,0.9712017802759888,0.9697331549254656,0.9796969864068218,0.9890140785444252,0.9223115840740049,0.9440966876998151,0.9406965658192216,0.9370372012013994,0.9350287062660512,0.935775086179845,0.9350287062660512,0.8961017213988448,0.9201259996631422,0.9209806557918261,0.9201259996631422,0.93214450236033,0.767209591192276,0.8773880490617755,0.8784932991736821,0.8773880490617755,0.7376507169004972,0.18800092969224264,0.7271812821693876,-0.526007129017914,0.6366559755962041,0.3886200804383765,0.6248152191162419,0.3886200804383765,-0.07915214406504732,0.9188923695196582,0.9466603282858378,0.9325502953223643,0.9218090603621366,0.21760176963286515,0.9141396581495987,0.9147236200822891,0.9141396581495987,0.9060287166584389,0.9060287166584389,-0.09849099386571604,0.6237043078363892,0.1416489910604352,-0.7250439812628312,-0.610043968286292,-0.6139820084537784,-0.17457004379063643,0.1555117820438361,0.1823632665127247,-0.04955735477238034,-0.6076849665190135,-0.05033492219656323,-0.8022570733703571,-0.32109045494350097,0.17162005101981603,0.1732252736795524,-0.5902983936859588,-0.5657022912210289,-0.30249053216876187,-0.5362443503462063,-0.811413636548357,-0.4281699121317312,-0.4213971193820887,-0.4281699121317312,-0.261773471147515,-0.3845980216541212,-0.3845980216541212,-0.7978716012138126,-0.7978716012138126,0.46473981532143505,0.6227496078370702,0.8416011274846729,0.8349863008759505,0.749609433080851,-0.36339202391908293,0.7386942219837731,0.7633103070960567,0.7635002451933965,0.7633103070960567,-0.143224197551914],[0.9982366394896466,0.9963077460292472,0.6514600817308895,0.999006319162132,1.0,0.9982366394896466,0.9973697030881084,0.996156749637564,0.996156749637564,0.9975805738077332,0.9713110383052145,0.9966210592046574,0.9973859027725027,0.9974529761467866,0.997407570843539,0.5851485266910262,0.46406655615963965,0.008216511691462014,0.9977345716714996,0.9977340771339431,0.9883999190832091,0.9973709866239546,-0.003779403681506983,0.7642363227395973,0.9932112163884018,0.9932112163884018,0.9931745300405832,0.9915422680282824,0.06771433902372839,-0.13820586523361675,0.9871825192460092,0.9871091753664311,-0.06179254081783547,-0.14208512941868484,0.9977839408526491,0.9977040670234315,0.8313367331257678,-0.45744414426004804,0.9977192208556674,0.99804652144869,0.5484449832739764,-0.01577921069704715,0.997729885630161,0.9977342768088833,0.997729885630161,0.9198284286491936,0.616214876817276,0.9429649389757032,0.9317071643465915,0.8242777768276137,-0.05559769132589849,-0.5847681705826765,-0.1419714821801128,0.9400048290915088,0.20334983951147353,0.9692489512472043,0.9692870415168104,0.983032412558725,0.9896656922018223,0.9219530785210315,0.9284135587387654,0.9314620555900485,0.9260532073008528,0.9299062026310388,0.9302259361001392,0.9299062026310388,0.8754202151257338,0.8842471553939515,0.885186153531272,0.8842471553939515,0.9223719397464187,0.8494499140975007,0.9050647222920096,0.905666829187553,0.9050647222920096,0.7043034588431866,0.6096224166862145,0.6974444075996513,-0.5274123905047962,0.6831479958090685,0.6664717623525934,0.6657304290514147,0.6664717623525934,-0.08599131464170062,0.903763992727918,0.9267559551191732,0.9137178014730027,0.9289230635856219,0.06358644044559349,0.9025294709936119,0.9033207424531169,0.9025294709936119,0.907212352725218,0.907212352725218,-0.1341459778953962,0.6664714037856798,-0.003360893644638157,-0.7499585959952624,-0.6518881628236854,-0.6531734471000508,-0.2021083916099704,0.1787534815267589,-0.199743660445856,-0.28872468960192627,-0.6680080534063011,-0.3981834045996632,-0.8396143016546782,-0.58189055180578,0.14366841668266755,0.1451318624984115,-0.6132594419258033,-0.5619784925862953,-0.5621427276403754,-0.5710581393659612,-0.7655584343935425,-0.6103829617554574,-0.6134044075009285,-0.6103829617554574,-0.29536602826471436,-0.4135623502560365,-0.4135623502560365,-0.7362129494815475,-0.7362129494815475,0.4523952027765828,0.6083396770614651,0.8034930503942587,0.8045965078601683,0.7429657298560702,-0.48218211952977036,0.6200929846019193,0.6643105590331725,0.6643970643235122,0.6643105590331725,0.08351064909920496],[1.0,0.9999905215441088,0.7079509818870667,0.9997566802146964,0.9982366394896466,1.0,0.9931051329845524,0.9900474769847696,0.9900474769847696,0.9935986952709553,0.9786684610823223,0.9879879301984337,0.9931372019656302,0.9934766868453293,0.9931795180321485,0.7019183705592514,0.6076139459123758,0.2285697975284385,0.993868286634749,0.9938612711399932,0.9859838913345789,0.9931249705313998,0.36317341010918563,0.7727387656220944,0.9838921888173244,0.9838921888173244,0.9838738679581244,0.9791792480107708,0.29532056833134906,-0.14860658122790985,0.9890463231098254,0.9890066260453745,0.2381265475728682,-0.2335917562772976,0.9950128641111654,0.9953421578075977,0.865089678497946,-0.34204218747816295,0.9911892697927531,0.9954049654535893,0.6793059501686809,0.20891664303423632,0.9951279650745865,0.9951241722822134,0.9951279650745865,0.9099729087357161,0.6593281000634199,0.9326971460705352,0.9359090327162933,0.8586729696320172,0.38283914294275045,-0.1893763555754899,0.22977153205458742,0.9531603881265546,0.3620166085355782,0.9754167706819069,0.9723666680368921,0.9817276277862457,0.9892817073725403,0.9387814701045147,0.9486780716193763,0.9504445434663851,0.9398257855405557,0.9477876577155675,0.9483633118985629,0.9477876577155675,0.9019348493273829,0.9291441584264074,0.9299427915284002,0.9291441584264074,0.9345603793226399,0.8148033738455053,0.9080313023666106,0.909116710738028,0.9080313023666106,0.7433723767572817,0.4364927178010987,0.7342439658896218,-0.5213628337129432,0.6401051899636433,0.6509134213450503,0.651064967065347,0.6509134213450503,-0.07368997295482774,0.9224984260878208,0.9515604549836566,0.937920452106061,0.9400617458957332,0.23110026185089477,0.9171360922348032,0.9176145676414525,0.9171360922348032,0.9206572839738475,0.9206572839738475,-0.09436991472401572,0.6069243670678309,0.13663590338160905,-0.7166468716429978,-0.6040910923926576,-0.6081091392945551,-0.16376582018623204,0.15935687469054635,0.1883664978236399,-0.03741842638610661,-0.5974135062510186,-0.04498779989527055,-0.7975196707605225,-0.3142576860705205,0.18037516299254072,0.1819303279284344,-0.5845804825395642,-0.5689818978867904,-0.30224003183432835,-0.527389830178151,-0.8105194470252187,-0.4275887657657183,-0.42027143305372017,-0.4275887657657183,-0.25449906327904437,-0.37637117611917553,-0.37637117611917553,-0.7987289084393636,-0.7987289084393636,0.47289825125407586,0.6329607650514684,0.8492187135317852,0.8422393771799457,0.7561430106594244,-0.35195731671816094,0.7472340106775766,0.7718419446946704,0.7720314767020617,0.7718419446946704,-0.1576250890959865],[0.9931051329845524,0.986251779232009,0.6862010447407256,0.99416678824676,0.9973697030881084,0.9931051329845524,1.0,0.9977345380385673,0.9977345380385673,0.999973137855284,0.9665492870263116,0.9997206265988742,0.9999969120292113,0.9999884025604856,0.9999940473639011,0.8000949547970354,0.7834271522002778,0.18763258118155718,0.9998745967380529,0.9998749237430147,0.9908533034509533,0.9999970570303454,0.28116039060873327,0.7706770157754999,0.9868502006467091,0.9868502006467091,0.9882360770133319,0.992701159284144,0.2280002070456629,-0.2024545242385406,0.9914786879797954,0.9915521272343365,0.14574777352837692,-0.2742958506335754,0.9993940537389765,0.999514653997579,0.4858963235823155,-0.29350552953863274,0.9992102073221049,0.9994945577064734,0.7754697240530629,0.16645710070887854,0.9491920519085324,0.9991659256368466,0.9491920519085324,0.9273858976761093,0.6243329043601182,0.9500446607064962,0.9309482365451952,0.7942633622863816,0.42028767984313015,-0.13065425040653156,-0.17507234057114227,0.9379161463528719,0.3209706916153042,0.9698364193636683,0.9670816395249248,0.9810447846805103,0.9953556581459231,0.010903371953288341,0.8942300802635,0.8564057002770852,0.8964222473882989,0.8517334920117451,0.8179427945198161,0.8517334920117451,0.8424765443853865,0.8239898472142726,0.8134087370859472,0.8239898472142726,0.8920484317802079,0.45275815963824306,0.6426874503491409,0.6918044130873978,0.6426874503491409,0.6735145773651493,-0.3243091028143876,0.6532886957571131,-0.5935677809520945,0.5724452211933043,-0.057353897998620416,0.4997912133197328,-0.057353897998620416,-0.11972170887210713,0.8710146499817782,0.893924594967989,0.8803365897949111,0.7933344810626836,0.18888013397846706,0.8691594088640203,0.8700563297622153,0.8691594088640203,0.8002513702423373,0.8002513702423373,-0.1682724383242943,0.705129919732953,0.2206549214219836,-0.72625467452676,-0.6472865586512708,-0.6507798004565293,-0.21071699653095452,0.10739950638010022,0.30709828003576745,-0.07246164020555768,-0.6139216196405046,0.018741301133661036,-0.8291501271438448,-0.21597050287296216,0.1109156044674997,0.11251864367968603,-0.6298154256351159,-0.5803092427654492,-0.13608159903868902,-0.6036168075613143,-0.8282879014756311,-0.41762535758617253,-0.25576610762428753,-0.41762535758617253,-0.3230207146701695,-0.41962248683635506,-0.41962248683635506,-0.8201767421151166,-0.8201767421151166,0.45067218593250863,0.595618916794085,0.5186127274774252,0.8088726868136583,0.7412866681300719,-0.40793754948125577,0.07963050299681557,0.7441473369656842,0.762521199652886,0.7441473369656842,-0.0846939900308694],[0.9900474769847696,0.9816311181385828,0.6797189610064382,0.9915260311296167,0.996156749637564,0.9900474769847696,0.9977345380385673,1.0,1.0,0.9996186769322087,0.9608815074418317,0.9989232350757633,0.9984347616622509,0.9994637317451062,0.9992438644059339,0.796580992711236,0.7704166220487233,0.1663758685418933,0.9992664675451296,0.9992682418500782,0.9884724207130057,0.9993632567370404,0.2566188425171288,0.7728538045274839,0.9933826776469569,0.9933826776469569,0.9866505914417081,0.9905888971168422,0.21104673981672029,-0.21496087902365144,0.9878581336516257,0.9912765572283022,0.12777200974084438,-0.28005438782204306,0.9984509397563441,0.9984696410995392,0.4707135792872649,-0.29918086086793816,0.9976643727462562,0.9984529289454014,0.7720383037881011,0.1448670250686878,0.9428398083309654,0.9982840953328235,0.9428398083309654,0.9255360557417776,0.6103886441593844,0.9507328737965177,0.929919370567329,0.7776940032241398,0.4081922715316697,-0.14456936173096982,-0.18628347760865144,0.9306509960585905,0.30147352948651657,0.9655439155613084,0.9625457228421993,0.9765626491887738,0.9942879089187882,0.0026659825574150598,0.8866843597053753,0.8444739560554185,0.8906078461798292,0.840816354350847,0.8079230673983926,0.840816354350847,0.833645066957538,0.8098446797063018,0.8024838357625323,0.8098446797063018,0.8863574126301366,0.43700200005808415,0.6264783304991841,0.6782342558563113,0.6264783304991841,0.6648127414392334,-0.33710353549755934,0.6430743456113595,-0.5991612466719292,0.5673126362849656,-0.07677450346432896,0.48668771506104785,-0.07677450346432896,-0.12513727606203912,0.8644041837861016,0.8849145339714687,0.8720208168278021,0.7809741686744411,0.1714996804739127,0.8631260093569431,0.8641763622054132,0.8631260093569431,0.78724025298889,0.78724025298889,-0.18122928321196546,0.724449974541731,0.22659701928448703,-0.7348842658842842,-0.6583271093616356,-0.6616554989046094,-0.22425935409131437,0.10116914021547388,0.3000360997994537,-0.09078727682036683,-0.6254035013175545,0.009581902785514193,-0.8337468666278609,-0.22238803488340636,0.0973960272526885,0.09902395668572424,-0.6398466396173468,-0.5808227218017951,-0.14278633266070054,-0.6177902826867934,-0.8270180666517385,-0.4281469567241673,-0.2617987235716154,-0.4281469567241673,-0.33836984317516317,-0.4317343217994599,-0.4317343217994599,-0.8174393337891677,-0.8174393337891677,0.435557671296023,0.580450136382252,0.5014042241317869,0.7924362044143234,0.7298345634408582,-0.42731782397705775,0.06687070689061968,0.7261058135087666,0.7474762415701357,0.7261058135087666,-0.06813151094990721],[0.9900474769847696,0.9816311181385828,0.6797189610064382,0.9915260311296167,0.996156749637564,0.9900474769847696,0.9977345380385673,1.0,1.0,0.9996186769322087,0.9608815074418317,0.9989232350757633,0.9984347616622509,0.9994637317451062,0.9992438644059339,0.796580992711236,0.7704166220487233,0.1663758685418933,0.9992664675451296,0.9992682418500782,0.9884724207130057,0.9993632567370404,0.2566188425171288,0.7728538045274839,0.9933826776469569,0.9933826776469569,0.9866505914417081,0.9905888971168422,0.21104673981672029,-0.21496087902365144,0.9878581336516257,0.9912765572283022,0.12777200974084438,-0.28005438782204306,0.9984509397563441,0.9984696410995392,0.4707135792872649,-0.29918086086793816,0.9976643727462562,0.9984529289454014,0.7720383037881011,0.1448670250686878,0.9428398083309654,0.9982840953328235,0.9428398083309654,0.9255360557417776,0.6103886441593844,0.9507328737965177,0.929919370567329,0.7776940032241398,0.4081922715316697,-0.14456936173096982,-0.18628347760865144,0.9306509960585905,0.30147352948651657,0.9655439155613084,0.9625457228421993,0.9765626491887738,0.9942879089187882,0.0026659825574150598,0.8866843597053753,0.8444739560554185,0.8906078461798292,0.840816354350847,0.8079230673983926,0.840816354350847,0.833645066957538,0.8098446797063018,0.8024838357625323,0.8098446797063018,0.8863574126301366,0.43700200005808415,0.6264783304991841,0.6782342558563113,0.6264783304991841,0.6648127414392334,-0.33710353549755934,0.6430743456113595,-0.5991612466719292,0.5673126362849656,-0.07677450346432896,0.48668771506104785,-0.07677450346432896,-0.12513727606203912,0.8644041837861016,0.8849145339714687,0.8720208168278021,0.7809741686744411,0.1714996804739127,0.8631260093569431,0.8641763622054132,0.8631260093569431,0.78724025298889,0.78724025298889,-0.18122928321196546,0.724449974541731,0.22659701928448703,-0.7348842658842842,-0.6583271093616356,-0.6616554989046094,-0.22425935409131437,0.10116914021547388,0.3000360997994537,-0.09078727682036683,-0.6254035013175545,0.009581902785514193,-0.8337468666278609,-0.22238803488340636,0.0973960272526885,0.09902395668572424,-0.6398466396173468,-0.5808227218017951,-0.14278633266070054,-0.6177902826867934,-0.8270180666517385,-0.4281469567241673,-0.2617987235716154,-0.4281469567241673,-0.33836984317516317,-0.4317343217994599,-0.4317343217994599,-0.8174393337891677,-0.8174393337891677,0.435557671296023,0.580450136382252,0.5014042241317869,0.7924362044143234,0.7298345634408582,-0.42731782397705775,0.06687070689061968,0.7261058135087666,0.7474762415701357,0.7261058135087666,-0.06813151094990721],[0.9935986952709553,0.986165008104735,0.642662606901704,0.9948575457406963,0.9975805738077332,0.9935986952709553,0.999973137855284,0.9996186769322087,0.9996186769322087,1.0,0.9656608415177127,0.999688370282434,0.9999741135686123,0.9999734296437577,0.9999770213690475,0.635956636668158,0.5187664418201389,0.06685850783704866,0.9998339326953635,0.9998348219340827,0.9907824500868679,0.9999715002448124,0.05312643847316353,0.7528726085588259,0.9957299534058196,0.9957299534058196,0.9956927771134189,0.9926227807392685,0.05591003859489921,-0.14675594759119623,0.9909294897003892,0.9908850369248668,-0.039737574560678876,-0.23705551606731445,0.9994532078352066,0.9994120844554197,0.8338399046370701,-0.458845535482732,0.9991550855701542,0.9994669146824146,0.6012068654228258,0.043003679748003475,0.9993325496435561,0.9993376999844591,0.9993325496435561,0.9270687621405991,0.6247079668315298,0.9497278954019174,0.9304325388620897,0.793860693942159,0.038853872139633046,-0.5414636362791833,-0.10284616368152201,0.9346588279743014,0.2661556862462591,0.9673970150876842,0.9670677150500165,0.983306428594065,0.994657005841835,0.8985537635049697,0.8949742608196443,0.9091637879304225,0.8974525972768136,0.9075433662483157,0.9080641240922406,0.9075433662483157,0.842319311820384,0.8663501845470818,0.8674911442226475,0.8663501845470818,0.8933694398201103,0.8159589710384433,0.8791979288067693,0.8801651656582957,0.8791979288067693,0.6736900385542419,0.5445425436913349,0.6529232233992658,-0.5875204772132087,0.6219455503489506,0.594365144845117,0.594308284199157,0.594365144845117,-0.0718612843725957,0.8719157127302477,0.8940152820114858,0.8809291064331453,0.9062328640405548,0.10265854595703415,0.8741181593805746,0.8756515511757228,0.8741181593805746,0.8789593630822309,0.8789593630822309,-0.16975207160741826,0.70539875424922,0.024177496340866193,-0.7374091096614113,-0.6787479689866189,-0.6802426004900224,-0.21411441488125518,0.11097880881865248,-0.20386100031719157,-0.25397882769887475,-0.6499102177335011,-0.42380877188764243,-0.8605537052995149,-0.614427242801036,0.11002744389210213,0.11210457614116981,-0.63117588675177,-0.5765197357291161,-0.5722485398662163,-0.6050180932453728,-0.7927616195509674,-0.6331627762052349,-0.635640016863071,-0.6331627762052349,-0.32473075751474195,-0.42263201587730315,-0.42263201587730315,-0.7737148053972857,-0.7737148053972857,0.44899425719817243,0.5936686555615285,0.8143531842964866,0.8141712539351037,0.7392071322485521,-0.4340588368568141,0.6491099000292766,0.6893562850772327,0.6895404571730809,0.6893562850772327,0.15171655116862437],[0.9786684610823223,0.9757763975743255,0.6139096607353475,0.9770682877990136,0.9713110383052145,0.9786684610823223,0.9665492870263116,0.9608815074418317,0.9608815074418317,0.9656608415177127,1.0,0.954748151162464,0.9665677671834266,0.9665999513992664,0.9663309795464106,0.39121581215681556,0.27163681039915616,-0.16591574655330507,0.9702927869436336,0.9702745489791715,0.9666617279516665,0.9666541277741456,-0.040533178708878216,0.7897039084955139,0.9678880446311617,0.9678880446311617,0.9680382686806609,0.9178903414635033,0.14408917124780105,-0.13476300091342955,0.9720534446356048,0.972138551438607,0.1012314737995347,-0.017248880556734833,0.9733385569045908,0.9735489839496241,0.9009635440012611,-0.3321987640867109,0.9616238801964934,0.972658158749398,0.3499191161683018,-0.18550714450624717,0.9742776133053777,0.9742498080692789,0.9742776133053777,0.8486592601531983,0.4355399505578354,0.8699873762183248,0.9206243915704525,0.8829496023557357,-0.4638034996899901,-0.6671631947778581,-0.17345216223314674,0.905852014116471,-0.04485511395823212,0.9302881469990015,0.930344641270364,0.9458156603865684,0.9703139676434223,0.9003623233592283,0.9032001823135204,0.9112921588537027,0.9031518174517144,0.905147669175355,0.9056195839527946,0.905147669175355,0.8651800129258425,0.8414906242742988,0.8426059656183511,0.8414906242742988,0.8995825977776638,0.9117829920651925,0.89777914427817,0.8981998310641849,0.89777914427817,0.7464594491380147,0.6901519883981555,0.7472129342043877,-0.23827114698808669,0.7583505493806602,0.7721160379478085,0.7741102203650183,0.7721160379478085,-0.2225831463131601,0.8986036001398534,0.9442881630954644,0.9111384887518503,0.9113605624197877,-0.057168497918948374,0.8933059562132756,0.8940139170849601,0.8933059562132756,0.8997328355261717,0.8997328355261717,0.03274519943641169,0.44685554705312813,-0.14745192225611828,-0.6833770406458687,-0.45461249413064625,-0.45731419218886893,-0.09203077385799695,0.44279487036808673,-0.0008436692309114026,-0.22454275009391858,-0.5804631757889833,-0.12994681966427518,-0.7868249770153033,-0.29489137004586996,0.30537443166772,0.30567599683338537,-0.4258425543366697,-0.43087499092326564,-0.39418059184017823,-0.40620470541888276,-0.6527407749056423,-0.41312708387731556,-0.41567734236649095,-0.41312708387731556,-0.15772729274619,-0.4647055098132816,-0.4647055098132816,-0.5422969400573651,-0.5422969400573651,0.575850470327727,0.6504926443764727,0.7568070671146517,0.7165918785317911,0.8113753851054964,-0.5186154866661425,0.43196897825763003,0.5378630196327618,0.5381999711811617,0.5378630196327618,-0.10918394652796083],[0.9879879301984337,0.9869742469467386,0.9945591223469362,0.990735571867217,0.9966210592046574,0.9879879301984337,0.9997206265988742,0.9989232350757633,0.9989232350757633,0.999688370282434,0.954748151162464,1.0,0.9997203494083523,0.9997177132649541,0.9996941980808566,0.11935672113467852,0.014871939187266453,-0.5446459431199739,0.9998281407015654,0.9998297636298852,0.9997242448266751,0.999723223348139,-0.2902908788847338,0.9747837838877599,0.9952492442078603,0.9952492442078603,0.9952331352383702,0.9941273348019781,0.058865295796121236,0.05273224866280113,0.9927027491203173,0.9927430844112303,0.7569589015961207,-0.05157468130404762,0.9991865954162267,0.9991513025048792,0.9990400035810794,0.9994744520118537,0.9995095870971893,0.9992189606192449,0.06330573382424694,-0.5519550246756535,0.9989994110552903,0.9990053900561675,0.9989994110552903,0.9222386885570601,0.47190075250521873,0.9457222055054235,0.9267419121287879,0.7936995196007532,-0.3454585184888949,-0.5805084741590998,0.8402855563471573,0.8689522760684449,-0.3450576078733313,0.9414703892442368,0.9416556519573944,0.9733077134565881,0.9940269263439045,0.9129502549590097,0.9178117063286991,0.8967757971455976,0.9016146276599071,0.9009166191693461,0.9013647142947436,0.9009166191693461,0.8090325431842097,0.7792734556850475,0.7806922278529083,0.7792734556850475,0.9193982011782139,0.9244119760047759,0.9183306124949492,0.9191355074494983,0.9183306124949492,0.6011705268302562,0.5511643872536659,0.6320501687581087,0.7031276302265783,0.6156858251744747,0.6410984213969716,0.643117786672399,0.6410984213969716,-0.2556524598867027,0.8687944943226124,0.8954789723499923,0.8858652663775065,0.9190086203139931,-0.3522195763942039,0.8649654549333294,0.8651466955976636,0.8649654549333294,0.8723878660697276,0.8723878660697276,-0.22051017879101026,0.6996803556377759,-0.39550888804663564,-0.8188925724140775,-0.5402321871603002,-0.5434141704197594,-0.4414828501388204,0.2523512480224917,-0.30863147880067565,-0.5505045873572487,-0.7794028475999613,-0.41443629975941637,-0.5853003390803858,-0.490031514423133,0.10248731702155778,0.10068749976830196,-0.5601601779149309,-0.5343548960894248,-0.5556851610379925,-0.5917953422464343,-0.5848229370221737,-0.5590827125076008,-0.5623589675743652,-0.5590827125076008,-0.45226306706580455,-0.6404425941794404,-0.6404425941794404,-0.6280406290094378,-0.6280406290094378,0.4447520523772942,0.3500505662643772,0.49125520156269453,0.6077678740553287,0.5357462521241952,-0.5742451700427033,0.3469934992676437,0.29559832999992536,0.29583818656378663,0.29559832999992536,0.2797517699695983],[0.9931372019656302,0.9862836529158334,0.6862202997073223,0.9941897297392143,0.9973859027725027,0.9931372019656302,0.9999969120292113,0.9984347616622509,0.9984347616622509,0.9999741135686123,0.9665677671834266,0.9997203494083523,1.0,0.9999915674008345,0.9999955686339197,0.8000840166091128,0.7691301530694544,0.18767537445674137,0.9998758240736216,0.9998761228961066,0.9908824583937009,0.9999976028667232,0.28144502773504476,0.7707328681807959,0.9916696732289245,0.9916696732289245,0.98822919714086,0.9926966741966728,0.22823835111899327,-0.20240360885961547,0.991531469920088,0.9915598932777594,0.14595893238193902,-0.27426496311515014,0.99939536101889,0.9995170243440155,0.48587519530683215,-0.29331062108082273,0.9992111559662081,0.9995007186904723,0.7754459035332278,0.16650560876752377,0.949179853258472,0.9991677666416978,0.949179853258472,0.9273838494411522,0.6244526002667329,0.9501212324385974,0.9310106638200083,0.7943355329975276,0.42063382824573753,-0.13025358541771787,-0.17473968846508756,0.9379718446915218,0.3210237323945339,0.969911234937259,0.9671248816710816,0.9811167756573307,0.9953674623442876,0.011076172901621325,0.8943413381358409,0.8564819975819918,0.8965216811365683,0.8518084527921745,0.8178954270485184,0.8518084527921745,0.8425645303227922,0.8240345113403501,0.8133578605687337,0.8240345113403501,0.8921718615070588,0.4526536471919262,0.6426899418924403,0.6917306763707735,0.6426899418924403,0.6734940736993997,-0.3243260532445016,0.6532918926130457,-0.5934726255042095,0.5723743953040625,-0.05747047260524596,0.49981976792466826,-0.05747047260524596,-0.11985310987577932,0.8710873098122054,0.8940202713003602,0.8804142485386857,0.793328398644804,0.1889272099941794,0.8692332481730767,0.870124088993308,0.8692332481730767,0.8003065225019724,0.8003065225019724,-0.16821477119935946,0.7051455664400021,0.22075990566395953,-0.7262903741084195,-0.6472087580867245,-0.6507063566502408,-0.21079291995503702,0.10729601573970894,0.30725158521519097,-0.07245449240616843,-0.613977072500496,0.018976198204670485,-0.8289198912009769,-0.21570995494529516,0.11098640037599382,0.11260167910358522,-0.6297973265646504,-0.5801166812238502,-0.13586225604962968,-0.6035795143588897,-0.8281919117515727,-0.417427949182962,-0.25558493835990476,-0.417427949182962,-0.322872329664685,-0.41959426155339796,-0.41959426155339796,-0.8201275441718611,-0.8201275441718611,0.4510819526810722,0.5957268094194152,0.5188326206977644,0.8090957441356331,0.7413341403088579,-0.40775344718848966,0.07988686908477519,0.7443723236668807,0.7626241330794635,0.7443723236668807,-0.08472288261073702],[0.9934766868453293,0.9862470643613739,0.6834511149202519,0.9947906030408727,0.9974529761467866,0.9934766868453293,0.9999884025604856,0.9994637317451062,0.9994637317451062,0.9999734296437577,0.9665999513992664,0.9997177132649541,0.9999915674008345,1.0,0.9999892653605786,0.7108654925667452,0.611548311009692,0.18930531510222565,0.9998979701629065,0.9998986441806558,0.9908708786894991,0.9999891218155065,0.28055349697718135,0.7675978283935303,0.99449085100192,0.99449085100192,0.9944612257261051,0.9926840824039241,0.2209519801411519,-0.20330362951104822,0.9919807216180246,0.9919813657426751,0.16730107221730553,-0.2737956153822068,0.9995644194169082,0.9995164060406678,0.8653917059651306,-0.37859361075590436,0.9992088956974756,0.9995045075521183,0.6841331166498928,0.16816348181343058,0.999467722654358,0.9994722604915778,0.999467722654358,0.9272376863753412,0.6245517118219469,0.9498975493299493,0.9307071661136284,0.794118076653273,0.3026915974316264,-0.2976133328641874,0.1332509175140219,0.937850991983282,0.3214345200905739,0.9675130122157989,0.9671438290104944,0.9798741194016528,0.9955931512285711,0.904237144558965,0.8936571157469141,0.9140841180383619,0.896469590235883,0.9128577412636586,0.9135871869480742,0.9128577412636586,0.841897404700941,0.8837253030784664,0.8848890999343899,0.8837253030784664,0.8920134611933808,0.7992942720730807,0.8826943283591514,0.8840295907467981,0.8826943283591514,0.6732184345275068,0.5365524956351807,0.6521217449341565,-0.5923471304739039,0.5710861463160427,0.5686758539364221,0.5695437275637875,0.5686758539364221,-0.12221127263630092,0.8709865174710337,0.8937755579069421,0.8800412956195403,0.9103304751732156,0.19068406658705594,0.8691919097615054,0.8703154970492293,0.8691919097615054,0.8776709243126255,0.8776709243126255,-0.16851174510573463,0.7041048105973274,0.12342971790026726,-0.7254209300974735,-0.6468785142209738,-0.6501131211659313,-0.21081660000540098,0.10634035473997751,0.07927212544120907,-0.07100139141403067,-0.612828125616789,-0.17001103200692758,-0.8385975535498209,-0.4313608201186597,0.11029682260197617,0.11240926706299492,-0.6298359922827369,-0.5794606002910123,-0.4230622076173947,-0.6033601454829971,-0.8206481722315667,-0.531859149152856,-0.5280846146257397,-0.531859149152856,-0.32224148717879064,-0.41969310457520465,-0.41969310457520465,-0.8114262509070815,-0.8114262509070815,0.4486954056716247,0.5954372375318241,0.8195047035503416,0.8124379528050832,0.7414685764430962,-0.407459716933242,0.7040359993119351,0.7313457328224111,0.7314442589145349,0.7313457328224111,-0.05217935321981324],[0.9931795180321485,0.9861477994066011,0.6863324471501397,0.994210649087558,0.997407570843539,0.9931795180321485,0.9999940473639011,0.9992438644059339,0.9992438644059339,0.9999770213690475,0.9663309795464106,0.9996941980808566,0.9999955686339197,0.9999892653605786,1.0,0.7882774940241147,0.7098732286437962,0.18782569847194877,0.9998787722279269,0.999878960945987,0.9910024538978108,0.9999954601895729,0.282102358671628,0.7705793458247224,0.9946472205227918,0.9946472205227918,0.9945653255525703,0.9926340350566456,0.22852281890626755,-0.2024209905722279,0.9924478904825446,0.9924866920849346,0.14667714422710781,-0.27409941536745314,0.9994383695703579,0.9995167371605375,0.48497247303365487,-0.2926246137810272,0.9991757021976906,0.999503110611172,0.7723238142879819,0.1666760479547121,0.9487783599273444,0.9992156207252131,0.9487783599273444,0.9275915876385249,0.6250644918470017,0.9502202107270303,0.9310798037898428,0.7941039158337142,0.42189252440669456,-0.12884227061962564,-0.17496854650140575,0.9382709397176109,0.32128709970084246,0.9702686794616638,0.9673930157326219,0.9813502913960485,0.9954098030561022,0.010117291693407384,0.8945620182722601,0.856384750294804,0.896705242157515,0.8517392486029601,0.8174774899232483,0.8517392486029601,0.842733221506118,0.8239498000106035,0.8136508108927502,0.8239498000106035,0.8924273422343292,0.4520238903608898,0.6422365536483797,0.6917115176455084,0.6422365536483797,0.6733757724026082,-0.32541276930916435,0.6532575779162322,-0.5936773503339771,0.5720594007916545,-0.05839400220254459,0.4994950727875253,-0.05839400220254459,-0.11982230335679403,0.8711940862919395,0.8938218563605332,0.880536902096562,0.7867658330312703,0.18930060786904365,0.8692969298769596,0.8701789190802933,0.8692969298769596,0.80012069596885,0.80012069596885,-0.16944428046255192,0.7058701077869606,0.22123097653264587,-0.7262501805586559,-0.6475359413512641,-0.6510372190707185,-0.2117693274395601,0.10622713267336492,0.30757845666821737,-0.07279436457285841,-0.6141241934432199,0.01908799700463579,-0.8282277785222432,-0.21553404273822127,0.11012852410210208,0.11174258146890284,-0.630327732047566,-0.580300584299111,-0.1353161028422137,-0.6045831925861053,-0.8282309382688062,-0.4173632193991505,-0.2550635112169374,-0.4173632193991505,-0.3236682293611571,-0.4199859844895867,-0.4199859844895867,-0.820468136831551,-0.820468136831551,0.45122943316064984,0.5954220977472029,0.5183939708614645,0.8095046665438562,0.740837767888708,-0.40735355180703253,0.07928501744663022,0.7447811650905598,0.7632263640185099,0.7447811650905598,-0.08448089787949895],[0.7019183705592514,0.002244445134057247,0.36781599642551593,0.7009540592440051,0.5851485266910262,0.7019183705592514,0.8000949547970354,0.796580992711236,0.796580992711236,0.635956636668158,0.39121581215681556,0.11935672113467852,0.8000840166091128,0.7108654925667452,0.7882774940241147,1.0,0.991598590963992,0.4288082370620052,0.7640081469878831,0.7639715427539685,0.6787872064721822,0.7868081724525746,0.33632519393234805,0.3439171927414673,0.7790522538820208,0.7790522538820208,0.7635748842850839,-0.2802087468449099,0.19629583111282875,-0.15633909557474046,0.8300714086649487,0.8266758914230712,0.16172785636066575,-0.21054985936804801,0.7948794204938333,0.6646744354979847,0.24580209561126481,-0.3169640232522386,0.13396973516940516,0.6271088959655158,0.9983132965683169,0.41195031046402875,0.7198751722981597,0.794485340646932,0.7198751722981597,0.07551581790979049,0.5108835292888192,-0.3418209994602658,-0.3655881051382207,-0.04032147379056217,0.3913425796181482,-0.05396956801497337,-0.21132104180378236,0.6522740682899495,0.39798283614856705,0.7962246499728041,0.653422424914244,0.7531629465839171,0.7763253790082418,-0.10798909307640991,0.043815688617810315,0.5271626131931495,0.3706789475402