var element = document.getElementById("correlationAdjClose");

if (element.style.display != 'none') {
    var correlationAdjClose = {"data": [{"type": "heatmap", "z": [[1.0, 0.9999911814160185, 0.9846855228947782, 0.9999223161077192, 0.9989106689677498, 0.9882425983537121, 0.997550899745264, 0.9953535405098173, 0.9956578140839712, 0.9797678602089926, 0.9923241172322304, 0.9954960609795266, 0.9947191321957009, 0.9954070258852493, 0.9955391611254197, 0.9966053204877139, 0.998102251076959, 0.9961101737275087, 0.9961230413370356, 0.996170808388626, 0.9954443510086503, 0.9856977104994968, 0.9696311577157537, 0.9880616946836787, 0.9869142312904651, 0.9819234377501702, 0.9640629100616285, 0.9443741434212599, 0.9940550085460039, 0.9945830497154492, 0.9918378648380023, 0.9751214891811592, 0.997462313149923, 0.9977549898171897, 0.997147515160272, 0.9955597115718329, 0.9951137764573912, 0.9976177917919689, 0.9976706895726354, 0.9986676931092557, 0.9974044457062093, 0.9974157492875652, 0.9766412830519854, 0.9179591228495785, 0.7481446746421409, 0.9002392469700402, 0.903973872377964, 0.8406120779160434, 0.9666067170951013, 0.9448711447538793, 0.9679405148752726, 0.9651929310409899, 0.9582901553717502, 0.9857387244671763, 0.9822840989324056, 0.9843587593242972, 0.9778265481480893, 0.9862022847632491, 0.9836322161361318, 0.9868249525370849, 0.9865923225886863, 0.964475617930838, 0.9679751543002051, 0.9716990830918557, 0.9713494511533848, 0.9453016771955088, 0.9758178269496324, 0.9741253722758003, 0.9823011196654241, 0.9814414150861139, 0.936323507681803, 0.8612925240544718, 0.8289878831070653, 0.8802702304304496, 0.9064070076004639, 0.9015144813117406, 0.9044530925386518, 0.903046227487906, 0.6301158017990968, -0.5710659601998379, 0.9771724661134882, 0.9687897736565286, 0.9652996543972286, 0.9852131716378109, 0.9707791806699616, 0.98188798562907, 0.981836760391234, 0.9459809791985943, 0.9820827718660177, 0.9499970260000303, 0.6418249795354526, 0.8662667718657647, 0.915455193277633, 0.7518254505383594, 0.9215060112349046, 0.9414727963241529, 0.8156955642440253, 0.9579868234640738, 0.8958476063384406, 0.6450006663189584, 0.708408971406863, 0.8917644275682147, 0.8643981667728893, 0.8884680016892188, 0.9687488984760565, 0.9689632288515542, 0.7381020872521447, 0.705521052742958, 0.8257937300984138, 0.3406345681746593, 0.794711221230335, 0.8301249642643239, 0.8166444784696104, 0.814763103858024, 0.7499685437206759, 0.7420462987537403, 0.7222506360244454, -0.24259332118498564, -0.37850956682699843, 0.6378476482729976, 0.8993635878822301, 0.9444424924156085, 0.9487405540224997, 0.9190868617044965, 0.8286167492442162, 0.9159599553822845, 0.9377063352945784, 0.937541535264924, 0.8720928657008179, -0.1886517214504604], [0.9999911814160185, 1.0, 0.9830923463046121, 0.999772003010041, 0.9975914422339626, 0.9904875668434643, 0.9931280817061295, 0.9888965493554408, 0.9889322631649672, 0.9681693101360624, 0.9912954616792009, 0.9891378910117411, 0.9889614363181255, 0.9890100885136537, 0.989105293198875, 0.9937302721142868, 0.9950473233808095, 0.9922732220480838, 0.9922728865185954, 0.9890067579298931, 0.989065886492154, 0.9881216258673079, 0.9623751193534084, 0.9845006747917191, 0.9842015857439959, 0.9817625695544975, 0.9728599506737222, 0.9098909450972603, 0.9878474855945252, 0.9841227627560446, 0.9760472392774706, 0.9135830053119313, 0.9947307018753683, 0.9945593485774344, 0.9948452891137692, 0.9901104716139248, 0.9942808839528415, 0.9948360373561441, 0.9951382820696278, 0.996558697916253, 0.9948329222137087, 0.9948416695513423, 0.9863304377481915, 0.9178392300259876, 0.602658735353038, 0.9002195155860897, 0.9044928383292004, 0.8407735791026886, 0.8727210283545626, 0.9124391025313715, 0.8765349499969337, 0.8965530457970148, 0.8716216136156263, 0.9544958282629609, 0.9543985352140708, 0.9745161682736023, 0.9784545081786585, 0.972471516881565, 0.9720406188044348, 0.9751305629693364, 0.9750431731372133, 0.9367753882141147, 0.9455567341424965, 0.9111325418840029, 0.9110348778241912, 0.8076754601053998, 0.9695802042362899, 0.9718870548044145, 0.9721423333936515, 0.9715419268550342, 0.9320337576036442, 0.6534467735391847, 0.5943442107627196, 0.747610872441757, 0.8422867167101334, 0.7709243323132505, 0.8082521540956814, 0.8064894835338161, 0.5886970967924033, -0.2769533092467562, 0.9573433508722974, 0.964237323977585, 0.9570382565987031, 0.9754214707542089, 0.9541877187059727, 0.9619400993496524, 0.961009121442811, 0.9042719431013132, 0.9649177467722679, 0.910060357022098, 0.4672890439825131, 0.8652993964856491, 0.8627371417540575, 0.26273829797366327, 0.6538214731129334, 0.7465149444498708, 0.638708355484575, 0.9563683193452898, 0.6526567672541844, -0.23520631996106567, 0.14078812804493798, 0.6204688414393917, 0.6272232163442504, 0.6744087205095366, 0.9580306705939957, 0.9578769132082767, -0.08261312265000724, 0.15474333681440586, -0.0018218038105324399, -0.034432404132032204, -0.006448863153861103, 0.010132030605163055, -0.02200121143094701, -0.06494721320783813, 0.35932439746494377, 0.0987420627838748, 0.04959413957316877, -0.4530628971952739, -0.4874123213198023, 0.6383267576783499, 0.7456581950660885, 0.76990298636598, 0.8301580916356165, 0.8256632398301241, 0.5390539035087325, 0.733265602132437, 0.7657409251178044, 0.7643794128557587, 0.41255682680241845, 0.20329037354271234], [0.9846855228947782, 0.9830923463046121, 1.0, 0.9861280004495347, 0.9928771477991167, 0.9901051516055371, 0.9906999008124888, 0.9911355392801584, 0.9943907863714787, 0.9551675344515009, 0.9970215625456436, 0.9910321783310589, 0.9929665337129497, 0.991195874836696, 0.991116406027276, 0.9917473755016606, 0.990472303656388, 0.9897250666077484, 0.9896905018902616, 0.992917844764359, 0.9910640665488052, 0.9936001442249985, 0.9795456685148312, 0.9908313838494989, 0.9912499585946669, 0.9805525642475735, 0.982399754658807, 0.9482678613411069, 0.972923376680289, 0.976538137749038, 0.9782536840090982, 0.9505899395499668, 0.9879762824804498, 0.9910972833637115, 0.9894093520238839, 0.9930697939058724, 0.9948372757973055, 0.992147804042992, 0.9874030119600136, 0.9880912884018803, 0.9882561674149177, 0.9876254068513586, 0.9906756177096395, 0.9178460096380198, 0.6890372142094849, 0.9259238514625994, 0.8972881261230703, 0.7522076749305106, 0.9273227298332107, 0.9000413958339766, 0.9295139212018628, 0.9250244694396401, 0.9152595125792179, 0.9528535103979666, 0.9600542341932656, 0.9314453341376439, 0.9493229465642227, 0.9545365305855704, 0.9603685308104895, 0.9551167283155007, 0.9293790131111479, 0.8986723030128708, 0.9273845432591024, 0.9244648889705889, 0.9075715480505945, 0.8639319796654447, 0.9601564014335452, 0.9381263968682028, 0.9553158448623694, 0.9338152249115701, 0.7748370948055843, 0.8018106918662126, 0.7341179908817107, 0.8231393137445855, 0.8667633567914338, 0.8645379548966662, 0.8359204489134235, 0.8497235618116082, 0.3053600556872612, -0.5709719898032494, 0.9469067992600473, 0.9207908122947902, 0.9246738912076673, 0.9318730614710914, 0.9412883052868052, 0.951810421168771, 0.9514167251543283, 0.9132841143527326, 0.9481498357815412, 0.8398059738585214, 0.6138770469569766, 0.9342129049644821, 0.9364886917489861, 0.7110079419985883, 0.902770100056892, 0.9251431036736866, 0.8011860271868262, 0.9780729593452253, 0.7784916844087704, 0.552712898651435, 0.6479599213666346, 0.7859696634038774, 0.7900858993364122, 0.7746432809095007, 0.9817006387699588, 0.9817413615496977, 0.6574654852542653, 0.6408135720530643, 0.7140268164368612, 0.2719281871501605, 0.6901988224202008, 0.7116532094670784, 0.7250554807259139, 0.7079424462415148, 0.7040701794081269, 0.6689069196358098, 0.6472156257811347, -0.316114659828101, -0.4515857546472831, 0.5936169365107794, 0.8595207200974261, 0.8946283483565426, 0.8963388655047219, 0.8923804844558574, 0.7588613865098218, 0.8687755992650759, 0.8831568600972708, 0.8919022202505097, 0.7393597396843596, -0.10699628719237943], [0.9999223161077192, 0.999772003010041, 0.9861280004495347, 1.0, 0.9992175553268702, 0.9892035149414541, 0.9978899978117924, 0.9958808118543531, 0.9962742125295168, 0.9794271201213955, 0.9937472595094129, 0.9960052279281227, 0.995438245121373, 0.9959326448601902, 0.9960442012734273, 0.9971271381233775, 0.9984504772206301, 0.9965704657630416, 0.9965804738676339, 0.9966976343446097, 0.9959569043167769, 0.986976818794966, 0.9709699012346217, 0.989168175129169, 0.9881324860219283, 0.9842603144356631, 0.9661836290366294, 0.9455723831827642, 0.9935295338788523, 0.994246586901567, 0.9919528589716038, 0.9747817954766546, 0.9976239439704908, 0.9980604192092652, 0.9974633507258659, 0.9961326842331212, 0.9959086798787169, 0.9979630654814065, 0.9977861079227954, 0.9988174979956242, 0.9975573007114247, 0.9975653648485447, 0.978481650470289, 0.9135685464088715, 0.7417352369782584, 0.9009986816301118, 0.9015282582423446, 0.8301870602621423, 0.9636867504905172, 0.9414280174215525, 0.9649105245879943, 0.9625180849513146, 0.9554128830835807, 0.9836626652958772, 0.9807485381716552, 0.9825931492890255, 0.9761102962423188, 0.9846256093250885, 0.982765894075086, 0.985168410718011, 0.9849308394170372, 0.9509281587998106, 0.966290423301554, 0.9699539618134992, 0.969603791841492, 0.9386018548024626, 0.9751316772090415, 0.9705074043180268, 0.9805208964932115, 0.979619317723936, 0.9088511364516122, 0.8591609388573714, 0.8241565217951804, 0.8778578875882088, 0.902811078423284, 0.9006100737361656, 0.9013942175430855, 0.9000532056933886, 0.5254416261784692, -0.571103670333672, 0.9759446943061786, 0.9666000716735997, 0.9631187138881122, 0.9834518166508877, 0.9696185848578076, 0.9807902580692432, 0.9807370151248288, 0.9448439769157103, 0.980283910640494, 0.9295616368842677, 0.6474254403292864, 0.8747168366562592, 0.9200105075694767, 0.7533662427076047, 0.9232520093511661, 0.9429631897145282, 0.8160381982229787, 0.9595015664009436, 0.8897111958521513, 0.6417283998456752, 0.7066443086371178, 0.8867028282218867, 0.8608697516204934, 0.883075713355833, 0.9698519700179453, 0.9700743149563158, 0.7371575490422642, 0.7058323787893487, 0.8178784921524587, 0.342758141604888, 0.7891252399423946, 0.8219242329153941, 0.8085186091304651, 0.8094981745245994, 0.7528727582887396, 0.7421445436502562, 0.7224168713135729, -0.23797863956984983, -0.37776331997321694, 0.6361092609203202, 0.8974788087266514, 0.942689949668286, 0.9470321869851922, 0.917996952126451, 0.8258285847435468, 0.9140192767374722, 0.935532929320136, 0.9355244941661712, 0.8644423629105876, -0.1812714065274957], [0.9989106689677498, 0.9975914422339626, 0.9928771477991167, 0.9992175553268702, 1.0, 0.9920463571618685, 0.999048879673591, 0.9982941555404548, 0.9983504321766525, 0.9730204534722564, 0.9976628327735242, 0.9983401237816616, 0.9981306199860301, 0.9983284099105746, 0.9983944069836244, 0.9986551202337078, 0.999201316331675, 0.9987160890816982, 0.9987157969573502, 0.9984140561882455, 0.9983241955911468, 0.9936833602025578, 0.9785653770755325, 0.9938229760425145, 0.9937529077703636, 0.987870424278864, 0.9802536789669384, 0.9488454953506965, 0.9900521837428009, 0.9925055023914976, 0.989613539161448, 0.9656829998346713, 0.9989421493927041, 0.9989766557569743, 0.9989715645869102, 0.9984393017837766, 0.9985290711652961, 0.99907196551181, 0.9991245806684143, 0.9991376720408234, 0.9989274041919096, 0.9989272892128093, 0.9888977766060494, 0.9232061779064515, 0.7168963157896199, 0.9162203641216053, 0.905482080756271, 0.8116914102967707, 0.9474494153969147, 0.9292753787417927, 0.9513140316801351, 0.9537659072159709, 0.9462189960592226, 0.9796958042096422, 0.9796384901434027, 0.9783808091322215, 0.9698295998007791, 0.9793738471218029, 0.9782153302983261, 0.9796865245490735, 0.9793915331067031, 0.9525307854692489, 0.9557356233654486, 0.9507601906401445, 0.9502909483908533, 0.9045418490926799, 0.9719784894026355, 0.968623351870691, 0.9754547010965043, 0.9744707252797731, 0.931203087441939, 0.8338748519703246, 0.7879409861193044, 0.8595159895961177, 0.9051087463411748, 0.885777781701041, 0.8946566115651847, 0.8933516426892916, 0.6829229426287527, -0.5937703899280984, 0.9684518689725226, 0.9540993579358811, 0.9519278853063757, 0.9795224280526497, 0.9580299445361077, 0.9729079459678055, 0.9724148321522845, 0.9337246121604525, 0.974952863305348, 0.9378850064727497, 0.6335790035499036, 0.8963333911725726, 0.9415405109563614, 0.7020239819841165, 0.9008259169898892, 0.9267088394606474, 0.8096251274589228, 0.9654912906701203, 0.8794265061462971, 0.48902521820024614, 0.6378691642673139, 0.8669259024957781, 0.8225941127730814, 0.8688821764931729, 0.9741441297640189, 0.9743145176056017, 0.6899394431698583, 0.6859634389274192, 0.7341104177286001, 0.31698885127117704, 0.6711672476852327, 0.7400229368735689, 0.7158568025401502, 0.6954840293469038, 0.7363373604595447, 0.7243160886353674, 0.7036063511012849, -0.46088829289350847, -0.5375243799765536, 0.6245132178416269, 0.8899371868293505, 0.9267088766893127, 0.9384359470639871, 0.9141110557574132, 0.801820099443067, 0.8962237629495882, 0.9197089202495802, 0.9192336714716843, 0.7978897592003062, 0.03607828835769905], [0.9882425983537121, 0.9904875668434643, 0.9901051516055371, 0.9892035149414541, 0.9920463571618685, 1.0, 0.9884938019666504, 0.9885740549770066, 0.9881124804152869, 0.964057023145006, 0.9794877793438955, 0.9885179085863237, 0.9896817753357917, 0.9886347771497973, 0.9887592363513698, 0.9916560137372512, 0.9897690112306369, 0.9894435109478543, 0.9894254396716904, 0.9874347145192851, 0.9885637397191827, 0.9961022164486144, 0.9913934902546022, 0.9884741794874558, 0.9883060340862405, 0.9698107512672516, 0.9850120752848451, 0.9667388357397078, 0.9722749390056415, 0.9764627161919787, 0.9844352677456565, 0.9711544391780312, 0.9884302333422774, 0.9886269941447356, 0.9894240219378837, 0.9894671864684238, 0.9819625315928878, 0.9894023689431654, 0.9888350743824296, 0.9890342710422112, 0.9885318338263027, 0.9885256594675607, 0.9947293046592234, 0.8764134108193272, 0.7202510944912464, 0.8775434545156837, 0.9000679833798542, 0.8330838263417245, 0.9328276605222711, 0.9119063234629905, 0.9346811572263694, 0.9425450197196752, 0.9304694903882232, 0.9616092287644017, 0.9661848165980965, 0.9679313275088403, 0.9802423153963171, 0.9690425285591029, 0.9809323952565578, 0.9689174458348685, 0.9683456151134785, 0.9680481944858718, 0.959569934767534, 0.9429593476358334, 0.9424294275166072, 0.9303002754730881, 0.9783828675838849, 0.9707080031158554, 0.9692766742044839, 0.9676383128558435, 0.9499900331128095, 0.8578025273952262, 0.8098649658703844, 0.8782955493118713, 0.8970143632777098, 0.9044797527557304, 0.8874757687027883, 0.885385045924246, 0.6495189580436296, -0.5339560489961486, 0.974806159120318, 0.9710727048800946, 0.9676046561664776, 0.9690573267435625, 0.9654567542092359, 0.974978729418674, 0.97462299720827, 0.9555795241967968, 0.9644685035578329, 0.9550188663783922, 0.6490519613785082, 0.8392996946176196, 0.9381407963406392, 0.7503028774197074, 0.9132307214840225, 0.9312079369296051, 0.8110370330848202, 0.9559175051545384, 0.8459925484607276, 0.5890890545367584, 0.6806096618487991, 0.8435210890035839, 0.8213695335321902, 0.8411085863471578, 0.9580956732628532, 0.9581654241172302, 0.6998114398266739, 0.685539219935733, 0.762151801417044, 0.3426777561809458, 0.7412984357530181, 0.7679234266411905, 0.7538447043056186, 0.7558584730347545, 0.7403972135110242, 0.7131527381145274, 0.6955296048169806, -0.2684202584919655, -0.3959321440499648, 0.6646536360734491, 0.8834258711513164, 0.9013880969975577, 0.9097963911577228, 0.8984359989715622, 0.8001053077447831, 0.8701587029044078, 0.8928234772079772, 0.8928820202211584, 0.8369689971484442, -0.1515343405277439], [0.997550899745264, 0.9931280817061295, 0.9906999008124888, 0.9978899978117924, 0.999048879673591, 0.9884938019666504, 1.0, 0.9971727001975884, 0.9995331756290075, 0.9725370724904044, 0.9994311537773044, 0.9981495673520702, 0.9990730922456181, 0.9990305116051584, 0.998808687132964, 0.9981719866757027, 0.9999028633481201, 0.9992622856041519, 0.99926766082862, 0.999654225233366, 0.9992307516930725, 0.9906952790362022, 0.9748800816871592, 0.9841863100136325, 0.9925574305641047, 0.9871229910844999, 0.972022082537497, 0.9440601643295321, 0.9922168628611244, 0.9918141545073799, 0.9930727373251388, 0.9717335784621258, 0.998839490347552, 0.9998204209187553, 0.9996567527340661, 0.9993990644534984, 0.9996644797374109, 0.9998511889104902, 0.9979329966128611, 0.9996778855918195, 0.9992810984710483, 0.9988918131892294, 0.9830688172366292, 0.9293009328584604, 0.7325033609077581, 0.9293373347142568, 0.9161326634682051, 0.8035070644435064, 0.9586391495611272, 0.940808562602992, 0.960686715451913, 0.9580828422670222, 0.9517615444999892, 0.9818020544090086, 0.9800227642909107, 0.9409872521695802, 0.955979854124989, 0.969168359109176, 0.969490359443109, 0.9709714203125421, 0.9412039036268607, 0.8914642948574243, 0.9458384696945532, 0.9553824785305484, 0.9322402629457913, 0.8776851105928755, 0.9609721218897478, 0.9307845430622947, 0.9627899281056385, 0.9413377466265526, 0.7385321737475445, 0.8284929449989457, 0.756723109665164, 0.8459352700340294, 0.8730355346263187, 0.876919031745989, 0.8563004374194163, 0.8687637512404719, 0.26025507403527554, -0.6058517105842793, 0.9588185238438032, 0.9374340387580529, 0.9373605320719145, 0.9432936863217719, 0.9551799314882174, 0.966658241410459, 0.966706224324585, 0.9240670587563501, 0.9628174638544419, 0.8235597096731705, 0.6287837987018294, 0.8968701122180643, 0.9199549425802631, 0.7421504520056174, 0.920517202393962, 0.9414345644097117, 0.8101856730331524, 0.9650570890581411, 0.8311058167215579, 0.6296379963918222, 0.6965444857043698, 0.8435707911407617, 0.8394119107964493, 0.8293964868692565, 0.9742782774499181, 0.9745132348487844, 0.7231460064008235, 0.6823886458193172, 0.7831236393685518, 0.31214210454292823, 0.7659512047219713, 0.7922158428481897, 0.7827046489719418, 0.7884729499798048, 0.7320023128512297, 0.7290102670316511, 0.7074625822777715, -0.2566249214621308, -0.4036139820103962, 0.6430475998944739, 0.8914848277478297, 0.9296542915170192, 0.944964551706, 0.9174450518439711, 0.8239122015773991, 0.9136130211118114, 0.9354591981263085, 0.9348698841402955, 0.7749099579571057, -0.14338520783334074], [0.9953535405098173, 0.9888965493554408, 0.9911355392801584, 0.9958808118543531, 0.9982941555404548, 0.9885740549770066, 0.9971727001975884, 1.0, 0.9999844182723184, 0.9666322258964342, 0.9996523837360103, 0.9999968992363057, 0.9996642571780953, 0.9999978774188046, 0.9999819237571831, 0.9965141007436634, 0.9993199557110056, 0.9998892011107094, 0.9998887208163209, 0.9999571696401508, 0.9999944957492999, 0.9909123071259024, 0.9758924807557082, 0.9918197268844109, 0.9930617531290562, 0.9842265697554676, 0.9741957668201338, 0.9426985401342366, 0.9885048660022189, 0.9942585417879461, 0.9917177049069793, 0.9683542828836014, 0.9994294796557042, 0.9994934535865274, 0.9996164858412372, 0.9996896456276892, 0.9988029157595597, 0.9994138870286288, 0.9991186201105183, 0.9985626797028715, 0.9994991503520785, 0.9993615154986217, 0.9845212742940621, 0.9295137291437083, 0.7192967954293685, 0.9354507702875355, 0.9135684498307157, 0.7820808466156668, 0.9571017809369383, 0.9358699800267443, 0.9587304436612625, 0.9516358487212495, 0.9452480391544689, 0.9798123923965824, 0.9767759898323338, 0.9352303212112585, 0.9500376258492436, 0.9612721817843093, 0.9654406904254494, 0.9635707320442229, 0.9392180519837813, 0.8806625157011704, 0.9396649808353452, 0.9474127056419643, 0.9261185472697495, 0.8623109574086926, 0.9573493360888088, 0.9232960147433287, 0.9561763226793559, 0.9359738884623285, 0.7219309964694177, 0.8182971024729595, 0.7516591757044944, 0.8357236057798222, 0.8640322666016194, 0.8707681044439948, 0.8510272141819509, 0.8605167950807564, 0.23933353404752958, -0.6117333619842004, 0.9533037977980049, 0.9275891979322684, 0.9289753262976844, 0.9410522893347544, 0.9490130219161279, 0.9612890345263027, 0.9613351300708879, 0.9168120783984068, 0.9544118184514595, 0.8084975336621372, 0.6240052156208146, 0.9174342045083813, 0.9325277542304992, 0.7365187538298482, 0.91978821157517, 0.9410056880628083, 0.8073997113838759, 0.9698006599278078, 0.8349615848125492, 0.6153477036488983, 0.687018337699017, 0.8449282512482597, 0.8363889970914229, 0.8328923061575743, 0.9773088859078232, 0.9775485576542272, 0.7129309270912294, 0.6733175713647315, 0.7851784607857151, 0.2970995735872086, 0.7607379608860897, 0.7878968546456794, 0.784054246604655, 0.7829383956886243, 0.7245560034143232, 0.722530235665736, 0.7002919686692841, -0.2738567690068017, -0.41989566562918734, 0.6245348711160945, 0.8829067071613128, 0.927415813585554, 0.937233074799843, 0.9110260149065941, 0.812375941639622, 0.9070797028725638, 0.9291309040056726, 0.9287989433370879, 0.7545071003951359, -0.12523859856832964], [0.9956578140839712, 0.9889322631649672, 0.9943907863714787, 0.9962742125295168, 0.9983504321766525, 0.9881124804152869, 0.9995331756290075, 0.9999844182723184, 1.0, 0.9659429264425431, 0.9996513654871103, 0.9999814739877857, 0.9998378838755116, 0.9999900223619106, 0.9999964506195442, 0.9989963700877653, 0.9993083225276379, 0.9998265102311656, 0.9998254887386216, 0.9999668987127894, 0.99998239524621, 0.9937913186256135, 0.9771192101400347, 0.9951030494382608, 0.9952495967555669, 0.9841963932086064, 0.9784286167290566, 0.9437358108552417, 0.9890697237015332, 0.9933612532232441, 0.9887586859862745, 0.9638392671179464, 0.9993520805984851, 0.9994331469907428, 0.9994353943391371, 0.9998396744494694, 0.9988132307374415, 0.9994023535928043, 0.9993425104093271, 0.9985711126542055, 0.9993464575221926, 0.9993405844520287, 0.9889328783325019, 0.9297209984337343, 0.720041664827801, 0.9355574423250494, 0.9138059390775776, 0.7823048035052474, 0.9441981329835485, 0.9243693852338322, 0.9475901861048852, 0.9490669131227091, 0.9425268874014966, 0.9773507932389772, 0.9768697380727736, 0.9671643863147331, 0.950431143580262, 0.9680797512244516, 0.9655080153441666, 0.9684902719215729, 0.9681475468218423, 0.9390942706866979, 0.9389111284405189, 0.9395916636318454, 0.9391708041819198, 0.891971581414318, 0.9576905867850009, 0.9584993224161303, 0.9647378988925776, 0.9635361185725589, 0.9173820419208599, 0.817585412895734, 0.7656324280370518, 0.8348577883302986, 0.8854601348535731, 0.8690362886592262, 0.8766919038932764, 0.8756362114094727, 0.6278148633010325, -0.627715020180625, 0.9532225475362495, 0.9276232758580283, 0.9290921743081989, 0.9685479257443058, 0.9435121066647412, 0.9607986345462849, 0.9602725873341705, 0.9176522662588766, 0.9631081753169951, 0.9221427154808272, 0.6222848024992104, 0.9169244196328249, 0.9465800380197331, 0.7113417885033093, 0.9062735946200424, 0.9314835248092671, 0.8064974632660553, 0.9685149858251719, 0.886128617925356, 0.5187763815531972, 0.6548326196530655, 0.8742470619916444, 0.8306749542440807, 0.8767403375867826, 0.9772290781260135, 0.9774986203426483, 0.710831968589791, 0.6702863026985056, 0.7503022190736951, 0.2948544326842282, 0.6892591604794245, 0.7558445265147169, 0.7336679483307829, 0.7141899335405181, 0.7218978514138679, 0.7192772798990228, 0.6969885653586754, -0.5104050268039455, -0.5882918192027368, 0.624649730390023, 0.8817935097603214, 0.9262237081025543, 0.9388349411064513, 0.9100695901930084, 0.8074666462057198, 0.8964694829120148, 0.9192745627759467, 0.9187120009005402, 0.8074213741567784, 0.10911160518468678], [0.9797678602089926, 0.9681693101360624, 0.9551675344515009, 0.9794271201213955, 0.9730204534722564, 0.964057023145006, 0.9725370724904044, 0.9666322258964342, 0.9659429264425431, 1.0, 0.9526248952491735, 0.967022917183863, 0.9659533974027464, 0.9667529959579734, 0.9663054903764569, 0.9676074800623973, 0.9747385444543782, 0.9710885904496307, 0.9711020486758117, 0.9668049950675864, 0.96687788125389, 0.9661553915811341, 0.9535891855696308, 0.9735061786939051, 0.9714019565803947, 0.8982646126188597, 0.9696940015718344, 0.9524784524288028, 0.9765398627469839, 0.9706447657529743, 0.970694638138895, 0.9371831620547322, 0.9748862175509782, 0.9744591682731156, 0.9749099104405264, 0.9672233246244765, 0.9602408068280044, 0.9739041854478124, 0.9746887149255633, 0.9773837450282699, 0.9750684647070385, 0.9750861859626585, 0.9561176366159603, 0.8464753885063592, 0.5396037705885266, 0.8006801067946334, 0.8933479242495499, 0.8749528206615215, 0.9026851378298755, 0.8327909502299741, 0.9071424739570986, 0.9173108579445567, 0.9042607098357899, 0.9346005332415229, 0.934459701337969, 0.9448711100066347, 0.9368025408343266, 0.9550030569139952, 0.9487991131254786, 0.9533986553761068, 0.9534234952732262, 0.9128527342796423, 0.953927105986494, 0.9393957226011275, 0.9391035800111394, 0.8624304080194225, 0.9366125154101793, 0.9443358271983564, 0.9379180664771467, 0.9368599768110113, 0.8877252165478391, 0.8255243093099163, 0.7827938294860327, 0.8678825684638692, 0.9180126420491408, 0.8905962864342449, 0.9043615789106257, 0.9036545034967897, 0.7203556745236873, -0.31788734097669746, 0.953842138900526, 0.9548065903987093, 0.9469578625529926, 0.9466196613448932, 0.9318850484656581, 0.9550929892000805, 0.9550275313317641, 0.903099697943696, 0.9570314416468856, 0.9078989504760934, 0.7225919543904451, 0.7030923583034387, 0.8689964081397926, 0.6344657147338869, 0.8576323195251893, 0.8932384957691841, 0.8769953780658502, 0.9510612215929664, 0.9065291416114074, 0.409321763424486, 0.6585962380808068, 0.898918596528065, 0.8767063121352572, 0.9055987409022764, 0.9513067409748769, 0.9516387064642594, 0.5430109504590653, 0.7084254808683398, 0.6190293324333016, 0.48918168338827966, 0.5780774948838253, 0.6333975908881974, 0.5942536503376452, 0.5688029036740008, 0.8114449130220949, 0.6887180934664373, 0.6534860259721035, -0.2862975850387024, -0.33603376972038196, 0.7540096591023098, 0.917719091718695, 0.9244481309571915, 0.912787910569577, 0.9427244640732295, 0.6660200760146399, 0.8454096498750485, 0.9108380204452996, 0.9099959903382419, 0.6930796793400869, -0.16366125092257292], [0.9923241172322304, 0.9912954616792009, 0.9970215625456436, 0.9937472595094129, 0.9976628327735242, 0.9794877793438955, 0.9994311537773044, 0.9996523837360103, 0.9996513654871103, 0.9526248952491735, 1.0, 0.9996799869265011, 0.9996584173207441, 0.9996664462573304, 0.9996728622685804, 0.9994320444071517, 0.9991270516794152, 0.9999560955591921, 0.9999555788274299, 0.9996654137227055, 0.9996734918371466, 0.9902829335974795, 0.9582901822234383, 0.9913298831071488, 0.9924523951655176, 0.9885621578362708, 0.9707974191062934, 0.8968948839701395, 0.9886528035051256, 0.9925125882357057, 0.9729957983666817, 0.8988415053694493, 0.9991632044623989, 0.999230598343458, 0.999164363904723, 0.9994582596362291, 0.999410321829023, 0.999187469154174, 0.9990531290743482, 0.9978285273603418, 0.9991352093875822, 0.9991305975461046, 0.9897171919071995, 0.9236920015648615, 0.5658597423096967, 0.93105173806546, 0.912948767079218, 0.7864827511143482, 0.8573997204429473, 0.893361034202619, 0.8628278325047951, 0.8756844111152361, 0.854421644491639, 0.9507492790053298, 0.9506783727685395, 0.9511846970952004, 0.9534928735646337, 0.9431088274285249, 0.9450912814335337, 0.9474882603496864, 0.9472930263403688, 0.8981151739487784, 0.9095571274344755, 0.8680519717436792, 0.8678738646149067, 0.7490787409500268, 0.9472781665906431, 0.9506672707042246, 0.9508371647364762, 0.9501337400168495, 0.8991783835984732, 0.6016242465832253, 0.5386436071731456, 0.6959407527465342, 0.7982936225327643, 0.725110983152195, 0.7636826254884916, 0.7624981347231283, 0.5301585640633717, -0.4000093787035021, 0.9216315995479705, 0.93158666536191, 0.9212979880698013, 0.952630787240043, 0.9180631400725081, 0.9275338930258952, 0.9262971866034636, 0.8582802649768473, 0.9318392821389305, 0.8657309249138251, 0.5152533560865223, 0.9134212233988712, 0.9081640037743312, 0.3030456651651263, 0.6906645575288911, 0.7745989431479796, 0.6508042004751358, 0.9710973802156371, 0.6637405112234671, -0.17950117896908216, 0.1877812570634408, 0.6363389042886872, 0.640669604133875, 0.6827985572822048, 0.972379793978948, 0.9724349789604656, -0.021752716442610752, 0.20652476520832175, 0.06090288543745162, 0.0271621586874088, 0.05394314035294863, 0.0731501909438423, 0.03987427624761113, -0.009223623624845134, 0.4093731778020939, 0.1408512131788976, 0.08857958532585947, -0.5219403471193098, -0.5558091339037222, 0.6247244983821053, 0.7391375263505867, 0.7637619858145364, 0.8267859843232697, 0.8248075756454777, 0.5197192575442605, 0.7242768948114846, 0.7595910866608429, 0.758317173136179, 0.4042752078656717, 0.25385187770393286], [0.9954960609795266, 0.9891378910117411, 0.9910321783310589, 0.9960052279281227, 0.9983401237816616, 0.9885179085863237, 0.9981495673520702, 0.9999968992363057, 0.9999814739877857, 0.967022917183863, 0.9996799869265011, 1.0, 0.9996490966038811, 0.999997655453797, 0.9999845757385274, 0.9971439471518128, 0.9993702478102803, 0.9999003837319576, 0.999900094915937, 0.9999649351282551, 0.9999949491741625, 0.9908242888029776, 0.9757721301734658, 0.9924752291778353, 0.9930247067615114, 0.9844233741755524, 0.9740335975619991, 0.9427243723604549, 0.9893915167514714, 0.994313890779032, 0.9917906130596109, 0.9684999882786962, 0.999471819942337, 0.9995372984593096, 0.9996497961291161, 0.9996915483479437, 0.9988914547506924, 0.9994592050143359, 0.9991575820061196, 0.9986429496515489, 0.9995427295535871, 0.999404814002533, 0.984331934330984, 0.9298052388530834, 0.7200147109165294, 0.9353872304843851, 0.913837840895292, 0.7832542045133967, 0.9574287495834528, 0.9362848351722712, 0.9590655163626342, 0.9520106720314478, 0.9456483364336965, 0.9800519151172068, 0.9769624372666472, 0.9355661299157813, 0.950256995630369, 0.9616011002588145, 0.9656105624514636, 0.9638923107187765, 0.9394946804101595, 0.8808943285455404, 0.93998442511092, 0.9478596975227015, 0.9265729997505702, 0.8627939551233285, 0.9574633497007126, 0.9235479230637583, 0.9564303839709932, 0.9362880953068733, 0.7220917110460031, 0.818826340451068, 0.7522374709231887, 0.8362411081743759, 0.8644221988466135, 0.8710744144667109, 0.8514748871594482, 0.8609860939730608, 0.2397199416189313, -0.6116089124292817, 0.9535563286417595, 0.9280399788808641, 0.9293441140693626, 0.941312494136359, 0.9492824465925761, 0.961544160294604, 0.9615908707280074, 0.9170731726083013, 0.9547659001460455, 0.8087969297089045, 0.6242270588765646, 0.9165040792666468, 0.9319825683402718, 0.7367984521177215, 0.919845419936408, 0.9410605787451154, 0.8076953860125896, 0.9696289693123517, 0.8354024018580072, 0.6163574683063443, 0.6877163779595777, 0.8453918566577105, 0.8369211367947693, 0.8333172917066396, 0.9772237325115448, 0.9774632849133412, 0.7135973883591324, 0.6739479455164368, 0.7857461219201977, 0.29798506431432503, 0.7614260343743335, 0.7885705909181959, 0.7846273882836221, 0.7836417514652151, 0.72497075065683, 0.7229904037775261, 0.7007811691019846, -0.2728146546671363, -0.41895101130629, 0.6251447380403127, 0.8834222317654131, 0.927825774165217, 0.9377336056003972, 0.9114749699714819, 0.8129272346089996, 0.9076249549487508, 0.9296634276934834, 0.9293178739577462, 0.7551765675682202, -0.12631729214922707], [0.9947191321957009, 0.9889614363181255, 0.9929665337129497, 0.995438245121373, 0.9981306199860301, 0.9896817753357917, 0.9990730922456181, 0.9996642571780953, 0.9998378838755116, 0.9659533974027464, 0.9996584173207441, 0.9996490966038811, 1.0, 0.9996857134956335, 0.9996717686616838, 0.9991249468421944, 0.998922719194362, 0.9994758503912301, 0.9994686562325757, 0.9996664630136445, 0.9996404787817648, 0.9928170248331742, 0.9773934914351385, 0.995802277001728, 0.9956917244683129, 0.9842635014425067, 0.976847601727874, 0.9452181360432033, 0.9885201576750067, 0.992319918329546, 0.9908526457083913, 0.9660948146615064, 0.9987642625435577, 0.9990741186504766, 0.9992668388432878, 0.9999198677062189, 0.9988383217140003, 0.9990489745487182, 0.9986002126596847, 0.9979561501945655, 0.9987566325412236, 0.9986828387676933, 0.9883144922377847, 0.9297632501322407, 0.715799881086459, 0.9354946284175137, 0.9137325772822658, 0.7825478292071261, 0.9528982166141527, 0.9293351178279782, 0.9539181879908301, 0.9485182631978719, 0.9415607812244949, 0.9764884753768144, 0.9748449655092767, 0.9588934497176229, 0.9499343085656096, 0.9618812154471459, 0.9648804998581779, 0.9637137768889331, 0.9630158167592755, 0.8849801936576486, 0.9370063129337461, 0.9462196011296733, 0.945915731061276, 0.860955379100206, 0.9577840615514607, 0.9352713640787097, 0.9583172121016722, 0.9569545516763879, 0.7265978220327828, 0.8157701951874968, 0.7779242896182145, 0.8338474300084575, 0.865874009303936, 0.8701721992548606, 0.8596888720684639, 0.8600228866340148, 0.22432122512737696, -0.6061214973913989, 0.9526559433846145, 0.9277258768097932, 0.928263729376349, 0.9617196792294634, 0.9486809597984855, 0.9603208760405793, 0.9603207384524901, 0.9168352583292123, 0.9550989154306835, 0.8154985068533904, 0.6246715270392591, 0.9170395321969812, 0.9326969478011704, 0.733971331043511, 0.9179192361358524, 0.9394397104633754, 0.808637332696714, 0.9722868475375945, 0.8294497468520076, 0.6080431249696872, 0.6831336410603105, 0.8365455436014584, 0.8315817095779591, 0.8251974317105545, 0.9791262548250539, 0.9793242793964119, 0.7043779492181527, 0.6684977682964045, 0.7650365121675429, 0.29768689797698966, 0.7514077151983873, 0.7772204102100205, 0.7537412863210697, 0.7725535435974448, 0.7226746202577303, 0.7128056213041393, 0.6908582426261136, -0.27952186105084265, -0.4240617293524279, 0.6247232700133442, 0.88118028419114, 0.9292072934776969, 0.9331486983852892, 0.9106349653277409, 0.8050645000044996, 0.9012648905651857, 0.9225438919740371, 0.9228809133139187, 0.7489583112642498, -0.12459774749334945], [0.9954070258852493, 0.9890100885136537, 0.991195874836696, 0.9959326448601902, 0.9983284099105746, 0.9886347771497973, 0.9990305116051584, 0.9999978774188046, 0.9999900223619106, 0.9667529959579734, 0.9996664462573304, 0.999997655453797, 0.9996857134956335, 1.0, 0.9999886752895043, 0.9986553740318708, 0.9993397363736727, 0.999892754470683, 0.9998919542210081, 0.999959077302546, 0.9999923917436956, 0.9909518632602106, 0.975946785668151, 0.9943090089675155, 0.9941501215815467, 0.9843421601146058, 0.9742404681837212, 0.9428796925574021, 0.9918584818980242, 0.9946251587155035, 0.9916612142677548, 0.9682535996025369, 0.9994450618787283, 0.9994979393631485, 0.999626350630519, 0.9997081101893628, 0.9988442117892211, 0.9994244689071535, 0.9991842607088873, 0.9985844880739752, 0.9995124853084442, 0.9993779720705761, 0.9845044256849006, 0.9296189330334675, 0.7193750169885641, 0.9354720667280644, 0.9137661634998161, 0.7826366483208118, 0.9572080139278218, 0.9360414876053609, 0.9588727730987683, 0.9516001649391571, 0.9451867127694419, 0.9798588943729357, 0.9767369527009594, 0.9355814549952165, 0.9501610506682397, 0.9614674685133793, 0.9655104780667162, 0.9637495681525782, 0.938936322620176, 0.8809000485327773, 0.9395142908166, 0.9474876546416959, 0.9263718184400612, 0.8624472703992294, 0.9575125239887426, 0.923707415687776, 0.9564163313299114, 0.9363424108583374, 0.7223231787043738, 0.818243670315475, 0.7519621413642346, 0.8357158178075026, 0.8642216689738644, 0.8707400367878385, 0.8512015619550629, 0.8607082102385952, 0.2397013128942505, -0.6114382919135892, 0.9533722514604137, 0.9278049883507076, 0.9291540395361061, 0.9391718644789566, 0.9492066744778437, 0.961365486236475, 0.96140830696743, 0.9169909930166414, 0.9546072548802672, 0.8087943887589517, 0.6240528732177854, 0.9169908975437389, 0.9323798493205943, 0.7364497476237508, 0.9196597740556754, 0.9409054519066576, 0.8074040099374424, 0.9698184220625017, 0.835023903278088, 0.615221807528889, 0.6869140460442333, 0.8449747482067558, 0.8365520253450089, 0.8329477977478781, 0.9773607476348707, 0.977596672322788, 0.7124784637490669, 0.6729140728772518, 0.785183741775847, 0.29741378825491566, 0.7607332590967685, 0.7878352814392271, 0.7842500606637399, 0.7828526905310937, 0.7244577032637085, 0.7217082883203493, 0.6995055840280759, -0.2736466119722968, -0.4196815501470379, 0.6248851379859274, 0.8828366890988574, 0.9275747341376962, 0.9373108882456578, 0.9110916792106399, 0.8121905815010666, 0.9073274472960381, 0.9292042708999324, 0.9289897573591568, 0.754639783472015, -0.12555229898333184], [0.9955391611254197, 0.989105293198875, 0.991116406027276, 0.9960442012734273, 0.9983944069836244, 0.9887592363513698, 0.998808687132964, 0.9999819237571831, 0.9999964506195442, 0.9663054903764569, 0.9996728622685804, 0.9999845757385274, 0.9996717686616838, 0.9999886752895043, 1.0, 0.9986564633416536, 0.9993770407110214, 0.9998889237025648, 0.9998890607216623, 0.9999571450976947, 0.9999780708651708, 0.9908754324320648, 0.9759601303145694, 0.9928106984013166, 0.9928377343557458, 0.9844028634554184, 0.9739863316150387, 0.9428113621266595, 0.991904112875467, 0.9942232451643941, 0.9915056176025118, 0.968121454051542, 0.9994833236835691, 0.9994812091239997, 0.9996114787362878, 0.9996987008367844, 0.9988619991997443, 0.9994271465625832, 0.9992128333292638, 0.9986362683864012, 0.999542495580699, 0.9994218119097755, 0.984310034501279, 0.9296342351664998, 0.7200008304793631, 0.9354049764650816, 0.9139001579394803, 0.7829424462098034, 0.9577911148898226, 0.9370944417201601, 0.9595088455468553, 0.9517650097169214, 0.9453557838757687, 0.9803298274754969, 0.9768873187295531, 0.9363578886087531, 0.9505725203290492, 0.9618500348421148, 0.965678152176056, 0.964140353599594, 0.9402324427123895, 0.8810418089721223, 0.9390826133723009, 0.9477625562869905, 0.9270992005821264, 0.8622843865852439, 0.9579028187215212, 0.9243196445327694, 0.9569266626302287, 0.9372413204424923, 0.7220620410257514, 0.8178848886991795, 0.7528954051506807, 0.8351401660814096, 0.8641678237294659, 0.870201796275202, 0.8516432861919563, 0.8611034307239476, 0.238996369658521, -0.6111516424782192, 0.9534151469274285, 0.928019788704, 0.9294067379361485, 0.9421105673664184, 0.9496886523369588, 0.961505630670575, 0.9616136417835701, 0.9173434724523718, 0.95494656814434, 0.808692230463673, 0.6228824704002897, 0.9165051313593409, 0.9320530831688733, 0.7354229904364585, 0.9192261273752673, 0.9404236389725351, 0.8065288481837661, 0.9694485676997382, 0.8359573773336098, 0.6148461797651913, 0.6858673407393826, 0.8454646780177681, 0.8368970797572733, 0.8336528476591561, 0.977137785746253, 0.977407450128284, 0.7111658854106799, 0.6706415464063594, 0.7862238229567216, 0.295843022513196, 0.7609047930540432, 0.7881691128520893, 0.7854492040916571, 0.7830064602780857, 0.7227308660028087, 0.7194703454850053, 0.6972299805679386, -0.2728887005775817, -0.418987638911556, 0.6248180053518677, 0.8819877193485725, 0.9281605042116653, 0.9378083832995809, 0.9103771349111174, 0.8123456277065165, 0.9083468773328817, 0.9297799483575011, 0.9296709433076625, 0.7545189255028577, -0.12570400201416218], [0.9966053204877139, 0.9937302721142868, 0.9917473755016606, 0.9971271381233775, 0.9986551202337078, 0.9916560137372512, 0.9981719866757027, 0.9965141007436634, 0.9989963700877653, 0.9676074800623973, 0.9994320444071517, 0.9971439471518128, 0.9991249468421944, 0.9986553740318708, 0.9986564633416536, 1.0, 0.9990594662723754, 0.9989930415004964, 0.9989901841787687, 0.9988060494206249, 0.9985503636112563, 0.9924009228866011, 0.9786475576502833, 0.9839014726704021, 0.9902376319440781, 0.9897581729046501, 0.9760766513565641, 0.9500276390001454, 0.9928911058401868, 0.992998160212288, 0.9904828980905528, 0.9680924399979048, 0.9987934739688841, 0.9987175610269398, 0.9989503948915859, 0.9986741608575455, 0.9993968161337549, 0.9988655869767293, 0.9989129892010589, 0.9984049702040192, 0.9986820880243464, 0.9987446582827032, 0.9834119644923411, 0.9230812262037101, 0.7247472637053144, 0.929231965058773, 0.9163035971220769, 0.7994004649626664, 0.9607806896787481, 0.9407718793188664, 0.9628755700091768, 0.9513550839392964, 0.9435357217425151, 0.980689218304699, 0.9761237325431588, 0.9484188362227951, 0.9593508026899961, 0.968433