var element=document.getElementById("correlationAdjClose");if(element.style.display!='none'){var correlationAdjClose={"data":[{"type":"heatmap","z":[[1.0,0.9999940241001223,0.9857238596900695,0.9999292750481812,0.9991405351421244,0.984623290026301,0.9979260086481169,0.9961906572892009,0.9696480076537572,0.9964912477347472,0.9946726372550219,0.9942352075076203,0.9963025473588955,0.9963387135315271,0.9962350933315957,0.9977112406897373,0.9979720145712505,0.9984172203911743,0.9968049924338578,0.9968171978253327,0.9968459928875361,0.9962645721566281,0.9875965890780983,0.9717971663768008,0.9902346259113618,0.9574323301576704,0.9892779906149772,0.9881406238111388,0.9688939901769529,0.9539074264228914,0.992822607173891,0.9940825532222759,0.9926424408296272,0.9780592779624447,0.9978314300481617,0.9980321622963708,0.9976152976906267,0.9963611683242204,0.9959239554588561,0.9979305787037017,0.9987780137332389,0.9988210776498293,0.9977966476646237,0.9978085009253619,0.9769706964846369,0.9170415031402007,0.9510228878883511,0.9300880688672337,0.9313268380846436,0.9088538675863391,0.9635153375623647,0.9492850555467354,0.9652722820115629,0.966718800280565,0.9562003849358968,0.9844452496338988,0.9818110572718173,0.9906161467781092,0.9944060575102603,0.9871832692232467,0.982992996706696,0.9884834467324595,0.986769769386609,0.989026242822891,0.9888709817331027,0.9628650472559634,0.9757813787025453,0.97664120316707,0.9763386999590236,0.9530825402244079,0.9812607212338604,0.9783213231446806,0.9854559145363183,0.9847785188592422,0.942634621778773,0.8924865054253731,0.8602635478997473,0.9080866149623092,0.9242683987597548,0.9217771661873249,0.9222491173028101,0.9209312844718084,0.7053132473518892,-0.5544583000912459,0.981319983172579,0.9769589809489643,0.9738305089813676,0.9878736787995639,0.9751675134158803,0.9849319783162664,0.9849463509108649,0.9488270669901172,0.98519116125832,0.9518338406057764,0.7811209106484842,0.9106343463041324,0.9306764580771086,0.8073385281035365,0.9524780867394929,0.953242650905193,0.9006165747375443,0.9661317051439778,0.8955037872507596,0.5952582366164985,0.7234170842351507,0.9025866204366919,0.8712300155939178,0.8937798246996316,0.9747005224315445,0.9748855656833832,0.7845872563419581,0.7418761785235318,0.82498679641169,0.43116517128382204,0.8042640139655054,0.8292152339483436,0.8244277898908126,0.816319610823074,0.7839335020243083,0.7525464401441174,0.7358474548476509,-0.27861981126913477,-0.41820748194883717,0.6658253271748708,0.8907919595521225,0.9333817020292712,0.9415318051513074,0.9060734286816047,0.8256229745046849,0.9090668076070505,0.926854007040423,0.9267491130809227,0.8609792981176237,-0.15991487302574806],[0.9999940241001223,1.0,0.9886299824384823,0.9998403775122836,0.9982982280619304,0.9898916613689733,0.9946362230772853,0.991890135684539,0.9855642527106522,0.9919048024368696,0.9919191319452854,0.9935677770659321,0.9920284431192893,0.9919053582529467,0.9919646365775079,0.9941287320972874,0.9966467852367346,0.9962718517475464,0.9942676691472664,0.9942693419865883,0.9919581623943527,0.9920024294558292,0.9921485242583168,0.9750410222120599,0.9888123238026925,0.9828544078403028,0.9887451390779699,0.9881023065656451,0.9816266887825938,0.9366654993588364,0.9894739854406259,0.9871708676084123,0.9813033948950347,0.9357698849098282,0.9956861191399446,0.9955952215570948,0.9958182041900029,0.9923997901342596,0.9953405405797419,0.9958258787812773,0.9970929655164186,0.9972450878519843,0.9958110645130597,0.9958185929059101,0.990221193269313,0.9166798894761757,0.891669263767639,0.9296767992486498,0.931123267032956,0.908831079467334,0.8826742492967856,0.926204916688921,0.8851809396718089,0.9143260873043453,0.8823469357266367,0.9559217254674174,0.9558973994566989,0.9697013297053729,0.9847789566627086,0.9828653596988969,0.9849785335010646,0.9805418985779977,0.9811869797061386,0.9822231586088082,0.9821452663620521,0.9500967999253767,0.9633244513755592,0.9407385553742392,0.9406084565370849,0.8745895987565451,0.9798246878392846,0.9812819539280864,0.9814707979922767,0.981076354257251,0.9528116099632652,0.7761588658886774,0.7350871290631807,0.837423852337181,0.8986382774167551,0.8531962973001025,0.8764100369759996,0.8751918990217139,0.736361679532985,-0.19922172576426073,0.9707812135235921,0.9746203123574768,0.970564295064935,0.9834046187012282,0.9682987872919798,0.9736805625197368,0.9730998398297621,0.9315772646114644,0.9754395324758892,0.9344848850938833,0.7023670844974745,0.9101229505837214,0.9085824324697482,0.5138652971602753,0.833797324035578,0.8383001519944772,0.7440510975977979,0.9668998682783514,0.7169759643370882,-0.2977307075980255,0.22228089345714766,0.7440588151416914,0.6931634302009704,0.7366572165450174,0.9684382182795089,0.9684331341345603,0.15019420253887336,0.32239588034066247,0.15675137651434906,0.12869707025847943,0.15020963635671947,0.1645816696218861,0.16144960036030517,0.0824076810705654,0.5135939931935736,0.24452440974039394,0.19380869623628622,-0.440243694638582,-0.48572187613250556,0.6659819921705737,0.7506558958682422,0.7747230961285578,0.8360325142062442,0.817061442304144,0.5723731745542869,0.7549964366264237,0.7691737817156048,0.7680036878329323,0.42051008829024367,0.2186073262900818],[0.9857238596900695,0.9886299824384823,1.0,0.9871101941180763,0.9931932017478805,0.9915072759968173,0.989817959934185,0.990494269810255,0.9908059865764064,0.9931867082589528,0.9971744549892881,0.9963458902087421,0.9903575382000699,0.9925491442387548,0.9905518392919834,0.9899891515964153,0.9908424813860247,0.9901328566161608,0.9892064200944021,0.9891838966562919,0.9920526154445748,0.9903841565421702,0.9948479758756474,0.9841684501940045,0.9912341806080016,0.981101034866722,0.991808628637323,0.9873637742284775,0.9864629284075556,0.960020246396739,0.9696263371646459,0.9738168032932839,0.9768560587556626,0.954595932174902,0.9871312441485841,0.9902267516051179,0.9886017867820984,0.9921625773910331,0.9947523603029224,0.9910231058351437,0.9850502668069395,0.9878921435213412,0.9874805480222592,0.9868603980830979,0.9921970120773054,0.9121397456496091,0.9340698146584586,0.9425650403205149,0.9247930148837882,0.8656638029812534,0.9213671533646609,0.9046057481547856,0.9240426573408376,0.9284061537898101,0.913021085055099,0.9495969332482702,0.9584016161554515,0.9668097857060666,0.9775959809119161,0.940461017255954,0.9653151684477372,0.9637373374835344,0.9706031417902395,0.9639837337573915,0.9387224520813634,0.9230517740317945,0.9470763930667317,0.9367320017765702,0.9180123036673441,0.895823498925537,0.9710252919443325,0.9496961562218905,0.9634662265496255,0.9426301526519186,0.8294935447295583,0.8504849558392209,0.7678708167531927,0.8687247317350425,0.8950914317648331,0.8967468252542852,0.8636836159237745,0.8780030965897441,0.41090263041205155,-0.5429554775816368,0.9610649468162703,0.9485508420209453,0.9479614973245175,0.9404620041483097,0.9555548690266514,0.9635340508263877,0.9631129527556126,0.9339439841836804,0.9587531265837778,0.8799258304412368,0.7644558527210182,0.9520330418769288,0.9514416592187471,0.7852514546816787,0.9393304563431576,0.9410045857012242,0.8729038639840673,0.9801256654202287,0.7755171915736815,0.49889396925893253,0.6662258386196418,0.796935407289109,0.797605963509858,0.7780748153117311,0.9824340505971342,0.9824884561333983,0.7130661510414645,0.6878260191895159,0.710508238423947,0.3777836814967444,0.7039180916376875,0.7139427890720755,0.7259250807715488,0.7127951673507127,0.7455434008381517,0.6863202322639705,0.6684999540990597,-0.34032919194095185,-0.4795657798752204,0.6318323418479297,0.851289605781118,0.8802133136811345,0.8861756383768927,0.8771801397130111,0.7572426393598821,0.8579765189133359,0.8692648560880918,0.8766774103098617,0.7328304557564378,-0.08199395045137171],[0.9999292750481812,0.9998403775122836,0.9871101941180763,1.0,0.9993801313799975,0.9857769900062231,0.9981626143261934,0.9966083761880321,0.9718850040110347,0.9969467175665766,0.9953526691353035,0.9951207864277306,0.9967023555371363,0.9968258363029721,0.9966522761624874,0.9979783030658634,0.9983018031701149,0.998669086017034,0.9971697085797673,0.9971797828338843,0.9972322664396874,0.9966693547566932,0.9887904665182862,0.9732150521046958,0.9911841105537011,0.9600356332025832,0.9903338528660897,0.9896603076920119,0.9708835932599392,0.9551135774058863,0.9921387755711447,0.9935894362622981,0.9925669989523965,0.9776298519822731,0.9979096290636508,0.9982201924863946,0.9978353721752682,0.9968144074189607,0.9963684284399855,0.9981497644253147,0.9986715527446545,0.9988940300129094,0.9978708417505076,0.9978799050288247,0.9788046000031683,0.9132514424006217,0.9488937477049413,0.9305249442283289,0.9298236065159168,0.9022646945945193,0.960566956568363,0.9459930260697731,0.9622333623740578,0.964231408859061,0.9533930510427129,0.9823423373726238,0.9802872187628713,0.9897484411660453,0.9941997216424607,0.9858172609263635,0.9819816215155961,0.987300654917221,0.9862239394885345,0.9877663631779778,0.9876024291302342,0.9533760708424426,0.9746190512005436,0.9752146911774194,0.9749069275862521,0.9481821473377597,0.9808598019518653,0.9756042891888306,0.9840910932868694,0.9833776207044252,0.9229302382177723,0.8910667221333164,0.8565708701822611,0.9064735474512498,0.9215685935591491,0.9213344987979871,0.9199140603974897,0.9186350787395136,0.6155015509103141,-0.5539304172137237,0.9805599520384611,0.9758458139415215,0.9724990544908418,0.9865098497725808,0.9744990363248607,0.9842271875548939,0.9842351002479629,0.948526361742565,0.9838347154545338,0.9374153908542837,0.7849972107288091,0.9159113158225499,0.9346594419400953,0.8090569126639346,0.9537554013180349,0.954546482011276,0.9000934417630101,0.9673422496036248,0.8893004280160617,0.5914642563135001,0.7215921970698165,0.8970204860834676,0.867485503147476,0.8879406268228863,0.9755095639000808,0.9757000526690022,0.7833182754768254,0.7420205509026628,0.816960575956327,0.4329516059363719,0.7983554493041339,0.8209123259034727,0.8160492797455933,0.8108121171610843,0.7861379629604953,0.7523151571792729,0.7356991835173647,-0.27402621825019136,-0.41748180667303497,0.6652228359883867,0.8887927829835252,0.9313695502996339,0.9395887095795551,0.9047005863550769,0.822718476885619,0.9069284036766844,0.9244482357317525,0.9244923299102557,0.8536223500569814,-0.15274126883734296],[0.9991405351421244,0.9982982280619304,0.9931932017478805,0.9993801313799975,1.0,0.9885828144558194,0.999090805254723,0.9985584556111893,0.9840502203107265,0.9985596928373729,0.9981664947454836,0.9981989723029239,0.9985848002044706,0.998591759667057,0.9985905264544511,0.9990846189185663,0.9987475958961248,0.9993026313309499,0.998899063270924,0.998900761259784,0.9986440519383549,0.9985808881089314,0.9945829411957078,0.9807592897724262,0.9950668419974323,0.977161074322402,0.9950472363755909,0.9924935677499152,0.9835020058715344,0.9584468521704578,0.9892581964513997,0.9919319019617044,0.989866112965625,0.9698027587733465,0.9989332598951822,0.9989880035936479,0.9990070672881081,0.9986681294006272,0.998685127249873,0.998981111738852,0.9989793991570475,0.9992016616295374,0.9989396426205919,0.9989411975004501,0.988312174559473,0.9231836934256094,0.9481538844747499,0.9408782635144968,0.9332431988414102,0.8979140979902765,0.9475974360559347,0.940712235022209,0.9518765259547269,0.9578641591740543,0.9464783972289367,0.9797212839650343,0.9796437959663329,0.9897227037792052,0.9940192488165531,0.9826346424182167,0.9766383706126096,0.9829656029815577,0.9826182227575226,0.9833206312337248,0.9831558463095241,0.9535613091786812,0.9665447415990694,0.961260526355011,0.9609146662836323,0.923104566440743,0.9782404338312736,0.9745824929827036,0.9803575899994995,0.9796009325703233,0.9402208781917595,0.871716371221752,0.8352873450735767,0.8921738274995332,0.9263739243178164,0.9113638813832567,0.9182517788093398,0.9171830015231242,0.7599804365792456,-0.5631674447205767,0.9746944552474249,0.9662908364490375,0.9637894443876256,0.9835450540725694,0.9654937217134976,0.9781133344386074,0.9778139540041452,0.9404402489009938,0.9795981868425613,0.9429427300437973,0.7746830235228901,0.9304569905695164,0.9542573246583342,0.7735522191906128,0.9415421774388713,0.9429897200408218,0.8944738535307412,0.9722310756583535,0.8884809283077351,0.4313453378957075,0.6640567549723785,0.894340922862963,0.8443873525721977,0.8898958412500286,0.9790055456639631,0.9791495717375334,0.7485194676722772,0.7259365732560716,0.7523846132095843,0.41138112220188217,0.7049580971657875,0.7571831278454114,0.7526629234904665,0.7163364993034531,0.7732414736121641,0.7377202531320265,0.7202359239162242,-0.4786492359915129,-0.5601557807267065,0.6604886290875712,0.8835981800922769,0.917371701485597,0.9339823001832462,0.9028458719378443,0.8042217991587329,0.8956244505724905,0.9112715226120396,0.9108496764305989,0.790641195835232,0.057306558961728316],[0.984623290026301,0.9898916613689733,0.9915072759968173,0.9857769900062231,0.9885828144558194,1.0,0.9834907241138987,0.984449935964541,0.9927644955128205,0.9839088124018823,0.9797309823286217,0.9789187914084507,0.9843102019606976,0.9848359667096844,0.9845210113599413,0.9841961367271614,0.9876197342505434,0.985293958246099,0.9851627681087675,0.985208923037227,0.9833420855237373,0.9844672003652718,0.9952503413648099,0.9935784082688681,0.985807271406681,0.9871191656666982,0.9861089364395575,0.9770140406595446,0.9882209622628397,0.9742764267087427,0.9622216630349576,0.967886903987848,0.9771273575737855,0.9668093967070324,0.9831763851707358,0.9835609585283411,0.9843895036923916,0.9851010116893223,0.9796747629341829,0.9840422688923743,0.9824301433585841,0.9841291126809787,0.983373223902642,0.9834279149163808,0.9960587075794399,0.8716580784225296,0.9261378596525477,0.9122310010597153,0.9240452573943956,0.8831518264949204,0.9179270527386473,0.9096522510853726,0.9206003403070443,0.9355220188413491,0.9168619015525249,0.9503777390450391,0.9558287778414657,0.9620049752251091,0.9709918362804761,0.9709460724078992,0.9868681710951887,0.9727521966132506,0.9843370296396534,0.9723460327958097,0.9717654987707053,0.976627468113693,0.9690319215019247,0.9488918916347293,0.9483106519778044,0.9478261579700856,0.9829969677389565,0.9756549834099046,0.9722871547698448,0.9709338560276495,0.9639519307895882,0.8934605650235642,0.848116346597116,0.9104683728784316,0.9178472628699886,0.9272051652102123,0.9081878329437055,0.9059155691203287,0.7376220385953248,-0.5018424431399385,0.9810258206406502,0.9825514074308803,0.978370269618875,0.9718047862386779,0.9735782935114313,0.9797400530670523,0.9792991715173198,0.9684618369309876,0.9692368195727777,0.9674856181152388,0.786650759077566,0.8898939094122637,0.9539560704310356,0.8192293046417949,0.9426218761745492,0.943609288438665,0.8672708723086577,0.9589649307347382,0.8351075206180694,0.5175978880029256,0.686753330401782,0.8448669530100577,0.819868162930833,0.8344035382254003,0.9592562640509916,0.9594102337329388,0.7375953871535763,0.7180648871166763,0.7519606555092528,0.43515886109439644,0.7445177662353151,0.7573508967576166,0.7512133825162006,0.7482864803667219,0.7668225451956122,0.7131541141222401,0.6992352442527844,-0.30142149486283243,-0.43149335481888335,0.6717770714954104,0.8553451546706613,0.8733795019210385,0.887416949542254,0.865478748814662,0.7815154904192496,0.8486725351481725,0.8653370331270029,0.8655229692257316,0.8068484809165962,-0.11547517338271286],[0.9979260086481169,0.9946362230772853,0.989817959934185,0.9981626143261934,0.999090805254723,0.9834907241138987,1.0,0.9975301330259649,0.9571226661235527,0.9996102940390914,0.9995671442796538,0.9995884957406862,0.9984222043270812,0.9994760275315662,0.9991861925695743,0.9998914070870489,0.9965865758853127,0.9999033423894544,0.9993801644404218,0.9993848414320698,0.999714056091778,0.9993295159079445,0.990709827205894,0.9746195011934999,0.9858820869616152,0.9267307507594524,0.9935691692408275,0.9922164247171555,0.9741201299193228,0.9519828353882804,0.9916233217299102,0.9919020731193917,0.9935657529090699,0.9749944594573972,0.9990090885104186,0.999852152928884,0.9997152875149772,0.999482442390746,0.9997680302747783,0.9998367091301628,0.9985133558833267,0.9997364714284374,0.9993892306178213,0.9990455482033405,0.9805311456812178,0.9310344523421649,0.9515835329986579,0.94958103960793,0.9399422028765914,0.8979619522171054,0.9572240795155752,0.9456303738820192,0.9595576891701645,0.9617280840931997,0.9521801459280739,0.9815186194483996,0.9809489277369778,0.991726927933839,0.996366213728845,0.9503237018282541,0.9647021541231312,0.9741645318996031,0.9747938263768432,0.9756891257759993,0.9503276197357519,0.9064883163635521,0.9579962615969991,0.9628526434298832,0.94166171930503,0.8983370655462743,0.968798217973648,0.9427248864327663,0.9691623321925086,0.950682610623934,0.7894288882741912,0.8652671283990278,0.7876903365800361,0.8798331690589529,0.896418338885,0.9010376224553964,0.8799188186918713,0.8917648956286583,0.359618982201218,-0.5876899214216232,0.965890936219931,0.9526459285244439,0.951393664161102,0.951797921366063,0.9616855949040566,0.9720139143182027,0.972135228670089,0.9298130263805349,0.9690530757674043,0.855427954598641,0.7692057995431105,0.9312302131107989,0.9338657190904546,0.7971866307138196,0.9516819639227494,0.952630316516574,0.8980587474204753,0.971752267255908,0.8321637943807643,0.5848464489073375,0.7144329330328977,0.8557479080014967,0.848336069433778,0.8372634733104865,0.9793707711809712,0.9795589176781021,0.7739006621965767,0.7234624408680992,0.7821122511158778,0.4057841574224244,0.7771037959800111,0.7943320834583639,0.7882632208705104,0.7924810272767199,0.7704406418227505,0.7437445336926487,0.7253625898578449,-0.2884129623398832,-0.43939485259497213,0.677550805288973,0.8878538375931391,0.9228838064003965,0.9400384679576024,0.9089036853692323,0.8238141162087909,0.908748203126211,0.927803517309088,0.926580738242557,0.7754465263639584,-0.12074998130268867],[0.9961906572892009,0.991890135684539,0.990494269810255,0.9966083761880321,0.9985584556111893,0.984449935964541,0.9975301330259649,1.0,0.9679232856421867,0.9999998278553521,0.9999993014710519,0.999753223674628,0.999997074670654,0.9999926025720464,0.9999982226918069,0.9993169019951947,0.9913898603284542,0.9994498532808852,0.9999084323819863,0.9999080508783972,0.9999645171625162,0.9999987735307706,0.9911586314737457,0.9762277996354505,0.9928377485877681,0.9407891465415041,0.9940661737231755,0.9904674973300839,0.9763254010029633,0.9513914771868299,0.987948103929752,0.9938404514535245,0.992135930653488,0.9719792606647853,0.999467358133737,0.9995664186957405,0.9996715740347766,0.9997410445135569,0.9992075111591033,0.999499061201144,0.998215798036799,0.9988199933610269,0.9995389601902972,0.999405299920077,0.9822056280415764,0.9308239352709968,0.9488588528386409,0.9533237952408653,0.9383610439701977,0.8873493815857599,0.9554687668507269,0.9411067534093985,0.957444020692254,0.9560427261609347,0.9461664928535214,0.9794886485227355,0.9780041957418256,0.9906712601324705,0.996861245455056,0.9455275458158972,0.9608052704379528,0.96809723953556,0.971913422646666,0.969996047108908,0.948666351526284,0.899446513474877,0.9535060809913561,0.956353196563398,0.9364119532919765,0.8869210122211568,0.9662497075218115,0.9368382754492849,0.9639721628114377,0.9462303821052369,0.7774303721791638,0.8577186088672922,0.7834068050283737,0.8723344456005371,0.8896243530382651,0.8967737408710882,0.8756986049938847,0.8852656505013358,0.34267693639316443,-0.5917547523995333,0.9619820147354148,0.9465684302413642,0.9457586752000822,0.9498944044108456,0.9574199560098129,0.968174724584519,0.9682783490917732,0.9254829825575358,0.9625765009008926,0.8450908006959625,0.7662550511577167,0.9446354358179526,0.9444102100988697,0.7938142046850877,0.9514693901596701,0.9525675601427623,0.8955222198840506,0.9756257146891627,0.8349757237056469,0.5705359986802178,0.7057387396936182,0.8566273039652317,0.8451351144106525,0.8393137130635008,0.9817647281770193,0.9819569338425205,0.7649985852031606,0.7159173627048485,0.783302888190341,0.393531755651252,0.7719537918229331,0.789742410144085,0.7885887598764263,0.7868711324899693,0.7643257096573416,0.7380075663668112,0.719057598482497,-0.30395717806442624,-0.4538744299087285,0.6638497243982063,0.8803618736287687,0.920313625202641,0.9324704124650438,0.9031586356405417,0.8131156370548752,0.9023144768120333,0.9215097114293032,0.9205534162747061,0.7567131027278635,-0.10384151665402896],[0.9696480076537572,0.9855642527106522,0.9908059865764064,0.9718850040110347,0.9840502203107265,0.9927644955128205,0.9571226661235527,0.9679232856421867,1.0,0.9829718403946718,0.9873070838943591,0.9896403495102585,0.9715939135631212,0.9799299959388318,0.9765060917216927,0.9744316694012376,0.9493225486600799,0.9792469168890783,0.9772595535769254,0.9772292298222017,0.9814403306029928,0.9763773477727341,0.9939618071233174,0.9928769139168944,0.9808483596696059,0.9889547382153108,0.9839257463422203,0.9902004828171674,0.9906059452609937,0.9681986656585017,0.9276170997727355,0.9492238445796829,0.9657220236711653,0.9502490244925714,0.9709033200866306,0.9793127922849294,0.9760086153969176,0.978361446173656,0.9878741123202636,0.9804640621880201,0.9669536473651398,0.9763816480475592,0.9717572044525155,0.9707306937372664,0.9989705295347115,0.8904480745481721,0.917833837782159,0.9449632241434546,0.9357328005461127,0.8617037773612019,0.884544745657291,0.882094688016862,0.8884345519053009,0.9116496718291297,0.8923832550914526,0.9280312754151332,0.9438993649941848,0.9495499676627769,0.9612858722115494,0.9006451557351624,0.9666855012304597,0.9435408569145629,0.9645003201627167,0.9435505294150648,0.8988030072090564,0.9133212928998554,0.9405148675895575,0.9124160202271044,0.8754788321875351,0.8793718192427317,0.9660427748540177,0.9176679860163924,0.9417810804995257,0.9036319956954549,0.8172740456778408,0.8437390048883235,0.7243714283554206,0.863905730658611,0.8763696912558391,0.8901092823619682,0.8381531655861189,0.8566891594257698,0.3895997480501743,-0.5271137890671762,0.9556184448982037,0.9512953891088626,0.9476297939082544,0.8993076501698959,0.94570365183715,0.9535760680642237,0.9529372711075431,0.9372028245862533,0.9380138643768829,0.8674218637975957,0.7706988137248586,0.9360050904326649,0.9596653901737939,0.7940406607467226,0.9324704059794038,0.9341004840150507,0.8503525096547006,0.9674983993682382,0.7417112816960048,0.461483304606988,0.6471835754415253,0.7740381622373347,0.774299450800743,0.7522434627682637,0.9668324892571835,0.9668624229963738,0.6939273088383645,0.6771558414303455,0.6756973915168643,0.3853331493900652,0.6856318351437235,0.6919524638186363,0.6756935620893673,0.6909437518998697,0.7382242180119232,0.6803232445188446,0.663808027027192,-0.34668084040216873,-0.48219431901589016,0.6744841877660899,0.8357176281167142,0.8329446043581328,0.8605607027632135,0.8559732845910645,0.7493530535675954,0.8133164348322178,0.8385448164618836,0.8327100444209755,0.7046521001729303,-0.04171657176601828],[0.9964912477347472,0.9919048024368696,0.9931867082589528,0.9969467175665766,0.9985596928373729,0.9839088124018823,0.9996102940390914,0.9999998278553521,0.9829718403946718,1.0,0.999999122477116,0.99975789945232,0.9999985287094123,0.9999914168279995,0.9999977308330342,0.999675836192327,0.9978335128720163,0.9994454053150899,0.9998818898895152,0.9998818414841424,0.9999769962253404,0.9999993044028257,0.9937336552270882,0.9778403457521748,0.996119526460987,0.9737246753004498,0.9962026786778273,0.9904474976071611,0.9807002771109822,0.9526843376300073,0.9895235022739441,0.9936351309829136,0.989669967856305,0.9685296264306771,0.9994916566070385,0.9995583654945587,0.9995706333478371,0.999829860613662,0.9992205487109048,0.9995066909608274,0.9984262668440127,0.9988615271424196,0.9994962718722119,0.9994914153673142,0.9865556300315101,0.9307362543369362,0.9488954367239992,0.9531496205347202,0.9381933992704794,0.8874862369597266,0.945647019234754,0.9351737263954109,0.949335859840824,0.9541376986154158,0.9441339970438695,0.9782700281013922,0.9780388412737315,0.9912528013594959,0.9966527420656911,0.9729951136339772,0.9608144686126633,0.9733857713080463,0.9719116966575809,0.9738436288403697,0.9735984010328765,0.9418670682237967,0.9534596356672665,0.9518881644226227,0.951553458678394,0.9120119148474619,0.9662269653912146,0.9652044130988073,0.9709048847306896,0.9699445349803913,0.9272900752267347,0.8577645029740251,0.8155497024587178,0.8721477190749471,0.9096880557545473,0.8969561685944049,0.9028350912780271,0.901999801773796,0.7134885483543908,-0.6001012041802903,0.9619955068362588,0.9465680780312974,0.9457686149310928,0.9741014168051811,0.9529220798604456,0.9678524637257123,0.9674976358652572,0.9263597445672938,0.9695654882401433,0.9291662833255381,0.7662641588952017,0.9443378550988247,0.9563073115272742,0.7770894532886219,0.9450147319383113,0.9462774635325973,0.8955947653673845,0.9747937445126815,0.8963566223022378,0.470078350145703,0.6815277997347694,0.9021534705740039,0.852614285122136,0.8978103831206012,0.9817240498569628,0.9819447579888266,0.7650674970112178,0.7156579904618626,0.7682285503305306,0.39365329588002573,0.7220986272020429,0.773116330560216,0.7685220632595388,0.7351085374049123,0.76407900659184,0.7379757829820577,0.718999580256975,-0.5240016899135843,-0.6060325272947354,0.6636889579418049,0.8804785475983841,0.9198448061999457,0.9361661682092669,0.9033146489348641,0.8095886340698288,0.8968643711057704,0.9134387126667294,0.9129022268929534,0.802796899437005,0.1223451305167038],[0.9946726372550219,0.9919191319452854,0.9971744549892881,0.9953526691353035,0.9981664947454836,0.9797309823286217,0.9995671442796538,0.9999993014710519,0.9873070838943591,0.999999122477116,1.0,0.9997578658040658,0.9999963514355046,0.9999947244960805,0.9999983043808197,0.9996577636856726,0.997480125038305,0.9991726174744949,0.9997803391061194,0.9997801870958358,0.9999984151335441,0.9999983200422982,0.9928931535129184,0.9731014830886048,0.995165961906549,0.9816649205748278,0.9957606677303008,0.990463013475711,0.982754053362349,0.9446735248627757,0.9884692525513855,0.9929886385764554,0.9831595563855423,0.942584151314206,0.9992576442368073,0.9993146370723063,0.9992522655703557,0.9998909079602015,0.999203148175641,0.9992625041577436,0.9978465518314285,0.998443121454885,0.9992296181738379,0.9992270919610412,0.9886525941904499,0.9304285897817614,0.9138553612298245,0.9530891860195021,0.9380883051885264,0.8871531602395283,0.9130850416929999,0.9026506921567049,0.9177253703509989,0.926554788102789,0.9114064552565971,0.9700623162856213,0.9700370182108599,0.99055516095124,0.9950840268020311,0.9655759316644805,0.9609271075296894,0.9617930645265357,0.9624087633641556,0.9634032099389956,0.963142129476558,0.9180740205874824,0.943402983391226,0.9202724002807549,0.9197699030099371,0.8436870728095871,0.9638602383180648,0.9697083474999054,0.9660113084609977,0.9649318649676483,0.9189105968147319,0.7858725949861545,0.7455214117364286,0.8317305845745737,0.8870053890088959,0.8539896214878745,0.8704296484758915,0.8690180703663614,0.7103905213146378,-0.417223558993124,0.9489287445470718,0.946691807810202,0.9458543815529104,0.9667967293652479,0.9396651750888901,0.9519139697830767,0.9512776828833215,0.8971785268699808,0.9548703841885378,0.9023851393464588,0.7664185269942392,0.9446717749054951,0.9597181920184811,0.6604525004716572,0.9021617857030982,0.9049763482869395,0.8514811741728567,0.9845667936189059,0.8391128737265343,0.13177121086278926,0.5297933261386537,0.851386769365137,0.8168466203437256,0.8457730304333465,0.9853162844289591,0.9853341652897486,0.5153461930391735,0.6248945722277667,0.5226462204115678,0.3935711438750806,0.4884672401332702,0.5343082180970722,0.5241460068073963,0.46125853834543507,0.7519885188726182,0.5979072064623134,0.558336981573828,-0.48746407624200944,-0.5434101392501348,0.6630831688426261,0.859310423723868,0.8720739003189893,0.9032338828950129,0.896797609386818,0.665203864433055,0.8410270450259377,0.8644936144447557,0.8637516028638477,0.6083214676191839,0.0674696087695755],[0.9942352075076203,0.9935677770659321,0.9963458902087421,0.9951207864277306,0.9981989723029239,0.9789187914084507,0.9995884957406862,0.999753223674628,0.9896403495102585,0.99975789945232,0.9997578658040658,1.0,0.9997713159523707,0.9997563422399003,0.9997630343547401,0.9996613863175465,0.9981234898524972,0.9993770714373624,0.9999688203343937,0.9999685106280625,0.9997620704715576,0.9997679156511025,0.9923756729664429,0.9694363354040428,0.9938769768721608,0.9821939051000984,0.9946857279527036,0.9931049652013052,0.9786347126702273,0.9247164956514884,0.9911427661077463,0.9940475406638295,0.9785452375907686,0.9227433474464839,0.9993876695922775,0.9994379914307542,0.9993971109944634,0.9995686368737762,0.9995946819905727,0.9994144650283402,0.9977012418657535,0.9984717154276919,0.9993749386666733,0.9993717793706548,0.9898793295263901,0.9257388885864023,0.8990747867592216,0.950247203424928,0.9374801719348479,0.8872244071247934,0.8758568573490942,0.9152062308884055,0.8796533595424221,0.9011145248846707,0.8739693618094102,0.9570799464551659,0.9570625253590843,0.9813867774973944,0.9944296671532028,0.9647415632689693,0.965719277947864,0.95794868338673,0.9605533520729677,0.9608323187161719,0.9606719093179433,0.9189158711820569,0.9356763886342181,0.9071839511877671,0.9069853933244992,0.8280655773127155,0.9627048158228452,0.9649686037038823,0.9650614431532354,0.9645012083708053,0.9257127010038976,0.730648521386767,0.6860680133178253,0.7942412941872854,0.8630297994719104,0.8144886594765027,0.8394929532482818,0.8386041172212891,0.6854878024747413,-0.3152371896567798,0.9436017148655849,0.9495946926835444,0.9433478974592489,0.9656417633386175,0.9404522829228599,0.9474974800842831,0.9466940385791468,0.895260489752981,0.9501962523860288,0.8993034884259247,0.7145362990331946,0.9420104867734966,0.9364411242268887,0.5215415112669025,0.8426022873610474,0.847431703024255,0.742490806597912,0.9778892816245719,0.7183868610446718,-0.2390363070564954,0.26161366731618585,0.7424063371809061,0.6974232067277579,0.7359976623255862,0.9790712717160974,0.9791597939476011,0.1936084296343726,0.35144285530693586,0.19864092345624107,0.17064956905515807,0.19069137969403363,0.2071696283123759,0.2047037955009088,0.12117525274230799,0.5393605885534629,0.2719836725031811,0.21947442708530734,-0.5054483613067702,-0.549965648543275,0.663963229988048,0.7525209334861686,0.7764645001890077,0.8397807150129805,0.8237152247161889,0.5629307513003347,0.7540266981391706,0.7711940199213825,0.7700965168126628,0.42307469557111027,0.25887954445718114],[0.9963025473588955,0.9920284431192893,0.9903575382000699,0.9967023555371363,0.9985848002044706,0.9843102019606976,0.9984222043270812,0.999997074670654,0.9715939135631212,0.9999985287094123,0.9999963514355046,0.9997713159523707,1.0,0.9999910603066102,0.9999976812155651,0.9993655284219913,0.9930764909056118,0.9994901450466481,0.9999175013888465,0.9999173150216841,0.9999715385969484,0.9999989668831359,0.991046294830904,0.9760473754897038,0.9934971723276098,0.9457255020199463,0.9940189301151484,0.9905847419135947,0.9761305720372502,0.9513462092776308,0.9888558309100892,0.9939202696735236,0.9922223424550707,0.9721165198380055,0.9995099983996982,0.9996062924635639,0.9997022362765008,0.9997409381243793,0.999269237633917,0.9995404079572254,0.9983027126878254,0.9988882193459903,0.999581818853576,0.99944873269854,0.9819728739713071,0.9311124446306661,0.9490431121954033,0.9532811211547245,0.9385189652310759,0.8880359401848363,0.9558273027567065,0.9415082751000888,0.9578068427810903,0.9563970551599792,0.9465731403899411,0.9797466523989705,0.978200283072052,0.9908153514071987,0.9969411364756663,0.9458053608017215,0.9608811655550682,0.968325143347861,0.9719973237388332,0.9702216410214548,0.9488978091223773,0.8994814118088968,0.9537004971552784,0.9567102620165071,0.9368077200187069,0.8871969166517474,0.9662861414678815,0.9370064230781194,0.9641497635671598,0.9464882341611005,0.7774056556072757,0.8580602507344504,0.783892811235308,0.8726570906224689,0.8898780727633386,0.896941642048722,0.8760458130696969,0.8856130531274564,0.3428550557526616,-0.5917808893977721,0.9621149345944345,0.9467730463440718,0.9459402650256178,0.9501174163988444,0.9575625363978526,0.9683241452936682,0.968430500640989,0.9255365530881361,0.962823450089041,0.8451682092331116,0.7663510098513745,0.9440320291192469,0.9439076400929808,0.7938996630633727,0.9514886515231603,0.9525785798799751,0.8958652639900827,0.9754824484406314,0.8354617734922626,0.5716187115366348,0.7063996931975427,0.8571014008166267,0.8456695196248428,0.8397940319309998,0.9817017678699301,0.9818938432671434,0.7656217753353161,0.7164486595495928,0.7839109432919809,0.39420932808218145,0.7726283872271521,0.7904346965428457,0.7892092851997475,0.787582600797548,0.7646803576661781,0.7384609558155447,0.7195294892929752,-0.3030167094250493,-0.4530389086727636,0.6643231514087307,0.8808892573253293,0.9207830603408629,0.9330106897341425,0.9036427276760706,0.8136900920124108,0.9029004885268019,0.9220912265937341,0.9211240754267491,0.7574002421582157,-0.10487526353193972],[0.9963387135315271,0.9919053582529467,0.9925491442387548,0.9968258363029721,0.998591759667057,0.9848359667096844,0.9994760275315662,0.9999926025720464,0.9799299959388318,0.9999914168279995,0.9999947244960805,0.9997563422399003,0.9999910603066102,1.0,0.9999949683489553,0.9995587537985259,0.9977764392186119,0.9994474886812714,0.999902627629681,0.9999016092230626,0.9999531360853502,0.9999912768996607,0.9930021275188091,0.9764761071670262,0.9958289312682344,0.9677144932317567,0.9956050060230888,0.9904217869818897,0.9765297904124665,0.9515183668777399,0.9891118276503807,0.9939321024545806,0.9914901019708898,0.9716221803101163,0.9994853156096661,0.9995588040431965,0.9996202131905021,0.9998862372982198,0.9992313298234153,0.9994886853763922,0.9981556499118679,0.9988087524814527,0.9995038008159541,0.9994967351383387,0.9844862264316924,0.930884773034103,0.9487901357896029,0.9530674298769858,0.938103917884262,0.8874463330371125,0.950130197529517,0.9339310411484416,0.9523968933031797,0.9557348549202735,0.9458220063731512,0.9780923024582001,0.977864283576772,0.9900686821327409,0.9969348790085895,0.9732707860847327,0.960582761821256,0.9736360086829445,0.971919514440375,0.9745917232266642,0.9743322526806493,0.950353225107211,0.9531775097004328,0.9558572969468646,0.9555051449748584,0.9274871226659608,0.9662611962077937,0.9679843950648602,0.9725392860785927,0.9714566802462176,0.9360747695702987,0.8574692878673615,0.8215304988133079,0.8719296997714868,0.9008762943300876,0.8965778788185021,0.8972394392494024,0.8960653527853883,0.69083870545467,-0.592344938520384,0.9620185261576767,0.9464585432112516,0.9455189103380124,0.9743900585099701,0.957545343053,0.9682057956666278,0.9683034552128746,0.9257492435816392,0.968889610066542,0.9371661433501688,0.7661462906034143,0.9440750455159366,0.9494074574782795,0.7929850683209893,0.951329655713739,0.9523570872510484,0.8954645934820055,0.9758312264126414,0.884287098207948,0.5708398840928773,0.7052624103876731,0.892028756773069,0.8584031171170606,0.882820481094813,0.9819773171532384,0.982195068276714,0.7641726134781529,0.7151144950631657,0.8012973212435283,0.39363909112803624,0.7777092727558245,0.8058183151899015,0.8003310072853816,0.7867060334208126,0.7641622570520161,0.7366603853736133,0.7177258893866959,-0.3944408790749636,-0.5155858852261542,0.6629706589621582,0.8804731267562496,0.9170389369447355,0.9283548151034678,0.9036502418993595,0.8122475452667213,0.8898370095022196,0.9100106809095185,0.9095973625329784,0.8399429771634863,-0.07169994014925511],[0.9962350933315957,0.9919646365775079,0.9905518392919834,0.9966522761624874,0.9985905264544511,0.9845210113599413,0.9991861925695743,0.9999982226918069,0.9765060917216927,0.9999977308330342,0.9999983043808197,0.9997630343547401,0.9999976812155651,0.9999949683489553,1.0,0.9994564772062002,0.9970414593950493,0.9994658715396856,0.9999113431324559,0.999910665376329,0.9999655489334139,0.9999975958528323,0.9912035566418005,0.9762932075028163,0.995181688052025,0.9592323855332631,0.9949826287729537,0.9905407229436475,0.9763805037657233,0.9515615324018587,0.9913229658342583,0.9941869323635382,0.9920847113451285,0.9718902971021769,0.9994789302139788,0.9995677243231792,0.9996787668226506,0.999756535628481,0.9992355288256871,0.999496465421154,0.9982407918118249,0.9988362703929337,0.9995488387829307,0.9994178834804538,0.9822066992065749,0.9309006156163179,0.9488763852475155,0.9533189944989234,0.938465209687349,0.8876441212983074,0.9555472453655917,0.9412395827094646,0.9575542677049528,0.9559921914148435,0.9460824850978966,0.9795133741998705,0.9779480631782699,0.9906412046503386,0.9968250930772714,0.9458212639238422,0.9608843656456196,0.9682639163053173,0.9719934657486914,0.9701485850765506,0.9484859096506761,0.8996629140904235,0.9534168636545524,0.9564177500939948,0.9366235594803293,0.8870560325113415,0.9663953392499082,0.9371821495966844,0.9641746679241531,0.9465385299096776,0.7777767045418571,0.8577155255744185,0.7836678388973551,0.8723738270886223,0.8897941775830986,0.8967807583239991,0.8758504238723157,0.8854336901926989,0.3430340119793686,-0.591450873836028,0.9620684354257617,0.9467019259150756,0.9458780135661229,0.9486599328709393,0.9575953148093882,0.9682568169754294,0.9683570050605816,0.9256762860986026,0.9627440263508595,0.8453582503833442,0.7662850568968446,0.9443454478323038,0.9443127173113262,0.7938173123055731,0.9513972262353506,0.9524996139233514,0.895339347550506,0.9756424376181425,0.8350055167052299,0.5703592787685173,0.7056246157495472,0.8566351434120332,0.845257387991683,0.8393404029063611,0.9818029450301089,0.9819921708679511,0.7646092059758509,0.7155782922088026,0.7832814694624128,0.39378857264259165,0.7719303477462336,0.7896612217305549,0.7887425553180387,0.7867704501353725,0.7642448071880731,0.7372677169788633,0.7183522359127169,-0.30377065681514714,-0.4536833827881729,0.6640938831203013,0.8802669023313573,0.9204345571577673,0.93250938529806,0.9031979865946803,0.8129090488877614,0.9025147668334027,0.9215432220087438,0.9207039563707723,0.7568055997857109,-0.10410990418248368],[0.9977112406897373,0.9941287320972874,0.9899891515964153,0.9979783030658634,0.9990846189185663,0.9841961367271614,0.9998914070870489,0.9993169019951947,0.9744316694012376,0.999675836192327,0.9996577636856726,0.9996613863175465,0.9993655284219913,0.9995587537985259,0.9994564772062002,1.0,0.9983904912501167,0.999849406409409,0.9995463764192263,0.9995511814018391,0.9997664827436673,0.999531631125943,0.9908380329966161,0.975242422721484,0.9938109185587453,0.9515937105333271,0.9934566240692343,0.992132721708736,0.9745094466401816,0.9521094399132912,0.9917673200629707,0.9926035472130823,0.9929728139459159,0.9740222319861962,0.9992707395747453,0.9997330570568087,0.9997155024300756,0.9995674178759565,0.9995938455893062,0.9996880100013915,0.9988400186561783,0.9995796331060337,0.9995073945075751,0.9992662651255062,0.9807866414994852,0.9293893363549925,0.9510285992507059,0.9496073903795611,0.9388357575676853,0.8945862021404625,0.9576414114591111,0.945837960770581,0.9599384036983715,0.9601991408506683,0.9503807125648309,0.9815377990163485,0.9800482499640585,0.9916197565780954,0.9963390215973686,0.9505146945243312,0.9645802119849076,0.9734450685610331,0.9745938699066069,0.975059800622015,0.9514158708626717,0.9057513979348574,0.9568131516991848,0.9619000960469408,0.9417513238582291,0.896063393160714,0.9689125362238491,0.9423406243025174,0.9687236041909028,0.9510678704617649,0.7867341801433558,0.8634542833872428,0.7881924368067421,0.8779252168102456,0.8950513402799021,0.8996781860469312,0.8797207584605777,0.8909160075781166,0.3546720128355632,-0.5884556282384348,0.965446186678126,0.951740254430448,0.9506579528131501,0.9529152998750784,0.9616689750527794,0.9715703754598558,0.9716547221796775,0.9301898398016005,0.9681958377990241,0.8535780286470361,0.7680026396810168,0.934545451483075,0.9361456080208096,0.7963024078430901,0.9514635013781374,0.9523652918391012,0.8955767488405836,0.9720904145038983,0.8342916995487071,0.5804387498434092,0.7109030585959544,0.856675600503995