var element = document.getElementById("correlationClose");

if (element.style.display != 'none') {
    var correlationClose = {"data": [{"type": "heatmap", "z": [[1.0, 0.9999828398938172, 0.5656243459834729, 0.9996992039618379, 0.9974430791927054, 1.0, 0.9907504475178239, 0.9862721701867944, 0.9914101743185608, 0.9729982285391346, 0.981806793505695, 0.9907954251265607, -0.13294083413285615, 0.9908612187618075, 0.9909182291244143, 0.9935341527190594, 0.4612859668301669, 0.9918824635511478, 0.9918806781685846, 0.9837888194895802, 0.9907972253096448, 0.44531314901380115, 0.6611714256810155, 0.9776539716421578, 0.9776306664257742, 0.959308410547773, 0.3028845269507133, -0.1238727919525982, 0.9898745053760374, 0.9898333077041856, 0.2740173496334888, -0.20577920483890172, 0.9937059089969605, 0.994584379442739, 0.8092984425309834, -0.39128265209606994, 0.987385469878259, 0.9943414597202417, 0.9942442184286236, 0.4437263890319508, 0.9938957285960812, 0.9938910825012512, 0.9938957285960812, 0.8892749409402101, 0.6720214075568633, 0.8634963945099414, 0.8795842246887086, 0.7940623107761107, 0.38993788028618703, -0.1296148127364223, 0.19191171720402228, 0.9458074249685681, 0.4674619691664804, 0.9770746859654825, 0.9712117906315912, 0.913826413089298, 0.9090587890017943, 0.9322499915987823, 0.9073497213445836, 0.92897676370648, 0.9298846320307833, 0.92897676370648, 0.8414455012606, 0.9053551457470517, 0.906573580755901, 0.9053551457470517, 0.8941096850455953, 0.7308121862714899, 0.869310960664374, 0.8711724236535021, 0.869310960664374, 0.6158815673785524, 0.3064517499673247, 0.5918910287432294, -0.5960323331467542, 0.48627130661842316, 0.5417615914494004, 0.5436009361042599, 0.5417615914494004, -0.09978569532734277, 0.8812945674312173, 0.9132491248907832, 0.8949905913228269, 0.915474705691403, 0.4594761061005829, 0.8785988312261458, 0.8800639018630946, 0.8785988312261458, 0.8885355881417941, 0.8885355881417941, -0.1632648081250445, 0.545109044065399, 0.19495812488169798, -0.5531774304021743, -0.5609451560075734, -0.5643111151368173, -0.03582201692420036, 0.05329709374797736, 0.26276637561014404, 0.1434569929632058, -0.3740863435070711, 0.05931376472864534, -0.7920557877673414, -0.2069778279927345, 0.11821265529511972, 0.11894788396067217, -0.538618758792207, -0.6063190224944335, -0.2078686167975175, -0.48412285090316076, -0.8295379721550009, -0.3452240901070589, -0.3367644957944981, -0.3452240901070589, -0.18207827343496047, -0.2521636182706251, -0.2521636182706251, -0.8180957750117767, -0.8180957750117767, 0.40304152674111127, 0.6592897682243717, 0.8739079153574911, 0.8526824915839264, 0.7907562370476084, -0.24345091687912163, 0.768723231399988, 0.809242739370049, 0.8093065378418605, 0.809242739370049, -0.23504070562785798], [0.9999828398938172, 1.0, 0.9688693070348802, 0.9992046216260995, 0.9936589522968031, 0.999982839893817, 0.9777045700343874, 0.9685987798116287, 0.9774815267642777, 0.9580821839581836, 0.9796722041800252, 0.9777527792717069, 0.9777119433242203, 0.9775268149419307, 0.9767951140705354, 0.9853634672786592, -0.25635325569916007, 0.9832006717277172, 0.9831716686202067, 0.9778196047371829, 0.9778102063962979, -0.1516318972244561, 0.96758973891734, 0.9707584088611626, 0.9708302724687767, 0.9597172128965564, 0.028606508562544593, 0.14779039684851342, 0.9757155827295706, 0.9757763299252389, 0.9711328260399515, 0.13516117086301274, 0.9873620164905527, 0.9874454361210657, 0.9882286785502731, 0.9799441442941371, 0.9857407434597285, 0.9873900450640999, 0.9880460946164344, -0.26305127947397683, 0.9883175682936125, 0.9882977338855454, 0.9883175682936125, 0.8892901125827124, 0.5544829891444122, 0.8641847303827582, 0.879890092377631, 0.7933360618090883, -0.44284282178651085, -0.5494043883977906, 0.8304663892761097, 0.8571293171078759, -0.17477526231304544, 0.9342191899202481, 0.9342980210712778, 0.9220566914684343, 0.9322170560936769, 0.9095455130980308, 0.9091771291671122, 0.9164174013647909, 0.9171633601890106, 0.9164174013647909, 0.7714449604841261, 0.7316075202265317, 0.7338129823519179, 0.7316075202265317, 0.9264322903916924, 0.9316318684594199, 0.9262535973684155, 0.9274853383658077, 0.9262535973684155, 0.4395768192572889, 0.3813510197246176, 0.5028548130583027, 0.6070189539184917, 0.4856945070936103, 0.5271937160473685, 0.5280976906563846, 0.5271937160473685, -0.21634862221367887, 0.8656100436937514, 0.9026913273904642, 0.8889699192703977, 0.9293655004603628, -0.07282140636986473, 0.8595219290065904, 0.8599349179513238, 0.8595219290065904, 0.8709453750832348, 0.8709453750832348, -0.2664919585326071, 0.5461151733523708, -0.3825629977459898, -0.6492702287032939, -0.46785341107024025, -0.47122500200805906, -0.30344262787480053, 0.21917670256814178, -0.21431634592876528, -0.39130410566897256, -0.5840979111132288, -0.2852326670394325, -0.5004326862571725, -0.33899458146174105, 0.09292190262462954, 0.0880683455448437, -0.4882490281076786, -0.4434698029373203, -0.4715127989858339, -0.5010476498413272, -0.4935669016923195, -0.4737513091773737, -0.47698984725283544, -0.4737513091773737, -0.35834916731976224, -0.4964190221100255, -0.4964190221100255, -0.4704051887210947, -0.4704051887210947, 0.40283822368686556, 0.4168184314271478, 0.5207044266059031, 0.6034245553686027, 0.5789450755378489, -0.3888390546968963, 0.3855559228009139, 0.3764326201789114, 0.37654336410961237, 0.3764326201789114, 0.1173437207334099], [0.5656243459834729, 0.9688693070348802, 1.0, 0.5590591217217837, 0.44621778941342305, 0.5656243459834728, 0.5546193427881104, 0.5428128488815209, 0.4532823039229398, 0.3928988569627459, 0.9966400756219753, 0.55463146922321, 0.5157244577288382, 0.5549686376769224, 0.5578578629323537, 0.5941206049174926, -0.09954464703859278, 0.49934089677661536, 0.49930762915507254, 0.4508433526307102, 0.5542642349418833, 0.2073173572244965, 0.6940733963967788, 0.5211268699302913, 0.5208397468386537, 0.9832458381883673, 0.2874091783647742, 0.1782335750137007, 0.5203617664329266, 0.5198565199123087, 0.7680348393055325, 0.008371700609227038, 0.5529627631131699, 0.4513239255404099, 0.5407299776616309, 0.3629011178126476, 0.993931322829275, 0.4394561480511866, 0.556252645249451, -0.10568668404601601, 0.5689923292661416, 0.551743985938811, 0.5689923292661416, 0.895268560507467, 0.3896840512176155, 0.9029230549159128, 0.8677843514770562, 0.6504678673883819, 0.20075149082736393, -0.008908178228076153, 0.05849564444700502, 0.4199749514614976, -0.07054753913225145, 0.511769807026177, 0.4453149493570222, -0.07505269074870675, 0.6839002223142908, 0.6399216603149838, 0.476290247495041, 0.6461502279478362, 0.7113160564736493, 0.6461502279478362, 0.3220607066574536, 0.5395928679514486, 0.6410669630879026, 0.5395928679514486, 0.554111584527411, 0.6193459407089281, 0.6591059922282986, 0.7323107377474651, 0.6591059922282986, 0.19854434587192551, -0.08351682944208928, 0.2169031603227575, 0.1501889161309901, 0.21634419272734218, 0.26312304627886846, 0.3933077601339796, 0.26312304627886846, -0.172002854322639, 0.43146863968297383, 0.8044542771258003, 0.5182800568525527, 0.7278838264518963, 0.08677587719058431, 0.4991953219827884, 0.5004345372509837, 0.4991953219827884, 0.6267920775991214, 0.6267920775991214, -0.29043055505474474, 0.7169388872178326, -0.22920027632688644, -0.5361937201725397, -0.3858467671137119, -0.38896524060730553, -0.3899703102260479, 0.008390619459577175, 0.024887217227261452, -0.25576368052243664, -0.5190962378718212, -0.13372390204180676, -0.22164710568621376, -0.20681859745239525, -0.030604608843597513, -0.03363790497109219, -0.44550994542969347, 0.014084859956032087, -0.21666666584641533, -0.4801922785092648, -0.10846808034004429, -0.3540549012155555, -0.23033231822708147, -0.3540549012155555, -0.4282580799698476, -0.5031945356156323, -0.5031945356156323, -0.23642653297022392, -0.23642653297022392, 0.32795937859928065, 0.13309547844857436, 0.24244126673298555, 0.48752386881106, 0.213617896883762, -0.3019962702503932, -0.03770741591837883, 0.446184355737119, 0.5612913926664941, 0.446184355737119, -0.04066193527519312], [0.9996992039618379, 0.9992046216260995, 0.5590591217217837, 1.0, 0.9986160334382937, 0.9996992039618376, 0.9923671663707205, 0.9883722710228311, 0.9933787448263497, 0.9707525183260934, 0.9868993223491509, 0.992399788591928, -0.13739215021112983, 0.9924373666914811, 0.992489124329818, 0.9951212470658127, 0.44706347139699354, 0.9932708815868921, 0.9932691563769902, 0.9842379664631457, 0.9923910126965175, 0.43649926126066113, 0.6645296436137682, 0.9806387728202771, 0.9806158261867597, 0.9699748904247838, 0.2978805815177588, -0.1312606121594791, 0.9896293144834604, 0.9895985931927006, 0.2655170771916895, -0.20665425602900134, 0.9945166928351759, 0.9956863846661278, 0.7683420608575787, -0.39711302920089003, 0.9911158434317181, 0.9956844334470717, 0.9948765370635058, 0.42913058543967636, 0.9920707232120083, 0.9945999468099819, 0.9920707232120083, 0.887724792842839, 0.6592085941354127, 0.8719150044663102, 0.8758999960941469, 0.7711907671566722, 0.38435989104101265, -0.13568641581750762, 0.18529256920430914, 0.939994866947092, 0.4512758044846194, 0.9727558622826832, 0.9683729330388406, 0.8892723611135301, 0.8999058190480388, 0.9170387615353922, 0.902141132912103, 0.9090452378286781, 0.9102947703132096, 0.9090452378286781, 0.8313022341167634, 0.891562357779584, 0.8929078546955334, 0.891562357779584, 0.8895594126051621, 0.6626595712530798, 0.8245490268764532, 0.8265233330278299, 0.8245490268764532, 0.6056363112293405, 0.10025504105578378, 0.5796167451626146, -0.601271357122562, 0.47949020104920587, 0.28381081389337276, 0.5113109374650596, 0.28381081389337276, -0.10678008328054234, 0.8743481596801692, 0.9022495466735189, 0.884689325710207, 0.8884842023651756, 0.4461070494303713, 0.8726700216255094, 0.8743217259203606, 0.8726700216255094, 0.8659439626305796, 0.8659439626305796, -0.16964727935076235, 0.5729637204547056, 0.1996887309826016, -0.564092612549176, -0.568907537335901, -0.5721875464294778, -0.04862389074179062, 0.04760277224291942, 0.2554719854905922, 0.1305258879049057, -0.3872057915480199, 0.052544089523617464, -0.7989869681199545, -0.21514635863055456, 0.10682854550834948, 0.10762628316573915, -0.5462901522365619, -0.6032045523271018, -0.209757586125174, -0.4967443420598535, -0.8320904709784375, -0.3471860509416495, -0.33928883973162194, -0.3471860509416495, -0.19177351220388714, -0.26261994912436354, -0.26261994912436354, -0.8184686004605477, -0.8184686004605477, 0.388874553086074, 0.6471837776344637, 0.8663580186762058, 0.8451906029396173, 0.7834282621314963, -0.2572788512959852, 0.759850471422591, 0.8006783998101742, 0.800747249947798, 0.8006783998101742, -0.21977180592871065], [0.9974430791927054, 0.9936589522968031, 0.44621778941342305, 0.9986160334382937, 1.0, 0.9974430791927054, 0.9967409367025098, 0.994736792990128, 0.9969321371332786, 0.9602204883210576, 0.9952642028686361, 0.9967594863865251, -0.34948404552630763, 0.9967905890725893, 0.9968173916975435, 0.9978415525216214, 0.2531358485656517, 0.9973402442511982, 0.9973378181084905, 0.9859838405959801, 0.9967511531007766, 0.067418765223784, 0.6234053247477729, 0.9904393475472245, 0.9903943434317501, 0.9841573989911129, 0.04246707871248793, -0.11694008941219496, 0.987852070432357, 0.9877888562468307, -0.05292217002242905, -0.10490812630572258, 0.9977038999040386, 0.9976426710200311, 0.7437116994857065, -0.5408786727423985, 0.997105144741413, 0.9978918385726296, 0.9979890643849297, 0.22942646529928593, 0.9976626502695194, 0.9976641226433218, 0.9976626502695194, 0.9031348272426432, 0.620038421638331, 0.8943363374232751, 0.8797214028555067, 0.7369724760290671, -0.09792712805229338, -0.5788310831706016, -0.23773174854092557, 0.925140459049478, 0.30694664534594257, 0.9661812474302922, 0.9662447325561485, 0.8828209031806138, 0.8768260089988641, 0.9018671131663889, 0.8866746826023602, 0.8999137261164857, 0.9005658231690521, 0.8999137261164857, 0.8003833068775843, 0.8324287262389507, 0.8341164847679903, 0.8324287262389507, 0.875958879752456, 0.7661496543597209, 0.8556573009892067, 0.8569958157633657, 0.8556573009892067, 0.5557244243348328, 0.41829002484637456, 0.5379936547595121, -0.6478009627024273, 0.534154021338761, 0.5110986153328844, 0.5113401493968551, 0.5110986153328844, -0.12711526449178936, 0.8525688945918511, 0.8704558453260759, 0.8560816747235814, 0.8931693785122308, 0.3040428180174318, 0.8540095826380686, 0.8556762723658587, 0.8540095826380686, 0.8622221739122284, 0.8622221739122284, -0.2133465205278195, 0.6337668193389656, 0.05318092059447937, -0.5996334870257933, -0.6273910271675376, -0.6275789826958361, -0.08521266430889142, 0.06906573830566227, -0.1443413776087256, -0.12271322642599887, -0.47555870819235835, -0.32154930703190515, -0.8641924583288453, -0.5153500355878061, 0.07211953720194367, 0.07279259896907889, -0.5774425589184593, -0.5946289109308474, -0.5099981977769186, -0.5406404712762855, -0.8001496818846615, -0.5666822166436305, -0.5696459439033762, -0.5666822166436305, -0.23649518118097404, -0.3020003383812087, -0.3020003383812087, -0.7661703461461652, -0.7661703461461652, 0.36777678912617645, 0.6253337905379669, 0.8156272468851048, 0.7899567218503402, 0.7702582744968172, -0.3970626074879876, 0.6089214064697076, 0.6912779735196951, 0.6914609522492464, 0.6912779735196951, 0.015321449089601967], [1.0, 0.999982839893817, 0.5656243459834728, 0.9996992039618376, 0.9974430791927054, 1.0, 0.9907504475178239, 0.9862721701867944, 0.9914101743185608, 0.9729982285391346, 0.981806793505695, 0.9907954251265607, -0.13294083413285615, 0.9908612187618075, 0.9909182291244143, 0.9935341527190594, 0.4612859668301669, 0.9918824635511478, 0.9918806781685846, 0.9837888194895802, 0.9907972253096448, 0.44531314901380115, 0.6611714256810155, 0.9776539716421578, 0.9776306664257742, 0.959308410547773, 0.3028845269507133, -0.1238727919525982, 0.9898745053760374, 0.9898333077041856, 0.2740173496334888, -0.20577920483890172, 0.9937059089969605, 0.994584379442739, 0.8092984425309834, -0.39128265209606994, 0.987385469878259, 0.9943414597202417, 0.9942442184286236, 0.4437263890319508, 0.9938957285960812, 0.9938910825012512, 0.9938957285960812, 0.8892749409402101, 0.6720214075568633, 0.8634963945099414, 0.8795842246887086, 0.7940623107761107, 0.38993788028618703, -0.1296148127364223, 0.19191171720402228, 0.9458074249685681, 0.4674619691664804, 0.9770746859654825, 0.9712117906315912, 0.913826413089298, 0.9090587890017943, 0.9322499915987823, 0.9073497213445836, 0.92897676370648, 0.9298846320307833, 0.92897676370648, 0.8414455012606, 0.9053551457470517, 0.906573580755901, 0.9053551457470517, 0.8941096850455953, 0.7308121862714899, 0.869310960664374, 0.8711724236535021, 0.869310960664374, 0.6158815673785524, 0.3064517499673247, 0.5918910287432294, -0.5960323331467542, 0.48627130661842316, 0.5417615914494004, 0.5436009361042599, 0.5417615914494004, -0.09978569532734277, 0.8812945674312173, 0.9132491248907832, 0.8949905913228269, 0.915474705691403, 0.4594761061005829, 0.8785988312261458, 0.8800639018630946, 0.8785988312261458, 0.8885355881417941, 0.8885355881417941, -0.1632648081250445, 0.545109044065399, 0.19495812488169798, -0.5531774304021743, -0.5609451560075734, -0.5643111151368173, -0.03582201692420036, 0.05329709374797736, 0.26276637561014404, 0.1434569929632058, -0.3740863435070711, 0.05931376472864534, -0.7920557877673414, -0.2069778279927345, 0.11821265529511972, 0.11894788396067217, -0.538618758792207, -0.6063190224944335, -0.2078686167975175, -0.48412285090316076, -0.8295379721550009, -0.3452240901070589, -0.3367644957944981, -0.3452240901070589, -0.18207827343496047, -0.2521636182706251, -0.2521636182706251, -0.8180957750117767, -0.8180957750117767, 0.40304152674111127, 0.6592897682243717, 0.8739079153574911, 0.8526824915839264, 0.7907562370476084, -0.24345091687912163, 0.768723231399988, 0.809242739370049, 0.8093065378418605, 0.809242739370049, -0.23504070562785798], [0.9907504475178239, 0.9777045700343874, 0.5546193427881104, 0.9923671663707205, 0.9967409367025098, 0.9907504475178239, 1.0, 0.9971756453392203, 0.9999679387552576, 0.951167287495936, 0.99958615974118, 0.9999961421683323, -0.15090794185576822, 0.9999924006103447, 0.9999218555609304, 0.99413655350645, 0.3971882391576264, 0.9998355571128252, 0.9998359328590667, 0.9884490893260149, 0.9999963437801257, 0.34238421821751236, 0.6656743091485365, 0.9841991774777833, 0.9843841131709641, 0.9855351941344642, 0.21908716423153052, -0.1904287170849956, 0.9922061092831175, 0.9919288806848506, 0.16474369485384438, -0.2570681871649982, 0.9992917277653889, 0.9993826230674484, 0.34774858807345693, -0.32911999026690136, 0.9986684299597377, 0.9992925023327638, 0.9982472923002261, 0.3777104242219803, 0.9311176404990287, 0.9990193579587124, 0.9311176404990287, 0.9115706875159892, 0.6231992464969394, 0.9173916746382301, 0.8890014927059305, 0.689607038296168, 0.4151124040940626, -0.07859767674220033, -0.21159484562763056, 0.9234989626293442, 0.4092515871994341, 0.9683667719544563, 0.9611749924388396, -0.08561088368789611, 0.8260090603531062, 0.8001863089339627, 0.8473177930711023, 0.7934048828874658, 0.7616080063885466, 0.7934048828874658, 0.7558427515524009, 0.7609882747355069, 0.7601047703083917, 0.7609882747355069, 0.8339846855371207, 0.30441483183736223, 0.5218111165640721, 0.6061506375594161, 0.5218111165640721, 0.5230059738210567, -0.3624240582209151, 0.4833727206911153, -0.6645794496665316, 0.4003116984478083, -0.13063768707226558, 0.3667096474580463, -0.13063768707226558, -0.15136808416621178, 0.8093353366507644, 0.8181379226304906, 0.8077401451232342, 0.7340767986243265, 0.395041624072301, 0.8127082623178621, 0.8150568516527952, 0.8127082623178621, 0.7201739594223177, 0.7201739594223177, -0.250498440853686, 0.6846938492040604, 0.2535138293600108, -0.5833298228976105, -0.6123749497255102, -0.6152174133686916, -0.10103560073908979, -0.0050241432787759225, 0.35854704858617525, 0.09103916299361783, -0.41533509653568573, 0.10306814139423723, -0.8264460189874536, -0.11937448642440196, 0.034552118949842406, 0.035485330665937224, -0.592614897242861, -0.6089594441419149, -0.04990396876590459, -0.5780534367284481, -0.8444290835532351, -0.3439972897909479, -0.17067827235850497, -0.3439972897909479, -0.2724535978657984, -0.31329213555689317, -0.31329213555689317, -0.8380162762838225, -0.8380162762838225, 0.36467039288372943, 0.6021184280542637, 0.4970784328860539, 0.8076970641260357, 0.7594478358937691, -0.31616015226246635, 0.05954252518093297, 0.764563715256332, 0.7830989506256034, 0.764563715256332, -0.14385550529952992], [0.9862721701867944, 0.9685987798116287, 0.5428128488815209, 0.9883722710228311, 0.994736792990128, 0.9862721701867944, 0.9971756453392203, 1.0, 0.9994644770082023, 0.9427103154749091, 0.9982611540715243, 0.9979795892283387, -0.16040627021778928, 0.9990004428073299, 0.9987056622953083, 0.9867699496117452, 0.37507110099016505, 0.9990528068816323, 0.9990558593485752, 0.9855013289650703, 0.9991639744195413, 0.314944413527411, 0.6648092432957045, 0.9918276992603912, 0.9820429043871761, 0.9810835007920149, 0.19906287092189628, -0.20560178015956804, 0.9884929328449163, 0.9919057042372278, 0.14406377633683087, -0.26418237161377894, 0.9981304774849112, 0.998027401902975, 0.32663391503978356, -0.3367310667121276, 0.9960466990082062, 0.9978564875693406, 0.9975902548556808, 0.3550962444415622, 0.9221736793474188, 0.9979647946515614, 0.9221736793474188, 0.9089382335144076, 0.6071618221119064, 0.9178612726562864, 0.8846804946048128, 0.6616597432514948, 0.4014976400498546, -0.09455342569839925, -0.22547442066928236, 0.9140727698870396, 0.38799458241291507, 0.9635164059350422, 0.955472358747507, -0.09673741623421363, 0.8107190944587888, 0.7812255403150671, 0.836748927267086, 0.7756757895608917, 0.7478249597987532, 0.7756757895608917, 0.7405277649084743, 0.7394425874312162, 0.7451104276161221, 0.7394425874312162, 0.8236958038915272, 0.2822144461160632, 0.4982686531620563, 0.5876892536738191, 0.4982686531620563, 0.5073278138984465, -0.3786054589744523, 0.46580108330801423, -0.6740084675048741, 0.39012983249613825, -0.1547731729040274, 0.34806966360080877, -0.1547731729040274, -0.15882559438405539, 0.7969256079111274, 0.7982294871969453, 0.7914797372080665, 0.7176260988017606, 0.37757159051350014, 0.8009602198207905, 0.8035704489966683, 0.8009602198207905, 0.6994503072240532, 0.6994503072240532, -0.2678472657862173, 0.7152451508029423, 0.26168881261659477, -0.5935249895803886, -0.6267346079472975, -0.6293936251867224, -0.11699172863735194, -0.01406228711309719, 0.35162789794853044, 0.07115095950229795, -0.4292281330963645, 0.09363416459795959, -0.833699134210552, -0.12601257612787345, 0.017420963107515963, 0.01839383391768994, -0.6057124470673793, -0.6103962862548407, -0.05690700778950575, -0.5972804415193914, -0.8450039696806021, -0.35636910810016187, -0.1770752298459633, -0.35636910810016187, -0.2919697136696024, -0.32843494478506996, -0.32843494478506996, -0.8369702932581492, -0.8369702932581492, 0.34049549144165453, 0.583607339000517, 0.47714627912366153, 0.7890549710614928, 0.7456887745728362, -0.3397929866238159, 0.04449204364905501, 0.7446407145988581, 0.766847386681516, 0.7446407145988581, -0.12574577830975583], [0.9914101743185608, 0.9774815267642777, 0.4532823039229398, 0.9933787448263497, 0.9969321371332786, 0.9914101743185608, 0.9999679387552576, 0.9994644770082023, 1.0, 0.9499189626518824, 0.9995318350305613, 0.9999688520571549, -0.3237122120140732, 0.9999733940724195, 0.9999343017685136, 0.998109519705087, 0.2899429178367922, 0.9997770409713707, 0.9997776391901245, 0.9882532271056723, 0.9999658132564825, 0.11614661016632412, 0.6227227970881619, 0.9941044296161665, 0.9940488879840346, 0.9853799755312498, 0.026151688335347544, -0.1300440212509564, 0.9907309191730376, 0.9906948481183503, -0.033956839261593395, -0.2174682767408092, 0.9993121174161835, 0.9992705373223815, 0.7566017732242579, -0.5295764477935747, 0.998577503878777, 0.9992722049382184, 0.9991752789697124, 0.266934601330928, 0.9991535605089604, 0.9991589406897863, 0.9991535605089604, 0.9114143799185912, 0.6242096875331369, 0.9171220465046994, 0.8884417581773462, 0.6889376560042322, 0.00958925561113014, -0.5246371827908386, -0.1867413909987894, 0.918637231939873, 0.3575043303941093, 0.962374228873401, 0.9614253819396065, 0.8542481802924037, 0.8272031375768535, 0.8742174576246141, 0.8484181567727187, 0.872328633465009, 0.8730825326309075, 0.872328633465009, 0.7552534027281383, 0.8138491396165688, 0.8155760704619756, 0.8138491396165688, 0.8357012860657838, 0.7262612961220877, 0.8244244104742114, 0.8259280083516151, 0.8244244104742114, 0.5220755292820803, 0.3425363513207383, 0.4828906501562538, -0.6939596472013526, 0.4602145465692271, 0.4237555887821724, 0.4238124557972341, 0.4237555887821724, -0.10775940649027167, 0.8100825846144902, 0.8178580486085486, 0.8078784685767395, 0.8649893187690119, 0.32047130688329695, 0.8191127767475567, 0.8215471289514502, 0.8191127767475567, 0.8273085836060423, 0.8273085836060423, -0.25283023832937235, 0.685644295738502, 0.07803897794418987, -0.5966823061871391, -0.6541398456485222, -0.654967807653593, -0.1047194845903476, -0.0022617479158807334, -0.15207869082341263, -0.09445505007129824, -0.46531828610044085, -0.35283186556492396, -0.8782457760473571, -0.5545020623991116, 0.03362906262592309, 0.034530450210668855, -0.5945664161920527, -0.604907359227268, -0.5200818616727312, -0.5802536856484443, -0.8198278511164724, -0.5908397869389467, -0.5928923316920487, -0.5908397869389467, -0.27519463386755527, -0.31750494750835384, -0.31750494750835384, -0.799558376960185, -0.799558376960185, 0.36521677470617714, 0.6007352121510258, 0.8230927461140983, 0.8015602625131413, 0.7577591377693653, -0.34568099616617864, 0.642054725564486, 0.7118548928633269, 0.7120191918515278, 0.7118548928633269, 0.09893227993281845], [0.9729982285391346, 0.9580821839581836, 0.3928988569627459, 0.9707525183260934, 0.9602204883210576, 0.9729982285391346, 0.951167287495936, 0.9427103154749091, 0.9499189626518824, 1.0, 0.9231253021337235, 0.9512044225449099, -0.2647381519607496, 0.9508558939167489, 0.9501150955258858, 0.9518686002133643, 0.09880020505352793, 0.9568648765316353, 0.9568406830335697, 0.9513491641627021, 0.9513403609291347, 0.044094518037523456, 0.6720742696156383, 0.9531428687607011, 0.9533598604883409, 0.8221993241239407, 0.12667344535733363, -0.1120969787792014, 0.959767190546252, 0.9599012484980034, 0.11067436857806019, 0.052151848494404754, 0.9612399582044183, 0.9615262866368114, 0.8516409883604478, -0.4546183112323016, 0.9350414307639596, 0.9603969409109337, 0.9618588721572239, 0.07601778292128906, 0.9626308966296384, 0.9625940756432948, 0.9626308966296384, 0.7820339694627996, 0.419565516865988, 0.7412547641948215, 0.8583495259476939, 0.8331017280073538, -0.5542699028901442, -0.6860442177577483, -0.3066959639204369, 0.8676109851093844, 0.07594617196692222, 0.901704461163713, 0.9017540473945482, 0.8584964547059108, 0.8523913112179936, 0.8843102114818345, 0.8616289238366119, 0.8761691305048551, 0.8770089292215886, 0.8761691305048551, 0.8008343126037434, 0.7790787790764834, 0.7812085609022352, 0.7790787790764834, 0.8536521145863167, 0.873943232942002, 0.8517872884433124, 0.8525851247593308, 0.8517872884433124, 0.6220366798360729, 0.5416650759346396, 0.623272319302055, -0.4151145000467951, 0.6439861702238983, 0.6651051120622159, 0.6682502533802003, 0.6651051120622159, -0.26470748162536145, 0.8585769171273634, 0.9197671737212424, 0.8767712072721717, 0.8749628310319888, 0.1965225975128454, 0.8505567093365016, 0.851919731390017, 0.8505567093365016, 0.8624165698699382, 0.8624165698699382, 0.011373472346527667, 0.2844680469869976, -0.0894505050267384, -0.5036933115022073, -0.3988204499454345, -0.4007377511240107, 0.06281242680174745, 0.3853195857168573, 0.09995815174201464, -0.028012294565615426, -0.3511439924826878, 0.006454837226058568, -0.8119826835020749, -0.15527822422570997, 0.27396298797477514, 0.2730198820537007, -0.3576357548539922, -0.4387303051142416, -0.31218314919560936, -0.3175033392242373, -0.6859051026595598, -0.3334840994614468, -0.3354622839480213, -0.3334840994614468, -0.0635374778071918, -0.35066713361465834, -0.35066713361465834, -0.5384228100240472, -0.5384228100240472, 0.5722927648831933, 0.673207491411249, 0.7607766049453327, 0.6706655016904074, 0.8387108799556975, -0.4421574184267278, 0.387325267510578, 0.5637512203231341, 0.5640420795478113, 0.5637512203231341, -0.22870529849825638], [0.981806793505695, 0.9796722041800252, 0.9966400756219753, 0.9868993223491509, 0.9952642028686361, 0.981806793505695, 0.99958615974118, 0.9982611540715243, 0.9995318350305613, 0.9231253021337235, 1.0, 0.9995830061455544, 0.9995792818599853, 0.9995333613939598, 0.9995703572148016, 0.998545479537382, -0.3740976254750762, 0.9997321095952937, 0.999736126359175, 0.9995905635761115, 0.9995904008298514, -0.2734438758490001, 0.9613367627488485, 0.9923475016123582, 0.9923203535997065, 0.9886545260143171, 0.007270482661015704, 0.07585240801404115, 0.98930603961178, 0.9893618608151205, 0.9716179162684486, 0.006560032108751606, 0.998696618782036, 0.9986399737420516, 0.9984439688783299, 0.9992398748824615, 0.9991895954126785, 0.9986940113988161, 0.9984759057672369, -0.3846062888220213, 0.998383731161486, 0.9983949086756456, 0.998383731161486, 0.9050450191593031, 0.48107853377298954, 0.9127000444824052, 0.8863063979706928, 0.6904611353786313, -0.5400976140778173, -0.6606378682349087, 0.7942060297791033, 0.8060429569478406, -0.28754774186652116, 0.9212557941218942, 0.9214542387759762, 0.8512415873092065, 0.8612315777869385, 0.8272956342589316, 0.829982376990351, 0.8366882985523159, 0.8376451043729465, 0.8366882985523159, 0.6581778172518947, 0.6123234333765489, 0.614949584198313, 0.6123234333765489, 0.8622953680659048, 0.8715668480094273, 0.8607354564862493, 0.8622450525202869, 0.8607354564862493, 0.305563246837049, 0.23614540667025763, 0.36461826228159017, 0.4884301092688545, 0.35756223190150865, 0.4069994855317466, 0.4097209976470709, 0.4069994855317466, -0.4132356886901275, 0.7704645143479885, 0.8223040735636272, 0.8017942743310724, 0.8602913965361179, -0.1298574216879171, 0.7630975693157832, 0.7636549466625443, 0.7630975693157832, 0.7778742538734951, 0.7778742538734951, -0.31414628597211963, 0.6768144703162429, -0.4014654109659988, -0.6890271123279212, -0.548264777364358, -0.5504920189994584, -0.36513814416062984, 0.15078738521422666, -0.2723904616788844, -0.4420120323656489, -0.6325010057989654, -0.34869296185858356, -0.6246375832714691, -0.41439324393168087, 0.020849682112661437, 0.016975104180143606, -0.5642523214743622, -0.5290205643610333, -0.5476646633638722, -0.5817103997797123, -0.5760237910972599, -0.5510039172339091, -0.5539467062230276, -0.5510039172339091, -0.4402444769824879, -0.603844463911227, -0.603844463911227, -0.6063649162454556, -0.6063649162454556, 0.3603415790416594, 0.35713804325624665, 0.4706979997942377, 0.5539089321066956, 0.55246630732732, -0.550365319107206, 0.2980073547464824, 0.3174183659462461, 0.31760125045327764, 0.3174183659462461, 0.22460002842586058], [0.9907954251265607, 0.9777527792717069, 0.55463146922321, 0.992399788591928, 0.9967594863865251, 0.9907954251265607, 0.9999961421683323, 0.9979795892283387, 0.9999688520571549, 0.9512044225449099, 0.9995830061455544, 1.0, -0.15057562992863935, 0.9999943004220475, 0.999926916417377, 0.9949552255014464, 0.39729235509031235, 0.9998370205746293, 0.9998373687526124, 0.9884945004715233, 0.9999969956994157, 0.3427205737851638, 0.665739733939495, 0.9896677753447833, 0.9843720773717308, 0.9855149435273973, 0.21936572973289345, -0.19037718703514003, 0.9922070148831617, 0.9919431228130737, 0.16498898963319458, -0.25704279896646653, 0.999294389380081, 0.9993876225010255, 0.34771564467447597, -0.32890050739306886, 0.9986706690070594, 0.9993015296383844, 0.9982515877620584, 0.37782153895214876, 0.931099141231637, 0.9990227420882365, 0.931099141231637, 0.9116186934133522, 0.6233692062718175, 0.9176495605016515, 0.8892525620436815, 0.6897759498629219, 0.4155279140012105, -0.07812208563152837, -0.2112115777206686, 0.9235910275632035, 0.4093558526543714, 0.9684685467102193, 0.9612518337424432, -0.08541447971485204, 0.8261637264740502, 0.8002954901054903, 0.8474343680640751, 0.7935113545761724, 0.7615453416923512, 0.7935113545761724, 0.7559149074856109, 0.7610506290567052, 0.760037339770402, 0.7610506290567052, 0.8341428016107539, 0.3042756218187924, 0.5218174634458713, 0.6060553578285505, 0.5218174634458713, 0.5229406400154907, -0.36244863579430714, 0.4833196355863163, -0.6644751221525668, 0.4001854337199369, -0.13077492381283368, 0.36674820098928207, -0.13077492381283368, -0.15152094799090063, 0.8094036877034156, 0.8182732442400197, 0.8078330545010498, 0.7340675561565834, 0.3951557751504389, 0.8127914675812405, 0.8151352870768354, 0.8127914675812405, 0.7202517313301048, 0.7202517313301048, -0.2504948710534408, 0.6847032817730282, 0.2536368712376064, -0.5833193611092026, -0.612288828468848, -0.6151371569274094, -0.10111265984231771, -0.005184905067039174, 0.3587298826850785, 0.09107824360631576, -0.41535179184147786, 0.1033430498031317, -0.826168640839855, -0.11906766894928698, 0.03458309688734455, 0.0355327858369352, -0.5926035545141171, -0.6087807240713236, -0.04963883948341978, -0.5780360326055219, -0.8443205138462474, -0.34375572961231426, -0.17045770038018634, -0.34375572961231426, -0.2723076435490841, -0.31324652202998665, -0.31324652202998665, -0.8379655391290994, -0.8379655391290994, 0.3652053475852021, 0.602286134422662, 0.49733966359416537, 0.8079720376315221, 0.7595525318696766, -0.3159203456417234, 0.05983779447681993, 0.7648304675658046, 0.7832265716489618, 0.7648304675658046, -0.14388145133881913], [-0.13294083413285615, 0.9777119433242203, 0.5157244577288382, -0.13739215021112983, -0.34948404552630763, -0.13294083413285615, -0.15090794185576822, -0.16040627021778928, -0.3237122120140732, -0.2647381519607496, 0.9995792818599853, -0.15057562992863935, 1.0, -0.1499462884845975, -0.1457998653732116, -0.12148057716153453, -0.2926329992590967, -0.15139748900729116, -0.15141589314731324, -0.273924823848245, -0.15100797156443152, 0.025118481375222046, 0.30897883926159686, -0.18518988203857126, -0.1855292145456036, 0.9854937106758391, 0.24753318836034457, 0.18633027518802123, -0.18679447752693687, -0.18741431243060055, 0.5370467144392468, 0.12059656978313124, -0.14858493847888593, -0.30911458121465696, 0.1663081871503945, 0.9601493155275362, 0.9986687997065655, -0.34051410020417183, -0.14327789686304598, -0.2825004908443533, -0.14893528111984194, -0.1493395133010832, -0.14893528111984194, 0.9116970239980624, -0.11861519589164003, 0.917620040235219, 0.8891933375458595, 0.6897604071716558, 0.08406074716257435, 0.25513354141537087, 0.6445436360589798, -0.2680835300442827, -0.29669113630331523, -0.06664799816942976, -0.3030064760344271, 0.02815931401625277, 0.2717923958494764, -0.020870572748875892, -0.3072720064357888, -0.01874384069760897, -0.00843415644730253, -0.01874384069760897, -0.4152965416476938, -0.1064849403076802, -0.10830189500734436, -0.1064849403076802, -0.20570943678579579, 0.07083047102628395, 0.04713462152393243, 0.047346865523448904, 0.04713462152393243, -0.41100658186226424, 0.007022691239842786, -0.375208101889558, 0.6220180447822659, -0.3440039128687064, 0.008483118650068193, -0.059867283137995726, 0.008483118650068193, -0.3064944738355869, -0.3416688659264561, 0.8182495475319853, -0.12115276422700372, 0.014993583178799055, -0.2194094753347418, -0.26352079258594574, -0.2623681165267104, -0.26352079258594574, -0.026953591428288435, -0.026953591428288435, -0.22983566910001885, 0.6846282933356101, -0.16228947021047002, -0.016692999394536136, 0.19847901196332546, 0.19727293861283055, -0.2514521539649918, -0.009654959818756116, 0.01991010475011246, -0.1735163817157824, -0.1101927992588593, 0.04208473238269883, 0.38653207251889593, 0.11471256259948237, -0.040852108934735086, -0.044674861008602934, 0.08663345507184922, 0.571318822062968, 0.09293937518888255, -0.19172339558113, 0.6147343621325267, 0.09731904501302945, 0.10504643863704323, 0.09731904501302945, -0.23790124227515105, -0.19613757391904396, -0.19613757391904396, 0.3246073105010794, 0.3246073105010794, 0.36531531330761174, -0.25261277017765893, 0.016942259006764274, 0.09091323449630362, -0.24958637242639908, 0.07352402078177085, 0.1536505611340826, 0.10472255344494996, 0.10474877308565984, 0.10472255344494996, 0.12612651291532248], [0.9908612187618075, 0.9775268149419307, 0.5549686376769224, 0.9924373666914811, 0.9967905890725893, 0.9908612187618075, 0.9999924006103447, 0.9990004428073299, 0.9999733940724195, 0.9508558939167489, 0.9995333613939598, 0.9999943004220475, -0.1499462884845975, 1.0, 0.9999384173523672, 0.9974959170383451, 0.3974135245797425, 0.9998401040818645, 0.9998403618863709, 0.9886571486535727, 0.9999943219512502, 0.3434159321946684, 0.6655774106375576, 0.9931933911637614, 0.9930802585333542, 0.9853910082252079, 0.21965870121763265, -0.19042349913459136, 0.9929520177193419, 0.9929974549366191, 0.16579263581706402, -0.25687103205250433, 0.9993452149041674, 0.9993868229370638, 0.34664108990374126, -0.3280294314814188, 0.9986073991931609, 0.9993048163349109, 0.9985569519204588, 0.3779682411966457, 0.9305761322691941, 0.9990793924440117, 0.9305761322691941, 0.9119064189384622, 0.6241170901395203, 0.9180174587776673, 0.8896269477919998, 0.6894582403276277, 0.4169584038299977, -0.07648489304354823, -0.21141645274994816, 0.9239976387962716, 0.4096521514002885, 0.9688944907199126, 0.9616244234352376, -0.08645506835350072, 0.8264423483125921, 0.8002144828992991, 0.8476969939315898, 0.7934718550849696, 0.7611448533908939, 0.7934718550849696, 0.7561088483761169, 0.7610050367181092, 0.7604622611800061, 0.7610050367181092, 0.8344959783357269, 0.3035779197134885, 0.5212910646545516, 0.6060885237213139, 0.5212910646545516, 0.5227655853342121, -0.36364581972181775, 0.4832145374177785, -0.6646308478296717, 0.39978085661625357, -0.1318032891187341, 0.3663922350772172, -0.1318032891187341, -0.15146334846267087, 0.8095386740386423, 0.8178558887997864, 0.8079265622428486, 0.7241070653667604, 0.39555468880808276, 0.8129170606559494, 0.8152498843653332, 0.8129170606559494, 0.7200541911381564, 0.7200541911381564, -0.2521808530092621, 0.6856296165614617, 0.2541548926883361, -0.5832962214892298, -0.61268256659258, -0.6155361765863041, -0.1023163189682605, -0.006477707753561866, 0.3590367458582173, 0.0906146390359533, -0.41562366580119753, 0.10342017052122165, -0.8252744818440251, -0.11890816602421296, 0.03350433702609949, 0.0344504943830382, -0.5932612156098491, -0.6090868939234744, -0.049045206041876586, -0.5794403264976579, -0.8443085061756066, -0.34369090057111584, -0.16988722681048707, -0.34369090057111584, -0.27334323417962325, -0.3137379400035564, -0.3137379400035564, -0.8383200685843549, -0.8383200685843549, 0.3653783718108006, 0.6019620469099826, 0.4967782476526788, 0.8084272513380197, 0.7589876921091774, -0.3154273481770294, 0.059146558536232754, 0.7652357037454623, 0.7838379103377768, 0.7652357037454623, -0.1435506850099429], [0.9909182291244143, 0.9767951140705354, 0.5578578629323537, 0.992489124329818, 0.9968173916975435, 0.9909182291244143, 0.9999218555609304, 0.9987056622953083, 0.9999343017685136, 0.9501150955258858, 0.9995703572148016, 0.999926916417377, -0.1457998653732116, 0.9999384173523672, 1.0, 0.9976192683001095, 0.39502705626735757, 0.9997900552770906, 0.9997912715451351, 0.9885719633073364, 0.9999227752819082, 0.3442451233872998, 0.6677898881609715, 0.9925328817112749, 0.983753241358072, 0.9854919669010807, 0.2213288535967656, -0.18927782914614202, 0.9920519360241908, 0.9920616028263074, 0.16902022301421762, -0.25721081016031755, 0.9993439480611206, 0.9992298964843702, 0.3472200742317167, -0.3236981552903497, 0.9985113684113519, 0.9992710943979058, 0.9985306913714714, 0.3755961941999464, 0.9296165700979446, 0.9990959088697603, 0.9296165700979446, 0.9100948954075416, 0.6240658799983255, 0.9162885401314106, 0.8876028441776419, 0.6864227566943133, 0.417359871439652, -0.07509854903107994, -0.21200566451465516, 0.9231960678049205, 0.4067529362059026, 0.969140651460818, 0.961079409456158, -0.08898088020692374, 0.8257614079868366, 0.8007573692485094, 0.8478318893432664, 0.7940272484458368, 0.7633689977004899, 0.7940272484458368, 0.7547139965011573, 0.7606345386173441, 0.7615403614925964, 0.7606345386173441, 0.8350541542691376, 0.3042526674777578, 0.5215550095473434, 0.6075009267398133, 0.5215550095473434, 0.5215418066215238, -0.36587394286702357, 0.4820215563319749, -0.6620126502030896, 0.3988950310802662, -0.13264478837592572, 0.36669938007188146, -0.13264478837592572, -0.1550730429579222, 0.8094223327096643, 0.8168890413877309, 0.8072176627620048, 0.7360000557358958, 0.3940584664898207, 0.8128883896021608, 0.8151779485774161, 0.8128883896021608, 0.7205335430961023, 0.7205335430961023, -0.2525688175633119, 0.6878416854460715, 0.25406350406156375, -0.5856078700258269, -0.6126998457181904, -0.615577706918359, -0.10449309888450545, -0.007442453267903424, 0.3598168837028396, 0.08889793908111152, -0.41838949620548377, 0.1042394761287145, -0.8237901917949075, -0.11761417954202698, 0.03311356363791316, 0.03400639119505165, -0.5945627709344735, -0.6040816041321857, -0.04805047663195872, -0.5803584702607204, -0.8420180276768576, -0.3435115364000088, -0.16860424732045656, -0.3435115364000088, -0.27383955154740885, -0.31715877752161775, -0.31715877752161775, -0.8360124492984574, -0.8360124492984574, 0.36275277452331817, 0.5994378135597261, 0.4949193878936433, 0.8089968687835518, 0.7571164836275993, -0.31709253473153015, 0.057102632720955566, 0.7657126303942003, 0.7850878350158366, 0.7657126303942003, -0.14293901802130674], [0.9935341527190594, 0.9853634672786592, 0.5941206049174926, 0.9951212470658127, 0.9978415525216214, 0.9935341527190594, 0.99413655350645, 0.9867699496117452, 0.998109519705087, 0.9518686002133643, 0.9985