var config = { responsive: true }

var correlationClose = {"data": [{"type": "heatmap", "z": [[1.0, 0.9999814288761268, 0.5456134335015999, 0.9996923576928671, 0.9973231604501236, 1.0, 0.9903705839191237, 0.9857169982385992, 0.9909805549808723, 0.9725207425846335, 0.9802953887945474, 0.9904171872749457, -0.14380134507722875, 0.99048567696795, 0.990535260234558, 0.9933213539190527, 0.49749983925277064, 0.9915500173072851, 0.9915358538561314, 0.9832761701881528, 0.9904047972110303, 0.4442069643994252, 0.6445473780376532, 0.9767716335098124, 0.9767459516232062, 0.9541352216779307, 0.2882101910501854, -0.1273090965066462, 0.9898707468111009, 0.9898325644466267, 0.2640146544197829, -0.21423592979216066, 0.9934518704474622, 0.9943627040534174, 0.8011324153988916, -0.39529284642724466, 0.9864028889978248, 0.9940660058767687, 0.9940002973852732, 0.48042770071331736, 0.9936527084895723, 0.9936388218527352, 0.9936527084895723, 0.8927616128332099, 0.6821928563942301, 0.8586118810912662, 0.8811064880165289, 0.7996001734148942, 0.3975581395244451, -0.11789775543304178, 0.19428308385275278, 0.9474060163944616, 0.48892688359290803, 0.977570997400479, 0.9715265412992969, 0.910307252192931, 0.9019958490862312, 0.9295603410595833, 0.9021800788871189, 0.9260737759053188, 0.926915500607468, 0.9260737759053188, 0.8348016958660118, 0.9033684858444037, 0.9045069507512763, 0.9033684858444037, 0.8875412160811609, 0.718515412442641, 0.8636731797611219, 0.8654119164804966, 0.8636731797611219, 0.6044903859131797, 0.29934730140556, 0.5800730765736667, -0.6004216187634899, 0.4709372447512752, 0.5322002952478594, 0.5338690122672753, 0.5322002952478594, -0.09343757835814265, 0.8748247574968869, 0.905764949743163, 0.8874546255806314, 0.9118024797833487, 0.5050955043376885, 0.8726296446886017, 0.8739706002537786, 0.8726296446886017, 0.8841477871133807, 0.8841477871133807, -0.17084990845125392, 0.5272072750971027, 0.20632180809480935, -0.5233367377175434, -0.5514756210434647, -0.5551788753945106, -0.01439018044185176, 0.04040632028640332, 0.2756492850186269, 0.17171050156114354, -0.33101501997684357, 0.07692033844988867, -0.7896758203339105, -0.18933216902725258, 0.10913710042327561, 0.10930685080295868, -0.526745038097159, -0.6096441883694823, -0.1899965811052607, -0.47040039612084844, -0.8305591804714013, -0.32943907409573575, -0.3202429756540707, -0.32943907409573575, -0.17366481580348198, -0.23463394323649617, -0.23463394323649617, -0.8197163319630335, -0.8197163319630335, 0.4026711452177184, 0.6647542206195599, 0.8766456933923459, 0.8552387011873328, 0.7941656137081657, -0.22515532184799442, 0.77361173052029, 0.8141947302091944, 0.8144602146430406, 0.8141947302091944], [0.9999814288761268, 1.0, 0.9660393559892153, 0.9991388489861845, 0.9930884947610144, 0.9999814288761266, 0.9757787622914399, 0.9658302310669612, 0.9755328550475634, 0.9555352773532816, 0.9778823904730718, 0.975836172732259, 0.9757924903534239, 0.9755888230858533, 0.9747594461008585, 0.9840642046182214, -0.2086715189194456, 0.9817409517962621, 0.981709100343002, 0.9759131447857629, 0.975902401164054, -0.17086643723641826, 0.9648022960734809, 0.9682007125015998, 0.9682824891497273, 0.9543970483358444, -0.01640682584962237, 0.14171845001294506, 0.9743467721143256, 0.9744293423052904, 0.9699596074040009, 0.11547952687850183, 0.9863479875917445, 0.9864516484939012, 0.9872818598963152, 0.9783157367569645, 0.9845490655048101, 0.9863432207937372, 0.9870490765139512, -0.21583314866790917, 0.987404549040282, 0.9873812923948169, 0.987404549040282, 0.8930384039101514, 0.5808806784529216, 0.8594386048945802, 0.8819042164360065, 0.7988673611151668, -0.4518337722612996, -0.5548037475332614, 0.8416385790420357, 0.8623702185048757, -0.1455950131047934, 0.9353418764997491, 0.9353925943039295, 0.9153211846144893, 0.9262410837863514, 0.9018300715725484, 0.9014768083880343, 0.9090156637334378, 0.9098198812650494, 0.9090156637334378, 0.757816846265799, 0.7171022936933986, 0.7191519803045476, 0.7171022936933986, 0.9199673504732303, 0.9255890421944972, 0.9196936044024504, 0.9210344449910784, 0.9196936044024504, 0.4172117594514054, 0.3611792787639699, 0.48385103515826733, 0.5867723096579442, 0.46229753643791044, 0.5069363380942127, 0.5078223488643333, 0.5069363380942127, -0.20688178122612585, 0.8547188117631005, 0.8938071110443467, 0.8790524488744889, 0.9229900225849954, -0.0037554179728126556, 0.8479761680288368, 0.8483839455589626, 0.8479761680288368, 0.8601145675754103, 0.8601145675754103, -0.27711147085897847, 0.5267511778580007, -0.37844101807073977, -0.6120934600619388, -0.4624390260788378, -0.465935346752795, -0.28279524772964837, 0.2089912002735951, -0.19782041231924893, -0.3632818380083185, -0.5421689900680499, -0.26465021717411336, -0.5023644758850405, -0.3179768680735995, 0.08309376562447644, 0.07798399508401094, -0.4792595824497132, -0.43236867939688495, -0.460144947954156, -0.489920730240944, -0.48239472087762275, -0.46290968545568084, -0.46617570011080905, -0.46290968545568084, -0.3555907066484514, -0.48669180217677155, -0.48669180217677155, -0.46385003611670705, -0.46385003611670705, 0.40251687063282227, 0.4287704111045655, 0.5247932597521243, 0.609880679761366, 0.5855619810508924, -0.37475810380691527, 0.3987753495323822, 0.39144003179541936, 0.3915579555048444, 0.39144003179541936], [0.5456134335015999, 0.9660393559892153, 1.0, 0.5384063083248966, 0.41574992183297177, 0.5456134335015997, 0.5358535289654889, 0.5232695231860804, 0.42366393391590995, 0.360812167724613, 0.9964560489067633, 0.5358794892965996, 0.5200011922273321, 0.5362440222151454, 0.538464386204603, 0.575813998298591, -0.07701903350825857, 0.4769992203750183, 0.47616829033537206, 0.42529185237240336, 0.5348480291473898, 0.20113464941432657, 0.6765328164643298, 0.4998517851751827, 0.4995601656694536, 0.981159174449157, 0.2718800032575627, 0.18246527401613502, 0.5034818690475684, 0.5029684418981917, 0.7720269408541146, 0.004410856901075628, 0.5347504905114716, 0.42394422399338283, 0.5277856685300183, 0.3749028230230532, 0.9936106792865088, 0.4093776019194147, 0.5375296763618606, -0.08252193181130826, 0.5507438711646733, 0.532967867606257, 0.5507438711646733, 0.9005736157722704, 0.393598230722397, 0.9022809079795171, 0.8671304422247755, 0.6491657322741482, 0.20200342873505955, 0.004258813474619843, 0.0634150291739824, 0.40359803200980304, -0.06155668906884629, 0.4966883676938419, 0.42338836962932413, -0.0851832062422229, 0.6616424268263387, 0.6251380992293515, 0.4457405092776651, 0.6312154246062833, 0.702928020623558, 0.6312154246062833, 0.29024679242654206, 0.5258603624635164, 0.6336051480405878, 0.5258603624635164, 0.5255826107243502, 0.6101313264840289, 0.6473437211299559, 0.7250431546440926, 0.6473437211299559, 0.1700159741924076, -0.08050363345205873, 0.19027387231532328, 0.16400950542391537, 0.18940107931619413, 0.26622378716131523, 0.3809709673038091, 0.26622378716131523, -0.16710329801568227, 0.3994917431541424, 0.786874586811699, 0.48552817956284366, 0.7197739006405603, 0.12430518205696728, 0.4722590556958007, 0.47258673900495163, 0.4722590556958007, 0.6120816682316431, 0.6120816682316431, -0.3015665932194449, 0.7120654429678437, -0.23368137466357736, -0.49938053370591406, -0.37002197086069216, -0.37367592372217323, -0.37957968470530695, -0.006993682950272756, 0.027876816033219797, -0.23749243222384983, -0.4828308013674864, -0.12393779652092711, -0.20181915751486887, -0.19220512990620112, -0.04433959895987888, -0.04822272450573419, -0.4298668192697311, 0.02996176770015819, -0.2035291543649072, -0.4664587027396328, -0.08936014041381574, -0.33906661417023154, -0.21474084915177538, -0.33906661417023154, -0.4277120104603052, -0.49422489951437787, -0.49422489951437787, -0.22252724012150404, -0.22252724012150404, 0.3216334151217318, 0.12187850746470984, 0.2337425928621843, 0.4812275217439845, 0.19651178030193805, -0.28451009786376713, -0.04060841973361256, 0.4426409135815815, 0.5599504474667455, 0.4426409135815815], [0.9996923576928671, 0.9991388489861845, 0.5384063083248966, 1.0, 0.9985460814663578, 0.999692357692867, 0.9920433930365818, 0.9878765627162747, 0.9930474650892661, 0.9702394116884737, 0.9858182428756449, 0.9920776971822161, -0.14856948554047736, 0.9921169092042423, 0.9921571811556337, 0.9949371263113815, 0.4834957912432344, 0.9929857399410276, 0.9929733887616701, 0.983791840113935, 0.9920570915927238, 0.4352802061854943, 0.6476964819698277, 0.9798280733325356, 0.9798032252402409, 0.9661945662267758, 0.2828957612468565, -0.1349550561550617, 0.9897105004690309, 0.9896836652106562, 0.2552446910865177, -0.21531415211411822, 0.9943052301473915, 0.9955357535928245, 0.7586117437327883, -0.40139378151776756, 0.9904663651963176, 0.9954879283028795, 0.9946648001270573, 0.46603366546902614, 0.9917639569698768, 0.9943911965293081, 0.9917639569698768, 0.8915376614046925, 0.6693830463626325, 0.8677320154044912, 0.8764751515201201, 0.7759355703059515, 0.39187922070737397, -0.12414664062057926, 0.18746502830334355, 0.9415980315608267, 0.47274989240023096, 0.9732796649397165, 0.9687100164202618, 0.8847589512723338, 0.8920319142036118, 0.9137357642174718, 0.8965914466244923, 0.9053147418252334, 0.9064814865132947, 0.9053147418252334, 0.8241733268849487, 0.8892495641475224, 0.8905033460885998, 0.8892495641475224, 0.8825701190776035, 0.6477926296190398, 0.8170055809631005, 0.8187901604792914, 0.8170055809631005, 0.5938259412430161, 0.09611687669659105, 0.5673027474404952, -0.6058587621802237, 0.46378493372142426, 0.27590073323448006, 0.5011387753367368, 0.27590073323448006, -0.10051672173974466, 0.8674198501523218, 0.893673312046114, 0.8763316715214411, 0.8836140525326782, 0.49201685717499455, 0.8663150131582684, 0.8678362188679416, 0.8663150131582684, 0.8606859708534534, 0.8606859708534534, -0.17763143429793887, 0.5572234580433847, 0.21107142835126277, -0.5345599943061443, -0.5596774592177817, -0.5632846470167978, -0.02735692096127788, 0.03440968163410833, 0.26827266588899557, 0.15884229463951846, -0.3444680386022994, 0.07005019862754183, -0.7969082439937676, -0.19759151335610564, 0.09735865826506734, 0.09757429861007193, -0.534638033823954, -0.6066251815740146, -0.1920166473427095, -0.4836209611846688, -0.8333655132229363, -0.33149100370729345, -0.3228634628541367, -0.33149100370729345, -0.18365034191671775, -0.24532658026781776, -0.24532658026781776, -0.820294697153624, -0.820294697153624, 0.3871119474275477, 0.6524873849562066, 0.8691564436120218, 0.847801311891682, 0.7868022356469434, -0.23923223709490668, 0.7648002084469518, 0.8057015184678143, 0.8059774735062553, 0.8057015184678143], [0.9973231604501236, 0.9930884947610144, 0.41574992183297177, 0.9985460814663578, 1.0, 0.9973231604501236, 0.9965988353977686, 0.9944734641292282, 0.9967857244911161, 0.9591456456662961, 0.9948818325342694, 0.9966194694298516, -0.3661338396833979, 0.9966514277976782, 0.9966588574298871, 0.9977333402317509, 0.2947026012403303, 0.9972281097101278, 0.9972218303174154, 0.9855633663043687, 0.9966082433865979, 0.060801012312293505, 0.6011381537361513, 0.9899432869767257, 0.9898967626745407, 0.9821876502629011, 0.01780080227578759, -0.12176030796588938, 0.9880647534480927, 0.9880102844517449, -0.07113616147697678, -0.11492289436078183, 0.9976577950428964, 0.9976020718784597, 0.7297373601934272, -0.5500294610644081, 0.9969261140477512, 0.9978275574749575, 0.9979293621416442, 0.2712590035954945, 0.9976276478262661, 0.9976283331801935, 0.9976276478262661, 0.9075705094732199, 0.6305266812824909, 0.8919955233006255, 0.8796161439021141, 0.7395617446291297, -0.09181005847624828, -0.5739575609490573, -0.24006126518050994, 0.9265019005985582, 0.3305276829148027, 0.9664892034076047, 0.9665831064488076, 0.8764376498721079, 0.8672291527289835, 0.8966104070842513, 0.8801643419295889, 0.8944841617880617, 0.8949688903988371, 0.8944841617880617, 0.7917220422587127, 0.8270198753391033, 0.8284926538240648, 0.8270198753391033, 0.8679772914373377, 0.7525032250667096, 0.8475347868436498, 0.8486452994746495, 0.8475347868436498, 0.5419656997207261, 0.4036535514098744, 0.524042340757632, -0.6578356524781083, 0.5186383591656419, 0.49505088835471006, 0.49480238470790294, 0.49505088835471006, -0.12010478053918039, 0.8443656188706189, 0.8591787466327377, 0.8456500222695561, 0.8870373884363211, 0.355739319091667, 0.8462993038646398, 0.8477631444758746, 0.8462993038646398, 0.8548389015888569, 0.8548389015888569, -0.2229206790747882, 0.6224152215593215, 0.065711131920032, -0.57091567889096, -0.6205440317879563, -0.6208953649361297, -0.0649288795207132, 0.05515538256573472, -0.1319373731146818, -0.094277166481131, -0.43716999526072625, -0.30619075055732153, -0.8663111333628893, -0.5026180318365143, 0.061576024630277226, 0.061618426486607286, -0.567015581968404, -0.5979143017023955, -0.49728433344817075, -0.5295632936025568, -0.8037354016416648, -0.5557634119571739, -0.5583603934053245, -0.5557634119571739, -0.22985584118163618, -0.2859814784545939, -0.2859814784545939, -0.7698907724526748, -0.7698907724526748, 0.36396299158554063, 0.6300959695672975, 0.8173642361026846, 0.7910367330081403, 0.7733031842366758, -0.38162516616915837, 0.6136113640582979, 0.6965442681635963, 0.6969808942696532, 0.6965442681635963], [1.0, 0.9999814288761266, 0.5456134335015997, 0.999692357692867, 0.9973231604501236, 1.0, 0.9903705839191237, 0.9857169982385992, 0.9909805549808723, 0.9725207425846335, 0.9802953887945474, 0.9904171872749457, -0.14380134507722875, 0.99048567696795, 0.990535260234558, 0.9933213539190527, 0.49749983925277064, 0.9915500173072851, 0.9915358538561314, 0.9832761701881528, 0.9904047972110303, 0.4442069643994252, 0.6445473780376532, 0.9767716335098124, 0.9767459516232062, 0.9541352216779307, 0.2882101910501854, -0.1273090965066462, 0.9898707468111009, 0.9898325644466267, 0.2640146544197829, -0.21423592979216066, 0.9934518704474622, 0.9943627040534174, 0.8011324153988916, -0.39529284642724466, 0.9864028889978248, 0.9940660058767687, 0.9940002973852732, 0.48042770071331736, 0.9936527084895723, 0.9936388218527352, 0.9936527084895723, 0.8927616128332099, 0.6821928563942301, 0.8586118810912662, 0.8811064880165289, 0.7996001734148942, 0.3975581395244451, -0.11789775543304178, 0.19428308385275278, 0.9474060163944616, 0.48892688359290803, 0.977570997400479, 0.9715265412992969, 0.910307252192931, 0.9019958490862312, 0.9295603410595833, 0.9021800788871189, 0.9260737759053188, 0.926915500607468, 0.9260737759053188, 0.8348016958660118, 0.9033684858444037, 0.9045069507512763, 0.9033684858444037, 0.8875412160811609, 0.718515412442641, 0.8636731797611219, 0.8654119164804966, 0.8636731797611219, 0.6044903859131797, 0.29934730140556, 0.5800730765736667, -0.6004216187634899, 0.4709372447512752, 0.5322002952478594, 0.5338690122672753, 0.5322002952478594, -0.09343757835814265, 0.8748247574968869, 0.905764949743163, 0.8874546255806314, 0.9118024797833487, 0.5050955043376885, 0.8726296446886017, 0.8739706002537786, 0.8726296446886017, 0.8841477871133807, 0.8841477871133807, -0.17084990845125392, 0.5272072750971027, 0.20632180809480935, -0.5233367377175434, -0.5514756210434647, -0.5551788753945106, -0.01439018044185176, 0.04040632028640332, 0.2756492850186269, 0.17171050156114354, -0.33101501997684357, 0.07692033844988867, -0.7896758203339105, -0.18933216902725258, 0.10913710042327561, 0.10930685080295868, -0.526745038097159, -0.6096441883694823, -0.1899965811052607, -0.47040039612084844, -0.8305591804714013, -0.32943907409573575, -0.3202429756540707, -0.32943907409573575, -0.17366481580348198, -0.23463394323649617, -0.23463394323649617, -0.8197163319630335, -0.8197163319630335, 0.4026711452177184, 0.6647542206195599, 0.8766456933923459, 0.8552387011873328, 0.7941656137081657, -0.22515532184799442, 0.77361173052029, 0.8141947302091944, 0.8144602146430406, 0.8141947302091944], [0.9903705839191237, 0.9757787622914399, 0.5358535289654889, 0.9920433930365818, 0.9965988353977686, 0.9903705839191237, 1.0, 0.9970953518899639, 0.9999671553394959, 0.9493303499865328, 0.9995553275740292, 0.9999960216515674, -0.1621470106487415, 0.9999921419508974, 0.9999189936576084, 0.993924065742812, 0.43150825039710783, 0.9998290040348686, 0.9998291421546897, 0.9881123145376957, 0.9999962507741624, 0.33935258108185673, 0.6488995913938892, 0.9838139687167837, 0.983774960460002, 0.9837825108560035, 0.20252522221457245, -0.19534061638907999, 0.9923908849303251, 0.9920820570817023, 0.15298542627772566, -0.26664225792302343, 0.9992825689295055, 0.9993700633758511, 0.32940432907644385, -0.3319452362775937, 0.9985663971426336, 0.9992607093197314, 0.9981976116881665, 0.4124357379117161, 0.9283501324782212, 0.999007658650521, 0.9283501324782212, 0.91573048395237, 0.6320036192928286, 0.9164456105936887, 0.8884439666246784, 0.689002096352716, 0.4202090804455019, -0.06804874535007864, -0.21235129999635535, 0.9242764117534679, 0.42909292261179294, 0.9686711621813985, 0.96103245163233, -0.09535464071873091, 0.8131163822944699, 0.7925319968905145, 0.8389513370197713, 0.7853049797188132, 0.7548955018402422, 0.7853049797188132, 0.7450896470037229, 0.7549281918907623, 0.7560279002423278, 0.7549281918907623, 0.8237650359487204, 0.2860260585259457, 0.5057361802938684, 0.5947950513727424, 0.5057361802938684, 0.5082440626273592, -0.36520708680058167, 0.46762808349935714, -0.6699170584989501, 0.38211250271083824, -0.1364093172865251, 0.35405415081144487, -0.1364093172865251, -0.1461053307601489, 0.7991443651657145, 0.8028165509191999, 0.7943277540763855, 0.7263878663384564, 0.43845911215905153, 0.803559880686545, 0.8057243718315646, 0.803559880686545, 0.7098166413151138, 0.7098166413151138, -0.2607880081311833, 0.6764734967335662, 0.2601492898623719, -0.5565938156796091, -0.6044957460678764, -0.6076089483037, -0.08184856482717713, -0.019317457069215258, 0.3680752246346601, 0.11774880845496129, -0.3758760708688479, 0.11790661731678215, -0.8250417664244154, -0.10332379831593702, 0.02330977844831273, 0.023602801289690747, -0.5825877208348662, -0.6120342263135279, -0.03347276751557274, -0.5684823510233441, -0.8458256661323903, -0.3294174177335377, -0.15413014280657672, -0.3294174177335377, -0.26695694907607115, -0.2980234262726487, -0.2980234262726487, -0.8401950182785732, -0.8401950182785732, 0.36002780522833117, 0.6054978927257066, 0.4942318593949859, 0.8092728500822093, 0.7614927226681818, -0.30017299037753237, 0.058767723798206564, 0.7679339197837691, 0.7864631312922251, 0.7679339197837691], [0.9857169982385992, 0.9658302310669612, 0.5232695231860804, 0.9878765627162747, 0.9944734641292282, 0.9857169982385992, 0.9970953518899639, 1.0, 0.999439510506008, 0.9404696542961035, 0.9981174960501438, 0.9979125981667092, -0.1720856667405478, 0.9989637861783545, 0.998652318592808, 0.9862978896226268, 0.4094777294462664, 0.9990194430361125, 0.9990214268420703, 0.9850923912034392, 0.9991335572550637, 0.31134537241671, 0.6474938671497211, 0.9915854224612801, 0.98130845022475, 0.9787669110494043, 0.18172146497362934, -0.21102348196484577, 0.9886957030091645, 0.9921135930060573, 0.13164841852116202, -0.2741862733353967, 0.9980935585120535, 0.9979757672647912, 0.3074111007486481, -0.33983654012765796, 0.9957442434362203, 0.9977642679554405, 0.9975298955086933, 0.3898830036750719, 0.9190033808209412, 0.9979337056286448, 0.9190033808209412, 0.9132975189886134, 0.6158808663353963, 0.9172281956345029, 0.884000056669123, 0.6598342143372846, 0.40648833045204474, -0.08423510989378344, -0.22658071301062316, 0.914755437474543, 0.40776295800493667, 0.963797067349345, 0.9552346765780355, -0.10688528851495192, 0.796531071130496, 0.7727260206395339, 0.8276757656606708, 0.7667465085507215, 0.7406503677125318, 0.7667465085507215, 0.7290038150711268, 0.7327049130676484, 0.7406721247039095, 0.7327049130676484, 0.8126841161762934, 0.26292913005476143, 0.4811612877200802, 0.5756420164505512, 0.4811612877200802, 0.49187706975612605, -0.38187558271534944, 0.4493177857523879, -0.6799017735540085, 0.37134226759538047, -0.1611906544037632, 0.3347668756756243, -0.1611906544037632, -0.1536893268400159, 0.7859504619359802, 0.7810090723323414, 0.776783695158713, 0.7093730839943826, 0.42126428105680896, 0.7910730209610207, 0.7934835414274559, 0.7910730209610207, 0.6881616136838513, 0.6881616136838513, -0.2789318965107089, 0.7093252798991188, 0.2687213490454103, -0.5668940310508371, -0.61933839874769, -0.6222462927850816, -0.09810694076176067, -0.02881014880865135, 0.3612546216457767, 0.09778716372841272, -0.39003360636564455, 0.10852743710784855, -0.8326944237477892, -0.10991722201207468, 0.0056003281821491524, 0.005909134648372225, -0.5961238735040076, -0.6136560467628155, -0.04042248010551772, -0.5886014426106503, -0.8466967856297103, -0.3419652202367741, -0.16048844998257972, -0.3419652202367741, -0.2871238811024074, -0.31359748971732804, -0.31359748971732804, -0.8394427008168587, -0.8394427008168587, 0.33442337637937497, 0.5865677730142574, 0.4739192822053446, 0.7904295425193217, 0.7474355453286683, -0.32437920974486273, 0.043415157981464454, 0.7477974048742291, 0.7700828207901614, 0.7477974048742291], [0.9909805549808723, 0.9755328550475634, 0.42366393391590995, 0.9930474650892661, 0.9967857244911161, 0.9909805549808723, 0.9999671553394959, 0.999439510506008, 1.0, 0.9480481122567614, 0.9994962403835931, 0.9999683988594504, -0.3393755500108485, 0.9999730835488395, 0.999931638533739, 0.9980672320869243, 0.32920227150096937, 0.9997667658155733, 0.9997673405676578, 0.9878809544498891, 0.9999655523690572, 0.10986261877849955, 0.6008927721489508, 0.9938170792971214, 0.9937580202227969, 0.9835474205912396, 0.0011597988827525274, -0.13519316052648242, 0.9908766201689096, 0.9908486071415404, -0.05191302302013513, -0.22817854271135085, 0.9992977290869781, 0.9992585851412739, 0.7437087063770514, -0.5376465027555737, 0.9984699672714817, 0.9992433502713638, 0.9991423500456771, 0.3065202837235057, 0.9991384865355254, 0.9991435881322125, 0.9991384865355254, 0.91581078799389, 0.6331727514834736, 0.9162761722752839, 0.8881022752936928, 0.6883035378377831, 0.01626183874007243, -0.5183462428493649, -0.18848328222270927, 0.9194733926974444, 0.3793051528136256, 0.9623781247143383, 0.961347845962222, 0.8466472506536477, 0.8138416978496347, 0.8677554727211901, 0.8397204740349127, 0.8656865253657678, 0.8664850159173049, 0.8656865253657678, 0.7440125545966723, 0.8076362293062432, 0.8093670901721373, 0.8076362293062432, 0.8251000418818826, 0.7107636211416892, 0.8149201581485346, 0.8165130263372835, 0.8149201581485346, 0.5072376671841988, 0.32569723134692385, 0.46653758500547876, -0.7034871335592042, 0.44217777384712714, 0.4049820266489833, 0.40508196532238755, 0.4049820266489833, -0.10084415509333525, 0.7994768669769301, 0.8024771902052928, 0.7944030906541798, 0.8578339585493089, 0.36925391238823824, 0.8098451910395921, 0.8124109118139534, 0.8098451910395921, 0.8183457697291194, 0.8183457697291194, -0.26326386606875657, 0.6765196962617701, 0.08973729120390796, -0.569044261633085, -0.647738448516345, -0.6485873625147072, -0.0855437508779165, -0.017375860484839908, -0.14004613531655025, -0.06615422939388439, -0.4270412196445236, -0.33867224388528155, -0.8798547529726588, -0.5431358159472397, 0.021720432415673285, 0.022554870999656477, -0.584600075727336, -0.6080867517831029, -0.5074152763337537, -0.5707989865331484, -0.8228731821711441, -0.5803039601274952, -0.5823284760126136, -0.5803039601274952, -0.2696146899915568, -0.30178834116122905, -0.30178834116122905, -0.8031548743123851, -0.8031548743123851, 0.3604942019106414, 0.6043827268021922, 0.8245835843419707, 0.8025534740315996, 0.7599675190901053, -0.3294756332275482, 0.6463858197196019, 0.7165776376507607, 0.716744177771892, 0.7165776376507607], [0.9725207425846335, 0.9555352773532816, 0.360812167724613, 0.9702394116884737, 0.9591456456662961, 0.9725207425846335, 0.9493303499865328, 0.9404696542961035, 0.9480481122567614, 1.0, 0.9181747313148124, 0.9493629535718296, -0.28669009028653347, 0.9490027373177312, 0.9482935025132551, 0.9503966488063844, 0.14559874628736338, 0.955347796944116, 0.9553228750704222, 0.9495084686221286, 0.9495002865343094, 0.037460952178240595, 0.6543463276595906, 0.9513863551165807, 0.951606608792882, 0.8040048134848907, 0.09902140984857474, -0.11659365516337533, 0.957933293208934, 0.9580729960226722, 0.08703041696666972, 0.03925852430780743, 0.9598197017474523, 0.9600992393940112, 0.8443401045913602, -0.46788357285954946, 0.9309055924906213, 0.9590108246969656, 0.9605498579106746, 0.12242966938031795, 0.9612534049647368, 0.9612172607023645, 0.9612534049647368, 0.7767609947748795, 0.4297130722410531, 0.7236726644357974, 0.8546927658014479, 0.8364261627479836, -0.5532245498536255, -0.6839052457271574, -0.3127414101662594, 0.8653307912742055, 0.10364856778104022, 0.8977796330610667, 0.8978233369404489, 0.8517905332385505, 0.8439225527069418, 0.8789588092027029, 0.8550018278915453, 0.8705026994168321, 0.8713988789579714, 0.8705026994168321, 0.7921284251121062, 0.7700710238464218, 0.7722062139101428, 0.7700710238464218, 0.8468244408688952, 0.8684855728646413, 0.8449154057066174, 0.8457627813819374, 0.8449154057066174, 0.6114511235379702, 0.531165080539548, 0.6126041575545604, -0.4284804594793721, 0.6324697300391904, 0.6543729068761841, 0.6576628489681571, 0.6543729068761841, -0.2548981958961848, 0.851681031403762, 0.914888239245583, 0.8707001024691906, 0.8694551981384959, 0.2518167652528933, 0.8432301663463154, 0.8446669268703542, 0.8432301663463154, 0.8557488064145573, 0.8557488064145573, 0.01082840142925399, 0.24900714686785816, -0.07748620467864548, -0.47036498068470944, -0.3871604670430075, -0.3891193955009897, 0.08751097742284886, 0.3779609582084242, 0.11870850923084662, 0.00501925309275439, -0.30643964163815157, 0.02997005807100393, -0.8129645744534723, -0.1320737667404055, 0.26865233024889706, 0.26763600545005994, -0.3421953676339293, -0.4373048608229318, -0.29470152330906135, -0.29846100644852885, -0.6880128067675764, -0.31673680568096724, -0.31866927888013075, -0.31673680568096724, -0.0521246362051544, -0.3339184686240609, -0.3339184686240609, -0.5371304952692947, -0.5371304952692947, 0.5800732888984671, 0.6774830687045003, 0.7608659654602222, 0.6684801646048061, 0.840556205565472, -0.42777372992060964, 0.39081325693534014, 0.5693048293271123, 0.5695986920719562, 0.5693048293271123], [0.9802953887945474, 0.9778823904730718, 0.9964560489067633, 0.9858182428756449, 0.9948818325342694, 0.9802953887945474, 0.9995553275740292, 0.9981174960501438, 0.9994962403835931, 0.9181747313148124, 1.0, 0.9995528577740501, 0.9995494564036547, 0.9994986524859745, 0.9995348844549641, 0.998429794083368, -0.33590245059667206, 0.9997110859948571, 0.9997152911714904, 0.9995619244930795, 0.9995615602115909, -0.295513329872244, 0.9581522493226547, 0.9917229910963632, 0.991694798357321, 0.9871885009137167, -0.03741315569336828, 0.06574375659257349, 0.988888799917819, 0.9889611133908279, 0.9702551042614941, -0.017366768723952437, 0.9986197160535386, 0.9985657078362332, 0.9983429377569046, 0.999215413103374, 0.9991377773532537, 0.9986003183290876, 0.9983616202496643, -0.3470417416755942, 0.9982915055834926, 0.9983024878833475, 0.9982915055834926, 0.9095895225550286, 0.5019048515898774, 0.9118486442297149, 0.8862788747779924, 0.6902631897792226, -0.5497355417275298, -0.668250522582987, 0.8012315071228006, 0.8068989840943012, -0.2647849730056301, 0.9206106459193791, 0.9207919054248934, 0.8389794830873734, 0.8496647248159982, 0.813238864847537, 0.816183940943062, 0.8230098139181009, 0.824033033976069, 0.8230098139181009, 0.6369375602100094, 0.5900978251633557, 0.5925734846687104, 0.5900978251633557, 0.8507903955235185, 0.8608370369453553, 0.848981335457601, 0.8506169225079812, 0.848981335457601, 0.27582780397944406, 0.20838067350765904, 0.3378180752697836, 0.4610186573090961, 0.3268896680605672, 0.3798550176472288, 0.38266339433126584, 0.3798550176472288, -0.4113399244214039, 0.7525288648441069, 0.8070989176480008, 0.7851063094367062, 0.848366094116558, -0.06893316851784188, 0.7444003499542039, 0.7449577651032755, 0.7444003499542039, 0.7600615322730021, 0.7600615322730021, -0.3265742664095016, 0.6673077929477748, -0.3979495465091594, -0.6581926666457099, -0.5458789218424591, -0.5481762992056671, -0.34889204453578715, 0.13631648386045028, -0.2604341345898224, -0.41848335790437796, -0.597392062644671, -0.33272805307806663, -0.6298319895405878, -0.39821127566006453, 0.006881344579335665, 0.002808529439255942, -0.5585340305247759, -0.5218531605569174, -0.5398821408442837, -0.5742231154344108, -0.5685816440821905, -0.5437078082073725, -0.5466572597603349, -0.5437078082073725, -0.4406526100732584, -0.5984891628206531, -0.5984891628206531, -0.6049435985324352, -0.6049435985324352, 0.35552856591715776, 0.36358367732175323, 0.4702221572871635, 0.5558440472479734, 0.5552510695678308, -0.5431178360112372, 0.3056734875747394, 0.3267078648842771, 0.32690025934968575, 0.3267078648842771], [0.9904171872749457, 0.975836172732259, 0.5358794892965996, 0.9920776971822161, 0.9966194694298516, 0.9904171872749457, 0.9999960216515674, 0.9979125981667092, 0.9999683988594504, 0.9493629535718296, 0.9995528577740501, 1.0, -0.16179640124966396, 0.9999940826123038, 0.9999244062598169, 0.9947630201641837, 0.4315858863907815, 0.9998304352074867, 0.999830550474862, 0.9881574415802598, 0.9999968929017481, 0.3396932903383385, 0.6489859370759475, 0.9893652289199902, 0.9837641098391632, 0.9837660146332691, 0.20282132652447263, -0.19528223053977578, 0.9923831953126971, 0.9920932996565343, 0.15324374328753185, -0.2666054739781712, 0.9992845565136761, 0.9993744992896726, 0.3293815873721214, -0.3317152124416479, 0.9985681342337114, 0.9992697902033675, 0.9982011994086539, 0.41252065811443, 0.9283328812266398, 0.9990101143666595, 0.9283328812266398, 0.9157378614979085, 0.632160388484228, 0.9166792910872417, 0.8886625555186235, 0.6891464236218899, 0.42062398268510426, -0.06756973446376406, -0.21195705223872893, 0.9243623951537229, 0.4291796317126245, 0.9687696046265755, 0.961105396050048, -0.09514628052747222, 0.813299576575305, 0.7926495076724123, 0.8390818737726774, 0.7854205181606587, 0.7548311221967191, 0.7854205181606587, 0.7451665251440627, 0.7549910824741697, 0.7559543298198559, 0.7549910824741697, 0.8239449763949752, 0.28589394324855516, 0.5057532912928993, 0.5947015166961227, 0.5057532912928993, 0.5081812312847613, -0.3652250435070747, 0.46757780744862654, -0.6697961599084239, 0.38199095175831255, -0.13654285364058644, 0.35409925619652743, -0.13654285364058644, -0.1462636409758358, 0.7992235220858985, 0.8029852485678812, 0.7944427137593261, 0.7263798838568789, 0.4385421525603383, 0.8036542176765763, 0.8058150180725882, 0.8036542176765763, 0.7099030832437766, 0.7099030832437766, -0.26076408174546645, 0.6764449057046036, 0.2602632419055002, -0.5566194697000931, -0.6044065600788935, -0.6075260798638819, -0.08194036988993589, -0.01947327561800106, 0.36824886808884166, 0.11776823775486901, -0.3759314716206967, 0.11817297330134388, -0.8247490797641085, -0.10302175026010622, 0.02334698818808435, 0.023658042227027023, -0.5825772682734667, -0.6118384748963822, -0.03321325723706027, -0.568459824479334, -0.8457028581890434, -0.32917737356362403, -0.1539147203469378, -0.32917737356362403, -0.26680525051813, -0.2979822987421426, -0.2979822987421426, -0.8401304192289549, -0.8401304192289549, 0.36056570444955177, 0.6056572012537149, 0.4944949492646969, 0.8095430310016584, 0.7615849667429204, -0.29993367416687006, 0.059068563121771556, 0.7681931897685803, 0.7865805907416096, 0.7681931897685803], [-0.14380134507722875, 0.9757924903534239, 0.5200011922273321, -0.14856948554047736, -0.3661338396833979, -0.14380134507722875, -0.1621470106487415, -0.1720856667405478, -0.3393755500108485, -0.28669009028653347, 0.9995494564036547, -0.16179640124966396, 1.0, -0.16114896521959038, -0.15740511575071855, -0.13307696023120455, -0.2906598237227657, -0.16262410716932124, -0.16302698453050635, -0.28604011449839956, -0.16260676525634085, 0.023161392149959627, 0.30898332487495095, -0.19789744069221374, -0.19823448429274984, 0.9837442320839278, 0.244961476553774, 0.18633453283249343, -0.19657870998806498, -0.1971982134935702, 0.5360652876656629, 0.12006941892867462, -0.15939422339399606, -0.32311637084698874, 0.1624237736585377, 0.9620064022028592, 0.9985657071680074, -0.35630015853213004, -0.15441506033111418, -0.2804433744805128, -0.1597545319774076, -0.1604621923837855, -0.1597545319774076, 0.9158017693655481, -0.11978002065109326, 0.9166338547307026, 0.888583504989474, 0.6891199302565177, 0.0836958690492731, 0.25843939085843126, 0.6445786904291404, -0.2751678829948883, -0.2956213962619675, -0.07341609505319856, -0.3131983486509732, 0.021665706484103823, 0.24886294497269598, -0.02857857118246435, -0.3242282778001749, -0.0266237002451283, -0.01613278085386294, -0.0266237002451283, -0.43157228137344805, -0.11357684184167328, -0.11571408266952524, -0.11357684184167328, -0.22397505549152996, 0.06613223624260015, 0.041292057964995174, 0.04129462384697765, 0.041292057964995174, -0.4208663000605895, 0.0073327502532458694, -0.3841092198971288, 0.6248561580114089, -0.35330116869813605, 0.007875738031556218, -0.06455700045334947, 0.007875738031556218, -0.30538664439449953, -0.3586581956605292, 0.8029748709915067, -0.14832896815656058, 0.007785662734522294, -0.21667225501139548, -0.27775654550884854, -0.277119153396022, -0.27775654550884854, -0.034500618786861385, -0.034500618786861385, -0.23799954039627144, 0.6763557947749932, -0.16230224804990132, -0.005165578481919955, 0.20462151807211532, 0.2032457840920601, -0.24963866242607105, -0.011859161273618024, 0.02061166400077457, -0.17062986956689732, -0.10490858230241504, 0.044528155456550554, 0.39432547423023784, 0.11898772836042847, -0.04264079534143045, -0.04656845907131369, 0.09196744009025316, 0.5755340713558221, 0.09709516342684975, -0.1791208580856944, 0.6221670739112789, 0.10261266677316108, 0.11013211713578393, 0.10261266677316108, -0.235054719645777, -0.19381215211039288, -0.19381215211039288, 0.3298855601162873, 0.3298855601162873, 0.36067510397490804, -0.25654972961885986, 0.013424937675012672, 0.08782355021883348, -0.2576427193086879, 0.07796598465025753, 0.15166973479296608, 0.10239625583892592, 0.10234988694384732, 0.10239625583892592], [0.99048567696795, 0.9755888230858533, 0.5362440222151454, 0.9921169092042423, 0.9966514277976782, 0.99048567696795, 0.9999921419508974, 0.9989637861783545, 0.9999730835488395, 0.9490027373177312, 0.9994986524859745, 0.9999940826123038, -0.16114896521959038, 1.0, 0.9999366317978731, 0.99741116031771, 0.4317121686263802, 0.9998336137697007, 0.9998336406487787, 0.9883275706606868, 0.99999409486646, 0.34040309461395996, 0.6488170201138674, 0.9929634074816713, 0.9928448026306955, 0.9836295255676066, 0.2031259132424272, -0.19533029030813695, 0.9931188680140036, 0.993168311454386, 0.15406899118572445, -0.2664309917841926, 0.9993365985222797, 0.9993738537877277, 0.32828086467593065, -0.3308207098561752, 0.998500309400718, 0.9992734252435206, 0.9985166670943371, 0.41267325298348273, 0.9277907349131186, 0.9990681187859373, 0.9277907349131186, 0.9160318620595262, 0.6329354879344279, 0.9170733274515684, 0.8890572400604247, 0.6888105826956951, 0.4220741985454689, -0.06589995341500139, -0.2121628086845943, 0.9247844108633134, 0.42948781202885783, 0.9692050738158955, 0.9614963226087633, -0.09620130170020555, 0.8135761383403651, 0.7925663946535761, 0.8393517022435797, 0.7853806175763935, 0.7544436151527616, 0.7853806175763935, 0.7453651934356073, 0.754943459576332, 0.7563882154943983, 0.754943459576332, 0.8243053562713631, 0.28518403205767845, 0.5052134560994359, 0.5947393651259241, 0.5052134560994359, 0.5079969285520579, -0.36644158753721234, 0.4674632134538078, -0.6699511050780446, 0.38157174377111824, -0.1375892208816282, 0.3537353018837754, -0.1375892208816282, -0.146204940404637, 0.7993582992815559, 0.8025170606600818, 0.794523434613914, 0.7159426484206237, 0.4389560488562553, 0.8037834618727935, 0.8059329615416163, 0.8037834618727935, 0.7096996694033677, 0.7096996694033677, -0.26253581279146615, 0.6774280851569425, 0.2607897931344064, -0.5565864415035482, -0.604812656643398, -0.6079371506081055, -0.08317233413966262, -0.020801955892310913, 0.3685540694980514, 0.11729193532557797, -0.37621703836946524, 0.11824702832956782, -0.8238275143153228, -0.10286322632683165, 0.02223217935537588, 0.022537989308601847, -0.5832569622735728, -0.6121715535819129, -0.0326129490120587, -0.5699328871144868, -0.8456874036401159, -0.32911305631548293, -0.15333795669011224, -0.32911305631548293, -0.2678758985903027, -0.29848284872086417, -0.29848284872086417, -0.8404909303213347, -0.8404909303213347, 0.3607430913462749, 0.6053413310404657, 0.49391723214207195, 0.8100063840800643, 0.7610199330866362, -0.29942331485632717, 0.0583633636901401, 0.7686006716733806, 0.7871958468840831, 0.7686006716733806], [0.990535260234558, 0.9747594461008585, 0.538464386204603, 0.9921571811556337, 0.9966588574298871, 0.990535260234558, 0.9999189936576084, 0.998652318592808, 0.999931638533739, 0.9482935025132551, 0.9995348844549641, 0.9999244062598169, -0.15740511575071855, 0.9999366317978731, 1.0, 0.997527944263438, 0.43094174786221434, 0.9997826827352342, 0.9997839358896021, 0.9882619307463861, 0.9999204147396662, 0.3412124258797831, 0.6503439107107354, 0.9922573709780811, 0.9830818336594653, 0.9836376865765342, 0.20417536660000718, -0.19436888636786118, 0.9922371480452951, 0.9922494296488711, 0.15689128120349582, -0.26724356946056954, 0.9993430445475077, 0.9992230734949221, 0.32811323786194185, -0.32654287775434765, 0.9984062463563871, 0.99924622210945, 0.9984986831946956, 0.41193099890775675, 0.9266699559435688, 0.9990947763540462, 0.9266699559435688, 0.9147171490492044, 0.6331356112054772, 0.9156844623997067, 0.8875445878990785, 0.6858751798812879, 0.4228061594696049, -0.06398568166767095, -0.2127851578923675, 0.9241688802881095, 0.4276034843483288, 0.9695488739541548, 0.9610347329533581, -0.09922310617811234, 0.8121682103977942, 0.7927990385383299, 0.8390461473380769, 0.7856018549350918, 0.7567135120682156, 0.7856018549350918, 0.7434206724221464, 0.7543380759071886, 0.7575314464987414, 0.7543380759071886, 0.8243195489758635, 0.28507971432237617, 0.504777792271989, 0.5961599279295271, 0.504777792271989, 0.5066463759832452, -0.3688811432114654, 0.46558942808075326, -0.6675971673424401, 0.37991466855509076, -0.1387031086802985, 0.35399576414883077, -0.1387031086802985, -0.14966011742146745, 0.7987238250914865, 0.8012826879587566, 0.7936032352543703, 0.7283667251414542, 0.43950168171046494, 0.8033022079600841, 0.8057492825651167, 0.8033022079600841, 0.7097511426733805, 0.7097511426733805, -0.2631323861229036, 0.678997515370188, 0.2606526459485341, -0.5575710358662661, -0.6048436351119535, -0.6077863876759063, -0.0852281318563374, -0.02251417843697156, 0.3698022976530517, 0.11674073102121138, -0.3771484687247244, 0.11921852897950463, -0.8223207662593414, -0.10142793606147531, 0.02113235549434439, 0.021956646218457967, -0.5845930150293588, -0.607345938146852, -0.03092913094568503, -0.5709451053785541, -0.8435047982306588, -0.32835152036020615, -0.15193111517535082, -0.32835152036020615, -0.2682273931100432, -0.3013837065843795, -0.3013837065843795, -0.8383397146627813, -0.8383397146627813, 0.3580291013919737, 0.60315741472436, 0.49196722943417426, 0.8107791473282594, 0.7594196416131394, -0.300416569086019, 0.05626128734387175, 0.7693610074212411, 0.7885859745457969, 0.7693610074212411], [0.9933213539190527, 0.9840642046182214, 0.575813998298591, 0.9949371263113815, 0.9977333402317509, 0.9933213539190527, 0.993924065742812, 0.9862978896226268, 0.9980672320869243, 0.9503966488063844, 0.998429794083368, 0.9947630201641837, -0.13307696023120455, 0.99741116031771, 0.997527944263438, 1.0, 0.4250058159641404, 0.9977637088351949, 0.997760521390696, 0.9837911420565684, 0.9973442313651386, 0.35928663977567354, 0.6737906783189322, 0.9704275881603315, 0.9784748225451462, 0.9877084310403068, 0.2308092056497728, -0.1