var element=document.getElementById("correlationClose");if(element.style.display!='none'){var correlationClose={"data":[{"type":"heatmap","z":[[1.0,0.999991169426467,0.7242577057042549,0.9997668090490128,0.9982924687807448,1.0,0.9933483064887785,0.990470196495138,0.990470196495138,0.9938108807775816,0.9797817079455522,0.988565608458638,0.993379884205947,0.9934171362589507,0.6650269587901871,0.5602185973622054,0.2031754657144373,0.9940702991251077,0.9940720711348039,0.9861568548869994,0.9933782952338291,0.34812873506443553,0.7852048762384083,0.9846279090479427,0.9846279090479427,0.9846107571771466,0.9816067859372356,0.29502935351890147,-0.14728983295400952,0.9888479328859869,0.9888167457136532,0.22720310239718483,-0.24147935555152036,0.9951305380370732,0.9953807652151478,0.8718292546230427,-0.33233558503299365,0.9916039925483777,0.9955002252542959,0.6393908950571553,0.18346324428324465,0.995246441137521,0.9952477722410977,0.995246441137521,0.9167537367332751,0.6663317769888482,0.940556719301981,0.9431253738978063,0.8721500899331764,0.38908559207275867,-0.19318325121881308,0.24270999237541513,0.9555166258643815,0.3560471862538865,0.9755985699964216,0.9730273320936992,0.9820732616371355,0.9889965160909135,0.9418555825560094,0.9528836363233739,0.9524523982588924,0.9436140588751849,0.9498211137479524,0.9504513073496232,0.9498211137479524,0.9087390195699091,0.9304759910294769,0.9313060313456359,0.9304759910294769,0.9389678841117355,0.8245255394694189,0.9126829493611587,0.9138981071302856,0.9126829493611587,0.760046143557561,0.4635711271555604,0.7531770789253736,-0.5064608000707849,0.6599174781439731,0.6667454325939814,0.6675139860657153,0.6667454325939814,-0.05573170984133631,0.9269152219627919,0.9551545772010969,0.9422197220860463,0.943184049246696,0.21517763187230618,0.9212698616944066,0.9218369729769351,0.9212698616944066,0.9243341853583328,0.9243341853583328,-0.0992203760325603,0.6103804227737757,0.1231813980126403,-0.7320509084093398,-0.613287914797522,-0.6170272117618946,-0.17889431952854906,0.16431709392775673,0.17563422896170294,-0.060997134263438335,-0.6181597709507286,-0.05916485783503781,-0.7969383915391224,-0.32782560091903556,0.1902406128260341,0.192492170973265,-0.5909968840130773,-0.5635692086030694,-0.315530755424812,-0.5337074089279855,-0.8068538464229383,-0.4388066514871217,-0.43219660451068265,-0.4388066514871217,-0.2657435173716446,-0.3920727582704008,-0.3920727582704008,-0.7953253165716806,-0.7953253165716806,0.5190278874017384,0.6382066510396261,0.8474509173092898,0.8443467704291874,0.758028200274146,-0.3602823221452176,0.7486933465044545,0.7691846113211367,0.769267788457034,0.7691846113211367,-0.14246655107400735],[0.999991169426467,1.0,0.9851364768793501,0.9996005388367254,0.996442395615698,0.999991169426467,0.9870280706192582,0.9828050202793518,0.9828050202793518,0.9869745442461952,0.9779293607653616,0.9876562024342516,0.9870643961312392,0.986927956158382,-0.0671220208500075,-0.16055064372114283,-0.49021256683069087,0.9896689424529421,0.9896699259549401,0.9871005142465052,0.9871080620104264,-0.21828458988157995,0.9831267081949563,0.983927176528792,0.983927176528792,0.98394800693625,0.9816919729217495,0.06869453110213218,0.08838902732196298,0.9839014508805306,0.9839553291851006,0.655776835651435,0.0016010101411018658,0.9916905950226238,0.9916929468036192,0.9922316719171335,0.9878701114930615,0.9909380308549551,0.9917887468014343,-0.11656963995766066,-0.4941006677648113,0.9922541285344836,0.9922555045395857,0.9922541285344836,0.9164846348618753,0.5241101466456077,0.9405506933491814,0.9430083979429821,0.8717703824936185,-0.16371100550057682,-0.4475344475384785,0.8694883323640329,0.91020698132919,-0.25515899752497234,0.9479487032234356,0.9480706637969658,0.9683749147205616,0.9791511806051693,0.9629664113369101,0.9674184515652149,0.9550433332708244,0.9570470523799105,0.9574165708279078,0.9576979452694954,0.9574165708279078,0.8944279226983531,0.8693995007476779,0.8703812337207817,0.8693995007476779,0.963990054922895,0.9662304673577745,0.964043231776378,0.9646738016247357,0.964043231776378,0.7311652882519029,0.6945328453926384,0.7584031024964574,0.8051515992324064,0.7316803108143259,0.7506983683423378,0.7518372549221943,0.7506983683423378,-0.025705073461428554,0.9372119260926359,0.9526118459936007,0.9476868164989618,0.9667489824561339,-0.3388652476076444,0.9345246737210748,0.9346387488581401,0.9345246737210748,0.939203782890564,0.939203782890564,-0.1800706653599937,0.611301522588988,-0.37746897471970514,-0.8132223890160376,-0.47622302166627895,-0.4804341612202214,-0.41040523339468626,0.2937182514675378,-0.28141766825322634,-0.5329950537798295,-0.7702876741363532,-0.38150525063542334,-0.46629055732797337,-0.44787809168840836,0.15966073889804744,0.15781873571698812,-0.49399115908214813,-0.46555038141172794,-0.49366480439640925,-0.5255811195519347,-0.516966709061879,-0.4958428436882742,-0.49937640957915475,-0.4958428436882742,-0.393002731700481,-0.5617426399310876,-0.5617426399310876,-0.5269252163837473,-0.5269252163837473,0.5171234434295553,0.3864287717126091,0.5237501564452283,0.6554662849887242,0.5423446813164076,-0.4433782843909788,0.4303229689551622,0.32950767415839805,0.3297244959180349,0.32950767415839805,0.22705790587099672],[0.7242577057042549,0.9851364768793501,1.0,0.7222204977636549,0.6730511602539256,0.7242577057042549,0.7012412435599813,0.6953003456429737,0.6953003456429737,0.6641115862895766,0.6396704536643004,0.9946602356048827,0.7012694755799916,0.7013459284361785,0.34341755505035537,0.2843237042366558,-0.24980080991734746,0.6707179285518138,0.6707210249759188,0.6431871319075042,0.7009815320933598,0.13575605835305635,0.8341511589354649,0.6886924222646833,0.6886924222646833,0.6884928927869536,0.9904524850794865,0.26786804430059796,0.07294323657127053,0.6560975347279648,0.6557884348556078,0.5698640455150102,-0.0872003584060454,0.6963572661302213,0.6558717601216677,0.6584294290361724,0.2724538876603082,0.9934874833824903,0.6544932591678472,0.3241857333048551,-0.2598383151693004,0.7135812204598818,0.6950371966889322,0.7135812204598818,0.9139907253776686,0.4446070113189094,0.9505196632864068,0.9348982759623305,0.7957349612220579,0.24940805645082234,-0.08726113516682271,0.06171620735791915,0.6101020023836223,-0.0714231419898348,0.6408238519714474,0.6261533785597607,0.6399973967529622,0.6045551232594083,0.056047104794682945,0.8434341537977689,0.782118625231802,0.7199394303863365,0.7873979247138432,0.7973058204363616,0.7873979247138432,0.6357878400378156,0.717718757657163,0.7495265239564775,0.717718757657163,0.7634483747472982,0.7132665915696943,0.7662647251566054,0.7975541789216518,0.7662647251566054,0.5529017680089632,-0.07659818783082827,0.5662437408224331,0.08358144922862706,0.5201687554167111,0.27517710338396767,0.560311263615443,0.27517710338396767,-0.09640687865586069,0.7051181103781061,0.9113476104818066,0.7609157341561995,0.800691403488856,-0.10175604603270448,0.7327398051636804,0.7331475767106547,0.7327398051636804,0.7731412618481135,0.7731412618481135,-0.1911245166223811,0.7030313703846097,-0.17167563635834696,-0.7517280213915242,-0.4793264859940588,-0.4830421794803383,-0.44355701862393304,0.1442174727299466,0.01555773679448201,-0.3782912054497665,-0.7315338306872378,-0.192749747318058,-0.3651452117538181,-0.30844802794749454,0.0858394162103051,0.08542800964651158,-0.515445924493321,-0.10345187831807696,-0.2896158036288063,-0.5323432131969896,-0.2515179756121596,-0.43714978639591795,-0.32382621492537733,-0.43714978639591795,-0.4411140400483744,-0.5704541829405502,-0.5704541829405502,-0.3404736383618849,-0.3404736383618849,0.4751851020806034,0.255319583202546,0.3172704283502156,0.5565768688000623,0.3458507029932261,-0.40779337026455237,0.01342979565032482,0.47206172152508347,0.5631011423946084,0.47206172152508347,0.027390244366361477],[0.9997668090490128,0.9996005388367254,0.7222204977636549,1.0,0.9990150584416291,0.9997668090490127,0.9943386404661053,0.9918624799688469,0.9918624799688469,0.9949902232658663,0.9782976630320739,0.991104092458588,0.994361596330558,0.9943782544697248,0.664070606953595,0.5587552677403949,0.18931331482433375,0.9948968253347334,0.994898975767631,0.9861500915585875,0.9943514427886107,0.3397407103241322,0.7892676395947318,0.9867962757961781,0.9867962757961781,0.9867782742287506,0.9858944300898635,0.29079578569357245,-0.15288125783081932,0.9880306891453816,0.9880066627602976,0.21937687990548826,-0.2418457483162572,0.9954802481824525,0.9959269389469368,0.8433288198356556,-0.3361444803230954,0.9934337441835737,0.9962399323130398,0.6379042855979863,0.16935900417006863,0.9938040570949129,0.9955199423642822,0.9938040570949129,0.9150186306900941,0.6554385324889529,0.942595124658946,0.9404970565404215,0.8595827113249878,0.38490769979426365,-0.19715993970067905,0.23834665697311622,0.950985151575086,0.3414824974552136,0.9714767279593652,0.9705000118905468,0.9800779154383655,0.9886706858671425,0.9262749210319458,0.9486605564758438,0.9433756279618506,0.9410197004377066,0.9379484625372859,0.9387731164321058,0.9379484625372859,0.9033164348143887,0.922261685870162,0.9231754798743509,0.922261685870162,0.9367149592307276,0.7792496730825369,0.8835875924860243,0.8848899096859124,0.8835875924860243,0.7549263439378128,0.20918529545208905,0.7467527945705176,-0.511247335043856,0.6567500930335931,0.4059798517807662,0.6422843424652052,0.4059798517807662,-0.0609152450110784,0.9235982060935531,0.9507156408726857,0.9372691618075167,0.9259433384128256,0.20194994811793332,0.9185375643930378,0.9192184392498846,0.9185375643930378,0.9107050203674444,0.9107050203674444,-0.10316315007792527,0.6262389575264315,0.12830381318933856,-0.7400409236635063,-0.6190092689379656,-0.6226806527716616,-0.18935058627070459,0.16059522214832025,0.16989755345338728,-0.07285000511258345,-0.627960957803717,-0.06422764669535995,-0.8014618900523875,-0.33440796047363197,0.18178814370953753,0.18409109681373304,-0.5964881816604478,-0.5604202091970296,-0.3155454793801232,-0.5421936909994867,-0.807639357596021,-0.4392039480568425,-0.43312405647894625,-0.4392039480568425,-0.2727383840076207,-0.39997833693375784,-0.39997833693375784,-0.7944132198743677,-0.7944132198743677,0.5111903867402694,0.6284284941242568,0.8399782759898465,0.8372955764616866,0.7518053642593918,-0.37135406038645924,0.7403703748808022,0.7608231013173608,0.7609109864513917,0.7608231013173608,-0.12827977439241528],[0.9982924687807448,0.996442395615698,0.6730511602539256,0.9990150584416291,1.0,0.9982924687807448,0.99745940645986,0.9963232719839551,0.9963232719839551,0.9976770351036415,0.9730512140895816,0.9968227157786247,0.9974764604860052,0.9974957196773255,0.5383310584477028,0.4068096735467542,-0.016025520800630987,0.9978016877107901,0.9978037615541233,0.9887484582262522,0.9974655182488856,-0.018310651403651488,0.778697439503795,0.9935013806785975,0.9935013806785975,0.9934672984395172,0.9918118062090924,0.0707716204182371,-0.13630048722880625,0.9872654237027759,0.9872018002830625,-0.0709526994982409,-0.15189452996159203,0.9978363070500442,0.9977557195409315,0.8409553654108305,-0.4439929038902249,0.9978651633060538,0.9981078427542974,0.4980753499105364,-0.039864417613484686,0.9977911438440301,0.9977973247950194,0.9977911438440301,0.9258779518704284,0.625450627234888,0.9483861742882331,0.9377040098231584,0.8397483014003961,-0.03739606900068311,-0.5814221583077345,-0.11816015519705031,0.9432537735517544,0.1995665425190285,0.9703677943080239,0.9703829915939027,0.9838087273834879,0.989478189779372,0.9262658196765727,0.9336130912608963,0.934103671642062,0.9303348019058345,0.9325512073492723,0.9329572920614211,0.9325512073492723,0.8834490076749706,0.88742372735374,0.8884573955400543,0.88742372735374,0.9272501888558777,0.8582103734009181,0.9104432658607413,0.9112239885607292,0.9104432658607413,0.7232477600613727,0.6364918975484679,0.717905028866542,-0.5067349662401297,0.7011998272914236,0.6857954910952794,0.685942325908021,0.6857954910952794,-0.06309247360041909,0.9087839465251235,0.9314462211779069,0.9189744622123758,0.9329631584639937,0.048886782730402166,0.9072390293279647,0.9081697432733383,0.9072390293279647,0.9114206732893595,0.9114206732893595,-0.1374257314371121,0.6679539138012983,-0.01649122769142632,-0.7634227277852831,-0.658970219122694,-0.6601416017700836,-0.21562325719722464,0.1837685214860504,-0.2096701454186255,-0.30867831949335905,-0.6850717413785675,-0.4075699966026172,-0.8358708727845977,-0.5894192232951394,0.15448594343065833,0.15663540342837295,-0.6186097041046198,-0.5578117574683272,-0.569524227482709,-0.5762178510733238,-0.7606965963423726,-0.6164899066970844,-0.6198038006050027,-0.6164899066970844,-0.30502984958613044,-0.4276364926097123,-0.4276364926097123,-0.7323276275551366,-0.7323276275551366,0.4978077699625098,0.615044153671977,0.8056407106412313,0.812484129550879,0.7462002186436731,-0.4876162388733557,0.6314524044310614,0.6670996459820795,0.667313428013022,0.6670996459820795,0.09754526503462022],[1.0,0.999991169426467,0.7242577057042549,0.9997668090490127,0.9982924687807448,1.0,0.9933483064887785,0.990470196495138,0.990470196495138,0.9938108807775816,0.9797817079455522,0.988565608458638,0.993379884205947,0.9934171362589507,0.6650269587901871,0.5602185973622054,0.2031754657144373,0.9940702991251077,0.9940720711348039,0.9861568548869994,0.9933782952338291,0.34812873506443553,0.7852048762384083,0.9846279090479427,0.9846279090479427,0.9846107571771466,0.9816067859372356,0.29502935351890147,-0.14728983295400952,0.9888479328859869,0.9888167457136532,0.22720310239718483,-0.24147935555152036,0.9951305380370732,0.9953807652151478,0.8718292546230427,-0.33233558503299365,0.9916039925483777,0.9955002252542959,0.6393908950571553,0.18346324428324465,0.995246441137521,0.9952477722410977,0.995246441137521,0.9167537367332751,0.6663317769888482,0.940556719301981,0.9431253738978063,0.8721500899331764,0.38908559207275867,-0.19318325121881308,0.24270999237541513,0.9555166258643815,0.3560471862538865,0.9755985699964216,0.9730273320936992,0.9820732616371355,0.9889965160909135,0.9418555825560094,0.9528836363233739,0.9524523982588924,0.9436140588751849,0.9498211137479524,0.9504513073496232,0.9498211137479524,0.9087390195699091,0.9304759910294769,0.9313060313456359,0.9304759910294769,0.9389678841117355,0.8245255394694189,0.9126829493611587,0.9138981071302856,0.9126829493611587,0.760046143557561,0.4635711271555604,0.7531770789253736,-0.5064608000707849,0.6599174781439731,0.6667454325939814,0.6675139860657153,0.6667454325939814,-0.05573170984133631,0.9269152219627919,0.9551545772010969,0.9422197220860463,0.943184049246696,0.21517763187230618,0.9212698616944066,0.9218369729769351,0.9212698616944066,0.9243341853583328,0.9243341853583328,-0.0992203760325603,0.6103804227737757,0.1231813980126403,-0.7320509084093398,-0.613287914797522,-0.6170272117618946,-0.17889431952854906,0.16431709392775673,0.17563422896170294,-0.060997134263438335,-0.6181597709507286,-0.05916485783503781,-0.7969383915391224,-0.32782560091903556,0.1902406128260341,0.192492170973265,-0.5909968840130773,-0.5635692086030694,-0.315530755424812,-0.5337074089279855,-0.8068538464229383,-0.4388066514871217,-0.43219660451068265,-0.4388066514871217,-0.2657435173716446,-0.3920727582704008,-0.3920727582704008,-0.7953253165716806,-0.7953253165716806,0.5190278874017384,0.6382066510396261,0.8474509173092898,0.8443467704291874,0.758028200274146,-0.3602823221452176,0.7486933465044545,0.7691846113211367,0.769267788457034,0.7691846113211367,-0.14246655107400735],[0.9933483064887785,0.9870280706192582,0.7012412435599813,0.9943386404661053,0.99745940645986,0.9933483064887785,1.0,0.9978050437166825,0.9978050437166825,0.9999733603724046,0.9685677640557198,0.999739628998103,0.9999969329815268,0.999994083223719,0.7745599953151338,0.7558892428931058,0.16540286989968592,0.9998793662539519,0.9998799392403673,0.991158136014149,0.999997136748078,0.2691557566215552,0.7815512313379259,0.9869022982827305,0.9869022982827305,0.9884791087298648,0.9924829782510427,0.2293519921091762,-0.20023756123609915,0.9914223480712039,0.9915524399239788,0.13723489563349298,-0.2809920009216035,0.9994114932611385,0.9995346462660738,0.5045967623702904,-0.28619686468644556,0.999263722708404,0.9995188161791885,0.7470504292684409,0.14418831913339492,0.9513141043366885,0.9991932869022092,0.9513141043366885,0.9328183614591306,0.6329603511627204,0.9543406481478225,0.9366569371015847,0.8118439215973571,0.42672972983844953,-0.13390817254587198,-0.16554084046431972,0.9408715613791142,0.3171129460957563,0.9704868799678192,0.9683683444912236,0.9816563476685158,0.9951934399934763,0.025630156558790546,0.9014596482322889,0.8629832803749189,0.9019700562348617,0.8585320874468707,0.8260461741345074,0.8585320874468707,0.8520243702165763,0.8311544378134827,0.8221611976488523,0.8311544378134827,0.8984060881679222,0.4720422970312413,0.6575273980965098,0.7032483554181784,0.6575273980965098,0.6929316783835165,-0.3159044274428284,0.6755300646040749,-0.5802663948779826,0.5941920700212685,-0.04452545870373322,0.5203240388849553,-0.04452545870373322,-0.10175453966445874,0.8773869237955083,0.900957970783861,0.8874657882987743,0.8012451619595766,0.1754429538175772,0.8749851440401971,0.8759956940989847,0.8749851440401971,0.8099028147311362,0.8099028147311362,-0.17040938055092922,0.7051385322676246,0.21303050451472372,-0.7399635826170557,-0.6551560288629119,-0.6584209169049183,-0.22362159602967752,0.11360348403957032,0.29808250886303184,-0.09348063937734465,-0.632418265113209,0.007212914822481995,-0.8286970120008152,-0.22851176128350542,0.12234644101451643,0.12460783342406921,-0.6352492376790583,-0.5764067565523298,-0.14864918515612557,-0.6079695377001099,-0.8255399924440833,-0.42783081880059676,-0.268396011435125,-0.42783081880059676,-0.3317194846668356,-0.43325832767970557,-0.43325832767970557,-0.8174827694218694,-0.8174827694218694,0.49570565049056936,0.6030735447000753,0.5235826637614653,0.8126245371541545,0.7450663674354241,-0.41471555935089016,0.08596045701565502,0.7438277484116891,0.761594374316163,0.7438277484116891,-0.07248872267102001],[0.990470196495138,0.9828050202793518,0.6953003456429737,0.9918624799688469,0.9963232719839551,0.990470196495138,0.9978050437166825,1.0,1.0,0.9996380024446548,0.9632461400633789,0.9989992287086104,0.9984904903010121,0.9992729547491223,0.7708724420549766,0.7423621418997819,0.1444282441016858,0.9992932954134717,0.9992962463890348,0.9888565676914424,0.9993889486034684,0.24497019352520216,0.7840052663566546,0.9933484314470192,0.9933484314470192,0.98700095461772,0.9905556310627815,0.21274214669016636,-0.21237325421121042,0.9878355291808291,0.9912601042388036,0.11953729610065311,-0.2866085352668653,0.9984993030596627,0.998532642733661,0.49013244507879006,-0.29163614202368776,0.9978321031273063,0.998528976643479,0.7434028031420744,0.12289864901562338,0.9452613988198929,0.9983402735405517,0.9452613988198929,0.9311248076543174,0.6194919862012845,0.9549619189712153,0.9358451888581572,0.796811720718714,0.4149201366608755,-0.14751819133587973,-0.17639778586988022,0.9340037848189451,0.2979858327182883,0.9663068624409793,0.9640228865163133,0.9773219536097656,0.9941083423488953,0.0177295444314451,0.8945077073837879,0.851912917122126,0.8965777913341867,0.8484486503234396,0.8165489993268179,0.8484486503234396,0.843826810130745,0.8181962375992907,0.8119731083182105,0.8181962375992907,0.8931014591389802,0.45702587827919366,0.6421374577661065,0.6902775975587093,0.6421374577661065,0.6852661433907058,-0.32827773936678933,0.666325905775705,-0.5854169361378547,0.5895932846726947,-0.063353284556457,0.5079699815788592,-0.063353284556457,-0.1067554694965553,0.8713464958082965,0.8928521130312531,0.8798804028071909,0.7894006569139962,0.15829109673574918,0.8695514113953718,0.8707303628364839,0.8695514113953718,0.7978417171201737,0.7978417171201737,-0.18290816069827845,0.7234411530832576,0.21869295809096617,-0.7483090324956255,-0.6658041478772605,-0.6689240028519093,-0.23680989313791995,0.1075590763999657,0.2910263970810137,-0.11149463748345034,-0.643526318657479,-0.0018501402234111122,-0.832989718693571,-0.23484286732788373,0.10924853373628439,0.11153933447342433,-0.6449025868963564,-0.5768625775219018,-0.1552829111976683,-0.6215815261553245,-0.8240821558444844,-0.4380979157531768,-0.274349588571841,-0.4380979157531768,-0.34655382894176434,-0.4449681318042561,-0.4449681318042561,-0.8145840944660755,-0.8145840944660755,0.4820121415172393,0.588449823892205,0.5067682418954865,0.7966469444385004,0.7340301554297934,-0.4335374616268259,0.07352648291040374,0.7261237047226475,0.7467970425458611,0.7261237047226475,-0.05614718401049999],[0.990470196495138,0.9828050202793518,0.6953003456429737,0.9918624799688469,0.9963232719839551,0.990470196495138,0.9978050437166825,1.0,1.0,0.9996380024446548,0.9632461400633789,0.9989992287086104,0.9984904903010121,0.9992729547491223,0.7708724420549766,0.7423621418997819,0.1444282441016858,0.9992932954134717,0.9992962463890348,0.9888565676914424,0.9993889486034684,0.24497019352520216,0.7840052663566546,0.9933484314470192,0.9933484314470192,0.98700095461772,0.9905556310627815,0.21274214669016636,-0.21237325421121042,0.9878355291808291,0.9912601042388036,0.11953729610065311,-0.2866085352668653,0.9984993030596627,0.998532642733661,0.49013244507879006,-0.29163614202368776,0.9978321031273063,0.998528976643479,0.7434028031420744,0.12289864901562338,0.9452613988198929,0.9983402735405517,0.9452613988198929,0.9311248076543174,0.6194919862012845,0.9549619189712153,0.9358451888581572,0.796811720718714,0.4149201366608755,-0.14751819133587973,-0.17639778586988022,0.9340037848189451,0.2979858327182883,0.9663068624409793,0.9640228865163133,0.9773219536097656,0.9941083423488953,0.0177295444314451,0.8945077073837879,0.851912917122126,0.8965777913341867,0.8484486503234396,0.8165489993268179,0.8484486503234396,0.843826810130745,0.8181962375992907,0.8119731083182105,0.8181962375992907,0.8931014591389802,0.45702587827919366,0.6421374577661065,0.6902775975587093,0.6421374577661065,0.6852661433907058,-0.32827773936678933,0.666325905775705,-0.5854169361378547,0.5895932846726947,-0.063353284556457,0.5079699815788592,-0.063353284556457,-0.1067554694965553,0.8713464958082965,0.8928521130312531,0.8798804028071909,0.7894006569139962,0.15829109673574918,0.8695514113953718,0.8707303628364839,0.8695514113953718,0.7978417171201737,0.7978417171201737,-0.18290816069827845,0.7234411530832576,0.21869295809096617,-0.7483090324956255,-0.6658041478772605,-0.6689240028519093,-0.23680989313791995,0.1075590763999657,0.2910263970810137,-0.11149463748345034,-0.643526318657479,-0.0018501402234111122,-0.832989718693571,-0.23484286732788373,0.10924853373628439,0.11153933447342433,-0.6449025868963564,-0.5768625775219018,-0.1552829111976683,-0.6215815261553245,-0.8240821558444844,-0.4380979157531768,-0.274349588571841,-0.4380979157531768,-0.34655382894176434,-0.4449681318042561,-0.4449681318042561,-0.8145840944660755,-0.8145840944660755,0.4820121415172393,0.588449823892205,0.5067682418954865,0.7966469444385004,0.7340301554297934,-0.4335374616268259,0.07352648291040374,0.7261237047226475,0.7467970425458611,0.7261237047226475,-0.05614718401049999],[0.9938108807775816,0.9869745442461952,0.6641115862895766,0.9949902232658663,0.9976770351036415,0.9938108807775816,0.9999733603724046,0.9996380024446548,0.9996380024446548,1.0,0.9677419262986353,0.9997081556518729,0.9999742250334959,0.9999766056476511,0.5930551479603232,0.4652372346421865,0.042933281465658134,0.9998403716276987,0.99984139995448,0.991110617034807,0.9999719362576077,0.039167466422000856,0.7670463776575227,0.9956993677662258,0.9956993677662258,0.99566475905021,0.9924431400155949,0.0594967634731021,-0.14456776091445667,0.9910213253919755,0.9909838755677045,-0.048667137406261114,-0.24480069649227174,0.9994752537380361,0.999434707321945,0.8429323121284618,-0.446229384627777,0.9992149698209127,0.9994926893216523,0.554892951718222,0.019161032121994305,0.9993622351932595,0.9993673269800867,0.9993622351932595,0.9327456995879575,0.6333094626285222,0.9543377692951898,0.9365738044622243,0.8115565748929128,0.054379592293784466,-0.5395097820622656,-0.08026546483540005,0.9380199884859757,0.2623181893819704,0.9686432189471963,0.9683376377314787,0.9840772293989176,0.9944812402165017,0.903895215158406,0.9025140518590817,0.9127757309938249,0.9032540868269082,0.9111510692138057,0.9116507062996935,0.9111510692138057,0.8523936265656301,0.8701719049730312,0.8712713994428345,0.8701719049730312,0.8999815657632859,0.8262518569128257,0.8857222650101859,0.8866335127009554,0.8857222650101859,0.6933779957652026,0.5754797356180056,0.6763814970068773,-0.5677131593181585,0.6429692690714272,0.6172316337328748,0.6172328507476752,0.6172316337328748,-0.049595312135609235,0.8786296044700888,0.9011435023329618,0.888149537619894,0.9111224962981503,0.08839862149807294,0.8800852555411856,0.881536063468055,0.8800852555411856,0.8844161503791498,0.8844161503791498,-0.17181999827331604,0.7057554577686372,0.011447005458754815,-0.7513712958260571,-0.6853443698322059,-0.6869162556766887,-0.22697441970534116,0.1177820884321057,-0.21355108215776328,-0.2745546805237026,-0.6677635892002801,-0.4326231697738398,-0.8573374812215829,-0.6212749182795013,0.12202905915737416,0.1242693002661493,-0.6365208887120594,-0.5724262847247716,-0.579910147678254,-0.6092546821568925,-0.7884122382388371,-0.6392629626132256,-0.641811007681205,-0.6392629626132256,-0.33375456109020085,-0.4367274703025736,-0.4367274703025736,-0.7698951931565922,-0.7698951931565922,0.4962096884335888,0.6014815850174894,0.8162488786724033,0.8211413729356324,0.7431642233897608,-0.4406049418344749,0.6584697497400789,0.691460463011864,0.6916480502363462,0.691460463011864,0.16396291440908903],[0.9797817079455522,0.9779293607653616,0.6396704536643004,0.9782976630320739,0.9730512140895816,0.9797817079455522,0.9685677640557198,0.9632461400633789,0.9632461400633789,0.9677419262986353,1.0,0.9580441501302507,0.968586534035962,0.968363067732682,0.3322717498264144,0.20632400436691875,-0.19261734189021654,0.9720828320265494,0.9720661094287371,0.9686749405879109,0.9686683744567838,-0.05846748972382344,0.8038057209910838,0.9696988209965202,0.9696988209965202,0.9698399906463429,0.9275480753590045,0.14699351467513996,-0.1321289527278503,0.9734660548688866,0.9735560292093878,0.08882340920406352,-0.034509761024583835,0.9749448714889013,0.9751403915768942,0.9070473327514214,-0.31117346016641484,0.9644676766679791,0.9743160602898416,0.28773459651844085,-0.21169644206960453,0.9758318966222849,0.9758059083466997,0.9758318966222849,0.8606357100919263,0.45124604897363807,0.8851734614275885,0.9298369762485793,0.893998304086265,-0.4342075163777041,-0.6588645279699872,-0.14159892958626535,0.9115670171344353,-0.04918333313598241,0.9343259612855681,0.9343792825447212,0.9491403359915357,0.9715205167516953,0.906576686592821,0.9103519811014494,0.9153447238879181,0.9092022496831662,0.9094988877307261,0.9099335901990568,0.9094988877307261,0.873760104954944,0.8461842351960364,0.847232728954929,0.8461842351960364,0.9059011202484898,0.9172998065372278,0.9042251756396856,0.9046209765861624,0.9042251756396856,0.7633554696959474,0.7124399140532522,0.764345448747582,-0.20540287420918082,0.7735127233619212,0.7866293098222332,0.788526136691121,0.7866293098222332,-0.19159755771988624,0.9041040097319674,0.9480913145393216,0.9159230547915194,0.9168047348047089,-0.0734844912340443,0.899019474803099,0.8996789483938815,0.899019474803099,0.9047754408601688,0.9047754408601688,0.022969443938093716,0.461884983099378,-0.1598919409455793,-0.7007771226910309,-0.4665209520295328,-0.469337278972963,-0.1111428471742918,0.44143396890737757,-0.01759830547105781,-0.2492411506234224,-0.6025038247206707,-0.14720693483710096,-0.781191157476447,-0.31157276879682877,0.3116293383169692,0.3121314728306234,-0.43523026114987234,-0.42906132280936815,-0.4056842378276015,-0.41827513324663407,-0.6464891815044377,-0.4241083289505739,-0.42676750701655236,-0.4241083289505739,-0.17251839924772822,-0.47917482058878486,-0.47917482058878486,-0.5423562828297427,-0.5423562828297427,0.6122492929897196,0.6553131604836803,0.7613527799264547,0.7316201608492096,0.8122891152887743,-0.5224529658463776,0.4547225032639017,0.5442478088788103,0.5445915142075666,0.5442478088788103,-0.0863060051971453],[0.988565608458638,0.9876562024342516,0.9946602356048827,0.991104092458588,0.9968227157786247,0.988565608458638,0.999739628998103,0.9989992287086104,0.9989992287086104,0.9997081556518729,0.9580441501302507,1.0,0.9997381542318288,0.9997137443054603,0.05263975762534672,-0.05274877542296397,-0.5571467796851235,0.9998389913379266,0.9998405540739167,0.9997418516345936,0.9997411437097155,-0.3010743889784381,0.9750455198699592,0.9950611927794152,0.9950611927794152,0.9950442318828835,0.993682584072818,0.06428538446157676,0.05678302113405611,0.9931399185978259,0.9931870077651899,0.7233784529482944,-0.06894189243776672,0.9992427990402576,0.9992105867349647,0.999100952165607,0.9995110369465874,0.9995376723383661,0.9992663472362848,-0.003912344096751386,-0.5640843134370073,0.9990648744450372,0.9990700876880376,0.9990648744450372,0.9280781548274877,0.4875596525950513,0.9504720948916281,0.9328307436417037,0.8112732656583372,-0.2993850343408128,-0.5649321112956206,0.8515140969035184,0.8789155733078247,-0.3390213852495375,0.945271590084528,0.9454449232728874,0.9752101652297079,0.9941660151998654,0.9194747441573474,0.9239327763772187,0.9035781547636712,0.909037673470311,0.90721419248461,0.9076140456133177,0.90721419248461,0.8241820041474965,0.7935164538612552,0.7947849836696322,0.7935164538612552,0.9253199644719486,0.9299344111640242,0.924374654399448,0.9251276490464865,0.924374654399448,0.6378671716725539,0.5931878554699032,0.6650061208113174,0.726532044883564,0.6444989758845345,0.6682600376178972,0.6702664763154648,0.6682600376178972,-0.1990457258582909,0.8784718335043595,0.9023289267308529,0.8938763186228282,0.92503300480888,-0.360153830183209,0.8748871232060392,0.8750542053429983,0.8748871232060392,0.8814808733324462,0.8814808733324462,-0.22176033221289754,0.700853254404813,-0.3998909557036893,-0.8284461106383691,-0.5460539506398072,-0.5493638666246117,-0.44882202063892523,0.2543192554725465,-0.3159433911888728,-0.5620891659600168,-0.7903849278854577,-0.42130115109609406,-0.5805353942720033,-0.49764240181302605,0.11500096326251477,0.11348785353284466,-0.5612488223550607,-0.5367692679220482,-0.5583409709826159,-0.5945771054720896,-0.5872642612660417,-0.5616115208725454,-0.5649696867559899,-0.5616115208725454,-0.4563295060975447,-0.6453001138033994,-0.6453001138033994,-0.633144020880803,-0.633144020880803,0.4900903643375807,0.3637689583629354,0.505601282151757,0.6301550412472914,0.546460169143521,-0.5707688958527026,0.3747582699405194,0.3083914029307184,0.3086468196782639,0.3083914029307184,0.29283783152868753],[0.993379884205947,0.9870643961312392,0.7012694755799916,0.994361596330558,0.9974764604860052,0.993379884205947,0.9999969329815268,0.9984904903010121,0.9984904903010121,0.9999742250334959,0.968586534035962,0.9997381542318288,1.0,0.9999956655015422,0.7745342070432927,0.7398455734781915,0.1654331442303477,0.9998805142627875,0.9998809795862034,0.9911847316337518,0.9999976259768852,0.2694289819096539,0.7816180509602632,0.9916683024647615,0.9916683024647615,0.9884744629089833,0.9924866164149253,0.2295851659250002,-0.20018217795225637,0.9914808989897314,0.9915572286677777,0.1374366435446425,-0.2809636633607589,0.9994122804610122,0.9995363316998076,0.5045815596712188,-0.28600111647906756,0.9992635614971886,0.9995242107239999,0.7470096530180419,0.14422428755604025,0.9513033822802506,0.9991944913210328,0.9513033822802506,0.9328067525620098,0.6330695780654058,0.9543938171604434,0.9367062596869772,0.8119151352181678,0.4270656756558696,-0.13351712423786272,-0.16521162282260185,0.940922500841367,0.31715740929873226,0.9705556441927968,0.9684046224326128,0.9817244008976025,0.9952022812129553,0.025803945629511396,0.9015744519229206,0.8630618509873236,0.902072785942658,0.8586088247278509,0.8260048680199662,0.8586088247278509,0.8521183278289662,0.8312030845289365,0.8221189844666578,0.8312030845289365,0.8985308902813658,0.4719477793107447,0.6575345806106603,0.7031809974243012,0.6575345806106603,0.69294350001197,-0.31591582444671645,0.6755591808145793,-0.580163555321456,0.594136986190244,-0.04463491996201397,0.5203593172729368,-0.04463491996201397,-0.10187313131515087,0.8774694571412522,0.9010680982395484,0.8875573099401901,0.8012404845634935,0.1754811435734943,0.8750659153993786,0.8760725694800026,0.8750659153993786,0.8099612904421251,0.8099612904421251,-0.17035047355313046,0.7051065856405376,0.21312367964278534,-0.740004679725355,-0.6550792646406177,-0.6583487303235038,-0.2237010035984673,0.11350916267954579,0.29822829837915776,-0.09348220379392432,-0.6324794326234051,0.007438877009357353,-0.8284677881543985,-0.22826011380623168,0.12242487959134499,0.12469896957516277,-0.6352278984043863,-0.5762066426189422,-0.14843901532736886,-0.607922725722376,-0.8254401024898902,-0.4276403957463829,-0.2682229643509482,-0.4276403957463829,-0.3315784006657222,-0.4332354921877745,-0.4332354921877745,-0.8174281046223162,-0.8174281046223162,0.49607658964513035,0.6031701431035438,0.5237947427188139,0.8128356526904631,0.7451018667357766,-0.4145358599613066,0.08621183512226564,0.7440417642373658,0.7616879714901369,0.7440417642373658,-0.0725158352980937],[0.9934171362589507,0.986927956158382,0.7013459284361785,0.9943782544697248,0.9974957196773255,0.9934171362589507,0.999994083223719,0.9992729547491223,0.9992729547491223,0.9999766056476511,0.968363067732682,0.9997137443054603,0.9999956655015422,1.0,0.7613575461226675,0.6738144347557129,0.16560204292752434,0.9998834776729446,0.9998838183645465,0.9913015023242931,0.9999954707177304,0.27009135601022866,0.7814467471265624,0.9945915890635356,0.9945915890635356,0.9945129538457677,0.9924010001954439,0.2298670942018296,-0.20020490893329015,0.9924290104594891,0.9924717036133229,0.13815107485701708,-0.280802461979,0.9994544728434656,0.9995362230595248,0.5036928930829465,-0.2853472909319902,0.9992292586663498,0.9995260761973781,0.7435045163392832,0.14441234211279888,0.9509143053608299,0.9992412081396325,0.9509143053608299,0.9329909487364016,0.6336599764439969,0.9544370883701784,0.9367103401123172,0.8116576113183983,0.4282950628330312,-0.1321361939941711,-0.16545368080313363,0.941202226086167,0.31742293523721116,0.970905148969607,0.9686609039482574,0.9819511832942279,0.9952483475541096,0.02484848315791476,0.9017713009561479,0.8629515714476099,0.902237638517587,0.8585242735530352,0.8255892308078322,0.8585242735530352,0.8522673976763322,0.8310914205329608,0.8223734905803161,0.8310914205329608,0.8987660488518683,0.47131927615312785,0.6570831763681335,0.7031516469518849,0.6570831763681335,0.6928027424309605,-0.31699876940592775,0.6755041081421103,-0.5803914425949278,0.5938163787696271,-0.045553447602879035,0.5200282329249449,-0.045553447602879035,-0.10186272608082159,0.8775559488203867,0.900859421541531,0.8876571786807811,0.7951002637546573,0.17586021450901262,0.875106541411125,0.8761047212394045,0.875106541411125,0.8097644581662906,0.8097644581662906,-0.17153908139199114,0.7058262460476895,0.21359471394724264,-0.7399531681896773,-0.6553976552161408,-0.6586709553850837,-0.22464389427963963,0.11246555107662785,0.2985671171267456,-0.093795287676993,-0.6326040205254484,0.007560527998423247,-0.8278091028717456,-0.22807971681175765,0.12158644844165248,0.12385968364002821,-0.6357466228985685,-0.576392557880189,-0.14789424803639373,-0.6088926847084426,-0.8254964542105389,-0.42757457026405127,-0.2677048793051445,-0.42757457026405127,-0.3323500460990495,-0.4336122763701659,-0.4336122763701659,-0.81777776695444,-0.81777776695444,0.4961382842494144,0.6028770743154255,0.5233718104505637,0.8132370501424073,0.7446288640068679,-0.414148575611201,0.08561636217761975,0.7444554859693586,0.7622930732842098,0.7444554859693586,-0.07229457209604515],[0.6650269587901871,-0.0671220208500075,0.34341755505035537,0.664070606953595,0.5383310584477028,0.6650269587901871,0.7745599953151338,0.7708724420549766,0.7708724420549766,0.5930551479603232,0.3322717498264144,0.05263975762534672,0.7745342070432927,0.7613575461226675,1.0,0.9907642628207022,0.4329161471685203,0.7343470010383524,0.7343009259033493,0.6410789614747635,0.7596774669705608,0.33732826427809526,0.3017588091785869,0.7488864454988413,0.7488864454988413,0.7325135169025219,-0.349750244278481,0.19367013908467667,-0.15459565903510525,0.8088789355548787,0.8050429361018945,0.16305357597055717,-0.2033869272834118,0.7685412319751704,0.6243420677498364,0.23103438403988963,-0.3169128501092003,0.06649758802137956,0.5846410921156987,0.9982777989694223,0.41632157991582114,0.6927545481170704,0.7679893347672698,0.6927545481170704,0.0012287756985470155,0.4889794294383617,-0.40768410299758356,-0.43005802267398036,-0.1130324741324583,0.38583651221420645,-0.052093262122441045,-0.21234509789165115,0.6101674356100688,0.39435710931512036,0.7719501696045523,0.614517397433011,0.7237030553623136,0.7490470099588126,-0.1111437620048327,-0.01857399660337351,0.4890970418160266,0.3204561791143865,0.4779669965923801,0.5795290405007616,0.4779669965923801,0.1948346493890824,0.4804345036206514,0.5696248637842413,0.4804345036206514,0.23431196211090635,0.1992375460832033,0.3414081024577204,0.4630194975819116,0.3414081024577204,0.161035314088756,-0.35595920929888025,0.09495158365031961,-0.6328479371987036,0.15968378577124887,-0.1498103323407979,0.23068202222491305,-0.1498103323407979,-0.15871212911477342,0.2687086557800258,-0.1647743664172213,0.04601216523690187,0.5822421497966352,0.4271103850977205,0.3534247542942829,0.3604492892865126,0.3534247542942829,0.4316817129884105,0.4316817129884105,-0.20964853621316126,0.0038472002516826286,0.24451633951384566,-0.2041838742259147,-0.4786436409711521,-0.4800924077904453,-0.010068186759870139,-0.06682966872086611,0.3531762072589682,0.1550473297899368,-0.11330522983985805,0.1273518993741443,-0.6939272096668717,-0.0683288211320398,-0.02681951808616847,-0.026887283044546344,-0.4439653416142125,-0.4553766985722775,-0.015312699850233171,-0.271115940202408,-0.7343383455239031,-0.2654997173922605,-0.12852694762477088,-0.2654997173922605,-0.12850041925302097,-0.14444371678416124,-0.14444371678416124,-0.7299709317542911,-0.7299709317542911,-0.16449654940589417,0.39906339343598607,0.4489617378605749,0.680371326706072,0.4764067266398853,-0.20110418695341556,0.04661873486824727,0.693772761464477,0.7234326826060251,0.693772761464477,-0.15828958997746784],[0.5602185973622054,-0.16055064372114283,0.2843237042366558,0.5587552677403949,0.4068096735467542,0.5602185973622054,0.7558892428931058,0.7423621418997819,0.7423621418997819,0.4652372346421865,0.20632400436691875,-0.05274877542296397,0.7398455734781915,0.6738144347557129,0.9907642628207022,1.0,0.4436608226480219,0.6361033567772065,0.6360476767097953,0.5184271526905837,0.6718614895661397,0.34372370289021326,0.20665441687007755,0.7083731053720728,0.7083731053720728,0.6424337567594188,-0.4139418858592857,0.19720844030734994,-0.11205900396099179,0.790979538953525,0.7268122155977416,0.18991437086302418,-0.14898865555375623,0.6825668151233805,0.5003610884365192,0.18949363583008524,-0.2781129425223574,-0.04147940023397814,0.45656415955498214,0.9926152179569785,0.4295999164569601,0.6087494140729351,0.6820813277886055,0.6087494140729351,-0.08615950794612018,0.4260177769161842,-0.4557157896307388,-0.4693799627468152,-0.17642288708400328,0.35242835631103314,-0.029567158538058073,-0.2150606759426659,0.4967229852528415,0.3671587700947138,0.6854473458266195,0.4951165573028689,0.6220298967277913,0.6469248032994365,-0.13970596403225805,-0.1265244243658939,0.4033173310041058,0.1980494862374493,0.3910510883925985,0.528858504189794,0.3910510883925985,0.07714890792513336,0.39792560870128235,0.51458163218843,0.39792560870128235,0.11362591246306207,0.17523138594709103,0.2884290505471269,0.4272902121272101,0.2884290505471269,0.06311894661781191,-0.3326875301953003,-0.0007706458505907926,-0.5648712