var element=document.getElementById("correlationClose");if(element.style.display!='none'){var correlationClose={"data":[{"type":"heatmap","z":[[1.0,0.999986783702268,0.6289601500719076,0.999714291660769,0.9978257794790454,1.0,0.9918969840546327,0.9879949654891768,0.9879949654891768,0.9925785302907977,0.975550054515147,0.9856944390335843,0.991936791266567,0.9923735584814434,0.9919941010325514,0.8724969080432816,0.832071810076514,0.3587777813357894,0.9928916731983451,0.9928782828866708,0.9850998203467976,0.991923936099191,0.4522332242668583,0.7120410743461045,0.9804236031417424,0.9804236031417424,0.9804044489884167,0.9717721645709235,0.354541775173523,-0.09681330168778894,0.9895688148801675,0.9895318953749447,0.30536118804545787,-0.169035748402418,0.9944268551551251,0.9951501580618742,0.8340321431627258,-0.3734938677975454,0.9898851423621073,0.995067086847521,0.8646402850205626,0.34001195851206123,0.9945831947693033,0.9945715218571082,0.9945831947693033,0.8844280944993977,0.6577470572735769,0.8870386529386858,0.8944691139891603,0.8042372663086569,0.37647552576511856,-0.15978037558465652,0.19610113894589423,0.9452527129316939,0.4124322493387237,0.9751183280932422,0.9699776362477521,0.9797443534946088,0.9897381756100769,0.924889720109799,0.9293539114329119,0.9408960697455138,0.9228059142039523,0.9380964081163551,0.9387750873565173,0.9380964081163551,0.869372251259858,0.9160303065080585,0.9170099955532937,0.9160303065080585,0.9132042005083884,0.7673113389221292,0.8862263027382233,0.8876415712767615,0.8862263027382233,0.6657057889095819,0.3462765645389828,0.6471957426655511,-0.5709308072412994,0.5516987721848728,0.584610099533408,0.5853364806642346,0.584610099533408,-0.10493956220538733,0.9012841462879277,0.9336107329165128,0.9163312398788731,0.9262863089094681,0.34369348771462693,0.897046205958853,0.89796255774934,0.897046205958853,0.9029016144944562,0.9029016144944562,-0.11678392295904619,0.5896142332092048,0.18474587477474425,-0.6322647715661369,-0.5772710377891395,-0.5808707016030801,-0.08330850034055833,0.1018409012431493,0.23336405711311817,0.06869996040585918,-0.4826818399444754,0.019588301267478146,-0.7955650612178682,-0.24743845814545462,0.15730745970346496,0.15817568053328265,-0.5585161589789939,-0.5905426068618905,-0.24691577157870104,-0.5025019803979951,-0.8225770407247964,-0.3795787850931303,-0.37148113368936414,-0.3795787850931303,-0.19170474116241945,-0.29697197155889304,-0.29697197155889304,-0.8106039238883015,-0.8106039238883015,0.3993804195857847,0.6420525051315656,0.8627268908401673,0.8450472289874397,0.7722761603599115,-0.29451045162140876,0.7553881626577594,0.7923513348960927,0.7926332423389797,0.7923513348960927,-0.22281090050358954],[0.999986783702268,1.0,0.9761825549256404,0.9993671308802509,0.9951467616462957,0.9999867837022678,0.9825556152729371,0.9756298576883349,0.9756298576883349,0.9824022317150218,0.96685943794716,0.9842397858700426,0.982601979545629,0.9825251303463969,0.9824319729482414,0.45292247518084294,0.3763014141233548,-0.3670374499881615,0.9868962898440382,0.9868762860943104,0.982652989862842,0.9826463091757971,-0.07884600467425137,0.9752432893694895,0.9773229604789625,0.9773229604789625,0.9773783849312742,0.9719316822532499,0.17313965949660245,0.19133960140499168,0.9791869664466782,0.9792428042157091,0.9591958055610165,0.2093847876470526,0.9898561637521003,0.9899102186513234,0.9905462778635873,0.9839938937788824,0.9887685805674222,0.9900416641340576,0.4154954014746126,-0.37265806974357424,0.9905911505243133,0.9905776928445715,0.9905911505243133,0.8843972879319447,0.5137946980030849,0.8871985001559467,0.894391475165798,0.803617970041608,-0.3789509567408832,-0.5210211765061294,0.8241579660440888,0.8638535627371826,-0.23263054684356146,0.9323340721383211,0.9324680744386407,0.9503696204528586,0.975224645779755,0.9409412037315219,0.9488286478935177,0.9317489299224656,0.9309496974579359,0.9370227484564069,0.9375926210117118,0.9370227484564069,0.8266995114515656,0.7944199384983015,0.7964165188152496,0.7944199384983015,0.9429715400051553,0.9469137703832852,0.9430553956212937,0.9440353545689215,0.9430553956212937,0.5462069689166055,0.48798133058018234,0.5952534592173812,0.6889288809573192,0.5889216742650377,0.6166290656261829,0.6173449192128326,0.6166290656261829,-0.2015783910568574,0.8985312564888986,0.9269749590240813,0.9167451312687765,0.9467446418860734,-0.2208788344578376,0.8939652430855483,0.8942817856740861,0.8939652430855483,0.9028041622375677,0.9028041622375677,-0.20929287454109133,0.5909532056216219,-0.35667123430663517,-0.7325769064911148,-0.46265872748089404,-0.4660605242663882,-0.3404497150611362,0.2592847496436435,-0.2383102806397421,-0.4500124121695885,-0.6770958728188078,-0.31984513998418906,-0.4859948077715666,-0.3761481056804702,0.1349897086928922,0.13126769562461374,-0.489144276590166,-0.4498421726897176,-0.4782520380798754,-0.5091097126698656,-0.5011294204844178,-0.48039820811519557,-0.4839320367703785,-0.48039820811519557,-0.3467829982159022,-0.5118047694623183,-0.5118047694623183,-0.48771431236549706,-0.48771431236549706,0.39934539677800274,0.385943737339111,0.5051729872666075,0.5960212892146577,0.5485507210769287,-0.42061319655387036,0.3673123075247476,0.3379864754262387,0.33808448213186154,0.3379864754262387,0.12032090291141556],[0.6289601500719076,0.9761825549256404,1.0,0.6247237092344113,0.5414660702572316,0.6289601500719076,0.6135608900509287,0.6041050491418346,0.6041050491418346,0.540688256343213,0.49405150695163047,0.9961871365534887,0.6135892361706653,0.6023325738850801,0.6138428542906327,0.4827166870270391,0.4830988092808124,-0.1633665874721041,0.5693641092892034,0.5684866618045983,0.5302119570134459,0.612518036028299,0.23152448023501215,0.7534311553517636,0.5882621693634348,0.5882621693634348,0.5880156505693824,0.9873994441544475,0.3449080526248296,0.18063920798031427,0.5730670783752868,0.5726407762852208,0.7478914722995433,0.03202614284730626,0.610293599100285,0.536424367638944,0.5843968686118992,0.32556574618115725,0.9938835166359126,0.5290302404867853,0.4746113209734528,-0.1713597313546665,0.626878793553092,0.6082245920533953,0.626878793553092,0.882748500339843,0.39432861757190635,0.9109677841593619,0.882726172018243,0.683521260510236,0.20540987615510697,-0.045914130136797224,0.04973260147271962,0.4819305805403845,-0.08645890818230377,0.5580482292659871,0.510767893305814,0.5389510522810843,0.4995557886105872,-0.03420409133275321,0.7543113830367086,0.6911253037595223,0.5763207746306128,0.6969871692045051,0.738419270800615,0.6969871692045051,0.44930195912526044,0.5970780435608101,0.6715222030986181,0.5970780435608101,0.6410201073545917,0.6489783159748819,0.6961004750483151,0.7530812828851196,0.6961004750483151,0.31943258095686566,-0.08746096648089532,0.33650982099210247,0.11638949463043305,0.33424161321394685,0.2612410564082938,0.4487903390941588,0.2612410564082938,-0.16922272947605782,0.5418407882566916,0.8553531130627435,0.6213563315858556,0.7537000293182952,-0.011627024113500403,0.5916007170533693,0.5913004747610597,0.5916007170533693,0.6795043962724598,0.6795043962724598,-0.2301226811537032,0.7219900736909031,-0.19596583085633887,-0.6375310802134735,-0.4170342115008996,-0.4205931175708146,-0.40406506566471306,0.06873992863068477,0.024298366328886496,-0.3009658069820132,-0.6177871393456381,-0.15173518531218141,-0.2792501683122935,-0.23965021247291907,0.027385064480068482,0.024736342972525284,-0.4724910498985363,-0.032451795136643244,-0.24218701565613404,-0.4994788616615883,-0.16508694873731924,-0.3846512215794612,-0.26350528772351334,-0.3846512215794612,-0.409968152719552,-0.5202367444675332,-0.5202367444675332,-0.27744791352170267,-0.27744791352170267,0.3373876196082951,0.16917612704503368,0.26757048761030794,0.5062990331156497,0.2578445108296322,-0.3511469711714674,-0.024746260069531255,0.4532125586127558,0.5604936780116252,0.4532125586127558,-0.040057767212701274],[0.999714291660769,0.9993671308802509,0.6247237092344113,1.0,0.998823704429018,0.9997142916607688,0.9932892566773968,0.9898562824181656,0.9898562824181656,0.9942188327536606,0.9734451556445888,0.9895408026963011,0.993318344170645,0.9940666622864512,0.9933508317625667,0.8721363841271415,0.8314205905980647,0.3438745852098966,0.9940872458406025,0.9940763098999305,0.9852867207449291,0.9932977790724886,0.4438369127229661,0.7162664861540969,0.9831548543952867,0.9831548543952867,0.9831353723353221,0.9789827733665447,0.35070550247870746,-0.10308735535832549,0.988986583445104,0.9889585946657056,0.2977245202015983,-0.169096850452054,0.995055352494339,0.9959900638511018,0.7980483905651397,-0.37832358071682737,0.9926433597196285,0.9961443344961601,0.8634685751314527,0.3247881977790441,0.9929034702059939,0.9951065787949157,0.9929034702059939,0.8818574144529184,0.6451234642839146,0.8927224179604497,0.8918497479552809,0.7845679817256146,0.37120671064138844,-0.16522683138284888,0.1902189974066323,0.9395502593907266,0.39625896968073676,0.970608969745787,0.9669746665510747,0.9775895901864108,0.9897760324856936,0.9036862310917292,0.9226757332771756,0.9278483030772302,0.9188413549151501,0.9209852203235466,0.921918365217902,0.9209852203235466,0.8613407889433856,0.9038655829269273,0.9049405103339624,0.9038655829269273,0.9097983299946472,0.7071363265752452,0.847144027361499,0.8485881049290444,0.847144027361499,0.6574577721776876,0.12523163081117883,0.6372371105539276,-0.5754705419607762,0.5467352592922664,0.3222592422905626,0.5553417322734056,0.3222592422905626,-0.1113877547250024,0.8960147825255853,0.9259718947230854,0.9086208908529998,0.9030652305839679,0.3295065129282722,0.892546215112368,0.8935981099777176,0.892546215112368,0.8835023963639479,0.8835023963639479,-0.12171201167936,0.6113058776753484,0.18946038223073158,-0.6425177108499917,-0.5842796999324114,-0.5877866982617628,-0.09550367812693505,0.09720118112090648,0.22637452902957114,0.05566164016310369,-0.49506158583155907,0.013207140184930051,-0.8013908105697833,-0.25516714802469553,0.14724797975023318,0.1481647935471411,-0.565263276478642,-0.5869397415112794,-0.24820564773920567,-0.5131647458161123,-0.8241584063747056,-0.3809969227875372,-0.3734671919411655,-0.3809969227875372,-0.2002644086570501,-0.30658772389341254,-0.30658772389341254,-0.810184375135701,-0.810184375135701,0.3883646657037643,0.6302899367937002,0.8548142069242495,0.8373122439349684,0.7647424191798154,-0.30750376017441977,0.7462829550320672,0.7834313298704203,0.7837237577931597,0.7834313298704203,-0.20788740378844797],[0.9978257794790454,0.9951467616462957,0.5414660702572316,0.998823704429018,1.0,0.9978257794790454,0.9970982157484253,0.9954434915437068,0.9954434915437068,0.9972927231283293,0.9649214873571729,0.9962284220226629,0.9971172780018455,0.9971965347761573,0.9971465731133619,0.8180948220318495,0.7587369403382459,0.14057286138176658,0.9976293904399466,0.997624276097256,0.9871451274217027,0.997102271106214,0.09626134999687642,0.6909054137476515,0.991845477083952,0.991845477083952,0.9918064420859455,0.9889273263895855,0.12908013075678101,-0.0842490695038993,0.9871169838240305,0.9870520321446463,0.00531108136109525,-0.06327523982073817,0.9977949358590671,0.9977266662324155,0.7845329379144627,-0.5072216377844114,0.997580313776397,0.9980565481874775,0.8012308958340733,0.11638715653197106,0.9977399811717238,0.9977413330786948,0.9977399811717238,0.896928181476524,0.6078703183398135,0.9107751745363835,0.897163186513312,0.7576762511121765,-0.09791473082482122,-0.5864088100066281,-0.21336340606746704,0.9271471213877224,0.24957491802601178,0.9653064767707341,0.9653847091392521,0.9794339407161482,0.9904007991320295,0.9017683983715516,0.9039609634840146,0.9176175263995232,0.9059169814683318,0.9160038404124362,0.9163637730045942,0.9160038404124362,0.8356538693237835,0.8569440380290829,0.8581566244821422,0.8569440380290829,0.8984779055088093,0.8048705953518872,0.8789508702066946,0.8798074850078188,0.8789508702066946,0.6147311258885078,0.48994026872587004,0.6011787193662869,-0.6028277305159542,0.5996778967450914,0.5774093394879686,0.5766111172734434,0.5774093394879686,-0.12974721726175018,0.8778582194396398,0.900937785458193,0.8853631228738278,0.9102067913413233,0.1776248086613889,0.8777956120157425,0.8789026783785036,0.8777956120157425,0.8846872165554029,0.8846872165554029,-0.16204677720738322,0.6614003881045573,0.04503774796067058,-0.6741859894161435,-0.6352358541403369,-0.6357700217527702,-0.1286842003574888,0.1202508349186424,-0.16646182969988424,-0.19405270271741543,-0.5711676808577931,-0.35074076980786056,-0.8537041536019714,-0.5396764215783263,0.11566795094613519,0.11643844127532205,-0.5926419615474879,-0.5797984237737343,-0.5318211444342003,-0.5525801410987279,-0.7851316101929222,-0.5848692045291208,-0.5878859349056774,-0.5848692045291208,-0.24075528114224462,-0.3418832842983951,-0.3418832842983951,-0.7526369626569822,-0.7526369626569822,0.3738384961463836,0.6112916629733212,0.8073922514847373,0.7895194899601475,0.7538778948497055,-0.4384552451478222,0.6024963797711718,0.6751369506554505,0.6755313197138942,0.6751369506554505,0.019013485148813295],[1.0,0.9999867837022678,0.6289601500719076,0.9997142916607688,0.9978257794790454,1.0,0.9918969840546327,0.9879949654891768,0.9879949654891768,0.9925785302907977,0.975550054515147,0.9856944390335843,0.991936791266567,0.9923735584814434,0.9919941010325514,0.8724969080432816,0.832071810076514,0.3587777813357894,0.9928916731983451,0.9928782828866708,0.9850998203467976,0.991923936099191,0.4522332242668583,0.7120410743461045,0.9804236031417424,0.9804236031417424,0.9804044489884167,0.9717721645709235,0.354541775173523,-0.09681330168778894,0.9895688148801675,0.9895318953749447,0.30536118804545787,-0.169035748402418,0.9944268551551251,0.9951501580618742,0.8340321431627258,-0.3734938677975454,0.9898851423621073,0.995067086847521,0.8646402850205626,0.34001195851206123,0.9945831947693033,0.9945715218571082,0.9945831947693033,0.8844280944993977,0.6577470572735769,0.8870386529386858,0.8944691139891603,0.8042372663086569,0.37647552576511856,-0.15978037558465652,0.19610113894589423,0.9452527129316939,0.4124322493387237,0.9751183280932422,0.9699776362477521,0.9797443534946088,0.9897381756100769,0.924889720109799,0.9293539114329119,0.9408960697455138,0.9228059142039523,0.9380964081163551,0.9387750873565173,0.9380964081163551,0.869372251259858,0.9160303065080585,0.9170099955532937,0.9160303065080585,0.9132042005083884,0.7673113389221292,0.8862263027382233,0.8876415712767615,0.8862263027382233,0.6657057889095819,0.3462765645389828,0.6471957426655511,-0.5709308072412994,0.5516987721848728,0.584610099533408,0.5853364806642346,0.584610099533408,-0.10493956220538733,0.9012841462879277,0.9336107329165128,0.9163312398788731,0.9262863089094681,0.34369348771462693,0.897046205958853,0.89796255774934,0.897046205958853,0.9029016144944562,0.9029016144944562,-0.11678392295904619,0.5896142332092048,0.18474587477474425,-0.6322647715661369,-0.5772710377891395,-0.5808707016030801,-0.08330850034055833,0.1018409012431493,0.23336405711311817,0.06869996040585918,-0.4826818399444754,0.019588301267478146,-0.7955650612178682,-0.24743845814545462,0.15730745970346496,0.15817568053328265,-0.5585161589789939,-0.5905426068618905,-0.24691577157870104,-0.5025019803979951,-0.8225770407247964,-0.3795787850931303,-0.37148113368936414,-0.3795787850931303,-0.19170474116241945,-0.29697197155889304,-0.29697197155889304,-0.8106039238883015,-0.8106039238883015,0.3993804195857847,0.6420525051315656,0.8627268908401673,0.8450472289874397,0.7722761603599115,-0.29451045162140876,0.7553881626577594,0.7923513348960927,0.7926332423389797,0.7923513348960927,-0.22281090050358954],[0.9918969840546327,0.9825556152729371,0.6135608900509287,0.9932892566773968,0.9970982157484253,0.9918969840546327,1.0,0.9974203278971939,0.9974203278971939,0.9999699836548224,0.957908337758696,0.9996632152098127,0.9999964914010615,0.9999861660972137,0.9999931879967932,0.9169877727095265,0.9077652334080164,0.30270519160975157,0.9998551240520853,0.999855239140875,0.989487316437758,0.999996676501515,0.35600765677943025,0.7152709802349541,0.9853285291434802,0.9853285291434802,0.9861330374249095,0.9898130646114609,0.2765260671206515,-0.1595242838639953,0.9916424854970418,0.9914903001346728,0.20156196765561343,-0.21784551983457362,0.9993294843942756,0.9994359343040448,0.40646790768534335,-0.31610704093587283,0.9989454941180761,0.999388034868204,0.9056808631693811,0.28223637104426547,0.939226883587122,0.9990720854507444,0.939226883587122,0.9066505103884829,0.6142763059334664,0.929358217845246,0.9059424201752201,0.7195004817829612,0.4083410787702622,-0.1052455083596186,-0.20250630203881612,0.926209896290258,0.3607428903947699,0.9675452356563179,0.961926025894032,0.9782566290869116,0.9957755819168346,-0.05040781188806766,0.862061551821085,0.8248881871337806,0.8716445727150794,0.8191033034851039,0.7832053295621874,0.8191033034851039,0.7970984628183979,0.7868453110277741,0.778703996265509,0.7868453110277741,0.8625364581589674,0.36208282875888126,0.5708151260986035,0.6394964452528691,0.5708151260986035,0.5837496521933079,-0.34971042943275205,0.5517012062597973,-0.6387382451463645,0.4751190977142981,-0.10381356739595905,0.41876202860327905,-0.10381356739595905,-0.15319034980166388,0.840126942672481,0.8592129021309487,0.8448894133542972,0.7582435066746068,0.2878662063192074,0.8404629504100078,0.8419669026325171,0.8404629504100078,0.7545359135675382,0.7545359135675382,-0.19841643902820558,0.704683290695735,0.24744353827566146,-0.6533588418098955,-0.6249187737404518,-0.6279822045872625,-0.14178282488053112,0.04696904770211149,0.3377518859266544,0.022253327133677878,-0.5132555803794102,0.07080901324659218,-0.8277984301891195,-0.15553036060738026,0.07971670288068593,0.08068629962815188,-0.6082310800611989,-0.5955498600993362,-0.08537783098277194,-0.587544542035693,-0.8374325971226951,-0.37462157352268827,-0.20566614178724643,-0.37462157352268827,-0.2740737763530878,-0.351378544579624,-0.351378544579624,-0.829924238523746,-0.829924238523746,0.37343850224043523,0.5928199516624526,0.5043405954584477,0.8041846222258551,0.7470435687224093,-0.3598319820774256,0.06446206782587255,0.7538399536267715,0.7728263466497677,0.7538399536267715,-0.1378529415469739],[0.9879949654891768,0.9756298576883349,0.6041050491418346,0.9898562824181656,0.9954434915437068,0.9879949654891768,0.9974203278971939,1.0,1.0,0.9995364545052985,0.9507391346089916,0.9986301201315957,0.9981827022201825,0.9993843975735879,0.9991117034057068,0.9148760678929059,0.8979428116616454,0.28087918202424955,0.9991586832162196,0.9991601826999275,0.9867946092745911,0.9992540470527486,0.3304519964053595,0.7159296982912868,0.9925079049835736,0.9925079049835736,0.9841367701181638,0.9866835493519426,0.25895576447460317,-0.17305481939197895,0.9879242466680989,0.9913491132737811,0.18280923260982024,-0.22373372335028596,0.9982651520544946,0.9982204765709438,0.3879266420056923,-0.322912270537613,0.9968733887169157,0.9981394643756046,0.9039117705707855,0.25998481594119127,0.9314458220645107,0.9980922144407667,0.9314458220645107,0.9041116622114754,0.5989867956856746,0.9296201385175679,0.9025903444079272,0.6960083810909619,0.39526118188134984,-0.12036748112415431,-0.21531174192716104,0.9174441619583129,0.34014035232340545,0.9628494093059192,0.9566118040037166,0.9730831975892151,0.9948207847312706,-0.06036190325521445,0.8503084015701895,0.8086543715153982,0.8631085254186712,0.80399883650815,0.7708360596356327,0.80399883650815,0.7845722784948099,0.7679041979414049,0.7650835090870379,0.7679041979414049,0.8542374974272195,0.3424609942941727,0.5502360934580085,0.6229642630835949,0.5502360934580085,0.5706322000356019,-0.36447507374323473,0.5368606540559726,-0.6465564104074369,0.4671498953153487,-0.12596796503153468,0.40235582531204384,-0.12596796503153468,-0.1600084943964665,0.8301386027525576,0.8444096056086613,0.8321781455571228,0.743473601003923,0.270259408456031,0.8310458953587019,0.8327427589531881,0.8310458953587019,0.7368624513453067,0.7368624513453067,-0.21373098732517845,0.7294561194331161,0.2547566705178767,-0.6628285434474483,-0.6378100205178625,-0.6406856357058749,-0.15665342221430975,0.039225099460394285,0.3307864910997851,0.003002152124461274,-0.5260224433567949,0.06151521667148894,-0.8338962964675872,-0.16203858614797134,0.06432005246540977,0.06531270231397371,-0.6199924111390477,-0.5966287803815226,-0.0922517357413002,-0.6044963927695173,-0.8372035191119108,-0.38619972591700724,-0.21191058969524038,-0.38619972591700724,-0.29166776651478393,-0.3651598382839479,-0.3651598382839479,-0.8281272268369064,-0.8281272268369064,0.3533483012930814,0.5757913844237598,0.4855622159212413,0.7863388640480008,0.7343323752840125,-0.3816142109044807,0.05035301264739765,0.7347012379506692,0.7570730396153671,0.7347012379506692,-0.12068681548635544],[0.9879949654891768,0.9756298576883349,0.6041050491418346,0.9898562824181656,0.9954434915437068,0.9879949654891768,0.9974203278971939,1.0,1.0,0.9995364545052985,0.9507391346089916,0.9986301201315957,0.9981827022201825,0.9993843975735879,0.9991117034057068,0.9148760678929059,0.8979428116616454,0.28087918202424955,0.9991586832162196,0.9991601826999275,0.9867946092745911,0.9992540470527486,0.3304519964053595,0.7159296982912868,0.9925079049835736,0.9925079049835736,0.9841367701181638,0.9866835493519426,0.25895576447460317,-0.17305481939197895,0.9879242466680989,0.9913491132737811,0.18280923260982024,-0.22373372335028596,0.9982651520544946,0.9982204765709438,0.3879266420056923,-0.322912270537613,0.9968733887169157,0.9981394643756046,0.9039117705707855,0.25998481594119127,0.9314458220645107,0.9980922144407667,0.9314458220645107,0.9041116622114754,0.5989867956856746,0.9296201385175679,0.9025903444079272,0.6960083810909619,0.39526118188134984,-0.12036748112415431,-0.21531174192716104,0.9174441619583129,0.34014035232340545,0.9628494093059192,0.9566118040037166,0.9730831975892151,0.9948207847312706,-0.06036190325521445,0.8503084015701895,0.8086543715153982,0.8631085254186712,0.80399883650815,0.7708360596356327,0.80399883650815,0.7845722784948099,0.7679041979414049,0.7650835090870379,0.7679041979414049,0.8542374974272195,0.3424609942941727,0.5502360934580085,0.6229642630835949,0.5502360934580085,0.5706322000356019,-0.36447507374323473,0.5368606540559726,-0.6465564104074369,0.4671498953153487,-0.12596796503153468,0.40235582531204384,-0.12596796503153468,-0.1600084943964665,0.8301386027525576,0.8444096056086613,0.8321781455571228,0.743473601003923,0.270259408456031,0.8310458953587019,0.8327427589531881,0.8310458953587019,0.7368624513453067,0.7368624513453067,-0.21373098732517845,0.7294561194331161,0.2547566705178767,-0.6628285434474483,-0.6378100205178625,-0.6406856357058749,-0.15665342221430975,0.039225099460394285,0.3307864910997851,0.003002152124461274,-0.5260224433567949,0.06151521667148894,-0.8338962964675872,-0.16203858614797134,0.06432005246540977,0.06531270231397371,-0.6199924111390477,-0.5966287803815226,-0.0922517357413002,-0.6044963927695173,-0.8372035191119108,-0.38619972591700724,-0.21191058969524038,-0.38619972591700724,-0.29166776651478393,-0.3651598382839479,-0.3651598382839479,-0.8281272268369064,-0.8281272268369064,0.3533483012930814,0.5757913844237598,0.4855622159212413,0.7863388640480008,0.7343323752840125,-0.3816142109044807,0.05035301264739765,0.7347012379506692,0.7570730396153671,0.7347012379506692,-0.12068681548635544],[0.9925785302907977,0.9824022317150218,0.540688256343213,0.9942188327536606,0.9972927231283293,0.9925785302907977,0.9999699836548224,0.9995364545052985,0.9995364545052985,1.0,0.9568049826880011,0.9996234126582356,0.9999710437400787,0.9999699388528269,0.9999751094776325,0.842409317239153,0.7850140203826276,0.18861351088133843,0.9998071506258913,0.9998077279209926,0.9893417967424987,0.9999681388680252,0.1429779542410172,0.6847843093824586,0.9948823093717136,0.9948823093717136,0.9948357769111218,0.9896480255844728,0.11102723936151361,-0.09732989215465654,0.9904003204852649,0.9903613754188667,0.02157045149999488,-0.17479704733624818,0.9993670185420299,0.9993248117198494,0.7922836772580899,-0.5012002694530634,0.9988736766299383,0.9993653071074998,0.8258543262965706,0.16494169796085903,0.9992220246767416,0.9992272261254547,0.9992220246767416,0.9064842156319838,0.614923348553743,0.9289929823764999,0.9052589604869004,0.7189208260713366,0.006550150337565353,-0.5362938092126085,-0.16596745881392255,0.9218094902795249,0.30725569985564344,0.9626926483157293,0.9619954252939503,0.9799739704322545,0.9949850600290994,0.8756194079187164,0.8628136491521406,0.8925239315982776,0.8725344012795457,0.8909425573179187,0.8915787708007267,0.8909425573179187,0.7964298695011954,0.8388998244087564,0.840443068942941,0.8388998244087564,0.8638744914390736,0.7679132299009404,0.8502353328194162,0.8515100708745887,0.8502353328194162,0.5832354596395403,0.41808531880879735,0.5507849242770148,-0.6540326810209233,0.5309234914190419,0.4961163418030745,0.49591465117542155,0.4961163418030745,-0.11059178787063892,0.8406929663677857,0.8591280271868693,0.8452543340302425,0.8847580811213025,0.20700275921582015,0.8459976099054496,0.8480335451649975,0.8459976099054496,0.852981820196635,0.852981820196635,-0.20027110471430415,0.706150889663306,0.07100885800038537,-0.6655207503872412,-0.6620986146319726,-0.6630792160801563,-0.14534966235882432,0.05009608826311899,-0.17240542631369968,-0.16226622084346054,-0.556068601556587,-0.37976258328201257,-0.8704517788596238,-0.5763535967005446,0.07871497467577848,0.0800785439007712,-0.6099137528386305,-0.5916471889883843,-0.5416497283505475,-0.589345316932553,-0.8078203178784044,-0.6081951589511008,-0.6105578938278401,-0.6081951589511008,-0.2765247015792584,-0.35483041078946126,-0.35483041078946126,-0.7876162434657782,-0.7876162434657782,0.37386739018359716,0.5914014587719997,0.8167138842966962,0.8013123260653371,0.7454041534830972,-0.3875846662714668,0.6359825403655354,0.698454099212811,0.6986129725793734,0.698454099212811,0.09832454133672268],[0.975550054515147,0.96685943794716,0.49405150695163047,0.9734451556445888,0.9649214873571729,0.975550054515147,0.957908337758696,0.9507391346089916,0.9507391346089916,0.9568049826880011,1.0,0.9386849728627188,0.9579313661762647,0.9579456323768817,0.957627617955923,0.694953916659424,0.624866944556173,-0.024395991998134154,0.9626574691979141,0.9626358623072825,0.9580552043684297,0.958047224160727,0.07602519927091331,0.7268935326373545,0.9595965736832293,0.9595965736832293,0.95978530348188,0.8738744693749191,0.22265967212377497,-0.07826150029940183,0.9653802479639465,0.9654906838359386,0.1839463857483424,0.10652144506630265,0.9665206881933834,0.966780053930216,0.8740924867272163,-0.4059296915099522,0.9480020743149348,0.9656650351795723,0.6768142361298141,-0.046002439307030844,0.9677137290039338,0.9676807345554126,0.9677137290039338,0.7997054165261844,0.412315675738327,0.7977833693358544,0.8808414202248569,0.8407381689334763,-0.5359124737627406,-0.6834569079737594,-0.26843147595322503,0.8813128500872658,0.00968250917846574,0.9130680024302632,0.9131322084853128,0.9332360921000434,0.963672278447537,0.8792691345205474,0.8783478056299204,0.9004868366454968,0.8821433325020603,0.8935447867145284,0.8942306183847565,0.8935447867145284,0.8318350203227803,0.8133998151925717,0.815231914180565,0.8133998151925717,0.875729934286026,0.8924841120052315,0.8741084423639189,0.8747654129122655,0.8741084423639189,0.6722135122051223,0.5974844368034657,0.673100585363542,-0.3509809517070623,0.6940742841231792,0.710778861757755,0.7132933963695581,0.710778861757755,-0.27138609004836584,0.8795397326591108,0.9344588594322123,0.8948546189915249,0.8923379519714439,0.06371041354371317,0.8728767280740009,0.8740117974025393,0.8728767280740009,0.8825217293588118,0.8825217293588118,0.03467191407605928,0.3791959626059899,-0.0973247536996757,-0.5917492583927226,-0.41963479608545246,-0.42169168042280236,0.0033362486622507195,0.4137073344757891,0.05886691894450112,-0.11229127108340664,-0.4634902825380658,-0.04749310828948596,-0.8020687483019918,-0.2092877870456125,0.29886989775204703,0.298397230629967,-0.3868127655842228,-0.4353392187159543,-0.34663400607685624,-0.35554087099584947,-0.6722775760680457,-0.36690371741090455,-0.36928435273974025,-0.36690371741090455,-0.08434830515999024,-0.392598436956439,-0.392598436956439,-0.5392396780899511,-0.5392396780899511,0.5409534476326214,0.6583360016910396,0.7552990357925145,0.681134402242913,0.8246411896423533,-0.4796279735474405,0.38914288429124044,0.5463824518687537,0.5466651096164882,0.5463824518687537,-0.20615253073646614],[0.9856944390335843,0.9842397858700426,0.9961871365534887,0.9895408026963011,0.9962284220226629,0.9856944390335843,0.9996632152098127,0.9986301201315957,0.9986301201315957,0.9996234126582356,0.9386849728627188,1.0,0.9996614013623071,0.9996572689077027,0.9996234637653778,0.5284941883269618,0.44521063708820885,-0.4610146879898091,0.9997882160497966,0.9997915597985405,0.9996673487569093,0.9996673008686658,-0.193988628186035,0.9690602966630602,0.9939541842188849,0.9939541842188849,0.9939335395730493,0.992046092907611,0.14808176621128671,0.12929246076046588,0.9906942155658476,0.9907413316194709,0.9622814573202904,0.09297413590307707,0.9989281365199963,0.9988783152764923,0.9987357603024831,0.999320122667366,0.9993506103684623,0.9989641773312955,0.4846881616174439,-0.470039116386046,0.9986796803277512,0.9986890191145928,0.9986796803277512,0.9000012315098644,0.45648394112244917,0.9251072121328929,0.9030625327153631,0.7197928544227178,-0.4811039135463951,-0.6292043107332098,0.798918256650857,0.8246033145512734,-0.32942836231919703,0.9252232955995147,0.9254453592234942,0.9659035803858121,0.9929130722104614,0.884596294838442,0.892519689989736,0.8664288499872612,0.8678681695357761,0.8737954710210205,0.8745435917352247,0.8737954710210205,0.7355341845459951,0.6977105803173966,0.7000954987150317,0.6977105803173966,0.8918050846277136,0.8989169191568013,0.8908152385704806,0.8920328074835092,0.8908152385704806,0.4329708698295352,0.36448668164501236,0.47932659414540907,0.5902301922031515,0.48109192989418154,0.5151356746433488,0.5172860390548156,0.5151356746433488,-0.3812421736171356,0.8225929081459893,0.863350193560818,0.8475795524667424,0.8919335038840308,-0.2585431786232046,0.8169337785693547,0.8173611057141131,0.8169337785693547,0.8286017029523524,0.8286017029523524,-0.2547203174220317,0.6979183731540937,-0.3773260951474195,-0.7588619529239085,-0.5374883697827043,-0.5398859910047161,-0.39201536080342264,0.20190307229102977,-0.2858278996280533,-0.4904601861069655,-0.7106094551356493,-0.3727367149142359,-0.6036506526972786,-0.4404787773253688,0.07329321942707405,0.0703336074025554,-0.5593050740830109,-0.5275886701899218,-0.5476808217266987,-0.5829007353518747,-0.5764985365651085,-0.5509316553461235,-0.5542085486838575,-0.5509316553461235,-0.4222044332075939,-0.6092630347709113,-0.6092630347709113,-0.6102431552462501,-0.6102431552462501,0.3692264899720319,0.3427556424485483,0.46952514229425085,0.5597282271359233,0.5356589452197221,-0.5644022614615273,0.2957730648776317,0.29595685767181307,0.29611997861047246,0.29595685767181307,0.21411402720697423],[0.991936791266567,0.982601979545629,0.6135892361706653,0.993318344170645,0.9971172780018455,0.991936791266567,0.9999964914010615,0.9981827022201825,0.9981827022201825,0.9999710437400787,0.9579313661762647,0.9996614013623071,1.0,0.9999899665513844,0.9999949041736933,0.9169618575808264,0.9020074027083077,0.30275466553977093,0.9998563579858759,0.9998564415170962,0.9895230641372925,0.999997246911644,0.35631026878909017,0.7153459599289439,0.9905495617121549,0.9905495617121549,0.9861239591792477,0.9897947059121859,0.27677719298287445,-0.15947162218684408,0.991658916066895,0.991499244881093,0.20178747872658265,-0.21781041821289077,0.9993310228977704,0.9994390853753429,0.4064490822780074,-0.3158924207951939,0.998946691019283,0.9993952962283706,0.9056466639359642,0.28229234132557857,0.9392129785518573,0.9990741821110876,0.9392129785518573,0.9066608082896301,0.6144108607107029,0.9295652692248025,0.9061517650188328,0.7196182694389712,0.40872232200351405,-0.10480652974560087,-0.20214024394681515,0.9262795270692051,0.3608060423158293,0.9676320714985641,0.961983516557346,0.9783408272491179,0.9957878462705635,-0.050213623242121135,0.862219153564214,0.8249897317540089,0.8717656536168866,0.8192036521041194,0.7831505358990617,0.8192036521041194,0.7971910499289421,0.7869047405179058,0.7786426049345133,0.7869047405179058,0.8626934312871021,0.36196819886023396,0.5708293295330976,0.639414263206825,0.5708293295330976,0.5837093476511844,-0.34972535509459557,0.5516806668122878,-0.6386251580604692,0.4750303821317636,-0.10393585161031639,0.41880226164515205,-0.10393585161031639,-0.15333424650663116,0.8402095235061497,0.8593531638752024,0.84499266335729,0.7582372146074885,0.28791924633752863,0.8405529802853957,0.8420507236451704,0.8405529802853957,0.7546119324669109,0.7546119324669109,-0.19836831451740644,0.7046548676046074,0.24754958862911347,-0.6534016728285598,-0.624833299935079,-0.62790163760962,-0.1418710860749514,0.04684561551926241,0.3379126203015966,0.022259600142550708,-0.5133228149922552,0.07105842644808048,-0.8275352669510512,-0.15525043349769624,0.0797767718642402,0.08076176836002151,-0.608214958379877,-0.5953473899673639,-0.0851400086464016,-0.5875091138887184,-0.8373199129024661,-0.37440332494320044,-0.20546827969918013,-0.37440332494320044,-0.27393000877588364,-0.35134964552320563,-0.35134964552320563,-0.8298640297799759,-0.8298640297799759,0.3738685536684344,0.5929383430622145,0.5045798817717329,0.8044277184820521,0.7470947607111825,-0.3596260530787169,0.06474028821744224,0.7540779106272031,0.7729339362054477,0.7540779106272031,-0.13787309759813093],[0.9923735584814434,0.9825251303463969,0.6023325738850801,0.9940666622864512,0.9971965347761573,0.9923735584814434,0.9999861660972137,0.9993843975735879,0.9993843975735879,0.9999699388528269,0.9579456323768817,0.9996572689077027,0.9999899665513844,1.0,0.9999872262726993,0.8785488476881964,0.8329560884510125,0.3048795264924132,0.9998796721044377,0.9998802618599356,0.9895146834072923,0.9999871120335349,0.3598690630188339,0.7107872468981671,0.9935792043402158,0.9935792043402158,0.9935407073491984,0.989694280513751,0.2730853996419542,-0.15986063993050526,0.9918101061176666,0.9918180138921143,0.22649961330118387,-0.2170272018806181,0.9995045401934964,0.99943980569622,0.8355933894853467,-0.41040776962500747,0.9989423583236962,0.9994004277443026,0.8665198800151157,0.28445787526253413,0.9993917367054892,0.9993962475783065,0.9993917367054892,0.9067359989581503,0.6145680505048452,0.9291678460483491,0.9055493838019922,0.7190600119207149,0.28885048491869786,-0.2767321926240341,0.09158149174338076,0.9262085112630178,0.3616732932389597,0.9643287068547272,0.9620109679358659,0.9767853102407679,0.9960252370390164,0.8841109272701306,0.8612125193528141,0.8980510204643425,0.8716193616017179,0.8971305590372992,0.89801131483458,0.8971305590372992,0.7962366938622726,0.8620697437074932,0.8635654632788533,0.8620697437074932,0.8624159704479533,0.7515004108146522,0.8571526422285575,0.858838510069647,0.8571526422285575,0.5830780576450927,0.4284713203037197,0.5502175217249432,-0.6442780825025484,0.4734304690759187,0.4846796053188535,0.48588039278460426,0.4846796053188535,-0.15510955085948155,0.8399373959024692,0.8588846552725896,0.844389923647802,0.891328086312332,0.2906696935164827,0.8403926069696666,0.8422080211723667,0.8403926069696666,0.8519341912159645,0.8519341912159645,-0.19881497900944264,0.704666435821902,0.170047295358005,-0.6520133569827791,-0.6244629699756487,-0.6273488420701705,-0.14178416064971502,0.04590197420456061,0.1160658975846985,0.023959644383009113,-0.511455732387159,-0.11514752565717111,-0.8398436660651429,-0.3768464378009916,0.07908548768198576,0.08049004310874583,-0.6082733878980184,-0.5946763057314451,-0.37901029177448853,-0.5872785640217574,-0.8312715652155827,-0.49493979291670853,-0.4906144934882837,-0.49493979291670853,-0.2737021893163332,-0.35153306720473104,-0.35153306720473104,-0.8222119717010317,-0.8222119717010317,0.3732668036067043,0.5931930283015069,0.8262011847157154,0.8087313564626509,0.7477154866802028,-0.3590103175168957,0.7046619246449763,0.7444310422482994,0.7445120404239551,0.7444310422482994,-0.10584459446840892],[0.9919941010325514,0.9824319729482414,0.6138428542906327,0.9933508317625667,0.9971465731133619,0.9919941010325514,0.9999931879967932,0.9991117034057068,0.9991117034057068,0.9999751094776325,0.957627617955923,0.9996234637653778,0.9999949041736933,0.9999872262726993,1.0,0.9118424679073474,0.877168080713254,0.30285405515038144,0.9998590404111929,0.999859028549808,0.9896632356343783,0.9999948490744542,0.35695547476708744,0.71521028966086,0.993856597197511,0.993856597197511,0.9937574908291799,0.9897046514760124,0.27703150571252566,-0.15951067153834406,0.9924507642103034,0.9924957529749007,0.2025231488672703,-0.21764626463823383,0.9993778316263435,0.9994375881461685,0.4054597039294023,-0.3150920509532387,0.9988964385050576,0.9993977906992316,0.9044448503557909,0.28241508224150186,0.9387465883461004,0.9991264131404218,0.9387465883461004,0.9069141339249833,0.6150810044030409,0.9298293834463097,0.9064248980892996,0.7193514124464435,0.41008253686795687,-0.10327042157931476,-0.20234522843329114,0.9266365391726528,0.36106442450945253,0.9680270607746679,0.9623028339518943,0.9786105054534848,0.9958235598280206,-0.05120817922271368,0.8625045233099581,0.8249152637754043,0.8720100561095553,0.8191656194245334,0.7827332817526117,0.8191656194245334,0.7973923646536677,0.7868587907357101,0.7790288168014498,0.7868587907357101,0.8630222506232698,0.3613123620475733,0.570346882249021,0.6394352500073865,0.570346882249021,0.5835765228367932,-0.3508635489010357,0.5516260448352103,-0.6387810482978546,0.47468464947569633,-0.10490922925032387,0.41847015774796037,-0.10490922925032387,-0.15328065376848699,0.8403522655131116,0.8590807487278125,0.84512907551497,0.7497621001381741,0.28827076325093803,0.8406703790126487,0.8421577544419161,0.8406703790126487,0.7544333746263427,0.7544333746263427,-0.1997970907308006,0.7054289848525565,0.2480356478474024,-0.653405282719138,-0.6251934261418839,-0.6282659705609068,-0.14299345813750955,0.045667153105005576,0.3382161576659388,0.02182656393263661,-0.513569431508513,0.07113755944830173,-0.8267192513308075,-0.15509499087725911,0.0788110124180894,0.07979186340477418,-0.6088106908792449,-0.5955694895782383,-0.08457469182078434,-0.5887069338523683,-0.8373155652881058,-0.3743421323418389,-0.2049243821731175,-0.3743421323418389,-0.27484704637996965,-0.3518059312544272,-0.3518059312544272,-0.8301976726284543,-0.8301976726284543,0.3740136158267977,0.5925884589441307,0.504067032840458,0.8048541055694859,0.7465192506257908,-0.35918344918649586,0.06409008274594978,0.7544717717494495,0.7735304380342537,0.7544717717494495,-0.13756104355207469],[0.8724969080432816,0.45292247518084294,0.4827166870270391,0.8721363841271415,0.8180948220318495,0.8724969080432816,0.9169877727095265,0.9148760678929059,0.9148760678929059,0.842409317239153,0.694953916659424,0.5284941883269618,0.9169618575808264,0.8785488476881964,0.9118424679073474,1.0,0.9952581550886825,0.40570031967244036,0.9006757676290166,0.900671288390536,0.857179142687181,0.9112552726599346,0.3261230212529284,0.5267318922968788,0.9030190589857404,0.9030190589857404,0.8913655964821477,0.16317642976059196,0.18959511256877368,-0.19258839687117132,0.9274483992463068,0.9260292271007619,0.1500925792578189,-0.260629929586536,0.9147869675036068,0.8561205696357495,0.30927662376026643,-0.3200465336081698,0.542369122868852,0.8373114535536083,0.9984519169215543,0.3873532383095149,0.8428542035905838,0.9145970669580701,0.8428542035905838,0.5021050428299969,0.5842578500043061,0.16520062235076655,0.15197739631310306,0.35541992456638305,0.40953983945636496,-0.06646462064077134,-0.21004032755450783,0.8263986632092951,0.40495544376291726,0.9041135462923279,0.8412250743797585,0.8912359012369736,0.9060106188149927,-0.09403422681798977,0.4524921680632688,0.7015957325907046,0.6486057817576358,0.6938170956572283,0.70