var element=document.getElementById("correlationAdjClose");if(element.style.display!='none'){var correlationAdjClose={"data":[{"type":"heatmap","z":[[1.0,0.9999951024091477,0.9870534165467494,0.9999388241703608,0.9992167574523521,0.9823469812487678,0.9978822378322473,0.9965213891997702,0.9718232621455007,0.9966547123830434,0.9948755651173056,0.9940896000456257,0.9966039879989123,0.9966318055736774,0.9965615081710695,0.9978316168064701,0.9981929226964158,0.9983321000619253,0.9970059970200901,0.9970182995101587,0.9969403033083168,0.9965825932376569,0.9889571894479077,0.9739457232482126,0.9913824047361091,0.9595040092941671,0.9905897515287335,0.9887030364455459,0.9713032051784541,0.956427780042703,0.9915152021900733,0.9932983397385338,0.9928924204079074,0.9802220658836203,0.9977945670549201,0.9978579578711428,0.9976810545955523,0.9967022008738741,0.9956033528499011,0.9977614907360898,0.9986258691206108,0.998656034440659,0.997795383563291,0.9978048611473357,0.9784570045494542,0.934022912954147,0.9585732368041525,0.9518865546979683,0.9509282580017497,0.9316120008692618,0.9654417200618545,0.9541446215051866,0.9673585598083637,0.9711590857889899,0.9597996620894819,0.984959284403518,0.9832352491599226,0.9914935961379279,0.9937838217305447,0.9884819732653767,0.9842508905407494,0.9884470156382147,0.9876690415376619,0.9889812155553118,0.9888894858801223,0.9531840939427414,0.978149070836584,0.9768574319163309,0.976656713404413,0.9376549188765992,0.9838658747689364,0.9805395658632045,0.9871446993919234,0.9865806725797525,0.9448131726285673,0.9072667515311492,0.8800619028227342,0.9209934778098154,0.9351096462219944,0.9335366410393539,0.9334481532217888,0.9324676502348137,0.7526085695972085,-0.5170940959331575,0.9815841248301079,0.9775964690906153,0.9753442882094703,0.989067110309924,0.9744728898973349,0.984949356397984,0.984959637535201,0.9432000562491197,0.9859417456900038,0.9458213154706016,0.822575158426076,0.9279242511315262,0.9401779485753003,0.8389247206291804,0.9591643102060334,0.9597635937257389,0.9044022089784266,0.970317477856896,0.8947191074999601,0.5599581423699826,0.735611631474372,0.9022055463911883,0.8751052815068655,0.893748663385155,0.9773196516474815,0.9774738477605113,0.7926743621387736,0.7646666995095477,0.8246964890152569,0.486190117189436,0.8110213318170484,0.8287275794162937,0.8237748540484154,0.8178510897357509,0.8028235576168096,0.758062601927195,0.7434388199161442,-0.30477703147150453,-0.4452378092429647,0.7486456693305615,0.8937655630331052,0.9288046097555717,0.9419349599493709,0.9067039475361317,0.8360906167974037,0.9106144344607772,0.9228314959039973,0.9226399226482757,0.8610632948559004,-0.11592754828971377],[0.9999951024091477,1.0,0.9913484344357851,0.9998743615698658,0.9983494982004703,0.9897038291588787,0.994296227578555,0.9923671220379022,0.9887713536946533,0.9923694118226863,0.992403526754387,0.9934808968658019,0.9924413740544232,0.9923486865742589,0.99241594281666,0.99432645231827,0.9963825863781048,0.9958800248554908,0.994042353044939,0.9940493538612272,0.9924048698214473,0.9924473988438747,0.9931928012353066,0.9795281596084129,0.9895835413843758,0.9837847797483831,0.989689806651095,0.9886852606811859,0.9826515930448415,0.9436023288608407,0.9893620390421467,0.9878236234155208,0.9836961799292904,0.9481482440713342,0.9952284181711464,0.9951929810642831,0.9954193580798963,0.9927146218685154,0.9950682469998647,0.9954401835734117,0.996621411765908,0.9968195688220244,0.9954276809282364,0.9954378689665591,0.992257450758837,0.9338432197426131,0.9147436614403742,0.9518542699328213,0.9510302137238295,0.9315969818057608,0.9062993059576006,0.9406242083328586,0.9080405827950745,0.9350235108554138,0.9064210792972055,0.9632112158108963,0.9632040296187232,0.9766744193020156,0.9852290138939983,0.9855443411801841,0.9865803009480978,0.9805826123130094,0.9841572079337555,0.9816522279519513,0.9815503177612122,0.9465294293216017,0.9675505599407918,0.9382420713437558,0.9379443685759553,0.8744913978964076,0.984140636265237,0.9851713905516538,0.9853192209737567,0.9849813590488021,0.9605773211165207,0.8350184308790408,0.8076218959891439,0.8771573538403405,0.9243040646582709,0.8913931197148639,0.9082481908509096,0.9073925480562498,0.807912584002934,-0.04971094743476537,0.9740537851908309,0.9760981897952817,0.973776127194708,0.9858819867170254,0.9699260474894369,0.9760912615517746,0.9755473270602117,0.9366198155889921,0.9772004255137787,0.9381526804192626,0.7702835124940863,0.9277116431585968,0.9284338510790975,0.6327457522623818,0.8737304865953377,0.8771839534638668,0.7783292173639481,0.9703855097023523,0.7535916401846695,-0.3342316597083514,0.284987333305878,0.7783383243177407,0.7310063272450394,0.7713903752247918,0.9718577468006329,0.9718780680011904,0.24924769797188515,0.4213453223433487,0.25714220731830195,0.2281662561998609,0.24985140340800246,0.26199027936308533,0.25865513522861394,0.17905152077470085,0.5937655995676436,0.32720360231604045,0.27715556271590963,-0.43728083813624163,-0.4879965609344777,0.7489216394677577,0.7775183620005642,0.7995497054380972,0.8654447810559024,0.8341336095614297,0.641945449085441,0.7991539233466867,0.7950835639102509,0.7941441731594667,0.47368080264136664,0.27099366622025045],[0.9870534165467494,0.9913484344357851,1.0,0.9882371279975292,0.9935408840048658,0.9913930197261455,0.9891899442372383,0.990037558675976,0.9916637102889273,0.9925970180528825,0.9965014207195665,0.9957125375461616,0.9898785709774999,0.991893080153201,0.9900898182788923,0.9896258258551369,0.9907802780326076,0.9898021614636409,0.9886873884687027,0.9886572262902306,0.9915065889286073,0.9899127099314015,0.9954612310342247,0.9862707835189821,0.9913792909364708,0.9821724277843893,0.9920429058306331,0.9894953915634775,0.9878385467467751,0.9638248616358754,0.9679774840107703,0.972489932823428,0.9771315270096782,0.9587925387914531,0.9866197841612346,0.9897458868293898,0.9881485512797273,0.9916507233083635,0.9946572002567459,0.990603391013545,0.9848069652767175,0.9878477649961156,0.9870386573503913,0.9864254464451525,0.9930972684802785,0.930153867525185,0.9442416595335675,0.9588226468308222,0.9449164557859888,0.8991735352342816,0.9240211483476127,0.9119558157760238,0.9269500316428013,0.9378678020321255,0.9206501086535178,0.9512504601220619,0.9616886290818328,0.9691299079331916,0.9761071834005915,0.947889501557137,0.9708059583961918,0.9698252521117904,0.9756266865921964,0.9700311573784474,0.9476361244990154,0.9304679353164383,0.9566084988434576,0.9474370846108954,0.9310374881428776,0.9042154245782696,0.9761265861319047,0.9571149830499524,0.9688253205785989,0.9495463725151287,0.8597849963832225,0.8791579028245567,0.8008647039548793,0.8939676430916852,0.9126682909495539,0.9152088775618935,0.8832096595949522,0.897340373298564,0.4922343361571277,-0.4981375426299407,0.9673922905613505,0.9571783804927084,0.9565746526887735,0.9478413560914885,0.9621205840483154,0.9696583801286792,0.9693885304046987,0.9379355118203194,0.9657529518569312,0.8985170304968894,0.8089304772135157,0.9592825249588264,0.9591000320868447,0.8243237891662143,0.9476871460823947,0.9490605893641584,0.8775313047607316,0.9809134814956599,0.7749382152343538,0.4645091175268141,0.6820714112942803,0.7987158362314041,0.8033629213316092,0.7795900256446228,0.9825440905139136,0.9825412075869278,0.7264094372086943,0.7171125897130886,0.7100740380728923,0.44031800903163243,0.7146742502845304,0.7173066855547805,0.7228721132406005,0.7181410666548838,0.7690779850760373,0.697252166070604,0.6818058438113571,-0.3590685926297149,-0.4993325667266209,0.7230644939967376,0.8581663402699279,0.8754485958013734,0.8888866360162782,0.880414965500212,0.7737190491572158,0.8589463332976314,0.8661221064058565,0.8722304542997327,0.7405002159273045,-0.03976235218041131],[0.9999388241703608,0.9998743615698658,0.9882371279975292,1.0,0.9994248784988862,0.9833373796362896,0.9980796614744014,0.9968743244583891,0.9737259396429806,0.9970558197413483,0.9955106280857808,0.9949029585900746,0.9969412202237864,0.9970514413793421,0.9969140663644905,0.9980554110983388,0.9984765859739867,0.9985515015301574,0.9973122538383771,0.9973217547794165,0.9972805823534462,0.996923178211578,0.9899929580325592,0.9751682990212035,0.9922084358516533,0.9617278264557645,0.9915080518010738,0.9902331568480007,0.9730341130544481,0.9574730834619437,0.9908869792872367,0.9928303140233011,0.9928134351479845,0.9798536047286882,0.9978485547125446,0.9980294108501375,0.9978619672595161,0.9970877446435822,0.9960648637439041,0.997965818211568,0.9985214910530802,0.9987216293263952,0.9978461826583652,0.9978526628551417,0.9800299442460619,0.9311681882337948,0.9567663664681796,0.9515544035102826,0.948894047583271,0.9265775692439119,0.9627698863428783,0.9511558553251552,0.964606411775554,0.9690328889356096,0.957370729520458,0.9830535073282989,0.9819435708493978,0.9907102913618405,0.9935680493525073,0.9873120167823237,0.9832631329583273,0.9874524447054558,0.9871532168021593,0.9879204208418817,0.9878243442780927,0.9459402658496201,0.977093693386373,0.9757131617939261,0.9755115077819614,0.9339421165121259,0.9834551487319676,0.9782357525722469,0.9859729956236385,0.9853816033665685,0.9292525773728273,0.906075295483716,0.8770362471920556,0.9195896255710362,0.9328277889787907,0.9331598069600953,0.931465446786814,0.9305217979321995,0.676312632299126,-0.5165543940812497,0.9808784555884574,0.9765086789914873,0.9740760242005588,0.9879019803399237,0.9739242912826048,0.9843381062736257,0.9843483479815394,0.9428885682272888,0.9847973009206943,0.9348501755570441,0.8255524150320186,0.9320923308325719,0.9435539685182526,0.8402992887095285,0.9602401141059796,0.9608638836048858,0.904006281025647,0.9713520668818141,0.8887719421741023,0.5564453237790855,0.7339848037857954,0.8968743203018454,0.8714553316727448,0.8881465115847196,0.9780308208383007,0.9781890552263337,0.7915679994992219,0.7648382792528072,0.816909275103992,0.4876179740125608,0.8051321305784387,0.8206729116287741,0.815651734407404,0.8124707317719267,0.8048139010536352,0.7579806144833154,0.743420125196134,-0.3001749706154727,-0.44451529811377566,0.7475634241596864,0.8922186845144511,0.92700256667136,0.9401674858673654,0.9057369375052863,0.8335403358348215,0.9086747626786068,0.9206499915588533,0.9206078165136259,0.8543913066366279,-0.10913540350332909],[0.9992167574523521,0.9983494982004703,0.9935408840048658,0.9994248784988862,1.0,0.9854116419272874,0.9989834336698612,0.9986103336372628,0.9844398536372395,0.9986087662850636,0.9982542953436482,0.9981593220134174,0.998621275547121,0.9986367374672838,0.9986407533375506,0.9990999103018121,0.998913848307161,0.9992494278010582,0.9988535444486569,0.9988540946672856,0.998673419062982,0.9986250883874789,0.9949996156726341,0.9818044237137239,0.9955009569023869,0.9766557793750569,0.9955250839177637,0.9930644640735538,0.98395426026964,0.9600055862208283,0.98887399935095,0.9916586564604147,0.9905396411729368,0.9733604961015788,0.9988267304279204,0.9988983771323325,0.9989376298513224,0.9987368855560912,0.9986380074864964,0.9988988872514547,0.9989469803970692,0.9991652152307205,0.9988592424089126,0.9988593221402857,0.9883622803573824,0.9391821653995905,0.956186297533752,0.9564080436913908,0.9475806529776388,0.9221143179618723,0.9535858062988151,0.9495143787225209,0.957717371987822,0.9641606933133363,0.9526384303046895,0.9818931641582037,0.9818460786836213,0.9911625004785505,0.9935481194368576,0.9836860430902519,0.9773901773965192,0.98174590850478,0.9835326865719513,0.9821739682669899,0.9820398572173722,0.9426624601949813,0.9695606754911513,0.9603218065377839,0.9600552440660061,0.90754893901447,0.9806475739803501,0.9769704260086404,0.9823117062689107,0.9816162214464413,0.9422499571778687,0.8894038725170953,0.8598999037894615,0.9065905441470312,0.9374162198980233,0.9252752049985616,0.9308198232185616,0.930101390805541,0.8006669401497801,-0.5017695305656615,0.9751189587612535,0.9667135675380287,0.9653780397176548,0.98443981016707,0.9646344142597684,0.9783582676203656,0.9781007255909853,0.9347767754705016,0.9794238601469448,0.9361884898093006,0.8164788896252252,0.9442604752004709,0.9610224113399614,0.8117239251326931,0.9503949635813866,0.9515298057634465,0.8999826800170925,0.9756762254723618,0.8943495302356075,0.3932449163557911,0.6846137163228452,0.9003005907249265,0.8576239815166586,0.8967603343584626,0.9813661701192683,0.9814916613386644,0.7619672762601498,0.7513566786303876,0.7656913672423891,0.4683566857665695,0.7278479769434485,0.7696187425906347,0.7657223261726253,0.7318238702340993,0.794532387623398,0.746191055225022,0.7307725308932113,-0.49284465526648985,-0.5761623128187857,0.7414646290025324,0.889032028794315,0.9172231962349562,0.9390744721673713,0.9057031067563577,0.8207898341395435,0.9047483510886147,0.912271898174889,0.9118262100062245,0.7995592963747126,0.10121492986024237],[0.9823469812487678,0.9897038291588787,0.9913930197261455,0.9833373796362896,0.9854116419272874,1.0,0.9785469387126745,0.9801198817856784,0.9938888883470448,0.9795768846736151,0.976180585764051,0.9755688068257031,0.9799182664478612,0.980446155723204,0.9801902975056662,0.9798236625085585,0.9837657549581368,0.980633963405763,0.9804343602451656,0.980399249624232,0.979012140938237,0.9800295425401832,0.9933342643304391,0.9937603470151346,0.9826083620796708,0.9888548275049753,0.9832208592463155,0.9774317402440926,0.9885041552301631,0.9758353495769267,0.9545352775663903,0.9611110241320695,0.9719038510113548,0.9643345976743516,0.9782192866737274,0.9787564449697047,0.9796298878516084,0.9808606838395714,0.9765464284161464,0.9792470986628656,0.9776324070025971,0.9795715134177406,0.9785495162364912,0.9785199254455037,0.9962449658662995,0.8962611903226929,0.93499168938683,0.94180065680654,0.9502076947822116,0.9129090630386694,0.9166996981439843,0.9127502059931053,0.9198540935781233,0.9400567102761377,0.9182263333884015,0.9467854040752764,0.9537061689781396,0.9605717226163591,0.9642862475118538,0.9738041732326121,0.989694885225837,0.9772883620402406,0.9866824905159973,0.9768885821260294,0.9764423988816211,0.978441561276904,0.9758598144448853,0.9594144294570355,0.959043204403874,0.953372809518759,0.9851752678210046,0.9784675276804067,0.9743403907173062,0.9733219426461186,0.9710832704046846,0.9192537568551999,0.8803902472671103,0.9326748135682669,0.9317406811119103,0.9411205666907879,0.9227055369868986,0.9208894506008306,0.7941836205192152,-0.4479664440606356,0.9853290802862681,0.9873133912413041,0.9841523001490219,0.9745932329940847,0.9793167668320348,0.9838273765040384,0.983501628751992,0.9724301037923907,0.9742738852975186,0.972217343264921,0.825637646193451,0.9076211086910577,0.9608061705512468,0.8554170243027428,0.9471419208865259,0.9480224717844189,0.8639710621129133,0.9580575761129306,0.82717297955954,0.4694449809221916,0.6938249234128205,0.8372917785711061,0.8177545551253572,0.8274225147852707,0.957226104640252,0.9572153637694929,0.740431011753318,0.7375934105621634,0.7455995223306424,0.48952435721626225,0.7469336359850854,0.7505621184880753,0.7442362839478572,0.7439604936776134,0.7799705084168682,0.711643643010819,0.7001155503061264,-0.3247516602579432,-0.45455895391487855,0.7560144826013943,0.8516371237094693,0.8601650313135872,0.8825241899517616,0.8596771894381807,0.788691595810067,0.8452697825801218,0.8531007821573461,0.8530144047128091,0.7992277289396641,-0.06280489949649305],[0.9978822378322473,0.994296227578555,0.9891899442372383,0.9980796614744014,0.9989834336698612,0.9785469387126745,1.0,0.9977463296636228,0.9565714710014249,0.9996531815894717,0.999632156113723,0.9996639228943368,0.9985821878515041,0.9995215111038679,0.9992741067285817,0.9998956697793593,0.9969556113776389,0.9999067145681443,0.9994523624824131,0.9994574158927987,0.9997442019783643,0.9994017561580819,0.9906219364601007,0.9744018161254384,0.98685632086343,0.9273586311192953,0.9940555751076722,0.9934452527136906,0.9741926628312919,0.9527374335515383,0.9914412035700861,0.992116703606096,0.9941606619521967,0.9777975758709169,0.9991146065054624,0.9998697900822683,0.9997474909418751,0.9995182213494971,0.9998031922717041,0.999857954107639,0.9986762380540134,0.9997647434937903,0.9994575398700657,0.9991518774658406,0.9792097480989527,0.9449280248248078,0.9582856117436418,0.9584998890347244,0.9464324417015842,0.9200430582174604,0.9599367090862355,0.9508542194948832,0.9623396910772184,0.9667871753619834,0.9572741594057099,0.982911848928905,0.9832146736187233,0.9926310429293957,0.996332857842787,0.956128448171444,0.9647805447453597,0.9742539164020292,0.9751264180140163,0.9756684264334967,0.9561384985102457,0.904132316054848,0.9601301289341887,0.9634348743480547,0.9479576483745944,0.8896034814798975,0.9711292025970769,0.9491349258926597,0.9721070500670569,0.9565002656044306,0.8164836382550698,0.880194796435443,0.8138207225424373,0.8929604526605828,0.9093196167121217,0.913389760149681,0.8949903528186741,0.9057501680693189,0.43565933209077273,-0.5530997479682944,0.9653504809132881,0.9522157153418958,0.9521730158462887,0.9574448131092176,0.9597825108504664,0.9713614407211979,0.9714611053710519,0.9218325117563441,0.9702726504995438,0.8657512733010657,0.8098592225014569,0.9446839754544085,0.9413491609108502,0.8263553711156537,0.9577346527732598,0.9584805951798441,0.9045896708564725,0.9752585117347532,0.8338471248357362,0.5557119146237591,0.729256247962411,0.8588270834457111,0.8547558499611694,0.84028227718604,0.981908043594744,0.9820920891298175,0.7853107419351303,0.7494378141770975,0.7829589805989727,0.46174953442767497,0.7859580895986452,0.7972827215181985,0.7877194367071659,0.796911220738162,0.7927000924249943,0.753448141326904,0.7370423069215088,-0.31173150699566843,-0.4640298422197426,0.7511307082870091,0.8945926694003552,0.921521517048647,0.9424263127999677,0.9130685825547872,0.8361692529153854,0.9109080672899689,0.9266426563076023,0.9250648369968152,0.7843999116883816,-0.08312060028419467],[0.9965213891997702,0.9923671220379022,0.990037558675976,0.9968743244583891,0.9986103336372628,0.9801198817856784,0.9977463296636228,1.0,0.9669344364709072,0.9999998432103997,0.9999993888984451,0.9997957557701185,0.9999971509088493,0.9999935432057897,0.9999984248792377,0.9993975827082242,0.992325564647757,0.9995212609950689,0.9999163625837721,0.999916052634662,0.9999686510097582,0.9999988587568694,0.9912445488354242,0.9762763891348136,0.9933741206951142,0.9411238751820996,0.9945521709814192,0.9920699560415593,0.9764199706020182,0.9526365138789942,0.9878236739656144,0.9937516766237713,0.9928502999653365,0.9751638160924205,0.9994987715612855,0.9996136253548402,0.9997073087374312,0.9997675930974054,0.9993618679313562,0.9995614763408777,0.9983932980752597,0.9989717078169759,0.9995732847573195,0.9994498305018528,0.9810287280980987,0.944888909516331,0.956131346785058,0.961606903202398,0.9462074201691749,0.9121703699428464,0.9581895690469743,0.9467448238668674,0.9602850967143459,0.9619447722867049,0.951898466877046,0.9809850733236161,0.9806304115018203,0.9917117293032569,0.9966368399973028,0.9520818099964639,0.9621466162668747,0.9696545755047914,0.9730798266384567,0.9713860333052367,0.954866659801031,0.8998984229378569,0.9568579510543502,0.9584817565571065,0.9437661100745737,0.8820578776927512,0.9692939182445515,0.9443364368079061,0.9678943008047917,0.9527367537541387,0.8074304711841338,0.8749780281616298,0.8104337638975343,0.8875796687798394,0.9040391903367776,0.9103877572742693,0.8915805519135596,0.9005375426326062,0.4216826262422851,-0.5556870294372649,0.9626025884310236,0.9483524257914977,0.9482945453975735,0.9558553484980955,0.9570543755025827,0.968707202563748,0.9688082018058446,0.9195555522665843,0.9652894047769136,0.8587715673542603,0.807747142097664,0.9553061169975755,0.9508087731051273,0.8243078083650041,0.9577764270312892,0.9586524769649791,0.9021440785694241,0.9786760122293225,0.8360079627172632,0.5413612167366074,0.7211405114037988,0.8591933947025667,0.8514694359930597,0.8417341389287628,0.9839913465028132,0.9841728110406833,0.7770243045038695,0.7428124129768622,0.7836103074625866,0.4512246179739473,0.7808958684488286,0.7925573585905424,0.7875329545006277,0.791297615574553,0.7873364085673613,0.7480946595504008,0.7311988949725415,-0.3262556668554561,-0.4774085773799065,0.7411725614001631,0.8878079464307906,0.9187801228758145,0.9352577044763078,0.9077924440209315,0.8263767987858469,0.9046972619795443,0.9204602349616795,0.9191041408031739,0.7669644709345527,-0.06660267683178107],[0.9718232621455007,0.9887713536946533,0.9916637102889273,0.9737259396429806,0.9844398536372395,0.9938888883470448,0.9565714710014249,0.9669344364709072,1.0,0.9819694521721226,0.9867858752370496,0.9893013772950556,0.9705135438041174,0.9788783032880852,0.9753686111319877,0.9735964784762986,0.9507509326704032,0.9784307586806374,0.9759832578311388,0.9759336632275206,0.9804669115097993,0.9752030200961973,0.9938641606457642,0.9939271825170483,0.9801378886587638,0.9903576637879772,0.9833932913865181,0.9921101898593954,0.9915349166116452,0.9719173853624021,0.9255256996559383,0.9471651255031301,0.9650465675847888,0.9532233450982375,0.9697684442844415,0.9783684790900903,0.974895803535639,0.9772375238940112,0.9881421941411436,0.9796484640928481,0.9663963147542877,0.9759596016986531,0.9706915709839177,0.9696894723385804,0.9991125790009135,0.9129086307580013,0.9299114337522595,0.9588689847213275,0.9495852369430237,0.896522435977019,0.8881107358181615,0.889949973874218,0.8923191708581396,0.9225409541946142,0.9008389651988303,0.9294854758853217,0.9471771655792276,0.9521031512994491,0.9588538529628143,0.9127067351235907,0.9728649607354387,0.9538416082640105,0.9711588184393681,0.9537901610508586,0.9131466435012083,0.9278882050385706,0.9527766860156056,0.9291547512277354,0.8961354441168686,0.8987751758400606,0.9723748738358279,0.9296748783120853,0.9499043699467563,0.9148740331984611,0.8533508185058625,0.8781259225661536,0.7653902005543073,0.8939321754884426,0.8979533408176954,0.9109937777032485,0.8615328007200549,0.8798652535613085,0.4790672974829722,-0.47620954049802117,0.9645706190807213,0.9608172054073852,0.9585922196103732,0.9106534577831084,0.9562538740301508,0.9627504594564541,0.9623252866897707,0.9450707001479628,0.9492307885998207,0.8937542131437702,0.8135672304625957,0.94613258653276,0.9652404531556172,0.8334615819189303,0.9404853441426085,0.9418380718693903,0.8546872830948589,0.967971537977618,0.7402676192493955,0.4251937691478762,0.662774691763511,0.7742347577664707,0.7790842375704632,0.7524068786737282,0.967173473613405,0.9671320883824402,0.7066796019717835,0.7063796574926201,0.6744780962102201,0.4471921678354247,0.6952295494956766,0.6937344464039787,0.6727416457671085,0.6949259091366362,0.7606397626128494,0.6888959406393936,0.6748090241691815,-0.36355253480952915,-0.49979692454935765,0.7537335623823439,0.8416847927593022,0.8278515264164994,0.8629119399290974,0.8588855805377033,0.7646206409354409,0.8149723213979798,0.8343156237816034,0.8278710606463241,0.7122386339671384,-0.000390384728785181],[0.9966547123830434,0.9923694118226863,0.9925970180528825,0.9970558197413483,0.9986087662850636,0.9795768846736151,0.9996531815894717,0.9999998432103997,0.9819694521721226,1.0,0.9999991940893874,0.9998000590651547,0.9999985856502841,0.9999925675244983,0.9999979861357251,0.9997176699704087,0.998046138101289,0.9995224392055243,0.9998957875875436,0.9998957123430875,0.99997993628078,0.9999993934857794,0.9937437450725188,0.9781476202981189,0.9964984585902166,0.9721108832285953,0.9965519260177674,0.9920822562167585,0.9807401960110248,0.9541022712532845,0.9898097616327216,0.9937673191423978,0.9907087092179905,0.9723115700731244,0.9995462760640035,0.9996096945061091,0.9996254853725492,0.9998513975811193,0.9993722717907405,0.9995685544631653,0.9986411735704125,0.9990190414537,0.9995569556902001,0.9995527639159997,0.9855264866985747,0.9449395521303522,0.9561574480939763,0.9616006591495425,0.9462203216484291,0.9122616766234325,0.9518190543176437,0.9440562594230576,0.9553920806502508,0.9605269899891921,0.9504998429716518,0.9807714968441447,0.9806622011649045,0.9923462291885434,0.9964719663791478,0.9746046365117529,0.9621176395385629,0.9725058843472619,0.9730639789079996,0.9730974868888056,0.9729277710221949,0.9303497569252934,0.9568556974343072,0.9513086012400749,0.9510325858614954,0.896203796366481,0.9692689310711204,0.9678184426650064,0.973389412067138,0.9725126220739001,0.9289425205446983,0.8749869413011674,0.8402954437149224,0.8875865989701337,0.9215590496913064,0.9113551640375052,0.9160468467827051,0.9153712628078692,0.7591157865240332,-0.5495588070882236,0.9625895897177756,0.9483227250082527,0.9482787087672147,0.9755232588042967,0.9526105411638931,0.9684637842715139,0.9681847954946523,0.9202850834050668,0.9697186483222155,0.9219326469844846,0.8077418198531614,0.9552032885664833,0.9614772478654544,0.8114842596602281,0.9524985522335716,0.9535794290459718,0.9022172215316644,0.9780210150577913,0.9024505015479173,0.43637191979178475,0.7011828192580454,0.9082859048803326,0.8656018913541661,0.9046414806588777,0.9839815711931155,0.9841632217778604,0.7770944426458564,0.742898812431695,0.7803235955698641,0.4513208623076892,0.743355677201738,0.7845959995763472,0.7802545250405976,0.7494322188913142,0.7873857244024759,0.748188806003534,0.7312940399273291,-0.5365270736232882,-0.6199691187908645,0.7413136090044836,0.8879122264642081,0.9205757882316258,0.9411704146480652,0.9078910497991742,0.8239115665090997,0.9053925102555842,0.9151020746515007,0.9146120699806339,0.8112159917692449,0.16008104040809762],[0.9948755651173056,0.992403526754387,0.9965014207195665,0.9955106280857808,0.9982542953436482,0.976180585764051,0.999632156113723,0.9999993888984451,0.9867858752370496,0.9999991940893874,1.0,0.9997986092311263,0.999996568362247,0.999995302949249,0.9999985031973123,0.9997052468960276,0.9978368897081356,0.9993109136698114,0.9998115889469451,0.999811633777818,0.9999985325756474,0.9999985222835851,0.9933533674377004,0.9752245260872487,0.9957449907035885,0.9800784285455449,0.9962510821025665,0.992095323488426,0.983106868607777,0.9484990622060423,0.9895902918144818,0.9935876895391257,0.9855333004373628,0.9514351167807205,0.9993735815943401,0.999423657350578,0.9993744235941562,0.9999082142867777,0.9993584216520296,0.9993836031701897,0.9982053580188263,0.9986977865867366,0.9993554687151323,0.9993535247677574,0.9881616991686694,0.9447037652292837,0.9287604232435251,0.9615735017922491,0.9461724315592664,0.9120390321670162,0.9274954445512176,0.9195555817415555,0.9313325368573819,0.9391005100177401,0.9261748089988593,0.9748814355714454,0.9748619469042306,0.9914742906816602,0.9951357990183447,0.9676449619638752,0.9622584857936293,0.9608271849346313,0.9651022253065095,0.9618475488849452,0.9616160269500209,0.9098169404410285,0.9473603224402505,0.9172377080734551,0.9167209125322539,0.8362366357509518,0.9678161324596777,0.9724931127031136,0.9694319398317195,0.968377869551631,0.9242407461897049,0.8228980176139485,0.7925244593891663,0.8582372060742912,0.9061990789107545,0.8799538511848077,0.8930109671342369,0.8919149715244079,0.7663097716390397,-0.32421707424909557,0.9517148881216579,0.9484876047534431,0.948406648694001,0.9685957794348928,0.9403840626987213,0.9539556338306412,0.9533701797022736,0.8978033876631077,0.9562082022418665,0.9012502352053462,0.807901085474721,0.9554639927773558,0.9659997185945857,0.7240294582090983,0.9186256624850441,0.9209535275322901,0.8627996718273742,0.9860576135201147,0.8510650938278789,0.08849054032889081,0.5615092482644298,0.8626968663484745,0.8331033587378137,0.858014457177333,0.9867954823696278,0.9868014967559771,0.5594485554784884,0.6657128879885594,0.5666786009872778,0.45127599950229164,0.537056377891038,0.5758078256611461,0.5670194237746559,0.5066374723883765,0.777741908831518,0.6294953955429002,0.5924364473310554,-0.49564935618611033,-0.5558448782458953,0.7408675854967302,0.869978092609661,0.8817786661454794,0.917122516663774,0.902233543408524,0.7138051709939562,0.8651437485731268,0.8763310882073214,0.8757254718514351,0.6419827318802062,0.1174924631363274],[0.9940896000456257,0.9934808968658019,0.9957125375461616,0.9949029585900746,0.9981593220134174,0.9755688068257031,0.9996639228943368,0.9997957557701185,0.9893013772950556,0.9998000590651547,0.9997986092311263,1.0,0.9998119931256789,0.9997990376539764,0.9998040603833461,0.9996933043657913,0.998427760145801,0.9994827790043836,0.9999743226438788,0.999974113273589,0.9998036619770364,0.9998079993107715,0.99310588001969,0.9731351318515119,0.994659056372184,0.9804962132790528,0.9953149070977675,0.9939830916032044,0.9794514517115199,0.9324752821039957,0.9924327617526519,0.9948621746752002,0.9820948977068941,0.9366526714733853,0.9995048426926093,0.9995444442553512,0.9995086107030575,0.9996494310316971,0.9996669037814698,0.9995219295130426,0.9981186620567699,0.9987266482261877,0.9994908915320562,0.9994881128709142,0.9895713478256656,0.940928473478708,0.918824623372618,0.9587353267517654,0.9443503884789495,0.9117788274826776,0.8994851169165601,0.931455374490501,0.9024151666803463,0.9209802883478332,0.898143025471226,0.9648992023151183,0.9648889240083935,0.9839406497382375,0.9949767470733104,0.9668472562268514,0.9667094448636071,0.9565299214625117,0.9633590724095035,0.9584880666501674,0.9583043137425941,0.9112782368126343,0.9390077565232743,0.9019332736692445,0.9015555810858982,0.8245518792090167,0.9674544876442187,0.9691864800210569,0.9691755808499817,0.9685281540422569,0.9319105568562105,0.7867166138207135,0.755849551323673,0.8325940178281036,0.8895646567864609,0.8530982176895632,0.8720631553020987,0.8713760733231102,0.7561583752986234,-0.17279719399380666,0.9465035180722996,0.9500497347043217,0.9461451995575522,0.9674130499879892,0.9407214724293016,0.9493853803137187,0.9486144718539772,0.8978297372415439,0.9511996703303545,0.9001498042489037,0.7703175521959146,0.9534066805409628,0.9482631120195663,0.6230607552833507,0.8740948063907744,0.8779185449878987,0.7735427469278053,0.9809151561522049,0.7511218273489327,-0.274963895700715,0.31645146968116095,0.7734599605565442,0.7314354012483334,0.7673908457370865,0.9819844912225385,0.9820637667664089,0.2774260940373939,0.43555848975478934,0.2836997011256287,0.2552497242541104,0.27547133804771434,0.2896753485451663,0.2869739014585542,0.2042387410652776,0.6068897950613816,0.34506811289435757,0.29355796980253385,-0.5029921090386335,-0.5525540625583654,0.7404872054026074,0.7804703276616228,0.8023853523219695,0.8672238124315197,0.8418644248884011,0.6300136861563284,0.7959762125911799,0.7979889030300585,0.797082938407056,0.47566329112256056,0.3023647901262136],[0.9966039879989123,0.9924413740544232,0.9898785709774999,0.9969412202237864,0.998621275547121,0.9799182664478612,0.9985821878515041,0.9999971509088493,0.9705135438041174,0.9999985856502841,0.999996568362247,0.9998119931256789,1.0,0.9999919300200132,0.9999977123807983,0.9994394899730241,0.9938597197805167,0.9995567614761877,0.9999257885215252,0.9999256580947771,0.9999752513329281,0.9999990311586575,0.9911165045578816,0.9760671694598304,0.9940172056091839,0.9459631802963214,0.9944989179753516,0.9921645867961276,0.9762064160338637,0.9525459146776319,0.9887382977793499,0.9938443084449385,0.9929335021195855,0.9752827630229566,0.9995411706614012,0.9996507239412349,0.9997358487247485,0.9997652274489889,0.9994109827830638,0.9995991392756868,0.9984745942337442,0.9990320050345932,0.99961497257519,0.9994925248553764,0.980770374811439,0.9451031901161792,0.956265395423482,0.9615239813853405,0.9462306559330177,0.912649975026742,0.9585407072564354,0.9471152038964624,0.9606371183481415,0.962241387717177,0.9522684487090137,0.9812342869835678,0.9808066490326426,0.9918394292866596,0.9967277433572002,0.9523026597286303,0.962122552927898,0.9697825243946424,0.9730910572547088,0.9715134110346847,0.9550369903197495,0.8997646659538523,0.9569421121564093,0.958707780871728,0.9440573893072117,0.8820869628036311,0.9692707498618068,0.944438842120695,0.9680100530370349,0.9529426270032185,0.807278607056607,0.8751304109541634,0.8108032112098136,0.8877264019663924,0.9041903441001146,0.9104561996439482,0.8918441447791345,0.9007851093762441,0.4217004474253869,-0.5558505025922111,0.9626338963681627,0.94839386591884,0.9483364558683284,0.9560356644920115,0.9570772837098185,0.9687599178149308,0.9688620854485509,0.9194482494730604,0.9654361198647096,0.8586727377540485,0.8077714927056848,0.9548234185038381,0.9503282008872596,0.8242809062370764,0.9577684445601646,0.9586373148107292,0.902484366613539,0.9785476206544663,0.8365210439861783,0.5424914153643271,0.7217702598830357,0.8596874453834424,0.8520031162830087,0.8422365694902894,0.9839386586219919,0.9841205923282511,0.7776232106283965,0.743281370622805,0.7842415622461799,0.45177372621132045,0.7815570639788946,0.7932578158426137,0.788181189051835,0.792009426839213,0.7876561462444854,0.7485458023843696,0.7316619689250291,-0.32537651388213285,-0.47664044096861075,0.741490916850419,0.8883133896995739,0.919275821581901,0.9357888506013224,0.9082657256934151,0.826919256600718,0.9052840600212715,0.9210566929343464,0.919693986518068,0.7676338650074613,-0.06764946490180093],[0.9966318055736774,0.9923486865742589,0.991893080153201,0.9970514413793421,0.9986367374672838,0.980446155723204,0.9995215111038679,0.9999935432057897,0.9788783032880852,0.9999925675244983,0.999995302949249,0.9997990376539764,0.9999919300200132,1.0,0.999995611904245,0.9996148764358072,0.9980226245565237,0.999519187541901,0.9999124257897928,0.9999114404324746,0.9999587015170331,0.9999923275419891,0.9929739395669483,0.9765920083947879,0.9962056493396065,0.9664558184077368,0.9959779605230866,0.9920882667432439,0.9768481591579505,0.953104053874591,0.9891992226977331,0.9939412728396013,0.9922486691898804,0.9748529743286194,0.9995281990774508,0.9996065902435882,0.9996617747372146,0.9998993843387813,0.9993790648450437,0.9995515642617732,0.9983718271438835,0.9989618736946967,0.9995523920528777,0.9995460837675867,0.9833948890118428,0.9449204694686545,0.9559958350540807,0.9614211430486322,0.9459947073841221,0.9119623868440787,0.9545244197813513,0.9413163893530234,0.9568745217699438,0.9616782235050241,0.9515819262475246,0.980088875807226,0.9804890750475383,0.9912246252105824,0.9967196069390369,0.9755733420055629,0.9617824736261931,0.9742706976084744,0.9730305210977344,0.9751946656825645,0.9750255213608209,0.9391331142821249,0.9565383471994117,0.9572713607383276,0.9570167979498286,0.9131012701631229,0.9692226563005089,0.9704728308678153,0.9752051497044316,0.9742691046791844,0.9362111800568226,0.8746903021977576,0.8448984382396552,0.8873461328228239,0.9136992171926692,0.9102214125203736,0.910856340264047,0.9098891983174997,0.7374241669927454,-0.5567006256149878,0.9625860758561995,0.9480842454170462,0.9479445422604432,0.9765170654880745,0.9571328022420326,0.9687074686530919,0.9688086556767506,0.9196266509043466,0.9705385598567817,0.9299680473840227,0.8073180129647127,0.9549609699651179,0.954700770380705,0.8236635455339587,0.9576039910752094,0.9584893493172072,0.9020541595308957,0.978865925792097,0.8872509794360613,0.5416290202502195,0.7206777007080724,0.8952366133846685,0.8659839677039831,0.8865076949877769,0.98418843115025,0.9843676719273448,0.7762037095091963,0.7421942423228455,0.8061295002331197,0.4508032400517038,0.7895460536746903,0.8103704216382573,0.8048512060264591,0.7933650004594012,0.7872733407920429,0.7469222357799589,0.7300430907717546,-0.413950330699188,-0.5360374411561664,0.7400428306242625,0.8878825191570947,0.9161432295821489,0.9316922569080153,0.9082166373968288,0.8254740874549004,0.8950331794224436,0.9097084326324917,0.909319940341174,0.8435043181478065,-0.03420992470259996],[0.9965615081710695,0.99241594281666,0.9900898182788923,0.9969140663644905,0.9986407533375506,0.9801902975056662,0.9992741067285817,0.9999984248792377,0.9753686111319877,0.9999979861357251,0.9999985031973123,0.9998040603833461,0.9999977123807983,0.999995611904245,1.0,0.99952157258966,0.9973744728562264,0.9995350612148264,0.9999187040844522,0.9999181130060122,0.9999693567752261,0.9999977993218752,0.9912888696552752,0.9763417753206916,0.9955899278748243,0.9583574033326726,0.9953672704513229,0.9921295109200254,0.9764772715463206,0.9527982686736658,0.9911989668279253,0.9940880975575342,0.9928039321712789,0.9750867719124982,0.9995086239360127,0.999613968668705,0.9997133970510416,0.9997813342069931,0.9993842824546487,0.9995585676046983,0.9984152612325249,0.998985690769076,0.9995817389434337,0.9994606160534466,0.9810342751644694,0.9449453240152753,0.9561521913266171,0.9615840690136007,0.946247142391556,0.9123841598411988,0.9582580362628257,0.9468605908530229,0.9603821760701863,0.9619036456154618,0.9518211946469186,0.9810037503745456,0.9805785209987886,0.9916842014035663,0.9966010989311378,0.9523395468312343,0.9621874607169972,0.9698034460111962,0.9731628936079139,0.971522621115776,0.9547036461719409,0.900090609437089,0.956802069268771,0.9585471211045896,0.9439517847276332,0.8821900833740554,0.9694229239917955,0.9446365455153373,0.9680728449130166,0.9530068934836858,0.8077346804651812,0.875013320001474,0.8106690782584514,0.8876512100975448,0.9041931595976749,0.910409290729556,0.8917182394414773,0.9006895652143727,0.42201712276399883,-0.5553811417026431,0.9626975375977808,0.9484223151469798,0.9483642704583547,0.9548744799793516,0.957216721011528,0.9687931190947369,0.9688910892539384,0.9197447279753438,0.9654392950790306,0.8590073060276131,0.8077564299922044,0.9550741079766415,0.950730779410994,0.8243310580402616,0.9577169159296174,0.9585965291928944,0.9019683118480641,0.9786895680824086,0.8360259277614706,0.541172419959583,0.7210287376447184,0.8591908505924793,0.8515730240318182,0.8417487720489959,0.9840210025695929,0.9841996724028339,0.7766609450089501,0.7425104218067247,0.7835810455996808,0.4514377866895306,0.7808671009441329,0.7924728870039335,0.7876694609314855,0.7911960409151882,0.7872647971424875,0.747411681217432,0.7305485985739687,-0.32608327762858386,-0.477231696181475,0.7413467787125352,0.8877198112022243,0.9188862742611349,0.9352867214062651,0.9078301996937892,0.8261853536278668,0.9048764251410872,0.9204815291554844,0.9192370357589768,0.7670440870762105,-0.06684459937496093],[0.9978316168064701,0.99432645231827,0.9896258258551369,0.9980554110983388,0.9990999103018121,0.9798236625085585,0.9998956697793593,0.9993975827082242,0.9735964784762986,0.9997176699704087,0.9997052468960276,0.9996933043657913,0.9994394899730241,0.9996148764358072,0.99952157258966,1.0,0.998568977343657,0.9998669979452025,0.999597098310508,0.9996011811063633,0.9997935407266724,0.9995873944423609,0.9910090865819507,0.9754652859688495,0.9944048222334227,0.9519074363508464,0.9940597904899758,0.9935182009282983,0.9749818149507663,0.9535097727681907,0.9915263091876637,0.9926003383840202,0.9935899913105416,0.9769914340897949,0.9993199160520463,0.9997475402938599,0.999744118701418,0.9996161335819406,0.9996598440691061,0.9997109123755606,0.998936769610079,0.9996307051180033,0.9995435676099105,0.9993235153146289,0.9798487484659048,0.9439175235055126,0.9580523707257387,0.9597649445263552,0.9475084084721614,0.9181537898655633,0.960131258293516,0.9509888981099364,0.9625194763477601,0.9656195670402965,0.9556019718035855,0.9827885695247197,0.9823435991264658,0.9925338184733706,0.9961462741549371,0.9565124165703822,0.9656526268417097,0.9741820746267867,0.9755958738561262,0.9756631860941776,0.9572908299089963,0.9048397752263649,0.9600875655782513,0.9632527542582207,0.9483812656983277,0.8892928303682286,0.9718346887171324,0.949167689954199,0.97203146587823,0.9569645308344069,0.8155353063254228,0.8800638657760533,0.81497102212608,0.8929246855159817,0.9088436169713949,0.9130874799720261,0.8952982996696799,0.9054297836577149,0.4333126083852497,-0.5521786989444197,0.9658540773557687,0.9529396268043261,0.9527790050943505,0.9585199230848375,0.9606351352442773,0.9717078739779844,0.97178336814946,0.9235139668882515,0.9700735339324731,0.8656973795312586,0.8094712768847399,0.9474595229513989,0.9438266786915354,0.8269214963160114,0.9577652889907485,0.9585481836629837,0.9019513669216713,0.9756349611575187,0.8353040113908123,0.5500929805742825,0.7258615613952724,0.8591808