var element = document.getElementById("correlationClose");

if (element.style.display != 'none') {
    var correlationClose = {"data": [{"type": "heatmap", "z": [[1.0, 0.9999829470263257, 0.5671510280289499, 0.9996996800040295, 0.9974520417482307, 1.0, 0.990778765265524, 0.9863137646752511, 0.9914407097328627, 0.9730432181956673, 0.9819125327405024, 0.990823596017748, -0.13208308934019494, 0.9908891867617491, 0.990945826341715, 0.9935502407571399, 0.4586432082670368, 0.9919072391221753, 0.9919054663739738, 0.9838263248090893, 0.9908254086542887, 0.4454595589807888, 0.6624157302701402, 0.9777183065234163, 0.9776950934551316, 0.9596899032937781, 0.3041446509990109, -0.12341173860567403, 0.989859261926467, 0.9898182062777373, 0.2746791836598886, -0.20528312303053875, 0.9937245494283506, 0.9945999979691907, 0.8099030836060112, -0.39095478434873643, 0.9874524914928636, 0.9943605972445301, 0.9942615335425415, 0.44104598570526665, 0.9939134518132741, 0.99390881061666, 0.9939134518132741, 0.8888067700849767, 0.6712001695203368, 0.8633648532140136, 0.8788625862163995, 0.7931965894517482, 0.3893256602549576, -0.1305151489781035, 0.19169001504451508, 0.9456237379548232, 0.4658270571978279, 0.9770079762042797, 0.9711483726566806, 0.914092636061433, 0.9095816969840604, 0.9324558446113108, 0.9077359569418668, 0.9291973148049264, 0.9301021461563986, 0.9291973148049264, 0.8421210586810519, 0.905586020984301, 0.9068047247300519, 0.905586020984301, 0.8945897814883669, 0.7317077692217403, 0.8697236254201545, 0.8715787464958116, 0.8697236254201545, 0.6167631231721782, 0.3070333901678182, 0.5928311609800212, -0.5956630787854696, 0.4874962236940195, 0.5425210821825797, 0.5443544530786106, 0.5425210821825797, -0.10022028332359016, 0.8817817112839417, 0.9137827628683909, 0.8955308120755155, 0.9157408124822805, 0.45624922541015295, 0.879049011472304, 0.8805064481212563, 0.879049011472304, 0.888871550771542, 0.888871550771542, -0.16250756053588608, 0.5458779096101687, 0.19398681631991188, -0.5553106088886369, -0.5615538182325196, -0.5649257982935192, -0.03722194170890211, 0.05440702081465492, 0.26191441333188803, 0.14143490355969776, -0.37711138951751977, 0.0581864649178991, -0.792209228991689, -0.20811996168273778, 0.11919522322688023, 0.11993849872023077, -0.5393697946727991, -0.6060379656447388, -0.2090893180995895, -0.4849598548005361, -0.8294404863811221, -0.3463067908627373, -0.33785232539278576, -0.3463067908627373, -0.18259433361487024, -0.2534128945447647, -0.2534128945447647, -0.8179637347933476, -0.8179637347933476, 0.40155858440101844, 0.6586274932372594, 0.8736285513019575, 0.8523967061930934, 0.7902769608677406, -0.24484800399697557, 0.7682617222715524, 0.8087917517925584, 0.8088526987252317, 0.8087917517925584, -0.23536802479531638], [0.9999829470263257, 1.0, 0.9690660397349934, 0.9992091545333759, 0.9936989172961461, 0.9999829470263255, 0.9778386785989869, 0.9687913012680117, 0.9776169245902057, 0.9582812957521568, 0.9797970636865673, 0.9778869218542948, 0.9778462567705849, 0.9776624712922974, 0.9769372984373503, 0.9854538252146813, -0.259572039245832, 0.9833033181181347, 0.9832743980232624, 0.9779530535175682, 0.9779435108925947, -0.1500606106140171, 0.9677937134525539, 0.9709420183073977, 0.9710134551271131, 0.9600947255232964, 0.03223392709768075, 0.14858856047973695, 0.9757515423911656, 0.9758124164145047, 0.9711171662100158, 0.13620333781099883, 0.9874316778617477, 0.9875129207687012, 0.9882931110235117, 0.9800562635448012, 0.9858220759417465, 0.9874614804951973, 0.9881142028460667, -0.2662428771555857, 0.9883798298376855, 0.9883599897681365, 0.9883798298376855, 0.8888214239178872, 0.5524277937705546, 0.8640512186479755, 0.8791712252858327, 0.7924719482030843, -0.4422975391321032, -0.5490665826751633, 0.8295140813612986, 0.856531144911534, -0.17685058193206696, 0.9340047518450367, 0.9340827683161738, 0.9225429272578497, 0.9326496388694646, 0.9101094743497029, 0.9097396067861568, 0.9169527848909116, 0.917694570257341, 0.9169527848909116, 0.7728423161705502, 0.7330943018289678, 0.7353129424371195, 0.7330943018289678, 0.926861906769198, 0.9320400539608227, 0.9266960408738237, 0.927920508929648, 0.9266960408738237, 0.44133650971307753, 0.38295623099915277, 0.5043402575146453, 0.6085553897308322, 0.4875461573222569, 0.5287648639933428, 0.529683331176374, 0.5287648639933428, -0.2169004584496894, 0.8664084632130079, 0.9033254235464906, 0.8896786616301142, 0.9298210559992379, -0.07736591008698411, 0.8603708166732442, 0.8607832024563427, 0.8603708166732442, 0.8717375867763777, 0.8717375867763777, -0.2655029120451397, 0.5468794903972655, -0.38316387625048265, -0.6517508010488258, -0.4681054657901433, -0.4714904160691579, -0.3047212408494626, 0.22010938137364525, -0.21526822606653503, -0.3931576376157909, -0.5868804967479334, -0.2864377767946427, -0.500225727215058, -0.340242727848694, 0.0940250096347779, 0.08919404397154364, -0.48871517595676744, -0.44409234510169543, -0.4721479072602247, -0.5016794442626291, -0.4942081643099472, -0.4743651196935253, -0.4775869928522368, -0.4743651196935253, -0.3584131300257485, -0.49703775492852487, -0.49703775492852487, -0.47090343538726087, -0.47090343538726087, 0.40136023925408393, 0.41554563419506935, 0.5199946607165905, 0.6024804870592584, 0.5780103868633233, -0.3898892928360257, 0.3841616211869465, 0.3749606382709437, 0.37505403637747764, 0.3749606382709437, 0.11603483756406706], [0.5671510280289499, 0.9690660397349934, 1.0, 0.5606377463183108, 0.4485476481790299, 0.5671510280289499, 0.556051926604336, 0.5443041232655245, 0.4554589802800293, 0.3953018722938151, 0.99664239972931, 0.5560647637035797, 0.5153972073839255, 0.556399921560976, 0.5592886496245716, 0.5954700189965585, -0.101225179587032, 0.5010492513539488, 0.501015516920501, 0.4527909681262022, 0.5556965836836945, 0.20786100909429722, 0.6954485314547276, 0.5227709963839573, 0.5224850762077748, 0.9833986024064308, 0.2887869705711549, 0.17812034179026093, 0.5215964032735763, 0.5210931260930886, 0.7675937367980871, 0.008523091824480411, 0.5543502582157356, 0.45340187669528137, 0.5417223664931876, 0.36197409633538197, 0.9939384409798699, 0.44166325927130856, 0.5576286175347697, -0.10741784099746976, 0.5703843264869798, 0.5531238548020249, 0.5703843264869798, 0.8945714725343568, 0.3892553819074784, 0.9023997181177424, 0.8671036488265645, 0.6499664839563543, 0.2005999198970439, -0.009960369523620694, 0.058088290417325515, 0.4210833707360121, -0.07126776188429679, 0.5128425918948692, 0.44681427767927967, -0.07422264229885438, 0.6856381183536522, 0.6410859712822627, 0.4786875185260873, 0.6473268612367864, 0.7119476622928491, 0.6473268612367864, 0.3250389273179176, 0.5408506611505807, 0.6417429055243583, 0.5408506611505807, 0.5562229544155276, 0.6200130262252513, 0.659962725174827, 0.7328051874117807, 0.659962725174827, 0.20076742864549613, -0.08372687359812095, 0.21904188762136304, 0.14915332092907316, 0.21853635946171343, 0.26289611687542463, 0.3942758596234575, 0.26289611687542463, -0.1723230752647192, 0.4339786933557364, 0.8057492050274481, 0.5207333168784652, 0.7284862146948653, 0.08403555037088635, 0.501314191251184, 0.5025472142754304, 0.501314191251184, 0.6279545995037183, 0.6279545995037183, -0.28937322526996434, 0.7167539720735097, -0.22894350144244788, -0.538939066040413, -0.3869041743028901, -0.39003230147717216, -0.3905834861720271, 0.009748590333279105, 0.024749660409710793, -0.2570770198068223, -0.5217814077769029, -0.13431445562288674, -0.2231267892886923, -0.20776792874247746, -0.02919779089075051, -0.03221270222454777, -0.4465218289550512, 0.012889644110814991, -0.21756107921882378, -0.48104913495710694, -0.10990671280937389, -0.35509068002081384, -0.23138167925079164, -0.35509068002081384, -0.4281578478007347, -0.5038030642424162, -0.5038030642424162, -0.23747179166704174, -0.23747179166704174, 0.32683907639748405, 0.1336546052144477, 0.24300446517689822, 0.4878458280478317, 0.2146235595368905, -0.3033657862831136, -0.03754200893476197, 0.44632861191015644, 0.5612793142568745, 0.44632861191015644, -0.041418071721317846], [0.9996996800040295, 0.9992091545333759, 0.5606377463183108, 1.0, 0.9986212693553758, 0.9996996800040293, 0.9923911018785936, 0.9884092115976796, 0.9934020388187982, 0.9708001982050045, 0.9869744066635063, 0.9924236404280995, -0.13650949329173487, 0.9924610978421531, 0.9925128997712045, 0.9951350891739033, 0.4444034789046684, 0.9932920518799203, 0.9932903222380567, 0.9842702315005427, 0.9924148317842287, 0.43665516208140015, 0.6657913030905475, 0.980698292314051, 0.980675432196393, 0.9702555643337278, 0.29916813165843076, -0.13077693519531144, 0.9896057208382184, 0.9895751225338519, 0.26619711982958055, -0.2061444024254422, 0.9945318413676817, 0.9956963675698594, 0.7690639000676994, -0.3967639004562221, 0.9911587593876894, 0.9956976016948059, 0.9948911806686401, 0.4264341780448631, 0.9920928021943906, 0.9946141923593715, 0.9920928021943906, 0.8872253410253201, 0.6583848803466442, 0.871738092635936, 0.8752486360845184, 0.7703665163063959, 0.38375422961090566, -0.13657413026865395, 0.18508484038377387, 0.939807513130052, 0.44963883755422956, 0.9726846031434094, 0.9683052393631331, 0.8896153164206884, 0.9004911306925117, 0.9172928047563708, 0.9025572749825211, 0.9093306865273372, 0.9105759844465933, 0.9093306865273372, 0.832027701671961, 0.8918271845523295, 0.8931731388705071, 0.8918271845523295, 0.8900679198423835, 0.6637378963305057, 0.825095777561975, 0.8270631942422191, 0.825095777561975, 0.6065500627224938, 0.10059857386473108, 0.5805956204493162, -0.6008864594384098, 0.4807454025786218, 0.2844472389499325, 0.5120996326614711, 0.2844472389499325, -0.10720767003104141, 0.8748711058556439, 0.902863328619146, 0.8852895794457122, 0.8888387096537252, 0.44285789338928666, 0.8731508451024107, 0.8747942072527042, 0.8731508451024107, 0.8663483940840313, 0.8663483940840313, -0.16885872434302715, 0.5735863045527696, 0.19871500629638028, -0.5662067693236723, -0.569497551575832, -0.5727838076142799, -0.050011295270771396, 0.04873795369879938, 0.25462657156128193, 0.12849894940164844, -0.3902098094669769, 0.05142501898316105, -0.7991168183042381, -0.21628029951422198, 0.10784539459344325, 0.10865115819283809, -0.547023764038068, -0.6029148239264986, -0.21096762679916026, -0.49753749407059, -0.8319727996956363, -0.34826067160839813, -0.3403682320775398, -0.34826067160839813, -0.19226688281584053, -0.2638514534527446, -0.2638514534527446, -0.8183201564052062, -0.8183201564052062, 0.3875024600866245, 0.6465285052988141, 0.8660711052525086, 0.8448972614729584, 0.7829462716992924, -0.2586577865068605, 0.7593815131056572, 0.8002194970074242, 0.8002854323302223, 0.8002194970074242, -0.22012150463879002], [0.9974520417482307, 0.9936989172961461, 0.4485476481790299, 0.9986212693553758, 1.0, 0.9974520417482307, 0.9967510908702639, 0.9947558511995016, 0.9969422130227296, 0.960310529301922, 0.9952908263710285, 0.9967696784140858, -0.3481870104279152, 0.9968007291207667, 0.9968285382393414, 0.9978495604913186, 0.25013193373133924, 0.9973485653762683, 0.9973461063020104, 0.986014757109244, 0.9967611479801649, 0.0680257001700927, 0.6250730366047742, 0.9904766092076398, 0.9904317728219918, 0.9843036607719579, 0.04456294873455365, -0.11634987278800746, 0.9878103011030032, 0.9877470797183938, -0.051689112834194424, -0.10432836355189697, 0.9977065485661005, 0.9976446046593057, 0.7447380453088959, -0.540164894863245, 0.9971162274058314, 0.9978956223388205, 0.9979925580367892, 0.226401566075474, 0.9976643138354689, 0.9976657461391653, 0.9976643138354689, 0.9026034387905453, 0.6191892130699452, 0.8940605044264466, 0.8791529957594306, 0.7363074180804959, -0.09843749934010512, -0.579210911598916, -0.23761117147517674, 0.9249598159679878, 0.3051601461919004, 0.9661125978195099, 0.9661756792953095, 0.8832976007430683, 0.8775372137030263, 0.9022623939662768, 0.8871624419086221, 0.9003205080519239, 0.9009698247409931, 0.9003205080519239, 0.8012455924066387, 0.8329841843680271, 0.8346729285069932, 0.8329841843680271, 0.8765341462073994, 0.7671344651902323, 0.856246437904132, 0.857579135159479, 0.856246437904132, 0.5567842083878045, 0.41946517980399006, 0.539096786463807, -0.64700119481465, 0.5353932270979247, 0.5123561593189563, 0.5126013375608277, 0.5123561593189563, -0.12758497718734982, 0.8531872606439167, 0.8712603677264792, 0.8568288794854781, 0.8936080912736744, 0.30041631777927225, 0.8545929174585647, 0.8562528802594851, 0.8545929174585647, 0.8627784411570808, 0.8627784411570808, -0.21244908728811424, 0.6341231730833279, 0.0520920747411544, -0.6016821029755292, -0.6278043951623724, -0.628004646822309, -0.0865269431192487, 0.07025669489455764, -0.14510851093066998, -0.12472469422277609, -0.4782545104809947, -0.3224816694197203, -0.8640066104938928, -0.5161271760116745, 0.07322024250687686, 0.0739017662686846, -0.5780848056355462, -0.5943523833845865, -0.5108275898005107, -0.5412939629523812, -0.7998569892584798, -0.5673952552614624, -0.5703505980445216, -0.5673952552614624, -0.23687826157832187, -0.3031356568277566, -0.3031356568277566, -0.7658826814244272, -0.7658826814244272, 0.3665914317031063, 0.6247201151272314, 0.8153584751967278, 0.7896902122934496, 0.769802323722067, -0.3982396447888263, 0.6083557105223532, 0.6907142552634826, 0.6908904869485964, 0.6907142552634826, 0.014535610580966425], [1.0, 0.9999829470263255, 0.5671510280289499, 0.9996996800040293, 0.9974520417482307, 1.0, 0.990778765265524, 0.9863137646752511, 0.9914407097328627, 0.9730432181956673, 0.9819125327405024, 0.990823596017748, -0.13208308934019494, 0.9908891867617491, 0.990945826341715, 0.9935502407571399, 0.4586432082670368, 0.9919072391221753, 0.9919054663739738, 0.9838263248090893, 0.9908254086542887, 0.4454595589807888, 0.6624157302701402, 0.9777183065234163, 0.9776950934551316, 0.9596899032937781, 0.3041446509990109, -0.12341173860567403, 0.989859261926467, 0.9898182062777373, 0.2746791836598886, -0.20528312303053875, 0.9937245494283506, 0.9945999979691907, 0.8099030836060112, -0.39095478434873643, 0.9874524914928636, 0.9943605972445301, 0.9942615335425415, 0.44104598570526665, 0.9939134518132741, 0.99390881061666, 0.9939134518132741, 0.8888067700849767, 0.6712001695203368, 0.8633648532140136, 0.8788625862163995, 0.7931965894517482, 0.3893256602549576, -0.1305151489781035, 0.19169001504451508, 0.9456237379548232, 0.4658270571978279, 0.9770079762042797, 0.9711483726566806, 0.914092636061433, 0.9095816969840604, 0.9324558446113108, 0.9077359569418668, 0.9291973148049264, 0.9301021461563986, 0.9291973148049264, 0.8421210586810519, 0.905586020984301, 0.9068047247300519, 0.905586020984301, 0.8945897814883669, 0.7317077692217403, 0.8697236254201545, 0.8715787464958116, 0.8697236254201545, 0.6167631231721782, 0.3070333901678182, 0.5928311609800212, -0.5956630787854696, 0.4874962236940195, 0.5425210821825797, 0.5443544530786106, 0.5425210821825797, -0.10022028332359016, 0.8817817112839417, 0.9137827628683909, 0.8955308120755155, 0.9157408124822805, 0.45624922541015295, 0.879049011472304, 0.8805064481212563, 0.879049011472304, 0.888871550771542, 0.888871550771542, -0.16250756053588608, 0.5458779096101687, 0.19398681631991188, -0.5553106088886369, -0.5615538182325196, -0.5649257982935192, -0.03722194170890211, 0.05440702081465492, 0.26191441333188803, 0.14143490355969776, -0.37711138951751977, 0.0581864649178991, -0.792209228991689, -0.20811996168273778, 0.11919522322688023, 0.11993849872023077, -0.5393697946727991, -0.6060379656447388, -0.2090893180995895, -0.4849598548005361, -0.8294404863811221, -0.3463067908627373, -0.33785232539278576, -0.3463067908627373, -0.18259433361487024, -0.2534128945447647, -0.2534128945447647, -0.8179637347933476, -0.8179637347933476, 0.40155858440101844, 0.6586274932372594, 0.8736285513019575, 0.8523967061930934, 0.7902769608677406, -0.24484800399697557, 0.7682617222715524, 0.8087917517925584, 0.8088526987252317, 0.8087917517925584, -0.23536802479531638], [0.990778765265524, 0.9778386785989869, 0.556051926604336, 0.9923911018785936, 0.9967510908702639, 0.990778765265524, 1.0, 0.9971816473856819, 0.9999680139103145, 0.9513112314967859, 0.999588313184105, 0.9999961524220845, -0.15002599317849238, 0.9999924227459422, 0.9999220495145371, 0.9941516698846486, 0.3946969993502562, 0.9998360547935666, 0.9998364285870558, 0.9884745194138987, 0.9999963534228872, 0.3426791296089345, 0.6669229421036076, 0.9842252052382257, 0.9844275708363632, 0.9856560678766524, 0.22049459111584938, -0.1898605771908919, 0.9921822532112671, 0.991906157902593, 0.16553187311443424, -0.2564920982585828, 0.99929231861968, 0.9993833455893361, 0.34912675495806245, -0.3288854655644996, 0.9986752712294753, 0.9992946444353934, 0.9982506578077774, 0.37518757153471594, 0.9313211280964105, 0.9990200211733021, 0.9313211280964105, 0.9110807827234519, 0.6224845528644981, 0.9170755041180789, 0.8885272949545495, 0.6891822655321991, 0.4146976327234136, -0.07941025177872017, -0.2115584693068638, 0.9233805478418212, 0.4077474139595703, 0.9683192718859024, 0.96114782512454, -0.08484959613484784, 0.8269606169023926, 0.8007721682094249, 0.8479410273664867, 0.7940237916210265, 0.7621114661938483, 0.7940237916210265, 0.756862026877146, 0.7615662246298769, 0.7605079236721173, 0.7615662246298769, 0.8347201984275013, 0.305756313283821, 0.5229727730451156, 0.6069413233843117, 0.5229727730451156, 0.5241336525519276, -0.362202487280781, 0.4846080226485167, -0.6641472467786297, 0.40175333577717925, -0.13017626622718798, 0.36767991690344165, -0.13017626622718798, -0.15172038557062317, 0.8100992160208785, 0.8192275951223688, 0.8086974400077089, 0.7346437118211934, 0.391986791346162, 0.8133964969413308, 0.815733053737777, 0.8133964969413308, 0.7209688438036029, 0.7209688438036029, -0.24956053672246703, 0.6848796464445152, 0.2529443089836667, -0.5852406480362707, -0.6128731959583932, -0.6157222322787818, -0.10227527524451807, -0.0038124305917150796, 0.3579252695284658, 0.08913794010726803, -0.4181001718337712, 0.10212967923397477, -0.8265301576968344, -0.1204057990677121, 0.03569386053130041, 0.0366348205211054, -0.593239270127254, -0.6087038697734038, -0.051022529109571106, -0.578612204008416, -0.8443081926969509, -0.344989111586233, -0.17176797415059672, -0.344989111586233, -0.2727571017699334, -0.3143742336299946, -0.3143742336299946, -0.8378472476276336, -0.8378472476276336, 0.3636129636560848, 0.6016205034593378, 0.49721331046054673, 0.8074863062582458, 0.7590796816951172, -0.31737984527018726, 0.05954401703138859, 0.7642405813886394, 0.7827977315448391, 0.7642405813886394, -0.14434345648569752], [0.9863137646752511, 0.9687913012680117, 0.5443041232655245, 0.9884092115976796, 0.9947558511995016, 0.9863137646752511, 0.9971816473856819, 1.0, 0.9994662652938815, 0.9428845911920226, 0.9982711657574856, 0.9979846406804519, -0.15949228605188023, 0.9990032216717437, 0.9987094681101074, 0.9868035833753726, 0.3725782716958918, 0.9990554211240557, 0.9990584504279557, 0.9855325176087697, 0.9991662050898942, 0.31528338178561766, 0.6660972075632389, 0.9918437414729638, 0.9820958115741156, 0.9812447503713029, 0.20053203458622884, -0.20499344075441506, 0.988466610155277, 0.9918787084185338, 0.14489756049839259, -0.263578152779668, 0.9981331892209889, 0.9980310409698142, 0.3280762889667906, -0.33647615185875746, 0.9960674663269903, 0.9978628983715566, 0.9975944408398786, 0.3525736347186052, 0.9224065055122019, 0.9979669119068575, 0.9224065055122019, 0.9084357954147176, 0.6064543195916866, 0.9175227674202796, 0.8842108915467007, 0.6613132605856373, 0.40109127367958386, -0.0953482395653157, -0.22541266255729045, 0.9139598233955103, 0.3864986646320402, 0.9634698857243117, 0.9554507064983814, -0.09594658786127723, 0.8117656066505077, 0.7818758713685382, 0.8374247279549226, 0.7763579951224169, 0.7483624561682177, 0.7763579951224169, 0.7416175068937245, 0.7400802869474384, 0.7455449711732511, 0.7400802869474384, 0.8244841400184869, 0.28361991232690137, 0.49950351599273296, 0.5885275343915702, 0.49950351599273296, 0.5085061785783921, -0.3783483612281831, 0.4670918913053431, -0.6735360949604355, 0.3916163283848117, -0.15426410024962917, 0.3490873444524865, -0.15426410024962917, -0.15916740823669875, 0.7977478701417028, 0.7994527237858652, 0.7925273157825115, 0.7182338712105606, 0.37450254051929155, 0.8017042534290656, 0.8043014932329072, 0.8017042534290656, 0.7003160344644843, 0.7003160344644843, -0.266854428067224, 0.7152826126299666, 0.2610901305153831, -0.5954236157294066, -0.6271975240721953, -0.6298635296863319, -0.11820741518545425, -0.012816057825629988, 0.35100136488725775, 0.06925887308278654, -0.43196988726974533, 0.092695054039533, -0.8337540051776628, -0.1270441881367185, 0.01860841054691471, 0.019589053789279123, -0.606304528294565, -0.6101287389724964, -0.05802695379248921, -0.597777217211873, -0.8448619200693083, -0.3573455955997068, -0.1781652628565872, -0.3573455955997068, -0.2922249706309957, -0.32948416856852186, -0.32948416856852186, -0.8367807238302798, -0.8367807238302798, 0.3395297687725377, 0.5831392872311243, 0.4773080206351325, 0.788856825203004, 0.7453411023803732, -0.34096893161325303, 0.04451517071436592, 0.7443328072655471, 0.766555100816995, 0.7443328072655471, -0.12627120142113393], [0.9914407097328627, 0.9776169245902057, 0.4554589802800293, 0.9934020388187982, 0.9969422130227296, 0.9914407097328627, 0.9999680139103145, 0.9994662652938815, 1.0, 0.950066159537728, 0.9995343152702271, 0.9999689350172741, -0.3225351756966199, 0.9999734655375194, 0.999934476032701, 0.998112637010642, 0.28721142944015604, 0.9997778260511615, 0.9997784200380692, 0.9882805141765265, 0.9999658793649522, 0.11670281505909134, 0.624292463222583, 0.9941236499581932, 0.9940683276330182, 0.9855012092139188, 0.02819633324017114, -0.12945127169947632, 0.9907016121856455, 0.9906654964513227, -0.03278423426468013, -0.21684656139209715, 0.999313125197148, 0.9992712350843475, 0.7575130552433921, -0.528969191892618, 0.998584799863356, 0.999274149045474, 0.9991775239556159, 0.26417837671980815, 0.9991545627904196, 0.9991599076715207, 0.9991545627904196, 0.9109280408735877, 0.6234844118304488, 0.9168133601501745, 0.8879778106602085, 0.6885170235438636, 0.009066272608456273, -0.5251051252259442, -0.18666173396224964, 0.9185155948482671, 0.35591889316116687, 0.9623386392043142, 0.9613934099450142, 0.8547934601964864, 0.8281515486610843, 0.8746838830412288, 0.84904182652773, 0.8728064871963446, 0.8735573308780894, 0.8728064871963446, 0.7562804623198586, 0.8144317516528816, 0.8161591193593613, 0.8144317516528816, 0.836434320806212, 0.7273364442081901, 0.8250869481857012, 0.8265843640453572, 0.8250869481857012, 0.523208887493943, 0.3438331469531579, 0.48413123371326666, -0.6932309480756266, 0.4615973071215619, 0.4251708599637166, 0.4252316108475622, 0.4251708599637166, -0.1082048003624137, 0.8108484975905184, 0.8189504407654645, 0.8088392899998523, 0.865499958605943, 0.3171776952296455, 0.8197850092902292, 0.822209670374192, 0.8197850092902292, 0.8279561826281936, 0.8279561826281936, -0.2518830972340311, 0.6858290602054766, 0.07700222820404273, -0.598582098774373, -0.6545304445377375, -0.6553681643439325, -0.10595683842874944, -0.0010308928003195026, -0.1527959167006808, -0.09638627529924158, -0.4679018482656673, -0.3536911025011163, -0.878108574637145, -0.5551969594237401, 0.03477859347542541, 0.03568783389285345, -0.5951858280545611, -0.604653377162124, -0.5208862720243852, -0.580804230358337, -0.8195900592860498, -0.5915091415465359, -0.5935559619403505, -0.5915091415465359, -0.2754906176278002, -0.3185801156895139, -0.3185801156895139, -0.799294890189198, -0.799294890189198, 0.3641626088610879, 0.600232416578887, 0.8228736796572106, 0.8013369732195328, 0.757387836837711, -0.3468708501318621, 0.6415719591649498, 0.7113810407912516, 0.7115397918754278, 0.7113810407912516, 0.09809224544052113], [0.9730432181956673, 0.9582812957521568, 0.3953018722938151, 0.9708001982050045, 0.960310529301922, 0.9730432181956673, 0.9513112314967859, 0.9428845911920226, 0.950066159537728, 1.0, 0.9234956465266049, 0.9513477786441658, -0.2630712899165296, 0.9510001321317397, 0.9502582756708547, 0.9519905366793886, 0.09552248082383906, 0.9569843299384333, 0.9569604230802532, 0.9514923751839122, 0.9514838494774411, 0.04470881866244015, 0.6733784509015693, 0.9532736684811456, 0.9534900007707227, 0.8235337716352137, 0.12896297283769592, -0.1115332477225301, 0.9598966403044482, 0.9600302340712145, 0.11224602959381316, 0.05286574616367108, 0.9613529328847891, 0.9616400549406252, 0.852176340818461, -0.45360324239996297, 0.9353509908206795, 0.9605092244436367, 0.9619655169725685, 0.07276462908637554, 0.9627406029092387, 0.962703996502522, 0.9627406029092387, 0.7822054505886733, 0.4187000888049975, 0.7421275658739621, 0.8580625596442276, 0.8324264594826456, -0.5543683632651498, -0.6861989057933511, -0.3062963043320207, 0.8676753271003722, 0.07391421818538008, 0.9019467906449959, 0.9019960668172834, 0.8589920413802994, 0.8530123715462891, 0.8847011407077836, 0.8621164391561201, 0.8765817466460154, 0.8774176602705567, 0.8765817466460154, 0.8015733150570162, 0.7798727870247244, 0.781999908510058, 0.7798727870247244, 0.8541766109655716, 0.8743759366712576, 0.8523163420788868, 0.8531107466907579, 0.8523163420788868, 0.6228729777252926, 0.5425059685222798, 0.6241045363312288, -0.4140538328239969, 0.644897519139026, 0.6659358166004785, 0.6690750964278818, 0.6659358166004785, -0.2653529266492496, 0.8590849261801239, 0.9201284971391783, 0.8772176104128154, 0.8753727379642895, 0.19275567683471054, 0.8510957172489686, 0.8524531434472467, 0.8510957172489686, 0.8629058103352155, 0.8629058103352155, 0.011595673754088305, 0.28638631569805895, -0.09054087437908398, -0.5060336732593941, -0.3995786151570841, -0.40150731846427556, 0.06115433081458356, 0.38597512706740716, 0.09874964521495332, -0.030310480945176525, -0.35422079219954433, 0.004936701038458651, -0.8118652978615862, -0.1567884505386847, 0.27460910787444454, 0.2736736159849856, -0.3586399296718307, -0.4387852651084358, -0.31333336536366935, -0.31875972225454946, -0.6857071706262451, -0.3345935615131108, -0.33656476981553357, -0.3345935615131108, -0.0642762547164187, -0.3518339654156655, -0.3518339654156655, -0.5385061270731241, -0.5385061270731241, 0.5703588385169498, 0.6726503895163866, 0.7605665004616071, 0.6705501537326036, 0.8383841386830984, -0.44322237108027346, 0.38675517379473645, 0.5630890752915237, 0.5633696978173609, 0.5630890752915237, -0.22907525302405066], [0.9819125327405024, 0.9797970636865673, 0.99664239972931, 0.9869744066635063, 0.9952908263710285, 0.9819125327405024, 0.999588313184105, 0.9982711657574856, 0.9995343152702271, 0.9234956465266049, 1.0, 0.9995852276753993, 0.9995814858238649, 0.9995358972420288, 0.9995728310455593, 0.9985536713249468, -0.3766663794460938, 0.9997336499455804, 0.9997376408733838, 0.9995926965928602, 0.999592501847722, -0.2716812830548816, 0.9615637277454726, 0.9923916746431007, 0.992364685791575, 0.9887540690265323, 0.010850802311862409, 0.07692139421017126, 0.9892948691365493, 0.9893506978171757, 0.9716397212709212, 0.007912112295621297, 0.9987018460982279, 0.998644676711724, 0.9984506347181809, 0.9992412934477548, 0.9991927457228705, 0.9987001757491177, 0.9984835606290137, -0.38713571194471147, 0.9983898946426562, 0.9984009511360697, 0.9983898946426562, 0.9045403844270596, 0.47944230536279653, 0.9123775118908745, 0.885806024546896, 0.6899997109729549, -0.5394941122209106, -0.6601394647743795, 0.7935730337608171, 0.8057818352536049, -0.28916468157130604, 0.9211895292051494, 0.921386743188291, 0.8521180501139419, 0.8620616708352796, 0.8283113605573253, 0.830978142019233, 0.8376704405303889, 0.8386224811236422, 0.8376704405303889, 0.6601696246191486, 0.6143992119392647, 0.6170405783094904, 0.6143992119392647, 0.8630696153491757, 0.8722962152358388, 0.8615328350572726, 0.8630341037183351, 0.8615328350572726, 0.3078467014510655, 0.23829156321237827, 0.3666591053412428, 0.49047460801233383, 0.35993140726238076, 0.40905798839881197, 0.4117861806882447, 0.40905798839881197, -0.41326107565499287, 0.7717645185247933, 0.8233872035083135, 0.8029818174645954, 0.8611371569005212, -0.13385786404938818, 0.7644568915938003, 0.7650131944373104, 0.7644568915938003, 0.7791642881240022, 0.7791642881240022, -0.3130453213431792, 0.6769986430080093, -0.402015716767553, -0.6910956205405313, -0.5483170310462208, -0.5505600531821526, -0.3661214621397635, 0.1520108507803156, -0.27303821891874264, -0.44356196872155446, -0.6348374522811372, -0.3495928932839727, -0.6242148905123844, -0.4153220032013146, 0.022224754022225634, 0.018368283864508384, -0.5645058809369335, -0.5293824789710039, -0.5480647860174624, -0.5821032832094138, -0.576419049451424, -0.5513841880875133, -0.5543131137123758, -0.5513841880875133, -0.4400964796399555, -0.6041644210045186, -0.6041644210045186, -0.6064970368599619, -0.6064970368599619, 0.359271525192446, 0.3562984037336131, 0.4703566892175887, 0.5533314431529921, 0.5518676240349799, -0.5509229433511029, 0.29703994361958425, 0.31639341050749714, 0.3165602185185693, 0.31639341050749714, 0.2229821043736586], [0.990823596017748, 0.9778869218542948, 0.5560647637035797, 0.9924236404280995, 0.9967696784140858, 0.990823596017748, 0.9999961524220845, 0.9979846406804519, 0.9999689350172741, 0.9513477786441658, 0.9995852276753993, 1.0, -0.14969372201648223, 0.9999943167082875, 0.9999271013830346, 0.9949688927680482, 0.39479899056736206, 0.999837512834124, 0.99983785865271, 0.9885196236613568, 0.9999970017493723, 0.34301482873254824, 0.6669890780085781, 0.9896883623584183, 0.9844156792906991, 0.9856364980520255, 0.22077311378892042, -0.18980855590711282, 0.9921831359411385, 0.9919201474325228, 0.16577699528128118, -0.256466101609055, 0.9992949301332034, 0.9993882619292619, 0.34909438861433895, -0.32866597251029916, 0.9986774123228138, 0.9993036017459245, 0.9982548964315598, 0.3752965458740985, 0.9313027823819605, 0.9990233439047302, 0.9313027823819605, 0.9111257847206283, 0.6226528011756379, 0.9173284497616652, 0.8887730378929871, 0.6893479259098662, 0.41511204237847327, -0.07893576375197588, -0.21117561076950986, 0.9234715940684126, 0.4078499827170426, 0.9684204708375223, 0.9612237966895802, -0.08465308374597515, 0.8271158924954553, 0.8008812406182548, 0.8480579300028405, 0.7941301955382813, 0.7620489839649148, 0.7941301955382813, 0.7569348858454698, 0.7616285097524816, 0.7604405649206184, 0.7616285097524816, 0.8348785882641018, 0.30561790221256413, 0.5229794780683521, 0.6068464320283385, 0.5229794780683521, 0.5240690024647569, -0.3622266774947858, 0.484555720736992, -0.6640424090328453, 0.40162814055814405, -0.13031300702578943, 0.36771865913776347, -0.13031300702578943, -0.15187306608957082, 0.8101681089520241, 0.8193637576656599, 0.8087910660015196, 0.7346345568729323, 0.3920984702976634, 0.813480031632747, 0.815811822364656, 0.813480031632747, 0.7210466843345184, 0.7210466843345184, -0.24955530285695218, 0.6848869320607335, 0.2530667100966462, -0.5852326912687182, -0.6127871190677024, -0.6156420223436478, -0.1023530883468688, -0.003972004311485349, 0.3581073009233076, 0.0891756860689256, -0.4181192658036311, 0.10240363938065795, -0.8262529841391762, -0.12009991388920795, 0.03572572300445158, 0.0366831342436861, -0.5932278962606978, -0.6085241334513088, -0.050758343592367, -0.578594258865404, -0.8441992842036304, -0.3447483312086652, -0.17154821732269812, -0.3447483312086652, -0.2726112112920339, -0.3143292896432125, -0.3143292896432125, -0.8377960139730034, -0.8377960139730034, 0.36414234305791876, 0.6017860507616147, 0.49747386298466323, 0.8077601612274679, 0.7591822623727905, -0.3171412010847607, 0.05983880586481328, 0.7645062920520731, 0.7829245140654166, 0.7645062920520731, -0.1443694602733885], [-0.13208308934019494, 0.9778462567705849, 0.5153972073839255, -0.13650949329173487, -0.3481870104279152, -0.13208308934019494, -0.15002599317849238, -0.15949228605188023, -0.3225351756966199, -0.2630712899165296, 0.9995814858238649, -0.14969372201648223, 1.0, -0.14906565863446822, -0.14491833843244684, -0.12060055406495857, -0.29280233458445826, -0.15051397366268746, -0.1505326954247887, -0.2729718064226687, -0.15012697613729703, 0.025291599647359338, 0.3090112982150367, -0.1841832603949906, -0.18452206290543768, 0.9856151524350414, 0.2477607384870113, 0.18636348301652042, -0.18605554269354327, -0.18667456696566823, 0.5371319445527634, 0.12061617748631842, -0.1477367395500311, -0.3080258380861648, 0.1666325024253085, 0.9600044226247259, 0.9986756181155824, -0.33933129300399156, -0.14243349222694715, -0.28267708274532716, -0.14808587753971966, -0.1484962016867175, -0.14808587753971966, 0.9112057119807313, -0.11853927059839534, 0.9173010658870742, 0.8887163708903737, 0.6893337640037418, 0.08408186614888222, 0.2548597761311618, 0.644531180636768, -0.26756737310081685, -0.29678317433590096, -0.0661316756912455, -0.30228135450283733, 0.028694883039704952, 0.2735657371613784, -0.020236107991135146, -0.3059049551996649, -0.018095247688454087, -0.007819560094974436, -0.018095247688454087, -0.41363066627661216, -0.10582687307555264, -0.10763517962613149, -0.10582687307555264, -0.20436798917032473, 0.07120806777624071, 0.047599867582700024, 0.047813151452406125, 0.047599867582700024, -0.4102046337154693, 0.007001786276942621, -0.37446359692756026, 0.6218031712898426, -0.34321512670151255, 0.008538618492818038, -0.05948419603942682, 0.008538618492818038, -0.30657896394867196, -0.34029811954579764, 0.8193389248815093, -0.11910391554278098, 0.015566008728696642, -0.21964117310890321, -0.2623616008516476, -0.2612086637832094, -0.2623616008516476, -0.02633053702092535, -0.02633053702092535, -0.2290565502053089, 0.6848137633019308, -0.1623135947328988, -0.017575950673925093, 0.1980334643869132, 0.19682244268691512, -0.2515978077933778, -0.009448677063652995, 0.01987191955327119, -0.17375065870392958, -0.11065310775399828, 0.041919774103964774, 0.38593473781152815, 0.11441266627150389, -0.04065391905484516, -0.04447409618284628, 0.08624584630577592, 0.570992876502503, 0.09263271848626624, -0.19259457867005889, 0.614164056044989, 0.0969238567509662, 0.10468137956897879, 0.0969238567509662, -0.23809995202758977, -0.19633277446810365, -0.19633277446810365, 0.32419204005537045, 0.32419204005537045, 0.36425361927157024, -0.2523809046414695, 0.017203510952936815, 0.09114069786943754, -0.24906844230004793, 0.07315367066013419, 0.15379261966644658, 0.1048936686433887, 0.10491925597884139, 0.1048936686433887, 0.12595268654497668], [0.9908891867617491, 0.9776624712922974, 0.556399921560976, 0.9924610978421531, 0.9968007291207667, 0.9908891867617491, 0.9999924227459422, 0.9990032216717437, 0.9999734655375194, 0.9510001321317397, 0.9995358972420288, 0.9999943167082875, -0.14906565863446822, 1.0, 0.9999385540370059, 0.9975020997236147, 0.3949195460953462, 0.9998405877929835, 0.9998408438614194, 0.9886817005024808, 0.9999943376397297, 0.3437090624094662, 0.6668273977898634, 0.9932089297976511, 0.9930961273436711, 0.9855134333101724, 0.22106523169657905, -0.18985465176053135, 0.9929273060545877, 0.9929727809150368, 0.16657913448301603, -0.2562944647519705, 0.9993456637564769, 0.9993874413557859, 0.34802187941767576, -0.32779660196578664, 0.9986144296397342, 0.9993068558391066, 0.9985595516746559, 0.37544257715567103, 0.9307812032570609, 0.9990798965690284, 0.9307812032570609, 0.9114128900514452, 0.6233985887826059, 0.9176945184489468, 0.8891460349376376, 0.6890312767381064, 0.4165410126922081, -0.0773010598092549, -0.2113803804457507, 0.9238769835775904, 0.40814522042741325, 0.9688457215198256, 0.9615950109466875, -0.08569253977524538, 0.8273948513427712, 0.8008004085712677, 0.8483201136416378, 0.7940907489726011, 0.7616477190306868, 0.7940907489726011, 0.7571290429920999, 0.7615829680029194, 0.7608646329080634, 0.7615829680029194, 0.8352311953606236, 0.3049211995455764, 0.5224541438379342, 0.6068793189201057, 0.5224541438379342, 0.5238946914745758, -0.36342237027021784, 0.4844514273762562, -0.6641980927132545, 0.4012247760688602, -0.13133998765639412, 0.36736330084828966, -0.13133998765639412, -0.15181556296182575, 0.8103032096003105, 0.8189501647613793, 0.808885592094933, 0.7247092240037097, 0.3924960323095076, 0.8136054235337431, 0.8159262387734465, 0.8136054235337431, 0.7208496194678714, 0.7208496194678714, -0.25123486336104134, 0.6858100808825206, 0.25358407590158216, -0.5852104936077995, -0.6131799815452933, -0.6160401519306556, -0.10355478596534558, -0.005261956497785024, 0.3584141515245764, 0.08871284230689688, -0.4183904938525108, 0.1024808644655234, -0.825360789302921, -0.1199404480583651, 0.03464998453121365, 0.035603879281640965, -0.5938839964796089, -0.608828169362098, -0.05016532651241003, -0.5799934971655456, -0.8441874512182179, -0.3446835439193828, -0.17097830571672118, -0.3446835439193828, -0.2736440889075955, -0.3148200245856251, -0.3148200245856251, -0.8381500079835089, -0.8381500079835089, 0.36431512151865214, 0.6014609166111823, 0.4969136667794752, 0.80821472768222, 0.75861692287105, -0.31664957620870965, 0.059148636849354085, 0.7649113064486477, 0.7835355485170995, 0.7649113064486477, -0.14403924639704904], [0.990945826341715, 0.9769372984373503, 0.5592886496245716, 0.9925128997712045, 0.9968285382393414, 0.990945826341715, 0.9999220495145371, 0.9987094681101074, 0.999934476032701, 0.9502582756708547, 0.9995728310455593, 0.9999271013830346, -0.14491833843244684, 0.9999385540370059, 1.0, 0.997625813626043, 0.392512830141372, 0.9997906189340259, 0.9997918246408459, 0.9885944932320861, 0.9999229441155729, 0.3445354039923393, 0.669044800499935, 0.9925511387449506, 0.9837998461661424, 0.9856172848660917, 0.2227402814233658, -0.18870325896916526, 0.9920264124880808, 0.9920360830298706, 0.1698050241261325, -0.2566249367765842, 0.9993438560178297, 0.9992300283681818, 0.3486067329625849, -0.3234678257081635, 0.9985181078651542, 0.9992725985763548, 0.9985327048245459, 0.37305036239609857, 0.9298256600561124, 0.9990957120145542, 0.9298256600561124, 0.9095843454672815, 0.6233300339847048, 0.9159485142906972, 0.8871022619277682, 0.6859853968543332, 0.41693612275062614, -0.07592173422918824, -0.2119667690738411, 0.9230666338826193, 0.40523166627022295, 0.9690863569891387, 0.961043266482521, -0.0882093613306548, 0.8267298577477827, 0.8013449560050809, 0.8484637878938708, 0.7946483035082188, 0.7638685971228604, 0.7946483035082188, 0.7557505106475118, 0.7612148807697986, 0.7619393876807066, 0.7612148807697986, 0.8357972261195818, 0.3056010165091973, 0.522723419756647, 0.6082906317222998, 0.522723419756647, 0.522680460542059, -0.36564232501992877, 0.4832690974690115, -0.6615737489152841, 0.4003510565808872, -0.13217564976492707, 0.3676738910408546, -0.13217564976492707, -0.1554201335960697, 0.8101966874171791, 0.8180011398087914, 0.8081909155070236, 0.7365631981035791, 0.39097423312583357, 0.8135848577621285, 0.8158624256488496, 0.8135848577621285, 0.7213320659816962, 0.7213320659816962, -0.25160835677623544, 0.687992302768724, 0.25348581949904603, -0.5875392895749317, -0.6131953512560413, -0.6160797969628153, -0.10573750288012648, -0.006213703245212497, 0.3591856276225393, 0.08698293067305027, -0.42117345216031254, 0.1032910971032934, -0.8238738877053353, -0.11865483405324213, 0.03427100524860259, 0.035171746211771764, -0.5951816013771937, -0.6038191671813146, -0.04917905816644667, -0.5809038803873704, -0.8418930226472946, -0.3445089966395409, -0.1697028051695395, -0.3445089966395409, -0.27413668886910825, -0.31823856514698795, -0.31823856514698795, -0.835837726638494, -0.835837726638494, 0.3616772676169567, 0.5989252214955514, 0.4950549294596537, 0.8087739175568074, 0.7567334781477686, -0.31831858156595466, 0.05710727553575576, 0.7653782025939215, 0.7847757160104648, 0.7653782025939215, -0.14343055135951077], [0.9935502407571399, 0.9854538252146813, 0.5954700189965585, 0.9951350891739033, 0.9978495604913186, 0.9935502407571399, 0.9941516698846486, 0.9868035833753726, 0.998112637010642, 0.9519905366793886, 0.998553