var element=document.getElementById("correlationAdjClose");if(element.style.display!='none'){var correlationAdjClose={"data":[{"type":"heatmap","z":[[1.0,0.9999921707897006,0.9851311320242956,0.9999251956334129,0.9989842474201998,0.9872381359229595,0.9976831265043952,0.9956255792395029,0.9691279897647956,0.9959386546486549,0.9803917743139682,0.9930438233528155,0.9957592990664644,0.9950259422393699,0.9956760037851707,0.9962279920433942,0.9969010597804466,0.9982162084679949,0.9963379496142133,0.9963493573621425,0.9964043056120713,0.9957101222616495,0.9861525865625014,0.9705525016995257,0.9887537522064901,0.9557119601645507,0.9876637126169813,0.9842103032809342,0.9656484906528117,0.9477389657736479,0.9935519165565874,0.9943564168666218,0.9920376812097246,0.9760926002610353,0.9975947149633635,0.9978645251096806,0.9973076638679023,0.9958197039811629,0.9954697055925842,0.9977516015688269,0.9982572631063925,0.998730240392909,0.9975419425186487,0.9975521527679712,0.9767505132127005,0.9166434080326907,0.7448696518380573,0.9112438031694898,0.9131834175787438,0.8462036603935381,0.96516086707859,0.9460314345976584,0.9666372709615971,0.9650186832983801,0.9569729981615476,0.9854317321441085,0.9822317839094704,0.9902590795951776,0.9945775281231592,0.9852675196856872,0.9795855749788265,0.986995288902338,0.984652555312564,0.9875920497314907,0.9873734836335047,0.964909684998187,0.9705025592841804,0.9731685762971647,0.9728297919900488,0.9484814934796558,0.977643948436572,0.9754959690193783,0.9833236808352277,0.9825163023261295,0.938836304551206,0.8702064526395287,0.8377527053329723,0.8888773505282259,0.9119553188065254,0.9079324445353545,0.909867407284629,0.9084455705040897,0.6525101665401031,-0.5696767485916266,0.9786820418949711,0.9718940069274167,0.9682730986574422,0.9860670809909469,0.9724488655907879,0.9830005453666192,0.9829539685262434,0.9478838981444228,0.9831347372333431,0.9515463190892046,0.6751493849339558,0.8830906113454108,0.9200561968867181,0.7695332000470277,0.9266054401218579,0.9452415873567025,0.8250504247608612,0.960778091107606,0.8960312587441885,0.6284711350071925,0.7127452808339044,0.8922327230483306,0.8667267711024822,0.8894158707357408,0.97096422915694,0.971160050810996,0.7412775110316955,0.7153333312621227,0.8249225954066609,0.36227450561882696,0.796726443563398,0.82926776969258,0.8160836657624677,0.8144173255974674,0.7604334467415771,0.7447472358825332,0.7257067130172071,-0.2523687322655196,-0.38998491298733085,0.648603974604122,0.8978836493593267,0.9417180660921771,0.9467425735953287,0.9164848091849803,0.8280800318929832,0.9137581481598638,0.9350096960691434,0.9348292151841378,0.8694521193752461,-0.18950802223933177],[0.9999921707897006,1.0,0.9851153462691354,0.9997976377794378,0.9978563313014954,0.9903567318552523,0.9936877053256121,0.9899799600976849,0.9815609964914472,0.9900084932668645,0.9711567011409356,0.9921515895382628,0.9901856080318314,0.9900346375009398,0.9900799304331729,0.9905979400252597,0.9946363228043188,0.9955268006648789,0.9930270053477585,0.9930271122521727,0.9900751757024184,0.9901294359303714,0.9895266158647114,0.9668661795164734,0.9859925047696704,0.9785250991409409,0.9857846251483935,0.984077766650168,0.9760095735799886,0.9196341141278136,0.9878467373450439,0.9847324608174375,0.9774131679677789,0.9206445286030472,0.9951020561218898,0.9949541650928111,0.9952228293163659,0.9909387846027025,0.9947316759997901,0.9952217972721665,0.9959122109908697,0.9968254777965369,0.9952022059104667,0.99521058608839,0.9877333944888412,0.9163429383405587,0.5891199494977206,0.9108349897548136,0.9131267870058156,0.8463401742153567,0.8720973331413897,0.9157394993775594,0.8755472536061167,0.8991571657845299,0.8712684048380619,0.9548302705396519,0.9547553531430392,0.9622771286150522,0.9828669836815312,0.9774436287028421,0.9807501333579048,0.9755163039100755,0.9752145436750201,0.9778824670006849,0.9778003364027635,0.9426308650763666,0.951386823285841,0.9220871950711077,0.9219911737252822,0.832731014527896,0.9731779625128074,0.9752041444331465,0.9754328333979589,0.9749113586367368,0.9398479835767822,0.6919249728704687,0.6372650397419836,0.776977439093961,0.8618232787617568,0.7990047330889404,0.8314973980800983,0.8298737632496527,0.636903234435683,-0.26765392845556524,0.9622731271948713,0.9681655462954898,0.9620233328354714,0.9782207766186827,0.9595720510583087,0.9663061852578534,0.9655005846339981,0.9149648857238959,0.9688985887049846,0.9198550348931313,0.5282944024457077,0.88227894990555,0.8791761043505372,0.34679112761632985,0.6985567503231702,0.779362992199464,0.6656443269054267,0.960943844376931,0.6740541259786128,-0.2603972521444845,0.16396604854518784,0.643417255616148,0.6486920032493408,0.6950287226969555,0.9625272702515255,0.962412294683887,-0.040625668960298664,0.20244999105082084,0.04101195911137613,0.007192292153309031,0.0356551926236325,0.052000076513994256,0.019514655784345802,-0.02635563006664937,0.4089017966570015,0.14170988551901556,0.09129163748693019,-0.4464159331034465,-0.48504846758711,0.6485883209752249,0.7493959353322175,0.7737216966020855,0.8314940815341215,0.8255519537581492,0.5498233916761394,0.7377743300256097,0.7687379992720702,0.7672640081733477,0.4169120196171482,0.1875926924891312],[0.9851311320242956,0.9851153462691354,1.0,0.9865385117965763,0.9931443637945839,0.9905510665494235,0.9906094178660312,0.9911187257569983,0.9899255994728244,0.994322980062051,0.9572098321675894,0.9970979641455437,0.9910066534177826,0.9929300635079762,0.9911776155810572,0.9908040947455968,0.991428293775352,0.9905761200092149,0.9897652211937557,0.9897328580616183,0.9928544532956568,0.991048472113784,0.9940690776918621,0.9810349400349029,0.9910821471671208,0.9788221970842412,0.9915435121299874,0.9833356595618747,0.983720764281904,0.9523441729280815,0.9719170174141997,0.9757548847368404,0.9780581535177636,0.9520098946274407,0.9879174117969373,0.9910430736098516,0.9893616144837795,0.9929685982042534,0.9950719030008159,0.9921479097361108,0.9860186142682482,0.9882271952327505,0.9882092305360535,0.9875857658506308,0.9910995809016317,0.915815007983719,0.6856399317106806,0.9331219378478806,0.9075646849654452,0.7654605148303599,0.9252068456462889,0.9013732630202369,0.92754539168931,0.9252848283898636,0.913890842967655,0.9522404577292983,0.9599643830733235,0.9673090355463573,0.9799408014844095,0.9342873446490539,0.954680342622259,0.957414160184817,0.9637699993643639,0.9578642176823436,0.9321463127710438,0.9067211621519655,0.9340015951339566,0.9279521994726293,0.9104093271493138,0.8736933060111741,0.9637697099374104,0.9417977120664585,0.9579422008753304,0.9365952017860741,0.7919706118821112,0.815377567555032,0.7423483219724107,0.8366452515942184,0.8753728855488135,0.8744356795590179,0.84403823929084,0.8580700829754275,0.3335444222640604,-0.566938325143233,0.9515040191984787,0.930318772248841,0.9323758739134884,0.9345956090392608,0.9458228216794009,0.9555412123482057,0.9551247663671654,0.9203913187124986,0.9513968390302419,0.852531021158297,0.6503227683756041,0.9417471014497548,0.9413913059819619,0.7344400068334489,0.9098731856663758,0.9303965120680397,0.8110981723410328,0.9793789243545951,0.7782040889775762,0.5350178784100158,0.6534881824096339,0.7869015663200517,0.7929581248789448,0.7757106363420175,0.9826914753208925,0.9827339628868083,0.6627581913449299,0.6538704273456089,0.7127821232018504,0.2979712317726834,0.693537669898497,0.7119593894581884,0.7230418968591346,0.7087284928679771,0.7170989809681623,0.6739762017828379,0.6532259614239644,-0.3222216272851879,-0.4595269753911152,0.6094716160326307,0.8588755053267357,0.8912566306759421,0.8938166531124685,0.8898999416882821,0.7591857845567715,0.8657455794722633,0.8799862239345478,0.8884612727266353,0.7385774311720732,-0.11049180637207745],[0.9999251956334129,0.9997976377794378,0.9865385117965763,1.0,0.9992719827535773,0.9882398751568424,0.9979939165465139,0.9961220163384756,0.9713914514943963,0.9965103037446608,0.9800424811092298,0.9942908957310576,0.9962377897868626,0.9957090631938157,0.9961710858359111,0.9965995274247713,0.9974101984699121,0.9985378222498824,0.9967719955285127,0.9967808457361558,0.9968903357334893,0.9961925309004238,0.9874078835590755,0.9718914145154421,0.9898094989742904,0.9583604126999834,0.9888291089294122,0.9862627198637035,0.967713298372826,0.9489291985673377,0.9929820311483019,0.9939749105860943,0.9921087338213499,0.9757320274425998,0.9977352658003199,0.9981376622808703,0.9975979329402249,0.996358874419369,0.9961521415966664,0.9980637509481014,0.9982424767568123,0.9988597234717325,0.9976747338898934,0.9976819443642129,0.9785725637497188,0.912506522587348,0.7385687958920737,0.9120109815178628,0.9112542288931215,0.8365886956881364,0.9622416164149783,0.9426408231994188,0.9636127014564018,0.9623967672894785,0.954122380066308,0.9833655357843658,0.9807212515370946,0.9894438654666691,0.994509813667936,0.983626304785844,0.9781067206733595,0.9855340307591746,0.9838891405590615,0.9860511866561203,0.9858267729740473,0.952592227025051,0.9689949958349886,0.9715092134512929,0.971169386336419,0.9422845343023273,0.9770485421455964,0.9721594890105626,0.9816725830585048,0.9808253020529403,0.9137919202087159,0.868249538674245,0.8332129922359783,0.8866741652565904,0.9086202596120868,0.9071490790757496,0.9070163374445875,0.9056509479534209,0.5512810454271674,-0.569591547356105,0.9775913786242537,0.9700552857355152,0.9663525180748722,0.9844296353000799,0.9714242478409272,0.9820146624160927,0.9819642031304658,0.9469773846286832,0.9814628543221233,0.9329237178577047,0.680294143087009,0.8903792269381966,0.9244273296608821,0.7711025156354077,0.9282891522898283,0.9466717256205625,0.8253621751511675,0.9622103746578059,0.8898961451105694,0.6250584115229972,0.7109726888007729,0.8871530537258047,0.8631488121618027,0.8840105013387323,0.9719885171271034,0.972192461883791,0.740283278598838,0.7155897358361163,0.81700174000944,0.36428174401373126,0.7910617442979045,0.8210633650954222,0.8079465794403925,0.809105695906048,0.7631259623850433,0.7447613840942843,0.7257904485172431,-0.24774328701994972,-0.38923795286772783,0.6474030379801824,0.896012795215407,0.9399159453641639,0.944986069831108,0.9153615184874228,0.8252858844722846,0.9117796467756736,0.9327946768601227,0.9327693669954812,0.8619251113647989,-0.18226987806673445],[0.9989842474201998,0.9978563313014954,0.9931443637945839,0.9992719827535773,1.0,0.9911779123582605,0.9990644069999973,0.9983842161500104,0.984501424373963,0.9984437998985229,0.9742037403492428,0.9978599877265184,0.9984239073748613,0.998250948481202,0.9984177697279245,0.9984471180721748,0.9985191074718544,0.9992391843768458,0.998782446200029,0.9987817207185359,0.9984928744031597,0.9984108865711462,0.9939545411104229,0.9795761564720841,0.9942266962957799,0.9767702783128235,0.9941759435873087,0.989569959322399,0.981450038976448,0.9524410395724835,0.9895277409238775,0.9921274067302057,0.9896809998729191,0.9671030151097092,0.9989420313035062,0.9989820353369666,0.9989860036856386,0.998517502754806,0.9985912392997788,0.9990871398166369,0.9992112590573485,0.9991569400216319,0.9989311869336472,0.9989305109996577,0.9888074280310626,0.9220733550600102,0.7143152299481904,0.9253806025275867,0.915139454187357,0.8202225892630585,0.9465799542738692,0.9326332946588891,0.950621769191311,0.9542166938500176,0.9453788752275748,0.9797381079571449,0.979669266541963,0.9888867201096944,0.994521716399989,0.9798374779076244,0.972276899204062,0.9807380405549649,0.9797184252965432,0.981068579920126,0.9807957324111689,0.9541253175773297,0.9593361341838227,0.9541687263586525,0.953723606030165,0.9115559721574739,0.9741574247713992,0.9706755030749475,0.9771386563396698,0.9762180382128366,0.9348614378072687,0.8448301427774078,0.8019628300185854,0.8696687580007237,0.9119986407726771,0.8939130393398712,0.902209775014642,0.9009279783604143,0.7072905031948341,-0.5901746817575694,0.9707147584437854,0.9587769131379432,0.956157853510873,0.9808926202682702,0.9608670599108243,0.9747889722969973,0.9743372393482994,0.9370878738828989,0.9766742734665962,0.940806754896017,0.6672916108290088,0.9091840493575866,0.9455969852498758,0.7251802732998539,0.9081035772262684,0.9320356125714601,0.8193197856665468,0.9678929271878006,0.8825268901092539,0.46894283807604425,0.6454578477619464,0.8705862967323551,0.8296703080923554,0.8731509773184215,0.9759749812804438,0.9761311431192383,0.6950329918288732,0.6968405270886757,0.7383463746591512,0.33991064372006946,0.6798505008968959,0.7440073971613089,0.7206989320812748,0.7001731745677189,0.7476745202281102,0.727792907176609,0.7078851605526497,-0.4650298398979846,-0.5437459520283655,0.6379686281690662,0.8889717153423508,0.92455054446721,0.9371215248551529,0.9118385374782071,0.8028406228401975,0.895615633565252,0.9177770918503421,0.9172623384641834,0.7965179863674169,0.029888382037364106],[0.9872381359229595,0.9903567318552523,0.9905510665494235,0.9882398751568424,0.9911779123582605,1.0,0.9871970163114552,0.9875645184932889,0.9909179231326699,0.9872098998739369,0.9624215863658767,0.9796448634726626,0.9874831046277373,0.988789595491697,0.9876278347605647,0.9870976731364487,0.9908801139053098,0.9886495881115082,0.988398538411099,0.9883971569819594,0.9864301262482761,0.9875607592035069,0.9959744106123295,0.9920850280419985,0.9878532594412113,0.9839190216331352,0.9878353287888398,0.9726062391266636,0.9860913590191717,0.9693332963343957,0.9689842718140739,0.973726387254227,0.982099681822987,0.969402527170716,0.9870704731054671,0.9873079495757313,0.9881291258620075,0.9883823092482138,0.9815173367225773,0.9881754993461577,0.9868314040555144,0.9877408497038789,0.9871863916920466,0.9871974726627989,0.9951878907458274,0.8734526692978982,0.7117863492060214,0.8904130876794509,0.9075161528224751,0.834677786379027,0.9274540495218756,0.9109322122313704,0.9295646480090379,0.9391679123929827,0.9251956986820306,0.9584987282339044,0.9632917484074478,0.9661923424013763,0.9769421855344524,0.9689306660660976,0.9826442598852861,0.9700774329481047,0.9821660358307731,0.9698192542958641,0.9692661738645793,0.9709752106689097,0.9630908247921169,0.9442277812669414,0.943728449615662,0.9353520728528095,0.9799437196495315,0.9723275159283591,0.9702491227223983,0.9687226140465984,0.9545624555909477,0.8670074562275237,0.8194480356000692,0.8872350274365004,0.9032098651564143,0.9113262404465174,0.8934658900218047,0.8912645892219492,0.6751860698976189,-0.5290497540055541,0.976740608821411,0.9750715345224715,0.9712421943358125,0.9699946926705075,0.9678720048806666,0.9763654267511209,0.9759873851226155,0.9600230887886324,0.9657385989497043,0.9591484413688514,0.6845914570484611,0.8591986641739419,0.9436105642579808,0.7723075230851505,0.9193925731080258,0.9355549364092972,0.8190947149971004,0.9580377676461455,0.8433504464311327,0.5655663818848577,0.6823816063265347,0.841245003640966,0.8215316924032615,0.8395354914432024,0.9597622229481865,0.9598483698444202,0.7005972729648219,0.6938583785894075,0.7583153881335619,0.36470663687907895,0.741147757110916,0.7640349065257142,0.7504385990572606,0.7525356805431129,0.7486296757875321,0.7126036343043828,0.6958665975075248,-0.27716628672326177,-0.40621719938258327,0.6684403119869092,0.8764442715106526,0.894054264472011,0.903480609092657,0.8902595421803975,0.7951195048445281,0.8636259438471118,0.885587808551618,0.8856451048369259,0.8290473901160905,-0.15258453753416884],[0.9976831265043952,0.9936877053256121,0.9906094178660312,0.9979939165465139,0.9990644069999973,0.9871970163114552,1.0,0.9972827337191151,0.958625712389203,0.9995552694003924,0.9740866087019447,0.9994808556752693,0.998234641145201,0.9991004067059259,0.9990794527212364,0.9991498292175321,0.9968257458303711,0.999901582094663,0.9992987622395401,0.9993039015178402,0.9996728438274627,0.9992688171827792,0.9906478829026605,0.9751655736366809,0.9847235309805977,0.9257803479788961,0.9928867010006396,0.989019185512664,0.9728455208301968,0.947112711023151,0.9919346632921788,0.9917603422360364,0.9932916482217733,0.9730111239401853,0.9988937400228453,0.9998308486403887,0.9996754313067193,0.9994245446951253,0.9996971507764411,0.9998604969898691,0.9977942933213075,0.9996968039450432,0.9993153352899287,0.9989435590788825,0.9823811337950278,0.9291028723128448,0.7304625891961706,0.9372495973364507,0.924948405232048,0.8135530871020207,0.9578003968247834,0.9420940522658221,0.9599443980671909,0.958613388606163,0.951220892424527,0.9817522989399475,0.9803634914092506,0.9912408553256755,0.9964874284119395,0.9438812297772113,0.9590742179208992,0.970900082964753,0.9713089877366198,0.972613214283109,0.9439613819609559,0.8972767869137241,0.9498590671611039,0.9576812187563761,0.9349100525907899,0.8848716228052119,0.9637054480882554,0.9346165189240896,0.9648792363857517,0.9442396385324867,0.7549552263534273,0.8392847735730581,0.7646880645543367,0.8566508101198584,0.8803873103523335,0.8846679262803122,0.8633613946971415,0.8757483414674558,0.28724255092759493,-0.6036958666008077,0.9614259366091374,0.9431841248630827,0.9423410850527,0.9459092211709103,0.9576746579711588,0.9686325347169493,0.968674172997782,0.9271854699884003,0.9649370776699735,0.834438462987584,0.6616796178312045,0.909606621765236,0.9242965541765147,0.7598715082546179,0.9254478961037848,0.9450342037219472,0.8198606612922815,0.9672636565018801,0.8315798885604007,0.6144634237290971,0.7016856111274045,0.8447617552726815,0.8422789077021963,0.83082240582249,0.9760495138119822,0.9762652148993374,0.7273272130105496,0.6936952322827691,0.7823731722560449,0.33489810436950873,0.7684714485631783,0.7922636863828363,0.7816475299389081,0.7888856833941073,0.7438301453386694,0.732948330803845,0.7121921214693322,-0.26512189924132373,-0.41388223272125957,0.6560699131831097,0.8913244852756553,0.9279859668951739,0.9435368575512912,0.9159687055892266,0.8241232882132595,0.9120024773460486,0.9335289651429325,0.9329437584666392,0.7756785423607588,-0.1458096768299625],[0.9956255792395029,0.9899799600976849,0.9911187257569983,0.9961220163384756,0.9983842161500104,0.9875645184932889,0.9972827337191151,1.0,0.9698894062598161,0.9999850063366039,0.9685784600019518,0.9996863199473499,0.999996954364537,0.9996760923288542,0.9999979877048112,0.9998283714707902,0.9932653601015063,0.9993616935983699,0.9998953998268597,0.999894940724511,0.9999594913838475,0.9999947833789504,0.9909764091110677,0.9763646051537826,0.9921500834317393,0.940013254359771,0.993390867663939,0.986553873162635,0.975044757640194,0.9460363143920052,0.9882077873061023,0.9940358705056661,0.9919514265090329,0.9697585347883059,0.9994409146877659,0.9995161262250731,0.9996339642177847,0.999705984838865,0.9989217936390616,0.9994483453841901,0.9984746669946294,0.9986433487515473,0.9995103723128617,0.999375929148956,0.9839141204531349,0.9290985479306441,0.717508348226757,0.9424614045385206,0.9226888762951898,0.7938232241999119,0.9561657415583048,0.937261035178541,0.9579089300739871,0.9523426285313591,0.9448056114853324,0.9797409117419031,0.9772009806556211,0.9902133715084173,0.9972213174738792,0.9384164730349618,0.9538609312686229,0.9635630359991267,0.9676530995777463,0.9657281422898509,0.9420634951335748,0.8876339906791185,0.9442667735004966,0.9501327419634737,0.9290269083696835,0.8706479946129152,0.9604465674531342,0.9276305268826579,0.9587117056509175,0.9391525761562831,0.7397963297384811,0.8298492811155065,0.7598067943730844,0.8472431671434812,0.8720571846340612,0.8790959420517007,0.8583928336664604,0.8680186802770046,0.2674791417373301,-0.6090446097808554,0.9564303938330854,0.9346622079963774,0.9348838774551778,0.9437676307356738,0.9520898460195056,0.9637398626731434,0.9637740561625144,0.9208628084714933,0.9571137859285642,0.8208197059691088,0.6574423442995059,0.9275679087828257,0.9362368077321583,0.7549864526969406,0.9249108460639877,0.9447386285217252,0.8172377117810204,0.9717514618504961,0.835096737589736,0.6000874682973568,0.6923984683873471,0.8458541419839516,0.8391907588834158,0.8339910370985432,0.9788862022398656,0.9791069449281439,0.7173814037748275,0.6850797194632812,0.7841333955600752,0.32071708181190134,0.7632343150563276,0.7878216076345108,0.7827180697807795,0.7832827564383682,0.7368016632737447,0.7266794818534241,0.7052703273221496,-0.2818276027207061,-0.4296067601229515,0.6392452035384868,0.883085468749967,0.9256367343702651,0.9358375367584889,0.9097554728867041,0.8128323769907829,0.9054773794028498,0.9272045016682527,0.926862269698612,0.7557977948063724,-0.12820434946276882],[0.9691279897647956,0.9815609964914472,0.9899255994728244,0.9713914514943963,0.984501424373963,0.9909179231326699,0.958625712389203,0.9698894062598161,1.0,0.9853345984684889,0.9434351081274933,0.9900950633604847,0.9736273304150461,0.9836790338648174,0.9785577951849211,0.9762532566861245,0.953084542335251,0.9807709687687726,0.979206740430053,0.9791777444185167,0.9832933773087047,0.978580185550606,0.9946501076325087,0.9911398356180869,0.9823886574566596,0.9864541870748763,0.9852441791954994,0.9869892795104066,0.9891594608319392,0.9623098384508627,0.9314758075229925,0.952931824923313,0.9691384120484275,0.9501508808770794,0.9731456212789539,0.9812833018734635,0.978207648727463,0.9805951391430081,0.9881797444467445,0.9829585356270157,0.9693326337810982,0.977809151123089,0.9739600782347781,0.9729416249605661,0.9988316530872748,0.8899929729778135,0.6652433484126089,0.9340403165653682,0.9209488558657276,0.7750395428227005,0.8902291800000287,0.8802229787504046,0.8937445699922821,0.9098551565424058,0.8953050146647873,0.933017805664688,0.9477456239368873,0.9515603275227176,0.9655767182305726,0.8907131883791255,0.9550515820359375,0.9343437807305339,0.9564862077682833,0.934667524801651,0.8887107581435632,0.8903996866811883,0.9257644381823069,0.9011381440070055,0.8642496897297297,0.8506502406492271,0.9574595729531442,0.9051929036596583,0.9338208346210687,0.8939135555869709,0.7725013426729591,0.8050979206945853,0.6931926698335787,0.8284380876001946,0.8527097442426629,0.8652585819048398,0.8151213517837292,0.833395546636139,0.30306812905755925,-0.5572566475075699,0.9440921500482435,0.931904648722912,0.930182439045719,0.8907442128795254,0.9331430255630584,0.9434787708965217,0.9429212866667961,0.9198728674748565,0.9275290979437653,0.8321535801259107,0.6616171316797305,0.9192221231801443,0.9518959661453553,0.7410305826056321,0.9058315105358602,0.9235578026391431,0.8002590891937801,0.9675202037830309,0.7465438928162936,0.5013311598608606,0.6357078767114155,0.7666151293003297,0.7716950759051151,0.7532472269761785,0.9672049768669965,0.9672278458901897,0.6468455729601253,0.6430052700719887,0.6798993334707627,0.3052593869602064,0.6772204558935525,0.6927143039235766,0.6737079088487554,0.6893136136766282,0.7111246793663814,0.6713251224584953,0.6517044027589451,-0.33092898656492764,-0.4649186393082174,0.6607168743766968,0.8481373450900858,0.8467704875628956,0.8718244382079614,0.8731506313545446,0.7564436420527775,0.8233686861554558,0.8529749417530552,0.8478538291394797,0.7135789221342643,-0.06882064135043783],[0.9959386546486549,0.9900084932668645,0.994322980062051,0.9965103037446608,0.9984437998985229,0.9872098998739369,0.9995552694003924,0.9999850063366039,0.9853345984684889,1.0,0.967922382594103,0.9996854234899223,0.9999817981479803,0.9998460615040221,0.9999904037065044,0.9998905442867189,0.9984780361089868,0.9993533870768566,0.9998377625895052,0.9998368020439903,0.9999678388655637,0.9999829492095249,0.9938683901186008,0.9778734008271563,0.9954198724293675,0.9749792780430818,0.9955533858835618,0.9865206686874265,0.979446625549021,0.9473012550889064,0.9888427434946254,0.993161427694544,0.9890489775491411,0.9654698640415456,0.9993767176386509,0.9994563957882701,0.9994627965073456,0.9998494482733555,0.998930991350418,0.9994347713862272,0.9990123949673383,0.998657525248653,0.9993730234155873,0.9993673968710659,0.988455563402495,0.9291276545179842,0.718142870867079,0.9422560165144379,0.9224844836176456,0.7940351798944425,0.9437417825719829,0.9276864735094896,0.9473072610830003,0.9498450057973197,0.9421113205714551,0.977664034817172,0.9772546317090621,0.9902866539367993,0.9966902563366787,0.9692573818413752,0.9542339956218494,0.9700851232770467,0.9677518957574762,0.9705113407841046,0.9701968111082132,0.9414407236373116,0.9436138003148541,0.9434817099885316,0.9430915897803797,0.8993404236519086,0.9607941536045105,0.9610286337686054,0.9670013815800498,0.9658818783731181,0.9216440109697849,0.8292203464677729,0.7804012867703206,0.8464240446725241,0.8932652891249752,0.8778286834090413,0.8850088519777083,0.8839971027200013,0.6547104751344709,-0.6236062892578765,0.9563992437355034,0.9346987414028448,0.9350362585743277,0.9705455049796067,0.9471323028927736,0.9633376711669115,0.9628584747892338,0.9218338216315509,0.9654788598886471,0.9258791033775862,0.6559119452802286,0.9271320775576316,0.9496455965167498,0.7324039059030593,0.9126748481572368,0.9361037133061308,0.8163885004248028,0.9705909388978059,0.8891398314312982,0.5008625528883425,0.6620468407704675,0.8778183907971221,0.8374182957024039,0.8808254857027003,0.9788180989664514,0.9790676435933214,0.7153243724874591,0.6821275732320121,0.7540142221824302,0.31861516748113605,0.6972684798968347,0.7594178676796262,0.7380156983018912,0.7184734877567124,0.734319372286498,0.7235323706093625,0.7020772652307735,-0.5136504097668593,-0.5933282696361886,0.6389355621572048,0.8819282050841384,0.9245783289102333,0.937832608754252,0.9087816775650823,0.8081347982643178,0.8959963734733865,0.9177758273005959,0.9171870363060713,0.8063845181529314,0.10171613680456228],[0.9803917743139682,0.9711567011409356,0.9572098321675894,0.9800424811092298,0.9742037403492428,0.9624215863658767,0.9740866087019447,0.9685784600019518,0.9434351081274933,0.967922382594103,1.0,0.9570820107477717,0.9689489913759975,0.9679392724578286,0.9686905184655711,0.9682065671626086,0.9682422427450466,0.9759948523780302,0.9726792749251435,0.9726922908393779,0.9687412701847389,0.9688077183642189,0.9672692424549272,0.9549475930835029,0.9750461218277339,0.955675072890691,0.9730498002084704,0.913198941268108,0.9706612660387637,0.9550411412697414,0.9780278592701497,0.9725637789109669,0.9726183771503984,0.9412800632316867,0.9763108404085523,0.975909276893933,0.9763168264974976,0.9691951747124173,0.9639213783432882,0.9753521002438802,0.9755830723742231,0.9785077201053187,0.9764761106870447,0.9764920158338349,0.9567256107511292,0.8535738868755617,0.5405915305389277,0.8258184481494314,0.9047668847566183,0.8795946052882418,0.9063044546089546,0.8436263104180297,0.9105632685239425,0.92168109236474,0.9078267640073424,0.9387067061144164,0.9385770843842173,0.9469173224406021,0.9714577655745188,0.9471043704222377,0.9398815759993673,0.956182789188933,0.9506638543877849,0.9547740379916823,0.9547944541920638,0.9134955313812138,0.9548360998219693,0.9422952856701012,0.9419862530891117,0.8702243835259376,0.9399539095730619,0.9470339607158477,0.9411078307882811,0.9400631742687737,0.8923378316828003,0.8375252076625365,0.7975038085575937,0.8770521965142637,0.923258919562469,0.8980236137631996,0.9107273227430113,0.9101056753496857,0.7410619895786914,-0.3201312626363294,0.9552255954582194,0.9573017846126506,0.9487744418361237,0.9487137510634551,0.9346087401485548,0.9564057454094166,0.9563719716813621,0.9051794253715207,0.9582256957246845,0.90947542368077,0.7456921626161312,0.7403764044855125,0.8779126427939565,0.6624393327378841,0.8675624162879096,0.9003683851443355,0.8832609044934551,0.9543013309219985,0.9090862713085344,0.38056121297771534,0.6634417270729475,0.9016212182750368,0.8812168398113439,0.9086047829789184,0.9545103793045188,0.9548190625409573,0.5542231247810395,0.7190230171483177,0.6291079318431418,0.502637660904329,0.5897747784800387,0.6427206286452195,0.6045807097269029,0.5780458438273547,0.8196442279311988,0.6974823070120525,0.6626413345286254,-0.2952647253987143,-0.3483565582577842,0.755308061896218,0.918048797106259,0.9249231077827574,0.9152415452905986,0.9421041181935467,0.6765332204165265,0.8503824120007416,0.9120067042220146,0.9111473286402604,0.6957463820761823,-0.16315890402452543],[0.9930438233528155,0.9921515895382628,0.9970979641455437,0.9942908957310576,0.9978599877265184,0.9796448634726626,0.9994808556752693,0.9996863199473499,0.9900950633604847,0.9996854234899223,0.9570820107477717,1.0,0.999710186905301,0.9996910804032157,0.9996988434072088,0.9994201515122791,0.9990142240867778,0.9992139518960875,0.9999604930151921,0.9999600649494953,0.9996977360748764,0.9997051594710437,0.9911603459242907,0.9625086464187103,0.9921832183356973,0.9807170817399018,0.9932085774634255,0.9902561191440886,0.9737927215399494,0.9073636878364738,0.9892025749862462,0.9928241035184754,0.9751596896725779,0.9076030437536277,0.9992360758736093,0.9992973490424608,0.9992412523574803,0.9994899684058723,0.9994641176195528,0.9992638496569977,0.9988575838938124,0.9980519393410846,0.9992127748312285,0.9992087526259352,0.9899628783349277,0.9233370280760391,0.558383598923146,0.9383463002035558,0.9217186422204606,0.7977417802984802,0.8603123952489935,0.8996904459606558,0.8652645294740418,0.8815512980921801,0.857704025915565,0.9527757491586097,0.9527212723250192,0.976820386049565,0.9938453285125881,0.956062398792462,0.9579435032147903,0.9487493006146214,0.950592073918672,0.952671194219981,0.9524914081148057,0.9071007861321091,0.9184525272010677,0.8825421844729086,0.8823752600742445,0.7786012280016207,0.9528059482959875,0.9558197873171157,0.9559649442482118,0.9553229378931298,0.909356396819189,0.642467308612846,0.5841287163897743,0.7283279437464351,0.820708645398524,0.7555465020354839,0.7894846419151692,0.7883469402972275,0.581024121122801,-0.3870853327760541,0.9297420804425196,0.938417248483238,0.9294648589867048,0.9573222354570482,0.9266113179228196,0.9349826444779678,0.9338989951425606,0.8727792795767697,0.9387813709821299,0.8791686656338638,0.5647392322693895,0.9240842691580043,0.9180502950306196,0.3756982343198564,0.7261180327458454,0.8002176255197924,0.6737441163329934,0.9738761294476751,0.6815194281100024,-0.2030422134851541,0.2088725324132973,0.655297638878848,0.6588131885120975,0.7000173362545046,0.9750901138259638,0.9751480750777908,0.015115664735084168,0.24777714791197383,0.09814123015313318,0.063567933029047,0.09074167532245067,0.10951182389423693,0.0761521876525404,0.02497582082885161,0.4508303918430057,0.1795019319296092,0.12645593756412635,-0.5142385831427617,-0.5521559169302597,0.6389630267636954,0.7451121804104572,0.7696214695669067,0.8304289995209966,0.8264774626438324,0.5335850871776997,0.7316810564263546,0.7647880516097861,0.7634277515385752,0.41184814747637394,0.23635229477961858],[0.9957592990664644,0.9901856080318314,0.9910066534177826,0.9962377897868626,0.9984239073748613,0.9874831046277373,0.998234641145201,0.999996954364537,0.9736273304150461,0.9999817981479803,0.9689489913759975,0.999710186905301,1.0,0.999659976758108,0.9999976663349894,0.9998498774953454,0.9944466103904375,0.9994087184711361,0.9999058312534332,0.9999055763160085,0.9999670409301848,0.9999951849548157,0.9908788628015778,0.9762272841231833,0.9928080217497016,0.9449208607585736,0.9933507659912618,0.9867209580929778,0.9748724000924202,0.9460385113108559,0.9891021069388838,0.9941002508955695,0.9920280850257457,0.9699034595013609,0.9994834021960808,0.9995587945485738,0.999666453164132,0.9997072067307631,0.9990016641520888,0.9994915921361511,0.9985378939491876,0.9987200035137747,0.9995538497404868,0.99941937404368,0.9837115854468816,0.9293953410754762,0.7182321260041397,0.9424079232272239,0.9229224613671348,0.794910634594742,0.9565055679639523,0.9376739940533072,0.9582557546457965,0.9527171113220595,0.945212968707374,0.9799863594543254,0.977390745229336,0.990352673908681,0.9972858457326396,0.9387354782966675,0.9540298170962883,0.963862789083206,0.967794919489029,0.9660225684736791,0.942328523818387,0.8878081765398056,0.9445425465179703,0.9505564353719654,0.9294671251518738,0.8710749211457642,0.9605356282961437,0.9278572350726196,0.9589429100187625,0.939450529742179,0.7399003713048343,0.8303288910312551,0.760364918310737,0.8477069918906259,0.8724072283871672,0.8793615638930966,0.8588126387633027,0.8684535138611192,0.2678066409782255,-0.608960762852442,0.956646344278406,0.9350284197587085,0.9351905628636572,0.9440173064221141,0.9523228041992634,0.9639639909023939,0.9639994389462594,0.9210611225486005,0.9574374846996372,0.821054046610457,0.6576106054241847,0.9267560549237976,0.9357030066974031,0.7552043241761303,0.9249486251032997,0.9447785863075725,0.8175159112796634,0.9715849325494094,0.8355513600769137,0.6011247370892066,0.69308587676225,0.8463275534234008,0.8397232032518694,0.8344269594110387,0.9788043794196251,0.9790250039100857,0.7180400374743209,0.6856827348435159,0.7847154298394924,0.32154012448541996,0.7639218678548412,0.7885037565492369,0.7833063458034893,0.7839920622289945,0.7371976620719938,0.7271392514783752,0.7057561466773185,-0.280818115353579,-0.4286962599453128,0.6398041855886399,0.8836023232173239,0.9260636962928304,0.9363505432887541,0.9102128479443474,0.8133905847642418,0.9060362132521862,0.9277507762817591,0.9273956748449483,0.7564708331366078,-0.12925086148308534],[0.9950259422393699,0.9900346375009398,0.9929300635079762,0.9957090631938157,0.998250948481202,0.988789595491697,0.9991004067059259,0.9996760923288542,0.9836790338648174,0.9998460615040221,0.9679392724578286,0.9996910804032157,0.999659976758108,1.0,0.9996967576363084,0.9995626138694927,0.9985066174224122,0.9989843833318779,0.9994995935625618,0.9994924165066178,0.999679263623106,0.9996525900504043,0.9928781624500888,0.9779272171372739,0.9960482610674735,0.9716262720700694,0.995938935888741,0.9865844062690082,0.9776888179376436,0.9485358935162209,0.9881946057308915,0.9920755704988529,0.9910582973718965,0.967562575329919,0.9987896492313486,0.9991048726831794,0.9992853818898997,0.9999188414018046,0.9989538493716884,0.9990952133255752,0.9980160988272856,0.9980581831268108,0.9987848237312263,0.9987130175992212,0.9877749582228498,0.9293493810349808,0.7138821945346233,0.9424982639710547,0.9228298472257777,0.7942563639054897,0.9519527614566698,0.9309681745783951,0.9530998586228484,0.9492305335649129,0.9410834073745742,0.9764484243779112,0.9752664035137243,0.9878987244606212,0.9957693400964275,0.9613600447388551,0.9537476952834698,0.9642013631246478,0.967242657607317,0.9659166495821254,0.9652257177133091,0.8919352567833583,0.9419168604178624,0.9490848431934741,0.9487803221671516,0.8696807665143678,0.9609204840805896,0.9392008308256026,0.9608196960011677,0.9595334930960112,0.7446806124465478,0.8276018493232854,0.7886691347159047,0.8456218993925843,0.8739164146097615,0.8786915840835681,0.8672054023448017,0.8676213131535545,0.25366988819187064,-0.6033612401771973,0.9559532609711235,0.9347577051706751,0.934259082124597,0.9640096016668502,0.9519132822877473,0.9629379520168121,0.9629267326047307,0.9211942441321304,0.9578253061823102,0.8276596558931257,0.6580134960326587,0.9272247874234466,0.9366053086762112,0.7529488672511885,0.9232846040604886,0.9433580879297221,0.818404914073383,0.9741155322703269,0.830205793076532,0.5925623067279349,0.6885321100931775,0.837550301756248,0.8344035462849277,0.8265418611253306,0.9805910239502127,0.980773329114825,0.7090317884562136,0.6804867748459703,0.764736890472602,0.3212647644316527,0.7540569123777094,0.7772714613009882,0.753666054917345,0.7730255222597773,0.7350250368292748,0.7172626449417352,0.6961415019485448,-0.28730864045055327,-0.4336096203033271,0.6394163508873111,0.8813495312060349,0.9272421730745297,0.9316529364604528,0.9093297039313678,0.8055908105273875,0.8998019089972887,0.9205200465132176,0.92087342983079,0.7498487852964745,-0.12756958585336664],[0.9956760037851707,0.9900799304331729,0.9911776155810572,0.9961710858359111,0.9984177697279245,0.9876278347605647,0.9990794527212364,0.9999979877048112,0.9785577951849211,0.9999904037065044,0.9686905184655711,0.9996988434072088,0.9999976663349894,0.9996967576363084,1.0,0.9998549938917256,0.997630388487407,0.9993802775113686,0.9998987624758147,0.9998979897047623,0.9999611094770787,0.9999927783779828,0.9910173998168942,0.9764214154624267,0.9945946577136454,0.9596142851664771,0.9944241146524985,0.9866532012341144,0.9750920911278234,0.9462129424524984,0.9915582010167021,0.9943938325351274,0.991895804840184,0.9696604221199916,0.9994552664613536,0.9995195723698437,0.9996429960975988,0.9997235096888012,0.9989589349170013,0.9994577017665452,0.9985347718880234,0.9986633204568705,0.9995226380417872,0.9993911013407369,0.9839024567343633,0.9291970980237757,0.7175657931434158,0.9424762785842338,0.9228563128134377,0.7943326481635417,0.9562634515410331,0.9374203931615935,0.9580414068078331,0.9523002004636025,0.9447355157757226,0.979780901884136,0.9771565873422726,0.990186732930457,0.99718806957959,0.9387495572443174,0.9539687162374475,0.963748799527036,0.9677265433915488,0.9658981582819427,0.9418154268136765,0.8878640377180516,0.9441377848914411,0.9502034970898003,0.9292670171828743,0.8707823211538646,0.9606041469348011,0.9280204955801814,0.958939637794808,0.9395021622155594,0.7401739430257563,0.8298073008753309,0.7600960285889995,0.8472463937724115,0.8722396396323242,0.8790774930888235,0.8585593916682129,0.8682019802911267,0.26784282779171487,-0.6087493726193954,0.9565037652880578,0.9348494148999313,0.935042730847502,0.9421005296171958,0.9522767244855562,0.9638170946665513,0.9638480611748697,0.9210450913843823,0.9572997656844557,0.8211065482701198,0.6574836786255625,0.9271814257562404,0.9361060598037264,0.7549404624958439,0.9247969244787259,0.9446491823465187,0.8172422609596558,0.9717709186758786,0.8351494232801279,0.5999447130346595,0.6922909472781082,0.8458912704888244,0.8393414516127022,0.8340370974062132,0.9789360926024958,0.9791533742852614,0.7169381818190632,0.6846946970263693,0.784130512519534,0.3210136069406526,0.7632233898788539,0.7877538054083856,0.7829017818773747,0.7831920592714725,0.7367090546541569,0.7258821441239911,0.7045079296462233,-0.2816241275379727,-0.4293994749832515,0.6395590174243315,0.8830087132515165,0.9257845565025549,0.935903659119574,0.9098136975318152,0.8126407968473653,0.9057108564300804,0.9272662423625815,0.9270403944567805,0.755918791120308,-0.1285077844203193],[0.9962279920433942,0.9905979400252597,0.9908040947455968,0.9965995274247713,0.9984471180721748,0.9870976731364487,0.9991498292175321,0.9998283714707902,0.9762532566861245,0.9998905442867189,0.9682065671626086,0.9994201515122791,0.9998498774953454,0.9995626138694927,0.9998549938917256,1.0,0.9980230551066248,0.9994425008099732,0.9997634723552182,0.9997656423527853,0.9998657660860261,0.9998454932703941,0.9905325678135674,0.9755810980318386,0.992810958809141,0.9487989743937143,0.9927429979935251,0.9864145589185019,0.9738754116074213,0.9459266442180386,0.9920157344570699,0.9939059155353026,0.9915989828443234,0.9691312128923988,0.9995224607131564,0.999503265251026,0.9996329655401276,0.9996803340401411,0.9990992482976634,0.9994840685554421,0.9988761817305678,0.998874028952002,0.9995821796188669,0.9994649529633506,0.9826544231138565,0.9346196346392475,0.7243650731249108,0.9434875184936969,0.9253747594564917,0.8019387751211574,0.9586508508053015,0.9410520982177084,0.9606219395892864,0.954372776691418,0.9469948454655097,0.9815502750204333,0.9785656724527214,0.9909324817472223,0.9970930493816136,0.9415312240613665,0.9552245618328153,0.9656868993026961,0.9680211044630533,0.9677955175948206,0.944615647194533,0.8891926050260189,0.9432656307789067,0.9521149163592962,0.9321263762901343,0.8726782807968637,0.9613088786442785,0.9305178272731751,0.9609188322340781,0.9423766617756307,0.7418123393352771,0.8292203628499618,0.7625979445825548,0.8465743354692525,0.8731660421436033,0.8778822988041772,0.8601562521241886,0.8699290439792211,0.26938514216112014,-0.6087036899476473,0.9567076716617748,0.9354520563991702,0.9358451266207879,0.9465815961867204,0.9536206120775856,0.9643218056375996,0.9644123859431349,0.9215248104136059,0.9591719255661851,0.8225956622990374,0.6495470390251621,0.9206488371509441,0.9320629166871817,0.7509262722363682,0.921921815022081,0.942184022868176,0.8167762895724264,0.9707051130862803,0.8369589026772368,0.6021775961874936,0.692362730