var element=document.getElementById("correlationAdjClose");if(element.style.display!='none'){var correlationAdjClose={"data":[{"type":"heatmap","z":[[1.0,0.9999942346907964,0.9859121762990436,0.999930645205671,0.9991538284432375,0.9842100339112345,0.9979164956462246,0.9962343080255084,0.9699761620158466,0.9965096886575426,0.9946850940823498,0.9941757501448368,0.9963415172615824,0.9963786686437662,0.9962778868086373,0.9977260460784823,0.9980035559771342,0.9983982218759793,0.9968296855211288,0.9968447259450844,0.9968512462182615,0.996307956637271,0.9878141503794721,0.9721876658378122,0.9903891545180782,0.9581246429455389,0.9894608926530123,0.9878075940989488,0.969497146581086,0.9548884807344441,0.9927419149799913,0.9940471411750945,0.9927723516431566,0.9785287186940386,0.9978204295884843,0.9979976412750311,0.9976184759898278,0.9964064747083384,0.9958347046349882,0.9978976226188638,0.9987509955466691,0.9987882996122568,0.9977903888706167,0.9978045659732755,0.9772035193019882,0.919407125258722,0.9520571723534812,0.9338842781836099,0.9344941656495762,0.9123642646908734,0.9637803018457827,0.9500299386050386,0.9655614003835402,0.9673207199956914,0.9567100704133459,0.9845417127807885,0.9820300762365768,0.9907448337694106,0.9943622554914131,0.9873158477668114,0.9829089737513512,0.988450527710629,0.9867557765737783,0.9889888523887881,0.9888554372502042,0.9608173365090064,0.9760271376853223,0.9768530561397494,0.9766124991036083,0.9512221938728058,0.9814858091767733,0.978493980474991,0.9856298563052708,0.9849665717926628,0.9420658088504722,0.8948941923488513,0.8632692951623122,0.9102131603232728,0.9258258160001929,0.923463706267053,0.9238745607478197,0.9225876630565909,0.7123844306254385,-0.549831981507716,0.9812519735803772,0.9767954799304212,0.9738807941685451,0.9879962760869112,0.9749607240893937,0.9848583027507697,0.9848883642761167,0.9472628719442331,0.9852630399561297,0.9503615370405146,0.7874443274729299,0.9132864683285731,0.9320986149430697,0.8120496936344986,0.9534660262798655,0.9542368706810213,0.9009442584010751,0.966713103892178,0.8952295288050207,0.5903771634666957,0.7247123567308901,0.9023733698680961,0.8716089541885852,0.8936173483344232,0.9750374049003088,0.9752190374498324,0.7855525533538469,0.7451768073314072,0.8248980689963993,0.4386566992580221,0.8051694784340166,0.8290971570788489,0.8242980014588261,0.8164886802095181,0.7867268766387684,0.7534325786734092,0.7370715090329445,-0.2809372621808192,-0.42095373600372726,0.6719733975129274,0.8901913158463169,0.9323098937490638,0.941002914618999,0.9049701307476555,0.8258053602423724,0.9086730428134562,0.9258227454111815,0.9256792915266342,0.8601514954765,-0.1539704455522725],[0.9999942346907964,1.0,0.9890725979655185,0.9998459801189474,0.9983090320335578,0.9897816569685107,0.9945449663951267,0.9919172232779406,0.9861324985873162,0.9919298159275868,0.9919476300360792,0.9935086771018266,0.9920431726193101,0.9919272694561323,0.9919859631720434,0.994117264368367,0.9965654356327937,0.9961678182363769,0.9941854958065311,0.9941907080486752,0.9919788001565694,0.9920249946908655,0.9923773391548745,0.9760080673303905,0.9887511337015027,0.9834432240208529,0.9887162716734772,0.9878404035800726,0.98203816893283,0.9384454478060318,0.9897103242304897,0.9874744839611784,0.9819951453179702,0.9383203900410326,0.9955665745647119,0.995485193533069,0.9957022199422864,0.9923951008641172,0.9952489157775044,0.995714331127696,0.9969716925532255,0.9971347504935598,0.99570290272811,0.9957121011283337,0.9906039032749518,0.9189306795576326,0.8949511745063026,0.9335034777521803,0.9344143327594022,0.9123431680045907,0.8862682891656555,0.9285903274900722,0.888646863967195,0.9174981502494348,0.8860253830006194,0.9570838368605156,0.957066296529653,0.9708031718180214,0.9849666760712443,0.9831075155643312,0.9850135243094114,0.9803414778024431,0.9814544594907724,0.9818889760093236,0.9817917021552214,0.9481674001064159,0.9638080079309995,0.9406914380998532,0.9405753404942382,0.874347376016709,0.9804200383339712,0.9817773527335143,0.9819712060023918,0.9815592575266752,0.9529560510751987,0.7861357749680283,0.7472455819598749,0.8441936799904527,0.902741048870557,0.859438077043049,0.8815824390224019,0.8804188481618858,0.7483667424078068,-0.179785361618693,0.9710821269092718,0.9745755842940717,0.9708219045955839,0.9835933765021643,0.9682674785083888,0.9738254951444404,0.9732344348500229,0.9313005182811273,0.9754644049650134,0.9339190025721844,0.7131432502343186,0.9127962736614535,0.9117225626669686,0.5329906072322302,0.8402747070926501,0.8447398573179558,0.7484672392297234,0.9672553051104396,0.7216253609899368,-0.30284625389233644,0.22983844827707947,0.7484484133949149,0.6979950277897243,0.7411417754643145,0.9687931901475112,0.968808764589551,0.1641978041866984,0.3372599286670798,0.17152336455487566,0.1426719923544867,0.16478082441570507,0.1788657325430439,0.17587234590488526,0.09651035585713909,0.5258894767045037,0.2573410354351275,0.20677280492810057,-0.4374630687579408,-0.48405191251857066,0.6712306606697643,0.7518006580126577,0.7757582680391818,0.8376840200729189,0.8166734739706564,0.5772803313195088,0.7585793097652545,0.77019552619529,0.7690615701680582,0.42317744201378965,0.2259473051544707],[0.9859121762990436,0.9890725979655185,1.0,0.9872703208045248,0.9932533866530399,0.991455643595423,0.9897089533451725,0.9904073913737732,0.9909404915372297,0.9930738652668258,0.9970482725158658,0.9962141381770723,0.9902663659422579,0.9924260731812345,0.9904635229767123,0.9899117923173308,0.9908110346166863,0.9900565949327297,0.9891061827645091,0.989083938280483,0.9919453200781994,0.9902941444579599,0.9949481697589692,0.9845510654069549,0.9911614069478437,0.9814987471872046,0.9917540783005417,0.9874193926832242,0.986750440545029,0.960941468745644,0.9695369230364107,0.9737408510890715,0.9771335158157621,0.9556064127205516,0.987032624488905,0.9901284833666827,0.9885062867595892,0.9920690836892193,0.9947010252094811,0.9909284044849863,0.9849796608287599,0.987851254463525,0.9873905097101221,0.9867700251955612,0.9923395153578749,0.9146987812329989,0.9354337054261752,0.9452395203974329,0.9279274411003074,0.8708458322175912,0.9217106926238754,0.9057332478821147,0.9244240746496828,0.9296886261660399,0.9141090297238419,0.9498615563194341,0.9588998153878827,0.9671421078559954,0.9774541261966666,0.9416295140055527,0.9659594750619276,0.9646451572757063,0.9713336950275622,0.9648865080502191,0.9399948039186,0.9238707656411239,0.9484848341758438,0.9383010387206728,0.9197260999641338,0.8974329240997709,0.9717620439157515,0.9508882655024442,0.9643562500360139,0.9437660058321751,0.8340571025028496,0.8548788897418212,0.7723035653030288,0.8726526147733428,0.8977340944584218,0.8995373044122247,0.8665706638028091,0.8808433954701098,0.42285488191130705,-0.5372872812675402,0.961979258130465,0.9497421381908367,0.9491854061388778,0.9415993683133311,0.9565044465204042,0.9644363617977831,0.9640468015844245,0.9340507948493474,0.9597944555382468,0.8825455440815086,0.7712857310703077,0.9532149800933748,0.9525991660946199,0.7911825984326682,0.940566891143357,0.9422676805401319,0.8732969280266505,0.9801888167111806,0.7752220100753284,0.494089753099343,0.6679682018827676,0.7969372658588231,0.7981852795198793,0.7780494990650919,0.9823844709594516,0.9824266198088988,0.7147412272136382,0.6921140588763766,0.7103588185998175,0.3864059922335461,0.7053647688695369,0.7143330957997532,0.7254098729491447,0.7134740170824834,0.7490670869517877,0.6880260263050286,0.6705946980419366,-0.34149185485239775,-0.4811933924955023,0.6392103646304091,0.8511431803814669,0.8790943796999424,0.885735450498477,0.8763578478957246,0.7579524917004333,0.8574571556757483,0.8682597573485896,0.8755183181339167,0.7327931965573673,-0.07628069920863097],[0.999930645205671,0.9998459801189474,0.9872703208045248,1.0,0.9993884797875678,0.9853429674434377,0.9981463114416047,0.9966418041492137,0.9721662311659844,0.9969558638296342,0.9953572299883324,0.9950481690092338,0.996731381985243,0.9968548283252308,0.9966848677309429,0.9979856096464098,0.9983259186279535,0.99864432762653,0.9971849944522598,0.9971975843525659,0.9972298875328239,0.9967023803167708,0.9889849750681429,0.9735774110586383,0.9913187629139106,0.9606729917731406,0.9904950428356405,0.9893918136713519,0.9714474382674949,0.9560700864262914,0.9920645239038169,0.9935566936414363,0.9926966253301626,0.9781081413900232,0.9978939621092668,0.9981821917413694,0.9978318169917426,0.9968491633987808,0.9962803509039492,0.9981129749767206,0.9986430249853046,0.9988590103097673,0.9978600199641197,0.9978710377102161,0.9790009648390801,0.9157707628943725,0.9499739186057791,0.9341237319726485,0.9328314803134147,0.9060215061497436,0.9608685233265277,0.9467808166357856,0.9625606566515005,0.9648839885476529,0.9539552226025041,0.9824656928738495,0.9805380374706798,0.9898883916531936,0.9941534253679531,0.9859815675550465,0.9818974880293657,0.9872979516070043,0.9862157890577253,0.9877608057663028,0.9876199571225989,0.9517003155583608,0.9748818529015476,0.9754657358174105,0.9752203846276163,0.9465002848659989,0.9810819296196945,0.9758443874626643,0.9842970942763124,0.9835995250095387,0.9231009478730531,0.8935138665779264,0.8596735866098106,0.9086345922687645,0.9231907833884632,0.9230346205236498,0.9215935003185797,0.9203453373482378,0.6246160766682544,-0.5492974093860263,0.9805028223604693,0.9756915934125058,0.972562830980422,0.986665008771096,0.974314813278704,0.9841706946364721,0.9841967914828424,0.9469677164302568,0.9839402759456056,0.9365141382638598,0.7911903953927637,0.9184085601948386,0.935997016740537,0.8137233973021064,0.954716910634866,0.9555132341590638,0.9004360863180546,0.9678992631511899,0.8890576827289277,0.5866153766667734,0.7229129760517773,0.8968336948486416,0.8678742266438688,0.8878049481650685,0.9758338299717036,0.9760197006206224,0.7843032611858872,0.7453259427150981,0.8169001823518763,0.44039672172250466,0.7992587948061586,0.8208238078021233,0.8159477132657182,0.8109944381730686,0.7889003287148579,0.7532207343232248,0.7369399484177162,-0.27633980809902076,-0.42022622985378116,0.6714766471749926,0.888260437893128,0.9303246057840131,0.939081697956334,0.9036619124766004,0.822944041632309,0.9065605526306707,0.9234460144435729,0.9234493266989717,0.8528784963176601,-0.1468474311003486],[0.9991538284432375,0.9983090320335578,0.9932533866530399,0.9993884797875678,1.0,0.9880426910188823,0.9990668697083305,0.998556931880045,0.9841510700825584,0.9985592480473767,0.9981667486836202,0.9981713816053963,0.9985803675339593,0.9985908533477434,0.998588606280914,0.999081057491508,0.9987728102450338,0.9992861155478543,0.9988822308449972,0.9988867179259583,0.998638597737429,0.9985797841812561,0.9946822543971304,0.9810380240590266,0.995106667133259,0.9775459961608696,0.9950990944949658,0.9924714462070218,0.9838582310441248,0.9593622117266758,0.9893128421678242,0.9919704342162444,0.9900759013220213,0.9704832840610002,0.9989053871887656,0.9989632879709921,0.9989844636837512,0.9986698196124029,0.9986564583129742,0.9989584347005299,0.9989654020232756,0.9991864888139647,0.9989156430118065,0.9989192447081056,0.988364862843787,0.9254750880125289,0.9492782500146332,0.9433157877798357,0.9352318727265946,0.9016954447184611,0.9484556988861198,0.9420414733494972,0.9527180761231553,0.9587591237174524,0.947362333092444,0.9800559587900123,0.9799662362002688,0.9899345780056457,0.9939916785008949,0.9826460454714966,0.9763960619604096,0.982712373875052,0.9825898311163367,0.9830726338493126,0.9829401842799166,0.9510588624103428,0.9668842304507571,0.9614296221212653,0.9612029411157803,0.9210760712010753,0.9783878225266838,0.9746968657329449,0.9804756993664867,0.9797213311151485,0.9394079740976712,0.8746064648280204,0.8392173046307517,0.8945660376242259,0.9279670459282674,0.9134117007184449,0.9200966334977652,0.9190712257503618,0.7661273970966263,-0.5555291786782021,0.9746586942173578,0.9660644620216359,0.9638459660982852,0.9835528238863079,0.9652217729470297,0.9780704418425389,0.9777983688229201,0.938841883540698,0.9794836065963827,0.9411250877853088,0.7810397621508617,0.9326236394997416,0.9553135680456573,0.7793119805571721,0.9428659051761178,0.944299009156753,0.8950382388121173,0.9727032686566927,0.8891049991969021,0.4260534560243765,0.6664577910273269,0.8949730102580249,0.8460742613145534,0.890667463215239,0.9793122635526446,0.9794522684180857,0.7502134532600111,0.7296066274330103,0.7542167043684354,0.41915580148802956,0.7081720223467234,0.7588845121037182,0.7544496728881358,0.7184697248817233,0.7763719113919987,0.7390101760230712,0.7218620775174336,-0.4792264250794251,-0.5613106262532891,0.6671318466224945,0.8834101489772528,0.9167224958123696,0.933975694318442,0.9021451562686987,0.8051468908709286,0.8961350940197411,0.910734354298374,0.910253826554621,0.7906049390869468,0.06322214779769394],[0.9842100339112345,0.9897816569685107,0.991455643595423,0.9853429674434377,0.9880426910188823,1.0,0.9826402423847028,0.9836899611112033,0.9929180393051,0.9831396891007967,0.9789875119718915,0.9781221576232093,0.9835382784996277,0.984069436174349,0.983759315014931,0.983441391071738,0.9869498378720556,0.9844652060718897,0.9843417894171563,0.9844020018366787,0.9825544473392549,0.9837113046042543,0.9949077668296763,0.9936295649338273,0.9850142506084244,0.9873657259693597,0.9853683586469748,0.9759746976894964,0.9880688145062068,0.974435652767526,0.9612793016649199,0.9670284742986768,0.9767126578641441,0.9670592312037182,0.9823162450439723,0.9827005704981305,0.9835520930075835,0.9843548739571654,0.978904183472721,0.983186390860706,0.981595876393948,0.9833028783445682,0.9825293013722851,0.9825938578010441,0.9960592427450968,0.8749518175916192,0.9271618771620825,0.9179069833427531,0.9289167023926298,0.8876115535705612,0.9176119101425294,0.9101594646959845,0.9203605492608654,0.93594132099213,0.9169319398190624,0.9498224485391541,0.9554623119120923,0.9617258501219732,0.9700488406643131,0.9715281963956247,0.9874955161200987,0.973449903269883,0.9848567875108004,0.973049010804483,0.9724704782684319,0.9767359001242725,0.9701946967318162,0.9503251632388053,0.9497145247749271,0.9490227091061548,0.9836045192693469,0.9763015061012397,0.9728352078771827,0.9715231512608181,0.9649237274178835,0.8973786346071798,0.8528060603873331,0.913931756450479,0.9200260564701103,0.9294274671262253,0.9104215773058262,0.9081655887106727,0.7465618780966153,-0.4947766138950151,0.981739060164076,0.9833946712024791,0.979354572843745,0.9723553549847275,0.974490616418213,0.9804041214818786,0.9799684678641357,0.9688460862240739,0.97001729376096,0.9680620211167006,0.7927141036336309,0.8925050443297492,0.9550202622523394,0.8249221283352095,0.9432599637601625,0.9443452702330938,0.8663036311505301,0.9586294426682274,0.8335520705251004,0.5105893940680446,0.6870440435817023,0.8433789201514262,0.8191588633485453,0.8330084249497569,0.9586940490832443,0.9588426836726243,0.7376330330648744,0.7208604702328972,0.7508439718240368,0.4426054484951463,0.7446885945255349,0.7561686795956728,0.7500334256342293,0.7474698146582359,0.7687020062963381,0.7129183032557902,0.6994113212443988,-0.30301432712436643,-0.4333879944984299,0.6768076914546739,0.8529936238378425,0.870581005484599,0.8854668299369214,0.8625569209843079,0.7803679952069102,0.8469628179128229,0.8626216419564738,0.8627341748373679,0.8042467000734846,-0.10806418283899452],[0.9979164956462246,0.9945449663951267,0.9897089533451725,0.9981463114416047,0.9990668697083305,0.9826402423847028,1.0,0.9975603658059894,0.9570088935504646,0.9996169044020773,0.9995773997691311,0.9996005873982768,0.9984448563529755,0.9994830978262753,0.9991988976687918,0.9998923754924046,0.9966375215236732,0.9999042146970438,0.999390527317394,0.9993951233720405,0.9997188392261473,0.999339896276429,0.9906984119232992,0.974623215815467,0.9860530500070432,0.927192359922886,0.9936682596066071,0.9924696868290496,0.9744290837288332,0.9527997204855653,0.991652759249694,0.9919765206483189,0.9936595344434167,0.975394337427263,0.9990236996497318,0.9998549114184494,0.9997200567586162,0.999487956023433,0.9997744353869636,0.9998398719345191,0.9985349810643145,0.9997409860303633,0.9993986906212295,0.9990600947492239,0.980330988209301,0.9330864131213157,0.9525352873547345,0.9504741533954668,0.9400621174377325,0.9013792345084998,0.9575994785497213,0.9464042478373046,0.959943648047309,0.9624424750861402,0.9529075470125378,0.981734334998606,0.9812868440444826,0.9918610160968168,0.9963916428930278,0.9511484781542748,0.9641741152140512,0.9741262689106668,0.9745834429482796,0.9756307826343656,0.9511492624809966,0.9055697479648684,0.9581127402930864,0.9631185951498205,0.9426298405638541,0.8974368737595146,0.9688119234123207,0.9435565796237964,0.9694752125168807,0.9515066333832101,0.793072319461289,0.8676868621691535,0.7912608574952734,0.8819476057817572,0.8982292759547071,0.9027422073744024,0.8820781303807256,0.8937483341795326,0.3705838866293858,-0.5834757651242969,0.9656268697841371,0.952109740834588,0.9512043312431074,0.9526025193931774,0.9612496101020872,0.9717899465624327,0.9719446853391671,0.9277552851181335,0.9691648979722173,0.8565397786746056,0.7753758146175199,0.9334992534068002,0.9349825925351665,0.8014737747371048,0.9525921532251082,0.9535123211872731,0.8988379108572588,0.9722763637540285,0.8322779072560849,0.5808829495795387,0.7161585459795239,0.856039399142799,0.8491039360674848,0.8375490620480393,0.9797555860430713,0.9799388057199351,0.7753705161098429,0.7272331616469533,0.7821954145884172,0.41341521593119546,0.7783118464371868,0.7947135622450775,0.7881527862273956,0.7930737005531113,0.7737444186744371,0.7452543893180957,0.7271878980107394,-0.2904263978967605,-0.44188465722963755,0.6838147120487251,0.888035641020405,0.9224292806737873,0.9399235108710894,0.9086111508539589,0.8244700550675,0.908652735922523,0.9273147421984432,0.9260505352424684,0.7759213716699233,-0.11574466900463473],[0.9962343080255084,0.9919172232779406,0.9904073913737732,0.9966418041492137,0.998556931880045,0.9836899611112033,0.9975603658059894,1.0,0.9677496098604204,0.9999998300981295,0.9999993138775325,0.9997598571039424,0.9999970763452417,0.9999927352289372,0.9999982503415867,0.9993282145323299,0.9915181633541194,0.9994600148028517,0.9999095458347886,0.9999092525258066,0.9999650814650681,0.9999987862785439,0.9911734510399183,0.9762755263713674,0.9929383818574602,0.9412033038702543,0.9941613206484373,0.9907856071602076,0.9766284908067835,0.9522621291679207,0.9879962214933702,0.9938764638437767,0.9922654321698867,0.9724706905092282,0.9994715991412102,0.9995731353872574,0.9996764222423666,0.9997447572285342,0.9992308266530014,0.9995076558118249,0.998239474560413,0.9988414235964196,0.9995434854280022,0.999411184979795,0.9820237734665423,0.9328873805993005,0.9498820932528199,0.9540688713027581,0.9386802547583594,0.8911679947208038,0.9558480669994831,0.9419442629036687,0.9578407696278878,0.9568722611711015,0.9469876248091639,0.9797218969039027,0.9783949143184774,0.9908237414190842,0.9968643042716042,0.9464642085752099,0.9604643519946201,0.9682697842522049,0.9718274170260853,0.9701410645735747,0.9495392216723445,0.898962798011487,0.9537965316641447,0.956819467770456,0.937507869433962,0.8865641260953425,0.9663714984548055,0.9378399308655976,0.9644389800899487,0.947160618823885,0.7815590230227362,0.8604550011728356,0.7870914710735322,0.87474429137286,0.8916620258916247,0.8986700572027968,0.877976015787708,0.8874338015205866,0.3540671457120842,-0.5873461583337393,0.96188507292402,0.9463681400772785,0.9458264161303855,0.9507441663194071,0.9572085540406295,0.9681232854105697,0.9682595975889959,0.9237468738408926,0.9629049029589754,0.8467219905979774,0.7725230313858901,0.9464417856350328,0.945364243343679,0.7982866044017722,0.952407747553338,0.9534798119640429,0.8963118251061516,0.9760772973351381,0.8350022614655381,0.5665764183448505,0.70753796401973,0.8568486839199387,0.845888744961918,0.8395186697987491,0.9820976388920559,0.9822845562073766,0.7665522752175723,0.7198161837180697,0.7833159556464604,0.40138982578086535,0.7731754344418698,0.7901079639743599,0.7884130640151845,0.78746588140993,0.7677362402722023,0.7395784701541182,0.7209549150616481,-0.30581494823092686,-0.45620122725941126,0.6705030262099867,0.8806352732010598,0.9198339176870054,0.9323869273333539,0.90292250726342,0.8138624449581365,0.9022389736683997,0.9210298413466917,0.9200263990373866,0.7573434352604874,-0.09890655794826013],[0.9699761620158466,0.9861324985873162,0.9909404915372297,0.9721662311659844,0.9841510700825584,0.9929180393051,0.9570088935504646,0.9677496098604204,1.0,0.9828053267841855,0.9872189926427218,0.9895936519288108,0.971408671784126,0.9797442172432268,0.9763169465157783,0.9742772830476418,0.9494708280687856,0.9791051196858626,0.9770512580293801,0.9770183728285301,0.9812787920732141,0.9761804119602103,0.9939455512169869,0.993065600585045,0.9805882671000569,0.9892395126563532,0.9836858232794662,0.9902652753768494,0.9906675529431249,0.9688310247360865,0.9275073529121187,0.9491005092602622,0.9659845296717329,0.9512553644669394,0.9707113037768095,0.9791561832855679,0.9758166027033944,0.9781768932553898,0.9879123730625599,0.9803158360906041,0.9668242907268894,0.976287314287351,0.9715724060984183,0.9705452827142987,0.9989904746182231,0.8937536105210446,0.9194509293448312,0.9471210132074166,0.937533394102281,0.8670772950101668,0.885019909751111,0.8833447573883185,0.8889580418958619,0.913124529723428,0.8936130837290774,0.9283024622749015,0.9444386668002183,0.9499484681423273,0.9610621343692487,0.9025872317126863,0.9676093247016375,0.9451200562519245,0.9656222649051919,0.9451252520433028,0.9008673629765198,0.9153548692372887,0.9424586307160518,0.9147729924735896,0.8781346562889559,0.8825352821037736,0.9671697243809761,0.9197047743452509,0.9432296513006323,0.9055232823691377,0.8230010857175004,0.8489022167640663,0.7298608509479616,0.8684991523997923,0.8796823583713145,0.8933503249339958,0.8416536801141052,0.8601354691900056,0.4028116496213039,-0.5206600906189832,0.9570057677147302,0.9527075240268351,0.9493161315390389,0.9010832253722404,0.9473165197199005,0.9550039717888932,0.9543914858133584,0.9380186500213473,0.9397335672793995,0.8713437283873577,0.7774236992114395,0.937873954009991,0.9605668999710921,0.8001472743924024,0.9337113462358678,0.9354019239648157,0.8507088052384867,0.9675349800816923,0.7412864966855868,0.456398573532281,0.6488731553648789,0.773808806425205,0.7747398566527616,0.7520201124220967,0.9668422884770981,0.9668537164504966,0.6955457424838831,0.6815196253526589,0.6754501044235856,0.3939315498397788,0.686947188486257,0.6921422613478998,0.6751913663958659,0.6914561768889856,0.7416772137843269,0.6817573665133011,0.6656434329921539,-0.3474923127285621,-0.4834495838021644,0.6805833785971587,0.8352976391320766,0.8316937121686621,0.8599228638450158,0.8549418263410126,0.7496950750522958,0.8127583358937898,0.837300428806953,0.8313827529309955,0.7044472076068719,-0.03611175057566616],[0.9965096886575426,0.9919298159275868,0.9930738652668258,0.9969558638296342,0.9985592480473767,0.9831396891007967,0.9996169044020773,0.9999998300981295,0.9828053267841855,1.0,0.999999132580545,0.9997644650665378,0.9999985271710787,0.9999915826446376,0.9999977683454134,0.9996819907662846,0.9978639547422664,0.99945638078863,0.9998839081964326,0.9998839026531289,0.9999773994739222,0.9999993175158853,0.9937412569446622,0.9779300500500735,0.9961913046308413,0.9739081681934152,0.9962745342689743,0.9907773320948172,0.9809976749353052,0.9535663497335918,0.9896494021692355,0.9937127141405397,0.9898655010432889,0.969124694706209,0.9994993623160285,0.9995656385355409,0.9995781775628637,0.9998329490997713,0.9992434722779807,0.9995152160569385,0.9984567126939409,0.9988839803953546,0.9995047127529081,0.9994999993015773,0.9863951464150029,0.932747776541768,0.9499173713794733,0.9540961865452334,0.9388627219548872,0.8912979832503202,0.9465049580375294,0.9364647996342256,0.9501812391014733,0.9550294525931091,0.9450198882156928,0.9786412593712763,0.9784290703432722,0.9914133307288778,0.9966641418213918,0.9730763618235844,0.9605466675478203,0.973181879602486,0.9718661057930698,0.9736533456186187,0.9734142701229482,0.939362658481585,0.9538860138205816,0.952149070882005,0.9518364146885062,0.9102728785569754,0.9663563417846087,0.9652847954341933,0.9710526250903576,0.970099256420938,0.9263341487071317,0.8604957708121993,0.8193605300751323,0.8746009073416277,0.9113116073971886,0.8989802771427131,0.904685509074816,0.9038768163771496,0.7201809459976025,-0.5940367415723449,0.9619394155659649,0.9463625881917151,0.9458320651531467,0.9741494542544809,0.9527352329363221,0.9678464914710626,0.9674997485087361,0.9247258603958013,0.9694864104490841,0.9273198434169485,0.7725299464522531,0.9461545298770045,0.9571054072665125,0.7821165368804519,0.9461354887461638,0.9473674272063659,0.8963846239381644,0.9752659086160154,0.8970687708577353,0.46552763821575577,0.6838324455068644,0.9028836954463376,0.8542911267458274,0.8986462017840235,0.9820561143323481,0.9822729093174687,0.7666214111401475,0.7195451738214533,0.7698888902398912,0.401507809290358,0.7250413837384982,0.7746859652856232,0.7701555584755055,0.737067668957185,0.7674628227846302,0.7395094896345471,0.7208555941916202,-0.5245072412178843,-0.6070424698406236,0.6696807388401471,0.8806588181520553,0.9194364059162158,0.9362435380909452,0.9029760417376772,0.8103114653769892,0.8973536344000544,0.9131113280246349,0.9125812306967814,0.8028411061086258,0.12733284315200574],[0.9946850940823498,0.9919476300360792,0.9970482725158658,0.9953572299883324,0.9981667486836202,0.9789875119718915,0.9995773997691311,0.9999993138775325,0.9872189926427218,0.999999132580545,1.0,0.999764245119595,0.999996364184885,0.9999947894327597,0.9999983250678509,0.9996650558970649,0.9975329093774701,0.9991929231965601,0.9997849834908368,0.9997849562151907,0.9999984232505926,0.999998351896756,0.9929802735405181,0.97351146004451,0.9952571294198079,0.9819189404329666,0.995844161644676,0.9907920217078074,0.9831478416054358,0.946013733896333,0.988728713424637,0.9931439458556384,0.9835320049499173,0.9439269696888549,0.999274662955417,0.9993306411341982,0.99926988761981,0.9998933610585911,0.9992265817270695,0.9992800659517367,0.9978997825352464,0.9984810285999515,0.9992479595276821,0.9992455670549641,0.9885757049316015,0.9324494295069135,0.9160237935847756,0.9540408144310238,0.9387664384690415,0.8909814105328362,0.9151879234881659,0.9051592240491115,0.9197099584742224,0.9284220534228319,0.9135636047813526,0.9707864546566851,0.9707623853578672,0.9906946577801029,0.9951484243917664,0.9655656423584874,0.9606652198134508,0.961416426236783,0.9625008885020551,0.9629035777228644,0.9626345323598459,0.9154417682042925,0.9438385699349455,0.9202006231436471,0.9197273265513735,0.8425311589970036,0.9641211265584616,0.9697562800872677,0.9661654463546165,0.9650694157174704,0.9182109531614917,0.7916836303066753,0.7528110340083197,0.8359180079883801,0.8897810890567779,0.8578309439227902,0.8737523801152465,0.8723910081422183,0.7189345976856883,-0.40596965704956534,0.9491178274329091,0.9464941577822155,0.9459252021118058,0.9667333909149889,0.9394341567579133,0.9519750102356501,0.951336298276802,0.8961460873301916,0.9548182182406465,0.9010307490555546,0.7726854447421901,0.9464764608574104,0.9607276804639269,0.6700651498730331,0.9046746425893624,0.9074308582874204,0.8528487765364422,0.9847733893232327,0.8405359656700672,0.12585627465687615,0.5335137231740078,0.8527433051055845,0.8188961036124914,0.8472775081972649,0.9855257950410659,0.985545855553859,0.5213482761607647,0.6307721207798587,0.5288744912657877,0.40143101373273815,0.49530958482109705,0.5401568713061123,0.5302625257708068,0.4676224165947355,0.7557384571366678,0.6026320564810007,0.5634565979922034,-0.48700822609048355,-0.5438604839782964,0.6690906197429269,0.8597845286273345,0.8724860284145808,0.9042674251967869,0.8965108740150765,0.6695051209354907,0.8433925709316301,0.865130089226382,0.8644078250075611,0.6105391110488467,0.0742699521321404],[0.9941757501448368,0.9935086771018266,0.9962141381770723,0.9950481690092338,0.9981713816053963,0.9781221576232093,0.9996005873982768,0.9997598571039424,0.9895936519288108,0.9997644650665378,0.999764245119595,1.0,0.9997776966848929,0.9997631397396414,0.9997694986513431,0.9996673658551304,0.9981715134755008,0.9993934989828748,0.9999697174248444,0.9999694096794791,0.9997686031713928,0.9997741467058545,0.9925251183624253,0.9701618707782158,0.9940272907001397,0.9825634953422908,0.9948192701899358,0.9933402470311101,0.9792306344040159,0.9268471388973368,0.9913697646431983,0.9941942392054035,0.9790017907870163,0.9248543473718889,0.9994055581015872,0.9994542769140431,0.9994145680049121,0.999580971083906,0.9996060117330372,0.9994312696264087,0.9977666808917814,0.9985122068231643,0.9993928452398637,0.9993896991698493,0.9898411172406691,0.9279017161293492,0.9019637877430497,0.9511702990578673,0.9379181331855446,0.8910097874279863,0.8794047625933165,0.9177344539893043,0.8830661713011332,0.9041483647179964,0.8776053764952341,0.9582975710063928,0.9582823670970926,0.9817787717893268,0.9945700978684254,0.9646137807077847,0.9654034263655463,0.9573265772093664,0.9605209770406493,0.960018497838217,0.9598336717880493,0.9159193991679332,0.935802333030004,0.9065364050048375,0.906353109023562,0.8268680655148164,0.9630237280256951,0.9651664217187225,0.9652502488676759,0.9646456627303188,0.9249840167811122,0.7397319941683237,0.6972983057667919,0.8004461863191503,0.8669356411289862,0.8204097847621148,0.8444480402697367,0.8435905672296083,0.6967468214370246,-0.2972943907024602,0.9436337944468826,0.9491756415685034,0.9433207202570564,0.9654342174502973,0.9399724405996459,0.9473509445075393,0.9465325742845327,0.8941687127012327,0.9498920820612152,0.8978629457626977,0.7231342275656736,0.9439099758924009,0.938361000101968,0.5373623547023741,0.8475740999536548,0.8522749940660784,0.7465734515964799,0.9783475196006104,0.7226317829871849,-0.24400574990672969,0.2682269789326287,0.746470179377689,0.7018585269157667,0.7401315311229298,0.9795205042434737,0.9796140100873644,0.2052229533043401,0.363793334879939,0.2108779485006814,0.1823004104564189,0.20281814626627,0.21900347190441719,0.21663468389659785,0.13302128819542242,0.5494828646428795,0.2830496207880093,0.2307229869692235,-0.5032144330409276,-0.5487709848431445,0.6699772321366841,0.754622050303428,0.7784358388376736,0.842082430215961,0.8244076891259968,0.5684834394744362,0.7581272385280536,0.7731590149171927,0.7720899172851317,0.42655698175158624,0.2648064231623971],[0.9963415172615824,0.9920431726193101,0.9902663659422579,0.996731381985243,0.9985803675339593,0.9835382784996277,0.9984448563529755,0.9999970763452417,0.971408671784126,0.9999985271710787,0.999996364184885,0.9997776966848929,1.0,0.9999911821180644,0.999997683856715,0.9993758935729586,0.9931845832716332,0.9994996314688296,0.9999186868478257,0.9999185581319705,0.9999720663114667,0.9999989701830424,0.9910576699421522,0.9760885622395469,0.9935945822475526,0.9461321514941912,0.9941138218867286,0.9908997662273913,0.976431317464527,0.9522112303359458,0.9889044984506558,0.9939576210293807,0.9923487641369277,0.9726003878443152,0.9995143108474827,0.9996126815170592,0.9997068548004272,0.9997442796188386,0.9992906169819542,0.9995485673839881,0.9983257580565346,0.9989085938272609,0.9995862820476141,0.9994546189230227,0.9817857449980963,0.9331654539926127,0.9500595190607313,0.9540103323423202,0.9388016440433228,0.8918201260196661,0.9562060500741566,0.9423408975475047,0.9582025056554605,0.9572185661745128,0.9473890889034834,0.9799786964854152,0.9785880467133616,0.9909655057236152,0.9969455118591365,0.9467322213082708,0.960517654364913,0.9684812290295931,0.9718964681891852,0.9703504160897347,0.9497614609119615,0.8989661663219551,0.9539702610043728,0.9571580126750016,0.9378904427493887,0.8868003824904337,0.9663938786193015,0.9379953326160401,0.9646044921368394,0.947408986191909,0.7815075379607123,0.8607665634043897,0.7875612086116611,0.8750373626140496,0.8918977461689745,0.8988195693374127,0.8783094370071116,0.8877649814136085,0.35421732196697525,-0.5873942051326752,0.9619990786823166,0.9465387661764233,0.9459807422943859,0.9509600442869838,0.9573301460835973,0.9682554710817195,0.968394810343434,0.9237684790042717,0.9631351584475273,0.846766615922589,0.7726069944977204,0.9458601541984225,0.9448640146728584,0.7983523653112876,0.9524230943699391,0.9534862854972619,0.8966566268202718,0.9759369560720283,0.8354939847337587,0.5676687708575833,0.70819663475161,0.8573274796411482,0.8464248586948964,0.8400039116247574,0.9820373314222054,0.9822241728295643,0.767173727473965,0.7203386831204435,0.7839288347716471,0.40204833967754466,0.7738493239963178,0.7908029996668584,0.7890389439086942,0.7881788797085844,0.7680863130738387,0.7400326762589249,0.7214264109887832,-0.3048851338113422,-0.4553769779969166,0.6709634248593705,0.8811649294896053,0.9203097577644466,0.9329304505025827,0.9034115357675095,0.8144383186733489,0.9028285387975734,0.9216167608067795,0.9206028140860394,0.7580321456940344,-0.09994324833726607],[0.9963786686437662,0.9919272694561323,0.9924260731812345,0.9968548283252308,0.9985908533477434,0.984069436174349,0.9994830978262753,0.9999927352289372,0.9797442172432268,0.9999915826446376,0.9999947894327597,0.9997631397396414,0.9999911821180644,1.0,0.9999950602291263,0.999566838783847,0.9978118649292055,0.9994577605600565,0.9999040973277157,0.9999031263559982,0.9999539257055368,0.9999914295270127,0.9929966034712034,0.9765109192252152,0.9959030359616324,0.9679031477738965,0.9956828106846783,0.9907550539759518,0.976839076416759,0.9523690841986651,0.9892032813890944,0.9939861701469703,0.9916386704519354,0.972133896998304,0.999491387282525,0.9995656861685932,0.9996258966406163,0.9998881147158983,0.9992539294987793,0.9994975130495961,0.9981858216660846,0.9988305224952452,0.9995105443060835,0.999503637042928,0.9843063130446036,0.9328953135511198,0.9498165389502127,0.954024515608246,0.9387856488827311,0.8912678714264947,0.950734638877641,0.9350168900346226,0.9530156400370191,0.9565686253742502,0.9466292751794576,0.9783890744681724,0.9782581258033194,0.9902346119680385,0.9969353951329821,0.97352658489432,0.9603065459971393,0.9737014972441009,0.9718740987283073,0.9746473834041876,0.9743978034023468,0.9480872114152257,0.9536101717430531,0.9563147599537667,0.9559828094190613,0.9259934048991816,0.9663865880667203,0.968133211586292,0.9728037428391166,0.9717427008139329,0.9350620990380057,0.860217006682327,0.8250708209664747,0.8743961396939526,0.9026877110990226,0.8985033746969737,0.8991911487808806,0.898048555389108,0.6977410154579405,-0.5879610277653317,0.9619615978490357,0.9462383069700817,0.945575376861639,0.9746158895049126,0.9573822412600255,0.9681871655580613,0.9682833970325362,0.9240975625434568,0.9690843545095665,0.9355065348278742,0.7724270052370027,0.9459075943288061,0.9502196698096755,0.7975026240760871,0.9522726871045736,0.9532788315698737,0.8962555891161613,0.9762792887419397,0.8845586991851504,0.5668404582538494,0.7070394934928406,0.8923438572449454,0.8593202601518721,0.8832046162885947,0.9823047992066583,0.9825186784692276,0.7657376376978795,0.7190173053152455,0.8019340259806346,0.4015039583191319,0.7793300536100882,0.8064132402530719,0.8009402154510479,0.7875958004427301,0.7675516293289472,0.7382117047355926,0.7195997622129193,-0.3959402214870842,-0.517523521359773,0.669001706596631,0.8806545212451183,0.9164886353716006,0.9282482789580949,0.9033106360399143,0.8128742014949663,0.8899388402655768,0.9095049136490919,0.9090951684508259,0.8395871502930955,-0.06667892972609081],[0.9962778868086373,0.9919859631720434,0.9904635229767123,0.9966848677309429,0.998588606280914,0.983759315014931,0.9991988976687918,0.9999982503415867,0.9763169465157783,0.9999977683454134,0.9999983250678509,0.9997694986513431,0.999997683856715,0.9999950602291263,1.0,0.9994656177465241,0.9970882295566459,0.9994757171688939,0.99991240222087,0.9999118137647454,0.9999660806762959,0.9999976271911409,0.9912176325635771,0.9763396117745446,0.9952605659935262,0.9594970948699661,0.9950629574267604,0.990856964097661,0.9766826968077906,0.9524291803163223,0.9913743657366964,0.9942226424201666,0.9922151138803893,0.9723838148690643,0.9994830050600844,0.9995743543536476,0.9996834791995212,0.9997599665142586,0.9992579628820214,0.9995050358296541,0.9982640969280919,0.9988573711242866,0.9995532237924284,0.9994235763486233,0.9820244005734546,0.9329606386767352,0.9498994692537862,0.954052661884594,0.9387611968090235,0.8914476204431918,0.9559255468469503,0.942074887002091,0.957949537036777,0.9568226858253773,0.9469047496041465,0.979746100976943,0.9783395743496771,0.9907941310559094,0.9968286305836488,0.9467523605289976,0.9605329029262667,0.9684327974374747,0.9719069978285564,0.9702902303131521,0.949361193576071,0.8991723618818549,0.9537105355892268,0.9568827428719078,0.9377153031577224,0.8866951763030609,0.9665133813500978,0.9381765824639021,0.9646374179767484,0.947462990801542,0.7818962298009207,0.8604547426485804,0.7873479674706824,0.874785328753796,0.8918283258644618,0.8986778659106981,0.8781251103367571,0.8875987672485794,0.35441854883855944,-0.5870446605791382,0.9619710812617495,0.9464858245474616,0.9459341734430303,0.949543448619693,0.9573802122532996,0.9682045748077573,0.9683377216799391,0.9239361248048527,0.9630687951835105,0.8469814411022852,0.7725487374114909,0.9461622570469451,0.9452689533214272,0.7982913344698425,0.9523373131819941,0.9534135170858294,0.8961305745344488,0.976093663358364,0.8350314810534095,0.5663999916701915,0.7074246404402379,0.8568559639140813,0.846009276838489,0.8395445832528329,0.9821348600254858,0.9823187986079712,0.7661671896171918,0.7194828177044136,0.7832945817734721,0.40163951560162486,0.7731520880999606,0.7900274380568598,0.7885655312661256,0.7873661157017391,0.767657264623633,0.7388480143194172,0.7202586204695772,-0.3056302368057451,-0.45601215301902687,0.6707395021564315,0.8805422713932104,0.9199538626902921,0.9324250774516629,0.9029638278267881,0.8136573884707013,0.9024372587636501,0.9210625906286296,0.9201754564547358,0.7574345810400314,-0.09917202509148024],[0.9977260460784823,0.994117264368367,0.9899117923173308,0.9979856096464098,0.999081057491508,0.983441391071738,0.9998923754924046,0.9993282145323299,0.9742772830476418,0.9996819907662846,0.9996650558970649,0.9996673658551304,0.9993758935729586,0.999566838783847,0.9994656177465241,1.0,0.9984153439176602,0.9998519578912298,0.9995536706090387,0.9995584290653514,0.9997704827125298,0.9995394948727935,0.9908575524731593,0.9752941899461736,0.9939117527480107,0.9519754710297439,0.9935627695863712,0.9923797187759715,0.9748350331094137,0.9529549741929019,0.9917959991352681,0.9926496876320008,0.993089608685438,0.9744880297212193,0.9992777845609978,0.9997354692857743,0.9997194521879572,0.9995742069942958,0.9996040790819333,0.9996910887298148,0.9988525545664639,0.999586637356945,0.9995124467899174,0.9992742465377905,0.9806299019503433,0.9314398660896134,0.9520148551863322,0.9508934814144918,0.9396512782117011,0.8982101868815537,0.9579687400365092,0.9465890479474236,0.9602798082051416,0.960947563286305,0.9511028437088043,0.9817261855002666,0.9803954125979216,0.9917509763314777,0.9963446554130588,0.9513669611615377,0.9642992876852847,0.9735229112199709,0.9745364223995978,0.9751134305694528,0.9522427055493748,0.9051536733455621,0.9572288142953957,0.9623051275811856,0.9427480291280396,0.8957001909612309,0.9690468637420356,0.9432360613686497,0.9691002672350869,0.9519099129500922,0.7906322535380674,0.8660869091974058,0.7917946954753655,0.8803052316368858,0.896984089471168,0.9015400540282145,0.8819310654150748,0.8929727261981849,0.36583862595787364,-0.5841252541003903,0.9653650950433574,0.9514567561418389,0.9506691764132765,0.9537161685792794,0.9614096640588957,0.9714944661666541,0.9715757163339486,0.9284556414990813,0.9684214444080408,0.8550189854222567,0.7742868309009749,0.9366919378567237,0.9372752382908538,0.800759371714941,0.9524050111347195,0.9532885812882618,0.8963334894795345,0.9726078511404741,0.8343073998264767,0.57634311774865,0.7125969158730877,0.85689