var element=document.getElementById("correlationClose");if(element.style.display!='none'){var correlationClose={"data":[{"type":"heatmap","z":[[1.0,0.9999881020296293,0.6525938512672259,0.9997234679151785,0.9979645154526543,1.0,0.9923109260667239,0.9886332341211425,0.9886332341211425,0.992982773314692,0.9767219444268074,0.9867978479850883,0.9923482091241717,0.992766101630743,0.9924012989401817,0.8241902634013701,0.7675399654258189,0.3213575588601488,0.9932518017216324,0.9932406495893618,0.9855330755522366,0.9923367376420781,0.4269500797981711,0.7304719512966037,0.981472148809016,0.981472148809016,0.9814537217076238,0.9749213032382759,0.33703773949922633,-0.11232805842278412,0.9896573602659612,0.9896227499814833,0.28678266663806334,-0.186968213285049,0.9946745970654831,0.995325738747747,0.8432261067888848,-0.3651498822672455,0.9905823829190481,0.9952894024122552,0.8119778482881845,0.3022385182223676,0.9948202109694791,0.9948112731019724,0.9948202109694791,0.8882434753794407,0.6534742378289509,0.9013515796099064,0.908279972289591,0.8167425308476831,0.37527340105070695,-0.16917928422314032,0.20226716964158678,0.9466426136523306,0.3953104498145609,0.9748344558256966,0.9701589266273285,0.9800839608994539,0.9897722735407634,0.9290465475533414,0.9359249345280367,0.944099878847035,0.9282468355967407,0.94142418571287,0.9420698104525558,0.94142418571287,0.8787968903717976,0.9203725826507232,0.9212854205093731,0.9203725826507232,0.9198700419761983,0.781281213808991,0.8926535984130666,0.8939688653731478,0.8926535984130666,0.6857883629888883,0.36525887178867306,0.6695916217240838,-0.5595361264160796,0.5750412550059771,0.6013020756378544,0.6017485913271793,0.6013020756378544,-0.1032013330466543,0.9083110526360542,0.940211273265669,0.9235905198123044,0.9303503007887345,0.30532922952299535,0.9036289990080583,0.9044365067667439,0.9036289990080583,0.9083341524765632,0.9083341524765632,-0.10394769872004045,0.5835727471571612,0.16704827400936992,-0.6584740678362646,-0.5835641679919478,-0.5872184337996302,-0.10694776695597934,0.11252998321217718,0.21919931537831977,0.038712291279953515,-0.5185023124039075,0.0007924808910339601,-0.7964906250424163,-0.26662167792702013,0.15962435053682514,0.16093819679491075,-0.5653428759335264,-0.5842312748318215,-0.26178556421890875,-0.5085887646902274,-0.8193598147697132,-0.39257430107082963,-0.3844626591032024,-0.39257430107082963,-0.20472038020339664,-0.31818960415483266,-0.31818960415483266,-0.8074402070978007,-0.8074402070978007,0.38238156361671316,0.6318663927182745,0.8569084182241276,0.8410098093987839,0.7606797415725304,-0.313595881745708,0.7498206195694402,0.7843242938157506,0.7845699813066108,0.7843242938157506,-0.20562213649378644],[0.9999881020296293,1.0,0.9785634927085414,0.9994269390603171,0.995612146666073,0.9999881020296292,0.984077363434822,0.977864574411581,0.977864574411581,0.9839373296529641,0.9700177114370477,0.9855262795974647,0.9841185746917207,0.9840588224855831,0.9839579141642258,0.2992789235329656,0.21227850999293793,-0.4016030594285099,0.9880089951778415,0.9879926897492004,0.9841658990380446,0.9841610107408988,-0.11830928805216681,0.9777167151834355,0.9793011583620259,0.9793011583620259,0.9793484792345096,0.9751070201414759,0.13778570469090012,0.15841851842972543,0.9810344847087226,0.981090378318945,0.8806975804262884,0.15383188985693672,0.9906271232910996,0.9906757347618146,0.9912539861528153,0.9852961836343026,0.9896122342389433,0.9907928341302975,0.25524294727712016,-0.40684599446776765,0.9913030915328372,0.9912924041858823,0.9913030915328372,0.8880381771081869,0.5023815753400838,0.9012950705309433,0.9080360264855365,0.8161744385041252,-0.34181157831693454,-0.5064868120101367,0.8304142111988861,0.8725403904157641,-0.24614779243959478,0.9344648764843836,0.9346021883218548,0.9548880599106649,0.9767679480913606,0.9471757704653956,0.9542140349698391,0.9389596112128694,0.9381959046814686,0.9435800234627303,0.9440798110821043,0.9435800234627303,0.8436019724060235,0.8161449153910733,0.8180092599109826,0.8161449153910733,0.9489061897973269,0.9524367166656643,0.9490217610860026,0.9498948278639965,0.9490217610860026,0.5862209007083569,0.5314954358926492,0.6307245368315024,0.7168782132782251,0.6213767310533063,0.6469692268201822,0.6476304283000088,0.6469692268201822,-0.18638078663764163,0.9094033196071593,0.9347074762376378,0.9256076323398144,0.9523107761077424,-0.2634532821275727,0.9053947869247856,0.9056744760940698,0.9053947869247856,0.9132828879442816,0.9132828879442816,-0.19308525405433744,0.5838255557435679,-0.36846639597218267,-0.7567874210157505,-0.4614083372966058,-0.46498321317218416,-0.35984576669985363,0.26233246177528297,-0.2512423169540691,-0.47162226838222593,-0.7048943757946389,-0.337160448787617,-0.48157990154774993,-0.3956177345126892,0.1340752884875905,0.13051386898376358,-0.4886334522591091,-0.45199526061283496,-0.4805793815295453,-0.5113937149181431,-0.5037861972767129,-0.4827987882320495,-0.4858849034946012,-0.4827987882320495,-0.352617397266501,-0.522544421427202,-0.522544421427202,-0.49669033382842614,-0.49669033382842614,0.3819089387638718,0.36868037490175976,0.4928853635748878,0.5896217158706155,0.5282706362696057,-0.4318801736975836,0.3606086036265634,0.31796958638187195,0.31808341202268275,0.31796958638187195,0.14550278678540574],[0.6525938512672259,0.9785634927085414,1.0,0.6490917142811159,0.5759173593181881,0.6525938512672259,0.635671799802644,0.6270979879748643,0.6270979879748643,0.5727737261484919,0.5320081860148773,0.9956772292357708,0.635695827362414,0.6275405344521278,0.6358984119895265,0.4489377557198498,0.4347076090075249,-0.18586648026617536,0.5952876131584538,0.5944882992829044,0.5592904759545502,0.6346922450589593,0.20649118832944618,0.775296423405176,0.61313869075819,0.61313869075819,0.6129048100221383,0.9881758959254037,0.32116217782387885,0.14911373713303286,0.5940036574234573,0.5936116828227793,0.7036915515724576,0.0013194908310329083,0.6318731184666131,0.5674376595822475,0.6018726140038139,0.3116821443034466,0.9935966897749614,0.561790330930977,0.4381616203047622,-0.1944757916845029,0.6486921887789112,0.6298320733275699,0.6486921887789112,0.8848529941287928,0.3974395788764558,0.9216330253848083,0.8980681582344556,0.7062468326434874,0.21125560063646814,-0.05780911275797704,0.04927570143523372,0.5096724422062424,-0.08775765298721963,0.5768174432583903,0.5374881469843626,0.5625811788617918,0.526094151128272,-0.015539467406274723,0.7790991990108672,0.7120977883561392,0.6132367041565256,0.7178705379735479,0.7503571119656888,0.7178705379735479,0.4932761342754884,0.6205890782862781,0.6844919816870487,0.6205890782862781,0.6739149770397425,0.6633459949902294,0.7127103663071395,0.7628726458095677,0.7127103663071395,0.3679239209482889,-0.08775029505209687,0.38474979632972417,0.10463514161274325,0.37603498121091805,0.2610307866642151,0.4708309063351055,0.2610307866642151,-0.1634402057795246,0.5827482470048825,0.8717590718452614,0.6576095251271484,0.7639217712752312,-0.043295527890376585,0.626529967108152,0.6260560104911707,0.626529967108152,0.7008871414056771,0.7008871414056771,-0.2113306090856668,0.7032866904536945,-0.19246140057517777,-0.6701997868695937,-0.4287697519273723,-0.43242204192311595,-0.4146550487179184,0.0824131488908762,0.021294297735004696,-0.31949679653757235,-0.6502110788502049,-0.16221678401024792,-0.30080471118764446,-0.25661946587774687,0.035230305615478366,0.03328210875927152,-0.48144687549648124,-0.04991160687959158,-0.25200086608828787,-0.5055745729554081,-0.18634462684337993,-0.39604666346186407,-0.2761705818637172,-0.39604666346186407,-0.41230274671571765,-0.5307293315507793,-0.5307293315507793,-0.29288068935173767,-0.29288068935173767,0.3234439780529342,0.17825711842492092,0.2754881439139418,0.5115001934236494,0.2682543281524208,-0.36924013619637347,-0.019565341831030727,0.4535896053321395,0.5579395296421973,0.4535896053321395,-0.0253071956865148],[0.9997234679151785,0.9994269390603171,0.6490917142811159,1.0,0.9988969518312065,0.9997234679151784,0.993613310287384,0.9903938694986482,0.9903938694986482,0.9945034873203388,0.9747242974779314,0.990247380925508,0.9936403187649173,0.9943518371828395,0.9936696020013689,0.8233380155540995,0.7663108132963716,0.3064514564946201,0.9943670029670147,0.9943588633755697,0.985646149111361,0.9936218917573088,0.41835111636774597,0.7348473479418121,0.9840790618717506,0.9840790618717506,0.9840601462825784,0.9812408550194818,0.332934621807406,-0.11853063875504499,0.9890007779206001,0.988974764823988,0.2789544884861723,-0.18717894681382546,0.9952364607290284,0.9960807186497058,0.8091022845833958,-0.36965511149079383,0.993045651127884,0.9962716270270033,0.8103726720456296,0.2870317610773706,0.9931971116965793,0.9952831146284855,0.9931971116965793,0.8857315270550239,0.6410766044464798,0.9062065824593504,0.9059028410358968,0.798669736364423,0.37020647304275417,-0.17432038505215042,0.19672491312472454,0.9411226854622089,0.37934131500441626,0.9703392167116957,0.9671908755545928,0.9779146230499185,0.989700617022384,0.9091604491615849,0.9300088897715968,0.9319412615268597,0.9246879901367551,0.9254798707008687,0.926353846851592,0.9254798707008687,0.8714146241184194,0.9088812946960352,0.9098800404836075,0.9088812946960352,0.9168467024310459,0.724701161864722,0.8560177206111597,0.85733670381287,0.8560177206111597,0.6782303532235786,0.13758535754188597,0.6604338457040219,-0.563937941694066,0.5705730785153027,0.33793718445318066,0.5726504088417769,0.33793718445318066,-0.10940446015390606,0.9035866163191348,0.9335245409054804,0.9166683821745564,0.908535786159558,0.2911175850488017,0.8996092384632114,0.9005438374613861,0.8996092384632114,0.8902134658442056,0.8902134658442056,-0.10851754218168974,0.6035985996375616,0.17174218957174622,-0.668312364380063,-0.590227604002428,-0.5937955562977314,-0.11883742904222902,0.10812033907442567,0.21239241787386356,0.02578370512296517,-0.5304137611504104,-0.005383137468579106,-0.8019434663031988,-0.27415907892459257,0.14991377340987588,0.15128527878870454,-0.5717530089871868,-0.5805875696832011,-0.26280757334219995,-0.5186238093477089,-0.8206497565752189,-0.39376161361128215,-0.38621124130014284,-0.39376161361128215,-0.21293144071830705,-0.32745669752439793,-0.32745669752439793,-0.80680042319959,-0.80680042319959,0.37265029458165316,0.6203648825126996,0.8489315799224761,0.8332503686528877,0.7532220351663169,-0.3261953851566151,0.7407241844533501,0.7753634199699319,0.7756104597444627,0.7753634199699319,-0.19075790745990975],[0.9979645154526543,0.995612146666073,0.5759173593181881,0.9988969518312065,1.0,0.9979645154526543,0.9972149786748401,0.9956857740361797,0.9956857740361797,0.9974117844716146,0.9669346517373703,0.9964600133130148,0.997232911913854,0.9973105092262023,0.9972593583362778,0.7487165708991391,0.6690987627622795,0.10109318732405823,0.9977131644694701,0.9977105029073068,0.9875670659043029,0.9972193035619796,0.06643404135923575,0.7144954350321061,0.9923166911741048,0.9923166911741048,0.9922787822167565,0.9901532591491963,0.10991138755530921,-0.10076884842617947,0.9872784777396418,0.9872151863607763,-0.01396580147368295,-0.08561208968627583,0.9978227443047877,0.9977539912872895,0.7990279580377972,-0.4930350385072456,0.997681318104164,0.9980911299819694,0.7255188535784736,0.07685473107832164,0.9977682602031999,0.9977708317526036,0.9977682602031999,0.900200361616617,0.6048209570938665,0.921747829936759,0.9101619246436065,0.7741376395535549,-0.09091246459402522,-0.5868337845809138,-0.19752397572951072,0.92990047244407,0.23272953040113656,0.9658165519287935,0.9658475684549817,0.9802280067955422,0.9902145601774632,0.9084041246129194,0.9126616751420069,0.9229538848492299,0.9126044095170307,0.9214221927586387,0.9217822284412074,0.9214221927586387,0.8474670171581301,0.8662962151430131,0.8674105121865419,0.8662962151430131,0.9062552891943082,0.8188277512463603,0.8872264192687315,0.8880206061717505,0.8872264192687315,0.6382553524852023,0.5203401588178507,0.626463380494348,-0.5839283437283139,0.622367250624908,0.6016594413178221,0.6007356816150505,0.6016594413178221,-0.1260202910620121,0.8866681277786603,0.9106702743277226,0.8951922626036305,0.9162459098358674,0.13725156606381536,0.8861659706144935,0.8871968270361009,0.8861659706144935,0.892498719832605,0.892498719832605,-0.14745933010543397,0.6516217060162061,0.026122688997764782,-0.6983774155917678,-0.6383426129883012,-0.6390274674996804,-0.15055157206512934,0.13137382586566468,-0.17811997707687902,-0.22173145655844304,-0.6021482972465868,-0.36522258841100075,-0.8495432336136883,-0.5521873684974538,0.11949440854559899,0.12071400568990413,-0.5977055777137459,-0.5740796752012859,-0.5397676240951663,-0.55646787783501,-0.7791391963492157,-0.5914918758272365,-0.5942821058900659,-0.5914918758272365,-0.2515906109911602,-0.36107118584857945,-0.36107118584857945,-0.7475723941088632,-0.7475723941088632,0.3604255216548574,0.6025421264948446,0.802004611444331,0.7877761635739791,0.7433698358026565,-0.4536116024127596,0.5998892042981256,0.6664963072929129,0.6667621878697795,0.6664963072929129,0.03622670067484503],[1.0,0.9999881020296292,0.6525938512672259,0.9997234679151784,0.9979645154526543,1.0,0.9923109260667239,0.9886332341211425,0.9886332341211425,0.992982773314692,0.9767219444268074,0.9867978479850883,0.9923482091241717,0.992766101630743,0.9924012989401817,0.8241902634013701,0.7675399654258189,0.3213575588601488,0.9932518017216324,0.9932406495893618,0.9855330755522366,0.9923367376420781,0.4269500797981711,0.7304719512966037,0.981472148809016,0.981472148809016,0.9814537217076238,0.9749213032382759,0.33703773949922633,-0.11232805842278412,0.9896573602659612,0.9896227499814833,0.28678266663806334,-0.186968213285049,0.9946745970654831,0.995325738747747,0.8432261067888848,-0.3651498822672455,0.9905823829190481,0.9952894024122552,0.8119778482881845,0.3022385182223676,0.9948202109694791,0.9948112731019724,0.9948202109694791,0.8882434753794407,0.6534742378289509,0.9013515796099064,0.908279972289591,0.8167425308476831,0.37527340105070695,-0.16917928422314032,0.20226716964158678,0.9466426136523306,0.3953104498145609,0.9748344558256966,0.9701589266273285,0.9800839608994539,0.9897722735407634,0.9290465475533414,0.9359249345280367,0.944099878847035,0.9282468355967407,0.94142418571287,0.9420698104525558,0.94142418571287,0.8787968903717976,0.9203725826507232,0.9212854205093731,0.9203725826507232,0.9198700419761983,0.781281213808991,0.8926535984130666,0.8939688653731478,0.8926535984130666,0.6857883629888883,0.36525887178867306,0.6695916217240838,-0.5595361264160796,0.5750412550059771,0.6013020756378544,0.6017485913271793,0.6013020756378544,-0.1032013330466543,0.9083110526360542,0.940211273265669,0.9235905198123044,0.9303503007887345,0.30532922952299535,0.9036289990080583,0.9044365067667439,0.9036289990080583,0.9083341524765632,0.9083341524765632,-0.10394769872004045,0.5835727471571612,0.16704827400936992,-0.6584740678362646,-0.5835641679919478,-0.5872184337996302,-0.10694776695597934,0.11252998321217718,0.21919931537831977,0.038712291279953515,-0.5185023124039075,0.0007924808910339601,-0.7964906250424163,-0.26662167792702013,0.15962435053682514,0.16093819679491075,-0.5653428759335264,-0.5842312748318215,-0.26178556421890875,-0.5085887646902274,-0.8193598147697132,-0.39257430107082963,-0.3844626591032024,-0.39257430107082963,-0.20472038020339664,-0.31818960415483266,-0.31818960415483266,-0.8074402070978007,-0.8074402070978007,0.38238156361671316,0.6318663927182745,0.8569084182241276,0.8410098093987839,0.7606797415725304,-0.313595881745708,0.7498206195694402,0.7843242938157506,0.7845699813066108,0.7843242938157506,-0.20562213649378644],[0.9923109260667239,0.984077363434822,0.635671799802644,0.993613310287384,0.9972149786748401,0.9923109260667239,1.0,0.9975134722119693,0.9975134722119693,0.999970970522654,0.9605879769878711,0.9996831600889402,0.9999965910296097,0.9999868045591938,0.999993375429549,0.8831090312098219,0.8720862841218445,0.2687128164601716,0.9998619848942112,0.9998621425669428,0.9898853747168359,0.9999967762808539,0.33403131009211595,0.7327972885287132,0.9857949485861515,0.9857949485861515,0.9867896426534963,0.9910334571293465,0.2615675729102537,-0.17265676937326122,0.9916141124576384,0.9915360060811553,0.1856836456165977,-0.23371909484557615,0.9993461646777997,0.9994585030661042,0.429593642692786,-0.30988325222929414,0.9990280597185989,0.9994197773510942,0.8679119653210671,0.2479598549676922,0.9422167460815377,0.9990967397563502,0.9422167460815377,0.9098928309936024,0.6122875873235115,0.9377344296204283,0.9172786752862359,0.7389619157384935,0.4091179410129819,-0.1134288750756778,-0.1964565628462144,0.9288204833486157,0.3462563661940125,0.9677270470072337,0.9628862811240944,0.9787985323108735,0.9956326412631961,-0.03489439291117005,0.8736816540178943,0.8344492207133859,0.8800664827035796,0.8290393198480362,0.7924569590234821,0.8290393198480362,0.8110162743340407,0.797224505927232,0.7867305566971202,0.797224505927232,0.8723479705857927,0.3872637627142501,0.5913900242298328,0.654013449279588,0.5913900242298328,0.6078535178537466,-0.3439259984794682,0.5788575229754814,-0.627547204385695,0.5016119933812047,-0.0926673019730638,0.43931800050775177,-0.0926673019730638,-0.15029828386616204,0.8508197871931887,0.8723616913721226,0.8573827010927998,0.7678605692589748,0.25295134941130065,0.8502617721194832,0.8516120133005668,0.8502617721194832,0.7678848091432818,0.7678848091432818,-0.18326458720251912,0.6939243814527906,0.2372511070765876,-0.6765648884344598,-0.6298554349200252,-0.6329925305524502,-0.16238041987399898,0.05901556577033549,0.3276129774269607,-0.005092710012703372,-0.5453630177918596,0.05532160221705711,-0.8281174856369798,-0.1729878894771678,0.08470748963861338,0.08609686482122145,-0.6135765121983232,-0.5904183753512998,-0.09902295047979849,-0.5906347773422039,-0.8344941250869762,-0.3862245507987621,-0.21897071303742846,-0.3862245507987621,-0.2834881130212358,-0.3696938350028108,-0.3696938350028108,-0.8268089583548167,-0.8268089583548167,0.36140940659674226,0.5860345466423026,0.5059162670944587,0.8020120923121145,0.7382918605244891,-0.3760770335049348,0.06635713597048558,0.7486156219349731,0.7678665060487615,0.7486156219349731,-0.12367421202605891],[0.9886332341211425,0.977864574411581,0.6270979879748643,0.9903938694986482,0.9956857740361797,0.9886332341211425,0.9975134722119693,1.0,1.0,0.9995624283561912,0.9538987078924434,0.99873638686875,0.9982583750297097,0.9994102027576249,0.9991520944082285,0.8806558872415859,0.8613391050448534,0.247080303865883,0.9991959824951303,0.999197641606278,0.9872907059373931,0.9992877467153364,0.30879606888347305,0.7339673835009802,0.9927857628656854,0.9927857628656854,0.9849140532087877,0.9882833381935645,0.2441902961168182,-0.1858766798827881,0.987930383560305,0.991363486373828,0.16718021680873915,-0.23954598319311746,0.9983191544504879,0.9982966229375905,0.41202611327640615,-0.3163758246461059,0.9971325951029439,0.9982373303923234,0.8657247672004996,0.2259283053869175,0.9348622944206161,0.9981472887011752,0.9348622944206161,0.9074701749497891,0.5973249344908634,0.9379777345808333,0.9144096159901186,0.7173528468167784,0.3962951374593387,-0.12820218550029744,-0.20882997976544018,0.9204084213535119,0.32597623203266585,0.963121625719983,0.9577602551139772,0.9737816875725996,0.9946453823140939,-0.04439202438244597,0.8631404138023359,0.8193240180530532,0.8722663609485204,0.8150083255306612,0.7806801111740944,0.8150083255306612,0.7994169159615673,0.7793293474122253,0.7736805723861196,0.7793293474122253,0.8647946811422306,0.36870797179111087,0.5720329110331855,0.6382931686854052,0.5720329110331855,0.5957322006932143,-0.3581490537332472,0.5650842067262362,-0.6347622400390287,0.49436653203309655,-0.11406887876496465,0.4237536007157644,-0.11406887876496465,-0.15681577271505795,0.8417168982239019,0.8591968882454988,0.8458702555267797,0.7537462941836572,0.23540188047324598,0.8417242016640057,0.8432488065316469,0.8417242016640057,0.7514225865369524,0.7514225865369524,-0.19786367385502088,0.7170676986476292,0.2441411525828748,-0.6857365844106987,-0.6421875891832939,-0.6451428518414,-0.17683053034753468,0.05162450440089504,0.3206223695720514,-0.02405411553892073,-0.5576922712809922,0.04607498686100553,-0.8337849920273855,-0.17945882951614087,0.06982721872505449,0.07124089295730389,-0.624824312193912,-0.5913683187318108,-0.10582858504087052,-0.606759723304547,-0.8339712106319076,-0.39748257954880584,-0.22513503703927057,-0.39748257954880584,-0.30037497658610224,-0.3829511083673657,-0.3829511083673657,-0.8247459808413818,-0.8247459808413818,0.34248442214884545,0.5695234979517833,0.48755597922260924,0.7844519806630659,0.7259231836892014,-0.3971438407147651,0.05260723853118559,0.7297627669133706,0.75229601602552,0.7297627669133706,-0.10673112307335758],[0.9886332341211425,0.977864574411581,0.6270979879748643,0.9903938694986482,0.9956857740361797,0.9886332341211425,0.9975134722119693,1.0,1.0,0.9995624283561912,0.9538987078924434,0.99873638686875,0.9982583750297097,0.9994102027576249,0.9991520944082285,0.8806558872415859,0.8613391050448534,0.247080303865883,0.9991959824951303,0.999197641606278,0.9872907059373931,0.9992877467153364,0.30879606888347305,0.7339673835009802,0.9927857628656854,0.9927857628656854,0.9849140532087877,0.9882833381935645,0.2441902961168182,-0.1858766798827881,0.987930383560305,0.991363486373828,0.16718021680873915,-0.23954598319311746,0.9983191544504879,0.9982966229375905,0.41202611327640615,-0.3163758246461059,0.9971325951029439,0.9982373303923234,0.8657247672004996,0.2259283053869175,0.9348622944206161,0.9981472887011752,0.9348622944206161,0.9074701749497891,0.5973249344908634,0.9379777345808333,0.9144096159901186,0.7173528468167784,0.3962951374593387,-0.12820218550029744,-0.20882997976544018,0.9204084213535119,0.32597623203266585,0.963121625719983,0.9577602551139772,0.9737816875725996,0.9946453823140939,-0.04439202438244597,0.8631404138023359,0.8193240180530532,0.8722663609485204,0.8150083255306612,0.7806801111740944,0.8150083255306612,0.7994169159615673,0.7793293474122253,0.7736805723861196,0.7793293474122253,0.8647946811422306,0.36870797179111087,0.5720329110331855,0.6382931686854052,0.5720329110331855,0.5957322006932143,-0.3581490537332472,0.5650842067262362,-0.6347622400390287,0.49436653203309655,-0.11406887876496465,0.4237536007157644,-0.11406887876496465,-0.15681577271505795,0.8417168982239019,0.8591968882454988,0.8458702555267797,0.7537462941836572,0.23540188047324598,0.8417242016640057,0.8432488065316469,0.8417242016640057,0.7514225865369524,0.7514225865369524,-0.19786367385502088,0.7170676986476292,0.2441411525828748,-0.6857365844106987,-0.6421875891832939,-0.6451428518414,-0.17683053034753468,0.05162450440089504,0.3206223695720514,-0.02405411553892073,-0.5576922712809922,0.04607498686100553,-0.8337849920273855,-0.17945882951614087,0.06982721872505449,0.07124089295730389,-0.624824312193912,-0.5913683187318108,-0.10582858504087052,-0.606759723304547,-0.8339712106319076,-0.39748257954880584,-0.22513503703927057,-0.39748257954880584,-0.30037497658610224,-0.3829511083673657,-0.3829511083673657,-0.8247459808413818,-0.8247459808413818,0.34248442214884545,0.5695234979517833,0.48755597922260924,0.7844519806630659,0.7259231836892014,-0.3971438407147651,0.05260723853118559,0.7297627669133706,0.75229601602552,0.7297627669133706,-0.10673112307335758],[0.992982773314692,0.9839373296529641,0.5727737261484919,0.9945034873203388,0.9974117844716146,0.992982773314692,0.999970970522654,0.9995624283561912,0.9995624283561912,1.0,0.9595519185399236,0.999648208354817,0.9999721317289396,0.9999711765913535,0.9999757290670896,0.7808147591299752,0.704175135297987,0.1522909583644301,0.9998177145328411,0.999818303422095,0.9897663001844133,0.9999692886555357,0.11619293137362073,0.7067259502194775,0.9951745973279682,0.9951745973279682,0.9951307572650627,0.9908955477206025,0.09387373631575585,-0.11233706280834131,0.9906003949835204,0.9905630067461526,0.003861190119008372,-0.19250079595649905,0.9993913079439556,0.9993498433523536,0.8051752271237069,-0.48899117047473073,0.9989631382113496,0.999396404467796,0.7585494936170508,0.12847103958852346,0.9992535020577096,0.999258678580626,0.9992535020577096,0.9095838603184552,0.6128339697694202,0.9373408238298963,0.9166160197787169,0.7384282167195757,0.01126869303208522,-0.5385813124008971,-0.15213525028400493,0.9246915178096139,0.2921024110838855,0.9634964575368998,0.9629118867492313,0.9807813375107353,0.9948608874570094,0.883253140051205,0.8744487472204878,0.8988991611147277,0.8809962641211323,0.8973870768936504,0.8979832116641838,0.8973870768936504,0.810447836242805,0.8485140583185585,0.8499756273534051,0.8485140583185585,0.8736903871895261,0.7831158344622855,0.8595514736778357,0.8607386114647914,0.8595514736778357,0.6074777124056854,0.450263156252563,0.5779794341749372,-0.6371445086952323,0.555937552241942,0.5230248110423924,0.522747600192708,0.5230248110423924,-0.10758189161515383,0.8514686264936431,0.8723000655768879,0.8577862428469749,0.8917952336494186,0.16990898855629244,0.8556151162190132,0.8575104267275706,0.8556151162190132,0.8620729656044266,0.8620729656044266,-0.18498790180380648,0.6944803004207172,0.05222318310686034,-0.6885060250982068,-0.6652926619829082,-0.6664109286661033,-0.16589541609354855,0.06236450186385473,-0.18331056628399983,-0.18907136251280285,-0.5861229615087212,-0.39314833986935305,-0.8673488096707427,-0.5875677643080387,0.08418117006476329,0.08553492373365362,-0.615159101643504,-0.5865389931353342,-0.5497034110142983,-0.5923110467248583,-0.8029953567010268,-0.6146753663934587,-0.6168468732006234,-0.6146753663934587,-0.28528178172171076,-0.3728953237532761,-0.3728953237532761,-0.7831340576710177,-0.7831340576710177,0.3614287175361702,0.5843538652705715,0.8123312617504225,0.7998994214538242,0.7364379144050793,-0.4033535815666604,0.6335082687230298,0.691163992266385,0.6913283946700477,0.691163992266385,0.11249354102821821],[0.9767219444268074,0.9700177114370477,0.5320081860148773,0.9747242974779314,0.9669346517373703,0.9767219444268074,0.9605879769878711,0.9538987078924434,0.9538987078924434,0.9595519185399236,1.0,0.9440663845093918,0.9606091741910732,0.960628854106813,0.9603264321582965,0.6001758112307831,0.5110909715058957,-0.06791908275229012,0.9650118436405658,0.9649912043847676,0.9607244178514504,0.9607166826894679,0.04048268731960249,0.7470408777746428,0.9621796811621363,0.9621796811621363,0.9623561643849907,0.8894766774009742,0.19779910053182534,-0.09587312954844472,0.9675785191534482,0.9676829619164726,0.15971484791822932,0.07034019848857989,0.9686383020784236,0.9688823069260016,0.8824960174283456,-0.38475208823157436,0.9525194207362903,0.9678248811711991,0.5735359303395101,-0.0890111505055214,0.969750667595386,0.9697193383645487,0.969750667595386,0.8107854380256291,0.41150183903803933,0.822297166556056,0.8959238436420727,0.850497408023141,-0.5208864066473797,-0.6796078277676024,-0.24614279701421832,0.8883596455696844,-0.010467317510573055,0.9180036707366095,0.918067764681357,0.9375821309182731,0.9658397126180394,0.8869421623515332,0.8875897493842205,0.9060152767235035,0.8897620695925438,0.8994442224826755,0.9000696925927646,0.8994442224826755,0.8432050731660166,0.8262654696658658,0.8279594044336144,0.8262654696658658,0.883786379497446,0.8990946422896249,0.8821190572612903,0.8827241830446054,0.8821190572612903,0.6925962631280985,0.621836210301924,0.6935680340075344,-0.3229682313392271,0.7118241238536228,0.7278323135407977,0.7301244774628821,0.7278323135407977,-0.268421659915577,0.8872026763652646,0.939828432760053,0.9016957549990791,0.8990655909043684,0.02024177912858515,0.88097466275498,0.8820219871572618,0.88097466275498,0.889720312135635,0.889720312135635,0.03978409888114511,0.3881918012685655,-0.1175262649039488,-0.6214877636203723,-0.42774940272761164,-0.4299730074101986,-0.025440368663716052,0.41677735352510364,0.039057209108370516,-0.14571252647733174,-0.5014138852617942,-0.07275741931004717,-0.7975313416763146,-0.23500588080140075,0.29683719502307354,0.29637923673235955,-0.3971947542326355,-0.4335096679097598,-0.35965888206732805,-0.36925557860201136,-0.6661632310912854,-0.37957648039508496,-0.3816997356841454,-0.37957648039508496,-0.10060276429937047,-0.41229882319251854,-0.41229882319251854,-0.5397797173050563,-0.5397797173050563,0.5146036072989417,0.6482844054240743,0.7491211535779304,0.682407380284576,0.8143838618080614,-0.4935500828846005,0.38938285890251184,0.5350467563024945,0.5353399806172408,0.5350467563024945,-0.17875308835069628],[0.9867978479850883,0.9855262795974647,0.9956772292357708,0.990247380925508,0.9964600133130148,0.9867978479850883,0.9996831600889402,0.99873638686875,0.99873638686875,0.999648208354817,0.9440663845093918,1.0,0.9996831797900723,0.9996785649683645,0.9996499407798992,0.38774815275050406,0.29278185529772555,-0.4880044390488927,0.9997975451216864,0.9998002635867227,0.9996881879453109,0.9996879043376834,-0.2248600276718716,0.9711198196152135,0.9944808439682036,0.9944808439682036,0.9944618019135993,0.993005365271221,0.11835671438588026,0.10435226832481928,0.9914467929119675,0.9914931395935357,0.8982082859738346,0.048660330965939025,0.999015854075266,0.9989689163788322,0.99884036261778,0.9993721388451241,0.999406304412001,0.9990499067687675,0.33745413814238334,-0.4965296131153059,0.9987879719057512,0.9987963519457905,0.9987879719057512,0.903656063919176,0.4513200261012856,0.9337731362649394,0.9144204617277724,0.7391769185077935,-0.44880619137263605,-0.6151592133836743,0.8081777066682834,0.8366354765606482,-0.3383164558410065,0.9290570574311646,0.9292725387769977,0.9688451840587422,0.9932917695991927,0.8951391376682866,0.9022509874796775,0.8786838630999949,0.880014916276971,0.8852185295609287,0.8858835059707311,0.8852185295609287,0.7592192713490983,0.7263986649902855,0.7286312367946369,0.7263986649902855,0.9016001784338729,0.9080079228419896,0.9006817324888176,0.9017787366178516,0.9006817324888176,0.47943583646368326,0.41485045052073605,0.5218579838510128,0.6244125297933294,0.5199681723094945,0.5514361919109352,0.5534088640833827,0.5514361919109352,-0.3614941498673571,0.839288147094659,0.8759623490972668,0.8617939332789636,0.9017794418528621,-0.2953148646820678,0.8342407397915577,0.8346216756693076,0.8342407397915577,0.8447533165728905,0.8447533165728905,-0.2378415836779523,0.6869065330897808,-0.38845172652022897,-0.7793981345577851,-0.5348424871148132,-0.5374489261759995,-0.40739674372128126,0.21002396614305724,-0.294842225048117,-0.5086700432610622,-0.7340708529561766,-0.3860556404850973,-0.5973718376063399,-0.4555782332251459,0.07753350517219784,0.07466998612398672,-0.5574541777572822,-0.5275754834604434,-0.5482366609114872,-0.5834386272155446,-0.5772648640935379,-0.5515496833935297,-0.5544553741986026,-0.5515496833935297,-0.4250587515898734,-0.6161708197325858,-0.6161708197325858,-0.6145717662442997,-0.6145717662442997,0.35760779705834433,0.33261388079862675,0.46380338395590687,0.5590689126163899,0.522468741659489,-0.5698444738404346,0.2952203926125832,0.2832194859223253,0.2833930246846633,0.2832194859223253,0.23214705506061753],[0.9923482091241717,0.9841185746917207,0.635695827362414,0.9936403187649173,0.997232911913854,0.9923482091241717,0.9999965910296097,0.9982583750297097,0.9982583750297097,0.9999721317289396,0.9606091741910732,0.9996831797900723,1.0,0.9999904206221852,0.9999950655476456,0.8830842721415966,0.8637776163861629,0.26876053652142073,0.999863276264664,0.9998633917415669,0.9899193060355348,0.9999973626596657,0.33432869225450906,0.7328621653917844,0.9909056371067262,0.9909056371067262,0.9867812078989641,0.99102129280991,0.2618143325625507,-0.17260625126850881,0.9916421987134286,0.9915447841519914,0.18590463294537057,-0.23368703908025917,0.9993477196013165,0.9994615007845549,0.42957312882911275,-0.3096752099885427,0.999030322287339,0.9994273392208435,0.8678771735478191,0.24801381986202392,0.9422032167430983,0.9990987356428228,0.9422032167430983,0.9099066734914973,0.6124231156016425,0.9379063690998702,0.9174491251792861,0.7390727224411137,0.4094895399333471,-0.11300131867460593,-0.1961005847076079,0.9288866734820406,0.3463166869535348,0.9678110254935282,0.9629386064653943,0.9788801672424822,0.9956453582669178,-0.03470722178188015,0.8738204581528484,0.8345422648360928,0.8801784965136221,0.829130903529182,0.7924037293714988,0.829130903529182,0.8111064004147795,0.7972796222943153,0.7866715758726612,0.7972796222943153,0.8724907796575428,0.3871498441415294,0.5913986440611332,0.6539330517160044,0.5913986440611332,0.6078155344940053,-0.3439425003367506,0.5788361532073122,-0.6274411611048316,0.5015255630662238,-0.09278872557780148,0.4393556697252714,-0.09278872557780148,-0.15044201086385176,0.8508956166886232,0.8724871128813599,0.8574776483625617,0.7678555269976024,0.25300092624570125,0.8503446468240102,0.8516910023555543,0.8503446468240102,0.7679533311574116,0.7679533311574116,-0.18320504933176,0.6939516650534309,0.23736321567896762,-0.6766063505660118,-0.6297723518142174,-0.6329147350805584,-0.16246345802016438,0.0588987835369384,0.327772343237017,-0.005086016613953546,-0.5454270611200975,0.055566595342866176,-0.8278651911862471,-0.17271254731114102,0.08477852080534257,0.08618210336136349,-0.6135602669637158,-0.5902200564676229,-0.09879055562213601,-0.5905992009708364,-0.8343876453438456,-0.38601289354183455,-0.21877882225883952,-0.38601289354183455,-0.2833281877042359,-0.36966166712111226,-0.36966166712111226,-0.8267532770439645,-0.8267532770439645,0.36184374762154436,0.586146597060982,0.5061501771037205,0.8022504456779498,0.7383402822235003,-0.37587933950200625,0.06662880123999147,0.7488507559557138,0.7679715675451095,0.7488507559557138,-0.12369706583925737],[0.992766101630743,0.9840588224855831,0.6275405344521278,0.9943518371828395,0.9973105092262023,0.992766101630743,0.9999868045591938,0.9994102027576249,0.9994102027576249,0.9999711765913535,0.960628854106813,0.9996785649683645,0.9999904206221852,1.0,0.999987741868132,0.8292183056363395,0.7671284611469528,0.27070944937012,0.9998858962150234,0.9998864641849667,0.9899090144067142,0.999987732182003,0.33649308208927475,0.7287984322864115,0.9938864650003444,0.9938864650003444,0.993850336812431,0.9909442744105426,0.2571017113699621,-0.17300422532559098,0.991887193284048,0.9918957036938583,0.20949823807070891,-0.23309511019386783,0.9995202419075038,0.9994611972753856,0.8446934841139307,-0.40140664613151134,0.9990257661955165,0.999431595621867,0.8127591350833153,0.24999729212099914,0.9994120030560444,0.9994165312797089,0.9994120030560444,0.909778805314194,0.6125437007447748,0.9375322584407352,0.9169415031806957,0.7386111026808235,0.2894293591436002,-0.283657073458744,0.09999149013443408,0.9287579131322521,0.3469553339548807,0.9646854037216996,0.9629575487248607,0.9773948045905614,0.9958717792710656,0.890518542332913,0.8729827449434567,0.9036373664239681,0.8800933618225517,0.9027458163962443,0.9035755921846255,0.9027458163962443,0.8102432694578244,0.8692648457182656,0.8706920478260745,0.8692648457182656,0.8722902322724484,0.7663435759919512,0.8651753160455622,0.8667578854631218,0.8651753160455622,0.6072913568814853,0.45487548959003377,0.5774049567230588,-0.631342876216239,0.5000388377303079,0.5067999917330872,0.5077967320760471,0.5067999917330872,-0.1523867407392469,0.8507051989319958,0.8721166351034585,0.8569652930955082,0.8973171442246185,0.2553825751471475,0.8502456932805584,0.8518703716980871,0.8502456932805584,0.8602652692351191,0.8602652692351191,-0.1835860785309518,0.692924730159653,0.15172619372145008,-0.6754253459788391,-0.6294086106258594,-0.6323868574905276,-0.1624213220296202,0.058092540965273005,0.10385204055403781,-0.003481504578478838,-0.5438336011916224,-0.13156374245265468,-0.8393717956807161,-0.3927746727480578,0.08453220921823065,0.0859262341422186,-0.6136080024249039,-0.5895280263312259,-0.39092576357977027,-0.5903608483878544,-0.8278598453086802,-0.5049019382651044,-0.5005046414785154,-0.5049019382651044,-0.2825846425265307,-0.36972085481308026,-0.36972085481308026,-0.8187519989184905,-0.8187519989184905,0.3607305170827527,0.586145880203518,0.8216893010184272,0.8060634138893664,0.7387422130873228,-0.37535832532257385,0.7006541670043486,0.7377891662930963,0.7378738261528197,0.7377891662930963,-0.09140956806858096],[0.9924012989401817,0.9839579141642258,0.6358984119895265,0.9936696020013689,0.9972593583362778,0.9924012989401817,0.999993375429549,0.9991520944082285,0.9991520944082285,0.9999757290670896,0.9603264321582965,0.9996499407798992,0.9999950655476456,0.999987741868132,1.0,0.8759849073818924,0.8285249130550552,0.2688851815862355,0.9998658952826386,0.9998658981904032,0.9900542438905082,0.9999950058318469,0.3349852936332541,0.7327111485399254,0.994119479958696,0.994119479958696,0.9940253592792663,0.9909416392672145,0.2620833629420145,-0.17263682750356468,0.9924783539812003,0.9925234461340201,0.18664014604335494,-0.23352051693104223,0.9993937810956838,0.9994605783072131,0.42860389538173027,-0.30891145796298347,0.9989857791511088,0.9994297627559344,0.8661189540924885,0.2481608089839538,0.9417552183280237,0.9991500196842373,0.9417552183280237,0.9101683488122598,0.6130842496000011,0.9381229442698374,0.9176605976899918,0.7388184396883841,0.4108256393438222,-0.11149985111641847,-0.19631408488569368,0.9292298213916381,0.3465827452217549,0.968199382208222,0.9632451298748202,0.9791427556536652,0.9956846679073831,-0.03569478724536569,0.8740784994231823,0.8344595291237482,0.880401156723929,0.8290820814747728,0.791982713921465,0.8290820814747728,0.8112964767229675,0.7972267697913736,0.7870406772922394,0.7972267697913736,0.8727913378005298,0.3864954121349795,0.5909194693364688,0.6539409815936535,0.5909194693364688,0.6076834621531705,-0.34506805631576615,0.5787814553438627,-0.6276171956746202,0.5011843075866217,-0.09375014102020139,0.4390237828825688,-0.09375014102020139,-0.1503941043679828,0.8510234130730076,0.8722323746523146,0.8576051925848903,0.7599426839048221,0.2533703459062707,0.8504417775023017,0.8517791380313534,0.8504417775023017,0.7677699692037232,0.7677699692037232,-0.1845741379594229,0.6947473139055185,0.23784775924469043,-0.676587063756568,-0.6301257236245082,-0.633272787030372,-0.16353737219091669,0.05774953453386845,0.3280884170538709,-0.005484628706709659,-0.5456320408169005,0.0556604853476475,-0.8270893947424094,-0.17254689908133058,0.08384422499182663,0.08524654500794128,-0.6141391257477727,-0.5904362792795574,-0.0982282505513042,-0.591741135622216,-0.8344013140680304,-0.38595014153686236,-0.21823986577102783,-0.38595014153686236,-0.28421067979657827,-0.3700966067576348,-0.3700966067576348,-0.8270943703817,-0.8270943703817,0.36205640320593474,0.58581336173909,0.5056635391145614,0.8026811753254273,0.7377930794907034,-0.3754473568578395,0.06599431820020922,0.7492572325865086,0.7685775023059395,0.7492572325865086,-0.12340944076411108],[0.8241902634013701,0.2992789235329656,0.4489377557198498,0.8233380155540995,0.7487165708991391,0.8241902634013701,0.8831090312098219,0.8806558872415859,0.8806558872415859,0.7808147591299752,0.6001758112307831,0.38774815275050406,0.8830842721415966,0.8292183056363395,0.8759849073818924,1.0,0.994250021328086,0.4122412562548844,0.8606373323054948,0.8606266033310066,0.8047449832251408,0.8751260958518983,0.32896863426156736,0.4691019387163499,0.8670710121908972,0.8670710121908972,0.8542734796230167,-0.008006136970254455,0.19160685062026278,-0.18241460400820925,0.8994311845226727,0.8974064795627642,0.15320907215136076,-0.24696272254130125,0.8801606471947422,0.7994463913988705,0.2914431836901724,-0.3191360855125805,0.40342135064564766,0.774454903974179,0.9984142078612934,0.39433546126503555,0.8071501303218261,0.8799269533281459,0.8071501303218261,0.37357450539084447,0.5677412669889138,-0.012067462270906283,-0.02751161665204967,0.2375629566494938,0.4055452994399033,-0.062718404263477,-0.2099530735393506,0.7818307818982806,0.40424467410120846,0.8757097540970298,0.7904025016724344,0.8544073963689344,0.8687960226517341,-0.09740787188685351,0.3241585785515356,0.6568785169661316,0.5700101980612946,0.6484179107422505