var config = { responsive: true }

var correlationClose = {"data": [{"type": "heatmap", "z": [[1.0, 0.9999845362983689, 0.9772380450959522, 0.9996902617834748, 0.9972666379962052, 1.0, 0.9901729624807938, 0.9854296470175266, 0.9907670037287921, 0.9726011978088716, 0.9795709681396066, 0.9902203713557103, 0.9903801090259345, 0.9902901229157443, 0.9903426841865685, 0.9932034834319563, 0.9934334408778617, 0.991377586818435, 0.9913639411407513, 0.9913473532043963, 0.9902092227140313, 0.9772971088756087, 0.964189258009415, 0.9763155829300038, 0.9762891970457901, 0.9514658434916069, 0.9527413935816286, 0.9435527469391662, 0.9898888807029338, 0.9898466457146572, 0.9857572759285762, 0.9739940263071081, 0.9933212280239204, 0.9942500253183435, 0.9933385889090137, 0.9915764951966765, 0.9859520683112156, 0.9939344018541643, 0.9938812887504219, 0.9948080020854159, 0.9935272009124944, 0.993514306990654, 0.9935272009124944, 0.8956048012363302, 0.6893180724394042, 0.8603028938848047, 0.8888344765016434, 0.8068378867967918, 0.9634964535910397, 0.9289245757408223, 0.9539177391843052, 0.9488689876577532, 0.9518923764498342, 0.9779632671643518, 0.9719014646080539, 0.9084205053348995, 0.8983287274761756, 0.9281086082314998, 0.8994735393255582, 0.9245396945916178, 0.925413496847755, 0.9245396945916178, 0.8313212415360907, 0.9024832333549064, 0.9036637881336899, 0.9024832333549064, 0.8841715803150002, 0.7118746268265889, 0.8606770325011349, 0.8624764025771667, 0.8606770325011349, 0.6003178121446425, 0.487340634466589, 0.5753293470411096, 0.7283774760219227, 0.46443024064879984, 0.5282319844839516, 0.5301863267850373, 0.5282319844839516, -0.5987383822515161, 0.8714744693525296, 0.9020716528754885, 0.8837447411051169, 0.9099411307573528, 0.9347456787529026, 0.8695326567476123, 0.8709547003750309, 0.8695326567476123, 0.881860982596691, 0.881860982596691, -0.17323818818942185, 0.5126243908647593, 0.20952054428043745, -0.5175518101069901, -0.5462097319770275, -0.5500599064734509, -0.0023054169765441045, 0.03488853961491194, 0.28328565958208446, 0.1872196350220311, 0.11139506451087673, 0.08615983622939746, 0.1127742766405257, -0.17993178810389324, 0.10378402696400386, 0.10410933635200495, -0.519800672623919, -0.41633449980299686, -0.1799348152745573, -0.46203092598492695, -0.34542876559757274, -0.32045519696539143, -0.3109726228895041, -0.32045519696539143, -0.1688072651668087, -0.22526150782309784, -0.22526150782309784, -0.5262876489774061, -0.5262876489774061, 0.40015274719006105, 0.6677072454883763, 0.8780092440363415, 0.8561733376189783, 0.7954640409948232, 0.6758930184288724, 0.7757626525244734, 0.8165483785359144, 0.8167677534339878, 0.8165483785359144], [0.9999845362983689, 1.0, 0.9646746584650217, 0.9991197882398045, 0.9928223687164269, 0.9999845362983688, 0.9748637376121949, 0.9644931973742096, 0.9745987236116892, 0.9549236309330787, 0.977031878982466, 0.9749183577911877, 0.9748703505693805, 0.9746652517546136, 0.9737970737121916, 0.98345745742435, 0.9819612032145045, 0.981039744341436, 0.981005943739642, 0.974995367879086, 0.9749843356734751, 0.9798681503566328, 0.9639786882648614, 0.966962379445977, 0.9670462728134683, 0.9517927561413336, 0.971896810915065, 0.9241815233246166, 0.9738851194398136, 0.9739480442907552, 0.9700965184705579, 0.9158058471306023, 0.9858843603858327, 0.985991577715632, 0.9868569011826123, 0.9775458986798218, 0.984005173691524, 0.9858725744543388, 0.9866081146353415, 0.98638523233639, 0.986983004096444, 0.9869593926144179, 0.986983004096444, 0.8957994167428096, 0.5981487375057141, 0.86119804908888, 0.8896981002849833, 0.8060341520605759, 0.8600495096948689, 0.880815171067668, 0.8497184432171279, 0.867953005749941, 0.8562558427824422, 0.9368679366175919, 0.936933058541028, 0.9118839626238696, 0.9232595834881604, 0.8978331232288145, 0.8975269641579819, 0.9053016547429703, 0.9061443789941941, 0.9053016547429703, 0.7511250382887925, 0.7112108309290669, 0.7132565675139497, 0.7112108309290669, 0.9167350007780536, 0.9225920900912797, 0.9164235026370827, 0.9178292223049433, 0.9164235026370827, 0.4100843431884856, 0.3547716962624451, 0.47745956900494063, 0.5786091714335113, 0.45406419169702106, 0.49989953346456434, 0.5011886218965789, 0.49989953346456434, -0.1993217005888041, 0.8493738375178728, 0.8894522402861781, 0.8742347989096131, 0.9198161187530004, 0.9213970859386176, 0.8423375435804158, 0.8428015043994215, 0.8423375435804158, 0.8547541717356566, 0.8547541717356566, -0.28069940045751246, 0.5134823462238011, -0.37739826833095136, -0.45920681692160464, -0.45872256281199486, -0.4621596842986414, -0.2705552669617134, 0.205895637727599, -0.18718994143228992, -0.34766128241638433, -0.19866914143900644, -0.2533418723729505, -0.27779734333734046, -0.3063754896881455, 0.07783702123272804, 0.07252183838590164, -0.47300596606061895, -0.4250470321725086, -0.45281317117080944, -0.4826229564184761, -0.4751227209838527, -0.45580848348935954, -0.4590136053615576, -0.45580848348935954, -0.3531755525456437, -0.481081750737053, -0.481081750737053, -0.4600766930937801, -0.4600766930937801, 0.39966979822168286, 0.4350427757020538, 0.5276539260090457, 0.6115305922009945, 0.5881130050448302, 0.2646719180816955, 0.40403676069171157, 0.3987193953708512, 0.39884006094309293, 0.3987193953708512], [0.9772380450959522, 0.9646746584650217, 1.0, 0.9812928852823375, 0.9909784155275805, 0.9772380450959524, 0.9853585009546083, 0.9834724307720062, 0.9922727965109213, 0.934275322651929, 0.9963522699785857, 0.9853110232784961, 0.9828188825224577, 0.9850768236201364, 0.9849759844230369, 0.9881241001712511, 0.9891332417096027, 0.9827983430058324, 0.9827816973823249, 0.990791380561501, 0.9852192538679888, 0.9905702134580516, 0.979084302369275, 0.9828476244027333, 0.9828642340589366, 0.9800960971237299, 0.9774168279178957, 0.9463765179300645, 0.9669765221294095, 0.9670490313795401, 0.971830869432471, 0.9472632805293251, 0.981261791542708, 0.9877325077262644, 0.9795849889460753, 0.982653566270141, 0.9934518189837277, 0.9896969146086539, 0.9793804019168355, 0.9867704484859737, 0.9809379550747419, 0.9802307412616931, 0.9809379550747419, 0.9039622872506413, 0.6046607631411722, 0.9050200697481688, 0.8720179438981106, 0.6533923228219946, 0.9065849414544771, 0.8570416712697047, 0.8940992721005291, 0.8907735732025438, 0.897868429306123, 0.9289843496760446, 0.9385172778636809, 0.7414290347642307, 0.8039905025135058, 0.8172629334589872, 0.8386550669549917, 0.809532707435334, 0.777854673986033, 0.809532707435334, 0.7243077861309223, 0.7639797175824415, 0.763431167635303, 0.7639797175824415, 0.8312096188400434, 0.3991503228511174, 0.5902759583536183, 0.6591002598636162, 0.5902759583536183, 0.49458617270472466, 0.46301367767710855, 0.4595517740566257, 0.6191167609090507, 0.398402808752529, 0.4270927994919966, 0.3938464445218229, 0.4270927994919966, -0.5897839565509686, 0.7976186409983402, 0.7782911447684714, 0.7795182038412484, 0.755854259489437, 0.8832071811748335, 0.8031632181550311, 0.8056463215438048, 0.8031632181550311, 0.747374097125818, 0.747374097125818, -0.28106392687321907, 0.7046690117952943, 0.1626858947837499, -0.6126739261701951, -0.6373237080861953, -0.6402208541211262, -0.11449355697827013, -0.00523724389325235, 0.28080413346566085, 0.052893848805755726, 0.00464563680989467, 0.03810339911575772, 0.0037096118658034812, -0.17592606139203884, 0.007695634746800099, 0.007732474897270218, -0.6096174789881331, -0.529480846447077, -0.1354909792857827, -0.5846731360656374, -0.4420825207547319, -0.40591833393775223, -0.2376423484393889, -0.40591833393775223, -0.29313707732833844, -0.36071255079902165, -0.36071255079902165, -0.6284344679677142, -0.6284344679677142, 0.316002976032411, 0.5726850300464268, 0.7841099016539949, 0.7630306571140614, 0.7319723071102813, 0.5687657452955307, 0.7094524079859892, 0.716494096868284, 0.7485231134612846, 0.716494096868284], [0.9996902617834748, 0.9991197882398045, 0.9812928852823375, 1.0, 0.9985109578534364, 0.9996902617834745, 0.991875487893171, 0.9876174070821963, 0.9928842406836097, 0.9703531949257106, 0.9853127379372004, 0.9919102329613637, 0.9919979214871991, 0.9919504673272774, 0.9919919836603469, 0.9948355424045636, 0.9949927742678839, 0.9928373536128703, 0.9928259997484589, 0.9932293923969623, 0.9918905803276801, 0.9806783449808514, 0.9673179133796507, 0.9794035554074734, 0.9793780550187258, 0.9642556685796863, 0.9573208256822578, 0.9448705650026609, 0.98978436749314, 0.9897532837492956, 0.986670985461709, 0.9733804547779434, 0.9941999879517722, 0.9954650035953013, 0.9941696355549565, 0.9928259711087739, 0.9901973550698582, 0.9954017614428298, 0.9945675260868212, 0.9959473689280278, 0.994300380689459, 0.9942917550144958, 0.994300380689459, 0.8947086182316815, 0.6766060276120219, 0.8698564578333379, 0.8837369500735466, 0.7831064163572662, 0.957603736580202, 0.9209582186754133, 0.9470396437995307, 0.9431202347627062, 0.9468567334181628, 0.9737112906343558, 0.9691330608025461, 0.8822930033445489, 0.8878543759456392, 0.9119320024893429, 0.8936410173960169, 0.9033297353092284, 0.9045394090406924, 0.9033297353092284, 0.8204366076459225, 0.888222309970215, 0.8895244344873549, 0.888222309970215, 0.8789011836521997, 0.6396386137757788, 0.8129056326753201, 0.8147494911653144, 0.8129056326753201, 0.5894906155143591, 0.4590291243211377, 0.5623361277153013, 0.7092785350775637, 0.4571076881510329, 0.4946179307459045, 0.4972997876578866, 0.4946179307459045, -0.6004942964417017, 0.8638087169154528, 0.8893911855223481, 0.8721909923387875, 0.8811193663496449, 0.9305428283858206, 0.8630029106270263, 0.8646122403180274, 0.8630029106270263, 0.8579410602114677, 0.8579410602114677, -0.1802357289907738, 0.5437786782727524, 0.214286962374262, -0.5262712880025011, -0.5545143830733331, -0.55827258456277, -0.01528741773024295, 0.028732426990438834, 0.2759077558254482, 0.17445346368994713, 0.10046686672068332, 0.07927948626696628, 0.10645084668769281, -0.18819693099804574, 0.09177635562606906, 0.0921505856395049, -0.5277744251824436, -0.4279693600554183, -0.1819872905686857, -0.47552197621036996, -0.34811580174669265, -0.3225177939996467, -0.31359675458550773, -0.3225177939996467, -0.17892194770863334, -0.23604132402534508, -0.23604132402534508, -0.5378584303721643, -0.5378584303721643, 0.38396641186791247, 0.6554164998176943, 0.8705774241400113, 0.8487770567518347, 0.7881274806403331, 0.6671113985161463, 0.7670047988228729, 0.8081191824027619, 0.8083518884758978, 0.8081191824027619], [0.9972666379962052, 0.9928223687164269, 0.9909784155275805, 0.9985109578534364, 1.0, 0.9972666379962052, 0.9965351870853943, 0.9943394537700803, 0.996720265633787, 0.9590436998530552, 0.9947208853341708, 0.9965553102839119, 0.9966553278224312, 0.9965889305749519, 0.9965926549104256, 0.9976752637380036, 0.9972693219811858, 0.997176454687419, 0.9971730619691934, 0.9965493762228345, 0.9965460233786997, 0.9930634566787597, 0.9798663584944387, 0.989684467669495, 0.9896367395497488, 0.981188099871713, 0.9788744229380064, 0.948613632621722, 0.9882617836432972, 0.9882015638668753, 0.9875378116498875, 0.9639890526115935, 0.9976544964579673, 0.9975992736846641, 0.9975044534574803, 0.9970449392009224, 0.9968950281897412, 0.9978186888674506, 0.9979279169621675, 0.9976699028508487, 0.9976272250419855, 0.9976318706931702, 0.9976272250419855, 0.911157550720948, 0.6382451102957323, 0.8949759760236597, 0.8862483890792866, 0.7459028069349998, 0.9363087314862178, 0.8938142220530243, 0.924893005261654, 0.9281415036808426, 0.9352138809366894, 0.9669648708589891, 0.9670679968817664, 0.8729807788042946, 0.8620683932108882, 0.8937637513169286, 0.8766555092744498, 0.8915832877268897, 0.8921033850993598, 0.8915832877268897, 0.7871878781530347, 0.8245444622738605, 0.8261020626621618, 0.8245444622738605, 0.863690420733404, 0.745021517022867, 0.8431463237052567, 0.8443146909156822, 0.8431463237052567, 0.5368235573882103, 0.3978562988560703, 0.5182977507589851, 0.6954080014953425, 0.5120920406272397, 0.4882081639218481, 0.4883360426854241, 0.4882081639218481, -0.5894066002096359, 0.8400666768220039, 0.8535022741771032, 0.8404483823631697, 0.8838843143074109, 0.9033520939924093, 0.842265056781183, 0.8438184757642165, 0.842265056781183, 0.8509426348516534, 0.8509426348516534, -0.22635609232861703, 0.6115848008079598, 0.06917365896947288, -0.5835737013741793, -0.6165326927792649, -0.6170101787915702, -0.05329095816229497, 0.049108486730095546, -0.12399548795197979, -0.07830535920494482, -0.05375291329341836, -0.29777765437878134, -0.35089184493571146, -0.49552296661748524, 0.05539972699460635, 0.055602220664287536, -0.5607218162874156, -0.4688648801935893, -0.4897925721760953, -0.5225289230991971, -0.5791104706546993, -0.5492254960407605, -0.5516231663738947, -0.5492254960407605, -0.22587807634187354, -0.2773224154868906, -0.2773224154868906, -0.643154733732102, -0.643154733732102, 0.35984650620898323, 0.6328191370670521, 0.8184074941488774, 0.7910488994663961, 0.7745180634626792, 0.5946637954877458, 0.6155277010752594, 0.6991684061756963, 0.6995362437627182, 0.6991684061756963], [1.0, 0.9999845362983688, 0.9772380450959524, 0.9996902617834745, 0.9972666379962052, 1.0, 0.9901729624807938, 0.9854296470175266, 0.9907670037287921, 0.9726011978088716, 0.9795709681396066, 0.9902203713557103, 0.9903801090259345, 0.9902901229157443, 0.9903426841865685, 0.9932034834319563, 0.9934334408778617, 0.991377586818435, 0.9913639411407513, 0.9913473532043963, 0.9902092227140313, 0.9772971088756087, 0.964189258009415, 0.9763155829300038, 0.9762891970457901, 0.9514658434916069, 0.9527413935816286, 0.9435527469391662, 0.9898888807029338, 0.9898466457146572, 0.9857572759285762, 0.9739940263071081, 0.9933212280239204, 0.9942500253183435, 0.9933385889090137, 0.9915764951966765, 0.9859520683112156, 0.9939344018541643, 0.9938812887504219, 0.9948080020854159, 0.9935272009124944, 0.993514306990654, 0.9935272009124944, 0.8956048012363302, 0.6893180724394042, 0.8603028938848047, 0.8888344765016434, 0.8068378867967918, 0.9634964535910397, 0.9289245757408223, 0.9539177391843052, 0.9488689876577532, 0.9518923764498342, 0.9779632671643518, 0.9719014646080539, 0.9084205053348995, 0.8983287274761756, 0.9281086082314998, 0.8994735393255582, 0.9245396945916178, 0.925413496847755, 0.9245396945916178, 0.8313212415360907, 0.9024832333549064, 0.9036637881336899, 0.9024832333549064, 0.8841715803150002, 0.7118746268265889, 0.8606770325011349, 0.8624764025771667, 0.8606770325011349, 0.6003178121446425, 0.487340634466589, 0.5753293470411096, 0.7283774760219227, 0.46443024064879984, 0.5282319844839516, 0.5301863267850373, 0.5282319844839516, -0.5987383822515161, 0.8714744693525296, 0.9020716528754885, 0.8837447411051169, 0.9099411307573528, 0.9347456787529026, 0.8695326567476123, 0.8709547003750309, 0.8695326567476123, 0.881860982596691, 0.881860982596691, -0.17323818818942185, 0.5126243908647593, 0.20952054428043745, -0.5175518101069901, -0.5462097319770275, -0.5500599064734509, -0.0023054169765441045, 0.03488853961491194, 0.28328565958208446, 0.1872196350220311, 0.11139506451087673, 0.08615983622939746, 0.1127742766405257, -0.17993178810389324, 0.10378402696400386, 0.10410933635200495, -0.519800672623919, -0.41633449980299686, -0.1799348152745573, -0.46203092598492695, -0.34542876559757274, -0.32045519696539143, -0.3109726228895041, -0.32045519696539143, -0.1688072651668087, -0.22526150782309784, -0.22526150782309784, -0.5262876489774061, -0.5262876489774061, 0.40015274719006105, 0.6677072454883763, 0.8780092440363415, 0.8561733376189783, 0.7954640409948232, 0.6758930184288724, 0.7757626525244734, 0.8165483785359144, 0.8167677534339878, 0.8165483785359144], [0.9901729624807938, 0.9748637376121949, 0.9853585009546083, 0.991875487893171, 0.9965351870853943, 0.9901729624807938, 1.0, 0.9970548660440994, 0.9999671478597889, 0.9487333524249606, 0.9995405804756691, 0.9999959823443371, 0.9999575871374667, 0.9999920471685303, 0.9999176600163846, 0.9938201954414806, 0.9998099668906829, 0.9998254950780086, 0.9998258561789733, 0.9999943761792498, 0.9999963636563937, 0.9909913391440333, 0.9749327874822031, 0.9836156383311426, 0.9923145915033214, 0.9829154736687512, 0.9710537978497288, 0.9389812366806258, 0.9924922385925113, 0.9921658609504921, 0.9920375928580184, 0.9677941044887984, 0.9992789769785554, 0.9993643510597311, 0.9993343175906929, 0.9997299771230883, 0.9985214816566653, 0.9992470153950143, 0.9981773592285781, 0.9993480813600403, 0.9990869128742631, 0.9990020845201503, 0.9990869128742631, 0.9187204197308899, 0.638428700453756, 0.9190241726186923, 0.8933095706133739, 0.6933295641052725, 0.9472011892189613, 0.9120606099392933, 0.9347230559293815, 0.9253128767681013, 0.9356679563861439, 0.9689378656195806, 0.9611705449397355, 0.6977891853776538, 0.8063910040235176, 0.7883872094481398, 0.8345460769800586, 0.7810273887328012, 0.7514792268670396, 0.7810273887328012, 0.7395094636793933, 0.7520150602122522, 0.7541992548926575, 0.7520150602122522, 0.8184087630280331, 0.27607170431116457, 0.49703209588660946, 0.5888318664587836, 0.49703209588660946, 0.5025403378969917, 0.4607019840586879, 0.46098463131105005, 0.5959665818658878, 0.3742522421482088, 0.40102899524162533, 0.349056548137611, 0.40102899524162533, -0.6533788421269908, 0.7938775604981775, 0.7953105612353797, 0.787761261062718, 0.7224498071221161, 0.8869780559708216, 0.7988244562732599, 0.801117316056082, 0.7988244562732599, 0.7044537476794587, 0.7044537476794587, -0.2644739273304351, 0.6676222386326119, 0.2619276775879412, -0.5735649846525572, -0.6000524892165282, -0.6033015789086819, -0.07096191473979602, -0.025536301026805767, 0.3736982190764161, 0.1324102716537147, 0.0568811975727495, 0.1256532011039598, 0.09266640713357285, -0.09481705542953339, 0.016860815294335134, 0.017320558617018426, -0.5766302927668289, -0.5015480760271145, -0.024286642089082724, -0.5623319983698061, -0.35455358335431303, -0.3210910999360842, -0.14489811499608451, -0.3210910999360842, -0.26359043014580313, -0.28984556863727345, -0.28984556863727345, -0.6059625518680295, -0.6059625518680295, 0.3554387738396527, 0.6073728807462518, 0.8038011234281534, 0.8096802749650599, 0.7620731946670707, 0.6478996026833097, 0.7471166147102, 0.7694716501322809, 0.7878961169154457, 0.7694716501322809], [0.9854296470175266, 0.9644931973742096, 0.9834724307720062, 0.9876174070821963, 0.9943394537700803, 0.9854296470175266, 0.9970548660440994, 1.0, 0.999427528971269, 0.9397276296356406, 0.9980498954621552, 0.9978782578345133, 0.9992161358438423, 0.9989456729665361, 0.9986269910793176, 0.9860698048447389, 0.9988439662864039, 0.9990022084899911, 0.9990049814332849, 0.9994701228880207, 0.9991187919666967, 0.9908739443621652, 0.975245249884106, 0.9914565617898905, 0.992156824419933, 0.977585363197815, 0.9731063313367806, 0.9370038106111902, 0.9888178829905467, 0.9922372489787334, 0.9901959426206641, 0.9638432177527234, 0.9980791100670096, 0.9979546791028052, 0.9979608760528527, 0.9989518496728897, 0.9956142707897077, 0.9977263341040435, 0.9975092981007684, 0.9978191256476248, 0.9978909418503703, 0.9979221265094578, 0.9978909418503703, 0.9165703185002122, 0.6223706401697721, 0.920274017554662, 0.8891540326555581, 0.6638756543334503, 0.9447681719870218, 0.9046317032012889, 0.930856790968869, 0.9158123197526328, 0.9276023982840814, 0.9640779500745496, 0.9553677400031672, 0.6807770066733174, 0.7890098402522957, 0.7681006028728504, 0.822842003509961, 0.7620112850121212, 0.7369966506540948, 0.7620112850121212, 0.7230095524741019, 0.7294585522551016, 0.7386824519282623, 0.7294585522551016, 0.8068134752111846, 0.2524561985719516, 0.47186489897797806, 0.5693006876817688, 0.47186489897797806, 0.4858763094131935, 0.4524356058827594, 0.4423205860804033, 0.5777112831921147, 0.3631997493511775, 0.3874557546255879, 0.3294760163467512, 0.3874557546255879, -0.6535362195871935, 0.7802431507408493, 0.7724737516188899, 0.7695322724309058, 0.7051416200165348, 0.8766707708694333, 0.7859275756493941, 0.788477804694339, 0.7859275756493941, 0.6822971443830644, 0.6822971443830644, -0.2830509277158618, 0.7016874929764163, 0.27069515652807524, -0.5892444850526081, -0.6151231153651637, -0.6181685407061174, -0.08730606699412657, -0.03527605037706548, 0.3669756971277323, 0.11249161192094866, 0.04022881424566048, 0.11634689422210857, 0.07662287531152127, -0.10134618007414528, -0.0011877220087191933, -0.0007093647933045057, -0.5903598121149883, -0.5188773543132387, -0.031163551245012917, -0.5828879116527176, -0.3689699980868133, -0.3336900344338691, -0.15119030439967798, -0.3336900344338691, -0.28408332455111274, -0.3056099303619758, -0.3056099303619758, -0.6207758285668661, -0.6207758285668661, 0.3291430049363735, 0.5882883748608218, 0.7933977513268266, 0.7907435279326586, 0.7479107356233556, 0.6308422990938873, 0.7302898486878572, 0.7492508946257165, 0.7714757507731201, 0.7492508946257165], [0.9907670037287921, 0.9745987236116892, 0.9922727965109213, 0.9928842406836097, 0.996720265633787, 0.9907670037287921, 0.9999671478597889, 0.999427528971269, 1.0, 0.9474586664405941, 0.9994779667035987, 0.9999683709010585, 0.9999640240379581, 0.9999733919290746, 0.9999306692024603, 0.9980344014006578, 0.9997155057854749, 0.9997614401629678, 0.9997625230536124, 0.9999652899582641, 0.9999656949514608, 0.9941760924571243, 0.9775881510260912, 0.9936746710266371, 0.9936141642615588, 0.9826670202281642, 0.9769551996496639, 0.9407867533676169, 0.9909914327179478, 0.9909583733450735, 0.9886758353090007, 0.962964597155667, 0.999294338263213, 0.9992553236667134, 0.9991152761210649, 0.999852427320449, 0.9984258740014137, 0.9992332875236171, 0.9991329665842729, 0.999228265964414, 0.9991327803098321, 0.9991392957297685, 0.9991327803098321, 0.9188382274995877, 0.6397273334822741, 0.9190350051445048, 0.8932258523998158, 0.6927111822007874, 0.9328975508999926, 0.8864008237496558, 0.9171945936744527, 0.9205983395294571, 0.931738487315586, 0.9625864087616484, 0.9615376414284197, 0.8427517051976854, 0.8071180952596687, 0.8644425239249636, 0.8353028508887707, 0.8623271213747818, 0.8631562014416871, 0.8623271213747818, 0.7384272462106929, 0.8048591397003894, 0.806617441603311, 0.8048591397003894, 0.8197398806566004, 0.7027047855602834, 0.8100597638618733, 0.8117063274177111, 0.8100597638618733, 0.5015033898923607, 0.3192034489144275, 0.4599961096749294, 0.6408638757168122, 0.4347958566306482, 0.3972479025925058, 0.3975918872871574, 0.3972479025925058, -0.6353077258597828, 0.7941941735733553, 0.7948963402141849, 0.7877759043018716, 0.8542128687855556, 0.874715843986249, 0.805234429996616, 0.807893595104897, 0.805234429996616, 0.8138551066907994, 0.8138551066907994, -0.26705106961050096, 0.6686222523793736, 0.0941054786150347, -0.6022442960705562, -0.6440078023048403, -0.6448098233177934, -0.07462465102856353, -0.02343595303278293, -0.13245407337279883, -0.05087008342873832, -0.04079623933606778, -0.33096568302554913, -0.36023950471989946, -0.5368309956881814, 0.015468149625479278, 0.01620224266348265, -0.5786589229695688, -0.5038206705674398, -0.5001180957289786, -0.564698992634158, -0.5951042767424488, -0.5741191686688616, -0.5760880067535464, -0.5741191686688616, -0.2661673319382691, -0.2935729381174503, -0.2935729381174503, -0.7016697991199804, -0.7016697991199804, 0.35568673155758684, 0.606232987139652, 0.8253126431549214, 0.8024300813320552, 0.760495959664336, 0.6327622474031064, 0.6479063581822769, 0.718648845682254, 0.7188166585414246, 0.718648845682254], [0.9726011978088716, 0.9549236309330787, 0.934275322651929, 0.9703531949257106, 0.9590436998530552, 0.9726011978088716, 0.9487333524249606, 0.9397276296356406, 0.9474586664405941, 1.0, 0.9163779250130927, 0.9487731863428914, 0.9488930423227631, 0.948400739430738, 0.947694205325794, 0.9499648759678656, 0.9559053361394627, 0.9549245266255644, 0.9548903571791932, 0.9489310841931151, 0.9489160037950767, 0.9484765583361999, 0.9409018034689131, 0.9508545019400323, 0.9510790170541025, 0.7974117785581795, 0.955967393971286, 0.9506737953853108, 0.9571453412718228, 0.9572898934278139, 0.9555532539230216, 0.9295313049817175, 0.9593735122649305, 0.9596549021395832, 0.9604941450781223, 0.9511170190802323, 0.9293806171273057, 0.95857905593581, 0.9601348458854796, 0.9599454021064793, 0.9608344089045702, 0.9607920959189743, 0.9608344089045702, 0.7746379913157014, 0.43713374262525306, 0.7183721775198642, 0.8567087602316115, 0.8401725491545476, 0.8731032806436808, 0.7556167635514096, 0.8505049875267471, 0.8651078560557087, 0.8741101559491307, 0.8961176577236429, 0.8961664473358008, 0.8493843301043377, 0.8408440721924461, 0.8770587129672277, 0.8524457365608672, 0.8683567728215102, 0.8692723168710902, 0.8683567728215102, 0.7881338323237742, 0.7662202005775764, 0.7683856854224071, 0.7662202005775764, 0.844480162826143, 0.8669979165089632, 0.8425610356050487, 0.8434363051205215, 0.8425610356050487, 0.6078594878562873, 0.5276748585864264, 0.6087249928158076, 0.737327603576869, 0.62821021447391, 0.6503562126569438, 0.6538729717013858, 0.6503562126569438, -0.27565365815335885, 0.8487519783304663, 0.9133200897160574, 0.8682227861735478, 0.8674955862292456, 0.8789720096661513, 0.8400859878404583, 0.8415602694088348, 0.8400859878404583, 0.8529497548694165, 0.8529497548694165, 0.01152018119126152, 0.23048862074451776, -0.07302199247045578, -0.34909475967740755, -0.38106771648891685, -0.38297686562295197, 0.10032749343843164, 0.3754332299781207, 0.12900268743249216, 0.02167187325022445, 0.13469400075829516, 0.04155678633344814, -0.06607642249700829, -0.12049593403436493, 0.265711347203399, 0.26461097119936605, -0.33387342237937423, -0.2817399060046709, -0.2854785262907449, -0.28838669197872696, -0.3592505224795137, -0.3078425807718203, -0.30970289151226643, -0.3078425807718203, -0.04629275616460386, -0.3256248782141546, -0.3256248782141546, -0.3916941517384566, -0.3916941517384566, 0.5801652622983287, 0.6792085507173353, 0.7608009556032389, 0.6664889685817116, 0.8407009965886242, 0.30158760565339127, 0.39153791815150496, 0.5714567676488458, 0.5717523184885421, 0.5714567676488458], [0.9795709681396066, 0.977031878982466, 0.9963522699785857, 0.9853127379372004, 0.9947208853341708, 0.9795709681396066, 0.9995405804756691, 0.9980498954621552, 0.9994779667035987, 0.9163779250130927, 1.0, 0.9995380556172998, 0.9995336523068086, 0.9994824381912215, 0.9995207980544861, 0.9983746616641335, 0.9995764846691433, 0.9997007858074304, 0.999706325274087, 0.9995464125738164, 0.9995477165389397, 0.9914545735246376, 0.9569929402626776, 0.9914195854016059, 0.9913903189071669, 0.9864842242120678, 0.9726650566712858, 0.8920454651870396, 0.9888062869704691, 0.9888672330537398, 0.9701366145788508, 0.8867842455148138, 0.9985892974960028, 0.9985341200068741, 0.9983038945718985, 0.9992040661556822, 0.9991191114701762, 0.99856320409823, 0.9983220213231861, 0.9984964290820001, 0.9982489384101604, 0.9982639584850996, 0.9982489384101604, 0.912629314277729, 0.5162246197218554, 0.9145928575587066, 0.891571175735007, 0.6948629795712455, 0.8199133822237793, 0.8340135913023752, 0.8070454048536433, 0.810133046648481, 0.8157204869380154, 0.9211275471083253, 0.9213293834628925, 0.8327314881477184, 0.8438701025376178, 0.8060415602763822, 0.8091823850561732, 0.8161873285582, 0.8172706425912988, 0.8161873285582, 0.6266189386816361, 0.5805851623804245, 0.5830752126035781, 0.5805851623804245, 0.8449737625032517, 0.8554031289633887, 0.8430479649334736, 0.8447687996553008, 0.8430479649334736, 0.26523708392513845, 0.19842446838907277, 0.32778178924607687, 0.4494849599924618, 0.3152513036678093, 0.3695427909890326, 0.37281106214645726, 0.3695427909890326, -0.4076438467412659, 0.7437722584193145, 0.7996521592501806, 0.7770105493281779, 0.8424284749303321, 0.838843768386778, 0.7353080433432494, 0.7359517748056287, 0.7353080433432494, 0.7513054449798376, 0.7513054449798376, -0.33110222754997376, 0.6590978248218543, -0.39723825353641234, -0.5437024502373992, -0.5437010921429465, -0.5459252174539277, -0.33901320972480536, 0.13102937569244413, -0.25224758346277676, -0.40530677729490017, -0.26237517566094093, -0.3238102123772502, -0.3583309095038606, -0.3891124896748081, -0.00035679335683052037, -0.004603592958300046, -0.5540248926235336, -0.5166081540160917, -0.5344552726928793, -0.5688667263390847, -0.5632936957027349, -0.538490094359176, -0.5413717564555484, -0.538490094359176, -0.4398068470329605, -0.5950413404603657, -0.5950413404603657, -0.6036405920597265, -0.6036405920597265, 0.35060955320338344, 0.36711997425181425, 0.4707496195387435, 0.5553885559040463, 0.5559363804245105, 0.16567295764534976, 0.3083310291509976, 0.33116630285263526, 0.33136498814458154, 0.33116630285263526], [0.9902203713557103, 0.9749183577911877, 0.9853110232784961, 0.9919102329613637, 0.9965553102839119, 0.9902203713557103, 0.9999959823443371, 0.9978782578345133, 0.9999683709010585, 0.9487731863428914, 0.9995380556172998, 1.0, 0.9999627742134787, 0.9999940231424167, 0.9999231177345459, 0.9946678717472353, 0.9998121270389013, 0.99982700019513, 0.9998272889111115, 0.9999960991783321, 0.9999970040963387, 0.9909468759147915, 0.9749021228292949, 0.989208759890956, 0.9922894512143953, 0.9828968233184157, 0.9709599161391937, 0.9389247680219739, 0.9924830722729955, 0.9921781874509269, 0.9920284677988123, 0.9678169702146671, 0.9992812033873638, 0.9993691150012121, 0.9993433229612628, 0.9997353983051687, 0.9985246539032092, 0.9992568480890701, 0.9981814177797572, 0.9993555543973444, 0.9990914437824029, 0.9990050265704248, 0.9990914437824029, 0.9187383504844283, 0.638601321445049, 0.9192809752401939, 0.8935537880637403, 0.6935045976434713, 0.9472447529534531, 0.9122623918272461, 0.9348073923498151, 0.9254045330284338, 0.9357435688225889, 0.9690394405632473, 0.9612503726072471, 0.6977157421155283, 0.8065676559985598, 0.7885047044246787, 0.8346732865887614, 0.781143319659076, 0.7514129420606414, 0.781143319659076, 0.7395844580528229, 0.7520793951824142, 0.754126390192341, 0.7520793951824142, 0.8185832263129545, 0.27593371537331335, 0.497046034786319, 0.5887333652655675, 0.497046034786319, 0.5024758432507799, 0.4606096189891674, 0.4609319319923804, 0.5960008353576416, 0.37412644913804416, 0.4011249810432647, 0.3491004721042454, 0.4011249810432647, -0.6535257047018114, 0.793953144210003, 0.7954706143734778, 0.7878698440550026, 0.7224405367095063, 0.8870902956850684, 0.7989170079662985, 0.8012037905465086, 0.7989170079662985, 0.7045398802295672, 0.7045398802295672, -0.2644562303435197, 0.6676239346327201, 0.2620495082738248, -0.5735231459672891, -0.5999594191893206, -0.6032147006713368, -0.07104229251975998, -0.025694938095599806, 0.3738776465423885, 0.13243832686420684, 0.05682922976044315, 0.12592931160784637, 0.09292027279912973, -0.09450537729536448, 0.01689715209646979, 0.017372666860953487, -0.576615756030397, -0.5015753745872387, -0.024019692986490804, -0.5623061704872852, -0.35427868983284083, -0.3208438496334384, -0.14467372667119002, -0.3208438496334384, -0.263435025354555, -0.28979876258341913, -0.28979876258341913, -0.6058235541228617, -0.6058235541228617, 0.3559849244683031, 0.6075403544042622, 0.8038377437616367, 0.8099554523285545, 0.762172176244868, 0.6481629387958537, 0.7472616278815062, 0.7697359195893583, 0.7880198399781848, 0.7697359195893583], [0.9903801090259345, 0.9748703505693805, 0.9828188825224577, 0.9919979214871991, 0.9966553278224312, 0.9903801090259345, 0.9999575871374667, 0.9992161358438423, 0.9999640240379581, 0.9488930423227631, 0.9995336523068086, 0.9999627742134787, 1.0, 0.99996712263245, 0.9999110708843731, 0.9975053885655348, 0.9998078604743932, 0.9998685179565251, 0.9998690946878407, 0.9999830024412865, 0.9999618876684937, 0.9904888921297078, 0.9747126372398716, 0.993019312557797, 0.9929801018956196, 0.98286478233333, 0.9705798794869773, 0.9388504378598873, 0.9932555703511942, 0.9932749538624663, 0.9917925233043254, 0.9676196114025776, 0.9995054859473226, 0.9993730823805005, 0.9994000588077789, 0.9998825756960157, 0.9985231842748405, 0.999264141766581, 0.9992165821092942, 0.999365849056922, 0.9993758037336458, 0.9993797783974995, 0.9993758037336458, 0.9188530264201608, 0.6387629668436822, 0.9193133717836587, 0.8935691819984115, 0.6935245478986025, 0.9510500919101049, 0.9097361573799846, 0.9362757068850793, 0.9254897909361659, 0.9357423681979292, 0.9687622645216469, 0.9613212359909369, 0.6530137468774879, 0.8062772687656564, 0.7872732994387323, 0.8351306606024712, 0.7800970041636412, 0.7253019926985911, 0.7800970041636412, 0.7395052248631767, 0.742380902999151, 0.746694693628421, 0.742380902999151, 0.8190282906832951, 0.20664746568827533, 0.4845302973850891, 0.49024843972984794, 0.4845302973850891, 0.5026264125399026, 0.3548419621381974, 0.46118037596014005, 0.5955086773438718, 0.3743449892488205, 0.3684901168416145, 0.34873990134862776, 0.3684901168416145, -0.6537161926431339, 0.7944259602798258, 0.7954400525793164, 0.7876304189389636, 0.6639147418627777, 0.8875692013126822, 0.7994304140985794, 0.8017120823386044, 0.7994304140985794, 0.7030326689439463, 0.7030326689439463, -0.264128030119509, 0.6675074656049185, 0.2656404589764075, -0.5733678249597607, -0.5996268232865913, -0.6028823072038868, -0.07141750740463869, -0.025593823037533013, 0.32570670780765626, 0.1326159103499151, 0.056581489065592315, 0.12933758011815058, 0.09529402390868556, -0.10474525785426939, 0.01701706205304225, 0.017496077961956125, -0.5767788497470108, -0.5016512924563572, -0.08972448067494943, -0.562025381888173, -0.35226523577149693, -0.3186066424388618, -0.23175463953041275, -0.3186066424388618, -0.26297457117915335, -0.2908935204768753, -0.2908935204768753, -0.6050875461714108, -0.6050875461714108, 0.35611598117554844, 0.6077210389115327, 0.7886412956139673, 0.8100137678616042, 0.7625681178779639, 0.647905815795214, 0.7052276928218041, 0.7574915020652143, 0.7576693525410818, 0.7574915020652143], [0.9902901229157443, 0.9746652517546136, 0.9850768236201364, 0.9919504673272774, 0.9965889305749519, 0.9902901229157443, 0.9999920471685303, 0.9989456729665361, 0.9999733919290746, 0.948400739430738, 0.9994824381912215, 0.9999940231424167, 0.99996712263245, 1.0, 0.9999356887277167, 0.9973638900859731, 0.9998025213178849, 0.9998302796292303, 0.9998304529399894, 0.9999940050718026, 0.9999942045301111, 0.9907996648079944, 0.9748000527556213, 0.9928467349391865, 0.9927257387445697, 0.9827626625908739, 0.9706218055512705, 0.9385391745020177, 0.9932149846271622, 0.9932618655658697, 0.9920678283078286, 0.9679996233812721, 0.9993331534890719, 0.9993677752350937, 0.9993754099862105, 0.9997739638386055, 0.9984536109629949, 0.9992601158724845, 0.9985010564463482, 0.9993643832772572, 0.9991418092291163, 0.9990629272034377, 0.9991418092291163, 0.9189945778552857, 0.6393700665741282, 0.9196167794552284, 0.8938682186791356, 0.6931173799352884, 0.9478337250896169, 0.9130209680938514, 0.9354389142037176, 0.9258229611762449, 0.9361267097285183, 0.9694738388964381, 0.9616422895051433, 0.6980164855902082, 0.8068593555932558, 0.7884250036785493, 0.8349551799448848, 0.7811075481449183, 0.7510340016431354, 0.7811075481449183, 0.73978814592707, 0.752029322945959, 0.7545612658285173, 0.752029322945959, 0.8189605179227237, 0.2752271967961635, 0.49650781397862054, 0.5887780320465523, 0.49650781397862054, 0.5022901080407176, 0.461173210904471, 0.4608159997711265, 0.5957431671716736, 0.3737066175618895, 0.40115647419801365, 0.3487348975597473, 0.40115647419801365, -0.6539146607608846, 0.7940950503828941, 0.7949971972198588, 0.787957885521544, 0.7117701846666178, 0.8873724439654547, 0.7990553810701461, 0.8013307063831471, 0.7990553810701461, 0.7043380223591742, 0.7043380223591742, -0.2662516890348902, 0.6686446210090634, 0.26257479151191626, -0.574073065725952, -0.6003725492973478, -0.6036330347156683, -0.07230310632512282, -0.02703288728730895, 0.37417085230178876, 0.1319349143511953, 0.05592842323495094, 0.1259908272061565, 0.09298095475407202, -0.09435693640737995, 0.01577208879519852, 0.01624283911628917, -0.577310186604514, -0.5026657031849168, -0.02342674188512524, -0.5638113627247854, -0.35414972523031574, -0.3207881235178165, -0.1441037165893254, -0.3207881235178165, -0.2645226829227129, -0.2903118750202499, -0.2903118750202499, -0.605922783352343, -0.605922783352343, 0.35615470783626096, 0.6072133923246413, 0.804373360007584, 0.8104148704643541, 0.7615910570403728, 0.6489515023575138, 0.7480498534764712, 0.7701350793573126, 0.7886281095145299, 0.7701350793573126], [0.9903426841865685, 0.9737970737121916, 0.9849759844230369, 0.9919919836603469, 0.9965926549104256, 0.9903426841865685, 0.9999176600163846, 0.9986269910793176, 0.9999306692024603, 0.947694205325794, 0.9995207980544861, 0.9999231177345459, 0.9999110708843731, 0.9999356887277167, 1.0, 0.9974803874299231, 0.9996976644892285, 0.9997785746639626, 0.9997797331259864, 0.9999002071259488, 0.9999189605940079, 0.9905654679723347, 0.9745498758202409, 0.9921256455577311, 0.9917655283076604, 0.9827770746069723, 0.9703382750542512, 0.9384303943329294, 0.9923299325515054, 0.9923383050644287, 0.9914577893231493, 0.9670444978010959, 0.999341364665185, 0.9992174249549514, 0.9993129012391585, 0.999760415949981, 0.998359839787921, 0.9992353485309035, 0.9984847873939935, 0.9992399622688659, 0.999156564368039, 0.999091710401557, 0.999156564368039, 0.9176614261283986, 0.6396517598591569, 0.9183157693393824, 0.8925179843934109, 0.6901836522996428, 0.9483883858330234, 0.9138709681123433, 0.9364011652235975, 0.9252472014284117, 0.935396323941358, 0.9698341488953618, 0.961203897835777, 0.699327726411544, 0.8054081764424547, 0.7886586260883689, 0.8346240983267382, 0.7813417117810552, 0.7533248554253091, 0.7813417117810552, 0.7378224016643619, 0.7514661576125627, 0.7557262581229325, 0.7514661576125627, 0.8189540464106732, 0.2751032884982574, 0.49604801621677785, 0.5902121997063471, 0.49604801621677785, 0.5009075440943044, 0.4628340282536716, 0.4590379179038911, 0.5952285444005841, 0.3721382143179739, 0.4016021186979811, 0.3489891029525955, 0.4016021186979811, -0.6544636496898693, 0.793434432348779, 0.7936846516755949, 0.7869743228574616, 0.7244582477133248, 0.8876955434077755, 0.7985649825815392, 0.8011130342405158, 0.7985649825815392, 0.704408188500769, 0.704408188500769, -0.2668865071207087, 0.6712265415243295, 0.26303485280302513, -0.5742782296522686, -0.6004029176863447, -0.6033212007342318, -0.07432950728079928, -0.028513713900574465, 0.37557218631958134, 0.1315247872323455, 0.05483275031164256, 0.12700479000593304, 0.09414859104762226, -0.09287735023668604, 0.014892306128755643, 0.015616347833456862, -0.5786565407234646, -0.5041941521585392, -0.021548220517252106, -0.564847277081575, -0.3532133898965491, -0.3198589186182536, -0.14265860096807412, -0.3198589186182536, -0.2647561098206788, -0.2931746641634668, -0.2931746641634668, -0.6057592962124566, -0.6057592962124566, 0.35316250610578054, 0.6049653790055461, 0.8054695920147481, 0.8111707487432607, 0.7599118460766591, 0.6479177074157124, 0.7498079841346224, 0.7708901499476126, 0.7900553057246924, 0.7708901499476126], [0.9932034834319563, 0.98345745742435, 0.9881241001712511, 0.9948355424045636, 0.9976752637380036, 0.9932034834319563, 0.9938201954414806, 0.9860698048447389, 0.9980344014006578, 0.9499648759678656, 0.9983746616641335, 0.9946678717472353, 0.9975053885655348, 0.9973638900859731, 0.9974803874299231, 1.0, 0.9981104583090056, 0.9977268798179577, 0.9977243878062114, 0.997803238562761, 0.9972946479145702, 0.9914094760045743, 0.9773510327244777, 0.9699598835453775, 0.9872607999107234, 0.9870638091594625, 0.9719304781831214, 0.9474857480737954, 0.9915489647577223, 0.9893314896501699, 0.9882403838428478, 0.96568562677467, 0.9974930758648674, 0.9974965876035657, 0.9973136226051814, 0.9973085545205976, 0.9984757864527413, 0.9980224680653423, 0.9973085307442459, 0.9977325755770343, 0.9974166493985361, 0.997394288918286, 0.9974166493985361, 0.909427394614498, 0.6491408287170711, 0.9116303537731354, 0.8961227124542702, 0.7164471438591579, 0.950025952752306, 0.9163568110758524, 0.9412800798442004, 0.9