var element=document.getElementById("correlationClose");if(element.style.display!='none'){var correlationClose={"data":[{"type":"heatmap","z":[[1.0,0.9999844581864906,0.5901248446774423,0.9997100205431338,0.9975941036567175,1.0,0.9912023682691613,0.986949586357565,0.986949586357565,0.9918669974076421,0.9737246280707872,0.9833647341980509,0.9912460352706076,-0.1181473585917612,0.9913081257194779,0.9501251010650382,0.9373614594286179,0.42016183977450283,0.9922804867542232,0.9922653024021576,0.9843104666734849,0.9912322539164873,0.44903188707872765,0.6813120696860193,0.978750316675103,0.978750316675103,0.9787283200849304,0.9644555940313525,0.3233979408883331,-0.11538905126364338,0.989731974770318,0.9897011463268528,0.2877105377889195,-0.19152013524110953,0.9939947211755215,0.9948175920540538,0.8190321522996741,-0.38512622672947566,0.9883805507017502,0.9946242981200796,0.9495355933135832,0.40210798584208596,0.9941711916909513,0.9941575512329072,0.9941711916909513,0.8885199581039364,0.6663183051277097,0.8772555758875045,0.8892133454553087,0.7948660153471756,0.38411819174045964,-0.14173176167151239,0.19290264895323836,0.9453220993636504,0.4453699812116805,0.9766202043666932,0.9711329629709405,0.9796056901670991,0.9897227556089745,0.9181806735096201,0.9174504482443484,0.9356314054864989,0.9135614203689284,0.9325639433734599,0.933304188383723,0.9325639433734599,0.8528043624582329,0.9093501187259251,0.9104049638407956,0.9093501187259251,0.9018270125476163,0.7453123072380805,0.8759990433782081,0.8775413049066499,0.8759990433782081,0.6318283580728169,0.31831224328718244,0.6102194691869209,-0.5880537687680983,0.5092691955321968,0.5565867125938977,0.557600846449989,0.5565867125938977,-0.1045880267030811,0.8892825701363729,0.9215672961288722,0.9034947318727257,0.9196449759516808,0.41122794621995706,0.8859384766254901,0.8870241233366415,0.8859384766254901,0.8941178126980057,0.8941178126980057,-0.14706005475814654,0.5653405488194418,0.19008233415218984,-0.5861081321142121,-0.5680570139611858,-0.5716475935272336,-0.05445576212586048,0.07403915559001115,0.25083509507336404,0.11238854287219054,-0.4197578076923467,0.044207998626048794,-0.7938298075281471,-0.22253961269530825,0.13870008686542237,0.1390107574721509,-0.5479726023192489,-0.6006892385640895,-0.22482074594181273,-0.4936498280351922,-0.8272671082570128,-0.3601887367948098,-0.3515461674871267,-0.3601887367948098,-0.18971406276000366,-0.271546917934674,-0.271546917934674,-0.8153836787452416,-0.8153836787452416,0.4021948768505252,0.6541481827689521,0.8701438097571733,0.8497225077208653,0.7849173315439114,-0.263953300403468,0.7634195490771939,0.8033922053205726,0.8036579169446537,0.8033922053205726,-0.23436402810451876],[0.9999844581864906,1.0,0.9719581613902146,0.9992811871427689,0.994263695721903,0.9999844581864905,0.9796579550579712,0.9714492616607152,0.9714492616607152,0.9794734638633309,0.9612772596297186,0.9815125651487807,0.9797188688584477,0.9796850763025718,0.9795115261879106,0.7656405234395018,0.7288809530730169,-0.3029979727693934,0.9846963408625253,0.98467115104189,0.979777159178677,0.9797696544442513,-0.1229026655673161,0.970776901322105,0.9733055308779102,0.9733055308779102,0.973375498112589,0.9646303787385063,0.08485457291658338,0.16105827775431594,0.9769091700221487,0.9770032579682885,0.9725302166754025,0.16473235692854793,0.988375981592587,0.9884480190986995,0.9891698974879186,0.9815984004565078,0.9869529242634235,0.9884506874698129,0.7516895338340271,-0.309224589251696,0.9892365572744501,0.9892199091336213,0.9892365572744501,0.8885411384792666,0.5377065067259031,0.8774107309446091,0.8891658559379475,0.794174204548224,-0.4203264306602647,-0.539040193298499,0.8269924589008791,0.8581942554472873,-0.19929925948869595,0.9345319696251055,0.9346276014658692,0.9437807769004225,0.972995126043093,0.929764300741766,0.939014079088524,0.9185198691511122,0.9180988578071556,0.9248214111256836,0.9254997980179273,0.9248214111256836,0.7942914451441359,0.7561726332781604,0.7584071777531164,0.7561726332781604,0.9331520966988999,0.9379741684623987,0.9331786527844488,0.9343024458206469,0.9331786527844488,0.47307764234774535,0.4135550688332569,0.5321568895662377,0.6359790115309494,0.5211308493652241,0.5582116451422384,0.5589877422375639,0.5582116451422384,-0.21889163507716236,0.878664561376611,0.9126259150802317,0.9002230837519442,0.9364732798865537,-0.1369825642176588,0.8733209950070332,0.873695547304988,0.8733209950070332,0.8837373589983373,0.8837373589983373,-0.24616642188860868,0.5652485214850912,-0.37540834976893783,-0.6852132662464415,-0.4672261561915097,-0.47066053477613407,-0.3188042765832849,0.2375257962397549,-0.2251293920070386,-0.4173981676564033,-0.6241097450941215,-0.29911654610619665,-0.4954370544774115,-0.3539400395523871,0.11624607618370066,0.11200622346257125,-0.49139349068104,-0.4487199921022236,-0.4769884463829305,-0.5068518959257942,-0.49927292214470875,-0.47903474128658496,-0.4823263746346379,-0.47903474128658496,-0.3582722754395604,-0.5047690690799413,-0.5047690690799413,-0.4762950613498453,-0.4762950613498453,0.40194442902543875,0.40720032545669366,0.5167701509311599,0.5993859064927637,0.5694878476053373,-0.40209764040051876,0.3767118124969546,0.36390286697556634,0.3639973010334381,0.36390286697556634,0.10961060655939166],[0.5901248446774423,0.9719581613902146,1.0,0.5842558701331142,0.4832131404879578,0.5901248446774422,0.5772608532265201,0.56636774044282,0.56636774044282,0.4864511389386556,0.4303272589336965,0.9966975494743661,0.5773011271304375,0.5111813096429257,0.5775993325777313,0.5360302493013188,0.5601510644863337,-0.1250410949562186,0.526330771989977,0.5253652366083459,0.4816087780774809,0.5761575266601012,0.21782598277216142,0.7164407986847421,0.5466640273458571,0.5466640273458571,0.5464000626759041,0.9851702908815198,0.3098582291607498,0.17748581894263782,0.5405402939663518,0.5400942351219885,0.7635688010850669,0.017762070426294133,0.5750329580707958,0.48441200928114675,0.5571354044262858,0.34867729532392133,0.9941615934923319,0.4733641177025096,0.5322035012789396,-0.13190438687108202,0.5912287556051492,0.5729853337881773,0.5912287556051492,0.8927070657711987,0.39164913688771713,0.9113466110762349,0.8791005675605505,0.660201676792148,0.20217642435606722,-0.023227595353917625,0.054820552150983755,0.44339185610774484,-0.07747938292366964,0.5305346239316198,0.47131913719969604,0.5023389427880459,0.45672506927777345,-0.06056898706273117,0.7117505326564778,0.6592751978559652,0.5153924058499605,0.6655716089341964,0.7215115222089806,0.6655716089341964,0.37209596465808703,0.5608497838841919,0.6521498225560614,0.5608497838841919,0.5880688141026034,0.6307355392196986,0.673431942134355,0.740364020625077,0.673431942134355,0.23709289367808895,-0.0860990148085487,0.2564403086944078,0.1357308034473549,0.25679440274351406,0.2612351883467014,0.4113639330704385,0.2612351883467014,-0.17454898168633698,0.4732438542622138,0.8243976464173352,0.5570793148295354,0.7377011653709142,0.04644758474212359,0.5344186213028141,0.5342637712534289,0.5344186213028141,0.6464595977372599,0.6464595977372599,-0.27005591696457776,0.7218675371728863,-0.21773443359509204,-0.5775833873489249,-0.39909542338674386,-0.40266058206728117,-0.39627263057461465,0.03346393859540282,0.0242607467114405,-0.2752261154676208,-0.5594350800058991,-0.14050057178058606,-0.24431117242930553,-0.2192553823185179,-0.0026941808202844016,-0.006245928871114686,-0.4583105537514652,-0.0041378828061313395,-0.2283350567127001,-0.49035316481141,-0.13059814967424407,-0.3678717713390962,-0.24440578371372038,-0.3678717713390962,-0.42592983007971297,-0.5121769744700633,-0.5121769744700633,-0.2524490800272222,-0.2524490800272222,0.33383445314853544,0.14899158310370084,0.25280102914912833,0.49518780380773075,0.23266689835447257,-0.32169229222193535,-0.03317138539971355,0.45032493120193506,0.562358522122429,0.45032493120193506,-0.045577181248597845],[0.9997100205431338,0.9992811871427689,0.5842558701331142,1.0,0.9986998790424345,0.9997100205431336,0.9927379518021024,0.9889580406054692,0.9889580406054692,0.9937210618816525,0.9715915367643145,0.9879882869127604,0.9927704647627543,-0.12226710514917621,0.9928054875507039,0.9513940274495077,0.9386059198719569,0.405923780936237,0.9936001007108123,0.9935874340798024,0.9846931485142791,0.9927492785189356,0.44042906554747213,0.6848228352447479,0.9816189394299445,0.9816189394299445,0.9815972986231516,0.973708154408383,0.3187635648937244,-0.12245293375420706,0.9893970926960439,0.9893768649048367,0.27953377731776197,-0.1921856440857386,0.994748731833165,0.9958386919465988,0.779934637817229,-0.3906730957078308,0.9917631644745392,0.9958804808717597,0.9499305164675701,0.38751628605194083,0.9924174904146446,0.9948147418821659,0.9924174904146446,0.8869138550319332,0.65371697082601,0.884668499255165,0.8862904868242778,0.7733701973680064,0.37873762851475956,-0.14752813664881875,0.18657990661352397,0.9396283010132108,0.4293685202146126,0.9723183941602656,0.9683378499304234,0.9776198424298564,0.99003222684342,0.8949041069960144,0.9092160632906158,0.9212210347528101,0.9087913003095731,0.9136969215388723,0.9147236330393798,0.9136969215388723,0.8434512185581371,0.8961526311975508,0.8973124497290942,0.8961526311975508,0.8976717242539525,0.6801655917786629,0.8334288231323698,0.8350042730243658,0.8334288231323698,0.6221177294906681,0.10743820023240731,0.5986249916266955,-0.593147228168058,0.5029848495375987,0.2965959839093424,0.5259747418002592,0.2965959839093424,-0.11142194473593948,0.8828913546350159,0.9117427700359785,0.8940763305731858,0.8940660883450633,0.3978005498335926,0.8804824752625755,0.8817230682112471,0.8804824752625755,0.872685761541379,0.872685761541379,-0.1530922597961383,0.5908144236726032,0.19485884502341522,-0.596483869623245,-0.5757161157660262,-0.5792098127167533,-0.06694051320986176,0.0686908448003662,0.24374466250281887,0.09955988224469461,-0.4322941651518788,0.03766750118295247,-0.8004201488763963,-0.23049395395521582,0.12784144569772715,0.12819235829664408,-0.5553550041076689,-0.5975721010557804,-0.22644854666028552,-0.5056346363435877,-0.8295650463465334,-0.3619397855694799,-0.35386298943277633,-0.3619397855694799,-0.19902873268549526,-0.2816397068616663,-0.2816397068616663,-0.8155680263539936,-0.8155680263539936,0.3897692356722352,0.6423981426450378,0.8625928164730748,0.8422476940550385,0.777770513823634,-0.27739519348701025,0.7545764789145989,0.7948408237072973,0.7951166519650399,0.7948408237072973,-0.21936374192057015],[0.9975941036567175,0.994263695721903,0.4832131404879578,0.9986998790424345,1.0,0.9975941036567175,0.9968825307934234,0.9950210005751208,0.9950210005751208,0.9970741653451641,0.9617598021716751,0.9956459029023764,0.9969042136191496,-0.32756053978421973,0.9969336987421851,0.9339661584071226,0.9123275302336281,0.2072712741285043,0.9974561947411372,0.9974498537848541,0.9864375865572128,0.9968899618684033,0.07973418709652032,0.6502485942580186,0.9909835834969601,0.9909835834969601,0.9909415422532999,0.9861061068498213,0.07640862735538773,-0.10639988248768924,0.9874812814567858,0.9874311795520349,-0.02843652571450468,-0.08842593373845861,0.9977437579190341,0.9976803816852727,0.7600315724154544,-0.5285388280717436,0.9972846662749948,0.9979525084088073,0.9285330339046904,0.1833444287789411,0.9976951355991769,0.9976955656858955,0.9976951355991769,0.901706988819809,0.6150167550883646,0.9044570734588325,0.890091501405992,0.7418003067384475,-0.09914566694101268,-0.5823463678313515,-0.22924310335656647,0.9255466557318617,0.28360068659896526,0.9662420416527457,0.9663121424978818,0.9787366726983227,0.9909350533597303,0.8904360244022713,0.88806942183282,0.9081862178136269,0.8944487154188286,0.9063783839101032,0.9067707600326119,0.9063783839101032,0.814764256902258,0.8418435527285475,0.8431653618435218,0.8418435527285475,0.8850950622860144,0.7818196077679133,0.8650425155452769,0.8659838498224616,0.8650425155452769,0.5746964442965209,0.44121622866749816,0.5591253784887371,-0.6324977058523072,0.5573407147148791,0.5348944001169712,0.5340769717404132,0.5348944001169712,-0.13178574648860092,0.8626494465602436,0.8828386179668654,0.8677212767231075,0.8998715093169429,0.2506685421281659,0.8634891577552615,0.8647202148759655,0.8634891577552615,0.8712026385676874,0.8712026385676874,-0.19524988977179825,0.6468394632517003,0.04877788815007874,-0.6308442379977346,-0.6313275346664698,-0.6317100272759805,-0.10235664790862575,0.09103837053261905,-0.15388396939072188,-0.15296645155044036,-0.5159287986709297,-0.332918555839087,-0.8605073839101899,-0.5249633534781335,0.09448416181133502,0.09467885678955261,-0.5850512703373227,-0.5893217839267307,-0.5204384417095089,-0.5475520187691466,-0.7947425748112573,-0.575511663271131,-0.578308393445649,-0.575511663271131,-0.241990758597915,-0.31944550560051393,-0.31944550560051393,-0.7610065510355107,-0.7610065510355107,0.3711244646267118,0.6214027354876516,0.81328440132098,0.7895574404450509,0.7651914917167016,-0.41389472564177116,0.6057233857376175,0.6861962586837983,0.686538174311813,0.6861962586837983,0.011163601193078755],[1.0,0.9999844581864905,0.5901248446774422,0.9997100205431336,0.9975941036567175,1.0,0.9912023682691613,0.986949586357565,0.986949586357565,0.9918669974076421,0.9737246280707872,0.9833647341980509,0.9912460352706076,-0.1181473585917612,0.9913081257194779,0.9501251010650382,0.9373614594286179,0.42016183977450283,0.9922804867542232,0.9922653024021576,0.9843104666734849,0.9912322539164873,0.44903188707872765,0.6813120696860193,0.978750316675103,0.978750316675103,0.9787283200849304,0.9644555940313525,0.3233979408883331,-0.11538905126364338,0.989731974770318,0.9897011463268528,0.2877105377889195,-0.19152013524110953,0.9939947211755215,0.9948175920540538,0.8190321522996741,-0.38512622672947566,0.9883805507017502,0.9946242981200796,0.9495355933135832,0.40210798584208596,0.9941711916909513,0.9941575512329072,0.9941711916909513,0.8885199581039364,0.6663183051277097,0.8772555758875045,0.8892133454553087,0.7948660153471756,0.38411819174045964,-0.14173176167151239,0.19290264895323836,0.9453220993636504,0.4453699812116805,0.9766202043666932,0.9711329629709405,0.9796056901670991,0.9897227556089745,0.9181806735096201,0.9174504482443484,0.9356314054864989,0.9135614203689284,0.9325639433734599,0.933304188383723,0.9325639433734599,0.8528043624582329,0.9093501187259251,0.9104049638407956,0.9093501187259251,0.9018270125476163,0.7453123072380805,0.8759990433782081,0.8775413049066499,0.8759990433782081,0.6318283580728169,0.31831224328718244,0.6102194691869209,-0.5880537687680983,0.5092691955321968,0.5565867125938977,0.557600846449989,0.5565867125938977,-0.1045880267030811,0.8892825701363729,0.9215672961288722,0.9034947318727257,0.9196449759516808,0.41122794621995706,0.8859384766254901,0.8870241233366415,0.8859384766254901,0.8941178126980057,0.8941178126980057,-0.14706005475814654,0.5653405488194418,0.19008233415218984,-0.5861081321142121,-0.5680570139611858,-0.5716475935272336,-0.05445576212586048,0.07403915559001115,0.25083509507336404,0.11238854287219054,-0.4197578076923467,0.044207998626048794,-0.7938298075281471,-0.22253961269530825,0.13870008686542237,0.1390107574721509,-0.5479726023192489,-0.6006892385640895,-0.22482074594181273,-0.4936498280351922,-0.8272671082570128,-0.3601887367948098,-0.3515461674871267,-0.3601887367948098,-0.18971406276000366,-0.271546917934674,-0.271546917934674,-0.8153836787452416,-0.8153836787452416,0.4021948768505252,0.6541481827689521,0.8701438097571733,0.8497225077208653,0.7849173315439114,-0.263953300403468,0.7634195490771939,0.8033922053205726,0.8036579169446537,0.8033922053205726,-0.23436402810451876],[0.9912023682691613,0.9796579550579712,0.5772608532265201,0.9927379518021024,0.9968825307934234,0.9912023682691613,1.0,0.9972702589143609,0.9972702589143609,0.9999684948168962,0.9535647822264319,0.9996174515604548,0.9999962696665163,-0.13600648229903062,0.9999927012125713,0.9715134765675003,0.9647150430942933,0.3591869795717642,0.9998432727276753,0.9998433769282644,0.9888552388145048,0.9999964810537514,0.3486122711519401,0.6854004923250933,0.9846654108934312,0.9846654108934312,0.9850880394119474,0.9873827208195897,0.24171447811157917,-0.18044339492021377,0.9919660731957614,0.9917376094928634,0.18047019615222634,-0.24187429747574177,0.9993079892691642,0.9994051857653588,0.37015180651506535,-0.3247295724219763,0.9987785734922116,0.9993291878911453,0.966547708481675,0.33930286952076905,0.9343186562832749,0.9990404547316534,0.9343186562832749,0.9106592564295887,0.6194903745843886,0.925104236409853,0.8987877767889111,0.6981416738574409,0.4119853040406278,-0.08929032818357238,-0.20849496681226534,0.9242748454203057,0.3896805698862816,0.9682963656271419,0.961806454061154,0.977863044592244,0.9961482528768517,-0.072571353259463,0.8408461718713339,0.8097691315458095,0.8571062480539523,0.803450160873452,0.7696930309895922,0.803450160873452,0.7725822589414207,0.7707372875816273,0.7668056801233354,0.7707372875816273,0.845524753953261,0.32657661401239263,0.5408596715404999,0.6187568905740972,0.5408596715404999,0.542798250017968,-0.35831199821272847,0.5064895226150798,-0.6560999262281569,0.4267546680123097,-0.12165268140158701,0.38426359661594134,-0.12165268140158701,-0.15484435739060945,0.8215948075338597,0.8346944117466165,0.8224438213005374,0.7431995229131998,0.35023467395650465,0.8237278756090142,0.8254991531563265,0.8237278756090142,0.7333689467285031,0.7333689467285031,-0.23215515731667613,0.6944955649332536,0.2506539614758104,-0.6122975608723376,-0.6179801503715604,-0.6210090189206069,-0.1170777854813357,0.01704831342447914,0.35009411087230247,0.06234239600399805,-0.4564261928621746,0.09082303735663787,-0.8273270612129444,-0.13321815712598786,0.05730183068584055,0.05772547151446623,-0.6002023468950656,-0.6042193074794503,-0.06526497160085191,-0.5838611577168845,-0.8420829954146157,-0.35745214031830647,-0.1854354710815889,-0.35745214031830647,-0.27674985614415537,-0.3298830044797145,-0.3298830044797145,-0.8350205503918413,-0.8350205503918413,0.36925582155743564,0.6000154002683785,0.5003813975754056,0.8062838331763601,0.7559245378555964,-0.3337380094173134,0.0612217679859565,0.7609993023253783,0.7796896588460915,0.7609993023253783,-0.1456107571917592],[0.986949586357565,0.9714492616607152,0.56636774044282,0.9889580406054692,0.9950210005751208,0.986949586357565,0.9972702589143609,1.0,1.0,0.9994923834651074,0.9455877858191051,0.9984102609574904,0.9980594654350643,-0.14500268446452605,0.9990442742892329,0.9699437289213119,0.9564665931479368,0.3371028288371967,0.9990942785894866,0.9990957215346358,0.986002577916599,0.9991987110145564,0.3219066930625383,0.6851645972575536,0.9921148150598537,0.9921148150598537,0.9828826025838562,0.98350479638419,0.22265315344430114,-0.1949829608757885,0.9882398601266277,0.9916609976093047,0.16057610028807662,-0.24847222986602052,0.9981840201896829,0.9981044181174358,0.35005402460370943,-0.3320204586091215,0.9963761450360407,0.9979645399869967,0.9654520186949632,0.31675020845153656,0.9258387446717042,0.9980131580011069,0.9258387446717042,0.9080175154610107,0.603706707824402,0.925474660758693,0.8949243612074895,0.6718345114777591,0.39855932978909947,-0.10493770356028605,-0.22195217718275467,0.9150798885188992,0.3686261862338403,0.9635098414814255,0.9562601603013907,0.9724840404249315,0.9952599375682769,-0.08323000899098879,0.8270662151844479,0.7918726933998198,0.8473855333050894,0.7867585988190442,0.7564473409385667,0.7867585988190442,0.7584342505074096,0.7501861012203762,0.7523176595883448,0.7501861012203762,0.8360671842936418,0.30540151175819047,0.5184968927469842,0.6010401468020217,0.5184968927469842,0.5279799958326108,-0.373936238686633,0.4898910451121982,-0.6648899784376364,0.41738307573433475,-0.14502116365678241,0.3664254013288522,-0.14502116365678241,-0.1620972338153815,0.8101502291658854,0.8168607682176428,0.8076010159261721,0.7273927827469087,0.3326149555851118,0.8129117504707388,0.8148971930799822,0.8129117504707388,0.7138270739422471,0.7138270739422471,-0.24867639718017637,0.7226004856235182,0.25847480655214133,-0.6222606712582068,-0.6317809516210354,-0.6346120782738334,-0.1326420175795569,0.008578066425620014,0.3431318035310373,0.042641978938929175,-0.46992285454800103,0.08141908458819243,-0.8341197403397055,-0.13982690265076894,0.04093693534336566,0.04137886408785317,-0.6127942745195962,-0.6054868522630686,-0.07225195714366373,-0.602171645923024,-0.8423286478417145,-0.369545064971999,-0.191805939138496,-0.369545064971999,-0.29550878399126934,-0.3444989805923691,-0.3444989805923691,-0.8336588552636618,-0.8336588552636618,0.3467513227521812,0.5820755321027772,0.48090187046758603,0.7879294266381248,0.7425578094158023,-0.3566664023332911,0.04653513956839911,0.7413734421561367,0.7636176772841555,0.7413734421561367,-0.12794534646297603],[0.986949586357565,0.9714492616607152,0.56636774044282,0.9889580406054692,0.9950210005751208,0.986949586357565,0.9972702589143609,1.0,1.0,0.9994923834651074,0.9455877858191051,0.9984102609574904,0.9980594654350643,-0.14500268446452605,0.9990442742892329,0.9699437289213119,0.9564665931479368,0.3371028288371967,0.9990942785894866,0.9990957215346358,0.986002577916599,0.9991987110145564,0.3219066930625383,0.6851645972575536,0.9921148150598537,0.9921148150598537,0.9828826025838562,0.98350479638419,0.22265315344430114,-0.1949829608757885,0.9882398601266277,0.9916609976093047,0.16057610028807662,-0.24847222986602052,0.9981840201896829,0.9981044181174358,0.35005402460370943,-0.3320204586091215,0.9963761450360407,0.9979645399869967,0.9654520186949632,0.31675020845153656,0.9258387446717042,0.9980131580011069,0.9258387446717042,0.9080175154610107,0.603706707824402,0.925474660758693,0.8949243612074895,0.6718345114777591,0.39855932978909947,-0.10493770356028605,-0.22195217718275467,0.9150798885188992,0.3686261862338403,0.9635098414814255,0.9562601603013907,0.9724840404249315,0.9952599375682769,-0.08323000899098879,0.8270662151844479,0.7918726933998198,0.8473855333050894,0.7867585988190442,0.7564473409385667,0.7867585988190442,0.7584342505074096,0.7501861012203762,0.7523176595883448,0.7501861012203762,0.8360671842936418,0.30540151175819047,0.5184968927469842,0.6010401468020217,0.5184968927469842,0.5279799958326108,-0.373936238686633,0.4898910451121982,-0.6648899784376364,0.41738307573433475,-0.14502116365678241,0.3664254013288522,-0.14502116365678241,-0.1620972338153815,0.8101502291658854,0.8168607682176428,0.8076010159261721,0.7273927827469087,0.3326149555851118,0.8129117504707388,0.8148971930799822,0.8129117504707388,0.7138270739422471,0.7138270739422471,-0.24867639718017637,0.7226004856235182,0.25847480655214133,-0.6222606712582068,-0.6317809516210354,-0.6346120782738334,-0.1326420175795569,0.008578066425620014,0.3431318035310373,0.042641978938929175,-0.46992285454800103,0.08141908458819243,-0.8341197403397055,-0.13982690265076894,0.04093693534336566,0.04137886408785317,-0.6127942745195962,-0.6054868522630686,-0.07225195714366373,-0.602171645923024,-0.8423286478417145,-0.369545064971999,-0.191805939138496,-0.369545064971999,-0.29550878399126934,-0.3444989805923691,-0.3444989805923691,-0.8336588552636618,-0.8336588552636618,0.3467513227521812,0.5820755321027772,0.48090187046758603,0.7879294266381248,0.7425578094158023,-0.3566664023332911,0.04653513956839911,0.7413734421561367,0.7636176772841555,0.7413734421561367,-0.12794534646297603],[0.9918669974076421,0.9794734638633309,0.4864511389386556,0.9937210618816525,0.9970741653451641,0.9918669974076421,0.9999684948168962,0.9994923834651074,0.9994923834651074,1.0,0.9523597202465031,0.999570050571045,0.9999698602731286,-0.30466041888612383,0.9999740819675577,0.9448282659640839,0.9224480653776141,0.2497126508392597,0.9997887233646052,0.9997893081785553,0.9886673229049103,0.9999668022884078,0.12677423027251747,0.6468522111045201,0.9944164490861683,0.9944164490861683,0.9943639854734383,0.9871834443473338,0.05775416621131794,-0.12018076798590663,0.9905459682316843,0.9905196167377777,-0.01178278887706934,-0.2017866310185734,0.9993342199890372,0.9992923177233801,0.7705042288941805,-0.5195244068205095,0.9986955255976183,0.9993073674576257,0.938373326160768,0.2264249536235099,0.9991799115798179,0.9991853166977744,0.9991799115798179,0.9104914104692733,0.6203446263807162,0.9246087834616805,0.8979587023627406,0.6974941329949845,0.007381393812297203,-0.5295932930930063,-0.1797629372057858,0.9195216481785009,0.3375536994534186,0.9628297766338961,0.9619868340437254,0.9791621536637278,0.9953930374508859,0.8626101194490849,0.8415549877652495,0.8813655515309524,0.8579240962721154,0.8796103176584001,0.8803187151563346,0.8796103176584001,0.7716046838740197,0.8232627817521688,0.8249471424063011,0.8232627817521688,0.8468560278177334,0.7426883582041981,0.8345536701763123,0.8359654569132204,0.8345536701763123,0.5420069430841513,0.3662359168497197,0.5052021404568042,-0.6807868035556633,0.48464967878986986,0.4490676083802218,0.44899349737884514,0.4490676083802218,-0.11223622573578718,0.8220018337346577,0.8345294411335342,0.8226975218595041,0.8727382050514123,0.2737153853738149,0.829557371683884,0.8318348797073511,0.829557371683884,0.8373103696668397,0.8373103696668397,-0.2342672882173268,0.6947317144442998,0.07348467577576857,-0.624618932870593,-0.6580225573824651,-0.6589321983422279,-0.12073344019465072,0.019460196363193513,-0.16070181429354075,-0.12252237186620624,-0.5026308245317143,-0.3632995684053163,-0.8756550300818657,-0.5631227238162735,0.05575967223338458,0.0569584126660554,-0.6020563672907892,-0.6003346814449286,-0.5300780059723016,-0.5858948694561736,-0.8156764907975482,-0.5990224031657609,-0.6011566462153595,-0.5990224031657609,-0.2792843898217707,-0.3334855644097714,-0.3334855644097714,-0.7951513791780763,-0.7951513791780763,0.3694952501437896,0.598675951465112,0.8214114315362339,0.801302790516716,0.7543244773995468,-0.3622515927451966,0.6392679300490814,0.7077256487802379,0.7078836415761759,0.7077256487802379,0.09348050833527484],[0.9737246280707872,0.9612772596297186,0.4303272589336965,0.9715915367643145,0.9617598021716751,0.9737246280707872,0.9535647822264319,0.9455877858191051,0.9455877858191051,0.9523597202465031,1.0,0.9290272377550703,0.9535884124116204,-0.23752727920570677,0.9532566480708621,0.8595427115756215,0.8316777073478564,0.050116785468355705,0.9588895004488509,0.9588664046410323,0.9537276681565648,0.9537187503632821,0.05641640126117332,0.6926677994621083,0.9554831327243505,0.9554831327243505,0.9556880044177266,0.8426292646757384,0.16252724174215397,-0.10235739609638304,0.9618782241390715,0.9620085393785978,0.14007293305114102,0.07244104152212223,0.963091204818476,0.9633714296232192,0.8600608032612311,-0.4376731989671012,0.9399592448102617,0.9622342509462978,0.8593361740260151,0.027783513506188014,0.9644143070112151,0.9643783404723777,0.9644143070112151,0.7907893750448365,0.416534510150379,0.7675640588155862,0.8711980529460264,0.8341815694427472,-0.5491658235723786,-0.6860304763224304,-0.2937038260657851,0.872467785086347,0.049901883528099364,0.9064926573553198,0.9065446596138429,0.9261134993123434,0.9601714662947113,0.8661054890485425,0.861998340371022,0.8902704997069499,0.8691579662325027,0.8824843994246037,0.8832615685306887,0.8824843994246037,0.8124739736012636,0.7918539274197949,0.7938911100981437,0.7918539274197949,0.8618472700845312,0.8806937252713094,0.8600334074993806,0.8607789242529059,0.8600334074993806,0.6375753808328718,0.5581843019160715,0.6389964572431069,-0.3949233185995043,0.6608061898321289,0.6806667263054713,0.6835616652990189,0.6806667263054713,-0.27168029876570915,0.8664514648343458,0.9252553778024697,0.8835433768139846,0.8811744747775746,0.14238272777192146,0.8588932977666466,0.8601715294690165,0.8588932977666466,0.8699264705932412,0.8699264705932412,0.018526793565673823,0.32259257107700795,-0.09456869863694735,-0.5387676566872113,-0.40783411705432515,-0.40983754224016633,0.04007636990109429,0.3978549526649327,0.08371570239802206,-0.06208314223322906,-0.39642238459467366,-0.013854841538632475,-0.8092053902192793,-0.1758328808784789,0.28799279887218215,0.2873279137922084,-0.37072281622474607,-0.4384467278520258,-0.32728736171905176,-0.3341785714581673,-0.6818140167548438,-0.34808076103319013,-0.35016709907565685,-0.34808076103319013,-0.07465594633327145,-0.3682184136330737,-0.3682184136330737,-0.538981932761502,-0.538981932761502,0.5615498083364329,0.6695665006491546,0.7603227741690487,0.674456183539412,0.8351123822803951,-0.45701654545532794,0.38712886935312585,0.5592769350147336,0.5595576645773436,0.5592769350147336,-0.22618718163169343],[0.9833647341980509,0.9815125651487807,0.9966975494743661,0.9879882869127604,0.9956459029023764,0.9833647341980509,0.9996174515604548,0.9984102609574904,0.9984102609574904,0.999570050571045,0.9290272377550703,1.0,0.9996163583040936,0.9996129957619838,0.9995708260498256,0.8139656464370806,0.7711916777571263,-0.4106304915764869,0.9997550217918141,0.9997587425423027,0.9996230825736632,0.9996230491575333,-0.2426007256995622,0.9646509976418597,0.992972482305501,0.992972482305501,0.9929487874595028,0.9900562312631109,0.061715310678626525,0.09306767255695907,0.9897543631202967,0.9898257809559368,0.973380142795318,0.040250015365203846,0.9987936482701092,0.9987395390030006,0.9985645688730919,0.999281044698764,0.9992532046017715,0.9988016223634708,0.7916949201800684,-0.42051226414593745,0.9985045724212335,0.9985152126915556,0.9985045724212335,0.9041684460078714,0.47073892765495434,0.9206023826335624,0.8959621969792864,0.6987215432617903,-0.5194289414499438,-0.6491752529615349,0.7952421946813374,0.8119586545036949,-0.30552140157626095,0.9237421785337533,0.9239451838677742,0.9614050828632144,0.9929113803556027,0.8647253923798437,0.8738974212501397,0.8429857345282564,0.8453377922713207,0.851673445798433,0.8525526165080848,0.851673445798433,0.6898332780122586,0.6456301443809845,0.6482876846904262,0.6456301443809845,0.8741829701358064,0.8827125368856178,0.8729537693777665,0.874340371174445,0.8729537693777665,0.3467559201020204,0.2763635543526259,0.4022573017257495,0.5249434460224777,0.4005953237811888,0.44514929068049414,0.4476049323078508,0.44514929068049414,-0.40844751104591137,0.7910399046437614,0.8388307631804399,0.8201338642424755,0.8731132498719223,-0.18528659223445593,0.7845237824885889,0.7850292740432263,0.7845237824885889,0.7980890165485531,0.7980890165485531,-0.2930258150166295,0.686212407750983,-0.3949553205607274,-0.7186374514011353,-0.5454119219294021,-0.5477505073717276,-0.3763794399200804,0.17315135072094093,-0.27890986927731665,-0.46359615473305943,-0.6656704267176883,-0.3583432955925938,-0.6171348851405412,-0.42490154389666634,0.04762885076045881,0.04426986932927724,-0.5649057161603985,-0.5310006126199194,-0.5502781719452742,-0.5845928795450641,-0.5787189594105672,-0.5534411731660642,-0.5564551407252275,-0.5534411731660642,-0.43738074001684457,-0.6080385819367886,-0.6080385819367886,-0.6071744366090087,-0.6071744366090087,0.3647548079932042,0.3538104532523674,0.4722225400765932,0.5552082751262738,0.5481201465225256,-0.5565867878304898,0.29554810109452434,0.31138250717075483,0.311547269646738,0.31138250717075483,0.21198591248927698],[0.9912460352706076,0.9797188688584477,0.5773011271304375,0.9927704647627543,0.9969042136191496,0.9912460352706076,0.9999962696665163,0.9980594654350643,0.9980594654350643,0.9999698602731286,0.9535884124116204,0.9996163583040936,1.0,-0.1356618266322789,0.9999945072212295,0.9714563802922123,0.9631780914189987,0.3592247883429451,0.9998446307907325,0.9998447228021221,0.9888930335923689,0.9999971022049671,0.3489378588275289,0.6855005504551022,0.9900370132376307,0.9900370132376307,0.9850793972316653,0.9873665688812054,0.2420051527960453,-0.1803728192324869,0.9919670096248749,0.9917443449379436,0.18072295875924868,-0.2418183298129598,0.9993092541619221,0.999408497178965,0.3701407501871653,-0.32450169884794117,0.9987807681597219,0.9993373489827627,0.9664830675706622,0.3393476367551955,0.9343052144545936,0.9990421033359971,0.9343052144545936,0.9106443573967895,0.6196247762947726,0.925325211748849,0.8990085510631342,0.6982702686193867,0.4123773540957967,-0.08883637782688908,-0.20811125778819342,0.9243474319835477,0.38973855790307094,0.9683840311599904,0.9618658058732106,0.9779496556833225,0.9961583584157067,-0.072363067122438,0.8410407983271606,0.8098841388572953,0.857244504901443,0.8035639031623399,0.7696356758520525,0.8035639031623399,0.7726882748174393,0.7708037694197158,0.7667395911425016,0.7708037694197158,0.8457040008076243,0.32646288514137106,0.5408828707485343,0.6186731726861978,0.5408828707485343,0.5427614311813781,-0.3583215946845891,0.5064688183809762,-0.6559689605805897,0.4266678499889055,-0.12177278058969022,0.3843173284016112,-0.12177278058969022,-0.1549925530557211,0.8216902625119623,0.8348814688307712,0.8225770321812559,0.7431949952934874,0.3502746080232167,0.823832356789762,0.8255997541515316,0.823832356789762,0.7334579656314036,0.7334579656314036,-0.23208604751385306,0.6944450046409851,0.25076212035916595,-0.612359568820601,-0.617886259505529,-0.6209214402514173,-0.117173696698039,0.016926408589495928,0.3502542459515233,0.062340105119785945,-0.4565152799729233,0.0910743071570852,-0.8270427205548349,-0.13293205871240682,0.057370556596726054,0.0578120366022586,-0.6001825921367474,-0.604002684000649,-0.06502187095542289,-0.5838136255268551,-0.8419551334228592,-0.3572249106648982,-0.18523351511188813,-0.3572249106648982,-0.27659852479976077,-0.32985358500013084,-0.32985358500013084,-0.8349473584221764,-0.8349473584221764,0.3697176610827156,0.6001410147745815,0.5006285687949353,0.8065312794385263,0.7559767978699506,-0.33352242377374985,0.0615110069700217,0.7612376124459758,0.7797917310998207,0.7612376124459758,-0.14563240042325318],[-0.1181473585917612,0.9796850763025718,0.5111813096429257,-0.12226710514917621,-0.32756053978421973,-0.1181473585917612,-0.13600648229903062,-0.14500268446452605,-0.14500268446452605,-0.30466041888612383,-0.23752727920570677,0.9996129957619838,-0.1356618266322789,1.0,-0.13505833991362104,-0.14627234932857186,-0.12369194290434196,-0.2957150619617522,-0.13645958091314261,-0.13703876503253903,-0.25777024039515206,-0.1366523134780207,0.028543583943111746,0.31015662846621594,-0.16865895884249074,-0.16865895884249074,-0.1689866434952513,0.9873502457720907,0.2517312331632241,0.18709981710308415,-0.1738123402838788,-0.17440039636032817,0.5386957208350495,0.12208147879330455,-0.1341280084854642,-0.29056710041777223,0.1722400626187164,0.9577806457588462,0.99877930903586,-0.3211768408616848,-0.14425463235224784,-0.2857135932130087,-0.1343940791203743,-0.13546758371171214,-0.1343940791203743,0.9107057985461697,-0.11556390932223681,0.9252923392325332,0.8989508392897178,0.6982549659452151,0.08529449257672582,0.2510989758057019,0.6449982671488564,-0.25668580389145507,-0.29778187435448605,-0.05702546712057289,-0.2894318784257658,-0.09403089006415558,-0.16456849851677627,0.03788371473865722,0.3012956154221569,-0.009457614949011128,-0.2831784560622641,-0.007144680780419353,0.0021712633601630935,-0.007144680780419353,-0.3849678720238888,-0.09454868119002126,-0.09671984319524858,-0.09454868119002126,-0.18256577992930945,0.07772947000991938,0.055550661563176264,0.05545819066781058,0.055550661563176264,-0.39554760347517354,0.006880438869326846,-0.3597582514201562,0.6189065713203968,-0.32777445712671655,0.009847969624415717,-0.05251286760141657,0.009847969624415717,-0.3075618462683057,-0.3168226499737495,0.8348573088387341,-0.08697072532542192,0.024945749541702734,-0.22350680322648234,-0.24252625161828048,-0.24221804371442007,-0.24252625161828048,-0.015590548161934555,-0.015590548161934555,-0.21404220349542968,0.6943742535365813,-0.1612016628450404,-0.03130641979497744,0.19196873407964318,0.19047530541659335,-0.25376363792646683,-0.005403502157501185,0.019590298167291804,-0.17756943479833,-0.11871008391114023,0.039810530759210754,0.37676727592996145,0.11026637037527694,-0.03637391078224424,-0.04029445846881422,0.08075679313472899,0.565960949158727,0.0882899638393471,-0.20409986427625743,0.6054389134539588,0.09122845259473632,0.0995772622691546,0.09122845259473632,-0.2410996877374727,-0.1996843571101381,-0.1996843571101381,0.3176879393992162,0.3176879393992162,0.3698068156310574,-0.24649580825771378,0.021851420152231606,0.09546313905406892,-0.2395705452761248,0.06746909153908205,0.15668836094820332,0.10814373130702024,0.10803730717130967,0.10814373130702024,0.12465590778870086],[0.9913081257194779,0.9795115261879106,0.5775993325777313,0.9928054875507039,0.9969336987421851,0.9913081257194779,0.9999927012125713,0.9990442742892329,0.9990442742892329,0.9999740819675577,0.9532566480708621,0.9995708260498256,0.9999945072212295,-0.13505833991362104,1.0,0.9696912027986301,0.9560330213823963,0.3593497470437007,0.9998475441887184,0.9998475348112053,0.9890478701188778,0.9999945129723714,0.3496144686452283,0.6853382238660729,0.9934724702672744,0.9934724702672744,0.9933643062375036,0.9872553863145884,0.24227798647504245,-0.18042172644958085,0.9927251663436315,0.9927769318165741,0.18149725306492956,-0.24165555203223604,0.9993588096063529,0.9994076858979982,0.3690938060587483,-0.3236612117175854,0.998722332457659,0.999340296883668,0.9662770109240375,0.33949719903300923,0.9338034856713301,0.999097387519904,0.9338034856713301,0.9109318668786122,0.6203482136989102,0.9256536909744982,0.8993443770983731,0.6979753394673779,0.41378409289362406,-0.08723624933047183,-0.20831836188117797,0.9247374920929391,0.3900281224495246,0.9688000752958726,0.9622212460904419,0.9782385765750985,0.9961962934756063,-0.0733899030946861,0.8413143168445163,0.8098027357172666,0.8574947729431757,0.803521739638597,0.7692256505681417,0.803521739638597,0.7728794160963635,0.7707559136384056,0.7671501376246018,0.7707559136384056,0.8460425766139439,0.3257762767508559,0.5403693207720114,0.6186997802001936,0.5403693207720114,0.5425907014972688,-0.35949930800272617,0.5063700573972225,-0.6561322807113691,0.42627425521331985,-0.12278372240454731,0.38396482311137836,-0.12278372240454731,-0.1549381528183871,0.8218205971780221,0.8345072941347488,0.8226766310482722,0.733799079920286,0.35066756908902713,0.8239482480050686,0.8257050167612549,0.8239482480050686,0.7332635253973299,0.7332635253973299,-0.23368493068482432,0.6953213454659881,0.2512699609310738,-0.6123355017647734,-0.6182700781988667,-0.6213097176661977,-0.11834386520210673,0.015673709835455372,0.3505642241623011,0.06189598272169039,-0.4567630574428135,0.09115576911406861,-0.8261834089833173,-0.1327714461142774,0.05633568376798953,0.05677202516985664,-0.6008196189997943,-0.6042840808445648,-0.06443593798664737,-0.5851473955334766,-0.8419517085423065,-0.35716051132713483,-0.18467034458664316,-0.35716051132713483,-0.27759430141979,-0.33033142186689585,-0.33033142186689585,-0.8352996056934767,-0.8352996056934767,0.36989100411847564,0.5998151535991746,0.5000878205181448,0.8069802035274035,0.7554189304962877,-0.3330469672865972,0.0608355413429703,0.7616435799636647,0.780402220391421,0.7616435799636647,-0.14530940311616983],[0.9501251010650382,0.7656405234395018,0.5360302493013188,0.9513940274495077,0.9339661584071226,0.9501251010650382,0.9715134765675003,0.9699437289213119,0.9699437289213119,0.9448282659640839,0.8595427115756215,0.8139656464370806,0.9714563802922123,-0.14627234932857186,0.9696912027986301,1.0,0.9968316107958017,0.39482607222465876,0.9656941906472045,0.9656943419539125,0.9429779345107713,0.9694686375023022,0.33858090333969215,0.62280608330716,0.9623239512048313,0.9623239512048313,0.9525892029994528,0.6028556807480762,0.2135122490648702,-0.188472810304148,0.9699911049003596,0.9694594700405461,0.16360202339154126,-0.25745982863297084,0.970285694665332,0.9492738623285971,0.3368721187020878,-0.3218516956552646,0.8197566899846888,0.9426139651326296,0.9985091676398001,0.3757315101309124,0.9001704847746513,0.9700796952654132,0.9001704847746513,0.7335343999498853,0.6090176338259653,0.5199921765980686,0.4942866600925178,0.5562610497953152,0.4141721067467258,-0.07334781780351432,-0.2110805864085376,0.8898441704365562,0.40385721621744913,0.945799