var element=document.getElementById("correlationAdjClose");if(element.style.display!='none'){var correlationAdjClose={"data":[{"type":"heatmap","z":[[1.0,0.999990260470552,0.9854561536965487,0.9999271683576068,0.9991079008510054,0.9853343830113732,0.9978981301663765,0.9960758066019181,0.9692815123387561,0.9963997447624025,0.9945262922945229,0.9940721052560192,0.9961942231701173,0.9962215337166472,0.9961213676992628,0.9976445294079282,0.9978995678614375,0.998397324470682,0.9967153010181917,0.9967251290365677,0.996779485527626,0.9961506043967511,0.9872807038552421,0.971320195787239,0.9898871550549527,0.9565047123150152,0.9888882165280715,0.987868210196523,0.96791009357525,0.952130846905989,0.9929451756744461,0.9941179468518514,0.9923950812857641,0.9771859633553904,0.9978022954589533,0.998029882982084,0.9975650120698036,0.9962486176012503,0.9958479395823968,0.9979149626348348,0.9987685842187135,0.998827102244293,0.9977613093473912,0.9977697683658133,0.9767630512579519,0.9145974162455567,0.9489498061183386,0.9230322414764174,0.924244983851861,0.9031357521340312,0.9633816718513727,0.9480934358605893,0.9650836087554227,0.9658774553979962,0.9557060857269983,0.9844304317416738,0.9815755071778619,0.9905022844654563,0.9944861524883772,0.9867844803906649,0.9825653836643098,0.9882702876853832,0.9864427287195681,0.9888240388902001,0.988649655598433,0.9647615398608745,0.974644230094333,0.9758240616107361,0.9754730835993334,0.9531089264671083,0.9806189161835324,0.9778295836956471,0.9850286660097253,0.984316601065728,0.942782351571108,0.8875523110473242,0.8547322403465132,0.9037475750305404,0.9213685450084297,0.9185753111175404,0.9192866803442311,0.9179070382220793,0.6925417346236116,-0.5604682400830009,0.9809807144139107,0.9764900556615668,0.9731393900441252,0.9874986614583513,0.9749383055294327,0.9847028260748273,0.9847008888073273,0.9499530174523574,0.9848273447322274,0.952958148463105,0.7682883483108679,0.9052300760941422,0.9280947297613815,0.7985983256662931,0.9505946969466388,0.9513929169561747,0.8995272367231727,0.9650295838474878,0.8960239038943444,0.6040534404340673,0.7213827274938898,0.9027265478233578,0.8705637041124111,0.8936958132018692,0.9740402757095217,0.9740828236715307,0.782560438324259,0.73578813342318,0.8251076073735135,0.4167557051170289,0.8025870408767414,0.8293791340723067,0.8246137252511457,0.8159843399951663,0.7788900385920718,0.7511216999056423,0.7338693532302868,-0.2722903667051677,-0.41155490463412236,0.661329893205352,0.8925537070466959,0.9355324217507824,0.9428925810567084,0.9088590150206572,0.8262287713033244,0.9102348834997662,0.9289507920766377,0.9288027580515149,0.8630279489832008,-0.17103197217773752],[0.999990260470552,1.0,0.9877777408291091,0.9998240955170815,0.9982312362763559,0.9900051429395714,0.9945928639116159,0.9916287035402161,0.9845271763411978,0.9916419340157552,0.9916471647737634,0.9933867771053789,0.991783925212338,0.9916231512052243,0.991709819472242,0.9939123074436607,0.9965419055642042,0.9962398464368121,0.9941677699631646,0.9941660739042641,0.9917033733379829,0.9917459133739704,0.991590128325139,0.9731657821042399,0.9884848531018875,0.9815653247975858,0.9883689760873122,0.9878162329448213,0.9803652761249784,0.9323018785236329,0.9889303395151756,0.9864831778798692,0.9799187561413314,0.930827896957295,0.9956890903261061,0.9955827012515847,0.9958165360225046,0.9922169054542818,0.9952525299707401,0.9958035902915802,0.9970708928029363,0.9972561466678063,0.9958017614963073,0.9958056576561671,0.9895488081745178,0.914363904775127,0.8854674069565611,0.9226820377704353,0.9240996510143175,0.9031438921561746,0.8774662745305167,0.922253052702021,0.8802192734339852,0.9092732873843378,0.8770140796997078,0.9544065560938255,0.9543436904633578,0.9679074089113817,0.984423972552348,0.9818402861408536,0.9843030188369887,0.9799126940464572,0.9800613254607061,0.9817937856371892,0.9818057003845627,0.9505016254730052,0.9609134330350941,0.9375545370464535,0.937538229598553,0.8676660446965945,0.9784143399205454,0.9800263885129393,0.980215196679898,0.9798324399012319,0.9510650109965915,0.7565185765100418,0.7125551583111845,0.8241230486989902,0.8906632968832677,0.8414082439465277,0.8665879257145375,0.8651409228398296,0.7141050927790328,-0.22419199693897324,0.9693116617785408,0.9738568007054634,0.9692521656961413,0.9824834635992445,0.9670740074960409,0.9725001220192501,0.9719482766907817,0.9294941284332975,0.9744614290502102,0.9328871217151333,0.6804361621765826,0.9046609760005682,0.9023997351117776,0.4772506340921336,0.8208629835844472,0.8257963287184065,0.7342822624441683,0.9661769800552195,0.7088735567121197,-0.28793436637798453,0.20994234861723188,0.7349296501523422,0.6846345443233797,0.7265374152337971,0.9677142173956756,0.9672713359344915,0.12347135696215947,0.2947936747144275,0.12962461858601493,0.10193039572750938,0.1233899252847711,0.13827296127202393,0.13521733704901864,0.0566267540476828,0.4908358627990298,0.22180173000966386,0.17100953046100864,-0.4414612945065611,-0.4855489962637772,0.6618992657038534,0.7502509577077799,0.7744683922386822,0.834949404557559,0.8195384729945304,0.5666828983563006,0.7505525017437371,0.7689783283943308,0.7675304625112281,0.41877205069300244,0.2040666105543458],[0.9854561536965487,0.9877777408291091,1.0,0.9868771882912337,0.9931088136737067,0.9914560292171751,0.9899960291781693,0.9906333912693837,0.9905967206866259,0.9933566847902713,0.9973584510627765,0.9964265057696904,0.9905025512061801,0.9927528333139604,0.9906918602583773,0.9900635257225351,0.9908093427344301,0.9902219221051771,0.9893434490895451,0.9893150603310465,0.9922226876569699,0.9905197452968624,0.9946335871829485,0.9834705503512402,0.9912664021724776,0.9804440523813478,0.991810911113417,0.9867814998208453,0.9858257743773114,0.9580239317916168,0.9698864412862161,0.9740322880964868,0.9764031477285645,0.9527484853479777,0.9872841743427677,0.99037251674953,0.9887465888099031,0.9923253826182307,0.9947013965771304,0.9911336443086146,0.9850973343109438,0.9879277975525375,0.9876189688444562,0.9869923417873984,0.9919627042459203,0.909656919987998,0.9315216232353245,0.937058987220265,0.9172475046062579,0.8570149996370642,0.92137393450257,0.9029629539177425,0.9239751314583318,0.9266619123120684,0.9118874327402345,0.9495586274725318,0.9579397514550271,0.9666522314582636,0.9780129970439221,0.9386154167390456,0.9633355048764877,0.9620533805002425,0.969011238341576,0.9623193248170543,0.9366624383218204,0.9200926387584218,0.9440482099297922,0.9341592286419471,0.915454664059118,0.890901878677272,0.9694112795083142,0.9475700888243797,0.9619003009760256,0.9407675586968199,0.8206817278596714,0.8420438791537901,0.760694619771043,0.8612465030454788,0.8903524989529007,0.8915982154094305,0.8587328089844004,0.8730275370059408,0.3907517832358026,-0.5509491182290033,0.9589946397080916,0.9451312020011509,0.9448278195711353,0.9385823844603102,0.9533846307150626,0.9616660695484898,0.9611935770010245,0.9320333397747091,0.9568456867909723,0.8740862831448087,0.7503923194433891,0.9498080187959388,0.9492300687564614,0.7739526082210452,0.9368422168047158,0.9386322585803454,0.8717891806609761,0.9800892707307476,0.7762868780760442,0.5079353425797559,0.6636057910527353,0.7968417120534342,0.7967800786721965,0.777901242244876,0.9826322952101875,0.982462470711287,0.7098465260807497,0.6799710300862094,0.710931967821082,0.3610940214414999,0.7013972419252171,0.7133743602966477,0.726995648869836,0.7117133723603464,0.7392863691303422,0.6836281249340997,0.6651484372635437,-0.33593540591560406,-0.47483878930254975,0.6253344782302408,0.8526492670813205,0.8826840682785212,0.8877716236056913,0.8799321566237897,0.7573480191291037,0.8595856342099933,0.8716151570923367,0.8791309187903402,0.7338434666210896,-0.09297814785482152],[0.9999271683576068,0.9998240955170815,0.9868771882912337,1.0,0.9993585058017359,0.9864935766408816,0.9981514955695502,0.9965143925024298,0.9715745842031068,0.9968782343601126,0.9952390103347895,0.9950114520084389,0.9966146015611026,0.996732174407901,0.9965593341988501,0.9979248799594141,0.9982386437620033,0.998664618455153,0.9970993676916075,0.9971066833009486,0.9971864783497673,0.9965756188570101,0.988503413406587,0.9727632755061768,0.9908733618592114,0.9591807914634559,0.9899831028744945,0.9894042304839349,0.9699555948526899,0.9533660261890037,0.9922638490660981,0.9936312386426296,0.99232155719598,0.9767344467455743,0.9978932386012955,0.9982322978013451,0.9978009006261368,0.9967233778722856,0.9963174817454822,0.9981486651266356,0.9986661417034078,0.9989098608113353,0.9978477221782752,0.9978531907572625,0.9786367840001508,0.9105593257985766,0.9467352937113965,0.9236046852983526,0.9227435471003779,0.8961022583347383,0.9603928525391868,0.944739907755573,0.9620011165631549,0.9633158735096147,0.9528308558550364,0.9822990138002151,0.9800127954391521,0.989628688045446,0.994297044806938,0.98535309438981,0.9814928273133828,0.9870220477771754,0.9858603785489787,0.9874963113718562,0.9873110707709415,0.9545925076752146,0.973418054270381,0.9743305362607149,0.9739717574100343,0.9478959650624406,0.9801919680015935,0.9749723897750763,0.9835951678182489,0.9828444041572585,0.921739381408239,0.8860208211875096,0.8508475676902152,0.9020322332205581,0.9185366274227261,0.9180848325361,0.9168426240409483,0.9155026738038056,0.599509861014194,-0.5599985510218608,0.9801683609443548,0.9752661036419147,0.971714848320575,0.9860651456263108,0.974201250971267,0.983945132259137,0.9839328244913705,0.9495739139256987,0.9833989541760618,0.9375216267338018,0.7723898132215079,0.9108649075516734,0.9322101850668589,0.8003507694631463,0.9519121954295439,0.952740339172792,0.8990048233251039,0.9662926902094028,0.889796353230302,0.6002660843030126,0.7195399396763099,0.8971415704545666,0.8668281374870621,0.8878368456340402,0.9748883535651602,0.9749337648378275,0.7812839144778073,0.7359393842662927,0.8170625180361879,0.41861295226340506,0.7967058070920351,0.8210554455427864,0.8162160238443346,0.8104829180934476,0.7811776134677679,0.7508957206599903,0.7337279951150711,-0.2676966918011893,-0.4108295094708844,0.6604412044070528,0.8904912743014615,0.9335130479877288,0.940944746142261,0.9074383693487535,0.823290229822174,0.9080838364029256,0.9265333652289248,0.9265381890368622,0.8555674168790723,-0.16381043007048718],[0.9991079008510054,0.9982312362763559,0.9931088136737067,0.9993585058017359,1.0,0.9894000311045613,0.9991071823736221,0.9985369560359534,0.9840107794622833,0.9985354518142289,0.998124401518325,0.9981404666817892,0.9985671449320787,0.9985674934063749,0.998569176387543,0.9990585755239675,0.9986889875338207,0.9993033661481411,0.9988948095648199,0.9988936157739524,0.9986283673305091,0.9985582912704035,0.9944423505784636,0.9803968573123542,0.9949100730178463,0.9766794854565575,0.994875226937063,0.9920923792974939,0.9828710978233733,0.9566893127761087,0.9891845483990552,0.9918751111939071,0.9894757577389129,0.9685062993058674,0.9989525820823092,0.9990028912585645,0.9990183132464242,0.9986464862684483,0.998644809237249,0.9989867141686468,0.998960731245116,0.9992031716413251,0.9989536048433755,0.9989521033064606,0.988359193371502,0.9206256785260885,0.9458566211895493,0.9353487692668052,0.9271156914652718,0.8915035868468902,0.9465183630765321,0.9383712111227532,0.9507863529806563,0.9564910482706348,0.9453680955012526,0.9793306206527662,0.9792566701695404,0.989452885628398,0.9941285944635209,0.9821875905657069,0.976200016445785,0.9828087582150895,0.9821825653078103,0.9831583607395902,0.9829641455869796,0.9556141696147821,0.9650384448176103,0.9598367899277006,0.9594141289829151,0.9220451817731037,0.977594031224275,0.9740047971434926,0.9798409719995913,0.9790457671719912,0.9404026164651682,0.8657072593265241,0.8275795357642424,0.8871722958202916,0.9231790589295694,0.9074095455429712,0.9146383051881541,0.9134652354943679,0.7480760931352114,-0.5732978729035504,0.9741396571761682,0.9655289471375192,0.9627903431594801,0.9831352957038872,0.9650494391027465,0.9776605902251903,0.9773136875578061,0.941264579099933,0.9792532129536373,0.944092475584134,0.761766261184461,0.9261760503593769,0.9522626254524748,0.7626361350022003,0.9389912212765931,0.9405134808166518,0.8930614896188922,0.9713620227833558,0.8875024551221112,0.4411554866954937,0.6601678442076687,0.89295482470938,0.8414210147262241,0.8880394119973272,0.9784520146121785,0.9784614707929832,0.745236820674249,0.7192088327752263,0.7491025624421311,0.3964106182909329,0.699107590630948,0.7541271644011179,0.7494755047903456,0.7125212919629663,0.7676419736619602,0.7356740113441282,0.7176274212749681,-0.47537394780095116,-0.5563426255289754,0.654657118782156,0.8847658908052836,0.9190668948354161,0.934700247688335,0.9050736432512418,0.8037541636564813,0.895492331393209,0.912791713147475,0.9123276169562695,0.7917869111265353,0.04594294969533684],[0.9853343830113732,0.9900051429395714,0.9914560292171751,0.9864935766408816,0.9894000311045613,1.0,0.9847252344930313,0.985530771672279,0.9923774573741845,0.9849367441606706,0.980581252894517,0.9795291112144512,0.9854070446900621,0.9859311515496624,0.9856009259056313,0.9851668744522014,0.988403836807817,0.9864394538737316,0.98630303733288,0.9863033516389261,0.9844412246087174,0.9855096594503991,0.9956094814672546,0.9933065503551858,0.9867651735251578,0.9863948112064747,0.9869785627053774,0.9774031268340915,0.9879976546860184,0.9732073128375925,0.9638082945426335,0.9692966794310435,0.9777828466735331,0.9662952520011876,0.9844146097289194,0.9847760265955791,0.9855882531766498,0.9861821153181611,0.9803033249958127,0.9851765308358011,0.9835150670941838,0.9852930649168837,0.9845866629218167,0.9845972431581054,0.995918842624508,0.8687589356719397,0.9242785813793235,0.9030903322318576,0.9155320235094928,0.8764019938574259,0.9192511599218013,0.9091204043196353,0.9217892652366771,0.9354461054146772,0.9176501486014548,0.9518073845245413,0.9568961502077685,0.9630215309022614,0.9726626048321815,0.9702055662609006,0.9857329100342992,0.9717797015325981,0.9836003218351497,0.9713743161636612,0.9707442370153793,0.9756339902160611,0.9674150156872954,0.9471314269032725,0.946442584811941,0.944623706338512,0.9820067315644343,0.974605760025118,0.9714812497102613,0.9700594354973859,0.9618740633142759,0.886479980788604,0.8403565915092926,0.9045315549745802,0.914196074977916,0.923392992559744,0.9044836342027653,0.9021563083432829,0.7220723051269444,-0.5115538427007934,0.9798457100674215,0.9805982617071719,0.976306000216624,0.9709678978808204,0.9719858118628649,0.9787135067814998,0.9782265352391629,0.9669308638424114,0.9681048016944219,0.9658011495654798,0.7736034041334172,0.8842961409801899,0.9518039611258355,0.8085625713250204,0.940938662294347,0.942066115535097,0.8681685174208459,0.9594187053234206,0.8378997672352221,0.5302253265337471,0.6866131368377189,0.8470607028570325,0.8211231660892577,0.8362246021385127,0.9601275123147476,0.9598862042419358,0.7370159263466695,0.7127963874736255,0.753854019345507,0.4205204189089701,0.744080748870706,0.7593473005841201,0.7531777732853785,0.7496531572175538,0.7634190760249224,0.7137831823608971,0.6991981855978082,-0.29570036195130345,-0.42575060151913613,0.6704358296881323,0.8605850947743318,0.8787363268905498,0.8916098810657582,0.8719234512687521,0.784947107254432,0.8524815784474917,0.8705734294415236,0.8706701709932715,0.8123477734490158,-0.12939588089342252],[0.9978981301663765,0.9945928639116159,0.9899960291781693,0.9981514955695502,0.9991071823736221,0.9847252344930313,1.0,0.9974730366731865,0.9574259127726216,0.9995977753676972,0.9995469161905249,0.999560328921528,0.9983793139450465,0.9994619906686222,0.9991619967117367,0.9998896191758835,0.9964867726708677,0.9999031478757503,0.999361045833217,0.9993659546334595,0.9997048843646742,0.9993098556962092,0.990771006839228,0.9747451734048502,0.9855823937117733,0.9261756436409372,0.9933921824557074,0.9915923790727434,0.9736854710058089,0.9505661685675001,0.9916066042337036,0.9917911759655723,0.993362873453908,0.9741536155797113,0.9989811090157578,0.9998470061706993,0.9997063696010134,0.9994708165469366,0.9997494941917916,0.9998291565569052,0.998465944648595,0.9997282121514964,0.9993712197961326,0.9990177384715422,0.9809923738033461,0.9284097713802758,0.9495185618552153,0.9455404252856392,0.9355175311073278,0.8917764589545731,0.9568657043080012,0.9443772476016394,0.9591661769975771,0.9605792977199786,0.951234832346779,0.9812896118758543,0.9804630017418225,0.9915392525638392,0.9963620525895086,0.9487472725890952,0.964318846223721,0.9736959526885863,0.9744097264873569,0.9752611151442462,0.9487330426208772,0.9059388327922498,0.9564594351073534,0.9617234515895795,0.9398247819591888,0.8964059484096335,0.9681353283062054,0.9409552219720244,0.9683246776904397,0.9490999123349871,0.7818705426993394,0.8598019901486562,0.7815876750751555,0.8749561267655928,0.8928190342218507,0.8974873388340229,0.875960117956407,0.8879961921903132,0.3408891870536147,-0.5934551023697892,0.9654461876806227,0.9519302657229273,0.9504594327194582,0.9502782755141987,0.9614488427356743,0.9716933275324708,0.9717769301666171,0.9311078986851054,0.9683640762726652,0.8516819579682189,0.7566274875046763,0.9267796586161761,0.9317044928387429,0.7888880389017816,0.9499384749324413,0.9509235749139556,0.8963635433323199,0.9707746883440662,0.8321420750363013,0.5923537298394043,0.7117185874679586,0.8551826731652316,0.847103782074802,0.836614804797399,0.9786763908867617,0.9787752813409729,0.7711383379110373,0.716546797158308,0.7821022901713919,0.39103318712597024,0.7750086187301252,0.7937755308136121,0.7885988142945431,0.791545543951494,0.7645247402625052,0.741356571126265,0.7224348132199309,-0.2828040532584381,-0.4333729980073409,0.6716722503365541,0.8883900370905908,0.9240237902093446,0.9407599866599068,0.9104436676029257,0.8236505747907137,0.9093832835260568,0.9290657478430359,0.9278118940932056,0.7752841714498317,-0.13037475682637295],[0.9960758066019181,0.9916287035402161,0.9906333912693837,0.9965143925024298,0.9985369560359534,0.985530771672279,0.9974730366731865,1.0,0.9683359627625437,0.9999997078257536,0.9999988257467602,0.9997310710315991,0.9999970491104467,0.9999923320099967,0.9999981675951898,0.99929383623455,0.9911362087496375,0.999430005368754,0.999905628412423,0.9999051615951627,0.9999633812039699,0.9999986942596107,0.9911670960571956,0.976261217982539,0.9926589528032224,0.9402984153851449,0.9938934033385782,0.9897016521046752,0.9758890007300702,0.9498423249909179,0.9879041002385139,0.9938039317111014,0.9918737711574994,0.9709778999624512,0.9994587321990137,0.9995530911063631,0.9996620147240787,0.9997335675500192,0.9991514638317806,0.9994794689151156,0.9981623222370242,0.9987785402663838,0.999530031873569,0.9993936102213035,0.9826312395572,0.9282205191157445,0.9466780601334188,0.9496002515048475,0.9336958623142078,0.8804669762507269,0.9551199580640272,0.9397533240181368,0.9570506373290737,0.9547149412494725,0.9450842334869981,0.9792444847201104,0.9774413009429515,0.9904779817333222,0.9969076610071461,0.9437716851184033,0.9601029948398666,0.9672873917265448,0.9713283080548201,0.9692417299471998,0.946996147195585,0.8981921289437621,0.9516991557550857,0.9549321048394523,0.9343883310343788,0.8842086025124017,0.9654042057873135,0.9347786672386064,0.962874462962941,0.9444727560767499,0.7690390762582249,0.851723942578062,0.777129579659134,0.8669694868460134,0.8856417904499098,0.8929018343779659,0.8715462545807082,0.8811856956985219,0.3232266745919435,-0.5978502535156179,0.9612604979683946,0.9452454838336328,0.9443643591333053,0.948303711212959,0.9568222177200116,0.9675744005029783,0.9676392743764791,0.9262520038155794,0.9615321040997107,0.8404850681696103,0.7534806521587755,0.9411138495035042,0.9425628479574698,0.7851733815596292,0.9496653464740633,0.9508093108198652,0.8938006041920026,0.9747914647968713,0.8351206352471497,0.5780348416800194,0.7028976417312932,0.8561928212338183,0.8439362934844681,0.8388135794502958,0.9811727510168855,0.9812722107886767,0.7620757751523897,0.7087608788194806,0.7834254737478271,0.3783447000209788,0.7698374334081669,0.7892189416859856,0.7890479964532447,0.7859356472216265,0.7582112873292126,0.7355052728101027,0.7159959875003516,-0.29861931146546294,-0.44814368191586273,0.6573308365297341,0.8807331210090843,0.9215056436083752,0.9331579377680167,0.9046005064054319,0.8128118126144008,0.9029261926750285,0.9227643024491534,0.9217849151328424,0.7562802778494631,-0.113338374025955],[0.9692815123387561,0.9845271763411978,0.9905967206866259,0.9715745842031068,0.9840107794622833,0.9923774573741845,0.9574259127726216,0.9683359627625437,1.0,0.9833468242046061,0.9875195474795585,0.9896330548767682,0.9720236402964085,0.9803724662667567,0.9769410801853207,0.9747238007351071,0.9489945946264661,0.9795555498980552,0.9776957252079492,0.9776613973521568,0.9818228410422449,0.9768144167436494,0.9939902491679952,0.9924916877306968,0.9812911955269813,0.9883764060949175,0.984322046006617,0.989805181324428,0.9903254964150555,0.9666140578196298,0.9281036606553998,0.9497045656586388,0.9654418185297545,0.9485251961658093,0.9713418169310463,0.9796788884432261,0.9764406804752679,0.9788060583024683,0.9877244786207178,0.9807709148773144,0.9671877455913831,0.9766224906197093,0.972183557088599,0.9711468834789201,0.998930574779037,0.8868625483512658,0.9150162963900571,0.9397300139600172,0.9295646289787822,0.8527426701040355,0.8846621053535036,0.8804773008685742,0.8884613373542034,0.9098661622218157,0.8913554942718407,0.9282813146973267,0.9436611174994268,0.9495985478190505,0.9620666524403506,0.8976700862070798,0.9642410260999678,0.9408861986077013,0.962389689259054,0.9409219009996473,0.8955868713442454,0.9083509323937692,0.9368818212982515,0.9088975376374756,0.8716673642088706,0.8723146503827889,0.963833969217185,0.9141777766708167,0.939378170671859,0.9006186363411118,0.8063792525845888,0.8339991407229539,0.7155484237356617,0.8553625936613566,0.8705638082206958,0.8842607106769951,0.8322637198150323,0.8507723622427086,0.3671515880329064,-0.536675074029094,0.9528446106895208,0.9473037615620834,0.9435934518784975,0.8965046728704258,0.9425285819902005,0.9509469210559118,0.9502516413220029,0.9340691952824224,0.935103085575836,0.8593593603141336,0.7566487500810665,0.9325256183483449,0.9579777799462971,0.7822868333830202,0.9299655866597598,0.931736056844332,0.8494449100877202,0.9676858006013167,0.7429566810610843,0.47134585278887564,0.644883054912841,0.7745611458875473,0.7739557562845454,0.7526006534342137,0.967108609260582,0.9668330019948914,0.6909479144555927,0.6692542369555464,0.6765082051035118,0.3685500976587959,0.6835246401800452,0.6919620203253847,0.6769474725169828,0.6903688277552276,0.7322807784764875,0.6783756853090214,0.6611677078828844,-0.34280602576121616,-0.47808551333390925,0.6700535358857973,0.8380426296266255,0.8359708368575604,0.8628993754263165,0.8596342536764081,0.7505414210569407,0.8153467020671942,0.8416646304152513,0.8357755992722533,0.7063069673204402,-0.0527027389718639],[0.9963997447624025,0.9916419340157552,0.9933566847902713,0.9968782343601126,0.9985354518142289,0.9849367441606706,0.9995977753676972,0.9999997078257536,0.9833468242046061,1.0,0.9999990635053851,0.9997380251272525,0.9999984592944835,0.9999909899091252,0.9999975330855955,0.9996625339045382,0.99778804733303,0.9994242117753568,0.9998773417276355,0.9998773732327337,0.9999761744820705,0.9999992561557629,0.9937438926524041,0.977761802785682,0.9959710846658957,0.9735640492291667,0.9960575206244735,0.9896754403253153,0.9802050822000926,0.9510357317518568,0.9893232357226488,0.9935130127787452,0.9892818689017483,0.9673430173775113,0.9994769802374095,0.9995445376946214,0.9995561775337106,0.9998235205019117,0.999167511479939,0.9994883774116113,0.998361430859767,0.9988184310975056,0.9994803946978607,0.9994750249345128,0.9869224430358841,0.9282367757848172,0.9467260553348531,0.9494054085827185,0.9334656412774752,0.8806179203746021,0.9444890404183958,0.9328565240889377,0.9481592113119841,0.9527110948037109,0.9429410542226041,0.9777595579668835,0.9774811254973779,0.990989286885883,0.996685495590274,0.9722995764764416,0.9600074005920843,0.9729898171612147,0.9712725078262255,0.9734309447217221,0.9731967731085037,0.9436041127979813,0.9516052994379033,0.9502807433354804,0.9499208003393459,0.9106962520898718,0.9653185570592062,0.964479558373702,0.9701679412810501,0.9691871242587828,0.9272681210088887,0.8517716220860164,0.8077783415635738,0.8667147110285778,0.9062249681752284,0.8928585371836009,0.8990188474620006,0.8981043129612207,0.7003681190958154,-0.6082590370997419,0.9611981255626687,0.9452394770503691,0.9443713451806036,0.9734858359173106,0.9521505436508444,0.9671641267521089,0.9668022772440638,0.926874525762283,0.968992551968577,0.9300183055861875,0.753485426733471,0.9407949830510999,0.9547450898637245,0.7673666447695572,0.9428533543027783,0.9441669825554097,0.8938856297033233,0.9739201820310659,0.8952494304952543,0.4786949202002057,0.6777654172181672,0.9007013551756379,0.8496672518100846,0.8959801833262993,0.9811320295045863,0.9812646176637467,0.7621513681473168,0.7084931188812559,0.7652923403310169,0.3784626103526564,0.7167227059589028,0.7703330667110964,0.7656775134848326,0.7316214306046243,0.7579558991615171,0.7354901556101037,0.7159546079880146,-0.5210265222784236,-0.6026692240897836,0.6574974499318044,0.8809209194599296,0.9210803133372268,0.9365918292581303,0.9048322596368502,0.8091758093789038,0.8965853965418172,0.9145391668811746,0.9139468394839141,0.8036048527906463,0.1126731522274275],[0.9945262922945229,0.9916471647737634,0.9973584510627765,0.9952390103347895,0.998124401518325,0.980581252894517,0.9995469161905249,0.9999988257467602,0.9875195474795585,0.9999990635053851,1.0,0.9997383649152624,0.9999959784090657,0.9999943037405342,0.9999978341149557,0.9996425483917241,0.9973882125115975,0.9991327780503944,0.999769515533337,0.9997695915686557,0.9999979983179104,0.9999981033364853,0.9927436481138916,0.9723824373273463,0.9949543982565825,0.9813085577842211,0.9955681401330043,0.9896901347042671,0.9819924940335077,0.9419277388319075,0.9879880371149649,0.9927012218186648,0.9823775096135053,0.9398426846082868,0.999224618489877,0.9992835765466394,0.9992179285186876,0.9998872044820769,0.9991493288498179,0.9992266350370755,0.997737252235592,0.9983687744481786,0.9991941804688909,0.9991913331881166,0.9888544702823869,0.9279306076711289,0.9092552440249598,0.9493326382558966,0.9333354745905544,0.8802603963552676,0.9096358708602068,0.8978481278007675,0.9144929752895495,0.9231291886255066,0.9078610576035476,0.9688283564487032,0.9687889489453462,0.9901109618890134,0.9950396290056182,0.9645901890793794,0.960099484343462,0.9611126996851835,0.9612159554196964,0.9628945706538529,0.9626923296302276,0.9190243865628831,0.9410417647533135,0.9174454575777805,0.9169835705831317,0.8386404603489598,0.9626363595883443,0.9688605901111887,0.9649589608238941,0.9638861115719477,0.917911197434208,0.7737868730103831,0.7313055795570135,0.8228533407026971,0.8812553853297135,0.8463569193855804,0.8637293287250832,0.862161165277892,0.6937142868024213,-0.43187545741314587,0.9473382686061333,0.9453394693061296,0.9444373528134121,0.9659582338963025,0.9383140174060137,0.9505517323064175,0.9499257897571157,0.8957819833152497,0.9537086441999978,0.9015334790513627,0.7536289434899844,0.9411560900736665,0.9577263741787947,0.6417539985596803,0.8971884999723522,0.9001697244177502,0.8485257692787117,0.984276944180991,0.8368717303089587,0.1430344104961126,0.5237452779872824,0.8486826653518127,0.8133718034828756,0.8424548201859269,0.9850139503765248,0.984858606549613,0.5038347768503649,0.6139562603209209,0.5111430104449325,0.3783621266609289,0.4757693751702292,0.5234903185185499,0.512958090258318,0.44953994419278137,0.7451740693731407,0.5895789995672523,0.5493533965129562,-0.4857008881933066,-0.5405219793693943,0.6568954799008824,0.8593631905321117,0.8722187948803858,0.9022770813095291,0.8982970524109286,0.6591517990012287,0.8376603155443081,0.8642395602864085,0.863365813457448,0.6060956714941383,0.05412122866336984],[0.9940721052560192,0.9933867771053789,0.9964265057696904,0.9950114520084389,0.9981404666817892,0.9795291112144512,0.999560328921528,0.9997310710315991,0.9896330548767682,0.9997380251272525,0.9997383649152624,1.0,0.9997511447898534,0.9997350569420502,0.99974174873676,0.9996456669268664,0.998025873808743,0.999331427831957,0.999958137389811,0.9999588916874641,0.9997408743471324,0.9997479653874967,0.9920316359003754,0.967929139655914,0.9935354839185494,0.9814606779646282,0.9943794812064263,0.9925323304342263,0.9773480049870791,0.9200603994890268,0.9906206232949224,0.993696264121322,0.9774158302077232,0.9181481102783637,0.9993490478172968,0.9994012958999192,0.9993577878899766,0.9995438863450445,0.9995712953590512,0.9993780254457978,0.9975661602120718,0.9983750092610769,0.9993339788656767,0.9993314812943288,0.9898815851078301,0.9230571041625881,0.8932064771476452,0.9462495058080668,0.9327166296172031,0.8803401873671933,0.8700790917520915,0.9105479087777539,0.8741576991475217,0.8955791887634273,0.8680237976419065,0.955133232177115,0.9550908279663661,0.980296209191319,0.9942317732375463,0.9634094053681592,0.9646995904815545,0.9569277246625587,0.9589676857544143,0.9601047425362,0.9600542531020142,0.919330741280889,0.932567368421564,0.903384652031098,0.9033355854139499,0.8205072668984373,0.9609758300117647,0.9634397592711206,0.9635425067621304,0.9630262649241423,0.9240308158165544,0.7110659662927579,0.6634956003089963,0.7804515197397356,0.8543455265953162,0.8021725087386185,0.8290314529133778,0.8279646207712438,0.6629556837930344,-0.3396595929552398,0.9414761833589209,0.9484270035107202,0.9414898758149481,0.9645107968556662,0.9387208358614222,0.9457112323997084,0.944945050428193,0.8928174121610389,0.948676958713646,0.8974403425220313,0.6965824325166646,0.938309733488056,0.9325262133785036,0.49001722320580504,0.8323230105754031,0.8375109439334276,0.733907427057297,0.9772046144252127,0.7111062207669171,-0.229510982462563,0.2504850599952033,0.7343143401463593,0.6897114190515509,0.7271446339105333,0.9783878205793045,0.9782176490482262,0.17080149485766793,0.32787414607508175,0.17546103375555258,0.14766999233153658,0.16766644767337982,0.18470307262804042,0.1823160441676063,0.0987799740203224,0.5202001789733035,0.25177443956765255,0.1990545318028506,-0.5069189162444004,-0.5500828442987,0.6579127692070256,0.7504451922552183,0.7745882488433998,0.8373401767382289,0.8244050522358022,0.555602923769783,0.7483052789331934,0.7693565414824525,0.7680320967166526,0.4195581451677984,0.2470101383240962],[0.9961942231701173,0.991783925212338,0.9905025512061801,0.9966146015611026,0.9985671449320787,0.9854070446900621,0.9983793139450465,0.9999970491104467,0.9720236402964085,0.9999984592944835,0.9999959784090657,0.9997511447898534,1.0,0.9999908168703824,0.9999976744623819,0.9993446148264392,0.9928644567630733,0.9994718417624023,0.9999148553515382,0.9999146284027887,0.9999705231513056,0.9999989306221855,0.9910600946591412,0.9760910808488631,0.993320981015301,0.9452360314632051,0.99384714244528,0.9898284557888534,0.9756989253689317,0.94980934658851,0.988810172778224,0.9938812742527091,0.9919643878614083,0.9711262761005665,0.9995014910986108,0.9995938006986592,0.9996932626828962,0.9997339411979184,0.9992180032189829,0.9995220603614211,0.9982511174891777,0.9988489413199104,0.9995732140019533,0.9994372816056944,0.982406072773402,0.9285172905749738,0.9468716972425624,0.9495583387400899,0.9338792791166655,0.8812027484073465,0.955477428957767,0.9401614749045197,0.9574131559090021,0.9550790501779325,0.9454961876038877,0.9795025291251093,0.9776398016373529,0.9906224521655604,0.9969844961436736,0.9440624546309458,0.9602051364854249,0.9675371715977575,0.9714298267178261,0.9694887593195392,0.9472395260357391,0.8982684621551302,0.9519161933330214,0.9553107736750268,0.9347999847343715,0.8845312160255272,0.9654574143811929,0.9349647600460408,0.9630688190481207,0.9447437605948066,0.7690516348329325,0.852107627253982,0.7776378919636195,0.8673315275492391,0.8859211989900682,0.8930951895108368,0.8719133149995704,0.8815566987787682,0.32344465725384625,-0.597846096950863,0.9614173062661833,0.945495904450414,0.9445834830197054,0.9485363906862636,0.9569921552783472,0.967746030484206,0.9678135155452546,0.9263469622720164,0.9618017330746029,0.8406069525235579,0.7535970925967644,0.9404671499852345,0.9420531300734706,0.7852893170945029,0.9496918230245902,0.9508268306239015,0.8941443033995837,0.9746418266012843,0.8355984640203745,0.5791055197596506,0.7035632980634189,0.8566613775702409,0.8444689405656074,0.8392883022920838,0.9811043775778874,0.9812051231341603,0.7627048338479128,0.7093082144699335,0.7840272002673093,0.3790554191105545,0.7705148456199687,0.7899086107366246,0.7896614017779875,0.7866464424637056,0.7585742783034463,0.7359591289524271,0.7164700847941846,-0.2976626514050885,-0.44729040325379404,0.6578193789539395,0.8812578615313178,0.9219649209959899,0.9336918997140643,0.9050776156536857,0.8133825947616131,0.9035059605507502,0.9233374328714264,0.9223470292625434,0.7569643378795707,-0.11436979075272681],[0.9962215337166472,0.9916231512052243,0.9927528333139604,0.996732174407901,0.9985674934063749,0.9859311515496624,0.9994619906686222,0.9999923320099967,0.9803724662667567,0.9999909899091252,0.9999943037405342,0.9997350569420502,0.9999908168703824,1.0,0.9999947831940167,0.999539512042587,0.9977102989003105,0.9994264625651019,0.999899151191313,0.9998980675211311,0.9999515537658223,0.9999909281946894,0.9930436847306269,0.9765145184420093,0.9956768833491826,0.967568938108216,0.9954495768465551,0.9896037637793045,0.9760186752328356,0.9498886852467419,0.9889743758435611,0.993851746603473,0.9911813517588824,0.9705484154066017,0.9994729206712014,0.999544814712566,0.9996086076519979,0.9998821941603965,0.9991759848675087,0.9994685857135575,0.9980869051208386,0.9987648048554265,0.9994903356717397,0.999482717596516,0.9849155352043552,0.9282772596112691,0.9466040251158547,0.9490793982911648,0.9330599233649405,0.8802454657399823,0.9494045320503756,0.9320203903203075,0.951618050498283,0.9543629667435919,0.944730741103018,0.9777249557180366,0.9772791183536612,0.9898346869050849,0.9969844184673173,0.9724107339065249,0.959718589001266,0.9729600864605644,0.9712327340650474,0.9739389847358876,0.9736690472980587,0.9520399499249317,0.9512009809515419,0.9542855670684615,0.9538972158420964,0.926454313660685,0.9652984194380244,0.9672212837712562,0.971697696090808,0.9705692410595143,0.9363296067206396,0.8511575339057929,0.8143005326457954,0.8661860782707362,0.8970581964546345,0.8924607787499985,0.8932577725236425,0.8920079543678833,0.6771010747551208,-0.5983957689736847,0.9611578810991107,0.9449915730369044,0.9439910903728687,0.9735799711158919,0.9568190573569114,0.9674945848651714,0.9676018467764952,0.9262469456269404,0.9680062448465987,0.9379825101822521,0.7527709187342565,0.9403088153318546,0.947748776827439,0.7838209170749444,0.9494227643380481,0.9504927035506512,0.8937671870694952,0.9749598838677438,0.8839810988681215,0.5788146591907755,0.7023112796886667,0.8914152536666218,0.8568151942227091,0.8819641830623727,0.9813627401950399,0.9815065349767635,0.7610955371541426,0.7075657669539493,0.8002165447949094,0.37770374330465395,0.7746738429879771,0.8048051613840665,0.7993370941183384,0.7851321179541586,0.7577405643063438,0.7340365040343615,0.714519117256968,-0.38936249242308846,-0.5102231740457964,0.656673786659112,0.8809761093433719,0.9185326266269166,0.929094609154428,0.9052792012795318,0.812007897268836,0.8902174464303656,0.911431436670244,0.9109895854533144,0.8413836594538382,-0.08185551926880154],[0.9961213676992628,0.991709819472242,0.9906918602583773,0.9965593341988501,0.998569176387543,0.9856009259056313,0.9991619967117367,0.9999981675951898,0.9769410801853207,0.9999975330855955,0.9999978341149557,0.99974174873676,0.9999976744623819,0.9999947831940167,1.0,0.9994371308587744,0.9969554612544796,0.9994465964689403,0.9999086749865022,0.9999079030448598,0.9999645231389572,0.9999974875050606,0.9912117353698026,0.976325937906631,0.9950343002895269,0.9590079180359894,0.994837121371537,0.9897809009849325,0.9759436952719063,0.9500154798159003,0.9912700151938321,0.994151373963964,0.9918205799031303,0.9708837875352653,0.9994708249843617,0.9995546936893229,0.9996695393961462,0.9997495068389242,0.9991814685824884,0.9994769916396722,0.9981880718796547,0.9987955037051833,0.9995403489983186,0.9994067402242233,0.9826303385429445,0.9282999324178407,0.9466960673275844,0.9495958756749633,0.9338127558590925,0.8807817228450909,0.9552017073584236,0.9398909938409948,0.9571649131979202,0.9546635295928827,0.945000224373611,0.9792713900372846,0.9773851423346782,0.9904478582385925,0.9968715714885837,0.9440744679572154,0.9601908861618784,0.9674582109021596,0.9714059605412518,0.9693979495197198,0.9468032625386001,0.8984128372610218,0.9516004525226347,0.9549972912279032,0.9346063429117519,0.884343669891086,0.9655521275472674,0.9351335376439035,0.9630825857570918,0.9447905042718892,0.769394545420296,0.8517108522502088,0.7773971200596046,0.8670003290102719,0.88581503848891,0.8929037056976653,0.8717015157098551,0.8813574900705164,0.32358732440944205,-0.5975475115722001,0.9613434042304949,0.9453957151065531,0.9444961142210169,0.9469815123821467,0.9569999604610496,0.9676547177382846,0.967716108235276,0.9264436439420909,0.9617037371850208,0.8407587238408953,0.7535148367734015,0.940803463682302,0.9424588446376932,0.7851674850686325,0.9495884574287542,0.950736942574361,0.8936170221678108,0.9748092290668818,0.8351546878297965,0.5778638709630554,0.7027845319232306,0.8562045319430646,0.8440643685695632,0.8388444918248174,0.9812138506320134,0.9813098114644915,0.7616803862787501,0.7084111909933815,0.7834071417815628,0.37861167466993845,0.7698159826059032,0.7891396200446372,0.789207225435267,0.7858361065703039,0.7581274796070149,0.7347513362754278,0.7152768241580796,-0.2984289410362987,-0.44794887247331844,0.6575847952652771,0.8806395956276533,0.9216315895641365,0.9332017518051824,0.9046415089173435,0.8126066589981188,0.9031329963420756,0.9228028710298466,0.9219412803423981,0.7563780942967613,-0.11361599323168142],[0.9976445294079282,0.9939123074436607,0.9900635257225351,0.9979248799594141,0.9990585755239675,0.9851668744522014,0.9998896191758835,0.99929383623455,0.9747238007351071,0.9996625339045382,0.9996425483917241,0.9996456669268664,0.9993446148264392,0.999539512042587,0.9994371308587744,1.0,0.9983447322267972,0.999841842418096,0.999529949400891,0.9995351589416406,0.9997574642930109,0.9995150591932722,0.9907938587505771,0.9751796971857741,0.9936117932408455,0.951002656902178,0.9932480632107665,0.9915027974004268,0.9739426734783106,0.95050231885899,0.9917659969912314,0.992557287624769,0.9927368254517579,0.9730740855495664,0.9992602867116677,0.9997300772250319,0.9997081126554663,0.9995510754073013,0.9995732903060526,0.9996833427062292,0.9988153869836582,0.999566227891414,0.9995000883986642,0.9992539387360783,0.9810886857389377,0.9270194917965306,0.9489869865122972,0.9453241126551057,0.9338361582076067,0.8881148306369703,0.9574210174018308,0.9446664520101035,0.9596784559908923,0.9590710798661339,0.9495324968269443,0.9814041432799258,0.9796140621099828,0.9914788257662926,0.9963921992601648,0.9489195171023055,0.963712996186552,0.9727878184677601,0.9739511883370168,0.9744502046440501,0.9498291403965279,0.9045806257252978,0.9549796870724807,0.9606535993498208,0.9399097761371354,0.8935526582754255,0.9679581400634341,0.9404387466899462,0.967756113064831,0.9494628502394277,0.7786159822393641,0.8576117796062223,0.782135271921928,0.872585097993519,0.8912402778757768,0.8958402333648666,0.8757137356707768,0.887023281156062,0.33571787502065586,-0.5943257142533793,0.9646584681224387,0.9504931005104225,0.949317340860334,0.9514216965742132,0.9611169233799834,0.9709812509286099,0.97109149082612,0.9307768384798142,0.9673168152717909,0.8491989479652939,0.7550706693668113,0.9303566133491333,0.9339149735124854,0.7875785556071319,0.949625111122251,0.9505582064957977,0.8940045755457355,0.9711318838893933,0.8345063565037766,0.588321091886404,0.7082850981459078,0.856320223042523,0.84698079