var element=document.getElementById("correlationClose");if(element.style.display!='none'){var correlationClose={"data":[{"type":"heatmap","z":[[1.0,0.9999885719286259,0.6612008050695013,0.9997285971969871,0.9980097824184821,1.0,0.9924400953014291,0.988854559981519,0.988854559981519,0.993088486542442,0.9770075272265153,0.9870084754185044,0.9924757646469478,0.9928838539337865,0.9925271547889108,0.8060547505508128,0.743611485300053,0.3075012172827747,0.9933559304457205,0.9933475181256934,0.9856043773523826,0.9924659932050687,0.41752474592226896,0.7372369420713709,0.9818529803450659,0.9818529803450659,0.9818344402281481,0.97558535296735,0.3303951796422761,-0.11813260207788523,0.9896495762479912,0.9896122282378409,0.2800907098529568,-0.1931449664098443,0.9947349243109688,0.9953394551345903,0.84658388406027,-0.3618338280614158,0.9906870541762035,0.9953158119952223,0.7922760876868394,0.28828753086317427,0.9948759095912165,0.9948698529494887,0.9948759095912165,0.8908815860080423,0.6527047891303027,0.9072424037040113,0.9136602299276769,0.8232882501121572,0.3759600167220024,-0.17214122618954622,0.20588234302807515,0.9475353091776123,0.3899987142829979,0.9748968590739991,0.9704609161930323,0.9802512153753665,0.989728855555601,0.9305554387713193,0.9380560271932514,0.9451608921996993,0.9300898777805827,0.9424821176304168,0.9431300894395118,0.9424821176304168,0.8825758559307507,0.9220992106699918,0.9230017124931168,0.9220992106699918,0.9221559371522899,0.7865495661828111,0.8949963055433088,0.8962886508219753,0.8949963055433088,0.6947173719572074,0.3748450080876297,0.6796515035697442,-0.5540328698013879,0.5851492369197582,0.6087496966934747,0.6091105644932681,0.6087496966934747,-0.09968916922545673,0.9106473059259622,0.9422545147647439,0.9260483220756792,0.9318672493025594,0.2932692496304564,0.9058120257178573,0.9065918593212466,0.9058120257178573,0.9102815547778835,0.9102815547778835,-0.10151897715238185,0.588680868690779,0.16556127553365907,-0.6678128425653713,-0.5856695375200357,-0.5893867825228053,-0.11641794615898671,0.1170391160170055,0.21392511165186623,0.027489575144706117,-0.5311855493357416,-0.006493910467753716,-0.796648501986332,-0.27422477180573507,0.15942958327198442,0.16084680539757454,-0.5678715665234214,-0.5816923146088536,-0.2673179074341691,-0.5108377090072151,-0.8179778067855472,-0.39737936108969163,-0.3894183260787116,-0.39737936108969163,-0.21195522880617268,-0.3265275790383972,-0.3265275790383972,-0.8059983488220628,-0.8059983488220628,0.3795920282449666,0.6290373225720215,0.8548724365522595,0.8396910205610018,0.7570396377808237,-0.32029265879561425,0.747850752268775,0.7814756800808682,0.7817582392480505,0.7814756800808682,-0.1987445255473014],[0.9999885719286259,1.0,0.9794688468186338,0.9994507443689643,0.9957348335554211,0.9999885719286258,0.984465732974863,0.978511188515325,0.978511188515325,0.984326175720025,0.971002596886611,0.9857801951672885,0.9845002865930259,0.9844438674364349,0.9843431896083652,0.24753952475597105,0.15823503899398134,-0.41353681537069775,0.988228013729316,0.9882154394474778,0.984546896091771,0.9845435512069242,-0.1321352742732771,0.9786548373844491,0.9798104529291246,0.9798104529291246,0.9798522237033684,0.9758173076564837,0.12500902827580535,0.14635677953649995,0.9816280620188947,0.9816746846507769,0.8528718843953136,0.13501982985243718,0.9907632851928826,0.9908087273122468,0.9913675675959874,0.9856144053438607,0.9897515503444496,0.9908920598629561,0.2019524988705037,-0.4186150746390748,0.9914209592680455,0.9914121069445555,0.9914209592680455,0.8905728007860575,0.5000282427769678,0.9072281573838062,0.9135435499358444,0.8227422474979142,-0.32346791033124445,-0.49975278164271747,0.8345725060852093,0.8770839742907819,-0.24889244152287396,0.9360550609983607,0.9361957863658913,0.9566102882622207,0.9771682878286555,0.9493606353784598,0.955999924657448,0.9412451618667934,0.9408175053589467,0.9455047853990856,0.9459567717180636,0.9455047853990856,0.8504645397270004,0.8246344455313994,0.8263973982436447,0.8246344455313994,0.9510527719333585,0.9544064246524581,0.9511111052337544,0.951934771852953,0.9511111052337544,0.6048359558532399,0.5521726990432161,0.6472599203579031,0.7288219605725125,0.6359383423084708,0.6605560697567243,0.6611833154598998,0.6605560697567243,-0.1721875970007893,0.9132504293172606,0.9371901208771003,0.9286606028705646,0.9543294676167211,-0.2756768110230826,0.9094246036014647,0.9096796025413636,0.9094246036014647,0.9168721670960256,0.9168721670960256,-0.18950873535291923,0.5898621681056343,-0.3634155482477428,-0.7648575375175939,-0.4605184133344202,-0.4641695445717989,-0.3675198554897165,0.2639047274614946,-0.25569774004801504,-0.47917407447068966,-0.714231194644155,-0.34363927992397414,-0.47962669036967964,-0.4033627861740696,0.13194595036009807,0.1287381799291078,-0.4884120358108017,-0.45248648592079105,-0.481148159913727,-0.5122105349138967,-0.5044785708582161,-0.4834200123955839,-0.486649530740877,-0.4834200123955839,-0.357584688353678,-0.526956008705423,-0.526956008705423,-0.4987213391586003,-0.4987213391586003,0.37936937989802144,0.36454489690029906,0.49052303396330565,0.5890575386980811,0.5228675839202943,-0.43523505904088755,0.35953402057655065,0.31272250015850794,0.31284950704620346,0.31272250015850794,0.15525271653274927],[0.6612008050695013,0.9794688468186338,1.0,0.6578813572568021,0.5879385239066147,0.6612008050695013,0.6434480064839302,0.6351856693967021,0.6351856693967021,0.583873038224687,0.5450668020118721,0.9954887403409868,0.6434647304504406,0.6363225485473489,0.6436521856326491,0.4368255510084186,0.4173928291662798,-0.19376971687501457,0.6043048042168221,0.6035652930849683,0.5693946274668049,0.6425087670434326,0.19766698001265703,0.7827022071359161,0.6217941412770379,0.6217941412770379,0.6215610347354724,0.9883529229441009,0.3126538918306349,0.1378529142898844,0.6015567411312861,0.6011636598528022,0.6883166603930087,-0.009008442611707572,0.639496890338908,0.5782011464434444,0.6081809764535044,0.3068210817639608,0.9935243122924395,0.5730981475296718,0.4250976704156249,-0.2025697094697339,0.6563801686008767,0.6374966877637277,0.6563801686008767,0.8875408264464387,0.3998772486577159,0.9261686979223416,0.9039003077917664,0.7170986571259913,0.21466687104217455,-0.061490617581948265,0.050013285696680836,0.521090894871995,-0.08688176685061004,0.5842659161416394,0.548091962348117,0.5714485207648364,0.5355493900488242,-0.007723099021588544,0.7877263189226017,0.7204485232375007,0.6272025427291757,0.7262335478715002,0.7555699236226552,0.7262335478715002,0.5106113827257515,0.6309526463866078,0.690705547478854,0.6309526463866078,0.6861225549070157,0.6697382206356711,0.7196916028933159,0.767283186546232,0.7196916028933159,0.38922734159822375,-0.08716284572327446,0.4059913209249696,0.10170252071938547,0.39358573251834716,0.26216315224800163,0.48080312272625075,0.26216315224800163,-0.15797452027065667,0.5984054579664226,0.8773270324270964,0.6711501560935655,0.7681906097622722,-0.05216680154677394,0.6399676113608486,0.6394852293608472,0.6399676113608486,0.7095279681604643,0.7095279681604643,-0.20707845105788672,0.7045632154953775,-0.18760934338499205,-0.6810855223999397,-0.4328635189368337,-0.436600002844877,-0.4192314505802747,0.08796315359387699,0.020281962047577286,-0.326207119658642,-0.6610787668391834,-0.1662842021394455,-0.3084481537294741,-0.2633365710277512,0.036871196383590404,0.035097030807938905,-0.4848709009704854,-0.05609576005884759,-0.25562296463736206,-0.5080519777898629,-0.1939284677728169,-0.40022614082676683,-0.2810044288056496,-0.40022614082676683,-0.41573580713182784,-0.5351258725601556,-0.5351258725601556,-0.298268611376519,-0.298268611376519,0.32259759448896597,0.1828786118724486,0.27879950537014275,0.5139490820223077,0.2731099277536616,-0.37535052416564246,-0.017471378802027964,0.4541911338195002,0.5574383089383294,0.4541911338195002,-0.019570710345580597],[0.9997285971969871,0.9994507443689643,0.6578813572568021,1.0,0.9989169587781389,0.999728597196987,0.9937060673686117,0.9905723035743003,0.9905723035743003,0.9945677732251211,0.9750727741318153,0.990338524010668,0.9937315426073707,0.9944278051837597,0.9937594800999233,0.8051708088832258,0.7423387514861889,0.29270278043239356,0.9944374073617416,0.9944319121027487,0.9857022459203562,0.9937147908166907,0.40893513535569603,0.741583436981684,0.9844029510524633,0.9844029510524633,0.9843838391351342,0.9816877697283195,0.3262530204747711,-0.12427849258663269,0.9889782032745025,0.988949109569984,0.27225523754455433,-0.1933752786858505,0.9952717752569515,0.9960691617931644,0.8131013682903413,-0.3662579242685924,0.993067688370446,0.9962677646912824,0.7906661329879499,0.27319528888435923,0.993273426848693,0.9953180709476785,0.993273426848693,0.8884780827871985,0.6404519080835539,0.9116546998066907,0.9112085021193306,0.8058998594619766,0.37099358453816195,-0.17715285227413485,0.20047248979618448,0.942123486357924,0.37418275652275174,0.9704421984234705,0.9675442328046673,0.9780963950822668,0.9896288487461116,0.9112057153317977,0.9323680975991628,0.9333644126813861,0.9266601853074472,0.927021553027296,0.9278892384273502,0.927021553027296,0.875429676281418,0.9109261922525552,0.9119106108110961,0.9109261922525552,0.9192405502455179,0.7315053454239935,0.8593760908079805,0.8606671866019311,0.8593760908079805,0.6874277584721038,0.14404392516614714,0.6708005112890579,-0.5584609399775705,0.5808445850118071,0.3452418466111903,0.5804198750106803,0.3452418466111903,-0.10578711628202098,0.9061021954438884,0.9358777931096834,0.9193845323286801,0.9106062089615204,0.27915847574313163,0.9019553465480147,0.9028607671702059,0.9019553465480147,0.8926926301481215,0.8926926301481215,-0.10601303812555132,0.608124854676583,0.17028608700456233,-0.6774230779642245,-0.5922190554043519,-0.5958521649671861,-0.1281422104462502,0.11270032525836894,0.20723274323191976,0.014676310406001954,-0.5428384262698398,-0.012551632877788486,-0.8019935455941437,-0.28166248085301393,0.1498500262985841,0.15132401287256836,-0.5741733437268621,-0.5781076813358562,-0.2682199159576205,-0.5206870561308165,-0.8192058910270898,-0.398469939233022,-0.39106824721670475,-0.398469939233022,-0.22001522650627725,-0.33563307828586564,-0.33563307828586564,-0.8053227110090164,-0.8053227110090164,0.3703937104578384,0.6177299968646979,0.8469330961729851,0.8319782497567855,0.7497254807169386,-0.3327169467179808,0.7388148830494979,0.7725655392198066,0.7728475009548086,0.7725655392198066,-0.18395416047598756],[0.9980097824184821,0.9957348335554211,0.5879385239066147,0.9989169587781389,1.0,0.9980097824184821,0.9972415017774025,0.9957593341217664,0.9957593341217664,0.9974404186747164,0.9676120901900784,0.9964895768553005,0.9972581702501842,0.9973354897784977,0.9972838035467331,0.7237965037571907,0.6373446801468186,0.0869902907028999,0.9977208394651416,0.9977208013765112,0.9876896278252786,0.9972460239999754,0.05581275918959744,0.7226879736804721,0.9924607914010068,0.9924607914010068,0.9924227085048745,0.9904470134614336,0.10292965177207934,-0.10682857092798098,0.9873551683625506,0.9872878606782606,-0.0205676245488342,-0.09317683507368886,0.9978185772593767,0.9977489838984648,0.8041254268473503,-0.4877502749493693,0.9976864990113266,0.9980845856602377,0.6984375546815685,0.0627688059956584,0.9977641599801732,0.9977692952600913,0.9977641599801732,0.9026948446243906,0.6047674337003002,0.9257784106133032,0.9144839346639911,0.7820945801474402,-0.08630609331188123,-0.5864509679974615,-0.1898058718931012,0.9313754067794944,0.22793690115886042,0.9663154977680061,0.966338730721613,0.9806062403020156,0.99014987701049,0.9105625670506482,0.9152857550706325,0.9244508825980935,0.9147668016153652,0.9228898090321382,0.9232703956044047,0.9228898090321382,0.8520377154280642,0.8697696502810028,0.8708755903590812,0.8697696502810028,0.9087619331343813,0.8237034919069548,0.8899625961285085,0.8907531515790993,0.8899625961285085,0.6485090625514283,0.5339740453798779,0.6375240621340521,-0.5755885732148154,0.6319632588736762,0.6118526814244016,0.6109227044255947,0.6118526814244016,-0.12108095955245246,0.8895066104861004,0.913554617923557,0.8983759715665782,0.9182984011639791,0.12506244571171002,0.8888559562119533,0.8898784204675125,0.8888559562119533,0.894925330124789,0.894925330124789,-0.14448170201127336,0.6550810393642744,0.025149521170696625,-0.7067234698282097,-0.6393448382578174,-0.6401313280531902,-0.15918511874765295,0.13597906592222722,-0.1822461097497017,-0.23176447668725914,-0.6128225297152977,-0.3707244398954272,-0.8479786086045337,-0.5571721970624514,0.1198839922945023,0.12120676888693553,-0.5996597287518899,-0.5720052722113863,-0.5426656799628374,-0.5580764994444033,-0.7769366002798468,-0.5939146336976953,-0.5967668579879885,-0.5939146336976953,-0.25789748940040524,-0.36855429327361344,-0.36855429327361344,-0.7455937836043361,-0.7455937836043361,0.35914107037050286,0.6005187898661194,0.8006281015204305,0.7877998582457926,0.7404734268482012,-0.4587906887743284,0.5995577963996115,0.6640652248508915,0.664416619721751,0.6640652248508915,0.04296681730803024],[1.0,0.9999885719286258,0.6612008050695013,0.999728597196987,0.9980097824184821,1.0,0.9924400953014291,0.988854559981519,0.988854559981519,0.993088486542442,0.9770075272265153,0.9870084754185044,0.9924757646469478,0.9928838539337865,0.9925271547889108,0.8060547505508128,0.743611485300053,0.3075012172827747,0.9933559304457205,0.9933475181256934,0.9856043773523826,0.9924659932050687,0.41752474592226896,0.7372369420713709,0.9818529803450659,0.9818529803450659,0.9818344402281481,0.97558535296735,0.3303951796422761,-0.11813260207788523,0.9896495762479912,0.9896122282378409,0.2800907098529568,-0.1931449664098443,0.9947349243109688,0.9953394551345903,0.84658388406027,-0.3618338280614158,0.9906870541762035,0.9953158119952223,0.7922760876868394,0.28828753086317427,0.9948759095912165,0.9948698529494887,0.9948759095912165,0.8908815860080423,0.6527047891303027,0.9072424037040113,0.9136602299276769,0.8232882501121572,0.3759600167220024,-0.17214122618954622,0.20588234302807515,0.9475353091776123,0.3899987142829979,0.9748968590739991,0.9704609161930323,0.9802512153753665,0.989728855555601,0.9305554387713193,0.9380560271932514,0.9451608921996993,0.9300898777805827,0.9424821176304168,0.9431300894395118,0.9424821176304168,0.8825758559307507,0.9220992106699918,0.9230017124931168,0.9220992106699918,0.9221559371522899,0.7865495661828111,0.8949963055433088,0.8962886508219753,0.8949963055433088,0.6947173719572074,0.3748450080876297,0.6796515035697442,-0.5540328698013879,0.5851492369197582,0.6087496966934747,0.6091105644932681,0.6087496966934747,-0.09968916922545673,0.9106473059259622,0.9422545147647439,0.9260483220756792,0.9318672493025594,0.2932692496304564,0.9058120257178573,0.9065918593212466,0.9058120257178573,0.9102815547778835,0.9102815547778835,-0.10151897715238185,0.588680868690779,0.16556127553365907,-0.6678128425653713,-0.5856695375200357,-0.5893867825228053,-0.11641794615898671,0.1170391160170055,0.21392511165186623,0.027489575144706117,-0.5311855493357416,-0.006493910467753716,-0.796648501986332,-0.27422477180573507,0.15942958327198442,0.16084680539757454,-0.5678715665234214,-0.5816923146088536,-0.2673179074341691,-0.5108377090072151,-0.8179778067855472,-0.39737936108969163,-0.3894183260787116,-0.39737936108969163,-0.21195522880617268,-0.3265275790383972,-0.3265275790383972,-0.8059983488220628,-0.8059983488220628,0.3795920282449666,0.6290373225720215,0.8548724365522595,0.8396910205610018,0.7570396377808237,-0.32029265879561425,0.747850752268775,0.7814756800808682,0.7817582392480505,0.7814756800808682,-0.1987445255473014],[0.9924400953014291,0.984465732974863,0.6434480064839302,0.9937060673686117,0.9972415017774025,0.9924400953014291,1.0,0.9975468519294672,0.9975468519294672,0.9999714400172399,0.9615242352163786,0.9996880200795816,0.9999966406383601,0.9999870484357207,0.9999934687571245,0.8708552759446764,0.8591193752393058,0.2565996768025196,0.9998640401598421,0.9998642894884269,0.9900279155319887,0.9999968281844982,0.32620342282637305,0.7388738855597023,0.9859717840982875,0.9859717840982875,0.9870254511909089,0.9914098028539196,0.25614597904166986,-0.17746306163943004,0.9916291582946615,0.9915773280800289,0.1802384271554058,-0.23904743935860018,0.9993532361410531,0.9994673263462669,0.43795561140490913,-0.30754547554425454,0.9990574106495227,0.9994309988789405,0.8542656096078558,0.23577108126523072,0.94327735342646,0.9991070949341035,0.94327735342646,0.9122491316505841,0.612559177471716,0.9402176611663766,0.9202952257235999,0.747818466715266,0.4104023025175899,-0.11594101751066195,-0.19353439920235482,0.9301482677940693,0.3421594066978988,0.9680162190273105,0.963512509027027,0.9790872647958608,0.9956028552991035,-0.02837398869329895,0.877108983575469,0.837903715058125,0.8826952867888486,0.8326155972337772,0.7962266982642123,0.8326155972337772,0.8161936589309399,0.8014272909495141,0.7903921176180123,0.8014272909495141,0.8754119445024469,0.3975431303685542,0.5995259789314139,0.6599115474199637,0.5995259789314139,0.6180574615677976,-0.341300092957641,0.5904267492132054,-0.6225919079176532,0.5126276667463815,-0.08764728533065641,0.44827800324464584,-0.08764728533065641,-0.14656529467983956,0.8541644924420342,0.8762277717724346,0.8613298234590363,0.7716593192408513,0.2424837551963948,0.8533473790719351,0.8546655296888459,0.8533473790719351,0.7729035219053629,0.7729035219053629,-0.1800603462255954,0.6966646150694534,0.23643526845644952,-0.6845089498295195,-0.6315826825435498,-0.6347851588741459,-0.17045544108219107,0.06388993811315931,0.32400801944301266,-0.015010603310748723,-0.5563468143317065,0.04946392646750117,-0.8282432152487698,-0.17981615440920978,0.0855644137353738,0.08705138045146513,-0.6156626713984068,-0.5886690251110158,-0.10403510240597097,-0.5920317244909586,-0.8334718844466625,-0.3904877179561694,-0.22401926793759672,-0.3904877179561694,-0.2891403799084539,-0.37679383967643254,-0.37679383967643254,-0.8256522306088775,-0.8256522306088775,0.3606593303431068,0.5847820143068138,0.5068450950569185,0.801616843295295,0.7361357939716382,-0.38166706803314954,0.067234526333747,0.7470611011153999,0.7663758490135993,0.7470611011153999,-0.11816260789207374],[0.988854559981519,0.978511188515325,0.6351856693967021,0.9905723035743003,0.9957593341217664,0.988854559981519,0.9975468519294672,1.0,1.0,0.9995714219956148,0.9550009458570223,0.9987682067088431,0.9982851451987372,0.9994188852819001,0.9991663192774158,0.8682752092738512,0.8480464873111537,0.23503832261922802,0.9992077285605119,0.9992096557479683,0.9874675226241794,0.9992995750415713,0.30108420714742845,0.7402138826524419,0.992890786649822,0.992890786649822,0.9851913862586771,0.9887783872049491,0.23883783379340734,-0.190571785811313,0.9879622815987933,0.991394463205583,0.16182742966993605,-0.24484680527374558,0.9983397954341443,0.9983247371045028,0.4207386732584753,-0.3139233755584778,0.9972213022002298,0.9982710851411629,0.8519246727945744,0.2138202733458877,0.9360747195460164,0.9981689753929985,0.9360747195460164,0.9098910395212776,0.5977281692542215,0.9404914661083437,0.9176792134220657,0.7269898226761634,0.3976860985157009,-0.1305845931605083,-0.2057433257300061,0.9219008838206836,0.3220050797461039,0.9634579550840446,0.9584752415338977,0.9741393830447566,0.9946061757545989,-0.03769416614266949,0.8670453142830169,0.8232441908598072,0.8752006435920958,0.8190422873722281,0.7846981026373352,0.8190422873722281,0.8049804356757496,0.7840108233157229,0.7776041303567235,0.7840108233157229,0.8681619846200425,0.37942053973685197,0.5806662861253405,0.6445235974943562,0.5806662861253405,0.6064121163015498,-0.35532124839766177,0.5771547177912839,-0.6295763833557787,0.5057044316479383,-0.10876252274351154,0.4330737279359017,-0.10876252274351154,-0.15293064714421162,0.8454370135936281,0.8637278935611455,0.8503109502494199,0.7578017275773403,0.22496797442760888,0.8451878476760102,0.8466737830107897,0.8451878476760102,0.7569525782445807,0.7569525782445807,-0.1944130285076714,0.7191632513327734,0.24321185003922474,-0.6935780053717002,-0.6437127805644594,-0.6467367511403578,-0.18475724478123554,0.05663167795568447,0.3170079529220405,-0.03386706910423114,-0.5685250547512773,0.04023285882719369,-0.8337557912809075,-0.18627749875634048,0.07085816440961826,0.07237062717586483,-0.6267268079945122,-0.589568058921291,-0.11081674009432951,-0.6078623325141809,-0.8328432233250895,-0.4016306251371929,-0.23015599293005673,-0.4016306251371929,-0.30578216794706065,-0.38986602631110645,-0.38986602631110645,-0.8234919795217849,-0.8234919795217849,0.3421318511632674,0.5684590653416314,0.488640783607412,0.784171351127099,0.7238907453827419,-0.40247814930819426,0.05361642806830056,0.7283165446894904,0.750877181565808,0.7283165446894904,-0.10129683623569016],[0.988854559981519,0.978511188515325,0.6351856693967021,0.9905723035743003,0.9957593341217664,0.988854559981519,0.9975468519294672,1.0,1.0,0.9995714219956148,0.9550009458570223,0.9987682067088431,0.9982851451987372,0.9994188852819001,0.9991663192774158,0.8682752092738512,0.8480464873111537,0.23503832261922802,0.9992077285605119,0.9992096557479683,0.9874675226241794,0.9992995750415713,0.30108420714742845,0.7402138826524419,0.992890786649822,0.992890786649822,0.9851913862586771,0.9887783872049491,0.23883783379340734,-0.190571785811313,0.9879622815987933,0.991394463205583,0.16182742966993605,-0.24484680527374558,0.9983397954341443,0.9983247371045028,0.4207386732584753,-0.3139233755584778,0.9972213022002298,0.9982710851411629,0.8519246727945744,0.2138202733458877,0.9360747195460164,0.9981689753929985,0.9360747195460164,0.9098910395212776,0.5977281692542215,0.9404914661083437,0.9176792134220657,0.7269898226761634,0.3976860985157009,-0.1305845931605083,-0.2057433257300061,0.9219008838206836,0.3220050797461039,0.9634579550840446,0.9584752415338977,0.9741393830447566,0.9946061757545989,-0.03769416614266949,0.8670453142830169,0.8232441908598072,0.8752006435920958,0.8190422873722281,0.7846981026373352,0.8190422873722281,0.8049804356757496,0.7840108233157229,0.7776041303567235,0.7840108233157229,0.8681619846200425,0.37942053973685197,0.5806662861253405,0.6445235974943562,0.5806662861253405,0.6064121163015498,-0.35532124839766177,0.5771547177912839,-0.6295763833557787,0.5057044316479383,-0.10876252274351154,0.4330737279359017,-0.10876252274351154,-0.15293064714421162,0.8454370135936281,0.8637278935611455,0.8503109502494199,0.7578017275773403,0.22496797442760888,0.8451878476760102,0.8466737830107897,0.8451878476760102,0.7569525782445807,0.7569525782445807,-0.1944130285076714,0.7191632513327734,0.24321185003922474,-0.6935780053717002,-0.6437127805644594,-0.6467367511403578,-0.18475724478123554,0.05663167795568447,0.3170079529220405,-0.03386706910423114,-0.5685250547512773,0.04023285882719369,-0.8337557912809075,-0.18627749875634048,0.07085816440961826,0.07237062717586483,-0.6267268079945122,-0.589568058921291,-0.11081674009432951,-0.6078623325141809,-0.8328432233250895,-0.4016306251371929,-0.23015599293005673,-0.4016306251371929,-0.30578216794706065,-0.38986602631110645,-0.38986602631110645,-0.8234919795217849,-0.8234919795217849,0.3421318511632674,0.5684590653416314,0.488640783607412,0.784171351127099,0.7238907453827419,-0.40247814930819426,0.05361642806830056,0.7283165446894904,0.750877181565808,0.7283165446894904,-0.10129683623569016],[0.993088486542442,0.984326175720025,0.583873038224687,0.9945677732251211,0.9974404186747164,0.993088486542442,0.9999714400172399,0.9995714219956148,0.9995714219956148,1.0,0.9605125054286555,0.9996545325169011,0.9999725128894453,0.9999715939416101,0.99997600425373,0.7589249145860817,0.675747707553807,0.13941643447019675,0.9998208293715317,0.9998214938867289,0.9899191582881183,0.9999697156068458,0.10676570308174509,0.7142752297473227,0.9952782738559874,0.9952782738559874,0.9952354639596624,0.9912900292484523,0.08778510972607051,-0.11773305835686784,0.9907105554208332,0.9906707668179355,-0.002114833816223336,-0.1983816418139833,0.9994014986614281,0.9993603651802262,0.8096847149377019,-0.48450419541702333,0.9989946356421423,0.9994071147430855,0.7347010271743364,0.11557477965716115,0.9992663447628738,0.9992715264664895,0.9992663447628738,0.9118909328175925,0.6130770428154686,0.9399988629570291,0.9199203144483165,0.7472911229342145,0.014748506342889205,-0.5389512011331552,-0.1453730829813955,0.926159233902551,0.28784337352402983,0.9640723504365889,0.9635321287269148,0.9811481904248887,0.9948439485954412,0.8857207643208493,0.8779320566805365,0.9007191364252112,0.8836815097322112,0.8991698066795064,0.8997435854228121,0.8991698066795064,0.8157014970555311,0.8519830571974351,0.8533997823952316,0.8519830571974351,0.8767946609587431,0.7883365511062935,0.8625876332080824,0.8637373218029313,0.8625876332080824,0.6177465564237096,0.4645583689110711,0.5896408752411907,-0.6298169309096011,0.5663175452389384,0.5341871631722077,0.5338790720078083,0.5341871631722077,-0.10317070645947558,0.8548850251706713,0.8761643055486049,0.86174616465398,0.8941244819085908,0.15879224131948977,0.8586704119060885,0.8605106648552684,0.8586704119060885,0.8648756620018744,0.8648756620018744,-0.18175237837437538,0.6979437794347828,0.05198259941936159,-0.6963717756431356,-0.6663987115632467,-0.6675735820137467,-0.17394942355210832,0.06719165975168043,-0.187207355640821,-0.19871886947397557,-0.5964035211593074,-0.3982242390594285,-0.8662590126823767,-0.5920337683056792,0.08493767271030446,0.08649596045152927,-0.6172125827509896,-0.5847785808254469,-0.5526312133137203,-0.5936710273618466,-0.8013058580636886,-0.6170498340457623,-0.6193137771944621,-0.6170498340457623,-0.2908914977356603,-0.37996747729354907,-0.37996747729354907,-0.7814868334723301,-0.7814868334723301,0.3609115962551893,0.5832085280584711,0.8114002296988004,0.8000429522526733,0.7343511823861122,-0.40874591851163056,0.6332206880521561,0.6892947429659491,0.6894630550939921,0.6892947429659491,0.11804725426647382],[0.9770075272265153,0.971002596886611,0.5450668020118721,0.9750727741318153,0.9676120901900784,0.9770075272265153,0.9615242352163786,0.9550009458570223,0.9550009458570223,0.9605125054286555,1.0,0.9458566920349257,0.961545478121692,0.96156740961052,0.9612697746817253,0.5673772866827829,0.4725050332778204,-0.0831075466171938,0.9658406362022445,0.9658201410192601,0.9616577837577133,0.9616501096613439,0.028086525454079452,0.7539575942054982,0.9630853803904006,0.9630853803904006,0.9632578436077718,0.8943967877909482,0.18901424341543252,-0.10216648665040148,0.9683515862713077,0.9684534666609275,0.1516097551501809,0.058359060824849034,0.9693753366794842,0.9696142868616364,0.885417868594167,-0.37699913215382375,0.9540404846343776,0.9685833279731323,0.5380875586815242,-0.10398710915535798,0.9704596942985426,0.9704288862852141,0.9704596942985426,0.8161753906843657,0.4127053476692869,0.8311952010630388,0.9011199581332334,0.8556069100036876,-0.5132066643807046,-0.6777443626872891,-0.23597737733322066,0.8911379765916493,-0.016137576027231572,0.9199815973974661,0.9200452220177495,0.9390401894920369,0.9666114508912759,0.8890735862000315,0.8901420758235746,0.9070259641637113,0.8919085226182824,0.9004551302107062,0.9010353066556511,0.9004551302107062,0.8471276999430538,0.830060854772219,0.8316624045172186,0.830060854772219,0.8861193493003948,0.9008300102858682,0.8843587669083477,0.8849306260771719,0.8843587669083477,0.7011507539651731,0.6324933341384329,0.7021127914727479,-0.31054105734132215,0.7192283118661786,0.734861074298808,0.7370695082499157,0.734861074298808,-0.2629371683909645,0.8891176506078389,0.9406760720617782,0.9032756775553576,0.9010413327738617,0.00723638030892861,0.8830169722054417,0.884014336555855,0.8830169722054417,0.8913820009177952,0.8913820009177952,0.03954648525264566,0.4002932326652233,-0.11773198237626631,-0.631583757712795,-0.43057522580872687,-0.4328678219989328,-0.03647197092617618,0.4183077182983427,0.03201620309453688,-0.1576297446215261,-0.5143163664299107,-0.08213206769773708,-0.7959197361226678,-0.24488784773631017,0.29491141950410893,0.2946686606252417,-0.4011119220469703,-0.43287832997832454,-0.3643455243871741,-0.3743885828259706,-0.6640078009206066,-0.384154777511878,-0.3864027239832551,-0.384154777511878,-0.10885951592944777,-0.41989630491515395,-0.41989630491515395,-0.5397633026829962,-0.5397633026829962,0.5097062376444321,0.6460491112164581,0.7480856174073153,0.6840407783085919,0.8116939754853758,-0.49823702024654104,0.39060050739158547,0.532407005360707,0.5327081551062681,0.532407005360707,-0.1683923887467988],[0.9870084754185044,0.9857801951672885,0.9954887403409868,0.990338524010668,0.9964895768553005,0.9870084754185044,0.9996880200795816,0.9987682067088431,0.9987682067088431,0.9996545325169011,0.9458566920349257,1.0,0.9996886356462826,0.9996844451692052,0.9996566478706891,0.3421968522008347,0.24447686528925963,-0.49712946964321314,0.9998012068919061,0.9998035702353381,0.9996933688929173,0.9996929525000935,-0.23525824219256308,0.9717881518973778,0.9946538134433894,0.9946538134433894,0.9946353446570567,0.9933033165573409,0.1082184740285401,0.09573621092044476,0.9916944243609489,0.9917412658570366,0.8773616258693425,0.03455048717654374,0.9990427869594616,0.9989976500316265,0.9988727152316266,0.9993896857581904,0.9994239757869781,0.9990782978626978,0.2903449709110437,-0.5054648475809266,0.9988214353934692,0.9988293742748703,0.9988214353934692,0.9061789233772157,0.45147476306225964,0.9363533171760443,0.9174720836707937,0.7479000733463311,-0.4339959710877898,-0.6096249242239845,0.8131057787513187,0.8418887792337149,-0.33981388256295425,0.9310944129082173,0.9313072595309512,0.9697953455943183,0.9934665336130596,0.89825033740659,0.9049683350557327,0.8820392353568672,0.8837825516421045,0.8881195191971608,0.8887262863505457,0.8881195191971608,0.7678325826976279,0.7364917422259029,0.7386118273406861,0.7364917422259029,0.9045514873584573,0.9106926351496691,0.903555721414234,0.9045937926047148,0.903555721414234,0.49929849539697724,0.43694094416823065,0.5399691328612927,0.6378054202816228,0.5359902131350013,0.56636478159015,0.568255747075522,0.56636478159015,-0.34723628297060527,0.8444860679714149,0.8794493453685963,0.8660395496310198,0.9048006967685468,-0.305548405951911,0.8396347763437566,0.8399850788890222,0.8396347763437566,0.8496240536123256,0.8496240536123256,-0.23422270879189167,0.6906680280183318,-0.38461004788432074,-0.7861211379668829,-0.5339886467248467,-0.5366797114944413,-0.41358083316252103,0.2134392029057663,-0.2980076140932613,-0.5150870970308521,-0.7417991417539658,-0.3911453000532256,-0.5953684143453419,-0.4617153268278573,0.07752955818608555,0.07494819711446002,-0.5572269410306574,-0.5277427322717685,-0.5486299692936288,-0.5840628942084545,-0.5777496564204065,-0.5519877649251979,-0.5550216355347191,-0.5519877649251979,-0.4288254408133987,-0.6193955996259274,-0.6193955996259274,-0.6155326603043946,-0.6155326603043946,0.35738039514082015,0.33121793599145405,0.4639666277947093,0.5607772798997449,0.5199151235938358,-0.571531164428186,0.29652620385775413,0.28078831192224,0.28097203538470505,0.28078831192224,0.23910637665427234],[0.9924757646469478,0.9845002865930259,0.6434647304504406,0.9937315426073707,0.9972581702501842,0.9924757646469478,0.9999966406383601,0.9982851451987372,0.9982851451987372,0.9999725128894453,0.961545478121692,0.9996886356462826,1.0,0.9999906063215334,0.9999951450786525,0.8708441747506401,0.8499169045597997,0.2566561057756404,0.9998653910221066,0.9998655957509625,0.9900620163279599,0.9999974083215017,0.32650555453331254,0.7389283680193929,0.9910383520304711,0.9910383520304711,0.9870166140751542,0.9913981363000667,0.2563958489072506,-0.17741118915688064,0.9916627028489055,0.9915870487001899,0.18046235644985853,-0.23901366572667423,0.9993550004273144,0.9994704407092319,0.4379306157474634,-0.30734255843552355,0.9990598610525684,0.9994385308113819,0.8542448545432693,0.23583359007089313,0.9432631815058282,0.9991093398288522,0.9432631815058282,0.9122658768035073,0.6126967864734296,0.9403611767747899,0.9204300926277204,0.7479160242805252,0.41077160055109424,-0.11551656815447653,-0.1931845829037526,0.9302131725092768,0.3422240636003992,0.9681004827296562,0.9635647201323849,0.9791684910319712,0.9956167651715812,-0.028193040945447015,0.8772301689146715,0.8379892579094381,0.8827979435926386,0.8326993124863312,0.7961718700534224,0.8326993124863312,0.8162753950678979,0.801476179072834,0.7903320656770874,0.801476179072834,0.8755430974083119,0.3974246996937699,0.5995279399797215,0.6598289320955935,0.5995279399797215,0.6180108764834082,-0.34132034692996477,0.5903966045835926,-0.6224948595150185,0.5125350625232785,-0.0877718196955964,0.44830897876016723,-0.0877718196955964,-0.1467114265121567,0.8542306056272542,0.8763317441277829,0.861409638432619,0.7716524481978612,0.24254091199766348,0.8534207412625023,0.8547346039701398,0.8534207412625023,0.7729642330478482,0.7729642330478482,-0.18000753706630856,0.6966994313290112,0.23654807395793517,-0.6845416645653537,-0.6315029930935935,-0.6347104833883097,-0.1705331700495186,0.06377177000724073,0.32417044847955345,-0.014997563305240613,-0.5564008262163825,0.04971121014942189,-0.827998026717097,-0.17953978911586055,0.08563471258299461,0.08713563617891608,-0.6156487595515333,-0.5884787050369361,-0.1038023131204827,-0.5920023175093101,-0.8333720060281102,-0.3902776346575396,-0.22382715033711742,-0.3902776346575396,-0.288981287022183,-0.3767599801310768,-0.3767599801310768,-0.8256027350136252,-0.8256027350136252,0.36109965192654003,0.584897928358532,0.5070786483992991,0.8018570968287736,0.7361913832070316,-0.38147037888126867,0.06750356883956679,0.7472994681698554,0.7664850757527294,0.7472994681698554,-0.1181905587087455],[0.9928838539337865,0.9844438674364349,0.6363225485473489,0.9944278051837597,0.9973354897784977,0.9928838539337865,0.9999870484357207,0.9994188852819001,0.9994188852819001,0.9999715939416101,0.96156740961052,0.9996844451692052,0.9999906063215334,1.0,0.9999879803336452,0.8115506886278555,0.7437041343829635,0.25853815811422787,0.9998879744981871,0.9998885646373211,0.9900523344456253,0.9999879687915724,0.32820883125343464,0.7350479306443167,0.9939985190143769,0.9939985190143769,0.9939635035914537,0.9913383226078111,0.2514023122055163,-0.17774227150449234,0.9919501080600907,0.9919561992122308,0.2037043084758719,-0.23844338635148526,0.9995273180329889,0.9994702821696855,0.8479034524501631,-0.3980564687386671,0.9990556741235905,0.9994426941258672,0.7935368653176507,0.2377494360333435,0.9994208336418977,0.9994253717888452,0.9994208336418977,0.9120813716901199,0.6128110360226903,0.9402035122632818,0.9202601355403616,0.7474943823893749,0.290916688623788,-0.28569573142596333,0.10443810006300006,0.9300858410758944,0.34277936691096017,0.9650798487288482,0.9635835856890753,0.9777122698961171,0.9958401990036511,0.8927028014018334,0.8764971800532655,0.9054136842946999,0.8827673666877088,0.9044683947192305,0.9052756037095944,0.9044683947192305,0.8154751991599594,0.8719689311172968,0.8733605845260627,0.8719689311172968,0.8753992397339919,0.7715415259292621,0.8678774995024463,0.869418996728554,0.8678774995024463,0.6175258321921946,0.46686424892724754,0.5890397901889397,-0.6256244718587941,0.5111227574145861,0.5162169375266243,0.5171307592498213,0.5162169375266243,-0.14866813317693753,0.8540989108586164,0.8759817103406198,0.8609197530180265,0.8993853400610534,0.24475979363455255,0.8533705842760716,0.8549156610120427,0.8533705842760716,0.8630805837537631,0.8630805837537631,-0.180373976027408,0.6964366024843697,0.15116228486804023,-0.6834461327695674,-0.6311430170020066,-0.6341615526114968,-0.17050299974420408,0.0628882650035476,0.09947033547515839,-0.01341951263557513,-0.5549202443297473,-0.13775534269184406,-0.8392125754042464,-0.39898917385925525,0.0852872720277014,0.0868847209007147,-0.615694781484372,-0.5877585897103397,-0.3952531118209092,-0.5917665920313449,-0.8266623407408586,-0.5085319454364832,-0.5042717692445703,-0.5085319454364832,-0.28823023743631854,-0.3768329547276977,-0.3768329547276977,-0.8174728358638925,-0.8174728358638925,0.36022200796184056,0.5850027336040167,0.8204946422504354,0.8055422145195871,0.7366569277679981,-0.3809597519960311,0.699565604215325,0.7358434673356208,0.7359306185602036,0.7358434673356208,-0.08580520747102335],[0.9925271547889108,0.9843431896083652,0.6436521856326491,0.9937594800999233,0.9972838035467331,0.9925271547889108,0.9999934687571245,0.9991663192774158,0.9991663192774158,0.99997600425373,0.9612697746817253,0.9996566478706891,0.9999951450786525,0.9999879803336452,1.0,0.8630360600262175,0.8109910365762748,0.2567853241338485,0.9998680530951993,0.9998681395435828,0.9901947665592843,0.9999950875368656,0.3271628903313096,0.7387752444162997,0.9942166296951703,0.9942166296951703,0.9941245121638607,0.9913222671997431,0.256667594090112,-0.17744009311860945,0.9925154901803103,0.992558482190101,0.18119544545021235,-0.2388477858459361,0.999400614750923,0.9994696222541485,0.43697049597528925,-0.3065907818593808,0.9990167902694239,0.999440942005029,0.8522837911175782,0.23598481005047653,0.9428220607511966,0.9991601326448234,0.9428220607511966,0.9125216364209984,0.6133510498560881,0.9405524813935263,0.9206115797908828,0.747662987163165,0.4120966714765325,-0.11402846597949755,-0.19340078790273607,0.9305495808745876,0.3424898923753493,0.9684844959451157,0.9638654210877775,0.9794273456762452,0.9956566820350956,-0.02917706723725928,0.8774816884471778,0.8379039197822,0.8830138378297071,0.8326469150499153,0.795751144509411,0.8326469150499153,0.8164617478927462,0.801419298063466,0.7906919056467107,0.801419298063466,0.8758358250974351,0.39677266136302347,0.5990515873805579,0.6598316499309057,0.5990515873805579,0.6178793755443092,-0.3424405404326397,0.5903437107872066,-0.622676143951725,0.5121966032623939,-0.0887282235994668,0.4479771753913147,-0.0887282235994668,-0.14666654450706085,0.8543543685281735,0.8760849425874121,0.8615355180550379,0.7639528540786796,0.24291150297350533,0.8535118427301459,0.8548165830125303,0.8535118427301459,0.772779828716641,0.772779828716641,-0.18135464035674886,0.6974832924725278,0.237029815410908,-0.6845186890314962,-0.6318534159843737,-0.635065400757364,-0.17159165705254983,0.06263419333927664,0.3244891236447068,-0.015386857935886874,-0.5565960507815069,0.04980866589742048,-0.8272352334358539,-0.17937177507782154,0.08471129016779605,0.08621103868158948,-0.6162208807726216,-0.5886903016902086,-0.10324224492255459,-0.593123225182484,-0.833390145770596,-0.39021476036775915,-0.22329064024288175,-0.39021476036775915,-0.2898507893019887,-0.37718864607010744,-0.37718864607010744,-0.8259445402437209,-0.8259445402437209,0.36131643972825606,0.5845676331773996,0.5066000329299495,0.8022867975737581,0.7356503762775906,-0.3810433409183169,0.06687459513054275,0.7477078321815088,0.7670921928904032,0.7477078321815088,-0.11791012104343163],[0.8060547505508128,0.24753952475597105,0.4368255510084186,0.8051708088832258,0.7237965037571907,0.8060547505508128,0.8708552759446764,0.8682752092738512,0.8682752092738512,0.7589249145860817,0.5673772866827829,0.3421968522008347,0.8708441747506401,0.8115506886278555,0.8630360600262175,1.0,0.9938775668157758,0.41460488200590434,0.8462915354260082,0.8462733103853495,0.7859517756705359,0.8620826848100208,0.32998253947976897,0.4490392380085426,0.8542199243790602,0.8542199243790602,0.8410266940561227,-0.058590752746200646,0.19233010248873197,-0.17869973069882802,0.8890274574585023,0.8868012124152144,0.15425568306731768,-0.2422566039359347,0.8675763275402982,0.7791294568276006,0.284850313614551,-0.3188314647007466,0.3578847313164826,0.7521816935727031,0.9984003441279597,0.3968524663858405,0.7942021060961881,0.8673226937227263,0.7942021060961881,0.326501977151231,0.5609676864339113,-0.07520998772870767,-0.09185027605002391,0.19145094364017462,0.4036797639799336,-0.06149548009078321,-0.21010266083960805,0.7632575315074164,0.40348427723727365,0.8643235456927247,0.7702022214371894,0.8403177762532867,0.8551618572068673,-0.09885680050024884,0.2764855811530842,0.6382044452743723,0.5386559460620397,0.629281722