var element=document.getElementById("correlationClose");if(element.style.display!='none'){var correlationClose={"data":[{"type":"heatmap","z":[[1.0,0.9999898170906362,0.6913777273007025,0.9997475534768908,0.9981607451142069,1.0,0.992849593852544,0.989617769430868,0.989617769430868,0.9933865757733898,0.9776488030274212,0.9874403231524489,0.9928828954979406,0.9932449570648604,0.9929275700771257,0.7368042773421797,0.6527838046562933,0.2541098959312172,0.993663091225406,0.9936577316114745,0.9857947690526387,0.992874890765154,0.3789847681093814,0.760201885846812,0.9831369260990186,0.9831369260990186,0.983117771998588,0.976657587169956,0.3000043348375188,-0.14541941067543543,0.9894631687382527,0.989425371045189,0.25131509525983703,-0.22192383969133944,0.9948941751124365,0.9953067586376909,0.858473396025716,-0.3506380047404833,0.9908232783268714,0.9953221161703538,0.7171301021202171,0.2345781930497574,0.9950152740463369,0.9950122183202863,0.9950152740463369,0.9032270406959086,0.6546818001137205,0.9240577930031094,0.9278732770359065,0.8453556952888279,0.37891698687926456,-0.18449745462506698,0.2197125994702802,0.9510336119107939,0.37006442120947486,0.975474049809345,0.9719593924516216,0.9813970524850832,0.9896724353895288,0.9357544060830519,0.9443720361577125,0.9484065820463612,0.936060806770534,0.9456964403339302,0.9463197457069396,0.9456964403339302,0.895032074413061,0.9269576428053349,0.9277955630575994,0.9269576428053349,0.9300561225953761,0.8051212737563991,0.9034299034336252,0.9045893119010995,0.9034299034336252,0.7262950793863074,0.4119467725454734,0.7148291908996929,-0.5350473548044181,0.6201513977894969,0.6351853659907257,0.6354812835436333,0.6351853659907257,-0.0875623631009526,0.9181583778541441,0.9477680766711304,0.9335102978726214,0.9371155566982116,0.24971769033360397,0.9130051970931561,0.9135895633497155,0.9130051970931561,0.9169491287642266,0.9169491287642266,-0.09286757742145413,0.6001341916593323,0.1457476786102257,-0.7007282081736147,-0.596735196286372,-0.6006254005319318,-0.14891718774478466,0.14333026628906728,0.1971395350477647,-0.014557740401119701,-0.5761493592258863,-0.03222759438534147,-0.7979922844005655,-0.3015522463586968,0.16883307807517192,0.17031068453629256,-0.5782334836406942,-0.574030888049052,-0.2891150858624341,-0.5208537392968742,-0.8137761116373897,-0.41641883615417874,-0.4088851499881909,-0.41641883615417874,-0.23886997270751778,-0.35885786861777,-0.35885786861777,-0.8019107230587403,-0.8019107230587403,0.42853984272501905,0.6289016417889737,0.8508086925727989,0.840657054801496,0.7545980966842757,-0.3428977610849759,0.7466406610441418,0.7746815980436415,0.7748366610990653,0.7746815980436415,-0.17085554072319056],[0.9999898170906362,1.0,0.98225406115555,0.999523086672805,0.9961081995661945,0.9999898170906361,0.9854306787220808,0.9803970838408762,0.9803970838408762,0.9853393531675472,0.9736168829788269,0.9863252644824058,0.9854645332186079,0.9854160505082167,0.9853165278041336,0.0771648887197377,-0.015389429670680055,-0.4571591214297315,0.9885997449448445,0.9885957443739017,0.98551061435768,0.9855146417584254,-0.18625563325268352,0.9805774711855432,0.9807825904658861,0.9807825904658861,0.9808105242916053,0.976805958675036,0.06939759076180337,0.09430268138342925,0.9830290838364335,0.9830679972160573,0.7469544316152503,0.056789580012632304,0.9909362024616774,0.9909577094776062,0.9914598149044845,0.9864396786086168,0.9899747720492545,0.990968052412253,0.02871375423188869,-0.4616322616666035,0.9915244777283746,0.9915231015333644,0.9915244777283746,0.9029262349672469,0.5017696259970895,0.9240134773889925,0.9276955766401209,0.8448793219856783,-0.2601856299532551,-0.4795372148221208,0.8496164477047182,0.8923865639402232,-0.26029444515150957,0.9423392849507187,0.9424712092031374,0.9626510554913517,0.9787477011122545,0.9555341869972236,0.9608122840715408,0.9468236985036553,0.9484298245913684,0.9499369332249233,0.9503212191950186,0.9499369332249233,0.8720305182938339,0.8473616695668845,0.8487415108720607,0.8473616695668845,0.9576541218339802,0.9604823942527606,0.9575844749160387,0.9582739789807356,0.9575844749160387,0.6653859374814254,0.6193514541155168,0.7006459519782563,0.7654172092087681,0.6812415797875448,0.7029221463914285,0.7039823940880717,0.7029221463914285,-0.12548637968190024,0.9244645963797373,0.9439528152551788,0.9374311915222872,0.9601735518719857,-0.31627623642071484,0.9212345290367403,0.9213781629359903,0.9212345290367403,0.9271823346364401,0.9271823346364401,-0.17741910489440535,0.6003503607927321,-0.3724248338296995,-0.7921957800656887,-0.46372320290061203,-0.46773054654922996,-0.39232145604905705,0.28330058079297166,-0.2674523979330503,-0.5066283769767275,-0.745716454420931,-0.36449436213372394,-0.47445038735174905,-0.42875901718518045,0.13762690253091056,0.1351272886674354,-0.4898359039064035,-0.4575521150882505,-0.4859140023148729,-0.517578366695333,-0.5095370806561086,-0.488362179646918,-0.4916634050086723,-0.488362179646918,-0.3764791795882335,-0.5453370720991371,-0.5453370720991371,-0.5117640843157898,-0.5117640843157898,0.42646801706064286,0.3652521159546636,0.49840017622430877,0.6130451916332106,0.5234984245234751,-0.44462306887312814,0.3824170205476854,0.31035844579412586,0.3105634186199577,0.31035844579412586,0.19361387676766506],[0.6913777273007025,0.98225406115555,1.0,0.688621867009184,0.6288241193257932,0.6913777273007025,0.6709293179438997,0.6638666961334835,0.6638666961334835,0.6215330339797069,0.5876134162189335,0.9949008215724976,0.6709456380209322,0.6666127483442997,0.6710798183662294,0.39229073233571193,0.3535988434155238,-0.22433324668094018,0.635829074207852,0.6351508341901803,0.6043428137207489,0.6700621852759211,0.16264034153754828,0.8054963353300152,0.6519559742776438,0.6519559742776438,0.6517324325328849,0.9885524754730037,0.2763832588967132,0.09104958058619862,0.6283296334151511,0.6279660465007675,0.6297315404496306,-0.05298064588658995,0.6665405273426899,0.6150039131431054,0.6304253202699149,0.2884672164079303,0.9933187967469548,0.6113929551441739,0.37702552486634594,-0.2337859818767839,0.6834031372465602,0.6645655358673338,0.6834031372465602,0.9003514706962211,0.41509279474265814,0.9381329209654777,0.9182923926409957,0.7528782132371976,0.22788013110283079,-0.07616125581517397,0.052672092190596397,0.561951295398049,-0.08450446790653067,0.6121793533553049,0.5862892621505159,0.6054960543741711,0.569617951577662,0.02187383383081275,0.8146524252501084,0.7502779123819426,0.6737432119704408,0.7558610438885768,0.7755624094767728,0.7558610438885768,0.573224481915365,0.6712643034261937,0.7171038115197963,0.6712643034261937,0.7250260481492299,0.6918023193137011,0.7434806648733672,0.7829778340456958,0.7434806648733672,0.4629621181295916,-0.08507976195324139,0.4786526083155683,0.08967767111673897,0.4521099272153979,0.26624116030393974,0.5158760568927209,0.26624116030393974,-0.13982702121222926,0.6504293060672071,0.8935333449298402,0.7147588371688486,0.7846510536068708,-0.08264511064190004,0.6850771191284671,0.6846573845068693,0.6850771191284671,0.7400003520439765,0.7400003520439765,-0.19265247290987902,0.7054589069083447,-0.18017373016402483,-0.7180172837695061,-0.45238017310331097,-0.456358700037257,-0.4342470836025347,0.11883283154098823,0.019639495305429713,-0.35119887738372035,-0.6981573093483024,-0.17967411511310255,-0.3372439655422125,-0.2867569680012432,0.053748448626318224,0.05221609298833084,-0.4990474249960448,-0.07907356103444926,-0.2702510813790893,-0.5190978134756877,-0.2226344134672662,-0.4171449538747453,-0.2999707993818651,-0.4171449538747453,-0.4295068954462078,-0.5534798893525503,-0.5534798893525503,-0.31976603298669615,-0.31976603298669615,0.37669732309120385,0.2110289894447151,0.2957896145553689,0.5323155113499237,0.30321583040578715,-0.39530490622549047,-0.0052803734235454996,0.46189887859439505,0.559938074069046,0.46189887859439505,0.004278998554822532],[0.9997475534768908,0.999523086672805,0.688621867009184,1.0,0.998983146124475,0.9997475534768907,0.9939868507668315,0.9911840804030145,0.9911840804030145,0.9947301965681579,0.9759479025266438,0.9904256728832848,0.9940105265742668,0.9946434234152164,0.9940329950114202,0.7359668246426299,0.65151157973336,0.239787649517004,0.9946253552193068,0.9946228868651864,0.9858535068687201,0.9939963789246419,0.37048019170931434,0.7643502927104093,0.9854788274423876,0.9854788274423876,0.9854589346641511,0.9822355754735148,0.2957262520123224,-0.15135721349747777,0.988744544310783,0.9887143456892071,0.24346605332518242,-0.22225200960235203,0.9953454386141893,0.9959561935209177,0.8272361990688492,-0.35481328487242164,0.9929734363114466,0.9961797643005564,0.7156697297686732,0.2199872145828224,0.9934905852506666,0.9953802957302303,0.9934905852506666,0.9011740259514801,0.643030185850592,0.9270429424848562,0.925015372690988,0.8301825071936654,0.3743498596871829,-0.1890257724697611,0.21479147590340342,0.9460307439078931,0.3548441804096968,0.9712058815827193,0.9692505781868054,0.9793498688405179,0.9894916428159685,0.9183624601033525,0.9393766639066907,0.9379598087418205,0.9330375060602485,0.9320265784886237,0.9328369379119194,0.9320265784886237,0.8887304293129831,0.9171356526285064,0.9180419131257058,0.9171356526285064,0.9274487345604011,0.7551746252717201,0.8712172967516489,0.8723894892708088,0.8712172967516489,0.7199058479152428,0.16971103155646589,0.7070065041461195,-0.539644966811317,0.6163411994900667,0.371795804489061,0.6082474979577331,0.371795804489061,-0.09332140020799602,0.9141902752273697,0.9423145906169429,0.9276510855622186,0.9178955478184214,0.2360365835117893,0.9096785030839464,0.9103789348177979,0.9096785030839464,0.9012971132448934,0.9012971132448934,-0.09715674795053458,0.6179735598049642,0.1506958455637482,-0.7094877437842622,-0.6029134806374618,-0.6067232924479699,-0.1600264388398469,0.1392850444893131,0.19091981117980536,-0.026900631320419168,-0.5868325008964279,-0.03780553592561372,-0.8029825667329205,-0.30859638118245003,0.15975995633298803,0.16129070451432242,-0.5841780232545175,-0.5706994400237421,-0.289574744215465,-0.5301098450077842,-0.8148339486348485,-0.4171686011624067,-0.41018419374778653,-0.4171686011624067,-0.24641859783581785,-0.3673849882655115,-0.3673849882655115,-0.8011640151932649,-0.8011640151932649,0.41991628506965206,0.6183096000015311,0.8431005934258219,0.8332487564107905,0.7478195675284586,-0.3546852526657714,0.7379390447770205,0.766043701592578,0.766196295528147,0.766043701592578,-0.15631341975236757],[0.9981607451142069,0.9961081995661945,0.6288241193257932,0.998983146124475,1.0,0.9981607451142069,0.997288699672812,0.9959963268010723,0.9959963268010723,0.9975022383996014,0.9696574471533554,0.9964654442793868,0.9973050491815701,0.9973766856410545,0.9973272261243136,0.6307040862379164,0.5203418160601812,0.03316507229215778,0.9976880503161479,0.997690140371814,0.9880852393763816,0.9972948053247015,0.012346777403719832,0.7492692929818101,0.9928600445920558,0.9928600445920558,0.9928215318639084,0.9908342229773965,0.07040309870733064,-0.13530317248710996,0.987450246326611,0.9873806370711334,-0.049541319091397404,-0.1278394438209634,0.997758791939491,0.9976822181356636,0.8216559686008487,-0.4699030283214723,0.9976111062462066,0.9980149655482591,0.5976145465147941,0.009072830899882122,0.9977010736873666,0.9977076511279399,0.9977010736873666,0.9137523822182192,0.6096363182646358,0.9365349293491707,0.9246625429397735,0.8085959215778167,-0.06952636966738442,-0.5868476881700664,-0.16156231279798752,0.936846161232794,0.20973777091167467,0.9684409640889478,0.9684655766565667,0.9822936019019817,0.9900883160502487,0.9175911240242662,0.923071248419017,0.9285946735872663,0.9217240185778066,0.9269832113195734,0.927358868635456,0.9269832113195734,0.8671379465799767,0.8795950261145463,0.8805995940096859,0.8795950261145463,0.9173675562996433,0.840499879445573,0.8995917040200875,0.9002617199833736,0.8995917040200875,0.6846418002962984,0.582164516827681,0.6761377372904329,-0.5469906673522746,0.6646710965526821,0.6466294536419047,0.6459156936823198,0.6466294536419047,-0.10416979756666382,0.898630560484297,0.9215513458769198,0.9081006407901469,0.9249460159003449,0.0815008107038157,0.8976089323394225,0.8984805661130918,0.8976089323394225,0.9027059888156815,0.9027059888156815,-0.13402673338337562,0.6621394865723784,0.0052600125351970105,-0.7358862174119869,-0.6465783723128942,-0.6476651680698406,-0.1887647005507558,0.16263973270420498,-0.19427406603190656,-0.2689998812942107,-0.6503205542869795,-0.3896687502369788,-0.8434126207054804,-0.5746946532305646,0.1312079864088287,0.13259423997326028,-0.6080015674596838,-0.5660100092414243,-0.554671505749941,-0.5658344155800841,-0.7702216670189833,-0.6041632617531331,-0.6071333276760438,-0.6041632617531331,-0.2815839899474933,-0.39776793407456595,-0.39776793407456595,-0.7401544819562245,-0.7401544819562245,0.4084217870144652,0.6029091462477091,0.8014159816789684,0.7974290619167398,0.7402280741715542,-0.4760031318630237,0.6106718424126465,0.6624501402994614,0.662519589629699,0.6624501402994614,0.0712029269627856],[1.0,0.9999898170906361,0.6913777273007025,0.9997475534768907,0.9981607451142069,1.0,0.992849593852544,0.989617769430868,0.989617769430868,0.9933865757733898,0.9776488030274212,0.9874403231524489,0.9928828954979406,0.9932449570648604,0.9929275700771257,0.7368042773421797,0.6527838046562933,0.2541098959312172,0.993663091225406,0.9936577316114745,0.9857947690526387,0.992874890765154,0.3789847681093814,0.760201885846812,0.9831369260990186,0.9831369260990186,0.983117771998588,0.976657587169956,0.3000043348375188,-0.14541941067543543,0.9894631687382527,0.989425371045189,0.25131509525983703,-0.22192383969133944,0.9948941751124365,0.9953067586376909,0.858473396025716,-0.3506380047404833,0.9908232783268714,0.9953221161703538,0.7171301021202171,0.2345781930497574,0.9950152740463369,0.9950122183202863,0.9950152740463369,0.9032270406959086,0.6546818001137205,0.9240577930031094,0.9278732770359065,0.8453556952888279,0.37891698687926456,-0.18449745462506698,0.2197125994702802,0.9510336119107939,0.37006442120947486,0.975474049809345,0.9719593924516216,0.9813970524850832,0.9896724353895288,0.9357544060830519,0.9443720361577125,0.9484065820463612,0.936060806770534,0.9456964403339302,0.9463197457069396,0.9456964403339302,0.895032074413061,0.9269576428053349,0.9277955630575994,0.9269576428053349,0.9300561225953761,0.8051212737563991,0.9034299034336252,0.9045893119010995,0.9034299034336252,0.7262950793863074,0.4119467725454734,0.7148291908996929,-0.5350473548044181,0.6201513977894969,0.6351853659907257,0.6354812835436333,0.6351853659907257,-0.0875623631009526,0.9181583778541441,0.9477680766711304,0.9335102978726214,0.9371155566982116,0.24971769033360397,0.9130051970931561,0.9135895633497155,0.9130051970931561,0.9169491287642266,0.9169491287642266,-0.09286757742145413,0.6001341916593323,0.1457476786102257,-0.7007282081736147,-0.596735196286372,-0.6006254005319318,-0.14891718774478466,0.14333026628906728,0.1971395350477647,-0.014557740401119701,-0.5761493592258863,-0.03222759438534147,-0.7979922844005655,-0.3015522463586968,0.16883307807517192,0.17031068453629256,-0.5782334836406942,-0.574030888049052,-0.2891150858624341,-0.5208537392968742,-0.8137761116373897,-0.41641883615417874,-0.4088851499881909,-0.41641883615417874,-0.23886997270751778,-0.35885786861777,-0.35885786861777,-0.8019107230587403,-0.8019107230587403,0.42853984272501905,0.6289016417889737,0.8508086925727989,0.840657054801496,0.7545980966842757,-0.3428977610849759,0.7466406610441418,0.7746815980436415,0.7748366610990653,0.7746815980436415,-0.17085554072319056],[0.992849593852544,0.9854306787220808,0.6709293179438997,0.9939868507668315,0.997288699672812,0.992849593852544,1.0,0.9976657503519074,0.9976657503519074,0.9999723027905527,0.9645732790250809,0.9997068947772768,0.999996805155479,0.9999879077092649,0.9999938216743253,0.8242172117287336,0.8093014843573676,0.2101124369353757,0.9998707116649792,0.9998710711116922,0.9905602645795046,0.9999969580859099,0.29404157201774317,0.7595504104813062,0.9866673652513361,0.9866673652513361,0.9878848590567657,0.9924231947063344,0.23085536219430272,-0.20050492078474833,0.9916710803104495,0.9917107925042348,0.15647047621407556,-0.26414713526155104,0.9993810233982903,0.9994989214294397,0.46801435578218104,-0.29992994696982384,0.9991531543481988,0.9994710160642095,0.8023436423856719,0.18903011004548984,0.9471007335994344,0.9991460748488166,0.9471007335994344,0.92193757423305,0.6180705851799735,0.9449943623521587,0.9245525617495168,0.7766592586589091,0.4157182463455389,-0.12645603305212033,-0.18280241878623263,0.9350716723006289,0.3268710643774182,0.9694011958021918,0.9660030439070059,0.9804713573494844,0.9956203233343798,-0.002993896819755432,0.886911538051768,0.8497660121321795,0.8908963829887667,0.8448561998309725,0.8103941824617035,0.8448561998309725,0.8327480986744561,0.8161765352179703,0.8052001373428254,0.8161765352179703,0.8856232606678209,0.43401188187647977,0.6281066961705635,0.681094931890071,0.6281066961705635,0.6536052122227255,-0.3315861715997128,0.6304161802594443,-0.6059076498039538,0.550498351762766,-0.06950348431324614,0.4804315500082108,-0.06950348431324614,-0.13382064726874585,0.8646143432661819,0.8864904357761345,0.8729616388589079,0.7860350321467148,0.20491833283396096,0.8632165578880363,0.8642771672163467,0.8632165578880363,0.7905881700616196,0.7905881700616196,-0.1690985415423295,0.7023999799023093,0.22583912303039397,-0.7121663128976432,-0.6410370484638338,-0.6444104820705514,-0.198047436111461,0.09084486179553937,0.3131195747536583,-0.05203675947877154,-0.5949945236541673,0.02906613449890615,-0.8295944194308115,-0.2043152678139049,0.09798768332157644,0.09952947636446895,-0.6244795625140638,-0.58398164725237,-0.12378671163893108,-0.5991322779286745,-0.8307893412855102,-0.4075005546647949,-0.2438722379028472,-0.4075005546647949,-0.3104523370909671,-0.4044451639279296,-0.4044451639279296,-0.8227825273109672,-0.8227825273109672,0.40743235198164657,0.5893716604842113,0.51384407226424,0.8057119344566669,0.7379243653978016,-0.4005147150447236,0.07432726268764385,0.744771225254427,0.7635963963523238,0.744771225254427,-0.09529850013858535],[0.989617769430868,0.9803970838408762,0.6638666961334835,0.9911840804030145,0.9959963268010723,0.989617769430868,0.9976657503519074,1.0,1.0,0.9996007633575633,0.9585661515216417,0.9988541312980039,0.9983800397109414,0.9994444906372736,0.9992147169795718,0.8208852484992141,0.7968174779234105,0.1886025940847582,0.9992423710172671,0.9992444497188789,0.9881027624664677,0.9993395537994859,0.26917426268439426,0.7614367314913163,0.9933065611851739,0.9933065611851739,0.9862034557917431,0.9901189213947458,0.2136251823439958,-0.21333213035433315,0.9880396904665498,0.9914598643586383,0.13825414386322007,-0.2700015566211828,0.9984093363082427,0.9984144741732831,0.4521341432242052,-0.30583263082405987,0.9974942022016552,0.9983820955636882,0.7991374734733945,0.16716876409593864,0.9404557807640684,0.9982401151872481,0.9404557807640684,0.9199312686814961,0.6037255607721492,0.9457588041216491,0.9233021867882686,0.7586028100700886,0.40337036910539337,-0.14065683728593753,-0.19434655510763102,0.927448254133195,0.3070433985976571,0.9650143124617436,0.9612985323377891,0.9758475297934025,0.994580520082452,-0.011561782845783084,0.8787232379556299,0.8369829033064486,0.884635693425066,0.8331189562922169,0.7998902111680847,0.8331189562922169,0.8232667161023998,0.8009354852171351,0.7936367990806387,0.8009354852171351,0.8795234725034625,0.4175244191112781,0.6110835818646736,0.666955290637422,0.6110835818646736,0.643915743132886,-0.3447860785688647,0.6191891271393916,-0.611938566029965,0.5448017785220076,-0.089504063261119,0.4666018657983562,-0.089504063261119,-0.13960485898237385,0.8574064190412962,0.8765312969845368,0.8638885768522987,0.7731949197584743,0.1873509821398121,0.8565676707578685,0.8577857516822104,0.8565676707578685,0.7766420801809322,0.7766420801809322,-0.18251049555934,0.7227839825199236,0.23203034296766237,-0.7210678654657978,-0.6524543653719971,-0.6556593450532522,-0.211926712203371,0.08430135589690475,0.30603011146230963,-0.07065120217396113,-0.6068379080891434,0.019823369651418662,-0.8344923759410247,-0.21080524780809,0.08403510790669858,0.0856018451231396,-0.634865294674929,-0.5845530852480784,-0.13055368069497447,-0.6138651005784836,-0.8297056284616982,-0.4182631219090163,-0.2499699958900019,-0.4182631219090163,-0.32631611122706516,-0.4169576004216151,-0.4169576004216151,-0.8202089623669748,-0.8202089623669748,0.3909687499439083,0.5736870482138727,0.49625379757847415,0.7888566323117662,0.7260720228419868,-0.4204351466774479,0.06126005963911521,0.7264139016613099,0.7483328677964726,0.7264139016613099,-0.07853066474432034],[0.989617769430868,0.9803970838408762,0.6638666961334835,0.9911840804030145,0.9959963268010723,0.989617769430868,0.9976657503519074,1.0,1.0,0.9996007633575633,0.9585661515216417,0.9988541312980039,0.9983800397109414,0.9994444906372736,0.9992147169795718,0.8208852484992141,0.7968174779234105,0.1886025940847582,0.9992423710172671,0.9992444497188789,0.9881027624664677,0.9993395537994859,0.26917426268439426,0.7614367314913163,0.9933065611851739,0.9933065611851739,0.9862034557917431,0.9901189213947458,0.2136251823439958,-0.21333213035433315,0.9880396904665498,0.9914598643586383,0.13825414386322007,-0.2700015566211828,0.9984093363082427,0.9984144741732831,0.4521341432242052,-0.30583263082405987,0.9974942022016552,0.9983820955636882,0.7991374734733945,0.16716876409593864,0.9404557807640684,0.9982401151872481,0.9404557807640684,0.9199312686814961,0.6037255607721492,0.9457588041216491,0.9233021867882686,0.7586028100700886,0.40337036910539337,-0.14065683728593753,-0.19434655510763102,0.927448254133195,0.3070433985976571,0.9650143124617436,0.9612985323377891,0.9758475297934025,0.994580520082452,-0.011561782845783084,0.8787232379556299,0.8369829033064486,0.884635693425066,0.8331189562922169,0.7998902111680847,0.8331189562922169,0.8232667161023998,0.8009354852171351,0.7936367990806387,0.8009354852171351,0.8795234725034625,0.4175244191112781,0.6110835818646736,0.666955290637422,0.6110835818646736,0.643915743132886,-0.3447860785688647,0.6191891271393916,-0.611938566029965,0.5448017785220076,-0.089504063261119,0.4666018657983562,-0.089504063261119,-0.13960485898237385,0.8574064190412962,0.8765312969845368,0.8638885768522987,0.7731949197584743,0.1873509821398121,0.8565676707578685,0.8577857516822104,0.8565676707578685,0.7766420801809322,0.7766420801809322,-0.18251049555934,0.7227839825199236,0.23203034296766237,-0.7210678654657978,-0.6524543653719971,-0.6556593450532522,-0.211926712203371,0.08430135589690475,0.30603011146230963,-0.07065120217396113,-0.6068379080891434,0.019823369651418662,-0.8344923759410247,-0.21080524780809,0.08403510790669858,0.0856018451231396,-0.634865294674929,-0.5845530852480784,-0.13055368069497447,-0.6138651005784836,-0.8297056284616982,-0.4182631219090163,-0.2499699958900019,-0.4182631219090163,-0.32631611122706516,-0.4169576004216151,-0.4169576004216151,-0.8202089623669748,-0.8202089623669748,0.3909687499439083,0.5736870482138727,0.49625379757847415,0.7888566323117662,0.7260720228419868,-0.4204351466774479,0.06126005963911521,0.7264139016613099,0.7483328677964726,0.7264139016613099,-0.07853066474432034],[0.9933865757733898,0.9853393531675472,0.6215330339797069,0.9947301965681579,0.9975022383996014,0.9933865757733898,0.9999723027905527,0.9996007633575633,0.9996007633575633,1.0,0.9636290419960847,0.9996724284805164,0.9999732774658743,0.999972439469126,0.9999762967039844,0.6771013604219849,0.570636484019272,0.09024950375292198,0.9998284789677682,0.9998293385906173,0.9904738202732197,0.9999707722944075,0.06800008581822042,0.7390138262778371,0.9956301007560647,0.9956301007560647,0.9955901257959838,0.9923089364278832,0.05846093651681267,-0.14377744424169728,0.9910370208111985,0.990996329258823,-0.028367737169876187,-0.2258273354110674,0.999435077688041,0.9993942625555383,0.8251877911524601,-0.4697171441060723,0.9990942633292532,0.9994436601540055,0.6457664336410618,0.06637401723591317,0.9993085229350611,0.9993138209485734,0.9993085229350611,0.921618915364174,0.6184777013784716,0.9447849027505101,0.9242068119559745,0.7762388489504188,0.02771101921478697,-0.5420263590980056,-0.12044642760332093,0.9315553999822224,0.2720201753495195,0.9664152860177625,0.9660076477409155,0.9825886195236903,0.9949381459994591,0.8935099204828881,0.8877729461908772,0.905603085059649,0.8919733976501703,0.9039471920458085,0.9045146056867618,0.9039471920458085,0.8325573976210088,0.861389734264729,0.862670958954061,0.861389734264729,0.887029117580043,0.8060761688707013,0.872982479641528,0.8740046022070431,0.872982479641528,0.6536198821466646,0.5149648689156154,0.6299748967100315,-0.6050875850961602,0.6016120146787781,0.5722064584647578,0.5721391322400028,0.5722064584647578,-0.08819828912550906,0.8655207055793407,0.8865784504590616,0.8735338639738083,0.9015457692017065,0.11931156730615347,0.8683497935343364,0.8699737169491895,0.8683497935343364,0.8735919820868168,0.8735919820868168,-0.17063638609801907,0.7028710680093648,0.0326879971978952,-0.723637212465051,-0.6736990149171233,-0.675106764133335,-0.2015027738430895,0.09419394833079439,-0.19869592002153305,-0.23463752044366884,-0.6323635831633934,-0.4158261016205547,-0.8634787575585051,-0.607869213046474,0.09711906951638204,0.09905303365212216,-0.6259049858508892,-0.5801181889024295,-0.5648679761032989,-0.6006103004385412,-0.7965503928312143,-0.6272190480097674,-0.6295801347543838,-0.6272190480097674,-0.3121846116050592,-0.40753270598981656,-0.40753270598981656,-0.777214382987295,-0.777214382987295,0.40606841406182764,0.5873765465201368,0.8125004176538753,0.8081483039996948,0.7357708835475817,-0.4270328638033692,0.641766683580715,0.6879966497379217,0.6881859447876529,0.6879966497379217,0.14142067973097702],[0.9776488030274212,0.9736168829788269,0.5876134162189335,0.9759479025266438,0.9696574471533554,0.9776488030274212,0.9645732790250809,0.9585661515216417,0.9585661515216417,0.9636290419960847,1.0,0.9514245361667316,0.9645922698389845,0.9646220016399489,0.9643408429394932,0.450813629506443,0.3385864143300981,-0.13856852263826608,0.9685447316025816,0.9685252973405746,0.964692562840091,0.964684445815063,-0.020708392284253828,0.775742533446117,0.9660386790656478,0.9660386790656478,0.9661972428531963,0.9080010003102144,0.1492448667292348,-0.13122591748975088,0.9708506713269873,0.9709454625017041,0.11744715676952573,0.006459606530896658,0.9717741257781368,0.971999123574527,0.8950224208285349,-0.35118364622740433,0.958781829876183,0.9710478595065927,0.41319148907813236,-0.15861359466695021,0.9727670803314079,0.9727375474629686,0.9727670803314079,0.8367161882735863,0.42350827766954513,0.8541146938087071,0.9109584275295022,0.8721417887352643,-0.486896870298691,-0.6734631683464325,-0.19979603598283444,0.9001290471861193,-0.03730820648584029,0.9265291756290897,0.9265867051600633,0.942620680921707,0.9692516979073432,0.8944622472744227,0.8963098162492642,0.9074788287652592,0.8974113384655402,0.9010071522246373,0.9015564011917933,0.9010071522246373,0.8568369680531605,0.8354691366982667,0.836835421033628,0.8354691366982667,0.8934727561549869,0.9064683314937884,0.8915498150541976,0.8920010752714642,0.8915498150541976,0.7291481740778013,0.6678425900972721,0.729951497179943,-0.26867702376063873,0.7432711422300307,0.7576780102688597,0.7598034981474618,0.7576780102688597,-0.24532904784080956,0.8935390268268165,0.9405480001075802,0.9065533027242856,0.9060962894485365,-0.03735793138614693,0.887897061489187,0.8886682560227431,0.887897061489187,0.8948786323653383,0.8948786323653383,0.039135165240366795,0.42951999743897806,-0.13836407907813317,-0.6654599957939787,-0.4447793650527803,-0.44736695896149437,-0.07339026010817198,0.4332058765310505,0.010618750820718297,-0.20033561281517548,-0.5579926454410857,-0.11353256340681733,-0.7919924628291793,-0.278448780866913,0.29786330987870796,0.2980058502407676,-0.4163458503513568,-0.43225537551532944,-0.38270845861965874,-0.3940848410151404,-0.6582432958819702,-0.40213327266364235,-0.404513521048204,-0.40213327266364235,-0.13908890450371217,-0.44858096791879615,-0.44858096791879615,-0.5423805616044554,-0.5423805616044554,0.5416731456369922,0.6466871196254957,0.7521280548525971,0.7026835560405441,0.8105183963639638,-0.513707880268902,0.4127751876023636,0.5329207643569784,0.5332657527317779,0.5329207643569784,-0.12958418038630776],[0.9874403231524489,0.9863252644824058,0.9949008215724976,0.9904256728832848,0.9964654442793868,0.9874403231524489,0.9997068947772768,0.9988541312980039,0.9988541312980039,0.9996724284805164,0.9514245361667316,1.0,0.9997067754513761,0.9997041917397014,0.9996789525513071,0.18988714866008755,0.08704552907775122,-0.5308232367502153,0.9998176937530523,0.9998195253104994,0.9997101332904869,0.9997090366370328,-0.276808763646007,0.9743452806427958,0.9951646706977038,0.9951646706977038,0.9951467310005383,0.9941038282842378,0.0629911250195581,0.05682854754911716,0.9923898450622508,0.9924351637177843,0.7969039053193775,-0.025881951324705985,0.9991312788700916,0.999092425369184,0.9989790767447575,0.9994400144469633,0.9994785684028513,0.9991681853285206,0.13481319261150598,-0.5384709480287254,0.9989320511820723,0.9989385460541124,0.9989320511820723,0.9164310654735726,0.4601937850068855,0.9406200613742371,0.920588607965326,0.7763051018780369,-0.38332320939862496,-0.5935483214360177,0.8300989909318455,0.8589300777426417,-0.347059973566131,0.9380351693021541,0.9382285134814163,0.9714449647929538,0.9940722772603773,0.9064584179353685,0.9118201555060039,0.8899011499048206,0.8941761115980399,0.8945326954550884,0.8950670720492535,0.8945326954550884,0.7935969124438218,0.7631987385183903,0.7649113154038195,0.7631987385183903,0.9134099849408785,0.9188415999644443,0.9122628008327022,0.9131187385747398,0.9122628008327022,0.5634541571263018,0.5083527388819654,0.5979809819668943,0.6790352676859146,0.5860118505180937,0.6130786798278446,0.6151849476888382,0.6130786798278446,-0.3006129466982477,0.8591391202519483,0.8884749782188435,0.8777410893419855,0.9129541713114314,-0.3399982134035434,0.8549448577623251,0.8551501970855723,0.8549448577623251,0.8631250472330856,0.8631250472330856,-0.22216879200278872,0.6966349526239763,-0.3940582800192221,-0.8085116895382748,-0.536654278421963,-0.5397070091154167,-0.43388339065054343,0.2370755854917683,-0.3061420999230987,-0.5386855715459027,-0.7676787960729624,-0.4077969893504815,-0.5903500197719621,-0.4821881414855311,0.08861183563049245,0.08656937197824918,-0.5586625879968445,-0.5315372791032428,-0.5527091425759435,-0.5887185969282662,-0.582031767218153,-0.5562152853050992,-0.5593392608370008,-0.5562152853050992,-0.4437154218469088,-0.6334126660520947,-0.6334126660520947,-0.6240822640075865,-0.6240822640075865,0.4021439593317182,0.3385001478697084,0.4772203222124648,0.5871746185088578,0.5260051248692377,-0.5763004057944466,0.3234982544272552,0.2851770744789539,0.285423895143425,0.2851770744789539,0.2679980914141594],[0.9928828954979406,0.9854645332186079,0.6709456380209322,0.9940105265742668,0.9973050491815701,0.9928828954979406,0.999996805155479,0.9983800397109414,0.9983800397109414,0.9999732774658743,0.9645922698389845,0.9997067754513761,1.0,0.9999912005226526,0.9999953989433592,0.8242068464340396,0.7966848730435934,0.21016185127959114,0.9998720121604662,0.9998723232263451,0.9905914323661145,0.9999975249543368,0.29433369072151816,0.7596035896901446,0.9915497621567523,0.9915497621567523,0.9878766240986093,0.9924122010873339,0.23109754103924976,-0.2004556598516947,0.9917190501290462,0.991719827809137,0.1566874005759279,-0.2641149110381875,0.9993825668539414,0.99950169818925,0.4679906953005309,-0.29973309739485976,0.9991544772424326,0.9994776135060788,0.8023215400275672,0.18908532118719537,0.9470876439418658,0.9991480974734394,0.9470876439418658,0.9219391574906255,0.618195740367432,0.9450884729194247,0.924631128106875,0.7767383648637749,0.4160728730336271,-0.12604674376580313,-0.1824644471779186,0.9351300857245369,0.32692903374725146,0.9694798971684645,0.966050166142522,0.980546914585264,0.9956334895950316,-0.0028190162974543282,0.8870261870331445,0.8498444790306094,0.8909967598046094,0.8449331923390816,0.8103444569813519,0.8449331923390816,0.8328335078659391,0.8162207967346526,0.8051457441632056,0.8162207967346526,0.8857499884741571,0.43390198547924885,0.6281085593544837,0.6810186310551872,0.6281085593544837,0.6535746213413587,-0.33160531776666774,0.6304038086148792,-0.6058134647818214,0.5504187520003315,-0.06962363375552176,0.48046155915063954,-0.06962363375552176,-0.13395845824027597,0.8646835699848046,0.8865906621588298,0.8730413051051982,0.78602890921837,0.2049702721002213,0.8632891144516985,0.8643459437426001,0.8632891144516985,0.7906442653237526,0.7906442653237526,-0.16903793911528042,0.7024216364920907,0.2259473942396924,-0.7121999727747784,-0.6409568117578741,-0.6443350872327115,-0.19812331865750069,0.09073567797770872,0.31327783974281853,-0.05202500404307145,-0.5950480999005668,0.029306476181487545,-0.8293598919771098,-0.20404839037617847,0.09805673485600337,0.099612060529694,-0.6244614568130984,-0.583791448446447,-0.1235605962098934,-0.5990953450506153,-0.8306931761749909,-0.4072970509440041,-0.2436858682864443,-0.4072970509440041,-0.3102972875686867,-0.404413019533212,-0.404413019533212,-0.8227344137422137,-0.8227344137422137,0.4078702753267828,0.5894865045949347,0.5140699012463669,0.8059426304859443,0.7379788671208387,-0.4003263131966127,0.074588328086705,0.7450030419636874,0.7637026101938454,0.7450030419636874,-0.09532936672170968],[0.9932449570648604,0.9854160505082167,0.6666127483442997,0.9946434234152164,0.9973766856410545,0.9932449570648604,0.9999879077092649,0.9994444906372736,0.9994444906372736,0.999972439469126,0.9646220016399489,0.9997041917397014,0.9999912005226526,1.0,0.9999887997644533,0.7449057392700345,0.6557703628012106,0.21186253052877188,0.999894359169609,0.9998950279854378,0.9905824597105742,0.9999886802611003,0.294295046945158,0.7561922342726203,0.9944066892978581,0.9944066892978581,0.994374599920092,0.9923549031421625,0.22443074717303524,-0.2009349764789589,0.9921399540157515,0.9921439739386081,0.17870244060163343,-0.2635602839568814,0.9995524194498345,0.9995014662486745,0.8591340664053827,-0.3870939564055236,0.9991519104915998,0.9994817048206072,0.7210761759377166,0.1908149774329459,0.9994517072278039,0.9994563417700475,0.9994517072278039,0.9217901789483858,0.6183008366775491,0.9449122956659113,0.924415471458049,0.7764426440568394,0.2969719542451999,-0.2945918530859609,0.12131105660646621,0.9350126910325676,0.32738147692079017,0.9668614143411972,0.9660720610760022,0.9792297566421535,0.9958669448283689,0.8998698646378056,0.8863612154976072,0.9106949128677783,0.8909761301381464,0.9095078129645224,0.9102832368410223,0.9095078129645224,0.8321548357494284,0.8797041783394055,0.880980020567225,0.8797041783394055,0.8856214747056244,0.7894485911245076,0.8772395393489172,0.8786398158575476,0.8772395393489172,0.6532127392143122,0.5103501801524009,0.6292145362802324,-0.606366754639348,0.5491082520590361,0.5491116444214289,0.5500658640625541,0.5491116444214289,-0.13600688581836531,0.864602191054634,0.8862919355539077,0.8726156718485925,0.9062355705989276,0.20689940884831323,0.8632696866291453,0.8645250546448735,0.8632696866291453,0.8723224071520016,0.8723224071520016,-0.16935983078299802,0.701533715213852,0.13210945457976597,-0.7112820167590364,-0.6406165649464431,-0.643803673931475,-0.19812817411327344,0.08966526303460143,0.08607464668969798,-0.05058491876384665,-0.5938277427866375,-0.15939965340959317,-0.8396059333060961,-0.4211967023477862,0.09741934796223276,0.09938980933866522,-0.6245047386296239,-0.583096023341623,-0.4126226310889666,-0.5988747336895451,-0.8234627151939704,-0.5232645217262623,-0.5192704874574181,-0.5232645217262623,-0.30961639715210454,-0.40450325728066033,-0.40450325728066033,-0.8142455541199661,-0.8142455541199661,0.40556957991268505,0.5891868390429842,0.8194495148985844,0.8093172492027961,0.7380861367652646,-0.39998431743723906,0.7016158494332742,0.7323619073843988,0.7324626955838605,0.7323619073843988,-0.06294356741311924],[0.9929275700771257,0.9853165278041336,0.6710798183662294,0.9940329950114202,0.9973272261243136,0.9929275700771257,0.9999938216743253,0.9992147169795718,0.9992147169795718,0.9999762967039844,0.9643408429394932,0.9996789525513071,0.9999953989433592,0.9999887997644533,1.0,0.8137482487477482,0.7440885292869566,0.2103148971927232,0.9998749331154604,0.999875133473485,0.9907168299869802,0.999995281125999,0.2949993153731232,0.7594440078523331,0.9945809461523732,0.9945809461523732,0.994495407249286,0.992347606786836,0.23138566974181657,-0.2004733902248294,0.9926211491400216,0.9926619415104487,0.15741686075283143,-0.2639451689333589,0.999426675179466,0.9995014345734277,0.4670630309596629,-0.29902533201838194,0.9991164604790159,0.9994801643824731,0.7995974575190374,0.18925906028760228,0.9466713964304521,0.9991972054565667,0.9466713964304521,0.9221634021846673,0.6188273112711977,0.9452025082893757,0.9247129751493838,0.7764915004674081,0.4173580330089049,-0.12460614352111966,-0.18269059706123514,0.935442835191505,0.3271992027611112,0.9698470828481777,0.9663306805681924,0.9807887211159709,0.9956754890716469,-0.0037910106538471496,0.8872494288216156,0.8497462202455228,0.8911855193851669,0.844864371830808,0.8099188342996306,0.844864371830808,0.8330015609094519,0.8161404290729264,0.8054600988360671,0.8161404290729264,0.8860132141753593,0.43325912651809134,0.6276423750870803,0.6810034289799706,0.6276423750870803,0.6534394012989444,-0.3327069152667479,0.6303499006795534,-0.6060156849901727,0.5500878381388441,-0.07056217556246873,0.4801296780243663,-0.07056217556246873,-0.133924739369273,0.8647881979473908,0.886362725702021,0.8731554210996377,0.7790651390180813,0.20535169244124019,0.8633547794006325,0.8644023172870205,0.8633547794006325,0.7904534337866391,0.7904534337866391,-0.17031415230451,0.70317604250111,0.22642572410473163,-0.7121569107349863,-0.6412936652168161,-0.6446757952255489,-0.19912479767825544,0.0896360575968945,0.31360542930444923,-0.05237558382078756,-0.5952016329755943,0.029417270091691858,-0.8286456589896698,-0.2038713089149159,0.09717045644866117,0.098724482149707,-0.6250085588070168,-0.5839923219651585,-0.12300664960843526,-0.6001466939627931,-0.8307288110130594,-0.407231616218469,-0.24315668935509657,-0.407231616218469,-0.31111781984972164,-0.40481453983686516,-0.40481453983686516,-0.8230795536662774,-0.8230795536662774,0.408034656484689,0.5891749746547295,0.5136184272634458,0.8063621144226437,0.7374706192808314,-0.3999156006039234,0.07397639059826405,0.7454160927181827,0.7643109298261345,0.7454160927181827,-0.09507918752363317],[0.7368042773421797,0.0771648887197377,0.39229073233571193,0.7359668246426299,0.6307040862379164,0.7368042773421797,0.8242172117287336,0.8208852484992141,0.8208852484992141,0.6771013604219849,0.450813629506443,0.18988714866008755,0.8242068464340396,0.7449057392700345,0.8137482487477482,1.0,0.992370858188762,0.4246885913106108,0.7919693022952352,0.7919368024148364,0.7147398033413784,0.812413593617828,0.33502494397045557,0.3840653168729095,0.80624287480725,0.80624287480725,0.7915830752100403,-0.2070054033706869,0.19720026139799654,-0.16012056076394068,0.8491294958817829,0.8461013035731881,0.15975730400973143,-0.219371519840796,0.8195864586117152,0.7030420109346049,0.25942497001505266,-0.31718929522106404,0.20500004935336086,0.6690753323929798,0.9983457129931325,0.4075616706919321,0.7452642372220261,0.8192590767371388,0.7452642372220261,0.1520284929621228,0.5295905374229989,-0.2694073672709713,-0.2927659213934138,0.03440469125341558,0.39583243647788785,-0.05606929972539344,-0.2106441126158781,0.6903007157837107,0.4004765066825409,0.8182193371221337,0.6905976200697501,0.7809455143654584,0.8014997981739556,-0.1050541208938854,0.11013669772006082,0.5630190529688289,0.42133555077790197,0.552825167435541,0.6265328521489858,0.552825167435541,0.303830643919323