var element=document.getElementById("correlationClose");if(element.style.display!='none'){var correlationClose={"data":[{"type":"heatmap","z":[[1.0,0.9999850320960317,0.5991668450113892,0.9997117249463066,0.9976490470214349,1.0,0.9913659254824134,0.9871957315319493,0.9871957315319493,0.9920224420238152,0.974118734418408,0.9839422061707142,0.9914083608897325,-0.1127835773507847,0.9914693095759183,0.9320510501873998,0.9127186808898967,0.4057676574046067,0.9924243301809967,0.992409693694791,0.9844916941431158,0.9913951949058267,0.4512101267257138,0.6886684270876534,0.9791482466199952,0.9791482466199952,0.9791270150867388,0.9662995063831368,0.332343010263176,-0.11016644117906461,0.9896741203030653,0.9896400097386048,0.29338725138357896,-0.1847442424151005,0.9940971667237163,0.9948972310091457,0.8225700598880025,-0.3825149125923571,0.9887557884432923,0.9947217317222355,0.9297658788642201,0.38755397752158377,0.9942692373862715,0.9942566310168355,0.9942692373862715,0.8882057735777188,0.6645998833032412,0.8814027427012894,0.89207001647585,0.7973174145804215,0.3824013089044999,-0.14585063822603997,0.1937054623018097,0.9453655638550953,0.4377733151706249,0.9763771177628876,0.9710175701185633,0.9796591226027623,0.9897355309876014,0.9197581015362973,0.9204049596584505,0.9368669283800718,0.9157844228727564,0.933740025991767,0.934465903244608,0.933740025991767,0.8568199724282263,0.9108202735497187,0.9118695205661581,0.9108202735497187,0.9045806461900753,0.7500117443143252,0.8784051185655312,0.8799159691814854,0.8784051185655312,0.6394650512253173,0.3243404865632191,0.6186269210791641,-0.58419376730219,0.5192483810801987,0.5630800361722426,0.5639901722019742,0.5630800361722426,-0.10491257022761544,0.8921728509586737,0.9245973977602653,0.9066503803884282,0.9212083980287318,0.3949925903232557,0.8885899634297574,0.8896327007589372,0.8885899634297574,0.8961762489260199,0.8961762489260199,-0.14069387622061522,0.5708748685241637,0.1888913989894139,-0.5973834908971829,-0.5703980183326974,-0.5739973038457877,-0.06088959623948986,0.0809696316771953,0.2466891170712367,0.10291225693797987,-0.4351290057174228,0.03858912738806631,-0.7942487110641466,-0.22823841057037902,0.14448976758866966,0.14492808350988123,-0.5507518826081004,-0.5983172488055833,-0.23026847464636288,-0.49612048510355927,-0.8262006948414027,-0.36497166262303526,-0.35645685124465487,-0.36497166262303526,-0.1917341454005353,-0.27809355248435313,-0.27809355248435313,-0.8143353472746548,-0.8143353472746548,0.40295896381528107,0.651943022183909,0.8685738166369292,0.8488104980717672,0.7825182346278967,-0.27103951880706845,0.7615144895283359,0.8010270992453512,0.8013311511130821,0.8010270992453512,-0.23374987624039947],[0.9999850320960317,1.0,0.9730878923452907,0.9993049945967944,0.9944868058521052,0.9999850320960315,0.9803782502562867,0.972490536131979,0.972490536131979,0.9801449741797635,0.9626304751298521,0.982192416423265,0.9804302800022299,0.9803402684757424,0.9802320099722618,0.6836947793342812,0.6337718911114321,-0.31885156897481615,0.9852456398890573,0.9852223185775798,0.9804929137610114,0.9804861850529223,-0.1094504294152709,0.9719173077931021,0.9742830894827894,0.9742830894827894,0.9743477036345785,0.9664740164200357,0.10964106713489213,0.16973567021598185,0.9773981387975602,0.9774755067105375,0.9732535191232072,0.17910514819854334,0.988746175885576,0.9888151231140341,0.9895127709342316,0.9821889808684262,0.9874081645150509,0.9888155110510972,0.6622372722207823,-0.3249133337920426,0.9895787310313039,0.9895632249658264,0.9895787310313039,0.8882764140894686,0.5324651012286237,0.8816892783912198,0.8921381651371918,0.7966388591579399,-0.41000080097918395,-0.5344413030600641,0.8265061302665053,0.8597841410175794,-0.2071592389640671,0.9344723255046993,0.9345727285536266,0.9454968898625374,0.9735185266958775,0.932555885194594,0.9414943446133928,0.9218268002405333,0.921320126328322,0.9275740478916902,0.9282323193075548,0.9275740478916902,0.8024558239977087,0.7652383911232552,0.7674974620398306,0.7652383911232552,0.9355821557655821,0.9399562662187955,0.9356190960745286,0.9367200635314887,0.9356190960745286,0.49000748316392306,0.4306514036334129,0.5468164185953741,0.6490271156738203,0.5377758234985421,0.5725147151291556,0.5732774317882325,0.5725147151291556,-0.21553998439458882,0.8836394222111766,0.9162610936203913,0.9043943154545317,0.9390564927610291,-0.15828095838765951,0.8784753981598218,0.8788408797476849,0.8784753981598218,0.8884961956192118,0.8884961956192118,-0.23818502990015575,0.5719092134368949,-0.3696692592738557,-0.6973269772775245,-0.46640258173165133,-0.46980616893604626,-0.3235964008316839,0.24338444653050081,-0.22848591267686383,-0.42493156360169226,-0.6375771937597524,-0.3039400045620793,-0.4930974332738926,-0.3591052958054584,0.12317413785420037,0.11861400436264549,-0.49129823555927765,-0.44940724937254845,-0.47771674442835727,-0.5077645179180448,-0.5001135079676781,-0.4797554543622734,-0.48310458041463167,-0.4797554543622734,-0.3572417865395292,-0.5071012274186613,-0.5071012274186613,-0.4779415973980452,-0.4779415973980452,0.40293350137131634,0.40327471484889227,0.5149180983732363,0.5989335731062331,0.5657057382126057,-0.406393353646905,0.3742109038035957,0.35895291457727124,0.3590613636846186,0.35895291457727124,0.10805480547292341],[0.5991668450113892,0.9730878923452907,1.0,0.5936474621357921,0.4968747255025959,0.5991668450113891,0.5856282496431784,0.5750614232573218,0.5750614232573218,0.4979737961447981,0.4451510404678295,0.9966904068365803,0.5856540649948283,0.5098547110446715,0.585940980482584,0.5241783970508243,0.5428989393666054,-0.13392165457712593,0.5362876086469016,0.5353505711347492,0.49292340812555796,0.5845441757190125,0.2227739295549888,0.7250720473042109,0.556174078652984,0.556174078652984,0.5559108778537522,0.985845265218018,0.319987633993578,0.1795143035367707,0.5479745182130993,0.5475264030921841,0.7622029859619427,0.02304062222758473,0.5831727208446101,0.496568440554621,0.5633941208679594,0.34351477652051143,0.9942266225268804,0.4851763438173845,0.51939429496118,-0.1410376367880319,0.5994673542058176,0.5811322154019435,0.5994673542058176,0.8915919692101557,0.3928054599589849,0.9135935396529108,0.8823548945725377,0.6663676510468554,0.20303414185174617,-0.02828623095085858,0.053742068678976775,0.4525600537457732,-0.07947393672608256,0.5372201468667668,0.48101687271381877,0.510899536808044,0.465735152675078,-0.05480194300890672,0.7219425892544717,0.6665909822523433,0.5297445190370755,0.672071130327429,0.7249936370206898,0.672071130327429,0.39028199133413594,0.568790020736598,0.6563859915488994,0.568790020736598,0.6005613480989049,0.6345101906209962,0.6786830676739757,0.7433467084767645,0.6786830676739757,0.25524980059809455,-0.08655482640129616,0.27424321364436854,0.13129543077195355,0.27466172194149074,0.2612468373531059,0.4198392645368447,0.2612468373531059,-0.17371157153173095,0.48927964588510875,0.8319329153328653,0.572291518850285,0.7414126534298164,0.032711714677041696,0.5477230033018341,0.5475199956261566,0.5477230033018341,0.6540081796548308,0.6540081796548308,-0.2618309380755717,0.7217543653144302,-0.212832729635326,-0.5919682814126985,-0.40361562248678473,-0.40719144053596246,-0.39790018234537333,0.042082694617025546,0.024184984349983358,-0.2809066009029646,-0.5734057466151586,-0.14300774663384866,-0.2523632245429652,-0.2238569242660703,0.0058367431074186306,0.002490555584477131,-0.4621438034272448,-0.010665003716320858,-0.2318934368625871,-0.4930597014117525,-0.1385130061750975,-0.3721422534681203,-0.2491065405454852,-0.3721422534681203,-0.42408600190315043,-0.5148204823889849,-0.5148204823889849,-0.25761092576120853,-0.25761092576120853,0.33680301335237045,0.15452926326087843,0.25643291656706196,0.49776024957967574,0.23941052774881244,-0.3284856533128064,-0.03132096665766403,0.4514198725223486,0.5623654092124878,0.4514198725223486,-0.046630975028207046],[0.9997117249463066,0.9993049945967944,0.5936474621357921,1.0,0.9987303604830504,0.9997117249463063,0.9928687590237529,0.9891699934305586,0.9891699934305586,0.9938330610214062,0.9719958490654972,0.9883759103114033,0.9928996630081629,-0.1167415457988242,0.9929340238573006,0.932976878118387,0.9135637861483452,0.39139488915205406,0.9937158006860703,0.9937040724743428,0.9848316925261935,0.9928799023024917,0.4426875793560609,0.6923364438316636,0.9819808855336887,0.9819808855336887,0.9819597318582671,0.9750191721267902,0.32792353557636506,-0.11704042930954636,0.9892834964802977,0.9892593785294178,0.2853672029166181,-0.18525159065308308,0.9948237654828846,0.9958783086725235,0.7841935866335317,-0.38790623711023836,0.9919890647936148,0.9959421557991369,0.9298343942738693,0.3728351649319231,0.9925353028229362,0.9948879842514381,0.9925353028229362,0.8864230720988534,0.652016762810133,0.8884203297124643,0.889302526845522,0.7763075368754445,0.3770547939228462,-0.15156227010069534,0.18748804833655744,0.9396839502083832,0.42175035731054805,0.9720436906609662,0.9681955350970834,0.977641692676631,0.9899927204610198,0.8969621618226031,0.9125564962965056,0.9227686513652523,0.9112042444228418,0.9152341527163027,0.9162389554261209,0.9152341527163027,0.847782491483228,0.8978411552161227,0.8989956278338537,0.8978411552161227,0.9006019334141252,0.685890354088256,0.8366435942402635,0.8381862172355471,0.8366435942402635,0.6300642820644432,0.11121843264672997,0.6073882705861241,-0.5891713550555068,0.5132627233800934,0.3024334457819504,0.5327246930996399,0.3024334457819504,-0.11166403230525782,0.8860408533752236,0.9153024097567648,0.8976371804473009,0.8961762409577124,0.3814055365575097,0.8833515788654812,0.8845437712351369,0.8833515788654812,0.8752071296150604,0.8752071296150604,-0.14648965997727134,0.5954085037558842,0.19365994652062055,-0.6077109472367903,-0.5779156460262292,-0.5814188046933141,-0.07329489351033092,0.07579023573219924,0.23962872888790487,0.09004685363520487,-0.44760773508418356,0.032094041105306594,-0.8006707273531738,-0.23613512269569106,0.13384524170147563,0.13432510727761585,-0.5579978300522327,-0.5951052675481772,-0.2318198440419909,-0.5078063963776662,-0.8283447859013158,-0.36665028802670513,-0.35870148303904376,-0.36665028802670513,-0.20089651345347156,-0.2880789733005516,-0.2880789733005516,-0.8144022615209087,-0.8144022615209087,0.3909595135223181,0.6402268904368085,0.8609576593470079,0.8412942094012551,0.775320915949029,-0.2843717986479963,0.7526223031750674,0.7924097428257142,0.7927255918888876,0.7924097428257142,-0.21880768970327102],[0.9976490470214349,0.9944868058521052,0.4968747255025959,0.9987303604830504,1.0,0.9976490470214349,0.9969314477065501,0.9951197913279604,0.9951197913279604,0.9971223967837717,0.9624683405854589,0.995787681158719,0.996951092181163,-0.31973106322213907,0.9969804885949931,0.9065106397686976,0.8755479102945994,0.19144164408141948,0.997495372812141,0.9974902171194985,0.9865950844781676,0.9969388132951574,0.0857154268825314,0.6601464907094895,0.9911847109449774,0.9911847109449774,0.9911429957656254,0.9868176996362186,0.09109768399149897,-0.10018318564867588,0.9873496944099724,0.987292851829441,-0.018409035432424926,-0.08063573807222359,0.997753771403616,0.9976891471811304,0.7659131748726182,-0.5236135267807354,0.9973563621011626,0.9979750290446877,0.8983112703136871,0.16745811933905935,0.9977044035978646,0.9977064369678683,0.9977044035978646,0.9011657361086225,0.6136388934030034,0.9075027903984115,0.893286262689842,0.7458462595074853,-0.09875521946454133,-0.5832126546069629,-0.22542177600358934,0.9259863335727484,0.27570896260232763,0.9661692616249459,0.966250361100065,0.9789238039349174,0.9908219580175026,0.8931601360231415,0.8920284016117618,0.9104549130440822,0.897220287984074,0.9084765127009181,0.9088606199495193,0.9084765127009181,0.8198404253311948,0.8452745856006725,0.8465917985034536,0.8452745856006725,0.8883453623103061,0.7868394216247365,0.8683796876240021,0.8692990656066609,0.8683796876240021,0.5837443329334612,0.45220032544989514,0.5687173235395553,-0.6256693758906365,0.5674003291570041,0.5449923200412885,0.5441283359015796,0.5449923200412885,-0.1316206181947825,0.8663242654271621,0.8873989590075793,0.8720706824285076,0.9023592424982678,0.23290847847311283,0.8669259059265948,0.868124191442296,0.8669259059265948,0.8744458407761855,0.8744458407761855,-0.18815636311094133,0.64989695919764,0.048013404789129376,-0.6415081697541597,-0.6324287016207871,-0.6328540853027057,-0.10821300796572776,0.09835473852170287,-0.15695388763128382,-0.16200921221935996,-0.5295097831112379,-0.33699066349118073,-0.8588867738999829,-0.5283225945913975,0.10092473813062408,0.10125157787853761,-0.5871392171421974,-0.5870733130583794,-0.5234229353360745,-0.549074375680984,-0.79247909379187,-0.5779795080911658,-0.5808288229988551,-0.5779795080911658,-0.2432272597400675,-0.32528326938489366,-0.32528326938489366,-0.7591236388126807,-0.7591236388126807,0.37327419174862525,0.6196516384743436,0.8121721468388853,0.7896675173331711,0.763085460069376,-0.4196057021449213,0.6048493090333761,0.6840237081064484,0.6844526478056915,0.6840237081064484,0.01040940686759891],[1.0,0.9999850320960315,0.5991668450113891,0.9997117249463063,0.9976490470214349,1.0,0.9913659254824134,0.9871957315319493,0.9871957315319493,0.9920224420238152,0.974118734418408,0.9839422061707142,0.9914083608897325,-0.1127835773507847,0.9914693095759183,0.9320510501873998,0.9127186808898967,0.4057676574046067,0.9924243301809967,0.992409693694791,0.9844916941431158,0.9913951949058267,0.4512101267257138,0.6886684270876534,0.9791482466199952,0.9791482466199952,0.9791270150867388,0.9662995063831368,0.332343010263176,-0.11016644117906461,0.9896741203030653,0.9896400097386048,0.29338725138357896,-0.1847442424151005,0.9940971667237163,0.9948972310091457,0.8225700598880025,-0.3825149125923571,0.9887557884432923,0.9947217317222355,0.9297658788642201,0.38755397752158377,0.9942692373862715,0.9942566310168355,0.9942692373862715,0.8882057735777188,0.6645998833032412,0.8814027427012894,0.89207001647585,0.7973174145804215,0.3824013089044999,-0.14585063822603997,0.1937054623018097,0.9453655638550953,0.4377733151706249,0.9763771177628876,0.9710175701185633,0.9796591226027623,0.9897355309876014,0.9197581015362973,0.9204049596584505,0.9368669283800718,0.9157844228727564,0.933740025991767,0.934465903244608,0.933740025991767,0.8568199724282263,0.9108202735497187,0.9118695205661581,0.9108202735497187,0.9045806461900753,0.7500117443143252,0.8784051185655312,0.8799159691814854,0.8784051185655312,0.6394650512253173,0.3243404865632191,0.6186269210791641,-0.58419376730219,0.5192483810801987,0.5630800361722426,0.5639901722019742,0.5630800361722426,-0.10491257022761544,0.8921728509586737,0.9245973977602653,0.9066503803884282,0.9212083980287318,0.3949925903232557,0.8885899634297574,0.8896327007589372,0.8885899634297574,0.8961762489260199,0.8961762489260199,-0.14069387622061522,0.5708748685241637,0.1888913989894139,-0.5973834908971829,-0.5703980183326974,-0.5739973038457877,-0.06088959623948986,0.0809696316771953,0.2466891170712367,0.10291225693797987,-0.4351290057174228,0.03858912738806631,-0.7942487110641466,-0.22823841057037902,0.14448976758866966,0.14492808350988123,-0.5507518826081004,-0.5983172488055833,-0.23026847464636288,-0.49612048510355927,-0.8262006948414027,-0.36497166262303526,-0.35645685124465487,-0.36497166262303526,-0.1917341454005353,-0.27809355248435313,-0.27809355248435313,-0.8143353472746548,-0.8143353472746548,0.40295896381528107,0.651943022183909,0.8685738166369292,0.8488104980717672,0.7825182346278967,-0.27103951880706845,0.7615144895283359,0.8010270992453512,0.8013311511130821,0.8010270992453512,-0.23374987624039947],[0.9913659254824134,0.9803782502562867,0.5856282496431784,0.9928687590237529,0.9969314477065501,0.9913659254824134,1.0,0.997305030550974,0.997305030550974,0.9999685025169874,0.9545745262588289,0.9996287304033065,0.9999963093814408,-0.13062619153415206,0.9999927950391762,0.9588830564520855,0.9515878066772181,0.3459509122161125,0.9998460347784036,0.9998461400848606,0.9890009845889465,0.9999965079276844,0.3517452134357346,0.6925552201052778,0.9848267013787584,0.9848267013787584,0.9853382495697449,0.9880279745542085,0.25148569949631333,-0.17471375712680398,0.9918772399336376,0.9916627614769392,0.18691846801237416,-0.23479361495857268,0.9993133811031047,0.9994129045393976,0.37853220308509966,-0.3228147490948596,0.9988199294711692,0.9993420497848341,0.9524531791659824,0.3259367539327214,0.9354717820494435,0.9990487851928469,0.9354717820494435,0.9103208428052991,0.6185515516665694,0.9274775796256365,0.9019090716952944,0.7035488687847964,0.41118306456725306,-0.09291722259799841,-0.20707242918498464,0.9247880447682616,0.3830231423960714,0.968211876875875,0.9619790989235497,0.9779734317345868,0.996074373029342,-0.06757948154184301,0.8460773986868593,0.8132941861128197,0.8605938029442195,0.8067461920578793,0.7724634870524152,0.8067461920578793,0.7785047723547537,0.774320732856555,0.7693864513156338,0.774320732856555,0.8496290764273715,0.33393010798004,0.5477906236042142,0.6235165648609312,0.5477906236042142,0.552047539730857,-0.3564129655081807,0.5167873535251057,-0.652167969459299,0.43812080235045314,-0.11761287642859167,0.3921784590358419,-0.11761287642859167,-0.15470013834586693,0.8260416938730362,0.8408114098504912,0.8279346728300254,0.7466530742020193,0.33523911956102553,0.8277117232641148,0.8294179172845811,0.8277117232641148,0.7382862513735449,0.7382862513735449,-0.22495836850883927,0.6965229095007374,0.24995113837064925,-0.6222796478087624,-0.6197748208609027,-0.622818865131723,-0.12254675203718181,0.024462529343465413,0.34715623033970466,0.05363604035334634,-0.47027335417738636,0.08626834833035715,-0.8274478283530945,-0.13830074777058982,0.06396392392094319,0.06451341724340182,-0.6023688392985306,-0.6022066534494592,-0.07021075191119713,-0.5850597337235497,-0.841020965489967,-0.36170365867460447,-0.19038305920973284,-0.36170365867460447,-0.2775898275981618,-0.3354499572824955,-0.3354499572824955,-0.8338977293902211,-0.8338977293902211,0.3717902538432412,0.5989647991404284,0.5014517204077178,0.8059062818644994,0.754413432965301,-0.3397762132939087,0.06194108460116618,0.7595169612000126,0.7782630036992906,0.7595169612000126,-0.14575216734637372],[0.9871957315319493,0.972490536131979,0.5750614232573218,0.9891699934305586,0.9951197913279604,0.9871957315319493,0.997305030550974,1.0,1.0,0.9995021066614339,0.9467901011572207,0.9984646873321378,0.9980878653602183,-0.13946240211521285,0.9990598618889346,0.9571871242353219,0.9429634774141035,0.3239200595442129,0.9991094672456599,0.999111024773452,0.9861855786334102,0.9992117728266041,0.32532858781184043,0.6925430699911126,0.9922121547917525,0.9922121547917525,0.9831809620999625,0.984344574349638,0.2328045837758018,-0.18900424077872421,0.9881502385823762,0.9915705196350536,0.16731638797953646,-0.2412009892680691,0.998203556133654,0.9981326116786526,0.3587972930228242,-0.32999351236223173,0.9964997243447664,0.9980028091878365,0.9511998641981718,0.303447436181709,0.927156918490979,0.9980329709740002,0.927156918490979,0.9077145725944799,0.6028879119441898,0.9278287400083703,0.8982019103197669,0.6779406388493975,0.39783770142168595,-0.10844339978934743,-0.22037810688479395,0.915697153277279,0.3620720826244918,0.9634511290926588,0.9564949841463092,0.9726438943028234,0.9951719246040646,-0.07807514558573084,0.8328017781586592,0.7957851967361759,0.851159111485657,0.7903876508457431,0.7593994616916336,0.7903876508457431,0.764749078387141,0.7541289405959384,0.7550915002291236,0.7541289405959384,0.8404507716758616,0.3130814543492376,0.5258435991279172,0.6060741796708887,0.5258435991279172,0.5376122831856492,-0.37183845202523486,0.5005898302240543,-0.6607309799541987,0.42908435348048857,-0.14069968351013884,0.37467368364984294,-0.14069968351013884,-0.16185499708970996,0.8149456242110616,0.8237296467112191,0.8136113067220809,0.7310859854878963,0.31761361883328204,0.8172281494933511,0.8191428645425459,0.8172281494933511,0.7191785870635888,0.7191785870635888,-0.24119748901754215,0.7237921375722598,0.2576548825970851,-0.6321261955683741,-0.6333653940656381,-0.636214127295075,-0.13794851017955403,0.01617052421663003,0.3401914934417544,0.03402463197826041,-0.4835972695227591,0.07688902734013452,-0.8340781519358788,-0.1448868808617698,0.047842900428552895,0.04841198886959074,-0.6147684475107899,-0.6034313639054186,-0.07717541576029195,-0.6030450739515443,-0.8411552234606685,-0.373681340327029,-0.19672826276614772,-0.373681340327029,-0.2960762137201863,-0.3498680932494409,-0.3498680932494409,-0.8324408654806955,-0.8324408654806955,0.34990971108291397,0.5812476907784998,0.48213775593556063,0.7876603927943602,0.7412105425842626,-0.36243837985899996,0.04738785258847601,0.7400076335481095,0.7622679828060226,0.7400076335481095,-0.12821731523324745],[0.9871957315319493,0.972490536131979,0.5750614232573218,0.9891699934305586,0.9951197913279604,0.9871957315319493,0.997305030550974,1.0,1.0,0.9995021066614339,0.9467901011572207,0.9984646873321378,0.9980878653602183,-0.13946240211521285,0.9990598618889346,0.9571871242353219,0.9429634774141035,0.3239200595442129,0.9991094672456599,0.999111024773452,0.9861855786334102,0.9992117728266041,0.32532858781184043,0.6925430699911126,0.9922121547917525,0.9922121547917525,0.9831809620999625,0.984344574349638,0.2328045837758018,-0.18900424077872421,0.9881502385823762,0.9915705196350536,0.16731638797953646,-0.2412009892680691,0.998203556133654,0.9981326116786526,0.3587972930228242,-0.32999351236223173,0.9964997243447664,0.9980028091878365,0.9511998641981718,0.303447436181709,0.927156918490979,0.9980329709740002,0.927156918490979,0.9077145725944799,0.6028879119441898,0.9278287400083703,0.8982019103197669,0.6779406388493975,0.39783770142168595,-0.10844339978934743,-0.22037810688479395,0.915697153277279,0.3620720826244918,0.9634511290926588,0.9564949841463092,0.9726438943028234,0.9951719246040646,-0.07807514558573084,0.8328017781586592,0.7957851967361759,0.851159111485657,0.7903876508457431,0.7593994616916336,0.7903876508457431,0.764749078387141,0.7541289405959384,0.7550915002291236,0.7541289405959384,0.8404507716758616,0.3130814543492376,0.5258435991279172,0.6060741796708887,0.5258435991279172,0.5376122831856492,-0.37183845202523486,0.5005898302240543,-0.6607309799541987,0.42908435348048857,-0.14069968351013884,0.37467368364984294,-0.14069968351013884,-0.16185499708970996,0.8149456242110616,0.8237296467112191,0.8136113067220809,0.7310859854878963,0.31761361883328204,0.8172281494933511,0.8191428645425459,0.8172281494933511,0.7191785870635888,0.7191785870635888,-0.24119748901754215,0.7237921375722598,0.2576548825970851,-0.6321261955683741,-0.6333653940656381,-0.636214127295075,-0.13794851017955403,0.01617052421663003,0.3401914934417544,0.03402463197826041,-0.4835972695227591,0.07688902734013452,-0.8340781519358788,-0.1448868808617698,0.047842900428552895,0.04841198886959074,-0.6147684475107899,-0.6034313639054186,-0.07717541576029195,-0.6030450739515443,-0.8411552234606685,-0.373681340327029,-0.19672826276614772,-0.373681340327029,-0.2960762137201863,-0.3498680932494409,-0.3498680932494409,-0.8324408654806955,-0.8324408654806955,0.34990971108291397,0.5812476907784998,0.48213775593556063,0.7876603927943602,0.7412105425842626,-0.36243837985899996,0.04738785258847601,0.7400076335481095,0.7622679828060226,0.7400076335481095,-0.12821731523324745],[0.9920224420238152,0.9801449741797635,0.4979737961447981,0.9938330610214062,0.9971223967837717,0.9920224420238152,0.9999685025169874,0.9995021066614339,0.9995021066614339,1.0,0.9532899943118975,0.9995829705248198,0.9999695772482217,-0.29754853116928776,0.9999737829120281,0.9228636965394545,0.8926923484865583,0.2365857004104125,0.9997925831875122,0.9997931790171577,0.9888065720201752,0.9999668059037322,0.13161067018287598,0.6552060600609132,0.9945223216291926,0.9945223216291926,0.9944711288846487,0.9877853868180849,0.07063577789566233,-0.11475100008817118,0.9904840810860408,0.9904527938540864,-0.003246940914396295,-0.19490778269307135,0.9993407292588253,0.9992988674760578,0.7752345230257506,-0.5157121314897511,0.9987358087242822,0.9993197845617035,0.914207770173202,0.21322065758923062,0.9991888971406041,0.9991943068780519,0.9991888971406041,0.9101957446664088,0.6194294186901218,0.9268374398825421,0.9008483356273208,0.7023349517698066,0.007284975751280989,-0.5309557243489298,-0.17674739800814254,0.9200576154318197,0.3312045637525952,0.9629206188633936,0.9621123640072827,0.9793527711296328,0.995306126838883,0.8654317364624855,0.8463466894996376,0.8837905740239625,0.8611204777687298,0.8820704856225947,0.8827638088412809,0.8820704856225947,0.7770379583903321,0.826470535821517,0.8281465761596796,0.826470535821517,0.8505922323124387,0.7481544771586288,0.8379453802450706,0.8393315552522906,0.8379453802450706,0.5504298427105486,0.3767027801472598,0.5145612071173269,-0.6752662561365089,0.4945080109573084,0.4590792153249118,0.458967902993848,0.4590792153249118,-0.11225578074205449,0.8260901853664607,0.8401393891170494,0.8277342934696706,0.8753550513846323,0.25892893434611003,0.8331234759986251,0.8353488474402418,0.8331234759986251,0.8407153446540584,0.8407153446540584,-0.22762365054343925,0.698150430434728,0.07429382892521225,-0.6337176494523632,-0.6590229902188546,-0.6599351862518651,-0.1255891834642913,0.026413154014222204,-0.16327298087526002,-0.13126766666506795,-0.5145338007728842,-0.3666425447664438,-0.8745391596704689,-0.5658155674936531,0.06250682398008592,0.06341039303886097,-0.6039812163201356,-0.5984801115925734,-0.5327898379319219,-0.586910622682916,-0.8140081358210414,-0.6011871987039115,-0.6033809503374117,-0.6011871987039115,-0.2800198288611776,-0.3384973213133733,-0.3384973213133733,-0.7934527175598182,-0.7934527175598182,0.3720676577842097,0.5977670952073089,0.820657160193097,0.801401403509024,0.7529569069903264,-0.3675808380009276,0.6385068997089479,0.7061536827128118,0.706315498993568,0.7061536827128118,0.09227925397941351],[0.974118734418408,0.9626304751298521,0.4451510404678295,0.9719958490654972,0.9624683405854589,0.974118734418408,0.9545745262588289,0.9467901011572207,0.9467901011572207,0.9532899943118975,1.0,0.9313784597411163,0.9546003667375715,-0.22725768209250752,0.9542752095321145,0.820046549995382,0.7809114262831527,0.03241491060305776,0.9597587226705899,0.9597356497831314,0.9547326608436586,0.9547237471985122,0.06299010431722775,0.7008598406022107,0.9564519580573098,0.9564519580573098,0.956653692451552,0.8505654645228877,0.17896366325280583,-0.09598842276890697,0.9626997927350862,0.9628241265346488,0.15259598333679564,0.08273360297755676,0.9638841049649018,0.9641591274225128,0.8633844184443128,-0.4304707762672813,0.941917986619811,0.9629466671158867,0.815191183025555,0.010257986796146562,0.9651744469531028,0.9651390081237954,0.9651744469531028,0.7938721926616136,0.4160217155706357,0.7770263312994061,0.8753620253196198,0.836024254050793,-0.5459950421159957,-0.6854178781429286,-0.28771955193639037,0.8746929118936907,0.040672750235516426,0.9082592208222383,0.9083122007051635,0.9278100287823661,0.960940730006472,0.8692118548704948,0.865891513426714,0.8926828495137494,0.8722169638373,0.884872105006269,0.8856260851064263,0.884872105006269,0.817069961458116,0.7968749904321115,0.7988832557264623,0.7968749904321115,0.8651273418882949,0.8832169540225004,0.8633601071140684,0.864082360162036,0.8633601071140684,0.6453483546091251,0.5669242270113536,0.6466927545003333,-0.3850491739599871,0.6686313702720137,0.6877542239224305,0.6905569157728241,0.6877542239224305,-0.2720677421141066,0.8695463208187534,0.9274706173608953,0.8862050691764992,0.8837881815390602,0.12327809516044577,0.8622043767427845,0.8634452114966802,0.8622043767427845,0.8729158810797906,0.8729158810797906,0.021535562866354368,0.33707552269867486,-0.09440024235241828,-0.5516810217709907,-0.410855737460374,-0.41285730911031226,0.0318531981764524,0.4019981605112128,0.077783362107098,-0.07306400430446769,-0.4127673085928566,-0.021573436500971342,-0.8076143038396565,-0.18353333810285252,0.29218037128203855,0.2912554653022542,-0.37487440867973165,-0.4378547988398699,-0.3321843716092579,-0.3395894137397394,-0.6796976152195298,-0.3528302048818983,-0.35498586101952634,-0.3528302048818983,-0.0782960346888077,-0.37444500185995727,-0.37444500185995727,-0.5388665647242916,-0.5388665647242916,0.5580831812306657,0.6677095448399242,0.7597019864454654,0.6761261077122823,0.8332857172656051,-0.4622720423454727,0.387519868973805,0.5571558407317411,0.5574446411797072,0.5571558407317411,-0.22474114532805467],[0.9839422061707142,0.982192416423265,0.9966904068365803,0.9883759103114033,0.995787681158719,0.9839422061707142,0.9996287304033065,0.9984646873321378,0.9984646873321378,0.9995829705248198,0.9313784597411163,1.0,0.9996266609036384,0.9996230469123717,0.9995830078189049,0.7404701466561276,0.6848482340529429,-0.4230267171535125,0.999763253831415,0.9997668862656263,0.9996340651798443,0.9996341130069262,-0.22837184878664915,0.9657509930213387,0.9932149603853057,0.9932149603853057,0.9931914627471017,0.9905786223176308,0.08570585047360674,0.10303639313780856,0.9899496234066861,0.9900107104568653,0.9741726025880176,0.056209321210538614,0.9988285423381766,0.9987757523786571,0.9986080691175451,0.9992900071487104,0.9992781507045418,0.9988390076575213,0.7115363757023248,-0.43268655719684873,0.9985503787927705,0.9985607940601468,0.9985503787927705,0.9038660959849268,0.46785818185003086,0.9231979392847904,0.8992173510651,0.7040650384240486,-0.5099647463952682,-0.6441909014502558,0.7963537406140215,0.8152524836083666,-0.311077894842332,0.92452910031235,0.9247326683204058,0.9625715472038195,0.9929268021270397,0.8696513555317654,0.8785486075523484,0.8487938989199534,0.850936104510022,0.8566334254922713,0.8574892535191748,0.8566334254922713,0.701246787757132,0.6579785297693846,0.6606616387872988,0.6579785297693846,0.878529065637376,0.8863151269585688,0.8773555002530214,0.8787132617600164,0.8773555002530214,0.3667238707336971,0.29664051862219865,0.4201976320883863,0.5409380541632028,0.4202495185991564,0.4621972305376734,0.46457878915192724,0.4621972305376734,-0.40268574073343716,0.7988686625595055,0.8449569835697547,0.8269844973738992,0.8777985420854667,-0.2037513268432346,0.7925466429127103,0.7930399590157952,0.7925466429127103,0.8056353107409148,0.8056353107409148,-0.2847259612841569,0.6892627161967696,-0.3895536390160237,-0.7288209375212158,-0.543781509856956,-0.5461139533433093,-0.37973187414471365,0.1806270251063956,-0.2807297306584239,-0.4697868843972098,-0.6769945432489017,-0.36162564456073926,-0.6138574440419012,-0.42845568784259014,0.05604842136300758,0.05237014044354255,-0.5639871240234106,-0.530573366496789,-0.5500542282619141,-0.5845337622099844,-0.5785548629917491,-0.5532092415405111,-0.5562860265139494,-0.5532092415405111,-0.4353677980431928,-0.6088979196693257,-0.6088979196693257,-0.6071004663253261,-0.6071004663253261,0.3675355692296919,0.3522761640842696,0.47245469150827646,0.5564754707300024,0.5462562665880273,-0.5583117059034147,0.29541669304624973,0.3088882657296632,0.3090644845365628,0.3088882657296632,0.2088640785657499],[0.9914083608897325,0.9804302800022299,0.5856540649948283,0.9928996630081629,0.996951092181163,0.9914083608897325,0.9999963093814408,0.9980878653602183,0.9980878653602183,0.9999695772482217,0.9546003667375715,0.9996266609036384,1.0,-0.13029438890385228,0.9999945991792852,0.9588549812383704,0.9490803501584472,0.34601209038260794,0.999847350062113,0.9998474261427693,0.9890401151637722,0.9999971029143551,0.3520669276491728,0.6926329951030459,0.9901617822489895,0.9901617822489895,0.9853282763845097,0.9880081727722205,0.2517593766787774,-0.17465488082696248,0.9918838484418885,0.9916726820812153,0.18716075218501507,-0.23475203225006575,0.9993152221916649,0.9994167217549904,0.3785112356914663,-0.32259523344894125,0.9988216329221363,0.9993500755333335,0.9524191003223943,0.32600468803944493,0.9354566594763882,0.9990510910271831,0.9354566594763882,0.9103373835165566,0.618695241970753,0.927710980957231,0.9021422851416468,0.7036817937837316,0.4115774213327039,-0.09246337656830067,-0.20669640012974336,0.924865107077013,0.38309633744086485,0.9683038123133537,0.9620432528309613,0.9780625197731933,0.9960874135169943,-0.06738068814414391,0.8462456917629284,0.8134016336317005,0.86071918270329,0.8068529388409824,0.7724058531101807,0.8068529388409824,0.7785970550026765,0.7743831107902935,0.7693218643638141,0.7743831107902935,0.8497933480676537,0.33380922190441104,0.5478052466428847,0.6234305250604687,0.5478052466428847,0.5519981105584038,-0.3564296282411123,0.5167531042462836,-0.6520532436209844,0.4380188615126467,-0.11773948917902395,0.3922218591571344,-0.11773948917902395,-0.15484930910847605,0.8261230061196214,0.8409651209319654,0.8280446139595475,0.7466466754768233,0.33530452346280304,0.827803622991409,0.8295057675818919,0.827803622991409,0.7383662176895637,0.7383662176895637,-0.2249138719388928,0.696497724232595,0.2500620948750908,-0.6223154128387436,-0.619686662898946,-0.6227368030071547,-0.12263499945212951,0.024331161829482383,0.3473236911276868,0.05364768105455802,-0.470334581692817,0.08652548764748873,-0.8271749180119543,-0.13801141616934376,0.06402211268549786,0.064588970805078,-0.602353564713542,-0.6020073395675295,-0.06996371618182014,-0.5850262001391635,-0.8409055975496446,-0.36147654011843805,-0.190178071637007,-0.36147654011843805,-0.2774454194738383,-0.3354173907627238,-0.3354173907627238,-0.8338359320972482,-0.8338359320972482,0.37226403284204374,0.5991019929783783,0.5017002357503205,0.8061599356270026,0.7544827175622283,-0.3395583011559995,0.06222754333394109,0.7597641291503001,0.7783745056128207,0.7597641291503001,-0.14577535612401482],[-0.1127835773507847,0.9803402684757424,0.5098547110446715,-0.1167415457988242,-0.31973106322213907,-0.1127835773507847,-0.13062619153415206,-0.13946240211521285,-0.13946240211521285,-0.29754853116928776,-0.22725768209250752,0.9996230469123717,-0.13029438890385228,1.0,-0.12969745818199188,-0.1475109451336845,-0.12574113609138413,-0.29690400292429336,-0.13106860409540858,-0.13163487496759024,-0.2519316581288398,-0.1312639762152955,0.03002926629330956,0.31083584344284576,-0.162684885821083,-0.162684885821083,-0.16301441689926946,0.9879364739512345,0.2535036815725438,0.18773434637615044,-0.16910472540996585,-0.16969642451391484,0.5393820329090799,0.12289678867067583,-0.12890905101098737,-0.28392367207975244,0.17456216269479674,0.9569457093521154,0.9988166288329077,-0.3139444749714232,-0.1456853218129367,-0.28695391207278703,-0.12912607876332816,-0.13024265699730944,-0.12912607876332816,0.9104094598383646,-0.11424397983221872,0.9274326504299045,0.9017495750655756,0.7030886365248038,0.08583304438265368,0.24967669638717507,0.6452055964985335,-0.25229633972371673,-0.29812703769959226,-0.05354688009976141,-0.2844128926850141,-0.08992898084433791,-0.1597825416145769,0.04153044460202757,0.3113624335202338,-0.005177993492881237,-0.27472668178107656,-0.002858057858359112,0.0062613804072227195,-0.002858057858359112,-0.37465819663851807,-0.09017171446525708,-0.09230040451492437,-0.09017171446525708,-0.17439151747010764,0.08034489416347328,0.0587119658641674,0.058626941443474835,0.0587119658641674,-0.38813321084435454,0.006958266143392267,-0.3527237053468819,0.6179961917895925,-0.32057154661596754,0.010518722191906329,-0.049253668357315795,0.010518722191906329,-0.307695542221386,-0.307544392776021,0.840403650823783,-0.07428961371501852,0.028800967024719435,-0.22504070642352705,-0.23480776063068,-0.2345244100596388,-0.23480776063068,-0.0112848257365707,-0.0112848257365707,-0.20834793908863,0.6969090500573131,-0.160603472989158,-0.036427341755280264,0.18958456671972376,0.1880749192054922,-0.254656633431374,-0.003900949504237135,0.019510483220564936,-0.17903514982992688,-0.12204206575046192,0.038949579799967826,0.3733607518228698,0.10859702120979213,-0.034942904873768874,-0.03883072077596696,0.07866481668310293,0.5640619190179058,0.08674020443330467,-0.20810487034656205,0.602209257367796,0.08917382034810639,0.09765725053716207,0.08917382034810639,-0.24206796404382422,-0.20103918104145058,-0.20103918104145058,0.3152184852110858,0.3152184852110858,0.37219682332700926,-0.24434468813250118,0.02364045076719167,0.09720623088973325,-0.2360479038230805,0.06527278060697786,0.15784856293629623,0.10938481196928945,0.10929057485223168,0.10938481196928945,0.1242484164893677],[0.9914693095759183,0.9802320099722618,0.585940980482584,0.9929340238573006,0.9969804885949931,0.9914693095759183,0.9999927950391762,0.9990598618889346,0.9990598618889346,0.9999737829120281,0.9542752095321145,0.9995830078189049,0.9999945991792852,-0.12969745818199188,1.0,0.9563062115936964,0.937758146931128,0.34613279437295036,0.9998502016302158,0.9998501744382378,0.9891916486624294,0.9999945443652146,0.3527364648708663,0.692475735429437,0.9935670891447096,0.9935670891447096,0.9934612521778853,0.9879021926154526,0.252027232865517,-0.17470168613259462,0.9926482641062739,0.9926970857904793,0.1879257251630163,-0.23458897819786048,0.999364172948777,0.9994158193646024,0.37747679254392136,-0.3217645170625284,0.9987653475504262,0.999352966418379,0.9519829412123505,0.32614969543368577,0.9349630376708115,0.9991057001483239,0.9349630376708115,0.9106184949155571,0.6194072226067047,0.9280245530443885,0.9024637930744306,0.7033946910157881,0.4129739285736179,-0.09087766026094553,-0.20690339813412376,0.9252479316282178,0.3833798308699674,0.9687152335722049,0.9623908632339325,0.9783471980744057,0.9961251201733003,-0.06840073277636756,0.8465222145558556,0.8133214638144686,0.8609676641195727,0.8068112534500435,0.7719937740792475,0.8068112534500435,0.7787903976221126,0.77433552025872,0.769727086871149,0.77433552025872,0.850129324594314,0.3331283069543771,0.5472983089643524,0.6234555537037575,0.5472983089643524,0.5518348182794841,-0.3575987754088119,0.5166634175284313,-0.6522159471611894,0.43763538698477156,-0.11874233248025162,0.3918733638861137,-0.11874233248025162,-0.1547952738976201,0.8262556775565842,0.840615057336368,0.8281525647161643,0.73746613556009,0.33568953611713465,0.8279191982463071,0.8296107125678306,0.8279191982463071,0.7381749377260957,0.7381749377260957,-0.2264741027152924,0.6973479765072047,0.250564841419263,-0.6222965916764487,-0.6200653633682355,-0.623119907933971,-0.1237934939344261,0.023095457256770143,0.3476329374705543,0.05320696330898174,-0.4705803414375615,0.08660706178284502,-0.826326262313615,-0.1378514957063847,0.063004423186649,0.06356646061159624,-0.6029813677702524,-0.6022756745586071,-0.06938197175248108,-0.5863286580293398,-0.8409027808674507,-0.36141269746945637,-0.1896188056365553,-0.36141269746945637,-0.2784244911542074,-0.33589058285505685,-0.33589058285505685,-0.8341851028438025,-0.8341851028438025,0.3724325923424608,0.5987722382194457,0.5011662021127136,0.8066048106612623,0.7539227931321233,-0.3390901438506819,0.06155788402310611,0.7601681188472055,0.7789825586247597,0.7601681188472055,-0.14545501411179287],[0.9320510501873998,0.6836947793342812,0.5241783970508243,0.932976878118387,0.9065106397686976,0.9320510501873998,0.9588830564520855,0.9571871242353219,0.9571871242353219,0.9228636965394545,0.820046549995382,0.7404701466561276,0.9588549812383704,-0.1475109451336845,0.9563062115936964,1.0,0.9964751513016773,0.39735414900999383,0.9505781841156516,0.9505741055160363,0.9229441190892415,0.955963611262404,0.33529324211658784,0.5998699245936364,0.9486867563908358,0.9486867563908358,0.938513464669609,0.47611017635028985,0.20749055950382583,-0.18981511514807972,0.9602823735119178,0.9595545682435916,0.16002006495519705,-0.258907978872343,0.9574115999177704,0.9273889724386793,0.33056986849678216,-0.32141732846887483,0.7485116732705335,0.9200346399534669,0.9984966832122621,0.37843115228218305,0.886827049741299,0.9571932291374863,0.886827049741299,0.6694278028879416,0.6030278054467495,0.4063824762566558,0.38448394213349696,0.5031334527548719,0.41308875862233385,-0.0717958876556426,-0.21085759488812958,0.8748484531461767,0.4040561661679823,0.9358379075333555,0.8988767497480015,0.93428654362