var correlationAdjClose = {"data": [{"type": "heatmap", "z": [[1.0, 0.999991022208394, 0.9846223888218447, 0.9999220229534287, 0.9988999194645999, 0.9883361611078634, 0.9975283501735365, 0.9953115179078376, 0.9956117754000672, 0.9796743133653195, 0.9921921165650452, 0.9954551342068058, 0.9946737810340638, 0.995365536677318, 0.9954991852445509, 0.996583056476647, 0.9980835850996616, 0.9960756435560911, 0.9960884727472614, 0.9961314575273551, 0.9954029515216055, 0.985637187465821, 0.9694294916690244, 0.987958236933847, 0.9868039461333503, 0.9814592609674729, 0.9638125658490643, 0.9438149188664997, 0.9941301301033229, 0.9946113072200023, 0.991825953362551, 0.9749596050118777, 0.9974394015228162, 0.9977340875700625, 0.9971211750755711, 0.9955192285434109, 0.9950413460042812, 0.9975931984299565, 0.9976491449501106, 0.998655622940945, 0.9973808833574831, 0.9973921575524382, 0.9766033848039085, 0.9190663975833511, 0.7498445650050006, 0.9006675395966653, 0.9053102568059105, 0.8414688560634387, 0.967088572896484, 0.944844429152617, 0.9684017901615883, 0.965505166595157, 0.9588382985539228, 0.9858270617714052, 0.9823369288676075, 0.984214385319499, 0.9775006303990149, 0.9860744088008225, 0.9834493270497418, 0.9867034601226117, 0.9864689573381987, 0.9642596777886622, 0.9675806130164553, 0.971529504290938, 0.9711914163561634, 0.9448113059626393, 0.9755214358379088, 0.9739001636112034, 0.9821364226094806, 0.981268516457436, 0.9358315014709724, 0.8600199669218834, 0.8278046090128753, 0.8790428465997017, 0.9055816540861543, 0.9005529115665929, 0.9036833169322377, 0.9022671343447421, 0.6271289514104577, -0.570762573828573, 0.9769094433603047, 0.9682411580759052, 0.9647881914304646, 0.9850764991248867, 0.9704923041587463, 0.9816981324407167, 0.9816463612028075, 0.9454899088993216, 0.9819183251542125, 0.9495991387587648, 0.6365356809237294, 0.8631636839660848, 0.9148159122121956, 0.749042842677758, 0.9206952161514261, 0.9408773091104913, 0.8143044537534024, 0.9575415416347196, 0.8958185824098899, 0.6477506237479259, 0.7079621421986452, 0.8917043335269685, 0.8626973655097707, 0.8883254313332224, 0.9683845181646704, 0.9686010577210211, 0.7377720377165935, 0.704170568624677, 0.8259721425045955, 0.33800392520716377, 0.7944891238268852, 0.8302926090065044, 0.8168460392643915, 0.8148889254034296, 0.7480183269463693, 0.7414020910538263, 0.7214879271665382, -0.24063721017968132, -0.37632593344843224, 0.6371297218525509, 0.8996209642431198, 0.9448044778354612, 0.9490776191936492, 0.9193037242128398, 0.8287377311655033, 0.9163663875968352, 0.9380990669956586, 0.9379114611203883, 0.8725673167363376, -0.18737887409176604], [0.999991022208394, 1.0, 0.9827715159099872, 0.9997684418337539, 0.9975463722358073, 0.9904419856521764, 0.9930160586368018, 0.988699839093166, 0.9887365814128588, 0.9677134364479101, 0.9911380876648015, 0.9889465061590773, 0.9887661363968872, 0.9888156714270322, 0.9889119363874148, 0.9936169141843354, 0.9949573384495197, 0.9921335721531139, 0.9921333877515512, 0.9888123610129185, 0.9888724642176938, 0.9879034428249234, 0.9616776375483028, 0.9842244809301215, 0.9839139149932122, 0.9812921087134236, 0.9723490070527188, 0.9084378021316107, 0.9878631808190308, 0.9840199730366449, 0.9759439711715022, 0.9125032051782729, 0.9946529640469908, 0.9944785956122738, 0.9947663352646388, 0.98995285598143, 0.9941903707179026, 0.9947562512057414, 0.9950631256361934, 0.9965036111115437, 0.9947560273675542, 0.9947647511319825, 0.9861022384062764, 0.9188784865197174, 0.6077476104600589, 0.9004150469114173, 0.9055323006191306, 0.8416313302767056, 0.8744265977734472, 0.9125609409572971, 0.8782798103260037, 0.8974136971889033, 0.8733053119447728, 0.9546908094076265, 0.9545847074605103, 0.9740292388711853, 0.978050455082368, 0.9719494564613496, 0.9715063410053979, 0.9746594161526678, 0.9745708823856191, 0.935615532777342, 0.9445140800162457, 0.9094826661036817, 0.9093843027547424, 0.8040930997409812, 0.9689996709459933, 0.971350340472742, 0.9716110958107554, 0.9709987253413938, 0.9307262700309169, 0.648113406131712, 0.5886328481974124, 0.7434630777455712, 0.8393607039365801, 0.7668725289107629, 0.8049131142989701, 0.8030979682521614, 0.5824926187868499, -0.2764330064411486, 0.956520022183342, 0.9635580413634987, 0.9562089561987511, 0.9749535101538523, 0.9533015928956216, 0.9612074199752364, 0.9602584895639728, 0.902374504014122, 0.9642444010126524, 0.9082935580659589, 0.45756832661941477, 0.8621656167104462, 0.8599791647347489, 0.24987794024790444, 0.6464741689859127, 0.7411312809773235, 0.6349740838981184, 0.9555776057304112, 0.6498038802797133, -0.23032532151327162, 0.13853979069350966, 0.617417164275184, 0.62437430421177, 0.6715846330634176, 0.957259256655111, 0.9570996026953374, -0.08779565012584968, 0.14847937250249874, -0.007060601041459036, -0.03952295529293988, -0.011579622258268005, 0.004950158619116799, -0.026768934356360255, -0.06949182370357536, 0.35084181079431814, 0.09167888692303097, 0.04279269056163016, -0.45320432395522803, -0.4869561353514642, 0.6369744760170929, 0.7451772483240316, 0.7691191483981481, 0.8302550142440667, 0.8251884233039369, 0.537546516922828, 0.7331377057581255, 0.7653495924873616, 0.763978346024793, 0.41243716685871445, 0.20822667712446477], [0.9846223888218447, 0.9827715159099872, 1.0, 0.9860668667921917, 0.9928335196870843, 0.9900022864726863, 0.9906999129512455, 0.9911226800156897, 0.994385492159047, 0.9548701710554388, 0.996990957939824, 0.9910205371493209, 0.9929571715210866, 0.9911835148023785, 0.9911008290319898, 0.9917191278424815, 0.9904425697264392, 0.989701527164607, 0.9896664289330775, 0.9929114275866738, 0.9910505456334384, 0.99351460349766, 0.9792935932866691, 0.9907728273523928, 0.9911860093686172, 0.9800414251591811, 0.9821837921325657, 0.9476246528418427, 0.9730831981465005, 0.9766553383264626, 0.9782055052366189, 0.9503103019069902, 0.9879733448690838, 0.9910955860693095, 0.9894045624867741, 0.9930738958098142, 0.9947870862277638, 0.992135576159906, 0.9873892270441741, 0.9880613216729074, 0.9882516256683029, 0.9876184478329176, 0.9905936423777518, 0.9192046087968145, 0.6909907685023169, 0.9268921628175643, 0.8984823801837171, 0.7521593081732721, 0.9279389058027867, 0.9000583501710805, 0.9301120818991335, 0.9254286048467685, 0.9159753686570234, 0.9530248457445266, 0.9601610534954131, 0.9310642825981698, 0.9484377221892899, 0.9541291360135596, 0.9598480482076556, 0.954729858869518, 0.929008131346285, 0.8974154542489678, 0.9264580891006623, 0.9240725942834365, 0.9073092837821123, 0.8626600959725795, 0.9595762777389598, 0.9375599979091475, 0.9549155711498565, 0.9333930737575248, 0.7722254651917833, 0.7999111709337979, 0.7331081538281031, 0.8212491972339105, 0.8655441928640032, 0.863135957836443, 0.8348477195553782, 0.8485742838536845, 0.30194158340247085, -0.5710146125380542, 0.9462089508756443, 0.9192531436445978, 0.9234488598496441, 0.9315103389224051, 0.9406088171372237, 0.9512674233838342, 0.9508752346144629, 0.912102703861165, 0.9476970101043233, 0.8379040387976296, 0.6080437119232305, 0.9327199983414323, 0.9356873805223554, 0.7072963866731945, 0.9016067712122738, 0.9242683637003256, 0.7997342767052905, 0.9778315273089222, 0.7785245764081116, 0.5557233147748271, 0.6473941312807167, 0.7858404631399692, 0.7879376865686819, 0.7744779664899691, 0.9815047413250132, 0.9815490708139424, 0.6568583623731448, 0.6389958425350717, 0.7142369085563044, 0.2686390560422846, 0.6897909137051257, 0.7116501809351305, 0.725425602980291, 0.7079104109041667, 0.7016690420818492, 0.6678715694044334, 0.6460309359869053, -0.31467916338711993, -0.44989993244709126, 0.5921546168199376, 0.8596928595995015, 0.8950930456554669, 0.896789348516898, 0.8925925679808876, 0.7588838154173357, 0.8693113991099204, 0.8836309857319726, 0.8923886318109465, 0.7395985057894596, -0.10512447939758013], [0.9999220229534287, 0.9997684418337539, 0.9860668667921917, 1.0, 0.999209110530867, 0.9892877682990346, 0.9978709936223656, 0.9958420612543434, 0.9962341553888109, 0.9793407233963874, 0.9936427132962111, 0.9959675926684365, 0.9953967295464559, 0.9958943913796479, 0.9960070270243483, 0.9971055535448036, 0.9984350523382854, 0.9965384006176607, 0.9965483757515055, 0.996663775544771, 0.9959187082136027, 0.986916391226789, 0.9707660609952282, 0.9890699619336015, 0.9880275176109621, 0.9838574427985561, 0.9659378352899287, 0.9450123930314944, 0.993614645498907, 0.9942839741480984, 0.9919454510043582, 0.9746244979544815, 0.9976036618221972, 0.9980444020200325, 0.9974401472085894, 0.9960962307035288, 0.995855251554347, 0.9979432993106574, 0.9977661226116936, 0.9988083371416567, 0.9975361769554673, 0.9975441465446874, 0.9784422745389988, 0.9146827511035776, 0.7434428654767415, 0.9013991234472063, 0.9027548478618584, 0.830979670337792, 0.9641785844795928, 0.9414010772818784, 0.9653812186201617, 0.9628364526154476, 0.9559725795592835, 0.9837546475529128, 0.9808035526068032, 0.9824311091426434, 0.9757435779651111, 0.9844812424295467, 0.9825667917256959, 0.9850304305614617, 0.9847913743808239, 0.9505318921229498, 0.9658734293111895, 0.9697767514092782, 0.9694390933921023, 0.9380474865177326, 0.9748179964338433, 0.9702361292964632, 0.9803356577724902, 0.9794252697484063, 0.9079934716343843, 0.8578654122572611, 0.8229348973047698, 0.8766022549888023, 0.9019484379616403, 0.8996329183640003, 0.9005966494880656, 0.8992469253770169, 0.5221124463517052, -0.5708196888709987, 0.9756607182546762, 0.9659948032286755, 0.9625647014271073, 0.9832975745381278, 0.9693113667385574, 0.9805846074033955, 0.9805311171734986, 0.9443175099997854, 0.9801017352769834, 0.928906152658901, 0.6421926182585995, 0.8718095646199557, 0.9193892203964875, 0.7505700359186923, 0.9224467675601647, 0.942372977096275, 0.8146537224015251, 0.9590654452671523, 0.8896861087815645, 0.6445158208589743, 0.7062065180774683, 0.8866498449091312, 0.8591525284407243, 0.8829390523874542, 0.9694972994419621, 0.96972226156356, 0.736843318350583, 0.7044959103537817, 0.8180618206621171, 0.3401455526140772, 0.7889178947906593, 0.8220965540817189, 0.8087253319251103, 0.8096351222684898, 0.7509566152889967, 0.7415191215709641, 0.7216722076449967, -0.23601963962456995, -0.37557463356721366, 0.635320576913571, 0.8977462656734253, 0.9430656002056935, 0.947383176172833, 0.9182298158472672, 0.8259589056980153, 0.9144386029162052, 0.9359384593104707, 0.9359071340047265, 0.8649074513675323, -0.17996728069947834], [0.9988999194645999, 0.9975463722358073, 0.9928335196870843, 0.999209110530867, 1.0, 0.9921038997786426, 0.9990428682495932, 0.9982766789339892, 0.9983327625215322, 0.972853848407349, 0.9976238629719127, 0.9983234753845234, 0.9981096861091114, 0.9983111865394281, 0.9983771567637346, 0.9986417943261794, 0.9991934247003246, 0.9987027319730915, 0.9987024318423203, 0.9983982272658676, 0.9983070437813358, 0.9936336679475721, 0.9783504406324693, 0.9937534074546147, 0.9936818550687379, 0.98755235725192, 0.9800543008420961, 0.9482522015530923, 0.9901481331785714, 0.9925689928001332, 0.9895868726743278, 0.9654263462931746, 0.9989391529598364, 0.9989730853450237, 0.9989663687608682, 0.9984242742918827, 0.9985131349669417, 0.9990666683187528, 0.9991198433837871, 0.9991329963581717, 0.9989238735169348, 0.9989235298198891, 0.9888807047812838, 0.9243228835656901, 0.7186576388218694, 0.9167518164748091, 0.9065409173380414, 0.8121538217830794, 0.9480396527267911, 0.9289845278353226, 0.9518737650250616, 0.9540697009264744, 0.946807499323714, 0.9797702549826258, 0.9796983327282917, 0.9781333802097725, 0.9693731530533859, 0.9791391722857592, 0.9779549036247573, 0.9794545823621157, 0.9791550087368323, 0.9520861606932575, 0.9551846205518447, 0.950306254553601, 0.9498500625854087, 0.9034943164954423, 0.9716175164658045, 0.9682784373806118, 0.9751755218797742, 0.9741809923043379, 0.930496043077272, 0.8323070218489588, 0.7860043599649406, 0.8580603747744305, 0.9040642346313364, 0.8845893960755821, 0.8935456960278235, 0.8922209291262119, 0.6795558659573349, -0.5935329997828548, 0.9680699506080126, 0.9532786415041501, 0.9512047965544419, 0.979287613837267, 0.9575466346066824, 0.9725975733552461, 0.9720976582817588, 0.9329974215747223, 0.9746657183587698, 0.9372219741922051, 0.628192235945973, 0.8939677384201098, 0.9409458617335481, 0.6983511946502078, 0.8996483092099219, 0.9258500309615906, 0.8081856320454038, 0.9650964629138835, 0.8789838719399539, 0.49251034857758547, 0.6370205281904381, 0.8664114553104209, 0.8200714299391197, 0.8682549480516096, 0.9738379434854945, 0.9740106245719337, 0.6893643505948808, 0.6844625776652186, 0.7336108940968051, 0.31414916879791016, 0.6700422266945371, 0.7395431666721077, 0.7153904481048722, 0.6949616929525027, 0.7342519904348911, 0.7235668097671807, 0.702729529339794, -0.4597505826939988, -0.5361168081744533, 0.6233835195051094, 0.8901505556847075, 0.9270009939562869, 0.9387310999964745, 0.9143127684829027, 0.8017482030672002, 0.8964877809369007, 0.9200247843999493, 0.9195098958371231, 0.7982841677520266, 0.03860714289005048], [0.9883361611078634, 0.9904419856521764, 0.9900022864726863, 0.9892877682990346, 0.9921038997786426, 1.0, 0.9885930938611949, 0.9886313016126792, 0.9881488026509319, 0.9642166448708589, 0.9792892002500881, 0.9885783673526699, 0.9897256048740156, 0.9886921917563757, 0.9888148884046681, 0.9916987069587305, 0.9898443021816649, 0.9895063984137517, 0.9894907576432723, 0.9874814807440394, 0.9886241579610883, 0.9961068372948908, 0.9912922218269299, 0.9884686909417557, 0.9882810576363923, 0.9690817161020311, 0.9848218004267603, 0.9663413473544978, 0.9726786339986591, 0.9767760731085736, 0.9847383778071452, 0.9714164209472796, 0.9885440630308189, 0.988729898896381, 0.9895293630587956, 0.9895413164833091, 0.9818776950055017, 0.9894929797808845, 0.9889406383310152, 0.989140849657919, 0.9886440754769221, 0.9886394471380184, 0.9946564395761807, 0.8778515148475281, 0.7229459682324447, 0.8779364115422997, 0.9019883013835517, 0.8348229707900636, 0.9339676019575406, 0.912249498243399, 0.9357905503182841, 0.9434444773637848, 0.9316980809457929, 0.962080409430714, 0.9666305857074484, 0.9677900412537339, 0.9798823622860378, 0.9688941796054485, 0.9807497761619297, 0.9687851748273072, 0.9682210348120408, 0.9676184180599998, 0.9591893520878826, 0.9428893768467881, 0.9423982479711213, 0.9297795904817958, 0.9781009050469058, 0.9704278837577482, 0.9690902515323113, 0.9674321559388901, 0.9492923437764436, 0.8566012624698249, 0.8086883118214478, 0.8771420717576478, 0.8961783053639073, 0.9035793320947241, 0.8867186860354885, 0.8846165360254427, 0.6463525329944901, -0.5339445929856477, 0.9745391658644441, 0.9704917844899736, 0.9670854382235677, 0.9689311657466737, 0.9651123474972153, 0.9747960002272047, 0.9744452576356734, 0.954917719184054, 0.9642990866206999, 0.9544234273756568, 0.6433969683486828, 0.8354438619063307, 0.9372573685888778, 0.7469001002858559, 0.9121868995301193, 0.9304211556528035, 0.8098296463515497, 0.9554516800702768, 0.8462857470912042, 0.5928035384839642, 0.6805388014718496, 0.8437907159737325, 0.8198170425730327, 0.8412600303398631, 0.9576732196538841, 0.9577530727382522, 0.6998133151617874, 0.6843847203377982, 0.7626890892867022, 0.34009291843836653, 0.7413517660420831, 0.7684560286312654, 0.7544287097611495, 0.7563604493529217, 0.7385701256674831, 0.7128138674845886, 0.6950584180483693, -0.26649366869030416, -0.3937884368802123, 0.6648722799825808, 0.8843791666306786, 0.9022898880249324, 0.9106874878706736, 0.8992603081597014, 0.8007941032458511, 0.8711355992308799, 0.8937665327802229, 0.8937970699086342, 0.8381497724793125, -0.1499329440347119], [0.9975283501735365, 0.9930160586368018, 0.9906999129512455, 0.9978709936223656, 0.9990428682495932, 0.9885930938611949, 1.0, 0.9971550934069546, 0.9995298543437782, 0.9723212216152528, 0.9994239953885538, 0.9981358728104893, 0.9990691376397361, 0.9990226421252365, 0.998798787153081, 0.9981583996953194, 0.9999029598894612, 0.9992565621259206, 0.999261879759596, 0.9996513900539629, 0.9992246249930724, 0.9906830178442002, 0.9747401391070861, 0.9841028739913701, 0.9925067535171873, 0.9868033670534884, 0.9718626360902941, 0.943513541720628, 0.9922712004946302, 0.9918292213828763, 0.9930251646665391, 0.971486712564678, 0.9988309624761075, 0.9998188682361269, 0.9996536917207208, 0.9993947918316634, 0.9996589611270704, 0.9998496331826631, 0.9979165842897302, 0.9996748455016269, 0.9992757653637911, 0.9988836290128745, 0.9831216189030019, 0.930250444295521, 0.7340618731799337, 0.9298023645828865, 0.9170137921506194, 0.8036703820235057, 0.9589845366748017, 0.9407600987078134, 0.9610189456568033, 0.9583079808357251, 0.9522225163699842, 0.9818645235603276, 0.980036590589722, 0.9405602521764788, 0.955368551566104, 0.9688826906517893, 0.9691529779195552, 0.9707038943964881, 0.9408001390118909, 0.8904197929874896, 0.9451796323864701, 0.9550853807177329, 0.9319319680708712, 0.8766068255053094, 0.9605006911729141, 0.9301665503794101, 0.96244846415141, 0.9408833615350954, 0.7359422097949707, 0.8269113287479836, 0.7556861553460646, 0.844357843828669, 0.8719169784251874, 0.8757276254338264, 0.8553046426355129, 0.8677385193570759, 0.25687285559295286, -0.6057235480608936, 0.958351533663741, 0.9363799168937528, 0.9364704500265963, 0.9429119768319782, 0.9547393922314782, 0.9663128807777757, 0.9663614912261314, 0.9233318341438177, 0.9624758394426456, 0.8217988453045693, 0.6234854865721925, 0.8945852588207441, 0.9192858247683188, 0.7393019697639555, 0.9197107087024359, 0.940851608788845, 0.8087420949455213, 0.9647004288100911, 0.8310470079445269, 0.6322604181157496, 0.6959990841026045, 0.8434210679773148, 0.837467740942732, 0.8291983638782978, 0.9739885959046704, 0.9742249767705521, 0.7226931404040776, 0.6808223624533819, 0.7832809969558461, 0.30928920085453787, 0.7656663967107474, 0.7922705136981673, 0.7829424455536742, 0.7885047308736561, 0.7298650769447448, 0.7282246483324758, 0.7065490830991046, -0.2548773767486581, -0.40162813043080653, 0.641975102453007, 0.8916037832086147, 0.9298956187169855, 0.9452518713836434, 0.9175723083503423, 0.8239655206293649, 0.9139369237187353, 0.9357736279100055, 0.9351622789114947, 0.774903566698068, -0.14187220604679737], [0.9953115179078376, 0.988699839093166, 0.9911226800156897, 0.9958420612543434, 0.9982766789339892, 0.9886313016126792, 0.9971550934069546, 1.0, 0.9999843186789008, 0.9663574404765668, 0.9996468826543391, 0.9999968901464298, 0.9996623253131139, 0.9999978590742307, 0.9999817715746429, 0.9964860764155977, 0.9993131699235863, 0.9998881830832097, 0.9998876934888992, 0.9999567927820745, 0.999994448729944, 0.990878230710003, 0.9757280613377773, 0.9917675147571915, 0.9930096704028094, 0.9838292554683677, 0.9740306208273363, 0.9421094788314918, 0.9885651722077712, 0.9943032386776377, 0.9916540378925626, 0.9680792174447125, 0.9994285308222468, 0.9994907613954179, 0.99961404924611, 0.9996868946944251, 0.9987838883651948, 0.9994087661767572, 0.9991144581046589, 0.9985507023309764, 0.9994981872343799, 0.9993600260043192, 0.9845603285364585, 0.9305394926196529, 0.7208498695383878, 0.9360977808054339, 0.9144734538289911, 0.782053324648235, 0.9574746470213016, 0.935816959365806, 0.9590877905709628, 0.9518570970568324, 0.9457179879769079, 0.9798851996382352, 0.976784996006927, 0.9347623754527326, 0.949308616914207, 0.9609050143909339, 0.9650434814155294, 0.9632285645108838, 0.938804204955602, 0.8794508766265943, 0.9389244659485074, 0.947060807723465, 0.9257829103728463, 0.8610809375905738, 0.9568176543171496, 0.922599428023007, 0.9557659108448705, 0.9354775829830291, 0.7191205732462241, 0.8166076950390522, 0.7506021167420895, 0.834030118442413, 0.8628186637454147, 0.869498405382707, 0.849992752858436, 0.8594201170102953, 0.23578801740708294, -0.6116860189457701, 0.9527584974530361, 0.9263273336798192, 0.9279404870959932, 0.9406582311529537, 0.9484880187471626, 0.9608752844828299, 0.9609227688782512, 0.9159442546748136, 0.9539861267949956, 0.8065299341922336, 0.6186053986039541, 0.9155956486724537, 0.9319572111332451, 0.7335445495012926, 0.9189469145717718, 0.9403964807790425, 0.8059335938682003, 0.9694825016778867, 0.8349621457859228, 0.6179993853734128, 0.6864462326825486, 0.8448265887429127, 0.8344216486128384, 0.8327516914440191, 0.9770487705915507, 0.9772904195950874, 0.7124443232377409, 0.671684140299312, 0.7853888978868473, 0.2941124335776238, 0.7604647922902087, 0.7879783539739248, 0.7843429867114179, 0.7829892253821014, 0.7223455205366139, 0.7217130084458455, 0.6993402654101334, -0.2721870818755357, -0.41799376027927154, 0.6232281421907516, 0.8829825206991095, 0.9276788621162778, 0.9375239172599272, 0.911127278641756, 0.8123991976191336, 0.9074095163753311, 0.9294501664421986, 0.9290966593175758, 0.7544253454943552, -0.1236120227691523], [0.9956117754000672, 0.9887365814128588, 0.994385492159047, 0.9962341553888109, 0.9983327625215322, 0.9881488026509319, 0.9995298543437782, 0.9999843186789008, 1.0, 0.9656635906787181, 0.9996458525356532, 0.9999814174800189, 0.999836553675919, 0.9999899626248479, 0.9999964132815331, 0.9989909133416426, 0.9993009343612242, 0.9998246482622, 0.9998236207017019, 0.999966743394781, 0.9999823048172595, 0.9937537715016415, 0.9769215291796467, 0.9950505670169995, 0.9951998468417582, 0.9837941129198248, 0.978239331183092, 0.9431170804105236, 0.9891296862045701, 0.9934076144894494, 0.9886617819472501, 0.96350053522616, 0.9993492292647471, 0.9994304947819536, 0.9994316294702645, 0.9998381861596904, 0.9987944067998946, 0.9993977294907033, 0.9993374023356584, 0.9985579485056715, 0.9993432620173988, 0.9993373219705951, 0.988955494052569, 0.930690622492232, 0.7216180504915136, 0.9360300553581379, 0.9144620008755818, 0.7822765516360269, 0.9446719218943628, 0.9240418071042644, 0.948034584321877, 0.9492730496686301, 0.9429989549927404, 0.9773779857500842, 0.9768866673365653, 0.9668065299848481, 0.9496950104325208, 0.9677317642844738, 0.9651042666113113, 0.9681473934578421, 0.9678015489235147, 0.9385007819171652, 0.9381658654053158, 0.9390683788944242, 0.9386477207193211, 0.8908607753227261, 0.9571567137252236, 0.958059503723366, 0.9643539854174372, 0.9631390811594841, 0.916551581534804, 0.8158863855447204, 0.7635135953475726, 0.833143479143122, 0.8842330031481023, 0.8677032056583993, 0.8754211194706804, 0.8743540173516691, 0.6240018278884301, -0.6277877110487132, 0.9526680868505448, 0.9263614524606966, 0.9280538135792057, 0.9682059607621634, 0.9428875573029052, 0.9603716424635836, 0.9598404052918429, 0.9167650325981739, 0.9627057280881425, 0.9213205714194875, 0.6168541235671811, 0.9150676925566266, 0.946126626125914, 0.7079616737718512, 0.9052203345327138, 0.9307247673011865, 0.8050243487526759, 0.9681732656091178, 0.8857232966537486, 0.521944842997668, 0.6540258698651646, 0.8737569290205205, 0.8282365775081869, 0.8761516446539108, 0.9769654459491806, 0.9772381472258223, 0.7103400396962171, 0.6686877291301164, 0.749919965061743, 0.2918463234308909, 0.6882640799760503, 0.7554649401817256, 0.7332613051871149, 0.7137621084478332, 0.719684500160539, 0.7184690565238059, 0.6960473773714029, -0.5093993699528248, -0.5870814412500217, 0.6227564181603853, 0.8818100405741319, 0.9264399571865892, 0.9390623759020867, 0.9101027981282832, 0.8073878516600572, 0.8966690817077837, 0.9195195841584723, 0.9189555672678813, 0.8076915996342586, 0.11177735183346711], [0.9796743133653195, 0.9677134364479101, 0.9548701710554388, 0.9793407233963874, 0.972853848407349, 0.9642166448708589, 0.9723212216152528, 0.9663574404765668, 0.9656635906787181, 1.0, 0.951947995564377, 0.9667508668289849, 0.9656728105975255, 0.9664792906904897, 0.96603073850465, 0.9673856663693368, 0.9745745155683664, 0.9708726967655817, 0.9708859195201675, 0.9665315698964417, 0.9666054999344533, 0.9660222151567187, 0.9532976631086778, 0.9732980704194695, 0.9711801285198206, 0.8958409201012071, 0.969556020769046, 0.9520329923129758, 0.9763065290773023, 0.9703428321668823, 0.9705292921667233, 0.9365123463476989, 0.9746837092808187, 0.9742522033573432, 0.9747119571863881, 0.9669372503474883, 0.9596785859766077, 0.973700727558, 0.9744938984712704, 0.9772311221799073, 0.9748686666312765, 0.9748868720425604, 0.9560162663334328, 0.8460781526650141, 0.541395096916744, 0.7983121040376586, 0.8935140140474487, 0.8755796041760017, 0.9026534230246723, 0.8313173343418448, 0.9071279885123765, 0.9169866543660709, 0.9042411179469642, 0.9339992218434874, 0.9338554072137465, 0.9444347302734892, 0.9362216397442995, 0.9547227311995916, 0.9484211787772763, 0.953094396283011, 0.9531170615359599, 0.9123982368679286, 0.9535368917160812, 0.9387867077849151, 0.9384900171745472, 0.8609242808195902, 0.9360818378352718, 0.9439029075216073, 0.9374052292558379, 0.9363452365294259, 0.8868653310466965, 0.8237787769801357, 0.780737181937649, 0.8664913063844869, 0.9171400514570897, 0.8894226364339246, 0.9033383498731616, 0.9026234185450986, 0.7174502232144411, -0.31647429575430425, 0.9535164718069329, 0.9543094468460288, 0.9465560582861252, 0.9462031999821514, 0.9313402268801693, 0.9547759300053805, 0.9547103106276867, 0.9023895971015624, 0.9567394681841632, 0.9072748822564289, 0.7189863742107916, 0.6967042774284558, 0.8676812967977067, 0.6301607705496425, 0.8561008090643228, 0.8921617270475919, 0.8760996856136443, 0.950572259175376, 0.906197601426285, 0.414251607665497, 0.6582839621447314, 0.8985702931822983, 0.8751477713746841, 0.9051816194709598, 0.9508274356285574, 0.9511634825207739, 0.5417143851638144, 0.7070386613881364, 0.6178660042064041, 0.4876762825762032, 0.5767090960675474, 0.6323080909100112, 0.5931835541728373, 0.5678408195926543, 0.80999106769796, 0.687167928870957, 0.6518799783017256, -0.2842896830903358, -0.3335619440735293, 0.7539943800673367, 0.9176412208980511, 0.9242732975290697, 0.9124593361195087, 0.9426393400832058, 0.664435184484459, 0.8447975304078384, 0.9106283163918545, 0.9097803455778495, 0.6928492960323792, -0.16210388576570078], [0.9921921165650452, 0.9911380876648015, 0.996990957939824, 0.9936427132962111, 0.9976238629719127, 0.9792892002500881, 0.9994239953885538, 0.9996468826543391, 0.9996458525356532, 0.951947995564377, 1.0, 0.9996751506935225, 0.9996531532231174, 0.9996612460080411, 0.9996675821859938, 0.9994224595908414, 0.9991121520303151, 0.9999553410833973, 0.9999548127427577, 0.9996602011768213, 0.9996683903160675, 0.9900921560292304, 0.9575627566522715, 0.991183552961793, 0.9923228829627997, 0.988264748073794, 0.9702876496750525, 0.8952741076783721, 0.9886207494615133, 0.9924980773994654, 0.9725952869979286, 0.8972764392016671, 0.9991540150461347, 0.9992225596083507, 0.9991536744487137, 0.9994552562006321, 0.9994031270499987, 0.9991766986973344, 0.9990397251730035, 0.9977921851557034, 0.9991250917210325, 0.9991202805760218, 0.9896110573033841, 0.9246629486762801, 0.5699750159660184, 0.9314750853109592, 0.9136287954045375, 0.7865625817850553, 0.8584713307249422, 0.8929857843418356, 0.8639542948338989, 0.8759549273454188, 0.8554540518523149, 0.9507069666249669, 0.9506287193074879, 0.9503229024012946, 0.9526766745985404, 0.942100661124416, 0.9441182427611822, 0.9465603107028334, 0.9463624858594988, 0.8963081521826138, 0.9079426037365118, 0.8657573391107599, 0.8655778956110892, 0.7446557587507798, 0.946347288097006, 0.9497976930606499, 0.9499702118984269, 0.949254311370654, 0.897361642210632, 0.5957365518169379, 0.5323237870199605, 0.6911758305551032, 0.7948052746579309, 0.7205486139513496, 0.7598282857741022, 0.7586068759627392, 0.523300428895255, -0.40032092753754633, 0.9202237635330253, 0.9303657750457307, 0.9198845834908126, 0.9517969678021146, 0.9165892738358643, 0.9262371818404145, 0.9249777817566147, 0.8556328313283973, 0.9306214758329334, 0.863237682799226, 0.5072073356385859, 0.9114662094281315, 0.9065033820559554, 0.29164641215147846, 0.6846985414987264, 0.7702825881435841, 0.6475890397980837, 0.9706239858331209, 0.6613665170957226, -0.17493945422896004, 0.18558674292965832, 0.633805239834822, 0.6381529296820544, 0.6804424640665031, 0.9719196183243999, 0.9719740238848504, -0.026473348058095487, 0.2009316218301597, 0.056177953761037715, 0.022541170920174984, 0.04928746813171559, 0.0684837733775612, 0.03554521745566826, -0.013417294852508404, 0.4021608985830983, 0.1343488412035624, 0.08224592687010067, -0.5224505109888615, -0.5557491519924334, 0.6228546927329197, 0.7383733600821277, 0.7627679931725968, 0.8265769540465413, 0.8242384706083965, 0.5177541877121701, 0.7237128668469459, 0.7589307958090992, 0.7576474064657663, 0.40364400018712565, 0.25909639467416073], [0.9954551342068058, 0.9889465061590773, 0.9910205371493209, 0.9959675926684365, 0.9983234753845234, 0.9885783673526699, 0.9981358728104893, 0.9999968901464298, 0.9999814174800189, 0.9667508668289849, 0.9996751506935225, 1.0, 0.9996473226135606, 0.9999976503923619, 0.9999844791648519, 0.9971201088193499, 0.9993639470348987, 0.999899494640541, 0.9998991899093528, 0.9999645920191769, 0.9999949097048938, 0.9907916049608478, 0.9756094597978493, 0.9924223622370237, 0.9929732108873335, 0.984031298000394, 0.9738698319984207, 0.9421382586978848, 0.9894506723341616, 0.9943570120040136, 0.9917268530826355, 0.968224818816497, 0.9994707865020468, 0.9995347015663308, 0.9996474307235002, 0.9996888712080544, 0.9988737032589424, 0.9994543441189805, 0.9991533573579704, 0.9986314357252154, 0.9995417175841071, 0.99940324176854, 0.984372674058195, 0.9308263975135924, 0.7215636256239545, 0.9360294715436654, 0.9147432163366399, 0.7832335008178403, 0.9577983043619435, 0.9362308835393774, 0.9594196724485675, 0.9522298011767273, 0.9461150631144245, 0.9801231769552649, 0.9769701313881103, 0.9351001878740668, 0.9495351168792032, 0.9612377324223098, 0.9652170182682438, 0.963553654503681, 0.939082098701434, 0.8796901291335413, 0.9392488912106153, 0.9475101896327598, 0.9262384454757819, 0.8615700541117048, 0.9569353447382278, 0.922854981211807, 0.9560232127479493, 0.9357940618704417, 0.719289288778474, 0.8171432094683021, 0.7511825050497624, 0.8345544450873625, 0.8632136099410479, 0.8698095596997784, 0.8504435908037756, 0.8598936326827696, 0.236181744066604, -0.611556121281429, 0.9530158375638779, 0.926790283908895, 0.9283179524449837, 0.9409195514260061, 0.9487622065949388, 0.9611343209350997, 0.9611823487533478, 0.9162132602301111, 0.9543440975291161, 0.8068377015873657, 0.6188369023042669, 0.9146459212353084, 0.9314106710093966, 0.7338341540693515, 0.919007486934686, 0.9404541349038057, 0.80623163073779, 0.9693103177975158, 0.835400675152, 0.6190041370339087, 0.6871451551830533, 0.8452884400977361, 0.8349561762276998, 0.8331747928681676, 0.9769634347288745, 0.9772049085315992, 0.7131114908365217, 0.6723183726075956, 0.785954124258709, 0.2950071615981931, 0.7611525324888258, 0.7886505116154746, 0.784913473076267, 0.7836912748089413, 0.722764350322651, 0.7221736835700728, 0.6998304682681123, -0.27114043057857595, -0.4170442923428777, 0.6238448574592714, 0.8834973074617761, 0.9280861852416301, 0.9380220470491978, 0.9115750936984466, 0.812948995649934, 0.9079522487788458, 0.9299804091963488, 0.9296132982413462, 0.7550938007223457, -0.12469834308486534], [0.9946737810340638, 0.9887661363968872, 0.9929571715210866, 0.9953967295464559, 0.9981096861091114, 0.9897256048740156, 0.9990691376397361, 0.9996623253131139, 0.999836553675919, 0.9656728105975255, 0.9996531532231174, 0.9996473226135606, 1.0, 0.9996839419846855, 0.9996695871125426, 0.9991170181683371, 0.9989130508031487, 0.9994719143163316, 0.9994647415806867, 0.9996644087182357, 0.9996384956938792, 0.9927843206386407, 0.9772249988198994, 0.9957619674089736, 0.995651845318216, 0.9838669595359731, 0.9766855730022976, 0.944637039826548, 0.9885932356390651, 0.9923723292298031, 0.9907874195028312, 0.9658082431786255, 0.9987617651148871, 0.9990708822039662, 0.9992648787577342, 0.9999203886017733, 0.9988197333713155, 0.9990425118046765, 0.998594125706334, 0.9979416416592466, 0.9987536669635417, 0.9986794010269926, 0.988345473907512, 0.9307878717111053, 0.7173961395976229, 0.9361438386541486, 0.9146417832612606, 0.782522758680211, 0.9533411205229056, 0.9292653898985419, 0.9543426447635416, 0.9487555173106775, 0.9420529066729679, 0.9765663918957105, 0.9748602138008072, 0.9585075573502776, 0.9492056533188434, 0.9615155942497736, 0.9644652342101512, 0.9633703060342288, 0.9626714902519632, 0.8837798141251285, 0.9362278372676022, 0.945852859811234, 0.945565047331633, 0.8596854324342029, 0.9572476645338539, 0.9346220111779808, 0.9579130519602472, 0.9565361991191136, 0.7237616025867487, 0.8140474710958367, 0.7764582281238598, 0.8321242067416427, 0.8646661421914028, 0.8688832412255297, 0.8586235073384566, 0.8589205046725736, 0.22064131656658906, -0.6060773944999585, 0.9520903702802593, 0.926469292876374, 0.9272158906829437, 0.9613605825395558, 0.9481385319005275, 0.9598883278613499, 0.9598894929967204, 0.9159319916520339, 0.9546762334425765, 0.8135639416115741, 0.6192876771544019, 0.9151925083384247, 0.9320879110083057, 0.7309165407816168, 0.9170377804114302, 0.9387983434958671, 0.807186397485572, 0.9719868099101571, 0.8293610189123867, 0.6107352579122093, 0.682565410634203, 0.8364330146454805, 0.8295927928573057, 0.8250208599008465, 0.9788829286950856, 0.9790829492351969, 0.7038645529326452, 0.666831793159671, 0.7651472297848576, 0.2947056560933277, 0.7511141559574029, 0.7772840528221123, 0.7538749139582029, 0.7725874681481555, 0.7204456393267189, 0.711935609031278, 0.6898542224749259, -0.2778757083763224, -0.4221801066810777, 0.6234200960340389, 0.8812598608420336, 0.9295021412078317, 0.9334589418664093, 0.9107421016806305, 0.8050798518478398, 0.9016021602622095, 0.9228821851177439, 0.923192323734041, 0.7489510278046918, -0.12295297785611745], [0.995365536677318, 0.9888156714270322, 0.9911835148023785, 0.9958943913796479, 0.9983111865394281, 0.9886921917563757, 0.9990226421252365, 0.9999978590742307, 0.9999899626248479, 0.9664792906904897, 0.9996612460080411, 0.9999976503923619, 0.9996839419846855, 1.0, 0.999988580749592, 0.9986444992792318, 0.9993331560947705, 0.9998917683805265, 0.9998909591791819, 0.9999587392284697, 0.9999923276095957, 0.9909178522858011, 0.9757824800340813, 0.9942634836199127, 0.9941071809399943, 0.9839479382242411, 0.974075284689752, 0.9422918715176434, 0.9919213351222435, 0.9946714648656318, 0.9915972265686538, 0.9679779124235383, 0.9994442720913398, 0.9994954037704296, 0.9996240354088862, 0.999705521613957, 0.998825806821755, 0.9994195564506669, 0.9991805512083312, 0.9985728044051421, 0.9995116579851796, 0.9993766629864812, 0.9845430867120621, 0.9306424416428994, 0.720931701931714, 0.9361165344298692, 0.9146710606609093, 0.7826130909205179, 0.9575817975686509, 0.9359901824324119, 0.9592312495258741, 0.9518226044690208, 0.9456580194452947, 0.9799324993159092, 0.976746792954199, 0.9351163525563763, 0.94943509297781, 0.9611020351622872, 0.965113370831513, 0.9634089983902238, 0.9385173105037976, 0.8796902979389991, 0.9387715205144179, 0.9471365396580906, 0.9260382075385116, 0.8612181567688586, 0.9569822737182203, 0.9230144427834209, 0.9560080270886504, 0.9358491497883243, 0.7195157790460273, 0.8165532060819627, 0.7509072097246097, 0.8340215902469396, 0.8630095413576433, 0.8694695801034417, 0.8501685117903881, 0.859613052389565, 0.23615721056588077, -0.6113901167697952, 0.9528269600356638, 0.9265480499775836, 0.9281225742392669, 0.9387436475594935, 0.9486832296985093, 0.960952158998779, 0.9609963040518943, 0.9161238475250384, 0.9541832914471297, 0.8068290897940361, 0.6186556606566971, 0.9151431142108442, 0.9318068426453056, 0.7334729010041554, 0.9188164215097613, 0.9402947122902626, 0.8059381814818418, 0.9695000802467199, 0.835025521438013, 0.6178751752458403, 0.6863423515414511, 0.8448742918702989, 0.8345889954986392, 0.8328083984853324, 0.9771009667314888, 0.9773388513664409, 0.7119904491323891, 0.67127784523009, 0.785394944082902, 0.294429889515376, 0.7604607345834129, 0.7879172577590381, 0.7845403638555627, 0.7829038436507652, 0.7222462882632722, 0.7208863007401175, 0.6985492783857062, -0.27197569804844757, -0.4177783502563969, 0.6235815066658604, 0.8829127396682926, 0.9278390204607104, 0.9376030529104286, 0.9111931086857893, 0.8122142641636407, 0.9076589869383579, 0.9295248058934611, 0.9292890764873674, 0.754559448073103, -0.1239269712252275], [0.9954991852445509, 0.9889119363874148, 0.9911008290319898, 0.9960070270243483, 0.9983771567637346, 0.9888148884046681, 0.998798787153081, 0.9999817715746429, 0.9999964132815331, 0.96603073850465, 0.9996675821859938, 0.9999844791648519, 0.9996695871125426, 0.999988580749592, 1.0, 0.998645093816558, 0.9993708964642178, 0.9998879053163678, 0.9998880510341914, 0.9999569699109552, 0.999977893072992, 0.9908398601873325, 0.9757957593198467, 0.99275223606122, 0.9927822040957859, 0.9840049162448024, 0.9738138827702739, 0.942215758627841, 0.9919661479031473, 0.9942678683924917, 0.9914380395588892, 0.9678349054512075, 0.999483178457662, 0.9994792502561546, 0.9996092177877648, 0.9996960023888509, 0.9988441701888063, 0.9994228759479938, 0.999209838297904, 0.9986255328404136, 0.9995422183190457, 0.9994212081206882, 0.9843471428657465, 0.9306103396934378, 0.7215793614110109, 0.9358818236950317, 0.9145654917542806, 0.7829281533035392, 0.9581633633201846, 0.9370361395587187, 0.9598662841863075, 0.9519812081966715, 0.9458243935491356, 0.9804028296840469, 0.9769053059869287, 0.9358987469630636, 0.9498372250127046, 0.961486672275626, 0.9652758978676472, 0.963802395392824, 0.9398274017321624, 0.8798218426117532, 0.9383391297401906, 0.9474268221688064, 0.9267723985243186, 0.8610673271058378, 0.9573707937088236, 0.9236273551523895, 0.9565201144247237, 0.936755748331511, 0.7192238469802651, 0.816188435401583, 0.7518442931686655, 0.833428328456674, 0.8629490148352941, 0.8689181147115251, 0.8506108995603363, 0.8600113413333356, 0.23542736834261846, -0.6111192141387042, 0.9528623836951952, 0.9267622140787923, 0.9283726294908228, 0.9417254856514952, 0.9491646201910962, 0.9610896690843191, 0.9612018467261211, 0.9164638946396054, 0.9545242887593434, 0.8067135084922443, 0.6174566256484625, 0.9146374702504428, 0.9314652838784969, 0.7324392243560648, 0.9183738112074014, 0.9398029300245485, 0.8050561874969665, 0.9691220121580897, 0.8359780221585605, 0.617523613781928, 0.6853121217096099, 0.8453722452659262, 0.8349608227879668, 0.833522293763126, 0.976872857674468, 0.9771456862874818, 0.7106771286076264, 0.6690467713024533, 0.7864660869724067, 0.2928427160025924, 0.7606709914810216, 0.7882840138269507, 0.7857497639804666, 0.7830935952471193, 0.7205259662816796, 0.7186650419568368, 0.6962919443630632, -0.27115075790837945, -0.4170331516611255, 0.6229314429281968, 0.8820083707560415, 0.9284153803190183, 0.9380866529726484, 0.9104143056557052, 0.8123151757078014, 0.9086672201554357, 0.9300909153731933, 0.9299781077712694, 0.75438817071994, -0.12407743961804399], [0.996583056476647, 0.9936169141843354, 0.9917191278424815, 0.9971055535448036, 0.9986417943261794, 0.9916987069587305, 0.9981583996953194, 0.9964860764155977, 0.9989909133416426, 0.9673856663693368, 0.9994224595908414, 0.9971201088193499, 0.9991170181683371, 0.9986444992792318, 0.998645093816558, 1.0, 0.99905630347996, 0.9989863901576219, 0.998983608111374, 0.9988014254205356, 0.9985386786234584, 0.9923565654895397, 0.9784744935614174, 0.9837812717197519, 0.9901499670705927, 0.9894912825511591, 0.9758846879520822, 0.9494708906961465, 0.9929697577879323, 0.9930508435461596, 0.9904425439614717, 0.9678573564084375, 0.9987929183637789, 0.9987214992631682, 0.9989480435831478, 0.998663049906004, 0.9993919621223407, 0.9988668387555308, 0.9989125409949289, 0.9984035621979523, 0.9986797046295773, 0.9987438011036659, 0.9834048260323842, 0.9240398976769685, 0.7265264835478727, 0.9295970183885691, 0.9170230515257546, 0.7996372245128202, 0.9612221859612535, 0.940793594170227, 0.9633039941745533, 0.9516701492932197, 0.9441146645214331, 0.9808106606120918, 0.9762024903644655, 0.9480672659979194, 0.9587145412796151, 0.9681298212697379, 0.9697072876232463, 0.969607717818122, 0.950968130125016, 0.8914173079700961, 0.94203