var element=document.getElementById("correlationClose");if(element.style.display!='none'){var correlationClose={"data":[{"type":"heatmap","z":[[1.0,0.9999891763293446,0.6722459575352991,0.9997360841858429,0.9980572800757815,1.0,0.9925552269718539,0.9891021938865887,0.9891021938865887,0.9931491789589233,0.9771402508384115,0.9870001302133995,0.9925906428668797,0.9929832918561435,0.992639710146908,0.7821075188682564,0.7122508413108251,0.28920228956380073,0.9934301979670617,0.993427289702474,0.985576298202669,0.9925850253697154,0.404776501536027,0.7458874119372486,0.9822606634127702,0.9822606634127702,0.9822415260742032,0.975200349972781,0.3202022836133761,-0.12703123567636732,0.989627965077376,0.9895890768739243,0.2715447204651104,-0.2008137968607605,0.9947551017554025,0.995270413062058,0.8508612659252223,-0.3574560431971244,0.9905886066831588,0.995261669628538,0.7663100344765665,0.2698864897738516,0.9948883019905082,0.9948877371977947,0.9948883019905082,0.8956927408392964,0.6538657822352097,0.9144585796128499,0.9194897150676405,0.8323003943169551,0.37761857167625723,-0.17566135738790822,0.21153295425658467,0.9488259572757991,0.3837177707950995,0.9751563427839128,0.971091584486414,0.9806645240748548,0.9897030874951259,0.9322850951364927,0.9400631090499533,0.946127471112585,0.9319628660911291,0.9433792602463131,0.9440596264971088,0.9433792602463131,0.8870227858273324,0.9235677417617358,0.9245395009585393,0.9235677417617358,0.9249211513543829,0.793400704625743,0.8979617379779719,0.8992098543503946,0.8979617379779719,0.7067452190673004,0.38906113178981244,0.693337162326337,-0.5459938659061626,0.5990363513333029,0.6191974295855659,0.6194181246977675,0.6191974295855659,-0.0929642331591604,0.913085233935423,0.9440128097034282,0.9286174672278052,0.9336788370949846,0.279984421743097,0.9081045470869528,0.9088396240554585,0.9081045470869528,0.9125161290214497,0.9125161290214497,-0.09581064317389457,0.5927567921591362,0.16118536541529088,-0.6797341141953342,-0.587790750889019,-0.5914303553816014,-0.12740991523203804,0.12463378972226796,0.20829837750906377,0.013875914354835628,-0.547248331131093,-0.014973503736946763,-0.796654150951473,-0.28329752335193636,0.16092630477875758,0.1623995954535275,-0.5701000830431309,-0.5780614583350707,-0.27334715218862743,-0.5123192399898843,-0.8159604518429757,-0.4025824729404625,-0.39494516825623416,-0.4025824729404625,-0.21910022811205257,-0.3359852019608986,-0.3359852019608986,-0.8038951932777382,-0.8038951932777382,0.3995056278516949,0.6300210426802055,0.8534081456665935,0.8398450522216081,0.7564264715005726,-0.3276426175428351,0.7473970303444512,0.7791801995928594,0.7793565925737637,0.7791801995928594,-0.19205177540190355],[0.9999891763293446,1.0,0.980560690286994,0.999479129970738,0.9958496504355879,0.9999891763293445,0.9846921509308937,0.9790806033036416,0.9790806033036416,0.9845645359812103,0.9719496439797586,0.9858039389135297,0.9847293076675734,0.984676416896598,0.9845765605707241,0.18368555652973562,0.09236070947462749,-0.4286782243266998,0.9882096472674965,0.9882013328465818,0.9847753203740637,0.9847744515449683,-0.15032453950681696,0.979652144978387,0.9797891264524489,0.9797891264524489,0.9798247751366522,0.9754689029990231,0.1055103787525193,0.1281121476942093,0.9823944947680677,0.9824347146397547,0.8183051877209376,0.11223636930196719,0.9906916185688922,0.9907272518950709,0.9912641630808068,0.9858043378404138,0.9896760113197816,0.990760480853937,0.1366180532868111,-0.43353127254544616,0.9913240273237994,0.9913182890980824,0.9913240273237994,0.8954356191969829,0.5016918765776799,0.9143947397473222,0.9192646203907255,0.8317825619048678,-0.2963641114025025,-0.49016219467982897,0.8410887038631345,0.8832837912224409,-0.2508757948436694,0.9388048108144842,0.9389425650691703,0.9590467217245443,0.977854154410894,0.9514706914987486,0.9575548672757508,0.94300565234944,0.9435626868531917,0.9466758414080663,0.947100073823404,0.9466758414080663,0.8588805040908469,0.8330886513529455,0.8347527850791675,0.8330886513529455,0.9535957383716822,0.9567067416493337,0.9535203186675705,0.9542846513607777,0.9535203186675705,0.6298666489802764,0.580136772170962,0.6693969089219456,0.7444974276494916,0.655529376718971,0.6788658534112066,0.6795205236171524,0.6788658534112066,-0.14831821680916873,0.9174193212292473,0.9394754126952005,0.9318424857362831,0.9564373955288011,-0.2878462927020325,0.913824101189784,0.9140205963588883,0.913824101189784,0.9205701476222178,0.9205701476222178,-0.18218854565569254,0.5926189888393432,-0.3635714808954696,-0.7747260747904094,-0.45824865052156144,-0.4620566831816176,-0.3756594651336629,0.2683001026479836,-0.2591951542210156,-0.48759590248167034,-0.725567235367218,-0.35008140231157836,-0.4765696439450586,-0.4116337813418438,0.1315153214360857,0.12868816968701002,-0.4863858244049245,-0.45155966029742195,-0.4802617966450458,-0.5116765051099602,-0.5038117952166185,-0.4826710689217943,-0.4859866745223497,-0.4826710689217943,-0.3617866623826448,-0.5310696959117018,-0.5310696959117018,-0.49991171823994435,-0.49991171823994435,0.3977210820528599,0.36666795435354366,0.4945077088411575,0.59771287884693,0.5239976472666339,-0.4375332580811075,0.36874455460586947,0.3136857085495634,0.31382905579420695,0.3136857085495634,0.16438917466857184],[0.6722459575352991,0.980560690286994,1.0,0.6690893346402742,0.6029859194290286,0.6722459575352991,0.6531411941056663,0.6452811473213349,0.6452811473213349,0.5974937603897712,0.5608657235623858,0.9952054084190317,0.6531604187889067,0.6471698325762059,0.6533305153284248,0.421382706440435,0.3953373916247517,-0.20392163660714283,0.615469465802925,0.6147866590325375,0.5818857575639662,0.6522547320359594,0.18619201206598945,0.7915125892735112,0.6322444787984337,0.6322444787984337,0.6320141390846751,0.9880810444711927,0.3003481930857295,0.12203332240946091,0.611322352092884,0.6109353907226369,0.6693386929866252,-0.02158176481091996,0.6490282026948991,0.5914555689824404,0.6160687044815155,0.3006382966331772,0.993403301586622,0.5869623275839447,0.4084415933908229,-0.21294840467892973,0.6659575497397766,0.6470587611241629,0.6659575497397766,0.8925779267608004,0.40600575992623816,0.9306539767379663,0.9090621964009142,0.7314678060269826,0.2199249091063829,-0.06579934071025775,0.05156723043360184,0.5361663605945172,-0.08494153260511922,0.5944956215985604,0.5625564750941093,0.5838181371796293,0.5478934931004739,0.0036467492628728714,0.79782788731517,0.7317565932623837,0.6454999439410595,0.7375045358520808,0.7630620765792344,0.7375045358520808,0.5356762608782919,0.6462781598333069,0.7005000117256952,0.6462781598333069,0.7014370025064564,0.678663138548306,0.7291588540295242,0.7734899186030453,0.7291588540295242,0.4179151352959799,-0.08595353949684287,0.4346334941229725,0.09875609620741461,0.4170643619270756,0.26446482268587473,0.49468619547461345,0.26446482268587473,-0.14865635336379399,0.6186925519624079,0.8832083287358368,0.6881542101303181,0.7745326109996646,-0.06071967555903403,0.6574519219501742,0.6569830030455517,0.6574519219501742,0.7211996987072035,0.7211996987072035,-0.19942790018477943,0.7047465666931948,-0.18323670869346362,-0.6943834639993731,-0.4374683078091903,-0.44111796141704285,-0.42386094669805896,0.09696144534166745,0.020258760784065268,-0.33370520795949393,-0.6743166426276569,-0.17042853722910492,-0.3180613634722188,-0.27101261226611534,0.04089769358654139,0.03926022221011612,-0.4881604727539847,-0.06369181563476378,-0.25903068260113515,-0.5101254089628037,-0.20347640451720161,-0.4044328917121693,-0.2862146262578419,-0.4044328917121693,-0.41814135565492866,-0.5395705038023898,-0.5395705038023898,-0.30505762748476134,-0.30505762748476134,0.344302545014294,0.1945733553350906,0.28494246359350406,0.5202567928855967,0.28475197183688544,-0.3816676050147005,-0.012970925053202905,0.4570870940829086,0.5582704127552846,0.4570870940829086,-0.0141898301085754],[0.9997360841858429,0.999479129970738,0.6690893346402742,1.0,0.9989359460691192,0.9997360841858427,0.9937767871715665,0.9907647900843455,0.9907647900843455,0.9945858834906054,0.9753208291326865,0.9902291172017436,0.9938022702854762,0.9944777331142041,0.9938283980678022,0.7813233702444673,0.7110780450180211,0.2746434377405035,0.9944711145066493,0.9944707509926998,0.9856729506300804,0.9937895714405688,0.3962771361625326,0.7501317166240105,0.9847328814910359,0.9847328814910359,0.9847131563162291,0.9812413911729896,0.31606205242803315,-0.1330749720885275,0.9889534209853345,0.9889225262445618,0.26375615817501175,-0.20104447137130527,0.9952643772623522,0.9959802152964589,0.8181618818073613,-0.361814388382277,0.9929108655140465,0.9961878970683983,0.7648395417605536,0.2550419576844847,0.9933172508086402,0.9953099290221389,0.9933172508086402,0.8934392947736741,0.6418615767787661,0.9180541363977324,0.9166317514891932,0.815777888465377,0.372798935781294,-0.1804953331439074,0.2062895748779022,0.9435712381010231,0.368162864567677,0.9707831263186363,0.9682647529732917,0.9785534755450452,0.9895844221910367,0.9136990130209143,0.9345824945663017,0.9348316087134358,0.9286563704050067,0.9285958789031398,0.9294798616954091,0.9285958789031398,0.880166730124066,0.9128928037508964,0.9139347357008929,0.9128928037508964,0.9220864045817,0.7404578988614879,0.8637143445505892,0.864956496434838,0.8637143445505892,0.6997544576050467,0.15384698617801545,0.6848279937561509,-0.5505370896128555,0.5948932788409995,0.3557700907654598,0.5912886052045957,0.3557700907654598,-0.09894257658794602,0.9087193969509008,0.9379407756309817,0.9222149300862457,0.9132119884623124,0.26608590500997353,0.9044165847197307,0.9052771128148435,0.9044165847197307,0.895667411166175,0.895667411166175,-0.10026058554625461,0.6116192747354391,0.16598525371981251,-0.6889893249091782,-0.5942125775557174,-0.5977708558519842,-0.13888060208768005,0.120369872763488,0.20179603751075742,0.0012755063738068599,-0.5584985823515719,-0.020838536273556897,-0.8018926776941,-0.29057443154200596,0.15152841624116253,0.15305680069540156,-0.5762847665223758,-0.5746258868892924,-0.274074893262492,-0.5219952110923805,-0.8171563163660093,-0.40353566727437634,-0.39645470327512466,-0.40353566727437634,-0.2269606421148658,-0.3448669579979069,-0.3448669579979069,-0.8032221129711974,-0.8032221129711974,0.39049765881589216,0.6190315537087717,0.8455848268274961,0.8322622576322766,0.7493751485224635,-0.33982658776880836,0.7385077370181224,0.7704040279521032,0.7705752860274794,0.7704040279521032,-0.17737124383577418],[0.9980572800757815,0.9958496504355879,0.6029859194290286,0.9989359460691192,1.0,0.9980572800757815,0.9972350235480122,0.9958201766257845,0.9958201766257845,0.9974418765648688,0.9683429010279285,0.9964203009179233,0.9972523641162352,0.9973301675795591,0.9972771242506906,0.6916358856977679,0.5967282856517013,0.06870468196855238,0.9976817789385174,0.9976854208303317,0.9877843603800032,0.9972428512121959,0.04172564261573565,0.7328099848584838,0.9925302004383174,0.9925302004383174,0.9924914696884691,0.9902443155318069,0.09220222919781759,-0.11607695867836347,0.9874889996866292,0.9874194070638902,-0.028754692460435917,-0.10249514583834367,0.9977726291766132,0.9977002020862457,0.8104994546626162,-0.48095231180951986,0.9976115255779656,0.9980344441095291,0.6635728531360666,0.044527659020476736,0.9977167125389188,0.9977248416652349,0.9977167125389188,0.9070376901033499,0.6070955441234054,0.929744704359976,0.9178620149177142,0.7927605999417593,-0.07896699992930682,-0.5856029630597325,-0.178468654295265,0.9334177201219751,0.22257725338386103,0.9671903121720514,0.9672142956326094,0.9812323305946409,0.9901597298257443,0.9126893788041491,0.917580106464433,0.9254091503807298,0.9168663275406088,0.9237559777514148,0.9242222197785547,0.9237559777514148,0.8573387213794855,0.8727637319332576,0.8739993144554042,0.8727637319332576,0.9116239310158436,0.8297065404731413,0.8931662796378484,0.8939400128874518,0.8931662796378484,0.6621678198754384,0.5525728828976958,0.6523466624624156,-0.5638608189619311,0.6449007328027165,0.6256066841924826,0.6246421669383015,0.6256066841924826,-0.11207644665384457,0.8924011886145692,0.9160379794499416,0.901625840789015,0.9204258785071527,0.11201986747915908,0.8916002778097801,0.8926163027215004,0.8916002778097801,0.8972271799361505,0.8972271799361505,-0.13829322267136634,0.6576122472219869,0.021089527696941536,-0.7172173047783316,-0.6400822973596325,-0.6408347928544789,-0.16906552928343327,0.14364314536107728,-0.18590435836682695,-0.24362862300666027,-0.6261646482081974,-0.37667745365197025,-0.8458438141830267,-0.5627848427897023,0.12211382222998501,0.1234922488697334,-0.6012205227101447,-0.5691529146967096,-0.5452395836003586,-0.5589660905731607,-0.7739753141966095,-0.5960019867439948,-0.5990733052613564,-0.5960019867439948,-0.2639414878806554,-0.3769440983114831,-0.3769440983114831,-0.7429035392036929,-0.7429035392036929,0.3790090989875722,0.602519110438746,0.8011728612962921,0.79120274571711,0.7408110601792479,-0.46421834697109415,0.6038954913691649,0.6641685993760469,0.6642730793122902,0.6641685993760469,0.049381095166090544],[1.0,0.9999891763293445,0.6722459575352991,0.9997360841858427,0.9980572800757815,1.0,0.9925552269718539,0.9891021938865887,0.9891021938865887,0.9931491789589233,0.9771402508384115,0.9870001302133995,0.9925906428668797,0.9929832918561435,0.992639710146908,0.7821075188682564,0.7122508413108251,0.28920228956380073,0.9934301979670617,0.993427289702474,0.985576298202669,0.9925850253697154,0.404776501536027,0.7458874119372486,0.9822606634127702,0.9822606634127702,0.9822415260742032,0.975200349972781,0.3202022836133761,-0.12703123567636732,0.989627965077376,0.9895890768739243,0.2715447204651104,-0.2008137968607605,0.9947551017554025,0.995270413062058,0.8508612659252223,-0.3574560431971244,0.9905886066831588,0.995261669628538,0.7663100344765665,0.2698864897738516,0.9948883019905082,0.9948877371977947,0.9948883019905082,0.8956927408392964,0.6538657822352097,0.9144585796128499,0.9194897150676405,0.8323003943169551,0.37761857167625723,-0.17566135738790822,0.21153295425658467,0.9488259572757991,0.3837177707950995,0.9751563427839128,0.971091584486414,0.9806645240748548,0.9897030874951259,0.9322850951364927,0.9400631090499533,0.946127471112585,0.9319628660911291,0.9433792602463131,0.9440596264971088,0.9433792602463131,0.8870227858273324,0.9235677417617358,0.9245395009585393,0.9235677417617358,0.9249211513543829,0.793400704625743,0.8979617379779719,0.8992098543503946,0.8979617379779719,0.7067452190673004,0.38906113178981244,0.693337162326337,-0.5459938659061626,0.5990363513333029,0.6191974295855659,0.6194181246977675,0.6191974295855659,-0.0929642331591604,0.913085233935423,0.9440128097034282,0.9286174672278052,0.9336788370949846,0.279984421743097,0.9081045470869528,0.9088396240554585,0.9081045470869528,0.9125161290214497,0.9125161290214497,-0.09581064317389457,0.5927567921591362,0.16118536541529088,-0.6797341141953342,-0.587790750889019,-0.5914303553816014,-0.12740991523203804,0.12463378972226796,0.20829837750906377,0.013875914354835628,-0.547248331131093,-0.014973503736946763,-0.796654150951473,-0.28329752335193636,0.16092630477875758,0.1623995954535275,-0.5701000830431309,-0.5780614583350707,-0.27334715218862743,-0.5123192399898843,-0.8159604518429757,-0.4025824729404625,-0.39494516825623416,-0.4025824729404625,-0.21910022811205257,-0.3359852019608986,-0.3359852019608986,-0.8038951932777382,-0.8038951932777382,0.3995056278516949,0.6300210426802055,0.8534081456665935,0.8398450522216081,0.7564264715005726,-0.3276426175428351,0.7473970303444512,0.7791801995928594,0.7793565925737637,0.7791801995928594,-0.19205177540190355],[0.9925552269718539,0.9846921509308937,0.6531411941056663,0.9937767871715665,0.9972350235480122,0.9925552269718539,1.0,0.997588638098709,0.997588638098709,0.9999718973749765,0.9626558309112843,0.9996927962267549,0.9999967069513298,0.99998735805485,0.9999936061709149,0.8552054612434158,0.8424894642542904,0.2411152294624567,0.9998662222335968,0.9998665353526894,0.990210557248992,0.9999968983953551,0.31597804201967455,0.7463583785574474,0.986225221364781,0.986225221364781,0.987326428487411,0.9917295165869234,0.24798580454009764,-0.1847843634168803,0.9916937787652829,0.9916778977235083,0.1735674600291364,-0.24553737177504414,0.9993629967530321,0.9994788225150951,0.4484672365684971,-0.3046356736972842,0.9990930468116443,0.9994450599513349,0.8368390563850744,0.22020215064008528,0.9446057430144027,0.9991206348681301,0.9446057430144027,0.916034566051937,0.6150669651922727,0.9409247846403719,0.9203481008848629,0.7591932721959962,0.41274831444939636,-0.11887390817145756,-0.18931781413969812,0.931946832753708,0.3377027080776404,0.9685780781697566,0.9644785316956074,0.9795866659397648,0.9956391029671304,-0.01886092838777241,0.879801822399859,0.8419223105362841,0.8849906178695256,0.8367423029777136,0.801305996031457,0.8367423029777136,0.8217190992421592,0.8064336325157878,0.795663655651092,0.8064336325157878,0.8786053395020599,0.41142400728376616,0.610267185497225,0.6678237363952786,0.610267185497225,0.6311864304253756,-0.3376030539949753,0.605441732008599,-0.615784997910166,0.5272303001323523,-0.08056502630053565,0.46055808529520015,-0.08056502630053565,-0.13988717226180086,0.857277995318548,0.8792497152621346,0.8650167277019584,0.7769418364693683,0.23148985349724857,0.8562773762737438,0.8575659245846672,0.8562773762737438,0.779146306216118,0.779146306216118,-0.17395779557692814,0.6988505392518961,0.23412823761805565,-0.6942854093746498,-0.6334291322793951,-0.6365829566718778,-0.17957844857707833,0.07167350314248849,0.3204443263391586,-0.02668871214838249,-0.5698480131298962,0.04288598876454018,-0.8284385606201763,-0.18781922563489672,0.08827316122005983,0.08981292977965906,-0.6176026336771505,-0.586481910289389,-0.10943288734576695,-0.592976835007112,-0.832226555088354,-0.39506450202140464,-0.2296872297131677,-0.39506450202140464,-0.29448795690884966,-0.3847386184674591,-0.3847386184674591,-0.8242306339993324,-0.8242306339993324,0.37923142049604086,0.5875763825406736,0.5094420518274582,0.803003370419559,0.7372929940377477,-0.3876922871555249,0.06984802568839765,0.7465022358229944,0.7655186631731997,0.7465022358229944,-0.1129770289426785],[0.9891021938865887,0.9790806033036416,0.6452811473213349,0.9907647900843455,0.9958201766257845,0.9891021938865887,0.997588638098709,1.0,1.0,0.9995824382560976,0.9563310337034905,0.9988020997612305,0.9983188452963442,0.9994295795632119,0.9991841106394402,0.8524345885274334,0.8309856023813373,0.21962293382480755,0.9992208263365332,0.9992229264231521,0.9876910399874573,0.9993143203549962,0.29098859935492855,0.7479045445281781,0.9930394713406722,0.9930394713406722,0.9855392398716692,0.9892179847194522,0.23074038384769158,-0.1977702615769672,0.9880554934553174,0.9914831834276284,0.1552660256416327,-0.2513033542919193,0.9983661352515864,0.9983596094956442,0.4316994095733252,-0.3108613948121625,0.9973264960718463,0.9983122446006978,0.8342721134508929,0.1983328269219722,0.9375948394223237,0.9981959768766228,0.9375948394223237,0.9138019492598555,0.6004393617243577,0.9413389407470407,0.9182178497929069,0.739412427632224,0.40017584896374386,-0.13335233924084086,-0.2013054531893619,0.9239307005666005,0.31770255770325406,0.9640958445496776,0.9595793929495211,0.9747606483017124,0.9946391549125099,-0.027927764502864775,0.870449373447119,0.827961814424518,0.8779647806964948,0.823858167504963,0.7901449242513108,0.823858167504963,0.8111754213401193,0.789827716932947,0.7833146809560043,0.789827716932947,0.8717905250537211,0.3939054821016449,0.5920998348338109,0.6528996018407813,0.5920998348338109,0.6202529325483191,-0.35135533863521284,0.5929244854523403,-0.622454122924513,0.5207762232761523,-0.10129732291701125,0.44586372952455394,-0.10129732291701125,-0.14601770685995466,0.8491156178837375,0.8677174562949078,0.8547225364892554,0.7634560708733534,0.21401808024271365,0.8486875513922297,0.8501334019375012,0.8486875513922297,0.7639504690006033,0.7639504690006033,-0.18797947125585093,0.7205965430658618,0.24074041740786373,-0.7032462708151713,-0.6452951273564328,-0.6482722664307733,-0.19370305364232868,0.06461342152731413,0.3134356820699272,-0.045420290442234314,-0.5818591474821165,0.03367626713745326,-0.8337480461712435,-0.1942678156284747,0.07380048474956483,0.0753660038521952,-0.6284237789031725,-0.5872971654155208,-0.11617832512239055,-0.6084307211996915,-0.8314541901809971,-0.40605150877252694,-0.2357839213738964,-0.40605150877252694,-0.3108271341752846,-0.39758722499600324,-0.39758722499600324,-0.8219370384142641,-0.8219370384142641,0.3615062466950216,0.5715367848589001,0.4914618328369782,0.7857763907725226,0.7252441674841951,-0.40818257293898497,0.05641911076068238,0.7279216713792501,0.7501269279624592,0.7279216713792501,-0.09618064212272684],[0.9891021938865887,0.9790806033036416,0.6452811473213349,0.9907647900843455,0.9958201766257845,0.9891021938865887,0.997588638098709,1.0,1.0,0.9995824382560976,0.9563310337034905,0.9988020997612305,0.9983188452963442,0.9994295795632119,0.9991841106394402,0.8524345885274334,0.8309856023813373,0.21962293382480755,0.9992208263365332,0.9992229264231521,0.9876910399874573,0.9993143203549962,0.29098859935492855,0.7479045445281781,0.9930394713406722,0.9930394713406722,0.9855392398716692,0.9892179847194522,0.23074038384769158,-0.1977702615769672,0.9880554934553174,0.9914831834276284,0.1552660256416327,-0.2513033542919193,0.9983661352515864,0.9983596094956442,0.4316994095733252,-0.3108613948121625,0.9973264960718463,0.9983122446006978,0.8342721134508929,0.1983328269219722,0.9375948394223237,0.9981959768766228,0.9375948394223237,0.9138019492598555,0.6004393617243577,0.9413389407470407,0.9182178497929069,0.739412427632224,0.40017584896374386,-0.13335233924084086,-0.2013054531893619,0.9239307005666005,0.31770255770325406,0.9640958445496776,0.9595793929495211,0.9747606483017124,0.9946391549125099,-0.027927764502864775,0.870449373447119,0.827961814424518,0.8779647806964948,0.823858167504963,0.7901449242513108,0.823858167504963,0.8111754213401193,0.789827716932947,0.7833146809560043,0.789827716932947,0.8717905250537211,0.3939054821016449,0.5920998348338109,0.6528996018407813,0.5920998348338109,0.6202529325483191,-0.35135533863521284,0.5929244854523403,-0.622454122924513,0.5207762232761523,-0.10129732291701125,0.44586372952455394,-0.10129732291701125,-0.14601770685995466,0.8491156178837375,0.8677174562949078,0.8547225364892554,0.7634560708733534,0.21401808024271365,0.8486875513922297,0.8501334019375012,0.8486875513922297,0.7639504690006033,0.7639504690006033,-0.18797947125585093,0.7205965430658618,0.24074041740786373,-0.7032462708151713,-0.6452951273564328,-0.6482722664307733,-0.19370305364232868,0.06461342152731413,0.3134356820699272,-0.045420290442234314,-0.5818591474821165,0.03367626713745326,-0.8337480461712435,-0.1942678156284747,0.07380048474956483,0.0753660038521952,-0.6284237789031725,-0.5872971654155208,-0.11617832512239055,-0.6084307211996915,-0.8314541901809971,-0.40605150877252694,-0.2357839213738964,-0.40605150877252694,-0.3108271341752846,-0.39758722499600324,-0.39758722499600324,-0.8219370384142641,-0.8219370384142641,0.3615062466950216,0.5715367848589001,0.4914618328369782,0.7857763907725226,0.7252441674841951,-0.40818257293898497,0.05641911076068238,0.7279216713792501,0.7501269279624592,0.7279216713792501,-0.09618064212272684],[0.9931491789589233,0.9845645359812103,0.5974937603897712,0.9945858834906054,0.9974418765648688,0.9931491789589233,0.9999718973749765,0.9995824382560976,0.9995824382560976,1.0,0.9616720335822377,0.9996598066528508,0.999972990173081,0.9999721181089323,0.9999763611293787,0.7312027718895393,0.6399352919560735,0.12299411881059392,0.9998236348793069,0.9998243887151159,0.9901120310362799,0.9999702579394609,0.09444787318122248,0.7234272727559001,0.99539732151465,0.99539732151465,0.9953552431791852,0.9916158362644347,0.07838164333812966,-0.1260095214001753,0.9909069815661778,0.9908662832880916,-0.009356116655004815,-0.20546493906578256,0.999414244679292,0.9993732879769545,0.8152236484115072,-0.47897388021411125,0.9990323890291652,0.9994202608608592,0.7045319196978268,0.0991386643189859,0.9992821526997618,0.9992873612309671,0.9992821526997618,0.9157085026539256,0.615555542354033,0.9406535418296371,0.9198906824948664,0.7586937924922664,0.02050131346730027,-0.5391962999345118,-0.13542874266352545,0.9281421833208333,0.28333312614669565,0.9649918564971364,0.9644988273320813,0.9816511777419005,0.9949152610738541,0.8880129387326194,0.8807407667042649,0.9018736610241623,0.8860832880776185,0.9002117730296536,0.9007860617057655,0.9002117730296536,0.8214280314918743,0.854749068620081,0.8561529576946776,0.854749068620081,0.8800518470520878,0.7944476556942602,0.8659052565419799,0.8670119582509526,0.8659052565419799,0.6309929145728645,0.48356809627605524,0.6047621998186111,-0.6198913714766691,0.5799357953087902,0.5488799970330697,0.5485777778549994,0.5488799970330697,-0.09543673732020515,0.8581493903935805,0.8792238298938679,0.8654839555837327,0.8963768175599712,0.14707037913638887,0.8616081899419936,0.8633654603705601,0.8616081899419936,0.8673813392439025,0.8673813392439025,-0.17559545601190496,0.6991056528535015,0.047137344830818335,-0.7060343308746232,-0.6674572556686308,-0.6687324499520021,-0.18304965658775202,0.07490817532389597,-0.19082489501182057,-0.2101730327730714,-0.6090191319359934,-0.4037434710264092,-0.8649644702509315,-0.597116420729562,0.0875041795205348,0.08927390636207083,-0.6191035228083906,-0.5826147019766785,-0.5556227737561521,-0.5945577243527493,-0.7992622223917095,-0.6194541113822714,-0.621786768753921,-0.6194541113822714,-0.29647820578911005,-0.38801679792362875,-0.38801679792362875,-0.7794627858866391,-0.7794627858866391,0.37822550434557717,0.5856824958828388,0.8119934446091068,0.8028213462802135,0.7352313119082271,-0.41461945806954176,0.636430097829042,0.6893236161645704,0.6894955914873353,0.6893236161645704,0.12326860761626797],[0.9771402508384115,0.9719496439797586,0.5608657235623858,0.9753208291326865,0.9683429010279285,0.9771402508384115,0.9626558309112843,0.9563310337034905,0.9563310337034905,0.9616720335822377,1.0,0.9479651221795569,0.9626759027465537,0.962700413524601,0.9624086215597627,0.5267060628856707,0.42519123236898126,-0.10216301725433952,0.9668455372542721,0.9668253465150944,0.9627846596562578,0.9627769397887376,0.012122401002775783,0.7622102121118102,0.9641782442409362,0.9641782442409362,0.9643450260977164,0.8995617138210645,0.175823123100375,-0.11165666017677293,0.9692631787690106,0.9693630740037489,0.1419938243224045,0.044146009305622055,0.9702656253437888,0.9704992499629563,0.8889500255715299,-0.36744556784542437,0.9558407853112367,0.9695001259080652,0.49431035359935843,-0.1227608897602817,0.971316710696026,0.9712864028780318,0.971316710696026,0.8242735777812773,0.4175620684288631,0.840152751361958,0.9040203413313468,0.8622236781946904,-0.5019573146101145,-0.6752645149105269,-0.22159663757077255,0.8944334794376335,-0.022193061765856514,0.9223780788137047,0.9224390817008056,0.9402348935024836,0.9676012222050818,0.8901254012876647,0.8915269798877052,0.9061407716779505,0.8930606873494947,0.8994565565118795,0.9000266848351065,0.8994565565118795,0.8496809267486357,0.8305447023817382,0.8321424213265909,0.8305447023817382,0.8881919028748417,0.9020981156705912,0.8862207322895119,0.8867560842636666,0.8862207322895119,0.7115899840188321,0.6459341835196958,0.7125014537865393,-0.29362841696835584,0.7286342762802351,0.7437396818988297,0.7458666852963324,0.7437396818988297,-0.25323630248114465,0.8898447052839484,0.9395768001129712,0.9035964988299225,0.9021075613450952,-0.006455113730045582,0.8838723411659639,0.8847735366193198,0.8838723411659639,0.8916166359114341,0.8916166359114341,0.04142314138995704,0.4106081239194414,-0.12299521621945267,-0.6438474409949526,-0.43361893853958533,-0.4360367128914838,-0.04904658231543848,0.42190869699068195,0.02479898783480625,-0.17168645325690618,-0.5299651737935239,-0.0925626813673135,-0.7940284785539683,-0.2562252485555238,0.2942072314637389,0.29418261892437614,-0.4050796786895352,-0.43196232061965667,-0.36932353095302894,-0.3798321023963543,-0.6613838760582369,-0.38906558960885096,-0.39140205969691383,-0.38906558960885096,-0.11769442997846506,-0.42857789247345623,-0.42857789247345623,-0.5396112216899972,-0.5396112216899972,0.5217829711893804,0.6472111555823609,0.7499671601313543,0.6906881207005163,0.8115233386852315,-0.5031885716288265,0.39909839161416416,0.5336644329409307,0.5339741368057329,0.5336644329409307,-0.15876432496531426],[0.9870001302133995,0.9858039389135297,0.9952054084190317,0.9902291172017436,0.9964203009179233,0.9870001302133995,0.9996927962267549,0.9988020997612305,0.9988020997612305,0.9996598066528508,0.9479651221795569,1.0,0.999693031517542,0.9996893561183169,0.9996624776108987,0.28755259460035343,0.18722548935616237,-0.5085707052954305,0.9998067799278095,0.9998088352942972,0.9996974276190568,0.9996967542270733,-0.24865446342897235,0.9727177016621901,0.9948236107962045,0.9948236107962045,0.994804818436591,0.9935803738667787,0.09313246700006451,0.08285040439829887,0.9918801016713056,0.991927671237691,0.8530523263491613,0.01814855101289737,0.9990730313297143,0.9990305509523484,0.998909755914231,0.9994047404808308,0.9994437101276067,0.9991110167231656,0.23417119852747273,-0.516664262007544,0.9988597834852009,0.9988670973502641,0.9988597834852009,0.9101807313044901,0.4558293872447977,0.9366207076584966,0.9167505932459991,0.7590407396709737,-0.413074281568374,-0.6025026241266468,0.8200149646907595,0.8484167857240136,-0.3406794466794716,0.9338202579073338,0.9340250230314351,0.9701516670235,0.9937109036117879,0.9003902741808603,0.9066116809788792,0.8839116641069796,0.886863051672158,0.8892578593749373,0.8898326884065909,0.8892578593749373,0.7769175520628452,0.7453687399790485,0.7473852090241764,0.7453687399790485,0.9073018368430777,0.9131000726991306,0.9061003251522891,0.9070691842114667,0.9061003251522891,0.5245413215168366,0.465329748344705,0.5628035835410945,0.6543661058778913,0.5564470923597815,0.5854176937249542,0.5872624822326727,0.5854176937249542,-0.3248299138520603,0.8492065784339964,0.8818651051894849,0.8696181646689285,0.9071039276419257,-0.31564850338092687,0.8445985384643299,0.844875475860106,0.8445985384643299,0.8537534309559041,0.8537534309559041,-0.22764540465682429,0.692258387648317,-0.3856999002608541,-0.7942129798128724,-0.5324333186790822,-0.5352784450768562,-0.42019219502592897,0.2197717678977396,-0.3003718688071544,-0.5223904692728407,-0.7510718077628451,-0.39625406652772066,-0.5929434974251321,-0.46833804914142313,0.0794802969463772,0.07718877359142035,-0.5559776029563689,-0.5271087061388134,-0.5482453630295302,-0.5840203851209911,-0.577552546381769,-0.5517171168028936,-0.5548325780923797,-0.5517171168028936,-0.43209562550648256,-0.6226432808345548,-0.6226432808345548,-0.6160793659392129,-0.6160793659392129,0.37450077004238147,0.33559437048529583,0.4698651720906119,0.5703556414000405,0.5230736465499667,-0.5725257894147882,0.3070655867110443,0.2840833325110788,0.2842798433322495,0.2840833325110788,0.24552612545926272],[0.9925906428668797,0.9847293076675734,0.6531604187889067,0.9938022702854762,0.9972523641162352,0.9925906428668797,0.9999967069513298,0.9983188452963442,0.9983188452963442,0.999972990173081,0.9626759027465537,0.999693031517542,1.0,0.9999908372753131,0.9999952469597299,0.8551903266977156,0.8321321589591826,0.24116480398530377,0.9998674954085329,0.999867765628976,0.990243258096577,0.9999974660608806,0.3162734481067943,0.7464143948083317,0.9912255223752982,0.9912255223752982,0.987317924588854,0.9917174981658807,0.24823022338071563,-0.18473519676288547,0.9917326783961914,0.9916869792957403,0.1737866725198353,-0.2455057302994795,0.9993646255036129,0.9994817365068995,0.4484443818123416,-0.30443368627125283,0.9990952893236963,0.9994522937924026,0.8368132088675101,0.22025775643838216,0.9445922923562932,0.9991227269918398,0.9445922923562932,0.9160519136670943,0.6152005753333215,0.9410641236496219,0.9204822277782996,0.7592921285996136,0.4131123233045642,-0.11845503182880757,-0.18897073654276564,0.9320106011581816,0.3377630500859519,0.9686602394538476,0.9645295156021604,0.9796660356005196,0.9956523316978245,-0.01868007947357801,0.8799288212715423,0.8420083291180639,0.8850976106965723,0.8368266974847345,0.8012545344925762,0.8368266974847345,0.8218092094538679,0.8064844226361445,0.7956075979902649,0.8064844226361445,0.8787402644125619,0.4113115245294418,0.6102717113829523,0.6677449176771112,0.6102717113829523,0.6311516714447291,-0.33762134908244523,0.6054258027366265,-0.6156859813763981,0.5271470712469652,-0.08068639333724525,0.4605908474281136,-0.08068639333724525,-0.14002859302481557,0.8573514287872599,0.8793618646615172,0.8651034750499925,0.7769363701128281,0.231542135877282,0.8563554043140567,0.8576391839118791,0.8563554043140567,0.779208557395931,0.779208557395931,-0.17390082208243224,0.6988891497029431,0.234240182870154,-0.6943225910868931,-0.6333488695133317,-0.6365075656975238,-0.17965760924715463,0.07155994288198776,0.32060358007701734,-0.02667917699217969,-0.5699063482698423,0.04312913528874244,-0.8281957666552595,-0.18754757249827775,0.08834334518712132,0.08989684946999454,-0.6175866496780622,-0.5862887214964465,-0.10920355385176315,-0.5929432772446667,-0.8321261235634516,-0.39485714260904514,-0.22949799585370795,-0.39485714260904514,-0.2943311108189493,-0.38470669023878656,-0.38470669023878656,-0.8241797440487443,-0.8241797440487443,0.37967340302430774,0.5876891737432199,0.5096723221420216,0.8032392888458714,0.737345240913541,-0.38749918446317416,0.07011455713017846,0.7467363332546813,0.7656251875659327,0.7467363332546813,-0.11300545125534397],[0.9929832918561435,0.984676416896598,0.6471698325762059,0.9944777331142041,0.9973301675795591,0.9929832918561435,0.99998735805485,0.9994295795632119,0.9994295795632119,0.9999721181089323,0.962700413524601,0.9996893561183169,0.9999908372753131,1.0,0.9999882774100374,0.7890613456802147,0.713966835437107,0.24296997151442182,0.9998900865016243,0.9998907122360945,0.990233828176011,0.9999882637379236,0.31738867362841866,0.7427340400317853,0.9941474209539609,0.9941474209539609,0.9941132299701192,0.9916622611568282,0.24271615246493725,-0.185070969305097,0.9920834828379848,0.9920880973349859,0.1966591892834272,-0.2449054024431344,0.9995362473718477,0.9994814623928808,0.8518785465001908,-0.3939130518343282,0.9990915265580868,0.9994563403906527,0.7690775653048257,0.2220949793669889,0.9994317785328902,0.9994363461155179,0.9994317785328902,0.9159003727114556,0.6153103815050491,0.940874629518182,0.9202468681910133,0.7589212772726494,0.2937992626869723,-0.2880114747869243,0.11119895619310845,0.9318939209606485,0.3383259146616452,0.965793230598543,0.9645494171088137,0.9782590499152065,0.9958780276925925,0.8949546453328151,0.8793352948384298,0.906943599699402,0.885140774459499,0.9058418610500522,0.9066402079449393,0.9058418610500522,0.8211394915434848,0.8743194822730458,0.875695241937087,0.8743194822730458,0.8786552841939234,0.7777587713087557,0.8709345817378009,0.8724274343438981,0.8709345817378009,0.630717534713559,0.4831174695226176,0.6041174003205776,-0.6178158841075735,0.5257593780811886,0.528869652410368,0.5297185062786202,0.528869652410368,-0.14216947720349005,0.8573212101580975,0.8790306066832952,0.8646375731963398,0.9015850731353227,0.23351698828008116,0.8563914598275868,0.8578195202036977,0.8563914598275868,0.8660333496416008,0.8660333496416008,-0.17424713679190038,0.6976480196736848,0.14629368316485197,-0.6933135444547882,-0.6329929990849047,-0.6360915394413081,-0.17964049567342982,0.0705493757164163,0.09507604989070834,-0.025279832993498248,-0.5685482468616252,-0.14469249953941257,-0.8390632997188843,-0.40623514388821813,0.08784688578549836,0.0896545960239237,-0.6176293465124383,-0.5855828193087735,-0.39998342401572856,-0.5927096743177259,-0.8252163736336557,-0.5125071417331822,-0.5083687232031301,-0.5125071417331822,-0.2938636034744632,-0.384933750994252,-0.384933750994252,-0.8158998863176524,-0.8158998863176524,0.3776188185357414,0.5874627905643884,0.8202143561999277,0.8067493802644208,0.7375203073633765,-0.3870923250369048,0.70033216657234,0.7348429498915603,0.7349326242698602,0.7348429498915603,-0.08052926804535013],[0.992639710146908,0.9845765605707241,0.6533305153284248,0.9938283980678022,0.9972771242506906,0.992639710146908,0.9999936061709149,0.9991841106394402,0.9991841106394402,0.9999763611293787,0.9624086215597627,0.9996624776108987,0.9999952469597299,0.9999882774100374,1.0,0.8464812942191716,0.7885635561898312,0.24129795596789383,0.9998702473457981,0.9998704055359342,0.9903731177139814,0.9999951910100081,0.3169303621357321,0.746260425856268,0.9943497999767297,0.9943497999767297,0.9942598510310116,0.9916485177325911,0.24850497160809568,-0.18476205290313263,0.9926061577641437,0.9926476380268406,0.1745156169844503,-0.2453412092043434,0.9994096206850983,0.9994810244495909,0.4474967535918407,-0.3036963590825162,0.9990539602313034,0.9994546844212924,0.8345916601992581,0.22041249005919475,0.9441600195928465,0.9991728654546961,0.9441600195928465,0.9162938754684161,0.6158446043961474,0.941219558529357,0.9206210638184253,0.7590405902140268,0.4144221166572859,-0.116984172277357,-0.18919014902167083,0.9323379923291835,0.33802746357246216,0.9690372349101872,0.9648221206410771,0.9799185402887313,0.9956923094254627,-0.019659220385443234,0.8801746893928386,0.8419194274717555,0.8853056476394062,0.8367694803342035,0.8008341587074527,0.8367694803342035,0.821992634361625,0.8064201576100305,0.7959510263962605,0.8064201576100305,0.879024564093263,0.41066365480400974,0.6097998870548026,0.667740432096478,0.6097998870548026,0.6310222127052956,-0.3387342590581317,0.605377694650462,-0.6158727979151581,0.5268137865763041,-0.08163596967184628,0.4602594330353544,-0.08163596967184628,-0.1399876141776575,0.8574714356772958,0.8791274251412127,0.8652290829541138,0.7695168394501607,0.23191217569481165,0.8564393759796431,0.8577133010671979,0.8564393759796431,0.7790231005337062,0.7790231005337062,-0.17521999881801364,0.6996624599343854,0.23471913725248314,-0.6942966262808888,-0.6336955648636824,-0.6368584344877501,-0.18069804563387712,0.07043782782124469,0.3209239546714718,-0.027058454387965513,-0.5700913213775011,0.043229854815115834,-0.8274486628490041,-0.1873776784599556,0.08743384753237139,0.0889860737530199,-0.6181505141047566,-0.5864935546349381,-0.10864744590741969,-0.5940380370498107,-0.8321489349536298,-0.39479477591956313,-0.22896557067207307,-0.39479477591956313,-0.2951847195603814,-0.3851279156622563,-0.3851279156622563,-0.8245214809864441,-0.8245214809864441,0.3798729824110058,0.5873640567610253,0.5092023126508777,0.8036644928872928,0.7368134971020316,-0.3870786275368679,0.0694915029651125,0.7471445288237145,0.7662314056438139,0.7471445288237145,-0.11273124118624102],[0.7821075188682564,0.18368555652973562,0.421382706440435,0.7813233702444673,0.6916358856977679,0.7821075188682564,0.8552054612434158,0.8524345885274334,0.8524345885274334,0.7312027718895393,0.5267060628856707,0.28755259460035343,0.8551903266977156,0.7890613456802147,0.8464812942191716,1.0,0.9933897142513503,0.41773890425784893,0.8280592379119909,0.8280338816867694,0.7619974271309056,0.8454086921502022,0.331395768745075,0.4249856513713248,0.8384743667910377,0.8384743667910377,0.8247969235502034,-0.11326310596348654,0.1937164848388032,-0.1730924232412717,0.8751711339045771,0.8726693361289443,0.1555407018846704,-0.2363151616106103,0.8514727346138259,0.7533597263612316,0.276356249348672,-0.318409972733983,0.30299829586320226,0.7240026896823774,0.9983822612244315,0.400185023617746,0.777696677921405,0.8511992680453649,0.777696677921405,0.2617113407524144,0.5499840666821019,-0.15762957339076109,-0.17757813085748214,0.13178749287289118,0.4008870381470258,-0.059990480871514124,-0.21043544130862582,0.7379221529012496,0.4020883481362354,0.8483444486414576,0.7420630898032088,0.8199812737457696,0.83682417520005,-0.10104226131345255,0.21205792478218233,0.6107933251105894,0.494063289493542,0.6012256269080263,0.655814