var element=document.getElementById("correlationAdjClose");if(element.style.display!='none'){var correlationAdjClose={"data":[{"type":"heatmap","z":[[1.0,0.99999377949273,0.9855346736043438,0.9999278315407609,0.9991224748974631,0.9850738135312663,0.9979164828973864,0.9961266300732886,0.9693850516264944,0.9964457295745066,0.9946073299503477,0.9942011942349512,0.9962426934676777,0.99627737596062,0.9961716764553691,0.9976795973089315,0.997928932008948,0.9984121618779574,0.9967570051209237,0.9967657488506269,0.9968150061425289,0.9961990984032999,0.9873906579179603,0.9714751452050325,0.9900289023387999,0.9568337101169523,0.9890454864857914,0.9880587025338543,0.9682826108378431,0.9528256883534629,0.9929030078188719,0.9941107944037612,0.9924936636368451,0.977531604348149,0.997819521046713,0.9980381822465614,0.9975898780059397,0.9962971736505358,0.9959290979029861,0.9979326930468828,0.998783978943069,0.9988308202573307,0.9977805810368913,0.9977870456304146,0.9768239580207841,0.915211920445936,0.9500057854988772,0.9255577770928961,0.9269017216390665,0.9046338112187587,0.963320997086451,0.9484955624836579,0.9650479932658018,0.9660988688037833,0.9557564445133603,0.9843829615452537,0.9815623979726893,0.9905396788519706,0.9944598427781409,0.9869543055740774,0.9827890315074596,0.9883829562304276,0.9866037250932947,0.9889322589923849,0.9887561289611053,0.9642510666882543,0.9751287205632784,0.9761677927100112,0.9758498758094551,0.9534155258579015,0.9808970052217745,0.9780427563834451,0.9852083046098898,0.9845046197306295,0.9428384155359121,0.8896277260514569,0.8569026420841629,0.9055186733107251,0.9225212785149796,0.9198620347344761,0.9204482334951863,0.919114450565705,0.6975054702240392,-0.5585853435760126,0.9811768475576561,0.9766889415364729,0.9734324744400085,0.9876586899882903,0.9750991932580745,0.9848434954634039,0.9848297049534699,0.94978823913831,0.9849993078186348,0.9527477459748251,0.7737830979821603,0.9075152791890311,0.9291089565999305,0.802104125019311,0.9513609726775283,0.9521398101615727,0.9002965456732109,0.9654926853395556,0.895854770839009,0.6005073749057129,0.7222156709299589,0.9028411487271034,0.8708602597412697,0.8939839536509042,0.9743372045906145,0.9745135387722097,0.7833354010239099,0.7382617429459971,0.8250948438642113,0.42229202333590987,0.8032856679498768,0.8293519552740816,0.8245303435272707,0.8161531468960804,0.7809200602426122,0.751689872121478,0.7346467517536,-0.2748064813526185,-0.4142195218093124,0.6615557284208674,0.8916162366257911,0.9346072170789724,0.942285612732061,0.9075472171719607,0.825785066414274,0.9097014275695698,0.9280441413228203,0.9277989849400667,0.8620331149089044,-0.16689372070809294],[0.99999377949273,1.0,0.9881260209889325,0.9998335582969516,0.99826820578626,0.9900099815500779,0.9946399088981598,0.9917633005958026,0.9849430951544019,0.9917800177401744,0.9917906445705172,0.9935197390052691,0.9919118282291294,0.9917807896210923,0.9918417689330881,0.9940538074929637,0.9966392381106689,0.9962764324145608,0.9942421141576713,0.9942256895659666,0.9918352953955739,0.9918612137983472,0.9918319772825539,0.9739333904697822,0.9886569521939939,0.9820921331591453,0.9885594168413705,0.9880026460686065,0.980905939071936,0.9341264938146269,0.9891376399351874,0.9867532461836186,0.9804741818809216,0.9328260907092588,0.9957042611541385,0.9956028528731127,0.9958333693729684,0.9923102054017887,0.9953335284733216,0.9958389981212018,0.9971234147066659,0.997266625233829,0.995820740036389,0.9958085707429285,0.9898243754444757,0.9148348943958894,0.8886309535502,0.9251500570945654,0.9267196436741415,0.9046102299730134,0.878926592879873,0.9235473311762096,0.8815896545113988,0.910874810917145,0.8785150562923288,0.954720978975532,0.954566496328811,0.9685818317665306,0.9845534218490305,0.9823049298292719,0.9846419737561217,0.9802871951755414,0.980574620042565,0.9820926648419934,0.9820248548076687,0.950755194038838,0.9619994534607941,0.9391633516657655,0.9390791602332246,0.8711956990617636,0.9790112718916266,0.9805625815399055,0.9807502552966284,0.9803530375627973,0.9519280295999686,0.764743577394076,0.7214139981709695,0.8294906719304304,0.8938971823864458,0.8461049678186142,0.870514539113869,0.8692360057489056,0.7228298425187255,-0.21622926068377343,0.9700285600170853,0.9741954438184208,0.9698355703604091,0.9828896370676163,0.967724692712711,0.9731085031751299,0.9725052097793051,0.9307409456686149,0.9749877353279034,0.9339355636046552,0.6898124084544109,0.9069477613310409,0.9049490749922315,0.49238212802013037,0.8262645749103242,0.8309640782478973,0.7394192202135064,0.9665280615309528,0.7121917808905223,-0.2920877951258478,0.21484988450705192,0.7394716028630477,0.6881019020769764,0.7319896181041609,0.9680668220179516,0.9680305689460149,0.13386391243560516,0.30599305974247015,0.14057856475272923,0.11227763572032713,0.1342138487412179,0.14890794071749205,0.14543228139494968,0.06702428814708632,0.49994838401406916,0.23069621823509975,0.1798967685555458,-0.4407919852537168,-0.48548852431813716,0.6618458775394496,0.7496445094499312,0.7738778738822852,0.8348058397545645,0.8179675018266086,0.5679598295334385,0.751719401541022,0.7683392935876093,0.7662596555655692,0.41822779351106615,0.20941984519636272],[0.9855346736043438,0.9881260209889325,1.0,0.9869476240054462,0.9931293418482731,0.991522834211583,0.9899162376385102,0.9905698118087214,0.9906861598555466,0.9932802838885106,0.9972787096428054,0.9964276217468571,0.9904364681990017,0.992654919137544,0.9906279128176836,0.990049411872552,0.9908442214601211,0.99017570131823,0.9892830746514429,0.9892433623608601,0.9921443094557869,0.9904449230778688,0.9947195301507994,0.9837596880380746,0.9912481329102616,0.9807163276849481,0.9918052334740631,0.9870038839876636,0.9860860026232225,0.9588416462929137,0.9697466387046995,0.9739152167224401,0.9765517722206896,0.9534568111947948,0.9872074782856957,0.9902946181816742,0.9886726189536673,0.9922476214413648,0.9947435953627054,0.9910817408207686,0.9850889170713077,0.9878965617036646,0.9875477788979845,0.9869089479258112,0.9920673385481398,0.9101302280697214,0.9328246880248907,0.9390191092348255,0.9201370896291218,0.8594621021927399,0.9211655707065542,0.9034510593002809,0.923798124945308,0.9271002122010656,0.9120473699958621,0.9494263273888591,0.957878699219029,0.9666486389221736,0.9778053770459162,0.9392978163833443,0.9642436308332336,0.9627140449631937,0.9696706892492418,0.9629703851038329,0.9374549259242952,0.9214852484813455,0.9452578635782173,0.9350961360333298,0.9164065717177587,0.8930082990150695,0.9700979072793149,0.9484055559734029,0.9625094939478711,0.9414891352809897,0.824277471818101,0.8455870946884212,0.7633315964679478,0.8642379532796041,0.8921895410800239,0.8936246650933412,0.8605925923457663,0.8749805681340186,0.3982978494448894,-0.5482318960502586,0.9598764452234304,0.9467300168020809,0.9462612160479557,0.9393474943190976,0.954305181431918,0.962434645377895,0.9619976852700902,0.9330993570160788,0.9575910636539574,0.8765740592286634,0.7564935774234193,0.9506970306045139,0.950133769971413,0.7786123704433267,0.9378992309495695,0.9396132108907642,0.8725790089792773,0.9801028911932838,0.7759486355753461,0.5041540195415982,0.6646166383800394,0.7970121769124461,0.7970821547279291,0.77818258113356,0.9825497853575144,0.9825929704355151,0.7110251219265721,0.683133651802507,0.7107322725890699,0.36758029573671275,0.7023874695157434,0.7135766508658458,0.7264971259231879,0.7121218044659124,0.741755367506691,0.6846243060206856,0.6664010472475642,-0.33767125566350903,-0.4767199854976059,0.6261131776256955,0.85170602410251,0.8815508053731211,0.886956192822302,0.878456919559427,0.7569616558565763,0.8588020545072215,0.8705043271575075,0.8778806959831797,0.733119613406215,-0.08884044157686996],[0.9999278315407609,0.9998335582969516,0.9869476240054462,1.0,0.9993684690846586,0.9862401149906688,0.9981622535403548,0.9965566384398642,0.9716653832806792,0.9969136764755615,0.9953027315607109,0.9951130010386098,0.9966545456015705,0.9967774733906161,0.9966011115978451,0.9979555783289574,0.998266605978049,0.9986722805077433,0.9971331324835456,0.9971389518238751,0.9972123449094488,0.9966151947656763,0.9886062697285324,0.972916628269002,0.9910009443878802,0.9594907548210204,0.99012563206172,0.9895651224021871,0.9703118599724488,0.9540559467678652,0.9922162881352126,0.9936180888851688,0.9924183845283889,0.9770893604745943,0.9979042613852239,0.9982329026881209,0.997818580812721,0.9967629587275965,0.9963829087554608,0.9981587928408557,0.9986800413927895,0.9989082500916106,0.9978610745219417,0.9978639666872721,0.9786900292917166,0.9112492715540753,0.9478290122087487,0.9261125011480653,0.9254431998984665,0.8977508914293016,0.9603391127015328,0.9451599409302135,0.9619737570424803,0.9635586284268132,0.952897653171823,0.9822557351124135,0.980005800658109,0.9896646559254036,0.9942601219975817,0.9855508331158177,0.9817548478205447,0.9871634639585609,0.986041643035526,0.9876340911171235,0.9874494254407229,0.9543579095260566,0.9739323703006773,0.9747000472047203,0.9743774664905679,0.948328254724977,0.9804884039446473,0.9752463788382261,0.9838050227194208,0.9830646112391159,0.9223322859496692,0.8881550903134234,0.8530977986367138,0.9038532626964623,0.9197447713953112,0.9193958869484832,0.9180493328363196,0.916756521928081,0.6056213175281087,-0.5580801599779752,0.9803930029993002,0.9755401631583339,0.9720669506966166,0.9862575991692631,0.9743966149575343,0.9841119757685022,0.984091121942094,0.9494579136755392,0.9836020905499336,0.9377145963613309,0.7778028130303534,0.9129894551803152,0.9331794037966183,0.8038578966822321,0.9526663325870652,0.9534726461995398,0.8997664777939158,0.9667331397455635,0.8896269545569138,0.5966973689549414,0.7203715693458672,0.8972546706003922,0.8671131906706292,0.8881239500528761,0.9751654370283576,0.9753477263317426,0.7820516410349422,0.7384054895693002,0.8170473807006411,0.4241268697278269,0.797386610687356,0.8210265846920357,0.81612962658609,0.8106401296249979,0.7831662524356905,0.7514489395626429,0.7344906991407564,-0.27021410127405554,-0.4134944719798135,0.6607676489364245,0.8895577119333864,0.932577734890521,0.9403281695905426,0.9061215622200572,0.8228449900821035,0.9075439535950725,0.9256184688598238,0.9255230010388974,0.8545975854517308,-0.1596777054230552],[0.9991224748974631,0.99826820578626,0.9931293418482731,0.9993684690846586,1.0,0.9891330484894822,0.9991037117938104,0.998548309223073,0.9840107819096753,0.998548602825713,0.9981478400702234,0.9981921075382064,0.9985770142481484,0.9985807533275775,0.9985804258086147,0.9990787982060771,0.9987158036118413,0.999305129622802,0.9989003678657046,0.998896541141127,0.998637405698329,0.9985661982012523,0.9944944394443568,0.9805317408752656,0.9949766265971295,0.9768603759086166,0.9949474814719002,0.992272298863176,0.9831214703027141,0.957398421467115,0.9892051452795301,0.9918920366751509,0.9896269590499149,0.969024562554067,0.998945475209993,0.9989972222353009,0.9990144171989918,0.998656088915583,0.9986828468436334,0.9989889576240834,0.9989788621472729,0.9992031247911656,0.998948413788276,0.9989428156297435,0.9883422625716264,0.9212812616472474,0.9470192069889763,0.9374550339134634,0.9296049015562534,0.8933557556182786,0.946775263047269,0.9392412290023674,0.9510591526564929,0.9569133697911114,0.9456307067773679,0.9794056603545152,0.979289626998278,0.9895418347661847,0.9940755667982727,0.982412105708975,0.9764871966642287,0.982951279308945,0.9824116578247234,0.9833027441631069,0.9830994455641479,0.9551631455370805,0.9656966090823462,0.9604945103646427,0.9601114873641223,0.9229471933813616,0.9779053456869867,0.9742873818077391,0.9800872217736506,0.9792959869092963,0.9405287836850698,0.8682631933605504,0.8306989735928318,0.8892441678552193,0.9244983832488133,0.9090091024913374,0.9161122840413928,0.9149997050933284,0.752886052631237,-0.5700484845480043,0.9744540391916333,0.9659236093417405,0.9632661596480669,0.9833310466870552,0.9653536757288878,0.9779223599904434,0.9775755075138893,0.9413002105077094,0.9794716339161842,0.9439923790394503,0.767307473265205,0.9279539061755204,0.9530674555405971,0.7670809580664674,0.9400399846906282,0.9415220550483586,0.8939319353098301,0.9717251724273255,0.887905135777679,0.4371019215143694,0.6617151155538405,0.893723213803038,0.8426181920238454,0.8891292003268706,0.9786898285273279,0.9788292550982199,0.7464800344758048,0.721924702313983,0.7504245106879812,0.4021952702454642,0.7014621127810996,0.7553627091551715,0.7506846425804797,0.7140580526657285,0.7698715018999693,0.7364531408835003,0.7186222550316558,-0.4766744914968321,-0.5578726227460544,0.6554279438869541,0.8840141526635831,0.9182240192191747,0.9342700031880402,0.9039251272825846,0.8036564013425304,0.8953906115522602,0.9120130000104195,0.9113850405269945,0.7909758762272727,0.050163010279143855],[0.9850738135312663,0.9900099815500779,0.991522834211583,0.9862401149906688,0.9891330484894822,1.0,0.9843113223243056,0.9851751598745014,0.992544827503259,0.9846113236010067,0.9803614819001631,0.979521768927494,0.9850453124917538,0.9855444848518816,0.9852455884084582,0.9848972506378297,0.988211407497558,0.9860594062503333,0.9859305413315866,0.9859227656694914,0.984085018930639,0.9851426920253757,0.9955143034864118,0.9934369111025071,0.9864569414216968,0.9866971428145164,0.9867037653818563,0.9774346926205069,0.9881285602925152,0.9736778712428578,0.9632294655118444,0.9687907760030162,0.9775496330261566,0.9665025749938462,0.9839864707173186,0.9843592701810147,0.98517466758396,0.9858154448538325,0.9802493858021534,0.9848116140947059,0.9831909549332684,0.9848955581839164,0.9841668547178313,0.9841657943478107,0.9959884714699814,0.8693985709882732,0.9254267774924856,0.9061547504107635,0.9184453885844466,0.877751064518403,0.9185094430180776,0.909178609398009,0.9211007886342157,0.9352007238581991,0.9170646104483596,0.9511259165254322,0.9562258302882526,0.9626172314561617,0.972047634194112,0.970472472869663,0.9861739964377222,0.9721272913625424,0.9838684442256457,0.9717200725818979,0.9711480007889468,0.9761033049353944,0.9679688400924467,0.9476946279725077,0.9471384418816142,0.9458887436597622,0.9823894961735682,0.9750128054425121,0.9717894756124511,0.9704177031824627,0.9627216830934521,0.8893467857251586,0.8432260348586365,0.9067608332796581,0.9155486420657306,0.9248145858179285,0.9058403934220735,0.9036128180862802,0.7279317912507056,-0.5083896275403409,0.980286001703621,0.9815216856393774,0.9772722009025322,0.9713655671441475,0.9725964252261324,0.9790852919133096,0.9786571038382322,0.9676397360265602,0.9685093871861775,0.9665343228078367,0.7793972405120295,0.8867589767898097,0.9527085401799301,0.8129244452026351,0.9417538571857846,0.9427842722906941,0.8683737504760994,0.9593452111306363,0.8368940641692141,0.5251814058368638,0.686742159517863,0.846504932928642,0.8207170114425048,0.8359478549691494,0.9599046449386454,0.9600072560582302,0.7372335674173077,0.715003865139429,0.7531954929126226,0.42612530126520937,0.7443419240104312,0.7586524870705782,0.7524162093631898,0.7492039890882548,0.7648489810264217,0.7135782874115093,0.6992422639688343,-0.2979950847918636,-0.42808651043462115,0.6692475858536646,0.858207443400284,0.8765379741937722,0.8898731711400614,0.8691170519904421,0.7833312931700123,0.8508970545780937,0.8684188696893915,0.8683623042688555,0.809936516536159,-0.12422354842072464],[0.9979164828973864,0.9946399088981598,0.9899162376385102,0.9981622535403548,0.9991037117938104,0.9843113223243056,1.0,0.9974960862751933,0.9572981839509886,0.9996027306899392,0.9995552764401476,0.9995743842580063,0.9983966658964726,0.9994681096783187,0.9991718032231084,0.9998902559972299,0.9965292511432013,0.9999033260245972,0.9993686674092294,0.9993738780252773,0.9997086201723806,0.9993182177519662,0.9907452597064546,0.9746918586259052,0.9857029679705303,0.926394253914151,0.9934636751672158,0.991852026753203,0.9738601392939695,0.9511439394048612,0.9916057934354972,0.9918298592123183,0.9934460809847949,0.9745023411880599,0.9989920025382567,0.9998490635518777,0.9997100682466465,0.9994759727040871,0.9997614574387982,0.9998331089603494,0.9984882067849686,0.9997318155464188,0.9993782285314216,0.9990276145471356,0.9808210789108934,0.9291551793454997,0.9505565141199348,0.9472681704204154,0.9375698906548241,0.8937294613395449,0.9569078332843545,0.9448101062759591,0.9592246807461261,0.9609518544291189,0.9514739024137682,0.9813273013185431,0.980568723918739,0.9916012705106134,0.9963564580084645,0.9493771648225858,0.9646395571145127,0.9739478741627542,0.9746510607397215,0.9754964849501099,0.9493804229108342,0.9064627600616465,0.9571747590386623,0.9622177537862476,0.9405613129497331,0.8975239983751184,0.968485777632096,0.9416924754388171,0.9686915628213892,0.9497411994629821,0.7850032501789053,0.8621639822771401,0.7839009690295196,0.8770347235201161,0.89429052601134,0.8989708826031704,0.8775121617277664,0.8895225356202137,0.3479404980642053,-0.5915752464031798,0.9657577350560371,0.952334562705805,0.9509277435801629,0.9509059002266131,0.9616777191269605,0.9719280120213166,0.9719989382201168,0.9310010420290614,0.9687030052057646,0.8534222121750438,0.7620085314901728,0.928616238868487,0.9325815196758949,0.7922712317145136,0.9506469124658936,0.9516161138991317,0.897306683735133,0.9711743498172674,0.8321446673326327,0.5892437675341732,0.7127887868944868,0.855519075858024,0.8475910289078503,0.8370433549722871,0.9789627860663174,0.9791521409135547,0.7721770694034313,0.7193346830552695,0.7820979561713417,0.3967547534985773,0.7758429255893264,0.7939923695731086,0.7884303776974635,0.7919136752557986,0.7668778314503557,0.7422625946481343,0.7235495212340518,-0.2850359588885803,-0.43578361134374466,0.6725791977551647,0.8878982611252744,0.9234868452622471,0.9403749278041512,0.909571521280189,0.8234821657044683,0.9090497828337623,0.9284642610683567,0.9271558736453459,0.7751307004450808,-0.12676597322206348],[0.9961266300732886,0.9917633005958026,0.9905698118087214,0.9965566384398642,0.998548309223073,0.9851751598745014,0.9974960862751933,1.0,0.9681644971665903,0.9999998252168537,0.9999992881910873,0.9997448273014431,0.9999970590471625,0.9999924499130923,0.9999981900364692,0.9993041356554249,0.9912445544712296,0.9994380564880623,0.9999068198189837,0.9999061505999634,0.9999638400866183,0.9999985631446707,0.9911628993715883,0.9762458553632956,0.9927310190521539,0.9404922205456294,0.993963222418108,0.990020251958581,0.9760646182262316,0.9504742546049075,0.9879128362386036,0.9938121851376939,0.9919790368247617,0.9713881242217088,0.9994614918905492,0.9995578799015739,0.9996655821970455,0.9997367668583692,0.9991804263522053,0.9994885242344727,0.9981878659728879,0.9987950113943855,0.9995329696590981,0.9993960302146543,0.9824737992053331,0.9289504229317652,0.9477692881331711,0.9511980200717869,0.93582290851176,0.8826555116175089,0.9551535488724427,0.9402205048036203,0.9571048393979107,0.9551464901403788,0.9453674559854424,0.9792835540537992,0.9775691619604271,0.9905393727776485,0.9968804486630011,0.944469916234198,0.9605485740473529,0.967668817962437,0.9716466106594086,0.9696003938863862,0.9476719884942846,0.8989828502673406,0.9525169781287232,0.9555326033290641,0.9351947543876573,0.8856095412864905,0.9658257896089874,0.9356287230350018,0.9633422006076676,0.9451825729214837,0.7724959166304102,0.8542958017433343,0.7795053369055227,0.8692314095344993,0.8872573384294942,0.8945048640052454,0.8731695350587826,0.8828319502948283,0.33054954782102375,-0.5958441604505373,0.9616776660059386,0.9459043836557114,0.9450244191814318,0.9489597877531099,0.9571875833024976,0.9679142725527891,0.9679701966085662,0.9263427905608629,0.9620058015526544,0.8425515382857504,0.7589459837390636,0.9425663847282478,0.943312506865168,0.7886985847229836,0.950401731375676,0.951524089850053,0.8947608353379346,0.9751331888472464,0.8350558358086048,0.5749265446030289,0.7040185095354371,0.85647920455834,0.8444096209069855,0.839185643976724,0.9814176570345688,0.9816111226547792,0.7631775666175579,0.7116463606550358,0.7833675009401052,0.38424031778988915,0.7706799614420403,0.7894221430526258,0.7888292416124918,0.7863034690149912,0.7606442377204476,0.7364571056397815,0.7171642548475203,-0.30074178231023835,-0.450436817457233,0.6584749989037861,0.880303345634668,0.9209457918560402,0.9327818412129613,0.903764037645679,0.8126931088105862,0.9025994852612844,0.9221627687581292,0.921123938528436,0.7562287214488703,-0.10978436951427126],[0.9693850516264944,0.9849430951544019,0.9906861598555466,0.9716653832806792,0.9840107819096753,0.992544827503259,0.9572981839509886,0.9681644971665903,1.0,0.9831948467139583,0.9874402174722681,0.9897043988662693,0.9718453564480407,0.9801735856770808,0.9767608701494858,0.9746409584417758,0.9491753323497368,0.9794244082104099,0.9775203629812931,0.9774664945960003,0.9816634667801486,0.9766125291121176,0.9939778981228522,0.9926495734653594,0.9811099358161149,0.9886124278029466,0.9841596833531522,0.9899705491354538,0.9904403215319832,0.9672612790254103,0.9278694811975758,0.9494771273104807,0.9655094384470743,0.9491622560434047,0.9711490417844721,0.9795121878238088,0.976250592685689,0.9786136680407711,0.9878340534248183,0.9806479077583502,0.9671195516540162,0.9765087497543029,0.9719947627925289,0.9709389995807456,0.9989444129055143,0.8877670418847325,0.9164865488294188,0.9416569626986233,0.9320094868608249,0.8552095471229382,0.8843568898957974,0.8809111311708558,0.8881918247478557,0.9102406688297593,0.891407996563132,0.9279942769125972,0.9434394950405878,0.9494952025225765,0.961708762322894,0.898771262969998,0.9652828688479367,0.9418878642837876,0.9632126192766747,0.9419104151435498,0.8968179760416046,0.9104560411011463,0.9382622426446926,0.9101362211131124,0.873077163342175,0.8751228502265397,0.9647186138690425,0.9155281684419027,0.9402942167979916,0.9017869385205146,0.8107500517188027,0.8380347818440793,0.7187734584993765,0.8586926073793243,0.8727676376998507,0.8865029157033206,0.8344474290921462,0.8530696930478321,0.37552979901714756,-0.5333897803852832,0.9539510413273068,0.9491338222494016,0.9454081761306063,0.8976425690543406,0.9437929459139719,0.9519644408071313,0.9513310108147524,0.9355323502185312,0.9362003284355392,0.8626420292506275,0.7627795884032603,0.9339596075343487,0.958668445782164,0.7871359993810271,0.9310567364698876,0.9327258811167151,0.85022919846753,0.9676194188032587,0.7424363302174605,0.4672394659790157,0.645770815137628,0.7745188837372993,0.7740708985902477,0.7527155493138696,0.967007794779556,0.9670264965998707,0.6920253885760648,0.6724397238003812,0.6761614374718707,0.3750479534395783,0.6843543413788581,0.6919400904518427,0.6763789782716708,0.6905809899774104,0.7346227140340849,0.679074262189627,0.6621342284480292,-0.34433222887981213,-0.4797194346831849,0.6701535451776558,0.8366746051497979,0.834601516578178,0.8617682221762476,0.8577644702569202,0.7496900731871631,0.8143789546519387,0.8402311332653145,0.8342408569829062,0.7052937964630921,-0.04859923152587807],[0.9964457295745066,0.9917800177401744,0.9932802838885106,0.9969136764755615,0.998548602825713,0.9846113236010067,0.9996027306899392,0.9999998252168537,0.9831948467139583,1.0,0.9999991121364163,0.9997496323595431,0.9999985146065731,0.9999912291246013,0.999997690505843,0.9996688162201752,0.9978022343607513,0.9994330031051851,0.9998792933755717,0.999879047355912,0.9999765180649783,0.9999990370654416,0.9937409222467215,0.9777939474168735,0.9960319227352066,0.9736234901360711,0.9961170102510261,0.9900000476704006,0.9804047629569945,0.9517072751395144,0.9893859213157571,0.9935493033111943,0.9894369884728139,0.9678334128956295,0.9994818978965876,0.9995492797436859,0.999561418647902,0.9998262760995731,0.99919397807743,0.999496262711674,0.9983910226579641,0.99883579764009,0.9994859275443858,0.9994792408588912,0.9867955916553528,0.9288745437712974,0.947806752859512,0.9510048316829551,0.9356266306437196,0.8828001760711148,0.9447854360957261,0.9337242025640361,0.9484762147360106,0.9531738996100048,0.9432465108448809,0.9778897768271756,0.977604205011648,0.9910794652548565,0.9966585198789073,0.9726362613827749,0.9604913051903305,0.973242311274346,0.9716093970832193,0.9736875860455295,0.9734330053621599,0.9432815238943413,0.9524386142130508,0.9510208752382946,0.9506824932595027,0.9116872660037875,0.9657632866186897,0.9648373867731682,0.9705157074467712,0.969534689834554,0.927490355165034,0.8543465656903985,0.8109644596745704,0.8689988141665778,0.9076854289082333,0.894549312948759,0.9006072835654048,0.8997358238561279,0.7056895062510384,-0.6055495724412178,0.9616399267569136,0.9459088835449061,0.9450383866322881,0.9737747820451098,0.9525999241536642,0.9675353909913,0.9671600963161282,0.9270428506238108,0.9693185892837922,0.930051772709899,0.7589576658672894,0.9422519032362965,0.9553863207047825,0.7713532944523218,0.9437364316401698,0.945029316926107,0.8948329938356805,0.9742772590938946,0.8956880745308504,0.47511680622070046,0.6792561317675977,0.901447909939706,0.8508503787799209,0.8969906959800124,0.9813746555101516,0.9815982310590567,0.7632463203978127,0.711394398355874,0.7664667722179109,0.38436609679833933,0.7188884995340789,0.7714477276528312,0.7667470640917482,0.7330193501270231,0.7603845086964631,0.7364168739510278,0.7170971483916639,-0.5221007259315338,-0.6039358153021026,0.6584656598448647,0.8804520792506405,0.9204248040778873,0.9362705569854095,0.9039708570233901,0.8090824885044797,0.8965354066790178,0.9139289695250085,0.9132090498192906,0.8029598165550327,0.11625707109944669],[0.9946073299503477,0.9917906445705172,0.9972787096428054,0.9953027315607109,0.9981478400702234,0.9803614819001631,0.9995552764401476,0.9999992881910873,0.9874402174722681,0.9999991121364163,1.0,0.999749706696113,0.999996306636229,0.9999946230221426,0.9999982679488388,0.999649343664224,0.9974231830465463,0.9991500142891169,0.9997743234877696,0.9997736461472256,0.9999983881579406,0.9999977343908777,0.9928096088151209,0.9726849271941266,0.9950413847976451,0.9814564855758594,0.995647470352083,0.990016374907132,0.9823076432698852,0.9430623054478801,0.9881667238676314,0.9928053390892273,0.9827083401410879,0.9409995155322385,0.9992370789558129,0.9992953962557,0.9992312087775757,0.9998880735328356,0.9991758059655148,0.9992416662233077,0.9977855623643408,0.9984005575636675,0.9992078784926766,0.9992032350276747,0.9888035551613896,0.9285592161266201,0.9114982996707865,0.9509379284489702,0.9355107764350309,0.8824471675827134,0.9107821624937209,0.8997400141163222,0.9155589920822071,0.924407065582177,0.9090423039540162,0.9692413989115957,0.9691713609553279,0.9902890913810706,0.9950349336621194,0.9650993400312478,0.9605979706542579,0.9615629325309467,0.9618126731824034,0.9632817396945497,0.9630199274494108,0.9191702400156299,0.9421338804148185,0.918893840856036,0.9184031143090998,0.841438488580006,0.9632187671577648,0.9692903396368905,0.9654719581017731,0.9643830532064939,0.9185960966502343,0.7789238347287923,0.7370246659701466,0.8265353237796584,0.8836435390531119,0.8494703498257324,0.8664811646200645,0.8650121422628568,0.700433675332983,-0.42714031264388463,0.948149192788191,0.9460244852276966,0.9451166417757477,0.9663702911430023,0.9390896986637817,0.9512787540614175,0.9506180785948359,0.8968519660023154,0.9543528153751044,0.9023818943260612,0.7591100257480816,0.9426002532014445,0.9585491194022557,0.6494952952491171,0.8992554298513544,0.9021550026929611,0.8501511618268935,0.9843925612122029,0.8377574943445935,0.1383263355427006,0.5261416655292456,0.850074726578866,0.8147549718741586,0.8443019897914366,0.9851357171443957,0.9851480815451462,0.5083224685460488,0.6183998028429202,0.5158017737355088,0.3842768374570795,0.4809135244389091,0.5278740226036817,0.5173236524942334,0.4542838162760133,0.747881002780255,0.592827371125381,0.5528484470519148,-0.486236240658743,-0.541551576810467,0.657842715723474,0.8589844415503722,0.8718354660607781,0.9023824855145529,0.8974157095760885,0.6609940972244696,0.8387131523081369,0.8639993182980323,0.8628577075100645,0.6062728080822216,0.059118278701288954],[0.9942011942349512,0.9935197390052691,0.9964276217468571,0.9951130010386098,0.9981921075382064,0.979521768927494,0.9995743842580063,0.9997448273014431,0.9897043988662693,0.9997496323595431,0.999749706696113,1.0,0.999763463396133,0.999747962388124,0.9997549626399894,0.999652520892409,0.9980681277439493,0.9993589264281698,0.9999677820791499,0.99996730427243,0.9997539577924573,0.9997592800744469,0.9922085654020699,0.968618904611777,0.9936771925229184,0.9818207163487906,0.9945085068374827,0.9927827706289604,0.9779123568412355,0.922035474908066,0.9908454868412455,0.9938499810573028,0.9779583228738251,0.9201839647913246,0.9993668201174698,0.9994191240224544,0.9993768991284373,0.999553925657959,0.9995815122714843,0.9993949591970726,0.9976250631421119,0.9984253740461084,0.9993542003009905,0.9993492009382828,0.9899737521493732,0.9237056374175644,0.89609752453754,0.9480252566360805,0.9350225099453146,0.8825372001664791,0.871955703308527,0.9122777645493844,0.8759216386134339,0.8976057500941621,0.8699653358002643,0.9557173404847589,0.9556152062467685,0.9807435406695989,0.9942766388743893,0.9641645423587284,0.9653557189173203,0.9576742960715673,0.9598392320249162,0.9607390298979623,0.9605903621597541,0.919965425025846,0.93415719053206,0.905541431194215,0.9053953340231602,0.8247395052298121,0.9618459095943156,0.9642277970144211,0.9643279562326723,0.96377888907918,0.9251690839138687,0.7195600265052241,0.6727540101409961,0.7863296605008127,0.8580969107739184,0.8073367281405425,0.8334453135257971,0.8325074492636485,0.6721709062653661,-0.3314619624439174,0.9426756217708617,0.9490986564589114,0.9424554335414724,0.9651336984338723,0.9398276692816141,0.9467821427320984,0.9459506868247897,0.8945881160942513,0.9496394284167086,0.8989762299062799,0.7043887298032596,0.9398292593289262,0.9341894267855885,0.5033623157492387,0.8367278710032966,0.8417419067257718,0.7382294453847681,0.9774597138255218,0.7140213276692353,-0.23355585100757198,0.2549613220304326,0.7381776581067526,0.6927876239698814,0.7317078420349601,0.9786462483445363,0.9787228848553274,0.17986839026628576,0.33760680965147577,0.18500997561984645,0.1567590651841946,0.17714781529282464,0.1939642262987759,0.19122523695459542,0.10800869576370457,0.5279914896819274,0.25984150313904486,0.20718282908083546,-0.5060104767030984,-0.5497698387687568,0.658686390324026,0.7505293813493978,0.7746524828511044,0.8377476072108332,0.8234976307087281,0.5576258111938964,0.7500297915770993,0.7693849959130514,0.7675568670826443,0.4198269074546094,0.2513814581915643],[0.9962426934676777,0.9919118282291294,0.9904364681990017,0.9966545456015705,0.9985770142481484,0.9850453124917538,0.9983966658964726,0.9999970590471625,0.9718453564480407,0.9999985146065731,0.999996306636229,0.999763463396133,1.0,0.9999909220613179,0.9999976768606653,0.999353797337851,0.9929542590705531,0.9994792773818472,0.9999159521854406,0.9999156130812618,0.9999709348282284,0.9999988855996453,0.9910536845802479,0.9760714460723454,0.9933921020424927,0.945429899225272,0.9939165479485196,0.9901431530508474,0.9758725563882452,0.9504362429418193,0.9888197942451508,0.9938906506643163,0.9920681848506939,0.9715323521417534,0.9995042636157787,0.9995983332182992,0.9996966553018116,0.999736991220233,0.9992444985321856,0.9995305458019068,0.9982757007942484,0.9988646033066679,0.9995760881492697,0.9994397700431259,0.9822455857496442,0.9292453872106691,0.9479578386116171,0.951156509825582,0.9359976325707059,0.8833766458206368,0.9555123285374033,0.9406268541582795,0.9574683878241873,0.9555082027670655,0.9457786113178984,0.9795423365258222,0.9777679048734489,0.9906840805034745,0.9969587053711858,0.9447559859205004,0.9606406778286813,0.9679105565201133,0.9717416197472358,0.9698395784304776,0.9479109171373741,0.8990436874990152,0.9527259444221456,0.9559038941223791,0.9356006724471166,0.8859157834745672,0.9658726570130021,0.9358080207199708,0.9635302514221634,0.9454485441512765,0.772494054294246,0.8546627691343135,0.7800057995096611,0.8695789932207765,0.8875273596263832,0.8946889426166608,0.8735294780796243,0.8831940181973698,0.33075264936403337,-0.595851501471086,0.9618256240314876,0.946134936169525,0.945227364868548,0.9491885476736469,0.9573473419875566,0.9680777754436611,0.9681360181864366,0.9264223060349869,0.9622671021144362,0.8426567316234518,0.7590529291906085,0.9419375363028213,0.9428055920697715,0.7888016446725812,0.9504248247251375,0.9515387501660605,0.8951029752650878,0.974986073180176,0.8355370845769503,0.576002456401184,0.7046823978445835,0.8569494095631441,0.8449430859557683,0.839661853402613,0.9813514273585537,0.9815447951239307,0.7638044579602556,0.7121872189740692,0.7839718875903925,0.38493815149406685,0.7713563269851439,0.7901129733784582,0.7894455499990366,0.7870146406630983,0.7610039873258335,0.736910984855535,0.7176376835595335,-0.2997916160235791,-0.4495906685419713,0.658958911022729,0.8808301929991293,0.9214095928280166,0.9333189530921581,0.9042449553003095,0.8132662464183522,0.9031822108928008,0.9227398066492545,0.9216901366299932,0.7569148379616133,-0.11081623697325436],[0.99627737596062,0.9917807896210923,0.992654919137544,0.9967774733906161,0.9985807533275775,0.9855444848518816,0.9994681096783187,0.9999924499130923,0.9801735856770808,0.9999912291246013,0.9999946230221426,0.999747962388124,0.9999909220613179,1.0,0.9999948637861689,0.9995496000666843,0.9977378562635383,0.9994356092628294,0.9999007094372723,0.9998994376918012,0.9999522405747742,0.9999908362607792,0.9930236408856836,0.9764920028750393,0.9957427814154959,0.9676153937724336,0.9955166912368002,0.9899708662957696,0.9762325155519839,0.9505913399990839,0.9890160448492091,0.9938745414160279,0.9913130303078391,0.97102307465715,0.9994774733565774,0.9995501913137433,0.9996131454636199,0.9998840114653368,0.9992051284156518,0.999477943845066,0.998120360068329,0.9987835162383236,0.9994954072354846,0.9994864333111989,0.984745477664425,0.9290255300861059,0.9476971097709214,0.9508991460290606,0.9355065893185407,0.8827424030866763,0.9495586714470854,0.93274999993356,0.9518029823302563,0.9548404705850023,0.9450252081306623,0.9778068914058656,0.9774259986614836,0.9899161264277617,0.9969519075511601,0.9728154597456005,0.960259916806225,0.9733135153541603,0.9716138328490608,0.9742810004463672,0.9740106373893065,0.9516726081281098,0.9521447035053129,0.9550032252553351,0.9546438509260411,0.9273035365421168,0.9657976597404092,0.9676035712722407,0.9720943125836764,0.9709824709790101,0.9364283003996965,0.8540284913521906,0.8174062657299429,0.8687607489484622,0.8987341158553753,0.8942806785031934,0.8949797311213509,0.8937743976044705,0.6829622572025159,-0.5962846296671747,0.9616597337299618,0.9458031823748954,0.9447873077030482,0.9739640531726257,0.9572620702884815,0.9679025388700324,0.9679934854064702,0.9264477322046154,0.9684491872153964,0.9379885502539828,0.7588180711377196,0.9419704823786048,0.9484713865879337,0.7878301186195898,0.9502557655272446,0.9513057547537771,0.8947037669484197,0.9753415096847109,0.8841039693945114,0.5752818119490337,0.7035534463584489,0.8917840282739787,0.8574888903319937,0.8825045950464584,0.9816336316974716,0.9818541927631755,0.7623399938664592,0.7108333343433076,0.8006710072282955,0.3843367747052631,0.7759752177585325,0.805232337008611,0.799704659755088,0.7857999737204256,0.7604617848767978,0.7350841055189234,0.7158056024172137,-0.391445815470562,-0.5124633733181241,0.6577085176806226,0.880448535207,0.9177578406073575,0.9286450924318207,0.9043110710554626,0.811841745794826,0.8899153390894944,0.9106811314652368,0.9101291641573234,0.8405063433054905,-0.07775740336708435],[0.9961716764553691,0.9918417689330881,0.9906279128176836,0.9966011115978451,0.9985804258086147,0.9852455884084582,0.9991718032231084,0.9999981900364692,0.9767608701494858,0.999997690505843,0.9999982679488388,0.9997549626399894,0.9999976768606653,0.9999948637861689,1.0,0.9994461483650718,0.9969896346741056,0.9994544103801352,0.9999098185536824,0.9999088242875911,0.9999649367469908,0.999997355246206,0.9912076585151126,0.9763108634286961,0.9950939297920746,0.9590948197766047,0.9948959120363549,0.9900970635305146,0.9761194997210827,0.9506461925687317,0.9912824877894088,0.994159192792279,0.9919265701720489,0.9712959351589431,0.9994733663890019,0.9995593303233461,0.9996729581720185,0.9997525176356792,0.9992094479133602,0.9994859842346522,0.9982133614241974,0.9988116729306197,0.9995431007078428,0.9994089086256847,0.9824736723513156,0.9290289708893883,0.9477870438364656,0.9511932778656796,0.9359348973039178,0.8829636109183371,0.9552338987845216,0.940356092834826,0.957217420096205,0.955094884876259,0.9452829671502982,0.979309433755766,0.9775123848242947,0.9905091799609872,0.9968442893106286,0.9447690369025301,0.960632964907617,0.9678378526671061,0.971724924240044,0.9697550114507278,0.947484753407727,0.899201717480661,0.9524216114403091,0.955597309322154,0.9354101202657628,0.8857443013397337,0.9659725938776592,0.9359791493285952,0.9635479881582888,0.945496445881909,0.7728476982066206,0.854286683179804,0.7797701770867691,0.8692650495346781,0.8874290585684809,0.8945084515310959,0.8733232667555582,0.8830021482582011,0.33090866726782914,-0.5955411988973038,0.961761608282082,0.9460474781169604,0.9451509181912906,0.9476751154638212,0.9573641646768345,0.9679950003681593,0.9680476587516897,0.926534756407403,0.9621756543526773,0.8428226198977047,0.7589783014815401,0.9422643701219293,0.9432111429788117,0.7886964413675712,0.9503269370903952,0.9514535664107523,0.8945777935225968,0.9751505483894448,0.8350881729149876,0.5747532105484153,0.7039049713689018,0.8564892458960633,0.8445353511938101,0.8392147827548789,0.9814576042896552,0.9816479842581656,0.7627843795004947,0.711300971934231,0.7833479272403736,0.38450340682291456,0.7706577034901216,0.7893420697640955,0.7889861285425911,0.7862034683845919,0.7605615916830749,0.7357087579376236,0.7164505506918085,-0.30055292774161463,-0.4502434980619346,0.6587250781229759,0.8802089649057413,0.9210696873568993,0.9328235961128744,0.9038043329853644,0.8124870307015657,0.902803636734468,0.9221992131297169,0.921277732530062,0.7563242538115716,-0.11005818988602502],[0.9976795973089315,0.9940538074929637,0.990049411872552,0.9979555783289574,0.9990787982060771,0.9848972506378297,0.9998902559972299,0.9993041356554249,0.9746409584417758,0.9996688162201752,0.999649343664224,0.999652520892409,0.999353797337851,0.9995496000666843,0.9994461483650718,1.0,0.9983633920095253,0.9998461930708938,0.9995377468261206,0.9995423157099941,0.9997618588149803,0.9995225173896382,0.9908330760177763,0.9752421117090115,0.9936980817798652,0.9512764550673912,0.9933393506480365,0.9917737007922806,0.9741973137910374,0.9511890040597508,0.9917410360850436,0.9925555232018237,0.9928329229452777,0.9734763669219615,0.9992616371669965,0.9997291716919009,0.9997105003710128,0.9995597264988042,0.999580594139599,0.9996833349769708,0.9988245369050313,0.9995710695963649,0.9995008252833691,0.999254542663088,0.9810182600483114,0.9275197755135755,0.9499864828694848,0.9471377787690478,0.9361577750394514,0.8901203821927018,0.9573670789816165,0.9450391523450824,0.9596454630462,0.9594014906485611,0.9496788712509668,0.9813734468659786,0.9796643067004007,0.9915077342356918,0.9963488415760251,0.9495574702316959,0.9642889141734547,0.9731251276869035,0.9743162646673308,0.974766398467035,0.9504727407121472,0.9053875172316244,0.9558260555964306,0.9611859116903322,0.9406372315227102,0.8949029736326353,0.9684566072640234,0.9412434389731406,0.9681855424142156,0.9501156745325514,0.7820351816370131,0.8601481446907695,0.7844234889885814,0.8748657729908157,0.8928094459123447,0.8974565938650991,0.8772849116709563,0.8886042241251125,0.3429191462104273,-0.5923306097189444,0.9651289325166541,0.9511850976757719,0.9500004548937502,0.9520352481408216,0.9614949955772709,0.9713375748135482,0.9714165587261909,0.9309895231088055,0.9677407740994136,0.8512377407021208,0.7606699288712977,0.9320792044028842,0.9348569343755115,0.7912214573088852,0.9503924239622451,0.9513138484372006,0.8948551824227955,0.9715241708888628,0.8343716824132076,0.5849827574439871,0.7092855142544747,0.8565303920884135,0.847370901164237,0.8