var config = { responsive: true }

var correlationAdjClose = {"data": [{"type": "heatmap", "z": [[1.0, 0.9999929027335467, 0.9837255821649589, 0.9999204442379966, 0.9988062936248183, 0.9888793574752377, 0.9973196326124969, 0.9948991226686096, 0.995175089913556, 0.9799641710204433, 0.9910110266317468, 0.9950542898896975, 0.9942200218297728, 0.9949579493228252, 0.9951070424439755, 0.9963289636733477, 0.998005794086391, 0.9957317312477834, 0.9957471146434289, 0.9957571360746289, 0.9950000980793386, 0.984586849932353, 0.9670484627696158, 0.9869227755728993, 0.9856952027892214, 0.9774042999880328, 0.9609191876272504, 0.9388256924450895, 0.9947266992159297, 0.9947495917626347, 0.9917828727656882, 0.9748152256786977, 0.9972294949176312, 0.9975533063059611, 0.9968727301953506, 0.9951242785485463, 0.9945088467823187, 0.9973802322212456, 0.9974526384681557, 0.9986676679116864, 0.9971647830609359, 0.997179329556597, 0.9756047454486491, 0.9287024475978243, 0.7676575008680998, 0.9044702644162892, 0.9238791987161383, 0.8561116390958751, 0.9715745772822714, 0.9444801660335937, 0.97267472602074, 0.9687066691691759, 0.9640944746233461, 0.9865527363785097, 0.9828711414719763, 0.9829027223071662, 0.9754444637168832, 0.9848659427830091, 0.9821180067134515, 0.9855410867143315, 0.9852891120188078, 0.9626476337802469, 0.963905114332439, 0.9703613566162805, 0.9700517793099462, 0.9408569500834841, 0.9740693166426236, 0.9724796339037173, 0.9808880531146594, 0.9799217528130726, 0.9333522449146066, 0.8495632673619591, 0.8179911618226514, 0.8685058144225399, 0.897935191580959, 0.8916658171934145, 0.8966602291790186, 0.8953653947685037, 0.601585381607937, -0.5141777282613343, 0.9744562911268214, 0.9634990633496178, 0.9600713868884051, 0.9838596238941826, 0.9436863596433308, 0.9799098194547844, 0.9798622904154031, 0.9409438726768586, 0.9803088831202044, 0.9459540367458276, 0.586883494051304, 0.8296401578914798, 0.9097489994108049, 0.19051827031201352, 0.9129256723399349, 0.9351539491963218, 0.8031634462608768, 0.9533514525734416, 0.896293321784186, 0.6770253410889567, 0.4485584153655141, 0.8918810010670662, 0.8605695440790772, 0.8877876507631736, 0.9649486001561072, 0.9652172218232559, 0.7378493214784065, 0.6965831223134331, 0.8294153711777816, 0.32542570536259763, 0.7950348495716411, 0.8335788481829773, 0.8199974197232403, 0.8183676359459521, 0.7289680389774494, 0.7357496845910737, 0.7150395872656827, -0.22256007384514248, -0.3554985201367421, 0.6079434467339595, 0.9011008055741371, 0.9476154460589356, 0.9508104437237109, 0.9195665565788914, 0.8274853041928774, 0.9187020797031424, 0.9411318370565208, 0.9409047402934548, 0.8765445073692483], [0.9999929027335467, 1.0, 0.9797162501237611, 0.9997451726448087, 0.9971116632690019, 0.9896315882049725, 0.9921706084311175, 0.986930544951677, 0.9869784587407714, 0.9655894514000396, 0.9897299389117112, 0.9872375330653763, 0.9870172959243249, 0.9870745591295116, 0.9871846004295505, 0.9926512909715459, 0.9946916339913294, 0.9909057255283963, 0.9909083698491398, 0.9870696760487221, 0.9871414309090201, 0.9865742948362057, 0.9580135856242393, 0.9818050848548031, 0.9813201000481402, 0.9772406230358653, 0.9687596982197378, 0.9020423391405793, 0.9880943350215854, 0.9828531021852626, 0.9762685243297521, 0.9102249327980777, 0.9941193047504644, 0.9939004045671782, 0.994224830860386, 0.9886210830964487, 0.9935185898242964, 0.9941912700918564, 0.9945613015082573, 0.9964955827336305, 0.9942388430356669, 0.9942509147471837, 0.9837352430826478, 0.9284782638603982, 0.661012482319431, 0.9045172312913835, 0.9247825954448524, 0.8562344920859377, 0.8939347880805738, 0.9150770417435058, 0.8978382564615593, 0.9093522892616325, 0.8928223140899327, 0.9573700526366584, 0.9572490854006744, 0.9705628145526226, 0.9753035604330877, 0.9675672436189201, 0.967382805530653, 0.9707894112782283, 0.9706955737491761, 0.9259178985425971, 0.9344363477512803, 0.8948335296757362, 0.8947401850474483, 0.7744600174328686, 0.9649399170401683, 0.9675752434954539, 0.9679529985369046, 0.9673589176917157, 0.9221665981668183, 0.6052406742698931, 0.5430809212067885, 0.7088063241635086, 0.8122517841920693, 0.7303188774767811, 0.7745528000548803, 0.7728597343012896, 0.5316983191283602, -0.25991019519571146, 0.9487272807690611, 0.9575652551964556, 0.9483827817203732, 0.9717373417064057, 0.9204574418947125, 0.954307363019886, 0.9531411063585085, 0.8840700477610057, 0.9580631190276622, 0.8914698794004929, 0.36573330968904194, 0.8286274696243728, 0.832838882916972, -0.25167030639518495, 0.5719344898921755, 0.6867299569142228, 0.6096074086550689, 0.9480339686182254, 0.6324798255903522, -0.17110203372912053, -0.14367348012762254, 0.5991905603189593, 0.60827978805287, 0.6547698744580736, 0.9499707230923475, 0.9497663805895747, -0.11720752738260876, 0.1085705259097657, -0.03607572443005394, -0.06703381703647629, -0.03980533595814015, -0.023848946957060697, -0.05473815052630298, -0.09178723099838876, 0.2690483695413581, 0.03082576402819181, -0.014536253258747635, -0.4559656164522278, -0.4831232413680474, 0.6078435336624745, 0.7416000406226948, 0.762686716019091, 0.825932045714126, 0.8191960625393441, 0.5179308452447138, 0.7271699137657032, 0.7621885535534889, 0.7607454237821605, 0.4156639062142298], [0.9837255821649589, 0.9797162501237611, 1.0, 0.9851949408785329, 0.992176297253756, 0.9890984274356641, 0.9905326131707997, 0.9908183860051617, 0.9941529377246052, 0.9528481306321261, 0.9965873542512556, 0.99072712348513, 0.9926961134961128, 0.9908858140702852, 0.9907849505050587, 0.9913368077137642, 0.9894580976543591, 0.9893044798379134, 0.9892686869657145, 0.9926564058233279, 0.9907463729389193, 0.9928695274428758, 0.9772931301490227, 0.9901263215921217, 0.9904948520018431, 0.9751587491120313, 0.9802325742472692, 0.942872194198729, 0.9738432840855354, 0.9770192560268844, 0.978448648137766, 0.9498979872191513, 0.9877318689519503, 0.9908617510663307, 0.9890405458795718, 0.9929247111543192, 0.994175729513181, 0.9918449023138337, 0.9870760916619169, 0.9870101292346651, 0.9880050440819954, 0.9873541996103132, 0.9897710869076557, 0.927935116188482, 0.7098669056061642, 0.9307836312052123, 0.9079052027990223, 0.7560540302342862, 0.9325348038545054, 0.8992658539274561, 0.9336609672005687, 0.928544674878306, 0.9216688053851093, 0.9537694001481776, 0.9604704056763154, 0.9261686228149778, 0.9411862556286951, 0.9496651972456356, 0.9547032670438591, 0.9504175240210926, 0.9245695533540065, 0.8853450958583156, 0.917856242483294, 0.9207278548409767, 0.9048866777138759, 0.8523862738743587, 0.9547665800912496, 0.93118272156526, 0.9501490924215387, 0.928012318321504, 0.7451807798721373, 0.7841725160218834, 0.7244932451841894, 0.8048684968448114, 0.8542524839098242, 0.8503132631131284, 0.8248871041919672, 0.8382601392517748, 0.27447746997091405, -0.5203946013185701, 0.939318340783931, 0.9052486890027482, 0.9119886441460072, 0.9267680513589107, 0.9031087615026124, 0.9456988577055891, 0.945355435100554, 0.9010476592222868, 0.9428002264257086, 0.819584767204622, 0.5548828310309233, 0.9181584470056336, 0.928622857983699, 0.11188560246427348, 0.8904348104791521, 0.9158244563772471, 0.7881037731061781, 0.9754301922908223, 0.7786047595017124, 0.5864543623964804, 0.3643863013538546, 0.7846132378803085, 0.7847134998090144, 0.7729179621962229, 0.9794844563894439, 0.9795439940249622, 0.6542280455763982, 0.6272048444718782, 0.7165587790551462, 0.25056827453674874, 0.6882114068354743, 0.7126478182821754, 0.7285565491829282, 0.7093226361683793, 0.6781300885496823, 0.6579174576005773, 0.6350952505403881, -0.30154135552754174, -0.4336532079881114, 0.5542644324975713, 0.8590079320318259, 0.8979119958105674, 0.8981461263618401, 0.8913528329094766, 0.7552193396551693, 0.8719174207120756, 0.8863368385432063, 0.8954821043000544, 0.7404643712446124], [0.9999204442379966, 0.9997451726448087, 0.9851949408785329, 1.0, 0.9991309959957334, 0.9897378502705848, 0.9977079537061194, 0.9954665371128795, 0.9958606876690174, 0.9797971354844681, 0.9927693898445621, 0.9956043265654112, 0.994983821958463, 0.9955235435673486, 0.9956481587917747, 0.9968658196648015, 0.9983595007005962, 0.9962258577505242, 0.996238735372293, 0.9963505527126966, 0.995552779566654, 0.9859104642019774, 0.9684177997732613, 0.9880907599784733, 0.9869730839817537, 0.980454294581757, 0.9631149855294003, 0.9400981191606951, 0.9943178949074021, 0.9945121073418155, 0.9920096891210479, 0.9746212847813844, 0.9974294725215388, 0.997922800691025, 0.9972305200050865, 0.9957447515483662, 0.9955654369560875, 0.997790400662745, 0.9975971564463149, 0.9988374253961876, 0.9973545000081784, 0.9973659523741895, 0.9774438581661168, 0.9246415410080387, 0.7614521744691299, 0.9052830672791959, 0.9205834834831629, 0.8454786509903855, 0.9687984644674662, 0.9410535383464929, 0.9697812290706066, 0.9661517877642412, 0.9613978463805888, 0.9845305679784859, 0.981391981538401, 0.9808871694036412, 0.9731061758596276, 0.9830821857038645, 0.9809966813085509, 0.98367747029653, 0.9834231246426748, 0.9470294305856926, 0.9619981631175367, 0.9685762165041167, 0.9682703550976002, 0.9335880797378701, 0.9730378882819919, 0.9682414734230689, 0.978800074145299, 0.9777897731459727, 0.9011093869740835, 0.8472533445840235, 0.8128142739239321, 0.8658456244560007, 0.893960079848466, 0.8906123234077902, 0.8933262770743279, 0.8921144520468965, 0.49408976277872124, -0.5144894372659701, 0.9729603418130925, 0.9604954507667963, 0.9573397880112825, 0.9818485620032628, 0.9417821384454337, 0.9786103069910402, 0.9785663665631908, 0.9393718446855372, 0.9782962881264782, 0.9226411235723025, 0.5929359136421753, 0.8401749686833047, 0.9143902474816498, 0.1906284527837881, 0.914688128777856, 0.9366695008247345, 0.8036194017582471, 0.9549264143585465, 0.8902306523999955, 0.6742754496178979, 0.44608291178632453, 0.886924692035169, 0.8571579673533888, 0.8824880965821791, 0.9661208295478712, 0.9663970830747726, 0.7371561787904602, 0.6971373983087258, 0.8215646249125078, 0.3278323805049273, 0.7896063617713313, 0.8254412774065896, 0.8119367096519539, 0.8132312571521331, 0.7322211306166736, 0.7360887873217389, 0.7154398941765219, -0.21790806831889553, -0.3546780396912618, 0.6056863291807981, 0.899379024753887, 0.9460321429993085, 0.9492531040631812, 0.9186804542134286, 0.8247935533020396, 0.9169131628371395, 0.9391188108465948, 0.9390499272015933, 0.8688385357694095], [0.9988062936248183, 0.9971116632690019, 0.992176297253756, 0.9991309959957334, 1.0, 0.9922792187292052, 0.9990564993251415, 0.9981412342540406, 0.998191232496219, 0.9726813703991186, 0.997363772790955, 0.9981992468398869, 0.9979252334617763, 0.9981782205214667, 0.9982442342761327, 0.9984976911349217, 0.99911298571419, 0.9986100346176318, 0.9986134140929993, 0.998281498172406, 0.9981807475744873, 0.9930637676429344, 0.9762935173168242, 0.9931186539586019, 0.9930117930079806, 0.9847891749582436, 0.9779862769236242, 0.9436285255534057, 0.9910114622854054, 0.9930576680885104, 0.9901880801732165, 0.9654232405870725, 0.9989865644734564, 0.9990072768560162, 0.9989883417555899, 0.9983149766812084, 0.9985785395689937, 0.9990845705883256, 0.9991513151172595, 0.9990542179702459, 0.998968651590767, 0.9989725764762366, 0.9881714286008632, 0.9346579661330336, 0.7376771525955719, 0.9223921880762612, 0.9226583441512146, 0.8238526841890487, 0.9539639022658283, 0.9262716907985524, 0.9574673866758168, 0.957507849825652, 0.9527814075803024, 0.9804801225462271, 0.980421558316882, 0.9759696338701491, 0.9657447702004404, 0.9769250596650151, 0.9756501295420633, 0.9772402333107437, 0.9769152060448619, 0.9482479170909129, 0.9500310884743742, 0.9466907158726406, 0.9462705297435708, 0.8949135959088172, 0.969163460835949, 0.9658828462504007, 0.9730787281043876, 0.9719991012920939, 0.9263002431573731, 0.8193911954083236, 0.7696907816132771, 0.8455104258150605, 0.8942922856658406, 0.8737277932516173, 0.8832602603047695, 0.8820432928551062, 0.6502769949993586, -0.5865936885819947, 0.9643337046140568, 0.9455048610646274, 0.9442021230396297, 0.9772755499687129, 0.9207324384354661, 0.9695448945819707, 0.9690022742300792, 0.9259693272521566, 0.9718583594952495, 0.9309081149175277, 0.5772956517797788, 0.8684829635078826, 0.9359698868193366, 0.08762041075978821, 0.8881256473051071, 0.9174227971439705, 0.7967113754813265, 0.961288480307869, 0.8763199967475094, 0.531085888095932, 0.3130340244624651, 0.8631357234782768, 0.8122135592946906, 0.8639337432014256, 0.9708938821766122, 0.9711071603945794, 0.6879389094711763, 0.6757448993043251, 0.7329775067284711, 0.299721309439921, 0.6648586336010878, 0.7389183287352898, 0.7141929816962145, 0.6949676249460739, 0.7138669176478348, 0.7170449271943506, 0.6953301076793612, -0.4493136860458738, -0.5225426177868714, 0.590973664374476, 0.891396385825522, 0.92915085878175, 0.9395287540749693, 0.9145777544273349, 0.798306611695497, 0.8968513252140934, 0.9223019456446138, 0.9217447411535086, 0.8017134203646915], [0.9888793574752377, 0.9896315882049725, 0.9890984274356641, 0.9897378502705848, 0.9922792187292052, 1.0, 0.9893879865831308, 0.98898571805099, 0.9882837860489088, 0.9669717219088813, 0.977400526946195, 0.9889650980347338, 0.9899728819864723, 0.9890516952125837, 0.9891386925257403, 0.9919781977646396, 0.9901715173489075, 0.9899518884341846, 0.9899240512238042, 0.9877427805131016, 0.9889801846472968, 0.9962501148114251, 0.9909615058005576, 0.9883322861083884, 0.9879511125354977, 0.9623176678608499, 0.9832876670020528, 0.9642445314620889, 0.9756278246578289, 0.9788549294085649, 0.9875202471335552, 0.975143450870551, 0.9894276377129628, 0.9895137076394668, 0.9903561057848234, 0.9900342052528104, 0.9811234434756612, 0.9901636391261449, 0.9897479940179648, 0.9899323896979024, 0.9895248110377404, 0.9895010092702718, 0.9939980705953915, 0.8886056292303947, 0.7489054318864524, 0.8782663530207762, 0.9231277994083655, 0.8562705450784451, 0.9436585196475737, 0.9145223997006702, 0.945168032967281, 0.9513173302531103, 0.9423380085475433, 0.9656335291995728, 0.9700852431228939, 0.9651583384199087, 0.9761125704843339, 0.9666540097938611, 0.9782296373822875, 0.9666535015831277, 0.9660582169418798, 0.9633910453369364, 0.9557972309885615, 0.9428061575628207, 0.9423315809237458, 0.9265211507744049, 0.9747205981146129, 0.9668457164737583, 0.9659291802462362, 0.9641110598089982, 0.9429372427590827, 0.8472902270039308, 0.7992930031153368, 0.8676112074252735, 0.888454030895856, 0.8954197018257144, 0.8797522384380664, 0.8778653411511781, 0.6199481726280405, -0.485121730474339, 0.9713816410618136, 0.9643275513554862, 0.961397339375444, 0.9663965927215428, 0.9381707080938312, 0.9723986447622275, 0.9720801283196688, 0.9484680953450049, 0.9618920660904937, 0.9485295033028891, 0.5908855163147962, 0.793944545077092, 0.9294051729505974, 0.18775794049105557, 0.9019264621335533, 0.9226682149647701, 0.8008670319020081, 0.9506410872773013, 0.8494903621094569, 0.6307054071833956, 0.4263314088704011, 0.8466526364352077, 0.819974345225067, 0.8431471671904269, 0.9531698926677227, 0.9532650539258175, 0.7031379145010185, 0.679371967789963, 0.7694177820040844, 0.3293028092670591, 0.7448170063821599, 0.7750712725768358, 0.7607510467163794, 0.7634664627618223, 0.7201384714371305, 0.7094831442486116, 0.6909088106114026, -0.2488182495976179, -0.37324810730673263, 0.6426329238416003, 0.891080148798285, 0.9090340544822738, 0.9160081811192551, 0.9036071420100167, 0.8032198224530344, 0.8772926317459933, 0.9007990753025468, 0.9007193923775842, 0.8476706049692307], [0.9973196326124969, 0.9921706084311175, 0.9905326131707997, 0.9977079537061194, 0.9990564993251415, 0.9893879865831308, 1.0, 0.9969947512677779, 0.9995122008753801, 0.9710380931660175, 0.9993799509362273, 0.9980098085928414, 0.9990409468348139, 0.9989512702586838, 0.9987079338746555, 0.9980291180358267, 0.9998751310938092, 0.9992041821118102, 0.999209743815668, 0.9996301294228456, 0.9991705683206576, 0.99047143541143, 0.9729845325937476, 0.9832969057690883, 0.9920207194035225, 0.9838022383589644, 0.9699652064550018, 0.9386117576934433, 0.9925939250232078, 0.9917660256009275, 0.9929579612422472, 0.9707599199984721, 0.9987467103946205, 0.9998027732549918, 0.9995948807940324, 0.9993599134148415, 0.9996085543516225, 0.9998352120000413, 0.9977610299061646, 0.9995341174823735, 0.9992232690406011, 0.9988046158669861, 0.9831567399779992, 0.9367584451784763, 0.7498548928506017, 0.9311310730130261, 0.9260125393054881, 0.809809427216958, 0.9616611998397607, 0.9399750832073992, 0.9625501488208353, 0.9603497078441271, 0.9562550324169874, 0.9821843027161927, 0.9799810498960247, 0.9360166716156425, 0.9513878765146748, 0.9661956900792387, 0.9665720067672984, 0.9681705184505334, 0.9366315032292741, 0.8806885101649187, 0.9390379905319491, 0.9525978966844589, 0.9292750232699943, 0.8674289100181133, 0.9577885551041616, 0.9241854770768262, 0.9593826336925553, 0.9361131451781988, 0.7098498573971954, 0.8136506393037412, 0.7468269379776236, 0.8305848105513148, 0.8615591109699966, 0.8647616565749728, 0.8461834620806203, 0.8585509589145646, 0.22921389299141995, -0.5508375408136795, 0.9541119187367985, 0.927606520267903, 0.9285803244142955, 0.9387735811055293, 0.9225952137334533, 0.9631329422838519, 0.9632114928546638, 0.916730608179818, 0.959191237728, 0.8049450558447387, 0.5748165549626039, 0.8725649785831047, 0.9138733013721047, 0.16845239783941918, 0.9122159880686557, 0.9354252835910543, 0.7969710923246947, 0.9615665627505667, 0.8306721188148044, 0.659641934972077, 0.4270842554185058, 0.8423314700892335, 0.8344585157255865, 0.8276588805792705, 0.9714672015285614, 0.9717591429617004, 0.7212529345982696, 0.6708840268275578, 0.7854067104975586, 0.29422229535069777, 0.765047802475454, 0.7939290168714253, 0.7852843528298052, 0.790484961714643, 0.7090922683689649, 0.720949623801709, 0.6984044441501621, -0.23889566106913732, -0.3827828447081473, 0.6110424062185915, 0.8913072577685317, 0.9314031789696077, 0.9463231440014719, 0.9166087888103515, 0.8218195796865333, 0.9155623631265016, 0.9378576805122207, 0.9372020499777729, 0.7741549681495026], [0.9948991226686096, 0.986930544951677, 0.9908183860051617, 0.9954665371128795, 0.9981412342540406, 0.98898571805099, 0.9969947512677779, 1.0, 0.999983282204226, 0.9647010110292185, 0.999594661618038, 0.9999968364453291, 0.9996432464081872, 0.9999976910072195, 0.9999805798888391, 0.9962252842549191, 0.9991167178661561, 0.9998786091166892, 0.9998784248744939, 0.9999532791595757, 0.9999942430507709, 0.9906497854280245, 0.9738472780446839, 0.9912469308245734, 0.9924951249990036, 0.9799972567558866, 0.9721171817134316, 0.9369746214595484, 0.9889502764769087, 0.9945389563685632, 0.9917130966196739, 0.9673861079071795, 0.9994219326960009, 0.9994674861200791, 0.9996087916043317, 0.9996607420230516, 0.9986187534241227, 0.9993652806329714, 0.9990824211934475, 0.9982467516728318, 0.9994926593716753, 0.9993512983143052, 0.9844493629503865, 0.9382361668997135, 0.7368861516479587, 0.9399137733864983, 0.9245490305929559, 0.7872262637662378, 0.9605139616060463, 0.9350366077458084, 0.9610564676192939, 0.9539812787621323, 0.949969305829797, 0.9803379911112197, 0.9767503611181301, 0.9297408659525143, 0.9437515501245431, 0.9573303754841453, 0.9616898566372225, 0.9598739056977076, 0.9345140149015903, 0.8679084693600518, 0.9319849201967653, 0.9441265090837794, 0.9229289832112947, 0.8506233496604203, 0.9531872844229535, 0.9156707510834841, 0.9518392858729482, 0.9301905066606384, 0.6904217115427352, 0.8024419337879038, 0.741628520815709, 0.8192244769625192, 0.8515620750748595, 0.8577936297301664, 0.8405296160191005, 0.8495978362315969, 0.20663042198994258, -0.5584022969578244, 0.9476365165804285, 0.9150116403734067, 0.9183769308264517, 0.9363559193952758, 0.9133748661525308, 0.9569332323015335, 0.9570242883796972, 0.90788690792121, 0.9498070140187553, 0.787529049711909, 0.5686253359005645, 0.8976339006194082, 0.9273553406722388, 0.154435887723345, 0.9109864514678299, 0.9346169149984493, 0.7940129087472099, 0.9666200020829661, 0.8352305779686641, 0.6459649127012854, 0.4128379254222647, 0.8442812612288212, 0.831665492657271, 0.8318383330729864, 0.9747236661492478, 0.9750161257195881, 0.7108849934298938, 0.6612988332837095, 0.7881243329109145, 0.2779925948779483, 0.7601177283245354, 0.7900326531842149, 0.7872636586352659, 0.7853136758872984, 0.7008154527580468, 0.714225572567439, 0.6909217092328581, -0.25688667811336136, -0.39987920228205487, 0.5896382892200001, 0.8824014120573801, 0.9294448296329934, 0.9386119622690838, 0.9099903378951713, 0.809970648921295, 0.9091164749643517, 0.9316327685062991, 0.9312459488098768, 0.7530264814961036], [0.995175089913556, 0.9869784587407714, 0.9941529377246052, 0.9958606876690174, 0.998191232496219, 0.9882837860489088, 0.9995122008753801, 0.999983282204226, 1.0, 0.9640260912496609, 0.999592080058354, 0.9999812262321297, 0.9998225173784204, 0.999989509623341, 0.9999962974774739, 0.9989261041687789, 0.9990921232179741, 0.9998081029237035, 0.9998073981934628, 0.9999657326229672, 0.9999820292985503, 0.993318851112205, 0.9748974727272757, 0.9945592765392696, 0.9947295525884478, 0.980024320932183, 0.97625336436945, 0.9381152106878954, 0.9894826600569885, 0.9936069610310974, 0.9887389788996674, 0.9627764971580327, 0.9993328201053074, 0.9994129443890903, 0.9994075830828191, 0.9998247996343189, 0.9986406160523544, 0.9993638681459736, 0.9993029800615281, 0.9982006325059336, 0.9993251187054991, 0.9993200641734569, 0.988674195361718, 0.9385667569983214, 0.7379703817220935, 0.9405371427440039, 0.9256880408588808, 0.787647726474677, 0.9491824739035233, 0.9210761667051446, 0.952237039841858, 0.9515405344339241, 0.9475354084285935, 0.9775140715955866, 0.9769494233191774, 0.9636619014830501, 0.9441823813446396, 0.9645475550395579, 0.9617031746168423, 0.964966317799225, 0.9645798403734777, 0.9335854031438849, 0.9311616559979821, 0.9345891298462462, 0.9341757469369253, 0.8816128973604497, 0.9534881452062802, 0.9549193549797163, 0.9613267409436327, 0.9599678993268504, 0.9112898963332634, 0.8016762348701064, 0.7457270684828562, 0.8184213100872554, 0.8729149204578879, 0.8556187384078082, 0.8637926168992937, 0.8627644313080349, 0.5915480070445004, -0.622246653497283, 0.94750054381135, 0.9150113493396361, 0.9184258240773119, 0.9652139284045856, 0.9028467100159465, 0.9563247224783723, 0.9557346689894203, 0.9086174949082565, 0.9589167476429751, 0.9138812354783455, 0.566429596639438, 0.8968714442091418, 0.9432685898445665, 0.09676083439849223, 0.8951848672848491, 0.9235461505185062, 0.793049984053849, 0.9650820273084969, 0.8828214987212181, 0.556006899957317, 0.3375418995876289, 0.870227098426265, 0.8204370153391052, 0.8717383104594694, 0.9745798235166342, 0.9748775560007418, 0.7087766245162089, 0.6582504971248658, 0.749064714494498, 0.27555331705605035, 0.682973694813859, 0.754531860976865, 0.7318144338241082, 0.7132554533132943, 0.697888648845541, 0.7108214035300272, 0.6874700349303915, -0.5005357189907822, -0.5756170824777339, 0.5893100070811328, 0.881273256562484, 0.927836750132329, 0.9393873433710149, 0.9089634310005718, 0.8045465675130858, 0.8966885657347289, 0.9210769125130526, 0.9205025545478864, 0.8102020969217516], [0.9799641710204433, 0.9655894514000396, 0.9528481306321261, 0.9797971354844681, 0.9726813703991186, 0.9669717219088813, 0.9710380931660175, 0.9647010110292185, 0.9640260912496609, 1.0, 0.9472015375685218, 0.9651034046865911, 0.9639653097495999, 0.9648236400802097, 0.9643671554127735, 0.9662279225998832, 0.9747533611948499, 0.969711353269309, 0.9697157041686907, 0.964879785927668, 0.9649559560725646, 0.9647720602000459, 0.9501517330055593, 0.9720686686938463, 0.969899409623822, 0.8774393047659422, 0.9682041572543678, 0.9481778369202993, 0.9743223662272991, 0.9679332654715713, 0.968019249570763, 0.9318280836430771, 0.9735163965657672, 0.9730644841811958, 0.9735782542752592, 0.965109588260914, 0.9556759374537194, 0.972556640622805, 0.9733913061782311, 0.9779051051758207, 0.9737144570282248, 0.9737305281149162, 0.9553564428225368, 0.8392733638936863, 0.5590960105479388, 0.7752983502493485, 0.894712150062396, 0.8813909609241586, 0.9019583803568108, 0.8182907615624915, 0.9064682202991591, 0.9140819639828148, 0.9037158955958833, 0.928547830518167, 0.9283929581545536, 0.9448843693911704, 0.9362721763495614, 0.9553368598626182, 0.9488606861786424, 0.9535309518861592, 0.9535581249304576, 0.9133581972416309, 0.9511022008461625, 0.9337311157577247, 0.9333965866703842, 0.8483007108282856, 0.9366638150264133, 0.9451575641290519, 0.9380114393262794, 0.9370201258650147, 0.8885806249714749, 0.8097549999743566, 0.7643644869591546, 0.8549889205089838, 0.9098475006291618, 0.8794763710532842, 0.8946766683902633, 0.8939130585091175, 0.6940837843641812, -0.2976082302662756, 0.9529231557522386, 0.9546924783455589, 0.9458236670444423, 0.9468392765182961, 0.8926797049183134, 0.9542914527462014, 0.9541302419523289, 0.8991620734450538, 0.9566718568340655, 0.9052457767592329, 0.6881350180615884, 0.6412009308404478, 0.8598177800245391, 0.12024782822102484, 0.8442840859493301, 0.884640823592308, 0.8693945196962172, 0.9477244473414653, 0.9038189856607728, 0.4639244287872484, 0.3589410188289246, 0.896190987203717, 0.8706717394639923, 0.90220966055313, 0.9481797688975736, 0.9485342563329713, 0.5360694047453679, 0.6983531097750034, 0.6126293233835423, 0.48204420676852133, 0.5703144100823903, 0.6274116882850975, 0.5880056703341225, 0.5653808837761722, 0.7963517494618364, 0.673461698171427, 0.6380618267556925, -0.26720136371768366, -0.311665914323785, 0.738008133905449, 0.9157388062031098, 0.9216954951434898, 0.9073481363861269, 0.9404864524213805, 0.6469952949368448, 0.8367297184331984, 0.9075861438756214, 0.9066912427954279, 0.6908070365099406], [0.9910110266317468, 0.9897299389117112, 0.9965873542512556, 0.9927693898445621, 0.997363772790955, 0.977400526946195, 0.9993799509362273, 0.999594661618038, 0.999592080058354, 0.9472015375685218, 1.0, 0.999629572778128, 0.9996036375746381, 0.999612258504586, 0.9996210106508792, 0.9993345827218363, 0.9986725060947719, 0.9999489109526721, 0.9999493977643238, 0.9996109768630003, 0.9996218771265497, 0.9888728721517207, 0.9526732124292421, 0.9898574370008748, 0.9911337840448817, 0.9854694010197859, 0.9662470467619209, 0.885950837490679, 0.988061409496195, 0.9919925283582337, 0.9710697771931894, 0.8909072706766944, 0.9990833891708234, 0.9991569307039082, 0.9990733428229861, 0.9994243348333485, 0.9993486707145597, 0.9990892102350701, 0.9989393329454852, 0.9969211319407295, 0.9990496591316002, 0.9990468925075694, 0.9882844028733763, 0.9322919557735888, 0.6121206662313834, 0.9350707253141218, 0.9246188832674469, 0.7926720922880435, 0.8703573968904775, 0.8899827084220691, 0.8760400948300905, 0.8808787287659762, 0.867174360509782, 0.9503275097320778, 0.9502411037654519, 0.9436144905042975, 0.9462439659152528, 0.933346476234215, 0.9360800891305424, 0.9386031327400637, 0.9383876433734945, 0.8809374624154747, 0.8928141049466152, 0.8453071812546931, 0.8451269136383049, 0.7076643016795792, 0.9393394382786344, 0.9431318494789753, 0.943515685077804, 0.9428237770833332, 0.8844204016325727, 0.547808301588306, 0.4812235271566348, 0.6509551403217174, 0.7629130438551502, 0.6797262723036971, 0.7250437024277328, 0.7240707623010647, 0.46680725762193476, -0.3922032885076243, 0.9071577807567546, 0.9194496158083078, 0.9067768486754767, 0.9454279414016529, 0.8708598482454438, 0.914231792438805, 0.9127281435301304, 0.8308383377196321, 0.9194997463069307, 0.8401108553591329, 0.43288726584040965, 0.8923258541943668, 0.8923482573307965, -0.22806526792417714, 0.6264020278588738, 0.7285403381229358, 0.6249637827350112, 0.9663600755465618, 0.6460736793032099, -0.12101690638452553, -0.12252489298690725, 0.6177780575450508, 0.6232938156567919, 0.6655544171761458, 0.967875971020648, 0.9679335297883466, -0.0533153422830015, 0.16478490190088382, 0.0296861911937239, -0.002664201452623833, 0.023323276961346902, 0.04220141762185362, 0.009935876348722075, -0.034337169389924205, 0.3337148873172019, 0.07883934478620018, 0.02935360003985552, -0.52777038026227, -0.5549207595286946, 0.5894180705324943, 0.7311595337841711, 0.7534710938534943, 0.8193335009003881, 0.8168364977258761, 0.4940355021429323, 0.7134634242180551, 0.7523110663826446, 0.7509588956535598, 0.4010409618197934], [0.9950542898896975, 0.9872375330653763, 0.99072712348513, 0.9956043265654112, 0.9981992468398869, 0.9889650980347338, 0.9980098085928414, 0.9999968364453291, 0.9999812262321297, 0.9651034046865911, 0.999629572778128, 1.0, 0.9996300453150714, 0.9999976053568155, 0.9999837276447454, 0.9968960420024535, 0.9991783805208581, 0.999890828768759, 0.9998907367900658, 0.9999613125142042, 0.9999947226750929, 0.9905689497659038, 0.9737348113475506, 0.9918983770661157, 0.9924647505642561, 0.9802551785718777, 0.9719649426371577, 0.937015430936168, 0.9898250783599373, 0.9945782567654177, 0.9917720690260913, 0.967513305886354, 0.9994627522468438, 0.9995115929164656, 0.9996426712929216, 0.9996636249941404, 0.9987181076242914, 0.9994123648205234, 0.9991197730392084, 0.998336151693634, 0.9995350225782687, 0.999392849609311, 0.984276299469495, 0.9384435976095622, 0.7375400372143417, 0.9397387379712417, 0.9247478274461449, 0.7884100258713244, 0.9608018704978165, 0.9354395131266036, 0.961353691059849, 0.9543260011673886, 0.9503271328754566, 0.9805598839001398, 0.9769186950197452, 0.9301068560353727, 0.944086526170806, 0.9577079162405118, 0.9619168946393668, 0.9602410375293495, 0.9348080981040271, 0.868233349813506, 0.932356663877513, 0.9445919291998419, 0.923389388568606, 0.8511581613669005, 0.9533741899835025, 0.9159779393731581, 0.9521452205175174, 0.9305408161470153, 0.6906983277967735, 0.8030269880273861, 0.742221872613919, 0.8198068109101313, 0.8520037219552664, 0.858149267375362, 0.8410079247126104, 0.8501074414601466, 0.20709038479395656, -0.5581704755872877, 0.9479513466820847, 0.9156378109407244, 0.9188631860847046, 0.9366350730351466, 0.9137812701353814, 0.9572383584513332, 0.9573289712814185, 0.9082452575718262, 0.9502092656335578, 0.7879284861259019, 0.568974348171994, 0.8965211070668521, 0.9268097537740921, 0.15516847249048307, 0.9110886149824253, 0.9347079223509327, 0.794324163465889, 0.9664509592817685, 0.8356410106147775, 0.6468992031922018, 0.41376338061911627, 0.8447186724526085, 0.8321884161353682, 0.832236207019934, 0.9746444209993176, 0.9749371856071145, 0.7115413919569913, 0.6619498176083118, 0.7886575372835498, 0.27894992545192643, 0.7607881018688266, 0.7906781326297491, 0.7878014101919812, 0.785989515992939, 0.7012790067272406, 0.7146847914302109, 0.6914147384345585, -0.2558004515129111, -0.3988885616236403, 0.5903395040533558, 0.8829024930156988, 0.929825504879022, 0.9390910729013592, 0.9104256923793932, 0.8105089149323054, 0.909636526853392, 0.9321395334759887, 0.9317382316351702, 0.7536824406322824], [0.9942200218297728, 0.9870172959243249, 0.9926961134961128, 0.994983821958463, 0.9979252334617763, 0.9899728819864723, 0.9990409468348139, 0.9996432464081872, 0.9998225173784204, 0.9639653097495999, 0.9996036375746381, 0.9996300453150714, 1.0, 0.9996666851972454, 0.9996498433000913, 0.9990394801626126, 0.998645024080664, 0.9994366788951808, 0.9994302685497951, 0.9996446644212762, 0.9996197953391689, 0.992553883513572, 0.9753854186917119, 0.9953750506165268, 0.9952660493727074, 0.9800478358142066, 0.974847215269662, 0.9396792287440406, 0.9890436617663919, 0.9926244815461271, 0.990878865785585, 0.9651247263106335, 0.9987411089451622, 0.9990425613583185, 0.9992351945401101, 0.9999235856958217, 0.9986568119547736, 0.9989884843351247, 0.9985470263756053, 0.9975473353575924, 0.9987306757104552, 0.9986541566945444, 0.9882102760360857, 0.9384426856250653, 0.7338405066344663, 0.939931938798338, 0.9246991005544748, 0.7876746126690026, 0.9572105944463754, 0.9283022703235232, 0.9580212299372833, 0.9510202621336278, 0.9464962859053753, 0.9770359492445521, 0.9748680009792318, 0.9546371069001214, 0.9436773597878266, 0.9579124364698667, 0.9608573439016694, 0.959957891234559, 0.9592509070838706, 0.8723190069083085, 0.9289392895707143, 0.9428113142860141, 0.9425771861924884, 0.8489775397186596, 0.9534832858427432, 0.9286372863812599, 0.9540273063439313, 0.9525218668315825, 0.6946839275445884, 0.7996307676482471, 0.7640565327595973, 0.8170781310311436, 0.8534748896683199, 0.8570153700188102, 0.848850965433226, 0.8490648539075109, 0.1904873993602768, -0.5527878599178057, 0.9467315302210606, 0.9152424904333568, 0.9175285764941091, 0.9577791566434313, 0.9127930635369546, 0.9557240232214654, 0.9557704179102778, 0.9075028534344691, 0.9504886865912316, 0.7948662417797175, 0.5694819722689438, 0.8971663042009641, 0.9270460994149986, 0.15025049333976329, 0.9086632723549246, 0.9326878864702612, 0.795443588797965, 0.9692705754681749, 0.8289254412384504, 0.6391212687398414, 0.4077431234789246, 0.8357881724252925, 0.8268510787214464, 0.82381089998951, 0.9766913078498508, 0.9769361624708898, 0.7021175979857354, 0.6562067986599178, 0.7672662171058676, 0.27862758585811725, 0.7506328432174224, 0.7792007475333143, 0.7557389933679557, 0.7747995302980668, 0.6987331327849212, 0.703949136253591, 0.6809482625445445, -0.2627938512926682, -0.40424260948206375, 0.589855114694323, 0.8806887538101753, 0.931456756745417, 0.9346481499414588, 0.909637308648003, 0.8024902722836627, 0.9030803361475619, 0.9251718081277962, 0.9253883938340158, 0.7482174814746131], [0.9949579493228252, 0.9870745591295116, 0.9908858140702852, 0.9955235435673486, 0.9981782205214667, 0.9890516952125837, 0.9989512702586838, 0.9999976910072195, 0.999989509623341, 0.9648236400802097, 0.999612258504586, 0.9999976053568155, 0.9996666851972454, 1.0, 0.9999879664281134, 0.9985368810749268, 0.9991384792388258, 0.9998824857310409, 0.9998819614016701, 0.9999555168498088, 0.9999919278173938, 0.9906896633481903, 0.9739051404724598, 0.9938153647933785, 0.9936824278917363, 0.9801493582267296, 0.9721640150956343, 0.9371710868087846, 0.9923236442864053, 0.9949180913211426, 0.9916513773848389, 0.9672786726571981, 0.9994387143363375, 0.9994731624739366, 0.9996196625751632, 0.9996809692880413, 0.9986650185455395, 0.9993776205692404, 0.9991521976520559, 0.998266309513916, 0.9995069703043802, 0.9993689221491368, 0.984431367482235, 0.938293195938195, 0.7369859240510198, 0.9398684195890555, 0.9246944139288814, 0.7877818161257276, 0.9606252663247287, 0.9352220914177108, 0.9612106130552867, 0.9539515646989688, 0.9499143214573075, 0.9803894764183879, 0.9767141077814582, 0.9301233205641999, 0.9439283508247166, 0.957545264968993, 0.9617611500048129, 0.960070677898428, 0.9341784625720468, 0.86817170510215, 0.9318129095530783, 0.944208313074874, 0.9231996366825798, 0.8507702175787822, 0.9533699745877592, 0.916125113717967, 0.9521041473691211, 0.9305933770597155, 0.6908563052085117, 0.8023803431588897, 0.7419512923027819, 0.8192108013879288, 0.8517676986917275, 0.8577591539247027, 0.8407177801964989, 0.8498048223835682, 0.20701638145448303, -0.558056454537315, 0.9477062330199266, 0.915308522476065, 0.9186072337417851, 0.9341172680410978, 0.9136553255483361, 0.9570148526662668, 0.9571025846099754, 0.9080780563720358, 0.9500216576178923, 0.7878557498495788, 0.5687214407684569, 0.8971128318945361, 0.9271856972793882, 0.1544561260763617, 0.9108403058509682, 0.9345028524239808, 0.7940212961331029, 0.9666374014236521, 0.8352991343497175, 0.6458457618473016, 0.41272785431102876, 0.8443332960478024, 0.8318445419095123, 0.8318997372497671, 0.9747798808274397, 0.9750684647592245, 0.7104127147780064, 0.6608669055921866, 0.7881320699371575, 0.278332060379109, 0.7601151952404224, 0.7899705306042456, 0.787467422024571, 0.7852259661694104, 0.700709321941537, 0.7133500945404675, 0.6900842362652772, -0.25666544420998405, -0.39965284704303106, 0.5900391237060196, 0.8823255652627013, 0.9296121278264434, 0.9386982716315373, 0.9100515936956922, 0.8097817843738608, 0.9093777941032767, 0.9317139391934744, 0.931446549496336, 0.7531691881283455], [0.9951070424439755, 0.9871846004295505, 0.9907849505050587, 0.9956481587917747, 0.9982442342761327, 0.9891386925257403, 0.9987079338746555, 0.9999805798888391, 0.9999962974774739, 0.9643671554127735, 0.9996210106508792, 0.9999837276447454, 0.9996498433000913, 0.9999879664281134, 1.0, 0.9985345802373724, 0.9991796461860576, 0.9998788648484976, 0.9998789065799498, 0.9999553861289581, 0.9999762681468201, 0.9905877237704017, 0.9739037472683858, 0.9921878766053881, 0.9922462555222488, 0.9802749542011292, 0.9718559092786199, 0.9371497786107794, 0.992368364554715, 0.9945002135896884, 0.9915019069511568, 0.9672014085199178, 0.9994827531501512, 0.9994619284982993, 0.999610841876103, 0.9996708723958404, 0.9986894314762601, 0.9993867471488437, 0.9991864681768992, 0.9983171164381318, 0.9995419447741652, 0.9994185080006764, 0.9841806160219143, 0.9382825050456549, 0.7378026417512424, 0.9398902026504966, 0.9251558534691438, 0.7881208358957367, 0.9612593420497743, 0.936378871019918, 0.9619108732992611, 0.954220687840049, 0.9501951609872027, 0.9809084119809705, 0.976932592894607, 0.930977683813127, 0.9444188108235182, 0.9579732444183457, 0.9619180316848149, 0.9605078279430066, 0.9356167852965583, 0.8683348575780564, 0.931348389886556, 0.9445506542949221, 0.9239903764903398, 0.8506957011816685, 0.9537801314741802, 0.9168135354994164, 0.9526734354641686, 0.9315726884261745, 0.69061224566984, 0.8019773832854609, 0.743056166471717, 0.8187064891042183, 0.8517657043326885, 0.857220607501473, 0.8412641537512291, 0.8502317179517396, 0.2065867198252098, -0.5575219596177603, 0.947727468461789, 0.9155356564536162, 0.9188338030572291, 0.9375054661361757, 0.9143946927213306, 0.9571635534848026, 0.957305649525558, 0.9084211685241459, 0.9504048970164801, 0.7877925087418725, 0.5673011041821445, 0.8967186332854903, 0.9268424428579738, 0.15311413227575282, 0.9103195325275972, 0.9339721460813237, 0.793090629122079, 0.966228572639106, 0.8362973157067719, 0.6455094753048096, 0.41187623805101414, 0.8448917027190733, 0.8322662855556272, 0.8326821712617279, 0.9745334636655021, 0.9748308040614231, 0.709093327998395, 0.6586236579527296, 0.7892482623263324, 0.2766342023223679, 0.7603730292714967, 0.7903723022347217, 0.7887547748081069, 0.7854513737716493, 0.6988548905199523, 0.7110166809826112, 0.6877189763334388, -0.2557948930914108, -0.3988629636025614, 0.5894826099725367, 0.8814327407700149, 0.9302068452084941, 0.9392067189895436, 0.9092489133308665, 0.8099321449954736, 0.9104185497645126, 0.9323073973340854, 0.9321922722192932, 0.75302917943053], [0.9963289636733477, 0.9926512909715459, 0.9913368077137642, 0.9968658196648015, 0.9984976911349217, 0.9919781977646396, 0.9980291180358267, 0.9962252842549191, 0.9989261041687789, 0.9662279225998832, 0.9993345827218363, 0.9968960420024535, 0.9990394801626126, 0.9985368810749268, 0.9985345802373724, 1.0, 0.9988564617462309, 0.99891899848215, 0.9989168944136191, 0.9987435147381445, 0.9984230453521072, 0.9920030776013569, 0.9766747076728826, 0.9826474614589925, 0.98932465215075, 0.9870144366455783, 0.9738568159972313, 0.9449810622813654, 0.9934959745081997, 0.9933015776508748, 0.9906208249699114, 0.9676514267828412, 0.9987754096924747, 0.9987407860470662, 0.9989556556844481, 0.9985532694747489, 0.9993481485258565, 0.9988700698402031, 0.9989023291529256, 0.9981305158258034, 0.9986474036448857, 0.998726189338393, 0.9829190592557151, 0.9312601292410877, 0.7444551046428466, 0.9322264253643864, 0.9278978288243633, 0.8068045616254694, 0.9648873857490521, 0.9407933369374066, 0.9661425182550881, 0.9547215645549765, 0.9493706411143644, 0.9816849959805005, 0.9766962938956731, 0.9441355326632969, 0.9542000898317029, 0.9651266634903958, 0.9664519394802313, 0.9667625885742512, 0.9476650204500782, 0.880602391017642, 0.9353843625233781, 0.9497413970343975, 0.9353899932764573, 0.8620106999010015, 0.9601790287646679, 0.9309101518282317, 0.9604984008638986, 0.9447368444442407, 0.7088640703781497, 0.8100329283003834, 0.761316898444147, 0.8280596237240387, 0.8647416203975347, 0.8646002970606009, 0.85