var element=document.getElementById("correlationClose");if(element.style.display!='none'){var correlationClose={"data":[{"type":"heatmap","z":[[1.0,0.9999872562874446,0.6372785456296804,0.9997162466258722,0.9978747380856751,1.0,0.9920443665263693,0.988219203570119,0.988219203570119,0.9927275953070045,0.9759942686570564,0.9861406787197744,0.992084193645599,0.9925149461695779,0.9921403020815377,0.8557218322589897,0.8095592061510045,0.3468847645129707,0.9930216371753906,0.9930089077048477,0.9852526003190252,0.9920717606073005,0.44338278608763865,0.7185105435544858,0.9807873980758981,0.9807873980758981,0.9807684483510283,0.9730643785602221,0.3485786348266672,-0.10158929892310029,0.989582387383556,0.9895503682076265,0.29866127788375074,-0.17511589281576498,0.9945184503464137,0.9952137204191635,0.8372513536454478,-0.3706769136469718,0.9901776766977284,0.9951600318124052,0.846327724539151,0.3268143382914121,0.9946708956794856,0.9946600257679039,0.9946708956794856,0.8855718639658623,0.6581502757989428,0.8918929204338221,0.8992417137448723,0.808543982355397,0.3758045065515211,-0.16317568789297413,0.1979619566771729,0.9456356579163244,0.4067729970646534,0.9749578086569269,0.9699529536689554,0.9798853975788924,0.989766470250297,0.9263388694685376,0.9317151637139149,0.9420264567456457,0.9247319722666446,0.9392786688721827,0.9399469243710177,0.9392786688721827,0.8727986260603431,0.9175424687959575,0.9185009384935507,0.9175424687959575,0.9155769264697022,0.772117737454674,0.8884610091791231,0.889844030414496,0.8884610091791231,0.6726206139662533,0.3523013632880752,0.6546722419885214,-0.5672199495569124,0.5590914296169431,0.5902524454389287,0.5904890839998087,0.5902524454389287,-0.10511769317974073,0.9037800640661801,0.9359908932980583,0.9189227871589806,0.9277114658885243,0.3298505985599918,0.8991749623668984,0.9000605421225548,0.8991749623668984,0.9047978391751411,0.9047978391751411,-0.11025693179947195,0.5896948680757342,0.17986048666553284,-0.6407597833830704,-0.5793002438730699,-0.5830887802448238,-0.08999107380317992,0.10566332429145005,0.22863577773274954,0.05929729788844719,-0.49427454900487294,0.014392427519265975,-0.7959153885855612,-0.2525589890604704,0.1610969401189187,0.16209753749938796,-0.5609621251510705,-0.5883806869923888,-0.2521125158044356,-0.504721012836294,-0.821501161315705,-0.38411069676152415,-0.3760314620528225,-0.38411069676152415,-0.19234006563673908,-0.3031235768162533,-0.3031235768162533,-0.8095395409329181,-0.8095395409329181,0.3951932737757116,0.6386229612037729,0.8607919294996231,0.8438443691524864,0.7684334009416759,-0.30058848388792386,0.7535732402007346,0.7896443746491355,0.7899520049192466,0.7896443746491355,-0.21762190776172252],[0.9999872562874446,1.0,0.9770066528794824,0.9993853026749899,0.9953223954817255,0.9999872562874444,0.983120628754629,0.9764500393938658,0.9764500393938658,0.982980426150105,0.9680240117365422,0.9847580945264245,0.9831736244169186,0.9831011650729038,0.9830113388639034,0.39660497462810596,0.31552297126107615,-0.37837920481929616,0.9873250215971492,0.9873059902282274,0.9831740001190782,0.983215724733028,-0.0930562779769885,0.9761237342457997,0.9780959706728933,0.9780959706728933,0.9781522930405996,0.9732346160669301,0.16089132133840842,0.181074027665639,0.9797922838618968,0.9798571205589837,0.9303851484668354,0.19023364507212245,0.9901571053613868,0.9901806922375642,0.9908254126741505,0.984483329262194,0.989118441111997,0.990358648183026,0.3563898739682263,-0.3849771775303637,0.990867246828784,0.9908543100299356,0.990867246828784,0.885454689055005,0.5137458030590688,0.891965672827497,0.8990978229795814,0.8079415447197364,-0.3667950428476942,-0.5161528199559057,0.8259228270542699,0.866409842351255,-0.23744532869669957,0.932772261458155,0.9329053655265397,0.9520474409878227,0.9758231371334857,0.9431772168919794,0.9507735433776136,0.9343697945878026,0.9335391660754488,0.9394309584767687,0.9399774058953038,0.9394309584767687,0.8331078938430468,0.8022351199547261,0.8041766034917203,0.8022351199547261,0.945040582207567,0.9488239558081948,0.9451455813470405,0.9460875666563916,0.9451455813470405,0.5600941994699996,0.5026253402783502,0.6074463652800286,0.6986865002685925,0.5998105845699792,0.627269201392176,0.6271036997538418,0.627269201392176,-0.1985555800031807,0.9024433825227319,0.9297723062932803,0.9199457422090603,0.9487718386794657,-0.23663362267479435,0.8976952950645638,0.8980018316261249,0.8976952950645638,0.9065716579749807,0.9065716579749807,-0.20143630015818595,0.5900494291449583,-0.360050124941162,-0.7406611011063281,-0.46228583388780764,-0.4657549838436879,-0.34544606366804737,0.26091824083617776,-0.24257424597483063,-0.4569080798599517,-0.6862981799280066,-0.3242080507162907,-0.4843696911141768,-0.38067706620011454,0.1385309390020596,0.13500342162046763,-0.4890477931757121,-0.45065716187177857,-0.47913397533596236,-0.5099976545539345,-0.5020786372735462,-0.48126592764677645,-0.48467270323089545,-0.48126592764677645,-0.3445749817840516,-0.514113634142493,-0.514113634142493,-0.4909065889962125,-0.4909065889962125,0.39599856415674484,0.3803051966132028,0.5015710357442827,0.5945771713339202,0.542030414609792,-0.4242023182284099,0.3656633098803576,0.3314490599175036,0.3315387970787004,0.3314490599175036,0.12771614763763964],[0.6372785456296804,0.9770066528794824,1.0,0.6325881542922352,0.553774666668405,0.6372785456296804,0.6213716986283518,0.6122288661452693,0.6122288661452693,0.5522069489230367,0.5077600066638307,0.9960147049063377,0.6214186193421356,0.611333450342117,0.6216591145011189,0.4707783202241692,0.46598613261673616,-0.17066236616342867,0.5785773380919544,0.5777633798736146,0.5396543987683217,0.620397633750526,0.22258274999183028,0.7612773821634667,0.5971633827070436,0.5971633827070436,0.5969296660763259,0.9877517081406976,0.3366408315767819,0.170645108603482,0.5803203722447299,0.5799238128568845,0.7319399052354665,0.02158875081682984,0.6179214101598303,0.5465051173859427,0.5905010105993667,0.32061213989974086,0.9937815158800697,0.540881606372878,0.46172604508572573,-0.1795927127370159,0.634593700463908,0.6158856110344598,0.634593700463908,0.883049106524163,0.39792673445994287,0.9143840869732387,0.8879856004504867,0.6914257861145958,0.20715677997534634,-0.05024783606979798,0.04937573753799087,0.490632437361143,-0.08717629102444849,0.5644248469118077,0.5199116978251228,0.5473395269328194,0.5089590001453554,-0.0278982769347478,0.7632204568310593,0.6983181321295108,0.5893242289275792,0.7041237554330058,0.7423785378888045,0.7041237554330058,0.4654552204766388,0.60524766646726,0.675962675948661,0.60524766646726,0.6524386402399416,0.653496162067114,0.7014851169294508,0.7561242726589258,0.7014851169294508,0.3363501241710901,-0.08771576337329767,0.35281960089071024,0.11199344561556764,0.34769903451457695,0.2609640867576402,0.45574914393517774,0.2609640867576402,-0.1682508535581442,0.5562175699681416,0.86140332658127,0.6344977851908853,0.7573413183013679,-0.023376445685190792,0.6027455164666943,0.6024516493867386,0.6027455164666943,0.6868183513430094,0.6868183513430094,-0.22129633651972364,0.71723498784214,-0.1938771151178765,-0.6484006736476013,-0.4207969470757571,-0.4247195955337389,-0.4060883952197532,0.07367876789473443,0.0234137980451439,-0.30680942953890045,-0.6284977448540864,-0.15427359970812338,-0.286834942808514,-0.2439235579985635,0.033684249501671606,0.03128162993982219,-0.4756651863152797,-0.03863778635841361,-0.24563965994222242,-0.5016281462065577,-0.17258209419276985,-0.3886403854848268,-0.26796377945694705,-0.3886403854848268,-0.4066414746457377,-0.5225752743166526,-0.5225752743166526,-0.28287199267929364,-0.28287199267929364,0.33417052559817007,0.1724832676584718,0.27039974730300376,0.5080025368130734,0.26171960382866954,-0.35696727341093104,-0.0228627410620116,0.4533719160232582,0.5596383693036733,0.4533719160232582,-0.03577110596959097],[0.9997162466258722,0.9993853026749899,0.6325881542922352,1.0,0.9988479768148918,0.9997162466258721,0.9933949244345904,0.9900296415615975,0.9900296415615975,0.9943143526306921,0.9738719919987978,0.9898150587789764,0.9934247660649611,0.9941606685227699,0.9934565932040865,0.8566065836432344,0.8106213043322211,0.3319260750102732,0.9941808791702514,0.9941702524342783,0.9854096011935262,0.9934042069753443,0.435680453298892,0.7222525564218905,0.9834525844683453,0.9834525844683453,0.9834334552116545,0.9798505444516795,0.34520564717755486,-0.10785437412123189,0.9889612313996643,0.9889380811993056,0.29150557787876075,-0.17524705663905427,0.9951166063570032,0.996023156683941,0.8015891005582686,-0.3756331966766406,0.9928084459258797,0.9961965065340384,0.8465513630498758,0.3127263586562869,0.9930003889147917,0.995164850409003,0.9930003889147917,0.8828150719938532,0.6454924861711675,0.8968337780064438,0.8962578498472363,0.7889103400213107,0.37061177244496685,-0.1682420428772628,0.19198354153850378,0.9399760649263605,0.39062669935690497,0.9704409257535923,0.9669238148099224,0.9777046649726505,0.9897595514399669,0.9054197834948874,0.9251036724742436,0.9291569429794911,0.9207399002818887,0.9224255358910882,0.9233454816172427,0.9224255358910882,0.8646884533692603,0.9054561901434577,0.9065107298507611,0.9054561901434577,0.9120941700929862,0.7125722620028307,0.8499094855699114,0.8513186058058863,0.8499094855699114,0.6640753821950397,0.12876782892768887,0.6443243903618932,-0.5720098507285994,0.5543119898960999,0.32703750544790045,0.560787085765098,0.32703750544790045,-0.11149394789679061,0.8984801088898474,0.9285014041438037,0.9112820375520231,0.9048373825896542,0.316889917972538,0.8948409867039067,0.8958676531568995,0.8948409867039067,0.8856294845607511,0.8856294845607511,-0.11559451640904587,0.6104123628129575,0.1847280822466608,-0.6509230506473007,-0.5861875136338468,-0.5896994063727633,-0.10149553250123725,0.1011132208048276,0.22211989184317799,0.04625768727601448,-0.5065527789559798,0.00805402255131832,-0.8015722599304317,-0.2602346858592165,0.15084204908322413,0.15188970610667024,-0.5673474288620958,-0.5849130443071469,-0.2528389995387881,-0.5149103475421711,-0.8230591788257063,-0.3850333729191922,-0.37751774241861213,-0.3850333729191922,-0.2006828524426385,-0.3120638969013228,-0.3120638969013228,-0.8091198035732347,-0.8091198035732347,0.384888822549007,0.6272103535293742,0.8530059549976415,0.8360787352491886,0.7612161723330623,-0.3134712428011747,0.7446179602323456,0.7809244129257491,0.7812278643567714,0.7809244129257491,-0.20310815393279888],[0.9978747380856751,0.9953223954817255,0.553774666668405,0.9988479768148918,1.0,0.9978747380856751,0.9971391688672004,0.9955288689981902,0.9955288689981902,0.9973362773935024,0.96564494527427,0.9963302504624737,0.9971603203650498,0.9972377209226498,0.9971892305184968,0.7936169928522195,0.7269173821682798,0.1278741723394486,0.9976622119246483,0.9976571568322697,0.98728323434501,0.9971447365595346,0.08565160108472865,0.699318980446255,0.9920210304735443,0.9920210304735443,0.9919832690518099,0.9894254509858358,0.12247585620538112,-0.08936216330196757,0.9871277506254418,0.9870696158884734,-0.0017807311791260205,-0.07088616107099557,0.9978057075576302,0.9977360194046329,0.7896798278747886,-0.5023125574937549,0.9976306130732985,0.9980773021578268,0.7744680544648418,0.10240980461915292,0.9977503282837391,0.9977510977099903,0.9977503282837391,0.8978317428409464,0.6088487059672238,0.9145312189255593,0.9017601704536565,0.7633882843963752,-0.09592446307689442,-0.5866863632491356,-0.20823369586259555,0.927942338072934,0.24390093125206377,0.9653713066258496,0.965427956759792,0.9797260290551492,0.9903389241723514,0.9041425202744137,0.9071365172953101,0.9195649746148653,0.9083105376511066,0.9179909430219468,0.9183562659059068,0.9179909430219468,0.8399739818299228,0.8602510309877099,0.8614361517619392,0.8602510309877099,0.9012734369000548,0.8097815973300858,0.8819057806300401,0.8827474269443886,0.8819057806300401,0.6228809725616395,0.49997953212751417,0.6096816814095438,-0.5964879669519009,0.6069321578845677,0.5857598227719201,0.584322033242136,0.5857598227719201,-0.12948857583183304,0.8810146906283427,0.9045107749275682,0.8889237942675635,0.9123641883855746,0.16288929188651316,0.8805262968460811,0.8816168730662921,0.8805262968460811,0.8875026092626801,0.8875026092626801,-0.1548781959424333,0.6599499469512728,0.0398225747658271,-0.6821048709206584,-0.6362277246060996,-0.6368877150554694,-0.1348127267240093,0.1242488148623888,-0.17032328600735552,-0.20282025987013855,-0.5812792147505635,-0.3545365991758118,-0.8522311228897939,-0.5427124366942999,0.12000234174949345,0.1209130396216783,-0.5944499146071565,-0.5777809414828493,-0.5346300313027945,-0.5539716989747453,-0.7830280269628245,-0.587190446705519,-0.5901432727142266,-0.587190446705519,-0.24069910191898733,-0.3473760854375164,-0.3473760854375164,-0.750849344047768,-0.750849344047768,0.3707957912392845,0.6082943243963365,0.8055897444537581,0.7890427862218486,0.750326747591048,-0.44330867837706944,0.6017680240538553,0.6721961297304142,0.6726388330124987,0.6721961297304142,0.024064202996256712],[1.0,0.9999872562874444,0.6372785456296804,0.9997162466258721,0.9978747380856751,1.0,0.9920443665263693,0.988219203570119,0.988219203570119,0.9927275953070045,0.9759942686570564,0.9861406787197744,0.992084193645599,0.9925149461695779,0.9921403020815377,0.8557218322589897,0.8095592061510045,0.3468847645129707,0.9930216371753906,0.9930089077048477,0.9852526003190252,0.9920717606073005,0.44338278608763865,0.7185105435544858,0.9807873980758981,0.9807873980758981,0.9807684483510283,0.9730643785602221,0.3485786348266672,-0.10158929892310029,0.989582387383556,0.9895503682076265,0.29866127788375074,-0.17511589281576498,0.9945184503464137,0.9952137204191635,0.8372513536454478,-0.3706769136469718,0.9901776766977284,0.9951600318124052,0.846327724539151,0.3268143382914121,0.9946708956794856,0.9946600257679039,0.9946708956794856,0.8855718639658623,0.6581502757989428,0.8918929204338221,0.8992417137448723,0.808543982355397,0.3758045065515211,-0.16317568789297413,0.1979619566771729,0.9456356579163244,0.4067729970646534,0.9749578086569269,0.9699529536689554,0.9798853975788924,0.989766470250297,0.9263388694685376,0.9317151637139149,0.9420264567456457,0.9247319722666446,0.9392786688721827,0.9399469243710177,0.9392786688721827,0.8727986260603431,0.9175424687959575,0.9185009384935507,0.9175424687959575,0.9155769264697022,0.772117737454674,0.8884610091791231,0.889844030414496,0.8884610091791231,0.6726206139662533,0.3523013632880752,0.6546722419885214,-0.5672199495569124,0.5590914296169431,0.5902524454389287,0.5904890839998087,0.5902524454389287,-0.10511769317974073,0.9037800640661801,0.9359908932980583,0.9189227871589806,0.9277114658885243,0.3298505985599918,0.8991749623668984,0.9000605421225548,0.8991749623668984,0.9047978391751411,0.9047978391751411,-0.11025693179947195,0.5896948680757342,0.17986048666553284,-0.6407597833830704,-0.5793002438730699,-0.5830887802448238,-0.08999107380317992,0.10566332429145005,0.22863577773274954,0.05929729788844719,-0.49427454900487294,0.014392427519265975,-0.7959153885855612,-0.2525589890604704,0.1610969401189187,0.16209753749938796,-0.5609621251510705,-0.5883806869923888,-0.2521125158044356,-0.504721012836294,-0.821501161315705,-0.38411069676152415,-0.3760314620528225,-0.38411069676152415,-0.19234006563673908,-0.3031235768162533,-0.3031235768162533,-0.8095395409329181,-0.8095395409329181,0.3951932737757116,0.6386229612037729,0.8607919294996231,0.8438443691524864,0.7684334009416759,-0.30058848388792386,0.7535732402007346,0.7896443746491355,0.7899520049192466,0.7896443746491355,-0.21762190776172252],[0.9920443665263693,0.983120628754629,0.6213716986283518,0.9933949244345904,0.9971391688672004,0.9920443665263693,1.0,0.9974528499420452,0.9974528499420452,0.9999701097211102,0.9588702700271619,0.999671844629208,0.9999965294056119,0.999986395915734,0.9999932727926549,0.9051781643679757,0.895348734566801,0.2918315131706624,0.9998576596171548,0.9998577811955176,0.9896161840869061,0.9999967195706826,0.34825071549930636,0.7214863618090375,0.9854794945317408,0.9854794945317408,0.9863579750260565,0.9902652313708109,0.2714000213815633,-0.16356807412591554,0.9916133838463144,0.9914880911543353,0.1957718657390043,-0.2232656083239264,0.9993357004243391,0.9994433337411008,0.4145242277397421,-0.31399322810606145,0.9989774751971036,0.9994006376628205,0.8925047288002118,0.2701883682606562,0.9402771161038588,0.999080938554539,0.9402771161038588,0.9075836158390174,0.6153877127414418,0.932273456466001,0.9100156778817828,0.7262957753316807,0.4083895515462078,-0.10821341416219728,-0.20055695779637256,0.9269770990969813,0.35588502944970063,0.9675419858309777,0.9621713876926263,0.9784547540237144,0.9957284746234766,-0.04520409641728944,0.8662806349305502,0.8282091169097517,0.874656589987745,0.822552683290132,0.7863291710129665,0.822552683290132,0.8021568259305838,0.7904557049866684,0.7814595096710787,0.7904557049866684,0.8660601584463897,0.37038057968300453,0.5776820110696257,0.6442906505800818,0.5776820110696257,0.5921080565747924,-0.34781813880841184,0.5608618472133046,-0.6350209765663307,0.4835631519487017,-0.10008174341917107,0.4252286829908592,-0.10008174341917107,-0.15297215310440196,0.8439530167468561,0.8640174028252225,0.8494015564974224,0.7616453514871989,0.2751821075134234,0.8436524487935869,0.8451117006822766,0.8436524487935869,0.7591459203593832,0.7591459203593832,-0.1911603367528596,0.7028095855880158,0.24460826216668657,-0.6609188737499052,-0.6264982852200401,-0.6297168023174486,-0.14753226575985895,0.05122535472421041,0.3343570225642963,0.01363746642478771,-0.5236993398849858,0.06656397045489057,-0.8279071095706672,-0.1601486699301406,0.08432243086482356,0.08542477620341021,-0.6101367704704549,-0.5937466679064003,-0.09014557366575109,-0.5886602398014513,-0.8364117564889382,-0.3786682969256684,-0.21031982675166822,-0.3786682969256684,-0.2737177419712266,-0.35663586728947877,-0.35663586728947877,-0.8288355757191761,-0.8288355757191761,0.370872331273233,0.5905228166203278,0.5049353040580737,0.8035347040087626,0.7441175573605582,-0.365017502471359,0.06517413205570714,0.752056552505628,0.7711573891010907,0.752056552505628,-0.13364836751334952],[0.988219203570119,0.9764500393938658,0.6122288661452693,0.9900296415615975,0.9955288689981902,0.988219203570119,0.9974528499420452,1.0,1.0,0.9995459331677788,0.951873240363279,0.9986724863620544,0.9982097499306338,0.9993939928268831,0.9991263393524036,0.9029498163358491,0.8852005319141754,0.2700654129355644,0.9991724994272343,0.9991740548694463,0.9869553064192605,0.9992662143284619,0.3228050782057968,0.7223283561845804,0.9925973268099452,0.9925973268099452,0.9844057773554687,0.987276212621449,0.2538971675671724,-0.1769991547871952,0.9879038695184384,0.9913351480205035,0.17710304000331992,-0.22913920441138103,0.9982846636599092,0.9982452347942353,0.3963233976369048,-0.3206901688219796,0.9969713615956927,0.9981773187544338,0.8905918887160584,0.24801132721397084,0.9326461607917609,0.9981119333317452,0.9326461607917609,0.9050843313527546,0.6002471881666377,0.9325249835196224,0.9068267077693257,0.7034705732439737,0.39539638207257893,-0.12321518468008963,-0.21321356774218114,0.9183193050158068,0.33538265362794906,0.9628739107074408,0.956918132792962,0.9733372870440414,0.9947627253218496,-0.055001346264965,0.854952437755513,0.8123507312598779,0.8663743646101174,0.8078097093204145,0.7741598364783895,0.8078097093204145,0.7899683800127546,0.7718752559156529,0.7680354035340405,0.7718752559156529,0.8580125790683941,0.3511131681515453,0.5575089292588342,0.6280274464713057,0.5575089292588342,0.5793308900859528,-0.36239542301955413,0.5463763796314649,-0.6426308769060155,0.47582491156433543,-0.12197564716194866,0.4090880869451846,-0.12197564716194866,-0.15970592763016925,0.8342685950092384,0.8498009056310768,0.8371161446119711,0.7471069037826583,0.2575907721647684,0.834508023817257,0.8361545356369606,0.834508023817257,0.7418826867681417,0.7418826867681417,-0.20621772859788123,0.7269930752468265,0.25178353117803265,-0.6702923929047783,-0.6392117831330583,-0.642227091111736,-0.16225257594079603,0.04359942598819551,0.32738410547747304,-0.005522450028592102,-0.5363250798268007,0.05729213383616849,-0.8338546712441244,-0.16663605367079998,0.0691301112314202,0.07025657413554448,-0.6217189459310998,-0.5947818274410088,-0.09699635675728246,-0.6053212278946685,-0.8360801352287206,-0.39013554402688944,-0.21653672773542998,-0.39013554402688944,-0.2910630095423525,-0.37023648978037393,-0.37023648978037393,-0.8269455051666548,-0.8269455051666548,0.3512170142036292,0.5736780093173723,0.48630375285112204,0.7857814270657142,0.7315300012696531,-0.38657205662398253,0.05119087453575301,0.7330185027236945,0.7554701820883143,0.7330185027236945,-0.11656914242473657],[0.988219203570119,0.9764500393938658,0.6122288661452693,0.9900296415615975,0.9955288689981902,0.988219203570119,0.9974528499420452,1.0,1.0,0.9995459331677788,0.951873240363279,0.9986724863620544,0.9982097499306338,0.9993939928268831,0.9991263393524036,0.9029498163358491,0.8852005319141754,0.2700654129355644,0.9991724994272343,0.9991740548694463,0.9869553064192605,0.9992662143284619,0.3228050782057968,0.7223283561845804,0.9925973268099452,0.9925973268099452,0.9844057773554687,0.987276212621449,0.2538971675671724,-0.1769991547871952,0.9879038695184384,0.9913351480205035,0.17710304000331992,-0.22913920441138103,0.9982846636599092,0.9982452347942353,0.3963233976369048,-0.3206901688219796,0.9969713615956927,0.9981773187544338,0.8905918887160584,0.24801132721397084,0.9326461607917609,0.9981119333317452,0.9326461607917609,0.9050843313527546,0.6002471881666377,0.9325249835196224,0.9068267077693257,0.7034705732439737,0.39539638207257893,-0.12321518468008963,-0.21321356774218114,0.9183193050158068,0.33538265362794906,0.9628739107074408,0.956918132792962,0.9733372870440414,0.9947627253218496,-0.055001346264965,0.854952437755513,0.8123507312598779,0.8663743646101174,0.8078097093204145,0.7741598364783895,0.8078097093204145,0.7899683800127546,0.7718752559156529,0.7680354035340405,0.7718752559156529,0.8580125790683941,0.3511131681515453,0.5575089292588342,0.6280274464713057,0.5575089292588342,0.5793308900859528,-0.36239542301955413,0.5463763796314649,-0.6426308769060155,0.47582491156433543,-0.12197564716194866,0.4090880869451846,-0.12197564716194866,-0.15970592763016925,0.8342685950092384,0.8498009056310768,0.8371161446119711,0.7471069037826583,0.2575907721647684,0.834508023817257,0.8361545356369606,0.834508023817257,0.7418826867681417,0.7418826867681417,-0.20621772859788123,0.7269930752468265,0.25178353117803265,-0.6702923929047783,-0.6392117831330583,-0.642227091111736,-0.16225257594079603,0.04359942598819551,0.32738410547747304,-0.005522450028592102,-0.5363250798268007,0.05729213383616849,-0.8338546712441244,-0.16663605367079998,0.0691301112314202,0.07025657413554448,-0.6217189459310998,-0.5947818274410088,-0.09699635675728246,-0.6053212278946685,-0.8360801352287206,-0.39013554402688944,-0.21653672773542998,-0.39013554402688944,-0.2910630095423525,-0.37023648978037393,-0.37023648978037393,-0.8269455051666548,-0.8269455051666548,0.3512170142036292,0.5736780093173723,0.48630375285112204,0.7857814270657142,0.7315300012696531,-0.38657205662398253,0.05119087453575301,0.7330185027236945,0.7554701820883143,0.7330185027236945,-0.11656914242473657],[0.9927275953070045,0.982980426150105,0.5522069489230367,0.9943143526306921,0.9973362773935024,0.9927275953070045,0.9999701097211102,0.9995459331677788,0.9995459331677788,1.0,0.957788922786716,0.9996337071070841,0.9999714294233761,0.9999703490775109,0.9999754655358645,0.8207051880205128,0.7563769573352661,0.17692531452674584,0.999810998700924,0.9998115703040096,0.9894770584940991,0.9999685080992619,0.13346364101502756,0.6926490104844903,0.9949835823963332,0.9949835823963332,0.9949378139857121,0.9901137483470099,0.10515530363290158,-0.10194066684493513,0.9904313042839413,0.9903967060419074,0.015032862267260059,-0.18087528649387952,0.9993754352947744,0.999332134632225,0.7968764438340005,-0.4969494940505708,0.9989079658697501,0.9993779639781889,0.8021005217319072,0.15204645452092208,0.9992325440415538,0.9992376833289859,0.9992325440415538,0.907319986884141,0.6159971858956121,0.9318743182962312,0.9093338423846318,0.7257369690450641,0.007829415000697141,-0.5371912790743539,-0.1614864341623163,0.9226465473203638,0.30213915008840464,0.9628760412472618,0.9622157763788557,0.9802657059376397,0.9949404839103335,0.8783554051901239,0.8670722576803134,0.8948477947592578,0.8755792177868622,0.8933008935578332,0.8939221331013129,0.8933008935578332,0.801600280312906,0.8423125658441817,0.8438246821574047,0.8423125658441817,0.8674197022656353,0.7732823813457504,0.8535703056646534,0.8548133580613573,0.8535703056646534,0.5916603596488922,0.4289627517552748,0.5601665946474057,-0.6482759802023959,0.539145647859863,0.5055114028836234,0.5044916673793106,0.5055114028836234,-0.11036011016341551,0.8445752161346747,0.8639722156295021,0.8498043938145249,0.8872695536140585,0.19354310597868887,0.8491455414105276,0.851136116562883,0.8491455414105276,0.8562632027021335,0.8562632027021335,-0.19293764520904322,0.7033473962351648,0.06515643107420985,-0.6730588830522026,-0.6631124225881798,-0.6642637915491796,-0.15108795580075166,0.05444484884044733,-0.17599906630157888,-0.17074379807158427,-0.5658973826971829,-0.38327615280505106,-0.8693288119528557,-0.5790908190536297,0.08339079224493166,0.08485360344781152,-0.6117773886332021,-0.5898179787526366,-0.5444890112745234,-0.5903984120714266,-0.8061025386165708,-0.6104582655168321,-0.6127711107520253,-0.6104582655168321,-0.2760808762366802,-0.3600440799381723,-0.3600440799381723,-0.7860180350411996,-0.7860180350411996,0.3720263319622749,0.5891435639110063,0.8153444545563031,0.8010266275386234,0.7424850894118304,-0.39258873171134556,0.6353531816834381,0.696045495643925,0.6962017706901377,0.696045495643925,0.10239373770336632],[0.9759942686570564,0.9680240117365422,0.5077600066638307,0.9738719919987978,0.96564494527427,0.9759942686570564,0.9588702700271619,0.951873240363279,0.951873240363279,0.957788922786716,1.0,0.9406642480245365,0.9588904857337222,0.9589075664284825,0.9585930887805597,0.6610498210577253,0.5837607769566193,-0.03854883420054191,0.9634996352902306,0.9634785078207745,0.9589284589518279,0.959003849933048,0.06331434281300105,0.7341545961637431,0.9605148901963544,0.9605148901963544,0.9606986253379127,0.8797989721405336,0.2140818752837769,-0.08371291921548134,0.9661527874386553,0.9662625108454103,0.17492745949582272,0.09406892670822355,0.967279396029699,0.9674688903976709,0.8771043390173965,-0.398519633927336,0.9496582697551654,0.9664318526949709,0.6397195592878419,-0.06135740675857034,0.9684445005284025,0.9684122473359513,0.9684445005284025,0.8033548313893925,0.41486712806613607,0.8064405419584278,0.8861627226498545,0.8440558859479562,-0.5310742027612464,-0.682186822031367,-0.26102614570588706,0.8835170362889061,0.0028567339689731415,0.9147183659980828,0.9147820121965314,0.9347929375828938,0.9644470338949114,0.8820889320879448,0.8817634197992862,0.9026287931349093,0.884930581191386,0.8958447982104956,0.8965075166423536,0.8958447982104956,0.8359857410908771,0.8180638469164295,0.8198489819273512,0.8180638469164295,0.878709828891884,0.8950046159868307,0.8771197795778498,0.8777581094527476,0.8771197795778498,0.6793292908209585,0.6057515566381183,0.6802017156211458,-0.341451515785562,0.6999706185388601,0.7167720117524332,0.7187147302790563,0.7167720117524332,-0.2713921920515923,0.8823718492093023,0.9364891300735353,0.8973653759335267,0.8947319028179049,0.047833063043125165,0.8756266390603588,0.8767336761540516,0.8756266390603588,0.8852339913992638,0.8852339913992638,0.03830596148981427,0.3840123246795623,-0.10370884320162085,-0.6015738148866248,-0.42223471587300854,-0.4246335955413182,-0.00515947717173274,0.4151103785174746,0.052151156317447676,-0.12295087075207563,-0.4759565777363063,-0.054573612905129715,-0.8004119168715436,-0.21616667702423445,0.3009389488164997,0.3005694963224249,-0.39050452876001185,-0.43467673578205934,-0.3512426817329567,-0.36042548149155573,-0.6700868497995034,-0.37135842338182795,-0.3736715835916142,-0.37135842338182795,-0.08659952525669833,-0.3984456078096024,-0.3984456078096024,-0.5393989907705773,-0.5393989907705773,0.5339852197355078,0.655028325754014,0.7534521651249131,0.681867349822851,0.8212571573064885,-0.48406029787343763,0.3897180062307174,0.5427033360947918,0.5429808038865321,0.5427033360947918,-0.1976508537687907],[0.9861406787197744,0.9847580945264245,0.9960147049063377,0.9898150587789764,0.9963302504624737,0.9861406787197744,0.999671844629208,0.9986724863620544,0.9986724863620544,0.9996337071070841,0.9406642480245365,1.0,0.9996704673234014,0.9996663955975728,0.9996338091936439,0.4762754973958676,0.38807074288586657,-0.46994607059568133,0.9997934962053628,0.9997967307081729,0.9996758410005893,0.9996761294864533,-0.2052530107642874,0.9698889820643882,0.9941498729999493,0.9941498729999493,0.9941300273870168,0.9924129600926038,0.13759307416078412,0.12137630644617613,0.9909539096959539,0.9910025075035109,0.9380498417343697,0.07730364839003238,0.9989589632188021,0.9989068013330705,0.9987731736648195,0.999335442807606,0.9993712269371489,0.9989956308032579,0.4297575237828057,-0.4796514533570604,0.9987185439475552,0.998727599386097,0.9987185439475552,0.9009455730345918,0.4581274097324222,0.9281260054806606,0.9072030147875735,0.7265794227064534,-0.47016995423930746,-0.6241826371877432,0.8017555091452563,0.8282937325374307,-0.3326478683727655,0.926274509975123,0.9264929421820095,0.9669879634572219,0.9930264625626575,0.8885242902737275,0.8961784745797481,0.8710465556700779,0.872356484338059,0.8781427643789281,0.8788638734413498,0.8781427643789281,0.7445481197440748,0.7082681061068005,0.7105918563502975,0.7082681061068005,0.8954014314662729,0.9022509124612448,0.8944663342013199,0.8956405673067444,0.8944663342013199,0.4494656155211365,0.3818683800053697,0.49429724758055343,0.6024278057751552,0.49431358236829875,0.5281070504181775,0.5291529659856342,0.5281070504181775,-0.3763313171121201,0.8287830661862681,0.8681052423354478,0.8528997265618271,0.8956142916976376,-0.2723017898687639,0.8227893844488944,0.8232037483655452,0.8227893844488944,0.8346030848136798,0.8346030848136798,-0.24661488252422978,0.6951185690371439,-0.38050035304155483,-0.7658044569301519,-0.536473792132916,-0.5389115744648836,-0.3957696446558185,0.20509200757202556,-0.28869451042343575,-0.49624688565743585,-0.7184716343320168,-0.37590144050207097,-0.6011649725651469,-0.44376529240839474,0.07829432019786628,0.07549768397585961,-0.5585412052296473,-0.527467886738928,-0.5477646396252116,-0.582989822968021,-0.576608867592912,-0.5510018586682285,-0.5541726711432776,-0.5510018586682285,-0.4192681939498707,-0.6103204560162143,-0.6103204560162143,-0.6116504268166112,-0.6116504268166112,0.3674800412477832,0.33941998652376315,0.4679772435860824,0.559898214597939,0.5312994927316643,-0.5659883488155266,0.2961511434731432,0.291769219534169,0.29192370171998616,0.291769219534169,0.21917941382617495],[0.992084193645599,0.9831736244169186,0.6214186193421356,0.9934247660649611,0.9971603203650498,0.992084193645599,0.9999965294056119,0.9982097499306338,0.9982097499306338,0.9999714294233761,0.9588904857337222,0.9996704673234014,1.0,0.9999901503977184,0.9999949665739699,0.9051182867528841,0.888660303625711,0.29185252841133125,0.9998588442716038,0.999858936581018,0.9896487697268155,0.9999972897003143,0.34852975490956556,0.7215841311076308,0.990667458909009,0.990667458909009,0.9863510439406282,0.9902519082058858,0.2716342736254453,-0.16352195225926,0.9916302005026897,0.9914934439226252,0.19598086804393233,-0.22323916669389168,0.9993364646563565,0.9994457307815036,0.4145180366768789,-0.31377166265065176,0.9989786786059777,0.9994077250463087,0.8924333308545583,0.27021279138163434,0.9402658781712313,0.9990821234293561,0.9402658781712313,0.907568884999082,0.6155105899773958,0.9324729287645279,0.9102302891311911,0.7264154767341111,0.4087614444078214,-0.10778231259652836,-0.20018727982124662,0.9270410028392261,0.355929542612266,0.9676212448710428,0.9622198756390014,0.9785339257735927,0.9957367802853726,-0.045001437986094184,0.866460935133726,0.828317133315425,0.8747902464574892,0.8226600032289686,0.7862780361870225,0.8226600032289686,0.8022639480893021,0.7905198105423278,0.7813996100239972,0.7905198105423278,0.8662310781332466,0.3702804745799567,0.577707114545307,0.6442150700447185,0.577707114545307,0.5920878850477684,-0.34782378456716695,0.560862935869188,-0.6348904957937695,0.4834925807983563,-0.10019430619246887,0.42527752627892423,-0.10019430619246887,-0.15311174710862138,0.8440521642717095,0.8641841223125253,0.8495259518610786,0.7616422862026613,0.2752022546988048,0.843754834495994,0.8452079292622233,0.843754834495994,0.7592307570189942,0.7592307570189942,-0.19108084023063487,0.7027295128225923,0.2447038846928053,-0.6609868759194084,-0.6264077158486063,-0.629630634816213,-0.14763059854082125,0.051111782146288066,0.33450449686136435,0.013625027394153881,-0.5237934575064039,0.0668019877545132,-0.8276367842350307,-0.15987798413917167,0.08439127318665125,0.0855093236761443,-0.6101136581863357,-0.5935232683020745,-0.0899176399675332,-0.5886064193526852,-0.8362863060512713,-0.3784550044401995,-0.21012981507140027,-0.3784550044401995,-0.2735650074586009,-0.35661261199687455,-0.35661261199687455,-0.8287617075842021,-0.8287617075842021,0.3712461432563529,0.5906134851769925,0.5051662668268181,0.8037637175213331,0.7441347502627739,-0.36482015153691544,0.06545021118662826,0.7522776725108514,0.7712497118918428,0.7522776725108514,-0.13365758806676659],[0.9925149461695779,0.9831011650729038,0.611333450342117,0.9941606685227699,0.9972377209226498,0.9925149461695779,0.999986395915734,0.9993939928268831,0.9993939928268831,0.9999703490775109,0.9589075664284825,0.9996663955975728,0.9999901503977184,1.0,0.9999874574298763,0.8612513886864336,0.8097925220157225,0.2939227515567241,0.9998818840100443,0.9998824615816042,0.9896408643562197,0.9999873492376108,0.35160325440359624,0.7172121927232563,0.9936811777829104,0.9936811777829104,0.9936429544305889,0.990161400291355,0.2676189789159356,-0.163885010021086,0.9918045489618762,0.9918159864653375,0.22027012783227148,-0.22253505885625335,0.9995101611720083,0.9994463376654744,0.8388180484330214,-0.407298069131911,0.998974571926769,0.999412778794695,0.8476496580892465,0.27231553937040204,0.9993986230157951,0.9994030934059238,0.9993986230157951,0.907556854052011,0.6156628605621443,0.9320521667225244,0.9096325123956179,0.7258917573374535,0.28877926235424384,-0.27925812055347,0.09422560847625365,0.9269446348664236,0.3567200040808603,0.964368387243106,0.9622460980537032,0.9770063562937725,0.9959720873329526,0.8863796292024377,0.8655136514169627,0.9000414743140144,0.874665902255838,0.8991418237207106,0.9000044274875361,0.8991418237207106,0.8013967926681449,0.8646044898715417,0.8660738659346255,0.8646044898715417,0.8659801618352606,0.7566998632836,0.8599862379325616,0.8616351878528024,0.8599862379325616,0.591489931075799,0.43732344102027554,0.5595934817245103,-0.6398980020757647,0.4821467882844249,0.4923367727888711,0.49282379593799935,0.4923367727888711,-0.15483843745553555,0.8438136920370463,0.863744853394411,0.8489505596692613,0.893459167368834,0.2779047292109809,0.8436141862844204,0.8453689774303484,0.8436141862844204,0.8548825523068578,0.8548825523068578,-0.19150792901154867,0.7018717952811397,0.16435473830553546,-0.6596757911963029,-0.6260411597640587,-0.6291357014784653,-0.14755276885298405,0.0502164630835797,0.11198690892978033,0.01531184425577634,-0.5220249962746093,-0.11963149401561009,-0.8396593062823501,-0.3810229737809949,0.08374543277810177,0.08524846040130903,-0.6101704612147687,-0.5928396739333094,-0.38320011261477926,-0.5883784917231726,-0.8300647233916603,-0.49842391886266646,-0.49409087257498574,-0.49842391886266646,-0.27330788729640954,-0.35678923418532427,-0.35678923418532427,-0.8209871502180255,-0.8209871502180255,0.3714191353706147,0.5909427813635566,0.8247327791974711,0.8079872270313851,0.7448031725812462,-0.3641956725726839,0.7033929977448095,0.7421921180420774,0.7422717603403993,0.7421921180420774,-0.10156507631203023],[0.9921403020815377,0.9830113388639034,0.6216591145011189,0.9934565932040865,0.9971892305184968,0.9921403020815377,0.9999932727926549,0.9991263393524036,0.9991263393524036,0.9999754655358645,0.9585930887805597,0.9996338091936439,0.9999949665739699,0.9999874574298763,1.0,0.8992832119103926,0.8601152021616723,0.2919533855984075,0.9998614791661301,0.9998614800917845,0.9897866469676065,0.9999949351035863,0.3491733010237029,0.7214495149617032,0.9939441875136723,0.9939441875136723,0.9938463181685384,0.9901655811945372,0.2718896082304013,-0.16355982223193086,0.9924349248752018,0.9924829704448371,0.1967126481363983,-0.22307612834006643,0.9993828283466127,0.9994442527361085,0.41353903288424615,-0.3129817386823623,0.9989299788243399,0.9994101370058858,0.8910167872079897,0.2703360078275818,0.9398066147137704,0.9991336253013171,0.9398066147137704,0.9078197979649475,0.6161696438741345,0.932723418379037,0.9104879972639219,0.7261566610379986,0.4101119612973705,-0.10625931111696177,-0.20039330565459298,0.927392595213537,0.3561861834518511,0.9680125430991442,0.9625313679558224,0.9788000583355562,0.9957727201155541,-0.04599072029277214,0.8667438430884224,0.8282423022151674,0.8750309588413331,0.8226209144543652,0.7858606863314124,0.8226209144543652,0.8024652223903248,0.7904730618392817,0.7817803285854127,0.7904730618392817,0.8665546199274985,0.36962884807478186,0.5772291372717993,0.6442350533069682,0.5772291372717993,0.5919632369278811,-0.34895495740664595,0.5608137286781287,-0.6350482593315286,0.4831525175641074,-0.10116103449086934,0.4249499583188881,-0.10116103449086934,-0.15305878628887132,0.8441944584291675,0.863931653031031,0.8496696002002677,0.7533705861167258,0.2755517974158737,0.8438692015164507,0.8453160378727557,0.8438692015164507,0.7590535242622016,0.7590535242622016,-0.19247339722598125,0.7034937257814643,0.2451862107767254,-0.6609890794118324,-0.6267628257736542,-0.6299912692855287,-0.14874303395703112,0.0499447482148613,0.3348091300658576,0.013198551953620241,-0.5240330923845634,0.06688006014468487,-0.8268320961579191,-0.1597240186641437,0.08343828553237112,0.08455457825446257,-0.6107000821523515,-0.593737402900614,-0.0893553871763971,-0.589775271139196,-0.836284455482669,-0.37839400065643725,-0.20959059440861735,-0.37839400065643725,-0.27446783425246574,-0.3570635014236414,-0.3570635014236414,-0.8290940800048743,-0.8290940800048743,0.3714018854104983,0.5902629502465858,0.5046609497733615,0.8041885972825059,0.7435608627981782,-0.36438236807101865,0.0648055347736006,0.752671898676947,0.7718422824995086,0.752671898676947,-0.13334749977719354],[0.8557218322589897,0.39660497462810596,0.4707783202241692,0.8566065836432344,0.7936169928522195,0.8557218322589897,0.9051781643679757,0.9029498163358491,0.9029498163358491,0.8207051880205128,0.6610498210577253,0.4762754973958676,0.9051182867528841,0.8612513886864336,0.8992832119103926,1.0,0.994908730461835,0.407773870276214,0.8866425585553329,0.8866377896959202,0.8404349238806954,0.8986264308553192,0.32712583663313244,0.5063410095575395,0.8902858779924138,0.8902858779924138,0.8782082623750728,0.09651038427937501,0.19025154926896098,-0.1894713838583036,0.9178911525042689,0.9162426410766692,0.1512505397368179,-0.25607774107726244,0.9026931781995432,0.8380099608614004,0.3030988697492193,-0.31972112150478443,0.4910260639914537,0.814987055535146,0.9984387403766676,0.3897908522922047,0.8303843161567933,0.9025053762058988,0.8303843161567933,0.4556447362740064,0.576851716598651,0.09985698903660038,0.08532642840574439,0.3127283781105874,0.40823977009984197,-0.06513579559764056,-0.2099730669470316,0.8126019468869679,0.4048395640229575,0.8945162816241542,0.823962757986421,0.8783296296584052,0.8929988737760338,-0.09516059471179351,0.4065835682272225,0.6865232868330714,0.6212543782209117,0.6785635408332775,0.7003368204561423,0.67856354