var element=document.getElementById("correlationClose");if(element.style.display!='none'){var correlationClose={"data":[{"type":"heatmap","z":[[1.0,0.9999867377960062,0.6274218337732029,0.9997139692264669,0.9978168286580177,1.0,0.9918696797809247,0.9879539054108384,0.9879539054108384,0.9925644500067864,0.9755075720025495,0.9856506250814534,0.9919095451801486,0.9923603800976946,0.9919670326673093,0.874034446358719,0.834140922712312,0.3611679504538962,0.9928676191980541,0.9928661229936402,0.985066967753826,0.9919101862109989,0.45385456033930505,0.7108533634862729,0.9803572244094003,0.9803572244094003,0.9803380450295064,0.9715231941910718,0.355653710199177,-0.09582068239198228,0.9895709987902807,0.9895339741071485,0.3066416342228451,-0.16773294707595138,0.9944094865599433,0.9951367111555242,0.8334427634877476,-0.3739965578866143,0.9898559802409603,0.9950582890731696,0.8663203631758706,0.3424285669355029,0.994566670346901,0.9945631781896351,0.994566670346901,0.8843852150928986,0.6577872061439022,0.886305716777904,0.8937735866010407,0.8039075179342454,0.37667634448431364,-0.15912898287641963,0.1958615309046262,0.9452093924600692,0.4136410013243825,0.9751584683410399,0.9699870057687446,0.9797189574687196,0.989729435011516,0.9246265065859759,0.9289128462074004,0.9406890757460458,0.9224511429200062,0.9378789724920014,0.9386665358089042,0.9378789724920014,0.8687451556305742,0.9157642832913654,0.9168763365513933,0.9157642832913654,0.9127690417773693,0.7664460771783612,0.8858222829162049,0.8874402044589085,0.8858222829162049,0.665071372133506,0.34518075404487186,0.645806534564728,-0.5716085702436646,0.5501022042453807,0.5835522118039886,0.5848166081379523,0.5835522118039886,-0.1048900015973324,0.9008247916565775,0.9333856239979206,0.9160880607814691,0.9261548593250356,0.3462442900438624,0.8966168818444854,0.8977490606328794,0.8966168818444854,0.9025573037769572,0.9025573037769572,-0.11747860741349306,0.5890857186048241,0.18526447417643838,-0.6305408432137861,-0.5770653090214517,-0.58051923444617,-0.08274666448545277,0.10093449847924744,0.23413270263315555,0.0705139067242824,-0.48033203912411615,0.020075412622321955,-0.7955011633784965,-0.246952480633896,0.156595703862091,0.1577972684523299,-0.5583346267271161,-0.5909443124065719,-0.24604065609766612,-0.5023682246853511,-0.82277273210313,-0.3788165248360628,-0.3711084651888755,-0.3788165248360628,-0.191720373544557,-0.29594562769866845,-0.29594562769866845,-0.8107909498551207,-0.8107909498551207,0.39922461247107255,0.642448380280444,0.8630076197773319,0.8452062381188167,0.77279716038105,-0.29333589708383473,0.7556276501103971,0.7927709388880573,0.7928341959917375,0.7927709388880573,-0.22333943790407695],[0.9999867377960062,1.0,0.9761086730704557,0.9993652908471923,0.9951302692449643,0.9999867377960061,0.9825008483245231,0.9755513485047147,0.9755513485047147,0.9823465286599051,0.9667489103400507,0.9841887917260523,0.9825469958598473,0.9824697770559488,0.9823762063548656,0.45825239360248043,0.38209717528752624,-0.36587636280182634,0.9868546996121461,0.9868345391540623,0.9825981877694351,0.9825914242464475,-0.07752510292521118,0.975163139606573,0.9772500071045098,0.9772500071045098,0.9773054406294217,0.9718072861555439,0.17429940869122018,0.19241325405340615,0.97913252588395,0.9791889523939347,0.9619240498331133,0.21138900833502788,0.9898266964061652,0.9898816372362422,0.990519335540204,0.9839468218489643,0.9887336552797196,0.9900111634555189,0.42111334318685323,-0.37150812790966364,0.9905642444739698,0.9905506806689498,0.9905642444739698,0.884383690466468,0.5139682789627111,0.886838504613328,0.8940537005047582,0.8032863498519045,-0.37994715696530185,-0.5214471241782069,0.824083333455222,0.8636392231193821,-0.23208292395161811,0.9323164506538221,0.9324519937848302,0.9502089286766926,0.9751597908814746,0.9407341905413613,0.948646044982977,0.9315037670261678,0.93071053745435,0.9367961331865607,0.9373680600686265,0.9367961331865607,0.82610184747027,0.793705272486909,0.7957063907623328,0.793705272486909,0.9427826811148596,0.9467409158050397,0.9428648576224968,0.9438489002944715,0.9428648576224968,0.5449230562914895,0.48663557278361735,0.5941206869926839,0.6880062896381459,0.5877288001419995,0.6156125885367563,0.616345218161595,0.6156125885367563,-0.2018600945842399,0.8981663321226052,0.9267106256298213,0.9164424590559989,0.9465547854138395,-0.21940757211505624,0.893585382708964,0.8939037842176604,0.893585382708964,0.902453451794992,0.902453451794992,-0.21011743656583326,0.5898851913185452,-0.35776851325191905,-0.731744257600283,-0.4626957808271412,-0.4662481096574393,-0.34005116808317926,0.2589211690877337,-0.23805660574017065,-0.4493764623783506,-0.6761555529272253,-0.3194623696204103,-0.48617911776776523,-0.3757434624668365,0.13464240430525282,0.13089754753214186,-0.4892276121551297,-0.44988414850574854,-0.4782885189405088,-0.509107457136269,-0.5011590931992778,-0.4804296940339778,-0.4839410101243521,-0.4804296940339778,-0.3471000921206904,-0.5116913767955765,-0.5116913767955765,-0.4874406557314541,-0.4874406557314541,0.3991213559768716,0.3862065492507008,0.5052519143435277,0.595934397535759,0.5488934530818387,-0.4202941319021241,0.3672038393183128,0.33833337725797785,0.3384345102018118,0.33833337725797785,0.11952721629632261],[0.6274218337732029,0.9761086730704557,1.0,0.6231235583450578,0.5391672348523183,0.6274218337732029,0.6121065631164158,0.6025923001501856,0.6025923001501856,0.5396058380028212,0.4927591728293535,0.996205124911848,0.6121319708964017,0.601490450520566,0.6123869676953162,0.4838284956008565,0.4846922044352364,-0.16187123186037816,0.5676454454535589,0.567619133624424,0.5282795451896243,0.6117828492331578,0.23320794164871764,0.7519480035955626,0.5866062791015496,0.5866062791015496,0.5863573528337942,0.987355101639011,0.3464914794883527,0.18273664171281243,0.571751415102081,0.5713230419218192,0.750962850482043,0.03427575456798369,0.6088755178745476,0.5343640046092686,0.5832808325006685,0.32650335305657063,0.9938952710249976,0.5279190507246576,0.47581153339271365,-0.16982050598329118,0.6254455332953065,0.6075114686966543,0.6254455332953065,0.8829615564231187,0.39411042364918975,0.9105840533889299,0.8820359979657229,0.6828858223158562,0.20517991359791496,-0.045071384781879935,0.04986919191015751,0.480276674959383,-0.08622146389869097,0.5569101572305853,0.509941918206503,0.5374056359891801,0.49779668590465687,-0.03532761312928054,0.7526511216873578,0.6898462142655258,0.5739317577123711,0.695716205655913,0.7380708145509388,0.695716205655913,0.4463019468505658,0.595627642289748,0.6711302114848161,0.595627642289748,0.638927378832787,0.648220039663841,0.695173020099989,0.7528205996020173,0.695173020099989,0.3178629636345186,-0.08741346229248265,0.3334289977300266,0.11720424855758112,0.33128263557043175,0.26128664948730607,0.44808491705673925,0.26128664948730607,-0.16940944856390222,0.5391617118088511,0.8547758101322946,0.6201108524864511,0.7533801220534634,-0.009406865142121502,0.5893573367964009,0.5901720435481494,0.5893573367964009,0.6781885362550275,0.6781885362550275,-0.2310494566566848,0.7224648968379906,-0.19667476304929676,-0.6352663076064481,-0.41665394280388324,-0.41992171944610257,-0.40394132519867215,0.06755599205666141,0.02437057023508318,-0.2998581754057119,-0.6155699102326141,-0.15151828642633874,-0.27785328406694254,-0.23925408827138125,0.026188487097974836,0.024104202761805495,-0.4722614747254692,-0.03131299132164167,-0.24164114659904978,-0.49936021372336187,-0.16370425428525065,-0.38400692337380565,-0.26315005375285,-0.38400692337380565,-0.4107559422469721,-0.5199297616102712,-0.5199297616102712,-0.27644253203379837,-0.27644253203379837,0.33702764589840073,0.16827503506267194,0.2669548969268834,0.5058378876252188,0.256892988724415,-0.3500256118037319,-0.02516883396395942,0.45310191396296606,0.5605326768969228,0.45310191396296606,-0.040522608882367854],[0.9997139692264669,0.9993652908471923,0.6231235583450578,1.0,0.9988187928212244,0.9997139692264668,0.9932674423166026,0.9898210306725681,0.9898210306725681,0.9942087236409158,0.9734004423860402,0.9895108968821601,0.9932964418613166,0.994056892397066,0.993329003502329,0.8737001525946306,0.8335202022976281,0.3462822144670245,0.9940678990282915,0.9940665358386711,0.9852603479101302,0.9932867462387263,0.4454846366266317,0.7150563507083875,0.9830947715505732,0.9830947715505732,0.9830752268376358,0.9788025641623023,0.35184426463640683,-0.10209396744916524,0.9889968764270238,0.9889688044763004,0.2990284079032677,-0.1677763184066851,0.9950423566720275,0.9959829890436736,0.7973356005187011,-0.37885283188532326,0.9926248770243019,0.9961387480777981,0.8651734246084437,0.3272209511858362,0.9928835267579241,0.995100382227276,0.9928835267579241,0.8818318772801641,0.6451585347521116,0.8920394967534434,0.8911319464206473,0.7841917233030873,0.37139971387340803,-0.1645919440010262,0.18995962601159005,0.9395020403594162,0.39746744091195396,0.9706538496132531,0.9669858036870443,0.9775672151064998,0.9897757405428046,0.9033427051213081,0.9221797142324757,0.9275878293260483,0.9184578901822494,0.9206978805078133,0.9217749697770153,0.9206978805078133,0.8606666984658948,0.9035590658639068,0.9047863624741594,0.9035590658639068,0.9093361135724976,0.7060698133317743,0.8466000974888995,0.8483162758914381,0.8466000974888995,0.6567991289584905,0.1245281772989238,0.6357916620999767,-0.5761664296529555,0.545095049622401,0.3212783326884559,0.5547925408113479,0.3212783326884559,-0.11135245179344147,0.8955159014726836,0.9257109337729971,0.908348354033863,0.9028875978131535,0.3320772590722919,0.8920827411382155,0.8933679250683614,0.8920827411382155,0.8830796869123999,0.8830796869123999,-0.12242558919269456,0.6109132127918492,0.18998238206738388,-0.6408063795331057,-0.5840860690025408,-0.5874602408561179,-0.09494964359049722,0.09627310000317921,0.22713721846916834,0.057479432829452656,-0.49272623719950015,0.013689362306980122,-0.801355460794534,-0.25468707165332094,0.14650664686883144,0.14777127960463018,-0.5650943547672526,-0.5873555725801498,-0.24734547873190704,-0.5130552238664868,-0.8243797931929884,-0.38024890523073834,-0.37310223079363486,-0.38024890523073834,-0.20030917495933526,-0.30558142815250483,-0.30558142815250483,-0.810392389452598,-0.810392389452598,0.38815049688435843,0.6306788505708214,0.855105233589883,0.8374775527307005,0.7652719771861594,-0.30634993621040296,0.746527222544713,0.7838610666631121,0.7839292339735286,0.7838610666631121,-0.20841761259920957],[0.9978168286580177,0.9951302692449643,0.5391672348523183,0.9988187928212244,1.0,0.9978168286580177,0.997089762289529,0.9954270357149178,0.9954270357149178,0.9972883057006151,0.9648530171216148,0.9962174619329336,0.9971085498076554,0.9971923425201913,0.9971378172991139,0.8203485170033088,0.7616794055610456,0.14313935314799286,0.9976225004823931,0.9976207801914949,0.987115738363471,0.9970979054634488,0.09822166840185755,0.6893481862817319,0.9918126085872426,0.9918126085872426,0.9917733529830252,0.9888303537483502,0.1303243203407758,-0.0831816673746934,0.9871238052278697,0.9870588572827027,0.006686158887532654,-0.061642337427683914,0.997792002035862,0.9977244172249177,0.7835845240708563,-0.5081085354318219,0.997574269809605,0.9980543703817322,0.8036986638664985,0.11896143702587937,0.9977374525877755,0.9977400307258257,0.9977374525877755,0.8969255510273977,0.6078665614496377,0.9102163475948897,0.8964677158588598,0.7572186654011922,-0.0981407675933953,-0.5863222975913872,-0.21415445600378993,0.9270289075473812,0.25080506610052516,0.9653127623739872,0.9653883952430142,0.9793816489962927,0.9904076835957544,0.9013315266977784,0.9033688418092916,0.9172539320586398,0.9054767946354918,0.9156329148001617,0.9161774853320597,0.9156329148001617,0.8348628072224156,0.8563547135842962,0.8578596862866505,0.8563547135842962,0.8979650391292365,0.8039787356490645,0.8784110700350436,0.8795368488211398,0.8784110700350436,0.6139834039186053,0.4880939369077872,0.5995972948775012,-0.6039926854686737,0.5981002954347026,0.5758365189250112,0.5758287941568109,0.5758365189250112,-0.12978146575354987,0.8772764222402258,0.9006010412307226,0.8850294600357301,0.9100057837061936,0.18035455879091206,0.8772451000645132,0.8786274999945094,0.8772451000645132,0.8841681993208117,0.8841681993208117,-0.16279961803259307,0.6612205152828246,0.04552544309544126,-0.6725726330263152,-0.6351346533802679,-0.6356247816201145,-0.12817283712049599,0.11930106661121602,-0.16587388982674584,-0.19235812941640942,-0.569111360084658,-0.3503983360442153,-0.8539764042847383,-0.5394004084375265,0.11485552292369305,0.11600886679654995,-0.5925203470397371,-0.5801775156838025,-0.531379765978624,-0.5525202222924874,-0.7855200924298074,-0.584511012229979,-0.5877247397665729,-0.584511012229979,-0.24089759833141605,-0.34097473257655375,-0.34097473257655375,-0.7529585088270315,-0.7529585088270315,0.37350502207518665,0.6116108733739315,0.807590069260349,0.7894632358126903,0.7543499154400185,-0.43752169176349526,0.602427580456907,0.6755189345566489,0.6756971909113824,0.6755189345566489,0.018480390437657195],[1.0,0.9999867377960061,0.6274218337732029,0.9997139692264668,0.9978168286580177,1.0,0.9918696797809247,0.9879539054108384,0.9879539054108384,0.9925644500067864,0.9755075720025495,0.9856506250814534,0.9919095451801486,0.9923603800976946,0.9919670326673093,0.874034446358719,0.834140922712312,0.3611679504538962,0.9928676191980541,0.9928661229936402,0.985066967753826,0.9919101862109989,0.45385456033930505,0.7108533634862729,0.9803572244094003,0.9803572244094003,0.9803380450295064,0.9715231941910718,0.355653710199177,-0.09582068239198228,0.9895709987902807,0.9895339741071485,0.3066416342228451,-0.16773294707595138,0.9944094865599433,0.9951367111555242,0.8334427634877476,-0.3739965578866143,0.9898559802409603,0.9950582890731696,0.8663203631758706,0.3424285669355029,0.994566670346901,0.9945631781896351,0.994566670346901,0.8843852150928986,0.6577872061439022,0.886305716777904,0.8937735866010407,0.8039075179342454,0.37667634448431364,-0.15912898287641963,0.1958615309046262,0.9452093924600692,0.4136410013243825,0.9751584683410399,0.9699870057687446,0.9797189574687196,0.989729435011516,0.9246265065859759,0.9289128462074004,0.9406890757460458,0.9224511429200062,0.9378789724920014,0.9386665358089042,0.9378789724920014,0.8687451556305742,0.9157642832913654,0.9168763365513933,0.9157642832913654,0.9127690417773693,0.7664460771783612,0.8858222829162049,0.8874402044589085,0.8858222829162049,0.665071372133506,0.34518075404487186,0.645806534564728,-0.5716085702436646,0.5501022042453807,0.5835522118039886,0.5848166081379523,0.5835522118039886,-0.1048900015973324,0.9008247916565775,0.9333856239979206,0.9160880607814691,0.9261548593250356,0.3462442900438624,0.8966168818444854,0.8977490606328794,0.8966168818444854,0.9025573037769572,0.9025573037769572,-0.11747860741349306,0.5890857186048241,0.18526447417643838,-0.6305408432137861,-0.5770653090214517,-0.58051923444617,-0.08274666448545277,0.10093449847924744,0.23413270263315555,0.0705139067242824,-0.48033203912411615,0.020075412622321955,-0.7955011633784965,-0.246952480633896,0.156595703862091,0.1577972684523299,-0.5583346267271161,-0.5909443124065719,-0.24604065609766612,-0.5023682246853511,-0.82277273210313,-0.3788165248360628,-0.3711084651888755,-0.3788165248360628,-0.191720373544557,-0.29594562769866845,-0.29594562769866845,-0.8107909498551207,-0.8107909498551207,0.39922461247107255,0.642448380280444,0.8630076197773319,0.8452062381188167,0.77279716038105,-0.29333589708383473,0.7556276501103971,0.7927709388880573,0.7928341959917375,0.7927709388880573,-0.22333943790407695],[0.9918696797809247,0.9825008483245231,0.6121065631164158,0.9932674423166026,0.997089762289529,0.9918696797809247,1.0,0.9974143345302985,0.9974143345302985,0.9999699631238662,0.9578185886733839,0.9996622908670549,0.9999964835810611,0.9999861424255618,0.9999931697061952,0.9180760217923729,0.9089079802736618,0.3049065821243668,0.9998546555263546,0.9998550029941625,0.9894614022620372,0.999996671555968,0.3574421506306947,0.7141161115880649,0.9853002871439069,0.9853002871439069,0.9860911672874236,0.9897253713942953,0.277493813847447,-0.1586762884903659,0.9916527436935186,0.9914967669341667,0.20268304045353244,-0.21667472940824017,0.9993283828216805,0.9994346169885923,0.4049949836071365,-0.3164878472820639,0.9989423268216475,0.9993868649119639,0.9068957094417854,0.28445934400499345,0.93903329306285,0.9990713474364237,0.93903329306285,0.9066364640391605,0.6142520554480453,0.928921115175039,0.9053011540002223,0.7189398451465325,0.408400392664902,-0.10467211610109567,-0.2028086533049742,0.9260902952079424,0.36179878531803955,0.9675587586599868,0.9619113941770606,0.9782229241594745,0.9957832993956338,-0.0513234474555847,0.8612658917734237,0.8242896435902887,0.8710841246667416,0.8184805677994921,0.7829258234209787,0.8184805677994921,0.7961652186414728,0.7862041322337844,0.7784595240102946,0.7862041322337844,0.8618825558340261,0.360625819539214,0.5696003882059693,0.6390680167043453,0.5696003882059693,0.5829792464015668,-0.35005629129079824,0.5499923919362405,-0.6394271083801415,0.47329374116013245,-0.10451024207599681,0.41810842702650547,-0.10451024207599681,-0.15322180500587568,0.8394150480477474,0.858754805688916,0.8444625810182725,0.7579384050899848,0.2902217760482566,0.8398148094329699,0.8416451007712166,0.8398148094329699,0.7537024376943783,0.7537024376943783,-0.19918015964875604,0.7046518018405079,0.24774692726045988,-0.6518127898444624,-0.6247598842168304,-0.6277194007645571,-0.14130188023377147,0.04597364771509368,0.33830274771774793,0.023923291672737424,-0.5111243735306792,0.0712058566335429,-0.8277845417755475,-0.15509275059777225,0.07885262543844843,0.08023140420230869,-0.6080978784529,-0.5958972293980053,-0.08457501696631409,-0.5875092654917591,-0.837626450726699,-0.37394547707542436,-0.2052831913427707,-0.37394547707542436,-0.2742693815652329,-0.35050629240802533,-0.35050629240802533,-0.8301243145863116,-0.8301243145863116,0.37306236682582977,0.5930291108667578,0.5041626634255979,0.8042405454750321,0.7474205675172114,-0.35882980859001634,0.06427403151841832,0.7541063469937707,0.7729498352064886,0.7541063469937707,-0.1382923271291187],[0.9879539054108384,0.9755513485047147,0.6025923001501856,0.9898210306725681,0.9954270357149178,0.9879539054108384,0.9974143345302985,1.0,1.0,0.9995355716847785,0.950633211563559,0.9986259475621488,0.9981777245634487,0.9993835249240014,0.9991089827000222,0.9159742531598604,0.8991151687967585,0.2830682298688654,0.9991561221361414,0.9991588910779794,0.9867622100190618,0.9992529204074897,0.33186603741840337,0.7147409695075458,0.9924910968658286,0.9924910968658286,0.9840868575707681,0.9865691340121817,0.25991114733487336,-0.1722266681620539,0.9879336391075556,0.9913579696400554,0.18391518022209188,-0.22256505286466416,0.9982615906525731,0.9982157379984694,0.3863915600074848,-0.3233127040813041,0.9968639277897148,0.9981359810138941,0.9051390227936669,0.2621937512721605,0.9312246714371907,0.9980904710860179,0.9312246714371907,0.9040916997978788,0.5989500404589304,0.9291859482872623,0.901924273217187,0.6953884596824973,0.39530534623593194,-0.11981597825504131,-0.21564072142197574,0.9173050734265363,0.34117644337335495,0.9628584035279834,0.9565917753591708,0.9730394354872286,0.9948303236445453,-0.06130565035541775,0.849436753970545,0.8079901737345162,0.8625029359510236,0.803312868050144,0.7705386606823338,0.803312868050144,0.783577696172338,0.7671994431261066,0.7648214499720785,0.7671994431261066,0.8535390243912141,0.34094146650333496,0.5489498213056029,0.6225117927309516,0.5489498213056029,0.5698309326439075,-0.36485514117450646,0.5350860267199793,-0.6472833276745839,0.46527370931432777,-0.12671253442126912,0.4016754956718856,-0.12671253442126912,-0.16005673563315442,0.8293715800599111,0.8438970863046865,0.8317119337541105,0.7431476859550746,0.2726118629674401,0.8303444972776338,0.832394726947515,0.8303444972776338,0.7359560413833722,0.7359560413833722,-0.21451820968682728,0.7295491475905949,0.2550829430225114,-0.6613024882077145,-0.6376690647336635,-0.6404587275003476,-0.15618674424503615,0.038204223169245474,0.33133774236666186,0.0046532439455037235,-0.5239203537255263,0.06190931712470365,-0.8339099622643774,-0.16160350216481656,0.06341833588446562,0.06483880928487779,-0.6198759136822056,-0.5969836603348471,-0.0914538977403052,-0.6044874156839267,-0.837416093960113,-0.38554469744553704,-0.21153072182839017,-0.38554469744553704,-0.29190933949884923,-0.3643207860747579,-0.3643207860747579,-0.828344140033452,-0.828344140033452,0.35288246410732316,0.5759639695425052,0.4853558857433882,0.7863732370978003,0.7346839358172916,-0.3806580526348195,0.05014116951576612,0.7349474031436858,0.7571894144193871,0.7349474031436858,-0.12111861208486055],[0.9879539054108384,0.9755513485047147,0.6025923001501856,0.9898210306725681,0.9954270357149178,0.9879539054108384,0.9974143345302985,1.0,1.0,0.9995355716847785,0.950633211563559,0.9986259475621488,0.9981777245634487,0.9993835249240014,0.9991089827000222,0.9159742531598604,0.8991151687967585,0.2830682298688654,0.9991561221361414,0.9991588910779794,0.9867622100190618,0.9992529204074897,0.33186603741840337,0.7147409695075458,0.9924910968658286,0.9924910968658286,0.9840868575707681,0.9865691340121817,0.25991114733487336,-0.1722266681620539,0.9879336391075556,0.9913579696400554,0.18391518022209188,-0.22256505286466416,0.9982615906525731,0.9982157379984694,0.3863915600074848,-0.3233127040813041,0.9968639277897148,0.9981359810138941,0.9051390227936669,0.2621937512721605,0.9312246714371907,0.9980904710860179,0.9312246714371907,0.9040916997978788,0.5989500404589304,0.9291859482872623,0.901924273217187,0.6953884596824973,0.39530534623593194,-0.11981597825504131,-0.21564072142197574,0.9173050734265363,0.34117644337335495,0.9628584035279834,0.9565917753591708,0.9730394354872286,0.9948303236445453,-0.06130565035541775,0.849436753970545,0.8079901737345162,0.8625029359510236,0.803312868050144,0.7705386606823338,0.803312868050144,0.783577696172338,0.7671994431261066,0.7648214499720785,0.7671994431261066,0.8535390243912141,0.34094146650333496,0.5489498213056029,0.6225117927309516,0.5489498213056029,0.5698309326439075,-0.36485514117450646,0.5350860267199793,-0.6472833276745839,0.46527370931432777,-0.12671253442126912,0.4016754956718856,-0.12671253442126912,-0.16005673563315442,0.8293715800599111,0.8438970863046865,0.8317119337541105,0.7431476859550746,0.2726118629674401,0.8303444972776338,0.832394726947515,0.8303444972776338,0.7359560413833722,0.7359560413833722,-0.21451820968682728,0.7295491475905949,0.2550829430225114,-0.6613024882077145,-0.6376690647336635,-0.6404587275003476,-0.15618674424503615,0.038204223169245474,0.33133774236666186,0.0046532439455037235,-0.5239203537255263,0.06190931712470365,-0.8339099622643774,-0.16160350216481656,0.06341833588446562,0.06483880928487779,-0.6198759136822056,-0.5969836603348471,-0.0914538977403052,-0.6044874156839267,-0.837416093960113,-0.38554469744553704,-0.21153072182839017,-0.38554469744553704,-0.29190933949884923,-0.3643207860747579,-0.3643207860747579,-0.828344140033452,-0.828344140033452,0.35288246410732316,0.5759639695425052,0.4853558857433882,0.7863732370978003,0.7346839358172916,-0.3806580526348195,0.05014116951576612,0.7349474031436858,0.7571894144193871,0.7349474031436858,-0.12111861208486055],[0.9925644500067864,0.9823465286599051,0.5396058380028212,0.9942087236409158,0.9972883057006151,0.9925644500067864,0.9999699631238662,0.9995355716847785,0.9995355716847785,1.0,0.9567131290581568,0.9996223079422216,0.9999710112045467,0.9999699060327216,0.9999750772893315,0.8444168287711175,0.7876712038457653,0.1898000417719242,0.9998067907431148,0.9998073671812788,0.9893281252286281,0.9999681047878205,0.14385700635582596,0.6840468012441255,0.9948726398372779,0.9948726398372779,0.9948260254349189,0.9896024842390473,0.11158300157261264,-0.0968471164506281,0.9903995981103788,0.990360885065515,0.022190836355230798,-0.17416272167623204,0.9993662704825822,0.9993241511696503,0.7918558567025128,-0.5015931132262536,0.9988702684771695,0.999364158431825,0.8280537731274229,0.16613469734183509,0.9992211177830885,0.9992263155981995,0.9992211177830885,0.9064855057958492,0.6149029649243342,0.9287788870005153,0.9049427558302817,0.7183588123512037,0.006483991300668512,-0.53620152077301,-0.16632389914361823,0.9217384428039199,0.30780993188662586,0.9626831834585029,0.9619831434565733,0.9799464453237208,0.9949873744674088,0.8753641416845361,0.8624095294623776,0.8923051421016979,0.8722495325232219,0.8907204414512906,0.8913580295725069,0.8907204414512906,0.7959488177720909,0.8385885729078051,0.8401345804393502,0.8385885729078051,0.8635431691637808,0.7674168441263663,0.8499257181772735,0.8512035646203956,0.8499257181772735,0.5824594642179354,0.4170889933980038,0.5499172259486546,-0.6545676097477204,0.5300489397776199,0.4952328666241492,0.49504228934714367,0.4952328666241492,-0.11060543730286677,0.8403300049354778,0.8586671281252525,0.8448246022189676,0.8845222892037634,0.20824949537779477,0.8456759234357513,0.8477166912903209,0.8456759234357513,0.8526751703692573,0.8526751703692573,-0.20104154686875894,0.7054507089940842,0.07054838783361013,-0.6647474735658866,-0.6619971043123751,-0.6630529094062463,-0.14487031129273412,0.049522142642732504,-0.1721713538488355,-0.1614616424663968,-0.5550651012533774,-0.3794453367141911,-0.8705643260421985,-0.5761049923210447,0.0782694651618281,0.07962036228393876,-0.6097845793730562,-0.591832816273143,-0.54146006799827,-0.5893157022402904,-0.8079888818763564,-0.6080493443093758,-0.6103976382647597,-0.6080493443093758,-0.2766603627671879,-0.3544248984978752,-0.3544248984978752,-0.7877686859703856,-0.7877686859703856,0.37354264231905454,0.5914692108491836,0.816777863425242,0.8012734528661565,0.7455607210573635,-0.38710575596401425,0.6359496760664413,0.6985966295321674,0.6987565286914159,0.6985966295321674,0.09788692005026488],[0.9755075720025495,0.9667489103400507,0.4927591728293535,0.9734004423860402,0.9648530171216148,0.9755075720025495,0.9578185886733839,0.950633211563559,0.950633211563559,0.9567131290581568,1.0,0.9384970263051772,0.9578417910979575,0.9578557656167948,0.9575374743679133,0.6981138168348736,0.6287228797484816,-0.02295323081406903,0.9625788981440139,0.9625572805500963,0.957965895916582,0.9579579168942215,0.07720346151384183,0.7262115024183469,0.9595103054043049,0.9595103054043049,0.9596994762557661,0.8733088799442701,0.2234719635690354,-0.07769039661989989,0.9653088012861064,0.9654196252554572,0.18480586344902744,0.10782268426465151,0.9664498112408317,0.966709495558526,0.873811088183171,-0.4066142138839561,0.9478450541057591,0.9655932785110184,0.6802808618149042,-0.04457489117151644,0.9676454022744417,0.9676123566540854,0.9676454022744417,0.7994601034209822,0.4122033102553603,0.7970572054615831,0.8804460476264468,0.8404946142552651,-0.536296489758157,-0.6835648919421793,-0.26904626798273695,0.8811037009264676,0.010421256116040778,0.9129227159957762,0.9129874787810834,0.9330903083720589,0.963598084290451,0.8790000754639564,0.8780204533087963,0.900277018875363,0.8818792622726646,0.8933202099305054,0.8940079268617135,0.8933202099305054,0.8314467120130855,0.8129661853929185,0.8148024668230001,0.8129661853929185,0.8754489451975503,0.8922445365155706,0.8738237365938578,0.8744822369268263,0.8738237365938578,0.6715572162256462,0.5967266516378139,0.6724433112607989,-0.3518654715086662,0.6934408074733484,0.7102123883037053,0.7127407738442988,0.7102123883037053,-0.2713729236069786,0.8792720118590893,0.9342635093069037,0.8946174548850105,0.89210637824292,0.06518687980582931,0.8725918128990998,0.8737294150534969,0.8725918128990998,0.8822632379659022,0.8822632379659022,0.03425243237714752,0.37747128162723803,-0.09784182411223905,-0.5907404157096088,-0.41937170033659066,-0.42153177588748014,0.004066287336274207,0.4134329951960718,0.05937268674692195,-0.11126961675451136,-0.46221716756633263,-0.046825852968520126,-0.802234985368289,-0.20863420785964243,0.29866608386372306,0.2981804337712188,-0.3865264419036684,-0.43542779938974974,-0.34629706780332653,-0.3551571809319655,-0.6724971766652448,-0.36657496201559314,-0.3689366061329715,-0.36657496201559314,-0.08422939652893045,-0.3921321338966741,-0.3921321338966741,-0.5392334993101024,-0.5392334993101024,0.5411065789506531,0.6584967279256265,0.7553491906134708,0.68093000823829,0.8248479659734401,-0.4792069425723498,0.3889056730222502,0.5465614967490049,0.5468461427882425,0.5465614967490049,-0.20702170003968132],[0.9856506250814534,0.9841887917260523,0.996205124911848,0.9895108968821601,0.9962174619329336,0.9856506250814534,0.9996622908670549,0.9986259475621488,0.9986259475621488,0.9996223079422216,0.9384970263051772,1.0,0.9996604286294464,0.9996563026226232,0.9996223493932156,0.5334682171261766,0.45069267087089154,-0.4600974973194481,0.9997875685881407,0.9997909197338141,0.9996663960130631,0.9996663416140543,-0.19293404591856145,0.9689813963659751,0.9939357603220599,0.9939357603220599,0.9939150231696677,0.9920106050486854,0.14908852010242152,0.1301319401908406,0.9906703690923904,0.9907178368966052,0.9646126389400415,0.09462887089348883,0.9989251930241803,0.998875417598896,0.9987322799117005,0.9993187966477713,0.9993486551024473,0.998961027811384,0.4899408519577219,-0.46913796303022204,0.9986760194057013,0.9986853705352624,0.9986760194057013,0.8999975375791842,0.45649403879812234,0.9248808304152821,0.9027394522014802,0.7192337393482251,-0.48202294351040403,-0.629662825268982,0.798736254844162,0.8242678257323275,-0.3290502937170069,0.9251481527761192,0.9253717276101271,0.9657989783388368,0.9928992390871422,0.8842241714325708,0.8921696716918501,0.8659894956782166,0.8674449562738368,0.8733797567162678,0.8741303244288207,0.8733797567162678,0.7346827569311551,0.6967303761304162,0.6991203787090157,0.6967303761304162,0.8914679481533714,0.898605935238574,0.8904729632629564,0.8916950919864239,0.8904729632629564,0.43143384603103924,0.362873384429444,0.47792385336735094,0.5890705325781228,0.4796530693791504,0.5138932833561457,0.5160649963366042,0.5138932833561457,-0.3817253844589822,0.8220063496953716,0.8628952285524321,0.8470713837534796,0.8915816001226051,-0.25724904156074135,0.8163303843478955,0.8167601999920021,0.8163303843478955,0.828033847926056,0.828033847926056,-0.2555736919194404,0.6971936427078091,-0.37835891440825864,-0.758143217490131,-0.5375978358881794,-0.5401315874975462,-0.39172897666234274,0.20139749484451883,-0.2856943480342533,-0.48993146255491415,-0.7098019371299016,-0.3724726627606242,-0.6039180910388826,-0.44019787013656775,0.07280893165134895,0.0698295012059751,-0.5594526133072827,-0.5277150484844001,-0.5477888351325275,-0.5829731131042408,-0.5766031513765005,-0.5510351164437903,-0.5542906116472084,-0.5510351164437903,-0.4225903696975665,-0.6092610887120431,-0.6092610887120431,-0.610139361771655,-0.610139361771655,0.3688934356587226,0.3428391025492223,0.46945088357222775,0.5595056641016211,0.5358512496608331,-0.5642848106690098,0.295497125970506,0.29611988010237905,0.29628592608984927,0.29611988010237905,0.21354540122944504],[0.9919095451801486,0.9825469958598473,0.6121319708964017,0.9932964418613166,0.9971085498076554,0.9919095451801486,0.9999964835810611,0.9981777245634487,0.9981777245634487,0.9999710112045467,0.9578417910979575,0.9996604286294464,1.0,0.9999899496637386,0.9999948882031507,0.9180517027353821,0.9032347584766444,0.3049610481707303,0.9998558966270129,0.9998562081718454,0.9894977205045672,0.9999972426393468,0.3577485061399992,0.7141875989790242,0.9905274725201858,0.9905274725201858,0.986081754872503,0.9897062005478664,0.2777476526813184,-0.1586223950144992,0.9916691487259125,0.9915063455970332,0.20291127489486027,-0.21663789666917657,0.9993300445229395,0.9994379223178238,0.40497421849362225,-0.3162742289956131,0.9989435093827095,0.9993941474677809,0.9068632907175284,0.28452029437983417,0.9390189765685187,0.9990734917517697,0.9390189765685187,0.9066520089380867,0.614387419387353,0.9291322413145551,0.9055131682182344,0.7190580221254955,0.4087832949172645,-0.10423174112027031,-0.20244296833931816,0.9261612422418737,0.36186535855763396,0.967646879774037,0.9619694408402832,0.9783079860676547,0.9957961765227017,-0.05113045219868396,0.8614204997188256,0.8243904391434245,0.871203541639964,0.818580086590172,0.7828708480242803,0.818580086590172,0.7962557346201048,0.7862630333475137,0.7783980505057682,0.7862630333475137,0.8620377468390773,0.3605090620399647,0.5696130922106732,0.6389854985076967,0.5696130922106732,0.582937887522894,-0.35007264438347224,0.5499683250196673,-0.6393166746902098,0.4732013663333253,-0.10463407382082549,0.4181482336444819,-0.10463407382082549,-0.1533664512124133,0.8394951850228988,0.8588939450956972,0.8445648754666671,0.7579319820651678,0.2902800362823624,0.83990291502995,0.841728350310581,0.83990291502995,0.7537772782075789,0.7537772782075789,-0.19913376102197355,0.7046319036961679,0.24785474888086234,-0.6518511242778534,-0.6246746485232083,-0.6276397233182349,-0.1413897339388152,0.04584825642922554,0.3384654789608732,0.02393272878418126,-0.5111868613709081,0.07145593620605133,-0.8275223924397793,-0.1548122489658099,0.07891127666695777,0.08030640516555793,-0.608082184231569,-0.5956980384307075,-0.08433567825009754,-0.5874749063666943,-0.8375156975018461,-0.37372648076491727,-0.2050849184395369,-0.37372648076491727,-0.2741272737078196,-0.35047668218269523,-0.35047668218269523,-0.8300661772483277,-0.8300661772483277,0.37349889012272236,0.5931514050468755,0.5044031861420303,0.8044859533357682,0.7474767166314961,-0.35862240320281624,0.06455256679232613,0.7543468454095124,0.7730581599253443,0.7543468454095124,-0.13831305048495549],[0.9923603800976946,0.9824697770559488,0.601490450520566,0.994056892397066,0.9971923425201913,0.9923603800976946,0.9999861424255618,0.9993835249240014,0.9993835249240014,0.9999699060327216,0.9578557656167948,0.9996563026226232,0.9999899496637386,1.0,0.9999872055251624,0.8801437045615946,0.8350963218355443,0.305989550187849,0.9998794682345707,0.9998800601426432,0.989501879567228,0.9999870899162041,0.3606310396381413,0.7101876889437977,0.9935693985081335,0.9935693985081335,0.9935308559048655,0.9896486893084756,0.2736008927549312,-0.15943939877542743,0.9918123336962912,0.991820440739252,0.2270883863944999,-0.21645306452547589,0.9995040278611937,0.999439186836348,0.8352941105133987,-0.4106939152337005,0.9989391596640929,0.9993992845883474,0.8682610662282183,0.28557874003829464,0.9993911338229293,0.9993956410721228,0.9993911338229293,0.9067382624249982,0.6145450780811207,0.9289537086063071,0.9052329773549151,0.7184967520554575,0.2888949346191108,-0.27648914095444443,0.09138380985198183,0.9261466710672756,0.3622082073998514,0.9643313234814522,0.9619969553073147,0.9767644479854534,0.9960285923010861,0.8839016187783546,0.8608048425410774,0.8978667963149827,0.871334480150429,0.896943838453553,0.8978263035605498,0.896943838453553,0.7957568801121641,0.8618402921056367,0.8633383462380572,0.8618402921056367,0.8620830613988956,0.7510218502642607,0.8568914240693962,0.8585809033866549,0.8568914240693962,0.5823036309174644,0.4276641309172765,0.5493508126335686,-0.6446841433397823,0.4725056857041301,0.48396259998737384,0.4851773481958632,0.48396259998737384,-0.15512901415696762,0.839575283792957,0.8584228373153852,0.8439597127832981,0.8911304918295305,0.2918496026854116,0.8400636389116724,0.8418853330976805,0.8400636389116724,0.8516618965794974,0.8516618965794974,-0.1995820749775036,0.7039595913302471,0.16965940555521905,-0.6512283843539035,-0.6243038894095793,-0.6272638880087791,-0.14130210644407107,0.04533372827038619,0.1163602209616467,0.024780916961636083,-0.5103781846842897,-0.1147307639929805,-0.8398677275262076,-0.376453325073655,0.07864174593212976,0.08003372084597755,-0.6081407651433871,-0.5948619901306902,-0.3786971112215172,-0.5872440248780363,-0.8313905134802629,-0.4946809011626577,-0.49033751601081665,-0.4946809011626577,-0.2738326550140695,-0.35112348639423796,-0.35112348639423796,-0.8223283514936935,-0.8223283514936935,0.3729400793939501,0.5932601618726947,0.8262955299926266,0.8087621000406054,0.7478713156519907,-0.3585133541686812,0.7047273345804582,0.7445911534831987,0.7446727342489622,0.7445911534831987,-0.1062921189405752],[0.9919670326673093,0.9823762063548656,0.6123869676953162,0.993329003502329,0.9971378172991139,0.9919670326673093,0.9999931697061952,0.9991089827000222,0.9991089827000222,0.9999750772893315,0.9575374743679133,0.9996223493932156,0.9999948882031507,0.9999872055251624,1.0,0.9129987969926593,0.8787391913838994,0.3050620659366903,0.9998585878085873,0.9998587996341038,0.9896385267527512,0.9999948409610264,0.3583952616943242,0.714050336933714,0.993840001314844,0.993840001314844,0.9937406638428627,0.989615308400852,0.27800269159425606,-0.15866118269673884,0.9924593384174611,0.9925043419919634,0.2036485306710818,-0.21647289537846706,0.9993769808480074,0.9994364713357833,0.40398222789925686,-0.3154724357053801,0.9988930978710723,0.9993966538654648,0.905681668564166,0.28464470809939996,0.9385511318548063,0.9991257987133244,0.9385511318548063,0.906907355103139,0.6150587559695329,0.929398971041417,0.9057886954263404,0.7187905310413562,0.41014559653173777,-0.10269297510542534,-0.2026481588895796,0.9265196800672442,0.36212535021845,0.9680428903645788,0.9622895867080898,0.9785785386310596,0.9958320654567454,-0.05212654315769776,0.8617050875170648,0.8243155357752655,0.8714479515061847,0.8185417173247781,0.782453625315417,0.8185417173247781,0.7964564947574169,0.7862168993450636,0.7787847558339226,0.7862168993450636,0.8623666934343256,0.3598516952268964,0.5691291548665325,0.6390065250581782,0.5691291548665325,0.5828041327389811,-0.35121264099046107,0.5499117656113801,-0.6394732808005705,0.47285342423977605,-0.10560916942953567,0.41781556772960016,-0.10560916942953567,-0.15331289200086404,0.839637182555019,0.8586193458257567,0.8447003603602308,0.7494383705991388,0.29063380076254697,0.8400199851083943,0.8418351436722034,0.8400199851083943,0.7535978842817633,0.7535978842817633,-0.20056643190018228,0.7054100135000076,0.2483417583902061,-0.6518531881195576,-0.625035349658688,-0.6280051910015743,-0.14251296055153995,0.04466676015207721,0.33876951341448125,0.023499645785406396,-0.5114329313188192,0.07153526969040717,-0.8267048869121821,-0.15465659123040398,0.07794263332841704,0.07933497115935158,-0.6086788835886522,-0.5959228872915232,-0.08376937774126891,-0.5886757474261155,-0.8375117053739702,-0.3736651319150242,-0.20454054322468984,-0.3736651319150242,-0.275047740206346,-0.3509337927392985,-0.3509337927392985,-0.8304008876071444,-0.8304008876071444,0.3736454104813111,0.5928027040521558,0.503889332286912,0.8049135066478279,0.7469024278749046,-0.3581784227953204,0.06390133965239837,0.7547415121855086,0.7736551700847261,0.7547415121855086,-0.13800094520596212],[0.874034446358719,0.45825239360248043,0.4838284956008565,0.8737001525946306,0.8203485170033088,0.874034446358719,0.9180760217923729,0.9159742531598604,0.9159742531598604,0.8444168287711175,0.6981138168348736,0.5334682171261766,0.9180517027353821,0.8801437045615946,0.9129987969926593,1.0,0.995290164807504,0.40549167545125203,0.9019689340320484,0.9019649610890073,0.8588751943293543,0.9124182259141209,0.32603157341940536,0.5286386630889517,0.904185088545355,0.904185088545355,0.8925701537271291,0.16963698706255373,0.18953190018186156,-0.19290955483457947,0.9283155872675021,0.9269141659644426,0.14998273455871913,-0.2610984320557551,0.9158988853090636,0.8579537592822246,0.30984051147582536,-0.3200764262443048,0.5472485392537088,0.8393717666827002,0.998453137689285,0.3871302058107529,0.8440005945266461,0.915707967735367,0.8440005945266461,0.5062280979864339,0.5848591667255336,0.1710518827870451,0.15781184420027725,0.35923387798889755,0.40964758894964387,-0.06658932694580025,-0.2100522190207595,0.8277370615722836,0.40495296230303574,0.9049741888559635,0.8427752781468203,0.8924250018973694,0.9072220745061557,-0.09393500961473558,0.4567081721709097,0.7029383682924883,0.6510864333393773,0.6951786666256944,0.7096983434