var element=document.getElementById("correlationAdjClose");if(element.style.display!='none'){var correlationAdjClose={"data":[{"type":"heatmap","z":[[1.0,0.999992620754032,0.985330974999595,0.9999261618316067,0.999021873121744,0.9866261402943068,0.9977466313437198,0.9957606149073529,0.9691674915533669,0.9960750212866247,0.9808194303641797,0.9933761796573435,0.9958896401258551,0.9951805545648308,0.9958096202600049,0.997474296704513,0.9974582200165585,0.99827069203848,0.9964514288858916,0.9964624715057235,0.9965159164127217,0.9958423587735403,0.9863369942392353,0.9708065668518481,0.9890977935403876,0.955948693188933,0.9880352626000564,0.9854111670134164,0.9662665918323666,0.9491124089160011,0.9932844796685246,0.9942202930524414,0.9921678422032447,0.9767059800002882,0.9976570022986583,0.9979136421273754,0.9973851155413866,0.9959481818910467,0.995633044167303,0.9978138534775928,0.9987287949917606,0.9987586817759301,0.9976075985313069,0.9976176611483981,0.9767363060177916,0.91538002252827,0.7431397285807303,0.914584203175952,0.9158908950100119,0.8514001687861511,0.9644792460043494,0.946552538024141,0.9660248938680042,0.965228932530717,0.9563955877786077,0.985131586721457,0.9820428086231671,0.9903149968138821,0.9945493096052241,0.9857258820994437,0.9805112130028771,0.9873874142126177,0.9851940402976522,0.9879722055650462,0.9877626977531626,0.9649559004092676,0.9717756214371448,0.9739252977391558,0.9735921651234117,0.9499826273474608,0.9785622406965809,0.9761976746270591,0.9838415929771614,0.9830608241133734,0.9400310719221322,0.875135893354041,0.842817007260289,0.8934410211605303,0.9148097546086864,0.9111635534849286,0.9127423873939414,0.9113502124945447,0.6648250678219856,-0.5671256449455248,0.9793748392562179,0.973293647065635,0.9696474435191479,0.9864999333959332,0.9732503537300006,0.9835168527037292,0.9834767268195402,0.9484621648657284,0.9836473230898877,0.9519718512344605,0.6913728478873642,0.8901797137770083,0.9224768246584405,0.7783490365184293,0.929129986249116,0.9471018465142289,0.8298563020836935,0.9621106108940912,0.8961421398293249,0.6216231802730029,0.7155090685018065,0.8924949979786477,0.867998959053584,0.8898967574203354,0.9719649052127007,0.9721512179941653,0.7437624744483778,0.7213315081855443,0.8249217329848126,0.3762582073817733,0.7983895649655195,0.8292465784751546,0.8162098955685237,0.8148104151143101,0.7658924114757534,0.7466109500397439,0.7280973636954134,-0.25742961397044206,-0.39575644640921004,0.6557564870516727,0.8967830617567011,0.9401134999008595,0.9457478370209709,0.9149320824014386,0.8278757907510652,0.9127379812795127,0.9334196095741281,0.9332543610635194,0.8679289224187272,-0.18781210143896485],[0.999992620754032,1.0,0.986070974303864,0.9998090561460543,0.9979737692674382,0.9901937482093244,0.9939498878162834,0.9904818495046087,0.98255944945556,0.9905070076354514,0.9727490303587957,0.9925455434152085,0.9906704343654367,0.9905319494186924,0.9905754352743026,0.9931320882964776,0.9961488692322349,0.9957444353131966,0.993375729763271,0.9933767628628135,0.990569877562953,0.9906221127314762,0.9901948032558024,0.9689607728371046,0.9867733314809939,0.9795914118711553,0.986598367870179,0.9852904141094718,0.9775452070605544,0.9249169121768339,0.987916280844544,0.9850436017228916,0.9783392481871664,0.9248389042483464,0.995270964756662,0.9951359232529231,0.9953958574048734,0.9913113141349637,0.9949392261906606,0.9953991923243997,0.9968598587475425,0.9969506469346934,0.995374789691369,0.9953830323486056,0.9883399180023419,0.9151830469005567,0.5825490347017769,0.914349700413755,0.9159855174745128,0.851524435706301,0.8727970147593319,0.9173649433506468,0.8760364481394668,0.9020936978535027,0.8720945445755917,0.9545673115189902,0.9545120291525887,0.9639947643198653,0.983310745671851,0.9788820980826545,0.981911734950266,0.97698169475793,0.9767939216641057,0.97920552447639,0.979127043652705,0.9453190015768348,0.9544553203679557,0.9272086002780238,0.9271163832672726,0.8443383267942425,0.9748987653817001,0.9767940820117409,0.977006838703517,0.9765271046148835,0.9435685333463681,0.7130955086335308,0.661519201422843,0.7923361021929944,0.871313818761809,0.8130814451147047,0.843121227647796,0.8416189635104108,0.6627471640182652,-0.2550735738558092,0.9645412820945924,0.969943876987187,0.9643124701101304,0.9796041427854079,0.9621067405014802,0.9683119254694528,0.9675602998878593,0.9196361288137754,0.9707093696572195,0.9240560446205559,0.5573959228591248,0.8894371325879937,0.8866389129787616,0.3879287256222706,0.7191765691741591,0.7944915522569641,0.6796212513396943,0.9627720064045093,0.6853812738088271,-0.26825829885243646,0.17844467267460265,0.6557718001789784,0.6603222190212015,0.7058864388485784,0.9643347280252726,0.9642429471358057,-0.014340883586767182,0.23024689675079327,0.06754026410902057,0.033354965188889765,0.06182985600001571,0.07779850592522591,0.045138400946384584,-0.001724450371286486,0.4339947782594369,0.16600336830647747,0.11536415451557462,-0.44336064855811796,-0.4839185515831049,0.6554415450140934,0.7507332812428368,0.7750435826184056,0.8330310409002065,0.8252326572669538,0.5561170423496341,0.7414859686526657,0.7697265380956271,0.76846448781717,0.419141242679954,0.1854350844747275],[0.985330974999595,0.986070974303864,1.0,0.9867308026582988,0.993233726878284,0.9907425935483088,0.990518873204937,0.991061668780729,0.9900434653120389,0.9942392936942034,0.9583401968763403,0.9970773553258837,0.9909446132272088,0.9928657301643916,0.9911201452504945,0.9904999948207148,0.9912919889025785,0.9905796073649379,0.989737146788201,0.9897072026720187,0.9927700987531047,0.9909922816893031,0.9943055633729461,0.9817235651690644,0.991205863034713,0.9791965879990091,0.9916872170994677,0.9846636365481609,0.9843593025033258,0.9543897364517929,0.9713337984377917,0.9752722122006479,0.9779982796538684,0.9529523875425608,0.987835756547491,0.990965028364973,0.9892879136285366,0.9928650189994236,0.9951337477733733,0.9921015030323903,0.9855758155285774,0.9882523113525418,0.9881379440716257,0.9875187736477332,0.9912984757382056,0.9139734297106122,0.6837633219427195,0.9346633811952424,0.9104734382593594,0.77471758748302,0.924104972814839,0.9018792762462192,0.9265168800942302,0.9258212196543996,0.9132583751448943,0.9516380477406818,0.9596036441774708,0.9672286628960034,0.9795240617687878,0.9356662644842472,0.9573236501159313,0.9588465542404023,0.9654175059634309,0.9592336518270963,0.9335391794170772,0.9106916891814022,0.9371119488434182,0.9297417126409876,0.9118794363113721,0.8786877241345562,0.9655424140260835,0.9436008139261972,0.9592134409442858,0.937943174231237,0.8005581978870808,0.8232295509287028,0.7477079108116432,0.8440930680626673,0.8800059204053051,0.8797449008124644,0.8486445955487958,0.8627899759109394,0.3506625617696565,-0.5626881300981658,0.953787434933981,0.9348881890722646,0.9361367049592261,0.9359061859816475,0.9480824958172038,0.9574229462015997,0.9570030269353984,0.9237602655047203,0.9530771684892466,0.8589475065533738,0.6681430796627039,0.9446034930733983,0.943757690105627,0.746186617412469,0.9133185747662469,0.9329237301607151,0.8161766146601811,0.9798286727148676,0.7779739291655104,0.527765130019665,0.6569328331794566,0.7873238042791353,0.7944737672199575,0.7761638012432193,0.9829487315268232,0.982984571665601,0.6664794715727126,0.66164831888213,0.7124042756765198,0.3144000960618561,0.6959478873663641,0.7125285323913667,0.7221671207836834,0.7097332915961417,0.7238221251597816,0.6770575018747265,0.6569569507927342,-0.3254004680453209,-0.4634524813430844,0.6187631574385694,0.8580356065945478,0.8892215694209432,0.8924986762341985,0.8882627251469899,0.7593697703060361,0.8642007073354524,0.878032004788845,0.8864104346445434,0.7379157292822728,-0.10960457466322887],[0.9999261618316067,0.9998090561460543,0.9867308026582988,1.0,0.9992986075919813,0.9876678880545208,0.9980404968444702,0.9962394889890823,0.9714305083990119,0.9966216114490012,0.9804551968301763,0.9945289864416964,0.9963505249811769,0.9958445303388458,0.9962873274159989,0.9977872405127732,0.9978421179010709,0.9985765304749317,0.9968704560083075,0.9968791270540127,0.9969784368364277,0.9963074900386056,0.9875913003713779,0.9721675567402811,0.9901308669319036,0.9585938395948933,0.9891774239134373,0.9872966360485499,0.9683235849865405,0.9503285126253858,0.9926816285545447,0.9938067027011717,0.9922144231967863,0.9763377100055385,0.9977837779694914,0.9981668939369832,0.9976599786543735,0.99646800616784,0.9962513518590846,0.9981061046097982,0.9986508122850568,0.9988751104884535,0.9977274395015887,0.9977347078389633,0.9785667639728144,0.911296625587211,0.7368686995762901,0.9153574321255735,0.9141816771127813,0.8422209862894913,0.9615444664073153,0.943175138984991,0.962987671646874,0.9626311018299855,0.9535423064901483,0.9830529019350799,0.9805263913901908,0.9894847194484957,0.9944490144175038,0.9841473999683075,0.9791589609070707,0.9859875300585169,0.9844852710774284,0.9864923177758981,0.9862760731394751,0.9532773625539104,0.9703528335350343,0.9723096624222283,0.971974847800547,0.944060247199346,0.9780182713161019,0.9730050017755544,0.9822559011860796,0.9814359655840967,0.9162067464762013,0.8733081342718665,0.8384656993693463,0.8913783261977509,0.9116276019110078,0.9104699827070615,0.9100165589848941,0.9086766867767659,0.5660546108849933,-0.5669405569771342,0.9783658537423043,0.9716504939022709,0.9678757392825282,0.9849246193976089,0.9723043997492864,0.9825972970211007,0.9825520867914513,0.9477061414847973,0.9820463373299445,0.9343151217181255,0.6963238184140913,0.8969350119782709,0.9267642616505031,0.7799604894467843,0.9307876474522262,0.9485050020542556,0.8301527519371017,0.9634967962578216,0.8899899279013926,0.6181196636052213,0.7137268807682323,0.8873890843512172,0.8643829818728157,0.8844684004232003,0.9729422687705352,0.9731361918487424,0.7427384921593885,0.7215604006216484,0.8169737322158154,0.37823104349440895,0.7926670589472706,0.8210164120818981,0.8080428143505345,0.8094518197684032,0.7684673469921554,0.7465645304575577,0.7281240403225935,-0.252803555402134,-0.3950090610136919,0.6547059671712385,0.8948823490073678,0.9382620133028121,0.9439476328269149,0.913751951297605,0.8250577720403033,0.9107200360975581,0.9311591740257041,0.9311491599818701,0.8604420366866666,-0.18061008676398313],[0.999021873121744,0.9979737692674382,0.993233726878284,0.9992986075919813,1.0,0.9905922261716893,0.9990748018694601,0.9984286756782844,0.9843521748666431,0.9984899460002838,0.9749407048771452,0.9979577652538758,0.9984653129413676,0.9983101933744264,0.9984619170504696,0.9990095206026076,0.9982894460820368,0.9992585818827108,0.9988159467575825,0.998815333335691,0.9985318909093319,0.9984539069634552,0.9940341239132888,0.97985619713761,0.9944367224126204,0.9767558817626429,0.9943913894320288,0.9904294152172699,0.9818836280558952,0.9539711801053596,0.9892964918061468,0.9919487979548726,0.9898024398677654,0.9680184871333789,0.9989443454236897,0.9989873651428384,0.9989954393409856,0.998554493006179,0.9986313545313126,0.9990973308072305,0.998958285994841,0.9991701489651789,0.9989367588794541,0.9989361927751232,0.9886589203788476,0.9210861762506458,0.7130370304451402,0.9282835912312741,0.9183751064269534,0.8269239275701123,0.9463260229538422,0.9342686938923319,0.9504453296326129,0.9548487759383815,0.9451401143599061,0.9796091970574162,0.9795520317950471,0.9890361978590899,0.9943962410797008,0.980553127444657,0.973482200337386,0.9813830973187938,0.9804662268112478,0.981724709226004,0.9814682618506707,0.9546632864316852,0.9610889064974019,0.9558637376867688,0.9554353854958532,0.9148754866659538,0.9752151510165106,0.9716864723928007,0.977966663552089,0.9770801385950606,0.9365469879777495,0.8508904197056043,0.8097557215062375,0.8750366996438739,0.9154248624373669,0.8980754530335399,0.9060358041022898,0.9048071719070286,0.7200245997783394,-0.5854298434950644,0.9717532509012511,0.9608495221655224,0.9580872572288734,0.9815712784430273,0.9621978571148286,0.9756630447356812,0.9752380065310735,0.9383130718305408,0.9774628615325013,0.9417757210663426,0.683639763273907,0.9146223640552159,0.9476349373013839,0.7365902460568241,0.9116421773042068,0.9346196628029408,0.8243052197765967,0.969002590327472,0.8841963215164632,0.4612089533970152,0.6500965432231263,0.8725542149498955,0.8334160854202574,0.8753714604488301,0.9767910992270797,0.9769390079294169,0.6986904511997731,0.7034157141683898,0.7414581987403148,0.35449589665763354,0.6854845212575239,0.7469308025014192,0.7240746632606716,0.7037247789011642,0.7535948354356582,0.7301122037642542,0.7107529415670546,-0.46720867585404563,-0.5468330198450895,0.6463676634797029,0.8882187050706224,0.9232551969966979,0.9366090969596166,0.9105507569422951,0.8035333589344809,0.8956097360002058,0.9165977400046235,0.9161059876602475,0.7957044322689961,0.029999330675061504],[0.9866261402943068,0.9901937482093244,0.9907425935483088,0.9876678880545208,0.9905922261716893,1.0,0.9863946639802608,0.9869004563904145,0.9913704493399597,0.9865881939335895,0.9617250804172871,0.979530981705355,0.9868053471562611,0.9881937136593395,0.9869657546337391,0.9866835916493791,0.9900012971069301,0.9879352362687945,0.9877234634832588,0.9877246446279961,0.9857631933950983,0.986892493444621,0.9958991055634147,0.9924593296853506,0.9874876122313494,0.9847019201587829,0.9875430069939445,0.9740639212396427,0.9866982629765668,0.9708695961097124,0.9671250873869675,0.9721279358648351,0.9808944073457216,0.9687417407564868,0.9862267255690018,0.9864871278798244,0.9873236055753081,0.987668072433324,0.9811372940035071,0.9873981826781789,0.9854167426915854,0.986948640464441,0.9863577864256868,0.9863706569484805,0.9954126370220706,0.870859753785206,0.7071323665664367,0.893668293334558,0.908598074207863,0.8384811279300426,0.9246174100926224,0.9101169823716715,0.9268558158053792,0.9378518060874032,0.9224673878093212,0.9564109516969329,0.9612821258054954,0.9651224697120764,0.9755949581675781,0.969295468624187,0.9836721377069991,0.9705310907592587,0.9826263208279793,0.9702069894739062,0.969646822814231,0.9724331799182656,0.9644323937557253,0.9448506458358001,0.9443445126228218,0.9379979587313655,0.9806118156655966,0.9730351221863922,0.9706085376817467,0.9691252777063899,0.9568475262180112,0.8728644121155219,0.8256843203370128,0.8925885868383546,0.9067011577539673,0.915229959114201,0.8970027146927171,0.8948054882243318,0.6899913390682183,-0.5239830119046041,0.9777132775546882,0.9769746207221014,0.9730216909445158,0.9703104983832045,0.9690572778928419,0.9770747522112053,0.9766831763853001,0.9621891202938406,0.9664157117838721,0.9612146314505541,0.701689654655249,0.8671825842656005,0.9461532616067506,0.7833604603289297,0.922257047479402,0.9375178345494471,0.8231449839324512,0.9586254707182619,0.841844415424655,0.55538526479895,0.6838795987306016,0.839920313578795,0.821582496944075,0.8385299270928648,0.9600444540161772,0.9601163576141639,0.7020252490803092,0.6993329923735042,0.7568353406732512,0.37935901219785856,0.7418637410109719,0.7624885087243255,0.7491147698253667,0.7515071680419787,0.7528831760642137,0.7128162273523504,0.6967238895862299,-0.28164844078681456,-0.4112544815941572,0.672279894849597,0.8721987743943383,0.8897592534450194,0.900101790890286,0.8855865783021674,0.792482243868704,0.8602559113987619,0.8813444096306301,0.8814175514759285,0.8245363906561727,-0.15036852802565512],[0.9977466313437198,0.9939498878162834,0.990518873204937,0.9980404968444702,0.9990748018694601,0.9863946639802608,1.0,0.9973386319154508,0.9582347457061517,0.999567082188668,0.974955204967764,0.9995064455430557,0.9982774728618962,0.9991150388049267,0.9991040450114778,0.9998792711809602,0.9953167399872966,0.9999013570835599,0.9993170781926586,0.9993220983615624,0.9996824973206858,0.9992880949359149,0.990554371857046,0.9750445988865581,0.9849745487338222,0.9258551737089974,0.9930371110606846,0.9898799562051478,0.9730309782169372,0.9482275785895714,0.991790652295534,0.9917262022668116,0.993431382320464,0.9737639554663161,0.9989204253807902,0.9998360477813912,0.9996847466199118,0.999438255289293,0.9997132532022383,0.9998652086778723,0.9983602791927191,0.9997062758350759,0.9993324109751887,0.9989694763210806,0.9819317342236595,0.9285148316891226,0.7294175057819063,0.9398313749817826,0.9280252251679606,0.8207598119751679,0.9574236776698836,0.9427020531088274,0.9596147604292128,0.9591762994676047,0.9510644531620068,0.9816232794390521,0.9804170802998889,0.9913219071758282,0.9964539783253703,0.9453273115196241,0.9606498483621706,0.9717466679682281,0.9722339906257653,0.9734175534182226,0.9453630486581436,0.8999687312264896,0.9518686943678347,0.9588517247585547,0.9363032544187251,0.8883861270883313,0.965050573324844,0.9365172603457835,0.9659157577505261,0.9456910615657231,0.7630837127922608,0.8451406198639158,0.7695877646878296,0.8622284801514771,0.8841385262426171,0.8885313869132407,0.8671898225213672,0.8794843359714547,0.3033382293246321,-0.6008597149738101,0.9626242745427559,0.9458072017753454,0.944647448108299,0.9472160814900151,0.9588583527319192,0.969549466361722,0.9695950120628439,0.9282992379758348,0.965966076859628,0.8396651157102788,0.6777392743175203,0.9151226396972064,0.9265155442848022,0.7686391484448765,0.9278816829744626,0.9468069182435017,0.8248276384736163,0.9683457805952794,0.8318355676890797,0.6083260915996296,0.7048641046966214,0.8454034063796659,0.8438386491976598,0.83155527154741,0.9768870279010524,0.9770941821485739,0.7303209825748995,0.7004187079669892,0.7822659428104133,0.3493119456399605,0.7703444140383837,0.7926735621947066,0.7813069625207464,0.7896198898337715,0.7499745281399146,0.7354426895535308,0.7152239793524481,-0.2695404408819809,-0.41905321032938186,0.6640074751458618,0.8909578962351985,0.9269921144168363,0.9428635190269948,0.9150464085345325,0.8243349782390244,0.9112617716329265,0.9323935352545978,0.9318350081371783,0.7759463927004876,-0.14483551031291336],[0.9957606149073529,0.9904818495046087,0.991061668780729,0.9962394889890823,0.9984286756782844,0.9869004563904145,0.9973386319154508,1.0,0.9693989338370707,0.9999852981830364,0.9696570463597249,0.9997026325000236,0.999996980556694,0.9996818383359218,0.9999980421865488,0.9992232003847451,0.9890828566342648,0.9993822800059894,0.9998984619314077,0.9998980227727954,0.9999606441317131,0.9999949264687246,0.990937316875176,0.9763427303511272,0.99230055138875,0.9400673001825874,0.9935409105399945,0.9876064624034762,0.9752466375211643,0.9473188154662563,0.9880621813142139,0.9939218804096424,0.9921073207994906,0.97059473561098,0.9994471630253906,0.9995281092236882,0.9996429658028715,0.9997142102948774,0.9989796643233353,0.9994660289561172,0.9980331245477455,0.998684498328088,0.9995169417484027,0.9993843573994196,0.9834987393445684,0.9284447497997235,0.7166102724862399,0.9446636971799455,0.9258855284777302,0.801966762392422,0.9557516488212443,0.9379257132758888,0.9575507418577969,0.9530226966141364,0.9447172420145697,0.9796010231652698,0.9772964505109957,0.9902817749175288,0.9971312795967067,0.9400080250648021,0.9557529251720033,0.9646867558141754,0.9687562314377991,0.9667890562109046,0.9435116606410334,0.8908974132313134,0.9465332844867268,0.9515198905744772,0.9305469405365,0.8747493256714298,0.9619556216707495,0.9297755072483359,0.9599645993240737,0.9407416070401899,0.748629972935183,0.8361445533608062,0.7648299940328864,0.8532564052774992,0.8761693859199172,0.8832775318550993,0.8623955328062898,0.8720446584402333,0.28421367099260764,-0.6059251120620807,0.9578793060693797,0.9378884366298547,0.9376248259011097,0.9451248396947471,0.9535581349314711,0.9648938971392861,0.964930135337378,0.9224352226983795,0.9584407907979918,0.8267841184348689,0.6737306171735051,0.9319128334262763,0.9381323582126833,0.7641086409688206,0.9274260601188312,0.9465673516338147,0.8222888107580762,0.9726964514728137,0.8351943323326849,0.5939666479357142,0.6957216729296458,0.8463756189400717,0.8407313963788876,0.8345710379053434,0.9796227723790301,0.9798345072450121,0.7205454291291231,0.6920517724374395,0.7838959749272707,0.33557921005832775,0.7651247566670529,0.7881950619561847,0.7822538208649068,0.7840121577982753,0.7431623330934307,0.7292997807407055,0.7084477526205218,-0.285977859103939,-0.4344931789763556,0.6480345465327916,0.8829031245784144,0.9245959867062336,0.9351973965396458,0.908957022937418,0.8131867255246876,0.904756109109201,0.9260797793525534,0.9257573573590578,0.7563353065133055,-0.12742388772199337],[0.9691674915533669,0.98255944945556,0.9900434653120389,0.9714305083990119,0.9843521748666431,0.9913704493399597,0.9582347457061517,0.9693989338370707,1.0,0.9848754267542775,0.9442983174601489,0.9899815830693438,0.9731220804524863,0.9832037879403573,0.9780490955584646,0.9757165566848436,0.9467589866405963,0.9803924029152494,0.9787360715506312,0.9787055807666997,0.9828218247984598,0.9780606033270052,0.994608291781519,0.9915540744760466,0.9820459707532131,0.9870469365485102,0.9849544830991984,0.9879447819103939,0.9895967238728559,0.9642022055896285,0.93025667558951,0.9517691488725688,0.9683797113975638,0.9502853903500207,0.9725913307670659,0.980785439406853,0.9776674439502583,0.9800366626795021,0.9880956397505745,0.9825137171828058,0.9681872221960157,0.9774353938082883,0.9734120149798333,0.9723987645986626,0.9988641604051514,0.88834927009625,0.6621835262274861,0.9355743733956202,0.923033683629206,0.7833655023273741,0.888302194173106,0.8800870794266792,0.8918993327979883,0.9097286890224004,0.8937274690986234,0.9315726646334456,0.9465082341209212,0.9508919151149754,0.9644996923438719,0.892777030595833,0.9580423007919224,0.9362888344053661,0.9583621567281717,0.9365008629951406,0.8906830179444833,0.8958995387916897,0.9292538240406146,0.9032369923259307,0.8662461140448894,0.8569741091892804,0.959507423622758,0.9079317461501603,0.9355160945525204,0.8959248749707929,0.7828582706263597,0.8139000110669634,0.6996803253102503,0.8367602528740514,0.8583265062345699,0.87132980482201,0.8205081807991099,0.8389361206825549,0.32260624567848023,-0.5513155200198551,0.9468373329439739,0.9369801623258671,0.934608810864549,0.8924867460198788,0.9359442394302576,0.945784435794066,0.9452053133707174,0.9242994304594836,0.9298108730957002,0.8405040374434135,0.6796713743692357,0.9234913050005715,0.9537793793027709,0.7535806275808528,0.9092975245699478,0.9260479654571375,0.8052084822128507,0.9677604473712497,0.7455877734451772,0.4928296877243607,0.6387474131938538,0.7661553399981602,0.7725759030754524,0.7528772742897324,0.9673777548551471,0.9673852219328332,0.6501268119748506,0.6507600376090886,0.6788118364918011,0.3221374380277828,0.6789843979069359,0.6923967818953116,0.6723332699839475,0.6895142804543222,0.7174091878668709,0.6734041757709089,0.654500742847365,-0.33343473993865813,-0.46806638951926055,0.6670678470053911,0.8457927031142793,0.8438194955545719,0.86938563686435,0.870091195738372,0.7551749162454281,0.8209928115735146,0.8498747249248414,0.8448104093879933,0.7119647677434153,-0.06851948330269518],[0.9960750212866247,0.9905070076354514,0.9942392936942034,0.9966216114490012,0.9984899460002838,0.9865881939335895,0.999567082188668,0.9999852981830364,0.9848754267542775,1.0,0.9690203445361109,0.9997017960245029,0.9999819569348464,0.9998501445218398,0.9999905928975453,0.9996582316115397,0.9975167897527684,0.9993756223703836,0.9998433388572087,0.9998424160142997,0.9999683161347357,0.9999832320027868,0.9938345542165751,0.9779837635418597,0.9955740128719929,0.9747032442479608,0.9956980041573563,0.9875783022506002,0.9797506822322288,0.9487378624627119,0.9887523567677065,0.9930677936814017,0.9892653212032442,0.9664629006309812,0.9993900059155171,0.9994690664649548,0.9994772324406069,0.9998540637711135,0.9989883485962432,0.999451661085783,0.998212710303041,0.9987016818806419,0.9993877709423229,0.9993822854852519,0.9880947011197452,0.9285575793284555,0.7171894189630338,0.9445711040176167,0.9258097171836873,0.8021695811126555,0.9436979936386358,0.9293452995873664,0.9473438341100213,0.9506235297947669,0.942087068970264,0.9777017231321683,0.9773278993377955,0.9904386014133284,0.9965981426660111,0.9702917878836798,0.9561292443562854,0.9710531967931608,0.9688757871376986,0.9714897416402912,0.9711896255958712,0.9423720843527345,0.9459314664236075,0.9454242023675201,0.9450506501693633,0.9028809975318447,0.9623160368639355,0.9622851642231947,0.9681213558236392,0.9670401353220782,0.923652725049161,0.835572230734876,0.7885421020741176,0.8525037543336106,0.8971364132948879,0.8823033838833102,0.8892054605367316,0.888233998513357,0.6689558480185074,-0.6191562133556792,0.957884213758038,0.9379262252181442,0.9377951964741668,0.9715337591882158,0.9488671054199217,0.9645447433725426,0.9640897046565063,0.9234935812718379,0.9665962332829461,0.9272834705151182,0.672290878998735,0.9315133018828746,0.9512687004721556,0.7428036161384707,0.9158059290942276,0.9383655885187835,0.8214671209907373,0.9715923878077312,0.8907176793561974,0.49382524025729824,0.6663501987525188,0.8797190023990904,0.8409405847249288,0.8829394111476258,0.9795555500282946,0.9797951216579696,0.7185161601828924,0.6890904346080572,0.7566635772725818,0.33355624459251143,0.7023417856208701,0.7619452974024377,0.7410025986827643,0.7215911288041201,0.740677611070815,0.7261234597619285,0.7052179297585609,-0.5154038532493697,-0.5958456145888592,0.6474840221461468,0.8817066808701874,0.9235274813072191,0.9374377372444838,0.9079350239875594,0.8085860296701769,0.8959950149276584,0.9168096539832359,0.9162612926257004,0.8057180179685939,0.1011464561779899],[0.9808194303641797,0.9727490303587957,0.9583401968763403,0.9804551968301763,0.9749407048771452,0.9617250804172871,0.974955204967764,0.9696570463597249,0.9442983174601489,0.9690203445361109,1.0,0.9593564152908195,0.9700162730588491,0.9690393613373334,0.9697647355443201,0.9732329332309458,0.972761682628914,0.9767375036358311,0.9735809069986462,0.9735928934521633,0.9698145040704329,0.969877681393905,0.9678753779942247,0.9554419109100396,0.9758709507170215,0.9557722748783812,0.9739351179327985,0.920376810690918,0.9709877946126676,0.9559085317095557,0.9787747524742335,0.9735330848157783,0.9736233327467081,0.9434616564784831,0.977110523065709,0.9767217123642615,0.977109438226473,0.9702784249594528,0.9657993200758291,0.9761697723140487,0.9806985777078536,0.9791666140024211,0.9772653478822845,0.9772803837798705,0.9571312086512644,0.8563060484120839,0.5410329331224437,0.8362922913401954,0.9089374761600892,0.8835882570489891,0.9083306545306251,0.8491243154261182,0.9124703988622562,0.9242783361402627,0.9098237092296516,0.9406555464101022,0.9405344439061856,0.9488959600303737,0.9724760996539009,0.9485313076802028,0.9418461404679995,0.9570043901187932,0.95194848715016,0.9556865146386515,0.9557050637834308,0.9140625170119555,0.95588744472206,0.9438601713893827,0.9435469194304142,0.8740820039921364,0.9418615299654587,0.948644411608071,0.9429645744755109,0.941928064017747,0.8950092463097125,0.8439587559942003,0.805666557355058,0.8817034575391156,0.9257817937344291,0.9016587323268305,0.9138240496161867,0.9132523996864866,0.7520071055868817,-0.316847224254454,0.955987575424415,0.9587080913078154,0.9497693989645624,0.950074650314574,0.9361704028308082,0.9571360519147102,0.9571080750148097,0.9060505931921251,0.9588778959574459,0.9100454135336685,0.7572943170464288,0.7572991872842565,0.8826188362582769,0.6767120261933064,0.8726935876539926,0.9041137510616846,0.8865158410822653,0.9559682616331399,0.9103724877805494,0.36857626185984843,0.6667641834141594,0.9030346610216103,0.8835942739592014,0.9101191352444781,0.9561794038729982,0.956476977378658,0.561834582117805,0.7253976110077927,0.6357900621734174,0.5119007797654056,0.5974720356976078,0.6488894378163236,0.6114094219441321,0.584599579428713,0.8238313514450887,0.7025786295301198,0.6681350076598328,-0.2999749355188377,-0.35463012559269996,0.7570426639494809,0.9177569153975959,0.9247061158588159,0.9165502763513632,0.9414052805057889,0.6821680086045643,0.8532311724686039,0.9121631174678178,0.9113810789630155,0.6968123768967829,-0.1598656065316063],[0.9933761796573435,0.9925455434152085,0.9970773553258837,0.9945289864416964,0.9979577652538758,0.979530981705355,0.9995064455430557,0.9997026325000236,0.9899815830693438,0.9997017960245029,0.9593564152908195,1.0,0.9997247400813397,0.9997068326595998,0.9997144231220697,0.9995952347616098,0.9976296704865305,0.9992553149651016,0.9999625417697265,0.9999621184047104,0.9997132856609211,0.9997204112198624,0.9915036877062482,0.9643088399346147,0.9926126149014564,0.9810152420390698,0.9935828834444564,0.9910331970176162,0.9750919882073199,0.9126930551331766,0.9895343340413589,0.9930068198943991,0.9763853516754588,0.9124269781287465,0.9992732316279903,0.9993318585753662,0.9992800502608395,0.9995044089815208,0.9994915572833318,0.9993022467446014,0.9971892576476012,0.9981592263766262,0.9992527770169721,0.9992490396087924,0.9899457844739016,0.9228805809825921,0.554879907465623,0.9409141685015088,0.92508869284132,0.8056758210237035,0.8626366190757825,0.9028455714365008,0.8673238363962492,0.8858217545243454,0.8602059785959476,0.9534866755736664,0.9534469364362731,0.9779129501301879,0.9939507652238865,0.9584297569544812,0.9601143854629847,0.9514171159505985,0.953278256479963,0.9551200533605504,0.9549481745617335,0.9111661078140527,0.9229439364902623,0.8893265701963681,0.8891655827309829,0.7923073879530161,0.9554517117829471,0.9582931806175241,0.9584272290742432,0.95781437797716,0.914147821152038,0.6646137962603117,0.6094107394810271,0.7450694215714625,0.8315747431840286,0.7707416830170353,0.8023349297795476,0.8012720435356792,0.6080498208605171,-0.37337561005123887,0.9334810909345281,0.9415245900406679,0.9332257281914478,0.9596064194984941,0.9306133537995752,0.938412826065765,0.9373963343854896,0.8791704792289434,0.9419555623767396,0.8850071161053259,0.5885416000281496,0.9286403257933813,0.9226779538647589,0.4113708636824073,0.7426432248593955,0.8121680995579093,0.6856995988356078,0.9750238543822145,0.6909726538673435,-0.2106244625412096,0.22181256401099644,0.6655337538422474,0.6686454922403647,0.7091327184162698,0.9762219871012353,0.9762849654473549,0.038103467112782105,0.2716667546394979,0.12106609228816455,0.08632120524985204,0.11347462920865307,0.1317812182359241,0.09841089655554647,0.046670623402295934,0.4718437819884364,0.20122464549963384,0.1481790321832816,-0.510671704599374,-0.5504252874175458,0.6475030481992131,0.7476728843781516,0.7720786389358801,0.8329823861362851,0.8271128206283828,0.5413516996378442,0.7366401030264074,0.7669802447089888,0.7657983366696163,0.41569041682223856,0.23315770698357566],[0.9958896401258551,0.9906704343654367,0.9909446132272088,0.9963505249811769,0.9984653129413676,0.9868053471562611,0.9982774728618962,0.999996980556694,0.9731220804524863,0.9999819569348464,0.9700162730588491,0.9997247400813397,1.0,0.999665227910256,0.9999976672415374,0.9992781622973602,0.9911414949406949,0.999427655307056,0.9999084834984331,0.9999082435713819,0.9999680827172308,0.9999952996973515,0.9908341301835917,0.9761948539627261,0.9929604318410639,0.9449875219111958,0.9934987890494883,0.9877593770564456,0.9750670914778212,0.9473046941457126,0.9889607343674324,0.9939909017771181,0.9921851305406176,0.9707374455270376,0.999489707676826,0.999570145149129,0.9996750138639321,0.9997151631292521,0.9990552847586873,0.9995081870329736,0.9981249695260653,0.9987592372610848,0.9995603133551604,0.9994278232877756,0.9832887776757301,0.9287456148671476,0.7173376734186602,0.9446181803421787,0.9261089030494577,0.8030046394590493,0.9560978517169922,0.9383382760384069,0.9579033876296624,0.953394962015322,0.9451277147622802,0.9798505994535244,0.9774892485946132,0.9904231216105424,0.9971996808657686,0.940318634974832,0.9558991550316119,0.9649715583514463,0.9688849650776084,0.9670694983741512,0.9437705441108613,0.8910416409100245,0.9467902212587005,0.9519312047088128,0.9309794879141681,0.8751462052394001,0.9620327741280735,0.9299896752288157,0.9601845044987875,0.9410314459040999,0.748705275791076,0.8365920973030123,0.7653735406668386,0.8536879603595589,0.8764963652646228,0.8835186928065889,0.8627982002591014,0.8724584156729893,0.28450609573571467,-0.6058654818181142,0.9580762447477629,0.9382138352774008,0.9379004124019593,0.9453693156922301,0.9537723347049882,0.9651015626279524,0.9651392755048478,0.9226002277725757,0.9587480608253741,0.8269832746509336,0.6738736346648121,0.9311547804313217,0.9376051607012569,0.7642949819151185,0.9274546322742968,0.9466002884168089,0.8225577732253303,0.972533975077654,0.8356559269537286,0.5950143553985816,0.6964020159997631,0.8468539948119539,0.841263516135861,0.8350126208976579,0.9795441175933336,0.979755816351792,0.7211974910573472,0.6926381581842932,0.7844844355440348,0.33636616019347443,0.7658098008714299,0.7888800797875493,0.7828493193258377,0.784722548090716,0.7435483780837112,0.7297580706225528,0.7089302743201514,-0.28498494847361816,-0.4336002901281585,0.6485692276413629,0.8834216896422635,0.9250323052247169,0.9357164590862231,0.9094190802869627,0.8137481669102078,0.9053215575551371,0.9266338342572076,0.9262989473265371,0.7570107749037817,-0.12846095814761377],[0.9951805545648308,0.9905319494186924,0.9928657301643916,0.9958445303388458,0.9983101933744264,0.9881937136593395,0.9991150388049267,0.9996818383359218,0.9832037879403573,0.9998501445218398,0.9690393613373334,0.9997068326595998,0.999665227910256,1.0,0.999702134867275,0.9992305812864585,0.9971487426494369,0.9990150681318348,0.9995115495130337,0.9995046485520418,0.9996855184478551,0.9996586748412057,0.9928460963736978,0.97795234386027,0.996167342367225,0.9712811967509255,0.9960556360063673,0.9876366209380281,0.9779049228941449,0.9498390509034353,0.9880418217736198,0.9919519326809685,0.991206917058411,0.9684465793367623,0.9988029944748671,0.9991212065885484,0.9992952590478289,0.9999176705991666,0.9990100321173414,0.9991195283525469,0.9974369869033708,0.9981108807572792,0.9988004165944415,0.9987303080340032,0.9874015700284995,0.9286855605371754,0.712921142717654,0.9446915185755659,0.9260114093612337,0.8023802040107739,0.9515604399775187,0.9317496714004478,0.9527679886674543,0.9499305078639054,0.9409811755489043,0.9763089188486179,0.9753524767653002,0.9879778829002466,0.9956657403743253,0.9625766237185281,0.9556419275957557,0.9653434665424779,0.968415323579345,0.9670040289833062,0.9663197401555428,0.8952001340584367,0.9443216840943638,0.950545992889869,0.9502428917419544,0.8739871941388807,0.9624489055663972,0.9411331163776112,0.9620552131098841,0.9608085738987853,0.7536260161319958,0.8340858890917844,0.794897771947456,0.851800381761844,0.8780579679027875,0.8829996353745666,0.8712466170509142,0.8717230330280051,0.2711625174136204,-0.600173148628251,0.9574945202582223,0.9379652041832008,0.9370430217823453,0.9651409078013674,0.9534643913343023,0.9641834105586483,0.9641733570178441,0.9229373486481856,0.9591741815863862,0.8335563240490402,0.6742578062904288,0.9315915748826773,0.9385858134350272,0.7623312008179215,0.925913676537855,0.9452747610430252,0.8234231855321248,0.9749889271444576,0.8306315127047914,0.586353943461237,0.6918759066459595,0.8381144126835288,0.8359566947937035,0.8272508545078193,0.9812614489532618,0.9814357501180899,0.7123228082198242,0.6875876323525176,0.7649630304418419,0.3361049257237538,0.7560427230538076,0.777719433871499,0.7539760199741449,0.7738349482778795,0.7414373043708081,0.7200459499252202,0.6994833302289623,-0.2913656659962057,-0.4384108287278559,0.648187367036902,0.8811546082436583,0.9260840502886525,0.9309631096131129,0.9085070248355475,0.805981408787069,0.899194415385952,0.9193335132987555,0.9197209541641537,0.750179661732956,-0.12676234488772423],[0.9958096202600049,0.9905754352743026,0.9911201452504945,0.9962873274159989,0.9984619170504696,0.9869657546337391,0.9991040450114778,0.9999980421865488,0.9780490955584646,0.9999905928975453,0.9697647355443201,0.9997144231220697,0.9999976672415374,0.999702134867275,1.0,0.9993794208102917,0.9962047397207452,0.9994002925830603,0.9999017370139629,0.9999009898202811,0.9999621151087835,0.9999929710394889,0.9909794820713422,0.9764017256342651,0.9947264297029026,0.9594062841648887,0.9945474495487295,0.9876987151331957,0.9752961465401572,0.9474948831221034,0.9914136489114499,0.9942757569617099,0.9920522958915818,0.9704987036588841,0.999460876530363,0.9995310532031451,0.9996515845578012,0.9997312669001714,0.999014812569959,0.9994748340729687,0.9980630508660697,0.9987036035818864,0.9995286596941535,0.9993989020410151,0.9834901577494063,0.9285390890298553,0.7166574948586363,0.9446748445908496,0.9260398452274617,0.8024520335654043,0.9558448244717661,0.9380787755238069,0.9576780273037201,0.9529777136677604,0.9446428152128525,0.9796373503575058,0.9772489840927276,0.9902541722047604,0.9970973104182611,0.9403321697619705,0.9558542703939957,0.9648680456904773,0.968831367947747,0.9669549326551053,0.943280513210673,0.8911245374895702,0.9464138763492671,0.9515887689261637,0.9307805203417056,0.8748834330903112,0.9621106819715378,0.9301550386942876,0.960186698854589,0.9410818040692719,0.7490009790194516,0.83611131033197,0.7651127557919736,0.8532681221886899,0.876349136443976,0.8832657059362058,0.8625588372611307,0.872224521323566,0.28457642421789087,-0.6056280362819749,0.9579559074748283,0.9380621475191845,0.937774048649016,0.9435630183520521,0.9537421568754861,0.9649721877911213,0.9650050068831133,0.9226205503048219,0.9586224659186717,0.8270668693819362,0.6737688392085507,0.9315510294629434,0.9380096752153936,0.7640747271291113,0.9273189689275897,0.9464831109881797,0.8222935582802114,0.9727159154138367,0.8352417941216521,0.5938159192087692,0.6956129099410117,0.8464080292612861,0.8408756705209244,0.8346123244835372,0.9796706225507879,0.9798789798355277,0.7201082549636642,0.6916774345733162,0.7838887519190768,0.33586597389625217,0.7651108747448013,0.7881240504664735,0.7824314354176827,0.7839190240141845,0.7430723943508536,0.7285154866524773,0.7076983389376146,-0.28577783861907313,-0.4342892685629663,0.6483300856273625,0.8828221981904525,0.9247377243951437,0.9352573143867403,0.9090107768323258,0.8129918383766318,0.9049820116787567,0.9261350994150557,0.9259289718450447,0.7564499758406306,-0.1277219838691233],[0.997474296704513,0.9931320882964776,0.9904999948207148,0.9977872405127732,0.9990095206026076,0.9866835916493791,0.9998792711809602,0.9992232003847451,0.9757165566848436,0.9996582316115397,0.9732329332309458,0.9995952347616098,0.9992781622973602,0.9992305812864585,0.9993794208102917,1.0,0.9978465817878615,0.9998257466433641,0.999479020550618,0.9994843501334775,0.9997268651424127,0.9994753458153607,0.9905003988685703,0.9753035142647843,0.9931721121381167,0.9507649216876629,0.9928023458840658,0.9897382246309933,0.9731406392152087,0.9480253344469004,0.991923808302334,0.9925534378350717,0.9927792943025653,0.9726380032976853,0.9992183079030392,0.9997047785790917,0.9996741205805533,0.9995097868457903,0.9995127726794782,0.9997493600366123,0.9987604223786861,0.999532945719628,0.9994665403505575,0.9992198320457255,0.9818765986897705,0.9274248399959005,0.7273835929481218,0.9400837499594266,0.9266213254864032,0.8154121167903368,0.9581988948502262,0.943286937015227,0.9603594474881704,0.9576895872807482,0.9494371144615252,0.9819014985848473,0.979649421204918,0.991314685915951,0.9964998023291128,0.945712383494305,0.9598791604140531,0.9708025713321538,0.9716719028736892,0.9725794482857076,0.9466956418532365,0.8982899797045548,0.9500258312230667,0.9577330165806356,0.9365441880361219,0.8851378738066121,0.9648466000518594,0.93612272532636,0.9654068636712912,0.9462850891002094,0.7594924835880908,0.8424185876516009,0.7703417286095554,0.859303526808226,0.8823539634263211,0.8864684953176035,0.8669670689563816,0.8784303741829758,0.2977578678285036,-0.6018913951657434,0.961621537213436,0.9439170675212415,0.9432056779632866,0.9486148381408995,0.9584549480813039,0.9686891303732339,0.9687699437038559,0.9276630669352788,0.9648588573805094,0.8367635346010935,0.675615162827167,0.9193083150938296,0.9287215842089972,0.7667694797168466,0.9273762682731531,0.9462464187645677,0.8229671668968346,0.9686672116863115,0.8344921983023175,0.6040969999621998,0.7010499448624735,0.8