var element=document.getElementById("correlationAdjClose");if(element.style.display!='none'){var correlationAdjClose={"data":[{"type":"heatmap","z":[[1.0,0.9999946386500683,0.9865868607532413,0.9999349039406175,0.9991894976801886,0.9836408651568862,0.9978580610729378,0.9963575033151156,0.9713940837649746,0.9965436029053227,0.9946860843768931,0.9939408869504891,0.9964507988799967,0.9964833021760945,0.9963990040221397,0.9977472533305399,0.9980781495369241,0.9983256919456732,0.9968911014275681,0.996903762000027,0.9968595047377591,0.9964228563791055,0.9885624582861098,0.9738371318403962,0.9908483079978543,0.9605794209241634,0.990010885635984,0.9870628080389435,0.9714017946553953,0.9575536230135555,0.9922838663282496,0.9938341293564477,0.9928277970389782,0.9791799196827393,0.997780881482522,0.9978887357772357,0.9976200970702834,0.9965374844639447,0.9955370174871241,0.9977778131106678,0.9986423601686426,0.9986740936480131,0.997763719911915,0.9977754279737782,0.9782683554975197,0.9267766618252468,0.9553342404796556,0.9431206051091197,0.9423873016094467,0.9217915229898314,0.9645381562724199,0.9522087393850388,0.9663915315122004,0.9691677808090896,0.9581542382173226,0.9849156590181103,0.9828137966419641,0.9912491385412329,0.9942632241900515,0.9877492613683873,0.9828049135463829,0.9882225918836175,0.9868380678312683,0.9887627012771926,0.9886502077761051,0.9559725920852599,0.976458296007657,0.9769140771522812,0.976696892218959,0.9447254107450214,0.9824512685549416,0.979323221637353,0.9862989176704622,0.9856797813350778,0.9426054120628775,0.9018826422556209,0.8722520717844571,0.91636347783705,0.930562699221471,0.9286103424920561,0.928739796241537,0.9275623928187099,0.7327265654721905,-0.5385035881088944,0.9811026856465357,0.9762878681273491,0.9740486396736208,0.988370717506777,0.9742824420735341,0.9846615584516709,0.9846663630488505,0.9445325946949075,0.9854620533284428,0.9475344118137317,0.8076577135999848,0.9223976433780836,0.935978330042496,0.8261374066497328,0.9565900504147187,0.9572819750250222,0.9035403591708585,0.9687816873810741,0.8956743416448031,0.5760795171350305,0.7308809553922334,0.90290775798581,0.8740937687837854,0.8943838707048303,0.9765191722344237,0.9766671541837004,0.7907873957963899,0.7570501170797675,0.825979164161942,0.46613980014214323,0.8094377938534775,0.8300838879387755,0.8251696179640419,0.8184286532373269,0.7969285352812577,0.7576258780738465,0.7422600844625825,-0.2930022761729011,-0.4335615946999,0.7072974474212502,0.891506827587626,0.9305553066381589,0.9413813903425988,0.905481617894114,0.8302897111813972,0.9095453144453635,0.9242761384095632,0.924102392698906,0.8598797295436292,-0.13340959987579226],[0.9999946386500683,1.0,0.9901957321232416,0.999858921037968,0.9983287250993437,0.9900556739811575,0.9941353464654972,0.9919318430028031,0.9875711397052703,0.9919381383638602,0.9919666105378212,0.9932757198332053,0.9920243670585378,0.9919323338294601,0.9919873962075254,0.9939879755615608,0.9962364757237804,0.9957996113131394,0.993871209261318,0.9938784498747301,0.9919786797446388,0.9920245887301227,0.992399558026572,0.9775016325550926,0.9884433554192401,0.984682062703262,0.9885396922660717,0.9870377142060213,0.9822497796377833,0.9403203000222804,0.9897940713817791,0.9879939394655803,0.9826884616733389,0.9424023318322728,0.9951889087865519,0.9951334432607232,0.9953301441032459,0.9923532154290576,0.9949461224503446,0.9953502137756856,0.9965399799728244,0.9967478871957842,0.9953481912464088,0.9953592080554114,0.9915541523053344,0.9263723857841726,0.9048475498611873,0.9428627664107031,0.9423254065039424,0.9217721969422047,0.895833287264061,0.9348984192807052,0.8978986858239314,0.926096596497599,0.8957720435791433,0.9605851196404678,0.9605725444439864,0.9739936841221465,0.9855996822525585,0.9837291950521326,0.9850044073975904,0.9792894102831163,0.9821681079304211,0.9805586356114174,0.9804366125471409,0.9444941829993923,0.9638696597089113,0.9375336458343021,0.9373436867084336,0.8712869665467879,0.9822215207453517,0.9833866247687133,0.9835570958493182,0.9831416185897416,0.9556228156475602,0.8118438259599213,0.7786072800241779,0.8616775034267169,0.9136417615778766,0.8756626850579018,0.895093676722169,0.8941049894242499,0.778345703615435,-0.13172957984036313,0.9717782513959506,0.9743594705826184,0.9714782798851733,0.9841179994837599,0.9677414804424689,0.9741249217966245,0.9735050334767781,0.9322805125409575,0.975423383679261,0.9341744014876703,0.7454065075656883,0.9219362952055503,0.9209516986897857,0.5876079189558076,0.8586862682745456,0.8625412968010038,0.7653566208984163,0.9695570106617546,0.7394897730721008,-0.31855716653171245,0.25765615463429653,0.7649895227193453,0.7164760592875419,0.7582513153985319,0.9710345509423908,0.9710598722150316,0.21220772377772212,0.3841679420120549,0.2193321016998056,0.19053564051165506,0.2123473545539228,0.22529989924558647,0.22192349179664606,0.14251060431511295,0.5643524164555547,0.297248690794171,0.24706840443628864,-0.4372162212949953,-0.4862997218640022,0.7066788094164482,0.7625429205390403,0.785872298408496,0.8506963988985533,0.8238483308251393,0.6061739845093583,0.7777532208949275,0.780672082589988,0.7796266533037515,0.441922403693558,0.2519392258617385],[0.9865868607532413,0.9901957321232416,1.0,0.9878475024807452,0.9935183468086202,0.9914814723966798,0.9894975088204978,0.9902977034633824,0.9914525794452029,0.9928990185125414,0.9968188682110422,0.9959930914224978,0.9901462638778633,0.9922231680021711,0.9903503569793609,0.9898159803321848,0.9908146310107662,0.989974984730109,0.988966608746636,0.9889428055755869,0.9917894691722405,0.9901805378133381,0.9950972748958319,0.9855380831150401,0.9910788251670752,0.982781610699645,0.991727931489727,0.9878367531311588,0.9874653434296109,0.9629267758615583,0.9692193927934777,0.9735889688090938,0.9773173980644287,0.9570372207981074,0.9869189472168519,0.9900107779231212,0.9883946709610951,0.9919345085471689,0.9946944423955995,0.9908176112522834,0.9849347699937135,0.9878763120609892,0.9872947700425591,0.9866817983669075,0.9928250577880631,0.9226261861345963,0.9399236873783396,0.9515813329567375,0.9351190098724366,0.8845302483476751,0.923028168780219,0.9092519702871937,0.9258417268302591,0.9337130295665609,0.9174141285496203,0.951073347404835,0.9607795601189961,0.9686558293819353,0.9773474600073265,0.945212229345228,0.9674934515813621,0.9671952647982283,0.9733041559998128,0.9674264168302188,0.9440112928499745,0.9263238651114873,0.9520837907728278,0.9428634388595487,0.925375273485575,0.9008265051169,0.9738439282246873,0.9542999934567324,0.9668820755806468,0.9470862390190302,0.8470630154643866,0.8671236023770003,0.7858864443763587,0.8834947794037455,0.9052330380528264,0.9074086935261388,0.8749284511484837,0.8890783161511947,0.4556754927490081,-0.5237836044276359,0.9643679146521656,0.9522155316290399,0.9521093600720795,0.945142296510372,0.9589501355998137,0.9668725380909992,0.9665146565710124,0.9350641332029773,0.9627743437693531,0.8902108064637749,0.7927991143834614,0.9579790901774131,0.9561259056843348,0.8088476845968926,0.9449173653589816,0.9464695932321693,0.8767825665413638,0.9811581810956468,0.7762483671443163,0.48070881932057635,0.6761041305284108,0.7989539651971302,0.8020289497529185,0.7800173895004088,0.9831524244154897,0.9831602704080735,0.7228576990871534,0.7071995921294527,0.7117266701922317,0.41707238387673884,0.7119383217553188,0.7175442532026933,0.7255176910161525,0.7176310651410138,0.761661257558299,0.6950653006949788,0.6787468481446606,-0.3504861285855638,-0.4908844638989814,0.6770240512362767,0.8544258455654851,0.8776844754402504,0.8874667013243736,0.878340890238421,0.7651851072724015,0.8584553423507486,0.8675182881562234,0.8742252898998469,0.7358900099814948,-0.056379023031157334],[0.9999349039406175,0.999858921037968,0.9878475024807452,1.0,0.9994129537429304,0.9846793120588967,0.9980758731443334,0.9967405217022312,0.9734217437535138,0.9969734860329159,0.9953565558255643,0.9948147731182813,0.9968172906058359,0.9969340716168665,0.9967815449835562,0.9979918961393465,0.998382308299471,0.9985633515765978,0.9972251708647705,0.9972354075758377,0.9972247078711778,0.9967934517406181,0.9896577420633736,0.9751297496176655,0.9917230385882438,0.9629450039479238,0.9909834033748769,0.9888331389129983,0.9732272267421486,0.958663307676637,0.9916445667747772,0.9933669420905116,0.9927570546139739,0.9787896712910893,0.997849184982564,0.9980735531861531,0.9978209455049388,0.9969541559509245,0.996020020086992,0.9979953906004845,0.9985401795468611,0.9987474228267957,0.9978281061106788,0.9978367824866238,0.9799362172828372,0.9235450428772294,0.9533886114200543,0.9429182930208277,0.940326096861049,0.9160875877156827,0.9617596858599347,0.9491025334966732,0.9635274206838217,0.9668901309990939,0.955574638748225,0.9829393916888182,0.9814322530291474,0.9904391857211172,0.9940621656143641,0.9864953258979706,0.981748332294916,0.9871406902961601,0.9862891898332397,0.9876104312499917,0.9874913864071432,0.947829532577245,0.9753234212683826,0.9756301123495943,0.9754090734157118,0.9404735184390751,0.9820195361975649,0.9768479955086932,0.9850458894766689,0.9843951234306885,0.9254843936444671,0.9005558158954341,0.8689083101316029,0.9148336951547985,0.9280964005591021,0.9281919122846047,0.9266017127192179,0.9254611834260341,0.6502427779549734,-0.5380106188119899,0.9803490699448003,0.9751191102643174,0.9727045443812943,0.9871197850868486,0.9736630289303014,0.9839945269074923,0.9839975072901913,0.9441786239798363,0.9842205779965362,0.9351851275929525,0.8109378889923637,0.9269509811002724,0.9395955843154351,0.8276221734382591,0.9577488694281996,0.9584640938654624,0.9031076609239322,0.9698920218183013,0.8896417790846508,0.5724827328678853,0.7291851943419687,0.8974975646772266,0.8704226245256795,0.888701271437459,0.9772743366732771,0.9774273673110851,0.789628877987507,0.7572096443848009,0.8181043792556846,0.46768137497972084,0.8035501807783798,0.82193820355513,0.8169496598702178,0.81300637161754,0.7990036808101101,0.7574990156804692,0.74220220210058,-0.28839351062571605,-0.4328357215565299,0.7064810180661213,0.8898031713632919,0.9286892186556515,0.939556709144123,0.9043837210556495,0.8275976090146232,0.9075410139317392,0.9220251662456618,0.9219980347648954,0.852919307460238,-0.1264611144268968],[0.9991894976801886,0.9983287250993437,0.9935183468086202,0.9994129537429304,1.0,0.9871479577909786,0.998974088602084,0.9985532205862114,0.984827039672965,0.9985527876363737,0.9981581505093864,0.9980694295527486,0.9985684704441329,0.9985838728260665,0.9985841660517034,0.9990569773654632,0.9988367398612693,0.9992318420113878,0.9988290967053313,0.9988315884019051,0.9986243319575481,0.9985709880914472,0.9950266942115766,0.9822305216563104,0.9952327975437962,0.9789710436819965,0.9952669231891028,0.992477065364907,0.9849120232779369,0.961718057814788,0.989232952886912,0.9919713713513892,0.990268559556991,0.9716774267443957,0.9988276152472829,0.9988942025396409,0.9989202751688009,0.9986779425911638,0.9985612704366189,0.9988869546623632,0.9989084769991813,0.9991355467091806,0.998847461570318,0.9988495365030869,0.9888433373838185,0.9323541485206427,0.9527600762079153,0.9495424156728683,0.9404293652221614,0.9117979744335528,0.9509263862239861,0.9458931799970712,0.9551411278641517,0.9614357724275234,0.9499002882121333,0.9811197818967363,0.981043159480559,0.9906208601161091,0.9939659430432939,0.9827668602051136,0.9758642269712771,0.9817617867090521,0.9826160156558087,0.9821642733637369,0.9820264853231192,0.9453975697852411,0.9675062657113016,0.9608608482888708,0.9606185524562486,0.9142291496287024,0.9791795461934263,0.9754899355107718,0.9811282294480443,0.9803865614399735,0.9397331355070979,0.8829029074424772,0.8506021896454637,0.9014390788084389,0.9328271314684289,0.919481692909226,0.925607519193619,0.924679340692463,0.7839635054350161,-0.5367880414569925,0.9745684439838345,0.9653044287944006,0.9639763913893978,0.9835885257043185,0.9643344194553966,0.9779379583086247,0.977647741936452,0.9360766182651679,0.9791397832374106,0.937802159574282,0.8009978236175453,0.9395682414557714,0.9580301961792917,0.7963725957062396,0.9468843409455654,0.9481754439273458,0.8982964498018949,0.9744152232596676,0.8925286173818697,0.4105254049113363,0.6762943832146235,0.8983080885009972,0.8527428557326663,0.8944847249538191,0.9805811522832433,0.9806988203211163,0.7578198072406016,0.7424910492278665,0.7616304528652205,0.4472125060297019,0.7199471312456847,0.7658984713298094,0.761636779097139,0.7269390342087616,0.7874367617877975,0.7443712665092436,0.7282122794666589,-0.48621890404207485,-0.5692023983124089,0.7014249409990025,0.8857533172571838,0.916814089534259,0.9363745771852748,0.903566936897624,0.8122235299961431,0.9002552706501716,0.9112774052194809,0.9107811213207353,0.7937895565422698,0.08451792210774917],[0.9836408651568862,0.9900556739811575,0.9914814723966798,0.9846793120588967,0.9871479577909786,1.0,0.9808089237013816,0.9821726060060818,0.9933015888718321,0.9815998258022124,0.9777262015172842,0.976834231419588,0.9819924835276971,0.9824770763263699,0.9822390982821635,0.9818332443543929,0.9854963940862363,0.982773253220987,0.9826413502422048,0.9826520703464244,0.9810384385719532,0.9821342015353722,0.9938028393938279,0.9932090193945123,0.9833759849013209,0.9879664961034125,0.9838884222816877,0.9745930045644505,0.987476687027103,0.9738579626867863,0.9588942594552102,0.9650784861988786,0.9748678723634978,0.9658097110294553,0.9805648313525906,0.9810056149684371,0.9818424107521023,0.9828830688800887,0.9777041659545739,0.9814374365686156,0.9797968687504327,0.9816258813510218,0.9808117939215164,0.9808276315041428,0.9960259049408611,0.8861262665415979,0.9314079357515214,0.9307104380787915,0.9396454120329113,0.8998612666162378,0.9175000481773227,0.9122178666680785,0.9204410273779378,0.938047519895239,0.9178376906879336,0.9492953721857224,0.9555980315731861,0.9621993766813575,0.9682657209033674,0.9734841527008501,0.9889927322797955,0.9757500694414464,0.9863750632992317,0.9753633953508436,0.9748368575707049,0.9767925094367224,0.9735283628936516,0.9549675637759845,0.9544360683094224,0.950949936244482,0.9852133789647979,0.978101969198784,0.9744586370886898,0.9732624549413497,0.9678835492552996,0.9082176648980427,0.8662329443221172,0.9232989421515329,0.9260711677012665,0.9355058837679326,0.9167527510136306,0.9146983349789759,0.7699456089865254,-0.4784202060245151,0.983672930996234,0.9850748342748,0.9817278793967383,0.9742594718072415,0.9769361719336462,0.9823402712156809,0.9819540333814899,0.9699496972975439,0.9725090447345559,0.969625954955962,0.8135443182117421,0.9032688070272595,0.9586908522745069,0.8419770813784916,0.9468069869033633,0.9478088008034394,0.8672089503387641,0.9596383801385194,0.8321832834705938,0.49192785093110264,0.6920015593746766,0.8420340578737485,0.8202868009151584,0.832033348981433,0.9594106858206938,0.9594317869213806,0.7421287980223354,0.7328021797914599,0.7506874117885801,0.47106769623097056,0.7484946269703455,0.7558228518994332,0.7495247481545195,0.7482872308268672,0.7780334893700547,0.7155629655238345,0.7031927252746464,-0.314144874977481,-0.4447735129789188,0.7128712063207036,0.8523457314635086,0.8661001921469185,0.8844257259543752,0.8613488513760117,0.7840283800368806,0.8465497810792444,0.8584919542417728,0.8584836448848846,0.801272433495491,-0.08389116764342468],[0.9978580610729378,0.9941353464654972,0.9894975088204978,0.9980758731443334,0.998974088602084,0.9808089237013816,1.0,0.99765074743477,0.9573061279175611,0.9996317851669784,0.9996006566638105,0.9996296895029195,0.9985120097888307,0.9994989234695004,0.9992349104282624,0.999894008326401,0.9967964667729841,0.9999043708493924,0.9994206920857922,0.9994252591232382,0.9997289850425022,0.9993689148332486,0.9909325091772437,0.9754872740882278,0.9865908125738241,0.9293120441865139,0.9939672926361722,0.9931528337117393,0.9756331113041634,0.9554267761603625,0.9916857434246877,0.9921877677107271,0.9939022833583991,0.9764414209045054,0.9990718421452854,0.9998622531191258,0.9997332961457362,0.999499575072352,0.9997845559126567,0.9998485325553663,0.9986045295232235,0.9997529432301328,0.9994291193268767,0.9991071360156915,0.9802012102196265,0.9388745685127466,0.9553474688218285,0.9528027348606476,0.9403090330419598,0.9102468270731268,0.9588061506309532,0.9487604391583717,0.9611750726141919,0.9645831861464091,0.9550722307502613,0.9824765671933727,0.9823541185159747,0.9922755268493118,0.9965080558290921,0.9536387492642783,0.9626719070028127,0.9737410789129055,0.9740169982798919,0.9752033677266374,0.9535638995834944,0.9036654465589758,0.9578489100576854,0.9631773360081568,0.9452706247514796,0.8935628754577228,0.9692393654725413,0.946201130305123,0.9705577430142165,0.954006409759531,0.8045316802402459,0.8744351647234914,0.8022340890917623,0.8878851178846633,0.903750877537833,0.9079743254446514,0.8885221677223246,0.8996793051189693,0.4015063406535716,-0.573350909091801,0.9647551253533541,0.9500689023700686,0.9503637569546338,0.9550464082454563,0.9597067308980811,0.9710170313698026,0.9711299427500566,0.9235094245061407,0.9693873494216858,0.860641782983224,0.7940939204583434,0.9397014660665622,0.9377912352510416,0.813934496455831,0.955103390437302,0.9559295661652687,0.9025275652654118,0.9738097517990725,0.833808080467683,0.5694711388077496,0.7234253758404882,0.8581150807295793,0.8526882670691105,0.8396596868820895,0.9809406309223284,0.9811175408034263,0.7819013600995048,0.7401686613024033,0.7836047612478583,0.4405086574716061,0.7833976769738293,0.7971586940451988,0.7888651015554082,0.7962116179246481,0.7850597212487944,0.7511628191313129,0.7340206449093912,-0.30114857348434954,-0.4533476243641551,0.7138192529124159,0.8911186086695329,0.9221764025823889,0.9412143094134189,0.9107854262860373,0.8298358943061832,0.909874836637958,0.9271225871186535,0.9257077798802854,0.7795408737772739,-0.09811449996780079],[0.9963575033151156,0.9919318430028031,0.9902977034633824,0.9967405217022312,0.9985532205862114,0.9821726060060818,0.99765074743477,1.0,0.9678731356125188,0.9999998360550428,0.9999993494693874,0.9997773207813875,0.9999970933380196,0.9999931430622654,0.9999983393458511,0.9993633518028581,0.9919166066640452,0.9994901687803955,0.9999126497724165,0.9999123236324017,0.9999668469006855,0.9999988210392579,0.9914756437574204,0.9772170485848566,0.9932612891368312,0.943157112325966,0.994459227923998,0.9916274839382145,0.9778135312844789,0.954980427080121,0.9880514521697222,0.9939460058173426,0.9925480633978233,0.9736450310935427,0.9994862771443375,0.9995937796494335,0.9996914745552404,0.9997561628909427,0.9992942097936589,0.9995334027891086,0.9983113019556975,0.9989050011980841,0.9995583454170058,0.9994303857262798,0.981980905857958,0.9388075841199279,0.9529735295211225,0.956407648558244,0.9398899972046822,0.9012724987295442,0.9570375353457675,0.9444783784310256,0.9590788497329487,0.9593772933536509,0.9494074953120396,0.9805093982063965,0.9796281550440277,0.991328193418774,0.9969032310802992,0.9493231865056239,0.9596938793776103,0.9686078112057644,0.9717215861533125,0.9704104502697023,0.952157726069551,0.8984451799331152,0.9542052314095002,0.9576217861870522,0.940648805202409,0.884531666394164,0.9671986918761574,0.9410156637995931,0.9660032434902708,0.9499921687911151,0.7944317390221228,0.86829134367121,0.7984636699330643,0.8817017707020389,0.8978789596817515,0.9045084209651284,0.8847931650351226,0.8939499607156229,0.3862979189147153,-0.576565423884849,0.9616300684908048,0.9455382205899638,0.9459213680740827,0.9533496721548279,0.9564539227207556,0.9679589161735188,0.9680568474224674,0.9205615066906704,0.9638495696542796,0.8524278114684152,0.7917635132929276,0.9515194997161189,0.9477688359680849,0.8115092732557344,0.9551157282029529,0.9560871938155227,0.9000329818585934,0.9774578289953445,0.8362207119266352,0.5550461995702641,0.7150534580780628,0.8586830639105508,0.8494349191228179,0.8413493705402261,0.9831798280729852,0.9833572391715779,0.7733609770494708,0.7331812141704821,0.7844616709773106,0.42932160055731583,0.7783097820105398,0.7924806485882133,0.7888746464841467,0.7905958160453214,0.7794016642740048,0.7456168735643907,0.7279579314979905,-0.3161341939647667,-0.46722120128381556,0.7022152345897421,0.8839501182400209,0.9194664519271114,0.9338303526399966,0.9052215040264553,0.819584293527256,0.9035303812488017,0.9208440120796032,0.9196742883128197,0.7614724460750514,-0.08131535428472711],[0.9713940837649746,0.9875711397052703,0.9914525794452029,0.9734217437535138,0.984827039672965,0.9933015888718321,0.9573061279175611,0.9678731356125188,1.0,0.9828693234080682,0.9874600403845775,0.9899041881189456,0.9714808158394469,0.9797812485324817,0.9763484974705804,0.9743831981576455,0.9505260690522389,0.9792359595536835,0.9770211810961869,0.976973107868887,0.9813685687076197,0.9761934794277369,0.9938480718492088,0.9933110292637923,0.9803529697743937,0.9900555826561117,0.98351158309529,0.9908136868929284,0.9907917817797283,0.9699191040118704,0.9276938216082045,0.949306041056104,0.9662634729785482,0.952535946134018,0.9707956156986662,0.979285038314517,0.9758555470353434,0.9782085477250395,0.9884419819692697,0.9804569081582253,0.9670675069160088,0.9765611999063274,0.9716638018724454,0.9706444226913284,0.9990495256073547,0.9036766404420113,0.9250265074230032,0.9517145167059646,0.9407522859178238,0.88102153497359,0.8872724646404068,0.8875976288371822,0.8913236281383167,0.9180181688519539,0.8977024699529517,0.9300683023023865,0.946910374697191,0.9521650353651446,0.9612403566080339,0.9086800124950913,0.9694117611720001,0.9496848745194904,0.9685306492810147,0.9496810563972192,0.9075877258842867,0.9204774320340052,0.9473705115016984,0.9218894200375664,0.8871619675731822,0.8898487343695367,0.9700609654584854,0.9255030385756614,0.9473674925192384,0.9111968637441599,0.8383458139639832,0.8628589530920364,0.7465757447716234,0.8806866518633233,0.888885396119462,0.9022009111627315,0.8517708212479721,0.870075961163896,0.4383203064882686,-0.5059667742168299,0.9604675808269839,0.9550788515804657,0.9529987301302386,0.9068744429620016,0.9514427184599709,0.9588028513715887,0.9582648977448376,0.9401168869645725,0.9446948995318268,0.8818434793314218,0.7985454223296139,0.9440394971416807,0.9636011856934323,0.8180034046648675,0.938544699611615,0.9400807534552869,0.8549135479048298,0.9690383741732289,0.7427461731363925,0.44313007750286,0.6574961068338052,0.7759369005650155,0.7789400939803044,0.7541915935211632,0.9684098233832518,0.9683666319775978,0.7042117384020153,0.6972231229794323,0.6772820221087772,0.4244935648367115,0.6937787669829532,0.6954889710082031,0.6761427293504444,0.6958343070008185,0.7545828507751035,0.6886402830967611,0.6736350590984256,-0.3559078431531895,-0.49257659669632026,0.7127238956780697,0.8389544136629501,0.8309495053065937,0.8621728810507275,0.8576383476744122,0.7568940438295972,0.8147455039926271,0.8368750110294012,0.8306946715236415,0.7080058965278876,-0.01678775519172511],[0.9965436029053227,0.9919381383638602,0.9928990185125414,0.9969734860329159,0.9985527876363737,0.9815998258022124,0.9996317851669784,0.9999998360550428,0.9828693234080682,1.0,0.999999158187796,0.9997818098122684,0.9999985307879466,0.9999920802111054,0.999997884163068,0.9997009222461624,0.9979673882058653,0.9994889267363907,0.9998893832978207,0.9998893559429187,0.9999786422789023,0.9999993544082828,0.993989349595378,0.9789325089100545,0.9964080265119111,0.9750284620391334,0.9964934937921403,0.9916210034540534,0.9821129478771933,0.95626555010711,0.989902990603991,0.9939033910810259,0.9902675733565063,0.9705045302674277,0.9995230791080145,0.9995878341118025,0.9996008642276863,0.9998418721109846,0.9993057959273869,0.9995407720031211,0.9985457258789224,0.9989502930520251,0.9995301686185304,0.9995257639585204,0.9864058620699366,0.9387131821105574,0.9530038745661621,0.9563433337566541,0.9398774888568009,0.9013827050266243,0.9491003996109499,0.9402890773048659,0.95273116455598,0.9577208653460118,0.9476914220888487,0.9798265397573835,0.9796605135726687,0.9918626333293346,0.996749911585262,0.9732692483151814,0.959685922932702,0.972185389701986,0.9717151628551779,0.9727351769748617,0.9725264775526616,0.9329975857255601,0.9541937899193176,0.951448840997735,0.9511737504659428,0.9026049442846824,0.96716009163011,0.9659955755964248,0.9717874522921784,0.9708678585722446,0.9261623762577459,0.8683163384956768,0.8304191830656152,0.8815624322524308,0.9163364068526234,0.9050638547855006,0.9102795785607293,0.9095322326522117,0.7395941629329527,-0.5787110207180031,0.9616363206188718,0.9455167664480701,0.9459138593147189,0.9742669778243616,0.9518403649132792,0.9676821314992549,0.9673513678369602,0.9213419849577581,0.9690892799133906,0.9233342687506166,0.7917602492306695,0.9512718836503564,0.9588214640377735,0.7969403554245802,0.9493029861067168,0.9504263673385882,0.9001050721197811,0.9767125282779646,0.9004975539371708,0.45226792650617986,0.6931325766986213,0.9062473535684709,0.8606795251717719,0.9023791815628177,0.9831396030835426,0.9833454114967646,0.7734295466135724,0.7329645060983402,0.7765726697950028,0.4294261447466184,0.7357875786505859,0.781092863504746,0.7766331077004776,0.7448054360324227,0.7791954124597212,0.7456002485500351,0.7279251000845008,-0.5305984584647707,-0.613859072091689,0.7015437020610641,0.8839588927449266,0.9200208667517825,0.9386205980555623,0.9052486820055313,0.8164489482676784,0.9012310614444105,0.9140520271906848,0.9135398331019169,0.8060205559639926,0.14525654334673402],[0.9946860843768931,0.9919666105378212,0.9968188682110422,0.9953565558255643,0.9981581505093864,0.9777262015172842,0.9996006566638105,0.9999993494693874,0.9874600403845775,0.999999158187796,1.0,0.9997809435145577,0.999996393220947,0.9999950261830314,0.999998396625336,0.9996877631906669,0.997694661395273,0.9992511307716829,0.9997970389204114,0.9997970888665564,0.9999984595400947,0.9999984273742318,0.9934086233029628,0.9752099009872046,0.9955173387608394,0.98306240774973,0.9960886870258686,0.9916330201892657,0.9843141424334667,0.9492504986319911,0.9893232394765135,0.9935369438722927,0.9844319171441328,0.9472066480540977,0.9993233208289819,0.9993764175314852,0.9993200997908812,0.9999007317327395,0.9992903022737079,0.999329958278712,0.9980508135488485,0.998589964918068,0.99930011549526,0.9992979965341162,0.9888083675631452,0.9384476076094362,0.9222719185496415,0.9563079768840574,0.9398142046136942,0.9011133599268184,0.9211650804671049,0.9122604685104777,0.9253585721209205,0.9336808355571335,0.9196870415633043,0.972871868920627,0.9728494447122025,0.9907950720301114,0.9953952453323011,0.9654934171285354,0.9598226714097606,0.9597705761293318,0.9627258428383926,0.9609832001255272,0.9607156154239737,0.9095180737937708,0.9438924865060554,0.9172814624310899,0.916812576520741,0.8366870569713704,0.965271582781107,0.9703962323277034,0.9670588207100833,0.9659544352715557,0.9192366048063093,0.8076423952431941,0.7729070494485878,0.8473918665943386,0.8977422955284852,0.8686395221888883,0.8831411026295534,0.8819136011405584,0.7421959557290213,-0.37775194005367946,0.9494541565432749,0.9456725659664097,0.9460291715048846,0.9665540872510089,0.938316108233771,0.9519641777177846,0.9513106957824761,0.8949757320613984,0.9544578992706699,0.8989769522623565,0.7919267482518978,0.9515677364696676,0.9630709800532264,0.6981952483782957,0.9118348143482721,0.9143334648978657,0.858962872181708,0.9857272881010689,0.8469248411085739,0.10833963058980194,0.5481447951410992,0.8587246534011828,0.8271309591333011,0.8537902663682372,0.9864440069151272,0.9864644783218312,0.5431431817821156,0.6503895217926304,0.5502791239547021,0.42937158372217843,0.5187971064526892,0.5604315650855792,0.5510366921452408,0.48971288790911155,0.7685789931644079,0.6185130372758121,0.5805467020481949,-0.4914089172646196,-0.5502402013310234,0.7010227749337526,0.8643904637794823,0.8767574045743945,0.9104264351781961,0.8991430555919624,0.6898549597540187,0.8538373662142481,0.8702359457978578,0.869566910853601,0.62316853841079,0.09773477731181603],[0.9939408869504891,0.9932757198332053,0.9959930914224978,0.9948147731182813,0.9980694295527486,0.976834231419588,0.9996296895029195,0.9997773207813875,0.9899041881189456,0.9997818098122684,0.9997809435145577,1.0,0.9997946353603897,0.999780993258813,0.9997864686164603,0.999686979046903,0.9983086061413348,0.9994394928964204,0.9999720555075101,0.9999718211006964,0.9997857609056612,0.9997906743815049,0.9930605761393277,0.9723744679517057,0.9944378121693388,0.983922123144184,0.995191629297951,0.9939465364664064,0.9807774842693421,0.9313085752209852,0.9919618951827085,0.9946086158914285,0.9802895099610809,0.9299040851764441,0.9994535596233038,0.9994978936494943,0.9994614147506382,0.9996137273197454,0.9996360089315538,0.9994764699136242,0.997946213168662,0.9986248834288782,0.9994410338269287,0.9994380298937561,0.9901648692572009,0.9342627415617425,0.9101974546098385,0.9533472832442142,0.9383508271689998,0.9010018093808969,0.8890342346852034,0.9245571391752786,0.8923471415696828,0.9123033008183599,0.8874537231601481,0.9616925375668253,0.9616789540301207,0.9823495248617758,0.994994212077062,0.9640978625469355,0.9642338244033511,0.9547535504502188,0.9602925370151747,0.9570294098648506,0.9568141305055828,0.9092660021955252,0.9343194790974112,0.9010451676441186,0.900781812292812,0.8207591575291158,0.9642981472976798,0.9662175093183535,0.9662239588601251,0.9655494824282521,0.9260029951382105,0.7632533776556737,0.726483167882239,0.8164884227277031,0.8776665579542935,0.8361920192843264,0.8577149847955159,0.856938171141437,0.7256107988422218,-0.2525731334632345,0.9433814392585524,0.9477007913132917,0.9430044149301363,0.9647706154677324,0.9379017367623248,0.9466362262041593,0.9457717396748097,0.8929984618208839,0.9487199348471822,0.8957953347939082,0.7485337162987117,0.9491985914619607,0.9430526714368702,0.5826269198560068,0.8610303782340206,0.865199948563793,0.7614822308341197,0.9799563330078964,0.7382491841103622,-0.259174294583911,0.29233721451639366,0.7611385152481313,0.7180922966829818,0.7552091466555989,0.9810366217823728,0.9811298741521836,0.24512311350877541,0.40287612825159447,0.25069012935932017,0.22230094333999592,0.24258638958490303,0.25766294327885325,0.25497324077542305,0.1718912722842451,0.5810861092555796,0.3175900153625436,0.2657934070973876,-0.503387985319185,-0.551275773265435,0.7013499365676197,0.7660172041415774,0.7891492234882256,0.8539519850830029,0.8321664744051457,0.5960155396570678,0.7759881721517085,0.7841742440263167,0.7831781710836689,0.4455157772249723,0.28639251425576434],[0.9964507988799967,0.9920243670585378,0.9901462638778633,0.9968172906058359,0.9985684704441329,0.9819924835276971,0.9985120097888307,0.9999970933380196,0.9714808158394469,0.9999985307879466,0.999996393220947,0.9997946353603897,1.0,0.9999915375412598,0.9999976914060471,0.999408360228143,0.9935201150915959,0.9995279721889365,0.9999220853108491,0.9999219294559568,0.9999736736163444,0.9999989905339763,0.9913558225445422,0.9770238352106151,0.9939043796186747,0.9480232846266371,0.9944110618821851,0.9917328013740986,0.9776155911651653,0.9549259303915357,0.9889614200436094,0.9940321310587138,0.9926311657686652,0.9737708403859817,0.9995290015234798,0.999632255326711,0.9997211592943008,0.9997545877131786,0.9993488725138492,0.999573022839693,0.9983957156968865,0.998969215984907,0.9996007997291408,0.9994736912561591,0.9817326183021984,0.9390497482740481,0.9531266724041333,0.9563145303598777,0.9399273452631355,0.9018312488198935,0.9573934860187254,0.9448609913127668,0.9594370067510847,0.9596991623426546,0.9497947163161512,0.9807611248664625,0.9798108098012439,0.99145924084406,0.9969875408390894,0.9495623415878366,0.9596888281055312,0.96876972077614,0.9717509573520777,0.9705711115941513,0.9523499811527877,0.8983653982960006,0.9543186511894637,0.9578986528821151,0.9409830074090352,0.8846515930037692,0.9671876334665043,0.9411380188224457,0.9661372880696155,0.9502146669550665,0.794317601925444,0.8685171549748958,0.7988848467622975,0.8819138711427794,0.8980685644910602,0.9046118444528672,0.8850897610358033,0.8942365428342799,0.38637795161054084,-0.5766701370588909,0.9616919960863993,0.9456182423245781,0.9460014623329661,0.9535436769056974,0.956515271730749,0.9680426021477365,0.9681426980395532,0.9205031453605774,0.9640312818861657,0.8523877379542533,0.7917984617689436,0.9509821006712811,0.9472706969102608,0.8115113721256936,0.9551104521854682,0.9560736940004294,0.9003742022521439,0.9773184272480517,0.836723756691866,0.5561641538075788,0.7156968859130685,0.8591698609714363,0.8499686230756346,0.8418435161376271,0.9831186200574022,0.9832963642579601,0.7739679598348966,0.7336702589501839,0.7850839863866186,0.42991252309086414,0.7789744710158948,0.7931777162508966,0.7895123277185522,0.791306828035612,0.7797304819298201,0.7460689320981435,0.7284239052489613,-0.31522764425438116,-0.4664228566366379,0.7025888365257934,0.8844734761356507,0.9199547815572809,0.9343700176465413,0.9057089740961556,0.8201475564085421,0.9041207116146073,0.9214387840697824,0.9202602945966293,0.7621562100686339,-0.08236686093131108],[0.9964833021760945,0.9919323338294601,0.9922231680021711,0.9969340716168665,0.9985838728260665,0.9824770763263699,0.9994989234695004,0.9999931430622654,0.9797812485324817,0.9999920802111054,0.9999950261830314,0.999780993258813,0.9999915375412598,1.0,0.9999953392839647,0.9995908690220062,0.9979259322110817,0.999488193704595,0.9999079769371954,0.9999070085093114,0.9999563245001026,0.9999918849419092,0.9932271063212479,0.9774300942108459,0.9961318023374776,0.9691180833860968,0.9959241154076515,0.9916054368214895,0.9780731000451266,0.9550970114066932,0.9893701079159537,0.9941142760475935,0.9919383822796092,0.9733320849055274,0.9995106751545313,0.9995867435746931,0.9996432808892579,0.9998936501129068,0.9993154943750691,0.9995238684197515,0.9982747298191591,0.9988950032591033,0.9995313373463911,0.9995247886920905,0.9842780021795114,0.9388612182711978,0.9529192126565477,0.9563139430608149,0.9398564297742013,0.9013825221961748,0.9526199235683382,0.9382945918972471,0.9549367677641204,0.9591047949642775,0.9490814315069162,0.9793899250176706,0.9795012902914442,0.9907809788964776,0.9969852030656464,0.974233742558242,0.9594384370899507,0.9735870673371269,0.9717291392867173,0.974529826138131,0.9743190158756317,0.9421069089004195,0.9539429611667192,0.956673483511849,0.9563901838086322,0.9191879106187429,0.9671873106250065,0.9689262937121922,0.9737678620548371,0.9727739236794026,0.9344118671216862,0.868091776307443,0.8355253964506527,0.8814027327979257,0.9082228073548153,0.9043686984312288,0.9050605390705057,0.9040079552758247,0.7177726368461974,-0.5769806214200062,0.9616629927476757,0.945374432640866,0.9456535215293385,0.9752475442760135,0.9565777787842311,0.9679949686018525,0.9680810655942308,0.9206921193575239,0.9695185060830079,0.9317359205535337,0.7916988350342219,0.9510690849049287,0.9519823586370628,0.8108636168366581,0.9549960102194714,0.9559155669159799,0.899982496436447,0.977653101902493,0.8866283555966825,0.5552749740112553,0.7145705552629785,0.8944480376225533,0.8633947070513976,0.8855948092024226,0.9833754013161543,0.9835784215230874,0.7725857357388074,0.732487372277289,0.8052569586289676,0.42945948866651235,0.7857912198956861,0.8096061113489816,0.8040862783708904,0.7917775142426074,0.7792991284589805,0.7443585883361564,0.7267263556107202,-0.40502681063727836,-0.5271631154844635,0.7010411969424533,0.883957779330122,0.9163739024111635,0.9299343517461294,0.9055735164118716,0.8186183542652767,0.8924366816868129,0.9096187914094644,0.9092183698594472,0.8408988270221017,-0.049227486430047825],[0.9963990040221397,0.9919873962075254,0.9903503569793609,0.9967815449835562,0.9985841660517034,0.9822390982821635,0.9992349104282624,0.9999983393458511,0.9763484974705804,0.999997884163068,0.999998396625336,0.9997864686164603,0.9999976914060471,0.9999953392839647,1.0,0.9994937855762017,0.9972371102485029,0.9995049102743156,0.9999152967815761,0.9999146912738105,0.9999677353305246,0.9999977214889925,0.9915180718845068,0.9772784107204924,0.995508280662807,0.9609009565211697,0.9953144618800076,0.991692319166097,0.9778653781577911,0.9551386753573944,0.9914271584072355,0.9942889943981267,0.9925005037413079,0.9735634170559911,0.9994970942881325,0.9995947188211881,0.9996981025738583,0.9997705673720935,0.9993190838552125,0.9995307336661006,0.9983346272141415,0.9989199388552916,0.9995675881902473,0.9994421564379152,0.9819815297582708,0.9388711284019288,0.9529918626528431,0.9563791343790055,0.9399356883766677,0.9015153458026554,0.9571116285243222,0.9446023708857022,0.9591827902447568,0.9593313906370623,0.9493281538177268,0.9805320436907796,0.9795761141239715,0.9913004198422315,0.9968689346071754,0.9495952342987253,0.9597413571158427,0.9687616385119234,0.9718022802233505,0.9705513149336498,0.9519806608079844,0.8986398938720125,0.9541332647638138,0.9576833577891576,0.9408434752388437,0.8846560106867306,0.9673329728095325,0.9413323676296136,0.9661908857938188,0.950277746929251,0.794747674483236,0.8683015737012412,0.7987076679706939,0.8817513955885007,0.8980369536370989,0.9045207129029429,0.8849354109565644,0.8941067868492505,0.38663645929478324,-0.5762683659772425,0.9617179306879807,0.9456207897070685,0.9460023025829241,0.9522355386906503,0.9566175437989433,0.9680403346157271,0.9681349234573167,0.9207444782839055,0.9640044371808423,0.8526692501828972,0.7917747685483817,0.9512632313458684,0.9476817479567002,0.8115216569621627,0.9550517771799616,0.9560272393452788,0.8998582610663577,0.9774739887309319,0.8362471396185799,0.5548690326845979,0.71494311579232,0.8586884286527682,0.8495492924535696,0.8413726515108305,0.9832151204656706,0.9833896498857302,0.772990957858524,0.732866664245474,0.7844394558260626,0.4295488849144735,0.7782863911274884,0.7924014323270413,0.7890221649247396,0.7904983398690694,0.7793271370665386,0.7449155264146613,0.727289910918426,-0.3159550386143388,-0.4670382152518673,0.7024127719691624,0.8838619867413772,0.9195818951803275,0.9338656135212318,0.9052641275225325,0.8193865664637368,0.9037209166929782,0.9208735940455648,0.9198178832511756,0.7615591173722986,-0.08157254399115009],[0.9977472533305399,0.9939879755615608,0.9898159803321848,0.9979918961393465,0.9990569773654632,0.9818332443543929,0.999894008326401,0.9993633518028581,0.9743831981576455,0.9997009222461624,0.9996877631906669,0.999686979046903,0.999408360228143,0.9995908690220062,0.9994937855762017,1.0,0.9984940354433093,0.9998599121513628,0.9995763344680764,0.9995808065479461,0.9997834111640946,0.9995637481789514,0.9911658179315919,0.9762516936563761,0.9942276461562113,0.9537950073639813,0.9938938456419069,0.993023985827732,0.9761215125560272,0.9556469130904812,0.9918246608418011,0.9927816782256825,0.9933383605455909,0.975562803530654,0.9993037893103742,0.9997457717336652,0.9997328152393128,0.999593934168892,0.9996347304868685,0.9997033361686938,0.9988931111543649,0.99960813971832,0.9995308333010732,0.9993022221733254,0.9806407380383382,0.9375569578735856,0.9549860513453527,0.953820374300621,0.9408571016862572,0.9077327597688694,0.9590781015782861,0.9489121306007604,0.9614228156637117,0.9632234071127361,0.9533115570625345,0.9824242790837279,0.9815084258143795,0.9922014228569324,0.996419376584911,0.953941184075877,0.9632943232330664,0.9734341339718049,0.9742949563549749,0.9749742778226614,0.9547019147557438,0.9038101580071722,0.9574529344777364,0.9626750770809369,0.9455414669862339,0.8924687344310795,0.969785284180417,0.9460609604557235,0.9703565285496639,0.9544657665830886,0.8027654944294224,0.8735341777875947,0.8029369437462502,0.886960437168282,0.9028333488548621,0.9071743295271794,0.8885392914233865,0.8991334268651664,0.39764820533869755,-0.5733626804659792,0.9649213505198379,0.9502605041185964,0.9504949710488251,0.9561612875619669,0.9602548885117264,0.9710788909941447,0.9711458264051154,0.9246965471247464,0.9689336382950623,0.8597988309310236,0.7935537238779838,0.9428406276144027,0.9402063716850123,0.8138538707504898,0.955104082742866,0.9559083010110858,0.9000130758931073,0.9742063158146169,0.8355500547464045,0.564560665790334,0.7198903162660129,0