var element = document.getElementById("correlationClose");

if (element.style.display != 'none') {
    var correlationClose = {"data": [{"type": "heatmap", "z": [[1.0, 0.999983330319159, 0.5733970713397357, 0.9997021838453095, 0.9974899560756089, 1.0, 0.9908951275611378, 0.9864866718783684, 0.9915492747951624, 0.9732027833296579, 0.9822876869744293, 0.9909394379684379, -0.12846446309429851, 0.9910042077050658, 0.9844787155532431, 0.9845630025022699, 0.4479689894268455, 0.9920093825733037, 0.9919953983188855, 0.9839664603848066, 0.9909272977899143, 0.44620159444546914, 0.6675494910487331, 0.9779948713486627, 0.9779721065242796, 0.9611238204758783, 0.30922259591871626, -0.1215203976734034, 0.9898194086387192, 0.9897777125463619, 0.27785708388830177, -0.2023157555723598, 0.9937991546539505, 0.9946604032096491, 0.8123853498906998, -0.38950289370861435, 0.9876893169435313, 0.994427525240032, 0.987149228340853, 0.43023493776339944, 0.99398425495906, 0.9939713556891423, 0.99398425495906, 0.8878712418043289, 0.6692004229350409, 0.8658746284012139, 0.8799099388180999, 0.7920397884097324, 0.38746608953337164, -0.1338509102937102, 0.19150473742863935, 0.9452509696810623, 0.4597963414474619, 0.976845622858457, 0.9710659592589233, 0.9152136113525557, 0.9117480860429227, 0.933320058957841, 0.909329782128125, 0.9301152734388618, 0.9308987955864488, 0.9301152734388618, 0.8450360987722174, 0.9065850617433493, 0.9076829019516103, 0.9065850617433493, 0.8965907255017812, 0.7354772278931473, 0.8714543218289513, 0.8730769644813139, 0.8714543218289513, 0.6201752844405284, 0.3096588628146955, 0.5970474442301078, -0.5938885081560921, 0.49294847519544666, 0.5459612025533733, 0.547329953262084, 0.5459612025533733, -0.10177940647052877, 0.8838271687362838, 0.9157523431078599, 0.8975291507497628, 0.9167147118521782, 0.44361216886079813, 0.880928082176228, 0.8821304859187834, 0.880928082176228, 0.8902913725075544, 0.8902913725075544, -0.15950753882332175, 0.5518379341578288, 0.19236169754835836, -0.5639494882816181, -0.5634897053430109, -0.567157387889135, -0.04230363137059695, 0.05901848341628882, 0.25829968841116874, 0.13293721369356085, -0.389249909042507, 0.054086034120826694, -0.7927716755988328, -0.212223816854376, 0.12325032195605148, 0.12355128317676782, -0.5419612997377955, -0.604766694309198, -0.21396965425235753, -0.4878041418907123, -0.8289625469902775, -0.3506065287000738, -0.34167926662909476, -0.3506065287000738, -0.18496787697740516, -0.25858903092021074, -0.25858903092021074, -0.8173520173432907, -0.8173520173432907, 0.3979783622895529, 0.6564969505099882, 0.8725506981430319, 0.8513817129343502, 0.7884225249242799, -0.25034002707715736, 0.7665659147676228, 0.8070771124427132, 0.807321696619723, 0.8070771124427132, -0.2358668891894526], [0.999983330319159, 1.0, 0.9697972837961866, 0.9992269864635032, 0.9938447811693623, 0.9999833303191588, 0.9783134423524809, 0.9694787969886514, 0.9780976519703223, 0.9590155426441442, 0.9802406393123373, 0.9783620390882, 0.9783224567043568, 0.9781435177031444, 0.9406039421088938, 0.9398654457090245, -0.2708719284374775, 0.9836636928181328, 0.9836360134044824, 0.9784255043447342, 0.9784165853962755, -0.14379233406867523, 0.968547195488471, 0.9715791181321628, 0.971648824494494, 0.9613665121324, 0.04540700561525326, 0.1515739787064464, 0.9759906028374449, 0.9760470624177665, 0.9713264665985236, 0.14192229897981412, 0.9876739020128193, 0.9877504198190044, 0.9885184562705939, 0.9804538526239893, 0.9861105473708739, 0.9877137322858466, 0.9466691774951542, -0.2774347873058367, 0.9885967818030714, 0.9885779524371426, 0.9885967818030714, 0.8879789789184941, 0.5470158205445513, 0.8662398775453249, 0.8800876530434938, 0.7913196649754461, -0.4382149549827472, -0.5470869488571543, 0.8278308879891694, 0.8558380152377983, -0.18324243411425897, 0.9338053404748252, 0.9338884164472938, 0.9243942325765538, 0.93426347213557, 0.9122380922538105, 0.9118835393980074, 0.9189494375598133, 0.9196752773657815, 0.9189494375598133, 0.7782609181783535, 0.7388242523115622, 0.7410569143372614, 0.7388242523115622, 0.9285185034421365, 0.9336047250623308, 0.9283927701657377, 0.9295899923251013, 0.9283927701657377, 0.4483602999800329, 0.38953934002427215, 0.5104329302212439, 0.6148314765748175, 0.49511615375362533, 0.5352924616831436, 0.53618636610491, 0.5352924616831436, -0.21825217231197927, 0.8694665680207682, 0.9056821659003189, 0.8923372529515872, 0.931511197217714, -0.09296943070856978, 0.8636091879726353, 0.8640130286309061, 0.8636091879726353, 0.8747515604867123, 0.8747515604867123, -0.26159906046899284, 0.5518351035755765, -0.3823094432156472, -0.6605438411056646, -0.4684979851160471, -0.47191077009993576, -0.3093114622186936, 0.22349388698873157, -0.21880028707802437, -0.3999491932359285, -0.5967231273389731, -0.29078829345041085, -0.4993445462756387, -0.3447069235231798, 0.0980339612124349, 0.09333421192421776, -0.49017390916427056, -0.4460443185106447, -0.47417151858447787, -0.5037411836808394, -0.4962516728910113, -0.4762915777387766, -0.4795383133454317, -0.4762915777387766, -0.35877921325218115, -0.4992263532387953, -0.4992263532387953, -0.4725141648211027, -0.4725141648211027, 0.3979382842845148, 0.4117960060905998, 0.5179874824475282, 0.5999239566654088, 0.574842939113279, -0.3933452040185645, 0.38012380104902804, 0.37049418823258806, 0.37058778002532655, 0.37049418823258806, 0.11255685803647397], [0.5733970713397357, 0.9697972837961866, 1.0, 0.567073892852074, 0.45804217304759876, 0.5733970713397357, 0.5618495286025946, 0.5503368200839113, 0.46323437830267117, 0.403998490345111, 0.9966561613287069, 0.5618650657599691, 0.5141485755786954, 0.5621929472588911, 0.5574935162830369, 0.5916459094812236, -0.10790267504613782, 0.5079510786245266, 0.5071003655884085, 0.46067376608774996, 0.5608066404269733, 0.21027151397969354, 0.7010968818184943, 0.5293467585265759, 0.5290645204665466, 0.9839460096786262, 0.2943133066538644, 0.1776486072460744, 0.5267195384013209, 0.5262203187131862, 0.7662277573690517, 0.010176670514741654, 0.5599789872146966, 0.4618498286717592, 0.5458231704669667, 0.35828775603072693, 0.9939842871055218, 0.4495790110070179, 0.5554134994928744, -0.11428743183679435, 0.5760429860376389, 0.5580622303140655, 0.5760429860376389, 0.8930507210506514, 0.38888450286293286, 0.9035730092813014, 0.8686312158338656, 0.650632659406376, 0.20060696005998946, -0.013861609087572557, 0.05687932967195128, 0.4264449363771758, -0.07347880688601977, 0.5175013527499547, 0.45265671115307754, -0.07057061915108558, 0.6928561791647907, 0.6460093169329045, 0.488844742065676, 0.6522852698957043, 0.7143109695334372, 0.6522852698957043, 0.33780970458448845, 0.5461719106833554, 0.6442752441728878, 0.5461719106833554, 0.5651390964883656, 0.6230181988597321, 0.6637233487903493, 0.7347344172695728, 0.6637233487903493, 0.20916645354270166, -0.08450134581872085, 0.22833130922353187, 0.14521611472922494, 0.22814325241105696, 0.2621894443523148, 0.3980930440357265, 0.2621894443523148, -0.17337323399916793, 0.4445618581083574, 0.8105083474914367, 0.5297990751096383, 0.7308071691444569, 0.07345077465386148, 0.5102436055878052, 0.5103804855726998, 0.5102436055878052, 0.6329076182383365, 0.6329076182383365, -0.28536929169811065, 0.7187169303291843, -0.22635783613428728, -0.5498514831513643, -0.390363811179845, -0.3940088432121353, -0.39279844891907856, 0.015346547254076264, 0.02407386144122683, -0.26261131043320474, -0.5324661293727554, -0.13647438974512513, -0.22906988189505292, -0.21117584149851798, -0.023433697190264002, -0.027048584646231996, -0.450019575293482, 0.008097155741450226, -0.22110022722936992, -0.4839891360877497, -0.11567578301001685, -0.359166375359146, -0.2350659263661031, -0.359166375359146, -0.42800339893621625, -0.5063321590654782, -0.5063321590654782, -0.2416567602575954, -0.2416567602575954, 0.32500376662838637, 0.13668747596859265, 0.24544211120313328, 0.48941644696277004, 0.21896425096289304, -0.30868501553726196, -0.03668607316331811, 0.44710997753463566, 0.5613356763048452, 0.44710997753463566, -0.04350641926874724], [0.9997021838453095, 0.9992269864635032, 0.567073892852074, 1.0, 0.9986427643337035, 0.9997021838453093, 0.9924875611887966, 0.9885601384720799, 0.9934837194938134, 0.9709788610158965, 0.9872370143231846, 0.9925198118739798, -0.1327997267891285, 0.9925568106351327, 0.9859683901212675, 0.9860616901378322, 0.4336989459296618, 0.9933771249854457, 0.9933653213237097, 0.9843912231544585, 0.9924994336397169, 0.4374442945754426, 0.6709766069628479, 0.9809481798485257, 0.9809257161987546, 0.9712974050614397, 0.30434483738963247, -0.12880079267873693, 0.9895393389550082, 0.9895079076615544, 0.269455491604923, -0.2031204520552496, 0.9945916298714718, 0.9957348137661723, 0.7720201444046211, -0.3952339183999723, 0.9913103299635069, 0.9957433733505852, 0.9877120581789636, 0.4155978875636052, 0.9921812407992727, 0.9946641240781103, 0.9921812407992727, 0.8862391637012766, 0.6564118553690022, 0.8740418751841184, 0.8765615207472796, 0.7694699968467149, 0.3819372039818126, -0.1398461964133044, 0.18496976652302147, 0.9394487216036586, 0.44363483423170647, 0.9725190717334131, 0.9682241430679855, 0.891075526363587, 0.902910499915131, 0.9183637294255715, 0.9042745665210316, 0.9105247245769658, 0.9116107500827278, 0.9105247245769658, 0.8351536245930976, 0.8929745078570537, 0.8941822314445736, 0.8929745078570537, 0.8921835698293239, 0.6683176289398153, 0.8274137070397998, 0.8290735546887891, 0.8274137070397998, 0.6100818424941453, 0.10216599496489648, 0.5849766971643521, -0.5990629517504419, 0.48632219728511417, 0.2873614858586424, 0.515214610301747, 0.2873614858586424, -0.10873165217355432, 0.8770636623767045, 0.90512366181849, 0.8875039289536856, 0.8901535444925919, 0.4301764919570772, 0.8751556263914386, 0.8765261583363323, 0.8751556263914386, 0.8680630795963803, 0.8680630795963803, -0.16576256780546209, 0.5789146054201397, 0.19709690136221106, -0.5747273172380861, -0.5713635698562664, -0.5749369425158893, -0.05503209115750756, 0.05344034400933188, 0.2510517818286112, 0.12000747104542785, -0.4022197464658058, 0.04736537828441166, -0.7995887385159826, -0.22034555680297122, 0.11203071510216184, 0.11237896921116192, -0.5495500312429281, -0.6016293398482976, -0.21579218984799975, -0.500225450364331, -0.8314230233161103, -0.35251708695085704, -0.3441564388131406, -0.35251708695085704, -0.19454587893256364, -0.2689425549930868, -0.2689425549930868, -0.8176528251281673, -0.8176528251281673, 0.38441590553796456, 0.6444650771619619, 0.8649802114309373, 0.8438712292345352, 0.7811154187979293, -0.2640601947889798, 0.7576767815394403, 0.7984931891298838, 0.7987430984882425, 0.7984931891298838, -0.22069749378821701], [0.9974899560756089, 0.9938447811693623, 0.45804217304759876, 0.9986427643337035, 1.0, 0.9974899560756089, 0.9967884075074229, 0.9948302051464998, 0.9969758399436298, 0.9606459892608914, 0.9953816490478248, 0.9968072399862076, -0.3427480055699637, 0.9968382370906339, 0.9866652431518509, 0.9838887822138113, 0.23809012115635844, 0.9973777246326342, 0.9973722508523473, 0.9861305024036979, 0.9967940319537317, 0.07079583355192429, 0.6319477831358569, 0.9906213536738039, 0.9905770860469579, 0.984844394157672, 0.053017021210844104, -0.11394430459938389, 0.9876919981278823, 0.9876266898979935, -0.045912337071169054, -0.10086739008297237, 0.9977137547979489, 0.9976502264852019, 0.7489367903882024, -0.5371215552418068, 0.9971541466715146, 0.9979077149214162, 0.9867235391685654, 0.2142926326572991, 0.9976683337821354, 0.9976699068394675, 0.9976683337821354, 0.9014556680441876, 0.6172368242903532, 0.8957687685362343, 0.8805721779896268, 0.7360094010251008, -0.09941969808207736, -0.5803801657092735, -0.2360810415509614, 0.9247288543119816, 0.29867607828333853, 0.9660336387854594, 0.966105475867479, 0.8852788707354463, 0.8804813791563522, 0.9039000377666309, 0.8891873665124865, 0.9019976096543746, 0.9024365804975033, 0.9019976096543746, 0.8049610371033968, 0.8353639400840007, 0.836768835422068, 0.8353639400840007, 0.8789349707739876, 0.7712548543845208, 0.8587028467458513, 0.8597191187036879, 0.8587028467458513, 0.5608690121030079, 0.42469694227206395, 0.544006306558731, -0.643395965342197, 0.5409142698075273, 0.5179885285822301, 0.517532029656658, 0.5179885285822301, -0.12921618381754763, 0.8557848878176849, 0.8742242313095183, 0.8595862994181472, 0.8951925422881332, 0.28629531411340803, 0.8570362097369016, 0.858376692284075, 0.8570362097369016, 0.8650997954143453, 0.8650997954143453, -0.20896385722007163, 0.6381656592326146, 0.05045161497805456, -0.6099367451998882, -0.6290149803827785, -0.62943718623517, -0.09127839445361888, 0.07518267802591648, -0.1483588310661872, -0.13312368605740113, -0.4890411845821268, -0.32584353255394344, -0.863172356016742, -0.5188896005826996, 0.07774757699363137, 0.07793164791860267, -0.5802783168876082, -0.5931259508529493, -0.5140766746691654, -0.5434834317618458, -0.798573691507546, -0.5701587507669287, -0.5727777035127751, -0.5701587507669287, -0.23870067484010954, -0.30782846654765506, -0.30782846654765506, -0.7646329054886307, -0.7646329054886307, 0.364208933432255, 0.6228426829791701, 0.8144593296718754, 0.7889965763529596, 0.7680890029582063, -0.4028126640268181, 0.6066210748238089, 0.688813518441715, 0.6891713789294948, 0.688813518441715, 0.01250124872696281], [1.0, 0.9999833303191588, 0.5733970713397357, 0.9997021838453093, 0.9974899560756089, 1.0, 0.9908951275611378, 0.9864866718783684, 0.9915492747951624, 0.9732027833296579, 0.9822876869744293, 0.9909394379684379, -0.12846446309429851, 0.9910042077050658, 0.9844787155532431, 0.9845630025022699, 0.4479689894268455, 0.9920093825733037, 0.9919953983188855, 0.9839664603848066, 0.9909272977899143, 0.44620159444546914, 0.6675494910487331, 0.9779948713486627, 0.9779721065242796, 0.9611238204758783, 0.30922259591871626, -0.1215203976734034, 0.9898194086387192, 0.9897777125463619, 0.27785708388830177, -0.2023157555723598, 0.9937991546539505, 0.9946604032096491, 0.8123853498906998, -0.38950289370861435, 0.9876893169435313, 0.994427525240032, 0.987149228340853, 0.43023493776339944, 0.99398425495906, 0.9939713556891423, 0.99398425495906, 0.8878712418043289, 0.6692004229350409, 0.8658746284012139, 0.8799099388180999, 0.7920397884097324, 0.38746608953337164, -0.1338509102937102, 0.19150473742863935, 0.9452509696810623, 0.4597963414474619, 0.976845622858457, 0.9710659592589233, 0.9152136113525557, 0.9117480860429227, 0.933320058957841, 0.909329782128125, 0.9301152734388618, 0.9308987955864488, 0.9301152734388618, 0.8450360987722174, 0.9065850617433493, 0.9076829019516103, 0.9065850617433493, 0.8965907255017812, 0.7354772278931473, 0.8714543218289513, 0.8730769644813139, 0.8714543218289513, 0.6201752844405284, 0.3096588628146955, 0.5970474442301078, -0.5938885081560921, 0.49294847519544666, 0.5459612025533733, 0.547329953262084, 0.5459612025533733, -0.10177940647052877, 0.8838271687362838, 0.9157523431078599, 0.8975291507497628, 0.9167147118521782, 0.44361216886079813, 0.880928082176228, 0.8821304859187834, 0.880928082176228, 0.8902913725075544, 0.8902913725075544, -0.15950753882332175, 0.5518379341578288, 0.19236169754835836, -0.5639494882816181, -0.5634897053430109, -0.567157387889135, -0.04230363137059695, 0.05901848341628882, 0.25829968841116874, 0.13293721369356085, -0.389249909042507, 0.054086034120826694, -0.7927716755988328, -0.212223816854376, 0.12325032195605148, 0.12355128317676782, -0.5419612997377955, -0.604766694309198, -0.21396965425235753, -0.4878041418907123, -0.8289625469902775, -0.3506065287000738, -0.34167926662909476, -0.3506065287000738, -0.18496787697740516, -0.25858903092021074, -0.25858903092021074, -0.8173520173432907, -0.8173520173432907, 0.3979783622895529, 0.6564969505099882, 0.8725506981430319, 0.8513817129343502, 0.7884225249242799, -0.25034002707715736, 0.7665659147676228, 0.8070771124427132, 0.807321696619723, 0.8070771124427132, -0.2358668891894526], [0.9908951275611378, 0.9783134423524809, 0.5618495286025946, 0.9924875611887966, 0.9967884075074229, 0.9908951275611378, 1.0, 0.9972059481025468, 0.9999682403953253, 0.9518520757863493, 0.9995961374687388, 0.999996193587622, -0.14635133493518104, 0.9999925114830956, 0.9953725969784902, 0.9894636800187226, 0.38475962013675885, 0.9998380358770229, 0.9998381735181834, 0.9885773760690112, 0.9999963904442262, 0.3440481834780642, 0.6720020176412318, 0.9843406034254205, 0.9846077879765341, 0.9861499816316317, 0.2261305702457878, -0.1875606427771531, 0.9921118598050026, 0.9918440906974596, 0.16922858023297724, -0.25324634508873817, 0.9992954317583365, 0.9993877661833521, 0.354783081869374, -0.32785442350195204, 0.9987011654483031, 0.9993029023514316, 0.9931738426676362, 0.3651369123446776, 0.9321445516009501, 0.9990235871120693, 0.9321445516009501, 0.9101366601061035, 0.6209266768703094, 0.9183738341087108, 0.8900504068314179, 0.6897883930575738, 0.4135744209055277, -0.08237755258951614, -0.21101298827068074, 0.9233184325393881, 0.4023255975807179, 0.9682479176765867, 0.9612210296661531, -0.0815184832056899, 0.8308446441962613, 0.803231434271532, 0.8504897362192433, 0.7966091455325507, 0.7639872941749173, 0.7966091455325507, 0.7611911501797156, 0.7640206503785055, 0.7620336266061207, 0.7640206503785055, 0.8377465210893443, 0.3115384066389134, 0.5279525862381845, 0.6099269093845202, 0.5279525862381845, 0.5284344386162955, -0.3612406703888506, 0.49003575969784313, -0.6621870440012697, 0.40808421350222956, -0.12810156088390692, 0.37145280709319173, -0.12810156088390692, -0.15293695791095674, 0.8132646735754991, 0.8231938566152378, 0.8121868258295616, 0.7367953597689572, 0.3801688177005762, 0.816240295058242, 0.8181900392347801, 0.816240295058242, 0.7243270538374836, 0.7243270538374836, -0.24598026313989788, 0.6880216863656851, 0.2519902580117035, -0.5928727625749248, -0.6144317831018876, -0.6175270450544914, -0.10673342535189437, 0.0011691524251581913, 0.35530587142007186, 0.08122618687731466, -0.4290701618775976, 0.09873887236759897, -0.826839410780458, -0.12409380848539352, 0.040360885741199844, 0.040786266793972265, -0.5953824654516129, -0.6076108278025775, -0.05546784865186414, -0.5804891389649858, -0.8437789167975575, -0.3488978740337352, -0.17558692967290654, -0.3488978740337352, -0.2742482505639535, -0.31883100461499736, -0.31883100461499736, -0.8371308299273793, -0.8371308299273793, 0.361729142414183, 0.6002445051254476, 0.49788831185238397, 0.8068331149297656, 0.7577767017374119, -0.3221232342563918, 0.059714945582692094, 0.763093983441919, 0.7818229371056685, 0.763093983441919, -0.14548334288710993], [0.9864866718783684, 0.9694787969886514, 0.5503368200839113, 0.9885601384720799, 0.9948302051464998, 0.9864866718783684, 0.9972059481025468, 1.0, 0.9994727601981661, 0.9435371245927062, 0.9983068667090662, 0.9980050645130596, -0.1556887125517639, 0.9990144838236896, 0.9941044423894757, 0.9819918439899092, 0.362641967272279, 0.999065761113783, 0.9990675883561447, 0.985659192622051, 0.9991742595018255, 0.3168352358685889, 0.6713369375884287, 0.9919150048559905, 0.9823120270532039, 0.9818927304665096, 0.20641290127393613, -0.20253309298366134, 0.9883909230665591, 0.9918017404497548, 0.1487896562869415, -0.2602066712369714, 0.9981453264889697, 0.9980483476897237, 0.3339928035726892, -0.3353629523986301, 0.9961446171512904, 0.9978872206816621, 0.9924448805153906, 0.34253143874585285, 0.9233488432175294, 0.9979763417050186, 0.9233488432175294, 0.907469450054283, 0.6049427269011945, 0.9187775276492733, 0.8858199255720476, 0.662262226858783, 0.4000110460166215, -0.09823951884073845, -0.2247608225433088, 0.9139412452541918, 0.3811210556194371, 0.963410730428028, 0.9555554688642364, -0.09249381761247483, 0.816051108930801, 0.784608834527469, 0.8401998054305011, 0.7792113277695427, 0.7503635465311227, 0.7792113277695427, 0.7462497890528027, 0.7427861467105101, 0.7471872414669214, 0.7427861467105101, 0.8277360442485653, 0.2896714965773155, 0.504794063829885, 0.5916899018056769, 0.504794063829885, 0.5129956649820061, -0.3772434364658849, 0.4727550929631128, -0.6714126096143437, 0.3981424640902781, -0.151994703369172, 0.3530375489391448, -0.151994703369172, -0.16033738250010784, 0.8011611689149036, 0.8039129050879346, 0.7963498767302742, 0.7205375855832796, 0.3626372455568981, 0.8047866664382191, 0.8069634784872903, 0.8047866664382191, 0.7039753275510627, 0.7039753275510627, -0.26308269363571013, 0.7177891378231367, 0.26004205017314125, -0.60300026436481, -0.6286281822710942, -0.6315244667542429, -0.12257685620418475, -0.007696481807956461, 0.3483635612476012, 0.061387646007226446, -0.4428402028490319, 0.08930410552691524, -0.8339456174790595, -0.13073123111969326, 0.02345846848446582, 0.023900922368277157, -0.6083321669577354, -0.6089903503178238, -0.06247501914761432, -0.5994353509748999, -0.844248130864393, -0.3611896246012588, -0.18198266945986125, -0.3611896246012588, -0.29352203197939614, -0.333806327224171, -0.333806327224171, -0.8359826447515714, -0.8359826447515714, 0.3380510347125577, 0.5818971691420334, 0.47809527612560754, 0.7882646543152564, 0.7441298838752457, -0.3455331075152979, 0.0447760504138905, 0.7432546174146696, 0.7656174706424526, 0.7432546174146696, -0.12754291540956125], [0.9915492747951624, 0.9780976519703223, 0.46323437830267117, 0.9934837194938134, 0.9969758399436298, 0.9915492747951624, 0.9999682403953253, 0.9994727601981661, 1.0, 0.9506181624487863, 0.9995434386716399, 0.9999691915181126, -0.31820734707239673, 0.9999736917816033, 0.9910459983235659, 0.9858098646763811, 0.277653645414939, 0.9997805397101417, 0.9997811403750486, 0.9883770268551146, 0.9999661123041045, 0.1189578877312948, 0.6299613508675717, 0.9941957074041377, 0.9941412042364081, 0.9859439612953294, 0.03553086653335692, -0.12723826689675405, 0.9906395116993728, 0.9906018223237937, -0.027994834688148458, -0.21375236764910122, 0.9993173965956686, 0.9992751402203313, 0.7607764405856734, -0.5266999904201255, 0.9986122756303515, 0.9992818248944692, 0.9893491906504901, 0.25454628010552893, 0.9991593477176343, 0.9991647502118105, 0.9991593477176343, 0.9100818167989466, 0.6218903823775309, 0.9179550760641748, 0.8893325633633091, 0.6891309164814832, 0.008072886256227594, -0.5264605089900138, -0.18552061806077888, 0.9184796571886484, 0.3509122940243401, 0.9623735467224398, 0.9614507465086675, 0.8567729095878678, 0.8315773082585151, 0.876369403183954, 0.8512955456917043, 0.8745252598606256, 0.8752654054760143, 0.8745252598606256, 0.7601367599594461, 0.816613872142981, 0.8183328000915493, 0.816613872142981, 0.8390978822101828, 0.7312568631997867, 0.8274938214424328, 0.8289690719141178, 0.8274938214424328, 0.5275340472218369, 0.34887514492660376, 0.4889502775090189, -0.6903740285962736, 0.46695552670172197, 0.4306847693426581, 0.4307179818661232, 0.4306847693426581, -0.10954342481000198, 0.8136499260977321, 0.8229328370008528, 0.8123474297644061, 0.8673311154830202, 0.30598781676271725, 0.8222368454477726, 0.8246245037831172, 0.8222368454477726, 0.8303100449292035, 0.8303100449292035, -0.24826432994333034, 0.688353325183094, 0.07548022396627203, -0.6052789891599156, -0.6556972248251477, -0.6565603155473843, -0.11040920519444873, 0.0033975354288227717, -0.15545468839733328, -0.10342414167481273, -0.4769411409795897, -0.3567810771336857, -0.8775738392912205, -0.5576652374331499, 0.03889852122285962, 0.039870199033890275, -0.5973105182964901, -0.6036772992553084, -0.5236380025897847, -0.5826495351698648, -0.8186846327990077, -0.5937751607771383, -0.5958470994695928, -0.5937751607771383, -0.2767284662494636, -0.32245555511181034, -0.32245555511181034, -0.7983037597917656, -0.7983037597917656, 0.36224991126579736, 0.5989324431827175, 0.822224313120601, 0.8008082341744405, 0.7561666955764577, -0.35093902998697674, 0.6402223088037782, 0.7099533002984494, 0.7101121403990149, 0.7099533002984494, 0.09584539372747558], [0.9732027833296579, 0.9590155426441442, 0.403998490345111, 0.9709788610158965, 0.9606459892608914, 0.9732027833296579, 0.9518520757863493, 0.9435371245927062, 0.9506181624487863, 1.0, 0.9248656310573966, 0.9518868189519819, -0.25690936413645665, 0.9515422607179062, 0.9356991169582768, 0.9322148930568621, 0.08396741879430995, 0.957440884444737, 0.9574167381541461, 0.95203062693097, 0.9520218668570355, 0.047271280653820386, 0.6781566639472362, 0.953791114765207, 0.954005344190769, 0.8284216881578887, 0.13725136990278433, -0.10938507149803418, 0.9603821070792105, 0.9605134850592091, 0.11862629612220876, 0.056740745117547994, 0.9617745973576992, 0.9620613059566936, 0.8541277029163522, -0.4497983108878949, 0.936492513810366, 0.9609271412448034, 0.9453000630455329, 0.061308031367840805, 0.9631481379679776, 0.9631115406092186, 0.9631481379679776, 0.7836563643159585, 0.4169987493615548, 0.7475643086688578, 0.8601008147551759, 0.8316291242180729, -0.5537641988997231, -0.6864231990117807, -0.30386796756115275, 0.8684952393399322, 0.06741635213622349, 0.902999145865755, 0.903049457081217, 0.8607142906228669, 0.85522331314604, 0.8860730502941196, 0.8638322698134925, 0.878029377892247, 0.8788505836333605, 0.878029377892247, 0.8042774680158686, 0.782829691598868, 0.7849369746909699, 0.782829691598868, 0.8560513191899252, 0.8758904710913777, 0.8541967084311722, 0.854978385938126, 0.8541967084311722, 0.6261575867533018, 0.5459037662412736, 0.6274275537838392, -0.40978095638990675, 0.6485273006096929, 0.6692706106436425, 0.6723555694331541, 0.6692706106436425, -0.26735343989141236, 0.8609194157087504, 0.9213970043807158, 0.8787975426171729, 0.8767497590570423, 0.1798310805029715, 0.853038486333573, 0.8543760790822512, 0.853038486333573, 0.8646549523683368, 0.8646549523683368, 0.012593354049341926, 0.2956487078204537, -0.09226264050156846, -0.5143872196302626, -0.40201507027072064, -0.4039721974755159, 0.05512959623722595, 0.38833962210746903, 0.0942625369627008, -0.0387482539717995, -0.36511846695414757, -0.0005914793548261201, -0.8113528377826025, -0.1622409974914371, 0.2769372210447243, 0.2760603234491995, -0.36215303242391206, -0.4388914198402266, -0.31733901249089663, -0.3231744285702346, -0.6848915292474373, -0.3384389438099573, -0.34044384996095384, -0.3384389438099573, -0.06711211761296589, -0.35605461688717105, -0.35605461688717105, -0.5387241574340228, -0.5387241574340228, 0.5650373915610092, 0.6710724203949007, 0.7600309800552086, 0.6706095413701691, 0.8372476667545811, -0.4468775635474933, 0.3854048934854042, 0.561197269630109, 0.5614781554925856, 0.561197269630109, -0.2295860406728534], [0.9822876869744293, 0.9802406393123373, 0.9966561613287069, 0.9872370143231846, 0.9953816490478248, 0.9822876869744293, 0.9995961374687388, 0.9983068667090662, 0.9995434386716399, 0.9248656310573966, 1.0, 0.9995932569334095, 0.9995895261562796, 0.9995450640654563, 0.967716072322804, 0.9584539039680714, -0.38555014658030323, 0.9997390790115782, 0.9997430154783954, 0.9996004378970502, 0.9996003029457816, -0.2648585463895844, 0.96236928261468, 0.9925466404302239, 0.9925202036862689, 0.9891061954083166, 0.023659028232001705, 0.08085306608461251, 0.9893637643915363, 0.9894163912890808, 0.9719660337152155, 0.014648984735250493, 0.9987231476598528, 0.9986660576915044, 0.9984777681356444, 0.9992498874280671, 0.9992067264470177, 0.9987247238582322, 0.9624893996375938, -0.39587285475157574, 0.9984159837813202, 0.9984270365214876, 0.9984159837813202, 0.9036790354860517, 0.47559794315450454, 0.9135772986723434, 0.8871489276940647, 0.6905184285314276, -0.5356186140111279, -0.6577918618003139, 0.7930158483111908, 0.8063028805557934, -0.2939521835892945, 0.9215295609578331, 0.9217289963701707, 0.8553662249243437, 0.86509147602062, 0.8320538706520693, 0.8346756180123105, 0.8412542872627822, 0.8421882366521712, 0.8412542872627822, 0.6677166738407844, 0.6222196496915379, 0.6248770502710831, 0.6222196496915379, 0.8659591536796781, 0.8750087968774161, 0.864497448771748, 0.8659678593387243, 0.864497448771748, 0.3167033696803167, 0.2467782671532093, 0.3747257891211581, 0.49854742675355274, 0.36931124862743353, 0.41729329427356443, 0.41996611978194354, 0.41729329427356443, -0.412795341410731, 0.7766193104268714, 0.8273343529581818, 0.807342334192532, 0.8642180608192334, -0.14737803192937066, 0.7695195726052252, 0.7700640806509496, 0.7695195726052252, 0.7839572407077778, 0.7839572407077778, -0.30886217492275203, 0.6796021327079484, -0.40122661809153876, -0.6983281292268692, -0.5481010241086609, -0.5503822036672353, -0.36963716584945994, 0.15641491839045385, -0.27546175663261585, -0.44920975579596756, -0.6429901547115388, -0.352833679659696, -0.6226504869515089, -0.4186319425923635, 0.027157673881341188, 0.023411027821948687, -0.5652731215164275, -0.5304637285896939, -0.5493097171015358, -0.5833706374151636, -0.5776473008713848, -0.5525406901497198, -0.5554972276121815, -0.5525406901497198, -0.4397473531670055, -0.6053218263309091, -0.6053218263309091, -0.6068573571494551, -0.6068573571494551, 0.3573528269742798, 0.3541470164025903, 0.4697226040166243, 0.5521508457639779, 0.550001855929498, -0.5526590990877136, 0.29460372777257426, 0.3135771497127155, 0.31374334168745904, 0.3135771497127155, 0.2184300430638863], [0.9909394379684379, 0.9783620390882, 0.5618650657599691, 0.9925198118739798, 0.9968072399862076, 0.9909394379684379, 0.999996193587622, 0.9980050645130596, 0.9999691915181126, 0.9518868189519819, 0.9995932569334095, 1.0, -0.14601935234235602, 0.999994383073474, 0.99537245715238, 0.9899025318036048, 0.3848535251603924, 0.9998394642915409, 0.9998395794432265, 0.9886212770785722, 0.999997029754571, 0.3443812770244925, 0.6720708195543058, 0.9897795678148127, 0.9845963539594843, 0.9861314947309278, 0.22640859042763922, -0.18750693260885956, 0.992113504336291, 0.991857227593177, 0.16947318067362901, -0.25321737663165816, 0.9992978610831817, 0.9993923951495876, 0.35475294060525286, -0.3276349423133282, 0.9987031213355145, 0.9993116601554376, 0.9931722270258844, 0.3652377476262802, 0.9321268196714992, 0.9990267328981479, 0.9321268196714992, 0.9101721848222099, 0.6210901223401777, 0.9186139110158555, 0.8902832473409297, 0.6899463416968579, 0.41398473335201685, -0.0819072603757652, -0.210631632223107, 0.9234061123251011, 0.40242205410175047, 0.9683470415331412, 0.9612945877666321, -0.08132150341320261, 0.8310031880490987, 0.803340240757889, 0.850608615714365, 0.7967154337854169, 0.763925583136183, 0.7967154337854169, 0.7612676933990821, 0.7640827751577828, 0.761966676753936, 0.7640827751577828, 0.8379068016522737, 0.3114034284097435, 0.5279609410975058, 0.6098335218409235, 0.5279609410975058, 0.5283723161227468, -0.3612633578094703, 0.4899870480589051, -0.662080204546577, 0.4079637225729232, -0.1282362863138489, 0.37149222877292626, -0.1282362863138489, -0.15308878604314374, 0.8133362497810943, 0.8233332081014064, 0.8122831892039156, 0.7367866599463977, 0.38027133748395364, 0.8163255093154977, 0.8182700724325497, 0.8163255093154977, 0.7244053439614546, 0.7244053439614546, -0.2459697387640842, 0.6880266636287669, 0.25211102988099626, -0.5928740340317014, -0.6143457533809102, -0.6174468128858118, -0.10681361690858537, 0.0010142429712187867, 0.35548473054842317, 0.08125864945617753, -0.4290981570384916, 0.09900970891061692, -0.8265631433586579, -0.12379103967551842, 0.040396151376903854, 0.04083726549707085, -0.5953709511072158, -0.6074272060797351, -0.05520734024191553, -0.5804694294310275, -0.8436687643482824, -0.3486601294912114, -0.1753698354184961, -0.3486601294912114, -0.2741030821614153, -0.318788774299888, -0.318788774299888, -0.8370777322837266, -0.8370777322837266, 0.36224212260912814, 0.6004027482753985, 0.4981463219901359, 0.8071028271532327, 0.757871702780632, -0.321888913605928, 0.06000792384136446, 0.7633558131146138, 0.7819471954625263, 0.7633558131146138, -0.14550907630865123], [-0.12846446309429851, 0.9783224567043568, 0.5141485755786954, -0.1327997267891285, -0.3427480055699637, -0.12846446309429851, -0.14635133493518104, -0.1556887125517639, -0.31820734707239673, -0.25690936413645665, 0.9995895261562796, -0.14601935234235602, 1.0, -0.14539584479984885, -0.14391153540648774, -0.11984761920401245, -0.2935328855719887, -0.1468394546857921, -0.14728528856535977, -0.2689974601763876, -0.14688180892097513, 0.026063459049556172, 0.30920383584299455, -0.18006321046773616, -0.18040086387700835, 0.9861108175842198, 0.24873600683550023, 0.18650264109949177, -0.1828910556406579, -0.18350926045201152, 0.5375096392644899, 0.12085936919061975, -0.1441908855004312, -0.3034692565091177, 0.1680302154153552, 0.9594127872507936, 0.9987014259467519, -0.3349606524567759, -0.14154819897245546, -0.2834386876530143, -0.14452757602647787, -0.14537640492818743, -0.14452757602647787, 0.9102530714974223, -0.1180389539929334, 0.9185875292291396, 0.8902283093367166, 0.6899329633261158, 0.08430175617692309, 0.2538101853274398, 0.6445893156498524, -0.2650584163162543, -0.2971010586324929, -0.06384468441537652, -0.29935141711128566, 0.03106703901593258, 0.28104040584707335, -0.01747342881845777, -0.29981139251071875, -0.015278806361617952, -0.005459788990976552, -0.015278806361617952, -0.40612367568594676, -0.10296504699615111, -0.10507542937704256, -0.10296504699615111, -0.1984354166870755, 0.07288921827344144, 0.04965639170000618, 0.049631978443131795, 0.04965639170000618, -0.4070305452996506, 0.006934331143687583, -0.3710731695915402, 0.6209766822063456, -0.33959165804335895, 0.008816846174900587, -0.05795847265521044, 0.008816846174900587, -0.3069011536632019, -0.33424918348460997, 0.8233060085198469, -0.11132135202279998, 0.01780114195758975, -0.22062319150579238, -0.2572604262666288, -0.2567171647661255, -0.2572604262666288, -0.023602823190486004, -0.023602823190486004, -0.22605276132295268, 0.6879561825900268, -0.16212598705558187, -0.021233760673879856, 0.19647310374112614, 0.1950348215913583, -0.2521628045297615, -0.008557387025712553, 0.019688339450689582, -0.17477569711324623, -0.11266176034203974, 0.04129394057448261, 0.3834684770737841, 0.11329334249688111, -0.03980175094343532, -0.04370709579343154, 0.08481982861072446, 0.5696424642799744, 0.09136516019682119, -0.19570156007627476, 0.6118196436152267, 0.09529644280341741, 0.10334461564950596, 0.09529644280341741, -0.23899171307612949, -0.19718449904043275, -0.19718449904043275, 0.3224711375307597, 0.3224711375307597, 0.36235181673192884, -0.25119410609497067, 0.018341473645506954, 0.09215555490085509, -0.24680910398505296, 0.07163462963892331, 0.1544424989330204, 0.1056573702452824, 0.10558941350775658, 0.1056573702452824, 0.1254225789068803], [0.9910042077050658, 0.9781435177031444, 0.5621929472588911, 0.9925568106351327, 0.9968382370906339, 0.9910042077050658, 0.9999925114830956, 0.9990144838236896, 0.9999736917816033, 0.9515422607179062, 0.9995450640654563, 0.999994383073474, -0.14539584479984885, 1.0, 0.995093933639454, 0.990849406114139, 0.3849697727052641, 0.9998425071280597, 0.9998425368058901, 0.9887808910426691, 0.9999943958523817, 0.3450707909113157, 0.6719129531075405, 0.9932782409328079, 0.9931668792889637, 0.9860124995243744, 0.22669795545608362, -0.18755160525105094, 0.9928587456611011, 0.9929033580892156, 0.17026937286119204, -0.2530453461352617, 0.9993481643377595, 0.9993914501035424, 0.35368940180694597, -0.32677211672286693, 0.9986412392244456, 0.9993147991776685, 0.993389864633916, 0.36537924953844747, 0.9316111278455819, 0.9990828753856337, 0.9316111278455819, 0.9104537566295495, 0.6218279446442453, 0.9189684719185756, 0.8906455589415123, 0.6896326881661886, 0.4154066701672512, -0.08028294074695677, -0.21083597053102288, 0.9238059680986255, 0.40271189844216737, 0.9687688401225885, 0.9616606351288457, -0.08235592569940743, 0.8312859100121126, 0.8032604264303107, 0.8508701411328826, 0.796676546791649, 0.7635221515539131, 0.796676546791649, 0.7614643919263219, 0.7640375186002756, 0.7623874980890486, 0.7640375186002756, 0.8382585464541511, 0.3107114595442709, 0.5274405710779146, 0.6098654528805192, 0.5274405710779146, 0.5282013205196988, -0.36245261728352307, 0.48988708599015923, -0.6622348790759195, 0.40756642438593216, -0.12925729192833152, 0.37113936558815347, -0.12925729192833152, -0.15303170739829394, 0.8134729414113089, 0.8229353535956745, 0.812383002981398, 0.726995096221553, 0.38066151686569477, 0.8164508614380231, 0.8183844574925059, 0.8164508614380231, 0.7242106573016059, 0.7242106573016059, -0.2476248485190586, 0.6889320490628376, 0.2526251602445781, -0.5928576442108189, -0.6147353532088291, -0.6178411737844082, -0.10800887865748819, -0.0002632961623500923, 0.3557909004621609, 0.0807976395812303, -0.4293690636085452, 0.0990868012467347, -0.8256784036015805, -0.1236321091638743, 0.039333442225419915, 0.03976950781275593, -0.5960214017359883, -0.6077214602341661, -0.054617414581366014, -0.5818499437003619, -0.8436569604519567, -0.3485958639936291, -0.1748023249268793, -0.3485958639936291, -0.27512497149505205, -0.31927717609788453, -0.31927717609788453, -0.8374288347189528, -0.8374288347189528, 0.36241080717739443, 0.6000730700296512, 0.4975907504980481, 0.8075539751918245, 0.7573033257417466, -0.3214032008161128, 0.05932197095910513, 0.7637590853780002, 0.7825564901671532, 0.7637590853780002, -0.1451811464455554], [0.9844787155532431, 0.9406039421088938, 0.5574935162830369, 0.9859683901212675, 0.9866652431518509, 0.9844787155532431, 0.9953725969784902, 0.9941044423894757, 0.9910459983235659, 0.9356991169582768, 0.967716072322804, 0.99537245715238, -0.14391153540648774, 0.995093933639454, 1.0, 0.9975069258355819, 0.3897098739439532, 0.9943384716896019, 0.994337817868732, 0.9812818137327861, 0.9950509874602872, 0.34410310193618027, 0.6635205959082804, 0.9876898842258611, 0.9788174274852892, 0.9103295072914379, 0.223250242794079, -0.18770539992312366, 0.9885024975191078, 0.9884372652337502, 0.17004908710844618, -0.25557212525019984, 0.9947188275048539, 0.9912390441210889, 0.3486136509358262, -0.3228492525942505, 0.9681133660433393, 0.9901840599696267, 0.9985315507329878, 0.3702723458056281, 0.9253942655802608, 0.9944850975459201, 0.9253942655802608, 0.8802470639086507, 0.6209108438919666, 0.8422354763313242, 0.8142952087635251, 0.6664341923172437, 0.41619945502379757, -0.0764124958318269, -0.21158271766260148, 0.9182647886643052, 0.40335668486553605, 0.96548994306406, 0.9543641529069558, -0.08732479865144499, 0.803857950696064, 0.7968371958809977, 0.837461555191959, 0.790052271685775, 0.7616769504049787, 0.790052271685775, 0.7444033687671914, 0.7581222910629074, 0.7599168642256051, 0.7581222910629074, 0.8224016214438042, 0.3058630498689128, 0.5212526799029005, 0.6069766210846457, 0.5212526799029005, 0.5196375746705498, -0.3649183200521518, 0.4798130917821596, -0.6599004122880138, 0.39880624033881334, -0.13154526636549835, 0.3672599786908894, -0.13154526636549835, -0.15522132516324313, 0.8003675006008399, 0.7884940142824057, 0.7903903841751913, 0.7346380537556764, 0.3876523432695837, 0.8057549912235777, 0.8081542137138528, 0.8057549912235777, 0.7176457292895243, 0.7176457292895243, -0.24882247869420135, 0.6516543237289033, 0.2525119335123709, -0.5790130126151629, -0.6110212704936997, -0.6138852546660225, -0.10546102564747063, -0.005638092706310821, 0.35814784404550265, 0.08562619560164954, -0.41659346698666816, 0.10237520885971128, -0.8211826543332091, -0.11919276051806167, 0.03434604711604614, 0.035224923990126, -0.5923528183278272, -0.5998040487556006, -0.050022878021269965, -0.5724168370053972, -0.839373331960535, -0.34411590421104093, -0.17036419832849947, -0.34411590421104093, -0.2715202688965295, -0.31619750974472954, -0.31619750974472954, -0.8333554966790553, -0.8333554966790553, 0.33761098942359635, 0.5943564195566879, 0.4944293860130399, 0.8064386402335704, 0.7498159786406697, -0.3173500365726402, 0.057051330481110135, 0.7635844066083607, 0.7831905762251268, 0.7635844066083607, -0.14346458008528337], [0.9845630025022699, 0.9398654457090245, 0.5916459094812236, 0.9860616901378322, 0.9838887822138113, 0.9845630025022699, 0.9894636800187226, 0.9819918439899092, 0.9858098646763811, 0.932214893