var element=document.getElementById("correlationAdjClose");if(element.style.display!='none'){var correlationAdjClose={"data":[{"type":"heatmap","z":[[1.0,0.9999950205693395,0.9869973400222222,0.9999383701665119,0.9992143704392977,0.9825566453584025,0.9978767008328748,0.9965004846832474,0.9718306581060006,0.9966359310119481,0.9948411463137524,0.9940495656107018,0.9965842528473177,0.996612576807641,0.9965406998883978,0.9978168730014937,0.998174744042195,0.9983287410479218,0.9969902717051736,0.9969993029851795,0.9969284339909067,0.9965577617087346,0.9889413771574191,0.9740831369746117,0.9913263051283475,0.9599872176723616,0.9905305224034544,0.9884804849257508,0.9715694987371302,0.9572397721488638,0.991613001374899,0.9933708684635386,0.992870820551396,0.9800639836777333,0.9977914108726168,0.9978595929736569,0.9976719281017796,0.9966816997044082,0.9955790311424912,0.9977602311767008,0.9986246832473542,0.9986550475904996,0.9977897412029758,0.9977985155131596,0.9784921219018631,0.9332663164571089,0.9581241094988246,0.9508916477501339,0.9498579260271748,0.9301873372563099,0.9653402568725582,0.9539322478962506,0.9672489451227315,0.9709215220037357,0.9596081400757298,0.9849806495668826,0.9832089962123973,0.9914812616844688,0.9938564584560137,0.98838738290526,0.9840406692317464,0.9884163556025715,0.9875496000289921,0.9889494851450495,0.9888514754981883,0.9535497188432229,0.9779203125481261,0.9769504997904284,0.9767720337460803,0.9390003738703058,0.9836870169394644,0.9803813132791426,0.9870401561903701,0.9864433967511441,0.9444960039880568,0.9066676532658531,0.8792307462029737,0.920552240582722,0.9345621848745755,0.932935880377242,0.9328842210341267,0.9317524181638916,0.7502480664663319,-0.5205711981010736,0.9815058107029624,0.9773583465478313,0.9751192187985973,0.9889554926466018,0.9744492621000184,0.9848985572145594,0.984899063087396,0.9433524546623938,0.9858784477760292,0.9460522859995977,0.8208016782898402,0.9275124482626863,0.9396771721975619,0.8374526599777844,0.9588594403465376,0.9595150114227204,0.9044193469673865,0.9701884176677927,0.8949163699548607,0.5618271421471377,0.7351122882428835,0.9024290346251413,0.8750586066756613,0.893952981221795,0.9772941274403208,0.9774490466620613,0.7925806374618198,0.7638781811084737,0.8249390312593976,0.4836786618930773,0.8109175033446744,0.8289792379372581,0.8241309000763622,0.818007211360081,0.8021477546051335,0.7580020407210409,0.7432674856395479,-0.30341035756627177,-0.44390950020728903,0.7440757772562233,0.8936476162318333,0.9291308725940537,0.9419316520817747,0.9067397200051183,0.83547017351408,0.9105588635437292,0.9231033013571278,0.9229562349551875,0.8610272010600114,-0.11777462570260608],[0.9999950205693395,1.0,0.9911763315130255,0.9998719008388411,0.9983488403930633,0.9898208454682721,0.994250330860639,0.9922881248180682,0.988636875016905,0.9922908742792832,0.9923244246099346,0.9934304801297301,0.9923640249292875,0.9922852387946204,0.9923372560558306,0.9942596119546229,0.9963431007298899,0.9958504573135536,0.9939971986210671,0.9940044347138728,0.9923263828739527,0.9923700099063864,0.9930802238235367,0.9793791696640022,0.9893831684925858,0.9844281970454225,0.989492348630932,0.9884038473149875,0.9829828715422517,0.9441211194270223,0.9894190330150219,0.9878566542304718,0.9834805692196777,0.9471645278373195,0.9952064880621131,0.9951692287883334,0.9953887970190509,0.9926488582721762,0.9950336964874648,0.9954102524571725,0.9965907918855117,0.9967919926072364,0.9953991205932952,0.9954098926398933,0.9922047936590808,0.9328758467875892,0.9134279603296248,0.9505986628057552,0.9496923033320743,0.9301717547282875,0.9047674163742285,0.9398490595819963,0.906557348564656,0.9337262786063173,0.9048633231045459,0.9629070252066477,0.9629001358579506,0.976332070223403,0.9853147446304903,0.98526032303435,0.9863135969309883,0.9803511005710788,0.9838427396127021,0.9814412894697208,0.981345115042311,0.946200287704417,0.9669322608691538,0.9383522528079773,0.9380778952692524,0.8747025359101426,0.9838767146645093,0.9849255239154449,0.9850777883844495,0.9847232944456676,0.9597935482809108,0.8318780299084787,0.8036129444194419,0.8750796160058357,0.922741531775863,0.8891281787639654,0.9063388066937659,0.905463653385175,0.8036688322977835,-0.06539051844118696,0.9736653148401637,0.9757934897860457,0.9733893929018963,0.9856025472859516,0.969567779344444,0.9757431899270308,0.9751901440141317,0.9359231954626006,0.9768897279131425,0.9375404429672339,0.7671893739024008,0.9271883479965761,0.9275368208909732,0.6266760991237817,0.8718502625188703,0.8753199991751269,0.7767430474024993,0.9704894860173032,0.751829582203942,-0.33247338246860236,0.2810822224703924,0.776730593219011,0.7291570385642829,0.7697615513939848,0.9719580326633825,0.9719791063481781,0.24425297676612379,0.41623151173026957,0.25189495465452955,0.2232021418794627,0.24464193649578353,0.2569038563312419,0.2537625389209232,0.17393898064225044,0.5894335197146645,0.32238969121701994,0.2722417705334191,-0.4373871052089964,-0.4879101512764079,0.7430536863798117,0.7755706860718987,0.7979315234297398,0.863442215366713,0.8329290363476222,0.636841241738984,0.7962128073072964,0.7932526797826478,0.7923023908046584,0.46921717118251993,0.26899760680961515],[0.9869973400222222,0.9911763315130255,1.0,0.9881888995358312,0.9935410197299026,0.9914352793502181,0.9892226977525005,0.9900676286968353,0.9916706257510369,0.9926361285221724,0.9965389218159015,0.9957328736149013,0.9899093245575105,0.9919283498388485,0.9901196842509346,0.9896494176564945,0.9907778118055502,0.9898160429441378,0.9887169130674125,0.9886949253501665,0.9915358992445419,0.9899510207772997,0.9954152119074506,0.9862676180520348,0.9913160939882464,0.9824966951612225,0.9919811405706266,0.9893049908880863,0.9879371037494589,0.9642218178341173,0.9681391971071597,0.9726387774789188,0.9771238310576622,0.9585032302736717,0.986654369899079,0.9897730462561519,0.9881742857600789,0.9916847029624534,0.9946445069963871,0.9906267238501467,0.9848188509908483,0.9878423230971953,0.9870668091035499,0.9864608800441511,0.993091868927234,0.9293646666953412,0.9436714248755277,0.9579745147081494,0.943683519587539,0.8970427810226385,0.9239203920648182,0.9116704025135715,0.9268347485134145,0.9373730640121102,0.9202718047516877,0.9512782394429413,0.9616125371823401,0.9691144166182346,0.9762843123438367,0.9476024344111951,0.9703844318035066,0.9695093284400109,0.9753510610981166,0.9697185109325065,0.947107528895065,0.9300003990994715,0.9560649629063439,0.9469093463982412,0.9301857299484716,0.9041726971257368,0.9758594185752462,0.956803307057471,0.9686184297625464,0.9492289170746389,0.8582806332125444,0.8775148016489754,0.7989588591136987,0.8927886709709054,0.9117904359123772,0.9142918840582127,0.8822527157280594,0.8961694863535299,0.48783105524119924,-0.5022177382186203,0.9670194588738174,0.9564159280533564,0.9558961449830489,0.9474857912069289,0.9617400700985458,0.9693191071747449,0.9689625099024126,0.9375890265020816,0.9653966421663135,0.8975524267167291,0.8069955962053537,0.9593420595991394,0.9587933278119144,0.8225854129731259,0.9474201009162793,0.9488437399688714,0.8775956871564672,0.9810285745890568,0.7751975592915845,0.46637029098558475,0.6814382842129361,0.7989081616036638,0.8033033031769843,0.7797947649564627,0.9827131943608061,0.9827583494400948,0.7261072598918235,0.7160621206759589,0.7103730166305647,0.43734586627752126,0.7144552252332231,0.717444322629537,0.7234102013015592,0.7181873195599522,0.7682181462809338,0.6969754989010951,0.6813996331380185,-0.35809814948538676,-0.4984097796229658,0.7179652203008516,0.8578939608297729,0.8758485046271693,0.8888108763719579,0.8803715312845805,0.7727970577336928,0.8589802608844976,0.8664139206324718,0.8726456076469675,0.7400838244857899,-0.04146222368866821],[0.9999383701665119,0.9998719008388411,0.9881888995358312,1.0,0.999424802207747,0.9835488519426211,0.998077267017254,0.9968575762063989,0.9737450235411254,0.9970424782999187,0.9954839951089557,0.9948764453668318,0.9969255600896438,0.9970365780112689,0.9968973925995447,0.9980443959010659,0.9984615677530804,0.9985510595083672,0.9973004439385337,0.9973076838146783,0.9972725936009709,0.9969034978712791,0.9899824815907641,0.975310678992701,0.9921570511385719,0.9622223253947031,0.9914541367966454,0.990055544341639,0.9733067306964341,0.9582882642127863,0.9909856859136347,0.9929049462644601,0.9927936401674016,0.9796929106476041,0.9978478517479469,0.9980336401148897,0.9978558285817566,0.9970714809061143,0.9960477479809503,0.9979678925758204,0.998521440023054,0.9987222677289896,0.9978428342253127,0.9978492199214974,0.9800732372709804,0.9303671806508674,0.9562970739850393,0.9505556924071719,0.9477958428028076,0.9250499223132079,0.9626574427742981,0.9509312077124153,0.9644850619230239,0.9687772879601294,0.957162538057267,0.9830686566273904,0.9819065169460364,0.9906963735605192,0.993644499470139,0.9872071052936379,0.9830402039747468,0.9874095640944593,0.9870280254851436,0.9878760744087259,0.9877703424831589,0.946193629157298,0.976852766048394,0.9757847037681406,0.9755996748826145,0.9352099030977027,0.9832718269247713,0.9780565955631972,0.9858585846262359,0.9852315171640166,0.9287543100736135,0.9054458619727465,0.8761594908442247,0.9191256737971593,0.9322565760519216,0.9325515953545609,0.9308817370029432,0.9297823123097946,0.6732089859372455,-0.5200461263533861,0.9807908636610335,0.9762486862606143,0.9738320187886345,0.9877773247425966,0.9738885402854419,0.9842780162041194,0.9842758875301603,0.9430282885976098,0.9847207248343045,0.9349126820892301,0.8238173790488311,0.9317251614097455,0.9430805980849727,0.8388367421437379,0.9599481172097565,0.9606256705578105,0.9040230592422049,0.9712332292104531,0.888963073727334,0.5583102778780977,0.7334798873811438,0.8970915825809159,0.8714095725860872,0.8883443875783941,0.9780120267632499,0.9781727900898515,0.7914716222419927,0.7640502359776562,0.8171451963569862,0.48511965627839193,0.8050317107879099,0.8209175674786298,0.8159982627332741,0.812625524840217,0.8041517236811946,0.7579194634965094,0.7432486138225072,-0.2988065419853655,-0.4431867982887088,0.7429977537956297,0.8920858975037902,0.9273249620532285,0.94016033816437,0.9057614275039633,0.832905292733554,0.9086145629154122,0.9209172970023463,0.9209186510138878,0.8543241377742197,-0.11096593559939734],[0.9992143704392977,0.9983488403930633,0.9935410197299026,0.999424802207747,1.0,0.9856885526706114,0.9989787684308168,0.9986012989057252,0.9845569421267969,0.9985978236272144,0.9982358293087985,0.9981367392447302,0.9986126067020231,0.9986281901828213,0.9986317577871693,0.9990910209854782,0.9989036977914539,0.9992448642087737,0.9988476005516722,0.998847070254116,0.9986652013283108,0.9986143848240384,0.9950437804450991,0.9820311729329969,0.9954802972724563,0.9773324302214851,0.9955079634186599,0.9930660140798026,0.9843581655333957,0.9609617755608243,0.988915645559437,0.9916991580133993,0.990487433553446,0.973126127195721,0.99882387012966,0.9988952129532234,0.9989326656238798,0.9987282386807517,0.9986200300778378,0.9988934517633573,0.9989376444055642,0.9991591499166818,0.9988547890690836,0.998854195606149,0.9884902908397311,0.9384346896679204,0.9556993342667,0.9555564659873641,0.9465966529357296,0.9206125722590459,0.9532676019962071,0.9490911443875654,0.9574090591903633,0.963834828372463,0.9523108853450585,0.9818207436234744,0.9817528589024109,0.991108278817934,0.9936096840175119,0.9835537770183915,0.9771497448508193,0.981742321283329,0.9833975194482012,0.9821639822845244,0.9820346603615963,0.94302305569045,0.9692839645570203,0.9605350844441172,0.9603276710918541,0.9089305424720162,0.9804520840475752,0.9767715053681821,0.9821542822674707,0.981414753739188,0.9418872797351745,0.8886688493207623,0.8589687509343562,0.9061069818087912,0.9368599613224886,0.9245749229913597,0.9301844812038083,0.9292979924271935,0.7986820692284963,-0.5074680663791455,0.975036053927973,0.9664591796266205,0.9651406815919794,0.9842876175619648,0.9646017252013339,0.978292717114359,0.9780189278784424,0.9349357156359885,0.9793798728054882,0.9364082037960898,0.8145604971256102,0.9438782557170731,0.9606747280271049,0.8099598892905605,0.9499502247511508,0.9511744816413267,0.8998591134355525,0.9755726923940785,0.8942153637005896,0.39517627051830734,0.6836775116989453,0.9001370763832867,0.8571161321350866,0.8965421821929496,0.9813242185653746,0.9814448455828627,0.7615365507106677,0.7504034902765796,0.7653013050035221,0.4656508215973656,0.7269982636515873,0.7692697294973181,0.7653127019526187,0.7313326023739062,0.7937011081554529,0.7459542115753508,0.730426337783843,-0.4921137489943209,-0.5754109135313047,0.7369664730109535,0.8887694529173009,0.9173062284782063,0.938810254900024,0.9056017417931624,0.8198335002002343,0.9042820517391114,0.9122602594679518,0.9117795855577886,0.7989946372824916,0.09956494670309583],[0.9825566453584025,0.9898208454682721,0.9914352793502181,0.9835488519426211,0.9856885526706114,1.0,0.9788674248567466,0.980420360368956,0.9938111043533684,0.9799438857725014,0.9764730577181829,0.9757966879534625,0.9802209930945375,0.9807463171652449,0.9804896306437696,0.9801797807334148,0.9840675928722233,0.9809388702883861,0.9807496815810187,0.9807959178999704,0.9793090436292763,0.9804085523616334,0.9933664263595153,0.9936711148465542,0.9826516338410659,0.9888119853054934,0.9832554120545723,0.9769289629808422,0.9883523230662339,0.9757480472320368,0.9551570960764599,0.9616917926481531,0.9722744507723311,0.9644340112626205,0.9785572574505724,0.979082703331736,0.979946947509504,0.9811600847303096,0.9767623356554843,0.9796352839350005,0.9780080753396716,0.9798620407908224,0.9788740923594649,0.978928242799328,0.996210026762786,0.8953455862877384,0.934664572048635,0.9406985396330526,0.9490301979989274,0.9110733214381246,0.9168909809402324,0.9128129000416425,0.9200177304087427,0.9398788128515675,0.9182700508237387,0.947242710204415,0.9541844490533608,0.9609071934573177,0.964889003979794,0.9738704026154924,0.9897169289123877,0.9771350680988956,0.9867404033133553,0.9767406538371131,0.9762452251174952,0.9782166749352142,0.9756643554337493,0.9588512950904242,0.9583328213612308,0.953273183377919,0.985299761823947,0.9785212575702236,0.9744685191865102,0.973447758347689,0.970708623939452,0.9176183036401512,0.8786192548188773,0.9315364316677813,0.9311153964539066,0.9405201748615993,0.9220768199309118,0.9200868812793594,0.7913001650823809,-0.45288435411722655,0.9851560583208739,0.9869911970610995,0.9838150726786483,0.9746671421137938,0.9790361099252651,0.9836818396280166,0.9833137351907423,0.9720871437061309,0.9740995557336589,0.9718796041296595,0.8245965416712617,0.9075798696877347,0.9606995170919541,0.8540106104182313,0.9474170224330757,0.9482266847354253,0.8648141252850235,0.9584800071569126,0.828012634771511,0.4721498725995262,0.6937907358005225,0.8383179293296894,0.818278566781203,0.8284112665055945,0.9577486064388326,0.9578799850320879,0.7410739789565137,0.7372911448481771,0.7464435985528678,0.4874337860164201,0.7473466860447291,0.7514283566658696,0.745368401057423,0.7447091489414727,0.7798845059120346,0.7122039854545997,0.7005419276964464,-0.3235755133212914,-0.45353469538163155,0.7513683345961607,0.8520747317293421,0.861183754962644,0.8829683454117361,0.8602820719063451,0.788339483343921,0.8456474318285642,0.8540211469868467,0.8541225342090446,0.7997439097675109,-0.06503818404143233],[0.9978767008328748,0.994250330860639,0.9892226977525005,0.998077267017254,0.9989787684308168,0.9788674248567466,1.0,0.9977345380385673,0.9567249225540931,0.9996497809562852,0.9996273167675298,0.9996588555761182,0.9985735851562315,0.9995185247711851,0.9992692675951823,0.999895422896613,0.9969323970637455,0.9999063758082547,0.9994485089235633,0.9994526479344067,0.9997422248339369,0.9993967858564963,0.9907016898305331,0.9747080099338346,0.9868502006467091,0.927961803178378,0.9940679560228615,0.9934930962843851,0.9746570947796471,0.9538335880460684,0.9914786879797954,0.9921343766658082,0.9941245209709564,0.9776225418712675,0.9991096472754845,0.999868888424651,0.9997457188576958,0.9995156030907123,0.9998000515902805,0.999856499865079,0.9986655761089995,0.9997633546506841,0.9994541512710027,0.9991454193592259,0.9793894289008401,0.9442483702901014,0.9578482027286876,0.9577024047252679,0.9454466035590152,0.9185606992785293,0.9598115216728083,0.9506198747623854,0.9622093623562722,0.9665187789806782,0.9570136742851942,0.9828806608750288,0.9831092394259733,0.9925970946246384,0.9963670243106387,0.9558321531120209,0.9644229958542895,0.9741783192058185,0.9749426054483057,0.975596173795165,0.9557584546782458,0.9040927940353236,0.9597943637433097,0.9634818730474086,0.9476070732761932,0.890537087426378,0.9708575812560503,0.9487731593169707,0.9719064862611277,0.9561394717782586,0.8150296812654269,0.8795231393849304,0.8123876022699952,0.8924457147682598,0.9086367182127264,0.9127062169075447,0.8942160342547426,0.904853417964027,0.4315137485306243,-0.5564199097170004,0.965231773659404,0.9517710636445156,0.9518157295835785,0.957099959054669,0.9597551151919821,0.9712835717729289,0.9713713969001833,0.9219923193116824,0.970149752454069,0.8651547415185233,0.8078451023169553,0.94426563123043,0.9409086740711021,0.8248831691922052,0.9573795640845272,0.9581958987983501,0.9044166935513953,0.9751144790025736,0.8339222356974972,0.5573226642249149,0.7286207445810775,0.8588388320454207,0.8545807770611866,0.8402986143695224,0.9818348439770251,0.982004789778284,0.7849813095222341,0.7484338280064258,0.7831189343302837,0.45898649842446565,0.7857337715850494,0.7973560543442206,0.788008003504407,0.796912814170388,0.7918125845440118,0.7531771949892606,0.7366618259040378,-0.31049911425411314,-0.46281208641272487,0.7468335571454959,0.8943127975338941,0.921692703618241,0.9423379162167765,0.9129574781355585,0.835475528037889,0.9108464421455035,0.9267870512673155,0.9252460862021767,0.7839132563037677,-0.0846939900308694],[0.9965004846832474,0.9922881248180682,0.9900676286968353,0.9968575762063989,0.9986012989057252,0.980420360368956,0.9977345380385673,1.0,0.9671147938682713,0.9999998420717838,0.9999993828439456,0.999792725469979,0.9999971420274376,0.9999934954328703,0.9999984149767863,0.9993926895135063,0.9922652178160578,0.9995174843238375,0.999915856940993,0.9999154348565502,0.9999684271767171,0.9999988528231366,0.9913154077068449,0.9765645373460511,0.9933826776469569,0.9417347114292729,0.9945641358860945,0.9921095493722849,0.9768778703070161,0.9536820583256291,0.9878581336516257,0.9937827009004773,0.9928071910083756,0.9749653825121991,0.9994972594803335,0.9996111998715087,0.9997053319507577,0.9997661646326592,0.999351711191287,0.99955718900351,0.9983807596532367,0.9989635899439652,0.9995713725491436,0.9994468575968434,0.9812069581277936,0.9442076099311325,0.9556681758349882,0.9608770005368953,0.9452213093102019,0.9105410066567503,0.9580605491126913,0.9464900764282147,0.9601487240771477,0.9616343707740928,0.951602956331575,0.9809490468456279,0.9805051037392621,0.9916759769182868,0.996681304010795,0.9517563575615955,0.9617587784843227,0.9695200588427856,0.9728729095641279,0.9712577868557767,0.9544696589175607,0.8997522795914349,0.9564861811504188,0.9584572397970874,0.9433522267908732,0.882812269525976,0.9690035542119169,0.9439333600357201,0.9676575910955675,0.9523430620889078,0.8058643717086011,0.8741799512501484,0.8089545755904717,0.8869789273533984,0.9032921903926906,0.9096579962694046,0.8907726451931092,0.8995731369220787,0.4173990056581222,-0.5590821496006021,0.962447665703218,0.9478341492606396,0.9478728033725333,0.9554969654868963,0.9569720980312585,0.9685885369733794,0.9686666459417701,0.9196503584663114,0.9651054075574451,0.8580389533172165,0.8057066338723927,0.9550181058029071,0.950433924753742,0.8228028595487812,0.9574247129496727,0.9583710664529239,0.9019604462262556,0.9785613629805607,0.8361099528986262,0.5429515843872333,0.720472637156302,0.8592316958618966,0.8512968847797275,0.8417816040520714,0.9839364021789806,0.9841084036147866,0.7766554509498994,0.7417634476709338,0.7837912170991531,0.44837010541320593,0.7806669541045875,0.7926333073614713,0.7878458577811913,0.7912962399132139,0.7864096393550762,0.7477938142398786,0.7307855639077664,-0.3250813060590076,-0.4762522839452622,0.7367049072608263,0.8874780947064672,0.918952594219753,0.9351434353639405,0.9076420051109882,0.8256280996084505,0.9046181857168483,0.9205909422531997,0.9192716970829659,0.7664023363457116,-0.06813151094990721],[0.9718306581060006,0.988636875016905,0.9916706257510369,0.9737450235411254,0.9845569421267969,0.9938111043533684,0.9567249225540931,0.9671147938682713,1.0,0.982182657587264,0.9869646634073749,0.9894635146075637,0.9706963031319137,0.9790515802236365,0.9755515949599288,0.9737858992243346,0.9507848568237752,0.9785872125293157,0.9761712322550289,0.976165717751161,0.9806403241983424,0.9754307653293676,0.9938550838345099,0.9938534401174012,0.9801494987218673,0.9904122269544864,0.9833913387309021,0.9919257954788991,0.9914590292182113,0.9719074625663404,0.925899315555798,0.9475377239073225,0.9652251240597443,0.9530846155339296,0.9699611624335649,0.9785459193912418,0.9750745110799403,0.9774207561368702,0.9882568818287786,0.9798452609701309,0.9665688654119057,0.9760873394942361,0.9708745272137979,0.9699134431640072,0.9991042716197689,0.9120264910487731,0.9293625628851663,0.9580496963094536,0.9483973623497335,0.8942418306072819,0.8881198060964962,0.8897979852292895,0.8923067533560165,0.9220561069472011,0.9005534211296229,0.9297132634147375,0.9473298785936695,0.9522523589292999,0.9592759899581241,0.9123375843355419,0.9724728246177088,0.9533606746215939,0.9709038209719357,0.9533189289673771,0.9123804242707366,0.9269393437352261,0.9521665668368909,0.9282378497825505,0.8947401733657292,0.8978215994398521,0.9721753835134735,0.9292721464329543,0.9497024588969916,0.9144791764207336,0.8515631333673349,0.8758173525569353,0.7629400069610659,0.8922857938839408,0.8969021114518259,0.9099859959092417,0.8604455422271231,0.8785187905980651,0.47407793813025706,-0.4810674135431585,0.9640694986911291,0.9598769069541513,0.9577124607745333,0.9102381342695003,0.9556581139986343,0.9622859076153898,0.9617391408179479,0.9443837694389554,0.948709849404213,0.8922668821882193,0.8119557996416674,0.9462909928552049,0.9651828236820993,0.8317690247065326,0.9404954142014448,0.9418410485768327,0.855081682809693,0.9683197497409867,0.7407956939952881,0.42737846068909974,0.6623216853550362,0.7748073715399961,0.7792917602751331,0.7529712852599121,0.9675627030636091,0.9676204412865911,0.7066986185064176,0.7055280681273306,0.6750372370089602,0.4443675657661456,0.6952783139341443,0.6941795930343212,0.6735477014008163,0.6952644079881943,0.7600556453299689,0.6889663195279122,0.6747351956812921,-0.36274140348022055,-0.49909217801570854,0.7491217644918096,0.8416956312293099,0.828501043510875,0.8630425715718765,0.8591249751794604,0.7638930638195055,0.8151609159428597,0.8348903418958203,0.8285774849020318,0.7119779138095883,-0.0020675409187446018],[0.9966359310119481,0.9922908742792832,0.9926361285221724,0.9970424782999187,0.9985978236272144,0.9799438857725014,0.9996497809562852,0.9999998420717838,0.982182657587264,1.0,0.9999991880722904,0.9997970740903364,0.9999985742398518,0.9999925104570082,0.9999979740263725,0.9997154475790913,0.9980368350928537,0.9995175440233418,0.9998947697591514,0.9998947027208448,0.999979740114679,0.9999993875710583,0.9938345980452656,0.9784841374463994,0.9965144117892661,0.9730490560415276,0.9965748532988724,0.9921320504228962,0.9813227380831696,0.9553749101102421,0.989833618349959,0.9937995516026649,0.9906329216646551,0.9720241729773779,0.9995427589522473,0.999606430050746,0.9996217313475106,0.9998499307893844,0.9993622971501114,0.9995643167059635,0.9986270957016767,0.9990090254043398,0.9995528433500845,0.9995486370673846,0.985737238010807,0.9440769902112841,0.9556947290992209,0.9606912339287841,0.9449992046509377,0.9106348222325945,0.9514235192331343,0.9435132529995194,0.9550039898002677,0.9601124868845434,0.9500910380023074,0.9806548709371473,0.9805368954340343,0.9922823649278084,0.9965308532654169,0.9743678062984928,0.9616423530438437,0.9724370225228046,0.972811340599974,0.9730186229963258,0.9728492723630447,0.9307550015449209,0.9563974658860599,0.9514814875212928,0.9512092397825261,0.8978031324740227,0.9689103642448483,0.9675078674220037,0.9731214609219435,0.972236980390787,0.9284368844453401,0.8741912501228288,0.8390394546540375,0.8868435036745304,0.9207677655979898,0.9104054533423797,0.9151697300777308,0.9144837384272286,0.7562544871304713,-0.5553426663061326,0.9624055623777794,0.9478052695611825,0.9478579194281266,0.9752983209506559,0.9524825172728223,0.9683149149839091,0.9680301417106131,0.9204192850893037,0.9695987418658637,0.9221463846547961,0.8057012043416463,0.9548327497939157,0.9610698488979583,0.8094057572246989,0.9520691272879697,0.9531515633620496,0.9020333476914556,0.9778715475551004,0.9022789976435113,0.43859978514326375,0.7001068339449734,0.9081084782779039,0.8649873242039069,0.9044203106786857,0.9839126390692582,0.984098323487501,0.7767252901255713,0.7416026863459787,0.779912582046645,0.448467300755392,0.7423849117266162,0.7842217967507533,0.7799016339495026,0.7488928331540867,0.7862280116502537,0.747810928579612,0.7307764510910719,-0.5357329061277069,-0.6191745216865253,0.7356107063236177,0.8874591453625307,0.9206274112038365,0.9408506572924507,0.9076628427402819,0.8228658131420945,0.9048454447801306,0.9150559270268871,0.914563698437032,0.8105533591737841,0.15830850739825073],[0.9948411463137524,0.9923244246099346,0.9965389218159015,0.9954839951089557,0.9982358293087985,0.9764730577181829,0.9996273167675298,0.9999993828439456,0.9869646634073749,0.9999991880722904,1.0,0.9997956703192225,0.9999965331669656,0.999995260749133,0.9999984845594966,0.9997031453978388,0.9978181977235808,0.9993022502749844,0.9998092647575834,0.9998093172037292,0.999998516368554,0.9999985068703553,0.9934242144721288,0.9754690407917965,0.9957442627538333,0.9810815182467402,0.9962624782052509,0.9921448969871972,0.9837210763371533,0.9496727048852188,0.9895579753052486,0.9935918497052812,0.985354855275387,0.9507814761709503,0.9993659546250935,0.9994165440209245,0.9993662229357952,0.9999071331529223,0.9993481848254759,0.9993755229215012,0.9981831384926526,0.9986825312865871,0.9993470898663216,0.9993451302902507,0.9883414119165901,0.9438375189911541,0.9278053884005745,0.9606634545447907,0.9449500028469048,0.9104058591591365,0.9265554899932743,0.9184822249370062,0.9304458333268583,0.9382904058911776,0.9252112308319932,0.9746006080151988,0.97458090361588,0.9913627409703697,0.9951978936612417,0.967254428490596,0.9617833462119618,0.9606154645578536,0.9646800626757077,0.9616545922458152,0.9614276367138711,0.9097295523242489,0.9467539632316186,0.9174451824799219,0.9169417107236107,0.8369673517841509,0.9673936086467348,0.9721356433329141,0.9690325592464265,0.9679669456602061,0.9233792376119593,0.8208336022218944,0.7898078285942787,0.8567809478443527,0.9049231380195851,0.8782650220664926,0.8915254967847384,0.8904111131011642,0.76276138657015,-0.3348249562822585,0.9513145412978068,0.9479695445401074,0.9479845008510512,0.9682215627577181,0.9400273564562003,0.9535896064845567,0.9529964662976861,0.8973113413042565,0.95588866400315,0.9008726443315038,0.8058625521599618,0.955098741139484,0.9655968379550653,0.7204217291884317,0.9177264373022462,0.9200676777377864,0.8624161511448021,0.9861081658739625,0.8506342093079523,0.09114375560321981,0.5596711700923903,0.8623054397203754,0.8323913368491224,0.8575661532878234,0.9868389201856829,0.9868475394526467,0.5573180478527126,0.6636509038504459,0.5644684448830031,0.44842171547429444,0.5345723090406389,0.5737478663261494,0.5649594159810293,0.5043399420024295,0.7764383708074226,0.6277869996327418,0.5905516792111936,-0.4951225117847504,-0.5551505530069046,0.7351546005603626,0.8692969406216686,0.8812368550765538,0.916197790611244,0.9019465272795613,0.7103506365855893,0.8635549578052253,0.8755837053998332,0.8749704509947088,0.6393519867042204,0.1151105312921215],[0.9940495656107018,0.9934304801297301,0.9957328736149013,0.9948764453668318,0.9981367392447302,0.9757966879534625,0.9996588555761182,0.999792725469979,0.9894635146075637,0.9997970740903364,0.9997956703192225,1.0,0.9998091987197439,0.9997966739122509,0.9998011972764561,0.999692423985196,0.9984112192873722,0.9994763508245708,0.9999739833965072,0.9999737695041943,0.9998007649856138,0.999805155217542,0.9931681172720443,0.9732815090637483,0.9946888083427239,0.9816669668814417,0.9953605514814873,0.9941005008326183,0.9802110040744805,0.9335533392195675,0.9923671642947774,0.9948337772558968,0.9818102916203182,0.9356095967369756,0.9994969511627559,0.9995372025237061,0.9995014154569851,0.999643862023614,0.9996620636404788,0.999514928535141,0.998093764783307,0.9987120585416107,0.9994832277861466,0.9994803746559208,0.9897419691695858,0.9399974717801021,0.9175880314661563,0.9577793625769925,0.9431382446181655,0.9101566929772215,0.8979237003978504,0.9304552206678863,0.9009121908225864,0.9196709979250188,0.8965454787782824,0.9644583793372977,0.9644480735071362,0.9836855711693806,0.9950055364409716,0.9663374712219048,0.9662166175550418,0.9561569064217295,0.9627989319919994,0.9581498655954337,0.9579738675042125,0.9108518675935218,0.9381405745799936,0.9019388680343371,0.9015846851254802,0.8245435900066903,0.9669294324535931,0.9686902133297518,0.9686791243388054,0.9680210830235959,0.930882496784667,0.7834155380480176,0.7516644808175585,0.8303255990912365,0.8877311726775826,0.8505491913671491,0.8698766326242536,0.8691756164291998,0.7516327235386806,-0.18823412542483878,0.9459124265884148,0.949580412411941,0.9455581050565012,0.9669170398603669,0.9401934434323677,0.9488433025703554,0.948061235766904,0.8969537099122364,0.9507110629545009,0.8993799374825622,0.7674691639470034,0.9529951340600492,0.9475659061652117,0.6174527652969719,0.8723263124863385,0.8761788961156131,0.772016863354895,0.9809133776770887,0.7494689883239918,-0.27307768105039343,0.3129797766471585,0.7719180773445629,0.7296961225916868,0.7658335670954431,0.9819784588762321,0.9820596589080683,0.2729948498046452,0.4309828759180821,0.2790493507851099,0.250817960825645,0.2708341178833854,0.2851714419785242,0.28263238578552335,0.19964629114867527,0.6030559600787672,0.340656056128007,0.28902950521954773,-0.5031933293225683,-0.5525457187026075,0.734838913392141,0.7785341617099945,0.800730588334334,0.8653578051037661,0.840672633298872,0.6250786429268396,0.7931500154412423,0.7961693367477806,0.7952532578063839,0.4713631132185396,0.30069966908633805],[0.9965842528473177,0.9923640249292875,0.9899093245575105,0.9969255600896438,0.9986126067020231,0.9802209930945375,0.9985735851562315,0.9999971420274376,0.9706963031319137,0.9999985742398518,0.9999965331669656,0.9998091987197439,1.0,0.9999918833226181,0.9999977102395022,0.9994350603766011,0.9938099763371886,0.9995532849253169,0.9999253053879184,0.9999250702264127,0.9999750603251614,0.9999990239617366,0.9911884924362426,0.9763575764822926,0.994025414511166,0.9465784612626352,0.994511768015078,0.9922047361632385,0.9766669464330032,0.9535974207051243,0.9887721412208778,0.9938745798646235,0.9928905779496399,0.9750856019282386,0.9995397181633445,0.9996484782986277,0.9997340271549325,0.9997638710075698,0.9994016320277161,0.999595177005701,0.9984625877235594,0.9990243973293876,0.9996131772882729,0.9994896885075774,0.9809497602175035,0.9444247228627001,0.955804155348642,0.9607918420070334,0.9452440596201407,0.9110300925983995,0.9584122932671715,0.946861784156776,0.96050149664217,0.9619338476584385,0.9519749774477466,0.9811984085269817,0.9806821234700532,0.9918038259794743,0.9967713876163511,0.9519790145876084,0.9617356381953555,0.9696516466539619,0.9728855195894525,0.9713887065347794,0.9546428688897973,0.899624066131928,0.95657286005355,0.9586895082894794,0.9436498919684557,0.8828522696797373,0.9689810206325324,0.9440376257123052,0.9677750059617086,0.9525508704449313,0.8057159906982742,0.8743416533961395,0.809330597038718,0.8871327333269166,0.9034473441893796,0.909729743024388,0.8910396806953422,0.8998254639426919,0.41742337490452686,-0.559238275834145,0.9624817765212376,0.9478780241488671,0.9479178915298916,0.9556788899684767,0.9569989399714124,0.9686442632785666,0.9687240233583007,0.9195476307712676,0.9652558517951698,0.8579462066531977,0.8057312251512206,0.9545296468116446,0.9499506396001026,0.822778179823303,0.9574162143305711,0.9583554588738801,0.9023011634172803,0.9784312346243599,0.8366219346389686,0.544081248430119,0.7211040420588691,0.859725001223247,0.8518305521554871,0.8422832052542477,0.983882360102678,0.9840546360814745,0.7772557640794148,0.7422346272741157,0.7844215489683406,0.44892420784434234,0.7813285544927503,0.7933334773791214,0.788493001020678,0.792008041154023,0.7867306049380469,0.748245541323513,0.731249455302718,-0.32419865024769234,-0.4754803162494296,0.7370278972169978,0.8879856674278347,0.9194473506196383,0.9356754796845825,0.9081169975089228,0.8261729122439206,0.9052053554449437,0.9211871641967253,0.9198612658674508,0.7670732553257363,-0.06917982224166512],[0.996612576807641,0.9922852387946204,0.9919283498388485,0.9970365780112689,0.9986281901828213,0.9807463171652449,0.9995185247711851,0.9999934954328703,0.9790515802236365,0.9999925104570082,0.999995260749133,0.9997966739122509,0.9999918833226181,1.0,0.9999955786280628,0.9996120057538374,0.9980120497646675,0.9995154059386001,0.9999118488632935,0.9999108675988854,0.999958414287983,0.9999922763537792,0.9930464035568083,0.9768635534515983,0.9962199851210297,0.9671733052285973,0.99599670050779,0.9921215782450269,0.9772910941573265,0.9540847136564473,0.989229839141096,0.9939727348129651,0.9922050364625823,0.9746542921620287,0.9995260603044652,0.9996041785709285,0.9996594411558388,0.9998986477826307,0.9993711951626939,0.9995481088637423,0.9983597423181659,0.9989537027744253,0.9995497356955552,0.9995434199590557,0.9835654380437385,0.9442212017193563,0.9556231899369404,0.9606912291552163,0.9450212612213486,0.9106574552260424,0.9542974436696443,0.9409636043459756,0.9566427899628197,0.9613642634837928,0.9512809107708243,0.9800218224736162,0.9803845838128686,0.9911806874313749,0.9967643451679807,0.9753934020846671,0.9614059842317544,0.974179748206913,0.9728314652367307,0.9751036517060677,0.9749313577647002,0.9395235334786673,0.9561710183842564,0.9572830437575799,0.9570197152150897,0.9142875691948092,0.9689384107316504,0.9702621261674684,0.9750165589131832,0.9740732249948643,0.9359371358785539,0.8740147978040949,0.8438690307430369,0.8867235652046127,0.9130276930839234,0.9094925101093867,0.9101467187474418,0.9091700593976735,0.7350649798016855,-0.5599728146800108,0.9624392747780969,0.9476678426434044,0.9476065995652763,0.9763453182706487,0.9570587042526496,0.968594897906803,0.9686943348195413,0.9197413858527793,0.9704030913089919,0.9302001731899706,0.8056726322799058,0.9546564137608288,0.9543484273314642,0.8221550141360041,0.9573159482698219,0.9582055739939481,0.9019101224933661,0.9787529479653058,0.8872673140972351,0.5432456145206919,0.7200305347797825,0.8952372335352135,0.865757997684209,0.8864878244810294,0.9841350138143528,0.984317987550406,0.7759051156372393,0.741158924051697,0.8061251926232839,0.4485248422074816,0.789193635273903,0.8103793696995273,0.8048829255777002,0.7932746840886751,0.7863421476423088,0.746606406292784,0.7296149061431761,-0.4129187846580392,-0.5350365862851212,0.7352663519311471,0.8874607108109873,0.9162406954229612,0.931503405700362,0.9079780213663576,0.8246408980025347,0.8947427558993115,0.9097525078785099,0.9093633658868538,0.8432150204823267,-0.03578197629916424],[0.9965406998883978,0.9923372560558306,0.9901196842509346,0.9968973925995447,0.9986317577871693,0.9804896306437696,0.9992692675951823,0.9999984149767863,0.9755515949599288,0.9999979740263725,0.9999984845594966,0.9998011972764561,0.9999977102395022,0.9999955786280628,1.0,0.9995175783344749,0.9973554646240429,0.9995313893245799,0.9999182395998991,0.9999175499148609,0.9999691607090138,0.9999977902746039,0.99135909643976,0.9766286188806165,0.9956008096218323,0.9590370444041326,0.9953836699490471,0.9921688208702153,0.9769335303664721,0.9538416761898827,0.9912330668688437,0.994120065134736,0.9927606766370252,0.9748875136817967,0.9995072575967753,0.9996116369418313,0.9997114895244394,0.9997799760294092,0.9993744715777247,0.9995543298625551,0.9984029331033258,0.9989776705285877,0.9995799423665019,0.9994578278983911,0.9812114064577367,0.9442648854630111,0.9556887093331795,0.9608529030684334,0.9452603547711197,0.9107576253799863,0.9581298818798341,0.9466069930714377,0.9602468012050608,0.9615926079531695,0.9515255801197748,0.9809684346112527,0.9804536064759036,0.991648590002184,0.9966459733911597,0.952015755165148,0.9617996917446772,0.9696691686756841,0.9729555420597309,0.971394549071065,0.9543041427276686,0.8999437200635105,0.9564281048652328,0.9585215118177818,0.9435386319070035,0.8829420053390211,0.9691330241382262,0.9442352858387968,0.9678371328837464,0.9526153877201368,0.806169260885848,0.8742093048889247,0.8091904433184148,0.887046453493693,0.9034462702347256,0.9096780753736776,0.8909107000166233,0.8997254394401973,0.4177331130230139,-0.5587787889359849,0.9625412452571998,0.9479037666766333,0.9479425497184236,0.9544946328285887,0.9571339814340718,0.9686734926112964,0.9687481113049032,0.9198376349176514,0.9652555518996371,0.8582743173386224,0.805716074967877,0.9547841452556413,0.9503548683647172,0.822824628620658,0.9573649727485898,0.958314912766076,0.901785878713789,0.978575604241826,0.8361294543740623,0.5427649364395379,0.7203614276177549,0.85923115174987,0.8514022186279103,0.8417983345298318,0.98396723905003,0.9841368262092998,0.7762920824589604,0.7414603654450881,0.7837633329940431,0.4485850356537331,0.7806392799422954,0.7925500170949448,0.7879848115721331,0.7911956800935139,0.7863379892048686,0.7471090935903385,0.730133532038439,-0.3249081253117407,-0.47607478883612475,0.7368801866527781,0.8873905628788742,0.919060324650157,0.9351735797129471,0.9076809328955221,0.8254362261886069,0.9047990660514067,0.9206137475846142,0.9194068642457053,0.7664831096005661,-0.06837556287386509],[0.9978168730014937,0.9942596119546229,0.9896494176564945,0.9980443959010659,0.9990910209854782,0.9801797807334148,0.999895422896613,0.9993926895135063,0.9737858992243346,0.9997154475790913,0.9997031453978388,0.999692423985196,0.9994350603766011,0.9996120057538374,0.9995175783344749,1.0,0.9985584223408848,0.999865949130898,0.9995941272958294,0.9995982754749447,0.99979228611779,0.9995840308137615,0.9910804826105893,0.9757872136347114,0.9944015603143908,0.9526311750012265,0.9940607251735509,0.9935360335407627,0.9754963265456869,0.9547422831756566,0.9915831176104708,0.9926409530288589,0.9935464801632224,0.9767611578419577,0.999318039808387,0.9997477345964172,0.9997425150818349,0.999612774114079,0.9996561152074186,0.999709966372483,0.9989301128043452,0.9996272608554572,0.9995419153737665,0.9993206861144208,0.9800371854331906,0.9430484802102864,0.9576041748723141,0.9587756645589817,0.9462535831358194,0.9165899000805603,0.9599907754364935,0.9507079065553218,0.9623714939006014,0.9652650992597679,0.9552724403565244,0.9827631221015375,0.9822471711445506,0.9924992826739215,0.9962050605845785,0.9561412679884543,0.9651891425363263,0.9740581082084412,0.9753497131821848,0.9755449086628004,0.9569091756997583,0.9047220468670057,0.9596324272996033,0.9632606984295264,0.9480039185092342,0.8903235647787662,0.9714866441413028,0.9487040823268287,0.9717715013254751,0.95660603663115,0.8136499448651573,0.8792714886824833,0.8131529504338507,0.8921722345634536,0.9079504824941228,0.9121879821368456,0.894314531165893,0.904503798196452,0.42802082786776297,-0.556399005378561,0.965666560164985,0.9524309395411111,0.9523614126655592,0.9581831257693469,0.9605616765547217,0.9715759556733082,0.9716524197292289,0.9236516101226458,0.9698892674224637,0.8648657930863477,0.8074576042493751,0.9470221202102612,0.9432855596669287,0.8250474040899584,0.9574169401315596,0.9581981307609172,0.9018038204223582,0.975473094469454,0.8354491423174204,0.5521748230766217,0.7250936999990