var correlationClose = {"data": [{"type": "heatmap", "z": [[1.0, 0.9999824070592739, 0.5589892316381092, 0.9996969497348224, 0.9974040620584081, 1.0, 0.9906268616918276, 0.9860921097838692, 0.9912749041099229, 0.9727953152028734, 0.981336219098596, 0.990672395968167, -0.1366181166282622, 0.9907390642331714, 0.9907986323231762, 0.9934707733160096, 0.4730989781689214, 0.9917746473546291, 0.9917728233832638, 0.9836132347316989, 0.9906740586701038, 0.444809522714461, 0.6557157788006013, 0.9773698123384779, 0.9773456990804951, 0.957653257973769, 0.2977926298935988, -0.12529198618778167, 0.9898926963359285, 0.9898523279698894, 0.2708982952381452, -0.20823417980379544, 0.9936221888356752, 0.9945098359780076, 0.8066197239869398, -0.39264384446588146, 0.9870754071748937, 0.9942535195469526, 0.9941670047868578, 0.45570270094500503, 0.993815267191352, 0.9938105539686879, 0.993815267191352, 0.8908568283642522, 0.6757189350685423, 0.8634249246408543, 0.8818586388110174, 0.7965412398230448, 0.3926460489451515, -0.12565989372801575, 0.19292431849414718, 0.9465008035537558, 0.47469816559612693, 0.9772842459409314, 0.9713703878942969, 0.9127074103884143, 0.9068360537926622, 0.931388573199891, 0.9057002955671829, 0.928044330812484, 0.9289669716162173, 0.928044330812484, 0.8390407131643335, 0.9045960706916211, 0.9058218539930303, 0.9045960706916211, 0.8920278377379159, 0.7269414278329501, 0.8675259472136471, 0.8694135668294305, 0.8675259472136471, 0.6121943022088826, 0.30409539305192174, 0.5880338086459627, -0.597486499025011, 0.48116136563981243, 0.5386241870469524, 0.5404605774608193, 0.5386241870469524, -0.09768019298336071, 0.8792331550067989, 0.9109867345083511, 0.8926964852361876, 0.9143424035848436, 0.47448160618085966, 0.8766832794584544, 0.8781759541880046, 0.8766832794584544, 0.8871248321823978, 0.8871248321823978, -0.1663092762633379, 0.5390001996199106, 0.19791752888350392, -0.5436461072291092, -0.5581051031955229, -0.5615226891152322, -0.029286491274922107, 0.048598386126417516, 0.2666980308285123, 0.1525112522911613, -0.3604082354947033, 0.06454652778318808, -0.7912988038410683, -0.20170204192910518, 0.11449072885686085, 0.11510114436265947, -0.5351505903457765, -0.6074554953103024, -0.20235649815609, -0.48019892486871346, -0.8298971662834015, -0.3403434395743965, -0.3318095918067704, -0.3403434395743965, -0.1796909512178418, -0.24663857166984918, -0.24663857166984918, -0.8185929114643758, -0.8185929114643758, 0.4051729388984029, 0.6611719344089174, 0.8748310564691028, 0.8536315995197487, 0.7919578401380861, -0.23737198534527731, 0.7704434472583478, 0.8108987850812606, 0.8109627012424471, 0.8108987850812606, -0.2333779654657884], [0.9999824070592739, 1.0, 0.968004789634138, 0.9991843577720441, 0.9934842703416471, 0.9999824070592737, 0.9771050415397786, 0.9677422360819431, 0.9768769332756648, 0.9572150261319159, 0.9791165910258038, 0.9771547516029397, 0.9771127002930314, 0.9769221591194602, 0.976163036567225, 0.9849612953784027, -0.2417880931099353, 0.9827441481150456, 0.9827145249219411, 0.9772243919376864, 0.9772148176236923, -0.15803748908551557, 0.9667090277745204, 0.9699595732729175, 0.9700341175367518, 0.9580793897157024, 0.013882185241238779, 0.14531895568078348, 0.9753720407807578, 0.9754388294832286, 0.9709264524271168, 0.12979880732517862, 0.9870405782114728, 0.9871299019847817, 0.9879281300409184, 0.9794326461928056, 0.9853665864299647, 0.9870603805261179, 0.9877322100179294, -0.2486191211460739, 0.988025175602781, 0.9880048292475418, 0.988025175602781, 0.8908811508851875, 0.5637005424851044, 0.86413100342424, 0.8821648200964137, 0.7958140587792274, -0.4450549822593244, -0.5508756199686948, 0.8345824558860235, 0.8593747887614015, -0.16544829293004445, 0.9347708682017062, 0.9348379520124419, 0.9201067563723367, 0.9304479502852779, 0.9072622956707571, 0.9069352234045022, 0.9142197359368024, 0.9149865449884438, 0.9142197359368024, 0.7666785937060382, 0.7265402660611373, 0.7287361930439484, 0.7265402660611373, 0.9246297513012085, 0.9299286344836767, 0.9244010614502131, 0.9256594610169924, 0.9244010614502131, 0.43237349003982484, 0.3749854888550545, 0.4969169362358582, 0.6006867200647366, 0.47818739173938773, 0.5208806876492623, 0.5216398289278847, 0.5208806876492623, -0.21336369359283913, 0.8623833008708534, 0.9000218433220883, 0.8860068900874404, 0.9274864475272664, -0.051589825194845396, 0.8560894330798036, 0.8564898918286384, 0.8560894330798036, 0.8677176019050877, 0.8677176019050877, -0.2705057006620775, 0.5400319383729222, -0.3822244074750694, -0.6381028650732545, -0.4664381198129206, -0.4699048759810828, -0.2972970412273438, 0.21532590117922992, -0.20971006399871617, -0.3828655055779378, -0.5715063128293241, -0.27941205818712145, -0.501128193450636, -0.33302650672617723, 0.08890414231318916, 0.08383109728264286, -0.48590967915615785, -0.44050018679965935, -0.46846358483026057, -0.49798659309258464, -0.49051569499802367, -0.4708334635823839, -0.4740576440029049, -0.4708334635823839, -0.3578806742647836, -0.49360886203567855, -0.49360886203567855, -0.4677912408717492, -0.4677912408717492, 0.40495929295268485, 0.4206755333241001, 0.5220669973179284, 0.6060155164258247, 0.5811654395803479, -0.3843171448381, 0.39024615027993975, 0.3812284996669304, 0.38134119057506716, 0.3812284996669304, 0.12356778815158496], [0.5589892316381092, 0.968004789634138, 1.0, 0.5522074792447799, 0.43612425008210914, 0.5589892316381091, 0.5483452989860672, 0.5362808497223412, 0.44376778662154837, 0.3824956212944138, 0.9965944088407453, 0.5483593001667029, 0.5171395222447572, 0.5487053529663883, 0.5515946937629346, 0.5882067700524808, -0.09208463293704976, 0.49186773439994746, 0.4918351034157633, 0.44232020302109765, 0.5479937005658176, 0.20511152551350323, 0.6881730447048431, 0.5139991981493027, 0.5137103370120447, 0.9825807089084501, 0.28193666786903143, 0.17936044052550654, 0.5148185068017583, 0.5143096451251264, 0.7696336219061588, 0.007401692489353542, 0.546876734195137, 0.4422085396698783, 0.5363737429480403, 0.3669358806392787, 0.9938486169091882, 0.42978200708935055, 0.5502095893592277, -0.09801024598957914, 0.5628886635749472, 0.5456829872077102, 0.5628886635749472, 0.8977098880973192, 0.3915751723702606, 0.904413335961702, 0.8696656907235012, 0.6511146076135172, 0.2013862553542812, -0.004377538682752136, 0.06029240301711355, 0.41491395962452526, -0.06735929131743544, 0.5068852582407982, 0.43848041936199195, -0.07837139636999882, 0.6766939192061823, 0.6351099370023661, 0.4664279910727157, 0.6412975155844163, 0.708722894630791, 0.6412975155844163, 0.31092198209698996, 0.5348018230702896, 0.6385611123798166, 0.5348018230702896, 0.5451551640236401, 0.6165977515663361, 0.6555158847001482, 0.7302240807230256, 0.6555158847001482, 0.1892326285676836, -0.08251997458074396, 0.2080566204011493, 0.15483621941879538, 0.20725712367767565, 0.26420340305611584, 0.3892973604883608, 0.26420340305611584, -0.17036842540235347, 0.4210643416424863, 0.7990774553545967, 0.50804715931737, 0.7254259450654855, 0.09936916385473575, 0.4904203677339011, 0.49166430416010276, 0.4904203677339011, 0.6219951872331004, 0.6219951872331004, -0.29470770777713745, 0.7153233955858523, -0.2312571377518543, -0.5241311853706051, -0.381001182602747, -0.38418511842474984, -0.38689311776689556, 0.0027250137080659454, 0.02562794925889562, -0.24988840657618386, -0.5072390471537582, -0.130898240076302, -0.21508268152697252, -0.2024357998257429, -0.036010973374790436, -0.03922084434810765, -0.44087190745916877, 0.019324854683993923, -0.2126447056559878, -0.4762034448381847, -0.10212610922033366, -0.34940784596332763, -0.22560173279796797, -0.34940784596332763, -0.42849481142039697, -0.5004539807803408, -0.5004539807803408, -0.23175104174317346, -0.23175104174317346, 0.3283591413079577, 0.129505442138793, 0.23958480961735035, 0.48563745486671306, 0.2080925915778457, -0.29610326427071704, -0.03860553009126505, 0.4450977935961757, 0.5609544715880268, 0.4450977935961757, -0.03711535485990609], [0.9996969497348224, 0.9991843577720441, 0.5522074792447799, 1.0, 0.998593307977029, 0.9996969497348223, 0.992261050160424, 0.9882109158318023, 0.9932737985313953, 0.9705349354862667, 0.986559432733282, 0.9922941336655564, -0.14117450918444344, 0.992332226779535, 0.9923846595288739, 0.995065986577955, 0.4589444716532198, 0.9931772912450377, 0.9931755596920102, 0.9840830781198969, 0.9922853214026587, 0.43595527805558787, 0.6590044092833277, 0.9803767878786013, 0.980353178227598, 0.9687586371511301, 0.29268109530964986, -0.1327685716340823, 0.9896775473013792, 0.9896478998032764, 0.2623139640758788, -0.20917088172209583, 0.9944460373380303, 0.9956342639302876, 0.7651426591216216, -0.3985633393559858, 0.9909065283220424, 0.9956204022538445, 0.9948084866505957, 0.44116942315224805, 0.9919683431841672, 0.99453210803477, 0.9919683431841672, 0.8894205038733717, 0.662912183163692, 0.8720352028271908, 0.877852864736741, 0.7734427402720655, 0.3870349766398601, -0.1317892581385271, 0.18624220117261295, 0.9406960280000569, 0.45851475843198075, 0.9729773920271447, 0.9685411902928881, 0.8878461660623561, 0.8974349669028254, 0.9159836758961546, 0.9003765618419836, 0.9078516091220342, 0.9091211624029004, 0.9078516091220342, 0.8287252949789223, 0.8906851632999131, 0.8920387614030343, 0.8906851632999131, 0.8873601484448759, 0.6580369008061178, 0.822201551187818, 0.8242026576114617, 0.822201551187818, 0.6018143588303438, 0.0988800749593552, 0.5755981727149615, -0.6027899396146821, 0.47425708772227365, 0.28120475568825487, 0.5080273723228362, 0.28120475568825487, -0.10470287610176435, 0.8721438695614021, 0.8996655046717656, 0.8821493239010012, 0.8869967907734833, 0.4612036710010469, 0.870633943272139, 0.8723156583184536, 0.870633943272139, 0.8642559410038304, 0.8642559410038304, -0.1728209263198436, 0.5675551716706326, 0.20264789267955383, -0.5546600441045421, -0.5661460722457476, -0.5694779640675571, -0.042144052744265914, 0.042798730891100464, 0.25937259535056356, 0.13959689931062857, -0.37363563426085644, 0.05773971158913347, -0.7983294074393418, -0.20990534915133796, 0.10296743349571265, 0.1036391338979965, -0.5428959759995108, -0.6043726116838942, -0.20429382722061634, -0.4930089854321168, -0.8325331756643761, -0.3423410816941113, -0.33437025986006785, -0.3423410816941113, -0.18948390287849265, -0.2571743096136305, -0.2571743096136305, -0.8190322346106589, -0.8190322346106589, 0.3905497210825148, 0.6490141066229286, 0.8673011093312538, 0.8461601741930163, 0.7846191803409174, -0.2512824091832016, 0.7615923364422824, 0.8023574910651008, 0.802426472416628, 0.8023574910651008, -0.21800574238133022], [0.9974040620584081, 0.9934842703416471, 0.43612425008210914, 0.998593307977029, 1.0, 0.9974040620584081, 0.9966920485767814, 0.9946495504622686, 0.9968844372692994, 0.9598237904306252, 0.9951422441398596, 0.996710943344833, -0.3550621944124301, 0.9967423319157996, 0.9967656291187377, 0.9978096912168245, 0.2666248720611932, 0.9973003419702424, 0.997297949923611, 0.9858364272572134, 0.9967030947773848, 0.06502188190478675, 0.6161047883318337, 0.9902757236704883, 0.9902301128590422, 0.983522142916092, 0.033971765751086555, -0.11885072837892022, 0.9879548527632775, 0.9878941870527882, -0.05863222172638925, -0.10780383256053246, 0.9976848553111297, 0.9976252807713585, 0.7391529996642251, -0.5439197983383302, 0.9970428677948672, 0.9978680887535052, 0.9979667413795575, 0.24300468545210546, 0.9976463406680126, 0.9976477440721779, 0.9976463406680126, 0.9050184423484205, 0.6238867719034377, 0.8949562232274068, 0.8813841559772451, 0.7385653841497031, -0.09560093154641337, -0.5771347823054843, -0.23817437881836162, 0.9258017152032159, 0.3148909914556416, 0.9663567946919636, 0.9664174385694251, 0.8807978631797231, 0.8738132894774036, 0.9001882583013723, 0.884611884098278, 0.8981782600590666, 0.8988445942536738, 0.8981782600590666, 0.7972838408050861, 0.830467505572981, 0.8321674204759217, 0.830467505572981, 0.8734672876704754, 0.7618873683960554, 0.853105901528415, 0.8544677163475728, 0.853105901528415, 0.5512804661300325, 0.4134775146555839, 0.5334422513282638, -0.6510990027859148, 0.528992744006998, 0.5058693442286109, 0.5060518415671627, 0.5058693442286109, -0.12479433535141649, 0.8499618411891373, 0.8670559526253464, 0.8529125657098029, 0.891286114205809, 0.32095342991629494, 0.8515490660277225, 0.8532393410147775, 0.8515490660277225, 0.8598610435949963, 0.8598610435949963, -0.21701098659408533, 0.6298178973546046, 0.05632637892447479, -0.5904744610487592, -0.6253945825026709, -0.6256128260741116, -0.07904363026166263, 0.06401151294931241, -0.14068102413228376, -0.11365582041914286, -0.4633792578548011, -0.3171026608975112, -0.8649087573217742, -0.5116544614123041, 0.06789468282668436, 0.0684381167918353, -0.5744443119648952, -0.595752649667315, -0.506188421484539, -0.5375283819544492, -0.8013503176157113, -0.5634126709712725, -0.5663620509154705, -0.5634126709712725, -0.23468711583736934, -0.2969693637520407, -0.2969693637520407, -0.7673279035771203, -0.7673279035771203, 0.3687636704474256, 0.6269877200434987, 0.8162385776884323, 0.7905337480131571, 0.7713421072386093, -0.391933416894977, 0.6107303404250849, 0.6930636080273875, 0.6932472276870549, 0.6930636080273875, 0.019090939421591634], [1.0, 0.9999824070592737, 0.5589892316381091, 0.9996969497348223, 0.9974040620584081, 1.0, 0.9906268616918276, 0.9860921097838692, 0.9912749041099229, 0.9727953152028734, 0.981336219098596, 0.990672395968167, -0.1366181166282622, 0.9907390642331714, 0.9907986323231762, 0.9934707733160096, 0.4730989781689214, 0.9917746473546291, 0.9917728233832638, 0.9836132347316989, 0.9906740586701038, 0.444809522714461, 0.6557157788006013, 0.9773698123384779, 0.9773456990804951, 0.957653257973769, 0.2977926298935988, -0.12529198618778167, 0.9898926963359285, 0.9898523279698894, 0.2708982952381452, -0.20823417980379544, 0.9936221888356752, 0.9945098359780076, 0.8066197239869398, -0.39264384446588146, 0.9870754071748937, 0.9942535195469526, 0.9941670047868578, 0.45570270094500503, 0.993815267191352, 0.9938105539686879, 0.993815267191352, 0.8908568283642522, 0.6757189350685423, 0.8634249246408543, 0.8818586388110174, 0.7965412398230448, 0.3926460489451515, -0.12565989372801575, 0.19292431849414718, 0.9465008035537558, 0.47469816559612693, 0.9772842459409314, 0.9713703878942969, 0.9127074103884143, 0.9068360537926622, 0.931388573199891, 0.9057002955671829, 0.928044330812484, 0.9289669716162173, 0.928044330812484, 0.8390407131643335, 0.9045960706916211, 0.9058218539930303, 0.9045960706916211, 0.8920278377379159, 0.7269414278329501, 0.8675259472136471, 0.8694135668294305, 0.8675259472136471, 0.6121943022088826, 0.30409539305192174, 0.5880338086459627, -0.597486499025011, 0.48116136563981243, 0.5386241870469524, 0.5404605774608193, 0.5386241870469524, -0.09768019298336071, 0.8792331550067989, 0.9109867345083511, 0.8926964852361876, 0.9143424035848436, 0.47448160618085966, 0.8766832794584544, 0.8781759541880046, 0.8766832794584544, 0.8871248321823978, 0.8871248321823978, -0.1663092762633379, 0.5390001996199106, 0.19791752888350392, -0.5436461072291092, -0.5581051031955229, -0.5615226891152322, -0.029286491274922107, 0.048598386126417516, 0.2666980308285123, 0.1525112522911613, -0.3604082354947033, 0.06454652778318808, -0.7912988038410683, -0.20170204192910518, 0.11449072885686085, 0.11510114436265947, -0.5351505903457765, -0.6074554953103024, -0.20235649815609, -0.48019892486871346, -0.8298971662834015, -0.3403434395743965, -0.3318095918067704, -0.3403434395743965, -0.1796909512178418, -0.24663857166984918, -0.24663857166984918, -0.8185929114643758, -0.8185929114643758, 0.4051729388984029, 0.6611719344089174, 0.8748310564691028, 0.8536315995197487, 0.7919578401380861, -0.23737198534527731, 0.7704434472583478, 0.8108987850812606, 0.8109627012424471, 0.8108987850812606, -0.2333779654657884], [0.9906268616918276, 0.9771050415397786, 0.5483452989860672, 0.992261050160424, 0.9966920485767814, 0.9906268616918276, 1.0, 0.9971489417987949, 0.9999675696266132, 0.9505533330881393, 0.9995766902708243, 0.9999960974276869, -0.15473052701128054, 0.9999923066536955, 0.9999209656382793, 0.9940687038196279, 0.40844304524686126, 0.999833346352355, 0.9998337289918281, 0.9883366656827587, 0.9999963059079628, 0.34124519321192404, 0.6601353440506936, 0.9840733717302099, 0.9841843902259049, 0.9849791385179203, 0.2133385584739299, -0.1923465618015129, 0.9922872406569224, 0.9920022911723867, 0.16104281910694337, -0.25991292017969636, 0.9992888038552434, 0.9993786485433642, 0.34162911394927337, -0.3301025734551507, 0.9986365756727903, 0.9992824371684809, 0.9982314626083336, 0.38910154627167143, 0.9302052995486915, 0.9990155339448981, 0.9302052995486915, 0.9134372085669741, 0.6265039889354235, 0.9184286201408947, 0.890511207589333, 0.690281415883395, 0.4169773311829749, -0.07501272047093745, -0.21172395358573304, 0.9239486266779766, 0.4159976040462313, 0.9685215961947023, 0.9612056866533827, -0.08874566078466739, 0.8219089766035954, 0.7977242118084182, 0.8446352939340837, 0.7908002409544036, 0.7595358939006126, 0.7908002409544036, 0.7520490699519919, 0.7588449209537362, 0.7586958523572835, 0.7588449209537362, 0.8307574210939846, 0.2987032321040451, 0.5168340450587109, 0.6027691306137055, 0.5168340450587109, 0.5182348468923241, -0.36335397225712673, 0.4782193841694715, -0.6663684638513965, 0.3942356895497432, -0.13255156329394477, 0.3626229405254725, -0.13255156329394477, -0.14961658742390893, 0.8060650865525645, 0.8134629478062458, 0.803620178063604, 0.7317343004437612, 0.40939586744601936, 0.8097581113714619, 0.8121509557912214, 0.8097581113714619, 0.716829082609275, 0.716829082609275, -0.2544158953090961, 0.6818521874684619, 0.25524693662882475, -0.5746863200271861, -0.6100325168558114, -0.6129214880381045, -0.09517024829412192, -0.01021202625671451, 0.3614559058078899, 0.0996343762057459, -0.4027100858458119, 0.10747716469951242, -0.8260219516156062, -0.114571545005591, 0.030098396269250597, 0.030906971296625337, -0.5897126008140338, -0.6100493109394026, -0.04482594457855779, -0.5753973552873668, -0.8449310165612627, -0.33949761453883437, -0.16569368294109357, -0.33949761453883437, -0.2710085615853119, -0.3084765850084688, -0.3084765850084688, -0.8387186212875029, -0.8387186212875029, 0.36537873922677105, 0.603357696670996, 0.4961726489773351, 0.8083488262907305, 0.7602453844885662, -0.310823981802706, 0.05936349678352637, 0.7657197238648169, 0.784203013965847, 0.7657197238648169, -0.14146816620941854], [0.9860921097838692, 0.9677422360819431, 0.5362808497223412, 0.9882109158318023, 0.9946495504622686, 0.9860921097838692, 0.9971489417987949, 1.0, 0.9994566402324018, 0.9419648163333969, 0.9982162279185449, 0.9979572645057904, -0.16437326768695693, 0.9989882086729691, 0.9986886580349472, 0.9866189947428715, 0.38634391692654824, 0.9990413859742143, 0.999044507940551, 0.9853641996301569, 0.9991541454288906, 0.3136137510427756, 0.6590949974662244, 0.9917491476230834, 0.9818019301095907, 0.9803484815765982, 0.19305169425043373, -0.2076911233012275, 0.9885824172118576, 0.9919978649452761, 0.1401528240474305, -0.2671601263729317, 0.9981182301063352, 0.9980103627735103, 0.32022543374263773, -0.3378056451692925, 0.9959519344625765, 0.9978270867214738, 0.9975707922139935, 0.3664971036716518, 0.921129047684932, 0.9979544859497556, 0.921129047684932, 0.9108708279463671, 0.6104425806941962, 0.9190167948809566, 0.8861802217807293, 0.6619683091752632, 0.4033278788265304, -0.09104594648071242, -0.22571724825858056, 0.9144981084019518, 0.39471156065377727, 0.9636654689737387, 0.955475873744554, -0.10000230734440874, 0.8062208629431706, 0.7784944806738321, 0.8338490686977846, 0.772808286194569, 0.7456094452256832, 0.772808286194569, 0.7364675559140575, 0.7370656574257263, 0.7435806266323981, 0.7370656574257263, 0.8202380660683365, 0.27622376099828533, 0.49297361196542294, 0.584101052749063, 0.49297361196542294, 0.5023375114648597, -0.37969520179559313, 0.46040796301755954, -0.6759782899696133, 0.3838613875405267, -0.15689929889665982, 0.34377715232936995, -0.15689929889665982, -0.15711672184757242, 0.7934097092903503, 0.7929900673171648, 0.7869749734508489, 0.7151100769114485, 0.3920044394021222, 0.7977786057429598, 0.8004364976388351, 0.7977786057429598, 0.6958075121269249, 0.6958075121269249, -0.2720162688808236, 0.7131706308932512, 0.2635435149843711, -0.5849255416189942, -0.6245487385424282, -0.6272533998950378, -0.11122816403676299, -0.01940487343225882, 0.35456288972254907, 0.07971306659572537, -0.41669818514473933, 0.09805226633162806, -0.8334065840346482, -0.12120303171449592, 0.012768117376845382, 0.013614942907970107, -0.6029534614397805, -0.6115441347726669, -0.05181884487225736, -0.5949042582330433, -0.8456024128791201, -0.3519348446227915, -0.17208524743408074, -0.3519348446227915, -0.2907406769305539, -0.3237639021070102, -0.3237639021070102, -0.8377661510019416, -0.8377661510019416, 0.34076959348413877, 0.5847064096279039, 0.4761147606806743, 0.7896427975719619, 0.7463863053247418, -0.33464905191289424, 0.04421409384835295, 0.7457243753910461, 0.7679082975423496, 0.7457243753910461, -0.12318489111110704], [0.9912749041099229, 0.9768769332756648, 0.44376778662154837, 0.9932737985313953, 0.9968844372692994, 0.9912749041099229, 0.9999675696266132, 0.9994566402324018, 1.0, 0.9492899526566655, 0.9995210641369457, 0.9999685073208616, -0.3288258302313442, 0.9999731017986387, 0.999933530635252, 0.9980971537081219, 0.30229756144812503, 0.999773551574358, 0.9997741622156981, 0.9881320873299604, 0.9999655172263608, 0.11392798453411486, 0.6157797085325518, 0.9940144978513051, 0.9939578236750652, 0.9848220739929889, 0.017794347694617473, -0.1320206209128423, 0.9908127655278777, 0.9907789711615845, -0.0394266795856114, -0.22053966252106377, 0.9993070863851009, 0.9992663015444626, 0.7525225369245723, -0.5322042258640772, 0.9985433900120081, 0.9992627327958941, 0.9991645059936938, 0.27939475524829815, 0.9991479496201073, 0.9991533398276983, 0.9991479496201073, 0.9132565884164584, 0.627558346151398, 0.9181147368179585, 0.8898940674155277, 0.6895877439256564, 0.011971175150213592, -0.5225684909843206, -0.18702748483530077, 0.9190929083051058, 0.3646158829630419, 0.9624470280503512, 0.9614743848245059, 0.8519095100045903, 0.8231218578737077, 0.8722128315831758, 0.845739524306267, 0.8702663047891955, 0.871036062298071, 0.8702663047891955, 0.7514401833149669, 0.8117195446148276, 0.8134596927490955, 0.8117195446148276, 0.8324888992262208, 0.7215604923627887, 0.8215252500662863, 0.8230539442136661, 0.8215252500662863, 0.5172822709085253, 0.3371613412024628, 0.4777177956440222, -0.6970253457049894, 0.4543968854231255, 0.4178110371707337, 0.417806902176953, 0.4178110371707337, -0.10555375797678447, 0.8068087020340268, 0.8131757479256466, 0.8037484834162619, 0.8627750648157905, 0.3359512523132329, 0.8162389250311346, 0.8187102422641189, 0.8162389250311346, 0.8245237516494967, 0.8245237516494967, -0.25678412828221986, 0.6828161854036321, 0.08107310758564358, -0.5880970036920158, -0.6522728859732778, -0.6531347046475402, -0.09886542522872753, -0.007529828757387, -0.14863710921514098, -0.08570556729650533, -0.45354035056531516, -0.3487186717118314, -0.8787994722233002, -0.5511947370059769, 0.02914604199539765, 0.02992186777942563, -0.5916854379110991, -0.6059865065076211, -0.5163874596005317, -0.5776324182962211, -0.8208407497520606, -0.5877742866509124, -0.5898055820488238, -0.5877742866509124, -0.273782079660486, -0.31272137310575654, -0.31272137310575654, -0.8006670318535261, -0.8006670318535261, 0.3659121472897228, 0.6019871024884044, 0.823611982275611, 0.8020798429792696, 0.7585613983319213, -0.3404769886625549, 0.6436627103400678, 0.713410592313563, 0.7135754769781287, 0.713410592313563, 0.10295348925317087], [0.9727953152028734, 0.9572150261319159, 0.3824956212944138, 0.9705349354862667, 0.9598237904306252, 0.9727953152028734, 0.9505533330881393, 0.9419648163333969, 0.9492899526566655, 1.0, 0.921518998214986, 0.9505908461036028, -0.2719515067273349, 0.9502384873669966, 0.9495053036756779, 0.9513646487421231, 0.11355988155612586, 0.956357507755882, 0.9563325634281516, 0.9507360246684442, 0.9507271060400514, 0.041701014767639336, 0.6663666210302692, 0.9525612254221971, 0.9527796532963791, 0.8164071513699945, 0.11737230353343271, -0.113896297870226, 0.9591763339145201, 0.9593129989308131, 0.10340471362641845, 0.04852171248409121, 0.9607618006861781, 0.9610462270245528, 0.8492887332438802, -0.458990835087843, 0.9336985139523586, 0.9599276239476936, 0.9614143258743728, 0.09065882543283506, 0.9621686888490424, 0.9621315882332363, 0.9621686888490424, 0.7808835047502296, 0.42354196348773815, 0.7369499760654888, 0.8588717104256942, 0.8349526855175149, -0.5537345505331799, -0.6853401204762577, -0.3083706948741743, 0.8671822827095611, 0.08501800967563905, 0.9005294209056637, 0.9005759316745203, 0.856276336132993, 0.8496231375736341, 0.8825397002836248, 0.8594587587735454, 0.8742810304836393, 0.8751373809399834, 0.8742810304836393, 0.797904112912595, 0.7760310538237449, 0.7781770893390686, 0.7760310538237449, 0.851344166864033, 0.8720155584860112, 0.849451396409627, 0.8502664688280219, 0.849451396409627, 0.6185826366159426, 0.5383012954428514, 0.6198848467825641, -0.41948867845914994, 0.6402385386694138, 0.6617004048897022, 0.6648352082507182, 0.6617004048897022, -0.26157470454988835, 0.8563618472954809, 0.9181267201029368, 0.8747720635312145, 0.8730717616655365, 0.2141052032699885, 0.8482017709540643, 0.8495871609135018, 0.8482017709540643, 0.8602585584219374, 0.8602585584219374, 0.01062816022491441, 0.2729933776281814, -0.08632456491136803, -0.4932236344551732, -0.3953030264493313, -0.3972711347530892, 0.07049187590304527, 0.38258462939784266, 0.10556017248207616, -0.017693966033342026, -0.33724836516492984, 0.013511773822875823, -0.8123958215079856, -0.14829862648087838, 0.2716609230597414, 0.2706044657173354, -0.3530442949869523, -0.43841509453799715, -0.30696858272689553, -0.3117821123893253, -0.6866925558201312, -0.32847622763783785, -0.33042395486489395, -0.32847622763783785, -0.06019108031073603, -0.3454967487129871, -0.3454967487129871, -0.537920498756284, -0.537920498756284, 0.5768820725325394, 0.6747192533096055, 0.7609163935991236, 0.6703416953041118, 0.839436519504607, -0.4375201053905453, 0.3888767745462723, 0.5656645467981114, 0.5659562069039212, 0.5656645467981114, -0.22676626180759707], [0.981336219098596, 0.9791165910258038, 0.9965944088407453, 0.986559432733282, 0.9951422441398596, 0.981336219098596, 0.9995766902708243, 0.9982162279185449, 0.9995210641369457, 0.921518998214986, 1.0, 0.9995735268280231, 0.9995698447725965, 0.999522452888064, 0.9995592626614958, 0.9985091948999328, -0.36232480649507803, 0.9997253287769436, 0.9997294486079826, 0.9995815470404816, 0.9995813697438642, -0.2808246914306573, 0.9603318434188096, 0.9921510907181912, 0.9921235288601835, 0.9882043759653544, -0.007478782085223609, 0.07212126561065234, 0.9892526341571727, 0.9893135657239975, 0.9713455544057292, -0.00021054295968860824, 0.9986730871344917, 0.9986174759006511, 0.9984126940817034, 0.9992332755820813, 0.9991738455229453, 0.998665066231958, 0.9984404620653624, -0.3730220157973724, 0.9983547384901701, 0.9983660702447249, 0.9983547384901701, 0.9069787203870745, 0.48864153488438633, 0.9137722888178076, 0.8879407410600838, 0.6912864145687236, -0.5426825806500732, -0.6629204408398794, 0.7970883695166405, 0.8069665461342058, -0.2801849675449702, 0.9212932250193027, 0.921483338132936, 0.8475960348875988, 0.8577383806749667, 0.8230520828203512, 0.8258649885945283, 0.8325525667912448, 0.8335346347854938, 0.8325525667912448, 0.6509601969271988, 0.6047808995391774, 0.6074010200995318, 0.6047808995391774, 0.8589705185959283, 0.8684479104459291, 0.857314501302799, 0.8588547790672625, 0.857314501302799, 0.2959980079484436, 0.22735414092226522, 0.35620771611857727, 0.47982298596446177, 0.3477227615359743, 0.3984980636824146, 0.40110513123269953, 0.3984980636824146, -0.41264347092892767, 0.7650514050084016, 0.8176700972847986, 0.7967300047544336, 0.8567144356787805, -0.11091024990777869, 0.7574420753180297, 0.7579858808527311, 0.7574420753180297, 0.772475938659144, 0.772475938659144, -0.3187759535873591, 0.6738814873896503, -0.40132449051723634, -0.6795886468630128, -0.5478165588332582, -0.5501198352050765, -0.3603163559946657, 0.14560633232112702, -0.26914729704737844, -0.43489371863152804, -0.6217947611321235, -0.3442423031909927, -0.6264067639162194, -0.40986204488252115, 0.015540000011050837, 0.011468119356628005, -0.5629277402260405, -0.5272604526454101, -0.5457150991344709, -0.5797722164622264, -0.5741218512330459, -0.5491781512650158, -0.5521019398009186, -0.5491781512650158, -0.44078680682488863, -0.6024076128006763, -0.6024076128006763, -0.6054627562766338, -0.6054627562766338, 0.3610684906432309, 0.35933167636573815, 0.470680661074512, 0.5551211202645074, 0.5535412863604964, -0.5480129716488149, 0.301005666254265, 0.3204910011386239, 0.3206765848445849, 0.3204910011386239, 0.23229551307454635], [0.990672395968167, 0.9771547516029397, 0.5483593001667029, 0.9922941336655564, 0.996710943344833, 0.990672395968167, 0.9999960974276869, 0.9979572645057904, 0.9999685073208616, 0.9505908461036028, 0.9995735268280231, 1.0, -0.15439426374900586, 0.9999942282630944, 0.9999261106688109, 0.9948939759707746, 0.4085453191973726, 0.9998348234703351, 0.9998351787309263, 0.9883825302500252, 0.9999969632074373, 0.34158366895227416, 0.6602040883628293, 0.9895688713172812, 0.984172390482195, 0.9849588420724781, 0.21362109678997604, -0.19229409462481392, 0.9922863355778557, 0.9920161966772382, 0.1612908970918733, -0.259886456974756, 0.9992914021709742, 0.9993836542508017, 0.3415973592373907, -0.32988085841188486, 0.9986388304895478, 0.999291585191745, 0.9982357181192512, 0.38921090354988347, 0.9301868018473288, 0.9990188450351342, 0.9301868018473288, 0.9134805519430679, 0.6266742280689956, 0.9186836744188425, 0.8907577738346104, 0.6904497235173694, 0.41739442054830644, -0.0745346191456213, -0.2113377759394959, 0.9240407551690044, 0.4161009648184381, 0.9686234579442784, 0.9612830725954115, -0.0885469758512283, 0.8220680688723333, 0.7978351820338112, 0.8447540601061508, 0.7909085754154693, 0.759472530944531, 0.7909085754154693, 0.7521222926909932, 0.75890784122008, 0.7586273563136748, 0.75890784122008, 0.8309187027394049, 0.2985639457186856, 0.516841659642524, 0.6026732542428898, 0.516841659642524, 0.5181689972302136, -0.3633777811990637, 0.47816575548509205, -0.6662614495369277, 0.394108879692785, -0.1326888118496743, 0.3626625221301077, -0.1326888118496743, -0.14977081765235684, 0.8061347436945131, 0.8136025663243084, 0.8037156941510879, 0.7317250242194576, 0.409507876520884, 0.809843030702282, 0.8122310568116105, 0.809843030702282, 0.7169084642779748, 0.7169084642779748, -0.25441092807665644, 0.68185915826178, 0.2553696774027301, -0.5746784919982814, -0.6099454392057523, -0.6128403156712544, -0.0952485035938632, -0.010373336765190342, 0.36163834249942944, 0.0996717844788649, -0.40273017297670644, 0.10775242978295922, -0.8257409521793353, -0.11426366351052442, 0.030129934537743378, 0.030955135325547292, -0.5897011502980961, -0.609868647050245, -0.044560182077363654, -0.5753794277543801, -0.8448199642616278, -0.3392547959279748, -0.16547242138765333, -0.3392547959279748, -0.2708610038916892, -0.3084306034644412, -0.3084306034644412, -0.8386658088216888, -0.8386658088216888, 0.36591825897871044, 0.6035267927355055, 0.4964353068238623, 0.8086244235258822, 0.7603505670163829, -0.3105823567389818, 0.059660644282173256, 0.7659865569395589, 0.7843301089523291, 0.7659865569395589, -0.14149483761094714], [-0.1366181166282622, 0.9771127002930314, 0.5171395222447572, -0.14117450918444344, -0.3550621944124301, -0.1366181166282622, -0.15473052701128054, -0.16437326768695693, -0.3288258302313442, -0.2719515067273349, 0.9995698447725965, -0.15439426374900586, 1.0, -0.1537591077185533, -0.1496183847592982, -0.12529776654289396, -0.2919302625371694, -0.15522275297491817, -0.15524059974977925, -0.27804804417159745, -0.15482440350122229, 0.024414623081094437, 0.3089026781732941, -0.18951203671446396, -0.18985080583030015, 0.9849370689927398, 0.2466123892438115, 0.1862855341424257, -0.19006539172015127, -0.19068570617305822, 0.5366923127812396, 0.12046524826784939, -0.15226256078633518, -0.3138558669117973, 0.16494457323086048, 0.9607821300605797, 0.9986368065836992, -0.3456744996871895, -0.14694363122046145, -0.28176788432166777, -0.1526203338349943, -0.15300106440674724, -0.1526203338349943, 0.9135564270382956, -0.11891909111019407, 0.9186509728747008, 0.8906944191531213, 0.6904321521237341, 0.08397207445165492, 0.256297002020791, 0.6445973743719797, -0.27036326675302025, -0.2963015978717794, -0.06891937191236283, -0.3062563834318722, 0.02598025905632245, 0.26429801521686547, -0.023466483700611617, -0.31272746077070146, -0.021393628009089626, -0.010941358743977832, -0.021393628009089626, -0.4211593705455506, -0.10900355616248605, -0.11084070603445158, -0.10900355616248605, -0.21133038732327442, 0.06927916046415392, 0.045207664256205336, 0.045413080144860896, 0.045207664256205336, -0.41429942627118066, 0.007128762979309546, -0.37821915063213235, 0.6229894286353739, -0.34720624612854745, 0.008273681033138492, -0.06144159028342057, 0.008273681033138492, -0.3061093591003481, -0.3472048537716864, 0.8135809874396519, -0.12967049097292693, 0.012662889268679735, -0.21843327865423964, -0.26820274805142713, -0.2670668044857122, -0.26820274805142713, -0.029500612557340173, -0.029500612557340173, -0.23304950473773528, 0.6817824863690811, -0.16239509443325786, -0.012846496828651273, 0.20044563433059498, 0.199226049707637, -0.2508330069043336, -0.010493421889392148, 0.02010225611763367, -0.1725220320179508, -0.10830223818625202, 0.04283572284453616, 0.38915661567275345, 0.11605208649043922, -0.04158705751532831, -0.04543464799226474, 0.08832371283545183, 0.5727356304697924, 0.09427808255603287, -0.18782247329600288, 0.617235114179782, 0.09903890210722534, 0.10665111869930911, 0.09903890210722534, -0.23701729348223172, -0.19532718283606687, -0.19532718283606687, 0.3264259430316801, 0.3264259430316801, 0.3660285393946011, -0.25391755424053436, 0.015739837139141104, 0.08987384597137055, -0.2522560602180044, 0.0750741919219019, 0.15298844350099985, 0.10392649505936591, 0.10395267078819559, 0.10392649505936591, 0.1269246274579805], [0.9907390642331714, 0.9769221591194602, 0.5487053529663883, 0.992332226779535, 0.9967423319157996, 0.9907390642331714, 0.9999923066536955, 0.9989882086729691, 0.9999731017986387, 0.9502384873669966, 0.999522452888064, 0.9999942282630944, -0.1537591077185533, 1.0, 0.9999378370315446, 0.9974689808581367, 0.4086687856000808, 0.9998379448997662, 0.9998382085085891, 0.9885476915654652, 0.999994249385288, 0.3422839317720742, 0.6600392210755442, 0.9931183744504282, 0.9930034553423814, 0.9848307461156597, 0.21391780453547318, -0.1923411670584133, 0.9930310923850815, 0.9930776826766337, 0.16210145040117885, -0.25971398175112154, 0.9993426394380245, 0.9993829244539653, 0.340513868287404, -0.32900212155636777, 0.9985741625892138, 0.9992949913842142, 0.9985443005687269, 0.3893601585480585, 0.9296574309162958, 0.9990759394245224, 0.9296574309162958, 0.9137706599934037, 0.6274311601336402, 0.9190590986762279, 0.8911376316367238, 0.6901266031324674, 0.41883152073512064, -0.07288645463654318, -0.21154310238817442, 0.9244526126289833, 0.41640165443472177, 0.9690525295650885, 0.9616616096904241, -0.0895925910841398, 0.8223465046190662, 0.797753333743901, 0.8450190596503556, 0.7908687723015516, 0.7590763056725207, 0.7908687723015516, 0.7523171587821408, 0.7588616490061262, 0.7590553359177237, 0.7588616490061262, 0.8312747292234326, 0.29786189596025686, 0.5163106221945716, 0.6027075292409739, 0.5163106221945716, 0.5179908258264243, -0.3645815419653254, 0.47805742565700704, -0.6664172049082773, 0.3936991740790705, -0.13372329922062448, 0.3623038757145762, -0.13372329922062448, -0.14971283473120098, 0.8062696642298207, 0.8131699199262387, 0.8038056476207757, 0.7216191403261086, 0.4099124483560804, 0.8099696502955914, 0.8123465696887177, 0.8099696502955914, 0.7167088236996302, 0.7167088236996302, -0.2561250742446543, 0.6828071089307093, 0.2558909985980137, -0.5746515304330561, -0.6103431605944866, -0.613243303924833, -0.0964610891276888, -0.011678554763672676, 0.3619450002569026, 0.09920443129654584, -0.4030056146644439, 0.1078288307387291, -0.8248378960894696, -0.11410422630822498, 0.02903838385867011, 0.02985989531299455, -0.5903658217009597, -0.6101840393711896, -0.0439640162562934, -0.5768060223152626, -0.844807025808141, -0.3391899302720211, -0.16489966010004106, -0.3391899302720211, -0.2719085658161495, -0.30892513641352976, -0.30892513641352976, -0.8390225769710113, -0.8390225769710113, 0.3660919870375893, 0.6032057512820623, 0.49586851960165446, 0.8090824503478781, 0.7597861207002201, -0.3100834495361166, 0.05896471882671647, 0.7663927454252091, 0.7849428525915378, 0.7663927454252091, -0.1411616436962971], [0.9907986323231762, 0.976163036567225, 0.5515946937629346, 0.9923846595288739, 0.9967656291187377, 0.9907986323231762, 0.9999209656382793, 0.9986886580349472, 0.999933530635252, 0.9495053036756779, 0.9995592626614958, 0.9999261106688109, -0.1496183847592982, 0.9999378370315446, 1.0, 0.9975902953188367, 0.4063811056631236, 0.9997875863847602, 0.9997888324348785, 0.9884721735837649, 0.9999220220039308, 0.34312760875407816, 0.6622271271045318, 0.9924459922325805, 0.9835404428647628, 0.9849236198111757, 0.215567488490184, -0.19121748472695804, 0.992135442817005, 0.9921460121743721, 0.16533402068990546, -0.260100100156445, 0.9993438740084192, 0.9992280819740117, 0.34106447675542706, -0.3246605907931808, 0.9984788118918081, 0.9992633643264828, 0.998520643845011, 0.3870865182840673, 0.9286793218569662, 0.9990956271329285, 0.9286793218569662, 0.9120423384185691, 0.6274632866755623, 0.9174168721489738, 0.8892103936259617, 0.6871317421248957, 0.41926339628681236, -0.07146750832605991, -0.21214529695005122, 0.9236911335729127, 0.41357235232995004, 0.9693235155383662, 0.9611453809898267, -0.09215851355285376, 0.8216034072453344, 0.7982921468241142, 0.8451230934043631, 0.7914179633916355, 0.7613157177434724, 0.7914179633916355, 0.7508772547927111, 0.7584881234150554, 0.7601529749761106, 0.7584881234150554, 0.8318003228668837, 0.2985138495398247, 0.5165513685396849, 0.6041253896891585, 0.5165513685396849, 0.5167269445838624, -0.36684715169384197, 0.4768205848017839, -0.6638280093739839, 0.3927612659752941, -0.13459115479765169, 0.36259655082698283, -0.13459115479765169, -0.1533434956534264, 0.8061161193464734, 0.8121311896774994, 0.8030392470547942, 0.7336759430567701, 0.40854382794141136, 0.8099104204425339, 0.8122436184904241, 0.8099104204425339, 0.7171772405062332, 0.7171772405062332, -0.2565817633992047, 0.6851241684634611, 0.25582574003261627, -0.5768736859186833, -0.6103674504557773, -0.6132928338333636, -0.09860452183025037, -0.012702422558647402, 0.3627670767570878, 0.09755270893011314, -0.4056822546569583, 0.10869274909991143, -0.8233659340772079, -0.11276916892767563, 0.028598656193203172, 0.029365051947885485, -0.5916831799313877, -0.6051988690419378, -0.04292859267908289, -0.5777584277182145, -0.8425359020833111, -0.338986763010718, -0.1635805090967916, -0.338986763010718, -0.27242120478876236, -0.31235403242701193, -0.31235403242701193, -0.8367374986997557, -0.8367374986997557, 0.363495425700996, 0.6007257019354872, 0.49400765832117105, 0.8096979618487296, 0.757963282789241, -0.31173012595663935, 0.05690848277629249, 0.7669145376280454, 0.7862369389514883, 0.7669145376280454, -0.1405343697940264], [0.9934707733160096, 0.9849612953784027, 0.5882067700524808, 0.995065986577955, 0.9978096912168245, 0.9934707733160096, 0.9940687038196279, 0.9866189947428715, 0.9980971537081219, 0.9513646487421231, 0.9985091948999328, 0.9948939759707746, -0.12529776654289396, 0.9974689808581367, 