var config = { responsive: true }

var correlationAdjClose = {"data": [{"type": "heatmap", "z": [[1.0, 0.9999930152350478, 0.9839446082749213, 0.9999204637119111, 0.9988240198147551, 0.9888834535599272, 0.9973656275145331, 0.994988646613697, 0.9952682562473592, 0.9797124901138868, 0.9912632986744643, 0.9951415045630326, 0.9943175782940957, 0.9950464509971337, 0.9951918559627003, 0.9963836544626402, 0.9980823789348032, 0.9958065105575168, 0.9958212780928256, 0.9958399997846655, 0.995087562520648, 0.9848501493864574, 0.9676101187651404, 0.9871514044327551, 0.985940484643301, 0.9781621494011818, 0.9616079242479323, 0.9396603027160751, 0.9946272073276966, 0.994715701896396, 0.9917682715207257, 0.9746626734897903, 0.9972764031916583, 0.9975943612761711, 0.9969274533323351, 0.9952100966662436, 0.9946194310155247, 0.9974275301208632, 0.9974961142502802, 0.9986940677599069, 0.9972129385400726, 0.9972268101002632, 0.9759221628979, 0.9264531797764061, 0.7626970655142847, 0.9019119159465104, 0.916336323032261, 0.8509734895716422, 0.9705149064384737, 0.9445028326229672, 0.9716571346560102, 0.9678074553166542, 0.9628058735177539, 0.9864295852610788, 0.9827933375633389, 0.983181166956605, 0.9758091779740944, 0.9851332518609589, 0.982384147152595, 0.9857969112552499, 0.985548707274235, 0.9631630129999029, 0.9646938227982089, 0.9705196483394399, 0.970197223635227, 0.9414825454867735, 0.9742830497592965, 0.972759022282647, 0.9811412751364029, 0.980201621116905, 0.9339936769261836, 0.8514406009904361, 0.819714325024349, 0.8703477113945417, 0.8995578682371747, 0.8935474727069288, 0.8980949668809459, 0.8967804639110433, 0.6062711611754817, -0.516457496963839, 0.9750046006591693, 0.9644873830669346, 0.9611052501810955, 0.9841176970757213, 0.9520205498060009, 0.9803065439030018, 0.9802581538787716, 0.9420867976526247, 0.9806609012863277, 0.9468642767660481, 0.5979670325447718, 0.8373208500453577, 0.9104430564457565, 0.2898756774953249, 0.9145962353955823, 0.9363712637324733, 0.8058097760234737, 0.954188620327813, 0.8963303067663881, 0.6704737584552967, 0.4970629714014139, 0.891990628473155, 0.8611331485375401, 0.8880502960201127, 0.9656375323802623, 0.9658882978756113, 0.7379305152488911, 0.6978660650796212, 0.828649669667797, 0.32707342888761665, 0.79478439753268, 0.8328545843605614, 0.8193371767104684, 0.8175273509198535, 0.7333242704287717, 0.7370666414070367, 0.7164590550797444, -0.2280678435189844, -0.3613834735411737, 0.6145950017916815, 0.9009472376286695, 0.9471515904076392, 0.9506389480508537, 0.9198071789053459, 0.827911263299629, 0.918411586544079, 0.9406256893294812, 0.9404465718577804, 0.8757053783494568], [0.9999930152350478, 1.0, 0.9803407913921949, 0.9997487646042644, 0.9972021157263029, 0.9899174167647169, 0.9923427125479812, 0.9873123072386472, 0.9873575143956305, 0.965575215397746, 0.9900301726445315, 0.9876056234772537, 0.9873943891000776, 0.9874495009410988, 0.9875569811491205, 0.992855534536026, 0.9948271547300198, 0.9911676431422276, 0.9911694388313422, 0.9874450779978869, 0.9875140241640127, 0.9866579504949569, 0.9579503663454509, 0.9822712302590858, 0.9818342715338718, 0.9779826189327372, 0.9690359486079184, 0.9012794557200995, 0.9880699102782983, 0.9832260294205329, 0.9759050469227163, 0.9094758171304886, 0.9942306003247963, 0.9940213024069403, 0.9943343109368773, 0.9889124457579193, 0.9936569545037299, 0.9943077027236452, 0.9946627765463725, 0.9966611454148004, 0.9943457479399395, 0.9943560351707611, 0.9841963056129851, 0.9262618028202624, 0.6469532359857524, 0.9019669417784861, 0.9172113255873895, 0.8511078416210349, 0.8886729907752247, 0.9141385923147318, 0.8926015181135739, 0.9055773254809515, 0.8874961269942275, 0.9568054115267313, 0.9566866850812507, 0.9711056382072938, 0.9757804426835475, 0.9684855237299159, 0.9681334762788597, 0.9715918810707537, 0.9715009912612199, 0.928176773136148, 0.9365486624102894, 0.8974364999997266, 0.897293831668307, 0.7789928209846877, 0.9655834224548918, 0.9681749594944217, 0.9685139473646718, 0.9679033136721662, 0.9238678319692287, 0.6121586853745001, 0.5500795077948144, 0.7142699622297733, 0.8176760252549916, 0.7374914517333493, 0.7803171083658447, 0.778654081851876, 0.5398015989909081, -0.266715771374483, 0.9503760763550341, 0.9588046115979741, 0.9500383467311483, 0.9722217225615931, 0.9260691771544463, 0.9557614197064663, 0.9546427960063197, 0.8879982820721669, 0.9593452052205436, 0.8951134691959511, 0.38598792424255496, 0.8362505432657137, 0.8384192934360745, -0.11438308162987612, 0.5887249829461958, 0.6986873074302339, 0.6152294783428977, 0.9495318705396073, 0.6359707177230662, -0.18539599530411968, -0.09309536477550084, 0.6027345962489442, 0.6114289526018278, 0.6581250411206542, 0.9513608154046006, 0.951162487239998, -0.11229629548904221, 0.11497416940255038, -0.0322088102278426, -0.06339992032423236, -0.03607829305272048, -0.019965589973944015, -0.050924039968176786, -0.08942643103420457, 0.2866382850654598, 0.04265369546652902, -0.0036803237077499638, -0.45808651152243074, -0.4863837563038049, 0.6150751549608479, 0.7425556190673567, 0.7642810909756386, 0.8275882645393828, 0.8210315114632619, 0.522280216325435, 0.7291338510904067, 0.7631093246370431, 0.7616923497774273, 0.41427004290029545], [0.9839446082749213, 0.9803407913921949, 1.0, 0.9854102971267376, 0.9923383496313222, 0.9893226333616565, 0.9905979760265642, 0.9909171400332104, 0.9942386881678428, 0.9531023276660148, 0.996684118972715, 0.9908236035808728, 0.9927824287984698, 0.9909826394775468, 0.9908857153364796, 0.9914418935785769, 0.9897240776342794, 0.9894224236801618, 0.989387388027989, 0.9927440126664233, 0.990845086339113, 0.9929722112697172, 0.9776122597241939, 0.9902780301917069, 0.9906558826365027, 0.9761293380959291, 0.9806058955694132, 0.9434634132437941, 0.9737779431129283, 0.9768730631962945, 0.978352621746126, 0.9497459607832853, 0.9878210007002204, 0.9909446357780884, 0.9891262236824527, 0.9929879676457463, 0.9943192189739345, 0.9919353594046911, 0.987178509958064, 0.9867575166705018, 0.9880939146439762, 0.9874480222397083, 0.9899723170378726, 0.9260800207541021, 0.7046670853988124, 0.9289082393177336, 0.9034419980165206, 0.7531798421320001, 0.9315274532168302, 0.8994483298491843, 0.9326863295229448, 0.9276712040275646, 0.9203314809309783, 0.9537275374031527, 0.9605094882847238, 0.9273156125546624, 0.9426166898313649, 0.950632062397709, 0.9558062872469826, 0.9513554923244032, 0.9255461726914029, 0.8879119435345197, 0.9197030249832348, 0.9213445187232167, 0.9053212293102658, 0.8541458208476144, 0.9557045608663983, 0.9326072688409139, 0.9512202380367119, 0.9292428905023622, 0.7510047844950412, 0.7870401174915695, 0.7259582359784058, 0.8077973206625367, 0.8566356280115952, 0.8530038390555778, 0.8269292758158109, 0.8403858303561493, 0.27916512183953074, -0.5223832834358532, 0.9407890038449024, 0.9081160044570031, 0.914398242621417, 0.9278788559043882, 0.9147808456955709, 0.9468937529833427, 0.9465378569015945, 0.9034258906984161, 0.9438751790165953, 0.8234118638869172, 0.5666069223982025, 0.9209083163667294, 0.9299913613755857, 0.2232241637839283, 0.8929600378447379, 0.9177480657767987, 0.7909557270999948, 0.9759562090800085, 0.778872787129832, 0.5796756719979717, 0.4184222517703764, 0.7851661892917157, 0.7856255647124062, 0.773544539779909, 0.979932274453741, 0.9799826947736834, 0.6549826155966002, 0.629388136693815, 0.7162152339229964, 0.25333942197323334, 0.6885062563215324, 0.7125305097693919, 0.7280841556658891, 0.709030228471543, 0.6834817918701828, 0.6602188941712797, 0.6375258222060365, -0.3061115766109237, -0.4386818975108205, 0.5624940735037902, 0.8594044173143915, 0.8975578394426244, 0.8982097640068488, 0.8920098281237481, 0.7562628346820401, 0.871679183472685, 0.8860275716461461, 0.8951128190483068, 0.7403438227877988], [0.9999204637119111, 0.9997487646042644, 0.9854102971267376, 1.0, 0.9991471682348312, 0.9897605955158778, 0.9977437222247582, 0.9955494192612027, 0.9959422075410321, 0.9794890697728547, 0.992954441672216, 0.9956846173582732, 0.9950741327975324, 0.9956053662992289, 0.995727170132289, 0.9969184443119632, 0.998435739011316, 0.9962946958576802, 0.9963069779536866, 0.9964207541251253, 0.9956335659618042, 0.9861602761237939, 0.9689595404298278, 0.9883073564760912, 0.9872073351350116, 0.981056323357821, 0.9637820911331401, 0.9408951477283404, 0.9941929094918054, 0.9944447461209015, 0.9919646633036042, 0.974421933339292, 0.997468595646001, 0.9979503296392814, 0.997276458050531, 0.9958223734459823, 0.9956180906549406, 0.9978241207999806, 0.9976346652628899, 0.9988177829746108, 0.9973951074093855, 0.9974059719117656, 0.977759611794077, 0.9222472538984234, 0.7564123355131053, 0.9026148119525402, 0.9130796218795472, 0.8402381308390067, 0.9676985430152437, 0.9410656255609846, 0.9687249538879527, 0.9652088991550176, 0.9600541485087702, 0.9843936091742619, 0.9812977905696136, 0.981222080760479, 0.9736207306668891, 0.9833904760665124, 0.9813236814114389, 0.9839744389164635, 0.9837230054542424, 0.9479378169532426, 0.9628281125528373, 0.968732031065127, 0.9684126607593011, 0.9342966198637899, 0.9733422213133028, 0.9686581837322612, 0.9791236083976165, 0.9781392043567742, 0.9027231352694809, 0.8491481903926044, 0.8145865303334867, 0.8677148532096673, 0.8956544317544343, 0.8925206638700536, 0.8948088123933456, 0.8935743198950219, 0.4991309134140118, -0.5167458583768922, 0.9735632436329105, 0.9616641473685251, 0.9584876493752968, 0.9821625341467481, 0.9503010737981064, 0.9790473656347476, 0.9790008222628636, 0.9405975639661535, 0.978691364036902, 0.9240959958166284, 0.6039765951490572, 0.8474987767460537, 0.9151019185978153, 0.2910518997877526, 0.9163716248055276, 0.937896977676279, 0.8062488435359553, 0.9557697486242945, 0.8902504021891151, 0.6675920498832608, 0.49464312542220107, 0.8870117769141015, 0.857691115701431, 0.8827314692716135, 0.9668143066818768, 0.9670727595145789, 0.7371784572460036, 0.6983552344834636, 0.8207818318795823, 0.32940972319460815, 0.7893230844694018, 0.8247001999006086, 0.8112608652695406, 0.8123610918353428, 0.7365146529003185, 0.7373484395305686, 0.7168029022075593, -0.22344614383704706, -0.36060212504646594, 0.6123993436534232, 0.8991775856487977, 0.9455290446807177, 0.9490493974774556, 0.9188711342776358, 0.8251939160049493, 0.9165880120749819, 0.9385750134989951, 0.9385554259104476, 0.8679962489908509], [0.9988240198147551, 0.9972021157263029, 0.9923383496313222, 0.9991471682348312, 1.0, 0.9923608861765024, 0.999049023834418, 0.9981713466455681, 0.9982240056809397, 0.9724725453056172, 0.9974119034735042, 0.9982266652221793, 0.9979659384894077, 0.9982075625236216, 0.9982738920894075, 0.998529260093801, 0.9991351925424434, 0.9986290971562845, 0.9986321169878317, 0.9983073701483749, 0.9982089468556264, 0.9931876551447344, 0.9766447303958044, 0.9932495428865544, 0.9931535115414792, 0.9852636163638907, 0.9784050276438601, 0.9441986171988449, 0.9908434304883325, 0.9928783435097996, 0.9899766426199723, 0.9651213357351921, 0.9989730416829714, 0.9989967951523145, 0.9989794647378204, 0.9983392613477231, 0.9985457067163525, 0.9990775829959622, 0.9991408950252211, 0.9989979637191997, 0.9989553293408023, 0.9989587092752777, 0.9884014039826255, 0.9321080375813375, 0.7322294502947165, 0.9193927152953593, 0.915653286998074, 0.8190913150408602, 0.9524300370991667, 0.926711575787464, 0.9560018394699029, 0.9564432883908365, 0.9512229339026765, 0.9803397637814503, 0.980283541303011, 0.976430038236161, 0.966505079419541, 0.9774248545515002, 0.976152217135207, 0.9777360451482214, 0.9774166708227338, 0.9492884762643391, 0.9511338395929899, 0.9472952815234743, 0.9468556960380787, 0.8963087550397107, 0.9696447003347732, 0.9663738691481565, 0.973511559116144, 0.9724572209472263, 0.9273444284755928, 0.8217136741030773, 0.7725689674766599, 0.8477212035827302, 0.8963638134955285, 0.875996010201401, 0.8853671206280174, 0.8841342365358851, 0.6556656857026816, -0.5893962771368645, 0.9651637617805957, 0.9471920073508987, 0.9457470362173348, 0.9777041384173019, 0.9326234184635551, 0.9702177476119949, 0.96968297904518, 0.9276395203635984, 0.97248034060118, 0.9324288235228498, 0.5887418098330637, 0.8742739878190731, 0.9367128004878381, 0.19153620577326577, 0.8906816658640131, 0.9192759023477355, 0.7994513739558645, 0.9620910960372797, 0.8770164456388253, 0.5221942660499034, 0.3726685018610539, 0.8639810794765541, 0.8139851710714112, 0.865005484350607, 0.971509741227188, 0.9717087131053346, 0.6883042988396676, 0.6772238851329193, 0.7328572083357663, 0.30173217783806566, 0.6655462578749104, 0.7388205249435568, 0.7142785991097015, 0.6945971590700031, 0.7185240299764801, 0.7185215722737964, 0.6969252443875333, -0.45336299737742236, -0.5269967206131035, 0.5982067378158193, 0.8912470578080701, 0.928821835908161, 0.9395953865271754, 0.9147819232793833, 0.7991747908232014, 0.8970162483767822, 0.9219483071209055, 0.9214678964485842, 0.8008571069975177], [0.9888834535599272, 0.9899174167647169, 0.9893226333616565, 0.9897605955158778, 0.9923608861765024, 1.0, 0.9893513386881673, 0.9890401661338281, 0.9883929445841761, 0.9663947571449943, 0.9779677497273603, 0.9890133037161474, 0.9900395752826804, 0.9891041206046772, 0.989198126551945, 0.9920207988648738, 0.9902666249711669, 0.9899805138974884, 0.9899566631859974, 0.9878284686976919, 0.9890349546287555, 0.9962066493543873, 0.9909048692522147, 0.9884471978024132, 0.9881034239174252, 0.9637855066159056, 0.9835509922813767, 0.9642501557196742, 0.9752667257170559, 0.9784576618822091, 0.9870299037750262, 0.9742435150711789, 0.9893804837175187, 0.9894934947328283, 0.9903121369938701, 0.9900602964200956, 0.9814669640754065, 0.9901621874048795, 0.989711111171298, 0.989456106520873, 0.9894766481771766, 0.9894578982715498, 0.9941345612836607, 0.8866995443235395, 0.7424875187097614, 0.87705196002111, 0.9158999257413929, 0.8502522578082242, 0.9417686159353702, 0.914182900658708, 0.9433345900641635, 0.94964057049308, 0.9401989387957842, 0.9651646354514327, 0.9696572205711641, 0.9658454534774845, 0.9768229360375783, 0.9671953036344021, 0.9788020685822487, 0.9671804914329089, 0.9665892653522357, 0.9642638056718731, 0.9566308426669364, 0.9428134996902756, 0.9423244905049342, 0.9268685235325644, 0.9753651969895459, 0.9676330205468161, 0.9666865074253682, 0.9648990260514313, 0.9442285684967663, 0.8488599803957263, 0.8008466264150812, 0.8691351434642928, 0.8901198884648807, 0.8971576764341661, 0.8811987505240562, 0.8792891759792016, 0.6245300868732147, -0.4874413121182062, 0.9720726311994884, 0.9655413681709623, 0.9625719154744041, 0.9670561206096907, 0.9470404131559178, 0.9729538420092755, 0.9726281150229998, 0.9497859906775499, 0.962494455224111, 0.9497446629989653, 0.602486349819953, 0.8032793905033659, 0.9307833641734209, 0.299155346279467, 0.9042965058834395, 0.9245129013934056, 0.8032593935374306, 0.9518529718117429, 0.8492732484515799, 0.6227370234735371, 0.47431100952387373, 0.846517034071257, 0.8203287807647274, 0.8432108098362469, 0.9543703742986598, 0.9544537039433321, 0.7028030552111075, 0.6802934789811282, 0.7682410405656757, 0.33058906737861476, 0.7441644035702124, 0.7739284458798324, 0.7597117698043069, 0.7621215486286331, 0.724584917019958, 0.7105970886112489, 0.6921044086605461, -0.254528845511166, -0.37936946026315527, 0.6481978193654235, 0.8902531340718306, 0.9080989799583739, 0.9154637931672321, 0.9034477333655726, 0.803194039690773, 0.8765797211797498, 0.8998120942295973, 0.8998128650682239, 0.8459790461804799], [0.9973656275145331, 0.9923427125479812, 0.9905979760265642, 0.9977437222247582, 0.999049023834418, 0.9893513386881673, 1.0, 0.9970291437258071, 0.9995107752195355, 0.9711445965145379, 0.9993849723904145, 0.9980369975371448, 0.9990451622407337, 0.9989663181071881, 0.9987275374946329, 0.9980582094190358, 0.9998727791490735, 0.9992153408377654, 0.999220838733591, 0.999633377909558, 0.9991817619121586, 0.9906153112577096, 0.9734401443272467, 0.9834865143538343, 0.9921343616365714, 0.9844080951056342, 0.9704705698726558, 0.9394784291245658, 0.9925457190616723, 0.9917277166952359, 0.9929587763959894, 0.9707451263261365, 0.9987659578108355, 0.9998063893146394, 0.9996018473595546, 0.9993665475801169, 0.9996188798834457, 0.9998383338330384, 0.9977960146629404, 0.9994786223612213, 0.9992352378968276, 0.998822621320008, 0.9832652671201515, 0.9352387679270423, 0.7453376739948421, 0.9297437670683099, 0.9216115446740478, 0.8065838281135558, 0.9609894422080316, 0.9401077422938134, 0.9619054043468741, 0.9597034236325114, 0.9552291587043256, 0.9821466928011184, 0.9800226321890423, 0.9370392668720783, 0.952143308971766, 0.9667901730893145, 0.9671107785106985, 0.9687292945618258, 0.9375357262271513, 0.8829012351082555, 0.9403576257309831, 0.9530520926517725, 0.9297562567290413, 0.8691260965632953, 0.9582728954573669, 0.9255144260987831, 0.9600519917810882, 0.9371779760403125, 0.7155779897233654, 0.8161236606275671, 0.7483834289725302, 0.8331194982888648, 0.8637738558125689, 0.8670966161109712, 0.8480670830373911, 0.860463835366667, 0.23410237882070623, -0.552746681133142, 0.9550540871653062, 0.9294278870627287, 0.9302994749274623, 0.939709318791382, 0.9319333529957449, 0.9638367642008489, 0.963909548515677, 0.9183256417118306, 0.9599137090258292, 0.8085901807991679, 0.5855729770411324, 0.8769177021155167, 0.9147763214653815, 0.27201895663905745, 0.9138082732836442, 0.9365572615625136, 0.7997352121997497, 0.9621274474624962, 0.8309104762087907, 0.6534869085691994, 0.4779789863926086, 0.8427228476159554, 0.8352161508412476, 0.8281521204889485, 0.9718963338527665, 0.9721692990124223, 0.7216508003080155, 0.6726652293627198, 0.7850020494665708, 0.29642047521157133, 0.7650813457867128, 0.7935783381351772, 0.784871216485382, 0.78999602909132, 0.7137880449499583, 0.7225990038496862, 0.7001746046575276, -0.2438943404448874, -0.388190369113834, 0.6178198729590834, 0.8915122519071357, 0.931203629540632, 0.9462782528500006, 0.9170742056218267, 0.8224233317482772, 0.9153887940326398, 0.937538543189883, 0.9369147876482287, 0.7743065151759343], [0.994988646613697, 0.9873123072386472, 0.9909171400332104, 0.9955494192612027, 0.9981713466455681, 0.9890401661338281, 0.9970291437258071, 1.0, 0.9999836040047707, 0.9648443340933588, 0.9996059641046557, 0.9999968416708815, 0.9996476807726844, 0.9999977289391786, 0.999980891440063, 0.9962828651913308, 0.999156861341077, 0.9998806722865868, 0.9998804319181938, 0.9999540450419994, 0.9999943057878296, 0.9908113946111243, 0.9742943133385528, 0.9913715164172218, 0.9926167278584704, 0.9807757990758343, 0.9726156762766942, 0.9378386714388613, 0.988885377745269, 0.9944240472859863, 0.9916850242077042, 0.9673280182492509, 0.9994225854229526, 0.9994713735588334, 0.9996118347669939, 0.9996666134271491, 0.9986494151944416, 0.9993735903571221, 0.9990883249635557, 0.9981082388814655, 0.9994929332190599, 0.9993522349200653, 0.984589800246556, 0.9363417072961685, 0.7322336613671652, 0.9377997963463541, 0.9196379208363633, 0.7839765644148531, 0.9597458308641107, 0.9351512665655426, 0.9603195559070857, 0.9532766520271834, 0.9488553792688986, 0.980262476443247, 0.9767747197200399, 0.9308741378240639, 0.9449135785674365, 0.958119354880503, 0.9624215719315746, 0.9606127767722759, 0.9354413000661269, 0.8705053225433528, 0.9334822204449525, 0.9446597410338371, 0.92343621655088, 0.8525566990311388, 0.9539182554431062, 0.9172237101156392, 0.9527138893598853, 0.9313755187872793, 0.6967398109282581, 0.8050780925695982, 0.7431898375184214, 0.821946767316376, 0.8539694904604694, 0.8602867102021602, 0.8424775116223302, 0.851638885588591, 0.21182739795138483, -0.5601666745420855, 0.9487795069963921, 0.9174409876964712, 0.920481522056496, 0.9373298522756528, 0.9237210587457789, 0.9578066642746667, 0.9578877756498365, 0.9097925958515809, 0.950727985451326, 0.7916334346940115, 0.5797759207460623, 0.9012304606321081, 0.928111262788617, 0.2595795590652953, 0.9127239853104929, 0.9358644667060959, 0.7968311878996819, 0.9671550672104027, 0.8353142291895927, 0.6396237990360016, 0.46457179868823073, 0.8445419982694446, 0.8323586038260408, 0.8321828832798953, 0.9751423832717621, 0.9754177695187747, 0.7112956002861486, 0.6631493314906186, 0.7875657171627316, 0.28039381690271287, 0.7600683835244743, 0.7895729125667156, 0.7867056755847676, 0.7847238747943757, 0.705695814420805, 0.7159040869828316, 0.6927338484327408, -0.26177530532092924, -0.4051613989637716, 0.5969827435069892, 0.8826392737247685, 0.9291768256109416, 0.9385601060197781, 0.9104763084690141, 0.8106217205338686, 0.9089161824991246, 0.9312800931446643, 0.9309257911877188, 0.7533028627480128], [0.9952682562473592, 0.9873575143956305, 0.9942386881678428, 0.9959422075410321, 0.9982240056809397, 0.9883929445841761, 0.9995107752195355, 0.9999836040047707, 1.0, 0.964127123175442, 0.9996046852076831, 0.9999811271638848, 0.999826571745861, 0.9999896156420509, 0.999996729785941, 0.9989436821474524, 0.9991115054885247, 0.9998112322869304, 0.9998105343301539, 0.999965715875167, 0.9999821568836041, 0.9934333953102787, 0.9752813199546179, 0.9946640570367712, 0.9948336806495269, 0.9807664660356241, 0.9766886066758236, 0.9388173124657784, 0.9894154382149128, 0.9934603046752556, 0.9886471986409806, 0.9626638834135244, 0.9993313418912503, 0.9994121859851385, 0.999407789342453, 0.9998270695031289, 0.9986616789083681, 0.999366715557585, 0.9993057000042804, 0.9980852527902213, 0.9993239965268085, 0.9993186992908315, 0.9888355234129679, 0.9365316461688644, 0.7331729142708914, 0.9380244863786842, 0.9201936965724766, 0.7841988331344768, 0.9479749186976489, 0.9215808658923362, 0.9510924659349022, 0.9507705388211074, 0.9463101781769991, 0.977483390441879, 0.9769331323218273, 0.9643529342283133, 0.9453740348900442, 0.9652645291110566, 0.9624580730361972, 0.965677738464238, 0.9653001659953893, 0.9348646017943509, 0.9326645534699217, 0.9353941478267686, 0.9349621660286801, 0.8831960119672403, 0.9542650524717813, 0.9556098589396045, 0.9619916797638043, 0.9606655425850761, 0.9126253336499418, 0.8042950020556281, 0.7489567551518364, 0.82108676970419, 0.8753261103195482, 0.8581554854927985, 0.8661963071833315, 0.8651732931807663, 0.5975664829834378, -0.6241188621175499, 0.9486526262838599, 0.9174699641503878, 0.9205509106043993, 0.9658715329694261, 0.9151264305125928, 0.9572171995688009, 0.9566390294447344, 0.9105337100164189, 0.9597572622915306, 0.915653859594904, 0.577796055904169, 0.9007215452105763, 0.9435189869678311, 0.2030454106693304, 0.897417882366741, 0.9251206542312488, 0.7958880880149565, 0.9656964623456961, 0.8835800636608231, 0.5482360645161801, 0.39690099223858494, 0.8711064430209404, 0.822231967318554, 0.8728102406182031, 0.9750465220815535, 0.9753412584645249, 0.70916891245535, 0.6601973975492775, 0.7490963577601815, 0.2779961511928303, 0.6838298491299672, 0.7545970768665441, 0.7319775694697391, 0.7131195199357455, 0.7028878572321215, 0.7125758954270864, 0.6893656472899383, -0.5040393161592592, -0.57942037020827, 0.5970634848477624, 0.8815673392688489, 0.9276888574832249, 0.9395437380651762, 0.9095010906651909, 0.8053383287633747, 0.8969334869602035, 0.9208989990414189, 0.9203294525577217, 0.809656453062605], [0.9797124901138868, 0.965575215397746, 0.9531023276660148, 0.9794890697728547, 0.9724725453056172, 0.9663947571449943, 0.9711445965145379, 0.9648443340933588, 0.964127123175442, 1.0, 0.9478076123369619, 0.9652489845398947, 0.9641186164012215, 0.9649693032273973, 0.9645111579814563, 0.9662663732459461, 0.9751605248046845, 0.9697626766554468, 0.9697695752296843, 0.9650244088361011, 0.965100863500852, 0.9650789453046666, 0.9508871106889814, 0.9722037793280612, 0.9700311682690181, 0.880103595814559, 0.968559929076854, 0.9488238350268745, 0.9746704474793161, 0.9684924637609647, 0.9685089225581095, 0.9326417461400502, 0.9736003428496196, 0.9731509555733245, 0.9736580639116565, 0.9653043035507171, 0.9562065330901621, 0.9726296975124423, 0.9734613405349806, 0.9784235482234128, 0.9737972096735292, 0.9738148624047436, 0.9554674060166168, 0.8407845274316346, 0.5538412523638298, 0.7787866675706843, 0.8930101267835353, 0.8794729321676625, 0.9019355389063675, 0.8208190667056569, 0.906454298287746, 0.914470273067329, 0.9036416855242732, 0.9296553627285375, 0.9295029069378092, 0.9442271373255273, 0.9355955868108302, 0.9549634505711575, 0.9483225726931639, 0.9531767316077984, 0.9532049049282137, 0.9132028283681489, 0.9514284738050072, 0.9347211549450757, 0.9344029161289084, 0.8506377629864204, 0.9359361198013672, 0.9443036871132819, 0.9372760457327176, 0.9362589513478308, 0.8876941575349659, 0.8122335747791651, 0.7671380629748548, 0.8570575100156035, 0.911256388057278, 0.8814153821925085, 0.8963590067771896, 0.8956088874312172, 0.6981128935007047, -0.30318612580242776, 0.9528700909314733, 0.9539435796127018, 0.9457482411528907, 0.9461443604911001, 0.9057226421153721, 0.9541936184497474, 0.9540560277382201, 0.8999039143701366, 0.9564219025546805, 0.9056456291223968, 0.6942678401025543, 0.6509929291645161, 0.8602557389434407, 0.19238533102592, 0.8460544983900247, 0.885444124953449, 0.8708634532994249, 0.9477082384169179, 0.90451117037401, 0.45323707910353983, 0.41302793714015523, 0.8968764916116181, 0.8717497904720602, 0.9029971418325925, 0.9480860383065707, 0.9484427710331614, 0.5371308671440612, 0.6999319460322534, 0.6133500481983442, 0.4826134962291777, 0.5711891139433802, 0.6281078613140911, 0.5887237583043914, 0.565408165875553, 0.799277680875642, 0.6763284650650623, 0.640880640233925, -0.27245002061711565, -0.3177064397282204, 0.7421482295984934, 0.9163797807776187, 0.9224391671702837, 0.9086248486884073, 0.9411566620792576, 0.6507607217842665, 0.8387036557990568, 0.9084428467149522, 0.9075602979615649, 0.6912385654413172], [0.9912632986744643, 0.9900301726445315, 0.996684118972715, 0.992954441672216, 0.9974119034735042, 0.9779677497273603, 0.9993849723904145, 0.9996059641046557, 0.9996046852076831, 0.9478076123369619, 1.0, 0.9996395339367805, 0.9996144513639229, 0.9996229090091485, 0.99963171131215, 0.9993536040767765, 0.9987166603721411, 0.9999501791593792, 0.9999507716640221, 0.9996216566821736, 0.9996324040751583, 0.989034436553554, 0.9530881240508237, 0.9901158316254141, 0.9913722842772003, 0.9860247710155912, 0.9667704259428739, 0.8861454408852455, 0.9881852724531943, 0.9920329589318291, 0.9711574646473233, 0.8911824021631374, 0.999095113855322, 0.9991678149167726, 0.9990860477587452, 0.9994322968411271, 0.9993570043806846, 0.9991053410482017, 0.9989572301516189, 0.9967301741279814, 0.9990619773483355, 0.9990588832140541, 0.9886106122979079, 0.930456839157694, 0.6005002065058225, 0.9330588321003871, 0.919591643551393, 0.7892561601713115, 0.866785308727558, 0.8902142226151267, 0.8724659880762914, 0.8786877924803959, 0.8635800809474462, 0.9503820174137181, 0.9502973524682105, 0.9448867513127504, 0.9475407979735267, 0.935215134301858, 0.937702917878588, 0.9402958998796614, 0.9400874440222003, 0.8844315188569037, 0.8960091116823563, 0.84916592068543, 0.8489427631972416, 0.7138325354267138, 0.9406574243074148, 0.9443950007936692, 0.9447147789905403, 0.9440089268087287, 0.8871505092100428, 0.5559815093021372, 0.48959852358295025, 0.6577447392718335, 0.7693863980129558, 0.6878711870623043, 0.7318097238293386, 0.7308414173824531, 0.4762998328347472, -0.3969201932989429, 0.9099404730185557, 0.9217641511011585, 0.9095687089774611, 0.9466251257054067, 0.8789878693705976, 0.9167849301265804, 0.9153360469261955, 0.8361587041661988, 0.9218546997531297, 0.8451205573541717, 0.44929369579616946, 0.8961792787080677, 0.8947472872276205, -0.09634547675491117, 0.6394157863004369, 0.7376128990084111, 0.6300586399249266, 0.9670905149745321, 0.6492403527863629, -0.13395121254769576, -0.06442901100057902, 0.6209991540167594, 0.6263014836922175, 0.6686081254272557, 0.9685128301449251, 0.968568536684164, -0.048607203466035, 0.17083183114585054, 0.03344739031959384, 0.0008813823043032681, 0.026987348953913987, 0.04597647968471281, 0.013645888494141016, -0.03188152808214627, 0.34853418056342383, 0.08979838350759624, 0.03954380315373236, -0.5290925062017782, -0.5572892435376735, 0.5972328285651783, 0.7328547715134653, 0.7556356110862119, 0.8214732493214522, 0.8188719300697476, 0.4992155460789169, 0.7162211394985101, 0.7539233010827221, 0.7525953871667624, 0.40094476725612965], [0.9951415045630326, 0.9876056234772537, 0.9908236035808728, 0.9956846173582732, 0.9982266652221793, 0.9890133037161474, 0.9980369975371448, 0.9999968416708815, 0.9999811271638848, 0.9652489845398947, 0.9996395339367805, 1.0, 0.9996340244976001, 0.9999976166823411, 0.9999839393242637, 0.9969458817112519, 0.9992168745857735, 0.9998927579537813, 0.9998926322544279, 0.9999620430779536, 0.9999947857161762, 0.990730376430682, 0.9741837221100166, 0.992022386135916, 0.9925851039881257, 0.9810223952046322, 0.9724633487174065, 0.9378817010549749, 0.9897624287516593, 0.9944680030328119, 0.9917482462578354, 0.9674623129731806, 0.9994638787416824, 0.999515670305093, 0.9996458920715537, 0.9996692790082451, 0.9987475682661956, 0.9994206027088232, 0.9991262259465057, 0.9982040100701023, 0.9995357207411945, 0.9993943522273282, 0.9844142112216611, 0.9365766799291473, 0.7329076535707985, 0.9376663493366253, 0.919877879501662, 0.7851788802033635, 0.9600431288476944, 0.93555789858521, 0.9606259225567034, 0.9536307040909682, 0.9492248550364918, 0.9804884123265792, 0.9769478352679968, 0.9312335109949176, 0.9452201610968695, 0.9584872951009841, 0.9626352625068942, 0.9609708902394899, 0.9357322636173979, 0.8708124542883907, 0.9338435826381696, 0.9451233358313711, 0.9238971953950451, 0.8530849538232828, 0.9540865790820524, 0.9175185708297222, 0.9530080868683221, 0.9317178888124377, 0.6969915008825597, 0.8056552612215079, 0.743782342193572, 0.8225199037850249, 0.8544013490851444, 0.8606330024543967, 0.8429508425977874, 0.85214156229475, 0.21227437676277008, -0.5599434282418233, 0.9490815388086014, 0.9180266303748655, 0.9209424197248438, 0.9376048206112784, 0.9240893393567213, 0.958101740609766, 0.9581826030752363, 0.9101323887236257, 0.951120524410396, 0.7920134647102987, 0.5800898434283391, 0.9001416700764245, 0.9275618837830656, 0.2601313913612889, 0.9128134621369202, 0.9359451724592592, 0.7971380987985294, 0.966982174686992, 0.8357313874078393, 0.6405776362363438, 0.46546107727452923, 0.8449854671594751, 0.8328845700074533, 0.8325869333059389, 0.9750584428117506, 0.9753337486923951, 0.7119556877943245, 0.66379909061225, 0.7881071944315662, 0.28134027768493786, 0.7607443343680508, 0.7902257842880603, 0.7872518508288235, 0.7854072972051883, 0.7061478358684802, 0.7163647401189369, 0.6932274960665951, -0.26069410185422426, -0.40417641921277736, 0.5976647531082474, 0.883145184627914, 0.9295637736626283, 0.9390433443688274, 0.9109151564837386, 0.8111633775794781, 0.9094414302041967, 0.931792534004204, 0.9314238782067441, 0.7539627298686155], [0.9943175782940957, 0.9873943891000776, 0.9927824287984698, 0.9950741327975324, 0.9979659384894077, 0.9900395752826804, 0.9990451622407337, 0.9996476807726844, 0.999826571745861, 0.9641186164012215, 0.9996144513639229, 0.9996340244976001, 1.0, 0.9996706330424939, 0.9996544259656964, 0.9990571943997713, 0.9986949246792793, 0.9994440882528959, 0.9994376030770119, 0.999649127180154, 0.9996241492292053, 0.9926881266708653, 0.9758038848784247, 0.9954610900526997, 0.99535376652872, 0.9808235561087347, 0.9753103520622001, 0.9404791837014311, 0.9889671987467916, 0.99248261548603, 0.9908288782164208, 0.9650503611372026, 0.998744610417647, 0.9990471931102396, 0.9992366875255584, 0.9999230198724572, 0.9986874897890388, 0.9989984673723388, 0.9985557479864495, 0.9974089843493448, 0.9987344608581721, 0.9986584536964594, 0.9883412885360203, 0.9365612366447789, 0.729086046802537, 0.9378307744409392, 0.91980140092022, 0.7844382575237074, 0.9562661551657713, 0.9284474865593048, 0.9571149627723186, 0.950277453097606, 0.9453367013758796, 0.9769597622742414, 0.9748856619430594, 0.9555025351389196, 0.9448316830403685, 0.9587033391660688, 0.9616454851158047, 0.9607057173792987, 0.9600013740479297, 0.8748852658349943, 0.9305105829392253, 0.9433579603410769, 0.9431037689287415, 0.8509290781230104, 0.9542453587550372, 0.9299715732659745, 0.9548911601737623, 0.9534164112971772, 0.7010693433810319, 0.8023036709306404, 0.7663169681154842, 0.8198324670342668, 0.8558623380798628, 0.8595375263915798, 0.8508649166955089, 0.8511065288831957, 0.19582164746478686, -0.5545831829883452, 0.9479207674440298, 0.9176506636377125, 0.919658096803542, 0.9585796205804541, 0.9232422879097678, 0.956641266090931, 0.9566769830813836, 0.9094723704869976, 0.9514086223185659, 0.7988944663244169, 0.5805892972058088, 0.900772795925289, 0.9279176476922543, 0.25609118974844103, 0.910505953919755, 0.9340218598306325, 0.798229541920629, 0.9697847912913147, 0.8291685921278974, 0.6326880464166629, 0.45982392278518763, 0.8360797806084705, 0.8275468134897205, 0.8242285660690031, 0.9770920345759043, 0.9773210722569319, 0.7025729462141588, 0.6581052107002683, 0.7668197453311592, 0.28102153533823876, 0.7506124974112967, 0.7787743572446357, 0.7553843202934684, 0.7742355002769286, 0.7036551251006821, 0.7057392370269976, 0.6828678522664706, -0.2676555233670914, -0.4095064321630559, 0.5971952189663182, 0.8809274026311193, 0.9311579184364556, 0.9345855444304213, 0.9101191038557646, 0.8031827407973426, 0.9029551623069043, 0.9248064161063475, 0.9250795272321596, 0.7483440918164606], [0.9950464509971337, 0.9874495009410988, 0.9909826394775468, 0.9956053662992289, 0.9982075625236216, 0.9891041206046772, 0.9989663181071881, 0.9999977289391786, 0.9999896156420509, 0.9649693032273973, 0.9996229090091485, 0.9999976166823411, 0.9996706330424939, 1.0, 0.9999881511297382, 0.99856175207346, 0.9991764760076469, 0.9998844910393891, 0.9998839263484192, 0.999956242088334, 0.9999920422744217, 0.9908504399131951, 0.974351228885516, 0.9939197652011308, 0.9937833406810651, 0.9809210669241414, 0.9726614472434011, 0.9380320297210407, 0.9922539283138118, 0.9948001499055554, 0.9916247658573616, 0.9672226007999978, 0.9994392704261883, 0.9994769532977636, 0.9996225938787562, 0.999686467815872, 0.9986953048559665, 0.9993857113373769, 0.9991574120385441, 0.9981329536185318, 0.9995071894144623, 0.9993698018580137, 0.984571276183887, 0.9364165178579342, 0.7323331669376106, 0.9377830649675011, 0.9198152124241245, 0.7845458304622288, 0.9598578507237233, 0.9353351016622996, 0.96047388924612, 0.9532475445453616, 0.9488013901187633, 0.9803139041509297, 0.9767393113634084, 0.9312501230263147, 0.9450757137472053, 0.9583299450765663, 0.9624913213196742, 0.9608056353337479, 0.9351157465182756, 0.8707620270843118, 0.9333138467608095, 0.9447407208020384, 0.9237043519364854, 0.8527014688331637, 0.954094705129609, 0.9176684821420649, 0.9529729617953461, 0.9317711021412287, 0.6971635215856713, 0.8050175379790294, 0.7435094691184833, 0.8219333339733353, 0.8541714893412121, 0.8602528046280883, 0.8426630974169332, 0.8518427961901173, 0.2122086420805514, -0.5598251167989022, 0.9488477705767631, 0.9177171061632071, 0.9206994093096377, 0.9351612451652391, 0.9239582450170583, 0.9578865358967557, 0.9579642779596542, 0.9099793357302162, 0.9509384366242598, 0.7919527294969542, 0.5798554376770797, 0.9007151578595128, 0.927944343011425, 0.25961800992913125, 0.9125802146253191, 0.9357524375998068, 0.7968387509090719, 0.9671718837404216, 0.8353829883170633, 0.6395070496264217, 0.46446603350897636, 0.8445945348663851, 0.8325361851922161, 0.8322446431764745, 0.9751972801437261, 0.9754686101372475, 0.7108289883716717, 0.6627239740733954, 0.7875747027972105, 0.2807297442028606, 0.7600670172817335, 0.7895127271065119, 0.786909699451496, 0.7846384139834607, 0.7055905755815187, 0.7150406522896076, 0.691907752063436, -0.2615558960327723, -0.40493720963031976, 0.5973727045204061, 0.8825669555964297, 0.9293437468631707, 0.9386461824706903, 0.9105402162734701, 0.8104353236253607, 0.9091761175812262, 0.9313612676797053, 0.9311259464091299, 0.7534449634527393], [0.9951918559627003, 0.9875569811491205, 0.9908857153364796, 0.995727170132289, 0.9982738920894075, 0.989198126551945, 0.9987275374946329, 0.999980891440063, 0.999996729785941, 0.9645111579814563, 0.99963171131215, 0.9999839393242637, 0.9996544259656964, 0.9999881511297382, 1.0, 0.9985598027716465, 0.9992084470642121, 0.9998808572412899, 0.9998808812943072, 0.999955807220871, 0.9999766614989775, 0.990751254228672, 0.9743432837948339, 0.9923195494734088, 0.9923732772854263, 0.9810296840479098, 0.97235920739569, 0.9379695716935481, 0.9922999636594663, 0.994387057917443, 0.9914757407619768, 0.9671350493947437, 0.9994821445215026, 0.9994645102964302, 0.9996134856259434, 0.9996765507000324, 0.9987186244929741, 0.9993934744987231, 0.9991904770613972, 0.9981884545903033, 0.999541192555747, 0.9994182034132512, 0.9843303690349615, 0.9364092109476002, 0.7331078399538911, 0.9377786285504695, 0.9202117856729339, 0.7848740186568655, 0.9604880590441279, 0.9364743011123271, 0.961169118888082, 0.9535140507330047, 0.9490698591936206, 0.9808239020326645, 0.9769444143245865, 0.9320849313247733, 0.9455578504338394, 0.9587472471588443, 0.9626530313150439, 0.9612319765622752, 0.9365262403974688, 0.870915486816786, 0.9328552659598952, 0.9450750909413376, 0.9244820120981463, 0.8526156400961351, 0.9545147069926992, 0.9183390679231119, 0.9535308397010694, 0.9327339880079099, 0.696890870923422, 0.8046189196947744, 0.7445774301947624, 0.8213957268862562, 0.854151522283395, 0.8597053625973224, 0.8431807630681721, 0.8522625643929224, 0.2116975703713446, -0.5593184116480843, 0.9488710552484098, 0.917944037270353, 0.9209311185037216, 0.9384606525435274, 0.9245378808023211, 0.9580316713711047, 0.9581668200046012, 0.9103202171553648, 0.9513108649269839, 0.7918688246146119, 0.5784893791639681, 0.9002535923949707, 0.9275980306738268, 0.25841707442841094, 0.9120795074868497, 0.9352271228091749, 0.7959209582501326, 0.9667655735180953, 0.8363863571662443, 0.639260001374924, 0.4636398426893262, 0.8451391860228937, 0.8329734674777473, 0.8330114854283277, 0.9749510004997137, 0.975245798773962, 0.7095103689675735, 0.6605742185250429, 0.7887051720453138, 0.2790517050272356, 0.7603631537873241, 0.7899401684748876, 0.788179109288124, 0.784896946294602, 0.7037974284746098, 0.7127780045683761, 0.689619624947275, -0.26063891625496344, -0.4041148703820266, 0.5972916244204748, 0.8817696852220567, 0.9299607647587089, 0.9391726827014375, 0.9098178980044049, 0.81064839276573, 0.9102346926566134, 0.931980188704348, 0.9318587003310855, 0.7533802389975166], [0.9963836544626402, 0.992855534536026, 0.9914418935785769, 0.9969184443119632, 0.998529260093801, 0.9920207988648738, 0.9980582094190358, 0.9962828651913308, 0.9989436821474524, 0.9662663732459461, 0.9993536040767765, 0.9969458817112519, 0.9990571943997713, 0.99856175207346, 0.9985598027716465, 1.0, 0.9988727800715069, 0.9989349981838944, 0.9989327678982565, 0.9987591854681547, 0.9984497895309431, 0.9921504670865864, 0.9770631808884404, 0.9829065370018236, 0.9895114616968128, 0.9875114675505059, 0.9743428642810118, 0.9456305262001218, 0.9934075468485768, 0.9931865755518577, 0.9905638540694255, 0.9674813409082038, 0.9987812450741691, 0.9987385101412545, 0.9989618640799595, 0.9985784280576255, 0.9993558312508172, 0.9988702963107366, 0.998905830461446, 0.9979854291222253, 0.9986562768723038, 0.9987318854145585, 0.9831188937110152, 0.9295350171163469, 0.739403780378672, 0.9304575274843979, 0.9229496667641033, 0.8032280747632627, 0.964019656733333, 0.9407587368363034, 0.965297473342973, 0.9538482321488777, 0.9480735532211163, 0.9815359488010942, 0.9766260704009952, 0.9450230037900164, 0.9551119774278626, 0.9657793943348761, 0.967152048547583, 0.9673800959026925, 0.9483753572497255, 0.8830046914460691, 0.9368105799451849, 0.9501407317094893, 0.9356936246043807, 0.863741072016244, 0.9608526619642099, 0.9321950344935358, 0.9612377022479971, 0.9456763431703555, 0.7148967293666462, 0.8125176820918357, 0.7625760647525379, 0.8305606886758083, 0.8669215260328453, 0.8669740375246031, 0