var config = { responsive: true }

var correlationClose = {"data": [{"type": "heatmap", "z": [[1.0, 0.9999848294408946, 0.977387080960542, 0.9996908842202136, 0.9972923198414991, 1.0, 0.9902657635434017, 0.9855654740242467, 0.9908812306989115, 0.9725112989688005, 0.9799554253156666, 0.9903126802842401, 0.9904709103399071, 0.990381825525397, 0.9904465862355373, 0.9932686527644398, 0.9934990852481923, 0.9914588626230397, 0.9914568546223843, 0.9914377693071689, 0.9903147388007, 0.9774983178074834, 0.9645312176074059, 0.9765322729467785, 0.9765059082281187, 0.9526947686665577, 0.9531657331329534, 0.9441083751204078, 0.9898727124443321, 0.9898351531268098, 0.9857862017998582, 0.9738955333794989, 0.9933816692013883, 0.9943012980990457, 0.9933979679448163, 0.9916547047265961, 0.9861843665443064, 0.9940027516484405, 0.9939447356141067, 0.9948536466631525, 0.993584772661485, 0.9935803433560356, 0.993584772661485, 0.8943007962188846, 0.6854664275859234, 0.8593343920624401, 0.8849371383967334, 0.8027456329899251, 0.9627581584561248, 0.9286790870051491, 0.953132222260509, 0.948170563643069, 0.9509559483998967, 0.9777637750036037, 0.9716776156068936, 0.9093152436987202, 0.9000465405999246, 0.9288025016850636, 0.9007434140275528, 0.9252653905051672, 0.9262322683304188, 0.9252653905051672, 0.833033104532856, 0.9028702763119448, 0.9041048838634962, 0.9028702763119448, 0.8857138185813249, 0.7150441421515207, 0.8620907043401339, 0.8640670419044549, 0.8620907043401339, 0.6023979561645834, 0.4887943127042495, 0.5775376256960313, 0.7298578918926376, 0.4674515802636594, 0.5300932172835477, 0.5322102877992847, 0.5300932172835477, -0.5993362099980987, 0.8730760182993008, 0.9040698862712339, 0.8857452102013882, 0.910948534614503, 0.935430458953003, 0.8709999781731714, 0.8726036322503404, 0.8709999781731714, 0.8829493525395428, 0.8829493525395428, -0.172564833442289, 0.5170579345135238, 0.20605460307383247, -0.5208093177388959, -0.549312226919314, -0.5527616465363429, -0.009144190978966018, 0.03691660236423248, 0.2793908128347409, 0.17975819629718795, 0.10672206372891875, 0.08092758989356148, 0.10787549848609208, -0.18519608503108673, 0.10571798728097818, 0.10633415602062954, -0.523707725024743, -0.420509719465288, -0.18491742034323488, -0.4667820764740016, -0.3500011305723733, -0.3248891997764626, -0.3161243595032022, -0.3248891997764626, -0.1712659937004901, -0.22974685609572087, -0.22974685609572087, -0.5287976171140469, -0.5287976171140469, 0.40203494137338885, 0.666588230091874, 0.877410804984071, 0.8558253379075691, 0.795058004563478, 0.6751352840619649, 0.7748746690633304, 0.8155014547447388, 0.8155706390814709, 0.8155014547447388], [0.9999848294408946, 1.0, 0.9654182309934914, 0.9991321160981901, 0.9929688313628521, 0.9999848294408944, 0.9753504233238255, 0.965212731670478, 0.9750964259309388, 0.9551554188181948, 0.977486195037761, 0.9754098144980838, 0.9753624749147045, 0.9751595411834634, 0.9743120789309182, 0.9837809175493926, 0.9823118309041076, 0.9814140761768513, 0.9813811780569831, 0.9754842336583114, 0.9754736184513261, 0.9801979657598294, 0.9643587027056431, 0.967625909644952, 0.9677094161354499, 0.9531847996474541, 0.9723856700239301, 0.9245662689168023, 0.9740985532488207, 0.9741839797099195, 0.9699581353079251, 0.9154478901968474, 0.9861254242737862, 0.9862320231267476, 0.9870762591086365, 0.9779521455877092, 0.9842863713404602, 0.9861138174486702, 0.986836434577703, 0.9866214234030442, 0.9871970152752594, 0.9871745994148109, 0.9871970152752594, 0.8942818833615214, 0.5887234300956545, 0.8600064673159192, 0.8851029772293362, 0.8019340592936236, 0.8559805037469359, 0.8793766339068844, 0.8453198918465199, 0.864825508231109, 0.8521655655314987, 0.9359081505961107, 0.9359817948593513, 0.9137691126471511, 0.9248936816051859, 0.90006249745218, 0.8997338864520491, 0.9073513092314076, 0.9081780862923223, 0.9073513092314076, 0.7549754553571714, 0.7142730085987663, 0.7163594480075548, 0.7142730085987663, 0.918477312763913, 0.9242036500835149, 0.9181932318078523, 0.9195584692462977, 0.9181932318078523, 0.4135366809761376, 0.3581295805146833, 0.48090147789178034, 0.583213580935721, 0.45846146847612007, 0.5037133503620276, 0.5048967989255646, 0.5037133503620276, -0.20352579864105672, 0.8523914352946554, 0.8918242243654225, 0.8768513417941032, 0.9215512873551492, 0.9230995518120552, 0.8454706780434783, 0.8459330907932506, 0.8454706780434783, 0.8577357723805697, 0.8577357723805697, -0.27938375135755117, 0.5182338510000604, -0.38081880184117917, -0.46266626952306145, -0.4612496530818503, -0.46475021889197293, -0.2775848233940108, 0.2067830758544366, -0.1934831628393376, -0.3563405224063696, -0.20526082454021546, -0.2599089214626929, -0.284497972120244, -0.3130473431145331, 0.07992593008797617, 0.07472003558111814, -0.47667968959806095, -0.4293869656220015, -0.45714604592457286, -0.48682833769850925, -0.4793973247829457, -0.45999068070684923, -0.46316246149441775, -0.45999068070684923, -0.35468964554460847, -0.4842133731668328, -0.4842133731668328, -0.46228013834600645, -0.46228013834600645, 0.4017795981294513, 0.43204445574864153, 0.5262771070894351, 0.6110662002515018, 0.5870893333424039, 0.2634273383921257, 0.4017275341068714, 0.39497565287554404, 0.3951216272584596, 0.39497565287554404], [0.977387080960542, 0.9654182309934914, 1.0, 0.9814286566315559, 0.9910766815833163, 0.9773870809605422, 0.9854277391155822, 0.9835843150684146, 0.9923077250761361, 0.9345691429879215, 0.9963992510316995, 0.9853838298468839, 0.982911371943211, 0.9851495518263134, 0.9850636469699215, 0.98820326137164, 0.9891706193465909, 0.9828881112743124, 0.9828840159301305, 0.9908248059799535, 0.9853015219152934, 0.9906581111927402, 0.9792968778807644, 0.9830059348873822, 0.983023016806707, 0.9805893529157171, 0.9776899981596394, 0.9468583566284205, 0.9669157800015492, 0.9669955433758775, 0.9717333963050335, 0.9470948634690638, 0.98132714236577, 0.9877634835495634, 0.9796574942348102, 0.9827196880645477, 0.9935224959352745, 0.9897331200177971, 0.9794674303191092, 0.9868014868669669, 0.9809983652808872, 0.9803058501067012, 0.9809983652808872, 0.9023916428743333, 0.6006210856833755, 0.9035698657000877, 0.8695053793290172, 0.6508975513368951, 0.9058431814128862, 0.8568968629606838, 0.8933335641565688, 0.890057031970848, 0.8968155992000975, 0.9287847768787484, 0.9382970205577449, 0.7431635875207597, 0.8075472384230379, 0.8191194739000048, 0.8409926540294301, 0.8114260336979431, 0.7794316106241873, 0.8114260336979431, 0.7272828203000493, 0.7650596032075718, 0.7640470650957887, 0.7650596032075718, 0.8338707680862713, 0.40349239953062555, 0.5940482578389471, 0.661965037465357, 0.5940482578389471, 0.4975913944398042, 0.46375791891622725, 0.4627576009201527, 0.6212572112903586, 0.4021161529372514, 0.4289641651658923, 0.39633361429643643, 0.4289641651658923, -0.590145322670023, 0.8003403002536551, 0.7829413442011307, 0.7834206479256164, 0.7577459454968444, 0.8846843013816801, 0.8055993969374038, 0.8083851999484603, 0.8055993969374038, 0.7496855400559148, 0.7496855400559148, -0.279305915948163, 0.7062136669161847, 0.1608658482606693, -0.6152316236812813, -0.6396324533703397, -0.6422322061870572, -0.12082438135217669, -0.00275024022823877, 0.27782438698893464, 0.045567959675825026, 0.0001932868957247666, 0.03367463095823845, -0.0005851150772202119, -0.1806122449452269, 0.010419669165927329, 0.01086527790821772, -0.6127604966460207, -0.5326814120878334, -0.13985069114532558, -0.5879289618679752, -0.4460094861802713, -0.40973946861324884, -0.24257153355352123, -0.40973946861324884, -0.29465649689459184, -0.3642279993856288, -0.3642279993856288, -0.6302159223501518, -0.6302159223501518, 0.3193119752782002, 0.5720587798732077, 0.7836225647874244, 0.7628068938879812, 0.7319119297020578, 0.5683123420838889, 0.7086689517167111, 0.7155904820548092, 0.7474521782171376, 0.7155904820548092], [0.9996908842202136, 0.9991321160981901, 0.9814286566315559, 1.0, 0.9985274243055678, 0.9996908842202133, 0.9919531546363116, 0.9877392860234231, 0.9929697777641049, 0.9702341294720418, 0.9855736656724687, 0.9919880117711363, 0.992074689267593, 0.9920277374741076, 0.9920804276708852, 0.9948916056400475, 0.9950389033243373, 0.9929060825959631, 0.9929047215281441, 0.9932965539151899, 0.9919794588750422, 0.9808630826770608, 0.967645221706345, 0.9796049677592422, 0.9795795882184345, 0.9651365303302057, 0.9577297817163652, 0.9454140741108658, 0.9897390326797673, 0.9897131183734987, 0.9866655778416049, 0.9732435062167311, 0.9942472869331745, 0.9954950992118723, 0.9942155760146237, 0.9928894477104356, 0.9903244491695052, 0.9954433203847544, 0.9946179378113026, 0.9959737250286923, 0.9943447946089713, 0.9943426957889708, 0.9943447946089713, 0.8932270433328247, 0.6726861774505645, 0.8686505021549709, 0.8800200719708957, 0.7790059698387021, 0.9568226899386507, 0.9206999101739943, 0.9462148662506821, 0.9423868580471091, 0.9458706530570747, 0.9734886230758821, 0.9688759757041475, 0.8834806992752369, 0.8898427819202555, 0.9128018610930548, 0.895041138564481, 0.9042743251898244, 0.9056051847354428, 0.9042743251898244, 0.8222763466486406, 0.8886706116183621, 0.8900341021424086, 0.8886706116183621, 0.8806074569742829, 0.6435825735145808, 0.8148777411991885, 0.8169825016992482, 0.8148777411991885, 0.5916515004562586, 0.46054291667012326, 0.5646489016287977, 0.7108537076620136, 0.4602103495723814, 0.49655814373719753, 0.4994092352470312, 0.49655814373719753, -0.6010433603022505, 0.8655442054251784, 0.8917158877952441, 0.8744287137361187, 0.8824798992242179, 0.9313083097398931, 0.8645775823578709, 0.8663820572932184, 0.8645775823578709, 0.8592515960995267, 0.8592515960995267, -0.17944871947822028, 0.5476975368926414, 0.2107929276184341, -0.5294901013777666, -0.5575690527314683, -0.5609317855944614, -0.022134055902505372, 0.030828236875961992, 0.2720023220164886, 0.16692972383323046, 0.09576936914516564, 0.07404024973549318, 0.10156116567341407, -0.19346940041529817, 0.09380961134887644, 0.09448970192343882, -0.531644880432904, -0.43207560805345807, -0.18696560718341484, -0.4801332505703515, -0.3526951848090881, -0.3269572483662611, -0.3187572279805389, -0.3269572483662611, -0.18132492147054632, -0.24049274904939336, -0.24049274904939336, -0.540317382009398, -0.540317382009398, 0.38613336567631407, 0.6543042098631849, 0.8699480620063619, 0.8484083368548704, 0.7877043840253474, 0.6663334433574314, 0.7660888858668212, 0.8070372073683324, 0.8071116444217554, 0.8070372073683324], [0.9972923198414991, 0.9929688313628521, 0.9910766815833163, 0.9985274243055678, 1.0, 0.9972923198414991, 0.9965603760510153, 0.9943993762088233, 0.9967510135177028, 0.9590353060414325, 0.9947962765380807, 0.996582076014539, 0.9966808884731387, 0.9966148139717237, 0.9966252879224904, 0.9977064618198938, 0.9972848436803682, 0.9971963275893694, 0.997195452097185, 0.9965755711469187, 0.9965753836382809, 0.9931446000865982, 0.9800914520965952, 0.9898029821405957, 0.9897560171545875, 0.9816348607801726, 0.9791327266885675, 0.9490926091125773, 0.9881499594433721, 0.9880977637886664, 0.9873843606802427, 0.9637842867693114, 0.9976508166054863, 0.9975959409587605, 0.9974989374629415, 0.9970534357684545, 0.9968936331440555, 0.9978161224218155, 0.9979236966900304, 0.9976668727179705, 0.9976202218557016, 0.9976233281576262, 0.9976202218557016, 0.9094741146916244, 0.6340502696722676, 0.8933644860635241, 0.8828416763525608, 0.7422427141776743, 0.9351832727921987, 0.893784179529279, 0.9237577728252299, 0.9273449971436462, 0.9340767591652911, 0.9667064448481432, 0.966772664450032, 0.8746265459069099, 0.864540609509458, 0.8951241859624349, 0.8783334749111179, 0.8929608430030385, 0.8936715312476582, 0.8929608430030385, 0.78941235379158, 0.8256491306701539, 0.82736128327817, 0.8256491306701539, 0.8657087764502827, 0.7486046689101479, 0.8452292201356932, 0.8466773005480425, 0.8452292201356932, 0.5394018047248302, 0.40050916064493347, 0.5209752874898002, 0.6977366466439243, 0.5151359854936639, 0.4914246239317974, 0.4918909006387155, 0.4914246239317974, -0.5906054265127012, 0.8421377338437614, 0.8565856795383824, 0.8432608199436459, 0.8855995648881649, 0.9045872095508751, 0.8441884289335361, 0.8459922564175413, 0.8441884289335361, 0.8528008737062723, 0.8528008737062723, -0.22511392822537446, 0.6144648187978033, 0.0651687946841476, -0.5863428380062307, -0.6189868566602248, -0.6191643302331807, -0.05990724790174989, 0.05135165776240814, -0.12814795867975692, -0.08602440017289546, -0.05842249899466621, -0.30261705214239404, -0.35530656420874474, -0.4995613337744445, 0.05769911064407012, 0.05824825842286889, -0.5642920588266415, -0.472617800046916, -0.49357338635146325, -0.5265555258069853, -0.5824234602018878, -0.5525221694290997, -0.5554211159925758, -0.5525221694290997, -0.22792927705114774, -0.28148089139245214, -0.28148089139245214, -0.6448468918319, -0.6448468918319, 0.3624536602089194, 0.6318056479537494, 0.8179844196009783, 0.7912163242028288, 0.7741481076368399, 0.5940318245153012, 0.6149006938945967, 0.6980460838836182, 0.6982429812941691, 0.6980460838836182], [1.0, 0.9999848294408944, 0.9773870809605422, 0.9996908842202133, 0.9972923198414991, 1.0, 0.9902657635434017, 0.9855654740242467, 0.9908812306989115, 0.9725112989688005, 0.9799554253156666, 0.9903126802842401, 0.9904709103399071, 0.990381825525397, 0.9904465862355373, 0.9932686527644398, 0.9934990852481923, 0.9914588626230397, 0.9914568546223843, 0.9914377693071689, 0.9903147388007, 0.9774983178074834, 0.9645312176074059, 0.9765322729467785, 0.9765059082281187, 0.9526947686665577, 0.9531657331329534, 0.9441083751204078, 0.9898727124443321, 0.9898351531268098, 0.9857862017998582, 0.9738955333794989, 0.9933816692013883, 0.9943012980990457, 0.9933979679448163, 0.9916547047265961, 0.9861843665443064, 0.9940027516484405, 0.9939447356141067, 0.9948536466631525, 0.993584772661485, 0.9935803433560356, 0.993584772661485, 0.8943007962188846, 0.6854664275859234, 0.8593343920624401, 0.8849371383967334, 0.8027456329899251, 0.9627581584561248, 0.9286790870051491, 0.953132222260509, 0.948170563643069, 0.9509559483998967, 0.9777637750036037, 0.9716776156068936, 0.9093152436987202, 0.9000465405999246, 0.9288025016850636, 0.9007434140275528, 0.9252653905051672, 0.9262322683304188, 0.9252653905051672, 0.833033104532856, 0.9028702763119448, 0.9041048838634962, 0.9028702763119448, 0.8857138185813249, 0.7150441421515207, 0.8620907043401339, 0.8640670419044549, 0.8620907043401339, 0.6023979561645834, 0.4887943127042495, 0.5775376256960313, 0.7298578918926376, 0.4674515802636594, 0.5300932172835477, 0.5322102877992847, 0.5300932172835477, -0.5993362099980987, 0.8730760182993008, 0.9040698862712339, 0.8857452102013882, 0.910948534614503, 0.935430458953003, 0.8709999781731714, 0.8726036322503404, 0.8709999781731714, 0.8829493525395428, 0.8829493525395428, -0.172564833442289, 0.5170579345135238, 0.20605460307383247, -0.5208093177388959, -0.549312226919314, -0.5527616465363429, -0.009144190978966018, 0.03691660236423248, 0.2793908128347409, 0.17975819629718795, 0.10672206372891875, 0.08092758989356148, 0.10787549848609208, -0.18519608503108673, 0.10571798728097818, 0.10633415602062954, -0.523707725024743, -0.420509719465288, -0.18491742034323488, -0.4667820764740016, -0.3500011305723733, -0.3248891997764626, -0.3161243595032022, -0.3248891997764626, -0.1712659937004901, -0.22974685609572087, -0.22974685609572087, -0.5287976171140469, -0.5287976171140469, 0.40203494137338885, 0.666588230091874, 0.877410804984071, 0.8558253379075691, 0.795058004563478, 0.6751352840619649, 0.7748746690633304, 0.8155014547447388, 0.8155706390814709, 0.8155014547447388], [0.9902657635434017, 0.9753504233238255, 0.9854277391155822, 0.9919531546363116, 0.9965603760510153, 0.9902657635434017, 1.0, 0.9970735094044619, 0.9999672231120509, 0.9490266540817641, 0.9995485823422046, 0.9999960027063942, 0.9999579886180919, 0.9999921035488992, 0.9999184851605679, 0.9938758472331424, 0.9998118294445114, 0.9998271283541702, 0.999827721339674, 0.9999944171125644, 0.9999963903901459, 0.9910582088395653, 0.9751732467585889, 0.9837083181508871, 0.9923747546821909, 0.9833127357577092, 0.9712950225506631, 0.9395792619222949, 0.9924453045711237, 0.9921291430655577, 0.9920118993222846, 0.9677676957525404, 0.9992810929144875, 0.9993677727515397, 0.9993357251528547, 0.9997303413663604, 0.9985447875186886, 0.9992540959168859, 0.9981889393546677, 0.9993514952681753, 0.9990891800595042, 0.9990054555539754, 0.9990891800595042, 0.9174387897260317, 0.6349970360903426, 0.9178173939231804, 0.8910097205599848, 0.6908990434787097, 0.9466943089049391, 0.9119565699574139, 0.9342054572019978, 0.9248375261884697, 0.9349064486777019, 0.9688108013840243, 0.9610907778324344, 0.6998467206806019, 0.8095396136681541, 0.7903735892390803, 0.836612189840386, 0.7830509931728445, 0.7533569994729689, 0.7830509931728445, 0.7422097558110797, 0.7533404472976953, 0.7551716843552118, 0.7533404472976953, 0.8208834505644534, 0.280900945223391, 0.5012482571779824, 0.5921628769112905, 0.5012482571779824, 0.5054242960275235, 0.4616347715657304, 0.464070870062682, 0.5982567949669223, 0.37788936519815275, 0.4030533009741063, 0.3517812825215877, 0.4030533009741063, -0.6536560230039319, 0.7963753351184064, 0.7993211812516487, 0.7912682757711775, 0.7245992579380693, 0.8881850652344581, 0.801053048268219, 0.8036204563472286, 0.801053048268219, 0.706996174303517, 0.706996174303517, -0.2631142170138881, 0.6699133410382524, 0.2599597535158267, -0.5763662470192036, -0.602697146426151, -0.6056060821027857, -0.0771069295458407, -0.023202941113884927, 0.37083296152883477, 0.12539612929872418, 0.05260394891474568, 0.12126996452460745, 0.08839992313099845, -0.09957491815907285, 0.019285295865422113, 0.020104702461367238, -0.5799871273497788, -0.5049247666943006, -0.02882782246729993, -0.5658556537852947, -0.35880081961099874, -0.3251999434697903, -0.15001347601503423, -0.3251999434697903, -0.26534523189731835, -0.2937477429816703, -0.2937477429816703, -0.607948944629005, -0.607948944629005, 0.3582480506870603, 0.6067910148487843, 0.8036385027109816, 0.809599879006731, 0.7620358036013027, 0.647362094872028, 0.7466144414152269, 0.7688233449477435, 0.7871778495952161, 0.7688233449477435], [0.9855654740242467, 0.965212731670478, 0.9835843150684146, 0.9877392860234231, 0.9943993762088233, 0.9855654740242467, 0.9970735094044619, 1.0, 0.9994337499262437, 0.9400945008472641, 0.9980854038288975, 0.9978944885148753, 0.9992219127747896, 0.9989542707206344, 0.9986408332703968, 0.9861918767473451, 0.9988525873571307, 0.9990100790962879, 0.9990139883925525, 0.9994739123865576, 0.9991268490096881, 0.9909564513853392, 0.9754990688713442, 0.9915170402294797, 0.9922261400662088, 0.9781290951090817, 0.9733532263157962, 0.9376267597938283, 0.9887606457825657, 0.9921815809191609, 0.990157492003298, 0.9638015112259946, 0.998086283764449, 0.9979655136209772, 0.9979680249020475, 0.9989546556885708, 0.9956816991183822, 0.9977459039676404, 0.9975211809663442, 0.9978300108350898, 0.9978966376334094, 0.9979286856884968, 0.9978966376334094, 0.9151499431899637, 0.6189009498595042, 0.9188331176244863, 0.8867019804537156, 0.6615835301234814, 0.9442176928921981, 0.9045239385777434, 0.9303018945946827, 0.9153251325657248, 0.9268053370058245, 0.9639427569619804, 0.9552889155426973, 0.6829793657016089, 0.7925606366544028, 0.7703220166659016, 0.8251237126918681, 0.7642549921600874, 0.7390046945089684, 0.7642549921600874, 0.7259113461678698, 0.7309363807938315, 0.7397401179423153, 0.7309363807938315, 0.809550440031709, 0.25753772025247934, 0.4763708977059381, 0.5728433919586761, 0.4763708977059381, 0.48891314376130945, 0.45339507817447405, 0.44557236880812434, 0.5801469169236122, 0.36696973644228875, 0.3895694153123412, 0.3323596787298455, 0.3895694153123412, -0.6537503914344788, 0.7829581274007184, 0.7770438654683272, 0.773409982670416, 0.7074509062749262, 0.8780459681794962, 0.7883552043471925, 0.7912043020604863, 0.7883552043471925, 0.6850799725878359, 0.6850799725878359, -0.2814667050870638, 0.7034447548185983, 0.2686115878992925, -0.591946746099581, -0.6176525250278768, -0.6203732166177945, -0.09341132881071212, -0.03283779985093672, 0.3640582007295, 0.10545015915396935, 0.03595960684198468, 0.11191852702286713, 0.07234198177596632, -0.106143905795662, 0.0013850045053725982, 0.0022441424047401643, -0.5936176868832409, -0.5221209817889809, -0.03574515623113899, -0.5861807550215784, -0.3731872213498054, -0.33778176345161876, -0.1563457687995198, -0.33778176345161876, -0.285690201746935, -0.3094271779103051, -0.3094271779103051, -0.6226634053747692, -0.6226634053747692, 0.33227887235339454, 0.5877793544358413, 0.7932438752238851, 0.7907096659298588, 0.7479240579115773, 0.6303327980601197, 0.7298129289182027, 0.7486413056513195, 0.7707786951649058, 0.7486413056513195], [0.9908812306989115, 0.9750964259309388, 0.9923077250761361, 0.9929697777641049, 0.9967510135177028, 0.9908812306989115, 0.9999672231120509, 0.9994337499262437, 1.0, 0.9477491851742055, 0.9994876365454987, 0.9999686426573722, 0.999964345630122, 0.9999734906279395, 0.9999315237376574, 0.9980509950338081, 0.9997184356303876, 0.9997642935218126, 0.9997653732039131, 0.9999655307579847, 0.9999659392178428, 0.9942428917890304, 0.9778662490008293, 0.9937503008229975, 0.9936904192267978, 0.9831324040677655, 0.9772304599820721, 0.9414527398528496, 0.9909335127837653, 0.9909068263368478, 0.9886121941296044, 0.9629213502971166, 0.9992971025479186, 0.9992583942452206, 0.9991184949838949, 0.9998508260875651, 0.9984489491145454, 0.9992385533027435, 0.9991391802126721, 0.9992321507515765, 0.9991358549173784, 0.9991424510442788, 0.9991358549173784, 0.9173210935062828, 0.6362318007446994, 0.9175522571695187, 0.8904335574389142, 0.6902470323144761, 0.9319547369774217, 0.8865272224783466, 0.9162659111505466, 0.9200062654587146, 0.9307838482448132, 0.9624669698218641, 0.9614322805065668, 0.8448517675609191, 0.8107436913658953, 0.8662316501288359, 0.8376880925501164, 0.8641335773661099, 0.8649516269206787, 0.8641335773661099, 0.7415497975426429, 0.806323442885231, 0.8080805199981351, 0.806323442885231, 0.8225919528584466, 0.7070684887896614, 0.8126694595287078, 0.8142902034128883, 0.8126694595287078, 0.5044014191946641, 0.3226262766307081, 0.4635013455066422, 0.6439709270746061, 0.43872463274076184, 0.4013968499734351, 0.4016751885602261, 0.4013968499734351, -0.6360745018520302, 0.7970752780035083, 0.7989433527154832, 0.7913129736241266, 0.8561529157427591, 0.8763654227054842, 0.8077276345786436, 0.8103508210085096, 0.8077276345786436, 0.8162816361007955, 0.8162816361007955, -0.2656455963407053, 0.6709667053088604, 0.08953161228575741, -0.6052602640201151, -0.6462815046496152, -0.6471242243231898, -0.0807860258657257, -0.020760148847244805, -0.13689596242147795, -0.059217135909985494, -0.045797789758508144, -0.3353718576860213, -0.3650091460515004, -0.5404013839807656, 0.0182299413785026, 0.01901647351049928, -0.5820084720237155, -0.5077184019305114, -0.5042536804515267, -0.5681984389368756, -0.5986801799559974, -0.5776232575227458, -0.5795848942055037, -0.5776232575227458, -0.26821134542096103, -0.298054085822013, -0.298054085822013, -0.7032184229616861, -0.7032184229616861, 0.358843010559827, 0.6055142358672241, 0.8249989575059292, 0.8026576638779527, 0.7604227439564752, 0.6321394031708918, 0.6473264443467822, 0.717637030709858, 0.7178130072628429, 0.717637030709858], [0.9725112989688005, 0.9551554188181948, 0.9345691429879215, 0.9702341294720418, 0.9590353060414325, 0.9725112989688005, 0.9490266540817641, 0.9400945008472641, 0.9477491851742055, 1.0, 0.9172858721790976, 0.9490565203656208, 0.9491774235057598, 0.9486906929848097, 0.9479812279172776, 0.9501606924659068, 0.9561089174038246, 0.9551271003907968, 0.9550929663404621, 0.9492146385783488, 0.9491993604216774, 0.9487639211595326, 0.9413776109268569, 0.9511157182071185, 0.9513364170583032, 0.8007381790210092, 0.9561644499363996, 0.9511536898402817, 0.9575526680473729, 0.9576934255800374, 0.9559827655040612, 0.9300791250896818, 0.9595849867186875, 0.959863661081691, 0.9606960388691771, 0.9514209393220793, 0.9301528262982739, 0.9587895560425035, 0.9603287283820058, 0.9601440039664283, 0.9610382597157394, 0.9609953896376201, 0.9610382597157394, 0.7758470842457602, 0.43320204296686604, 0.7211253067919947, 0.8556508940248323, 0.8381880452427929, 0.872843506234766, 0.7571854123455503, 0.8501954020016351, 0.8652384256705211, 0.8738233802387542, 0.8969843392967546, 0.8970345784793159, 0.8504636321390249, 0.8422580534503482, 0.877927095494968, 0.8536534232157451, 0.8693883506559089, 0.8702839035308839, 0.8693883506559089, 0.7902977582215738, 0.7682351665789092, 0.7703994702401931, 0.7682351665789092, 0.84549106628922, 0.8675250209243033, 0.8435854436196716, 0.8444313010023055, 0.8435854436196716, 0.6096278629129669, 0.5295045375663221, 0.6108023761953875, 0.7393916544722842, 0.6304707869504869, 0.6525149787248882, 0.6559621733346135, 0.6525149787248882, -0.2789114391382729, 0.8502449854263595, 0.9140595017356047, 0.8694859062187968, 0.8684039017914434, 0.8797704423478256, 0.8417066318559535, 0.8431610866200155, 0.8417066318559535, 0.8543724133558894, 0.8543724133558894, 0.010671481461780484, 0.23799865184696278, -0.07746036568775679, -0.3533623826571461, -0.3846300224438693, -0.38658495635801027, 0.09321583407670764, 0.37633256027329914, 0.12314817008946453, 0.012661414936868976, 0.1285256196848593, 0.035076662837847515, -0.07252891844999869, -0.12691474770533948, 0.266815285557064, 0.26575875589764525, -0.3384852202189395, -0.28673990037830804, -0.29062417866049445, -0.2939290579049263, -0.36410642157260126, -0.31279166937520736, -0.3146459825263696, -0.31279166937520736, -0.049540727375731196, -0.330098800324307, -0.330098800324307, -0.3951645405103853, -0.3951645405103853, 0.580733386653147, 0.6785449041885618, 0.7609560110711194, 0.6677916764001478, 0.8407916321218156, 0.3016414438217864, 0.39153207909801924, 0.5704747690082159, 0.5707842394010992, 0.5704747690082159], [0.9799554253156666, 0.977486195037761, 0.9963992510316995, 0.9855736656724687, 0.9947962765380807, 0.9799554253156666, 0.9995485823422046, 0.9980854038288975, 0.9994876365454987, 0.9172858721790976, 1.0, 0.999546577238029, 0.9995422004654659, 0.9994917175977077, 0.9995297237880186, 0.9984049329848298, 0.9995842804830798, 0.9997063186545421, 0.9997117715315299, 0.9995547181018754, 0.9995560150626789, 0.9915958466320113, 0.9575873961892225, 0.991580160160641, 0.9915515394189556, 0.9868569933512077, 0.9731440915006119, 0.8931018302319341, 0.9888530464897489, 0.9889283064123258, 0.9701956622181305, 0.8871815677162698, 0.998607547124205, 0.9985538967090923, 0.9983264267330374, 0.9992121895167828, 0.9991287336167477, 0.9985825768537205, 0.9983463811439887, 0.9985184225515736, 0.998271432070166, 0.998286479258841, 0.998271432070166, 0.9111074635205402, 0.5085870910789829, 0.9131158498405213, 0.8886850587172579, 0.692296311224065, 0.8171633133323676, 0.8336794356190722, 0.8040254747420201, 0.8084078558290156, 0.8129583845588081, 0.9208101870463188, 0.9210172955378104, 0.8361220809602696, 0.8470144501268612, 0.8099805054019504, 0.8130284997332742, 0.8198822422622721, 0.8209490822557624, 0.8198822422622721, 0.6324141636541052, 0.5855743208902033, 0.588101998981368, 0.5855743208902033, 0.8480932252846658, 0.8583107017609892, 0.846236565433096, 0.8479153484645665, 0.846236565433096, 0.2705098646149745, 0.20364886357572715, 0.3331544944320569, 0.4558706411527239, 0.3214341211453625, 0.3750898346187362, 0.3782325667673821, 0.3750898346187362, -0.4097586173231345, 0.7486122411613223, 0.8036278072004995, 0.7813333412893564, 0.8456207118715537, 0.8421084819881566, 0.7402701052250811, 0.7409101027778072, 0.7402701052250811, 0.7560858238788585, 0.7560858238788585, -0.3293324330247404, 0.6615389381703409, -0.4003813684991539, -0.546205123108178, -0.5453963766819689, -0.547689366838601, -0.3446840725947858, 0.13312380863558843, -0.25713889476876717, -0.4125624737544694, -0.2675589303452551, -0.32900816932049926, -0.36359359168555955, -0.39435730994992874, 0.002780881997487333, -0.0013756832727722305, -0.5567483898119512, -0.5197989672875973, -0.537733005807792, -0.5720057057049879, -0.5664719445308268, -0.5416332793594235, -0.5444899638184147, -0.5416332793594235, -0.44050603375324515, -0.5970256760514064, -0.5970256760514064, -0.6045440058277822, -0.6045440058277822, 0.3538296548382864, 0.3656446895575789, 0.47067862211042677, 0.5560929281497521, 0.5559470940933235, 0.165699223968143, 0.3074661127817366, 0.32900503297678696, 0.3292259589381282, 0.32900503297678696], [0.9903126802842401, 0.9754098144980838, 0.9853838298468839, 0.9919880117711363, 0.996582076014539, 0.9903126802842401, 0.9999960027063942, 0.9978944885148753, 0.9999686426573722, 0.9490565203656208, 0.999546577238029, 1.0, 0.9999631140377546, 0.9999940416690131, 0.999923920160126, 0.9947187101940526, 0.9998138532201757, 0.9998285947120491, 0.9998291152775616, 0.9999961337588772, 0.9999970322474385, 0.9910160688729525, 0.9751448490972708, 0.989283204952212, 0.9923511502904918, 0.9833009366756404, 0.9712055929602919, 0.9395242485492082, 0.9924345764282867, 0.992138543819086, 0.9919997914725968, 0.9677844808660239, 0.99928265556285, 0.9993717354566406, 0.9993439495281505, 0.9997352565804897, 0.9985462407215401, 0.9992631035090981, 0.9981921354281293, 0.9993581939072638, 0.9990929243966626, 0.9990075315044594, 0.9990929243966626, 0.917418106315723, 0.6351464528770673, 0.9180122791347756, 0.8911790758736441, 0.6910268937101022, 0.946729857314095, 0.9121506004197716, 0.9342813780255044, 0.9249176230024513, 0.9349690818125096, 0.9689063303836208, 0.9611611558859021, 0.6997757466977312, 0.8097372618756579, 0.7904944888324638, 0.8367497088123165, 0.7831702301517751, 0.7532920803137525, 0.7831702301517751, 0.7422892294722563, 0.7534031447196833, 0.7550959528961898, 0.7534031447196833, 0.8210745863659985, 0.2807736288692666, 0.5012707424101245, 0.5920701531583394, 0.5012707424101245, 0.5053625788150036, 0.46154069868770115, 0.46402273914495157, 0.598292530540917, 0.3777712502709512, 0.4031499053131442, 0.35182777555760275, 0.4031499053131442, -0.6537958597801142, 0.7964601347014891, 0.7995023802003964, 0.7913912833270679, 0.7245916709166474, 0.8883023660651661, 0.8011525515603783, 0.8037146361748849, 0.8011525515603783, 0.7070863012574072, 0.7070863012574072, -0.26308094638656637, 0.669900337950809, 0.2600732359117907, -0.576328302027752, -0.602606629448192, -0.6055214082974768, -0.07720480579334622, -0.023353500738964895, 0.37100089127224006, 0.12540375563787526, 0.052539342223066846, 0.12153267018660266, 0.08864096203314065, -0.09927539706406659, 0.019329037275557195, 0.02016505541095693, -0.5799773632020521, -0.5049568888866423, -0.028572721053694478, -0.5658317896519351, -0.3585362550646856, -0.324962312218134, -0.14980093024815844, -0.324962312218134, -0.265191429360126, -0.29371015906466946, -0.29371015906466946, -0.6078114133980307, -0.6078114133980307, 0.3587806100124263, 0.6069418931495815, 0.8036680739303541, 0.8098659323610831, 0.7621187845942774, 0.647613126534474, 0.7467507959150361, 0.769077365300378, 0.7872913038329538, 0.769077365300378], [0.9904709103399071, 0.9753624749147045, 0.982911371943211, 0.992074689267593, 0.9966808884731387, 0.9904709103399071, 0.9999579886180919, 0.9992219127747896, 0.999964345630122, 0.9491774235057598, 0.9995422004654659, 0.9999631140377546, 1.0, 0.9999674096371997, 0.9999119537106999, 0.9975262208776899, 0.9998096471280525, 0.9998697682471567, 0.9998705153343915, 0.9999831745853212, 0.9999622976284788, 0.9905615240181229, 0.9749568153045823, 0.9930778220379897, 0.9930387729133243, 0.9832691551740601, 0.9708273193429481, 0.9394505877037032, 0.9932024898362143, 0.9932259566508996, 0.9917678634207909, 0.9675891380781315, 0.9995063638208629, 0.9993756782304501, 0.999400890569719, 0.9998817680879736, 0.9985451214876107, 0.9992703279716828, 0.9992207001199338, 0.9993684731197755, 0.9993766333633367, 0.9993808550058724, 0.9993766333633367, 0.9175360563084939, 0.6353077216382268, 0.9180486508560395, 0.8911998867302472, 0.6910511209469957, 0.950438198931138, 0.9096340331304935, 0.935657069443347, 0.9250025336363125, 0.9349681966384593, 0.9686295893952228, 0.9612315763445093, 0.6561085860425557, 0.8094467195474229, 0.7892724052354672, 0.8372011733379756, 0.7821316378575082, 0.7281051725482872, 0.7821316378575082, 0.742210525129916, 0.7437868071365094, 0.7482856590836056, 0.7437868071365094, 0.8215114877396975, 0.21221244980968273, 0.4888534731669368, 0.4951658190053462, 0.4888534731669368, 0.5055118603865324, 0.3567581155211417, 0.4642693406490782, 0.5978028977347647, 0.3779876563755099, 0.37083429114873445, 0.3514675988723114, 0.37083429114873445, -0.6539866334391842, 0.7969273448770209, 0.7994679598500429, 0.7911522762962763, 0.6673294130210141, 0.8887750699172923, 0.8016600562102103, 0.8042162134129308, 0.8016600562102103, 0.7055897664889554, 0.7055897664889554, -0.262759096925425, 0.6697877930676448, 0.2636512083960986, -0.5761740506877987, -0.6022765647608245, -0.6051912579781931, -0.07757667371673406, -0.023253033435656746, 0.32265746440588067, 0.1255830474271527, 0.052293511502691244, 0.1249287668037352, 0.09100708214848294, -0.10952081526866494, 0.01944847100819337, 0.020287841595925, -0.5801388456074729, -0.5050319372823694, -0.09427383343170989, -0.565553786281487, -0.35653330481667167, -0.3227364787242744, -0.23670409469174405, -0.3227364787242744, -0.26473412753387987, -0.2947972111367026, -0.2947972111367026, -0.6070801344493941, -0.6070801344493941, 0.35891035101893387, 0.6071228984988154, 0.7885071485767431, 0.8099275708928325, 0.7625157096588671, 0.647357649478329, 0.7047279930379299, 0.7568138647428415, 0.7568936566943463, 0.7568138647428415], [0.990381825525397, 0.9751595411834634, 0.9851495518263134, 0.9920277374741076, 0.9966148139717237, 0.990381825525397, 0.9999921035488992, 0.9989542707206344, 0.9999734906279395, 0.9486906929848097, 0.9994917175977077, 0.9999940416690131, 0.9999674096371997, 1.0, 0.9999363083823753, 0.9973892695448262, 0.9998043859447814, 0.9998318377073168, 0.9998322445658312, 0.9999940321180265, 0.9999942382936433, 0.9908690603078582, 0.9750426558601386, 0.9929022014031904, 0.9927820484194475, 0.9831648666335, 0.97086867052955, 0.9391419723660388, 0.9931680409291742, 0.9932184565973646, 0.9920411597908562, 0.9679691569417329, 0.9993347229379486, 0.99937078906889, 0.9993763244985299, 0.9997738590826215, 0.9984769745892376, 0.9992665959852216, 0.9985095678972986, 0.999367319467533, 0.9991434699957786, 0.9990655157451784, 0.9991434699957786, 0.9176960895063487, 0.6359189591050692, 0.9183832122224217, 0.8915407642499247, 0.6906684793692947, 0.9473220954664149, 0.9129093909182014, 0.9349160602878119, 0.9253388833423963, 0.935356212990774, 0.9693418543840083, 0.9615528147493345, 0.7000730931124322, 0.8100204800848185, 0.790412612005525, 0.8370251699176268, 0.7831319906081063, 0.7529085956404558, 0.7831319906081063, 0.7424905816279319, 0.7533544069230271, 0.7555304061754557, 0.7533544069230271, 0.821442614432163, 0.2800644327298391, 0.5007307460696606, 0.592110736580524, 0.5007307460696606, 0.50517751571897, 0.46210327162247017, 0.46390714961428353, 0.5980356098029955, 0.37735090746871036, 0.40318044631056144, 0.35146288516642815, 0.40318044631056144, -0.6541863120274732, 0.7965980338253806, 0.7990311820883811, 0.7914750536501242, 0.7140482581269086, 0.8885780611617419, 0.8012857921664389, 0.8038363985430405, 0.8012857921664389, 0.7068831353060161, 0.7068831353060161, -0.26486439548776575, 0.6709115668748508, 0.2606005681344183, -0.5768723518315847, -0.6030157161481867, -0.6059359757109287, -0.07844964666584898, -0.024687927832869386, 0.3713009720692617, 0.12491509742083338, 0.05165028476560288, 0.12160134682137287, 0.08870891543218543, -0.09912116171116557, 0.01820775774684679, 0.019040146813171014, -0.5806636182750866, -0.5060364891066855, -0.02797512674316322, -0.5673197700307707, -0.3584025893993449, -0.324901603983717, -0.1492269170966352, -0.324901603983717, -0.26627112740166975, -0.29421656154688725, -0.29421656154688725, -0.6079096376718408, -0.6079096376718408, 0.35895513122142964, 0.606621857798789, 0.804206738160631, 0.8103279437944776, 0.7615469521701907, 0.6484025345733692, 0.7475416920167175, 0.7694812941389969, 0.787903448333222, 0.7694812941389969], [0.9904465862355373, 0.9743120789309182, 0.9850636469699215, 0.9920804276708852, 0.9966252879224904, 0.9904465862355373, 0.9999184851605679, 0.9986408332703968, 0.9999315237376574, 0.9479812279172776, 0.9995297237880186, 0.999923920160126, 0.9999119537106999, 0.9999363083823753, 1.0, 0.9975058263816675, 0.9997006473897575, 0.999780865659962, 0.9997820182539273, 0.9999012236980462, 0.9999197982417559, 0.9906511623888162, 0.9748337526538092, 0.9921974511718853, 0.9918422424662222, 0.9832414716814155, 0.9706305622785028, 0.9391210349409829, 0.9922796202674283, 0.9922922009691052, 0.9914295204953923, 0.9670115797543292, 0.9993422457893667, 0.9992207374158295, 0.9993134590962307, 0.9997597839664467, 0.9983834794279646, 0.9992404807389945, 0.9984921506273026, 0.9992430969394417, 0.9991572971740204, 0.9990930198293647, 0.9991572971740204, 0.9161423565842994, 0.6361540724025074, 0.9168340502434301, 0.8897217646445088, 0.6877279654882965, 0.9477844130975527, 0.9137240187979948, 0.9357797227460997, 0.9246675441794523, 0.9344830259274536, 0.9696724169500669, 0.961100735230348, 0.7016790061274022, 0.8090756772978429, 0.7909347215659404, 0.8370218265872472, 0.7836595028347305, 0.7551879149237013, 0.7836595028347305, 0.7409541693404615, 0.7529796204207898, 0.7566828350228553, 0.7529796204207898, 0.8218267375944326, 0.2806496549549995, 0.5008969322689849, 0.5935382504198611, 0.5008969322689849, 0.5038107475655822, 0.46386328355652096, 0.46255226880396216, 0.597830264987899, 0.37628114546138697, 0.403881080109092, 0.3517200252549206, 0.403881080109092, -0.6547678624363886, 0.796327922349352, 0.7977637935427077, 0.7905274175161078, 0.7265925678932744, 0.889081376938422, 0.8011329051439908, 0.803638309340549, 0.8011329051439908, 0.7073190306868351, 0.7073190306868351, -0.2654778796861184, 0.6735200755302235, 0.2606062603878775, -0.577520921603041, -0.6030488849022497, -0.6059948450053014, -0.08049597689538489, -0.025853431811878165, 0.3722364130732129, 0.12343722511606471, 0.04988849397089116, 0.12258992621144806, 0.08921048821648818, -0.0976677213502868, 0.017659358034370153, 0.018435940569963876, -0.582006629780086, -0.5080896987272615, -0.02682392591114861, -0.5683452893956255, -0.35813326364967724, -0.3246236209333784, -0.14780451821125357, -0.3246236209333784, -0.2668117983202884, -0.2976613532858376, -0.2976613532858376, -0.6080568754802451, -0.6080568754802451, 0.3563544860290128, 0.6042524651388761, 0.8052603477158671, 0.8110567174462625, 0.7598415737185295, 0.6472666940935257, 0.749206182502483, 0.7701172805744384, 0.789310310177002, 0.7701172805744384], [0.9932686527644398, 0.9837809175493926, 0.98820326137164, 0.9948916056400475, 0.9977064618198938, 0.9932686527644398, 0.9938758472331424, 0.9861918767473451, 0.9980509950338081, 0.9501606924659068, 0.9984049329848298, 0.9947187101940526, 0.9975262208776899, 0.9973892695448262, 0.9975058263816675, 1.0, 0.9981209680828984, 0.997745964176001, 0.9977435320846695, 0.9978192319450455, 0.9973210228043474, 0.9915067279212875, 0.9776207532449314, 0.970210971224584, 0.9873996012484617, 0.9874123506205148, 0.9722487266549278, 0.9480735752792749, 0.9915238489137783, 0.9892847718572565, 0.9881913829200558, 0.965569062133629, 0.9975038127069847, 0.9974982806874467, 0.9973200839950219, 0.997326142272763, 0.9984933788123512, 0.9980234881002921, 0.9973177759226455, 0.997733132490305, 0.9974247234152321, 0.9974026527380818, 0.9974247234152321, 0.9080087070567977, 0.6453041330296513, 0.9103763660822093, 0.8932956752702013, 0.7136867623617347, 0.9493258004258835, 0.9160879441435932, 0.9405380295528912, 0.9248987443542911, 0.