var element=document.getElementById("correlationAdjClose");if(element.style.display!='none'){var correlationAdjClose={"data":[{"type":"heatmap","z":[[1.0,0.9999953381755472,0.9875298057642488,0.9999413105297258,0.9992303113375366,0.9815145684131106,0.9978967840920561,0.9966309697229513,0.9721440579587382,0.996728735254744,0.9950019895272925,0.9942447615913919,0.9967055367657872,0.9966684785308698,0.9978900717571295,0.9982740065626766,0.9983423415360995,0.9970874683183472,0.9970992290087227,0.9969930022597943,0.9966876593344509,0.9892351608737912,0.9740372079490461,0.991728814643987,0.9581206460969278,0.9909567965515118,0.989866468354043,0.9707518211733781,0.9548364451086496,0.9912950669303298,0.9931748137871259,0.9931660753143703,0.9811499709350834,0.997815040475055,0.997854842455202,0.9977332027801994,0.9968163007362936,0.9957190618022186,0.9977720441851736,0.998632960900769,0.9986600266276503,0.9978289155235953,0.9978382710736101,0.9785005001998559,0.9390792897399585,0.96075244225562,0.9570642276331053,0.9557710631150667,0.937459769059345,0.9664422778879236,0.9557774853045533,0.9683755139329139,0.9726043655824339,0.9613412166553807,0.9851914212078123,0.9837211296960527,0.9916844946720171,0.9935805534614293,0.9890041716139489,0.9853416421263017,0.9885998169286028,0.9882980222853269,0.989148471131953,0.9890753628284905,0.9516847572023016,0.9793229764887355,0.9764670627539838,0.9763227498503676,0.9324221523762222,0.9848445371216175,0.9814152493488458,0.9877410458075935,0.9872037982993821,0.94651223033014,0.9101635220414499,0.8849968617063884,0.9239402411288731,0.938215814833358,0.9369264628478993,0.936636544078652,0.9357014573978081,0.7658023195851065,-0.4998713462310789,0.9820310778635828,0.9785787537986622,0.9763391805099498,0.9895620689370351,0.9745782069455863,0.9852511372177601,0.9852712484358708,0.9430038894048898,0.986282902852167,0.944999791056828,0.8311249914311553,0.9307386976498678,0.9430245691554613,0.8470397335981956,0.960703112869548,0.9611554907924632,0.9044516376147174,0.9706414406564237,0.8928265620933924,0.5478954520422394,0.736931509200873,0.9010164060914354,0.8744111957118209,0.8926923441828052,0.9775534575644533,0.9775512576737881,0.7939176813947637,0.7692949571873243,0.8234716365499333,0.49901309177254805,0.8117139340194398,0.8274506338070405,0.8224241809222133,0.8170790415155081,0.8078059797661091,0.7589100792211289,0.7448993326510385,-0.31528301803424924,-0.45494393603436784,0.7749981754855579,0.8959154331287077,0.9276712766045179,0.9426814256080766,0.9078610786869105,0.8407663330344285,0.9119161827816818,0.9220531943743964,0.9218760889085049,0.8624259282699964,-0.10140794563550531],[0.9999953381755472,1.0,0.9919667059631272,0.9998843475476652,0.9983559669614348,0.9895600680487245,0.994428219066604,0.992659578427324,0.9894998750662773,0.9926596963365502,0.9926960348218427,0.9936769726053726,0.9927199199321609,0.9926957018054556,0.9945643291235668,0.9965358715743399,0.9959785475219909,0.9942047742483713,0.994213523649807,0.9926882625298641,0.9927327161479422,0.9937242005836993,0.9808308990599643,0.9904081029964099,0.9826128910384884,0.9905029605120589,0.9898085171554177,0.982487322652858,0.9450618994050073,0.9898170410030657,0.9883806913021078,0.9849014006726128,0.9521828618570743,0.9953339196520963,0.9953116168820169,0.9955541075924,0.9929864732427823,0.9952265753048838,0.9955766192459213,0.9967498119306261,0.9969320208747123,0.9955574087137856,0.9955694468040054,0.9926067126721804,0.9387272867889693,0.9210919856380115,0.9568499787159106,0.9556839169274254,0.9374523922872683,0.9135498882684109,0.9447906232945491,0.9151077013158851,0.9403380269196077,0.9137308535163841,0.9654316937778334,0.9654272930447153,0.9783376384979474,0.985497375595857,0.9867039238509193,0.9876550288425253,0.9814949139833761,0.985432923152,0.9825011040186604,0.9824122651253244,0.9484108681532611,0.9699183721077042,0.9386446612588787,0.9384514700886947,0.8770676805490981,0.9853129842119668,0.9862489867667319,0.9863960429203569,0.9861029802806173,0.9636948205922622,0.8479689660419654,0.823921126158638,0.8861068765510438,0.930625231967039,0.900520845695442,0.9159471330047996,0.9151733950996097,0.824773591217261,0.007881215417665826,0.9756414593691015,0.9773375376609262,0.975383810638659,0.987015972309445,0.9713161218622205,0.977530383133555,0.9770389106983792,0.9399734146663301,0.9784381567362813,0.9410571448695438,0.784452454777582,0.9304094050182478,0.9323843444709983,0.6569531343533652,0.8820863513680708,0.8847494990157374,0.7850249085269994,0.9687040380697424,0.7565894151823126,-0.34511252249743135,0.2959585839977547,0.7838509728397753,0.7342283265319411,0.777234032125815,0.9716861496731334,0.971383880759988,0.2731052711681136,0.44315778291661706,0.2794029790325089,0.2520892747735746,0.2718298123002151,0.28358554889072446,0.2800293555684117,0.20059466956124586,0.6143261687064715,0.3485423917392608,0.2988818354582813,-0.44090674670680596,-0.4918639565475392,0.7742908794978646,0.7882453771379122,0.8085955275063553,0.8751753221495385,0.8412026465649167,0.6658366524395797,0.8136256761254589,0.8051378654909652,0.8042784013751786,0.49684734405010367,0.2859904362467109],[0.9875298057642488,0.9919667059631272,1.0,0.9886672014164675,0.9937269121974367,0.9909992297009843,0.9892027776154532,0.9900705182047065,0.9915729719142645,0.9926425225827792,0.9965328477166966,0.9958602547557656,0.9899068938315252,0.9901185333122062,0.9897097807934601,0.9909590313501071,0.989945694942285,0.9887499665179919,0.9887210547248042,0.991563270533375,0.9899453586284546,0.9956951059372365,0.9864872248810211,0.9917672020084317,0.9807414193462808,0.992414482170098,0.9900870903973817,0.9874661213555855,0.9631291671958271,0.9679330514772152,0.9724645313056315,0.9778674169898994,0.9609189394187321,0.986687667065563,0.9898687283518255,0.9882530489278025,0.991668847346809,0.9949205592294817,0.9907508635403481,0.9850005090499813,0.9881099703160005,0.9871316183436468,0.9865261452667825,0.9930183698452384,0.9354526445736876,0.9472546913214409,0.9623098825093555,0.9494254012054186,0.9073585784708048,0.9256084176349397,0.9146193803883284,0.9285880537551798,0.941066861467998,0.9237914759437723,0.9520755554073783,0.9629158876935066,0.9698030528778541,0.9758881866608479,0.9498467142700749,0.9727727498027208,0.9714636647720672,0.9770921875084679,0.9716645519645803,0.9500822369457735,0.9326038845924522,0.9593185522016485,0.950044771302788,0.9346714379983764,0.904737319447365,0.9776019177530866,0.9590558685000202,0.9702179965270764,0.951298955671383,0.8678384489145439,0.8853740375520717,0.811178507740245,0.8998132002700747,0.9174232258490852,0.920093202123366,0.8885891762217298,0.9025229450990472,0.5158389527160084,-0.4790348229062342,0.9691113293791276,0.9595582574039967,0.9588774027394359,0.9497423259238185,0.9638279214409532,0.9713125561539067,0.9710665230087232,0.9394460205197558,0.9676310806400645,0.9032941271717897,0.8183334741630115,0.9603826199519868,0.9609916544169043,0.8335756403047694,0.9494313730560405,0.9505508238144118,0.8780140127436883,0.9801750977767615,0.7734810456601162,0.4532670722766237,0.6843598367718174,0.7983392205455002,0.8031720147561786,0.7792215919379007,0.9821844423240208,0.9820446746853742,0.7292726468048959,0.7235747586344228,0.709210587437503,0.4550938968227943,0.7165794114191109,0.7173531297169278,0.7213282372723968,0.7186334580879788,0.7755773738435269,0.69993984076742,0.6851648903725805,-0.3675664216404556,-0.5070762456019847,0.7507440993034602,0.8618710329264847,0.8745303317466077,0.8908097338096735,0.8827620005406551,0.7806745396006802,0.860338541121475,0.865980833515523,0.8716419079530571,0.7447967206568344,-0.0262881494055199],[0.9999413105297258,0.9998843475476652,0.9886672014164675,1.0,0.9994248414484082,0.9824958490491843,0.9980748784333516,0.9969592548826807,0.9739809247313266,0.997104322423947,0.9956027755553395,0.9950001295324341,0.9970184410614957,0.996996296632437,0.9980959618009891,0.9985430221266436,0.9985442055901615,0.997370542554899,0.9973796267106849,0.9973100862259403,0.997003973859163,0.9902377081409768,0.9752303257261442,0.9925264179432504,0.9602782182041253,0.9918434743583137,0.9911942443885883,0.9724407841934899,0.955866249245331,0.9906655089958198,0.9926998452378866,0.9930857880914835,0.9808079081165699,0.9978547489125048,0.9980108735474702,0.997896754404118,0.9971772322046669,0.9961484881255981,0.9979612669744699,0.9985232714006645,0.99871571768647,0.9978663555061321,0.9978728707127178,0.9800273785424845,0.9364595068771875,0.9590463080895885,0.9566777495025885,0.9538420738395018,0.9328680226136243,0.9638456143339986,0.9528769600183318,0.965704329425211,0.9705897365673087,0.9590161464609135,0.9833315396807558,0.982481447032174,0.9909147152233911,0.9933456548985157,0.987895879273007,0.9844245096782911,0.9876769265345404,0.9878163032330898,0.9881612586037871,0.9880837499489823,0.9450542968289659,0.9783391938054825,0.9754440052163955,0.9752980818988268,0.9291190337342349,0.984458951488776,0.9792335867746444,0.9866277723888108,0.9860646718458971,0.9319881931547808,0.9091034794443146,0.8822248854660115,0.9226649364746276,0.9360690280112421,0.9365922220556135,0.9347662643820647,0.9338659093603189,0.6935000113406892,-0.49924877770139753,0.9813805432264008,0.9775860152572823,0.9751554838372352,0.9884582671426122,0.9741014369627459,0.9846940544606595,0.9847145772490425,0.9427664581366889,0.9852160142898082,0.9349455448927153,0.8339287565239375,0.9346401286781766,0.9462467632305109,0.8483615002197834,0.9617208983680496,0.9621951941165336,0.9040530243286187,0.9716131235804635,0.8869181599889289,0.5443953475069854,0.7353252827110711,0.8957151790066707,0.8707599406620986,0.8871214011397298,0.978223059303822,0.9782260539782772,0.7928219486117638,0.7694583999858081,0.815722794841395,0.5003787820499103,0.8058076388674373,0.8194365791081473,0.8143438820417265,0.8117068335457339,0.809709152605695,0.7588240996322326,0.7448747149372297,-0.3107012472338001,-0.4542300210594908,0.7738468313606296,0.8944451006296725,0.9258882901519682,0.9409397499242134,0.906946873992116,0.8383063042955099,0.9100056178797238,0.9198950951634334,0.919867199489508,0.8559439408125743,-0.0947007174152041],[0.9992303113375366,0.9983559669614348,0.9937269121974367,0.9994248414484082,1.0,0.9842719547639419,0.998996415931763,0.998653825960535,0.9841774264507662,0.9986517682373933,0.9983238128225861,0.9982465231070118,0.9986616411878582,0.9986826795104625,0.9991351021350787,0.9989620314265055,0.9992702972957409,0.9988807537448922,0.9988814006525345,0.9987112728819129,0.9986669460300359,0.9949772042620603,0.9815089014022578,0.9956491505709959,0.9743325189455416,0.9956554367738804,0.9932515966545565,0.9827397791410268,0.957891541856486,0.988996030432439,0.9917444462862762,0.9909774658759658,0.9746300293758225,0.9988448414284228,0.9989189503258608,0.9989657949708058,0.9987837977267287,0.9987144544878596,0.9989248025679127,0.9989893034122455,0.9991981440783874,0.9988852970548739,0.9988857222294153,0.9879111420011182,0.9438125172736842,0.9584287941251839,0.9601806565471552,0.9515248233577275,0.9280580902420287,0.9557356659324691,0.9520820450093214,0.9597458985494949,0.9659744068811917,0.9548405790320471,0.9826096029525753,0.9825370088032194,0.9915530976381799,0.9934400775032074,0.9843550998602454,0.9786135721300833,0.9817479871373366,0.9842294971843313,0.9822257716481257,0.982111581772867,0.9413457337752202,0.9709693776513819,0.959460985304881,0.959266263863252,0.902899960267239,0.98167709071769,0.9780378728303784,0.9831542776375275,0.9824876896857795,0.9441580259685899,0.892889384362694,0.8655738312636967,0.9098127235026277,0.9405564224054088,0.9291969278824918,0.9343936724064068,0.9337152696916693,0.8118283402585873,-0.4738324159914505,0.9755990045729325,0.9677861878863572,0.9664518375617337,0.9850746940745816,0.9647965215454299,0.9787497451532999,0.9785221518572245,0.9346031571806034,0.9796550354589174,0.9355579788170595,0.825507633723359,0.9467257622725734,0.9629924814511356,0.8214268952068674,0.9525529250870689,0.9535102158040447,0.9006310096132762,0.975874203198168,0.893981872481635,0.38026792992105113,0.6880853025526645,0.9007389614937211,0.8591145899191356,0.8974982938042457,0.9816698195550008,0.9816599996053582,0.7647706340934077,0.7568903694995761,0.7680568539108292,0.4819062177550022,0.7327325426220024,0.7717546215896096,0.7679284137910273,0.7347111167644942,0.8002786487182127,0.7479943122494577,0.7331827920383676,-0.4997744958380354,-0.5826134780671685,0.7669524854119231,0.8918376970182367,0.9176736904475146,0.941270751114274,0.9074648663443207,0.8273369736826346,0.9083836602942686,0.9132995357943607,0.9128770847036425,0.804365508620709,0.11536289533260144],[0.9815145684131106,0.9895600680487245,0.9909992297009843,0.9824958490491843,0.9842719547639419,1.0,0.9770430420468871,0.9787532334414326,0.9942808755623316,0.9782904050624226,0.9753199547282284,0.9750775239459648,0.9785324462940445,0.9788147480630907,0.9785330035847086,0.9827261614294441,0.9792735521421647,0.9790026344995059,0.9789695091523587,0.977686179345425,0.9786551787255768,0.9930613127522901,0.9941789741626551,0.9824811394558163,0.9893323936984553,0.9831432638784708,0.9798598659350557,0.9893501232355343,0.977169160942619,0.9525070401068725,0.9592426938396681,0.971222882072084,0.9652575639246996,0.9767464565904437,0.9773880959359195,0.9782497239383863,0.9795476811000741,0.9761763030096416,0.9780043206069005,0.9763494290568853,0.9783332930542642,0.9771401252171784,0.9771141926716359,0.9964331177275468,0.903678173351013,0.9377860074927659,0.9489432433833446,0.9565397736913125,0.9214005876434962,0.9172709894968156,0.9140664166936167,0.9205486232060398,0.9421837246103391,0.919712301636496,0.9457689781313146,0.9532376663180439,0.95961170438361,0.9620356587764551,0.9739736196636489,0.9900021254493842,0.9783344925186162,0.9867871102893228,0.977901159112035,0.9774653284068864,0.9796192087529841,0.9773192008510562,0.9624382126726845,0.9620817716784125,0.9544878243749113,0.9851137449376401,0.9786084792800195,0.9741942192415501,0.9732438486363092,0.9732039259703293,0.9258344111408461,0.8897781969629566,0.9385847784351302,0.9352881362798712,0.9444913509597462,0.9263023401095548,0.9245618795971327,0.8094053454917148,-0.4243360724456561,0.9863599922409501,0.9886151643085644,0.9855543919905771,0.9747068775200929,0.98088997630204,0.9847411012692224,0.9844183727695976,0.9742597626064107,0.9754446067203728,0.9739832645813458,0.8321012468659441,0.9094799783667792,0.9617731932824634,0.8629105836918386,0.9467839985416618,0.9472677539980803,0.8611557889684017,0.9552314009986911,0.8218011000042874,0.45307260178991804,0.692306656394665,0.832991914824124,0.8137789913197784,0.8233618091976871,0.955095325650626,0.9548536938720745,0.7393284785494628,0.7401037070068268,0.7416766928610921,0.5012706934761256,0.745287889480715,0.7465193946802949,0.7401408530541567,0.7404987332362014,0.782838633166612,0.7098627391961162,0.6990391817646692,-0.3350053049054462,-0.4633787116495938,0.7836131568043642,0.852314158207487,0.8563305087731051,0.8820658220815601,0.8592489677830857,0.7930826037173905,0.8455415804349696,0.8498865572433827,0.8498189705740408,0.7988047473624571,-0.04551175846382988],[0.9978967840920561,0.994428219066604,0.9892027776154532,0.9980748784333516,0.998996415931763,0.9770430420468871,1.0,0.9978129540088616,0.9560804252792446,0.999667541469538,0.9996520343214114,0.9996859201843138,0.998630812887664,0.999301182828619,0.9998962122348787,0.997061092861975,0.9999068780167231,0.9994737240328262,0.9994785826900128,0.9997546951103847,0.9994238426690433,0.9903966881261278,0.973637511835025,0.9869260927725831,0.925220114584341,0.9940079046590236,0.9932722775501467,0.9725372185868931,0.9497629506686651,0.9914327312458507,0.99221235300397,0.9943619584281524,0.9785684968119798,0.9991466540163825,0.9998751056948565,0.9997560338584258,0.9995298087914495,0.9998101189402139,0.9998632473649989,0.9987269364508773,0.9997687066468318,0.9994783442139428,0.9991839197215511,0.9784035248528931,0.9490180702509424,0.9601900658818474,0.9616163926370944,0.9499457014751292,0.92564542916614,0.9609986009552779,0.9525245140611818,0.9634045189185206,0.9682399741116374,0.9590423561696132,0.9833541017932818,0.9838841921434045,0.9928959605337003,0.9962970712915602,0.957848605106905,0.9665141264951342,0.9745938976968519,0.976016657158806,0.9760018856704027,0.9578555879188192,0.9046897641200818,0.9617511934791847,0.9631992569801774,0.9495470780183289,0.8862719235110231,0.9725004618620254,0.9511724425152709,0.9732056464980816,0.9581798066788566,0.8245938481759967,0.8832615969210564,0.8218580305555683,0.8961891441147845,0.913149060681762,0.9171933711742337,0.8993601521114194,0.909788206436097,0.4586133261476886,-0.5368094806014642,0.965926841163778,0.9538804035456566,0.9536155842824833,0.9590567563734334,0.9597967939695918,0.9717399919989632,0.9718491685091366,0.921464021878866,0.9708873983898196,0.8692780148471891,0.8192245440867586,0.9474351272085088,0.9438237070861033,0.8344733845943623,0.9594457215128609,0.9600913693145079,0.9055137605791533,0.9758360440028121,0.8330357743172837,0.5453338522961987,0.7315602937427196,0.8587451815642121,0.8550278835260653,0.8402336682063819,0.9824100739516265,0.9824742999659101,0.7876068366983462,0.7553036518245412,0.7822962906501707,0.47546346369653825,0.787418944276079,0.7971104237000031,0.7866931859938638,0.7971080337389175,0.7987571563142423,0.755514238508256,0.7397105020407388,-0.3212651854421158,-0.4729411255571218,0.774976607125695,0.8974535583034224,0.9211224286825941,0.9435562443819331,0.9148786663947981,0.8411123929041264,0.912024956209846,0.9264834774677942,0.9247758913381322,0.7883338878566715,-0.07048940042233304],[0.9966309697229513,0.992659578427324,0.9900705182047065,0.9969592548826807,0.998653825960535,0.9787532334414326,0.9978129540088616,1.0,0.9662991458085914,0.9999998479838201,0.9999994157234476,0.9998090034446813,0.9999971328093971,0.9999983842037949,0.9994202655615604,0.9926048093338582,0.9995424329387705,0.9999193961937186,0.9999191100280134,0.9999697867221655,0.9999988851703525,0.9910751909339057,0.9756134342153788,0.9933594034098214,0.9389497857893988,0.9945165192943698,0.9920081472742828,0.9748221956735483,0.9499450196666439,0.9878522011405233,0.9937677615710295,0.9931222366318128,0.9761235719703527,0.9995115252024387,0.9996298758510054,0.99971909611524,0.999774765659299,0.9994001971537777,0.999581067028414,0.9984531569892525,0.9990168882523182,0.9995869164361144,0.9994669505502349,0.9802536525441945,0.9489963819406954,0.9581912359089055,0.9644046023797882,0.9498482807829806,0.9184760681459455,0.9592819949788062,0.9485548816631391,0.9613955707519117,0.9636753494862154,0.9538986684324293,0.9814674571006197,0.9814047868835238,0.9919974773967686,0.9965467516837578,0.9539826481189045,0.9640890144540275,0.9703533234210244,0.9741262456801314,0.9720598575438617,0.9566719499921563,0.9010879859102227,0.9587181479319545,0.9586762077028501,0.9456593602049848,0.8797239267356193,0.9707941376972936,0.9466287881391939,0.9692177846134876,0.9545767505401023,0.8162258876957608,0.8786332245041724,0.818752762874902,0.8913361590231474,0.9082479716703837,0.9144728145325304,0.8961514819585287,0.9048942793429956,0.4454449368825299,-0.5389440116939214,0.9634202277618499,0.9503934909390581,0.9500628708574795,0.9575350286753286,0.9574171642457742,0.9693439892665539,0.9694547445025774,0.9195990793049401,0.9662743488868741,0.8630955927823913,0.8172288281684149,0.9573057204537649,0.9529237469742723,0.8326262765183156,0.9594822300947786,0.9602437912049043,0.9030886218897906,0.9790695141655742,0.835008268613978,0.5310356724022701,0.7235770526882798,0.8589629085924424,0.851682078392188,0.8415166005023179,0.9843789176792207,0.984443294762429,0.7794887541569634,0.7489121315098332,0.782801147313569,0.4653467471028651,0.7823643697762226,0.7923464853065864,0.7863708034520285,0.7914885386744609,0.7936016364121389,0.7502950841217831,0.7340210717624945,-0.33548109611028276,-0.48598308080518215,0.7661350158776912,0.8909411377454017,0.918361045244018,0.9365600825134335,0.9098016320795856,0.831663780352984,0.9059247843479955,0.9203753993576043,0.9188724107596509,0.7713628542948153,-0.05416722860457945],[0.9721440579587382,0.9894998750662773,0.9915729719142645,0.9739809247313266,0.9841774264507662,0.9942808755623316,0.9560804252792446,0.9662991458085914,1.0,0.9813765407258217,0.9863726067540531,0.9890192290555625,0.9698551332122977,0.9746986629384623,0.9730766896482804,0.9509818671421555,0.9779389093663711,0.9753170291795584,0.9752700393585253,0.9798682312466955,0.974535443613006,0.9938916893756325,0.9943481196676478,0.9802457988275238,0.9902849233310936,0.9835638479864838,0.9929506205615519,0.9920018226236832,0.9729413680510172,0.9246905029285825,0.9463138461349474,0.9653343607914462,0.9553028372164059,0.9691475608447069,0.9778484422069295,0.9743267566332644,0.9766082245441456,0.9880853941895574,0.9792220308180704,0.9660421838193455,0.9756593366139138,0.9701148679232942,0.9691267606539603,0.9991660787116057,0.9194910245678425,0.9334845578450383,0.9634286744678865,0.9550673561374612,0.9062427185638533,0.8895750704514349,0.8923837791460877,0.8938817876644514,0.9262479997434879,0.9040478347146039,0.9296645122019821,0.9479584130178231,0.9521883253326723,0.9576103219943234,0.9154310386300374,0.9751131328164198,0.9566416177237511,0.9728554588389875,0.9565387202353135,0.9168424848503527,0.9327934450299091,0.9562870187347614,0.9340649483885635,0.9022984843940139,0.9040525307187808,0.9739084205637123,0.9324155715994116,0.9515745937265929,0.9172207875095426,0.8632808705070669,0.8873027273967676,0.778766430591054,0.9023782926981142,0.903809086231516,0.9165422731310807,0.8677592192787819,0.8859454284527424,0.5058714507104454,-0.4530935041179707,0.9672609647646325,0.9643615004828227,0.9620446302491863,0.9130850016199883,0.9594434453815955,0.9653289823974534,0.9649121234214271,0.9485820625919693,0.9522616902389163,0.901534244639685,0.8220632208838378,0.946769454754991,0.9660023760409698,0.8425206445476389,0.941279943689863,0.9422527110123174,0.8538125999892543,0.9657664374683693,0.7371983843235898,0.4118904245376752,0.6637350464710201,0.7721293372384733,0.7771758642161077,0.7504171280339587,0.9657840124855253,0.9655459430427324,0.708314737797241,0.711863289533097,0.6722291020002422,0.4617207974957677,0.6957154423986082,0.6921368929508008,0.6700618843784132,0.6938540561475898,0.7660465252245842,0.689796920944081,0.676464964352579,-0.3716264003218592,-0.5067510157058618,0.7801707643045317,0.8444566918719925,0.8258451205717353,0.8641675778300634,0.8602287532432318,0.771006505812899,0.8159821813262665,0.8329197791505318,0.8262589913776996,0.716104756852142,0.01356360502448084],[0.996728735254744,0.9926596963365502,0.9926425225827792,0.997104322423947,0.9986517682373933,0.9782904050624226,0.999667541469538,0.9999998479838201,0.9813765407258217,1.0,0.9999992208378625,0.9998130670530728,0.9999985253153645,0.9999979085729679,0.9997282587721602,0.9980854352744732,0.9995441744662297,0.9999004814515856,0.9999004359497977,0.999980709679538,0.9999994197698956,0.9935631837821322,0.9775820105373825,0.9964562264365103,0.9692882948838696,0.9964785696719173,0.9920171723057533,0.9791280370416612,0.951496315538955,0.9900107022764454,0.9938775027866242,0.9911067214213567,0.9734424221867927,0.999565089408163,0.9996267509171427,0.9996427806327132,0.9998570959795205,0.9994096857799375,0.9995878473458907,0.998703056473994,0.9990624394656438,0.9995769876682254,0.9995730016550608,0.9848027701719787,0.9490421387014674,0.9582140720732384,0.9643957810007472,0.9498542685184612,0.9185548284167602,0.9539130113034415,0.9466715200237609,0.9573912409738594,0.9623481301965463,0.9526551761795099,0.9815426885126939,0.9814356117434393,0.9926876376417247,0.9964011456347868,0.9755801207351047,0.9640583723957827,0.9727706633154258,0.97410850121447,0.9734213875137417,0.9732770254740317,0.9291923715409725,0.9587122157090482,0.9507364080771534,0.9505350622952483,0.8917371462856393,0.9707682672790646,0.969149697566892,0.9745360705747516,0.9736953066204507,0.9310915168791679,0.8786319217563929,0.8462492186340684,0.8913335181570433,0.925111865936073,0.9155958246081679,0.9199835411019605,0.9193435618760882,0.7718695081219293,-0.5266097153539083,0.9634032252993718,0.9503597949996038,0.9500426669216823,0.9764590526558595,0.9531251692378364,0.9691295121651158,0.9688873826770139,0.9203481982349063,0.9702133757940481,0.9215237836694345,0.8172231862423941,0.9572121463025938,0.9632968340840338,0.8206591779337147,0.9545533407244907,0.9555014970694047,0.9031628920244908,0.9784327701431367,0.9023409693063569,0.4246112964888618,0.704595662864795,0.9088785732080761,0.8672829149160449,0.9054769413965779,0.9843712298924641,0.9844359020355171,0.7795600133301537,0.7489972108992882,0.7824288698649179,0.4654381298870393,0.7479280901212195,0.786536699779396,0.7822166958176239,0.7520853581143548,0.7936506385513448,0.7503901617032785,0.7341167834680348,-0.5426030361868653,-0.6254958590574892,0.7662554881769567,0.8910432607831947,0.9210680400283242,0.9431680519366668,0.9098990258566,0.8295414439803969,0.9086772427638787,0.9160819029562193,0.9156118643291161,0.8154332328016789,0.17240306219099957],[0.9950019895272925,0.9926960348218427,0.9965328477166966,0.9956027755553395,0.9983238128225861,0.9753199547282284,0.9996520343214114,0.9999994157234476,0.9863726067540531,0.9999992208378625,1.0,0.9998116014456442,0.9999965210392633,0.9999982343737096,0.9997154092866891,0.9979111505385887,0.9993468293000679,0.9998216298107073,0.9998217470269875,0.9999984641597595,0.9999985868933836,0.9933066277768996,0.9752129312915301,0.9957716625107077,0.977248059401574,0.9962253341852039,0.9920103740547412,0.9815806737580058,0.9468315548822508,0.9900360827557141,0.9938430537790025,0.9862233333851758,0.953759522604165,0.9994076004938452,0.9994550789644873,0.9994084681027249,0.9999131736759539,0.9993972700668838,0.9994169769951642,0.9982936683508764,0.9987571845001311,0.9993907301840499,0.999388776885016,0.9876126762616986,0.9486716937806743,0.9327561744860415,0.9642518594212641,0.9496520187966095,0.9183614128289126,0.9315970194344942,0.9241089416469506,0.9352068423590577,0.9421419561979609,0.9303580442331084,0.9762410638052788,0.9762225914231879,0.9919243637128753,0.9951466715695761,0.969153803803584,0.9641205511722685,0.9616400482229079,0.9667788872558164,0.9626068837583388,0.9623979766661546,0.9107869322586306,0.9496933937892553,0.9168782580738977,0.9164684726396712,0.8363057504318471,0.9695213257915553,0.9739412355397228,0.9710433421767423,0.9700354393171835,0.9276944554402577,0.8316869162598521,0.8039911914665508,0.8647082211739414,0.9115272296393903,0.8869948352783109,0.8992148213620805,0.8981895579595559,0.780994388736739,-0.2842631365451752,0.953359581384186,0.9505262310624285,0.9501752717248421,0.9700567844917082,0.9417691593940406,0.9554754953102692,0.954939457559818,0.9004372206122042,0.9574737980197976,0.9032789238889003,0.8173753956887584,0.9573680427350121,0.9677579866708512,0.7389205855324161,0.9226965206216309,0.924696751407637,0.8646408877295634,0.985368275647988,0.8513166166747562,0.07464686492739878,0.5669125655514264,0.8640493808985908,0.8343675910460099,0.8596984773945267,0.9867514984191414,0.9866118433275951,0.5701028574497305,0.674868777650159,0.5764525372320712,0.4653979810338869,0.547930376098365,0.5849487513757248,0.5764326023129689,0.5167263060187429,0.7844518365225517,0.6374963329994078,0.601195977539549,-0.5009454036032461,-0.5613488674118944,0.764923481856872,0.8741004552718297,0.8851885466163048,0.9215367214446897,0.904473773439989,0.7296487385571117,0.8726016153826943,0.8806417649850633,0.880082245559084,0.655526507664371,0.13280983516550948],[0.9942447615913919,0.9936769726053726,0.9958602547557656,0.9950001295324341,0.9982465231070118,0.9750775239459648,0.9996859201843138,0.9998090034446813,0.9890192290555625,0.9998130670530728,0.9998116014456442,1.0,0.999824093496329,0.9998164152725303,0.9997033653927034,0.9984961989065952,0.9995110951834305,0.9999758730278878,0.9999757093931033,0.9998163440906395,0.9998204692647092,0.9931714373714393,0.9736935632840329,0.9946148017513375,0.9774803999215017,0.9952013131316904,0.993690439221101,0.9778408587848122,0.932178963954849,0.9928762980599528,0.9951552151141656,0.9829541184922996,0.9402105016163689,0.9995361094749579,0.9995723062560361,0.9995356338607456,0.9996721164827391,0.9996834605118096,0.9995475051222109,0.9982164271379301,0.9987834680638654,0.9995197149062682,0.9995166525036192,0.9891257933494898,0.9451660278669661,0.9242491010594243,0.9615963822752837,0.9478160453369946,0.9180924495244285,0.9063053053567313,0.9359647123427262,0.9090140198735883,0.9259989285171419,0.9050774410828023,0.9671162780292382,0.9671070318756877,0.9849798715998033,0.9951437584219059,0.9688142281679217,0.9686448247424791,0.9579949087517522,0.965565480988056,0.9598392653319365,0.9596745303044595,0.9136218805437288,0.9423070997753865,0.9027394490322278,0.9024758251437033,0.8279458943041145,0.9695741637878483,0.971202261766477,0.9711810703943272,0.9705689141545578,0.9359798203616242,0.8004120647889612,0.7729966057028359,0.8424063777176742,0.8970696277602764,0.8634881731362661,0.8809957024359005,0.8803590402722898,0.7743975725541107,-0.1156381049711479,0.9489156851213849,0.9519480744996512,0.9485785012602559,0.9693411983207513,0.9427736227724415,0.9516190733182577,0.9509157943812031,0.9019951057763528,0.953142645182203,0.9037515806952016,0.7832274797903097,0.9554565266504965,0.951270565913531,0.6457095932915428,0.8818311035407366,0.8850727586650352,0.7800806872832253,0.9801367282896009,0.7548332885043599,-0.28598950900100695,0.3268174008858807,0.7790927062565586,0.7353911569446644,0.7732722839378772,0.9821728087864996,0.9820329342970061,0.2985654136407572,0.45520431795538774,0.3035845668787275,0.27656556742231625,0.2951982810441694,0.30895082527340406,0.3060509398701279,0.22375449512843645,0.6249551146630842,0.36466878956319587,0.3136336631364942,-0.5056795670415568,-0.5556034827667411,0.7643272974035542,0.7905826713319668,0.8110786733840915,0.8758311963432035,0.8484053685661659,0.6527484720971561,0.8092660828194903,0.8074548606431203,0.8066169251597325,0.49751282605843056,0.3152338970108295],[0.9967055367657872,0.9927199199321609,0.9899068938315252,0.9970184410614957,0.9986616411878582,0.9785324462940445,0.998630812887664,0.9999971328093971,0.9698551332122977,0.9999985253153645,0.9999965210392633,0.999824093496329,1.0,0.9999977332426997,0.9994598745757458,0.9940883763457907,0.9995761115516083,0.9999286844542709,0.9999285284082047,0.9999763179044323,0.9999990026693331,0.9909392285352084,0.9753890613988754,0.9940013623257783,0.9437621054253481,0.9944566221460349,0.9920873647421794,0.9745896312897374,0.9498172301578945,0.988768635338228,0.9938636591048398,0.9931992820497665,0.9762264331925294,0.9995535121470963,0.9996656034051592,0.9997464202865397,0.9997715639749819,0.9994446566884746,0.9996169182373568,0.9985318876389007,0.9990738547666815,0.9996277697608826,0.9995088996332256,0.9799840334305607,0.9491861575494474,0.9583075964860149,0.9643103497967037,0.9498394083806648,0.918890800293524,0.9596272655240254,0.9489134963834323,0.9617405909560451,0.9639485620820472,0.9542518263047031,0.9817133714478864,0.981574198397082,0.9921229244822615,0.9966418462695182,0.9541907013852988,0.9640496959078748,0.9704552557081186,0.9741236853755252,0.972162073504079,0.956826275145712,0.9009117861636248,0.9587794154981328,0.9588605625623612,0.9459166426958833,0.8796808094947371,0.9707610660449393,0.9467170788130236,0.9693206406924679,0.9547718232410234,0.8160444112452396,0.8787297767665146,0.8190802980457061,0.8914309671565145,0.9083722111403211,0.9145175350313732,0.8963933042219984,0.9051165899666317,0.4454171641246327,-0.5391589942151379,0.9634273897642752,0.9504047342883186,0.9500765674427688,0.9577064062289953,0.9574090133435345,0.9693732320922663,0.9694853373802927,0.9194532896551663,0.9663947602458337,0.8629510970676776,0.8172481008323647,0.9568623002840542,0.9524553873771129,0.8325818838329965,0.9594751336040593,0.9602312271104022,0.903433688281198,0.9789554855380996,0.8355352580172735,0.5321819185784258,0.7242060006570581,0.859467951573375,0.8522243540981049,0.842030169996853,0.9843356905219114,0.9844010121610142,0.7800858372780188,0.7493711409628404,0.783443172695635,0.4658687761300787,0.7830275176059754,0.7930540994492119,0.7870309036847499,0.7922056599487121,0.7939149006108195,0.7507486678561612,0.7344846535959985,-0.334616980369651,-0.4852335133634279,0.7663830321764903,0.8914332959177401,0.9188643996043083,0.9370837856316855,0.9102665672895082,0.8321885330586284,0.9065082366264271,0.9209747515438415,0.9194666960626612,0.7720205486127587,-0.05521733412726434],[0.9966684785308698,0.9926957018054556,0.9901185333122062,0.996996296632437,0.9986826795104625,0.9788147480630907,0.999301182828619,0.9999983842037949,0.9746986629384623,0.9999979085729679,0.9999982343737096,0.9998164152725303,0.9999977332426997,1.0,0.9995397232375945,0.9974585138568075,0.9995555739803214,0.9999216488768226,0.9999210414506335,0.9999704980579588,0.999997779251903,0.9911158829739379,0.9756722248255433,0.9955542101492704,0.9558115062613567,0.9953014961131705,0.9920466311921547,0.9748723644279833,0.9500920794084491,0.9912366421409574,0.9941045511534957,0.9930767884079792,0.9760481929935613,0.9995211232346864,0.9996299745503975,0.999724804670166,0.9997876892105091,0.9994193375320836,0.9995779630984137,0.9984744266529683,0.9990300356432997,0.9995950712087561,0.9994773250306647,0.9802541629321294,0.9490368394361592,0.9582073813586128,0.9643457479995521,0.9498327293269682,0.9186412863555716,0.9593481974925953,0.948665240020768,0.9614891543030095,0.963633162171469,0.9538226579249365,0.9814852350928928,0.9813533828991378,0.9919711328079235,0.9965129506965145,0.9542290555223214,0.9641130195387846,0.970491311623864,0.9742029445837544,0.9721862909307659,0.9565142321991653,0.9012588808210517,0.958661158018081,0.9587333442519254,0.9458317677566683,0.879835063591761,0.9709121445512846,0.9469140829263586,0.9693870909278343,0.9548354646826678,0.8165082639448711,0.878661216343129,0.8189730690390563,0.8913984567359423,0.9083917941560044,0.9144913766508856,0.8962820687931596,0.9050379130595234,0.4457603255400278,-0.5386524796181321,0.9635068207279918,0.9504318738427193,0.9501077189175933,0.956642001079681,0.9575657190426673,0.9694227275019132,0.9695307475010064,0.9197697958944882,0.9664135924305073,0.8633077620855477,0.8172333113205082,0.9570982833501654,0.9528472773978008,0.8326453357985972,0.9594243801309962,0.9601895150755659,0.9029198364769631,0.9790828145661608,0.8350291731832298,0.5308553241214378,0.7234694590467091,0.8589634148123719,0.8517856823754225,0.8415336667250549,0.9844072656193903,0.9844690258536666,0.7791372182375287,0.7486215800328906,0.7827759185228851,0.465545486895977,0.7823384914210243,0.7922672498421147,0.7865088972114358,0.7913923861192932,0.7935355522306959,0.7496347528879173,0.7333921051934496,-0.335311451883365,-0.48581012073254637,0.7662301599847087,0.8908574911439713,0.918467687063132,0.9365882535076786,0.9098427315730417,0.8314776475986246,0.9061003168081572,0.9203979404261445,0.9190047986225341,0.7714397912215751,-0.054409140594725694],[0.9978900717571295,0.9945643291235668,0.9897097807934601,0.9980959618009891,0.9991351021350787,0.9785330035847086,0.9998962122348787,0.9994202655615604,0.9730766896482804,0.9997282587721602,0.9997154092866891,0.9997033653927034,0.9994598745757458,0.9995397232375945,1.0,0.9986153782486238,0.9998722626712326,0.9996114896596688,0.9996154127244948,0.9997994702256489,0.9996029981657172,0.9908928773427224,0.9749045286500935,0.994442312266486,0.9498349452680622,0.994079410330939,0.9935315900136131,0.9735649201484996,0.9509485903327761,0.9915087136976839,0.992629217093898,0.9938355733737454,0.9779002145410364,0.9993347946982747,0.9997529646770459,0.9997534324539707,0.999631060726733,0.9996808923753767,0.9997199286227726,0.9989715974717053,0.9996471206375613,0.9995555494517171,0.9993419978876674,0.9791986340780465,0.9481472027718969,0.9600704045760127,0.9630590921886211,0.951363996765226,0.9242188062006212,0.9611340307144748,0.9526282419629434,0.9635324225809188,0.967208689945341,0.9574353892060335,0.9831827711877235,0.9830250345885265,0.9927768757791067,0.996050779523448,0.9582447801856804,0.9675351410031726,0.9746951893913612,0.976610171538185,0.9761606974209995,0.959022493930781,0.9058064289106946,0.9619294098657992,0.9632658741547301,0.9500994749587001,0.8865669216308486,0.973295346727436,0.9512755255167537,0.9731945190167723,0.9586435931233832,0.824004479274737,0.8836547669550364,0.8231510135178971,0.8966573084192372,0.9128684607974332,0.9171132867327683,0.8997430804816977,0.9096050850037236,0.4567325307971771,-0.5353911859635462,0.9666630503733431,0.9549078787927479,0.9544989100398042,0.9601028349247368,0.9608929678339692,0.9722857393636403,0.9723684612058364,0.9235270781499351,0.9708622383466081,0.8696870370905728,0.8188835916451507,0.9498285926128226,0.9462750708405055,0.8352008628551286,0.9594654412500297,0.960131946474538,0.9027600123819864,0.9760955493335772,0.8342393005199182,0.5394187721948493,0.7280707027304237,0.8588775545341846,0.8542243681705662,0.8409645580168293,0.9824138832834438,0.982453585433597,0.783824957928088,0.7516027787475557,0.7833627799964659,0.4724943445811779,0.7862689723516789,0.795962999110909,0.7880251766563052,0.7956285373495517,0.7960820367395222,0.7509612051732771,0.7351671811359473,-0.32370344762670233,-0.4751709079194304,0.7733708831365337,0.8935806217646372,0.9209475165057192,0.941918263436084,0.9113886052702711,0.8384895586742434,0.9115475184455389,0.9250583076830868,0.9238423097012863,0.7836828119841756,-0.06595692595786792],[0.9982740065626766,0.9965358715743399,0.9909590313501071,0.9985430221266436,0.9989620314265055,0.9827261614294441,0.997061092861975,0.9926048093338582,0.9509818671421555,0.9980854352744732,0.9979111505385887,0.9984961989065952,0.9940883763457907,0.9974585138568075,0.9986153782486238,1.0,0.9989918252658668,0.9978140161331985,0.9978139009538672,0.9981836389971936,0.9975129034364483,0.992812633195136,0.9786243595010979,0.9812988399838133,0.9245709782972187,0.9918574979469277,0.9946743404806165,0.9767608598912042,0.9587492691764441,0.9916553285022204,0.9895458151754346,0.9918172266721389,0.9774145442443855,0.9975188549273852,0.9983356571075578,0.9981824350906215,0.9980167691005882,0.9988598439847853,0.9982346576605098,0.9982331596198569,0.998775502045153,0.9976799992177894,0.9975877345330028,0.9799763611239828,0.9429358694412128,0.959730392048924,0.9591886084274149,0.9522332709791648,0.9284696809812821,0.9606620718867764,0.9528478322936965,0.9635085698463217,0.9659105132672664,0.9538718589812876,0.9807546368639056,0.9807289654800572,0.9886965190787587,0.991427767991273,0.9673455315057231,0.9736984966696635,0.9807749209454696,0.981002358145536,0.9815046590436773,0.9670142026729276,0.9184511625106078,0.965847641889675,0.967541972240391,0.9577981834493496,0.8990325966951975,0.9783759939995283,0.9622883913496623,0.9793091234428823,0.9677188241336924,0.842997471202752,0.8925378485779406,0.8362997681359503,0.9061109615281928,0.9237316792021966,0.9246437075417795,0.9076812503430042,0.9185559676436704,0.4865568454772205,-0.5092713896776758,0.9725852616376097,0.9613327629485661,0.9619105233875435,0.9690508449367954,0.9679215192984151,0.9771846028796966,0.9771928249026121,0.9345690100077703,0.9775759256310516,0.8863157714264607,0.8213316981328359,0.9408808387868859,0.9424970461763941,0.8393732905400471,0.9576994625735261,0.9583760045147395,0.8957965839199474,0.9740853581299902,0.8275867987915512,0.5280132712951213,0.7230164084895445,0.8489903398202651,0.8493473385174901,0.8314818163941617,0.9792714071678332,0.979205146060431,0.7741007476122568,0.7480105186515258,0.7757229770877516,0.4794011982720071,0.7779608763413249,0.7848598069000514,0.7866460235606265,0.7852557683305845,0.7946211401843373,0.7377538667063853,0.7231760402519978,-0.3117750231997776,-0.