var element=document.getElementById("correlationAdjClose");if(element.style.display!='none'){var correlationAdjClose={"data":[{"type":"heatmap","z":[[1.0,0.9999925936306965,0.985319703315176,0.9999261221980092,0.9990198497489182,0.986656798256116,0.997743204081276,0.9957533113126875,0.969162804134477,0.9960675162135555,0.9807939567956816,0.9933579474285799,0.9958825908504667,0.9951721802397098,0.9958023900507676,0.9974699338403249,0.9974542598797311,0.9982678181231239,0.9964452935791911,0.9964562365182292,0.9965098916938602,0.995835070890174,0.9863259668914486,0.9707887754384833,0.9890791815517699,0.9559329570545646,0.9880151767613731,0.9853485232460646,0.9662316319251852,0.949035625593926,0.9932971279455751,0.9942263173114757,0.9921596570483493,0.9766707451769188,0.9976536887416402,0.9979110867169266,0.9973809947841502,0.9959412342046315,0.9956237770487097,0.9978103807561158,0.9987272695195847,0.9987572611387401,0.9976041036048283,0.9976140216044627,0.976734162691247,0.915465024470433,0.7432321460132083,0.914424030005952,0.9157713308047579,0.8510913357592891,0.96451202422483,0.9465249786998037,0.9660552095563495,0.9652191173478267,0.9564218028266919,0.9851486270208393,0.9820524138056393,0.9903121192834194,0.9945512500665774,0.9857011616320362,0.9804611025978506,0.9873664493680855,0.9851652687103116,0.9879518552140357,0.9877411842672827,0.964955913088299,0.9717074349646639,0.973881348818427,0.9735474740639539,0.9499078007341465,0.9785135139112853,0.9761600036170327,0.9838136410609488,0.983030695175843,0.9399673495944719,0.874862926336721,0.8425387519853071,0.8931949063702436,0.9146553924730846,0.9109895231770804,0.9125866334211667,0.9111905224172452,0.6641602070401255,-0.5672702947715796,0.9793384159648619,0.9732183752926392,0.9695721901737607,0.9864760847177086,0.9732091004451289,0.9834898422478369,0.983447734193419,0.9484331604090633,0.9836199597468351,0.9519515930830992,0.6904719408038126,0.8897997750213256,0.9223468012159777,0.77786790045955,0.928990617987659,0.9470006062241404,0.8295727656838361,0.9620374805244265,0.8961190047638945,0.6219222793791963,0.7153123615656429,0.8924685668596718,0.8679083052855703,0.8898578442806392,0.9719088424239406,0.9720964981347773,0.743588283604729,0.7209561951612236,0.8248971095263042,0.37537943621078235,0.7982664164193245,0.8292237914424307,0.8161809026845294,0.8147601206659798,0.7655483149197564,0.7464637446276283,0.7279148132086337,-0.25716676183117093,-0.39545115303942324,0.6550258788182917,0.8967888089248042,0.9401776986624482,0.9457820524795482,0.9149607716431954,0.8278411393217725,0.9127655150490789,0.9334839558950456,0.9333286435800805,0.8679703500175106,-0.18797694317683078],[0.9999925936306965,1.0,0.9860195647616551,0.9998084600181182,0.9979676760137238,0.9902022258010964,0.993935056531897,0.990454309432284,0.9825069389000699,0.9904796460388801,0.9726608794516921,0.9925238762365309,0.9906438476939943,0.9905047119634898,0.9905484043703994,0.9931122199398037,0.996137910156273,0.995732209869129,0.9933570172313395,0.9933576059008862,0.9905428359752194,0.990595070989341,0.9901589672636417,0.9688488859598912,0.9867287305371726,0.979542674458297,0.9865523343768183,0.9852207206579827,0.9774653117348396,0.9246296975308071,0.9879001061329052,0.9850164436823224,0.9782740696103189,0.9245820682355365,0.9952613206859129,0.9951253274759747,0.9953859300419285,0.991290350907462,0.9949273789902718,0.995388981584531,0.9968533259555387,0.9969434239840933,0.9953648757301529,0.9953730281088959,0.9883084912942613,0.9152617529417361,0.5828944818512565,0.9141599482010397,0.9158192166284531,0.8512159235975845,0.8727237367992757,0.9172628566234716,0.8759767715037916,0.901914595975784,0.872016339490327,0.9545752023231251,0.954518303487681,0.9639048829840609,0.9832880415113103,0.9788046992045424,0.9818469454814902,0.9769019791287983,0.9767086097134281,0.979133437927867,0.979054826788388,0.9451698698439697,0.9542924877175085,0.9269391427438377,0.9268470445655556,0.8437248705495105,0.974806649830415,0.9767088303417374,0.9769224637847052,0.9764405222930106,0.9433663813890817,0.7119405536390572,0.6601979977537219,0.7915067375552789,0.8708065854301156,0.8123323280252948,0.8425013738872361,0.8409926569381883,0.6613733810188728,-0.255814481918484,0.9644178206629929,0.969848851725744,0.9641889830058925,0.9795297871623583,0.9619710247525711,0.9682023085096689,0.9674485212765144,0.9193788465731689,0.9706113450135395,0.9238276662869237,0.5557972392212928,0.8890572918657202,0.8862400328266302,0.3856413234578702,0.7180599029656378,0.7936758722463745,0.6787856987466424,0.9626715009778042,0.6846848497457984,-0.2680085129683541,0.17749614974288735,0.6550100994872233,0.6595913324199538,0.7052128855946711,0.9642348228060315,0.9641417733247096,-0.01597426267195472,0.2285515446515195,0.06586759984894779,0.031737772754234755,0.06018661331212018,0.07617588568001257,0.043541271218123775,-0.003299555077449971,0.4325005575244387,0.16448149369086643,0.11383720342693235,-0.4435520235072739,-0.4840009390180226,0.6548150478163487,0.7505505737830367,0.7748531150199708,0.8328686457796021,0.8251500528184352,0.5556236099862276,0.7411644074490075,0.7695632723107159,0.7682980689582116,0.41883227069077794,0.18546284597606347],[0.985319703315176,0.9860195647616551,1.0,0.9867197654854202,0.9932292174374824,0.9907317485996916,0.9905233781000856,0.991064364474706,0.9900362950304127,0.9942428020608511,0.9582740290693388,0.9970769122482794,0.9909475628944151,0.9928689220980319,0.9911228040926101,0.9905016363925448,0.9912882546285182,0.9905795655801597,0.9897383610137669,0.989707732580414,0.9927741313806943,0.9909945345077164,0.9942928639880703,0.9816853122631869,0.9911988562908346,0.9791753146752207,0.9916791343030084,0.9845949424381846,0.9843247809548107,0.9542795325745047,0.9713616158535032,0.9752951233590706,0.977997690222334,0.9528962720001892,0.9878399544907543,0.9909691112366124,0.9892918901386053,0.9928702312417024,0.9951285838763703,0.9921027431811066,0.9855764212621547,0.9882511126504061,0.9881416180415726,0.9875213472663461,0.9912869315833035,0.9140886627868772,0.6838598586608728,0.9345931944066337,0.9103437842601912,0.7741826926856522,0.9241586005090555,0.901851793987632,0.926568018685829,0.9257939235394358,0.913284087704598,0.9516707394680826,0.959620011970943,0.9672324363598414,0.9795466187095706,0.9355890557616876,0.9571843345995961,0.9587679200327062,0.9653291439750442,0.9591579890871226,0.9334616359506266,0.9104793640385407,0.936943853398533,0.9296336050834075,0.911787277257253,0.8784089869826425,0.9654477606744023,0.943502261950466,0.9591435937225751,0.9378695884714864,0.8000953335423224,0.8227917872142757,0.7474050144217488,0.843687983302464,0.8797552717590247,0.8794600030856102,0.8483934393993365,0.8625314868432586,0.3497285751980508,-0.5629240845267165,0.9536653631884607,0.9346453262839813,0.9359346636708106,0.935832234006723,0.9479597068763207,0.9573211971655793,0.9569006300930752,0.9235821699838548,0.9529847925178895,0.8586029396841233,0.6671567728521085,0.9444436434703969,0.9436299359143886,0.7455386858231925,0.9131265429059372,0.9327819870008833,0.8158715519967555,0.9798006750494501,0.7779662668443138,0.5280722838952914,0.6566871465432776,0.7872833935832495,0.7943606653022337,0.7761220356412712,0.9829300706858503,0.9829691481247325,0.6662262410190212,0.6611669983901689,0.7124011493599887,0.3133821907254645,0.6957745908269157,0.7124672171771675,0.7221976998455506,0.7096419970961805,0.7234015237311073,0.6768352182472994,0.6566915349031928,-0.32524172569457577,-0.46324879967526,0.6179056231429154,0.8580165729292186,0.88930717379979,0.8925408082657958,0.8882859251464803,0.759300416725207,0.8642548209869702,0.8781100960997592,0.8865083778520245,0.7378953361572858,-0.10972228928651737],[0.9999261221980092,0.9998084600181182,0.9867197654854202,1.0,0.9992972299007848,0.9876960919303636,0.9980380310303939,0.9962331568168485,0.971425531927503,0.9966154864310269,0.9804305063879208,0.994515828513974,0.996344451392795,0.9958372040822909,0.9962810533923749,0.9977836361320015,0.9978384440306958,0.9985745821088113,0.9968651628480222,0.9968737167888448,0.9969737280402199,0.9963011572709493,0.9875802087139984,0.9721483676524281,0.9901134430425469,0.9585778973618029,0.9891585388365414,0.9872430301436195,0.9682888217677327,0.9502500859430244,0.9926961885063517,0.9938145542701116,0.9922075461570683,0.9763028241218284,0.9977812784914614,0.9981655026316302,0.9976567621418932,0.9964621271101752,0.996245521649885,0.9981037245829516,0.9986497260504369,0.998874486809777,0.9977247136319358,0.9977317683851361,0.9785639498010972,0.9113807815522662,0.7369595111606175,0.9151984147550681,0.9140525677866776,0.8418877599190321,0.9615783422776255,0.9431471300720919,0.9630189471153557,0.9626203635323612,0.9535689420757227,0.9830709194065509,0.9805363372527405,0.9894828237015135,0.9944529065788196,0.9841191685008828,0.9791019080142295,0.9859630988800806,0.9844533684805181,0.9864685151953818,0.9862512718173334,0.9532423056608452,0.9702798001012246,0.972262921804203,0.9719274333959393,0.9439692048591078,0.9779665453840032,0.9729593713588119,0.9822243043040916,0.9814022835275132,0.9160768348588789,0.8730276667963236,0.8381766891848192,0.8911239790450992,0.9114647288519827,0.9102908169061216,0.9098538398885656,0.9085103683463703,0.5652534041680144,-0.5670911889486963,0.9783247411582227,0.9715646707547607,0.9677924128872156,0.9848973267227127,0.9722584824148383,0.9825664507974804,0.9825195377667404,0.947668366698617,0.9820149491405697,0.9342420711352961,0.695433381773536,0.8965831622277701,0.9266383631963708,0.7794760292996766,0.9306495700808267,0.9484048564208512,0.8298696871562946,0.9634259934260962,0.8899677544214263,0.6184236397422438,0.7135302436406594,0.8873639993169229,0.8642942578898529,0.8844306250570312,0.9728886342486494,0.9730840821048115,0.7425654898648971,0.7211861070904093,0.8169509343908473,0.37735358810852504,0.7925471280605646,0.8209953618990851,0.80801562404655,0.8094043840672638,0.7681293484379537,0.7464205595781976,0.7279444252867815,-0.25254085514365476,-0.3947039061007077,0.6539705946831804,0.8948896128599899,0.9383290640041023,0.9439842970915494,0.9137836784137348,0.8250240848896667,0.9107497976377138,0.9312261929571359,0.9312258943389453,0.8604807952896558,-0.1807729734710814],[0.9990198497489182,0.9979676760137238,0.9932292174374824,0.9992972299007848,1.0,0.9906224862184961,0.9990740590249199,0.998426141440344,0.9843592472955042,0.9984872855222405,0.974897781843188,0.9979520936375462,0.9984629320720387,0.9983069507453795,0.9984593906187726,0.9990078531461037,0.9982862736193253,0.9992575212377717,0.9988140495044208,0.9988133694008996,0.9985296344883455,0.9984513914861476,0.9940295539385797,0.9798386152284566,0.9944253643774271,0.9767557169902191,0.99437979162773,0.9903849128519948,0.9818600773173123,0.9538879083972391,0.9893053207016259,0.9919554920489675,0.9897932476469455,0.9679658630700292,0.9989440735729952,0.9989869615649908,0.9989948686135154,0.9985523426575303,0.9986286110735483,0.9990965390517114,0.9989571707970125,0.9991694151309902,0.9989363270796021,0.9989355884362843,0.9886653619649238,0.9211516837043835,0.71310213757413,0.9281405213904302,0.9182225914508402,0.826533063341468,0.946331890016697,0.9341810940860514,0.9504490907242833,0.9548155644529729,0.945145621459041,0.9796161164627947,0.979556669473279,0.9890277841532873,0.9944028307107677,0.9805155754561825,0.9734184273317461,0.9813496698672746,0.9804269567778418,0.9816906717238866,0.9814315566983234,0.9546390711784802,0.9609955667865321,0.9557705400829073,0.9553395280019742,0.914705680148796,0.9751597149905461,0.9716332579624007,0.9779229159998533,0.9770327086671389,0.9364592424591573,0.8505554201490385,0.8093338913880144,0.8747479995795052,0.915242098415169,0.897853064641268,0.9058314442720883,0.9045958365630098,0.7193464851301318,-0.5856951234558122,0.9716991206822535,0.9607398843064276,0.9579832631028166,0.9815345317871917,0.9621298158689369,0.9756175351472464,0.9751889114164154,0.9382516767445402,0.9774221269446561,0.9417287688172165,0.6827345747651011,0.9143296986035641,0.9475268672166577,0.7359689520422645,0.9114478702781135,0.9344800310168498,0.8240115308963907,0.9689411718054378,0.8840808113409419,0.46152283185928633,0.6497852710850393,0.8724268918604784,0.8331822902943259,0.8752304791003759,0.9767449510857924,0.9768941645455183,0.6984451239842244,0.7030085633444247,0.7412452583892863,0.3535865493286658,0.6851227701821727,0.7467297064431604,0.7238468798883179,0.7034808651499563,0.7532256841961751,0.7299387215832268,0.7105429944431967,-0.4671027983735081,-0.5466737471360609,0.6455909797004772,0.8882038967005069,0.9232874762376266,0.9366060385195583,0.9105636897894734,0.8034395476461871,0.895565152686894,0.9166249515413365,0.9161467873267226,0.7956781995875009,0.029922794901231134],[0.986656798256116,0.9902022258010964,0.9907317485996916,0.9876960919303636,0.9906224862184961,1.0,0.9864355727831667,0.9869340277454747,0.9913463765775133,0.9866222859547673,0.9617571880387767,0.979535081528781,0.9868396203419544,0.988223987592355,0.986999099489149,0.9867218378526126,0.990030106818251,0.9879723266284258,0.9877579194072487,0.9877619412404478,0.9857964098421675,0.9869294289278288,0.9959031156845916,0.9924396638206723,0.9875052724574406,0.9846602133286977,0.9875567227047426,0.973982634609253,0.9866659588817777,0.9707883243341362,0.9672169062734665,0.9722066983316731,0.9809518651438168,0.9687680399329596,0.9862702821112207,0.9865292382922651,0.9873655504325978,0.9877042999204386,0.9811551149497021,0.9874404776881593,0.9854622348069189,0.9869898503121505,0.9864005895873112,0.9864160146916761,0.9954008095303808,0.871012067093981,0.7073851024622443,0.8935122834006757,0.9085619127118838,0.8382362083810169,0.9247586504371411,0.910159230184617,0.926992591849176,0.9379222796443021,0.922601123433846,0.9565218044644639,0.9613911341259926,0.9651775811006164,0.9756658933546868,0.969271942008902,0.9836185559319042,0.9705028410625347,0.9825993327100553,0.9701816042147383,0.969626795737425,0.9723555730713508,0.9643549772698856,0.944798924285649,0.9442973482485267,0.9378419931040253,0.9805732864988491,0.9729948380622799,0.9705858246302335,0.9691059198301383,0.9567255471998438,0.872532039754159,0.8253359866348081,0.8922925806759751,0.9065112016590583,0.9150204670111453,0.8968098657529514,0.8946128313196616,0.6891985205298655,-0.5242608536403665,0.9776592869141802,0.9768726568085201,0.9729264222825191,0.9702927882557174,0.968989162569836,0.9770335342219738,0.9766460439645944,0.9620754183788636,0.9663748359448999,0.9611049259760326,0.7007361443937357,0.8667471429323914,0.9460155114762256,0.7827452104869098,0.9220945559225683,0.9374011350747773,0.8228896060832465,0.9585851129512271,0.8418927024474243,0.5558369729603689,0.68372839243101,0.8399733401841429,0.8215390714017969,0.838564490395581,0.9600178707908428,0.960100775772962,0.7018930746260198,0.6989614417346411,0.7568734469803362,0.37842102276109923,0.7417700102415391,0.7625311881193191,0.7491542914052891,0.7515143876552488,0.7525776628746531,0.7127354924092756,0.6965995581478549,-0.2814210820855016,-0.41099194630430597,0.671667934440091,0.8723405662824806,0.8899485995061472,0.9002453835143056,0.8857473605242515,0.792553102719444,0.8603878997236413,0.8815329226156757,0.8816300899365431,0.824713222534241,-0.1505819187223647],[0.997743204081276,0.993935056531897,0.9905233781000856,0.9980380310303939,0.9990740590249199,0.9864355727831667,1.0,0.9973355866608665,0.9582531064105196,0.9995664172529467,0.974906443202307,0.999505030433753,0.9982751478253868,0.9991142223131477,0.9991027172210138,0.9998791180269331,0.9953101218824353,0.9999013189453008,0.9993160783064378,0.9993210821502752,0.9996819796729782,0.9992870257360773,0.990558252462009,0.9750466704059927,0.9849608488353422,0.9258476257194823,0.9930289959768627,0.9898358733952982,0.9730192912147448,0.948164319371379,0.9917972907714149,0.9917269725869122,0.993423005461218,0.9737216266113315,0.9989189964258393,0.999835776222192,0.9996842429268107,0.9994375141602528,0.9997123736383311,0.9998649479316698,0.9983581219878944,0.999705761758534,0.999331499797446,0.9989680440303493,0.9819531491009589,0.9285623013609058,0.7294727046202906,0.9397067407574855,0.9278817859242935,0.8203446545565845,0.9574408545270539,0.9426694316707918,0.9596303246571608,0.9591471159253566,0.9510681574767099,0.9816307591067942,0.9804136504592595,0.9913175646265986,0.9964560410446949,0.9452480280376483,0.960564342203576,0.9717012316533075,0.9721847361318829,0.9733743832600344,0.9452856773979963,0.8998258230463165,0.9517613884137544,0.958785497852852,0.9362214137811659,0.8881988522802223,0.9649791661593066,0.9364142123725135,0.9658597027560554,0.9456114795821066,0.7626446108341158,0.8448161467788222,0.7693133643425594,0.8619279812099662,0.8839356597318224,0.8883233088715383,0.8669814284607197,0.8792786528181822,0.30245748218816887,-0.6010195167073671,0.9625608826327062,0.945664127613894,0.9445203343966914,0.947143556704941,0.9587968050448903,0.9695010859016087,0.969543838012563,0.9282416808169895,0.9659109007083042,0.839384851893414,0.6768468032030243,0.914828314797008,0.9263963740532057,0.7681620732190727,0.9277475700390801,0.9467113944987,0.8245368009229501,0.9682869299112848,0.8318077553866614,0.6085886164675148,0.7046467733799198,0.8453575978956787,0.8437333784173112,0.8315044553313534,0.9768408199773504,0.9770484068025651,0.7301202353116245,0.700006680728309,0.7822547383850488,0.34841377653810657,0.7702125068607071,0.7926296669903878,0.7813140659769601,0.7895538460785291,0.7495967795808607,0.7352638628871576,0.7150094743289948,-0.2693120392397383,-0.4187801195760206,0.6632802392427506,0.8909282271488104,0.9270297618765553,0.9428818913958884,0.9150462323502895,0.8242800529424184,0.9112820099179586,0.9324371462736589,0.9318877196189055,0.7758899265059329,-0.1449512410724306],[0.9957533113126875,0.990454309432284,0.991064364474706,0.9962331568168485,0.998426141440344,0.9869340277454747,0.9973355866608665,1.0,0.9694228535774514,0.9999852819843021,0.96959660443436,0.9997017481183452,0.9999969789731628,0.9996815119234775,0.9999980393357649,0.9992219675121683,0.9890674692755769,0.9993811715027467,0.9998982955737886,0.9998978528468587,0.9999605810948737,0.9999949185938845,0.990938323177883,0.9763397076029093,0.992292360439006,0.9400611907918731,0.9935328006215385,0.987552496659853,0.9752341107135637,0.9472467148152486,0.988068721749907,0.9939269693332283,0.9920978858287429,0.9705476110594787,0.9994468547870526,0.9995275004818898,0.9996425084992582,0.9997137642792514,0.9989765191505665,0.9994650488695133,0.9980307428090801,0.9986823290554293,0.999516616399742,0.9993838715076341,0.983518372015812,0.9284960710950539,0.71665689737053,0.9445583636221249,0.925736252050904,0.8014995396448338,0.955770775048435,0.93789006101652,0.9575677992045415,0.9529873186403925,0.9447170562309946,0.9796091407728766,0.9772905066263914,0.9902781370076921,0.9971364527277881,0.9399207375713534,0.9556506997997458,0.9646261665965493,0.9686973393626391,0.9667317996561503,0.9434317232404705,0.8907234385313072,0.9464119993730107,0.9514411663267918,0.9304576198303145,0.8745284558360745,0.9618753557863512,0.9296591466706613,0.9598967453015437,0.9406545390276778,0.748152626647522,0.8357955315956126,0.7645485918768077,0.8529318839977308,0.8759469143962858,0.8830523107728111,0.8621776111867836,0.8718232104490283,0.2832980825920205,-0.6061004137606957,0.9578023474930644,0.9377134754270884,0.9374746059504684,0.9450495012779974,0.953480831456186,0.9648325720944125,0.964866283019015,0.9223528843722756,0.9583692661648516,0.8264637395162022,0.6728261342293277,0.9316799956272592,0.938030642489439,0.7636113163784464,0.9272874385852028,0.9464683924817014,0.8219929368886136,0.9726448798375664,0.8351749277817353,0.5942270360440225,0.6954952881573712,0.8463360164798842,0.8406264214182277,0.8345282961334164,0.9795819413274914,0.9797943285248707,0.720334222710299,0.69162558457119,0.7838916228366153,0.33465573606465704,0.7649909741873916,0.7881525647164592,0.782267349702837,0.7839456231188956,0.7427721620737445,0.7291137480112538,0.708224874115289,-0.2857642421933876,-0.43423571118478543,0.6472579003190796,0.8828627322504297,0.9246358177039199,0.9352130375402552,0.9089494033385495,0.8131227722128702,0.9047746460470771,0.926122213723418,0.925809312780785,0.7562627341860125,-0.12752745782259606],[0.969162804134477,0.9825069389000699,0.9900362950304127,0.971425531927503,0.9843592472955042,0.9913463765775133,0.9582531064105196,0.9694228535774514,1.0,0.9849011477013868,0.9442475962187398,0.9899880337453424,0.9731468079763107,0.9832272775743577,0.9780739375750059,0.9757419469612022,0.9467486325107699,0.9804113371080246,0.9787592203242388,0.9787322794343791,0.9828445031654698,0.9780898106650472,0.9946103661081306,0.9915323803893012,0.9820623476097802,0.9870152587372334,0.9849679037743125,0.9878942800197329,0.989573352911759,0.9641020875437254,0.930314920883551,0.9518248402386621,0.968412805369053,0.9502686086931023,0.9726190099679003,0.9808101902902142,0.9776948386502194,0.9800643145649737,0.9881001253753092,0.9825383973091454,0.9682115511857082,0.9774540214845027,0.973439419710461,0.9724290053844762,0.9988625387604544,0.8884531784470452,0.6623494302368622,0.9355048732115915,0.9229454408841233,0.782880773719765,0.8883956085825451,0.8800921196044931,0.8919902870645492,0.9097353501028775,0.893799035330408,0.9316484034049899,0.94657570529505,0.9509249803958066,0.9645556160308184,0.8926598889258553,0.9578865609097691,0.9361801946867754,0.9582602306984909,0.9363974095141305,0.8905752787593065,0.8956045692610749,0.9290630851193212,0.903104535484043,0.866121585759629,0.8566141143638278,0.9593965037295834,0.907780792454126,0.9354212092279744,0.8958174370273885,0.7823011162796234,0.813404213188198,0.6993125693176746,0.8363052636562742,0.8580223469355307,0.8710046467720233,0.8202137449363284,0.8386337761462559,0.3215447259119851,-0.5516396534805732,0.9466894261289437,0.9367073257742816,0.9343700638161639,0.8923901252606978,0.93578893277743,0.9456578335914562,0.9450816003364207,0.9240654961988016,0.9296834323279903,0.8400556172447725,0.6786658464135542,0.9232550272145673,0.9536758476234695,0.7528837554937202,0.9091020446956318,0.9259026559417768,0.8049044758777828,0.9677389437853864,0.7456125572781264,0.4931898929247601,0.6385119823096653,0.7661635597599271,0.7724879081458924,0.7528809032248902,0.9673582066220945,0.9673764627247233,0.649891803709654,0.6502679692206095,0.6788401854594704,0.32108077381596195,0.6788363254078047,0.6923755504114508,0.6723910989217194,0.6894575417267788,0.7169986777243165,0.6732251210243156,0.6542741518394241,-0.33331338871274613,-0.46790503260624017,0.6663781463657784,0.8458370605127093,0.8439449620478843,0.8694779648135665,0.8701715507320713,0.7551711927787762,0.8210808660363642,0.8500051288972293,0.8449631434075128,0.7119832178607696,-0.06860657992600129],[0.9960675162135555,0.9904796460388801,0.9942428020608511,0.9966154864310269,0.9984872855222405,0.9866222859547673,0.9995664172529467,0.9999852819843021,0.9849011477013868,1.0,0.9689588013153505,0.9997009085595838,0.9999819492048977,0.9998499161922537,0.9999905851749987,0.9996575632045333,0.9975134906535067,0.9993744017140874,0.999843035964298,0.999842108049069,0.9999682933827185,0.999983216296279,0.9938368241064401,0.9779789883844562,0.9955657820114189,0.9747270119430023,0.995690395564098,0.9875230945960587,0.9797393009621669,0.9486679659777544,0.9887533255841155,0.9930700589017739,0.9892495656917271,0.9664017044998046,0.9993892737991991,0.9994683403844169,0.999476429911815,0.9998538049620505,0.9989852307188613,0.9994507205623918,0.9982094478103842,0.9986992453489286,0.9993869467537567,0.9993814421134036,0.9881152635887608,0.9286046273220173,0.7172390723406169,0.944447060119921,0.9256238902668316,0.8017028866906702,0.9436933891019694,0.9292510332402654,0.9473354094027182,0.9505764457175244,0.9420818208354207,0.9776991175058393,0.9773231593703575,0.9904311848905232,0.9966038937062135,0.9702349026463167,0.9560207844216767,0.9709996414299252,0.9688135512040509,0.9714356651408922,0.9711347923686704,0.9423189244130841,0.9458046537904854,0.9453149815013889,0.9449407076905341,0.9026921773461257,0.962231541044485,0.962215181979563,0.9680593299833852,0.9669759157921263,0.9235394533517818,0.8352199641482116,0.7880912304775921,0.8521689316939708,0.896924050032899,0.8820579868297852,0.8889751989561622,0.8880016179990282,0.6681785051633007,-0.6194199228441348,0.9578019199372613,0.9377512080266523,0.9376440503398038,0.9714794546861477,0.9487722026966791,0.9644778771374095,0.9640217764744765,0.9233988747885029,0.9665346843439626,0.927205458994957,0.671381386811914,0.9312804161617695,0.9511783759730389,0.7422273436435984,0.9156336556035816,0.9382410506102723,0.8211694859907052,0.971537257762864,0.8906168157758907,0.4941286675865985,0.6660713053644018,0.8795987757539157,0.8407267050804323,0.8828076058431287,0.979514832501794,0.9797549440981308,0.7183031274276075,0.688659365581141,0.7564802219070027,0.332628129201918,0.7020169592856692,0.7617705971174396,0.7408025651954043,0.7213750468046554,0.7402883784224856,0.7259415688712353,0.7049988187290572,-0.5153230949369515,-0.5957195527343869,0.6467951620426192,0.8816839914428756,0.9235643520677843,0.9374437681775986,0.9079465842680394,0.8085276071355535,0.8959700159166422,0.91684304817643,0.916294144764212,0.8057119152837554,0.10111941416964061],[0.9807939567956816,0.9726608794516921,0.9582740290693388,0.9804305063879208,0.974897781843188,0.9617571880387767,0.974906443202307,0.96959660443436,0.9442475962187398,0.9689588013153505,1.0,0.9592318720052709,0.969956448360819,0.9689776855054921,0.9697044539159172,0.9731821071666017,0.9727156290200263,0.9766955136283868,0.9735298005112653,0.9735421025784914,0.9697543046500297,0.9698177151564735,0.967840261763185,0.9554129558602843,0.9758258775771954,0.9557744407110428,0.9738866626007145,0.9199891697225502,0.9709757349273509,0.9558723728708013,0.9787318602390112,0.9734783943981574,0.9735681369161328,0.9433408758549123,0.9770655459647603,0.9766761501534135,0.9770648656572527,0.9702179527103064,0.9656964273992654,0.9761237909929282,0.9806637939383891,0.9791292278706136,0.9772209769723859,0.9772361103075179,0.9571061503985396,0.8561812891488211,0.5410045186246148,0.835737383351982,0.9087100391380535,0.8833524855842931,0.9082100603339808,0.8488177936110074,0.9123572711330801,0.9241314889045016,0.9097054191264536,0.9405480729623238,0.9404263561806335,0.9487866625877112,0.9724205296239373,0.9484495319364636,0.9417276757547753,0.9569536763902519,0.9518730561479546,0.9556308873086903,0.9556496199579312,0.9140177207033711,0.9558304996288954,0.9437838152413733,0.9434702180567927,0.8738925865623127,0.941751684365436,0.9485511397985144,0.9428578364317772,0.9418202154561801,0.8948512287801149,0.8436034958312588,0.80521370933633,0.8814472873045378,0.9256399706950581,0.9014543767133489,0.913649536775631,0.9130755597583935,0.7514035231522689,-0.3170622429212293,0.9559391298298343,0.9586263911868255,0.9497089727595867,0.949996754739306,0.9360812482119288,0.9570890592177296,0.9570619258476929,0.9059856436461535,0.9588372192645453,0.9100022469262347,0.7566457986123276,0.7563949757870846,0.882357781955793,0.6759139673575705,0.8724098960706663,0.9039063168792618,0.8863196260586241,0.955875874542777,0.9102840276607502,0.36911947395276085,0.6665234720031114,0.9029371101082793,0.8834398004552046,0.9100169468749978,0.9560867428114018,0.9563849371972235,0.561341060130444,0.724998298055742,0.6353494955290859,0.5113025736166461,0.5969720559522073,0.6484818321813741,0.6109650685172505,0.5841546229042297,0.8235722728720891,0.7022411157898072,0.667765571682197,-0.29973492068254814,-0.354300782454149,0.75673217974484,0.9177438766546057,0.9246865635176592,0.9164567853237291,0.9414185308112363,0.6817873857031526,0.8530350978166995,0.9121242468263363,0.9113406141045955,0.6966706482145042,-0.16016404123455844],[0.9933579474285799,0.9925238762365309,0.9970769122482794,0.994515828513974,0.9979520936375462,0.979535081528781,0.999505030433753,0.9997017481183452,0.9899880337453424,0.9997009085595838,0.9592318720052709,1.0,0.9997239547921066,0.9997059835236739,0.9997135922156213,0.999593959414102,0.9976224123608907,0.9992530960357217,0.9999624237944996,0.9999620033646776,0.9997124526755967,0.9997195844318424,0.9914854247222294,0.9642122921277133,0.9925891826631466,0.9810095797579589,0.9935626615062462,0.9909926675596193,0.9750271510205532,0.9124062634934784,0.9895099587067621,0.9929920681599886,0.9763120595507713,0.9121467052024609,0.9992712148441935,0.9993299417746573,0.999277932146477,0.9995035568722092,0.9994900490506428,0.9993001458856499,0.9971803756637926,0.9981534187425486,0.9992505916908077,0.9992468245382606,0.9899472981117873,0.9229218477761266,0.5550623905092957,0.9407766870765198,0.9249003108757755,0.8052197555958508,0.862482719677793,0.9026642613775732,0.8671862969928346,0.8855747468569724,0.8600439078100038,0.9534447361438508,0.9534037809517206,0.9778555446815802,0.9939462585382215,0.9583009131930302,0.959992647135796,0.9512707578967172,0.9531314495007647,0.9549854868725439,0.9548132475262656,0.9109396472446721,0.9227026906039603,0.8889650330290554,0.8888039556125363,0.7915742152344343,0.9553076567635476,0.9581585239581436,0.9582931008079454,0.9576784398406432,0.9138844429096165,0.6633999422817592,0.6080273130831857,0.7441599165971051,0.8309888793611424,0.769925950445822,0.8016436294655613,0.8005767460586333,0.606603106730224,-0.3741794258999958,0.9332762383278236,0.9413561305236495,0.9330209067012859,0.959482192942508,0.9303966371088169,0.9382243780694371,0.937205089824333,0.878817180755146,0.9417821789028078,0.8846871371042635,0.5872267798644691,0.9283983634302125,0.9224282102112249,0.4093799316514489,0.7417431505624482,0.8115193425367696,0.6849863829970639,0.974960777513287,0.6903933219708271,-0.21037171620909428,0.2209723375134479,0.6649046300151099,0.6680314622610023,0.7085693751811707,0.9761594401577728,0.9762221301329163,0.03667241841353744,0.27021090302419604,0.11962066732940645,0.08491333012783656,0.1120474744074723,0.13038069608794406,0.09702265811094647,0.045282903706359644,0.4705922328759505,0.19986655564234238,0.1468038769739151,-0.5108914780272962,-0.5505407307612864,0.6468143620241237,0.7474446683095808,0.7718494352876267,0.8327807410154513,0.82700009661675,0.5407943656480554,0.7362699934292707,0.7667729233453823,0.7655882049540899,0.4153161264760616,0.2332640328898477],[0.9958825908504667,0.9906438476939943,0.9909475628944151,0.996344451392795,0.9984629320720387,0.9868396203419544,0.9982751478253868,0.9999969789731628,0.9731468079763107,0.9999819492048977,0.969956448360819,0.9997239547921066,1.0,0.9996649250312939,0.9999976678366356,0.9992770221193227,0.9911283470811978,0.9994266291251068,0.9999083375859085,0.9999080961281162,0.9999680262716739,0.999995293546195,0.9908354172149625,0.976192349269549,0.9929521505188943,0.944980843736112,0.9934907850374008,0.9877061278831758,0.9750549216896037,0.9472334204558457,0.9889670654379522,0.9939957603530344,0.992175661979898,0.9706904769163552,0.999489395806345,0.9995695678185946,0.9996745764027591,0.9997147313808382,0.9990523734817512,0.9995072668303956,0.9981226520364825,0.9987571656978481,0.9995599926943277,0.9994273339636397,0.983308776459457,0.9287967497488382,0.7173840247363388,0.9445125072490671,0.9259601983497531,0.8025402093577815,0.9561166698934492,0.9383026542877249,0.9579201613818112,0.9533597058744473,0.9451274111390642,0.979858502153892,0.9774831044272105,0.9904193798705648,0.9972046467511495,0.9402318181369597,0.9557980677203431,0.9649117875540354,0.9688267680545686,0.9670130134448374,0.9436909417679114,0.890869269930892,0.9466699596589643,0.9518532411209635,0.9308906445542044,0.8749270925099187,0.9619531353064804,0.9298739946063397,0.9601172664446913,0.9409448118910743,0.7482294510766456,0.836244984632726,0.7650929713882791,0.8533652103304487,0.8762751315544912,0.8832947645794476,0.8625812092985727,0.8722381456480192,0.2835923730236715,-0.6060394889179908,0.9580002983038785,0.9380412086052061,0.9377519634982366,0.945294265075301,0.9536960685681644,0.9650411297695294,0.9650763411361217,0.9225196494674538,0.9586774397623749,0.8266647780561754,0.6729706973002898,0.9309191352580964,0.9375030773524351,0.763799436662944,0.9273165775533778,0.9465017522835831,0.822262505848456,0.9724822082086081,0.8356362156722504,0.5952743692288737,0.6961761721624344,0.8468141122760162,0.8411586733899858,0.8349695585700595,0.9795031459339151,0.9797154552615116,0.7209867323095118,0.6922130178134333,0.7844798122837452,0.33544495372109123,0.7656762898516714,0.7888375279102091,0.7828624326204623,0.7846560737352742,0.7431588983205297,0.7295722472535521,0.7087077168517275,-0.2847704028967637,-0.433341844584146,0.6477942119011328,0.8833814169222759,0.9250717260117793,0.9357319007061142,0.9094114358941353,0.8136842154939681,0.9053398531345572,0.9266759601322784,0.92635043595968,0.7569382384428986,-0.1285650296917019],[0.9951721802397098,0.9905047119634898,0.9928689220980319,0.9958372040822909,0.9983069507453795,0.988223987592355,0.9991142223131477,0.9996815119234775,0.9832272775743577,0.9998499161922537,0.9689776855054921,0.9997059835236739,0.9996649250312939,1.0,0.9997018223992231,0.9992295174898598,0.9971440119415472,0.9990134540557049,0.9995109033894182,0.9995039761356047,0.9996851596814191,0.9996583327638883,0.9928469729725556,0.9779472582015705,0.996160923075593,0.9712972903153829,0.9960493708053063,0.9875828154047082,0.9778919643185126,0.9497663148998479,0.9880480275735767,0.9919570335151695,0.9911975964063267,0.9683965677279113,0.998802290476827,0.9991203621573491,0.9992947760141875,0.9999177181872785,0.9990069807832026,0.9991181628358684,0.9974339234824238,0.998108114605946,0.9987995956663617,0.9987293045778863,0.9874192495032351,0.9287367471896814,0.7129710083149325,0.9445862281207846,0.9258625044931789,0.8019140789272678,0.951577256783928,0.9317076183968402,0.952782754118928,0.9498939746091929,0.9409812256908838,0.9763169034271572,0.9753469234050693,0.9879735579688183,0.995671572321577,0.9625107604293224,0.9555399020346012,0.9652818481219566,0.9683528323282876,0.9669452629901846,0.9662594981154521,0.8950263913824225,0.9441930520138082,0.9504629122409988,0.9501587982614474,0.8737547323811099,0.9623677582995189,0.9410290085888019,0.961988378907227,0.960738506574181,0.7531432268047106,0.8337261658801446,0.794554244064539,0.8514669305680324,0.8778340735416416,0.8827679176077473,0.871027213717168,0.8714975578548703,0.27020639065720853,-0.6003518328828743,0.9574127809143576,0.9377914371069933,0.936890634647459,0.9650785614248397,0.9533825364234045,0.9641171929838331,0.9641046792158833,0.9228463016870466,0.9591014125208179,0.8332400097784375,0.6733559581720753,0.9313575345806065,0.9384796505297017,0.7618193789237896,0.9257686230014716,0.9451706980929379,0.8231286047842942,0.9749410278403129,0.8305916746360016,0.5866173588522788,0.6916471246906335,0.8380719041454151,0.8358500031785774,0.827200094394716,0.9812239392419343,0.9813991283591444,0.712103508927777,0.6871536010649696,0.7649293907891431,0.33518289958145164,0.7559024670281528,0.7776718405646137,0.753940938127559,0.7737628654645444,0.7410439803672981,0.7198498238706557,0.6992501878764827,-0.2911573296886124,-0.4381581418982795,0.6474111844018376,0.8811138818007974,0.9261249045711413,0.9309802793961561,0.9084999831828823,0.8059138508820858,0.8992008627061864,0.9193769868765108,0.9197727112998149,0.7501152079224117,-0.12686836734628434],[0.9958023900507676,0.9905484043703994,0.9911228040926101,0.9962810533923749,0.9984593906187726,0.986999099489149,0.9991027172210138,0.9999980393357649,0.9780739375750059,0.9999905851749987,0.9697044539159172,0.9997135922156213,0.9999976678366356,0.9997018223992231,1.0,0.9993784223300736,0.996199059250614,0.9993992181740098,0.9999015758913579,0.9999008247930252,0.9999620618820205,0.9999929599190016,0.9909803636673641,0.976398478626023,0.9947192752738572,0.9594143926359956,0.9945407656388173,0.9876450228991875,0.9752834079864889,0.9474226882811293,0.9914200866014407,0.9942810863512395,0.9920428431651529,0.9704514678171717,0.999460612784554,0.9995304816024793,0.9996511557980329,0.9997308450876647,0.999011775517175,0.9994738756498771,0.9980607108122226,0.9987014897296285,0.9995283730396809,0.9993984351407148,0.9835095265094522,0.9285910892034641,0.716704360523529,0.9445701180509456,0.9258916631820163,0.8019860963041252,0.9558642889940732,0.938043534985286,0.9576954574788583,0.9529425567167138,0.944642970104414,0.9796457418287237,0.9772430539166449,0.9902506311328443,0.9971025677268651,0.9402453685865094,0.9557521757633215,0.9648076568078042,0.968772303132142,0.9668978625085058,0.9431996366424832,0.8909505493729466,0.946291974411883,0.9515101197169092,0.9306915291508657,0.8746624292529357,0.9620304483476757,0.9300392043697961,0.9601191294579248,0.9409952533759873,0.7485238115160491,0.8357620565529661,0.7648316904588042,0.8529429630733073,0.8761267260735885,0.8830400097727703,0.8623410544400562,0.8720033686957958,0.2836606948825299,-0.6058036139072823,0.9578786625433652,0.9378884737190709,0.937624732544828,0.9434818971401154,0.9536649102401559,0.9649107241904783,0.9649412434740272,0.9225378244729916,0.958551126076913,0.8267465193521955,0.6728650756121323,0.9313169306863056,0.9379074270008565,0.7635764767677923,0.9271800855625009,0.9463837902492975,0.8219976666172943,0.9726643085902094,0.8352227682703711,0.5940768883503328,0.6953865832816447,0.846368493162871,0.8407710960188198,0.8345696575424691,0.9796298758221141,0.9798388972632072,0.7198965377497331,0.6912505660645851,0.7838847377319742,0.33494344853172936,0.7649772959827665,0.7880818170750116,0.7824450930926817,0.7838526956475356,0.7426820653604604,0.7283287512388787,0.7074747330011366,-0.2855640461524676,-0.43403163867927347,0.6475544562458639,0.8827821475882343,0.9247779928240571,0.9352733844283672,0.9090035853159987,0.812928115521098,0.9050010625311736,0.9261779891665607,0.9259810661099865,0.7563778085016837,-0.127825833273464],[0.9974699338403249,0.9931122199398037,0.9905016363925448,0.9977836361320015,0.9990078531461037,0.9867218378526126,0.9998791180269331,0.9992219675121683,0.9757419469612022,0.9996575632045333,0.9731821071666017,0.999593959414102,0.9992770221193227,0.9992295174898598,0.9993784223300736,1.0,0.9978435347942314,0.9998254311004294,0.9994781534791116,0.999483493400676,0.999726378684837,0.99947450213515,0.9905026692868029,0.9753058730121126,0.9931630525233112,0.9507680823094062,0.9927932723502461,0.9896905702749305,0.9731311388388997,0.9479655849585336,0.9919302509497916,0.9925561934270323,0.9927693478560459,0.9725903067757333,0.9992175561903117,0.9997044821480877,0.9996736504233216,0.9995090170913683,0.9995114165779008,0.9997490189925334,0.9987591773663453,0.9995321973925663,0.9994660118384795,0.9992190229779924,0.981898025193319,0.9274780059474605,0.7274452600131003,0.9399495832605532,0.9264451752848132,0.8149836435789575,0.9582205998304858,0.9432545690375874,0.9603786220580831,0.9576561435553587,0.9494437372222779,0.981911491818651,0.9796488086031703,0.9913128028639411,0.9965040470705937,0.9456330934944817,0.9597780860615027,0.9707521324857052,0.9716150659351467,0.9725317832852283,0.9466204534884959,0.8981289146890934,0.9499070985976393,0.9576638468934858,0.9364633192199302,0.8849344984911501,0.9647663989304905,0.9360159481867775,0.965347509815535,0.9462064305465999,0.7590315878396301,0.8420811211396608,0.7700658791886517,0.858982514784487,0.8821401572670379,0.8862453831739778,0.866754666097088,0.8782204085668377,0.29685105876020335,-0.6020686447970943,0.9615467407418838,0.9437581219835861,0.9430668026589053,0.9485446172503376,0.9583845696957615,0.9686322050957403,0.9687135970569002,0.9275834868339379,0.9647979226588105,0.8364609152119491,0.6747072504572695,0.9190313827245223,0.9285985983062722,0.7662692807574154,0.9272376328007673,0.9461448952579798,0.822672015169517,0.9686073233842358,0.8344783302639105,0.6043863286684379,0.7008418830994506,0.8466636888417962,0.843727238089