var element=document.getElementById("correlationClose");if(element.style.display!='none'){var correlationClose={"data":[{"type":"heatmap","z":[[1.0,0.9999883393331332,0.6568762407841596,0.9997260640791942,0.9979871673298479,1.0,0.9923765389903729,0.9887446686403161,0.9887446686403161,0.9930385611469419,0.9768656958619407,0.9869150963277549,0.9924130362595905,0.9928268817457199,0.9924652508208842,0.8151768159094895,0.7556279097754288,0.3144208987633809,0.9933055582594683,0.9932960765457057,0.9855716850968707,0.9924028814214523,0.422211573062572,0.7338524177640959,0.9816647157281045,0.9816647157281045,0.9816462315810085,0.9752916555670752,0.3337119411343565,-0.11524436827671487,0.989659076946996,0.9896234035123814,0.2834332813034501,-0.19007604460842034,0.9947079132462632,0.9953372796004714,0.8449087842361335,-0.3635163407476809,0.9906512307179638,0.9953090224916703,0.8021876954171002,0.2952551613077989,0.9948510040477249,0.9948445045840971,0.9948510040477249,0.8894827708653767,0.6530427039846322,0.9043355085948109,0.9110395650247668,0.8200882039037866,0.3756111910508166,-0.1706549650268223,0.20406239632157233,0.9471012371418488,0.3926512177829255,0.9748758344850001,0.9703392686517698,0.9801513725919843,0.9897513898511319,0.9298100202474875,0.9370256130925725,0.9446473148359529,0.9291922115826784,0.9419741895535964,0.9426226241667534,0.9419741895535964,0.8806707995401969,0.921248139605451,0.9221466287301585,0.921248139605451,0.9210337931001488,0.7839131682922741,0.8938325802183495,0.8951320408142203,0.8938325802183495,0.6901167272660379,0.3699298482832207,0.6745609753670571,-0.5568490778765159,0.5800636111744207,0.6049880019281919,0.6052930906019965,0.6049880019281919,-0.10159615240873411,0.909503465460679,0.941281067397915,0.9248464128987114,0.9311075293880745,0.29912280806128055,0.9047423274037842,0.9055429713574008,0.9047423274037842,0.9093188162108126,0.9093188162108126,-0.10289468284176251,0.5875483458656479,0.1673496852881333,-0.6631681720610645,-0.5846727687251996,-0.5883021394472214,-0.11175718467886782,0.11449049851251808,0.21650236747757642,0.033153264536291534,-0.5248908635647792,-0.00291302912652205,-0.7965886187290372,-0.2704794105757802,0.15923168907501822,0.16058536053458755,-0.5666266528655378,-0.5829718846356585,-0.2645200526837404,-0.509758429232884,-0.8186827524220278,-0.3949501687285126,-0.38694600388586575,-0.3949501687285126,-0.2084126562811227,-0.32240877023394493,-0.32240877023394493,-0.8067524023176893,-0.8067524023176893,0.3811173456550952,0.6305955005183034,0.8559389299202492,0.8403676987986879,0.7589571432571527,-0.3169501922895598,0.7488491779539271,0.7829505319768253,0.7832763116569172,0.7829505319768253,-0.20202239354019996],[0.9999883393331332,1.0,0.9790101000806638,0.9994386892262235,0.995674537715834,0.9999883393331331,0.9842813699784183,0.9781976659536432,0.9781976659536432,0.9841412128788392,0.9705064126783032,0.9856670911170026,0.9843196014078867,0.9842614439705482,0.9841603949033803,0.27323589017444816,0.1850281978491409,-0.4076299837736936,0.9881313965439801,0.9881160283000489,0.9843663723369298,0.984361745355323,-0.12533868448700153,0.9781783859511055,0.9795623586282292,0.9795623586282292,0.9796068424398922,0.9754732005450146,0.13120845636720363,0.15224002570668563,0.9813644100559835,0.9814164160670878,0.8670165561984307,0.14454203366882398,0.9907148225411908,0.9907617931881891,0.9913298130504307,0.9854697165147435,0.9897009406851753,0.9908618128289407,0.22839941169037672,-0.4127882914424893,0.9913804946454959,0.9913702626970919,0.9913804946454959,0.8893038620732691,0.501098599681884,0.9042651038100641,0.9107745973319454,0.8195309614031043,-0.3326085708793268,-0.5031555991357776,0.8326062547976321,0.8748674131949503,-0.24750465585226064,0.9353427185177973,0.9354792678873066,0.9557353705957153,0.9769983489551194,0.9482812036773532,0.9551274722479057,0.9401433798164555,0.9395105563813414,0.9445983420781802,0.9450781922400858,0.9445983420781802,0.84693704765986,0.8203639800045391,0.8221843306997707,0.8203639800045391,0.9499841267006476,0.9534305085489261,0.9500803027132505,0.9509327207546429,0.9500803027132505,0.5951407001988904,0.5414052592565053,0.6386629345807121,0.7226751876789177,0.6284111980613017,0.6535302168384282,0.6541445998296748,0.6535302168384282,-0.18019624274135637,0.9113377883756033,0.9359902971264155,0.9271566265693018,0.9533212073325683,-0.269909842226317,0.9074186266039173,0.9076911588126607,0.9074186266039173,0.9150988719464006,0.9150988719464006,-0.19148462509110756,0.5875029643137495,-0.3656311422297955,-0.7608759668866443,-0.4610899879568832,-0.4646985088115164,-0.3638185417315023,0.26267798854509117,-0.253653422044731,-0.47541543822802107,-0.7096294987774776,-0.3405610242025589,-0.4807033381291518,-0.3996370726753308,0.13259689518923798,0.12921985108914208,-0.48858058787507574,-0.45228776187969727,-0.4809183395889049,-0.5118669678072109,-0.5041862923923499,-0.48315512344864453,-0.48632935009043926,-0.48315512344864453,-0.35522251263912624,-0.5248497976867504,-0.5248497976867504,-0.49818656139245554,-0.49818656139245554,0.3814087419298163,0.3670994797654771,0.4921514580786129,0.5896817367625956,0.5259926597100312,-0.4335497616276935,0.3604115863366676,0.3158058556752997,0.31592367333476473,0.3158058556752997,0.15074855364434656],[0.6568762407841596,0.9790101000806638,1.0,0.6534620228654329,0.5818951658327338,0.6568762407841596,0.6395490391638318,0.6311305091405054,0.6311305091405054,0.5782706083014539,0.5384389688704513,0.9956056079617187,0.6395694572609542,0.631896675090495,0.6397642477550817,0.4429747062655532,0.4261666128716423,-0.1898247060186355,0.5997897536863817,0.5989898445114251,0.5643323074693816,0.6385664218115034,0.2020839185071584,0.7789668456860502,0.6174678671258577,0.6174678671258577,0.6172340429976593,0.9883149014919578,0.31694794566802703,0.14351396544434533,0.5977827009052596,0.5973911431064253,0.6960988521867432,-0.003835401547843596,0.6356879137472078,0.5728267863435451,0.6050333643132435,0.3092737146088499,0.9935866129127978,0.5674083361914045,0.43173198223109077,-0.19852819827528417,0.6525359240751203,0.6336433789247068,0.6525359240751203,0.8861295200428341,0.39858526039087266,0.9239023792040342,0.900997187322683,0.71175002904813,0.21295083511412766,-0.05963267959296359,0.04963438049724217,0.5154047557914636,-0.0873467829323394,0.580558330946557,0.542828040923801,0.5669160414048943,0.5307981934055145,-0.011765257611734956,0.7833678431511784,0.7161903369536978,0.6200964254147653,0.7219692625250766,0.7528623411792519,0.7219692625250766,0.5016852679086967,0.6255794004503679,0.687431576226921,0.6255794004503679,0.6799288037633545,0.6664545334816937,0.7161214505901823,0.7649756376282474,0.7161214505901823,0.37807804008195617,-0.08750320051820067,0.3951286612630077,0.10313067524395328,0.38470657534739316,0.2615659966142176,0.47558869439710094,0.2615659966142176,-0.16091498292388745,0.5904632304334801,0.8745164434013913,0.6641924586210697,0.7659620464459866,-0.047902957912969585,0.633152829003533,0.6325675636880946,0.633152829003533,0.7051247227530276,0.7051247227530276,-0.20939367055678884,0.7053192144879262,-0.18936572426173612,-0.6756549015291103,-0.43089271402054585,-0.43451630360346466,-0.41705908686330045,0.08482806562794185,0.020730956189551543,-0.3228029388121572,-0.6556688185671168,-0.16432906936994887,-0.30463576608316856,-0.26004149586534725,0.03571195466782228,0.033825965933455646,-0.4831953830883404,-0.05298189760359774,-0.2537775222576301,-0.5068671172297841,-0.1901260601799661,-0.39811106617508973,-0.27858923799529023,-0.39811106617508973,-0.4141082967403714,-0.5329939769333361,-0.5329939769333361,-0.2956095654450723,-0.2956095654450723,0.3231913253767524,0.18072092440253312,0.27719578082805124,0.5127577631822856,0.27078695084393356,-0.37230578041953327,-0.018529178406275583,0.45396802741321957,0.5578162763031858,0.45396802741321957,-0.02225456449485676],[0.9997260640791942,0.9994386892262235,0.6534620228654329,1.0,0.9989071112595898,0.999726064079194,0.9936611232130645,0.9904842213795528,0.9904842213795528,0.9945392619269665,0.9749001094455534,0.9903065003241063,0.9936873883601626,0.9943924780518506,0.9937159704058615,0.8143141616575708,0.7543832130014332,0.29957144303358973,0.9944043957066971,0.9943981972752148,0.9856778676560871,0.9936706228035157,0.413619292515614,0.7382110728409961,0.9842436204545686,0.9842436204545686,0.9842246033315486,0.981500371452337,0.32959080798905527,-0.1214181475891698,0.9889960311607567,0.9889688006674534,0.2756028715918049,-0.19029600373320296,0.9952579772287106,0.99608023294424,0.8111065888878716,-0.3679826337898033,0.9930743788244316,0.9962769443545046,0.8005857607830666,0.2801084449792278,0.9932388681456916,0.9953055424211767,0.9932388681456916,0.887027858011182,0.6407174831525636,0.9089665064053248,0.9086245599532761,0.8023572406305407,0.3705951139341266,-0.17573131315036467,0.19858600938929336,0.9416364145092679,0.3767602271516024,0.9704021584635268,0.967398342737348,0.9779886644452996,0.989666242834451,0.9101844713959456,0.931220629708243,0.932664774741076,0.9256952939947383,0.9262652064531504,0.9271336960551992,0.9262652064531504,0.8734024513455613,0.9099077539531963,0.9108884300750942,0.9099077539531963,0.9180619277667201,0.7280797361334412,0.8576924208032062,0.8589818093736711,0.8576924208032062,0.682683371882233,0.14071487355093584,0.6655507219466492,-0.5612653680062761,0.5756745770602707,0.34153314872922247,0.5763865048578697,0.34153314872922247,-0.10774892863907107,0.9048655978274897,0.934741835888129,0.9180477794151642,0.9095570097702622,0.28496403819911453,0.9008011174232308,0.9017261037241028,0.9008011174232308,0.8914573587737042,0.8914573587737042,-0.10742820578968647,0.6072586211517456,0.1720555150870457,-0.6728893284738522,-0.5912810815838807,-0.594824400605564,-0.12356329469367024,0.11011402547995672,0.2097537730781458,0.02028412182694246,-0.5366694283842492,-0.00902926645969947,-0.8019891135222086,-0.2779671703432227,0.14958615109389187,0.1509961987560704,-0.5729841472633858,-0.5793601863504716,-0.2654814981319709,-0.5197032394216349,-0.8199436172742323,-0.3960888064100132,-0.38864567970991737,-0.3960888064100132,-0.2165470671576037,-0.33159401057188964,-0.33159401057188964,-0.80609658159344,-0.80609658159344,0.37165893130555727,0.619194025734112,0.8479831904229915,0.8326333425362785,0.7515748181381914,-0.32946175493425184,0.7397847219470559,0.7740172738885714,0.7743438966707995,0.7740172738885714,-0.18719478451952867],[0.9979871673298479,0.995674537715834,0.5818951658327338,0.9989071112595898,1.0,0.9979871673298479,0.9972295903579725,0.9957238523164069,0.9957238523164069,0.9974278349756563,0.9672695893834224,0.9964804884548841,0.9972469068054034,0.9973250211965748,0.9972729034967135,0.7362869786747579,0.6532293583137238,0.09402046724006272,0.997719207593407,0.9977180900862269,0.9876307611175144,0.9972345707998413,0.061071796428823835,0.7185907289859121,0.9923932642674518,0.9923932642674518,0.9923552497277881,0.9903228728448213,0.10640516277880963,-0.10381463309276863,0.9873233108895106,0.9872584115701464,-0.017282365498500315,-0.08941599025024685,0.9978245332688399,0.9977553277185591,0.8015855957541378,-0.49042206697051843,0.9976917246017056,0.9980920911005378,0.7120108426237015,0.06979108356584043,0.9977698030103836,0.9977743773318749,0.9977698030103836,0.9013839013262962,0.6047322977493951,0.9238000587344009,0.9124021192046704,0.7781745301647346,-0.08863465225372653,-0.5866484549595042,-0.19369282598523094,0.9306492249390877,0.23032311778601705,0.9660768656345513,0.9661170374055774,0.9804036083473671,0.9901826076702358,0.9095087224060344,0.9140134668556956,0.9237396044740158,0.913710731557581,0.9221968864495446,0.9225781294323417,0.9221968864495446,0.8497347792065525,0.8680597710808063,0.8691552318199794,0.8680597710808063,0.9075316295851116,0.8212773986560042,0.888614064083574,0.889411314188581,0.888614064083574,0.6432254627817086,0.5270674769833072,0.6319267196445596,-0.5798398475565084,0.627140192774471,0.6067251009171315,0.605677865569476,0.6067251009171315,-0.12374003550725048,0.8881117673777646,0.9121693004418038,0.8968167206119917,0.9172890032852025,0.13096161859086752,0.8875336293695429,0.8885694369776831,0.8875336293695429,0.8937421237713936,0.8937421237713936,-0.14612661253715625,0.6546366620066161,0.026794795118868026,-0.7025726499844349,-0.6389062445678595,-0.639580680583617,-0.15494619215265795,0.13337974301565875,-0.18027150390420804,-0.22670678983937836,-0.6075249247873264,-0.36806662329710016,-0.8487847886108674,-0.5547540086773681,0.11939895910560666,0.1206546659995417,-0.5987028132519508,-0.5730516725155831,-0.5411942982876872,-0.5573129199095407,-0.7780533285754329,-0.592683176696703,-0.5955475565834156,-0.592683176696703,-0.25481508313991347,-0.3648602036688395,-0.3648602036688395,-0.7466248025158776,-0.7466248025158776,0.35991221581577076,0.6016689720454277,0.8013930102573351,0.7878082504332065,0.7420149699591873,-0.4562106197007418,0.5997334547969059,0.6653698541718608,0.6657795175764994,0.6653698541718608,0.03982007184870544],[1.0,0.9999883393331331,0.6568762407841596,0.999726064079194,0.9979871673298479,1.0,0.9923765389903729,0.9887446686403161,0.9887446686403161,0.9930385611469419,0.9768656958619407,0.9869150963277549,0.9924130362595905,0.9928268817457199,0.9924652508208842,0.8151768159094895,0.7556279097754288,0.3144208987633809,0.9933055582594683,0.9932960765457057,0.9855716850968707,0.9924028814214523,0.422211573062572,0.7338524177640959,0.9816647157281045,0.9816647157281045,0.9816462315810085,0.9752916555670752,0.3337119411343565,-0.11524436827671487,0.989659076946996,0.9896234035123814,0.2834332813034501,-0.19007604460842034,0.9947079132462632,0.9953372796004714,0.8449087842361335,-0.3635163407476809,0.9906512307179638,0.9953090224916703,0.8021876954171002,0.2952551613077989,0.9948510040477249,0.9948445045840971,0.9948510040477249,0.8894827708653767,0.6530427039846322,0.9043355085948109,0.9110395650247668,0.8200882039037866,0.3756111910508166,-0.1706549650268223,0.20406239632157233,0.9471012371418488,0.3926512177829255,0.9748758344850001,0.9703392686517698,0.9801513725919843,0.9897513898511319,0.9298100202474875,0.9370256130925725,0.9446473148359529,0.9291922115826784,0.9419741895535964,0.9426226241667534,0.9419741895535964,0.8806707995401969,0.921248139605451,0.9221466287301585,0.921248139605451,0.9210337931001488,0.7839131682922741,0.8938325802183495,0.8951320408142203,0.8938325802183495,0.6901167272660379,0.3699298482832207,0.6745609753670571,-0.5568490778765159,0.5800636111744207,0.6049880019281919,0.6052930906019965,0.6049880019281919,-0.10159615240873411,0.909503465460679,0.941281067397915,0.9248464128987114,0.9311075293880745,0.29912280806128055,0.9047423274037842,0.9055429713574008,0.9047423274037842,0.9093188162108126,0.9093188162108126,-0.10289468284176251,0.5875483458656479,0.1673496852881333,-0.6631681720610645,-0.5846727687251996,-0.5883021394472214,-0.11175718467886782,0.11449049851251808,0.21650236747757642,0.033153264536291534,-0.5248908635647792,-0.00291302912652205,-0.7965886187290372,-0.2704794105757802,0.15923168907501822,0.16058536053458755,-0.5666266528655378,-0.5829718846356585,-0.2645200526837404,-0.509758429232884,-0.8186827524220278,-0.3949501687285126,-0.38694600388586575,-0.3949501687285126,-0.2084126562811227,-0.32240877023394493,-0.32240877023394493,-0.8067524023176893,-0.8067524023176893,0.3811173456550952,0.6305955005183034,0.8559389299202492,0.8403676987986879,0.7589571432571527,-0.3169501922895598,0.7488491779539271,0.7829505319768253,0.7832763116569172,0.7829505319768253,-0.20202239354019996],[0.9923765389903729,0.9842813699784183,0.6395490391638318,0.9936611232130645,0.9972295903579725,0.9923765389903729,1.0,0.9975301330259649,0.9975301330259649,0.9999712103607657,0.9610495091675268,0.9996858205934208,0.999996616512555,0.9999869274749754,0.9999934221556694,0.8769905891758479,0.8656166220304903,0.2626341583867708,0.9998630717056773,0.9998632338508603,0.9899566434338691,0.999996801320672,0.330080328108134,0.7358462249752067,0.9858820869616152,0.9858820869616152,0.9869075619690909,0.991229646329049,0.2588423767542141,-0.17507692441707137,0.9916233217299102,0.9915586596026702,0.18294859576040662,-0.23640417633070474,0.9993501739008903,0.9994633359587948,0.43378120564120604,-0.30872975198088276,0.9990432590613079,0.9994256537502213,0.8611021749903534,0.2418441464751979,0.9427487324692942,0.9991023446566781,0.9427487324692942,0.9110215376803874,0.6123606516180414,0.9390423281360668,0.9189132394449906,0.7434501454398504,0.4097538108914842,-0.11467978309754816,-0.19500442182785066,0.9294923119876566,0.34419580873437844,0.9678768615859178,0.9632127590276016,0.9789313231526208,0.9956166081589721,-0.031718509625847616,0.8754547715608934,0.8361835479887866,0.8814198666156496,0.8308366181923982,0.7942990514622423,0.8308366181923982,0.8136032865371539,0.7993076899055969,0.788491279968659,0.7993076899055969,0.8739172084608763,0.39232150503146224,0.5954110433180746,0.6568796579753147,0.5954110433180746,0.6128318405061385,-0.342644424685531,0.5845891941576588,-0.625116080852787,0.5070971506464383,-0.09019635002955416,0.44364710109995026,-0.09019635002955416,-0.14857203228596977,0.8525305710765733,0.8743788715557751,0.8594119062596818,0.7697047978072304,0.247541356924028,0.8518379875222499,0.8531868377761844,0.8518379875222499,0.770389680368355,0.770389680368355,-0.18180183879803813,0.6964485653285931,0.23741713736225437,-0.6805626878106188,-0.6307624920819755,-0.6338856558772226,-0.16649950503345773,0.06117841949673085,0.32576085728843196,-0.01001322623569437,-0.5509025012281621,0.05232808719224622,-0.8281915027533918,-0.1764603852813959,0.08486109280671972,0.08628253022789287,-0.6146306348299657,-0.5895430607087468,-0.1014996765052809,-0.5913594156585212,-0.8339877034799409,-0.3883315909547641,-0.22149767133916273,-0.3883315909547641,-0.28638257557909924,-0.3732901056513858,-0.3732901056513858,-0.8262524700602815,-0.8262524700602815,0.36114710163189667,0.5855289008291091,0.5064168774646229,0.8018225907684939,0.7372884431101112,-0.3788794759736917,0.06679523398344613,0.7478730353271646,0.7671849900723398,0.7478730353271646,-0.12074998130268867],[0.9887446686403161,0.9781976659536432,0.6311305091405054,0.9904842213795528,0.9957238523164069,0.9887446686403161,0.9975301330259649,1.0,1.0,0.9995668651433162,0.9544421985919745,0.998752326302561,0.9982717496024954,0.9994144624020835,0.9991591926890058,0.874470527282017,0.8547031219580611,0.24103493794784314,0.9992019802471939,0.9992036270345963,0.9873789369912551,0.9992935948688731,0.30490132690687893,0.737102456401028,0.9928377485877681,0.9928377485877681,0.9850531370222785,0.9885399663493004,0.24149840904336722,-0.18824197184892272,0.987948103929752,0.9913808984198907,0.16449022695712273,-0.24221821058514026,0.9983301323106601,0.9983114180060977,0.41639024635871885,-0.3151645822877384,0.9971776100811256,0.9982546325821277,0.8588344007164515,0.21985070992159253,0.9354708587277079,0.9981586355394514,0.9354708587277079,0.9086284936461039,0.5974609079160228,0.9393021963281728,0.9161707307597371,0.7222398006325337,0.3969839777598211,-0.12938843845105358,-0.2072951780797403,0.9211636916619808,0.32397727963228745,0.9632951660456598,0.9581322365418219,0.9739465879877383,0.994624193658245,-0.041127813045790086,0.8651513224558784,0.8212871508896917,0.8737705246838403,0.8170303867300062,0.7826430038391073,0.8170303867300062,0.8021917960755393,0.7816428469896732,0.7755663444518753,0.7816428469896732,0.8665147410690459,0.3739799061624453,0.5762995376837888,0.6413210650148037,0.5762995376837888,0.6009393434447418,-0.35676621492330834,0.5710631655679012,-0.6322150768517968,0.5000132985727316,-0.11145461494960167,0.42825826044133875,-0.11145461494960167,-0.1550151007838315,0.8436141637837846,0.8615406233602056,0.8481418864941547,0.7557155470419028,0.2300055608849954,0.843487805288205,0.84500466694519,0.843487805288205,0.7541794121253521,0.7541794121253521,-0.1962770557902543,0.7192602427802022,0.24425851876588042,-0.6896847251134972,-0.6429939831182386,-0.6459361870454804,-0.18087768871009222,0.053850723584416386,0.3187641211523272,-0.02892355566706494,-0.5631578381035248,0.043086958134418644,-0.8337810988594161,-0.18292856530308388,0.0700656352693543,0.0715113802467287,-0.6257865873853724,-0.590466341241427,-0.10829363357346213,-0.6073362371935411,-0.8334110914807854,-0.3995320773426625,-0.22764916235200008,-0.3995320773426625,-0.30314717237222905,-0.3864552686785256,-0.3864552686785256,-0.8241404549103483,-0.8241404549103483,0.342420363108805,0.569112134068734,0.4881349909978551,0.7843192972624458,0.7249809510285804,-0.39981883914338073,0.0531112696285724,0.7290742624888804,0.7516502557426074,0.7290742624888804,-0.10384151665402896],[0.9887446686403161,0.9781976659536432,0.6311305091405054,0.9904842213795528,0.9957238523164069,0.9887446686403161,0.9975301330259649,1.0,1.0,0.9995668651433162,0.9544421985919745,0.998752326302561,0.9982717496024954,0.9994144624020835,0.9991591926890058,0.874470527282017,0.8547031219580611,0.24103493794784314,0.9992019802471939,0.9992036270345963,0.9873789369912551,0.9992935948688731,0.30490132690687893,0.737102456401028,0.9928377485877681,0.9928377485877681,0.9850531370222785,0.9885399663493004,0.24149840904336722,-0.18824197184892272,0.987948103929752,0.9913808984198907,0.16449022695712273,-0.24221821058514026,0.9983301323106601,0.9983114180060977,0.41639024635871885,-0.3151645822877384,0.9971776100811256,0.9982546325821277,0.8588344007164515,0.21985070992159253,0.9354708587277079,0.9981586355394514,0.9354708587277079,0.9086284936461039,0.5974609079160228,0.9393021963281728,0.9161707307597371,0.7222398006325337,0.3969839777598211,-0.12938843845105358,-0.2072951780797403,0.9211636916619808,0.32397727963228745,0.9632951660456598,0.9581322365418219,0.9739465879877383,0.994624193658245,-0.041127813045790086,0.8651513224558784,0.8212871508896917,0.8737705246838403,0.8170303867300062,0.7826430038391073,0.8170303867300062,0.8021917960755393,0.7816428469896732,0.7755663444518753,0.7816428469896732,0.8665147410690459,0.3739799061624453,0.5762995376837888,0.6413210650148037,0.5762995376837888,0.6009393434447418,-0.35676621492330834,0.5710631655679012,-0.6322150768517968,0.5000132985727316,-0.11145461494960167,0.42825826044133875,-0.11145461494960167,-0.1550151007838315,0.8436141637837846,0.8615406233602056,0.8481418864941547,0.7557155470419028,0.2300055608849954,0.843487805288205,0.84500466694519,0.843487805288205,0.7541794121253521,0.7541794121253521,-0.1962770557902543,0.7192602427802022,0.24425851876588042,-0.6896847251134972,-0.6429939831182386,-0.6459361870454804,-0.18087768871009222,0.053850723584416386,0.3187641211523272,-0.02892355566706494,-0.5631578381035248,0.043086958134418644,-0.8337810988594161,-0.18292856530308388,0.0700656352693543,0.0715113802467287,-0.6257865873853724,-0.590466341241427,-0.10829363357346213,-0.6073362371935411,-0.8334110914807854,-0.3995320773426625,-0.22764916235200008,-0.3995320773426625,-0.30314717237222905,-0.3864552686785256,-0.3864552686785256,-0.8241404549103483,-0.8241404549103483,0.342420363108805,0.569112134068734,0.4881349909978551,0.7843192972624458,0.7249809510285804,-0.39981883914338073,0.0531112696285724,0.7290742624888804,0.7516502557426074,0.7290742624888804,-0.10384151665402896],[0.9930385611469419,0.9841412128788392,0.5782706083014539,0.9945392619269665,0.9974278349756563,0.9930385611469419,0.9999712103607657,0.9995668651433162,0.9995668651433162,1.0,0.9600254913727081,0.9996516496697823,0.9999723323478895,0.9999713936577549,0.9999758720147969,0.7698625483227673,0.6899325952119015,0.1458363092102863,0.9998193413158147,0.9998199401803909,0.9898424488267807,0.9999695019241118,0.11141320477398861,0.710486176314212,0.9952264698015039,0.9952264698015039,0.9951831379574559,0.9910927525240805,0.09070865864870187,-0.11513497317143699,0.9906631729780747,0.9906247423231644,0.0008921549071774597,-0.19542174443908053,0.999396889876711,0.9993556317963707,0.8074257521093917,-0.486790915095169,0.9989794216315228,0.9994021505580949,0.7466199376534491,0.1220067874780799,0.9992603823303399,0.9992655293862236,0.9992603823303399,0.9107227526020565,0.6128929735560473,0.9386367319883406,0.9182416873063306,0.7429183646685359,0.01304802780551873,-0.5387599175999852,-0.14872187441444332,0.9254359134105274,0.2900083366285156,0.9637989404382876,0.963235931107835,0.9809604256131189,0.9948565214164181,0.8845201585776713,0.8762518047599235,0.8998641415131134,0.8823798746110724,0.8983401525600976,0.898926999225973,0.8983401525600976,0.8130483381410177,0.8502773775093956,0.851717429927506,0.8502773775093956,0.8752863744826276,0.7857441973462459,0.8611043054842633,0.8622759506663895,0.8611043054842633,0.6124854035199123,0.45718505888390865,0.5836535419785251,-0.6336342417434283,0.5610122143085463,0.5284770665321823,0.5281676885050892,0.5284770665321823,-0.10571084885222139,0.8532243932144645,0.8743149430512608,0.8598201167208875,0.8929876564746719,0.1641145543789288,0.8571847950713738,0.8590567627864251,0.8571847950713738,0.8635246875600847,0.8635246875600847,-0.18351028732108157,0.6967727583924922,0.05244433732112256,-0.6924479655780555,-0.6658930182791054,-0.6670372841344485,-0.17000394454481074,0.06447241241916327,-0.1853670832703571,-0.19387878334699762,-0.5912901210794612,-0.3957710821935184,-0.8668310984682351,-0.5898635737370632,0.08426045654409078,0.08572259162251317,-0.6161972918054913,-0.5856794216075372,-0.5511766494087601,-0.5930178942121718,-0.8021718193951684,-0.6158691688115279,-0.618095328943294,-0.6158691688115279,-0.28816399399718573,-0.376473698984552,-0.376473698984552,-0.782369448804478,-0.782369448804478,0.3618075975791107,0.5840292600195588,0.8119776590456312,0.8000649769230166,0.7355691116831192,-0.40602676020179085,0.6334806282208645,0.6903726677574786,0.6905381652008951,0.6903726677574786,0.11547886066375347],[0.9768656958619407,0.9705064126783032,0.5384389688704513,0.9749001094455534,0.9672695893834224,0.9768656958619407,0.9610495091675268,0.9544421985919745,0.9544421985919745,0.9600254913727081,1.0,0.9449565917617959,0.9610707393828225,0.961091586081613,0.9607915322783201,0.5837557820114843,0.49173013241124885,-0.07552335399981219,0.9654200082559459,0.9653995205495864,0.9611845431173065,0.9611768989594297,0.034216592184710425,0.7504630983264111,0.9626272685494162,0.9626272685494162,0.9628017911844284,0.8919168062546506,0.19326900166284053,-0.09912292896750703,0.9679608755926873,0.968064357366229,0.15571278659924426,0.0644169673170319,0.9689997444232977,0.9692413534274126,0.8839446957058835,-0.38095229869907354,0.9532776222286974,0.9681972784590561,0.5557814744002019,-0.09650759649333215,0.9700982885881752,0.9700672612785434,0.9700982885881752,0.8134535685239663,0.4119993634338361,0.8267140354292359,0.8984933127760367,0.8530896611249961,-0.5170382968453242,-0.6786943109889155,-0.24104490616452054,0.8897345444150809,-0.013258314728131361,0.9189918553155623,0.9190553230212745,0.9383108399767816,0.9662266529517581,0.8880653109613528,0.8889197137336825,0.9066125906257935,0.8908891412114002,0.9000521292188342,0.9006594059003166,0.9000521292188342,0.8451800384538916,0.8282825141179918,0.8299291297601324,0.8282825141179918,0.8849994740264879,0.900019353750003,0.8832945868189842,0.883890190632617,0.8832945868189842,0.6967738472812347,0.6270086666390213,0.6977455548005275,-0.31703888154559023,0.7154360605748122,0.7312642837683047,0.7335068162774376,0.7312642837683047,-0.2661529464509349,0.8882312904361662,0.9403526946101533,0.9025653076527749,0.9001081823323958,0.013492161141513212,0.8820652783690415,0.8830971711253053,0.8820652783690415,0.8906311495401399,0.8906311495401399,0.039541841305561806,0.3948017581817465,-0.11730883960210295,-0.626534946423029,-0.4292203732020776,-0.431475306068872,-0.03102554050102692,0.417254191732675,0.035429008760891424,-0.15163567230646194,-0.5078811573900618,-0.07753544605954162,-0.7967783795005242,-0.24002498549461276,0.2955849840051425,0.29524111406616593,-0.3991608241028881,-0.43321719816012444,-0.36200584365074706,-0.37183594957819216,-0.6651254988858433,-0.3818643007432961,-0.384061224041211,-0.3818643007432961,-0.10478767483450381,-0.4161327561966875,-0.4161327561966875,-0.539911117789431,-0.539911117789431,0.5128484519470151,0.647438373492564,0.7488156605121109,0.6833927439979515,0.813222235696447,-0.4958749430136431,0.3902068949707462,0.5340074159020315,0.5343029368669857,0.5340074159020315,-0.17333069200756077],[0.9869150963277549,0.9856670911170026,0.9956056079617187,0.9903065003241063,0.9964804884548841,0.9869150963277549,0.9996858205934208,0.998752326302561,0.998752326302561,0.9996516496697823,0.9449565917617959,1.0,0.9996861120129671,0.9996817176133217,0.999653533542931,0.36471704848992265,0.26831753292248767,-0.4926208212392047,0.9997993591599104,0.9998019743157283,0.9996910052840297,0.9996907076263769,-0.23017851784669768,0.9714722395943912,0.9945674695953559,0.9945674695953559,0.9945486847876077,0.9931552743805891,0.11308839861260549,0.09988178766535545,0.9915642892830276,0.9916112505435405,0.8878683880142305,0.04164996590846444,0.9990284551619902,0.9989824574998356,0.9988557143418733,0.9993807448721964,0.9994148130073631,0.9990636612137722,0.3136210726833943,-0.5010487349320962,0.9988038713453898,0.9988120635662494,0.9988038713453898,0.9049019510027315,0.4512669549914558,0.9350321207444414,0.9159262642575569,0.7435970897664653,-0.4413267751337336,-0.6123836483873478,0.8107039541740729,0.8392882929687141,-0.33904684120995726,0.9301034302872443,0.9303164472999251,0.9693330864927202,0.9933826071124758,0.8967631439448133,0.9036814359907756,0.8804612176379144,0.8819553707893507,0.8867865751255838,0.8874274172404129,0.8867865751255838,0.7634842936936195,0.7314893460140881,0.7336717993534462,0.7314893460140881,0.903133785589718,0.9094113982234451,0.902188272381057,0.903262728299972,0.902188272381057,0.4890577772118936,0.42554031127986,0.530654102515479,0.6309878141794648,0.5277873079555916,0.558722152597833,0.5606292086086627,0.558722152597833,-0.35514548565651655,0.8419534012359589,0.8778057226793453,0.8639953103588451,0.90334644595395,-0.30072961668934095,0.8370015553139479,0.8373742356481761,0.8370015553139479,0.8472667458095974,0.8472667458095974,-0.23617537494689506,0.6893322417435588,-0.38625143305298026,-0.7827902590098196,-0.534494351174055,-0.5371393291263049,-0.4105977632659204,0.2113461827141862,-0.2965745985603937,-0.5118847575236641,-0.7379783274447131,-0.3887296588253487,-0.5964206503328963,-0.4587623924419345,0.07716445653757563,0.07444947006002671,-0.5573617933385008,-0.5276752238971215,-0.5484541101739538,-0.5837790165081811,-0.5775269094697736,-0.5517822820570797,-0.5547656628106384,-0.5517822820570797,-0.4270347693656296,-0.6178463916138427,-0.6178463916138427,-0.6154103921052838,-0.6154103921052838,0.3581095266734463,0.33228656146704166,0.46421327890029274,0.5601669518566117,0.5214837332980148,-0.5706713745720619,0.29613797297779126,0.2823538861580454,0.282530420915905,0.2823538861580454,0.23594884609900482],[0.9924130362595905,0.9843196014078867,0.6395694572609542,0.9936873883601626,0.9972469068054034,0.9924130362595905,0.999996616512555,0.9982717496024954,0.9982717496024954,0.9999723323478895,0.9610707393828225,0.9996861120129671,1.0,0.9999905132132441,0.9999951048347524,0.876972205402344,0.8568598349904945,0.26268626303154274,0.9998643886410833,0.9998645081624988,0.9899906592279647,0.9999973857855123,0.3303801184330951,0.7359059266061493,0.9909712205586514,0.9909712205586514,0.9868989266309014,0.9912177231503592,0.2590907382322101,-0.17502567702325889,0.9916541445045767,0.9915678892909005,0.18317106060968155,-0.23637125422743366,0.999351822372335,0.9994663781677608,0.4337584389983229,-0.30852426140504713,0.9990455675232522,0.999433182255049,0.8610739148039493,0.24190241278284272,0.9427348710890939,0.9991044455658378,0.9427348710890939,0.911037037542885,0.6124970869698176,0.9391997260288013,0.9190656520402376,0.7435542898416357,0.41012424639067535,-0.1142537834971783,-0.19465152916489567,0.929557814923735,0.3442582912961186,0.9679609490746339,0.963264907797315,0.9790128182430704,0.99562991980937,-0.03153440019389173,0.8755849923840293,0.8362729765795069,0.8815273298477778,0.8309244050278486,0.7942452338756893,0.8309244050278486,0.8136894424444467,0.799359925542454,0.7884320026576014,0.799359925542454,0.8740543052509951,0.3922053892734496,0.5954164181817138,0.6567983898154123,0.5954164181817138,0.6127903343372407,-0.34266277430669767,0.5845636526265209,-0.6250144832587856,0.5070077464085417,-0.0903192887554589,0.4436818357721831,-0.0903192887554589,-0.1487168242567075,0.8526016887110858,0.87449482657502,0.8595002139488747,0.7696990212155801,0.24759484627216427,0.8519162388178543,0.8532614592677408,0.8519162388178543,0.770454429187121,0.770454429187121,-0.1817453448630686,0.6964784124012735,0.23752934462487627,-0.6805996900779628,-0.6306809491115533,-0.6338094026769546,-0.16658000270206139,0.06106109197986227,0.3259217922688011,-0.010003355382418054,-0.5509614330390062,0.05257413200742607,-0.8279427456907014,-0.1761846030158218,0.08493190170407532,0.08636745503693087,-0.6146154434606368,-0.5893487420998398,-0.1012670872810266,-0.5913266533366884,-0.8338845161975853,-0.3881207211690816,-0.22130573077835664,-0.3881207211690816,-0.28622297461313934,-0.37325702389527526,-0.37325702389527526,-0.8261998526469788,-0.8261998526469788,0.3615841800422036,0.5856427981351723,0.5066505794498064,0.8020618703311615,0.7373403925650318,-0.37868227230918494,0.06706558242865542,0.7481097495360162,0.7672918898362544,0.7481097495360162,-0.12077540815286365],[0.9928268817457199,0.9842614439705482,0.631896675090495,0.9943924780518506,0.9973250211965748,0.9928268817457199,0.9999869274749754,0.9994144624020835,0.9994144624020835,0.9999713936577549,0.961091586081613,0.9996817176133217,0.9999905132132441,1.0,0.9999878606035273,0.8203865526628178,0.7554085551028241,0.2646119647278384,0.9998869559136173,0.9998875244705565,0.9899803125009491,0.9999878513271165,0.3323035114319056,0.731917533211093,0.993942741018485,0.993942741018485,0.9939071677592866,0.9911413190417774,0.25415260122477523,-0.17546524668263538,0.9919253891972136,0.9919327936194642,0.20662349039206787,-0.23575254737752266,0.999524141885229,0.9994661199521547,0.8462950402404229,-0.39976826010105804,0.9990411751526015,0.999437397996175,0.8031541571428097,0.24386280657871112,0.999416765954674,0.9994212743307025,0.999416765954674,0.9109151014577185,0.6126144983909556,0.9388370201963177,0.9185771819847319,0.7431130360738508,0.2902075992957645,-0.2846614045348169,0.102245779273451,0.9294320627290603,0.3449017405450535,0.9648969575498886,0.9632839053652542,0.977547169659334,0.9958593172102141,0.8916272703175658,0.8748034893209202,0.904555761917436,0.8814734698315992,0.9036448112818116,0.9044644493446806,0.9036448112818116,0.8128355495410996,0.8706296334853677,0.8720400460439768,0.8706296334853677,0.8738906704194235,0.7689519027475115,0.8665487457609661,0.8681129222492793,0.8665487457609661,0.6122850562495522,0.4606619778501206,0.5830689175986175,-0.628611329240294,0.5054536895315995,0.5113837899887503,0.5123242752433339,0.5113837899887503,-0.15080442953282147,0.8524521006037564,0.8741347663740412,0.8589991583991059,0.8983634616031798,0.24984946745180472,0.8518519206118599,0.8534417600816957,0.8518519206118599,0.8616959018739955,0.8616959018739955,-0.1821193264200912,0.6952431375190326,0.15178294448940124,-0.6794453065215471,-0.630319187601456,-0.6333153596339461,-0.16654392708050383,0.06018882825998635,0.10157630874562935,-0.008427860469553723,-0.549407881713904,-0.13473556997183286,-0.8393137962550323,-0.3959434231594028,0.08461178353043677,0.0861136394361208,-0.6146624078856785,-0.5886630912683192,-0.3930927038904441,-0.5910897556364456,-0.8272785287844628,-0.5067184520572076,-0.5023981444810774,-0.5067184520572076,-0.28548466023305497,-0.3733192418433258,-0.3733192418433258,-0.8181605993566681,-0.8181605993566681,0.3611147595293621,0.585820664550123,0.8211703043317806,0.8058694208471068,0.7378723168601222,-0.37813500686975293,0.7001828088530999,0.736906288233683,0.7369917014995294,0.736906288233683,-0.08843292034691856],[0.9924652508208842,0.9841603949033803,0.6397642477550817,0.9937159704058615,0.9972729034967135,0.9924652508208842,0.9999934221556694,0.9991591926890058,0.9991591926890058,0.9999758720147969,0.9607915322783201,0.999653533542931,0.9999951048347524,0.9999878606035273,1.0,0.8695190226923266,0.819766382954777,0.2628137051575365,0.999867026169927,0.9998670350299197,0.9901245465214166,0.9999950477465841,0.3310374669830097,0.7357534622371004,0.994167646568013,0.994167646568013,0.9940745523559055,0.9911398114389395,0.2593613962900981,-0.17505529222849717,0.9924987623371694,0.9925429520696807,0.18390560648522042,-0.23620492651509895,0.9993976478994694,0.9994655061523174,0.4327935346150172,-0.30776663573006435,0.999001761343948,0.9994356023398141,0.859215134321107,0.2420520228940649,0.9422902612549348,0.99915548386841,0.9422902612549348,0.9112962018367509,0.6131551585206162,0.9394027696736353,0.9192611129987882,0.743299704388248,0.41145489801690893,-0.1127589485021676,-0.19486652326926224,0.9298975385355409,0.3445245077253503,0.9683471643092642,0.9635685440596493,0.9792736892322752,0.9956696026561536,-0.03252035542609273,0.8758391893228985,0.836188802291231,0.8817463254517118,0.830873647846592,0.7938240511347822,0.830873647846592,0.8138773373343163,0.7993050740447679,0.7887966911590504,0.7993050740447679,0.8743505772918285,0.3915518974415525,0.5949384226472664,0.6568036697279866,0.5949384226472664,0.6126577939482385,-0.3437858045778222,0.5845092848860457,-0.6251934695160336,0.5066674700182431,-0.09127837068806247,0.44334968217895493,-0.09127837068806247,-0.1486705317334757,0.8527270738560176,0.8742428367091937,0.8596260318971496,0.7618900323035295,0.2479653560892177,0.8520100425206392,0.8533460786059335,0.8520100425206392,0.7702703432809207,0.7702703432809207,-0.18310397514203022,0.6972663178580094,0.2380122427335218,-0.6805780883679826,-0.6310329845867905,-0.6341659899203109,-0.16764580553444966,0.05991754216220472,0.32623942345599255,-0.010396986374421624,-0.5511609839338775,0.05267016690554512,-0.8271736219241604,-0.17601744474422285,0.08400304651838686,0.08543734408123183,-0.6151911053406667,-0.5895629909138767,-0.10070577934578605,-0.5924585627100731,-0.833900656137804,-0.38805787399685343,-0.22076781631097228,-0.38805787399685343,-0.2870988514687873,-0.37368866069153944,-0.37368866069153944,-0.8265415223929615,-0.8265415223929615,0.3617995409642808,0.5853114093394127,0.5061680072010468,0.8024922862348797,0.736796779775342,-0.37825266251621326,0.0664338440039259,0.7485173749199825,0.7678986648605295,0.7485173749199825,-0.12049181489225937],[0.8151768159094895,0.27323589017444816,0.4429747062655532,0.8143141616575708,0.7362869786747579,0.8151768159094895,0.8769905891758479,0.874470527282017,0.874470527282017,0.7698625483227673,0.5837557820114843,0.36471704848992265,0.876972205402344,0.8203865526628178,0.8695190226923266,1.0,0.9940645097929935,0.41343536383029467,0.8534655529826123,0.853453318666686,0.7953456223763454,0.8686136055199989,0.32949262808717295,0.45917219092102773,0.86066281468645,0.86066281468645,0.8476679026866568,-0.0337012461242055,0.19200242872333403,-0.18049571273047552,0.8941836770732914,0.8920568343413736,0.15373105783417848,-0.2446064574709065,0.8738542162916231,0.78924733449467,0.28814693302263256,-0.3189760302417187,0.38034840523586383,0.7632732111021022,0.9984074802387989,0.39560645369284786,0.8006636820417313,0.8736138008642277,0.8006636820417313,0.3498010602326992,0.5644066418723274,-0.04465999840089659,-0.06061192276134953,0.21386642367647934,0.4045974596170877,-0.06210989569355484,-0.2100317004560633,0.7724239687891672,0.4038497124923885,0.8699450341646644,0.7801519582201034,0.8474290458085946,0.8619531606973792,-0.09810995161498128,0.300579829742372,0.6478070485632466,0.5546945686937227,0.6391290200895288,0.6