var config = { responsive: true }

var correlationAdjClose = {"data": [{"type": "heatmap", "z": [[1.0, 0.9999928821530668, 0.9836460095949359, 0.9999204315815278, 0.9988013653117406, 0.9888405525991519, 0.9973020875090716, 0.9948654842898136, 0.9951395849485615, 0.9801328622716483, 0.9909248931745758, 0.9950213700676092, 0.9941833083830198, 0.9949246551570107, 0.9950757444628604, 0.9963075448685699, 0.9980832490373204, 0.995703476743896, 0.995719670534255, 0.9957257733484381, 0.9949677556362191, 0.9844834179446854, 0.9668801821712564, 0.9868337611524892, 0.9855989162825028, 0.9772284037557544, 0.9606640452150408, 0.9387285082628105, 0.9947600035310213, 0.9947173414528949, 0.9918145524601211, 0.9750008853476612, 0.9972116300281035, 0.9975376949427457, 0.9968519091494633, 0.9950915710479201, 0.9944732022394809, 0.9973631696032353, 0.9974362724189852, 0.9986362865662872, 0.997146395107121, 0.9971613523497815, 0.9754525373998009, 0.9298833395154724, 0.7701957915841428, 0.9070950909366959, 0.9294587753556002, 0.8586921581725226, 0.9720457123259808, 0.9445504542633121, 0.973131736796277, 0.9691077575686325, 0.9646879624174587, 0.9866286067942381, 0.9829419650910051, 0.9828032584647778, 0.9753765608757394, 0.9847645958746652, 0.9820381084385122, 0.9854440583678443, 0.9851922621836484, 0.9624356624715447, 0.9635978194680109, 0.9702842490278946, 0.969981846989822, 0.9406421335014905, 0.97403347588943, 0.9723905508736732, 0.980801457229004, 0.9798276688031698, 0.933066761518736, 0.8491413274701861, 0.817570555887906, 0.868054251799996, 0.8973988963181609, 0.8910555702878411, 0.8962102269412819, 0.8949427571575478, 0.6003608061357256, -0.5129494801080798, 0.9742495043617105, 0.9631735689004788, 0.9597054274740044, 0.9837702471129037, 0.952451583414503, 0.9797594693328326, 0.9797152028366404, 0.9404935145126644, 0.9801742735913944, 0.9455867117735691, 0.5822717916861139, 0.8272324580020305, 0.9097484169814525, 0.10469157778068683, 0.9124082741157105, 0.9347950011272188, 0.8019495089257321, 0.9531717150274336, 0.8960668487577705, 0.6791563744181083, 0.46134215437974985, 0.8916123897592001, 0.8601103892750177, 0.8874599149729123, 0.9648342897153172, 0.9651304593888822, 0.7376210131774557, 0.6955421020251612, 0.8279827513002658, 0.32391149037437234, 0.7947816842879326, 0.8335699710029676, 0.8199815970068945, 0.8183704839562075, 0.7270010346190995, 0.7348674981095974, 0.7140913201565386, -0.22067157873855234, -0.353342960283011, 0.6054353422413599, 0.9010214561366414, 0.9476990576211796, 0.9508124638115065, 0.9193085099678724, 0.8272374202477576, 0.9187423665195036, 0.9412359196310648, 0.9410100121523829, 0.8768006441838834], [0.9999928821530668, 1.0, 0.9795038256558094, 0.999744027993026, 0.9970848031113766, 0.9895228655880792, 0.9921191987385428, 0.9868016124086986, 0.9868556403368919, 0.9658259521724406, 0.9896291501439375, 0.9871137781393556, 0.9868907634976275, 0.9869479246820275, 0.9870584561150867, 0.9925852415673366, 0.9947425549603692, 0.9908180691575045, 0.9908198436746949, 0.9869432656087428, 0.9870151596059759, 0.9866958650184459, 0.9585889415271689, 0.981677429960177, 0.9811696464035945, 0.9770766485911238, 0.9690051303171281, 0.9034752353036951, 0.9881398745621128, 0.982847876895258, 0.9766687615966694, 0.9113954904567656, 0.9940874479680261, 0.9938633378980257, 0.9941947004670876, 0.9885257058362148, 0.9934762018722515, 0.9941600145753583, 0.994532402523444, 0.9964285268570072, 0.9942080348625629, 0.9942195484354317, 0.9836373527961518, 0.929630122855809, 0.6675573882931891, 0.9071627608055004, 0.9304135140866591, 0.858821373674965, 0.8964848692492883, 0.9158408430312701, 0.900355643122995, 0.9111584077928563, 0.8954317469230028, 0.9577975607540977, 0.9576687396942074, 0.9704936827676472, 0.9752319139492815, 0.9673048523065901, 0.9672171689820831, 0.9705732391380122, 0.9704822981340876, 0.9251689916441272, 0.9337267283334583, 0.8939615162814918, 0.893887946617534, 0.7732151578254073, 0.9648414149475714, 0.9675003775123757, 0.9678863212692954, 0.9673118853600068, 0.9216287822309293, 0.6041350723413381, 0.5421083251333099, 0.7079055519279827, 0.8108676979884826, 0.728565430211695, 0.7731945144464685, 0.7715145706404651, 0.5305787496796248, -0.2561489551276257, 0.9481789125963639, 0.9571616273243521, 0.9478335484928946, 0.9716980427088135, 0.9128915163319826, 0.9538270249500425, 0.952647217969449, 0.8827958057255862, 0.9576460979138727, 0.8902619080623185, 0.35740913215690595, 0.8263839958418184, 0.8314145615290418, -0.2766121527176964, 0.5657814122597169, 0.6828373150095361, 0.6069810251713805, 0.9479925551686538, 0.6301456143393812, -0.16622002760584573, -0.08519170345559997, 0.596798292401614, 0.6060249265369999, 0.6524832714959611, 0.9500245791190199, 0.9498190097144804, -0.11899177991299169, 0.10516243618524233, -0.04940311371160356, -0.06933919755382902, -0.04225819429420842, -0.02638031533079038, -0.05694158997181325, -0.09366197340472383, 0.26190277729131173, 0.02556599815297082, -0.01942019692952822, -0.45538974577419344, -0.4820089100842178, 0.6057696569155915, 0.741311595010988, 0.7620639690484465, 0.8253313140672467, 0.8184231767436124, 0.5166574435730883, 0.7265710119141727, 0.761854531248898, 0.7603995272562913, 0.416679018744302], [0.9836460095949359, 0.9795038256558094, 1.0, 0.9851162307273916, 0.9921151587456968, 0.9890071717853134, 0.9905104683101664, 0.9907795027512443, 0.9941303834199371, 0.9528871497196112, 0.9965576925264295, 0.9906896234420868, 0.9926640515992076, 0.9908478892499077, 0.9907463713883565, 0.9913010477323289, 0.989392566076258, 0.9892595169792755, 0.9892239583974929, 0.9926249025053243, 0.9907083838840478, 0.9928627735070139, 0.9772883661085319, 0.9900768085222031, 0.9904400265711991, 0.9748860814286099, 0.9801507652475712, 0.9429684621240351, 0.9738637410892836, 0.9768423464090308, 0.9785391642250469, 0.9501517516115252, 0.9877001862741744, 0.9908361879007335, 0.9890120324023276, 0.9929022356432253, 0.9941394161929958, 0.9918215989344176, 0.9870407051155852, 0.9870288684563987, 0.9879732561389527, 0.9873209570249597, 0.9896884588402726, 0.9290778933025275, 0.712618175330937, 0.9330792760317494, 0.9121859513876394, 0.7580670595831682, 0.9329844135150008, 0.8992936170398692, 0.9341000916995074, 0.9289783021032654, 0.9223354447830433, 0.9538312229551646, 0.960537799445896, 0.9257031022945849, 0.9406810583588465, 0.949283266282186, 0.9542830934818245, 0.9500452438851079, 0.9241737277869174, 0.8843717996925325, 0.917136190574595, 0.9204681907564962, 0.9046954578501641, 0.851765501822648, 0.9544235853045049, 0.9306206002633416, 0.9497273803209618, 0.9275250525292703, 0.742980332338826, 0.7834831051501309, 0.7241413301471056, 0.8040932481301795, 0.8534872162539434, 0.8494637165165256, 0.8242514911011182, 0.8376306558446256, 0.2733434207660201, -0.5192285608989451, 0.9387691125288443, 0.9042345439043313, 0.911116995330761, 0.9263210664744254, 0.915657335420398, 0.9452489914183413, 0.9449173872991286, 0.9001688986519256, 0.9423897729504795, 0.8181943768571079, 0.5499057138464788, 0.9176711727806327, 0.9282092611585273, 0.024408436595494666, 0.8894575234072243, 0.915076514146963, 0.7867722034258678, 0.9753015024407758, 0.7782573102693157, 0.5886730362881559, 0.3840701648477591, 0.7841153001610051, 0.784046540389741, 0.7723956783381154, 0.9793990953025924, 0.9794753119550662, 0.6537420258924863, 0.6257774412183092, 0.7152484435539596, 0.24864483275889285, 0.6876967416715704, 0.7123663372693274, 0.7285139848104583, 0.7090738874688054, 0.6757296644252782, 0.6566179044129007, 0.6337163961587866, -0.30002437433436563, -0.4318254617793043, 0.5513303181345472, 0.8587396974899199, 0.8979450854091897, 0.8980410482084232, 0.8909465732844719, 0.7547333508690851, 0.8719297097007808, 0.8863507181342131, 0.8955487078326889, 0.7404554187130107], [0.9999204315815278, 0.999744027993026, 0.9851162307273916, 1.0, 0.9991259738503295, 0.98969540600234, 0.9976943167935874, 0.9954349973099531, 0.9958300150337797, 0.9799906889227901, 0.9927049444458262, 0.9955736884466186, 0.9949496162023346, 0.9954923901066612, 0.9956185954937196, 0.9968454520376256, 0.9984428184465141, 0.9961995717086455, 0.9962130994121048, 0.9963235629711594, 0.9955224685004753, 0.9858155864488667, 0.9682641516824666, 0.9880074728469497, 0.9868820813919571, 0.9803344099228893, 0.9628735069395687, 0.9400259718255097, 0.99436033875397, 0.9944732979072219, 0.992054739639772, 0.9748302181623988, 0.9974145762408374, 0.9979122504521166, 0.9972131457847643, 0.99571509542603, 0.9955502793115607, 0.9977785969433343, 0.9975830463385564, 0.9988144924082712, 0.9973389509208227, 0.9973506523909078, 0.9772958489670535, 0.9258965411806529, 0.7640302273588002, 0.9079846777982551, 0.9261983448306823, 0.8481299049404781, 0.9692856305659745, 0.9411296239005656, 0.9702537480614541, 0.9665717108491693, 0.9620155862842243, 0.984613110457833, 0.9814716284681035, 0.9807642912426172, 0.9729771378395212, 0.9829639582030293, 0.9808914944647705, 0.9835633441607835, 0.9833095633364894, 0.9466715043574604, 0.9616722807819913, 0.9684989285427583, 0.9682005307727054, 0.9333440516035967, 0.9729648837838715, 0.968097498756357, 0.9786850045142879, 0.9776677315769229, 0.9004632106080495, 0.846834227542808, 0.8123834824464734, 0.8653929049860166, 0.893402775067931, 0.889998417976664, 0.892863473115841, 0.8916807193520181, 0.4927897417334531, -0.5132639119925868, 0.9727339941281294, 0.9601058606209801, 0.9569339851026767, 0.9817362551953687, 0.950930751112514, 0.9784450595856004, 0.9784051704429064, 0.938895199048532, 0.9781451991757685, 0.9220809231670792, 0.588317086529631, 0.8378631313486368, 0.9143725827211903, 0.10474367556420837, 0.9141558274274711, 0.9362969537433982, 0.8024048239853393, 0.9547346016509645, 0.8900034546933498, 0.6764523421940005, 0.45903148006426947, 0.88665710233157, 0.8567032862108579, 0.8821595051382367, 0.9659933849987157, 0.9662967521669632, 0.7369464687783888, 0.6961104060989197, 0.8201427245430011, 0.326329939373637, 0.7893629926873974, 0.825435826732222, 0.8119239716855846, 0.8132430746786841, 0.7302674367104225, 0.7352205141987738, 0.7145049540602193, -0.2160118350465745, -0.3525084781378997, 0.6031584344397607, 0.8993144071058421, 0.9461277230301746, 0.9492648195313019, 0.9184355192009451, 0.8245530958902523, 0.9169643277140898, 0.939234408027498, 0.939166453007502, 0.8690950017757042], [0.9988013653117406, 0.9970848031113766, 0.9921151587456968, 0.9991259738503295, 1.0, 0.9922214412866146, 0.9990624814994659, 0.9981300982127083, 0.9981815664685832, 0.9728688609300407, 0.9973512630544861, 0.9981894310493212, 0.9979103038435572, 0.9981674676681824, 0.9982334014462201, 0.9984863422426903, 0.9991585099507743, 0.9986035429037264, 0.9986068325405424, 0.9982722265400636, 0.9981704187153094, 0.9930434755955707, 0.9762838670218591, 0.9930768734043708, 0.9929638077097425, 0.9847264233930488, 0.977894543901344, 0.9437359520862366, 0.9910797251960708, 0.9929910968630793, 0.9903310244919846, 0.9657385345667572, 0.9989952064881101, 0.9990141373770104, 0.9989954417919313, 0.9983074078392233, 0.9986025919308316, 0.9990915031927268, 0.9991585294336631, 0.9991169823036083, 0.9989769609853979, 0.9989806269643671, 0.9880734958603316, 0.9360400128734621, 0.740533354506645, 0.9252859795140922, 0.9281844914351962, 0.8264621477207846, 0.9547071982075925, 0.9262706044198958, 0.9581869783278039, 0.9580176016329982, 0.9535420532882736, 0.9806005816716786, 0.9805365330936222, 0.9758038448881807, 0.9654993982992317, 0.9767355773817465, 0.9754671465661299, 0.9770523339450884, 0.9767288488815205, 0.9478332756622618, 0.9495979602554556, 0.946450891161583, 0.9460461530886646, 0.8944482340601889, 0.9690036435556671, 0.9657135091330349, 0.9729251497316359, 0.9718410886268625, 0.9258482547898036, 0.8188670166612992, 0.7690022318710067, 0.8449608134207514, 0.8936335332306238, 0.8730330822966308, 0.8826168114789864, 0.8814376499017162, 0.6489442527229043, -0.5849919936717002, 0.9640209255738675, 0.9449161537096528, 0.9436468593151623, 0.9771252063222716, 0.933495228519081, 0.9692903339179108, 0.9687496794020238, 0.925333373629969, 0.9716213489039407, 0.9303146556305654, 0.5724452488025197, 0.8667022944499518, 0.935933582749103, 0.0007325515804189488, 0.887239512792937, 0.916802376871196, 0.7954441097657604, 0.9610870540169127, 0.8757516155734004, 0.5340318024635526, 0.333182290200381, 0.8624889465331436, 0.8111692023189014, 0.8632073986363928, 0.9707700301678086, 0.9710063451493948, 0.6875990886802981, 0.6746081399129835, 0.7295950948133593, 0.29805958802818, 0.6640131797612104, 0.7384804766119143, 0.7137337611319932, 0.6945843997805499, 0.7117494677622197, 0.7160877307114096, 0.6942991073806007, -0.4479729778146068, -0.5209288968196596, 0.5883038147534501, 0.8913287637469929, 0.9291598526613821, 0.9394348566521342, 0.9143384639886807, 0.7978992447020435, 0.8967186804306247, 0.9223303554764434, 0.9217834037015309, 0.8019903885165692], [0.9888405525991519, 0.9895228655880792, 0.9890071717853134, 0.98969540600234, 0.9922214412866146, 1.0, 0.9893628712138538, 0.9889302147749072, 0.9882122794700007, 0.967151370842186, 0.9771803363072751, 0.9889118150352738, 0.9899177225444493, 0.9889971285515864, 0.9890803449246854, 0.9919358994387362, 0.9901799894023127, 0.9899064098328796, 0.9898743830041845, 0.9876739675879412, 0.9889223478130476, 0.9962716018720693, 0.9910526948888385, 0.98827242016344, 0.9878791757216867, 0.9618872532902539, 0.983231751184637, 0.9644795698711108, 0.9756819563068512, 0.9786506633259691, 0.987681696652406, 0.975556328407321, 0.9894055818742092, 0.9894806620810471, 0.9903354877690373, 0.9899914943803939, 0.9809659329688631, 0.9901250064626895, 0.9897202716342913, 0.9898495970629774, 0.9895027150306296, 0.989473203946368, 0.9939503494950922, 0.8894606080450811, 0.7518088808650654, 0.8800247954791004, 0.9279810103915608, 0.8587767177791635, 0.9443325872324203, 0.9146692375294894, 0.9458252369897638, 0.9518927987070311, 0.9431295788416867, 0.9657766062997004, 0.970210919119124, 0.9648737080484743, 0.9759702156532343, 0.9664112702263173, 0.9780343237829385, 0.966413225521094, 0.965816587493098, 0.9630762397048168, 0.9554186850750297, 0.9426991036500396, 0.9422261300798009, 0.9263561458157277, 0.9745649799185905, 0.9665690808098926, 0.9656381373982891, 0.9638136195549794, 0.9424928796916171, 0.8469768319258891, 0.7989449153249745, 0.8672669546102146, 0.8879222071545495, 0.8948863769285503, 0.8793039992389123, 0.8774444371589408, 0.6188596534079762, -0.4837786962055912, 0.9711214053838524, 0.9639893860366772, 0.9610080839315664, 0.9661274791095911, 0.9495441087452711, 0.9721746780476325, 0.9718608202976332, 0.948007969848786, 0.9616349747601515, 0.9480971814570449, 0.5861988903374412, 0.7912726858927193, 0.9291853398247704, 0.10491305287384656, 0.9010786152787471, 0.9219889650456565, 0.7996266581543245, 0.950251040794481, 0.8491813852590362, 0.6331215653164485, 0.4423873391693721, 0.8462874577489744, 0.8194201624811397, 0.8427078875461095, 0.9527832310745908, 0.9529100483004346, 0.7028981378429848, 0.6782932575317375, 0.7675089014897503, 0.3278068710353446, 0.7445211888929137, 0.7750279327789588, 0.76068444648249, 0.7634610319456879, 0.7180546926817133, 0.7085226719894732, 0.6898911811615832, -0.24691871800947157, -0.37104889809081987, 0.6404154830420624, 0.8910782411664334, 0.9091460152267705, 0.9160219884555406, 0.9033320875674086, 0.8030150107302135, 0.8773574663764181, 0.9009363713704799, 0.9008441389320124, 0.8480987794757487], [0.9973020875090716, 0.9921191987385428, 0.9905104683101664, 0.9976943167935874, 0.9990624814994659, 0.9893628712138538, 1.0, 0.996982070449122, 0.9995112700182758, 0.9710684915471063, 0.99938210232781, 0.9979997181185607, 0.9990401205494644, 0.9989460015050183, 0.9987010267355136, 0.9980178153925999, 0.9998591158767972, 0.9992003272397085, 0.999206195666792, 0.9996297127994127, 0.9991670233068634, 0.9904080097683408, 0.9728474261301921, 0.9832163853420369, 0.9919730543736714, 0.9836186511227483, 0.9697683627943025, 0.9384858527951088, 0.9926066207317963, 0.9916712136353389, 0.9929792730864407, 0.970886026498181, 0.9987392121547259, 0.999801397335598, 0.9995922094587956, 0.9993574485472916, 0.9996051810996961, 0.9998340488740012, 0.9977475381851457, 0.9995545837992359, 0.9992185810616853, 0.9987975401363368, 0.98307792205633, 0.937613441912138, 0.7522114758704915, 0.9328984925286474, 0.9298377806626963, 0.8116790405760473, 0.9619554049349058, 0.9399837799046531, 0.9628359076877553, 0.9606524757688144, 0.9567450664664935, 0.9822201566984049, 0.980003591057828, 0.9356111907792936, 0.9511960423898888, 0.9659682339024797, 0.966392585420707, 0.9679568213301551, 0.9362714196698823, 0.8798419158040633, 0.938537216056931, 0.9524062435521825, 0.9290680882835224, 0.8668121269540126, 0.9576570645581188, 0.9236727897199704, 0.959130853752189, 0.9357008402177668, 0.7076833720679653, 0.8130131366937602, 0.7463938526402726, 0.8298767292781805, 0.8608043045766253, 0.8639834096646053, 0.8455620551198031, 0.8579426830165926, 0.22793712848029216, -0.549762442807303, 0.9537581848809856, 0.927014881688351, 0.9279767922054364, 0.9384027427582923, 0.9316585562249728, 0.9628668362886481, 0.9629527595675402, 0.9161129280300011, 0.9589144930587735, 0.8035978944539205, 0.5704306107392239, 0.8717121114761969, 0.9137257586239669, 0.08239305780813147, 0.9117466798016008, 0.9351157835216224, 0.7957289157182232, 0.9615200686898292, 0.8303856018387096, 0.6616266697779865, 0.44130956064089416, 0.8419586343687455, 0.833927529519043, 0.8272480250961838, 0.9714881360160404, 0.9718102199232053, 0.7209123199465292, 0.6696748530629976, 0.7843565761290971, 0.29256906956451706, 0.7647090544793131, 0.7937958145803037, 0.7852490641525102, 0.7903757818462894, 0.7070207536996135, 0.7199573422499549, 0.6973393608690123, -0.23720113597576312, -0.3808088364193865, 0.6086027514344987, 0.8911013187950811, 0.9313973463171829, 0.9462779381264507, 0.9162801016615588, 0.8215062068239537, 0.9155629723388227, 0.9378973608010244, 0.9372474315185084, 0.7740426029614081], [0.9948654842898136, 0.9868016124086986, 0.9907795027512443, 0.9954349973099531, 0.9981300982127083, 0.9889302147749072, 0.996982070449122, 1.0, 0.9999831993673058, 0.9647448120237166, 0.9995907467870093, 0.999996845289813, 0.9996413343043106, 0.9999976771392014, 0.9999804502303623, 0.9962036978531646, 0.9990804792434014, 0.9998778448155703, 0.9998776528635854, 0.9999530121939775, 0.9999942075512958, 0.9905866486475656, 0.9737335363237661, 0.991193997585515, 0.9924445348829252, 0.9797740661427037, 0.971934137168902, 0.9368820613064044, 0.9889718203549605, 0.9944683392823582, 0.9917548467128443, 0.9675517830915346, 0.9994225460036477, 0.9994670126001121, 0.9996084782636767, 0.9996584284040637, 0.9986115265902556, 0.9993639707031573, 0.999081023081634, 0.998257648762034, 0.999493323937358, 0.9993515595259636, 0.9843604058940043, 0.9393075718218835, 0.7393477809680188, 0.9421287967216488, 0.9288003663133442, 0.7892392701233699, 0.960857771709659, 0.93506500374371, 0.9613902339148336, 0.954325434406048, 0.9505165430162507, 0.9803972026339123, 0.9767942957506017, 0.9292892228587731, 0.9433744807541791, 0.9570234124703956, 0.9614238415848001, 0.9595860361215465, 0.9341442008019024, 0.8669124383703305, 0.9314088280522366, 0.9439064465238618, 0.9227157536589217, 0.8499223584500064, 0.9529402788650744, 0.9150637691396234, 0.951500920127925, 0.9297278787060729, 0.6880230835965123, 0.8017720419279402, 0.7412067954254521, 0.8184705482705176, 0.8507473772395839, 0.8569709106662288, 0.8398945713407073, 0.8489558917262237, 0.20525146769686506, -0.557372349769547, 0.9472040213341696, 0.9141791968588898, 0.9176233132635961, 0.9359684265713122, 0.9235493440916432, 0.9566006440760577, 0.9567011637597453, 0.9071558484135573, 0.949452912744307, 0.7860118814921193, 0.5639826604574798, 0.8969199690114436, 0.9272427377200351, 0.06759816174122656, 0.9104201749101536, 0.9342275777112606, 0.7927377451488617, 0.9665545250953654, 0.8350040195674968, 0.6480358741405481, 0.42789677866975184, 0.8439547394074658, 0.831149392904984, 0.8314819090381224, 0.9747175186898819, 0.9750356111221378, 0.7105466788797509, 0.6600483251207329, 0.7871169922522457, 0.2762394057366946, 0.7598035429836201, 0.7899388506154593, 0.7872878284866688, 0.7852396765350321, 0.6986416529512434, 0.7132144571564397, 0.6898316354917675, -0.25523276777067094, -0.39794889764360564, 0.5869960974036961, 0.8821931787109717, 0.9294691929808531, 0.9385716535115968, 0.9096559900644244, 0.8096451457767005, 0.9091319213942523, 0.9316891293062638, 0.931309368015685, 0.7528728652599745], [0.9951395849485615, 0.9868556403368919, 0.9941303834199371, 0.9958300150337797, 0.9981815664685832, 0.9882122794700007, 0.9995112700182758, 0.9999831993673058, 1.0, 0.9640543087122897, 0.999588781366521, 0.9999810895028105, 0.9998218247516828, 0.9999894670590551, 0.9999964040156273, 0.9989196347713424, 0.9990406034743992, 0.9998066860270571, 0.999805973536448, 0.9999654807849246, 0.9999819138703704, 0.9932841069627758, 0.9748424570482848, 0.9945206893782307, 0.9946907578571348, 0.9798120600841158, 0.976127503816138, 0.9381212984890801, 0.9894994760153041, 0.9934897352060962, 0.9888131058069729, 0.9629843837319191, 0.9993315944708987, 0.9994113698131747, 0.9994061289667616, 0.9998235561148967, 0.9986308389913751, 0.9993618596044298, 0.9993004952938213, 0.9982482093682414, 0.9993237523023459, 0.9993185766147321, 0.9885926877285338, 0.9395576803726237, 0.7404186439686095, 0.9426497174911037, 0.9298239498173113, 0.789590046861641, 0.9497315481855002, 0.9210111885453888, 0.9527664578583207, 0.9518902093494342, 0.948097254499612, 0.9775589842082226, 0.976989653644238, 0.9634224929549725, 0.9438461360839409, 0.9642864879249039, 0.9614474885834228, 0.964706907845063, 0.9643171649832584, 0.9331022994741276, 0.9305969186358346, 0.9342661902444427, 0.9338597124799122, 0.8810716774695503, 0.953257965170555, 0.9547000488225543, 0.9611050379484323, 0.9597356771445362, 0.9107649717084049, 0.8009989204533666, 0.7449091318227528, 0.8177114432753767, 0.872131359836421, 0.8548232497907055, 0.8630367556243711, 0.8620127658805024, 0.5900582307434824, -0.6210649183717073, 0.9470794603906834, 0.9142046347935745, 0.9176829705258971, 0.9649884133537343, 0.9154193360684699, 0.955994776862246, 0.9554004447375404, 0.907908421340523, 0.9586063027878645, 0.9132142056554259, 0.561810368621832, 0.8964049067228318, 0.9435465673820378, 0.008199652433901874, 0.8944965936098705, 0.923121570869308, 0.7917698408344053, 0.9650418033346709, 0.8822568445908873, 0.5584818826744142, 0.35570996291158896, 0.8696033579784811, 0.8194334823451667, 0.8710520780488192, 0.97460745136622, 0.9749029993250345, 0.7084230733926686, 0.6569724073542574, 0.7459201153513388, 0.27379263445101276, 0.6821333550042331, 0.7540700713013767, 0.7313538464794855, 0.7128245861534946, 0.6957102769338117, 0.7097654121578248, 0.6863344963231613, -0.49938638559390225, -0.5742446890919072, 0.5870722258367718, 0.8810838456080599, 0.9277947604649799, 0.9392678684006426, 0.9086431857980222, 0.8042185803624077, 0.8965427665505715, 0.9210556323325262, 0.9204788217469769, 0.8104106234857844], [0.9801328622716483, 0.9658259521724406, 0.9528871497196112, 0.9799906889227901, 0.9728688609300407, 0.967151370842186, 0.9710684915471063, 0.9647448120237166, 0.9640543087122897, 1.0, 0.9472006791957951, 0.9651430851927912, 0.9640031942103985, 0.9648657013909675, 0.9644119214975123, 0.9662955962954981, 0.9754129678205837, 0.9697808349821709, 0.9697880631844683, 0.9649211431332086, 0.9649995609699346, 0.964653456949689, 0.9499150533543461, 0.9720657791340584, 0.9699043179793126, 0.8771551761791682, 0.9680560238814274, 0.9481307186482616, 0.9742289559468893, 0.9680109568974752, 0.9678638307325453, 0.9316990817524619, 0.9735537337913115, 0.9731043819603884, 0.9736151092586798, 0.9651203278960199, 0.9556515255746401, 0.9725939873184063, 0.9734341331140562, 0.9775576006645499, 0.9737524554163689, 0.9737697404894929, 0.9553066747104555, 0.8389449188218852, 0.5619086950921242, 0.7751363543956058, 0.8967785278808454, 0.8822579552894978, 0.9021259331942078, 0.8175831053679655, 0.9066216564349387, 0.9140367452839309, 0.9039112643099506, 0.9282004198724981, 0.9280442322098972, 0.9453801215324866, 0.9368707056291761, 0.9556580300741734, 0.9492820785309835, 0.9538569866698701, 0.9538890769864873, 0.9135262055862474, 0.9511248699417982, 0.9334324666207507, 0.9330899652651655, 0.8475597011972641, 0.9371935427289447, 0.9457505438741663, 0.9385512345799506, 0.9375825154868316, 0.8890602364963696, 0.8091569103464478, 0.763754939774059, 0.8544444867899448, 0.9093927453269032, 0.8788840238281348, 0.8941585897627019, 0.8933948228988836, 0.6932271197210249, -0.2950084544809571, 0.9530206898112575, 0.9552417280363497, 0.9459576807467227, 0.9473564531225306, 0.9157144638401863, 0.95442434835409, 0.9542596794948469, 0.8989069361773164, 0.9568761626309484, 0.9051178535434246, 0.6861973796003229, 0.6397580338384425, 0.8604953840571443, 0.055832707156123214, 0.8444073103996049, 0.885160070198542, 0.8687382099837259, 0.9483427418122817, 0.9033661238205184, 0.4672457236988415, 0.40035154045390087, 0.8957170289441374, 0.8700561967129573, 0.9017367487221037, 0.9488604890736836, 0.9492096793649373, 0.5354558059629667, 0.6973562220069176, 0.6068332358300871, 0.4811670280693848, 0.5693962338342654, 0.6265928548263817, 0.5872394171826543, 0.564746354265023, 0.7952592906339296, 0.6721013679227176, 0.6366722696030365, -0.26555253422908004, -0.30964604709637294, 0.7368077173899105, 0.9154523029649223, 0.9213719369534544, 0.9068950329679393, 0.9402045407993184, 0.6457521506280347, 0.8360371819352557, 0.9072286518684842, 0.9063293829761317, 0.6907486198521289], [0.9909248931745758, 0.9896291501439375, 0.9965576925264295, 0.9927049444458262, 0.9973512630544861, 0.9771803363072751, 0.99938210232781, 0.9995907467870093, 0.999588781366521, 0.9472006791957951, 1.0, 0.9996261350665335, 0.9995999155777585, 0.9996085517324318, 0.999617351464899, 0.9993285377397124, 0.9986246233633141, 0.9999484736649433, 0.9999489135328902, 0.9996072735711083, 0.9996182408692061, 0.9889303712510286, 0.953004059337789, 0.9897877188020476, 0.9910646510210022, 0.9853247376464036, 0.9663447857693657, 0.886921788872365, 0.9880517664070679, 0.9918680804727259, 0.9712770913941373, 0.8916502344074353, 0.9990833701640521, 0.9991560668444606, 0.9990735295497544, 0.9994229515777222, 0.9993486972177439, 0.9990889580062985, 0.9989370442761881, 0.9970873647046717, 0.9990492796098622, 0.999046123049469, 0.9881992766789855, 0.9333189602335222, 0.6178013149538942, 0.9372638130908293, 0.928958134494428, 0.7947272030763691, 0.8722921852136398, 0.8903341215441846, 0.8779484212973515, 0.8821259884741819, 0.8691515102861467, 0.9505229892152387, 0.9504300961878757, 0.9432650857204516, 0.9458650709588179, 0.9327394557454354, 0.9355874611156637, 0.9380627424412833, 0.9378480167082665, 0.8797454107325137, 0.8917189173283404, 0.8440040202301218, 0.8438419600673059, 0.7058464616391588, 0.9389767540461739, 0.9427939873919546, 0.9431983756966957, 0.9425230422268034, 0.8834915240505018, 0.5461658983450729, 0.4796734052148084, 0.6495213952457197, 0.7611316198156988, 0.6775728100993424, 0.7232833895522531, 0.7223289564017112, 0.46510504792236684, -0.38929332311188414, 0.9062147916976581, 0.9186651875443463, 0.9058304471195303, 0.9451130028965512, 0.8635743465678327, 0.9133669618387763, 0.9118467021896609, 0.8290808043027601, 0.918703847735645, 0.8384264698127439, 0.42612782758463186, 0.8916437407371903, 0.8921548509913737, -0.26002280628872115, 0.6216959691309943, 0.7256344388842417, 0.6226182886676728, 0.9665299425823554, 0.6440325584559318, -0.1166102262108918, -0.05728996003925335, 0.6156862096869753, 0.6212712168238831, 0.6635522413296124, 0.9681288828384812, 0.9681866616843403, -0.05507748445981375, 0.16158836519636702, 0.01678146748982546, -0.004903711096169461, 0.020946492608313022, 0.03976965004936524, 0.00778827457035194, -0.03621373590368667, 0.327638352515044, 0.0739203345285835, 0.024724757304093757, -0.527459853186471, -0.5541110033938837, 0.587171713833971, 0.7306030516590079, 0.7526534300586694, 0.8185705076190131, 0.8160049254643075, 0.4924581086548407, 0.7125870087987479, 0.751734407503392, 0.7503714245771979, 0.40156416283263574], [0.9950213700676092, 0.9871137781393556, 0.9906896234420868, 0.9955736884466186, 0.9981894310493212, 0.9889118150352738, 0.9979997181185607, 0.999996845289813, 0.9999810895028105, 0.9651430851927912, 0.9996261350665335, 1.0, 0.9996283670701618, 0.9999976088011372, 0.9999836498624106, 0.9968771765696536, 0.9991432551086844, 0.9998900857113265, 0.9998900007759184, 0.9999610336694931, 0.9999947007681077, 0.9905050815387674, 0.9736182367739089, 0.991846704282616, 0.9924145764719577, 0.9800332892510905, 0.971780639197155, 0.9369183528312872, 0.9898453940585648, 0.994507227308887, 0.9918108880298121, 0.9676733634974994, 0.9994629650720053, 0.9995107782984263, 0.9996420855150355, 0.9996613505154975, 0.9987105110752441, 0.9994107464438217, 0.9991179712045563, 0.998346592704839, 0.9995353181217235, 0.9993927142986831, 0.9841881618520997, 0.9394922937432755, 0.7399876445731675, 0.9419099069054399, 0.9289455528740511, 0.7904013124258119, 0.9611400788495206, 0.935464602332757, 0.9616819491768589, 0.9546637268262488, 0.9508664666945429, 0.9806161751552862, 0.9769589722824084, 0.9296581218772375, 0.9437250349674167, 0.9574051972425447, 0.9616578424892237, 0.9599571837141856, 0.9344395504585519, 0.8672450304173087, 0.9317856228568827, 0.9443720847472449, 0.9231754080118257, 0.8504590177498145, 0.9531374871995321, 0.9153767529269236, 0.95181236693488, 0.9300816724334737, 0.6883110874022464, 0.802357208288136, 0.7417986551840268, 0.8190536544638022, 0.8511915846009664, 0.8573287143005403, 0.840373428581183, 0.8494666040061107, 0.2057153921313427, -0.5571379864347663, 0.9475243170177787, 0.9148233500178211, 0.9181202833445108, 0.9362494089594156, 0.9239152817164129, 0.956909976626223, 0.957009843291269, 0.9075214940827957, 0.9498590979799528, 0.7864191379144758, 0.5643581258699564, 0.8958185656837733, 0.9267025652554756, 0.06834718861382438, 0.9105316723554118, 0.9343267514946824, 0.7930524418689414, 0.9663909102102666, 0.8354115807164862, 0.6489595389232242, 0.4287765568965033, 0.844390102997426, 0.8316717688986055, 0.8318776587617595, 0.9746445175320559, 0.9749630416784342, 0.7112008408467346, 0.6607013111620063, 0.7876492039698327, 0.277204289231307, 0.7604719170602336, 0.7905810637112282, 0.7878217839376349, 0.7859122567448227, 0.6991135843975254, 0.7136738045488876, 0.6903252762025001, -0.2541449779224513, -0.39695673052398656, 0.5877075980179044, 0.8826907246345548, 0.9298466768433099, 0.9390483698171765, 0.9100893276242772, 0.8101809342998308, 0.9096490087354473, 0.9321927838932805, 0.9317986477564216, 0.7535261111986117], [0.9941833083830198, 0.9868907634976275, 0.9926640515992076, 0.9949496162023346, 0.9979103038435572, 0.9899177225444493, 0.9990401205494644, 0.9996413343043106, 0.9998218247516828, 0.9640031942103985, 0.9995999155777585, 0.9996283670701618, 1.0, 0.9996649924008663, 0.9996479083168468, 0.9990326878890861, 0.9986004447077749, 0.9994337451488468, 0.9994272618041752, 0.9996428368760553, 0.9996178750227485, 0.9925054751706389, 0.9752887101291822, 0.9953428728181365, 0.9952319120730732, 0.9798237508768828, 0.974684485001895, 0.9396185883174559, 0.9890692622209316, 0.9925236872879892, 0.9909299013161336, 0.9652996711969974, 0.9987406005886634, 0.9990416844715709, 0.9992356150462067, 0.9999240219520622, 0.9986488233304671, 0.9989867701283219, 0.998544598115073, 0.9975753630411596, 0.9987299126601453, 0.9986529852343906, 0.9881334263851295, 0.9394957472052743, 0.7363396600509435, 0.9421128207532365, 0.9289051212238588, 0.7896681557992719, 0.9576395513568232, 0.9283264913353826, 0.9584372975414788, 0.9513765140140588, 0.9470588266242999, 0.9770982366110534, 0.974914607954293, 0.9543018779097342, 0.9433088300056293, 0.9576045791662985, 0.9605712669061588, 0.9596661506071155, 0.9589607515825472, 0.8713390248902797, 0.9283347438195868, 0.9425841488059188, 0.9423626114384195, 0.8482735954431934, 0.9532280805269652, 0.9281257491628797, 0.9536953764192468, 0.9521831605395468, 0.6922714953505845, 0.7989548527348588, 0.7634368217408382, 0.8163183791446139, 0.852672854745127, 0.8561883054480813, 0.8481963840589124, 0.8484275507387948, 0.18909572997443733, -0.551737883881444, 0.9462843804163297, 0.9144219905594791, 0.9167688185881222, 0.9574738077098859, 0.9232753862737999, 0.9553764659489751, 0.9554327206786162, 0.9067549895267245, 0.9501357965986003, 0.7933832828857312, 0.5648697140142088, 0.8964697518008279, 0.9268860648621987, 0.06335323703307476, 0.9080471183250558, 0.9322563447656905, 0.7941746791820912, 0.969208812083698, 0.8286099144460403, 0.6412147603747439, 0.4237865120555279, 0.8354376371808837, 0.826322628312114, 0.823410507346631, 0.9766878143676831, 0.9769571513460494, 0.7017550396427216, 0.654929461038592, 0.7659231457380005, 0.27687975624003486, 0.7502944824177608, 0.7790819482595226, 0.7556324236768339, 0.774702756103537, 0.696543486390154, 0.7028851897387524, 0.6798069294325257, -0.2611542171965622, -0.4023219541754267, 0.5872187800339534, 0.8804752834061461, 0.931478308410873, 0.9346058463597948, 0.9093011078183432, 0.8021434549410716, 0.9030581421600151, 0.9252231978708684, 0.9254386081190177, 0.7481165104917168], [0.9949246551570107, 0.9869479246820275, 0.9908478892499077, 0.9954923901066612, 0.9981674676681824, 0.9889971285515864, 0.9989460015050183, 0.9999976771392014, 0.9999894670590551, 0.9648657013909675, 0.9996085517324318, 0.9999976088011372, 0.9996649924008663, 1.0, 0.999987888453336, 0.9985270522802279, 0.99910172364023, 0.9998817371787018, 0.9998812027596272, 0.9999552561642362, 0.9999918747731662, 0.9906267812120095, 0.9737914124604488, 0.9937730453378405, 0.993640104011508, 0.9799271689016694, 0.9719812667432652, 0.9370790340263276, 0.9923480302560524, 0.9948473603161361, 0.9916922074579799, 0.9674429093958126, 0.9994392930264857, 0.9994726464903042, 0.999619336981315, 0.9996787947995927, 0.9986576611099944, 0.9993763408825296, 0.999151035376211, 0.998280397601904, 0.999507585918893, 0.9993691621457049, 0.984342733608221, 0.9393537364143394, 0.7394464574211127, 0.9420619853335295, 0.9289194224377118, 0.7897856819960769, 0.9609680995860341, 0.935250542652099, 0.9615436117715648, 0.9542945956303457, 0.950460123030004, 0.9804482774731998, 0.9767574164569971, 0.9296742819166041, 0.9435583979791693, 0.9572401052517097, 0.9614962848430123, 0.9597844519357289, 0.9338052243002853, 0.8671786037117261, 0.9312356555166387, 0.9439883071045267, 0.9229872055098433, 0.850069857036724, 0.9531263740118908, 0.9155222230505589, 0.9517683453770257, 0.930133639314723, 0.6884626372715429, 0.801709827242658, 0.7415302533117516, 0.8184565378100284, 0.8509542441165288, 0.8569362252008056, 0.8400834279608753, 0.8491637617901686, 0.2056392871885614, -0.5570247044000821, 0.9472746070328175, 0.9144839195121882, 0.9178581862322961, 0.9337046173824118, 0.923788778930173, 0.9566831145441331, 0.9567802003074288, 0.9073490921405247, 0.9496692530605128, 0.7863417539756987, 0.564088802065256, 0.8964046306656106, 0.9270731216380543, 0.06764712946222162, 0.9102735885076414, 0.9341133850709762, 0.7927462595045709, 0.9665728863490414, 0.83507206102353, 0.647914263753115, 0.42783508773494844, 0.8440064121965697, 0.831328774858416, 0.8315430147814095, 0.9747749674129276, 0.9750890268458399, 0.7100717124343785, 0.6596135269270353, 0.7871233436398487, 0.2765814741484636, 0.7598001068043235, 0.7898753885114395, 0.7874912649428231, 0.7851504937191728, 0.6985363282741875, 0.7123336949032469, 0.6889891710931219, -0.2550111483058399, -0.39772204324142685, 0.5874024000262688, 0.8821152483702642, 0.9296362172067066, 0.9386575915327964, 0.9097159305617893, 0.8094546982878613, 0.9093933230283431, 0.9317697614777485, 0.9315098859014127, 0.7530152634301288], [0.9950757444628604, 0.9870584561150867, 0.9907463713883565, 0.9956185954937196, 0.9982334014462201, 0.9890803449246854, 0.9987010267355136, 0.9999804502303623, 0.9999964040156273, 0.9644119214975123, 0.999617351464899, 0.9999836498624106, 0.9996479083168468, 0.999987888453336, 1.0, 0.9985248006401033, 0.9991395141437935, 0.999878146491783, 0.9998781591214463, 0.9999552336992618, 0.9999761139704899, 0.9905267542379752, 0.9738074210884305, 0.9921354546533624, 0.9921945990953531, 0.9800699041697268, 0.9716791662428202, 0.9371016632607057, 0.9923930133955333, 0.9944284030618747, 0.9915484808557768, 0.9673935851497203, 0.9994838113418789, 0.9994619458998095, 0.999610730945048, 0.9996686671137915, 0.9986829138149007, 0.9993862428953042, 0.9991858275290715, 0.9983411125231911, 0.999543006519456, 0.9994192704384363, 0.9840876031517535, 0.9393296939765561, 0.740282456952548, 0.9421182197785793, 0.9294582062449731, 0.7901348266036757, 0.9616013909585953, 0.9364186625430814, 0.9622442283094519, 0.9545717750879517, 0.9507454123629524, 0.9809690527388992, 0.9769819298288649, 0.9305421768861715, 0.9440598647709076, 0.9576762200030475, 0.9616545396917442, 0.9602294623274794, 0.9352537867358393, 0.8673612703605806, 0.9307812605065467, 0.9443384295193522, 0.923783077459619, 0.8500216743419207, 0.9535353867725439, 0.9162251261651431, 0.9523463234965994, 0.9311191324892781, 0.6882712819327836, 0.8013077614026224, 0.7426723951425502, 0.8180044359345657, 0.850980460511559, 0.8564279072517528, 0.8406593197795358, 0.8495938969756089, 0.20531422479787872, -0.5564576972570213, 0.9473028411326658, 0.9147088118981349, 0.9180822143200195, 0.9371251753080837, 0.9242987931993419, 0.9568386014704725, 0.9569833750855222, 0.9077067679455406, 0.950061811771199, 0.7863167248689934, 0.562638706998563, 0.8961568193745757, 0.9267546889418748, 0.06643304319102876, 0.9097416197744438, 0.9335950103692419, 0.7918080412849051, 0.9661794616826792, 0.8360581684652828, 0.6475317382614779, 0.4269542668137287, 0.8445696716961848, 0.8317387108241514, 0.8323311373417512, 0.9745454943270168, 0.9748408077645951, 0.7087512521672602, 0.6573509462817785, 0.788230824541808, 0.27487330379314195, 0.7600470440881189, 0.7902613330305353, 0.7887857368286044, 0.7853586652539369, 0.6966729289907155, 0.7099664243268564, 0.6865887782879386, -0.25417654734384726, -0.3969597132106592, 0.5872383118867149, 0.8812590573626781, 0.9302369482935449, 0.9391745822627025, 0.9089412658359385, 0.8096508753920719, 0.910443525377515, 0.9323717406568398, 0.9322608023227281, 0.7529161978450674], [0.9963075448685699, 0.9925852415673366, 0.9913010477323289, 0.9968454520376256, 0.9984863422426903, 0.9919358994387362, 0.9980178153925999, 0.9962036978531646, 0.9989196347713424, 0.9662955962954981, 0.9993285377397124, 0.9968771765696536, 0.9990326878890861, 0.9985270522802279, 0.9985248006401033, 1.0, 0.9988219644390102, 0.9989122198494178, 0.9989100224268455, 0.9987360113181286, 0.998412471019445, 0.991953429843517, 0.9766027435481764, 0.9825451870171977, 0.9892525397634501, 0.986879812128434, 0.9736954014286426, 0.9450008411233833, 0.9935227225669944, 0.9932151607986394, 0.9906743493454581, 0.9678768654953229, 0.9987723332206099, 0.9987401027704216, 0.9989528446114758, 0.9985435673608068, 0.999345940914118, 0.9988700565322172, 0.9989002319971939, 0.9981796208164891, 0.9986431549355169, 0.9987229166733469, 0.9828154010915924, 0.9322051806700424, 0.7470384575869685, 0.934244906903961, 0.9320941359369462, 0.8088483598460809, 0.9652506000656029, 0.9408715619381386, 0.9664997835804989, 0.9551163089469836, 0.9499647514174878, 0.9817614085941149, 0.9767672759884088, 0.943784365728665, 0.9539475633910043, 0.9648767672579551, 0.9662096358988823, 0.9665252760593022, 0.9473762518241283, 0.8797077404883221, 0.9348453821433358, 0.9495681851749326, 0.9352458116664016, 0.8614052138442911, 0.9599744636010259, 0.9304208171833787, 0.9602217334654395, 0.9443700685302652, 0.7066363149862851, 0.8094237091601085, 0.7610225770294512, 0.8274286118626094, 0.864035