var element=document.getElementById("correlationAdjClose");if(element.style.display!='none'){var correlationAdjClose={"data":[{"type":"heatmap","z":[[1.0,0.9999946805944825,0.9866558076671731,0.999935357499305,0.9991925948491903,0.9835438607575179,0.9978520981593546,0.9963699025999189,0.9715190003479476,0.9965455965195135,0.9946851888822652,0.993915405747312,0.9964617261901791,0.9964928500064518,0.9964112326551366,0.9977490710737795,0.9980862806076366,0.9983183869064899,0.9968973040191265,0.9969087888245234,0.9968594941191856,0.9964335155470028,0.9886381011680111,0.9739898168867048,0.9909045767199746,0.9607817006496386,0.9900755888179283,0.9871112789279733,0.9715911937643883,0.9578717040749027,0.9922054007622966,0.9937840091625971,0.9928237823332042,0.9792595748833818,0.9977764059356056,0.9978767915582675,0.9976205582666117,0.996550764225109,0.9955105426017831,0.9977652464299779,0.9986319360583256,0.9986637155007558,0.9977608821179023,0.9977716822840296,0.9783563435661538,0.9275942589419575,0.9556822751495424,0.9441232690487878,0.9433280603698946,0.9228159079255215,0.9646348738754597,0.9524367905320473,0.9664956104913137,0.9693819105746682,0.9583299553473524,0.9849429483704676,0.9828853979655339,0.9912896100621732,0.9942259186468627,0.987803844135432,0.9828553860624031,0.9882097310967605,0.9868688950189487,0.988748985959537,0.9886349694689172,0.9554982802981117,0.9765745137401622,0.9769369529433565,0.9767233893909844,0.9441519764256562,0.9825657784339537,0.979417499830167,0.9863747574201193,0.9857531570543493,0.9426662259532709,0.9025568651323552,0.8731742255988911,0.9169588473524709,0.931061313302607,0.9291456045594138,0.9292576859347984,0.9280791134819169,0.7349262424766058,-0.5368401011397853,0.9810906275345083,0.9762870124950179,0.9740838987300119,0.9884134849307562,0.9742298456162856,0.9846433809748338,0.9846479575472387,0.9442313252441157,0.9854862341002238,0.947231647093824,0.8095248714381825,0.923211167226421,0.9364321842024911,0.8275952396644966,0.9569042673013383,0.9575929615127728,0.9037487163708555,0.9689851182791691,0.8956493759799815,0.5744500257092673,0.7314835170449668,0.9029836829999213,0.8742871866077141,0.8944197287470668,0.9766532253930256,0.9768053529906513,0.79120210718236,0.7581415091391828,0.8259870656347272,0.46904023104224213,0.8097809433633365,0.830082236059929,0.8252475832307307,0.8185256094304517,0.7977302394242373,0.7578122359750753,0.7425308355531085,-0.29423232798710897,-0.43483071889974495,0.7116689667223542,0.8917456288630088,0.9303904789670348,0.9414392216064306,0.9056300574647433,0.8308819918003776,0.9096588047257202,0.9241354801335042,0.9239604012340258,0.8599748223213681,-0.13114312385748492],[0.9999946805944825,1.0,0.9903151615843692,0.9998604234802054,0.9983304899105693,0.9900655491219295,0.9941022194518767,0.9919379551032985,0.9877241927083448,0.9919436296100084,0.991973199360547,0.9932531367223669,0.9920276329933988,0.9919374420821667,0.9919929430802578,0.9939828913927111,0.9962136671038185,0.9957689278436275,0.9938461940281056,0.9938531050571549,0.9919833628637122,0.9920290986802769,0.9924395650827728,0.9777347946815897,0.988468011611704,0.98486157712967,0.9885738476104252,0.9870634266723873,0.9823932338149592,0.9408424388115013,0.9897516829086311,0.9879937015319414,0.9827424146447858,0.9428604036018511,0.9951574216683671,0.9951029871037856,0.9953014715290853,0.9923540890821456,0.994922439542681,0.9953222918476883,0.9965097373417761,0.9967197188878314,0.9953201632175441,0.9953312833913581,0.9916576331373801,0.9271936570003506,0.9059202278324514,0.9438306285707388,0.9432031309071646,0.922795664013357,0.896905268883146,0.9355449301921764,0.8989378231593862,0.9270269085567626,0.8968654216081704,0.9609270634441135,0.9609145625515962,0.9743076291369789,0.9856004722892295,0.9838282449639255,0.9850525487961544,0.9792575054068119,0.9822779180050006,0.9804965490314811,0.9803817779477059,0.944335438056645,0.9640622009298977,0.9375241903463916,0.9373578995607132,0.8716820477180035,0.9824151163255165,0.9835625724278494,0.9837308565981948,0.9833127353530043,0.9559421260650797,0.8143914486290812,0.7817449299747179,0.863401029971233,0.9147523007740365,0.8773216070228071,0.8964738368651777,0.8954982052606593,0.7814684782766294,-0.1256695581449698,0.9718736138679128,0.9743911727358475,0.9715816357025339,0.9842079371071198,0.9677717117578739,0.9741872044039251,0.9735826109090433,0.9324678234158362,0.9754692421984666,0.9343337579751027,0.7484110129039198,0.9227804564205844,0.9218658336107716,0.5927771355246665,0.8605016858124406,0.8642673003118337,0.7669807507363254,0.9697722770109231,0.7412187442503352,-0.32019626420728836,0.2606129040809152,0.7669325783901711,0.7182727383785211,0.7599317077622764,0.9712463642043296,0.9712741269550054,0.21675661719135902,0.3886724807551643,0.2239398762789295,0.19565015289485727,0.2169458752773752,0.22977183218906191,0.22690602429775275,0.1469617095759209,0.5677395233972375,0.3006306034033421,0.25044738872713396,-0.43723975789153896,-0.48654841993715153,0.7108168632232252,0.7639363032158132,0.7871926915516204,0.852161105055985,0.824837043048327,0.609617029817359,0.7798776297657407,0.782033311966547,0.781006819451167,0.4446145443398052,0.25479963749622786],[0.9866558076671731,0.9903151615843692,1.0,0.9879060881473792,0.9935414682950804,0.9914695204979583,0.9894695385920251,0.9902783175790526,0.991497339469827,0.9928727445852826,0.9967880260061449,0.9959597088304019,0.9901257860238868,0.9921937881956822,0.9903307250368978,0.9897996704871476,0.9908116047802341,0.989962000880967,0.9889445816595243,0.9889196121807747,0.9917658337675018,0.9901602028882128,0.9951265502263156,0.9856599519841887,0.9910807063070606,0.9828910187173248,0.9917344324864332,0.9879500866162938,0.9875670729426635,0.9632396286080311,0.9691358442752889,0.9735231597082953,0.9773091837847563,0.9571909117629718,0.986899587904442,0.9899922896770178,0.9883774002352322,0.9919131879293178,0.9946893809752219,0.990800488175473,0.9849258512584911,0.9878777184132999,0.9872780158685146,0.9866649742905701,0.9928695511190895,0.9235003674104183,0.9404047963414812,0.952358897528571,0.9360839079039965,0.8860158934966225,0.9231762120857894,0.9096101980393293,0.9260011656590462,0.9341734772892345,0.9177936477436087,0.9511712859902279,0.960954290926083,0.9687713760810608,0.9772810891858539,0.9455850242086389,0.9677313632379075,0.9674709556860766,0.973533907383422,0.967700891425188,0.944425178780363,0.9266147002085948,0.9525238391823223,0.9433507910108567,0.9259561339906512,0.9012604375598104,0.9740829016700397,0.9546625467964878,0.9671507748750842,0.9474357368133375,0.8484526694816188,0.8683732403046557,0.7874173161084785,0.8846233827621997,0.9060459580278117,0.9082565271303529,0.8758522557122228,0.8899530343236015,0.45951901213757174,-0.5218269947320561,0.964631744729406,0.9525423575955125,0.9524424687980445,0.9455082620687637,0.9592273938742769,0.9671377282227585,0.9667776458528408,0.9351815656352371,0.963093076521432,0.8910184803890048,0.7948045624148337,0.9583774555646039,0.9564898095734392,0.8106276687041346,0.9453403436865404,0.9468560999603115,0.8770610000435816,0.9812205027860218,0.7762567895655855,0.47916281384252135,0.676898896574667,0.7991724467817385,0.8023343512830606,0.7801542813968169,0.9831886128175358,0.9832074866747569,0.7235384879734312,0.7086093943864736,0.7117479685805095,0.42032054944609654,0.7124906013043552,0.7177469881352236,0.7254904707259687,0.7179306138659297,0.7626917520110567,0.695519856955607,0.6792968639443131,-0.3513763000707854,-0.49182522550532654,0.6817363345894963,0.8548811546985933,0.8775344581632926,0.8876652671657943,0.878648834468654,0.7660936960558291,0.8585628850653366,0.8674500265679825,0.8740952130204188,0.7363805626027091,-0.054221920564966886],[0.999935357499305,0.9998604234802054,0.9879060881473792,1.0,0.999414916616029,0.9845724217181147,0.9980685472577807,0.9967502389666085,0.9735292825945009,0.9969738293012604,0.9953553966921347,0.9947890102076672,0.9968256511279028,0.9969410040600118,0.9967910945444415,0.9979921475435376,0.998388530146639,0.9985550594799741,0.9972290228164685,0.9972382155598624,0.9972231990415258,0.9968016231830501,0.989725180829026,0.9752716133212807,0.9917732379821613,0.9631267333829845,0.9910413252918562,0.9888846318134382,0.9734023651401374,0.9589715831265835,0.9915702179613716,0.9933192703025229,0.9927537502146577,0.9788730299529607,0.9978440586870213,0.9980615494452427,0.9978199924584324,0.9969646096583472,0.9959966828313227,0.997983040514151,0.9985303397242087,0.9987372076984593,0.9978246140850948,0.9978324869740817,0.980010365503832,0.9244059520482845,0.9537508359421711,0.9438933379440663,0.9412471832480361,0.9171773717576034,0.9618704662895274,0.9493455429369585,0.9636459634559061,0.9671212222933604,0.955769053296186,0.9829770190114879,0.9815155572066454,0.9904841511330429,0.9940256571150173,0.9865584658972053,0.9817973630902607,0.9871353097985119,0.9863199520559844,0.9876047389741709,0.9874839293116061,0.9474538656146365,0.9754429032979276,0.975663768348238,0.9754459661171869,0.9399474594903937,0.982132028335407,0.9769606010541717,0.9851302412935531,0.9844769823162526,0.9257371112948299,0.9012353534041138,0.8698577779658082,0.9154343336254851,0.928613007731022,0.9287284693809479,0.9271348350252652,0.9259924223249265,0.6530907437103329,-0.5363513052302015,0.9803370715620843,0.9751141987471074,0.9727382524457402,0.9871708043747119,0.9736135779324041,0.9839788362301389,0.9839815119865067,0.9438720114219893,0.9842533783763014,0.9350363178784127,0.8127659599150251,0.9277203460100928,0.9400204655830082,0.8290624497051822,0.9580537002582572,0.9587661555770667,0.9033243083573488,0.9700880903782529,0.8896310324327825,0.5708709045338484,0.7297987686478711,0.8975863836110306,0.8706223704143223,0.8887503718795416,0.9774050719757401,0.9775620350760094,0.7900535943594262,0.7583042052803752,0.8181256051967785,0.47056210923254815,0.8038959173111104,0.8219503294906354,0.8170405890992787,0.813111312250849,0.799799582335502,0.7576962181040471,0.7424828331871149,-0.28962259159173603,-0.4341048571126792,0.7108078869910043,0.8900650603556263,0.9285364432835074,0.9396243186811201,0.904553138397059,0.8282078396855329,0.9076653973120421,0.9218971540759053,0.921868804649096,0.8530490416519372,-0.12421728851154779],[0.9991925948491903,0.9983304899105693,0.9935414682950804,0.999414916616029,1.0,0.9870077307104469,0.9989665934661316,0.9985536274423465,0.9848695782503709,0.9985522624247006,0.9981581174192824,0.998059687186857,0.9985680811181052,0.9985832740109992,0.9985845430068042,0.9990554502130764,0.9988440946509913,0.9992278596712103,0.9988248784783171,0.9988263635393466,0.9986235545007105,0.9985702069989123,0.9950611412925688,0.9823384870396286,0.9952582984112952,0.9790642953488261,0.995295099506517,0.9925480225514226,0.9850207453654783,0.9620116231547305,0.9891968815426566,0.9919445576692612,0.990283176479129,0.9718252753701128,0.998821091667962,0.9988882062181244,0.9989156148224472,0.9986795066051238,0.99855500388651,0.9988808467495408,0.9989050467019176,0.9991329864505442,0.9988421450309747,0.9988433620173024,0.9888653670934879,0.9331160883502531,0.9531241870554295,0.9502881789923617,0.9411507731148829,0.9128678832405055,0.9512131581651094,0.9463009620512012,0.9554202913739264,0.961732508160608,0.9501951848511293,0.9812250027124343,0.9811493232605089,0.9906891225009474,0.9939359332969767,0.9827976268022595,0.9758772207957231,0.9816848409452591,0.9826394352137603,0.9820895923000861,0.9819461159945223,0.9448698164076592,0.9676454456258545,0.9608404820764246,0.9606011807368954,0.9137039437619675,0.9792743386212246,0.9755832064668328,0.9812059047975861,0.980452130696402,0.9397787302073911,0.8837000876221099,0.8517347735545581,0.902097871078493,0.933325535607631,0.9201126432441478,0.9261746819614418,0.9252445782189153,0.7858246294157905,-0.5340797862008405,0.9745558794438999,0.965278867452702,0.964002424766862,0.9836000896368555,0.9642656526660683,0.9779225059637198,0.9776335404998746,0.9357641396892148,0.9791111924920111,0.9374644523898327,0.8028726376153401,0.94023058072415,0.9583565107242473,0.7981213095097252,0.9472887547521202,0.9485790665460443,0.8985816910704159,0.9745845945111044,0.892817341017772,0.4087787131468111,0.6772923390267017,0.8986932632648902,0.8533729862124247,0.8948378023968938,0.9807023016690151,0.9808221160724702,0.7584787095625909,0.7437025959012473,0.762281789662996,0.4501771831594809,0.7210508169973573,0.7665088817245642,0.7623899497344966,0.7276983211738947,0.7883560438324811,0.7447008553387489,0.7286260333154346,-0.4869011284994964,-0.5699659135616432,0.705636910530866,0.8861030290148868,0.9168794054988768,0.9366610834023665,0.903813061347923,0.8131110908780728,0.9007338348670919,0.9113937424252913,0.9108871664634485,0.7943491552944221,0.08678375849263227],[0.9835438607575179,0.9900655491219295,0.9914695204979583,0.9845724217181147,0.9870077307104469,1.0,0.980568671040387,0.9819633822078209,0.9933467066730153,0.9814071595432056,0.9775655571668191,0.9766707805653463,0.9817801387641484,0.9822787321066795,0.9820298324272947,0.981637485867693,0.9853235882279205,0.9825494809417903,0.9824137526661254,0.9824379319546085,0.9808278055290426,0.9819372726070031,0.9936949268089392,0.9932091800019874,0.983201082211976,0.9880733858226594,0.9837290866929138,0.9745944812923832,0.9874867024818199,0.9739896556464496,0.9585021212705004,0.9647354262803338,0.9745637776282288,0.9655912886112836,0.980331151778175,0.9807770416205289,0.9816167595932751,0.98267943704253,0.977563446176373,0.98122792603856,0.9795861792938725,0.9814093569096625,0.9805832914010129,0.980613476025461,0.9960284698004727,0.8873362810813556,0.9318690833558188,0.9320396887832524,0.9408691378590169,0.9012440697358038,0.9174688846151362,0.9123768278296701,0.9204323507869219,0.9382942489614797,0.9179289456292915,0.949148275108443,0.9555503801692005,0.9621355305951595,0.9679406707178226,0.9736587581680914,0.9891624741386815,0.975976385387835,0.9865193573354705,0.9755911080138923,0.9750695093485011,0.9768626361302685,0.9738714460742034,0.9554507087122133,0.9549127487487181,0.9512685261811316,0.9853643681888474,0.9782721593298728,0.9746004590925518,0.9734327934455481,0.9682249328213964,0.9093452628324059,0.8677199487759841,0.9243117748625658,0.9267310128331244,0.9361701625239112,0.9174526841775704,0.9153943579502085,0.7725842851251465,-0.4760385755097823,0.9838807936957015,0.9852785878037819,0.981980980936028,0.9744389905698742,0.9772050353390762,0.9825418635933859,0.9821546252320932,0.9701072441260908,0.9727583151807264,0.9698298017140817,0.8153474855486705,0.9041391609329648,0.9590314629758991,0.8436481028903454,0.9471116391266413,0.9480320716625816,0.8671643625014419,0.9596309811027317,0.8318503303863585,0.48972028803090956,0.6923949769421506,0.8418832211921495,0.8202263951966847,0.8318179264342649,0.9593585683474511,0.9594201894777755,0.7423643386310262,0.733772230508839,0.7504389232506222,0.4740294208061961,0.7486649099402045,0.7555542300235996,0.7494053934480788,0.7481393807384593,0.7785555278084947,0.7154123025668477,0.703135614898177,-0.3152584601454929,-0.445874619975021,0.7173943716675676,0.8523400843016775,0.8655815059139296,0.884283671395414,0.8612774900153185,0.7845327934825548,0.8464757146097737,0.8580153132681673,0.8580293988673706,0.8010690814543209,-0.08117242612052414],[0.9978520981593546,0.9941022194518767,0.9894695385920251,0.9980685472577807,0.9989665934661316,0.980568671040387,1.0,0.9976605342307096,0.9572954073473183,0.9996335621395137,0.9996034039585784,0.9996330989826444,0.9985192563888764,0.9995008223290015,0.9992388823918058,0.9998941446182059,0.996812701549315,0.9999044339141145,0.9994239683649538,0.9994284243895425,0.9997303684582844,0.999372023255549,0.9909394954624117,0.9755268934519957,0.9866418091860697,0.9294305001983705,0.9939955566849978,0.9932384727637442,0.9757117614406469,0.9556704281073175,0.9916752105309283,0.9921965688110784,0.9939312700359685,0.9765772945220739,0.9990768476136905,0.9998631135902887,0.9997347149772142,0.9995010850184954,0.9997858381422319,0.9998494459702761,0.9986118786212481,0.9997540686956808,0.9994323197106926,0.9991119688345236,0.9801491358172494,0.9395273598484332,0.9556364489760806,0.953270966898586,0.9406826211617761,0.9111701770071811,0.9589426855145441,0.9490084313251171,0.961314220066526,0.9648158058204365,0.9553177150100747,0.9825489386443047,0.9824640578854875,0.9923210522404333,0.9965086617310328,0.9539043329346036,0.9626298816266399,0.9737153934581879,0.9739955247211746,0.975172134284077,0.9538107699104958,0.9034868850251677,0.9579319185349936,0.9631992354288056,0.9455442286133341,0.8932418338278173,0.9693119215009304,0.9464827846889645,0.970678230774035,0.9542641532015549,0.8057350500412591,0.8750701917784915,0.8034400798253042,0.8884508461491207,0.904326449845986,0.9085121079826713,0.8892147302803757,0.9002897119127666,0.4050888846935129,-0.5718476228427132,0.9646741477900129,0.9499501084886566,0.9503084373885913,0.9552985730974778,0.9595703558285572,0.9709420180766699,0.9710493604306307,0.9230536065876601,0.9694150392161092,0.8610511752823461,0.7959082175093748,0.9403756766977027,0.938140902657614,0.815264934628504,0.9553622680689488,0.9562101002394477,0.9028665709188454,0.9739811405259201,0.8339087109406157,0.5681582339579979,0.7241547513522454,0.8583462903563713,0.8530093051506815,0.8398431753124358,0.9810720144480589,0.981245062540724,0.7824752861864573,0.7414116355436775,0.7836731436110423,0.44338432501374236,0.7838458212858179,0.7973289716851294,0.7889224097376877,0.7964539262510757,0.7860461579405699,0.7515746028672154,0.7345128829882703,-0.30224170288246577,-0.45450345725520347,0.7175497263028359,0.8915254187460536,0.9221568735173215,0.941364618546621,0.9110878451906586,0.8305041856522003,0.9100127073378232,0.9271162125323044,0.9256852203862597,0.7800493433034884,-0.09619348254532506],[0.9963699025999189,0.9919379551032985,0.9902783175790526,0.9967502389666085,0.9985536274423465,0.9819633822078209,0.9976605342307096,1.0,0.9678434914905238,0.9999998366793975,0.9999993529853669,0.999778928475023,0.9999970963528715,0.9999931849228977,0.9999983486739352,0.9993669290001651,0.9919579078627622,0.9994934288508948,0.999913013435176,0.9999126594103106,0.9999670287230438,0.9999988244271715,0.9914913915929638,0.9772701151483406,0.9932916043586767,0.9432625917842529,0.9944876437598366,0.9917334127668934,0.9778941404556963,0.9552464690800873,0.988042277900218,0.9939401649662623,0.9925807940527485,0.9737952798271574,0.9994879631205409,0.9995960528242042,0.9996931785149926,0.9997573442079424,0.9993008069114214,0.999536242058101,0.9983193100768005,0.998911997299902,0.9995600757421902,0.9994325286985927,0.9819369893402189,0.9394686263994699,0.9532915274776442,0.9568466541603133,0.9403230437451562,0.9023263472123486,0.95717471964499,0.9447457037517555,0.9592210728261503,0.9596510450005573,0.9496832729119636,0.9805865894156056,0.9797546785735447,0.99137952501166,0.9968941582807377,0.9496257536703615,0.9597117648883894,0.9686526565081647,0.9717412228070509,0.9704472781482498,0.9524247560858202,0.8984004621257827,0.954345514660929,0.9577160700565546,0.940971897841115,0.8843866949458927,0.967306773201814,0.941350635805419,0.966171832467447,0.9502845418769809,0.795778128478722,0.869036557511488,0.7997135646249551,0.8823693045030994,0.8985276587714889,0.9051086585978745,0.8855260035358135,0.8946219675985649,0.3900240341582294,-0.5749911100451442,0.961605968856919,0.9455266414804873,0.9459522116246945,0.953618297026607,0.9563918542068882,0.9679419237274078,0.9680355227839985,0.9202056507705834,0.9639490305941648,0.8529965634809017,0.7936143102073114,0.952060106638694,0.9480690385111061,0.8128991439668732,0.9553913038187847,0.9563773063979425,0.9003745328022321,0.977607774269636,0.8362904973433238,0.5537294154949879,0.7158094265135261,0.8588925445404115,0.8497515793077992,0.84150510584544,0.9832956877135595,0.9834705325424404,0.7739610318266777,0.734464798474554,0.7845042805000018,0.43228347671808576,0.7787616568760798,0.7926438747159691,0.7889085114238304,0.7908373247163389,0.7804179774403016,0.7460426534666398,0.7284676420723037,-0.3171804771210885,-0.4683262617909104,0.7061438158560164,0.8843911156726347,0.919439239120796,0.9340009551879425,0.9055472552677463,0.8202984238098119,0.9036791925110201,0.9208434341045635,0.9196541385086124,0.7620440384025678,-0.07941234653848249],[0.9715190003479476,0.9877241927083448,0.991497339469827,0.9735292825945009,0.9848695782503709,0.9933467066730153,0.9572954073473183,0.9678434914905238,1.0,0.9828520928469994,0.9874633105133547,0.9899123214310821,0.9714466902238671,0.979760220989124,0.9763117139545852,0.9743716296361729,0.9506150728561975,0.9792146178102692,0.9769784111541192,0.9769432550689948,0.9813391798005524,0.9761691138891635,0.9938420253405694,0.9933631384527856,0.9803176267297694,0.9901449821183586,0.9834842116782939,0.9909037889143254,0.9908433703431457,0.9701631191436486,0.9276051355050929,0.9492217730456312,0.9662139508244605,0.9526211113105485,0.9707634141446375,0.9792604995391082,0.9758227529493368,0.9781731457940577,0.9884805096341062,0.9804508835564333,0.9670727201079402,0.9765594387971918,0.9716337492578427,0.9706299528723232,0.9990564456888361,0.904777110789285,0.9256233216397404,0.9524247494230844,0.9414806106207594,0.8825514064214401,0.8874849247887303,0.8879994595646213,0.8915504052245685,0.9185641116377976,0.8981405949013421,0.9301810016650736,0.9471251872599769,0.9523113335537161,0.9611497294703504,0.909297276038344,0.9697116821603656,0.9501722663365033,0.9688636603053791,0.9501672069868209,0.9082715187164734,0.9210965851561674,0.947955910195932,0.9226506428057346,0.8880816867538621,0.8907424860483335,0.9703902522449308,0.9261072750014907,0.947793594355888,0.9117824210759854,0.840021201913074,0.8643145159906107,0.748471764966663,0.88202005751082,0.8898944146758061,0.9031749897918622,0.8528885822138983,0.8711328257999998,0.44252930395758566,-0.5037825716537326,0.9608688854174282,0.9554239884205332,0.9534249695750225,0.9074600234901269,0.9519163607042231,0.9592261715225089,0.958674666818368,0.9404124536598377,0.9452248092505116,0.8830037526153158,0.8005136479424265,0.9446245505591494,0.9638938951349446,0.8198159068392484,0.938998802735469,0.9404787513669584,0.8552368129115103,0.9691172660652386,0.7427413147057966,0.44151964687780243,0.6583036287966716,0.7761440441089269,0.779228466963812,0.7543209999864934,0.9684897832140386,0.9684753998829481,0.7049156113845215,0.6986602340979389,0.677293262334816,0.42772103144444373,0.6943057922543171,0.6956470447407166,0.6761755331331807,0.6960994176404177,0.7555842621598982,0.6890076852983948,0.6740982836522995,-0.35672758535154175,-0.4934376557308962,0.7167981547122017,0.8394046425215858,0.8308172117932627,0.8623862596623646,0.8579745907721749,0.7577764600424537,0.8149145218903174,0.8367893658992481,0.8306037396206166,0.7085215084334295,-0.014669906366470946],[0.9965455965195135,0.9919436296100084,0.9928727445852826,0.9969738293012604,0.9985522624247006,0.9814071595432056,0.9996335621395137,0.9999998366793975,0.9828520928469994,1.0,0.9999991607074714,0.9997834132674716,0.9999985342106787,0.9999921314336527,0.9999978943370329,0.9997028123722834,0.9979769303930839,0.9994922904684079,0.9998899829074024,0.9998899436100345,0.9999787706011661,0.9999993581404677,0.9940073823930172,0.9790155494982389,0.9964316323934821,0.9750828978060135,0.996516335980759,0.9917219475526726,0.9822058221892233,0.9565467653718531,0.9899156436984851,0.993911614665643,0.9903136144662217,0.9706740087033366,0.9995256596173488,0.9995901764508959,0.9996033437869344,0.9998427762180851,0.9993122728135915,0.9995435838589946,0.9985552164081458,0.9989572191663044,0.9995329424432571,0.9995285670003958,0.9863816320829553,0.9393560999557665,0.9533213155221366,0.9567108653607959,0.9402056504645314,0.9024343342450253,0.9493887704130972,0.940686204478772,0.9530122594806972,0.9580055426150103,0.9479889775229854,0.9799479303756421,0.979786872731902,0.9919142994388551,0.9967470464126427,0.9732968589496902,0.9596627368753349,0.9720932713999348,0.9717132077728704,0.9726479267316938,0.9724471329343302,0.9323986711791541,0.9543036367217318,0.9514052303555923,0.9511441066758232,0.9020192410716626,0.9672451972912403,0.9660670526264056,0.9718623938696165,0.9709434718425622,0.9261385052036631,0.8690598398662528,0.8314931006268135,0.8822194013043898,0.9168381852524935,0.9056768373271318,0.9108394580042662,0.9100978942609066,0.7415847078015952,-0.5767072450862901,0.9615957650279556,0.9455037056018025,0.9459434038776029,0.974287056939884,0.9517567191870027,0.9676560797101085,0.9673361958957779,0.9209812554943214,0.9690484580202173,0.9229445588401909,0.793610360352744,0.9518099989815604,0.9590485909811688,0.7984491374649929,0.9496264652566418,0.9507587056822892,0.9004466176684319,0.9768665709525814,0.9008117656022989,0.4508071006580489,0.6940756510395649,0.9066259434785764,0.8612991498778078,0.9027323156023276,0.9832550948469542,0.9834587671945411,0.7740296333527013,0.734240421106922,0.7771749951900069,0.43238663574618713,0.7368025588809386,0.7816667843823893,0.7773111833834654,0.7455113867296391,0.7802167176847209,0.7460383589818782,0.7284439215847475,-0.5312431115264215,-0.6145581621491591,0.70525541199888,0.8843742061898804,0.9201182420808981,0.9388910087244531,0.9055553139851014,0.817184920490551,0.9016627989852154,0.9141893074359858,0.9136810308824626,0.8064944570848891,0.14727006608603443],[0.9946851888822652,0.991973199360547,0.9967880260061449,0.9953553966921347,0.9981581174192824,0.9775655571668191,0.9996034039585784,0.9999993529853669,0.9874633105133547,0.9999991607074714,1.0,0.9997824569578516,0.9999964029861655,0.9999950492517269,0.9999984077373977,0.999689954073514,0.9977102867919788,0.9992571095438734,0.9997983687360279,0.9997984061030124,0.9999984641514386,0.9999984348326335,0.9934488492489953,0.9753793291856032,0.9955508126545889,0.9831307444915127,0.9961189350797037,0.9917338764088636,0.9844331067728356,0.9496558082460641,0.9893733004904941,0.9935671138739276,0.9845420953856361,0.9476058711378724,0.9993284992627417,0.999381217534111,0.9993254656833325,0.9999015181894205,0.9992969507946564,0.9993352702989842,0.9980663715866686,0.9986009395514731,0.9993056400755136,0.9993035436576161,0.9888080552787304,0.9390941001268572,0.9229161967364238,0.9566773352764122,0.9401454511323929,0.9021704237007291,0.921806781947719,0.9129980651100806,0.9259650895598196,0.9342083444394393,0.9203440163566539,0.9730916552626487,0.9730693448318688,0.990837511813991,0.9954049743727472,0.9655174844746285,0.9598012718063679,0.9596505534696085,0.9627789342179662,0.9608329200871764,0.9605744272412456,0.9090674746388736,0.9440192067116673,0.9171391701229713,0.9166934835717184,0.836573194315042,0.9653966916667397,0.9704715121672717,0.9671609934320821,0.9660518897329141,0.9193704574273585,0.8092241257032536,0.7749236300448434,0.848513990474612,0.8985548186013121,0.8697478529432211,0.8841001705845558,0.8828848726036214,0.7446157229837693,-0.37406745596594293,0.9494922272649535,0.9456618797193064,0.9460610354152502,0.9665675438798759,0.9382549457872823,0.9519730156863103,0.9513340919036305,0.8948992942067072,0.9544464890791,0.8988527202214399,0.7937772774171995,0.9521026865205813,0.9633582129234084,0.700964922476126,0.9125605581871797,0.9150509842434098,0.8595353574066104,0.9858235585993547,0.8475255320933053,0.10644734147886616,0.5496568040333369,0.8594148560939269,0.82792375260113,0.8544163008557419,0.9865385663400084,0.9865582965842993,0.5451970514506058,0.6522750165777127,0.5523284511477689,0.4323343876572877,0.5210601548248838,0.5623672316044807,0.5532514906484475,0.49183134718009436,0.7697042618254414,0.6198435158210783,0.5819688706632858,-0.4918892196594936,-0.550902448486377,0.7047426568041886,0.8649611039165219,0.8772918133793999,0.9111001905026093,0.8994936669736922,0.692179610926811,0.8549659691222512,0.8708599649256843,0.8702001745390024,0.6248508546588932,0.10038259469412933],[0.993915405747312,0.9932531367223669,0.9959597088304019,0.9947890102076672,0.998059687186857,0.9766707805653463,0.9996330989826444,0.999778928475023,0.9899123214310821,0.9997834132674716,0.9997824569578516,1.0,0.999796201349332,0.9997826694899955,0.9997879889653083,0.9996882006096445,0.9983211475056161,0.9994437556797722,0.9999722776618322,0.9999720503056475,0.9997873510213398,0.9997921974705068,0.9931149669114091,0.9726154131453354,0.9944884178826603,0.9840127146725131,0.9952358526997552,0.9940178984083309,0.9809503543987669,0.9319276197743033,0.9920274065013596,0.9946540766466067,0.9804666579131598,0.9305334495162023,0.9994583629441836,0.9995022555787225,0.999465855505414,0.9996169343841882,0.9996387380419598,0.9994806905733123,0.997963497845663,0.9986350246033474,0.9994456153898776,0.999442617727821,0.9901701972471204,0.9349438959703441,0.9110636337100382,0.9537026089546159,0.9386102769419977,0.9020350555752518,0.8900762012979164,0.9252705658645038,0.8933527205515628,0.913133503579064,0.8885183407960886,0.9620483011477243,0.9620347388553806,0.9824618180537917,0.9950292347075755,0.9641026100694283,0.9641878962770226,0.9545876056466299,0.9603270905044411,0.9568181439345033,0.9566127516212454,0.908834972212836,0.934406316490201,0.900824581492567,0.9005881686961068,0.8208865386711606,0.9644452123601956,0.9663445586706128,0.9663448838827473,0.9656586370706517,0.9261654073639675,0.7655906598399596,0.7294102153371942,0.8180692863869033,0.8787604406540771,0.8378063097905266,0.8590692419005284,0.8582975845434035,0.7286202312006631,-0.24690631096919208,0.9433875725388428,0.9476183546362356,0.9430200617056251,0.9647615130836608,0.9377950154286553,0.9466042949650343,0.945759346610585,0.8929841541230334,0.9486651680526844,0.8957427781840411,0.7509855612453178,0.9497562279956332,0.9435870052919066,0.5869987136429733,0.8623913995625926,0.8665383496302029,0.7629475499947272,0.9801305837656987,0.7397898592550574,-0.26077184213057847,0.2948954250950894,0.7628238490947525,0.7196994173632091,0.7567150962907532,0.9812041474563216,0.9812954895378254,0.2489469989478511,0.40668139895548255,0.25456758256944445,0.2265900335327294,0.24647032763825122,0.26142567140991824,0.25913075113174416,0.17568839287766677,0.5839580863691093,0.32060302991341305,0.2688200003413478,-0.5034362277029696,-0.5515409476211941,0.704986520253677,0.7674082455199455,0.7904615849747195,0.8552544498257802,0.8331447565165409,0.5992330245907729,0.7779401104046937,0.785518511639811,0.7845366778270558,0.4481026026350842,0.288764268010458],[0.9964617261901791,0.9920276329933988,0.9901257860238868,0.9968256511279028,0.9985680811181052,0.9817801387641484,0.9985192563888764,0.9999970963528715,0.9714466902238671,0.9999985342106787,0.9999964029861655,0.999796201349332,1.0,0.9999915775631344,0.9999976916704797,0.9994116458777309,0.9935546615798816,0.9995310061426386,0.9999224667692611,0.9999222841083873,0.9999738399908975,0.9999989941201014,0.991370821316397,0.9770755426337095,0.9939339032139932,0.9481247702762619,0.9944392367525138,0.9918372582575581,0.9776953832218733,0.9551900613941112,0.9889527259400199,0.9940270066581012,0.9926640292020806,0.9739207243195459,0.9995306650124985,0.99963439512536,0.9997227505154269,0.9997556558797456,0.999354910196155,0.9995756823199127,0.9984034586920693,0.9989758251368233,0.9996024659907429,0.9994757844873262,0.9816874105603876,0.9397071162349172,0.9534421117859503,0.9567520051083536,0.9403545462259761,0.9028755219783237,0.9575302644686619,0.9451268325531629,0.959578658285739,0.9599699718280454,0.9500686815501972,0.9808378740774436,0.9799363231296936,0.9915098428918445,0.9969790866794686,0.9498619603101627,0.9597017837989018,0.9688096268749145,0.9717668601851919,0.9706030679940849,0.9526140396103784,0.8983124403150444,0.9544536202548544,0.9579867375336603,0.9413013793900533,0.8844952240897478,0.9672925620762219,0.9414695905414584,0.9663026615527536,0.950504342337059,0.7956575431105656,0.8692539407286533,0.8001290958310016,0.8825728243486199,0.8987121841752955,0.9052070487731123,0.8858184010926351,0.8949038851790536,0.39009609411013607,-0.5751024309585143,0.9616627730746798,0.9455995053971191,0.9460259916978252,0.9538100843470123,0.9564472945226533,0.9680207467472065,0.9681167812142002,0.9201393222489155,0.9641257870205401,0.8529478960562586,0.7936464157124021,0.9515287568485097,0.9475718521678346,0.8128961105663886,0.9553843482996667,0.9563626691185312,0.9007154678665855,0.9774690222722419,0.8367948617357426,0.5548498081965024,0.7164513818502669,0.8593797809275248,0.8502852801723336,0.8420000499943557,0.9832349498237554,0.983409978274823,0.7745668187417206,0.734951048862492,0.7851277496081723,0.4328679751935724,0.7794257459703738,0.7933413957036187,0.7895471447488182,0.79154840871363,0.7807456760773357,0.7464950331037814,0.7289336637222581,-0.3162766586196557,-0.4675309558608983,0.7065079513713362,0.8849131067383008,0.9199286761434436,0.9345399591125638,0.9060338090317854,0.8208597210011382,0.9042694224484241,0.9214387579207707,0.9202407462292297,0.7627266148885231,-0.08046470238646576],[0.9964928500064518,0.9919374420821667,0.9921937881956822,0.9969410040600118,0.9985832740109992,0.9822787321066795,0.9995008223290015,0.9999931849228977,0.979760220989124,0.9999921314336527,0.9999950492517269,0.9997826694899955,0.9999915775631344,1.0,0.9999953668767974,0.9995933791934671,0.9979369714422804,0.9994913718814796,0.9999084096553335,0.9999074332801159,0.9999565721795564,0.9999919317637308,0.9932421727226587,0.9775003015518914,0.9961551680927304,0.9691777974830661,0.9959478390932888,0.9917070134911433,0.9781716654750633,0.9553714136520951,0.9893737864370188,0.9941165611645593,0.9919727082534955,0.9734800736896875,0.9995128085882224,0.9995889757823372,0.9996452259479545,0.9998942066890864,0.9993218731104017,0.9995267740632161,0.9982845128074099,0.9989018764612645,0.9995336518157816,0.9995271380656885,0.9842490845050337,0.9395039101938347,0.9532383240075023,0.9566850586328548,0.9401895100001126,0.9024367355043375,0.9528338735117763,0.938635713898168,0.9551530538736308,0.9593749072870827,0.9493560442215829,0.9794909748863243,0.979628781627419,0.9908370036698169,0.9969796590842038,0.9743092173308292,0.9594148029189112,0.9735766876519845,0.9717277345691392,0.9745173486128732,0.9743138099834819,0.9415188708254698,0.9540553276368963,0.9567202530937826,0.9564486195572628,0.9186192173940376,0.9672719846099659,0.9690041394565773,0.9738653436732326,0.9728764187995746,0.9343299825050548,0.8688405211635531,0.8365585886242812,0.8820639847423966,0.9087824360058969,0.9049569556577001,0.9056583486689511,0.9046146575058553,0.7198465114369806,-0.5755295522121577,0.9616228301040441,0.9453599639080478,0.945682736432788,0.9753153750285565,0.9564970325210624,0.9679657250511653,0.9680597075090158,0.92032846129586,0.9695582412300714,0.9313470466605877,0.7935527152337447,0.9516110936283797,0.9522160206971544,0.812227701164051,0.9552730520105935,0.956199318073447,0.9003245526907382,0.977799517210269,0.8868034520391532,0.5539965335083008,0.7153295637820603,0.894691782996338,0.8637785308802416,0.885809551172189,0.9834894930511693,0.9836903926199214,0.7731895467728304,0.7337680207589967,0.805528208359982,0.432423443878636,0.7863829383975829,0.8098638916097755,0.8044111518552935,0.792133920357694,0.7803218658179922,0.7448018633702804,0.7272503551689286,-0.4059835633390278,-0.5281555736168492,0.7047711933212352,0.884373628541767,0.916387856629494,0.9301313333296637,0.9058792363652864,0.8193101443357372,0.8927209245545403,0.9096588992493646,0.9092611349853886,0.8411371084730082,-0.04723635472377107],[0.9964112326551366,0.9919929430802578,0.9903307250368978,0.9967910945444415,0.9985845430068042,0.9820298324272947,0.9992388823918058,0.9999983486739352,0.9763117139545852,0.9999978943370329,0.9999984077373977,0.9997879889653083,0.9999976916704797,0.9999953668767974,1.0,0.9994966707665781,0.9972519006962484,0.999508068261325,0.9999156337378564,0.9999149923323003,0.9999679014177102,0.9999977289425602,0.9915337199855471,0.9773313151885918,0.9955326565820142,0.9609544099792112,0.9953382149220321,0.9917972960780778,0.9779458728179006,0.9554039199479581,0.9914180639683956,0.9942827419387561,0.9925334361644313,0.9737140924746696,0.9994987044802536,0.9995969545277368,0.9996997579274827,0.9997716712113097,0.9993254477191594,0.9995335496982073,0.9983424763770735,0.9989268301617132,0.9995692551739191,0.9994442005833505,0.9819377700029608,0.9395313495350436,0.9533103358559732,0.9568181336398116,0.9403668175523766,0.9025665240776598,0.9572483725455415,0.9448689587431532,0.9593244281292043,0.9596056447895701,0.9496043001297356,0.9806090085978415,0.9797029003897091,0.9913519213432221,0.9968599171874684,0.9498961985597361,0.9597577391676915,0.9688057449005371,0.9718222835976917,0.970587489936532,0.952248078697267,0.8985941554942888,0.9542752533138799,0.9577776787683846,0.9411656597619893,0.8845108800589563,0.9674405377573106,0.9416653941801783,0.9663584766534488,0.9505685881219316,0.7960922242894969,0.8690492855002376,0.799956337132326,0.8824203531954838,0.8986849492795962,0.9051216887608443,0.8856676210876437,0.8947784028885319,0.39036148039843976,-0.5746941023238152,0.9616943789338547,0.9456081437034394,0.9460321521612131,0.9525131810157608,0.9565549848957678,0.9680236397529322,0.968114407097614,0.9203885452208166,0.9641031532612462,0.8532366022706067,0.7936255292527998,0.9518069045359825,0.9479829353165343,0.8129125917397934,0.9553282707238347,0.9563180209713747,0.9002000282224045,0.9776239140853439,0.8363164338140764,0.5535517356689768,0.7156992887616574,0.8588972141307142,0.8498651701738784,0.8415276000962265,0.9833307425413604,0.9835027563118884,0.773592077366244,0.7341521243177871,0.7844817594761658,0.4325091927468061,0.7787381071700122,0.7925645783927969,0.7890549460408988,0.7907398848460584,0.7803440226542576,0.7453439027604535,0.7278021254118848,-0.31700198902679844,-0.4681439589083724,0.7063373071390168,0.8843032997698921,0.9195540128260219,0.9340357851157678,0.9055897133354088,0.8201014730150222,0.9038687584188171,0.9208724831653938,0.9197966547749735,0.7621301132718307,-0.07966809100152536],[0.9977490710737795,0.9939828913927111,0.9897996704871476,0.9979921475435376,0.9990554502130764,0.981637485867693,0.9998941446182059,0.9993669290001651,0.9743716296361729,0.9997028123722834,0.999689954073514,0.9996882006096445,0.9994116458777309,0.9995933791934671,0.9994966707665781,1.0,0.9985018771696452,0.9998607091665048,0.999578599024728,0.9995830289280359,0.9997846626963347,0.9995662255485535,0.9911892147211674,0.9763272459154172,0.9942591313545037,0.9539193800760566,0.9939263350163351,0.9931079700566889,0.9762258897222306,0.9559193232733463,0.9918150468852582,0.9927839740293136,0.9933666487218533,0.9756966921665853,0.9993063239688618,0.9997466821643606,0.999734193964715,0.9995960400888496,0.9996379103366574,0.9997046290612391,0.9988976377844171,0.9996104715133944,0.9995326743385325,0.9993050314997611,0.9806185936834856,0.9382198839928982,0.9552939090204462,0.9542628277561992,0.9412154630937889,0.908732975263027,0.9592053626259232,0.9491527933235541,0.9615531901894487,0.9634669763679103,0.9535598186193958,0.9824923605802242,0.9816219021379499,0.9922470451700798,0.9964158233629569,0.95420784064956,0.9632643928475737,0.9734286052577069,0.9742883247216311,0.9749620184628737,0.9549542871510127,0.9036843909824996,0.9575591375714956,0.9627215135929964,0.9458315162504409,0.8922352177603873,0.9698684690754253,0.9463497041010841,0.9704851724525142,0.9547306323616594,0.8040040233417317,0.874247202186641,0.8041299653585272,0.8875946226384939,0.9034313993419266,0.907743120471766,0.8892326201841232,0.8997706947097904,0.4011845681762094,-0.5719284530647205,0.9648728347436408,0.9502241380345187,0.9505077818815766,0.9564143465734839,0.9601446404419083,0.9710318960991882,0.971106195230798,0.9243071061591619,0.9689837469696951,0.8602715230073372,0.7954079671641948,0.9434768786034906,0.9405442061258741,0.815199530200795,0.9553805355862253,0.9561926110244311,0.9003470968681443,0.9743759565632739,0.8356368432340836,0.5632517238650991,0.