var element=document.getElementById("correlationClose");if(element.style.display!='none'){var correlationClose={"data":[{"type":"heatmap","z":[[1.0,0.999988607351142,0.6618563478255356,0.9997290079387229,0.9980132226486996,1.0,0.9924498713776662,0.9888715741174409,0.9888715741174409,0.9930960398545581,0.9770256944478579,0.9870207623795594,0.9924854189900885,0.9928927248121887,0.9925366480659465,0.8045753688784464,0.7416622034410426,0.306389286556072,0.9933635236481422,0.9933552508845164,0.9856099425879301,0.9924758149632172,0.41673798983497257,0.7377419547455303,0.9818798770352709,0.9818798770352709,0.9818612360986695,0.9755922162027091,0.32974390594946656,-0.11871330240891687,0.9896534093812194,0.9896158187613754,0.27954824902132924,-0.19366558986868843,0.9947390831425819,0.9953395596148016,0.8468377551487433,-0.36159891820861945,0.9906911636964058,0.9953163661394818,0.7906686200909246,0.2871684026672634,0.9948796777659815,0.9948736095700267,0.9948796777659815,0.8911641383847816,0.6527620960444942,0.9076349790467456,0.9139623624556332,0.8238485796158616,0.37605333862401,-0.17237678701555548,0.2062066255626063,0.9476090142847384,0.38962028245209823,0.9749146130583062,0.9704998080516921,0.9802767136570026,0.9897323080331006,0.9306684618457393,0.9382043579861129,0.9452382820963762,0.9302229661552704,0.9425584634924676,0.9432049401165187,0.9425584634924676,0.8828624530315676,0.9222268054615221,0.9231312461584018,0.9222268054615221,0.9223239561487176,0.7869522761087491,0.8951745649909776,0.8964709543517974,0.8951745649909776,0.6954333117522454,0.37557229666400316,0.6804046778826429,-0.5536367386626874,0.5859019383085976,0.609306701106214,0.6096954477061111,0.609306701106214,-0.09946778747024371,0.9108214817908522,0.9424004437365016,0.9262331050258559,0.9319861801734474,0.29230885721643296,0.9059754445907847,0.9067548926864208,0.9059754445907847,0.9104290331256272,0.9104290331256272,-0.10130944057990338,0.5883021361088914,0.16486437231945672,-0.6685348724791413,-0.5858757151766786,-0.5895630616815281,-0.1171928127403925,0.11745772116505347,0.21353740884557518,0.026602666774981538,-0.5321720844517471,-0.00709080061550966,-0.7966759518907455,-0.274847360856709,0.15948276409825782,0.1608889540670992,-0.5680990179207217,-0.5815187532522434,-0.2677564044000537,-0.5110557221258953,-0.8178862584526427,-0.39776133184102974,-0.3898378400253323,-0.39776133184102974,-0.21252694035704098,-0.32718431741160675,-0.32718431741160675,-0.8059045383719823,-0.8059045383719823,0.37977231629594876,0.6288796763580061,0.8547357532402073,0.8396439877515758,0.7567938932690249,-0.32081329764973493,0.7477601989339717,0.7812793300664422,0.7815457488681758,0.7812793300664422,-0.1981569233053014],[0.999988607351142,1.0,0.9795397439358832,0.9994525588996698,0.9957445981274947,0.9999886073511418,0.9844924018389336,0.978558631382536,0.978558631382536,0.9843530100017795,0.9710730961690707,0.9857950593656114,0.9845267317258937,0.9844705870400045,0.9843699718299775,0.2434572231827677,0.15399721596039304,-0.4145063390419781,0.9882399943690967,0.98822775737266,0.9845730372416784,0.9845698935532615,-0.1332821570908109,0.9787250734978435,0.9798236882144453,0.9798236882144453,0.9798652461761069,0.9758208596799722,0.12378894356303782,0.1452210257733241,0.9816839830563545,0.9817298032160341,0.8507354701872811,0.13359137400174126,0.9907689392353077,0.9908141407964288,0.9913712704768148,0.9856364890135072,0.9897575389966791,0.990894547612179,0.19775942942778688,-0.41957136663511146,0.9914254162728778,0.991416729278398,0.9914254162728778,0.8908749941266978,0.5000946816538014,0.9076719943303064,0.9138827650809216,0.8233047690041301,-0.321770708334089,-0.4991785006344459,0.8350064575169401,0.8774708153829545,-0.2490248214704373,0.9362230295868522,0.9363642535906487,0.9567618793095933,0.9772188095763427,0.9495129948398604,0.9561192450451305,0.9413972545167149,0.9410078704797222,0.9456246945150719,0.9460724085228895,0.9456246945150719,0.8510202874368734,0.8252722544690996,0.8270245165614849,0.8252722544690996,0.9512128479200963,0.954550930133816,0.951263519402577,0.9520838211688981,0.951263519402577,0.6062947865429641,0.5537541959686021,0.6485369194668884,0.729734175126595,0.6370392307397083,0.6615914476638999,0.6622252129209324,0.6615914476638999,-0.17115006710110062,0.9135415674783578,0.9373705400871037,0.9288886188340768,0.9544790928899831,-0.2765995419825337,0.9097288320169206,0.9099805171550999,0.9097288320169206,0.9171385633663716,0.9171385633663716,-0.18920977360080551,0.5894065086286983,-0.36414520531301686,-0.765502233070053,-0.4605173909226044,-0.46419356288482366,-0.36814863866482683,0.2640953624971999,-0.2560613325427665,-0.4798213067480454,-0.7149755465839297,-0.3441704577189673,-0.47948818342062927,-0.4039944847115069,0.1318314454180267,0.1286623962639903,-0.4884363191871956,-0.4525938095901888,-0.4812616432695214,-0.5123196058266338,-0.5045970873150497,-0.4835324327777901,-0.48674583559330353,-0.4835324327777901,-0.358026811828961,-0.5273252624553404,-0.5273252624553404,-0.4989139969889618,-0.4989139969889618,0.3795296654939547,0.3642834837816253,0.4903894380021768,0.5891961702694876,0.5225064358398951,-0.43548741924252277,0.3596529915803935,0.31236846062529133,0.3125010833676831,0.31236846062529133,0.1560920671250872],[0.6618563478255356,0.9795397439358832,1.0,0.6585495723739954,0.588844096010699,0.6618563478255356,0.6440444718727402,0.6358073726228908,0.6358073726228908,0.584755574094588,0.5460928209538677,0.9954653287666689,0.6440606564208414,0.6370229009341437,0.644246749134305,0.4358300969314359,0.41597235081901035,-0.19442070537049413,0.6049915826924955,0.6042894726625254,0.570160949528324,0.6431356961757749,0.1969259243740752,0.7832297908622254,0.6224360522647431,0.6224360522647431,0.6222025407780363,0.9883252892974191,0.3118440461167321,0.13682301125479934,0.6021556876182745,0.6017622744533138,0.687111773344974,-0.009854028278397549,0.6400800538357624,0.5790092407910093,0.6086502176086954,0.3064258439484633,0.9935103205538162,0.5739935077394552,0.4240239016891181,-0.20323511032123812,0.6569652625583201,0.6381098051080792,0.6569652625583201,0.887829724618758,0.4002307817529157,0.9264602028763281,0.9042484088560732,0.7180195787361074,0.21497588499302311,-0.06177867136377567,0.05009411829067617,0.5219777934872509,-0.08678294412524243,0.5848810485486226,0.5490020615470079,0.5721911545409946,0.5363051122999503,-0.0071096835919048735,0.7883665326357259,0.7210936591003434,0.6282642320941825,0.7268790324127968,0.7560139476883988,0.7268790324127968,0.5119750164293339,0.6317806666417309,0.6912570387034848,0.6317806666417309,0.6870377609555065,0.6702342289657195,0.720231281127174,0.7676583871694082,0.720231281127174,0.39093936510304383,-0.08713067989567459,0.4075681870516545,0.1014452035938569,0.3948784509330781,0.2622336984264664,0.48159463772558414,0.2622336984264664,-0.15761762486143152,0.5995793655907113,0.8777659427000413,0.6722426084242081,0.7685583390738728,-0.05288023720509361,0.6409814544956869,0.6405816511705477,0.6409814544956869,0.7101908359935597,0.7101908359935597,-0.2067185176070124,0.703948327441768,-0.1876398787918579,-0.6819291003726243,-0.4332417681500978,-0.4369338689808337,-0.4196121310504769,0.08847164382602503,0.020228264699729864,-0.32674654766731204,-0.6619236838113914,-0.16662045894276087,-0.3090604140764157,-0.26388904417502834,0.037071308003848266,0.035298897688362876,-0.4851750643069928,-0.05658325420816464,-0.2559113879128068,-0.5082832819755465,-0.19453450177878226,-0.4005613576827939,-0.28141727548224815,-0.4005613576827939,-0.4160215328344503,-0.5354844228913176,-0.5354844228913176,-0.2987098377055138,-0.2987098377055138,0.32290720550200924,0.1832925824198959,0.2790800945471262,0.5142234986358679,0.2735076690895543,-0.37582660241146043,-0.01726741920296814,0.45427181875555506,0.5574109332691282,0.45427181875555506,-0.019069119654752588],[0.9997290079387229,0.9994525588996698,0.6585495723739954,1.0,0.9989185464884822,0.9997290079387228,0.9937131545636779,0.9905861127268532,0.9905861127268532,0.9945722245992804,0.9750966115067102,0.9903424228502945,0.9937385159063586,0.9944334285483747,0.9937663173941652,0.8036924479156835,0.7403899088075503,0.2916009067823093,0.9944425019671829,0.9944369874544586,0.9857069654181954,0.9937217678827747,0.40815023983412335,0.7420847766778327,0.9844252384855822,0.9844252384855822,0.9844060161642936,0.9816847316335534,0.32559886725717907,-0.12485467403811674,0.9889814713632759,0.98895210576675,0.2717129568948778,-0.19389715397040344,0.9952741269337135,0.9960675298709125,0.8134027857660315,-0.3660176825394263,0.9930662503984232,0.9962661640146131,0.7890619984381921,0.27208674349350936,0.9932788524044386,0.9953200280260213,0.9932788524044386,0.888768184086762,0.6405230066703506,0.9120002796447756,0.9114898118436048,0.8065149260613835,0.37109520298200405,-0.17737818058470095,0.20080723335535577,0.942205873373338,0.37381712092194214,0.970464230688652,0.9675881176832207,0.9781242479133168,0.9896308200370456,0.9113608428902703,0.9325321410014619,0.9334698308781387,0.9268024466914214,0.9271354362858101,0.9280037507108195,0.9271354362858101,0.8757341889678335,0.9110795528291363,0.9120676033783535,0.9110795528291363,0.9194157958395835,0.7320259167346054,0.8596326213911963,0.8609338423282387,0.8596326213911963,0.6881634549986663,0.1445333158827637,0.6715752099002603,-0.5580679173047204,0.5816082659606624,0.3457869554937588,0.5810362852474705,0.3457869554937588,-0.10555849986289706,0.9062889526247104,0.9360462073866477,0.9195883431383534,0.9107719130530787,0.2782073629950517,0.9021303015972643,0.9030358835057037,0.9021303015972643,0.8928808707862989,0.8928808707862989,-0.10579836273994106,0.6077248160348016,0.16959524210324917,-0.6781260613099305,-0.5924166014812913,-0.5960202616540519,-0.12890258973662833,0.11312428433851379,0.20685482716918344,0.013799461308050577,-0.5438033613717075,-0.013137991367122582,-0.8020134459775777,-0.2822763122792755,0.14991342129807822,0.151376934771232,-0.574392527348257,-0.5779396508182394,-0.2686487260865055,-0.5208909801273902,-0.819110611784025,-0.3988442757564281,-0.39147967916301885,-0.3988442757564281,-0.2205750672037954,-0.3362769939514186,-0.3362769939514186,-0.8052272001686671,-0.8052272001686671,0.37060537769660845,0.6175882129420213,0.8468005683817559,0.8319364961414353,0.7494919887548078,-0.33322382587239097,0.7387306096049672,0.7723744250080191,0.7726405157114188,0.7723744250080191,-0.18337358236737816],[0.9980132226486996,0.9957445981274947,0.588844096010699,0.9989185464884822,1.0,0.9980132226486996,0.9972433571190427,0.9957650072584568,0.9957650072584568,0.9974419227812188,0.9676618036612483,0.9964890999901418,0.99725993052301,0.9973366949958355,0.9972854618740601,0.721770880192767,0.6347719493703662,0.08585736056562251,0.9977209153683124,0.9977203893191527,0.9876988957890176,0.9972473222255241,0.054914020102168774,0.7232852648643587,0.992467701491801,0.992467701491801,0.9924294601645334,0.990445344855324,0.10222159349245692,-0.10743828058079813,0.9873663713729011,0.9872987393751879,-0.02111114185920482,-0.09380792756985185,0.997817666035472,0.9977477696981933,0.8045061929778352,-0.48737038608595784,0.9976842915956688,0.9980827132644455,0.6962370308911451,0.061637756059724366,0.9977632079540695,0.9977678709315342,0.9977632079540695,0.9029472173101115,0.604890376556392,0.9259825248280573,0.9146528355657495,0.7827638455966379,-0.08589603886151996,-0.5864351849355698,-0.18915655640745954,0.9314924979729087,0.22759921346202647,0.9663671007152469,0.9663912377586645,0.9806433658632748,0.9901537062201844,0.9107195282879212,0.9154697576647612,0.9245560983007174,0.9149238010535802,0.9229920537478877,0.9233703342339525,0.9229920537478877,0.852384442379427,0.870023589340046,0.8711374505412929,0.870023589340046,0.908946382231809,0.8240707359010573,0.8901669744564971,0.8909631453373504,0.8901669744564971,0.649331718081724,0.5349938846656213,0.6383526748757853,-0.574984302003796,0.632675179670639,0.612608292945022,0.6117274145974763,0.612608292945022,-0.12076393149676257,0.8897188336866819,0.9137670030609559,0.8986188569038565,0.9184538820029287,0.12409088912771951,0.8890570316195825,0.8900836584236415,0.8890570316195825,0.8951048998868464,0.8951048998868464,-0.14422856088400002,0.6546729881712318,0.02441358584972693,-0.7073664186132614,-0.6394631387586096,-0.6402266340151108,-0.15989273685078628,0.13640601369778232,-0.18254577055434526,-0.23255927028761733,-0.6136496739386071,-0.37117699611736954,-0.8478779874360688,-0.5575818431001395,0.11998010763784955,0.12129484539247225,-0.5998404548842801,-0.5718658820315223,-0.5429029623099824,-0.5582399930604653,-0.7767868420679312,-0.5941143528240433,-0.5969864174863482,-0.5941143528240433,-0.2583984049347663,-0.3691451612085117,-0.3691451612085117,-0.7454643841676892,-0.7454643841676892,0.3593987874378926,0.6004198438406331,0.8005531321288908,0.7878933934504275,0.7402819770975784,-0.45919545231041276,0.5996555462332943,0.6639177826622805,0.6642563095370647,0.6639177826622805,0.04355019171641471],[1.0,0.9999886073511418,0.6618563478255356,0.9997290079387228,0.9980132226486996,1.0,0.9924498713776662,0.9888715741174409,0.9888715741174409,0.9930960398545581,0.9770256944478579,0.9870207623795594,0.9924854189900885,0.9928927248121887,0.9925366480659465,0.8045753688784464,0.7416622034410426,0.306389286556072,0.9933635236481422,0.9933552508845164,0.9856099425879301,0.9924758149632172,0.41673798983497257,0.7377419547455303,0.9818798770352709,0.9818798770352709,0.9818612360986695,0.9755922162027091,0.32974390594946656,-0.11871330240891687,0.9896534093812194,0.9896158187613754,0.27954824902132924,-0.19366558986868843,0.9947390831425819,0.9953395596148016,0.8468377551487433,-0.36159891820861945,0.9906911636964058,0.9953163661394818,0.7906686200909246,0.2871684026672634,0.9948796777659815,0.9948736095700267,0.9948796777659815,0.8911641383847816,0.6527620960444942,0.9076349790467456,0.9139623624556332,0.8238485796158616,0.37605333862401,-0.17237678701555548,0.2062066255626063,0.9476090142847384,0.38962028245209823,0.9749146130583062,0.9704998080516921,0.9802767136570026,0.9897323080331006,0.9306684618457393,0.9382043579861129,0.9452382820963762,0.9302229661552704,0.9425584634924676,0.9432049401165187,0.9425584634924676,0.8828624530315676,0.9222268054615221,0.9231312461584018,0.9222268054615221,0.9223239561487176,0.7869522761087491,0.8951745649909776,0.8964709543517974,0.8951745649909776,0.6954333117522454,0.37557229666400316,0.6804046778826429,-0.5536367386626874,0.5859019383085976,0.609306701106214,0.6096954477061111,0.609306701106214,-0.09946778747024371,0.9108214817908522,0.9424004437365016,0.9262331050258559,0.9319861801734474,0.29230885721643296,0.9059754445907847,0.9067548926864208,0.9059754445907847,0.9104290331256272,0.9104290331256272,-0.10130944057990338,0.5883021361088914,0.16486437231945672,-0.6685348724791413,-0.5858757151766786,-0.5895630616815281,-0.1171928127403925,0.11745772116505347,0.21353740884557518,0.026602666774981538,-0.5321720844517471,-0.00709080061550966,-0.7966759518907455,-0.274847360856709,0.15948276409825782,0.1608889540670992,-0.5680990179207217,-0.5815187532522434,-0.2677564044000537,-0.5110557221258953,-0.8178862584526427,-0.39776133184102974,-0.3898378400253323,-0.39776133184102974,-0.21252694035704098,-0.32718431741160675,-0.32718431741160675,-0.8059045383719823,-0.8059045383719823,0.37977231629594876,0.6288796763580061,0.8547357532402073,0.8396439877515758,0.7567938932690249,-0.32081329764973493,0.7477601989339717,0.7812793300664422,0.7815457488681758,0.7812793300664422,-0.1981569233053014],[0.9924498713776662,0.9844924018389336,0.6440444718727402,0.9937131545636779,0.9972433571190427,0.9924498713776662,1.0,0.997549406656702,0.997549406656702,0.9999714759961156,0.9615966788167877,0.9996882911278813,0.9999966446263332,0.9999870687578426,0.9999934755256942,0.8698621289030103,0.8580655777253406,0.25562619409800946,0.9998641710252345,0.9998644379565726,0.9900389714514489,0.9999968325792566,0.32554399144780355,0.739332933932149,0.9859874767181391,0.9859874767181391,0.9870439760085392,0.9914278331608787,0.25559921498861515,-0.17795439014678124,0.9916329757550927,0.9915832512785308,0.17979332940651543,-0.2394985381854894,0.9993537115204507,0.9994678705278655,0.43858719210137553,-0.3073828096536466,0.9990595981062274,0.9994318337369935,0.8531589578956933,0.23479190708595998,0.9433588075788958,0.9991078679611499,0.9433588075788958,0.9124724450275825,0.6126935869234713,0.9402570037383847,0.9203106434336346,0.7485461937024112,0.4105360913458258,-0.11613957579794358,-0.19328822809802276,0.9302533836926457,0.341872435637032,0.9680481496156731,0.9635718674883427,0.9791170046085393,0.9956048124864045,-0.027858259881570247,0.8773486699041346,0.8381672523851812,0.882885474613179,0.8328879526833968,0.7965389952365588,0.8328879526833968,0.8165824034885116,0.8017544033004936,0.790706657318377,0.8017544033004936,0.8756362787021595,0.398341388931634,0.6001560418169474,0.6604003688620169,0.6001560418169474,0.6188687417243023,-0.34110662111874446,0.591292873434248,-0.6222361599285489,0.513448922241756,-0.08727484519418008,0.4489884408803795,-0.08727484519418008,-0.1463247334877991,0.8544135237356785,0.876502996231511,0.8616224827618378,0.7719777650635834,0.24164920884615518,0.8535782419393358,0.8548942606477972,0.8535782419393358,0.773288655286334,0.773288655286334,-0.17979469585569066,0.6962810678819294,0.23605493454523116,-0.6851184089116912,-0.6317555608962444,-0.6349318753016615,-0.1711135737847218,0.06433191537543281,0.32374850143562606,-0.015794637376136355,-0.5571977448801436,0.048986854653282536,-0.8282668279002585,-0.18037335579250757,0.08569227912975924,0.08717374079895175,-0.6158531037474259,-0.5885540819644288,-0.10442999755771885,-0.5921793012824339,-0.8334073136494886,-0.39082648315866714,-0.22444421985186574,-0.39082648315866714,-0.2895899838496468,-0.37735358772170907,-0.37735358772170907,-0.8255794716589948,-0.8255794716589948,0.36093472533770926,0.5847389056429263,0.5069349258748982,0.8016377588617724,0.7359998822277442,-0.3821021639069713,0.06733733002204514,0.7469623742176059,0.7662693966750554,0.7469623742176059,-0.11769107936308518],[0.9888715741174409,0.978558631382536,0.6358073726228908,0.9905861127268532,0.9957650072584568,0.9888715741174409,0.997549406656702,1.0,1.0,0.9995721255339605,0.9550862005035616,0.9987704197045031,0.9982871855789699,0.9994195705331843,0.9991673811995047,0.8672706392413301,0.8469656576892719,0.23406791463070042,0.9992085054168328,0.9992105320152384,0.9874809660286936,0.9993005119880193,0.30043176101405134,0.7406853328897934,0.9929000037963555,0.9929000037963555,0.9852127786743013,0.9888032360217627,0.2382938482004133,-0.19105639330881935,0.9879677333278979,0.9913995558656375,0.1613881931283979,-0.2452968636956436,0.9983411936479661,0.998326535997192,0.421397716512832,-0.3137512989544376,0.9972279474732973,0.9982736100240364,0.8508043787214811,0.21284495049492388,0.9361678943125166,0.9981705879509406,0.9361678943125166,0.9101215140423855,0.5978751186935941,0.9405423251284388,0.9177269674743019,0.7277832214349539,0.39782846731289917,-0.13077333052227466,-0.20548346296401723,0.9220191205124995,0.3217268477908285,0.9634941488709127,0.9585428609071251,0.9741760781545169,0.9946077878962952,-0.03716358514251395,0.8673246246417461,0.8235455070639114,0.8754166289525481,0.8193518747548,0.78503168748611,0.8193518747548,0.8054027319194162,0.7843783362988865,0.77794216645984,0.7843783362988865,0.8684118039728539,0.3802538053823014,0.5813363227465306,0.6450405146824898,0.5813363227465306,0.6072625312639304,-0.35511140559858295,0.5780610937124544,-0.6292016457575617,0.5065511896478676,-0.10836736109681273,0.4338130946673413,-0.10836736109681273,-0.15267848185414148,0.8457168744018415,0.8640586042694098,0.8506451610739544,0.758141983164075,0.22413385108441877,0.8454495976486954,0.8469342228467849,0.8454495976486954,0.7573787349024056,0.7573787349024056,-0.19412731581414827,0.7187343752858715,0.24281725914564709,-0.6941817654861558,-0.6438697025830004,-0.6468677673065261,-0.18540408210823855,0.05708562707167411,0.31674701551079426,-0.03464463390135653,-0.5693665944574162,0.0397566255681425,-0.8337669480208093,-0.18683430495245165,0.07099994204583007,0.07250733927070595,-0.6269025596072595,-0.589447513418538,-0.11121040167321412,-0.6079860289401342,-0.8327697442690334,-0.40196076763248084,-0.23057908670016652,-0.40196076763248084,-0.30621388556668916,-0.3904124758981064,-0.3904124758981064,-0.8234110239639256,-0.8234110239639256,0.34243682124098884,0.5684290265656526,0.48874264453124194,0.7842022522545543,0.7237620322266688,-0.4028940739536966,0.053730019466415424,0.7282256007602297,0.7507763643553874,0.7282256007602297,-0.10083078133682224],[0.9888715741174409,0.978558631382536,0.6358073726228908,0.9905861127268532,0.9957650072584568,0.9888715741174409,0.997549406656702,1.0,1.0,0.9995721255339605,0.9550862005035616,0.9987704197045031,0.9982871855789699,0.9994195705331843,0.9991673811995047,0.8672706392413301,0.8469656576892719,0.23406791463070042,0.9992085054168328,0.9992105320152384,0.9874809660286936,0.9993005119880193,0.30043176101405134,0.7406853328897934,0.9929000037963555,0.9929000037963555,0.9852127786743013,0.9888032360217627,0.2382938482004133,-0.19105639330881935,0.9879677333278979,0.9913995558656375,0.1613881931283979,-0.2452968636956436,0.9983411936479661,0.998326535997192,0.421397716512832,-0.3137512989544376,0.9972279474732973,0.9982736100240364,0.8508043787214811,0.21284495049492388,0.9361678943125166,0.9981705879509406,0.9361678943125166,0.9101215140423855,0.5978751186935941,0.9405423251284388,0.9177269674743019,0.7277832214349539,0.39782846731289917,-0.13077333052227466,-0.20548346296401723,0.9220191205124995,0.3217268477908285,0.9634941488709127,0.9585428609071251,0.9741760781545169,0.9946077878962952,-0.03716358514251395,0.8673246246417461,0.8235455070639114,0.8754166289525481,0.8193518747548,0.78503168748611,0.8193518747548,0.8054027319194162,0.7843783362988865,0.77794216645984,0.7843783362988865,0.8684118039728539,0.3802538053823014,0.5813363227465306,0.6450405146824898,0.5813363227465306,0.6072625312639304,-0.35511140559858295,0.5780610937124544,-0.6292016457575617,0.5065511896478676,-0.10836736109681273,0.4338130946673413,-0.10836736109681273,-0.15267848185414148,0.8457168744018415,0.8640586042694098,0.8506451610739544,0.758141983164075,0.22413385108441877,0.8454495976486954,0.8469342228467849,0.8454495976486954,0.7573787349024056,0.7573787349024056,-0.19412731581414827,0.7187343752858715,0.24281725914564709,-0.6941817654861558,-0.6438697025830004,-0.6468677673065261,-0.18540408210823855,0.05708562707167411,0.31674701551079426,-0.03464463390135653,-0.5693665944574162,0.0397566255681425,-0.8337669480208093,-0.18683430495245165,0.07099994204583007,0.07250733927070595,-0.6269025596072595,-0.589447513418538,-0.11121040167321412,-0.6079860289401342,-0.8327697442690334,-0.40196076763248084,-0.23057908670016652,-0.40196076763248084,-0.30621388556668916,-0.3904124758981064,-0.3904124758981064,-0.8234110239639256,-0.8234110239639256,0.34243682124098884,0.5684290265656526,0.48874264453124194,0.7842022522545543,0.7237620322266688,-0.4028940739536966,0.053730019466415424,0.7282256007602297,0.7507763643553874,0.7282256007602297,-0.10083078133682224],[0.9930960398545581,0.9843530100017795,0.584755574094588,0.9945722245992804,0.9974419227812188,0.9930960398545581,0.9999714759961156,0.9995721255339605,0.9995721255339605,1.0,0.9605868019925914,0.999654900127585,0.9999725460274324,0.999971630231905,0.9999760301923997,0.7571584000208601,0.6734574380802596,0.13836916254533155,0.9998210322316511,0.9998217049557543,0.9899314023559266,0.9999697500780805,0.10598261803682937,0.7148662876265013,0.9952858656856755,0.9952858656856755,0.9952431130309677,0.9913108458196762,0.08718605919035602,-0.11825814065271519,0.9907231009223069,0.990683110527493,-0.0025768953824742945,-0.19883330653585315,0.9994022324189946,0.9993611199445971,0.810039544301647,-0.48415498601021845,0.9989969809937514,0.9994078857170158,0.7327760241117314,0.11452578588162654,0.9992672936740525,0.999272477559122,0.9992672936740525,0.9121315280349291,0.6132096758119892,0.9400573157850517,0.9199365381817367,0.748019524332995,0.015117687675546785,-0.5389677752312161,-0.1447379703016084,0.9262837256309219,0.2875570657503197,0.9641282216196023,0.9635913603056743,0.9811814105864352,0.9948476894526006,0.8858984361702429,0.8781701805963725,0.9008416265332754,0.8838726426831963,0.8992879392811237,0.8998598709432163,0.8992879392811237,0.8161146720754412,0.8522389218307307,0.8536514623118754,0.8522389218307307,0.8770230210528355,0.7887406415154369,0.8628157057153647,0.8639629206543488,0.8628157057153647,0.6185632070024318,0.4656760234224943,0.590557106563182,-0.6292491169006409,0.5671249394821901,0.5350593945283955,0.5347539040259517,0.5350593945283955,-0.10285080803667446,0.8551422481617517,0.8764398533143042,0.8620402527575649,0.8942973379308882,0.1579407613339021,0.8589004452015827,0.8607353066457039,0.8589004452015827,0.8650831438969948,0.8650831438969948,-0.1814841138996832,0.6974999879472705,0.05115310159769689,-0.696995810844023,-0.6665231890170139,-0.6677113441496026,-0.174606007728613,0.06762068551921636,-0.18752461338994272,-0.1995257964383272,-0.5972216259383327,-0.39864092026605324,-0.8661814276452747,-0.5924005407099805,0.08503699820080615,0.08661903568699623,-0.61740047847956,-0.5846538625324803,-0.5529049633511574,-0.5938156145811548,-0.8011824153234508,-0.6172738956861386,-0.6195310928655187,-0.6172738956861386,-0.2913747935653234,-0.38054455528251613,-0.38054455528251613,-0.7813651374186331,-0.7813651374186331,0.3611835687322979,0.5831591975071007,0.8113446590550525,0.8001096400221039,0.7342223407874088,-0.4091705821422459,0.6332716808262339,0.6891706738643583,0.6893406669175345,0.6891706738643583,0.11852873316496476],[0.9770256944478579,0.9710730961690707,0.5460928209538677,0.9750966115067102,0.9676618036612483,0.9770256944478579,0.9615966788167877,0.9550862005035616,0.9550862005035616,0.9605868019925914,1.0,0.9459936498260287,0.9616178894477889,0.9616399900463356,0.9613427210869385,0.5647652553880594,0.469447252533851,-0.08432849450074005,0.9659049505944692,0.9658844593173165,0.9617300017272205,0.9617223146106236,0.02706845236985104,0.7544904252927513,0.9631555153571643,0.9631555153571643,0.9633276268761929,0.8947350437839078,0.18817230254704367,-0.10276993901385684,0.9684102102258857,0.9685121176496563,0.15099472003477865,0.057450004590474904,0.9694325789690437,0.9696711350112297,0.8856445315664132,-0.37639597686717546,0.9541568251516137,0.9686422389164309,0.535268004963227,-0.10519089281336073,0.9705147335083709,0.9704839599925489,0.9705147335083709,0.8166866084642141,0.4129756888646935,0.831799039885994,0.9013298903904874,0.8560294370205913,-0.51248556115039,-0.6775881377867015,-0.23505820752830256,0.8913523749005705,-0.01652154162309413,0.9201376936809847,0.9202011189603917,0.9391305470780973,0.9666748971672607,0.8891973983325713,0.890294436397443,0.9070561284900104,0.8920372136758857,0.9004825611785345,0.9010588244870436,0.9004825611785345,0.8473957971581714,0.8302845901745831,0.8318777072071887,0.8302845901745831,0.8862754482805608,0.9009352620965774,0.8845040667018018,0.8850741829273839,0.8845040667018018,0.7018189396738731,0.6333163859342062,0.7027763416732307,-0.3095820150143594,0.7197972741139512,0.7354039235157279,0.7376085205175368,0.7354039235157279,-0.2625529238786429,0.8892405203553158,0.9407028561711153,0.903370225119816,0.9011648745739125,0.006246547022421607,0.8831474049023482,0.8841385337110566,0.8831474049023482,0.8914787715847894,0.8914787715847894,0.03954340849679257,0.40034647193770256,-0.11861033208003659,-0.6323778843178511,-0.4308478540646895,-0.4331581756460997,-0.037359779723329746,0.41847655401941325,0.0314535615973646,-0.15861255950972733,-0.51533375669204,-0.08288652888729801,-0.7958081140030063,-0.24568312419914407,0.29480157708588933,0.29458328160666797,-0.40145316263408864,-0.4328494265066919,-0.36476637211394397,-0.37483094946183687,-0.6638558694107035,-0.38456292400092235,-0.386801830647426,-0.38456292400092235,-0.10955008516903889,-0.42051197300852083,-0.42051197300852083,-0.5397781823468147,-0.5397781823468147,0.5096624232930798,0.6459168549589077,0.7480370979760224,0.68426979990437,0.8115182511166369,-0.49860464835239093,0.3908370758718128,0.5322427631615926,0.5325472485525553,0.5322427631615926,-0.16752707471273992],[0.9870207623795594,0.9857950593656114,0.9954653287666689,0.9903424228502945,0.9964890999901418,0.9870207623795594,0.9996882911278813,0.9987704197045031,0.9987704197045031,0.999654900127585,0.9459936498260287,1.0,0.9996889206734588,0.9996847617098777,0.9996570220601855,0.3386242722460764,0.24071147670062917,-0.49786862510928154,0.9998015373140828,0.9998038721917047,0.9996936635873402,0.9996932234691028,-0.2361191172173719,0.9718471919888115,0.9946646006852826,0.9946646006852826,0.994646145565926,0.9933210636078936,0.1072472240088293,0.09491023376873768,0.9917069314611768,0.9917542882500076,0.8757923152600601,0.03349239213640892,0.9990449415337591,0.998999937760726,0.9988753050259694,0.999390874248674,0.9994253575599752,0.9990805307776083,0.2866595500816087,-0.506188965347054,0.9988240781001535,0.9988319815212362,0.9988240781001535,0.9064324984933926,0.4517047420037442,0.9363873553465476,0.9174437694886258,0.7486128869694985,-0.43264317797718066,-0.6091687464767587,0.8135583418323826,0.842309958332765,-0.33986607456550005,0.9312691367986029,0.9314816627456868,0.9698393143136698,0.9934828553450246,0.898450750431922,0.9051384771775353,0.8822526549597556,0.8840396791709834,0.8882929882027737,0.8888946216415177,0.8882929882027737,0.7684965040849548,0.7372298268538342,0.7393384412409648,0.7372298268538342,0.9047556441835749,0.9108741944170259,0.9037498584265681,0.9047841486335484,0.9037498584265681,0.5008380253083821,0.4386183596921941,0.5413554077224666,0.6388241251354144,0.5372002873008256,0.567499931774924,0.5693923669980068,0.567499931774924,-0.3461979981982866,0.844864898260781,0.8796901196239327,0.8663430854308355,0.9050077150227197,-0.30631751016235786,0.8400272700567863,0.8403733275429844,0.8400272700567863,0.8499714924408093,0.8499714924408093,-0.2339281070411221,0.6902620061198209,-0.38525767826748814,-0.7866504664921352,-0.5339855358116002,-0.5366986637987388,-0.4140879526097311,0.21376598550449674,-0.29826848165219166,-0.5156349762344993,-0.7424085283038363,-0.39156414510809245,-0.5952322629222903,-0.46221675794959616,0.07757657541553707,0.0750263409130337,-0.5572503788900446,-0.5278184226712042,-0.5487233501864363,-0.5841548595818993,-0.5778461856840054,-0.552080415631803,-0.5551021213198069,-0.552080415631803,-0.42916610236567077,-0.6196709257340525,-0.6196709257340525,-0.6156403861228229,-0.6156403861228229,0.35766687273706566,0.33116683014124043,0.46402820986379406,0.5610638334011238,0.519773710091696,-0.5716615168433682,0.2968049022197634,0.28065175564790873,0.2808400228791223,0.28065175564790873,0.23971132167781325],[0.9924854189900885,0.9845267317258937,0.6440606564208414,0.9937385159063586,0.99725993052301,0.9924854189900885,0.9999966446263332,0.9982871855789699,0.9982871855789699,0.9999725460274324,0.9616178894477889,0.9996889206734588,1.0,0.999990621155632,0.9999951508248247,0.8698514351813526,0.8487900820985472,0.25568329763480485,0.9998655288318217,0.9998657457419797,0.9900730819507398,0.9999974120293119,0.325846507699154,0.7393867514427648,0.9910498817905664,0.9910498817905664,0.9870351341228712,0.9914164936843225,0.25584940303486,-0.17790232676080936,0.991666938954573,0.9915930244693932,0.18001749080198035,-0.23946460722211285,0.9993554936345294,0.9994709988420364,0.438561878142396,-0.30718027030971884,0.999062049814578,0.9994393554832688,0.8531385905606707,0.2348550777782892,0.943344593339877,0.99911011816434,0.943344593339877,0.9124889921183525,0.6128310900228304,0.9403973311504904,0.9204416169718088,0.7486431699230296,0.41090517885718164,-0.11571536626751738,-0.19293889615691193,0.9303181695641222,0.34193739667967277,0.9681323856302431,0.9636239932768524,0.9791981193508853,0.9956187761469177,-0.027677788990387576,0.8774685432936213,0.8382522124137729,0.8829874079678691,0.8329710573461074,0.7964841714709925,0.8329710573461074,0.8166634350707258,0.8018027698248349,0.7906466170394698,0.8018027698248349,0.8757665580019685,0.39822262636092287,0.6001575011872194,0.6603177635949948,0.6001575011872194,0.6188221141575665,-0.34112714806992667,0.591262123528609,-0.6221397626291754,0.5133559090140418,-0.08739959371533554,0.4490191996505712,-0.08739959371533554,-0.14647099704765026,0.8544789243289093,0.8766062534365818,0.8617018242279842,0.7719708358976097,0.24170695488455224,0.8536508976748377,0.8549630129554829,0.8536508976748377,0.7733487755994367,0.7733487755994367,-0.17974206788789582,0.6963177250331333,0.23616804626713653,-0.6851504300620944,-0.6316759945729523,-0.6348574225863589,-0.1711911677974167,0.06421360557545103,0.32391114652950015,-0.015781104064638937,-0.5572509709682097,0.049234081683254174,-0.8280221622243933,-0.1800971148078147,0.08576248358091648,0.08725791343843156,-0.6158392364281512,-0.5883643434249439,-0.10419717658214858,-0.5921500218589923,-0.8333079166448616,-0.39061651172707945,-0.2242522006225635,-0.39061651172707945,-0.28943093027669076,-0.377319582339454,-0.377319582339454,-0.825530421544718,-0.825530421544718,0.361374733797858,0.5848550555593417,0.5071684322406719,0.8018780746800171,0.7360559662948253,-0.38190555041633945,0.06760614490321713,0.7472009552645783,0.7663786745594383,0.7472009552645783,-0.11771919245553578],[0.9928927248121887,0.9844705870400045,0.6370229009341437,0.9944334285483747,0.9973366949958355,0.9928927248121887,0.9999870687578426,0.9994195705331843,0.9994195705331843,0.999971630231905,0.9616399900463356,0.9996847617098777,0.999990621155632,1.0,0.9999879993627612,0.8101207696042563,0.7418090656281552,0.25754665977362895,0.9998881181000278,0.9998887119356482,0.9900638044777745,0.9999879878349063,0.327521967650124,0.7355426753460641,0.9940080452723282,0.9940080452723282,0.9939730835120342,0.9913588637455659,0.25084962309061176,-0.17820684890272814,0.9919585399082772,0.9919644033031745,0.20325524549541313,-0.2388551283649652,0.9995278146014819,0.9994709323187947,0.848157505458534,-0.39779581403898473,0.9990578930932459,0.9994435094591981,0.7919802736918375,0.2367517021247347,0.9994214724795375,0.999426013274557,0.9994214724795375,0.9123220946510976,0.6129450010584268,0.9402643437910456,0.9202791357488544,0.7482248711436456,0.2911016179651102,-0.2858441546571549,0.10486930209281195,0.9301990998871754,0.342496426834725,0.9651217349285973,0.963642905672994,0.9777456735716842,0.9958418762160668,0.8928666845935824,0.8767380760661262,0.9055425892656118,0.8829575380476098,0.9045910868578481,0.9053964579263144,0.9045910868578481,0.8158861276960233,0.8721734164186424,0.8735617443902134,0.8721734164186424,0.8756281289580444,0.7719488922034702,0.8680843535072191,0.8696229279632354,0.8680843535072191,0.6183401938755807,0.4678076097190888,0.5899545131544787,-0.6251812794611584,0.5119866384106571,0.5169570013432023,0.5178689450307057,0.5169570013432023,-0.14839749740659564,0.8543545280363308,0.8762577751287164,0.8612136956503219,0.8995438889830814,0.24394484456317353,0.8536065003887069,0.8551441906874993,0.8536065003887069,0.8632972469754999,0.8632972469754999,-0.18010731482396955,0.6959924951377613,0.15036172935163952,-0.6840832965795985,-0.6313163630126332,-0.6343465992191455,-0.17116198901131272,0.06331452784309341,0.09911645597251142,-0.014250707760631288,-0.5558040146660883,-0.13826095695732943,-0.8392075474000436,-0.3994967859163847,0.08538637284851026,0.0870074692094984,-0.6158851550157523,-0.5876327797924645,-0.3956396086528771,-0.59191452922388,-0.8265758702230818,-0.5088563155116327,-0.5045929363348083,-0.5088563155116327,-0.28871638297244706,-0.37741331028485847,-0.37741331028485847,-0.817378461246472,-0.817378461246472,0.36049558213770877,0.5849531395263842,0.8204125476352088,0.8055389449748492,0.7365276519123061,-0.38140112493320283,0.6995228781753697,0.7357041226111467,0.7357922797810359,0.7357041226111467,-0.08532500096537628],[0.9925366480659465,0.9843699718299775,0.644246749134305,0.9937663173941652,0.9972854618740601,0.9925366480659465,0.9999934755256942,0.9991673811995047,0.9991673811995047,0.9999760301923997,0.9613427210869385,0.9996570220601855,0.9999951508248247,0.9999879993627612,1.0,0.8619858471645031,0.8095672690615551,0.25581324113474735,0.9998682000279249,0.9998682942664394,0.990205696628467,0.9999950945759237,0.32650417832749046,0.7392332586439696,0.994224812669873,0.994224812669873,0.9941328324783476,0.9913412058558998,0.2561216401115722,-0.17793093087662057,0.9925210198132016,0.9925638328628885,0.18075056996091224,-0.23929866591432547,0.9994010850218149,0.9994702009160997,0.4376023259053662,-0.30642949983172507,0.9990190903740838,0.9994417647138423,0.8511608693498273,0.23500699313475532,0.9429039809993769,0.9991608706201451,0.9429039809993769,0.912743893742859,0.6134846978595283,0.9405850937058363,0.9206187804313853,0.74839031476939,0.41222937630186285,-0.11422826177769083,-0.19315542452087142,0.93065404123165,0.342203388624554,0.9685160322086306,0.9639241907172412,0.9794566068950957,0.9956587376469154,-0.028661683730572346,0.8777190545651312,0.8381664787593576,0.8832024777322341,0.8329181757206908,0.7960634864209449,0.8329181757206908,0.8168491648065374,0.8017453522807112,0.7910056286620437,0.8017453522807112,0.8760583384140561,0.39757057071416796,0.5996811651557569,0.6603200779454983,0.5996811651557569,0.6186907990228881,-0.342247035781117,0.5912089280459638,-0.6223216753584389,0.5130173733208796,-0.08835572386315188,0.4486874825872243,-0.08835572386315188,-0.1464264372897026,0.8546020317712762,0.8763603059705325,0.8618277416839883,0.7642886232877867,0.24207795786056205,0.8537412383692782,0.8550445923621284,0.8537412383692782,0.7731640813784882,0.7731640813784882,-0.1810873682755006,0.6971029331867912,0.23664994544872106,-0.6851268304857674,-0.6320261264659341,-0.6352121699978461,-0.1722484951864327,0.06307678494966708,0.3242301391874562,-0.01616942594104245,-0.5574450712437848,0.04933175862534299,-0.8272604823435419,-0.17992896620238633,0.0848398678263403,0.0863341913255788,-0.6164107752577743,-0.5885758550458479,-0.10363719051572994,-0.5932692058617721,-0.8333265501433028,-0.3905535901451617,-0.22371591083963316,-0.3905535901451617,-0.29029937278237283,-0.3777476492062668,-0.3777476492062668,-0.8258724333732479,-0.8258724333732479,0.36159161384818994,0.5845252396029952,0.5066904800600236,0.8023077494129416,0.7355157760497288,-0.3814788204189932,0.06697755376522048,0.7476096004075105,0.766985793412029,0.7476096004075105,-0.11743926924137714],[0.8045753688784464,0.2434572231827677,0.4358300969314359,0.8036924479156835,0.721770880192767,0.8045753688784464,0.8698621289030103,0.8672706392413301,0.8672706392413301,0.7571584000208601,0.5647652553880594,0.3386242722460764,0.8698514351813526,0.8101207696042563,0.8619858471645031,1.0,0.9938468249168239,0.41480305044313964,0.8451331524798419,0.8451142392927082,0.7844296910436201,0.8610254106255226,0.33007135271755567,0.44748553070383434,0.8532223536848015,0.8532223536848015,0.8399980414873739,-0.06223241038308572,0.1924175795272954,-0.17834659910820158,0.8881515554285538,0.8859092298048998,0.15433701022862084,-0.24188109101777847,0.8665592274478107,0.7774937591636512,0.28431671875605435,-0.3188042489147147,0.35431329775811327,0.7503912484316043,0.9983991889490954,0.39706336719810426,0.7931578009958756,0.8663034309358907,0.7931578009958756,0.32234250108220824,0.5602996052865877,-0.08077139938360603,-0.09766767634482171,0.1876152002107053,0.40350325315848745,-0.06140017173834483,-0.21012391791071441,0.7616794464368524,0.40339577428026835,0.8633384682490676,0.7684574832910104,0.8390717133280089,0.8540089099310546,-0.09898423188854873,0.2725224395850613,0.636607725590451,0.