var correlationClose = {"data": [{"type": "heatmap", "z": [[1.0, 0.9999822905244856, 0.5574187928776018, 0.9996963525657208, 0.9973945325756531, 1.0, 0.9905972321122051, 0.9860483625682083, 0.9912431111770368, 0.9727569479687461, 0.9812231315023584, 0.9906429121926529, -0.1374953279550373, 0.990709791025669, 0.9907696257002455, 0.9934536175186742, 0.47583425792014306, 0.9917486604863379, 0.9917468320442162, 0.983576394427659, 0.9906445866612235, 0.4446627526983191, 0.6544037288164388, 0.9772992910992155, 0.9772750463499442, 0.9572639205094603, 0.29660516751273375, -0.12565101622135894, 0.9898966930569589, 0.989856425764142, 0.2700836622105142, -0.20900507819819392, 0.99360288623362, 0.9944936992913747, 0.8059869885237142, -0.39298783995854214, 0.9870035079351516, 0.9942335607213889, 0.9941489789904955, 0.4584734292628261, 0.9937968682407758, 0.9937921581548645, 0.9937968682407758, 0.8911367436014268, 0.6764013705978585, 0.8629823694671891, 0.8818303949975217, 0.7968267577074957, 0.3931980422939608, -0.12480778299512585, 0.1930625678709403, 0.9466133084157065, 0.4763091991407661, 0.9773219898003281, 0.9713902430959942, 0.9124250267360826, 0.9062680157417182, 0.9311719718938272, 0.9052893283311095, 0.9278130002265926, 0.9287389154600102, 0.9278130002265926, 0.8384231931475865, 0.904403568482114, 0.9056284182261344, 0.904403568482114, 0.891507894886978, 0.7259681606576233, 0.8670811377425678, 0.8689756804338691, 0.8670811377425678, 0.6112472373021266, 0.3034747628274671, 0.5870203412338455, -0.5978892878516096, 0.47986831137351477, 0.5378105962471545, 0.5396535300099727, 0.5378105962471545, -0.09726432794271994, 0.878713399216864, 0.910402736621204, 0.8921108645594646, 0.9140617047692859, 0.4778078050922234, 0.8762068713904735, 0.8777075932516923, 0.8762068713904735, 0.8867711916321325, 0.8867711916321325, -0.16679058038829034, 0.5363068193775576, 0.1978485771092771, -0.5413600792438898, -0.5574367753398136, -0.5608559739399951, -0.027666407921406393, 0.047590282332367666, 0.2676776125705659, 0.15465091771799774, -0.35716272697152157, 0.0658329127522042, -0.7911416363000817, -0.20042271921886193, 0.113791356933577, 0.11438726396489225, -0.5342620345571301, -0.6077485237678372, -0.20098949170388405, -0.4791836936406581, -0.8299997665399317, -0.3391409839613888, -0.33057702806023176, -0.3391409839613888, -0.17898314061202014, -0.2452757039681912, -0.2452757039681912, -0.818744979138522, -0.818744979138522, 0.40421465569448023, 0.6613661360236751, 0.8749957178884575, 0.8538014470163521, 0.7920387321620008, -0.2360454537424769, 0.7707810557862487, 0.8112250814887632, 0.8112883044719469, 0.8112250814887632, -0.23228392020432131], [0.9999822905244856, 1.0, 0.9677864315854539, 0.9991791309619301, 0.9934405412606518, 0.9999822905244854, 0.9769611745125542, 0.9675346316283915, 0.9767321339520819, 0.9570107387305615, 0.9789824275697893, 0.9770112175518465, 0.9769689465445902, 0.976776945312642, 0.9760101412931629, 0.9848634158472823, -0.23833800802110203, 0.9826350162500531, 0.9826053934037274, 0.9770816702840183, 0.9770722903048578, -0.1597151414687332, 0.9664856325262693, 0.969771719901608, 0.9698469988268307, 0.9576940900321064, 0.010322278560431317, 0.14470880762788754, 0.9752777083020181, 0.9753455150033092, 0.9708317128149123, 0.1280617192010787, 0.986966449400552, 0.9870572782260519, 0.9878586843690513, 0.9793123070003206, 0.9852788122150542, 0.9869832859845349, 0.9876587517306232, -0.24520313782928735, 0.9879584061680148, 0.9879381389975457, 0.9879584061680148, 0.8911622027169688, 0.5655272147767859, 0.8636927617268028, 0.8821361935502889, 0.796097924054154, -0.4459290783835554, -0.5514204803709006, 0.8353455699789355, 0.8596823665682034, -0.16338829546378356, 0.9348288914962759, 0.9348952524807964, 0.9195617753659792, 0.9299713601360228, 0.9066397459454791, 0.906309415362158, 0.913630919588499, 0.9144027060755133, 0.913630919588499, 0.7654084404469442, 0.725205222832983, 0.7273834805026661, 0.725205222832983, 0.9241158690464771, 0.9294479477654386, 0.923879985445872, 0.9251473350524211, 0.923879985445872, 0.4304231015497859, 0.37320387164855456, 0.4952698719659689, 0.5989815646653387, 0.47616926237574914, 0.5191223349767965, 0.5198653538817176, 0.5191223349767965, -0.2128788919991785, 0.8615003096720419, 0.8993233077744307, 0.8852211539207294, 0.9269817455018382, -0.04671472973741367, 0.8551540825960898, 0.8555535240714002, 0.8551540825960898, 0.8668433141520699, 0.8668433141520699, -0.27122668155200713, 0.5373458489065792, -0.3832880770555601, -0.6353634063460837, -0.4661088746594587, -0.4695773512757951, -0.2957455590678223, 0.21455789199001019, -0.20853052246093082, -0.3808440768101851, -0.5684401941583498, -0.2779319408281411, -0.5013442714918879, -0.33152087690025883, 0.0881823495712929, 0.08307685658700072, -0.4852367474345426, -0.43971454598077625, -0.4676456013474222, -0.49717217664936414, -0.48971551509522476, -0.47005687712785577, -0.4732570774986733, -0.47005687712785577, -0.3576318598960256, -0.49289426300070655, -0.49289426300070655, -0.4673832894267212, -0.4673832894267212, 0.40399873595475455, 0.4211229454534875, 0.5219471955710803, 0.6062710543495502, 0.5811950991728775, -0.3834057422636211, 0.39093994001262405, 0.381905589035377, 0.38201405264437005, 0.381905589035377, 0.12712657392445514], [0.5574187928776018, 0.9677864315854539, 1.0, 0.5505884166944609, 0.4337228968948601, 0.5574187928776017, 0.5468881307282571, 0.534764622937799, 0.44153765321471083, 0.38003050705331676, 0.996583965913256, 0.546902381566116, 0.5174593630223627, 0.5472504865632126, 0.550140142755023, 0.5868315110636044, -0.09038316476603579, 0.490130431043186, 0.4900984212198324, 0.4403286719426341, 0.5465377037758824, 0.2045570548938358, 0.6867577474969958, 0.5123551996612586, 0.5120657779269406, 0.9824277924809786, 0.2806663101092195, 0.17959994484621414, 0.5135161652157842, 0.5130061301937444, 0.7699319875360097, 0.006965312554515382, 0.5454628649305074, 0.44007066324270233, 0.5353559588945691, 0.3678541520585742, 0.9938281837522817, 0.4275105427930007, 0.5488058896993729, -0.09626031155263183, 0.5614675564276549, 0.5442752976227665, 0.5614675564276549, 0.8981200395883344, 0.39178954309423375, 0.9042896988191501, 0.8694524490883256, 0.6508422587702086, 0.20145624685886512, -0.003400670434022279, 0.06064474863659204, 0.4136035207370704, -0.06671458950795213, 0.5057072846010855, 0.4368019611714152, -0.07922723928465833, 0.6748766381257402, 0.6339028238960729, 0.46391607534789264, 0.64008100620501, 0.7080666640258614, 0.64008100620501, 0.3081686532763889, 0.5336410407864921, 0.6379496129591402, 0.5336410407864921, 0.5428416747207591, 0.615825959316711, 0.6545479675431407, 0.7296498563958889, 0.6545479675431407, 0.18691144814459307, -0.08231306716088581, 0.2058203743513566, 0.1558543998395336, 0.20498931421636638, 0.26440515710416207, 0.38827194571083706, 0.26440515710416207, -0.17007419323631826, 0.4184474382931302, 0.7976914529026935, 0.5054625516686228, 0.7247836561457656, 0.10212658664073035, 0.48821844752191645, 0.4894663737857393, 0.48821844752191645, 0.6207895323582349, 0.6207895323582349, -0.29547055778974723, 0.7138340653371942, -0.23220848120414472, -0.5212768750797044, -0.37986091205685346, -0.38304541660918695, -0.3861049884908392, 0.0015085985168767687, 0.025854249453109223, -0.248507631922323, -0.5044447595958886, -0.1301818748533386, -0.21357486046525956, -0.20136654085916916, -0.037085895520921675, -0.04032050247352329, -0.4396927725642543, 0.020550758342307626, -0.21162788476589636, -0.47518018413579755, -0.10066310291749153, -0.3482569432800846, -0.22441947227494974, -0.3482569432800846, -0.4284170023574633, -0.49976168034637974, -0.49976168034637974, -0.23070297368914508, -0.23070297368914508, 0.3269221057582872, 0.12833553666453815, 0.2388322381005871, 0.485110159536579, 0.20647683202022274, -0.29483636710264954, -0.03887519701438063, 0.44475885421253003, 0.5608148818220722, 0.44475885421253003, -0.035263275463917845], [0.9996963525657208, 0.9991791309619301, 0.5505884166944609, 1.0, 0.9985878405014919, 0.9996963525657206, 0.9922362280701488, 0.988172415793342, 0.9932497317562953, 0.9704921054100388, 0.9864797157828917, 0.9922694276847408, -0.1420753754564039, 0.9923076457330943, 0.99235995216301, 0.9950515491664123, 0.4616913821151378, 0.9931554211934306, 0.9931537052481197, 0.9840513042584859, 0.9922606637438458, 0.4357978268869598, 0.6576772355276922, 0.9803128697278731, 0.9802891538517348, 0.968476643036053, 0.2914696541066407, -0.13314816657400427, 0.9896881041213832, 0.9896586039250679, 0.26147816890591447, -0.20995748665447042, 0.9944303571755388, 0.9956237426524226, 0.7643894982691202, -0.39892763256749525, 0.9908601025674001, 0.9956065324591885, 0.9947932022481402, 0.44395050038386596, 0.9919452991290633, 0.9945172386541835, 0.9919452991290633, 0.8897191397552018, 0.6635902634542304, 0.8716423633501372, 0.8777433373883332, 0.7736547130279507, 0.38757772251475864, -0.13095236565243742, 0.18636413365828786, 0.9408067156037987, 0.4601222990928189, 0.9730163624037613, 0.9685611574326869, 0.8874809156188109, 0.8968011944474301, 0.9157162899370409, 0.8999343670385342, 0.9075523383256875, 0.9088264983048377, 0.9075523383256875, 0.8280642777249164, 0.8904629789721955, 0.891815526022151, 0.8904629789721955, 0.8868075589459028, 0.6568509133880108, 0.8216014984353319, 0.8236104331482367, 0.8216014984353319, 0.6008333486227043, 0.09851272765129307, 0.5745437741405959, -0.6032065645841614, 0.47293360172088245, 0.2805248388104891, 0.5071831441343638, 0.2805248388104891, -0.10429517099368218, 0.8715868718110921, 0.8989956282231052, 0.8815000644592518, 0.8866208496455162, 0.4645459061204897, 0.8701260185867775, 0.871816451629226, 0.8701260185867775, 0.8638304036202418, 0.8638304036202418, -0.17332929330495722, 0.5650555791657528, 0.20257668255104844, -0.5524024159862259, -0.5654964150150865, -0.5688297998158091, -0.04053918031602514, 0.04176839479462033, 0.26034398296387984, 0.1417376616273398, -0.3704206274173835, 0.0590164628872443, -0.798195369157205, -0.20863491916813212, 0.10223816257876073, 0.10289531494275803, -0.5420246218763325, -0.6046706891362035, -0.2029384982024713, -0.49203945670267263, -0.8326545810362188, -0.3411469997959686, -0.3331460895351797, -0.3411469997959686, -0.18879924910605578, -0.25583169551219775, -0.25583169551219775, -0.8191993178170817, -0.8191993178170817, 0.38948619390917694, 0.6491887702634886, 0.8674672857361859, 0.8463317535710296, 0.7846904236806527, -0.24997749000253894, 0.7619318948810339, 0.8026860941448801, 0.8027543721006172, 0.8026860941448801, -0.21686408308831898], [0.9973945325756531, 0.9934405412606518, 0.4337228968948601, 0.9985878405014919, 1.0, 0.9973945325756531, 0.9966820162924286, 0.9946300287354239, 0.9968744967540214, 0.9597373949583554, 0.9951145893002759, 0.9967009759762978, -0.3564017040363839, 0.9967324071741662, 0.9967544285591509, 0.9978011642526582, 0.26974854468241816, 0.9972925406963815, 0.9972902090720901, 0.9858065334059685, 0.9966933652896465, 0.06439230547721277, 0.6143319679249313, 0.99023861250093, 0.9901929067686698, 0.9833759893703838, 0.03197322405175756, -0.11932781697123748, 0.9879772641885286, 0.9879170318621737, -0.06011560585396933, -0.10871113323482201, 0.9976826231638288, 0.9976234612432763, 0.7380686489286133, -0.5446699795050297, 0.9970312408007287, 0.9978642851668145, 0.9979632658973422, 0.24614681612669556, 0.9976448695909801, 0.9976463404036646, 0.9976448695909801, 0.9053638369801251, 0.624576213645871, 0.8947123520142904, 0.8812294524600198, 0.7386071917897943, -0.0952086179444376, -0.5768228075293184, -0.23843127876296233, 0.9258879812953867, 0.31664587201716166, 0.9663755541047873, 0.9664361634152678, 0.8802887477560786, 0.8730414383791658, 0.8997688679353782, 0.8840910397965621, 0.897747549492449, 0.8984169614303863, 0.897747549492449, 0.7964926514268784, 0.8299731197981253, 0.8316710001511229, 0.8299731197981253, 0.8728356705842413, 0.760807924354746, 0.852465119093723, 0.8538334654675555, 0.852465119093723, 0.5501422844368068, 0.4122139651118139, 0.5322551534671399, -0.6519586068672943, 0.527679145824127, 0.5045124899556137, 0.5046912459280047, 0.5045124899556137, -0.12435035671947736, 0.8493014946133745, 0.8661759082584272, 0.8521022423680065, 0.8908203513352827, 0.3247126860803854, 0.8509294260387485, 0.852626334635237, 0.8509294260387485, 0.8592700475483114, 0.8592700475483114, -0.2176401997993213, 0.6277554189240893, 0.05616536220645104, -0.5882763335400889, -0.6249260814567923, -0.6251399328301691, -0.07751402562144658, 0.06292653028255768, -0.13975825242239992, -0.1115157259704491, -0.46048267349243616, -0.31599853086033775, -0.8651070614281228, -0.5107484749791152, 0.06708231430824979, 0.06761067225427875, -0.5736646762214374, -0.5960391031567895, -0.5052261826235805, -0.5367129183289371, -0.8016577175650774, -0.5625906806415513, -0.5655245844246937, -0.5625906806415513, -0.23411948036516125, -0.2957269710563093, -0.2957269710563093, -0.7676498200079077, -0.7676498200079077, 0.3675557691600977, 0.6271144425991532, 0.8162641710525863, 0.790542860311977, 0.7713824372506567, -0.3908308347189704, 0.6109672806807506, 0.6933156098155403, 0.6934977239458923, 0.6933156098155403, 0.021190438395358294], [1.0, 0.9999822905244854, 0.5574187928776017, 0.9996963525657206, 0.9973945325756531, 1.0, 0.9905972321122051, 0.9860483625682083, 0.9912431111770368, 0.9727569479687461, 0.9812231315023584, 0.9906429121926529, -0.1374953279550373, 0.990709791025669, 0.9907696257002455, 0.9934536175186742, 0.47583425792014306, 0.9917486604863379, 0.9917468320442162, 0.983576394427659, 0.9906445866612235, 0.4446627526983191, 0.6544037288164388, 0.9772992910992155, 0.9772750463499442, 0.9572639205094603, 0.29660516751273375, -0.12565101622135894, 0.9898966930569589, 0.989856425764142, 0.2700836622105142, -0.20900507819819392, 0.99360288623362, 0.9944936992913747, 0.8059869885237142, -0.39298783995854214, 0.9870035079351516, 0.9942335607213889, 0.9941489789904955, 0.4584734292628261, 0.9937968682407758, 0.9937921581548645, 0.9937968682407758, 0.8911367436014268, 0.6764013705978585, 0.8629823694671891, 0.8818303949975217, 0.7968267577074957, 0.3931980422939608, -0.12480778299512585, 0.1930625678709403, 0.9466133084157065, 0.4763091991407661, 0.9773219898003281, 0.9713902430959942, 0.9124250267360826, 0.9062680157417182, 0.9311719718938272, 0.9052893283311095, 0.9278130002265926, 0.9287389154600102, 0.9278130002265926, 0.8384231931475865, 0.904403568482114, 0.9056284182261344, 0.904403568482114, 0.891507894886978, 0.7259681606576233, 0.8670811377425678, 0.8689756804338691, 0.8670811377425678, 0.6112472373021266, 0.3034747628274671, 0.5870203412338455, -0.5978892878516096, 0.47986831137351477, 0.5378105962471545, 0.5396535300099727, 0.5378105962471545, -0.09726432794271994, 0.878713399216864, 0.910402736621204, 0.8921108645594646, 0.9140617047692859, 0.4778078050922234, 0.8762068713904735, 0.8777075932516923, 0.8762068713904735, 0.8867711916321325, 0.8867711916321325, -0.16679058038829034, 0.5363068193775576, 0.1978485771092771, -0.5413600792438898, -0.5574367753398136, -0.5608559739399951, -0.027666407921406393, 0.047590282332367666, 0.2676776125705659, 0.15465091771799774, -0.35716272697152157, 0.0658329127522042, -0.7911416363000817, -0.20042271921886193, 0.113791356933577, 0.11438726396489225, -0.5342620345571301, -0.6077485237678372, -0.20098949170388405, -0.4791836936406581, -0.8299997665399317, -0.3391409839613888, -0.33057702806023176, -0.3391409839613888, -0.17898314061202014, -0.2452757039681912, -0.2452757039681912, -0.818744979138522, -0.818744979138522, 0.40421465569448023, 0.6613661360236751, 0.8749957178884575, 0.8538014470163521, 0.7920387321620008, -0.2360454537424769, 0.7707810557862487, 0.8112250814887632, 0.8112883044719469, 0.8112250814887632, -0.23228392020432131], [0.9905972321122051, 0.9769611745125542, 0.5468881307282571, 0.9922362280701488, 0.9966820162924286, 0.9905972321122051, 1.0, 0.9971427749388413, 0.9999674809832346, 0.9504059964678846, 0.9995743405758758, 0.9999960869263348, -0.15562731467804297, 0.9999922843442237, 0.999920758756252, 0.9940530992557924, 0.4110055710923291, 0.9998328429067114, 0.9998332302708957, 0.9883108488144354, 0.999996297982117, 0.34094362428269537, 0.6588266754652181, 0.984042962936742, 0.9841375650910239, 0.984842487043711, 0.21201091213880463, -0.19281338138062548, 0.9923023268636749, 0.9920148849998807, 0.16009464204069726, -0.2607599699387721, 0.9992880704591784, 0.9993775911627865, 0.34020810510449523, -0.3303456143680717, 0.9986288993412314, 0.9992800438438543, 0.9982277642094806, 0.3916934127553877, 0.9299943196452147, 0.9990145980785262, 0.9299943196452147, 0.9137334860625738, 0.6270666245987951, 0.9182686351150248, 0.8903013178442434, 0.6900613256949377, 0.41733412547982845, -0.0742531019190335, -0.21181193856651936, 0.9239872596007412, 0.417462821257885, 0.9685396692633094, 0.9611842128702703, -0.08954723368673208, 0.8208875102264487, 0.7971098327837443, 0.8439764009145392, 0.7901532534442196, 0.759013085525565, 0.7901532534442196, 0.7510979474118157, 0.7583194251968202, 0.7583443545720004, 0.7583194251968202, 0.8299596076202462, 0.29722172474646147, 0.5155470253650133, 0.6018923157069783, 0.5155470253650133, 0.5170315306840949, -0.36358832053744566, 0.4768985609195261, -0.6668292226553273, 0.39272113385458696, -0.1330412254344336, 0.3615923144285397, -0.1330412254344336, -0.14928648140376236, 0.8052561641668814, 0.8122824411620995, 0.8025917868198426, 0.7311337685316914, 0.41252629681686065, 0.8090341739994545, 0.8114395291873127, 0.8090341739994545, 0.7159959693942465, 0.7159959693942465, -0.25509106681531185, 0.6801490168972018, 0.25520919995354036, -0.572661305855424, -0.6094803627722942, -0.6123699860842564, -0.0937322132025725, -0.011319020784567164, 0.3621745247605638, 0.10163652727911737, -0.39976516768992526, 0.10855267186440273, -0.825933382209114, -0.11341503950232087, 0.02923776983264946, 0.030032316292865523, -0.5889634239663225, -0.6103062875570653, -0.04357451601375568, -0.5746902130431609, -0.8450530159921473, -0.33839356240843543, -0.1644629834868045, -0.33839356240843543, -0.27053122296817955, -0.3072973107107169, -0.3072973107107169, -0.8389034605821861, -0.8389034605821861, 0.36413372366758634, 0.6033728432212714, 0.49588697766107614, 0.8084314679882626, 0.7602025515920903, -0.3096793793467992, 0.05926557577900313, 0.7659157803993447, 0.7844021999194312, 0.7659157803993447, -0.14010933997768546], [0.9860483625682083, 0.9675346316283915, 0.534764622937799, 0.988172415793342, 0.9946300287354239, 0.9860483625682083, 0.9971427749388413, 1.0, 0.9994547908303668, 0.9417856319844135, 0.9982055068865611, 0.99795208837328, -0.16530280337158132, 0.9989853522142806, 0.9986847315673497, 0.9865842276982244, 0.3889081979225572, 0.9990387722352566, 0.9990419239984841, 0.9853324347767168, 0.9991518561520342, 0.31326682094614167, 0.6577442412177387, 0.9917301774073529, 0.9817459963721645, 0.9801694693914318, 0.19166411508588949, -0.2081973722763241, 0.9885985927278866, 0.992014169783431, 0.13915425556351932, -0.2680401232053565, 0.998115227478369, 0.9980060637948578, 0.3187381701607707, -0.3380694947415743, 0.9959290237893513, 0.9978200519442423, 0.9975661466047472, 0.3690888355039318, 0.9208875205356374, 0.9979519275245816, 0.9208875205356374, 0.911175136819607, 0.6109946890143175, 0.9188728383672227, 0.8859512205044475, 0.6616468166473813, 0.4036749934757267, -0.09030520760130385, -0.22583173254581254, 0.9145270143955572, 0.39616739375718946, 0.963680568301152, 0.9554455544009519, -0.10083446833943924, 0.805096522283854, 0.7778120941134593, 0.8331334870591177, 0.7720947314505267, 0.7450512890774652, 0.7720947314505267, 0.735451348859426, 0.7364840973043021, 0.743199815338831, 0.7364840973043021, 0.8193791328186454, 0.2746725996867058, 0.49160570464291925, 0.5831719933373422, 0.49160570464291925, 0.5010802779690952, -0.37996596040487485, 0.4590283896741437, -0.6764804835824547, 0.38229947478642473, -0.15743810040170086, 0.34269653215247653, -0.15743810040170086, -0.15679788804231104, 0.7925384631424786, 0.7916637033108287, 0.7858487268957021, 0.7144665475077869, 0.3951497190148619, 0.7969952428405158, 0.7996665444916718, 0.7969952428405158, 0.6948998229301526, 0.6948998229301526, -0.2727467639244719, 0.7116634154596462, 0.2635256507154322, -0.5829139175853216, -0.62403240949587, -0.6267373899111348, -0.10981456891100988, -0.020545142865325453, 0.3552872815661537, 0.0817062087718789, -0.41377840740314603, 0.0991298332539605, -0.8333479640334928, -0.12004500507205705, 0.011864585435956627, 0.012697290924198537, -0.6022367307407485, -0.6118128803378073, -0.05056492172393754, -0.5942625858989469, -0.845745958369162, -0.3508453889745445, -0.1708528936069447, -0.3508453889745445, -0.29031298604287903, -0.3226189128189267, -0.3226189128189267, -0.8379723082331644, -0.8379723082331644, 0.33939697679952385, 0.584682997149113, 0.47579807489169396, 0.7897070779872188, 0.7463134323709067, -0.33354965807443665, 0.044092606573049385, 0.7459007795387911, 0.7680951290954544, 0.7459007795387911, -0.12175265847892226], [0.9912431111770368, 0.9767321339520819, 0.44153765321471083, 0.9932497317562953, 0.9968744967540214, 0.9912431111770368, 0.9999674809832346, 0.9994547908303668, 1.0, 0.9491388738675655, 0.9995184220692708, 0.9999684218308333, -0.33002923753537416, 0.999973028170397, 0.9999333528092748, 0.9980945039237241, 0.3051141619288846, 0.9997727504086503, 0.9997733686463189, 0.9881041473098194, 0.9999654496680818, 0.11335479919282865, 0.6141260923904409, 0.993992961518114, 0.9939360529966069, 0.9846846160076465, 0.01585449769242614, -0.13250224009322317, 0.9908240701576473, 0.9907906397222328, -0.040823759877626355, -0.22145406253242328, 0.9993057962111136, 0.9992651355282299, 0.7515679563601487, -0.5328335510066323, 0.9985351544578688, 0.9992604501791166, 0.9991619247027389, 0.28223378101319674, 0.999146479742041, 0.9991519151747387, 0.999146479742041, 0.9135462664016009, 0.6281299489386813, 0.9179450862946258, 0.8896719006764588, 0.6893616810677158, 0.012389198368202223, -0.5221602317690393, -0.1872292992664586, 0.9191267015577703, 0.3661589268418414, 0.962435520446299, 0.9614565951950552, 0.8513332476448185, 0.822105143940581, 0.8717231837973639, 0.8450804587215432, 0.8697657795412694, 0.8705388764764223, 0.8697657795412694, 0.7504837113147729, 0.8111892383704377, 0.8129281375756819, 0.8111892383704377, 0.8316935330915513, 0.7203953260473168, 0.8208130440102671, 0.822348615040155, 0.8208130440102671, 0.5160731683763925, 0.3357784385582271, 0.4763916034651216, -0.6977970081021985, 0.45294097710320574, 0.41629717313137793, 0.41628909498702393, 0.41629717313137793, -0.10513383050425568, 0.8059979836881204, 0.8119940755743709, 0.8027171486543622, 0.8622385945727492, 0.3393360539641603, 0.8155318654453914, 0.8180128950024996, 0.8155318654453914, 0.8238427423778244, 0.8238427423778244, -0.2574670684348646, 0.6811203686645754, 0.0809246088993354, -0.5860839657496586, -0.6518304376530709, -0.6526897315075438, -0.09742992609310393, -0.008654215518952417, -0.14777754878501406, -0.08366483627098623, -0.4507894082430404, -0.34770568126363544, -0.8789393510929104, -0.5503876826715239, 0.028279629062367466, 0.02904129547722974, -0.5909408390590625, -0.6062407013908769, -0.5154616072659173, -0.5769332177686206, -0.8210826998969257, -0.5870072044760686, -0.5890227242504764, -0.5870072044760686, -0.2733118942144495, -0.31154941156925703, -0.31154941156925703, -0.8009527200550918, -0.8009527200550918, 0.36466890792113643, 0.6020034512606276, 0.8236207278950322, 0.8020824827535513, 0.7585179185713258, -0.3393625643069983, 0.6438724784274991, 0.7136222221073215, 0.713785893759513, 0.7136222221073215, 0.10507875680728382], [0.9727569479687461, 0.9570107387305615, 0.38003050705331676, 0.9704921054100388, 0.9597373949583554, 0.9727569479687461, 0.9504059964678846, 0.9417856319844135, 0.9491388738675655, 1.0, 0.9211284126455215, 0.9504436971314988, -0.27365590278705404, 0.9500904445603366, 0.9493586768561177, 0.9512432054693152, 0.11696648233373985, 0.9562343979986839, 0.9562090924847851, 0.9505890135292898, 0.9505798108794478, 0.041066225677087634, 0.6649964979876932, 0.9524159597495182, 0.9526348510914215, 0.8149732612837929, 0.1151911965087305, -0.11434245412096503, 0.959034928583633, 0.9591721213842774, 0.10155122858533572, 0.04737740884694722, 0.9606475176977283, 0.9609317774053989, 0.8487310015509131, -0.46003495156809804, 0.9333729158102944, 0.9598152991196064, 0.9613078495536522, 0.09403684303629938, 0.9620583669910974, 0.9620209826860038, 0.9620583669910974, 0.7804721491439783, 0.4241790637922787, 0.7355006193241225, 0.8584310156214865, 0.8351089241208473, -0.5537536329058572, -0.6852463557079016, -0.30891333634567375, 0.8669742471959611, 0.08700634401174893, 0.900222743417549, 0.900269173565259, 0.8557754881502015, 0.8489806177275322, 0.8821420947134524, 0.8589602916224464, 0.873860992716735, 0.874721078707515, 0.873860992716735, 0.7971763040403379, 0.7752721704071358, 0.7774180131489768, 0.7752721704071358, 0.8508238663498685, 0.8716057842282473, 0.84893127516095, 0.8497497543687175, 0.84893127516095, 0.6176817782723709, 0.5373918007233923, 0.6189890366325093, -0.4206092017521139, 0.6392732701728338, 0.6608015913681188, 0.6639428659117396, 0.6608015913681188, -0.26095445188898114, 0.8558350110521684, 0.9177584293634742, 0.8743177691435425, 0.8726687677229353, 0.2180061984609791, 0.8476428372468265, 0.849034503503364, 0.8476428372468265, 0.859753713617918, 0.859753713617918, 0.01067218447565627, 0.26905083156865656, -0.08642950198069459, -0.49073725230774856, -0.3944677332224777, -0.39643382615179756, 0.07236947803735523, 0.38203606576570576, 0.10694192925149379, -0.015266219642561548, -0.33396779903521695, 0.01524376805129167, -0.8125103322666956, -0.14659780825062596, 0.27128078379848425, 0.2702110065276047, -0.3518740115781681, -0.4383313724535669, -0.3056669441433274, -0.31034946269611907, -0.6868834005454871, -0.3272316348212451, -0.3291582346248427, -0.3272316348212451, -0.05928065902150975, -0.3442371560474702, -0.3442371560474702, -0.5378605599581445, -0.5378605599581445, 0.576712738545021, 0.674824380273701, 0.7607595180461583, 0.6700574155304329, 0.8394322789579316, -0.4365221844998742, 0.3889328970008455, 0.5658325049306938, 0.5661218358072094, 0.5658325049306938, -0.22535735206795493], [0.9812231315023584, 0.9789824275697893, 0.996583965913256, 0.9864797157828917, 0.9951145893002759, 0.9812231315023584, 0.9995743405758758, 0.9982055068865611, 0.9995184220692708, 0.9211284126455215, 1.0, 0.9995711589633189, 0.9995674941213655, 0.9995197480901469, 0.9995566154515495, 0.9985006738716885, -0.3596027386867196, 0.9997237160059447, 0.9997278715170457, 0.9995792765830478, 0.9995791333472146, -0.2826791498122772, 0.9600885381862073, 0.9921055245020927, 0.9920778959149947, 0.9880962917255505, -0.010957363521928545, 0.07121907633689802, 0.9892201599355777, 0.9892818634759488, 0.9712285673678608, -0.0022478642161205013, 0.9986669064214988, 0.998611356467789, 0.998404620697399, 0.9992310178002904, 0.9991697891240414, 0.9986577929957207, 0.998431673634354, -0.37034552490010314, 0.9983471085217358, 0.9983585832709135, 0.9983471085217358, 0.9072810768054506, 0.4900063476020207, 0.9135999068846331, 0.8877370408170355, 0.6910917993964515, -0.5435551270703468, -0.6635883700666171, 0.7975050554153411, 0.8069177469886482, -0.27861520266148115, 0.9211996718807157, 0.9213897702782621, 0.846633238254567, 0.8568390292905423, 0.8219486947333746, 0.8247766651309831, 0.8314897202873981, 0.8324776230511167, 0.8314897202873981, 0.6491050036353341, 0.6028564843909195, 0.605458603815763, 0.6028564843909195, 0.8580814893184671, 0.8676176964340341, 0.8564064429487296, 0.8579570153450466, 0.8564064429487296, 0.29350466555245075, 0.22501064593058126, 0.3539788452065675, 0.47758615857165587, 0.3451690866030642, 0.39623233674874714, 0.3988320019469736, 0.39623233674874714, -0.4127042296656966, 0.7636353838312153, 0.8164962757134969, 0.795434702738365, 0.8557922338509834, -0.10667527209461818, 0.75596582198349, 0.7565087356643811, 0.75596582198349, 0.7710736050026006, 0.7710736050026006, -0.3196111248195983, 0.6721201496878119, -0.4023307638055509, -0.677341998241325, -0.547693985006776, -0.5499950640161791, -0.35910229888369466, 0.14452294944740504, -0.2683079248224887, -0.43321454435926593, -0.6192573008050465, -0.3431095993411196, -0.62683936730377, -0.40871839699988377, 0.014517270654246885, 0.01041867492619276, -0.5624897964847875, -0.5267584827580782, -0.5451552886740928, -0.5792209514748622, -0.5735898263173776, -0.5486560423683499, -0.5515568151840284, -0.5486560423683499, -0.4407653663584823, -0.6020112370649036, -0.6020112370649036, -0.6054199247772247, -0.6054199247772247, 0.35980374821904265, 0.3593786724788865, 0.47023769402140486, 0.5550268266441095, 0.5533197127583747, -0.5475940413076809, 0.3012687537294, 0.3207511573261879, 0.3209330990577539, 0.3207511573261879, 0.23624786642073212], [0.9906429121926529, 0.9770112175518465, 0.546902381566116, 0.9922694276847408, 0.9967009759762978, 0.9906429121926529, 0.9999960869263348, 0.99795208837328, 0.9999684218308333, 0.9504436971314988, 0.9995711589633189, 1.0, -0.15529028201051803, 0.9999942115744579, 0.9999259213381867, 0.9948798803063433, 0.4111078816556594, 0.9998343234629274, 0.9998346828860851, 0.9883568559991336, 0.9999969567659611, 0.3412826389065923, 0.6588959714040669, 0.9895448105298233, 0.9841255493967007, 0.9848220790482959, 0.21229423864255043, -0.19276079305897817, 0.992300962072754, 0.9920287698320731, 0.1603433055018554, -0.2607334128637437, 0.9992906657035643, 0.9993826120839773, 0.34017648062170647, -0.33012347268790954, 0.9986311676905948, 0.9992892258880229, 0.998232021546815, 0.39180282537642397, 0.9299757955287814, 0.999017905463774, 0.9299757955287814, 0.9137764822344948, 0.6272372399091054, 0.9185245541655148, 0.8905485476258904, 0.6902301402377151, 0.417751722118047, -0.0737743247624096, -0.21142512877134934, 0.9240795936416911, 0.41756631887225226, 0.9686416593041629, 0.961261849297552, -0.08934811203930665, 0.8210475210599758, 0.7972212346905169, 0.8440955904237317, 0.790262027323394, 0.7589495812692779, 0.790262027323394, 0.7511713797422708, 0.7583825216207667, 0.7582756781179208, 0.7583825216207667, 0.8301214890557256, 0.2970823063029758, 0.5155548814447536, 0.6017962768050564, 0.5155548814447536, 0.5169654826858128, -0.3636120452431895, 0.4768447022278085, -0.6667217686010584, 0.3925940520503889, -0.1331785467385987, 0.3616321010662107, -0.1331785467385987, -0.1494409818524205, 0.8053260156235267, 0.8124229184150825, 0.802687776879345, 0.7311245054206943, 0.4126383669490048, 0.8091194236122644, 0.8115199519766428, 0.8091194236122644, 0.7160757124314974, 0.7160757124314974, -0.25508611727816133, 0.6801560898957607, 0.25533205717544083, -0.572653512320158, -0.6093930877248755, -0.6122886278246394, -0.0938105322452149, -0.011480634152905114, 0.36235702322239544, 0.10167386018689485, -0.39978545529888915, 0.10882817384513391, -0.8256516496432297, -0.11310678672964795, 0.02926929463183898, 0.030080503411837153, -0.5889519503742203, -0.6101254348088534, -0.04330846848695681, -0.5746722626565892, -0.8449415453144287, -0.33815036773064916, -0.1642414452285666, -0.33815036773064916, -0.2703833249630459, -0.30725112604799265, -0.30725112604799265, -0.8388503303163273, -0.8388503303163273, 0.3646759564871131, 0.6035425320100689, 0.49615004349379, 0.8087074106935717, 0.7603081554640773, -0.30943721014579956, 0.05956317284675626, 0.7661828370106781, 0.7845293524510931, 0.7661828370106781, -0.14013618098716205], [-0.1374953279550373, 0.9769689465445902, 0.5174593630223627, -0.1420753754564039, -0.3564017040363839, -0.1374953279550373, -0.15562731467804297, -0.16530280337158132, -0.33002923753537416, -0.27365590278705404, 0.9995674941213655, -0.15529028201051803, 1.0, -0.15465380275494836, -0.15051424134051497, -0.12619534333797028, -0.2917615682816675, -0.15611874572954265, -0.15613617963411477, -0.27901724365283787, -0.1557194921296098, 0.02424083735342915, 0.3088882298496736, -0.19051438952570257, -0.1908531565834868, 0.9848001609364546, 0.2463929548714559, 0.18627148886004244, -0.19084363982756067, -0.19146426726890386, 0.5366069507053991, 0.12040359655572358, -0.15312618959744767, -0.3149735391761349, 0.16461896736089301, 0.96092608591459, 0.9986291022293293, -0.34689153776632353, -0.14780456186443866, -0.2815920359895218, -0.15348661986626483, -0.1538607513600414, -0.15348661986626483, 0.9138512576183363, -0.1190296831468309, 0.9184906020019616, 0.8904837322056331, 0.6902117977486877, 0.08393538594674883, 0.2565500009806755, 0.6445947855993762, -0.2709509139091345, -0.2962176655243645, -0.06947036239399235, -0.3070636986153227, 0.025427055341979143, 0.2624377534566319, -0.024116793443281465, -0.3141797707251514, -0.022056930394090672, -0.011568479763025719, -0.022056930394090672, -0.42263430745192854, -0.10961563879917768, -0.11146057360305157, -0.10961563879917768, -0.21285316694722012, 0.06887723801541719, 0.044712311342174516, 0.04491709387913829, 0.044712311342174516, -0.41514046867836707, 0.007147903631881271, -0.3790002372432187, 0.6231991831479695, -0.3480221305397061, 0.008214697215587232, -0.06183720644750388, 0.008214697215587232, -0.30602913210693544, -0.34864838351814526, 0.8124024689486644, -0.13184412422581088, 0.012071139643064872, -0.21820256956386527, -0.2694122612519249, -0.2682782384189452, -0.2694122612519249, -0.030139009418426937, -0.030139009418426937, -0.23357544467791994, 0.6800793025544297, -0.1625017702710201, -0.011922681789835137, 0.20091279502795423, 0.19969509370836125, -0.25067916302676285, -0.010676724973034193, 0.02015755840450563, -0.1722834337330674, -0.10783608648657503, 0.043024568746893345, 0.38976272501392767, 0.11637974991100658, -0.04173389035524101, -0.04558463291770167, 0.08874953350125778, 0.5730694322647648, 0.09461332238064718, -0.1868670071614528, 0.6178141563954266, 0.09946357765570078, 0.1070517375790866, 0.09946357765570078, -0.23677699024643378, -0.1951274215815825, -0.1951274215815825, 0.3268392119366408, 0.3268392119366408, 0.36478661270473395, -0.2543204766396572, 0.01543543213044165, 0.08961161927076401, -0.2530117322740791, 0.07541929450808704, 0.15281684439484333, 0.10372212087743228, 0.10374811989741438, 0.10372212087743228, 0.12733750217881654], [0.990709791025669, 0.976776945312642, 0.5472504865632126, 0.9923076457330943, 0.9967324071741662, 0.990709791025669, 0.9999922843442237, 0.9989853522142806, 0.999973028170397, 0.9500904445603366, 0.9995197480901469, 0.9999942115744579, -0.15465380275494836, 1.0, 0.999937698185685, 0.997462823098712, 0.41123197712235493, 0.999837451736299, 0.9998377191226684, 0.9885226098221355, 0.9999942329780238, 0.34198405852220076, 0.6587304440392513, 0.9930999940624597, 0.992984685136479, 0.9846928792308584, 0.2125917884576568, -0.1928080654996442, 0.9930450387428493, 0.9930918100225486, 0.16115549203755727, -0.2605608291233939, 0.9993420001720515, 0.9993819005832354, 0.33909090546062126, -0.3292429750230281, 0.9985661656607479, 0.9992926603202845, 0.9985413466068489, 0.39195276756610986, 0.9294449538489655, 0.9990751048229298, 0.9294449538489655, 0.9140673632916628, 0.6279962836967972, 0.9189023937174589, 0.8909305270571364, 0.6899057557890582, 0.4191904136301905, -0.07212362746963379, -0.21163052482583508, 0.9244927126677146, 0.41786808449006113, 0.9690715142661831, 0.9616417917813728, -0.0903948644560641, 0.821325392298392, 0.7971392071550071, 0.8443609874345676, 0.7902221724165223, 0.7585541151095041, 0.7902221724165223, 0.7513662987220078, 0.758336220959966, 0.7587044188511493, 0.758336220959966, 0.8304778659669203, 0.29637925031934925, 0.5150227420143308, 0.6018309170859107, 0.5150227420143308, 0.51678648821883, -0.36481732014199303, 0.47673545712328824, -0.6668775518474288, 0.392183070826628, -0.13421444338650632, 0.36127283153780604, -0.13421444338650632, -0.1493829022512247, 0.8054607510371159, 0.8119860151711562, 0.8027764441840112, 0.7209809992999292, 0.4130443217815011, 0.809246232403156, 0.8116356331307055, 0.809246232403156, 0.7158755802269903, 0.7158755802269903, -0.25680668018679914, 0.6811102823987022, 0.25585418707747565, -0.5726255215625276, -0.6097917090775117, -0.6126925315388402, -0.09502511008261702, -0.012788697829738876, 0.3626636479261314, 0.10120571699796503, -0.40006158266398556, 0.10890443357485893, -0.8247465623591437, -0.1129473461429891, 0.028174918870221333, 0.02898241339712213, -0.5896182299524314, -0.6104430562079973, -0.04271170201101601, -0.5761040245016138, -0.8449284169385788, -0.33808547018992424, -0.16366815611712013, -0.33808547018992424, -0.27143355259475893, -0.307746286847827, -0.307746286847827, -0.8392076347208952, -0.8392076347208952, 0.3648504842994474, 0.603221943325426, 0.49558207194357096, 0.8091661619679414, 0.7597434752146163, -0.3089369553266231, 0.058866203423159374, 0.7665893258793407, 0.7851425044419788, 0.7665893258793407, -0.13980206423953126], [0.9907696257002455, 0.9760101412931629, 0.550140142755023, 0.99235995216301, 0.9967544285591509, 0.9907696257002455, 0.999920758756252, 0.9986847315673497, 0.9999333528092748, 0.9493586768561177, 0.9995566154515495, 0.9999259213381867, -0.15051424134051497, 0.999937698185685, 1.0, 0.997583666076973, 0.40896618614873265, 0.9997870437980557, 0.9997883043715586, 0.9884492910621456, 0.9999218497737512, 0.34283067567618125, 0.6609124633185829, 0.9924250725957882, 0.9834907505919059, 0.9847854905808604, 0.2142369406681419, -0.19168950946367297, 0.9921503366749183, 0.992160959428331, 0.1643887072827249, -0.2609590635817319, 0.9993437752749355, 0.9992274641873151, 0.3396351232496958, -0.3248990190451661, 0.9984708849371537, 0.99926146505987, 0.9985182587025792, 0.3897009190953586, 0.9284625679014692, 0.9990954856959423, 0.9284625679014692, 0.9123543118774142, 0.6280450338897277, 0.9172683555457358, 0.8890110590410191, 0.6869137478853226, 0.41962858337033054, -0.07069781515017481, -0.21223595451797636, 0.9237387090482955, 0.41505366108706776, 0.9693476248992323, 0.9611309304203388, -0.09297032669049152, 0.8205635739751088, 0.7976759144466471, 0.8444544697648515, 0.7907687683869856, 0.760796841500038, 0.7907687683869856, 0.7499137783016089, 0.7579614329925779, 0.7598061622711574, 0.7579614329925779, 0.8309912515106566, 0.2970249719991122, 0.5152566567915676, 0.6032492228003358, 0.5152566567915676, 0.5155117457202067, -0.36709148785311063, 0.4754864597643963, -0.6642951302944557, 0.3912318503903753, -0.13508856270456437, 0.3615614556177603, -0.13508856270456437, -0.1530189900053791, 0.8052957948456503, 0.8109263016270496, 0.8019932502488304, 0.7330792076184243, 0.4117032284165166, 0.8091777396338586, 0.8115233784497454, 0.8091777396338586, 0.7163403609270447, 0.7163403609270447, -0.257276717057154, 0.6834380129765208, 0.2557915149540836, -0.5748277544278253, -0.6098174323070471, -0.6127435604761972, -0.097160307154364, -0.013825104648421033, 0.3634953863900164, 0.09956865623835114, -0.4027183555253196, 0.10977879290433847, -0.8232773807305042, -0.1116026351156034, 0.027725848451978945, 0.028477979117165618, -0.590938164802294, -0.6054621469907681, -0.04166657590781388, -0.577063305374278, -0.8426615375924944, -0.3378763236857058, -0.1623402957595415, -0.3378763236857058, -0.2719485444945086, -0.3111765238845776, -0.3111765238845776, -0.8369277390453939, -0.8369277390453939, 0.3622429461382248, 0.6007480210713103, 0.4937200090520025, 0.809791151077505, 0.7579277978386969, -0.3105804462943388, 0.05680677549231662, 0.7671204524345636, 0.7864459852088107, 0.7671204524345636, -0.13916543061269357], [0.9934536175186742, 0.9848634158472823, 0.5868315110636044, 0.9950515491664123, 0.9978011642526582, 0.9934536175186742, 0.9940530992557924, 0.9865842276982244, 0.9980945039237241, 0.9512432054693152, 0.9985006738716885, 0.9948798803063433, -0.12619534333797028, 0.997462823098712, 0.9975836660769