var element=document.getElementById("correlationAdjClose");if(element.style.display!='none'){var correlationAdjClose={"data":[{"type":"heatmap","z":[[1.0,0.9999936730938661,0.9854774128624397,0.9999273681342544,0.9991134147315907,0.9852474353371315,0.9979065620819717,0.996095611814916,0.9693090237382486,0.9964196051731272,0.9945645538491675,0.994156672107348,0.9962132615127118,0.9962475060941539,0.9961409826443268,0.9976624991070443,0.9979104010743828,0.9984042533328616,0.9967318044522018,0.9967414016240578,0.9967947624239674,0.9961698213430128,0.9873168427236837,0.9713700931482528,0.9899401958482549,0.9566127973862115,0.9889465502428256,0.9879662914427162,0.9680407986630045,0.9523824321179473,0.992926225090344,0.9941134603828458,0.9924291903251544,0.9773117931153756,0.9978100620641522,0.9980349434691185,0.9975753304879544,0.9962674437502357,0.9959141724736631,0.9979276566633517,0.9987826752670625,0.9988299018793653,0.9977697191169465,0.9977775507477742,0.9767807211602311,0.9147357922493693,0.9497091681159349,0.9238853357151746,0.9251397503843918,0.9036693820464861,0.9633405310696643,0.948229135944211,0.9650524348401862,0.9659418041107767,0.9557020415237999,0.9844020965190322,0.9815653118951352,0.9905166316852251,0.9944795499834352,0.9868495973333482,0.9826578141950223,0.9883171940708352,0.9865086241880051,0.9888687357294952,0.9886875450785383,0.9646266557490948,0.9748255907456742,0.9759506880320621,0.975632008697208,0.953277525791187,0.9807275540384355,0.9779131668875917,0.9850977463823292,0.9843867570960669,0.9428413417514844,0.8884155169654547,0.8555108644332193,0.9044039618640386,0.9217899317394985,0.9190504213821463,0.9197045240722114,0.9183742658753175,0.6943088545041776,-0.5599448282003027,0.981067647332712,0.9764945037284668,0.9732017712330713,0.9875613205689291,0.9750123729433174,0.98476617907887,0.9847465625871172,0.9499675800353662,0.9848973988099999,0.9529491247569184,0.7706796557505552,0.9061171025393014,0.9284642711803367,0.7998983045379858,0.9508878122347044,0.9516704403892079,0.9001286029557963,0.9652072421125827,0.895977804944136,0.6027527345438037,0.721708176641848,0.9029176377479974,0.8706886590560621,0.8940336391617567,0.9741588275029636,0.9743314393083883,0.7828740794372571,0.7367394937760767,0.8251243231106321,0.4189217042845213,0.802868388095143,0.8293914059544709,0.8246017844038515,0.8160702283370619,0.7796506544245745,0.7513370684482862,0.7341587919078598,-0.2731939607357992,-0.4125271522188239,0.6615224341961607,0.8922426839383634,0.9352103242905594,0.9426800393722955,0.9084291886596245,0.8260915340674455,0.9100514566119053,0.9286336993901505,0.9284416265925154,0.8626797258624315,-0.16951874670352512],[0.9999936730938661,1.0,0.9879192217886928,0.9998306983651172,0.9982461400404811,0.9900424356152328,0.9946115027811647,0.9916808866732642,0.9846961307112243,0.991698381308006,0.9917078756202051,0.9934660221308039,0.991833640575275,0.9916990266454243,0.991760999424482,0.9939967887557603,0.9966172728965826,0.9962545947103395,0.9941973071854068,0.99418971176815,0.9917545945728269,0.9917905012027723,0.991688481655868,0.9734686675313456,0.9885548926999177,0.9817769507601218,0.9884462073581767,0.9878951723557949,0.9805835739573494,0.9330277052212418,0.9889974092724517,0.9865750488723539,0.980132597344269,0.9316051056593944,0.9956933897035681,0.9955896469725051,0.9958214553134519,0.9922519104136045,0.9953115941426784,0.9958264077844092,0.9971205746541107,0.9972600040064208,0.9958076649263085,0.9958050518150379,0.9896649283835801,0.9144639535542366,0.8878910080978741,0.9235970579354194,0.9250713419506098,0.903646184369931,0.8779619335994755,0.9227116969028776,0.8806831278437527,0.9098448491683959,0.8775294249860855,0.9544778299421198,0.9543769166126194,0.9681547953869174,0.9844668572811834,0.9820443302683997,0.9844641373133887,0.980104176894662,0.9802845422220173,0.981955891223876,0.9818886384253308,0.9507402877796711,0.9613578454736241,0.9382417901027725,0.9381664932179501,0.8691672898845602,0.9786602960509863,0.9802521433983035,0.980439914641201,0.9800413425120115,0.9514889557721333,0.7600157793421971,0.7158176159815369,0.8261526455150812,0.89189654452703,0.8431627968775199,0.8680612057081247,0.8667600212163665,0.717312869585392,-0.2217376565588489,0.9696354291662943,0.9739312568112866,0.969448546280662,0.9826436623552056,0.9673817215264263,0.9727852599417836,0.9721717051083156,0.9301179065927583,0.9747190182979226,0.9334452254400893,0.6844886129178127,0.9055211737994097,0.9033782380501969,0.4830825112534578,0.8230067354331059,0.8277979210141709,0.7374290874092003,0.966295342954137,0.7101368767786632,-0.2894624308785528,0.2118204827853942,0.7375022419503721,0.6859465326127261,0.7299519064893774,0.9678324449557819,0.9677883931057263,0.12753433229290465,0.2991426944594413,0.13388211316146592,0.10601593403072336,0.12760801478455305,0.14241690280699087,0.1392396371032992,0.06068699740960297,0.4943364875903986,0.2251913265103871,0.1743967561202568,-0.4411024192044251,-0.4854357606621345,0.6619332962694701,0.7500441022781782,0.7742685996428847,0.8348824380481806,0.8189716559685655,0.567218047664527,0.7510074371328544,0.7687489818813104,0.767063657465776,0.4186256664042917,0.20603328644795124],[0.9854774128624397,0.9879192217886928,1.0,0.9868968132080093,0.9931129581365373,0.9914924196367363,0.9899653979249525,0.990608863419668,0.9906316736724395,0.9933328103142164,0.9973373441185416,0.9964773887290451,0.9904772446584521,0.9927117637704511,0.9906673226704508,0.9900856905541436,0.9908570130981038,0.9902028823442188,0.9893205324168937,0.9892889304219401,0.9921924824502829,0.9904921622459945,0.9946654947374616,0.9835808894591943,0.991260307151771,0.9805464162975472,0.9918096386636822,0.98686860407238,0.9859241201064222,0.9583325945672171,0.9698167501538717,0.9739739853277324,0.9764359608815633,0.9529816776840393,0.987252815190873,0.9903399717079898,0.9887159414984006,0.9922946891816441,0.9947683936568422,0.9911281786834405,0.9851242456496002,0.9879126108185121,0.9875895391548636,0.9869603952320699,0.9920044990829961,0.9096893717845835,0.932555725819635,0.9376852577499595,0.9182052789706039,0.8578869801012817,0.9212579552274767,0.9031100559379923,0.9238714652199671,0.926778258046113,0.9118927391744153,0.9494766797443207,0.9578968551233666,0.9666395510499655,0.9779298612627723,0.9388525444450294,0.9636922096678243,0.9622913043123338,0.9692561444696753,0.9625537146391278,0.9369772472829316,0.9206477233437618,0.9444882502639562,0.9344782992567402,0.9158518183906046,0.8916897684999174,0.9696715297607034,0.9478735392521478,0.9621186776899142,0.941042042231225,0.822022907153751,0.8435455485488275,0.7615767432747624,0.8623193284564208,0.8909989364741481,0.8923155395474867,0.8593675275001406,0.8737832431225883,0.39333601576082217,-0.5501179907298942,0.9593269125203463,0.945797493302434,0.9454345315878767,0.9389283668788097,0.9537325257495672,0.9619492251435748,0.9615137914872155,0.9324945506889967,0.9571114740654205,0.8750346386587368,0.7530789680980406,0.9501482092871802,0.9495712858845173,0.7757152384557336,0.9372712555904466,0.9390033116594568,0.8724765496864713,0.9800960617317277,0.7761625305851461,0.506516169091016,0.6639857505490123,0.7970769347340052,0.7968955991317005,0.7782532713586466,0.9826024850292676,0.9826437293320148,0.7103081060386117,0.6811785744162,0.7108632558382999,0.3636334643922328,0.7017801183606853,0.7134596224386406,0.7268124802147272,0.7118776493869701,0.7401980815680409,0.6839824525175389,0.6655953817961959,-0.33654388575539407,-0.4755140694504172,0.6256646048127618,0.8523056494675854,0.8822643184453735,0.8874627128702558,0.8794080429540182,0.7572137657144444,0.8592912045121007,0.871202263759377,0.878662516473388,0.7335773577794548,-0.09145686262456992],[0.9999273681342544,0.9998306983651172,0.9868968132080093,1.0,0.9993624277728606,0.9864108639196254,0.9981571715837608,0.996531210026443,0.971599490814908,0.9968943667425243,0.9952707856826192,0.9950873085427803,0.9966306656936852,0.9967536808795,0.9965759868891888,0.9979428317486027,0.9982511566120108,0.9986689134672169,0.9971131374696676,0.9971200170166855,0.997198164542124,0.9965916738484222,0.9885380075154331,0.9728144304613786,0.9909215575106742,0.9592841191492438,0.9900364508925934,0.9894867603008602,0.9700818012150304,0.9536174698836267,0.9922418881945616,0.9936237269119166,0.9923543517584825,0.9768629683183709,0.9978986762719162,0.9982343261356643,0.9978085637702708,0.9967390182089643,0.9963794975247359,0.9981589818614459,0.9986812348606962,0.9989105919865194,0.9978539193120345,0.9978586083448815,0.9786533454844796,0.9107191855742156,0.9475197600805129,0.9244542055295981,0.9236590424758101,0.8966902942850675,0.9603524210111462,0.9448808900160007,0.9619711693412845,0.9633863573460772,0.9528306692651276,0.9822706960611552,0.9800040089280958,0.9896418731870082,0.9942859725043406,0.9854286086085586,0.9816016076151733,0.9870797709986383,0.9859344804767194,0.987552136937147,0.9873621281693835,0.9545592339706538,0.9736106768385322,0.9744659582671419,0.9741429839129245,0.9481098100370958,0.9803085789750293,0.9750791324124909,0.9836757054275609,0.9829272703277787,0.921994237098277,0.88691117263766,0.85165435705406,0.9027069449532463,0.9189778879928971,0.9185685827207128,0.9172763781345681,0.9159881594995924,0.6016480153844989,-0.559460677904882,0.9802666486577812,0.9753104303610756,0.9718070935191382,0.9861425433340495,0.9742889608703497,0.9840185474524508,0.9839911152307065,0.9496086734222111,0.983480503580952,0.9376576356505611,0.7747516120071611,0.9116892784625619,0.9325648656621778,0.8016545280345375,0.9522020616749326,0.9530132606670446,0.8996065333592929,0.9664618943957153,0.889748462273106,0.5989532043635218,0.7198634540940537,0.8973324940185171,0.8669475134128924,0.8881747107050739,0.9749989992727708,0.9751781893407072,0.781594178351628,0.7368873586016504,0.8170765755623308,0.42077136627604916,0.7969794145722091,0.8210653133603204,0.8162018501584077,0.8105628742520486,0.7819214873362841,0.7511031444224704,0.7340097500475259,-0.26860082041650146,-0.41180190475339273,0.6606602730003048,0.8901777161811538,0.9331848129390581,0.9407265732333312,0.9070021568734281,0.8231500227478323,0.9078959405463243,0.9262108226761097,0.9261714560919069,0.85522595320656,-0.16229808951028582],[0.9991134147315907,0.9982461400404811,0.9931129581365373,0.9993624277728606,1.0,0.9893197581785576,0.9991069382736796,0.9985420737560177,0.9840072060080767,0.9985422065098621,0.9981373592162537,0.9981829802723373,0.9985717948554551,0.9985743938172128,0.9985742799440632,0.9990750690864955,0.9987023148574489,0.9993046200456425,0.9988979053598558,0.9988956389901708,0.9986326984405588,0.9985621469069915,0.9944605348910257,0.9804461473220623,0.9949364751538559,0.9767408883193517,0.9949035650520335,0.992168517770449,0.9829621661858239,0.9569526014946445,0.989183164349513,0.9918748843872055,0.9895257691261241,0.9686947850411869,0.9989504116764137,0.9990012368026279,0.999017241809336,0.9986506692274858,0.9986827716210707,0.9989927403855944,0.9989793106515449,0.9992034259948999,0.9989520695018841,0.9989492084266742,0.9883542744523345,0.9207695678607948,0.9466779920573033,0.9360678141948593,0.9279801149412511,0.8921656047802137,0.9465793976210498,0.9386777396316885,0.950855426160123,0.9566235786668649,0.9454324007884098,0.9793387289318874,0.9792593075293816,0.9894832629311333,0.9941090443046509,0.9822807955045157,0.9763289432770142,0.9828775737750751,0.9822785556905019,0.9832266405121617,0.9830128156300145,0.9555290175682902,0.965287960339843,0.9600904169384549,0.9597010766067369,0.9224618531420679,0.977721931454928,0.9741222994355038,0.9799422380923413,0.9791422809838933,0.9405098546537883,0.8667761932915525,0.828721436773675,0.8879442048667688,0.9236725847643004,0.9079963275111688,0.9151835238867434,0.9140659235327205,0.7498365882341913,-0.5723701856343187,0.9742765408254632,0.9656178316644867,0.9629329734516244,0.9832063901289289,0.9651888307346402,0.9777748927227364,0.9774151930121318,0.9413704127823929,0.979353263240194,0.9441555737732513,0.7641696589595834,0.9268588877522885,0.9525616513041842,0.7643020265764396,0.939396365428134,0.940891133005129,0.8936990957945,0.9715015139850058,0.8876638525968658,0.4396478716123832,0.6607534865903679,0.8934589416633786,0.8418775326635174,0.8887936587949321,0.9785449543401561,0.9786823190549916,0.7457236700857052,0.7202467842790999,0.7496153996108926,0.3986728872659701,0.7000085743667213,0.7546092271388181,0.749955387517027,0.7131176506056147,0.7684705186762859,0.7359577223954574,0.7179883369294132,-0.4758253224892021,-0.5568921929642443,0.6550109075331659,0.8845064095283386,0.9187693078169753,0.934544676152656,0.9046839524737389,0.8037368324727864,0.8954614944492905,0.9125150771563637,0.9119854469844919,0.7915000400283242,0.04748652029503816],[0.9852474353371315,0.9900424356152328,0.9914924196367363,0.9864108639196254,0.9893197581785576,1.0,0.9845971157437434,0.9854231104397335,0.9924410431830436,0.9848379085588097,0.9805389818060705,0.97965588873349,0.9852975769723635,0.9857787810324933,0.9854935941772522,0.9851304731820489,0.9884091061296478,0.9863227410100343,0.9861901033234055,0.9861752961730514,0.9843361036752981,0.9853863468907155,0.9955870142626702,0.993358138813723,0.9866766021770894,0.9865088423849303,0.9869019312679004,0.9774843830547331,0.9880587822413452,0.9733941024380638,0.9635971289131582,0.9691155439989673,0.9776839768320477,0.9663401759247441,0.9842780577078013,0.9846452296593924,0.9854563593585041,0.9860686097877854,0.9804108244869081,0.9850783239976401,0.9834596900360486,0.9851676646978499,0.9844527547154288,0.9844480940922886,0.9959476186460523,0.8688826506958421,0.9254265625102696,0.9041014508395674,0.9164610931534742,0.8768652758507198,0.9189534831731774,0.9091234060984286,0.9215116436404867,0.93532750161871,0.9174046223547809,0.9515424310432062,0.9566355467625023,0.9628863387808994,0.9724590609951527,0.9702985406078665,0.9858924572275228,0.9719004169107627,0.983693973063301,0.9714952611014545,0.9709236627404609,0.9758175614287091,0.9676041262402281,0.9473089523018995,0.9467671682372405,0.9450711038324282,0.9821441688867809,0.9747533149538842,0.9715917217895722,0.9702049142975205,0.9621902387330652,0.8877444515651723,0.8413174709194237,0.9052838658930954,0.9146499083863598,0.9238655288998279,0.9049303824276839,0.9027322389355561,0.7240794028124001,-0.5106266874615304,0.9799981454781537,0.981090542445401,0.9768270239810898,0.971201896563101,0.9722044602958789,0.9788397932120312,0.9784161300625893,0.9672108238872426,0.9682404320413656,0.9660833118270886,0.7762781827045746,0.885287442754807,0.9521523052103189,0.8101971100180196,0.9413005189305371,0.9423571399215371,0.8687380548771444,0.9594252224136212,0.8375728526438928,0.528394968397037,0.6867011845004768,0.847100502052365,0.8210146996732858,0.8364953734087405,0.9600835228594168,0.9601536188993631,0.7371362187412285,0.7136797021040461,0.7536601394780109,0.4227373155298833,0.7442280972079677,0.7591416072880116,0.7529264314044078,0.7495394395130889,0.763979919233787,0.7137331838095489,0.6992350122974783,-0.29651860138063846,-0.4266039200695098,0.6701550129292739,0.8597830254186819,0.8779767633525357,0.8910075331444485,0.8709922276243967,0.7844089258773617,0.8519374137956738,0.8698267245557062,0.869833996075353,0.811506720863674,-0.12750544243858553],[0.9979065620819717,0.9946115027811647,0.9899653979249525,0.9981571715837608,0.9991069382736796,0.9845971157437434,1.0,0.9974816851844434,0.957379871374154,0.9995995245416119,0.999550191731922,0.99956842068044,0.9983858170702221,0.9994647773653634,0.9991656736061915,0.9998897438622495,0.9965050651959687,0.9999032709491718,0.999363886093564,0.9993689701792898,0.9997062793618755,0.9993130406008817,0.9907622825720197,0.9747293255031466,0.9856271755936595,0.9262556752543091,0.9934187019017262,0.9916914544527834,0.973749718620988,0.9507830201388683,0.9916011083490349,0.9918013984793108,0.9933946844992648,0.9742901969926262,0.99898505985985,0.9998477335477606,0.9997077563845814,0.9994728218005177,0.9997581377828372,0.9998316267576282,0.9984781967711709,0.9997296121590724,0.9993737483341489,0.9990213550457495,0.9809347953299966,0.9285950523184119,0.9502168366238344,0.9461536522182098,0.9362700567240352,0.8924813001398203,0.9568611878860553,0.9445230070084629,0.9591684532962669,0.960698538722817,0.9512957476471807,0.9812900361535422,0.9804931523249587,0.9915596718857014,0.9963587870830101,0.9489797682745221,0.9644757392573842,0.9738028898711358,0.9745191448064855,0.9753610516343417,0.9489847415699595,0.906200822973858,0.9567399292505877,0.961910580775399,0.9401235550000381,0.8968814228113254,0.9682874149506189,0.9412359623023323,0.9684688762473462,0.9493448636529634,0.7830596813984327,0.8607854182564187,0.7823908212185928,0.8757497999110158,0.8933680001892175,0.8980509178374235,0.8765169114378922,0.8885881845817625,0.34332902903331625,-0.5929064778146901,0.9655937088470993,0.9520004049967588,0.9505783976522624,0.9505385037605996,0.9615637248339094,0.9718051563563925,0.9718646147107359,0.9311754521126123,0.9685047939504842,0.8523889283360474,0.7589375721291839,0.9274775372915891,0.9320329449355184,0.7901607460474394,0.950207885985114,0.951183497953622,0.8969934121136284,0.9709254874830316,0.8321460528696817,0.5911899846456903,0.7121214358861058,0.8554271156964037,0.8472889916665755,0.8369505048833407,0.9787848219865718,0.9789748188114379,0.7715409184458087,0.7176084463148555,0.7821063263162239,0.3932715494052135,0.7753301281974533,0.7938645993805491,0.7885374092440665,0.7916923802239021,0.7653970497975753,0.7416827146587729,0.7228362435682597,-0.2836051938752227,-0.4342520958049497,0.6720514949806452,0.8882161574379056,0.9238274028058838,0.9406150907106224,0.9101425903869633,0.8235969652236598,0.909259085087641,0.9288442670825294,0.9275649877604532,0.7752320712363507,-0.12904577504009482],[0.996095611814916,0.9916808866732642,0.990608863419668,0.996531210026443,0.9985420737560177,0.9854231104397335,0.9974816851844434,1.0,0.9682734121239354,0.9999998240994057,0.9999992818397401,0.9997411246725055,0.9999970544115835,0.9999923849494333,0.9999981759050285,0.9992987262211613,0.9911836849136993,0.9994330243553051,0.9999060814713013,0.9999055435080011,0.9999635571908254,0.9999986443580808,0.9911663725993556,0.9762593559767099,0.9926857271357475,0.940369298112249,0.9939193532846201,0.9898230678233905,0.9759536916627197,0.95007960211321,0.9879012600716727,0.9938025218393182,0.9919123239767412,0.9711345701228934,0.9994595555914956,0.9995547075430837,0.9996632414915383,0.9997347905299123,0.9991687726142675,0.9994845746279458,0.9981769914033003,0.9987845853391177,0.9995309318271727,0.9993943731659479,0.9825785892796389,0.9283985580566709,0.9474134330645391,0.9501652448171616,0.934471643252394,0.8812603819874913,0.9551114431107581,0.9399107672109592,0.9570504463872516,0.9548542599114102,0.9451598544538858,0.9792444482763634,0.9774794575117248,0.9904976872528917,0.9968961297214157,0.944028645850585,0.9603054173086115,0.9674406398731931,0.9714653452858724,0.9693857344613985,0.9472589486030717,0.8985491721685798,0.9520165787475506,0.9551562741695392,0.9347148693870737,0.8847821842578728,0.9655820464500476,0.9351003464028895,0.963055081381911,0.9447435274760471,0.7703451542704632,0.8527939886522371,0.7779531466495648,0.8678262509253939,0.8862404252883365,0.8935054352848849,0.8721269834038357,0.8818231824631604,0.32576090039686734,-0.5972570188915479,0.9614456753295694,0.9454271009315948,0.9445667858589378,0.9485761242271822,0.956985669976122,0.9677232897958962,0.967768968175797,0.926388786696229,0.9617205652643889,0.8413071581287509,0.7558271367371985,0.9416665113870807,0.9428434656542567,0.7865000488333193,0.9499471413679561,0.9510777791144094,0.894443922365452,0.9749206036656595,0.8350994319105045,0.5768717096335371,0.7033195682947666,0.8564217095419234,0.8441164012272334,0.8391318870161318,0.9812656565445773,0.9814596214248543,0.7625030274187091,0.7098594605701771,0.7834095303446612,0.3806494915977384,0.7701623382111858,0.7893031450838566,0.7889681121946519,0.7860826615348689,0.7591133988412172,0.7358484892098143,0.7164173524298194,-0.2993790910801246,-0.4489785334947303,0.6578002239239477,0.8805827598381908,0.921300816829976,0.9330163936756666,0.9043133024482595,0.8127771355447198,0.9028045985496513,0.9225429613570426,0.9215368304446617,0.7562665803452434,-0.11203120522580022],[0.9693090237382486,0.9846961307112243,0.9906316736724395,0.971599490814908,0.9840072060080767,0.9924410431830436,0.957379871374154,0.9682734121239354,1.0,0.9832913112033743,0.9874988261986284,0.9897262481202961,0.9719587953854719,0.980278742152021,0.9768754262544235,0.9747323488471494,0.9491220156467167,0.9795068244322885,0.9776325136317049,0.9775831111318924,0.9817650826620969,0.9767331545584601,0.9939856278654866,0.9925505913868858,0.9812268446615428,0.9884650232227215,0.984265093081836,0.9898746312162036,0.9903706668573706,0.9668590740023817,0.9279964756557577,0.9496021805452709,0.9654344040738119,0.9487141894184418,0.971268374992296,0.9796146298201618,0.9763678763023459,0.9787341087799981,0.9878328627784394,0.980740244259877,0.967203775615513,0.9765776557689515,0.9721113215827861,0.9710610896688173,0.9989350093472305,0.8870533216039833,0.9162465022939473,0.9403624424867802,0.9303879790282995,0.8536074680262135,0.8845029168430266,0.8805971684419741,0.8883158023232735,0.9099482451383938,0.8913119004550292,0.9281352367045768,0.9435416409936819,0.9495478309874871,0.9619291012572595,0.8980545969323337,0.9646340967294589,0.9412393638793088,0.9626839655906153,0.9412707374155457,0.8960716720936496,0.9091463286946762,0.9373706344485057,0.9093116568431638,0.8722481397566878,0.8733261378639319,0.9641559063105491,0.9146638067846096,0.9397023775367394,0.9010589913110917,0.8079878461185024,0.8357317877250684,0.7166219847282118,0.8565272666795944,0.8713233462622716,0.8850308645869541,0.8329985174527448,0.8516598856890105,0.37000989598327283,-0.5356553545883742,0.9532442302770967,0.9481244030236701,0.9444263889504804,0.8970139970381172,0.9429893842910749,0.9513071646850824,0.9506848664506573,0.9346500024428175,0.9354851121404051,0.8605721198778277,0.7593985448628067,0.9330779441218466,0.958240795295319,0.7841205362126168,0.9304202738655488,0.9321133083451275,0.8501888275997715,0.9676669199969615,0.7427693656718777,0.46981126274630197,0.6452210155963424,0.7747332093569076,0.7740060988574486,0.7529182243224528,0.9670765585168333,0.9670813840427092,0.6913658221889495,0.6704756348180803,0.6763898390769837,0.37110332362292425,0.683852766589948,0.6919690567518251,0.6767295556843929,0.6904654343715122,0.7331463349192248,0.6786209951502922,0.6615092734719533,-0.3433333487130388,-0.47866707594354957,0.6701409147666162,0.8375488182230231,0.8354691378075872,0.8624772500681487,0.8589751885492412,0.7502398393378161,0.8149882596298506,0.841137273248533,0.8351883221391178,0.7059382167112881,-0.0511912236239364],[0.9964196051731272,0.991698381308006,0.9933328103142164,0.9968943667425243,0.9985422065098621,0.9848379085588097,0.9995995245416119,0.9999998240994057,0.9832913112033743,1.0,0.999999106733057,0.9997460002823944,0.9999985095484133,0.9999911492580241,0.9999976732378806,0.9996658089053858,0.9977879540409359,0.9994277052921545,0.9998781610973405,0.9998780124187286,0.9999763155835958,0.9999991427246964,0.9937436657758822,0.9777720112200278,0.9959946603792595,0.9735843441951516,0.996080660066009,0.9898034996922508,0.9802802627564436,0.9512898364750945,0.989339320532668,0.9935208653642218,0.989340185943241,0.9675337389304921,0.9994783991873424,0.9995460350113359,0.999557889382469,0.9998246521087447,0.9991825131822157,0.9994923422367986,0.9983764724383696,0.998825004035922,0.9994821158919538,0.9994761153431128,0.986879415315711,0.9284170651455671,0.9474509443271347,0.9500115065652409,0.9342991387873049,0.8814068154744165,0.9445833498613514,0.9331780450765825,0.9482631425040856,0.9528741789059163,0.943039511153926,0.9777965318611119,0.9775143791857461,0.9910197673721763,0.9966721184960194,0.9724428958340402,0.9602345191381237,0.9731082585836317,0.9714212549657636,0.9735491138506747,0.9732897109970182,0.9435684264729844,0.9519356427096256,0.9505738580756453,0.9502321609946126,0.9111488425344597,0.9655132979525098,0.964638373453147,0.9703169470841536,0.9693272088663853,0.9274252732340841,0.8528465486033899,0.8089856907975124,0.8675963834374096,0.9067933003167588,0.8935044013384634,0.8996299224123228,0.898746855226766,0.7023711622076623,-0.6073856583575197,0.9613965914344675,0.9454334421900557,0.9445822769412396,0.9735928202073786,0.9523535352776282,0.9673283789475736,0.9669454368807514,0.9270344218932952,0.9691413947896872,0.9301330952933293,0.7558399245994617,0.9413425566369105,0.9549961629542028,0.7688960125718488,0.9431923919439925,0.9444985177685582,0.8945159073654069,0.9740541292252602,0.8954092493191703,0.47734994823897364,0.6783246765753074,0.9011543182186552,0.8501109897686374,0.8966417274817883,0.9812207038313052,0.9814464391310641,0.7625716509353215,0.7096057569859164,0.7657391667772813,0.3807769252425572,0.7175540142765371,0.7707586938062618,0.7660931018466549,0.7321579720166825,0.7588749231342515,0.7358264534756,0.7163732195129342,-0.5213803721367785,-0.6031074128059543,0.6579263441605651,0.8807454271583205,0.9208300456177538,0.9364630386489048,0.9045114259616759,0.8091455224721987,0.8965635174979653,0.9143043661107465,0.9136640541233766,0.8033674185555199,0.11398850764060817],[0.9945645538491675,0.9917078756202051,0.9973373441185416,0.9952707856826192,0.9981373592162537,0.9805389818060705,0.999550191731922,0.9999992818397401,0.9874988261986284,0.999999106733057,1.0,0.999746078197144,0.9999962879669968,0.9999945768758057,0.9999982513030976,0.9996456975540328,0.9973976770134043,0.9991402424325625,0.9997716535632142,0.9997712120046148,0.9999983758406941,0.9999979571121519,0.9927734167016394,0.9725035617101918,0.9949877540911758,0.9813700100859524,0.9955987966663767,0.9898201521987859,0.9821168561437318,0.9423702848652211,0.9880481143792244,0.9927342933284398,0.9825094068773566,0.940303041712783,0.9992288989028435,0.9992877969853298,0.9992226622450107,0.9998872525753056,0.9991641040006599,0.9992331877380675,0.9977592970284122,0.9983818044178145,0.9991990805181293,0.9991952163604463,0.988847406586496,0.9280997951628516,0.9106906108284465,0.9499432614539527,0.9341806847068861,0.8810495600821782,0.9100455578979615,0.8985659940838399,0.9148733399957203,0.923603311913707,0.9082857877647913,0.9689686667860775,0.9689156154156249,0.99017700923184,0.9950311575596691,0.9648198077995302,0.9603394093278889,0.9613335496871659,0.9614772199449858,0.9630911578768853,0.9628259213815451,0.9192184663993508,0.9414851891719355,0.9180558397014307,0.917563442431146,0.8398476391150154,0.9628895985148904,0.9690575512583458,0.9651878241335432,0.9640938507142703,0.9182787413956792,0.7759522524118158,0.7334420812860345,0.8242641579531497,0.8821738821094395,0.8475355071224825,0.8647775445039783,0.8632897727251022,0.6962312394268757,-0.43039594675228376,0.947694626481228,0.9455466814595265,0.9446582068636845,0.9661076610200129,0.9386716525231454,0.9508788624502321,0.9502078003572816,0.8963317869065418,0.9540062671735579,0.9020067242505428,0.7559916174174202,0.9416970739280731,0.9580475557989906,0.6447390915044245,0.8979999597223571,0.9009375447502795,0.8495985219519816,0.9843102002625472,0.8371935694155463,0.14126497903263582,0.5246476018743567,0.8495307590890219,0.8138833148634281,0.8436768861700469,0.9850496170310012,0.9850613510977608,0.5055745195793775,0.6156678241991373,0.5129390182058563,0.38068519292873554,0.4777594610790685,0.5251838030559068,0.514662627754385,0.45137807737141633,0.7461986787912778,0.5907999940479589,0.5506688936286209,-0.4858264538076192,-0.5408477875461533,0.6572967804496321,0.859216141047334,0.8720706272376116,0.9023038539861814,0.8979602077477491,0.6598806788387657,0.8380608021930229,0.8641429868216416,0.8631679994528892,0.6061894959171338,0.05597285172414073],[0.994156672107348,0.9934660221308039,0.9964773887290451,0.9950873085427803,0.9981829802723373,0.97965588873349,0.99956842068044,0.9997411246725055,0.9897262481202961,0.9997460002823944,0.999746078197144,1.0,0.999760044039995,0.9997442967294565,0.9997514077505423,0.9996481504045435,0.9980422151063649,0.9993503641355973,0.9999673505477287,0.9999669722924778,0.9997503890058936,0.9997561221289066,0.9921322473093606,0.9682545678743449,0.9935912946257556,0.9816559274654535,0.9944322389391628,0.9926414994768833,0.9775976199866909,0.9208729772884314,0.9907149259248889,0.9937624788662184,0.9776752235078751,0.9190316816857141,0.9993580209791229,0.999411058936814,0.9993680612470579,0.9995483486615817,0.9995755579335291,0.9993863551420658,0.9975907812274643,0.9984033233787233,0.9993450104377353,0.9993406202106684,0.9899833387542398,0.9231853600740899,0.8952088697060402,0.9469743215463884,0.9336976187401971,0.88114109039267,0.870735248710405,0.9111917628892455,0.8747696076589409,0.8963410253322874,0.8687101022241973,0.9552982198587385,0.9552290789356602,0.9804711495006915,0.9942301594732633,0.9638035385377358,0.9650655253638828,0.9573583060261992,0.959407547962256,0.9604910782666132,0.9603422924455367,0.9198897196071414,0.9332983185398309,0.9044048232606133,0.9042685388747126,0.8224692850376318,0.9613974962163465,0.9638318524088216,0.9639353315451782,0.9633892131143804,0.9247067855342802,0.7147561216021155,0.667084462626387,0.7828141132830903,0.855880699047874,0.8042232180919732,0.830793122180019,0.8298394379919942,0.666520868824512,-0.3369313783685949,0.9420820987973384,0.9486736527231493,0.9418702147424274,0.9647943282750979,0.939317696260382,0.9462704844850007,0.9454260546982178,0.8938128223512667,0.9491993409354617,0.898357856619006,0.7000217429373555,0.9388799323861579,0.933210349148365,0.4953646080114398,0.8341527511927487,0.8392509256117672,0.7364400269252427,0.9772670305242958,0.7121879958799477,-0.23103119821137358,0.25222101783123857,0.7364044436282912,0.6908501561942297,0.729882257856452,0.9784536114352222,0.9785277792566601,0.1744433958401794,0.33174929577698636,0.17927445269766704,0.15135764491506792,0.1714627511522837,0.18840840129342457,0.18591706150152734,0.10248849129060768,0.523260315408062,0.25492809371552627,0.20223733999186266,-0.5063932132305775,-0.5498015253626529,0.6581130849555293,0.750407079127887,0.7745408562317999,0.837407330713864,0.8239696226765963,0.5563752409123764,0.7489209393410998,0.7692874768480579,0.7677703573727527,0.41965489885027907,0.24862891018883304],[0.9962132615127118,0.991833640575275,0.9904772446584521,0.9966306656936852,0.9985717948554551,0.9852975769723635,0.9983858170702221,0.9999970544115835,0.9719587953854719,0.9999985095484133,0.9999962879669968,0.999760044039995,1.0,0.9999908657658493,0.9999976757535015,0.9993488224578039,0.9929028366023577,0.9994746390010395,0.9999152678531427,0.9999150030737921,0.9999706776996525,0.9999989109067802,0.9910587063611874,0.9760879390501456,0.9933474821220551,0.9453072842646337,0.9938729623862411,0.9899483713679595,0.9757630550964883,0.9500449812222042,0.9888076770634803,0.9938802827229771,0.9920026016294725,0.9712818167435328,0.9995023146484291,0.9995953249578284,0.9996944338691688,0.9997351225288159,0.9992337524030266,0.999526803245134,0.9982651405429717,0.9988546980944804,0.9995740904304187,0.9994380588053842,0.9823525708013459,0.928694461152227,0.9476023511102347,0.9501238513855719,0.9346528404446266,0.8819906331608586,0.9554693756948348,0.9403183089809147,0.9574133333897,0.9552176019987246,0.9455715373946971,0.9795027887828519,0.9776780004781258,0.9906422324568845,0.9969734303608887,0.9443178430704031,0.9604046343643544,0.9676877936082594,0.9715648897995488,0.9696301973114176,0.9475005735545089,0.8986206265721925,0.9522311010168314,0.9555325855028699,0.935124133375178,0.8850997120925919,0.9656334098104402,0.9352841975593127,0.9632473702352844,0.9450126657120104,0.7703531514081013,0.8531707138833465,0.7784590421629171,0.8681839765797469,0.8865169456063664,0.8936960901531324,0.872491843603319,0.8821908428946321,0.3259743405633751,-0.5972563858812842,0.9615997850213445,0.9456684028633218,0.9447783942284194,0.9488069762533292,0.9571523744710665,0.9678924016770636,0.967940058796808,0.9264790916851684,0.961987514278708,0.841423839149462,0.7559390877060487,0.9410264087414304,0.9423349857564806,0.7866116002787825,0.9499721583761802,0.9510943185336797,0.8947854899495797,0.9747718734515297,0.8355782452351107,0.5779437794084968,0.7039843380628039,0.8568900765648269,0.8446491099243942,0.8396061875657462,0.9811980051848439,0.9813919516059618,0.7631310104185893,0.7104042720858844,0.784011948154801,0.3813554934048926,0.770839119288001,0.789992938174239,0.7895823283750121,0.7867933018387328,0.7594750791311408,0.7363020751912867,0.7168909574627516,-0.29842494555028337,-0.4481279560291052,0.6582857547097526,0.8811076964539133,0.9217614586750384,0.933551220055686,0.9047910987947958,0.8133483916217044,0.9033851846554496,0.9231171966703007,0.9221001657026926,0.7569511063715633,-0.11306242360984674],[0.9962475060941539,0.9916990266454243,0.9927117637704511,0.9967536808795,0.9985743938172128,0.9857787810324933,0.9994647773653634,0.9999923849494333,0.980278742152021,0.9999911492580241,0.9999945768758057,0.9997442967294565,0.9999908657658493,1.0,0.9999948194017048,0.9995457246163862,0.9977208649535134,0.9994305773922687,0.9998998535299253,0.9998986922445452,0.9999518639132615,0.99999088713652,0.993032462964694,0.9764968203076074,0.9957063250152909,0.9675777774565256,0.9954794158499289,0.9897726726218016,0.9761078867842102,0.9501956123975893,0.9889870263633417,0.9938577022498808,0.9912398963778564,0.9707648302915663,0.999474872689951,0.9995472032766822,0.9996105778350548,0.9998830118234092,0.9991937710848173,0.9994739290722613,0.9981062888773164,0.998773187127124,0.9994925244278283,0.9994842706763654,0.984837871999435,0.9285706764162318,0.9473405557431763,0.9498988724395654,0.9341687231800352,0.8813438970451806,0.9494623228930851,0.9323407554566958,0.9516907350482893,0.954570172304769,0.9448516879938416,0.9777534483526565,0.9773356444421959,0.9898682834584956,0.9969689004818536,0.9725995744228763,0.960002419823673,0.9731317590774511,0.9714241858183918,0.9741045558421833,0.9738295193306717,0.9519604615397576,0.9516366041064199,0.9546075951880035,0.9542446055814358,0.9269055020055794,0.9655474691503223,0.9674093821062201,0.9718848175382135,0.9707611638899755,0.9364431790360389,0.852518923189092,0.8156642615381199,0.8673497677173461,0.897808753172945,0.8932799185972479,0.8940200376411511,0.8928051814988593,0.6796698981972553,-0.59760853568779,0.9614148571454252,0.9453280149125872,0.9443295986141816,0.9737590855338409,0.9570471528612826,0.9677016850446253,0.9677913512978152,0.9264455049290902,0.9682189638326313,0.938082917441198,0.7556905263875122,0.9410529865534848,0.9480765244028145,0.7856249711984672,0.9497984074074536,0.9508584298784413,0.8943872204414498,0.9751299767716762,0.8840309050672078,0.5772374549821028,0.7028568775119802,0.8916857968244102,0.8571099941343117,0.8823706365899908,0.9814821062271538,0.9817048072934458,0.7616609630216054,0.709037234117611,0.8004194501784694,0.38074131364125313,0.7752605851321438,0.8049972020574384,0.7995096826729623,0.7854332820281998,0.758949683197362,0.7344867353595869,0.7150745384883461,-0.39026534250448464,-0.5112031108563352,0.657161615349442,0.8807435856411931,0.9181860255804718,0.9288897641486347,0.9048540755738952,0.8119364052073688,0.8900813238223749,0.9110944309557731,0.9106039633700392,0.8409931342338035,-0.08004555530885041],[0.9961409826443268,0.991760999424482,0.9906673226704508,0.9965759868891888,0.9985742799440632,0.9854935941772522,0.9991656736061915,0.9999981759050285,0.9768754262544235,0.9999976732378806,0.9999982513030976,0.9997514077505423,0.9999976757535015,0.9999948194017048,1.0,0.9994417732931482,0.9969672903937997,0.9994495233292696,0.9999091091993466,0.9999082568846396,0.9999646792479233,0.9999974351902293,0.9912111728407487,0.9763244052885022,0.9950565636247789,0.9590388409040062,0.994858968383999,0.9899013900667777,0.976008613926535,0.9502525017744284,0.9912684058222853,0.9941496837844649,0.9918593561122204,0.9710411150031432,0.9994715476216272,0.9995562309969743,0.9996706983195162,0.9997506612459489,0.9991982096271285,0.9994820903296098,0.9982027198246224,0.9988014201617996,0.9995411623148447,0.9994073953918514,0.9825781639850429,0.9284772707658211,0.9474318053503271,0.9501608698169173,0.9345872410916477,0.8815725814554055,0.9551925130460577,0.9400475501602386,0.9571639399665939,0.9548026011565941,0.94507542981791,0.9792708301796279,0.9774229417620346,0.9904674585906909,0.996859934542444,0.9443300832889487,0.9603925092088946,0.9676108884113462,0.9715433654151928,0.9695414474062352,0.9470682584231532,0.8987695892815221,0.9519192032138114,0.9552212852525819,0.9349318374136576,0.8849173725297516,0.965729763538431,0.9354536701153621,0.9632624127591387,0.9450598100465993,0.7706996742183666,0.8527827277735414,0.778219705330871,0.8678582172667749,0.8864132072207008,0.8935080070871455,0.8722816905818183,0.8819943821925664,0.3261213144731051,-0.5969539191584918,0.9615291149971856,0.9455741087675196,0.9446961699549183,0.9472684149617998,0.9571631716131079,0.9678038646553511,0.9678461256980834,0.9265809493161619,0.9618916232591846,0.8415802680615907,0.7558604552348894,0.9413591899510847,0.9427406190456488,0.7864959982426578,0.9498711605135103,0.9510062051135655,0.8942608440272742,0.9749382062950599,0.8351326207064325,0.5766994002957792,0.7032061306728608,0.8564326993359198,0.844243417323028,0.8391620735158616,0.9813062769202234,0.981497154779792,0.7621083854961294,0.7095113862488458,0.7833905139119055,0.3809151038611053,0.7701404353709722,0.7892233287590592,0.7891263213407848,0.7859827528606473,0.7590299290393114,0.7350963795838837,0.7156999867904812,-0.2991892909996176,-0.448784260186447,0.6580517487233096,0.8804884790613481,0.92142575455528,0.9330591847821984,0.9043535211289866,0.8125713502118174,0.9030101853624861,0.9225804692991991,0.9216920710901639,0.7563633197892894,-0.11230725221383056],[0.9976624991070443,0.9939967887557603,0.9900856905541436,0.9979428317486027,0.9990750690864955,0.9851304731820489,0.9998897438622495,0.9992987262211613,0.9747323488471494,0.9996658089053858,0.9996456975540328,0.9996481504045435,0.9993488224578039,0.9995457246163862,0.9994417732931482,1.0,0.9983516575988604,0.9998448395548681,0.9995340100348878,0.9995387801245448,0.9997598689633771,0.9995188535920794,0.9908313967084583,0.9752413764063649,0.9936506077737165,0.9511473122056309,0.9932901039151202,0.9916153010859989,0.9740673711867812,0.9507972218410644,0.9917382643594418,0.9925415123821385,0.9927744540754697,0.9732408869665058,0.9992584320553763,0.9997282562260223,0.9997086460376889,0.9995563250001086,0.9995756892430415,0.9996820485859756,0.9988188807830001,0.9995677826353527,0.9994986143912767,0.9992517850444151,0.9811012267614868,0.9270735589176142,0.9496534186034755,0.9460568783729709,0.934819944579629,0.8888352461722852,0.9573627145669881,0.9447828763336367,0.9596300181938643,0.9591706439174087,0.9495438034776958,0.981362869846446,0.9795987393892011,0.9914758281599843,0.9963616691810677,0.9491607190299959,0.9640513100840334,0.9729473692899739,0.9741418591579825,0.9745998992095669,0.9500812540003293,0.9050138099787028,0.9553437542585871,0.9608608890465906,0.9401985434235925,0.8941552223188617,0.9682135309797072,0.9407678199303512,0.9679420983349392,0.9497165377160658,0.7800027114812363,0.8586964684983296,0.782946033666824,0.8735044687568234,0.8918542057194295,0.8964884755787296,0.8762924295684037,0.8876456672716074,0.33834129156641035,-0.5936259356687424,0.9649055114194183,0.9507600751671659,0.9495804700471338,0.9516745532404134,0.9613264608394837,0.9711679548612124,0.9712460707230389,0.931032445804725,0.9675085320022907,0.8500912457683685,0.7575420076071004,0.931003515858657,0.9343114053405983,0.7890500516314807,0.9499365695811225,0.9508667933282945,0.8945543693961209,0.9712796478007335,0.8344080226202015,0.5869788939898284,0.708626641704091,