var element=document.getElementById("correlationClose");if(element.style.display!='none'){var correlationClose={"data":[{"type":"heatmap","z":[[1.0,0.9999874535602012,0.6408321634708963,0.999718113520794,0.9978957039397827,1.0,0.9921086286666584,0.9883165892457004,0.9883165892457004,0.9927910237713432,0.976170542343554,0.9863055041671719,0.9921481342586106,0.9925631717373204,0.992203276391015,0.8483265878587568,0.7996538132050464,0.33994077916195703,0.9930779801917041,0.9930650015130227,0.9853417558076548,0.9921353964040626,0.43943737960385804,0.7212875968513487,0.9809464910314493,0.9809464910314493,0.9809277646172138,0.9735590392102522,0.3457486850215387,-0.10464574539854726,0.9896029688644085,0.989571242485242,0.2957394619259511,-0.17858084351981035,0.9945578480436169,0.995251067611389,0.8386411136671765,-0.369471405291639,0.9902803975059071,0.9951975855588236,0.8382631181444661,0.32098803934336095,0.9947093533637821,0.9946982535176484,0.9947093533637821,0.8861727582697716,0.657001089424325,0.894056002145868,0.9012973583669994,0.8104750452291398,0.37553220957483224,-0.1646863055410115,0.19882584149684251,0.9459060449842799,0.40357706118929576,0.9749257202449256,0.9700040791156328,0.9799335115709016,0.989776635562667,0.9269650247174336,0.9327136600688426,0.9425132561255024,0.9255586605102885,0.9397893691329339,0.9404483437876586,0.9397893691329339,0.8740727743875365,0.9181501652429592,0.9191091305971785,0.9181501652429592,0.9165873996848919,0.7742352897160525,0.8894364719804951,0.8908012569457342,0.8894364719804951,0.6752049949320332,0.3547345240722582,0.6576243820101844,-0.5656844432840276,0.5628262502254375,0.5925379585522593,0.5932369403801597,0.5925379585522593,-0.10530219550198938,0.9048481439284539,0.9369803727120003,0.919993793346238,0.9283180070679565,0.3236230775243954,0.9003863648496698,0.9012470619475185,0.9003863648496698,0.9056188294027123,0.9056188294027123,-0.10848630408379546,0.5871822207573753,0.1761972398695519,-0.6455930442647768,-0.5805531552354448,-0.5841862351993671,-0.09391837170387884,0.10754286091802823,0.2264163696583935,0.053704683811220254,-0.5009204129172178,0.010724893405936072,-0.7961151502089676,-0.2562237345153055,0.16092575984048482,0.1619993025623617,-0.5620844619114775,-0.5875006657301383,-0.2544562102330222,-0.5057586252565188,-0.8210687167549625,-0.38619402532292074,-0.3780691743802354,-0.38619402532292074,-0.1946082593521098,-0.30671278675947533,-0.30671278675947533,-0.8091130025056008,-0.8091130025056008,0.39070599115101917,0.636760649567826,0.8598175865644666,0.8430192538200644,0.7665120177887583,-0.3042398640608261,0.7526864606497106,0.7883698810926516,0.7887153343562441,0.7883698810926516,-0.21484601762604874],[0.9999874535602012,1.0,0.9773637972945454,0.999395297038005,0.9953899419826387,0.9999874535602011,0.9833541627461859,0.9767911241443801,0.9767911241443801,0.9832174629794665,0.9684899824275207,0.9849498592328312,0.9834074551602773,0.9832883212694394,0.9832412515549864,0.3729376692640331,0.29025199282791847,-0.3848974234165745,0.9874996414815448,0.9874817383765937,0.9834564600700665,0.9834506386201439,-0.09933765726155103,0.9764963909779624,0.9783970292964863,0.9783970292964863,0.9784530062731158,0.9737165040952745,0.15508647594907943,0.17463038372265485,0.9800810833034255,0.9801467802541437,0.9183572461803351,0.17971400628204467,0.9902748386080824,0.9903290043198816,0.9909328053277032,0.9846877078231532,0.9892424963235747,0.9904820470076235,0.3316944501266567,-0.3903281006524158,0.990981383902933,0.9909691011624148,0.990981383902933,0.8860737016401049,0.5109461939399922,0.8941290194178866,0.901153025202538,0.8098805201507838,-0.36157888807799504,-0.5141920403787074,0.826931431825739,0.868090327995352,-0.24006059888437045,0.9331505901602142,0.9332863681629529,0.9527120328051202,0.976063838942052,0.9440838418662446,0.9515720170865631,0.9354326159843743,0.9345755890945654,0.9404088219478315,0.9409457070604771,0.9404088219478315,0.8352645689521723,0.8052861741789706,0.807202237996238,0.8052861741789706,0.9459147668887209,0.9496554523633819,0.9460411099326238,0.9469673795320772,0.9460411099326238,0.5649010070996611,0.5079479548752873,0.6117484084796482,0.7025494216549109,0.6044607977597474,0.6312445555197291,0.6320061032008439,0.6312445555197291,-0.19734264312479805,0.9039922120814189,0.9309112817072764,0.9212106756528484,0.9495760048767142,-0.24365430194940824,0.8997351850803006,0.9000330273316733,0.8997351850803006,0.9081201601572751,0.9081201601572751,-0.19919902952326882,0.5891316068646976,-0.3613247059794018,-0.7451800146634138,-0.46226146249715044,-0.4657003039662041,-0.3488392386380168,0.261540254483251,-0.2446734884210634,-0.4610522651109291,-0.6914942709012112,-0.3278039172966749,-0.48385974403461074,-0.38454027699679816,0.13820836156223557,0.1341905074832936,-0.4891376255599164,-0.4511229709031164,-0.47963142512633705,-0.5104897398732017,-0.5026694865170716,-0.48181176138659504,-0.4851258952755634,-0.48181176138659504,-0.3451995035235584,-0.5160178074592285,-0.5160178074592285,-0.49241322456636033,-0.49241322456636033,0.39159589993873156,0.3773043495271962,0.49899330893687716,0.5928574154318886,0.5387311496921197,-0.42651507996730464,0.36450044057000525,0.3281136268880165,0.32821295588384364,0.3281136268880165,0.13190226267314575],[0.6408321634708963,0.9773637972945454,1.0,0.6369880611694284,0.5589404889807472,0.6408321634708963,0.6247348655377227,0.6157274473122023,0.6157274473122023,0.5570091102113982,0.5133635078477525,0.9959481582652487,0.6247790581737284,0.6143443036698725,0.6250047579123315,0.4657157843335408,0.4587068284183908,-0.17488444017414156,0.5825187909877749,0.5816775211220959,0.5449757824284392,0.6237394491314016,0.21869798578414673,0.7645178693182685,0.6009354588096915,0.6009354588096915,0.6007034878986406,0.9878894995605807,0.3328814603771092,0.16465450928924846,0.5835108263379157,0.5831191711833155,0.7252156473228641,0.015780845935524476,0.6211965927713405,0.5521755384018214,0.593127092402745,0.31849090139417907,0.9937458461323607,0.5457889031839233,0.45626148721528315,-0.18319600255136195,0.6379062152817017,0.6191439775753654,0.6379062152817017,0.8834062151106522,0.3977339658289294,0.9160472790910689,0.8902932645542179,0.6949009269294526,0.2079552719265017,-0.052133149926329427,0.049248341334632344,0.495705095376472,-0.08752476618682611,0.5672906258723784,0.5239664241266186,0.5508796456221019,0.5129754129326726,-0.025236324575058432,0.766860823218375,0.7014499314947865,0.5946797245272614,0.7072049331830623,0.7441536694273193,0.7072049331830623,0.4714680857774187,0.6085161932989748,0.6777837528912043,0.6085161932989748,0.6573003208409248,0.6556631904546839,0.7039774093877046,0.7576136507680704,0.7039774093877046,0.3425512332670024,-0.08790248681409671,0.35919187034068906,0.1100225461983101,0.3543474715570789,0.2607425754738642,0.4593783755122593,0.2607425754738642,-0.16782843644931633,0.5620841677679419,0.8637029166874736,0.6395449521175762,0.7589064064307186,-0.028585739761755553,0.6089277456143714,0.6085805195810774,0.6089277456143714,0.6899346436432395,0.6899346436432395,-0.21869052580010892,0.7127402485451874,-0.19398263103861063,-0.6544326041522499,-0.4230942521590543,-0.4267095907188763,-0.4080993433047475,0.07606863626329731,0.0228980525090449,-0.31032880363131293,-0.6345074510053147,-0.15643231898700807,-0.29018147538857286,-0.2471947176716179,0.03422944112602716,0.03193558300108703,-0.4771596588530464,-0.04131649536161447,-0.24722242991910123,-0.502687364919662,-0.17586146970344765,-0.39051408086589556,-0.26995087788352384,-0.39051408086589556,-0.40736073414810464,-0.5245832636250012,-0.5245832636250012,-0.2852776440667426,-0.2852776440667426,0.33003521563090776,0.1734250888662586,0.2714502775964849,0.5088237121160097,0.26302914176893794,-0.36047575083276073,-0.022147354133785085,0.4533694206245053,0.5592896906563469,0.4533694206245053,-0.033355623218625674],[0.999718113520794,0.999395297038005,0.6369880611694284,1.0,0.9988618489474245,0.9997181135207938,0.993457247385118,0.9901295120683986,0.9901295120683986,0.9943715198318305,0.9741152734481171,0.9899502098542459,0.9934867445040774,0.994206791349704,0.9935177037881457,0.8476857085960665,0.7986743828912395,0.32500692039872386,0.9942355152966885,0.9942251092511629,0.985489413386111,0.9934665082919273,0.43091639215296074,0.7256110611176844,0.9836214710216715,0.9836214710216715,0.9836025425094858,0.980287207339603,0.3417639521251399,-0.1108913769882117,0.9889780005337349,0.9889554670100581,0.28798663222612836,-0.17873185055464055,0.9951539501437499,0.9960477056260849,0.8035978777173518,-0.37413013927854893,0.992888053013199,0.996228240284879,0.8368392278132877,0.30574368169528915,0.993058883887976,0.9952024808089784,0.993058883887976,0.883603604053881,0.644510782256722,0.8993330593675107,0.8988209045000164,0.7915996969892032,0.37035706726960965,-0.16998555145588154,0.19311104027119597,0.9402861871873706,0.38748417487902953,0.9704130355699077,0.9670075184325612,0.9777691580434796,0.9897578569011091,0.9064025710502914,0.926429912258952,0.9298999549683086,0.9218004891730562,0.9232427609421323,0.9241446547838017,0.9232427609421323,0.8663805373759618,0.906308765861298,0.9073614587638275,0.906308765861298,0.9133734088089853,0.7157572105788531,0.8515183953116908,0.8528980606082951,0.8515183953116908,0.6672939960005702,0.13066381917642872,0.6480533998248215,-0.5701357885016897,0.5581142073967015,0.3296047094424775,0.5636713177102656,0.3296047094424775,-0.11164025889989487,0.8998540846362285,0.9298335973329198,0.9126894717911817,0.905820647421602,0.30939242795055194,0.8961266473928038,0.8971187677450605,0.8961266473928038,0.8868374239877849,0.8868374239877849,-0.1132057012592798,0.6079599142612214,0.18088222821562247,-0.6556570479754213,-0.587387327344755,-0.5909316415096187,-0.1059638785923694,0.10302706592756411,0.21950702530563104,0.040701411992036605,-0.5130871101078153,0.004443411470648592,-0.8017478390288706,-0.2638521563958178,0.15106569257730432,0.15219889296482345,-0.5686606662549936,-0.5838585159236658,-0.2556186731056501,-0.516095195023104,-0.8224938116548456,-0.387501236602663,-0.3799405194776761,-0.387501236602663,-0.20298356521674404,-0.3161576890842346,-0.3161576890842346,-0.808572760293475,-0.808572760293475,0.3803391816729586,0.6251036259621338,0.8518584575779503,0.8352593518235897,0.7589880319439511,-0.3170447908956902,0.7435731663738462,0.7794137910030994,0.7797679932835963,0.7794137910030994,-0.19994664192995232],[0.9978957039397827,0.9953899419826387,0.5589404889807472,0.9988618489474245,1.0,0.9978957039397827,0.9971599795550099,0.9955684633950553,0.9955684633950553,0.9973571574850314,0.9659477593899107,0.9963669036934292,0.9971806954700149,0.9972544108924439,0.9972084122518996,0.7830091645694682,0.713168990387761,0.12050947661323286,0.9976781677984156,0.9976738625642485,0.9873672875516198,0.9971660637859822,0.08094824940557818,0.7028604334914388,0.9920951288960903,0.9920951288960903,0.9920575936501254,0.9896203564793371,0.11933243295134556,-0.09262851289365587,0.9871606051765305,0.9871024337756119,-0.0048536160108593575,-0.07518959871655122,0.9978124759057485,0.9977449700847285,0.791868956317111,-0.5002349168356001,0.9976469699440291,0.9980867987043864,0.7628834289914299,0.09628711702417216,0.9977583644009701,0.9977601977045274,0.9977583644009701,0.8983458624885635,0.6078321354403424,0.9162076425343783,0.9037126906305849,0.7659054235250743,-0.09505783864121137,-0.5868605972253943,-0.20596540431512417,0.9284605972422039,0.2407204929353944,0.9654599292697017,0.9655267426559718,0.9798386542074736,0.9903152462676937,0.9051533661879564,0.9084609744364966,0.9203800183972718,0.9093250069731306,0.9188279823658386,0.9191758989283634,0.9188279823658386,0.8415888310371862,0.8615808819906683,0.8627622505396014,0.8615808819906683,0.9024567096597395,0.8119006431434685,0.8831651767636022,0.8839827083428491,0.8831651767636022,0.6259082399229436,0.5040067308818618,0.6130388482455472,-0.5938707123809182,0.6105505264138943,0.5891163785955119,0.588394371503316,0.5891163785955119,-0.1294463000053711,0.8823468341299018,0.9059482533725116,0.8903623332705461,0.9132524689821525,0.1563136006540772,0.8820633809150807,0.883125518080256,0.8820633809150807,0.8886977786001596,0.8886977786001596,-0.1528613700413772,0.6568886100398711,0.03586682224528598,-0.686575968072633,-0.6369127542142636,-0.6375269561696058,-0.13846466603215973,0.12620723895978075,-0.17221236373425317,-0.2080188162205116,-0.5870348191720209,-0.3574663539468023,-0.8516729240542044,-0.545176389063299,0.12004723839061698,0.12103327416117207,-0.5953122884920418,-0.5769822584127461,-0.5359380795204017,-0.5546823177580865,-0.782186189859992,-0.5883194139631057,-0.5912022596342927,-0.5883194139631057,-0.24265175042480794,-0.3506546429837565,-0.3506546429837565,-0.7501451298236949,-0.7501451298236949,0.36690958479780866,0.6066379986890816,0.8045602802907477,0.7885107481949879,0.7485574119829292,-0.44624482982624025,0.6012207642511561,0.670706767870611,0.6712345013735098,0.670706767870611,0.026905179443101102],[1.0,0.9999874535602011,0.6408321634708963,0.9997181135207938,0.9978957039397827,1.0,0.9921086286666584,0.9883165892457004,0.9883165892457004,0.9927910237713432,0.976170542343554,0.9863055041671719,0.9921481342586106,0.9925631717373204,0.992203276391015,0.8483265878587568,0.7996538132050464,0.33994077916195703,0.9930779801917041,0.9930650015130227,0.9853417558076548,0.9921353964040626,0.43943737960385804,0.7212875968513487,0.9809464910314493,0.9809464910314493,0.9809277646172138,0.9735590392102522,0.3457486850215387,-0.10464574539854726,0.9896029688644085,0.989571242485242,0.2957394619259511,-0.17858084351981035,0.9945578480436169,0.995251067611389,0.8386411136671765,-0.369471405291639,0.9902803975059071,0.9951975855588236,0.8382631181444661,0.32098803934336095,0.9947093533637821,0.9946982535176484,0.9947093533637821,0.8861727582697716,0.657001089424325,0.894056002145868,0.9012973583669994,0.8104750452291398,0.37553220957483224,-0.1646863055410115,0.19882584149684251,0.9459060449842799,0.40357706118929576,0.9749257202449256,0.9700040791156328,0.9799335115709016,0.989776635562667,0.9269650247174336,0.9327136600688426,0.9425132561255024,0.9255586605102885,0.9397893691329339,0.9404483437876586,0.9397893691329339,0.8740727743875365,0.9181501652429592,0.9191091305971785,0.9181501652429592,0.9165873996848919,0.7742352897160525,0.8894364719804951,0.8908012569457342,0.8894364719804951,0.6752049949320332,0.3547345240722582,0.6576243820101844,-0.5656844432840276,0.5628262502254375,0.5925379585522593,0.5932369403801597,0.5925379585522593,-0.10530219550198938,0.9048481439284539,0.9369803727120003,0.919993793346238,0.9283180070679565,0.3236230775243954,0.9003863648496698,0.9012470619475185,0.9003863648496698,0.9056188294027123,0.9056188294027123,-0.10848630408379546,0.5871822207573753,0.1761972398695519,-0.6455930442647768,-0.5805531552354448,-0.5841862351993671,-0.09391837170387884,0.10754286091802823,0.2264163696583935,0.053704683811220254,-0.5009204129172178,0.010724893405936072,-0.7961151502089676,-0.2562237345153055,0.16092575984048482,0.1619993025623617,-0.5620844619114775,-0.5875006657301383,-0.2544562102330222,-0.5057586252565188,-0.8210687167549625,-0.38619402532292074,-0.3780691743802354,-0.38619402532292074,-0.1946082593521098,-0.30671278675947533,-0.30671278675947533,-0.8091130025056008,-0.8091130025056008,0.39070599115101917,0.636760649567826,0.8598175865644666,0.8430192538200644,0.7665120177887583,-0.3042398640608261,0.7526864606497106,0.7883698810926516,0.7887153343562441,0.7883698810926516,-0.21484601762604874],[0.9921086286666584,0.9833541627461859,0.6247348655377227,0.993457247385118,0.9971599795550099,0.9921086286666584,1.0,0.99746707882102,0.99746707882102,0.9999702221376902,0.9592672497030644,0.9996744330789554,0.99999653710665,0.999986473131539,0.9999932813046272,0.8999578926641484,0.8898512241595146,0.28546587599346795,0.9998587264554624,0.999858864296815,0.9896900942392417,0.9999967303495646,0.34477100844230013,0.7241724832184468,0.9855522388790617,0.9855522388790617,0.986459476103762,0.9904520743055019,0.26893390256711963,-0.16618988596166456,0.991609382299572,0.9914953273755029,0.19323541635366612,-0.22635607088406134,0.9993378905166687,0.9994476445772348,0.4180290405823889,-0.313083951161863,0.9989887716927172,0.9994055510445324,0.8866868752073813,0.2648465641251459,0.9407361340472464,0.9990849150913301,0.9407361340472464,0.9080642012251833,0.6145764977278028,0.9335815495097679,0.9117617890680022,0.729261434119957,0.4084301896474647,-0.10953583137183584,-0.19968162038229573,0.9274624758268889,0.35313969387975463,0.9675701224106376,0.9623312977778028,0.9785270333451855,0.9957041781301647,-0.042952727314877565,0.8680800190198142,0.8296682772342062,0.87595722750457,0.8240618614265394,0.7877148272816586,0.8240618614265394,0.8041113940313175,0.7919384464296375,0.7825941121197807,0.7919384464296375,0.8675766799719233,0.3742042447519789,0.5808028560415385,0.646487701347524,0.5808028560415385,0.5952766196742856,-0.3470382965291107,0.5645310117526875,-0.63346523919994,0.48787226728092997,-0.09855675228926648,0.4287044410983002,-0.09855675228926648,-0.1529245887234328,0.8455967843557214,0.8659872690506315,0.8512628902347991,0.7631088735747702,0.26944789533435465,0.8454722349891535,0.8468882792324677,0.8454722349891535,0.7611479848904825,0.7611479848904825,-0.18902261471836537,0.6995917487404795,0.2424988007710774,-0.66523034001352,-0.6274889623438596,-0.6305915091987657,-0.15099516885439113,0.05336353508968271,0.33275162452067214,0.00849711571768221,-0.5296968870103287,0.06351685467400861,-0.8279926367012851,-0.16349681129287255,0.08456708010835062,0.08573802704788189,-0.6110213900303508,-0.5930039770151998,-0.0923016800377566,-0.589219115305757,-0.835993607318481,-0.3805389410085481,-0.2124022357495589,-0.3805389410085481,-0.2754390950066998,-0.35976958712231305,-0.35976958712231305,-0.8283886346006237,-0.8283886346006237,0.36719051663134444,0.5891430111480785,0.5050516332552535,0.8030247709282302,0.742578456671224,-0.36814814783103816,0.06541254480226072,0.7511848110298441,0.7703831227340666,0.7511848110298441,-0.13131537496906823],[0.9883165892457004,0.9767911241443801,0.6157274473122023,0.9901295120683986,0.9955684633950553,0.9883165892457004,0.99746707882102,1.0,1.0,0.9995498467351108,0.9523413293238766,0.9986868955095562,0.9982212635783928,0.9993971471141269,0.9991323031442852,0.8976688860784652,0.879553558804466,0.26372918107469756,0.9991782100648481,0.9991798227341444,0.987046831430728,0.999271384817307,0.3193701101973336,0.7250930413578383,0.9926410124280775,0.9926410124280775,0.9845259723565292,0.9875205694939256,0.25145618374198575,-0.17956720521047534,0.987904640969361,0.9913370231046629,0.17460136440335863,-0.23222212561201874,0.998292251562397,0.9982593171227746,0.3999782126624764,-0.3197319104775559,0.997007903556067,0.9981923076989969,0.8847010267842631,0.2426977190866761,0.9331709677977418,0.998120366810973,0.9331709677977418,0.9055783031939852,0.5994720288398375,0.9338322396080615,0.9086463116380167,0.7067214944401816,0.39547441338920397,-0.12448537575485068,-0.2122712840763989,0.9188689033408728,0.33269224217890325,0.962914838936234,0.9571057384292101,0.9734316350953603,0.9947325025215826,-0.05267999010548072,0.8569326961347582,0.813977967293635,0.8677832785347637,0.8094791473077485,0.7756349099850816,0.8094791473077485,0.7920517446449642,0.773505986682967,0.76925181956993,0.773505986682967,0.8596426191914512,0.3551012265542506,0.5608166931604757,0.6303487830306543,0.5608166931604757,0.5826290160288177,-0.3615320905214301,0.5501905919256411,-0.6409818473067398,0.4802497776992101,-0.12033644355938518,0.4127104122281281,-0.12033644355938518,-0.1596102705861844,0.8360406097399009,0.8520024475504115,0.8391477768541478,0.748671313980342,0.25185802590251366,0.8364852660981569,0.8380868438162722,0.8364852660981569,0.744063829269415,0.744063829269415,-0.20396701776290727,0.7235218820272474,0.2495997448407982,-0.6745541160969032,-0.6400997183480953,-0.6430171828837085,-0.16565593827602043,0.045803398500429866,0.32577227119128704,-0.010613900771784934,-0.5422469755776732,0.05424822343448061,-0.8338732916655484,-0.1699815781685039,0.06945029040504441,0.07064409690923129,-0.622524669950007,-0.5940159792275634,-0.09914387281461458,-0.6057509776055038,-0.8356153594631474,-0.391958652406724,-0.21860891233604554,-0.391958652406724,-0.29267467577823264,-0.3732904001762458,-0.3732904001762458,-0.826456194917179,-0.826456194917179,0.34768923601376484,0.5723699637201641,0.4864809506338093,0.7853178967322714,0.7300355950976629,-0.38957237850229376,0.05148384014289248,0.7321865290290597,0.7547200391879482,0.7321865290290597,-0.11426455967309772],[0.9883165892457004,0.9767911241443801,0.6157274473122023,0.9901295120683986,0.9955684633950553,0.9883165892457004,0.99746707882102,1.0,1.0,0.9995498467351108,0.9523413293238766,0.9986868955095562,0.9982212635783928,0.9993971471141269,0.9991323031442852,0.8976688860784652,0.879553558804466,0.26372918107469756,0.9991782100648481,0.9991798227341444,0.987046831430728,0.999271384817307,0.3193701101973336,0.7250930413578383,0.9926410124280775,0.9926410124280775,0.9845259723565292,0.9875205694939256,0.25145618374198575,-0.17956720521047534,0.987904640969361,0.9913370231046629,0.17460136440335863,-0.23222212561201874,0.998292251562397,0.9982593171227746,0.3999782126624764,-0.3197319104775559,0.997007903556067,0.9981923076989969,0.8847010267842631,0.2426977190866761,0.9331709677977418,0.998120366810973,0.9331709677977418,0.9055783031939852,0.5994720288398375,0.9338322396080615,0.9086463116380167,0.7067214944401816,0.39547441338920397,-0.12448537575485068,-0.2122712840763989,0.9188689033408728,0.33269224217890325,0.962914838936234,0.9571057384292101,0.9734316350953603,0.9947325025215826,-0.05267999010548072,0.8569326961347582,0.813977967293635,0.8677832785347637,0.8094791473077485,0.7756349099850816,0.8094791473077485,0.7920517446449642,0.773505986682967,0.76925181956993,0.773505986682967,0.8596426191914512,0.3551012265542506,0.5608166931604757,0.6303487830306543,0.5608166931604757,0.5826290160288177,-0.3615320905214301,0.5501905919256411,-0.6409818473067398,0.4802497776992101,-0.12033644355938518,0.4127104122281281,-0.12033644355938518,-0.1596102705861844,0.8360406097399009,0.8520024475504115,0.8391477768541478,0.748671313980342,0.25185802590251366,0.8364852660981569,0.8380868438162722,0.8364852660981569,0.744063829269415,0.744063829269415,-0.20396701776290727,0.7235218820272474,0.2495997448407982,-0.6745541160969032,-0.6400997183480953,-0.6430171828837085,-0.16565593827602043,0.045803398500429866,0.32577227119128704,-0.010613900771784934,-0.5422469755776732,0.05424822343448061,-0.8338732916655484,-0.1699815781685039,0.06945029040504441,0.07064409690923129,-0.622524669950007,-0.5940159792275634,-0.09914387281461458,-0.6057509776055038,-0.8356153594631474,-0.391958652406724,-0.21860891233604554,-0.391958652406724,-0.29267467577823264,-0.3732904001762458,-0.3732904001762458,-0.826456194917179,-0.826456194917179,0.34768923601376484,0.5723699637201641,0.4864809506338093,0.7853178967322714,0.7300355950976629,-0.38957237850229376,0.05148384014289248,0.7321865290290597,0.7547200391879482,0.7321865290290597,-0.11426455967309772],[0.9927910237713432,0.9832174629794665,0.5570091102113982,0.9943715198318305,0.9973571574850314,0.9927910237713432,0.9999702221376902,0.9995498467351108,0.9995498467351108,1.0,0.9581954666189332,0.9996364126186712,0.9999715852390969,0.9999704938488312,0.9999753417484821,0.8111892185367097,0.7438662756056413,0.1701246485922344,0.9998126078305132,0.9998131959000138,0.9895552539323375,0.9999686998940495,0.1291889184869774,0.6959547962135022,0.995028370299966,0.995028370299966,0.994983042271803,0.9903000990552561,0.10225465761162195,-0.10497229888225303,0.9904659834218014,0.9904321679890256,0.012200780975157423,-0.184305672854063,0.9993784910695795,0.9993369163964974,0.7988233228155263,-0.4951653156975279,0.9989196274612665,0.9993828357837151,0.7917005641762627,0.14637121188033606,0.9992373705412665,0.9992425406557671,0.9992373705412665,0.9078271381195516,0.6151644498787138,0.9331904673805529,0.911081779563426,0.7287113463320796,0.008429543779354972,-0.5376290910876117,-0.15943638486334785,0.9232041625524388,0.2993179437757737,0.9630110483403811,0.9623688125748173,0.9803835125760432,0.9949221482407976,0.8795221369998589,0.8688502675637079,0.8958243687357929,0.8768699578381506,0.8942973888598458,0.8949130757160584,0.8942973888598458,0.8035374360675662,0.8437198151048276,0.8452174567595631,0.8437198151048276,0.8689201403615573,0.7756051478780879,0.85499706508319,0.8562269955850219,0.85499706508319,0.5948455496794623,0.43318825556571444,0.5637445940764358,-0.6459224978442007,0.5431114756672989,0.5092707328297379,0.5090706483019426,0.5092707328297379,-0.11042438029799038,0.8462083321286535,0.8659474180182015,0.8516711446416402,0.8883309942474031,0.18744319786086774,0.8509188548892958,0.8528836382369696,0.8509188548892958,0.8576602187839641,0.8576602187839641,-0.19077813209365882,0.7016067233489063,0.06262299646452418,-0.6773086127606195,-0.6637865572567464,-0.6648110877389023,-0.15454665416450616,0.056716665837482416,-0.17773896453302043,-0.17578338135937913,-0.5714838238005533,-0.3859887548938041,-0.8689096167145015,-0.5812980975095648,0.08408180857799762,0.08517014263800243,-0.612646491724067,-0.5890917586360087,-0.5457761637213996,-0.5909367808352614,-0.8054170825473685,-0.6115252826533009,-0.6137953214444067,-0.6115252826533009,-0.2771701647359033,-0.3629660325568238,-0.3629660325568238,-0.7853828555081306,-0.7853828555081306,0.3684451122430212,0.5878496375746558,0.8145042526826759,0.8006044765454391,0.741019933344859,-0.39561888939615836,0.6349303287787144,0.694850064763247,0.6950096441115525,0.694850064763247,0.10477461895507534],[0.976170542343554,0.9684899824275207,0.5133635078477525,0.9741152734481171,0.9659477593899107,0.976170542343554,0.9592672497030644,0.9523413293238766,0.9523413293238766,0.9581954666189332,1.0,0.9414575368533926,0.9592870055475446,0.9592217683304836,0.9589942055245954,0.6464552886039727,0.5662103261740095,-0.046653700189857795,0.9638472181429824,0.9638259662066531,0.9594063722363827,0.9593985063973499,0.05769452789090458,0.7371426585895248,0.9608991009763405,0.9608991009763405,0.961081009640699,0.8820866956171771,0.20996149025621352,-0.08723392254804789,0.9664837657581936,0.9665922908619892,0.17110092270059268,0.08717312971066261,0.9675938921091597,0.9678446662915621,0.8783563258841213,-0.3954211528039786,0.9503236235397163,0.9667502048532243,0.6238056515362714,-0.06800365289918908,0.968745342514412,0.9687132302124319,0.968745342514412,0.8050740974688261,0.41393175193645687,0.8101326377612373,0.8884496112385925,0.8455788191301837,-0.5290180372228048,-0.6817317471185758,-0.25774196257935167,0.8848328845195271,-0.0009001135358169671,0.915477823558943,0.9155421302506624,0.9354407490261805,0.9647735285948432,0.8832745652944249,0.8831793951015279,0.9034486473719691,0.8861009254791051,0.8967498001249554,0.8974062389064487,0.8967498001249554,0.8375985700878654,0.8199683942337279,0.82173311680392,0.8199683942337279,0.8799355661906237,0.8959851292952913,0.8783213442574705,0.8789526503965129,0.8783213442574705,0.6819187771359648,0.6088621113924182,0.6828404467676148,-0.3375900644620315,0.7026724075334169,0.7191024203273825,0.7215343264138786,0.7191024203273825,-0.2716823591936238,0.8835696104099809,0.9373568035331767,0.8984547058427717,0.8957095030958169,0.040764170830394936,0.8771208974420913,0.8782153092602322,0.8771208974420913,0.88634453190949,0.88634453190949,0.03894324543925617,0.38551607839492297,-0.10637865082874662,-0.607038806059748,-0.4238307981732564,-0.4259375278263961,-0.009872275012432648,0.41572094429538176,0.04907662293961645,-0.12918016406337607,-0.48295814241360163,-0.05950966206721278,-0.7998200981457819,-0.22107833986618508,0.30050419398917366,0.29976458829504554,-0.39216357974743193,-0.43445800032749127,-0.3532862188905638,-0.36258156400115626,-0.6692442769382507,-0.3733767685898877,-0.37563262432871725,-0.3733767685898877,-0.08881370393375528,-0.4016031384559733,-0.4016031384559733,-0.5395534575326935,-0.5395534575326935,0.528341357807045,0.6533005159391703,0.7521813227244071,0.6817790620899079,0.8196381946867485,-0.48675489782865244,0.38963256867769736,0.5408010238141306,0.5410849112632184,0.5408010238141306,-0.19324600023286592],[0.9863055041671719,0.9849498592328312,0.9959481582652487,0.9899502098542459,0.9963669036934292,0.9863055041671719,0.9996744330789554,0.9986868955095562,0.9986868955095562,0.9996364126186712,0.9414575368533926,1.0,0.9996728537614691,0.9996679630143273,0.9996377786174521,0.45462050653143493,0.36460921633386784,-0.47503693254362805,0.9997933353119729,0.999796274779562,0.9996781917924836,0.9996779924894786,-0.21019645705077525,0.97022377714488,0.9942275129937467,0.9942275129937467,0.9942079655564836,0.9925517630542051,0.13268194852316958,0.11643832864788016,0.9910728923857893,0.9911199797061918,0.9282405582093086,0.06889821202506986,0.9989726043086461,0.9989232524157824,0.9987892948978193,0.9993438801291351,0.9993795047317909,0.9990068417607278,0.40709417881569254,-0.48380477442536973,0.9987346729433151,0.9987435330492443,0.9987346729433151,0.901566269996561,0.45634783780047,0.9294842006723328,0.9089350027927284,0.7295287013108518,-0.4656393410421216,-0.6222738436787029,0.803207845741769,0.830562426850898,-0.3344072093637196,0.9269007171178919,0.9271197775698755,0.9674227746345397,0.9930900033887202,0.890088674478052,0.8976355869378821,0.8728643612091432,0.874137178279182,0.8798486974632319,0.8805582557233568,0.8798486974632319,0.7477226211372422,0.7123494487182672,0.7146444060020704,0.7123494487182672,0.8968639397353619,0.9036151478041576,0.8959455220350887,0.897102349319758,0.8959455220350887,0.45525409849848897,0.38822258947799515,0.49966837349534227,0.6072308623947259,0.5001539767031711,0.5329944375338292,0.5351250591102416,0.5329944375338292,-0.37416132326514917,0.8312064317845145,0.8699760559168722,0.8549676071166359,0.8970428097437398,-0.27835839611843566,0.8258821580979988,0.8262862087655691,0.8258821580979988,0.8369977462111411,0.8369977462111411,-0.24427495221575743,0.6935393569308627,-0.38170948370018876,-0.7695873237532053,-0.5361830959635171,-0.5386439990192811,-0.3985079083684591,0.20661200866962381,-0.2901894301077379,-0.49973698071809225,-0.7228135518354717,-0.37872282820350933,-0.6003649203488843,-0.44680263243541496,0.07873762719751945,0.07549707451584195,-0.5584133488471565,-0.5275962006472846,-0.5479812106937288,-0.5832041017686352,-0.5768947687627928,-0.551260342694412,-0.5543534401695189,-0.551260342694412,-0.41950729971540107,-0.6116162009320978,-0.6116162009320978,-0.6124454709277176,-0.6124454709277176,0.36412139073921773,0.3375362574456991,0.4664860295188419,0.5592923832164435,0.529111964233191,-0.5672169746278639,0.2959105152894462,0.289565857493472,0.28972835974702504,0.289565857493472,0.22225898010937353],[0.9921481342586106,0.9834074551602773,0.6247790581737284,0.9934867445040774,0.9971806954700149,0.9921481342586106,0.99999653710665,0.9982212635783928,0.9982212635783928,0.9999715852390969,0.9592870055475446,0.9996728537614691,1.0,0.9999901966693086,0.9999949570236674,0.8998955454784304,0.8827651776276443,0.28548633070506807,0.9998599150858843,0.9998600067031853,0.9897223511471788,0.9999972980002508,0.34505119881235147,0.7242656717311786,0.9907226842581228,0.9907226842581228,0.9864523634605736,0.9904382924417513,0.26916864582712585,-0.16614467205131342,0.9916284068868862,0.991501129028128,0.19344517700288216,-0.2263301500638156,0.9993387197168889,0.9994500173369689,0.4180212539840283,-0.31286430355790384,0.9989896518900904,0.9994127018647736,0.8866125546018274,0.26487358096930186,0.9407246983112424,0.9990860154313072,0.9407246983112424,0.9080539745686831,0.6146969307632876,0.9337786299509792,0.9119721980596673,0.7293816049032973,0.40880130783469015,-0.10910611378772657,-0.19931407653726022,0.9275261212155911,0.3531837869859477,0.9676497669280951,0.9623788381406496,0.9786063952832088,0.9957130326314452,-0.04275212198797201,0.8682547396196529,0.8297745051469102,0.8760881239965691,0.8241674717196115,0.7876645259295715,0.8241674717196115,0.8042163661788181,0.7920020747788868,0.7825349992194288,0.7920020747788868,0.8677440286892959,0.37410318077361826,0.5808262995658021,0.6464132187984998,0.5808262995658021,0.595257528143098,-0.3470450786013329,0.5645300747712256,-0.6333376555107386,0.4878017538725744,-0.09866991691539483,0.42875476873066687,-0.09866991691539483,-0.15306390504166834,0.8456932116157073,0.8661531394042639,0.8513870624944009,0.763106603456811,0.26947061896336455,0.8455741862152442,0.846986995370359,0.8455741862152442,0.7612311452998419,0.7612311452998419,-0.18894050912181554,0.6995454571315083,0.2425996716620505,-0.665298141183805,-0.6273976921331976,-0.6305061158402692,-0.15109442889559735,0.05325178014266542,0.33290024461303874,0.008484607892019557,-0.5297904577413369,0.0637516408823445,-0.8277250813958773,-0.1632289909888228,0.0846374598849916,0.08582288745207291,-0.6109978069073665,-0.5927834682513544,-0.09207367055492752,-0.5891642054903177,-0.8358705778825571,-0.38032631104974984,-0.21221357612137814,-0.38032631104974984,-0.27528201401428176,-0.35974497859509935,-0.35974497859509935,-0.8283169616233881,-0.8283169616233881,0.3675746929001705,0.5892360460037273,0.5052824979352533,0.8032530465423378,0.7425991357778782,-0.36795239059983487,0.06568770748924081,0.7514072049482025,0.770474037248847,0.7514072049482025,-0.13132370345105093],[0.9925631717373204,0.9832883212694394,0.6143443036698725,0.994206791349704,0.9972544108924439,0.9925631717373204,0.999986473131539,0.9993971471141269,0.9993971471141269,0.9999704938488312,0.9592217683304836,0.9996679630143273,0.9999901966693086,1.0,0.9999874558300096,0.8551755979939124,0.8016697559429954,0.28859873394404284,0.999882647510774,0.9998832196896601,0.9897013049741826,0.9999874306682324,0.3486196957067333,0.7193863589586371,0.9937192999022928,0.9937192999022928,0.9936812692812805,0.9903091992366875,0.2654440770893905,-0.16613904213726627,0.9918174383571707,0.9918297517744594,0.2181047348128882,-0.22514605699005508,0.9995114901132875,0.9994497269641132,0.8399117158558653,-0.4062707587900089,0.9989828506749342,0.9994166289361244,0.8410280892339176,0.2680334452299585,0.9994010831788425,0.9994055708894427,0.9994010831788425,0.9079587824067544,0.6150155699022802,0.9330994800247162,0.9110215688861192,0.7282774256691299,0.2887893600759779,-0.2801747238126735,0.09522808972099206,0.927360120368929,0.35445319522291274,0.9644225020100251,0.9623730819511196,0.9770785499585446,0.995955238316559,0.8871499919921472,0.866942480435303,0.9007218538970045,0.8756945845422108,0.8998276765101577,0.9006841151837477,0.8998276765101577,0.8029341689621778,0.86545071135724,0.8669091698294288,0.86545071135724,0.8671804081955182,0.7585084881384657,0.8609639325444217,0.8626004669346384,0.8609639325444217,0.5939849147504486,0.44003385546838975,0.5624001167528021,-0.6384776333976138,0.48562184047066415,0.49478936501150916,0.49592647996530254,0.49478936501150916,-0.15487954164202275,0.8451115648519626,0.8653176828698598,0.8504369842107227,0.8941819439541512,0.2732491681681475,0.8451233423000264,0.8468499501517983,0.8451233423000264,0.8558917125038454,0.8558917125038454,-0.18969895026215622,0.701405085952453,0.16305483626060768,-0.663274738664534,-0.6268537532029447,-0.6297524600617619,-0.1502679332436434,0.052173504467041824,0.11049300396095406,0.01104469548836101,-0.5270336337772561,-0.12231154711829707,-0.839643283857232,-0.38352987573206565,0.08447844118575618,0.08558975608021069,-0.6108779282073074,-0.5922611442458412,-0.3846762290629073,-0.5888243584611333,-0.8296901179878289,-0.49968714829692457,-0.49534370739866795,-0.49968714829692457,-0.2738151830402471,-0.35905000493818784,-0.35905000493818784,-0.8206050457234305,-0.8206050457234305,0.36857621004011365,0.5899555282489695,0.8241048109618783,0.8075090526733832,0.7436876159601228,-0.3668069850191967,0.7029254895341934,0.7413792431600158,0.7414597335615456,0.7413792431600158,-0.09967107405224619],[0.992203276391015,0.9832412515549864,0.6250047579123315,0.9935177037881457,0.9972084122518996,0.992203276391015,0.9999932813046272,0.9991323031442852,0.9991323031442852,0.9999753417484821,0.9589942055245954,0.9996377786174521,0.9999949570236674,0.9999874558300096,1.0,0.8937767005496313,0.8526312188205808,0.28560242176062745,0.9998625337423134,0.999862515658436,0.9898601548998314,0.999994889603708,0.34570516384003946,0.724119921276855,0.9939843704814838,0.9939843704814838,0.993887301372023,0.9903531545948686,0.2694328421192223,-0.1661779248028198,0.992441139881761,0.9924890640255085,0.19418290487467368,-0.22616327337570133,0.9993852886141116,0.9994488648468076,0.4170405215309207,-0.31208325554801364,0.998942831349305,0.9994150778033497,0.8851327292351613,0.26501249524705245,0.940267298673627,0.9991378451645365,0.940267298673627,0.9083147588300332,0.615365199971643,0.934017263113754,0.9122116331149868,0.7291191801297098,0.4101505591680869,-0.10758670925456745,-0.19952401625780466,0.9278766185152709,0.3534484278548456,0.9680423364059039,0.9626921435738386,0.9788729620826156,0.9957509967389374,-0.0437441409848497,0.8685239493049484,0.8296948006084716,0.8763206211773162,0.8241229874616198,0.7872442499155657,0.8241229874616198,0.804412531436293,0.7919524782093397,0.7829130423100201,0.7919524782093397,0.868056595330743,0.3734462868916101,0.5803438902326393,0.6464273590744399,0.5803438902326393,0.595125247957174,-0.34817769998678477,0.5644748556332931,-0.6335055191717524,0.48745787339902613,-0.09963803926897433,0.4284223070959808,-0.09963803926897433,-0.15301254680491783,0.8458274549048342,0.8658889591244135,0.8515184214169451,0.7549167698577363,0.2698357770117603,0.8456795912559638,0.8470830356231742,0.8456795912559638,0.7610490611117472,0.7610490611117472,-0.1903400581149138,0.7003280863428999,0.24308428955306471,-0.6652860874283494,-0.6277547919236064,-0.6308679977938895,-0.15219063083553352,0.0520868336747073,0.3332115595302135,0.008071635004024705,-0.5300115285030778,0.06383975739403012,-0.8269304014397332,-0.16306737784055053,0.0836879300640522,0.08487205798173357,-0.6115854273044685,-0.5930049134881198,-0.09150881421488033,-0.5903350231179499,-0.8358768683755382,-0.38026379522191256,-0.21167136987100688,-0.38026379522191256,-0.2761832131031989,-0.36018926205889346,-0.36018926205889346,-0.828655972700257,-0.828655972700257,0.3677696808593516,0.5888974733334009,0.5047838574630054,0.803683558702317,0.7420416527205319,-0.367513989550588,0.06504538260843787,0.7518093352910828,0.7710766733797122,0.7518093352910828,-0.13102543457176358],[0.8483265878587568,0.3729376692640331,0.4657157843335408,0.8476857085960665,0.7830091645694682,0.8483265878587568,0.8999578926641484,0.8976688860784652,0.8976688860784652,0.8111892185367097,0.6464552886039727,0.45462050653143493,0.8998955454784304,0.8551755979939124,0.8937767005496313,1.0,0.994752670729074,0.40903153124389374,0.8804616086223679,0.8804523408429885,0.8306741251773746,0.893047990388475,0.32760667313500436,0.49780078983999293,0.884763310286123,0.884763310286123,0.872507489885921,0.07009846528866316,0.19063714612441848,-0.18741611759760082,0.9135448527089923,0.9117977919478434,0.15177067653293763,-0.2534063715949593,0.8973723757835084,0.8274608693333465,0.30037176130210175,-0.31956092071397907,0.4696651486731757,0.8052589702276516,0.9984330639887418,0.3909091701560348,0.824882202984079,0.8971533649328888,0.824882202984079,0.43546936076679865,0.5747420684366455,0.07202188143659338,0.057483680189667666,0.29426418189531445,0.40763338618188527,-0.06452626407619265,-0.20995167498588757,0.8041989106409044,0.40471612844292076,0.8900922326947311,0.8160411751631741,0.8726724600017403,0.8872450122233552,-0.09565704561265095,0.38744157133312795,0.6796516419217629,0.6096870223758043,0.6716898457395767,0.6