var config = { responsive: true }

var correlationClose = {"data": [{"type": "heatmap", "z": [[1.0, 0.9999838423440149, 0.9766862957262984, 0.9996947248366127, 0.997201732282055, 1.0, 0.9898230389293685, 0.9849330501315285, 0.9903878513312373, 0.9732694283423885, 0.9783498107052125, 0.9898719730797597, 0.9900370797676274, 0.9899441933035722, 0.9900052373037069, 0.9930024084705155, 0.9931767983390739, 0.9910708693611341, 0.9910609826628366, 0.9909951402450238, 0.9898644686320917, 0.9765024197625816, 0.9629265901083855, 0.9754973274968322, 0.9754685409243835, 0.9471787626423634, 0.9510539069867094, 0.9420211439935134, 0.9898012084470875, 0.9897563097651534, 0.9855822218160453, 0.9744731022298238, 0.9930818430651444, 0.99403658482505, 0.9931014799192659, 0.9912721712660287, 0.985182375108928, 0.9936944218252577, 0.9936646118274727, 0.9946191382743866, 0.9932977962975619, 0.9932865056989152, 0.9932977962975619, 0.9006657665079358, 0.704939053678129, 0.8681224996574481, 0.9127857168169838, 0.8243468624795499, 0.9664725239318221, 0.9298852514819776, 0.9572476531298998, 0.9520267746788592, 0.9558348186029929, 0.9785575620733062, 0.9724537262888647, 0.9049576014187809, 0.89204012233641, 0.9255365461799979, 0.8946393694505621, 0.9218666635545856, 0.9228065820688446, 0.9218666635545856, 0.825398587955824, 0.90180727276863, 0.9031184708723762, 0.90180727276863, 0.8784054224783, 0.699754949114448, 0.8552432357166118, 0.8571802450075388, 0.8552432357166118, 0.5973356541565296, 0.484945843337298, 0.5715480563529536, 0.7239683579371899, 0.4561853164403914, 0.5237671879470404, 0.5259870324303083, 0.5237671879470404, -0.5948562224677908, 0.8656551638860444, 0.8961959340793495, 0.8778873402632512, 0.9066235902101837, 0.9321129642302989, 0.8643099374149321, 0.8658875024785715, 0.8643099374149321, 0.8779737110667801, 0.8779737110667801, -0.17564457812894255, 0.49007695416382374, 0.21902123532868467, -0.5047205802946904, -0.5356229120135976, -0.5393895958894162, 0.021508836469700247, 0.023466553434758276, 0.29784341391516145, 0.21697093469565815, 0.12884812080932864, 0.10432987032592828, 0.13170302907452253, -0.16121781404528043, 0.09513258946937087, 0.09527723648759384, -0.5052104654344446, -0.3983595952556571, -0.15907021141743202, -0.4442646730567082, -0.32622300189561937, -0.3017830448664261, -0.29216304068294263, -0.3017830448664261, -0.15591260164095624, -0.20578141462475777, -0.20578141462475777, -0.5145591176880596, -0.5145591176880596, 0.3974461463192097, 0.6735634157255579, 0.8801783989156449, 0.8574055256848626, 0.797244663627932, 0.6792197731634851, 0.779274074160035, 0.8207489201962914, 0.8209197181115196, 0.8207489201962914], [0.9999838423440149, 1.0, 0.962413603916096, 0.9991134458717686, 0.9924429919735572, 0.9999838423440148, 0.9733077869936823, 0.9622408296110088, 0.9730230785154254, 0.955330296788545, 0.9755985901605467, 0.9733618883749305, 0.9733116904909205, 0.9730923459478064, 0.9721688825192843, 0.9824351232765083, 0.9808485211869558, 0.9798604286053911, 0.9798239348205406, 0.9734462928154393, 0.9734340661103057, 0.9790800040479878, 0.9641612443128257, 0.964902771987937, 0.9649951507483469, 0.9476467065534308, 0.9710122818170699, 0.9265709787039954, 0.9728312895044114, 0.972891235019935, 0.9705818852063206, 0.9184569837284041, 0.9850834143213097, 0.9852038904734648, 0.986124556655617, 0.9762232019852329, 0.9830871600793105, 0.9850786871747388, 0.9858603171001531, 0.9856137039963069, 0.9862736470919199, 0.9862463385960925, 0.9862736470919199, 0.900822520318743, 0.6339370323943724, 0.8692414347483591, 0.9139059811685585, 0.8235628576450417, 0.8755621941979784, 0.8860507266556379, 0.8668428746378412, 0.8808668382193141, 0.8723003709734272, 0.9395929833891256, 0.9396314295793745, 0.9062013261716698, 0.9183085628485144, 0.8912739194191022, 0.8907454637157526, 0.8993277173243267, 0.9001982053095146, 0.8993277173243267, 0.7405592686273953, 0.7066923841060114, 0.709009545331406, 0.7066923841060114, 0.9115762482961306, 0.9178494928038397, 0.911149822825127, 0.9126660058660574, 0.911149822825127, 0.40814028203315916, 0.3528289559379366, 0.47545216761140446, 0.569237651347561, 0.4469509310349571, 0.49517567685222863, 0.4964359530499574, 0.49517567685222863, -0.17946054849288667, 0.8408150387465474, 0.8826103275125474, 0.86699757359782, 0.9145882730907906, 0.9162987361477581, 0.8339135973318901, 0.8343777886846842, 0.8339135973318901, 0.8464282802666205, 0.8464282802666205, -0.284655152307718, 0.4904437175743511, -0.37333842513369264, -0.44780191571673544, -0.45013800333461124, -0.45362795232669606, -0.24599479681500064, 0.19727445336794938, -0.16690735511185423, -0.31765963338145947, -0.17749781392155828, -0.2304740380145151, -0.25560720795761616, -0.2829016548592776, 0.0693653745492967, 0.0637670230711466, -0.4584713233023173, -0.4085290001160063, -0.4364113479363531, -0.4665040553309994, -0.45891398228711894, -0.4399091381854726, -0.4430245967282928, -0.4399091381854726, -0.3439676372176352, -0.46785289644444045, -0.46785289644444045, -0.44878778545635056, -0.44878778545635056, 0.39732616896101197, 0.4481592698506789, 0.5341045179092536, 0.6144817258807819, 0.5931468062926583, 0.2716931643549131, 0.4142371665144827, 0.4146348437286391, 0.4147040755839924, 0.4146348437286391], [0.9766862957262984, 0.962413603916096, 1.0, 0.9807449757674264, 0.9905700027433959, 0.9766862957262985, 0.9850194821140329, 0.9829598962304478, 0.9921086370156013, 0.9339850038424998, 0.9961773323980043, 0.9849684248642507, 0.982395531425843, 0.984727953681702, 0.9846162764911282, 0.987824624336154, 0.988944061185916, 0.9823922446684387, 0.982374385430756, 0.9906141531665109, 0.9848763724762164, 0.9903029258227932, 0.9786018918525317, 0.9822034982665294, 0.9822223578726625, 0.9783850308706055, 0.9764931576401842, 0.9455663682096075, 0.9669361227185946, 0.9670072240003734, 0.9721092065924937, 0.9481470041523781, 0.9809391160847911, 0.9875737609269198, 0.9792339813130759, 0.9823259163648237, 0.9932172927861354, 0.9895389577835254, 0.9790234836011926, 0.9866098364451493, 0.9806427827834606, 0.9799100819527768, 0.9806427827834606, 0.9105574258456979, 0.6214657943597776, 0.9148798567920706, 0.8901512041732894, 0.6672102329077207, 0.9095459400544301, 0.8575982844076434, 0.8973074949632908, 0.8942891313682366, 0.90251236449805, 0.9295078024191802, 0.93908072552697, 0.7347063539332169, 0.7905955423592312, 0.8106432530386635, 0.8296329092095273, 0.8028284302366056, 0.773117699536803, 0.8028284302366056, 0.7138443370296756, 0.7612597297354259, 0.7624926754626556, 0.7612597297354259, 0.8209196517227552, 0.3833719499646249, 0.5763328162608717, 0.6500022168007324, 0.5763328162608717, 0.4894092511717232, 0.46210877759266245, 0.4528639923793617, 0.6127447728540065, 0.38813680698275216, 0.4226025408558924, 0.388663893633787, 0.4226025408558924, -0.5865182826156059, 0.7878098668320542, 0.7645174638277102, 0.7679905478677347, 0.7498236298571531, 0.8777268489785196, 0.7946687751218022, 0.7974258972255577, 0.7946687751218022, 0.73938903978967, 0.73938903978967, -0.2870392413775841, 0.6939677643896378, 0.1668553751079394, -0.6024389111899893, -0.6293071782508177, -0.632133278212885, -0.09207401880895098, -0.01897161085616131, 0.2917590703537441, 0.08243548474381358, 0.02140361167535746, 0.05355617842568803, 0.020371659028616818, -0.15911261744129357, -0.004187366343482026, -0.004337766085058203, -0.5973654792724481, -0.5151137238500265, -0.11703227813146228, -0.5717527598298064, -0.4251568823517528, -0.3894041173845649, -0.21942903093131796, -0.3894041173845649, -0.28360678175683934, -0.34476495349190994, -0.34476495349190994, -0.6192095777717639, -0.6192095777717639, 0.3083904068616771, 0.577097032356952, 0.7858328521685758, 0.763833600275889, 0.732715515480857, 0.5711364966001041, 0.7125018432981479, 0.7202521621827072, 0.7521936956372803, 0.7202521621827072], [0.9996947248366127, 0.9991134458717686, 0.9807449757674264, 1.0, 0.9984545418948348, 0.9996947248366125, 0.9915658363202652, 0.9871430448011073, 0.9925874612590055, 0.9713078942362167, 0.9844537039615331, 0.9916014460867556, 0.991692891803666, 0.991643337104458, 0.9916885530581024, 0.9946460165078762, 0.9948050947964184, 0.9925646093171336, 0.9925555467567837, 0.9929578154258862, 0.9915845959786056, 0.9799405557337314, 0.9661446782607158, 0.9786132072639727, 0.9785861304678298, 0.9611824910110062, 0.9556849538996861, 0.9434835837117923, 0.9898221886326746, 0.9897886689835049, 0.9866597900942792, 0.9741068828993441, 0.9940062256526317, 0.9953387176454883, 0.9939810631853179, 0.992568513478112, 0.9897805164973634, 0.9952525061149342, 0.9943905820953821, 0.9958366008121856, 0.9941193638710742, 0.9941110353351218, 0.9941193638710742, 0.9010289838687856, 0.6928038974103573, 0.8796571843613737, 0.908585314373838, 0.8016959873389463, 0.9608815832312475, 0.9220654587730758, 0.9506688264728882, 0.9466029009619815, 0.95118775443119, 0.9744559603777501, 0.9698831121551744, 0.8776512883023418, 0.8803512147581593, 0.9087304692361042, 0.8882128911153003, 0.899881316540804, 0.9011799601367205, 0.899881316540804, 0.814100035649673, 0.8874647081778603, 0.8889144445184137, 0.8874647081778603, 0.8723100628023543, 0.6246025815367298, 0.8053274472787106, 0.8073459871701696, 0.8053274472787106, 0.5864402396023681, 0.45658330352570237, 0.5583903316711563, 0.7046362683628811, 0.4486389638451563, 0.4900178130306303, 0.49297853890405413, 0.4900178130306303, -0.5967929821983468, 0.8574911408342044, 0.8825296726275973, 0.8656318592067985, 0.8766473440130083, 0.9275896745242305, 0.8574022771588654, 0.8591842435939646, 0.8574022771588654, 0.8532930543337843, 0.8532930543337843, -0.1831359401701526, 0.5227186348869556, 0.22394181930432175, -0.5135077334391527, -0.5440374968908537, -0.5477137219882281, 0.008818286915211106, 0.016856795161507655, 0.2906601451880945, 0.2047589085098131, 0.1181973765797821, 0.09763770868395003, 0.12551244571636466, -0.16929250443801314, 0.08263661642437545, 0.08282682855339422, -0.513166734473307, -0.410068607260746, -0.16095181801787067, -0.4580050317007513, -0.32869755371720927, -0.30364839424892487, -0.29458452964369164, -0.30364839424892487, -0.1660494440361467, -0.2164679843679327, -0.2164679843679327, -0.5262133702784523, -0.5262133702784523, 0.38064293488531536, 0.661558351464064, 0.872987040246736, 0.8501984037284468, 0.7902139696290496, 0.6706861068018679, 0.7707652888000085, 0.812608534098638, 0.8127931047333755, 0.812608534098638], [0.997201732282055, 0.9924429919735572, 0.9905700027433959, 0.9984545418948348, 1.0, 0.997201732282055, 0.9964321703920686, 0.9940943967331208, 0.9966147786269386, 0.9598370101734992, 0.994490777499843, 0.996451575728033, 0.9965565588421073, 0.9964860492435826, 0.9964806475936515, 0.9975720679790802, 0.9972147915249685, 0.9971038232092583, 0.9970999408710739, 0.9964483824641368, 0.9964446035376695, 0.9928205879024988, 0.9793704628042551, 0.989227767403981, 0.9891795962340272, 0.9797474168415614, 0.9780082194970943, 0.9478646977002706, 0.9885455217466151, 0.9884837720697759, 0.9881735876527248, 0.9651835151965075, 0.9976780620387374, 0.9976281591904013, 0.9975377188904379, 0.997014696127292, 0.9969543911746009, 0.9978386852754086, 0.9979566131460078, 0.9976982583347913, 0.9976709969251715, 0.9976735048183114, 0.9976709969251715, 0.9187307722568558, 0.6560399527402679, 0.9069431500183985, 0.9104498348471172, 0.7638859745149075, 0.9414561456796261, 0.8944375788121502, 0.9304652732144945, 0.9322728941179005, 0.9405271730333685, 0.9679574557091162, 0.9680470163846974, 0.8664672726847019, 0.8525391970549656, 0.8886119292497588, 0.8700637026970299, 0.8864380550168643, 0.8870509948362899, 0.8864380550168643, 0.779461425792483, 0.8221067600153266, 0.8239402164719533, 0.8221067600153266, 0.8557071733274679, 0.7309709820291256, 0.8349370919756792, 0.8362702656016842, 0.8349370919756792, 0.5328382896749617, 0.3928319675269527, 0.5132494511055489, 0.6885624921662634, 0.5040635638391456, 0.4801953975065198, 0.48066809968062274, 0.4801953975065198, -0.582091115513081, 0.8325040806248669, 0.8442977632603369, 0.8321360009883638, 0.8781289660725289, 0.8986141693502379, 0.8354751671242882, 0.8372250873815341, 0.8354751671242882, 0.8442006367677638, 0.8442006367677638, -0.23085660487566792, 0.5948791192073728, 0.08006092888840581, -0.5725186605872149, -0.6080633452186988, -0.6084028278067782, -0.02974713008293924, 0.036332872697374556, -0.10789287063445671, -0.046618975998620825, -0.03587735689532396, -0.2802941196475521, -0.3331812812735395, -0.48061002631736516, 0.045116899123700926, 0.045131281132984855, -0.54701825686495, -0.45224539731856106, -0.4733224775423304, -0.5069134110838547, -0.5646318252521169, -0.5347620463723838, -0.5371748385384226, -0.5347620463723838, -0.21425559567822905, -0.25874957048502684, -0.25874957048502684, -0.6342341008700018, -0.6342341008700018, 0.355041609135104, 0.638859684567556, 0.8204526684983493, 0.7908416298173319, 0.7766202885803235, 0.5981591544898905, 0.619225091977799, 0.7049157887799975, 0.7052767012523604, 0.7049157887799975], [1.0, 0.9999838423440148, 0.9766862957262985, 0.9996947248366125, 0.997201732282055, 1.0, 0.9898230389293685, 0.9849330501315285, 0.9903878513312373, 0.9732694283423885, 0.9783498107052125, 0.9898719730797597, 0.9900370797676274, 0.9899441933035722, 0.9900052373037069, 0.9930024084705155, 0.9931767983390739, 0.9910708693611341, 0.9910609826628366, 0.9909951402450238, 0.9898644686320917, 0.9765024197625816, 0.9629265901083855, 0.9754973274968322, 0.9754685409243835, 0.9471787626423634, 0.9510539069867094, 0.9420211439935134, 0.9898012084470875, 0.9897563097651534, 0.9855822218160453, 0.9744731022298238, 0.9930818430651444, 0.99403658482505, 0.9931014799192659, 0.9912721712660287, 0.985182375108928, 0.9936944218252577, 0.9936646118274727, 0.9946191382743866, 0.9932977962975619, 0.9932865056989152, 0.9932977962975619, 0.9006657665079358, 0.704939053678129, 0.8681224996574481, 0.9127857168169838, 0.8243468624795499, 0.9664725239318221, 0.9298852514819776, 0.9572476531298998, 0.9520267746788592, 0.9558348186029929, 0.9785575620733062, 0.9724537262888647, 0.9049576014187809, 0.89204012233641, 0.9255365461799979, 0.8946393694505621, 0.9218666635545856, 0.9228065820688446, 0.9218666635545856, 0.825398587955824, 0.90180727276863, 0.9031184708723762, 0.90180727276863, 0.8784054224783, 0.699754949114448, 0.8552432357166118, 0.8571802450075388, 0.8552432357166118, 0.5973356541565296, 0.484945843337298, 0.5715480563529536, 0.7239683579371899, 0.4561853164403914, 0.5237671879470404, 0.5259870324303083, 0.5237671879470404, -0.5948562224677908, 0.8656551638860444, 0.8961959340793495, 0.8778873402632512, 0.9066235902101837, 0.9321129642302989, 0.8643099374149321, 0.8658875024785715, 0.8643099374149321, 0.8779737110667801, 0.8779737110667801, -0.17564457812894255, 0.49007695416382374, 0.21902123532868467, -0.5047205802946904, -0.5356229120135976, -0.5393895958894162, 0.021508836469700247, 0.023466553434758276, 0.29784341391516145, 0.21697093469565815, 0.12884812080932864, 0.10432987032592828, 0.13170302907452253, -0.16121781404528043, 0.09513258946937087, 0.09527723648759384, -0.5052104654344446, -0.3983595952556571, -0.15907021141743202, -0.4442646730567082, -0.32622300189561937, -0.3017830448664261, -0.29216304068294263, -0.3017830448664261, -0.15591260164095624, -0.20578141462475777, -0.20578141462475777, -0.5145591176880596, -0.5145591176880596, 0.3974461463192097, 0.6735634157255579, 0.8801783989156449, 0.8574055256848626, 0.797244663627932, 0.6792197731634851, 0.779274074160035, 0.8207489201962914, 0.8209197181115196, 0.8207489201962914], [0.9898230389293685, 0.9733077869936823, 0.9850194821140329, 0.9915658363202652, 0.9964321703920686, 0.9898230389293685, 1.0, 0.996982070449122, 0.9999662755196721, 0.9484392297890787, 0.9995138172027347, 0.9999958659338296, 0.999956059163648, 0.9999917826313752, 0.9999147086605474, 0.9936310702082861, 0.99980355613802, 0.9998193368358379, 0.999819761353009, 0.999994206029592, 0.9999962893072514, 0.9906776706620842, 0.9740601012074418, 0.9832163853420369, 0.9920587167611484, 0.9815002037642424, 0.9700017286327117, 0.9373388389515247, 0.9926066207317963, 0.9922450269773415, 0.992149460386133, 0.9681578355323979, 0.9992731482745885, 0.9993572806044829, 0.9993324191804593, 0.9997297050085133, 0.9984630423903185, 0.9992294721011912, 0.9981436245812024, 0.9993409700949933, 0.9990831476137, 0.998996099699179, 0.9990831476137, 0.9245118799061915, 0.6532237532471116, 0.9280281219577902, 0.9107970958310979, 0.7069517187776384, 0.9493922444662543, 0.9125996646709076, 0.9370814444458702, 0.9279172925658281, 0.9392681466536891, 0.9693828714938431, 0.96144144018701, 0.689771432247707, 0.7942811834493424, 0.7810384873697194, 0.8264060191074193, 0.7735904783980425, 0.7456033036315156, 0.7735904783980425, 0.7299074572540712, 0.7481097366915923, 0.7519541979097494, 0.7481097366915923, 0.8086214225359398, 0.2581866905723964, 0.4811652532865593, 0.57801797587167, 0.4811652532865593, 0.497207164041562, 0.45887101891523496, 0.4541571744834925, 0.5887263868024145, 0.3637637781947648, 0.39560860416081983, 0.34270358654318694, 0.39560860416081983, -0.6508688361367109, 0.7846059464375883, 0.7831354099692103, 0.7771266598515951, 0.7154291836994447, 0.8822772622835782, 0.7907361359669739, 0.7932672739088217, 0.7907361359669739, 0.6953284928449105, 0.6953284928449105, -0.2693138108979299, 0.6546483139900346, 0.26719774497395454, -0.5624082237505471, -0.5909488166479466, -0.5941248132231384, -0.049048448768062414, -0.03839603149320513, 0.3844689417358491, 0.16094584633896358, 0.07315783560426413, 0.14109736566444853, 0.10939401306837833, -0.07768785215104448, 0.0061647356466109264, 0.006455677927308724, -0.56383508389842, -0.48662103214226304, -0.005052055365917271, -0.5486938608409662, -0.33639112222876116, -0.3034809479727575, -0.12598412779143356, -0.3034809479727575, -0.253360649707404, -0.2724629618059725, -0.2724629618059725, -0.5963049085388942, -0.5963049085388942, 0.34933578873108134, 0.6116316193777694, 0.8044284263175877, 0.8100864305800589, 0.7628501215727643, 0.6506669798851993, 0.749239391414206, 0.7723792958625765, 0.790565951440745, 0.7723792958625765], [0.9849330501315285, 0.9622408296110088, 0.9829598962304478, 0.9871430448011073, 0.9940943967331208, 0.9849330501315285, 0.996982070449122, 1.0, 0.9994116319211116, 0.9393176768251339, 0.9979512020483301, 0.9978165896504507, 0.999197816852141, 0.9989134835194186, 0.9985814210195537, 0.9856593758249672, 0.9988191991619982, 0.9989765500824243, 0.9989799689168088, 0.9994612337052152, 0.9990944099252161, 0.9905254404016102, 0.9744000222833467, 0.991193997585515, 0.9918659262098792, 0.9756826757596662, 0.9720708531080902, 0.9353870915367205, 0.9889718203549605, 0.9924003279216375, 0.990379544132051, 0.9643291933927621, 0.9980597804406803, 0.9979314998710537, 0.9979444334295836, 0.9989470903247933, 0.995452156665174, 0.9976806126556726, 0.9974838216944006, 0.9977955928142566, 0.9978822906073348, 0.9979144992002742, 0.9978822906073348, 0.9232049513467534, 0.6374934853781508, 0.9308909348757775, 0.90804811751481, 0.6776121834337304, 0.9471829146805977, 0.9052287912279464, 0.9334200141239719, 0.9185671317494123, 0.9314440085656353, 0.9645795952925353, 0.9556821715617041, 0.6721824410020071, 0.7752430621583976, 0.7598865718681038, 0.8138114690946673, 0.7537706786088446, 0.7307063258274523, 0.7537706786088446, 0.7126656605400348, 0.7250515751903824, 0.7362188820272021, 0.7250515751903824, 0.7958979400631364, 0.23357117989987658, 0.45485980339337995, 0.5577726375070158, 0.45485980339337995, 0.48020104532080715, 0.450564310015823, 0.4350236676677779, 0.5699921295772317, 0.3523048971378756, 0.38176173967725985, 0.32267532008059735, 0.38176173967725985, -0.65124548166607, 0.7701659484863459, 0.758576533706401, 0.757767788681161, 0.6975849202064797, 0.8713473174330261, 0.7771430058177307, 0.7799556514476308, 0.7771430058177307, 0.6722998740197677, 0.6722998740197677, -0.28873732477058256, 0.6907006869236306, 0.2764026038653973, -0.5784554593795742, -0.6064028090592615, -0.6093749223974902, -0.06541095262132697, -0.0487013887780756, 0.3780000838688952, 0.14126576303361243, 0.05653653212001498, 0.13202205802886477, 0.0934718374436604, -0.08400338413152784, -0.012546621397332676, -0.01224149918855498, -0.5778408948810774, -0.5044146194133408, -0.011685872940023807, -0.5699627957716158, -0.3508469082110233, -0.3160690754311435, -0.13205511489684216, -0.3160690754311435, -0.2743550640179446, -0.288478561909202, -0.288478561909202, -0.6114513502839717, -0.6114513502839717, 0.3220635849619234, 0.5924062183602845, 0.7940228396650448, 0.7910083258750267, 0.7485952247815788, 0.6335781584949893, 0.7323561296930455, 0.7520643843064994, 0.7741260753229191, 0.7520643843064994], [0.9903878513312373, 0.9730230785154254, 0.9921086370156013, 0.9925874612590055, 0.9966147786269386, 0.9903878513312373, 0.9999662755196721, 0.9994116319211116, 1.0, 0.9471518283438924, 0.9994468864774381, 0.9999674303940671, 0.9999629424592129, 0.9999726334379628, 0.999927756433809, 0.9979703718054735, 0.9997063439674916, 0.9997521681604618, 0.9997531518159246, 0.9999644710472145, 0.9999647932426307, 0.9939493860737932, 0.9768734229377664, 0.9934142006612061, 0.9933508406254025, 0.9812637575618941, 0.976039813552821, 0.9394558909906283, 0.9910680753368243, 0.9910351236419702, 0.9889231433286164, 0.9634711432409553, 0.9992868916622153, 0.999249422615589, 0.9991076394150018, 0.9998574591770638, 0.9983628964192933, 0.9992198092320638, 0.9991171999594087, 0.9992201255359523, 0.9991276189585339, 0.9991337302219774, 0.9991276189585339, 0.9245935985013851, 0.6546736452618575, 0.9281726882668113, 0.9109619415435272, 0.7063008504473923, 0.936633756370704, 0.8863620107761205, 0.9212035082811231, 0.9234020104366594, 0.935613488010906, 0.9629550343464389, 0.9618643160568885, 0.8355783513675745, 0.7951794788339512, 0.8585599516363964, 0.8272274309378324, 0.8564483786327814, 0.8573044046862526, 0.8564483786327814, 0.7289744988477095, 0.8015772276595159, 0.8034597448380257, 0.8015772276595159, 0.8100380403199794, 0.6879384122457347, 0.8011835426854078, 0.8029128174156824, 0.8011835426854078, 0.49615491995373057, 0.3128215817062748, 0.45353945185816064, 0.6324929801348989, 0.4252885083563692, 0.38770384658841484, 0.38804714337332197, 0.38770384658841484, -0.6305793328138698, 0.7850437380575225, 0.7826772481082577, 0.7771039806386466, 0.8476881120770665, 0.8692244754491729, 0.7974897744035263, 0.8002616356677975, 0.7974897744035263, 0.8061432205770989, 0.8061432205770989, -0.2719893813053271, 0.6552051428467192, 0.10329438644200971, -0.5919959044608463, -0.636162016710919, -0.6369650019306383, -0.05271118760354193, -0.036745752900280794, -0.1177962288777971, -0.021339602360819387, -0.024461675525460625, -0.3150446516487044, -0.34380372702258877, -0.5236600698313928, 0.00466005623028603, 0.005257823907451012, -0.5658974508188619, -0.4890353316306507, -0.4847234199670645, -0.5511421304092002, -0.5817376861088381, -0.5609777502364831, -0.5628634103898642, -0.5609777502364831, -0.2559949804925442, -0.2763396710685987, -0.2763396710685987, -0.6945598937385025, -0.6945598937385025, 0.35004401519176215, 0.6106179573010823, 0.8266135136665714, 0.8020175360732499, 0.7613194187165746, 0.6356045555375853, 0.6508312854518247, 0.7230817904641984, 0.7232307454988327, 0.7230817904641984], [0.9732694283423885, 0.955330296788545, 0.9339850038424998, 0.9713078942362167, 0.9598370101734992, 0.9732694283423885, 0.9484392297890787, 0.9393176768251339, 0.9471518283438924, 1.0, 0.9148554206624362, 0.9484841088001571, 0.9485963321889176, 0.9481063781856989, 0.9474001510850419, 0.949938142024088, 0.9558252050162263, 0.9548597050751438, 0.9548283211065877, 0.9486365783565309, 0.9486227714483871, 0.9477461700661313, 0.9393734873911278, 0.9505454895078612, 0.9507638700960542, 0.7915448217978825, 0.9553131374836882, 0.9494645094351348, 0.9562155073582815, 0.9563607828022099, 0.9543116909180882, 0.9279862402316745, 0.9592105091414385, 0.9594777798386611, 0.9603442435742794, 0.9507034443231135, 0.928014804497959, 0.9584062490936743, 0.9599997125500687, 0.9597997155309189, 0.9606595032007992, 0.9606196983249291, 0.9606595032007992, 0.7711153048805987, 0.4532198787141398, 0.7129639901875707, 0.8644594305526587, 0.8478018950383845, 0.874497861888824, 0.7511552597022211, 0.8523969066062179, 0.8655439568347063, 0.8757388845997458, 0.8933887176795215, 0.8934338036993409, 0.846917650161773, 0.8376056101012258, 0.8744685315770583, 0.8493193541245362, 0.8652604844815257, 0.866247957529897, 0.8652604844815257, 0.7818959850218153, 0.7615388036838495, 0.7638168618667631, 0.7615388036838495, 0.842313184587623, 0.8662473918727143, 0.8401002510347249, 0.8410331341182478, 0.8401002510347249, 0.6057583858361163, 0.5257113716648592, 0.6058340800113228, 0.7322844609478067, 0.6235963213292316, 0.6463031544213489, 0.6498679935251563, 0.6463031544213489, -0.2624115374998279, 0.8443084542789978, 0.9116276548785596, 0.8644382328590777, 0.8651796702178162, 0.8767044975985343, 0.8352633358970217, 0.8367858186272656, 0.8352633358970217, 0.8486878087512923, 0.8486878087512923, 0.013757591046894545, 0.20464664083427792, -0.06418433256473684, -0.3357100528873456, -0.36974237338068555, -0.3716587322988168, 0.12367827980111987, 0.3692050260821132, 0.14690309427631112, 0.05133976228785527, 0.15349661721877722, 0.06281040101564025, -0.04563385888333243, -0.0991560722569881, 0.26095339250064725, 0.25974983422822945, -0.31796227080697975, -0.26463941495622023, -0.2679963500236636, -0.2697648787371562, -0.3427583953375536, -0.2910086853978542, -0.29276722263224453, -0.2910086853978542, -0.03351750528187467, -0.3098580250676173, -0.3098580250676173, -0.3785722399530597, -0.3785722399530597, 0.5800152927740135, 0.6824084208108767, 0.7605982603870952, 0.6629351893785604, 0.8403927468475186, 0.3032712147907837, 0.3933034304749829, 0.5762200572853097, 0.5764857500046476, 0.5762200572853097], [0.9783498107052125, 0.9755985901605467, 0.9961773323980043, 0.9844537039615331, 0.994490777499843, 0.9783498107052125, 0.9995138172027347, 0.9979512020483301, 0.9994468864774381, 0.9148554206624362, 1.0, 0.9995108082041112, 0.9995063627377451, 0.9994517617603954, 0.9994921286700611, 0.9982784085180454, 0.9995529092293496, 0.9996832870453436, 0.9996888089832524, 0.9995199206832993, 0.9995210198475909, 0.9912538344281077, 0.9565139088964831, 0.9909158427004974, 0.990886957558041, 0.9853715010809256, 0.9717752880897669, 0.8923812328836318, 0.9885021959861977, 0.9885634635098303, 0.9702779077836339, 0.8874253204367545, 0.9985397798630415, 0.9984862232220953, 0.9982447283342037, 0.9991797936933842, 0.9990998141334138, 0.9985163144532706, 0.9982618344891984, 0.9984416503373607, 0.9981961877952588, 0.998210581673586, 0.9981961877952588, 0.9184108096517253, 0.5473872019378583, 0.9238185594937142, 0.9098295335583721, 0.7088110572664641, 0.8319919859826644, 0.8364109572603824, 0.8205402477599755, 0.8192897904514069, 0.8282650148610858, 0.9223717286115489, 0.9225549973113297, 0.8217307246551523, 0.8337533037339009, 0.7939727479386413, 0.7967951000791668, 0.8049514587855211, 0.8060516667834461, 0.8049514587855211, 0.6099190173979367, 0.5702815224864071, 0.5730633586258013, 0.5702815224864071, 0.8348529940180749, 0.8460390523012683, 0.8327810263244741, 0.8346248162503364, 0.8327810263244741, 0.2575446606852963, 0.19061886487068058, 0.3198158727359621, 0.43448135106837543, 0.30246752336794913, 0.3592868758102399, 0.3625763377597548, 0.3592868758102399, -0.3949336756867579, 0.7294363986853436, 0.7877065116860891, 0.7644339426456617, 0.8322687389908775, 0.8286410830836725, 0.7211825533002845, 0.7218347491339862, 0.7211825533002845, 0.7373038114464637, 0.7373038114464637, -0.33695821980718615, 0.6450671723604059, -0.39392481203434526, -0.5354073069585611, -0.5379219692279313, -0.5401610662319826, -0.31858646016776176, 0.11867645871343942, -0.23616622321848146, -0.37956562699338514, -0.2454009940593039, -0.30513191517021476, -0.34047325359553504, -0.3700477850774248, -0.01236428704298675, -0.016850759945165876, -0.5427620184619565, -0.5039110692992151, -0.5215792979967919, -0.5563545235262228, -0.5507667624287979, -0.5260754388572242, -0.5288630540887753, -0.5260754388572242, -0.43357943742352545, -0.5858307784427281, -0.5858307784427281, -0.5970480213664598, -0.5970480213664598, 0.34483467624240977, 0.37564696700520095, 0.47328098340969976, 0.5549652205948682, 0.5578218675205929, 0.16892585574918892, 0.314404067206112, 0.34229532286354875, 0.3424483818180506, 0.34229532286354875], [0.9898719730797597, 0.9733618883749305, 0.9849684248642507, 0.9916014460867556, 0.996451575728033, 0.9898719730797597, 0.9999958659338296, 0.9978165896504507, 0.9999674303940671, 0.9484841088001571, 0.9995108082041112, 1.0, 0.9999614258470144, 0.9999938166079181, 0.999920340385278, 0.9944933283884427, 0.9998058054277428, 0.99982085681545, 0.9998212110228076, 0.9999959726630626, 0.9999969372511601, 0.990629889734148, 0.9740257198953047, 0.9888963609655305, 0.9920317090669878, 0.981471925306396, 0.9699010332114654, 0.9372773746438983, 0.9925933952863834, 0.9922591346951154, 0.9921409030137239, 0.9681838901518696, 0.9992756963873702, 0.999362646500638, 0.999341930920887, 0.9997355156115514, 0.9984668087348725, 0.9992398724641406, 0.9981479705290116, 0.9993490436664795, 0.9990881327068137, 0.9989992999116274, 0.9990881327068137, 0.9245506419495348, 0.6534080780239774, 0.9283145817545211, 0.9110698198083682, 0.7071477543822517, 0.9494403564479862, 0.9128087710702092, 0.9371712689445465, 0.9280180038528288, 0.9393531984309424, 0.9694892769667155, 0.9615272500196168, 0.6896943194660419, 0.7944485551996612, 0.7811573353262382, 0.8265286803388677, 0.7737076745015765, 0.7455343755313504, 0.7737076745015765, 0.7299794956468537, 0.7481752348022718, 0.7518798721585577, 0.7481752348022718, 0.8087885658349518, 0.25803994552943077, 0.481175516059085, 0.577914805748394, 0.481175516059085, 0.49713896079336173, 0.4587770941748851, 0.4540991434873464, 0.588759882295196, 0.36362970799752337, 0.39570519171306845, 0.34274637245090595, 0.39570519171306845, -0.6510229232931432, 0.7846757268666832, 0.7832909727639541, 0.7772312618594368, 0.7154188089930718, 0.8823897636902406, 0.7908261999847115, 0.7933523089664808, 0.7908261999847115, 0.6954145058967951, 0.6954145058967951, -0.26929999934357063, 0.6546745371776524, 0.2673270000164869, -0.5623620134543567, -0.5908520592688585, -0.5940335762881301, -0.04912205413222737, -0.038560350157762824, 0.3846565898050249, 0.16098598147408147, 0.07311338021250828, 0.14138126850687635, 0.10965840252706932, -0.07736756053665553, 0.006197733970090672, 0.006506007104981396, -0.5638177761245295, -0.4866440157496141, -0.004774142444635092, -0.5486662307279855, -0.33610439817915144, -0.3032231884277102, -0.12575156158582615, -0.3032231884277102, -0.2531997174497243, -0.2724073826273511, -0.2724073826273511, -0.5961621263132761, -0.5961621263132761, 0.34991466818730577, 0.6118171547448823, 0.8044694223031225, 0.8103713849806715, 0.7629652454360999, 0.6509435455058649, 0.7493910810120559, 0.7726525478455569, 0.7906947780392344, 0.7726525478455569], [0.9900370797676274, 0.9733116904909205, 0.982395531425843, 0.991692891803666, 0.9965565588421073, 0.9900370797676274, 0.999956059163648, 0.999197816852141, 0.9999629424592129, 0.9485963321889176, 0.9995063627377451, 0.9999614258470144, 1.0, 0.999965921321212, 0.9999080219960448, 0.9974267412247855, 0.9998012413437104, 0.9998635989791219, 0.9998642542028027, 0.9999823281349699, 0.9999605108168105, 0.9901569275392581, 0.9738291880827005, 0.9927790785284016, 0.9927376109984446, 0.9814392854647089, 0.9695116251474456, 0.9371992167179043, 0.9933682757664625, 0.9933871171557846, 0.9918885870938062, 0.9679771919418445, 0.9995025492519699, 0.9993665233931203, 0.999397870962479, 0.9998854702276501, 0.9984634977439213, 0.999247242405226, 0.999206297869452, 0.9993591943389755, 0.9993753590353656, 0.9993793662411757, 0.9993753590353656, 0.9246431726750662, 0.6535666357764411, 0.9283091792543099, 0.9110326606467007, 0.707139992674166, 0.9537159968612535, 0.9102650883953264, 0.9391324345342449, 0.9281021612037856, 0.9393481550964538, 0.9692128025893538, 0.9615982308213937, 0.6409711152245757, 0.7941617064764395, 0.7798893416488205, 0.8270104185069631, 0.7726309612486294, 0.7164297965920288, 0.7726309612486294, 0.7298980797690358, 0.7382178644885051, 0.7427937212281012, 0.7382178644885051, 0.8092680057864428, 0.18616112883882976, 0.46831340559285317, 0.4743660339366577, 0.46831340559285317, 0.49729209694844256, 0.35059311414748623, 0.4543536990329123, 0.5882550662005666, 0.3638552879408497, 0.3621894893631466, 0.34237941653540305, 0.3621894893631466, -0.6512128920829212, 0.7851701169918179, 0.7832715939941818, 0.7769888095086313, 0.6527752302995687, 0.8828922518028449, 0.7913615782507296, 0.7938819907688294, 0.7913615782507296, 0.6938656187579982, 0.6938656187579982, -0.26894807113827784, 0.6545596712281762, 0.27097441335288314, -0.5622030105695587, -0.5905110533237166, -0.5936926031132761, -0.04951179636183886, -0.0384540391779992, 0.3371760847492194, 0.16115253171166133, 0.07285604129601943, 0.1448293062523836, 0.11206012640757854, -0.0875821630903883, 0.006321242419905357, 0.006633306428269829, -0.5639878567111538, -0.48672515659556315, -0.07045273647338439, -0.5483801919572622, -0.3340507554863773, -0.3009423116860012, -0.2134412295298515, -0.3009423116860012, -0.25273196787359975, -0.2735350056313635, -0.2735350056313635, -0.5954097640491152, -0.5954097640491152, 0.3500439522946511, 0.611992448736034, 0.7892323492927457, 0.8104152797589186, 0.7633538057927499, 0.650677840863214, 0.707480660434455, 0.7605164830044319, 0.7606742271470247, 0.7605164830044319], [0.9899441933035722, 0.9730923459478064, 0.984727953681702, 0.991643337104458, 0.9964860492435826, 0.9899441933035722, 0.9999917826313752, 0.9989134835194186, 0.9999726334379628, 0.9481063781856989, 0.9994517617603954, 0.9999938166079181, 0.999965921321212, 1.0, 0.9999333879618328, 0.9972713639371966, 0.9997958025036087, 0.9998241939052036, 0.9998244192208066, 0.9999938018354894, 0.9999940201795654, 0.9904775140534428, 0.9739198956098027, 0.9926129621495622, 0.9924868187953969, 0.9813288680842265, 0.9695504530717696, 0.936878126845725, 0.9933190933332511, 0.9933654567570745, 0.9921798455373778, 0.9683720430464869, 0.9993286754654341, 0.9993613287324725, 0.9993745385554849, 0.9997749022654343, 0.9983928005892488, 0.9992434946382828, 0.9984766457179849, 0.9993581536595264, 0.9991393363858658, 0.9990582400514607, 0.9991393363858658, 0.924807684224913, 0.6541988317990972, 0.9286497886546791, 0.9113613492034767, 0.7067437881450295, 0.9500337052539848, 0.913581499897318, 0.9378075601318044, 0.9284484323100382, 0.9397471493330164, 0.9699316633462225, 0.9619340186514841, 0.6900060398419633, 0.7947353473299078, 0.7810764211465553, 0.8268182446063526, 0.7736720949097525, 0.74517517059458, 0.7736720949097525, 0.7301882023318963, 0.748121745926371, 0.7523202360519675, 0.748121745926371, 0.8091722500045995, 0.2573235482635182, 0.4806259981850861, 0.5779651449423223, 0.4806259981850861, 0.4969492931805101, 0.4593487808212074, 0.45398088187850544, 0.5884956685357647, 0.36319965193852555, 0.39573697487698845, 0.3423733314208952, 0.39573697487698845, -0.6514197118381996, 0.7848192770745749, 0.7827805894398732, 0.7773140814042475, 0.7043513581849082, 0.8826843886991702, 0.7909694005080551, 0.7934836896775856, 0.7909694005080551, 0.6952077667690485, 0.6952077667690485, -0.27116012876900714, 0.6557512743955071, 0.26785852790613857, -0.5629289010558127, -0.5912772534938382, -0.5944645162385876, -0.05041096718933475, -0.03993022782620854, 0.3849456997515909, 0.16046609492088337, 0.07219215461187874, 0.1414372665767422, 0.1097147284792904, -0.07722281933107665, 0.005040345705977377, 0.005344017284977468, -0.5645342124935805, -0.48776602391423135, -0.004177597543379371, -0.550224788682865, -0.3359763912416737, -0.30317062722535765, -0.1251790075987956, -0.30317062722535765, -0.25431457454442824, -0.2729277916126619, -0.2729277916126619, -0.5962654664725179, -0.5962654664725179, 0.35008667173887914, 0.6114968702269942, 0.8050085444960863, 0.8108380240239764, 0.7623801014534719, 0.6517513162111697, 0.7501863441537804, 0.773052715148376, 0.7913057185905704, 0.773052715148376], [0.9900052373037069, 0.9721688825192843, 0.9846162764911282, 0.9916885530581024, 0.9964806475936515, 0.9900052373037069, 0.9999147086605474, 0.9985814210195537, 0.999927756433809, 0.9474001510850419, 0.9994921286700611, 0.999920340385278, 0.9999080219960448, 0.9999333879618328, 1.0, 0.9973898728665602, 0.9996881691364347, 0.9997709661910377, 0.9997720737932851, 0.9998967417988363, 0.9999160315538675, 0.9902308781935079, 0.9736839926080639, 0.9918660736618106, 0.9914878728592577, 0.981378002451707, 0.9692548590859561, 0.9368696439966261, 0.9924152357845005, 0.9924217305686005, 0.9915678043943476, 0.967459106714543, 0.9993388402424899, 0.9992104573644862, 0.9993125664405418, 0.9997618605374151, 0.9982958514162482, 0.9992224468856715, 0.99846263068398, 0.9992336781793649, 0.9991567251852169, 0.9990897515947172, 0.9991567251852169, 0.9234333254326219, 0.654608181713117, 0.9274760796914696, 0.9103017098762405, 0.7037713476645366, 0.9506030608859122, 0.9144832338297151, 0.9388000261138192, 0.9279312147663846, 0.9390587117924377, 0.9703142683623504, 0.9615236203798136, 0.6914551231232604, 0.793332262932531, 0.7814103186889734, 0.8265066533111163, 0.7740109182996648, 0.7475008194890572, 0.7740109182996648, 0.7283420148683715, 0.7476723785517074, 0.753522418926623, 0.7476723785517074, 0.8091820464333459, 0.2574400452320202, 0.48034426128471047, 0.5794321206191724, 0.48034426128471047, 0.4955455335278137, 0.46117582047289585, 0.4525570183636737, 0.5881405545379295, 0.3619114757323251, 0.3963890907922309, 0.3426307246211105, 0.3963890907922309, -0.6519241229551856, 0.7842454265670944, 0.781372219621197, 0.7762550462443285, 0.7174942667435363, 0.8830517042085828, 0.7905656111044084, 0.793229867199051, 0.7905656111044084, 0.6954154042681964, 0.6954154042681964, -0.27183710427523605, 0.6579526111727747, 0.26782861315932555, -0.5632637715826324, -0.5912995072093161, -0.5942603840235343, -0.052396674280715386, -0.04173779169330253, 0.3862213652353573, 0.15990573575810846, 0.07090302156977818, 0.1425148353108962, 0.11076208013893893, -0.07567201576648562, 0.0040648211320459, 0.00465221423932753, -0.5658918465934141, -0.48941321309040514, -0.0023736703174323556, -0.551291977135094, -0.3350923933928413, -0.30230333496363404, -0.12367391750198532, -0.30230333496363404, -0.25454206678041014, -0.27591926157365604, -0.27591926157365604, -0.5961148066161939, -0.5961148066161939, 0.34742585098308004, 0.6093353059803941, 0.80612900720496, 0.8116497278063197, 0.7607276397700972, 0.6507801501104188, 0.7519883989778511, 0.773842424154033, 0.7927827702803666, 0.773842424154033], [0.9930024084705155, 0.9824351232765083, 0.987824624336154, 0.9946460165078762, 0.9975720679790802, 0.9930024084705155, 0.9936310702082861, 0.9856593758249672, 0.9979703718054735, 0.949938142024088, 0.9982784085180454, 0.9944933283884427, 0.9974267412247855, 0.9972713639371966, 0.9973898728665602, 1.0, 0.9980678228095181, 0.9976568075041725, 0.9976539613108599, 0.9977395589142949, 0.9971997492106186, 0.9910731509143635, 0.9765916935315092, 0.9690835461896634, 0.9867802969875024, 0.9860226973601088, 0.9708289512830122, 0.9463528891961251, 0.9915465795476381, 0.9893814088957925, 0.9883880624476298, 0.9663554180928079, 0.997447185704836, 0.9974839640942191, 0.9972815629538354, 0.9972386019473087, 0.9984208456797543, 0.9980133513885954, 0.9972706172262658, 0.9977247118501331, 0.9973818992206275, 0.9973583774524022, 0.9973818992206275, 0.9147022826012347, 0.6651660757777599, 0.9197608497651846, 0.9137660834871172, 0.7307013368159876, 0.9524994440105059, 0.9173227094260261, 0.94402169520218