var element=document.getElementById("correlationClose");if(element.style.display!='none'){var correlationClose={"data":[{"type":"heatmap","z":[[1.0,0.999988535493196,0.6605051888264533,0.9997281632109233,0.9980060862208467,1.0,0.9924301450329712,0.9888370039751474,0.9888370039751474,0.993080471579585,0.976986542587278,0.9869947855258936,0.9924659016268742,0.9928746624032838,0.9925174228539008,0.8075485395620923,0.7455798283653472,0.3086382701071302,0.9933482483604533,0.9933394083292433,0.9855996816882611,0.9924558049372172,0.418309920480065,0.7366965171926014,0.9818250676797071,0.9818250676797071,0.9818065296895552,0.9755801790137976,0.3310245850243895,-0.1175773654507748,0.989645887979405,0.9896088614170948,0.2806168829036554,-0.19266576248468228,0.9947308661103197,0.9953395407537425,0.8463155603280935,-0.36209637774657577,0.9906820032393727,0.9953148872736426,0.7938991113641934,0.2894322655810223,0.9948721966871633,0.9948658351487578,0.9948721966871633,0.8905792086331242,0.6526803272327402,0.9067973948498955,0.9133211555482541,0.8227263117708568,0.3758455315251463,-0.17191771157246102,0.20552221904462523,0.9474539075068299,0.39037813328560356,0.9748805775764304,0.9704319060498593,0.9802265820176378,0.9897269599884021,0.9304394077253292,0.9379065739941255,0.9450829212754661,0.9299552848459022,0.9424057292767946,0.9430499466183373,0.9424057292767946,0.8822710940748681,0.9219670982811075,0.9228659557853236,0.9219670982811075,0.9219817282909784,0.7861256365104125,0.8948110846225608,0.8961021182315865,0.8948110846225608,0.6939765546636751,0.3740866918272592,0.67885502533631,-0.5544633293675799,0.5843569916251515,0.6081619366954275,0.6084951906302352,0.6081619366954275,-0.09994028344533476,0.9104668515509169,0.9421027215108663,0.9258576810517747,0.9317450570662313,0.29421292705098034,0.9056434855537739,0.9064243312158375,0.9056434855537739,0.910128195292534,0.910128195292534,-0.10173315510224246,0.5891332292406907,0.1664014431591914,-0.6670602592074868,-0.5854523546491237,-0.5891676913133409,-0.11564791248654269,0.11663992057408704,0.21435629770341602,0.028431401054096826,-0.530162364195316,-0.005900377239048377,-0.7966303935631686,-0.2736065741679245,0.15941320540586093,0.16079228725164305,-0.5676536146350291,-0.5818846554270747,-0.2668315275997898,-0.5106371297415186,-0.8180832929100472,-0.3969577998010914,-0.3890054296737976,-0.3969577998010914,-0.21133734381233152,-0.32584475413675734,-0.32584475413675734,-0.8061091866083359,-0.8061091866083359,0.379431310515596,0.629211695083442,0.8550231471201456,0.8397606802742461,0.7572877040140225,-0.3197633865202816,0.7479676487774357,0.7816891782548826,0.7820131640150265,0.7816891782548826,-0.19933528978353676],[0.999988535493196,1.0,0.9793959611657186,0.9994488534264998,0.9957253759132739,0.9999885354931959,0.9844369691572097,0.9784614242041314,0.9784614242041314,0.9842972315600759,0.9709266574901304,0.9857636987786672,0.9844719863239773,0.9844153244621953,0.9843146530196206,0.2516879079418857,0.16254852251580523,-0.41256347742459226,0.9882148392900458,0.988201198464096,0.9845186259679118,0.9845151211303254,-0.13099780602190703,0.9785803732882888,0.9797808385828544,0.9797808385828544,0.9798230083466828,0.9757826286571144,0.12612704476287473,0.14740859194586858,0.9815777394469276,0.9816250972197864,0.8551124360825053,0.1365321212906968,0.9907563348012268,0.9908021438390592,0.9913625753701572,0.9855910831525801,0.9897444244412152,0.990888135502248,0.20621598429630142,-0.4176552093985973,0.9914152936667299,0.9914062050940691,0.9914152936667299,0.8903009031794086,0.5000323467633541,0.9067464709540035,0.9131198969800823,0.8221781574141697,-0.3250141089312128,-0.5003038944794562,0.8342119250800961,0.8766960581511537,-0.2486911152256044,0.9359142441160376,0.9360540179518254,0.9564562947461214,0.9771286340854894,0.9491944161061746,0.9558656821583467,0.9410791701606088,0.9406134893897151,0.9453700380269742,0.9458243319979343,0.9453700380269742,0.8498964081843552,0.8239687535934956,0.8257384444842586,0.8239687535934956,0.9508842223492862,0.9542523732592604,0.950948691538054,0.9517780625549918,0.950948691538054,0.6032996567078313,0.5504772593637943,0.6459035225310014,0.727859071950188,0.6347693313844762,0.65946772870678,0.6600694687063606,0.65946772870678,-0.17340425485622715,0.9129487106680987,0.9370025641791024,0.9284240497610938,0.9541718355085297,-0.27473409677243726,0.9091084528505996,0.9093673533087182,0.9091084528505996,0.9165945404988874,0.9165945404988874,-0.1898161187820272,0.590408638259694,-0.36268057490610534,-0.7642053812824169,-0.4605047289424138,-0.46415415083578315,-0.36690219144936376,0.2636832680646258,-0.2553532857677619,-0.4785418650787666,-0.7134798085488419,-0.34312041521134123,-0.4797844412887522,-0.40274425878481995,0.13202864556413293,0.12879962098299144,-0.4884104909951227,-0.45239294009680125,-0.4810509192935152,-0.512124334035127,-0.5043729584196838,-0.4833207641863336,-0.486575513684523,-0.4833207641863336,-0.35715185967007484,-0.5265711598860734,-0.5265711598860734,-0.49855617338491526,-0.49855617338491526,0.37965029482772555,0.36501514694048937,0.49086345451236935,0.5891163576829093,0.5234565960100817,-0.434951262477482,0.35960814071901526,0.31328819452141926,0.3134119041306982,0.31328819452141926,0.15440993928923596],[0.6605051888264533,0.9793959611657186,1.0,0.6571722490809467,0.5869692152039552,0.6605051888264533,0.6428211184992644,0.6345329067982208,0.6345329067982208,0.5829726012943268,0.5440125409916835,0.9955087840283661,0.6428380783481742,0.6356090846689183,0.643026676665543,0.4378267965469151,0.4188227498994044,-0.19311382662393345,0.6035810730060137,0.6028279756345474,0.5685846007570081,0.6418711705595815,0.19840975672448047,0.782118903771297,0.6211191916854296,0.6211191916854296,0.6208857238102109,0.9883845288593873,0.31345438749409515,0.1388783528500901,0.6009269933640136,0.6005345305520705,0.6895519365420801,-0.008196824401025858,0.638883810805694,0.5773418165207123,0.6076807541380131,0.307226965317891,0.993535126817143,0.5721846010930143,0.426177926966795,-0.20189837097175461,0.6557626275939922,0.6368734278461741,0.6557626275939922,0.8872320456095214,0.3995625444816943,0.9258349462488498,0.9035076933604761,0.7161759621151771,0.21432617618166494,-0.061211856362360366,0.04991064774521416,0.5201306393134899,-0.08701296174641561,0.5836258874548295,0.5472106627926268,0.5706754085835033,0.5347578801519284,-0.008394555960296259,0.787031197018679,0.7197522194843042,0.6260440197640013,0.7255372164101964,0.7551265870887373,0.7255372164101964,0.5091134632934945,0.6300597158770604,0.6901608860300651,0.6300597158770604,0.6851257363422891,0.669196823271845,0.7191066365755139,0.7669056600280993,0.7191066365755139,0.3874437798457039,-0.08720388209680938,0.40431042021627234,0.1019609459016909,0.39221261236463373,0.26208529031186023,0.4799660870527482,0.26208529031186023,-0.1583785430778348,0.5971310930721075,0.8768815588315179,0.6700394996241745,0.7678233492403947,-0.05148151478519053,0.6388704487079718,0.6383731803208337,0.6388704487079718,0.7088141901562865,0.7088141901562865,-0.207443010993134,0.7052719154427952,-0.187506449862951,-0.6802039555804109,-0.4324680221482461,-0.43620364405150636,-0.41886275554210134,0.08747281403633647,0.020366017849061294,-0.32562949843999683,-0.6601986486700113,-0.16595571952341276,-0.30781879936406814,-0.2627919828872238,0.03670275887613612,0.03487859916740092,-0.4845777335603153,-0.055581628049523456,-0.2552880156226923,-0.5078350842300311,-0.1933013290362623,-0.3998493293121164,-0.28060030431977234,-0.3998493293121164,-0.41542531060220733,-0.5347618883071718,-0.5347618883071718,-0.29782212520541174,-0.29782212520541174,0.3222940504305769,0.18244269519813194,0.27851162415972003,0.5136947935206101,0.27266513415098215,-0.3748713630131075,-0.017675242843974762,0.4541211711520444,0.557503803533978,0.4541211711520444,-0.02007201943532389],[0.9997281632109233,0.9994488534264998,0.6571722490809467,1.0,0.9989152175913618,0.9997281632109232,0.9936989862263678,0.9905581794299155,0.9905581794299155,0.9945630433135096,0.9750463728048975,0.9903339503925694,0.993724535646885,0.9944219971838447,0.9937525734026301,0.806665423953524,0.7443087245360508,0.29382910761094866,0.9944323870010766,0.9944265747554585,0.9856984258686067,0.9937075599285787,0.40971804572158277,0.7410468496764137,0.9843799339893906,0.9843799339893906,0.9843608250887503,0.9816929445425204,0.32688497716720094,-0.1237281919307051,0.9889751260727919,0.988946388200484,0.27278080690509837,-0.19289509338946811,0.995269647299159,0.9960710600508539,0.8127826358173481,-0.36652614545201223,0.993068801571377,0.9962691961595733,0.7922877162421377,0.2743287553094848,0.9932679770795632,0.9953159798641297,0.9932679770795632,0.8881673320813814,0.6404142003041295,0.9112606939713268,0.9108927282560741,0.8052817504227129,0.37087056829502585,-0.17694008722911628,0.20010145312792524,0.9420327208148775,0.3745484770642368,0.9704215750747189,0.9675106599380497,0.9780695023243924,0.9896286079245348,0.9110440418631244,0.9322018601681128,0.9332563350258268,0.9265157693485281,0.9269048528872735,0.927769104170098,0.9269048528872735,0.8751055546793272,0.9107664491837832,0.9117474454958455,0.9107664491837832,0.9190587297961345,0.7309523765753633,0.8591061614296162,0.8603951724613841,0.8591061614296162,0.6866651861906437,0.1435331685579477,0.6699815425887592,-0.5588881008884352,0.580040903427102,0.3446659902413927,0.5797703836611234,0.3446659902413927,-0.10604594208818975,0.9059083409624584,0.9357017141541274,0.9191735098470614,0.9104369258350575,0.2800922433773686,0.9017744988699964,0.9026802746434047,0.9017744988699964,0.8924956445112442,0.8924956445112442,-0.1062329264102935,0.6085992590464642,0.17111945041415477,-0.6766903260340845,-0.5920108526252107,-0.5956416176041117,-0.1273862647497162,0.11229569167173266,0.20765372133427834,0.015607397493281513,-0.541837748370924,-0.011968301442700873,-0.8019834053684506,-0.2810528702634985,0.14982282571043015,0.1512586009368219,-0.5739640385118722,-0.5782939127221984,-0.26774350788293033,-0.5205012129288287,-0.8193153270630205,-0.39805617176698543,-0.39066351969704183,-0.39805617176698543,-0.21941018274264132,-0.334963876487746,-0.334963876487746,-0.8054353878291554,-0.8054353878291554,0.3701972522629209,0.6178872184676705,0.8470794465644197,0.832042603227465,0.7499601476959208,-0.3322021897692897,0.738925364118518,0.7727735387870863,0.7730979088943322,0.7727735387870863,-0.1845383671262979],[0.9980060862208467,0.9957253759132739,0.5869692152039552,0.9989152175913618,1.0,0.9980060862208467,0.9972401232604319,0.9957539849397277,0.9957539849397277,0.9974383911868923,0.9675585854775917,0.9964887172989952,0.9972568371162734,0.9973337963417012,0.9972825247462623,0.7258373791838364,0.6399388512640248,0.08814759898873091,0.9977213199835552,0.9977206015987649,0.9876809980038045,0.9972441738542948,0.05670083530351811,0.7220396460158922,0.9924544246815175,0.9924544246815175,0.9924163343125434,0.9904515322970026,0.10360667833707167,-0.10624551109290158,0.9873437958189738,0.9872769182525699,-0.02005170697531775,-0.09259043608668033,0.9978200866688771,0.997750567685802,0.8037200208226936,-0.4881708292888834,0.9976876227342092,0.9980858810169848,0.7006549346871837,0.06392454673293521,0.997765626023694,0.9977701679760822,0.997765626023694,0.9024239002326438,0.6046774075646982,0.9255313214415217,0.9142846719095211,0.7814216295191759,-0.08677683319199475,-0.5864979043769489,-0.19052666860712425,0.931247895551652,0.2282687267457962,0.9662631185311846,0.9662943404272921,0.9805677103306936,0.9901482105708382,0.9104021494724239,0.9150979598012613,0.9243457846125,0.9146062965127212,0.9227879511674253,0.9231628132700032,0.9227879511674253,0.8516675887625476,0.8695033660779932,0.8706035298949999,0.8695033660779932,0.9085698549769263,0.8233166355683547,0.8897501642471419,0.8905386736947665,0.8897501642471419,0.6476590912474057,0.5329000510963923,0.6366467381495242,-0.5762438882925114,0.6312116226040175,0.6110503611942358,0.6100807368120171,0.6110503611942358,-0.12143852396229675,0.8892847462928797,0.9133379579935215,0.8981284791418914,0.9181381708305816,0.12601440444786685,0.8886462017530395,0.8896696090379438,0.8886462017530395,0.8947386856392794,0.8947386856392794,-0.14473914565143464,0.6555657970193804,0.0260418177280134,-0.7060507439426181,-0.639215954927844,-0.6399971101480192,-0.15848412415290453,0.13557144999977191,-0.18190611312059488,-0.23092033040174034,-0.6119615297088598,-0.37027928931126086,-0.8480990445335107,-0.5567698292087665,0.11982126381031337,0.12110560857549153,-0.5994884534364381,-0.5721617769749736,-0.5423938595589199,-0.5579285085032192,-0.7771068158147248,-0.5936864253224589,-0.5965567631546691,-0.5936864253224589,-0.25735541769412135,-0.36794035718060153,-0.36794035718060153,-0.745746380955974,-0.745746380955974,0.3588931829341422,0.6006311673200763,0.8007152652574884,0.7877324101118309,0.740665060664807,-0.4583832286098986,0.5994933999158936,0.6642276590628964,0.6646592997003922,0.6642276590628964,0.042383230011557936],[1.0,0.9999885354931959,0.6605051888264533,0.9997281632109232,0.9980060862208467,1.0,0.9924301450329712,0.9888370039751474,0.9888370039751474,0.993080471579585,0.976986542587278,0.9869947855258936,0.9924659016268742,0.9928746624032838,0.9925174228539008,0.8075485395620923,0.7455798283653472,0.3086382701071302,0.9933482483604533,0.9933394083292433,0.9855996816882611,0.9924558049372172,0.418309920480065,0.7366965171926014,0.9818250676797071,0.9818250676797071,0.9818065296895552,0.9755801790137976,0.3310245850243895,-0.1175773654507748,0.989645887979405,0.9896088614170948,0.2806168829036554,-0.19266576248468228,0.9947308661103197,0.9953395407537425,0.8463155603280935,-0.36209637774657577,0.9906820032393727,0.9953148872736426,0.7938991113641934,0.2894322655810223,0.9948721966871633,0.9948658351487578,0.9948721966871633,0.8905792086331242,0.6526803272327402,0.9067973948498955,0.9133211555482541,0.8227263117708568,0.3758455315251463,-0.17191771157246102,0.20552221904462523,0.9474539075068299,0.39037813328560356,0.9748805775764304,0.9704319060498593,0.9802265820176378,0.9897269599884021,0.9304394077253292,0.9379065739941255,0.9450829212754661,0.9299552848459022,0.9424057292767946,0.9430499466183373,0.9424057292767946,0.8822710940748681,0.9219670982811075,0.9228659557853236,0.9219670982811075,0.9219817282909784,0.7861256365104125,0.8948110846225608,0.8961021182315865,0.8948110846225608,0.6939765546636751,0.3740866918272592,0.67885502533631,-0.5544633293675799,0.5843569916251515,0.6081619366954275,0.6084951906302352,0.6081619366954275,-0.09994028344533476,0.9104668515509169,0.9421027215108663,0.9258576810517747,0.9317450570662313,0.29421292705098034,0.9056434855537739,0.9064243312158375,0.9056434855537739,0.910128195292534,0.910128195292534,-0.10173315510224246,0.5891332292406907,0.1664014431591914,-0.6670602592074868,-0.5854523546491237,-0.5891676913133409,-0.11564791248654269,0.11663992057408704,0.21435629770341602,0.028431401054096826,-0.530162364195316,-0.005900377239048377,-0.7966303935631686,-0.2736065741679245,0.15941320540586093,0.16079228725164305,-0.5676536146350291,-0.5818846554270747,-0.2668315275997898,-0.5106371297415186,-0.8180832929100472,-0.3969577998010914,-0.3890054296737976,-0.3969577998010914,-0.21133734381233152,-0.32584475413675734,-0.32584475413675734,-0.8061091866083359,-0.8061091866083359,0.379431310515596,0.629211695083442,0.8550231471201456,0.8397606802742461,0.7572877040140225,-0.3197633865202816,0.7479676487774357,0.7816891782548826,0.7820131640150265,0.7816891782548826,-0.19933528978353676],[0.9924301450329712,0.9844369691572097,0.6428211184992644,0.9936989862263678,0.9972401232604319,0.9924301450329712,1.0,0.9975441720101212,0.9975441720101212,0.9999714035715503,0.9614490267638938,0.9996877742087783,0.999996636181823,0.9999870282374977,0.9999934600638093,0.8718602647266639,0.8601850983829218,0.2575889821758358,0.9998638965381512,0.9998641348323377,0.9900163976563233,0.9999968237104238,0.3268536618187236,0.7383897538711118,0.9859555504965819,0.9859555504965819,0.9870061640638177,0.9913897338419588,0.2566663931068415,-0.17699801882556068,0.9916251230654543,0.9915710854084654,0.1806625979620681,-0.2386360332652895,0.9993527182814982,0.999466670205499,0.43728868812013266,-0.30772801200711397,0.99905518773117,0.9994301462205228,0.8553853605739776,0.236766565733998,0.9431923371698884,0.9991063237845244,0.9431923371698884,0.9120086992781598,0.6124541286350235,0.9401569531715925,0.9202768000209259,0.7470792936563849,0.4102503046881998,-0.11575341512593502,-0.19380535977666258,0.93003510094125,0.34244139636243903,0.967984055635153,0.9634581182296836,0.979056966863821,0.9956013906642814,-0.028929529065815772,0.8768691219997976,0.8376295693915462,0.8825049983872737,0.8323324751362716,0.7959118172741771,0.8323324751362716,0.8157846018480607,0.801085150230876,0.7900777706041906,0.801085150230876,0.8751829629811357,0.39668949796778447,0.598856668079218,0.6594169629493571,0.598856668079218,0.61721623062177,-0.341505872976779,0.5895155505117234,-0.622975729429534,0.5117666318702839,-0.0880423808316638,0.4475308808308365,-0.0880423808316638,-0.1468343000496127,0.85390907983935,0.8759384559400648,0.8610254618336429,0.7713388264532286,0.2432962148639699,0.8531112754664678,0.8544290733934368,0.8531112754664678,0.7724995781155775,0.7724995781155775,-0.18033345761972047,0.6971096826511574,0.23689425296547517,-0.6838742290513957,-0.6314007684808416,-0.6346006015938948,-0.1698011631303244,0.0634648842064822,0.32429958029709083,-0.014181055702740784,-0.5554662812834015,0.04993872874043336,-0.8282261970460468,-0.17926234492195886,0.08546567571937057,0.0869159799564823,-0.6154811144785025,-0.5887952320665606,-0.10359599965749736,-0.5919006531976688,-0.8335459400733456,-0.3901129847340608,-0.22359942806127192,-0.3901129847340608,-0.28865496346340774,-0.376213520936999,-0.376213520936999,-0.8257375317664465,-0.8257375317664465,0.3603870254637415,0.5848310356221508,0.506754697465582,0.8016118693017916,0.7362645109540058,-0.3812265203610156,0.06713704545377956,0.7471690158703792,0.7665122032217588,0.7471690158703792,-0.11863688531019514],[0.9888370039751474,0.9784614242041314,0.6345329067982208,0.9905581794299155,0.9957539849397277,0.9888370039751474,0.9975441720101212,1.0,1.0,0.999570694404167,0.9549124307987109,0.9987659002838503,0.9982829909990834,0.999418184604237,0.9991651779900579,0.8692910205372407,0.849139017260339,0.236022715159483,0.9992068613301848,0.9992087394093191,0.9874533423466486,0.9992986127119079,0.30172577235032016,0.739716449923154,0.992881274065467,0.992881274065467,0.9851691241423927,0.9887501419403814,0.2393539344311399,-0.1901147565389144,0.9879563883979954,0.9913889285051026,0.16224435390230224,-0.24443768157033,0.9983382464556411,0.9983226253295141,0.4200434475181567,-0.31411537082674207,0.9972144508631114,0.9982684805578628,0.8530574513200672,0.21481006084306883,0.9359775260952707,0.9981673308523362,0.9359775260952707,0.9096432654614827,0.5976108564237962,0.9404235837871188,0.9176309925378534,0.7261850795187393,0.3975248050611176,-0.13040753769192998,-0.20602822025033957,0.9217734525743732,0.3222768592550034,0.9634213027706825,0.9584133243110752,0.9741020746793451,0.994605014306606,-0.03826479841407207,0.8667642187975755,0.8229302638020642,0.8749835708000546,0.8187200289866287,0.7843620996943389,0.8187200289866287,0.8045361571746475,0.7836262422124337,0.7772667461810631,0.7836262422124337,0.8679069415053928,0.3785303418100289,0.5799550605280602,0.6440008637063659,0.5799550605280602,0.6055302333474313,-0.35554355043294966,0.5762032265178751,-0.6299791155435892,0.5048179239665698,-0.10918082911193844,0.43229643634670745,-0.10918082911193844,-0.15321160747732473,0.8451499034034972,0.8633829114301032,0.8499650592216687,0.7574594595647268,0.22577816042968704,0.8449197812031023,0.8464056975453579,0.8449197812031023,0.7565056947453688,0.7565056947453688,-0.19470633586798783,0.7196530347068821,0.24368592430510996,-0.6929507529840099,-0.6435469560218534,-0.6465678695124004,-0.18411487747661393,0.05619523732796425,0.3173006215573356,-0.03304529809586821,-0.5676558585595496,0.04070643859734152,-0.8337513939261787,-0.18572444901259408,0.07074524508944684,0.07222049540575455,-0.6265602109655796,-0.5896989889084879,-0.11037903680028707,-0.6077553573334602,-0.8329259959110045,-0.40126474775528437,-0.2297383046048907,-0.40126474775528437,-0.30531605350856256,-0.38930023168183986,-0.38930023168183986,-0.8235853252693632,-0.8235853252693632,0.34182655192656203,0.5684932473352504,0.48853767303141665,0.7841561095732591,0.7240100437965266,-0.4020579893774735,0.05350793976448623,0.7284157425464383,0.7510081842518059,0.7284157425464383,-0.10176518549417149],[0.9888370039751474,0.9784614242041314,0.6345329067982208,0.9905581794299155,0.9957539849397277,0.9888370039751474,0.9975441720101212,1.0,1.0,0.999570694404167,0.9549124307987109,0.9987659002838503,0.9982829909990834,0.999418184604237,0.9991651779900579,0.8692910205372407,0.849139017260339,0.236022715159483,0.9992068613301848,0.9992087394093191,0.9874533423466486,0.9992986127119079,0.30172577235032016,0.739716449923154,0.992881274065467,0.992881274065467,0.9851691241423927,0.9887501419403814,0.2393539344311399,-0.1901147565389144,0.9879563883979954,0.9913889285051026,0.16224435390230224,-0.24443768157033,0.9983382464556411,0.9983226253295141,0.4200434475181567,-0.31411537082674207,0.9972144508631114,0.9982684805578628,0.8530574513200672,0.21481006084306883,0.9359775260952707,0.9981673308523362,0.9359775260952707,0.9096432654614827,0.5976108564237962,0.9404235837871188,0.9176309925378534,0.7261850795187393,0.3975248050611176,-0.13040753769192998,-0.20602822025033957,0.9217734525743732,0.3222768592550034,0.9634213027706825,0.9584133243110752,0.9741020746793451,0.994605014306606,-0.03826479841407207,0.8667642187975755,0.8229302638020642,0.8749835708000546,0.8187200289866287,0.7843620996943389,0.8187200289866287,0.8045361571746475,0.7836262422124337,0.7772667461810631,0.7836262422124337,0.8679069415053928,0.3785303418100289,0.5799550605280602,0.6440008637063659,0.5799550605280602,0.6055302333474313,-0.35554355043294966,0.5762032265178751,-0.6299791155435892,0.5048179239665698,-0.10918082911193844,0.43229643634670745,-0.10918082911193844,-0.15321160747732473,0.8451499034034972,0.8633829114301032,0.8499650592216687,0.7574594595647268,0.22577816042968704,0.8449197812031023,0.8464056975453579,0.8449197812031023,0.7565056947453688,0.7565056947453688,-0.19470633586798783,0.7196530347068821,0.24368592430510996,-0.6929507529840099,-0.6435469560218534,-0.6465678695124004,-0.18411487747661393,0.05619523732796425,0.3173006215573356,-0.03304529809586821,-0.5676558585595496,0.04070643859734152,-0.8337513939261787,-0.18572444901259408,0.07074524508944684,0.07222049540575455,-0.6265602109655796,-0.5896989889084879,-0.11037903680028707,-0.6077553573334602,-0.8329259959110045,-0.40126474775528437,-0.2297383046048907,-0.40126474775528437,-0.30531605350856256,-0.38930023168183986,-0.38930023168183986,-0.8235853252693632,-0.8235853252693632,0.34182655192656203,0.5684932473352504,0.48853767303141665,0.7841561095732591,0.7240100437965266,-0.4020579893774735,0.05350793976448623,0.7284157425464383,0.7510081842518059,0.7284157425464383,-0.10176518549417149],[0.993080471579585,0.9842972315600759,0.5829726012943268,0.9945630433135096,0.9974383911868923,0.993080471579585,0.9999714035715503,0.999570694404167,0.999570694404167,1.0,0.9604353683412009,0.9996541871508439,0.9999724825450432,0.9999715607910826,0.9999759830618631,0.7607137097925492,0.6780668976218667,0.14047241324547488,0.9998206415558119,0.9998212728102339,0.9899066830427428,0.9999696807748338,0.10754433170445646,0.7136676398393647,0.9952698980603509,0.9952698980603509,0.9952270224319438,0.9912613750391975,0.08832553568992808,-0.11725488163678827,0.9907002657172719,0.9906606596039071,-0.001630664192123077,-0.19790491945303668,0.9994007635498633,0.9993596179940976,0.8093212604236117,-0.484867004416309,0.9989922503719623,0.999406329461948,0.7366500382663904,0.11663238820640412,0.9992653925349038,0.9992705674150472,0.9992653925349038,0.9116630725688134,0.6129739977933867,0.9398338934859297,0.9197431409056495,0.7465512129239377,0.014442573669466698,-0.5389206963112841,-0.145945974369249,0.926034374503497,0.2881765261651034,0.9640220536324626,0.9634781343584294,0.9811145596644896,0.9948430432269273,0.8855312343335567,0.8776698677720751,0.9005868863730407,0.883476004644047,0.8990412898250131,0.8996157750196602,0.8990412898250131,0.8152748280865911,0.8517154009055786,0.8531340153481399,0.8517154009055786,0.8765539497668298,0.7879190459958268,0.8623490944052287,0.8635033320852147,0.8623490944052287,0.6168995291844412,0.46337807346141624,0.5886816285407925,-0.6304180980334777,0.5654748507103508,0.5332823280684593,0.5329612465203127,0.5332823280684593,-0.10355656409993132,0.8546188576812627,0.8758746379811723,0.8614403205613023,0.8939436176331994,0.15966255815917138,0.8584319880222234,0.8602782578370105,0.8584319880222234,0.8646601183855342,0.8646601183855342,-0.1820281961405964,0.6984714679625916,0.05282248117095996,-0.6957355814652763,-0.666266175982231,-0.6674386483500696,-0.1732967541868442,0.06673667992120966,-0.18690078880367778,-0.19791691489784566,-0.5955723619730678,-0.39781349949803285,-0.8663447607486381,-0.5916728704172484,0.08481309162063805,0.08635977774481493,-0.6170336902090026,-0.5849122301436492,-0.5523627863241116,-0.5935430757508757,-0.8014371916132466,-0.616829987462956,-0.6191052794781525,-0.616829987462956,-0.2904118142675848,-0.37937228512956833,-0.37937228512956833,-0.7816179128944767,-0.7816179128944767,0.3610163846899635,0.5833692875218072,0.8115093651642972,0.8000327304975839,0.7345805753542788,-0.40829865233716883,0.6332373348547382,0.6894869339062678,0.689654213429381,0.6894869339062678,0.1175647290125791],[0.976986542587278,0.9709266574901304,0.5440125409916835,0.9750463728048975,0.9675585854775917,0.976986542587278,0.9614490267638938,0.9549124307987109,0.9549124307987109,0.9604353683412009,1.0,0.9457147182286639,0.9614702724293523,0.9614920260678106,0.9611940000013494,0.5700352368703909,0.47561925106730957,-0.08186968617450144,0.9657738161911366,0.9657533943929323,0.9615828185135646,0.9615751491274979,0.02910506518499257,0.7534045086791947,0.9630123662092208,0.9630123662092208,0.9631851799458286,0.8940234713764135,0.18978526349840474,-0.1016122429913951,0.9682893121017935,0.968391352883437,0.15226178542116606,0.059323905391170224,0.969315843959125,0.9695551948742556,0.8851835689700661,-0.3776258473299815,0.953919925821244,0.9685221484229064,0.5409569736107384,-0.10276673967507148,0.9704024640984211,0.9703716273041266,0.9704024640984211,0.815680562147608,0.4124779552054367,0.830507089634943,0.9007682517939013,0.8551761701562786,-0.513856022042871,-0.6778935370593636,-0.23682864127549974,0.8909144507577366,-0.015693130520789415,0.9198204175571107,0.9198840727035132,0.9389359383694572,0.9665474622879042,0.8889255236275428,0.8899597051182024,0.9069761962931134,0.8917562033497007,0.9004064775658506,0.9009881731250151,0.9004064775658506,0.8468299688992947,0.8298069923386137,0.8314093679475669,0.8298069923386137,0.8859461810871513,0.9007057244063599,0.8841944731650572,0.8847722648445742,0.8841944731650572,0.700454630691734,0.631623576164334,0.7014192356782728,-0.31156038121317153,0.7186308042877849,0.7342947145674716,0.7365022690118549,0.7342947145674716,-0.26341499454836914,0.888982400962109,0.9406363554088208,0.9031695814862724,0.9009015975241997,0.008252532481678905,0.8828720157505725,0.883876800833739,0.8828720157505725,0.8912714630694056,0.8912714630694056,0.039550502889471754,0.40031544989430595,-0.11683882500675352,-0.6307699806200174,-0.43028775051716933,-0.43257768963853066,-0.03558066499612505,0.4181202298737104,0.032573972989888365,-0.15664552507817733,-0.5132774129019656,-0.08137637401742688,-0.7960456330955201,-0.24409248912598727,0.2950021495592444,0.29474724463364893,-0.40077889320219534,-0.43291543526555804,-0.36392774148854296,-0.3739552008721177,-0.6641723644407165,-0.3837478640565055,-0.38601112819742667,-0.3837478640565055,-0.10816533105121655,-0.4192603921171459,-0.4192603921171459,-0.5397611556047016,-0.5397611556047016,0.5101522129215225,0.6462995763333395,0.7482338740842127,0.6839120914663114,0.81196750348265,-0.49784771027048574,0.3904909895566137,0.5327026070828166,0.5330017138191889,0.5327026070828166,-0.16927081227939528],[0.9869947855258936,0.9857636987786672,0.9955087840283661,0.9903339503925694,0.9964887172989952,0.9869947855258936,0.9996877742087783,0.9987659002838503,0.9987659002838503,0.9996541871508439,0.9457147182286639,1.0,0.9996883430788174,0.999684114275845,0.9996562485128342,0.3458313574758302,0.24831380585528043,-0.49638672149661534,0.9998008468188357,0.999803297203137,0.9996931031971907,0.999692706416862,-0.2344054816315378,0.9717316606747373,0.994640418178434,0.994640418178434,0.9946219340223902,0.9932805184507543,0.10910329014835932,0.09649063785977481,0.991676114983068,0.9917228263384492,0.8790177636681968,0.0356761868880433,0.9990405677952803,0.9989952822972304,0.998870051292236,0.9993884078397062,0.9994225420687356,0.9990760043072354,0.2940963617676071,-0.5047374337483869,0.9988187093391183,0.9988266925769675,0.9988187093391183,0.9059359202422149,0.45130016603306666,0.9362055563408899,0.9173307552913871,0.7471757114789165,-0.43523105978539406,-0.6100670469382367,0.8126921926941517,0.8414585735203647,-0.33970692981435735,0.9309247449747939,0.931137599027113,0.9697366588517264,0.9934503790976199,0.898026264394754,0.9047736545731658,0.8818041344109957,0.8835017481307313,0.8879234294201898,0.8885329248114779,0.8879234294201898,0.767143135663308,0.7357170351862248,0.7378440773771423,0.7357170351862248,0.9043314809629424,0.9104936601735086,0.9033438063401467,0.9043897081885809,0.9033438063401467,0.49767879863710285,0.43514759525319463,0.5385012832192574,0.6367355303914336,0.5347119183267434,0.5651755972987512,0.5670493715086489,0.5651755972987512,-0.3484399454393377,0.8440900722204676,0.879195871691567,0.8657214571908451,0.9045779260835677,-0.30476168592102754,0.8392233680140342,0.8395787509244276,0.8392233680140342,0.84925858539457,0.84925858539457,-0.23452653221053374,0.6911541641688018,-0.3839563262416644,-0.7855817190340738,-0.5339813750098525,-0.5366693030777588,-0.4130826687504388,0.21308295050467616,-0.29776371613936903,-0.514550107587678,-0.7411801256009354,-0.3907369222873718,-0.5955221610154696,-0.4612245180699721,0.07745270044905117,0.07485485029885222,-0.5572233803466298,-0.5276798318599375,-0.5485509714807277,-0.5839905264369336,-0.577664797659324,-0.5519070118785805,-0.5549604532885652,-0.5519070118785805,-0.4284932664822047,-0.6191096678290486,-0.6191096678290486,-0.6154488502921638,-0.6154488502921638,0.3574578491214729,0.3314372434504218,0.46406767410082017,0.5606450268681452,0.5202316159542485,-0.5713802385656196,0.2964072872254645,0.2810961982896034,0.2812772756387513,0.2810961982896034,0.23850032430963297],[0.9924659016268742,0.9844719863239773,0.6428380783481742,0.993724535646885,0.9972568371162734,0.9924659016268742,0.999996636181823,0.9982829909990834,0.9982829909990834,0.9999724825450432,0.9614702724293523,0.9996883430788174,1.0,0.9999905912202959,0.9999951385215954,0.8718482178565651,0.8510559235793028,0.2576452438041973,0.9998652457714468,0.9998654354632373,0.9900505349882976,0.999997404436228,0.32715578494741293,0.7384445924427248,0.9910263623262991,0.9910263623262991,0.9869973205652207,0.9913778963328178,0.25691625879098084,-0.17694615874562955,0.9916582669986957,0.9915807935109144,0.18088654451898578,-0.238602271616214,0.9993544774666604,0.9994697851939169,0.43726381330318387,-0.307524851451961,0.9990576166585404,0.9994376793960752,0.8553636410459718,0.23682891580596305,0.9431781694326109,0.9991085502735904,0.9431781694326109,0.9120255492659449,0.6125916936260168,0.9403023745138469,0.9204139401031249,0.7471778978755027,0.4106198782542112,-0.11532866190666617,-0.1934551890919909,0.9301001215243485,0.3425060116412255,0.9680683957656272,0.963510370971568,0.9791383078814406,0.9956152870215431,-0.028748295200782183,0.8769910026552623,0.8377154694286674,0.8826080066203338,0.8324165579924944,0.7958570990004163,0.8324165579924944,0.8158666206562413,0.801134335206993,0.7900178076396743,0.801134335206993,0.8753145564592403,0.39657110616094887,0.598858864827114,0.6593344938100814,0.598858864827114,0.617170196515982,-0.3415260233200488,0.5894854390844015,-0.6228783583426545,0.5116740363184931,-0.08816687498714848,0.447562329334502,-0.08816687498714848,-0.1469804511531299,0.8539754626771919,0.8760439467931931,0.8611063432386998,0.7713320974209625,0.2433532346661764,0.853184963712727,0.8544988568958624,0.853184963712727,0.7725606182113299,0.7725606182113299,-0.18028018333488635,0.6971437305557915,0.23700696621867634,-0.6839071823550782,-0.6313208716373244,-0.6345258104030622,-0.1698792518577093,0.06334666606415623,0.324461985501236,-0.014168169342769439,-0.5555205865876902,0.050185886777786216,-0.8279806374055825,-0.1789860098472268,0.08553604240786368,0.08700034485657517,-0.6154670580435285,-0.5886046620275733,-0.10336311210602153,-0.5918708586473049,-0.8334458011591463,-0.3899027402439115,-0.22340730365266334,-0.3899027402439115,-0.288495705501207,-0.37617963996039205,-0.37617963996039205,-0.8256878193236833,-0.8256878193236833,0.36082794258142886,0.5849470307037484,0.5069883894234525,0.801852228421175,0.7363200568438837,-0.3810296506678269,0.06740630001815681,0.7474074017141662,0.7666211466250674,0.7474074017141662,-0.11866446048198002],[0.9928746624032838,0.9844153244621953,0.6356090846689183,0.9944219971838447,0.9973337963417012,0.9928746624032838,0.9999870282374977,0.999418184604237,0.999418184604237,0.9999715607910826,0.9614920260678106,0.999684114275845,0.9999905912202959,1.0,0.9999879609556391,0.8129971494916508,0.745620756857023,0.2595374051163583,0.9998878322452853,0.9998884074616087,0.9900406065602759,0.999987949403448,0.32889292257058805,0.7345422594025268,0.9939889534524959,0.9939889534524959,0.9939538674801053,0.9913097179156681,0.2519049121744396,-0.17732091126667185,0.9919437730820208,0.9919500566711086,0.20417396615022834,-0.23800936047601196,0.9995268103620771,0.9994696227566942,0.8476438828933087,-0.3983275599002374,0.9990533946737417,0.9994418504702204,0.7951112231182541,0.2387548657779334,0.9994201827953744,0.9994247148365517,0.9994201827953744,0.9118536040716837,0.6127063169028361,0.9400377390136041,0.9200822117495486,0.7467529725174584,0.2907786363007924,-0.28552983779452895,0.10405750244400501,0.9299724788193621,0.34310642627383886,0.9650442132190821,0.9635292231119024,0.9776801182906172,0.9958408718060333,0.8925312034608378,0.876232853072561,0.9052782689320779,0.8825631515232134,0.904338588731302,0.9051469358401961,0.904338588731302,0.815050979414325,0.8717567460014956,0.8731503105246892,0.8717567460014956,0.8751584589725743,0.7711232242955738,0.8676630854256208,0.8692089261684862,0.8676630854256208,0.6166819805008997,0.46586852440990567,0.5880830423577107,-0.6260942953320656,0.5102217751401498,0.5154499636118604,0.5163561631359141,0.5154499636118604,-0.1489931709012235,0.8538349169010091,0.8756924392874471,0.8606147542337664,0.8992214282767984,0.24559223655468984,0.8531266875574356,0.8546798520740846,0.8531266875574356,0.8628579266296871,0.8628579266296871,-0.1806477924868373,0.696963526988203,0.15197222235117852,-0.6827972286338948,-0.6309605195879243,-0.6339779961021269,-0.16984813800211732,0.06243657837311993,0.09981753482181112,-0.01259301922488922,-0.5540234842965547,-0.1372534378185233,-0.8392231245812016,-0.39848573450380004,0.08516301773445092,0.08674893689625868,-0.6155131919920297,-0.5878929138068925,-0.394869758631541,-0.5916348777811851,-0.8267547619022144,-0.5082096402788753,-0.5039572592144483,-0.5082096402788753,-0.2877477409146741,-0.37623461149055987,-0.37623461149055987,-0.8175745415662811,-0.8175745415662811,0.36032606361704894,0.5851629364647327,0.8206135222643993,0.8055851403700461,0.7368857675999516,-0.3804953964295865,0.6996496960839356,0.7360247154561054,0.7361112517765506,0.7360247154561054,-0.08628781813255633],[0.9925174228539008,0.9843146530196206,0.643026676665543,0.9937525734026301,0.9972825247462623,0.9925174228539008,0.9999934600638093,0.9991651779900579,0.9991651779900579,0.9999759830618631,0.9611940000013494,0.9996562485128342,0.9999951385215954,0.9999879609556391,1.0,0.8640979720297223,0.812429921749272,0.2577742152915972,0.9998679028375952,0.9998679733381362,0.9901834711089113,0.9999950809352544,0.32781314716427623,0.7382915260997466,0.9942080909567144,0.9942080909567144,0.9941158359468077,0.991301556424948,0.2571878120676912,-0.17697519096388548,0.9925096864184393,0.99255289612951,0.18161989573974785,-0.2384363062940569,0.9994001276011777,0.9994689592753127,0.4363029006716518,-0.3067721554925394,0.9990144220229643,0.9994400884634024,0.8534191239872336,0.2369799154809004,0.9427364817556211,0.9991593780691617,0.9427364817556211,0.9122821254664412,0.6132465414809289,0.9404960457798526,0.9205982671457662,0.7469248766419918,0.41194592604663094,-0.11383946321611989,-0.19367118574097847,0.9304370931703867,0.3427719336906169,0.9684528292681763,0.963811546505403,0.9793975369774558,0.9956551939041468,-0.029732648775387723,0.8772428886482391,0.8376303089450167,0.8828243752619529,0.832364414069189,0.7954363714518583,0.832364414069189,0.8160531727898156,0.8010777903487621,0.7903785070635412,0.8010777903487621,0.8756078153772106,0.39591880295676746,0.5983822207133358,0.6593376923003748,0.5983822207133358,0.6170387408334477,-0.3426467014180504,0.5894322863947095,-0.6230593180826622,0.5113352589014126,-0.08912373496522406,0.44723056515145265,-0.08912373496522406,-0.14693537704902904,0.8540994519690733,0.8757966434310426,0.8612324603323169,0.7636148640754354,0.2437238496868,0.8532764718640913,0.8545814230354075,0.8532764718640913,0.7723762441386944,0.7723762441386944,-0.18162901048992472,0.6979272396768358,0.23748874367723607,-0.6838843969233349,-0.6316715561133106,-0.6348810329351526,-0.1709390202872141,0.06220811578201858,0.32478050685577314,-0.014558143187081176,-0.5557164775730868,0.0502830337118101,-0.8272168442730335,-0.1788182017005031,0.08461174970920779,0.08607486134740977,-0.6160397202608785,-0.5888167004182407,-0.10280284674607415,-0.5929934197922474,-0.8334636488902767,-0.38983988193244884,-0.22287060783231644,-0.38983988193244884,-0.28936621526949347,-0.37660877067668225,-0.37660877067668225,-0.8260296364340893,-0.8260296364340893,0.3610448588031226,0.584616546651947,0.5065091635938852,0.802282105858761,0.7357786311506599,-0.38060219411491647,0.06677689919587934,0.7478156947703061,0.7672281141739709,0.7478156947703061,-0.11838340014065743],[0.8075485395620923,0.2516879079418857,0.4378267965469151,0.806665423953524,0.7258373791838364,0.8075485395620923,0.8718602647266639,0.8692910205372407,0.8692910205372407,0.7607137097925492,0.5700352368703909,0.3458313574758302,0.8718482178565651,0.8129971494916508,0.8640979720297223,1.0,0.9939085068586497,0.4144083031832933,0.8474623490465775,0.8474466653763078,0.7874912816951596,0.8631525790106932,0.32989693371921985,0.45064631251591736,0.8552550207959332,0.8552550207959332,0.8420937166507141,-0.05472247346207656,0.19225947265443208,-0.17902527582945754,0.8898913017281079,0.8876816456233206,0.15417022218955964,-0.2426431027687696,0.8686047401767545,0.7807839321511931,0.28539011428947614,-0.31885723928865584,0.3615159010249691,0.7539943784564282,0.9984015112134719,0.39664320919126583,0.7952589813700643,0.8683533286023615,0.7952589813700643,0.33054172316970143,0.5616064492125663,-0.06995971463649836,-0.08639977879871906,0.19528348180997684,0.4038396498351866,-0.06159620382297341,-0.21008830141938428,0.7648278947004887,0.40355366946877125,0.8652762179270816,0.7718876994944818,0.8415444013807993,0.8562989590180841,-0.0987314728982442,0.2804212967231556,0.6397970185447504,0.541299056641049,0.6309116292985