var element=document.getElementById("correlationAdjClose");if(element.style.display!='none'){var correlationAdjClose={"data":[{"type":"heatmap","z":[[1.0,0.9999953108469787,0.9874939956756051,0.9999411278719932,0.9992280106549454,0.9815678881215247,0.9978941129042658,0.9966213346078217,0.972124017374438,0.9967183223808611,0.9949899446522785,0.9942289454258773,0.9966964681716873,0.9966589527821761,0.9978821635318657,0.9982642690708701,0.9983397106267348,0.9970798601946375,0.9970884928348099,0.9969869694165396,0.9966743104841157,0.9892155693294004,0.9740312062218663,0.9916985662515887,0.9581244279555966,0.990924259349115,0.9897812952024069,0.9707222629839516,0.9547995940906253,0.9912949110093708,0.9931715275773576,0.9931409809535092,0.9810886749043951,0.997811477844638,0.997852609777222,0.9977278758760617,0.9968065723874805,0.9957058401692532,0.9977699170364375,0.9986306171364906,0.9986581679713223,0.997824816556876,0.9978327396136556,0.9785024911661343,0.9386989227997372,0.960493733389726,0.9566865452868532,0.9554165271851643,0.9369919375967571,0.9663640652357917,0.9556354392382396,0.968296345696928,0.9724904392627675,0.9612226125495439,0.9851664731101444,0.9836701860868552,0.9916648803254159,0.9935856721726936,0.9889648986506926,0.9852619744624058,0.9885813745746008,0.9882519224171764,0.989128709576894,0.9890473145333702,0.951735088790389,0.979232443517002,0.9764416769544599,0.9762954123465432,0.9325121685463342,0.9847721100906178,0.9813503607264038,0.9876955184333798,0.9871319002860026,0.9463974416508336,0.909851868324719,0.884569886300621,0.9236409120552652,0.9379771860121149,0.9366662329557358,0.9363943701215888,0.9353268186533251,0.7648064448000622,-0.5009244600084115,0.9819834673658626,0.9784912042476831,0.9762507133745961,0.989507041588373,0.9745528179358368,0.9852165983165604,0.9852243115254529,0.9429482814424104,0.9862499750864038,0.9450009510870324,0.8304221150798979,0.930487019855377,0.9428055060960225,0.8464137397823754,0.9605361046546979,0.9610448944530886,0.904458736705662,0.9706104974946146,0.8929778644731082,0.5489405460962289,0.7368463910482383,0.9012669349761764,0.8744734010679838,0.8929369863576249,0.9775303161780824,0.9775997424250052,0.793830348431442,0.7689682575534325,0.8235800826672938,0.49806130774319446,0.8116793423863592,0.827562869241676,0.82261796758491,0.8171571622756035,0.8072559948736895,0.7588908190095298,0.7448425302881829,-0.31434507427090097,-0.45410201316043564,0.7729859509216379,0.8956845212725182,0.9277255450434313,0.9425889854265543,0.9077388521809776,0.8403551011152375,0.9117600646987173,0.9220805096737527,0.921929508808148,0.8622676866755282,-0.10291477726024721],[0.9999953108469787,1.0,0.9919165525526028,0.9998835402637765,0.9983512060652784,0.9895675412066114,0.9944143101477013,0.9926330790800642,0.9894450352865666,0.9926333579635975,0.9926695269726057,0.993657853613137,0.9926940682590089,0.9926694103477474,0.9945423511874042,0.9965207653548687,0.9959659655888579,0.9941879031552577,0.9941967369363772,0.9926620020384034,0.9927067928723436,0.9936815705782461,0.9807308771296206,0.9903432135551425,0.9825846180696541,0.9904382070196436,0.9897189363172393,0.982408652067198,0.9447638638497782,0.9897501089054807,0.988307610461881,0.9848173162176797,0.9519350154512369,0.9953200925604594,0.9952971578772979,0.9955394661064985,0.9929613248894784,0.9952097953832688,0.995562114667355,0.9967363581899344,0.9969201032918258,0.995542824870701,0.9955548678053184,0.9925856955700991,0.9383320312614958,0.920566484570667,0.9564541723004916,0.9553147440875898,0.9369832878648937,0.9129587797257805,0.944412536279107,0.9145311749328057,0.9399140006546244,0.91313638342774,0.9652250286661865,0.9652202526074022,0.9781998070238653,0.9854473073340763,0.9866137472014349,0.9875720012817534,0.9814136527197683,0.9853339681200995,0.9824231986524062,0.9823338783336196,0.9482257309663591,0.9697369460793248,0.9384261864565937,0.9382352318401915,0.876475837707062,0.985209991927047,0.9861533410271603,0.9863011004350326,0.9860055074073892,0.9634708362715139,0.8468553029302611,0.8225729121887291,0.885306910759152,0.9301243210648711,0.8998047706591243,0.9153423139151846,0.9145633216294484,0.8234575221886147,0.004055202230393319,0.9755044105530535,0.9772290703903304,0.9752462939180854,0.9869285880272958,0.971190870721842,0.9774040316482264,0.9769090351109306,0.9396695385287817,0.9783275309323869,0.9407881761879354,0.7833011598095965,0.9301838823686216,0.9320651803795578,0.6549786583265388,0.8814585057790818,0.8841348670228742,0.7845144322725678,0.9688373005317239,0.7563619799900104,-0.34409038729321584,0.2950855612130577,0.7838013551722146,0.7339951945944189,0.7771936628680399,0.9717051263527995,0.971562850957566,0.27132508848641684,0.4414056631102226,0.27761635748493396,0.25029433410902435,0.27005978552551874,0.28185810178020293,0.27842835148430395,0.19886979807317962,0.6123674567206631,0.34685735853262095,0.2971665732412787,-0.4404907291423091,-0.49145567712583554,0.7721920009489882,0.7872286834533829,0.8077323430045474,0.8743156250410343,0.8405878881786328,0.6637723773187048,0.8123153274143147,0.8042025555988118,0.8033351712626794,0.4946843311644168,0.2841011649955288],[0.9874939956756051,0.9919165525526028,1.0,0.9886346120657554,0.9937102518252292,0.9910175749641035,0.9891999500339135,0.9900661304696956,0.9915797694263142,0.9926325773118868,0.9965262868155002,0.9958434407065185,0.9899028755666532,0.9901142912157568,0.989695757910453,0.9909342196102583,0.9899318332689614,0.988742887769417,0.9887086514659907,0.9915567331636053,0.9899375094537564,0.9956767629742601,0.9864681497737101,0.9917426994248507,0.9807655090207562,0.9923902904332861,0.990011654036569,0.9874418108514954,0.9630463093753654,0.9679133943487185,0.9724477427120377,0.9777877115466834,0.9607367408171982,0.9866790486619339,0.9898559513688004,0.9882426055414935,0.9916659242904199,0.9948941240648514,0.9907337074704997,0.9849722522393605,0.9880872704716163,0.9871219884133969,0.9865087542643476,0.9930246596801973,0.935047648674806,0.9468913277146493,0.9620249440748218,0.9490564586279745,0.9067003544911983,0.925485686215066,0.9143846730207589,0.9284617900212105,0.9408094448529828,0.9235510785784312,0.9520014649957025,0.9627939726968447,0.9697423567874067,0.9758895275533408,0.9496905132003586,0.9726202316294832,0.9713351133977305,0.9769780004106745,0.9715368720814858,0.9497995162661694,0.9323918395791467,0.9591070268180831,0.9498230219154384,0.9342538018868299,0.9044661740089873,0.9774859498626757,0.958900408446968,0.970104932134406,0.9510745049817462,0.867216059007804,0.8848300560520347,0.8104286875343768,0.8993102714118871,0.9170655652828906,0.9197237299478133,0.8881903650901447,0.901932288160876,0.5140924258037155,-0.4802195174459835,0.9689671896989225,0.9593626202687381,0.958687951753926,0.9495041981447743,0.9636823778747914,0.9711783213019408,0.9708671390582909,0.9392649124381348,0.967485052080642,0.9028930096578036,0.8175602669293571,0.9602754958027077,0.9608422809478926,0.8328566359687466,0.9492459605387811,0.9504327077102825,0.8779809468458794,0.9802283813199233,0.7736013193266246,0.45426450817480285,0.6842077355821761,0.7985008932109241,0.803201147195567,0.779383106622913,0.9822105591563088,0.9821423229846217,0.7290034183360109,0.7231138516948826,0.7092906127115683,0.4539826547496864,0.7164564790569037,0.7173680058615741,0.7215302402154881,0.7186193502559387,0.7749135058421162,0.699789771751631,0.684973028161651,-0.3667750574895616,-0.5063796878162892,0.7485904859578938,0.8615186175695623,0.8745724291962383,0.8906141944587062,0.8825534260428719,0.7800751151251605,0.86017077961167,0.8659583315343731,0.871671924448465,0.7443970815652858,-0.0277429813922452],[0.9999411278719932,0.9998835402637765,0.9886346120657554,1.0,0.9994236033677746,0.9825490681250336,0.9980737650704987,0.9969515288454809,0.9739650553012179,0.9970972246488633,0.9955941231011601,0.9949898868306867,0.9970112603180709,0.9969886753012276,0.9980902806508498,0.9985349443217421,0.9985429797326274,0.9973647345226685,0.9973717482095118,0.9973059556179518,0.9969936253675676,0.9902202429856226,0.9752257301857529,0.9924986633463292,0.9602866524369692,0.9918136402969592,0.9911203589560784,0.9724145524486776,0.9558299632410591,0.9906654358422031,0.9926970039949777,0.9930600246823207,0.9807433571528942,0.9978522932191143,0.9980099453784486,0.9978927789756756,0.9971694029431685,0.9961386085971587,0.9979606779441358,0.9985216873945152,0.9987146737947162,0.9978633051292454,0.9978690449357508,0.980032063664027,0.936061834047262,0.9587752188463433,0.9563018370596748,0.9534763227122074,0.9323619370768917,0.9637618780391,0.9527273255809655,0.9656191733467806,0.97046682210816,0.958889837662987,0.9833030723854614,0.982426368610864,0.9908939760845105,0.9933523162719033,0.9878515794417719,0.9843389380440509,0.98765277848863,0.9877671850247438,0.9881356945056113,0.9880465902029223,0.9450592488133579,0.9782427323915107,0.975410132133755,0.975257124945276,0.9291810981513172,0.9843841864280699,0.9791587887862658,0.9865774194474992,0.9859850939972618,0.9317914445674033,0.9087798902486757,0.8817793701588043,0.9223554471736438,0.9358200564874056,0.9363285440275249,0.9345155460782976,0.9334782462903879,0.6922193992168983,-0.5003089672646706,0.9813281940189275,0.9774888618051554,0.9750585606054727,0.9883954056869371,0.9740700112816297,0.9846550901562668,0.9846604964827375,0.9427041705908135,0.9851769917302868,0.9348798477717086,0.8332404973139335,0.9344108678469699,0.9460391204608243,0.8477389506061599,0.9615613257087151,0.9620894510832189,0.9040620637774893,0.9715875221819912,0.8870674001403196,0.5454415344921721,0.7352396179959331,0.8959638152288223,0.8708230542367389,0.8873638572820867,0.9782037032661398,0.9782792508919326,0.7927355444334255,0.7691332605492573,0.8158289476856362,0.49943214622031507,0.8057748392868314,0.8195463568342547,0.8145340226788546,0.8117849403999984,0.8091672575343445,0.7588065372472171,0.744819697510259,-0.3097607923335973,-0.4533869085142449,0.7718361695704209,0.8942090097015614,0.9259418702467538,0.9408453780694346,0.9068217295309482,0.8378878429192511,0.9098472738329368,0.9199213297641162,0.9199194113421869,0.8557708018892525,-0.0962026470863832],[0.9992280106549454,0.9983512060652784,0.9937102518252292,0.9994236033677746,1.0,0.9843341955178845,0.9989956509428203,0.9986506330640538,0.9841931025064831,0.9986474108145387,0.9983190732395829,0.9982406369128142,0.9986587118056153,0.9986795471764003,0.9991313305954633,0.9989560313067906,0.9992686647866921,0.9988787812537535,0.9988787734181472,0.9987085305210708,0.9986627293647249,0.9949764250501048,0.9815223323787652,0.9956314350933156,0.9743819011188152,0.9956381631154921,0.9932020359734667,0.982742078045272,0.9578638195116155,0.9889728941053438,0.9917277509523401,0.9909410362504003,0.9745450607503235,0.9988432371970718,0.998917284699122,0.9989637340833456,0.9987803841485879,0.9987085912722228,0.9989231240701478,0.9989845320999214,0.9991956530685463,0.9988833721121005,0.998882986302055,0.9879424326700682,0.9434620528495806,0.9581595154694404,0.9598803773628185,0.9511947379109648,0.9275715273943907,0.9555705544919395,0.9518774709451059,0.9595896044303264,0.965831647877116,0.9546720611342712,0.9825506759510473,0.9824733579726629,0.9915211515165039,0.9934408910673053,0.9843021856276547,0.9785150494212689,0.9817249038875944,0.9841737162447393,0.9821988246092916,0.98207791573052,0.9413458819414742,0.9708516830110868,0.9594112528210913,0.9592156315634226,0.9028428253393868,0.9815988477515246,0.9779560733599854,0.9830895764245183,0.9823890264018379,0.9440169104322135,0.892508861963426,0.8650330687116691,0.9094680135021217,0.9403039195857179,0.9288904333244656,0.9341109382686787,0.9332826664733342,0.8109525629284243,-0.475537862115905,0.975536479960051,0.9676700391621285,0.9663409365738945,0.9850037934620836,0.9647472257910593,0.9786968503212792,0.978448409247297,0.934519413703313,0.9796143319718794,0.9355091289408781,0.8247679264922325,0.9465266143788882,0.9628387723138566,0.8206724940792655,0.9523171155911607,0.9533571539036535,0.9005975780830464,0.9758595686389908,0.8940317872326073,0.3814421458839706,0.6878475240476167,0.9008558606870537,0.8590243135127137,0.8975941008740707,0.9816481308572016,0.9816991124087902,0.7645170896005812,0.7565008819610661,0.7679100965017465,0.4808886366939668,0.7323953156861298,0.7716250001450173,0.7677410332691498,0.7345300074489505,0.799688765934683,0.7479124989071323,0.7330627484298912,-0.4991139403475732,-0.5820249292901671,0.7649690995042594,0.8915707727335995,0.9176057859415984,0.9410719451736759,0.9073110438076648,0.8267839870723699,0.9080522575641087,0.9131877625455576,0.9127178612003196,0.8039262164430319,0.11380839246832966],[0.9815678881215247,0.9895675412066114,0.9910175749641035,0.9825490681250336,0.9843341955178845,1.0,0.9771360941567895,0.9788364435477941,0.9942486952473913,0.9784195979055385,0.9753778926961059,0.975101204901386,0.9786170515801144,0.9788980338590226,0.9786649196195727,0.9828295626254943,0.9793532408647572,0.9790901817694706,0.9791170260099321,0.9777638020209811,0.9787975636836191,0.9930721793761192,0.9941448552888957,0.9825089265137853,0.9892724857784195,0.9831667331696147,0.9797258037072409,0.989289376988216,0.977029130470465,0.9525951007546136,0.95932755337946,0.9712055072191973,0.9651108312510461,0.9768340063710026,0.9774665078494124,0.9783333295399815,0.9796278744143725,0.9761868974755917,0.9780952995481131,0.9764780991858437,0.9784050332308232,0.9772253267024741,0.9772570556527455,0.9964153951678485,0.9031112978047492,0.9374337654167622,0.9484146156525098,0.9560837738602442,0.9206864352912062,0.9172132583437406,0.913901883121861,0.9204828066001578,0.9419893486535802,0.9195885000766902,0.9458110467820554,0.953235329484009,0.95965034700418,0.9621589349396522,0.9739428746282163,0.9899673335821926,0.9782596493887274,0.9867653955855024,0.9778299489715325,0.9773531527399858,0.9795155710489635,0.9772074320789086,0.9622286477908959,0.9617538508508603,0.9542625701248131,0.9850889687410238,0.9785761937105696,0.9741795500689518,0.9732124595007333,0.9730397614323845,0.9253060226307283,0.8891104069369211,0.9381546233870056,0.9350365735926929,0.9442515923908628,0.9260485380741018,0.9241597803773631,0.808314244233689,-0.4257735658815222,0.9862891381068766,0.9885142716611623,0.9854462994682089,0.9746618561464556,0.9807750876007683,0.9846798058810684,0.9843207136708744,0.9741060076022703,0.9753621868513112,0.9738378882239893,0.831556863327897,0.9092576193910484,0.9616816695601406,0.8623204443845874,0.9468516001482478,0.947301050327706,0.8613980663986233,0.9554155845682553,0.8222011076828598,0.45445118070667656,0.6924296704404668,0.833661681119213,0.814078685368126,0.8240181448053303,0.9552278716822364,0.955158581316502,0.7395292319128216,0.739934360146907,0.7419805767263349,0.5004320480878404,0.7454271718079865,0.7468319866007032,0.7406581757582864,0.740774725187427,0.7823527548294658,0.7100422217517596,0.6991785194825211,-0.33405123167189454,-0.46257218944132966,0.7814760287734919,0.8521318613180227,0.8565468778805247,0.8820107155146212,0.8592048079444038,0.7926441666711436,0.8453957385018125,0.85005648818536,0.8501130225154457,0.7987305876426835,-0.04731000615285222],[0.9978941129042658,0.9944143101477013,0.9891999500339135,0.9980737650704987,0.9989956509428203,0.9771360941567895,1.0,0.9978077234472699,0.9561148774185888,0.9996658464305803,0.9996504047743276,0.9996841317462604,0.9986270057031345,0.9992990758927442,0.9998961727356737,0.9970486796430229,0.9999069387993292,0.999472065556766,0.9994761008040381,0.9997538796230016,0.9994212322736727,0.9904121647879299,0.973688740078464,0.9869088400268688,0.9252662569857223,0.9940004746860167,0.9932364227986231,0.9725703012236442,0.9497907580810117,0.9914261888372203,0.9921991719783326,0.9943507226703419,0.9785311208640757,0.9991440663999068,0.9998746896723965,0.9997553679629355,0.9995288644854324,0.9998096901706408,0.9998628231750234,0.9987209039844128,0.9997684259987969,0.9994767016242085,0.9991800826604292,0.9784642144527839,0.9487059117576637,0.9599629559256069,0.9613657339591264,0.9496483208288692,0.9251994425957963,0.9609170850473249,0.9523841743062896,0.9633227809355707,0.968126232614448,0.9589059100886403,0.9833167702601548,0.9838241076666391,0.9928740908370763,0.9962955955310124,0.9577137144357186,0.9663768775781029,0.974552881254323,0.9759462997384465,0.9759611400899785,0.9576516146129161,0.9045728771887993,0.9616165028252492,0.963153630736651,0.9493297262920541,0.8862161671253129,0.9723976976477106,0.9510138813205964,0.9731208167997727,0.9579783888491032,0.8239676426959369,0.8829189299261281,0.8212475381600562,0.8958379478250285,0.9128463576905461,0.9168908105823825,0.8990254674463724,0.909314054857264,0.45689418998354087,-0.5378226263250427,0.9658543252009788,0.9537239311788632,0.9534799790690212,0.9588637013552187,0.9597644351168162,0.9716873862687926,0.9717821273055759,0.9213963171238706,0.9708252244880025,0.8689479762857303,0.8184567526402636,0.9472130112972093,0.9436305751038436,0.8338417407487645,0.9592532992263074,0.9599658574853092,0.9054507456504907,0.9757908773018706,0.8331078934897155,0.5462569945465948,0.7314042931419502,0.8588493510919393,0.855020601216385,0.8403358948272746,0.9823717306292655,0.9824815780011329,0.7873962212578254,0.7548839213195107,0.7823615552812483,0.47442711342696336,0.7873271033088485,0.7971416957484582,0.7868385372164955,0.7971146636388446,0.7981527677117797,0.7554057431976264,0.7395636925474974,-0.32040801820956294,-0.47216626422891894,0.7731304844784366,0.8971863748991534,0.921136450800159,0.9434447493388978,0.914721019616268,0.8406899517970615,0.9119023260869679,0.926476811246,0.9247903288949585,0.7879819000304807,-0.07183547605426385],[0.9966213346078217,0.9926330790800642,0.9900661304696956,0.9969515288454809,0.9986506330640538,0.9788364435477941,0.9978077234472699,1.0,0.9663450421860211,0.99999984744162,0.9999994135770595,0.9998079234330212,0.9999971311313578,0.9999983790289436,0.9994176036124005,0.992571734162436,0.9995407934811585,0.9999191528927607,0.9999187369878241,0.9999696932504677,0.999998882110695,0.9910863360103078,0.9756568976318897,0.9933509112745513,0.93900138425327,0.9945087657728398,0.9919632275507081,0.9748530116083485,0.9499558457076884,0.9878415991022637,0.9937606063257522,0.9931037680516154,0.9760682902280461,0.9995103935961465,0.9996285545767976,0.9997181670166144,0.9997741832116461,0.999397233970505,0.9995794356233056,0.9984459998466516,0.9990133784322064,0.9995858176019244,0.9994648241525693,0.9803118372492576,0.9486834680654376,0.9579460075481085,0.9641775987782559,0.9495422072834213,0.9179730301958536,0.9591983604614304,0.9484027273080814,0.9613105608267252,0.9635396281658212,0.9537448372289095,0.981426873504681,0.9813354872996245,0.9919736876448135,0.9965490596863655,0.9538335704637673,0.9639358539002479,0.9702859095624482,0.9740438510743876,0.9719942378102825,0.9564580726678711,0.9009260312831321,0.958565355862415,0.9586011301919589,0.945409567932798,0.8796042046869921,0.9706812070641483,0.9464500375542515,0.9691151140527469,0.9543555456260552,0.815545708365174,0.8782480068844687,0.8181230815127765,0.8909488899952558,0.9079176977375152,0.9141499982180264,0.8958022549872976,0.9043843649941156,0.4436660197852762,-0.5399888885172793,0.9633300855741848,0.9502080365036734,0.9499019062235572,0.957333628996132,0.9573595578631605,0.9692728349373889,0.969359009189882,0.9195025069236584,0.9661850052169896,0.8627082913383947,0.8164517114980709,0.9571415334683133,0.9527586690142427,0.8319791337169653,0.9592917701833811,0.9601199619258382,0.9030240326997888,0.9790387863891035,0.8350954140920465,0.5319559752095464,0.7234113705897777,0.8590865444778817,0.8516799415315642,0.8416404433742176,0.9843496062357459,0.9844604459941169,0.7792597017929438,0.7484749975525414,0.7828782343131206,0.46427784708798076,0.7822726766711765,0.7923813142735352,0.7865325478378381,0.7914963057019408,0.7929794208532276,0.7501769903410683,0.7338632336556942,-0.3346474285289958,-0.4852341924406709,0.7642025294371562,0.8906522022513177,0.9183763600664514,0.9364335909371193,0.909628734268096,0.8312131196419265,0.9057921333516152,0.9203623806480603,0.9188793886730826,0.7709727923028447,-0.05550090734341003],[0.972124017374438,0.9894450352865666,0.9915797694263142,0.9739650553012179,0.9841931025064831,0.9942486952473913,0.9561148774185888,0.9663450421860211,1.0,0.9814445939050883,0.9864070476180832,0.9890422075995078,0.969902904515863,0.9747468575215691,0.973136077221667,0.9509513035224135,0.9779720357885934,0.9753649037822626,0.9753457940493707,0.9799109931179826,0.9746127655922667,0.9938895680579324,0.9943150767465726,0.9802596295870617,0.9902501256129551,0.9835732758154773,0.9928979925231943,0.9919562944450898,0.9727930277624445,0.9247201239813196,0.9463497061150323,0.965265558876035,0.9550875471438665,0.9691896980728307,0.977883191737092,0.9743671066271168,0.9766544524879469,0.9880873963889191,0.9792560995979283,0.9660802249577071,0.9756786663113254,0.9701554308447473,0.9691893449941297,0.9991618661625838,0.9189997150743793,0.9330537888449889,0.9630757241442313,0.9546437817568594,0.905436769263607,0.8894649962202589,0.8921540013313994,0.8937648919986438,0.9259462805434098,0.9038088115979672,0.9296367953733663,0.9478674541963474,0.9521673492461753,0.9576820367009393,0.9152134392953738,0.9749441758869909,0.9564374643097798,0.9727246109978646,0.9563399321770415,0.9164251861634289,0.932400823340049,0.9560247697312358,0.9337101812649474,0.9016308210557153,0.9035139951071512,0.9737811287436579,0.9321931488882985,0.9514350920621931,0.9169151410316747,0.8625084562704474,0.8865535792744563,0.7778242708337103,0.9017352269632403,0.9033853950944507,0.9161397844778514,0.8673108085299865,0.8852678716922915,0.5039066307257116,-0.45454385847215906,0.9670624946759508,0.9640734895268486,0.9617661347606993,0.9127761897155893,0.9592023501873393,0.9651427731286362,0.9646222017361455,0.9482824692739358,0.9520420321226966,0.9009354275032521,0.8213678153553959,0.9466937309663052,0.9659385894201284,0.8418166494865521,0.9412271873995665,0.9422176739779926,0.8539094563944076,0.9659315166307213,0.7374460654698378,0.4130631312349276,0.6636927862509553,0.7725350646857467,0.7773428119246976,0.7508095966836095,0.9658892227658595,0.965781964541017,0.7082170855410754,0.7114905431899667,0.6724204626464233,0.4606500699592107,0.6957102053503392,0.6922846375652127,0.6704135933243799,0.6939681294642017,0.765417672377868,0.6897989504011243,0.6764208727829573,-0.3708500674006166,-0.5061014298093206,0.7780998208192749,0.8441552945789771,0.8259628045963191,0.8640072981290196,0.8600896798971643,0.7704361102560322,0.8158230089234506,0.8329854382097701,0.8264079347543613,0.7157232924760102,0.01202402130963688],[0.9967183223808611,0.9926333579635975,0.9926325773118868,0.9970972246488633,0.9986474108145387,0.9784195979055385,0.9996658464305803,0.99999984744162,0.9814445939050883,1.0,0.9999992187089244,0.9998120073589964,0.9999985210243164,0.9999978992923118,0.999727042726924,0.9980810394096273,0.9995416957943085,0.9998999185058036,0.9998998721675599,0.9999806079468488,0.9999994166949019,0.9935841397294645,0.9776469215368322,0.9964460469206415,0.9694408578272339,0.9964709754239773,0.991956371892675,0.9791890381315449,0.9515336406145011,0.9899702545409751,0.9938529003039244,0.9910662757658941,0.9733498622779915,0.9995627164851247,0.9996246514628186,0.9996407388971419,0.9998564160116674,0.9994068014507336,0.9995862425558069,0.998695849922105,0.9990574148913589,0.9995745875123747,0.9995705754888582,0.9848904975416332,0.9485654935486931,0.9579692383862326,0.9640620459638634,0.9493998203779745,0.9180528377576384,0.9536652529383788,0.9463573617169373,0.9571546035283,0.9621341057543351,0.9524006126118874,0.9814460669092455,0.9813664177646781,0.99264661676283,0.9964012470546058,0.9754712231982298,0.9638366580797746,0.9727200928166827,0.973991992395046,0.9733632919601818,0.9732160690847307,0.9292365853364788,0.9584946257354822,0.9506729252600952,0.9504674546722424,0.8917709750970327,0.9706034519119053,0.9690019637595063,0.9744077210415973,0.9735634287191705,0.9308795494174601,0.8782474169310037,0.8454253761494871,0.8907740687669967,0.9246833186102587,0.9150937063580763,0.9195137882767501,0.9188692533986436,0.7703713470004756,-0.5288863997988175,0.9632822944849384,0.9501746226026099,0.9498820246080708,0.9763562629041556,0.9530324547025573,0.9690305017497515,0.968784932800412,0.9202515894249351,0.9701344349484101,0.921481999129354,0.8164460907525272,0.9569725419329549,0.9630823079488549,0.819578560924832,0.9543230102913398,0.9552751404049045,0.9030981967521402,0.9783864909540562,0.9023720332181322,0.42616374585512407,0.7042200712539499,0.9089475034400959,0.8671085490321022,0.9055294231718903,0.9843290135131739,0.9844527919841972,0.7793307719087527,0.7483093117044461,0.7822060591973546,0.46436957520300015,0.7474179907364709,0.7863348902725552,0.7820429599493369,0.7518038556097845,0.7928287664027388,0.7501802727671864,0.7338406336797316,-0.541766769993918,-0.6247623271914883,0.7633311593137759,0.8906170854794515,0.9209759650884096,0.9429000485806268,0.9096541484469031,0.8288304010633035,0.9082298825325702,0.9159329801530048,0.915459672863616,0.8148660296331467,0.17037055394482578],[0.9949899446522785,0.9926695269726057,0.9965262868155002,0.9955941231011601,0.9983190732395829,0.9753778926961059,0.9996504047743276,0.9999994135770595,0.9864070476180832,0.9999992187089244,1.0,0.9998105408727845,0.9999965088539094,0.9999982266438809,0.9997146329869346,0.9979054657885237,0.9993440766637744,0.9998207920407265,0.9998209099525147,0.999998458901374,0.9999985817448166,0.9933117863955526,0.975217797006463,0.995756503711646,0.9773394239947244,0.9962136863636357,0.9919699872869708,0.981602574255983,0.946770763350555,0.9899888901042664,0.9938140941915652,0.9861915575776015,0.9536510574889736,0.9994047734970627,0.9994524902810556,0.9994057219772352,0.9999127602482699,0.9993942544700813,0.9994142748906706,0.9982867279861825,0.9987525570865353,0.9993878810220245,0.9993859221281319,0.9876630359139967,0.9483472788675926,0.9324271136679863,0.9640370231294445,0.9493566735689247,0.9178569127418651,0.9312584748252142,0.9237427653313687,0.9348868011529529,0.9419060206906054,0.9300132229957727,0.9761263428607672,0.9761077981561264,0.9918880697396725,0.9951368927516393,0.9690408683109532,0.9639768622213835,0.9615589936484115,0.966651159750267,0.962527920484409,0.9623178050381853,0.9106565163226152,0.9495083602289437,0.9167432789128412,0.9163339916732031,0.8359103930707787,0.9693918736565439,0.9738309375527896,0.9709202096150501,0.9699096381472643,0.9274570444801249,0.8308827319305906,0.8029854725721346,0.8640932180122595,0.9110881701528479,0.8864225670134519,0.8987081888139713,0.8976772695700518,0.7798069729240212,-0.28698884686830123,0.9532092918275092,0.950340954779807,0.9500142763627869,0.9699491249881171,0.9416336268647151,0.9553337286347059,0.9547944806806431,0.9001706976291488,0.9573530247279438,0.9030612724749104,0.8165988733695736,0.9572142136574268,0.9676148208259826,0.7376967985645805,0.9223813842567221,0.9243901649408678,0.8645088115421407,0.985429070560332,0.851310294189554,0.07590304335839283,0.5664848666739264,0.8641071096419517,0.8342843089002578,0.8597452651734473,0.9867608541685288,0.9866895122464787,0.5693047032411862,0.6741290413023814,0.5756643818026942,0.4643291442977732,0.5470494390308115,0.5842147944110014,0.5757267863635922,0.515914522438935,0.7837879442272802,0.6368636672112261,0.6005025307787455,-0.5004268907071006,-0.5608366212131581,0.7629244609760263,0.8737022253711606,0.8848558533350978,0.921151959817875,0.9042746113862241,0.7282947082544472,0.8719536773512394,0.8802392223701863,0.8796753252657981,0.6542792230939203,0.13101047209091393],[0.9942289454258773,0.993657853613137,0.9958434407065185,0.9949898868306867,0.9982406369128142,0.975101204901386,0.9996841317462604,0.9998079234330212,0.9890422075995078,0.9998120073589964,0.9998105408727845,1.0,0.9998230940716561,0.9998153768769001,0.9997025780338584,0.9984909685607704,0.9995090978034276,0.9999757468735909,0.9999755822011915,0.999815303859583,0.9998194526174177,0.9931670934191518,0.9736510766291196,0.9945942461771494,0.9775501403420526,0.9951857618854487,0.9936645297109896,0.9778326206870888,0.9319636877565867,0.9928424308484651,0.995131680399099,0.9829407699725686,0.9400547157517525,0.9995337103196047,0.9995701755150924,0.9995335686517111,0.99967026296685,0.9996822683506975,0.9995455133083256,0.9982088908641933,0.9987791427954644,0.999517541620249,0.9995144767843136,0.9891673016310689,0.9448197397644925,0.9238008654644654,0.9613661772260593,0.9475197986208602,0.9175881153451705,0.9057458573688021,0.9355875176951159,0.9084723996726225,0.9256032364827749,0.9045094740589779,0.9669266823366184,0.9669173296333685,0.9848959213318268,0.9951212771103122,0.9686649463920821,0.9684944692211286,0.9578559583667472,0.9653960663461056,0.9597070336695617,0.9595415005500032,0.913375800416722,0.9420446885269265,0.9024549042712863,0.9021936343457946,0.8272514821222611,0.9694094488547215,0.97104381779707,0.9710242924498276,0.9704105556031136,0.9356897446537688,0.7992002459926063,0.7715387576625623,0.8415012743595168,0.8964543185020111,0.86265152665564,0.880273089729114,0.8796322938947674,0.7729415087806291,-0.1195017565168756,0.9486977813411859,0.9517727417977537,0.948360483712777,0.9691967844999485,0.9425787108622112,0.95141388369287,0.9507061083320143,0.9016016232968975,0.9529606134621605,0.9034022237277806,0.7821732117630249,0.9552913214408723,0.951027438857557,0.6438508252369253,0.8812330430984103,0.8844903035602655,0.7795779013311563,0.9802057226573556,0.7545510553652668,-0.2849651832391246,0.3259878916850726,0.7789423464155415,0.7350985792915581,0.7731290375580608,0.9821655209598975,0.9821311212263154,0.2969655897761255,0.45361447009376693,0.3019758346024089,0.27494407416655986,0.29359722231694085,0.3073962579922054,0.3046019535207161,0.222178278551266,0.6232508653218902,0.3631062454713953,0.3120330953786303,-0.5053616492698235,-0.5552809624295336,0.7623452703094293,0.7896491339738302,0.8102748863870508,0.8750881739325356,0.8478437679800034,0.6507903052364052,0.8080939072116774,0.8065948245556638,0.8057502320922397,0.49549222343869775,0.3135898432578605],[0.9966964681716873,0.9926940682590089,0.9899028755666532,0.9970112603180709,0.9986587118056153,0.9786170515801144,0.9986270057031345,0.9999971311313578,0.969902904515863,0.9999985210243164,0.9999965088539094,0.9998230940716561,1.0,0.999997732703496,0.9994574737477064,0.9940613621111034,0.9995746243160827,0.999928454449872,0.9999281801538001,0.9999762340655053,0.9999989995704476,0.990951008562803,0.9754337614633128,0.9939929428953045,0.9438145686295042,0.9944492124121238,0.9920434352770389,0.9746215334496054,0.9498303591320439,0.9887580504092243,0.9938563262493326,0.9931815341443084,0.976172798936077,0.9995524214557836,0.9996643886235137,0.9997455838443432,0.9997710396321023,0.9994419955820684,0.9996154283257076,0.9985250408459826,0.9990706035109215,0.9996267348524193,0.9995068710648634,0.9800431048532032,0.9488746700810888,0.9580640886096082,0.9640834363074823,0.9495348544783342,0.9183915312569039,0.9595439875234805,0.9487623445878274,0.9616560211528675,0.9638146191045788,0.95409912295922,0.9816730239800933,0.9815055040097722,0.9920993458029344,0.9966438901093414,0.9540426174717626,0.9638975959834271,0.9703896771189031,0.9740423088957352,0.9720982126662171,0.9566140429856919,0.9007527718002845,0.9586282543630008,0.9587881855892497,0.9456701131361636,0.8795655780318871,0.97064890054606,0.9465394511384267,0.9692189984248277,0.9545519457360824,0.8153665633068589,0.8783475365943041,0.8184534072628916,0.8910470516771772,0.9080438209410266,0.9141963791963472,0.8960456012794275,0.904609275195794,0.4436415517196968,-0.5402002785290209,0.9633388875859135,0.9502203644544823,0.9499168594258309,0.9575060939412499,0.9573535800685711,0.9693036733430525,0.9693917688180517,0.9193593285760601,0.9663072670665164,0.8625669895738395,0.8164711665946763,0.9566949277016418,0.9522893252707028,0.8319360351546622,0.9592843423230296,0.9601071343906523,0.9033690628969061,0.9789236028569683,0.835621251757382,0.533100733716272,0.7240402478220852,0.8595902299528415,0.8522214438923739,0.8421526477621689,0.9843055954798193,0.9844172909322699,0.7798570102367104,0.7489345437089455,0.783519332980155,0.46480165092660647,0.7829355223609656,0.7930882549455107,0.787191484058939,0.7922128741587684,0.7932935721110981,0.7506301377701284,0.73432649971792,-0.3337822922715634,-0.4844832829281534,0.7644548710914225,0.8911454089749273,0.9188791471023953,0.936957997297957,0.9100941846274087,0.831739318230058,0.9063760187693365,0.9209615461712072,0.919473451629213,0.7716314966692368,-0.056550259563145945],[0.9966589527821761,0.9926694103477474,0.9901142912157568,0.9969886753012276,0.9986795471764003,0.9788980338590226,0.9992990758927442,0.9999983790289436,0.9747468575215691,0.9999978992923118,0.9999982266438809,0.9998153768769001,0.999997732703496,1.0,0.9995375642377794,0.9974486327098284,0.9995539785789626,0.9999214154385944,0.9999206849989476,0.9999704115244457,0.9999977722674389,0.9911270655264588,0.9757157487163078,0.9955473701845986,0.9558861163363044,0.9952959462766787,0.992002118987117,0.9749031764403018,0.9501032908096965,0.9912255239499669,0.9940974150998999,0.9930581117559771,0.9759923869186292,0.9995200259018697,0.9996286602984847,0.9997238950499459,0.9997871467707589,0.9994164832346055,0.9995763194046278,0.9984673568889462,0.9990265665593513,0.9995940009920247,0.9994752628589826,0.9803122821089244,0.9487242654268953,0.9579618352868039,0.9641186179096917,0.9495271976980524,0.9181394231878497,0.959264772681611,0.948513443446853,0.9614044310054214,0.9634971373757191,0.9536685847991422,0.9814447571499892,0.9812839091038246,0.9919472789901402,0.9965152148145586,0.9540807668273643,0.9639603472232184,0.9704243211685735,0.9741206278452674,0.9721210554384765,0.9562991927550464,0.9010974762887397,0.9585078404182107,0.9586583111856116,0.9455826788731141,0.8797155051834618,0.970799626362698,0.9467362877676492,0.9692849622743925,0.9546154601012647,0.8158290241970361,0.8782747624482692,0.8183440368759002,0.8910107693414296,0.9080619265618759,0.9141683862252188,0.8959332052587888,0.9045284401301228,0.44398206288079545,-0.5396972615625734,0.9634166776972893,0.9502466756214969,0.9499470673115538,0.9564305913229364,0.9575084688196519,0.9693516211380816,0.9694347535750077,0.9196734797396212,0.9663246723692037,0.8629211763600699,0.8164562044116579,0.9569326877483233,0.9526818483973143,0.8319979844741863,0.9592337221042558,0.9600655406226605,0.9028553995867449,0.9790522954228991,0.8351165788353352,0.5317758508489814,0.7233038232730352,0.8590877432098983,0.8517839784910708,0.8416582455553083,0.9843782280098888,0.9844867609125305,0.7789076332348718,0.7481837266661924,0.7828531565242915,0.4644771948142792,0.7822469174177559,0.7923021334280712,0.786671474858682,0.791400161619576,0.7929131067256119,0.7495153934483688,0.7332330576650857,-0.33447736285678953,-0.48506082205100576,0.7642994928375748,0.890568308318521,0.9184833121219167,0.9364619267108248,0.9096698699519912,0.831026451934914,0.9059681457842689,0.9203851473720289,0.9190125739478876,0.7710499839564772,-0.055743554363143405],[0.9978821635318657,0.9945423511874042,0.989695757910453,0.9980902806508498,0.9991313305954633,0.9786649196195727,0.9998961727356737,0.9994176036124005,0.973136077221667,0.999727042726924,0.9997146329869346,0.9997025780338584,0.9994574737477064,0.9995375642377794,1.0,0.9986099647644197,0.9998715934610777,0.9996097806981561,0.9996137268705142,0.9997987701199187,0.9996011720358299,0.9909060178370863,0.9749685536531831,0.9944262794310293,0.9499266426101155,0.9940641522719309,0.993472950260824,0.9736144686468017,0.9509884039754398,0.9914974675491838,0.9926157580071567,0.9938107619626171,0.9778276298606491,0.9993327775651123,0.9997521263694606,0.9997522967255552,0.9996292809456415,0.999679068114918,0.9997191253768879,0.9989673800940115,0.9996451689076911,0.9995540418687133,0.9993397117051043,0.9792772956842584,0.9476568170856401,0.9598294807782826,0.9626680121977319,0.9508862059170462,0.9237323553358582,0.9610151722244595,0.9524164292012848,0.9634125774386558,0.9670202156457953,0.9572187331254618,0.9831299642364345,0.9829626687444774,0.9927467231319067,0.9960551361279216,0.9580380862110597,0.9673193876472522,0.9746228279068624,0.9764961805606077,0.9760895880951522,0.9588172870292407,0.9056277523142874,0.9617131380710147,0.9631915119061859,0.9498697015853053,0.8865125897241319,0.9731328013127265,0.9510276384150776,0.9730594425368055,0.9584412152028648,0.8230200300044447,0.8832745351096214,0.8222078830574772,0.8961021839768433,0.9123914561324155,0.9166349498260439,0.8992255310032191,0.9091162663451232,0.4540276709673333,-0.5370693846714462,0.966543478658114,0.9547281822290071,0.954341841307282,0.9599125631401535,0.9608338770435583,0.9721972248809732,0.9722800230301251,0.9234358615667766,0.9707571039048196,0.8691699998891359,0.818112167996056,0.9495472310845925,0.94598610762242,0.8342241785976857,0.9592764935868534,0.959945217126313,0.9027078130267702,0.9760439468157509,0.8343770469058909,0.5408119806164462,0.7278352379903307,0.8590116538523443,0.8542332120236268,0.8410977952388948,0.9823710293196095,0.9824748265224741,0.7836270983088122,0.7509417375369093,0.7834839416655219,0.4714462546177828,0.7861348576068804,0.7960262396473193,0.7882008496450403,0.7956487976524628,0.795282355287623,0.7507800472923816,0.7349199083610314,-0.3224490162365835,-0.47403566954799103,0.7704790126906385,0.8931818482666644,0.9209952684424628,0.9417583551765196,0.9111719374407216,0.8378538304418379,0.9113783598249066,0.9250716376783239,0.9238735979793995,0.7831550336252813,-0.06798234052722835],[0.9982642690708701,0.9965207653548687,0.9909342196102583,0.9985349443217421,0.9989560313067906,0.9828295626254943,0.9970486796430229,0.992571734162436,0.9509513035224135,0.9980810394096273,0.9979054657885237,0.9984909685607704,0.9940613621111034,0.9974486327098284,0.9986099647644197,1.0,0.9989908565390562,0.9978075899872828,0.9978074895070064,0.9981805064484418,0.9975034133096253,0.9928087960546383,0.9786596016801767,0.9812279862894779,0.9245599281449323,0.99182004853387,0.9946195269249398,0.9767750177979321,0.9587631686175857,0.9916538710483649,0.9895303273331657,0.9917720762883401,0.9773035072433585,0.9975127629414806,0.9983339272312507,0.9981771724923176,0.9980081139930416,0.998854514937333,0.9982325392447245,0.9982294551407341,0.9987726951681238,0.9976733298149515,0.997581231816743,0.9800177581536353,0.9423923518854291,0.9594678536534682,0.9587247433208099,0.9517502087805075,0.9279922824946246,0.9605568621933899,0.9526443061282881,0.9634027224813946,0.9656963158781268,0.9536440747950179,0.9807073042223077,0.980663657072714,0.9886561934984188,0.9914298130747293,0.9671805677399091,0.9735069994965535,0.9807064719953429,0.980889073515534,0.9814348848969717,0.9668403100372365,0.9182772428456693,0.9656216699638414,0.9674458998988004,0.957587384707368,0.8989638398189531,0.9782259630303195,0.9620848622812144,0.9791943487920517,0.9675591776352626,0.8420625903011866,0.8921363826652526,0.8353909637585585,0.9055422555533653,0.9232854603058243,0.9241723399427694,0.9071895999812271,0.9180938866215933,0.48391288143863304,-0.5109838344308383,0.9724601028620073,0.9611721284656557,0.9617643472064845,0.9689028438481935,0.967850560909764,0.9770865496068899,0.9770944137129863,0.9344644946787758,0.9774796465728465,0.8858304940976337,0.8205717543113032,0.9405407323071274,0.9421708508871464,0.8383795493898699,0.9575137343910958,0.9581922853929182,0.895763401706339,0.9740565614409584,0.8277644155055176,0.5294837643799822,0.7228167703044189,0.8491569806445416,0.8493962944358233,0.8316491928980243,0.9792414927208875,0.9792464681477259,0.7739218667150418,0.7473659714508392,0.7758795477793422,0.4783751297753344,0.7778478439206001,0.7849477559589355,0.7868699672910044,0.7853003739338602,0.7938321666975741,0.737580760696369,0.7229379728106