var config = { responsive: true }

var correlationClose = {"data": [{"type": "heatmap", "z": [[1.0, 0.9999814725098058, 0.5456134335015999, 0.9996923576928671, 0.9973231604501236, 1.0, 0.9903705839191237, 0.9857169982385992, 0.9909959748766128, 0.972529234232174, 0.9803499714816697, 0.9904171872749457, -0.14380134507722875, 0.99048567696795, 0.9905489608235769, 0.9933292277169249, 0.49749983925277064, 0.9915500173072851, 0.9915481831732638, 0.9832761701881528, 0.9904188162879322, 0.4442069643994252, 0.6445473780376532, 0.9767716335098124, 0.9767459516232062, 0.9541352216779307, 0.2882101910501854, -0.1273090965066462, 0.9898707468111009, 0.9898325644466267, 0.2640146544197829, -0.21423592979216066, 0.9934518704474622, 0.9943627040534174, 0.8011324153988916, -0.39529284642724466, 0.9864375199829216, 0.9940756760301047, 0.9940089482924324, 0.48042770071331736, 0.9936527084895723, 0.9936477015648324, 0.9936527084895723, 0.8927616128332099, 0.6817264961658035, 0.8586118810912662, 0.8811064880165289, 0.7991548229671026, 0.3975581395244451, -0.11789775543304178, 0.19428308385275278, 0.9474060163944616, 0.48892688359290803, 0.977570997400479, 0.9714968616765457, 0.910307252192931, 0.9019958490862312, 0.9295603410595833, 0.9021800788871189, 0.9260737759053188, 0.9270240026729715, 0.9260737759053188, 0.8348016958660118, 0.9033684858444037, 0.9045890348227836, 0.9033684858444037, 0.8875412160811609, 0.718515412442641, 0.8636731797611219, 0.8656214085533814, 0.8636731797611219, 0.6048431016316437, 0.29934730140556, 0.5800730765736667, -0.6004216187634899, 0.4709372447512752, 0.5322002952478594, 0.534168776730466, 0.5322002952478594, -0.09343757835814265, 0.8748247574968869, 0.9060408265960153, 0.8877309422920304, 0.9119366772467392, 0.5050955043376885, 0.8726296446886017, 0.8741905147722936, 0.8726296446886017, 0.8841477871133807, 0.8841477871133807, -0.1704755036864491, 0.5272072750971027, 0.20632180809480935, -0.5233367377175434, -0.5518053021183468, -0.5551788753945106, -0.01510718843823991, 0.04040632028640332, 0.2756492850186269, 0.17171050156114354, -0.33101501997684357, 0.07628111902261697, -0.7896758203339105, -0.18997917723658586, 0.10913710042327561, 0.10955655938941031, -0.5271450444173568, -0.6096441883694823, -0.1899965811052607, -0.47085235272584647, -0.8305591804714013, -0.32943907409573575, -0.3208013820512066, -0.32943907409573575, -0.17366481580348198, -0.23463394323649617, -0.23463394323649617, -0.8197163319630335, -0.8197163319630335, 0.4026711452177184, 0.6647542206195599, 0.8766456933923459, 0.8552387011873328, 0.7941656137081657, -0.22515532184799442, 0.77361173052029, 0.8141947302091944, 0.8142589781444778, 0.8141947302091944], [0.9999814725098058, 1.0, 0.9661416486256491, 0.9991411075795871, 0.9931092561196808, 0.9999814725098056, 0.9758482305837205, 0.9659307154614318, 0.975603889087742, 0.9556110568889278, 0.9779471879738746, 0.9759047788347537, 0.9758612505864436, 0.9756582857251387, 0.9748328915649506, 0.9841109765535292, -0.21046817068255583, 0.9817934286205973, 0.9817618357791681, 0.9759814258357897, 0.9759709335696689, -0.17029128350934705, 0.964894601294699, 0.9682945475930428, 0.9683758346644312, 0.9545977890421832, -0.014900611322765728, 0.1418388493421967, 0.9744002098827165, 0.9744810363345114, 0.9700035039231991, 0.11611273311390706, 0.9863827421696385, 0.9864859744138517, 0.9873143648227041, 0.9783728675672367, 0.9845910483077872, 0.9863797881228022, 0.987083908871733, -0.21761110143341492, 0.9874354953325439, 0.9874126559892207, 0.9874354953325439, 0.8927994584093939, 0.5797064930216879, 0.859358579367385, 0.8814135435778507, 0.798418792258976, -0.4517010230924738, -0.5546877008857165, 0.8410463824260178, 0.8619946108143238, -0.14676258188437943, 0.9352221438007245, 0.9352737739805937, 0.915581637496748, 0.9264676416465417, 0.9021232631202107, 0.9017754486819894, 0.9092949154191718, 0.9100981110939198, 0.9092949154191718, 0.7583693571661065, 0.7176557409389708, 0.7197213138089613, 0.7176557409389708, 0.9202158843547631, 0.9258196970896171, 0.9199432389352732, 0.9212802324191571, 0.9199432389352732, 0.4178763212416556, 0.36179435346344746, 0.48444892716897686, 0.5874207097696378, 0.46300958678213294, 0.5075544958307091, 0.5084176961300909, 0.5075544958307091, -0.20729512942086903, 0.8551208592845932, 0.8941374366658114, 0.8794222317968837, 0.9232303229305976, -0.006343788605640388, 0.8484040785727043, 0.8488118961139866, 0.8484040785727043, 0.8605177704819318, 0.8605177704819318, -0.2766238505800524, 0.5283013703830891, -0.37763763361895725, -0.6135008251809848, -0.4626160658757406, -0.4659777068408434, -0.2834919255457838, 0.2094220736989689, -0.19838527844601722, -0.3642690964299407, -0.5437594478857408, -0.2654253901614731, -0.5022986076960894, -0.31877531786850055, 0.08365597214001352, 0.07821802218606756, -0.47954122123697795, -0.43269988388215413, -0.46048414924780495, -0.4902766723253518, -0.4827321818020439, -0.4632350739256566, -0.46651885088112055, -0.4632350739256566, -0.35567228410472085, -0.4870082468230361, -0.4870082468230361, -0.4639528579776253, -0.4639528579776253, 0.4024402879788273, 0.4282014608895027, 0.5245110769784291, 0.6096006619946475, 0.5852143443836956, -0.375297339889968, 0.39821773251981823, 0.39075763320995455, 0.39087455518953074, 0.39075763320995455], [0.5456134335015999, 0.9661416486256491, 1.0, 0.5384063083248966, 0.41574992183297177, 0.5456134335015997, 0.5358535289654889, 0.5232695231860804, 0.42468793001591004, 0.3618934076555912, 0.9964650721104804, 0.5358794892965996, 0.5200011922273321, 0.5362440222151454, 0.5391316012866408, 0.5764422127982838, -0.07701903350825857, 0.4769992203750183, 0.47696496241438313, 0.42529185237240336, 0.5355160622524457, 0.20113464941432657, 0.6765328164643298, 0.4998517851751827, 0.4995601656694536, 0.981159174449157, 0.2718800032575627, 0.18246527401613502, 0.5034818690475684, 0.5029684418981917, 0.7720269408541146, 0.004410856901075628, 0.5347504905114716, 0.42394422399338283, 0.5277856685300183, 0.3749028230230532, 0.9936247213324295, 0.4104092163601472, 0.5381727250818106, -0.08252193181130826, 0.5507438711646733, 0.533612847170879, 0.5507438711646733, 0.9005736157722704, 0.39336528025429524, 0.9022809079795171, 0.8671304422247755, 0.6489651727536883, 0.20200342873505955, 0.004258813474619843, 0.0634150291739824, 0.40359803200980304, -0.06155668906884629, 0.4966883676938419, 0.42409934213618083, -0.0851832062422229, 0.6616424268263387, 0.6251380992293515, 0.4457405092776651, 0.6312154246062833, 0.7032346879372603, 0.6312154246062833, 0.29024679242654206, 0.5258603624635164, 0.6338823017061248, 0.5258603624635164, 0.5255826107243502, 0.6101313264840289, 0.6473437211299559, 0.725314711131496, 0.6473437211299559, 0.17091556207561995, -0.08050363345205873, 0.19027387231532328, 0.16400950542391537, 0.18940107931619413, 0.26622378716131523, 0.3813487622805027, 0.26622378716131523, -0.16710329801568227, 0.3994917431541424, 0.7875131629113117, 0.4866827373342214, 0.7200779274796536, 0.12430518205696728, 0.4722590556958007, 0.47355803319921497, 0.4722590556958007, 0.6120816682316431, 0.6120816682316431, -0.30109989001510756, 0.7120654429678437, -0.23368137466357736, -0.49938053370591406, -0.3705657934323871, -0.37367592372217323, -0.37991015842367204, -0.006993682950272756, 0.027876816033219797, -0.23749243222384983, -0.4828308013674864, -0.12428850707033873, -0.20181915751486887, -0.19272846912231054, -0.04433959895987888, -0.04782392462391985, -0.43038836276023873, 0.02996176770015819, -0.2035291543649072, -0.4669109127681458, -0.08936014041381574, -0.33906661417023154, -0.21524668699649466, -0.33906661417023154, -0.4277120104603052, -0.49422489951437787, -0.49422489951437787, -0.22252724012150404, -0.22252724012150404, 0.3216334151217318, 0.12187850746470984, 0.2337425928621843, 0.4812275217439845, 0.19651178030193805, -0.28451009786376713, -0.04060841973361256, 0.4426409135815815, 0.5599948451645321, 0.4426409135815815], [0.9996923576928671, 0.9991411075795871, 0.5384063083248966, 1.0, 0.9985460814663578, 0.999692357692867, 0.9920433930365818, 0.9878765627162747, 0.9930593832862347, 0.9702470891555599, 0.9858570224930857, 0.9920776971822161, -0.14856948554047736, 0.9921169092042423, 0.9921690861561157, 0.9949440860912258, 0.4834957912432344, 0.9929857399410276, 0.992983963398909, 0.983791840113935, 0.9920690068175495, 0.4352802061854943, 0.6476964819698277, 0.9798280733325356, 0.9798032252402409, 0.9661945662267758, 0.2828957612468565, -0.1349550561550617, 0.9897105004690309, 0.9896836652106562, 0.2552446910865177, -0.21531415211411822, 0.9943052301473915, 0.9955357535928245, 0.7586117437327883, -0.40139378151776756, 0.9904881655700692, 0.9954945085767359, 0.9946721133414695, 0.46603366546902614, 0.9917639569698768, 0.9943982927494911, 0.9917639569698768, 0.8915376614046925, 0.6689113972730965, 0.8677320154044912, 0.8764751515201201, 0.7755022166242672, 0.39187922070737397, -0.12414664062057926, 0.18746502830334355, 0.9415980315608267, 0.47274989240023096, 0.9732796649397165, 0.968677063134448, 0.8847589512723338, 0.8920319142036118, 0.9137357642174718, 0.8965914466244923, 0.9053147418252334, 0.9066221562011754, 0.9053147418252334, 0.8241733268849487, 0.8892495641475224, 0.8905976998273916, 0.8892495641475224, 0.8825701190776035, 0.6477926296190398, 0.8170055809631005, 0.8190753786344659, 0.8170055809631005, 0.5941921557521701, 0.09611687669659105, 0.5673027474404952, -0.6058587621802237, 0.46378493372142426, 0.27590073323448006, 0.5014518172998498, 0.27590073323448006, -0.10051672173974466, 0.8674198501523218, 0.8939930877199134, 0.8766403413239549, 0.8837954625859258, 0.49201685717499455, 0.8663150131582684, 0.8680714735166318, 0.8663150131582684, 0.8606859708534534, 0.8606859708534534, -0.17723871330008623, 0.5572234580433847, 0.21107142835126277, -0.5345599943061443, -0.5599986653933249, -0.5632846470167978, -0.02807039057472329, 0.03440968163410833, 0.26827266588899557, 0.15884229463951846, -0.3444680386022994, 0.0694123336401512, -0.7969082439937676, -0.1982372804758398, 0.09735865826506734, 0.09783800429286044, -0.5350303146418907, -0.6066251815740146, -0.1920166473427095, -0.48405125584052283, -0.8333655132229363, -0.33149100370729345, -0.3234191029972044, -0.33149100370729345, -0.18365034191671775, -0.24532658026781776, -0.24532658026781776, -0.820294697153624, -0.820294697153624, 0.3871119474275477, 0.6524873849562066, 0.8691564436120218, 0.847801311891682, 0.7868022356469434, -0.23923223709490668, 0.7648002084469518, 0.8057015184678143, 0.8057708627489605, 0.8057015184678143], [0.9973231604501236, 0.9931092561196808, 0.41574992183297177, 0.9985460814663578, 1.0, 0.9973231604501236, 0.9965988353977686, 0.9944734641292282, 0.9967908469905831, 0.9591716212521421, 0.9948951698795232, 0.9966194694298516, -0.3661338396833979, 0.9966514277976782, 0.9966642318210237, 0.9977375528606682, 0.2947026012403303, 0.9972281097101278, 0.997225564002934, 0.9855633663043687, 0.996612868527928, 0.060801012312293505, 0.6011381537361513, 0.9899432869767257, 0.9898967626745407, 0.9821876502629011, 0.01780080227578759, -0.12176030796588938, 0.9880647534480927, 0.9880102844517449, -0.07113616147697678, -0.11492289436078183, 0.9976577950428964, 0.9976020718784597, 0.7297373601934272, -0.5500294610644081, 0.9969307009011844, 0.9978289451697491, 0.9979305846688842, 0.2712590035954945, 0.9976276478262661, 0.9976283921258352, 0.9976276478262661, 0.9075705094732199, 0.6300286893160743, 0.8919955233006255, 0.8796161439021141, 0.739198711233838, -0.09181005847624828, -0.5739575609490573, -0.24006126518050994, 0.9265019005985582, 0.3305276829148027, 0.9664892034076047, 0.9665468344822651, 0.8764376498721079, 0.8672291527289835, 0.8966104070842513, 0.8801643419295889, 0.8944841617880617, 0.895175720153606, 0.8944841617880617, 0.7917220422587127, 0.8270198753391033, 0.8287078023962153, 0.8270198753391033, 0.8679772914373377, 0.7525032250667096, 0.8475347868436498, 0.8489542476541697, 0.8475347868436498, 0.54239602627471, 0.4036535514098744, 0.524042340757632, -0.6578356524781083, 0.5186383591656419, 0.49505088835471006, 0.4953240296491537, 0.49505088835471006, -0.12010478053918039, 0.8443656188706189, 0.8596010877163521, 0.8460369473711866, 0.8872640240686609, 0.355739319091667, 0.8462993038646398, 0.8480517615690044, 0.8462993038646398, 0.8548389015888569, 0.8548389015888569, -0.22246950888568448, 0.6224152215593215, 0.065711131920032, -0.57091567889096, -0.6207795858234703, -0.6208953649361297, -0.06560955217669362, 0.05515538256573472, -0.1319373731146818, -0.094277166481131, -0.43716999526072625, -0.30676111240124115, -0.8663111333628893, -0.5030966200234648, 0.061576024630277226, 0.06192132533766857, -0.5673636154266322, -0.5979143017023955, -0.49728433344817075, -0.5299208574985869, -0.8037354016416648, -0.5557634119571739, -0.5587368119446217, -0.5557634119571739, -0.22985584118163618, -0.2859814784545939, -0.2859814784545939, -0.7698907724526748, -0.7698907724526748, 0.36396299158554063, 0.6300959695672975, 0.8173642361026846, 0.7910367330081403, 0.7733031842366758, -0.38162516616915837, 0.6136113640582979, 0.6965442681635963, 0.6967294160179573, 0.6965442681635963], [1.0, 0.9999814725098056, 0.5456134335015997, 0.999692357692867, 0.9973231604501236, 1.0, 0.9903705839191237, 0.9857169982385992, 0.9909959748766128, 0.972529234232174, 0.9803499714816697, 0.9904171872749457, -0.14380134507722875, 0.99048567696795, 0.9905489608235769, 0.9933292277169249, 0.49749983925277064, 0.9915500173072851, 0.9915481831732638, 0.9832761701881528, 0.9904188162879322, 0.4442069643994252, 0.6445473780376532, 0.9767716335098124, 0.9767459516232062, 0.9541352216779307, 0.2882101910501854, -0.1273090965066462, 0.9898707468111009, 0.9898325644466267, 0.2640146544197829, -0.21423592979216066, 0.9934518704474622, 0.9943627040534174, 0.8011324153988916, -0.39529284642724466, 0.9864375199829216, 0.9940756760301047, 0.9940089482924324, 0.48042770071331736, 0.9936527084895723, 0.9936477015648324, 0.9936527084895723, 0.8927616128332099, 0.6817264961658035, 0.8586118810912662, 0.8811064880165289, 0.7991548229671026, 0.3975581395244451, -0.11789775543304178, 0.19428308385275278, 0.9474060163944616, 0.48892688359290803, 0.977570997400479, 0.9714968616765457, 0.910307252192931, 0.9019958490862312, 0.9295603410595833, 0.9021800788871189, 0.9260737759053188, 0.9270240026729715, 0.9260737759053188, 0.8348016958660118, 0.9033684858444037, 0.9045890348227836, 0.9033684858444037, 0.8875412160811609, 0.718515412442641, 0.8636731797611219, 0.8656214085533814, 0.8636731797611219, 0.6048431016316437, 0.29934730140556, 0.5800730765736667, -0.6004216187634899, 0.4709372447512752, 0.5322002952478594, 0.534168776730466, 0.5322002952478594, -0.09343757835814265, 0.8748247574968869, 0.9060408265960153, 0.8877309422920304, 0.9119366772467392, 0.5050955043376885, 0.8726296446886017, 0.8741905147722936, 0.8726296446886017, 0.8841477871133807, 0.8841477871133807, -0.1704755036864491, 0.5272072750971027, 0.20632180809480935, -0.5233367377175434, -0.5518053021183468, -0.5551788753945106, -0.01510718843823991, 0.04040632028640332, 0.2756492850186269, 0.17171050156114354, -0.33101501997684357, 0.07628111902261697, -0.7896758203339105, -0.18997917723658586, 0.10913710042327561, 0.10955655938941031, -0.5271450444173568, -0.6096441883694823, -0.1899965811052607, -0.47085235272584647, -0.8305591804714013, -0.32943907409573575, -0.3208013820512066, -0.32943907409573575, -0.17366481580348198, -0.23463394323649617, -0.23463394323649617, -0.8197163319630335, -0.8197163319630335, 0.4026711452177184, 0.6647542206195599, 0.8766456933923459, 0.8552387011873328, 0.7941656137081657, -0.22515532184799442, 0.77361173052029, 0.8141947302091944, 0.8142589781444778, 0.8141947302091944], [0.9903705839191237, 0.9758482305837205, 0.5358535289654889, 0.9920433930365818, 0.9965988353977686, 0.9903705839191237, 1.0, 0.9970953518899639, 0.9999671494988085, 0.949387672948673, 0.9995564261660423, 0.9999960216515674, -0.1621470106487415, 0.9999921419508974, 0.9999190996029227, 0.9939315638036221, 0.43150825039710783, 0.9998290040348686, 0.9998293828386493, 0.9881123145376957, 0.9999962519066451, 0.33935258108185673, 0.6488995913938892, 0.9838139687167837, 0.983774960460002, 0.9837825108560035, 0.20252522221457245, -0.19534061638907999, 0.9923908849303251, 0.9920820570817023, 0.15298542627772566, -0.26664225792302343, 0.9992825689295055, 0.9993700633758511, 0.32940432907644385, -0.3319452362775937, 0.9985698825189548, 0.9992617472299473, 0.9981992345587639, 0.4124357379117161, 0.9283501324782212, 0.9990079120183621, 0.9283501324782212, 0.91573048395237, 0.6315864859287516, 0.9164456105936887, 0.8884439666246784, 0.6887727012584474, 0.4202090804455019, -0.06804874535007864, -0.21235129999635535, 0.9242764117534679, 0.42909292261179294, 0.9686711621813985, 0.9610193111767473, -0.09535464071873091, 0.8131163822944699, 0.7925319968905145, 0.8389513370197713, 0.7853049797188132, 0.7551430125579681, 0.7853049797188132, 0.7450896470037229, 0.7549281918907623, 0.7561819959368549, 0.7549281918907623, 0.8237650359487204, 0.2860260585259457, 0.5057361802938684, 0.595212791669721, 0.5057361802938684, 0.5087114188321405, -0.36520708680058167, 0.46762808349935714, -0.6699170584989501, 0.38211250271083824, -0.1364093172865251, 0.3544519370152746, -0.1364093172865251, -0.1461053307601489, 0.7991443651657145, 0.8033813204205326, 0.7948185730647174, 0.7266769109496973, 0.43845911215905153, 0.803559880686545, 0.8060611216443853, 0.803559880686545, 0.7098166413151138, 0.7098166413151138, -0.2603237391288284, 0.6764734967335662, 0.2601492898623719, -0.5565938156796091, -0.6047693557791911, -0.6076089483037, -0.08248701398872205, -0.019317457069215258, 0.3680752246346601, 0.11774880845496129, -0.3758760708688479, 0.11736855835128426, -0.8250417664244154, -0.10391118978851097, 0.02330977844831273, 0.02393096635042064, -0.5829234366470898, -0.6120342263135279, -0.03347276751557274, -0.5687904768618263, -0.8458256661323903, -0.3294174177335377, -0.15468419975116734, -0.3294174177335377, -0.26695694907607115, -0.2980234262726487, -0.2980234262726487, -0.8401950182785732, -0.8401950182785732, 0.36002780522833117, 0.6054978927257066, 0.4942318593949859, 0.8092728500822093, 0.7614927226681818, -0.30017299037753237, 0.058767723798206564, 0.7679339197837691, 0.7863307673804413, 0.7679339197837691], [0.9857169982385992, 0.9659307154614318, 0.5232695231860804, 0.9878765627162747, 0.9944734641292282, 0.9857169982385992, 0.9970953518899639, 1.0, 0.999440433706, 0.9405402735277721, 0.9981226649216085, 0.9979125981667092, -0.1720856667405478, 0.9989637861783545, 0.9986542073237861, 0.9863144788204746, 0.4094777294462664, 0.9990194430361125, 0.9990226139445177, 0.9850923912034392, 0.9991346005184986, 0.31134537241671, 0.6474938671497211, 0.9915854224612801, 0.98130845022475, 0.9787669110494043, 0.18172146497362934, -0.21102348196484577, 0.9886957030091645, 0.9921135930060573, 0.13164841852116202, -0.2741862733353967, 0.9980935585120535, 0.9979757672647912, 0.3074111007486481, -0.33983654012765796, 0.9957546387928599, 0.9977672925418849, 0.9975317836576282, 0.3898830036750719, 0.9190033808209412, 0.9979345104085308, 0.9190033808209412, 0.9132975189886134, 0.6154634924825269, 0.9172281956345029, 0.884000056669123, 0.6596380409174454, 0.40648833045204474, -0.08423510989378344, -0.22658071301062316, 0.914755437474543, 0.40776295800493667, 0.963797067349345, 0.9552231530067217, -0.10688528851495192, 0.796531071130496, 0.7727260206395339, 0.8276757656606708, 0.7667465085507215, 0.7409148748576074, 0.7667465085507215, 0.7290038150711268, 0.7327049130676484, 0.740839334890827, 0.7327049130676484, 0.8126841161762934, 0.26292913005476143, 0.4811612877200802, 0.5760854544059519, 0.4811612877200802, 0.4923673185093008, -0.38187558271534944, 0.4493177857523879, -0.6799017735540085, 0.37134226759538047, -0.1611906544037632, 0.335186388522772, -0.1611906544037632, -0.1536893268400159, 0.7859504619359802, 0.7816470184410501, 0.7773233836144641, 0.7096831998998209, 0.42126428105680896, 0.7910730209610207, 0.7938484587803198, 0.7910730209610207, 0.6881616136838513, 0.6881616136838513, -0.27843698803014366, 0.7093252798991188, 0.2687213490454103, -0.5668940310508371, -0.6195948146154832, -0.6222462927850816, -0.09873552773234173, -0.02881014880865135, 0.3612546216457767, 0.09778716372841272, -0.39003360636564455, 0.10798633355448325, -0.8326944237477892, -0.11050724132110326, 0.0056003281821491524, 0.006257908251523672, -0.5964439591775058, -0.6136560467628155, -0.04042248010551772, -0.5888776183700977, -0.8466967856297103, -0.3419652202367741, -0.16104415981177098, -0.3419652202367741, -0.2871238811024074, -0.31359748971732804, -0.31359748971732804, -0.8394427008168587, -0.8394427008168587, 0.33442337637937497, 0.5865677730142574, 0.4739192822053446, 0.7904295425193217, 0.7474355453286683, -0.32437920974486273, 0.043415157981464454, 0.7477974048742291, 0.7699539061256911, 0.7477974048742291], [0.9909959748766128, 0.975603889087742, 0.42468793001591004, 0.9930593832862347, 0.9967908469905831, 0.9909959748766128, 0.9999671494988085, 0.999440433706, 1.0, 0.9481052657722608, 0.9994976098081975, 0.9999683448149965, -0.3388494906167172, 0.9999730321363072, 0.9999317556084205, 0.9980692106598836, 0.32776549751658834, 0.999767088538875, 0.9997676745402445, 0.9878934593482843, 0.9999655006167427, 0.11002626873542946, 0.6016540623323796, 0.9938273567014557, 0.9937684485485492, 0.9836157451464311, 0.0019821551428290188, -0.1350703781752033, 0.9908729162810344, 0.9908442850435037, -0.05129756132551731, -0.22783456249650344, 0.9992978144955691, 0.9992586321094988, 0.7441667468641628, -0.5373784014651605, 0.9984734121621949, 0.9992441273212427, 0.9991432753136654, 0.3050718517672507, 0.9991385362805064, 0.9991437082305725, 0.9991385362805064, 0.9155542337080573, 0.6327461688932832, 0.916102128625415, 0.8877788869383196, 0.6880684777737687, 0.015939410303787198, -0.5186084755836391, -0.18850604931550236, 0.9193967888733383, 0.37846276562560865, 0.9623589806067608, 0.961330657426835, 0.8469280336373669, 0.8143385020740593, 0.8679921466238539, 0.8400420919513064, 0.8659293941254037, 0.8667268908083638, 0.8659293941254037, 0.7444471649201226, 0.8078683504751423, 0.809602057544444, 0.8078683504751423, 0.8254917993451113, 0.7113349494976737, 0.8152687623458801, 0.8168587669238135, 0.8152687623458801, 0.5077079882559304, 0.32624002128785096, 0.46707684654735643, -0.7031767429721606, 0.44275911360020587, 0.4055928272293145, 0.405679030893184, 0.4055928272293145, -0.10112024791410383, 0.7998616010635632, 0.8030479674953811, 0.7948990411598179, 0.8580969007344137, 0.36747835049196637, 0.8101811613386428, 0.8127420680095867, 0.8101811613386428, 0.8186713227679157, 0.8186713227679157, -0.26279044164637944, 0.6775267709177099, 0.0900400477515238, -0.5700612423897271, -0.6479594927424386, -0.6487420372132766, -0.08618369479485578, -0.016793944026612332, -0.14045096721744954, -0.06713402682804816, -0.42847055225598724, -0.3391964740239223, -0.8798034278961615, -0.543562149112081, 0.02230044170503127, 0.022886998243465937, -0.5849335812490576, -0.6079707215244975, -0.5078247983681966, -0.5711018977478415, -0.8227667310173964, -0.5806455174114257, -0.5826813630839752, -0.5806455174114257, -0.26979568540253024, -0.3023188781065504, -0.3023188781065504, -0.8030203828993538, -0.8030203828993538, 0.36059299910979536, 0.6041771376411575, 0.8245010191238009, 0.8025071039386802, 0.7598443363733892, -0.3300735320884937, 0.6462042968072175, 0.7163681480473376, 0.71653439264379, 0.7163681480473376], [0.972529234232174, 0.9556110568889278, 0.3618934076555912, 0.9702470891555599, 0.9591716212521421, 0.972529234232174, 0.949387672948673, 0.9405402735277721, 0.9481052657722608, 1.0, 0.9183373936239608, 0.9494211589858201, -0.2859658973208968, 0.9490612063570064, 0.9483501271563807, 0.9504406139434166, 0.1439088926217641, 0.9553943428764946, 0.9553691679315152, 0.9495665926948307, 0.9495581328109625, 0.03761989170494792, 0.6549469515351372, 0.9514392206141129, 0.9516596418979028, 0.804616972210537, 0.09991282463581555, -0.11650074966438154, 0.9579954374008739, 0.9581351107885415, 0.08783105138964156, 0.03965720816886062, 0.9598648274092546, 0.960144285613619, 0.8445891925115141, -0.4674537627366325, 0.9310423596554374, 0.9590540451671594, 0.9605904288797047, 0.12075430845331445, 0.9612971866896532, 0.9612607478994359, 0.9612971866896532, 0.7768800519991717, 0.4292203596494716, 0.7241276024816587, 0.8545440660995262, 0.8361507596853722, -0.5533528497176177, -0.6840230476433087, -0.3126273718290339, 0.8653504540885029, 0.10260094639978169, 0.89790055280293, 0.897944457071138, 0.8520064123680322, 0.8441992353756304, 0.8791322639426351, 0.8552188846630154, 0.870684306875179, 0.8715767491803775, 0.870684306875179, 0.7924490904786968, 0.7703968347792615, 0.7725344929159248, 0.7703968347792615, 0.8470429197876939, 0.8686523832515837, 0.8451365716727937, 0.8459806299288156, 0.8451365716727937, 0.6117687075673112, 0.5314855873046407, 0.6129440398943071, -0.42806888896811424, 0.6328246028173714, 0.6547080235122237, 0.6579839538105675, 0.6547080235122237, -0.2552791609719186, 0.8519166702343375, 0.9150374479289644, 0.8708993397931745, 0.8696176823831699, 0.24983095977928235, 0.8434802854352166, 0.8449143412705776, 0.8434802854352166, 0.8559743765274443, 0.8559743765274443, 0.010933555876892126, 0.2510499675165995, -0.07721405030191641, -0.4715510895491943, -0.3875594603560278, -0.38943652128956296, 0.08669771659587999, 0.37826162537563773, 0.11808554528000943, 0.0038961532036166885, -0.30806325534724516, 0.029130725209699282, -0.8129478749756694, -0.13291042079321638, 0.2689742647668983, 0.26774608750700474, -0.3427077326766963, -0.43735050003802606, -0.2952635392847672, -0.2990909255918229, -0.6879490727938811, -0.31727838526892505, -0.319224892300589, -0.31727838526892505, -0.052504766562127214, -0.33448118725896503, -0.33448118725896503, -0.5371557823685428, -0.5371557823685428, 0.5797756894667241, 0.6772794315150625, 0.7608222256972482, 0.6685432574040043, 0.8404715275907063, -0.4282977331774748, 0.3906454789715494, 0.5690439750756833, 0.5693373349085961, 0.5690439750756833], [0.9803499714816697, 0.9779471879738746, 0.9964650721104804, 0.9858570224930857, 0.9948951698795232, 0.9803499714816697, 0.9995564261660423, 0.9981226649216085, 0.9994976098081975, 0.9183373936239608, 1.0, 0.9995538268142612, 0.999550418470226, 0.9994998087188971, 0.9995361575294601, 0.9984340494357329, -0.33733707377378913, 0.9997118075425737, 0.9997160244899878, 0.999562844799917, 0.9995625308489441, -0.29483928265303605, 0.9582618510705126, 0.9917457478279015, 0.9917175918902982, 0.987242994714104, -0.03592334500040128, 0.06601146087199392, 0.9889077973554655, 0.9889789094410878, 0.970307288126247, -0.01658611519665825, 0.9986217628178643, 0.9985677967213045, 0.9983459360371927, 0.9992157444466188, 0.9991393189667489, 0.9986033000153817, 0.9983653705490326, -0.34845188991442455, 0.9982939889181863, 0.998305127617686, 0.9982939889181863, 0.9093309610790772, 0.5009502802129677, 0.9116770924529757, 0.885945371910288, 0.6900140677182992, -0.549557473837, -0.6680501102493561, 0.8008106771473648, 0.806698730898416, -0.2657061159264871, 0.9205677095819943, 0.920749507251088, 0.839445474735087, 0.850098017597476, 0.8137650652402584, 0.8167089610033302, 0.8235204064402515, 0.8245433657006833, 0.8235204064402515, 0.6377674546048342, 0.5909289149634847, 0.5934212236275429, 0.5909289149634847, 0.85122608410964, 0.8612413244531666, 0.8494230491993011, 0.8510547756096077, 0.8494230491993011, 0.27675082588905786, 0.2092624277425239, 0.33869072439894965, 0.4619197390986226, 0.32785661267918276, 0.38071718900186546, 0.38349929921848075, 0.38071718900186546, -0.41147699688030115, 0.7531854988946389, 0.8076608319591241, 0.7857234796414951, 0.8488156429508262, -0.07120143569387996, 0.7450871647610454, 0.745644416304345, 0.7450871647610454, 0.7607182320165362, 0.7607182320165362, -0.3260306011532787, 0.6683552165441515, -0.3971736191531234, -0.6593414878552698, -0.5459509096324924, -0.548125890110677, -0.34943153448558384, 0.13689537403039959, -0.26083611793140177, -0.4193059879368442, -0.5987086404961849, -0.3333320079017968, -0.6296555573224488, -0.39882999640106687, 0.007579372514715664, 0.003192343656054042, -0.5587032871802616, -0.5220501474346585, -0.5400995137851867, -0.5744536752793625, -0.5687924110776882, -0.5439125341375248, -0.54687886510408, -0.5439125341375248, -0.4406243220640855, -0.598654670031655, -0.598654670031655, -0.6048804602212708, -0.6048804602212708, 0.3556332533244153, 0.3632276845583739, 0.4701192035711209, 0.555733657501264, 0.5550594340086434, -0.54340910953206, 0.30532216926922806, 0.3262469974870279, 0.326438364286322, 0.3262469974870279], [0.9904171872749457, 0.9759047788347537, 0.5358794892965996, 0.9920776971822161, 0.9966194694298516, 0.9904171872749457, 0.9999960216515674, 0.9979125981667092, 0.9999683448149965, 0.9494211589858201, 0.9995538268142612, 1.0, -0.16179640124966396, 0.9999940826123038, 0.9999244890655284, 0.9947698371320695, 0.4315858863907815, 0.9998304352074867, 0.9998307961709683, 0.9881574415802598, 0.9999968972914124, 0.3396932903383385, 0.6489859370759475, 0.9893652289199902, 0.9837641098391632, 0.9837660146332691, 0.20282132652447263, -0.19528223053977578, 0.9923831953126971, 0.9920932996565343, 0.15324374328753185, -0.2666054739781712, 0.9992845565136761, 0.9993744992896726, 0.3293815873721214, -0.3317152124416479, 0.9985717407948425, 0.9992708768802079, 0.9982029221719484, 0.41252065811443, 0.9283328812266398, 0.9990104887551797, 0.9283328812266398, 0.9157378614979085, 0.6317457598409911, 0.9166792910872417, 0.8886625555186235, 0.6889224054386678, 0.42062398268510426, -0.06756973446376406, -0.21195705223872893, 0.9243623951537229, 0.4291796317126245, 0.9687696046265755, 0.9610932720010341, -0.09514628052747222, 0.813299576575305, 0.7926495076724123, 0.8390818737726774, 0.7854205181606587, 0.7550786141800743, 0.7854205181606587, 0.7451665251440627, 0.7549910824741697, 0.75610888019754, 0.7549910824741697, 0.8239449763949752, 0.28589394324855516, 0.5057532912928993, 0.5951187849093308, 0.5057532912928993, 0.5086480973142735, -0.3652250435070747, 0.46757780744862654, -0.6697961599084239, 0.38199095175831255, -0.13654285364058644, 0.354496490055528, -0.13654285364058644, -0.1462636409758358, 0.7992235220858985, 0.8035463219555193, 0.794931020417903, 0.7266686908289004, 0.4385421525603383, 0.8036542176765763, 0.806150493509399, 0.8036542176765763, 0.7099030832437766, 0.7099030832437766, -0.2603029503917728, 0.6764449057046036, 0.2602632419055002, -0.5566194697000931, -0.6046803898158444, -0.6075260798638819, -0.08257710963860378, -0.01947327561800106, 0.36824886808884166, 0.11776823775486901, -0.3759314716206967, 0.11763630525923294, -0.8247490797641085, -0.10360805327124654, 0.02334698818808435, 0.023985281385762797, -0.5829129452172128, -0.6118384748963822, -0.03321325723706027, -0.5687687783294775, -0.8457028581890434, -0.32917737356362403, -0.15446784608285066, -0.32917737356362403, -0.26680525051813, -0.2979822987421426, -0.2979822987421426, -0.8401304192289549, -0.8401304192289549, 0.36056570444955177, 0.6056572012537149, 0.4944949492646969, 0.8095430310016584, 0.7615849667429204, -0.29993367416687006, 0.059068563121771556, 0.7681931897685803, 0.7864496187895652, 0.7681931897685803], [-0.14380134507722875, 0.9758612505864436, 0.5200011922273321, -0.14856948554047736, -0.3661338396833979, -0.14380134507722875, -0.1621470106487415, -0.1720856667405478, -0.3388494906167172, -0.2859658973208968, 0.999550418470226, -0.16179640124966396, 1.0, -0.16114896521959038, -0.15702116303973654, -0.13269479449699706, -0.2906598237227657, -0.16262410716932124, -0.16264259894274044, -0.28604011449839956, -0.16222298675595936, 0.023161392149959627, 0.30898332487495095, -0.19789744069221374, -0.19823448429274984, 0.9837442320839278, 0.244961476553774, 0.18633453283249343, -0.19657870998806498, -0.1971982134935702, 0.5360652876656629, 0.12006941892867462, -0.15939422339399606, -0.32311637084698874, 0.1624237736585377, 0.9620064022028592, 0.9985693309761466, -0.3557757346283646, -0.15404841315300055, -0.2804433744805128, -0.1597545319774076, -0.16009590944363936, -0.1597545319774076, 0.9158017693655481, -0.1197608494271783, 0.9166338547307026, 0.888583504989474, 0.6888960645981055, 0.0836958690492731, 0.25843939085843126, 0.6445786904291404, -0.2751678829948883, -0.2956213962619675, -0.07341609505319856, -0.31288719662778264, 0.021665706484103823, 0.24886294497269598, -0.02857857118246435, -0.3242282778001749, -0.0266237002451283, -0.015877762128369742, -0.0266237002451283, -0.43157228137344805, -0.11357684184167328, -0.11546593759796833, -0.11357684184167328, -0.22397505549152996, 0.06613223624260015, 0.041292057964995174, 0.04149250425296075, 0.041292057964995174, -0.4205761767033963, 0.0073327502532458694, -0.3841092198971288, 0.6248561580114089, -0.35330116869813605, 0.007875738031556218, -0.06441874732897893, 0.007875738031556218, -0.30538664439449953, -0.3586581956605292, 0.8035356223546565, -0.14737460892981183, 0.008026711684516286, -0.21667225501139548, -0.27775654550884854, -0.27661994883324204, -0.27775654550884854, -0.034500618786861385, -0.034500618786861385, -0.23762246025172884, 0.6763557947749932, -0.16230224804990132, -0.005165578481919955, 0.20442473408100761, 0.2032457840920601, -0.24969010248301954, -0.011859161273618024, 0.02061166400077457, -0.17062986956689732, -0.10490858230241504, 0.04444726152906072, 0.39432547423023784, 0.1188446137583434, -0.04264079534143045, -0.04652238506055776, 0.09180356488969313, 0.5755340713558221, 0.09709516342684975, -0.17953387631082857, 0.6221670739112789, 0.10261266677316108, 0.10997537718573147, 0.10261266677316108, -0.235054719645777, -0.19381215211039288, -0.19381215211039288, 0.3298855601162873, 0.3298855601162873, 0.36067510397490804, -0.25654972961885986, 0.013424937675012672, 0.08782355021883348, -0.2576427193086879, 0.07796598465025753, 0.15166973479296608, 0.10239625583892592, 0.10242235822939368, 0.10239625583892592], [0.99048567696795, 0.9756582857251387, 0.5362440222151454, 0.9921169092042423, 0.9966514277976782, 0.99048567696795, 0.9999921419508974, 0.9989637861783545, 0.9999730321363072, 0.9490612063570064, 0.9994998087188971, 0.9999940826123038, -0.16114896521959038, 1.0, 0.9999366893796943, 0.9974142346503894, 0.4317121686263802, 0.9998336137697007, 0.9998338820218208, 0.9883275706606868, 0.999994103137303, 0.34040309461395996, 0.6488170201138674, 0.9929634074816713, 0.9928448026306955, 0.9836295255676066, 0.2031259132424272, -0.19533029030813695, 0.9931188680140036, 0.993168311454386, 0.15406899118572445, -0.2664309917841926, 0.9993365985222797, 0.9993738537877277, 0.32828086467593065, -0.3308207098561752, 0.9985040620844664, 0.9992744921090186, 0.9985180238244926, 0.41267325298348273, 0.9277907349131186, 0.9990684346235069, 0.9277907349131186, 0.9160318620595262, 0.6325195878084354, 0.9170733274515684, 0.8890572400604247, 0.6885865866091344, 0.4220741985454689, -0.06589995341500139, -0.2121628086845943, 0.9247844108633134, 0.42948781202885783, 0.9692050738158955, 0.961483427172665, -0.09620130170020555, 0.8135761383403651, 0.7925663946535761, 0.8393517022435797, 0.7853806175763935, 0.754690649407132, 0.7853806175763935, 0.7453651934356073, 0.754943459576332, 0.7565423895147867, 0.754943459576332, 0.8243053562713631, 0.28518403205767845, 0.5052134560994359, 0.5951565019059014, 0.5052134560994359, 0.508464145725194, -0.36644158753721234, 0.4674632134538078, -0.6699511050780446, 0.38157174377111824, -0.1375892208816282, 0.35413286849819964, -0.1375892208816282, -0.146204940404637, 0.7993582992815559, 0.803080437948177, 0.7950125255405708, 0.7162492119747464, 0.4389560488562553, 0.8037834618727935, 0.8062684355754915, 0.8037834618727935, 0.7096996694033677, 0.7096996694033677, -0.26207118873931734, 0.6774280851569425, 0.2607897931344064, -0.5565864415035482, -0.6050860436643211, -0.6079371506081055, -0.08380827300661153, -0.020801955892310913, 0.3685540694980514, 0.11729193532557797, -0.37621703836946524, 0.11771031507885406, -0.8238275143153228, -0.1034496196146291, 0.02223217935537588, 0.02286657616005799, -0.5835918787802218, -0.6121715535819129, -0.0326129490120587, -0.5702393258270013, -0.8456874036401159, -0.32911305631548293, -0.1538914223910127, -0.32911305631548293, -0.2678758985903027, -0.29848284872086417, -0.29848284872086417, -0.8404909303213347, -0.8404909303213347, 0.3607430913462749, 0.6053413310404657, 0.49391723214207195, 0.8100063840800643, 0.7610199330866362, -0.29942331485632717, 0.0583633636901401, 0.7686006716733806, 0.7870646039538269, 0.7686006716733806], [0.9905489608235769, 0.9748328915649506, 0.5391316012866408, 0.9921690861561157, 0.9966642318210237, 0.9905489608235769, 0.9999190996029227, 0.9986542073237861, 0.9999317556084205, 0.9483501271563807, 0.9995361575294601, 0.9999244890655284, -0.15702116303973654, 0.9999366893796943, 1.0, 0.9975312529562047, 0.4296385454589849, 0.9997829409713711, 0.9997842006954766, 0.9882727212864559, 0.9999204980955423, 0.3412794854019638, 0.6509515571018685, 0.992266879069993, 0.9831055914758351, 0.983705911396726, 0.2047364719384107, -0.19424542304439824, 0.9922322564274074, 0.9922442619760818, 0.15730491198504779, -0.26692390041810404, 0.9993429190996406, 0.9992231577545765, 0.3287716253948564, -0.32645897668810575, 0.9984097728652507, 0.9992469785363538, 0.9984996953296194, 0.41061290530395805, 0.926774364309029, 0.9990946768883513, 0.926774364309029, 0.9144598308887761, 0.6327086858221355, 0.9155100282367488, 0.887220035336582, 0.6856415108648765, 0.4225660253714118, -0.06441499043088066, -0.2127940825972038, 0.924093082774487, 0.42680410099719013, 0.9695235650167744, 0.9610178023827854, -0.0988521884866015, 0.8126704289609391, 0.7930900471369983, 0.8393694043865323, 0.7859096522687259, 0.7569590694467702, 0.7859096522687259, 0.7438565751182125, 0.7545706408175618, 0.7576833334345543, 0.7545706408175618, 0.8247138791284102, 0.2857777491799964, 0.505391258703037, 0.5965771313053158, 0.505391258703037, 0.5071174875159941, -0.3687841337053129, 0.4661300333104849, -0.6674232159010387, 0.3805257834665137, -0.13851198122242694, 0.3543947510686455, -0.13851198122242694, -0.14987698811409095, 0.7991102198793406, 0.8018581559302479, 0.7941015522923214, 0.7286538518695219, 0.4378607310895778, 0.803648138633208, 0.8060894081698151, 0.803648138633208, 0.710139105857942, 0.710139105857942, -0.26265806561162675, 0.679998484669402, 0.26079153429339563, -0.5585955867860266, -0.6051164716153612, -0.6079925616241564, -0.08586869349260559, -0.021936627108665403, 0.3694689814500949, 0.1157859703198422, -0.3786828175384641, 0.1186757935731975, -0.8223796837351386, -0.10201996214006737, 0.021713255575537778, 0.022289509757267793, -0.5849265305949221, -0.6072300196188604, -0.03148351986493359, -0.5712476114137527, -0.8434559448553436, -0.3288488555416363, -0.152489111963298, -0.3288488555416363, -0.26840993956358034, -0.30191494069874947, -0.30191494069874947, -0.8382549494649143, -0.8382549494649143, 0.35813242004128737, 0.602952412056578, 0.49205184307334277, 0.8107122982155507, 0.7592966645778287, -0.3010294020242186, 0.05628079307012725, 0.7692145416916052, 0.788449239022794, 0.7692145416916052], [0.9933292277169249, 0.9841109765535292, 0.5764422127982838, 0.9949440860912258, 0.9977375528606682, 0.9933292277169249, 0.9939315638036221, 0.9863144788204746, 0.9980692106598836, 0.9504406139434166, 0.9984340494357329, 0.9947698371320695, -0.13269479449699706, 0.9974142346503894, 0.9975312529562047, 1.0, 0.42364585430557977, 0.9977657528438562, 0.9977626123060743, 0.9838019478398395, 0.9973474161593614, 0.35933150159966165, 0.6743804604133269, 0.970461332123473, 0.9785075870812157, 0.987760245618462, 0.23135974908178927, -0.1696632180695