var config = { responsive: true }

var correlationClose = {"data": [{"type": "heatmap", "z": [[1.0, 0.9999848884597609, 0.5421774730562942, 0.9996915415631662, 0.9973028829133219, 1.0, 0.9903026883223206, 0.985618371685833, 0.9909079864469756, 0.972501593249625, 0.9800444137319262, 0.990349518828787, -0.14554435228911403, 0.9904184792578946, 0.9904703524286544, 0.9932822278650271, 0.504228622481781, 0.9914909372050378, 0.9914781037663436, 0.9831814299659396, 0.9903390225318395, 0.4443192369971467, 0.6417071025168357, 0.9766165601421379, 0.9765902782910798, 0.9531775641914599, 0.28599021586188045, -0.1274023244477894, 0.9898699173940269, 0.989832693778027, 0.2625043058718279, -0.21516294028177724, 0.993406750936014, 0.9943236763693519, 0.7996909196131735, -0.3958572183941938, 0.9862414659583882, 0.9940197909906803, 0.9939600021989717, 0.48725018490166, 0.9936090823826856, 0.993596409013948, 0.9936090823826856, 0.8938417383002575, 0.6845065514435686, 0.8590443163292054, 0.8835006294481648, 0.8017283489456638, 0.3992256995430162, -0.11556989176894383, 0.19505184916622872, 0.9478907258872574, 0.493088963478957, 0.9776987761423862, 0.9716330446786451, 0.9096626508027301, 0.9007149669882942, 0.9290733005611861, 0.9012433343977513, 0.9255491540518307, 0.9264182977738213, 0.9255491540518307, 0.8335903419188898, 0.9030148117730253, 0.9042067531114122, 0.9030148117730253, 0.8863531320254111, 0.7162819071414573, 0.8626506047810597, 0.8644335034920634, 0.8626506047810597, 0.6028504875082147, 0.298252925756226, 0.5782031318079359, -0.6010120174554183, 0.4684891669913911, 0.5307020221367951, 0.5326061864247694, 0.5307020221367951, -0.09213737084036232, 0.8736677462600013, 0.904505913120262, 0.8861871553738789, 0.9111802790289824, 0.5136542975381192, 0.8715612583822531, 0.8729713725869288, 0.8715612583822531, 0.8833622262341545, 0.8833622262341545, -0.1723069302418069, 0.5202161502739014, 0.20571553941338125, -0.5177830825927934, -0.5500091357903293, -0.5537802830500564, -0.010659925827312296, 0.03806861689595108, 0.27796265557447203, 0.17676897587202176, -0.3227677385888098, 0.0797770714861399, -0.7891716134413946, -0.18639192652666134, 0.1068496438704414, 0.1070655120231265, -0.5246216448793637, -0.6101631316841222, -0.1868898712627815, -0.46787547767452947, -0.8306775037729933, -0.32665302976698724, -0.3173261417078654, -0.32665302976698724, -0.17218255572363256, -0.23155436409369107, -0.23155436409369107, -0.8199684127909853, -0.8199684127909853, 0.4030613548516049, 0.6660912374732805, 0.8771854351440443, 0.8556858224915794, 0.7949276249060102, -0.22171542001243602, 0.7745144884155756, 0.8151112736185147, 0.8152967705640412, 0.8151112736185147], [0.9999848884597609, 1.0, 0.9655827730139902, 0.9991358444896195, 0.9930015982131135, 0.9999848884597606, 0.9754634236960273, 0.9653767079521322, 0.9752117155591901, 0.9552202113626285, 0.9775911008166828, 0.9755229009128236, 0.9754763422784152, 0.9752725177949956, 0.9744310562771358, 0.9838560940340058, -0.20005114851782763, 0.981500485012441, 0.9814678797835248, 0.9755973767924164, 0.9755869473805218, -0.17292831408359627, 0.9644366181129636, 0.9677780139111579, 0.9678613419151294, 0.9534994909112535, -0.02257818199189913, 0.14176352004286205, 0.9741435541673062, 0.9742309983645543, 0.9698935344557147, 0.11388991534633229, 0.9861830348846601, 0.9862894475452905, 0.9871290463678769, 0.9780492318049141, 0.9843548697675635, 0.986173317565272, 0.9868930383356197, -0.20729759520088964, 0.9872508860250911, 0.9872287453127335, 0.9872508860250911, 0.8939659273411589, 0.5864509777286004, 0.8597444217204516, 0.8840741155911236, 0.8009133641082248, -0.4521153403473575, -0.555072475606588, 0.8442503483965792, 0.8640643878251244, -0.13999634383641213, 0.9357152039857873, 0.9357873302710872, 0.9141752256293111, 0.9252478389668595, 0.9005508258587231, 0.9001834200765876, 0.9077901980610795, 0.9086133282300601, 0.9077901980610795, 0.7556560331110088, 0.7149213724420814, 0.7170341204060389, 0.7149213724420814, 0.9188690678327619, 0.9245720572458576, 0.91859124601951, 0.9199505524172076, 0.91859124601951, 0.4142320788231137, 0.35860581352581394, 0.481387806405185, 0.5840767157830425, 0.4592128656560864, 0.5043241782300144, 0.5055087007173934, 0.5043241782300144, -0.20465033129121987, 0.852963249291722, 0.8923364128214615, 0.8774124380969411, 0.9219329121905616, 0.008826674692513694, 0.8461097813330963, 0.8465719224971187, 0.8461097813330963, 0.8583468105237433, 0.8583468105237433, -0.27898910897004925, 0.5202176828992767, -0.3807175290992878, -0.6055942264826842, -0.46177149744525486, -0.4652778881059314, -0.2791140393232035, 0.20728759323799334, -0.1947844619157902, -0.3583140044012037, -0.5346979859968088, -0.26129871359509177, -0.5024014951849893, -0.3145010784630183, 0.08068422852510378, 0.07549620492588184, -0.4775252649946335, -0.43036191046035605, -0.4581157391297438, -0.48779314699085263, -0.4803666917950686, -0.46093299170309654, -0.46410675546264674, -0.46093299170309654, -0.35499957272168253, -0.4849531647799331, -0.4849531647799331, -0.46287143187937063, -0.46287143187937063, 0.4022806251639722, 0.4312318920141176, 0.5258787259259925, 0.6108474539178156, 0.586849635271933, -0.37210663026991814, 0.4011242258835763, 0.39408221720177566, 0.3942365386863324, 0.39408221720177566], [0.5421774730562942, 0.9655827730139902, 1.0, 0.5348528934837938, 0.41053456763964896, 0.5421774730562942, 0.5326344127565017, 0.5199117965277903, 0.41890057016541615, 0.35590573095895645, 0.9964142307989547, 0.5326661963324806, 0.5207812743052674, 0.5330362480188293, 0.5353543496003553, 0.5728939544336424, -0.07294160982284797, 0.47315719950590907, 0.47243737182830237, 0.4209014421280104, 0.5317101888949978, 0.20039912159144402, 0.6737245124075247, 0.4961885016761442, 0.495897156890119, 0.9807799249735145, 0.269623329678948, 0.18368396698646988, 0.5005710029849152, 0.5000576114200801, 0.7727797256037912, 0.00432935160472296, 0.531634015777185, 0.4192776520500413, 0.5256443720106785, 0.37701360370034537, 0.9935450899137399, 0.40458359689921336, 0.5345317089589253, -0.07833129096027469, 0.5476217457031314, 0.5299361919289945, 0.5476217457031314, 0.9018279379598033, 0.3947736535378107, 0.9030919448213998, 0.8685851115723203, 0.6502223195568593, 0.2024459775806468, 0.006728144758791722, 0.06444960923845237, 0.40114190739668626, -0.059684810549570026, 0.49415720894765197, 0.42001020615017887, -0.08687478948074465, 0.657806163669121, 0.6225721341734951, 0.4404447253651043, 0.6286210622477254, 0.7015442394321642, 0.6286210622477254, 0.2848026255199169, 0.5234916133822031, 0.6323974004674429, 0.5234916133822031, 0.5205913274481029, 0.6084942682652903, 0.6452639182887269, 0.7238230401096528, 0.6452639182887269, 0.16587402549094615, -0.07990921983986043, 0.18607078297809576, 0.16652436577106214, 0.1851918751302848, 0.26682831902143767, 0.3793616636897215, 0.26682831902143767, -0.16605314461130236, 0.39406627521533655, 0.7839492364014332, 0.4802934246264693, 0.7184146691551907, 0.13103929561642233, 0.4676627947716173, 0.4682557879425678, 0.4676627947716173, 0.6095532176155949, 0.6095532176155949, -0.30346392451781823, 0.7080029177312673, -0.23598035227155806, -0.4929369698627172, -0.3675925839231692, -0.3713011558583208, -0.37772875206287343, -0.009642214340770791, 0.028383022004450822, -0.23431576478905808, -0.4764053183117638, -0.12245874802109176, -0.1982965820747788, -0.18989344303434977, -0.04732387680451025, -0.0511397539711513, -0.4271655722903918, 0.032684431800927664, -0.20136370167838089, -0.46400847555463154, -0.08601515213120711, -0.33651039027462687, -0.21211490026896257, -0.33651039027462687, -0.42752625016543166, -0.49264329415579583, -0.49264329415579583, -0.22008949975463138, -0.22008949975463138, 0.32084317795770334, 0.12039284159646942, 0.23232825273131943, 0.4800796290441673, 0.19381520061156074, -0.2813089939692729, -0.04103672481505862, 0.4420072089162422, 0.5596077417578352, 0.4420072089162422], [0.9996915415631662, 0.9991358444896195, 0.5348528934837938, 1.0, 0.9985336631652217, 0.999691541563166, 0.9919851624741178, 0.9877872678269806, 0.9929908195826378, 0.9702261109524055, 0.9856383256492616, 0.9920198880822944, -0.15037370147337523, 0.9920594301653561, 0.9921012110601035, 0.9949031659243025, 0.4902948138224933, 0.9929342742001102, 0.9929233491131851, 0.9837109058736854, 0.9920005429844174, 0.4353839234717853, 0.6448139179198433, 0.979682976879135, 0.9796576781671719, 0.9654922036421454, 0.28062389954116207, -0.13508932929057205, 0.9897280052054338, 0.9897023563250342, 0.2536897570606238, -0.21627596892896891, 0.99426859303625, 0.9955108874091957, 0.7568987782258574, -0.40201037792737054, 0.9903627886540552, 0.9954557407670819, 0.9946313829065473, 0.4729234055801346, 0.9917092921966306, 0.9943565362018439, 0.9917092921966306, 0.8927321087675177, 0.6717245620814566, 0.8683165251261924, 0.8787122226205754, 0.7780194369589468, 0.39353996100866145, -0.12184095537739745, 0.18820684966552706, 0.9421024025664994, 0.4769389999805102, 0.973420675239871, 0.9688301661006806, 0.883925198290074, 0.8905885666156397, 0.9131358441791406, 0.895576992236191, 0.9046376631193604, 0.905843095582273, 0.9046376631193604, 0.8228748077135264, 0.8888417601372681, 0.890154589528072, 0.8888417601372681, 0.8812890098096141, 0.6450826722713751, 0.8156269197916387, 0.8174746700605161, 0.8156269197916387, 0.5921228387330904, 0.09549584248994653, 0.5653497502685968, -0.6064927321337691, 0.4612725668991663, 0.2746853876495118, 0.49982140813459924, 0.2746853876495118, -0.09922541652508407, 0.866175828651786, 0.89221369081897, 0.8749170846679261, 0.8827858609740695, 0.5006642976685575, 0.8651728420790203, 0.8667713759412197, 0.8651728420790203, 0.8597434371770643, 0.8597434371770643, -0.1791700711199693, 0.5506493393598774, 0.2104579891460377, -0.5290317046401343, -0.5582524257534387, -0.5619300437473251, -0.023638884741361034, 0.03200873119337481, 0.27058212026717376, 0.1639326673503887, -0.3362494411710453, 0.072898000565782, -0.7964598794304715, -0.19465919003192242, 0.09498343757271266, 0.09524774929713963, -0.5325467823323392, -0.6071747474151141, -0.18892649988028906, -0.4811918186679432, -0.833535161477673, -0.3287152525713097, -0.3199541209309745, -0.3287152525713097, -0.18221593103137498, -0.24227924408135393, -0.24227924408135393, -0.820590649301703, -0.820590649301703, 0.3872733948058878, 0.6538217999473991, 0.8697186872964332, 0.8482674437113626, 0.7875807015439559, -0.23582449687600307, 0.7657259521942926, 0.8066430223002906, 0.8068362579820846, 0.8066430223002906], [0.9973028829133219, 0.9930015982131135, 0.41053456763964896, 0.9985336631652217, 1.0, 0.9973028829133219, 0.9965745118946766, 0.9944261495024546, 0.9967605245300933, 0.9590500372243145, 0.9948189699069535, 0.9965960296296779, -0.36887557563956197, 0.9966282533749313, 0.9966351920535516, 0.9977137166538669, 0.30254699206635566, 0.9972079885370347, 0.9972032267540178, 0.9854889676574466, 0.9965849161369147, 0.06017027356308583, 0.597374377664604, 0.9898527332276836, 0.9898059916341798, 0.9818212812637516, 0.014014183974697619, -0.12203770326536452, 0.9881138033867665, 0.9880617804155237, -0.07395542044999612, -0.11603942199050357, 0.9976541576745767, 0.9975989766244744, 0.7272581254919344, -0.5514978365429231, 0.9969020604410619, 0.9978192689864366, 0.9979265186686882, 0.2791581159391554, 0.9976238007781166, 0.9976256959555315, 0.9976238007781166, 0.9088798224671666, 0.6330110002162759, 0.8928512291406652, 0.8816089841094825, 0.7413332934045593, -0.09015788292749638, -0.5728172958139863, -0.23996725679563774, 0.9270284846949979, 0.3351872543733175, 0.9666302055858454, 0.9667165986412741, 0.8752589370422182, 0.865463418900753, 0.8956512251112555, 0.8789677546360988, 0.893493285293196, 0.8940221622845101, 0.893493285293196, 0.7901467514330592, 0.8260678026117929, 0.8276501937809077, 0.8260678026117929, 0.8665009732688362, 0.7499897438160726, 0.8460412103273112, 0.8472102042116542, 0.8460412103273112, 0.5399651878169985, 0.4013388968359263, 0.521808168553649, -0.6593928066962005, 0.5161617529204506, 0.49248794348379116, 0.49259132018070845, 0.49248794348379116, -0.11862702088928755, 0.8428895135329241, 0.8572493650808, 0.8438768003023246, 0.8859876901136872, 0.36556865240460507, 0.8449104698826928, 0.8464667130298371, 0.8449104698826928, 0.8535020797304134, 0.8535020797304134, -0.2247305035950995, 0.6169284571156574, 0.0648205218575395, -0.5655319354180202, -0.6195290222987779, -0.6199543278178685, -0.06136401130365645, 0.05261245385373774, -0.12964057774977714, -0.08910369155854717, -0.42979995091511863, -0.30366370618874167, -0.8666017286984723, -0.5004663966026849, 0.05899118500618873, 0.05908429680140476, -0.5651253647860229, -0.5984480634686357, -0.4950575614047684, -0.5274839997966122, -0.8043111986232719, -0.5538220919371729, -0.556301553856987, -0.5538220919371729, -0.22868347461865293, -0.2831558079613562, -0.2831558079613562, -0.770534140350934, -0.770534140350934, 0.36374307670057693, 0.6313517236558364, 0.8178392899997082, 0.7912751481333247, 0.774037807489802, -0.37867291114255447, 0.6146247981030734, 0.6976555810567425, 0.6979479236851241, 0.6976555810567425], [1.0, 0.9999848884597606, 0.5421774730562942, 0.999691541563166, 0.9973028829133219, 1.0, 0.9903026883223206, 0.985618371685833, 0.9909079864469756, 0.972501593249625, 0.9800444137319262, 0.990349518828787, -0.14554435228911403, 0.9904184792578946, 0.9904703524286544, 0.9932822278650271, 0.504228622481781, 0.9914909372050378, 0.9914781037663436, 0.9831814299659396, 0.9903390225318395, 0.4443192369971467, 0.6417071025168357, 0.9766165601421379, 0.9765902782910798, 0.9531775641914599, 0.28599021586188045, -0.1274023244477894, 0.9898699173940269, 0.989832693778027, 0.2625043058718279, -0.21516294028177724, 0.993406750936014, 0.9943236763693519, 0.7996909196131735, -0.3958572183941938, 0.9862414659583882, 0.9940197909906803, 0.9939600021989717, 0.48725018490166, 0.9936090823826856, 0.993596409013948, 0.9936090823826856, 0.8938417383002575, 0.6845065514435686, 0.8590443163292054, 0.8835006294481648, 0.8017283489456638, 0.3992256995430162, -0.11556989176894383, 0.19505184916622872, 0.9478907258872574, 0.493088963478957, 0.9776987761423862, 0.9716330446786451, 0.9096626508027301, 0.9007149669882942, 0.9290733005611861, 0.9012433343977513, 0.9255491540518307, 0.9264182977738213, 0.9255491540518307, 0.8335903419188898, 0.9030148117730253, 0.9042067531114122, 0.9030148117730253, 0.8863531320254111, 0.7162819071414573, 0.8626506047810597, 0.8644335034920634, 0.8626506047810597, 0.6028504875082147, 0.298252925756226, 0.5782031318079359, -0.6010120174554183, 0.4684891669913911, 0.5307020221367951, 0.5326061864247694, 0.5307020221367951, -0.09213737084036232, 0.8736677462600013, 0.904505913120262, 0.8861871553738789, 0.9111802790289824, 0.5136542975381192, 0.8715612583822531, 0.8729713725869288, 0.8715612583822531, 0.8833622262341545, 0.8833622262341545, -0.1723069302418069, 0.5202161502739014, 0.20571553941338125, -0.5177830825927934, -0.5500091357903293, -0.5537802830500564, -0.010659925827312296, 0.03806861689595108, 0.27796265557447203, 0.17676897587202176, -0.3227677385888098, 0.0797770714861399, -0.7891716134413946, -0.18639192652666134, 0.1068496438704414, 0.1070655120231265, -0.5246216448793637, -0.6101631316841222, -0.1868898712627815, -0.46787547767452947, -0.8306775037729933, -0.32665302976698724, -0.3173261417078654, -0.32665302976698724, -0.17218255572363256, -0.23155436409369107, -0.23155436409369107, -0.8199684127909853, -0.8199684127909853, 0.4030613548516049, 0.6660912374732805, 0.8771854351440443, 0.8556858224915794, 0.7949276249060102, -0.22171542001243602, 0.7745144884155756, 0.8151112736185147, 0.8152967705640412, 0.8151112736185147], [0.9903026883223206, 0.9754634236960273, 0.5326344127565017, 0.9919851624741178, 0.9965745118946766, 0.9903026883223206, 1.0, 0.9970812473142764, 0.9999672211570326, 0.9490929883342127, 0.9995503756832196, 0.9999960082339355, -0.1639605658012039, 0.9999921133431445, 0.9999186813559579, 0.9938893436271203, 0.43790200330603074, 0.999827809199851, 0.9998281706839283, 0.9880500904857731, 0.9999963946128242, 0.33914102417394154, 0.6460333692675438, 0.9837473033268243, 0.983666220054205, 0.9834705420531065, 0.19999096768554636, -0.19569721102794366, 0.9924233646058601, 0.992109691457136, 0.15117956951718894, -0.26776951753116934, 0.9992816679724518, 0.9993685678821723, 0.32626135869053674, -0.33231188331766537, 0.9985502939865545, 0.9992557984473711, 0.9981917993528082, 0.41890779221240326, 0.9278529808821067, 0.9990063395170394, 0.9278529808821067, 0.9168966453344489, 0.6341079994335745, 0.9173014107207016, 0.8900106340442194, 0.6901938574370321, 0.4213787722881302, -0.06593931074329379, -0.21227823139024826, 0.9246217405834487, 0.4329675905627518, 0.9687618268005743, 0.9610694318195638, -0.09708025274545086, 0.8107749335832248, 0.7911493153864281, 0.8374288659679707, 0.7838416307180948, 0.7537784980237165, 0.7838416307180948, 0.7431449698859302, 0.7538563275581754, 0.755396857048182, 0.7538563275581754, 0.8218950259650152, 0.2827370465136143, 0.5028311211643223, 0.592887473218037, 0.5028311211643223, 0.5060634336125869, -0.36563724119631547, 0.46508039128370604, -0.6706907715379014, 0.37917633954700997, -0.13729793948108515, 0.3523386200251592, -0.13729793948108515, -0.14499557186761797, 0.7973200893907699, 0.800219933445186, 0.7920622244106659, 0.7250849015177017, 0.44662126603792124, 0.8019201889849078, 0.8041871483581393, 0.8019201889849078, 0.7079690688150602, 0.7079690688150602, -0.2626855015087114, 0.6719470761654562, 0.25977679799410575, -0.5516620229672886, -0.6032903860838505, -0.6064707628361242, -0.07848618891926756, -0.021905654283109685, 0.3697746162815014, 0.12253889555346059, -0.368340525653785, 0.1203003278901844, -0.824714758742108, -0.10066357621780099, 0.02063569435974554, 0.020978982064338944, -0.5807784107877622, -0.612513963406507, -0.03064459643218506, -0.5666714832701595, -0.846014216101016, -0.32685033250412304, -0.15121959172011235, -0.32685033250412304, -0.26598574844743916, -0.2953414845407881, -0.2953414845407881, -0.8405495802883339, -0.8405495802883339, 0.35957762763140155, 0.6064715058434642, 0.49381129046392774, 0.8095503051223412, 0.7620175414101357, -0.29715074688544835, 0.05868408235855112, 0.7685721034485492, 0.787004889852536, 0.7685721034485492], [0.985618371685833, 0.9653767079521322, 0.5199117965277903, 0.9877872678269806, 0.9944261495024546, 0.985618371685833, 0.9970812473142764, 1.0, 0.9994352196640715, 0.9401766821808798, 0.9980936905286912, 0.9979009552330879, -0.17398096831257384, 0.9989575470801056, 0.9986441621452764, 0.9862214065078385, 0.41591072749066427, 0.9990132879948095, 0.9990161345687122, 0.9850185810218679, 0.9991287715050247, 0.3110429376159458, 0.6445345195745974, 0.9915425800018173, 0.9811756610186432, 0.9783458071993114, 0.1790547310587397, -0.21146543260947995, 0.988733542187856, 0.9921533384592752, 0.12972874700349554, -0.2753865376922594, 0.9980886432578083, 0.9979686793474148, 0.304109132264576, -0.340254922656255, 0.9956971985202241, 0.9977504417966638, 0.9975239947754658, 0.3963896938549643, 0.9184328893593368, 0.997930225034504, 0.9184328893593368, 0.9145440988666346, 0.6179988435823518, 0.9182121019707342, 0.8856277532794931, 0.6608998065063195, 0.40764861777892675, -0.08215972911151846, -0.22656917623526618, 0.9151017854978204, 0.4116443028167602, 0.9638898408153753, 0.9552665053651287, -0.10868792162847069, 0.7939359254590367, 0.771187485059774, 0.8260153337739313, 0.7651295658732145, 0.7394556257157251, 0.7651295658732145, 0.7269174952829583, 0.7315129005984882, 0.7399849266854386, 0.7315129005984882, 0.8106528284247984, 0.2594723310489519, 0.47806315932544663, 0.5736145799076902, 0.47806315932544663, 0.4895869816817157, -0.3823958740912586, 0.4466414859396481, -0.680779195005251, 0.36830424741766365, -0.16219581951568915, 0.3329520191665782, -0.16219581951568915, -0.15259670165768177, 0.7839795393306672, 0.7780654755192565, 0.7742868782720529, 0.7079731482311304, 0.42950427242659256, 0.7892954710750609, 0.7918191832971548, 0.7892954710750609, 0.6861439221579299, 0.6861439221579299, -0.28098098427836493, 0.7052572848865255, 0.2683937819328635, -0.5619547622315959, -0.6182170969881431, -0.6211942495719427, -0.09478203888706042, -0.0314883867407874, 0.36297899161586317, 0.10257980498342262, -0.38252185697681595, 0.11093829613075536, -0.83244057116036, -0.1072421807475441, 0.0028052846363865107, 0.0031645429825810844, -0.5943853154017791, -0.6141786156030226, -0.03757887667009636, -0.5869418357468175, -0.8469426660450303, -0.3394246777183142, -0.15756213643736056, -0.3394246777183142, -0.2862683856137552, -0.31098657772484983, -0.31098657772484983, -0.8398556921328185, -0.8398556921328185, 0.3337446137241526, 0.5874856871541568, 0.47343480983993347, 0.7906774862980609, 0.7479242799619495, -0.32145187102357725, 0.04327851062482666, 0.7484056448965956, 0.7706097358224949, 0.7484056448965956], [0.9909079864469756, 0.9752117155591901, 0.41890057016541615, 0.9929908195826378, 0.9967605245300933, 0.9909079864469756, 0.9999672211570326, 0.9994352196640715, 1.0, 0.9478140184423455, 0.9994898934452913, 0.9999686313128603, -0.34176366355696347, 0.9999733817567773, 0.9999317284939501, 0.998055101481003, 0.33626775870077696, 0.9997649614886175, 0.9997660546130929, 0.9878168216735251, 0.9999659942946348, 0.10937889199168639, 0.5974437104474702, 0.9937683924375716, 0.9937086407554103, 0.9832382335418287, -0.002311407691454531, -0.13536889474262045, 0.9909143215979186, 0.9908881070545055, -0.0544126850557279, -0.22918239251764572, 0.9992972774647856, 0.9992585301791811, 0.7415491351373177, -0.5388176909260233, 0.9984542703729774, 0.99923975796304, 0.9991406370939323, 0.3136493037994107, 0.9991365526093834, 0.9991431894108637, 0.9991365526093834, 0.9169482245086126, 0.6353253403970816, 0.917148901345864, 0.8897012886601614, 0.6895292949524247, 0.01790937155084108, -0.5169934293092097, -0.1882831275197701, 0.9198424652163315, 0.3834008135440058, 0.9624365301647991, 0.9614041078358039, 0.8453333817228421, 0.8115616309637, 0.866653884953226, 0.8382298342196918, 0.8645522962971528, 0.8653673779853231, 0.8645522962971528, 0.7421760456644919, 0.806651142069243, 0.8084135054402098, 0.806651142069243, 0.8232616852222467, 0.7080876204659889, 0.8132792503837034, 0.814894689759131, 0.8132792503837034, 0.5050433869163408, 0.32327519861725473, 0.46415864954919595, -0.7048117959743638, 0.43952550592125633, 0.40223230336754545, 0.40250942063662126, 0.40223230336754545, -0.09939601934070032, 0.797700649105261, 0.7998507385824551, 0.7921136315180903, 0.8566081226678705, 0.37816484119028126, 0.8082898416943819, 0.8109048298306425, 0.8082898416943819, 0.8168316608871898, 0.8168316608871898, -0.2652041023814713, 0.6722328048835892, 0.0892110250189638, -0.5641883928448383, -0.6467845824305514, -0.6476326492540008, -0.08216969483556295, -0.019908591598915597, -0.13784163112606915, -0.06118263572063718, -0.4200607191310974, -0.3363402389445417, -0.8800189723900215, -0.5412117777899862, 0.019106657625219358, 0.019900471329050606, -0.5827981291398476, -0.6085281561827144, -0.505213129872209, -0.5690084474502604, -0.8232963889897544, -0.5784397205228217, -0.580404909990164, -0.5784397205228217, -0.2686404003714223, -0.2991165189651914, -0.2991165189651914, -0.8037020472256818, -0.8037020472256818, 0.3595533188605958, 0.6052614524049503, 0.8249007839220752, 0.8026704866390402, 0.7603951592220175, -0.3265519469790058, 0.647155515788145, 0.7173835240137649, 0.7175623064706393, 0.7173835240137649], [0.972501593249625, 0.9552202113626285, 0.35590573095895645, 0.9702261109524055, 0.9590500372243145, 0.972501593249625, 0.9490929883342127, 0.9401766821808798, 0.9478140184423455, 1.0, 0.9174886067885362, 0.9491225013122107, -0.2899371995277492, 0.9487599033612121, 0.9480454822932224, 0.9502034840101131, 0.15375466790431774, 0.9551722933680202, 0.9551372454685729, 0.9492786184570573, 0.9492627778326196, 0.03706675870316903, 0.6516812943759, 0.9511729419937753, 0.9513924994443266, 0.8014646536929236, 0.09533946325023902, -0.1166225890778286, 0.9576498227881229, 0.9577901684609066, 0.0837707685854604, 0.038273185706320184, 0.9596354769591187, 0.9599139894127214, 0.8432135302729549, -0.46975367068133106, 0.9303262300098264, 0.9588365534270513, 0.9603716104222073, 0.1305191340598335, 0.9610836312562671, 0.9610404775176365, 0.9610836312562671, 0.7761203076233764, 0.4321762737936022, 0.7217072126357482, 0.8553476307055184, 0.8376425787711897, -0.5524681503935195, -0.683235663026012, -0.3131612528968143, 0.8652391648048802, 0.10866405954274397, 0.8971880024782628, 0.8972378424443538, 0.850801247086799, 0.8426709549840649, 0.8781587336650549, 0.8539987362300387, 0.8696644111977684, 0.8705581481100793, 0.8696644111977684, 0.7907583875900835, 0.7686874900316772, 0.7708572326502158, 0.7686874900316772, 0.8458314912445016, 0.8677182391925407, 0.8439063617831465, 0.8447501337668288, 0.8439063617831465, 0.6100014404471935, 0.5297937849582381, 0.6111549114208922, -0.43017330498710277, 0.6308973577001206, 0.6529128477463956, 0.6563544148260751, 0.6529128477463956, -0.25295179703628434, 0.8506132191163263, 0.9142618824335024, 0.8697990644903464, 0.8686637130263015, 0.26158983438041294, 0.8420958584094561, 0.8435464368415432, 0.8420958584094561, 0.8547236332715629, 0.8547236332715629, 0.010560978862891557, 0.2404855292207317, -0.07783122912555646, -0.4648885599070955, -0.38542538101356966, -0.3873858170982265, 0.09161750010614772, 0.3767223827649873, 0.12188534883700729, 0.010557834622090694, -0.29871782744973313, 0.033648357081058726, -0.8129200429446247, -0.1283670151928145, 0.2672527942453954, 0.2662021775958038, -0.3395641485538293, -0.43695955852147184, -0.29181078169146973, -0.29521779509909096, -0.6881805009285821, -0.3139375508040111, -0.31579673774646005, -0.3139375508040111, -0.05026343988786417, -0.33115629222820236, -0.33115629222820236, -0.5368515795880475, -0.5368515795880475, 0.5808696073065212, 0.6783222607699603, 0.7609567650422974, 0.668035971616334, 0.8408096747638278, -0.42525154860509995, 0.3914706103081353, 0.5702177286809974, 0.5705319221794405, 0.5702177286809974], [0.9800444137319262, 0.9775911008166828, 0.9964142307989547, 0.9856383256492616, 0.9948189699069535, 0.9800444137319262, 0.9995503756832196, 0.9980936905286912, 0.9994898934452913, 0.9174886067885362, 1.0, 0.9995483444086063, 0.9995441707314922, 0.9994935027053246, 0.9995318041269059, 0.9984120352614495, -0.3288595520172053, 0.9997076200589462, 0.9997130530368739, 0.9995566163372575, 0.9995579386007859, -0.2981120874563936, 0.9577052682030127, 0.9916177578734112, 0.991589293623117, 0.9869419010423807, -0.04366620694601721, 0.06509806477109918, 0.9888493914521511, 0.9889258329693067, 0.9701605524161544, -0.019673455723300034, 0.998610503552499, 0.9985569214573324, 0.9983302020979428, 0.9992139693351534, 0.9991308346508933, 0.9985868615008464, 0.9983518960169175, -0.34011448995269034, 0.9982764495505825, 0.9982915568238012, 0.9982764495505825, 0.9107321617108928, 0.5066444496817821, 0.9127105438680286, 0.8879270547568279, 0.6915523241119754, -0.5503120128804824, -0.6689982668466845, 0.8032103298164995, 0.8079134358504801, -0.2602490482528039, 0.9207250447902237, 0.9209303425670439, 0.8368658717253924, 0.8477072280761992, 0.8108754187033486, 0.8138432870312581, 0.820702830409334, 0.8217650905855555, 0.820702830409334, 0.6335320168330304, 0.5866633783666199, 0.5892182664898279, 0.5866633783666199, 0.8487955489928093, 0.8589905315124531, 0.8469613369881493, 0.8486332039589511, 0.8469613369881493, 0.2716329215446732, 0.2045628465693125, 0.3340865163155468, 0.4571516045444619, 0.3226065118642985, 0.37610688455227914, 0.37924608360635426, 0.37610688455227914, -0.41039119140134417, 0.7495917350628343, 0.8045177623376839, 0.7822948466911048, 0.846344907769908, -0.05765828273146097, 0.741329494310344, 0.741968721147842, 0.741329494310344, 0.757109995061219, 0.757109995061219, -0.32880586808048645, 0.6628536544085727, -0.40024925268588696, -0.6527686505311865, -0.5457193685433835, -0.5480204799291082, -0.34593240437445893, 0.13389561848317, -0.25814934603478723, -0.4142478025633902, -0.5910740370312227, -0.33011360286089425, -0.6304649262833165, -0.39551083930201075, 0.0037888612635993296, -0.000352869100586563, -0.5573721061845908, -0.5205138445473588, -0.5384641258657448, -0.572725894175953, -0.5671915821875148, -0.5423389914725103, -0.5451985513993255, -0.5423389914725103, -0.44061542029967693, -0.5974916634824046, -0.5974916634824046, -0.6048123351006228, -0.6048123351006228, 0.35455407001803824, 0.36515513521225246, 0.47055802357494936, 0.5561204030661023, 0.5559168322341694, -0.5416167871698566, 0.3071657683019253, 0.3284412946335982, 0.32866983879870615, 0.3284412946335982], [0.990349518828787, 0.9755229009128236, 0.5326661963324806, 0.9920198880822944, 0.9965960296296779, 0.990349518828787, 0.9999960082339355, 0.9979009552330879, 0.9999686313128603, 0.9491225013122107, 0.9995483444086063, 1.0, -0.16360403652196917, 0.9999940453806014, 0.9999240951924045, 0.9947310367473977, 0.43796516801538893, 0.9998292636331396, 0.9998295533352238, 0.9880944864682152, 0.9999970271808107, 0.339481174356481, 0.6461274467179283, 0.9893135493425348, 0.9836561387322955, 0.9834581180212072, 0.20029225273439263, -0.19563636445072427, 0.9924132910768981, 0.9921193782427725, 0.15144154137031773, -0.26772823324937306, 0.9992832840708024, 0.9993726044512112, 0.32624322325606103, -0.33207844233140005, 0.998551650056829, 0.9992647441008807, 0.9981949700779404, 0.41897829472279147, 0.9278365028192075, 0.9990083931134399, 0.9278365028192075, 0.9168802159502213, 0.6342565531724308, 0.9175015990375337, 0.8901875914584767, 0.6903203517342419, 0.4217905739007434, -0.06546198767466442, -0.21188146690393728, 0.9247025471209118, 0.4330437826972335, 0.9688576383063021, 0.9611393813611979, -0.09686753144895227, 0.8109702828273609, 0.7912695765668905, 0.8375653338542202, 0.7839602601596208, 0.7537138048939171, 0.7839602601596208, 0.7432245088081824, 0.7539192028561791, 0.7553213068626591, 0.7539192028561791, 0.8220842620992717, 0.2826092632651637, 0.502852909363573, 0.5927951038827582, 0.502852909363573, 0.5060019810334202, -0.36565217663535887, 0.46503239755306797, -0.6705634055696489, 0.37905825351006833, -0.13742930252502134, 0.35238517967365107, -0.13742930252502134, -0.14515568611867222, 0.7974041856196937, 0.8004010674223112, 0.7921852952205723, 0.7250773826794055, 0.44668719184606703, 0.8020191008337443, 0.8042814676326997, 0.8020191008337443, 0.7080586805246888, 0.7080586805246888, -0.26265205263624064, 0.6719303564063871, 0.2598901955890271, -0.5517080397199813, -0.6032001352148193, -0.6063864499816982, -0.07858441335941821, -0.022056817627649043, 0.3699433182170159, 0.1225483663535588, -0.3684167231014068, 0.12056255163467147, -0.8244175623369177, -0.10036461579213905, 0.02067841226603527, 0.021039395857267957, -0.5807687501370096, -0.6123102420832263, -0.03038903158781507, -0.566647719587842, -0.8458859713762771, -0.32661256825740764, -0.15100750546675545, -0.32661256825740764, -0.2658324483350937, -0.2953034970657315, -0.2953034970657315, -0.8404792385298053, -0.8404792385298053, 0.36010674203977794, 0.6066231475860455, 0.4940735208077498, 0.8098165496686316, 0.7621012655755203, -0.29691454152877883, 0.058985768681748076, 0.7688265712198747, 0.7871180674137253, 0.7688265712198747], [-0.14554435228911403, 0.9754763422784152, 0.5207812743052674, -0.15037370147337523, -0.36887557563956197, -0.14554435228911403, -0.1639605658012039, -0.17398096831257384, -0.34176366355696347, -0.2899371995277492, 0.9995441707314922, -0.16360403652196917, 1.0, -0.16295273296151014, -0.15912968652938683, -0.1347847883859602, -0.2904051731974345, -0.1644435396370735, -0.1647706834950672, -0.28799817938805455, -0.1643499149214757, 0.022919598143050553, 0.3090650148970901, -0.19998297028290604, -0.20031871273680357, 0.983429952522542, 0.24461618166535098, 0.1864076771573272, -0.19815099814866535, -0.19876955510241962, 0.5359345309700843, 0.1200650420568717, -0.1611262339428763, -0.3253771907887024, 0.16187245111403756, 0.9623251945594589, 0.9985502735995131, -0.3586781895823904, -0.1560592034917386, -0.2801775568469, -0.1614925377522445, -0.16212367468010885, -0.1614925377522445, 0.9169780729180308, -0.11984584265158195, 0.9175071752617872, 0.8901698319494041, 0.6903338336975933, 0.08368725211450208, 0.2590189170686763, 0.6446229395605357, -0.2761394067067497, -0.2954472886363214, -0.07444559757462142, -0.31462208012515275, 0.020652062200666736, 0.2449216109919828, -0.029786834361449417, -0.32708553346020663, -0.027860892400423505, -0.017221393703037845, -0.027860892400423505, -0.43426348526565284, -0.11468652820147694, -0.11675332941973185, -0.11468652820147694, -0.2271273370098296, 0.06542124666922913, 0.040396002404403594, 0.040454365825662794, 0.040396002404403594, -0.42215351245062277, 0.007393924021242453, -0.3853930731143063, 0.6253591154274876, -0.35462980457045534, 0.007805440086449691, -0.06513239419539064, 0.007805440086449691, -0.30520034106335625, -0.361423329713982, 0.8003704456059948, -0.15261451105398666, 0.0067644890967097585, -0.2163155863440331, -0.2800545071781917, -0.27923999816142375, -0.2800545071781917, -0.035672553396980035, -0.035672553396980035, -0.23952966579689305, 0.6718267710958515, -0.16256354008528962, -0.0032817997395998663, 0.20546031404542953, 0.2040931141217079, -0.24943407863039388, -0.012190863142980755, 0.020721288772572434, -0.17021793461471402, -0.10428055089779459, 0.044856596675951294, 0.3956416047018402, 0.1195932675342524, -0.04299017744021451, -0.04690005338670898, 0.09274175481839747, 0.576212646766259, 0.09772129987238325, -0.177035499430584, 0.6234159556161036, 0.10343090401670076, 0.11089805620803267, 0.10343090401670076, -0.23459521484469362, -0.1935012361741884, -0.1935012361741884, 0.330738865818998, 0.330738865818998, 0.3602353286469555, -0.2570554318840927, 0.012903358731566714, 0.08735711077220558, -0.2588618378557201, 0.07867272420715554, 0.15137737184540884, 0.10205220477285167, 0.10201356607191314, 0.10205220477285167], [0.9904184792578946, 0.9752725177949956, 0.5330362480188293, 0.9920594301653561, 0.9966282533749313, 0.9904184792578946, 0.9999921133431445, 0.9989575470801056, 0.9999733817567773, 0.9487599033612121, 0.9994935027053246, 0.9999940453806014, -0.16295273296151014, 1.0, 0.9999364099706664, 0.9973951396033829, 0.4380898329906468, 0.9998324826723478, 0.9998326595769729, 0.9882657729444979, 0.9999942153901898, 0.3401930814290198, 0.6459585528566943, 0.9929244922717552, 0.9928047584073895, 0.9833202693525948, 0.20059932109179315, -0.19568433533615645, 0.9931474850912902, 0.993197998697509, 0.1522708657409743, -0.26755251681439546, 0.9993354742869283, 0.9993719176597534, 0.3251386694349192, -0.33117943466948985, 0.9984830364702775, 0.9992684003205007, 0.9985119898772274, 0.4191294167065341, 0.9272910762500449, 0.9990665293056933, 0.9272910762500449, 0.9171713995837384, 0.6350340435305194, 0.9178934975902311, 0.8905769322544342, 0.6899774054848195, 0.4232433481927972, -0.06378698753617607, -0.21208733808267483, 0.9251262675383289, 0.43335225442716235, 0.9692942232069287, 0.9615324816537522, -0.09792450481047846, 0.8112477373742406, 0.7911864352370811, 0.8378372404327554, 0.7839206909024977, 0.7533290537823822, 0.7839206909024977, 0.7434243590590777, 0.7538711905163367, 0.755756281298604, 0.7538711905163367, 0.8224470130575969, 0.28189803347638515, 0.502311431246941, 0.5928341721554559, 0.502311431246941, 0.505816852322675, -0.36687170205559416, 0.46491677249621377, -0.6707173058235617, 0.3786373163566243, -0.13847847491953058, 0.35202018965957366, -0.13847847491953058, -0.14509700356974548, 0.7975396904793388, 0.7999268062371038, 0.7922656532358592, 0.7145618650060528, 0.44710084983139725, 0.802149677418394, 0.804400835300591, 0.802149677418394, 0.7078546644085235, 0.7078546644085235, -0.2644357105692386, 0.6729318653445663, 0.26041843841511736, -0.551676474724738, -0.6036080677677101, -0.6067994313339896, -0.07982263002323499, -0.023390949069472897, 0.3702473139150409, 0.12206807515040449, -0.36870852621527594, 0.12063492446575723, -0.8234906001139829, -0.10020724910473226, 0.019557565190919668, 0.0199137881236155, -0.5814523257379379, -0.6126467381580603, -0.029788369489902163, -0.5681314624045604, -0.845869152293227, -0.3265489258594503, -0.15043073843912375, -0.3265489258594503, -0.2669090388782915, -0.29580622970115256, -0.29580622970115256, -0.8408399574190999, -0.8408399574190999, 0.36028259898653686, 0.6063076720690981, 0.4934925676488379, 0.8102805356572936, 0.761534925145407, -0.29640176428344195, 0.05827803025302775, 0.7692335165591592, 0.7877328800855885, 0.7692335165591592], [0.9904703524286544, 0.9744310562771358, 0.5353543496003553, 0.9921012110601035, 0.9966351920535516, 0.9904703524286544, 0.9999186813559579, 0.9986441621452764, 0.9999317284939501, 0.9480454822932224, 0.9995318041269059, 0.9999240951924045, -0.15912968652938683, 0.9999364099706664, 1.0, 0.9975119975900805, 0.43728151127195963, 0.999781408420695, 0.9997825709122817, 0.9882015230247059, 0.9999200008276485, 0.3410819433973853, 0.6475883633740784, 0.9922147849688512, 0.9829711406812326, 0.9833468801451339, 0.20181753188541804, -0.1945705124148371, 0.9922647302026532, 0.9922776508046139, 0.15523540546490905, -0.2681608795659807, 0.9993421449101002, 0.9992209853861722, 0.3250468786598828, -0.3268502222891504, 0.998388982454595, 0.9992416781477618, 0.9984939519406213, 0.4183495991292817, 0.9261709585290494, 0.9990933664384741, 0.9261709585290494, 0.9157701813566032, 0.6352476664456721, 0.9164326640458593, 0.8889907499699798, 0.6870131177384836, 0.4239777377429702, -0.06186674062141892, -0.2126923318767036, 0.9245088456787104, 0.4314389450315277, 0.9696331481798925, 0.9610733217589141, -0.10089447768140804, 0.8099014259157737, 0.7914632008612955, 0.8375658552455303, 0.784186288316812, 0.7556057307153592, 0.784186288316812, 0.7415820860359297, 0.7533253233384269, 0.7569039351350735, 0.7533253233384269, 0.8225000337004813, 0.28189909308714156, 0.5019570413534721, 0.5942615059745404, 0.5019570413534721, 0.5044538602902371, -0.3692901738709457, 0.46321147220063424, -0.6682853082327793, 0.37713455247416516, -0.13953573820020998, 0.3522783462893877, -0.13953573820020998, -0.14851923516608995, 0.7969556493744081, 0.7986774486636163, 0.7913312263547313, 0.7270745107259885, 0.4476641828474311, 0.8017127405004868, 0.8042092399918964, 0.8017127405004868, 0.7079677093980989, 0.7079677093980989, -0.26503596237764643, 0.6747757933603813, 0.2604306414517431, -0.5527580249798025, -0.6036420197150295, -0.6065903690306763, -0.0818803662624782, -0.025007673945550986, 0.3715203295953289, 0.12153125068617983, -0.3697149070115956, 0.1216125540652979, -0.8219607262409873, -0.09876435278673709, 0.018537192587309514, 0.019321078476511787, -0.582796299072905, -0.6077569175595547, -0.028052910212108876, -0.5691549109421877, -0.8436530014893976, -0.3257399842724611, -0.14901836847607522, -0.3257399842724611, -0.26724360082540566, -0.29872485170746144, -0.29872485170746144, -0.838649657453569, -0.838649657453569, 0.3570730562288962, 0.6040014147303351, 0.4915038598775977, 0.8110056658366758, 0.7598151271946136, -0.29744070946867956, 0.05614510109486314, 0.7699288925523132, 0.7891303892295536, 0.7699288925523132], [0.9932822278650271, 0.9838560940340058, 0.5728939544336424, 0.9949031659243025, 0.9977137166538669, 0.9932822278650271, 0.9938893436271203, 0.9862214065078385, 0.998055101481003, 0.9502034840101131, 0.9984120352614495, 0.9947310367473977, -0.1347847883859602, 0.9973951396033829, 0.9975119975900805, 1.0, 0.4315975627501062, 0.9977505594192724, 0.997748227348259, 0.9837234755373087, 0.99732743112297, 0.3592632807766749, 0.6711292920985525, 0.970271795685501, 0.9783210443992498, 0.9874913449185371, 0.22851227816535935, -