var element=document.getElementById("correlationClose");if(element.style.display!='none'){var correlationClose={"data":[{"type":"heatmap","z":[[1.0,0.9999886791430838,0.6632977945324874,0.9997299460806268,0.9980202479908638,1.0,0.9924683615389092,0.9889061657814892,0.9889061657814892,0.9931105165116595,0.9770594774677924,0.9870426461746009,0.9925034494363513,0.99290972349774,0.9925544070302158,0.8016367577233559,0.737792251016454,0.30407642314372885,0.9933769859106627,0.993370111098992,0.9856133168343079,0.9924949548252243,0.4151610171828845,0.7388718701361747,0.9819357669345216,0.9819357669345216,0.9819167351255725,0.9755758047657674,0.3285098135081129,-0.11978768695499918,0.9896600932766149,0.9896220367783752,0.27853310237450857,-0.19453086323575272,0.9947454910410837,0.9953363859116182,0.8473956398716398,-0.3610215463149024,0.9906986048688219,0.9953172084174005,0.7874767875459262,0.2848420208780798,0.994885237363909,0.9948808253649698,0.994885237363909,0.8918286830630725,0.6529064137099263,0.9085762138213627,0.9146598584201984,0.8249444458266604,0.37632194846154404,-0.17279777230064622,0.20699325358800685,0.9477844815730361,0.38888079053579166,0.9749523155366042,0.97058359721911,0.9803318271852073,0.9897358679152889,0.9309036080861035,0.9385081178988545,0.945391443398846,0.9304919361465513,0.9427064007249923,0.9433567287571415,0.9427064007249923,0.883482722354338,0.9224795064939845,0.9233863875660936,0.9224795064939845,0.922689464710432,0.7878349387456896,0.8955592890228965,0.8968337377570904,0.8955592890228965,0.6968551239137087,0.37727319053595015,0.6821289350803068,-0.5526415801446197,0.5876513203836409,0.6106035321792928,0.6108781763783663,0.6106035321792928,-0.09875727371900042,0.9111785940938162,0.9426806409431785,0.9265958318931772,0.9322202765220354,0.29050506986314134,0.9063076142030394,0.9070779655597035,0.9063076142030394,0.9107373867205915,0.9107373867205915,-0.10073535542245396,0.5877855973016158,0.16363590135277292,-0.6700746686806869,-0.5862271684910292,-0.5898939364096707,-0.11864709957661838,0.1183851498936415,0.21273530343040434,0.02476035291037896,-0.5342488973067717,-0.008216764195855372,-0.7966788646415959,-0.2760380860094184,0.15962259957474614,0.16104077204851563,-0.568473683242904,-0.5810665155985717,-0.2686409503335599,-0.5113893709186025,-0.8176337961944292,-0.39852931465889413,-0.39060545179598705,-0.39852931465889413,-0.21369150265926476,-0.3285270200542291,-0.3285270200542291,-0.805642202678215,-0.805642202678215,0.3809301088069611,0.6287209891751575,0.8544656568648769,0.8395605903168589,0.7564286982794295,-0.3218300432333636,0.7475918270936939,0.7808942432961873,0.7811592369391875,0.7808942432961873,-0.19690732157005877],[0.9999886791430838,1.0,0.9796780866480717,0.999456122657585,0.9957621950502207,0.9999886791430835,0.9845436594080403,0.9786508591055005,0.9786508591055005,0.9844046219353665,0.9712088038130954,0.9858224311557284,0.9845764756402806,0.9845207246219464,0.9844202049205673,0.2354210374459685,0.1456696563788094,-0.41642904221888544,0.9882616533294647,0.98825019975456,0.9846227506829992,0.9846205756997639,-0.13557561090425696,0.9788568719180861,0.9798477537305077,0.9798477537305077,0.9798868482127987,0.9758210270107672,0.12133128389875465,0.14293673765263587,0.9817959128462878,0.9818405626704425,0.8465297318807065,0.1307744313427039,0.9907798317034874,0.9908237609893444,0.9913782193485886,0.9856807670013563,0.9897692372733294,0.9908992582234674,0.18951372677807404,-0.4214663864897544,0.9914333736721397,0.9914253920343764,0.9914333736721397,0.8914924843937553,0.5002944266986546,0.9085069388942718,0.9144949433316596,0.8244042234112181,-0.31840829171113644,-0.49805398468461404,0.8358707836835105,0.8782313270462719,-0.24926937796744597,0.9365739506835652,0.9367148921666664,0.9570568665900177,0.9773278356789445,0.9498162575666844,0.9563634666788617,0.9417016882463253,0.9413854958530068,0.9458660277471058,0.9463089094955857,0.9458660277471058,0.852104528723051,0.8265070694808413,0.8282464080662425,0.8265070694808413,0.9515314120817548,0.9548414760928671,0.951568670749431,0.9523802682824474,0.951568670749431,0.6091840277216897,0.5569644209393638,0.6511035004235796,0.7315726073663178,0.6392878001755816,0.6636830175390068,0.664324594942169,0.6636830175390068,-0.1689260157270611,0.9141093096351636,0.9377162282657032,0.9293328253358436,0.954768335303837,-0.278436715911748,0.9103224574219866,0.9105691330338781,0.9103224574219866,0.9176549640898213,0.9176549640898213,-0.18845363901827944,0.5887215652959246,-0.3651762390320938,-0.7667704058478121,-0.4604100069294446,-0.4640812567530198,-0.36929716288349945,0.2645847876276075,-0.2566677448869466,-0.4810262232196734,-0.716436436486359,-0.34512815651425743,-0.47919371380414827,-0.4051638525460404,0.13171499165151482,0.1286047629495007,-0.488360303194276,-0.4526793921451196,-0.48136190477857527,-0.5124281047457862,-0.5047160916535762,-0.4836419234012964,-0.4868323194839071,-0.4836419234012964,-0.35882819691230433,-0.5280294174983939,-0.5280294174983939,-0.49928986371036277,-0.49928986371036277,0.3802426507413902,0.363941267863128,0.49028901694266425,0.5897324853866139,0.5219035977155203,-0.43595938967389786,0.36018877578525976,0.3118566622151453,0.31199728996258363,0.3118566622151453,0.15791055285875144],[0.6632977945324874,0.9796780866480717,1.0,0.6600155258829743,0.5908392672752886,0.6632977945324874,0.6453240265132947,0.637138291930212,0.637138291930212,0.586483641701231,0.548093366136464,0.9954247443055285,0.6453379189269391,0.6383954252801468,0.6455217729434194,0.43387787278091944,0.4131834565098944,-0.19571672218737501,0.6064686887165168,0.6057105071040809,0.5718169052061034,0.6443677927607098,0.1954660646866546,0.7844414161317119,0.6238146705661738,0.6238146705661738,0.6235795131855711,0.9882755030628193,0.310289843899083,0.134817029805506,0.6034536818831163,0.6030598705753413,0.6846771782958943,-0.011359851902142913,0.6413351540664338,0.5807743262026523,0.6096934994326478,0.30562475167295394,0.9934891832030369,0.575748059551499,0.42191809728324187,-0.20456092117055177,0.6582307332317354,0.639315998175974,0.6582307332317354,0.888517551016524,0.4009742354214878,0.9270817728010051,0.9049558192521003,0.7198089828967196,0.21571077237013536,-0.06230676178077979,0.05033957817682302,0.5239944426798467,-0.08644791589334545,0.5862200677812087,0.5508202876692753,0.5738162389411523,0.5379427954045436,-0.005678036426733842,0.7897794503870591,0.7225492878997352,0.6306782736460502,0.7283341031766755,0.7568832275756225,0.7283341031766755,0.5152079689570422,0.6336981611865998,0.6923442514036126,0.6336981611865998,0.6890919926259814,0.6713700466231457,0.7214518343081889,0.7683927434869133,0.7214518343081889,0.3943190441789935,-0.08699948829041934,0.41120852096904664,0.10102209097487745,0.39790240986024383,0.26247643871633486,0.48319287449427106,0.26247643871633486,-0.15656286410344503,0.6022471456898085,0.8786048954727241,0.674362906119934,0.7692897456246587,-0.05411515520108208,0.6432765252777823,0.6427161850379858,0.6432765252777823,0.7116958724361685,0.7116958724361685,-0.20586339519246602,0.7029629314389636,-0.18751828055629374,-0.6836945026614436,-0.4339155289079791,-0.43759215417964814,-0.42028908400100073,0.0895970752024693,0.020141023979903354,-0.3278173289984917,-0.6636778680140899,-0.16722471909441997,-0.3103076640879638,-0.26492872248285604,0.03754068968191729,0.03577204566607784,-0.4856864144143058,-0.05759783576978547,-0.25647024845710037,-0.5086532287583515,-0.19578195052919756,-0.401214375155543,-0.282158073017872,-0.401214375155543,-0.4165479201705036,-0.5361637500699863,-0.5361637500699863,-0.299591042630564,-0.299591042630564,0.3243827440030707,0.1844627498053748,0.2797485232626224,0.5148573081102996,0.2746472947995818,-0.3767213920689105,-0.01677330853231861,0.4545033949913027,0.5574018712553807,0.4545033949913027,-0.01798732199936278],[0.9997299460806268,0.999456122657585,0.6600155258829743,1.0,0.9989216564733697,0.9997299460806267,0.9937257830314848,0.9906135434362466,0.9906135434362466,0.9945806954129167,0.9751418974121577,0.9903483531822278,0.9937506935990935,0.9944440616020933,0.9937782902075721,0.8007575186586596,0.7365226417034912,0.28931475112430505,0.9944505617631771,0.9944466468289141,0.9857093481294918,0.9937353411182347,0.40658173830254624,0.7432038310597412,0.9844710007133978,0.9844710007133978,0.9844513677284825,0.9816533550625542,0.32436276147915893,-0.12591724400205617,0.9889874530648154,0.9889575693809578,0.2707019821955308,-0.19476310399060437,0.995276760424589,0.9960611716205331,0.8140646018110931,-0.36543014423696735,0.9930632065782649,0.996262899456106,0.7858784855380038,0.2697881397289818,0.9932882673833955,0.9953237745141486,0.9932882673833955,0.8894509344318441,0.6406952246259903,0.91282152209867,0.9121255340895333,0.8077175435197615,0.3713817326453913,-0.17777664685118816,0.20161577240327375,0.9424015137610218,0.37310892101897924,0.9705119126486226,0.9676821131037127,0.9781847791740382,0.9896315722660842,0.9116919016213658,0.9328669632861568,0.9336854829828967,0.9270895342484937,0.9273675098343467,0.9282327285105926,0.9273675098343467,0.8763936967089062,0.9113918396541261,0.9123766432329942,0.9113918396541261,0.919794264330844,0.733176581681877,0.8601929216618467,0.8614609029599654,0.8601929216618467,0.6896239420578782,0.14569136492810275,0.6733450151631575,-0.5570838869282937,0.5833805146827894,0.34707615986736734,0.5822830953385469,0.34707615986736734,-0.10483199247682887,0.9066715486769279,0.9363695515987944,0.9199876778913123,0.9110986388617957,0.2764278738257785,0.9024860839896504,0.9033820872649376,0.9024860839896504,0.8932815656191959,0.8932815656191959,-0.10521538067765704,0.6071597572032112,0.16838016355807578,-0.6796225435934584,-0.5927511127837894,-0.5963340724169425,-0.13032811424517618,0.11406228462800969,0.20607555459447963,0.01198230640531005,-0.5458310563881221,-0.014242591152438215,-0.8020012189400388,-0.2834492467960517,0.15007643324357,0.15155018251418428,-0.5747511610609987,-0.5775037740991782,-0.2695116180388495,-0.5211984629111069,-0.8188519457083455,-0.3995952073908453,-0.3922307761502566,-0.3995952073908453,-0.22171222779004085,-0.3375904727490504,-0.3375904727490504,-0.8049630692668803,-0.8049630692668803,0.37182487418140386,0.6174689418112946,0.8465424727751061,0.8318669353409803,0.7491591113389734,-0.3342098071590497,0.7385783788406501,0.7720037482121668,0.7722658163159819,0.7720037482121668,-0.18213815527442737],[0.9980202479908638,0.9957621950502207,0.5908392672752886,0.9989216564733697,1.0,0.9980202479908638,0.997245026353573,0.9957747527736093,0.9957747527736093,0.9974453802588865,0.9677600203511142,0.9964891475747581,0.9972611688321134,0.9973393436769253,0.9972866064694746,0.7177696366055641,0.6296920716890609,0.08352769186779332,0.9977184977789604,0.9977200173296882,0.98771424329596,0.9972504283835328,0.05316416571966816,0.724634817984164,0.992479420952385,0.992479420952385,0.992440604076236,0.9904291664627852,0.10092047020690462,-0.10855976609385859,0.9873917991345376,0.9873235699304648,-0.02207326551801757,-0.09487189109569032,0.9978140154121125,0.9977439800579386,0.8053464097643542,-0.48646764419257726,0.9976816662278774,0.9980798652635444,0.6918915440443381,0.059313227620854676,0.9977595120583195,0.9977658657738105,0.9977595120583195,0.9035398663760908,0.605168941237106,0.9264592975496372,0.9150041286122287,0.7840672564059495,-0.08484913673685943,-0.5862882924261631,-0.18759633890359048,0.931764058938707,0.22697918336911876,0.9664826644938262,0.9665017091401412,0.9807251798774247,0.9901600857267912,0.9110311735335352,0.9158351767052918,0.9247471618851781,0.9152355750162596,0.9231741129773202,0.9235689350415704,0.9231741129773202,0.8531306141773437,0.8705302127058828,0.8716461058610738,0.8705302127058828,0.9093373082220311,0.8248652053361336,0.8905987823859167,0.8913766299360776,0.8905987823859167,0.6509580539931064,0.5373296482886395,0.6402360221218653,-0.5735074429086622,0.6343227395128259,0.614352843616086,0.6133386643565655,0.614352843616086,-0.11978893971890718,0.8901500146826822,0.9141659272526543,0.8990874182191562,0.9187536805501545,0.12229752190187,0.8894635538274714,0.8904833902255337,0.8894635538274714,0.8954588419927408,0.8954588419927408,-0.1435809757968003,0.6540732024458996,0.023139298640607594,-0.708733619633866,-0.639642206429474,-0.6403811240902904,-0.161213621130486,0.13734709877944887,-0.1831194400916897,-0.23418640939483698,-0.6153878889626065,-0.3720124382903063,-0.8475952916849103,-0.5583526229661614,0.1202155125769409,0.12153612989928234,-0.6001261094333862,-0.5715022506888837,-0.543340863434896,-0.558478585835672,-0.7764023445322572,-0.5944798322887292,-0.5973609958722395,-0.5944798322887292,-0.259407132380079,-0.3703445407491005,-0.3703445407491005,-0.7451173902569266,-0.7451173902569266,0.36068885755299307,0.6003961427223542,0.8004719598829385,0.7881594423916545,0.7400439789726286,-0.4599606473517073,0.5999784545956577,0.6637348601203216,0.664015131896226,0.6637348601203216,0.044806490927273006],[1.0,0.9999886791430835,0.6632977945324874,0.9997299460806267,0.9980202479908638,1.0,0.9924683615389092,0.9889061657814892,0.9889061657814892,0.9931105165116595,0.9770594774677924,0.9870426461746009,0.9925034494363513,0.99290972349774,0.9925544070302158,0.8016367577233559,0.737792251016454,0.30407642314372885,0.9933769859106627,0.993370111098992,0.9856133168343079,0.9924949548252243,0.4151610171828845,0.7388718701361747,0.9819357669345216,0.9819357669345216,0.9819167351255725,0.9755758047657674,0.3285098135081129,-0.11978768695499918,0.9896600932766149,0.9896220367783752,0.27853310237450857,-0.19453086323575272,0.9947454910410837,0.9953363859116182,0.8473956398716398,-0.3610215463149024,0.9906986048688219,0.9953172084174005,0.7874767875459262,0.2848420208780798,0.994885237363909,0.9948808253649698,0.994885237363909,0.8918286830630725,0.6529064137099263,0.9085762138213627,0.9146598584201984,0.8249444458266604,0.37632194846154404,-0.17279777230064622,0.20699325358800685,0.9477844815730361,0.38888079053579166,0.9749523155366042,0.97058359721911,0.9803318271852073,0.9897358679152889,0.9309036080861035,0.9385081178988545,0.945391443398846,0.9304919361465513,0.9427064007249923,0.9433567287571415,0.9427064007249923,0.883482722354338,0.9224795064939845,0.9233863875660936,0.9224795064939845,0.922689464710432,0.7878349387456896,0.8955592890228965,0.8968337377570904,0.8955592890228965,0.6968551239137087,0.37727319053595015,0.6821289350803068,-0.5526415801446197,0.5876513203836409,0.6106035321792928,0.6108781763783663,0.6106035321792928,-0.09875727371900042,0.9111785940938162,0.9426806409431785,0.9265958318931772,0.9322202765220354,0.29050506986314134,0.9063076142030394,0.9070779655597035,0.9063076142030394,0.9107373867205915,0.9107373867205915,-0.10073535542245396,0.5877855973016158,0.16363590135277292,-0.6700746686806869,-0.5862271684910292,-0.5898939364096707,-0.11864709957661838,0.1183851498936415,0.21273530343040434,0.02476035291037896,-0.5342488973067717,-0.008216764195855372,-0.7966788646415959,-0.2760380860094184,0.15962259957474614,0.16104077204851563,-0.568473683242904,-0.5810665155985717,-0.2686409503335599,-0.5113893709186025,-0.8176337961944292,-0.39852931465889413,-0.39060545179598705,-0.39852931465889413,-0.21369150265926476,-0.3285270200542291,-0.3285270200542291,-0.805642202678215,-0.805642202678215,0.3809301088069611,0.6287209891751575,0.8544656568648769,0.8395605903168589,0.7564286982794295,-0.3218300432333636,0.7475918270936939,0.7808942432961873,0.7811592369391875,0.7808942432961873,-0.19690732157005877],[0.9924683615389092,0.9845436594080403,0.6453240265132947,0.9937257830314848,0.997245026353573,0.9924683615389092,1.0,0.997554914332811,0.997554914332811,0.9999715468691986,0.9617384719406421,0.9996887391544141,0.9999966512758621,0.9999871056955832,0.9999934886955687,0.8678914172537734,0.8559738787803064,0.25364032459186336,0.999864451500019,0.9998647179183259,0.9900623567179262,0.999996841343278,0.32426251158697295,0.7403232493924276,0.9860204517123716,0.9860204517123716,0.9870833215203036,0.9914694412273246,0.2546008883008155,-0.17884251906790544,0.9916426032796886,0.9915975937154515,0.17899662367837013,-0.2402314330937956,0.9993549070060377,0.9994693583018082,0.43996847030309616,-0.3069854385903169,0.9990639346970728,0.9994335000029728,0.8509637648545091,0.23279510773518977,0.9435327131546897,0.9991094274397122,0.9435327131546897,0.9129901721241173,0.612988088066552,0.9403048006855356,0.920241518036241,0.7499669416514225,0.41087496084734343,-0.11649096571018698,-0.1927048483571731,0.930491608723735,0.34134453374111595,0.9681197647776565,0.9636924246023229,0.9791819244722048,0.9956097993108186,-0.026675301409266168,0.8778061420930924,0.8387204524472951,0.8832469850244966,0.8334581797486452,0.7971541488904486,0.8334581797486452,0.8173914009973753,0.8024490690902681,0.791328600318272,0.8024490690902681,0.8760932047246911,0.40011582817827757,0.6015414841607565,0.66136175645636,0.6015414841607565,0.6204762941588663,-0.34064886868135297,0.593231376017568,-0.6213687584709923,0.5153208797025289,-0.0863956955468587,0.4504226908078167,-0.0863956955468587,-0.14559612882114742,0.8549007630995535,0.8770305834899341,0.8621935200242409,0.7726098072511651,0.24012498164314794,0.8540286232439749,0.8553445158329469,0.8540286232439749,0.7741166036611246,0.7741166036611246,-0.17912992573021708,0.6957377929019406,0.23538904199275923,-0.6864060016785427,-0.6320490328940693,-0.6352126153760751,-0.17234497449714573,0.06529883780488539,0.3232183245455245,-0.017397940400262924,-0.5589701455643699,0.04809187408689844,-0.8282813717463703,-0.18143708675886358,0.08599504099857448,0.08747827665994508,-0.6161653276087512,-0.588263038474951,-0.10522691247067494,-0.5923927563598181,-0.8332363301944811,-0.3915051786923346,-0.22522533941680611,-0.3915051786923346,-0.2904892369150809,-0.37848772942015035,-0.37848772942015035,-0.8253863957027314,-0.8253863957027314,0.3622149842257679,0.5848364635410629,0.5071771117699883,0.8017138886178414,0.7358864088233336,-0.38294140991488174,0.06759793001084445,0.7468000356519373,0.7660836764325071,0.7468000356519373,-0.11667903393519802],[0.9889061657814892,0.9786508591055005,0.637138291930212,0.9906135434362466,0.9957747527736093,0.9889061657814892,0.997554914332811,1.0,1.0,0.9995735015143489,0.9552530047430543,0.9987745615895868,0.9982915594931911,0.9994208481986384,0.9991697016056572,0.8652765218043866,0.8448198615442315,0.23209459240932676,0.9992102996277327,0.9992122130090758,0.9875100085482262,0.9993023554528003,0.2991699872678771,0.7417023975261764,0.9929192897204242,0.9929192897204242,0.9852581376012451,0.9888627572110671,0.23730628345577934,-0.19192682932741226,0.9879816844406522,0.9914127933529628,0.1606080405041347,-0.24602324666033526,0.9983446369248383,0.9983312145797908,0.4228365122954374,-0.3133350472074049,0.9972409828322747,0.9982785979931162,0.8485813486343889,0.21086227255156323,0.9363666427392184,0.998173792134102,0.9363666427392184,0.9106551959644565,0.5981948236565111,0.9405989486157328,0.9177144357834769,0.7293328944974861,0.3981869756909016,-0.13110267825742522,-0.20487199177577634,0.9222877639459198,0.32122165908678746,0.963575826160186,0.9586804216995573,0.974256564525002,0.9946127499965908,-0.03595008906977393,0.8678657855453606,0.8241819217388185,0.8758330793484491,0.8200039919981944,0.7856888234563019,0.8200039919981944,0.8062880482736806,0.7851651431419384,0.778610764143353,0.7851651431419384,0.8689207129888942,0.38210289557760946,0.5828077244420711,0.6460572573757098,0.5828077244420711,0.6089490580482818,-0.3546202818723272,0.5800859414319074,-0.6282959865631754,0.5084786659696243,-0.10744044843107266,0.4353060774078936,-0.10744044843107266,-0.15192316109748874,0.8462698497342894,0.8646967002975431,0.8512986796008231,0.7588174655514691,0.22261726454100902,0.8459667650162975,0.8474472861630706,0.8459667650162975,0.7582973762827213,0.7582973762827213,-0.19342191239787004,0.7181019264723927,0.24212561734736318,-0.6954520181276669,-0.6441309418486211,-0.6471157138258451,-0.18661336423225122,0.05807636425527886,0.3162162455970295,-0.03622992797926798,-0.5711137884346801,0.03886360278545931,-0.8337560408031307,-0.18789705213934066,0.07133258067648625,0.07284081879610294,-0.6271851093604522,-0.5891482785990693,-0.11200285441413982,-0.6081523650349191,-0.8325815498910504,-0.4026200699259259,-0.23135598613875472,-0.4026200699259259,-0.30707289792450554,-0.39151617792050236,-0.39151617792050236,-0.8232021413099522,-0.8232021413099522,0.3437968021530059,0.5685610977349888,0.48901232704361636,0.7843029248659149,0.7236721737632237,-0.4036910409608141,0.0540138221054047,0.7280836218625805,0.7506021320087836,0.7280836218625805,-0.09982828993440476],[0.9889061657814892,0.9786508591055005,0.637138291930212,0.9906135434362466,0.9957747527736093,0.9889061657814892,0.997554914332811,1.0,1.0,0.9995735015143489,0.9552530047430543,0.9987745615895868,0.9982915594931911,0.9994208481986384,0.9991697016056572,0.8652765218043866,0.8448198615442315,0.23209459240932676,0.9992102996277327,0.9992122130090758,0.9875100085482262,0.9993023554528003,0.2991699872678771,0.7417023975261764,0.9929192897204242,0.9929192897204242,0.9852581376012451,0.9888627572110671,0.23730628345577934,-0.19192682932741226,0.9879816844406522,0.9914127933529628,0.1606080405041347,-0.24602324666033526,0.9983446369248383,0.9983312145797908,0.4228365122954374,-0.3133350472074049,0.9972409828322747,0.9982785979931162,0.8485813486343889,0.21086227255156323,0.9363666427392184,0.998173792134102,0.9363666427392184,0.9106551959644565,0.5981948236565111,0.9405989486157328,0.9177144357834769,0.7293328944974861,0.3981869756909016,-0.13110267825742522,-0.20487199177577634,0.9222877639459198,0.32122165908678746,0.963575826160186,0.9586804216995573,0.974256564525002,0.9946127499965908,-0.03595008906977393,0.8678657855453606,0.8241819217388185,0.8758330793484491,0.8200039919981944,0.7856888234563019,0.8200039919981944,0.8062880482736806,0.7851651431419384,0.778610764143353,0.7851651431419384,0.8689207129888942,0.38210289557760946,0.5828077244420711,0.6460572573757098,0.5828077244420711,0.6089490580482818,-0.3546202818723272,0.5800859414319074,-0.6282959865631754,0.5084786659696243,-0.10744044843107266,0.4353060774078936,-0.10744044843107266,-0.15192316109748874,0.8462698497342894,0.8646967002975431,0.8512986796008231,0.7588174655514691,0.22261726454100902,0.8459667650162975,0.8474472861630706,0.8459667650162975,0.7582973762827213,0.7582973762827213,-0.19342191239787004,0.7181019264723927,0.24212561734736318,-0.6954520181276669,-0.6441309418486211,-0.6471157138258451,-0.18661336423225122,0.05807636425527886,0.3162162455970295,-0.03622992797926798,-0.5711137884346801,0.03886360278545931,-0.8337560408031307,-0.18789705213934066,0.07133258067648625,0.07284081879610294,-0.6271851093604522,-0.5891482785990693,-0.11200285441413982,-0.6081523650349191,-0.8325815498910504,-0.4026200699259259,-0.23135598613875472,-0.4026200699259259,-0.30707289792450554,-0.39151617792050236,-0.39151617792050236,-0.8232021413099522,-0.8232021413099522,0.3437968021530059,0.5685610977349888,0.48901232704361636,0.7843029248659149,0.7236721737632237,-0.4036910409608141,0.0540138221054047,0.7280836218625805,0.7506021320087836,0.7280836218625805,-0.09982828993440476],[0.9931105165116595,0.9844046219353665,0.586483641701231,0.9945806954129167,0.9974453802588865,0.9931105165116595,0.9999715468691986,0.9995735015143489,0.9995735015143489,1.0,0.9607322191469766,0.9996555336722154,0.9999725963572141,0.9999716855181806,0.9999760633574212,0.7536566562029616,0.6689205186600692,0.1362891691240026,0.9998214048016258,0.9998220982144637,0.9899554984072548,0.9999698188881966,0.10441327818953651,0.7160236359246869,0.9953007869601949,0.9953007869601949,0.9952580198260478,0.9913499648640144,0.08597001580625481,-0.11932326945508857,0.9907488361459083,0.9907085798518895,-0.003494707338461187,-0.19973088843600081,0.9994037164425743,0.9993625925001826,0.8107382275831375,-0.4834699984939302,0.9990016258869874,0.9994094361938192,0.7289616107663333,0.11244370448751097,0.9992691682119106,0.9992743763899845,0.9992691682119106,0.9126134047533556,0.613500839959345,0.9400955514553697,0.9198812804926079,0.7494416738063708,0.01585537748078129,-0.5390049018934973,-0.14347393422885532,0.9265296061976165,0.28700363693304076,0.9642425811687428,0.9637118738566054,0.9812460115328707,0.9948573135906177,0.8862518636596738,0.8786495192613732,0.9010868338943074,0.8842539691240583,0.8995240140439315,0.9000944043133959,0.8995240140439315,0.8169232900674278,0.8527353215602653,0.8541442634238993,0.8527353215602653,0.8774792858575486,0.7895413844857754,0.8632706215546984,0.864411183608665,0.8632706215546984,0.6201815602329267,0.4679378169089547,0.5923921161297633,-0.6281001958991121,0.5687574970082152,0.5368114670557443,0.5365086894740427,0.5368114670557443,-0.10215000980847215,0.8556461698735557,0.8769681795516107,0.8626141481479759,0.8946342283368994,0.15624300133292776,0.8593518643217515,0.8611773599837057,0.8593518643217515,0.8654876002499395,0.8654876002499395,-0.1808140220397067,0.6968039281149192,0.04983561534937844,-0.6982251669337073,-0.6667199112270248,-0.6679089073907996,-0.175834135878263,0.0685415545466821,-0.1880783023103081,-0.2010641941729161,-0.5988331148444583,-0.39941289997505963,-0.8660277885302964,-0.5930929978446251,0.08530827588715,0.08692526783941919,-0.6177074023970636,-0.5843992468333818,-0.5533762866506964,-0.5940230685101533,-0.8009364616405843,-0.6176594384181331,-0.6199077218763318,-0.6176594384181331,-0.2922731755839944,-0.38166626656704816,-0.38166626656704816,-0.7811287344882754,-0.7811287344882754,0.3620549393262047,0.5831532458346886,0.8112760220222431,0.8003141612381905,0.7340163952368824,-0.40999562393812605,0.6334745130246195,0.6889839005040169,0.6891562713068992,0.6889839005040169,0.11957487490616943],[0.9770594774677924,0.9712088038130954,0.548093366136464,0.9751418974121577,0.9677600203511142,0.9770594774677924,0.9617384719406421,0.9552530047430543,0.9552530047430543,0.9607322191469766,1.0,0.946260788633919,0.9617597612385357,0.9617822240997441,0.9614856777078796,0.5596040080959903,0.463414349024559,-0.08674527327809273,0.9660309320675146,0.966010442456946,0.9618714228965216,0.9618636322467288,0.025035744995703515,0.75553045534629,0.9632929417299373,0.9632929417299373,0.9634642319950066,0.8953887277227344,0.1864724619029549,-0.10398911537198995,0.9685237467724734,0.9686256808678906,0.14977925555825314,0.05565358290486238,0.9695445199373662,0.9697824483655213,0.8860890415278907,-0.3752121532958214,0.9543843395149832,0.968757477437634,0.5297008227413624,-0.1075722579824377,0.9706224425029462,0.9705916785624626,0.9706224425029462,0.8177070336664474,0.4135540644039052,0.8329208277122578,0.9016602162813507,0.8568531364745782,-0.5110573047309829,-0.6772868489475922,-0.23323547150253207,0.8917707858847878,-0.01726487593115887,0.9204408949128343,0.9205039845823341,0.939287941478836,0.9667997419573887,0.8894466118977841,0.8906066604568569,0.9071218903427495,0.8922971637302431,0.9005418061093863,0.9011146192904326,0.9005418061093863,0.8479139809037134,0.8307015814477944,0.8322926611175008,0.8307015814477944,0.8865909738230741,0.9011560775314353,0.8847993016396755,0.8853620520248641,0.8847993016396755,0.7031334520806947,0.634962866409432,0.7040879743424183,-0.3076360328360192,0.7209398706772456,0.7364856717249809,0.7386813149911768,0.7364856717249809,-0.26170457150741094,0.8894765938195401,0.9407378556781716,0.9035498605900977,0.9013983976223967,0.004279909474437787,0.883398711858795,0.884380064763235,0.883398711858795,0.8916590874817645,0.8916590874817645,0.03967708968056517,0.40064442141717826,-0.1200156362180705,-0.6339374472322711,-0.431316955655232,-0.4336270753902131,-0.039031774651158715,0.4188836917865661,0.03043246417260324,-0.16048721675834965,-0.5173312985928701,-0.0843009586029176,-0.7955872998140201,-0.24719392740432744,0.29466306156733757,0.29448064757252795,-0.4020411405472941,-0.43276981444970536,-0.3655088265318616,-0.37561779591119204,-0.6635492131696119,-0.3852898415799978,-0.38751690256170446,-0.3852898415799978,-0.1108544101119272,-0.4217086867542813,-0.4217086867542813,-0.539810547212314,-0.539810547212314,0.5099225185707668,0.6457499652749694,0.7480165170386243,0.6848518803291386,0.8112178148403545,-0.4993159329265347,0.3915027795081234,0.5320307152122055,0.5323399226414477,0.5320307152122055,-0.16569931548650288],[0.9870426461746009,0.9858224311557284,0.9954247443055285,0.9903483531822278,0.9964891475747581,0.9870426461746009,0.9996887391544141,0.9987745615895868,0.9987745615895868,0.9996555336722154,0.946260788633919,1.0,0.999689530990203,0.9996854519159043,0.9996578287595489,0.3315921151105978,0.2333131579307626,-0.49933441092658304,0.9998021962062524,0.9998044682029354,0.9996942243411316,0.9996936639268138,-0.23784241960023436,0.9719663450283639,0.9946857331689908,0.9946857331689908,0.9946668855773537,0.993354911498885,0.10528886166802888,0.09324452935546758,0.9917270694943305,0.9917752240423403,0.8727076837124496,0.03140545918243572,0.9990490070432823,0.999004319646327,0.9988802290674386,0.9993928911886076,0.9994279663640864,0.9990847930310918,0.27941264085380174,-0.5076239401476644,0.9988291463861916,0.998836930557657,0.9988291463861916,0.9069380811669329,0.45221435663634046,0.9363694006043374,0.917292405589597,0.7500031355105317,-0.4299683203577431,-0.6082801592130883,0.8144517829553383,0.8431330866133147,-0.3399577049604512,0.9316147449993069,0.9318263046353645,0.9698968375177903,0.9935135244958415,0.8988471785885298,0.9054830213088698,0.8826741711494074,0.8845474763224126,0.8886355976097182,0.8892315169168498,0.8886355976097182,0.7697865574544873,0.7386530111983328,0.7407481419471488,0.7386530111983328,0.9051625101506041,0.9112404357112333,0.9041381194848367,0.9051614196840072,0.9041381194848367,0.5038770736814357,0.4420034128670545,0.544123735180079,0.6408566321427306,0.5396458651247579,0.569773264769032,0.5716643408135739,0.569773264769032,-0.34399874175355916,0.8455991844468558,0.880147155886604,0.8669300816801353,0.9054029573747017,-0.30784860712857515,0.8407886025934759,0.841128332177425,0.8407886025934759,0.8506403192503024,0.8506403192503024,-0.2332068329011252,0.6896392013012638,-0.38620150957365423,-0.787688987990619,-0.5338958381020878,-0.5366083862742651,-0.41501462351346136,0.21450368148741814,-0.29869211928918193,-0.5166592650569144,-0.7436031145106122,-0.392317682290399,-0.5949539838980481,-0.4631455576409812,0.07776031167108462,0.07525675233401376,-0.5571983476311012,-0.5278676771219624,-0.5488097490781028,-0.5842532319160589,-0.5779470272359766,-0.552174663207675,-0.5551794502904882,-0.552174663207675,-0.4297822280530214,-0.6201976998419004,-0.6201976998419004,-0.6158526612093784,-0.6158526612093784,0.35855627843012156,0.3312069929772849,0.4642790543523475,0.561836018796706,0.5195797779594138,-0.5719022709987861,0.2976079937581212,0.28053460263175733,0.2807293440582427,0.28053460263175733,0.24103852286604485],[0.9925034494363513,0.9845764756402806,0.6453379189269391,0.9937506935990935,0.9972611688321134,0.9925034494363513,0.9999966512758621,0.9982915594931911,0.9982915594931911,0.9999725963572141,0.9617597612385357,0.999689530990203,1.0,0.9999906500864701,0.9999951643182355,0.8678838392618112,0.8465557994447737,0.2537004525161829,0.9998658403393286,0.9998660481443957,0.9900966426147986,0.9999974190965167,0.32456693711808027,0.7403740936382756,0.9910741766632922,0.9910741766632922,0.987074431378657,0.9914593990585877,0.25485256473210927,-0.17878971359226264,0.9916775994555671,0.99160758805584,0.1792218863754042,-0.24019706208366937,0.9993567593630273,0.9994725360441955,0.43994171944808763,-0.30678425772096574,0.9990664454836439,0.999441034365363,0.8509466435736089,0.23286125914736147,0.9435182557825923,0.9991117397062145,0.9435182557825923,0.9130056377798389,0.6131258443218276,0.9404325626293821,0.9203563955506417,0.7500604601635846,0.4112436811803895,-0.11606720148899145,-0.19235711544372322,0.9305559220593234,0.3414108963861641,0.9682040663816547,0.9637443472237086,0.9792627647250153,0.9956240055039006,-0.026496647972593372,0.87792027194532,0.8388030875520223,0.8833456785491892,0.8335388367142591,0.7970987969886767,0.8335388367142591,0.8174687214293278,0.8024951276212412,0.7912680529537093,0.8024951276212412,0.8762197821097459,0.3999952202490036,0.6015407523230917,0.6612784785038867,0.6015407523230917,0.6204274044780447,-0.3406706220115116,0.5931970733794384,-0.6212750624880876,0.515225345947082,-0.08652160502040342,0.4504519612291231,-0.08652160502040342,-0.14574347081987113,0.8549627386234395,0.8771288904729146,0.86226932837905,0.7726023467596871,0.24018516733800377,0.8540981011329635,0.8554109295549785,0.8540981011329635,0.7741742457663244,0.7741742457663244,-0.17907906341965693,0.6957814419651976,0.235503400517555,-0.686435247979488,-0.631970159961371,-0.6351390574084572,-0.17242138995663944,0.06517959254648885,0.32338206813681375,-0.01738229701523836,-0.5590202668971394,0.048339753085896345,-0.82803847566931,-0.18116043026974982,0.08606491989093594,0.08756213523533174,-0.616152042933986,-0.5880757732180176,-0.10499364076830131,-0.5923649139511364,-0.8331388202034452,-0.3912953612568573,-0.225033147601691,-0.3912953612568573,-0.2903300281660676,-0.37845299623290807,-0.37845299623290807,-0.8253391880486904,-0.8253391880486904,0.36265272652565184,0.58495380987656,0.5074107312528514,0.8019548414873359,0.7359446727009102,-0.38274479373557085,0.06786613525715089,0.7470397685993463,0.7661939139316221,0.7470397685993463,-0.11670848495461698],[0.99290972349774,0.9845207246219464,0.6383954252801468,0.9944440616020933,0.9973393436769253,0.99290972349774,0.9999871056955832,0.9994208481986384,0.9994208481986384,0.9999716855181806,0.9617822240997441,0.9996854519159043,0.9999906500864701,1.0,0.9999880368120103,0.8072885323292661,0.7380561011249037,0.2555793241433328,0.9998884076132668,0.9998890095365964,0.9900866019252866,0.9999880241703006,0.32614840100320447,0.7365129198432895,0.9940268057480759,0.9940268057480759,0.9939919329634385,0.9913982506083804,0.24973080019250735,-0.17914969122582483,0.991976327048482,0.9919818585556618,0.20236520222322288,-0.23967343460214072,0.9995288735867776,0.9994722534232483,0.8486577203102572,-0.3972857524153732,0.9990623589270058,0.9994451792559498,0.7888979277489989,0.2347731930178854,0.9994227893885559,0.9994273495580313,0.9994227893885559,0.9128037682916947,0.6132392484399087,0.940300286440901,0.92022004559398,0.7496484400373886,0.29147433483764495,-0.28614086074704126,0.10572920483217121,0.9304228182678326,0.3419502990149856,0.9652095469006653,0.9637633924775537,0.9778138483031609,0.9958473041587198,0.8931905531531292,0.8772195340442817,0.9057976190244423,0.8833351396141234,0.904833613012201,0.9056366976288386,0.904833613012201,0.816687975632268,0.8725703375293752,0.8739550632026786,0.8725703375293752,0.8760833276378411,0.7727532978662695,0.8684946899833342,0.8700263184451359,0.8684946899833342,0.6199513801700799,0.46972078478607726,0.5917833916613049,-0.6242845844273962,0.5137335764715181,0.5184474322535064,0.5193533521394978,0.5184474322535064,-0.14780685219499418,0.8548530274532122,0.8767829248069712,0.8617842767226118,0.8998533196906549,0.24232154059644023,0.8540676269025042,0.8555921115053967,0.8540676269025042,0.863720530408613,0.863720530408613,-0.17944200972602048,0.6953018934930648,0.1490878638574016,-0.6853368274748514,-0.6316111893958549,-0.6346399343821549,-0.17239390216561915,0.06422827542553794,0.09848171431424503,-0.01583582732380323,-0.557543252465217,-0.13920779949562437,-0.839197870114632,-0.4004639361068352,0.08565685164656633,0.08731270083982452,-0.6161977072352358,-0.5873776781477436,-0.39633082521689056,-0.5921299186796444,-0.8264044705791941,-0.5094392243284692,-0.5051737621607922,-0.5094392243284692,-0.2896199665608588,-0.3785408099493031,-0.3785408099493031,-0.817196583504503,-0.817196583504503,0.36137205159627783,0.5849476438093435,0.8202799242276985,0.8055847834300506,0.7363225815763504,-0.38225869465835494,0.6995002930944377,0.7354656480142612,0.7355552414978733,0.7354656480142612,-0.08429457631048971],[0.9925544070302158,0.9844202049205673,0.6455217729434194,0.9937782902075721,0.9972866064694746,0.9925544070302158,0.9999934886955687,0.9991697016056572,0.9991697016056572,0.9999760633574212,0.9614856777078796,0.9996578287595489,0.9999951643182355,0.9999880368120103,1.0,0.8599048401663855,0.8067453446596885,0.2538307362856599,0.9998685191739686,0.9998686084782454,0.9902288626953857,0.9999951058028255,0.32522442718082284,0.7402205900561944,0.9942421861679142,0.9942421861679142,0.9941505040985752,0.9913850252380045,0.2551250757457081,-0.17881811989438587,0.9925344883349562,0.9925769776704729,0.17995433287962956,-0.2400313502963431,0.9994022664262928,0.9994717475771269,0.43898385322472955,-0.3060353398514321,0.9990237197669264,0.9994434476700982,0.8489363395228253,0.23301346183307678,0.9430788066337256,0.9991624189325742,0.9430788066337256,0.9132587148017927,0.6137782582016288,0.9406156223312123,0.9205280417920645,0.7498076648712202,0.41256583065822205,-0.11458236272967125,-0.19257404760628052,0.9308906158521341,0.3416766095249844,0.9685867963442093,0.9640435409008394,0.9795204361938457,0.9956639580258296,-0.02747983163950916,0.8781702811130536,0.8387170349325589,0.8835598965443924,0.8334854829036341,0.7966780774873805,0.8334854829036341,0.817654238320085,0.8024369918371319,0.7916253496967145,0.8024369918371319,0.8765106299482008,0.39934379265942066,0.6010650963506515,0.6612798952529885,0.6010650963506515,0.6202961114000365,-0.3417894952809586,0.5931446593694774,-0.6214575731471014,0.5148876205845111,-0.08747677625076584,0.4501202402713122,-0.08747677625076584,-0.14569931553897109,0.85508553583582,0.8768840561754584,0.8623948985881492,0.7649542662164384,0.24055596760573253,0.8541877029328835,0.8554914508674697,0.8541877029328835,0.773989547320462,0.773989547320462,-0.18042102712195424,0.6965664184001454,0.2359850321355073,-0.6864114116227386,-0.6323198239835294,-0.6354932142519052,-0.17347629271487477,0.0640448388364518,0.3237012683298106,-0.01776938550294713,-0.5592131937066692,0.04843797786990538,-0.827278788817065,-0.18099191765257563,0.08514412089361745,0.08664012484532849,-0.616722546801803,-0.5882862543856896,-0.10443415407672776,-0.5934809066954851,-0.8331579922621776,-0.3912324739024339,-0.2244972655318674,-0.3912324739024339,-0.29119642950282015,-0.378880154760258,-0.378880154760258,-0.8256811163003455,-0.8256811163003455,0.36286858612516354,0.5846244010946513,0.5069339516736016,0.8023840183199609,0.7354053235693675,-0.3823189430168212,0.06723837634372926,0.7474484245253551,0.7668011502371236,0.7474484245253551,-0.11642978884476238],[0.8016367577233559,0.2354210374459685,0.43387787278091944,0.8007575186586596,0.7177696366055641,0.8016367577233559,0.8678914172537734,0.8652765218043866,0.8652765218043866,0.7536566562029616,0.5596040080959903,0.3315921151105978,0.8678838392618112,0.8072885323292661,0.8599048401663855,1.0,0.9937856772936161,0.4152006178876724,0.8428367889688277,0.8428162692402635,0.781411112814203,0.8589273959879499,0.330252875764059,0.4444589205135298,0.8512442688013786,0.8512442688013786,0.8379618054979737,-0.06933569504357477,0.19260027762612064,-0.17762728428602478,0.886401079793569,0.8841256444419646,0.15450062192106293,-0.241127686428991,0.8645389924958555,0.7742507814661544,0.2832565275790483,-0.3187486209319693,0.34726901513144415,0.7468393027604449,0.9983969186579291,0.39748609413924996,0.7910862672894853,0.8642793562877871,0.7910862672894853,0.3140181906411053,0.55893808932912,-0.0918598334298074,-0.1092014846572418,0.1800715651951731,0.403148582075896,-0.06120902766447416,-0.21016672106153161,0.7585372145741157,0.4032132314805838,0.861346390946218,0.7649344384424209,0.836541737811956,0.851693327413321,-0.09923665587120399,0.26479760491892035,0.633459120423951,0.5307440903069102,0.6244203816542524,0.66931725