var element=document.getElementById("correlationAdjClose");if(element.style.display!='none'){var correlationAdjClose={"data":[{"type":"heatmap","z":[[1.0,0.9999942564116625,0.9859325326017812,0.9999307698714085,0.9991545750581627,0.9841779215616109,0.9979131100461481,0.9962362463247888,0.9700162773928404,0.9965081959608518,0.9946797793415121,0.9941588812915129,0.9963430036498566,0.9963801342838979,0.9962797737662642,0.9977253295664056,0.9980053310785543,0.9983938601587031,0.9968295940243374,0.9968448142087513,0.9968488970681257,0.9963098768481061,0.9878360385246148,0.9722344953658925,0.990398801975284,0.9581991370325202,0.9894735259197508,0.9877327957554815,0.9695523910805187,0.9549674146366621,0.9927356112131337,0.9940448811372491,0.9927840741108879,0.9785708518977035,0.9978172162138759,0.9979916446992152,0.9976166256910933,0.9964089037290728,0.9958173801429143,0.9978912033780031,0.9987462247772095,0.9987827771000299,0.997787554792896,0.9978018851596354,0.977233732851246,0.919638827378755,0.9521598203629883,0.9342041835387959,0.9347441676440543,0.9127007479150158,0.9638044944049923,0.9500959148097297,0.965587859397423,0.9673740014055736,0.956755835614965,0.9845539464574764,0.9820575047738487,0.9907594399211831,0.9943593811921168,0.9873170508723933,0.9828683774748032,0.9884329550836364,0.9867327390631345,0.9889711376405607,0.9888424645999878,0.9605621957255749,0.9759789036462704,0.9768306180551986,0.9766047834297024,0.9508312146634712,0.9815012526089175,0.9785058108802679,0.9856422933308882,0.9849838167743122,0.9420037009680137,0.8951001659289233,0.8635283100467273,0.9103818403878504,0.9259602892068441,0.9236070450374101,0.9240168020923321,0.9227399230404132,0.7130084143655648,-0.5493795856639829,0.9812233797126567,0.9767404380449223,0.9738563125927215,0.9879988833783063,0.9749123725665906,0.9848349001659032,0.9848663699076934,0.9470630892073089,0.9852572524836785,0.950171087641554,0.7880150771375108,0.9135297727685554,0.9322231381661943,0.8124658618744294,0.9535543738049856,0.9543261137149299,0.9009736447492516,0.9667669517967521,0.8952254060029973,0.5900183287866886,0.7248745485047232,0.9023530646504918,0.8716655154200431,0.8936014857689161,0.9750707275195666,0.975243246354847,0.785644297410312,0.7455195919829055,0.8249179077960022,0.4393679409171003,0.8052838076137119,0.8291150351919392,0.8242884013871979,0.8165372177825377,0.7870165723724449,0.75355480838924,0.7372293265530957,-0.28107593473278525,-0.42114789899365673,0.6730993876041554,0.8902079912852537,0.9322463075405149,0.9409974874609652,0.9049657393630981,0.8259205146621552,0.908681636391178,0.9257620892498213,0.9256051948485787,0.8601328022776005,-0.15344695096476738],[0.9999942564116625,1.0,0.9891099324802507,0.999846446230826,0.9983085257475344,0.9897666333977281,0.9945249421110272,0.9919084052408368,0.9861840705006066,0.991920806028248,0.9919388722455145,0.9934910607380798,0.992033104216968,0.9919179053849968,0.9919765353658063,0.9941055570694433,0.996549008620009,0.9961479983770145,0.9941647710587276,0.9941705829148683,0.9919692859212327,0.9920157538599529,0.9923912118905442,0.976093402552824,0.9887207610427802,0.9834866007219265,0.9886897168772488,0.9877728807213008,0.9820513997571053,0.9385650697581643,0.9897382510644553,0.9875077334260421,0.9820636769123469,0.9385585727717505,0.9955457188127246,0.9954649490719985,0.9956813359981947,0.9923847471932594,0.9952306360521261,0.9956938860276725,0.9969512769311254,0.997115342735877,0.9956826549598545,0.9956920402752937,0.9906388120047194,0.9191880544515684,0.8952885860722676,0.9338536778983594,0.9346623758606376,0.9126796739669774,0.886636434003604,0.9288287982596419,0.8890031631163949,0.9178014152981842,0.8863987097067304,0.9572156428300432,0.9571981963240076,0.9709148326630306,0.9849904427156204,0.9830959013744764,0.9849818696221699,0.9802727508717893,0.9814440454052279,0.9818103422259109,0.9817155467116624,0.9478361560721246,0.9636727271128614,0.9404439046380649,0.9403501252592386,0.8737449547363026,0.9804753780141846,0.9818227822066714,0.9820163013623143,0.9816047897119182,0.9529579429574673,0.787034985096031,0.7483583790646543,0.8447865695547052,0.9031032801656924,0.8600061363432074,0.8820491783011456,0.8808907524690852,0.7494745927614755,-0.17760746712162367,0.9710654788220072,0.9745279744931445,0.9708070591209091,0.9835783575084955,0.9682006087503159,0.9737957150684949,0.973205417507968,0.9311456210484923,0.9754206081364242,0.9337285966908703,0.7141178827015631,0.9130187150904154,0.9119991156562145,0.5347395621281827,0.8408523919479155,0.84532361453782,0.7488879561901836,0.9672711895010863,0.7220697824092143,-0.3032243391912954,0.23059843483751874,0.7488737161976585,0.6984677857067829,0.7415741453196308,0.9688100679137444,0.9688267512728302,0.16553762855435847,0.33867207213448386,0.17294069850261998,0.1440039880345809,0.16618302763613926,0.18024313102083817,0.17727050191468358,0.09788203630469726,0.527068767065102,0.2586124271450153,0.20806985460875957,-0.4371064576951481,-0.4838107728238115,0.6723411137889986,0.7520988258967418,0.7760357943025811,0.8380381301122992,0.8168375313398025,0.5781467475626215,0.7591584690026271,0.7704697995568244,0.7693406337315544,0.4237618857769661,0.22656364185386274],[0.9859325326017812,0.9891099324802507,1.0,0.9872877157368425,0.9932613396930522,0.9914460711520017,0.9897003267206846,0.9904010678399034,0.9909542112876745,0.9930652520778807,0.9970385466855063,0.9962042704696258,0.9902597184714089,0.9924164641323553,0.9904571154678357,0.9899060181432279,0.9908096475739743,0.9900507790066886,0.9890983811399677,0.9890758171419862,0.9919372755816209,0.9902872831903139,0.9949549860037088,0.9845847024334038,0.9911525237605648,0.9815364673758186,0.9917470157310975,0.9874088712728226,0.9867692372059349,0.9610013927319421,0.9695383546406857,0.973743204221716,0.9771627521003274,0.9556961494944561,0.987025720137091,0.9901214385274084,0.9884994750834186,0.9920626124587629,0.9946993088274055,0.990921963015117,0.9849752516840803,0.9878487508461253,0.9873840840691596,0.9867636026739618,0.9923531068720516,0.9149506975258347,0.9355741289753519,0.945420502685209,0.9281137807438542,0.8713247109365077,0.9217507760903688,0.9058392623342422,0.9244673720946467,0.9298058268555128,0.9142129556831993,0.9498992644977289,0.95896516626526,0.9671858902097835,0.9774519807501486,0.9417419265837248,0.96596202996686,0.9647157304907856,0.9713740542127259,0.9649569402375597,0.9401182102083059,0.9238677749908044,0.9485425201181557,0.9384280198629417,0.9198993646207104,0.897400698101974,0.9718129698343974,0.9509913896825004,0.9644332447769782,0.9438723695382008,0.8344349322797313,0.8552580142048036,0.7727126912836639,0.8729687795883295,0.8979637462495844,0.8997740994347255,0.8668326334363954,0.8811112680683805,0.42393391261331,-0.5367622829910176,0.9620312820418501,0.949776545119331,0.9492462290820521,0.9417134066550987,0.9565570441320822,0.9644974850816184,0.9641144979772098,0.9339810764017257,0.959878518865784,0.8827201471418243,0.7718945848689377,0.9533412662732185,0.9527006722182203,0.7916966693376383,0.9406770963491425,0.9423849909943506,0.8733481435660736,0.9802053383729981,0.7752299400452549,0.49376589948611765,0.6681868520391864,0.7969509506135957,0.7982769395622445,0.778059926062535,0.9823932324900142,0.9824230619380925,0.7149109692211839,0.6925523220468349,0.710382816919251,0.38721267425118633,0.7055428167331915,0.7144123925150225,0.7253760188506688,0.7135844515620848,0.7494296855951751,0.6882362314915782,0.6708443936716595,-0.341528248394842,-0.48129102956921976,0.6404139551631611,0.8512233276833278,0.8790402453847723,0.8857646666131188,0.8764041180100142,0.7581468494157173,0.8574673648084147,0.8682206030980201,0.8754506394606041,0.7328707042552777,-0.0757951692828929],[0.9999307698714085,0.999846446230826,0.9872877157368425,1.0,0.9993889663183084,0.9853077261899151,0.9981426561540611,0.9966430841691892,0.972201360498814,0.9969539598783757,0.9953522876147147,0.9950319561829952,0.9967322441500633,0.9968555376159873,0.9966860974096174,0.9979844281075441,0.9983271345860555,0.9986398413018054,0.9971843451765187,0.9971970118454058,0.9972273085659258,0.9967035611875138,0.9890045843493211,0.973621162425224,0.9913269015217734,0.9607420463233475,0.9905059647785276,0.9893296310326387,0.9714990410820177,0.9561469260071491,0.9920594164708089,0.9935551965256141,0.9927084776398278,0.9781509715912883,0.9978906620023222,0.998176377144268,0.9978296715567618,0.9968508927266676,0.9962648269553772,0.9981067228987569,0.9986384099638839,0.9988536847927536,0.9978570939973888,0.9978681788391954,0.9790272090220894,0.9160162323368432,0.9500808693053739,0.9344202190843888,0.9330589908021876,0.9063801581407557,0.9608966661347166,0.9468509719432262,0.962591157416022,0.9649420269912331,0.9540063089883563,0.9824809082280995,0.980568925339231,0.989904346673763,0.9941508629606322,0.9859849733139223,0.9818535454913296,0.987282259191961,0.9861916521625546,0.9877451273479669,0.9876093371699868,0.9514772383845486,0.9748323235829144,0.9754463212083291,0.9752159959736084,0.946124722993833,0.981095641271888,0.9758612433874245,0.9843117283665787,0.983619289457957,0.9231020941627018,0.893721321468348,0.8599397916946553,0.9088038576649203,0.9233300883309739,0.923177865896926,0.9217397792406673,0.9205019166097472,0.6254313544426571,-0.5488467542645553,0.9804733121979432,0.9756332130597789,0.972536505490863,0.9866700796506226,0.9742668324194447,0.9841474698217464,0.9841753963633553,0.9467649161547468,0.9839366841687153,0.9363742714189901,0.791748972519371,0.9186393204772283,0.936113244227635,0.8141336239321671,0.9548028255415916,0.9555997749104331,0.9004682823775346,0.9679512279933129,0.8890575865977971,0.5862618336251105,0.7230783836682688,0.8968170585994734,0.8679326075874124,0.8877927790043821,0.9758665578223624,0.9760434810631257,0.7843980647231338,0.745669226671197,0.8169234978408799,0.4411031119985604,0.7993735589986533,0.8208452782251657,0.8159418984924114,0.8110449494691285,0.7891875559901025,0.7533459141899437,0.7371002984884698,-0.2764782735308061,-0.4204205103372804,0.6725932842507546,0.8882848054511869,0.9302647916921379,0.9390792950101398,0.9036648301681859,0.8230643938600418,0.9065725066988949,0.9233893178157819,0.9233790960346384,0.8528691084201001,-0.14633015005788247],[0.9991545750581627,0.9983085257475344,0.9932613396930522,0.9993889663183084,1.0,0.9879959797249217,0.9990630026847017,0.9985554644625437,0.9841690467808312,0.9985576109506884,0.9981641970091596,0.9981643442065578,0.9985786267915805,0.9985891767979324,0.9985871339379946,0.999079308280284,0.998774589320524,0.999283199702404,0.9988790768080688,0.9988834403543354,0.9986367712722052,0.9985780786381638,0.9946928242418541,0.9810728460416392,0.9951057389607474,0.9775901389441962,0.9950996806376491,0.9924467045979547,0.9838883139142557,0.9594329345894185,0.989320143114105,0.9919762371445222,0.9900950096775838,0.970543365961735,0.9989014791859088,0.9989596906835617,0.9989810397544626,0.9986689768069933,0.9986506058664191,0.9989547392389712,0.9989627120754541,0.999183791186921,0.9989120021293831,0.9989155804609513,0.9883775148546555,0.925694160963026,0.9493872219489383,0.9434933560178123,0.9353468154344645,0.9020501770639613,0.9485332523469053,0.942157854823825,0.9527940711658838,0.9588380210722716,0.9474420744905513,0.9800897966665323,0.9800028288541404,0.9899548527974817,0.9939920486776325,0.9826216284401768,0.976327322811457,0.9826584787026669,0.9825585753187005,0.9830196571051923,0.9828945757016103,0.950734088730427,0.966830650769206,0.9613567656700391,0.9611566143449117,0.920578845206243,0.9783913818449333,0.9746977357062064,0.980477120107441,0.9797294255949623,0.9393133039257329,0.8748502519607187,0.8395389983910281,0.8947502630703287,0.9280956225719811,0.9135822777791871,0.9202479851006848,0.9192334693136164,0.7666437571273012,-0.5547886476024506,0.9746258302640906,0.965987351711081,0.9638106503104207,0.9835322314372912,0.9651518007154049,0.9780420474865111,0.9777727839881538,0.938624351731535,0.9794461814404948,0.9408784434227042,0.7816134926387197,0.9328226816470883,0.9554038858712561,0.779813886980645,0.9429848581193256,0.9444137984073305,0.8950928882618612,0.972748168666169,0.8891894535148089,0.4256901807604291,0.6667283419661323,0.8950353870584048,0.8462550931113083,0.8907423126735232,0.9793433439711141,0.9794764365051745,0.7503761550542798,0.7299798826282485,0.7544243865570499,0.4198910669008694,0.7085092187407174,0.7590815421052429,0.754625021723878,0.7187132604904934,0.7766894046063363,0.7391694816236523,0.7220562679113565,-0.4792102628411524,-0.5613644428877929,0.6682254443999616,0.8834632989054058,0.9167141611592429,0.934031234490237,0.902174411978105,0.805341309928118,0.8962411683181961,0.9107350821660548,0.9102417425180412,0.7906893371690531,0.0637313231513894],[0.9841779215616109,0.9897666333977281,0.9914460711520017,0.9853077261899151,0.9879959797249217,1.0,0.9825587620165328,0.9836176314504687,0.9929249734662537,0.9830489585317771,0.9788919466671777,0.9780128973027089,0.9834649629440828,0.9839808160137464,0.9836869383693924,0.9833540205666008,0.986872364742317,0.9843856346423006,0.9842630841542217,0.984308510811559,0.9824790200303608,0.9836239319126893,0.9948646952402469,0.9936185056204083,0.9849297070436185,0.9873700325052043,0.9852890298949682,0.975824357685873,0.9880285273620449,0.9743972313753633,0.9612046504501875,0.9669614546729906,0.9766800129162868,0.9670817602601081,0.9822355423596199,0.9826190779744385,0.9834731472297086,0.9842850415725551,0.9788021367267503,0.9830879657388242,0.9815019273757227,0.9832240983204058,0.982449546462814,0.9824995381490685,0.9960518569217428,0.8752891328082457,0.9272770060487883,0.9184023428932029,0.929328173777815,0.8880477894190238,0.9175910371844177,0.9102086151066475,0.9203465155094052,0.935982960921452,0.9169446902257113,0.9497901856462455,0.9554451387373398,0.9617228222085044,0.9699748542050682,0.9715947750920519,0.9875433001040556,0.9735216694016311,0.9849083136571656,0.9731214245756127,0.9725438817688328,0.9766991870236109,0.9702988942271589,0.9504733631073767,0.9498696826889207,0.9490007505774184,0.9836599030007057,0.9763614933171649,0.9728896520163084,0.9715756526012915,0.9649994263432642,0.8977513371972277,0.8532330397145543,0.9142361487293859,0.9202276355432315,0.92963030421274,0.9106315897381555,0.9083907860025979,0.7473582731107974,-0.49410796505669463,0.9818013152107427,0.9834631548856014,0.9794429570567187,0.9724170950766491,0.9745669761251026,0.9804663040437643,0.9800351519281756,0.9688369173470057,0.970096340082138,0.9680758578644858,0.7932480419116128,0.8927608680956165,0.9551185282907555,0.825435990729248,0.9433004464094585,0.9444251866713385,0.866204366726524,0.9586138412160002,0.8334565205630146,0.5100745376362442,0.6871449641555438,0.8432322632563329,0.8191424275594544,0.8328700007363593,0.9586612375869196,0.9587663707309879,0.7376327772024175,0.7211885995115718,0.7507959348532539,0.4433125940547126,0.7447647265181149,0.7561160464537906,0.7499204504385937,0.7474573823674706,0.7689398929642478,0.7129677107337306,0.6995044235141056,-0.303071313332132,-0.43349372481215953,0.6779463583521115,0.8529025845250101,0.8703952862504346,0.885378144650866,0.8624519727538853,0.7804260671323618,0.8468943323714289,0.8624416851688449,0.8625090802037548,0.8041099782364196,-0.10740874798972716],[0.9979131100461481,0.9945249421110272,0.9897003267206846,0.9981426561540611,0.9990630026847017,0.9825587620165328,1.0,0.9975629250485856,0.9570077295556257,0.9996174896138956,0.9995783073163703,0.999601647122843,0.9984467690914558,0.9994837256964194,0.99919995651734,0.9998924612991488,0.9966420871663116,0.9999042789033137,0.9993914092249617,0.9993960504935459,0.9997192113098513,0.9993408221891158,0.9907013810199421,0.9746378132982817,0.9860687523795141,0.9272508805387054,0.9936772102193708,0.992486449043548,0.9744638513376809,0.9528765636654117,0.9916577489164609,0.9919850738695343,0.9936669161296555,0.9754275568623654,0.9990249972765175,0.999855145506567,0.9997204557240582,0.999488327372576,0.9997749576349438,0.9998401589906434,0.9985369673856556,0.9997413524798482,0.9993995192208314,0.9990614177604641,0.9803206711299446,0.9332709151700255,0.9526214054854749,0.9504674097783278,0.9399492720668429,0.9016815946250963,0.9576364276659384,0.9464739198456447,0.9599813059810718,0.9625044306780628,0.952974112887728,0.9817571829837228,0.9813207283023063,0.9918723862866994,0.9963957558698686,0.9512139686346309,0.9640513051716361,0.974093842627687,0.9745191500931366,0.9755968822753173,0.9512177329102813,0.9053928264200712,0.9580077091335724,0.9630876368114192,0.9427030066974108,0.8971177061039242,0.9687909733783981,0.9436205015271241,0.9694923032299019,0.9515789576392334,0.7933652629175362,0.8678684346114375,0.7915801313935596,0.882087588183461,0.898374340264288,0.9028712992076621,0.8822640473446139,0.8939218124233701,0.37157018379618356,-0.5830795964590513,0.9655565156625657,0.9519686975430162,0.9511206820923384,0.9526727960505249,0.9611585048905019,0.9717342440199882,0.9718917716676849,0.9274764731217086,0.9691491480837794,0.8565648143413345,0.7759261368171124,0.9336966752203867,0.9350726871818793,0.8018318827527593,0.9526734156407103,0.9535839695960963,0.8989163606977061,0.972322294594427,0.8323098341501369,0.580614091358196,0.7163566484689081,0.8560728529451879,0.8491963441750112,0.8375816093840253,0.9797910059204497,0.9799727953002861,0.775515026375075,0.7276070418995398,0.7822281207985989,0.41413005965627864,0.7784516932957579,0.7947775781060759,0.7881500491460534,0.7931599874788572,0.7740702452192912,0.7454316109336784,0.7273969238289385,-0.29054555458476233,-0.44206294827271025,0.6847665625645486,0.8881173824945527,0.9224165212177406,0.9399517777230825,0.9086695689090195,0.8246168661245259,0.9086788319884546,0.927301865208262,0.926024940517332,0.7760193007884506,-0.11531547152505894],[0.9962362463247888,0.9919084052408368,0.9904010678399034,0.9966430841691892,0.9985554644625437,0.9836176314504687,0.9975629250485856,1.0,0.9677434508485456,0.999999830316558,0.9999993152548804,0.9997604205403823,0.9999970769741544,0.9999927473539489,0.9999982528956769,0.9993292265527118,0.9915297185560521,0.9994608679403757,0.9999096235303879,0.9999093410617207,0.9999651301552626,0.9999987874181123,0.9911786097084735,0.9762933969995714,0.9929475899293251,0.9412567795599498,0.9941698462356049,0.9908065917661845,0.9766622443981454,0.9523417746925674,0.9880031588984541,0.9938817404279189,0.9922763809119184,0.9725124275544333,0.9994719964352066,0.9995737221815577,0.9996768434104123,0.9997450534021625,0.9992328829632102,0.9995084547735864,0.9982416646843882,0.9988432403299338,0.9995438811368541,0.999411748982863,0.9820153835179569,0.9330745053439656,0.9499757414613499,0.954056570608875,0.9385932974710464,0.8915082033178325,0.9558853249019895,0.9420196571050882,0.9578793800383596,0.9569446574152005,0.9470624909229679,0.979746681269598,0.9784345196070066,0.9908377609380982,0.9968667947853016,0.9465411440725107,0.9603621165543611,0.968258623437708,0.9717767877974025,0.9701277762833593,0.9496130995877272,0.8988295649178561,0.9537121816653632,0.9568108056248241,0.9375952131000184,0.8863059575832916,0.9663618899684161,0.9379198981689937,0.9644707876404247,0.9472429513329921,0.7818970678448482,0.8606676801827203,0.7874223840674448,0.8749137698090196,0.8918289520792747,0.8988182330075434,0.8781737022150097,0.8876256466708171,0.3550938410488347,-0.5869312802426858,0.9618322698886665,0.946260066814436,0.9457679172986826,0.9508192030274408,0.9571407131830316,0.968085385093958,0.9682239817474083,0.9235010620206033,0.9629107210824142,0.8467980301674036,0.7730822048292789,0.9466012910952041,0.9454412303140595,0.7986634754427311,0.9524914862189305,0.9535553737553768,0.8963913593275539,0.9761175809223069,0.835026429599044,0.5663076998810405,0.707743487367677,0.856875978810697,0.8459805157088158,0.8395440709143915,0.982128939481334,0.9823138533496739,0.7667045875759162,0.7202022711876186,0.7833424312055292,0.4021253571301339,0.7733173215474739,0.7901709394457039,0.7884045345307437,0.7875529402136755,0.7680722099383398,0.7397609208030848,0.7211703162579873,-0.3059199284794504,-0.45636492680106533,0.6715039219496697,0.8807252781966104,0.9198190180713127,0.9324196735512725,0.9029864377613089,0.8140199476266228,0.9022675564086277,0.9210180640814035,0.920001793862342,0.7574563327368877,-0.09848392931069172],[0.9700162773928404,0.9861840705006066,0.9909542112876745,0.972201360498814,0.9841690467808312,0.9929249734662537,0.9570077295556257,0.9677434508485456,1.0,0.9827919110411782,0.9872124426478276,0.9895903187390939,0.9714014218166537,0.979729110107761,0.976309118674408,0.9742648332263869,0.9494863896748867,0.9791006114875195,0.9770412432431221,0.9770001654363609,0.9812731953831556,0.9761642596689392,0.9939438049205821,0.9930787619761229,0.980568475519142,0.9892619968531263,0.9836676222366102,0.9902659182055047,0.9906649965276338,0.968860266173885,0.9275188831635052,0.949110129433423,0.9660204446222574,0.9513496487975296,0.9707041389898075,0.9791514908631334,0.9758088326471658,0.9781699338879075,0.9879181980433939,0.9803047990564274,0.9668151356762728,0.976287279710297,0.9715654290851445,0.9705307935760372,0.9989921474560776,0.8940711572275172,0.919623530423429,0.9472277758883652,0.9375654535938507,0.8675784565521311,0.8850823473941518,0.8834698221733407,0.8890244511086518,0.913265248587355,0.8937382353247184,0.9283528802118817,0.9445158012481306,0.9500103655158502,0.961064204323642,0.9027794935832805,0.9676306998393138,0.9452570064022227,0.9657012472448558,0.9452622577424131,0.9010737151932947,0.9154560350991409,0.942575356866193,0.9149870112020947,0.8784169185511331,0.8826590092819833,0.9672535426797415,0.9198855058689596,0.9433600854793188,0.9057017897107257,0.8234713148907672,0.8493630942264422,0.7303678575105478,0.8688685774725584,0.8799732073040002,0.8936274151746015,0.8419745965113,0.8604678817160848,0.4039915852173081,-0.5200834504170376,0.9571001330596025,0.9527730316687556,0.9494313593972835,0.9012665279482777,0.9474306686003414,0.9551145465604671,0.9545175878223954,0.9380019690278716,0.9398837986654073,0.8716284423006728,0.7780254295963757,0.9380584742179648,0.9606520599311207,0.8006740139681885,0.9338220520703944,0.9355309930413543,0.8507584434040469,0.9675604132364867,0.7412983567416672,0.45607076699454335,0.649101557736163,0.773802950512873,0.7748349304532762,0.7520138078499032,0.9668678470355909,0.9668547344297348,0.6957122123533692,0.681975528231217,0.6754800241848609,0.39473905736396553,0.6871280199636655,0.6922191639413757,0.6751598046479987,0.6915673918926131,0.742046750339162,0.6819587707230618,0.6658849163069966,-0.347499825824248,-0.4835189515474959,0.6816025857685525,0.835378938029808,0.8316478370128547,0.8599577133458487,0.8549995138094699,0.7498819851534065,0.8127867236837107,0.8372602103815261,0.8313066699235448,0.7045299178493456,-0.035636755061023935],[0.9965081959608518,0.991920806028248,0.9930652520778807,0.9969539598783757,0.9985576109506884,0.9830489585317771,0.9996174896138956,0.999999830316558,0.9827919110411782,1.0,0.9999991339842579,0.9997650227894583,0.999998527164893,0.9999915977826659,0.9999977721489273,0.9996825410820677,0.9978665595768227,0.9994573615303852,0.9998840622112335,0.9998840655709508,0.9999774351983142,0.9999993186662205,0.9937425327917958,0.9779404110938514,0.9961974256740558,0.9739356184381331,0.9962808599421307,0.9908030710773098,0.981029563976856,0.9536519202993907,0.9896646098398147,0.9937224336839057,0.9898813562129677,0.9691706977741157,0.99950010750181,0.9995663237410609,0.999578876384863,0.9998332039522744,0.9992454916523326,0.9995160072178811,0.9984594566850231,0.9988859909681403,0.9995054931641073,0.999500792247953,0.986381258816116,0.93295324725394,0.9500108731226202,0.9540785403411501,0.9387286601332125,0.8916375490956154,0.9465927538864193,0.9365831845264881,0.9502664298494874,0.9551119942958751,0.9451099237947481,0.9786794824416142,0.978468599590041,0.9914258544695749,0.9966680302246282,0.973052124007559,0.9604496006745367,0.9731226864940615,0.9718219473516916,0.9735979458283452,0.9733616700129405,0.9389913347890397,0.9538116022365097,0.9520825732001087,0.9517788175146071,0.9097701746157595,0.9663537863102233,0.9652790374219468,0.9710544110619431,0.9701031406661955,0.9262063047625929,0.860707968487025,0.8196687876302469,0.8747814551378639,0.9114347106860811,0.8991428850356569,0.9048309054269483,0.9040252791401939,0.7207462178562426,-0.5933760253277908,0.9618881515311711,0.9462540401471793,0.9457731699673115,0.9741234435159731,0.9526606914063613,0.9678102088120343,0.9674653666589558,0.9244496525995526,0.9694416276357295,0.9270174281506169,0.7730889434249785,0.9463158187999343,0.9571763042108716,0.782563938245319,0.9462353915525156,0.947464447407005,0.896464160250251,0.9753080931546404,0.8971407924944811,0.4651587620707263,0.6840605526448577,0.9029582112055486,0.8544525638540719,0.8987299209782714,0.9820859194091252,0.9823022517098752,0.7667737258821071,0.7199115445133545,0.770051780402587,0.4022430251936676,0.7253221902890196,0.7748414389624967,0.770318291213616,0.7372612392318836,0.7677883853372643,0.7396708863140332,0.7210494683389586,-0.5245067486515842,-0.6070995928378263,0.6707053629745121,0.8807426390531672,0.9194389487888525,0.9362973258114368,0.9030223155686976,0.8104727716519416,0.8974555672744824,0.9131218221050914,0.9125925891889041,0.8029248384977103,0.12775654093328923],[0.9946797793415121,0.9919388722455145,0.9970385466855063,0.9953522876147147,0.9981641970091596,0.9788919466671777,0.9995783073163703,0.9999993152548804,0.9872124426478276,0.9999991339842579,1.0,0.9997647895574708,0.9999963666289714,0.9999947968169975,0.9999983276555365,0.9996657036491127,0.9975374374316118,0.9991947167341548,0.9997853458870852,0.9997853404587085,0.9999984246043633,0.9999983551066551,0.9929885963653939,0.9735501547095334,0.9952638270687617,0.9819514081978158,0.995850452760616,0.9908177068451431,0.9831859918692605,0.946133445390191,0.9887541521852898,0.9931593870825636,0.9835575132827519,0.9440277147626804,0.9992762307711253,0.9993321011412468,0.9992714851511273,0.9998936003381336,0.9992286523524478,0.9992816527547753,0.9979044844443357,0.9984843531438508,0.9992496122385655,0.9992472302698719,0.9885691437922807,0.9326559320644244,0.9162204429465518,0.9540231967103414,0.9386325948214213,0.8913224209375876,0.9153856172155357,0.9053797118062397,0.9198967317844345,0.9285846050063175,0.9137654685129538,0.970850955874017,0.9708269313678239,0.9906922298792789,0.9951580381855192,0.9655077304421148,0.9605685521144276,0.9613108632772073,0.9624531441328241,0.9627883354409905,0.9625224241289816,0.9150061048267288,0.9437202244046524,0.9199825006253447,0.9195268553292048,0.8418857511167005,0.9641287587575299,0.9697432886450997,0.9661607245387928,0.9650654686977339,0.9180954206714274,0.7921654592730384,0.7534317737041248,0.8362450009638248,0.8900015020354028,0.858151741431531,0.8740244474567502,0.8726686288023556,0.7196651067021789,-0.40472772070958585,0.9490718846462479,0.9463860726531634,0.9458668197603012,0.9666729056332614,0.9393221261217775,0.9519181345937636,0.9512807437754811,0.8958832282438588,0.9547488162790567,0.9007302456381074,0.773244416284152,0.9466367246861996,0.9608170972354815,0.670922607721708,0.9048968702210345,0.9076487896957454,0.8529859326265309,0.984792136895605,0.8406788539447165,0.12538417709600844,0.5338838364781686,0.852881865565795,0.8190994378188325,0.8474287569495735,0.9855449528193202,0.9855649799390432,0.5219139027893521,0.6313225699388839,0.5294627366636359,0.4021666413639589,0.49595601914198223,0.5407127166256096,0.5308460938102788,0.4682311685377876,0.7560979239114533,0.6030967465375868,0.5639629392563982,-0.4869084764986654,-0.5438546244538932,0.6701170116416089,0.8599084090849024,0.8725999557729123,0.9044385508320023,0.8965675133632277,0.6701064069180853,0.8437038572896733,0.865265165382925,0.86454523334634,0.6109189674048066,0.07484610801055687],[0.9941588812915129,0.9934910607380798,0.9962042704696258,0.9950319561829952,0.9981643442065578,0.9780128973027089,0.999601647122843,0.9997604205403823,0.9895903187390939,0.9997650227894583,0.9997647895574708,1.0,0.9997782450101492,0.9997637219432153,0.9997700518205639,0.9996678549075698,0.9981754927464952,0.9993948750750163,0.9999697930065655,0.9999694904035835,0.999769163248947,0.9997746754098271,0.992538707758031,0.9702275865718537,0.9940388903726333,0.9826060459579893,0.9948297505560871,0.99335867487556,0.9792853643144678,0.9270285326903098,0.9913847029708898,0.994202963019087,0.9790212623490574,0.9250051873661204,0.9994070952575251,0.9994556704354355,0.999416062809308,0.9995820245101188,0.9996069345176745,0.9994326987854998,0.9977722858419762,0.9985156026360414,0.9993943736970113,0.9993912252458403,0.9898374850991555,0.928120198600765,0.9022361763485515,0.9511443168403081,0.937752668240973,0.8913454774675307,0.8797401700862503,0.9179630453872815,0.8833898810094369,0.9044145807136059,0.8779470627524242,0.9584102319592819,0.9583950638245565,0.981788415338621,0.9945843213680198,0.9645205037079911,0.9652929846300901,0.9571665095276448,0.9604354127604665,0.9598439426993559,0.9596624241276834,0.9154050912941132,0.935548088176961,0.9061458587976158,0.905987205523272,0.8260601510882958,0.9630303170524726,0.9651601511511174,0.9652415238411068,0.9646360881888238,0.9248550281877597,0.7404801492591782,0.6982520552804684,0.8009226714620417,0.8672315080014549,0.8208958147286757,0.8448459669713261,0.843991834646921,0.697709046081067,-0.29534481541102503,0.9435414444356387,0.9490430115255379,0.9432303935402438,0.9653361725292912,0.939805218684796,0.9472441411165311,0.9464265521240073,0.8938579093509772,0.9497669920444801,0.8975097243236208,0.723896491428176,0.9440786096108073,0.9385300909963669,0.5387709816515363,0.8480097037832812,0.852700913003873,0.7469640876100302,0.9783888201398933,0.7230388118383025,-0.24438610700970567,0.26887669696386574,0.7468637542468969,0.7022905108017032,0.7405303671799698,0.9795612120261171,0.9796548270665898,0.2063095201530718,0.3649420357457983,0.21202555516615235,0.18338607416636699,0.20395841857615654,0.22011876540434994,0.21776461355148458,0.13414552240860336,0.5504327392238119,0.2841204645025966,0.2318196399919694,-0.5029492591809416,-0.5486121049204116,0.670988424439263,0.7549624567150189,0.778755360753883,0.8424293881140567,0.8246225231620139,0.5693119034515097,0.758675484602,0.7734772829155567,0.7724117221495819,0.42714916471074277,0.2653002781810802],[0.9963430036498566,0.992033104216968,0.9902597184714089,0.9967322441500633,0.9985786267915805,0.9834649629440828,0.9984467690914558,0.9999970769741544,0.9714014218166537,0.999998527164893,0.9999963666289714,0.9997782450101492,1.0,0.9999911928809406,0.9999976840053115,0.999376821279994,0.993194290608224,0.9995004320991067,0.9999187746702554,0.999918656601499,0.9999721110525494,0.9999989706166377,0.9910626270088471,0.9761060717823103,0.9936033763255184,0.9461844172432411,0.9941223697523658,0.990920592790441,0.9764650529416403,0.9522907259366662,0.988911370815962,0.9939629509368644,0.9923594089166716,0.9726414712515665,0.9995147086136087,0.9996132372492096,0.9997072545920854,0.999744540906231,0.9992924929215655,0.9995493238134899,0.9983278875387362,0.9989103216893357,0.9995866695027783,0.9994551806834234,0.9817770072904201,0.9333514628718073,0.9501523645099085,0.9539966733183483,0.9387116308264557,0.8921569575290901,0.9562431960251475,0.9424158187259042,0.958240958006678,0.9572902272351989,0.9474634492014047,0.9800032729026654,0.9786272171539592,0.9909791821346884,0.9969480385125101,0.9468081410939759,0.9604133341353903,0.9684684655674652,0.9718443836034282,0.9703355424245907,0.9498343366237139,0.8988300421020013,0.9538836171188962,0.9571473083970156,0.9379761947850249,0.8865380327841739,0.9663830430361061,0.9380741532288308,0.9646351926477318,0.9474903944840317,0.781843313116687,0.8609762178568288,0.7878905771091674,0.8752041804647239,0.8920630348955576,0.898966082972899,0.8785058287617576,0.8879551462136404,0.35524158639883097,-0.5869811680102552,0.9619445123597672,0.9464272026810405,0.9459194462536882,0.9510342777324589,0.9572603135951658,0.9682159477257712,0.9683574135384323,0.9235198172452602,0.9631393729819203,0.8468396924339596,0.7731650590422907,0.9460212961686629,0.9449411691124662,0.7987274662227288,0.9525064848915883,0.9535613500695197,0.8967362779242207,0.975977395947173,0.8355184951146534,0.5674006247277233,0.7084017318947666,0.8573551713250779,0.8465165891099325,0.8400297341805322,0.9820687506238429,0.9822537139490407,0.7673258410757954,0.7207237798605471,0.7839555760872182,0.4027820836980181,0.7739909419214638,0.7908660267383146,0.7890308784420329,0.7882658648210913,0.7684216541282133,0.740214990755109,0.7216415620054193,-0.3049911288707868,-0.45554170805145616,0.6719617814149654,0.8812547523681211,0.9202952184704342,0.9329631437974593,0.9034753984531392,0.8145954690127811,0.9028571788475906,0.9216052291071833,0.920578610930373,0.7581449007951873,-0.09952085018381866],[0.9963801342838979,0.9919179053849968,0.9924164641323553,0.9968555376159873,0.9985891767979324,0.9839808160137464,0.9994837256964194,0.9999927473539489,0.979729110107761,0.9999915977826659,0.9999947968169975,0.9997637219432153,0.9999911928809406,1.0,0.9999950684696836,0.9995675601848167,0.9978149580023282,0.9994586834947359,0.9999042055508399,0.9999032432327475,0.9999539956094141,0.9999914434174791,0.9929967106469295,0.9765164202771904,0.9959097033824709,0.9679316001643806,0.9956900029217816,0.9907811133035044,0.9768728285045447,0.9524528576026018,0.9892155477627536,0.9939937647597797,0.9916507347745642,0.9721730151055686,0.9994919941783397,0.999566339594172,0.9996264324933083,0.9998882676009495,0.999255915606157,0.9994983334119135,0.9981885801643955,0.9988324882166391,0.9995111790003719,0.9995042861838856,0.9842907041980413,0.9331007652904406,0.9499105163114364,0.9540078359051227,0.9386526540583356,0.8916082703982814,0.9507998709838874,0.9351212810349163,0.9530813325923991,0.9566463907585276,0.9467123496937601,0.9784220289241018,0.9782980540797709,0.9902506051941382,0.9969380511410832,0.9735289496216114,0.9602083306567031,0.9736794510721917,0.9718298835176453,0.9746260509007838,0.9743790256007787,0.9477568696987151,0.9535360710141467,0.9562977771680472,0.9559725165048735,0.9255761108911011,0.9663836229647497,0.9681364134971513,0.972819581444311,0.9717615584952947,0.9349334280124174,0.8604306597640232,0.8253688774379291,0.874577814632846,0.902836091541309,0.8986572106518648,0.8993559116628138,0.8982169713070987,0.698343897812431,-0.5874836924079708,0.9619101584158776,0.946127981272258,0.9455155321143969,0.9746162257474218,0.9573172018490159,0.9681500179603413,0.9682476069112937,0.9238199383105093,0.9690764244205667,0.9352394847854345,0.7729872713805205,0.9460702619180164,0.950291922240477,0.7979047371619978,0.9523568426075778,0.9533610817114904,0.8963352672507265,0.9763193357380803,0.8845903690020815,0.5665123519113935,0.7072180636124031,0.8923802910085976,0.8594124308358075,0.8832471524262754,0.9823342003460648,0.9825476207568465,0.7658910022206565,0.7193851115310054,0.8020018003577293,0.40224010072943484,0.7794884922499724,0.8064778114779452,0.8010071280696971,0.7876890367061349,0.767877672981708,0.7383747708893331,0.7197953373532717,-0.3960297283463418,-0.5176643844527942,0.6700318017580568,0.8807385341686516,0.9164707024873829,0.9282798352465783,0.9033567848319062,0.8130235985317357,0.8899972395107787,0.9094914048533065,0.9090822033462458,0.8396148559628993,-0.06624926553553434],[0.9962797737662642,0.9919765353658063,0.9904571154678357,0.9966860974096174,0.9985871339379946,0.9836869383693924,0.99919995651734,0.9999982528956769,0.976309118674408,0.9999977721489273,0.9999983276555365,0.9997700518205639,0.9999976840053115,0.9999950684696836,1.0,0.9994664351124029,0.9970923635661131,0.9994765425177423,0.9999124731741984,0.9999118982450125,0.9999661255113508,0.9999976302814979,0.9912227550220879,0.9763574235584611,0.9952674638114879,0.9595366205766273,0.995070186680845,0.9908777920539367,0.9767163943424694,0.9525085839243159,0.9913813321913034,0.9942278514915646,0.9922261603226973,0.9724257781660995,0.999483384086338,0.9995749317915331,0.9996838873593437,0.9997602410515474,0.99925993870657,0.9995058360368134,0.9982662573089832,0.9988591585398963,0.9995536040726218,0.9994241256599814,0.982016029293437,0.9331474533141464,0.9499931274083316,0.9540398499946294,0.9386729223047554,0.8917863172102021,0.9559626983813445,0.942150092223728,0.9579880016131379,0.9568951946165052,0.9469797213573341,0.9797708372904125,0.9783792890104025,0.9908082089213599,0.9968311573559411,0.946828829532663,0.9604299443160338,0.9684213991551798,0.9718564958100765,0.9702767293099253,0.949434939430645,0.899038718427024,0.9536267544184776,0.9568740704450083,0.9378022099176565,0.8864368612178581,0.9665035947815416,0.9382559758424458,0.9646689299918625,0.9475447840479885,0.7822336468426673,0.8606676343923685,0.7876785348203599,0.8749551749208931,0.8919950340641292,0.8988262404587548,0.8783226158085637,0.8877903028927352,0.35544489972235194,-0.5866298382478559,0.961918425525627,0.9463760396212182,0.9458744246950889,0.9496202530577811,0.9573121912566112,0.968166744305065,0.9683020304224488,0.9236902167830915,0.9630743777717921,0.8470569642359297,0.7731074759322691,0.9463225686618982,0.9453461884042488,0.7986684969093233,0.9524211940316927,0.9534892740757409,0.8962102971083744,0.976133934740281,0.8350555452793332,0.5661312015166516,0.7076302324522035,0.8568832433601162,0.8461008592419026,0.8395699491778021,0.9821660905275345,0.9823480160803996,0.7663199269928513,0.7198694544360283,0.7833210063491611,0.4023743560334353,0.7732939577299683,0.7900904234796936,0.7885569149386743,0.7874532148995961,0.7679933591444245,0.7390312766161429,0.7204748200162077,-0.3057353455979462,-0.45617599197301645,0.6717392582230747,0.8806323802097378,0.9199388149174174,0.9324577207958061,0.9030277663954751,0.813815072621733,0.902465610993259,0.9210506945930778,0.9201507475406517,0.7575473330703201,-0.09874917437216987],[0.9977253295664056,0.9941055570694433,0.9899060181432279,0.9979844281075441,0.999079308280284,0.9833540205666008,0.9998924612991488,0.9993292265527118,0.9742648332263869,0.9996825410820677,0.9996657036491127,0.9996678549075698,0.999376821279994,0.9995675601848167,0.9994664351124029,1.0,0.9984175272610947,0.9998521942032911,0.9995542963226881,0.999559054988093,0.9997708408221575,0.9995401981375046,0.9908598659597525,0.9753011252349663,0.9939210050971428,0.9520204032052869,0.9935726414931522,0.9923971520632691,0.974870136873472,0.9530380026970906,0.9918018523362887,0.9926564602775068,0.9930985923424895,0.9745230069069916,0.9992784874229222,0.9997357391479345,0.9997198286395343,0.9995747918885448,0.9996050677596622,0.9996914182304252,0.9988537565941826,0.9995872906539564,0.9995129344062481,0.9992750023426233,0.9806162868158999,0.931651804011334,0.9521055716904524,0.9509123453159902,0.9395354686396915,0.8985336223960505,0.9580076494676604,0.9466636143133186,0.9603195532869302,0.9610176782786779,0.9511783094454623,0.981749425374481,0.9804315329641969,0.9917642791140097,0.9963476947060823,0.951440015822935,0.9642022202811216,0.9735035121071732,0.9744919893017672,0.9750932253815217,0.9523123640000818,0.9049914249083978,0.9571560879098128,0.9622953194996064,0.942825539125888,0.8954239356330315,0.9690450506958809,0.9433112681453534,0.9691276437453099,0.9519841905556975,0.7909632683170893,0.8662899221329361,0.7921343815581973,0.8804793042029614,0.897146975759745,0.9016879805832985,0.8821320947835606,0.8931540466446934,0.36692466719524447,-0.5836530114505006,0.9653121851464714,0.9513417396975088,0.9506061919280739,0.9537867547905317,0.9613355227839115,0.9714522428497169,0.9715346581562464,0.9281702514225444,0.96841818097006,0.8550648501443163,0.7748474638597983,0.9368824357476622,0.9373758564251352,0.8011560041688266,0.9524890193450581,0.953370985763406,0.8964103840908548,0.9726540897149106,0.8343146974391908,0.5760064845075709,0.7127680704125764,0.856