var config = { responsive: true }

var correlationClose = {"data": [{"type": "heatmap", "z": [[1.0, 0.9999845018433322, 0.9772177996854715, 0.9996902852603698, 0.9972634974259978, 1.0, 0.9901596794788358, 0.9854102420860292, 0.9907531910759537, 0.9726186817433038, 0.9795251683963659, 0.990207160856863, 0.9903671121013456, 0.9902770066565008, 0.9903300744938316, 0.9931955339435865, 0.9934239911365593, 0.9913659680130765, 0.9913526694152598, 0.9913343792117242, 0.9901964201389218, 0.9772682594478691, 0.9641401580480995, 0.9762846421539407, 0.9762582418564733, 0.9512876509834288, 0.9526805052018575, 0.9434738642661477, 0.9898891976876523, 0.989846456405047, 0.9857504449786038, 0.9740013614157209, 0.9933124736234641, 0.9942425833505923, 0.9933299544885604, 0.9915652904921934, 0.9859244935739219, 0.9939261498277567, 0.9938736018400567, 0.9948013634829799, 0.9935188825232094, 0.9935063001439127, 0.9935188825232094, 0.8958071062964665, 0.6898469630543242, 0.8605080228324584, 0.8895316554431042, 0.8074604254328182, 0.9636082205516886, 0.9289609341417199, 0.9540386309070874, 0.9489743100250707, 0.9520357783175402, 0.9779901373557577, 0.9719319897966954, 0.9082911348769207, 0.8980836221174897, 0.9280091247145127, 0.8992915821745909, 0.9244356588376311, 0.9253136820918506, 0.9244356588376311, 0.8310656043199485, 0.9024289665309982, 0.9036149059397082, 0.9024289665309982, 0.8839559580060844, 0.7114181924370551, 0.8604745175680294, 0.8622834674049646, 0.8604745175680294, 0.6001131519821552, 0.48716546685263007, 0.5750509086732115, 0.7281850088605842, 0.46404148423825164, 0.5280010394118955, 0.5299728054737647, 0.5280010394118955, -0.5986423497217596, 0.8712415942150035, 0.9018327463459862, 0.8835040575175467, 0.9098183241754662, 0.9346478487498073, 0.8693239132675247, 0.8707555999084456, 0.8693239132675247, 0.881706429050786, 0.881706429050786, -0.1733573466699228, 0.5122859703559137, 0.210288906465799, -0.5170419219214787, -0.545823879833249, -0.5496325098621718, -0.001480502331139119, 0.03464278997910757, 0.2838822016946875, 0.18831801491358674, 0.11210061674854349, 0.08678775815493031, 0.11350531973895482, -0.17929334435753932, 0.1035467560126055, 0.1038161102168477, -0.5193185776219263, -0.41567955068620144, -0.17917018321063824, -0.46144883386328134, -0.3447353635719948, -0.31977655277838596, -0.31034168509916993, -0.31977655277838596, -0.16839192686734233, -0.22458555728202745, -0.22458555728202745, -0.5259004622815799, -0.5259004622815799, 0.3999303018440175, 0.6678916935146597, 0.8780971359341798, 0.8562173017906717, 0.7955315128479392, 0.6760067421512986, 0.7758883625676194, 0.8167030124150261, 0.816922034205715, 0.8167030124150261], [0.9999845018433322, 1.0, 0.9645859170887647, 0.9991187169818532, 0.9928055845875123, 0.9999845018433321, 0.9748061141276327, 0.9644075323919156, 0.9745399093453802, 0.954912452752235, 0.9769778806581148, 0.9748602145815328, 0.9748121172915475, 0.9746063807114962, 0.9737362163907035, 0.9834191806072476, 0.9819196118950622, 0.9809954830951028, 0.9809614314825643, 0.9749376018481342, 0.9749265324846131, 0.9798341150831917, 0.9639524835048852, 0.9668827730556919, 0.9669667015408613, 0.951626700833579, 0.9718420833614936, 0.9241637254701894, 0.9738582561524962, 0.9739188988404305, 0.9701197942818702, 0.9158749677346796, 0.9858559212878112, 0.9859640961053081, 0.9868308544404534, 0.9774982731770856, 0.9839719532691156, 0.9858443320496101, 0.9865814694703606, 0.9863576050573328, 0.9869587099152368, 0.9869343024494295, 0.9869587099152368, 0.8960251896114267, 0.5994097213339716, 0.8615134322516776, 0.8905601816173917, 0.8066583397636025, 0.8606261456834663, 0.8810454455200891, 0.8503478551779404, 0.8684266159997992, 0.856844707378693, 0.937001777166457, 0.9370648983978809, 0.911663349076244, 0.9230688555130765, 0.8975666313661361, 0.8972595689544154, 0.905056306833236, 0.9059011040557158, 0.905056306833236, 0.750645075767124, 0.7108610861813803, 0.712917716503637, 0.7108610861813803, 0.9165382069686834, 0.9224101161375777, 0.9162211237123115, 0.9176314352490301, 0.9162211237123115, 0.4097862774025162, 0.354461279381165, 0.4771279694266626, 0.5781325562650568, 0.45364709966955136, 0.49954857657005275, 0.500837080020195, 0.49954857657005275, -0.19873194021667784, 0.8490027927994956, 0.8891688813062775, 0.873921962052329, 0.9196113471069229, 0.921195608953863, 0.8419638608869033, 0.8424298507540593, 0.8419638608869033, 0.8543993251877124, 0.8543993251877124, -0.2808923601871148, 0.5132986868663238, -0.3766330154413544, -0.45877549574496357, -0.45840033130070906, -0.4618218581978746, -0.26970549567258134, 0.20575105301172575, -0.1864361123243089, -0.3466134901612058, -0.19787973018189425, -0.25255485134203237, -0.27698969636609444, -0.3055709830955414, 0.07755515971391747, 0.07222691049317886, -0.472548269674883, -0.42449824350913345, -0.4522650417376137, -0.4821056404310227, -0.4745851793759367, -0.45528215160884394, -0.4585019107383157, -0.45528215160884394, -0.3529212445166861, -0.4806454010633966, -0.4806454010633966, -0.45976165187550805, -0.45976165187550805, 0.3995413387629632, 0.4354812601529984, 0.5278686866485252, 0.6116330467429086, 0.5882675641224367, 0.26488630649290273, 0.4043949651599763, 0.3992479671672194, 0.39937122693949423, 0.3992479671672194], [0.9772177996854715, 0.9645859170887647, 1.0, 0.98127348995355, 0.9909637958932253, 0.9772177996854716, 0.985349273366121, 0.983456953578555, 0.9922695630627586, 0.934252001601849, 0.9963476214452325, 0.9853013308906268, 0.9828065402790662, 0.985066913936539, 0.9849659930084612, 0.9881151054255792, 0.9891286973028953, 0.9827860031760396, 0.9827698872616567, 0.9907876064005496, 0.9852099111488255, 0.9905582007407635, 0.9790548206709224, 0.9828252329674376, 0.9828417914584682, 0.980024161734865, 0.9773776587209313, 0.9463099100979363, 0.9669836858928558, 0.9670553809621947, 0.9718416176061896, 0.9472802160596923, 0.9812527981939134, 0.9877290891045235, 0.9795749198284698, 0.9826450745519746, 0.9934450603569637, 0.989693738483638, 0.9793706185557444, 0.9867669271050745, 0.9809299898044694, 0.9802223737480004, 0.9809299898044694, 0.904216540408254, 0.6052257512396784, 0.9053078499609953, 0.8725208178867057, 0.6538503569658682, 0.9067008521040447, 0.8570671117880306, 0.8942207947061122, 0.890887883285436, 0.8980363588131397, 0.9290134098345382, 0.9385519890763467, 0.7411665392226336, 0.803463368572879, 0.8169956019278926, 0.8383079396258903, 0.8092604072137718, 0.7776602196286923, 0.8092604072137718, 0.723865693150695, 0.7638289345963846, 0.7633635461327931, 0.7638289345963846, 0.8308188731768478, 0.39851940543443015, 0.5897263235686954, 0.658743178805758, 0.5897263235686954, 0.4942804390494552, 0.4629309763653089, 0.45913781964659306, 0.6188390408149592, 0.3979226539002305, 0.4268622727177951, 0.39358411018713013, 0.4268622727177951, -0.5897219732145877, 0.7972194238791694, 0.7777275296993693, 0.77904447464079, 0.7556181264826786, 0.8829928467531075, 0.8028165712331098, 0.805314714085586, 0.8028165712331098, 0.7470470658443613, 0.7470470658443613, -0.281317476066848, 0.7047133089834938, 0.16312487035546516, -0.6122605774168198, -0.6370330681321473, -0.6398884377962433, -0.11372511550869194, -0.005545899637728302, 0.2812699670473595, 0.053981554380416304, 0.005326767245012802, 0.03863540252834881, 0.004359398228177346, -0.17535691228936512, 0.007346729555589563, 0.007324739553764832, -0.6092263457397902, -0.5289654863390882, -0.13480852500711396, -0.5842708808448122, -0.4414751258596033, -0.40532037098308765, -0.23703713957989586, -0.40532037098308765, -0.29285544459946505, -0.36017347160612645, -0.36017347160612645, -0.628148204600552, -0.628148204600552, 0.3155740629022087, 0.5728062988668453, 0.7841852723453361, 0.7630585704434697, 0.7319964508122541, 0.5688406738434266, 0.7095667391102374, 0.7166332958732082, 0.7486632748746054, 0.7166332958732082], [0.9996902852603698, 0.9991187169818532, 0.98127348995355, 1.0, 0.9985086976241239, 0.9996902852603697, 0.9918643112865065, 0.9875997483496202, 0.9928740060751559, 0.9703777639738449, 0.9852821527081806, 0.9918990376057136, 0.9919868782570453, 0.9919393341504564, 0.991981225427354, 0.9948285196703609, 0.9949862019053175, 0.9928274118459307, 0.9928164159145224, 0.9932198606155394, 0.9918797898398065, 0.9806513574745385, 0.9672705049017367, 0.9793742921052899, 0.9793487644992407, 0.964128211698024, 0.9572611581040651, 0.9447935179108576, 0.9897894976020094, 0.9897578362705831, 0.9866695577336825, 0.9733944910275538, 0.9941931746183535, 0.995460902472991, 0.994162996436087, 0.9928169662677758, 0.9901835447902629, 0.9953970927181075, 0.9945616068537045, 0.9959437377379322, 0.9942940640584838, 0.9942857855620862, 0.9942940640584838, 0.8949482702733694, 0.6771502113389778, 0.8701143501904787, 0.8844325131990918, 0.7837512216754849, 0.9577246706582084, 0.9209985952087034, 0.9471693373953693, 0.9432340361271443, 0.9470112420351082, 0.9737430176785407, 0.9691701828940543, 0.8821180989399651, 0.8875640785492738, 0.9118065955781317, 0.8934370678492054, 0.9031936778220859, 0.9044085096082126, 0.9031936778220859, 0.8201620920434189, 0.888160514644429, 0.8894688994451019, 0.888160514644429, 0.8786567964329619, 0.6390656375604327, 0.8126194882323753, 0.8144739680030709, 0.8126194882323753, 0.58927854436722, 0.4588472262165131, 0.5620447976135671, 0.7090743999405267, 0.45670794175526375, 0.4943776308132374, 0.4970778680947585, 0.4943776308132374, -0.6004061246285652, 0.8635548827869836, 0.8891097541937073, 0.8719196124761271, 0.8809514344932625, 0.9304320976323478, 0.8627780009356439, 0.864397425914784, 0.8627780009356439, 0.8577547548520021, 0.8577547548520021, -0.18037205808477333, 0.5435176191189478, 0.2150650118265252, -0.5257646080764885, -0.5541333693782584, -0.5578494190238745, -0.014456948310944323, 0.028476517774704904, 0.2765097851058024, 0.175566835890628, 0.10118024227118382, 0.07991126969495854, 0.10718447027199736, -0.18755486404843244, 0.0915245539299508, 0.0918415644723667, -0.5272950645557993, -0.42732117100779493, -0.18121913856134278, -0.4749547609170192, -0.3474176114339884, -0.32183460162973604, -0.3129621651346926, -0.32183460162973604, -0.17851206579200019, -0.23536682524999744, -0.23536682524999744, -0.5374771358852654, -0.5374771358852654, 0.3837088033239238, 0.6556054510618606, 0.8706725062959139, 0.8488261004102692, 0.7882022317439688, 0.6672312629702114, 0.7671372815267234, 0.8082820162493527, 0.8085147371274464, 0.8082820162493527], [0.9972634974259978, 0.9928055845875123, 0.9909637958932253, 0.9985086976241239, 1.0, 0.9972634974259978, 0.9965322120546276, 0.9943312009300314, 0.9967171501444083, 0.9590575378540022, 0.994713320508251, 0.9965521008557873, 0.9966523072980575, 0.9965857442861775, 0.9965893107184044, 0.9976715821490696, 0.997267727661863, 0.9971740566592641, 0.9971709302649435, 0.9965463053901802, 0.9965431517857454, 0.9930520351091867, 0.9798348880068876, 0.9896675914031502, 0.9896197561464257, 0.9811256047085807, 0.9788368866031282, 0.9485475099579012, 0.9882770543691001, 0.9882159349526894, 0.9875576282081056, 0.9640128502526784, 0.9976556816076411, 0.9976007206401429, 0.9975058793513061, 0.9970447159364788, 0.9968977117106056, 0.9978199798065882, 0.9979294440045795, 0.9976712329244213, 0.9976291237011925, 0.9976340057083576, 0.9976291237011925, 0.911436314456381, 0.6388341218518919, 0.8953074584906142, 0.8869127810607045, 0.7465050351485797, 0.9364896168515173, 0.8938262955497245, 0.9250801070345016, 0.9282698541616062, 0.9353972915042065, 0.9670037955287524, 0.9671120273425747, 0.8727384814033768, 0.8617010367357802, 0.8935652450962126, 0.8764072172758, 0.8913826208872274, 0.8919102314174003, 0.8913826208872274, 0.786856214693409, 0.8243906418811857, 0.8259612041757227, 0.8243906418811857, 0.8633947060792837, 0.7444962898938754, 0.8428414553775735, 0.8440236919155162, 0.8428414553775735, 0.5365660347353491, 0.39752791055153264, 0.5179560529671865, 0.6951042464640876, 0.5117032978566868, 0.4878019557910115, 0.4879557238442757, 0.4878019557910115, -0.5892160472243609, 0.8397620584781699, 0.8531268873450426, 0.8401059123640157, 0.8836726615627908, 0.9031716037676829, 0.8419896217176569, 0.8435543604600158, 0.8419896217176569, 0.8506750324097622, 0.8506750324097622, -0.22654935934844272, 0.6114653178158608, 0.07007277080838589, -0.5831298821291959, -0.6162245945492123, -0.6166568464918624, -0.05248589370058899, 0.048832560976158346, -0.12334384868473712, -0.07715545446440761, -0.05303778717186619, -0.2971913460732172, -0.3502211446011416, -0.4950292318462024, 0.0551093214125193, 0.055254251034564605, -0.5602783919037373, -0.4682671158349334, -0.48919856780953513, -0.5220325071666166, -0.5785959257404183, -0.5487073132665213, -0.5511536355844648, -0.5487073132665213, -0.22551835380415142, -0.2766883349085441, -0.2766883349085441, -0.6428800591271027, -0.6428800591271027, 0.3595263703535885, 0.6329985695964958, 0.8184800501592072, 0.7910185182701072, 0.7745894995612328, 0.5947676199122842, 0.6156218903796183, 0.6993495133637345, 0.6997275121279879, 0.6993495133637345], [1.0, 0.9999845018433321, 0.9772177996854716, 0.9996902852603697, 0.9972634974259978, 1.0, 0.9901596794788358, 0.9854102420860292, 0.9907531910759537, 0.9726186817433038, 0.9795251683963659, 0.990207160856863, 0.9903671121013456, 0.9902770066565008, 0.9903300744938316, 0.9931955339435865, 0.9934239911365593, 0.9913659680130765, 0.9913526694152598, 0.9913343792117242, 0.9901964201389218, 0.9772682594478691, 0.9641401580480995, 0.9762846421539407, 0.9762582418564733, 0.9512876509834288, 0.9526805052018575, 0.9434738642661477, 0.9898891976876523, 0.989846456405047, 0.9857504449786038, 0.9740013614157209, 0.9933124736234641, 0.9942425833505923, 0.9933299544885604, 0.9915652904921934, 0.9859244935739219, 0.9939261498277567, 0.9938736018400567, 0.9948013634829799, 0.9935188825232094, 0.9935063001439127, 0.9935188825232094, 0.8958071062964665, 0.6898469630543242, 0.8605080228324584, 0.8895316554431042, 0.8074604254328182, 0.9636082205516886, 0.9289609341417199, 0.9540386309070874, 0.9489743100250707, 0.9520357783175402, 0.9779901373557577, 0.9719319897966954, 0.9082911348769207, 0.8980836221174897, 0.9280091247145127, 0.8992915821745909, 0.9244356588376311, 0.9253136820918506, 0.9244356588376311, 0.8310656043199485, 0.9024289665309982, 0.9036149059397082, 0.9024289665309982, 0.8839559580060844, 0.7114181924370551, 0.8604745175680294, 0.8622834674049646, 0.8604745175680294, 0.6001131519821552, 0.48716546685263007, 0.5750509086732115, 0.7281850088605842, 0.46404148423825164, 0.5280010394118955, 0.5299728054737647, 0.5280010394118955, -0.5986423497217596, 0.8712415942150035, 0.9018327463459862, 0.8835040575175467, 0.9098183241754662, 0.9346478487498073, 0.8693239132675247, 0.8707555999084456, 0.8693239132675247, 0.881706429050786, 0.881706429050786, -0.1733573466699228, 0.5122859703559137, 0.210288906465799, -0.5170419219214787, -0.545823879833249, -0.5496325098621718, -0.001480502331139119, 0.03464278997910757, 0.2838822016946875, 0.18831801491358674, 0.11210061674854349, 0.08678775815493031, 0.11350531973895482, -0.17929334435753932, 0.1035467560126055, 0.1038161102168477, -0.5193185776219263, -0.41567955068620144, -0.17917018321063824, -0.46144883386328134, -0.3447353635719948, -0.31977655277838596, -0.31034168509916993, -0.31977655277838596, -0.16839192686734233, -0.22458555728202745, -0.22458555728202745, -0.5259004622815799, -0.5259004622815799, 0.3999303018440175, 0.6678916935146597, 0.8780971359341798, 0.8562173017906717, 0.7955315128479392, 0.6760067421512986, 0.7758883625676194, 0.8167030124150261, 0.816922034205715, 0.8167030124150261], [0.9901596794788358, 0.9748061141276327, 0.985349273366121, 0.9918643112865065, 0.9965322120546276, 0.9901596794788358, 1.0, 0.9970521961028759, 0.999967131413467, 0.9487047612489252, 0.9995396525390794, 0.9999959788100378, 0.999957529242051, 0.9999920377174573, 0.999917557763765, 0.993813425677573, 0.9998096979525473, 0.9998252605613271, 0.9998256292090311, 0.9999943685554235, 0.9999963595749141, 0.9909815511406108, 0.9748980189034845, 0.9836023644622729, 0.9923059459985479, 0.9828579078277815, 0.9710188301741207, 0.938896156295393, 0.9924976954558105, 0.9921697825944973, 0.9920388617687113, 0.9677915307449818, 0.999278589921919, 0.9993638526696607, 0.999334006833954, 0.9997299460137304, 0.9985187098647542, 0.9992461745814192, 0.9981759612849886, 0.9993475732445942, 0.9990865505125539, 0.9990016797051986, 0.9990865505125539, 0.9189201495874119, 0.63890642346696, 0.9192520125103721, 0.89374957355438, 0.6937531061818045, 0.9472786510734, 0.9120769882977336, 0.934803768272412, 0.9253869823422263, 0.9357870288754527, 0.9689549047188213, 0.9611836833332335, 0.6974827245388541, 0.8059333784161926, 0.7881019092716922, 0.8342458910463848, 0.7807369395102604, 0.7512483968641196, 0.7807369395102604, 0.739110208050391, 0.7518273462369558, 0.7540858234768829, 0.7518273462369558, 0.818053279970406, 0.2753735729277263, 0.49642135735774123, 0.5884196592862607, 0.49642135735774123, 0.5022414353091386, 0.46058783491049754, 0.4605824566818545, 0.5956623048489494, 0.3737776376319186, 0.4007711872684892, 0.34876058832552703, 0.4007711872684892, -0.6533292905113852, 0.7935141780738255, 0.7948310900912045, 0.7873394703939546, 0.7221833683410545, 0.8868045133054456, 0.7985070395039587, 0.8008150388091699, 0.7985070395039587, 0.7040930444362321, 0.7040930444362321, -0.26467224987368076, 0.6675384081760499, 0.262365981208326, -0.5731237580337777, -0.5997227091960018, -0.602933762184322, -0.07022048983032657, -0.02582603594583492, 0.3741402798161643, 0.1334449061645303, 0.0575298667472885, 0.12617762129762342, 0.0933058778217681, -0.09424137226108488, 0.016552957399949778, 0.016960305928578875, -0.5762154729729018, -0.5010132056297936, -0.02358565434922385, -0.5618987010651667, -0.3539064135802414, -0.3204586328070038, -0.14427281800147743, -0.3204586328070038, -0.2632789639329927, -0.2892549775071683, -0.2892549775071683, -0.605652000037224, -0.605652000037224, 0.35507701890994997, 0.6074812381147452, 0.8038266959426208, 0.8096863276391231, 0.7620887624274358, 0.6479825071214292, 0.7471879581939257, 0.7695698152642609, 0.7879894893806088, 0.7695698152642609], [0.9854102420860292, 0.9644075323919156, 0.983456953578555, 0.9875997483496202, 0.9943312009300314, 0.9854102420860292, 0.9970521961028759, 1.0, 0.9994268176674079, 0.9396914595627963, 0.9980457026354755, 0.9978759402237971, 0.9992153211660989, 0.9989444153696834, 0.9986253276833121, 0.9860549973574714, 0.9988427157820968, 0.9990010498219629, 0.9990039065004245, 0.9994696028337128, 0.9991178431853703, 0.9908619627126509, 0.9752087222375696, 0.9914478896236311, 0.9921468681455163, 0.9775065948276882, 0.9730706019846281, 0.9369153500824551, 0.9888245779894721, 0.9922437632131446, 0.9901986619610331, 0.963842234828656, 0.9980779491133575, 0.9979531121487764, 0.9979596729065761, 0.998951485604426, 0.9956064493220658, 0.9977240777751948, 0.9975079356412285, 0.9978175295670129, 0.9978900676730634, 0.9979214054293921, 0.9978900676730634, 0.9167908578275357, 0.6228556377322041, 0.9205383290533774, 0.8896195782041793, 0.6642910649874763, 0.9448520756878466, 0.9046486987440496, 0.930943110858889, 0.9158884649235935, 0.9277270716513115, 0.9640960693794036, 0.9553815812428906, 0.6804489307681737, 0.7884909842897186, 0.7677814817498326, 0.8225089902857738, 0.7616891913598527, 0.7367497309059319, 0.7616891913598527, 0.7225804679322704, 0.7292491372703785, 0.7385590903460727, 0.7292491372703785, 0.8064179491701531, 0.25172155039071875, 0.4712120552711518, 0.5688619093816103, 0.4712120552711518, 0.48556074872673277, 0.45231811429088536, 0.4418960290386397, 0.5773874776507131, 0.3627077332998122, 0.38718610381212776, 0.32916181322201277, 0.38718610381212776, -0.6534953595649332, 0.7798478495405247, 0.7719250196816034, 0.7690645978020576, 0.7048552618786985, 0.876472781710568, 0.7855820940362476, 0.7881481301751518, 0.7855820940362476, 0.6819023686504723, 0.6819023686504723, -0.28327769567941025, 0.7016813848291925, 0.27115362160529527, -0.5888167343074453, -0.6148069408766468, -0.6178141970733743, -0.08656829051064624, -0.03557986051458754, 0.3674258295424755, 0.11353061826252667, 0.04087695426605347, 0.1168774330111355, 0.07726497373364334, -0.10076501671449298, -0.00151606294017346, -0.001091106286974626, -0.5899564825411293, -0.5183613156947882, -0.030455935093148652, -0.582481969572597, -0.3683263819784101, -0.3330591369880668, -0.15055941729839165, -0.3330591369880668, -0.28379238212041247, -0.3050312491947206, -0.3050312491947206, -0.6204787790257131, -0.6204787790257131, 0.32873537708984585, 0.5883869116336885, 0.7934221531151354, 0.7907426351243882, 0.7479194001702437, 0.6309213972391358, 0.730357567647797, 0.7493437292696238, 0.7715673270432305, 0.7493437292696238], [0.9907531910759537, 0.9745399093453802, 0.9922695630627586, 0.9928740060751559, 0.9967171501444083, 0.9907531910759537, 0.999967131413467, 0.9994268176674079, 1.0, 0.9474303514503636, 0.9994768355291638, 0.9999683356221303, 0.9999639824463382, 0.999973361206839, 0.999930565955595, 0.9980323795176217, 0.9997151369730946, 0.9997610937551977, 0.9997621744019951, 0.9999652597859874, 0.9999656648926568, 0.9941675718618084, 0.977555443014681, 0.9936656982430906, 0.9936051238289809, 0.9826133416325823, 0.9769213894152479, 0.9407106269568516, 0.9909971229639504, 0.9909634253289239, 0.9886840389791942, 0.9629739205572078, 0.9992939503999104, 0.9992550406187306, 0.9991147927973736, 0.9998526299223097, 0.9984230845099128, 0.9992326448861811, 0.9991322181277559, 0.999227790669005, 0.9991325062429439, 0.9991389046446926, 0.9991325062429439, 0.9190576508282194, 0.640212569632225, 0.9193450355782469, 0.8938021650906544, 0.6931382261144166, 0.9330291571241265, 0.8864031995885208, 0.9173314631851488, 0.9206929950649492, 0.9318735457304848, 0.9626041647942837, 0.9615536879189519, 0.8424956390978819, 0.8066817619417999, 0.8642254159012328, 0.8350118628347197, 0.8621077276239086, 0.8629381688051683, 0.8621077276239086, 0.7380400241201136, 0.8046853219518221, 0.8064484768928036, 0.8046853219518221, 0.8193988964277467, 0.7021726307621804, 0.8097438286145461, 0.8113935346273704, 0.8097438286145461, 0.5012033380599095, 0.3188383564476108, 0.4596155362845834, 0.6405143969201604, 0.43437402416732196, 0.3968031874875581, 0.3971478198104131, 0.3968031874875581, -0.6351877843801885, 0.7938409049202009, 0.7944129746197872, 0.7873508387827066, 0.8539773120454898, 0.8745158923330363, 0.8049330482125454, 0.8075972810636275, 0.8049330482125454, 0.8135620046503969, 0.8135620046503969, -0.26725463066826644, 0.6686553453102523, 0.0949641117567069, -0.6018708797971896, -0.6437226588797889, -0.6445159763467752, -0.07388171018928172, -0.023783901992576493, -0.13192176757770793, -0.04986354693520521, -0.04019835930494965, -0.3304349345679368, -0.35966140494357063, -0.5363962273185042, 0.015110764141086632, 0.015838399955615617, -0.578245009135612, -0.5033317282566859, -0.499602042414854, -0.5642684970547142, -0.5946591681150832, -0.5736824950810746, -0.5756578845550044, -0.5736824950810746, -0.2658632748216446, -0.2929876313683554, -0.2929876313683554, -0.7014595103416853, -0.7014595103416853, 0.355419852202185, 0.606359721331074, 0.8253577625325744, 0.8024131630770908, 0.7605129295842322, 0.6328537634039986, 0.6480029092185811, 0.7187911117843196, 0.7189597482634659, 0.7187911117843196], [0.9726186817433038, 0.954912452752235, 0.934252001601849, 0.9703777639738449, 0.9590575378540022, 0.9726186817433038, 0.9487047612489252, 0.9396914595627963, 0.9474303514503636, 1.0, 0.916284567222499, 0.9487457613179038, 0.9488654846149467, 0.948373217078369, 0.9476662886655446, 0.9499484371686892, 0.9558875042183981, 0.9549065934881199, 0.9548727485112525, 0.948903495382903, 0.9488884162936828, 0.9484437245050219, 0.9408437765790761, 0.9508315826179699, 0.9510566110754785, 0.79707551681812, 0.9559469578784828, 0.9506181607481593, 0.9570997039161814, 0.9572448002085424, 0.9555032535745116, 0.9294687656053738, 0.9593540493400117, 0.959634620265033, 0.9604760003360894, 0.9510862717036253, 0.9293006577210252, 0.9585595136582848, 0.960117139628639, 0.9599271680268112, 0.9608146083119683, 0.9607731441558808, 0.9608146083119683, 0.7745196478694595, 0.437679828154181, 0.7181501158696474, 0.8570152983423285, 0.8404750369964107, 0.8731590216497211, 0.755455561921173, 0.8505749737227917, 0.8651228138736673, 0.8741723885946823, 0.8960181425979915, 0.8960665510216903, 0.8492913030572709, 0.8407200082047039, 0.8769734201528636, 0.852330383026978, 0.868250076527312, 0.8691678887026476, 0.868250076527312, 0.7878769989559474, 0.7659863201415436, 0.7681563761144862, 0.7659863201415436, 0.8444021936363488, 0.8669719682609802, 0.8424712754305661, 0.8433489720551133, 0.8424712754305661, 0.6076919553122129, 0.5274952629448503, 0.6085087889810042, 0.7371025783968783, 0.6279808492203885, 0.6501376257870642, 0.6536572924039384, 0.6501376257870642, -0.27522656719555794, 0.8485849958803524, 0.9132537017839291, 0.8680830963121583, 0.8674106789026966, 0.8788969652222964, 0.839901104844864, 0.8413772148462998, 0.839901104844864, 0.8527886016066075, 0.8527886016066075, 0.011588330482694526, 0.22993348340458622, -0.07223509780390085, -0.34858082148710773, -0.3806350359157881, -0.38253427545077856, 0.101167055769926, 0.3753005553619025, 0.1296881184033687, 0.022737287551805218, 0.13541603756617243, 0.04231753121567738, -0.06531351431470027, -0.11973624850672004, 0.2655580575031362, 0.26445250369039675, -0.33331867686287336, -0.28113193888659854, -0.28485341124378594, -0.2877272554537523, -0.3586624767883532, -0.30724317437606546, -0.309110915878456, -0.30724317437606546, -0.04586143557201396, -0.32505888696459434, -0.32505888696459434, -0.39125452972512825, -0.39125452972512825, 0.5801580651041633, 0.6793149686280764, 0.760792688770574, 0.6663514529706922, 0.8406906246913984, 0.30161959757697154, 0.3915861912898037, 0.5716077185741028, 0.5719045839029937, 0.5716077185741028], [0.9795251683963659, 0.9769778806581148, 0.9963476214452325, 0.9852821527081806, 0.994713320508251, 0.9795251683963659, 0.9995396525390794, 0.9980457026354755, 0.9994768355291638, 0.916284567222499, 1.0, 0.999537056964924, 0.9995326527565539, 0.9994813054437762, 0.9995197493681736, 0.9983710509149147, 0.9995755625671444, 0.9997001211270385, 0.9997056743648564, 0.9995454487411234, 0.9995467544498764, 0.9914401705299356, 0.9569364158732883, 0.9914004432676554, 0.9913711118498955, 0.986440639961027, 0.9726100377133136, 0.8919441208724502, 0.9887995393639907, 0.9888590555769783, 0.9701346014946514, 0.8867603017018922, 0.9985871813577392, 0.9985321810278027, 0.9983011996536904, 0.99920330241118, 0.9991180387129044, 0.9985610611140846, 0.998319306907774, 0.9984939729320632, 0.9982467467858861, 0.9982614856796721, 0.9982467467858861, 0.9128530776418571, 0.5172648929521141, 0.9149101362230844, 0.8921698584608141, 0.6953064207907496, 0.8203241462812264, 0.8341084025297449, 0.8075007389447907, 0.8104313487422474, 0.8161413642919413, 0.9211824585454111, 0.9213828011113031, 0.8323231488357115, 0.8434914198500237, 0.805567620458514, 0.8087115268553342, 0.8157429357129878, 0.816828405917337, 0.8157429357129878, 0.6259050738579749, 0.5800063552324227, 0.5825080251441677, 0.5800063552324227, 0.844603862745275, 0.8550604192164046, 0.8426702818368447, 0.8443961880409017, 0.8426702818368447, 0.2647203408518745, 0.1978908824041845, 0.3272199543964277, 0.44879595385959037, 0.314620312682262, 0.36898268519752414, 0.37225278930338757, 0.36898268519752414, -0.4073136627170229, 0.7431804228520607, 0.7991761595545273, 0.7764931330625583, 0.8420457774727304, 0.8384522997889867, 0.7347155222477585, 0.7353619858635875, 0.7347155222477585, 0.7507354865820475, 0.7507354865820475, -0.331348313235565, 0.6591307366281485, -0.39653264381924846, -0.5433873308387263, -0.5434802059689378, -0.5456889780797161, -0.33832685635120113, 0.13074332046711168, -0.2516616954859391, -0.40443062553151793, -0.26175444119841257, -0.3231871306719099, -0.3576957357425265, -0.38847918381856494, -0.0007622688081912823, -0.0050199330703187125, -0.5536828475467529, -0.5162000220232146, -0.5340367485479165, -0.5684785440744311, -0.5628903791760497, -0.5380909633867066, -0.5409850289859336, -0.5380909633867066, -0.43965605806195796, -0.5947501448234437, -0.5947501448234437, -0.6034870212529289, -0.6034870212529289, 0.35033740878842645, 0.3673694258209706, 0.4708032321640628, 0.5553479761499202, 0.5559623701827001, 0.1657334377446052, 0.3085136016321863, 0.3314984565548305, 0.331699583318011, 0.3314984565548305], [0.990207160856863, 0.9748602145815328, 0.9853013308906268, 0.9918990376057136, 0.9965521008557873, 0.990207160856863, 0.9999959788100378, 0.9978759402237971, 0.9999683356221303, 0.9487457613179038, 0.999537056964924, 1.0, 0.9999627258675434, 0.9999940155759761, 0.9999230198626506, 0.9946616824181547, 0.9998118734987517, 0.9998267674382604, 0.9998270654040488, 0.9999960949914185, 0.9999970009432388, 0.9909367976777088, 0.9748670822412278, 0.989198116294067, 0.9922806111464461, 0.9828383857265399, 0.9709243861150015, 0.9388395166188577, 0.9924886548621724, 0.9921824533516553, 0.9920300643442667, 0.9678150919800524, 0.9992808926128651, 0.9993687155859459, 0.9993431021998631, 0.9997354319845722, 0.9985220642281877, 0.9992560991041148, 0.9981801131612693, 0.9993551411548016, 0.9990911766598011, 0.9990047149151907, 0.9990911766598011, 0.9189430332014648, 0.639081736877974, 0.9195172072057477, 0.8940041895508841, 0.6939339437631682, 0.9473232262734501, 0.9122797521192076, 0.9348891756877216, 0.925480115293043, 0.9358643088164781, 0.9690572281958895, 0.9612645678888853, 0.6974089069563199, 0.8061071111611627, 0.7882190006448846, 0.8343716534389538, 0.7808524799198941, 0.7511819431443101, 0.7808524799198941, 0.7391845422133012, 0.7518918982842677, 0.7540132748344138, 0.7518918982842677, 0.8182254391356978, 0.27523422557152294, 0.49643421901182105, 0.588320493030014, 0.49643421901182105, 0.5021768137457289, 0.4604957134652916, 0.4605293200871913, 0.5956964575293816, 0.3736510150673673, 0.4008671805454126, 0.3488043219263975, 0.4008671805454126, -0.6534770055113831, 0.7935885449427924, 0.7949887894866755, 0.7874464735792874, 0.7221738918714686, 0.8869161278627656, 0.7985987795455898, 0.8009007048570447, 0.7985987795455898, 0.7041787171989019, 0.7041787171989019, -0.26465636676225146, 0.6675438524266373, 0.26248918712186414, -0.5730812491992425, -0.5996293032421454, -0.6028464327584022, -0.07029896400714808, -0.025985581599570873, 0.3743212035020923, 0.13347557630487128, 0.057479562582485745, 0.12645518122039945, 0.09356141851696866, -0.09392836036085747, 0.016588482147905034, 0.017011452606995905, -0.5762003669450879, -0.5010396548274589, -0.02331709925306454, -0.5618725626708685, -0.353630079412851, -0.32021002829130646, -0.14404712101473344, -0.32021002829130646, -0.2631231113207191, -0.28920688580221, -0.28920688580221, -0.6055127015098563, -0.6055127015098563, 0.35562519976442064, 0.6076509099039902, 0.8038641946311946, 0.809962638589874, 0.7621898134256835, 0.6482474193467678, 0.747334049941037, 0.7698353839011206, 0.7881143395277078, 0.7698353839011206], [0.9903671121013456, 0.9748121172915475, 0.9828065402790662, 0.9919868782570453, 0.9966523072980575, 0.9903671121013456, 0.999957529242051, 0.9992153211660989, 0.9999639824463382, 0.9488654846149467, 0.9995326527565539, 0.9999627258675434, 1.0, 0.9999670793805568, 0.9999109614515388, 0.9975028177637558, 0.9998075975622503, 0.9998683412679236, 0.9998689225097236, 0.9999829781638732, 0.9999618375335464, 0.9904783346781217, 0.9746774012549089, 0.9930109524889588, 0.9929717088078434, 0.982806370966588, 0.9705441245523265, 0.938765095360499, 0.9932613473480316, 0.9932803003688746, 0.9917935411995146, 0.9676173959269666, 0.9995052561766387, 0.999372679626543, 0.9993998056770973, 0.999882700035007, 0.9985205562365531, 0.999263402217733, 0.99921609129939, 0.9993654322474439, 0.9993756261742416, 0.9993796488659257, 0.9993756261742416, 0.919056858260083, 0.6392434626267547, 0.9195483552823063, 0.8940179286526385, 0.6939533777883982, 0.9511436542226612, 0.9097521774487841, 0.936372451510534, 0.92556532480547, 0.9358629503476703, 0.9687798678282323, 0.9613354965814209, 0.6525553826689628, 0.8058169926160862, 0.7869863004704222, 0.8348299922441648, 0.7798050969631786, 0.7249592537524094, 0.7798050969631786, 0.7391052690249502, 0.7421817234953474, 0.7465088612868844, 0.7421817234953474, 0.818671881072562, 0.20584311876765216, 0.4839042880252869, 0.4896419962346367, 0.4839042880252869, 0.5023275272244573, 0.3546000018208944, 0.4607780405499616, 0.5952039119324862, 0.3738698855708788, 0.3681906992860435, 0.3484436399814496, 0.3681906992860435, -0.653667409458561, 0.7940622453677163, 0.7949586570254181, 0.7872069704250604, 0.6634942299537204, 0.8873959820080083, 0.7991130824970617, 0.8014097872733799, 0.7991130824970617, 0.7026700189931494, 0.7026700189931494, -0.2643274034488007, 0.6674263846640466, 0.26608176052573823, -0.5729258140643426, -0.5992963972310633, -0.6025137466378271, -0.0706745488580199, -0.025884319857424933, 0.326176704852789, 0.1336527251756198, 0.057231427711039284, 0.12986495608671392, 0.09593614262225987, -0.10416744444626139, 0.016708521523388933, 0.017134926675437638, -0.5763636481122462, -0.5011157680420583, -0.08902252538836333, -0.5615914553657229, -0.3516151963467639, -0.31797126396993114, -0.23114929328908143, -0.31797126396993114, -0.26266228858896506, -0.2903028390785687, -0.2903028390785687, -0.6047760549753102, -0.6047760549753102, 0.3557563185772282, 0.6078313997531822, 0.7886635200703824, 0.8100204213087004, 0.7625854622258699, 0.6479899673604035, 0.7052983985943889, 0.7575939246031366, 0.7577729030018434, 0.7575939246031366], [0.9902770066565008, 0.9746063807114962, 0.985066913936539, 0.9919393341504564, 0.9965857442861775, 0.9902770066565008, 0.9999920377174573, 0.9989444153696834, 0.999973361206839, 0.948373217078369, 0.9994813054437762, 0.9999940155759761, 0.9999670793805568, 1.0, 0.999935606865608, 0.9973607349905258, 0.9998022537960909, 0.9998300508656967, 0.9998302331414637, 0.9999939979846396, 0.9999941973720008, 0.9907894041582029, 0.9747648774998887, 0.9928386926066433, 0.9927175636164394, 0.9827038771911416, 0.9705858175367947, 0.9384533781017181, 0.993220394555311, 0.9932668963008061, 0.9920694197090119, 0.9679979645066171, 0.9993328823376506, 0.9993673779027814, 0.9993752113278742, 0.9997740262104163, 0.9984509275804316, 0.9992593904437737, 0.9985000819117601, 0.9993639818741107, 0.9991415754856028, 0.9990626674119859, 0.9991415754856028, 0.9191992602723588, 0.6398516269528732, 0.9198530638790745, 0.8943180386505676, 0.6935468213840742, 0.9479123644581093, 0.9130388517750235, 0.93552088344003, 0.9258990120875116, 0.9362478761316081, 0.9694919156019903, 0.9616571519135368, 0.6977100755047996, 0.8063985016342338, 0.7881392632834316, 0.8346537820834011, 0.7808167253366333, 0.7508035385819711, 0.7808167253366333, 0.739388340875837, 0.7518417425018421, 0.7544484557600263, 0.7518417425018421, 0.818602892572263, 0.27452733719843436, 0.49589557025214465, 0.5883653146917369, 0.49589557025214465, 0.5019908877241624, 0.461059640303693, 0.4604131897230134, 0.5954385560434158, 0.37323077427565315, 0.4008987137562718, 0.3484384632128897, 0.4008987137562718, -0.653866241038634, 0.7937304427381267, 0.7945134393588748, 0.7875339209748695, 0.7114879312927944, 0.8871987429057365, 0.7987373135610453, 0.8010276493350107, 0.7987373135610453, 0.7039766819495851, 0.7039766819495851, -0.2664544601342639, 0.668565778957743, 0.2630146686542357, -0.5736317823120044, -0.6000428233924957, -0.6032652231363425, -0.07156048423783956, -0.027324618482091893, 0.3746142625446335, 0.13297161977288385, 0.05657803440160375, 0.1265167121252981, 0.09362196753079423, -0.09377986131991153, 0.01546228723723557, 0.01588036254220733, -0.5768954660461597, -0.5021311448890303, -0.022723991106963447, -0.5633796877032546, -0.3535011179665249, -0.3201543869370156, -0.14347682785572685, -0.3201543869370156, -0.2642118268310162, -0.28972027028991904, -0.28972027028991904, -0.605612046895037, -0.605612046895037, 0.3557951690693399, 0.6073241792985656, 0.8043999388509625, 0.8104223396469986, 0.7616085584217169, 0.6490367163838091, 0.7481225449291097, 0.7702346007530047, 0.7887228601486511, 0.7702346007530047], [0.9903300744938316, 0.9737362163907035, 0.9849659930084612, 0.991981225427354, 0.9965893107184044, 0.9903300744938316, 0.999917557763765, 0.9986253276833121, 0.999930565955595, 0.9476662886655446, 0.9995197493681736, 0.9999230198626506, 0.9999109614515388, 0.999935606865608, 1.0, 0.9974772825376069, 0.999697289594242, 0.999778294647986, 0.9997794513145133, 0.9999000827642649, 0.9999188584838163, 0.9905541913127428, 0.9745151003826089, 0.9921171089463939, 0.9917564074163837, 0.9827234647368885, 0.9703018175052763, 0.9383502819583771, 0.9923350669605875, 0.9923430019492161, 0.9914614513370164, 0.9670518911451513, 0.9993412072138284, 0.9992171055483609, 0.999312754009171, 0.9997604924367682, 0.9983569767671485, 0.9992347199230532, 0.9984838748353144, 0.999239572568074, 0.9991565317192169, 0.9990915274187044, 0.9991565317192169, 0.9178811945485081, 0.6401372260483593, 0.9186259752968703, 0.8930951723800951, 0.690610052818267, 0.948468856453922, 0.9138975674721136, 0.9364865817608223, 0.9253383625017075, 0.935524482612553, 0.9698552602738759, 0.961219665974508, 0.6990296635191672, 0.8049665538416674, 0.7883799024317245, 0.8343315501762881, 0.7810583121870126, 0.7530958309387684, 0.7810583121870126, 0.7374340402566878, 0.7512853368326269, 0.7556146486723363, 0.7512853368326269, 0.8186104407965694, 0.27441906091183743, 0.49544892778415517, 0.5898007317727035, 0.49544892778415517, 0.5006069151374889, 0.4627261350579705, 0.45865631036524573, 0.5949352653281321, 0.37169072281105264, 0.4013585404588504, 0.3486926499969164, 0.4013585404588504, -0.6544078193781577, 0.7930796591538768, 0.7931974563423714, 0.7865473568823727, 0.7241936948166605, 0.8875274306842718, 0.7982545192084387, 0.8008083762247548, 0.7982545192084387, 0.7040570054470698, 0.7040570054470698, -0.26709045677482723, 0.671266136405684, 0.2634870986759992, -0.5738774064879398, -0.6000729276596809, -0.6029840987332781, -0.07358599134927665, -0.028859548113419908, 0.37596774467747823, 0.13249757006909718, 0.055422849502451965, 0.12753262269023705, 0.09474278322837942, -0.09229806610749684, 0.0145342919049067, 0.015251864484973553, -0.578242566931281, -0.5037054610128476, -0.02089519892543418, -0.5644169406948134, -0.3526042173311888, -0.3192688257026736, -0.14202991297909745, -0.3192688257026736, -0.2644506198083239, -0.2925886638290792, -0.2925886638290792, -0.6054590847760766, -0.6054590847760766, 0.3528917351263169, 0.6050914347917514, 0.8054964153099894, 0.8111895568372292, 0.7599284385446529, 0.6480112395559526, 0.7498880152766674, 0.7709915385628382, 0.7901516163636169, 0.7709915385628382], [0.9931955339435865, 0.9834191806072476, 0.9881151054255792, 0.9948285196703609, 0.9976715821490696, 0.9931955339435865, 0.993813425677573, 0.9860549973574714, 0.9980323795176217, 0.9499484371686892, 0.9983710509149147, 0.9946616824181547, 0.9975028177637558, 0.9973607349905258, 0.9974772825376069, 1.0, 0.9981090960062841, 0.9977245321649474, 0.997722005245465, 0.9978012749629858, 0.9972914256564583, 0.9913973419388917, 0.9773189359409626, 0.9699295778516317, 0.9872440216696268, 0.9870235907924582, 0.9718912923604286, 0.9474189832087064, 0.9915511671946333, 0.9893360749746253, 0.9882465779991663, 0.9657035872584234, 0.9974916642540118, 0.9974965380107621, 0.9973126599553248, 0.9973063937810643, 0.9984736716428093, 0.998022305833882, 0.9973073530342297, 0.9977324587519001, 0.9974157282387289, 0.9973932075207098, 0.9974157282387289, 0.9096368084970653, 0.6496693408517481, 0.9119151840543228, 0.8967077081643081, 0.716909799181421, 0.9501182299959747, 0.9163986047418181, 0.9413803220711907, 0.