var element=document.getElementById("correlationAdjClose");if(element.style.display!='none'){var correlationAdjClose={"data":[{"type":"heatmap","z":[[1.0,0.9999915624752719,0.9848379205627424,0.9999231107040361,0.9989361715147554,0.9879353072594982,0.9975993574828486,0.9954510353381328,0.9957676631969476,0.9799712835848783,0.9926124993849273,0.995590535246154,0.9948280145855083,0.9955033725534903,0.9959317380646066,0.9971382664260671,0.9981435058543129,0.9961915794294122,0.99621000105423,0.9962563066446858,0.9955468592861012,0.98587716152132,0.9700383821727001,0.9883046906163917,0.987176017682222,0.9828312502456811,0.9646278851306107,0.9456097966557437,0.9938580630478441,0.9944909359602193,0.9918685611115524,0.9753472812610148,0.9975098489433215,0.9977940892385515,0.9972049966895042,0.9956529602251913,0.9952505969298509,0.9976698437668277,0.9980115860313779,0.9986897408678527,0.9974537181245464,0.997468491261851,0.9767331510273252,0.9163542031864487,0.7456432563182188,0.9025704283784967,0.90512412476207,0.8404501798534879,0.9658644196041614,0.9451005878776848,0.9672530310077693,0.9648110724357797,0.9575207626533354,0.9855765944653306,0.9821800655753808,0.9846771027641736,0.9783948231178773,0.9864829131552008,0.9839601609402406,0.9870969199287333,0.9868911131844021,0.9646176955051764,0.9688792746743102,0.9722161541201468,0.9719089348615716,0.9464669108022455,0.976420899842094,0.9745738649014332,0.9826553570525395,0.9818458478887168,0.9370846887148541,0.8645683274956786,0.8319082457460638,0.8832382240446119,0.9083565361369356,0.9037871353628559,0.9063177142128446,0.9050440329160777,0.6376420694077969,-0.571122386412708,0.9777176417837722,0.9699890853131793,0.966458214942955,0.9855353590889666,0.9713624636862627,0.982289222075964,0.9822711687911316,0.9467365856802274,0.982459694566937,0.9506078824628404,0.6545398731208435,0.8727607108120484,0.9170482980059346,0.7581122588157221,0.9234741718990709,0.942825917355264,0.8189712642702132,0.9589944996627492,0.89578233288172,0.6384391976628006,0.7093826903261701,0.8917992520738605,0.8650388013331417,0.8886943361031807,0.9695557897126648,0.9698228199218693,0.7388517709430301,0.7084392896031257,0.825256982415935,0.34725935041238803,0.7950917019786832,0.8296060199430597,0.8162213507505218,0.814353533006329,0.753792708143871,0.7430114155371513,0.7234580954251376,-0.24644072864248612,-0.3829259554820584,0.6385013284610624,0.8985102894195297,0.943432995577146,0.9478524022450596,0.9180764048642001,0.8281506691550224,0.914941892465659,0.9366572644164153,0.9364198533421618,0.8708827007282903,-0.19010118215350638],[0.9999915624752719,1.0,0.9838814010415097,0.999781405794875,0.9976996566476372,0.9904973988039509,0.9933555390476608,0.9893310300009782,0.98936391828816,0.9692709414513968,0.991638721060161,0.9895585855442108,0.9893919016637052,0.9894391600227966,0.9891680842956474,0.994006587915666,0.9952377569167626,0.9925754731488899,0.992574874724903,0.989435488097361,0.9894925157942365,0.9886657160561065,0.9641178335844484,0.9851161464719149,0.9848502463504967,0.9827562436558279,0.9740887864745363,0.9135969677175714,0.9877308253413506,0.984271331864427,0.9762937361008702,0.9156096825537421,0.9948710844249502,0.9947075241993029,0.9949893001582945,0.9904398268969293,0.994453868566449,0.9949833266616576,0.9957803871643077,0.996657872071087,0.9949718789242248,0.9949802952427321,0.9869153674502901,0.9160537202475905,0.5942734279573728,0.9024778325260134,0.9053799122546243,0.8405999483499121,0.8708011868982115,0.9127631592489559,0.8745213341788814,0.8959405246055399,0.8698101628301201,0.9542224012076699,0.9541333940172324,0.9756027933904416,0.9792944882302187,0.9736221601304762,0.9732139255459177,0.9761638657783728,0.9760781512645462,0.938973701699452,0.9477886552249613,0.9154393629698052,0.9153414361726595,0.8175322832370417,0.9709924725150615,0.9731823476318356,0.9734280845765383,0.9728503029424849,0.9349165454097963,0.6675027748716045,0.6097501507645381,0.7585029866729666,0.8497890767802714,0.7815366087542567,0.8170121457006915,0.8153013028577624,0.6060667635277832,-0.27579651151513823,0.9592712543337955,0.9657605068615888,0.9589881080411441,0.9764558795087058,0.9562550947521163,0.9636466908140607,0.9627652235377949,0.9085404735872391,0.9664673106661819,0.9139581564237336,0.4907144777787209,0.8723340837563279,0.8693006961739814,0.2945994757922079,0.6714137140955856,0.7594627798139669,0.6477095557067675,0.9581908145785318,0.6595556592360611,-0.2471032451394986,0.14696894086988505,0.6278402453477433,0.6339825173640438,0.6811036256535575,0.9598219253614542,0.9596815734531902,-0.06925099205375737,0.17073277308967927,0.011863226755481885,-0.021316460431078522,0.00690103377696459,0.02356004245992741,-0.008494840035529574,-0.05294505259755011,0.37864330242505695,0.11489014914039246,0.06515440365192858,-0.451224310565563,-0.48717004627954746,0.6389755746796173,0.745919145771454,0.7706283111690946,0.829196551119725,0.825244517028048,0.5416269028682853,0.7330294086517597,0.7657869459195543,0.7644352628431815,0.41205445442455446,0.1948159834891626],[0.9848379205627424,0.9838814010415097,1.0,0.9862728809129604,0.9929778554284533,0.990295585011262,0.9906709826641009,0.9911345112806469,0.9943686044530732,0.9558858303182901,0.9970522902696889,0.9910281143194865,0.9929580030954646,0.9911942749116932,0.991877202472464,0.9911811190582683,0.9905072849742415,0.98974246114426,0.9897106008426863,0.992898743762887,0.9910637634552935,0.9937657057377461,0.9801070902873583,0.990936480040432,0.9913693562412708,0.9816274982886887,0.9828792450870475,0.9497375210007486,0.9725283978862359,0.9762303442187444,0.978074904530174,0.9508473098530386,0.9879504511036458,0.9910676347847068,0.9893869469622095,0.9930350795318813,0.9949134678009759,0.9921394584424338,0.9881421280480203,0.9881287546438188,0.988234013663629,0.9876050220032024,0.9908545341263741,0.9158588519661682,0.686232550756612,0.926926447043667,0.8988021065179944,0.7546219516437825,0.9263068819754448,0.900242949644624,0.9285518405628113,0.9246141875109783,0.9143247406118602,0.9525373567924871,0.9598601365903912,0.932517483279544,0.9512535413665664,0.9555840287118281,0.9616169999054711,0.9561212065915711,0.9304590289636163,0.9015899402503992,0.9297914315562525,0.9256824012740986,0.9086222729929477,0.8673798555015486,0.9614823445461105,0.9395159977174421,0.956322496195913,0.9349596078955404,0.7811316872869953,0.8067322862071894,0.7367096882872721,0.827739859786219,0.8697232122969252,0.8679521371621008,0.8386126294450114,0.8527341015704509,0.3143811191777682,-0.5701550215889816,0.9485689773849149,0.9245484774125743,0.9276914214054737,0.9329674378788231,0.9429391818404393,0.953151065051693,0.9528462138402277,0.915899328786512,0.9493105125214709,0.8443770000717067,0.6278269216489368,0.9372010827033065,0.9382773777165977,0.719311661437013,0.9055237366951028,0.9270395978591688,0.804580216690673,0.9785577988484231,0.7782576521784225,0.545588182811705,0.6492177651454537,0.7861405198576222,0.7908486741471799,0.7748892438604071,0.9820734396903835,0.9821409851144678,0.6588998234827012,0.6447865690094406,0.7134029763657476,0.2801667259128767,0.6909754200794589,0.7115016667838766,0.7241545739454673,0.7078738631907335,0.7088232404257789,0.6707007857626255,0.6493157028673269,-0.31870179859592457,-0.4547906542864572,0.5960531444456103,0.8588758666097738,0.893381631645644,0.8951746782015352,0.8913616786637517,0.7586067325687614,0.8674627292683819,0.8819065312733185,0.8904900884275985,0.7386916885407016,-0.10963336028058732],[0.9999231107040361,0.999781405794875,0.9862728809129604,1.0,0.9992370780094788,0.9889169858965243,0.9979282326233333,0.9959679615390514,0.9963669529182767,0.9796169676258938,0.9939636552789968,0.9960893554351239,0.9955353867563101,0.9960187670529916,0.9964658213740702,0.9976278700189665,0.9984820378180124,0.9966431063733243,0.9966581771351161,0.9967683935842395,0.996048571593784,0.9871507668329179,0.9713812306596233,0.9893956934679535,0.988378403593976,0.9850469613627386,0.9667350089151568,0.9468098734347133,0.993310913339365,0.9941336626644725,0.9919621282153721,0.974990093863071,0.9976632403243493,0.9980866767421225,0.997511282834731,0.996214265649933,0.9959958150635702,0.998001198191981,0.9981453696999285,0.9988311757103091,0.9975986973306,0.9976097577576006,0.9785725802799861,0.9119959227336856,0.7392433142984851,0.9033550617433165,0.9028921200559606,0.8302512491908799,0.9629318751890317,0.9416651417625574,0.9642121486534759,0.9621368505574063,0.9546349188628954,0.983496411651358,0.9806434535132563,0.9829601525286339,0.9767803395967446,0.9849501194486334,0.983138745119552,0.9854842304546219,0.9852761158595216,0.9515260817524428,0.9672651193871264,0.9704997567702519,0.9701938381463134,0.9399465742657125,0.9757777181408951,0.9710669551982694,0.9809270421600682,0.9800797356328254,0.9105393278537905,0.8624989322781936,0.8271727699858706,0.8808969209275394,0.9048514921937337,0.9029245630814767,0.9033287641972281,0.9021228525378582,0.5339698797983188,-0.5711129487087373,0.9765439545533692,0.9679537788943124,0.9643890885670273,0.9838256475681533,0.9702569780821138,0.9812344687702058,0.9812166541144031,0.9456928299566445,0.9807074624555153,0.930826528481531,0.659988901309034,0.880774020511065,0.9215504082337941,0.7596751838188396,0.9252018682689881,0.9442985890774575,0.8192966231988786,0.9604828833052493,0.889637595398152,0.6350907966077748,0.7076013773637061,0.8867212229299359,0.8614853993974245,0.8832879267196273,0.9706320989229201,0.9709051010580276,0.7378733253434818,0.7087209767910743,0.817332990785857,0.3493389041375699,0.789473201452476,0.8213970377363301,0.8080839203004581,0.8090657311670161,0.7566165636301748,0.7430681969084375,0.7235840172071111,-0.24182605171960656,-0.3821835899592159,0.6369578523366078,0.8966088413114701,0.9416518333157633,0.9461152071125525,0.9169534294843206,0.8253443938651812,0.9129756834399774,0.9344577027606406,0.9343737957031522,0.8632581222806568,-0.18278212817905157],[0.9989361715147554,0.9976996566476372,0.9929778554284533,0.9992370780094788,1.0,0.991810386332372,0.9990532191178694,0.9983262587157372,0.9983865771907096,0.9734183857749774,0.997737719749895,0.9983699343567208,0.9981739246295132,0.9983602565214772,0.9984914084546094,0.9984655561062584,0.9992133928874277,0.9987391564545993,0.9987407451643322,0.9984420726188277,0.9983577167190262,0.9938025784853662,0.9790107205917484,0.9939712732498294,0.9939073241205585,0.9885188748138886,0.9806952257997331,0.9501717170702942,0.9898129973411943,0.9923308914749575,0.9895455955425169,0.9660026486321996,0.9989369117924621,0.9989733070478861,0.9989723802039407,0.9984661084864925,0.9985418884479565,0.9990739366627792,0.9991341426490127,0.9991399499919817,0.9989234391559334,0.998923428063094,0.9889331880337913,0.9216308366082961,0.7144766137447922,0.9180455180174396,0.9069870637168682,0.8125956385130192,0.9467330107328326,0.9302092748429256,0.9506735884085438,0.9535109305577967,0.9455134551233066,0.9796087077072962,0.9795365880006139,0.9788891360964675,0.970677344398255,0.9798641434878219,0.9787365549355846,0.9801827604922441,0.9799355494956234,0.9531121302278036,0.9570459967915643,0.9519787236460912,0.9516093478253492,0.9071110896995117,0.9727298323556282,0.9693165379233905,0.9760386891050504,0.9751271449511896,0.9323795407169528,0.8379071131369931,0.7926900744835751,0.8630274529173999,0.9075674280586663,0.8886360392944709,0.8973174165195478,0.8962183213611118,0.6913154038067828,-0.5933415725954136,0.9692830307562739,0.9559588166619691,0.9536063054609659,0.9800397260495411,0.9590490622427073,0.973596323233292,0.9731712136380525,0.9350423316719852,0.9755824017460529,0.9390327913378401,0.6464948912198775,0.9012833695579086,0.9429840259157322,0.7102810627288149,0.903657718350231,0.9286375984276029,0.8130165465701769,0.9663648888978945,0.8802887299878593,0.4807923186320662,0.6397964767638812,0.8680606933117528,0.8247944954932539,0.8702756504483268,0.9748121722777838,0.9750265720289824,0.6913139768757461,0.6892339214721226,0.7351166582070909,0.32412597916938357,0.6735962846496413,0.7409702961537024,0.7172414143071238,0.6965563263018273,0.7404608213560699,0.7255273108290234,0.7050782248908076,-0.4627826194231108,-0.540107979912438,0.6262116301576096,0.889214369090847,0.9258086925228952,0.9376333625784421,0.9131638468688026,0.8017967757993818,0.8955485595942092,0.9188064505220529,0.91827024110667,0.7968624137938436,0.03217952696049625],[0.9879353072594982,0.9904973988039509,0.990295585011262,0.9889169858965243,0.991810386332372,1.0,0.9881034666502174,0.9882855707157805,0.987849823090042,0.9634372592324902,0.9796635935473761,0.9882209253834328,0.9894326746168375,0.9883470067264908,0.9887218360201921,0.9916008288306197,0.9894325175137739,0.9891382975972739,0.9891052346785866,0.987153203821865,0.988257603581742,0.9960644587925577,0.991626469466535,0.9883404237617344,0.9882229811809183,0.9710590770293607,0.9854135616780735,0.9676510262389082,0.9711380529963212,0.9755293853658019,0.9835313870414665,0.9702917692285353,0.9880024399582693,0.9882123114504914,0.9890187971220507,0.9891457199676443,0.9818623755991353,0.9889964903288018,0.9882583771390973,0.9886243869027942,0.9881078063927623,0.9880783278158408,0.994891476529204,0.873958610432252,0.7155009740136684,0.8802376585491958,0.9001692696859499,0.8308405234236852,0.9306110078910916,0.9112770109148979,0.9325564710658102,0.9408456872609916,0.9281949816186071,0.9604620550943601,0.9649874190500917,0.9684121483887624,0.9811842737169189,0.969483772079747,0.9814798777222653,0.969319648546726,0.9687775086000572,0.9690926895021242,0.9608981108977609,0.9434292689149201,0.9429446519544623,0.9320503481172355,0.9791024394929908,0.9714186455740709,0.9697797178081314,0.9682065435699161,0.9516353563102307,0.8609983113227838,0.812881451178312,0.8812031432866068,0.899090802635698,0.9067584577867261,0.8894140707792162,0.8874357673806376,0.6578671828903107,-0.533014753204648,0.9755261871796512,0.9726652060354396,0.9690372559065895,0.9695345251247005,0.9663826212049438,0.9755042762239663,0.975174850189918,0.9571668430132165,0.964961506744275,0.9564887654825778,0.6625986161890464,0.8471644274331174,0.9401494108158513,0.7580114170707611,0.9156452658704528,0.9328173194683458,0.8136869118699658,0.9567660056061014,0.8449316850634943,0.57997890387864,0.6805408465441902,0.8425121996194186,0.8212025893106704,0.8403769551039558,0.9587980191077566,0.9589239728752871,0.6995587433118988,0.6877945286097141,0.7605456017262533,0.34915654862215567,0.7408250173771644,0.7663171409851824,0.7523327620442687,0.7543465409694968,0.7435496200038214,0.7130616712413917,0.6957154523885491,-0.27203278762121713,-0.4000681710622293,0.6626294391912322,0.8805994129713424,0.898822832392675,0.9073584492237174,0.8955329971526986,0.7980523082758039,0.8675732238800399,0.8902144208333141,0.8900960537613,0.833865044221725,-0.15335657443867232],[0.9975993574828486,0.9933555390476608,0.9906709826641009,0.9979282326233333,0.9990532191178694,0.9881034666502174,1.0,0.9972119904442103,0.9995414972284653,0.9730951213506117,0.9994502311491724,0.9981800364609789,0.9990824926317555,0.9990480442562533,0.9994249466383761,0.9973105464772392,0.9999028388475415,0.9992754287415925,0.999281713985872,0.9996607888650934,0.9992454096941815,0.9907078256684474,0.9750857369607304,0.9843720762546662,0.9926705925794724,0.9878215092694995,0.9723289362247527,0.9452081036746813,0.9921007067413015,0.991781001546854,0.9931146978110903,0.9720795535472667,0.9988582221231045,0.9998238305506898,0.999663474558504,0.9994084145763381,0.9996773104235473,0.9998548041232803,0.9988036632621398,0.999684654355839,0.9992927760805691,0.9989109757745823,0.9828935086911335,0.9282412793168544,0.7304743566812968,0.9310545023523371,0.9177430930619574,0.8052031632394938,0.9581661189532199,0.9411031778603387,0.9602501415122245,0.957961417550465,0.9512677178136774,0.9817316620339805,0.9800659588202868,0.942044791392885,0.9570291968321621,0.9697904801234211,0.9701071975223136,0.971560854542921,0.9422721117278717,0.8935762835443186,0.9472923223960987,0.9561968377417289,0.933244455733255,0.8802804264373071,0.9618963632449383,0.9321721988368653,0.9635371644862132,0.942484123745206,0.7445071826956762,0.8324996870821627,0.7593145429388435,0.8496713895042575,0.8756333582602434,0.8796809427520339,0.8587116648534563,0.871361370446332,0.26897829076149127,-0.6055972455229888,0.9597720006403216,0.9396934932660347,0.9393247194390236,0.9443199847653769,0.956069303098771,0.9673783372796935,0.9674802067342052,0.9252895197322251,0.9635825754164689,0.82750642304271,0.6413701123522416,0.9017117061893531,0.9214901092492601,0.7484752510372785,0.9224322043333645,0.9427334159423567,0.8136066458382113,0.9658546157387823,0.8311732026952315,0.6235406495931126,0.6978100161858095,0.8438884246034251,0.840246219255789,0.8298192511003671,0.9749214572508921,0.9751972711157134,0.7242776627915914,0.6858528474966534,0.7827135093051797,0.3192860649388875,0.7665369152590061,0.7920330661663642,0.7821931570772405,0.7883545827187645,0.7363000746177247,0.7303973628699278,0.7091073900616351,-0.2600006141132297,-0.40758491980378125,0.6448907504608269,0.8910937076995538,0.9290244873409141,0.944275085346395,0.9168107269283626,0.8237006172695536,0.9128668153028093,0.9346846909063076,0.934060303773343,0.7748791017891853,-0.14542012429710088],[0.9954510353381328,0.9893310300009782,0.9911345112806469,0.9959679615390514,0.9983262587157372,0.9882855707157805,0.9972119904442103,1.0,0.9999846487120535,0.9673385999542803,0.9996657527639963,0.9999969198017582,0.9996684834412993,0.9999979173390268,0.999742021077112,0.9933164280305388,0.9993349674611901,0.999891435620158,0.999891131919461,0.9999580072483515,0.9999946072027059,0.9909639314174413,0.9761598273442296,0.9919344974494726,0.9931763263166424,0.9850887061382374,0.9745140171456966,0.9439475886203835,0.9883794196799065,0.994162793592741,0.9917573103167767,0.9687296569831908,0.9994320482931888,0.9994999978998026,0.9996220303991828,0.9996956196790739,0.9988480385831187,0.9994261918027288,0.9992380249574503,0.9985901338441354,0.9995016741479736,0.9993653303412443,0.9843744898851944,0.9283428134007097,0.7173307097920415,0.9368260564068348,0.9152434008237007,0.7843359927208732,0.9565848459837025,0.9361905358442468,0.9582560937618386,0.9515538700206728,0.9447699003579549,0.979728414499235,0.976842140199706,0.9363961287437335,0.9513660023764253,0.9620983094493508,0.9662078859808002,0.9643488467208496,0.9403203370670439,0.8831980945354698,0.9413337581178458,0.9483755708428768,0.9272118133120129,0.8653110077297318,0.9584158750812193,0.9248737700960306,0.9570926105931737,0.9372318543261178,0.7284472608104371,0.8225798357203312,0.7543068153877193,0.839735441764163,0.8668608972329445,0.8737256260281244,0.8535386399954838,0.863301447427425,0.24844776655420195,-0.6112942927333724,0.9544470780375779,0.9303799823678373,0.9313072241434739,0.9421183069655898,0.9501181790563517,0.9621815850007419,0.9622916274575157,0.9183717160349965,0.9553861590950259,0.8129605399115344,0.6368086231601539,0.9213046249492395,0.9338381072976687,0.7431093597237642,0.9217793178468082,0.942354011043516,0.8108734336207246,0.9705074741406576,0.8349024680769188,0.6091982850327831,0.6883503973829593,0.8451365581676819,0.8371898549601883,0.8331830112184538,0.9778827813476959,0.9781580934664903,0.7141497958212267,0.6769335198283003,0.7846567252155783,0.3045606631320088,0.7613020171568222,0.7876601534009757,0.7834295829873842,0.7827835486937534,0.7290043791053609,0.723988893081254,0.7020217995121034,-0.2770504459655588,-0.42367255034876056,0.6269336733004636,0.8826233543136027,0.9267420204101372,0.9365415327313016,0.9104558815338281,0.8122383323496841,0.9063269690225613,0.9283506593426487,0.927979021092946,0.7546489286054853,-0.12750534512525313],[0.9957676631969476,0.98936391828816,0.9943686044530732,0.9963669529182767,0.9983865771907096,0.987849823090042,0.9995414972284653,0.9999846487120535,1.0,0.9666611079638595,0.9996647752551883,0.9999816061457889,0.9998410439827061,0.9999901715103688,0.9999104471086434,0.9980736361772939,0.9993257794729462,0.9998308634596721,0.9998298606347921,0.9999672695879407,0.9999826102412309,0.9938493573662336,0.9775085526946582,0.9952252118551511,0.9953654111663673,0.9851216198989899,0.978833511095905,0.9451594573822926,0.9889396996313903,0.9932531163702244,0.9887959206162923,0.9643064677023763,0.9993594603414595,0.9994400797592328,0.9994444901468539,0.9998433090725098,0.9988578691152236,0.9994135308711025,0.9990662113779841,0.9986029320302068,0.9993545732722373,0.9993487529525001,0.9888259110864577,0.9283942882534308,0.7180272864604947,0.9368347084694302,0.9153244835091725,0.7845584735103546,0.9436369516638056,0.9253806407894023,0.9471064233235132,0.9489782369432238,0.94198174222712,0.9773752713463668,0.9769185651384565,0.9679625208348364,0.9518683066110516,0.9688577450865162,0.9663544411557033,0.9692733579274653,0.9689417680849683,0.9400298276669999,0.9407485049019716,0.941084468592356,0.9406774033525369,0.8948620065467029,0.9588510535355308,0.9594351683933834,0.9655947226812599,0.9644259603351134,0.9189170478860448,0.8218956511664471,0.7710633550756694,0.8391905763001198,0.8884688198320697,0.8723799987882597,0.8798627914859923,0.8788205605718808,0.6377578759254101,-0.6268507917254073,0.9544741365742109,0.9304148374111824,0.9314376969732076,0.9693096441563356,0.9449157860404839,0.9617938025127805,0.9612853505922808,0.9193886226361038,0.9640370271927617,0.923697399051909,0.6351610472082543,0.9211096695895024,0.9477237174745817,0.7194374021729788,0.9087645070417697,0.9332817947688058,0.809987420567456,0.969324561422649,0.8870746789039936,0.5109394427084434,0.6568915795567123,0.8753889146579922,0.8329797472644894,0.8781018146072158,0.9778510143555009,0.9781125449791755,0.7120635104129492,0.6742423684582305,0.7512981544858255,0.3023661422211492,0.6917501489680999,0.7568110434020567,0.73493546209089,0.7153145908527968,0.7267712765689089,0.7209061576734921,0.6989143259053523,-0.5120519421019952,-0.5905697775531531,0.6271772360646786,0.8814806775372801,0.9254839467748157,0.9381575777223231,0.9094595340625683,0.8073921853282442,0.8958848941524723,0.9185152969919037,0.9179532833497827,0.8065494454250937,0.10483415844030493],[0.9799712835848783,0.9692709414513968,0.9558858303182901,0.9796169676258938,0.9734183857749774,0.9634372592324902,0.9730951213506117,0.9673385999542803,0.9666611079638595,1.0,0.9543056325441341,0.9677219486259138,0.9666743852968412,0.9674560474968464,0.9659413967640893,0.9664118770925203,0.9751828576092664,0.9716585677670327,0.9716722118965901,0.9675075753048404,0.9675781202753309,0.9665742020514061,0.9541974697685615,0.974044199787934,0.9719771631661245,0.904111357039359,0.9700066579890975,0.9534755735622407,0.9770968029524371,0.9713690888440822,0.9714088490994185,0.9386459389183216,0.9754086214544617,0.9749919500968934,0.9754243974768222,0.967948108968053,0.9616316690971819,0.9744331936173333,0.9764528969921851,0.9777899253248793,0.9755847417930618,0.9756019247701682,0.9563731456260068,0.8482164229522393,0.5379742048995899,0.8088654859275581,0.8958880644371005,0.8750121842247662,0.9035614843281524,0.8366169006112366,0.9079669820554574,0.9185658102013174,0.9051212195905456,0.9361045936231103,0.93596788983906,0.945537458065671,0.937778407988034,0.9553306311927366,0.9493230674665915,0.9537931337737497,0.9538164759273595,0.9128921690874036,0.9541780085282434,0.9405022135565044,0.940194163610021,0.8655190377650067,0.9376947982401062,0.9451572865312448,0.9389419346696918,0.9378856833486418,0.8890719009291339,0.8299739707385637,0.7881548148519724,0.871360568526644,0.9200733907721205,0.8934677594434393,0.9068430157971431,0.9061612292316871,0.7280086523069711,-0.3200518090252449,0.9543211743355802,0.9556340665401571,0.9475895660886013,0.9472350218038791,0.9327785620586009,0.9555442882674533,0.9554914860039923,0.9039183413777617,0.9574272711695719,0.9084955832121298,0.7313193783920493,0.7179670533306167,0.8723145929920455,0.6450126474437131,0.8613969656416022,0.8959239566295316,0.8791242848175134,0.9522861523951056,0.9072722278254934,0.3970531660821711,0.6595072575830205,0.899693103657593,0.8781230138379098,0.9065256003983327,0.9525144361570685,0.9528374680773214,0.546305093416205,0.7118963766369967,0.6220355947049745,0.4930378693183521,0.5815871214742688,0.6361759354751203,0.5974168835477919,0.5713524121886426,0.8146644839118806,0.6920499094772757,0.6569295095235386,-0.29021469054244764,-0.34118748910337504,0.751915503791446,0.917605009800149,0.9245116689886214,0.9133506948894442,0.9424797495617119,0.6693344797947627,0.846683751626176,0.9110467197594655,0.910214264931092,0.6932097917862835,-0.16509995024559537],[0.9926124993849273,0.991638721060161,0.9970522902696889,0.9939636552789968,0.997737719749895,0.9796635935473761,0.9994502311491724,0.9996657527639963,0.9996647752551883,0.9543056325441341,1.0,0.9996919199155861,0.9996713017224,0.999679212690816,0.9996082854974987,0.9980878060199716,0.9991617258732434,0.9999578379003434,0.9999573626425764,0.9996781728136553,0.9996859658430772,0.99065318326894,0.9600033570813686,0.9916706510527774,0.9927526623054416,0.9892405339223661,0.971978977626958,0.900933523135761,0.9887730318404649,0.9925649076875959,0.9736363992070034,0.9016840324004033,0.9991879761926795,0.9992528064562689,0.9991914689234181,0.9994687668920298,0.9994288327570132,0.9992146653976239,0.9985758406462519,0.9979152075767298,0.9991618944254366,0.9991574654278189,0.9899035126883565,0.9224245151945929,0.5600206350433241,0.932528858364992,0.9144817487518515,0.7885271311888804,0.8570657651787779,0.8950007155539502,0.862355750264916,0.8765733117400264,0.8542308363871248,0.9511987265121322,0.9511339594153362,0.9530296284509796,0.9551905955269661,0.9452964770380977,0.9471804724112458,0.9494904807419858,0.9493012187403798,0.9016101880397661,0.9130369839188177,0.8737746935478443,0.8736010616487851,0.7607328377626297,0.9494116171588284,0.9526507445631187,0.9528087482200623,0.952123931525564,0.9030002692965851,0.6167003070974866,0.5551702544740161,0.7080746740755177,0.8069495275729914,0.7366882642211655,0.7734770803325846,0.7723084422192014,0.5486789015634034,-0.3972121405676891,0.9248335324510425,0.9342781707429076,0.9245217849818104,0.9544019236622693,0.9213922653226897,0.9304746913945288,0.9292983780780779,0.8641034840117396,0.9345751832105552,0.8711218400460023,0.5342646557801318,0.9178052843476237,0.9120623613866904,0.3306539019829212,0.7046028175530271,0.7846908775558397,0.6585413580832049,0.972196030552263,0.669526510958211,-0.19052002901417514,0.19363468613226753,0.642488598739303,0.646466538605348,0.688437624985654,0.9734521932552836,0.9735075517494312,-0.009926605051468205,0.22048693977498743,0.07291773714874684,0.0387457686593865,0.06573261493758233,0.08492782203931273,0.05178857884541959,0.0015239331119146398,0.4255462123397487,0.15543944500109153,0.10278137807537824,-0.5195818205150401,-0.5549566692774954,0.6272262648869952,0.7404355855161315,0.7653771046789501,0.826937472676078,0.8251156221900594,0.5236192742172084,0.7254064634263244,0.7606503952443266,0.7593867844401604,0.40523971961874455,0.24478457945132803],[0.995590535246154,0.9895585855442108,0.9910281143194865,0.9960893554351239,0.9983699343567208,0.9882209253834328,0.9981800364609789,0.9999969198017582,0.9999816061457889,0.9677219486259138,0.9996919199155861,1.0,0.9996529781246667,0.9999976606254665,0.9997586524296515,0.9945759037573947,0.9993841582328483,0.9999023702212566,0.9999022442530994,0.9999656943587457,0.9999950417960164,0.9908728938020146,0.9760343145937063,0.9925913723659363,0.9931380493946494,0.9852743889823692,0.9743483319136751,0.9439655411805591,0.9892686885099701,0.9942215199525236,0.991832332688785,0.9688765725084855,0.9994745329487333,0.9995435591819232,0.9996551478744411,0.9996973139645273,0.9989334346402526,0.9994708390014706,0.9992902998290127,0.9986692655290043,0.9995453191497635,0.9994087837913139,0.9841809678110703,0.9286391635318025,0.7180536071690519,0.9367661087982447,0.9155011985837594,0.7854834110519505,0.9569173191851736,0.936605875553394,0.9585963051660079,0.9519306460016488,0.9451742363765653,0.9799705200613633,0.9770305645458247,0.9367254961148583,0.9515660257331738,0.962416599824762,0.9663669181034618,0.9646604737976102,0.940592410570315,0.8834091497473074,0.9416372098184597,0.9488145005306101,0.9276610114315931,0.8657748355944296,0.9585196800356864,0.9251158130882273,0.9573376713188247,0.9375392247195526,0.7285865597065692,0.8230920256105009,0.7548791163150088,0.8402355255116792,0.8672377293219217,0.8740188592960405,0.853977546219684,0.8637589064008703,0.24881525156706216,-0.6111831378148813,0.9546865426524681,0.9307974023126608,0.9316519953448834,0.9423741588495851,0.9503741744475904,0.9624257167003778,0.9625358912096389,0.9186107618169292,0.9557294656085775,0.8132371519298575,0.6370101106963141,0.9204184102087798,0.9332967141689097,0.7433677590984705,0.921829163439935,0.9424035747604468,0.8111638902482684,0.9703375666647449,0.8353485308706656,0.6102192277515364,0.6890463461879992,0.8456043811564096,0.8377229470535781,0.8336125621161152,0.9777987504999939,0.9780740681819848,0.7148145628643785,0.6775556694627347,0.7852299025974033,0.30542483802787507,0.7619910182499396,0.7883375412611562,0.784008713261461,0.7834899239119182,0.729412114149832,0.7244489003309491,0.7025098292677934,-0.27601930604736186,-0.42273944380241124,0.6275266113648316,0.8831404209089131,0.9271581248258626,0.937047427078134,0.9109082091896704,0.8127929357715543,0.9068777530351373,0.9288884237019331,0.9285036798880902,0.7553206002006556,-0.12856946212339584],[0.9948280145855083,0.9893919016637052,0.9929580030954646,0.9955353867563101,0.9981739246295132,0.9894326746168375,0.9990824926317555,0.9996684834412993,0.9998410439827061,0.9666743852968412,0.9996713017224,0.9996529781246667,1.0,0.9996896508504429,0.9996954179657693,0.9980109054367947,0.9989442661214998,0.9994841759565396,0.9994776681370922,0.9996710145680047,0.99964516840501,0.9928649202880809,0.9776778744748901,0.9958902229636079,0.9957790688387974,0.985124053414616,0.9771630292436374,0.9464574701769356,0.988372921520904,0.9922093321954526,0.9908745649879654,0.9664794343403807,0.9987705729248967,0.9990822364478221,0.9992715255198829,0.9999191073597712,0.9988823322018342,0.999064682377662,0.9986435626833239,0.9979898485512005,0.9987638655190975,0.9986914916079012,0.9881896491556139,0.9285922027533423,0.7137602250169226,0.9368637552877258,0.9153954949215456,0.7847929402876047,0.9523217780415236,0.9297189775299578,0.953390640994789,0.948419383187965,0.9410550635786704,0.9764055891875194,0.9749024662750538,0.9597861726613279,0.9512597154240523,0.9627187896671545,0.9657072765253064,0.9645094653681916,0.9638742041397307,0.8875108993452028,0.9387885811907564,0.9472333886063182,0.947004603841624,0.8640901590600693,0.9588704879616505,0.9366794423614004,0.9592235997489135,0.9579601251368162,0.7332013796527901,0.8201468771348933,0.7815114783126312,0.837940103301162,0.8687022292923573,0.873189021124328,0.8622651308123437,0.8628343240453483,0.23380984115550507,-0.6056647273788179,0.9538607748080408,0.9305000533707724,0.9306293903657588,0.9626102566740112,0.9498447111810643,0.9612725476630672,0.9613401961395093,0.9185040994502562,0.9560811095066677,0.8199030487412046,0.6374381266424299,0.9209288801512803,0.9340852529607692,0.7407402720757393,0.9200040247426683,0.9408550405177339,0.8120745478398982,0.9729504222305337,0.8295861075033315,0.601801034121006,0.6844580602779532,0.8367781610286963,0.8323815784709282,0.8255719257681511,0.9796600708412481,0.9798918585136307,0.7056620467140149,0.6721853379475952,0.7647354732523476,0.30513421629387694,0.7520150617444487,0.7770210387089176,0.75353510578886,0.7724343403605357,0.7271608473104846,0.7143729955449315,0.6926953790531899,-0.28265545510374945,-0.4277858838565279,0.6271125874826896,0.8808874047835042,0.9284453707748207,0.9324119219417026,0.9100498077093963,0.8049420120143566,0.900500081538323,0.9217158166561417,0.9220064610607083,0.7489338867199477,-0.12688350075180901],[0.9955033725534903,0.9894391600227966,0.9911942749116932,0.9960187670529916,0.9983602565214772,0.9883470067264908,0.9990480442562533,0.9999979173390268,0.9999901715103688,0.9674560474968464,0.999679212690816,0.9999976606254665,0.9996896508504429,1.0,0.9997976573039933,0.9975570733940291,0.9993542873976172,0.9998949150005855,0.9998942890180336,0.9999598109885627,0.9999925419280616,0.9910038586036263,0.9762147287898097,0.9944090289121383,0.9942448436236978,0.9851983756961575,0.9745595908677052,0.9441268796666749,0.9917289253725967,0.9945256733317256,0.991700885472057,0.9686292034269174,0.9994471753363456,0.9995040400692463,0.9996315677730786,0.9997137366162714,0.998887721130006,0.9994362215240369,0.9992615306323347,0.9986112162597283,0.9995146100396509,0.9993812762519821,0.9843593408052432,0.9284459109572831,0.7173995027106654,0.9368431057770957,0.9154284897376502,0.78487531128102,0.9566879286779602,0.9363574674353684,0.9583948041159347,0.9515148249202239,0.9447047015153467,0.9797724722906607,0.9768005754413974,0.936740736558582,0.9514833613381043,0.9622901240685734,0.9662792611386808,0.964524478643524,0.9400515356039528,0.8834327702917341,0.9411908760475052,0.9484489168750232,0.9274599748454783,0.8654463445334241,0.9585773807934211,0.9252773732923546,0.9573283054551387,0.9375930104585488,0.7288340700203759,0.822529904139313,0.7546047527076043,0.8397306929853411,0.8670475732274279,0.8737004267895339,0.8537099721671129,0.8634894657531921,0.24881375234184402,-0.6109996222045837,0.9545171594753723,0.9305841769759495,0.9314779871791592,0.9403204794176468,0.9503093665777793,0.9622581824991449,0.9623649533041084,0.9185515113975693,0.9555781153847074,0.8132536017129223,0.6368536635224005,0.9208829581682006,0.9336965947137663,0.7430482279433313,0.9216564540939636,0.9422576456206951,0.8108770549473788,0.9705259088235592,0.8349613217816522,0.609065931756093,0.6882442916565479,0.8451793880020605,0.8373483517308031,0.8332348319462493,0.9779340102350967,0.9782056332070321,0.7137001478842955,0.6765357111847132,0.7846590503299814,0.30486831194778946,0.761294870274217,0.7875962369308437,0.7836207815628861,0.7826958754095064,0.7289082184030088,0.7231757709367007,0.7012439725571864,-0.27684293425637485,-0.4234611506746832,0.627270526824386,0.882550540814479,0.9268970214018232,0.9366150055737528,0.9105189379368418,0.8120503396316269,0.9065696108000125,0.9284198379585755,0.9281650005731931,0.7547772714542552,-0.12781567953271958],[0.9959317380646066,0.9891680842956474,0.991877202472464,0.9964658213740702,0.9984914084546094,0.9887218360201921,0.9994249466383761,0.999742021077112,0.9999104471086434,0.9659413967640893,0.9996082854974987,0.9997586524296515,0.9996954179657693,0.9997976573039933,1.0,0.9980966966202738,0.9994206187213405,0.9996647096708531,0.9996658310211879,0.9998708469669306,0.999819851941962,0.9914129977713381,0.9761494094678884,0.9932777990566934,0.9932002611987006,0.9859039088563496,0.9740031039979514,0.943700620353076,0.9912901528134143,0.992886716647056,0.991728729179964,0.9688966209614189,0.9991510512950065,0.9993447945130105,0.999548135173171,0.9997742104092772,0.9985761007369022,0.999324323274593,0.9990759121495182,0.9987324073870104,0.9992961298525747,0.9990821163169672,0.9846915835005502,0.9242907174049777,0.7180848417326564,0.936708535743401,0.9154311950966744,0.7807280498031203,0.9559834326373506,0.9376508812357942,0.9578507060726337,0.9516490645432312,0.9447504959298292,0.9798565751767891,0.9770070282749246,0.9389805990504305,0.9530143801801991,0.9648773269111103,0.9673848811797868,0.9669207353756653,0.9411759165065952,0.8878105076433276,0.9411801874894644,0.9500134269171708,0.928711177179317,0.8701630642541494,0.9603018370708536,0.9287487494552732,0.9600510892314356,0.9398197986259099,0.7370111389791973,0.8222147500712952,0.7543626309327415,0.839399832649976,0.8686564241869567,0.8731499228065234,0.8534231821945194,0.8643661122267806,0.25615891764492005,-0.6097320115224331,0.9552425698245214,0.9305020101369406,0.9325368225968678,0.9434132820499571,0.9522428145438849,0.9631146027770224,0.9632081609737098,0.9204545724435691,0.9581327563152005,0.8191414064316005,0.63430688653074,0.9232111675421861,0.9313084283480235,0.7424051676204493,0.9211973762663791,0.9416661910804952,0.8067116984962938,0.9685195057514258,0.8307115297459952,0.6068853130942634,0.6848172952814949,0.8413028591152489,0.8353513514792952,0.828726926045001,0.9761864469026256,0.9764373731976799,0.7113372230002628,0.6714883181933919,0.7807561302278383,0.2996397081340171,0.7592610878740399,0.7856511135780833,0.7804574838008606,0.7807720656486583,0.726221542128555,0.7191982718305208,0.6972029011649493,-0.27581756552186565,-0.4225246520144591,0.6272576859178206,0.8784398224338924,0.9259555878171005,0.9375678305093855,0.906461716402936,0.8130285280823474,0.9075160011635861,0.9283554474219644,0.928515970954911,0.7600459000427829,-0.1283949200857251],[0.9971382664260671,0.994006587915666,0.9911811190582683,0.9976278700189665,0.9984655561062584,0.9916008288306197,0.9973105464772392,0.9933164280305388,0.9980736361772939,0.9664118770925203,0.9980878060199716,0.9945759037573947,0.9980109054367947,0.9975570733940291,0.9980966966202738,1.0,0.9987324344535955,0.9979240433224383,0.9979245345036188,0.9979971896730593,0.9975034336023763,0.9919757961767767,0.9783619462106837,0.979310500683923,0.9891529896147198,0.9914448468204801,0.9743887099721172,0.9504980769313245,0.9932777495675852,0.9914066252778214,0.9906224527497983,0.9706905316875225,0.9978024324272244,0.9980347820815066,0.9981498796795001,0.9978073769857856,0.9977300733991673,0.9981758767534264,0.9982107399965812,0.998309001659282,0.9977438451917395,0.9977621156809809,0.9824627190443779,0.913553594987451,0.726242957043107,0.9277789754020762,0.9177314497960006,0.7997057430727673,0.9600752720470096,0.9432180986796794,0.9622046341374096,0.9529683001631223,0.9445710776043444,0.980702317542808,0.9770411687569467,0.9532279586218078,0.9636838582942037,0.9734393714020714,0.9735353541144671,0.9746654956874942,0.9541923837481076,0.9028328268621311,0.9478194833707528,0.9571889773796187,0.9417827126885188,0.8847608217378433,0.9677522141215843,0.9432225739795265,0.9691037538182337,0.9539420490286185,0.7577719522630155,0.8334597837784261,0.774992672370189,0.8517195959963674,0.8830192701766751,0.88246422858735,0.8667238105042347,0.8777995208891148,0.2871861807308014,-0.584785500249492,0.9628386125869667,0.9441589191951906,0.9447413755725993,0.9577529934151606,0.9612228381491233,0.9694920345128761,0.969477490667781,0.9336873777824527,0.9676486129615177,0.8392189158056933,0.6391350275979947,0.9074873672243702,0.9231516962554493,0.7453904364391516,0.9196571501963653,0.939357563307514,0.8041423220537226,0.9632715537821324,0.8309751712197332,0.602415344758647,0.6810072839346161,0.8368835060289734,0.8335448869976955,0.8253784233332919,0.9706093016630443,0.9707683775714918,0.70654942720891,0.6703622869831897,0.7822503406667698,0.30734453499094944,0.7565166830982197,0.7813457539844213,0.7887618280431261,0.7770405551149753,0.7276248669357206,0.7109779163773956,0.6902595516470761,-0.254737346127427,-0.4013304487972036,0.6336664392252118,0.8758695042089292,0.9323026711465968,0.9384951355715674,0.9001774836677433,0.8119241145773685,0.9164097872253474,0.9296534022546643,0.9344421379142094,0.7690040645140817,-0.14874991755438724],[0.9981435058543129,0.9952377569167626,0.9905072849742415,0.9984820378180124,0.9992133928874277,0.9894325175137739,0.9999028388475415,0.9993349674611901,0.9993257794729462,0.9751828576092664,0.9991617258732434,0.9993841582328483,0.9989442661214998,0.9993542873976172,0.9994206187213405,0.9987324344535955,1.0,0.999667390471855,0.9996716339477328,0.9994509474164959,0.9993701925677005,0.9931744861590738,0.9782672354913915,0.9944175750371897,0.994022493028537,0.9900010993028964,0.9764273893945256,0.9478947865065581,0.9916022730105982,0.9944777404071113,0.9919858431684337,0.9722142572826609,0.9998711562345138,0.9998613329611435,0.9998389141072435,0.9