var element=document.getElementById("correlationAdjClose");if(element.style.display!='none'){var correlationAdjClose={"data":[{"type":"heatmap","z":[[1.0,0.9999948225038242,0.9868499007376044,0.9999368506977155,0.9992033155714304,0.9831564749703253,0.99785700329183,0.9964275782332284,0.9717740873472108,0.9965808091062092,0.9947419605783817,0.9939442093104577,0.9965153757530262,0.9965444991431307,0.9964683779451234,0.9977756306045868,0.9981262648735945,0.9983187991865463,0.9969367682253945,0.9969465232930517,0.9968857137180017,0.9964876083920017,0.9888350929255051,0.974271753822056,0.9911135136432087,0.9609892078944396,0.9903048772209718,0.98767288029407,0.9719779473940615,0.9585414729209969,0.9919749411384007,0.9936348747433976,0.9928655469449553,0.979645070059189,0.9977818719326814,0.9978664850995141,0.9976424870956377,0.9966103312671706,0.9955231196731552,0.9977575424646462,0.9986236128695836,0.998655478591718,0.9977723896506776,0.9977814177070744,0.9784990901622144,0.9305487344927041,0.9568729799285906,0.947422227991362,0.9462064444192949,0.926358143414856,0.9650785639507368,0.9532375268651834,0.9669564913706661,0.9701329036906211,0.9590570567824518,0.9850484795233821,0.9831357293666408,0.991418258701164,0.9940970629622218,0.988069283783385,0.9833599953436265,0.9883060944277889,0.9871649985796798,0.9888411448385512,0.9887331844213939,0.9546583065632008,0.9772161265616162,0.9771193001918006,0.9769052567901163,0.9427228788355907,0.9830772624471769,0.9798486414090655,0.986682850817107,0.9860707541967256,0.9434155820227611,0.9046864639981453,0.8761368344683627,0.91877345004962,0.93270511763361,0.9309151670573337,0.9309685834429354,0.9298160121771352,0.7421912975625728,-0.5303137722301685,0.9812607913230887,0.976721222769505,0.9745157009315816,0.9886561036813345,0.974342397086043,0.9847426893551391,0.9847405608692626,0.9438176835390004,0.9856641184788782,0.9467199899049423,0.8153565064206335,0.9255953049157141,0.9379547262351015,0.8323519952827553,0.9578951362295856,0.9585777869163514,0.9042948292127694,0.9696291530011064,0.8954915172562685,0.5687811977747295,0.7334747227753479,0.9028953156858499,0.874847559838311,0.894376762154421,0.9770559411458187,0.977200950796489,0.7922293851314194,0.7613439999970862,0.8257702043394377,0.4768231009228454,0.810628904555723,0.8298363925320268,0.8249648293642539,0.8185834030854997,0.8001056355302658,0.7581622970405596,0.7431480866049218,-0.29845367952617646,-0.43908873399595505,0.7269946441021284,0.8927697052563646,0.9299134320022814,0.9417050034922368,0.9063033803223782,0.8330533687591001,0.9101145541315768,0.9237527314045109,0.923590984876206,0.86055037231648,-0.12494505572455737],[0.9999948225038242,1.0,0.9907288838586368,0.9998653994698338,0.9983396324214109,0.990019349459484,0.9941287577173106,0.9920693038593569,0.9882196829080747,0.9920734245787195,0.9921052161898525,0.9932984184067629,0.9921514965930858,0.9920672633796866,0.9921213239642022,0.9940788181035161,0.9962491845727081,0.9957806345415651,0.9938814422126359,0.9938886668448145,0.9921110265082215,0.9921557846320577,0.9927418838156952,0.978679364996228,0.9888262262642472,0.9853004987507161,0.9889416754525489,0.9875970484028461,0.9830995389887313,0.943358462967051,0.9896948267959681,0.9880367941766282,0.9831454741880046,0.94490473633465,0.9951611219744357,0.9951155023108632,0.9953201204869295,0.992467246827455,0.9949524118863771,0.9953411038532763,0.9965232820495666,0.996731810157298,0.9953360222527771,0.9953470388345498,0.9919705475944,0.9301304365420883,0.9096994877037298,0.9471291564408583,0.9460892784381069,0.9263400673579052,0.9009225810208265,0.9378403057188509,0.9028417876817818,0.930236895433822,0.900938734607311,0.962123514331645,0.9621132295287371,0.9753523608094076,0.9855819632235173,0.9844779660333729,0.9855952982688517,0.9797195716934843,0.982983207564253,0.9808807628290591,0.9807895139560472,0.9451521972027966,0.9653986150575918,0.9384356379669181,0.9381783876747029,0.8744096237375584,0.9831457583230458,0.9842458606091505,0.984405930588411,0.9840093574003115,0.957656334730537,0.8228818153852433,0.7922587865244004,0.869075106364648,0.918513438241598,0.8829396902748337,0.9011438340523349,0.9002177497528557,0.7920655193226676,-0.10107562538759872,0.9726452121542437,0.9749767038990553,0.9723577918739488,0.9848372384457971,0.9685643002942562,0.9748427332148967,0.9742615045642132,0.9339940338063176,0.9760707391180186,0.9357720036286598,0.757953421823076,0.9252057874586775,0.9247422994336281,0.6096084069195014,0.8661727645969562,0.8698392459990455,0.772182918172579,0.970340626664414,0.7468199307643614,-0.32583051668886936,0.27087060184304207,0.7721395669607133,0.7240250140829976,0.7651679259402374,0.9718059139345611,0.971828885218643,0.23099933889326904,0.4029158293045279,0.23843512858780638,0.2098914541234532,0.23131589176547043,0.24385079481862948,0.24061617068146737,0.1609973568633332,0.5785866212897995,0.311522640373985,0.261359608383029,-0.43719169540253633,-0.4871733362545795,0.7261057829545515,0.7696251718345514,0.7925589319088817,0.857521756691448,0.8288641445113603,0.622426539220671,0.7876176512148643,0.78757371415664,0.7865824664125556,0.4563198709027606,0.2616167286133723],[0.9868499007376044,0.9907288838586368,1.0,0.9880671979789258,0.993580165620272,0.9914491506910598,0.9893800234756337,0.9902095441336063,0.9916000155402982,0.9927937157308832,0.996701232623134,0.9958853682404363,0.9900542046975636,0.9921013342250402,0.9902616106802778,0.989754192459875,0.9908190842174031,0.9899264497370907,0.988869852308065,0.9888474082520693,0.9916894198127304,0.990093107567053,0.9952544799797494,0.9860229649425717,0.9911538572301835,0.9830253849570084,0.9918167229888043,0.988533266034633,0.9878906237398656,0.9642531647181195,0.968813017994728,0.973249670766865,0.9773238552760106,0.957869746505671,0.986828360735502,0.9899348225850662,0.9883219009853282,0.991839941373553,0.9947102424289255,0.9907596951650196,0.9849105952848777,0.9878949625580022,0.9872199521783581,0.9866113366311994,0.9929815100196367,0.9266318873055229,0.9420830110981963,0.9550477322434,0.9394043279655814,0.8912666658166407,0.9237682632573229,0.9108112324239237,0.9266309874290067,0.9357819920225371,0.9192329791951996,0.9514485653861025,0.9615032351010991,0.969084197740281,0.976968652450477,0.9466075081842319,0.9689036493864944,0.9684195968833041,0.9743853540581259,0.9686409993325394,0.945706167588641,0.9281552199564279,0.9541503164344849,0.945010339455556,0.9278799854063728,0.903136465334484,0.9749435047137359,0.9557409174147767,0.9679189406765939,0.9483993399437503,0.8530643432021542,0.8726509788185023,0.7926799740364896,0.8884245392838693,0.9087749999753776,0.911110517112838,0.8789413840538692,0.8929283103355395,0.47277993232890975,-0.5140288061739985,0.9657005654094394,0.954192989081961,0.9539393750957786,0.9465257520200462,0.9603649563846163,0.968132061930746,0.9677717015835787,0.9361907607915879,0.9641710051046292,0.8940273228891656,0.8011267947786418,0.959321485382157,0.9576554842537334,0.8164513412547865,0.9465094952749276,0.9480005584757948,0.8777137859759992,0.9813224023785899,0.7760733667719618,0.47358164841090555,0.6794541048623395,0.7993755947520848,0.8031416937788882,0.7803069647205855,0.983184826306275,0.9832084688177019,0.7253061186354895,0.7127624338997616,0.7114703613615023,0.4292655207002492,0.7138823755719268,0.7180278806177807,0.724838522663547,0.7185079537735806,0.7657130911638356,0.6966091323494906,0.6806959901090883,-0.35445694085905094,-0.49495298954968364,0.6986078902829065,0.8565470451123645,0.8769773634070486,0.8883369851923746,0.8797458364956473,0.7693168652173329,0.8588947857754093,0.867196304191472,0.8736422585902556,0.7382891859676044,-0.048339984995262764],[0.9999368506977155,0.9998653994698338,0.9880671979789258,1.0,0.9994212897365046,0.9841562338902237,0.9980678868502311,0.9967983370721617,0.9737288724271276,0.9970013070505943,0.9954047640979977,0.9948054598537142,0.9968700769042699,0.9969827693407264,0.9968386819785604,0.9980125958483389,0.9984215090301882,0.9985508009221036,0.9972599172609824,0.9972675694622609,0.9972426702851435,0.9968465276399922,0.9898953656520718,0.9755176817731982,0.9919618933025554,0.9632666015481464,0.9912480676314523,0.9893869532849484,0.9737418014998394,0.9596034586993989,0.991350638129114,0.9931759795931246,0.9927960141618317,0.9792685636719713,0.997846465156023,0.9980491156263323,0.9978364125230771,0.9970141397145396,0.9960093290604515,0.9979735466463009,0.9985230642657223,0.9987281504867156,0.9978331466579148,0.9978394413936237,0.9801094445068124,0.9274981989554619,0.9549907399267166,0.9470857127765999,0.9440580374366383,0.9209470112838813,0.9623601370051953,0.950195404110575,0.9641546849152001,0.9679286560634511,0.9565571114443853,0.9831151913572492,0.9818035610239831,0.9906267769284264,0.993897379902229,0.9868529819882513,0.9823175679433205,0.9872580432745168,0.9866237165697929,0.9877249654425175,0.987610055052732,0.9469196627058899,0.9761068018091188,0.9758838310532559,0.9756651226585263,0.9386766564167245,0.9826473201336677,0.9774518761013818,0.9854672251525644,0.984824090618445,0.9270528121186444,0.9033907319969439,0.8729179990692898,0.917273900580828,0.9303188734591564,0.9305059304992458,0.9288982468435427,0.9277801282618491,0.6626165125624105,-0.5298312652847829,0.9805149661714403,0.9755569594946227,0.9731808788672783,0.987442267856733,0.9737412135632576,0.9840909217423442,0.984086853929451,0.943452073482719,0.9844615049381495,0.9350059113272858,0.818483296306999,0.9299713442492156,0.9414507393337825,0.8337685996642464,0.9590171744271453,0.9597228078827487,0.9038954392414709,0.9707079047684279,0.8895157883904484,0.5652529051993034,0.7318239367092451,0.8975377260214011,0.871200119612209,0.888747448130128,0.9777966263264741,0.9779468266283945,0.7911115293248607,0.7615182913881345,0.8179507949583824,0.47830207818475456,0.8047513943554727,0.8217479216124698,0.81680328290745,0.8131939181060533,0.8021549076372245,0.7580777278275365,0.7431287117691981,-0.2938430493687731,-0.43836367163822926,0.7259771502771188,0.8911578842293754,0.9280939506297995,0.9399188970266861,0.9052876078185422,0.8304365194250115,0.9081531059349738,0.9215508069088065,0.9215362627712687,0.8537386034269626,-0.11808309690344744],[0.9992033155714304,0.9983396324214109,0.993580165620272,0.9994212897365046,1.0,0.9864748176779821,0.9989654512319626,0.9985716621407237,0.984841292447661,0.998568461310845,0.9981864989635039,0.9980803190407231,0.9985843774587403,0.9985992187867612,0.9986024113884309,0.9990675998994948,0.9988732588111057,0.9992323311547424,0.9988304065611662,0.9988300183904746,0.9986385982960231,0.9985856930032535,0.9951166353097506,0.9824585897091128,0.9953743690570566,0.9788854301246585,0.9954117239851824,0.992891116903018,0.9851426322890761,0.9625706535978175,0.9891143001757893,0.991877315909281,0.9904001556953381,0.9724423488206876,0.9988197569515297,0.9988891804682211,0.9989205976264143,0.9986998884989345,0.9985774433275773,0.9988824892736335,0.9989158431823876,0.9991422255378481,0.9988451296846378,0.9988443984675978,0.9887767091506843,0.9358030522175544,0.9543589647069146,0.9526413360404523,0.9432431268117586,0.9165427353217969,0.9522909891682876,0.9476779920484176,0.9564547275993048,0.9627359133432531,0.9513017898757147,0.9815886914168861,0.9815135575976934,0.990913194680054,0.9938313523933293,0.9831232770586972,0.9763925698802861,0.9817066958341796,0.9829646230334129,0.982117274894662,0.9819791721514842,0.9440730051767897,0.9684301409535714,0.9610033490377838,0.9607530307714047,0.912642255375378,0.9797912925075623,0.9761002569630169,0.9816224769987403,0.9808668087855316,0.9406303499000648,0.8862524862058266,0.8553287277445657,0.9041210927102494,0.9349668331585577,0.9222033180336625,0.9280409294256052,0.9271437233495707,0.7918968842798819,-0.5234258360143803,0.9747562963992843,0.9657488238614056,0.9644758567660596,0.9838857511023421,0.9644332535328325,0.9780728405632787,0.9777864658642388,0.9353754968340467,0.9792208781926934,0.9369998661414686,0.8088232654400646,0.9422117859473563,0.9594533119219175,0.8038326285915092,0.948610661928743,0.9498785656458117,0.8993943689007242,0.9751200487426266,0.8936973314956709,0.4026788962591454,0.6806126364100539,0.8995745986235901,0.8553744335456409,0.8958458264575168,0.9810731312885086,0.9811862282975132,0.7603114142692942,0.7473290653896847,0.76409530162423,0.45829819951700806,0.7242944788381113,0.7681929592457016,0.7641066097646056,0.7298384328912196,0.7911426626348413,0.7455355154423686,0.729727876764291,-0.4892807320786131,-0.5725298175229091,0.7203765782097261,0.8874724442849685,0.9172084990318355,0.9376978392711678,0.9047881134345231,0.8162781403579903,0.9024238325232132,0.9119115398909284,0.9114176745462633,0.7966194203571001,0.09279977915423514],[0.9831564749703253,0.990019349459484,0.9914491506910598,0.9841562338902237,0.9864748176779821,1.0,0.9798175001979824,0.9812960253352206,0.993550085540793,0.9807656861050588,0.9770819447773574,0.9762582099246584,0.9811045887338301,0.9816076301066783,0.9813634087221107,0.9809901655789126,0.9847728548850554,0.9818537731508957,0.9816897079731067,0.9817162401527044,0.9801701673339818,0.9812684696588575,0.9934873268534464,0.993379755182784,0.9828274172553312,0.9885083956656671,0.9833969334682714,0.975334577301484,0.9878091807641489,0.9749206665513134,0.9571746786466604,0.9635481552260228,0.973663051480608,0.9651664463158586,0.9795795824187891,0.980062938202209,0.9809060593521215,0.9820345778220676,0.9772223567741087,0.9805420744326262,0.978898125762411,0.9807456118065576,0.9798575772283112,0.9798898258031713,0.9961030125322791,0.8917929736215572,0.9334906675334553,0.9366565022677218,0.9449716910401509,0.9061554890487479,0.917594096075859,0.9129461718739025,0.9206303474576691,0.9392450918719671,0.9185131010717974,0.9486167436090702,0.9552905953757078,0.9618182420407422,0.9667509776425096,0.9738913678422503,0.9895477058696895,0.976560476981907,0.9867323229384658,0.9761736391499987,0.9756659549122154,0.9774738342246407,0.9747305631278057,0.9569717754697836,0.9564535075112344,0.9526142369044679,0.9855343425146231,0.9785508413019559,0.9747265644405557,0.9736409434419442,0.9694166508670351,0.9132116953617151,0.8727520240677304,0.9276905072543822,0.9289084825485279,0.9383410397787278,0.9197696463427305,0.917726680547432,0.7814662354823211,-0.4667334816971702,0.9845138446854076,0.9860940722684964,0.9828684483132893,0.9746912749208078,0.9780705201084801,0.9831223793712929,0.9827471922192232,0.9709785454726394,0.9734412036545186,0.9707596715263209,0.8206052516824539,0.9064445463194932,0.9600136600162662,0.8489205949069136,0.9475893031226627,0.9484991154071706,0.8665796438828495,0.959426704404233,0.8305006686038201,0.4819398600917241,0.6935881143523509,0.8406344844438716,0.8197776880594551,0.830646583460909,0.9589800776152354,0.9590461601072232,0.7424488909891154,0.736285325294904,0.749123783002016,0.4815415438726946,0.7486661736004206,0.7541748121672108,0.7480115659237796,0.7471277899576289,0.7797590752088743,0.714415390311733,0.7024364554768283,-0.319092022650084,-0.4495301324216926,0.7334740396318596,0.8525685907907868,0.8638589990284905,0.8838561220042812,0.8612049520629934,0.7864530517129718,0.8462687285203255,0.8564575387077057,0.8565063677690716,0.8007081349042848,-0.07372985445968837],[0.99785700329183,0.9941287577173106,0.9893800234756337,0.9980678868502311,0.9989654512319626,0.9798175001979824,1.0,0.9976946397446743,0.9571324267014506,0.9996407539382933,0.9996142276693656,0.9996452601440833,0.9985443772537871,0.9995085733491276,0.9992528525763734,0.9998947444803158,0.9968686360615678,0.9999048590458357,0.9994353324370089,0.9994396413470868,0.9997356239388373,0.9993833694775134,0.990893023433046,0.9754060203064581,0.9867816325934502,0.9293326199528814,0.9940663687804155,0.9934891433242162,0.9756647448042451,0.9559165403135353,0.9916210272690222,0.9922055141194791,0.99403467846781,0.9770709824170447,0.9990932912857348,0.9998661095664566,0.9997396695122895,0.9995069243855074,0.9997918269773187,0.9998528057408935,0.9986374038843683,0.9997578942709419,0.9994430609317813,0.9991283499608434,0.9798594697582058,0.9418594365894358,0.9566580179564332,0.9550229162740155,0.9421660862319782,0.9145601121383478,0.9594451886258072,0.9498454898302925,0.9618237392013718,0.9656155371648321,0.956207085876844,0.9827746963944077,0.9828315323410693,0.9924712059292066,0.9964811654360413,0.9548116346331376,0.9633046571072756,0.9739076356114895,0.9743663495529482,0.9753446636249442,0.9547181033985733,0.903791415145868,0.9587766857475006,0.9634823030504024,0.9465587386891582,0.8928431873412868,0.9699523914931601,0.947539640725097,0.9712274257162191,0.9551570450705061,0.8100494676992986,0.8772956293285259,0.8075763508878971,0.890385810491516,0.906316719034665,0.9104181021205419,0.8915700586223996,0.9024207441722701,0.41748200199406305,-0.5657283080396578,0.9648541048820679,0.9505811729822758,0.950850963408263,0.9561540188376599,0.9596237827365098,0.9710378190427554,0.9711262671967343,0.922468991788076,0.969727794577668,0.8629754957611104,0.8018924254555766,0.9424669897716383,0.9394066641655657,0.8198098722860848,0.9563367353320643,0.9571742393872804,0.9038194339264246,0.9745540367890203,0.8340935510947559,0.5633769572152001,0.726527639626911,0.85875803294148,0.8539441794727386,0.8402373484339235,0.9814926921504991,0.9816602658876433,0.7840222199147169,0.7451702854971154,0.7836403917487962,0.4514943601029247,0.7850274947626104,0.797606261872251,0.7886872493958802,0.7969572209746774,0.7890360585372851,0.7526006751318428,0.7358024318946649,-0.3060237136291821,-0.4583937767121976,0.7310959210984374,0.8929706600520484,0.922051369872495,0.9418673210093429,0.9121256845767749,0.8328608402234537,0.9104556207827411,0.9270708524108541,0.9255855198077854,0.7819455684553077,-0.0908846275982107],[0.9964275782332284,0.9920693038593569,0.9902095441336063,0.9967983370721617,0.9985716621407237,0.9812960253352206,0.9976946397446743,1.0,0.9676104728167415,0.9999998391214355,0.9999993669606666,0.9997850935990673,0.9999971149502649,0.9999933296371172,0.999998379783034,0.9993791318545734,0.9921016214692563,0.9995046621994051,0.9999143285465948,0.9999139437644531,0.999967678730284,0.9999988371253224,0.9914748000842822,0.977200719402174,0.9933694330056667,0.9431313897660512,0.9945600806352928,0.9920548340100958,0.9778616995230116,0.9556006044638554,0.9879952517585364,0.9939027422192057,0.9927014978972566,0.9743492497868627,0.9994934395157922,0.9996039778007314,0.9996991288121035,0.9997612490529202,0.9993243436145199,0.9995464265476393,0.9983482283310495,0.9989361190070729,0.999566096572279,0.9994400363555408,0.9816674347692594,0.9418163163894251,0.9544026138214363,0.9584256056345594,0.9419217018372456,0.9061312432575374,0.9576868312772622,0.9456499111063644,0.959748159577905,0.9605900460674988,0.9506856411870398,0.9808297956088302,0.9801767097257448,0.9915439583173633,0.996833792471709,0.9506330041186724,0.9605247982131144,0.9690431387950813,0.9722096644153106,0.9708096012311078,0.9533815810988501,0.8990735542829599,0.9553321081822608,0.9582120945612299,0.9421335444447276,0.8845057719379563,0.9680290540402099,0.9425545236012388,0.9668512633139674,0.951270369397519,0.8004900906069875,0.8716004448727124,0.8039898454303883,0.8846127963407221,0.9007457825981963,0.907199478251347,0.8880058350032337,0.8969467538205969,0.40288274321971734,-0.5686422935444795,0.9619346774203902,0.9464198025617432,0.9467142031153836,0.9545132035780057,0.9566440726691839,0.9681940787614033,0.9682715523056542,0.9198848454820572,0.964469096234817,0.8553819075646673,0.7996818695482089,0.9536969837273456,0.94915273678325,0.8176034986401992,0.956383082617128,0.957355613712538,0.9013408133154299,0.9781002695718588,0.8363794628832734,0.548959768946555,0.7182762287179467,0.8592288327419563,0.8506742660131085,0.8418111551839734,0.9836593884973411,0.9838288921524435,0.7755966328169847,0.7383539455466753,0.7843920187498363,0.4406299200538849,0.7799531399245777,0.792901152805225,0.78859832764328,0.791339715123346,0.783509392755366,0.7471284341641797,0.7298272785500178,-0.32079868086225705,-0.47204000441781885,0.720328711128195,0.8859699370075313,0.9193184416303823,0.9345806032935359,0.9066822740461674,0.8228207251936519,0.9041675422967262,0.9208296757928887,0.9195768242711457,0.7641705672180105,-0.07418778649815425],[0.9717740873472108,0.9882196829080747,0.9916000155402982,0.9737288724271276,0.984841292447661,0.993550085540793,0.9571324267014506,0.9676104728167415,1.0,0.9826410240810731,0.9873304638235149,0.989801590241535,0.9712017757321632,0.9795323462254936,0.9760606231308225,0.9741896252118107,0.9507911599597206,0.9790283774948673,0.976706937944846,0.9766843393361031,0.9811167282666631,0.975927262471118,0.9938370914107567,0.993584196346984,0.9802070118615605,0.990400152333957,0.983404823855747,0.9913135300106192,0.9911217317846894,0.9712068177533123,0.9270768990155577,0.9487041001630659,0.9659632916093468,0.9529936910697359,0.9705162819102308,0.9790537682373961,0.9755913018871841,0.9779328318978844,0.9884910827043005,0.9802844498598767,0.9669462587572386,0.9764471254012812,0.971402350755029,0.9704169059849594,0.9990810785418933,0.908706362472493,0.9276652371561094,0.9551428221405707,0.9444218620196861,0.8881733527887925,0.8881837386060789,0.8892225074844755,0.8923025684340163,0.9204151626654214,0.8997096235404626,0.9303444368413899,0.9476235917594977,0.9525703261745908,0.9605595467652321,0.9108963358181761,0.9710195325838803,0.951699935946967,0.9698995339010241,0.9516814379096774,0.9102796150484411,0.9237361280696218,0.9499168721660383,0.9251730343862917,0.8910798557835435,0.8942808202108009,0.9713764137046195,0.9277779065665497,0.9488813381489414,0.913295321021518,0.8454916738475414,0.8695953503997433,0.7550419012528963,0.8867308854560975,0.8932836840735462,0.9064674418640702,0.8565982913056067,0.874725141619648,0.457266618864487,-0.49479188361649007,0.9623560816319703,0.9573716155755139,0.955353096881938,0.908959949020962,0.9536415392166161,0.9606786811398449,0.9601323995839899,0.942118527034595,0.9469041112853123,0.8872455100493107,0.8066540759002419,0.9460385448338728,0.9647050366877293,0.8257559752836484,0.9400440267716662,0.941493209315398,0.8557347360784416,0.9690939664374115,0.742283152230158,0.4354341733587754,0.6607496271543036,0.775985841970657,0.7797623016499906,0.7541467019925541,0.9684395116293972,0.968442075505887,0.7064782637994147,0.7027160686134458,0.6767429134761132,0.43660993091184586,0.6953870768003636,0.6955329705624639,0.6753980009660064,0.6963201193619486,0.7582746517473978,0.6895443311692769,0.6749563333728347,-0.3595116912206651,-0.496193262899211,0.7317734893870443,0.840875094619698,0.8301049407553154,0.8629383859089128,0.8589599669076617,0.7608074326753724,0.8152746490712421,0.8362672876219334,0.830014485812504,0.7104111729525403,-0.008857659009202252],[0.9965808091062092,0.9920734245787195,0.9927937157308832,0.9970013070505943,0.998568461310845,0.9807656861050588,0.9996407539382933,0.9999998391214355,0.9826410240810731,1.0,0.9999991732223213,0.9997895291666733,0.999998549870858,0.9999923079758423,0.9999979313614491,0.9997090366989029,0.9980055216145254,0.9995040332522871,0.9998921894522782,0.999892140865999,0.999979220610853,0.9999993715769028,0.993991591871873,0.9790244373354571,0.9965029445078301,0.9747595676066264,0.9965800286355048,0.9920522866661041,0.9822379669544528,0.9570392087869413,0.9899319729251307,0.9939087426143707,0.9904854870704943,0.9713146885921549,0.9995346341675002,0.9995985716253241,0.9996122256242939,0.9998459271260508,0.9993353696240506,0.9995536543549332,0.9985887137220828,0.9989813234554983,0.9995427808347633,0.9995384923775861,0.9861510843726186,0.9416851111872292,0.9544305551799714,0.9582820951099815,0.9417922461840679,0.9062319642191691,0.9504385505069668,0.9420660160600877,0.9540294382573267,0.9589987985806855,0.9490703306614273,0.9803504196567,0.9802084420321499,0.9921012623603939,0.9966933285541468,0.9737390996669216,0.9604175685483259,0.972206408917166,0.9721515244943431,0.972771661454115,0.9725956777996546,0.9315730755358163,0.9552499702223125,0.9516713718873472,0.9513904574371557,0.9010293004112906,0.9679397417409419,0.9666637643762922,0.9723954602074487,0.9714887076924161,0.926990496398985,0.8716181813491976,0.8351722411907441,0.8844774699167581,0.918628662491811,0.9078537872897045,0.9128182457870037,0.9121084570665118,0.7484495384878973,-0.5682104256143693,0.9618955013129875,0.9463936049127373,0.9467022159944184,0.9747005647221137,0.952044707502386,0.9679032125613988,0.9676001112372017,0.920618695535534,0.9692504333424838,0.9224966197528538,0.7996766318049513,0.9534699908448104,0.9599613818182525,0.8036581569983426,0.9508094325649491,0.951921215507787,0.9014130645941419,0.977381258919212,0.9017035307597465,0.44539837424880335,0.6971835914970067,0.9075205493529858,0.8632400753648726,0.9037262435035861,0.9836218250575235,0.9838176923739609,0.7756655896817938,0.7381678025373523,0.7788329612583991,0.4407297972805567,0.7398374026940977,0.7832337532603679,0.7788534665842365,0.7475067641676589,0.783345423765873,0.7471601028583829,0.7298405587685353,-0.533306987035176,-0.6167515771193289,0.7193654651846463,0.8859609491055696,0.9204982172696675,0.9398487766509666,0.9066980408551817,0.8198795949697879,0.9031960159102926,0.9147227178827936,0.914221757545407,0.8085070759859091,0.15241489207863335],[0.9947419605783817,0.9921052161898525,0.996701232623134,0.9954047640979977,0.9981864989635039,0.9770819447773574,0.9996142276693656,0.9999993669606666,0.9873304638235149,0.9999991732223213,1.0,0.9997883404014904,0.999996454500908,0.9999951444926273,0.9999984405967969,0.999696776019599,0.9977606554705005,0.9992779220520218,0.9998033577544468,0.9998034111134722,0.9999984856943174,0.9999984669011889,0.9935108586775258,0.9757044863027422,0.9956737916667543,0.9828641471559055,0.9962231221535395,0.9920643071096185,0.9845994011181136,0.9507839627730791,0.9895241049023697,0.9936402740111833,0.9849466097318383,0.9490937048460031,0.9993468498695869,0.9993984494733739,0.9993446763901962,0.9999043060439359,0.9993206892120868,0.9993542201033851,0.998120394596533,0.9986383926497008,0.9993253044978128,0.9993232737719985,0.9886594967514132,0.9414351138915572,0.9251958675738193,0.9582518660079109,0.941738250361848,0.9059857018311277,0.9241105920694507,0.9156003613676049,0.9281422815477353,0.9360700277806124,0.9226983154916398,0.9738606073105035,0.9738390878991846,0.9910601207133001,0.9953783640108342,0.9662227183136808,0.9605581432734024,0.9599997332581094,0.9635665056253208,0.9611062024527177,0.9608792728653175,0.9092319242390917,0.9452462769609813,0.9176483344423464,0.9171451523518035,0.837852983743479,0.9662500349860536,0.9711685416107143,0.9679532424097078,0.9668549175811699,0.9209831189860594,0.8147864570944376,0.7819874768854476,0.8524566269972413,0.9014765690124329,0.8736979096350288,0.8875201116382954,0.8863583231927439,0.7530988786537587,-0.3584592111263084,0.9502285775043815,0.9465554245840111,0.9468245792526223,0.9672323915841431,0.9389724887699777,0.9526074624296823,0.95198943568892,0.8958454844241829,0.9550101650040922,0.8996451113032458,0.7998423092599741,0.9537505513469773,0.9644256588540046,0.710373830320617,0.9150796212722908,0.9175125266777246,0.8612188514871332,0.9860701373969863,0.8493162946284528,0.09959110707995118,0.5547633745750422,0.861098075124943,0.8303612266053834,0.8562267895663869,0.9867868520210986,0.9868017191755383,0.5515682235169698,0.6582117847520277,0.5587151777466786,0.44068187125993996,0.5281198802917695,0.5683805453458984,0.5593239145574294,0.498441211533466,0.7731827506468858,0.6239609213180686,0.5864020212376708,-0.49334846156797224,-0.5529175646696132,0.7188797541623569,0.8671436953130107,0.8793290050123137,0.9135097894342673,0.9008036156605757,0.7006831273802856,0.8590047147488789,0.8732332184309277,0.8725946439950893,0.6317641361645459,0.10722314744974232],[0.9939442093104577,0.9932984184067629,0.9958853682404363,0.9948054598537142,0.9980803190407231,0.9762582099246584,0.9996452601440833,0.9997850935990673,0.989801590241535,0.9997895291666733,0.9997883404014904,1.0,0.9998020776867825,0.9997889701887331,0.9997939004983889,0.9996911039432804,0.9983619230457006,0.9994579335009822,0.9999730465642809,0.9999728182715653,0.9997933678258323,0.9997980012034379,0.9932242546906773,0.9732266932923967,0.9946544953919808,0.9837559355555301,0.9953706006837523,0.9942146771986798,0.9812671363642923,0.934000825922248,0.9922435140486145,0.9947950596815704,0.9811100711479211,0.932894454365915,0.9994757356124722,0.999517693505117,0.9994812054774252,0.9996288702321977,0.999648505898391,0.999495417736358,0.9980224099293852,0.9986686515833052,0.9994619198581675,0.999458981041503,0.9900372090273418,0.9374186301387047,0.9141813608111027,0.9552671567532534,0.9399932775546843,0.9057809134926502,0.8938934908013352,0.9278152655063361,0.8970395055701353,0.9161253656050815,0.8924102120195595,0.963300456180587,0.9632877908599656,0.9829935567943359,0.9950976763499393,0.9650004849690792,0.9649539951251572,0.9551485136150805,0.9613344200624319,0.9572568504695136,0.9570875773551779,0.9095286475218838,0.9360370750803585,0.9017146002388752,0.9013790983443807,0.823636973183874,0.9655159637523184,0.9673539228732013,0.9673439865556861,0.9666573415411804,0.9280809646044077,0.7740108303391618,0.7398641188477268,0.8238136414827429,0.8828223100374168,0.8436812901939975,0.8640112007648368,0.8632786874980769,0.7393519612012556,-0.2232400017606187,0.9443676160465491,0.9483309797913869,0.9440018209619908,0.9656178068592381,0.9387293013360979,0.9474446501307788,0.946627697738363,0.8945486741764104,0.9494289976773523,0.8971851154188866,0.759161908091385,0.9515093601135718,0.9455105196591622,0.6018246014447842,0.8671869544800568,0.8712154790848732,0.7676923501303281,0.9806485203035501,0.7448207705951069,-0.26636815262513275,0.30387390726566293,0.767571225543494,0.7248985916168267,0.761486000454816,0.981709942990215,0.9817962258657947,0.2612407509058709,0.41904903390611475,0.26709165821554737,0.23895066951805505,0.258939594593042,0.27358298793682057,0.2709831214051486,0.18798481505536815,0.5933856273339602,0.3305235795932353,0.27881779561521053,-0.5032992916363439,-0.5520758198456722,0.7188276902275256,0.7727979340337972,0.7955202428756862,0.8599928663687735,0.8368625302582213,0.6112760553833625,0.7850629303800234,0.7907159772575688,0.7897641154520624,0.45908059770449167,0.2944754482930787],[0.9965153757530262,0.9921514965930858,0.9900542046975636,0.9968700769042699,0.9985843774587403,0.9811045887338301,0.9985443772537871,0.9999971149502649,0.9712017757321632,0.999998549870858,0.999996454500908,0.9998020776867825,1.0,0.9999917163454497,0.9999976981707398,0.9994227805375565,0.9936742057187528,0.9995413919426596,0.9999237930424059,0.9999235875005461,0.9999744120688275,0.9999990072461556,0.9913514926751054,0.977000911837445,0.9940110503981701,0.947985928291143,0.9945103377004324,0.9921535342312511,0.9776586495329972,0.9555339759652874,0.9889071342237874,0.9939917355893717,0.9927845009202377,0.9744720172478767,0.999535988678505,0.9996417625518024,0.999728242681832,0.9997592127917547,0.9993764231124729,0.9995851555999584,0.9984313121959042,0.9989985116696319,0.9996081761008013,0.9994830645083472,0.9814140629269786,0.9420433840927341,0.9545449180910018,0.958334055922851,0.9419455165062205,0.9066494957272665,0.9580399502893061,0.946025807766511,0.9601027949326346,0.9608990245323277,0.9510637422016618,0.9810794754251627,0.9803552864208781,0.9916724390912768,0.996920840071749,0.950862300802347,0.9605065476754993,0.9691875292671259,0.9722280473739886,0.9709530468008087,0.9535629851410308,0.8989652811991377,0.9554292073473575,0.9584653807280035,0.9424487448781953,0.8845830379399316,0.9680095344141731,0.9426656015361647,0.9669748206199945,0.9514836695659955,0.8003545925916702,0.8717908438080256,0.8043871063809447,0.884791509423435,0.9009152686460014,0.9072837718257245,0.8882853669260069,0.8972136971564859,0.40293077483323125,-0.5687744443257375,0.9619794562027285,0.9464759484357524,0.9467721419058638,0.9546998115769457,0.9566850588991495,0.9682609358161811,0.9683403976671027,0.9197993835937078,0.9646327401383091,0.8553110165470253,0.7997083476400817,0.9531868673847443,0.9486610321392775,0.817587828917146,0.9563741961785329,0.9573392609430652,0.9016813211404718,0.9779648021458783,0.8368874158532015,0.5500855291747974,0.7189127713738876,0.8597188056176518,0.8512076115694548,0.8423091612678897,0.9836011651110979,0.9837708728128672,0.7761992883792984,0.7388321716562974,0.7850187029806546,0.44119832326856784,0.7806155129586122,0.7935997538746108,0.7892410140395488,0.7920508216042643,0.7838336793306357,0.7475808515449882,0.7302925709618013,-0.3199045832433851,-0.4712554192912839,0.7206701603372833,0.88648540345773,0.9198104409237393,0.9351164391070048,0.9071637428877781,0.8233744041216902,0.9047565056146292,0.9214255150829688,0.9201648745416079,0.7648476292584994,-0.07523939719395852],[0.9965444991431307,0.9920672633796866,0.9921013342250402,0.9969827693407264,0.9985992187867612,0.9816076301066783,0.9995085733491276,0.9999933296371172,0.9795323462254936,0.9999923079758423,0.9999951444926273,0.9997889701887331,0.9999917163454497,1.0,0.9999954655936709,0.999602133515117,0.9979724975333103,0.9995026009032367,0.9999099974797423,0.9999090221978456,0.9999574305763389,0.999992092027624,0.9932144835315538,0.9774565240550082,0.9962199056830865,0.9688607328202563,0.9960090491197529,0.9920396322000055,0.9782023339272097,0.9558069038688125,0.9893580270114595,0.9940943416472301,0.9921006329362028,0.9740379528158337,0.9995201119812663,0.9995969466771587,0.9996522355698216,0.9998961517524385,0.9993446057981771,0.9995371610297337,0.9983196953146163,0.9989261150425242,0.9995418341906825,0.9995354229337966,0.9840011435143393,0.9418325179782553,0.9543537958438969,0.9582717851108585,0.9417982473725824,0.9062446327628498,0.9536201074767113,0.9398108628584549,0.9559439295190691,0.9603166833434129,0.9503561944617809,0.9798158089695617,0.9800538930055086,0.9910224216207636,0.996920758942938,0.9747835666259707,0.960173837383497,0.9738301344373739,0.9721686751276681,0.9747611833751585,0.9745794492551583,0.9405543944059536,0.9550117124086807,0.9571503813667807,0.9568725252147625,0.9174829871420663,0.9679668513373754,0.9695361660248861,0.9743737037827229,0.9734047354021582,0.9348815031415639,0.8714186597078087,0.8400927127679954,0.8843385141867054,0.9107455238836603,0.9070429357996024,0.9077430388221909,0.9067345970389432,0.7269984536652672,-0.569346983497718,0.961925473466048,0.9462516549799075,0.946445059616408,0.975763545843775,0.9567189307354066,0.9681995826867253,0.9682971516908294,0.9199549221231986,0.9699204359408518,0.9307635487494021,0.7996328065117451,0.9532830914433108,0.953166824239228,0.8169426211237114,0.9562695901698108,0.9571817353542853,0.9012913676651289,0.9782885312153463,0.887209977112358,0.5492385065568122,0.7177956875443594,0.8951338070168631,0.8649012391082623,0.886318418254032,0.9838510096905652,0.9840441355631788,0.7748361749162518,0.7377101259145089,0.8061083430607653,0.44077713117864836,0.7880346933531583,0.8104025665462551,0.8048982513468946,0.7929952897168764,0.7834549490883004,0.7459394813587122,0.7286629317958269,-0.4091652851096825,-0.5313898618101492,0.7189506531870955,0.8859617803725842,0.9164504174384273,0.9308217552062754,0.9070179689046334,0.8218430705499958,0.8937202249539965,0.9098235975471506,0.909429699747721,0.8422149849516962,-0.04196976479123043],[0.9964683779451234,0.9921213239642022,0.9902616106802778,0.9968386819785604,0.9986024113884309,0.9813634087221107,0.9992528525763734,0.999998379783034,0.9760606231308225,0.9999979313614491,0.9999984405967969,0.9997939004983889,0.9999976981707398,0.9999954655936709,1.0,0.9995065588792444,0.9973008164346683,0.9995189654281731,0.9999168418973264,0.9999161788290444,0.9999684896612799,0.9999977573371578,0.9915174446189192,0.9772626273586577,0.9955966261744755,0.9606522121630946,0.9953956129740619,0.9921161240621691,0.9779143784688528,0.9557575094786398,0.9913719385961157,0.9942435765018834,0.9926546786263127,0.9742696913753518,0.9995038623219804,0.9996047149617562,0.9997055312069579,0.9997753357012527,0.9993481028030241,0.9995436934893719,0.9983709362612087,0.9989506132815928,0.9995750142591608,0.9994514017937939,0.9816696209521066,0.941876384874387,0.9544227174626726,0.9583993770782846,0.941962838506219,0.9063598593579073,0.9577586842170046,0.9457704443215538,0.9598492476872731,0.9605465962800273,0.9506079947365893,0.9808510970405426,0.9801256221129223,0.9915167012219184,0.996799284470026,0.9508982457121051,0.9605679290851157,0.9691941886788736,0.97229153788451,0.9709480318610231,0.9532096567846425,0.8992656122871756,0.9552672722053002,0.9582744483048028,0.9423237146496782,0.8846315093226691,0.9681609629956028,0.9428631751047267,0.9670346052206553,0.9515488708435413,0.8007994916888177,0.8716202313467643,0.8042291455956065,0.8846708508197394,0.9009014551820215,0.9072158450781509,0.8881457646560573,0.8971011921052172,0.4032182075785644,-0.5683432834669292,0.9620253649245099,0.9464949893384127,0.9467888053318941,0.9534533552271044,0.956806304969222,0.9682771881894249,0.9683515529117147,0.9200692344931881,0.9646212032386127,0.8556191930057183,0.7996918621495142,0.9534533926291893,0.949070126320269,0.817621213259513,0.9563219377401727,0.9572982672900786,0.9011669471932459,0.9781159814525271,0.8364027805754991,0.548778473287948,0.7181661170317704,0.8592314157690988,0.8507843867302199,0.841831297570937,0.9836930659956079,0.9838598382230277,0.7752309840680248,0.7380465823782343,0.7843674055742071,0.44085020353765647,0.7799281115710657,0.7928204643738851,0.788741539006456,0.7912413045954806,0.7834367237810359,0.7464369040044222,0.7291687176771581,-0.3206226121345068,-0.47185998098450405,0.7205132380135602,0.8858826800974748,0.9194302135901287,0.9346134898131749,0.9067234171794646,0.8226263601500914,0.9043532603007703,0.9208561620728305,0.9197161450431475,0.7642543883727089,-0.07443840106597216],[0.9977756306045868,0.9940788181035161,0.989754192459875,0.9980125958483389,0.9990675998994948,0.9809901655789126,0.9998947444803158,0.9993791318545734,0.9741896252118107,0.9997090366989029,0.999696776019599,0.9996911039432804,0.9994227805375565,0.999602133515117,0.9995065588792444,1.0,0.9985281386454723,0.9998634760496962,0.9995861445507793,0.9995904538045431,0.9997885906428583,0.9995746802270193,0.991195587397423,0.9763147509894615,0.9943524795336683,0.9538672935049344,0.9940196122090561,0.9934075443132181,0.9762937463767224,0.9563721613570291,0.9917516498566241,0.9927594549411335,0.9934695393025489,0.9762048166210796,0.9993139176209918,0.9997492625556215,0.9997388244857973,0.9996036426245001,0.9996486536850266,0.9997086920371041,0.9989136886793165,0.9996187156002303,0.9995384141821833,0.9993139721397793,0.9804088764754483,0.9406271336635389,0.9563774307189896,0.9561348817504037,0.9429555391107134,0.9123715584976534,0.9596707740956443,0.949969392231826,0.9620290211647106,0.9643196041606538,0.9544658625679261,0.9826963416553417,0.9819946687905599,0.9923929299042406,0.9963610486108581,0.9551230260168224,0.9639940778155374,0.9736912856633613,0.9747083734993409,0.9752010021815388,0.9558663692012046,0.9041446679660895,0.9584878232027908,0.963104341950421,0.9468911031329661,0.8921333635903529,0.9705469708514994,0.9474407004943342,0.971065109569457,0.955629617349545,0.8084861038188372,0.8767328826842536,0.8082948541249281,0.8898081969011249,0.9055274638541311,0.9097783934450596,0.891630486182524,0.9019870870114034,0.41376090578418756,-0.565779303478908,0.9651567472872812,0.9510569904825618,0.9512271697434839,0.9572580650529694,0.9602874164973171,0.9712181637261792,0.9712945178426362,0.9238802453178524,0.9693724919593737,0.862401612678375,0.8014775824911086,0.9454252052388964,0.9418047471894987,0.8198707114751277,0.9563772866674848,0.957178318275114,0.9012695270601537,0.9749399549801091,0.8357258179436037,0.5583605802445428,0.7229896806891166,0.8592754740398235,0.8533934947196289,0