var element = document.getElementById("correlationClose");

if (element.style.display != 'none') {
    var correlationClose = {"data": [{"type": "heatmap", "z": [[1.0, 0.9999830635722349, 0.5695446063734078, 0.999700634263964, 0.9974666251449189, 1.0, 0.9908232633623164, 0.9863796902770712, 0.9914723295154799, 0.9730918080099678, 0.9820231553142786, 0.990867877755776, -0.13068653255225932, 0.9909331536029552, 0.9909749781698232, 0.9935678344575566, 0.45460082265529034, 0.9919462805893587, 0.9919315372421063, 0.9838808511335255, 0.9908549527574427, 0.44577816322975033, 0.6643965988328282, 0.9778221308772066, 0.9777991684983627, 0.960284733189208, 0.30621169420963235, -0.12252511710128, 0.9898381398163255, 0.9897969838111078, 0.2758570175232301, -0.2041926131324123, 0.9937533718048231, 0.9946240252240187, 0.8108548393287753, -0.39038657871226845, 0.9875231752153457, 0.9943803256146276, 0.9942795345390502, 0.4369512621697173, 0.9939408687470145, 0.9939271131874365, 0.9939408687470145, 0.8885044948459655, 0.6706445178780777, 0.864393780889784, 0.8793439513380453, 0.7928947835719897, 0.38863907616414334, -0.131769132623484, 0.19164143601230474, 0.9454930905775477, 0.46355256820681107, 0.9769500118454313, 0.9711300031316713, 0.9145170186184528, 0.9104204681139457, 0.9327830093700129, 0.9083487459077222, 0.9295461613455711, 0.9303319641965957, 0.9295461613455711, 0.8432222129751586, 0.9059630333586602, 0.9070593525889253, 0.9059630333586602, 0.8953553041283123, 0.7331308646026387, 0.87037856824646, 0.8720082552596709, 0.87037856824646, 0.6177694880454829, 0.30805049307852755, 0.5944565399262931, -0.5949847792486315, 0.48956558589773536, 0.5438190410728839, 0.545208556297766, 0.5438190410728839, -0.10078645869787693, 0.8825618676564075, 0.9143601438093482, 0.8961119313675574, 0.9160223244041112, 0.4514269835658496, 0.8797653440831477, 0.8809764905954198, 0.8797653440831477, 0.8894086473157179, 0.8894086473157179, -0.1615818641099879, 0.5473232713178594, 0.19292170397476377, -0.558624297961776, -0.562098715014523, -0.5657618355009313, -0.03864435908983815, 0.05616825066932508, 0.26058639944569795, 0.13827792809116646, -0.38175155840926595, 0.05703065466800981, -0.7924118970851456, -0.2092756355832966, 0.12075118368556427, 0.12098767480223444, -0.5400886806660182, -0.6055322005427788, -0.2108999788110156, -0.48574135831324333, -0.8292471858670953, -0.3479038830513102, -0.33893036736061577, -0.3479038830513102, -0.1833795694243056, -0.25531614892931953, -0.25531614892931953, -0.817716286692429, -0.817716286692429, 0.39966586511172425, 0.6576883044704702, 0.8731801553622666, 0.8519698838699508, 0.7894647410917985, -0.24695152304751525, 0.7675661993826959, 0.8080970440117764, 0.8083929041249291, 0.8080970440117764, -0.2356017499198369], [0.9999830635722349, 1.0, 0.969280734987456, 0.9992143835146113, 0.9937416227962478, 0.9999830635722348, 0.977979186529994, 0.9689937927925718, 0.9777588894710911, 0.9585010540900101, 0.9799280822868095, 0.9780271941648486, 0.9779867954986073, 0.9778044585071767, 0.9770870805387183, 0.9855496535131376, -0.2628523732133016, 0.9834102092107887, 0.9833814895083747, 0.9780925450290214, 0.9780832536375322, -0.1481933814239848, 0.9680169480731573, 0.9711351899312173, 0.9712059403692924, 0.9604899118559581, 0.03626584583276983, 0.14961001592101794, 0.9758024818060105, 0.9758627855887282, 0.971148485082213, 0.13773558042874123, 0.9875043862146539, 0.9875845329123917, 0.98836077388825, 0.9801744395726238, 0.9859084082523343, 0.9875370783786647, 0.9881863811795883, -0.26949157351741565, 0.9884452238587217, 0.9884256418294035, 0.9884452238587217, 0.8886230147288277, 0.5509030329225577, 0.8647194574258839, 0.8794658510781046, 0.7921739279054029, -0.44105922362973343, -0.5484765900921689, 0.8290350856631042, 0.8563608027722946, -0.17868933148831298, 0.9339672988568403, 0.9340480774894541, 0.9230770007811437, 0.9331197146102419, 0.9107265092059554, 0.9103559401175867, 0.9175344094466457, 0.9182720044360695, 0.9175344094466457, 0.7744141482311282, 0.7347773740708424, 0.7369997847308347, 0.7347773740708424, 0.9273267440593266, 0.9324824883837899, 0.9271778229932026, 0.9283956084910084, 0.9271778229932026, 0.4434327441924094, 0.38495148714668204, 0.5061723147620762, 0.610400786992646, 0.4897771219688842, 0.5306839086381795, 0.5315635791624927, 0.5306839086381795, -0.2172199204698482, 0.8672953472444451, 0.9040149808553525, 0.8904522968609232, 0.9303172615301486, -0.08193497140740737, 0.861309512158355, 0.8617185214023724, 0.861309512158355, 0.8726118267891916, 0.8726118267891916, -0.26430811264953535, 0.54775882077652, -0.3833472811219787, -0.6543267010194435, -0.4681881887632017, -0.4715866083008267, -0.30599299479145475, 0.221104341877639, -0.21621933735972668, -0.3950624991435755, -0.5897551578745471, -0.2876502511806745, -0.49994390261879934, -0.34148259262949293, 0.09520144653595777, 0.09040364515563973, -0.48908234426099073, -0.4446112091039016, -0.47268409760076885, -0.5022278518066721, -0.494748589448804, -0.47487705059658386, -0.4781024623142746, -0.47487705059658386, -0.35842420978078804, -0.4976109735261507, -0.4976109735261507, -0.47129747390645205, -0.47129747390645205, 0.4001615946646129, 0.4143643101828987, 0.5193206684265483, 0.6016556508249272, 0.5770133318210093, -0.3908961131865888, 0.3828902739849968, 0.37357269501512697, 0.3736672543777031, 0.37357269501512697, 0.1148758778475081], [0.5695446063734078, 0.969280734987456, 1.0, 0.5631045271050032, 0.4521958554144192, 0.5695446063734076, 0.5582759112098848, 0.5466165335887163, 0.4577169202782725, 0.39783767163410455, 0.9966489789909606, 0.5582884934391837, 0.5149312472531408, 0.5586208043166951, 0.5607660183222178, 0.596867483579054, -0.10375508172653607, 0.5036996658473879, 0.5027787673304688, 0.45582232324725763, 0.55717555743101, 0.20882514358416313, 0.6976502078509205, 0.5253134496129661, 0.5250281716543749, 0.983635518447599, 0.2910510685587815, 0.17812205584877536, 0.5235339385682074, 0.5230327191961829, 0.7670328266015582, 0.009109525408016038, 0.5565084619803973, 0.4566586680322166, 0.5433017481395437, 0.36057883117665135, 0.9939556582227042, 0.4439648946420026, 0.5590549986258809, -0.11002150428437489, 0.5725562820496563, 0.5545540786143661, 0.5725562820496563, 0.8940429481425409, 0.389178427479655, 0.9028975639298481, 0.8677683761710956, 0.6502119597507101, 0.20062013838097228, -0.011434377956291078, 0.057642412828704956, 0.4231638148807054, -0.0720854528818835, 0.5146321018423559, 0.44852530682155906, -0.07286187823528216, 0.6883990898366161, 0.6429433230546966, 0.48252410937321305, 0.6491994466386243, 0.7126192933081643, 0.6491994466386243, 0.32986429093515623, 0.5428716681172883, 0.6424748718581442, 0.5428716681172883, 0.5595902588689712, 0.62111115000112, 0.661353663814217, 0.7333380205952683, 0.661353663814217, 0.203229887152015, -0.0840133622401138, 0.22262651905231734, 0.14764851732908998, 0.22219899914607213, 0.2626178839948104, 0.39537086892612106, 0.2626178839948104, -0.17269096707798637, 0.4380078118109623, 0.8071298882583772, 0.5233451308466391, 0.7291375113402883, 0.07997847832603054, 0.5047063208990382, 0.5047980339049953, 0.5047063208990382, 0.6298242799965729, 0.6298242799965729, -0.2881648812446098, 0.7167276971002526, -0.22825141861858222, -0.5431465650886669, -0.3878854364262501, -0.391531866591522, -0.39117784440784237, 0.011895483860406704, 0.024532465458109026, -0.25911362682005074, -0.5258871915144184, -0.13491015680150384, -0.22537889276595446, -0.20871971649082252, -0.026979304981913758, -0.030716368905460614, -0.4474961180787725, 0.011070240134936134, -0.2188627479984972, -0.4818628142127076, -0.11209456384017204, -0.35659985311537096, -0.2324142542245517, -0.35659985311537096, -0.427974990546207, -0.5046976799694606, -0.5046976799694606, -0.239048632788062, -0.239048632788062, 0.32563126370011986, 0.13467637831952264, 0.24388452158442803, 0.4883851071121943, 0.21616151446703444, -0.3054091635458423, -0.03724656979010631, 0.4465712279925479, 0.5612807818026582, 0.4465712279925479, -0.04207547121818211], [0.999700634263964, 0.9992143835146113, 0.5631045271050032, 1.0, 0.9986295318650613, 0.9997006342639639, 0.9924282008527389, 0.9884668982913967, 0.9934259261518616, 0.970854946547249, 0.9870522087261099, 0.9924605721376912, -0.13507784553341087, 0.9924978521980042, 0.9925375757197079, 0.9951496698986827, 0.4403493555459295, 0.9933247734961715, 0.9933121448783154, 0.9843175232583229, 0.9924394275598595, 0.43699235874753845, 0.6677931469860447, 0.980792686912234, 0.9807700336267395, 0.9706912609131625, 0.30127572246162626, -0.12985601545857672, 0.9895739335485707, 0.9895431756218607, 0.26740501187395094, -0.20503271581597313, 0.9945551879242962, 0.9957121695887278, 0.7701983624938379, -0.39616564268441506, 0.9912047816529697, 0.9957113310105559, 0.9949064156119373, 0.4223296379351383, 0.992127164338429, 0.9946289806789949, 0.992127164338429, 0.8869045597780361, 0.65783827132168, 0.8726845548991171, 0.8758325637820461, 0.7701442632016303, 0.38308370154228655, -0.13780381208338452, 0.18506310463163178, 0.939682618604862, 0.4473746059747126, 0.9726256103897554, 0.9682879758571143, 0.8901641189143233, 0.9014250063743919, 0.9176969069915168, 0.9032154922089594, 0.9097825521925289, 0.9108732493262738, 0.9097825521925289, 0.8332074877489685, 0.892260123282551, 0.8934657303232324, 0.892260123282551, 0.8908755517606639, 0.66545612100009, 0.8259663931424988, 0.8276344986873103, 0.8259663931424988, 0.6075914064823896, 0.10120711895209923, 0.5822844074775475, -0.6001892225579393, 0.4828620531917251, 0.2855452827662831, 0.5129935217114491, 0.2855452827662831, -0.10776016071712664, 0.8757065356811782, 0.9035238728937638, 0.8859321375653765, 0.8892153694713352, 0.4380183772934632, 0.8739141826580566, 0.8752945875659736, 0.8739141826580566, 0.8669956454852316, 0.8669956454852316, -0.1679057760601582, 0.5748029895759348, 0.19765171075810514, -0.5694753587378845, -0.5700222044827932, -0.5735897842692023, -0.051415151578880554, 0.05053401247416312, 0.25331388566092944, 0.1253445191659003, -0.39480120481453396, 0.05028173608981764, -0.7992847433669797, -0.21742408965233792, 0.10945129853702237, 0.10973324800352452, -0.5477235486591573, -0.6024035122068426, -0.21275665521617484, -0.4982738518683505, -0.8317518440063842, -0.3498407224475715, -0.3414343590938962, -0.3498407224475715, -0.19301534051710378, -0.2657219722388041, -0.2657219722388041, -0.8180511959795762, -0.8180511959795762, 0.38581309742285436, 0.6456138134559697, 0.8656166921447184, 0.8444651723716418, 0.7821420000877785, -0.26072718593420696, 0.7586815808335977, 0.7995194636935441, 0.7998228094776848, 0.7995194636935441, -0.2203767582840159], [0.9974666251449189, 0.9937416227962478, 0.4521958554144192, 0.9986295318650613, 1.0, 0.9974666251449189, 0.9967663095113459, 0.9947848714818123, 0.9969522957794326, 0.9604115231359561, 0.9953181530006825, 0.9967848175285688, -0.34608872121709183, 0.9968158318818932, 0.9968398048270433, 0.9978579428252478, 0.24556988745245126, 0.9973605971485091, 0.9973541103346053, 0.9860606563237311, 0.9967710637369963, 0.0691471291067275, 0.6277431876976788, 0.9905341788102422, 0.9904895346286167, 0.9845324860086799, 0.047999506306353495, -0.1152453759143917, 0.9877555648043731, 0.9876917827515513, -0.04953168163801474, -0.10305907609954001, 0.9977105604823104, 0.9976483560914261, 0.746353710517625, -0.538985980338597, 0.9971287782886178, 0.9978997797882851, 0.9979964454442143, 0.22181324862416682, 0.99766718551292, 0.9976677161308175, 0.99766718551292, 0.9022222181936026, 0.6186520115014136, 0.8947717035751046, 0.8797766614957493, 0.7362624341075484, -0.09876948000622886, -0.5796371124803211, -0.2369918063181607, 0.9248879242298835, 0.30271944846384913, 0.9660899999820349, 0.9661624063054336, 0.884052587686345, 0.878669264136065, 0.9028866136295031, 0.8879344700335284, 0.9009608564190017, 0.9013943971672456, 0.9009608564190017, 0.8026460046831511, 0.8338874209689146, 0.835282049733544, 0.8338874209689146, 0.8774469749820526, 0.7686948933681743, 0.8571791380010434, 0.8581940868634726, 0.8571791380010434, 0.557987846323249, 0.42149438093682856, 0.5409880258311923, -0.6456247099642867, 0.5374893831302049, 0.5144895005946731, 0.514021003880198, 0.5144895005946731, -0.12817105705955514, 0.8541750209147094, 0.872124378368945, 0.8576274410531287, 0.8940684143464981, 0.2950242351410855, 0.8555213404614666, 0.8568654948584211, 0.8555213404614666, 0.8636618482344686, 0.8636618482344686, -0.2113849628288425, 0.6349024788846255, 0.050934821952790414, -0.6048483300707088, -0.62813872846136, -0.6285350441413787, -0.08785257822549114, 0.07213762921259383, -0.1462793267577972, -0.1278426870898372, -0.4823800996355498, -0.3234198513501748, -0.8636734278970604, -0.5168947770653384, 0.07495596311840838, 0.0750708517816139, -0.5786876815481722, -0.5938654794820009, -0.5120176071312178, -0.5418874227484142, -0.7993526425649943, -0.5684065976278023, -0.5710239618886285, -0.5684065976278023, -0.2374525937178487, -0.3048540726141208, -0.3048540726141208, -0.7653862298216648, -0.7653862298216648, 0.3651941309298504, 0.6238773971921188, 0.8149452774700534, 0.7893483837675417, 0.7690445065712123, -0.39999177381273454, 0.6075831892984822, 0.6899013758232343, 0.6903578826212188, 0.6899013758232343, 0.01386441515808713], [1.0, 0.9999830635722348, 0.5695446063734076, 0.9997006342639639, 0.9974666251449189, 1.0, 0.9908232633623164, 0.9863796902770712, 0.9914723295154799, 0.9730918080099678, 0.9820231553142786, 0.990867877755776, -0.13068653255225932, 0.9909331536029552, 0.9909749781698232, 0.9935678344575566, 0.45460082265529034, 0.9919462805893587, 0.9919315372421063, 0.9838808511335255, 0.9908549527574427, 0.44577816322975033, 0.6643965988328282, 0.9778221308772066, 0.9777991684983627, 0.960284733189208, 0.30621169420963235, -0.12252511710128, 0.9898381398163255, 0.9897969838111078, 0.2758570175232301, -0.2041926131324123, 0.9937533718048231, 0.9946240252240187, 0.8108548393287753, -0.39038657871226845, 0.9875231752153457, 0.9943803256146276, 0.9942795345390502, 0.4369512621697173, 0.9939408687470145, 0.9939271131874365, 0.9939408687470145, 0.8885044948459655, 0.6706445178780777, 0.864393780889784, 0.8793439513380453, 0.7928947835719897, 0.38863907616414334, -0.131769132623484, 0.19164143601230474, 0.9454930905775477, 0.46355256820681107, 0.9769500118454313, 0.9711300031316713, 0.9145170186184528, 0.9104204681139457, 0.9327830093700129, 0.9083487459077222, 0.9295461613455711, 0.9303319641965957, 0.9295461613455711, 0.8432222129751586, 0.9059630333586602, 0.9070593525889253, 0.9059630333586602, 0.8953553041283123, 0.7331308646026387, 0.87037856824646, 0.8720082552596709, 0.87037856824646, 0.6177694880454829, 0.30805049307852755, 0.5944565399262931, -0.5949847792486315, 0.48956558589773536, 0.5438190410728839, 0.545208556297766, 0.5438190410728839, -0.10078645869787693, 0.8825618676564075, 0.9143601438093482, 0.8961119313675574, 0.9160223244041112, 0.4514269835658496, 0.8797653440831477, 0.8809764905954198, 0.8797653440831477, 0.8894086473157179, 0.8894086473157179, -0.1615818641099879, 0.5473232713178594, 0.19292170397476377, -0.558624297961776, -0.562098715014523, -0.5657618355009313, -0.03864435908983815, 0.05616825066932508, 0.26058639944569795, 0.13827792809116646, -0.38175155840926595, 0.05703065466800981, -0.7924118970851456, -0.2092756355832966, 0.12075118368556427, 0.12098767480223444, -0.5400886806660182, -0.6055322005427788, -0.2108999788110156, -0.48574135831324333, -0.8292471858670953, -0.3479038830513102, -0.33893036736061577, -0.3479038830513102, -0.1833795694243056, -0.25531614892931953, -0.25531614892931953, -0.817716286692429, -0.817716286692429, 0.39966586511172425, 0.6576883044704702, 0.8731801553622666, 0.8519698838699508, 0.7894647410917985, -0.24695152304751525, 0.7675661993826959, 0.8080970440117764, 0.8083929041249291, 0.8080970440117764, -0.2356017499198369], [0.9908232633623164, 0.977979186529994, 0.5582759112098848, 0.9924282008527389, 0.9967663095113459, 0.9908232633623164, 1.0, 0.9971909983866339, 0.9999680876155649, 0.9514699918842879, 0.9995906344692651, 0.9999961682496975, -0.14860386247317114, 0.9999924564442281, 0.999922246762963, 0.9941673013941421, 0.3909217055225527, 0.9998368130558434, 0.9998369350197899, 0.9885135098422296, 0.9999963637324076, 0.3432372867200056, 0.6688911866669487, 0.9842665807830049, 0.9844955023172611, 0.9858522464801666, 0.22278543740913856, -0.18881598936668956, 0.9921498024470053, 0.9918761573110947, 0.166909206329584, -0.2552895602156278, 0.9992934722410655, 0.9993851188596019, 0.3513006322509849, -0.32847628572793813, 0.998682950159534, 0.999297072987892, 0.9982544639045327, 0.3713689154077615, 0.9316367853909253, 0.9990210789721582, 0.9316367853909253, 0.9107509996712061, 0.6220541366638194, 0.917599386691407, 0.8891602740387597, 0.6893930254858914, 0.41428359991401054, -0.0805273878358293, -0.21133446937373876, 0.9233641145973464, 0.4056955562365323, 0.9682926354821074, 0.9611731300106945, -0.08361004215678805, 0.8284666992371196, 0.8017012747066475, 0.8489207489950428, 0.7950022034320433, 0.7626453706288248, 0.7950022034320433, 0.7585052392445671, 0.7624962575672355, 0.7609486233303707, 0.7624962575672355, 0.8358804866507936, 0.30790850731127445, 0.5248315687346284, 0.6077800045463514, 0.5248315687346284, 0.5254003761914545, -0.36182572334839924, 0.4867019824857609, -0.6633912940188159, 0.40416290173688146, -0.12938760432233953, 0.3687645042701137, -0.12938760432233953, -0.15215657808070873, 0.8113108466291622, 0.8203905849629795, 0.8097134065737809, 0.7352508310340172, 0.3874625359952839, 0.8144832840365287, 0.8164446865687262, 0.8144832840365287, 0.7222380998223417, 0.7222380998223417, -0.24846510152187481, 0.685378650327199, 0.2523175500771048, -0.5881842079205745, -0.6133092767799059, -0.6163949763359083, -0.10352117309241897, -0.0019043851821558835, 0.35695976428251347, 0.08619221977241291, -0.4223102960617639, 0.10117431387200208, -0.8266333560229113, -0.12144349035902204, 0.0374888775107821, 0.03784181098291828, -0.5938302739166385, -0.6082595830890658, -0.05267345438742167, -0.5791159307376148, -0.844090595196961, -0.3464401362429505, -0.17284386157683876, -0.3464401362429505, -0.27320858522510527, -0.31601019771620953, -0.31601019771620953, -0.8375548753151835, -0.8375548753151835, 0.36240935961729887, 0.6009643886483126, 0.49742810160791423, 0.8071913915259535, 0.7584712563127242, -0.3192004223607111, 0.05958001853027346, 0.7637594232697348, 0.782501017434492, 0.7637594232697348, -0.14474142497456402], [0.9863796902770712, 0.9689937927925718, 0.5466165335887163, 0.9884668982913967, 0.9947848714818123, 0.9863796902770712, 0.9971909983866339, 1.0, 0.9994681611709503, 0.9430764280993823, 0.9982816695592422, 0.9979924587618342, -0.1580219131644054, 0.9990075425036749, 0.9987133917102116, 0.9868384968064691, 0.36880721783883746, 0.9990594311752654, 0.999061125918179, 0.98558095722307, 0.9991685469116053, 0.31591258290163615, 0.6681269991361346, 0.9918690535708006, 0.9821777337275744, 0.9815023499192541, 0.20291942216051756, -0.2038858958697798, 0.9884317570933111, 0.9918432263522384, 0.14634795600414108, -0.2623296656491076, 0.9981379196897066, 0.9980379919495211, 0.3303487626832979, -0.336036265847903, 0.9960903547992951, 0.9978700836421487, 0.9975993246979258, 0.34876201916175154, 0.9227675421295082, 0.9979697493986199, 0.9227675421295082, 0.9081039179129992, 0.6060387109413995, 0.9180341258769202, 0.8848833855751637, 0.6616276708412578, 0.4006948789934655, -0.09643546148642512, -0.2251483895073915, 0.9139618294249476, 0.3844667191903586, 0.9634487889871978, 0.9554859170143901, -0.09466210322762303, 0.813419697845122, 0.7829069787847751, 0.8384868681059139, 0.7774362246418337, 0.7489320732349778, 0.7774362246418337, 0.7433724098700815, 0.7411053705807199, 0.7460194428441483, 0.7411053705807199, 0.8257262646565094, 0.28587163550591094, 0.5014771914464206, 0.5894158983040492, 0.5014771914464206, 0.5098279046970849, -0.37791771971382415, 0.4692752617077821, -0.6727193853996686, 0.394098486949094, -0.15340190859130085, 0.35022270285181234, -0.15340190859130085, -0.15958517156889593, 0.7990514009198423, 0.8007571390545256, 0.7936379412298656, 0.7188840174539852, 0.3699643280928069, 0.8028792909723971, 0.8050711213097329, 0.8028792909723971, 0.7016977130857361, 0.7016977130857361, -0.26570444383939534, 0.7155507432516992, 0.26042403901521194, -0.5983412910057044, -0.6275965232498668, -0.6304813369091142, -0.11942668689266121, -0.01085683542626425, 0.3500306493129803, 0.06633165197846326, -0.4361372884228389, 0.09174052398915816, -0.8338128087223536, -0.12808081920870648, 0.020472038888003, 0.020841890415700177, -0.6068618582077333, -0.6096694325603558, -0.05967727893497623, -0.5982179137074956, -0.8446130086183474, -0.3587706750133419, -0.1792399780245453, -0.3587706750133419, -0.29260173770700454, -0.33106751867437584, -0.33106751867437584, -0.8364581031323155, -0.8364581031323155, 0.338488207185193, 0.5825359401531737, 0.4775653405888974, 0.7885850651208788, 0.7447696852816322, -0.3427197454212995, 0.04458517238221419, 0.7438782799524082, 0.76626943400521, 0.7438782799524082, -0.1267051394791002], [0.9914723295154799, 0.9777588894710911, 0.4577169202782725, 0.9934259261518616, 0.9969522957794326, 0.9914723295154799, 0.9999680876155649, 0.9994681611709503, 1.0, 0.9502284319947618, 0.9995369886667895, 0.9999690079957079, -0.3212733212088098, 0.9999735291585257, 0.9999346579728282, 0.9981153177963377, 0.2844523644255315, 0.999778625406716, 0.9997792167772208, 0.9883084122869642, 0.9999659470276818, 0.11737590566391792, 0.6259543316654518, 0.9941439981760797, 0.9940889544487453, 0.9856324090418466, 0.030427017500450092, -0.1287189270656507, 0.9906766944005163, 0.9906403310345167, -0.03144112304485285, -0.21600531193258465, 0.9993144402327406, 0.9992724859144518, 0.7584647589857343, -0.5283033240548431, 0.9985929825020929, 0.9992764432569692, 0.9991801333530835, 0.2613979670914064, 0.9991560461209906, 0.9991614022495581, 0.9991560461209906, 0.9107168593640061, 0.623044259073972, 0.917156895755332, 0.888387147855653, 0.6887313192796829, 0.008797234047669768, -0.5254908125754456, -0.1863182111073049, 0.9185114485854229, 0.35447796106873647, 0.9623526702740779, 0.9614144808446056, 0.8553658854822028, 0.8291529376414144, 0.8751725297406556, 0.849695774478655, 0.8733054295999156, 0.8740532390342568, 0.8733054295999156, 0.7573956214634685, 0.8150663709059541, 0.8167911775415814, 0.8150663709059541, 0.8372032366317254, 0.7284622090825807, 0.8257805089233983, 0.8272719826055476, 0.8257805089233983, 0.5244825536736305, 0.34533350821306413, 0.48555801213100885, -0.692393414365657, 0.463161584757761, 0.42677777154619, 0.426813990647714, 0.42677777154619, -0.10856237998953439, 0.8116608084137935, 0.8201168803175751, 0.8098597017553139, 0.8660329818627567, 0.313921145922218, 0.8204948448789482, 0.8229084449991461, 0.8204948448789482, 0.8286382041114273, 0.8286382041114273, -0.25077729580405733, 0.6860941465529266, 0.07624091117544902, -0.6005367203485341, -0.654852430665286, -0.6557001987288499, -0.10720039115936288, 0.00025974146245108753, -0.15351564099682563, -0.09836813282899193, -0.4705330752281295, -0.35455397626871094, -0.8779447684253634, -0.555882958478373, 0.035979689524351925, 0.036903361400439615, -0.5957713260779904, -0.6043582678172991, -0.5216537737245952, -0.5812989582936959, -0.8193186841603864, -0.5921403587896665, -0.5941925982957459, -0.5921403587896665, -0.2757731811094284, -0.3196584658396906, -0.3196584658396906, -0.7989957245329076, -0.7989957245329076, 0.3634214751813189, 0.599800492192311, 0.8226593437941497, 0.8011566816958652, 0.7569944768304409, -0.3480509174706631, 0.6411424187573085, 0.7109352591164738, 0.7110943930552713, 0.7109352591164738, 0.09735822963728172], [0.9730918080099678, 0.9585010540900101, 0.39783767163410455, 0.970854946547249, 0.9604115231359561, 0.9730918080099678, 0.9514699918842879, 0.9430764280993823, 0.9502284319947618, 1.0, 0.923900482046936, 0.9515062870785066, -0.26127131681473964, 0.951159573426024, 0.9504167052039866, 0.952125786994234, 0.09217077771952958, 0.9571182419000528, 0.9570944390080386, 0.9516506554366796, 0.9516419987651857, 0.045479257161012025, 0.6747839646073449, 0.9534214057980048, 0.9536373155599728, 0.8250045011672802, 0.13149369556726614, -0.11081259608069859, 0.9600358910510725, 0.9601688739583342, 0.11404647851980985, 0.053905989506821045, 0.9614765295257157, 0.961763361975805, 0.8527480903737562, -0.4524874913905386, 0.935688070203908, 0.960631604394536, 0.9620818012213669, 0.06944142474498025, 0.9628600199603943, 0.9628234384982136, 0.9628600199603943, 0.7826685809326569, 0.41823963677071974, 0.7437541575576205, 0.8586745062727588, 0.8322132991867581, -0.554165867570409, -0.6862542768877732, -0.30557437034405555, 0.867923436160409, 0.07203976982791178, 0.902258166854102, 0.9023080593372957, 0.8595142874215053, 0.8536764493943689, 0.8851128881880764, 0.8626326701354075, 0.8770171754048881, 0.8778481922827258, 0.8770171754048881, 0.802367442836289, 0.7807389593456374, 0.7828601978937583, 0.7807389593456374, 0.8547362846597962, 0.8748368681847166, 0.8528796332423372, 0.8536699281712523, 0.8528796332423372, 0.6238464802954756, 0.5435280392840893, 0.625094225244198, -0.4128000832564297, 0.6459618385202908, 0.6669115188004937, 0.6700225742809132, 0.6669115188004937, -0.2658960951444183, 0.8596252829984858, 0.9205141760810845, 0.8776895042639458, 0.875797246493051, 0.18897857051294073, 0.8516686184676745, 0.8530202866529886, 0.8516686184676745, 0.8634235446030557, 0.8634235446030557, 0.011930082317527234, 0.2885401020955582, -0.09136499354457292, -0.508482589857415, -0.40026670895409444, -0.40220715969191556, 0.059452049021844096, 0.38666634564847885, 0.09750107275223731, -0.03270302168572671, -0.3574041878853035, 0.003369299062616425, -0.8117030919728305, -0.15833133664585008, 0.2752899025289601, 0.2743681738653388, -0.35962367766747955, -0.4388018768215357, -0.3144625336798646, -0.3200056425859764, -0.6854565363966276, -0.33567938379660195, -0.33765789681401825, -0.33567938379660195, -0.06503157204247309, -0.3530188758523544, -0.3530188758523544, -0.5385462681605685, -0.5385462681605685, 0.5686003211332026, 0.6721400141415511, 0.7603677028669218, 0.6705225540436003, 0.8380211295633563, -0.44428474081525937, 0.38629748363920297, 0.5624841096753737, 0.5627654631336397, 0.5624841096753737, -0.229310308696641], [0.9820231553142786, 0.9799280822868095, 0.9966489789909606, 0.9870522087261099, 0.9953181530006825, 0.9820231553142786, 0.9995906344692651, 0.9982816695592422, 0.9995369886667895, 0.923900482046936, 1.0, 0.9995875746557988, 0.9995838300291737, 0.9995385777232784, 0.9995754216281724, 0.9985619572363694, -0.37924731277186785, 0.9997352610047509, 0.9997392277890031, 0.9995949552561881, 0.9995947870325396, -0.2696481869279792, 0.9618002675636412, 0.9924381175192143, 0.992411295292764, 0.9888602813415532, 0.014772835177735987, 0.0782114279842329, 0.9893007889294518, 0.9893561046949432, 0.9717114064016283, 0.009748877937589499, 0.9987082458756609, 0.9986511930593774, 0.9984587302008817, 0.9992438800383413, 0.9991969983679193, 0.9987075108304971, 0.9984923857811383, -0.3896737232122087, 0.9983977427324873, 0.9984087872241268, 0.9983977427324873, 0.9043251320880499, 0.4783655501117364, 0.9127381642436568, 0.8862116457823531, 0.6901859066122223, -0.5383163391394157, -0.6594371398303004, 0.7934156617918545, 0.8059585895987625, -0.290538631399887, 0.921302464562422, 0.9215013941542056, 0.8530598305037808, 0.8629458738349894, 0.8294009638345734, 0.8320474519915619, 0.8387169912680208, 0.8396644598460067, 0.8387169912680208, 0.662365468158851, 0.6166991092440145, 0.6193449164520735, 0.6166991092440145, 0.8638953011759292, 0.8730743709628468, 0.8623855410743921, 0.8638792300081398, 0.8623855410743921, 0.3104821053743593, 0.2408467250375884, 0.36907151734304333, 0.492848409198235, 0.36269537271840857, 0.411478804863861, 0.4141591297042069, 0.411478804863861, -0.4130543486923647, 0.7731782493945187, 0.8245436185752419, 0.8042540328623656, 0.8620399261827656, -0.13782310101875675, 0.7659302126116685, 0.7664819520750624, 0.7659302126116685, 0.7805597749031274, 0.7805597749031274, -0.3117682809049149, 0.6772691287162991, -0.4021856500171266, -0.6932211981655139, -0.5482212710709182, -0.5504803301611103, -0.36708557300047706, 0.1533034309702873, -0.2736724767427844, -0.44514194446345456, -0.6372250763935219, -0.35048634488088043, -0.6237325156406749, -0.416230495383232, 0.02367220087394025, 0.01984307880887886, -0.5646739553655711, -0.5296495229025875, -0.5483764827603952, -0.5824227668418397, -0.5767246658140943, -0.5516736798288426, -0.5546073735009528, -0.5516736798288426, -0.4399033458411558, -0.6044417912156517, -0.6044417912156517, -0.6065321308081769, -0.6065321308081769, 0.3585254301217308, 0.35558745374754064, 0.47008848513701895, 0.5529105598798345, 0.5512547883128972, -0.5514247543407437, 0.2962386321990796, 0.31549072336042483, 0.31565832962763307, 0.31549072336042483, 0.2215132422465732], [0.990867877755776, 0.9780271941648486, 0.5582884934391837, 0.9924605721376912, 0.9967848175285688, 0.990867877755776, 0.9999961682496975, 0.9979924587618342, 0.9999690079957079, 0.9515062870785066, 0.9995875746557988, 1.0, -0.14827266682812756, 0.999994342050087, 0.9999272825495753, 0.9949829671525686, 0.39102336015902284, 0.9998382652675357, 0.9998383606629254, 0.9885583780836877, 0.9999970101022485, 0.34357212845067675, 0.6689566479785629, 0.9897210403251252, 0.9844836464663589, 0.9858328042967903, 0.2230627739644311, -0.1887640757636449, 0.992151150124489, 0.9918901530749547, 0.1671535256948312, -0.25526358887956074, 0.9992960823026523, 0.9993900058330376, 0.3512681668255262, -0.32825738171530966, 0.9986850738998894, 0.9993059928476616, 0.9982586913487417, 0.371477526363712, 0.9316184977222811, 0.9990243941572842, 0.9316184977222811, 0.9107961368149613, 0.622221817835763, 0.9178503447235122, 0.8894043328552829, 0.6895579016169765, 0.41469715491785775, -0.08005397566261568, -0.21095253554610116, 0.9234547714864305, 0.40579773010243847, 0.9683935918123362, 0.9612487713489641, -0.08341411479171561, 0.8286208465701336, 0.8018097471555307, 0.8490371391952103, 0.7951080003341274, 0.7625830448031725, 0.7951080003341274, 0.7585780159209918, 0.7625582260633618, 0.7608814228960677, 0.7625582260633618, 0.8360381195568086, 0.307770401390913, 0.5248380287899874, 0.6076853324300667, 0.5248380287899874, 0.525336065777939, -0.36184997670721547, 0.48665017046269177, -0.6632869909632096, 0.40403827543685605, -0.12952417451782833, 0.36880312622391537, -0.12952417451782833, -0.1523088579982118, 0.8113795750306276, 0.8205262702025887, 0.809806825249718, 0.7352416895378516, 0.387573809799375, 0.8145664318554877, 0.8165232763256492, 0.8145664318554877, 0.7223154609873516, 0.7223154609873516, -0.24845950858795107, 0.6853862747378103, 0.2524398104211457, -0.5881765305575181, -0.6132233561176094, -0.6163150183090736, -0.1035990484752629, -0.0020633620128843446, 0.3571415847236491, 0.08622988628989701, -0.42232944655269844, 0.10144789000815373, -0.826357216271497, -0.12113809115612485, 0.037520920497077274, 0.03789029863419919, -0.5938188925712308, -0.6080799644850066, -0.0524098009681782, -0.5790978665410127, -0.8439822204059749, -0.3461999896774788, -0.17262448240362477, -0.3461999896774788, -0.2730631385174275, -0.3159655871284128, -0.3159655871284128, -0.8375040103971412, -0.8375040103971412, 0.3629362448026539, 0.6011288094416807, 0.4976880603296189, 0.8074647013419919, 0.7585729595539908, -0.31896268521051474, 0.05987414336036939, 0.7640247596217452, 0.7826276205475953, 0.7640247596217452, -0.14476737064308676], [-0.13068653255225932, 0.9779867954986073, 0.5149312472531408, -0.13507784553341087, -0.34608872121709183, -0.13068653255225932, -0.14860386247317114, -0.1580219131644054, -0.3212733212088098, -0.26127131681473964, 0.9995838300291737, -0.14827266682812756, 1.0, -0.1476463835136236, -0.14397296563403664, -0.11965244122712655, -0.2930874193930029, -0.14909208487327805, -0.1495870305977891, -0.27143336466629653, -0.14918236412255487, 0.02559850410031667, 0.3090847690883718, -0.18257390456349537, -0.18291290690135326, 0.9858116476674444, 0.24815123557749114, 0.18644527908212927, -0.18484831687055506, -0.18546671073110899, 0.5372800236111694, 0.12070316204684914, -0.14636484885381099, -0.3062582004435267, 0.1671783965694065, 0.9597791063038704, 0.9986833045301875, -0.33805482206553894, -0.1415231468493003, -0.28297435300555585, -0.14670854722379115, -0.14758739750357308, -0.14670854722379115, 0.9108765975879851, -0.11838782136737554, 0.9178233990123226, 0.8893483734057857, 0.689544095048559, 0.08417086159399273, 0.2544594760697498, 0.6445556895368804, -0.26658638406274104, -0.2969033229272416, -0.06524439846268408, -0.30141931467607264, 0.029597390842587914, 0.27642902379105966, -0.01917963779715174, -0.303619317305471, -0.017017497367585444, -0.00713937626751508, -0.017017497367585444, -0.4108162796144109, -0.10472882069285465, -0.10689071277188297, -0.10472882069285465, -0.20214127365052528, 0.07184711702045204, 0.048382992248295606, 0.04833234266796638, 0.048382992248295606, -0.40926700898343554, 0.006977571053771338, -0.3731454195020138, 0.6214842957641394, -0.3418277451562166, 0.008645152109688149, -0.05904305011273236, 0.008645152109688149, -0.3066989194862599, -0.3379994847907333, 0.8205005624221565, -0.11686345622641571, 0.01620607791206235, -0.22002568304946965, -0.2604225856037623, -0.2599176210928299, -0.2604225856037623, -0.025286858761168002, -0.025286858761168002, -0.22813544213554557, 0.6853146329866903, -0.1622984308117131, -0.019004235765487383, 0.19758592757040222, 0.19613758931007336, -0.2517598145902227, -0.009102109774988465, 0.01980949124606661, -0.17414190644789487, -0.11144774155304327, 0.04174373518175977, 0.38499428138178904, 0.11409578539094152, -0.040321305903768194, -0.044249961741765, 0.08584016389303638, 0.5704769539991679, 0.09215578546242578, -0.19347645342115705, 0.6132708251931192, 0.09630864233711939, 0.10430186842490773, 0.09630864233711939, -0.2384139482839597, -0.1966602442068769, -0.1966602442068769, 0.32353644880084653, 0.32353644880084653, 0.36304723776560094, -0.25196206486694284, 0.017631428092960758, 0.09152306206049868, -0.24824624750659188, 0.07256280717526015, 0.15403371592770254, 0.10517950128987842, 0.10511020766756662, 0.10517950128987842, 0.12579088974865374], [0.9909331536029552, 0.9778044585071767, 0.5586208043166951, 0.9924978521980042, 0.9968158318818932, 0.9909331536029552, 0.9999924564442281, 0.9990075425036749, 0.9999735291585257, 0.951159573426024, 0.9995385777232784, 0.999994342050087, -0.1476463835136236, 1.0, 0.9999386845614723, 0.9975081484397781, 0.3911423542201338, 0.9998413273444502, 0.9998413373941102, 0.9887195143450941, 0.9999943546171491, 0.3442645525602039, 0.6687964191333832, 0.9932337975803914, 0.9931216185969902, 0.9857113005029782, 0.2233537683944342, -0.1888095976500038, 0.9928949967580694, 0.9929402633059654, 0.1679533886213465, -0.25509183439519406, 0.9993466537472346, 0.999389142995831, 0.3501990601374488, -0.32739054095921605, 0.9986224323216838, 0.9993092182545495, 0.9985625943973787, 0.37162191170433106, 0.9310991655874884, 0.9990808313818643, 0.9310991655874884, 0.9110812584507149, 0.6229653822779495, 0.9182121102405716, 0.8897733877814274, 0.6892423468888922, 0.41612346259761634, -0.0784232146312428, -0.2111571583522267, 0.9238580763486712, 0.40609097096422897, 0.9688175433258148, 0.9616185294022327, -0.08445167250081415, 0.8289010065629066, 0.8017292852679858, 0.8492989610503496, 0.7950687478929049, 0.7621811324232295, 0.7950687478929049, 0.7587729856969128, 0.7625127875176221, 0.761304555897965, 0.7625127875176221, 0.8363902341523383, 0.3070754602015493, 0.5243145427364162, 0.6077179474687929, 0.5243145427364162, 0.525162717375668, -0.3630432376648654, 0.48654755104448605, -0.6634423288899078, 0.4036371985869257, -0.13054888857907956, 0.3684484703747309, -0.13054888857907956, -0.15225150583832095, 0.8115152087430278, 0.8201171183010778, 0.8099027621105742, 0.7253544326370688, 0.3879686365665458, 0.8146917616058227, 0.8166376364821529, 0.8146917616058227, 0.7221192790286617, 0.7221192790286617, -0.25013192257114725, 0.686303468517344, 0.2529559754590677, -0.5881564647118328, -0.6136152783678933, -0.6167117035537741, -0.10479881369656192, -0.003348580769576055, 0.35744820648366343, 0.0857678042594588, -0.42260045708599425, 0.10152512323804348, -0.8254678841122395, -0.12097874344981631, 0.03645017657675832, 0.036814351453721465, -0.5944733465364439, -0.6083802332993422, -0.051817930380495675, -0.5804916082390165, -0.8439704308858631, -0.3461353788448922, -0.1720552288303205, -0.3461353788448922, -0.27409164409135084, -0.31645533606644083, -0.31645533606644083, -0.8378569349578399, -0.8378569349578399, 0.36310750699469324, 0.6008017742638921, 0.4971296605436407, 0.8079180080029799, 0.7580062854079254, -0.3184733097942346, 0.059185597919628546, 0.764429167614424, 0.7832382188281203, 0.764429167614424, -0.1444377505872097], [0.9909749781698232, 0.9770870805387183, 0.5607660183222178, 0.9925375757197079, 0.9968398048270433, 0.9909749781698232, 0.999922246762963, 0.9987133917102116, 0.9999346579728282, 0.9504167052039866, 0.9995754216281724, 0.9999272825495753, -0.14397296563403664, 0.9999386845614723, 1.0, 0.9976323890374651, 0.3899712206340499, 0.9997911669003798, 0.9997923675643042, 0.9886174063126482, 0.9999231179380437, 0.34489953615194274, 0.6703637596375019, 0.9925703464891623, 0.9838481769507008, 0.9857516747196664, 0.2242752152171064, -0.18799685653857826, 0.9920028273112954, 0.9920124302117592, 0.1707085286082089, -0.2558332250513242, 0.9993439821897193, 0.9992307697642353, 0.3500642519070838, -0.32320021761917817, 0.9985261106336762, 0.999274537076987, 0.9985351556347081, 0.3704801834532737, 0.9300420366930907, 0.9990959202355857, 0.9300420366930907, 0.9093549464575149, 0.6228810725547503, 0.916281027763442, 0.8874987806162575, 0.6861927761350696, 0.4166519627595593, -0.07667961019223112, -0.21181586086160928, 0.9230467772224787, 0.4038451847861485, 0.9690631737340314, 0.9610612613485425, -0.08737602024762291, 0.8277531851146102, 0.8019672036380657, 0.8491268873352695, 0.7953033666135974, 0.7643986903352762, 0.7953033666135974, 0.7568769081364191, 0.7618461085216436, 0.7623760637786156, 0.7618461085216436, 0.8365769743535373, 0.30703096884725584, 0.5239613929891078, 0.6091285598196888, 0.5239613929891078, 0.5239605285518492, -0.3653783750238541, 0.4847044214034883, -0.6610561342206056, 0.40199444172316723, -0.13163452132216155, 0.3687637259549513, -0.13163452132216155, -0.15569322578882389, 0.8110185507594593, 0.8191896713552352, 0.8092251608930662, 0.7371666593645051, 0.3879253550035518, 0.8143202428980785, 0.816583786810847, 0.8143202428980785, 0.7221843082175254, 0.7221843082175254, -0.25048796837748033, 0.6882227255776908, 0.2530463440154539, -0.5895240240044183, -0.6136274374581043, -0.6165187650919893, -0.10698800541345356, -0.004925600042475983, 0.3585380848389277, 0.08501436695618904, -0.4240031396554386, 0.10232542018273852, -0.8239420900374076, -0.11970207767907022, 0.035480246955065, 0.03639552105552967, -0.5957660001612312, -0.6035151257478947, -0.050283822737648705, -0.5813924351522517, -0.8417434024766188, -0.3454766571749145, -0.17078760245080765, -0.3454766571749145, -0.2744202893109414, -0.3193213278772932, -0.3193213278772932, -0.8356357484210963, -0.8356357484210963, 0.36091956686771565, 0.5984840601377581, 0.4952034825671769, 0.808569955146731, 0.756328072470332, -0.3195356128279517, 0.05713808368041782, 0.7650500524732528, 0.784467643057561, 0.7650500524732528, -0.14383138735202144], [0.9935678344575566, 0.9855496535131376, 0.596867483579054, 0.9951496698986827, 0.9978579428252478, 0.9935678344575566, 0.9941673013941421, 0.9868384968064691, 0.9981153177963377, 0.952125786994234,