var correlationAdjClose = {"data": [{"type": "heatmap", "z": [[1.0, 0.99999110342247, 0.9846412115766422, 0.9999220982360837, 0.9989034882134691, 0.9883020083602317, 0.9975360217510266, 0.9953255468859233, 0.9956352766339305, 0.979727343049843, 0.9922607860915705, 0.9954688024290326, 0.994688743717103, 0.995379377216696, 0.9955194411764985, 0.9965939410956788, 0.9980898355659307, 0.9960870908362977, 0.9961059814868375, 0.9961448420693962, 0.9954239629261569, 0.9856592857660681, 0.9694883060256284, 0.9879925940075271, 0.986840470842101, 0.981625176856153, 0.9638906679225224, 0.9440005730977117, 0.9941064382621004, 0.9946029518851845, 0.9918323961081483, 0.9749915799536081, 0.9974472882460634, 0.9977414600990215, 0.9971301050955634, 0.9955327765161078, 0.9950796842322994, 0.9976059013276177, 0.9976601529798842, 0.998659940738497, 0.997388974670698, 0.9974042486905285, 0.9766082611010237, 0.9187301000293133, 0.7490695837287118, 0.9006336869493665, 0.9050264031892893, 0.8411662479176784, 0.9669322486328737, 0.9448641624693715, 0.9682513444393347, 0.9654087435501653, 0.9586595127476394, 0.9858002972975205, 0.9823166492222624, 0.9842626777023666, 0.9776183062053703, 0.986117390877879, 0.9835133078179163, 0.986744038644123, 0.9865313040907262, 0.9643418170040493, 0.967706070672875, 0.9715764420375418, 0.9712622033491664, 0.9449687097688925, 0.9756234414136234, 0.9739771593610623, 0.982192203955819, 0.9813563869781041, 0.9359992260042781, 0.8606749146295308, 0.8282010383684459, 0.8794548391328476, 0.9058578531834038, 0.9008744393331413, 0.9039398018784727, 0.9026650415073081, 0.6281266962621536, -0.5708595006896064, 0.9770000338008372, 0.9685271093823362, 0.9650522365653236, 0.9851456325520885, 0.9705907999670322, 0.9817629520436847, 0.9817437354751996, 0.945664851740249, 0.981973151087365, 0.9497399694857325, 0.6390442858075168, 0.8642166014680432, 0.9150385522001363, 0.749948306584859, 0.9211060424733594, 0.9410789372775381, 0.8149601518104299, 0.9576927168464946, 0.8958001289488223, 0.6467725079930776, 0.7080441685787339, 0.891703922909274, 0.8627846591027721, 0.8883665220078466, 0.9685067014748758, 0.9687843526166596, 0.7378188041996546, 0.7045242987452582, 0.8258659754864137, 0.3390043949497172, 0.7945053184222932, 0.8301918865293947, 0.8166898750736996, 0.8147937588036096, 0.7486247123280516, 0.7415743864801784, 0.7216943547403306, -0.24143532487381367, -0.37716400981743975, 0.6374591806299638, 0.8995323900252964, 0.9446806842790941, 0.9489655001627513, 0.9192414889691339, 0.8287016037604834, 0.9162327776588713, 0.9379644873985278, 0.937727092935733, 0.8724072796981384, -0.18812938830255346], [0.99999110342247, 1.0, 0.9829372895648767, 0.9997702117296562, 0.9975698043439799, 0.9904594062251101, 0.9930753981084025, 0.9888024388517864, 0.9888386567090357, 0.9679581106059693, 0.9912200620660387, 0.9890465566981359, 0.9888681403336222, 0.9889172260444857, 0.989012798082803, 0.993676184461159, 0.9950046170922573, 0.9922064098392286, 0.9922060533228586, 0.9889139218737604, 0.9889733730936998, 0.9880205317288112, 0.9620501458190713, 0.9843688256122219, 0.9840639092444255, 0.9815414473938915, 0.9726178089155896, 0.9092343084408768, 0.9878647483421357, 0.9840794708065173, 0.9760183207514587, 0.9129412303265088, 0.9946943850453056, 0.9945214841815957, 0.9948084656886516, 0.9900357930304737, 0.9942382784318164, 0.9947986534334672, 0.9951030956063207, 0.996533238094137, 0.9947971263338744, 0.9948056982843251, 0.9862149416874236, 0.9184202336869797, 0.6053536732186481, 0.9005262221979062, 0.905291892523891, 0.8413278118027602, 0.8736491370941696, 0.9125732187386514, 0.8774720203333032, 0.8970663834296051, 0.8725336265664119, 0.9546183015362282, 0.9545175278371788, 0.9742808720061576, 0.9782621620540942, 0.9722215956534256, 0.9717838039015022, 0.974905098486023, 0.9748169066040545, 0.9362225541931423, 0.9450480820247715, 0.9103105071174625, 0.910213629580383, 0.805883718680823, 0.9692996131909082, 0.9716278679112158, 0.971885885625748, 0.9712789595692706, 0.9313979156299914, 0.6508963956878965, 0.591603545568826, 0.7456113515195784, 0.8408709163069017, 0.7689582224357205, 0.8066373825369971, 0.8048579256294665, 0.5857122128677971, -0.27661450969433937, 0.9569471725062809, 0.9639121351110416, 0.9566388752253808, 0.9751949128731954, 0.9537607094983005, 0.9615874905561009, 0.960647631147634, 0.9033598193710272, 0.9645939928804094, 0.9092111999734612, 0.46220903070614033, 0.8637600267831038, 0.8613986385825824, 0.2560855742387557, 0.6501147300650933, 0.7438629724771831, 0.6366952860040153, 0.955971071914723, 0.6510671449573213, -0.2329075539384389, 0.13945375856736125, 0.6187871428147145, 0.6256435380697201, 0.6728479024372938, 0.9576454599624669, 0.9574893374723299, -0.08564089933790459, 0.15134144716484704, -0.004752615065859363, -0.03742907280644438, -0.00931713747761739, 0.0072408630439275415, -0.024674167000917655, -0.06752226639775472, 0.3549934576012529, 0.09507442944306779, 0.046046330626731496, -0.45330033568796624, -0.4873171874189069, 0.6379494617937463, 0.7454911124048355, 0.7695831009083733, 0.8302818236367369, 0.8255143255837465, 0.5384595234840204, 0.733323893355649, 0.7656090587972799, 0.764244777452462, 0.41263822095145863, 0.20543558331594175], [0.9846412115766422, 0.9829372895648767, 1.0, 0.9860855467932286, 0.9928469085373218, 0.9900381054753671, 0.9906994821980061, 0.991126427756123, 0.9943871675592967, 0.9550266497608011, 0.9970061892152663, 0.9910239569890735, 0.9929598536687344, 0.9911871164253754, 0.9911076465875683, 0.9917328751893734, 0.9904524896772117, 0.9897088749758685, 0.9896773803816677, 0.9929131280863266, 0.9910562697241407, 0.9935403490700738, 0.979380015980102, 0.9907926377588988, 0.9912076634744675, 0.9802216466742304, 0.9822576633958117, 0.9478503797932011, 0.9730271943797091, 0.9766136089144721, 0.978176680057105, 0.950337471058855, 0.987973667675048, 0.9910955106947945, 0.9894057707996292, 0.9930718760979523, 0.9948127518414998, 0.9921409628368182, 0.9873950256163619, 0.9880714225164863, 0.9882525583349855, 0.9876206589246833, 0.9906203246387667, 0.9187620507023907, 0.6900897783805895, 0.9266377141236669, 0.8982140081304257, 0.752330358072967, 0.927729800548951, 0.900061112001804, 0.9299080576155447, 0.9252968897442939, 0.9157327268269161, 0.9529660811307987, 0.9601121035913727, 0.9311831957282536, 0.9487429148947639, 0.9542584637964178, 0.9600198180215352, 0.9548517152996642, 0.9291875933679129, 0.897838064082493, 0.9267451206428077, 0.9241791532178062, 0.9074184406226675, 0.8630560954141379, 0.959773174991819, 0.9377481295577489, 0.9550476261640729, 0.9336052873855175, 0.7731110628663014, 0.8008899278669662, 0.7334399334180809, 0.8218831630458806, 0.8659486836438137, 0.8636009583228249, 0.8351994829063728, 0.8491597611502559, 0.30308148013433367, -0.5709876055979285, 0.9464409836266416, 0.9200483231602707, 0.9240786781192564, 0.9316861252075599, 0.9408336855654069, 0.9514443227698994, 0.9511478835438508, 0.9125051035899647, 0.9478417808803883, 0.8385408619123519, 0.6108136719666055, 0.9332220680523295, 0.9359620995748781, 0.7084865101878777, 0.9021688136400581, 0.9245485512755643, 0.8004019358470852, 0.9779057522058757, 0.7784764098587302, 0.5546376879921393, 0.6474951652916716, 0.7858603042736245, 0.7880335929375744, 0.7745171952114664, 0.9815618568706823, 0.9816356064447579, 0.6570126364014613, 0.6394860236876622, 0.714119026906286, 0.2699571750734391, 0.6898518084900613, 0.7115920336129548, 0.725189565078889, 0.7078518094545242, 0.7024165798303978, 0.668162160210373, 0.6463655683889621, -0.3153185169007277, -0.45058298395001545, 0.5927243907389155, 0.8596237375185539, 0.8949269825000674, 0.8966316340340253, 0.8925245468049003, 0.7588750027485259, 0.869126070534269, 0.8834604845839654, 0.8921374299179339, 0.7395116953907985, -0.10619949530599984], [0.9999220982360837, 0.9997702117296562, 0.9860855467932286, 1.0, 0.9992119662809106, 0.9892574240968454, 0.997877587816008, 0.99585514922419, 0.9962546700602763, 0.9793895439327595, 0.9936971527117159, 0.9959803160145467, 0.9954106000038726, 0.9959073056042156, 0.9960259706869449, 0.9971163132158535, 0.9984403480236629, 0.9965491872607922, 0.9965647297919136, 0.9966754124851782, 0.9959381893451821, 0.9869386932158921, 0.9708266509476299, 0.9891028373170059, 0.98806256318747, 0.9840013187178969, 0.9660153001128127, 0.9451993892985187, 0.9935872559815571, 0.9942722976198496, 0.991948387005163, 0.9746530914516973, 0.9976107593156129, 0.998050170502291, 0.9974481525337948, 0.9961085669725971, 0.995883620547449, 0.9979535516933189, 0.9977763937132087, 0.9988117691860261, 0.9975435517086626, 0.9975550636816969, 0.9784486063688862, 0.9143412823083824, 0.7426631610717923, 0.9013691575142688, 0.9025020616899108, 0.8307097118758927, 0.9640180816318195, 0.9414206161377705, 0.9652267850971343, 0.9627373316243488, 0.9557889617548538, 0.9837262957282263, 0.9807817814220219, 0.9824850928110197, 0.9758748295402124, 0.984529454948151, 0.9826360039964747, 0.9850762139195428, 0.9848616778728821, 0.9506738265879213, 0.9660050888300755, 0.9698253192853494, 0.9695123637087718, 0.9382247700032941, 0.9749260082330662, 0.9703288012835118, 0.9803983707369096, 0.9795240414062296, 0.9082852514033972, 0.8585323972786324, 0.8233441238650442, 0.8770237150852062, 0.9022370826255539, 0.8999595754964941, 0.9008622877480027, 0.8996587313233536, 0.5232231801305649, -0.5709094270088715, 0.9757581971036186, 0.9663100760836382, 0.9628508573118514, 0.9833754408460998, 0.9694165557247019, 0.9806544545438318, 0.9806363252959764, 0.944504501222639, 0.9801622299190035, 0.9291325539323073, 0.6446727534070206, 0.8727961181896899, 0.9196064042210176, 0.7514796034478313, 0.9228537813539007, 0.9425723012602258, 0.815304759663679, 0.9592132839552735, 0.8896651586727383, 0.6435228812822916, 0.7062838037407201, 0.8866444860488341, 0.8592351365583101, 0.882975781356126, 0.9696158299435292, 0.9698998722209065, 0.7368794604036376, 0.7048431323055838, 0.8179532865314648, 0.34113454173702173, 0.7889285437697419, 0.8219935128461192, 0.8085657154751992, 0.8095355253532792, 0.7515506279645483, 0.7416836878723976, 0.7218711619008411, -0.23682055599668353, -0.3764158586013521, 0.6356702432272475, 0.8976528519769404, 0.9429362998003883, 0.9472655362016005, 0.9181609283931362, 0.8259187333832644, 0.9142997461115222, 0.9357986308682372, 0.9357152953048545, 0.8647496636872033, -0.18073504700991283], [0.9989034882134691, 0.9975698043439799, 0.9928469085373218, 0.9992119662809106, 1.0, 0.992083079055391, 0.9990453021980388, 0.9982828169587413, 0.998341850261596, 0.9729439185457109, 0.9976441249086433, 0.9983293661404496, 0.9981168806724802, 0.9983172365847028, 0.9983860296917011, 0.9986484561084741, 0.9991962966979943, 0.9987074220160087, 0.998709294572631, 0.998403836253277, 0.9983158784839825, 0.9936494978803766, 0.9784178745605223, 0.9937772301596165, 0.9937060600524298, 0.9876646457094218, 0.9801186285302477, 0.9484546629370432, 0.9901175160954321, 0.9925487518488921, 0.9895774725925458, 0.9654685187842091, 0.9989406542863807, 0.9989747142897835, 0.9989686007839442, 0.9984296186686998, 0.9985218126254038, 0.9990695440847989, 0.9991224309275748, 0.9991350394705544, 0.9989255584999713, 0.9989256304346646, 0.9888805644290614, 0.9239773908013514, 0.7178594540212851, 0.9166676291940866, 0.9063351889606392, 0.8120536931202388, 0.9478491338583984, 0.9290987440356984, 0.9516918057061736, 0.953976955602527, 0.9466149553916111, 0.9797489637232462, 0.9796744205971913, 0.9782175782674191, 0.9695359975334109, 0.9792195995998004, 0.9780444073623954, 0.9795335787595925, 0.979275987570177, 0.9522486062537796, 0.9553596038483849, 0.9504448034984574, 0.9500611959264886, 0.9038310968333602, 0.9717416471712435, 0.9683970410614943, 0.9752708798149344, 0.9743290377388023, 0.93073888079051, 0.8331144449076542, 0.7866557973185847, 0.8585493212854047, 0.9044150013653115, 0.8849855119788822, 0.8939178477649443, 0.8928004453933711, 0.6806851050994376, -0.5936043266289852, 0.968200092778464, 0.953705644513784, 0.9515778951509583, 0.9794077168419478, 0.9577121449177883, 0.9727024680020403, 0.972259633015935, 0.9332520713771423, 0.9747630580720946, 0.937455028156837, 0.6307523992981681, 0.8947716306446069, 0.941154084966183, 0.6995391719122674, 0.9002394067190436, 0.9261386964155004, 0.8088627697401382, 0.9652290175807162, 0.8790887062663547, 0.4912606882548668, 0.6372168408796114, 0.8666255968406957, 0.820380756147501, 0.8685273364047896, 0.9739397853968678, 0.974163251091763, 0.6895144869432352, 0.6848627936767413, 0.7336923287410817, 0.31525567232923396, 0.6703152290241148, 0.7396224473637297, 0.7155290307353926, 0.6950409163720406, 0.7349019698044209, 0.7237717902375482, 0.7029715939774389, -0.4602841806452953, -0.5367012939661138, 0.6238482865052507, 0.8900748225529309, 0.9268988686406674, 0.9386332048541686, 0.9142538986479166, 0.8017776756355613, 0.8964043643513655, 0.9199140199035943, 0.9193761931019849, 0.7981505372492831, 0.03716796176705258], [0.9883020083602317, 0.9904594062251101, 0.9900381054753671, 0.9892574240968454, 0.992083079055391, 1.0, 0.9885603895156884, 0.9886124371989016, 0.98812667476072, 0.9641340037261292, 0.9793882770101779, 0.9885585823542171, 0.9897114351351796, 0.988673310213064, 0.988783064617908, 0.9916744857712801, 0.9898199270763322, 0.9894856102898959, 0.9894537741067408, 0.9874665236942793, 0.9885897858233347, 0.9961112335606236, 0.9913302122310031, 0.9884716700180604, 0.9882905750320967, 0.9693428497875699, 0.9848889836927416, 0.9664867143593375, 0.9725420378661067, 0.9766696564703964, 0.9846250762980008, 0.9713004787051224, 0.9885061666594027, 0.9886957010721835, 0.9894946580296562, 0.9895166813078466, 0.9819181194909622, 0.9894430452889468, 0.9888831467344659, 0.9891060870206224, 0.9886067857761474, 0.9885775304769956, 0.9946813872877496, 0.877401151352179, 0.7216659941442561, 0.8779189283152685, 0.9015092733457806, 0.8340645989971716, 0.9335860489093655, 0.9121477487090839, 0.9354177206510398, 0.9431484271813566, 0.9312851564038733, 0.9619230033255398, 0.9664054647426567, 0.9678280366636919, 0.9799941171935209, 0.9689329579181243, 0.980801466158899, 0.9688180214795248, 0.9682728913388534, 0.9677603520137387, 0.9592771978902013, 0.9428812623296264, 0.9423808472600342, 0.929918091556812, 0.9781917388232365, 0.9705192951037325, 0.969149047667967, 0.9675334338390161, 0.9495290448866323, 0.8572198491525778, 0.8090778173829822, 0.8775230194502533, 0.8964511696872338, 0.903871681572551, 0.8869635989020657, 0.8850055198413249, 0.6474067649890167, -0.5339377322675856, 0.9746200330719792, 0.9707833619008827, 0.9673448023573522, 0.9689844023227839, 0.9652204148913571, 0.9748471781868334, 0.9745275477572715, 0.9551388012460381, 0.9643453899304381, 0.9546205993148862, 0.6460324169491566, 0.836749542387141, 0.9375588531987618, 0.7479748564936453, 0.9126740345299943, 0.9306632354519893, 0.8103570315252517, 0.9555951690597041, 0.8461371619281934, 0.591479438636155, 0.680466938377786, 0.843593732397327, 0.8197999509664802, 0.8411224637873113, 0.9577989664520143, 0.9579379356790076, 0.6996397336482753, 0.684636241582002, 0.7624366598404733, 0.34100805032222364, 0.7412448756071518, 0.7682075383424367, 0.7540436240076406, 0.7561108633966228, 0.7391114553008409, 0.7128633741744411, 0.6951455847120848, -0.2673149791992795, -0.3946398731708162, 0.6648733294217456, 0.8840460282784828, 0.901976732879263, 0.9103831724035208, 0.8989890182901098, 0.8005615955665805, 0.8708048428041766, 0.893438724316288, 0.8933241324105335, 0.8377445202381818, -0.15087738438352566], [0.9975360217510266, 0.9930753981084025, 0.9906994821980061, 0.997877587816008, 0.9990453021980388, 0.9885603895156884, 1.0, 0.9971611087472861, 0.9995316275822256, 0.9724347687651498, 0.9994279107645848, 0.9981405449390568, 0.9990705235277042, 0.9990253415810536, 0.9988038663111596, 0.9981653296364136, 0.999902920898531, 0.9992585389506987, 0.999264880632558, 0.999652379195074, 0.9992277862285949, 0.990687397584356, 0.9747804706582509, 0.9841310386597036, 0.992523967779698, 0.9869162416793109, 0.9719126032150173, 0.9436971043867324, 0.9922523381591478, 0.9918235827490032, 0.9930289464665917, 0.9715306800265464, 0.9988338441117719, 0.9998193838113649, 0.9996547362252415, 0.9993962730771261, 0.9996618259655643, 0.9998504294339436, 0.9979249287663415, 0.999675890854932, 0.999277569306336, 0.998887769479186, 0.9830991040780939, 0.9299448612771944, 0.7333524099974993, 0.9297103593256282, 0.9168314329462545, 0.8037113961561226, 0.9588684177561251, 0.9407827237030576, 0.9609065803764496, 0.958236235605153, 0.9520673780873963, 0.9818436015051956, 0.9800338993684127, 0.9407005623084955, 0.955590859224102, 0.9689792787385024, 0.9692714149630863, 0.9707939768983239, 0.9410016786021083, 0.8907799141278085, 0.9453952495296056, 0.9551742518541223, 0.9320753301963323, 0.8769572090854225, 0.9606652074525368, 0.9303758411754327, 0.9625644604716824, 0.9411141763874635, 0.7368218540898557, 0.8277254292850244, 0.756030563357675, 0.8448898924509798, 0.8722929222214559, 0.8761282143260396, 0.8556356466852097, 0.8682618231973792, 0.2580026863206903, -0.6057576118738142, 0.9585133361287967, 0.9369317636705984, 0.9369321098679764, 0.9431024605735105, 0.9548914363807744, 0.9664314227388495, 0.9665383626273318, 0.9235933027462776, 0.962590735201141, 0.8223953226802834, 0.6260193217314862, 0.895369873548908, 0.9195209708383089, 0.7402357358350887, 0.9201222821760099, 0.941051860530476, 0.8094256167643704, 0.9648242772392276, 0.8310401096660455, 0.6313166561904712, 0.696111305224838, 0.8434653810317685, 0.8375735959189089, 0.8292677092654758, 0.9740879783644639, 0.9743734184154393, 0.7228003993622475, 0.6812474126873087, 0.7831922775022283, 0.310415761076534, 0.7657046126359648, 0.7922074449891668, 0.7827857954553283, 0.788441495790298, 0.7305352075477317, 0.7284414280819755, 0.706803535036417, -0.2556040442362272, -0.4023984691815175, 0.6423981611210169, 0.8915547106824383, 0.929808747571919, 0.9451519559052837, 0.9175323350083315, 0.8239469319669318, 0.9138255304321362, 0.9356611901591174, 0.9350129057538883, 0.7749023916365245, -0.14274611187527228], [0.9953255468859233, 0.9888024388517864, 0.991126427756123, 0.99585514922419, 0.9982828169587413, 0.9886124371989016, 0.9971611087472861, 1.0, 0.9999843688868364, 0.9665023623432474, 0.9996497411584956, 0.9999968944492375, 0.9996629698275072, 0.9999978652979394, 0.9999818488897922, 0.9965003714392786, 0.9993154961403627, 0.999888529750869, 0.9998882175443259, 0.9999569246972283, 0.9999944727511966, 0.9908886291884161, 0.9757774653269198, 0.9917850727757213, 0.9930272629233561, 0.9839689787772624, 0.9740826064715957, 0.9423084300947024, 0.9885444522813603, 0.9942877313435472, 0.9916567558671587, 0.9681262294926685, 0.9994288692310742, 0.9994916864279516, 0.9996149113246869, 0.9996878306798691, 0.9987938393341432, 0.999411429313678, 0.9991166068680244, 0.9985548712759051, 0.9994985380637076, 0.9993608025326373, 0.9845423500091511, 0.9302112883415508, 0.7201470942805758, 0.9359471349064645, 0.9142898236487488, 0.7822022788760419, 0.9573498247840987, 0.935841913941127, 0.9589674912458921, 0.9517876965922212, 0.945560778351222, 0.9798611585008445, 0.9767858958110588, 0.9349160667125568, 0.9495688557061047, 0.961028047797702, 0.9651810913547624, 0.9633427596310399, 0.9390107177139891, 0.8798653019608224, 0.939165534563403, 0.9471668426887944, 0.9259395706358041, 0.8614792997536445, 0.9570017993015404, 0.9228348301301569, 0.9559048312220154, 0.9357297078856408, 0.7200740081099529, 0.8174770391386741, 0.7509532728303027, 0.8346009532729836, 0.8632259422864655, 0.8699243883463356, 0.8503364208164199, 0.859979817895881, 0.23697228359614475, -0.6116928284921448, 0.9529457540758304, 0.9269835241798379, 0.9284747968077415, 0.9408548936617268, 0.9486673735406703, 0.9610158340556526, 0.9611334021544458, 0.9162485014828962, 0.9541284628277038, 0.8071942847119319, 0.6211834245213441, 0.9162249544874591, 0.9321580244818292, 0.734515308316167, 0.9193720913934702, 0.9406032372414094, 0.8066267049590997, 0.9695921594461502, 0.8349350114688252, 0.6170460128609782, 0.6865659104372724, 0.8448462271895012, 0.8345211324624386, 0.8327916824079135, 0.9771372579925329, 0.9774224012649801, 0.7125661651211551, 0.6721303564894541, 0.7852820360334108, 0.2953031191921759, 0.7604975642285844, 0.7879053627344099, 0.784160563128468, 0.7829184161259237, 0.7230390516068901, 0.7219403509619782, 0.6996073652790946, -0.2728889618137908, -0.4187367073304669, 0.623737795732258, 0.8829492662295965, 0.9275850270818359, 0.9374233383090824, 0.9110975993021616, 0.8123916696644807, 0.907296684727948, 0.9293365074633281, 0.9289454926380522, 0.7544502796147985, -0.12454621468699421], [0.9956352766339305, 0.9888386567090357, 0.9943871675592967, 0.9962546700602763, 0.998341850261596, 0.98812667476072, 0.9995316275822256, 0.9999843688868364, 1.0, 0.9658109007903846, 0.9996487173712585, 0.9999814544243882, 0.9998372217283826, 0.999989996274971, 0.999996432364557, 0.9989935799798269, 0.9993047375144612, 0.9998256026006218, 0.9998245765351401, 0.9999668306203513, 0.9999823504975203, 0.9937686671110324, 0.9770142441187588, 0.9950774339559357, 0.9952252792260294, 0.984005632864596, 0.9783312838280552, 0.9434330460392184, 0.989100300589252, 0.9933843271309982, 0.9886675995474764, 0.9635947635708967, 0.9993507287341135, 0.9994318725495156, 0.9994336259245192, 0.9998389589859319, 0.9988042525714775, 0.9994001424567536, 0.999340061372624, 0.9985648053999308, 0.9993449674578451, 0.999339030427605, 0.988937037010527, 0.9302545321492489, 0.7209035961540864, 0.9359480740751488, 0.9143664445580368, 0.7824257366839444, 0.9444492216010307, 0.9242302964905623, 0.947825149391697, 0.9491879024628699, 0.9427756521998917, 0.977369152889411, 0.9768835547206196, 0.966989487483248, 0.9500807422836982, 0.9679100197415634, 0.9653122671085156, 0.9683226563474604, 0.9679781200582855, 0.9388086094248637, 0.9385352910433854, 0.9393212390551889, 0.9389009292587542, 0.891412644816793, 0.9574309507236614, 0.9582844238737479, 0.9645503045798075, 0.9633421215854373, 0.9169705853928564, 0.8167607368840064, 0.7646013454198962, 0.8340217226587932, 0.8848596851285968, 0.8683821109093305, 0.8760701146243641, 0.8750109761056715, 0.6259597315302161, -0.6277172960541345, 0.9529527558933059, 0.9270176200871055, 0.9285898582391894, 0.9683804941924626, 0.9432077264617015, 0.9605896888178992, 0.9600610386430829, 0.9172220201155167, 0.9629114381892437, 0.9217439017628051, 0.6194467693187089, 0.9160185759799279, 0.9463718863150974, 0.7096331362864302, 0.9057535102468465, 0.93111320647469, 0.8057203137648803, 0.9683492427119584, 0.8858856577938115, 0.5202662786026242, 0.654351195987635, 0.8739632074563543, 0.8287001403786389, 0.876409055334088, 0.9770998196306734, 0.9773708698874862, 0.7104636708974246, 0.6693855930522475, 0.7500275138860076, 0.2930468682999273, 0.6886644733285987, 0.7555741796499381, 0.7333798306813951, 0.7138823810119326, 0.7207450856307199, 0.7188194955941776, 0.6964590498296632, -0.5100147217548386, -0.5877676733826559, 0.6239830908326073, 0.8818161050921953, 0.9263343423779767, 0.9389573994440705, 0.9101092839127201, 0.8074530435448637, 0.8965874165194542, 0.9193990520661494, 0.9188361600692638, 0.8075781992376844, 0.11027232953926096], [0.979727343049843, 0.9679581106059693, 0.9550266497608011, 0.9793895439327595, 0.9729439185457109, 0.9641340037261292, 0.9724347687651498, 0.9665023623432474, 0.9658109007903846, 1.0, 0.9523052233340061, 0.9668940553786312, 0.965820569513303, 0.9666234453361393, 0.9661756584386304, 0.9675030954275905, 0.9746612382194616, 0.9709871543605131, 0.971000693472512, 0.9666755265862189, 0.9667491540131649, 0.9661058948871266, 0.9534314850744429, 0.9734076770589534, 0.9712970884662507, 0.8971319481098032, 0.9696192810909628, 0.9522542964275956, 0.976427497835673, 0.9704992448962663, 0.9706833262741301, 0.9368256394138137, 0.9747905314858782, 0.9743614502109653, 0.9748162506512325, 0.9670874614513872, 0.9599747072546515, 0.973808107964958, 0.9745968048956962, 0.9773117356267097, 0.9749739324437839, 0.9749920623802819, 0.9560620434396396, 0.8463380961345907, 0.5406183870845155, 0.7997220840974918, 0.8936538810962456, 0.8753454693152156, 0.9027002686543161, 0.8321057253864871, 0.9071618160934657, 0.9171806587012017, 0.9042794268600028, 0.9343140554389395, 0.9341719705963754, 0.9446702177898597, 0.9365430223118869, 0.9548817292049686, 0.9486304829093203, 0.9532656492889492, 0.9532901103248109, 0.9126537619703287, 0.9537659715618223, 0.9391144148848471, 0.9388190352435173, 0.8617112845472974, 0.9363611053088391, 0.9441307108801287, 0.9376733703710959, 0.9366165017630537, 0.887303552013673, 0.8246840714803768, 0.7818011857343188, 0.867210333322379, 0.9175933740836877, 0.8900290626574437, 0.9038679442582067, 0.9031577010392665, 0.7189534887428645, -0.3171496921161873, 0.9536965820310651, 0.9545875650722732, 0.9467770390982808, 0.9464308382636499, 0.9316339686522143, 0.9549521222295316, 0.9548855101797167, 0.9027733566140844, 0.956901924578485, 0.9076126257420625, 0.7207379881014213, 0.700016982531097, 0.8683825740671428, 0.6323039220856149, 0.8569165573404436, 0.8927484182663856, 0.8765097124732643, 0.950835343610057, 0.9063116744738164, 0.4116422546485097, 0.6583293388385375, 0.8986935185902705, 0.8754168015074912, 0.9053437997705744, 0.9510870676638925, 0.951421073582195, 0.5421531614451761, 0.707634758271621, 0.6183098671904388, 0.48817083670923217, 0.5772505088267553, 0.6327214885137311, 0.5935799870415616, 0.5681690424413548, 0.8106915683447578, 0.6878845537798244, 0.6526158289439491, -0.28544469504081516, -0.3349232598558145, 0.7541818159469401, 0.9176893635115498, 0.924369849200941, 0.9126439893291928, 0.9426951457715219, 0.6653083553014706, 0.8451475310010385, 0.9107435060927007, 0.9098991403816409, 0.6930185390359607, -0.16305113104432853], [0.9922607860915705, 0.9912200620660387, 0.9970061892152663, 0.9936971527117159, 0.9976441249086433, 0.9793882770101779, 0.9994279107645848, 0.9996497411584956, 0.9996487173712585, 0.9523052233340061, 1.0, 0.9996777022476804, 0.9996559084833874, 0.9996639678978458, 0.9996703279836328, 0.9994274038428215, 0.9991198222007917, 0.9999557317206955, 0.9999552110362816, 0.9996629391519397, 0.9996710433517993, 0.9901767895458685, 0.9579449310062367, 0.9912597690592434, 0.9923902446450474, 0.9884212195376397, 0.9705534157039016, 0.8961499906902489, 0.9886426691321093, 0.9925082208831593, 0.9727284551817502, 0.8978711064755415, 0.9991589380970276, 0.9992268380127094, 0.9991594328437069, 0.9994569199353014, 0.9994069812710076, 0.9991824285884859, 0.9990468169461403, 0.9978112330788371, 0.9991305556541109, 0.9991257814652132, 0.9896595981315888, 0.9242282411025605, 0.5680627963730484, 0.9314227719656334, 0.9135243733536611, 0.7866572075915719, 0.8580035626020536, 0.8932429704832269, 0.8634487303738708, 0.8758966129276189, 0.8550017586145277, 0.950748854283987, 0.9506750895666329, 0.9507692891038708, 0.9531021654711213, 0.9426248264129734, 0.9446233273809829, 0.9470429386570676, 0.946845980303879, 0.8972522241359613, 0.908769533154347, 0.8669172345714833, 0.8667394992072133, 0.7468793932340803, 0.9468290570895469, 0.9502479389518438, 0.9504191569773992, 0.9497090858976385, 0.8982999819925719, 0.5988061472581729, 0.5356091743167142, 0.6936438284021967, 0.7966070025539898, 0.7228991199658689, 0.7618192825854667, 0.7606255969448695, 0.5268590782820808, -0.40007568876313443, 0.9209537125508498, 0.9310003429383417, 0.9206170597361413, 0.9522283326771581, 0.9173533910306586, 0.9269092669567291, 0.9256614919976426, 0.857008163893682, 0.9312531284673944, 0.8645335582499, 0.5110592068285439, 0.9124648102770829, 0.9073700178228964, 0.2971670504128938, 0.6876665435063302, 0.772479810130868, 0.6490730873069493, 0.9708575757529064, 0.6624155985465642, -0.1773580987356643, 0.18650097531863716, 0.6349409562083637, 0.6392384924751267, 0.6814937665695885, 0.9721489283489928, 0.9722041755600781, -0.024504529017239877, 0.203498735878344, 0.05826742177026867, 0.02445125606036885, 0.05134884446558271, 0.07055421376458318, 0.03745397716889353, -0.011591558271263345, 0.40569563879729886, 0.13748266287587366, 0.0852841449557188, -0.5223404354588903, -0.5558920826617113, 0.6240705017760433, 0.738817961955175, 0.7633260310280793, 0.8267452345609119, 0.824594066466607, 0.5188898016809401, 0.7241055939997508, 0.7593145919858562, 0.7580377507735487, 0.40409153118937713, 0.25615183332951147], [0.9954688024290326, 0.9890465566981359, 0.9910239569890735, 0.9959803160145467, 0.9983293661404496, 0.9885585823542171, 0.9981405449390568, 0.9999968944492375, 0.9999814544243882, 0.9668940553786312, 0.9996777022476804, 1.0, 0.9996479261823736, 0.9999976530043149, 0.999984531155269, 0.9971322624709247, 0.9993661025154393, 0.9998997987312661, 0.9998996546120746, 0.9999647091408271, 0.9999949311373603, 0.9908016670364926, 0.9756583069547689, 0.9924402211969142, 0.992990639738705, 0.9841693445404844, 0.9739214319435029, 0.942336215501435, 0.9894302601394349, 0.994341956869478, 0.991729900081289, 0.968272061047385, 0.9994711340347504, 0.9995355746005237, 0.9996482554264404, 0.9996897850900358, 0.9988829473152837, 0.9994568472345926, 0.9991555068704929, 0.9986354241277661, 0.9995420661583764, 0.9994040267977782, 0.9843542421018155, 0.9304985044218075, 0.720861911583441, 0.935878705519947, 0.9145573911939864, 0.7833769323333816, 0.9576743722307264, 0.9362559472312959, 0.9593002288081347, 0.9521608140679727, 0.9459585986091286, 0.9800995125864053, 0.9769713437748854, 0.9352532330259651, 0.9497934113245036, 0.9613596006514733, 0.965353592617579, 0.9636667748226255, 0.9392879467966406, 0.8801023707031307, 0.9394885931630879, 0.9476155080542017, 0.9263945066053741, 0.8619666567812978, 0.9571184719304695, 0.9230892447757872, 0.9561611105891307, 0.9360450196820768, 0.7202403124347633, 0.8180094361307431, 0.7515329089878988, 0.8351231026079382, 0.8636193181298071, 0.8702340747840556, 0.8507862226302234, 0.8604512063460183, 0.2373637811219536, -0.6115645898992227, 0.9532016730802604, 0.9274410429901206, 0.9288483566320505, 0.9411156213287131, 0.9489401321943767, 0.9612737035113127, 0.9613911829421814, 0.9165152090486078, 0.9544852252000945, 0.8074995507697791, 0.6214117755769285, 0.9152823604907985, 0.9316122316662474, 0.7348023348579653, 0.91943155143903, 0.9406602761167887, 0.806923756622828, 0.9694203414803777, 0.835374200325498, 0.6180520460735206, 0.6872645415772243, 0.845308737680169, 0.8350557299012974, 0.8332155170154141, 0.9770521621989574, 0.9773372572035359, 0.7132329461445321, 0.672763436537841, 0.7858479550481484, 0.29619394820126416, 0.7611854198799122, 0.7885779569565455, 0.7847320989218077, 0.783620840824768, 0.7234566756466857, 0.7224007476925599, 0.7000971544529023, -0.27184369879702597, -0.41778875630655155, 0.6243509999896723, 0.8834639111044946, 0.927993050846964, 0.9379220404682563, 0.9115453618620236, 0.8129416821999296, 0.9078400410734354, 0.9298673035831396, 0.9294629038027975, 0.7551188782899395, -0.12562855466184752], [0.994688743717103, 0.9888681403336222, 0.9929598536687344, 0.9954106000038726, 0.9981168806724802, 0.9897114351351796, 0.9990705235277042, 0.9996629698275072, 0.9998372217283826, 0.965820569513303, 0.9996559084833874, 0.9996479261823736, 1.0, 0.9996845354939713, 0.99967068239353, 0.9991210524372137, 0.9989163869299567, 0.9994732436487337, 0.9994667069247617, 0.9996651107664515, 0.9996394810462244, 0.9927939296928381, 0.9772765738949379, 0.995775701394906, 0.9956654154971094, 0.9840064845191898, 0.9767370767747603, 0.944834146251362, 0.9885681188176882, 0.9923540425658092, 0.9907867811938071, 0.9658555454114187, 0.998762613217625, 0.999071966704891, 0.9992655923435336, 0.9999201968793668, 0.9988294261263807, 0.9990458461118521, 0.9985972294329827, 0.9979466986058292, 0.9987546872231392, 0.998681125678348, 0.988330745648675, 0.93045954277563, 0.7166717802367433, 0.9359917762188249, 0.9144559991523598, 0.7826693172686888, 0.9531931694299092, 0.9292968271082608, 0.9541999393540559, 0.9486806426787695, 0.9418879180000446, 0.9765406144079423, 0.9748579310153463, 0.9586362864336656, 0.9494660029901112, 0.9616374007839381, 0.9646082606783701, 0.9634842191800973, 0.9628451911410679, 0.8841899121863461, 0.9364801817239762, 0.94596266596969, 0.9457308395789431, 0.8600950774271261, 0.9574332139900159, 0.9348431786790531, 0.9580498022843761, 0.9567494593808353, 0.7247240649562041, 0.814934211395966, 0.7769491915797782, 0.8327048265855233, 0.865071063722583, 0.8693151969826051, 0.8589779755739452, 0.859483110110656, 0.22187083743317787, -0.6060827072785627, 0.9522838693972119, 0.9271233224848704, 0.927757162477032, 0.9615419098691197, 0.9483231526791277, 0.9600345060467379, 0.9601094817083276, 0.9162475167374453, 0.954816900991756, 0.814216816757721, 0.6218590805348182, 0.9158248570063128, 0.9323014061372087, 0.7319113817196369, 0.9174805811874113, 0.9390142672255571, 0.8078700427143749, 0.9720894566069098, 0.8293596498860857, 0.6097668701556332, 0.6826819095611496, 0.8364564371570093, 0.8296911533119689, 0.8250767075393683, 0.9789648688025011, 0.9792053460608378, 0.7039964956941864, 0.6672872895245082, 0.7650664312932802, 0.2958938046509102, 0.7511517541301042, 0.7772154333908564, 0.7537582977805202, 0.7725204663723585, 0.7211450264776083, 0.7121795938799974, 0.6901377231062065, -0.2785714900619612, -0.4229176829511905, 0.6239283032376826, 0.8812250067619574, 0.9293966079034984, 0.933351425704667, 0.9107102592746106, 0.8050747924773703, 0.9014870724268051, 0.9227613749633393, 0.9230346350022537, 0.7489502892358196, -0.12389821087160445], [0.995379377216696, 0.9889172260444857, 0.9911871164253754, 0.9959073056042156, 0.9983172365847028, 0.988673310213064, 0.9990253415810536, 0.9999978652979394, 0.999989996274971, 0.9666234453361393, 0.9996639678978458, 0.9999976530043149, 0.9996845354939713, 1.0, 0.9999886296689735, 0.9986500182182685, 0.9993354122634927, 0.9998921036013829, 0.9998914656626958, 0.9999588570615241, 0.999992359594344, 0.9909282530480222, 0.9758318870068715, 0.9942788875749082, 0.9941216816493221, 0.9840866044278953, 0.9741273240935197, 0.9424904441220663, 0.9918998005244805, 0.9946553978732842, 0.9915999980145597, 0.9680250047243164, 0.9994445513275028, 0.9994962698301143, 0.9996248537880612, 0.9997064029558103, 0.9988354020908462, 0.9994220941936293, 0.999182446870161, 0.9985768698329712, 0.9995119577820107, 0.9993773212938896, 0.9845252828191057, 0.9303147176198021, 0.7202265053888401, 0.9359663306719849, 0.9144869375957607, 0.7827587731306258, 0.9574566042869503, 0.936014514849718, 0.9591105072372514, 0.9517527305557579, 0.9455002590071565, 0.9799081511763312, 0.9767470535917255, 0.9352690768294231, 0.9496944208854958, 0.9612244794219411, 0.9652509304528615, 0.9635226465161781, 0.9387264232405889, 0.8801041286255468, 0.9390132452320036, 0.9472422676966219, 0.9261937153595464, 0.86161619533702, 0.9571659655644089, 0.9232486379849194, 0.9561462419306548, 0.936099714591088, 0.7204682648890083, 0.8174231953994717, 0.7512576214677114, 0.8345926732421897, 0.8634163291239914, 0.8698958204281593, 0.8505116889543821, 0.8601719951681803, 0.237341047377621, -0.6113971518032356, 0.9530142009737586, 0.9272022661866065, 0.9286555234969125, 0.9389577564687928, 0.9488620621138901, 0.961092549743123, 0.9612068260046704, 0.9164278962772784, 0.9543250394067324, 0.8074927154372277, 0.6212333363188047, 0.9157757303053855, 0.9320085398680138, 0.734444523281932, 0.9192427291743293, 0.9405019571827699, 0.8066310094154864, 0.9696097835180854, 0.8349979616206716, 0.6169210704083468, 0.6864617761515325, 0.8448930241566117, 0.8346878591722401, 0.8328474916166001, 0.977189306168767, 0.9774706630713603, 0.7121125741062178, 0.6717248562168902, 0.7852877449945874, 0.2956192728868514, 0.7604932064373614, 0.7878440164808345, 0.7843568307248889, 0.7828328324528833, 0.722940140417511, 0.7211151205213827, 0.6988178000525639, -0.2726780653003007, -0.41852179679787355, 0.624090002095059, 0.8828793161045801, 0.9277447135100956, 0.9375019634890286, 0.9111633016249884, 0.8122065266715476, 0.9075455123610204, 0.9294106515527418, 0.9291368062255172, 0.7545838503737727, -0.12486067734589208], [0.9955194411764985, 0.989012798082803, 0.9911076465875683, 0.9960259706869449, 0.9983860296917011, 0.988783064617908, 0.9988038663111596, 0.9999818488897922, 0.999996432364557, 0.9661756584386304, 0.9996703279836328, 0.999984531155269, 0.99967068239353, 0.9999886296689735, 1.0, 0.9986508660490108, 0.9993740707942783, 0.9998884253348684, 0.9998885646831697, 0.999957066808709, 0.9999779834198045, 0.9908563309085117, 0.9758699540138766, 0.9927818942829729, 0.9928103419229161, 0.9842141932662648, 0.9738956312442161, 0.9425177011746606, 0.9919349176165908, 0.994245117607317, 0.9914452039075726, 0.9679133826708762, 0.9994832634168738, 0.9994802665868933, 0.9996104094678403, 0.9996973767649707, 0.9988535004229073, 0.9994251054226204, 0.9992113864265302, 0.9986311391428383, 0.999542395275407, 0.9994215263773083, 0.9843211597359304, 0.9301708506129159, 0.7208637745085631, 0.9357978343112047, 0.9144653102976065, 0.783070104816502, 0.9579821334756031, 0.9370786447012505, 0.9596918299759664, 0.9518894172315179, 0.9456012902365073, 0.980368488148068, 0.9769016313313692, 0.9361298942259738, 0.9502225294645499, 0.9616710390671881, 0.9654831276163626, 0.9639736046603524, 0.940029397311906, 0.8804458759799948, 0.9387075576489756, 0.9475855975059362, 0.9269244887116663, 0.8616715552644736, 0.9576441030745956, 0.9239805725591743, 0.95672764035033, 0.9370023921538195, 0.7206808191521564, 0.8170614792688845, 0.7523798039483405, 0.8343053156756897, 0.8635692824271609, 0.8695717553415491, 0.851134658528608, 0.8605686992750733, 0.2372557755845146, -0.6111092386561007, 0.9531461842914374, 0.9274161810969881, 0.9289065171424415, 0.9419175500077535, 0.9494327929690353, 0.9613021282268367, 0.9614121067018163, 0.916916957808657, 0.9547384855321, 0.8077232553576258, 0.620046734469282, 0.9155938052546406, 0.9317744557901908, 0.7339153474042981, 0.9188038830742338, 0.9401189791489465, 0.8057518370305999, 0.9692902416442659, 0.8359379890917376, 0.6161073526320354, 0.6855190876868255, 0.8453869734371977, 0.8351172254999469, 0.8335569758141332, 0.9770078302270091, 0.9772790050020834, 0.7107990552291724, 0.6697425716867138, 0.7863024962219862, 0.29403917348272707, 0.7607243300944814, 0.7881742481501296, 0.7855611921210658, 0.7829895048303743, 0.7215822583662446, 0.7190138919700141, 0.6967019105672684, -0.2721414189422434, -0.41810147547052817, 0.6241547186850008, 0.8820122656459612, 0.9282859294952378, 0.937951332187943, 0.9104186941575041, 0.8123540788208838, 0.9085114273138791, 0.9299332268095236, 0.9298220470755406, 0.7544721747098113, -0.125011902109941], [0.9965939410956788, 0.993676184461159, 0.9917328751893734, 0.9971163132158535, 0.9986484561084741, 0.9916744857712801, 0.9981653296364136, 0.9965003714392786, 0.9989935799798269, 0.9675030954275905, 0.9994274038428215, 0.9971322624709247, 0.9991210524372137, 0.9986500182182685, 0.9986508660490108, 1.0, 0.9990579708646852, 0.9989897186135923, 0.9989868739818282, 0.9988036851610855, 0.9985445940577276, 0.9923795361964279, 0.9785555076333818, 0.9838424000805728, 0.990194694498526, 0.9896318860833083, 0.975978161910551, 0.9497558421224905, 0.992929648785399, 0.9930236219159023, 0.990438839600265, 0.967912337803639, 0.9987930981779434, 0.9987192888861682, 0.9989492158277988, 0.9986687048809771, 0.9993944832565017, 0.9988661000559492, 0.9989126884096734, 0.9984043335079806, 0.9986808611919001, 0.9987441334937065, 0.9834026326408072, 0.9236089523884545, 0.7257093209485034, 0.9295718467394034, 0.9168927440091585, 0.7996468096954676, 0.9610050340520636, 0.9407953283688453, 0.9630927151019536, 0.9515281735285073, 0.9438348552493018, 0.9807512230260805, 0.9761676176295474, 0.9482432278184776, 0.9590482584595279, 0.9682831275291442, 0.9698990141923378, 0.9697507204295837, 0.9511190744743804, 0.8920074464696296, 0.9423813901048301, 0.9