var element=document.getElementById("correlationAdjClose");if(element.style.display!='none'){var correlationAdjClose={"data":[{"type":"heatmap","z":[[1.0,0.9999919267388068,0.9850823901345791,0.9999249529541666,0.9989758147239831,0.9873685918438275,0.997668279753027,0.9955951294551327,0.9691263048169698,0.9959071010312511,0.9802939110150621,0.99296362941545,0.9957298439855241,0.9949914434192348,0.9956458903126373,0.9958664362334911,0.9977644654659231,0.9982034688229322,0.9963124213618838,0.9963236583623065,0.9963783297001078,0.9956800174288742,0.9861130968710049,0.9704910639176806,0.9886766384236275,0.9556452827717434,0.9875805806494962,0.9839310443797445,0.9655006023244157,0.9474062197421649,0.993606482911076,0.9943815421561787,0.992005937220346,0.9759533349212208,0.99757987079372,0.99785210979943,0.9972897343662928,0.9957905621925669,0.9954284363288307,0.9977364941623558,0.9982081497568903,0.9987229472451451,0.9975264856580623,0.9975367145597843,0.9767591603040098,0.9166542981833217,0.7450707508548621,0.9100146299487816,0.9121153140937673,0.8450799375054066,0.9653032782143501,0.9458979201381263,0.9667592745566517,0.9649765577624925,0.9570934071879271,0.9854794460553834,0.9822558588100433,0.9902356457113526,0.9945825124097939,0.9851643793919425,0.9793593671254918,0.9869048362896575,0.9845226429037409,0.9875052334126343,0.9872841937127408,0.9648390715872567,0.9702135321135006,0.9730033604602766,0.9726564327126406,0.9481281960869945,0.9774263521201142,0.9753292232376704,0.9832069487133483,0.9823926904969148,0.938499409084611,0.869097373140161,0.8366525239788901,0.8878575176208354,0.911317153580331,0.9072040939945463,0.909226889363914,0.9077890897854884,0.6497808328584942,-0.5701141973380233,0.9785141845117314,0.971545886184156,0.9679421621297549,0.9859685988950229,0.9722540373098835,0.9828764507762633,0.9828299806292402,0.9476902960509599,0.9830170393953879,0.9513898972644942,0.6715620453476331,0.8813944155461257,0.9195214999432032,0.7675690235163138,0.9260333904080008,0.9448243440586258,0.8239870766459034,0.9604736268959405,0.8960184256138229,0.6301578416500141,0.7122034780203109,0.8921955921290962,0.8664639976316133,0.8893229449979435,0.9707305341844251,0.9709286196133817,0.740857667303555,0.7141415782084942,0.8249895460935722,0.3595431265146705,0.796442908690064,0.829335984872414,0.8161378230085992,0.814412230316699,0.7593286219241963,0.7444653273723302,0.7253331363085809,-0.25124988456169345,-0.3886973673818715,0.6470655518234782,0.8980703930469,0.942056612191614,0.9469592433237275,0.9167767357353026,0.828132982843373,0.9139740808573725,0.9353369188162886,0.9351938827841078,0.8697583417286795,-0.18948857444153225],[0.9999919267388068,1.0,0.9848893356555407,0.9997945574607241,0.9978291317059014,0.9903907900092682,0.9936253671690158,0.989861243502013,0.9813273419609596,0.9898905365962875,0.9707855709394992,0.9920578374679674,0.9900708020879362,0.989916956059837,0.9899625475784061,0.9896255998189749,0.9961376724320449,0.9954739485145002,0.992943667806416,0.992943563535091,0.9899580870393105,0.9900128887712848,0.9893685930191504,0.9663687340759446,0.98581371646865,0.9782607587949335,0.9855973450365373,0.9837958513634034,0.9756441612452801,0.9183994385074699,0.9878323955116295,0.9846588027387106,0.9771947962024357,0.919663565616089,0.9950604114300993,0.9949092525872992,0.9951806945801365,0.9908497539072437,0.9946812925724098,0.9951785920838607,0.9959579035437416,0.9967944302573601,0.9951602804325883,0.9951686340041663,0.9875928467695578,0.9164166952223863,0.5901967207004456,0.9096337338026336,0.9120897663909543,0.8452255910391603,0.8719356788682529,0.9153368920942168,0.8754338932523996,0.89853288940777,0.8710827762330393,0.9548421307515155,0.9547653930731665,0.9618598957177964,0.9827753702741591,0.9770995339049333,0.9804645887517299,0.9751539779203875,0.9748360225491647,0.9775539098215784,0.9774730372137395,0.9419107413090122,0.9506722151307292,0.9208658464692172,0.920772105585483,0.8299524905170504,0.9727949626055172,0.9748509168385415,0.9750824027851095,0.9745462614487281,0.9389196246560524,0.6870442445049773,0.6317159316822122,0.7733937445192527,0.8595788713121718,0.7956905450535641,0.8287537570509337,0.8270978507468001,0.6308333913708114,-0.27013693225562274,0.961718448722972,0.9677206389952231,0.9614651826538093,0.9778887658754948,0.9589539656820428,0.965814009764737,0.96499950906402,0.9137931518528998,0.9684475018991862,0.9187773053049157,0.521753190031086,0.880581830809374,0.8774184298470822,0.3374875210946379,0.6937377819648406,0.775821130023265,0.662537785751205,0.9605048194554947,0.6715818529766902,-0.25816960817482965,0.1609613922255594,0.6407672768137791,0.6461661348189061,0.6926578791071543,0.9620920181363047,0.9619710582432887,-0.04590052306309076,0.1965977564170563,0.03557248511286259,0.0019471194490899132,0.03027448773215832,0.04669576694534989,0.014396916137837423,-0.03134748830552174,0.4034890459124213,0.13680145192938345,0.08648978935681843,-0.44729835950879254,-0.48545856529411785,0.6472149908593413,0.7490192398342989,0.7734287677315442,0.8312193732233639,0.8256413208116905,0.5485404892887533,0.7370684177499544,0.7684540701389936,0.7671357599625624,0.4163313617320725,0.18923236294153806],[0.9850823901345791,0.9848893356555407,1.0,0.9864920826490068,0.9931187533702293,0.9905085915318516,0.9906211727471228,0.9911231225933455,0.9899067665112435,0.9943336420949538,0.9569422889558407,0.9970912032391273,0.9910120463580924,0.9929373034897451,0.9911821497548281,0.9927476440647425,0.9892914295376709,0.9905660358762438,0.9897623454143413,0.9897307382178927,0.9928634663772662,0.9910540063869417,0.9940154645762317,0.9808808751341633,0.9910514824580953,0.9787356478553789,0.9915081603670277,0.9830187179863501,0.9835766827472316,0.9518806703461697,0.97203085129277,0.9758457335503761,0.978058710208356,0.9517898930675681,0.9879257319536631,0.9910494498882633,0.9893684942161778,0.9929817676156372,0.995044942915826,0.9921490860408502,0.9866312555117733,0.9882113684584999,0.988215870395734,0.9875926301532872,0.9910601152387212,0.9159053703140186,0.6858258775013962,0.9322968274272493,0.9063932275254609,0.7633985552240399,0.9254296462810114,0.9012258477165198,0.9277460638693033,0.9251639250420278,0.9140086585971837,0.9523352632452158,0.9600064024602182,0.9672945487067854,0.9800239653912209,0.9340031330589817,0.9540796387270708,0.9571075776992766,0.9634080199779793,0.9575731940379288,0.9318473440320311,0.9058309771617491,0.9332893399764399,0.9275636598276761,0.910074503906492,0.8725918921184329,0.9633839790857613,0.9414200087546968,0.9576820093993612,0.936320320576682,0.7901239618908443,0.813634273796766,0.7412271415192285,0.8350054240852642,0.8743458775542419,0.8732551770143657,0.843023629022894,0.8570052106484677,0.3298688381349577,-0.5677216624230492,0.9509954343384134,0.929260344093561,0.9315147316654887,0.9343230310315974,0.9453307864719983,0.9551272243541213,0.9547028437442356,0.9196114414657401,0.9510353138244363,0.8511094805316733,0.6464005753007043,0.9410258170453898,0.940854554445682,0.7318513761341209,0.9090992566041196,0.9298342855570834,0.8099759788394439,0.9792604137663915,0.7782552658751206,0.5368075586515227,0.6528041941523334,0.7868245985290614,0.792639463834835,0.7756177050126658,0.9826122907231408,0.9826603935216887,0.662086710029025,0.6523035107262249,0.7129097349284457,0.29472349995948566,0.6930998335030636,0.711897926283331,0.7232858464446429,0.708594094377765,0.7157226270866657,0.6734361247004065,0.6525721526212247,-0.3215170637961106,-0.45864280409859026,0.6073980921379118,0.858975951509332,0.8916768216566141,0.8940921881399575,0.8901825434772965,0.7591425032152025,0.8660647011833729,0.8803766767092698,0.8889199175780352,0.7386747866342271,-0.11018663533388398],[0.9999249529541666,0.9997945574607241,0.9864920826490068,1.0,0.9992658739129312,0.9883623332984758,0.9979825091769137,0.9960951511109106,0.971390401269008,0.9964841086840432,0.9799469406864261,0.9942315890815737,0.9962119225504242,0.9956786407349553,0.9961445185947463,0.9964803389608847,0.9980295697652237,0.9985282834755087,0.9967494707335762,0.9967582121556641,0.9968692654864401,0.9961660520861247,0.9873688520222587,0.9718258457372356,0.9897375470968923,0.9582957785792944,0.9887512477371474,0.9860216953354428,0.967568191833087,0.9485924177380523,0.9930432248118661,0.9940064623051229,0.9920819811117438,0.9755941648907138,0.9977230739888319,0.9981292729023924,0.9975830746588925,0.9963336070686247,0.9961246143448823,0.998052730804776,0.9982547089392207,0.9988549701692385,0.9976617820736389,0.9976690008252816,0.9785797681271535,0.9124965595958221,0.7387584201601003,0.9107834279317081,0.9101346246897046,0.8353641950918663,0.9623864675242078,0.9425031540323174,0.9637363964608845,0.9623488879916348,0.9542422778660162,0.9834146097243353,0.9807447455134776,0.9894225429489215,0.994521659180275,0.9835103763433459,0.9778535397457052,0.9854310243112113,0.9837483608609636,0.9859519176869138,0.9857248607658972,0.9523854316404662,0.9686864406443109,0.971334813080754,0.9709862517796081,0.9418724356874673,0.9768216305026495,0.9719627916886452,0.9815428498757265,0.9806883103468584,0.9132007234506915,0.8671136966409296,0.8320734412820157,0.8856249380052859,0.9079487997800112,0.9064018262467806,0.9063485650262214,0.9049676855439623,0.5480430409365196,-0.57004892893461,0.9774066436362538,0.9696653080488906,0.9659898009084749,0.9843183447024852,0.9712140056532214,0.9818770428638094,0.981826630941413,0.9467531510628215,0.9813305269877445,0.9325604215747627,0.6767537979565437,0.8888067394387758,0.9239113539538901,0.7691309591164608,0.927723877329217,0.9462610304656648,0.8243025126679862,0.9619157146158452,0.8898864860258026,0.6267656350168448,0.7104334904955811,0.8871207923806731,0.8628941675331187,0.8839217605880147,0.9717646912744649,0.971971164370519,0.7398707031858527,0.7144052891518742,0.8170735474883085,0.36156120497482563,0.7907904422539452,0.8211361753056511,0.8080056214172864,0.8091099480727733,0.762047800493715,0.7444933400082333,0.7254302486908077,-0.24662477222295415,-0.38795036628244794,0.6458239500829864,0.8962038780227687,0.9402642416762079,0.9452114844576546,0.9156638581565717,0.825343273309133,0.9120033033197487,0.9331306827990212,0.9331425167243413,0.8622209507459799,-0.18223612581847812],[0.9989758147239831,0.9978291317059014,0.9931187533702293,0.9992658739129312,1.0,0.9912992038520829,0.9990613790308932,0.9983735423442007,0.984538015632385,0.9984328143819687,0.9740363790570373,0.9978360512171359,0.9984138857852289,0.998237387119747,0.998407189862222,0.9985708222631796,0.9986325308142789,0.9992343367033532,0.9987742819266006,0.998773540580746,0.9984833965917719,0.998400559020778,0.9939362030561447,0.9795047831565972,0.9941795436297687,0.9767553858283484,0.9941273218855899,0.9893685655910827,0.9813414902499661,0.95207177299102,0.9895760081653913,0.9921628312487625,0.9896514217133153,0.9668966087587947,0.9989403990921993,0.9989797904230454,0.9989830122340135,0.9985079290967893,0.99858037953976,0.9990840872347186,0.999105139778374,0.9991532671829966,0.9989290427861347,0.9989283953818802,0.9888426869130756,0.922048334830209,0.7144013335433269,0.9243285061528157,0.914007008725501,0.8187506438054887,0.9466299227449594,0.932246480015417,0.9506465781906686,0.9540840207439473,0.9454276522474364,0.9797441966232562,0.9796780620951964,0.9888407430327654,0.994550708789056,0.9796685928034321,0.9719810241162057,0.9805826460160432,0.9795413122398863,0.9809122776138437,0.9806363555653747,0.9539260491913356,0.9589359351884685,0.9537892282833582,0.9533310144637407,0.9107838204335926,0.9739064996316672,0.9704326608921338,0.9769448466868471,0.9760146947556605,0.9343959156224555,0.8434664178140616,0.8002437413451157,0.8684677304885606,0.9112225018294079,0.8929739073875811,0.9013445749959463,0.9000405850703505,0.7044158866720512,-0.5910260667570306,0.970467630400753,0.9582676841343687,0.9556962855845869,0.9807312731243565,0.9605464264529772,0.9745826075564318,0.9741257707333856,0.936742553254493,0.9764853512017714,0.9405085218284641,0.66366975476225,0.9078855021245398,0.9451391192981375,0.7226331582199088,0.9072985474866762,0.9314532181066384,0.8182164827263766,0.9676368702621582,0.8821769845091889,0.4709153229750143,0.6445233634975296,0.8701773258611367,0.8288664705356491,0.8726730757579465,0.9757837823317675,0.9759420899394303,0.6943727229553985,0.6955231395011403,0.7377852902961013,0.337037493358868,0.6787538306494704,0.7434811042484674,0.720095540886077,0.6995400824618814,0.7464685824812896,0.7274152734680928,0.7074110713200638,-0.46454938171562554,-0.5430533613555188,0.6361375127982174,0.8890871316497168,0.9248215270919832,0.9372372283528868,0.9120787555655376,0.8027017909582783,0.8956082927664085,0.9180091237556004,0.9175480991372059,0.7966591578856796,0.030491656434360952],[0.9873685918438275,0.9903907900092682,0.9905085915318516,0.9883623332984758,0.9912992038520829,1.0,0.9873610274450928,0.9876973221277572,0.990816204520367,0.9873431600793673,0.9625844214533799,0.9796621250252531,0.9876188457912741,0.9889102699497134,0.987760276646576,0.9887797471712518,0.9897450073844686,0.9887938613181426,0.9885335817491897,0.988541299314403,0.9865628009894437,0.9877044288434752,0.9959856408861137,0.9919997670339987,0.9879291337141057,0.9837416508775619,0.9878936333548203,0.9722630744874222,0.985956522004114,0.9689950100209578,0.969376609813707,0.9740586715864219,0.9823512870243899,0.969539326323584,0.9872418609133211,0.9874738136156643,0.9882930184079548,0.98852238717875,0.9815960349173242,0.9883434748260164,0.987284680356648,0.987901736328214,0.9873555031112137,0.9873763948305345,0.9951358193272979,0.8736458908140299,0.712584136022764,0.8890418671844211,0.9066907949367371,0.8339141025818306,0.9280587285686172,0.9110683680790911,0.9301310092451501,0.9394632736141736,0.9257801635401013,0.9589102800562344,0.9637072358690089,0.9663855394194073,0.9772302314723923,0.9688782394225071,0.9824251147319589,0.9699995961853893,0.9820853456758202,0.9697581597937308,0.9692015797854286,0.9706508009718875,0.9627634207690361,0.9441057930549798,0.9435878862974498,0.9347806171512258,0.9798399387121491,0.9722007648840537,0.970208046021194,0.9686726483847272,0.9540663786872198,0.8657234804782588,0.8181344114595683,0.8860735819460505,0.902439399037283,0.9104626687906413,0.8926863998660037,0.890464543623113,0.6719265204157784,-0.529998012593318,0.9765372422785841,0.9746403433246584,0.9708442546901984,0.9699561443772384,0.9676360750247777,0.9762237289288236,0.9758411676982142,0.9595266052820731,0.9656115204704615,0.9586850954436165,0.6808423366730947,0.8572528141950755,0.9430214314049579,0.7698754146229877,0.9187531522283856,0.935119251414721,0.8182147517384004,0.957872230603985,0.8436945993859286,0.568034082956436,0.682140571631634,0.8415791914809554,0.8215440894491642,0.8397866157868175,0.9596592955670554,0.9597649255086134,0.7004738984655952,0.692832845897503,0.7587356503274596,0.3619044698164869,0.7411119006213657,0.7644651987578254,0.7508611690851171,0.7528791016523735,0.7478337561375121,0.7127295929258869,0.6958829911463977,-0.2761697490194442,-0.4050812515419416,0.6676738515386745,0.8773005943251356,0.8949695630691515,0.9042146618961895,0.8912176308506036,0.7957081350199235,0.8643479707056111,0.8864785972349664,0.8866153577270596,0.8299924948169971,-0.1525743731543128],[0.997668279753027,0.9936253671690158,0.9906211727471228,0.9979825091769137,0.9990613790308932,0.9873610274450928,1.0,0.9972702589143609,0.9587120462907395,0.9995525999533835,0.9738902955420302,0.9994749378456755,0.9982250453023176,0.9990969586150447,0.9990739289611059,0.9994597691478276,0.9968568436090205,0.9999016528709505,0.9992946695500684,0.9992997961056294,0.999670683801844,0.9992644501147026,0.9906663588652493,0.9751799067505652,0.9846654108934312,0.925739572279437,0.992851499549693,0.9888130559696814,0.9727867854345913,0.9468255079595834,0.9919660731957614,0.9917666092120042,0.9932598112054187,0.972841878305178,0.9988876617980391,0.9998296449381473,0.9996733293835517,0.9994216220615316,0.9996933916413165,0.9998594197001796,0.9981505277265453,0.9996946708262019,0.9993114705278046,0.9989376555111209,0.9824798457615259,0.9290215937280032,0.7305239876734834,0.9363441029751454,0.9239180690134956,0.8119604491247648,0.9578822453577447,0.9419477635869807,0.9600119352990085,0.958496447595464,0.951255321395036,0.9817693867203519,0.9803389769428388,0.9912160977346987,0.996496226321804,0.9435698378264745,0.9586824879356738,0.970704270312999,0.9710842910544333,0.9724280809865983,0.9436539657616053,0.8966202063722885,0.9493992075874262,0.9574230529390594,0.9345980210455361,0.8840675550023231,0.9633791495862954,0.9341937060742691,0.964645622698977,0.9439256985208802,0.7531542899610297,0.8379594362108275,0.7636494952102713,0.8553937735814245,0.8795433184756019,0.8837895450140532,0.862512004038484,0.8749022627965634,0.28376289155946116,-0.6042112862787845,0.9611349252026924,0.942535098989172,0.9417839649526374,0.9456270631553997,0.9573863970935407,0.9684117953024641,0.9684550049789828,0.9268558585357032,0.9647000179337085,0.8332320661402298,0.6581082810707422,0.9082975790030087,0.9237978414127567,0.7579028183282333,0.9248917872983585,0.9446321685002058,0.8187589842291544,0.9670170552141106,0.8315376288202572,0.616002121031471,0.7010538906707713,0.844642494182296,0.841956256813979,0.830676170262422,0.9758562761203008,0.9760733208270781,0.7267919585886609,0.6923371645154797,0.7824454429398956,0.33204367363446374,0.7681382351128211,0.7922356034823843,0.7817742545452412,0.7888021472890919,0.7425682854167142,0.7325269394656304,0.7116750597704296,-0.2641461130113686,-0.4127293708836348,0.6543456319755574,0.8913630503667882,0.9282000106787186,0.9436900897873906,0.9161372073675986,0.824092173131213,0.912165218627792,0.933767480671196,0.9332055982431621,0.7755959319502179,-0.1456107571917592],[0.9955951294551327,0.989861243502013,0.9911231225933455,0.9960951511109106,0.9983735423442007,0.9876973221277572,0.9972702589143609,1.0,0.9699972366158501,0.9999849417402153,0.9683341419599895,0.9996825374456291,0.9999969481209353,0.9996746776265572,0.9999979754383324,0.9996281609858753,0.9932153192885447,0.999357037460671,0.9998947093916764,0.9998942416672418,0.9999592309248954,0.9999947509410752,0.9909822834139106,0.9763562605218942,0.9921148150598537,0.9399767323393644,0.993355777194576,0.9863021348952784,0.9749824455159258,0.9457125182444207,0.9882398601266277,0.9940602921878711,0.9919160623954941,0.9695708280434836,0.9994394584074664,0.9995133703465164,0.9996319294010744,0.9997041557588541,0.9989082625296433,0.9994442840249023,0.9988147621111854,0.9986340587680163,0.9995089108647792,0.9993740043291871,0.98400458773392,0.9290321582465854,0.7175332185607491,0.9416490692759044,0.9216247303294853,0.7920164497660295,0.9562564464202872,0.9371018344888571,0.9579831919591276,0.952200558631144,0.9448254918233995,0.9797601363285704,0.9771663404624324,0.9901908335967159,0.9972433283247075,0.9380743695311522,0.9533971384574056,0.9633075432198835,0.9673893606164272,0.9654881151982214,0.9417463722347684,0.8868543145518601,0.9437474153782214,0.9498274010712964,0.9286865584084983,0.869715391389948,0.960084757512957,0.9271557221947406,0.9584324150295122,0.9388096360304004,0.7378457084167578,0.8284266130982109,0.7587425782974341,0.8458897186280323,0.8711328874495882,0.8781466518643709,0.8575050375490927,0.8671070434113749,0.2638586132735279,-0.6096227590979792,0.9560837631405289,0.9338742262425362,0.9342275522610336,0.9434750184210668,0.9517410419989006,0.9634674014806037,0.9635024535536646,0.9204324868952277,0.9568123664880515,0.819453359836637,0.6538202318785729,0.9265349074084984,0.9358105710365567,0.7529397590407522,0.9243370463248399,0.9443247549574472,0.8161178142101089,0.9715355152451185,0.8350908952551005,0.6016274159715235,0.6917370673455642,0.8457630437495307,0.8388740349175304,0.8338800450358747,0.9787157935852545,0.9789382253651294,0.7168116963463569,0.6836684551525367,0.7842364284028415,0.3177646759509792,0.7629005742689188,0.7878044134544091,0.7828739394540286,0.7832035925956922,0.7354937766350689,0.7262322823886421,0.7047233448565181,-0.2809116342608376,-0.42851734976213535,0.6373260974643687,0.8830827906200474,0.9258618530310803,0.9359844125218968,0.9098967633848782,0.8127707515630935,0.9056364915603394,0.9274409980341928,0.9271240769842171,0.7556547452686255,-0.12794534646297603],[0.9691263048169698,0.9813273419609596,0.9899067665112435,0.971390401269008,0.984538015632385,0.990816204520367,0.9587120462907395,0.9699972366158501,1.0,0.985442164744943,0.9432507848010264,0.9901238998210373,0.9737384379061417,0.9837864301884396,0.9786698821609877,0.9800512877757674,0.9508212639722264,0.9808544374858992,0.9793099459964454,0.9792872780382196,0.983397555962609,0.9787009540780628,0.9946608708360287,0.9910471701598546,0.9824704033560786,0.9863163404593325,0.9853133521367419,0.9867694881009885,0.9890664228168307,0.9618923272260322,0.9317449518929106,0.9531862833201458,0.9693073455191322,0.9501260169605531,0.9732670581311021,0.9813924821716586,0.9783267120876608,0.9807146710937422,0.9882010512017159,0.9830623624261131,0.9707451215749632,0.977891144465101,0.9740811277213657,0.973067580122477,0.9988243864408485,0.8900547633200449,0.6656982851843064,0.9332632590964607,0.9200377154671981,0.7732221796250711,0.8906548874296704,0.8802283532980928,0.8941436727119165,0.9099060881430076,0.8956582515810952,0.933309434943964,0.9480024474771043,0.9516813300683212,0.9658234667880534,0.8903032200189492,0.9543751678048444,0.9339444324636857,0.9560925069322989,0.9342961912651665,0.8883042392323409,0.8891890421360726,0.92495397414116,0.9006984940863678,0.8638101578009516,0.8492650543510885,0.9570463898192149,0.9046362206720284,0.9334960341143079,0.8935223053755831,0.7702921401310953,0.8031464199002845,0.6918454541464493,0.8266096242197938,0.8514665453439901,0.8639085607893099,0.813940800197448,0.8321460291393047,0.298843369067392,-0.558427103963964,0.9434921863774155,0.9307172056812092,0.9291648801669489,0.8904022936055559,0.9325549394453071,0.9429862718324304,0.9424180794026786,0.9188627784375829,0.9270544497355492,0.8303162652679352,0.6576292290902033,0.9181855956207693,0.9514560614765637,0.7382539601173203,0.9050602007843138,0.9230125245580268,0.7991831564556656,0.967447878097969,0.7467803957160085,0.5034608085778505,0.6351427588567435,0.7667675608890128,0.771541790620749,0.7533675724058966,0.9671451095419049,0.9671826023273772,0.6463202187241878,0.6414792809071546,0.6802163898361331,0.3019267055534322,0.6769614944809114,0.6928845635134971,0.6741023844150239,0.68939569434494,0.7098841427378838,0.6710531670369188,0.6513052818797689,-0.330380156373095,-0.46421396579231533,0.6593668168168938,0.8486005642659562,0.8474158796220157,0.872376068801862,0.8737831050820246,0.7567536435397781,0.8238948244126441,0.8536414908013346,0.8485709872946408,0.713904926250143,-0.06829438155576596],[0.9959071010312511,0.9898905365962875,0.9943336420949538,0.9964841086840432,0.9984328143819687,0.9873431600793673,0.9995525999533835,0.9999849417402153,0.985442164744943,1.0,0.9676737534890482,0.9996816233183431,0.9999817613626575,0.9998451399299338,0.9999903586633664,0.9999005204249433,0.9981515827550739,0.9993483124175926,0.9998364880189589,0.9998355192134399,0.9999677320181404,0.9999828875039662,0.9938761421780153,0.9778445780789987,0.995384161276576,0.9750274421977977,0.9955196315959771,0.9862637975241348,0.9793673873251868,0.9469526051542543,0.9888648320693332,0.9931830424435341,0.9889997491232703,0.965243892952858,0.9993736032976348,0.9994534092375805,0.9994594775139032,0.9998483661730536,0.9989175777014024,0.999430888564397,0.9989756479798592,0.9986474277905572,0.9993696436776514,0.9993639806477088,0.9885403001060663,0.9290965163850169,0.7181796255451964,0.9414535669353228,0.9214227130150444,0.7922304352517069,0.9437484257506371,0.9273003496725591,0.9472951383568382,0.9496808780769528,0.9421148933555008,0.9776421263394705,0.9772249072751551,0.9902488331417114,0.9967143901468012,0.9690140900568651,0.9537686367565881,0.9698549773525446,0.9674832434335026,0.9702803726485667,0.9699634454386213,0.9411643013871358,0.9430784200662208,0.9430385385170864,0.9426427247414334,0.8985150011135846,0.9604281894405158,0.9607249177520283,0.9667384289188108,0.9656101417018383,0.9211065856709053,0.8277853527464247,0.7785682309688959,0.8450372086017394,0.8923760569880914,0.8768040722374092,0.8840462046766157,0.8830251331178146,0.6514460885326645,-0.6244989273827614,0.9560448942070596,0.933910366193141,0.9343758977548199,0.9703127293269365,0.9467190376685016,0.9630533118261551,0.9625699278717161,0.9213995848087854,0.9652131280619859,0.9254924760683327,0.6522695447882922,0.9260958100098698,0.9492750324102331,0.7300510152099158,0.9119587496688383,0.9355864007129345,0.8152627040887741,0.9703605728917138,0.888806887671603,0.5026582115673283,0.6611562988515641,0.8774225727142172,0.8366491669505779,0.8803707672016545,0.9786470283319245,0.9788987944666101,0.714749587332936,0.680691970136707,0.7535261660006145,0.31564584407219315,0.6962548655511003,0.7589511908482846,0.7374817717745874,0.7178987015348836,0.7329899498654616,0.7230836970007177,0.7015270932607901,-0.5133514218900171,-0.5928302443779803,0.6371268824079906,0.8819504850936994,0.9248148938855945,0.9379358990630084,0.9089762850862031,0.8080670460920932,0.8960259298334426,0.9179796301655088,0.9174223668434438,0.8065124497439141,0.10246583456631742],[0.9802939110150621,0.9707855709394992,0.9569422889558407,0.9799469406864261,0.9740363790570373,0.9625844214533799,0.9738902955420302,0.9683341419599895,0.9432507848010264,0.9676737534890482,1.0,0.9565535773514932,0.9687072949477755,0.9676901395309643,0.9684473204769558,0.9674001444791638,0.9730559027471798,0.9758288236016961,0.9724759730754942,0.972489249167206,0.9684982117308222,0.9685653656212301,0.967137902737598,0.9548400045681278,0.97485660864127,0.9556428020744664,0.9728466082564923,0.9114811570966321,0.9705775803898171,0.9548176981619608,0.9778566700396332,0.9723415163445575,0.9723883756346836,0.9407797752319184,0.9761305602786948,0.9757262356067525,0.9761380293897138,0.9689497098559531,0.9634853344735237,0.9751678116819256,0.978700964693275,0.9783604616125732,0.9762979834068392,0.9763141205682042,0.9566467061936466,0.8527412060202493,0.540197568738653,0.8229715860828963,0.9034552016453001,0.8787360326862316,0.9058336178568419,0.8423561379338776,0.9101191982999107,0.9210972178777503,0.9073643512497473,0.938245563365122,0.9381147230893013,0.9464653842058963,0.9712259113900686,0.9467442015972432,0.9394017428350508,0.9559629852272099,0.9503408754556698,0.9545317169776155,0.9545581785478781,0.913266862124147,0.9546178371579382,0.9419248961495731,0.94162637956389,0.8693066431359052,0.9394818640172671,0.9466285529127977,0.9406485266088992,0.9396021803649311,0.8916062089214994,0.8360497779669828,0.7956489338103742,0.8759734135028009,0.9226746823840167,0.8971780137441725,0.9100114053797445,0.9093813478119961,0.7385391613464493,-0.3206547992105637,0.955021854997246,0.9569378683486616,0.9485170413518419,0.948367922294883,0.9342012763008177,0.9562100095172413,0.9561818542481859,0.9049021477744056,0.9580415039771852,0.9092481353471339,0.743114046483019,0.7363648663663097,0.8768353248305618,0.6592180090465439,0.8663816117454048,0.8995029408032306,0.8825440418463227,0.9539174722232617,0.9088229926061279,0.3835572280984273,0.6628027999111943,0.901342789396942,0.8807100868454311,0.9082887878928315,0.954126350768352,0.9544376795049387,0.5527827115873692,0.7177196692425212,0.6278025895706807,0.5008886587982382,0.588250716749125,0.641517456100109,0.6032978706143433,0.5768018547858329,0.8187745173935043,0.6965210635948473,0.6616236329076312,-0.2943194621891542,-0.34703268872734816,0.7551059319852135,0.9180803449941574,0.9249624514599945,0.9149569437447836,0.9422547143880781,0.6753189877294158,0.8497738803108666,0.9119396050714741,0.9111277832420102,0.6954563698488733,-0.16333567139717114],[0.99296362941545,0.9920578374679674,0.9970912032391273,0.9942315890815737,0.9978360512171359,0.9796621250252531,0.9994749378456755,0.9996825374456291,0.9901238998210373,0.9996816233183431,0.9565535773514932,1.0,0.9997068110827197,0.9996874291072104,0.9996952154660228,0.9995028322248659,0.9977618213761105,0.9992043891121433,0.9999600174733173,0.9999595911915371,0.999694127435072,0.9997016260507043,0.9910793358113766,0.9620802008532253,0.9920833722098107,0.9806263356698703,0.9931209888478549,0.9900670242029271,0.9734769528916035,0.9061100848993286,0.9891273208866547,0.9927819741701861,0.9748726473160323,0.9064764919565224,0.9992272932364823,0.9992891582302406,0.9992321709363093,0.9994865559176257,0.9994576703846135,0.9992548508194254,0.9985612637348038,0.9980268841179043,0.9992034198860542,0.9991993245260632,0.9899698505398443,0.9232761006126391,0.5587944566944129,0.9374787390823944,0.9206455359793736,0.7959849223436782,0.8597759064989601,0.8989394212963029,0.8647889062304669,0.880606907062093,0.8571306565026156,0.9525752147921118,0.9525194375148763,0.9765589319806436,0.993828802748931,0.9554882573855785,0.9574141682315945,0.9480980331030154,0.949945126633282,0.9520704233863903,0.9518915619267432,0.9060486977774513,0.9174055892077028,0.8809312115585263,0.8807655563335257,0.7753331997221267,0.9521867570835705,0.9552417755365887,0.9553873374482856,0.9547347220086841,0.9081561623966277,0.6373642457039306,0.5783436667971611,0.7244276228866777,0.8181473358583733,0.7519799510323206,0.7864626056169739,0.7853030491405004,0.5746919215491805,-0.3898566003901894,0.9288385466366209,0.9376556858734886,0.9285577053565162,0.9567663807499504,0.9256412957310775,0.9341520728975568,0.9330564725221286,0.8711994805075636,0.9380053535768565,0.8777017805428803,0.5594028977433653,0.9230070948260805,0.9169645867134453,0.36764433149468584,0.722269594189438,0.7974292774543427,0.6710945033877324,0.9736032504905656,0.6794625715442586,-0.20092523853975167,0.20617481796375145,0.6531065144648036,0.6566805536028694,0.6980333681135326,0.9748203457122091,0.9748768171395708,0.010502659149885464,0.24274081966741373,0.09343688946769692,0.059002156892203256,0.08606459546446185,0.10492963038363022,0.0717014803584307,0.020576261596004043,0.44629851901877626,0.17509774190793964,0.12210690518711524,-0.5152210358960949,-0.5526894225288087,0.6371576712828023,0.7444670987824625,0.7690657836806548,0.8299049147307441,0.8263443290843933,0.5319463307995944,0.7306643491176901,0.764238064661074,0.7630057116087127,0.41090587443166593,0.23819436877242736],[0.9957298439855241,0.9900708020879362,0.9910120463580924,0.9962119225504242,0.9984138857852289,0.9876188457912741,0.9982250453023176,0.9999969481209353,0.9737384379061417,0.9999817613626575,0.9687072949477755,0.9997068110827197,1.0,0.9996586542778834,0.9999976653799645,0.9996398335702829,0.9943671327984973,0.9994044328507755,0.9999052344558339,0.9999049726507285,0.9999668057325927,0.9999951582398677,0.9908859569989628,0.9762212058814664,0.9927723424442757,0.9448811956438637,0.9933160806958777,0.9864724758726326,0.9748115414061218,0.9457180754541012,0.9891332623524883,0.994123664278755,0.9919924727001075,0.9697162305135139,0.9994819405795109,0.9995561892247922,0.9996645205473603,0.9997054578557285,0.9989891383520435,0.999487788403262,0.9988736929993071,0.9987111482321601,0.9995524144377801,0.9994174558708143,0.9838036678344061,0.9293288589048705,0.7182568513678012,0.9415943438015983,0.9218618254322964,0.7931152307765837,0.9565949015188608,0.9375149991519199,0.9583287922275243,0.952575495178108,0.9452322062059119,0.9800048038855486,0.9773556371927347,0.9903298141025846,0.997306972023726,0.9383950109642948,0.9535708720379128,0.9636103557047677,0.9675338310827041,0.9657853745432103,0.9420126500707309,0.8870346617589566,0.9440275281590704,0.9502536966184395,0.9291285025688407,0.8701486922303966,0.9601760423936492,0.9273848867289001,0.9586657890613757,0.939109154206451,0.7379555046155111,0.8289130544205512,0.7593036557508418,0.8463604349874109,0.8714879413712273,0.8784175670070846,0.857928543661801,0.8675465569945249,0.2641936782247247,-0.6095337828841312,0.9563037145240448,0.9342493212917037,0.9345409550539502,0.943725691959775,0.9519777786468736,0.963694951102993,0.9637313029047521,0.9206378035138115,0.9571394508527535,0.81969504505105,0.6539935647952398,0.9257104195813457,0.9352752977025449,0.7531643275187121,0.924376715061241,0.9443661393816501,0.8163979660694589,0.9713681222311351,0.8355439393583222,0.6026620496681239,0.6924258278487843,0.8462353565136211,0.8394064481615136,0.834314738189504,0.9786333148946896,0.978855585461864,0.7174714656794202,0.6842747551652408,0.7848169071139518,0.31859503818373597,0.763588378026879,0.7884857234939867,0.7834605627863539,0.7839123855618497,0.735891639387867,0.7266920793157663,0.7052095368795128,-0.2798984473588137,-0.4276029373919441,0.6378908765182599,0.8835994818378372,0.9262868018040974,0.9364960864054591,0.9103532769374377,0.8133282337274506,0.9061938969575625,0.927985649832333,0.9276557191885084,0.7563273632469529,-0.12899536140854084],[0.9949914434192348,0.989916956059837,0.9929373034897451,0.9956786407349553,0.998237387119747,0.9889102699497134,0.9990969586150447,0.9996746776265572,0.9837864301884396,0.9998451399299338,0.9676901395309643,0.9996874291072104,0.9996586542778834,1.0,0.9996954301794589,0.9998128630211879,0.998012424722192,0.9989773669345184,0.9994967768455234,0.9994896323306381,0.9996777078946344,0.9996512368093705,0.9928839987234743,0.977911269624011,0.9960210459160209,0.9716826831408594,0.9959121314998354,0.9863346350158999,0.9776262611000723,0.9482118083488821,0.9882270159799788,0.9921007632257027,0.9910239730188115,0.9673639264654278,0.9987862516214014,0.9991008344413008,0.9992829312991566,0.9999187874316064,0.9989407198692569,0.9990896419315488,0.9981760301498966,0.9980460849489635,0.9987810504230191,0.9987091168844805,0.9878584503878889,0.9292772596425516,0.7139186688138163,0.941683962271073,0.9217656628016805,0.7924541285813284,0.9520363660744877,0.9307800487467384,0.9531650049048702,0.9490830063832062,0.9411038185754937,0.976464264782876,0.9752333574509174,0.9878717893971982,0.9957936530742542,0.9610891628876508,0.9532878907566721,0.9639442279145706,0.9669665817810518,0.9656731231579582,0.9649779604259772,0.891160830808812,0.9413675648334341,0.9487632780963032,0.948448769772019,0.8687056505102894,0.9605579764515825,0.9387621938203169,0.9605454545126706,0.9592476361457607,0.7427125581575885,0.826138061890327,0.787319491806499,0.84423599285253,0.8729879205017794,0.8777173266081251,0.8663064312356283,0.8666926577889306,0.2498902255384236,-0.6039493862136448,0.9555894901612141,0.9339737303486765,0.9335928164659171,0.9637551230137743,0.9515501287709637,0.9626480651075267,0.9626355091121591,0.9207325676010089,0.9575215754473286,0.8263137430093649,0.6544008890666609,0.9261857795843205,0.936160964218232,0.7508501789793115,0.9226857094506379,0.94292622003623,0.8172932704974185,0.9739154607564378,0.8301272118485167,0.5941195838887301,0.6878661145084651,0.8374511033496764,0.8340830674932358,0.8264034840621283,0.9804349617668705,0.9806192240989753,0.7084375877408446,0.6790482763264829,0.7647460478180964,0.3183168964487623,0.7537027410956495,0.777237043049072,0.7536701471066513,0.7729286389810979,0.7337050298416248,0.7167790575794727,0.695558538229948,-0.2864135909865661,-0.43253894915270763,0.6374938132855932,0.8813446501923689,0.9274894173384908,0.9318084001532979,0.9094708721150113,0.8055185171310735,0.8999329561819512,0.9207661918335805,0.9211505597076769,0.7497484562925164,-0.1273111923515079],[0.9956458903126373,0.9899625475784061,0.9911821497548281,0.9961445185947463,0.998407189862222,0.987760276646576,0.9990739289611059,0.9999979754383324,0.9786698821609877,0.9999903586633664,0.9684473204769558,0.9996952154660228,0.9999976653799645,0.9996954301794589,1.0,0.9997186074182478,0.9973916208976722,0.9993757513641067,0.9998980911922933,0.9998973076856996,0.9999608815683172,0.9999927354520012,0.991023048577574,0.9764126590595679,0.9945638273098454,0.9596364269368709,0.9943950847428057,0.986403182317131,0.9750293716060424,0.9458894176980843,0.9915900447463667,0.9944191339126239,0.9918602931867002,0.9694722513107948,0.9994539487876472,0.9995169243800596,0.9996410522313434,0.9997217822150402,0.9989458710070588,0.999453774776257,0.9988541009903483,0.998654224226583,0.9995212963020522,0.9993893377774946,0.9839922831424749,0.9291315630840281,0.7175931649663683,0.9416645568595692,0.9217952788497614,0.7925316261627654,0.9563551310952663,0.9372625713266152,0.9581167875660922,0.952158725255273,0.9447563358055165,0.9798008969078638,0.9771227858072472,0.9901643650859594,0.9972102349579958,0.9384094691034682,0.9535064848987378,0.9634943800850063,0.9674626081345462,0.9656591301128488,0.941494475297548,0.8870851615209477,0.9436162406648358,0.9498986184097057,0.9289282088260397,0.8698498758883701,0.9602431410984082,0.927548059793519,0.9586617304919118,0.9391613699677008,0.7382249171617811,0.8283825249404574,0.7590332965623307,0.8458912408992215,0.871316013692105,0.8781268289646661,0.8576723678445498,0.8672910357577832,0.26422260793110325,-0.6093277783386518,0.9561565779981486,0.9340639455901769,0.9343881915586301,0.9417838414756606,0.9519287089561499,0.9635445300533403,0.9635761955447636,0.9206143110146718,0.9569993851660612,0.8197412539822011,0.6538616764956133,0.9261425571580154,0.9356780012403537,0.7528912578246706,0.9242214846556708,0.9442342033236099,0.8161223765244626,0.9715549313585808,0.8351447091258395,0.6014864832595063,0.6916298842305758,0.845801504716643,0.8390261444958963,0.8339274347634689,0.9787660912890022,0.9789850759819666,0.7163675580588512,0.6832812680018421,0.7842344964055549,0.3180630408015528,0.7628903452294814,0.7877373320377608,0.7830593109872473,0.7831134637513855,0.7354005867290799,0.7254322652837027,0.7039583273020846,-0.28070740693388097,-0.4283093154346762,0.6376439910059377,0.8830068436343858,0.9260109747209733,0.9360518765981053,0.9099558577584798,0.8125798921806554,0.9058716043025972,0.9275041031062639,0.9273039386726807,0.7557770929114901,-0.1282500361904495],[0.9958664362334911,0.9896255998189749,0.9927476440647425,0.9964803389608847,0.9985708222631796,0.9887797471712518,0.9994597691478276,0.9996281609858753,0.9800512877757674,0.9999005204249433,0.9674001444791638,0.9995028322248659,0.9996398335702829,0.9998128630211879,0.9997186074182478,1.0,0.9971463530582281,0.9993503697550342,0.9995788304074633,0.9995780901793355,0.999842073538504,0.9997550418794733,0.9922229941973593,0.9771830844365335,0.9938685380870267,0.9539923246941805,0.9938051543493015,0.9869879452724432,0.9754924155454185,0.9461577357140241,0.9904887311360185,0.992088238542091,0.9921005896759952,0.970016030262274,0.9989087958219577,0.9993069799067528,0.9994878750845497,0.9998384096445521,0.9985219412822097,0.9992810105285475,0.9982033746296562,0.9986004708603946,0.9990981572233306,0.9988470640982234,0.9853545166085499,0.9249788261787284,0.7162908764207024,0.9413360652449009,0.9215218130368112,0.7887437673255572,0.953925815395055,0.9363517806219251,0.9559325047313469,0.9514083735950991,0.9437830272123273,0.9786394044981629,0.9768599298262362,0.9894538768441609,0.9960862067900794,0.9401974770224704,0.9546850496591368,0.9660765735342136,0.968627038246953,0.9679027284194657,0.9417880114312678,0.8930232840068778,0.943833892927519,0.9507811758341075,0.9291124128547813,0.8754484521240596,0.9619241703137127,0.9316181503606836,0.9616526016273063,0.9410577643701364,0.7496355083960797,0.8285269507787002,0.7575592502357184,0.8457860422492577,0.8738114247676919,0.8783189564953872,0.8572813408707036,0.8683781058694866,0.27605111550548883,-0.6056137839191523,0.9570650660488884,0.9344591402976079,0.9354076273627937,0.9439552628821071,0.9535912510146985,0.9643986261699162,0.9644765492126405,0.9228559838574594,0.9596502767793941,0.8281169972057656,0.6529940496371828,0.9280567559310503,0.9338818575946524,0.7519016522768036,0.9239833950319917,0.9436452246587542,0.8123855001160026,0.9702311855834359,0.8275585649620085,0.597139315330366,0.686933056