var element=document.getElementById("correlationAdjClose");if(element.style.display!='none'){var correlationAdjClose={"data":[{"type":"heatmap","z":[[1.0,0.9999934249836818,0.9853830040952212,0.9999265564804994,0.9990914517430057,0.9855799818380679,0.9978714720316954,0.9960157058087302,0.9692067472215964,0.9963445562713372,0.9944317395452568,0.9939970471308283,0.9961364138696062,0.9961698364483533,0.9960619255313566,0.9976157806793089,0.9978680545215621,0.9983752132303207,0.9966652058507095,0.9966756403595327,0.9967319621548144,0.9960923708507374,0.9871734767281202,0.9711634663253816,0.9897282469948403,0.9562006879606749,0.9887141274052846,0.9875414037723176,0.9675281579053528,0.9513829975250139,0.9929799648249015,0.9941139345394476,0.9922842698235504,0.9768006547484014,0.9977763244212112,0.9980102694434975,0.9975319267006921,0.9961911765854774,0.995829443632939,0.9978994157950826,0.9987694125213902,0.9988161098830459,0.9977335189718468,0.9977426305915154,0.9767272706434287,0.9137464401009175,0.9488910986843637,0.9200336093926789,0.9211693685421909,0.9009946127089288,0.9634150196474945,0.947622517254525,0.9650889498439299,0.9655742840888057,0.9556069080026091,0.9844648708449046,0.981528076290517,0.9904457456515637,0.9944955139430062,0.9865875035117385,0.9822813123919003,0.9881202927128231,0.9862373894297629,0.9886794778276511,0.9884877908882774,0.9650494744488198,0.9741005427525845,0.9754541443091876,0.9751308816610107,0.952514496149916,0.9802777207432049,0.9775620201031132,0.9848153358908037,0.9840836566522678,0.9425232212876448,0.8856087412233605,0.8524885243810456,0.9018121589121305,0.920121040773456,0.9171612372520479,0.9180630249275863,0.9167263199854061,0.6873963399324141,-0.5616526001000722,0.9806983625973742,0.9758080604108389,0.9724818923615739,0.9873140897185482,0.974685829487833,0.9844953659110098,0.9844657759274779,0.9497916880017934,0.9846086854646501,0.9528818172257062,0.7630149798210029,0.9024801921394424,0.9270016732938886,0.7946981293518417,0.9497625728119239,0.9505626570683271,0.8996359777391975,0.9644892591519193,0.8961496455675882,0.6079526139490471,0.7204516333423425,0.9030159732269409,0.8701889262192711,0.8940776555149857,0.973672211892401,0.9738492576138612,0.781480153256413,0.7329993041622938,0.8250791971795721,0.4099663566749527,0.8017783261318411,0.8293645644139066,0.8246311697004585,0.8157629197943801,0.7765945075972055,0.7504599568607823,0.7329916414245085,-0.26942871503063,-0.4085128186506986,0.6616402515542521,0.8935876400470242,0.936535958639826,0.9435421750684589,0.9103110812430266,0.8267332915242217,0.9107932704647327,0.9299261423326086,0.9298004638382042,0.8641549369934972,-0.17558040974986516],[0.9999934249836818,1.0,0.9874411436168965,0.9998242539628693,0.9981807444675469,0.9900668487796314,0.9944803125987799,0.9914226573691834,0.9841641109147933,0.9914418653085696,0.991448953569779,0.9932767955653248,0.9915846865532467,0.9914425326908941,0.9915067982131389,0.9938084065877077,0.9965226785808629,0.996153645612895,0.9940302864116399,0.994030748953128,0.9915005214218173,0.9915468053603185,0.991344081678632,0.9723943588072157,0.9882161597046184,0.9810755673476571,0.9880856369351984,0.9874576948239413,0.9797837405264446,0.9303394121136714,0.9886460528969506,0.9861261915849956,0.9793116808736407,0.9286802230346336,0.9956083243191268,0.9954958607905949,0.9957364658825346,0.9920456731280746,0.9952024089649361,0.9957399060771295,0.9970656428052711,0.9971986691319892,0.9957197215979282,0.9957267118013289,0.9893340597279038,0.9133720253435559,0.8857150904750246,0.9196290070439945,0.9210071192709425,0.9009691564135462,0.8755174052902268,0.9206083381231478,0.8783689159564458,0.9071725410789926,0.875006334722856,0.9538502942838045,0.9538139503160366,0.9670729154247704,0.9841564907885476,0.9813629635383644,0.98398054071933,0.9795120074673038,0.9795286360827495,0.981466677919425,0.9813940826800488,0.9500392791772424,0.95977836503093,0.9357132291313738,0.9356436073958796,0.8635428139273822,0.9777855658385729,0.9794574467618787,0.97965219424209,0.9792444995065855,0.9500523834237349,0.7496433560005985,0.7038015669756931,0.8186294896150442,0.887277237030409,0.8365776145941973,0.8625533493025104,0.861206286440568,0.7054800006631909,-0.22910984773455587,0.968514550421226,0.9730709737185785,0.9683176775849321,0.981992934353631,0.9663506613982096,0.9718150734604685,0.9711675167415259,0.9279206954392738,0.9738592712742945,0.9315051040444615,0.6713754413380268,0.9018496634154447,0.8995174041720005,0.4606023394710539,0.8151481815701175,0.8201552402429481,0.7325432038692623,0.9655898281033497,0.7050320697670268,-0.28305289971152836,0.20479404937048548,0.7326430643606753,0.6807035162997606,0.7249868724966594,0.9671301151630252,0.9670742436191291,0.11139116132193647,0.2827938769367327,0.11806373230519818,0.08972196113892905,0.11194829769761899,0.12702817188225934,0.12407871426372223,0.04574935981761585,0.4809333298997841,0.21234763118952968,0.16163667531854461,-0.44171625339866843,-0.4851436758864557,0.6620403838264486,0.7508120742370089,0.775109638238388,0.834943939588389,0.8211973036931075,0.5653742718458136,0.749114359066608,0.7695757616311003,0.7683449440848984,0.41966502503725767,0.19812398952235347],[0.9853830040952212,0.9874411436168965,1.0,0.9868096903245112,0.9930823654985417,0.9913483774269576,0.9900694285237609,0.9906886469298058,0.9905022358972447,0.9934348129846579,0.9974519133524299,0.9965624657775548,0.9905608074231822,0.9928258785350288,0.990747889046871,0.9901532788023196,0.9908733079152562,0.9902585797680303,0.9893935356308015,0.9893666811956171,0.9922927269856947,0.9905776263091927,0.9945355510615939,0.9831445321588211,0.9912647153722635,0.9801546936229099,0.9917965497226354,0.9864566731101556,0.9855307958083763,0.9571049882602002,0.9700373976168333,0.9741530825637104,0.9762469679361423,0.9519850455154465,0.9873532732027536,0.9904392531331941,0.9888129927088196,0.9923969893295096,0.9947978667613563,0.9912175697246192,0.9851909802133422,0.9879476273892189,0.9876822261669403,0.9870559825589107,0.9918476227246397,0.9090108991305628,0.931761517076293,0.9346759901868847,0.9138417334292722,0.8536906087627579,0.9215805896203404,0.9023940928789985,0.924145327084117,0.9260927174204455,0.9116735960515943,0.9496964603285527,0.9579174049657972,0.9666390007041724,0.9782197569034631,0.9379079564338291,0.9622713456691697,0.9613522365400256,0.9682802242662039,0.961631739692443,0.9359569372291615,0.9184057552613174,0.942721753554905,0.9332600722554676,0.9147825325429775,0.8885927441158217,0.9686344150672703,0.9466781517916407,0.9612556319154938,0.9400752654381476,0.8166998435475117,0.8391475696909765,0.75827875313129,0.8581769417726978,0.8884746955637409,0.8895020121135488,0.8569150369530887,0.8712935862065743,0.38345294408515695,-0.5529593097473415,0.9580061313461953,0.9433907894244832,0.9433568013681061,0.9380261784024445,0.952348725161422,0.9608288939617237,0.9603965262206176,0.9306103083867183,0.9560658829572838,0.8712556476521898,0.7445652808108054,0.9486869781140221,0.9481968617022718,0.7686881546290348,0.9357407210743858,0.9375099862165551,0.8721820870165246,0.9800357568654156,0.7766157348789985,0.5121620748306726,0.66250258898779,0.797180765110194,0.7964098835652704,0.7783833433453843,0.9826812030312596,0.9827235038097224,0.7082652540417455,0.6764172225721242,0.7111256503881438,0.35315209298961014,0.7002739947227317,0.7131226643253288,0.7274790544941548,0.711243223082776,0.7365163503495278,0.6825233872338096,0.6637748805501755,-0.3339239247882785,-0.47264985247617275,0.6252029746958805,0.8537613607805252,0.8839474286969001,0.8886875018315353,0.8816502731431699,0.7578418177660073,0.8604452531208164,0.8728512789462557,0.8804135384961448,0.7347310491441196,-0.09756035794448518],[0.9999265564804994,0.9998242539628693,0.9868096903245112,1.0,0.9993465629940729,0.9867274526618818,0.998132621748416,0.9964627324856635,0.9715078816046209,0.9968346154728313,0.995164729964433,0.9949742184709007,0.9965652383946401,0.9966889542746155,0.9965082990789722,0.9979048293815043,0.998214058919589,0.9986499375337633,0.9970570076998151,0.9970649692850272,0.9971492807730441,0.9965258276028003,0.9884009631882996,0.9726035218677368,0.990728236152899,0.9588909577822293,0.9898232720259695,0.9891252816110742,0.9695869107399505,0.952618781726906,0.9923060897905308,0.9936346551904858,0.9922126952338555,0.9763387180159073,0.997873473045432,0.9982209668745857,0.9977750229686769,0.99667485072057,0.9963240869372988,0.9981427988471379,0.9986728675629686,0.9989044072017241,0.9978257674473622,0.9978319539003672,0.9786040910875811,0.9096334396526856,0.9466697254563516,0.9206296409974076,0.9196154335766843,0.8937804543609401,0.9604209372293645,0.9442496375878479,0.9619994748088606,0.9629888322568376,0.9527160388647924,0.9823306147637959,0.9799583890408132,0.9895742104390584,0.9943187548222862,0.9851254505185295,0.9811601629468026,0.9868409337106988,0.9856312041148512,0.987319900085306,0.9871199966594946,0.9545838983181009,0.9728403051267234,0.9739367866017085,0.9736095767601202,0.9471740415257163,0.9798280633525313,0.9746372333624231,0.9833485826592046,0.9825792216056607,0.9209048794658301,0.8840414607846784,0.8485264751728205,0.9000475571968594,0.9172321809182848,0.9166471382120033,0.9155738523403291,0.914281637530438,0.5933496796954905,-0.5612219833208681,0.9798536014303776,0.9745364861111454,0.9710150741180378,0.9858546046769796,0.9739099346996354,0.9837092022281476,0.983672515734383,0.9493556578009233,0.9831473340741902,0.9370219681278695,0.7672034368723394,0.908306035591544,0.9311611572106311,0.7964402018230166,0.9510945704371054,0.9519237349082931,0.8991390615305798,0.965777012273578,0.8899264464733592,0.6042009316728797,0.7186146043655841,0.8974390994228264,0.8664692286824563,0.8882264689055975,0.9745432077608153,0.9747270964684476,0.7802113819046619,0.7331608716975403,0.8170409350728266,0.41184164315659677,0.7959194317994817,0.8210469590680259,0.8162393814912489,0.8102781623739247,0.7789315676156462,0.7502568590242854,0.7328724711815933,-0.264832266041833,-0.4077856127832952,0.6606606177009375,0.8915327843700903,0.9345343809875495,0.9416105453465303,0.9089099459429318,0.823804165227835,0.9086548379250201,0.9275242948262938,0.9275523214824735,0.8566753807336153,-0.1683584485822799],[0.9990914517430057,0.9981807444675469,0.9930823654985417,0.9993465629940729,1.0,0.9896165138133599,0.999107149827037,0.9985206568022654,0.9840202334635854,0.9985207234928667,0.998102374021789,0.9981460016866746,0.998552478616787,0.998553233507392,0.9985531433398367,0.9990614488062648,0.9986699932382604,0.9992989481886573,0.9988849248878446,0.9988843530813014,0.9986146887419305,0.9985435513680857,0.9943854032554297,0.9802353316561626,0.9948281918539668,0.9765045875317578,0.9947880899549825,0.9918495220967656,0.9826008003963762,0.9559002260155286,0.9891644334513718,0.9918552505691248,0.9893095338200415,0.9679247250269042,0.998956212253073,0.999004443963107,0.9990188456242113,0.9986322212702897,0.9986700049797216,0.9989953061189542,0.9989752550778017,0.9992005975726375,0.9989553030799566,0.9989545289951801,0.9883829749378605,0.9198077179474765,0.9457696703444626,0.932852251222832,0.9242116959442173,0.8890143588458483,0.9462184454598127,0.9373841137896317,0.9504666738495,0.9559738399337696,0.9450555064956783,0.9792465017265765,0.9791738334106588,0.9893487114861957,0.9941772101632615,0.9818989302888809,0.9757928541604528,0.982578150907692,0.9818819848573155,0.9829269030731023,0.9826975138206241,0.9557165651376048,0.9642853885385083,0.9590726023787226,0.9586730303614004,0.9206756240770961,0.9771877135066794,0.9736220997803922,0.9795197240571007,0.9786964014521873,0.9399700437796779,0.8633342192340937,0.8242459222954786,0.8848958108354452,0.9217042974726662,0.9056684818021277,0.9130207036681139,0.9118839241069895,0.7428801457452645,-0.5754571979188643,0.9737021080105658,0.9645533543951874,0.9618929903261083,0.9828442736049771,0.964585192457613,0.9772946069190694,0.9769140465008097,0.9408128639174954,0.9789287357921465,0.943765746629892,0.7563862682361888,0.9240657433577689,0.9513676509996656,0.7576166418146093,0.93784420928144,0.9393773102030801,0.8931036618218283,0.9709362895522592,0.8870184803557485,0.44571755105441296,0.6584819853176701,0.8927832081659665,0.8400648333408048,0.8879610742718308,0.9781644402731018,0.9783056946285974,0.7436365351845611,0.7161645296429289,0.7476279978598336,0.3893378500416165,0.6964803792184524,0.7527452550300444,0.7480740299909925,0.7108194830587065,0.7651491290473088,0.7348190172205011,0.7165462635604629,-0.4738454585732688,-0.5545510146733299,0.6544822506356135,0.8856651220762687,0.9200494427333468,0.9352092410827914,0.9064266678926752,0.8039385486287735,0.8956237675772964,0.9136912522033173,0.9132686965537967,0.7928188093411458,0.04124455367867556],[0.9855799818380679,0.9900668487796314,0.9913483774269576,0.9867274526618818,0.9896165138133599,1.0,0.98507806140433,0.9858222102977582,0.9921860731419453,0.9852096271561638,0.9807414151545547,0.9797033442414078,0.9857053094446863,0.9861837888223093,0.9858927877423482,0.9855360608165729,0.9887486956860201,0.9867581221593802,0.9866122635354035,0.9866078713779742,0.9847250649600483,0.9858003360119136,0.9956670379207018,0.9931524967042371,0.9869924027313436,0.9860522175925213,0.9871722544898651,0.9770742713040232,0.9877998770867409,0.9726421248246587,0.9643521737874731,0.9697561420780637,0.9779912414484903,0.9660622804579923,0.9847828548589362,0.9851212978886641,0.9859431497896369,0.9864862639619812,0.9805386189985706,0.9855447978398812,0.9839496152150135,0.9856302023534341,0.9849466618190544,0.9849520839879947,0.9958266810978387,0.8677136942383921,0.9250754603632257,0.89935711842358,0.9120920835176296,0.8740487840567269,0.9199337682889508,0.9089371499984078,0.9224120065333083,0.935520742134265,0.9181444922644962,0.9524523848064796,0.9574151918334082,0.9633571324942295,0.973215311466717,0.9699268643190442,0.9852502079408775,0.9714363027314682,0.9833235221283999,0.9710352843903013,0.9704696721782978,0.975059942103978,0.9668284198248409,0.9466788220735831,0.9461398186224979,0.9433499093737143,0.9816054962389482,0.9741807594324284,0.9711637298749846,0.9697574976033959,0.9609150198092524,0.8846080091245506,0.8377265908922876,0.9024572794306536,0.9129061570034721,0.9220381675554394,0.9032337963986384,0.90105551125821,0.7163365664082528,-0.513807907070675,0.9794055781260073,0.9801200703395722,0.9758592754564902,0.9708617752462341,0.9713465346987833,0.9783553961502494,0.9779445200484155,0.9660644445071898,0.9677229928907567,0.9649415877289164,0.7683527535623911,0.8811757819759467,0.950736648086059,0.8036748506001736,0.9401010742168225,0.9411741977480601,0.869336492297746,0.9593504469420784,0.8388303944607486,0.5356857367647342,0.6863842240979109,0.8482663373146314,0.8214201446122861,0.837564948754265,0.9602010958678123,0.9602751066273476,0.7363629781340957,0.7102146698930167,0.7544409772312364,0.4134585468127781,0.7436674208209689,0.7599704609650579,0.7538186946749603,0.7500222240910062,0.7616890285828125,0.713881169834505,0.6990447290256928,-0.29303654674256047,-0.42300508238259094,0.6722355921876517,0.8630991331080328,0.8810416630484413,0.8934056803821375,0.8749113532832383,0.7866610870989988,0.8540960077016022,0.8728191490705521,0.8729372034200008,0.8149574047949637,-0.13503582968697145],[0.9978714720316954,0.9944803125987799,0.9900694285237609,0.998132621748416,0.999107149827037,0.98507806140433,1.0,0.997447151117063,0.9575575503214456,0.999591740500144,0.9995377794498204,0.9995538092991703,0.9983597540512417,0.999456664896634,0.9991509342743513,0.999888432797666,0.9964465769488906,0.999902799654418,0.9993524823658957,0.9993573908666072,0.9997006845534466,0.999300764053469,0.9907910874351709,0.9747708072632092,0.9854498535731712,0.9259413248913748,0.9933135441307486,0.9912876780074541,0.9734950278377946,0.9499115657532314,0.9916130153094098,0.9917511999711237,0.9932657383293363,0.9737432710605755,0.9989688073411384,0.9998446228810053,0.9997021734129619,0.9994650490364438,0.999749878188442,0.9998281070064577,0.998454473841852,0.9997240442347974,0.9993633067980615,0.9990058867725276,0.9811710293087424,0.9275318499648934,0.9493455388819381,0.943496605355344,0.933096520743181,0.88925590550618,0.956819809844423,0.943891793973548,0.9591008077188493,0.9601359778497522,0.9509641281855233,0.9812543570426018,0.9803185062436002,0.9914713700353794,0.9963678773882508,0.9480530399655757,0.9638174036396558,0.973357127893002,0.9740607042135945,0.9749419164476283,0.9480589271773462,0.905032699956917,0.955610165382412,0.961167892845064,0.9391676562452231,0.8948998649535328,0.9676453795507263,0.940103078955411,0.9678808684961493,0.948407391273079,0.7782666774226302,0.8574533721827666,0.7793323013226798,0.8725863002687989,0.8911818361645316,0.8957955021452483,0.8743337694002447,0.8864574080996529,0.33392716732431743,-0.5947476925266046,0.9649640100768837,0.950710070636794,0.9493788477878498,0.9496853924703023,0.9610571927806227,0.9713264568157471,0.971374037245281,0.9307563343193498,0.9679248998389387,0.8494810743599701,0.7513021830062175,0.9246361579756917,0.9307216671636317,0.7850460213750541,0.9491417253200051,0.9501418863714741,0.8962408016465744,0.970319395710115,0.8321289897559574,0.5958681866854999,0.7105642481716703,0.8552039974079413,0.8465581912123531,0.8367331703473089,0.9783467398853901,0.9785416840417441,0.7698130502271778,0.7134278167476816,0.7821105120596961,0.3840499572479279,0.7740842231442525,0.7935392359175405,0.7887628962949158,0.7911476028867479,0.7619036355215534,0.7403789739988922,0.72123618941105,-0.28025563421598393,-0.43061692906940574,0.6713653428063384,0.8890292279706824,0.9246487324559098,0.9412197831909288,0.9115228284096222,0.8239165920698639,0.909770809478846,0.9297630339100528,0.9284998763939248,0.7755423732283518,-0.13439123506763992],[0.9960157058087302,0.9914226573691834,0.9906886469298058,0.9964627324856635,0.9985206568022654,0.9858222102977582,0.997447151117063,1.0,0.9685161223804774,0.9999998216118936,0.9999992679493973,0.9997320016572774,0.9999970414310376,0.999992227055328,0.9999981421353661,0.9992855985561605,0.9910371207243218,0.9994209120422418,0.9999042736317616,0.9999038780720774,0.9999628734240348,0.9999987379567191,0.9911629432549216,0.976244949894175,0.9925794665087133,0.9400893401094411,0.9938160711841122,0.9893283794993473,0.9756961684695163,0.9491256783606317,0.9879013122328345,0.9937988189393279,0.9917538493873669,0.9705028280999766,0.9994557292289371,0.9995475625013119,0.9996580376563299,0.9997299386443715,0.9991400914006673,0.999475271914694,0.9981514019461338,0.9987600838668298,0.9995268214446316,0.9993898315904929,0.9827936864347291,0.9273612515748039,0.9464982816570827,0.9477026705809073,0.9311837222417458,0.8776590247636153,0.9550845175001909,0.9392298018632641,0.9569908727196222,0.9542031775973441,0.9447645470813294,0.9792088603041154,0.9772709405672582,0.990411440816666,0.9969382305625065,0.9430049842669407,0.9594614456436292,0.9668120411952977,0.9708960936303254,0.9687933425164326,0.946297256071799,0.8970065993457251,0.950737387535711,0.9542704205259878,0.9336719392335501,0.8824212050715572,0.9648364116201887,0.9338057930720735,0.9623228834969964,0.9437113730312908,0.7650889704866448,0.8492152180588342,0.7748192100147309,0.8644193293679646,0.8838604388823985,0.8910938855648318,0.8698519487631389,0.8795391298910387,0.3159909090832552,-0.5992726290638323,0.9606660907444582,0.9438132525858252,0.9431231979429664,0.9476879595735135,0.9562872868346222,0.9670983831822384,0.9671339595957076,0.9256960724807809,0.9609526877918816,0.8379456387880325,0.7480704516165323,0.9394143325002867,0.9417227898816497,0.7811665722081221,0.948842825399117,0.9500008958522822,0.8936825580998299,0.9744008680160178,0.8351845266303037,0.581551542521182,0.7016883328196771,0.8562821126478956,0.8434074645112815,0.8390093702248624,0.980889669027208,0.9810888460739263,0.7606767881023219,0.7055318135298382,0.7834954424394208,0.37115660633354974,0.7689050476398847,0.7889995773971651,0.7892701500714528,0.7855397688730454,0.7555006412433117,0.7344777359235788,0.7147387303145631,-0.2961926169794382,-0.44551854819290704,0.6567665654908522,0.8813061909903765,0.9221583719085436,0.9336105588773368,0.9056440314469941,0.81302585756298,0.9033078318797612,0.9234640208325842,0.9224795308562884,0.7564279126301402,-0.11729719153429495],[0.9692067472215964,0.9841641109147933,0.9905022358972447,0.9715078816046209,0.9840202334635854,0.9921860731419453,0.9575575503214456,0.9685161223804774,1.0,0.9835192824531062,0.9876348042956828,0.989771686277326,0.9722121351112548,0.9805286555201804,0.9771320865343273,0.9749495138724132,0.9489966511630307,0.9796958106982744,0.9778800970563722,0.9778450843829884,0.9819911289676271,0.9770075171979368,0.9940073555239292,0.9923185087420243,0.9814705310109694,0.9881098070435811,0.9844799984107514,0.9895724611710267,0.9901852217823583,0.9658807377130958,0.9283768367348295,0.9499643219709342,0.9654016512164696,0.9478789457215759,0.9715474064751906,0.9798527761028067,0.9766443854490613,0.9790105546245766,0.9878307852750637,0.9809648296591632,0.9674102318016883,0.9767442057259416,0.9723850305838779,0.9713431993173154,0.9989153570671798,0.8857736990633314,0.9155208084098018,0.9374380751033278,0.9267111744658854,0.8493732512354581,0.884995577829566,0.8799829248874833,0.8887525550271564,0.909369762833448,0.8912832577951667,0.9286141102146978,0.9438117163272154,0.949711162678921,0.9624539865119665,0.8965392844569845,0.9630471647448866,0.9398594719909681,0.9615169753168369,0.9399143971747648,0.8945059647943362,0.9059522401971912,0.9354053271622281,0.9077569406796144,0.8706742094612578,0.8693861878251878,0.9628789179995119,0.9127615203105048,0.9384348017972334,0.8995080587537136,0.8015934443453547,0.8309531298467411,0.7126232047104736,0.8520627827733632,0.8683753617870595,0.8820273077631363,0.830181451717352,0.8488251207214649,0.3590492798920875,-0.5392538578025245,0.95166448980236,0.9455946175347681,0.9420804914456815,0.8956903491627051,0.9411667910409778,0.9498959646347661,0.9492889470494189,0.9322840111721633,0.9339974132695091,0.8557433483438845,0.7509054148078126,0.9308051482934763,0.9571688865375149,0.7767772716945781,0.928873117313261,0.9305982074322301,0.8500908176133388,0.9677231794368825,0.7435076030700011,0.47598044317687616,0.6439406370944548,0.7752398454319138,0.7738130686132042,0.7534096201693992,0.967181548789222,0.967194708544728,0.6894568299915297,0.6656797977975112,0.6768860208903741,0.3605312576664904,0.6825960473764451,0.6919810359549441,0.677515293328041,0.6901382411556496,0.7296705346921639,0.6776309491298802,0.6601409147650285,-0.34102612233476126,-0.4761713272687411,0.6707196482056291,0.8396899946847899,0.8375300502301365,0.864203547776805,0.8618626340443581,0.7515973580557128,0.8164396069377851,0.8432953564331449,0.837378307537517,0.7075592222129291,-0.05726819972331282],[0.9963445562713372,0.9914418653085696,0.9934348129846579,0.9968346154728313,0.9985207234928667,0.9852096271561638,0.999591740500144,0.9999998216118936,0.9835192824531062,1.0,0.9999990970509248,0.999737055203365,0.9999984974283833,0.9999909531538109,0.9999976308365194,0.9996584467703916,0.9977518781888571,0.9994147660802676,0.9998754035845405,0.9998753517897706,0.9999758272309003,0.9999992674271155,0.9937446061777292,0.9776952136121807,0.9959038865510161,0.9735169340966866,0.9959928119071657,0.9893058172941108,0.9799908993549522,0.9502823866806577,0.9892467049637492,0.993465129512182,0.9891059288503216,0.9667879333786512,0.9994701866920275,0.9995380786578456,0.9995495473816541,0.999820682953479,0.9991542761223318,0.9994830919880063,0.998341438516596,0.9987988348403657,0.9994731206638725,0.9994679907416454,0.9870670436590017,0.9273102062330523,0.9465360084013189,0.9474951660289261,0.9309609322461851,0.8778102133922716,0.9441002644155049,0.931857803825603,0.9477504091785136,0.9521266593318404,0.9425373901550353,0.977593601539006,0.9773054722933087,0.9908796516754638,0.9967042910659046,0.9718882830792943,0.959377684165866,0.972642529861302,0.9708455529467481,0.9730789273699824,0.9728073775262955,0.9435877026466921,0.9506530667772132,0.9494258398170098,0.9490764410156869,0.9092845832894008,0.9647555706962013,0.9640107426933398,0.9697337723610503,0.9687213534066652,0.9267314550748651,0.8492710690432608,0.8043412530413684,0.8641856637517789,0.9045756129400324,0.8909931828112865,0.8972541125767318,0.8963539947885684,0.6946632963807341,-0.6101744120347373,0.9606082576229154,0.9438236088950953,0.943141979126889,0.973064928866406,0.951535245232015,0.9666782661878482,0.9662769118255753,0.9263011071396836,0.9685509907483367,0.9295715851358776,0.7480864873660082,0.9390734826617586,0.9540561320030747,0.762895844809403,0.9418687600966991,0.943207145967051,0.8937539953614512,0.9735087618458713,0.8947243377920784,0.4827156991375232,0.6761321174709394,0.900442933016053,0.848331677482871,0.8958078664321426,0.9808428659756372,0.9810749599500636,0.7607451449610713,0.7052918744052439,0.7640053647025896,0.37128875704377967,0.7143440619062035,0.769107010342094,0.7644382675656937,0.7301013917010759,0.7552598466352586,0.7344658445947647,0.7147060473210415,-0.5196632162939046,-0.6011095478974686,0.656888819393603,0.8814667070197515,0.9218279456416195,0.9369464947275937,0.9058495374618964,0.8093167518651156,0.896630060391199,0.915219049649916,0.9146725502792736,0.8043987774525575,0.10868338093840091],[0.9944317395452568,0.991448953569779,0.9974519133524299,0.995164729964433,0.998102374021789,0.9807414151545547,0.9995377794498204,0.9999992679493973,0.9876348042956828,0.9999990970509248,1.0,0.9997371367633414,0.9999962503683815,0.9999944851155078,0.9999982156682088,0.9996366336163921,0.9973336041213783,0.9991161019030393,0.9997651007450177,0.9997649145988703,0.9999983543371278,0.9999982301863707,0.9926784839439163,0.9720348488062427,0.9948529700601805,0.9811837036974512,0.9954769941041972,0.9893231588471642,0.9816592918842642,0.9406807149606377,0.9877775407952399,0.9925735992295205,0.9820041185487212,0.9385384790919243,0.999209212212276,0.9992691141970286,0.9992020951979546,0.9998852967419314,0.9991353303816938,0.9992127281614048,0.9976949331323923,0.9983354841961654,0.9991778296649924,0.9991750175608666,0.9889361670145356,0.9269891022194228,0.9086262500462234,0.9474227046646241,0.9308346429721175,0.8774415613130975,0.9082604369776808,0.8956979279356415,0.9132088686997596,0.9216080203678266,0.906439443295834,0.9683337106625081,0.968303667715088,0.9899061415565309,0.9950218786557962,0.9639705485561344,0.9594781770054264,0.960510496388029,0.9604982211294527,0.9623513986547837,0.9620729720152937,0.918410108539913,0.9397991732702268,0.915683811943653,0.9151789576880309,0.8350841652033923,0.9619341530553412,0.9683143470365191,0.9643275576466626,0.9632134774416525,0.9168424609912141,0.7691331186932541,0.7253773559957533,0.8188909815250202,0.8786443050286079,0.8430133102766324,0.8607641302903324,0.8592478790768184,0.6867020227014227,-0.4349190534546164,0.9463284400864113,0.9439316908182328,0.9432129507662949,0.9652972602162853,0.9372968025600434,0.9496289520462351,0.9489273356840456,0.8941530933643478,0.9528711832705401,0.9001225195873347,0.7482350608278404,0.9394433912418448,0.9568224820953211,0.6330776593893946,0.8949266599072594,0.8979560968365671,0.848278864300001,0.98410372653924,0.8358201619771526,0.14837044364406407,0.5211488054409505,0.8482230097666469,0.811800263925197,0.8421938341537509,0.9848351932031969,0.9848475221301427,0.49844517373550384,0.6090696390878128,0.5060716175161678,0.3711891153156477,0.4701627400546811,0.5187089910690731,0.5080451279244745,0.4444124487972107,0.7421658004483718,0.5860199319359589,0.5455508798174984,-0.4848717298728816,-0.5391584937274939,0.6562453347007969,0.8597965233973979,0.872700683901273,0.9021612236192991,0.8993135395135505,0.657249511278848,0.8364845156613904,0.8645269984925534,0.8637460171249098,0.6061249954055614,0.048571592516335006],[0.9939970471308283,0.9932767955653248,0.9965624657775548,0.9949742184709007,0.9981460016866746,0.9797033442414078,0.9995538092991703,0.9997320016572774,0.989771686277326,0.999737055203365,0.9997371367633414,1.0,0.9997516347541194,0.9997352843276899,0.999742655918121,0.9996371725167659,0.9979769182071431,0.9993288457147285,0.9999663128607253,0.9999659897425419,0.9997416054907375,0.9997479558892355,0.9919376388662073,0.967333236990203,0.993374909560957,0.9812764365262259,0.9942406911922281,0.9922827011738931,0.976830030713556,0.918010570868104,0.9903911079397284,0.9935458031108085,0.976914322586622,0.9160716626968177,0.9993365663576618,0.9993910272658434,0.999346458696646,0.9995347729337231,0.9995608925760825,0.9993652587242844,0.9975058367409279,0.9983480668886818,0.9993224400352515,0.9993189661011818,0.989985822681858,0.9219258050398423,0.8928735109000063,0.9443135161292584,0.9303617344277276,0.8775361201189568,0.8677758839227053,0.9085440591806246,0.8719728532884757,0.893179611278045,0.8656424345026364,0.9543384258691603,0.954313550150277,0.9798073115714625,0.9941160644124464,0.9626969356585415,0.9641251161859566,0.9562129511556289,0.958125499035709,0.9594989004879071,0.959341458917414,0.9186009502414144,0.9309931037414094,0.9010426017840499,0.9009112763481557,0.8157853901976481,0.9601159001488514,0.9626552418843286,0.9627721881390724,0.9622218658212254,0.9228341644734986,0.7037023318880505,0.6543532787273705,0.7744475738905017,0.8504479759416079,0.7968828964688337,0.8245037780293373,0.8235239004644038,0.6538434360047531,-0.34497850595180707,0.9402369748750696,0.9471741316477282,0.940014380857532,0.9637331896074028,0.937606996526805,0.9446046090457572,0.9437175761862343,0.890816406868562,0.9476804838858544,0.8956685520785306,0.6891164319447801,0.9365110265533608,0.9307942029498995,0.4756625382860648,0.8277918761184587,0.8330952130934067,0.7321372601333258,0.9767886714918088,0.7077287996378132,-0.22487734741156892,0.2457874393452973,0.732123115093285,0.6862149927474719,0.7255176722110335,0.9779769294996357,0.9780483259798639,0.16040231411053535,0.31756833603338186,0.1654925916830357,0.13709775169352487,0.15775441105068852,0.17501555523456544,0.17272361282112206,0.0892335630273565,0.5118352041511552,0.24328593770478277,0.19056937767403526,-0.507378131090674,-0.54990967007088,0.65699176830462,0.7501741715102148,0.7744125557001507,0.8366881952827742,0.8252125627150358,0.5534552125633687,0.7462562485546597,0.7691446363586888,0.7679948068798061,0.4194660343504329,0.2421770203903275],[0.9961364138696062,0.9915846865532467,0.9905608074231822,0.9965652383946401,0.998552478616787,0.9857053094446863,0.9983597540512417,0.9999970414310376,0.9722121351112548,0.9999984974283833,0.9999962503683815,0.9997516347541194,1.0,0.9999907215388035,0.999997671745532,0.9993367339781236,0.99277864770895,0.9994634137875342,0.9999136128286109,0.9999134222096836,0.9999700583226611,0.9999989400925964,0.9910586355956028,0.976079954243452,0.993242354581824,0.9450272666686539,0.9937704653520735,0.989460004482448,0.9755088529537258,0.9490989241366368,0.9888060225670185,0.9938746351014689,0.9918457663568772,0.9706553099662226,0.9994984203478159,0.9995885335509733,0.9996894488552815,0.9997304926006727,0.9992072506982436,0.9995179604063531,0.9982402568568512,0.9988313389228403,0.9995700256916288,0.9994334246292684,0.982572368359891,0.927658750031142,0.9466887260065254,0.9476605913676092,0.9313778916587467,0.8784134611908717,0.9554400779196284,0.9396396892001103,0.957351819967842,0.9545699831501882,0.9451769064351844,0.9794656369485875,0.9774688544265104,0.9905553992028046,0.9970132559838643,0.9433004354061145,0.9595752918454771,0.9670700715323255,0.971004581279055,0.9690483573581665,0.9465441451216452,0.8970994397628345,0.9509631393067833,0.9546557432791248,0.9340871716894151,0.8827595278732,0.9648965206749635,0.9339989631684368,0.9625237624810926,0.9439869636608191,0.7651173738571433,0.8496096979031657,0.7753339517256488,0.8647946752916165,0.8841487453437159,0.8912958651993601,0.8702253091456124,0.8799171662773081,0.3162237884404697,-0.5992564974590877,0.9608321229265219,0.9440772663286904,0.9433528656953877,0.9479229246457561,0.9564679394519964,0.9672782588562204,0.967315605053848,0.9258073329383898,0.9612306480021531,0.8380850359076097,0.748195754151739,0.9387469981770955,0.9412105356668768,0.7812983697100702,0.9488725698341527,0.9500220182108955,0.8940226791485879,0.974248500924852,0.8356579441205414,0.5826149617241294,0.7023553853551477,0.8567459882711954,0.8439387040091656,0.8394789797003898,0.9808188960920474,0.9810180134225881,0.7613080964089881,0.7060863958870591,0.7840935591170678,0.37188444124487957,0.7695831760757863,0.7896873170625325,0.7898793710161526,0.7862495315869175,0.75586693028759,0.7349307692415183,0.7152128135214426,-0.29522884698188734,-0.44465738943245303,0.6572560268171753,0.8818269277854716,0.9226117747705261,0.9341400907172698,0.9061149245016318,0.8135928449382765,0.9038835737577163,0.9240318867391547,0.9230360998064324,0.7571087071293583,-0.11832679934769068],[0.9961698364483533,0.9914425326908941,0.9928258785350288,0.9966889542746155,0.998553233507392,0.9861837888223093,0.999456664896634,0.999992227055328,0.9805286555201804,0.9999909531538109,0.9999944851155078,0.9997352843276899,0.9999907215388035,1.0,0.9999947122307116,0.9995363335981798,0.9976788292787936,0.9994183653285168,0.9998977639722818,0.9998967060590688,0.9999509424553626,0.9999908583109073,0.9930486646043876,0.9764860556433421,0.9956188273973332,0.967516701642976,0.9953906919773771,0.9892707479853443,0.9758210443714131,0.9492433622243683,0.9889361972723654,0.9938289749560621,0.9910636506128286,0.9701214108273024,0.9994688248990735,0.9995398298341676,0.9996045631066973,0.9998805733550172,0.9991657764301294,0.9994644200759327,0.9980727905736132,0.9987483239858322,0.9994857852569577,0.9994784203751412,0.9850473268925627,0.9274688497159975,0.9464231589998048,0.9473649397266634,0.9308057065798291,0.8777334803680972,0.949234411863817,0.9313593124319289,0.9514222572674221,0.9538947230804468,0.9444303984156127,0.9776457261294267,0.977125139373257,0.9897574364004239,0.9970088639515079,0.9720356691382298,0.9591440185521816,0.972613483679151,0.9708456742569194,0.9736024540863458,0.9733172480923662,0.9520809568696906,0.9503422218638853,0.9536549528115329,0.9532856586897365,0.9255058536986356,0.9647896808297143,0.9668345411193637,0.9713215500216051,0.9701706220384203,0.9360062914939165,0.8489232898579255,0.8116872878891133,0.8639206676686652,0.8955892837623696,0.890855478143254,0.8917808264890619,0.8905539539179131,0.6721794826225292,-0.599594578085973,0.9606235601786939,0.9437173809659467,0.9428843292004057,0.9732206909415548,0.956338857114688,0.9670673115219015,0.9671547829807213,0.9257268749735394,0.9675768136117003,0.9376693175252759,0.7479136643224814,0.9387627380711193,0.9471297484337655,0.7802462714383517,0.9486877463142092,0.9497719953029345,0.8936258940113676,0.9746129961186383,0.8838453160503975,0.5819298413159697,0.7012241078226561,0.8914472240184208,0.8562038543287722,0.8820559950199633,0.9811099541997876,0.9813389755243657,0.7598224286050417,0.7047050329261446,0.7998280498165107,0.37123756818645837,0.7735465447247081,0.8044374193340539,0.7989840114810421,0.7845636707407426,0.7553280013039784,0.733108706466426,0.7133896220426937,-0.38744131379915175,-0.5081652341557483,0.6561027182581229,0.8814673867580823,0.9192298809545774,0.9294923069635561,0.9061961212956019,0.8121815646135551,0.8904781798463853,0.9120937531190838,0.9116762364026383,0.8421965895945438,-0.08540748760600123],[0.9960619255313566,0.9915067982131389,0.990747889046871,0.9965082990789722,0.9985531433398367,0.9858927877423482,0.9991509342743513,0.9999981421353661,0.9771320865343273,0.9999976308365194,0.9999982156682088,0.999742655918121,0.999997671745532,0.9999947122307116,1.0,0.9994311646343981,0.9969125264053892,0.9994377770884288,0.999907371262373,0.999906669253864,0.9999640588015049,0.999997515845536,0.9912077877595631,0.9763099949536631,0.9949680521207487,0.9589211027149048,0.9947723144670558,0.9894106748652277,0.9757510958302944,0.9493008180849014,0.9912628127791663,0.9941466145826812,0.9916998592205093,0.9704067917868718,0.9994680229865393,0.9995492944589118,0.9996657089553963,0.9997460991419259,0.9991705301419365,0.9994729174245106,0.9981776821343861,0.9987773749108386,0.9995373084010045,0.9994031711877027,0.9827924392663434,0.9274401894286464,0.946517854115759,0.9476985954847481,0.9313066475101226,0.8779815840255637,0.9551674260723487,0.9393695669306716,0.9571066584929903,0.9541516440682019,0.9446806073783454,0.9792366072879584,0.9772148929191167,0.9903812036947682,0.9969020035559966,0.9433119090343177,0.9595542779147188,0.966985231992548,0.9709737704203288,0.9689517179411219,0.9460973098073894,0.8972304366465795,0.9506356542682307,0.9543364240287918,0.9338927400688427,0.8825575294747549,0.964986406904067,0.9341658953300661,0.9625339199941105,0.9440334741011098,0.7654495547599665,0.8492007521671933,0.7750898581407781,0.8644487132569437,0.8840358494490165,0.8910947287319883,0.8700091611747373,0.8797130974217222,0.3163541532279253,-0.5989689097819243,0.9607488224688912,0.9439697257997648,0.9432594973581895,0.9463213184903339,0.9564670745573426,0.9671789773748514,0.9672111659855565,0.9258888810035172,0.96112668663503,0.8382231955653445,0.748107064570479,0.9390939787744682,0.9416161639022613,0.7811574758590502,0.9487641183064074,0.9499266574973314,0.8934990858629347,0.9744189966993733,0.8352199045071609,0.5813820726197259,0.701575295369143,0.8562950572136312,0.8435376964971913,0.8390417584070922,0.980931874282989,0.9811279086430149,0.7602780222960281,0.7051772154283543,0.7834779087162649,0.3714291127357594,0.768884091021668,0.7889205170978234,0.7894311873950768,0.7854402099983276,0.7554152042347516,0.7337168867032762,0.7140128758249663,-0.2960005580739595,-0.4453219986093921,0.6570209056234024,0.8812124038950068,0.9222859474151668,0.9336559939405148,0.9056843028912009,0.8128209759798909,0.9035169826892357,0.9235042466168568,0.9226378223088263,0.7565276814171507,-0.11757811036811201],[0.9976157806793089,0.9938084065877077,0.9901532788023196,0.9979048293815043,0.9990614488062648,0.9855360608165729,0.999888432797666,0.9992855985561605,0.9749495138724132,0.9996584467703916,0.9996366336163921,0.9996371725167659,0.9993367339781236,0.9995363335981798,0.9994311646343981,1.0,0.9983228634755633,0.9998415584688531,0.9995249078133425,0.9995299670089403,0.9997549820030066,0.9995098533243743,0.9908229121204751,0.9752186524677297,0.9935372681295453,0.9508618135206347,0.9931731100977652,0.9912083291909254,0.9737685752506398,0.9498557563259342,0.9917454004030325,0.9925174731765466,0.9926319549046515,0.9726528125818233,0.9992507990795427,0.9997258134189477,0.9997042426569562,0.9995481174000214,0.9995639065127434,0.9996791696570863,0.9988057414743988,0.9995599662722183,0.9994933905524868,0.9992443920488001,0.9812895074693204,0.9259930774698006,0.9487922679350582,0.9433201831291166,0.9314626482881451,0.8855030696612415,0.9573542143655195,0.9441712010192593,0.9595934878499061,0.9585907797445496,0.9492148628849069,0.9813549531832023,0.9794480852755255,0.9914028434451467,0.9963909975775295,0.9482338223132064,0.9632538738242105,0.9724426125890626,0.9736072534456561,0.974125008933895,0.9491711105205735,0.9036580089025823,0.954120679707942,0.9600884825108089,0.9392498314091252,0.8920189617626508,0.9674842411098024,0.9395924783295083,0.967312232830163,0.9487782998190193,0.7749999750918121,0.8552385079392235,0.7799129414418635,0.8702036750849629,0.8895975135308246,0.8941406993630202,0.8741011118462917,0.8854757767543756,0.328820502878759,-0.595543892651564,0.9641747948952407,0.949288842782529,0.9482421004361156,0.9508414611690678,0.9607287253714415,0.9706110236091369,0.9706874862174714,0.9304247959265106,0.9668689669364341,0.8469753187416372,0.7497609000450156,0.9283176619186261,0.9329930372195543,0.783757135463978,0.9488305195039383,0.9497819586566754,0.8938300107149573,0.9706820563530113,0.8344855563975847,0.5917651411367782,0.7070836230055734,0.8563311