var element=document.getElementById("correlationClose");if(element.style.display!='none'){var correlationClose={"data":[{"type":"heatmap","z":[[1.0,0.9999875363785401,0.6423167805752852,0.9997186852868466,0.9979044762906427,1.0,0.9921354137172897,0.9883569692239844,0.9883569692239844,0.9928176745485778,0.9762507290666401,0.9863787088541011,0.9921746740234136,0.9925888996487607,0.9922295785844276,0.8453169913343666,0.7956311373845179,0.33761439354886885,0.9931013536135076,0.9930883602078004,0.9853725338115118,0.992161883060777,0.4378885655510147,0.7224410883215725,0.9810124863925546,0.9810124863925546,0.9809938597097547,0.9737705913640226,0.34469600721631216,-0.10557946891318822,0.9896110591005672,0.9895787767160604,0.29459607174202324,-0.17967412315903633,0.9945744036639858,0.995263791987072,0.8392197082180411,-0.36893714133653266,0.9903273114548378,0.9952121386570325,0.834980714616063,0.31863794725173994,0.9947251641358948,0.9947141930335123,0.9947251641358948,0.8863486511418952,0.6564734569591306,0.894906871068616,0.9021063184825724,0.8111606356841947,0.37542022227782296,-0.16528503693894533,0.1991619590968748,0.94597486639602,0.4024661918758454,0.9749004701179534,0.9700081559025937,0.9799502344360076,0.9897790349837179,0.9272256195127188,0.9331288040460746,0.9427166116430814,0.925902047270603,0.9400010527074142,0.940656998413703,0.9400010527074142,0.874629189990839,0.9184018958669862,0.9193561360315419,0.9184018958669862,0.9170066217232379,0.7751105406703211,0.8898402052159459,0.8911978161168268,0.8898402052159459,0.6763701360707771,0.35583862771050834,0.658948824844752,-0.5650185888269775,0.564196624662382,0.593508120981765,0.5941764105161536,0.593508120981765,-0.10525500416765787,0.9052923043017251,0.9373995070643099,0.9204489482518813,0.9285693179841814,0.3211973231418386,0.9008036838628318,0.9016560082425908,0.9008036838628318,0.9059589534735357,0.9059589534735357,-0.1079639950571234,0.5853001192402202,0.17416236991350414,-0.647228679401682,-0.5810081634957295,-0.5846207652540586,-0.09558553252373285,0.10809564747351649,0.2255039861230296,0.0518406929031852,-0.5031589753480187,0.00944820468941558,-0.7961743553350225,-0.257557869159194,0.16069167877004303,0.16175212070062855,-0.5625100320978752,-0.5871047223518898,-0.2553884181666397,-0.506137726681163,-0.8208665797672339,-0.3870070719847564,-0.3788759636721119,-0.3870070719847564,-0.19591421613574833,-0.30818706172012655,-0.30818706172012655,-0.808907353801426,-0.808907353801426,0.38915702707924077,0.6360314758305138,0.8594323568138144,0.8427354174825055,0.7657124323431123,-0.30544604055050856,0.7522961175126576,0.7878336277319551,0.7881650660791943,0.7878336277319551,-0.2137278824011609],[0.9999875363785401,1.0,0.97751097741705,0.9993991797585423,0.9954204513527616,0.9999875363785399,0.9834563774664198,0.9769374263839248,0.9769374263839248,0.9833190811165702,0.9686932367976715,0.9850349234335244,0.9835078543458506,0.9833932614190403,0.9833423885592563,0.36343091145877676,0.28011472535954157,-0.38703640342493767,0.9875746925180555,0.9875570486769164,0.9835565103320534,0.9835509816933925,-0.10173603435713681,0.9766383852075967,0.9785278904174053,0.9785278904174053,0.978582529212587,0.9739275221941905,0.15295837609551383,0.17263960981210222,0.9802011836424458,0.9802650109150014,0.9135244089872248,0.1763118515264838,0.9903284505940444,0.9903820601403109,0.9909820416162936,0.9847747294645095,0.9892988965022049,0.9905308435638513,0.3217850331160362,-0.39244552130002974,0.9910306064764836,0.9910185522606849,0.9910306064764836,0.886259701575098,0.5096791460012754,0.8949783735065245,0.9019640471236784,0.8105690159532325,-0.3594116242381479,-0.5133110400842592,0.8272285302207316,0.8685904046866719,-0.24096791924642882,0.9332598011660981,0.9333968599700827,0.952978382137615,0.976156522956829,0.9444720500263448,0.9519097636153082,0.9358870630984608,0.9350244398321444,0.9408250738420055,0.9413577409372005,0.9408250738420055,0.8362469143481737,0.8065319644369028,0.8084482445952625,0.8065319644369028,0.946287686547907,0.9500042209803354,0.9464179141135481,0.9473379208283944,0.9464179141135481,0.5671526517013917,0.510425950734079,0.6137679665203097,0.7041382832106132,0.6062635721310401,0.6329277099693493,0.6336856183334264,0.6329277099693493,-0.1966151011985052,0.9046653151843548,0.9313978589322016,0.9217600023553665,0.9499110868546481,-0.24634855541174047,0.9004381122588198,0.9007342922429118,0.9004381122588198,0.908770117276993,0.908770117276993,-0.19848454651579306,0.5869031293937139,-0.3635654301008499,-0.7466874183459703,-0.4623035636606321,-0.4657781609241272,-0.3502814688567034,0.2614810351864806,-0.24556763530514833,-0.4623981569091365,-0.6932318011907808,-0.3290561991985169,-0.4836083989896324,-0.3860069311513755,0.13755655761930902,0.1335741649611736,-0.4891059895879301,-0.4513000686696511,-0.4798183275797331,-0.510632025427338,-0.5028754802175274,-0.4820001889552874,-0.4852430281803956,-0.4820001889552874,-0.3462404485092005,-0.5169100919743927,-0.5169100919743927,-0.4929070682782683,-0.4929070682782683,0.38984065950822355,0.3759830476744418,0.4980098970026331,0.5922184511555348,0.5372235682521685,-0.4272551406423819,0.3637759003862005,0.3265946228586929,0.3266986130175192,0.3265946228586929,0.13356372789197046],[0.6423167805752852,0.97751097741705,1.0,0.6385213478189011,0.5611252079685858,0.6423167805752852,0.626141474976445,0.6171888334926146,0.6171888334926146,0.5590385343071226,0.5157703293415421,0.9959165411816496,0.6261822627689402,0.6159550977483049,0.6264047285247251,0.4635916347277258,0.45566459279499605,-0.17628537170835717,0.584165294147724,0.5833207400111065,0.546823885339283,0.6251403173360938,0.21715094033828314,0.7659279170729393,0.6025130116668856,0.6025130116668856,0.6022805437450436,0.9879413523780461,0.3314251813124699,0.16270971334393436,0.5848364240339753,0.5844437990710684,0.7224336342398054,0.013883032390113017,0.6225644370501705,0.5541440362045352,0.5942418865847199,0.31762251470209374,0.9937272885153792,0.5478432937666539,0.45396877529401036,-0.18463734247701244,0.6392887916463678,0.6205072554966766,0.6392887916463678,0.8834481662508153,0.3975644440488671,0.9166695281187305,0.8911875108527053,0.6961889958911733,0.2082804381298297,-0.05289556536456956,0.04918587867386265,0.49738562494656485,-0.08765100773146477,0.5684442135273093,0.5256112619337798,0.5523429717296261,0.5146440336692796,-0.024074897519157902,0.7684223979691364,0.7027339126548293,0.5969740943072959,0.7084954571211489,0.7448806335767476,0.7084954571211489,0.47408939213563084,0.6098774116565113,0.6785110201115504,0.6098774116565113,0.6593788235197642,0.6565627624857309,0.7050221181985372,0.7582305727062919,0.7050221181985372,0.34536826245312985,-0.08793997084748414,0.362063348782373,0.10922212344579127,0.35680918433910586,0.2606655884328376,0.46062664980793383,0.2606655884328376,-0.16753453892567172,0.5646254001510583,0.8647092095470736,0.6417609897206463,0.7594925538058404,-0.03061161536279475,0.611073951034698,0.6107056459671353,0.611073951034698,0.6912407369139247,0.6912407369139247,-0.2177950697427751,0.7099964315606456,-0.1943922573720876,-0.6564868872625167,-0.4239130650709219,-0.42749920263739966,-0.408964487367704,0.07678562198032922,0.022681321148192005,-0.311478485496678,-0.6365499589993857,-0.1572015046703484,-0.2915379039426434,-0.24842313152266074,0.03426984088029442,0.03196875093035629,-0.4777129681983814,-0.04241586051107323,-0.24783891264118604,-0.5030597907546192,-0.17719730106000048,-0.39122503188598917,-0.27073862798419934,-0.39122503188598917,-0.4080158069678171,-0.5253886178922644,-0.5253886178922644,-0.2862319708154734,-0.2862319708154734,0.32861884789452867,0.17387935856426462,0.27191429779411086,0.5090912480210563,0.2635820720334371,-0.3616240926830981,-0.021853751483149345,0.45333706949333386,0.5590737912554715,0.45333706949333386,-0.03237188016240675],[0.9997186852868466,0.9993991797585423,0.6385213478189011,1.0,0.9988666680801707,0.9997186852868464,0.9934787882613436,0.9901640194015132,0.9901640194015132,0.9943907948962185,0.9742016808041972,0.9899978023102589,0.9935079733419894,0.9942261958175257,0.993538731498845,0.844640414595464,0.7946099051937917,0.32267742188066373,0.9942541447422387,0.9942437519642348,0.9855154012049171,0.9934877267411624,0.4293528895516977,0.7267771071644648,0.9836799980057769,0.9836799980057769,0.9836611191800121,0.9804400314536161,0.3406932539859762,-0.111821254851415,0.9889814021123562,0.9889582060806941,0.28682992683537767,-0.1798348225957288,0.995166496098955,0.9960551044519323,0.8042956551729794,-0.3735741807770089,0.9929156896287936,0.9962366128696619,0.8335245503310444,0.3033917325027139,0.9930784051229194,0.9952146198233952,0.9930784051229194,0.8837801847360269,0.6439893478507476,0.9001387126612806,0.8996515049651485,0.7923797644029703,0.37025689933703515,-0.1705655486196956,0.1934680787320959,0.9403648610107453,0.3863838783633101,0.9703875434167352,0.9670126623506292,0.9777840261287635,0.9897529525249924,0.9067440973181634,0.9268935300120063,0.9301572267693574,0.9221692873304943,0.9235261658800306,0.9244234130015329,0.9235261658800306,0.8669740123153503,0.9065978752558439,0.9076452450912896,0.9065978752558439,0.9138181149928297,0.7168585809437608,0.8520763804259257,0.8534481531878816,0.8520763804259257,0.668498495784782,0.13137814811561194,0.649425380440733,-0.5694589901235917,0.5595134171274715,0.3305078117833774,0.5646612558990337,0.3305078117833774,-0.11157811236678382,0.9003323016841047,0.9303098789385383,0.9131924785252841,0.9061537488295063,0.3069619822913664,0.8965737144464988,0.8975569728706615,0.8965737144464988,0.8872548795485861,0.8872548795485861,-0.1126622444443274,0.6059810546596975,0.1788442016770417,-0.6572691928697908,-0.587821013925372,-0.591344771097269,-0.10761549854000683,0.10359329026656502,0.21860455626481387,0.03884231622417503,-0.5152991195231469,0.0031767864039290447,-0.8017827164840153,-0.26517766368862666,0.15084834831684452,0.15196775049011726,-0.569064543959681,-0.5834578350669938,-0.2565346415967191,-0.5164335776714583,-0.8222719767491941,-0.38830008409378447,-0.38073275916408467,-0.38830008409378447,-0.20427122147670035,-0.31761202587786186,-0.31761202587786186,-0.8083517903455112,-0.8083517903455112,0.3788664657697959,0.6243872243272216,0.8514669476165221,0.8349716380177095,0.7581891025003362,-0.3182271319745875,0.7431809950025117,0.7788725799220054,0.779211641765096,0.7788725799220054,-0.19882953695320257],[0.9979044762906427,0.9954204513527616,0.5611252079685858,0.9988666680801707,1.0,0.9979044762906427,0.9971682847063702,0.9955844708178956,0.9955844708178956,0.9973651303350186,0.9660773733532522,0.9963817210370023,0.9971885799724481,0.997262915459509,0.9972161108234833,0.778656596352471,0.7075502071097142,0.11804044769316989,0.9976840909994281,0.9976798491551817,0.9873950605805217,0.9971739613388378,0.07911556482810016,0.7043651784884077,0.9921255638871423,0.9921255638871423,0.9920879938942718,0.9897011598052129,0.11817819109240364,-0.09362592255284014,0.9871717105652013,0.9871125268066848,-0.0060425573248388586,-0.07655871290527594,0.9978146394009807,0.9977470403716876,0.7927883684390282,-0.49932142854974765,0.9976529502908547,0.9980881883742005,0.7581337741542377,0.09381319488895212,0.9977603782815202,0.9977624058414938,0.9977603782815202,0.8984796152685552,0.6073430633625615,0.9168714866915053,0.9044991899829108,0.766833478229074,-0.09467756743975203,-0.5868909605487562,-0.20503732997481017,0.9286092916962749,0.23961165128425127,0.9654776798124971,0.9655440763069206,0.9798805058543688,0.9903001888906396,0.9055770102110803,0.9090201704278236,0.9207286448522694,0.9097513301234492,0.9191812206435004,0.9195269348836224,0.9191812206435004,0.8422921207049993,0.8621361298524689,0.8633093936959914,0.8621361298524689,0.902953862732664,0.8127865122337746,0.883693312414215,0.8845048313951462,0.883693312414215,0.6272789501917344,0.5058148626008229,0.6145449514761914,-0.5927363597939543,0.6118857862176824,0.5905443099806841,0.5897942252874775,0.5905443099806841,-0.1292883402283133,0.882908397138658,0.9065695327170706,0.8909827277107054,0.9136349828290135,0.15374463509072805,0.8825968631371562,0.8836515953775335,0.8825968631371562,0.8891995536140319,0.8891995536140319,-0.15221750295359254,0.6548206830587935,0.033623902159455696,-0.6880982246777377,-0.6371678352294603,-0.6377650259852156,-0.14002673342786578,0.12678469027818443,-0.17297756921225452,-0.20974611281675937,-0.5889846002958815,-0.35848774696027025,-0.8514034832971507,-0.5460948256685452,0.11990210863899439,0.12087446405682514,-0.5956233732236332,-0.5766116458440528,-0.536434001394288,-0.554915438043692,-0.7817986465019858,-0.5887297850106087,-0.591594323164031,-0.5887297850106087,-0.2438170776081782,-0.3520032039143545,-0.3520032039143545,-0.7498063204205387,-0.7498063204205387,0.36557096491713953,0.6059847543709126,0.804171757306197,0.7883324257920507,0.747808377084875,-0.4472058226394538,0.60095298420759,0.6700790513377443,0.6705694473991208,0.6700790513377443,0.028045276872123465],[1.0,0.9999875363785399,0.6423167805752852,0.9997186852868464,0.9979044762906427,1.0,0.9921354137172897,0.9883569692239844,0.9883569692239844,0.9928176745485778,0.9762507290666401,0.9863787088541011,0.9921746740234136,0.9925888996487607,0.9922295785844276,0.8453169913343666,0.7956311373845179,0.33761439354886885,0.9931013536135076,0.9930883602078004,0.9853725338115118,0.992161883060777,0.4378885655510147,0.7224410883215725,0.9810124863925546,0.9810124863925546,0.9809938597097547,0.9737705913640226,0.34469600721631216,-0.10557946891318822,0.9896110591005672,0.9895787767160604,0.29459607174202324,-0.17967412315903633,0.9945744036639858,0.995263791987072,0.8392197082180411,-0.36893714133653266,0.9903273114548378,0.9952121386570325,0.834980714616063,0.31863794725173994,0.9947251641358948,0.9947141930335123,0.9947251641358948,0.8863486511418952,0.6564734569591306,0.894906871068616,0.9021063184825724,0.8111606356841947,0.37542022227782296,-0.16528503693894533,0.1991619590968748,0.94597486639602,0.4024661918758454,0.9749004701179534,0.9700081559025937,0.9799502344360076,0.9897790349837179,0.9272256195127188,0.9331288040460746,0.9427166116430814,0.925902047270603,0.9400010527074142,0.940656998413703,0.9400010527074142,0.874629189990839,0.9184018958669862,0.9193561360315419,0.9184018958669862,0.9170066217232379,0.7751105406703211,0.8898402052159459,0.8911978161168268,0.8898402052159459,0.6763701360707771,0.35583862771050834,0.658948824844752,-0.5650185888269775,0.564196624662382,0.593508120981765,0.5941764105161536,0.593508120981765,-0.10525500416765787,0.9052923043017251,0.9373995070643099,0.9204489482518813,0.9285693179841814,0.3211973231418386,0.9008036838628318,0.9016560082425908,0.9008036838628318,0.9059589534735357,0.9059589534735357,-0.1079639950571234,0.5853001192402202,0.17416236991350414,-0.647228679401682,-0.5810081634957295,-0.5846207652540586,-0.09558553252373285,0.10809564747351649,0.2255039861230296,0.0518406929031852,-0.5031589753480187,0.00944820468941558,-0.7961743553350225,-0.257557869159194,0.16069167877004303,0.16175212070062855,-0.5625100320978752,-0.5871047223518898,-0.2553884181666397,-0.506137726681163,-0.8208665797672339,-0.3870070719847564,-0.3788759636721119,-0.3870070719847564,-0.19591421613574833,-0.30818706172012655,-0.30818706172012655,-0.808907353801426,-0.808907353801426,0.38915702707924077,0.6360314758305138,0.8594323568138144,0.8427354174825055,0.7657124323431123,-0.30544604055050856,0.7522961175126576,0.7878336277319551,0.7881650660791943,0.7878336277319551,-0.2137278824011609],[0.9921354137172897,0.9834563774664198,0.626141474976445,0.9934787882613436,0.9971682847063702,0.9921354137172897,1.0,0.9974730366731865,0.9974730366731865,0.9999703252916192,0.9594374491577546,0.9996755012776979,0.999996542286322,0.9999865115701186,0.9999932890660076,0.897816896845676,0.8875979592995404,0.2833272650208963,0.9998591545837874,0.9998592888183374,0.9897148371735589,0.9999967328638529,0.3434096508210083,0.7252893416194875,0.9855823937117733,0.9855823937117733,0.9865016282697555,0.9905316921072148,0.2680257903124065,-0.16698208350009985,0.9916066042337036,0.9914967225218553,0.19224817001786773,-0.22732795994095956,0.999338747699649,0.9994488670325392,0.41950389855930925,-0.3126750781023212,0.9989935397390725,0.999407230588647,0.8843000948603537,0.262688824639596,0.9409260017417542,0.9990862101478631,0.9409260017417542,0.908194951824817,0.6141835009660844,0.9341034402018261,0.9124741562028783,0.7303838507076892,0.4084440388997576,-0.1100609731643335,-0.19932369370064434,0.9276059594616678,0.3521793360407833,0.9675700387054114,0.9623798089904295,0.9785534158706432,0.9956918430085739,-0.041986747115886874,0.8688363143736207,0.8302681384386911,0.8765007146910049,0.8246888930605835,0.7882864286745533,0.8246888930605835,0.8049557815921848,0.7925527702778791,0.7830516728921614,0.7925527702778791,0.8682106940804756,0.3757920817995377,0.5821038192500787,0.6474052076523489,0.5821038192500787,0.59669866854469,-0.3466846346015991,0.5661649343597579,-0.6327893537284475,0.48944944975930044,-0.09789901067887684,0.42989901365837907,-0.09789901067887684,-0.1527984777278045,0.8462857693979619,0.8668349958405354,0.8520607790649272,0.7636824047436799,0.2672135652615145,0.8461027455839447,0.8475066075270302,0.8461027455839447,0.7619799010372555,0.7619799010372555,-0.18832233218256747,0.6975146711871468,0.24132334295117072,-0.6667018281262085,-0.6278492521462119,-0.630933878733458,-0.15247348695121773,0.054010477918374405,0.3320854797652218,0.006780219387453693,-0.5317286160722211,0.062446229499513006,-0.8280042392580359,-0.1647273589194382,0.08451235857889391,0.08566947711382143,-0.6113482357426266,-0.5926626402805705,-0.09316399452803541,-0.5893953075882881,-0.8357960049587703,-0.3812668597907522,-0.2132341900928047,-0.3812668597907522,-0.2764920898821392,-0.36105778055195054,-0.36105778055195054,-0.828173269481159,-0.828173269481159,0.36593441876023264,0.5886094589346648,0.5051228414318182,0.8028461216804123,0.7419325289140326,-0.3691808265595821,0.06550397974111288,0.7508135981689028,0.7700270239313284,0.7508135981689028,-0.13037475682637295],[0.9883569692239844,0.9769374263839248,0.6171888334926146,0.9901640194015132,0.9955844708178956,0.9883569692239844,0.9974730366731865,1.0,1.0,0.9995514610947802,0.952542241298531,0.9986933794950467,0.9982260179254143,0.9993989362378538,0.9991348426846077,0.895508424000787,0.8772437249260551,0.26160511866436725,0.9991805505082076,0.9991821407877647,0.9870779454608971,0.9992734713774364,0.3180308732101565,0.7262421376062429,0.9926589528032224,0.9926589528032224,0.9845756088006183,0.9876246476868643,0.25056187174083216,-0.18033869325522622,0.9879041002385139,0.9913365744665882,0.1736312051679874,-0.23318906027473138,0.998295477304044,0.9982638994551799,0.40151423005707226,-0.3193036436024123,0.9970238216339299,0.9981978927471485,0.8822900829419037,0.2405561876210485,0.9333876550464345,0.9981235640524324,0.9333876550464345,0.9057172358520915,0.599096347484242,0.9343520018140765,0.9093851117947365,0.7079579326769024,0.39550451517215235,-0.12498808985621863,-0.2118866339597782,0.919033421050678,0.3317534557593709,0.9629202172378728,0.9571657717930893,0.9734673506897753,0.9947180468465019,-0.05168599086351575,0.8577624477773979,0.8146444823238116,0.8683709320300075,0.8101712680542988,0.7762428178897742,0.8101712680542988,0.7929503769490526,0.7741807246745711,0.7697425133860496,0.7741807246745711,0.8603221187069701,0.35675521982005953,0.5621937121331957,0.6313170837193901,0.5621937121331957,0.5841071674216921,-0.3611447639863275,0.5518864307229254,-0.6402693664654382,0.48186779182021444,-0.1196321624253223,0.4139539901540893,-0.1196321624253223,-0.15946618624086065,0.8367826874295679,0.8529474224245637,0.8400169264024155,0.7492842420276545,0.2496294791866525,0.8371675300659748,0.8387558398984244,0.8371675300659748,0.7449685747419394,0.7449685747419394,-0.2032232425700602,0.7213547976261823,0.24839092987328518,-0.6760047246347541,-0.6404252788186418,-0.6433249410476253,-0.16710671069978472,0.046470799638981306,0.32510517695042934,-0.012310773336769526,-0.5442488603208165,0.05318050942847969,-0.8338580345646412,-0.17121026496201253,0.06942566582538705,0.07060539717625024,-0.6228191707407792,-0.5936679178349887,-0.10000124413699073,-0.6058755795654194,-0.8353998004061006,-0.3926658658524705,-0.2194353019554928,-0.3926658658524705,-0.29368218441241445,-0.37454406932998524,-0.37454406932998524,-0.8262244883001397,-0.8262244883001397,0.3465104126697275,0.5718705018938456,0.48657866922884385,0.7851570507152273,0.7294131178306854,-0.3905589453891452,0.05159775899764367,0.731833734644827,0.7543755273984342,0.731833734644827,-0.113338374025955],[0.9883569692239844,0.9769374263839248,0.6171888334926146,0.9901640194015132,0.9955844708178956,0.9883569692239844,0.9974730366731865,1.0,1.0,0.9995514610947802,0.952542241298531,0.9986933794950467,0.9982260179254143,0.9993989362378538,0.9991348426846077,0.895508424000787,0.8772437249260551,0.26160511866436725,0.9991805505082076,0.9991821407877647,0.9870779454608971,0.9992734713774364,0.3180308732101565,0.7262421376062429,0.9926589528032224,0.9926589528032224,0.9845756088006183,0.9876246476868643,0.25056187174083216,-0.18033869325522622,0.9879041002385139,0.9913365744665882,0.1736312051679874,-0.23318906027473138,0.998295477304044,0.9982638994551799,0.40151423005707226,-0.3193036436024123,0.9970238216339299,0.9981978927471485,0.8822900829419037,0.2405561876210485,0.9333876550464345,0.9981235640524324,0.9333876550464345,0.9057172358520915,0.599096347484242,0.9343520018140765,0.9093851117947365,0.7079579326769024,0.39550451517215235,-0.12498808985621863,-0.2118866339597782,0.919033421050678,0.3317534557593709,0.9629202172378728,0.9571657717930893,0.9734673506897753,0.9947180468465019,-0.05168599086351575,0.8577624477773979,0.8146444823238116,0.8683709320300075,0.8101712680542988,0.7762428178897742,0.8101712680542988,0.7929503769490526,0.7741807246745711,0.7697425133860496,0.7741807246745711,0.8603221187069701,0.35675521982005953,0.5621937121331957,0.6313170837193901,0.5621937121331957,0.5841071674216921,-0.3611447639863275,0.5518864307229254,-0.6402693664654382,0.48186779182021444,-0.1196321624253223,0.4139539901540893,-0.1196321624253223,-0.15946618624086065,0.8367826874295679,0.8529474224245637,0.8400169264024155,0.7492842420276545,0.2496294791866525,0.8371675300659748,0.8387558398984244,0.8371675300659748,0.7449685747419394,0.7449685747419394,-0.2032232425700602,0.7213547976261823,0.24839092987328518,-0.6760047246347541,-0.6404252788186418,-0.6433249410476253,-0.16710671069978472,0.046470799638981306,0.32510517695042934,-0.012310773336769526,-0.5442488603208165,0.05318050942847969,-0.8338580345646412,-0.17121026496201253,0.06942566582538705,0.07060539717625024,-0.6228191707407792,-0.5936679178349887,-0.10000124413699073,-0.6058755795654194,-0.8353998004061006,-0.3926658658524705,-0.2194353019554928,-0.3926658658524705,-0.29368218441241445,-0.37454406932998524,-0.37454406932998524,-0.8262244883001397,-0.8262244883001397,0.3465104126697275,0.5718705018938456,0.48657866922884385,0.7851570507152273,0.7294131178306854,-0.3905589453891452,0.05159775899764367,0.731833734644827,0.7543755273984342,0.731833734644827,-0.113338374025955],[0.9928176745485778,0.9833190811165702,0.5590385343071226,0.9943907948962185,0.9973651303350186,0.9928176745485778,0.9999703252916192,0.9995514610947802,0.9995514610947802,1.0,0.9583704069510797,0.9996379817516919,0.9999716525330571,0.9999706050413188,0.9999753869084046,0.8073127738565546,0.738784881440138,0.1678493221426867,0.9998132824585257,0.9998138720125506,0.9895820271040016,0.9999687747695921,0.12753846240656905,0.6973497674565831,0.9950470646680197,0.9950470646680197,0.9950019652593509,0.9903806118851172,0.10121579554168457,-0.10588318277284117,0.9904781801206212,0.9904435258762403,0.011102755503972262,-0.18539662243594313,0.9993800207675843,0.9993384637421795,0.799640188696416,-0.494379273363366,0.9989250722873573,0.9993844430976847,0.7874654388178236,0.14408535267026165,0.9992392790849328,0.9992444578928735,0.9992392790849328,0.907972299485911,0.6147667418938503,0.9337151512210726,0.9117969822979868,0.7298365064504012,0.008670096421356249,-0.5377756653474294,-0.15862861164673392,0.9233702664597372,0.29832169193019903,0.96305076123832,0.9624157934570686,0.9804267003074022,0.9949099197834129,0.8800093342344039,0.8695980397362191,0.8962381840763516,0.8774104445774362,0.8947156770288499,0.8953287404005325,0.8947156770288499,0.8043855270323943,0.8442951445606157,0.8457901582211265,0.8442951445606157,0.8695484374980689,0.7765707472139,0.8555920759861332,0.8568162878392289,0.8555920759861332,0.596272038823822,0.4350845147049177,0.565353381930782,-0.6449142349693281,0.5445749987098282,0.5108470582960287,0.5106421089689822,0.5108470582960287,-0.11032006724607278,0.8468955065369522,0.8667912755311437,0.852466956414934,0.8887787765514181,0.18507430025196342,0.8515317885836077,0.8534877686349676,0.8515317885836077,0.858243470566405,0.858243470566405,-0.1900748351678168,0.6992286752700954,0.060211610042940435,-0.6787577768864224,-0.6640388495415844,-0.6650843952290388,-0.1560195590612494,0.05732058712110728,-0.17848278946390284,-0.1774667711348069,-0.5733784587157954,-0.3869319969376986,-0.8687085048855085,-0.5821184774905311,0.08399558095435672,0.08510211214868264,-0.6129683105684336,-0.5887637650247756,-0.546300277571768,-0.5911087072861271,-0.8051055047847281,-0.6119460689532261,-0.6141804551630877,-0.6119460689532261,-0.27827694917678786,-0.36426543168771475,-0.36426543168771475,-0.7850843815285613,-0.7850843815285613,0.3670056429444521,0.5872552605742116,0.8141615830185208,0.8004329771720782,0.740328006789422,-0.39662819543188677,0.6346543537538328,0.6942933088681892,0.6944544921004022,0.6942933088681892,0.1057192155993655],[0.9762507290666401,0.9686932367976715,0.5157703293415421,0.9742016808041972,0.9660773733532522,0.9762507290666401,0.9594374491577546,0.952542241298531,0.952542241298531,0.9583704069510797,1.0,0.9417987447121184,0.9594575579407647,0.9593925975131089,0.9591660700995264,0.6404970353986855,0.5590686940775735,-0.04938239871369211,0.9639972107685822,0.9639760022007444,0.9595764213381853,0.959568514469792,0.0554996846070377,0.7384274066550233,0.9610638823989656,0.9610638823989656,0.9612451896574474,0.8830803439550975,0.20844531020389379,-0.08830700967544816,0.966624480994412,0.966732265765256,0.16959328624893552,0.0849305304211706,0.9677288073229432,0.9679786760887964,0.878890642104991,-0.3940626637423149,0.9506094190848333,0.9668890815597873,0.6173162281233876,-0.07070155858217776,0.9688753006279797,0.9688432762172865,0.9688753006279797,0.8057111294545194,0.41346858068301257,0.8116541407443825,0.8893693486952733,0.846100793379016,-0.5281332100880798,-0.6814865930024294,-0.25641147211084575,0.8852658906646229,-0.002220820300062316,0.91578066182232,0.915845362688152,0.9357176799272411,0.9649072774644204,0.883777084281377,0.8837822693217052,0.9038314277983801,0.8865973905880119,0.8971540550692219,0.8978065770980893,0.8971540550692219,0.8383055069735131,0.8207732988026246,0.8225327326102768,0.8207732988026246,0.8804577759886043,0.8964181019922179,0.8788418004458918,0.879468041508513,0.8788418004458918,0.6831114418070449,0.6102931516015493,0.6840525503092724,-0.33593829185391794,0.70369833863933,0.7200898569793086,0.7225077976008802,0.7200898569793086,-0.2716055881450845,0.8840754107185117,0.937728079355475,0.8989146843498531,0.8961628992554602,0.037987846793817344,0.8776579463641128,0.8787467188400168,0.8776579463641128,0.8868287511383044,0.8868287511383044,0.039008552646720665,0.38426545289628256,-0.10892128034360138,-0.6089153229947227,-0.42441652114391604,-0.426550975339084,-0.01189212212815226,0.41573423936451853,0.04775426356307504,-0.1312838663803181,-0.4853535408545279,-0.061247722988739116,-0.7995261825694584,-0.2228974423625404,0.29993166294552553,0.2992118729668813,-0.3928099001661051,-0.43434275433210295,-0.35413105593126093,-0.36343679746461666,-0.668850156849046,-0.37419637715183346,-0.3764041533060817,-0.37419637715183346,-0.09039160195238101,-0.4030025897292092,-0.4030025897292092,-0.5395585814764782,-0.5395585814764782,0.5259852531795101,0.6525095904911947,0.7516683105775666,0.6817081112937073,0.8188701191262464,-0.48764722566131125,0.3894190675826587,0.5398992935836264,0.540186296983018,0.5398992935836264,-0.19144326005822673],[0.9863787088541011,0.9850349234335244,0.9959165411816496,0.9899978023102589,0.9963817210370023,0.9863787088541011,0.9996755012776979,0.9986933794950467,0.9986933794950467,0.9996379817516919,0.9417987447121184,1.0,0.9996742443592076,0.9996687009483844,0.9996394169719683,0.445848669298902,0.3551227967657651,-0.4767119248866577,0.9997937918379829,0.999796679180461,0.9996795595339457,0.9996793135874684,-0.21207771386749275,0.9703348473016734,0.9942608531697514,0.9942608531697514,0.9942414090275713,0.992612399854507,0.13088180220305187,0.11492463879329234,0.9911244515292225,0.9911712610015576,0.9242558036717811,0.06617187116002801,0.9989784342906664,0.998929392902352,0.9987961911890059,0.9993476595248213,0.9993830505582189,0.999012558040863,0.3979247096185951,-0.4854500049786777,0.9987418734215552,0.9987506697830214,0.9987418734215552,0.9017563064924542,0.4555045769980536,0.9300374940879161,0.9096576735436908,0.7306493673183336,-0.4637240864158929,-0.621399804194944,0.8037097408457115,0.8312845126673187,-0.3350142470634103,0.9271234184930933,0.9273429235950221,0.9676037462239822,0.9931101899592695,0.8907594740336638,0.8982577404416832,0.8736496124745415,0.8749049259013458,0.8805854406995504,0.8812899326650668,0.8805854406995504,0.7491393426980392,0.7140442189403806,0.7163382214853468,0.7140442189403806,0.8974902613299814,0.904199250644615,0.8965794320007993,0.8977286325105039,0.8965794320007993,0.4579294087293342,0.3911502410797189,0.5021481938808103,0.6092289139926857,0.5023761985585241,0.5350732941179205,0.5371930055504996,0.5350732941179205,-0.3731110604134294,0.8322576298031092,0.8707795223053849,0.8558627415846755,0.897660091692226,-0.28069651475081925,0.8269673733520048,0.8273691830384222,0.8269673733520048,0.8380177192175521,0.8380177192175521,-0.2434867345689935,0.6912388700118413,-0.38373841200814324,-0.7708726510396658,-0.5361129567320649,-0.5386088321753986,-0.39967687562082094,0.20689388936736292,-0.2908291711234076,-0.5008718530546237,-0.7242864436569355,-0.3797083561849168,-0.5999775717850769,-0.4479686887429238,0.07845855995827501,0.07524699008278378,-0.5582869916614202,-0.527623383286153,-0.5480428625405879,-0.5832273553567688,-0.5769678297336214,-0.5513232438392256,-0.554354856872011,-0.5513232438392256,-0.4202906622725722,-0.6122304234459788,-0.6122304234459788,-0.6126522900823578,-0.6126522900823578,0.3627594787069151,0.3366779746242902,0.46592962411278926,0.5590303520226833,0.5280701872237495,-0.5675802156549598,0.295589486185947,0.28852216859985724,0.2886885901631736,0.28852216859985724,0.22347240826679238],[0.9921746740234136,0.9835078543458506,0.6261822627689402,0.9935079733419894,0.9971885799724481,0.9921746740234136,0.999996542286322,0.9982260179254143,0.9982260179254143,0.9999716525330571,0.9594575579407647,0.9996742443592076,1.0,0.9999901956130799,0.9999949704765624,0.8977617170514985,0.8803581324029948,0.283352466171637,0.9998603585072172,0.9998604502810258,0.989747433077861,0.9999973063595102,0.34369290119007756,0.7253776603331662,0.9907454396342934,0.9907454396342934,0.9864942626977858,0.9905179527910781,0.2682626464490794,-0.16693597715077407,0.991626909101446,0.9915030807817932,0.19245998335429462,-0.22730090830038063,0.9993397110578026,0.9994513641828802,0.4194939402133929,-0.3124572957454925,0.9989947536667952,0.9994144940265571,0.8842333709601892,0.2627205410358785,0.9409142025071943,0.9990874951262251,0.9409142025071943,0.9081897841908935,0.6143072891604086,0.9342991924431512,0.9126813034159849,0.7305034193551204,0.4088155528295981,-0.10963134614973254,-0.19895786108657557,0.9276703150028998,0.3522263945337656,0.9676506145332451,0.9624286070175514,0.9786333251337419,0.995701399532859,-0.04178823152109062,0.8690056794368238,0.8303725537087887,0.8766288696784551,0.8247925413465124,0.7882356697388171,0.8247925413465124,0.8050587766855083,0.792615483027415,0.782992816155638,0.792615483027415,0.8683743996678086,0.3756888933640901,0.5821249817361639,0.6473296243758101,0.5821249817361639,0.5966766636588331,-0.3466930033131108,0.5661611648341726,-0.6326652191946279,0.4893766029307855,-0.0980134907103235,0.4299474009458748,-0.0980134907103235,-0.1529382882404734,0.8463791542765268,0.8669946082649674,0.8521803204069671,0.7636797418169777,0.26724114089779805,0.8462019531040704,0.8476021045787452,0.8462019531040704,0.7620610097479028,0.7620610097479028,-0.18824448101334396,0.6974863271501435,0.24142697369515068,-0.666765071953602,-0.6277593028963391,-0.630849637108729,-0.15256952197561308,0.05389789496095839,0.3322360135208236,0.00677098664585426,-0.5318171074903107,0.06268324313676828,-0.8277390982809819,-0.16445777556837765,0.0845830410803388,0.08575476079726847,-0.6113260802093622,-0.5924459234989206,-0.09293509974034343,-0.5893442019018572,-0.8356757189149513,-0.38105425209393406,-0.21304472792562057,-0.38105425209393406,-0.2763343170930527,-0.36103177121418734,-0.36103177121418734,-0.8281042982039444,-0.8281042982039444,0.3663296453380076,0.5887061896170235,0.5053544111118706,0.803076369003597,0.7419583220077772,-0.36898453632368783,0.06577872635036419,0.7510383440079694,0.7701208255764954,0.7510383440079694,-0.13038582287732386],[0.9925888996487607,0.9833932614190403,0.6159550977483049,0.9942261958175257,0.997262915459509,0.9925888996487607,0.9999865115701186,0.9993989362378538,0.9993989362378538,0.9999706050413188,0.9593925975131089,0.9996687009483844,0.9999901956130799,1.0,0.9999874528337642,0.8520427182546881,0.7974960000962567,0.28643999627262046,0.9998830192995551,0.9998835926918994,0.9897251285434968,0.9999874364772767,0.34716268788922106,0.7205413927785235,0.9937396250956987,0.9937396250956987,0.9937018787852359,0.9903907040105714,0.2644628606039963,-0.16693909595727685,0.9918202368982959,0.9918317705210811,0.21703824446094902,-0.22614078020424258,0.9995121727959319,0.9994507176749563,0.8404935900981069,-0.4056823234036509,0.9989872812533446,0.9994180653855729,0.8376148612640968,0.2658553097018017,0.9994019652948607,0.9994064671730217,0.9994019652948607,0.908088990775103,0.6146141232233403,0.9336291530003183,0.9117488221378174,0.7294112831408165,0.2887799757924815,-0.2806173041021686,0.09570746121201622,0.9275043049618931,0.3534762338984717,0.9644319872702642,0.9624194264125698,0.9771067888621798,0.9959400812330055,0.8875604814272047,0.8677138516554136,0.9010825241484169,0.876244104050352,0.9001921632545946,0.9010452971449929,0.9001921632545946,0.8037904514815554,0.8658791605397811,0.8673353555635862,0.8658791605397811,0.8678227521914833,0.7594603457104891,0.8614813099247984,0.8631114088903898,0.8614813099247984,0.5954220251231847,0.4415959203675607,0.5640227798521135,-0.637699039987333,0.4871916356903243,0.4960872559202011,0.4972118270729529,0.4960872559202011,-0.15477560262005916,0.8458084535143966,0.866181625839354,0.8512486044825184,0.8945606481656309,0.2709771495757689,0.8457599235231148,0.84747477752569,0.8457599235231148,0.8564238078386337,0.8564238078386337,-0.18898803276124165,0.6989574659733808,0.1607179514526921,-0.6647681554225833,-0.6272140787366759,-0.6301306420297889,-0.15175639269721714,0.05277853981904884,0.10966584589734932,0.009307288078592744,-0.5290952690041192,-0.12345283046021886,-0.8396042677061872,-0.38466288200838655,0.08439092957223004,0.08552046241268656,-0.6112030248385198,-0.5919202524946611,-0.38544883983568456,-0.588995984429025,-0.8294616348287426,-0.5003303264661915,-0.49595848047569,-0.5003303264661915,-0.27493514323528184,-0.36036468508470726,-0.36036468508470726,-0.8203664514059523,-0.8203664514059523,0.3670874762343429,0.5893483945118437,0.8237670822811958,0.8072782869277514,0.742978894123162,-0.3678582989790826,0.702594486162864,0.7408926519187418,0.7409741021748327,0.7408926519187418,-0.09870830223454657],[0.9922295785844276,0.9833423885592563,0.6264047285247251,0.993538731498845,0.9972161108234833,0.9922295785844276,0.9999932890660076,0.9991348426846077,0.9991348426846077,0.9999753869084046,0.9591660700995264,0.9996394169719683,0.9999949704765624,0.9999874528337642,1.0,0.8915180772816382,0.8495698600722679,0.2834700300896255,0.9998629750447597,0.9998629563987338,0.9898849032975461,0.9999949039693459,0.34434747004884214,0.7252308675840357,0.9940012321058815,0.9940012321058815,0.9939045644166442,0.9904334437115774,0.2685276306672375,-0.16696882536671454,0.9924425454472124,0.9924899411038541,0.19319762686879435,-0.22713396895718702,0.9993862322909783,0.9994502541493997,0.4185145031667153,-0.311678577965942,0.9989482428543885,0.9994168816467041,0.8827183402284844,0.26286086523404906,0.9404579794624806,0.9991392667428796,0.9404579794624806,0.9084515155131635,0.6149748116712278,0.9345359492512173,0.9129181653354254,0.7302422908159399,0.4101633178198865,-0.10811416480569225,-0.19916829184354268,0.928020034132805,0.35249148558959903,0.9680428336410409,0.9627411445618835,0.9788994901655756,0.9957396090690406,-0.04277978349899957,0.8692731421727121,0.8302924594663786,0.8768599964716143,0.8247474905783833,0.7878152035591608,0.8247474905783833,0.8052540488987753,0.7925656347740753,0.7833699706804814,0.7925656347740753,0.8686852377122404,0.37503216600311734,0.5816428618435941,0.6473430187308756,0.5816428618435941,0.5965443676985002,-0.3478248036572601,0.5661057816964717,-0.6328343107967813,0.4890329000162084,-0.09898081255291953,0.429615056074853,-0.09898081255291953,-0.15288731042027986,0.8465124126355678,0.866731479499311,0.8523110410013074,0.755523950623103,0.2676072682633652,0.8463062311423164,0.8476971479303309,0.8463062311423164,0.7618787286530769,0.7618787286530769,-0.1896402158445051,0.69827469291457,0.2419121226671119,-0.6667517390478791,-0.6281159056192673,-0.631211069035944,-0.15366276012052155,0.05273488519093528,0.33254811266350337,0.006360095746485217,-0.5320357176530182,0.06277220661069423,-0.8269469739695631,-0.16429554748459407,0.08363550459047549,0.08480590519742723,-0.6119126235583104,-0.592666948748048,-0.09237046101939289,-0.5905114004600482,-0.8356831451400456,-0.3809916704417154,-0.21250289110906448,-0.3809916704417154,-0.2772330149863665,-0.36147473455522516,-0.36147473455522516,-0.8284437818379632,-0.8284437818379632,0.3665286177990468,0.5883685787611072,0.504857430591845,0.8035071566750944,0.7414025271341951,-0.3685468746836828,0.06513743159946533,0.75144129053393,0.7707240429170554,0.75144129053393,-0.13008898296867938],[0.8453169913343666,0.36343091145877676,0.4635916347277258,0.844640414595464,0.778656596352471,0.8453169913343666,0.897816896845676,0.895508424000787,0.895508424000787,0.8073127738565546,0.6404970353986855,0.445848669298902,0.8977617170514985,0.8520427182546881,0.8915180772816382,1.0,0.9946894067898489,0.40943660628274736,0.8779398051896613,0.8779298565272231,0.8273762050443388,0.8907721283278149,0.32777692691806876,0.4940826229917627,0.8824993913484152,0.8824993913484152,0.8701757056338271,0.05947646497694078,0.19075197988082052,-0.18679851822756732,0.9117873185979833,0.9100073014710143,0.15196084286019854,-0.2525671550954368,0.8951924049399349,0.8238966851287739,0.299247482589936,-0.3195068770463829,0.4610126406410099,0.8013372659521244,0.9984306700125984,0.3913420269634453,0.8226356378871785,0.8949728471757129,0.8226356378871785,0.42766583676911263,0.5739359683819679,0.06136374493709398,0.04682931541912429,0.2872696642761571,0.40739666789798784,-0.06428987455711478,-0.20993999254117537,0.8014786963585213,0.40468835024365496,0.8883441353424267,0.8129166980517092,0.8704112896141131,0.8849331414440053,-0.09586444275586473,0.3795387955143432,0.6769364422830317,0.6048625416354174,0.6689149268072341,0.6948581216839137,0.668914