var element=document.getElementById("correlationAdjClose");if(element.style.display!='none'){var correlationAdjClose={"data":[{"type":"heatmap","z":[[1.0,0.9999918929228058,0.9850008442089601,0.9999244311466018,0.9989626739969356,0.9875886031643122,0.997646466323872,0.9955484442474022,0.9958602339172015,0.980175540262278,0.992848357158607,0.9956847878554009,0.9949379413329017,0.9955996973226291,0.9964819331440194,0.9967942843234302,0.9981844649346386,0.996273189836214,0.9962847833772994,0.996339728836692,0.9956346235118267,0.986049032142,0.970397472262771,0.9885562102316756,0.987449775961973,0.9835366743038755,0.9652572640663961,0.9468772077727086,0.9937042345529767,0.9944311623605795,0.9919645231484211,0.9757501062373234,0.9975579883367747,0.9978345672651291,0.9972627708925667,0.9957460784746895,0.9953732087771848,0.9977151307243048,0.9985855661000387,0.9987129211876018,0.9975036028238506,0.9975142328976555,0.9767713893850979,0.9167288285785686,0.7452765356801503,0.9079345859840462,0.9102264481082981,0.8434621227782431,0.965506609123011,0.9456755843663132,0.9669430479068052,0.964928690587086,0.9572591689104928,0.9855475922579306,0.9822706432110749,0.9850053005523008,0.9790277078345165,0.986767552127721,0.9843324185249029,0.9873724609817285,0.9871496787065791,0.9647977928162347,0.9697775765218222,0.9727360592307032,0.9723887263264265,0.9476107974682433,0.9770913886548002,0.9750769504121016,0.9830265164164388,0.982204545442229,0.9380298518275,0.8674235190283835,0.8349559888925121,0.8862680844922548,0.9103294295737812,0.9060764165083197,0.9082361410994134,0.9067996120825166,0.6455356780690411,-0.5708328641209874,0.9782657351169034,0.9710335295365192,0.9674508982098791,0.9858195487612343,0.9719660942635955,0.9826925438938265,0.9826451159568993,0.947470027620366,0.9828372621581127,0.9512095652531937,0.6655723821861462,0.8788089058968499,0.9186847113914852,0.764513973631957,0.9251597770173596,0.9441785677478735,0.8222573432350764,0.9600019944448521,0.8959714370019044,0.6326222934215359,0.7112679766097274,0.8920725046412449,0.8660199326875081,0.8891214785443725,0.9703681579996831,0.9705661205852737,0.7399184022772289,0.71219800248132,0.8250508838907865,0.3543572530726593,0.7959480390725596,0.8294017860185213,0.8161301892603591,0.8143510717704106,0.75757465686429,0.744027348953629,0.7247467401748414,-0.24994291403324323,-0.38704717575365066,0.6446848433671555,0.898308779636343,0.9425685654994829,0.9473006632275068,0.917339387812168,0.828228239786896,0.914357760121973,0.935822087949391,0.9356497824871809,0.8701747811115514,-0.18900803124174873],[0.9999918929228058,1.0,0.9845424510140652,0.9997902700876548,0.99778669568075,0.9904681726238858,0.9935370986484127,0.9896854208623336,0.9897159652432125,0.9702478074566758,0.9919195975736538,0.9899013324677737,0.9897433270242957,0.9897891130936719,0.9907523146422939,0.994957384093146,0.9953972219914198,0.9928220942715881,0.9928210708053453,0.989784955188601,0.98984036618967,0.9891258566572808,0.9655966322256619,0.985562298406461,0.9853311832172882,0.9834120434654638,0.9750873309435049,0.9165766512301953,0.9878372057916107,0.9845666781789602,0.9768983519758028,0.9182407550265458,0.995001358598648,0.9948452651497668,0.9951210570648675,0.9907181998603294,0.9946093155793373,0.9951173949592319,0.9963683935818384,0.9967511254483086,0.9951009859147495,0.9951093247508007,0.9873699800841969,0.9164527136987685,0.5915777130543151,0.9074796037166885,0.9101334739683761,0.843606906034258,0.8715777861440507,0.9145707953678109,0.8751546649422711,0.8976459304349421,0.8706934125474924,0.9547667364187797,0.9546848104503077,0.976578094110509,0.9800506144735981,0.9746244138904181,0.9742689234319548,0.9770737507168231,0.9769898501957247,0.9409369187107812,0.9496816188553612,0.9190162992198142,0.9189227169597025,0.8256935398587144,0.972181546254678,0.9742821429358478,0.9745193260935209,0.9739673433599898,0.9375284381013824,0.6796224441739951,0.6232668389064744,0.7678871834178713,0.8561207012481696,0.7905850337521826,0.8245285665920684,0.8228415370230929,0.6214959717769151,-0.27370671313236933,0.9608975717101615,0.9670715472706685,0.9606337958997027,0.9773883326256564,0.958027296529149,0.9650888018348059,0.9642490237933473,0.9120975431137026,0.9677871254350778,0.9172355961617032,0.510839257697653,0.8779572134567291,0.8747075469900284,0.32290938546376674,0.6862209390133623,0.7702920177620121,0.6573348620993251,0.9597832428694205,0.6673560058211011,-0.25531849963664555,0.15573757583898964,0.6362156915015358,0.6418426231020825,0.6886139467411573,0.9613785497717887,0.9612492051386703,-0.055448656876930034,0.1870698533429169,0.02659239382045393,-0.007721804267941389,0.021387342011173784,0.03795076804616984,0.0058321922874996525,-0.0396351972212834,0.39493423711285114,0.1290803869015411,0.0789235108891178,-0.44912449036082197,-0.4864821384127855,0.6444990219427845,0.7479839793404784,0.7725765163257875,0.8305820132918569,0.8256391889122047,0.5462469195533453,0.735734616205176,0.7675838175101455,0.7662472434887626,0.41473656720920077,0.19276660266000453],[0.9850008442089601,0.9845424510140652,1.0,0.9864171064449165,0.9930752291016376,0.9904579331005057,0.9906401929720101,0.9911309294780553,0.9943478406596385,0.9565587793284992,0.9970788655707843,0.991021419092944,0.9929478191026839,0.9911901276048044,0.9901651911281184,0.9914125410291046,0.990549915398859,0.9897594199504279,0.9897259247355035,0.9928786044716462,0.9910604036375593,0.9939330162195237,0.9806489316809289,0.9910084596008821,0.9914586229078731,0.9825335013595801,0.9833545957330112,0.951169094128181,0.9722162264260902,0.9759945482794108,0.9780698374731421,0.951466478029889,0.987938242919275,0.9910582177765466,0.9893786625134213,0.9930048170648248,0.9950008518904555,0.992147954220712,0.9836723881676496,0.9881865391130826,0.9882257755860057,0.9875999735795955,0.9910042917433368,0.9160452725794405,0.6859621013878331,0.930840517090601,0.9042985730614358,0.7603303237283366,0.9257407676542929,0.9009637158565481,0.9280370612776909,0.9249884171772589,0.9141418817870487,0.9524606506300649,0.9600148306424987,0.933533225961356,0.9531593171413152,0.9566127285058729,0.9628323320406509,0.9571015226566075,0.9313704858308155,0.9044612883866164,0.9321550432376633,0.9269174225032839,0.909537921492387,0.8708426778187807,0.9627732965303655,0.9408186443172945,0.9572568101456741,0.9358703876976207,0.7872186379053893,0.8110283832440472,0.7395087877878462,0.8324544583639565,0.8727480839074687,0.8714303081380756,0.8414519766903289,0.8554126772114875,0.32418087380038857,-0.568960101585169,0.9502024522105532,0.9276623864936677,0.9302139446010956,0.9338660755434792,0.9445534403705521,0.9544749052109234,0.9540568746496557,0.9184492316649878,0.950459053108313,0.8489000298102355,0.6398859014347609,0.9399482972223301,0.9400331571369396,0.7278316676331755,0.9079067565745579,0.9289604614629429,0.8081137186601517,0.9790703847803517,0.778296899680193,0.5393865121447645,0.6516128041159445,0.7866052305654474,0.7920840810441653,0.7753866111506552,0.9824820012386154,0.9825193758780609,0.6606739331282296,0.6497520334389618,0.7130622447955492,0.2887082881017597,0.6923440491736191,0.7117442306023697,0.7235698477016006,0.7083109030855738,0.7135282413834251,0.6725781563441451,0.6515319954121352,-0.3208900225145416,-0.457648542260368,0.6040934934628459,0.8590398481671665,0.8922990081999964,0.8945091380589195,0.8907080103600393,0.7590718861507771,0.8665917951943106,0.8809388188155131,0.889491912268877,0.7387349406852457,-0.10920629764411346],[0.9999244311466018,0.9997902700876548,0.9864171064449165,1.0,0.999256430665321,0.9885744055663294,0.997965954990076,0.9960543182038566,0.9964453158533576,0.9798284483944617,0.9941466576341264,0.9961726884855362,0.9956318698231763,0.9961041236734691,0.9968816189982839,0.9972452344508248,0.9985141738770418,0.9967152506457381,0.9967243068441979,0.9968381062055978,0.9961264027958822,0.9873083185738404,0.9717305839560567,0.9896263350177765,0.9886301103071933,0.9856773960565537,0.9673338586068816,0.9480627131185652,0.9931487628479603,0.9940641672306114,0.992047450419031,0.9753923236704719,0.997705112888893,0.9981174508617188,0.9975608159943485,0.9962955058726963,0.9960881769703279,0.9980371558219959,0.9983978567398641,0.9988485727140236,0.9976426245691711,0.997650150855024,0.9785945145382461,0.9125190198652345,0.7389380748617095,0.9086956729246722,0.9081511589535499,0.8335838472260308,0.9625883871635509,0.942270886200844,0.9639180050933952,0.9622886486193102,0.9544009122528488,0.983481330429219,0.9807539361796512,0.9833308596612363,0.9774830279265667,0.9852740334679838,0.9835417142098475,0.9857994449528324,0.9855709587718886,0.9521306071456854,0.968220036021514,0.9710513763428769,0.9707025066043293,0.9412622655050693,0.9764730699097552,0.9716647422321101,0.9813418138175142,0.9804792425204081,0.9123268033730716,0.8654040476752309,0.8303186619738828,0.8839936473977754,0.9069116424378106,0.9052487661762465,0.9053174759251884,0.9039401048381042,0.5430159118263863,-0.5707924487201785,0.9771339493305954,0.9690939517778544,0.965454422647393,0.9841488602804231,0.970902888382294,0.9816730660532548,0.9816224730015052,0.9464907799646703,0.981128154671514,0.9320547161240926,0.6708488956155235,0.886411137620873,0.9231090116375087,0.766071616270281,0.9268622919885136,0.9456267213906729,0.8225761694905943,0.961459704485339,0.8898394332490756,0.6292499895010276,0.7094967094902335,0.8869997834889939,0.8624586628617424,0.8837215806907487,0.9714170370862437,0.9716230657816848,0.7389351079374097,0.7124691760789654,0.817137391922962,0.3563947691338963,0.7903108355740855,0.8212040507152256,0.8080006371295835,0.8090584638303806,0.7603307566008632,0.7440695352644145,0.7248576921574917,-0.24532205099590962,-0.3863032108168845,0.643350745579035,0.896437807809841,0.9407846601385439,0.9455607319346083,0.9162314853890202,0.825438525690808,0.9123931437202848,0.9336228113002284,0.9336041079468184,0.8626135870641224,-0.1817289315444776],[0.9989626739969356,0.99778669568075,0.9930752291016376,0.999256430665321,1.0,0.9915119824875402,0.9990583936937762,0.9983584111424448,0.9984173436707099,0.9738084247082176,0.9978028264955001,0.9983998384791704,0.998216987682636,0.9983921544827742,0.9986763279014124,0.9982577801679736,0.9992275530482122,0.9987629004711225,0.9987623966766067,0.9984702036630104,0.9983862928747592,0.9939067785230765,0.9793983771781879,0.9941088560424374,0.994053848214101,0.9890652654945095,0.9811636932612973,0.9514920884890515,0.9896669792303707,0.9922313600847048,0.9896173247289388,0.9665921584752972,0.9989393451623283,0.9989775994737209,0.9989796712725635,0.9984951645935549,0.9985675855933276,0.9990809544001669,0.9989535078501782,0.9991486350457216,0.9989271621305703,0.9989269550844184,0.9888993100314789,0.9220418208968021,0.7144193867487505,0.9225440016569426,0.9120296456158129,0.816589318309497,0.9466757848103079,0.9316222882294818,0.9506718992971351,0.953894520967369,0.9454725440124744,0.979741666642069,0.9796661488261171,0.9794147323349617,0.9715506592867538,0.9803527084432666,0.9792782376751741,0.980678414521478,0.9803998365962288,0.9537102257758694,0.9583261544739,0.9531893512906248,0.952730043976455,0.9096185999558379,0.9735217964844375,0.9700655412640342,0.976648802567025,0.9757096838515096,0.9337399877437703,0.8414121516053148,0.7975809240439701,0.866600108734034,0.9100210582158942,0.8915192299076514,0.900004157131482,0.898694488228841,0.6999348371976356,-0.5923999165807606,0.9700974078853187,0.957514512671054,0.9550085905354706,0.9804948743613748,0.9600686695062473,0.9742724810828836,0.973808629856169,0.9362923855617282,0.9762025436975348,0.9401330157734333,0.657649449670344,0.9059050159896399,0.9444252163482416,0.7186682428910672,0.9060666221698692,0.9305508052711283,0.8164233667738229,0.9672397937273252,0.8815856498726538,0.4737495107305485,0.6429451985795458,0.86945113442698,0.8275552856794198,0.8718541269563838,0.97548693724876,0.9756444715704925,0.6930176093935231,0.6933809201270051,0.7368280378009804,0.3316472461123965,0.6769455197104265,0.7425835076450401,0.719011538642408,0.6984541615509552,0.7445537603411864,0.7268226558046308,0.7066630102319791,-0.46426864587812805,-0.5423484592875197,0.6332574002720595,0.8892048211348428,0.9252145414864554,0.937418356654793,0.912548357842568,0.8024947044271235,0.8956687522511333,0.9183265499776042,0.9178235714745423,0.7967736599707971,0.032022733740805435],[0.9875886031643122,0.9904681726238858,0.9904579331005057,0.9885744055663294,0.9915119824875402,1.0,0.9876493940347013,0.9879356042759426,0.9875655041488491,0.9629192993385686,0.9797353542547925,0.9878619535279465,0.9891250480139551,0.9879978741884096,0.9878867083531055,0.9911930301333293,0.9890490872296284,0.9887755009280569,0.988777161082127,0.9868060244842489,0.9879390826401921,0.99601525657897,0.9918691541922838,0.9880837409033569,0.9880224587347761,0.9718622441890684,0.9857604575407929,0.9684856022211668,0.9700477862060538,0.9746320237960935,0.9827945955902053,0.96981237493168,0.9875389936715308,0.98776540239227,0.9885776050689218,0.9887763973724927,0.9817619293170168,0.9886182287222879,0.9861830458988338,0.9881842262298234,0.9876489600359446,0.9876639760286381,0.9950563150829027,0.874098835099807,0.7136684134988944,0.8867258611384573,0.90517984842359,0.8329062445979107,0.9289961034067998,0.9112698252629945,0.9310313892439399,0.9399863192311666,0.9266846997478475,0.9595625506873027,0.9642964560164389,0.9687745127941785,0.9820533407566394,0.969860909212834,0.9819298535220085,0.9696463227107686,0.9690844418511088,0.9701366814208622,0.9621801385498696,0.943872225729801,0.9433490941206917,0.933825579270614,0.9796554758112503,0.9719925265428189,0.9701272219145459,0.9685642166017316,0.9532730229918569,0.8638157043117848,0.8161104267873134,0.8842520103238863,0.9012326169495797,0.9091197064377117,0.8914781612123165,0.8892801375994107,0.6668026309850928,-0.5315520422297372,0.9762040717553371,0.9739468481559718,0.9702082317596609,0.9698510782978164,0.9672413034505651,0.9759881606033407,0.9756102142279621,0.9587498599653459,0.9654014210841048,0.957954505599922,0.6743870759917859,0.8543527347660059,0.9421184552540771,0.7660542468237249,0.9177527426605161,0.9344508868422441,0.8166833299326117,0.9576298123761834,0.844211534271731,0.5717209178941679,0.6816515149541043,0.8419785821238578,0.8215231038439424,0.8400691454006821,0.9595208764101263,0.9596019668374771,0.6998631180624253,0.6911276219522993,0.7593526219400875,0.3563764780602759,0.7409921294850755,0.7651015372382446,0.7513715253965842,0.7533588853596183,0.7465736588987499,0.712959499861532,0.6959322479308537,-0.2751680404752155,-0.4037702537263475,0.6666171720356411,0.8786107926139213,0.8964068861300135,0.9053987251769797,0.8929310748192807,0.7966772435754897,0.8655833211015713,0.8878623524648974,0.8879376890823011,0.8314075721324713,-0.15198308558966936],[0.997646466323872,0.9935370986484127,0.9906401929720101,0.997965954990076,0.9990583936937762,0.9876493940347013,1.0,0.9972512916769025,0.9995486407959727,0.9736061164697242,0.9994660822326543,0.9982104218072495,0.9990919835780793,0.9990654955607023,0.9992905002620414,0.9974193705128036,0.9999019341393138,0.9992883983277882,0.9992936325297024,0.9996673633178832,0.9992579071653568,0.9906996383316753,0.975217889751401,0.9845754536030876,0.9927959442944284,0.9884858626892855,0.9726909224480323,0.9463786578734943,0.9920177555474204,0.9917797695950813,0.9932134795615961,0.9725873872324462,0.9988782740361009,0.9998277707355503,0.9996701298384525,0.9994170522481501,0.9996877616960097,0.9998578187577487,0.997348950009823,0.9996914310228392,0.9993054897283775,0.9989286640472399,0.982643990538689,0.9288925453213226,0.7305028642742567,0.9348083726210049,0.9221296706684926,0.8095961079552574,0.9579872102301513,0.9417025652857638,0.9601038542110514,0.9583222410873857,0.9512759459596462,0.9817843385428208,0.980274472739007,0.9430798768874875,0.9581301406767091,0.9704098573021014,0.9707619830079421,0.9721484622128651,0.9431812380126684,0.8956649086973464,0.948717709534012,0.9570141978971577,0.9341142540674462,0.8828480178061747,0.9628902923623296,0.9335433383999712,0.9642875879004326,0.9434396742691592,0.7503632936245707,0.8359715653246703,0.7620610972560681,0.8534533612184553,0.878247626232166,0.8824446005999839,0.8612051979966732,0.8736344234160981,0.27839534620196643,-0.6050298823717293,0.9607111169774587,0.9416040748191484,0.9409757207491636,0.9451836589535435,0.9569658121971005,0.9680890567113394,0.9681345490606043,0.9264515259194226,0.9643416403967059,0.8314011311409352,0.6522444736367562,0.9062837655190291,0.923032118781443,0.7548672267987181,0.9240532153930722,0.9440167272163533,0.8169831861065914,0.9666389314958473,0.8314444885336646,0.6182137879976282,0.6999751357562609,0.8443921026102245,0.8414150957369255,0.8303931802333633,0.9755580857200077,0.9757775194233412,0.7256783455497781,0.6901367978110086,0.7825213608167837,0.3267488057975385,0.7675649324180792,0.7921463506542475,0.7819037426827338,0.7886152720112606,0.7405659152685506,0.731856418578055,0.71085171625642,-0.26304426652500357,-0.411273364162974,0.6516036762301662,0.8913497163336164,0.9285110842994923,0.9439191643247656,0.9164686840187799,0.8240395836147749,0.9124400578838621,0.9341054179081005,0.9335192580315878,0.7754002756953448,-0.1448672873726192],[0.9955484442474022,0.9896854208623336,0.9911309294780553,0.9960543182038566,0.9983584111424448,0.9879356042759426,0.9972512916769025,1.0,0.9999848438534424,0.9679788830419827,0.9996767967278006,0.9999969391347976,0.9996726799106509,0.9999979564681014,0.9997904157350717,0.9942285933135279,0.9993499142472905,0.9998936584177882,0.9998931872084376,0.9999588356539518,0.9999947020393448,0.9909959507068987,0.9763584689117752,0.9920600509852113,0.9933006953600708,0.9859031536500779,0.9748816408628407,0.9452105323849727,0.9882931500676938,0.9941011506640378,0.9918648161220234,0.9692888054626676,0.9994370399065179,0.9995089434647854,0.9996287204256026,0.9997013622213985,0.9988876871710302,0.9994381069551849,0.9977498789707869,0.9986196972131806,0.9995065005731926,0.9993709975541968,0.9841558156441872,0.928924902785966,0.7174560488267845,0.9402616899434145,0.9197776778581968,0.7893301879784372,0.9563740451240476,0.936835464133449,0.9580847480367559,0.9519880663382834,0.9448219993376192,0.9797774856646425,0.9770852890470587,0.9375352993928102,0.9527295799709283,0.9629178954176385,0.9670039379896511,0.9651206822305035,0.941258176934225,0.8857006591786926,0.9429693355632685,0.9493425979418898,0.9281588419272677,0.8682878291482192,0.9595392669932854,0.9264234330752918,0.9580016893502795,0.9382779551374292,0.7348163626950608,0.8262923893039443,0.7571147126978278,0.8437992547827612,0.8697114983142299,0.8766912675722484,0.8561384880788299,0.8657406330443473,0.2582737774067289,-0.6105375991793051,0.9555716871101101,0.9327221969999735,0.9332629522663335,0.9430146041578237,0.9512223985597288,0.963061942492852,0.9631001914455809,0.9198654811391458,0.9563520218243039,0.8173674540374487,0.6478674362644803,0.9249510339360196,0.9351557866902264,0.749781803944974,0.9234690640504746,0.9436900768586198,0.8143105761861085,0.9712038484068175,0.8350524974427015,0.6038387173958477,0.6906093895893936,0.8455540718540451,0.8383398124726182,0.8336495712364567,0.9784523426661204,0.9786767470730761,0.7156381714715724,0.6813841492018856,0.7843583967899589,0.31230850122007214,0.7623241624174487,0.7877302610673328,0.7830471436878621,0.7830214068896454,0.7334190537457119,0.725521438392091,0.7038533205059014,-0.27990559714059443,-0.42716139331547165,0.6342738849896615,0.883003847847973,0.9261891772202445,0.9362034206073618,0.9101867307654697,0.8126710605062468,0.9059064462587646,0.9277747478957994,0.9274360071046962,0.7553643114830505,-0.12710295988862697],[0.9958602339172015,0.9897159652432125,0.9943478406596385,0.9964453158533576,0.9984173436707099,0.9875655041488491,0.9995486407959727,0.9999848438534424,1.0,0.9673123196739408,0.999675859141873,0.9999817141152297,0.9998437275875945,0.9999902961239193,0.9998655359008086,0.9981462877860656,0.999340648527659,0.9998345734525773,0.9998335851172426,0.9999675794447604,0.9999827934212261,0.9938829415103945,0.9777845837338226,0.9953299062367799,0.9954676584702692,0.98586914282974,0.9792212837085484,0.9463860973400361,0.9889018637476594,0.9932174925266989,0.9889315673107777,0.9649163022344444,0.9993687441583547,0.9994487626323835,0.999454366729399,0.9998466787502651,0.998897176844134,0.999424956213354,0.9981659323997158,0.9986321515807012,0.9993644180321839,0.9993587001357948,0.9886654815126705,0.9289627048308177,0.7181196990866693,0.9400249169603934,0.919532659602819,0.7895471542618102,0.9437214395553473,0.9266723277893265,0.9472415768686518,0.949442232000455,0.9420844686010562,0.9775810003210331,0.9771506554254235,0.968656377886927,0.9531179201096777,0.969519668686068,0.9670985350235161,0.9699409373544164,0.9696185737306141,0.9408309229559795,0.9422909493016809,0.9423581583236993,0.9419599708629574,0.8972942564891726,0.9598874224558054,0.9602826240675871,0.9663474680572928,0.9652054522871699,0.9203667919761954,0.8256328844556036,0.7758135973435255,0.8429425655598141,0.8910353952739491,0.8752577504231911,0.88259369785123,0.8815607615312422,0.6465090448252478,-0.625773952801959,0.9555281655738661,0.9327577543504322,0.9334044676211546,0.969971446307623,0.9461136559638496,0.9626346150473026,0.9621414454173044,0.9208143268003102,0.9648234350934413,0.9249842447226806,0.6462826587250061,0.9244925472032068,0.9487219158625599,0.7264576928554973,0.910874599811708,0.9348030773736912,0.8134447180435667,0.9700088855086058,0.8882134091300264,0.5050796908371001,0.6596206407641715,0.8767243945240945,0.835380751530719,0.8795950130550659,0.9783811504512093,0.9786363475493337,0.7135659158834158,0.6783458353464504,0.7526571708120259,0.31016088395574154,0.6945609325502636,0.7581196121534924,0.7365185316940828,0.7168799340589453,0.7308813371352617,0.7223422238568743,0.7006254874685245,-0.5131677802750442,-0.5922751873412889,0.6337840753553082,0.8818135978256819,0.9250809503131615,0.9380332766196469,0.9092017186855017,0.8078737828367055,0.896002049630536,0.9181875203203562,0.9176273225471373,0.8065221111670774,0.10417586451287303],[0.980175540262278,0.9702478074566758,0.9565587793284992,0.9798284483944617,0.9738084247082176,0.9629192993385686,0.9736061164697242,0.9679788830419827,0.9673123196739408,1.0,0.9557658230823597,0.9683556484698009,0.9673274813064793,0.9680935169483744,0.969794293999139,0.9684111221541492,0.9755926930571559,0.9721822079553561,0.9721961841542569,0.968144659144666,0.9682130452008905,0.9669550742151594,0.9546850145413698,0.9745748380656134,0.9725443659277079,0.9088986833487335,0.9704280338580134,0.9544326752244289,0.9775996949046564,0.9720085527555559,0.9720469545982185,0.9400379496348868,0.9758710509984589,0.9754628271057055,0.9758809223949069,0.9685925334060018,0.9628355560349999,0.9749030275679067,0.9794026350588712,0.9781524127469658,0.9760417047276673,0.9760582104817159,0.956559983498641,0.8513419402000425,0.5394099884731944,0.8183316660055714,0.9011070171941359,0.8774508949603163,0.9050688548704421,0.8404006350229539,0.9093966338698761,0.9202275789049362,0.9066143062582422,0.9375275357164677,0.9373944085121707,0.9462961955591157,0.9387961965425837,0.9557305665663894,0.9499566873167843,0.9542633829641247,0.9542852549285901,0.9131741270182627,0.9544614235030019,0.9414828326762577,0.9411771240713219,0.8681429895192727,0.938832201054198,0.9460858283536034,0.9400230871709645,0.9389717249619578,0.8906843024665879,0.8338565585499823,0.7928884801449162,0.8743769444895229,0.9218384433754574,0.8959387713129456,0.9089692547670393,0.9083151110020663,0.7347795166618577,-0.3213074692819195,0.9548095111765654,0.9565074143186506,0.9482291226170718,0.9479448614455545,0.933704256970821,0.9560088959768771,0.9559685835179015,0.9047095487025222,0.9578578493259777,0.9091371996513481,0.7389583066836942,0.7302326710122785,0.8752388827351298,0.6543342407423192,0.8646338472048116,0.8982340446194889,0.8813555911115591,0.9533422143305952,0.9082951240302186,0.38762962487497216,0.6615641229039536,0.9007790286533478,0.8798092577424161,0.9076890624191442,0.9535536485376982,0.9538691127649097,0.5500188913556515,0.7155778525921953,0.6255905701738623,0.4974456575742025,0.5856936827325506,0.6394704930553362,0.6010767006381018,0.5746543717399005,0.8173833418995758,0.6949746357318511,0.6599837407636908,-0.2932244559483184,-0.3453047491906636,0.7541659230016836,0.9179566604898506,0.9248680855273121,0.9144378400667058,0.9424021966350326,0.6733102418804657,0.8487449328352068,0.9116731677062793,0.9108521920496632,0.6946638981609197,-0.16292029249585335],[0.992848357158607,0.9919195975736538,0.9970788655707843,0.9941466576341264,0.9978028264955001,0.9797353542547925,0.9994660822326543,0.9996767967278006,0.999675859141873,0.9557658230823597,1.0,0.9997017244567806,0.999681951371192,0.9996897446872777,0.999792556423933,0.9988512682953132,0.9991898520047012,0.9999592942047957,0.9999588599441087,0.999688677063593,0.999696261902512,0.990950117636521,0.9614114076280077,0.9919355602631896,0.9929903852181203,0.989778126170831,0.9729763002709721,0.9042287961648295,0.9890210914643086,0.9927225239997409,0.9744503025202564,0.9048071553168844,0.9992137218458518,0.9992765131451465,0.9992182090675413,0.9994808532529594,0.9994477895037566,0.9992410631189408,0.9975644493443798,0.9979888236492168,0.9991890414299603,0.9991848373701862,0.9899785419090256,0.9230945980176851,0.5591637116193859,0.9359436103710471,0.9187359183924012,0.7933747475096732,0.8588502689900661,0.8976666391488953,0.863960164572199,0.8792109524358184,0.8561534310648918,0.9521880056707717,0.9521284102699489,0.9546452027148667,0.9566517388842867,0.9471497501475686,0.9489971386553083,0.9511979552046251,0.9510138844978929,0.904600813854203,0.9159349285899641,0.8785148380077576,0.8783485421875916,0.7703646414876979,0.9512386900002057,0.9543559978587255,0.9545052863204982,0.9538408301192521,0.9063932881086084,0.6296483927472696,0.5695821324001009,0.7184789870663072,0.8142398037962368,0.74653300044291,0.7818499041256479,0.7806767856097587,0.5650167971161564,-0.3938454205817192,0.9275050775669916,0.9365425273187206,0.9272133019345927,0.9559549645086991,0.9242029993850019,0.9329300061576906,0.9318044714370188,0.868910737512838,0.9368685476630367,0.875595615155568,0.5506044379846508,0.9213395240227513,0.9153058331446794,0.355115298182287,0.7163291930040123,0.7931297239640662,0.6667023665483464,0.9731558315091743,0.6759781518531061,-0.19820289017071,0.20154433491596868,0.6493775092198799,0.6530673643628007,0.69467989713016,0.9743807066912863,0.9744358670885793,0.0022101393098109545,0.23460348808333784,0.08572526926093582,0.05065404600745263,0.07839507931738135,0.0974278670641769,0.06430686727664249,0.013323605793232498,0.439179944320173,0.16821118393115728,0.11529633855668098,-0.5171239088350453,-0.5538330915587788,0.6338197261464729,0.7430922575649146,0.7678734146358284,0.8289144831068834,0.8260110361154427,0.5291475851801597,0.7288876872869829,0.7630280864256518,0.761779445716047,0.40884154814617785,0.2419329350194331],[0.9956847878554009,0.9899013324677737,0.991021419092944,0.9961726884855362,0.9983998384791704,0.9878619535279465,0.9982104218072495,0.9999969391347976,0.9999817141152297,0.9683556484698009,0.9997017244567806,1.0,0.9996568245645814,0.9999976647927128,0.9998174787491206,0.9952508597793811,0.9993978999660001,0.9999043245544069,0.9999040623176104,0.9999664468592961,0.9999951195594167,0.990901588280943,0.9762270793600231,0.9927169860169046,0.9932615793153079,0.9860786681389955,0.9747129753564857,0.945221253048666,0.9891850904772258,0.9941629213642228,0.9919407853234812,0.9694348787962052,0.99947952485163,0.999552017291061,0.9996614861944446,0.9997027706376398,0.9989701226512293,0.9994820039315124,0.9978338133510841,0.9986974740472114,0.9995500565071014,0.9994144449841093,0.983957514361224,0.9292213747348146,0.7181793038201529,0.9402052726611546,0.9200210054118366,0.7904459280401469,0.9567104918657049,0.9372491004918303,0.9584285170570255,0.9523636515663129,0.9452278826246406,0.9800210420131829,0.9772739189612635,0.9378587095575698,0.9529115700055023,0.9632257812103754,0.9671529969375429,0.9654226524802971,0.9415264635171463,0.8858912714972119,0.9432569994528964,0.9497733092861756,0.9286034965563161,0.868731879263158,0.959634401558184,0.9266566349249106,0.9582387016493041,0.9385800592978841,0.7349356841954284,0.8267893815991825,0.7576803600901449,0.8442809443354955,0.8700745624083295,0.8769705807195051,0.8565678318252133,0.8661872891894407,0.2586207691689633,-0.6104406104488392,0.9557982574830417,0.9331125537957973,0.933587739477727,0.9432670140456829,0.9514654783896317,0.963295163053666,0.9633346781387624,0.9200824535363752,0.9566846465300216,0.8176211926125189,0.6480509946465868,0.9241067801189579,0.9346182950338967,0.7500170571596768,0.9235120234714872,0.943733805336858,0.8145943288399651,0.9710352448774203,0.8355031784590037,0.6048694176293614,0.6913005575794022,0.8460246979319014,0.8388723757049187,0.8340823474152121,0.9783689501163145,0.9785932879191851,0.7163003387891695,0.6819958407787269,0.7849365374194284,0.3131522339600873,0.7630125538068674,0.7884103823117301,0.783631105768843,0.7837295653957714,0.7338199956688618,0.725981269449281,0.7043400973763476,-0.278886132653249,-0.4262404955292351,0.6348475507372173,0.8835204397283616,0.9266110494218673,0.9367129997679556,0.9106415422919292,0.8132273555100387,0.9064614774144035,0.9283169644698175,0.9279650108972178,0.7560364740405631,-0.12815917780323846],[0.9949379413329017,0.9897433270242957,0.9929478191026839,0.9956318698231763,0.998216987682636,0.9891250480139551,0.9990919835780793,0.9996726799106509,0.9998437275875945,0.9673274813064793,0.999681951371192,0.9996568245645814,1.0,0.9996935595782137,0.9994014134564795,0.9983785928165271,0.9989665966030569,0.9994926389873146,0.9994854399054353,0.9996755338585334,0.9996491594642055,0.9928954077355193,0.9778978278938466,0.9959790170409296,0.9958700994930382,0.9859367387444615,0.9775229267031975,0.9477064210058503,0.9882845185786024,0.9921456497110179,0.9909757436263151,0.9670664960126107,0.9987811156954159,0.9990946026116524,0.9992791992085853,0.9999191000883776,0.9989207911612926,0.9990810634562993,0.9968197308173764,0.9980275472403514,0.998775342177011,0.9987029764217779,0.9879957372740023,0.9291702275954766,0.7138558888898169,0.9402977391284415,0.9199226403426091,0.7897743469114574,0.9521405113810704,0.9304682793180928,0.9532524228732203,0.9488647225385092,0.941103068579689,0.9764767741860554,0.9751521723557776,0.9606697101346513,0.9526218906833613,0.963548855753007,0.9665568985766473,0.9652973335065553,0.9646028101776027,0.8900077009685284,0.9405360352949511,0.9482514443142972,0.9479390835349225,0.8672038944049278,0.9600075092480551,0.9380907790112444,0.96012084262475,0.958811798437754,0.7396463376141242,0.8239434669422516,0.7852473347053844,0.8420904394209414,0.8715564071778614,0.8762192897217578,0.864921149427757,0.8653013320620444,0.24405100227515297,-0.6048847844715383,0.9550457144742008,0.9328303556363284,0.9326139512698334,0.9633666072918543,0.9510040326581585,0.9622114026327109,0.9622023078388487,0.9201066481985186,0.9570546435087042,0.824252065882985,0.6484665498788695,0.9245934302515759,0.9354761983739023,0.7476044181921314,0.921777958904477,0.9422617606468382,0.8154944177822674,0.9736071186304377,0.829974876280418,0.5963624615535522,0.686730858009846,0.8372263392163104,0.8335437157955435,0.8261267694391409,0.9801931109142973,0.9803781080287127,0.7072178682518283,0.6767208904068308,0.7647192496038049,0.31286954029792347,0.7530955431837182,0.7771387029852943,0.7535909006249526,0.7727208501255617,0.731612677560504,0.7160155417274354,0.6946359969543086,-0.28544459250566334,-0.4312162610085144,0.6344442292272288,0.8812667716037698,0.9278491620495509,0.9320440484508096,0.9097671986743099,0.8054064475463956,0.9001712728277617,0.9211158884243489,0.9214645220980492,0.7495214974136134,-0.12646308059462],[0.9955996973226291,0.9897891130936719,0.9911901276048044,0.9961041236734691,0.9983921544827742,0.9879978741884096,0.9990654955607023,0.9999979564681014,0.9999902961239193,0.9680935169483744,0.9996897446872777,0.9999976647927128,0.9996935595782137,1.0,0.9998296857496504,0.9977001021430949,0.9993688200290487,0.9998970704786352,0.9998962811725635,0.9999605381928036,0.9999926691184827,0.9910363140019363,0.9764141303629429,0.9945159785099343,0.994349272773653,0.9860069890296541,0.9749279082923515,0.9453878058511421,0.9916433229505991,0.994461446565781,0.9918088689269687,0.9691895903171787,0.9994517456124541,0.9995126595471074,0.9996379818733359,0.9997191495906467,0.9989260139398473,0.9994477799962183,0.9977927311927152,0.9986401583766337,0.9995190723611826,0.99938653767662,0.9841424550761603,0.92902584169454,0.7175189810606751,0.9402781292855854,0.9199532194061171,0.7898537845176331,0.95647426174929,0.9369983104165057,0.9582201049639707,0.9519472208516552,0.9447542903922014,0.9798194408697437,0.9770425452455866,0.9378734698995661,0.9528413132093525,0.9631062965690413,0.9670765567215526,0.9652931488784442,0.9410004324698968,0.8859325487436518,0.942834246157167,0.9494144382278596,0.9284026869769114,0.8684223504608176,0.9596986468284906,0.9268193662847465,0.9582330512180309,0.9386328841772809,0.7351978544581828,0.8262456745083557,0.7574076978951911,0.84379796643375,0.8698955717151979,0.8766692111369111,0.8563069649061282,0.8659258737780012,0.25863809886500766,-0.6102431344178535,0.9556433730766885,0.9329171062642237,0.9334272273652914,0.9412869575509408,0.9514110966941974,0.963138723384842,0.9631736949832156,0.92004623645794,0.9565405592643854,0.8176567955612732,0.6479102192744941,0.924549603061721,0.9350203809307643,0.7497291693732742,0.9233511514151624,0.9435977408303994,0.8143148030161047,0.971223136524071,0.8351080790429899,0.6037006462501191,0.6905026195082745,0.8455940081256206,0.8384940949437926,0.8336984588505686,0.9785032025701359,0.9787240539289436,0.7151917066190957,0.6809934250094782,0.7843579653625469,0.3126103706270983,0.7623149919444631,0.7876643158675932,0.7832344753588502,0.7829321632922507,0.7333249804130518,0.7247173470242344,0.7030842968038086,-0.2797004413716913,-0.4269524206631802,0.6345983210674313,0.882929185012859,0.9263403422716838,0.9362730035504072,0.9102473521169745,0.8124813858072897,0.906144137549991,0.9278399907089386,0.92761793610073,0.7554887310575236,-0.1274092916265108],[0.9964819331440194,0.9907523146422939,0.9901651911281184,0.9968816189982839,0.9986763279014124,0.9878867083531055,0.9992905002620414,0.9997904157350717,0.9998655359008086,0.969794293999139,0.999792556423933,0.9998174787491206,0.9994014134564795,0.9998296857496504,1.0,0.9979699517419947,0.99967723484337,0.9998401148283578,0.9998429217040485,0.9999014801579498,0.999846759277249,0.9902858230736397,0.9758717587726579,0.9929866667455969,0.9927818123872839,0.9870052570406674,0.9733572048817779,0.9453502958364486,0.992190837312851,0.9939354799995445,0.9917518203757378,0.9698538191560359,0.9995763735471584,0.9996068244548016,0.999646277506648,0.9995449372623395,0.9991324853192671,0.9996034315161596,0.9983466339140257,0.999135644777055,0.9996767286834816,0.9995433785529574,0.9827221744636914,0.9246790900620776,0.7211999515249329,0.9362976738799679,0.9176999328820016,0.7923917701633458,0.9583894155543798,0.9409291433775857,0.960305177603255,0.9537457749985412,0.9464830470682596,0.9816978948661736,0.9777738645129354,0.9406847694235421,0.9539986369791278,0.9654258647292591,0.9680927166992925,0.9676234103959427,0.9434951722730373,0.8875589431669184,0.9436739635618141,0.9524147749899741,0.931805329980451,0.8707819876868967,0.960610539024471,0.9288835926388626,0.9604032825890791,0.9414662304489902,0.7356620456390112,0.8287573196447146,0.7623084599486232,0.8457734118880565,0.8716986669681918,0.8775133425850592,0.8597317634662981,0.8690002065825863,0.2594766202056345,-0.610215364006113,0.9569686358041501,0.9352424403195672,0.935399203975232,0.9452397122664146,0.9537065814357528,0.96479916798955,0.9649061859121741,0.9224071167557222,0.9589536197994495,0.8192587393564931,0.6538529316930216,0.9200504386743578,0.9316912370263666,0.7534625778587228,0.924787389888915,0.944639726389585,0.8146125611741499,0.9689163203965669,0.8396631654496995,0.6095077325325836,0.6936983157852462,0.8493580318036724,0.8420283728779604,0.8376958309065867,0.9773400373360626,0.9776015785877021,0.7197917325421401,0.6834977886350145,0.790641256286833,0.3203611203295393,0.7680485119447664,0.7933812765332047,0.7892968139409328,0.7887115303953918,0.7371650746739014,0.7263209891969776,0.7050083187367093,-0.27135252962562517,-0.4194637623823859,0.6442137521890822,0.8844107663045553,0.9292378383084294,0.9402362106443592,0.9116655702092074,0.8179054668090691,0.911070269254209,0.9323481962681236,0.9319239400884674,0.7597388939758662,-0.13284177269843553],[0.9967942843234302,0.994957384093146,0.9914125410291046,0.9972452344508248,0.9982577801679736,0.9911930301333293,0.9974193705128036,0.9942285933135279,0.9981462877860656,0.9684111221541492,0.9988512682953132,0.9952508597793811,0.9983785928165271,0.9977001021430949,0.9979699517419947,1.0,0.9986861507706775,0.9981302595443527,0.9981277250435496,0.9980221095787778,0.9975812965530302,0.9924911637640405,0.9791357539994033,0.980635416289043,0.9892282167908444,0.9901960623473527,0.9761017960617617,0.9529982074285939,0.9926544249678112,0.9913600998112014,0.9897398657808106,0.9683782628397316,0.9979859470040852,0.998062452594072,0.9982804885539588,0.9979166310097577,0.9990735579416609,0.9982161997898913,0.9977702041218944,0.9981917153764198,0.9978464203148337,0.9979235671690508,0.9823665322283576,0.9214022688425104,0.7292128794640345,0.9292023409866529,0.9196339413852379,0.8125012446002309,0.960432569926698,0.9432491678968153,0.9627387697079633,0.9529559249474133,0.9439608860242744,0.9805845865854866,0.9767391032356239,0.9535968051179049,0.9635108745053129,0.9723436728592453,0.9723238909127423,0.973542433991443,0.9554370712418235,0.9020405524156333,0.9456560358152455,0.9558124806924012,0.9418537501088907,0.8836873966016046,0.9671421810376714,0.9440491408362568,0.9684334959343498,0.954493179385426,0.7600435393788176,0.8345593653221016,0.7770037772368981,0.8531442787060228,0.8834981644208881,0.8834400082834242,0.8678056696820025,0.8783254980431698,0.2919387148371026,-0.5862962819369731,0.9621804606114185,0.9456616248741039,0.9451239948672591,0.9585284959545896,0.9605661199664789,0.9687637884422151,0.9687449996449993,0.9327222448787094,0.9665433805050576,0.8394825475327046,0.6499043886298778,0.9043410190190582,0.924675861439326,0.7501771583524224,0.9191671208556746,0.9391736714730134,0.8133404394426277,0.9669949943120209,0.833171397620169,0.5978129938816709,0.6865309519269863,0.838916623666011,0.8372001758299078,0.827755490200892,0.9741534559023894,0.9742826662053649,0.7041662261583026,0.6716622068614291,0.7821146076126624,0.3181064691393426,0.7566531335253461,0.7799687083386828,0.7892102783626034,0.7755403688907092,0.7276322803902603,0.7054433021544732,0.6850144516129875,-0.26265174114602113,-0.40944865892525206,0.6509619240925683,0.8787612346280986,0.9326971427581747,0.9372427098996878,0.9049495130672836,0.8097478735473242,0.9157364118748422,0.9287603538363058,0.9340613825630425,0.7671241819110229,-0.1477560340210374],[0.9981844649346386,0.9953972219914198,0.990549915398859,0.9985141738770418,0.9992275530482122,0.9890490872296284,0.9999019341393138,0.9993499142472905,0.999340648527659,0.9755926930571559,0.9991898520047012,0.9993978999660001,0.9989665966030569,0.9993688200290487,0.99967723484337,0.9986861507706775,1.0,0.9996748677818185,0.9996784408237649,0.9994631345333358,0.9993832026386607,0.9931977268129412,0.9784636566439232,0.9945433672514521,0.9941555982736725,0.9905266959388254,0.9768311322023099,0.9490640363639159,0.9914981380224152,0.9944154025612054,0.9920703172967346,0.9726986324797938,0.9998695963917358,0.9998607125387056,0.99984076673502,0.9992122194099728,0.9996883830