var correlationAdjClose = {"data": [{"type": "heatmap", "z": [[1.0, 0.9999908205014707, 0.9845289183176542, 0.9999215941856063, 0.9988861520933772, 0.9884909368753699, 0.9975012763604058, 0.9952585151465533, 0.9955549961557877, 0.9795911240421642, 0.9920357807999972, 0.9954036814501112, 0.9946153444052418, 0.995313181287131, 0.9954486372692161, 0.9965515183753032, 0.9982346575217912, 0.9960315401874239, 0.996044547990172, 0.9960836812321663, 0.9953510566085014, 0.9855418145666485, 0.969198578433836, 0.9878253764452863, 0.9866612364076931, 0.9809166575011259, 0.9634937141955301, 0.9431169228488365, 0.9942119003477111, 0.9946399896606163, 0.9917855340560682, 0.9747887238763042, 0.9974123715540048, 0.9977107645097381, 0.9970890937347281, 0.9954685286900924, 0.9949642440934786, 0.9975651565694391, 0.9976234654652765, 0.9987283460774002, 0.9973529276270372, 0.9973645116641123, 0.9765613392646177, 0.919921945227428, 0.7512639420470774, 0.899494928008486, 0.9048178686570122, 0.8415287631775861, 0.9675541331779098, 0.9446791327244959, 0.9688383219538939, 0.9657167435991882, 0.9593431556587935, 0.9858942646525606, 0.9823592877600333, 0.9840363539484265, 0.9771352912768663, 0.9859176647055056, 0.9832447366822913, 0.9865529003314468, 0.9863159463796638, 0.9640983377884956, 0.9671026659666376, 0.9713429503079121, 0.9710115841342355, 0.9442151590148423, 0.9752203788891547, 0.9736714841560282, 0.9819501268192401, 0.981070566054347, 0.9354680567604329, 0.8583733740740724, 0.8262458341273786, 0.8774326466170215, 0.9045304093424391, 0.8993249594104087, 0.9026848194412369, 0.901266809576674, 0.6231639265120894, -0.5706371485143579, 0.9765961766788608, 0.9675802847181204, 0.9641712472247063, 0.9849091309909906, 0.9519276186602184, 0.981469341255049, 0.9814178820024667, 0.9449891878236276, 0.9817121277884795, 0.9491940388828376, 0.6304383670256777, 0.8593290944644403, 0.9139624239700904, 0.35377094238859147, 0.9197008764664849, 0.9401424644851049, 0.8125848522387905, 0.9569899384445079, 0.8959173742590919, 0.6513598154478512, 0.4904077410943877, 0.8917656833970303, 0.862419886430062, 0.8882941085528178, 0.9679425293196011, 0.968163370633115, 0.7378238800568596, 0.7030418087055741, 0.8245822316217435, 0.33596750720562224, 0.7945292692543812, 0.8307463859603932, 0.8173095826309842, 0.8153288082429461, 0.7458889432408506, 0.7409034250284278, 0.7208703323820399, -0.23864505847273082, -0.37399110811725306, 0.6324533143504745, 0.8996755576680747, 0.9451661123674858, 0.9493982146433756, 0.91929672379666, 0.828519841520806, 0.9167473974507406, 0.9384987907882003, 0.9383257303816793, 0.8729207927809697, -0.18456612236963837], [0.9999908205014707, 1.0, 0.9823558414021867, 0.9997635396061653, 0.9974889576146388, 0.9904252217698649, 0.9928916638542711, 0.9884656746416086, 0.9884971326260547, 0.9671700089475139, 0.9909509273909327, 0.9887189863015703, 0.988533731212967, 0.98858404323463, 0.9886816590393271, 0.9934836134626874, 0.9953691824231286, 0.9919695925861443, 0.9919698368943177, 0.9885809542824319, 0.9886425090419827, 0.9876179678023003, 0.9607722130291332, 0.9838971823319616, 0.9835681570031455, 0.9807429905487928, 0.9717000684172945, 0.9065955905743422, 0.9878371396447682, 0.9838611338302075, 0.975688877820041, 0.9112229719939203, 0.9945719065563271, 0.994393441425091, 0.9946821894841705, 0.9897724959681558, 0.9940924975925527, 0.9946713078115313, 0.9949837379437673, 0.9967153615804363, 0.9946756758234189, 0.9946848494415703, 0.9857959477853394, 0.9197395645922575, 0.6125151807459565, 0.8992616246857787, 0.9050863012666077, 0.8416935446513162, 0.875861782009127, 0.9122177078599791, 0.8797573817875181, 0.8977808149466245, 0.8746961712963462, 0.9547507832658931, 0.9546400900555184, 0.9734290086422235, 0.9775717331027898, 0.9713142010363064, 0.9708538779801722, 0.9740875861602991, 0.9739954305246734, 0.9343219241727247, 0.9431946720194806, 0.907408077354828, 0.9072960985006091, 0.7995464175368153, 0.9682819472415886, 0.9706930549385107, 0.9709592912576894, 0.9703374775813701, 0.9293274570164197, 0.6408914104884295, 0.5807390903840784, 0.7378019771345627, 0.8354359976991625, 0.7613992687950405, 0.8003518963116113, 0.7985118668011666, 0.5737039797631571, -0.2767220700844986, 0.9554847679761073, 0.9627238705625896, 0.9551639091914262, 0.9743797415989993, 0.9241041844152852, 0.960286440291349, 0.9593119503845795, 0.9000255531045288, 0.9634041236541494, 0.906132306475902, 0.44616677839973107, 0.8582978906516924, 0.8564813518423392, -0.10703336990584277, 0.6373681381335593, 0.7343729275291033, 0.6302218233044788, 0.9546394504804251, 0.6470001689867226, -0.22371388353385493, -0.12025977918510483, 0.6144070348770522, 0.6216681403259807, 0.6688711668765053, 0.9563314263264558, 0.956165365402345, -0.09251312550012218, 0.1421692906662697, -0.02580448770673121, -0.044111250709908026, -0.01642096002362743, 4.746772457562774e-05, -0.03144080786856904, -0.07364010700873097, 0.3408882674242992, 0.08382840680570446, 0.035295777669961566, -0.4542894279977759, -0.487188122621993, 0.6324823443777722, 0.7440682593186221, 0.767668530875265, 0.8299185240874475, 0.8241414523760787, 0.5342956718671282, 0.7323806192243549, 0.7643943697254695, 0.7630133728113911, 0.4112630944280075, 0.21759030217324413], [0.9845289183176542, 0.9823558414021867, 1.0, 0.9859778987028809, 0.99276808455133, 0.989900421102291, 0.9906987866668441, 0.9911070827651047, 0.9943728656014907, 0.9545001294651485, 0.9969510353980409, 0.9910059919106444, 0.9929450156514789, 0.9911680201904453, 0.991081756420519, 0.9916840824984785, 0.9898093301540318, 0.9896742795322965, 0.9896385336353369, 0.9929024507816041, 0.9910340143817176, 0.9934216747569912, 0.9789880294208548, 0.9907053963363146, 0.9911114880019041, 0.9793923256224569, 0.9819205802372225, 0.9468251671791295, 0.9732381600864026, 0.976766237169682, 0.978230376939148, 0.9500628962450962, 0.9879678511691142, 0.9910896365918546, 0.9893960860175709, 0.993076156002797, 0.9947193907755704, 0.9921170296922525, 0.9873705893572431, 0.9872727006572445, 0.9882439465165788, 0.9876081969157645, 0.9905052951844114, 0.9201554307744292, 0.6925393146142064, 0.9263070047633545, 0.8975820367643053, 0.7507961313465439, 0.9285272084787373, 0.8998695940016735, 0.930673427349747, 0.9256295192291225, 0.9165687766007153, 0.9531411274086037, 0.9601816909957892, 0.9305165599263624, 0.947362832307019, 0.9535791894247727, 0.9591755596498079, 0.9542035996649604, 0.9284898146240566, 0.8958374084389159, 0.925341935806377, 0.9236168008545871, 0.9069930797743626, 0.8611226323559051, 0.9588591022284891, 0.9367811856318462, 0.9543429693314744, 0.9327739524882968, 0.7687550669673963, 0.797438583159159, 0.7317352562450834, 0.8187580312931163, 0.8639582366141633, 0.8613123687891475, 0.8334165489390719, 0.8470655533391311, 0.2973436661313639, -0.5713192069418886, 0.9453092518453837, 0.9173216240782018, 0.9219115735190405, 0.9309849946988431, 0.9160952705474132, 0.9505511168046814, 0.9501621170996628, 0.9106595232096593, 0.9470854661443505, 0.8354636447071926, 0.601403190454117, 0.9309211047782828, 0.9347092560908347, 0.2865353607982657, 0.900247278006447, 0.9232615962173435, 0.7979272100126555, 0.9775618668179906, 0.7786827256347593, 0.5596061521434316, 0.4126691289305947, 0.7858150020902182, 0.7875884987432554, 0.7744140197755166, 0.9812938702038574, 0.9813372284607887, 0.6566248990546323, 0.6373400208278727, 0.7131804140270391, 0.2658528056251755, 0.6896322867083824, 0.7119006626053778, 0.7260065341384638, 0.7081697400524318, 0.6990095372570599, 0.6668964171122466, 0.6449059369072164, -0.31336762055513534, -0.44821304477173957, 0.5863322640534642, 0.859518612793598, 0.8955458228485244, 0.8971694705458928, 0.8924555494161058, 0.7583976787345761, 0.8698213150778888, 0.8840750935881113, 0.8929054753437379, 0.7395401514116495, -0.10138531781937339], [0.9999215941856063, 0.9997635396061653, 0.9859778987028809, 1.0, 0.9991984770574492, 0.9894312244980672, 0.9978490986958019, 0.9957941907768956, 0.9961853962209063, 0.9792649252281148, 0.9935234653825523, 0.9959212471072384, 0.9953441468982944, 0.9958470835917983, 0.9959611206566107, 0.9970761912426639, 0.9985461728919299, 0.9964985516553805, 0.9965087823989129, 0.9966236704357763, 0.995871917083298, 0.9868235666543078, 0.9705327982141463, 0.9889453472653665, 0.9878932125443339, 0.9833879729992059, 0.9656266017420341, 0.9443146211659956, 0.9937071127892674, 0.9943226672452732, 0.9919148698148581, 0.9744606182490482, 0.9975806179446917, 0.9980277007988069, 0.9974126976108436, 0.9960513271178267, 0.9958035094844886, 0.9979218950387322, 0.9977432316826319, 0.9988431578662046, 0.9975119768475709, 0.9975202456438608, 0.9783999034818327, 0.9155225690643194, 0.7448586285602776, 0.900196002361572, 0.9021189205613219, 0.830920945084543, 0.9646522907392877, 0.9412303438094938, 0.9658250769519807, 0.963048022524203, 0.9564845596994024, 0.9838232272705394, 0.9808247417424644, 0.9822282935629787, 0.9753232264415926, 0.9843021141822487, 0.9823393965916675, 0.9848574903383206, 0.9846163836085546, 0.950130453276879, 0.9653697780481317, 0.9695814469201344, 0.9692507756397364, 0.9373742759941691, 0.9744902754392992, 0.9699442320408399, 0.9801193538305168, 0.9791971123700645, 0.9071016229786905, 0.85618765301764, 0.8213248480363233, 0.8749535246892323, 0.9008485845429414, 0.8983832905305267, 0.8995608945744045, 0.898210640359688, 0.5176668976626395, -0.5707191361085878, 0.9753188994947916, 0.9652556211828451, 0.961891062004523, 0.9831056235370035, 0.9503127430561439, 0.980333798345505, 0.9802810435197556, 0.9437682747052304, 0.9798715224224995, 0.9281567613164619, 0.636173843798619, 0.8682299916846681, 0.9185632280388724, 0.3544735736276155, 0.9214633594317531, 0.9416490499182663, 0.81294137411198, 0.9585283147666185, 0.8897902652379828, 0.6481684372430686, 0.487894130823374, 0.8867197494081612, 0.8588892950387599, 0.8829153352085617, 0.9690701662808047, 0.9692994979578106, 0.7369170277774147, 0.7033876751679918, 0.8166852315099464, 0.33813781614464705, 0.7889738759784557, 0.8225535206148789, 0.8091916312267575, 0.8100857939408332, 0.7488714068035862, 0.7410439395464834, 0.7210775318785582, -0.23402811212902272, -0.3732378221520494, 0.6305701755727184, 0.8978048815435121, 0.9434408556283786, 0.9477175586238101, 0.9182339133942292, 0.8257436858369706, 0.9148322186579512, 0.9363508709696667, 0.9363339189462117, 0.8652410190244194, -0.1771026803249873], [0.9988861520933772, 0.9974889576146388, 0.99276808455133, 0.9991984770574492, 1.0, 0.9922167265284457, 0.9990389683969114, 0.9982577069684234, 0.9983122011023953, 0.9726740374379446, 0.9975814809608734, 0.9983055551436264, 0.9980849585457344, 0.9982922975466123, 0.9983581686229364, 0.9986237395312368, 0.9991739345819709, 0.9986887901568283, 0.9986887666771668, 0.998381380032982, 0.998288818083618, 0.9935679141060214, 0.9780953560954037, 0.9936704205814232, 0.9935954988023145, 0.9871642500383057, 0.979800448205403, 0.9475093103102298, 0.9902448162326144, 0.9926337767933857, 0.989583328372655, 0.9651866746539801, 0.9989396824600217, 0.9989726287138566, 0.9989634307693848, 0.9984078912933544, 0.9985027504677412, 0.9990637293702266, 0.9991176033331556, 0.9990110698781393, 0.9989235873856039, 0.9989234358603739, 0.988864475489589, 0.9251724735026635, 0.7200635983884538, 0.9158322252311921, 0.9057931091518431, 0.8116636933861409, 0.9485462643668341, 0.9284176064634151, 0.9523382567273175, 0.9542203183388825, 0.947308790486396, 0.9797921002614631, 0.979718823163267, 0.9778380922327211, 0.9688465746643792, 0.9788569196703901, 0.9776468993774442, 0.9791719365878365, 0.9788680991695438, 0.9516620908002477, 0.9545167530833106, 0.9497699192391157, 0.9493211594626039, 0.9022093601722271, 0.9712267729016917, 0.9679179251736996, 0.9748677787076476, 0.9738617340118407, 0.9299117277021594, 0.8302772715409288, 0.7834422436311201, 0.8561528574107338, 0.9027236247109065, 0.88305010733618, 0.8921006981206555, 0.8907661753962511, 0.6750624325685992, -0.5936257469454208, 0.967600874695818, 0.9522700019262571, 0.9503173375439005, 0.9790098283272207, 0.9328909616116008, 0.9722122798369488, 0.9717057148707094, 0.9321871475113727, 0.9743114890867419, 0.9365006373527296, 0.6219872708444515, 0.8910497555797477, 0.9401580961571294, 0.26410877845993685, 0.898216901716716, 0.9248003916141274, 0.8064051740078156, 0.9646180804744733, 0.8786273738326226, 0.49709054397497804, 0.3651618991132603, 0.8659755813754969, 0.8189849162547977, 0.8676884112016177, 0.9734725783809899, 0.9736486665376971, 0.689181317374757, 0.6831580610664576, 0.7297060673055987, 0.3118526213106942, 0.669195817477292, 0.7393822309782886, 0.7151993490706349, 0.6948104262576831, 0.7319597850443895, 0.7229403380111159, 0.7019741585194373, -0.4588142930848681, -0.5347712662567965, 0.6182675571898568, 0.890131129868066, 0.9272058756243594, 0.9389276053752366, 0.9142692392334073, 0.8011853749557364, 0.896584979282471, 0.9202554432326745, 0.9197647388784131, 0.7983494076093732, 0.04352896542508751], [0.9884909368753699, 0.9904252217698649, 0.989900421102291, 0.9894312244980672, 0.9922167265284457, 1.0, 0.9887797697441317, 0.9887625287818743, 0.9882475385260123, 0.964559516811856, 0.9791543587681263, 0.9887131948492075, 0.9898356162292019, 0.988822533294298, 0.988939843520508, 0.9917999014617684, 0.9898836269959467, 0.9896465961744498, 0.9896305519089236, 0.9876067081000105, 0.9887560064780792, 0.9961179842262536, 0.9911640882944636, 0.9885226642425732, 0.9883071805468893, 0.9683069545510793, 0.9845970202779424, 0.9658544321902128, 0.9732148891912533, 0.977204493400589, 0.985139449467776, 0.9717628496436409, 0.9887485919834713, 0.9889261720935888, 0.9897204571647965, 0.9896889150675524, 0.981890275288406, 0.9896706266796091, 0.9891293254012523, 0.9889951683472127, 0.9888459911590683, 0.9888398627824042, 0.9945654877839435, 0.8791466778898698, 0.725531770207545, 0.8765765708374377, 0.9021460202532569, 0.8359485905750144, 0.9352600804928244, 0.9124983579409397, 0.9370361225999763, 0.944360709038288, 0.9330563989948427, 0.962639912701669, 0.9671584865623623, 0.967566437575091, 0.9793763562643351, 0.968685789496282, 0.9804804768579392, 0.9685980697531219, 0.9680348053904476, 0.967052386217488, 0.958828270370934, 0.9429157656576502, 0.9424380589783234, 0.9292049760025486, 0.9776620750228409, 0.9700087305741186, 0.9687743413257133, 0.9670949545678368, 0.9483945727974649, 0.8549984864760447, 0.8070853700583264, 0.8755723969982808, 0.8950755800817879, 0.9023790001240839, 0.8856956454702933, 0.8835934118795129, 0.6420002630403997, -0.5343098162853438, 0.9741641467716798, 0.96967488917793, 0.9663564834896975, 0.9687216385429321, 0.9481144911731737, 0.9745351797144606, 0.9741858616304032, 0.9540467421639335, 0.9640615743443507, 0.9536327518557828, 0.6369884803495478, 0.8307411789047119, 0.9361412661081576, 0.357150709272021, 0.9110110499650239, 0.9295830304366376, 0.8083952675320641, 0.9549802560602164, 0.8469382783156739, 0.5977923973135286, 0.46288127283181285, 0.8444011661747268, 0.8199962426861296, 0.8417379966902574, 0.9572799983185212, 0.9573583082114774, 0.7004948737319262, 0.6837400141096163, 0.7613820116253552, 0.33835380243615193, 0.7419409696868219, 0.7695523611036051, 0.7555254240199456, 0.7574681369532048, 0.7367656924905501, 0.7128721741858738, 0.694982891556993, -0.2646338878657619, -0.39159947701055864, 0.6613179053454434, 0.8853152913790306, 0.9033562090691128, 0.9117214974710336, 0.9000054036839769, 0.8012218413647476, 0.872249725124581, 0.8948881752929743, 0.8949375553015542, 0.8393682008868983, -0.14637731450100844], [0.9975012763604058, 0.9928916638542711, 0.9906987866668441, 0.9978490986958019, 0.9990389683969114, 0.9887797697441317, 1.0, 0.9971337427206268, 0.9995264232525897, 0.9720576998593872, 0.9994146720997812, 0.9981192673611432, 0.9990642343992405, 0.9990130529638511, 0.9987868322439164, 0.9981420983825543, 0.9998720072538909, 0.9992493867942099, 0.9992547277749095, 0.9996478320660303, 0.9992171946208935, 0.9906721846248335, 0.9746077219476764, 0.9840000462143456, 0.9924432796968284, 0.9863870102115967, 0.9716753318059159, 0.9428505649410397, 0.9923221558379466, 0.991834630396707, 0.9929853810461307, 0.9712580549285202, 0.9988205570747061, 0.999816911027422, 0.9996499667539609, 0.9993897989241541, 0.9996520968507202, 0.9998477349437184, 0.9978967330316079, 0.999548446187829, 0.9992692229598661, 0.9988736935828897, 0.9832141150303748, 0.9308346416781393, 0.7352547681573626, 0.9289046292247728, 0.916161762234446, 0.8027775446743864, 0.9592956156745597, 0.9405722963761844, 0.9613108691748379, 0.9583885099737081, 0.952587578658342, 0.9818915277349484, 0.9799925840035154, 0.9400042841177663, 0.954701869851327, 0.9685357507324194, 0.9687759164586854, 0.97037677610532, 0.940280304690458, 0.8891977348211121, 0.9443775520080226, 0.9547356365021932, 0.9315630375228768, 0.875302313438223, 0.9600139432028357, 0.929402655550955, 0.9620397751433916, 0.9402919088818374, 0.7326293240807499, 0.824890131229216, 0.7543208088224671, 0.8423203869264506, 0.8705083858337935, 0.8742253369243281, 0.8540190777082663, 0.8664354450863385, 0.2523824387167165, -0.6057824062978575, 0.9578022242762058, 0.9351424604730625, 0.9354215482444419, 0.9424122484867825, 0.932161059953771, 0.9659017892367201, 0.9659542366574324, 0.9225560723526952, 0.9620544974499493, 0.8196204144099657, 0.6174076823093129, 0.8917481765479072, 0.9184422872923655, 0.3339073710865869, 0.9187331045443201, 0.9401366172031322, 0.8069509476050231, 0.9642590286785173, 0.8310672727320417, 0.6356457902455158, 0.47255071079656585, 0.8433386315695146, 0.8370906569678676, 0.8290624107829018, 0.9736332848801923, 0.9738744140374099, 0.7225534749133532, 0.6793919954071103, 0.7823693367825924, 0.30692902674906836, 0.7655806727989498, 0.7925345542451652, 0.7833382385829704, 0.788775032953634, 0.7274843970493033, 0.7275099355763729, 0.7057058302280943, -0.2531368288840342, -0.3995323546314932, 0.6371655240028028, 0.891448438708885, 0.9301126617344139, 0.9454894336829934, 0.9174215248408526, 0.8236414853481633, 0.9142295275291583, 0.9360658276344205, 0.9354671155176137, 0.7746263858823315, -0.13878064877833937], [0.9952585151465533, 0.9884656746416086, 0.9911070827651047, 0.9957941907768956, 0.9982577069684234, 0.9887625287818743, 0.9971337427206268, 1.0, 0.9999842421135994, 0.966020375932241, 0.9996400143084201, 0.9999968743674267, 0.9996600672326745, 0.9999978382934595, 0.9999815894404616, 0.9964524236289047, 0.9991137881586083, 0.9998869501318322, 0.9998864604996854, 0.9999563258230967, 0.9999943920332116, 0.9908455226745699, 0.9755621479774848, 0.9917032691253285, 0.9929452918728292, 0.9833154685429142, 0.9738370828881774, 0.9413934105606778, 0.9886201240485658, 0.9943428054178759, 0.9916131573398187, 0.9678307371982978, 0.9994270481426312, 0.9994870525533867, 0.9996108474936961, 0.9996836218513602, 0.9987599053122297, 0.9994022692884701, 0.9991091657458111, 0.9982756581486518, 0.9994966711721847, 0.9993579522360245, 0.9846363268605817, 0.93119306405682, 0.7220185735660749, 0.9354042210661965, 0.9135924050894113, 0.7808762503035225, 0.9578127984139151, 0.9356143482413247, 0.959403607541663, 0.9519186816453157, 0.9460813161015185, 0.979919656487002, 0.976728973652916, 0.9341508630508483, 0.9484878892796098, 0.960451003405621, 0.9645867251668736, 0.9628027968577393, 0.9382691581216062, 0.8780059006184534, 0.9380249959077072, 0.9466453637491111, 0.9253805839352138, 0.8595937013467355, 0.9562473565043563, 0.9217287293916605, 0.9552617140537283, 0.9348275129945877, 0.7155023817931434, 0.8144465147160928, 0.7492076468524044, 0.831841729146251, 0.8612862427203184, 0.8678920978245046, 0.8486544684259645, 0.8580233961458654, 0.23108950738839049, -0.6118455287001174, 0.9521065140204776, 0.9248123673722248, 0.9267010380897097, 0.9401402453308191, 0.92424462668451, 0.9603729349779359, 0.9604250635727769, 0.9149893055346766, 0.9534545148964475, 0.8040786533925134, 0.612419387591397, 0.9133237272091822, 0.931236494739733, 0.3223064513947221, 0.9179337391147542, 0.9396576750583037, 0.8041137861242206, 0.9690915062519101, 0.8350538058416461, 0.6214191085406191, 0.45940878709830757, 0.8448034075202476, 0.8340668332028304, 0.8326859760333962, 0.9767321717156576, 0.9769782935074754, 0.7122739811673304, 0.6701790156088412, 0.7845165434592751, 0.2916035637467555, 0.7603996728356125, 0.788278508427501, 0.7848006206484475, 0.7832874887986424, 0.7198810277928416, 0.7209607507266044, 0.6984521551407902, -0.2705462031737501, -0.4160038158619699, 0.6180221851133847, 0.8827603853426839, 0.9279173825978736, 0.9377567932886772, 0.9109295593251179, 0.8120209126355998, 0.9077030120188903, 0.929741823046249, 0.9294044413693737, 0.7540439688989641, -0.12035089387363117], [0.9955549961557877, 0.9884971326260547, 0.9943728656014907, 0.9961853962209063, 0.9983122011023953, 0.9882475385260123, 0.9995264232525897, 0.9999842421135994, 1.0, 0.9653290371409902, 0.9996377050367675, 0.9999814594558174, 0.9998344289440007, 0.9999899110296646, 0.9999962271189234, 0.9989830055924641, 0.9990935023122013, 0.9998223773277044, 0.9998213462687965, 0.999966721698111, 0.9999822708842262, 0.9937147638470256, 0.9766951691159486, 0.9949859739976654, 0.9951378960565017, 0.9832733400339426, 0.9780074186494508, 0.9423593506251611, 0.9891774162685713, 0.9934466913013091, 0.9886169947023643, 0.9632156507531879, 0.9993463431718315, 0.9994277078296364, 0.9994274187843913, 0.9998363484963592, 0.9987711830328508, 0.9993924687017622, 0.9993315698481631, 0.998263442963457, 0.9993399671912574, 0.9993340232472208, 0.9889956679568727, 0.9313920606866214, 0.7228331954082747, 0.9353935288291292, 0.9136568417037179, 0.7811302939927177, 0.9450635864249313, 0.9234779642743617, 0.9483850084757173, 0.9493322455738126, 0.9433853183461597, 0.9773511694726229, 0.9768467547911631, 0.9663789253485241, 0.9488626000686022, 0.9673163130524541, 0.9646360175242515, 0.9677331484513582, 0.9673818293477126, 0.9379075378719457, 0.9372660850393043, 0.9384436070951243, 0.9380174868110888, 0.8895170690249922, 0.9565743787233167, 0.9575899007942362, 0.9639191969468457, 0.9626861029219811, 0.915809703134398, 0.8137079109887048, 0.7607642205115989, 0.8309311295677502, 0.8826897247673041, 0.8660092485567119, 0.8738000710737824, 0.8727277008975256, 0.6189924699852785, -0.6281444993278725, 0.9520023055656923, 0.9248235568474028, 0.9267928218649472, 0.967797378759838, 0.9158633157565349, 0.9598502520545928, 0.9593111456330633, 0.9157800871851528, 0.9622170375242771, 0.9204234736413144, 0.6106077783314203, 0.9127675130407661, 0.9455353527155421, 0.27264168245868353, 0.9039409200440081, 0.9297992606368486, 0.8032026177292758, 0.9677545646687757, 0.8853752445139665, 0.5261362669519694, 0.3916035435752339, 0.8733151260163822, 0.82720400176128, 0.8755968789661823, 0.9766450751750981, 0.976922146487313, 0.7101794777466102, 0.667227574615519, 0.7464380878609621, 0.2893153668383499, 0.6874948251052908, 0.7553453741712909, 0.7330818621598159, 0.713640573504023, 0.7172042552793078, 0.7177287932978903, 0.6951733612545762, -0.5086563260289612, -0.5859880606420066, 0.6177371981683264, 0.8816510909778329, 0.9266161045708017, 0.939233467959863, 0.9099633931733235, 0.8069805728235956, 0.8967769456858512, 0.9197269039497008, 0.9191616480035135, 0.8077841068897309, 0.11677841784701747], [0.9795911240421642, 0.9671700089475139, 0.9545001294651485, 0.9792649252281148, 0.9726740374379446, 0.964559516811856, 0.9720576998593872, 0.966020375932241, 0.9653290371409902, 1.0, 0.9511036302874597, 0.9664176955717493, 0.9653288720787879, 0.966144062724563, 0.9656938680496892, 0.9671153313372299, 0.9756089876137904, 0.9706057360691838, 0.9706185084311163, 0.9661964916446376, 0.9662714383402049, 0.9658330459500724, 0.9529874430582582, 0.973038437533166, 0.970903506932976, 0.8927461300986489, 0.9693948969825985, 0.9514949909973422, 0.9760129268871227, 0.9699710978078973, 0.9701607220841342, 0.9357270767797236, 0.9744383987957446, 0.974001644966731, 0.9744725091783193, 0.9665890860420477, 0.9589797302486558, 0.9734543176489135, 0.9742579838408477, 0.9783570015235105, 0.9746266226303614, 0.9746449609866981, 0.9559301528767444, 0.8450614770847478, 0.5424617903593958, 0.7939730115516539, 0.8920700485340566, 0.8754479992728714, 0.9023142835512411, 0.8293009108241612, 0.9068109272860922, 0.9163308640264828, 0.9039124977223663, 0.9332113513830903, 0.9330653903922058, 0.9440620171762062, 0.9356898078803884, 0.9545270715739337, 0.9481149724256231, 0.952866675775628, 0.9528846635050434, 0.9122565106307368, 0.9530658046011622, 0.9380496390693435, 0.9377505077771785, 0.8591040014738235, 0.9356568889791953, 0.9435989409851678, 0.9370023594303051, 0.9359397727679811, 0.8864382049016164, 0.8215496994534064, 0.7780546127142013, 0.8647396957106503, 0.9160974924402785, 0.8879731665399604, 0.9020859437772805, 0.9013579896220759, 0.7136388842449468, -0.315210241492699, 0.9532605571931488, 0.953869989220483, 0.9462279833157775, 0.94585617627501, 0.9066834619564438, 0.9545264403657725, 0.954454825523821, 0.9018735399654288, 0.9565167843104724, 0.9068675750863672, 0.7148055319854872, 0.6887682124299555, 0.8660334616530986, 0.2513505026850545, 0.854184475067059, 0.8907869332210223, 0.8749571853301499, 0.9499581180223005, 0.9059552437809428, 0.42067038480130386, 0.4020943272865491, 0.8983193273865818, 0.8745722183100444, 0.9048477101891105, 0.9502230569874801, 0.9505633153409422, 0.5408956754362034, 0.7058041964093138, 0.6108846816533615, 0.4867540184512337, 0.5756829909574406, 0.6315576510456637, 0.5924026399824163, 0.5673258248184077, 0.8083532067113924, 0.6855770819646153, 0.650259807816058, -0.28240985858173356, -0.3310330213573327, 0.7516857354362899, 0.9173900167713631, 0.9239224415633595, 0.911898331176118, 0.9424059102042913, 0.6618517180660328, 0.8438098849785495, 0.9102213203622671, 0.9093665306934262, 0.6920938604122437, -0.1583785718723973], [0.9920357807999972, 0.9909509273909327, 0.9969510353980409, 0.9935234653825523, 0.9975814809608734, 0.9791543587681263, 0.9994146720997812, 0.9996400143084201, 0.9996377050367675, 0.9511036302874597, 1.0, 0.9996690371824157, 0.9996465526506275, 0.9996546930956348, 0.9996609835482371, 0.9994106857814142, 0.9987020288931373, 0.999954431083249, 0.9999538711310108, 0.9996536586055869, 0.9996620092948671, 0.9898903887791234, 0.9566515009975959, 0.9910043479450258, 0.9921638574169036, 0.9878879464404563, 0.9696524772768239, 0.8932315881682616, 0.9885085319582299, 0.9924289392895166, 0.9721756476792422, 0.8956151844880836, 0.9991412026000374, 0.999211119346776, 0.9991391764927753, 0.9994502570859662, 0.9993934594933342, 0.9991623127446817, 0.9990221366255131, 0.9972375789347485, 0.9991112119420672, 0.9991063462479103, 0.9895014542361404, 0.9253017157372674, 0.5734260171423701, 0.9306980478517782, 0.912778447422842, 0.7855032265951316, 0.8590458197870343, 0.8919998416382467, 0.8645935689176542, 0.8755537145513209, 0.8559647220783264, 0.9504243054457034, 0.9503425762564514, 0.9493001312471594, 0.951724415314772, 0.9408992325778316, 0.9429613616262115, 0.9454581985289701, 0.9452543917178682, 0.8942905843925605, 0.9059577077917721, 0.8629232940566516, 0.8627289119163596, 0.7391585502172762, 0.9452464025706251, 0.9487705986449796, 0.948953086862271, 0.9482285474495046, 0.8954268027511793, 0.5879632319224587, 0.52382370244824, 0.6848536473748411, 0.7902633085727951, 0.7145544715917058, 0.7547165057570503, 0.7534899736293271, 0.513873792764948, -0.4015033359647665, 0.91849889599333, 0.9288966134939032, 0.9181499665802464, 0.9508119051914785, 0.8782231886376138, 0.9246488064137541, 0.9233583756172935, 0.852430240053948, 0.9291386352271737, 0.8602539539277483, 0.49793737538187643, 0.9090662759558232, 0.9044309528246133, -0.08520343016370363, 0.6774690063399648, 0.7650046762252658, 0.6435199892891443, 0.9700640384378981, 0.658994127629692, -0.1688378683547465, -0.08486147332113163, 0.631270900370524, 0.6357831532419621, 0.6781374260831776, 0.9713680956475288, 0.9714226614853905, -0.030682428168325736, 0.19534144504581333, 0.03867170924339061, 0.0184406325015223, 0.044954333600557166, 0.06412875412291641, 0.03137403358590246, -0.01718402127177969, 0.39382809229428195, 0.1272261173376086, 0.07537076754891749, -0.5238174771738707, -0.5563115070643591, 0.6178192774277598, 0.7369120016814752, 0.7610622107848658, 0.8258283258777839, 0.8230773534595547, 0.5140186007903552, 0.7223918988643846, 0.7576322598635451, 0.7563392588062713, 0.4018832907203352, 0.2685030821526801], [0.9954036814501112, 0.9887189863015703, 0.9910059919106444, 0.9959212471072384, 0.9983055551436264, 0.9887131948492075, 0.9981192673611432, 0.9999968743674267, 0.9999814594558174, 0.9664176955717493, 0.9996690371824157, 1.0, 0.9996452014255461, 0.9999976452450132, 0.9999843592978254, 0.9970914802189292, 0.9991741442171157, 0.999898396024605, 0.9998980855844783, 0.9999641775634721, 0.9999948605156948, 0.9907600589343823, 0.9754454890146955, 0.9923571185513417, 0.9929093248124189, 0.9835236137639407, 0.9736774613590494, 0.9414254706194093, 0.9895046187417758, 0.9943952095721591, 0.9916853251706271, 0.9679763305703251, 0.9994693027023825, 0.999531222551004, 0.9996443849435775, 0.9996857054883813, 0.998851416159727, 0.9994482336183745, 0.9991480589477577, 0.9983658007083265, 0.9995402409617627, 0.9994011421454412, 0.9844502125208769, 0.9314808342436135, 0.7227302257597754, 0.9353365714165893, 0.9138714252970569, 0.7820707115046384, 0.9581339553977045, 0.936028698808789, 0.9597331521199673, 0.9522910210306352, 0.9464767797215917, 0.9801568166199238, 0.9769135783461964, 0.934491763082131, 0.9487225733989698, 0.9607887899759299, 0.9647648969669647, 0.96313263137868, 0.938549067229154, 0.8782544753846648, 0.9383548385131676, 0.947097733464598, 0.9258376356103984, 0.8600897904211728, 0.9563698858274309, 0.9219894249454333, 0.9555237805405509, 0.9351475704266563, 0.7156815828445047, 0.8149901911764048, 0.7497913357103387, 0.8323747751276311, 0.8616876332076241, 0.8682094266204775, 0.8491097758573642, 0.8585026065052935, 0.23149196130709093, -0.6117095985635586, 0.9523698676942484, 0.9252905186788799, 0.9270894644488116, 0.9404034704172367, 0.9245905799656201, 0.9606370746140388, 0.9606897817298324, 0.9152681167793754, 0.9538176914235053, 0.8043968237086018, 0.6126591570616436, 0.912347952734794, 0.930687070957938, 0.3228703360924354, 0.9179973623003355, 0.9397175196344342, 0.8044149544405867, 0.9689180199546757, 0.8354902178178563, 0.6224197178520026, 0.4603062402625428, 0.8452634117534418, 0.8346013096915745, 0.8331070489798869, 0.9766460195501719, 0.9768920345141142, 0.712941527818715, 0.6708173800934537, 0.7850832186627906, 0.2925071951213326, 0.7610870614034274, 0.7889492394967873, 0.7853682983470663, 0.7839883125701552, 0.72030422330705, 0.7214225804380378, 0.6989439711251989, -0.2694934173859335, -0.41504801245340134, 0.6186526733866976, 0.8832770464861491, 0.9283227989952036, 0.9382536923171994, 0.9113789536346, 0.8125713656166175, 0.9082441555426121, 0.930270796625832, 0.9299192331994542, 0.7547129721270396, -0.1214489618398843], [0.9946153444052418, 0.988533731212967, 0.9929450156514789, 0.9953441468982944, 0.9980849585457344, 0.9898356162292019, 0.9990642343992405, 0.9996600672326745, 0.9998344289440007, 0.9653288720787879, 0.9996465526506275, 0.9996452014255461, 1.0, 0.9996818093138508, 0.9996669934484964, 0.9991075139234511, 0.9986661066896636, 0.9994673729704466, 0.9994602378931425, 0.9996619580219659, 0.9996361630241481, 0.9927536207332365, 0.9770500948292559, 0.9957126736620977, 0.9956026468089112, 0.9833538764068086, 0.9764941155070251, 0.9439282363238621, 0.9886555300073434, 0.992416595807199, 0.9907539289489549, 0.9655516588966754, 0.9987583551448153, 0.9990664279721978, 0.9992621019774574, 0.9999207548661575, 0.9987963577632385, 0.9990342300516849, 0.9985864059689968, 0.9975958373494324, 0.9987496432959541, 0.9986749030355634, 0.9884087458839323, 0.9314437561450261, 0.7186074923968676, 0.935455732017945, 0.9137694230775253, 0.7813511782439727, 0.9537311140713237, 0.92902576436637, 0.9547066763611735, 0.9488288738072644, 0.9424374959424472, 0.9765996136690872, 0.9748079541087686, 0.9580206205353583, 0.9483849593458324, 0.9610583534082199, 0.9639787070780942, 0.9629379634399208, 0.9622393363098584, 0.8823400545000745, 0.9352826633018648, 0.9454203032575376, 0.9451423486125764, 0.858148705983007, 0.9566631912669176, 0.9338470214604548, 0.95741321778361, 0.9560204818295226, 0.7200896805420562, 0.8118389733223503, 0.7745415445573527, 0.8298918565254026, 0.8631353455200096, 0.867246546966933, 0.8572453303245171, 0.8575113088071575, 0.21575121451349538, -0.6062464267209168, 0.9514062823700158, 0.9249616659900783, 0.9259583653327631, 0.9609091912973958, 0.9239650117496845, 0.9593562902669039, 0.9593620014624341, 0.9149204046051335, 0.9541431706991637, 0.8111458494896078, 0.6131186249298937, 0.9129092688009248, 0.9313217265054046, 0.3188049367428192, 0.9159804035356051, 0.9380260170657849, 0.8053847286332394, 0.9716203863852729, 0.8293596255982244, 0.6142106016033427, 0.4546323649797392, 0.8364017533541055, 0.8292424606310232, 0.8249197598099348, 0.9785893566764682, 0.9787930929429138, 0.7036730796264077, 0.6652950805775081, 0.7638739165110978, 0.29220270997373315, 0.7510340991383506, 0.7775707540961747, 0.7541906527502273, 0.7728744390381759, 0.7179602671568853, 0.7111258124167364, 0.6889094650759864, -0.27626823331665906, -0.4202192626530677, 0.6182191450961024, 0.8810395889069054, 0.9297532734346823, 0.9337118845067699, 0.9105505746074148, 0.8046811989658065, 0.9018719029727194, 0.9231878566858625, 0.9235029339386401, 0.7486423198676082, -0.11964943444570456], [0.995313181287131, 0.98858404323463, 0.9911680201904453, 0.9958470835917983, 0.9982922975466123, 0.988822533294298, 0.9990130529638511, 0.9999978382934595, 0.9999899110296646, 0.966144062724563, 0.9996546930956348, 0.9999976452450132, 0.9996818093138508, 1.0, 0.9999884656200804, 0.998631487968951, 0.9991360104168595, 0.9998905775961048, 0.999889769983334, 0.9999583390232402, 0.9999922525380726, 0.9908846799225639, 0.9756158250011705, 0.9942071771848974, 0.9940536771144612, 0.9834374907784217, 0.9738809410487405, 0.9415765406202344, 0.9919775198622857, 0.994712926937399, 0.9915563379567154, 0.967729263115543, 0.9994430845821638, 0.9994919835423828, 0.9996210321173247, 0.9997024306168139, 0.9988026797092151, 0.9994133477979394, 0.9991758567401866, 0.9982970378153152, 0.999510402232618, 0.99937486768296, 0.9846177251638956, 0.931299187505577, 0.7221057372045667, 0.9354267412208559, 0.913798345500877, 0.7814445983744499, 0.9579221716034406, 0.9357903474538064, 0.9595495310980754, 0.9518865965059063, 0.9460243705456903, 0.9799685716532719, 0.9766921094676262, 0.9345083754401685, 0.9486163574562151, 0.9606497946732254, 0.9646554640007002, 0.9629848830904166, 0.9379757372992478, 0.8782461610703907, 0.9378688629069851, 0.9467223343019758, 0.9256385402406572, 0.8597315318559093, 0.9564119257799113, 0.9221477555610906, 0.9555059385172988, 0.9352027665560816, 0.7158994892743946, 0.8143900647005574, 0.7495156036344169, 0.8318311624407341, 0.8614783775508619, 0.8678614454818314, 0.8488318653908117, 0.8582179814869129, 0.2314589956115226, -0.6115500013729377, 0.9521737269955511, 0.9250380455074305, 0.9268865365917227, 0.9381832130769064, 0.9244904517514959, 0.9604495547431676, 0.960498430415585, 0.9151676146554028, 0.9536534695930112, 0.8043790967162234, 0.6124705107146282, 0.9128583904507097, 0.9310820454231816, 0.3223011810428611, 0.9178005288139229, 0.9395538046134964, 0.8041190594155658, 0.9691086834490956, 0.8351196948084184, 0.62129987549296, 0.4593125621613011, 0.8448533213532643, 0.8342372429233407, 0.8327448760326749, 0.9767847926799413, 0.9770271243628674, 0.7118197066899105, 0.6697708002052051, 0.7845246633032347, 0.2919241890435906, 0.7603977273725353, 0.7882195204322895, 0.7850006511714932, 0.7832040457271107, 0.7197809007942184, 0.7201300485875043, 0.6976572971674203, -0.2703333622771634, -0.4157869373891995, 0.6183836125782795, 0.8826925791808417, 0.9280801309506256, 0.9378387342555237, 0.9109975622326633, 0.8118373411716772, 0.9079557744211512, 0.9298192052077017, 0.9295994930669235, 0.7541806748363956, -0.12066655820491802], [0.9954486372692161, 0.9886816590393271, 0.991081756420519, 0.9959611206566107, 0.9983581686229364, 0.988939843520508, 0.9987868322439164, 0.9999815894404616, 0.9999962271189234, 0.9656938680496892, 0.9996609835482371, 0.9999843592978254, 0.9996669934484964, 0.9999884656200804, 1.0, 0.9986314819858516, 0.9991769162340187, 0.9998867000298448, 0.9998868584619987, 0.999956758922539, 0.9999776801225849, 0.9908012817731185, 0.9756196113469721, 0.9926814661485931, 0.9927148073123979, 0.9834990476439492, 0.9736116909383918, 0.94149497616545, 0.9920230838193143, 0.9943082113665641, 0.9913975961167223, 0.967591297775402, 0.9994826588863244, 0.9994763946398669, 0.9996062442858061, 0.9996927764949034, 0.998821648769669, 0.9994173535750496, 0.9992059546733397, 0.9983457280997644, 0.9995415591987376, 0.9994202079476231, 0.9844133882265419, 0.9312739874904619, 0.7227760932808454, 0.9352025401613987, 0.9137197536861837, 0.7817677298872756, 0.9585110851132572, 0.9368491765459872, 0.9601920783444688, 0.9520543485226399, 0.9462063365394074, 0.9804449363916742, 0.9768590790666022, 0.9353006246180326, 0.9490235087036089, 0.9610392450906927, 0.9648156584722035, 0.963383248556684, 0.9393028434612871, 0.8783773096441133, 0.9374409002999574, 0.9470269179526537, 0.9263807598465104, 0.8596002506284538, 0.9568028479839674, 0.9227679691901578, 0.9560238168284446, 0.9361185017452605, 0.7156022903896851, 0.8140165103833313, 0.7504611820484247, 0.8312242183662228, 0.8614162233077005, 0.8673018883000334, 0.8492759154419586, 0.8586195183882761, 0.23071894689431985, -0.6112751551625331, 0.9522052468219774, 0.9252511738173024, 0.927131634212599, 0.9412181914946218, 0.9250672047393813, 0.9605869477741317, 0.9607030713510724, 0.9155048199072437, 0.9539987750177561, 0.8042634801905091, 0.6112411572292478, 0.9123390281878356, 0.9307359651072827, 0.3207995036634468, 0.9173483662345793, 0.9390551798621581, 0.8032283250741514, 0.968725033252262, 0.836086943288274, 0.6210185716423623, 0.4583410223610944, 0.8453607779195571, 0.8346307386450118, 0.8334692262483278, 0.9765529988672069, 0.9768301562154851, 0.7105075373943674, 0.6675816879441211, 0.7856216574404373, 0.2903210500097742, 0.7606391195297137, 0.7886107206224915, 0.7862219451705161, 0.7834220230072554, 0.7180536812131316, 0.7179164874319751, 0.695410691578493, -0.2695086637354394, -0.41504054450562955, 0.6178914561027868, 0.8818356380174552, 0.9286740194558452, 0.938341254713176, 0.9102604752710095, 0.8119698057726842, 0.9089844082967906, 0.9304066267770577, 0.9302973574247215, 0.7540519733421753, -0.12081299688385892], [0.9965515183753032, 0.9934836134626874, 0.9916840824984785, 0.9970761912426639, 0.9986237395312368, 0.9917999014617684, 0.9981420983825543, 0.9964524236289047, 0.9989830055924641, 0.9671153313372299, 0.9994106857814142, 0.9970914802189292, 0.9991075139234511, 0.998631487968951, 0.9986314819858516, 1.0, 0.9988971840882485, 0.9989788235202052, 0.9989761479647343, 0.9987962702505824, 0.9985247312076184, 0.9923024550981927, 0.9782822321569462, 0.9836362811182758, 0.9900439172519223, 0.9891532251859692, 0.9756562714732736, 0.9487932830853882, 0.9930491276889098, 0.9931002850014558, 0.9904217758085514, 0.9676584540203433, 0.9987920045678659, 0.9987257778719776, 0.9989448949462233, 0.9986495349336628, 0.9993854864034791, 0.998867995313762, 0.9989118331481222, 0.9981057837088008, 0.9986765902208519, 0.9987426348151898, 0.9834143682308099, 0.9246721502382547, 0.7279449716564325, 0.9287596848378693, 0.9162500213382427, 0.7987908508688376, 0.9616515165047563, 0.9406966351283826, 0.9637132768302688, 0.9518482544331909, 0.9446193755170706, 0.9809079115553502, 0.9762215815607572, 0.947596858979619, 0.9580068597699951, 0.9677469515388455, 0.9692621756576892, 0.9692462567831117, 0.9505618789595918, 0.89