var element=document.getElementById("correlationAdjClose");if(element.style.display!='none'){var correlationAdjClose={"data":[{"type":"heatmap","z":[[1.0,0.9999952370497258,0.9872592587217868,0.9999400645805879,0.9992239325133682,0.9818984321208363,0.9978917033366859,0.9965767144030647,0.9719424015539857,0.9966911596396119,0.9949413400389349,0.9941708280223676,0.9966558338464238,0.9966768509973185,0.9966163713469051,0.9978599744931193,0.9982299213304593,0.9983387592543975,0.997047860976676,0.9970570232809817,0.9969688145140908,0.9966321309313598,0.9890735632521694,0.9738967860377913,0.9915479460876089,0.9586243601308045,0.9907644558550931,0.9892910656685292,0.9708891369880416,0.9552199070867801,0.9913425833861935,0.9931881964870188,0.993004591352197,0.980695129374387,0.9978031926000206,0.9978538800940633,0.9977060569990259,0.9967587601587908,0.9956569205977971,0.9977664220508945,0.9986288813748014,0.9986576363607992,0.9978108715010899,0.9978195589727497,0.9784616879725133,0.936431430360947,0.9595418205886016,0.9545686000273416,0.9534929674056113,0.9344262834091039,0.9658683947124442,0.9548628132006173,0.9677989516382238,0.9718489498575129,0.9604910894529747,0.9850221162262263,0.9834133981334372,0.9915849460927304,0.9936621536652036,0.9887428928170658,0.984803435771295,0.9885251784045707,0.9879895312615141,0.989065730635259,0.9889803534740744,0.952377314419804,0.9787532604434831,0.9766589533307821,0.9765158779415833,0.9347809183915333,0.9843542905738971,0.9809759802042475,0.9874374642732826,0.9868617086154602,0.9456940545771066,0.9085999061314292,0.8824773138730335,0.9224108772707404,0.936639539948681,0.9352079197842639,0.9350187161092538,0.9339317538954883,0.759128022438452,-0.5083947067630786,0.9818061193429656,0.9780798834493968,0.9758247675049622,0.9892950395035515,0.9745323785128787,0.9850967367515728,0.9851027055115983,0.9430238091346854,0.9861138113082816,0.9453655407039963,0.8266043745324045,0.9295120855386789,0.9415837725242037,0.8430527984459927,0.9598672963613095,0.9605117216447739,0.9044503112827933,0.9707270096111233,0.8942081831450206,0.5546659005903365,0.7369489727917031,0.9018061010055602,0.8752689740128248,0.8933877986912937,0.9774570080745044,0.9775982904427968,0.7931917393364375,0.7670598522939076,0.8241460935138412,0.4921059580098796,0.8114321425462846,0.8281544856650906,0.8232814971371497,0.8175434822168879,0.8050046949147217,0.7584457129493118,0.7441264274699917,-0.3093772782030858,-0.4495903457631647,0.7615754502054758,0.8945876586781921,0.928146884645685,0.9421589461462536,0.9071471180108647,0.8381915069603517,0.9110542286119335,0.9223343324388876,0.9222011621688774,0.861541526053,-0.1097481385866635],[0.9999952370497258,1.0,0.9916753430968401,0.9998791128571862,0.9983557320683664,0.9895938716633236,0.9943728708281823,0.99251753077506,0.9890963729375671,0.9925188417341706,0.992553872445495,0.9935835485600077,0.992587408974491,0.9924916640075766,0.9925643747021282,0.9944501369981589,0.9964601089302111,0.995936964271956,0.9941317980446982,0.994138593455381,0.9925530395459318,0.9925945124467979,0.9934418231455312,0.9800674744838018,0.9899780011156917,0.9829853351518214,0.9900783135224935,0.9892260728814741,0.9823782915308572,0.9437571438441552,0.9894682513636944,0.9879861407200676,0.9842583297578283,0.9501682238557669,0.9952782632270272,0.9952476009622941,0.9954846054410693,0.9928500247459795,0.9951430688596297,0.9955054104046722,0.9966834690044762,0.9968760806449217,0.9954900176521208,0.9955000587202031,0.9924101645037845,0.9360692763478509,0.9176373832740123,0.9543182802699908,0.95336825672949,0.9344110605383076,0.9096506884072536,0.9424463400292489,0.9113014226661866,0.9375881469957765,0.9098092997716061,0.9641426789774871,0.9641370213398799,0.9774729802290425,0.9853012498424029,0.9861006803967044,0.9870993505528455,0.9810383424376521,0.9847712954226668,0.9820773309852245,0.9819801520623034,0.9474196452300772,0.968740539422221,0.9384213667277953,0.9381554279203123,0.8754738212793214,0.9846738764083588,0.985662697456084,0.9858086931562278,0.985495958771951,0.9620979234624226,0.8412205396005661,0.8155040092132915,0.8814566280635151,0.9273478459779743,0.8957868430049949,0.9119544930956239,0.9111443910301463,0.8160499642822215,-0.021717826203561708,0.9748325616992355,0.9767045028673312,0.9745557303007432,0.9864267099078877,0.9706286069072717,0.976792612314874,0.9762692656619053,0.9382070594227276,0.9778148574217773,0.9395457920295897,0.7770187673186966,0.9291698370718425,0.9304458638131105,0.6449799627160122,0.8777544997226704,0.8810644102221525,0.7816193470323305,0.9703738759267823,0.7571753836421269,-0.33816992800884543,0.29261662807320005,0.781620803536536,0.7347983089392692,0.7747075373162833,0.9718501700227908,0.9718672931645209,0.26036386730794336,0.4319904907604888,0.2680545438105893,0.23930643910859226,0.2606319677349012,0.2725996919363184,0.2696258161925181,0.18968131491889634,0.6028695933503458,0.33710536241416905,0.2872276518664708,-0.4381867303691594,-0.48916312379093785,0.7608756613869122,0.7822081515776462,0.8035298390914403,0.8698019580784077,0.8373339475171385,0.6528741979304178,0.8055953203457795,0.7994989718638057,0.7985955396608319,0.4839311088342963,0.2766636036206653],[0.9872592587217868,0.9916753430968401,1.0,0.9884203737879369,0.9936004633067598,0.9912534710513178,0.9891549598782069,0.9900137107659339,0.9916515404835023,0.9925752209143102,0.996479328670841,0.995742646046655,0.9898530129214308,0.9918450124464333,0.9900657339506744,0.9896264015785642,0.9908293135809733,0.9898304270714788,0.9886750611689797,0.9886429207196874,0.9914911812257823,0.9898878558774666,0.9955832334019801,0.9863834652385236,0.9915663787528708,0.9814393209140897,0.9922240561163166,0.9898882524535451,0.9876466904941845,0.963299976469154,0.9677898018928032,0.9723308620810219,0.9773679636763505,0.9597665619000616,0.9866007875969406,0.9897519152568206,0.988150998114512,0.9916198069482741,0.9947466804619429,0.9906244200055304,0.9848462977797665,0.9879317353845105,0.9870347734760961,0.9864210561592621,0.9931012422497291,0.9327172035396424,0.9455578806499974,0.96092996306523,0.9476471573747313,0.9032763422549488,0.9246344879043417,0.9130630901495363,0.9275951062870356,0.9393545118091583,0.9220482631182366,0.9514986621258809,0.9621305377987596,0.9693977184581538,0.9758824160782779,0.948787660134699,0.971865036088428,0.9706664651678258,0.976374147781964,0.970866768371422,0.9487278629031619,0.9316518710397079,0.9580275688669365,0.9488086289539639,0.9327262177964366,0.9045393008592199,0.9768685067340508,0.9580370213943865,0.9694706517876582,0.9502670907220734,0.8638455209516486,0.8823009467010521,0.8060172511373329,0.897043129589531,0.9150491859971046,0.9176740569484807,0.8858617069002133,0.8997114284247968,0.5040229388569366,-0.48823635554747497,0.968323017815991,0.9585130080912143,0.9578140645400566,0.9486322011372418,0.9630580964493916,0.9705304648406893,0.9702056753006204,0.9388086641950174,0.9667102467770429,0.9010307493293098,0.8133499057981893,0.9598209788725213,0.9600603381916993,0.8291426470118192,0.9484378318995379,0.9498434806119018,0.8776512304941108,0.9807884650205686,0.7744677968560811,0.45948448317069773,0.683893428945894,0.798558457998948,0.8037439527524454,0.7794053525328183,0.9823016513149783,0.982310671399178,0.7275457570016651,0.7203560203102839,0.7095594353046549,0.4471846004054481,0.7155867605159143,0.7172619185621122,0.7221210228464531,0.7183419161529369,0.7719198962287905,0.6984260405477002,0.6833229142436479,-0.3626490627069538,-0.5026681755814476,0.7370675363133042,0.8596414180668602,0.8747766344550474,0.8895476305187273,0.8813224736589064,0.7768507577139276,0.8593199851355939,0.8658015448328831,0.8717491436644624,0.7422865772129726,-0.034038476114084615],[0.9999400645805879,0.9998791128571862,0.9884203737879369,1.0,0.9994257479881916,0.9828823561886157,0.9980802648860259,0.9969180176011884,0.9738111727752274,0.9970813117917499,0.9955610223676886,0.9949579156310996,0.9969816732505165,0.9970860942134672,0.996957351430433,0.9980761600090079,0.9985071634235235,0.998550141626483,0.9973432816182839,0.9973505792083746,0.9972983856039696,0.9969622404339612,0.9900929036654126,0.9751039538986712,0.9923601686968223,0.9608138117807392,0.9916673196431816,0.9907125582476246,0.972599008160847,0.9562556375170057,0.9907134127753722,0.9927162256935913,0.992922606913535,0.9803360756533004,0.9978505353635241,0.9980182906238925,0.9978787814086344,0.9971325598804835,0.9961043262599953,0.9979641380519685,0.9985224160073655,0.9987188134092672,0.9978554665456331,0.9978617154745437,0.9800104226587606,0.933692124011068,0.9577774317586132,0.9542095204340075,0.9515035480769382,0.9295927045342526,0.9632312359755162,0.9519129334040964,0.9650840033283347,0.9697738711764798,0.9581113622082493,0.9831372849104622,0.9821451318251665,0.9908086381567611,0.9934373867522092,0.9876019686868265,0.983848860134341,0.9875644099575313,0.9874890937535754,0.9880397724835862,0.9879471601951013,0.9454357165922966,0.9777312790629504,0.9755724713706102,0.9754234242538282,0.9312700825381117,0.9839546401461823,0.9787306127355561,0.9862933843465143,0.9856885858294545,0.9306359951689768,0.9074677265177632,0.8795743265530033,0.9210668584348037,0.9344230274778138,0.9348509086459739,0.9330906136589614,0.9320354291541086,0.6848112630939388,-0.5078178685976726,0.9811254167042343,0.9770339996987454,0.9745938982595325,0.9881563667601868,0.9740165425194448,0.98451050171728,0.9845147626345636,0.9427447715743931,0.9850061227111631,0.9348480473302594,0.8294997323243838,0.9335458473781543,0.9448834057708573,0.8444001278556592,0.9609172780618351,0.961583360912934,0.9040554894154823,0.9717333662130715,0.8882804811638776,0.5511653410308501,0.7353377155151769,0.8964896591804913,0.8716184589681117,0.8878009289552263,0.9781493328174652,0.9782959593462756,0.7920921076281908,0.767229322680509,0.8163788318208263,0.4935045324279516,0.8055350511441309,0.8201208480483311,0.8151775298049321,0.8121680210930183,0.8069552578599973,0.7583649387168999,0.744107758680279,-0.30478213890667344,-0.4488703137566241,0.760446997379458,0.8930797235185891,0.9263560082195891,0.9404036140558045,0.9062085138660226,0.8356838179824368,0.909128516324833,0.920165946301736,0.9201807728843934,0.8549609360212627,-0.10300176380891099],[0.9992239325133682,0.9983557320683664,0.9936004633067598,0.9994257479881916,1.0,0.9848058699696084,0.9989912741850475,0.9986326702412319,0.9842704390644138,0.9986294455992022,0.998288968333753,0.9982028956170242,0.9986423743413532,0.9986559691109663,0.9986628544254895,0.9991167205853932,0.9989355767514946,0.9992603240492741,0.9988680843531126,0.9988676897457001,0.9986932688555837,0.9986452632166628,0.994964785476504,0.9815541113939225,0.9955696329455702,0.9752954189651332,0.9955840356577802,0.9931236338930296,0.9832004006491497,0.958504921558484,0.9888654624339102,0.9916470226994872,0.9907381861233086,0.9740276886672602,0.998833966926394,0.9989067578523358,0.9989506540585135,0.9987601438882453,0.9986738556111819,0.9989104196720691,0.9989658361535156,0.9991811953293035,0.9988709222799156,0.9988704117554558,0.9881235602217466,0.941431449798099,0.9572037703333212,0.958478427834688,0.949740183130115,0.9250519619420899,0.954596032730525,0.9507569427669366,0.9586798974486768,0.9650719134426884,0.9536754577133255,0.9822046358632711,0.9821327768015331,0.9913540833903678,0.993468502944718,0.9840355635947864,0.978015441130531,0.9817507678690464,0.9838929373653159,0.9822023618446546,0.9820856441138738,0.9419282298218952,0.970291144748964,0.9598711624797656,0.959703307009971,0.9048641793858194,0.9811714346097921,0.9775101980627048,0.9827367826525195,0.9820227406101507,0.9432480374861623,0.8910292418423731,0.8626706336589097,0.9081467567198772,0.9389701771736423,0.9272145278504804,0.9325871101614811,0.9317431871521353,0.8061881642545234,-0.48759751881258573,0.9753596749238612,0.9672515140558242,0.965904572738136,0.9847481674768821,0.964724819874418,0.9785516536584238,0.978297697217096,0.9346095205003141,0.9795447127120003,0.9358142295333413,0.820738040610422,0.94563463944302,0.9620078308390017,0.8166585902364764,0.9513811951899952,0.9525710490573377,0.9003050420458998,0.9760099309139196,0.8947483378034939,0.38771378529199674,0.6871371409555351,0.9006887562247771,0.8590538243639256,0.8972566469395564,0.9815335202436831,0.981643028042359,0.7631845578099615,0.7541900330581564,0.7669408989428347,0.474621690169064,0.7303648100077421,0.7707584771777353,0.7669091416878892,0.7333593365022546,0.7971124746707658,0.7470456344980818,0.7319285389584782,-0.49568611204493546,-0.5789125839562832,0.7540330561678559,0.890200146655529,0.9173101336276225,0.9400190318291867,0.9064591818211851,0.8238166397151818,0.9063384046725987,0.9126284798246878,0.9121770885683596,0.8016520904818524,0.10705233893987808],[0.9818984321208363,0.9895938716633236,0.9912534710513178,0.9828823561886157,0.9848058699696084,1.0,0.977774078617241,0.9794128085348456,0.9940880255306784,0.9789610976045877,0.9757422623394608,0.9752998146614243,0.9792046392413315,0.9798589818188705,0.9794845598530473,0.9792112817913234,0.983263307428452,0.9799273456758678,0.9796969528806303,0.9797223594765546,0.9783243177090538,0.979377956838001,0.9932127252289733,0.9939810539383855,0.9825474953768468,0.989051052504526,0.9831854285905197,0.9787157112007819,0.9889244948564503,0.9763749534076102,0.9532876043002356,0.9599718093973655,0.9713089992073157,0.9644935009720365,0.9774381571590861,0.9780196716163999,0.9788999963843684,0.9801735913988845,0.9763081317375104,0.978615363425177,0.9770046561751067,0.9789129916898929,0.9778027158580913,0.9778347394944069,0.9963362042375551,0.8996624127232757,0.9360639476095087,0.9452872910281049,0.953438000632703,0.9167129154403044,0.9167380179793877,0.9130869960236108,0.9199594352375972,0.9408413562992975,0.9187081305206081,0.9460655399131307,0.9532676769916867,0.9600401926032632,0.9630522661885629,0.97379890558978,0.9897937601039343,0.9777850123285267,0.9866666668932361,0.9773685982383795,0.9768800222249104,0.9790320435317666,0.9765246043252733,0.9609314851537963,0.9604407322954704,0.9538600672304927,0.9850388157634875,0.9784649707124401,0.9741793304861804,0.973194560436667,0.9721186114857778,0.9224263111742269,0.8851035996137758,0.9356674404335242,0.9334854673596381,0.9427936154767094,0.9244760029558057,0.9225599397290158,0.8018165297061532,-0.4359139814806958,0.9858335045814994,0.987941435961198,0.984819512845545,0.9745558862001852,0.9800959505130444,0.9842700806620331,0.9839062477297195,0.9733453484711128,0.9748295234189105,0.9731073180291677,0.8286124438813869,0.9087337279942211,0.9613544971764287,0.8594396585910987,0.9469530445883619,0.9477850477939753,0.8626157406704653,0.9572133876936543,0.8251446412411229,0.46210958856490203,0.6940202171145301,0.8355041512601762,0.8165683483119267,0.8257068648875435,0.9561604785036036,0.9562341604744975,0.7398042921412477,0.7389358206868955,0.7436809940600229,0.49489054691198786,0.7461779452371531,0.7485885601876472,0.7424963094506997,0.7423028449357431,0.7809108503458077,0.7106457759879945,0.6994727041532596,-0.3290676658423123,-0.45833099812345673,0.7694392832258481,0.8515031557393706,0.8580279573757782,0.8819372853979737,0.8591766569896412,0.7904691157502902,0.844959429481815,0.8512461170210215,0.8513331537065307,0.7986379978435753,-0.055438182069703884],[0.9978917033366859,0.9943728708281823,0.9891549598782069,0.9980802648860259,0.9989912741850475,0.977774078617241,1.0,0.9977790663420522,0.9562897111199256,0.9996598007598881,0.9996416882258213,0.999674506911699,0.9986060626016555,0.9995282417791901,0.9992874163401338,0.9998959995417589,0.9970034479237462,0.9999069540597094,0.9994628949643245,0.9994670410572727,0.9997494041784893,0.9994118018110119,0.9904857205761897,0.9739188286610876,0.986882921675848,0.9261170340240107,0.994025613586603,0.9933237169945693,0.9732277962003172,0.9508068334154641,0.991400236951158,0.992132574035379,0.9942740972546072,0.978257612601695,0.9991297968025414,0.999872605416099,0.9997520835543351,0.9995243497126713,0.9998082547773607,0.9998608370190412,0.9986988658769146,0.9997674802785586,0.9994676308447802,0.9991660368408194,0.978802545681427,0.9469336974268835,0.9591692890997824,0.9602910905104117,0.9484193065661615,0.9228797843454021,0.9604059699081753,0.9516118225627886,0.962815159189853,0.9675287360812008,0.9581063706406299,0.9830928527176122,0.9835046013051446,0.9927590906239868,0.9962991423761981,0.9569671497392636,0.9656738217092795,0.9744333534437688,0.9755936136600221,0.9758434247241364,0.9569193533733167,0.9043715692732318,0.9609814135730831,0.9633276299220354,0.9486985692950904,0.8877252705014808,0.9718352418272616,0.9501405599287792,0.9726548992998401,0.9572493686037816,0.8205047034441,0.8816441033035443,0.8177838627176856,0.8945336178383336,0.9112122038789063,0.9152709107605451,0.8971420497119653,0.9075831718792563,0.44697398128894555,-0.5448512905471358,0.9656489163750253,0.9530668216446131,0.9528969765219972,0.9581623365975278,0.9598123941806265,0.9715563204208679,0.9716536009528692,0.9215865165077801,0.9705887380777201,0.8674836238933235,0.8142813774866077,0.9461721501812599,0.9425651575897263,0.8304486080453617,0.9585121702318639,0.9593089906603839,0.9050295541031849,0.9756969341261853,0.8337187374397319,0.5511907134555816,0.7310005540702742,0.8588817257304987,0.8553063887685488,0.840328571438172,0.9821649043185565,0.9823232185813362,0.786295137338895,0.7524221795420589,0.7826483181881092,0.46809827505657603,0.786722393905564,0.797228051467149,0.7872989007512924,0.7970536072317057,0.795444788094571,0.75442462824791,0.7383181937261744,-0.3158977178928416,-0.46802630135292317,0.7629427957590457,0.8958024938309214,0.9212474910681716,0.9428638089708712,0.9138495263978296,0.8384295540562026,0.9113078690944896,0.926468216406253,0.9248573323650353,0.7861405714075639,-0.0777960969534559],[0.9965767144030647,0.99251753077506,0.9900137107659339,0.9969180176011884,0.9986326702412319,0.9794128085348456,0.9977790663420522,1.0,0.9665816077888589,0.999999845434881,0.9999994018605671,0.9998020722943005,0.9999971706526496,0.9999936539174914,0.9999984515130317,0.9994078105901733,0.9924511850125997,0.9995317265778011,0.9999178777382866,0.99991743674153,0.9999692623708469,0.999998870913161,0.9911358106874044,0.9758446690613981,0.9933602801178009,0.9398661669122862,0.9945274527205821,0.9919971391270316,0.9754831122952085,0.9508502932551525,0.9877956207513544,0.9937278332934856,0.9929905528861478,0.9757023422193448,0.9995041894138224,0.9996211720214804,0.9997130504249728,0.9997712760748239,0.9993813661680698,0.999570601270793,0.9984197966225647,0.9989941609582192,0.9995794666814485,0.9994569138711261,0.9806345857689409,0.9469008453254076,0.9570791281825904,0.9632318836649574,0.9482444125441246,0.9153219125698759,0.9586713132344536,0.9475647851119819,0.9607801507343425,0.9628121416949295,0.9528384276558464,0.9811827834682719,0.9809658668494249,0.9918496313564412,0.9965754406695552,0.9530064297610437,0.9631395540868424,0.9700082643557922,0.9736208985077694,0.971726361119422,0.9556854741635463,0.9004480203536815,0.9578226973170941,0.9585837267869082,0.9446408085792536,0.8806773760132359,0.9700607139652948,0.945464235509199,0.9685496634493449,0.9535557323697886,0.8117812976451028,0.8767003293576486,0.8145330416554535,0.8894100384542825,0.906116794681445,0.9124060864396466,0.893830004154499,0.9025135871048982,0.4333922290618997,-0.5472176739347919,0.9630165949484457,0.9493747379765071,0.9491667043373491,0.9566018269937511,0.9572524041617556,0.9690269079255258,0.9691146243017011,0.9195098986910627,0.9657852024086169,0.8608954101293654,0.8122238957640316,0.9564143863131321,0.9518473354381621,0.8285068946448763,0.9585519111298347,0.9594757565427354,0.9025967587022647,0.9790320083046782,0.8357937342103257,0.5368765790680607,0.722966077873353,0.8591855379887866,0.8520052568791981,0.84170810193482,0.9841933042854502,0.9843537343623395,0.7780861878477526,0.7459150930711149,0.783230558663955,0.4577642434846911,0.781667067176381,0.7924868332124402,0.7870545770807729,0.7914404905570576,0.7901823412841207,0.749140242064742,0.7325532569858593,-0.3302663942041056,-0.48123698617613747,0.7535199188666787,0.8891508437778625,0.9184966918341442,0.9357728606307214,0.9086735516741458,0.828799710309671,0.9051468439350889,0.9203211532553174,0.9189222194587036,0.7689262780510938,-0.061384070529037445],[0.9719424015539857,0.9890963729375671,0.9916515404835023,0.9738111727752274,0.9842704390644138,0.9940880255306784,0.9562897111199256,0.9665816077888589,1.0,0.9816579896704184,0.9865485882698426,0.9891223836579898,0.9701520984021581,0.9785683111419499,0.9750041369134115,0.9733215320117248,0.9508077662660187,0.9781490111735287,0.9756171121972613,0.9755905876661749,0.9801344058164819,0.974858779745333,0.9938817651545007,0.9941356686713819,0.9801828116740936,0.9902785378296707,0.9834721747521217,0.992559085447661,0.9917562420629049,0.9722741919048882,0.9249110684696918,0.946559262926915,0.9649592022764575,0.953998351569805,0.969405600206455,0.9780518437846806,0.9745635902708282,0.9768844523379762,0.9880563632688628,0.9793906258383062,0.966179664416034,0.9757626800580611,0.9703530236578637,0.9693762421837665,0.9991377384974844,0.9159876037321365,0.9313681418188305,0.9612132670909718,0.9524848202150477,0.9010621681979692,0.8886140925492959,0.8908635190655142,0.8928752338630358,0.9241424779921806,0.9021939745731853,0.9293729512057854,0.9473398914393313,0.9520830691558182,0.9581178816797569,0.9139450274919323,0.9739738024024086,0.9552152102536923,0.9719554183535957,0.9551374963628464,0.9147719477017637,0.9303630361751087,0.954497117576431,0.9316156193864596,0.8989273158281168,0.9014012202025102,0.9730636793403573,0.9309491461839685,0.9506466055154537,0.9158264845456076,0.8582352018378161,0.8825807073329924,0.7720228423028073,0.8982161020938083,0.9008480512133719,0.9137548878844294,0.8645910500068547,0.8826292259732419,0.4923844191860807,-0.4643920234681796,0.9659180988356368,0.9625720821212406,0.960275037109053,0.9116426690783268,0.9578512524648571,0.9640314135268948,0.9635046776983408,0.9468457768956701,0.9507163071894568,0.8976708874070043,0.8175222610200794,0.9465635295245846,0.9656658162541245,0.8382382031786372,0.9408084443171884,0.9421546332877917,0.8542196999122219,0.9673387572851878,0.7391429104495472,0.41932941319843103,0.6641422654027055,0.7733739748328158,0.7788129468545342,0.7515581425996286,0.9664643614571928,0.9664683900045319,0.7072851218207141,0.7091899388398996,0.6733397141753436,0.45390030902006046,0.6954983981496583,0.6929408671789425,0.6715375583213007,0.694419098012236,0.7628866208847107,0.6892288143748272,0.6755221970502571,-0.36683142172446676,-0.5026748611068886,0.7667083937505752,0.8426367736327874,0.826654855789408,0.8631877452168655,0.8592922856333887,0.7674034870479673,0.8151038278850735,0.8333810521758944,0.8269276503804541,0.7137718443739152,0.005386859677253659],[0.9966911596396119,0.9925188417341706,0.9925752209143102,0.9970813117917499,0.9986294455992022,0.9789610976045877,0.9996598007598881,0.999999845434881,0.9816579896704184,1.0,0.9999992072342856,0.9998062653068557,0.9999986005228123,0.9999927020399184,0.9999980136640128,0.9997224370976326,0.9980648456146282,0.9995323369222897,0.9998979374927338,0.999897861655866,0.9999803261439555,0.9999994055106204,0.9936343012761212,0.977776207077077,0.9964734117086598,0.9706161876703464,0.9965120251544334,0.9920157973406539,0.9798513735478127,0.9524507242531323,0.989846679394204,0.9937771851586437,0.9908939328778787,0.972891666029001,0.9995542718346779,0.999617041806511,0.9996333341556609,0.9998541427790352,0.9993913719001433,0.9995775585541982,0.9986697069950764,0.9990391481932227,0.9995658337348808,0.999561718768553,0.9851816836723465,0.9467899267760544,0.9571039675523808,0.9630944337641711,0.94808189842681,0.9154078596158721,0.9527294278863031,0.9452209343908695,0.9562696565717618,0.9613731990393324,0.9514379855950581,0.9810899235799488,0.9809973701268889,0.9925000396803045,0.9964193800924975,0.9750759808286811,0.9630429846739296,0.9726498846485506,0.9735691137056514,0.9732675158600954,0.9731077524976246,0.929806774807522,0.9577596077963926,0.951082081282103,0.9508305772742018,0.8939690153669577,0.9699780217636872,0.9684430554141084,0.9739252780791476,0.9730658507294955,0.929992085717999,0.876704431115634,0.8430079419156762,0.8892933877307176,0.9231834690587173,0.9132876950990125,0.9178424181819547,0.9171795550231314,0.7649340769408931,-0.5389273203522451,0.9629841799935048,0.9493432514396069,0.9491488815576611,0.9759740030593594,0.952883826449586,0.9687830379860602,0.9685171732817734,0.920285030736699,0.9699684173730642,0.921740897914878,0.812218460543358,0.956215257637823,0.9623009942659604,0.8157523963804252,0.9534343433010618,0.954491029115879,0.9026703919719332,0.978365191588121,0.9028612324360173,0.43173975587572955,0.703405005778913,0.9087081648949207,0.8669185672322477,0.905150130581453,0.9841715282702307,0.9843450460094981,0.7781568276493752,0.7457400831905847,0.7813281737557046,0.45785824376516776,0.7454999324195704,0.7855286827287414,0.7812946691297175,0.7507080491046999,0.7899711252183306,0.7491192445253804,0.7325046594172833,-0.5387893080551642,-0.6221094032212339,0.7527360914654163,0.8891618357342618,0.9206971837168163,0.9419673268352191,0.9087177337580677,0.8263072078754937,0.9067177105973366,0.9154302493558371,0.9149484077159173,0.8129284768046579,0.16468979710337187],[0.9949413400389349,0.992553872445495,0.996479328670841,0.9955610223676886,0.998288968333753,0.9757422623394608,0.9996416882258213,0.9999994018605671,0.9865485882698426,0.9999992072342856,1.0,0.9998047959487574,0.9999966262330396,0.9999953832210181,0.9999985307976953,0.9997099584079151,0.9978734918376715,0.9993280276751634,0.9998164131745463,0.9998164622541053,0.9999985564155235,0.9999985538599873,0.9932997570235315,0.9750919481664533,0.9957539117116309,0.9785245635013076,0.9962345149514493,0.9920289007384706,0.9822200331461549,0.9472221798582581,0.9897541158337174,0.9936714363026494,0.9859081869017406,0.9526992899907477,0.999389545164337,0.99943851445819,0.9993908978859455,0.9999105752318304,0.9993781153073956,0.9993998207373506,0.998248968768078,0.9987272303145612,0.9993724500541303,0.9993705484314104,0.9878865400981593,0.9465626651473522,0.9306836135834444,0.9630680394969218,0.9480359499153979,0.9151977381415849,0.9294460634964545,0.9217445337742188,0.933174945853551,0.9406759795985501,0.9281670533959189,0.9755151286608646,0.9754963475100856,0.9916911981739549,0.9951129063468905,0.968407961655017,0.9631832324496211,0.9612552924763708,0.9659367008166633,0.962249746478902,0.9620269763052929,0.9102925840582926,0.9485482407600891,0.9171191155498536,0.9166378089608184,0.8360915315002118,0.9686489369038255,0.9731987224888796,0.9702174677860768,0.9691877375929638,0.9259649168268163,0.8270953038543388,0.7980448972632355,0.8613514375990055,0.9087519783685906,0.8833174518670738,0.8959777224063661,0.894914811720993,0.7733392355997086,-0.3049756406270494,0.9525359011046192,0.949508563102752,0.9492788236114535,0.9693316611249567,0.9411071827194665,0.9547101702720666,0.9541428129189135,0.8990593509519675,0.9568533804379648,0.9022437012338319,0.8123742910287113,0.9564660799163573,0.966857621077346,0.7313812735034608,0.920563390644099,0.9228210418577485,0.8636856884766686,0.9860447440719549,0.8520251845638112,0.08290497396412397,0.5652262231369394,0.86357825332167,0.8346364751547398,0.8590059534688765,0.9867941288337517,0.9867947576851673,0.564365455606123,0.6701383625434107,0.5714292288818188,0.4578154965522407,0.542341238106623,0.5802617404364251,0.5718165873602298,0.5115763892428421,0.780628919060371,0.6331564795083616,0.5964473481591807,-0.4975470075304774,-0.5579645439842783,0.752309800631496,0.8717341976894437,0.883233078737929,0.9191253109447897,0.9031997917199602,0.721120484651623,0.8685489782332435,0.8781981208660937,0.8776136629597229,0.6480051636108546,0.1235874087292471],[0.9941708280223676,0.9935835485600077,0.995742646046655,0.9949579156310996,0.9982028956170242,0.9752998146614243,0.999674506911699,0.9998020722943005,0.9891223836579898,0.9998062653068557,0.9998047959487574,1.0,0.9998178462645747,0.9998047626857777,0.9998101150566864,0.9996976465091454,0.9984616596718702,0.9994961377760556,0.9999750386566681,0.999974852836816,0.9998097527590225,0.9998139439024925,0.993099326793012,0.9732625662548952,0.9946272540753899,0.9787856312384462,0.9952491456356091,0.9938107995819154,0.9784538807761122,0.9317322125632947,0.99263663139737,0.9949929520825531,0.9826323988978494,0.9386254008794773,0.9995203720727502,0.9995585817819219,0.9995226074848522,0.9996603813175773,0.9996760790325222,0.9995353850524311,0.9981680867426075,0.998755524831263,0.9995057556972844,0.9995030135667085,0.9893415235735088,0.9429143433691025,0.9213860531716733,0.9603171762057069,0.9462019907299387,0.9149312178350898,0.9027232515386626,0.9335673709257707,0.9055430459287748,0.9235250249084479,0.9014418952688062,0.9659165364208125,0.9659070582458453,0.9844423138186578,0.9950288066318541,0.9678367531696874,0.9676685616151314,0.9572808081902475,0.9644564359327915,0.9591839047655409,0.9590069634733356,0.9124268563943547,0.940694047751291,0.9023621903147674,0.9020198142452626,0.8260031753308735,0.9684825801350953,0.9701597023467805,0.9701465050404233,0.969519414101245,0.9339331453518552,0.7933124605321202,0.7641726407344783,0.8373432050380607,0.89318969023017,0.8581028707172654,0.8763688314440685,0.8757063761710646,0.7649618467653952,-0.14503169145054928,0.9477060393213519,0.9509999240194634,0.9473455827206481,0.9683804284118185,0.9417791910181598,0.9504933740863163,0.9497482661698604,0.8998381658373978,0.9521827882572557,0.9019150241245505,0.7764462072040929,0.9544812901904666,0.9497525491967465,0.6343994217286412,0.8778078857277822,0.8814989539218514,0.7767067766192628,0.9810322725858954,0.7544980801682826,-0.27910025025390683,0.3233066226930556,0.7766178100144556,0.735010592157003,0.7705740542423736,0.9821065984491728,0.9821811292676567,0.2872770083326399,0.4451040405381101,0.29340884775809817,0.2651783628699966,0.28510884528011154,0.2991049471658186,0.2966901463756983,0.2138285184109934,0.6149449479036633,0.3541737681047626,0.3028763891410009,-0.5035505416666467,-0.5534148591614303,0.751820511738712,0.7849545657511194,0.8062615228375042,0.8711700596268173,0.8448379326304681,0.6404857357024734,0.8020166214896014,0.8022027750650572,0.8013277528047502,0.48540383729260267,0.30718597701148875],[0.9966558338464238,0.992587408974491,0.9898530129214308,0.9969816732505165,0.9986423743413532,0.9792046392413315,0.9986060626016555,0.9999971706526496,0.9701520984021581,0.9999986005228123,0.9999966262330396,0.9998178462645747,1.0,0.9999920419694176,0.9999977209364272,0.9994487536078503,0.9939629592992318,0.9995663676978279,0.999927215616169,0.9999269608100495,0.9999757817060108,0.9999990418066179,0.9910050072035469,0.9756300969120986,0.9940037144945872,0.9446943730647616,0.9944716452086236,0.9920885963549997,0.9752626772787113,0.9507448978571829,0.9887112963593685,0.9938220074345347,0.9930721556771017,0.9758163076863557,0.9995463701138297,0.9996577013393351,0.9997410847673367,0.999768621349423,0.9994287317101056,0.9996075406380294,0.9984999757791942,0.9990529665469373,0.9996207677768277,0.9994992944845885,0.9803729081776913,0.947105376037084,0.9572073549064202,0.9631521878523517,0.9482637100495909,0.9157790488453917,0.9590197310844182,0.9479303341825783,0.961128990296442,0.963099711139803,0.9532011629252277,0.9814305266377634,0.9811395402411242,0.9919760389838517,0.996667994229589,0.9532216950666447,0.963111382120576,0.9701253612565309,0.9736273925729587,0.9718432189859212,0.9558495464764922,0.9002981089194679,0.9578988025961747,0.9587920213523979,0.9449187073197258,0.8806767593444662,0.9700346860661777,0.9455608147661707,0.9686600714511798,0.9537572813828098,0.8116186115808943,0.8768318594102222,0.8148841571151793,0.8895367217357077,0.9062565649134513,0.9124649691599112,0.894083891855584,0.9027509557636185,0.43339162941566883,-0.5474013987127933,0.9630391778131222,0.9494080595528247,0.949199964607954,0.9567786003320937,0.9572633219612304,0.9690705304832341,0.9691603841876442,0.9193889869060299,0.9659208864917908,0.8607789496309791,0.812246711314298,0.9559483582832896,0.9513733661308033,0.8284726128100806,0.9585442683760697,0.9594611662193043,0.9029370641095886,0.978908102298249,0.836310302167849,0.5380095386395509,0.7235918308695818,0.859681943742265,0.8525393115501032,0.8422130701652614,0.9841441456602131,0.9843046778822527,0.7786824871365864,0.7463778017833438,0.7838646816515211,0.4583020126031583,0.7823272201134446,0.7931883194922333,0.7877057105762979,0.7921525145771812,0.7904984692970648,0.7495902006480853,0.7330144413205322,-0.32939594708857556,-0.48047868843804975,0.7538188400476381,0.889649262862229,0.9189946457172987,0.9363003981522202,0.9091411071204638,0.8293341346685859,0.9057317076783141,0.9209176894806466,0.9195126855778601,0.7695901137961279,-0.062428573451181774],[0.9966768509973185,0.9924916640075766,0.9918450124464333,0.9970860942134672,0.9986559691109663,0.9798589818188705,0.9995282417791901,0.9999936539174914,0.9785683111419499,0.9999927020399184,0.9999953832210181,0.9998047626857777,0.9999920419694176,1.0,0.9999956878058125,0.9996216424873793,0.9980470229179434,0.9995280451564346,0.9999139115605415,0.999912931928003,0.9999593774670124,0.9999924510941524,0.9928611691726112,0.9761919716634584,0.9961774443238592,0.965085117849904,0.99593926384673,0.9920329894797087,0.9760297893280658,0.9514844790211768,0.9891901651798726,0.99392111384757,0.9923744897107946,0.9753216452618771,0.9995340192231127,0.999612807691925,0.9996674994697684,0.999900976041014,0.9993963645901203,0.9995599947042952,0.9984004889100508,0.9989809933328603,0.9995591775111657,0.9995529625089471,0.9830631471814142,0.9465797782695189,0.9568606063870679,0.962826831764248,0.9477645097444983,0.9148601320157785,0.9551317426862089,0.9421979968009602,0.9574844238352918,0.9624089303277216,0.9523558497027346,0.9802987330764302,0.9807806750157624,0.9913537902831896,0.9966590316951314,0.9759971245931756,0.9626557304615021,0.9745015415243286,0.9735070228481868,0.9754286164954525,0.9752663460634542,0.9385170569714321,0.9573954128699835,0.9573018343481049,0.9570544260325535,0.9109685213299159,0.9698811721903282,0.9709728518328355,0.9756460795517785,0.9747279699768451,0.9369525160607931,0.876281662876735,0.8473621016641109,0.8889320681191091,0.9152834602674859,0.9119324094017313,0.9125218157107917,0.911574206651392,0.7429181842923281,-0.5496208060765745,0.9629716773180209,0.9490536969650704,0.9487714941473684,0.9769225244247182,0.95734524432057,0.9690071724798259,0.9691045807708774,0.9196714416669021,0.9708709497813389,0.9296715506973011,0.8113911667849261,0.9558768577332819,0.9555085628660195,0.8272045482131826,0.958306549097545,0.9591799574143843,0.9024666771439815,0.9791651284594585,0.8872720612386558,0.5378227038742593,0.7222341191244959,0.8952916016856532,0.8665771142036057,0.8866160998411199,0.9843587394253369,0.9845314348432852,0.7771436287267328,0.7447604434024923,0.8062388055406996,0.4566901328719958,0.7904670705407711,0.8104507770432176,0.8049753366258974,0.7936781299888087,0.789580371133704,0.7477275902493482,0.731097028423282,-0.4169765556232412,-0.5388648503917272,0.7502297779509649,0.8888940983566583,0.9159465253803425,0.9321545684780604,0.9088451069857858,0.8274196984339018,0.8957482060095096,0.9096506173784704,0.9092666763247655,0.8441897360154021,-0.02989550006094299],[0.9966163713469051,0.9925643747021282,0.9900657339506744,0.996957351430433,0.9986628544254895,0.9794845598530473,0.9992874163401338,0.9999984515130317,0.9750041369134115,0.9999980136640128,0.9999985307976953,0.9998101150566864,0.9999977209364272,0.9999956878058125,1.0,0.9995298782803499,0.9974134226197707,0.9995452515844278,0.9999201411840012,0.9999194269601629,0.9999699103597359,0.9999978218460636,0.9911808738914308,0.9759116292040769,0.9955677516511853,0.9569167944780111,0.9953294075271778,0.9920548457051479,0.9755427808304558,0.9510141036440989,0.9911745127196446,0.9940631960972404,0.992945176854204,0.9756282259763469,0.9995137324961458,0.9996213706186443,0.9997189892773531,0.9997847956572239,0.9994030200182117,0.9995676787529236,0.9984413944572282,0.9990078884864217,0.9995876762153508,0.9994674193631314,0.9806418818885844,0.9469542279837176,0.957100455434116,0.9632096945078567,0.948280659188036,0.9155265627843702,0.9587379120097571,0.9476778193377815,0.9608749299670142,0.9627727084408025,0.9527622358529381,0.9812001813872119,0.9809141736853388,0.9918221916454678,0.9965393162908792,0.953259347401038,0.9631784382340104,0.9701554449750706,0.9737042695515805,0.9718614704013575,0.9555268061965275,0.9006393086774519,0.957771710779132,0.9586505650567356,0.9448237672554869,0.8808123081764496,0.9701876048998238,0.9457587409726137,0.9687250476896461,0.9538211808958773,0.8120814955472381,0.8767430573536085,0.8147654952772345,0.8894885813375807,0.9062693326261454,0.9124303162171343,0.8939660755916382,0.9026640488772061,0.4337252594206602,-0.5469083462981108,0.963113509955906,0.9494409344023971,0.9492331945194997,0.9556631478174129,0.9574142459841862,0.9691140675236699,0.9691986123527802,0.9197007629497107,0.9659333945547127,0.861129228290373,0.8122326594471935,0.9561896553087988,0.9517720541079275,0.828532952527394,0.9584932682840962,0.959420673458125,0.9024203492843654,0.9790441870619968,0.835808732443572,0.536684205039311,0.7228535450318799,0.8591805163505575,0.8521050685126389,0.8417200482173942,0.9842204970458731,0.9843783849355525,0.7777248911215072,0.7456171050756394,0.7831988701021719,0.4579733499717719,0.7816364141888282,0.7924005412856127,0.7871877730641362,0.7913374876110417,0.7901118222806623,0.7484639863843933,0.7319095274914114,-0.33009642778349524,-0.4810622450783197,0.7536845827706152,0.889062669426496,0.9185996235035532,0.9357997272201531,0.9087095802713576,0.8286104850980822,0.9053220806131244,0.9203396050075959,0.9190518621728676,0.7690034756363705,-0.06162088007153405],[0.9978599744931193,0.9944501369981589,0.9896264015785642,0.9980761600090079,0.9991167205853932,0.9792112817913234,0.9998959995417589,0.9994078105901733,0.9733215320117248,0.9997224370976326,0.9997099584079151,0.9996976465091454,0.9994487536078503,0.9996216424873793,0.9995298782803499,1.0,0.99859034703662,0.99986938489996,0.9996036326478678,0.9996075996791053,0.9997963010967081,0.9995944337557858,0.9909311981677225,0.975102314231713,0.9944172434518921,0.950786736729865,0.994063345095772,0.993498472062911,0.9741981128426094,0.9518967453270956,0.9914749017439578,0.9925782416516371,0.993703533202657,0.9774601963273567,0.9993255296244677,0.9997489067378514,0.9997480338888809,0.9996229493950933,0.9996691573945277,0.9997143589461954,0.9989516630271943,0.9996380672765068,0.9995482622126797,0.9993309365078227,0.9795390673295458,0.9458131555806043,0.9589762879982605,0.9614677280544365,0.9494667352838833,0.921176954835081,0.9605324357229021,0.9516626651560774,0.9629293866472044,0.9663490330688224,0.9563880097722672,0.9829275273339534,0.9826303282110944,0.9926404867071759,0.996084945093113,0.9572842547443269,0.9665495810902047,0.9744331200226888,0.9760848538466532,0.9759064403062501,0.9580763123926419,0.9052793047874239,0.9609813481597562,0.9632912839779898,0.9491775672283527,0.8879323912211489,0.9725217034747425,0.9501212598549498,0.9725619306223168,0.9577106461684017,0.819392486666444,0.8817593919689306,0.8186733416426597,0.8946297778966369,0.9106730510058971,0.9149205218959002,0.8973075035961953,0.9073242998908229,0.4439046370415948,-0.5444119085090985,0.9662472677754048,0.9539289849311937,0.9536298127570974,0.9592219551514674,0.9607895567429028,0.9719874443113514,0.972062568161219,0.9234933561370582,0.9704494773282605,0.8675241503087389,0.813913281544785,0.9486466146998093,0.9449362121570027,0.8307723679370423,0.9585381606138917,0.9593042688031905,0.9023389507076526,0.9760091087031233,0.8350833284929686,0.5458002012021341,0.727464531225007,0.8591405328252081,