var element=document.getElementById("correlationAdjClose");if(element.style.display!='none'){var correlationAdjClose={"data":[{"type":"heatmap","z":[[1.0,0.9999948672057777,0.986905167680922,0.999937338386813,0.999204533458008,0.9829707808577708,0.997858807443163,0.9964457371886164,0.9718167839147928,0.9965919244344809,0.9947609302380297,0.9939580142092538,0.9965321661272488,0.9965609115466652,0.9964863476383766,0.9977847922069554,0.9981395832147348,0.9983175462184896,0.996948683167685,0.9969585349156621,0.996893016706505,0.9965049081056546,0.9888799135629531,0.9742598794495019,0.9911792114784864,0.9607607712694244,0.9903751635899651,0.9879178727861594,0.9719086510549036,0.9582711067254436,0.9918590610106579,0.9935482241895733,0.9928581039420522,0.9797553030628676,0.9977810679982864,0.9978596886059534,0.9976481059827523,0.9966287662802807,0.9955282940158022,0.9977543137192721,0.9986212686815374,0.9986517745076665,0.9977741250240489,0.9977837161506047,0.9785149839586578,0.931388864191406,0.9572541471170404,0.948517999354008,0.9473110006746532,0.9275216964783413,0.9651819014969466,0.9534613708226574,0.9670680327101446,0.9703744599477728,0.9592484844129615,0.9850473744303421,0.9831878365431124,0.9914298919066756,0.9940134939703107,0.9881609729151752,0.9835545768235826,0.9883295291322783,0.987273242952898,0.9888638686014262,0.9887609902814165,0.9542512447010345,0.9774146879941732,0.9770426860353997,0.9768617109380385,0.941431067681531,0.9832567816718641,0.9800022889377782,0.986787616631949,0.9861790513152998,0.943704045344637,0.9051833435048944,0.8769755299390478,0.9191705909142245,0.9332369974082335,0.9314829608511941,0.931526949274517,0.9303770223784216,0.7445625234201639,-0.5271620687717654,0.9813006796336402,0.9768657304796639,0.9746553571439752,0.9887412283746866,0.9743549869045421,0.9847626847553553,0.9847657487473116,0.9435370178029835,0.9857113638651673,0.9464014931760083,0.8170711386401002,0.9261255095802868,0.9384578205114936,0.8338643640771248,0.9581601725395241,0.9588592102505968,0.9043768104726447,0.9697938654106241,0.8953598660710304,0.5669154374366179,0.7340519821861582,0.9027938158541735,0.8749554112477081,0.8942919493080581,0.9771265075420547,0.9772759405299725,0.7924541874575398,0.7622353032859334,0.8255969000549079,0.479178174818546,0.8108014450632514,0.829652588560813,0.824751502538731,0.8184978396183398,0.800774398860268,0.7581942401755807,0.743277071123611,-0.29957160769013846,-0.4402491640315227,0.7322460737120791,0.893080839657075,0.9297143706462555,0.9417741571166665,0.9064801656591424,0.8337703578145469,0.9102432081609609,0.9235870686921502,0.9234347307865098,0.8607384879540291,-0.12303174493654016],[0.9999948672057777,1.0,0.9908663646672535,0.9998672039414374,0.9983350330565782,0.9899554444214917,0.9941461074694377,0.9921154978112292,0.9883667219567848,0.9921191578618572,0.9921517357891774,0.9933183506345351,0.9921952512595179,0.9921126507040445,0.992166265266026,0.9941166071265116,0.9962652422230218,0.9957859520106457,0.9938961448391342,0.9939041159801486,0.9921556719695407,0.9922005964093205,0.9928490629755411,0.9789403420156632,0.9889863195362156,0.9851839645503054,0.9891009573977328,0.9878358830433764,0.9831768269741847,0.9438259339745296,0.9895963585800326,0.9879658668809906,0.9832202816852428,0.9455342879732459,0.9951602970787919,0.9951179775160354,0.9953276651223383,0.9925056521101362,0.9949637644488507,0.9953491180128682,0.9965326595624642,0.996738689534606,0.9953417820582692,0.9953532071446446,0.9920570595878784,0.9310068475134154,0.9108916931386632,0.9482197740142746,0.9471413630302769,0.927504510599588,0.9021826404509861,0.9385204648707618,0.9040653044713397,0.9312913068668492,0.9022164790242219,0.9624414676122195,0.9624316269096601,0.9756362823535996,0.9854835352850959,0.984707899997626,0.985802875559368,0.979882557583107,0.9832339754581645,0.9810229898339319,0.9809299577345141,0.9453771842378647,0.9658430254087033,0.9383435278832061,0.9380732572105527,0.874307908395454,0.9833744674777083,0.984458501558828,0.9846173056433244,0.9842294684794609,0.9582744567040269,0.8254284365871731,0.7955281924406259,0.8706854160450904,0.9197342485663292,0.8847813879553618,0.9026696815354288,0.9017577999027366,0.7955362675850438,-0.08980417832386936,0.9729017211229641,0.9751732275722473,0.9726191023676389,0.9850615776692453,0.9688351777512845,0.9750636226109928,0.9744918738087166,0.9344224589930809,0.9762678315225001,0.9361532950727556,0.760833050235808,0.9257773523116387,0.9255591693454137,0.614750526040149,0.8677677215480455,0.8714986048426699,0.7736701135594216,0.9703912881566941,0.7484766370124443,-0.32741681423102614,0.27417090340473943,0.7736441167080546,0.7257425500555835,0.7666947927503883,0.971856627359434,0.971877761648228,0.2354275926431736,0.4072454586882298,0.24286766439528987,0.2143479762341577,0.2357018182491515,0.2481357282815827,0.2446224858174849,0.1652892690854354,0.581960232805321,0.31506048244844825,0.2649345382255337,-0.4368080174719366,-0.4870323821055949,0.7312417060348851,0.7714938467489463,0.7942832464296938,0.8592817229343687,0.8301595864965933,0.6267071066109943,0.7901487962344186,0.7893599667227781,0.7883841191707116,0.46033647901040226,0.2635910709803217],[0.986905167680922,0.9908663646672535,1.0,0.9881125450842351,0.9935750871086022,0.9914226495541446,0.9893374039828017,0.9901713261545002,0.9916212658817588,0.9927528900265613,0.9966589262631901,0.9958464232639309,0.9900148754825385,0.9920558858489501,0.9902232297729759,0.9897276967076575,0.9908117342898217,0.9898975588609343,0.988827707072706,0.988808237680978,0.9916474545602199,0.9900566655800902,0.9953004647501779,0.9861017632123206,0.9911995334812644,0.9828868607001352,0.9918629519789719,0.9887566969614213,0.9879139066890521,0.9642851078299751,0.9686277380398421,0.9730814206952845,0.9772675320009675,0.9580454940642879,0.9867836490681429,0.9898939876132415,0.9882847605593409,0.9917997363896012,0.9947016502115316,0.9907303278011411,0.9848917691431025,0.987884669699347,0.9871811069337152,0.9865765982510613,0.993011775996142,0.9275108528024967,0.9426020059994428,0.9559851705099077,0.9406964266214046,0.8930141030225127,0.9238746862328511,0.9111180636854099,0.9267520041671277,0.9362885174819418,0.919610709779117,0.9514552598774082,0.9616146037851862,0.9690977080027628,0.9767720795325042,0.9469182917371995,0.9693281364154887,0.9687371078255406,0.974671986999348,0.9689557384715648,0.9461226552454584,0.9286124209841013,0.9547021991239948,0.9455463393947647,0.9285430402090716,0.9032508220740991,0.9752237002485394,0.9560667093679457,0.9681422425166928,0.9486655174537392,0.8545843398923091,0.8739827941973012,0.7945700789225482,0.8895986790349072,0.9096895917674037,0.9120668223226094,0.8799795964753397,0.8939188562266401,0.4774510453727999,-0.5102992800369058,0.9660610925711473,0.9547770390042779,0.954458347917201,0.9468264366117799,0.9607443951054985,0.968466494528018,0.9681052681155036,0.9364544741300141,0.9645314641260792,0.8949738342689834,0.8029922670119354,0.9593608460245333,0.9579906560138925,0.8182721550952969,0.9467651870624411,0.9482790362823853,0.8777793611786899,0.9812626350525382,0.7758861393114734,0.4717106230786189,0.6801820543243455,0.7993166123773244,0.8032796348999712,0.7802366112396538,0.9830768160924891,0.983112689692971,0.7257255492648763,0.7139310589402138,0.7112407743473781,0.43200403117524966,0.7141840201908433,0.7179673555781622,0.724483651154414,0.7185433343505225,0.7665647081284555,0.6968496624756219,0.6810506366644581,-0.3551624340527135,-0.49569874578107365,0.7044751574772277,0.8570451744479057,0.8767118459575788,0.8885074001946903,0.8800316882318134,0.7703675761308391,0.8589457618247117,0.8670309786017947,0.8734190302736075,0.7389027258091608,-0.04655282511619419],[0.999937338386813,0.9998672039414374,0.9881125450842351,1.0,0.999420892148043,0.98396356536235,0.9980673060310697,0.9968129010401175,0.9737552182716204,0.9970091742536453,0.9954198702459681,0.9948123890736664,0.9968833710273087,0.9969954596930825,0.9968530638085036,0.9980193024183717,0.9984323589765145,0.9985474588079755,0.9972685132081996,0.997276309028099,0.997247132255115,0.9968603400015905,0.9899322144412407,0.9754954990536769,0.9920212614466573,0.963018255959053,0.9913113253196203,0.9895913486203236,0.973658940769905,0.9593203281622982,0.9912367950342327,0.9930898000243135,0.9927878875595979,0.9793815179094189,0.9978440404632029,0.9980409540130011,0.9978397101327404,0.9970288781731161,0.996012223937385,0.997968913533023,0.9985204733882388,0.9987236221701937,0.9978333265932374,0.9978402128022154,0.980112800109144,0.9283869891284502,0.9553883659088234,0.9481717315748373,0.9451730486344188,0.9221894665531734,0.9624767698476135,0.9504336112087799,0.9642801107804391,0.9681886921629906,0.956767325555916,0.9831231313363048,0.9818668790541747,0.9906416408994196,0.993812608645619,0.9869547355292084,0.9825213489544391,0.9872914964438309,0.9867361151105817,0.9877582314876338,0.9876483644379264,0.9466199633859682,0.9763143164045375,0.9758237196471792,0.9756376491166497,0.9374508131816306,0.9828303492577771,0.9776257293066407,0.9855818475215239,0.984942380314862,0.9275230370957489,0.9039018940453385,0.8737948825009406,0.9176838599553293,0.9308728584027318,0.931078563687697,0.9294753298416119,0.9283593163579633,0.6658196834306388,-0.5266762533550648,0.9805598238405729,0.9757105461557198,0.9733287385446514,0.987537339116592,0.9737614135994177,0.9841171060595892,0.9841184366976095,0.9431746375567424,0.984520057373758,0.9348557369084771,0.8201653847019498,0.9304644014559255,0.9419251014924298,0.8352679009918118,0.9592735577750336,0.9599952580274789,0.9039830095284198,0.9708644949548326,0.8893952657371238,0.5633994766554147,0.7324106241315265,0.8974460301414774,0.8713113135262791,0.8886725587349382,0.9778634009358014,0.9780178252700616,0.7913437365526417,0.7624130825629741,0.817788986727104,0.48064563675055044,0.8049245250807192,0.8215760485927144,0.8166025244898303,0.8131143842209033,0.8028158440824089,0.7581171728451241,0.7432644307489615,-0.2949613873077651,-0.4395242954548672,0.7311907573835855,0.8914895134847234,0.9279037087567066,0.9399956289810766,0.9054820837314439,0.8311712897850578,0.9082902152800116,0.9213945332362353,0.9213891012617882,0.8539628336460486,-0.11619018484404134],[0.999204533458008,0.9983350330565782,0.9935750871086022,0.999420892148043,1.0,0.9862124214919163,0.9989682333754172,0.99857931656378,0.9847725186863605,0.9985758752930314,0.9981992044907569,0.9980941274429336,0.9985915146984743,0.9986064709968016,0.9986099611295314,0.9990736484610173,0.9988822549240954,0.999235191614893,0.9988341025645069,0.9988337606581921,0.9986452526710793,0.998592906706434,0.9951042874060547,0.9823655748244028,0.995406818093116,0.9784771157474129,0.9954418413564937,0.9929536430470862,0.9849505599117181,0.9621895762580249,0.9890544525605137,0.9918231525624289,0.9904209040317431,0.9726335392985466,0.9988203569183408,0.9988903791273444,0.998923638044323,0.9987076818728522,0.99858918868731,0.9988853497716925,0.9989218032662622,0.9991467465870092,0.9988473990358593,0.9988469555153298,0.9886998418611009,0.9366119274620694,0.9547548726508681,0.9534979056861835,0.9441604368657478,0.9177353763150949,0.9526107875023123,0.948108171614871,0.9567645956397172,0.9630615110439336,0.9516299293133538,0.9816823092954255,0.9816142472087025,0.9909681488504185,0.9937598195139744,0.9832365991957392,0.9765870277393276,0.9816844939394771,0.9830763923033534,0.9820982741024139,0.9819690789930547,0.9436250536616844,0.9686551236852187,0.9607845405068687,0.9605917192872104,0.91122336585513,0.9799763472531271,0.9762856935122322,0.9817706077137229,0.981017384734385,0.9409450051617232,0.8868432297044163,0.8562362518187466,0.9045386043245048,0.9354724840802084,0.922861543890603,0.9286225856767902,0.9277279085817908,0.7937667784304101,-0.5182741914335799,0.9747847168324609,0.9658723193015643,0.9646017978607602,0.9839894606190741,0.9644361307595846,0.9780907853201547,0.9778151608955811,0.9350548937671488,0.9792213174779799,0.9366366150779247,0.810605258354341,0.9427032020422473,0.9598070645548161,0.8056343512948045,0.9489864481626763,0.9502669380372427,0.8995851497075662,0.9752591364648653,0.8939135074754045,0.4007364217270082,0.6816346744264614,0.8997936914392992,0.8559578384252567,0.8961092191307585,0.9811547461457745,0.9812700482325254,0.7608102395137757,0.748381309414518,0.7645764896747744,0.4607755959559893,0.725233421252852,0.7686307752767142,0.7645125364183892,0.7304217475654435,0.7919727487103395,0.7457530260786784,0.7300408161774491,-0.48977609863689375,-0.5731255355086298,0.725390485834384,0.8879169706703137,0.9172923761693905,0.9380346545892699,0.9050889679380337,0.8173334018839374,0.9029741838131436,0.9120605750447076,0.9115708818665875,0.7973955566283868,0.09455078747054754],[0.9829707808577708,0.9899554444214917,0.9914226495541446,0.98396356536235,0.9862124214919163,1.0,0.9795009388413402,0.9810025898152475,0.9936195664531772,0.9804943033773638,0.9768568807257604,0.9760599075826596,0.9808080365051127,0.9813285209057322,0.9810701878062973,0.980726077934774,0.9845447105144458,0.981546550903973,0.9813751822843234,0.9814210155068748,0.9798753336081252,0.9809909907474165,0.9934241885387399,0.9934601182626394,0.9827399863089148,0.9886214987393354,0.9833200332798571,0.9757535078074119,0.987968437049242,0.975208735025004,0.9565416734897234,0.9629625371007675,0.9732091193528837,0.9648917795658023,0.9792465571628864,0.9797384682829038,0.9805925113187806,0.9817461129753293,0.9770410619390297,0.9802532357408559,0.9786175111043254,0.980451389471733,0.979536254140285,0.9795897958385692,0.9961254662601247,0.89290185784374,0.9339251429948902,0.9380148215413884,0.9463088921382441,0.9077324396823443,0.9174431427165665,0.9129511141706406,0.9205068912065956,0.9394711698445952,0.9185035709578354,0.9482528999226715,0.9550492642373187,0.96151252050778,0.9661525828029575,0.9738937692846397,0.9896105466052175,0.9767376258115837,0.9867445844334664,0.976349326463687,0.9758433066156934,0.9776710327551078,0.9750203954064878,0.9575337595034159,0.9570034720787827,0.9527195542630527,0.9854777660190558,0.9785508677904423,0.9746608343652657,0.9736043207935541,0.9698081964380627,0.9145022637860137,0.8745314756018834,0.9288330472628317,0.9296363035300312,0.939071486996074,0.9205419604770441,0.9185023102552758,0.7845429287953686,-0.4622618441132267,0.9847201835473639,0.9863686602617041,0.9831602755588619,0.9747007030366618,0.9783601081437693,0.9833058066447472,0.9829296540740585,0.9712585494700894,0.973655603488581,0.9710564045519551,0.8219595783409309,0.9066999487068286,0.9602015148344253,0.8504708322850657,0.9474913074908717,0.9484321193708228,0.8661371643925051,0.9591384986458663,0.8298168750102579,0.4792641566885014,0.6937817629282504,0.8400150133121554,0.8194032400022683,0.8300576108657604,0.9586040877707168,0.9587091022289006,0.7422290198402106,0.7367820527127857,0.7484303462099496,0.4837133902257401,0.7484058548360003,0.7534575435710377,0.7472830035522519,0.746532277973936,0.7798778347777977,0.7138569114745269,0.7019922610088221,-0.3199691687771188,-0.4503639662325176,0.7390247439514246,0.8524917640051494,0.8631102744112605,0.8835877598686422,0.8609921548889048,0.7870126321392978,0.8460704394713374,0.8557692716609339,0.8558581040970406,0.800494267450964,-0.0714023588310102],[0.997858807443163,0.9941461074694377,0.9893374039828017,0.9980673060310697,0.9989682333754172,0.9795009388413402,1.0,0.9977060241513145,0.9570219868985825,0.9996432930034463,0.9996179317052462,0.9996491698492087,0.9985527350801663,0.9995113794872602,0.9992575505864489,0.999894946831385,0.9968867047555211,0.9999052754631436,0.9994391076534721,0.9994433271471189,0.9997375226003656,0.9993871632322562,0.9908440311984293,0.9752289882941793,0.9868030392062735,0.9289664801581727,0.9940686959932726,0.9934940651582362,0.9754018398355091,0.9553895179811456,0.9915817724195894,0.9921862563319607,0.9940600763687638,0.9772277800297544,0.9990981728646794,0.99986700585589,0.9997413959327373,0.9995092489991333,0.9997941571474155,0.9998539306713067,0.9986456137740322,0.9997593642618088,0.9994463556303964,0.9991334486940235,0.9797239767943238,0.9425891371594891,0.9569980033176938,0.9557804856874045,0.9430234849018325,0.9157037748862022,0.9595783199900856,0.9500917514258815,0.9619613288691805,0.965879592059338,0.9564701345084434,0.9828254986517605,0.9829372878145538,0.9925075805256828,0.9964468567813132,0.9551077134562714,0.9635889694014602,0.9739595689840655,0.974510075913015,0.9753910709169319,0.9550116981105522,0.9037615381097913,0.9590365395088823,0.9634337120495101,0.9468479999290423,0.891926477239419,0.9701998766975618,0.9478917618641186,0.9714183360565503,0.9554420807608809,0.8114707735739629,0.8778065849398237,0.8089818042736477,0.8907974820752579,0.9069576292012383,0.911025463961645,0.8923457987364506,0.9031099675997131,0.42178404581412693,-0.5627659742111156,0.9648949728889271,0.9508159261329513,0.9510408606031618,0.9564281754199447,0.9596129504033936,0.9710540412860202,0.9711489942213931,0.9221215946759242,0.9698151502316759,0.8634787429716894,0.8037218262658946,0.9430061632382579,0.9398360512780567,0.8212838756287821,0.9566312034636958,0.9574763557596079,0.9040498973981901,0.9747219995991371,0.834085433584456,0.561802134578487,0.7272407759460503,0.8588255386528635,0.8541840726153345,0.8403011670649677,0.9816007126979458,0.9817687732188637,0.7844291027953011,0.7462714711854823,0.7835492940883557,0.4539936832345679,0.7853231882526793,0.7976075299121884,0.7885256808543388,0.797031685372063,0.7899295781084972,0.7528666036862524,0.7361634392058314,-0.3070214640489062,-0.4594560843995488,0.7358164250890329,0.8934283586698831,0.9219821760635258,0.9420181702395706,0.9124335224572255,0.8336406843679077,0.9105807332404998,0.9270230704646919,0.9255221897449573,0.7825737526433976,-0.08926625772379633],[0.9964457371886164,0.9921154978112292,0.9901713261545002,0.9968129010401175,0.99857931656378,0.9810025898152475,0.9977060241513145,1.0,0.967474843901488,0.999999839955496,0.9999993711402365,0.999787278201006,0.9999971202835992,0.9999933766433936,0.9999983899859396,0.9993829990698493,0.992148148889246,0.9995083382385097,0.9999147378435775,0.9999143667402727,0.999967885499162,0.9999988415186127,0.9914347832294957,0.97704091608946,0.9933747791832557,0.9427576270539938,0.9945630607302555,0.9920746610780051,0.9776053034728959,0.9551197305286925,0.9879575370978855,0.9938694812260613,0.992731299172273,0.9745240929057531,0.9994948025350846,0.999606269323591,0.999701006791292,0.999762581884905,0.9993321807843663,0.9995497204960408,0.9983577416484455,0.9989440326239127,0.9995678184772614,0.9994423375401609,0.9815348585208917,0.9425465864548626,0.954767407864865,0.9591104898151999,0.9427852709728383,0.9073988808198783,0.9578232376328749,0.945916672599023,0.9598913110518117,0.9608972742204757,0.9509830872878564,0.9808857513617526,0.980298905050159,0.9915821216143248,0.9967883090162879,0.9509597927605706,0.9608432956977463,0.9691568942620971,0.9723795398348842,0.9709151467216588,0.953689665580712,0.8991582922032485,0.9556324759740235,0.9582370604362561,0.942472788228954,0.8837762225587479,0.9682971336900855,0.9429499017104668,0.967080306158789,0.9515823945441505,0.802029229001823,0.8722200030903906,0.8054432476748993,0.8851202968576498,0.9014584325537643,0.9078628787528172,0.8888205266771426,0.8976969897555245,0.4073365091808531,-0.5656033531399559,0.9620167965836288,0.9467233312334211,0.946963120237345,0.9547987744752364,0.9566925932429703,0.9682561586087727,0.9683403871610008,0.9196133296513844,0.9646216317763192,0.856031917448993,0.8015325117969323,0.9540970824258183,0.9495190378298577,0.8191163984457582,0.9566768638625381,0.9576572328367372,0.9015780499839203,0.9782401351655063,0.8363437296384533,0.5473993528071768,0.7190214196359527,0.8592745404504016,0.8509117446672247,0.841849403429117,0.9837488068089375,0.9839189209968416,0.7760340050293464,0.739498468627644,0.7842788782864354,0.44320196182304183,0.7802532341730359,0.7928988254952904,0.7884157758205877,0.7914163368159887,0.7844392522265087,0.7474203158834152,0.7302172500624141,-0.32173930004499657,-0.47304207044468183,0.7252403298238544,0.8864763014855245,0.9192477855920904,0.9347587028328854,0.9070276555511413,0.8236568849850314,0.9043101136316716,0.9207956642235338,0.9195236569695462,0.7648766940259311,-0.07260877071820236],[0.9718167839147928,0.9883667219567848,0.9916212658817588,0.9737552182716204,0.9847725186863605,0.9936195664531772,0.9570219868985825,0.967474843901488,1.0,0.9825228025391095,0.9872383026954439,0.9897176043183505,0.9710628097710388,0.9794074921150092,0.9759206933707415,0.9740860296868282,0.9508033012980908,0.9789083635301253,0.9765582094624314,0.9765494793598121,0.9809854098713731,0.9757985481678314,0.9938404194311853,0.9936624709708988,0.9801905343213664,0.9904093328968,0.9834003494761442,0.9914895742086494,0.991220097478804,0.9714314510486719,0.9267528566346761,0.9483819841996426,0.9657548846542406,0.9530120534614255,0.9703678013167774,0.9789190104860577,0.9754537005793814,0.9777956124039041,0.9884457953263898,0.980179006885211,0.9668567900974333,0.976353786021002,0.9712615859342806,0.9702930515385225,0.9990885171285091,0.9097808915086211,0.9282636972347196,0.9560918898775452,0.9456290662466723,0.8900437486777139,0.8882544133551274,0.8894719750880371,0.892393408819996,0.9209649629130837,0.9000620145668187,0.9302428984909851,0.9476600796025664,0.9524887363937573,0.9601935727238707,0.911355087903018,0.9714633825824471,0.9522047638789884,0.97022033300782,0.9521809561743031,0.9109168333291537,0.924622225837526,0.9505932423991982,0.92607283904432,0.8921448711395978,0.8951738147549554,0.9716478148854132,0.9282486161152018,0.9491599026492658,0.9136870689641311,0.8472873266644103,0.8713583124303014,0.7574496585387058,0.888314841560635,0.8944262741788478,0.9075838855071466,0.8578413887014111,0.8759234323534056,0.46251762201936014,-0.4904811996643213,0.9628656228730439,0.9580690566537329,0.9560234174602209,0.9093743602169733,0.954230030909215,0.9611682517240283,0.9606150856670383,0.9426814110049029,0.947462750610105,0.8886747124254056,0.8084000021596007,0.9461549180814945,0.964860321048453,0.8275695145770028,0.9401744855469409,0.9416494417314487,0.8556788629547725,0.9689107669309731,0.7419358744706678,0.4333414295672421,0.6613884721247324,0.7757476369011239,0.7797410445091184,0.7539104565070597,0.9682298695699114,0.9682616596991037,0.7067715904714328,0.7037841402824991,0.6763561096478032,0.4393023482681437,0.6955198193988406,0.6952723047333347,0.674940333133085,0.6961688259304138,0.7589445491685158,0.6895352601229469,0.6750688440011007,-0.36006443215955436,-0.49675244215169423,0.737040297480172,0.8412499705707308,0.8297202943227009,0.8630154433719006,0.8591410963315858,0.7617592784064197,0.8152785834799517,0.8359481223031917,0.8296898753203568,0.710982024226145,-0.007110266523624605],[0.9965919244344809,0.9921191578618572,0.9927528900265613,0.9970091742536453,0.9985758752930314,0.9804943033773638,0.9996432930034463,0.999999839955496,0.9825228025391095,1.0,0.9999991768432888,0.9997916887589214,0.999998554352198,0.9999923661039789,0.9999979448819026,0.9997108930930708,0.9980139869009819,0.999507864370973,0.9998929053236901,0.9998928670022988,0.999979363880799,0.9999993760864804,0.9939564335623736,0.978908379477479,0.9965108203199622,0.9743488379158366,0.9965836523307783,0.9920934489995675,0.9820385399589763,0.9567189123313965,0.9899097479881922,0.9938826475582795,0.9905286245997896,0.9715156807063379,0.9995372843226669,0.9996011144508915,0.9996150910045551,0.9998469946187232,0.9993430652214237,0.9995569114908895,0.9985996328530667,0.9989891579410995,0.9995458998745819,0.9995416600951205,0.9860344043581829,0.9424235444265912,0.9547948229972039,0.9589208582137194,0.94255637995382,0.9074973553156127,0.9507636193918316,0.9425039502760119,0.95434689674456,0.959322259435938,0.9494049708075532,0.9804658422766928,0.9803305584605306,0.9921553147332584,0.996651971548078,0.9739033292843127,0.9607298325846828,0.9722384670649671,0.9723187401167285,0.9728100907745119,0.9726359739387128,0.9312178592759631,0.9555561333057309,0.9515718840093128,0.9512905328544665,0.8999364891714735,0.9682015821759766,0.9668886261537879,0.9725917557963054,0.971691956625185,0.927338157878509,0.8722357369789948,0.836150096941403,0.8850074064283452,0.9191873578509536,0.9085441944295981,0.9134420107036613,0.9127405809430097,0.7506069672112513,-0.564279241839181,0.9619825899327769,0.9466962066409664,0.9469501804870382,0.9748554646407143,0.9521259060025331,0.9679748607636895,0.9676783411687068,0.9203907096119904,0.9693035140729747,0.9222246776239177,0.801527075482639,0.9538927813997243,0.9602743234756523,0.8053189354550397,0.9511650805621868,0.9522840226672029,0.9016504235315347,0.9775291587673992,0.9019303032809657,0.44366518434594443,0.6981313336903764,0.9077446254346452,0.8638113261159055,0.9039855985181698,0.983715221018775,0.9839080068141859,0.7761031258392638,0.7393113737596739,0.7792641396278969,0.4433008961880119,0.7407073362888978,0.7836329160867159,0.7792131310916732,0.7480394995817763,0.7842717335722849,0.7474596863446797,0.7302355012849271,-0.533775564364087,-0.6172884224735389,0.7241647095932208,0.8864594935259771,0.920590432294641,0.9401531977436348,0.9070424268656693,0.820762698391864,0.9036836040723675,0.9148670773130988,0.9143693830951546,0.8091692629090267,0.15400196741485186],[0.9947609302380297,0.9921517357891774,0.9966589262631901,0.9954198702459681,0.9981992044907569,0.9768568807257604,0.9996179317052462,0.9999993711402365,0.9872383026954439,0.9999991768432888,1.0,0.9997904317330089,0.9999964702956439,0.9999951711357609,0.9999984508111986,0.999698661584082,0.9977764562073367,0.9992848042226035,0.9998049946424634,0.9998050794705126,0.9999984899588515,0.9999984775403392,0.9934972243243687,0.975679795708334,0.9956991801066709,0.9824399809168702,0.9962401892278204,0.9921058796667996,0.9844194045500563,0.9506389681521464,0.9895405230281211,0.9936325986467068,0.9850642313461062,0.9495728856002132,0.9993526420529507,0.9994039380793541,0.9993509737264009,0.9999052081123105,0.9993285901344839,0.9993604434849532,0.9981379182637263,0.9986506134727177,0.9993317198449172,0.9993297274167815,0.9885685796383961,0.942177057226949,0.9259490755725995,0.958891793812369,0.9425045914374154,0.9072569590110857,0.9248552947917194,0.9164490265060599,0.9288460008300626,0.9366842904015821,0.9234598721150714,0.9741029742287725,0.9740817852512327,0.9911452047198769,0.9953337070633438,0.9664922950469055,0.9608709393541531,0.9601183213550684,0.9638588594049949,0.9612049764384085,0.9609775085179457,0.909214797434925,0.9456467459060468,0.9174749500173865,0.9169650250331212,0.8373186354364258,0.9665645244546689,0.9714322979128065,0.9682483120745368,0.9671591726925871,0.9216014459561215,0.8163838463759945,0.7841053109782647,0.8535231968472065,0.9024145901939433,0.8749795920535272,0.8886252513173438,0.8874791710637958,0.7558265851299126,-0.3511583726802376,0.9504645300123754,0.9468594288109198,0.9470743048355064,0.9674888924494165,0.9392069702394253,0.9528126493906756,0.9522031419283377,0.8960558554882712,0.9551861840579069,0.8997864432498598,0.8016919229395276,0.9541690523252406,0.9647646721213466,0.7133174258537575,0.9158250502222601,0.9182710789509492,0.8616552050064301,0.986100213367762,0.8498019269674896,0.09745630744099104,0.5563530872425344,0.8615405678484657,0.8310638998637017,0.8567161050614576,0.9868198989422345,0.986832591230588,0.553496987727568,0.6599809318638546,0.5606167786325135,0.4432541394204732,0.5302324258596478,0.5701560447154125,0.5610463123831787,0.5004057183079647,0.7742208055198136,0.6252415661245201,0.5877968959772473,-0.49356087993150244,-0.553335016416528,0.7236884979445327,0.8678401748788963,0.8799644541370543,0.9142977351120642,0.9012026778765792,0.703497599666544,0.8603230981030701,0.8739828143888336,0.8733528172712468,0.6340888622018225,0.10935089989983161],[0.9939580142092538,0.9933183506345351,0.9958464232639309,0.9948123890736664,0.9980941274429336,0.9760599075826596,0.9996491698492087,0.999787278201006,0.9897176043183505,0.9997916887589214,0.9997904317330089,1.0,0.9998041434779148,0.9997911978258053,0.9997960147276365,0.9996916402990622,0.9983752631552205,0.9994630582935887,0.9999733358684083,0.9999731006897888,0.9997955129538676,0.9998000513639105,0.9932215606739155,0.9732893585910606,0.9946747650063282,0.9832591628588454,0.995378756103475,0.9942024450094563,0.9810577312054446,0.9340783271091818,0.9922855144398571,0.9948123301366315,0.9813113298342173,0.933666625018021,0.9994817929599057,0.9995231854991714,0.9994866252723142,0.9996330434635359,0.9996520478951187,0.9995005973772165,0.9980417265768297,0.9986801028298312,0.9994677051420554,0.999464759631534,0.9899510639950705,0.9382088797511178,0.9152043583160746,0.9559218859456412,0.9407175340999291,0.9070347475369268,0.8951335689487175,0.9286323194914485,0.898236081010365,0.9171253691974034,0.8936755798683701,0.9636907267396396,0.9636784087130463,0.9831894302079746,0.9950786939355779,0.9653542211966614,0.9652800569317187,0.9553598802309659,0.9617217604358299,0.9574348269439853,0.9572626987998966,0.9097244294226242,0.9365906026515657,0.9015961282875788,0.9012457786629244,0.823541990030768,0.9659128436881221,0.9677290305813191,0.9677175659522043,0.9670378310690374,0.9288231697860712,0.7765273340588837,0.7431061054496968,0.8254375134791722,0.88414559040112,0.845613682474636,0.8656336334043515,0.8649102114332518,0.7428675389454497,-0.21237976592512672,0.9447058425679349,0.9485826244295111,0.9443451619468982,0.9659589085039679,0.9390635712304939,0.9477402952700316,0.9469349364628857,0.894997735682505,0.949690910335826,0.8975724155401201,0.7616927966080993,0.9519660779057704,0.9461093741809868,0.6064383037180077,0.8686359414148603,0.8726821586874969,0.7690867882173618,0.9807504726803995,0.7463367285097545,-0.2680040708805854,0.3067648521601113,0.7689781331703867,0.7264771072163168,0.762909619708765,0.9818114995885115,0.9818956303417439,0.26508635272714365,0.4228501285014048,0.27095055990465544,0.24284016625060234,0.26277538802426587,0.2773123010951126,0.27448584485230093,0.1917714084307119,0.5963489665967847,0.3337556766897531,0.2821004294522219,-0.5029310945926041,-0.5519516113038317,0.7235496722867251,0.7745739453111966,0.7971605986853135,0.8615612888458432,0.8380664520833536,0.6153108174889472,0.7874112125426219,0.7924052377329998,0.7914661066845338,0.46283955141051153,0.29612908509268454],[0.9965321661272488,0.9921952512595179,0.9900148754825385,0.9968833710273087,0.9985915146984743,0.9808080365051127,0.9985527350801663,0.9999971202835992,0.9710628097710388,0.999998554352198,0.9999964702956439,0.9998041434779148,1.0,0.9999917633325658,0.9999977004403289,0.9994262770132993,0.9937127769038057,0.9995447987881121,0.9999242121668603,0.9999240157982269,0.9999745968381311,0.9999990108585688,0.9913101800287266,0.976838532819588,0.9940165727287242,0.9476083375462487,0.9945124469734549,0.9921714958276466,0.9773994768349819,0.9550470878814408,0.9888702075700452,0.9939594716334027,0.9928145198442326,0.9746462076387525,0.9995373394106547,0.999643910607297,0.9997299877916627,0.9997604409713292,0.9993835974712604,0.9995882229897135,0.998440467700146,0.9990059502764427,0.999609824039615,0.999485307813267,0.9812799299133004,0.9427705077171447,0.9549072577506867,0.9590199536337566,0.9428068413974694,0.9079071058407842,0.9581758965550609,0.9462912209897064,0.9602453199242142,0.961203079943848,0.951359209584293,0.9811352604038118,0.9804768185621162,0.9917104942732166,0.996876446318508,0.9511869312572004,0.9608225903622233,0.9692969546821149,0.9723956248156062,0.9710543451820898,0.9538684154880558,0.8990427424724606,0.9557256746170009,0.9584834059064757,0.9427824913362011,0.8838405638266341,0.9682761620242636,0.9430586420679091,0.9672017377900607,0.9517938986491167,0.8018889381060298,0.8724002187193912,0.8058333297265231,0.8852896167661891,0.9016226602950941,0.9079422085079384,0.8890955749859871,0.897958769388366,0.40737584019267675,-0.5657440476158547,0.9620574198320255,0.9467740355608502,0.9470158505014028,0.9549838532310172,0.9567285592185482,0.9683188790624595,0.9684050809258338,0.919520989869397,0.9647807231955521,0.8559530044873356,0.8015578821849243,0.953594010313681,0.9490294891806335,0.8190972754998181,0.9566681633387947,0.9576409074236278,0.9019188359999973,0.9781062007318942,0.8368531631554297,0.5485269019380706,0.7196564460617256,0.8597657413866,0.851445320476077,0.8423487175443373,0.9836918709149306,0.9838621761231521,0.7766360419028391,0.7399745182762113,0.7849069321580825,0.4437655129295127,0.7809154535293125,0.793598149027243,0.7890601320452868,0.7921278330996182,0.7847627441609502,0.7478729361133511,0.7306824735826495,-0.3208488425574028,-0.47226144495802747,0.725573889546435,0.8869896707135292,0.9197408319301699,0.9352936157721774,0.9075075566509344,0.8242080299058839,0.9048988030588673,0.9213918773132225,0.9201123873973492,0.765551933430663,-0.07365971633474128],[0.9965609115466652,0.9921126507040445,0.9920558858489501,0.9969954596930825,0.9986064709968016,0.9813285209057322,0.9995113794872602,0.9999933766433936,0.9794074921150092,0.9999923661039789,0.9999951711357609,0.9997911978258053,0.9999917633325658,1.0,0.9999954975209002,0.9996049390856023,0.9979834243014194,0.9995062476067385,0.9999105170447689,0.9999095542542932,0.9999577087289749,0.999992145399588,0.9931756787239184,0.9773242313431765,0.9962244490346921,0.9684548187364975,0.9960105608075549,0.9920806737485404,0.9780024751486026,0.9554676875421624,0.9893272449134836,0.9940645081545174,0.9921315066374955,0.9742126327767066,0.9995221941544175,0.9995993501994045,0.9996544831053833,0.9998968063165815,0.9993521695766082,0.999540528901015,0.9983312872835308,0.9989340070689405,0.9995443980103134,0.9995380426854305,0.9838782423542282,0.9425703633839636,0.9547197573176558,0.958913819634813,0.9425669474781506,0.9075123408022565,0.9538571292188597,0.9401732223780368,0.9561845173113616,0.96062290928093,0.9506636138592922,0.9799035756688019,0.9801770365977985,0.9910710290417803,0.9968808287385197,0.9749492073471634,0.9604872276165802,0.9739073174325635,0.9723364162879535,0.9748373390784129,0.9746584519541108,0.9401543360043721,0.955320664031008,0.9571591371544095,0.9568836901055658,0.9164354529148896,0.9682285993806886,0.9697312849447616,0.9745518195839484,0.9735905914093932,0.935121675905551,0.872041801658644,0.841085862811265,0.8848727876501696,0.9113660252129995,0.9077009339707125,0.9084083817577998,0.9074110418428238,0.7292737603275729,-0.5664935627448175,0.9620129851863967,0.9465537698856936,0.9466933052791082,0.9759207874028806,0.9567773389611938,0.9682663054539188,0.9683660769329023,0.9197217153921509,0.9700275615603012,0.9304523467972281,0.8014874837564206,0.9537097335999467,0.9534981091732371,0.8184469909489119,0.9565647299202801,0.9574851313262912,0.9015288808417987,0.9784288532894451,0.8872814148592248,0.547696417453401,0.7185364832925718,0.8952135402813063,0.8652088551021659,0.8864215511359435,0.9839426762027242,0.9841327324828666,0.7752771567844092,0.7388582659017198,0.8062069435735645,0.44335119909866494,0.7884751217330589,0.8104858423732416,0.8049422678256769,0.7931795950459923,0.7843829400042154,0.7462444927957083,0.7290633047730752,-0.4100094162392304,-0.5322739421010824,0.7237696720925905,0.8864610086296834,0.9164389543626371,0.9310357449280938,0.9073614212109822,0.8226722218304687,0.8940295133812219,0.9098468355179102,0.909454926984879,0.8425637354900655,-0.040294891440511],[0.9964863476383766,0.992166265266026,0.9902232297729759,0.9968530638085036,0.9986099611295314,0.9810701878062973,0.9992575505864489,0.9999983899859396,0.9759206933707415,0.9999979448819026,0.9999984508111986,0.9997960147276365,0.9999977004403289,0.9999954975209002,1.0,0.9995096946775767,0.9973161533054096,0.9995225300302244,0.9999172179457216,0.9999165768646073,0.9999686767554388,0.9999977679796855,0.9914775435190559,0.9771030780009516,0.9955992210260473,0.960215377141441,0.9953939116090881,0.9921348691267711,0.9776584561250867,0.9552767744367672,0.9913338464517616,0.9942094359881718,0.9926846156639837,0.9744450076425893,0.9995051253727413,0.9996069432388943,0.9997073493972316,0.9997765854398544,0.9993556427191095,0.9995469818273962,0.9983803230019349,0.9989584155259976,0.9995766537258252,0.9994536190185777,0.9815374371117108,0.9426057655207734,0.9547876981391922,0.9590843313153985,0.9428246330481471,0.9076230316914338,0.9578945044156278,0.9460362819490944,0.9599916607383345,0.960854380043811,0.9509057194675964,0.980906653407308,0.9802479894517113,0.9915548779983406,0.9967536709016723,0.9512233213425961,0.9608852947596256,0.9693072049583438,0.9724615159488225,0.9710529233998725,0.953519163398299,0.8993495882190444,0.9555693832890779,0.9582997135782695,0.9426615963519637,0.8839023749142976,0.968428216042887,0.9432565213232333,0.9672625006067984,0.9518591096410377,0.8023369119373072,0.87224170818622,0.8056813306731501,0.8851807367374196,0.9016134888127173,0.9078802645804637,0.8889598617772703,0.8978506037883482,0.40767107731000457,-0.5653036309992941,0.9621081105717445,0.9467955984224353,0.947035329495773,0.9537546227302836,0.9568544112107515,0.9683396304041374,0.9684204755878636,0.9197979902179054,0.9647730078520348,0.8562680464157106,0.8015421137533317,0.9538567165540306,0.9494373627530927,0.8191351139645368,0.9566161242467058,0.9576003066417005,0.9014044800955646,0.9782555360168967,0.8363662510470894,0.5472170970173227,0.7189112970437411,0.8592766517019166,0.8510207604976561,0.8418689938587863,0.9837818325490697,0.9839493545731525,0.7756695614969095,0.7391927113128351,0.7842536481417127,0.44342042172961565,0.7802277453359041,0.7928177337042788,0.7885582097889551,0.7913176502860958,0.7843671114467415,0.7467312196991642,0.7295610381650753,-0.32156389727645873,-0.472862678661773,0.7254206778267227,0.8863892880280773,0.9193586512124065,0.934790985192206,0.9070684776705512,0.8234633806159227,0.9044946316732618,0.9208213709797607,0.9196621586907301,0.7649598073007831,-0.07285783052329099],[0.9977847922069554,0.9941166071265116,0.9897276967076575,0.9980193024183717,0.9990736484610173,0.980726077934774,0.999894946831385,0.9993829990698493,0.9740860296868282,0.9997108930930708,0.999698661584082,0.9996916402990622,0.9994262770132993,0.9996049390856023,0.9995096946775767,1.0,0.9985365893391089,0.9998642387077132,0.999588416488938,0.9995927082873719,0.9997896562724687,0.9995773505506117,0.9911712250546791,0.976199820640339,0.9943699396437367,0.9535827170821731,0.9940353101369204,0.9934587641290474,0.9761223984471494,0.9560557528681124,0.9917086498730757,0.9927301290854295,0.9934926380685754,0.97636246396546,0.9993156032086965,0.9997494202421069,0.9997401332671886,0.9996061996683071,0.9996516969239551,0.9997096213895335,0.9989187767562877,0.9996213204392921,0.9995398399583053,0.9993163996987446,0.9803044268486214,0.9413836643916002,0.9567340573923151,0.956866717815349,0.9437695046848686,0.913590727720282,0.9598009375244866,0.9502126994701497,0.9621642788877444,0.9645978813331133,0.9547412168976397,0.982742905208264,0.9820981091148251,0.9924271061566997,0.9963213300464481,0.9554175408332212,0.9643011208121128,0.9737748075713439,0.974872048908015,0.975278841043437,0.956161668917614,0.9042222737701875,0.9587944779378804,0.9631262465843388,0.9471995470433998,0.891503313951316,0.9708031601699685,0.9477999409217988,0.9712635015022868,0.955914322824122,0.8099500929372844,0.8773402701622143,0.8097006792646613,0.8903394795825197,0.9061992146932231,0.9104264702648202,0.8924142232734169,0.9027055400422793,0.4180709498065083,-0.5629247527229919,0.9652457816126493,0.9513527551126749,0.9514721200709773,0.9575273273307614,0.9603270152366779,0.9712753222289334,0.9713532542751033,0.9236437142560247,0.9694920810190247,0.8630058182045378,0.8033229294009729,0.9459200401123523,0.9422243563307201,0.8213657547176523,0.9566704253045485,0.9574816160385867,0.9014855997367349,0.9751010011895391,0.8356918861579548,0.5567656755098437,0.7236946953577101,0.8593110262848198,0.8