var config = { responsive: true }

var correlationClose = {"data": [{"type": "heatmap", "z": [[1.0, 0.9999833417730689, 0.9770990927505272, 0.9996906511641019, 0.9972473128699241, 1.0, 0.9900829774700072, 0.9852991484695668, 0.9906837897079084, 0.9726980466892559, 0.9792940108319377, 0.9901309006729951, 0.9902920733092474, 0.9902012846441911, 0.9902677370543171, 0.9931574613384602, 0.9933690056538053, 0.9912988884171186, 0.9912966575977324, 0.9912587028462371, 0.9901327338193631, 0.9770989075233872, 0.9638542817725362, 0.9761080563023955, 0.9760813195142327, 0.9502708081997099, 0.9523247483737671, 0.9430359242091372, 0.9898893210404343, 0.989844452412773, 0.9857208917874766, 0.9740875929800273, 0.9932616328621534, 0.9941988879723115, 0.99327977423653, 0.9915000033718961, 0.9857843056126302, 0.9938837826749258, 0.9938347921240369, 0.994762484416537, 0.9934705455782921, 0.9934657420209941, 0.9934705455782921, 0.8970930210785683, 0.6924675436045025, 0.8623322337839898, 0.8946284234861483, 0.8107390660455773, 0.9642972612585471, 0.9292158018015917, 0.9547963167600698, 0.9496883955976264, 0.9529393925598079, 0.9781573910803213, 0.9720729234863554, 0.9075422903043868, 0.8967031785320414, 0.927433600442506, 0.898247914225406, 0.923834140536837, 0.9248200044033218, 0.923834140536837, 0.8295502519355762, 0.9021310478972389, 0.9033932388459118, 0.9021310478972389, 0.8827212317306191, 0.7087739264688533, 0.8593013881206327, 0.8613209747309094, 0.8593013881206327, 0.5994345396268882, 0.48647126687637676, 0.573885305350844, 0.7272157111134879, 0.46214709278272154, 0.5269064532740313, 0.5291225263037066, 0.5269064532740313, -0.5979610135175163, 0.8699169300598586, 0.9006721625647326, 0.8823495364016158, 0.9092076611114164, 0.9340821316537015, 0.8681324673361622, 0.8697821166649945, 0.8681324673361622, 0.880825846825726, 0.880825846825726, -0.17387674689908889, 0.5089519960857802, 0.21344590838363683, -0.5143265319250685, -0.5439069701305655, -0.5473789916656504, 0.0026319158959736315, 0.03254443739016701, 0.28699748022543553, 0.19456229308737397, 0.1158613075816486, 0.08991582991168533, 0.11750970125155855, -0.17611318844167534, 0.10168805715634009, 0.10223361862741474, -0.5168286970660481, -0.4120270690984246, -0.1748963793132409, -0.4584279925741694, -0.34079931166827687, -0.3159552498683367, -0.30711134574423626, -0.3159552498683367, -0.16608103440230657, -0.2207322448581624, -0.2207322448581624, -0.5236448478834987, -0.5236448478834987, 0.398854431166486, 0.6690898921774161, 0.8786055129739142, 0.8564888653220978, 0.7959220000565916, 0.6766885547088657, 0.7766324781949367, 0.8176212639148316, 0.8176858942141723, 0.8176212639148316], [0.9999833417730689, 1.0, 0.9641487346278312, 0.9991156427745321, 0.9927287737599396, 0.9999833417730688, 0.9745105344456826, 0.963976914068497, 0.9742421752958449, 0.9548322926263516, 0.9767061712950449, 0.9745638088731695, 0.9745152733120751, 0.9743068192509964, 0.9734257003311816, 0.9832232059144895, 0.9817077994138065, 0.9807691766986285, 0.9807367905321852, 0.9746427159535769, 0.9746336845424444, 0.9796437291949867, 0.9637830021928435, 0.9664839866402715, 0.9665692012932379, 0.9507875219544092, 0.9715601468855877, 0.9240583927910136, 0.9736910617363982, 0.9737457240856942, 0.9701859725840626, 0.9161441850705311, 0.9857051546189373, 0.9858149438431553, 0.9866921611905146, 0.9772495745190732, 0.9838014068861208, 0.9856955146567302, 0.9864392738162944, 0.9862115969668986, 0.986824994926916, 0.9867991301360494, 0.986824994926916, 0.8970595713204246, 0.6056037075947374, 0.8629737423686148, 0.8946995487242658, 0.8098957417741993, 0.8635213901165169, 0.8821053005936303, 0.8535158330996206, 0.8707825500575517, 0.8598199865713737, 0.9376008262580896, 0.937659712264756, 0.9105849958319492, 0.9221349402718239, 0.896258945363826, 0.8959466000586714, 0.9038532270687915, 0.904711394964401, 0.9038532270687915, 0.7481639467039766, 0.7091858792625205, 0.7113507074367241, 0.7091858792625205, 0.9155572196352801, 0.9215064275872304, 0.9152209758741874, 0.916638243577456, 0.9152209758741874, 0.40908415301323975, 0.3537290070370632, 0.47623006712471927, 0.576286133681655, 0.4521548068886968, 0.49837351268028945, 0.4996983972316333, 0.49837351268028945, -0.19544892376927603, 0.847236370972499, 0.8878123673115659, 0.8724492132891327, 0.9186078122492366, 0.9202036736444107, 0.8401923476375293, 0.8406585261561786, 0.8401923476375293, 0.8526991432755537, 0.8526991432755537, -0.28175670198669284, 0.5102091579111036, -0.375143807749593, -0.45674085510712537, -0.4567986707873333, -0.4603215225779779, -0.2654769968937881, 0.20458779573718325, -0.18283195676373856, -0.3413106504188843, -0.19406123710407444, -0.24863881451654374, -0.27305447805525623, -0.30157603681020156, 0.075967410785423, 0.0706048746507894, -0.47011856740142194, -0.4217124244791195, -0.4495166710205314, -0.479400146355962, -0.47184868548743225, -0.45260515957958664, -0.45581795785088836, -0.45260515957958664, -0.3517732911659394, -0.47863952821128847, -0.47863952821128847, -0.458151872265224, -0.458151872265224, 0.3985608053246678, 0.4376745924549817, 0.52891263013514, 0.6119139938721176, 0.5890265595863045, 0.2658374758516872, 0.4058884156405676, 0.40187701416923766, 0.4019980402117364, 0.40187701416923766], [0.9770990927505272, 0.9641487346278312, 1.0, 0.9811586531667781, 0.990876657272985, 0.9770990927505273, 0.9852885439559019, 0.9833597210197698, 0.9922476665365246, 0.9341239816158742, 0.9963188451407357, 0.9852387143025888, 0.982727644328935, 0.9850029981832529, 0.9849094714814228, 0.988065562286396, 0.9890978154501427, 0.9827091223282579, 0.9827060831592035, 0.9907592943939133, 0.9851580895159397, 0.9904916185146669, 0.978899867909243, 0.9826892563167454, 0.9827059808457134, 0.9796139974032788, 0.9771528895591088, 0.9459602662223762, 0.9670170927842056, 0.967085558484638, 0.9719210542881503, 0.9474432193685525, 0.981196444435503, 0.9877053634105752, 0.9795121868255393, 0.9825884370801132, 0.9934059992519418, 0.9896713811086058, 0.9793157386885463, 0.9867427557910589, 0.9808796395902104, 0.9801744958716856, 0.9808796395902104, 0.9058071342086016, 0.6080201692790782, 0.9075371224899353, 0.876360837190058, 0.6563177827154045, 0.9074018202312233, 0.8572592722003398, 0.8949677643797401, 0.8916813570751367, 0.8990977120513455, 0.929191058961199, 0.9387061571211979, 0.739635795259268, 0.8004462932491174, 0.8154510021781903, 0.8363014996321112, 0.8076894298225398, 0.7767136038720417, 0.8076894298225398, 0.7212529277397574, 0.7629839425220337, 0.7630517982996243, 0.7629839425220337, 0.8285731131671097, 0.3948987563757725, 0.5865552250419785, 0.6570273319841635, 0.5865552250419785, 0.49317100059587876, 0.4626515872860434, 0.45727488691657137, 0.6174377461642139, 0.3955726608529798, 0.4257712707744001, 0.3925341069937162, 0.4257712707744001, -0.5892093274526596, 0.7949631813705978, 0.775024801763591, 0.7767866080603456, 0.7544493065990293, 0.881755379446113, 0.8008496688642867, 0.8037112527108629, 0.8008496688642867, 0.7452008229722477, 0.7452008229722477, -0.28249848538707145, 0.70391145384446, 0.16476204961338736, -0.6101177583485908, -0.6355886930250292, -0.6382032481925192, -0.10989506114938874, -0.008087685676565835, 0.28364067597127834, 0.060157750857752955, 0.008924327790750544, 0.04128261950694066, 0.007877757041424006, -0.17252513782249754, 0.0047955577224163375, 0.005161517026650373, -0.6071822825541348, -0.5261098672025273, -0.13104118960770034, -0.5821513524333812, -0.43804900812007136, -0.4019824483141598, -0.23392490809359728, -0.4019824483141598, -0.2913069044463331, -0.3571044925481386, -0.3571044925481386, -0.6264723678088047, -0.6264723678088047, 0.3133472496900806, 0.5736578920708383, 0.7846112821875834, 0.7632391622892419, 0.7321414123381992, 0.5693014302132041, 0.7102306775446344, 0.7174601940141168, 0.7493525651631442, 0.7174601940141168], [0.9996906511641019, 0.9991156427745321, 0.9811586531667781, 1.0, 0.9984962828090559, 0.9996906511641017, 0.9917988016404561, 0.9874972586805215, 0.9928216638824129, 0.9704935216200078, 0.9851252740562145, 0.9918335739535611, 0.9919222595240138, 0.9918742244883056, 0.9919269028589314, 0.9947940326462941, 0.9949475935354901, 0.9927694826392515, 0.9927681651954398, 0.993163425767116, 0.99182531318323, 0.9804932299938453, 0.9669970299161075, 0.9792054043376822, 0.9791795990265553, 0.9633928020341155, 0.9569121170006726, 0.9443700114230886, 0.9898184018700945, 0.9897843334445245, 0.9866742254973481, 0.9735261789451803, 0.9941535954479167, 0.9954367258490855, 0.994124416148034, 0.9927637577657723, 0.9901116713420577, 0.9953718892647371, 0.9945308767295581, 0.9959224324925494, 0.9942574112575255, 0.9942546671960422, 0.9942574112575255, 0.8964755282355386, 0.6798498170077122, 0.8722883832120611, 0.8895819222004889, 0.7871602488051859, 0.9584724785151103, 0.9212819160542826, 0.9479843197290749, 0.9440078681331905, 0.9479882651839571, 0.9739416860809778, 0.9693441549301349, 0.8811018612093882, 0.8859097547370103, 0.9110802784050559, 0.8922603481042809, 0.9024065423819929, 0.9037633454883485, 0.9024065423819929, 0.8185317506373364, 0.8878226688652902, 0.8892171719738006, 0.8878226688652902, 0.8772486507017546, 0.6357469959516389, 0.8109589827361267, 0.8131168098833087, 0.8109589827361267, 0.5885773941226, 0.4581291773832948, 0.5608237321490119, 0.7080502590716319, 0.4547621844105801, 0.4932427822235238, 0.49619696033404936, 0.4932427822235238, -0.5997674960640865, 0.8621120555865281, 0.8877556791028723, 0.8706250107028246, 0.880116722036168, 0.9297902735312115, 0.8614948959350069, 0.8633500738059454, 0.8614948959350069, 0.8566955488697895, 0.8566955488697895, -0.18097628186253673, 0.5406131863677069, 0.21826466186591192, -0.5230715497875927, -0.5522400535357308, -0.5556252940871568, -0.010313814028416772, 0.02629999601070058, 0.2796558465671501, 0.18190525451759207, 0.1049863723626418, 0.08306035675669049, 0.11120498397237254, -0.1843550493254953, 0.08956737853981019, 0.09017638236926927, -0.5248149892134852, -0.42370518414236796, -0.17692465657747342, -0.47200330211406993, -0.3434527886330622, -0.3179869535371404, -0.30970940565827676, -0.3179869535371404, -0.17623055342115915, -0.23151719782440508, -0.23151719782440508, -0.535253583395193, -0.535253583395193, 0.3824501494692566, 0.6568423617260724, 0.8712262766898144, 0.8491311546188083, 0.7886423649946431, 0.6679540750088847, 0.7679251230189007, 0.8092528590012702, 0.8093226240835264, 0.8092528590012702], [0.9972473128699241, 0.9927287737599396, 0.990876657272985, 0.9984962828090559, 1.0, 0.9972473128699241, 0.9965141702663501, 0.9942821188350333, 0.9967011845771858, 0.9591331541123622, 0.9946759471745685, 0.996533175595624, 0.9966344073085289, 0.9965669558950324, 0.9965713634157584, 0.9976529346126298, 0.9972592949397155, 0.9971607930086377, 0.9971604410991525, 0.9965280543725571, 0.9965283814848154, 0.9929894261912515, 0.979670011496741, 0.9895680444270262, 0.989519868845065, 0.9807649459095307, 0.9786213552169715, 0.9482044690565107, 0.988371153244322, 0.9883063972907354, 0.9877038925344022, 0.9642303568990771, 0.9976649633771528, 0.997610941351113, 0.9975166583234597, 0.9970432230923009, 0.9969152113222093, 0.9978263970358947, 0.9979370286399087, 0.9976809715272686, 0.9976428301946685, 0.9976446157952406, 0.9976428301946685, 0.913229091209241, 0.6417832654832907, 0.8979568697620741, 0.8919353674857485, 0.7497692057612815, 0.937646106025473, 0.8940078642402367, 0.9263079207892647, 0.9291769821627534, 0.9365843977167293, 0.9672676817764149, 0.9673302905959656, 0.8713278844392406, 0.859580537684907, 0.8924126067158004, 0.8749629637076989, 0.8902191712140637, 0.8909474203238495, 0.8902191712140637, 0.7848864442675996, 0.8235459124253885, 0.825308746486301, 0.8235459124253885, 0.861675129137812, 0.7414389483368945, 0.8410659237479557, 0.8425574771066207, 0.8410659237479557, 0.5356773132274075, 0.3961441629349996, 0.5164731528609893, 0.6935827507326484, 0.5098496209283017, 0.4858461034689177, 0.4864051252745202, 0.4858461034689177, -0.5878893222259634, 0.8380287745189483, 0.8513130898079513, 0.8384670054556114, 0.8826095152059125, 0.9021231902324701, 0.840419580747918, 0.8422672318643152, 0.840419580747918, 0.8491463822993769, 0.8491463822993769, -0.22745084266276902, 0.6095048291732884, 0.07368399368074766, -0.5808073296540708, -0.6146945595152532, -0.614855810496778, -0.0484507990412328, 0.046491814544429605, -0.11997034927204087, -0.07057379862148858, -0.04922292178858577, -0.29425176247803086, -0.34654945566866113, -0.4925577448146562, 0.052909169318857696, 0.053383741304142675, -0.5579688879412515, -0.4649335903253348, -0.4858854248833953, -0.5194334678610663, -0.5756811890156541, -0.5458026077402321, -0.5487201489185479, -0.5458026077402321, -0.2235211079946236, -0.2730627123365304, -0.2730627123365304, -0.6412764558499823, -0.6412764558499823, 0.35792935449285773, 0.6342032864261363, 0.8189396448103644, 0.7909169270111159, 0.7750278967646039, 0.5954293313989939, 0.6162691366489567, 0.7005124559325281, 0.700699144065842, 0.7005124559325281], [1.0, 0.9999833417730688, 0.9770990927505273, 0.9996906511641017, 0.9972473128699241, 1.0, 0.9900829774700072, 0.9852991484695668, 0.9906837897079084, 0.9726980466892559, 0.9792940108319377, 0.9901309006729951, 0.9902920733092474, 0.9902012846441911, 0.9902677370543171, 0.9931574613384602, 0.9933690056538053, 0.9912988884171186, 0.9912966575977324, 0.9912587028462371, 0.9901327338193631, 0.9770989075233872, 0.9638542817725362, 0.9761080563023955, 0.9760813195142327, 0.9502708081997099, 0.9523247483737671, 0.9430359242091372, 0.9898893210404343, 0.989844452412773, 0.9857208917874766, 0.9740875929800273, 0.9932616328621534, 0.9941988879723115, 0.99327977423653, 0.9915000033718961, 0.9857843056126302, 0.9938837826749258, 0.9938347921240369, 0.994762484416537, 0.9934705455782921, 0.9934657420209941, 0.9934705455782921, 0.8970930210785683, 0.6924675436045025, 0.8623322337839898, 0.8946284234861483, 0.8107390660455773, 0.9642972612585471, 0.9292158018015917, 0.9547963167600698, 0.9496883955976264, 0.9529393925598079, 0.9781573910803213, 0.9720729234863554, 0.9075422903043868, 0.8967031785320414, 0.927433600442506, 0.898247914225406, 0.923834140536837, 0.9248200044033218, 0.923834140536837, 0.8295502519355762, 0.9021310478972389, 0.9033932388459118, 0.9021310478972389, 0.8827212317306191, 0.7087739264688533, 0.8593013881206327, 0.8613209747309094, 0.8593013881206327, 0.5994345396268882, 0.48647126687637676, 0.573885305350844, 0.7272157111134879, 0.46214709278272154, 0.5269064532740313, 0.5291225263037066, 0.5269064532740313, -0.5979610135175163, 0.8699169300598586, 0.9006721625647326, 0.8823495364016158, 0.9092076611114164, 0.9340821316537015, 0.8681324673361622, 0.8697821166649945, 0.8681324673361622, 0.880825846825726, 0.880825846825726, -0.17387674689908889, 0.5089519960857802, 0.21344590838363683, -0.5143265319250685, -0.5439069701305655, -0.5473789916656504, 0.0026319158959736315, 0.03254443739016701, 0.28699748022543553, 0.19456229308737397, 0.1158613075816486, 0.08991582991168533, 0.11750970125155855, -0.17611318844167534, 0.10168805715634009, 0.10223361862741474, -0.5168286970660481, -0.4120270690984246, -0.1748963793132409, -0.4584279925741694, -0.34079931166827687, -0.3159552498683367, -0.30711134574423626, -0.3159552498683367, -0.16608103440230657, -0.2207322448581624, -0.2207322448581624, -0.5236448478834987, -0.5236448478834987, 0.398854431166486, 0.6690898921774161, 0.8786055129739142, 0.8564888653220978, 0.7959220000565916, 0.6766885547088657, 0.7766324781949367, 0.8176212639148316, 0.8176858942141723, 0.8176212639148316], [0.9900829774700072, 0.9745105344456826, 0.9852885439559019, 0.9917988016404561, 0.9965141702663501, 0.9900829774700072, 1.0, 0.9970366451885219, 0.9999668437157224, 0.948571898326168, 0.9995342069454808, 0.9999959549669705, 0.9999571944649677, 0.9999919811043051, 0.9999170391394323, 0.993779542118302, 0.9998082286381694, 0.9998239005680506, 0.9998244650213444, 0.9999943258499443, 0.9999962838167921, 0.9909194035749438, 0.974692824581516, 0.9835247722601711, 0.9922554640908039, 0.982533985333938, 0.9708072344338549, 0.9384217031158586, 0.9925311616267781, 0.9921954081613403, 0.99206060267335, 0.9678293808939887, 0.999277056479556, 0.9993617093920196, 0.99933300108321, 0.9997298707858594, 0.9985064454617963, 0.9992423562011318, 0.9981694353006508, 0.9993453763538348, 0.9990853390901724, 0.9990001409563269, 0.9990853390901724, 0.920237066219197, 0.6413110961657016, 0.9211613837527436, 0.8972646942986454, 0.6961299448209431, 0.9477670674096283, 0.9122188676552606, 0.9353222920096693, 0.9259399395406255, 0.9365709017831461, 0.9690715524321855, 0.961252434728447, 0.6956947567889312, 0.803289035091085, 0.7864446357224824, 0.8324963578516035, 0.7790520266086732, 0.7501154469930502, 0.7790520266086732, 0.7367514779181026, 0.7507669518741625, 0.7535500507327131, 0.7507669518741625, 0.8159810958292302, 0.27134216366182046, 0.4928780216339561, 0.5864133018139622, 0.4928780216339561, 0.5011140065868136, 0.460105623409226, 0.4587254966929646, 0.594074326440607, 0.37140059713846996, 0.399490334523498, 0.34750972625057375, 0.399490334523498, -0.6529279483396564, 0.7914330342094801, 0.7924745749664248, 0.7852864604165907, 0.7208595560503769, 0.8857911958262311, 0.7966844124840405, 0.7993249112942356, 0.7966844124840405, 0.7020347667506404, 0.7020347667506404, -0.265613663503374, 0.6661003033159135, 0.2641396845728178, -0.5707807919380388, -0.5980809226965251, -0.6010071950949369, -0.06649470965573899, -0.028192516663147444, 0.3764329207204774, 0.1393581214496307, 0.06099235894584962, 0.12880902384573312, 0.09680853835374328, -0.09135845347843422, 0.014278492795415428, 0.01503008664344948, -0.5740586961235095, -0.4980286594693186, -0.019674308655226194, -0.5596304317056472, -0.3502254058665979, -0.3168936783262921, -0.14104912033318814, -0.3168936783262921, -0.2615544663450987, -0.2858757484501238, -0.2858757484501238, -0.6038379298372115, -0.6038379298372115, 0.35321970361071886, 0.6082687358980514, 0.8039814559097094, 0.8097522765403081, 0.7622064964020179, 0.6485039974591922, 0.7476204733561296, 0.7701756960194723, 0.7884671809431733, 0.7701756960194723], [0.9852991484695668, 0.963976914068497, 0.9833597210197698, 0.9874972586805215, 0.9942821188350333, 0.9852991484695668, 0.9970366451885219, 1.0, 0.999423415231574, 0.9395206707020752, 0.9980252143594578, 0.9978625527997259, 0.9992108047914239, 0.9989372230393628, 0.9986169421872405, 0.9859809019756789, 0.998836242219833, 0.9989947312348324, 0.998998851500479, 0.9994668749957535, 0.999113232524164, 0.9907884777979586, 0.9749977330143861, 0.9913968713858552, 0.9920882739484921, 0.9770583696565891, 0.9728553576117601, 0.9364261480994885, 0.9888664884908478, 0.99228583670448, 0.9902323796868439, 0.963896632601714, 0.9980726071720292, 0.9979458167561015, 0.9979543048637773, 0.9989497997251708, 0.9955705514484879, 0.9977134677869076, 0.9975017340606976, 0.9978101012850382, 0.9978866902013209, 0.9979184499919054, 0.9978866902013209, 0.9182515870149159, 0.625295716189119, 0.9227123184503333, 0.8933426032461336, 0.666631472490211, 0.9453823082819229, 0.9047989310145261, 0.9314990428473162, 0.9164635647081766, 0.9285522573531811, 0.9642221568662357, 0.9554534843230932, 0.6785339269836019, 0.7854792521031208, 0.7659268124210001, 0.8205632324352046, 0.7598198754325578, 0.7355377061188263, 0.7598198754325578, 0.7200424687613931, 0.7280647702205758, 0.7379748677805662, 0.7280647702205758, 0.8041068691004277, 0.24747524188464615, 0.4674212267739768, 0.5667265483293019, 0.4674212267739768, 0.48436337284937314, 0.45182196498948574, 0.4399239543322497, 0.5756952734439245, 0.36024129859484466, 0.385842649723338, 0.32782748559698494, 0.385842649723338, -0.6531426146131004, 0.7775840988959538, 0.7692431102877201, 0.7667967800811375, 0.703432382330414, 0.8753164941584068, 0.7835987637334754, 0.7865275662316946, 0.7835987637334754, 0.6796489131201819, 0.6796489131201819, -0.28436110625584826, 0.7007129723824068, 0.2730304760109219, -0.5865550876516171, -0.6132342672844919, -0.6159703964615217, -0.08286186956731505, -0.03804662231537397, 0.3697642953329828, 0.11947523784974086, 0.04433609850629221, 0.1195389676840853, 0.08078317977622017, -0.09785521066889394, -0.003922361189200496, -0.003131748679903614, -0.5878566113573496, -0.5154844861936957, -0.026504938314292535, -0.5803517551937356, -0.36466476416345667, -0.3295027689234838, -0.1473066811624581, -0.3295027689234838, -0.2821868275142483, -0.3017183743385698, -0.3017183743385698, -0.6187432409369265, -0.6187432409369265, 0.32662881365597907, 0.5891268936118742, 0.793572454394475, 0.7907720515815054, 0.7480034927200918, 0.6314254604405347, 0.7307718561802653, 0.7499225785901136, 0.7720356538163826, 0.7499225785901136], [0.9906837897079084, 0.9742421752958449, 0.9922476665365246, 0.9928216638824129, 0.9967011845771858, 0.9906837897079084, 0.9999668437157224, 0.999423415231574, 1.0, 0.9472936996303184, 0.9994710648130374, 0.9999680237474627, 0.9999636346054253, 0.9999730809023318, 0.999929960840612, 0.9980222522871532, 0.9997132443474465, 0.9997592083892972, 0.9997604465005122, 0.9999649554099943, 0.9999655121989477, 0.9941249944746673, 0.9773901738941277, 0.9936205346111646, 0.9935594061871166, 0.9823403157797167, 0.9767511075161496, 0.9403329301945432, 0.9910224664201184, 0.990986994163035, 0.9887221732160474, 0.9630152740405332, 0.9992919723530341, 0.9992531193201706, 0.9991124037872341, 0.9998532917589845, 0.9984102831943298, 0.9992295375448901, 0.9991283702896492, 0.999225452242439, 0.9991306696347877, 0.9991368537228, 0.9991306696347877, 0.92015045304509, 0.6426422998403609, 0.9209296370315315, 0.8967153179277151, 0.6955057258543753, 0.9337150256757373, 0.886407652366921, 0.9180504708724785, 0.9211880770732908, 0.9325811494009136, 0.9626901174896385, 0.9616323891557031, 0.8412063875050726, 0.8044762807948813, 0.8631377844327183, 0.8335466472810569, 0.8610110255085939, 0.8618487838735838, 0.8610110255085939, 0.7360529192423871, 0.8038431541434582, 0.8056472859802781, 0.8038431541434582, 0.8176645092068484, 0.6995048050405509, 0.8081518561531635, 0.8098180998256522, 0.8081518561531635, 0.5000729356516451, 0.3174604141132722, 0.45813443042241137, 0.638971910710976, 0.43256119503428364, 0.3948955897002026, 0.3952630923096468, 0.3948955897002026, -0.6344994446694152, 0.7921060208162718, 0.7920517402724828, 0.7852919384742619, 0.8527929726512473, 0.8735120467990445, 0.8034570949597165, 0.8061425898202922, 0.8034570949597165, 0.8121169880479039, 0.8121169880479039, -0.2682141916485764, 0.6672255778174419, 0.09746241924951093, -0.6000683128867739, -0.6423057211639591, -0.6431444489944139, -0.07015808353096556, -0.025841441885757346, -0.12936052141903495, -0.04473562987978534, -0.0372867552698885, -0.32777468807831456, -0.3568170226231316, -0.5342204098497819, 0.013176154733619135, 0.013894376377501886, -0.5760955076320705, -0.5008496776946516, -0.4970095351030728, -0.5620165530695722, -0.5924020222331867, -0.5714690270150625, -0.5734341803366991, -0.5714690270150625, -0.2644591136957221, -0.29020842234424593, -0.29020842234424593, -0.7003965551561809, -0.7003965551561809, 0.3538284674098035, 0.6070301894816158, 0.8255899908487008, 0.8022731462896913, 0.7606163975424073, 0.633283274498427, 0.6483935885472302, 0.7195195700295661, 0.71968735839279, 0.7195195700295661], [0.9726980466892559, 0.9548322926263516, 0.9341239816158742, 0.9704935216200078, 0.9591331541123622, 0.9726980466892559, 0.948571898326168, 0.9395206707020752, 0.9472936996303184, 1.0, 0.9158219000043365, 0.9486167455449247, 0.9487355808738451, 0.9482428991418883, 0.9475364633999198, 0.9498733465232687, 0.9558018605997944, 0.9548254218328535, 0.954787422430293, 0.9487738846745719, 0.9487553950822212, 0.9482891463447678, 0.9405583369628502, 0.9507219424628567, 0.9509470600307189, 0.7954084197563254, 0.955845647243663, 0.9503406520226922, 0.9568749489661175, 0.9570219338783617, 0.9552532068105213, 0.9291495812884448, 0.9592605726195133, 0.959540666840806, 0.9603885463211321, 0.9509396628036662, 0.9289008506624783, 0.9584663232736355, 0.9600327285622211, 0.959838958358412, 0.960722351719945, 0.9606823526773347, 0.960722351719945, 0.7739101921366337, 0.44040225242578007, 0.717039053180686, 0.858537580254951, 0.8421273388200319, 0.8734718330257194, 0.7546361963925309, 0.850967076524938, 0.8652212832013311, 0.8745247892217975, 0.8955163826650839, 0.8955641444595916, 0.8488086034737351, 0.8400748652919906, 0.8765101077359813, 0.8517360786747326, 0.8676846724131333, 0.8686149637637262, 0.8676846724131333, 0.7865820965215857, 0.7648431493167447, 0.7670539623831202, 0.7648431493167447, 0.8439486330082293, 0.8667815552808847, 0.8419753883075332, 0.8428276405949303, 0.8419753883075332, 0.6071903055315829, 0.5269822046017624, 0.6077599034593366, 0.7361435422475796, 0.6270729520540465, 0.6492808617649132, 0.6528285115819711, 0.6492808617649132, -0.2729368737580161, 0.8477184845914632, 0.9128311131697647, 0.8673339083870725, 0.8669722566529897, 0.87848223879192, 0.8389552745160069, 0.8404422074451916, 0.8389552745160069, 0.8519552889033452, 0.8519552889033452, 0.011979887788853194, 0.22537824879471607, -0.06990748913033513, -0.3460890051783345, -0.3784846245226653, -0.380438109785413, 0.10536406599650115, 0.37438771883865396, 0.13300381720357335, 0.02814724365144503, 0.13894175275556447, 0.04612047957674124, -0.06156011069664082, -0.1159434576892854, 0.26467766660030756, 0.2635646119193527, -0.3304598835077903, -0.2780637768212057, -0.2817220079831329, -0.28434402221957444, -0.35569249603304015, -0.3042172693079792, -0.3060715444485531, -0.3042172693079792, -0.04380556426065366, -0.3223451367578133, -0.3223451367578133, -0.3890435364706848, -0.3890435364706848, 0.5799220378099869, 0.6798698646164829, 0.7607554515352943, 0.6655794227963739, 0.8406457442930785, 0.3017219007623408, 0.3916723316079379, 0.5723820337215659, 0.5726773866234444, 0.5723820337215659], [0.9792940108319377, 0.9767061712950449, 0.9963188451407357, 0.9851252740562145, 0.9946759471745685, 0.9792940108319377, 0.9995342069454808, 0.9980252143594578, 0.9994710648130374, 0.9158219000043365, 1.0, 0.9995315512633857, 0.9995270879823643, 0.9994751606920966, 0.9995140230647115, 0.9983525314133396, 0.9995705960796843, 0.9996964672728251, 0.9997024010437074, 0.9995400574776848, 0.9995418080692688, 0.9913631087697907, 0.9566419272801657, 0.9913040233636394, 0.9912743951180798, 0.9862204413524497, 0.9723349524921593, 0.8914539532738229, 0.9887560569137859, 0.9888117014570669, 0.9701109634160215, 0.8866153180427783, 0.9985757746407259, 0.9985204462092737, 0.9982869939652866, 0.9991978054320086, 0.9991134865076255, 0.998550139127788, 0.9983047310888409, 0.9984810210892436, 0.9982337361325324, 0.9982480145976477, 0.9982337361325324, 0.9139559594916616, 0.5224740965264821, 0.9165115315785674, 0.8951706053077522, 0.6977457755358393, 0.82247646486376, 0.8345587218485813, 0.8098870654779878, 0.8119932539670924, 0.8183620276419952, 0.9214435440045569, 0.9216412042661513, 0.8302651546676801, 0.8415838925265094, 0.80320315888496, 0.8063472272180243, 0.8135277163742394, 0.8146251438952615, 0.8135277163742394, 0.6222267905272139, 0.5771972126818586, 0.579811912775514, 0.5771972126818586, 0.8427247475740964, 0.8533208160837713, 0.8407588636236681, 0.8425052166476543, 0.8407588636236681, 0.26291911884392577, 0.19603806173778898, 0.3251766766956349, 0.4458888328900317, 0.3120547397969616, 0.3667574086972703, 0.37007360987221416, 0.3667574086972703, -0.40535822678812855, 0.7403110575582549, 0.796859305879579, 0.7740052183760747, 0.8401203975993465, 0.8364907197742868, 0.7318517866365721, 0.7324999143920712, 0.7318517866365721, 0.7479572713843206, 0.7479572713843206, -0.33251505205829807, 0.6576201210155145, -0.3952320436358896, -0.5419261550190365, -0.5423952647281536, -0.5446899316799032, -0.33488194239282826, 0.12889937717152447, -0.24885517443856878, -0.39994971964043735, -0.2587386253470304, -0.32006075333864775, -0.35458530964376755, -0.38531006311289046, -0.002973111446596772, -0.007256834733038828, -0.5518467665976076, -0.5141155961812476, -0.5319313569628578, -0.5664289924364673, -0.5608261187088874, -0.5360504895048853, -0.5389355510411173, -0.5360504895048853, -0.43902608096849305, -0.5934501831050014, -0.5934501831050014, -0.6026990734062454, -0.6026990734062454, 0.3487128784214161, 0.3686716266338436, 0.47109043601474093, 0.5549742549417247, 0.5561245972773428, 0.16595113786081642, 0.3091918128090401, 0.33320318824971573, 0.3334027342671667, 0.33320318824971573], [0.9901309006729951, 0.9745638088731695, 0.9852387143025888, 0.9918335739535611, 0.996533175595624, 0.9901309006729951, 0.9999959549669705, 0.9978625527997259, 0.9999680237474627, 0.9486167455449247, 0.9995315512633857, 1.0, 0.9999624411286787, 0.9999939713044764, 0.9999225294797216, 0.9946306101036544, 0.9998104876261769, 0.9998254293544849, 0.9998259380373685, 0.9999960683483622, 0.9999969448560502, 0.9908735015735107, 0.9746609654368061, 0.9891364437392703, 0.9922292826318604, 0.982510474908501, 0.9707104197045733, 0.9383644818544091, 0.9925223383065565, 0.9922094620673136, 0.9920531715456888, 0.9678560540548778, 0.9992796834059129, 0.9993670192851607, 0.9993424889621463, 0.9997356229080948, 0.9985106140817064, 0.9992526232885388, 0.9981738879033688, 0.9993533729391828, 0.999090369915602, 0.9990034729404624, 0.999090369915602, 0.920280224703139, 0.6414950092977328, 0.9214635368120694, 0.8975652351910505, 0.6963296909256598, 0.9478157234011655, 0.9124258888578028, 0.935412099340045, 0.9260394734845381, 0.9366551942484074, 0.9691770300176582, 0.96133681380563, 0.6956193242564613, 0.8034514964193543, 0.786560494220385, 0.8326165911643745, 0.7791663869652661, 0.750048412691193, 0.7791663869652661, 0.736822895122292, 0.750832488121633, 0.7534783457999191, 0.750832488121633, 0.8161445572547944, 0.2711973468173324, 0.4928868461330781, 0.586312104665842, 0.4928868461330781, 0.5010496318099461, 0.46001452631691453, 0.4586715077255938, 0.5941084648146565, 0.371271136852951, 0.3995867698526086, 0.3475532579649661, 0.3995867698526086, -0.6530790098003938, 0.7915029768112337, 0.7926268324409643, 0.7853897946891155, 0.7208494828565083, 0.885900697120419, 0.7967733375693974, 0.7994085986922567, 0.7967733375693974, 0.7021189950407916, 0.7021189950407916, -0.26560318382348436, 0.6661221301055794, 0.26426864448924836, -0.5707359380419191, -0.5979863405406534, -0.600918274506336, -0.06656728456641174, -0.028356815993798724, 0.3766195328658538, 0.139398997578133, 0.06094820700002201, 0.1290912647781557, 0.09707066837511148, -0.09104102439804396, 0.014309897091547534, 0.015078128572950766, -0.574041578154068, -0.49805193055179914, -0.019399322968822127, -0.5596029507556542, -0.34994309327627987, -0.3166395557823827, -0.14081902410700842, -0.3166395557823827, -0.2613966696413411, -0.28582235199285666, -0.28582235199285666, -0.603697228001382, -0.603697228001382, 0.353778301097774, 0.6084480364886017, 0.804022429788853, 0.8100334868860611, 0.7623161980385278, 0.6487756855715237, 0.7477709837975635, 0.7704466681788708, 0.7885955633555813, 0.7704466681788708], [0.9902920733092474, 0.9745152733120751, 0.982727644328935, 0.9919222595240138, 0.9966344073085289, 0.9902920733092474, 0.9999571944649677, 0.9992108047914239, 0.9999636346054253, 0.9487355808738451, 0.9995270879823643, 0.9999624411286787, 1.0, 0.9999668249360674, 0.9999104291766855, 0.9974896952513025, 0.9998061560776421, 0.9998672959226212, 0.9998680028452162, 0.9999828360265878, 0.9999615178906028, 0.9904120534386223, 0.9744699812781775, 0.9929628001772506, 0.9929231530752571, 0.9824784627019717, 0.970328585386765, 0.9382894632124786, 0.9932973621004554, 0.9933145717411138, 0.9918132443302824, 0.9676565709600369, 0.9995045412558585, 0.9993709907697722, 0.9993990205411637, 0.9998834529314521, 0.9985087943999671, 0.9992599601001992, 0.9992138873385046, 0.9993636603769537, 0.9993753710556496, 0.999379288982947, 0.9993753710556496, 0.9203903989532362, 0.6416567639933054, 0.9214890674624987, 0.8975713414393455, 0.696345401158564, 0.9517364964249009, 0.9098946530984078, 0.9369985552312734, 0.9261247743738819, 0.9366533708608352, 0.9689003966401862, 0.9614079276506629, 0.6498848451357522, 0.8031620294981789, 0.7853200399533715, 0.8330800947651054, 0.7781125870690473, 0.7232649979722601, 0.7781125870690473, 0.7367432138500961, 0.741056405157938, 0.74561757289112, 0.741056405157938, 0.8165982299219953, 0.20120680817066114, 0.48027558815630816, 0.4866837081046847, 0.48027558815630816, 0.5012010066034728, 0.35350874357219614, 0.45892170558146284, 0.5936133302695201, 0.3714915426458785, 0.3666990874216163, 0.34719164842711636, 0.3666990874216163, -0.6532692721492012, 0.7919813612119224, 0.7925988246148932, 0.7851498803252894, 0.6613975702132359, 0.8863858080638852, 0.7972925030631117, 0.7999216865852813, 0.7972925030631117, 0.7006014301918447, 0.7006014301918447, -0.26527013857783327, 0.6660018843343308, 0.2678727191921583, -0.5705796411932377, -0.5976518896763734, -0.6005837276832154, -0.06694500960914067, -0.028254847801897895, 0.32861646903896224, 0.1395744486012931, 0.06069836858137888, 0.13250839906938056, 0.0994516328921214, -0.10127611577506476, 0.014430442726014799, 0.015202054992178821, -0.5742059076726422, -0.49812887683169255, -0.08510430919012056, -0.5593203638219313, -0.3479195088052252, -0.314391362356897, -0.22802921432592874, -0.314391362356897, -0.26093357139090845, -0.2869248663859311, -0.2869248663859311, -0.602956799698699, -0.602956799698699, 0.35391000542700274, 0.6086279101984897, 0.7888059908047453, 0.8100884191134137, 0.7627107151617785, 0.6485167298201687, 0.7057388822198237, 0.7582256484848116, 0.7583010435983892, 0.7582256484848116], [0.9902012846441911, 0.9743068192509964, 0.9850029981832529, 0.9918742244883056, 0.9965669558950324, 0.9902012846441911, 0.9999919811043051, 0.9989372230393628, 0.9999730809023318, 0.9482428991418883, 0.9994751606920966, 0.9999939713044764, 0.9999668249360674, 1.0, 0.9999352037230957, 0.9973447948346335, 0.9998007848175823, 0.9998287299588198, 0.9998291113643684, 0.9999939542450599, 0.9999941126136774, 0.9907250270555756, 0.9745579650833524, 0.9927922931748288, 0.9926701742846, 0.9823740379348139, 0.9703691720749771, 0.9379752264338842, 0.9932535618274966, 0.9932985243779777, 0.9920924601705582, 0.9680401676829892, 0.9993318914220022, 0.9993656946654239, 0.9993747160271061, 0.9997743862465033, 0.9984388831122459, 0.9992559725764091, 0.9984954326793598, 0.9993622798509189, 0.9991409509198015, 0.9990616061483, 0.9991409509198015, 0.920536467637156, 0.6422687245882697, 0.9217991609385082, 0.8978746281250708, 0.6959385537057255, 0.9484057673700953, 0.9131879585382744, 0.9360448104179753, 0.9264610469638184, 0.9370412069465909, 0.9696133691894389, 0.9617320340885768, 0.6959229641439214, 0.8037409786243671, 0.7864805239955382, 0.8329000848457694, 0.7791307107313088, 0.7496728443530619, 0.7791307107313088, 0.7370272191208047, 0.7507817996169951, 0.7539146768884132, 0.7507817996169951, 0.816522963909192, 0.2704882884314836, 0.4923456958674213, 0.5863580618582394, 0.4923456958674213, 0.5008629348984347, 0.46058024260976216, 0.4585545643515557, 0.593849153883429, 0.3708486104205269, 0.3996184083756487, 0.3471860941205116, 0.3996184083756487, -0.6534699179801478, 0.7916448944554266, 0.7921442581871623, 0.7854759313296971, 0.7100859019696408, 0.8861860098134595, 0.7969127972438487, 0.7995363803957851, 0.7969127972438487, 0.701915901099745, 0.701915901099745, -0.2674131361213606, 0.6671569092111571, 0.2647958390593366, -0.57128989186293, -0.5984019889126468, -0.6013395832743066, -0.06783383180275325, -0.029702412381775765, 0.3769118680699737, 0.13889187033339245, 0.060042554394679946, 0.1291518281006906, 0.09713048629143932, -0.0908931418580153, 0.01317676847206677, 0.01394132684600658, -0.5747405142987587, -0.49915016333541207, -0.018805262324041158, -0.5611200071509367, -0.34981413851732635, -0.3165843802922704, -0.14024826213440106, -0.3165843802922704, -0.2624915185294402, -0.28633732853492094, -0.28633732853492094, -0.6037972625005875, -0.6037972625005875, 0.35394924432068625, 0.6081227930437852, 0.8045589221517934, 0.8104948098515832, 0.7617341764993305, 0.649569226620571, 0.7485610418149238, 0.7708461881495701, 0.7892044845803039, 0.7708461881495701], [0.9902677370543171, 0.9734257003311816, 0.9849094714814228, 0.9919269028589314, 0.9965713634157584, 0.9902677370543171, 0.9999170391394323, 0.9986169421872405, 0.999929960840612, 0.9475364633999198, 0.9995140230647115, 0.9999225294797216, 0.9999104291766855, 0.9999352037230957, 1.0, 0.9974615225703032, 0.9996955978983157, 0.9997769061721036, 0.9997780638519703, 0.9998994814811055, 0.9999183121778897, 0.9904976728479721, 0.9743399437715936, 0.9920735456601565, 0.9917095976356891, 0.9824474481130313, 0.9701163757753565, 0.9379521186573849, 0.9923604467659958, 0.9923670180924352, 0.9914795816528307, 0.9670877373014913, 0.9993408343699097, 0.9992156325436863, 0.9993125347592663, 0.9997609652509236, 0.9983446039000924, 0.9992320537019933, 0.9984797580663811, 0.9992382348679503, 0.999156547469878, 0.9990910714303797, 0.999156547469878, 0.9189982804759206, 0.6425794557583555, 0.9202517266310399, 0.8960652154561071, 0.6929992542296368, 0.94888899600101, 0.9140304913788165, 0.9369344126846398, 0.9258209146527889, 0.9362021305387921, 0.9699621312797436, 0.9613011721254348, 0.6975495185923348, 0.8027214859848779, 0.7869995780071185, 0.8328522728648585, 0.7796555110546246, 0.7519720781955491, 0.7796555110546246, 0.7354386225645494, 0.7504054198695659, 0.7550878592345739, 0.7504054198695659, 0.8168530912070749, 0.2710609333007833, 0.49249114668643745, 0.587798610638438, 0.49249114668643745, 0.49947458995834815, 0.4623647124005132, 0.45717056187580213, 0.5936378635911244, 0.3697453656607953, 0.40032529840561204, 0.34744051013276167, 0.40032529840561204, -0.6540759145426325, 0.7913330176538973, 0.7908071781747336, 0.7844725450267629, 0.7228795133598872, 0.8866802102298579, 0.7967300231153861, 0.7993081149300859, 0.7967300231153861, 0.7023463448377243, 0.7023463448377243, -0.2680589193961898, 0.6698463896111039, 0.2648228873149014, -0.571936179667661, -0.5984303642057036, -0.6013942086556852, -0.06985079864023813, -0.030908377246579896, 0.3778819797201862, 0.13746072271454998, 0.05830444731477013, 0.1301803588129399, 0.09767095156148953, -0.08939779603056668, 0.012592192026473908, 0.013299886751460264, -0.5760897994972679, -0.5012209728394819, -0.01761516115938873, -0.5621632800894284, -0.34951563673642544, -0.31627867842671903, -0.13878957755706262, -0.31627867842671903, -0.2630377540296733, -0.289801085573208, -0.289801085573208, -0.6039439966771705, -0.6039439966771705, 0.3512904588153098, 0.6057681843874069, 0.8056377000089144, 0.8112545216398274, 0.7600390750652134, 0.6484589423586057, 0.750258796881528, 0.7715127704278699, 0.7906434195659524, 0.7715127704278699], [0.9931574613384602, 0.9832232059144895, 0.988065562286396, 0.9947940326462941, 0.9976529346126298, 0.9931574613384602, 0.993779542118302, 0.9859809019756789, 0.9980222522871532, 0.9498733465232687, 0.9983525314133396, 0.9946306101036544, 0.9974896952513025, 0.9973447948346335, 0.9974615225703032, 1.0, 0.9981026328674107, 0.9977125420031097, 0.9977102747909113, 0.9977910623087118, 0.9972752118459108, 0.9913365863775547, 0.9771572560934877, 0.9697772193587341, 0.9871594225824833, 0.9868184611893416, 0.9716937406875157, 0.9470886783243875, 0.9915609291351564, 0.9893582887440094, 0.9882757994858771, 0.965789668049071, 0.9974847841755784, 0.9974957615025526, 0.9973082085600985, 0.9972952937749784, 0.9984646167090118, 0.9980218790454258, 0.9973016471780471, 0.9977324714161712, 0.9974108429413079, 0.9973879713962982, 0.9974108429413079, 0.9106841815104019, 0.6523200818459785, 0.913380277785977, 0.8996782347952963, 0.719461561358588, 0.9505948195274022, 0.9166048125391594, 0.9418996736533735, 0.92636680930