var element=document.getElementById("correlationAdjClose");if(element.style.display!='none'){var correlationAdjClose={"data":[{"type":"heatmap","z":[[1.0,0.99999223299713,0.9851552363459962,0.9999253482675342,0.9989884941016027,0.987168565880166,0.9976906298550885,0.9956409250627679,0.9691247913808173,0.9959622429044063,0.9804657111797562,0.993103911658693,0.9957741400629854,0.9950432474602503,0.9956911752434142,0.9972330181469308,0.9971630944961644,0.9982225644389513,0.9963508181238231,0.9963684376348131,0.9964173586012267,0.9957324383304089,0.9861703148949484,0.9705747568954803,0.9887926920438909,0.9557416246780501,0.9877057891122012,0.9843481081486387,0.9657207538099527,0.9479003986900177,0.9935242571464498,0.994343120501,0.9920544309151362,0.9761655148705488,0.9976021261930872,0.9978706173440659,0.9973166349035005,0.9958343387931727,0.9955008664566549,0.9977629093283327,0.9985220494018688,0.9987338855230283,0.997549645971505,0.9975632877365487,0.9767439577081629,0.9165737514569355,0.7446928458988702,0.9117814694721263,0.9136110036179464,0.8470276470170732,0.965090145186361,0.9460950397625857,0.9665749822867333,0.9650351100508603,0.956915290598091,0.9854042577277095,0.9822071736848392,0.9902690102668145,0.9945736063328104,0.9853195768328263,0.979697114446372,0.9870407362703407,0.9847167668702007,0.9876357503415245,0.987439797712253,0.9649371365967739,0.970648589560925,0.9732493661611383,0.9729532705534485,0.9486616980027837,0.9777523031817997,0.9755787764399677,0.9833826290696628,0.9826083605686992,0.9389938001692597,0.8710215291982605,0.8383115426759599,0.889390959697502,0.9122771260069764,0.908298965467148,0.9101907157132303,0.9089279181838364,0.6538934597876198,-0.5694287363048063,0.9787655999506513,0.9721519867759102,0.9685197452467063,0.9861403573036419,0.9725458708069062,0.9830622695006653,0.9830472696288474,0.9479713793305815,0.9831938748312365,0.9516169255055803,0.6777610757169327,0.8839170691547399,0.9203288403604536,0.7705189275941137,0.9270268950914771,0.9454510606988583,0.825824886205937,0.9609288652495824,0.8960298424982394,0.6276421876006858,0.7130094759601161,0.892229466856402,0.8668528827678056,0.8894495656243044,0.9710774434855111,0.9713117234008813,0.7415807533700077,0.7159367533804034,0.8248887976550522,0.36427336540889743,0.7968701559910468,0.8292340341436616,0.8160399373437092,0.8144223986281254,0.7609868092854484,0.7448993668459787,0.725908494737169,-0.2528899172552975,-0.39059831013317375,0.6496278668741003,0.897811764182637,0.9415567620235182,0.9466425585955164,0.916354924459181,0.828087097746901,0.9136549301369591,0.934851243566555,0.9345604969715802,0.8693169196867097,-0.18935134815159907],[0.99999223299713,1.0,0.9852801482621196,0.9997996735655056,0.9978772046582064,0.990328715938119,0.9937368963090122,0.9900701767767427,0.9817257273852072,0.99009815870711,0.9714317678152583,0.9922228298985748,0.9902728788363997,0.9901237689646954,0.9901686881001879,0.9928721681937366,0.9958381835116061,0.9955663408428265,0.9930904513247438,0.9930881764371112,0.9901640364734292,0.9902146970948477,0.989641121092625,0.9672260305248895,0.9861247455751355,0.9787158321623068,0.9859227116732561,0.9842850227494259,0.9762760853795841,0.9205374485745399,0.9878715894883454,0.9847978059619418,0.9775867915968264,0.9213871644992782,0.9951352575961405,0.9949891158005895,0.9952558414169164,0.9910078563970948,0.9947709649712514,0.9952556449590765,0.9964535112151298,0.9968500898128715,0.9952350857555204,0.9952401206903562,0.9878325054117039,0.916287703486096,0.5882709778089399,0.9117004360138073,0.9138384849342522,0.8471619900957916,0.8722531616342096,0.9160533116087,0.875671345114783,0.8996171396991695,0.8714436932869883,0.954830931198281,0.9547316403320456,0.9625972526202622,0.9829364918159254,0.9776947774224989,0.980956399239851,0.9757801155134911,0.9754901481641493,0.9781213976047052,0.9780385680684672,0.9431535254197999,0.9519174756030725,0.9229804053551602,0.9228851917020378,0.8347530982269304,0.9734657335212329,0.9754695931633186,0.9756959223215793,0.9751841164751576,0.9405185495251438,0.6954380320713306,0.6413007342862497,0.7795691081509785,0.8634557185556844,0.8014195757071605,0.8334913008754784,0.8318774322122878,0.6412995537795327,-0.26585547527051956,0.9626772688470288,0.9684899479613858,0.9624314152596609,0.9784624410087593,0.9600223302218132,0.9666647830125451,0.9658687874037815,0.9158196970038174,0.969226819929103,0.9206402028860734,0.5330283350483475,0.8835319738268904,0.880467341310057,0.35361982722248764,0.7020187796381954,0.7819489619558903,0.6678784914842553,0.9612598756135764,0.6758480762968619,-0.2619795742454818,0.16614166989081633,0.6451543500153498,0.6505188371426399,0.6965462610703336,0.9628401721934233,0.9626661425551246,-0.036779307146380905,0.20678169542376434,0.04505122519323816,0.0110176016711485,0.039641919936823936,0.05593329753674423,0.0232650688930443,-0.022651509851988095,0.41290555752037,0.14544326298199353,0.09495398540671923,-0.44583924022446086,-0.484811282271462,0.6500678729695208,0.7498374440782484,0.7741271974541761,0.8318460838729123,0.8256615066199029,0.5510604077487297,0.7385022704559867,0.7690986978770777,0.7673969095080104,0.4175824934501814,0.1871587669598959],[0.9851552363459962,0.9852801482621196,1.0,0.9865609257952973,0.993157055724224,0.9905712088990036,0.9906030599269849,0.9911158476387066,0.9899334682174276,0.994315031916042,0.9574079135935566,0.9971026702592125,0.9910032164127929,0.9929273892308388,0.9911745118673483,0.9898080269396141,0.9930531140111849,0.9905800035646067,0.9897659156942181,0.9897321822685409,0.9928491605407094,0.9910422310881316,0.9940961999548248,0.9811095830080864,0.9910968087072568,0.9788640389852369,0.9915603713223229,0.9834920791367765,0.9837929987525098,0.9525768105225838,0.9718582290029241,0.9757068828192229,0.9780592330682439,0.9521266470853496,0.9879121319161797,0.9910385726369251,0.9893569329300798,0.9929605376577709,0.9950910029195997,0.9921462596456182,0.984455475828019,0.9882344531571073,0.9882046822489412,0.9875775442661224,0.9911188809949378,0.9156991424174296,0.6854661664397255,0.9334598056546806,0.9080383900260632,0.7669716513766114,0.9250939003757231,0.901440649538306,0.9274414659201445,0.9253371778090663,0.9138346415434627,0.9521859157246454,0.9599201637221998,0.9673109579968823,0.9798947639757918,0.9344338037494949,0.9549827180494561,0.9575699503092244,0.9639543500740226,0.9580124619415206,0.9323680386994118,0.9071701874763669,0.9343557650278219,0.9281398507033108,0.9106405205327295,0.8742418064781343,0.9639674575597061,0.9419920080203931,0.9580777105554205,0.9368074901929087,0.792916716374973,0.8166505155268408,0.7429219775975201,0.8374710036413247,0.8758918956460847,0.8750334472083959,0.8445516200823961,0.8588419377743911,0.3354273161878723,-0.5665100312797892,0.9517608998410981,0.9311005632538311,0.9330136108160785,0.9348045503213411,0.9460723911020831,0.955750918663216,0.9554351161787601,0.9207807400047561,0.9515804125338239,0.8532500940164942,0.65318200427641,0.9420868226029746,0.9416596235142899,0.735736749241372,0.9104339612043058,0.9306758927955523,0.8119099704536353,0.9794310707815909,0.7781673481820706,0.5341391043780499,0.6538210246209072,0.7869190123943973,0.7931086975365502,0.7757369450368548,0.9827219937459858,0.9827528312102498,0.6632440271038257,0.6546628659989161,0.7127144973061641,0.30035320418320005,0.693757706340109,0.7119893238751897,0.722855312056496,0.7087974953360751,0.7177878305537605,0.6742592701114927,0.6535704507296117,-0.3225277210309792,-0.45993092755456244,0.6107696989194867,0.8588497344796175,0.8910519336951309,0.8936891809090344,0.8897760246728749,0.7592492292301047,0.8655880921074834,0.8797951913611282,0.8881196322722259,0.7385534050901513,-0.11045244491364388],[0.9999253482675342,0.9997996735655056,0.9865609257952973,1.0,0.9992750702032324,0.988173458136661,0.9979997772072633,0.9961355603937505,0.9713869208186636,0.9965299838687118,0.980115030463117,0.9943358719310613,0.9962508307527932,0.9957243761763197,0.9961844626240316,0.9975677791327219,0.9976846119098379,0.9985425959847429,0.996783341853553,0.9967975748677718,0.9969010020300536,0.9962120823710695,0.9874249660862622,0.9719150459589458,0.9898456709734001,0.9583878293884047,0.9888683021981314,0.9863825887631779,0.9677834043077459,0.9490918910604932,0.9929516166851817,0.9939588163450983,0.992123307135509,0.9758047119998337,0.9977414122661227,0.9981418506554435,0.997605388580233,0.9963715175020893,0.9961734549782006,0.9980720866217628,0.9983854914985368,0.9988621973661364,0.9976812331902637,0.9976911378059481,0.978565848034652,0.9124502386069921,0.7384007006905866,0.9125525819377999,0.911712822581348,0.8374874271584597,0.9621706793512121,0.9427070024037009,0.963550500430314,0.9624167459379692,0.9540662084159478,0.9833379163468581,0.9806971154339659,0.9894529513293737,0.994502736682584,0.9836848884156676,0.9782310018732009,0.9855857677633095,0.9839586713410111,0.9861011760857843,0.9859024687933134,0.9526880393396503,0.9691500680757797,0.9715945083163174,0.9712996259572199,0.9424931597424689,0.9771615575137831,0.9722573557977496,0.9817382524560365,0.9809276669195897,0.9140799968599769,0.8690834207840813,0.8337914251193329,0.8872017124294848,0.9089583778843426,0.9075244610654613,0.9073530372968441,0.9061523672596453,0.5529266519575582,-0.5693344921569682,0.9776829382311325,0.9703432676518129,0.9666220687792364,0.9845127036791321,0.9715287277322311,0.9820829401223141,0.982067275444768,0.9470790388509722,0.9815292990297962,0.9330985087226835,0.6828704318895997,0.8911450534054643,0.9246893070014702,0.7720902696658155,0.9287049649654344,0.9468774873249604,0.8261336166228515,0.9623558625789898,0.8898939859296083,0.6242215355926344,0.7112362993283511,0.8871461484410805,0.8632714710246951,0.8840409453613668,0.9720966373742741,0.9723357078271069,0.7405812565023288,0.7161901134214513,0.8169665393694745,0.36627217250294425,0.7912000283830638,0.8210283544940166,0.807899580744816,0.8091070367379423,0.7636666952850641,0.7449080416910545,0.7259869307114727,-0.248263766214672,-0.3898509082271631,0.6484494883849087,0.8959411451319458,0.9397511313315007,0.9448829275056769,0.9152290276790562,0.8252926356434098,0.9116738299261519,0.932633162396112,0.9324947929102195,0.8617969732254493,-0.1821187049396091],[0.9989884941016027,0.9978772046582064,0.993157055724224,0.9992750702032324,1.0,0.9911133540219785,0.9990659403672794,0.998389535176091,0.9844795923041251,0.9984520365963749,0.974328098273915,0.9978777891229718,0.9984288811617092,0.9982580062313681,0.9984230009343037,0.9989193317814321,0.9989757498903794,0.9992414837418334,0.9987864943255116,0.9987873681913196,0.9984975610075751,0.9984180417126816,0.9939620992216417,0.9796044679873162,0.9942503512499916,0.9767747030984354,0.9942003415446865,0.989669788772351,0.9815032177130371,0.952622422412645,0.9895032163375604,0.9921085580856464,0.9896972608232152,0.9672109753430037,0.9989426442957083,0.9989828993790956,0.9989872736489515,0.9985220193977487,0.9985991842958952,0.9990893130663631,0.9988788659227551,0.9991587120224149,0.9989320145381367,0.9989310573805678,0.9887880044975184,0.9220243870418535,0.7142195311651512,0.9258416548094125,0.9156128103844723,0.8213010797801419,0.9465570286201641,0.9328238436237233,0.9506086730393212,0.9542779121479436,0.9453579486958076,0.9797303462918779,0.979654523765777,0.9889073738672637,0.9945048087583507,0.9799220439203788,0.972423653310124,0.9808158785420641,0.9798067595819384,0.9811469416651346,0.980914468647245,0.9542167086588416,0.9595378693072105,0.9543573266637828,0.954009414411169,0.9119469941705719,0.9742828154903513,0.9707964057089522,0.9772358053536435,0.9763682364603883,0.9350825054583984,0.8458319628960613,0.8028345183312239,0.8702738578705977,0.912389836145415,0.8943870910370763,0.9026459744938106,0.9015836131033901,0.7087425271458582,-0.5897009845790234,0.9708385780550428,0.9591563890418571,0.956502856514391,0.9810116103430621,0.9610274510494656,0.9748923666980746,0.9744958150031221,0.9372526410064143,0.9767688917506571,0.940947936975318,0.6699334911916289,0.9098160635656815,0.9458297128966866,0.7264579880984268,0.9086953352800554,0.9323278637574675,0.820123359168692,0.9680183680974178,0.8826925588792627,0.46798160905999675,0.6459185092260294,0.8708409452756565,0.8300668245630115,0.8734509785439487,0.9760668648280478,0.9762514662471219,0.6955125126769195,0.6975072885717598,0.7386322867903788,0.3420165267611849,0.6804072827255939,0.7442769023523096,0.7211407342398836,0.7004998348851477,0.7482787207833388,0.7279931300934622,0.7081375336140281,-0.46522275211711345,-0.5440545295354177,0.6391258201212031,0.8889353739362852,0.9244301794650753,0.9370781284870896,0.9117340511047614,0.8029523117704103,0.8956298614853813,0.91767203835895,0.9170530773854957,0.7964809828936031,0.029813221126133983],[0.987168565880166,0.990328715938119,0.9905712088990036,0.988173458136661,0.9911133540219785,1.0,0.9871105795477805,0.987493496301406,0.9909693934944545,0.9871146021973587,0.9623080929875587,0.9796402346408619,0.9874104746961876,0.988727929761782,0.9875566618526773,0.9874512333970585,0.991313926673909,0.9885715833077235,0.9883262931998836,0.9882886908551353,0.9863587029486747,0.9874525579385554,0.9959690288742621,0.9921289386340171,0.9878107314410124,0.9840087972239419,0.9878011975575567,0.9727677229156224,0.986159459906927,0.9695066278991463,0.9687802011499415,0.9735514317506389,0.9819712806286957,0.9693380265801772,0.9869790568566135,0.9872186767226375,0.9880413019048221,0.988305825155222,0.9814660234093429,0.9880531672539944,0.9856890149094264,0.9876552704440191,0.9870958795586248,0.9870615913470724,0.9952141150129568,0.8732527807577385,0.7111586726256118,0.8909833388305791,0.9077754530654842,0.8352379825951366,0.9271439463326976,0.9108497405737007,0.9292703671059512,0.9390025323465216,0.9248987981091459,0.9582768217411288,0.9629704383558686,0.966083265537804,0.9767868432006886,0.9689586911949286,0.9827561429888891,0.9701162205384987,0.9822093573051919,0.9698499403909986,0.969314279938729,0.9711400917663523,0.9632424765980202,0.9442740509754248,0.9438089571707965,0.9356298941817959,0.98000370368993,0.9723944938279877,0.9702742958814868,0.9687715412078907,0.9548174050132865,0.8679318521894928,0.8201193455318312,0.887817882580444,0.903598795529546,0.9117651376078624,0.8938592622187558,0.8918332139766705,0.6768472788751997,-0.5285291305734927,0.9768430435793715,0.975385161376301,0.9715313639725939,0.9700328956304366,0.967992262585575,0.9764370167415765,0.9760905006747761,0.9602737634753544,0.9658025036191336,0.9593833357065947,0.6873015866552966,0.8601318696859291,0.9439025774133413,0.7735240782638849,0.9198453653027426,0.9357657529704599,0.8197222825990835,0.9581034791309893,0.8431567480458595,0.5643409406854778,0.6824842437087624,0.8409468619478125,0.821508421254644,0.8392909722950204,0.9597920785141462,0.9598493841550207,0.7006773595635315,0.69437311931979,0.758096445896375,0.36674790892940384,0.7411608739925492,0.7638119384472623,0.7501209248720948,0.7523594779875307,0.7490188310757891,0.7125463431078285,0.6958693914731964,-0.27761192138839114,-0.4067402701268766,0.6690953797108792,0.8760356846400582,0.893600169057256,0.9031188811521068,0.889792312117495,0.7948639808876199,0.8632634218013436,0.8851412812104039,0.884930115082476,0.8285915708554832,-0.15237775465990352],[0.9976906298550885,0.9937368963090122,0.9906030599269849,0.9979997772072633,0.9990659403672794,0.9871105795477805,1.0,0.9972890495765233,0.9585778848878463,0.9995572791597925,0.9742320600347796,0.9994853019744063,0.9982394960160627,0.9991019166287253,0.9990822569315702,0.9993714376504975,0.9982739367924511,0.9999016256911696,0.9993008469857386,0.9993071012392919,0.9996739561433897,0.9992721706839819,0.9906362269994375,0.9751490098994565,0.9847530403979716,0.9257962961270229,0.9929047366499879,0.9891231233342345,0.9728728313345604,0.9472505357591924,0.991918502397501,0.9917565255868791,0.9933081885674422,0.9730985776532388,0.9988967454029808,0.9998314305080577,0.9996764890400236,0.9994260958588236,0.99969994757789,0.9998613036613855,0.9976333776611477,0.9996978844281543,0.9993172319083485,0.9989476591331824,0.9823292326804575,0.9290876526652013,0.7303876559369121,0.9376492663611111,0.9253857742733851,0.8147210771520053,0.9577593627039808,0.942164321523927,0.9599092430828114,0.9586678519853699,0.9512061145161596,0.9817406053314529,0.9803744489718577,0.9912516588950068,0.9964817497631888,0.9440397470309928,0.959268949755318,0.9709986214903207,0.971420634827111,0.9727064444256507,0.9441902800373109,0.8976024351709058,0.9500921262800506,0.9578089588245764,0.9351334926332837,0.8852768417244357,0.9638677826283536,0.9348304780635027,0.9649973047077035,0.9444769508823707,0.7558699997086678,0.8402622477852295,0.7652180168959073,0.8572844430001405,0.8808130368986511,0.8851103546976365,0.863790747446019,0.8763709484443892,0.28902291029022414,-0.6034089310893443,0.9615716625461611,0.9436701755120281,0.9427594369398936,0.9461223300928632,0.9578187844636564,0.9687429860360555,0.9688397740828263,0.9273419504169932,0.9650563744098364,0.8350439348293797,0.6642906186820563,0.9102480864475104,0.9245501665301459,0.7608604980353691,0.92586040015707,0.9452366248042336,0.8206649915843663,0.9673869108003961,0.8315939189748103,0.6137080821388626,0.7019954378214134,0.8448218461734629,0.8424352241084302,0.8309001105119319,0.9761444686452494,0.9763941841287584,0.7277149659092317,0.694382637772683,0.7823349997597471,0.33699319566047387,0.7686395963474114,0.7922777287782027,0.7815492152708113,0.7889293887086685,0.7444629863405249,0.7331700822513584,0.7124654645013608,-0.2655725118775825,-0.41442902759400135,0.6571571053638435,0.8913253461207844,0.9278838101637243,0.9434677830450683,0.9158989863472209,0.8241709997957045,0.9119235933438108,0.9334134550420143,0.9327484990679931,0.7757402628536597,-0.14574522085319747],[0.9956409250627679,0.9900701767767427,0.9911158476387066,0.9961355603937505,0.998389535176091,0.987493496301406,0.9972890495765233,1.0,0.9698304827309789,0.9999850550279822,0.9687596782421639,0.9996891404565249,0.9999969569330456,0.999676656597986,0.9999979940839946,0.9996224335753104,0.9950957820113531,0.9993640363308054,0.9998957470216169,0.9998954484904332,0.9999596196561893,0.999994774086918,0.9909709955158901,0.9763595587415974,0.9921679110980791,0.9400267282028759,0.9934087108146518,0.9866804645304311,0.9750735598510065,0.9461925490454425,0.9881914729751382,0.994023085177454,0.9919699690547699,0.9698557798160623,0.9994416029658175,0.9995174543640659,0.9996349578464758,0.9997069161200856,0.9989317849597849,0.9994513227764308,0.9980822849557551,0.9986480271068036,0.9995110505388656,0.9993769178231225,0.9838660043251087,0.9290770896655609,0.7174605105138971,0.9428162054210671,0.9231429155777174,0.7951494870711666,0.9561206701982927,0.9373379064634868,0.9578707537538379,0.9524097987653654,0.9447988659812064,0.9797282599107997,0.977219238801651,0.990222994468306,0.9972090181987179,0.9385907048925666,0.9540912664459741,0.9636917190474082,0.9677843609673908,0.9658491620419426,0.9422996168705484,0.8880218775232223,0.9445289570968952,0.950283766481947,0.929270724694552,0.8711165016401246,0.9606267855526263,0.9278709460305038,0.9588531459680405,0.9394119429108115,0.7407876549498994,0.8308970989063965,0.76034986911787,0.8479246783628756,0.8725231535769149,0.8795739107031972,0.8588414761479437,0.8686884903068863,0.26933044944621776,-0.6087262646205336,0.9566038100719252,0.9352494612528992,0.9353747098897759,0.9439887295956576,0.9522644874396319,0.9638762754803385,0.9639779161228259,0.9210697455017357,0.9572655753300031,0.8215059774046105,0.6600898750534253,0.9280720677174255,0.9364534874643144,0.7560133896688381,0.9253352417930285,0.9449465288732432,0.818055070948762,0.9718588841882577,0.8350927749018157,0.5993330063470305,0.6927233847865968,0.84589277177045,0.8393442222981377,0.8340420577789437,0.9789694861347569,0.9792181322370854,0.7177947829593395,0.6857941698436987,0.784080225866613,0.322884509651429,0.7634031355886971,0.7878307101592559,0.7825982003877778,0.7833248307199111,0.7374579414263565,0.7269149991524024,0.7055594995727724,-0.28224744231273113,-0.430121096367416,0.6404359056835941,0.8831085271508092,0.9255296761380745,0.9357726644779677,0.9097009556304373,0.8128971381200659,0.9054009730674947,0.9270907779227286,0.926667380173617,0.7558911804550282,-0.12816700392329367],[0.9691247913808173,0.9817257273852072,0.9899334682174276,0.9713869208186636,0.9844795923041251,0.9909693934944545,0.9585778848878463,0.9698304827309789,1.0,0.9852542407566599,0.9435706481446137,0.9900729223145588,0.9735667050044042,0.9836238469203162,0.9784965268067017,0.974906450491979,0.9586666668680237,0.9807233270364808,0.9791501522703125,0.9790914249487457,0.9832361314560591,0.978485564966088,0.9946449185897618,0.9911880485467408,0.982343090686276,0.986523836202362,0.9852044039685871,0.9870937146155975,0.9892063172013679,0.9625236791360072,0.9313334159609834,0.9527959017258008,0.9690516073280587,0.9501685321932547,0.9730790305196175,0.9812224339493395,0.9781421145073351,0.9805288166724018,0.9881618992512964,0.9828794249812001,0.967346820456346,0.9777631347610172,0.9738934475508207,0.9728415067692504,0.99883510432831,0.889869863199405,0.6648624757077958,0.9343433471759426,0.9212852465013358,0.7763653415247934,0.8900084574922883,0.8802064061152305,0.8935344005371519,0.9098128123927963,0.8951252148827268,0.9328564802791928,0.9475354067308296,0.9514870431609117,0.9654417586717123,0.8909221615296236,0.9553945201347298,0.9345452436810727,0.9566880850876359,0.9348552549137559,0.8890111458063404,0.8910161044168088,0.9261599864395805,0.9013437805209227,0.8645481975045863,0.8513349488304031,0.9576759591010785,0.9054787888103546,0.9339901208520915,0.8942168863040619,0.7736413317266552,0.8065120954606804,0.6938806812271633,0.8293580833207617,0.8533376557645526,0.8659441202817285,0.8157173244647844,0.8342922871880428,0.30523555111556216,-0.5566225960448385,0.9443952968735033,0.9327751339970343,0.9309285562024388,0.8910076654289439,0.9334417894760163,0.9437279451530569,0.9432860506749556,0.9203846405943727,0.9277688716106179,0.8330886883169617,0.6645127648745104,0.9197110494149359,0.9521103554593531,0.742420160658107,0.9063787731359131,0.9238233107966923,0.8010282924776005,0.9675390650115454,0.7464062423296518,0.5002776776091652,0.6359743633640738,0.7664522982148736,0.7717551848553366,0.7531046726929949,0.9672144894106778,0.9672001039765403,0.6472188518563576,0.6437739529854374,0.6797306064011238,0.3076977961776086,0.6773457691293359,0.6926221500054349,0.6734077521072305,0.689268781975323,0.7117394252611366,0.6714693836579054,0.6519177219036132,-0.3311479959603975,-0.4652231779644475,0.6616341405395727,0.8479270506682148,0.8464484865090102,0.8715549250340965,0.87284717108126,0.7563304423117523,0.8231023138782321,0.8526402054719442,0.8473191434608975,0.7134392896824114,-0.06886678803434663],[0.9959622429044063,0.99009815870711,0.994315031916042,0.9965299838687118,0.9984520365963749,0.9871146021973587,0.9995572791597925,0.9999850550279822,0.9852542407566599,1.0,0.9681068098295075,0.9996882554500612,0.9999818220395179,0.999846766191737,0.9999904290122468,0.9997275364305943,0.9987782389639963,0.9993571677632526,0.9998387109276232,0.9998377135186024,0.9999679128219662,0.9999828698285568,0.9938626557057848,0.9778931465782378,0.9954465653335582,0.9749484836849374,0.9955787436126392,0.986709194773948,0.979508659024714,0.9475633217438824,0.9888287708060832,0.9931466555751025,0.9890877308364853,0.9656420022565433,0.9993789739538068,0.9994585041333981,0.9994651829673097,0.9998502485771013,0.998940892582418,0.9994375969773952,0.9984046100124427,0.9986650248189872,0.9993754283313259,0.999369395304666,0.9883945483610427,0.9291341671740677,0.7180860621837326,0.9428253442950651,0.923216345609873,0.7953599691673888,0.9437408068862054,0.9279752178550272,0.9473210870606189,0.9499638727451327,0.9421130834850052,0.9776790528027646,0.9772691046691986,0.9903166915486452,0.9966708766909601,0.9694382599401183,0.954578870175318,0.9702571157421255,0.9679510715891667,0.9706836340683069,0.9703708836239215,0.9416496631539895,0.9440129665531569,0.9438060837964884,0.9434198439308029,0.8999601363588343,0.9610645748268376,0.9612528931278532,0.9671967453393191,0.9660834616746934,0.9220338336273624,0.8302768876459036,0.7817589099732214,0.8474480561288185,0.893926952922834,0.8785903455075074,0.8857242698030552,0.8847176262336431,0.6571229814857483,-0.6229461114033878,0.9566641843306611,0.9352862143900281,0.9355298935949575,0.9707180937104183,0.9474404838209669,0.9635500549206781,0.9630746684403401,0.9221624649388817,0.9656773322452512,0.926171802755785,0.6585741673825078,0.927895020016897,0.9499223212921013,0.7341530689325293,0.9132041865175093,0.9364886578030803,0.8172099872134504,0.970761285629302,0.8893793471359998,0.4995546645926889,0.6626954675712023,0.8780693517240366,0.8379799129918732,0.8811153799465783,0.9789433795040802,0.9791781605596616,0.7157414689905451,0.6831978448497589,0.7543803445914038,0.3207950184053149,0.6980253498056485,0.7597667922176597,0.7384063320656756,0.71890401555826,0.73531050217434,0.7238874117950218,0.7025117673376392,-0.5139082571502656,-0.5937256334140066,0.6406678125911347,0.8819597912461212,0.924433749984847,0.9377833611667804,0.9086941240545495,0.808248548628822,0.8960153960531715,0.9176491013808734,0.9170139718092922,0.8063426913545554,0.10155474926792168],[0.9804657111797562,0.9714317678152583,0.9574079135935566,0.980115030463117,0.974328098273915,0.9623080929875587,0.9742320600347796,0.9687596782421639,0.9435706481446137,0.9681068098295075,1.0,0.9574723086123595,0.9691283460725524,0.9681242720069118,0.9688711950188118,0.9737470389968318,0.9732076277882249,0.9761193110979867,0.9728301454192592,0.9728448444165462,0.9689216605508797,0.968989237827737,0.9673663344562532,0.9550239754466,0.9751878016985749,0.9557054597699014,0.9732018766440991,0.9144502323001397,0.9707282241795271,0.9552111693775738,0.9781564648971683,0.972729684936097,0.9727892281624614,0.9416527417451179,0.9764447956026401,0.9760456013507677,0.9764499241648646,0.9693773335353641,0.9642434200325013,0.9754892710893484,0.9783714075240061,0.9786171846831684,0.9766087187467105,0.9766261212814104,0.9567867901077561,0.854172764099651,0.5408392522082766,0.8278759977771554,0.9056727705908383,0.880221881074197,0.9066610351677747,0.8445712103931063,0.9109009930257976,0.9221121272235916,0.9081776198562737,0.9390482636993679,0.9389133618203409,0.9472529952789464,0.971629268037055,0.9473684518270313,0.940235769141828,0.9563493579528138,0.9509002503432344,0.9549561085526707,0.954973088805692,0.9136734953917045,0.9550180133904379,0.94259250691913,0.942278469856196,0.8709513190806211,0.9402983905379018,0.9473288926558574,0.941443371679992,0.9403986099264114,0.8928621334068592,0.83861674395999,0.7988761629527545,0.8778566798521817,0.9237009964715274,0.8986533891338636,0.9112652857000242,0.9106569792582613,0.742929146269544,-0.31975517708620166,0.9553814518140135,0.9575768286953378,0.94897393382867,0.9489638107052123,0.9349132176343237,0.9565556430978911,0.9565238025443823,0.9053990149765948,0.9583663028539432,0.9096563883109545,0.7475766776097754,0.7433242479205805,0.8787127222973417,0.6648285256081087,0.8684382401462604,0.9010113783047388,0.8837784539106066,0.9545851164995133,0.9092717597224742,0.37837518431175415,0.6638975251419659,0.9017695865640929,0.8815807324378386,0.9087763752305035,0.954794606570384,0.9550892500309295,0.5552759879996776,0.7199949769141872,0.6300863440085769,0.5039147288888491,0.5909133326270718,0.6436206307132654,0.60552420906014,0.5789782444017207,0.8202929711104875,0.6982298147734436,0.6634363307682684,-0.29601409124095807,-0.34937991033345267,0.7558512382041502,0.9180686498574357,0.9249445476106978,0.9154936811635477,0.9420379399675046,0.6775696905249713,0.8509020398519174,0.9120974318322259,0.9111678105878314,0.6960679229528738,-0.16281974112333875],[0.993103911658693,0.9922228298985748,0.9971026702592125,0.9943358719310613,0.9978777891229718,0.9796402346408619,0.9994853019744063,0.9996891404565249,0.9900729223145588,0.9996882554500612,0.9574723086123595,1.0,0.9997126986742574,0.9996937746600498,0.9997015075220549,0.9996967887430134,0.9989302368228639,0.9992212216364609,0.9999608433691631,0.999960382962735,0.9997004139530309,0.9997073662919845,0.9912201142751804,0.9628232576526795,0.9922566665884592,0.9807896470806888,0.9932730840945949,0.9903945143398243,0.9740284035035324,0.9082896887295092,0.9892628255165877,0.992857978697353,0.9753763992546537,0.9084479225880708,0.9992425223795101,0.9993032629791448,0.999247863744495,0.9994925464779523,0.9994688365205243,0.9992704271171039,0.9980392769975661,0.9980704960252668,0.999219575218942,0.9992148968056045,0.9899604156438855,0.92336642693112,0.5580155334163917,0.9389636982729063,0.9224594040495069,0.7990311417563427,0.8607284550903842,0.9002514543307546,0.8656384195967779,0.8822418478059132,0.8581488901019022,0.9529224663083855,0.9528496309456647,0.9770179658341039,0.9938549779301645,0.9564857841314127,0.9583342699776242,0.9492326297937096,0.9510690769044233,0.9531165394691077,0.9529362898312195,0.9078841999090964,0.9192401399799656,0.8837356375030365,0.8835695374043051,0.7810053084625126,0.9532655927182399,0.9562489886953082,0.9563933956090455,0.9557581308063202,0.9102348524423747,0.6461731695393105,0.5883668011362538,0.731175520091952,0.8225918810402526,0.7581696447309009,0.7917028571664981,0.7905670340745834,0.5856480831651141,-0.38505170340717054,0.9304122047310092,0.9389837947939412,0.9301389932655979,0.9577305397344963,0.9273287903943197,0.9355988969970366,0.9345270676217394,0.8739538114908241,0.9393571288849054,0.8802595233459122,0.5686301571246479,0.9248775112225467,0.9188526296038444,0.3816481926549862,0.7289125610378733,0.8022722311465919,0.6756587210537571,0.9740708241253601,0.6830151446601264,-0.20455232794303838,0.21083713379393637,0.6567462668234989,0.6603593068668222,0.7013004053681332,0.9752827657987655,0.9752995242761859,0.018501723048636953,0.2515240055573377,0.10165458997642612,0.0669189129790025,0.09422713410067123,0.11292890735697785,0.07943405895122738,0.02826065118764776,0.45419834674630977,0.18286454995048815,0.12978635713414371,-0.5135651573184518,-0.5518065458452637,0.6406942431513034,0.7457133225520665,0.7701767046654305,0.8309272249842267,0.8267041167369457,0.5350496100479237,0.7325986567171705,0.7653077518202742,0.7637599147043943,0.412752908961515,0.23578276655801894],[0.9957741400629854,0.9902728788363997,0.9910032164127929,0.9962508307527932,0.9984288811617092,0.9874104746961876,0.9982394960160627,0.9999969569330456,0.9735667050044042,0.9999818220395179,0.9691283460725524,0.9997126986742574,1.0,0.9996604686043044,0.9999976682003745,0.9996627794475266,0.9960439883722222,0.999410881663369,0.9999061315122422,0.9999060371300486,0.9999671586885457,0.9999951949499843,0.9908727493084858,0.9762209235303964,0.9928260359822647,0.9449359115577043,0.9933683953722668,0.9868458821730928,0.9749003705230266,0.9461928755428223,0.9890863063957485,0.9940880160428855,0.9920467534510103,0.970000428870689,0.9994841033537608,0.9995600587370451,0.99966740380041,0.9997081045536769,0.9990109262663445,0.999494392375806,0.9981589073958151,0.9987244671884495,0.9995545259562957,0.9994204017830669,0.9836625556871211,0.9293744309729898,0.7181847331407877,0.9427636645574051,0.9233752408857244,0.7962286982870769,0.9564612602115657,0.9377508435774057,0.9582182736036113,0.9527841524123436,0.9452066235716639,0.9799741849281015,0.9774095494187643,0.990362521948592,0.9972740459290366,0.9389088612495496,0.954257517019601,0.963989881428253,0.9679247393847269,0.9661421126655882,0.9425637371120134,0.8881927588547802,0.944802562428655,0.9507062149382635,0.9297098068219813,0.8715402281099942,0.9607145748337146,0.9280963401116638,0.9590831817782302,0.939708680724258,0.740888531922031,0.8313716314925912,0.7609064682517213,0.8483849298074597,0.872870591051861,0.8798367299544393,0.8592593732831451,0.8691199258269265,0.2696539234756066,-0.6086451969573468,0.9568176417475797,0.9356087523896042,0.9356761903949514,0.9442376433099771,0.9524954455526171,0.9640985981187429,0.9642006865794256,0.921264287801661,0.957587513778789,0.8217364014894731,0.6602541403048752,0.9272666172918901,0.9359203932716607,0.7562277995566953,0.925371689046185,0.9449857722684026,0.8183319220674032,0.9716928490290124,0.8355483122314217,0.6003717403410748,0.6934102065419215,0.846367314163638,0.8398767836428686,0.8344792076401971,0.9788880740080144,0.9791370346430095,0.7184527651631403,0.6863955546175697,0.7846631489301754,0.32370199023237783,0.7640906376712694,0.7885133810169295,0.7831879149303766,0.7840344829469565,0.7378530735086202,0.7273748389547114,0.7060451980028164,-0.2812399068028909,-0.42921265488234306,0.640991851494596,0.8836255294805659,0.9259577174202607,0.9362863849444261,0.9101588613595969,0.813455698653359,0.9059605972994464,0.9276379465214419,0.9272022892198502,0.7565644342598767,-0.12921216597897653],[0.9950432474602503,0.9901237689646954,0.9929273892308388,0.9957243761763197,0.9982580062313681,0.988727929761782,0.9991019166287253,0.999676656597986,0.9836238469203162,0.999846766191737,0.9681242720069118,0.9996937746600498,0.9996604686043044,1.0,0.9996972618674886,0.9992527731368519,0.9989342981927963,0.9989877435814167,0.9995008803399437,0.9994942776338713,0.9996798590978296,0.9996533469186023,0.9928746017617338,0.9779294486541731,0.9960621974907904,0.971597272859514,0.9959528446399682,0.9867120895437276,0.977720284179263,0.9486959014995321,0.9881765098319539,0.9920608284546963,0.9910757012627331,0.9676651408585353,0.9987909100402537,0.9991064755416961,0.9992862678216893,0.9999186462790572,0.9989635562323528,0.9990992969724954,0.9972994862973678,0.998064020596481,0.9987862530975452,0.9987152408962613,0.9877332660348879,0.9293218591548084,0.7138259057726036,0.9428502610845093,0.9232805912925973,0.7955796350050641,0.9519089472117738,0.9310574937477533,0.9530636418130508,0.9492980434754186,0.9410732825899297,0.9764350898090037,0.9752833612938665,0.9879091493457427,0.9957543896997999,0.9614975126200912,0.9539810722621959,0.9643316489658688,0.9673821324354404,0.9660400824555733,0.96541009087408,0.8923246581211546,0.9421960403523214,0.9492435365971451,0.9490199701929944,0.8701726897086446,0.9611033579029262,0.939422895241315,0.9609592142181019,0.9597476454146535,0.7456859374685593,0.8286783999574716,0.7893563647045774,0.8463229168322306,0.8743864186988847,0.8791851974652929,0.8676603981911835,0.8683023744939392,0.25560828952965653,-0.603033105285239,0.9561378518516246,0.9353409017778306,0.934756371344398,0.9641999944279965,0.952097112626363,0.9630848285113155,0.9631443905709539,0.9214226199451042,0.9579791475929166,0.8283402412047718,0.6606531973640378,0.9277310626895003,0.9368330559825772,0.7540066267637333,0.9237262864077558,0.9435757445026022,0.8192155698614123,0.9742147360974458,0.8302346386110985,0.591793049654253,0.6888568396334426,0.8375943725147644,0.834556186274104,0.8266115883705735,0.9806664298571371,0.9808722082036059,0.7094635381299251,0.6812140226817578,0.7647281631894841,0.3234283439590842,0.7542334803498822,0.7772858733932059,0.7536591473803111,0.7730733635216206,0.7356859667703997,0.7175132173192225,0.696445893570464,-0.28771742991593013,-0.43411373601950737,0.6406003249530745,0.8813686831980571,0.9271229228642718,0.9315806873778592,0.9092692145811853,0.8056581032734592,0.8997378553784121,0.9203984600530577,0.9206682467275623,0.7499191239625091,-0.12752967341785074],[0.9956911752434142,0.9901686881001879,0.9911745118673483,0.9961844626240316,0.9984230009343037,0.9875566618526773,0.9990822569315702,0.9999979940839946,0.9784965268067017,0.9999904290122468,0.9688711950188118,0.9997015075220549,0.9999976682003745,0.9996972618674886,1.0,0.999668873733705,0.9982288447836696,0.9993825532492461,0.999899099452321,0.9998984811287598,0.9999612266601696,0.9999927786530062,0.991011920347966,0.9764162564713703,0.9946101948682163,0.959598165089301,0.9944388541762595,0.9867787345019301,0.9751208371744097,0.9463686879168632,0.9915422098647654,0.9943807308576715,0.991914492095363,0.9697579665871778,0.9994559093482765,0.9995208653904011,0.9996439549023189,0.9997243841906096,0.9989685899248141,0.9994606022829237,0.9981301374038412,0.9986679153597188,0.9995232781146036,0.9993920190220479,0.983854385607754,0.9291763913690102,0.7175169803328733,0.9428315803854264,0.9233097252764234,0.7956551328528725,0.956218145111546,0.9374967498339005,0.9580029130217693,0.9523672763539108,0.9447286333941779,0.9797680481223571,0.9771746593062999,0.9901963785447162,0.9971758062752912,0.9389227907120667,0.9541976936535335,0.963876855573516,0.9678577174206598,0.9660186039883639,0.9420544500640563,0.8882510913398435,0.9444007879775718,0.9503542936630639,0.9295098280245672,0.8712504668129044,0.9607837394698442,0.928259628058945,0.9590803229305968,0.9397599526018299,0.7411639959970168,0.8308559407927506,0.7606383444910119,0.8479283650731149,0.8727050437670805,0.8795558295264332,0.8590075481938007,0.8688709715628989,0.2696934430607881,-0.608431348603531,0.956677182490971,0.9354332191214155,0.9355311437932503,0.9423396201813646,0.9524507699671754,0.9639533776064075,0.9640517341019242,0.9212516786740943,0.9574509318813755,0.8217917939497155,0.6601297060977386,0.9276887141384784,0.9363233957385689,0.7559681265894175,0.9252221874440637,0.9448575169648152,0.8180595814181089,0.9718783016938237,0.835145199973569,0.5991899939164573,0.6926159012247367,0.8459295262781743,0.8394944344439604,0.8340877259635843,0.9790191518460196,0.9792642357456516,0.7173527699261304,0.6854103281440683,0.7840772025458607,0.32317894456787716,0.7633921144446544,0.7877628852067263,0.782781359682051,0.7832341709574825,0.7373657947112948,0.7261194078386393,0.7047987898948969,-0.2820443458734299,-0.4299142147176869,0.6407483249899434,0.883031929143958,0.9256771693888736,0.9358384538369979,0.9097593668626738,0.8127056168458509,0.9056339404204771,0.927152192782165,0.9268449054747256,0.756011777914601,-0.12846987580476385],[0.9972330181469308,0.9928721681937366,0.9898080269396141,0.9975677791327219,0.9989193317814321,0.9874512333970585,0.9993714376504975,0.9996224335753104,0.974906450491979,0.9997275364305943,0.9737470389968318,0.9996967887430134,0.9996627794475266,0.9992527731368519,0.999668873733705,1.0,0.9987584618617296,0.9998198237830598,0.999777423194214,0.9997815736997525,0.9997913703391682,0.9996814463361383,0.9900304866386133,0.975676826717614,0.9927052559272508,0.9481520486533305,0.9924826958342735,0.9889964858639723,0.9733222996333204,0.9477192244522594,0.9929929283755063,0.9943195140488984,0.9924945443179309,0.9719245941067354,0.9996774260268191,0.999754725264757,0.999750745629709,0.9994344488040712,0.9994691628090704,0.9997343920635894,0.9988738755612706,0.9994105318860262,0.9997653075957413,0.9996563785973039,0.9816398182200454,0.9247845960561364,0.7225535984027797,0.9352704688484851,0.9201681735745525,0.8059509364115449,0.9596418300170692,0.9421521604792598,0.96161925390091,0.9552188889573,0.94754579788734,0.9820289728954428,0.9780529792410164,0.9912262859460867,0.9973163650930568,0.9440066812999784,0.9572439320255653,0.9680406136466544,0.970307362475225,0.9699821095666262,0.9466804197868816,0.8918097796977874,0.9485121794313168,0.9555079639710014,0.935723086778347,0.8769918002346131,0.9627975512726183,0.9321640926444105,0.9624089088454555,0.9445830458817097,0.7439986993044237,0.8382424877076873,0.7693001966150411,0.8551841235771434,0.8788549043151095,0.8844322014049034,0.8656250482963262,0.8758626550585314,0.2761913791133254,-0.6032994726806126,0.9602925284293968,0.9420736019306215,0.940563380053791,0.9485989180301508,0.9562726817022368,0.9672733751783703,0.9673647587697332,0.9259661317021726,0.962088297256272,0.8264313622404007,0.6691439315568167,0.917479367065423,0.9309679112958246,0.7624093834703691,0.9276453899741172,0.9467876454717862,0.8217554159015591,0.9697407616326387,0.8408420870494193,0.6102239357868359,0.7004566284102258,0.85185011