var element=document.getElementById("correlationAdjClose");if(element.style.display!='none'){var correlationAdjClose={"data":[{"type":"heatmap","z":[[1.0,0.9999947043634597,0.9866917064349516,0.9999355931814053,0.9991941622453456,0.9834751141920366,0.9978495585086696,0.9963764931320725,0.9715728063172027,0.9965479774440665,0.9946877531539834,0.9939082429210131,0.9964676041738609,0.9964987492231294,0.9964177675325149,0.9977512573081814,0.9980916032406256,0.9983153283246087,0.9969007220399327,0.9969124797795167,0.9968597012711573,0.9964399933057813,0.9886743236506742,0.9740501998044298,0.9909354628010869,0.9608661584600666,0.9901106395122352,0.9871569940053994,0.9716816559195016,0.9580286180144838,0.9921693043760001,0.9937603123818561,0.992832748218579,0.9793256857575755,0.9977746174190942,0.9978714900130189,0.9976215400863377,0.9965581113096703,0.995502561449578,0.997760495741373,0.9986281441304569,0.9986592563975821,0.997760067239777,0.9977709101912802,0.9783892257508464,0.9280422459032129,0.9558643586408795,0.9446736428111124,0.9438291735805728,0.9233709530693337,0.9646975626204863,0.9525661385758915,0.9665611613673973,0.9695003656878467,0.9584372853324611,0.9849620734606691,0.9829220402441471,0.9913080871999597,0.9942038879973504,0.9878375737600387,0.9829013775272517,0.988209093906986,0.986895094070747,0.9887474083735731,0.988647186305867,0.9552470899303115,0.9766530806383718,0.9769549108828354,0.9767438459242197,0.9438433141700726,0.9826329302895855,0.979471564932193,0.9864174355904213,0.9857975581925476,0.9426976695945664,0.9028966852064806,0.8736490150004776,0.9172546601433729,0.9313209603175676,0.9294230549433751,0.9295286740716716,0.9283510865023855,0.7360855413327595,-0.5358071125959716,0.9810903439688823,0.9763163021406392,0.9741191496003649,0.9884438849047911,0.9742114724818224,0.9846395525849525,0.9846463812190084,0.9440623311408171,0.9855023226388798,0.947060749874141,0.8104697801673469,0.9235696880962474,0.9366749571166919,0.8283590497068957,0.9570632804554564,0.9577513086087804,0.9038187938922022,0.9690796102622621,0.8956104149211576,0.5735743563688953,0.7317754576310658,0.9029608520383842,0.8743632033155442,0.8944035639642264,0.9767065151653049,0.9768611648113966,0.7913936859332777,0.7586993954403605,0.8259759477327387,0.4703551359274997,0.8099471246343537,0.8300656973669734,0.825224960955904,0.8185639429498417,0.7981624425507735,0.7579145281678651,0.742685148311088,-0.29477067645379235,-0.43540442670617274,0.7143669810921954,0.8919645789585053,0.9303382318557272,0.9414939323625995,0.9057848072232482,0.8312627463284192,0.9097489450477254,0.9240978294653392,0.9239114418224813,0.8601155887687393,-0.13008047728238573],[0.9999947043634597,1.0,0.9903800107125287,0.9998612348398207,0.9983314715250363,0.9900538307141317,0.994094037785819,0.991947545656303,0.9878079196587141,0.9919529276727816,0.9919830352155252,0.9932479914024468,0.9920356224050657,0.9919463442487393,0.9920014788812189,0.993987826652434,0.9962099266702342,0.9957599793235489,0.9938397735721226,0.9938467526861758,0.9919917339277706,0.9920379179026015,0.9924812151785973,0.9778871559811602,0.9885026568697952,0.9849632908801799,0.9886115028981967,0.9871130822603487,0.9825082390552836,0.941235391041035,0.9897316191447567,0.9879899266972532,0.9827929980200714,0.9431621253792761,0.9951475941186607,0.995094231710689,0.9952931938387595,0.9923602872727703,0.9949165597635935,0.9953146699049258,0.9965020197667924,0.9967119064165526,0.9953119478503948,0.9953235049912399,0.9917132462344213,0.9276180225810483,0.9064838422462164,0.9443649517658862,0.9437072965837415,0.9233502968464837,0.8974970555143232,0.9358981792007423,0.8995115167417399,0.9275300117931218,0.897467010486183,0.961109728942476,0.9610978542585057,0.9744712810622715,0.9855914100942416,0.9839107960891582,0.9851095568771114,0.979281597951372,0.982365546108281,0.9805059552329619,0.9804331323616808,0.9443104288674321,0.9642113688862788,0.9375690214948675,0.9374295904780523,0.8719129512882181,0.9825316721047073,0.9836707720394703,0.983838134449245,0.9834203749047482,0.9561551486378991,0.8157538160693557,0.7834298976231181,0.8643073672104591,0.9153479914792527,0.8782173611739857,0.8972159570046541,0.8962486074859237,0.7831664753985469,-0.12183484471236425,0.9719522083207038,0.9744416330281946,0.9716635100294472,0.9842871705721887,0.9678333521497725,0.974250942648152,0.9736529570591131,0.9325977625618895,0.9755225071776626,0.9344443273878758,0.7499592026836045,0.9231569870640901,0.9223188955696836,0.5955051019258892,0.8614246217100107,0.8651653081263478,0.7677504420734209,0.9698443088031098,0.7420507248475852,-0.3210615637057727,0.26213426719420524,0.7677129567728688,0.7191253120367305,0.7607148406989307,0.9713170730466699,0.9713448541318181,0.21915965236052073,0.39102829735259825,0.22635409243314214,0.19804563898092192,0.2193569059273239,0.23212265404559396,0.22923549492310485,0.14931721486779445,0.569548878809641,0.3024766672443102,0.2523082654342252,-0.4371217094986079,-0.48655533043083465,0.7133368360631848,0.7648867710470812,0.7880934248199502,0.8530229307693681,0.8255140760830407,0.6116986570643744,0.7811302546154703,0.7829533311352936,0.78193729330787,0.4465597481901714,0.25600355915369893],[0.9866917064349516,0.9903800107125287,1.0,0.9879360948355618,0.9935532636396732,0.9914524775204867,0.9894550241292905,0.9902673178108834,0.9915147462676855,0.9928602451782104,0.9967741705249672,0.9959468143451541,0.9901143404554084,0.9921791416854486,0.9903196871944046,0.9897923717209958,0.9908123278051062,0.9899564147527035,0.9889323898930829,0.9889081850422472,0.9917533523377333,0.9901498302364099,0.9951457669691083,0.9857189762803524,0.991084144069386,0.9829357136134541,0.9917399784530678,0.9880241688920675,0.9876229676470656,0.9634142127937498,0.9690968759569577,0.9734905714666744,0.9773256698310742,0.9573162279463783,0.9868894792405559,0.9899840349234054,0.9883691828276692,0.9919020338182779,0.9946917365554727,0.9907937903164195,0.9849230010469692,0.9878802466856426,0.9872696133682499,0.9866568579000276,0.992887160620057,0.923979295290914,0.9406534030365593,0.9527793721067281,0.9365996793138106,0.886822406236069,0.9232676854774413,0.9098124052328672,0.9260979182383025,0.9344296960376939,0.9180166496700329,0.9512293482583531,0.9610435766852785,0.9688241182880558,0.9772407819414164,0.9457733450258701,0.9678758496714958,0.9676175674597642,0.9736608259209028,0.9678466945962618,0.9446282272752152,0.9267662311867282,0.9527670090225933,0.9436075198075639,0.9262590114649745,0.9014820734824978,0.9742138774218542,0.9548505676027911,0.9672898644932739,0.947609708059903,0.8491815900011633,0.8690298286134367,0.7882380201630708,0.8852092662141223,0.9064768949240147,0.9087042890321964,0.8763476294437987,0.8904207726802361,0.46164337014107265,-0.5206230524787481,0.9647753970215263,0.9527477346980422,0.9526361991338451,0.945689919429414,0.9593794975746703,0.9672807846058431,0.9669219612742036,0.935236080188485,0.9632612497558822,0.8914358386574329,0.795824363010255,0.9585336617005543,0.9566726564780423,0.811556257562108,0.9455355053356806,0.9470467486263952,0.8771584903765701,0.9812336064335532,0.7762283095235717,0.4783285617100019,0.6772870557321203,0.7992058905265031,0.802460060316163,0.7801799348431769,0.9831846702528545,0.9832080047983731,0.7238638001841833,0.709333771251814,0.7117371905936853,0.4218156154022578,0.7127607250765122,0.7178317986788036,0.7254169238934983,0.7180698835089161,0.7632465494938943,0.6957646219309809,0.679600333163508,-0.35172729637565064,-0.4922171929788,0.6846241316561574,0.8552267640406516,0.8774850362176679,0.8878024983196805,0.8788958278425717,0.766660059437625,0.8586470053665766,0.8674525210887791,0.8740462579543821,0.7367603633240526,-0.053225806533060235],[0.9999355931814053,0.9998612348398207,0.9879360948355618,1.0,0.9994160021521139,0.9844972723179679,0.9980655274017275,0.9967556004628831,0.9735729339627861,0.9969752321917541,0.995357501832502,0.9947810540217148,0.9968303658107855,0.9969454662712756,0.9967963998064981,0.9979934502095661,0.9983927933530254,0.9985517151052703,0.9972314068224606,0.9972406772810688,0.9972229026163897,0.9968067358360913,0.9897566555456903,0.9753251600893885,0.9918009626247694,0.9631989962459822,0.9910728066481216,0.9889307973956516,0.9734844401292931,0.9591217647007515,0.9915368659444004,0.993297370423,0.9927632951454106,0.9789410776087767,0.9978421605587368,0.9980565064333927,0.99782042860271,0.9969706272241092,0.9959897771137338,0.9979782756644117,0.9985267945326636,0.9987330707862402,0.9978236755996164,0.9978313666492923,0.9800350675238217,0.9248775365401061,0.9539405267570179,0.9444235114440688,0.9417317271277392,0.9177682254836436,0.9619410316132286,0.949483129964224,0.9637195926822585,0.9672486352844792,0.9558866648720057,0.9830020120746951,0.9815583721266729,0.9905051974147804,0.9940045583758035,0.9865963028152243,0.9818418982468046,0.9871379163828183,0.9863456087700733,0.9876067007677579,0.9875003243777495,0.9472519361094273,0.9755226627185879,0.9756864432219974,0.975471963937491,0.9396610745399107,0.9821976708083713,0.9770236405949776,0.9851770431124347,0.9845259278925865,0.9258672063037569,0.9015782054102455,0.8703455055357646,0.9157307269361584,0.92888135618965,0.9290055839186053,0.9274131551947625,0.9262721011015311,0.6546204726441859,-0.5353226654670012,0.9803357010578396,0.9751426730647833,0.9727734661188767,0.987205630787858,0.9735956757093112,0.9839754270543406,0.9839814443699448,0.9436976615539517,0.9842733291649595,0.9349441637285643,0.8136920115549223,0.9280619811613658,0.9402477355559242,0.8298159883901188,0.9582083790962247,0.958920005754908,0.903398966219989,0.9701793747610358,0.8896005473395681,0.5700065934308814,0.730097363004722,0.8975702586888935,0.8707025434601261,0.8887409747468304,0.9774577434889941,0.9776165757958211,0.7902504342764045,0.7588646449658938,0.8181223874305005,0.4718692335051029,0.8040640269166327,0.8219419416562154,0.817025186935722,0.8131546512492228,0.8002296733634348,0.7578056962354042,0.7426436796782716,-0.29016067393608536,-0.43467883160486015,0.7134620910500907,0.8902962324726218,0.928491178312563,0.939684645052266,0.9047192445918577,0.8285984466216845,0.9077616767718718,0.9218667427615032,0.9218260531303316,0.8532094998543571,-0.12316764910964154],[0.9991941622453456,0.9983314715250363,0.9935532636396732,0.9994160021521139,1.0,0.9869131774691496,0.9989634532095747,0.9985540679661783,0.984879305978975,0.9985529636501363,0.9981597826059362,0.9980578641568599,0.9985681750915798,0.9985838896681619,0.9985850040044201,0.9990558590097046,0.9988485768268082,0.9992265212707245,0.9988229936805217,0.9988248209421191,0.9986234481728044,0.9985707870135798,0.9950754367360065,0.9823743361584905,0.9952735589465961,0.9790910476398406,0.9953114315445448,0.9925954137006554,0.985070094458927,0.9621549226243676,0.9891850121040439,0.9919344012084493,0.9903049612233502,0.9719286262105221,0.9988184494099617,0.9988859658096665,0.9989141085195431,0.9986808418006884,0.9985546918153998,0.9988790025137313,0.9989048906412983,0.9991325327254226,0.9988402353017982,0.9988414592062067,0.9888622843992936,0.93353276594671,0.9533162879783432,0.9506871171639766,0.9415260331265599,0.9134487003846004,0.95137780100372,0.9465216898263583,0.9555787974647961,0.9618918544986681,0.950364616371868,0.981285522763172,0.9812047417860329,0.9907238346228296,0.9939179666135416,0.9828253059198107,0.9759081773810065,0.9816560316115366,0.9826632683009554,0.9820610568143597,0.9819437957979487,0.9445933371943872,0.9677388631693847,0.9608419462401485,0.9606059191246571,0.9134235640761968,0.9793327852589775,0.975639939984871,0.981253163424988,0.9805002407702859,0.9398041661386479,0.8841042514063254,0.852312461268719,0.9024248879625122,0.9335819644387501,0.9204409343942663,0.9264661710552233,0.9255386684625239,0.7867791654158813,-0.5323970102963973,0.9745553614394535,0.9653012402663348,0.9640354008656545,0.9836238559612972,0.9642420806227692,0.977921048773406,0.9776362021375266,0.935588245109332,0.9791029524068465,0.9372754739643131,0.8038316934492066,0.9405339185073986,0.9585313902714073,0.7990383347775343,0.9474996565574874,0.9487876386854196,0.8986955909697081,0.9746628529361933,0.892941093113422,0.40784618771913855,0.6777923868463754,0.8988208630239212,0.8536762997313633,0.894984820741152,0.9807535108823442,0.9808749130052663,0.7587997063816451,0.7443258856601841,0.7626109790025629,0.451538944879364,0.7216184775216382,0.766815711210191,0.7626953419786675,0.7280879733967726,0.7888511089830456,0.7448796996194039,0.7288564489348736,-0.48714302478905597,-0.5702683837859646,0.7081976375098483,0.8863732075720026,0.916964791231275,0.9368407457511213,0.9040125185778357,0.8136531416578394,0.9010248839220558,0.9115085950504827,0.9109832035895489,0.7947847543785604,0.08781501744381442],[0.9834751141920366,0.9900538307141317,0.9914524775204867,0.9844972723179679,0.9869131774691496,1.0,0.9804223966093345,0.98183203693893,0.9933721647221249,0.9812874921645162,0.9774623165217601,0.9765681336523423,0.9816473760330032,0.982156341955893,0.9818987015960113,0.9815190531549032,0.9852210998994451,0.9824129472791485,0.9822727248170579,0.9823077821391285,0.980694893000683,0.9818159900556827,0.9936421982138172,0.9932250165845504,0.9830973850840503,0.9881378821685398,0.9836334510700824,0.9745994879908029,0.9875072004235089,0.9741042673871266,0.9582810140964683,0.9645357962314822,0.974419825275932,0.9655320285110712,0.9801884530083395,0.9806373974143099,0.9814799355407969,0.9825533017785698,0.9774748188408948,0.9811005010313765,0.9794604875806997,0.9812777495178509,0.9804441823271619,0.9804835533618481,0.9960328340913324,0.8879859772894777,0.9320860440391453,0.9327963739923226,0.9415618115751108,0.901989657358084,0.9174590802692859,0.9124665026786516,0.9204336674007033,0.9384341929555723,0.9179915404292545,0.9490618684148667,0.9554975122497246,0.9620673768428407,0.9677361095488789,0.9737295087668751,0.9892499498761964,0.9760855189620071,0.986583312098352,0.9757010424923217,0.9751640788874242,0.9769186333687185,0.974041049234436,0.9557010206261763,0.955160684565647,0.9514583148596506,0.9854304585587568,0.9783483834275184,0.97465645573926,0.9734973003196749,0.9684151865942021,0.9099592398509032,0.8685251944687861,0.9248611571387503,0.927084195216009,0.9365266742559818,0.9178307427831318,0.9157678589044663,0.7740391882447457,-0.47454484062030766,0.9839908494442233,0.9854070955076109,0.9821252497795109,0.9745085569503581,0.9773503390440993,0.9826444072390391,0.9822566087494269,0.9702078126536647,0.9728804416910687,0.9699505747808526,0.816213174131516,0.9044584344041577,0.9591780263471859,0.8445157233984194,0.9471986795721805,0.9481071503684292,0.8670414365173615,0.9595644005059888,0.8315998336751629,0.4884967492226077,0.6925406171993224,0.8416672101720227,0.8201222691138156,0.8316135616927166,0.9592580414850546,0.9593398464666496,0.7424194545964641,0.7342340641322407,0.7502542573261378,0.47532616251299564,0.748706007170101,0.7553580194476738,0.7492156396285921,0.7480127847188787,0.7788128237656894,0.7153046569507212,0.7030888707579307,-0.31569682084421935,-0.4463176884485572,0.7202829545250852,0.8524557447910555,0.8653365376868254,0.8842312532406118,0.8613302818228544,0.784891443429874,0.8464661661966592,0.8577960104637413,0.8578012848816796,0.8010850651621233,-0.07988293600838918],[0.9978495585086696,0.994094037785819,0.9894550241292905,0.9980655274017275,0.9989634532095747,0.9804223966093345,1.0,0.9976657503519074,0.9572726002211105,0.9996346295387267,0.9996050275684679,0.9996349690601213,0.9985231069157352,0.9995019819712581,0.9992410202565847,0.9998942277725184,0.996821258373583,0.9999044393302573,0.9994257166360931,0.9994301342478584,0.9997311641505678,0.9993737389088676,0.9909341229484404,0.975515735211549,0.9866673652513361,0.9294592040487257,0.9940097565800758,0.993286021182561,0.9757347173941321,0.955767014679573,0.9916710803104495,0.99220175900597,0.9939496039412906,0.9766567227568118,0.9990794694402239,0.9998635614933299,0.9997354404994255,0.999501895529468,0.9997867088957801,0.9998499573880498,0.9986157840081205,0.9997546048807912,0.9994340042283957,0.9991145033031871,0.9801038683530362,0.9398869133000286,0.9557947989102357,0.9535256289026852,0.9408872401288989,0.9116900991745237,0.9590205163747115,0.9491439902114551,0.9613928612037409,0.9649388086428898,0.9554552907828798,0.9825890167503515,0.9825218519949371,0.9923447963376364,0.9965073209000406,0.9540453410165416,0.9626467053271315,0.9737121131344717,0.9740033135474,0.9751653572400932,0.9539480537689691,0.9033939795357548,0.95800705525247,0.963218981750621,0.945693869718443,0.8930674857572078,0.9693660541869116,0.9466344395545664,0.9707468179592642,0.9544027208929946,0.8063671816871333,0.8753991164050665,0.8040808124946969,0.8887319038304061,0.9046260684146188,0.9087907631495712,0.8895804412492244,0.9006141678760478,0.40705923795479204,-0.5709071579665869,0.9646440451096202,0.9499567009884834,0.9503206663270433,0.9554328241106287,0.9595138158701597,0.9709135655123495,0.9710260892573115,0.9228085581405279,0.9694360437325805,0.8612582605113565,0.7968575334430515,0.9407084327022271,0.9383347166870495,0.815969579956063,0.9555127432918656,0.9563598020897224,0.9030116640165611,0.9740691503934974,0.8339381418781221,0.5674469974870907,0.7245165100169121,0.8584116684181834,0.8531549704371771,0.8399058417293804,0.9811363316543918,0.9813088554612118,0.7827520923880245,0.7420541944745344,0.7836927284559878,0.44472925902241733,0.7840673189490903,0.7974024961878836,0.7889067577275982,0.796568084084906,0.7865753666253784,0.7517937545095995,0.7347812002134468,-0.3027195285761753,-0.4550280168739892,0.7198038726862855,0.8918084401305392,0.9221648142068435,0.9414602258870011,0.9113013701747831,0.8309106579341209,0.9101018458676575,0.9271359316092203,0.9256836641459867,0.7804005487005603,-0.09529850013858535],[0.9963764931320725,0.991947545656303,0.9902673178108834,0.9967556004628831,0.9985540679661783,0.98183203693893,0.9976657503519074,1.0,0.9678102766179509,0.9999998370359113,0.9999993548964258,0.9997798441982286,0.9999970992044571,0.9999932073297616,0.9999983533683725,0.9993688032055135,0.991979865879806,0.999495164195839,0.9999132107372547,0.9999128490288705,0.9999671281762188,0.9999988263415409,0.9914907562891038,0.9772670245072155,0.9933065611851739,0.9432850574871177,0.9945017908573743,0.9917919797747073,0.9779183597989687,0.9553571065663817,0.9880396904665498,0.9939382515209284,0.9926026141956875,0.9738854470700834,0.9994889386400403,0.9995973469139877,0.9996941166472965,0.9997579167641646,0.9993044157590932,0.9995378001572958,0.9983236950735801,0.9989157240215989,0.9995610813930493,0.9994336974332538,0.981895284445296,0.9398307867134313,0.9534631794629284,0.9570760680045494,0.9405491587136645,0.902911130643901,0.9572539126103051,0.9448922887746785,0.95930230190303,0.9597963802486961,0.9498383112135029,0.9806298820329403,0.9798209955210059,0.9914057485365481,0.9968879595858797,0.9497847339687888,0.9597540974925864,0.9686838080438017,0.9717673131517136,0.9704737188634821,0.952570364643613,0.8983733624647375,0.9544461947502675,0.9577712670821928,0.9411456261667461,0.8843000525397237,0.9673763384473325,0.9415284703078508,0.9662639216564005,0.9504395167640135,0.796481775185182,0.8694202091520583,0.8003767039553779,0.8827006385296722,0.8988647871950864,0.905418587839863,0.8859124575517178,0.8949779364852722,0.3920703066078334,-0.5740141387691845,0.9616020811112524,0.9455797963833918,0.9460028327893849,0.9537598510419778,0.9563706961316651,0.9679409266646966,0.968039779719748,0.9200079750999323,0.9640054657200486,0.853283511870355,0.7945780482265419,0.9523215477491407,0.9482351420771312,0.8136311261664299,0.9555456910385554,0.9565302388255277,0.9005211023043371,0.9776833159986711,0.8363047678672989,0.5530192570289592,0.7161853099890433,0.8589458679567857,0.8498950984385188,0.8415537678076099,0.9833510835077792,0.9835255971964799,0.774252075388372,0.7351285742206825,0.7845116100582784,0.43366656551999844,0.778985632102266,0.7927147324148668,0.7888811124738565,0.7909520274359809,0.7809639585912853,0.7462712539956095,0.7287471836695761,-0.3176320714428473,-0.4688228983559251,0.7085128308513498,0.8846964007425508,0.9194451765749967,0.934109618772711,0.9057770347848128,0.820732600326848,0.9037759873873629,0.9208687518852099,0.9196559801831886,0.762433431006141,-0.07853066474432034],[0.9715728063172027,0.9878079196587141,0.9915147462676855,0.9735729339627861,0.984879305978975,0.9933721647221249,0.9572726002211105,0.9678102766179509,1.0,0.9828244848105034,0.9874476585318215,0.9898995393655813,0.9714116206367247,0.9797298170964125,0.9762756921018421,0.9743481049321395,0.9506460548850033,0.9791893458805396,0.9769389972262174,0.9769082245920825,0.9813074559303221,0.97613692916421,0.9938406547484161,0.9933966814789632,0.9802891672387983,0.9901920425404364,0.9834602707988309,0.9909509420296696,0.9908779111543747,0.9703180096623378,0.927542432355704,0.9491598855351974,0.9662001501369466,0.9527117743700779,0.9707302945686923,0.9792333544416401,0.9757911180616963,0.9781396113514808,0.9884866711262043,0.9804301317586498,0.9670577023052308,0.9765454803246436,0.9716024907607496,0.9706027257902268,0.9990605056291701,0.9053787159404093,0.92592312607769,0.9528422040173399,0.941921524172193,0.8834088383972762,0.8875969763454308,0.8882146398542086,0.8916698126082585,0.9188642589080239,0.8983873775601098,0.9302317566492673,0.9472145670077987,0.9523615991723866,0.9610743583521053,0.9096010766434907,0.9699037152731426,0.9504293367295885,0.969045817197512,0.9504234594155874,0.9085952535912977,0.9214513595207302,0.9482796857441741,0.9230544531923108,0.8885604529880395,0.8912436042651987,0.9705705103015655,0.9264157043243205,0.9480078894480738,0.9120638969206217,0.8409231688456538,0.8651223905382438,0.7494974003272961,0.8827481727304816,0.8904376015381447,0.9037018380814149,0.8534905169887133,0.8717032743958911,0.4448910954346583,-0.5024028153771627,0.9610962706757188,0.9556837607673281,0.9536989892453415,0.9077381205507639,0.9521817532993171,0.959458188750304,0.9589040160093935,0.9405972699223599,0.9455042787106758,0.883639343027666,0.8015143756484326,0.9448618388611651,0.9640255695283116,0.8207721007918191,0.9391868662261208,0.9406592622068972,0.8553184604136905,0.9691135692497173,0.7426759938518339,0.44061656425841644,0.6586783317353967,0.7761307912133707,0.7793174180410823,0.754305096313937,0.9684814460579935,0.9684770201394372,0.7052245996634974,0.6993856199594248,0.6772506946899914,0.4292166624780188,0.6945412620191203,0.6956824463268501,0.6760951136490077,0.6961964059870132,0.7561064773593413,0.6891820697335848,0.6743339358945789,-0.357022891990379,-0.4937654290721147,0.7193454152977327,0.8397441157830918,0.8307580128286931,0.8625186303888855,0.8582277370189298,0.7583289287653219,0.8150166205465519,0.8367650948191642,0.8305471434897432,0.7089179287064756,-0.013686751228859814],[0.9965479774440665,0.9919529276727816,0.9928602451782104,0.9969752321917541,0.9985529636501363,0.9812874921645162,0.9996346295387267,0.9999998370359113,0.9828244848105034,1.0,0.9999991621612072,0.9997843236864833,0.9999985353408207,0.9999921593205694,0.9999979015443654,0.999703778020099,0.9979814071226017,0.9994940916646651,0.9998903129501718,0.9998902724163593,0.99997883527289,0.9999993601970617,0.9940081760319928,0.9790287074447438,0.9964440719205268,0.9750732089666906,0.9965280269840903,0.9917790911207633,0.9822357034366179,0.9566690064554241,0.9899198571556592,0.9939126740135085,0.9903400683760666,0.9707707686564586,0.9995270701747032,0.9995914724178466,0.9996046909861409,0.9998432674147857,0.999315813750197,0.9995451250336423,0.9985603375245365,0.9989609170815508,0.9995344473707937,0.9995301010450977,0.9863508406754792,0.9397058755504241,0.9534927037283292,0.9569690089878308,0.9404761022042549,0.9030179820861184,0.9495428339171742,0.9408982870485681,0.9531624953481749,0.958157474181016,0.9481476301938043,0.9800112380128357,0.9798531116559281,0.9919431172165535,0.9967415040059237,0.9733342036070396,0.9597051420341316,0.9720682691078929,0.9717394154651959,0.9726252399545546,0.9724527168139984,0.9321157495960501,0.9543940020965469,0.9513972492877475,0.9511490356674824,0.9017000124840155,0.9673172438264197,0.9661274247606403,0.9719209616528705,0.9710024701646295,0.9261655879579103,0.8694425901206919,0.8320472310919357,0.8825509746548791,0.9171013446542038,0.9060009921523103,0.9111317782121299,0.9103954287948224,0.7426271474418598,-0.5754243896415511,0.9615944402150092,0.9455562007665864,0.9459934158384105,0.9743211485408936,0.9517399268283643,0.9676593084194347,0.9673442177507805,0.9208030601178048,0.9690431214308063,0.9227476802241632,0.7945738345556349,0.9520754443715791,0.9591855359123048,0.7992532100723014,0.9498099476371532,0.950938005406105,0.9005932224953997,0.9769454816687196,0.9009476432942817,0.44999199399049733,0.6945395932386369,0.9067638434223466,0.8615942638119531,0.9028851142473685,0.9833113256579682,0.9835139176373862,0.7743207088689826,0.7348875327623772,0.7774639693868066,0.43376914810122563,0.7373117913130607,0.7819421242840018,0.7775900380011332,0.7458580174443512,0.7807438186714306,0.7462522635853995,0.7287048426100745,-0.5315107156253525,-0.6148623103679591,0.7075014224700267,0.8846465867224518,0.9201971123786888,0.9390466404803266,0.9057582610440527,0.817619453117719,0.901911170486878,0.9142900752543255,0.9137839950682294,0.8068347085640353,0.14815769068394316],[0.9946877531539834,0.9919830352155252,0.9967741705249672,0.995357501832502,0.9981597826059362,0.9774623165217601,0.9996050275684679,0.9999993548964258,0.9874476585318215,0.9999991621612072,1.0,0.9997833215030868,0.9999964070577808,0.9999950599047583,0.9999984099287706,0.9996910314784544,0.997718111176346,0.9992603201115118,0.9997991116735516,0.9997991521799774,0.9999984628169565,0.999998439255776,0.9934618932952933,0.9754416868374359,0.9955701729813595,0.9831321290072842,0.9961359867223265,0.9917910253808124,0.9844837058499909,0.9498704072486613,0.9893982923420798,0.9935800650702781,0.9846040695181374,0.9478315470538156,0.9993313417454659,0.9993838663442909,0.9993283975138483,0.9999019402098187,0.9993005931403686,0.9993381737659407,0.9980746866275404,0.9986067475341737,0.9993086525478003,0.9993065764390802,0.9887899579516144,0.9394456503877416,0.9232679795483972,0.9569363049315143,0.9404173640230339,0.9027569664967177,0.9221549604826614,0.9133977024171398,0.9262941257514202,0.934495698360565,0.9207001168984832,0.973210641271685,0.9731884857204737,0.9908697494020358,0.9954047904455665,0.9655732602206896,0.9598444696295061,0.9596324335784696,0.9628467931361976,0.9608001528326275,0.9605888801671898,0.9088908081256317,0.9441319227768397,0.9171066945945195,0.9166849654188716,0.8365302448021334,0.9654933517396302,0.970543301360152,0.9672479649188114,0.9661372177500276,0.9195004445706675,0.8100682241394038,0.776001184465066,0.8491016182618487,0.8989912944980384,0.8703457295820294,0.8846138362721429,0.8834074622674214,0.7459128400617734,-0.37169893040553914,0.949543750571861,0.9457154848291046,0.9461122019972014,0.9666189521544563,0.938272993039398,0.9520118639958898,0.9513792309562049,0.8948920806740643,0.9544728419606107,0.8988157338557319,0.7947407791453508,0.9523662399234984,0.9635216452349111,0.7024398967767309,0.9129559329772591,0.9154347948498218,0.8597888417676327,0.9858615801650722,0.8477959498738861,0.10540758212822839,0.550413800173867,0.8596720290918412,0.8282919085224315,0.8546924639839589,0.9865766586212634,0.986595872528028,0.5462600951799168,0.6532453317501546,0.5533809582597355,0.43371779685819445,0.5222275995237832,0.5633624139779245,0.5542730084912357,0.492928746704056,0.7702875890923145,0.620544559226494,0.5827260486755225,-0.4920490855954815,-0.5511653518430909,0.7069936657535354,0.8653295086113906,0.8776376491075221,0.9114796326279401,0.8997238508713415,0.6935246008768573,0.8556018712048314,0.871253995657935,0.8705992757090327,0.625977345014309,0.10156289833257635],[0.9939082429210131,0.9932479914024468,0.9959468143451541,0.9947810540217148,0.9980578641568599,0.9765681336523423,0.9996349690601213,0.9997798441982286,0.9898995393655813,0.9997843236864833,0.9997833215030868,1.0,0.9997970965149219,0.9997836315863785,0.9997889036170041,0.9996886386094097,0.9983273873805679,0.9994459537131115,0.9999723968522677,0.9999721688637918,0.9997882829442832,0.9997930599084233,0.993135502145318,0.9727214722623884,0.9945167593563266,0.9840235880416547,0.9952600210605625,0.9940566588530817,0.9810310112919047,0.9322862146482163,0.9920622280160968,0.9946772879738176,0.9805649754015507,0.9308917194291191,0.999460974276728,0.9995045855701756,0.9994682305413032,0.9996187592877669,0.9996401919345875,0.999482913048666,0.997972548556519,0.9986402497556681,0.9994480874996808,0.9994450581368115,0.9901541283682203,0.9353161667405913,0.9115372287650121,0.9539594344008988,0.9388488570547692,0.9026100912063113,0.8906502890080673,0.925662409572309,0.8939066684086531,0.9135932958146299,0.8891042430632716,0.9622428281111267,0.9622294825738665,0.9825398169685432,0.9950440420512543,0.9641707383448125,0.9642280509246877,0.9545730410006965,0.9604083882810083,0.9567811536406088,0.9566384260207718,0.9087036665087445,0.9345348775017868,0.9007924344735918,0.9005868194917821,0.8210176585129967,0.9645682726155685,0.9664583874121998,0.9664569316407022,0.965765988818271,0.9263328979807557,0.7668666535203327,0.731006764217383,0.8189199264404878,0.8793599672939836,0.8386930285500726,0.8598083387631271,0.8590431023429911,0.7302657414216821,-0.2432975315973105,0.9434467226638572,0.9476377746105865,0.9430830164734282,0.9648246035058388,0.9378177228582542,0.9466467699528958,0.9458102226733444,0.893040327231114,0.9486930639564389,0.8957731884345118,0.752279089460968,0.9500355358471907,0.9438836761479327,0.5893404336597922,0.8631426842663142,0.8672663580479408,0.763661305959256,0.9802101436650886,0.7405476685689252,-0.26162806406290895,0.2962193487336966,0.7635449382877891,0.7204814555333588,0.757438866095127,0.9812815947390586,0.9813724416274472,0.2509790966307285,0.4086877100344776,0.2566128957212107,0.22862710617548515,0.24852046203381528,0.26341610751190875,0.26110311682710224,0.17770986489256066,0.5855005903291802,0.3222504695434599,0.27048873326627954,-0.5033440858987402,-0.5515707282657294,0.707182264571741,0.7682929750645087,0.7912942571803431,0.855998834365618,0.8337622643134389,0.601147928512579,0.7790658368589025,0.7863671044551562,0.7853932048579932,0.44989144297024825,0.2897667330885217],[0.9964676041738609,0.9920356224050657,0.9901143404554084,0.9968303658107855,0.9985681750915798,0.9816473760330032,0.9985231069157352,0.9999970992044571,0.9714116206367247,0.9999985353408207,0.9999964070577808,0.9997970965149219,1.0,0.9999915991016903,0.9999976924185477,0.9994133539769607,0.993572950340929,0.9995326070833448,0.9999226673261553,0.9999224831835072,0.9999739279668364,0.9999989955812058,0.991369776209925,0.9770716730038438,0.9939486050744115,0.9481461182222067,0.9944532595849667,0.9918950407686927,0.9777191309446366,0.9552994660679236,0.9889503151513712,0.994025379277362,0.992685714099107,0.9740103363194496,0.9995316077889734,0.9996355945162799,0.9997236116930303,0.9997561696265496,0.9993581991297651,0.9995771395793684,0.9984076977156182,0.9989793271666948,0.999603416594293,0.9994769304734129,0.9816451094936564,0.940067561097479,0.9536124640010445,0.9569819235833887,0.940579417617142,0.9034549655058888,0.9576090881121858,0.9452725191636637,0.9596594397458914,0.9601137025895109,0.9502225939715042,0.9808808322452449,0.9800021678662916,0.991535748669027,0.9969731707348465,0.950019569979658,0.9597423741472162,0.9688385068293259,0.9717914365171855,0.9706272643889063,0.952758256386017,0.8982816380240572,0.9545521348375534,0.9580390024117202,0.9414726047898915,0.8844032418596163,0.9673609241382763,0.9416458600063895,0.9663932779942863,0.9506579934123696,0.7963583007327781,0.8696326835810066,0.8007893484274321,0.8829001467419829,0.899046807589899,0.9055145775323998,0.8862027060418283,0.895257205504536,0.3921384155303213,-0.5741287143182318,0.9616566944128939,0.9456486870475611,0.9460730899065067,0.9539505703413004,0.9564235108930635,0.9680175992441754,0.9681185401248521,0.919938190958599,0.9641799057614785,0.8532309101437382,0.794608797203582,0.9517935305128776,0.9477387680710905,0.8136259175356544,0.9555382340209251,0.9565152267243388,0.9008621897978206,0.9775450843127491,0.8368096937805939,0.554140476286519,0.7168264478438722,0.8594337483015326,0.8504287472689767,0.8420494088555804,0.9832907523052443,0.9834654561892863,0.7748574306428789,0.7356133969871457,0.785135508894987,0.4342481137348093,0.7796493116394593,0.7934123244472869,0.789520558577678,0.7916629928162882,0.7812909346317145,0.7467235139717385,0.72921294707473,-0.31672989951779595,-0.46802935823609143,0.7088728277362882,0.8852170928272004,0.9199348927922455,0.934647983884401,0.9062625457937606,0.82129248471617,0.9043658995437961,0.9214640140877416,0.9202429436815074,0.7631148890455268,-0.07958296338698155],[0.9964987492231294,0.9919463442487393,0.9921791416854486,0.9969454662712756,0.9985838896681619,0.982156341955893,0.9995019819712581,0.9999932073297616,0.9797298170964125,0.9999921593205694,0.9999950599047583,0.9997836315863785,0.9999915991016903,1.0,0.9999953821298504,0.9995947187196339,0.9979424459748749,0.9994930875876019,0.9999086519227618,0.9999076763223538,0.9999567007063686,0.9999919575080424,0.9932409894203196,0.9775051361044936,0.9961669519590084,0.9691687510107391,0.995959490431229,0.9917643712143577,0.9782017973829266,0.9554857872233198,0.9893731645579067,0.9941146644400923,0.9919924929999239,0.9735643498864279,0.9995139844980796,0.9995902204899605,0.9996462910457923,0.9998945055293723,0.9993253475913227,0.9995283733952676,0.9982898729948997,0.9989055774674245,0.9995349155774287,0.9995284367411307,0.9842153839735545,0.9398534381833562,0.9534104766938851,0.956944531964664,0.9404616579989492,0.9030213512828904,0.9529473026541424,0.9388166775562331,0.955267848529488,0.9595187226439333,0.9495021726784936,0.9795426483873758,0.9796956283828355,0.9908660770507056,0.9969731264158994,0.974363562442075,0.9594567662662112,0.9735870225138792,0.9717540287951881,0.9745264961891351,0.9743430727585871,0.9412339005819056,0.9541467549002212,0.9567542178000245,0.9564924060937642,0.918305363273079,0.9673436391187845,0.9690620050945682,0.973929098164629,0.9729426754164905,0.9343198085316815,0.8692256258159973,0.8370945126384904,0.8823973601717697,0.9090765437226814,0.9052665122479543,0.9059726584499701,0.9049348870738058,0.7209406578258343,-0.5745981982220917,0.9616214337150096,0.9454112879715121,0.9457321971878823,0.9753662395264847,0.9564772895598831,0.967966767377824,0.9680637634272392,0.9201477775302815,0.9695897486797324,0.9311457881371187,0.7945180101802697,0.9518786073446113,0.9523578011197177,0.8129541333362921,0.9554281279342103,0.956351209179461,0.900471443324841,0.9778744977053118,0.8868660097287295,0.5532809245554334,0.7156972690665818,0.8947610671445536,0.8639493183983719,0.8858888084211778,0.9835449677595558,0.9837447942926723,0.7734826193300849,0.7344175795354512,0.8056442942403919,0.43380740175975285,0.7866701396668623,0.809973952216318,0.8045184441735257,0.7922974372256654,0.7808498113219146,0.7450186591979003,0.7275141680579205,-0.406420931431511,-0.5286182253994772,0.7070269572486807,0.8846464800320469,0.9164157904029366,0.9302464816893269,0.906081815476456,0.8197195969471829,0.8928873619050659,0.9097011759298873,0.9093049134991034,0.8413279309608993,-0.04633515293102263],[0.9964177675325149,0.9920014788812189,0.9903196871944046,0.9967963998064981,0.9985850040044201,0.9818987015960113,0.9992410202565847,0.9999983533683725,0.9762756921018421,0.9999979015443654,0.9999984099287706,0.9997889036170041,0.9999976924185477,0.9999953821298504,1.0,0.9994981839414757,0.9972594086045792,0.9995097547028173,0.9999158131949923,0.9999151779009043,0.9999679907561823,0.999997734874977,0.9915331413743517,0.9773283472912986,0.9955449306374522,0.9609513357198983,0.9953499890319437,0.9918554284357282,0.9779702010836068,0.9555143982772306,0.9914158317471619,0.9942806289435647,0.9925553738334134,0.9738045851415621,0.9994996323021648,0.9995982287083768,0.9997006717355537,0.9997722089380396,0.9993289065177735,0.9995351176989359,0.9983468162300624,0.9989305074650442,0.9995702218926246,0.9994453492117215,0.9818963096835358,0.9398931698480372,0.9534819254915553,0.9570481818292911,0.9405928552868722,0.903148461851577,0.9573272872725622,0.9450151462409966,0.9594053075228874,0.9597513335253287,0.9497595576689738,0.9806521497635524,0.9797693990870674,0.9913782091997297,0.9968536846947985,0.9500543876665668,0.9597996581971824,0.9688366518253287,0.9718487203527405,0.9706137279853732,0.9523940896774834,0.8985669176814136,0.9543770154205783,0.9578330476323602,0.9413385325032728,0.8844245811865782,0.9675100053310328,0.9418423047474325,0.9664501223130944,0.9507225810116571,0.7967952218251103,0.8694328941837806,0.8006189651048916,0.8827528972954239,0.8990218801072593,0.9054322391306197,0.8860538562455703,0.8951336945740737,0.39240752668436746,-0.5737167607855844,0.9616910374320015,0.9456585017680326,0.9460805983178473,0.95266041579078,0.9565338114623918,0.968023000057516,0.9681182926993699,0.9201913106337586,0.9641593407762957,0.8535232160536728,0.794588486344986,0.9520698548856995,0.9481496119305644,0.8136453676321633,0.955482860156383,0.9564713093904466,0.9003470685888024,0.9776993829899503,0.8363302748318018,0.552840976507882,0.7160751581869189,0.8589506380749254,0.8500081380099624,0.8415763267161483,0.9833859141122349,0.9835576928379861,0.7738840263904403,0.7348168328901326,0.7844887582265329,0.43389094214513896,0.7789618751807085,0.7926352231295439,0.7890275225863664,0.7908544491385578,0.780890216745079,0.7455736943033097,0.7280828330749219,-0.3174538933054842,-0.4686408911481321,0.7087050604023151,0.8846087466095177,0.9195594794843106,0.9341441670495789,0.9058192891013891,0.82053613916001,0.9039649537909973,0.9208974141097762,0.919798390456284,0.7625192005653898,-0.07878553886473395],[0.9977512573081814,0.993987826652434,0.9897923717209958,0.9979934502095661,0.9990558590097046,0.9815190531549032,0.9998942277725184,0.9993688032055135,0.9743481049321395,0.999703778020099,0.9996910314784544,0.9996886386094097,0.9994133539769607,0.9995947187196339,0.9994981839414757,1.0,0.9985059155863525,0.9998611300150752,0.9995797575937482,0.9995841694745763,0.9997852608282097,0.9995675245851199,0.9911931453227342,0.9763366145711788,0.9942751184865105,0.9539473911575069,0.9939426671587837,0.9931573151517843,0.9762604880665398,0.9560351239580629,0.9918068939170309,0.9927816170394793,0.9933826213244309,0.975773378639426,0.999307567046528,0.9997471229840518,0.9997349007962011,0.9995972034732193,0.9996395995986014,0.9997052775436424,0.9989000772346555,0.9996117236216776,0.9995335764602756,0.9993064516770459,0.980590548095567,0.938579741500757,0.9554607956890315,0.954564823419618,0.9415075184448501,0.9092916044532938,0.9592706770049468,0.9492790010891329,0.9616204265536645,0.9635971209278751,0.9536915252114884,0.982525591185707,0.9816809276915558,0.992270162092553,0.9964098682085597,0.9543507524350016,0.963306010863033,0.9734420691372278,0.9743135782371211,0.9749719651004062,0.9550929163557099,0.903642254237587,0.9576496636673258,0.962754807554466,0.9459891021626161,0.8921008358733291,0.9699407075572254,0.9465099361050243,0.9705635383676292,0.9548719055312753,0.8046712432428935,0.874617897687392,0.8047703792352143,0.8879187095361352,0.9037480519350056,0.9080448581442776,0.889602503432123,0.9001095243398141,0.40314619779460326,-0.571002493485662,0.9648699909995299,0.9502692117554101,0.9505529370850964,0.956548162831875,0.9601124943759844,0.9710260312211703,0.9711030294798386,0.9241184332692153,0.9690213260453528,0.8605264040417772,0.7963735969809823,0.9437886746637109,0.9407352551117785,0.8159193218903589,0.9555359214428499,0.9563452284284726,0.9004872950062296,0.9744624557052507,0.835652193537005,0.5625161304349959,0.720975587092425