var element=document.getElementById("correlationClose");if(element.style.display!='none'){var correlationClose={"data":[{"type":"heatmap","z":[[1.0,0.9999907325397565,0.7114732402754946,0.999758598545219,0.9982501984256399,1.0,0.9931565062536172,0.990135577141784,0.990135577141784,0.9936493400342518,0.9789642282939136,0.9881334340949675,0.993189132097076,0.9935243743386957,0.9932310216153845,0.6932704318458204,0.5964955769170035,0.2234632137353547,0.9939107464448261,0.9939117610436363,0.9860179481152476,0.9931862342392132,0.3603215076304294,0.7753008509393681,0.9840455881986351,0.9840455881986351,0.9840274076323982,0.9797433522128681,0.29567141938175157,-0.14772904533267733,0.9889414947378358,0.9889041751309328,0.2357558477531398,-0.23533677088166963,0.9950356741184495,0.9953461291814028,0.8665107722371421,-0.3399410068879334,0.9912863300358423,0.9954240566480537,0.6699390746829408,0.20379042224808036,0.9951504346294514,0.995150601309612,0.9951504346294514,0.9112085109221698,0.6605310251522202,0.934451418787332,0.9376794328242342,0.8621150705111466,0.38387011828790335,-0.19020944741735377,0.23214713256255196,0.9536123974652225,0.3605562495400429,0.9753611981414434,0.9724128626251,0.9817720524400401,0.9891737867163295,0.9394288413858682,0.9496060464625057,0.9508569624515274,0.9406358250111675,0.948211787664965,0.9488571575445921,0.948211787664965,0.9034079667040774,0.9293935974975488,0.9302227168435817,0.9293935974975488,0.9355177002729822,0.8168548514738406,0.9090090780954998,0.9102760078165345,0.9090090780954998,0.7476226221857868,0.4423324020121395,0.7383371312764301,-0.5180807102162713,0.6443769399816444,0.6543049758972277,0.6551092737852562,0.6543049758972277,-0.06931671459079296,0.9234066373387176,0.9525225825586731,0.9390381666545381,0.9408181797939864,0.2279799054724534,0.917999848832354,0.9186220741226819,0.917999848832354,0.9214293303295491,0.9214293303295491,-0.09525526262775053,0.6076636383716724,0.1345443216712246,-0.7198291014669729,-0.605957485915761,-0.6096812645843338,-0.16724619156110826,0.16177975141921633,0.18629271372608858,-0.04205274642287191,-0.6016526675469615,-0.04802437017793089,-0.7972712038400781,-0.31721198726789235,0.18293805366284507,0.1849758187014392,-0.5859776799612753,-0.5677169534929066,-0.304854445417815,-0.5287463427855389,-0.8096694387892032,-0.42978022860145637,-0.4229848800489826,-0.42978022860145637,-0.2569496237055554,-0.3795472299800311,-0.3795472299800311,-0.7979026925776461,-0.7979026925776461,0.48153807705563517,0.6334702874448969,0.8486358136984532,0.8424305296369641,0.7560520303859934,-0.3537057384314791,0.7472029760984777,0.7710423533355281,0.7711209333179544,0.7710423533355281,-0.1550606569919491],[0.9999907325397565,1.0,0.9841472420240372,0.999573739502611,0.9963504537125732,0.9999907325397565,0.9864589011332562,0.9819360432227499,0.9819360432227499,0.9863778775674301,0.976355702036923,0.9871480543254416,0.9864954774209317,0.9864278515495407,0.9863630210479309,-0.015284259740815162,-0.10876906059592785,-0.47822592491050925,0.9892695235335084,0.9892678588549587,0.9865289156096807,0.986532015792151,-0.20690440861802703,0.9821075974146419,0.9827493081741455,0.9827493081741455,0.9827719781361545,0.97992457238447,0.06584905479608581,0.08815483053906942,0.9831914754713497,0.9832281226128737,0.6859560990938766,0.017947017049836374,0.9913978066015782,0.9914009186389328,0.9919332534275391,0.9873409766799531,0.9905518847911041,0.9914555103962487,-0.06461416566279461,-0.4823591886906397,0.991959133862723,0.9919576147361558,0.991959133862723,0.9111985357628379,0.5131717979696234,0.934734209086361,0.9378049761355627,0.8616953921442375,-0.20373518937112134,-0.46051095038602435,0.8612256188282406,0.9035375592561705,-0.25899068112518175,0.9453081127606208,0.9454348052417689,0.9662486812073464,0.9786622885871646,0.9603108411715956,0.9650554621814403,0.9520802168666973,0.9539918370091394,0.9547385017976208,0.9550396069141021,0.9547385017976208,0.8863879228793587,0.8620056652861662,0.8630363943775547,0.8620056652861662,0.9618058187666451,0.964194424155434,0.9617240445095507,0.9623885807692054,0.9617240445095507,0.7077359225613469,0.6676629682369543,0.7379005826813476,0.7910512726388615,0.7137115438049121,0.7337233452510333,0.7347856094077837,0.7337233452510333,-0.06508138013616656,0.9325694320249014,0.949537931974783,0.9440117014563228,0.9643492564755097,-0.33193895065306633,0.9297370822827632,0.9298564992327825,0.9297370822827632,0.9349027279977374,0.9349027279977374,-0.17742359044195835,0.6082579135688846,-0.3727886635500894,-0.805686798479659,-0.4698930874635449,-0.4740265278829092,-0.40337132664615616,0.2979440036055851,-0.272944363483497,-0.5228985702099888,-0.7613143858994226,-0.3745077204027835,-0.4685898369836778,-0.4403793257558289,0.15267679385290792,0.15057447418079659,-0.492319205801551,-0.46242820121661,-0.49059479040175086,-0.522414844908581,-0.5140225396283906,-0.4928861149576166,-0.4963765233983383,-0.4928861149576166,-0.3889197193579527,-0.5564044962712911,-0.5564044962712911,-0.5199996858659988,-0.5199996858659988,0.4814761170237127,0.37672297954947803,0.5133513546136279,0.638116816652451,0.5340173908269029,-0.44434526845887484,0.4095045019712745,0.3203762957372599,0.3205663146029414,0.3203762957372599,0.21282327798526657],[0.7114732402754946,0.9841472420240372,1.0,0.709219556580421,0.6562299831252859,0.7114732402754946,0.6894098306482784,0.6830403277997454,0.6830403277997454,0.6480369402852121,0.6208079573648552,0.9945144965106635,0.6894359345121033,0.6870072112251687,0.6895440950497451,0.3617333225807365,0.31043236976979544,-0.23994431236510258,0.6571102243447494,0.6571073927226153,0.6281052738609799,0.6891295820524429,0.1457541823548285,0.8236490154433737,0.6742715063914996,0.6742715063914996,0.6740619858686985,0.9900348412667975,0.2693310312972135,0.07841811305888462,0.6446376538911429,0.6442981217309696,0.5911102126976204,-0.07607971333818311,0.6846371046703851,0.6400232257471796,0.6471429936124231,0.27825094193798783,0.9932161567708969,0.6386124897754475,0.3440170644983809,-0.24978039216303324,0.701748259696663,0.6832624840014536,0.701748259696663,0.9083104624033965,0.4313871114826905,0.9465644971075509,0.9298093370178123,0.7803170238273236,0.2396449280485221,-0.08349353937240832,0.05723280996323617,0.5907583063660256,-0.07774091782796624,0.6289069988178078,0.6106644080662506,0.6263355929902611,0.5904835259465468,0.04255881514823388,0.8330436753131654,0.769949216443446,0.702839645834392,0.7753316750518311,0.7887985628054397,0.7753316750518311,0.6125093344974508,0.6999653830269539,0.736888947390234,0.6999653830269539,0.7492291341007637,0.7046118608695479,0.7571935004838423,0.7917027100950136,0.7571935004838423,0.5207942097776089,-0.0801696771766069,0.5340291325300484,0.08579548537069003,0.4946552679527605,0.2714372023341299,0.5434998809163316,0.2714372023341299,-0.11397739774131857,0.6850674597389693,0.9056145278834934,0.7449446025816662,0.7941873376623733,-0.09549698587429627,0.7150463657257204,0.715518511844655,0.7150463657257204,0.7604383648045954,0.7604383648045954,-0.18997751349885014,0.7042322218088023,-0.17318292870045685,-0.7390044858912767,-0.4676300499533441,-0.4713105203582118,-0.4395053173258596,0.14126309635542297,0.019030829467607757,-0.36722806879230496,-0.7187477889021138,-0.1870916126954476,-0.3539181735535556,-0.2996522954137617,0.07486847374675935,0.07426791706100423,-0.5088058558018763,-0.09398904283295918,-0.2817931211588817,-0.5269680962796515,-0.24017066424944294,-0.4290365094179335,-0.31445915559516247,-0.4290365094179335,-0.43807347304238875,-0.5641512275262606,-0.5641512275262606,-0.3320530263319945,-0.3320530263319945,0.43600876796958804,0.2367936476347899,0.30839419144726593,0.5460581777008026,0.32844505037929994,-0.40305005605114486,0.005443032422552436,0.467246070360056,0.5611375604354146,0.467246070360056,0.017199495801966183],[0.999758598545219,0.999573739502611,0.709219556580421,1.0,0.9990079502016951,0.9997585985452189,0.9942009739606307,0.9915941732305402,0.9915941732305402,0.9948852932351212,0.9773893433630838,0.9908174234241727,0.9942247060698998,0.9948196228698649,0.9942453849677614,0.6922653311150762,0.5950036980159807,0.20935520755245868,0.9947860294463179,0.9947873625546799,0.9860238604323879,0.9942127948146976,0.35183812061549197,0.7794594546468885,0.9862855426730135,0.9862855426730135,0.9862665699103899,0.9845477080094472,0.29139286319064,-0.15345565311131684,0.9881407211527474,0.988110674362073,0.22787847626153343,-0.23570351646588708,0.9954188541626968,0.9959237043554977,0.8369251993584695,-0.3438634170210465,0.9932179053479637,0.9961999907255986,0.6683651431230546,0.1894305410820743,0.9936682574833915,0.9954530806272531,0.9936682574833915,0.9093401702553956,0.6493092779040031,0.9369182304503122,0.9350384465480008,0.8486056342311344,0.3795300024652678,-0.1944102890343284,0.22756745836720235,0.9488814294183991,0.345690517635639,0.9711541299350955,0.9697955646895283,0.9797421272673659,0.9888852925720808,0.9231514319953026,0.9451115308959964,0.9412618815602066,0.9378963537267855,0.9356511070922772,0.936504133178858,0.9356511070922772,0.89767412654478,0.92056638591852,0.9214879236167209,0.92056638591852,0.9331419597721663,0.7697578161928252,0.8786935945044007,0.8800501358426621,0.8786935945044007,0.7420963647866569,0.19254782609290824,0.7314535648075379,-0.522734988059655,0.6410068237693721,0.39232847455910774,0.6291231666445607,0.39232847455910774,-0.07469834334745468,0.919879823747322,0.9477687328154705,0.9337972915356095,0.9228105212461719,0.2145241582774116,0.9150758823477645,0.9158166684634027,0.9150758823477645,0.9070240856824844,0.9070240856824844,-0.09933032867194942,0.6242078349056334,0.1395662780679004,-0.7281512402580267,-0.611850041435577,-0.6155042957253344,-0.17797101710994603,0.1579694793935236,0.1803335248600703,-0.0541473493337205,-0.6118392740062014,-0.053312605180542996,-0.801951039243943,-0.32398788539423995,0.17425267038631712,0.17635362410775732,-0.5916334040380292,-0.5644458910715198,-0.3050597956272763,-0.5374936126581857,-0.810524864587321,-0.4303235054389475,-0.4240641662844814,-0.4303235054389475,-0.26416468684869815,-0.38770957992221744,-0.38770957992221744,-0.7970180174734282,-0.7970180174734282,0.4735000533754209,0.6233373594924566,0.8410315713232155,0.8352057331098963,0.7495665527310412,-0.3650631849157196,0.7386936335955727,0.762529201344478,0.762612514870534,0.762529201344478,-0.1406952920149594],[0.9982501984256399,0.9963504537125732,0.6562299831252859,0.9990079502016951,1.0,0.9982501984256399,0.9973875420021523,0.9961900684405054,0.9961900684405054,0.9976023352036457,0.9717641034879282,0.9966695541554048,0.9974044720652092,0.9974710601484607,0.9974261059949023,0.5740795222569894,0.4504871544287842,0.003341830466691413,0.9977472542461132,0.9977487697736237,0.9884699279819011,0.9973923507313679,-0.006429645188965828,0.7673016295457377,0.9932747341975002,0.9932747341975002,0.9932384469497991,0.9916060965538426,0.06890469486438898,-0.13716155010309497,0.9871245277207116,0.9870537406378291,-0.06379990180817742,-0.14427002158825378,0.9977916604084786,0.997710937492336,0.8333969730795958,-0.45451142065932776,0.9977532634754468,0.9980579317985846,0.5365164700777669,-0.020630084643321847,0.9977392721437355,0.9977448442028463,0.9977392721437355,0.9209913940511754,0.6179415526013565,0.9443667457861907,0.9333575743762903,0.8283120458885019,-0.05219023671831574,-0.5840656128238855,-0.1374020898862488,0.9406780458382099,0.20233233412965693,0.969392662377484,0.9694621800649227,0.9831770165296109,0.9895637176926287,0.9228778726011944,0.9295596122210957,0.9320133049349288,0.9269712000186991,0.930472994867597,0.9308856253033437,0.930472994867597,0.8771674781410584,0.8848912633995926,0.8859276895663052,0.8848912633995926,0.9234305106947587,0.8513293793419259,0.9062192849410093,0.9070388990001413,0.9062192849410093,0.7091873850832072,0.615506409406005,0.7018993540370012,-0.5228390953153772,0.6870699176605944,0.6706746348522222,0.6707767391828414,0.6706746348522222,-0.08038883196387443,0.9048087363882513,0.928035323623346,0.915103162633084,0.9299339876609355,0.06073076418994745,0.9035320841663219,0.9045007828381517,0.9035320841663219,0.9081149338134333,0.9081149338134333,-0.13464489888446649,0.6667666076796117,-0.005284491880438041,-0.7527508859059461,-0.6532374993213971,-0.6543302710653771,-0.2052029164131798,0.18117908795977788,-0.20108162951437158,-0.292628290811135,-0.6715067066976347,-0.40003833418957807,-0.838661933908077,-0.5833985697769514,0.14641872572601614,0.14840386843520545,-0.6143966185881643,-0.5609729940298963,-0.5635245379604897,-0.5721282949630577,-0.7644173672175985,-0.6115034515057707,-0.6147868118297987,-0.6115034515057707,-0.2974701010285536,-0.41640153578073197,-0.41640153578073197,-0.7352351196782154,-0.7352351196782154,0.46105110642196256,0.6091838216566021,0.8036135726602637,0.8059514091999679,0.7431865426372581,-0.483313319356274,0.6218884655692759,0.664450912670987,0.6646568750821532,0.664450912670987,0.08572478914678094],[1.0,0.9999907325397565,0.7114732402754946,0.9997585985452189,0.9982501984256399,1.0,0.9931565062536172,0.990135577141784,0.990135577141784,0.9936493400342518,0.9789642282939136,0.9881334340949675,0.993189132097076,0.9935243743386957,0.9932310216153845,0.6932704318458204,0.5964955769170035,0.2234632137353547,0.9939107464448261,0.9939117610436363,0.9860179481152476,0.9931862342392132,0.3603215076304294,0.7753008509393681,0.9840455881986351,0.9840455881986351,0.9840274076323982,0.9797433522128681,0.29567141938175157,-0.14772904533267733,0.9889414947378358,0.9889041751309328,0.2357558477531398,-0.23533677088166963,0.9950356741184495,0.9953461291814028,0.8665107722371421,-0.3399410068879334,0.9912863300358423,0.9954240566480537,0.6699390746829408,0.20379042224808036,0.9951504346294514,0.995150601309612,0.9951504346294514,0.9112085109221698,0.6605310251522202,0.934451418787332,0.9376794328242342,0.8621150705111466,0.38387011828790335,-0.19020944741735377,0.23214713256255196,0.9536123974652225,0.3605562495400429,0.9753611981414434,0.9724128626251,0.9817720524400401,0.9891737867163295,0.9394288413858682,0.9496060464625057,0.9508569624515274,0.9406358250111675,0.948211787664965,0.9488571575445921,0.948211787664965,0.9034079667040774,0.9293935974975488,0.9302227168435817,0.9293935974975488,0.9355177002729822,0.8168548514738406,0.9090090780954998,0.9102760078165345,0.9090090780954998,0.7476226221857868,0.4423324020121395,0.7383371312764301,-0.5180807102162713,0.6443769399816444,0.6543049758972277,0.6551092737852562,0.6543049758972277,-0.06931671459079296,0.9234066373387176,0.9525225825586731,0.9390381666545381,0.9408181797939864,0.2279799054724534,0.917999848832354,0.9186220741226819,0.917999848832354,0.9214293303295491,0.9214293303295491,-0.09525526262775053,0.6076636383716724,0.1345443216712246,-0.7198291014669729,-0.605957485915761,-0.6096812645843338,-0.16724619156110826,0.16177975141921633,0.18629271372608858,-0.04205274642287191,-0.6016526675469615,-0.04802437017793089,-0.7972712038400781,-0.31721198726789235,0.18293805366284507,0.1849758187014392,-0.5859776799612753,-0.5677169534929066,-0.304854445417815,-0.5287463427855389,-0.8096694387892032,-0.42978022860145637,-0.4229848800489826,-0.42978022860145637,-0.2569496237055554,-0.3795472299800311,-0.3795472299800311,-0.7979026925776461,-0.7979026925776461,0.48153807705563517,0.6334702874448969,0.8486358136984532,0.8424305296369641,0.7560520303859934,-0.3537057384314791,0.7472029760984777,0.7710423533355281,0.7711209333179544,0.7710423533355281,-0.1550606569919491],[0.9931565062536172,0.9864589011332562,0.6894098306482784,0.9942009739606307,0.9973875420021523,0.9931565062536172,1.0,0.997749309292456,0.997749309292456,0.9999732596599866,0.9670714917543907,0.9997251524759561,0.9999969320445097,0.9999884936928074,0.9999940950475821,0.794134731110198,0.7770202029016903,0.18317999999385656,0.9998755862287186,0.9998760957799453,0.9909165516008255,0.9999970862750821,0.27892894556724096,0.7728540270396193,0.9868559459305045,0.9868559459305045,0.9882836346649321,0.9926388876860787,0.2286686799538593,-0.20143277789979475,0.9914330373670828,0.9915155772595304,0.14389577972614165,-0.27578086427297704,0.999397157584636,0.9995183611768796,0.48980496891036546,-0.29192421857896717,0.9992251519229641,0.9995007880041356,0.7688283622864904,0.16198942142075132,0.9496336510313418,0.9991716196583023,0.9496336510313418,0.9284490173960037,0.6259693367762769,0.9512306338360798,0.9325463621542244,0.7988239329537227,0.42140249749236697,-0.13137691171639507,-0.17325946049997729,0.9385239386239751,0.3199704696776649,0.9699051986624491,0.9673317237821227,0.981155012292829,0.9952899170411756,0.013958797076797171,0.8958104412387757,0.857787469841991,0.8976008313532444,0.8531654858583375,0.8198895058958685,0.8531654858583375,0.8445383762265491,0.8254864810723085,0.8155239995151233,0.8254864810723085,0.8934175957282307,0.4567668904196856,0.64577241555186,0.6945361530833953,0.64577241555186,0.678471117096945,-0.3224992923786655,0.6581056974751481,-0.5906400677952699,0.5771199530643762,-0.05462528003513323,0.5048131633335937,-0.05462528003513323,-0.11537466644087545,0.8723326911904506,0.8957995924933453,0.8821862824871481,0.7951933150263046,0.1862701765867258,0.8703807122121776,0.8714781675610792,0.8703807122121776,0.8022859290542493,0.8022859290542493,-0.16849402918528725,0.7050847667533465,0.21945018365181937,-0.7290953760059244,-0.648879014586082,-0.6521231481898082,-0.2136638441140421,0.10999203285326792,0.30564593426924497,-0.0765786560736258,-0.6177078085403812,0.016287539349225152,-0.8289442844431353,-0.21870109944580432,0.11377036981121806,0.11591468599333005,-0.6309931609831956,-0.5793799138999404,-0.13855903212393939,-0.6045078332190537,-0.8276383548155839,-0.41961524387804783,-0.2586502917457132,-0.41961524387804783,-0.32491570239954953,-0.42237261729011916,-0.42237261729011916,-0.8195107439448273,-0.8195107439448273,0.4592566696185088,0.5966537308287718,0.5194294744815733,0.8094282720461727,0.7416592413825998,-0.4093585075685356,0.0807102155182896,0.7438682662357301,0.7621187375961512,0.7438682662357301,-0.08270511607486802],[0.990135577141784,0.9819360432227499,0.6830403277997454,0.9915941732305402,0.9961900684405054,0.990135577141784,0.997749309292456,1.0,1.0,0.9996233878419719,0.961491982994767,0.9989430105119987,0.9984466036850442,0.9994682710938525,0.9992502141487759,0.7905971044462369,0.7639007523920341,0.16199276796232367,0.9992722465903359,0.999275101533405,0.9885536593385146,0.9993695459263723,0.25446961015081243,0.7750859507869053,0.9933702481929938,0.9933702481929938,0.9867186796688443,0.990553945610171,0.21179294257678657,-0.21385983819200316,0.9878164992430158,0.9912371132783716,0.12598126506498347,-0.28151050160829716,0.9984606609018942,0.9984824420640193,0.4747662879588589,-0.2975553705966843,0.9977085062961272,0.9984718507363401,0.7653640644163929,0.14047238159484873,0.9433423855270963,0.9982967743025762,0.9433423855270963,0.9266307678389147,0.6121308605238206,0.9518912246598425,0.931537347638481,0.7826143953994183,0.4093634019952522,-0.14522932873707212,-0.18440388816774145,0.9313337546759985,0.30055363437101534,0.9656337442422731,0.9628390894665528,0.9767025678350925,0.9942183675488406,0.005785930881947604,0.8883833955330882,0.8460328334854303,0.8918700926946769,0.8424180186763504,0.8099912467511914,0.8424180186763504,0.8358320080225037,0.8115849847156272,0.8047715700870766,0.8115849847156272,0.8878026902917985,0.44115841256126326,0.6297279198375831,0.6811059805916637,0.6297279198375831,0.670018817784136,-0.3352120111804933,0.6480987987747134,-0.5961501205176545,0.5720932491871927,-0.07392756276762401,0.4918859279556486,-0.07392756276762401,-0.12070282555491162,0.8658354015607276,0.8870049253908057,0.8740425830716485,0.7829520705375175,0.16894564905007925,0.8644663535731968,0.865740046594195,0.8644663535731968,0.7894684102890482,0.7894684102890482,-0.18133747039987905,0.724195565021354,0.2253426989834943,-0.7376582152468177,-0.6598251056941109,-0.6629208659217504,-0.22711366743131461,0.10381087798979909,0.298594143605249,-0.09483143660258521,-0.6291038682374488,0.007157885211557187,-0.8334819172679903,-0.22509311504676363,0.10033771211023701,0.10252395387522076,-0.6409367320318012,-0.579892472423885,-0.14524482347894221,-0.6185491059728476,-0.8263352561714807,-0.4300822938728891,-0.2646605094676486,-0.4300822938728891,-0.34015561936053046,-0.4343978780995226,-0.4343978780995226,-0.8167448310710798,-0.8167448310710798,0.44439679400960563,0.5815976100051614,0.5022999960787555,0.79307916416836,0.7302980084131068,-0.4286233179668958,0.06801333952041416,0.7258969257160297,0.7471343657761143,0.7258969257160297,-0.06619847535973164],[0.990135577141784,0.9819360432227499,0.6830403277997454,0.9915941732305402,0.9961900684405054,0.990135577141784,0.997749309292456,1.0,1.0,0.9996233878419719,0.961491982994767,0.9989430105119987,0.9984466036850442,0.9994682710938525,0.9992502141487759,0.7905971044462369,0.7639007523920341,0.16199276796232367,0.9992722465903359,0.999275101533405,0.9885536593385146,0.9993695459263723,0.25446961015081243,0.7750859507869053,0.9933702481929938,0.9933702481929938,0.9867186796688443,0.990553945610171,0.21179294257678657,-0.21385983819200316,0.9878164992430158,0.9912371132783716,0.12598126506498347,-0.28151050160829716,0.9984606609018942,0.9984824420640193,0.4747662879588589,-0.2975553705966843,0.9977085062961272,0.9984718507363401,0.7653640644163929,0.14047238159484873,0.9433423855270963,0.9982967743025762,0.9433423855270963,0.9266307678389147,0.6121308605238206,0.9518912246598425,0.931537347638481,0.7826143953994183,0.4093634019952522,-0.14522932873707212,-0.18440388816774145,0.9313337546759985,0.30055363437101534,0.9656337442422731,0.9628390894665528,0.9767025678350925,0.9942183675488406,0.005785930881947604,0.8883833955330882,0.8460328334854303,0.8918700926946769,0.8424180186763504,0.8099912467511914,0.8424180186763504,0.8358320080225037,0.8115849847156272,0.8047715700870766,0.8115849847156272,0.8878026902917985,0.44115841256126326,0.6297279198375831,0.6811059805916637,0.6297279198375831,0.670018817784136,-0.3352120111804933,0.6480987987747134,-0.5961501205176545,0.5720932491871927,-0.07392756276762401,0.4918859279556486,-0.07392756276762401,-0.12070282555491162,0.8658354015607276,0.8870049253908057,0.8740425830716485,0.7829520705375175,0.16894564905007925,0.8644663535731968,0.865740046594195,0.8644663535731968,0.7894684102890482,0.7894684102890482,-0.18133747039987905,0.724195565021354,0.2253426989834943,-0.7376582152468177,-0.6598251056941109,-0.6629208659217504,-0.22711366743131461,0.10381087798979909,0.298594143605249,-0.09483143660258521,-0.6291038682374488,0.007157885211557187,-0.8334819172679903,-0.22509311504676363,0.10033771211023701,0.10252395387522076,-0.6409367320318012,-0.579892472423885,-0.14524482347894221,-0.6185491059728476,-0.8263352561714807,-0.4300822938728891,-0.2646605094676486,-0.4300822938728891,-0.34015561936053046,-0.4343978780995226,-0.4343978780995226,-0.8167448310710798,-0.8167448310710798,0.44439679400960563,0.5815976100051614,0.5022999960787555,0.79307916416836,0.7302980084131068,-0.4286233179668958,0.06801333952041416,0.7258969257160297,0.7471343657761143,0.7258969257160297,-0.06619847535973164],[0.9936493400342518,0.9863778775674301,0.6480369402852121,0.9948852932351212,0.9976023352036457,0.9936493400342518,0.9999732596599866,0.9996233878419719,0.9996233878419719,1.0,0.96619927582372,0.9996931250750003,0.9999743325980395,0.9999736495643251,0.9999772170387469,0.6258918182111463,0.5061689990615563,0.061332366485005126,0.9998355595824466,0.9998364384828298,0.990861716701033,0.9999716812575212,0.05016797065742202,0.7562486802708708,0.9957193184223497,0.9957193184223497,0.9956824780682919,0.9925562702300983,0.05732573843809332,-0.14557978871787694,0.9908920075433691,0.9908497585353914,-0.04200583268153733,-0.2390703938934317,0.9994581144547773,0.9994168563695288,0.8360572906288455,-0.4557204746776644,0.9991711365525816,0.9994731662430419,0.5903230399900049,0.037487273241745035,0.999339231610866,0.9993442928875972,0.999339231610866,0.9283602760522324,0.6263343779944789,0.9511532193745507,0.9323525248316042,0.7984382799104428,0.04215562371537915,-0.5410200266557739,-0.09789424864907467,0.9354588779921297,0.264997581817299,0.9676195123186621,0.9673103218283902,0.9834797191355279,0.9945684951483682,0.8998500483045606,0.8968576515657956,0.9100098684953508,0.8988632808975462,0.9084032571369086,0.9089113748579623,0.9084032571369086,0.8448141304553378,0.8672234073128379,0.8683278818523689,0.8672234073128379,0.8950019114530348,0.8184740311013949,0.8807890846716497,0.8817425587777316,0.8807890846716497,0.6787096942144836,0.552269615329959,0.6587579174713235,-0.5825420637413881,0.627147738730464,0.6000368435532932,0.5999844996678767,0.6000368435532932,-0.06573704585506247,0.8735064302342129,0.8959056509650091,0.8827959182701185,0.9074350981195745,0.0994728123925119,0.87555013622044,0.877059316631269,0.87555013622044,0.8802733000999442,0.8802733000999442,-0.16995600841080435,0.7057914215891663,0.022270919007311575,-0.7407396779289094,-0.6800256092755799,-0.6815415153914883,-0.2170471751922015,0.11419189794810637,-0.2053747325714587,-0.2586208375263249,-0.6541235193198094,-0.42555577275060574,-0.8596335399774864,-0.6158075091200311,0.113399377363359,0.11552075128123161,-0.6323327221116187,-0.5754150201489465,-0.5739373644802817,-0.6058820449177552,-0.7916148351333014,-0.6344853437178479,-0.6369880636892136,-0.6344853437178479,-0.3270093081650125,-0.42590951352091283,-0.42590951352091283,-0.7726538159013258,-0.7726538159013258,0.4596661137860321,0.595039265372319,0.8145461013540125,0.815591591489435,0.7397526143796817,-0.43561844267148037,0.6508687076349524,0.689505310675686,0.6896866038620635,0.689505310675686,0.15390788648419393],[0.9789642282939136,0.976355702036923,0.6208079573648552,0.9773893433630838,0.9717641034879282,0.9789642282939136,0.9670714917543907,0.961491982994767,0.961491982994767,0.96619927582372,1.0,0.9556023716216795,0.9670907676320921,0.9670352593055274,0.9668580569121881,0.3765904908069665,0.255326491560226,-0.17240260468860827,0.9707554673221512,0.9707375268199816,0.9671829067775531,0.9671752859493342,-0.044533919897373625,0.7933537540158855,0.9683652466667046,0.9683652466667046,0.9685128822365202,0.9205906967542412,0.14552197767618966,-0.13334154679315496,0.9723406488920464,0.9724276177096846,0.09788628303121992,-0.021901853383952733,0.9737527408300828,0.9739585287485278,0.9025369842554611,-0.32677556553230114,0.9623544736693054,0.9730863642223353,0.3344410067059205,-0.19187836931359067,0.9746784834071464,0.9746510255311844,0.9746784834071464,0.8514726000492289,0.43878871140073233,0.8740375551314307,0.9232827146870222,0.885812061389584,-0.4568470326624137,-0.6650266140618659,-0.16596975756536075,0.9073938365101851,-0.04619954587019409,0.9312390833407761,0.9312946140866826,0.9466799391593103,0.9705434794730843,0.901982447796615,0.905090037040769,0.9123386953415253,0.9047247641212445,0.9062918056957607,0.9067443784188847,0.9062918056957607,0.8674293442716043,0.842672146096014,0.8437280549564933,0.842672146096014,0.9012314363603398,0.9132211932584976,0.8994590549190697,0.8998741628422283,0.8994590549190697,0.7508888927651701,0.6960239347394259,0.751671549258678,-0.22965095277294678,0.7623289775652577,0.7759297518281459,0.7778902484092132,0.7759297518281459,-0.21360458204308386,0.8999964767193126,0.9453550010880667,0.9124072955205159,0.9127999331452646,-0.06099128268167791,0.8947956921511073,0.895486046130157,0.8947956921511073,0.9010609413283354,0.9010609413283354,0.030560700560365677,0.45116187122981616,-0.1493715036626827,-0.6877038707413927,-0.45715764220075783,-0.4598871768700774,-0.09653717581272411,0.44403747594868925,-0.004107440950308994,-0.23044486948150875,-0.5858989502172157,-0.1338540546015349,-0.7851398653859035,-0.2987297945540013,0.3073391516981794,0.30769112633683726,-0.4280311658283524,-0.4302796293508021,-0.3968797884141833,-0.4090434995904878,-0.6509942899598741,-0.4156983328265565,-0.4182858443454928,-0.4156983328265565,-0.16158998251766934,-0.46821224871951655,-0.46821224871951655,-0.5420171377772782,-0.5420171377772782,0.5841707385734337,0.6511566615550708,0.7574953371936659,0.7200076579585233,0.8111777222179586,-0.5195219656746288,0.43680265513287464,0.5388112083583588,0.5391426567166369,0.5388112083583588,-0.1043419020464762],[0.9881334340949675,0.9871480543254416,0.9945144965106635,0.9908174234241727,0.9966695541554048,0.9881334340949675,0.9997251524759561,0.9989430105119987,0.9989430105119987,0.9996931250750003,0.9556023716216795,1.0,0.9997244429040287,0.9997209596398551,0.9996987014628653,0.10266061508524257,-0.002179323739779078,-0.5475327080156619,0.9998307824142968,0.999832369477174,0.9997284005785018,0.9997274687781113,-0.292417021759676,0.9745840618100005,0.9951906051280551,0.9951906051280551,0.9951736768676595,0.9939825123117949,0.061075121955891806,0.05468263281947556,0.992782582346037,0.992825379081745,0.7479465131300397,-0.056340145372635604,0.9992013699467187,0.9991670037140286,0.9990557652242251,0.9994840012821796,0.9995178347793897,0.9992322390279913,0.046413887424635016,-0.5547594534482722,0.9990169118890534,0.9990228483071588,0.9990169118890534,0.9236279361516337,0.4750402761418198,0.947225479831915,0.9286950196075566,0.798236628165146,-0.3346195725132833,-0.576621837048708,0.8429807198338679,0.8715607507274218,-0.34376044414708457,0.9423143446921242,0.9424963643955753,0.9738148306737937,0.9939989768079779,0.9146579180347032,0.9194082148759857,0.8985337598779602,0.9035597558854329,0.9025582314025622,0.9029837890322719,0.9025582314025622,0.8130182614208635,0.7829699338022287,0.7843097025620329,0.7829699338022287,0.9209589480216219,0.9258595526746377,0.9199110596822896,0.9207049183032748,0.9199110596822896,0.6109790348064111,0.5624694677958535,0.640873162114288,0.7093674937896538,0.6233317516912726,0.6483194096182695,0.6503180908938226,0.6483194096182695,-0.23943688255516543,0.8712914444413379,0.8972816855655327,0.8879658860286528,0.9205950671300471,-0.3538749138843938,0.8675608118160104,0.8677342271255702,0.8675608118160104,0.8747732881731897,0.8747732881731897,-0.22048562416016462,0.7001867057248976,-0.39525852532857403,-0.8211975104155405,-0.5411646839745723,-0.5443774893967064,-0.44297788340467914,0.2548166895693952,-0.30944582028128764,-0.5530842246170892,-0.7820169042602194,-0.41568109880448134,-0.5837537977657062,-0.49154182531213475,0.10614972577774807,0.1044237059560652,-0.5602247593038749,-0.5347288167431453,-0.5561182698969834,-0.5922719764345294,-0.5852005533445636,-0.5594886114150927,-0.5627960862529882,-0.5594886114150927,-0.4533807485745109,-0.6414920620373725,-0.6414920620373725,-0.628770098791726,-0.628770098791726,0.45539562381408594,0.35275458506332263,0.4941784408805119,0.6128009794833702,0.5377748381715393,-0.5733154764359812,0.35287681280382643,0.29798498088448827,0.2982182079314142,0.29798498088448827,0.28199942665884603],[0.993189132097076,0.9864954774209317,0.6894359345121033,0.9942247060698998,0.9974044720652092,0.993189132097076,0.9999969320445097,0.9984466036850442,0.9984466036850442,0.9999743325980395,0.9670907676320921,0.9997244429040287,1.0,0.9999916450098774,0.9999956050633042,0.7941105785670863,0.7623050326982163,0.18321418844798246,0.9998767410735738,0.9998772003138373,0.9909444672898734,0.9999976213321906,0.27920741972851776,0.7729198883380205,0.9916667410213567,0.9916667410213567,0.9882783635667831,0.9926430832216028,0.22890527545520145,-0.2013788120416912,0.9914855946507201,0.9915216956174505,0.14410249693615937,-0.27575053258590193,0.9993982097429046,0.9995204600397258,0.48978858749815773,-0.29172634723213975,0.9992261389049351,0.9995068199112188,0.7687901576574687,0.16202942243335322,0.9496224477077329,0.9991731196017491,0.9496224477077329,0.9284452548737282,0.6260859488405036,0.9513108275512053,0.9326190539112227,0.7989082548801626,0.4217463741441435,-0.13097827062089923,-0.1729248424518384,0.938579822810642,0.32001891791395276,0.969977597636634,0.9673721823767163,0.9812253828309963,0.9952997917013449,0.014134804421644154,0.8959283378003364,0.8578680146837774,0.8977049676375956,0.8532449079054899,0.8198460978863863,0.8532449079054899,0.8446333175210577,0.8255382333731842,0.8154796482275293,0.8255382333731842,0.8935449697337569,0.4566678455723015,0.6457788039743003,0.6944658402365466,0.6457788039743003,0.6784717943969762,-0.32251179564383686,0.6581270967097987,-0.5905373440546596,0.5770588674042322,-0.05473728295134192,0.5048483004380306,-0.05473728295134192,-0.11549805315808366,0.8724141765911185,0.8959108465784758,0.8822768344797828,0.7951888607502359,0.18631145144515027,0.8704619940138867,0.8715553462521635,0.8704619940138867,0.8023462630760713,0.8023462630760713,-0.16843398626281736,0.7050849547415564,0.21955128288801357,-0.7291360105994847,-0.6488002173933223,-0.6520489584407383,-0.21374254386644007,0.10989247490202961,0.3057947310582566,-0.07657763455332856,-0.6177688674760803,0.016517384057850706,-0.8287109720482371,-0.21844462884716892,0.11384501672255325,0.1160023921715558,-0.6309719707152616,-0.5791801079068812,-0.13834342901295124,-0.6044632079796352,-0.8275374809341439,-0.41941967049361334,-0.25847279213260893,-0.41941967049361334,-0.3247684038740895,-0.4223464099984961,-0.4223464099984961,-0.8194563395036959,-0.8194563395036959,0.45967478206256435,0.5967567173016763,0.5196468305723442,0.8096474315053653,0.7416995824059042,-0.4091748669194617,0.0809664271884845,0.7440879504215738,0.7622158399665865,0.7440879504215738,-0.08273053155722852],[0.9935243743386957,0.9864278515495407,0.6870072112251687,0.9948196228698649,0.9974710601484607,0.9935243743386957,0.9999884936928074,0.9994682710938525,0.9994682710938525,0.9999736495643251,0.9670352593055274,0.9997209596398551,0.9999916450098774,1.0,0.9999893644616864,0.7038880395479169,0.6025384553915785,0.184826097296573,0.9998988039642682,0.9998994713699524,0.9909322320693611,0.9999892124545001,0.27815086220824314,0.7698538506005125,0.9944773550838001,0.9944773550838001,0.9944478295119137,0.9926424450789365,0.22156557772286037,-0.2023789308921352,0.9919362925292642,0.9919381263090811,0.16527597596753424,-0.2753578048932944,0.9995670607950142,0.999519659296626,0.8667241570839274,-0.3765369946681176,0.9992214153030222,0.9995095059603153,0.6765665406511748,0.16366880097652878,0.9994713992510181,0.9994758844422974,0.9994713992510181,0.9283113694997849,0.6258984485808039,0.9510876864998153,0.932314469235368,0.7979418951725993,0.30410962839679423,-0.2980557208877019,0.1360225265232294,0.9384603292714978,0.32040597396069337,0.9676257415656372,0.9673485760407309,0.979994459880685,0.9955208271382643,0.9051667001086048,0.8952445305504817,0.9147667128881298,0.897646066879295,0.9135325698775739,0.9142509291811682,0.9135325698775739,0.8439704722438204,0.8843426129731372,0.8854805522424877,0.8843426129731372,0.8933832338132096,0.8013775388642546,0.8838538051421767,0.8851753764089725,0.8838538051421767,0.6773987697382521,0.5423277999881647,0.6569731647993884,-0.5890532295744685,0.5757355800943912,0.5728426908810034,0.5736894494055971,0.5728426908810034,-0.11804631244624117,0.8723166219999438,0.8953708738044018,0.8816101736465837,0.9112014530478747,0.18802786645090105,0.8704215421249941,0.8715163120245306,0.8704215421249941,0.8787766732729273,0.8787766732729273,-0.1686786460647688,0.7053048679341826,0.12247713810726786,-0.7282770801465003,-0.6481690247868368,-0.651411147731884,-0.21329368264516815,0.10921635538315913,0.07771499536640593,-0.07511809258468974,-0.6166335860996004,-0.17208153534343343,-0.8382578003917959,-0.43330573476647694,0.11306304975974424,0.11520772420279767,-0.6308205056937248,-0.5785353044224331,-0.42512900942798565,-0.6041086083606537,-0.8199217026127045,-0.5335324825461204,-0.529815707195705,-0.5335324825461204,-0.3241760112644867,-0.42244192150510085,-0.42244192150510085,-0.8107064878617679,-0.8107064878617679,0.4579595634657755,0.5966759760750454,0.8193695464369943,0.8130474158110467,0.7419911364456621,-0.4088351681097129,0.7045111427814172,0.7310361071973916,0.7311330214811247,0.7310361071973916,-0.05017279324006571],[0.9932310216153845,0.9863630210479309,0.6895440950497451,0.9942453849677614,0.9974261059949023,0.9932310216153845,0.9999940950475821,0.9992502141487759,0.9992502141487759,0.9999772170387469,0.9668580569121881,0.9996987014628653,0.9999956050633042,0.9999893644616864,1.0,0.781974240416002,0.7014459466758493,0.18336308401959342,0.9998796787603693,0.9998800305707298,0.9910632158519422,0.999995504838652,0.2798623162306708,0.7727688203154345,0.9946347384942626,0.9946347384942626,0.9945532850521074,0.9925812663779022,0.22918843317538773,-0.20139585818201433,0.9924053778954394,0.992445387123573,0.14481780753733534,-0.2755859312097038,0.999440958020293,0.9995201407784805,0.48889173204475916,-0.2910447372479142,0.9991913544466471,0.9995091675875619,0.7655702733104889,0.16219832549171848,0.94922415172334,0.9992206240430098,0.94922415172334,0.9286498205784766,0.6266925911601137,0.9514077019586078,0.9326871681650047,0.7986814184303044,0.4229991997971025,-0.12957330164178965,-0.17315402246003186,0.9388760937669427,0.3202804014645059,0.9703328922769446,0.9676369903481007,0.9814570849314069,0.9953420395756927,0.013179141750838222,0.8961489796497237,0.8577714767342023,0.8978879431345308,0.8531761393894806,0.8194312685078569,0.8531761393894806,0.8448027793238269,0.8254531319457624,0.8157667457633634,0.8254531319457624,0.8937992208111014,0.4560413965080925,0.6453285778638227,0.6944458749387459,0.6453285778638227,0.6783595295177373,-0.3235949969759005,0.6580988989914296,-0.5907418377470685,0.5767481199980685,-0.055657178605806254,0.504525932363616,-0.055657178605806254,-0.11546735904015742,0.8725223041952791,0.8957208691107339,0.8824024686759973,0.788730984274717,0.18668256864223257,0.8705260514696532,0.8716104383225678,0.8705260514696532,0.8021620832687625,0.8021620832687625,-0.16965128717561834,0.7058031802112953,0.22002067498352654,-0.7290968950109462,-0.6491247922783587,-0.6523775706204502,-0.21471264113813895,0.10883022366837994,0.30612114603412033,-0.07691588453159257,-0.6179153010413151,0.016629094915286715,-0.8280231191420881,-0.2182693183759595,0.1129936575228664,0.11515098153162726,-0.6314978980464547,-0.5793595107618699,-0.13779929295432441,-0.6054538047008002,-0.8275767195777002,-0.41935524098089116,-0.2579536448007851,-0.41935524098089116,-0.3255586431880208,-0.4227359489478184,-0.4227359489478184,-0.8197954484362091,-0.8197954484362091,0.45982134667493924,0.5964528822963094,0.5192109382906982,0.8100540169115464,0.7412047862881818,-0.4087771730312537,0.08036689475803784,0.74449561182392,0.7628163306599619,0.74449561182392,-0.08248990238555744],[0.6932704318458204,-0.015284259740815162,0.3617333225807365,0.6922653311150762,0.5740795222569894,0.6932704318458204,0.794134731110198,0.7905971044462369,0.7905971044462369,0.6258918182111463,0.3765904908069665,0.10266061508524257,0.7941105785670863,0.7038880395479169,0.781974240416002,1.0,0.9914083929548718,0.42970558642712703,0.7570849102298819,0.7570484679728042,0.6699757089468309,0.7804744269486708,0.3364872707429319,0.3331695435480394,0.7719562805456697,0.7719562805456697,0.756263755302626,-0.2976588218398003,0.19555825419520634,-0.15619435505188412,0.825422958169628,0.8219266275262435,0.16206508658889257,-0.20884840060630266,0.7887631065672186,0.6552677315640657,0.2423876948851122,-0.3169715045000757,0.11715294305822366,0.6168253523049511,0.9983048321606686,0.4129083869425802,0.7135611212365581,0.7883431310145987,0.7135611212365581,0.05849243534505592,0.5063477546925736,-0.357206661595647,-0.38094738810214074,-0.05775448799577536,0.3901986601187564,-0.05352853469673527,-0.2115211850806959,0.6429291050270048,0.3972717195780903,0.7909597666600525,0.6445945176431036,0.7464801257087441,0.7702264912208613,-0.10870501508148715,0.028618280689148144,0.5180914320823818,0.35860788825719647,0.50743