var element=document.getElementById("correlationAdjClose");if(element.style.display!='none'){var correlationAdjClose={"data":[{"type":"heatmap","z":[[1.0,0.9999946128849776,0.9865540016055321,0.9999346894598881,0.999187860356919,0.983669090617705,0.997861697046305,0.9963518870771141,0.9713233307141209,0.9965430843480731,0.9946877043940713,0.9939554746172515,0.996445892553227,0.9964790352433329,0.9963934871064142,0.9977469252854302,0.9980748130736034,0.9983300521072699,0.9968886592362065,0.996901798882007,0.99685980880915,0.9964180227129042,0.9885246101149867,0.9737515494159447,0.9908238327367968,0.960461922126237,0.9899819534650168,0.9870682035958624,0.9713061496884379,0.9574090542233971,0.9923111365961442,0.9938485882845941,0.9928259068181788,0.9791422047256835,0.9977834589478692,0.9978946702678758,0.9976204064880148,0.9965313510676748,0.9955521818013907,0.9977844475903126,0.9986481470576078,0.9986799185780245,0.99776554790702,0.9977775573699492,0.9782156479499582,0.926361229002978,0.9551644997133576,0.9426748941578378,0.9420169801363697,0.9213069788670695,0.9644874294454165,0.9520951960329762,0.9663378735188097,0.9690634879154395,0.9580664922819764,0.9848956657985526,0.98277201504298,0.9912248646363423,0.9942726848573495,0.9877288223160676,0.9828019546303789,0.9882350113271546,0.9868347810760085,0.9887755977841701,0.9886654596848246,0.9561937855985402,0.9764256668347725,0.9769121155513015,0.9767045972059151,0.9449965063604038,0.9824051995916213,0.9792843389828676,0.9862670605626144,0.9856466834934108,0.9425806813708515,0.9015529612155697,0.871809560062476,0.9160678817265533,0.9303261243738132,0.9283551880539237,0.9284958190178461,0.9273148798710725,0.7317026929675619,-0.539127456498211,0.9811138121814456,0.9763112604315329,0.9740432427054854,0.9883555712712837,0.97431893137585,0.9846745413946901,0.9846821022669363,0.9446553609432086,0.9854540873872152,0.947662293471896,0.8067302478473367,0.9219546505931147,0.9357733929438342,0.8254474394748205,0.9564403982563853,0.9571307756753862,0.9034344125212841,0.9686771733282726,0.8956701655739336,0.5768741267442767,0.7305985233108111,0.9029155075128279,0.8739887901111763,0.8943689476898891,0.9764442314679198,0.9765942315837027,0.7905619330710718,0.7565124931847337,0.8259537091028247,0.464959973776851,0.8092570010462418,0.8300644287935816,0.8251652433507889,0.8183652262221262,0.7964929780811341,0.7575017741170051,0.7420980985125043,-0.2923330826119569,-0.4328835307189057,0.7054146622623492,0.8914155214946122,0.9306354925844738,0.9413537303135683,0.9054274759324847,0.8300244992693867,0.9094927688422083,0.9243445227221943,0.9241796132329738,0.859863969054954,-0.13581033834293257],[0.9999946128849776,1.0,0.9901408964815085,0.9998582957904042,0.9983285565172191,0.990037134761074,0.9941580378047561,0.9919335330912806,0.9875024160936481,0.9919401543500408,0.9919680827985151,0.9932909886999858,0.9920275668444428,0.9919346542806802,0.991989828894802,0.9939959798268545,0.9962533876986087,0.9958195429999364,0.9938888908256884,0.993896115107918,0.9919812119989465,0.9920271039958158,0.9923991159363313,0.9774229515346576,0.9884483475480812,0.9846115384525934,0.9885379517741436,0.9870527485855173,0.9822200811210117,0.9401816799722992,0.9897967991776478,0.9879760693529939,0.9826502597289296,0.9421813438614982,0.9952078246212619,0.9951511792804704,0.9953484696735655,0.992356518667444,0.9949619776316825,0.9953683650795655,0.9965605163842817,0.9967663712101644,0.9953660457144847,0.9953771397890437,0.9915080320261394,0.9259528003158498,0.9043162378075998,0.9424178595319748,0.9419628982442876,0.9212868169853786,0.8953259174023951,0.9345779736230619,0.8974057339111725,0.9256547350211589,0.8952557665070198,0.9604044575422395,0.9603929595109014,0.9738394026331493,0.9855772083476112,0.9836974402009708,0.9849981134698369,0.979330757038978,0.9821333381838415,0.9806142096145942,0.9804969611402677,0.9445963738871169,0.9638414252434988,0.9376466123799875,0.9374628632737244,0.8712449524659899,0.982133052250042,0.9833053627450589,0.9834786784546137,0.9830666720019637,0.9554687903226189,0.8106352815117606,0.7771220262392755,0.860850915126897,0.9131130484156292,0.8748813822742373,0.8944414005001273,0.8934465282525306,0.7768948639172765,-0.1341885535724675,0.9717461699552769,0.974366014486852,0.9714442424960997,0.9840958982576808,0.9677595518415589,0.9741077733313838,0.9734889554861272,0.9321880018013927,0.9754179444995988,0.9341041133908726,0.7439324114208528,0.9214905063155067,0.9204966393834095,0.5851037508263489,0.8578528463221595,0.8617036652657165,0.764600272507844,0.969435623177664,0.7386871603103635,-0.31763444295052895,0.25636487823083554,0.7643413323731512,0.7156482384719874,0.7575157828543244,0.9709161218732392,0.9709433885090575,0.2099972052906524,0.38199529839618485,0.217117233348815,0.18846213506457063,0.21014980424034432,0.22316035811024745,0.21991850239221405,0.14039398500003744,0.5625775665863222,0.2954622058379038,0.24527703031964676,-0.43712168173398824,-0.4860994366213436,0.7049110365517047,0.7619869533703347,0.7853376640123708,0.8500530980020813,0.823455329127355,0.6046834014592997,0.7768161889230947,0.7801191244286507,0.7790738801126661,0.44090142098552865,0.249566267291502],[0.9865540016055321,0.9901408964815085,1.0,0.9878194632626026,0.9935067903786018,0.991477037371672,0.9895113430930348,0.9903063950111307,0.9914259238534657,0.9929093834863155,0.9968318880418432,0.9960071891947591,0.9901554833803704,0.9922349524095069,0.9903592025605741,0.9898220260105337,0.9908152465616842,0.9899827128168198,0.9889771748614073,0.988951662274173,0.9918007896669362,0.9901878677176474,0.9950893850560011,0.9854832028078749,0.9910822692520233,0.9827187600080728,0.9917285445171781,0.9878053830643615,0.9874249145096776,0.9628087439919373,0.9692435819461536,0.9736044896757936,0.9773130259753797,0.9569638763990697,0.9869278911152837,0.9900197400965741,0.9884031027491426,0.9919439691116414,0.9946958536630245,0.9908238379037221,0.9849373042324905,0.9878773279881045,0.9873026139549819,0.9866872141224194,0.9928000896909694,0.9221885587774484,0.9396835328056379,0.9512574641931978,0.9347522154493566,0.8838343617853079,0.9229478574503704,0.9090704252390979,0.9257566822382888,0.9334876140841287,0.917227290267151,0.9510125480734214,0.9606806476951024,0.9685857074370381,0.9773630490160837,0.9450293725344675,0.9674013925035756,0.9670671992492992,0.9732028150548769,0.9672988760214759,0.9438090673312097,0.9261853282318606,0.951892364347303,0.9426352233936397,0.9250919132496599,0.900621358666273,0.9737368862020118,0.9541260172330668,0.966752569929742,0.9469144678088623,0.8464068147211831,0.866531375186512,0.7851831723418895,0.8829585936905305,0.904855451559548,0.9070128068695968,0.87450329967931,0.8886656398130095,0.45397209981515313,-0.5245279058701701,0.9642481292428231,0.9520940232592461,0.9519693383081541,0.9449602663525845,0.9588273399420714,0.9667505794490852,0.9663963323996724,0.9349948415816259,0.9626248590270492,0.8898223247304662,0.7918106035309762,0.9577470238613449,0.9559484151969353,0.8079970165765306,0.9447256353242064,0.9462727613571043,0.8766367826378725,0.9811134509141368,0.7762202962014492,0.4814658967852456,0.6757308634051202,0.7988934451243976,0.8018645507610762,0.7799446692735187,0.9831183098858948,0.9831256442900593,0.722495819192511,0.7065100812997505,0.7116883526965164,0.4157383169116844,0.7116517247446648,0.7174213835215845,0.7255415416097553,0.7174654985611103,0.7611146690910581,0.6948118881894095,0.6784505943391028,-0.34996985845274736,-0.4903530611328919,0.6749929686038786,0.8542366466834964,0.8777522193848297,0.8873707977146698,0.8782146082586761,0.7647744999022432,0.8584002633714561,0.8675489574174298,0.8742874517467172,0.7356976163425348,-0.05869902814813483],[0.9999346894598881,0.9998582957904042,0.9878194632626026,1.0,0.9994118873866789,0.9847119850040092,0.9980801768968576,0.9967361889382879,0.9733589271015646,0.9969737886325722,0.9953583092442149,0.9948294568437557,0.9968136146557753,0.9969310846247746,0.9967773099969225,0.997992341269114,0.9983798946435517,0.9985682008009372,0.9972238586424318,0.9972345329732235,0.9972257527590495,0.9967898323860868,0.9896236325560301,0.9750488945680376,0.9917014163793211,0.962836702354496,0.9909576555960986,0.9888342654906633,0.9731379633448438,0.9585226245245759,0.9916699853116554,0.9933802948325244,0.9927548740427341,0.9787502496352426,0.9978520957033628,0.9980795574203475,0.9978219438122709,0.9969493705657267,0.9960336494321083,0.9980019577277506,0.9985457191569354,0.9987531977649068,0.9978302686659201,0.9978392058455781,0.9798898434457326,0.923111267532849,0.9532120876916602,0.9424924409427536,0.9399719185471282,0.9155724494076098,0.9617022808204823,0.9489817690959025,0.9634668822787118,0.9667778566224559,0.9554781614228997,0.9829144286404529,0.9813850105480705,0.9904126596957414,0.9940712958869086,0.9864707390807691,0.9817464735738277,0.9871494224114723,0.9862860149416769,0.9876193861447877,0.987502746414844,0.948003532087088,0.975289528580836,0.9756227998133632,0.9754114167614528,0.9407216362484917,0.9819745540829778,0.9768002517017855,0.9850099226060137,0.9843578531008869,0.9253679886551345,0.9002232983572899,0.8684528817217888,0.9145352343582788,0.9278512805273726,0.927936003022556,0.926350486702646,0.9252066210259138,0.6489437292635689,-0.5386328139501529,0.9803600541559806,0.9751446270002084,0.9726998488471365,0.9871005700526426,0.9736978677572352,0.9840062279186832,0.9840119921154626,0.9443034976290183,0.984208406704194,0.935240396009451,0.8100304730106039,0.9265336205092415,0.9394044222770801,0.826940621204159,0.9576033603328439,0.9583172951371233,0.9029979527522866,0.9697912545860452,0.8896308151521755,0.5732692838399839,0.7288976889174628,0.8974988364977511,0.8703145668358305,0.8886799049132851,0.9772014312095207,0.9773564064454682,0.7893988567987241,0.7566708964752638,0.8180726141514308,0.46650881162334734,0.8033680225994262,0.8219121934254957,0.8169383117058363,0.8129391080755586,0.7985718612027928,0.7573702718652747,0.7420360031040554,-0.28772496935540565,-0.4321577314335701,0.7046161018380741,0.88970115639111,0.9287637408478897,0.9395244553235957,0.9043198915762029,0.8273240828326125,0.9074833174758482,0.9220875838421364,0.9220691220185613,0.852887719661307,-0.12884095570462456],[0.999187860356919,0.9983285565172191,0.9935067903786018,0.9994118873866789,1.0,0.987192748622946,0.9989789480327196,0.9985536293975947,0.9847941596949025,0.9985534783763904,0.9981589864290558,0.9980755705396593,0.998569284483021,0.9985846162058556,0.998584604808183,0.9990583745682872,0.9988336498499094,0.9992348350821281,0.9988320137390573,0.9988347500427961,0.9986252829484616,0.9985718098801663,0.9950085961181449,0.9821666195863568,0.9952239829454331,0.9789050845508034,0.995256207146733,0.992459599015279,0.9848571216157848,0.961586679760844,0.9892401804565866,0.9919744102919431,0.9902578189493575,0.9716085743438431,0.9988316425806235,0.9988976861306079,0.9989234429717301,0.9986776481914418,0.99856573433717,0.9988904664274596,0.9989110488624436,0.9991378527574181,0.998850919686275,0.9988530327101393,0.9888205888271961,0.9319808175621997,0.9525852091083001,0.9492451285718939,0.9401899865062202,0.9112956617029409,0.9507880058215455,0.9456988496173934,0.955006955281833,0.9612946390674305,0.9497581849608939,0.9810648072736097,0.9809867060754501,0.9905867489769171,0.9939714627062238,0.9827630407085765,0.9758811970622232,0.9818087775165332,0.9826166784507224,0.9822103532682583,0.982079886208057,0.9456441630285528,0.967464261343079,0.9608863362555374,0.9606662621105393,0.9144797663882597,0.9791434059163022,0.9754543949608714,0.981099451659499,0.9803597224406047,0.9397168658013182,0.8825134613181005,0.8500517223832673,0.9011100754678953,0.932586649740237,0.9191815385945377,0.9253351580947098,0.9244056712336275,0.7830737157555752,-0.5378069216541504,0.974578478311084,0.9653429133782222,0.9639762425340598,0.9835942392664723,0.96438101972059,0.9779491938060052,0.9776627088533045,0.936200765387795,0.9791589313144252,0.937943676813241,0.8000749881683097,0.9392222112698899,0.9578844173770672,0.7955441965063467,0.9466896924319774,0.9479824628011954,0.8981547719821433,0.974328250597119,0.8923788436347309,0.4113985796706645,0.675831771603611,0.8981848656002646,0.8524345981744843,0.8943231155824894,0.9805161089259778,0.9806351029384375,0.757477588080455,0.7418996009671472,0.7613013821689925,0.4459940444014015,0.7194080269541467,0.7655909586593942,0.761338997271551,0.7265649514053364,0.7869521645897306,0.7441835107517332,0.7279865495815029,-0.4858012413245398,-0.5687586602424172,0.699605337548306,0.8856104479440235,0.9167934589639949,0.9362430842854498,0.9034677662595718,0.8118237833143378,0.9000366684161795,0.9112324813941016,0.9107476807764295,0.7935784664761166,0.0820393921943757],[0.983669090617705,0.990037134761074,0.991477037371672,0.9847119850040092,0.987192748622946,1.0,0.9809029889286708,0.9822507948250067,0.9932825504638361,0.9816766436987224,0.977786422280417,0.9768951431800476,0.9820720735978854,0.9825573406303523,0.9823174050435389,0.9819136611781937,0.9855684232864376,0.9828601507970415,0.9827288676665843,0.9827403321904052,0.981115990713237,0.9822137978275431,0.9938584941184452,0.9932282718945591,0.983450485104007,0.9879276562959279,0.9839549109977802,0.9746077003258786,0.9874923012041019,0.9738564609746881,0.9590260621617855,0.9651875363803569,0.9749734423010725,0.9658861604419959,0.9806544153003177,0.9810910715891918,0.9819290973407983,0.9829583932469108,0.97775590828083,0.981522365613934,0.979884625415694,0.9817094297414589,0.9808992945706656,0.9809150772039155,0.9960271100157341,0.8854749610423729,0.9311538160084738,0.9300840047499124,0.9391275274196424,0.8991955500056426,0.9174775779839389,0.9121055786709767,0.920409474547095,0.937898735825814,0.9177591688169785,0.9493191898234186,0.955580999828228,0.9621822226065294,0.9683685463450665,0.9733845215461537,0.9889189354297984,0.9756362208504004,0.9862995288951358,0.9752484678697023,0.9747183283941607,0.976780484792746,0.9733655865958271,0.9547386246616921,0.9542030472366664,0.9508296272461912,0.985131892600381,0.9780096804014283,0.9743729915994714,0.9731695005096932,0.9677359598980616,0.9076911876803736,0.8655587161722476,0.9228410608828176,0.9257687358823109,0.9352016059892444,0.9164326492478154,0.9143700422594031,0.768775901978835,-0.4793009352641865,0.9835785698598616,0.9849979853726953,0.981617246653052,0.9741597890302672,0.9768169123731775,0.9822446651219633,0.981856881484407,0.9698902590897202,0.9723847554833032,0.9695436609779402,0.8126148568104835,0.9027398470074925,0.9585041750193825,0.8411727291198904,0.9466746078458098,0.9476585910246215,0.8671964479582939,0.959589867347144,0.8322816851532686,0.4929605409726322,0.6917930951690334,0.8421544327576114,0.8202635141069422,0.832116743649316,0.9593764050132169,0.9594006220038432,0.7419560838183638,0.7322874743903536,0.7507407093630153,0.46988798213493577,0.748358735119091,0.755887530871225,0.7496072286237467,0.7483002403488519,0.7776733340363702,0.7155498007787493,0.7031394060875941,-0.313501175316377,-0.44414027727832756,0.710949943883606,0.8523450743319191,0.8663142264571264,0.8844633890975399,0.861369759789625,0.7837887238074053,0.8465578940546639,0.8586859965813306,0.8586910339398044,0.801383097894482,-0.08670548209612336],[0.997861697046305,0.9941580378047561,0.9895113430930348,0.9980801768968576,0.9989789480327196,0.9809029889286708,1.0,0.997646226403199,0.9572935566822036,0.9996310278515717,0.9995994735647954,0.9996281449126513,0.9985086627636554,0.999498110730232,0.9992331084438991,0.9998939505819366,0.996788663461101,0.9999043350708797,0.9994191746982013,0.9994237636502988,0.9997284420832101,0.9993674769766698,0.9909210504786607,0.9754422087396026,0.9865650259025863,0.9292196289293396,0.9939530260376677,0.9931154452889613,0.9755784395325986,0.9552930925135342,0.9916850738801131,0.9921781744812375,0.9938871146248314,0.976377347531778,0.9990694475644593,0.9998618911215748,0.9997326482980969,0.9994990145905404,0.999784118131753,0.9998481243845944,0.9986010148547094,0.9997524118189555,0.9994276011583729,0.9991047996532202,0.9802103208924344,0.9385779452883811,0.9552156383159522,0.9526947310750381,0.9403059984136688,0.9098285880398672,0.9587366255464742,0.9486388429001791,0.9611048784359635,0.9644752325261056,0.9549537082818979,0.982437856476605,0.9822997363673941,0.9922545299581734,0.9965034340065396,0.9535155815775739,0.9627343032933187,0.9737644913375972,0.9740489185876829,0.9752295907501094,0.9534488316556405,0.9037522852737986,0.9578486662511628,0.9631793088154467,0.9451492150275149,0.8937186554715605,0.9692237728081756,0.9460732404286823,0.9705082245609583,0.9538838953536705,0.8039679031276599,0.8741283359080507,0.8016746988791572,0.8876058111942949,0.9034779218800134,0.9077185451331304,0.888198777109276,0.8993875457506874,0.399910060162709,-0.5739071352368519,0.9648063597482723,0.9501724813934948,0.9504152061931881,0.9549264798953855,0.9597905251653092,0.9710626984358187,0.9711817837353913,0.9237112016692987,0.9693816034345104,0.8604408759161094,0.793218093333966,0.9393805782638337,0.9376423711562031,0.8133174328738013,0.9549719137580605,0.9558028960365826,0.9023595766285605,0.9737299788630379,0.83374288480747,0.5701088665398403,0.723082273849381,0.8580359084922708,0.85252297461535,0.8395693653398961,0.980877854143773,0.9810558414934573,0.7816031558707957,0.7395662534849353,0.7835509930549329,0.4393190649791082,0.7831678130794589,0.7970579351537663,0.7888483876441179,0.7960792844888959,0.7845509367749424,0.7509361166806372,0.7337578523790204,-0.30055428787456206,-0.4527325618518315,0.7122342073902688,0.8909417686285316,0.9221826866608415,0.9411415522259773,0.9106525832124241,0.8295318465653609,0.9098065674572923,0.9271235865473333,0.9257209805102834,0.7793280554728466,-0.1001643051557829],[0.9963518870771141,0.9919335330912806,0.9903063950111307,0.9967361889382879,0.9985536293975947,0.9822507948250067,0.997646226403199,1.0,0.9678691709814953,0.9999998357764188,0.9999993476666776,0.9997765657945716,0.9999970920895396,0.999993123034327,0.9999983349293786,0.9993616286053427,0.991896881780125,0.9994886782260464,0.9999125001769925,0.9999121777009005,0.999966760081418,0.999998819500626,0.9914604654879481,0.9771673036295814,0.9932457712997542,0.9430721244151631,0.9944448703679943,0.9915817533261022,0.9777588164462645,0.9548399052713589,0.9880497259027067,0.9939434074677237,0.9925307671543316,0.9735742385373728,0.9994855121943742,0.9995927139371724,0.9996906964942285,0.9997556124781137,0.9992911387553367,0.9995320678232746,0.9983075624953841,0.9989017778118222,0.9995575635608395,0.9994293571433134,0.9819855453541685,0.9385017657084332,0.952825522635126,0.9562991084007268,0.9398405427108868,0.9007878341033386,0.9569679472600693,0.9443472551714395,0.9590073768299896,0.9592484758267472,0.9492744772289966,0.9804680476807262,0.9795648487472391,0.9913030287184172,0.9969027218284702,0.9491809696212193,0.9597211801849084,0.9685951121270859,0.971730322800637,0.9704017358529882,0.9520317533120303,0.8984642375727842,0.9541725259504908,0.9575865796880834,0.9405011935953796,0.8845990155074095,0.9671626255015316,0.9408605038608893,0.96592887605923,0.9498521030628098,0.7937963851449201,0.8679292321212063,0.7978830377895565,0.8813714784246108,0.8975708527715665,0.9042217791045714,0.8844503960317339,0.8936282494702661,0.3846346405728011,-0.5771554624172439,0.9616505459261124,0.945583160169782,0.9459266039279886,0.953220903579575,0.9564985399836183,0.9679740603122472,0.9680776154616212,0.9207112094998664,0.9638075355410637,0.8521480447171327,0.7908658141506858,0.9512572648611354,0.9476409592021582,0.8108590292672231,0.9549778021302715,0.9559533828980376,0.8998643825263735,0.9773866002994591,0.8361711898190111,0.5556899235376369,0.7146987553957304,0.8586167162704739,0.8492721582765737,0.8412733560667298,0.9831231850875428,0.9833016492825235,0.7730501093723053,0.7325591433732183,0.7844212200074636,0.42809440146792327,0.7780784448497274,0.7923840833982926,0.7888707654223482,0.7904646451204101,0.7788778834151341,0.7453850191904947,0.7276882203307145,-0.3155601681965185,-0.4666285576062087,0.7005356308539853,0.8837598199172184,0.9194778088373136,0.9337489223901321,0.9050803766676985,0.8192599826785815,0.9034579690313929,0.9208438221094872,0.9196875981518318,0.761232258417314,-0.08336039368032538],[0.9713233307141209,0.9875024160936481,0.9914259238534657,0.9733589271015646,0.9847941596949025,0.9932825504638361,0.9572935566822036,0.9678691709814953,1.0,0.9828657538575725,0.987447703318643,0.9898896114733392,0.9714793474530452,0.979779094631541,0.9763489505776196,0.9743772911071447,0.9504726073079459,0.9792315930628143,0.9770248493587372,0.9769751338159954,0.9813659602697419,0.9761925802600078,0.9938526502590456,0.9932953620382139,0.9803613594643739,0.99001422963027,0.9835164184938101,0.9907745909483304,0.9907776732024131,0.9698431384099009,0.9276925936799243,0.9493035331325913,0.966256480960555,0.9524756196535142,0.9707932675466541,0.9792797956343039,0.9758547916603479,0.9782085134524335,0.9884147219832085,0.9804481599646897,0.9670532060148657,0.9765478442895891,0.9716608206519888,0.9706381502549827,0.9990464840692426,0.9031365249279079,0.9247227676126679,0.9514834545071357,0.9405874436647901,0.8803179305181329,0.8871389319412529,0.8873766186427025,0.8911847068937925,0.9177409150048349,0.8974702255410677,0.9299773752910705,0.9467791533916274,0.952059517197791,0.9612414526618348,0.9083710372104279,0.9693145913215252,0.9494593754664368,0.9683863930713594,0.949455697407004,0.9072493999734316,0.9202196995933767,0.9471230028617695,0.9215377953722279,0.8867084691100227,0.8894694217027751,0.9699173173885678,0.9252097425329762,0.9471572098996187,0.910905382089039,0.8375800229441831,0.8621873003156574,0.7457137930863525,0.8800905777099729,0.8884254095699693,0.9017591352395287,0.8512581411463926,0.8695795990089233,0.43648896165014645,-0.5067627386897471,0.9602989928879546,0.9549714588611509,0.9528295407394667,0.9065773467243067,0.951241419081857,0.9586163399159509,0.9580797673415442,0.940005897506147,0.9444488777753406,0.8813264257684237,0.7975774802879815,0.9437201726799743,0.963447666412488,0.817151658037414,0.9383367955724861,0.939864004168957,0.8547315937521266,0.9689647686137868,0.7426948320873397,0.44388150323026054,0.6570996497546845,0.7758709579270966,0.7787577707501768,0.7541073240989932,0.9683330733749341,0.9682900323391054,0.7038249506331267,0.6965081113255079,0.6772199761446422,0.4231745879476611,0.6934815688712704,0.6953595688152046,0.6761245402736252,0.6956590544493167,0.754025853596212,0.6883983881565776,0.6733519395387408,-0.3554116368985618,-0.4920652697887133,0.7110215047737957,0.8387444101919069,0.8309800928972635,0.8620471440007212,0.857472640523736,0.7564819074695988,0.8146373292625034,0.8368857188088654,0.8307228666987203,0.7077869562054065,-0.01903382515749458],[0.9965430843480731,0.9919401543500408,0.9929093834863155,0.9969737886325722,0.9985534783763904,0.9816766436987224,0.9996310278515717,0.9999998357764188,0.9828657538575725,1.0,0.9999991568878966,0.9997810557851222,0.9999985296870896,0.9999920555997832,0.9999978781760579,0.9997000011465651,0.9979624776841278,0.9994873307056694,0.9998891190030887,0.9998890942233412,0.9999785819815311,0.9999993526753941,0.9939757397728558,0.9788768443968434,0.9963969102289065,0.9749802127457428,0.9964824687011218,0.9915762449947533,0.9820594227757021,0.9561263718559496,0.9898903354516065,0.9938940178203545,0.9902424800467529,0.9704216864270746,0.9995218285947493,0.9995866796345669,0.9995996910496983,0.9998414572804353,0.9993027801620401,0.9995394489653541,0.9985412566776618,0.9989470050065199,0.9995288534838549,0.9995244380985367,0.9864064736320927,0.9384104192817508,0.9528561790564233,0.9562570842019177,0.9398609045794607,0.9008991626296975,0.9489608121761041,0.940097861451649,0.9525952659820879,0.9575852326327803,0.9475477210467167,0.9797653171401886,0.9795973131285087,0.9918403772739497,0.9967461118200415,0.9732668552095285,0.9597265194117687,0.9722436864887075,0.9717313848532971,0.9727904375361314,0.9725822587588913,0.9332950897521831,0.9541814713740027,0.9515056552676568,0.9512300270329125,0.9029600248954505,0.9671268471341897,0.9659648360791687,0.9717565911510284,0.9708385095447865,0.92616729638052,0.8679550562728452,0.8298949313845604,0.8812384741573971,0.9160898227480188,0.9047664565073861,0.910006127542524,0.9092586178991144,0.7386349298316717,-0.5795153734239583,0.9616650027157336,0.9455625097290813,0.9459197733295395,0.9742715127911131,0.9518988070946537,0.9677010240954306,0.9673695594426583,0.9215036633015269,0.9691175303434371,0.9235169275219361,0.7908629677676222,0.9510110009287882,0.9587272129806003,0.7962218568054086,0.9491406301193556,0.9502715330957405,0.8999364778205018,0.9766386563313277,0.9003421200716507,0.45301085053535195,0.6926966830315798,0.9061124814541479,0.8603817275101792,0.9022147385468553,0.9830832473602205,0.9832898158097886,0.7731186795436142,0.7323353292868614,0.7762650145894914,0.4281995085353659,0.7352862912244452,0.7808004979033561,0.7763577743879129,0.7444513700953437,0.7786462252244479,0.7453344534467344,0.7276166212826474,-0.5302425611441854,-0.6134811228599015,0.6999489770703637,0.8837842251766986,0.9199832154455592,0.938498574892667,0.9051196922623718,0.816122434736363,0.9010354488081985,0.9139963019559245,0.9134841317829739,0.8058373161414325,0.1436166533560047],[0.9946877043940713,0.9919680827985151,0.9968318880418432,0.9953583092442149,0.9981589864290558,0.977786422280417,0.9995994735647954,0.9999993476666776,0.987447703318643,0.9999991568878966,1.0,0.9997802304630066,0.9999963897292226,0.9999950157594493,0.9999983932456272,0.9996866741970083,0.9976869460988336,0.9992483037025246,0.999796457883046,0.9997965068974212,0.9999984580862433,0.9999984239480828,0.993385366858596,0.9751175177413538,0.9955028379290233,0.9830114887433999,0.9960751931698196,0.9915883559387975,0.9842546290521917,0.9490749992395229,0.989292618344112,0.9935169821027152,0.9843763461023006,0.9470156867032518,0.9993208704391554,0.999374123773006,0.9993175839709356,0.9999003569966745,0.9992872092334184,0.9993274709860763,0.9980434481935122,0.9985847413435232,0.999297523337441,0.9992953951413903,0.9887979331917707,0.9381429081639634,0.9219742824138105,0.9562206299717272,0.939795896900603,0.9006271720842833,0.9208613349085529,0.9119135344958045,0.9250712400625011,0.9334365823307238,0.9193763929988882,0.972768672214686,0.9727460637902513,0.9907878716525157,0.9953836010185387,0.9655038101909583,0.9598623607874102,0.9598565397577338,0.9627236790721255,0.9610835028444349,0.9608193801003928,0.9097613664531666,0.9438880009463592,0.9174350960036786,0.9169685959968166,0.8368699370253425,0.9652210776528336,0.9703674603983659,0.9670204614964628,0.965921563298952,0.919173158865299,0.8068918851388006,0.7719484297781034,0.8468522797133651,0.8973529271983334,0.8681132932569527,0.8826836240956553,0.8814529253954615,0.7410525054393294,-0.3792245704525365,0.949451920041536,0.9457171143650258,0.9460339624151248,0.9665753532910956,0.9383804560604314,0.9519752531750448,0.9513225062370653,0.8950112117533039,0.9544821895863447,0.8990440669901969,0.7910291228364001,0.9513081934412769,0.9629456617960619,0.6968696491757227,0.9114861944342127,0.9139953374333537,0.8586856698271927,0.985676355629528,0.8466346951706745,0.10932379837759777,0.5474615314632066,0.8584868559954191,0.8267538604233311,0.8535051921929332,0.9863946946544547,0.9864156553187934,0.542131084474851,0.6494693933745411,0.5492791339696539,0.4281441057522569,0.5177013790671042,0.5594896405752404,0.550119259205932,0.48868850839746003,0.7679777119428645,0.6177945074196025,0.579777705156475,-0.49111892646968197,-0.5498662745611931,0.6994245345814687,0.8641488979040521,0.876528564006991,0.9101192154324605,0.8989950582922729,0.6888139190260649,0.8533218007015092,0.8699660940190908,0.8692961005196549,0.6224853884466257,0.09560377842386156],[0.9939554746172515,0.9932909886999858,0.9960071891947591,0.9948294568437557,0.9980755705396593,0.9768951431800476,0.9996281449126513,0.9997765657945716,0.9898896114733392,0.9997810557851222,0.9997802304630066,1.0,0.9997938923718613,0.9997801992358688,0.9997857246360045,0.9996862296153809,0.9983023465245767,0.9994373874229189,0.9999719370087343,0.9999717020957162,0.999785004761224,0.9997899555508191,0.9930312209646817,0.9722542269882982,0.9944153795864139,0.9838607848647278,0.9951715076818143,0.9939140758190598,0.9806960988194359,0.9310593542388342,0.99192770224646,0.9945854025421734,0.98020454553663,0.9296072649583149,0.9994513387960845,0.9994959211921987,0.9994593087935666,0.9996122727771767,0.9996347039760101,0.9994744490431395,0.9979378786315022,0.9986199353950291,0.9994388720836989,0.9994358544096347,0.9901511240546422,0.9339432146207497,0.9097929677092329,0.9532716157496482,0.9383719248394605,0.9005273623249102,0.8885459115909846,0.9242210296618959,0.891875292084025,0.911922153382044,0.8869554317054714,0.9615246459788173,0.961510987961014,0.9823187209391591,0.994973117467496,0.964130163485269,0.964290952562874,0.9548794978206006,0.9603135153097112,0.957176637795485,0.9569676710796081,0.9095208297537486,0.9343744646897387,0.9012917805026722,0.9010355157786392,0.8208823546133269,0.9642434738339036,0.9661694758621436,0.9661832057308505,0.9655188447018088,0.9259349465947039,0.7621618930917579,0.7251117578055997,0.8157420708053091,0.8771468537605344,0.8354343101103587,0.8570765692080797,0.8563014355683277,0.7242096762906528,-0.254864186711851,0.9434084047149343,0.9477807991046935,0.9430293274661355,0.9648180099242458,0.9380077916267275,0.9466800980922561,0.9458175891082711,0.893019350504039,0.948779890861293,0.8958449928984907,0.7473557406616125,0.9489304517535323,0.9428126204685049,0.5805373915156714,0.8603859570793408,0.8645764699510504,0.7607959076626173,0.9798700338415084,0.7375292046662696,-0.25830216477743156,0.29120900747340234,0.7605250618540653,0.7173455383263502,0.754535647587033,0.980954589498651,0.9810483546984845,0.24327536446899825,0.40105192050884886,0.24883525152390018,0.22054962670381248,0.240738399183064,0.2558703711066285,0.25328509460995713,0.17009280329310492,0.5796117036654116,0.31602363310475323,0.2642137975012627,-0.5032905779832307,-0.5510778628552441,0.6997840538974613,0.7654282615261605,0.7885874208521624,0.8533651434992743,0.8317493509857565,0.5946039992220666,0.7751117404697584,0.7835982393693635,0.7826016222312614,0.44449292320246847,0.284423877090389],[0.996445892553227,0.9920275668444428,0.9901554833803704,0.9968136146557753,0.998569284483021,0.9820720735978854,0.9985086627636554,0.9999970920895396,0.9714793474530452,0.9999985296870896,0.9999963897292226,0.9997938923718613,1.0,0.9999915183458161,0.999997690891264,0.9994067716472014,0.9935035699908851,0.9995265717489428,0.9999219209964847,0.999921769349294,0.9999735947280274,0.9999989889956875,0.991340862818296,0.9769744405253614,0.9938894139229625,0.9479411728708196,0.9943967696465036,0.9916876095815556,0.9775610162760333,0.9547857912632812,0.988959590586578,0.9940292818412235,0.9926138778044558,0.9737002428284085,0.9995282424899697,0.9996312529675911,0.999720427126223,0.9997540941597196,0.9993460597752428,0.9995717671840331,0.9983920908408767,0.9989661569628634,0.9996000425381907,0.9994726825336627,0.9817377659264531,0.9387461242881343,0.9529800985444402,0.9562075591063605,0.9398817098824672,0.9013514822688369,0.9573241337271966,0.9447306454508535,0.9593658475575935,0.959571847002465,0.9496626014355165,0.9807200781052579,0.9797480962768497,0.991434580560972,0.9969868470252479,0.9494216258281861,0.9597187910305054,0.9687594758866656,0.971761651398935,0.9705648205154382,0.952225538782514,0.8983884395982885,0.9542887678444935,0.957866511914663,0.9408378699068948,0.8847244438860918,0.9671532360304645,0.9409845678468546,0.9660645577833372,0.9500759649379591,0.7936853861910721,0.8681591999773821,0.7983067755699382,0.8815875635230699,0.8977627750232677,0.904327525693132,0.8847488934270215,0.8939170582258347,0.38471820696108944,-0.577257306189145,0.9617150250781297,0.9456671189464642,0.9460100521729012,0.9534160643132674,0.9565628407513392,0.9680601492760125,0.9681658387006087,0.920656678344575,0.9639916763858772,0.8521120640630936,0.7909025118987635,0.9507173829834089,0.9471425774477813,0.8108638168733051,0.9549731477297498,0.9559406366301255,0.9002057170460052,0.9772470634707039,0.8366736535347788,0.5568065859810944,0.7153428568189675,0.8591030630180885,0.8498059162758161,0.8417670627710869,0.9830619268772578,0.9832407103074587,0.7736577217636382,0.7330496184286406,0.7850430389194141,0.4286880003743322,0.7787434857536681,0.7930809899486907,0.7895078732836448,0.7911756728650529,0.7792074626749335,0.7458369918887241,0.7281542379801278,-0.31465250283739254,-0.4658289471383235,0.7009136967817425,0.8842836708470061,0.919965595313763,0.9342888847664882,0.9055681408155749,0.819824092262188,0.9040483391674499,0.921438302707798,0.9202732394949751,0.7619164300914611,-0.08441046104174754],[0.9964790352433329,0.9919346542806802,0.9922349524095069,0.9969310846247746,0.9985846162058556,0.9825573406303523,0.999498110730232,0.999993123034327,0.979779094631541,0.9999920555997832,0.9999950157594493,0.9997801992358688,0.9999915183458161,1.0,0.9999953256273972,0.9995896795098655,0.9979204510490927,0.9994866923492394,0.9999077870401838,0.9999068194363586,0.9999562064722605,0.9999918623354447,0.9932145850422016,0.9773791917014034,0.9961204220790428,0.9690657419759,0.9959123357422653,0.9915603717403518,0.9780147346593085,0.9549578000645059,0.9893618923991703,0.9941080401775296,0.9919193248374536,0.973259580309195,0.9995096217629527,0.9995856348150043,0.9996423558768914,0.9998933971145503,0.9993125229576854,0.999522497821579,0.9982701609419857,0.9988917522979863,0.9995302307440077,0.9995236694046588,0.9842806636317342,0.938558544664456,0.9527706882172272,0.9562262076177084,0.9398379260874158,0.900897929188842,0.9525150298103681,0.9381269641901895,0.9548308849481351,0.9589757231027288,0.9489483971994161,0.979337031608809,0.9794374854001409,0.9907540502234531,0.9969831314891396,0.9742045440156711,0.9594795834357969,0.9736015524098763,0.9717452226343525,0.9745448910976944,0.9743335328362756,0.9423955716507078,0.9539296343768381,0.956674798608207,0.9563899244247979,0.9195197023750438,0.967154397677867,0.968891336493351,0.9737243720508663,0.9727291754505545,0.9344436940675617,0.867728184714379,0.8350235151393008,0.8810769226175758,0.9079509229630758,0.9040822524101414,0.9047719992384353,0.9037163738354704,0.7167813546386479,-0.5775604728102116,0.9616916470033066,0.9454213257913499,0.9456598873362395,0.9752242327048003,0.9566320175049753,0.9680153540131934,0.9681019964733554,0.9208551661048616,0.9695051040661975,0.9319164590491313,0.790799905251444,0.9508062944243874,0.9518857858378857,0.8102142591378235,0.9548574289890291,0.9557825419166261,0.8998135756963843,0.9775828866320824,0.886537524648477,0.5559160344057198,0.7142190527351546,0.8943711665701908,0.8632071973657889,0.8854938087770606,0.9833196898633444,0.9835234639117111,0.7722729503848362,0.7318558740319492,0.8051088439097023,0.42823137269668254,0.7854928220141846,0.8094657497439746,0.8039631757195286,0.7915912219379202,0.7787492437387895,0.7440900657313494,0.7264151379771964,-0.40452447297342425,-0.526646676624682,0.6994389667043982,0.8837828265518645,0.9163726809379169,0.9298460086491513,0.905444876853684,0.8183117894940014,0.8923087199186601,0.9096057702974283,0.9092056469190775,0.8408149591702302,-0.05082021082096509],[0.9963934871064142,0.991989828894802,0.9903592025605741,0.9967773099969225,0.998584604808183,0.9823174050435389,0.9992331084438991,0.9999983349293786,0.9763489505776196,0.9999978781760579,0.9999983932456272,0.9997857246360045,0.999997690891264,0.9999953256273972,1.0,0.9994924015599879,0.9972298849203391,0.9995034686859631,0.9999151583423243,0.9999145527769839,0.9999676545001662,0.9999977167477483,0.9915029771155512,0.9772288005209058,0.9954961349128377,0.9608426005454038,0.9953023568688479,0.9916469221584777,0.9778107601449523,0.9549985734955669,0.9914254461670744,0.9942865511707855,0.9924831053719431,0.9734924308453685,0.9994963611835531,0.999593668792111,0.9996973469400872,0.9997700565017682,0.9993161279439753,0.9995293961990642,0.9983309445768933,0.9989167652362057,0.99956683309113,0.9994411547194302,0.9819861520730906,0.9385659455648703,0.9528438142229012,0.9562711994462196,0.9398878919220192,0.901032871925265,0.957042227826073,0.9444715888269732,0.9591115764768056,0.9592023482984356,0.9491949464084247,0.9804907838156531,0.979512641159137,0.9912751672395488,0.9968683739647125,0.9494538202585537,0.9597696023297277,0.9687493713883342,0.9718109396685376,0.9705429893578374,0.9518548689619222,0.8986596275098871,0.954099870072192,0.9576482180754573,0.9406965604693948,0.8847236465318966,0.9672972586141609,0.9411781938390829,0.966117045892677,0.9501385559420387,0.7941133541274682,0.8679391318491562,0.7981276598841031,0.8814206393660756,0.8977292451963063,0.9042338286142161,0.8845929785324358,0.8937855460483508,0.3849738084655012,-0.5768582199407515,0.9617382839344251,0.9456677074826011,0.9460090642518345,0.9521032457117052,0.9566625224896945,0.9680554443918988,0.9681558003999495,0.9208944460995653,0.963962831819233,0.852390325880132,0.7908777469218357,0.9509997216698723,0.9475534372545836,0.8108710213294892,0.9549135962804071,0.9558931206705824,0.8996893161502533,0.9774027549355044,0.8361977831457813,0.5555128754798786,0.7145882901863361,0.8586221241144814,0.8493868559033894,0.8412967143678727,0.9831585583967474,0.9833341443327928,0.7726793441718681,0.7322437208776885,0.784399081207884,0.4283227092553877,0.7780550867888976,0.792304839739682,0.7890184669218782,0.7903670943305343,0.7788031227992138,0.7446823687697953,0.7270189508363484,-0.3153806815822648,-0.46644522344533945,0.7007350615648619,0.8836714723242399,0.9195935053129516,0.9337843376879711,0.905122991175367,0.819061865807774,0.9036489118223674,0.9208735863425718,0.9198314134060034,0.7613191696204575,-0.0836188258643728],[0.9977469252854302,0.9939959798268545,0.9898220260105337,0.997992341269114,0.9990583745682872,0.9819136611781937,0.9998939505819366,0.9993616286053427,0.9743772911071447,0.9997000011465651,0.9996866741970083,0.9996862296153809,0.9994067716472014,0.9995896795098655,0.9994924015599879,1.0,0.9984902093022638,0.9998595301750128,0.9995752404133214,0.9995797285834079,0.9997827884168955,0.9995625567644276,0.9911494715899711,0.9761988323352173,0.9942121798509119,0.9537125081245997,0.9938777783319234,0.9929877627340289,0.9760606051171128,0.9555095316485699,0.9918237549000204,0.9927756540981921,0.9933224984425028,0.9754968866245264,0.9993024615642779,0.9997452210064443,0.9997321336646572,0.9995929711242493,0.9996332083135508,0.9997026752650218,0.9988909659903639,0.9996070310179543,0.9995298926017415,0.999300809156871,0.9806410764662719,0.9372435482537281,0.9548432792668461,0.9536985168409844,0.9408280839795533,0.9072751553283348,0.9590135965441814,0.948791662879375,0.9613569706683219,0.9631072857445722,0.9531908720069109,0.982386595533861,0.9814510167402977,0.9921790850869837,0.9964162872975402,0.9538146248546943,0.9633406313779135,0.9734465725907246,0.974314765120552,0.9749896192427563,0.9545836317645845,0.9038769772069926,0.9574437204302828,0.9626726920353341,0.9454109951313445,0.8926313917198905,0.9697544163842869,0.9459237616088696,0.9702977940316141,0.9543394255087597,0.8021696429816996,0.8731901123343478,0.802372237608243,0.8866502639653618,0.9025451122294581,0.9068984626602237,0.888210233516033,0.8988290697619165,0.3960349249718832,-0.573932839502067,0.9649558408697647,0.9503210742860101,0.9505118018945562,0.9560404092503009,0.9603251971895066,0.9711092809079165,0.9711769882153711,0.9248750979210018,0.9689155813385355,0.8595685915021463,0.7926547671076102,0.9425300618868075,0.9400552566993408,0.8132152760712208,0.954966036359712,0.9557754034827467,0.8998470807845654,0.9741247670711581,0.8354980700574809,0.5652141636276544,0.7195507892283739,0.8586807250668819,0.85204