var element=document.getElementById("correlationAdjClose");if(element.style.display!='none'){var correlationAdjClose={"data":[{"type":"heatmap","z":[[1.0,0.9999953000189381,0.9873435948606764,0.9999404610984799,0.9992245333934784,0.9817693692700586,0.9978907101257881,0.9965916727041415,0.9720172747713417,0.9966985115394114,0.9949542729305939,0.994184706599254,0.9966694563218644,0.9966911532246746,0.996631115451924,0.9978666474472419,0.9982421863985499,0.9983365136700408,0.9970581594553038,0.9970670743882608,0.9969734151458285,0.9966460717608181,0.9891293503411053,0.9739529574324992,0.991601367498423,0.958380901074312,0.9908208309914969,0.9894731434090539,0.9707855175329105,0.9549501812195282,0.9913087811647617,0.9931701534130267,0.9930509090853011,0.9808514014668493,0.9978037487771445,0.9978501400261514,0.9977121066566511,0.9967749006765553,0.9956653492629057,0.9977636519813744,0.9986269169672829,0.9986552168442256,0.9978136974883698,0.9978215390731585,0.9784892784895083,0.9372350663620191,0.9598910481928321,0.9553978351348025,0.9542816400738751,0.9354191861734192,0.9660258741791296,0.955118009620439,0.967959066852054,0.9720842263695194,0.960733412711819,0.9850545989118532,0.9834795686658537,0.9916109937513237,0.9936212459726004,0.9888257609801713,0.9849768757985464,0.9885391560408897,0.9880885627996228,0.9890824939723196,0.9889964915290754,0.9520832012832813,0.9789186150792542,0.9765028392347516,0.9763587554263442,0.9335449865684374,0.9845123819701974,0.9811182599065598,0.9875333945656817,0.9869631123927615,0.9459810893430344,0.9089578081940205,0.883165269428288,0.92274567135975,0.9371280974624048,0.9357395580700969,0.93552801038505,0.9344563026522807,0.7612370496595425,-0.5052758820192069,0.9818526593119259,0.9782058765866363,0.9759602612466326,0.9893736472363832,0.9745294537513616,0.9851268220417008,0.9851303646841111,0.9429178164864426,0.9861543908550855,0.945157150394032,0.8279219364672583,0.930065329875215,0.9420396697645091,0.8443819232351104,0.960103552666359,0.9607521554942744,0.9043965683690233,0.9708331589455741,0.8940088640565218,0.5529952404434569,0.7372991397783768,0.9016131273002737,0.8752875488252568,0.8932080358893043,0.9774694608015607,0.9775983717578892,0.7933629813394992,0.7679244497524077,0.8240127736698133,0.4941684687644283,0.8116254867931232,0.8280122539244881,0.8230935250296841,0.817495229847084,0.8058723887589095,0.7587203055083935,0.7445205365677563,-0.3110762837173413,-0.4511559790778559,0.7656546139379984,0.8948881658284032,0.9279422097486328,0.942268675979797,0.9073021191532863,0.8388958544547884,0.9112439209425555,0.9221819650846315,0.9220218116263349,0.8617050032369438,-0.10753723613368167],[0.9999953000189381,1.0,0.9917742584472757,0.9998808105473002,0.9983517095165619,0.9895674787563682,0.9943805848978339,0.9925529023565085,0.9892330691498417,0.9925538121867861,0.9925894190939695,0.9936035079815488,0.9926202034136931,0.9925324599645526,0.9925984843744582,0.9944781449848391,0.9964762750591651,0.9959401212121871,0.9941455086311674,0.9941531043452148,0.9925868601771373,0.9926286648933639,0.9935342406343072,0.9803198821023247,0.990115696020616,0.9827468923368604,0.9902138125499559,0.9894124086799265,0.982318389151791,0.9439562010451845,0.9895420065974219,0.9880765972342161,0.9844745683707594,0.9508828261083082,0.9952824402039804,0.9952550475571755,0.9954955876576006,0.9928818589990205,0.9951577864489503,0.9955166741468044,0.9966952696602278,0.9968854538544721,0.9954995490687547,0.9955100103091508,0.992487086105892,0.9368561260406763,0.9186698121107316,0.9551812499594159,0.9542120346632084,0.9354044203688936,0.9108316010755587,0.9431082398871455,0.9124497486738798,0.9384911595232359,0.9110044961498109,0.9644783308457746,0.9644734894629642,0.9777358799416268,0.9853124880629948,0.9862960188614951,0.9872790367915396,0.9811544881421598,0.984985299012459,0.9821818603177435,0.9820903646162031,0.9476151239667152,0.9690838338779117,0.9381184938341731,0.9379052909607196,0.8751520246582031,0.984870262774616,0.9858422930655507,0.9859908048627904,0.9856841234885195,0.9626290583776589,0.8432278804434252,0.8180574543465656,0.8827466562086557,0.9283947184848429,0.8973352553226837,0.913251603410553,0.9124549934501416,0.8189163906561557,-0.010481759184353017,0.9750533873830806,0.976872184471778,0.9747904586701535,0.9866172400316855,0.970804790675307,0.9769933197393142,0.9764811239518748,0.9386492707060208,0.977974994604334,0.9398942085355909,0.7792394923751482,0.929706767637088,0.931158960132018,0.6491853787287956,0.8791040734162597,0.8823805529232541,0.7825434907076867,0.9702586796179408,0.7581575842345529,-0.3394926836946469,0.2948638614337031,0.7825344467435366,0.735880300782048,0.7756324808841609,0.971738311033469,0.9717535606248143,0.2642402973986968,0.43587329557403565,0.2720406050528573,0.24318631648822592,0.2646000420086902,0.2764767483825459,0.27344006205960514,0.19357856421692746,0.6064095744724548,0.3410754596008226,0.2913039964001855,-0.43873916006831076,-0.4897641025754079,0.7648709026472582,0.7837498362301705,0.8047861297566467,0.8713369353764335,0.8383306213762702,0.6565932004590487,0.8078631577445489,0.8009579017599827,0.8000684416889821,0.487314268710925,0.2788754859980757],[0.9873435948606764,0.9917742584472757,1.0,0.9884972512938873,0.9936363903539362,0.9911705143331341,0.9891632480200817,0.9900253385719349,0.9916373338424471,0.992585968931955,0.9964883693284303,0.9957722877069158,0.9898640018151041,0.9918447885145649,0.9900770533547436,0.9896424868506931,0.9908601609559567,0.9898581351323054,0.9886917263676388,0.9886565872289347,0.9915072021365153,0.9898960883083665,0.9956202199739237,0.9864272454603543,0.9916327481559363,0.9811561844362094,0.9922866836461471,0.9899319629524849,0.9875494463870884,0.9631227784824432,0.9678061662696348,0.9723497561949973,0.9775012763677098,0.9601175634115438,0.9866195966031954,0.9897801828848626,0.988175418345239,0.9916293356803837,0.994795214389072,0.9906528965596877,0.9848804056463467,0.9879794013303946,0.9870572362743586,0.9864404669431351,0.9930877754811965,0.9335683750434306,0.9460371790892153,0.9614671383657236,0.948325976935001,0.904638090750299,0.9249029624765277,0.9134941757849951,0.9278706304297303,0.9398805319218972,0.9225571422843689,0.9516433187890705,0.9623291774237956,0.9695129338800037,0.9758573494536529,0.9491146771586056,0.9721586323822359,0.9709161693043286,0.9766025949166691,0.9711170530814695,0.949133116714905,0.9319047943598475,0.9584266026800905,0.9491587153531925,0.933303445628893,0.9042349343739221,0.9771030823449828,0.958346940474603,0.9696970111253274,0.950554481694275,0.8651022624480683,0.8832015277347605,0.8077041795569584,0.8978109637036247,0.9158094177353975,0.9184436911495935,0.8867499919096556,0.9005710150210238,0.5078994941374722,-0.4848665138397958,0.9685565169090495,0.9588293382677265,0.9581392039328217,0.9489565362999856,0.9632929073319844,0.9707688325212855,0.9704529888500466,0.9389311895576669,0.9669984490957103,0.9016972768924748,0.8148262022343189,0.9601266227125965,0.9603806947730263,0.8306566985035341,0.9487139752762311,0.9501253857686447,0.8776942697895395,0.980763457242865,0.7743646123279431,0.4580151878293553,0.6844446194555883,0.798523119879848,0.8038975041431933,0.7793626851254724,0.9822435900903088,0.9822343909845532,0.7280005967639246,0.7215450544162205,0.7095064425079676,0.44957398132922194,0.7160130886185276,0.7173708207507882,0.7219182753706456,0.7185363004958693,0.7730581901283592,0.6990408887491494,0.6840660186280523,-0.3640308733089088,-0.5039304854206641,0.7412738425385065,0.8602189578405803,0.8746416732817154,0.8898671793249332,0.8817036797775902,0.7779233599491021,0.8595492004778776,0.8657822462660131,0.8716257773427767,0.7429238042987266,-0.032024872792202695],[0.9999404610984799,0.9998808105473002,0.9884972512938873,1.0,0.9994240321826836,0.9827524331210096,0.9980758616634164,0.9969287493188115,0.973875752982646,0.9970842766908719,0.995568028827692,0.9949616536260354,0.9969911233224659,0.9970961852928496,0.9969678766396842,0.9980796204086979,0.9985168049399467,0.9985447692407992,0.997349570354839,0.9973565821750918,0.9972990075255904,0.9969719421314873,0.99014321662381,0.9751555320034158,0.9924093876445741,0.9605609466259353,0.9917190041493927,0.990862278206451,0.9724896346004595,0.9559846704212748,0.9906790694336891,0.9926968270000633,0.9929685534284548,0.9804964894305586,0.9978485015397452,0.9980118067540868,0.9978817829773211,0.9971445239319887,0.9961070286123235,0.9979585510109441,0.9985192379025062,0.9987145179565345,0.9978558514537466,0.9978612067987022,0.9800307915233037,0.9345331887641591,0.958142658678393,0.9550330015161382,0.9523128731220306,0.9306606736018465,0.9634003706418889,0.9521816399779679,0.9652566962548516,0.9700273486047942,0.958369965872219,0.9831766446104238,0.9822194891862747,0.9908364761185185,0.9933929439197677,0.9876949437550979,0.9840340200311104,0.9875905021881743,0.9875939018366231,0.9880689379735343,0.9879759003975707,0.9452422206191714,0.9779087604544947,0.975438563382975,0.975288770914151,0.9301065805635498,0.9841169723501197,0.978892331809147,0.9863986379937485,0.985799645165238,0.9310865490574253,0.9078504903080499,0.8803066745819197,0.9214248440612598,0.9349344111586044,0.9353903949174006,0.9336188829951,0.9325788336098689,0.6876065835854221,-0.5046834080499004,0.9811816304248931,0.9771773711733182,0.9747445340842965,0.9882452162412647,0.9740260847627609,0.9845500589472538,0.9845520970757159,0.9426524057746704,0.9850598708016859,0.9347909775046822,0.8307889373796727,0.9340531319958258,0.9453152195658137,0.8457215205250573,0.9611439434351722,0.9618142446116941,0.9040003541172116,0.9718295627890755,0.8880862666172139,0.5494964288163752,0.7356912583595222,0.8963007901786474,0.8716358105942739,0.8876254977090099,0.9781546889554732,0.9782888698283901,0.7922644031053884,0.768092113604849,0.8162501886577814,0.4955568710541321,0.8057244012981495,0.8199836692711128,0.8149952899861818,0.8121195900038188,0.8078082516728773,0.7586382256240726,0.7445003224135253,-0.306484603128217,-0.45043740559490364,0.764521304899136,0.893391778464857,0.926153771507343,0.940517004867151,0.906371238726712,0.8364019799475869,0.9093223494299058,0.9200167240746223,0.9200046109720764,0.8551535030897346,-0.10080380792061777],[0.9992245333934784,0.9983517095165619,0.9936363903539362,0.9994240321826836,1.0,0.9846146188398011,0.9989925117545417,0.9986390107792265,0.9842447439432882,0.9986354861619817,0.9982993397091883,0.9982159133412921,0.9986481989097951,0.9986626150958073,0.9986690745802057,0.9991217882090192,0.9989437454394527,0.9992627422604589,0.9988717479814377,0.9988712411014663,0.9986986652703672,0.9986511149073141,0.9949701638139218,0.981542658427409,0.9955877793266196,0.9748802321187502,0.9955987312499217,0.9931265366627223,0.9829745991290352,0.9581277139528294,0.9888919143237405,0.9916674006973863,0.9908121964807434,0.9742363590365175,0.998836468656577,0.9989098161075884,0.998954850662363,0.9987672663422789,0.998685511571825,0.9989139367908879,0.9989720588187393,0.9991860048717606,0.998874720660401,0.9988737290833662,0.9880652191821861,0.9421680125069842,0.9575660250580776,0.9590748967623788,0.9503725018260372,0.9260488550721244,0.9549394474439041,0.9511650910342585,0.9590037828375587,0.9653586441349682,0.9540260443020236,0.9823188929157526,0.9822413016703104,0.9914149777345302,0.9934476349798638,0.9841335745823202,0.9781992170136604,0.9817213738843289,0.9839958207972685,0.9821818803056949,0.982059878749595,0.941627808094359,0.9704756768611758,0.9595565756955501,0.9593789603427471,0.9036031983981304,0.9813358008627687,0.9776805544800373,0.9828705721881447,0.9821627170023047,0.9435567753007573,0.8914541361773162,0.8633851261492327,0.9084925957546582,0.9394389708034439,0.9278209919320775,0.9331315717855824,0.9323008983315586,0.8079026253603522,-0.48254066606047746,0.9753953284041322,0.9673592297380158,0.9660280535015024,0.9848387119560807,0.9647095769494483,0.9785810875293905,0.9783260223759012,0.9344762886988497,0.9795447243382938,0.9355956457419893,0.8221544339548824,0.9461204555669587,0.9623246781738425,0.8182342652705422,0.9517200819640088,0.9529072808282079,0.9003682961530756,0.976099189626439,0.8948428188163007,0.38600266715891257,0.6878633981953642,0.9007743659206403,0.8594769141594708,0.8973794129337173,0.9815686707677307,0.9816689799942813,0.7636174506189805,0.7551992291584823,0.7674279811250643,0.47681170892494196,0.731277414223804,0.7712074498792106,0.7673287381775494,0.7339478734657903,0.7981040652970115,0.7474785387377632,0.7324782216944082,-0.4968188093775651,-0.5799643436085972,0.7579601181137696,0.8906202283131055,0.9173627202219111,0.9403659328318847,0.9067271103162657,0.8248216330842564,0.906905412425713,0.9127670947631034,0.9122874034665155,0.8023491903740076,0.10917677644128551],[0.9817693692700586,0.9895674787563682,0.9911705143331341,0.9827524331210096,0.9846146188398011,1.0,0.977518893945483,0.9791812072709223,0.9941438764003268,0.9787242950621198,0.9755629241248241,0.9751763688459277,0.9789700602437259,0.9795862213419348,0.9792527668152267,0.9789764223948073,0.9830709130011787,0.979691214495118,0.9794544090627219,0.9794658176939721,0.9780974961543313,0.9791299071795687,0.9931497700227263,0.9940400398286314,0.9825410634816275,0.9891186039520276,0.983186577077057,0.9791167246406886,0.98905966138024,0.9765834261543576,0.9529719312239149,0.9596834728742757,0.9712050162134546,0.9646463849838283,0.977191502216064,0.9777896183776691,0.9786684907527489,0.9799522456703866,0.9762052338136041,0.9783800578892323,0.9767710147935704,0.9787000964774515,0.9775661581463782,0.9775810354599173,0.9963597437357541,0.9008422869022662,0.9364665416122919,0.946409925812803,0.954427507487686,0.9181330324158007,0.9168239940573505,0.913279836638281,0.9200642602732088,0.9412104734598572,0.9189341689500617,0.9458917324627711,0.9531310548178134,0.9598734169947286,0.9626721707072141,0.9738406697093565,0.9898486718940287,0.9779669830103872,0.9866942799722471,0.9775460628473388,0.9770636183126443,0.979196220619696,0.9767956988303697,0.9614272236241539,0.960951236143123,0.9537960797766123,0.9850190470190325,0.9784779500347274,0.974150340228098,0.9731691139100105,0.9724546445093903,0.9235107226431818,0.8866249698735799,0.9365851922986258,0.9341027194171696,0.943374019670715,0.9251066525676495,0.9232133398372665,0.8043207582147412,-0.43169044320908545,0.9860120469678575,0.9881663288496332,0.9850658988502469,0.9745905103648114,0.9803507174789116,0.9844320376981645,0.9840726300858267,0.973603802412019,0.9750380363332817,0.9733577966499782,0.8295182812023043,0.909196133671221,0.9615512761207836,0.8607295912162408,0.9468545171528852,0.9477231752896467,0.8620362143253169,0.9568966391483817,0.8244613610268221,0.45983077513824894,0.6939826452672601,0.8347985561068485,0.8161519764103291,0.82502641942248,0.9557702623808084,0.9557999863983223,0.7395751905447802,0.7395245107475352,0.7431571606128757,0.4967463856238062,0.7460510611902762,0.7480449292895516,0.7418732431672758,0.7418721462105226,0.7814841510810029,0.7105643817487318,0.6995328694438315,-0.33073441271455356,-0.4597630493778819,0.7736715367984713,0.8515471696803968,0.8573808520511115,0.8818479054146429,0.8590678422195632,0.7910997502184333,0.8449708170710838,0.8506897574596509,0.8507103247356057,0.7984829743927141,-0.05281631047651347],[0.9978907101257881,0.9943805848978339,0.9891632480200817,0.9980758616634164,0.9989925117545417,0.977518893945483,1.0,0.9977895158068587,0.9562255703951779,0.9996620567014554,0.9996449448571012,0.9996781116766883,0.9986136851708162,0.9995308722383894,0.9992916359395104,0.9998960752401137,0.9970202019354802,0.9999070933773995,0.9994662415429251,0.9994703825956712,0.9997510242073906,0.9994152948942633,0.990458806731273,0.9738319228467702,0.986884184848241,0.9257285925715831,0.9940081740296904,0.9932499944177776,0.972923754698211,0.9502783616066981,0.9914038028411793,0.9921525675698454,0.9943077724684224,0.9783836771163337,0.999134933591395,0.9998734344588387,0.9997533589804192,0.9995260453907827,0.999809407746845,0.9998617274122101,0.9987069497498614,0.999768102913119,0.999470938994403,0.999171160601495,0.9786845460546664,0.9475802163222581,0.9594782870645668,0.9607705649935333,0.9489647115989504,0.9238058304079144,0.9605779075827428,0.9518770550249265,0.9629871208625186,0.9677549984426473,0.958388439138733,0.9831646818973657,0.9836142075516473,0.9928010250965746,0.9962930525193555,0.9572402995831008,0.9659285643566824,0.9744613064261377,0.9757206699266014,0.9758711799319081,0.9571868602835828,0.9043743263004829,0.9611854295568675,0.96317666157613,0.9488922075088303,0.8867659105149296,0.9720506696990185,0.9504616979006139,0.9728277367217057,0.9575179244984788,0.8217806535914828,0.8819726269372666,0.8190627516881606,0.894855172074605,0.9117963678290464,0.9158442101842453,0.897839507666671,0.9082230035902111,0.4507404429621964,-0.5419360490710202,0.9656869157946448,0.9532481554045161,0.9530617161907622,0.9584231279113249,0.9597701121702132,0.9715757923962681,0.9716666992848733,0.9214084284096259,0.9706558304637283,0.8679483732917901,0.8157602776912786,0.9466950714072887,0.9429507343387297,0.8317508256522828,0.9587825275010533,0.9595767772168707,0.9051495984380822,0.9758283012688364,0.8336739418174851,0.549798196365061,0.731505217288957,0.8588827867451018,0.8554719051861358,0.8403284329584824,0.9822365386345432,0.9823886593167717,0.78665519911372,0.7534772032728541,0.7825957402291078,0.4703159799932193,0.7870367112203346,0.7972660555620275,0.7871639034190997,0.7971612277120058,0.7964817378007273,0.7548940156697297,0.738901904889384,-0.3174351072289135,-0.46946185825708553,0.7665972817075967,0.896238237330412,0.9211805046092242,0.9430447418754785,0.9141314189810309,0.839188764479689,0.9114822338269988,0.9264346445531568,0.9247866236405313,0.7867240497520018,-0.07589454303649434],[0.9965916727041415,0.9925529023565085,0.9900253385719349,0.9969287493188115,0.9986390107792265,0.9791812072709223,0.9977895158068587,1.0,0.9664951406980993,0.9999998461986717,0.9999994059131717,0.9998042653366451,0.999997174511458,0.9999936980436915,0.9999984605783471,0.9994114225090668,0.9924955683597347,0.9995350577668832,0.9999183532019773,0.9999179283321269,0.999969447173054,0.999998875099685,0.9911178170430119,0.9757736498483388,0.9933500195119169,0.9394743217899469,0.9945128445093865,0.991943115556909,0.9751907294792898,0.9503703990812808,0.9878054200960544,0.9937352241293301,0.9930360013035854,0.975859180642746,0.999506303708617,0.999623817949653,0.999714924507488,0.9997723705124019,0.999387715111943,0.9995738639606929,0.9984293233650077,0.9990012770478681,0.9995816871876791,0.9994596469411515,0.9805222797469638,0.9475507049808909,0.9574120718899826,0.9636652156143761,0.9488137115211565,0.9163649748466443,0.9588479285754796,0.9478518236611374,0.9609592091731591,0.9630842864693816,0.9531569896456775,0.9812607203816163,0.9810917641558545,0.99189481734516,0.9965603613962964,0.9533091222824822,0.9634288800864216,0.9700957028508684,0.9737739600084242,0.9718106983315249,0.955968359083594,0.9005559635947497,0.9580674901318059,0.9585077093016361,0.9448884521430516,0.8798932945703314,0.9702970551912095,0.9458258206987737,0.9687583704328865,0.9538501004430269,0.8131661958428779,0.8771358497718047,0.8158621625014385,0.8898242495647095,0.9067658265489256,0.913028228789747,0.8945623071103699,0.9032085467794553,0.4372948897673806,-0.54422404433266,0.9630957586421088,0.9496228132325314,0.9493889017561483,0.95687412296557,0.9572684034161202,0.9690902751189717,0.9691722999001493,0.9194024064285212,0.9659141592202155,0.8614932513787014,0.8137213322350064,0.9568150088730673,0.952177233922351,0.829845084879717,0.9588211024670547,0.9597423314000798,0.9027187062257038,0.9791360610401383,0.8357194998642431,0.5354936201883842,0.7234940331806923,0.8591626093242652,0.8521642156889335,0.8416805961471662,0.9842462664201843,0.9844003187681638,0.7784721622617958,0.747007975215195,0.7831546396260335,0.4600488915798683,0.781984105872612,0.792519321976568,0.7868977562634469,0.7915481877976288,0.7912525456050593,0.7496309500915274,0.7331617573768647,-0.3317558972673195,-0.48261993978544204,0.7573487934164838,0.8896276745628642,0.9184255100011584,0.9359804026351847,0.908985147105802,0.8296114688458271,0.9053378075854829,0.9202979534127349,0.9188590533944054,0.769580549770675,-0.05951306093112395],[0.9720172747713417,0.9892330691498417,0.9916373338424471,0.973875752982646,0.9842447439432882,0.9941438764003268,0.9562255703951779,0.9664951406980993,1.0,0.9815714960519611,0.9864889571137198,0.9890859941205571,0.9700619900004879,0.9784514217704924,0.9749128679449205,0.9732456927756504,0.9508512062717247,0.9780808496172722,0.9755252748372325,0.9754931264817032,0.9800535537803892,0.9747601641689143,0.9938847327365365,0.9942021090401661,0.9802255997459051,0.9902368657050291,0.9835242664671953,0.992681942042356,0.9918171786159286,0.9723966111850337,0.9248146028140797,0.9464613588297146,0.9650323623260303,0.9543500258568167,0.9693234424304971,0.9779863401324107,0.97448914758628,0.976799462454684,0.9880556052921574,0.9793287241251372,0.9661308230924508,0.9757273847553203,0.9702775267854038,0.9692944237937358,0.9991463157946288,0.9170525356611535,0.931924590476077,0.9619243159176087,0.9533227409629988,0.9026760673032256,0.8888709129348772,0.8912613586180808,0.8931463674236279,0.9247720406683864,0.9027184193532313,0.9294216085302018,0.9474558498923467,0.9521125313857198,0.9579351722356763,0.9144116288701802,0.9743344892789428,0.9556758586355933,0.9722413893465623,0.9555917338835453,0.9154056639657081,0.9310891720800297,0.9550746070312042,0.9323997131020146,0.8999809425715682,0.901962198470558,0.9733143209030483,0.9313899082651153,0.950924384288303,0.9162153786015808,0.8597889926449959,0.884045360803355,0.7742661124587158,0.8994804256043926,0.9018279550524703,0.914673759582355,0.8656524844211988,0.8836756212595728,0.4968153137036987,-0.46034190722288815,0.9663440251093254,0.9631279771772382,0.9608336947265189,0.9120731755887859,0.9583491192173497,0.9644506208709333,0.9639343818003782,0.9473284383932322,0.9512194630469417,0.8988562200283533,0.818828603147833,0.9468412757410748,0.965842178063452,0.8397671255732584,0.9409350799593461,0.9422999539388078,0.85402988732448,0.9671382002816,0.738815099142434,0.4175741096083282,0.6645233984077853,0.7730737184448385,0.7787426020606472,0.7512649219005851,0.9662409901234129,0.9662179942762488,0.7075467879224852,0.7102663678150363,0.6730857892650318,0.4562419044725699,0.6957292965527629,0.6928121349284898,0.6711665188869772,0.6943918835656908,0.76388520872326,0.6895995936871172,0.6760382858629141,-0.3681559719668673,-0.5038234022187486,0.7707334858375059,0.8430621513650002,0.8263504406546267,0.8634059223537737,0.8595172723399587,0.7683799103730685,0.815273574902753,0.8331633230532786,0.8266330636614412,0.7143291257587571,0.007462879892366109],[0.9966985115394114,0.9925538121867861,0.992585968931955,0.9970842766908719,0.9986354861619817,0.9787242950621198,0.9996620567014554,0.9999998461986717,0.9815714960519611,1.0,0.9999992110705507,0.9998084166414607,0.9999986026939551,0.9999927551423885,0.9999980261625058,0.9997241359406739,0.9980711725567789,0.9995358253138525,0.9998986859504232,0.999898615528981,0.9999804567312996,0.999999409664946,0.9936105959529544,0.9777074712160552,0.996454463709252,0.9700732042734477,0.9964871976711827,0.9919522727774969,0.9795246524144786,0.9519141939889973,0.9898814573299838,0.9937977168813668,0.9909621525728652,0.9730837461028959,0.999557245514791,0.9996197820116632,0.9996360991750035,0.9998550563470469,0.9993975704242719,0.9995807717871532,0.998679554462833,0.9990460428377121,0.999569031157617,0.9995649564608463,0.9850745471267158,0.9474408054014485,0.9574364272465621,0.963588056755099,0.9487310454847899,0.9164488499202672,0.9530584762269907,0.9456367981628558,0.9565852076092991,0.9616656617916618,0.9517773377083266,0.9812100042394467,0.9811231367863564,0.9925538685356224,0.9964050852776843,0.975216605869296,0.963326954258966,0.9726448172004043,0.9737177092664757,0.9732729155071886,0.9731199323650319,0.9294572855729771,0.9579943920856437,0.950774148065904,0.9505511182933447,0.8925682514836486,0.970214908465957,0.9686530928619862,0.9741053856633867,0.9732525987789753,0.9303218814516466,0.8771380815001536,0.8437363860986435,0.8896847767160337,0.9237095806387328,0.9139396740436089,0.9184381911912832,0.9177821908160401,0.7669150848724283,-0.5346328976320454,0.9630502887744206,0.949590558054882,0.949370268116221,0.9761078796104048,0.9528916906966044,0.9688409772149775,0.9685832340706281,0.9201293846980366,0.969994116508286,0.9214932529450631,0.8137159052995665,0.9566107345555435,0.9625881084423036,0.8172375747171259,0.9537586774404407,0.954809695178175,0.9027925590682612,0.9784720075973022,0.9029638586167025,0.43015633648279283,0.704082037359483,0.9088215059603237,0.8673365139886409,0.9052929327173838,0.9842215639019494,0.9843919945332099,0.7785429801742374,0.7468008833241492,0.7817293809229288,0.4601421145644713,0.7463126413271524,0.7859039425796042,0.7816708294276736,0.7512093525622209,0.7910233403390536,0.7495813710306298,0.7330819944418171,-0.5397307268071796,-0.6229741480053488,0.756524972749421,0.8895866185462202,0.9207261331644524,0.9422626195827043,0.9089827780463593,0.8271409498031982,0.9072017065675408,0.9155425916071501,0.9150639549332475,0.813501825932464,0.16645065596003816],[0.9949542729305939,0.9925894190939695,0.9964883693284303,0.995568028827692,0.9982993397091883,0.9755629241248241,0.9996449448571012,0.9999994059131717,0.9864889571137198,0.9999992110705507,1.0,0.9998069486888628,0.9999966365685056,0.9999954166283916,0.999998537987676,0.9997116859027653,0.9978858570813471,0.9993340535582897,0.9998180692367847,0.9998181341226589,0.9999985569382905,0.9999985638557849,0.9932985713884446,0.9751164328496733,0.9957434063500296,0.977960158375614,0.9962144227204083,0.991965829546424,0.9818930952112759,0.9468294822341458,0.9898330823347905,0.9937185105197461,0.986030987609523,0.9531042873190744,0.9993951694568359,0.9994437486824626,0.999396531962222,0.9999114062461077,0.9993845638660017,0.9994053563179939,0.9982635883070728,0.9987370335762793,0.9993783016964717,0.999376409946854,0.9878051821209114,0.9472166947777007,0.9313518186647749,0.9635624362456607,0.9486864824781579,0.9162439184738623,0.9301276482863061,0.9225058625686129,0.9338191171134823,0.9411805484783113,0.9288625350080294,0.9757420777030019,0.9757235945115842,0.9917660391045894,0.9951108613533663,0.9686343657186227,0.9634673656957881,0.9613202932151332,0.9661930577224257,0.962304155826037,0.9620892321242785,0.9102668675155838,0.9488546014442474,0.9166867608187068,0.9162521272066942,0.8352950361412429,0.9689298086782704,0.9734371620164616,0.9704810390873743,0.9694598852170728,0.9265232467771471,0.828356811048417,0.7997248842171026,0.8621956966944017,0.9095961798193606,0.8844664019682474,0.8969779356553488,0.8959281425154589,0.7757389345643866,-0.2972064872928257,0.952732807858468,0.9497566751257671,0.9495014215323272,0.9695493096591664,0.9412382680977636,0.9548910183806343,0.954334622420865,0.8993133770968916,0.956985538396008,0.9023777768087626,0.8138704603559297,0.9568580385905983,0.9671621441882751,0.7339155068880113,0.921227936530812,0.9234673493064861,0.8639323467103663,0.986013405696848,0.8522812443304179,0.08100056818570102,0.5663406533962578,0.8638201146576908,0.8350963779049279,0.85928507139355,0.9867674997961329,0.9867659024067893,0.566093660239951,0.6717681713213686,0.5731801845109854,0.46010013664711613,0.5442955622627195,0.5819073688387141,0.5734983283975281,0.5134019943347387,0.781793273469134,0.6346621999300559,0.5981037378589138,-0.4984041101799728,-0.5588647693136595,0.7561059450068762,0.8723307865275715,0.8837093601772379,0.9198380989956884,0.9035111270144639,0.7236330803138203,0.8697520442961033,0.8788370567517217,0.878260498577202,0.6500269832011588,0.125898483573186],[0.994184706599254,0.9936035079815488,0.9957722877069158,0.9949616536260354,0.9982159133412921,0.9751763688459277,0.9996781116766883,0.9998042653366451,0.9890859941205571,0.9998084166414607,0.9998069486888628,1.0,0.9998198751797476,0.9998070161431063,0.9998122206832638,0.9996994956573101,0.998473227018198,0.9995010927396252,0.9999753122065866,0.9999751218870033,0.9998118631646425,0.9998160079339311,0.9931186159566177,0.9733854815346776,0.9945945167367416,0.9781721359285677,0.9952040667015625,0.9937141219199069,0.9780922870448536,0.9315495429579114,0.9927172396405151,0.9950471385464129,0.9827885523564751,0.939245042507909,0.9995256231327039,0.9995632851074032,0.9995271342545653,0.9996641452848825,0.999678933769126,0.9995397104689094,0.9981844543583884,0.9987650677307592,0.9995106520127183,0.9995078794198443,0.9892795455049384,0.9436127363223011,0.9222831771686306,0.9608444465289885,0.9468563741505154,0.9159775530762985,0.9038481227927175,0.9343131236013227,0.906630587327083,0.9243571128451066,0.9025869247809111,0.9662816892380746,0.9662725959139689,0.9846141153267411,0.9950522088359147,0.9681371122206684,0.9679677140099937,0.9574379251944433,0.9647976003258675,0.9593206840135514,0.9591518399432288,0.9126146827430293,0.9411282143223949,0.9020203048561767,0.901734203942207,0.8256865693243791,0.9688333370383063,0.9704932485194616,0.970477049035319,0.9698562394337118,0.9345951336139524,0.7953392525742665,0.7667556493177988,0.8386767740883021,0.8943724547048492,0.8597993507926215,0.8778115169905802,0.8771576040916566,0.7679666185418926,-0.13401245275876533,0.9480092748434927,0.9512249031009392,0.9476670747109102,0.9686730448627668,0.9420046812227257,0.9507737323104662,0.9500432031853377,0.9003312865406579,0.952405519293637,0.9022920704022084,0.7784900518116771,0.9548968681633377,0.950280861157547,0.6382774291475767,0.8790682181508752,0.8827242411596852,0.7776716387810481,0.9810296136725811,0.7555037072654465,-0.2805046759127203,0.32536978977757347,0.7775745625058993,0.736104302042358,0.7715393505837465,0.9821069245428949,0.9821793619452245,0.29069940038203484,0.44856166001189357,0.29692866403646345,0.2686224761879947,0.2886267084710196,0.30252563016296197,0.3000572968314051,0.2173143740754314,0.6180310070680087,0.3577643021167023,0.30658224049725813,-0.5039752818367722,-0.5539089640856172,0.7555917865209516,0.7864666391036549,0.8075374705779714,0.8725557419994285,0.8458124948885084,0.6440473141118519,0.8041323320213023,0.8036307510413052,0.8027673696622539,0.4886404111345578,0.30907603884097157],[0.9966694563218644,0.9926202034136931,0.9898640018151041,0.9969911233224659,0.9986481989097951,0.9789700602437259,0.9986136851708162,0.999997174511458,0.9700619900004879,0.9999986026939551,0.9999966365685056,0.9998198751797476,1.0,0.999992085427814,0.9999977229497422,0.999452004622431,0.9939993086871948,0.9995694321984946,0.9999276695114858,0.9999274266485395,0.9999759489724087,0.9999990442709198,0.9909858649358775,0.9755568362846062,0.9939931409363617,0.9442973500955604,0.9944558641686518,0.9920317927906811,0.9749670846621955,0.9502587233318643,0.9887213023020924,0.9938298614452219,0.993116673539643,0.9759707616303362,0.9995484142382037,0.9996601367047895,0.9997427671740916,0.9997695911418325,0.999434372474311,0.9996105296026223,0.9985091108631674,0.999059573588918,0.9996228537084229,0.9995019296010897,0.9802589942431503,0.9477521796036239,0.9575378513901691,0.9635857187941509,0.9488302185542881,0.9168118247936481,0.9591954716142347,0.9482156805278669,0.9613070056592415,0.9633682363554598,0.9535172689506733,0.9815080195449659,0.9812646607893192,0.9920208932892152,0.9966536141565457,0.9535222785112887,0.9633984362255298,0.9702085740412566,0.9737782950222375,0.971923456540499,0.9561295947304376,0.9003992951578458,0.9581397186884185,0.9587087909917884,0.9451600244888712,0.8798802594547983,0.9702696754840144,0.9459202745084554,0.9688668098616533,0.95404992267728,0.8129991266692892,0.8772566466043258,0.8162059522681221,0.8899420169913718,0.9069009576253438,0.9130829975560626,0.8948123695921215,0.9034412389789239,0.43728671066743147,-0.5444163534784313,0.9631143823670011,0.9496501993084344,0.9494167220609147,0.9570493123426945,0.957274363620486,0.9691300354604977,0.9692138142159116,0.9192752703248525,0.9660454928788988,0.8613694137948738,0.813743758114063,0.9563553768211311,0.9517050973448561,0.8298078921198005,0.958813732882044,0.9597279618061448,0.9030601537113033,0.9790139440162862,0.8362378205460944,0.5366283942359676,0.724119136734615,0.8596608416430594,0.8526989760267527,0.8421874423180641,0.9841987005866082,0.9843530499329177,0.779068368534272,0.747468811068294,0.783790174450363,0.4605823692151015,0.7826441926204689,0.7932216048486367,0.7875508132060672,0.7922606854523037,0.7915675011759407,0.7500808960445794,0.7336225990865919,-0.3308878828066914,-0.48186459637358486,0.7576404663858133,0.8901244923761829,0.9189246818984609,0.9365069091945923,0.9094517327837495,0.8301435257878609,0.9059222439211619,0.9208950126213314,0.9194505768226845,0.7702428938260393,-0.06055757262352052],[0.9966911532246746,0.9925324599645526,0.9918447885145649,0.9970961852928496,0.9986626150958073,0.9795862213419348,0.9995308722383894,0.9999936980436915,0.9784514217704924,0.9999927551423885,0.9999954166283916,0.9998070161431063,0.999992085427814,1.0,0.9999957185038391,0.9996243146526212,0.9980562500837943,0.9995315460192973,0.9999145013610846,0.9999135276860835,0.9999596397685621,0.9999924995554,0.9928192319625498,0.9760491036827571,0.9961578267936728,0.9644961753651078,0.9959144642307863,0.9919789705285772,0.9756670088519787,0.9508139237710584,0.9892061624670617,0.9939281617480313,0.9924292552942101,0.9754949545570984,0.9995365057356509,0.9996154692149039,0.9996698461112816,0.9999015691717771,0.9994029351200828,0.9995634102101979,0.9984119247899603,0.9989884995223901,0.9995620226523448,0.9995558410198302,0.982928556239231,0.9472554998337624,0.957209158769164,0.9633774909071835,0.9484838711684096,0.9159854911951204,0.9553894835285603,0.9425667362139387,0.9577419113127978,0.9627017167490568,0.9526797902082756,0.9803961472543228,0.9809098163108709,0.9914046072952459,0.9966383843599081,0.976151790387222,0.9629602391539194,0.9745495969424123,0.9736674962289668,0.9754797701114755,0.9753235184091397,0.9380826213898438,0.9576656623170825,0.9571684824478119,0.9569393244458307,0.909616572071211,0.970127670813637,0.9711616351522029,0.9758163464432685,0.9749054516083115,0.9371763559323638,0.8767733869199353,0.8482033811626206,0.8893923038373155,0.9158919817399749,0.9125898218360066,0.9131716061329411,0.9122332162330828,0.745074746392821,-0.5463829500883094,0.9630546409150952,0.9493372709232502,0.9490169916924396,0.9770703441699193,0.9573444727591399,0.9690717420184489,0.9691730997246608,0.9195017656612521,0.9709610427750445,0.9293686437607981,0.8129606482295942,0.9562409430080665,0.9558304040882568,0.8286031537664548,0.9585830195422861,0.95945256832751,0.9026077716058339,0.979269781331939,0.8872650419318654,0.5364018063053816,0.7228179980282871,0.8952991176304921,0.8667979429903258,0.8866428244774675,0.9844083746075325,0.984577836566366,0.7775447408724018,0.7458486121625589,0.8063209780064635,0.459100881912045,0.7908834727776567,0.8105206152175062,0.8050408958771281,0.7938494568615628,0.7906190976503037,0.7481638169179513,0.7316510159497847,-0.4181011290330668,-0.5399312425403497,0.7543090056251305,0.8893380736815488,0.9158854252689463,0.9323669551997089,0.9091169853872586,0.8282316553518068,0.8960720696624807,0.9096494921978873,0.9092670386295195,0.8445023544463115,-0.028104256106464557],[0.996631115451924,0.9925984843744582,0.9900770533547436,0.9969678766396842,0.9986690745802057,0.9792527668152267,0.9992916359395104,0.9999984605783471,0.9749128679449205,0.9999980261625058,0.999998537987676,0.9998122206832638,0.9999977229497422,0.9999957185038391,1.0,0.9995327976422085,0.9974269265379584,0.9995484818341316,0.99992059408366,0.9999199002273009,0.9999700817503735,0.9999978320726374,0.9911627752294155,0.9758404108753522,0.9955542535425921,0.9564645559120202,0.9953103704124675,0.9919990800942297,0.975250387903574,0.950533463881334,0.9911856409253195,0.9940705381330935,0.9929910407324821,0.9757860402429849,0.9995157789869026,0.999624001512133,0.9997208263851819,0.9997858124479667,0.9994090626148715,0.9995709579296062,0.9984508130481099,0.9990149152556157,0.9995898394187168,0.999470083380506,0.9805296913161128,0.9476034524998166,0.9574335194267414,0.9636431403029898,0.9488484204149931,0.9165652398440303,0.9589141276605248,0.947964166720549,0.9610534361461648,0.963045560163212,0.9530813652235696,0.9812779361306435,0.9810403689323267,0.991867525787379,0.9965243159203052,0.9535604331799677,0.9634665680569509,0.9702420033715692,0.973857190110095,0.9719450104648488,0.9558104365539397,0.900745944489453,0.9580176072860273,0.9585744658445007,0.9450698995305272,0.8800275192366754,0.9704230992895969,0.9461184161107599,0.968932667953364,0.9541138765152217,0.8134644953745216,0.8771796544093325,0.8160931457065485,0.8899038427806479,0.906917529173466,0.9130528905006703,0.8946976394435859,0.9033580870881792,0.43762648476975996,-0.5439148303323296,0.963192750772375,0.9496860165496446,0.9494529566503571,0.9559488338863478,0.9574294752926532,0.9691774020093284,0.9692561287238566,0.9195926381197154,0.966061472607245,0.8617253931077101,0.8137300021560723,0.9565934795864605,0.952102759124415,0.829871736860695,0.9587628455584404,0.9596876542984567,0.9025426283491385,0.9791479560878421,0.8357339795535678,0.5353008541002083,0.7233815240076228,0.8591572734363742,0.8522631877394669,0.8416921568461142,0.9842729157979186,0.9844244859172567,0.7781121389328236,0.7467116922015323,0.7831226489007387,0.4602563879946485,0.7819532677551804,0.7924329492463246,0.7870303667286792,0.7914452136994073,0.791182706136247,0.7489576045575882,0.7325208700414736,-0.33158678735352415,-0.4824460325130599,0.7575104724939181,0.8895401641553798,0.9185278403148772,0.9360069828290237,0.9090213471575599,0.8294233069649214,0.905512140389128,0.9203159514194306,0.9189880735837083,0.7696572663621537,-0.05974847801198996],[0.9978666474472419,0.9944781449848391,0.9896424868506931,0.9980796204086979,0.9991217882090192,0.9789764223948073,0.9998960752401137,0.9994114225090668,0.9732456927756504,0.9997241359406739,0.9997116859027653,0.9996994956573101,0.999452004622431,0.9996243146526212,0.9995327976422085,1.0,0.9985977211923025,0.9998701900821518,0.999605929866482,0.9996098845778845,0.9997972684025229,0.9995969199471759,0.9909170153178114,0.9750326052407144,0.9944141028295616,0.9503766110095985,0.9940562440623129,0.9934533561005068,0.9739083454460968,0.9513698375239359,0.9914739512154213,0.9925850320467529,0.993746207203794,0.9776155846483963,0.9993278788323785,0.999749833477913,0.9997495454918062,0.999625322843211,0.9996727443032021,0.9997159215308462,0.9989572338953379,0.9996406924544465,0.9995501912201489,0.999333908751094,0.9794424759144051,0.946482971468282,0.9593018825070909,0.962034289301515,0.9501446028908658,0.9221806964895973,0.9606857889111838,0.9519155741348825,0.963084659959382,0.9666047879682147,0.9566755310934492,0.9829860468617082,0.9827403845903814,0.9926784919279739,0.9960672402888471,0.957563849699537,0.9668262964821833,0.9744834498535536,0.9762301778058058,0.9759548325799602,0.9583478939225605,0.9053035748338124,0.961218525900455,0.9631638548004118,0.9493968400543753,0.886948781168811,0.9727527862677444,0.9504566799549573,0.9727464925265061,0.9579794489246721,0.8207366278614615,0.8821849512418327,0.8199957641373754,0.8950223420552968,0.9112977783235419,0.9155375650822325,0.8980291179634374,0.9079902654809793,0.44782326923259047,-0.5412821336563428,0.9663151313374605,0.9541679572338192,0.9538464761104174,0.9594792459394874,0.9607644754453797,0.9720327740272577,0.9721114447362134,0.923330576527199,0.9705412202699587,0.8680397384417992,0.8153963724700041,0.9491095548100423,0.9453251661957476,0.8321133285115199,0.9588064002179134,0.9595693364651466,0.9024378337903125,0.9761258194169746,0.8349875057359692,0.5443300310720929,0.7279374067807055,0.8591066015549009,0.8547127603485182,0.