var config = { responsive: true }

var correlationClose = {"data": [{"type": "heatmap", "z": [[1.0, 0.9999837704813004, 0.976621535877423, 0.9996960048803006, 0.9972008168335302, 1.0, 0.9897784160205729, 0.9848769665046099, 0.9903420961486035, 0.9735096067378242, 0.97823924097495, 0.9898271340837633, 0.9899929096984234, 0.9898995564923788, 0.9899643178166044, 0.9929776922492958, 0.9931424026225758, 0.9910313235846896, 0.9910237450951789, 0.9909489130226989, 0.9898222231674846, 0.9763886007196194, 0.9628490972075772, 0.975383066332295, 0.9753535874976624, 0.9468816034276277, 0.9508320683624013, 0.9421909799839062, 0.9897630734306749, 0.9897183115283933, 0.9855662620719889, 0.9746860428048629, 0.9930479945139936, 0.9940048765236197, 0.9930675198036515, 0.9912305940166098, 0.9851016038995865, 0.9936613996602238, 0.9936344994717939, 0.9945912187717486, 0.9932647839572394, 0.9932544549972985, 0.9932647839572394, 0.9013497741482841, 0.7083790481643221, 0.8709552907734142, 0.9193648809751442, 0.8277227102841078, 0.9669617194371873, 0.9301191622743011, 0.9578424157918013, 0.9525770273544072, 0.9565137311660549, 0.9786496162247371, 0.9725741039846971, 0.904481260789922, 0.8913405296493797, 0.9252016437826902, 0.8940141757326232, 0.9215225748411514, 0.9224905310031596, 0.9215225748411514, 0.8250017515070844, 0.9019197401277129, 0.9032988371573323, 0.9019197401277129, 0.8776613418226011, 0.6981062433571122, 0.8544861066147889, 0.8564589483300334, 0.8544861066147889, 0.5980731021432557, 0.4855711427956101, 0.572316269372679, 0.723789761637753, 0.4561631524324286, 0.5239650205698342, 0.5262512941066126, 0.5239650205698342, -0.5937926573922843, 0.8650433403738589, 0.8957434026078208, 0.8774087674325114, 0.9062044987293011, 0.9317546188417013, 0.8637490102356319, 0.8653814685964262, 0.8637490102356319, 0.8775300211250907, 0.8775300211250907, -0.17585449384288593, 0.4863136247581068, 0.2189215621038026, -0.5026995871839147, -0.5338912279474949, -0.5376766689145018, 0.025702337293738033, 0.021161867685440584, 0.3001334704853765, 0.22192624935404542, 0.13166533228995392, 0.10761709290930865, 0.13483159175590587, -0.15779898527023564, 0.09394198485890069, 0.09425745911946955, -0.5026649585354567, -0.395292339239884, -0.15547751997250864, -0.4413454152788939, -0.3229126205781197, -0.29855485103372675, -0.28888414497001996, -0.29855485103372675, -0.15358877951792554, -0.2025804069759121, -0.2025804069759121, -0.5125612133552914, -0.5125612133552914, 0.39836095772947966, 0.6747549282141879, 0.8804116979038322, 0.8575539832266776, 0.797493987230905, 0.6798369270119374, 0.7798099719188949, 0.8213484409402602, 0.8215183138997879, 0.8213484409402602], [0.9999837704813004, 1.0, 0.9622323566892722, 0.9991202791369653, 0.9924381965087551, 0.9999837704813003, 0.9731703197659397, 0.9620663202101902, 0.97288305972285, 0.9558883847884356, 0.9754745136066486, 0.9732235054281348, 0.9731728728726778, 0.9729523642329827, 0.9720240396039985, 0.9823425902161043, 0.9807491114527919, 0.9797581099623417, 0.9797214441524785, 0.9733080056970463, 0.9732961940072151, 0.9791221627319133, 0.9648502663768146, 0.9647127403868425, 0.9648058789114089, 0.9473782689743121, 0.9712465566544848, 0.9283216809052965, 0.9727000235305042, 0.9727611002139428, 0.9707636177616825, 0.9195903293159182, 0.9850041006101752, 0.985125326299676, 0.986051891541955, 0.9760955747246264, 0.9829969361667267, 0.9849998961973282, 0.9857862013734359, 0.9855378161924354, 0.9862020130632502, 0.986174272580431, 0.9862020130632502, 0.9015292094795212, 0.6404352545826743, 0.8723053462636073, 0.9208331768956622, 0.8269383662054515, 0.8785142355348649, 0.887306949524089, 0.870120654402872, 0.8832220255406812, 0.875392322037749, 0.9401713432414922, 0.9402060109237809, 0.9056869877701197, 0.9178622398060166, 0.8907263592913262, 0.890147596440172, 0.8988408572506406, 0.8997184317904928, 0.8988408572506406, 0.740343478290771, 0.7076058537519787, 0.7099951935849317, 0.7076058537519787, 0.9111364640535221, 0.9174585539938793, 0.9106879088911225, 0.9122179643771618, 0.9106879088911225, 0.41016019801272235, 0.3549110707227641, 0.47743330388075633, 0.5699255023906774, 0.4482467600960273, 0.4967513992189624, 0.49795829900370087, 0.4967513992189624, -0.17559758493871577, 0.8403086216122639, 0.882122863532398, 0.8665474070689427, 0.9141356324796853, 0.9158530302711616, 0.8334668830989296, 0.8339338029334413, 0.8334668830989296, 0.8459046432208378, 0.8459046432208378, -0.2848735255359564, 0.4870282754423022, -0.37338446157330535, -0.44609218382996885, -0.44876749216304185, -0.45225178227223634, -0.24217092301713536, 0.19560857934969195, -0.16385946122274497, -0.3133625857349362, -0.17431547831320515, -0.22684590449500863, -0.25226772072094505, -0.27920992393897076, 0.06857977495198148, 0.06297886012864222, -0.4560598414852846, -0.40584602784007917, -0.4337860045625107, -0.46393012636476794, -0.45633009190395135, -0.4373497547070275, -0.4404452245966274, -0.4373497547070275, -0.3420548935594772, -0.46562265026078004, -0.46562265026078004, -0.446904092587625, -0.446904092587625, 0.3984078451075327, 0.4506666666386871, 0.5354809107346158, 0.6153956899274334, 0.5942568409064004, 0.27353270623074627, 0.41641705217879516, 0.4175832405591701, 0.417643648156793, 0.4175832405591701], [0.976621535877423, 0.9622323566892722, 1.0, 0.9806745515841411, 0.9905150943263917, 0.9766215358774231, 0.9849567223370337, 0.9828661610755798, 0.9920811832904308, 0.9342842005431904, 0.9961619419590736, 0.9849064104307851, 0.982322308264622, 0.9846651913506549, 0.9845514510511165, 0.9877813349760471, 0.9889137880202895, 0.982322063223167, 0.9823037520702876, 0.9905840263325476, 0.9848134198901746, 0.9903249799347991, 0.9787847285131782, 0.9821085447438592, 0.9821283140861304, 0.9782964122777611, 0.9764787161437253, 0.946053776793781, 0.9668705778962403, 0.9669428355128368, 0.972184440860309, 0.9485370299233393, 0.980881479861719, 0.9875520324244824, 0.9791750626917819, 0.9822645170095498, 0.9932126142453362, 0.9895217934931198, 0.9789625624872876, 0.986587572124158, 0.980589946220688, 0.9798527073664244, 0.980589946220688, 0.9117231780308253, 0.6253780796244196, 0.9185260397611429, 0.896372107984582, 0.6708985905575756, 0.9100299778407603, 0.8577962397976645, 0.8978748792653718, 0.8950037887634114, 0.903412532017702, 0.9296024396859273, 0.9392947960696023, 0.7338491998351159, 0.7890245628394736, 0.8098382435881375, 0.8284908713393245, 0.8020227105558286, 0.7725800990811257, 0.8020227105558286, 0.7130338595337863, 0.761250072532044, 0.7626452775114246, 0.761250072532044, 0.8195417621377306, 0.38144981680100465, 0.5745797142069127, 0.6488800870161991, 0.5745797142069127, 0.4901229161484721, 0.4625354102957142, 0.45350501727938647, 0.6124868569457629, 0.3880575902691467, 0.42278262654556553, 0.3889784562010003, 0.42278262654556553, -0.5854297953600628, 0.7867922585582521, 0.7633846743133441, 0.7669874046917744, 0.7491381264722587, 0.8770233475858823, 0.7937883961137668, 0.7966430235375381, 0.7937883961137668, 0.7385411163887896, 0.7385411163887896, -0.28773341052566265, 0.6913940249248354, 0.1664125178879209, -0.6007316242536129, -0.6278865544164042, -0.630744697617489, -0.0878856207440718, -0.021760061214394298, 0.293466597090863, 0.0875108312592879, 0.024235851388337473, 0.056475761602992176, 0.023216545812455348, -0.15587303398567307, -0.005860261333961587, -0.005815371262317784, -0.5950376035447906, -0.5124389248522957, -0.11374519153838096, -0.5693278665789919, -0.42207897825082275, -0.38639309085427886, -0.21609289036840784, -0.38639309085427886, -0.28161398827301076, -0.34194388863680963, -0.34194388863680963, -0.617504876931554, -0.617504876931554, 0.30898333961478486, 0.5782975204521933, 0.7859983206185304, 0.7639517629972395, 0.7329609340415939, 0.5717188403116477, 0.712953792495736, 0.7208267309472098, 0.7527256859917926, 0.7208267309472098], [0.9996960048803006, 0.9991202791369653, 0.9806745515841411, 1.0, 0.9984496731832867, 0.9996960048803004, 0.9915216424695651, 0.9870817036670381, 0.9925460556099375, 0.971624147794541, 0.9843588413838325, 0.9915573008818107, 0.9916491981353606, 0.9915993741884706, 0.991646401836392, 0.9946200529516124, 0.9947764573207093, 0.9925254293304411, 0.992517430905048, 0.992917683293774, 0.9915416856469748, 0.9798443020654587, 0.9661066956503014, 0.9785002532036259, 0.9784728044960629, 0.9609655623074075, 0.955487889370477, 0.943717945111425, 0.9897947166541485, 0.9897615416574115, 0.9866709152552737, 0.9743760453510333, 0.9939758110401211, 0.9953164195325005, 0.993951388075272, 0.9925293460685094, 0.9897280651983272, 0.9952283839417327, 0.9943629695792399, 0.9958172398410554, 0.9940904794848596, 0.9940821304572658, 0.9940904794848596, 0.901922818867244, 0.6963938298728913, 0.8829768652505554, 0.9156192894748961, 0.805407298555501, 0.9614251619059491, 0.9223315305605464, 0.9513202965831519, 0.9472198151721649, 0.9519439817161649, 0.9745747146581338, 0.9700466993703587, 0.8770293992026346, 0.8795078000181092, 0.9083227648234647, 0.8875180145758812, 0.8994475933126808, 0.9007843196826837, 0.8994475933126808, 0.8136922766618504, 0.8875954937034569, 0.88912197607054, 0.8875954937034569, 0.871451163662362, 0.622612420016438, 0.8043017570783271, 0.8063716181567337, 0.8043017570783271, 0.5872294148542699, 0.4572523956271952, 0.5592022256199085, 0.7044670702687872, 0.448632845077285, 0.49024782294167263, 0.49327980739674404, 0.49024782294167263, -0.5957321574354235, 0.8568410538671182, 0.882023408585247, 0.8651134016892472, 0.8761028599356857, 0.9271949283114744, 0.8568142392444729, 0.8586581819591256, 0.8568142392444729, 0.8527747078126166, 0.8527747078126166, -0.18341046515721313, 0.5188555286559625, 0.2238385466461231, -0.511477541972026, -0.542302659175451, -0.5460012253130514, 0.013108228171628775, 0.01445468871518554, 0.29299252819492844, 0.20983364559464046, 0.12108135818329101, 0.10098303372285758, 0.1286788534622518, -0.1658064778877631, 0.08137335083386299, 0.08174065575251348, -0.5105776544953857, -0.4069606061104919, -0.15730475146852774, -0.45503516168733465, -0.32532011354003826, -0.3003576793308757, -0.2912373186716822, -0.3003576793308757, -0.16368337444637338, -0.2132130688842245, -0.2132130688842245, -0.5242058824709227, -0.5242058824709227, 0.38161947547464475, 0.6628345830760092, 0.8732589763949442, 0.850379923275044, 0.7905273046661311, 0.6713574724968042, 0.7713476916606372, 0.8132592808147205, 0.8134454657149218, 0.8132592808147205], [0.9972008168335302, 0.9924381965087551, 0.9905150943263917, 0.9984496731832867, 1.0, 0.9972008168335302, 0.996413566793584, 0.9940568354617344, 0.9965964613756085, 0.9602071363712582, 0.9944610601824518, 0.9964335283196367, 0.99653925230242, 0.9964683147354401, 0.9964615178702376, 0.9975587329600952, 0.997204648223822, 0.9970908637770304, 0.9970863150917566, 0.9964306946274313, 0.9964260707036237, 0.9928405166373665, 0.979567148280024, 0.9891660949773352, 0.9891182880266186, 0.979685720179406, 0.9780118475012516, 0.9483554434748914, 0.988542959843141, 0.988482251968753, 0.9883096807896171, 0.9656196964826541, 0.9976797038376606, 0.9976305095601149, 0.9975418937885895, 0.9970063652555538, 0.9969655291872468, 0.9978399943323307, 0.9979598452905136, 0.9977014957716925, 0.9976760756960285, 0.9976768156482138, 0.9976760756960285, 0.9198951708511156, 0.6601148548794223, 0.9107665274978105, 0.9176507071796921, 0.7678303326100209, 0.9424342876203199, 0.8948567415456616, 0.9316403973145178, 0.9330887764059882, 0.941541770106195, 0.9681782587140557, 0.968282831695467, 0.8655995265462318, 0.8514420508066746, 0.8879700211303214, 0.8692219539181325, 0.885810936433681, 0.886476736222487, 0.885810936433681, 0.7789424718299226, 0.8222542158381478, 0.8242281682790464, 0.8222542158381478, 0.8546455129650047, 0.7290841104923493, 0.8338229726827853, 0.8352076375580952, 0.8338229726827853, 0.5336399567253456, 0.3936959302066344, 0.5140120388848767, 0.6883690716141497, 0.5042096461010197, 0.48046554308269884, 0.4810521455454894, 0.48046554308269884, -0.5802330972340186, 0.8317289437675048, 0.8436052459173357, 0.8314689999347435, 0.8774378558734256, 0.8980073775153167, 0.8347903278244378, 0.8366217574136937, 0.8347903278244378, 0.8434719488662785, 0.8434719488662785, -0.23133810842213692, 0.5913811453640081, 0.07995313007429662, -0.5707161739622177, -0.6065966167143515, -0.6069562905709502, -0.0254593213632301, 0.03372912366237337, -0.10515988805515099, -0.041220594819726515, -0.03287269511528702, -0.2769557875628694, -0.330084599793969, -0.4777571912262497, 0.043681742717862904, 0.04388254984282999, -0.5445139327616344, -0.449261248131672, -0.4703953226760512, -0.5041254418086515, -0.5620550202004744, -0.532168863147506, -0.5345580525886715, -0.532168863147506, -0.21199861733487294, -0.2555777794080402, -0.2555777794080402, -0.6326063352248278, -0.6326063352248278, 0.35596567360584547, 0.6402087416124552, 0.8207781520829426, 0.7909629855831902, 0.7769930400555218, 0.598991974194259, 0.620190915022514, 0.7060510217223814, 0.7064439304782436, 0.7060510217223814], [1.0, 0.9999837704813003, 0.9766215358774231, 0.9996960048803004, 0.9972008168335302, 1.0, 0.9897784160205729, 0.9848769665046099, 0.9903420961486035, 0.9735096067378242, 0.97823924097495, 0.9898271340837633, 0.9899929096984234, 0.9898995564923788, 0.9899643178166044, 0.9929776922492958, 0.9931424026225758, 0.9910313235846896, 0.9910237450951789, 0.9909489130226989, 0.9898222231674846, 0.9763886007196194, 0.9628490972075772, 0.975383066332295, 0.9753535874976624, 0.9468816034276277, 0.9508320683624013, 0.9421909799839062, 0.9897630734306749, 0.9897183115283933, 0.9855662620719889, 0.9746860428048629, 0.9930479945139936, 0.9940048765236197, 0.9930675198036515, 0.9912305940166098, 0.9851016038995865, 0.9936613996602238, 0.9936344994717939, 0.9945912187717486, 0.9932647839572394, 0.9932544549972985, 0.9932647839572394, 0.9013497741482841, 0.7083790481643221, 0.8709552907734142, 0.9193648809751442, 0.8277227102841078, 0.9669617194371873, 0.9301191622743011, 0.9578424157918013, 0.9525770273544072, 0.9565137311660549, 0.9786496162247371, 0.9725741039846971, 0.904481260789922, 0.8913405296493797, 0.9252016437826902, 0.8940141757326232, 0.9215225748411514, 0.9224905310031596, 0.9215225748411514, 0.8250017515070844, 0.9019197401277129, 0.9032988371573323, 0.9019197401277129, 0.8776613418226011, 0.6981062433571122, 0.8544861066147889, 0.8564589483300334, 0.8544861066147889, 0.5980731021432557, 0.4855711427956101, 0.572316269372679, 0.723789761637753, 0.4561631524324286, 0.5239650205698342, 0.5262512941066126, 0.5239650205698342, -0.5937926573922843, 0.8650433403738589, 0.8957434026078208, 0.8774087674325114, 0.9062044987293011, 0.9317546188417013, 0.8637490102356319, 0.8653814685964262, 0.8637490102356319, 0.8775300211250907, 0.8775300211250907, -0.17585449384288593, 0.4863136247581068, 0.2189215621038026, -0.5026995871839147, -0.5338912279474949, -0.5376766689145018, 0.025702337293738033, 0.021161867685440584, 0.3001334704853765, 0.22192624935404542, 0.13166533228995392, 0.10761709290930865, 0.13483159175590587, -0.15779898527023564, 0.09394198485890069, 0.09425745911946955, -0.5026649585354567, -0.395292339239884, -0.15547751997250864, -0.4413454152788939, -0.3229126205781197, -0.29855485103372675, -0.28888414497001996, -0.29855485103372675, -0.15358877951792554, -0.2025804069759121, -0.2025804069759121, -0.5125612133552914, -0.5125612133552914, 0.39836095772947966, 0.6747549282141879, 0.8804116979038322, 0.8575539832266776, 0.797493987230905, 0.6798369270119374, 0.7798099719188949, 0.8213484409402602, 0.8215183138997879, 0.8213484409402602], [0.9897784160205729, 0.9731703197659397, 0.9849567223370337, 0.9915216424695651, 0.996413566793584, 0.9897784160205729, 1.0, 0.9969720550657784, 0.9999660862876509, 0.9486845975889808, 0.9995107817602112, 0.999995852803559, 0.9999558489612542, 0.9999917578221715, 0.9999142463398362, 0.9936038014864447, 0.9998029919977566, 0.9998184995059622, 0.9998189542711721, 0.9999942066766794, 0.9999962794682221, 0.99063885932936, 0.9740801725898827, 0.9831419092960019, 0.9920145594352795, 0.9813987578280005, 0.9698769454018927, 0.9375673585815548, 0.992605735229829, 0.992238194610976, 0.9921968036114374, 0.9684191767108576, 0.9992734237452239, 0.9993584085161421, 0.9993340283790282, 0.9997298948819244, 0.9984638518557701, 0.999229904284963, 0.998140543417953, 0.9993422573768039, 0.9990841506589824, 0.9989968736776728, 0.9990841506589824, 0.9254927644848574, 0.6567753391127316, 0.931228424292056, 0.9166137412142116, 0.7104460588436624, 0.9497834009232783, 0.9127940508728345, 0.9375371011330871, 0.9284859741424801, 0.9400029577712751, 0.9694816292099007, 0.9615949775729546, 0.6886944391111745, 0.7928426877933912, 0.7800821682000264, 0.8253261875098733, 0.7726331514066941, 0.744866238144078, 0.7726331514066941, 0.7291317092676701, 0.7478758022595746, 0.7518900434372936, 0.7478758022595746, 0.8072836817473961, 0.2559046415026542, 0.4790836484351537, 0.5766052623899216, 0.4790836484351537, 0.49776799957562207, 0.4591129090613687, 0.45464529309276064, 0.5882620509563501, 0.36351471479265884, 0.3955668823693613, 0.34274428900515075, 0.3955668823693613, -0.6500100630605443, 0.7835804342467707, 0.7821168067897231, 0.7761683613193281, 0.7145435172253394, 0.8816302664291159, 0.7898283956105763, 0.7924411578452327, 0.7898283956105763, 0.6942591152303361, 0.6942591152303361, -0.26986543801401724, 0.6520027046921352, 0.26703942859754465, -0.5605898750606765, -0.5894003460306162, -0.592602880633449, -0.04497167599971198, -0.04100194189447015, 0.38618048269535077, 0.16587806588950463, 0.07590987981246361, 0.1440084303135014, 0.11225423560899861, -0.0744162607783853, 0.004654685280681369, 0.005123748351091894, -0.5614870858785084, -0.4839200160113154, -0.0016354889149459225, -0.5462389746181977, -0.33313493745646083, -0.300316471201617, -0.12253039850478487, -0.300316471201617, -0.25131665144115783, -0.2694643887755017, -0.2694643887755017, -0.5945830023995128, -0.5945830023995128, 0.34994504261199505, 0.6127685079400699, 0.8044689462095219, 0.8101709232928559, 0.7630827603044384, 0.651294069183674, 0.7495853173286985, 0.7728600916230631, 0.790987854262419, 0.7728600916230631], [0.9848769665046099, 0.9620663202101902, 0.9828661610755798, 0.9870817036670381, 0.9940568354617344, 0.9848769665046099, 0.9969720550657784, 1.0, 0.9994123803017533, 0.9396245181214387, 0.9979505167490046, 0.9978086490379968, 0.9991975184190598, 0.9989103602182613, 0.9985758363939831, 0.9856027987257265, 0.9988205920506923, 0.9989754447999596, 0.9989790956164868, 0.9994633268567494, 0.9990924158738665, 0.9904999160461575, 0.9744722098166118, 0.9911454885204529, 0.9918179823097424, 0.97559279246356, 0.9719748565155627, 0.9356906729300282, 0.9889793064610325, 0.9924118155388192, 0.990456038484952, 0.9646557898730297, 0.9980624719098115, 0.9979379261172746, 0.9979494478671976, 0.9989498188054001, 0.9954670280174014, 0.9976857991116624, 0.9974873635270151, 0.997802018421985, 0.9978877123401929, 0.9979202260647375, 0.9978877123401929, 0.9244579742672363, 0.6412077898564136, 0.9347873891282741, 0.914598418683951, 0.6814223543415829, 0.9476377958622858, 0.9054627806215398, 0.9339394985826707, 0.919210086881485, 0.9322709458024029, 0.9647080730679313, 0.9558815546667327, 0.6710257518006866, 0.7735756348042594, 0.7588175012734335, 0.8126083474992823, 0.7527105491408905, 0.7299195124459676, 0.7527105491408905, 0.7118356503714588, 0.7247791502210353, 0.7361517969030933, 0.7247791502210353, 0.7943776715918731, 0.23113310874131182, 0.45260829934073565, 0.5562577656186833, 0.45260829934073565, 0.48078783145876874, 0.4508311671635288, 0.43551971913760895, 0.5694977838851295, 0.3520503147880656, 0.38171372803000525, 0.32269202774124806, 0.38171372803000525, -0.6504036019805977, 0.7690550057490017, 0.7574131990633856, 0.7567105766324037, 0.6966295113837049, 0.8706205332292859, 0.7761649698346043, 0.7790689540641418, 0.7761649698346043, 0.6711256397554604, 0.6711256397554604, -0.28943722360371277, 0.6880509111017867, 0.2762956603660079, -0.5766711073700175, -0.6048959894187994, -0.6078962434595528, -0.061255788569441, -0.05145076820201224, 0.3797863147295521, 0.14631551696409298, 0.05934482966316009, 0.1350213198922389, 0.0963976145863104, -0.08064572137103446, -0.014177547200132012, -0.013687878790235313, -0.5754885394711857, -0.5017263459670666, -0.008181989841589094, -0.5675371391381496, -0.34754707820490677, -0.3128547671293542, -0.12851847418948725, -0.3128547671293542, -0.2723354841855119, -0.2854617939976933, -0.2854617939976933, -0.6097590814891639, -0.6097590814891639, 0.32274678435141313, 0.5936057714004435, 0.7940810262734287, 0.7910965912562532, 0.7488749356003841, 0.63424639630102, 0.7327184483549026, 0.7525615211075098, 0.7745719196048196, 0.7525615211075098], [0.9903420961486035, 0.97288305972285, 0.9920811832904308, 0.9925460556099375, 0.9965964613756085, 0.9903420961486035, 0.9999660862876509, 0.9994123803017533, 1.0, 0.9473929003598475, 0.9994434483634144, 0.9999672833222962, 0.9999627747452439, 0.9999725257998524, 0.999927340099074, 0.9979586775212689, 0.9997054539661272, 0.9997509429776126, 0.9997519263354304, 0.9999643439412569, 0.9999646352629473, 0.9939483518991075, 0.976985145719866, 0.9933759091892833, 0.9933122684032907, 0.981164429837741, 0.9759921150657688, 0.9397868339550902, 0.9910510099010589, 0.9910188394999804, 0.9889931194456867, 0.9637523973434285, 0.9992879955216027, 0.999250916243315, 0.9991095115149929, 0.9998585103017283, 0.9983623337979118, 0.9992205700743121, 0.9991180372051948, 0.9992215923751291, 0.9991297035263178, 0.9991356083840228, 0.9991297035263178, 0.9256378843016789, 0.6582383861107698, 0.9317075552030414, 0.9172552741126968, 0.7097715483777846, 0.9374394732701474, 0.8866887294453196, 0.9221716325905182, 0.9240569860752371, 0.9364508464090407, 0.963110994832293, 0.9620224712766663, 0.8346203542677925, 0.7938237950571903, 0.8578263845164188, 0.8262003736126087, 0.8557304286957105, 0.8565934613586533, 0.8557304286957105, 0.7283552221066056, 0.8016384740600137, 0.8035497548805818, 0.8016384740600137, 0.8087426444865908, 0.6859363703452434, 0.7999655996886689, 0.8017070507700687, 0.7999655996886689, 0.4967157545940437, 0.31353460631116487, 0.45418823677887954, 0.6321525779755169, 0.4253030098301767, 0.3878380061606836, 0.3881411821570548, 0.3878380061606836, -0.6292346801307893, 0.7841006464165521, 0.7816566417183461, 0.7761455235960583, 0.8468623496310093, 0.8685181609923678, 0.7966923363187133, 0.7994775692323547, 0.7966923363187133, 0.8052980524091831, 0.8052980524091831, -0.27254795976461366, 0.6527696504119237, 0.10352230143037282, -0.5902763332598336, -0.6348041728095224, -0.6356002017456875, -0.04864314396334832, -0.03919594221378712, -0.11513127208160373, -0.01614315117540781, -0.021537574555188975, -0.311951968494597, -0.34080161333172787, -0.5211156101646965, 0.0033167571673649787, 0.0039192719663861285, -0.563557523151589, -0.48631823774993393, -0.48194115213580146, -0.5487019903410978, -0.579335539258224, -0.5585870696455107, -0.5604549296594805, -0.5585870696455107, -0.25387374393202455, -0.2733012865677122, -0.2733012865677122, -0.6932080379448444, -0.6932080379448444, 0.35086812152540225, 0.6118415025412293, 0.8268661513623399, 0.8021277844471041, 0.7616025429808104, 0.6363042441165858, 0.651654417425, 0.7240141513814959, 0.7241591346153451, 0.7240141513814959], [0.9735096067378242, 0.9558883847884356, 0.9342842005431904, 0.971624147794541, 0.9602071363712582, 0.9735096067378242, 0.9486845975889808, 0.9396245181214387, 0.9473929003598475, 1.0, 0.9153401543352665, 0.9487234763753327, 0.9488339131394526, 0.9483442447201444, 0.9476421548630785, 0.95017064177222, 0.9560646690673514, 0.9551138263686155, 0.955082357447107, 0.9488734486226632, 0.9488628859211372, 0.9477149341356996, 0.9392336556991008, 0.9507317339019652, 0.950945287548474, 0.7927355634538492, 0.9552316988371609, 0.94953205027223, 0.956328313401883, 0.9564709707590026, 0.9542314502307904, 0.9279190125420024, 0.9594054458829155, 0.9596683252074169, 0.9605317997306622, 0.950898417291375, 0.9283772866708704, 0.9585968782728056, 0.9601883836328146, 0.9599918986672014, 0.9608433392837067, 0.9608055561557255, 0.9608433392837067, 0.7709496315351829, 0.45661070072719323, 0.7132706484012546, 0.8669690163812205, 0.8488353156482185, 0.8749480687142192, 0.7509971393785169, 0.8530148435872892, 0.865828598360308, 0.8762368005508916, 0.893148928673163, 0.8931936300158029, 0.8468137164008399, 0.8375907791370195, 0.8742893470994348, 0.8491105495405926, 0.8650259346980841, 0.866017716859294, 0.8650259346980841, 0.7814714907829802, 0.7614759993574972, 0.7637794676412613, 0.7614759993574972, 0.8423343603707489, 0.866464429794758, 0.8400652939370111, 0.8410061633681805, 0.8400652939370111, 0.606403503314941, 0.5265293340748542, 0.6064387247760047, 0.7322051652046871, 0.6238686600135175, 0.6466595919265904, 0.650196330260673, 0.6466595919265904, -0.2602127043934057, 0.84391969889686, 0.9117172890130071, 0.864130490456377, 0.8650325980666294, 0.8765825719480425, 0.8348500045156336, 0.8363781401364279, 0.8348500045156336, 0.8483170184399698, 0.8483170184399698, 0.013950917017870393, 0.20377467594405602, -0.06378098656508137, -0.3340455181180749, -0.3683092880997183, -0.37022142421610965, 0.12706053201503953, 0.3680895161186705, 0.1493310854054426, 0.0554558384374098, 0.15605751491473846, 0.0659127001174874, -0.04281962334798818, -0.0960943675492451, 0.2604499673188412, 0.2592492251304103, -0.31582453567568336, -0.2623076546333137, -0.26564967118882155, -0.2674987661186996, -0.3405926317615282, -0.28875608955993154, -0.2904981450062641, -0.28875608955993154, -0.031596037640743195, -0.3077441197185972, -0.3077441197185972, -0.37684198095305677, -0.37684198095305677, 0.5802554186982194, 0.6830522200750295, 0.7606345372205692, 0.6627445700502085, 0.8403170135926519, 0.30410172639157435, 0.3941362248490183, 0.5772180508869785, 0.5774783137322446, 0.5772180508869785], [0.97823924097495, 0.9754745136066486, 0.9961619419590736, 0.9843588413838325, 0.9944610601824518, 0.97823924097495, 0.9995107817602112, 0.9979505167490046, 0.9994434483634144, 0.9153401543352665, 1.0, 0.9995078061270668, 0.9995033613044264, 0.9994484004994431, 0.9994889813603048, 0.9982708871216679, 0.9995515300246959, 0.9996816058842996, 0.99968714863717, 0.9995170311138178, 0.9995180684195466, 0.9914124973944541, 0.957270264568463, 0.9908669720355923, 0.9908391750921239, 0.9852988655518449, 0.9720899260862891, 0.8940892011389523, 0.9884530404904625, 0.9885161234155782, 0.9705197297864174, 0.8885484735142956, 0.9985430054262608, 0.9984905265760592, 0.9982496669265583, 0.999179438917595, 0.9991045298316451, 0.9985211864846215, 0.9982670676716306, 0.9984456213609902, 0.9982022575781391, 0.998216011873283, 0.9982022575781391, 0.9194613361258712, 0.5539001026897873, 0.927412182633592, 0.9162877929021686, 0.7123272029850076, 0.8349175561283624, 0.8376549929342155, 0.8237810500133679, 0.8215811537756624, 0.8313230122592059, 0.922982579512263, 0.9231625133903557, 0.8205756821665829, 0.8327073608354958, 0.7928481725790687, 0.7955682444094357, 0.8039273749314073, 0.8050370792355864, 0.8039273749314073, 0.6092051951496107, 0.5707969667839548, 0.5736564972483704, 0.5707969667839548, 0.8337410453233733, 0.8450093493474742, 0.8316631203492626, 0.8335234393956845, 0.8316631203492626, 0.2591166380827494, 0.19224685484727144, 0.3213597318777024, 0.4347112007914425, 0.3033041400530307, 0.360410676205901, 0.36364602518338657, 0.360410676205901, -0.3918392289114667, 0.7284021008738721, 0.786729968788121, 0.7634935499703991, 0.8312859998217398, 0.8276427197970084, 0.720225281883622, 0.72088151597075, 0.720225281883622, 0.7362512263387296, 0.7362512263387296, -0.3375204631277694, 0.64250450681463, -0.3941196247139704, -0.5340006556836977, -0.5368530204418372, -0.5390825448742046, -0.31501004608033867, 0.11645496535941598, -0.23342314516921403, -0.3754636505259391, -0.24251344762427124, -0.3017772635581844, -0.33743704390311935, -0.3666596689916967, -0.013646258958064482, -0.01813345823336283, -0.5406333464625257, -0.5015532063261987, -0.5192441070124318, -0.554090145673333, -0.5485002101981402, -0.5238075492969821, -0.5265738411190689, -0.5238075492969821, -0.43195102032989136, -0.5839994443798733, -0.5839994443798733, -0.5956592900875285, -0.5956592900875285, 0.3456824648569894, 0.3778479808270863, 0.4743733510719159, 0.5556788554429718, 0.5586874188395708, 0.17055573105897137, 0.31639232530964684, 0.34492554823687777, 0.34507033799344256, 0.34492554823687777], [0.9898271340837633, 0.9732235054281348, 0.9849064104307851, 0.9915573008818107, 0.9964335283196367, 0.9898271340837633, 0.999995852803559, 0.9978086490379968, 0.9999672833222962, 0.9487234763753327, 0.9995078061270668, 1.0, 0.9999612200256194, 0.999993786197821, 0.9999199021148193, 0.9944677112093916, 0.9998051197592263, 0.9998199631730297, 0.9998203379778166, 0.9999959566441134, 0.9999969215026624, 0.9905903188657798, 0.9740435920883235, 0.9888407239179148, 0.9919876787348765, 0.9813689988420614, 0.9697750501032034, 0.9375019079287391, 0.9925907258983485, 0.9922515156397282, 0.9921865262567271, 0.9684416695359017, 0.9992756549322973, 0.999363366762731, 0.9993431873789297, 0.9997355285545789, 0.9984662968615898, 0.9992398634649564, 0.9981444595734865, 0.9993499428463885, 0.9990887649222037, 0.9989996492528992, 0.9990887649222037, 0.9255154102072347, 0.6569483492512991, 0.9314715748025247, 0.9168261916102048, 0.710614986854393, 0.9498280903238502, 0.9130005372449205, 0.9376234004408468, 0.9285818296821937, 0.9400825568514777, 0.9695860055415365, 0.9616773485504526, 0.6886172135612584, 0.793016833891006, 0.7802020795320098, 0.8254519931241218, 0.7727513055448355, 0.7447963372043609, 0.7727513055448355, 0.7292025940564193, 0.7479391450325897, 0.7518126699214439, 0.7479391450325897, 0.8074570606381459, 0.2557603284613689, 0.47909657794017646, 0.5765026729805255, 0.47909657794017646, 0.49769520996734096, 0.459016209430188, 0.45458318618575044, 0.5882940097466209, 0.3633787677144334, 0.3956618919434245, 0.34278525599515913, 0.3956618919434245, -0.6501641996944161, 0.7836510909342022, 0.7822739652996277, 0.7762733779627917, 0.7145327975045084, 0.8817443203482596, 0.7899190705770778, 0.7925264765918361, 0.7899190705770778, 0.694345698751602, 0.694345698751602, -0.26984644208669856, 0.6520521451130449, 0.2671679797770008, -0.5605456816019145, -0.5893048189550519, -0.592512650750267, -0.04505471443080397, -0.041161635437211394, 0.38636385093157705, 0.1659085722548968, 0.07585956726957761, 0.14428675540631172, 0.11251370153990216, -0.07410099401035965, 0.004690772061659787, 0.005177252767341826, -0.5614743820663599, -0.48394836091876015, -0.0013623828390859497, -0.5462179211701155, -0.3328525146007138, -0.30006291758278547, -0.12230280390587134, -0.30006291758278547, -0.2511589067861204, -0.26941406025435083, -0.26941406025435083, -0.5944417536420774, -0.5944417536420774, 0.35051222471084875, 0.6129473769311894, 0.8045073062316657, 0.810453497850254, 0.7631925632158841, 0.6515667344359756, 0.7497339869936109, 0.773129945901611, 0.7911129235734906, 0.773129945901611], [0.9899929096984234, 0.9731728728726778, 0.982322308264622, 0.9916491981353606, 0.99653925230242, 0.9899929096984234, 0.9999558489612542, 0.9991975184190598, 0.9999627747452439, 0.9488339131394526, 0.9995033613044264, 0.9999612200256194, 1.0, 0.9999657338768941, 0.9999075452170838, 0.9974126682439046, 0.9998004942632761, 0.9998628742915698, 0.9998635470727204, 0.9999822301135998, 0.9999602991773008, 0.9901144942006823, 0.9738454039541042, 0.9927393136771427, 0.9926974781249488, 0.981335788051126, 0.9693831430169081, 0.9374226562071212, 0.993364953309417, 0.99338441089701, 0.9919315853690378, 0.9682333389192327, 0.9995031380295101, 0.999367200152095, 0.9993990975380384, 0.9998859996590203, 0.998462601632153, 0.9992472168424829, 0.9992067466530682, 0.9993600321877221, 0.9993767055032418, 0.9993808515151819, 0.9993767055032418, 0.9256037472838958, 0.6571059885205273, 0.9314557238686463, 0.9167741926080534, 0.7106016049284355, 0.9542113188191517, 0.9104689103874035, 0.9397096556417994, 0.9286654810991172, 0.9400765746311215, 0.9693154510444822, 0.9617481848236102, 0.639381736825182, 0.792730556952512, 0.7789285782891349, 0.825937167857014, 0.771669994197942, 0.7153410672027252, 0.771669994197942, 0.7291208284489468, 0.7379639252446375, 0.7426540403450554, 0.7379639252446375, 0.807941265704708, 0.18359854151328925, 0.4661985195111082, 0.472353719485451, 0.4661985195111082, 0.4978483433928385, 0.3509434244158938, 0.4548383629061828, 0.5877865135167077, 0.36360485710903456, 0.36213955969453676, 0.3424158350178771, 0.36213955969453676, -0.6503545866909314, 0.7841482659627668, 0.7822548905053772, 0.7760297809104983, 0.6514125549756836, 0.8822499776226341, 0.790457230537485, 0.7930586711842832, 0.790457230537485, 0.6927905601299498, 0.6927905601299498, -0.2694917779693187, 0.6519426406113543, 0.2708251177117729, -0.5603863158258257, -0.5889626904939047, -0.5921705353631547, -0.04544716176901923, -0.04105405919723465, 0.33900994254847205, 0.16607282494377457, 0.07560042630390136, 0.14774104548086642, 0.1149196190134457, -0.08431192574258509, 0.004815078247765404, 0.005305173903812117, -0.5616458831905474, -0.48403082547460147, -0.06703296169489288, -0.5459323899525915, -0.33079245063456514, -0.2977750863677534, -0.21011140724148114, -0.2977750863677534, -0.2506909762179184, -0.27054698899164786, -0.27054698899164786, -0.593687180572765, -0.593687180572765, 0.3506394575582639, 0.613121375607796, 0.7892978218093766, 0.8104952802308283, 0.7635799154669686, 0.6512995131166404, 0.7079100747716998, 0.7610203967045133, 0.7611954331888431, 0.7610203967045133], [0.9898995564923788, 0.9729523642329827, 0.9846651913506549, 0.9915993741884706, 0.9964683147354401, 0.9898995564923788, 0.9999917578221715, 0.9989103602182613, 0.9999725257998524, 0.9483442447201444, 0.9994484004994431, 0.999993786197821, 0.9999657338768941, 1.0, 0.9999330275056416, 0.9972563956559312, 0.9997950165016103, 0.9998232908329902, 0.9998235351346424, 0.9999937689581011, 0.9999939899177878, 0.9904369244954836, 0.9739365226655476, 0.9925728626679345, 0.9924458475852588, 0.9812245748464222, 0.969422378395483, 0.9370998762043723, 0.9933149250651129, 0.9933618622996919, 0.9922248823258144, 0.9686293711513225, 0.9993286972287478, 0.9993619192170419, 0.9993757516008941, 0.9997749942321588, 0.9983917838319943, 0.9992434237539898, 0.9984744894571329, 0.9993589575920623, 0.9991399821034563, 0.999058648920322, 0.9991399821034563, 0.9257688068853582, 0.6577395004400837, 0.9317942212952434, 0.9170953474888102, 0.7102046165833986, 0.9504211222098367, 0.9137743259561681, 0.9382593004690069, 0.9290122726478609, 0.9404761767318089, 0.9700288982949298, 0.9620852284866429, 0.68893042906096, 0.7933056036223362, 0.7801210678514693, 0.8257437339425215, 0.7727158043535229, 0.7444418353218168, 0.7727158043535229, 0.7294123248347499, 0.7478843101451013, 0.7522529884740702, 0.7478843101451013, 0.8078437399728168, 0.25504316834162705, 0.4785460834160327, 0.5765538317731788, 0.4785460834160327, 0.49750426472800285, 0.4595880792931794, 0.4544641389159538, 0.5880282356698819, 0.36294698227022715, 0.3956928488821291, 0.3424104356151487, 0.3956928488821291, -0.6505622526709047, 0.7837955079985203, 0.7817612608597895, 0.7763568141449511, 0.7034259768610337, 0.8820409665790742, 0.7900630889449718, 0.7926585599570631, 0.7900630889449718, 0.6941382386327261, 0.6941382386327261, -0.2717126474935865, 0.6531457714960834, 0.2677005916833907, -0.5611158189063625, -0.5897322843777059, -0.592945914726806, -0.046350494701479575, -0.04253468756203528, 0.38665107762609, 0.16538296153894924, 0.07493348057601112, 0.14434035429919256, 0.11256768489430397, -0.07395835678654533, 0.003530044019506049, 0.004011922664589762, -0.5621956631540036, -0.48507653630179365, -0.0007669145273288293, -0.5477847774436067, -0.33272638225138884, -0.3000125048685848, -0.12173122059305541, -0.3000125048685848, -0.2522781636780322, -0.26993714240632033, -0.26993714240632033, -0.594546471447802, -0.594546471447802, 0.35068084408291966, 0.6126260609988675, 0.8050464048388205, 0.8109202934364071, 0.7626052362361231, 0.6523757371976834, 0.7505294465313704, 0.7735291615303257, 0.7917234782454028, 0.7735291615303257], [0.9899643178166044, 0.9720240396039985, 0.9845514510511165, 0.991646401836392, 0.9964615178702376, 0.9899643178166044, 0.9999142463398362, 0.9985758363939831, 0.999927340099074, 0.9476421548630785, 0.9994889813603048, 0.9999199021148193, 0.9999075452170838, 0.9999330275056416, 1.0, 0.9973756398409731, 0.9996871134576757, 0.9997698617684369, 0.9997709680995834, 0.9998962247155906, 0.9999155721667359, 0.9901906126756729, 0.9737078528611625, 0.9918217854337605, 0.9914410695159914, 0.9812796075963651, 0.9691291351657649, 0.937109104617615, 0.9924045000673408, 0.9924111621995022, 0.9916043638776728, 0.9676965059336152, 0.9993394488922425, 0.999211555036832, 0.9993141352266953, 0.9997620855119702, 0.9982952344350624, 0.9992232375230578, 0.9984608268859482, 0.9992349144752388, 0.9991580624505184, 0.9990906406725528, 0.9991580624505184, 0.9244790820060476, 0.6581729642006784, 0.9310146263030735, 0.9165997362167942, 0.707242467058345, 0.9510119763674837, 0.9147074221267013, 0.9392790905293883, 0.9285419307429006, 0.9398332063114297, 0.9704284310937946, 0.9616803991355878, 0.6904390685876213, 0.7919631404798443, 0.7805099292694117, 0.8254750891734512, 0.7731117896888401, 0.7467708176095413, 0.7731117896888401, 0.7277204606382496, 0.7475206651204015, 0.7534612615095777, 0.7475206651204015, 0.8078793248466716, 0.2552537942740732, 0.47834701612385133, 0.5780258866819353, 0.47834701612385133, 0.49610451703329267, 0.46147792995490755, 0.45320291334070756, 0.5877705788641768, 0.36181116199825236, 0.39643763273729515, 0.3426707459884364, 0.39643763273729515, -0.6510519042040788, 0.783298287718303, 0.7803443611540155, 0.775292179631508, 0.7166166506443874, 0.8824394668954646, 0.7897314234482494, 0.7924035477093664, 0.7897314234482494, 0.6944206322531666, 0.6944206322531666, -0.272396209493484, 0.6555310973503228, 0.2678523147793014, -0.5614261812899163, -0.5897520176931235, -0.5927120163001278, -0.04832663312052114, -0.0441752210712224, 0.3879991530285413, 0.1648844793214269, 0.07374571938870088, 0.14542915667321069, 0.11369484623527513, -0.07239442598744864, 0.002719547025577818, 0.0033115855049925045, -0.5635518068807854, -0.48669685786424516, 0.0010692591750518469, -0.5488518923956313, -0.3318197563734327, -0.29911749825511014, -0.1202152209234801, -0.29911749825511014, -0.25241515949923343, -0.2728780530512009, -0.2728780530512009, -0.5943607924123601, -0.5943607924123601, 0.3482467192062749, 0.6105565058365136, 0.8061851177047846, 0.8117657661583478, 0.7610092306793825, 0.6514511340423567, 0.7523597772169657, 0.7743441549667807, 0.7932083625141775, 0.7743441549667807], [0.9929776922492958, 0.9823425902161043, 0.9877813349760471, 0.9946200529516124, 0.9975587329600952, 0.9929776922492958, 0.9936038014864447, 0.9856027987257265, 0.9979586775212689, 0.95017064177222, 0.9982708871216679, 0.9944677112093916, 0.9974126682439046, 0.9972563956559312, 0.9973756398409731, 1.0, 0.9980585688558344, 0.9976442325013046, 0.9976413586579639, 0.9977270953174235, 0.997184430575248, 0.9910386439997644, 0.9766304650152776, 0.9689447024294866, 0.9867073905297232, 0.9859473651730876, 0.9707130037610694, 0.9466446016562026, 0.9915216320988293, 0.9893532438770406, 0.988413947383644, 0.9666028852015206, 0.9974371940677164, 0.9974778259036128, 0.9972732459068493, 0.9972249537094532, 0.9984141217180285, 0.9980089324456886, 0.997261775498369, 0.9977198215690395, 0.9973732671281192, 0.9973494767316174, 0.9973732671281192, 0.9155862510244854, 0.6687973218756746, 0.9229300115617628, 0.9198223259852442, 0.7340490386008425, 0.9529082476973872, 0.9175658898595344, 0.9445112340222