var element=document.getElementById("correlationAdjClose");if(element.style.display!='none'){var correlationAdjClose={"data":[{"type":"heatmap","z":[[1.0,0.9999927284677632,0.9853695576352302,0.9999262790288543,0.9990303974488892,0.9864632084127064,0.9977612875740218,0.9957912628694373,0.969149382006202,0.9961051531909142,0.9809261528144101,0.9934484239524494,0.9959192389313201,0.9952156859938276,0.995839952759558,0.9974919068056999,0.9974743812871188,0.9982831796983537,0.9964772008075732,0.9964876577536018,0.9965412324729029,0.9958717681723486,0.9863620271892883,0.9708008694666139,0.9891735607844295,0.9559111590753199,0.9881168582363589,0.9857060194292965,0.9663476442230985,0.9493001624511361,0.9932319628101421,0.9941934060637031,0.9922091518290002,0.9768742623576595,0.9976709753522164,0.9979249556581398,0.9974026464293962,0.9959773447127989,0.9956686826603678,0.9978272963108827,0.9987345735794569,0.9987653682630258,0.9976223732218136,0.9976320058879677,0.9767109309064871,0.9150275314087879,0.7428977527012475,0.9152468979003129,0.9165470773772334,0.8526589671521044,0.9643537256541931,0.9466767284298362,0.9659164154403007,0.9652843381894158,0.9563057608089472,0.9850483643396512,0.9819939412568847,0.9903146922670384,0.9945344393702962,0.9858303897963898,0.9807389122115423,0.9874766930472254,0.9853208969239347,0.9880586635845904,0.9878490555625147,0.9649441264813948,0.9720648405917393,0.974110415065826,0.9737741408988296,0.9502759746544854,0.9787756224795969,0.9763606292446738,0.9839598183110103,0.9831823735847096,0.9403034652136156,0.87624669834436,0.8440071516218111,0.8944828671179333,0.9154588127882656,0.9118925460510648,0.9133995058314754,0.9120005756754682,0.6676699919643749,-0.566307730172987,0.9795316681229714,0.9735955566947762,0.9699481005224326,0.9865966136389993,0.9734270669768911,0.9836329535713361,0.9835907971377997,0.9485606185068441,0.9837630367875435,0.9520344381124382,0.6949174495586181,0.8916086163437158,0.9230429293710664,0.7803343124758818,0.9296905928363678,0.9475198777994258,0.8309823215497384,0.9623972690721219,0.8961636381857135,0.6202848379466966,0.7161994793792699,0.8925746389132617,0.8682959433855874,0.8900321577915158,0.9721688555719453,0.9723604230814087,0.7444186054874712,0.7227958552245277,0.8249572437006821,0.37970446898668003,0.7988241592397257,0.8292738615415516,0.8162850035912209,0.8149504241763715,0.7671993290079671,0.7471009386096957,0.7287296978402293,-0.258517013623183,-0.3969993805465516,0.6580969948825833,0.8966305454879696,0.9397742295511068,0.945541138819728,0.914666766880853,0.8279146433477398,0.9125465122256557,0.9330840201925806,0.9329630932775831,0.8676755734498629,-0.18722037422385077],[0.9999927284677632,1.0,0.9862787177718666,0.9998113910196568,0.9979976783398629,0.9901476296875256,0.9940090962995193,0.9905917600952596,0.9827686071739514,0.9906162436616782,0.9731109786436547,0.9926312400383044,0.9907769467926393,0.9906408608850198,0.9906841953714339,0.9932121231614346,0.9961923287160483,0.9957921032808821,0.993451762186779,0.9934529830797684,0.9906782616191879,0.9907300363916189,0.9903373922176089,0.9693974207517256,0.9869519832189179,0.9797807409913012,0.9867828621449692,0.9855673809650859,0.9778624465571542,0.9260673929513844,0.9879649278429388,0.9851353247874862,0.9785897460284361,0.9258654297618815,0.995307721920107,0.995176710789108,0.9954335208928309,0.9913941066953618,0.9949847673257923,0.9954378117367257,0.9968841734773045,0.9969785808683338,0.9954124163503056,0.9954209130200603,0.9884649223389439,0.9148708720634278,0.581486442082911,0.9150784229422168,0.9166610112750614,0.8527811216074012,0.8731869150871937,0.9177776820097643,0.8763708752073949,0.9028050387139633,0.8725123830652862,0.9545062597117983,0.9544566062708311,0.9643425899368541,0.983392601150203,0.9791971094282423,0.9821740264160604,0.9773011257437177,0.9771400632342956,0.9794929308200709,0.9794144149810387,0.9458840511287389,0.9551253068728455,0.928293303881998,0.9282055234223551,0.846799151895966,0.9752728509361555,0.9771406344155726,0.9773496856864475,0.9768795857566843,0.9443758745297283,0.7178413325144251,0.6670064827674751,0.7957458397141084,0.8733747262552143,0.8161433867885172,0.8456533623511499,0.8441705978246119,0.6684392013917894,-0.2515581611383956,0.9650334060878692,0.9703269470433796,0.9648098862149632,0.9799074130420435,0.9626491579673834,0.9687450786403836,0.9680065430689722,0.9206238168024566,0.9710982435123277,0.9249352013946778,0.5637014208479976,0.8909069760179872,0.8882255358139786,0.39701084867656505,0.7236237263046643,0.797758113306106,0.6829424775540246,0.963138527965264,0.6881253669262327,-0.2692311536261333,0.18220643499086742,0.6587285911649597,0.6631841414362274,0.7085246066909079,0.9646996925680842,0.9646117643928621,-0.007889965592053388,0.2369936630132629,0.07415898867949963,0.03974937261054179,0.06838863415183187,0.08422486368568556,0.051370362074176446,0.0045157149744923806,0.4399564203470682,0.1720275005529224,0.12140866788591613,-0.44260070663367695,-0.48358383173602154,0.6582524777692436,0.7516051329493441,0.7759309716071201,0.8337890803710483,0.8256692000735536,0.5582899529825798,0.7429155273566986,0.7705141185922791,0.7692616816080579,0.4206833504106263,0.18553109918609748],[0.9853695576352302,0.9862787177718666,1.0,0.9867696508011808,0.9932449728954728,0.9907814662485745,0.9904924864260424,0.9910413193609943,0.9900633385364936,0.9942187162343528,0.9586072009428755,0.9970707434017944,0.9909233668319795,0.9928438449021013,0.9910998533466611,0.9904883737505026,0.9913028586661627,0.9905742141429877,0.9897232150070892,0.9896988835827487,0.9927433442746696,0.9909773291013465,0.9943603942974755,0.9818604654562958,0.9912371230105355,0.9792376967618206,0.9917222217154296,0.9849783726567168,0.9844907449404875,0.9548142610828759,0.9712007412823258,0.9751568334313699,0.9780116072560008,0.953241135289403,0.9878079957511104,0.9909399168132386,0.9892627652213605,0.9928343328450031,0.9951457884729006,0.9920886867147194,0.9855661225513731,0.9882515878013097,0.9881128541296716,0.9875009736374011,0.9913394901658257,0.9134369587260533,0.6835156930848056,0.93486766309823,0.9111095409524542,0.776891063522588,0.923868239512795,0.9019859084377848,0.9262993617198615,0.9259414656464323,0.9131573707725003,0.9514607649149218,0.9595113507749394,0.9671688593960858,0.9793973537399054,0.9359645216301851,0.957928295099532,0.95916654274122,0.9657837393794487,0.9595398259520926,0.9338562784921587,0.9115943466812212,0.9378236849714748,0.9301913668868665,0.9122521669458845,0.879879623213972,0.9659356707901738,0.9439959519484857,0.959486344131309,0.938243249869017,0.8025092500576272,0.8250364006373804,0.7490285226369304,0.8458440369601815,0.8810770181843067,0.8809623515223105,0.8497118773775215,0.8638515525982333,0.35478714606370404,-0.5614232294059107,0.9543055094501345,0.9358837179284716,0.9369626299673061,0.9361977688499445,0.9485989097488092,0.9578494653060259,0.9574216819681263,0.9245189401451179,0.9534580767309608,0.8604124360051391,0.6720332786330129,0.945075956372059,0.9442756144879113,0.7488267776541812,0.9140756039585767,0.9334683892993758,0.8173781392847681,0.9798837714819151,0.7778907253526682,0.5263517244424925,0.6577804196217164,0.7874400967075343,0.794811116771391,0.7762930463253875,0.9829532192337967,0.9830182947279157,0.6674355386986903,0.6635301843203685,0.7123200992813333,0.31841317182796,0.696549970407162,0.7126767542797439,0.7219946356522363,0.7100046570743611,0.7254167455857614,0.6778222994253529,0.6578975878671623,-0.32604241825627595,-0.4642533207872954,0.6215669823036768,0.8579358060380752,0.8887591595977855,0.8922065417868689,0.8879651155402356,0.759502248007168,0.8638647571876285,0.8775950885724634,0.8860089510281125,0.7378776091303405,-0.10914070607773556],[0.9999262790288543,0.9998113910196568,0.9867696508011808,1.0,0.9993043433040542,0.9875177289064345,0.9980511293843288,0.996265999907415,0.9714163316188786,0.9966459007237678,0.9805577763379761,0.9945795980903579,0.99637598099586,0.995875303830554,0.996313580202283,0.9978016462778895,0.997857167710738,0.9985852473579592,0.9968927019426934,0.9969008153174689,0.9969980644139388,0.9963328548102726,0.9876188596430896,0.9721721220107884,0.9902026714044445,0.9585619919556418,0.9892549627685115,0.987551149900664,0.9684081693759435,0.9505303431880131,0.9926203770977683,0.9937713918534319,0.9922510075482196,0.9765071240691194,0.9977941911587105,0.9981732249338504,0.9976737078644347,0.9964926164072276,0.996271882247832,0.9981147160378261,0.9986544736278486,0.9988785154813734,0.9977388713493848,0.9977458813832348,0.9785468809712189,0.9109442468311318,0.7366328580009099,0.9160109534854274,0.9148744295798892,0.8435769502123535,0.9614132844993257,0.9433005066569443,0.9628743777459652,0.962690102382701,0.9534500632807794,0.982963961008793,0.9804743937308366,0.9894786325385616,0.9944247792892769,0.9842659886082308,0.9794152836838856,0.9860910901317134,0.9846247961661277,0.9865929296533683,0.9863763161407187,0.9534149252237608,0.9706627481732087,0.9725066515967538,0.9721680234717601,0.9444249783812413,0.9782432872650111,0.9732006127383063,0.9823886167442751,0.9815724195994097,0.9167560943348675,0.8744521571357707,0.8397039993811487,0.8924578511841675,0.9123139662624706,0.9112224523716488,0.9107040511971427,0.9093550746210655,0.5695221839239993,-0.5660933566999318,0.978542816695181,0.9719977621175676,0.9682111582775195,0.9850352641424351,0.9725009905889799,0.9827296876394438,0.9826816318494838,0.9478442749372538,0.982178893393826,0.9346035259069584,0.6998275339132952,0.8982414974765264,0.9273119441068876,0.7819583550095481,0.9313427858095765,0.9489163568366086,0.8312761961965738,0.9637711178461695,0.8900041343929795,0.6167577435965619,0.7144137560736905,0.8874612261120131,0.8646687380935842,0.8845972727041888,0.9731330676131389,0.9733336181076971,0.7433878206351954,0.7230181423089104,0.8169991720860228,0.3816726910649169,0.7930857310606437,0.8210339546011716,0.8081087569733644,0.8095775303399969,0.7697457530943935,0.7470377768936054,0.7287409700063162,-0.2538906127996343,-0.3962509294564843,0.6570654337951543,0.8947188990594972,0.9379079103661438,0.9437278436362764,0.9134687574228114,0.825088898067916,0.9105163875394002,0.9308095745031126,0.9308460710368425,0.8601966508598694,-0.18002274696980003],[0.9990303974488892,0.9979976783398629,0.9932449728954728,0.9993043433040542,1.0,0.9904289198087389,0.999078566587842,0.9984393928861216,0.9842863775570948,0.9985006453124607,0.9751194030906706,0.9979804294449156,0.9984754544776501,0.9983239396705074,0.9984725697201818,0.9990163525967223,0.9983021692472817,0.9992636517814375,0.9988241260666956,0.9988232245366518,0.9985414402944137,0.9984640043720794,0.9940341064669357,0.979853122251382,0.9944850719731114,0.9766571292390687,0.9944400874106393,0.9906262225856699,0.9819252703402933,0.9541985800304759,0.989261842482994,0.991919413185872,0.9898542929955078,0.9682698901375624,0.9989457478793821,0.9989898218735903,0.9989984793714823,0.9985636093077949,0.9986420477620591,0.9991002290037864,0.9989625714058349,0.9991741860602428,0.9989389091565759,0.9989383041692729,0.9885988541530567,0.9208173435611642,0.7129223364047967,0.9288727510153764,0.9191512130203402,0.8285185573642201,0.9463252116987397,0.9346523100702413,0.950462484145688,0.9550065178117144,0.9451438780083253,0.9795666132300211,0.979524986856368,0.989056675920686,0.9943590484952723,0.9807158770951449,0.9737706501276184,0.9815277089793595,0.980636895197113,0.9818715793037244,0.9816130355336682,0.9547535411946622,0.9614842915009946,0.9562567043002488,0.9558232809761917,0.9155658801870229,0.975457282073852,0.9719179566329267,0.9781552080678507,0.9772692519894969,0.9369251139935652,0.852254000057477,0.8115578541630993,0.8762606558226836,0.9161928002996513,0.8990136097734011,0.9068968408309619,0.9056616997484985,0.7229055280305494,-0.5839758549204922,0.9719841794746924,0.9612862440536878,0.9585010565216834,0.9817201057924201,0.9624888191555324,0.9758571140828349,0.9754321739894428,0.9385481944113369,0.97763700341053,0.9419486887250268,0.6872035353799361,0.9157215430735267,0.9481006372998886,0.7391418572576661,0.9124209411577581,0.9351963230683945,0.8254721596902461,0.9692354952801786,0.8845842039932992,0.45979516277321847,0.6512406693441103,0.8730347021165559,0.8342879468572892,0.8759153580410582,0.9769558286205298,0.9771096120424704,0.6996303396671973,0.7050143087882287,0.742255145247648,0.3580659280808542,0.6868807788250177,0.7476773144981178,0.7249307627433835,0.7046457077102936,0.7550098458971146,0.7307132256800027,0.7115008112487857,-0.4676257720603007,-0.5474542512231917,0.6489580063874648,0.8881554909673811,0.9230222568826474,0.9365381170072328,0.9103561433583162,0.8038069059688754,0.8956928686128599,0.9163929393561873,0.9159634586363331,0.7956994466198439,0.03034826236518246],[0.9864632084127064,0.9901476296875256,0.9907814662485745,0.9875177289064345,0.9904289198087389,1.0,0.9861901097410323,0.9867245796149019,0.9914740636543886,0.986434750798319,0.9615865693001068,0.9794907787831063,0.9866268553320512,0.9880342272441487,0.9867906469131438,0.9865160274603691,0.9898729850849354,0.987750006381682,0.9875455980134702,0.9875594791821459,0.9855860141465136,0.9867284916611413,0.9958866296101782,0.9925486863801494,0.9874036497940212,0.9848691093189129,0.9874743345522494,0.9744400778942462,0.9868488232787733,0.9712354084324141,0.9666892676538796,0.971743238151679,0.9806479091398088,0.9686838058455413,0.9860068837390482,0.9862752545785187,0.9871141640906164,0.9874807565764167,0.9810405151850864,0.9872088703464127,0.9852162727221708,0.986745103752808,0.9861418732262007,0.9861702796717322,0.9954643503844457,0.8701129500633262,0.7062657406890104,0.894209263301398,0.9088335923004321,0.8394607801277769,0.9239844633819635,0.9099054680304048,0.9262560621645005,0.9375294270363466,0.9218762203906634,0.9558612462168016,0.9607992088227545,0.9648039818475974,0.975226501054321,0.9693462008605132,0.9838564492236216,0.9706131071516921,0.9826981315995953,0.9702747583736089,0.9697291443911886,0.9727674654543087,0.9647298925986164,0.9450431379099694,0.9445326121996424,0.938673067685454,0.9807191139065811,0.9731648319239199,0.9706522812489441,0.9692033468596305,0.9573662251751229,0.8742482057190125,0.8272143459530571,0.8938800599306717,0.9075115289595773,0.9161259240593602,0.8978189936196617,0.895600303449742,0.6934761202828201,-0.5224774176875708,0.9779206553233787,0.977387054814781,0.973408443597134,0.9703685395104578,0.969324116191054,0.9772231434737076,0.9768358161041696,0.9626835109072622,0.9665568272292563,0.9616877032858044,0.7053903739985639,0.868693364249505,0.9466881098699056,0.7858321246968981,0.9228737268037048,0.9379046275481108,0.8241266472515215,0.9586633234371023,0.8414531610666006,0.5533071681864759,0.6842725178806992,0.8396391356022362,0.8215687996872557,0.8383326604023438,0.9599988927054043,0.9601229346345391,0.7024712033105759,0.7006886973375341,0.7565127145909203,0.3830122112534489,0.7420795062474239,0.7621450673941293,0.7488702695128943,0.7513114754069946,0.7539063795815889,0.7129135850975853,0.6970003439083289,-0.282569960026549,-0.41228609772485897,0.6739082508283233,0.8713211067455217,0.8887753085364284,0.8993204735438126,0.8845976189700913,0.7919594392587269,0.8595087772797607,0.8803724947523247,0.880549783006084,0.8236015572368617,-0.14959960490840898],[0.9977612875740218,0.9940090962995193,0.9904924864260424,0.9980511293843288,0.999078566587842,0.9861901097410323,1.0,0.9973515465454924,0.958118330296137,0.9995698301032356,0.9751561558738041,0.9995123384404327,0.9982872965256563,0.9991187155466796,0.9991097062703964,0.9998798787114926,0.9953434553853169,0.9999013951953384,0.9993213534440833,0.9993262354403138,0.9996847939543501,0.9992924387045391,0.9905154484481655,0.9749503814443758,0.9850268486180735,0.9257790509464983,0.9930679240641661,0.9900679137268179,0.9730113699357824,0.9483455356105359,0.9917610123797709,0.9917198630669152,0.9934704638619336,0.973955363408309,0.9989262191004291,0.9998371802337764,0.9996868521198525,0.9994414853684465,0.9997168099972561,0.9998662596287738,0.9983688496779352,0.9997084349843031,0.999336110357221,0.9989751396738771,0.9818087083760589,0.9283008520785505,0.7293241808094426,0.9403200934744999,0.9287235065169839,0.8224522544085308,0.9573548927423466,0.9428421615281384,0.9595579864877434,0.9593093955423653,0.9510641922199127,0.9815791636606007,0.980423462662466,0.9913284294578761,0.9964385747397427,0.945653120097606,0.9610429743306728,0.9719399886397604,0.9724521220226106,0.973601111955308,0.9456792093376043,0.900563106723415,0.9523275135670889,0.9591301476461745,0.9366369783885613,0.8891605354494689,0.9653672381596249,0.9369475457053362,0.9661517035101029,0.9460155263295209,0.764925898420538,0.8464585648923618,0.7707746794684147,0.8635050042928438,0.8849938775225963,0.8894071377348959,0.8680719373253285,0.8803213866070687,0.3071950597408839,-0.5999795293728648,0.9628990588654465,0.9463809131186698,0.9451551233444739,0.9475083208434114,0.9591235067133262,0.9697583998970973,0.9697970704015927,0.9285244382233062,0.9661997393476839,0.8408352635121716,0.6812624239651818,0.9162517271639137,0.9270325458789757,0.7706216550529144,0.9284230695168613,0.9472101114826995,0.8259851836874369,0.9685837538480706,0.8318817208252062,0.6071379218852537,0.7056454933530106,0.8455645352947073,0.8441973991035129,0.8317414912546639,0.9770632023270549,0.9772719863662843,0.7310879122431243,0.7020452717063715,0.7822530402941488,0.3528438156374149,0.7708175278596092,0.7927897638512739,0.7812511317497335,0.7898269830550585,0.7514342635907884,0.7360703463893097,0.7159960423770437,-0.2704855476667316,-0.4201629393403599,0.6664181633108255,0.8909583555000347,0.926776929030294,0.9427247871218113,0.9149083773974991,0.8244607432617169,0.9111147342503503,0.9321509452848633,0.9316286472683253,0.7761038851536619,-0.1443962543996182],[0.9957912628694373,0.9905917600952596,0.9910413193609943,0.996265999907415,0.9984393928861216,0.9867245796149019,0.9973515465454924,1.0,0.9692577717208212,0.9999853619741914,0.9699059888080271,0.9997062553394104,0.9999969893521116,0.9996831436310153,0.9999980543161286,0.999228170054034,0.9891450150392315,0.9993869434317628,0.9998991550139931,0.9998987079242441,0.999960909038328,0.9999949583076863,0.9909098243623938,0.9762707508747778,0.9923306027638559,0.9399859591563255,0.9935711820864676,0.9878332679366704,0.9752298607493981,0.9474771213430974,0.9880341648607398,0.9938987886780941,0.9921525418446105,0.9708102208054433,0.9994484768128393,0.9995309150489289,0.9996449965122765,0.9997160699355567,0.9989923582255081,0.9994699316654013,0.9980426512909166,0.9986939489596713,0.9995183613071645,0.9993862197980451,0.983380941374074,0.9282299455619324,0.7165560038442946,0.9450825979320561,0.9266226471612542,0.803871438074324,0.9556777439819062,0.938080897808636,0.9574908610368685,0.9531851812518191,0.9447380091307584,0.9795559542656108,0.9773135198925119,0.9902854738299475,0.9971034769067881,0.9403664720945798,0.9562096693290193,0.9649415331023357,0.9690115568791395,0.9670296842054195,0.943838543585957,0.8916178240081636,0.947047864103924,0.9518504595787931,0.9309113196214226,0.8756641227527756,0.9623056596760993,0.9302591209816283,0.9602477625656661,0.9410968005901865,0.7506264768738756,0.8375626755314162,0.7660470524730881,0.8546312747047793,0.8771059308659637,0.884222799027109,0.8633170182468892,0.8729459771941903,0.2882156855357708,-0.6049817795601237,0.9582072819111934,0.9385885820413138,0.9382243824410108,0.9454285066186692,0.9538859575606885,0.9651543210890354,0.9651835459745828,0.9227585561654584,0.9587410641033571,0.8281188584223561,0.6772987048075967,0.9327897951863634,0.9385733882905756,0.7661630601817943,0.9279837340735685,0.9469799920026425,0.8234661487333498,0.972901724948753,0.8352075295546763,0.5927928242365936,0.6965394864094803,0.846512183587217,0.8410882390649423,0.8347253037604331,0.9797758215000352,0.9799897027216731,0.7213542398659819,0.6937365125189324,0.7838570432137808,0.3392106692983848,0.7656055162703156,0.7883070260433299,0.7821727442909889,0.7842224520144043,0.7446732186959161,0.7299603595785741,0.7092569816548892,-0.2868604750507508,-0.43553700647226334,0.6506589017265002,0.8829539720317673,0.9243741057309954,0.9350709547275571,0.9088562914702768,0.813351887404348,0.9046177837772768,0.9258443580836059,0.9255555220149908,0.7565608797436997,-0.1270205523167057],[0.969149382006202,0.9827686071739514,0.9900633385364936,0.9714163316188786,0.9842863775570948,0.9914740636543886,0.958118330296137,0.9692577717208212,1.0,0.9847606977568729,0.9445045461621598,0.989942714705599,0.9729784041260181,0.9830680161839253,0.9779048821591295,0.9756049165192461,0.9467912833601452,0.9802803023018622,0.9786006422129727,0.9785870034132391,0.9826859351046893,0.9779316919316929,0.9946021842526711,0.9916552389103586,0.9819616460726343,0.9871718252382227,0.9848823004299893,0.9881713854025234,0.9897097466466214,0.9646552925447718,0.9299553877584569,0.9514762087427179,0.9682322091520315,0.9504122979224224,0.9724330957342564,0.9806438758329746,0.9775145886767491,0.979881202982965,0.988064195724139,0.9824010440483815,0.9680765300324319,0.97732380578374,0.9732557132783765,0.9722636288342303,0.9988713527514618,0.8878025022881894,0.6616811410748834,0.9357295763272501,0.9234413471838578,0.7853340194277812,0.887858526905975,0.8800232164069627,0.8914782177886753,0.9096753398744226,0.8933972798273798,0.9311661640242884,0.9462016312561905,0.9506595528615195,0.9641879242166573,0.8932069561384206,0.958690217870319,0.9367087600831412,0.9587566489605398,0.936896191129152,0.8911244446491761,0.8971605845118342,0.9300431817530422,0.9037687685886652,0.866750274666596,0.8585307584379508,0.9599319932366734,0.9085150653004224,0.935859922599718,0.8963639286457061,0.7852120929826156,0.815954315758856,0.7012783780332219,0.8387443301360584,0.8596262258301374,0.8727238052135099,0.8217504485731255,0.8401803614235167,0.32732587136991,-0.5495992141332035,0.9474493556488112,0.9380890884524462,0.935580425876505,0.8928648241679754,0.9365802000618884,0.9462960913635409,0.9457129297128791,0.9253133473993443,0.9303170054757219,0.8424285766378117,0.683601354288429,0.9242371112243806,0.9541521370911881,0.7563922901448517,0.910047996383181,0.9265506211501116,0.8063920725911804,0.9677186461409127,0.745309925271229,0.49113842225696946,0.6394946325176099,0.7660654643979657,0.7727454209380671,0.7528150873533752,0.9673113710471145,0.9673732066065643,0.6509951230140587,0.6526404662174464,0.6785445742217168,0.32628257131460586,0.6794294268098706,0.692323900626722,0.6720418369622233,0.689588592991637,0.7188959610602282,0.6739268659998372,0.6552198591929543,-0.3339000608507841,-0.4686604255413003,0.6691406368494096,0.8453382561365876,0.8431231724488455,0.8688142309192383,0.8694555526004506,0.7549643401924254,0.8204478810462595,0.8491521370966666,0.8441883712087475,0.7117068378320208,-0.0681381341598214],[0.9961051531909142,0.9906162436616782,0.9942187162343528,0.9966459007237678,0.9985006453124607,0.986434750798319,0.9995698301032356,0.9999853619741914,0.9847606977568729,1.0,0.9692738379532118,0.9997054352855674,0.9999819996067075,0.9998510576273257,0.9999906382999174,0.9996609280008045,0.9975299009802935,0.9993805473126872,0.9998445759212216,0.9998436602280022,0.999968422911828,0.9999832943607003,0.993817994165463,0.9779753894412637,0.9956072709113716,0.9745931232693907,0.9957288564280463,0.9878021156428726,0.9797872774205645,0.9489923340569508,0.988742686305538,0.993053152529856,0.9893257955950597,0.9667071567383131,0.9993928935144847,0.9994719507437837,0.99948039507304,0.9998551032849484,0.9990009286814157,0.9994553768743387,0.9982258224679815,0.9987115247061172,0.9993910024617236,0.9993855805542041,0.9880039924403363,0.9283815982181016,0.717123399323415,0.9450494440921187,0.926567531024191,0.8040720820937063,0.9437378898862099,0.9297272237762665,0.947398957541776,0.9508100163794968,0.9421315955406295,0.9777054479783472,0.9773398975333126,0.9904649906579235,0.9965726093516304,0.9705214282377228,0.9565636513427661,0.9712661514401134,0.9691257528777378,0.971704987690701,0.9714078334249905,0.9425506772076749,0.9464447851170039,0.9458666302494133,0.945495530619153,0.90362564499332,0.9626545721767211,0.962564140738831,0.9683701632060228,0.9672970849086115,0.9240870259127757,0.837004201273682,0.7903853199144466,0.8538641579927057,0.8979904184448301,0.8832949511924465,0.8901343985028686,0.8891722178293984,0.6721283985460033,-0.6179358353907777,0.9582089574736162,0.9386268059617305,0.9383987667330032,0.971753220633897,0.9492425281008441,0.9648090578356571,0.9643599682434352,0.923827777033072,0.9668397708234739,0.927555921521233,0.6758787410730629,0.9324162129113576,0.9516384775732815,0.745112453681823,0.9164991468286834,0.938866795278689,0.8226512866511454,0.971810065650575,0.8911056539512727,0.49259263389635555,0.6674433728549013,0.8801753537551775,0.8417795093508428,0.8834497942635884,0.9797128120346191,0.979949864908009,0.7193319020367467,0.6907901417858053,0.7573658275878056,0.3372062304340665,0.7036218433762369,0.7626142407896156,0.7417546299868855,0.7224234621236376,0.7422165371896682,0.7268165945095928,0.7060586328526675,-0.5157446315210491,-0.5963583899203047,0.6505262579907523,0.8818382478767989,0.9233958098401219,0.9374327072693832,0.9079230130135697,0.8088567935943958,0.8961206774078811,0.9166948987146037,0.916148078488551,0.8058021620491146,0.10133717904818286],[0.9809261528144101,0.9731109786436547,0.9586072009428755,0.9805577763379761,0.9751194030906706,0.9615865693001068,0.9751561558738041,0.9699059888080271,0.9445045461621598,0.9692738379532118,1.0,0.9598644390800026,0.9702624244051858,0.9692932613111067,0.9700125694694433,0.9734424921669034,0.9729533000338036,0.9769125464326783,0.9737909616885349,0.9738027436321025,0.9700621909543334,0.9701246677537311,0.9680135539228933,0.9555303586835292,0.9760583003633293,0.9557620716409342,0.974136700305866,0.9219524062233853,0.9710340481680478,0.9560275098033586,0.9789456231671991,0.9737523087901669,0.9738501502864974,0.9439543220852854,0.977296351302302,0.9769099906684838,0.9772939317315879,0.9705270506342639,0.9662188019525109,0.9763603558462794,0.9808437632532319,0.9793221203205523,0.9774489369513647,0.977463672948575,0.9572354368152026,0.8568091469254817,0.5413732474638695,0.8385042485583273,0.9098512551499564,0.8845425617369264,0.9088474354880404,0.8503716513480233,0.9129561409533288,0.9248705811177705,0.9103335263621437,0.9410831077734846,0.9409643237358364,0.949339687738957,0.9726993913346169,0.9488723906317938,0.9423325608865247,0.9572067977735857,0.952259277674258,0.9559066587866605,0.9559234790279877,0.9142013117770103,0.956136704452187,0.9441614918489397,0.9438576848013422,0.8748092004666228,0.9423085865502281,0.9490225394450663,0.9433985160776277,0.9423634361268396,0.8956324776653906,0.8454023257006932,0.807520190948944,0.8827288494337882,0.9263452743658346,0.9024765523942478,0.914520212304172,0.9139659769035942,0.7544642999851544,-0.31568905269966824,0.9561743885452199,0.9590453688722765,0.950013397826231,0.9504011190141013,0.9365205456483658,0.9573125733536713,0.9572879691550799,0.906248847913766,0.9590341205103912,0.9101690469461278,0.759866112228545,0.7608873409462172,0.8836831287915194,0.6799253017993848,0.8738529682942155,0.9049641955361621,0.8872909005180539,0.9563349134215349,0.9107000256030295,0.3663642865944904,0.6676901440385418,0.9033858910607407,0.8841851341182687,0.9105000302939482,0.956548400599285,0.9568431867838014,0.5637578530025883,0.7269738050708822,0.6375110177303281,0.5142373589551933,0.5994508791792802,0.6504800193218084,0.6131132030535161,0.586335915266748,0.8248523071465486,0.7038900904269352,0.6695722251759414,-0.30096669991347486,-0.35597194645807684,0.7585134648330635,0.917837449321634,0.9248085297444831,0.9169538113109716,0.9413700415587312,0.6837899525368499,0.8540642142194138,0.9123493750451692,0.911572861368934,0.6975059869193643,-0.15882004343062872],[0.9934484239524494,0.9926312400383044,0.9970707434017944,0.9945795980903579,0.9979804294449156,0.9794907787831063,0.9995123384404327,0.9997062553394104,0.989942714705599,0.9997054352855674,0.9598644390800026,1.0,0.9997280156817594,0.9997103410258688,0.9997179047358291,0.9996003066070042,0.9976587617634453,0.9992642729509794,0.9999629872106024,0.9999625614772201,0.9997167474065198,0.9997238044095008,0.9915671986764554,0.964666392787807,0.9927070713055072,0.9810203196334812,0.9936644862490229,0.9911967473853565,0.9753412918605977,0.9138280998896428,0.989626360634132,0.9930596073355089,0.9766768673399779,0.9135512810676333,0.9992814252680328,0.9993396457217045,0.9992885879947646,0.9995080207773072,0.9994976384567671,0.9993106903869816,0.9972251204775043,0.998182626203648,0.999261595903782,0.9992579590960475,0.9899299600694655,0.9227320422158946,0.5544599472837052,0.9414497311139111,0.9258599764939259,0.8075356196773882,0.8633436044602183,0.9035851834945864,0.8679640490536005,0.886815359352098,0.8609527032050329,0.9536416020998103,0.9536060834948954,0.9781387430213094,0.9939660007493629,0.9589502637241564,0.960602456123814,0.951999110166955,0.9538690275910173,0.9556529029215656,0.9554816852818424,0.9120279476787744,0.9239250469210435,0.8907733674871676,0.8906178330618738,0.7952363034085268,0.9560321555262823,0.9588354148729373,0.9589673366740099,0.9583606864886589,0.915189093404758,0.6695777782400927,0.6151250431971638,0.7487868342513346,0.8339421495908552,0.7740584240855924,0.8051439509055508,0.8040912554848537,0.614012427039741,-0.36965288398188323,0.9342940767572037,0.9421965582505426,0.9340442978848968,0.9601090454766243,0.931474248697082,0.9391563714812341,0.9381560282931151,0.8805309341597692,0.9426410661926673,0.8862405793575177,0.5937264711038331,0.9295780989797607,0.9236757873326611,0.41926695962582544,0.7462288015439383,0.8147653463785649,0.6885357032421915,0.9752551934359261,0.6932579329413662,-0.2116203634704305,0.22513982803386354,0.6679795753488428,0.671053649737545,0.7113427114726361,0.9764521722187192,0.9765155294542139,0.043740432991096125,0.27745083638524887,0.12677289012964255,0.09187467435887967,0.11915675196427811,0.13731556488302185,0.10381702267458079,0.05215437995882101,0.47683099815898033,0.20659198099877057,0.1536130731014452,-0.5098048397586695,-0.5499658929298042,0.6505458269511735,0.7487112644635575,0.7731073799306226,0.8338862849281817,0.8276579380406284,0.5437666087860834,0.7382505722220719,0.7679292816964004,0.7667561726231958,0.41746441629610437,0.23300411157249512],[0.9959192389313201,0.9907769467926393,0.9909233668319795,0.99637598099586,0.9984754544776501,0.9866268553320512,0.9982872965256563,0.9999969893521116,0.9729784041260181,0.9999819996067075,0.9702624244051858,0.9997280156817594,1.0,0.9996664597939622,0.9999976694837346,0.9992827542197802,0.9911945645043788,0.9994319387490588,0.9999090871384712,0.9999088416847784,0.9999683163528935,0.9999953263762484,0.9908055185992218,0.9761206920350749,0.9929912764125899,0.9449102304804413,0.9935286284554969,0.9879836032967176,0.9750488096590174,0.9474592055277163,0.9889334831857409,0.9939686178238825,0.9922302486800795,0.9709518158798661,0.9994909992184599,0.9995727651690295,0.9996769290629526,0.9997169695552017,0.9990670482636761,0.9995118398123651,0.9981341945305295,0.9987682160473664,0.999561677596048,0.9994296658485188,0.983169675703722,0.9285294193523704,0.7172833052673023,0.9450365115655207,0.9268415996178371,0.804897852451329,0.9560248253941924,0.9384930112182593,0.9578442616952579,0.9535565119665242,0.94514837040926,0.9798062108189429,0.9775067510725576,0.990427221685991,0.9971726563058648,0.9406752186993983,0.9563522015681368,0.9652231521375223,0.9691378553193165,0.96730712424492,0.9440959829336345,0.8917559781674355,0.9473009437798806,0.9522586097563808,0.9313418086245114,0.8760538853459852,0.9623808150476971,0.9304707348852584,0.9604653563442858,0.9413848226587257,0.7506961936519064,0.8380030235747317,0.7665869696034144,0.8550558194267652,0.8774279295354728,0.8844589226768166,0.8637158544503596,0.8733551472451317,0.28850076308227735,-0.604927216236271,0.9584005091256339,0.9389061107852021,0.9384938449042743,0.9456717850245203,0.9540962532993286,0.9653586256609107,0.9653892578642584,0.9229170402312922,0.9590447876077051,0.8283107961608032,0.677437371124972,0.9320431199981496,0.9380483405181589,0.7663435504059125,0.9280105552439508,0.947011798270641,0.8237328665177174,0.9727405004877818,0.8356702000227805,0.5938413532204305,0.697217729692632,0.8469912607461135,0.8416198703938078,0.8351677400086484,0.9796981199184301,0.979911855137689,0.7220043038185538,0.6943188652257728,0.784446338082347,0.33998976158820593,0.7662894176700635,0.7889920327167375,0.7827694170649343,0.7849324092329905,0.7450567002604581,0.7304175848411318,0.7097380579276671,-0.28587149281898794,-0.43464824424180976,0.651185754517985,0.8834715176955807,0.9248118868454229,0.9355906568309266,0.9093178606341773,0.8139130681132722,0.9051840432269538,0.9263994168463563,0.926098342631386,0.7572360496168662,-0.1280561411174091],[0.9952156859938276,0.9906408608850198,0.9928438449021013,0.995875303830554,0.9983239396705074,0.9880342272441487,0.9991187155466796,0.9996831436310153,0.9830680161839253,0.9998510576273257,0.9692932613111067,0.9997103410258688,0.9996664597939622,1.0,0.9997033716740388,0.9992349557179229,0.997167761903224,0.999022143651505,0.9995142749815885,0.9995073518400018,0.9996869684512344,0.9996600338245003,0.9928217987350696,0.9778939068027143,0.9961926796753144,0.9711111196314957,0.9960798906666374,0.9878632759643274,0.9778949107503262,0.9500077169452247,0.9880156234993125,0.9919282116370672,0.9912530530640538,0.9686781554119193,0.9988058747926063,0.9991251006538688,0.999297484331971,0.9999174199616077,0.9990223599542006,0.9991248891003861,0.9974491886041847,0.9981230984766076,0.9988038495022432,0.9987341469260421,0.9872943350992639,0.9284693026703243,0.7128557658012609,0.9451082967608005,0.9267451658059069,0.8042804217616396,0.9514993421591651,0.9319324733937616,0.9527219817709826,0.9500981718452665,0.941001013636153,0.9762624781520272,0.9753672580646857,0.9879824580093893,0.995633791973677,0.9628517044762342,0.9560988106285598,0.9656023042930172,0.9686852580694313,0.9672506318807733,0.9665631842832957,0.8959214369806446,0.9448676093601258,0.9508952184989304,0.9505845401374565,0.8749539226691545,0.9628021552390742,0.9415709483699545,0.9623341027660886,0.9610919747891538,0.7556477398697916,0.8355496232648032,0.7963718765091249,0.8532159884956682,0.879002236851508,0.8839742699668162,0.8721741666202758,0.8726417689832271,0.2753491168356322,-0.5992108392885651,0.9578430157753683,0.9386612648932253,0.9376519632147443,0.9653924503599515,0.953811533337724,0.9644645317083442,0.9644472547550801,0.9232999261118201,0.9594797016008765,0.8348762210642057,0.6778164595520351,0.9324731887468629,0.9390429706004708,0.7644420694951944,0.9264959813808761,0.9457052142189677,0.8245946493045287,0.9751756605312965,0.8307213439677245,0.5851645873289667,0.6926998729827618,0.8382613719009552,0.8363166565759392,0.8274360847511356,0.9813974217496855,0.9815755964072277,0.7131627707665176,0.6893032926636173,0.7650384966981243,0.3397311929545348,0.7565470107908473,0.7778494895254702,0.7540829951521153,0.774065163465316,0.7429604293103526,0.7207454698615458,0.7003322044569855,-0.29222574069746876,-0.4394337347168909,0.6508086095723085,0.8812043328569387,0.9258449421039917,0.9308264444414713,0.9084019511594476,0.8061576471527538,0.8990937932775414,0.9190874853083312,0.9195226611194999,0.7503657139721426,-0.12635034952086008],[0.995839952759558,0.9906841953714339,0.9910998533466611,0.996313580202283,0.9984725697201818,0.9867906469131438,0.9991097062703964,0.9999980543161286,0.9779048821591295,0.9999906382999174,0.9700125694694433,0.9997179047358291,0.9999976694837346,0.9997033716740388,1.0,0.999383451648842,0.9962276446862746,0.9994048335985484,0.9999024109975415,0.9999016566637058,0.9999623432091175,0.9999930130145201,0.9909524718676598,0.9763306513542975,0.9947531605993521,0.9592660824110336,0.9945718388141761,0.9879242286995212,0.9752802450341475,0.9476536997182377,0.9913867164044274,0.9942518136584353,0.9920977086220122,0.9707149386667401,0.999462023885773,0.9995337338157677,0.9996535118696921,0.9997330234126586,0.9990270646241587,0.999478598735606,0.9980723081486228,0.9987128530575355,0.9995299359265095,0.9994005990358458,0.9833733239452439,0.9283224330991391,0.7166006600036766,0.9450920253565951,0.9267733149683527,0.8043511691473852,0.95576970119838,0.9382323838683805,0.9576167869160496,0.9531394865970154,0.944662451915637,0.9795912533768255,0.9772651151116596,0.9902574941180984,0.9970692056652282,0.940688574778592,0.956309973606066,0.9651218821056824,0.9690871472655866,0.9671946852760773,0.9436111678722118,0.8918446673940712,0.9469308165833146,0.9519190046550375,0.931143398847137,0.875798594907298,0.9624602320007241,0.9306363639950055,0.9604685761683575,0.9414349038517604,0.7509963598637148,0.8375319925675719,0.7663284066001547,0.8546455087966343,0.8772852842967681,0.8842127834772778,0.8634796863184248,0.8731252412643352,0.28857869312402396,-0.6046837344190126,0.9582848201904172,0.9387601590503108,0.9383720561479902,0.9438900561966771,0.9540695317426602,0.9652330057831162,0.9652588262599142,0.9229450932747811,0.958921859696602,0.8284011146954698,0.677337076031288,0.9324330327209014,0.9384525801695948,0.7661322124862483,0.9278783280837888,0.9468969165670096,0.823471132289699,0.9729210373309733,0.835253544793459,0.592640000427956,0.69643036715879,0.846543270753035,0.8412308746658721,0.83476526206962,0.9798229806339408,0.9800336508817353,0.7209183957958336,0.6933647493981621,0.783848578636928,0.33949574591117465,0.7655908249011916,0.7882350515845776,0.7823486698122386,0.7841285696895598,0.744583836728439,0.7291789250205246,0.7085104837839815,-0.2866611892635708,-0.435333772661196,0.6509496589147016,0.8828717892229384,0.9245141952055139,0.9351292045080132,0.9089085768529999,0.8131560745115892,0.9048417102417187,0.9258979418081426,0.9257253645054945,0.7566739528525532,-0.127317413581826],[0.9974919068056999,0.9932121231614346,0.9904883737505026,0.9978016462778895,0.9990163525967223,0.9865160274603691,0.9998798787114926,0.999228170054034,0.9756049165192461,0.9996609280008045,0.9734424921669034,0.9996003066070042,0.9992827542197802,0.9992349557179229,0.999383451648842,1.0,0.9978589033264137,0.9998270338716376,0.9994825217209026,0.99948781600793,0.9997288005700011,0.9994787529488771,0.990484773972253,0.9752680626719906,0.9932090058060051,0.9507397917142124,0.9928394517957599,0.9899321572304834,0.973170959296997,0.9482403635991872,0.9918931929560086,0.9925378193207348,0.9928173275280193,0.9728282161777542,0.999221154373808,0.9997058136946291,0.9996759280577509,0.999512918996359,0.9995179614200768,0.9997505521552045,0.9987652204654992,0.999535907260253,0.9994684947436269,0.9992228824638184,0.9817839190810281,0.9272185279218627,0.7272659530404334,0.9405966653688322,0.9273358634346295,0.81715857997026,0.9581207352782333,0.9434166149853043,0.9602918086727696,0.9578200561585228,0.9494300845302314,0.9818546625151965,0.9796434764463984,0.9913184211507222,0.9964802139824109,0.9460323593002751,0.9602861105276596,0.9710054702378974,0.9719010259964942,0.9727713047098199,0.9470031522846765,0.8989212399815815,0.9505075106999581,0.9580150937055929,0.9368740525947247,0.8859515446177442,0.9651690418879921,0.9365548709950127,0.9656466346507268,0.9466060492605748,0.7613615007989103,0.843791909913626,0.771495527542431,0.860609724775323,0.8832218867472924,0.8873689028761398,0.8678397003076496,0.8792856606982515,0.301561155131466,-0.6010584158095564,0.9619174257262724,0.9445564354328851,0.9437623507133018,0.9488976920308736,0.9587331813266404,0.9689137589599531,0.9689939678878396,0.9279377886735343,0.9651037517123061,0.837974704641017,0.6791978926216083,0.9203827424330678,0.9292219748953988,0.7687777725394288,0.9279348015860786,0.946655041159579,0.8241411852425199,0.9689041030902003,0.8345311365745788,0.6029164535511801,0.70185918113