var element=document.getElementById("correlationClose");if(element.style.display!='none'){var correlationClose={"data":[{"type":"heatmap","z":[[1.0,0.9999836453326268,0.5780825344403322,0.9997044781711683,0.9975190920652144,1.0,0.990982366119498,0.9866172004045385,0.9916401971037344,0.9733347385494362,0.9825967089199955,0.991026368894515,-0.12566811360755578,0.9910905312611142,0.974713706955378,0.9710847633931383,0.44000917287427066,0.992086115493584,0.9920717430720809,0.9840674643645788,0.9910137422503958,0.4468436035812008,0.6714151471675609,0.9782078527553488,0.9781853039866917,0.9620606856598359,0.31290757704462846,-0.12022919814207864,0.9898097315143973,0.9897693287122421,0.28057927411090355,-0.19944784619590372,0.9938552655230004,0.9947057900378409,0.8142590721948973,-0.38834960858870304,0.9878872456312195,0.9944839724570536,0.9764470972992837,0.42218019040471205,0.9940376167826407,0.994024328140479,0.9940376167826407,0.8880617664076346,0.6682072857431135,0.8693316586825485,0.8828309479160119,0.7924033487717841,0.38646423627724924,-0.13612886124500934,0.19181964188721323,0.9452487729022597,0.4556466609160204,0.9768038197256979,0.9710935139354538,0.9160538337826032,0.9133647601080365,0.9339700054096958,0.9105256352938758,0.9308055044505102,0.9315778789208451,0.9308055044505102,0.8472041690487168,0.9073233608958695,0.9084215647753713,0.9073233608958695,0.8980858132347059,0.738294855494484,0.8727521380703838,0.8743539169901957,0.8727521380703838,0.6231228778355876,0.31169689752401497,0.6003011285510026,-0.5924637869427982,0.4971522835257757,0.5486576400087994,0.5499657288964136,0.5486576400087994,-0.10290267087786355,0.8853610879468656,0.9174030336026454,0.8992165901341596,0.9175434575950241,0.43422336299218794,0.8823397121204497,0.8835119252406654,0.8823397121204497,0.891360409837105,0.891360409837105,-0.15656129879024258,0.5598998089811499,0.1940298108376154,-0.5703311746136454,-0.5648770142771061,-0.5684802204017503,-0.046208972008369736,0.06361254553235983,0.25604475123457565,0.12674808768478657,-0.3981167733452143,0.05094593300780969,-0.7931313049164963,-0.21545088019398723,0.12740739935285958,0.12753778825180662,-0.544063250790621,-0.6037324219775989,-0.21739169480867954,-0.49006663415557356,-0.828556440374322,-0.35363509551930494,-0.34484014759633325,-0.35363509551930494,-0.18672394686282265,-0.2624249626509394,-0.2624249626509394,-0.8168577611288689,-0.8168577611288689,0.3992071907867246,0.6559236192481118,0.8719518124223231,0.8509104916448851,0.7876427982349552,-0.25424297859281964,0.7656447116366609,0.806075232098895,0.8062888579419775,0.806075232098895,-0.23522844510728877],[0.9999836453326268,1.0,0.9704104964551846,0.9992423705683561,0.9939658372734869,0.9999836453326266,0.978702053628007,0.9700462621406506,0.978493010135212,0.959628596372902,0.9806056756381295,0.9787523373818142,0.9787138975069039,0.9785388937250961,0.8879691811287768,0.8750907941951473,-0.2802814595338492,0.9839595474106839,0.9839319958803995,0.9788136099496655,0.9788054605744484,-0.1384055500697061,0.9691739711014432,0.9720684712731512,0.9721371331193976,0.962294767352525,0.05585279407904367,0.15359202980135464,0.9762824816274165,0.9763405241835726,0.9716724233669838,0.1479414635779784,0.9878758728851391,0.9879480417803129,0.988707013439397,0.9807839474925714,0.986351528443982,0.9879246416239567,0.8873599468861549,-0.2867482725157948,0.9887784486958948,0.9887603227779164,0.9887784486958948,0.8880135280042366,0.5439759852111095,0.8694050142613368,0.8826364967416364,0.7916894810432047,-0.4336504782933997,-0.5450282369217808,0.8273552973338826,0.8562265996030439,-0.18810383750778414,0.9340177202802726,0.934104311323063,0.9259417236425204,0.9356164010269495,0.9140234066236603,0.9136770883832703,0.9206216911921737,0.9213345059217407,0.9206216911921737,0.7827652334491482,0.743546421239842,0.7458161656136347,0.743546421239842,0.9299094528342161,0.9349134840714269,0.929817045385014,0.9309914051771321,0.929817045385014,0.45440966546663797,0.3952230779539394,0.5157137997239976,0.6203266074973474,0.5017293950132647,0.5410654979451535,0.5419339845106255,0.5410654979451535,-0.2193213304272618,0.8720456115967206,0.9076528516224027,0.8945695402993613,0.9329250473834821,-0.10591283276038184,0.866340896932411,0.866739415268672,0.866340896932411,0.8772859690422373,0.8772859690422373,-0.25786407524954646,0.5592576232016389,-0.3775162583533643,-0.6677848676064362,-0.4683262009720336,-0.47179407196568857,-0.31265066586726165,0.2277214632040557,-0.22106501556959285,-0.40547428397220614,-0.6047945093939607,-0.29382548114550666,-0.4984261386906566,-0.34795303251636184,0.10267187085501342,0.09809726254034501,-0.49122905679416146,-0.4474350281721153,-0.47561542153594444,-0.5053177835949388,-0.4977426355952331,-0.4776896289097901,-0.48100761057607644,-0.4776896289097901,-0.3591612002865025,-0.5010741017768204,-0.5010741017768204,-0.47393284449657364,-0.47393284449657364,0.398653698607347,0.41034996891239217,0.51774586226145,0.5993629108735344,0.5735167736494688,-0.39596982452831986,0.3785059160545222,0.36842656499704307,0.3685173043207095,0.36842656499704307,0.11243303864123713],[0.5780825344403322,0.9704104964551846,1.0,0.5718823002637639,0.46511358250500334,0.5780825344403321,0.5661813636490071,0.5548437656507224,0.46976471038692075,0.4113155143659579,0.9966722184464304,0.566202330998009,0.5132680870933981,0.5665250456822921,0.5514834574158022,0.5827939023678603,-0.11282797268279932,0.5131117378789889,0.5122294547583963,0.46655731641815135,0.5651211174383665,0.21219135598448902,0.7053328931518722,0.5341902137991369,0.5339125187897834,0.9842863260247373,0.29830177545269454,0.17713911094466495,0.5306412552901805,0.5301513013987468,0.7654971812160472,0.012112113661686377,0.5642066771722919,0.46817926153671346,0.5489599900701241,0.35556514705088116,0.9940362590799959,0.4562554375011956,0.5489107696347845,-0.11935022483448528,0.5802967618319207,0.5622487103724221,0.5802967618319207,0.8929624472057461,0.38945073119008083,0.905979838130735,0.8718808663739165,0.6528103280661199,0.20100041925002288,-0.016532665702682386,0.0562492899628222,0.4311297502884185,-0.07471356409078021,0.5212141646008062,0.4579080391251414,-0.06781189734970722,0.6981842708062899,0.6497035228053408,0.4963549198557187,0.6560008328911083,0.7163421113730556,0.6560008328911083,0.34725608230637295,0.5501290648702432,0.6464172367843177,0.5501290648702432,0.5717167053567441,0.6252683710089075,0.6665370846004085,0.7364015230978577,0.6665370846004085,0.2163455618130238,-0.08506007895196867,0.23542415013757403,0.14234568264799402,0.23549956958989982,0.26173458852029624,0.4014665527671291,0.26173458852029624,-0.17410269192635366,0.45246953887068825,0.8144461404744646,0.5374209407315587,0.7327877997984986,0.06564506724595243,0.5169268703766065,0.5170213583881853,0.5169268703766065,0.6366349100372466,0.6366349100372466,-0.28162583982148676,0.7233338603639297,-0.2223814825334206,-0.557809188149568,-0.3929566986837332,-0.39652400692603507,-0.39427615938616833,0.02082794556438356,0.023991136367520306,-0.2665552263403136,-0.5402312847146423,-0.13795859711263395,-0.233430342313311,-0.21378094690854793,-0.01787062115783533,-0.02165785379052331,-0.4528609847442521,0.004576516047067524,-0.22350383829136453,-0.4863507527480819,-0.11994718113153685,-0.36199159407116893,-0.23809040278688626,-0.36199159407116893,-0.4278656956181352,-0.5081772480176595,-0.5081772480176595,-0.24476251953743697,-0.24476251953743697,0.32755565191824254,0.14021367277932184,0.24759280611385412,0.4910398822082684,0.22305191422816445,-0.3124171184234709,-0.03576180472182067,0.44807397754021755,0.5616525686733659,0.44807397754021755,-0.043699301758866216],[0.9997044781711683,0.9992423705683561,0.5718823002637639,1.0,0.9986588322077299,0.9997044781711681,0.9925593287097432,0.9886728642705866,0.9935520814416707,0.9711350088751741,0.9874535505680627,0.9925915123199873,-0.1299455901644525,0.9926281788977505,0.9761369313908587,0.972507272193232,0.42575175938345355,0.9934406817377891,0.9934284485324808,0.9844812052440746,0.9925707168976391,0.4381275830059596,0.674861092862023,0.9811370582453283,0.9811148207777806,0.971974552869791,0.3080911907036984,-0.1274546352338629,0.9895161510208295,0.9894860089684995,0.27223923498424424,-0.20021707863910468,0.9946374765351689,0.9957655809444297,0.7742479476683811,-0.3940314185824168,0.9914403484403388,0.9957829596696585,0.9769586121002897,0.40755954184934784,0.9922488855016963,0.9947071394054171,0.9922488855016963,0.8864432069967539,0.6554669909783145,0.8772714461230194,0.8795939072060027,0.7701204424645048,0.380978699503583,-0.14206798952124816,0.1853442965310517,0.9394776052298538,0.4395324391495224,0.9724867426707388,0.9682644073194111,0.8921624072968798,0.9046976920045507,0.9191662350090135,0.9055516356062199,0.9114184327716538,0.9124908490425937,0.9114184327716538,0.837467181001606,0.8938231401409463,0.8950313868415026,0.8938231401409463,0.8937519143344049,0.6717255075836387,0.8291423581506022,0.8307843384000515,0.8291423581506022,0.6131279272022522,0.10338741176023493,0.5883508900297254,-0.597615993120776,0.4906104975696692,0.28966135860688913,0.5179719599999886,0.28966135860688913,-0.1098254628685842,0.8786988925977579,0.9070031944682133,0.8893633290693248,0.8912674124604357,0.4207940062931945,0.8766534007892813,0.877992948682765,0.8766534007892813,0.869350544466499,0.869350544466499,-0.1627525325096212,0.5863915451694642,0.19877185568631633,-0.5809861992064966,-0.5726914358699443,-0.576200372288547,-0.05887165959826922,0.05810086100555737,0.24884206448988053,0.11384810407878397,-0.410954844009848,0.04427279146415655,-0.7998869672116882,-0.2235294482515167,0.11628560887620736,0.11646292021318391,-0.5515959662328007,-0.6006044690953908,-0.21916092340944268,-0.50236165569965,-0.8309741996389215,-0.35550385717493016,-0.34727708612276686,-0.35550385717493016,-0.19622879918943995,-0.2727044218864857,-0.2727044218864857,-0.8171287018552882,-0.8171287018552882,0.3859769302610805,0.6439750722625255,0.864390604887769,0.8434118878980459,0.7803864411073136,-0.2678842447697092,0.7567700930287333,0.7975032229670889,0.7977190942308927,0.7975032229670889,-0.2200966740699625],[0.9975190920652144,0.9939658372734869,0.46511358250500334,0.9986588322077299,1.0,0.9975190920652144,0.9968156844062701,0.9948851026340904,0.9970036275522597,0.9609349490949376,0.9954561469305765,0.9968351209075146,-0.3385892794541508,0.996866107267357,0.9715264730969398,0.9631970295138109,0.22919110237120235,0.9973997992835516,0.9973935304532434,0.9862172650125116,0.9968211106180417,0.07303165073250258,0.6370928547879664,0.9907223006635649,0.9906785944120456,0.9851889823189887,0.059136305360379685,-0.11229652975149047,0.9876479686821396,0.9875841926126138,-0.04107188488949217,-0.09753730082779198,0.9977221123878747,0.9976575415679385,0.7520837649276146,-0.534781568493546,0.9971887175802739,0.9979193336229957,0.969978461147696,0.20535218323106463,0.9976748359891261,0.9976752927263457,0.9976748359891261,0.9015033132330021,0.6163872980028017,0.8984082792590959,0.8835051392221515,0.7371688257698431,-0.09947977653972456,-0.5810123718538662,-0.23428403165835707,0.9249201283105201,0.2942909956892986,0.96611362506856,0.9661634058492748,0.8867493594502277,0.8826529514945558,0.905118396504096,0.8906887731695508,0.9032445942165908,0.9036721865014834,0.9032445942165908,0.8077075871222854,0.8371221646454077,0.838526845162974,0.8371221646454077,0.8807099236014347,0.7743039161088567,0.8605254825084909,0.861523854197389,0.8605254825084909,0.5643879718649822,0.4287127124259552,0.5477796385825493,-0.6405937377047318,0.5451534154547406,0.5223560562063725,0.5218523498698195,0.5223560562063725,-0.13037382176386927,0.857720857164287,0.8766895111264811,0.8619024150662044,0.8965251018845736,0.27588970164842447,0.858859492287373,0.8601751910171961,0.858859492287373,0.866828406129978,0.866828406129978,-0.20563022532032113,0.6443845711745805,0.05275729723061564,-0.6159903364804792,-0.6297684222100092,-0.6301343253948986,-0.09489076121946612,0.08004989146989853,-0.15015449692426608,-0.13917827479332104,-0.4968834864241341,-0.3282800829505771,-0.8624830341469997,-0.5209516145328117,0.0822775320816875,0.08228746668142091,-0.5820390453989182,-0.5921483375291822,-0.5162552858531466,-0.5452055221277996,-0.797569247683104,-0.5720162701586123,-0.5747351481056218,-0.5720162701586123,-0.24004158226775535,-0.31129091197716297,-0.31129091197716297,-0.7636713224758587,-0.7636713224758587,0.3661907688555153,0.6225075744744535,0.8142406505095234,0.7891085995077735,0.7674585999258488,-0.40601555107969844,0.6062245256788834,0.6880980699507285,0.6883669804755115,0.6880980699507285,0.012549617116193929],[1.0,0.9999836453326266,0.5780825344403321,0.9997044781711681,0.9975190920652144,1.0,0.990982366119498,0.9866172004045385,0.9916401971037344,0.9733347385494362,0.9825967089199955,0.991026368894515,-0.12566811360755578,0.9910905312611142,0.974713706955378,0.9710847633931383,0.44000917287427066,0.992086115493584,0.9920717430720809,0.9840674643645788,0.9910137422503958,0.4468436035812008,0.6714151471675609,0.9782078527553488,0.9781853039866917,0.9620606856598359,0.31290757704462846,-0.12022919814207864,0.9898097315143973,0.9897693287122421,0.28057927411090355,-0.19944784619590372,0.9938552655230004,0.9947057900378409,0.8142590721948973,-0.38834960858870304,0.9878872456312195,0.9944839724570536,0.9764470972992837,0.42218019040471205,0.9940376167826407,0.994024328140479,0.9940376167826407,0.8880617664076346,0.6682072857431135,0.8693316586825485,0.8828309479160119,0.7924033487717841,0.38646423627724924,-0.13612886124500934,0.19181964188721323,0.9452487729022597,0.4556466609160204,0.9768038197256979,0.9710935139354538,0.9160538337826032,0.9133647601080365,0.9339700054096958,0.9105256352938758,0.9308055044505102,0.9315778789208451,0.9308055044505102,0.8472041690487168,0.9073233608958695,0.9084215647753713,0.9073233608958695,0.8980858132347059,0.738294855494484,0.8727521380703838,0.8743539169901957,0.8727521380703838,0.6231228778355876,0.31169689752401497,0.6003011285510026,-0.5924637869427982,0.4971522835257757,0.5486576400087994,0.5499657288964136,0.5486576400087994,-0.10290267087786355,0.8853610879468656,0.9174030336026454,0.8992165901341596,0.9175434575950241,0.43422336299218794,0.8823397121204497,0.8835119252406654,0.8823397121204497,0.891360409837105,0.891360409837105,-0.15656129879024258,0.5598998089811499,0.1940298108376154,-0.5703311746136454,-0.5648770142771061,-0.5684802204017503,-0.046208972008369736,0.06361254553235983,0.25604475123457565,0.12674808768478657,-0.3981167733452143,0.05094593300780969,-0.7931313049164963,-0.21545088019398723,0.12740739935285958,0.12753778825180662,-0.544063250790621,-0.6037324219775989,-0.21739169480867954,-0.49006663415557356,-0.828556440374322,-0.35363509551930494,-0.34484014759633325,-0.35363509551930494,-0.18672394686282265,-0.2624249626509394,-0.2624249626509394,-0.8168577611288689,-0.8168577611288689,0.3992071907867246,0.6559236192481118,0.8719518124223231,0.8509104916448851,0.7876427982349552,-0.25424297859281964,0.7656447116366609,0.806075232098895,0.8062888579419775,0.806075232098895,-0.23522844510728877],[0.990982366119498,0.978702053628007,0.5661813636490071,0.9925593287097432,0.9968156844062701,0.990982366119498,1.0,0.9972241387567811,0.9999683809706229,0.9523157069468182,0.9996024729954833,0.9999962220124754,-0.14353026231922425,0.9999925751898324,0.9885678944038739,0.9824114957223502,0.377397391312141,0.9998395276585099,0.99983965246663,0.9886552589307269,0.9999964222719012,0.3451702185751888,0.6757955222253299,0.9844354288951966,0.9847455041167003,0.9865011840582864,0.23021351963835232,-0.18597245564099318,0.992076989548824,0.9918197765687985,0.17234595364504338,-0.25019552725730615,0.9992988044876489,0.9993922402877062,0.35908366554742516,-0.3270348355482804,0.9987232443236174,0.9993102506125715,0.9855777601245328,0.35769683673625347,0.9327615026285051,0.9990277195732695,0.9327615026285051,0.9102616032408287,0.6203257703597104,0.9204119179941939,0.8927129786540142,0.6916863584472599,0.41307253022301293,-0.08438093701378198,-0.21035501960973413,0.9235570163185272,0.39865469705508927,0.9682739256504038,0.9613855732467977,-0.07900917310060174,0.8337074962099024,0.8050736624588483,0.8523783555308058,0.7985435208180686,0.7655984209670685,0.7985435208180686,0.7643915357955334,0.7658440735241735,0.7633255709834107,0.7658440735241735,0.8399832087064876,0.315868244674019,0.5316774312156429,0.6124890990920139,0.5316774312156429,0.5321294136782806,-0.36050142124048923,0.49419388953402615,-0.660651310225084,0.4129373412219029,-0.12647280647117123,0.37477422605021193,-0.12647280647117123,-0.15380093460848038,0.8156206007842568,0.8264807964486945,0.8151072435104668,0.7386306622547321,0.37144210147034035,0.8183605312352794,0.8202648392726783,0.8183605312352794,0.7268492592048765,0.7268492592048765,-0.2425941873089993,0.6931834414746932,0.2529552825471373,-0.598481753234617,-0.6155187521132496,-0.6185550753592396,-0.11011273766469797,0.006021559815937493,0.3537150723145343,0.07550079323693012,-0.43704636969723704,0.09618357609792766,-0.8270235351183683,-0.12696891145780215,0.04495613324441573,0.045208186713830235,-0.5971128281064675,-0.6067407044671068,-0.05856872776994566,-0.5819645938625184,-0.8433535318194588,-0.35162957188850585,-0.17873642277202154,-0.35162957188850585,-0.2753446206395556,-0.3221207876227795,-0.3221207876227795,-0.836577534640247,-0.836577534640247,0.36388661474761314,0.600245467747041,0.49865566436296965,0.8066590048428087,0.757428311320242,-0.3254666757541825,0.06009442799589655,0.762520800043248,0.781211179913093,0.762520800043248,-0.1452470953827593],[0.9866172004045385,0.9700462621406506,0.5548437656507224,0.9886728642705866,0.9948851026340904,0.9866172004045385,0.9972241387567811,1.0,0.9994782570799049,0.9440943665700484,0.9983364724223135,0.9980204377586082,-0.1527707163180898,0.9990229659690826,0.9872092509205942,0.9747128078752791,0.3552832843692869,0.9990736881419822,0.9990753190175095,0.9857551217798145,0.9991811020286268,0.31809660738868895,0.675251072307989,0.991973618269457,0.9824752044165358,0.9823528737740732,0.21067398483544356,-0.20082727441374484,0.9883550252640967,0.9917675182882899,0.15206133923172868,-0.25705301401932507,0.9981559164075204,0.998063272257051,0.33848974566112366,-0.3344814754245339,0.996210107917258,0.9979086446273223,0.9847392462139158,0.33510043181253246,0.9240554138682133,0.9979857269622492,0.9240554138682133,0.9075960107869446,0.6043925574211612,0.9208067505347913,0.8885929378693391,0.6644868707280281,0.39954641818558906,-0.10018349623320047,-0.2240204832082429,0.914228499772136,0.3774883413392491,0.963451141297966,0.9557527287639207,-0.08989373580801509,0.8192088585671788,0.7866559590953313,0.8422544007723847,0.7813459995885524,0.752081950280658,0.7813459995885524,0.749673081370874,0.7447960928807489,0.7485775939193612,0.7447960928807489,0.8301375217491587,0.29420205975146496,0.5087503688542531,0.5944036092823505,0.5087503688542531,0.5168529651682416,-0.3763969881937168,0.4770917274393682,-0.6697541634749063,0.4031444573539145,-0.1502192988612594,0.35651352904292066,-0.1502192988612594,-0.16116530665049517,0.8037019314388599,0.8076147845173015,0.799553924848782,0.7225024709509386,0.3538784195438229,0.8070854473232775,0.8092146136321379,0.8070854473232775,0.7067234224103173,0.7067234224103173,-0.25953109534041174,0.7223960937642896,0.26096226451874033,-0.6085667959795937,-0.6296036489273642,-0.6324407410126924,-0.12588079192637658,-0.002723295216888615,0.3467642042137317,0.05569550075745553,-0.4507421182660431,0.08675194091912904,-0.8340407965710136,-0.13360301840440347,0.02820564655292663,0.02847246758238075,-0.6099639145579737,-0.6080863817871792,-0.06557487453707418,-0.600726604274081,-0.843759121496207,-0.3638697375096385,-0.18513030956847829,-0.3638697375096385,-0.2944731773115243,-0.33699510031926727,-0.33699510031926727,-0.8353682313324874,-0.8353682313324874,0.3405406346280384,0.5820121864609611,0.47895237234984134,0.7881488688402949,0.7438607567393029,-0.3487416878977567,0.04522638479929342,0.7427408509354654,0.7650417492763304,0.7427408509354654,-0.1273697736372439],[0.9916401971037344,0.978493010135212,0.46976471038692075,0.9935520814416707,0.9970036275522597,0.9916401971037344,0.9999683809706229,0.9994782570799049,1.0,0.9510902329834281,0.9995510385644649,0.9999693993507042,-0.31450508764484375,0.9999738769842004,0.9777976386029993,0.9675386011210425,0.2695977341280495,0.9997828334104937,0.9997834188807259,0.9884588944305891,0.9999663085472908,0.12091587961222015,0.6347155818992662,0.9942585608089777,0.9942046493555917,0.9862982538690451,0.04139511886745169,-0.1256505551151641,0.9906211263774168,0.9905838796441718,-0.023542004451807517,-0.2105975333691342,0.9993219049921634,0.9992793773929689,0.7635324362173568,-0.5247543295238578,0.9986358189545865,0.9992888695832244,0.974715157066902,0.24643435191067814,0.9991645613189671,0.9991699789184971,0.9991645613189671,0.9100679997689989,0.6212603258122628,0.9198269927893017,0.8917533199741284,0.6910328106501328,0.007690324137421459,-0.5274435410710641,-0.18408803804568064,0.9187054322371824,0.34698829568577894,0.9625032693210821,0.9616028874647643,0.8584382046551512,0.8344294245167051,0.8777894866063269,0.8531871724962286,0.8759720791191532,0.876703313945768,0.8759720791191532,0.7633652966266509,0.8184392067286415,0.8201582185094678,0.8184392067286415,0.8413315727753115,0.7345564273665944,0.829522004163044,0.8309786655426551,0.829522004163044,0.5312520811329872,0.3532194261377674,0.49310685475285226,-0.6878828551549339,0.47160855559886067,0.4355034133183949,0.43551146957985043,0.4355034133183949,-0.11065372739766124,0.8160134086458684,0.8262396639019478,0.8152884665325292,0.8688696350020396,0.29660294047685937,0.8243096039296415,0.8266668068861995,0.8243096039296415,0.8322959573013312,0.8322959573013312,-0.24483869972916958,0.6930561310819495,0.07698396073544553,-0.6108558857960705,-0.656444233792102,-0.65734489875722,-0.11378385198600849,0.008099415979647206,-0.1572325906905689,-0.10924126802503584,-0.48442280791097886,-0.35902268277888116,-0.8770916471164798,-0.5595126539311299,0.04329389176630808,0.04432759944725952,-0.5990241235424877,-0.6028304715502057,-0.5258230084289899,-0.5840955817452848,-0.8179060071321671,-0.5955811404362525,-0.5977011756739299,-0.5955811404362525,-0.2778493975616591,-0.32574986949071144,-0.32574986949071144,-0.7974729284242013,-0.7974729284242013,0.36392115909707246,0.5987938397701168,0.8220384631260128,0.8008407675503452,0.7557447420778566,-0.35421663851024904,0.6397340149211405,0.7092815427598337,0.7094392423998519,0.7092815427598337,0.0955628944428923],[0.9733347385494362,0.959628596372902,0.4113155143659579,0.9711350088751741,0.9609349490949376,0.9733347385494362,0.9523157069468182,0.9440943665700484,0.9510902329834281,1.0,0.9260172939352048,0.9523480573831367,-0.2516338872556085,0.9520061198436618,0.9137549803830952,0.9028584697305955,0.07425233584588606,0.9578322416678863,0.9578087291793772,0.9524910582913978,0.9524819564025063,0.04950584144538007,0.6821811098128404,0.954254558636606,0.9544665976091717,0.8323867987199411,0.14387349437226588,-0.10786178433009182,0.9608027279585648,0.9609327691695262,0.12450662788224925,0.0608248803668444,0.9621311443387016,0.962417748785091,0.8557780981790113,-0.4465255467424398,0.9374518110866086,0.9612800786523213,0.920403779672517,0.05168300019315485,0.9634921400616794,0.9634556434722463,0.9634921400616794,0.7855686019382582,0.41658876037401704,0.7531607502144065,0.8632376747018994,0.8320489815313964,-0.5527431772135865,-0.6864459009785034,-0.3012656334461941,0.8695265790116882,0.062300790064697985,0.9039808203202838,0.9040315227818421,0.8621710954503364,0.857075574843959,0.8872255118382362,0.865281268185454,0.8792453502392045,0.8800522296374157,0.8792453502392045,0.8065635409710573,0.785314764140391,0.7874099703176264,0.785314764140391,0.8576306509586638,0.8771679347640535,0.8557786342690449,0.8565509489423663,0.8557786342690449,0.6289968817783548,0.5488502229118043,0.6303115600149132,-0.40600998480747147,0.6516969349978124,0.6722051700066584,0.6752416753057925,0.6722051700066584,-0.26901752157970893,0.8624636663297978,0.9224560399482117,0.880118962162376,0.8779178242273953,0.1690077882777293,0.8546726189656543,0.8559930775970017,0.8546726189656543,0.8661248018778216,0.8661248018778216,0.013782525546545573,0.3068421064900061,-0.09078813396192867,-0.5213480638996566,-0.4037646007728494,-0.4057662406595962,0.050437727655973756,0.39117157396320745,0.09099121123410284,-0.04574313873649028,-0.3741457719183713,-0.004796241654220537,-0.8108636028715887,-0.16649073282300458,0.2797188579914495,0.27889925022653717,-0.36502178455801465,-0.43892769106800106,-0.32056069348544763,-0.32679220103810286,-0.6841653223457085,-0.34155235228273023,-0.3436202552647761,-0.34155235228273023,-0.06958649140840985,-0.35964208026692934,-0.35964208026692934,-0.5389216019520096,-0.5389216019520096,0.5637750783276906,0.6706198891786154,0.7601974266103779,0.6715010222642803,0.8367680012838297,-0.4498143690097231,0.3854634591144213,0.560578091003491,0.5608571788551366,0.560578091003491,-0.22821758219533067],[0.9825967089199955,0.9806056756381295,0.9966722184464304,0.9874535505680627,0.9954561469305765,0.9825967089199955,0.9996024729954833,0.9983364724223135,0.9995510385644649,0.9260172939352048,1.0,0.9995999181678066,0.9995962215990953,0.9995526771683559,0.9216944065777624,0.9013494342292239,-0.39291828001430146,0.9997436008817694,0.9997474636600643,0.9996068712270305,0.9996068020882728,-0.25904647717873514,0.9630361107302783,0.9926663812505315,0.9926403925935551,0.9893758296759331,0.03378207785662268,0.08369111916139449,0.9894864744499037,0.9895395403600341,0.9723645268615395,0.021471136243479162,0.9987427392173921,0.998685805719332,0.9985022356225274,0.9992587155340485,0.9992196229825449,0.9987462982665878,0.9108757987050862,-0.40311428736608157,0.9984400923969018,0.9984510631069723,0.9984400923969018,0.9036828897622069,0.47381763313178543,0.9155539217650378,0.8896220245323975,0.6923674571480276,-0.531445619758594,-0.6555249861493303,0.7934169686611705,0.8076418296429525,-0.297511884906172,0.9221479592126681,0.9223483783410843,0.8580606436115812,0.8676103735715641,0.8351713265587924,0.8377479251194561,0.84423340019976,0.8451528719112027,0.84423340019976,0.6739585600119126,0.6286557994640019,0.6313532641930255,0.6286557994640019,0.8683699450812377,0.8772656256084864,0.8669684274286318,0.8684130191534458,0.8669684274286318,0.32427111760885735,0.2540422196489837,0.3816499112801436,0.5055341684915008,0.3774214719885164,0.4244799719220057,0.42710180841842255,0.4244799719220057,-0.41235733253090034,0.7806863697994052,0.8306102246581036,0.810978498691444,0.8667684257976351,-0.15854572884024065,0.7737612257591464,0.774298237568933,0.7737612257591464,0.7879616401049411,0.7879616401049411,-0.3049516247961691,0.6844787265425794,-0.3967891524889721,-0.7042631554398305,-0.5474913117459143,-0.5498333620432274,-0.3721247060551459,0.1613912603633669,-0.2768586757300358,-0.45379086563137566,-0.6496556847229926,-0.35499855057744084,-0.6212310471002964,-0.42096401661291644,0.03247802630488724,0.028837115015136344,-0.5657869735367715,-0.5311671371609901,-0.5501451965300246,-0.5843170290264756,-0.5784982509529811,-0.5533343869496149,-0.5563592949628504,-0.5533343869496149,-0.4395431586810273,-0.6063207333156787,-0.6063207333156787,-0.6072372415114672,-0.6072372415114672,0.35906344212149643,0.3539071633243938,0.47050623135317027,0.5526308227610951,0.5496158621231599,-0.5538942091347134,0.29424500736029724,0.31276087289442234,0.3129238321979308,0.31276087289442234,0.21725579948767573],[0.991026368894515,0.9787523373818142,0.566202330998009,0.9925915123199873,0.9968351209075146,0.991026368894515,0.9999962220124754,0.9980204377586082,0.9999693993507042,0.9523480573831367,0.9995999181678066,1.0,-0.14319587931535765,0.9999944328677917,0.9885581111566971,0.9822889208038653,0.3774782099694627,0.9998409370160176,0.9998410319180957,0.9886976711607167,0.9999970543633702,0.34550114822685485,0.6758710479330973,0.9898544870503494,0.9847346906844774,0.9864829272014327,0.23049375039763528,-0.18591536376752157,0.9920789270800884,0.9918315026576138,0.1725921007898783,-0.2501604779610876,0.9993009587651814,0.9993965292124369,0.3590577924722051,-0.32681374006487823,0.9987251466666065,0.999318838455127,0.9855652826338732,0.3577845750126532,0.9327447535782617,0.9990305822184996,0.9327447535782617,0.9102849270067351,0.6204832834015699,0.9206469229289248,0.892943076487325,0.6918369102713915,0.41347830198560526,-0.08391484775149219,-0.2099735529628686,0.9236409808633429,0.3987420932424127,0.9683703631428164,0.9614563021035168,-0.07880988080109479,0.833873980555555,0.8051835220969114,0.8525015059100991,0.7986511310882611,0.7655376078125399,0.7986511310882611,0.764474132443854,0.7659066648105325,0.7632587802461509,0.7659066648105325,0.840148022455601,0.3157383133327174,0.5316891590706156,0.6123977501993797,0.5316891590706156,0.532071102957347,-0.36052126431152526,0.494150433701861,-0.6605394417865672,0.412823766673295,-0.12660436982947515,0.37481552296788806,-0.12660436982947515,-0.15395219433986648,0.8156971467285093,0.8266277011423231,0.815209523972506,0.7386227356371781,0.37152984457986393,0.8184496078090224,0.8203479972411224,0.8184496078090224,0.7269295515457632,0.7269295515457632,-0.24257401178318605,0.6931938504120327,0.2530754001170475,-0.5984977035396306,-0.6154317153788261,-0.6184733270947704,-0.11019646394469809,0.005875060888113373,0.35388940589987156,0.07552466547917201,-0.43708901389492166,0.09645021380708126,-0.8267459436661964,-0.12666996053231985,0.044998826105083406,0.04526507313366401,-0.5971006941237805,-0.6065497552007713,-0.058312874901971866,-0.5819413033168442,-0.8432396747750371,-0.35139503856728993,-0.17852285542925142,-0.35139503856728993,-0.27519909299479794,-0.3220820250289809,-0.3220820250289809,-0.8365200965296937,-0.8365200965296937,0.3643860253800861,0.600395745789764,0.4989110185889771,0.8069233267510336,0.7575135505374248,-0.32523710635668,0.06038621948600921,0.762777123176292,0.781331389716724,0.762777123176292,-0.1452718630521643],[-0.12566811360755578,0.9787138975069039,0.5132680870933981,-0.1299455901644525,-0.3385892794541508,-0.12566811360755578,-0.14353026231922425,-0.1527707163180898,-0.31450508764484375,-0.2516338872556085,0.9995962215990953,-0.14319587931535765,1.0,-0.14257560753785234,-0.14455381502031955,-0.12088608553534887,-0.2941099595429458,-0.14401310723724467,-0.14449830424333726,-0.2659422137114908,-0.14409582867678325,0.026686265953553584,0.30940245889903645,-0.1769626611010289,-0.1772979877211329,0.9864627729328074,0.2494938830957817,0.18658559052530663,-0.18039791886292778,-0.18101137157990388,0.5378121835344958,0.12115643207587949,-0.14145166249537522,-0.299954862837509,0.16913623943740144,0.9589628067070651,0.9987234934349274,-0.3312013538221656,-0.14228224034679407,-0.28404011356162645,-0.14177540916158635,-0.14268573680121063,-0.14177540916158635,0.9103645356203331,-0.11742966005210413,0.9206212780644673,0.8928898123771394,0.6918235944071183,0.08455517025948495,0.25306514819133064,0.6446930607533632,-0.26282842329859163,-0.2972986944662455,-0.06198667310774423,-0.29665651215642824,0.0329031700220854,0.2866835893641652,-0.015328203089770221,-0.2952002827730134,-0.013094207605956223,-0.003408951363116601,-0.013094207605956223,-0.40045971148906884,-0.10076764878510293,-0.10287584412015868,-0.10076764878510293,-0.19395329675227724,0.07419993989475536,0.051257226568519665,0.05121778839074353,0.051257226568519665,-0.4042532663237021,0.006887554176102335,-0.36839344036220206,0.6203580532651919,-0.33672047108437025,0.009049177977930863,-0.05659988907230707,0.009049177977930863,-0.30714330506665594,-0.32960136234717446,0.8265994199004176,-0.10464826716672036,0.019736714823491857,-0.22139549468380354,-0.2533250278727152,-0.2528203151749409,-0.2533250278727152,-0.021480240802513192,-0.021480240802513192,-0.2231633314154463,0.6931249753310584,-0.1615551836068482,-0.024007214643994742,0.19522697649463797,0.1937896665249042,-0.25262390069154184,-0.0076483320119610275,0.019632953970917116,-0.17556146829752273,-0.11424818807128737,0.04082439193723806,0.3816094211138617,0.11239703931790579,-0.038927738186799225,-0.04286979459385539,0.08361569613563598,0.5686180414445944,0.09044548027010332,-0.198295206912537,0.6100399476344955,0.09409952761120131,0.1022180944119374,0.09409952761120131,-0.2396719350162571,-0.197855554944662,-0.197855554944662,0.3211516224117534,0.3211516224117534,0.364493392347508,-0.24989936554852016,0.019305770092313053,0.09303497354554019,-0.24473870188155478,0.07050623680583479,0.15503200080293755,0.10632801581652206,0.10624033301603783,0.10632801581652206,0.12530984374988258],[0.9910905312611142,0.9785388937250961,0.5665250456822921,0.9926281788977505,0.996866107267357,0.9910905312611142,0.9999925751898324,0.9990229659690826,0.9999738769842004,0.9520061198436618,0.9995526771683559,0.9999944328677917,-0.14257560753785234,1.0,0.9878470873857087,0.9808968507457292,0.3775907523699107,0.9998439545300337,0.9998439658690182,0.9888554037410665,0.9999944455154638,0.3461870730278987,0.675716400445748,0.9933350214656673,0.9932246144349283,0.9863669699609163,0.23078128637857515,-0.18595886182077073,0.9928276655544599,0.992873003626414,0.17338382682065848,-0.24998774202848437,0.999350912231624,0.9993954973330277,0.35800122627821945,-0.3259557195798435,0.9986642784482332,0.9993219017185159,0.9856545939608038,0.3579222111162396,0.9322335045074135,0.9990863526955243,0.9322335045074135,0.9105617128343968,0.6212145295234324,0.9209924761292311,0.8932967030087732,0.6915263112634754,0.41489459470878126,-0.08229836712368016,-0.21017759615829293,0.9240366666427773,0.39902772721498897,0.9687893065589213,0.9618180347025118,-0.07984036474582636,0.8341596818359066,0.8051045636378209,0.8527626623858342,0.7986127676220334,0.7651324559794299,0.7986127676220334,0.7646728216844456,0.7658616774247459,0.7636768486463338,0.7658616774247459,0.8404991854969497,0.3150500932760982,0.5311726683698188,0.6124289065538112,0.5311726683698188,0.5319030372079667,-0.36170556933812353,0.4940539701426379,-0.6606931004547915,0.41243133487705064,-0.12762076856536486,0.37446487595805067,-0.12762076856536486,-0.15389543540127362,0.8158352291322075,0.826243204542101,0.8153140399675394,0.7289445666805651,0.37191397929720954,0.8185751213006288,0.8204625005173172,0.8185751213006288,0.7267367730075426,0.7267367730075426,-0.2442079219600048,0.6940822178239647,0.2535869664558671,-0.5984860196226597,-0.6158184869219163,-0.6188647300807438,-0.11138625102801426,0.004608180655203635,0.3541947875378215,0.07506469195384681,-0.437360249341986,0.09652704899164237,-0.8258665988691123,-0.126511611944539,0.04394750875245261,0.0442082834744463,-0.5977463359881269,-0.6068363546513786,-0.05772544746582875,-0.5833058885689455,-0.8432276867730086,-0.35133124290940737,-0.1779575125861513,-0.35133124290940737,-0.2762126673093416,-0.32256869344275674,-0.32256869344275674,-0.8368688148607144,-0.8368688148607144,0.36455178532283067,0.6000640509077911,0.49835876979083166,0.8073716335448874,0.7569438662254121,-0.3247557495150695,0.059703348055521285,0.7631787497363214,0.7819388762836428,0.7631787497363214,-0.144945263187287],[0.974713706955378,0.8879691811287768,0.5514834574158022,0.9761369313908587,0.9715264730969398,0.974713706955378,0.9885678944038739,0.9872092509205942,0.9777976386029993,0.9137549803830952,0.9216944065777624,0.9885581111566971,-0.14455381502031955,0.9878470873857087,1.0,0.9973140999559004,0.3912098024754113,0.9861793815637584,0.9861814718013896,0.9703219594031177,0.987760715936217,0.342610977628844,0.6522132403326225,0.9804802764736786,0.9713662117670657,0.8104126682981542,0.22063476076288024,-0.1877457441581632,0.9831914508820484,0.9830039124533633,0.16824551464559928,-0.2560161654182785,0.9877666562633981,0.9792591554937939,0.34530258542901654,-0.322541519084806,0.9238761414010415,0.9765674855815323,0.9985252545202763,0.37187278769287324,0.9182344412832785,0.9875499828530465,0.9182344412832785,0.835773934569927,0.6176645433146379,0.7344644476072923,0.7062444119943182,0.634187767634552,0.4156501399272812,-0.07550515501000458,-0.21141351092234179,0.9103509015751762,0.40355328376735516,0.9598686420764825,0.9437549182456093,-0.08788262933647246,0.768427060310124,0.7887343390518953,0.8199131133933693,0.7817399133470294,0.7572055216264483,0.7817399133470294,0.725531889530366,0.7521984352769513,0.7559646094605644,0.7521984352769513,0.8010826932652481,0.3030320056079299,0.5162781960116594,0.6031271388281655,0.5162781960116594,0.5121603877587014,-0.3644352815884704,0.47139189379092505,-0.6585872494638393,0.3927502262153544,-0.13182037349736214,0.36415051434166884,-0.13182037349736214,-0.15429938533057463,0.7839404413958792,0.743480944097168,0.761977250767228,0.7304428274165237,0.3894792746568359,0.7924502415692937,0.795036587548848,0.7924502415692937,0.7102269251929247,0.7102269251929247,-0.24769144002090993,0.594287935239774,0.25151813011828633,-0.562351933000865,-0.607062170937732,-0.6098661220515248,-0.10255352654501176,-0.008169886613891154,0.35797194190510223,0.08796205425812358,-0.403845941938565,0.10307167885064222,-0.8170773283862814,-0.11775315654249593,0.031142175453280598,0.03197069435031136,-0.5869864462702852,-0.5945915178814569,-0.04884031576275575,-0.559201202445764,-0.8359826884277237,-0.3414438035193748,-0.16894294473527832,-0.3414438035193748,-0.2670447716241091,-0.31078150029788143,-0.31078150029788143,-0.8301193539695073,-0.8301193539695073,0.3022876535665336,0.5876695995645069,0.4930739395045624,0.8031480745886325,0.7397700564107703,-0.3132889351348538,0.056854728585115324,0.7614827572987417,0.7813955828701867,0.7614827572987417,-0.14313562770179702],[0.9710847633931383,0.8750907941951473,0.5827939023678603,0.972507272193232,0.9631970295138109,0.9710847633931383,0.9824114957223502,0.9747128078752791,0.9675386011210425,0.9028584697305955,0.9013494342292239,0.9822889208038653,-0.12088608553534887,0.9808968507457292,0.9973140999559004,1.0,0.384536519057916,0.9788969172215768,0.978894992073637,0.9583394763100078,0.9807437901437666,0.35803465141518603,0.6680803093427553,0.9586436577110032,0.9625279903705185,0.7771865552140014,0.24407367483027376,-0.16321071255115624,0.9818208649198317,0.9761362269016249,0.20254911250174534,-0.2291784059759832,0.981521775627923,0.9696215124741652,0.3721033297016067,-0.29225442579169963,0.904729602246349,0.9666555932572588,0.9971255955021044,0.3657356266979963,0.9159934238020787,0.981435176170377,0.9159934238020787,0.8087131425739429,0.621397996979954,0.6986181845796383,0.6816196806840599,0.64224808881609,0.40945864313423513,-0.07039937290061082,-0.21646646425589547,0.9033263329033488,0.3923842568790347,0.9548005871852582,0.9352549809313893,-0.0983095051580135,0.7754945575529633,0.8087312675974427,0.8279730065661761,0.8003759159122034,0.7855888043611869,0.8003759159122034,0.7315877237417373,0.7695267249989798,0.7808093835209574,0.7695267249989798,0.8106245799534137,0.34592718622139984,0.5498109241700477,0.6404359561335287,0.5498109241700477,0.5256177363073568,-0.3535420790227648,0.48965787807707606,-0.6184958717465153,0.41318997980173133,-0.09390130964221717,0.39738636493587964,-0.09390130964221717,-0.15317856886578138,0.7942221238522398,0.7473097846068166,0.768535045391268,0.7627902089609472,0.38819492735348965,0.8031356544971658,0.805581661171465,0.8031356544971658,0.7362665813634385,0.7362665813634385,-0.22336929788271395,0.5402510107088204,0.2244686014222474,-0.5682868947365616,-0.5953075122398036,-0.598228034588449,-0.09944577736544236,0.013617059087142664,0.3571867631001938,0.08347036883795084,-0.41051280682031416,0.10501120232859829,-0.7999162642437602,-0.11282182991502977,0.05077173674169208,0.05130773898599019,-0.5766235587689474,-0.5631782351775104,-0.04955270939629533,-0.5304978794460725,-0.81487