var config = { responsive: true }

var correlationAdjClose = {"data": [{"type": "heatmap", "z": [[1.0, 0.9999928561272742, 0.9835674968426734, 0.9999203455744119, 0.9987970574396817, 0.9887764459834832, 0.9972851659641399, 0.9948332489800702, 0.9951060245916721, 0.9803703437047143, 0.9908510656351157, 0.9949896918054358, 0.9941482689645234, 0.994892644422228, 0.9950465828731451, 0.9962869197253789, 0.9980801226356407, 0.9956762535912936, 0.9956937563697082, 0.9956956327247357, 0.994937492967807, 0.9843981586893275, 0.9668376764984536, 0.9867456754027872, 0.9855029566418932, 0.9771464878414962, 0.9604655644868487, 0.9389562815339926, 0.9947758342188626, 0.9946978431922966, 0.9918551322273204, 0.975282578848218, 0.9971938912902811, 0.9975222391072063, 0.996831380450761, 0.9950598775709423, 0.9944408288524911, 0.9973462432910563, 0.9974200974538108, 0.9986240502742885, 0.9971281655417478, 0.9971433777767201, 0.9752893045452726, 0.9309155250431562, 0.7733373950951757, 0.9104079147912186, 0.9364012075647145, 0.8618567693038102, 0.9725718117268017, 0.9446705836157219, 0.9736465685251037, 0.9695479949419784, 0.965368440441329, 0.9867010184825025, 0.9830247710091109, 0.982701171814836, 0.9753307673911927, 0.9846646897255336, 0.9819549440041703, 0.9853488536071408, 0.9850974839355049, 0.9621967603659051, 0.9633367402177322, 0.9702357467430078, 0.9699602252537166, 0.9405603695544181, 0.974010666328669, 0.9722987661514155, 0.9807165779160758, 0.9797288119015675, 0.9327026196900482, 0.8489097072178251, 0.8173302971641845, 0.8677780264330337, 0.896921400698667, 0.8905255528150382, 0.8958285301207227, 0.8945892551144775, 0.5996368676810092, -0.5113662257590984, 0.9740516101244803, 0.9628906376393226, 0.9593765479746653, 0.9836737934371876, 0.9515596476945011, 0.9796140244716031, 0.9795744364419031, 0.9400616949117224, 0.9800427205448694, 0.9452185213299146, 0.5779535296358995, 0.8264613488940832, 0.910206749142223, 0.16046791192920173, 0.9120304175585557, 0.9345925291492423, 0.8008494338627385, 0.9531726145159091, 0.895798704110131, 0.6816438390275946, 0.551256987123239, 0.8912061671190421, 0.8596414081383964, 0.8870929620293181, 0.9649237006351226, 0.9652285719452702, 0.737477768493805, 0.6946256179050657, 0.8280123876156141, 0.3230708050839383, 0.7945651990493923, 0.8335396820571724, 0.8198848047237254, 0.8183850170844447, 0.7249677002657688, 0.7338427476278361, 0.713014867006774, -0.2185455507180507, -0.3509232098983456, 0.6042343124836332, 0.9009544904214423, 0.947748061572652, 0.9507822568589238, 0.9190450643460589, 0.8270354248246241, 0.9187506029475805, 0.9413022436258826, 0.9410750720519285, 0.8771257324256321], [0.9999928561272742, 1.0, 0.9793283516453616, 0.9997440556324683, 0.9970665148866373, 0.9894569828814357, 0.9920772915621129, 0.9866923249206633, 0.9867492623440358, 0.9662945272803278, 0.9895442347853476, 0.9870081624683968, 0.9867828110575486, 0.9868406403531339, 0.9869516640659513, 0.9925300957891794, 0.9946499670790583, 0.9907437511043758, 0.9907455232110408, 0.9868358667572444, 0.9869079456979544, 0.9869668686105434, 0.9597103251265761, 0.981586227844594, 0.981052132592255, 0.9769819324244429, 0.9695894533391575, 0.9058896928529043, 0.9881332255489125, 0.9827285885003815, 0.9770546652492217, 0.9128360651855673, 0.9940588199472618, 0.9938304674663966, 0.994167011093596, 0.9884393422185442, 0.9934378827789719, 0.9941317633240913, 0.9945073476291697, 0.9964390252186547, 0.9941800069810856, 0.9941911658229781, 0.9836307464398785, 0.9306685382140321, 0.6749248664322294, 0.9106245973779334, 0.9375951354650385, 0.861969402988546, 0.8995298452140642, 0.9168452640951316, 0.9033393878874185, 0.9132517897363776, 0.8985846601501846, 0.9582719855068932, 0.958140507409758, 0.9704405942358962, 0.9751945356018279, 0.9670961335106085, 0.9670865411521384, 0.970410340423545, 0.9703169943795843, 0.9245370546240457, 0.9332074210688502, 0.8935210010202475, 0.8934884693720337, 0.7731610418821159, 0.9648299934479121, 0.9675185540237494, 0.9679059678403588, 0.967340613360444, 0.9211111735651609, 0.6040274414182694, 0.542272339488041, 0.7077790502364235, 0.8100242498613016, 0.7275173561478013, 0.7724676432959604, 0.7707905748717558, 0.5308791553073657, -0.25172682460834894, 0.9477389453369031, 0.9568275601284971, 0.9473929237044761, 0.9716497826434748, 0.9183295786750622, 0.9534409831274475, 0.952251822391949, 0.8818723893360582, 0.9573074275954209, 0.8893471022064917, 0.34989420181422926, 0.8258247234116214, 0.8313686220417456, -0.2755956010482719, 0.560671031593547, 0.6801912003313575, 0.605165257897969, 0.948677861509409, 0.6284774164353171, -0.16041314683291086, -0.02128403965118823, 0.5941909162273779, 0.6045082882139753, 0.6506385792534943, 0.9508195262616663, 0.950607895500454, -0.11953001604837168, 0.10307020421841027, -0.050249491494415016, -0.07028642708842708, -0.043347155654238544, -0.02755307558334579, -0.05846767162970047, -0.0941693573423807, 0.2553840348697729, 0.021101111573440825, -0.023457098690535298, -0.4543135621143932, -0.4804478640296171, 0.6047734890430883, 0.7412837895618285, 0.7617111249568156, 0.8248900803773919, 0.8178072621313556, 0.5159795349492161, 0.7262389270393558, 0.761743822784279, 0.7602821683793682, 0.41847147530585005], [0.9835674968426734, 0.9793283516453616, 1.0, 0.9850391186772615, 0.9920567061437966, 0.988928981365371, 0.9904876163118062, 0.9907354302957457, 0.994104490423171, 0.9530512464854132, 0.9965324718890999, 0.9906468930987963, 0.99262848284053, 0.990805119378888, 0.9907016064229581, 0.991263971062726, 0.9891189271686, 0.9892099753919709, 0.9891738080939869, 0.9925908986573877, 0.9906637560911126, 0.9929059267928861, 0.9774768829618794, 0.990031509787294, 0.9903877250715717, 0.9747424277107155, 0.9801667947480497, 0.9434720066944147, 0.9738480853841832, 0.9767841665508286, 0.9786383508361248, 0.9505344577168127, 0.987664262127886, 0.9908113891629318, 0.9889806313250469, 0.9928755281510889, 0.9941150206097031, 0.9917990506055524, 0.9870007679365813, 0.9871984947924161, 0.9879373384006225, 0.9872822594783436, 0.9896176767805575, 0.9301812316908495, 0.7160638608950259, 0.9362258820106538, 0.9179461120047995, 0.7609557280519694, 0.9334676015123995, 0.8993656050399874, 0.9345755471638065, 0.9294738772023169, 0.9231221108177258, 0.9538799548730872, 0.9606367143302199, 0.9252415223851257, 0.9402124190588703, 0.9489112967483371, 0.9538776743340533, 0.9496794487863035, 0.9237881899996214, 0.8834680021269297, 0.9165176900031243, 0.920249335421732, 0.9045575604823667, 0.8513699220579062, 0.9540935844691282, 0.9300571451103423, 0.9493060451738016, 0.9270412857233288, 0.7409124263978003, 0.7830524385655029, 0.7239080091739395, 0.8035575634282726, 0.8528141762808572, 0.8487361906531248, 0.8236945855935249, 0.8370976287402916, 0.2727567317350006, -0.5176516973067983, 0.938256795986652, 0.9033554483662185, 0.9103393173930544, 0.925894936552285, 0.9089267675647709, 0.944822293858137, 0.9445151327366332, 0.899385136323679, 0.9419926077946539, 0.8169529321952509, 0.5451138699876272, 0.9187443065840142, 0.9280612684334177, 0.07487908416541611, 0.8885354538134747, 0.9144035688168283, 0.7855791502723626, 0.9753069911508899, 0.777817550786688, 0.5912974335740527, 0.48041068560539085, 0.7834004058852839, 0.7833537939537415, 0.7717860701295974, 0.9794690965099309, 0.9795419450929219, 0.6533730582646622, 0.6245130279474344, 0.7150761731050032, 0.24745277833546467, 0.6872062738676896, 0.7120399493742727, 0.7283492189864154, 0.7088202750218608, 0.6732296090139798, 0.6551635238925453, 0.6322008696096406, -0.2982503258087331, -0.429705382438953, 0.5498041066682301, 0.858518745806636, 0.8979189073378657, 0.897886299607185, 0.89055837116197, 0.7543158644175575, 0.8718833701097409, 0.8863047788725048, 0.8955564725836249, 0.7405569020695688], [0.9999203455744119, 0.9997440556324683, 0.9850391186772615, 1.0, 0.9991215696447808, 0.9896320146010742, 0.9976810949383416, 0.995404325323848, 0.9958000252724691, 0.9802554664833213, 0.9926462111238102, 0.9955437433760989, 0.9949167026276506, 0.995462031341297, 0.9955901801462341, 0.9968256370304437, 0.9984317177410051, 0.9961738726097205, 0.9961881810818983, 0.9962969734868948, 0.9954931893578581, 0.9857417153865485, 0.9682420970639951, 0.9879257182742287, 0.9867919546942524, 0.9802967530994899, 0.9626923773411813, 0.940285476321019, 0.9943822797114885, 0.9944569150410157, 0.9921072330308859, 0.9751352120601666, 0.9973993481266665, 0.9979012406855164, 0.9971956668260045, 0.9956859576888193, 0.9955341585104566, 0.9977661666450565, 0.9975685894206862, 0.9988118282345416, 0.9973230852973263, 0.9973347173809342, 0.9771404802093805, 0.9269936078716472, 0.7672193929057153, 0.9113946360778864, 0.9332066070319602, 0.8513937045882481, 0.9698250715833292, 0.9412538722648035, 0.9707814777882443, 0.9670294451774464, 0.9627195240854989, 0.9846901990042252, 0.981564030207067, 0.9806405868671114, 0.9728783567355945, 0.9828482575203792, 0.9807865060631137, 0.9834517626856627, 0.9831998457430069, 0.9463027991404902, 0.9613985335064162, 0.9684508424556808, 0.9681816886868614, 0.933241901634486, 0.9729085932817181, 0.967952651199018, 0.9785726959318292, 0.9775423555201339, 0.8997752679861045, 0.8466111132565323, 0.8121377981799901, 0.865119533309223, 0.8929077146679276, 0.8894680494019419, 0.8924716163465163, 0.8913194996383269, 0.4920228986312315, -0.5116773657368886, 0.9725198967989437, 0.9597742386842721, 0.9565740037224938, 0.9816196978772909, 0.9497114732270067, 0.9782867178101712, 0.9782533527630338, 0.9384456552769253, 0.9779982693907943, 0.9215445890868682, 0.5839791721268317, 0.8371507085393405, 0.9148047135119648, 0.16039322342493872, 0.913757829578618, 0.9360771606922481, 0.8013067887990037, 0.9547198614042309, 0.8897298714654924, 0.6789850572182607, 0.5493487501902782, 0.8862437927110962, 0.8562354200372697, 0.8817875388384246, 0.9660650380170294, 0.9663748504837859, 0.7368228884972019, 0.6952072431505656, 0.8201701247664506, 0.3255067074666089, 0.7891506353758367, 0.8254030921990642, 0.8118254531179538, 0.8132608618532855, 0.7282413754323852, 0.7342046777460404, 0.7134373005233465, -0.2138766539565022, -0.3500710843111907, 0.6019529129068242, 0.8992601771587343, 0.9461853238893831, 0.9492410928230643, 0.9181823890861955, 0.8243578030136042, 0.9169800147807591, 0.9393085974610229, 0.9392409213294092, 0.8694216271962778], [0.9987970574396817, 0.9970665148866373, 0.9920567061437966, 0.9991215696447808, 1.0, 0.9921614058842705, 0.9990699108669092, 0.9981180752754067, 0.9981702882234109, 0.9731451910413834, 0.9973373283061026, 0.9981785802919086, 0.9978951275978636, 0.9981559652175649, 0.998221496079468, 0.9984758111006846, 0.9991444478305839, 0.9985962277011802, 0.9985990968760815, 0.9982618946529705, 0.9981585274856182, 0.9930760971989513, 0.9764913246663027, 0.9930418055743505, 0.9929205900493511, 0.9847500727888038, 0.9779193372893306, 0.9442614578568004, 0.9911190939483613, 0.9929869119155115, 0.990488993999995, 0.9661902103759569, 0.9990032276206446, 0.9990204455912326, 0.9990020745515102, 0.9982987431387115, 0.9986239546606395, 0.9990970851283634, 0.9991648298343089, 0.9991663269096216, 0.9989845820134668, 0.998986883284368, 0.9879935528180178, 0.9372851213128529, 0.7440914800009856, 0.9289174411659166, 0.935152986796259, 0.8297713288589352, 0.9555740584992113, 0.9263924375547871, 0.9590349856409396, 0.9585915054247857, 0.9544329876746122, 0.9807262131695902, 0.9806700966489256, 0.9756367572941282, 0.9652845467731891, 0.9765532900313447, 0.9752874144808237, 0.9768724069110819, 0.9765506471079614, 0.9474152799538339, 0.9492349094674414, 0.9462793454233197, 0.9459249801419749, 0.894247305058144, 0.9688578612732439, 0.9655489350672314, 0.972778844771379, 0.9716785267601146, 0.9253250607178309, 0.8185740366788996, 0.7686381459643438, 0.8446132903614547, 0.8930781953710591, 0.8724600004359807, 0.88209955857178, 0.8809610948885157, 0.6482758558842617, -0.5829107533907474, 0.9637277677381659, 0.9444150578597995, 0.943157224807723, 0.9769652098613646, 0.9300775269207346, 0.9690494622856226, 0.9685170114834023, 0.9247561047085284, 0.9713954435503883, 0.9297593523117014, 0.5678415173599639, 0.8664334401554599, 0.9363998809581895, 0.047309232567595415, 0.8865058752814563, 0.9163628467466349, 0.7943014485353986, 0.9610563410449651, 0.8751657912446779, 0.5375658600512666, 0.444616370002409, 0.8616674297552659, 0.8101683970652702, 0.8624689692513982, 0.9708251975352515, 0.9710661257734954, 0.6873839180240564, 0.6736091008686077, 0.7293070440675951, 0.29710688610305025, 0.6633330592503316, 0.738097098494358, 0.7132094661870921, 0.6943180711158615, 0.7095426822704086, 0.7149775600868072, 0.6931312607692733, -0.4463584885750299, -0.5190346235667189, 0.5870041447729677, 0.8912803340215972, 0.9291447586538053, 0.93931835675606, 0.9140947849986126, 0.7975810947759735, 0.8965820339264794, 0.9223335760015577, 0.9217923036059413, 0.8024475752510126], [0.9887764459834832, 0.9894569828814357, 0.988928981365371, 0.9896320146010742, 0.9921614058842705, 1.0, 0.9893094761264782, 0.988855336914197, 0.9881261695082464, 0.9672858555681013, 0.977011025816559, 0.9888379371621375, 0.9898471900968326, 0.9889231419513729, 0.9890046457192687, 0.9918805649017384, 0.9900646478473486, 0.9898402712388296, 0.9898060290722571, 0.9875867197764084, 0.9888460011399973, 0.9962967131364516, 0.9912333741709758, 0.9881987984119306, 0.9877966920919368, 0.9616120524872519, 0.9832189507301882, 0.9649523178119832, 0.9756402510912918, 0.9785630517163832, 0.9877766554283124, 0.975951707035278, 0.9893521765953613, 0.9894192500460599, 0.9902855616604365, 0.9899267883885945, 0.980821865999397, 0.9900619398898395, 0.9896643094131278, 0.9897124329715385, 0.989449488545382, 0.9894158814457897, 0.9939080976443104, 0.8899827010587072, 0.7550580372635242, 0.8820765561732224, 0.9334784209895607, 0.8614203207902589, 0.9449193613182866, 0.9147703257020838, 0.9464003173873411, 0.9523626047661883, 0.94384659925213, 0.9658264581061842, 0.9702641852704094, 0.9646069300339034, 0.9759893762252817, 0.9661704246325348, 0.977892648688449, 0.9661720295996861, 0.9655831524245087, 0.9627948118898383, 0.9550962267965241, 0.9425671303708647, 0.9421256542910525, 0.926291761689775, 0.9745317086125473, 0.9663435649616574, 0.9653785041443589, 0.9635471603096655, 0.9420882613630083, 0.8467846136097745, 0.7987242207804373, 0.8670206797564978, 0.8874287977640637, 0.8944088983737489, 0.8788896308036686, 0.8770574814536164, 0.6182769964144991, -0.48203638566326, 0.9708907571194116, 0.9637931814341052, 0.960706794405777, 0.9658809385530692, 0.9440475621565905, 0.9719633904421543, 0.9716596624855711, 0.9476131516787311, 0.9613749793136865, 0.9477163808966808, 0.5821554786334181, 0.7910357365561815, 0.9295808589175278, 0.1576876044083604, 0.9004518986300539, 0.921525547219175, 0.798512115740687, 0.9501140314728188, 0.8487454858049475, 0.635683771071073, 0.5321397190409114, 0.8456760053116976, 0.8187963651390332, 0.8421585758351234, 0.9526852189586148, 0.952832944171557, 0.7026613808150435, 0.6772946698898484, 0.7674016815974875, 0.3269730583714586, 0.7441837827809712, 0.7748578847026544, 0.7604273274057748, 0.7633645757334179, 0.7159634835004338, 0.7073612408898771, 0.6886912863128671, -0.24481273769718315, -0.3686147160475129, 0.6393173190503681, 0.8909669344944546, 0.9091123482631712, 0.9159036710038282, 0.9029711352840994, 0.8027654341865136, 0.8772796366584488, 0.900920630673824, 0.9008185642654138, 0.8484701355645576], [0.9972851659641399, 0.9920772915621129, 0.9904876163118062, 0.9976810949383416, 0.9990699108669092, 0.9893094761264782, 1.0, 0.9969702280116346, 0.9995120089836096, 0.9711761954274899, 0.9993901187762804, 0.9979904025917985, 0.9990411244514072, 0.9989416636444739, 0.9986947199863989, 0.9980059775372353, 0.9998663398832128, 0.9991973662017783, 0.9992032198048804, 0.9996311257619876, 0.9991644178717609, 0.9903532280330049, 0.9728213377524441, 0.9831291283031804, 0.9919231582745013, 0.9834951981274911, 0.9696110155587468, 0.9386637397908721, 0.9926038102647201, 0.9916334260505282, 0.9930051661121736, 0.971098630239009, 0.9987313188858221, 0.9998001037988427, 0.999589550462039, 0.9993558777998592, 0.9996026953004649, 0.999832951936743, 0.9977335295319906, 0.9995848674059874, 0.9992136429993458, 0.9987901289166011, 0.9829758605056674, 0.9383476151043552, 0.7551851313351816, 0.9351945670286032, 0.934753192682988, 0.8142144468296798, 0.962274418024915, 0.9400234636009223, 0.963148959170835, 0.9609930650542213, 0.9573183827896681, 0.9822487124991571, 0.9800446724651561, 0.9352063697430856, 0.9510559367864516, 0.9657446898009954, 0.9662186903661106, 0.9677474105173968, 0.9359149481723773, 0.879018748056758, 0.9380986524423809, 0.9522396973396049, 0.9289005168222177, 0.8663561829629142, 0.9575533912223835, 0.9231564904235133, 0.9588805953893063, 0.9352864666970506, 0.7056119216228389, 0.8125804057804856, 0.746057682800974, 0.8293553622956776, 0.8601137400079908, 0.8632911894839386, 0.8449982990590812, 0.8574039529253374, 0.22714956016803503, -0.5483480583057044, 0.9534227503143984, 0.9265100989733381, 0.9274326135428855, 0.9380374462451219, 0.931194085047822, 0.9626114450440636, 0.9627042282368261, 0.9155242290019596, 0.9586431654333348, 0.8023504813060971, 0.5663334369732856, 0.8728396521832996, 0.9139391962571555, 0.13812001934403909, 0.9114180246975196, 0.9349802341406476, 0.7945986381277904, 0.9616795419959024, 0.8300301272904738, 0.6639575745890023, 0.5332904190439497, 0.8414291040725221, 0.8333779152243684, 0.8267755620351339, 0.9717434511179064, 0.9720581699823782, 0.720664594678627, 0.668598331676832, 0.7842607472296924, 0.29157736217932867, 0.7643870099263669, 0.7936257482253516, 0.7851200533450602, 0.7902603356836108, 0.7049123760684357, 0.7188375376026154, 0.6961606650214334, -0.23528035124496766, -0.3785805478820214, 0.607368813871749, 0.8909153196243673, 0.9313494496080378, 0.9462001926055497, 0.9159553039250131, 0.8212386566605745, 0.9155220940940999, 0.9378965120799588, 0.9372563548042272, 0.7740199420161711], [0.9948332489800702, 0.9866923249206633, 0.9907354302957457, 0.995404325323848, 0.9981180752754067, 0.988855336914197, 0.9969702280116346, 1.0, 0.9999831380494005, 0.9649030381874104, 0.9995873365462941, 0.9999968556194796, 0.9996392966575695, 0.9999976661958168, 0.9999803173833034, 0.99618221356918, 0.999062241202854, 0.9998771075620375, 0.9998769467975096, 0.9999527438974889, 0.9999941714944199, 0.9905447091946039, 0.9737629853275425, 0.9911370718374588, 0.992391599194201, 0.9796470306422282, 0.9718083333245703, 0.9371400166599614, 0.9889779788596871, 0.9944608346795742, 0.9918097795398921, 0.967830775787642, 0.9994238666076901, 0.9994677457823847, 0.9996088973771519, 0.999656066839941, 0.9986098111808596, 0.9993643943728594, 0.9990807382483184, 0.9983390183777234, 0.9994946668197445, 0.9993527487362537, 0.9842534150350567, 0.9403198455237508, 0.7424949011611286, 0.9450900223242398, 0.9344424010524852, 0.7920881612905497, 0.9612444368689504, 0.9351400566303631, 0.9617693325879505, 0.954733124543594, 0.9511799790133402, 0.9804575668292443, 0.9768724371647931, 0.9288380255414853, 0.9430254022718018, 0.9567193704245087, 0.9611552268700292, 0.9593005067869453, 0.9337808313653693, 0.8659497281292668, 0.930906562443963, 0.9437217415062908, 0.9225533507327779, 0.8494073629556187, 0.9526982321547716, 0.9144457837564297, 0.9511567099243254, 0.929262003663457, 0.6857233336582864, 0.8013345460645104, 0.740897229599218, 0.8179303996202374, 0.8500075180335893, 0.8562472274704843, 0.8393278271618948, 0.8483960742616216, 0.204377881739944, -0.5559862171469264, 0.9467903484210135, 0.9134477108402743, 0.9169384588021693, 0.9355892406541123, 0.9219962517698336, 0.9562788788133414, 0.9563931268944921, 0.9064691410570636, 0.9491047721463188, 0.7846091537544722, 0.5595240754419832, 0.8978574981031013, 0.9274503840012566, 0.12258916606769509, 0.9099512473806934, 0.9339677774329939, 0.7915806242622324, 0.9666545753792506, 0.8347154303862638, 0.6505025787638227, 0.5216093713186624, 0.8434691937025418, 0.8306198427314623, 0.8310691457173067, 0.9748995506097325, 0.9752105224432613, 0.7103207176865707, 0.6589433298207364, 0.7870956266135436, 0.2751775366037746, 0.7595184606439954, 0.7898193871221506, 0.7872271223929024, 0.7851731191851986, 0.6963893302908205, 0.7120703538101936, 0.6886230566745423, -0.2533368776676593, -0.39574640339231604, 0.585653475676309, 0.882027397821432, 0.9294594139525113, 0.9385048391240636, 0.9093377300936568, 0.8093829699629731, 0.909114023147686, 0.9317133836732235, 0.9313437544902349, 0.7528279611372323], [0.9951060245916721, 0.9867492623440358, 0.994104490423171, 0.9958000252724691, 0.9981702882234109, 0.9881261695082464, 0.9995120089836096, 0.9999831380494005, 1.0, 0.9641934134684906, 0.9995857093520087, 0.9999809574548878, 0.999821156215875, 0.9999894294151798, 0.99999650341847, 0.9989120857024505, 0.9990242539830654, 0.9998052718592986, 0.9998045575680864, 0.9999652317931608, 0.9999818095021165, 0.9932848525268938, 0.9749575158498457, 0.9944855239750762, 0.9946534852090972, 0.9796804214130854, 0.9760894020650978, 0.938481955632998, 0.989490197505816, 0.9934650068880397, 0.9888858690115828, 0.9632629622526575, 0.999331771365615, 0.9994110938735354, 0.999405827260288, 0.9998223329145144, 0.998625274478457, 0.9993612248194639, 0.9992995392168492, 0.9983288297014633, 0.9993236448838182, 0.9993184076621425, 0.9885118996901446, 0.9405805708237576, 0.7435454011075545, 0.9457460999095155, 0.9356786482954126, 0.7923509403096788, 0.9504368187300254, 0.9210808441493138, 0.9534564348917552, 0.9523443946889014, 0.9488252248236073, 0.9776328815623834, 0.9770623711230739, 0.9631709209011872, 0.9435018206989276, 0.9640285616182366, 0.9611797123379922, 0.9644517996772236, 0.9640593612755757, 0.9326084616451198, 0.9301249714524154, 0.9340385848470023, 0.9336449341810605, 0.8808261886935639, 0.9530112384550683, 0.9544592083100562, 0.9608708338476789, 0.9594886886481664, 0.9101443594392302, 0.8005516057808333, 0.7444050422566083, 0.8172247100607426, 0.8714552605577944, 0.8541492816495273, 0.8624077427135863, 0.8613853082725821, 0.5892363608111607, -0.6194876833368139, 0.9466789016147763, 0.9134938550935153, 0.9170066920316127, 0.9647478501408664, 0.912278225678592, 0.9556792122736308, 0.9550830846288028, 0.9072570477962065, 0.9583053355694133, 0.9125814065535723, 0.5573854645351328, 0.8975605347170309, 0.9443083148210764, 0.060119932023260415, 0.8939387565984731, 0.9228489422325573, 0.7906072315069197, 0.9651510086095991, 0.8817162092293575, 0.5616272374647853, 0.4635546392697933, 0.8688174959109429, 0.8185063237579681, 0.8703525883577153, 0.9747981866549267, 0.9750880652150545, 0.7081801336827367, 0.6558917239938062, 0.7456306418262922, 0.27271987194002556, 0.6814732270346923, 0.75369539095848, 0.7308329386960438, 0.7125421798032456, 0.6934843686691418, 0.7086308395743178, 0.6851418717995656, -0.49790023558963925, -0.5725570603163218, 0.5859440145051298, 0.8809340701021767, 0.9277425402315534, 0.9391442140323224, 0.9083320840777257, 0.8039512705170483, 0.8964051874704403, 0.9210226017193962, 0.9204440728193235, 0.8107730197673351], [0.9803703437047143, 0.9662945272803278, 0.9530512464854132, 0.9802554664833213, 0.9731451910413834, 0.9672858555681013, 0.9711761954274899, 0.9649030381874104, 0.9641934134684906, 1.0, 0.9474703286450133, 0.9652954901574402, 0.9641565239154541, 0.9650199409952972, 0.9645692754130173, 0.9664510673242358, 0.9752889752241587, 0.9699557156094001, 0.9699613062263508, 0.9650761665443708, 0.965156474059332, 0.9645457617324846, 0.9497696976757237, 0.9721210222378258, 0.9699775173644679, 0.8776006291802183, 0.9679275225768255, 0.9483142986337785, 0.9742314587382024, 0.968073343059329, 0.9677465713726506, 0.9316311945711938, 0.9736698087465475, 0.973224098987215, 0.9737324211023665, 0.9652361209219597, 0.9558357759796735, 0.9727112682392578, 0.9735540314466956, 0.9775308987422319, 0.9738703648995685, 0.973888411400789, 0.955263697103922, 0.8386969959456745, 0.5653934923107659, 0.7754587196115443, 0.8994446023688369, 0.883234336080192, 0.902460939533488, 0.8170792438149884, 0.9069305225243958, 0.914091716744111, 0.904287745465184, 0.9279113059952432, 0.9277543581544225, 0.945912943186233, 0.9376012402778209, 0.9560282468368559, 0.949747444837657, 0.9542493460996202, 0.9542745655963879, 0.9136024144381971, 0.9511376158251426, 0.9331957184271692, 0.9328478783419658, 0.8471241445927329, 0.937847730978099, 0.9464824168980578, 0.9392210288655847, 0.938259784629855, 0.8894317660808135, 0.8087894824199369, 0.7634518364669686, 0.8540693107580544, 0.9090293219100726, 0.8784162656906414, 0.8937523779804, 0.8929902506210733, 0.692897780252071, -0.29216483383690073, 0.9531554618332463, 0.9559426799984395, 0.946138396087038, 0.9478804374268676, 0.9053836133097782, 0.9546048725634455, 0.9544294122497495, 0.898640171394702, 0.9571262214511704, 0.904946136877373, 0.6849776221237923, 0.642011639115237, 0.8624170613846115, 0.06901564641298681, 0.8453467160722437, 0.8865330834736322, 0.8681999716955189, 0.9495825555371116, 0.9029845735182762, 0.4711160144994025, 0.4935950847364209, 0.8952500324911367, 0.8695462730436381, 0.9013399188288641, 0.9501673514566058, 0.9505046728642387, 0.5351283604997975, 0.6965620421091391, 0.6063619985282143, 0.4806888155892046, 0.5687901873285616, 0.6260207392480402, 0.5865215923452348, 0.5644243235560311, 0.7943613864049585, 0.6708544315740034, 0.6354048301110635, -0.2637429327248117, -0.30750738670118033, 0.7363413655850766, 0.9151937433174306, 0.9210889946585784, 0.9065198697611923, 0.9399698247464733, 0.6447908181189521, 0.8354526306061617, 0.9069128060486302, 0.9060099828238118, 0.6909601103598157], [0.9908510656351157, 0.9895442347853476, 0.9965324718890999, 0.9926462111238102, 0.9973373283061026, 0.977011025816559, 0.9993901187762804, 0.9995873365462941, 0.9995857093520087, 0.9474703286450133, 1.0, 0.9996230318833715, 0.9995965668153831, 0.999605280158424, 0.9996141592056376, 0.9993246183984903, 0.9986017688593951, 0.9999480873857466, 0.9999485436260416, 0.9996039914634438, 0.9996150363100927, 0.9891485812896371, 0.9539093706577493, 0.9897485296671802, 0.9910173093877734, 0.9852483075936609, 0.9667941108917283, 0.8889083130516016, 0.9880166910878557, 0.9918096547596218, 0.9715278302900462, 0.8927614353434604, 0.9990886497585427, 0.999160151764886, 0.9990784651989685, 0.9994216400521116, 0.9993522124253562, 0.9990937987822932, 0.9989407468084457, 0.997264047135561, 0.9990538370843733, 0.9990504603585931, 0.9881950797473268, 0.9343680414363166, 0.6245740609456585, 0.9404588037421279, 0.9350609038769184, 0.7975868722551779, 0.8748759538058358, 0.891056489610614, 0.8804727889288697, 0.883816022514896, 0.8718258261442287, 0.9508507734417131, 0.9507555920289313, 0.942930738974502, 0.9455268427245817, 0.932210658472602, 0.9351404828684142, 0.9375938235593818, 0.9373769892922014, 0.8787178028175898, 0.8908711967946198, 0.843200886777079, 0.8430790712545757, 0.7052978868716698, 0.938674328434884, 0.942521462916402, 0.9429401614920765, 0.9422713560360995, 0.8825817741696629, 0.5455504337250225, 0.47929437836177874, 0.6489119167870181, 0.7599230305055783, 0.6761358386360244, 0.7221772108556154, 0.7212315333624281, 0.46485448433446813, -0.38567078111806696, 0.9054237680120343, 0.9179850980797375, 0.9050354583996983, 0.9447918936606337, 0.8693205237926274, 0.9126362207892902, 0.911106343048997, 0.8277334299065947, 0.9180210744427912, 0.8370908855657317, 0.4198044112212073, 0.8925636463809281, 0.8931675202158806, -0.2676907774909941, 0.6176482858519402, 0.7235392454127182, 0.6209005803395835, 0.9672083056698008, 0.6424908434524719, -0.11117202797429017, 0.015677648206734916, 0.6132785398020116, 0.6198186359389133, 0.6618389210267039, 0.9689002580838141, 0.9689524449872015, -0.05578567691788247, 0.15943789544349293, 0.01576319628683257, -0.0060113491988172335, 0.01969969358201848, 0.03845413137376992, 0.006115593557599124, -0.03692050837118527, 0.32189326083794506, 0.06955901036954065, 0.02071672378020428, -0.5266719750428446, -0.5528656313503771, 0.5860479220901155, 0.7303404682887835, 0.7521237957842546, 0.8180045108771606, 0.8153381980357242, 0.491506748030373, 0.7120307226882023, 0.7514150014313971, 0.7500454173963743, 0.40291732651314094], [0.9949896918054358, 0.9870081624683968, 0.9906468930987963, 0.9955437433760989, 0.9981785802919086, 0.9888379371621375, 0.9979904025917985, 0.9999968556194796, 0.9999809574548878, 0.9652954901574402, 0.9996230318833715, 1.0, 0.9996265578880401, 0.9999976041442262, 0.9999835576212122, 0.996858286577437, 0.9991253157894424, 0.9998893445568694, 0.9998892849526185, 0.9999607547827013, 0.999994676863321, 0.9904611861910684, 0.973642318854622, 0.9917920726528412, 0.9923618422364506, 0.979903878561128, 0.9716518594411871, 0.9371684094206938, 0.9898507586371577, 0.9944983655801761, 0.9918625064031054, 0.9679453051490695, 0.9994638026580008, 0.9995110100109754, 0.9996421275499611, 0.9996590081729537, 0.9987078641181504, 0.9994107033586751, 0.9991172038961063, 0.9984257923105199, 0.9995362069228658, 0.9993934442752174, 0.9840810155068288, 0.9404800447545623, 0.743118497231054, 0.9448136309768576, 0.9345153417312212, 0.7932221169078862, 0.9615205176087768, 0.9355356704995826, 0.9620548996713096, 0.9550639857558969, 0.9515205954458289, 0.9806734102656135, 0.9770330527889889, 0.9292096324269487, 0.9433910270356479, 0.9571051252515405, 0.9613957753768884, 0.9596754925964963, 0.9340772609195858, 0.866288591180196, 0.9312867439944859, 0.9441869422057941, 0.9230117968396762, 0.849943931114633, 0.9529058492205257, 0.9147645293523247, 0.9514736709510414, 0.9296191144513861, 0.6860214325342151, 0.8019182881657011, 0.741486765539215, 0.8185123896106148, 0.8504533374473334, 0.8566060170979043, 0.8398064794742601, 0.8489071535252126, 0.2048440957253331, -0.5557509506950036, 0.9471153626585578, 0.9141068340882936, 0.9174442473212036, 0.9358717294570261, 0.9224122548500789, 0.9565919555960227, 0.9567050899875656, 0.9068400586277318, 0.9495145614785532, 0.7850225792177579, 0.5599288083814398, 0.8967886529639804, 0.9269182332174544, 0.1233799798406857, 0.9100739515008083, 0.9340776562174427, 0.791897813407986, 0.9664987491912445, 0.8351202780782229, 0.6514134359894079, 0.5224038435093207, 0.8439033230614111, 0.8311415795009888, 0.8314630524740362, 0.974835543527665, 0.9751462599996771, 0.7109720683088906, 0.6595974521615376, 0.7876237739211736, 0.2761468294350637, 0.7601843959449501, 0.7904581850606431, 0.7877576466133652, 0.7858420784301353, 0.6968722238915993, 0.7125307225008347, 0.6891180807402063, -0.25224853216884274, -0.3947539016821504, 0.5863675860299683, 0.8825205795847746, 0.9298337598525529, 0.938979221354019, 0.9097687029967279, 0.8099155196165772, 0.909628170871061, 0.9322139618341384, 0.9318303306849571, 0.7534776178821361], [0.9941482689645234, 0.9867828110575486, 0.99262848284053, 0.9949167026276506, 0.9978951275978636, 0.9898471900968326, 0.9990411244514072, 0.9996392966575695, 0.999821156215875, 0.9641565239154541, 0.9995965668153831, 0.9996265578880401, 1.0, 0.9996632273113639, 0.9996459229837406, 0.9990261246002083, 0.9985367712008076, 0.9994307957319591, 0.9994243957603596, 0.9996409305040184, 0.9996158287958277, 0.9924820332219181, 0.9753406193507634, 0.995312849298218, 0.9951984329477448, 0.9796943594232842, 0.9745840914701132, 0.9399143931526047, 0.9890762274152118, 0.9925090858656229, 0.9909937267448854, 0.9655897038725912, 0.998740932738113, 0.9990421394202257, 0.9992369015865035, 0.9999244570413542, 0.9986462343508344, 0.9989871267830795, 0.9985437330572359, 0.9976737542381576, 0.998729911217521, 0.9986530141174105, 0.9880483348760326, 0.940492794752052, 0.739527945970344, 0.9450400074159103, 0.9345017929449833, 0.7924992047086443, 0.9581316255613147, 0.9284038276655908, 0.9589188717387237, 0.9517959059852549, 0.947737767987924, 0.9771617694004286, 0.9749961164740699, 0.9539654129243136, 0.9429662902194224, 0.9573010325458676, 0.9602853402637416, 0.9593777726074405, 0.9586774940181484, 0.8703967518103086, 0.927808205270399, 0.9423956191295547, 0.9422147198129759, 0.8477697419054308, 0.9529791417209418, 0.9276031569087373, 0.9533593424394616, 0.9518365656434814, 0.6899718069281964, 0.7985158892153773, 0.7629987660235189, 0.8157759134258161, 0.8519481715382838, 0.8554635783928278, 0.8476178099782741, 0.8478752002070752, 0.18824255487482514, -0.5503248722941956, 0.945858721194624, 0.9136986672591266, 0.9160778252730671, 0.9571682330780036, 0.9209276934072277, 0.9550417615728396, 0.9551133513667989, 0.9060583164450935, 0.9497902890757113, 0.7920186167401034, 0.5604386959015525, 0.8974308679753173, 0.9270395122138861, 0.11741843902351617, 0.9075226383925158, 0.9319484606900799, 0.7930260556619332, 0.9693104388822649, 0.8282344304693441, 0.6437043869707718, 0.517720506149584, 0.834920129640963, 0.8257791894839994, 0.8229515131025836, 0.9768701559106537, 0.977131646589397, 0.7015062052083715, 0.6537996251624003, 0.7658316476226923, 0.2758207416644693, 0.7499842756665147, 0.7789346409594493, 0.7554358967104364, 0.774611473814389, 0.6942748961030681, 0.7016854268480591, 0.6785447854885758, -0.25927124422120656, -0.40012713063538, 0.5858767008179664, 0.8803044811022587, 0.9314697472840782, 0.9345342620647769, 0.9089810949495591, 0.8018604813039447, 0.9030072368127311, 0.9252402746550801, 0.9254610324190441, 0.7481311464044551], [0.994892644422228, 0.9868406403531339, 0.990805119378888, 0.995462031341297, 0.9981559652175649, 0.9889231419513729, 0.9989416636444739, 0.9999976661958168, 0.9999894294151798, 0.9650199409952972, 0.999605280158424, 0.9999976041442262, 0.9996632273113639, 1.0, 0.9999878082793292, 0.9985169857178676, 0.9990801192968642, 0.9998809892458271, 0.9998804863145287, 0.9999549722221016, 0.9999918200475866, 0.9905845915159941, 0.9738194775204105, 0.9937299931745938, 0.9935958177036686, 0.9797980859408434, 0.9718550271575477, 0.9373352287627882, 0.9923576287384835, 0.994840524916198, 0.9917454646191182, 0.96771872702766, 0.9994404263255681, 0.9994731473909602, 0.9996196112234262, 0.9996765668465317, 0.9986552408814529, 0.9993766197780147, 0.9991508812954779, 0.9983619813867487, 0.9995087321264701, 0.9993701983073858, 0.9842360222049644, 0.9403494776617551, 0.7425885540647434, 0.9449834346163849, 0.9345094997615117, 0.792616036000613, 0.9613523403302234, 0.9353244514261436, 0.9619205008118992, 0.9546991704014, 0.9511197232359623, 0.9805074108600426, 0.9768339321598338, 0.9292257412009662, 0.9432184625015215, 0.9569380749012022, 0.9612298299925823, 0.9595007842168963, 0.9334389941407127, 0.8662192293049656, 0.9307323481048874, 0.9438030132613828, 0.9228249862994262, 0.8495546582576731, 0.9528896292892625, 0.9149089733943515, 0.9514273033441326, 0.9296709016395249, 0.6861689362209469, 0.8012708448370701, 0.7412203374975284, 0.8179149093195234, 0.8502152669920183, 0.8562119644278342, 0.8395167448011315, 0.8486043832418697, 0.20476734816689063, -0.5556370160683546, 0.9468622458453937, 0.9137611884254817, 0.9171782889026218, 0.933301853266165, 0.9222366403859634, 0.9563624635330679, 0.9564731997052435, 0.9066646998521332, 0.9493229139813948, 0.7849424641067774, 0.5596468417549079, 0.8973690774322052, 0.9272838212145976, 0.12258658046147171, 0.9098062866473728, 0.9338556940382043, 0.7915894524043008, 0.9666762492126126, 0.8347821678265589, 0.6503750961596563, 0.5215058530390917, 0.8435200841405178, 0.8307989861674581, 0.8311293723276805, 0.9749608659827514, 0.9752672758558538, 0.7098419439918663, 0.6585052398871701, 0.7870997488096447, 0.2755211831110009, 0.7595130794067364, 0.7897534248777951, 0.7874293780305761, 0.7850812189264876, 0.6962872813622311, 0.7111841081297873, 0.6877754618922364, -0.25311575633066163, -0.39552003166405575, 0.5860621574720379, 0.881945807876079, 0.9296253326783872, 0.93858954084237, 0.9093953965188339, 0.8091897146471554, 0.9093746060699791, 0.9317924827838777, 0.9315434499644979, 0.7529687780031317], [0.9950465828731451, 0.9869516640659513, 0.9907016064229581, 0.9955901801462341, 0.998221496079468, 0.9890046457192687, 0.9986947199863989, 0.9999803173833034, 0.99999650341847, 0.9645692754130173, 0.9996141592056376, 0.9999835576212122, 0.9996459229837406, 0.9999878082793292, 1.0, 0.9985149124031254, 0.9991188115994427, 0.9998774221469493, 0.9998774568606509, 0.9999550333642043, 0.9999759521151566, 0.9904854805370132, 0.9738426695182524, 0.9920811517743175, 0.9921401634608767, 0.9799503235537956, 0.9715558759648342, 0.9373786583298755, 0.9923982901799865, 0.9944170329334583, 0.9915931246618243, 0.9676465861786914, 0.999485681464496, 0.9994633523444714, 0.9996113314317887, 0.999666389841921, 0.9986813726759076, 0.9993873217518638, 0.9991861346195601, 0.9984222711582019, 0.999544794563971, 0.9994207924942153, 0.9839782950315402, 0.9404069036658586, 0.7434435278072469, 0.9453506365250723, 0.9355099362394667, 0.7929750615288609, 0.9620043123462082, 0.9365199776231257, 0.9626410223813497, 0.9550181078860119, 0.9514462010829895, 0.9810416244397886, 0.9770641564687536, 0.9301140771822309, 0.9436974555740123, 0.9573853638291535, 0.9613812744532031, 0.9599565683780783, 0.9348972438723774, 0.8664314326752486, 0.9303110014976458, 0.9441831136808124, 0.9236257983149255, 0.8495773644252363, 0.9532763373930877, 0.9156230350829552, 0.9520103329387559, 0.9306627945914921, 0.6860417661512492, 0.8008704219483859, 0.7424051384651296, 0.8175279865842134, 0.8502784408780046, 0.855741409887976, 0.8401294181264977, 0.8490377566152019, 0.2045428041259444, -0.5550443510383312, 0.9469009375241935, 0.9139844162293889, 0.9174010784162517, 0.9367532724047013, 0.9229061653986103, 0.95652805121232, 0.956677097923351, 0.9070502126162664, 0.9497289544816181, 0.7849719919679802, 0.5581678187495601, 0.8971836162434003, 0.9269694766371411, 0.12143095952208238, 0.9092625435673042, 0.9333313837809244, 0.7906450008486385, 0.966271081944813, 0.8357854626022782, 0.6500408414253641, 0.5205548248959072, 0.8440875050561962, 0.8312327864880317, 0.8319228267506296, 0.9747177695677376, 0.9750075635507628, 0.7085202941497157, 0.6562771626005865, 0.7882181667808583, 0.27380542150884757, 0.7597783021550019, 0.7901531814316455, 0.788730653621529, 0.7853059385215356, 0.6944408718146858, 0.7088361042648492, 0.6854003231910513, -0.2522240505116973, -0.3947152205131107, 0.5861171574424936, 0.8811247369210137, 0.9302365180303157, 0.9391237923989392, 0.9086419234791913, 0.8094227378962393, 0.9104420143890106, 0.932407446439621, 0.9322992271344386, 0.7529030159340576], [0.9962869197253789, 0.9925300957891794, 0.991263971062726, 0.9968256370304437, 0.9984758111006846, 0.9918805649017384, 0.9980059775372353, 0.99618221356918, 0.9989120857024505, 0.9664510673242358, 0.9993246183984903, 0.996858286577437, 0.9990261246002083, 0.9985169857178676, 0.9985149124031254, 1.0, 0.9987591232606167, 0.9989047928821647, 0.9989026056497609, 0.9987272618050094, 0.9984016310602138, 0.9919224760730695, 0.9766543496809129, 0.9824375755292994, 0.9891783474228621, 0.986794933460245, 0.9735861536098475, 0.9453299258211858, 0.9935287548597589, 0.9931925599969463, 0.9907162040669185, 0.9681439405539968, 0.9987681913256641, 0.9987381607233641, 0.9989490501005903, 0.9985336054166711, 0.9993438372624812, 0.9988688619268379, 0.9988972478156304, 0.9982273921449764, 0.9986377861711896, 0.9987185151696373, 0.9826986552091125, 0.9331295488391228, 0.7502537891456958, 0.937141978566458, 0.9378959150997793, 0.8116012267007616, 0.9656570348264158, 0.9409970862932945, 0.9669029469780834, 0.95558233636625, 0.9506819944106949, 0.9818389200767177, 0.9768562697951088, 0.9434415210035887, 0.9537088175115741, 0.9646361938776796, 0.9659709488109477, 0.9662963728495428, 0.947093185979589, 0.878864074973058, 0.9344056568300063, 0.9494449197446202, 0.9351428454562198, 0.8610224770152461, 0.9597774777198624, 0.9299265478932066, 0.9599442225438662, 0.9440039967029386, 0.7045346867534414, 0.8090352637800708, 0.7608329758112271, 0.8270102389600275, 0.8634095139427598, 0.86321626