var element=document.getElementById("correlationAdjClose");if(element.style.display!='none'){var correlationAdjClose={"data":[{"type":"heatmap","z":[[1.0,0.9999943502563932,0.9860402759369589,0.9999313938661074,0.9991579569544827,0.9840038995371734,0.997894645879729,0.9962448267244098,0.9702158390062051,0.9964993367991523,0.9946512021417209,0.9940729244560748,0.9963494559350902,0.9963859674020934,0.99628824325131,0.9977201857903103,0.9980120502918971,0.9983718347235429,0.996828025959172,0.9968437428226137,0.996835697633171,0.9963177801159687,0.9879459887769109,0.9724649434353754,0.990446135607473,0.9585728519558898,0.9895362315937484,0.9873594036820341,0.9698318440832245,0.9553744300774127,0.9926961670430887,0.9940269655428582,0.9928416600904204,0.9787826656057075,0.9978012794554905,0.9979613320600977,0.997607393085264,0.9964207946613167,0.9957308412543711,0.9978592980046632,0.99872147017421,0.9987553023680663,0.9977734945881684,0.9977882359283363,0.9773794534083542,0.9208854297848631,0.9526528576269768,0.9357868620116582,0.9359306443887189,0.9142683384382689,0.9639527913095176,0.9504528918692841,0.9657449367384265,0.9676629986547334,0.9570157018289562,0.984627306765854,0.9821939928009082,0.9908321844605112,0.9943414371249261,0.9873355131286153,0.9826971157961856,0.9883471838068814,0.9866452191054607,0.9888844456011884,0.9887653899238554,0.9592738136030945,0.9758788980172582,0.9767668604649886,0.9765494826915714,0.9491285385669617,0.9815701149563435,0.9785615214571124,0.9857037197525288,0.9850541715040627,0.941663047072154,0.8960739799920875,0.8648268243239158,0.9112188978678291,0.9266423930123516,0.9243360692189544,0.9247351037303713,0.9234678561325074,0.7161467392036274,-0.5469686589031313,0.9810857280168523,0.9764620856809516,0.973725599821138,0.9880080343603678,0.9746757702088034,0.9847217213364677,0.9847547156859098,0.9460575868054262,0.9852327991427805,0.9492211413115438,0.7912286647122029,0.9147062769751277,0.9328543625862505,0.8145605748076999,0.9540304866385066,0.9547736188705999,0.901251215907036,0.967023646169488,0.8951810875644725,0.5882326695487444,0.7256585630676821,0.9023499843158231,0.8719346727605427,0.8936250168774981,0.9752205081970827,0.9753970769778006,0.7865144936897278,0.7472897034670536,0.8250355621642069,0.44409787636861303,0.8058901459091038,0.8292191128398505,0.8243826790468236,0.8168039244278812,0.7885183333534233,0.7542051656237846,0.738069831166238,-0.28184244255769303,-0.4221701482198182,0.6795115938848144,0.8904813533977861,0.9319948970661347,0.9410168042583239,0.9050989728951138,0.8266255583735029,0.9087882078120646,0.9255284979999091,0.9253634856007379,0.860193491595632,-0.15242182837407867],[0.9999943502563932,1.0,0.9892755612073256,0.9998483751210783,0.9983038542199016,0.9897370411745159,0.9944162492370026,0.9918590822814172,0.9864119672495658,0.991870484887916,0.9918900626150368,0.9934005558880443,0.9919789377752908,0.9918667959668115,0.9919256840429908,0.994040592035348,0.9964606855191688,0.9960457694421204,0.9940610462293933,0.9940673745024482,0.9919179072752452,0.9919642925881799,0.9924147336141085,0.976430095604303,0.9885433767291391,0.9836245905764598,0.9885350243099773,0.9874048068130776,0.9820034270804966,0.9388452204469727,0.9898515719371351,0.9876525093009076,0.982371224664276,0.9396622602164855,0.9954419939284035,0.9953639755416542,0.995577876532393,0.9923328134914706,0.9951385963748216,0.9955920569351617,0.9968453379132162,0.9970174667521038,0.9955823269232364,0.9955925667789494,0.9907918232081512,0.9204203168856399,0.8968939234138643,0.9354231619326734,0.9358371045398195,0.9142475345269006,0.8883164573434358,0.9299340865138281,0.8906274917324271,0.9192172846775828,0.8881067198276286,0.9578414767334141,0.9578250741732286,0.9714302924377569,0.9851030929045,0.9830181212754229,0.984815710280317,0.9799074297696004,0.9813699647513519,0.9813831821580493,0.9812957810661871,0.9463077226922693,0.9631762220616578,0.9392846679311567,0.9392291385879616,0.8712720791918961,0.9806945098069751,0.9819989593234028,0.9821893996506792,0.9817757777361753,0.9529126070626565,0.791161993129298,0.7534718993529972,0.8475130842865465,0.9048041981515469,0.8626367706722505,0.8842170807121871,0.8830820455551773,0.7545597715061533,-0.16792840894120162,0.9709672428720566,0.9742822349605126,0.9707106655584387,0.9834910631447167,0.9678356503344596,0.9736458420091205,0.9730447087897315,0.9305470612874776,0.9751988558644361,0.9329538469165592,0.7193935335254782,0.9142206144767834,0.9133681179077063,0.5432235474433177,0.8438979744554085,0.8481264055747458,0.751296957623497,0.9674567017102201,0.7246125438444839,-0.3045353054653669,0.2347739830940397,0.7512708356491172,0.7011499618801181,0.7440279188157416,0.9689968714371648,0.9690181627619958,0.17388740400245406,0.3461445971163144,0.18062785438614337,0.15246540388397453,0.1738368863658016,0.18772307748438308,0.18469067310160278,0.10540139041937202,0.5331029067712251,0.2652582353742221,0.21488015079145653,-0.4354275841673375,-0.4827129899641915,0.6785671587353546,0.7540242514884933,0.7778785152104091,0.8400526886652835,0.8181590357662791,0.5829409441748887,0.7622166076802134,0.7722861519437522,0.7711702307031918,0.42738257882295433,0.22779441377664353],[0.9860402759369589,0.9892755612073256,1.0,0.9873803680542029,0.9933064833778357,0.9913748097980792,0.989664141623408,0.9903759110603603,0.9910156608762346,0.9930315545236028,0.9969988641880616,0.9961648011084099,0.9902333446670001,0.992378497619465,0.9904318139007268,0.9898846618044702,0.9908068464609899,0.990032712945781,0.9890672130307286,0.9890448753821166,0.9919059723111344,0.9902618114567667,0.9949941105160438,0.9847511146564591,0.9911148993015001,0.9817221514733889,0.991718460523406,0.9873922939371389,0.9868718212985044,0.9613245586291354,0.9695464848235443,0.9737558674680886,0.977312006579767,0.9561463023280922,0.9870013485172326,0.9900978045623332,0.9884756717248548,0.9920378259786509,0.9946972377118093,0.9908995372054551,0.9849614188399538,0.9878481762264013,0.9873619539097263,0.9867421003276675,0.9924142456624847,0.9162831311020669,0.936252774285829,0.9462042168592855,0.9288488855142931,0.873527195735396,0.9219997637060404,0.9064228163849516,0.9247296886374275,0.9304402055043506,0.9147907643521435,0.9501212673738918,0.9592926004891645,0.9674108890193553,0.9774478405163225,0.9423006508597596,0.9659636233070672,0.9650600262372111,0.9715776385040414,0.9653006386024777,0.9407113407973335,0.9238003814888082,0.948913856533674,0.9390659729025369,0.9207245486553316,0.8973617223871124,0.9720412454619787,0.9515052796785908,0.9648160958224111,0.9443920368081532,0.8362905092722845,0.8570186128706608,0.7747814750936227,0.8745143199577474,0.8991044940785149,0.9009485549319802,0.86813952515112,0.882364819752928,0.42934266893038425,-0.5340160247003949,0.9622716689157809,0.9498649500675496,0.9494807952280779,0.942261188377118,0.95680125763191,0.9647890787799512,0.9644139167705922,0.9335760811459479,0.9602919314837093,0.8835533074840001,0.7752570225743041,0.9539645660556711,0.9532046023597793,0.7942522249359751,0.9413392094418862,0.9429687477811751,0.8737678206807196,0.9802786820798551,0.775264418794082,0.49219247188966503,0.6692628291838242,0.7971513932829332,0.7987356443787584,0.7782453775343386,0.9824286411192259,0.9824640796315105,0.7162466180264345,0.6948089589178112,0.7105330942704415,0.39239236325784677,0.7064872462687153,0.7148448627617483,0.72535094012335,0.7141816796529895,0.7513079187367827,0.689350596260334,0.6721671098908834,-0.34179405496259513,-0.48184171077352506,0.6470959987136392,0.8518536683402375,0.8788530014369142,0.8859924946685412,0.8768260500344586,0.7592913832582505,0.8575983017116607,0.8681248999799074,0.8752633011643692,0.7334774531028596,-0.07484961089741797],[0.9999313938661074,0.9998483751210783,0.9873803680542029,1.0,0.9993912030779777,0.9851167729672504,0.9981231554688798,0.996648598895201,0.9723750357683435,0.9969440320804729,0.9953272266633774,0.9949522962529176,0.9967358073227605,0.9968583763307841,0.9966915037664699,0.9979776755390328,0.9983316015053092,0.9986175140949869,0.9971802435563755,0.9971934331564337,0.9972133500547282,0.9967085252611465,0.9891028399189854,0.9738354115659487,0.9913669073261302,0.9610876835734035,0.9905602825340276,0.9890214959304272,0.9717598805317297,0.9565431064800193,0.9920265380330028,0.9935415510363148,0.9927668359951429,0.9783662273421565,0.9978745796566391,0.9981473708424621,0.99781921985629,0.996859472934451,0.9961895724438274,0.9980766006153098,0.9986151270117036,0.9988275310270794,0.9978428549680399,0.9978543703873342,0.9791522018182439,0.9173298507952299,0.950593806151261,0.9358770906069229,0.9341221129153817,0.908047285746838,0.9610654510236442,0.9472296877468599,0.962769204964823,0.9652550544583146,0.954293404466866,0.982569778151779,0.9807223175946128,0.9899839800776162,0.9941348969766785,0.9860139035844968,0.9816643356459048,0.9872051056100125,0.9860979808499063,0.9876678497540298,0.9875417410349837,0.9503468486554448,0.9747264054273866,0.975396225515027,0.9751743499068186,0.944493630682099,0.9811543728299151,0.9759414484291276,0.9843836549023061,0.9837004521818417,0.9230790836313583,0.8946978850207337,0.8612731363429815,0.9096417903975763,0.9240356146678395,0.9239054825964508,0.9224776938114709,0.9212489521837028,0.6295298939904597,-0.5464467269061852,0.9803297048494036,0.9753316294767004,0.9723916842528529,0.9866895912172824,0.9740306486528292,0.984034098183529,0.9840639977185792,0.9457413580581112,0.9839224774858207,0.9356745465773121,0.7948858633800946,0.9197574668154921,0.9367022034997725,0.8161970721108598,0.9552651154721111,0.9560336391284452,0.9007602218981345,0.9681991541275542,0.889034637810183,0.5845047158044199,0.7238794684416892,0.8968335916532123,0.8682117330760022,0.8878359581650309,0.9760144824707162,0.9761951987369957,0.7852834986291828,0.7474417050540864,0.8170591193823701,0.44579416629912116,0.7999821551047547,0.8209679797560695,0.8160550760136822,0.8113219115638655,0.7906767554450422,0.7540120056171128,0.7379542137462216,-0.2772440019033621,-0.4214436267560715,0.6789248886242778,0.8885960004951913,0.9300328225686557,0.9391143076895095,0.9038341994281238,0.8237961444762024,0.9066963028806513,0.9231760555985776,0.9231576548726916,0.8529787167489119,-0.14531807818714623],[0.9991579569544827,0.9983038542199016,0.9933064833778357,0.9993912030779777,1.0,0.9877434638834216,0.999043012063926,0.9985475716993383,0.9842552526044747,0.9985495523044267,0.9981515897302524,0.9981299065976016,0.9985695445115655,0.9985810983370239,0.998579376986161,0.999070185996634,0.9987821123675699,0.9992692720499733,0.9988628680037057,0.9988673999430318,0.9986272974857925,0.9985696828423481,0.9947454479399666,0.9812416080602525,0.9951005122076843,0.9778103151450687,0.995102377834619,0.9923262925481084,0.9840419633265334,0.9597998861796806,0.9893504285584211,0.9919997799107428,0.9901901418894348,0.9708456070173466,0.9988830642452026,0.9989423769614723,0.9989648223295557,0.9986650623125309,0.9986223507411583,0.9989372908040424,0.9989489363906262,0.9991712943154818,0.9988948723182269,0.9988984124054722,0.9884327324563394,0.9268498066715511,0.9499055291551052,0.9443335412858108,0.9358221731094688,0.9036876892891028,0.9489535171437513,0.9427544175002899,0.9532014021661565,0.9592493506963272,0.9478715479353851,0.9802702194767835,0.980181262416512,0.9900568348022896,0.993991447324504,0.9825230969754623,0.976015625539773,0.982391484155326,0.9824302165371874,0.982756865293903,0.9826458120528652,0.9491007908967426,0.966713658423441,0.9610871467068944,0.9608976064964805,0.9184624536322902,0.9783951767502155,0.9746941238578392,0.98048024961807,0.9797395654408623,0.9388005582442558,0.8759943681962052,0.8411406240281749,0.8956593363857547,0.9287525046654537,0.9144459419294748,0.9210154498672634,0.9200145065619,0.7692395941950918,-0.550849344510937,0.9744631879134034,0.9655903015660169,0.9636182669146724,0.9834247978840419,0.9648067518241142,0.9779017309549171,0.9776375841951258,0.9375240860709686,0.979265846371734,0.9396532352894147,0.7847518758958784,0.9337956554368058,0.9558606985307536,0.7823354591798678,0.9435948784011359,0.9449904224343837,0.8954839308322727,0.9729621200809888,0.889590335310174,0.4239045102356095,0.6680568406072039,0.8954505452015974,0.8471503748488078,0.8912220762750339,0.9794874173741142,0.979622557946575,0.7516185764153573,0.7319024680174965,0.7555097984458384,0.42465667699742304,0.7102628481602851,0.7601069669790467,0.7556732534517616,0.719985796164768,0.7783298706570649,0.7400081798646178,0.7230808342496099,-0.47919810344282615,-0.5616804892422104,0.6743564249056788,0.8839075311202595,0.9167750112938784,0.9343699804960903,0.902465158634367,0.8064585599860702,0.8968590405678558,0.910846501505698,0.9103362416256835,0.7913580757533831,0.06473589377564672],[0.9840038995371734,0.9897370411745159,0.9913748097980792,0.9851167729672504,0.9877434638834216,1.0,0.9821260258702653,0.9832317346973029,0.9929572299991152,0.9826618024552607,0.9784940770030407,0.9775595543293044,0.9830748588527018,0.9836008098808957,0.983301528011519,0.9829762051995768,0.9865350397917856,0.983968390327227,0.9838455063375546,0.9839040824794814,0.9820773255928369,0.9832484366324549,0.9946415758669969,0.9935678363115181,0.9844819429781193,0.987390020393837,0.9848688979949101,0.9750409055354659,0.9878225544071187,0.9742205704401447,0.9607875482887204,0.9665844917236168,0.9764903898996592,0.9671760080737256,0.9818139003437922,0.982191448702281,0.9830598658470145,0.9839159917574664,0.9783827913301478,0.9826680337687552,0.9810943201882708,0.9828124550638748,0.9820326155708538,0.9820948873136248,0.9960165118746578,0.8771286248037855,0.9278853708570811,0.9209106217787288,0.9313867238907114,0.8901210548587724,0.9175356248610079,0.9105140995308332,0.9203219187559427,0.9362546376187152,0.917064313075794,0.9496520750598754,0.9554321621733552,0.961688473003739,0.9695732664516251,0.9719134195519921,0.9877961471237527,0.9738799183242669,0.9851639600658674,0.9734828640862596,0.97290789700378,0.9765299680614012,0.9708488658558445,0.9512085525868478,0.9506063899975441,0.9490677100409122,0.983940173797944,0.9766630691525807,0.9731600965679649,0.9718606045566739,0.9653801251839476,0.8994810468264293,0.8553986019264183,0.9157764528097764,0.9212262648140909,0.9306404773294261,0.9116731685103843,0.9094366194854616,0.7513690741898655,-0.49054558180851743,0.9821177617252995,0.9837353774063897,0.979828349137837,0.9727264928445514,0.9749572500751651,0.9807792554536213,0.9803503553833873,0.9688103414330217,0.9704892600714892,0.9681667953472799,0.7966316179278644,0.8939536183455374,0.9555923085813299,0.8280151766408229,0.9438201637031758,0.9447989757085362,0.8660327960992117,0.9584735873781046,0.8329129410573883,0.5074864826510982,0.6875858981614211,0.8427605080077033,0.8190119122477927,0.832444180031703,0.9584295419104186,0.9585620008059026,0.738342100968854,0.7228887028549366,0.7505614474260144,0.4483699432013504,0.7451798763421065,0.7558524238880232,0.7496634119287372,0.7474102145102628,0.7701809717352712,0.7132438426502391,0.7000169030823882,-0.30343597915852744,-0.4340711453010121,0.6845760129359729,0.8527153663045656,0.8695553064296337,0.8850012897061248,0.8621429460941019,0.7809003306047356,0.8466428991044301,0.8616351084371086,0.8617008940456272,0.8036477524359796,-0.10614652029983193],[0.997894645879729,0.9944162492370026,0.989664141623408,0.9981231554688798,0.999043012063926,0.9821260258702653,1.0,0.9975757936821302,0.9569927120737383,0.9996200551732841,0.9995823325579266,0.9996065248640215,0.9984563617939938,0.9994864277080526,0.9992052653144377,0.9998928056939762,0.9966639152999383,0.9999044321365878,0.9993958349567803,0.9994004177636353,0.9997210581738509,0.9993451133694471,0.9907121082426918,0.97469584254988,0.9861476153645302,0.927535734991292,0.9937221525752988,0.9925724183739063,0.9746353135156153,0.9532631332110184,0.9916805870783424,0.992026224755163,0.993704696951375,0.9755951505266531,0.9990316655631776,0.999856285863005,0.999722394694958,0.9994900069795855,0.9997769361682767,0.9998414800659621,0.9985465542699603,0.999743035099624,0.9994037595971106,0.9990678772909769,0.9802539510194126,0.9342136469902299,0.9530209491330519,0.9503538533391838,0.9392452225900458,0.9030432062570435,0.9578391991627891,0.9468388299428453,0.9601857564834304,0.962817871210611,0.9533251519423738,0.9818778234278394,0.9814803424077823,0.9919294604570226,0.9964158979301018,0.9515463333943232,0.9634728564070412,0.9739289248874516,0.9742300136765042,0.975424372484643,0.951534990680138,0.9044815069821962,0.9576613298556007,0.9629787419676821,0.94303757455972,0.8957431031203209,0.9686647602389513,0.94393531691233,0.969572975373448,0.9519166803517497,0.7948104066427991,0.868706512043814,0.793193145733217,0.8827670520446542,0.8991083903334286,0.903527856264737,0.8831979562452911,0.894747885738832,0.3765400350734497,-0.5809713464425396,0.9652031354175481,0.9512368048549971,0.9506770812653728,0.9530051709461532,0.960700466761287,0.9714536281855453,0.9716173323469014,0.9260597834870209,0.9690711302730302,0.8566789289534608,0.7788141262140865,0.9346791495240807,0.9355305167889644,0.8036311484506771,0.9530357563345677,0.9539463751609927,0.899395996389674,0.9725513052055508,0.8324561721504568,0.5792864707220202,0.7173299748345339,0.8563156793613129,0.8496518990099858,0.8378225176132117,0.9799654077230536,0.9801460033845477,0.7765712598897149,0.7295268744036111,0.7824038784959381,0.41865868488957736,0.7791824737500024,0.7951139541995739,0.7882289185976383,0.7936147731455759,0.7757466728415702,0.7463571612103929,0.7284913942704226,-0.29120825880507417,-0.4430020915885763,0.6900056062783129,0.888671458094387,0.9223963790804895,0.9401301186105986,0.9090776085042014,0.8254569808434744,0.9088512347413805,0.9272895824855067,0.9259822940549547,0.7766567002469249,-0.11447685124102748],[0.9962448267244098,0.9918590822814172,0.9903759110603603,0.996648598895201,0.9985475716993383,0.9832317346973029,0.9975757936821302,1.0,0.9677037396543311,0.9999998312783718,0.9999993212835179,0.9997630040372311,0.999997083189177,0.9999928046342769,0.9999982652713255,0.9993340722544684,0.9915848503842052,0.9994652300227963,0.9999100302341781,0.9999097494624104,0.9999653841662773,0.9999987926680495,0.9912007640021275,0.9763691237079094,0.99299382714007,0.9415170151314503,0.9942126688844336,0.9909142272659904,0.9768290834355245,0.9527438745290506,0.9880352586414747,0.9939062465552326,0.9923318202290289,0.972722600179906,0.999474302451896,0.9995768507826298,0.99967907988609,0.9997464485064267,0.9992423385823684,0.9995122713469747,0.9982520290463464,0.9988525336583141,0.9995461329113574,0.9994145585949241,0.981958950798204,0.9340333926956181,0.9504148712590755,0.953914108203735,0.9380223138359557,0.8930581374015166,0.9560909701544106,0.9424156060902573,0.9580899652644654,0.9573142588348565,0.9474581447323209,0.9798783352452303,0.9786227983549967,0.9909081426576478,0.9968786480395474,0.946930191222012,0.959885119608979,0.9682004755499718,0.9715546999533144,0.970058781850122,0.9499594285547363,0.898137685362576,0.9534631982900065,0.9568103755135562,0.9380019737241093,0.8852253761918268,0.9662930237977071,0.9383159368731594,0.9646257805323237,0.9476318827387784,0.7835707810114005,0.8616633017915285,0.7890946909063038,0.8757421107302924,0.8926715775440549,0.8995694189615415,0.879166233110224,0.8885409974771644,0.36026678741547485,-0.5847271411711817,0.9615666225144547,0.9457035551827182,0.9454578476644733,0.9511764448186892,0.9567991667610983,0.9678939303303757,0.968038877749205,0.9222496190657302,0.9629407323730149,0.8471677834423094,0.7760314605160555,0.9473932772777341,0.9458329061398302,0.8005562598843001,0.9528792358059964,0.95393677411962,0.8968770053393623,0.9763172873907408,0.835133482938226,0.5649816824817288,0.7087533555092281,0.8570886561706478,0.8464324813695995,0.8397497073443314,0.9822820000007686,0.9824660072070641,0.7678080943752892,0.7221845904063344,0.7834871468882613,0.40677577642875556,0.7740594655737214,0.7905026489867705,0.7884541163171653,0.7880124388606312,0.7698008116475359,0.740713560720837,0.7222978191222589,-0.3065120537882545,-0.4572310736780446,0.6770218343018134,0.8813264919963518,0.9197897021882275,0.9326235892381693,0.9034267801843711,0.8149192385125565,0.9024545546701075,0.9210138515636329,0.9199637391500877,0.7581759472530962,-0.09765567709244714],[0.9702158390062051,0.9864119672495658,0.9910156608762346,0.9723750357683435,0.9842552526044747,0.9929572299991152,0.9569927120737383,0.9677037396543311,1.0,0.9827596973713882,0.9872113083364826,0.9896035692774383,0.9713568430544806,0.9796904290709006,0.9762617853856757,0.9742363279987675,0.9495905665539385,0.9790736802106291,0.9769828094621467,0.9769466771827545,0.9812375077515495,0.9761202531611557,0.9939352749700874,0.9931484684702658,0.9804608607440514,0.9893759614896724,0.9835686499775597,0.9902622719455317,0.9906543162247858,0.9690242425282994,0.9275554208031509,0.9491381660930339,0.9661904955547109,0.9518180139239826,0.9706638012744894,0.9791234691151071,0.975765385164773,0.9781292383993185,0.9879721939966172,0.9802857751496591,0.9668047602860982,0.9762840438166217,0.9715260401151471,0.9704982356957716,0.9990014784794228,0.8957427269451406,0.9204720487491895,0.9477329128957311,0.9376561576797064,0.869863344899381,0.8854367964915547,0.884149084425437,0.8893964866471573,0.914025806934219,0.8944206570933945,0.9286308636784412,0.9449240593406129,0.9503148239120851,0.9610611800866252,0.9037331378068745,0.9677777643779174,0.9459483608852036,0.9661161618401107,0.9459538245275887,0.9020776301393753,0.9159686355133217,0.9432561154465546,0.9160632746330508,0.8797678051022524,0.8834332366353347,0.9676749964802941,0.9207991020776446,0.9440181793620211,0.9065856725562931,0.8258412821695977,0.8514718559331582,0.7329451477444473,0.8707311645745017,0.8814304923111855,0.8950209354945524,0.8435801383995232,0.8620126821043961,0.40995078571161064,-0.517015613880839,0.9575835980278774,0.9529486722465557,0.9498808264112207,0.9021597960241523,0.9480131187724714,0.9556762462856778,0.9550818695378528,0.9379285503903566,0.9406413279684803,0.8730684440751896,0.7813974024980253,0.938957154187631,0.9610716146456729,0.8033236183952678,0.9345700409109716,0.9361680648679181,0.8512314793615346,0.9676553197711064,0.741321250025917,0.45443981565600666,0.6502054311218983,0.7739625975055139,0.7752846666062653,0.7521710437396405,0.9669625616124057,0.9669620664754142,0.6971196875279262,0.6843233738069406,0.6756356525421494,0.39997194587161405,0.6880733229713155,0.692617065429719,0.6751981276885469,0.6921494093008594,0.7439553376857259,0.6830103088114851,0.6671517923477146,-0.34760994039234916,-0.48391268850915276,0.6873052453956365,0.8360122487873543,0.8314850834309502,0.8602012806082533,0.8554687891088569,0.7509892878669695,0.8129979131199789,0.8371419813952904,0.8311441500878697,0.7051673934049452,-0.034719382797090755],[0.9964993367991523,0.991870484887916,0.9930315545236028,0.9969440320804729,0.9985495523044267,0.9826618024552607,0.9996200551732841,0.9999998312783718,0.9827596973713882,1.0,0.999999139609859,0.9997675841992295,0.999998531240454,0.999991668117174,0.9999977873260061,0.9996851799795851,0.9978796485213226,0.9994619911660152,0.9998848144481857,0.9998848182523382,0.9999776112177354,0.9999993240559182,0.9937638771050414,0.9780432279097186,0.9962248609252734,0.974098843117997,0.9963098078393979,0.9909090436239263,0.9811901563266183,0.9540516294197139,0.9897348363944656,0.9937683701151895,0.9899629410523435,0.9694168634447794,0.9995036911104513,0.9995696061760005,0.9995822197535879,0.9998343247445788,0.9992547735742349,0.9995197872559446,0.9984723600184192,0.9988954900696303,0.9995092463876815,0.9995046031203202,0.9863416361601004,0.9339025306604103,0.9504492384010259,0.9539339125067389,0.9381706339076058,0.893184285872688,0.9470070211188499,0.9371425313265397,0.9506680465712717,0.9555032639705013,0.9455355301719459,0.9788617540953697,0.9786564839419586,0.9914817232406767,0.9966881780772457,0.972921282197948,0.9599626030463159,0.9728144311991552,0.9715924208737868,0.973300515215732,0.9730757048037396,0.9372423288362546,0.9535140798703223,0.9517436241447482,0.9514631276686594,0.9074990947557289,0.9662914904527499,0.9652185178040371,0.971032335725036,0.9700883919627912,0.9255719855809258,0.861701184828456,0.821129314985033,0.875628006051315,0.912042628658239,0.8999353350453785,0.9055398982859277,0.9047475159537769,0.7234713977204423,-0.590437193107741,0.961628667457688,0.94569501088777,0.9454610305459347,0.9739876262648178,0.9522751825140056,0.9676283566574206,0.9672854482939395,0.9232323831514987,0.969215887316117,0.9256676860921141,0.7760367173864581,0.9471114121052446,0.9574851481672321,0.7846724874008686,0.9466893990398356,0.9479097843600215,0.8969497177377491,0.9755171134506783,0.8975842321810023,0.46370328317612103,0.6853327586887719,0.9034032197005684,0.8553276099271272,0.8992227301029934,0.9822403185651518,0.982454545027593,0.7678769963425156,0.7218843833951348,0.7710264527295692,0.40689123993672294,0.7268949451418101,0.7757772677482938,0.7712656002061682,0.7384119806656254,0.76950000004013,0.7406105365429796,0.7221600733203601,-0.5245023584766015,-0.607392119813289,0.6760924654837591,0.8813143301936497,0.9195738518793114,0.9366380832687976,0.9034405700056417,0.8114162035255421,0.898026894454653,0.9132941854701633,0.912767357101964,0.8035327633922273,0.12859601757853767],[0.9946512021417209,0.9918900626150368,0.9969988641880616,0.9953272266633774,0.9981515897302524,0.9784940770030407,0.9995823325579266,0.9999993212835179,0.9872113083364826,0.999999139609859,1.0,0.9997672753635383,0.9999963838360572,0.999994835202276,0.999998342618944,0.9996688490055077,0.9975593813491441,0.9992031246761529,0.9997870711442427,0.9997870855060291,0.9999984344482952,0.9999983689496286,0.9930428142981484,0.973781886227011,0.9952908673044075,0.9821250738128781,0.9958767048458229,0.9909232586134418,0.9833581034216841,0.9466385585800022,0.988872416170192,0.9932313679317647,0.9836988246201502,0.9445668425742916,0.9992835725712346,0.9993389358728468,0.9992789717723124,0.9998947091235326,0.9992381788003413,0.9992890738127203,0.9979264810321499,0.9984998938163633,0.9992573554007701,0.9992550196353015,0.9885642352997391,0.9336103753511368,0.9171324309457205,0.9538802862146323,0.9380776681863823,0.892876496318138,0.9163064187774546,0.90640578966383,0.9207666455271557,0.9293333264710072,0.9147061460147605,0.971146540212355,0.9711225984754525,0.990669343535366,0.9952045251426451,0.9652052241729959,0.9600841254768424,0.9607647310762952,0.9621969497049102,0.9621824321744921,0.9619275201564029,0.9129675149961002,0.9432426617283763,0.9189250570226695,0.9185066110639211,0.8390792458048147,0.9641068273585075,0.9696309467656791,0.9660846635369031,0.9649879367904783,0.9174988506002647,0.7943963094998931,0.7563210545884624,0.8377606420933515,0.8910566653379709,0.8596719996614112,0.8753154767056661,0.8739839365011578,0.7231106880029561,-0.3992129445652453,0.9488287764763379,0.9458301899703601,0.9455577604806944,0.9663646173835337,0.9387393169734228,0.9516316673593476,0.9509879354741408,0.894757171287072,0.9543973089805886,0.8994158711098964,0.7761935152246521,0.9474276596768967,0.961221299130318,0.6750235467227664,0.9059648934474958,0.9086651355331024,0.8538065161160006,0.9849110993198898,0.841534165136716,0.12354836328393573,0.5359410944769153,0.8536977474152628,0.8202443081679923,0.8483123436589808,0.9856634491911551,0.9856833241648058,0.5254525721535738,0.6342428701257438,0.5326769646061285,0.4068184553749268,0.4994890636516846,0.5437614018011431,0.533972286432112,0.4716015688247335,0.7579769077817191,0.6055705549176308,0.566664247520129,-0.48643314369457435,-0.5438508887829626,0.6755141503699288,0.860697345957024,0.8733446983634715,0.9053516858891181,0.8970469593229461,0.6732690793237998,0.8452752767489742,0.8661063352255289,0.8653940736431115,0.613151984940713,0.07597660397855324],[0.9940729244560748,0.9934005558880443,0.9961648011084099,0.9949522962529176,0.9981299065976016,0.9775595543293044,0.9996065248640215,0.9997630040372311,0.9896035692774383,0.9997675841992295,0.9997672753635383,1.0,0.9997807272328518,0.999766364712723,0.9997725371945281,0.9996703581070913,0.9981945276934785,0.9994013733880616,0.9999701481643434,0.9999698556462796,0.9997716866711615,0.9997771065114122,0.9926170963318703,0.9705747562409577,0.9940862577998423,0.9828173799197488,0.9948735851514019,0.9934334156287374,0.9795181094203291,0.9277497454961229,0.9914603996406542,0.9942445885326233,0.9791649247332644,0.9258235677451273,0.999414108005102,0.9994620311069142,0.9994228675452101,0.9995866706155889,0.9996111186953889,0.9994392111937033,0.9977983968671179,0.998531260832069,0.9994013118412953,0.999398150436616,0.9898471080737744,0.9291282838613408,0.903497009864781,0.9509607204388383,0.9370591100230543,0.8928727719353595,0.8812807357565927,0.9190131450900385,0.8848764903562132,0.9056282373153003,0.8795175207549801,0.9589235556443396,0.9589084519922773,0.981811488146139,0.9946485454981644,0.9640326169456188,0.9647317482326333,0.9563374446843429,0.9599807887313614,0.9589267316054745,0.9587551059034684,0.9129878746041531,0.9344957159895303,0.9042799637984931,0.904162974762474,0.822588369852906,0.9629729815712927,0.9650524044858093,0.9651182793636547,0.9645016756740477,0.9241615581773431,0.743885404509425,0.7026175551397608,0.8030891884895859,0.8686362657245029,0.8231661285062107,0.8467065059126897,0.845866372400576,0.7021616000978239,-0.28669545860195284,0.9430608577402118,0.9483697328353182,0.942750597257517,0.9648353171552755,0.938932615011376,0.9467085771023771,0.9458755850343221,0.8925172959305816,0.9491372286645884,0.8959578491276625,0.7278388106619895,0.9449045274522659,0.939305656543886,0.545526602352192,0.8500758158280854,0.8546595956509435,0.7490863171812843,0.9786199324431215,0.7252559091634597,-0.2457799185177505,0.27238806139765215,0.7489781318129778,0.7046310499987775,0.742685348643206,0.9797858450422846,0.9798794515155731,0.2129790588726628,0.37094280061907653,0.21819010919064966,0.19017965641216394,0.2101203656109273,0.22611558997778744,0.22371288635133088,0.14025764645200517,0.555224054981696,0.2896616190420917,0.23752420881727745,-0.5017112489603652,-0.5479042412167973,0.6762784870835801,0.7569101291956079,0.7806065899471439,0.8442370939583272,0.8259826411813116,0.5737183403757015,0.7614400411478532,0.7753182330919899,0.7742632512681482,0.4306040303255966,0.2662861306438544],[0.9963494559350902,0.9919789377752908,0.9902333446670001,0.9967358073227605,0.9985695445115655,0.9830748588527018,0.9984563617939938,0.999997083189177,0.9713568430544806,0.999998531240454,0.9999963838360572,0.9997807272328518,1.0,0.9999912453914179,0.9999976852821583,0.999381283714876,0.9932406568942339,0.9995044961090378,0.9999192160459585,0.9999191018806133,0.9999723369398924,0.9999989747849928,0.9910839675447528,0.9761803114920254,0.9936475750500928,0.9464393963807661,0.9941653289075393,0.9910268670477935,0.9766319508661427,0.9526920778530004,0.9889431020461379,0.9939876754859048,0.9924134632727026,0.9728486874307639,0.9995169549701781,0.9996161573362603,0.9997093438928668,0.9997457681673798,0.9993011358719008,0.9995529092171906,0.9983379286307175,0.9989191194758201,0.9995888224719318,0.99945793150552,0.981719195613693,0.9343048100741865,0.950587850270369,0.9538516840221516,0.9381310129579813,0.893692531110209,0.9564478721183813,0.9428090559814407,0.958450366760359,0.9576558682287627,0.9478561698173419,0.9801336125258606,0.9788133682321298,0.9910479148550231,0.9969599960467368,0.9471925148172359,0.9599283196991416,0.9684029983913522,0.9716163174245049,0.9702593042839971,0.9501761135408598,0.8981254511033986,0.9536256319620706,0.9571377839774521,0.9383757193493619,0.8854393192340342,0.9663091196055758,0.9384648826549566,0.9647850803286497,0.9478750336124964,0.7835070195621593,0.8619591978018468,0.7895554997026542,0.876020730643861,0.892898290250994,0.8997099944459872,0.8794923738286982,0.88886338190489,0.3604037071884751,-0.5847852595808745,0.9616713482297043,0.9458574451434275,0.9455983984001479,0.9513878970034529,0.9569099732053905,0.9680173689890824,0.9681648680078073,0.9222562398506312,0.9631620661066076,0.847196387807696,0.7761077264789545,0.9468218071357938,0.9453342328104352,0.8006126255136602,0.9528912102578225,0.9539406718301862,0.8972213614973225,0.9761780911327463,0.8356268197641049,0.5660763844072978,0.7094093102221487,0.8575687689185537,0.8469680473570681,0.8402364233359192,0.982222525839255,0.982406550756273,0.7684263990709792,0.7227011652365448,0.7841010742321164,0.4074219709042343,0.7747313211957965,0.7911974578285198,0.7890817081006675,0.7887244834623116,0.7701470201072136,0.7411664336755194,0.7227673533582768,-0.3055880846352873,-0.4564127705946746,0.6774687514812591,0.8818537636167001,0.9202669854672498,0.9331661271885789,0.9039141357282406,0.8154922307628729,0.9030438209071072,0.9216014195413633,0.9205414332740764,0.7588628669054202,-0.09869290965876613],[0.9963859674020934,0.9918667959668115,0.992378497619465,0.9968583763307841,0.9985810983370239,0.9836008098808957,0.9994864277080526,0.9999928046342769,0.9796904290709006,0.999991668117174,0.999994835202276,0.999766364712723,0.9999912453914179,1.0,0.9999951073759595,0.9995709678916092,0.997830134683221,0.9994630289566157,0.9999047274059243,0.9999037686526421,0.9999543317454392,0.9999915074195039,0.9930132480176106,0.9765988561237892,0.9959405519478727,0.96810483537648,0.9957238023565851,0.9908881371643302,0.977048100245948,0.9528522796963133,0.9892720761891952,0.9940298313763929,0.9917133330953934,0.9723851094721607,0.999494925407282,0.9995694573376899,0.9996290060558717,0.9998889433831982,0.9992650627544433,0.999502232355625,0.9982015237678298,0.9988417921692135,0.9995142493023434,0.9995074237808108,0.9842438788966685,0.9340505403931486,0.9503515106752943,0.9538713064134777,0.9381047671742729,0.8931601695219638,0.9511093987929616,0.9356188065827382,0.9533925163581075,0.9570163683204428,0.9471056921919996,0.9785821435973476,0.9784879435043223,0.9903253787122199,0.9969523455334544,0.9735292463855527,0.9597179970711226,0.9735550827699597,0.9716010531116006,0.9745001309369054,0.9742641540486812,0.9461967424676047,0.9532416223581813,0.9561995278209076,0.9558938982848162,0.9236765677654473,0.9663202978684972,0.9681268234447185,0.972874253459969,0.9718291783229231,0.934300176782586,0.861432064784886,0.8267855635952667,0.8754310963901867,0.9035570723791408,0.8994114781608067,0.9001490950698954,0.8990263516377519,0.7012264272115439,-0.5853624122348008,0.9616509806104611,0.9455634269923529,0.9452008866162266,0.9746091358288238,0.9569813454439462,0.9679652178856396,0.96806243675743,0.922598616487437,0.9690290702096832,0.9340426469858343,0.7759413705519568,0.9468724263289108,0.9506056822680997,0.799799309574543,0.952746897764446,0.9537420232858631,0.8968215280716628,0.9765178921603819,0.884834662404855,0.5651917401987697,0.7082376655238265,0.8926393446528367,0.8599506324497154,0.8835406210657313,0.9824866855415408,0.9826980204150987,0.7670004044721117,0.7213654822780888,0.8024800535604122,0.4068942282932449,0.7804272220358976,0.8069385109846232,0.8014615084950633,0.7883092170310539,0.7695915013966993,0.7393225894041663,0.7209143882722131,-0.39644732214873324,-0.5183512127656534,0.675450854577906,0.8813108707691142,0.9164907197956063,0.9285149484046433,0.9037736608219006,0.8139067779224088,0.8903602885601164,0.9095323482651229,0.909124309189946,0.8399108490379885,-0.0654063348069457],[0.99628824325131,0.9919256840429908,0.9904318139007268,0.9966915037664699,0.998579376986161,0.983301528011519,0.9992052653144377,0.9999982652713255,0.9762617853856757,0.9999977873260061,0.999998342618944,0.9997725371945281,0.9999976852821583,0.9999951073759595,1.0,0.9994703418134584,0.9971124606333056,0.9994807638434635,0.9999128326610371,0.9999122659490236,0.999966354634809,0.999997642264303,0.9912449512652086,0.9764332658601906,0.9953021319985221,0.9597280045556413,0.9951065208633952,0.990984192691454,0.976883145808335,0.9529096379605437,0.9914137210336047,0.9942519685627262,0.9922821698410538,0.9726373272446732,0.9994855695714776,0.9995779970091019,0.9996860498581537,0.9997615456446569,0.9992690487811599,0.9995096278890859,0.9982764213676849,0.9988683003331463,0.999555753695634,0.9994268198703853,0.9819600960526293,0.9341051534964101,0.9504327822327233,0.9538983193265146,0.9381000249422617,0.8933312287656165,0.9561676558756088,0.9425450836425607,0.9581977150848029,0.9572655849992726,0.94737593124999,0.9799021996362716,0.9785682042179147,0.9908789421621559,0.9968431015718893,0.9472158158269716,0.9599511979393189,0.9683626730150962,0.9716359371416367,0.9702072729741477,0.9497806466673678,0.8983463109041155,0.9533817461280916,0.9568742148014303,0.9382074825049752,0.8853572204587492,0.9664348351226785,0.9386495613453744,0.9648228618622824,0.9479314809014862,0.7839054623310622,0.8616662211891201,0.7893495186273076,0.8757867771669827,0.8928371756242898,0.8995791949066587,0.8793146134744136,0.8887049250595233,0.36061725538610884,-0.5844249050988076,0.9616546020442278,0.9458155442039576,0.9455612958879299,0.9499852641839867,0.9569707321128053,0.9679764823143315,0.9681178433786732,0.9224400951203483,0.9631038012931168,0.8474256311324898,0.776055397508493,0.9471187671228952,0.9457394828028713,0.8005637282311524,0.9528102095494255,0.9538719158683721,0.8966964845009604,0.9763335683724477,0.835161635128784,0.564803985758902,0.7086402098238457,0.8570952297929241,0.8465515659878323,0.8397747907837583,0.9823187171640039,0.9824997990088856,0.767425474426531,0.7218547564953579,0.7834650389689648,0.4070217840559874,0.7740357914514763,0.7904217912792977,0.7886053679810977,0.7879125803953693,0.7697226543345673,0.7399877342004249,0.7216061597146924,-0.30632800676859157,-0.4570426953371295,0.6772537383216555,0.8812338257975046,0.9199083555693313,0.9326608630844301,0.903467626245645,0.8147152651086659,0.9026511321969276,0.9210454926766574,0.9201115231408054,0.7582660426675065,-0.09792031864995858],[0.9977201857903103,0.994040592035348,0.9898846618044702,0.9979776755390328,0.999070185996634,0.9829762051995768,0.9998928056939762,0.9993340722544684,0.9742363279987675,0.9996851799795851,0.9996688490055077,0.9996703581070913,0.999381283714876,0.9995709678916092,0.9994703418134584,1.0,0.9984280945836737,0.9998533172624107,0.9995573552892671,0.9995620735605191,0.9997726090110067,0.9995435591709669,0.9908862733545902,0.9753886037014599,0.9939650476651102,0.9522728308457509,0.9936198364055302,0.9924657178294258,0.9750522458967956,0.953432286093222,0.9918293143557909,0.9926895984622539,0.9931465328433426,0.97471443503648,0.9992820716752596,0.9997371856659533,0.9997217054826174,0.9995774544581948,0.9996097593740565,0.9996931718739279,0.9988595392669812,0.9995904349729934,0.999515452755574,0.9992788393436739,0.9805764722986641,0.9326321458196237,0.9525301538285336,0.9509225219529968,0.93904596836268,0.9000029389579793,0.9581954919250024,0.9470218761218555,0.9605106340365834,0.9613508091417752,0.9515358875335198,0.9818650064128374,0.9806034736406901,0.9918265364977631,0.9963643088572176,0.9517845984145371,0.9637089676507725,0.973390652582137,0.9742579093117779,0.9749716816423446,0.9526373347140936,0.9042199179454903,0.9568599623639655,0.9622317490452473,0.9431834432910646,0.8941758965863188,0.9689839461744145,0.9436563904032302,0.9692401352939234,0.9523333349317271,0.7925216466697808,0.8672349006004467,0.793752814357604,0.8812899705675403,0.8979311258071608,0.9024108474395584,0.8830858435687347,0.8940181512029753,0.37194505644128745,-0.5815601243925134,0.9650409653702852,0.9507445670434583,0.9502687383582402,0.9541218805631833,0.9609518042216987,0.9712395007424807,0.9713206872860746,0.9269037207775537,0.9683916297470971,0.8553218301458152,0.7778151291843645,0.9378241382823812,0.9378352565457235,0.803019705652229,0.952878435900157,0.9537518797007052,0.8968875088591742,0.9728834377869217,0.8344322040129548,0.5746491720526544,0.7137532932253461,0.8571337199068646,0.84927