var element=document.getElementById("correlationAdjClose");if(element.style.display!='none'){var correlationAdjClose={"data":[{"type":"heatmap","z":[[1.0,0.9999934452363155,0.9853841396860535,0.9999266101220987,0.9990932790042546,0.9855537074576234,0.9978744463519309,0.9960224051017069,0.9692158168809898,0.9963510128004262,0.9944432967021318,0.9940062902225663,0.9961428614099276,0.9961764200049754,0.9960618806257879,0.9976157806793089,0.9978680545215621,0.9983776863306989,0.9966707904887145,0.9966812697656746,0.9967372962809227,0.9960989828829183,0.9871858351574082,0.9711830298933085,0.989745919126943,0.9562401920276664,0.9887142265638748,0.987573480559523,0.967573689261124,0.9514706579800458,0.9929782646923992,0.994113813113808,0.9922973061401841,0.9768440665886912,0.9977761357803993,0.9980126193015124,0.9975356345482067,0.9961975853664009,0.9958324850840118,0.9979021592249084,0.9987695807866052,0.9988173602778325,0.9977333701995721,0.9977459038163753,0.9767295119829775,0.9138722490596392,0.9489689654482877,0.9203938877099996,0.9215392468492873,0.9012738651288191,0.9634127077443753,0.9476775637256598,0.9650871727714366,0.9656132152220258,0.9556261127451676,0.9844631884044979,0.9815371510937893,0.9904548351154483,0.9944961904513563,0.986586683398157,0.982311584094382,0.9881365793057307,0.9862597750338041,0.9886953360460384,0.9885056169355185,0.9650163250046169,0.9741600712194116,0.9754961794750283,0.9751723536297496,0.9525745474802849,0.9803164797335018,0.9775593066469382,0.98483945264707,0.9841102099644481,0.9425573576262966,0.8858278887651133,0.85273460634024,0.9020262163176974,0.9202592335120807,0.9173182880485361,0.9181973507053096,0.9168647390009314,0.6879595453975603,-0.5615369409050792,0.9807304146686643,0.9758856083813676,0.9725562351616628,0.9873353336462979,0.9747133311530777,0.9845186569874415,0.9844905804248796,0.9498120918392814,0.9846330650303079,0.9528919283540342,0.7636624254092134,0.9027950425855322,0.9271225873104068,0.7951330538651701,0.9498568151394545,0.9506554122245866,0.8996787928998912,0.9645507396132951,0.8961354160723112,0.6075071427070927,0.7205492522182775,0.9030093810182136,0.87022969650348,0.8940746028619697,0.973715019700711,0.9738917022314649,0.7815602363224118,0.7332947922985802,0.8250763490593027,0.41057227378128597,0.8018604787239498,0.8293609300504372,0.8246230362499233,0.8157805598250166,0.7768502110518579,0.7505303861929108,0.7330850429939529,-0.26973977612555855,-0.4088467001121504,0.6617719630594701,0.8934947668246781,0.9365402355779382,0.9434794300056788,0.910171623685377,0.8267006834309757,0.9108046594196485,0.9298274996440609,0.9296973129004545,0.864046086906536,-0.17519466905272574],[0.9999934452363155,1.0,0.9874411436168965,0.9998248023356059,0.9981861551015817,0.9900666371809368,0.994492007365213,0.9914450984385018,0.9842087524515397,0.9914641554151316,0.9914713905563464,0.993287722554173,0.9916063902679624,0.9914649777109097,0.9915067982131389,0.9938084065877077,0.9965226785808629,0.9961627974249352,0.9940451710479032,0.9940455634634552,0.991522670603491,0.9915688310172612,0.9913734010536441,0.9724863211321649,0.9882453428907041,0.981135311253289,0.9880856369351984,0.9874957262734181,0.9798518198033951,0.9305666097577001,0.9886802519242586,0.9861261915849956,0.9793820660010625,0.9289299790596697,0.9956083243191268,0.9955048601211829,0.9957447553350985,0.9920639990293973,0.9952066272204367,0.9957483006308055,0.9970649641277297,0.9972045843385213,0.9957197215979282,0.9957352322898321,0.9893340597279038,0.913500122034908,0.8859346389763082,0.9199973479946364,0.9213810339110612,0.9012483814098785,0.8755174052902268,0.9208035873856325,0.8783689159564458,0.9074277943545122,0.8752569740000445,0.9539156400860235,0.9538800145069372,0.9671738636930666,0.9841896732141282,0.9813629635383644,0.9840253161850385,0.9795670294880977,0.9795954076546416,0.9815138786733973,0.9814420082219673,0.950120558018051,0.9599113375068398,0.9359292586318032,0.9358606741097422,0.8640256123835331,0.977861257180048,0.9794574467618787,0.9797212679269998,0.9793146338012657,0.950196074444857,0.7504335681053736,0.7048041025753508,0.8192601356095248,0.8876670569012325,0.837131981949417,0.8630166141771016,0.8616791270730397,0.7064680171355024,-0.22855511268798154,0.9686136620359427,0.9731630614992669,0.9684252254701675,0.9820507444170273,0.9664462600958375,0.9719013746791471,0.9712558660157201,0.9281221314964573,0.9739365149809222,0.9316855710858781,0.672488648629142,0.9021680247186163,0.8998472722452933,0.46248833984257126,0.8158136234486516,0.8208031510505398,0.732953970504584,0.9656552075960345,0.7054608852026167,-0.28361932936898765,0.20536593061399352,0.7330527037302184,0.6811399577112829,0.7253994574735972,0.9671952703008203,0.9671397707706831,0.11254142417955315,0.2840928190549022,0.1192969708801535,0.09084883006337544,0.11317687449825826,0.1282256222661263,0.12528781939822745,0.046899720305879876,0.48203534134786713,0.21337504134362356,0.16265157997652477,-0.441695740607533,-0.48519464887561836,0.6620413275576406,0.7507603599948461,0.775109638238388,0.8349322356078763,0.8210156285974172,0.5655345817772144,0.749114359066608,0.7695218529497754,0.7682921354073791,0.4195951694956348,0.19855856684444184],[0.9853841396860535,0.9874411436168965,1.0,0.98681087212153,0.9930838522060037,0.9913474842218437,0.9900698757900591,0.9906891711655679,0.9905020902347068,0.9934348129846579,0.9974519133524299,0.9965624657775548,0.9905613026231798,0.9928258785350288,0.9907483872230477,0.9901532788023196,0.9908733079152562,0.9902588987015886,0.9893938581635657,0.9893666811956171,0.9922933380456018,0.9905776263091927,0.9945354665247529,0.9831444374113936,0.9912639472225011,0.9801562418406089,0.9917958748561732,0.9864529703718357,0.9855301372839752,0.957102395642006,0.9700384793707966,0.9741543761104449,0.976247506206752,0.9519849590225353,0.9873534533196324,0.9904400617526629,0.9888132002510479,0.9923974366423406,0.9947978667613563,0.9912175697246192,0.9851909802133422,0.9879479032459015,0.987682553741391,0.9870559825589107,0.9918476941077308,0.9090137465087661,0.931761517076293,0.9346719815422349,0.9138387569991623,0.8536906087627579,0.9215796158773827,0.9023922014731421,0.9241449740316342,0.9260898546093422,0.9116729656462197,0.9496972545019663,0.9579174049657972,0.9666400931945721,0.978220676366961,0.9379136188625782,0.9622674712501454,0.9613552476415473,0.9682818113931958,0.9616348350167803,0.9359569372291615,0.918400531933438,0.942725160903195,0.9332669100701481,0.9147825325429775,0.8885957624099075,0.9686349720402926,0.946682655221116,0.9612596128711899,0.9400752654381476,0.8167039434236641,0.8391475696909765,0.758274367867516,0.8581724747455867,0.8884731318918976,0.8895003763398859,0.8569115224378638,0.8712935862065743,0.38343633800927357,-0.5529707060928739,0.9580063720166103,0.9433907894244832,0.9433568013681061,0.9380261784024445,0.9523491519134151,0.9608301025111293,0.9603965262206176,0.9306040829514459,0.9560683063108276,0.8712543602696952,0.7445652808108054,0.948690605805061,0.9481967961272785,0.7686880256915012,0.9357407210743858,0.9375115876841527,0.8721820870165246,0.9800368891216552,0.7766165959122514,0.5121596255321087,0.6624983443248427,0.797180765110194,0.7964099879596007,0.7783833433453843,0.9826826050166427,0.9827235038097224,0.7082652540417455,0.6764241064959793,0.7111311995573482,0.35315209298961014,0.700280121643454,0.7131300543964526,0.7274790544941548,0.7112516253927493,0.7365275653001556,0.68253435022544,0.6637868872290822,-0.3338988981556162,-0.4726314359229617,0.6253489250292646,0.8537790172580679,0.8839549203989605,0.8887022653993867,0.8816701604422525,0.7578666441572115,0.8604598250774886,0.8728593902295771,0.8804135384961448,0.7347439901880175,-0.09756035794448518],[0.9999266101220987,0.9998248023356059,0.98681087212153,1.0,0.9993478964759896,0.9867029055708006,0.9981346769059023,0.9964684765217642,0.9715165137983037,0.9968397982508891,0.9951739924884286,0.9949790305131815,0.9965707277668011,0.9966944890946344,0.9965082079632088,0.9979048293815043,0.998214058919589,0.9986515339014839,0.997061712821218,0.9970697721524441,0.9971534111055008,0.9965315352194641,0.9884129736347251,0.9726237830374408,0.9907443103643423,0.9589292192471301,0.9898232729714986,0.9891515475984651,0.9696310967025673,0.9527064289171918,0.9923034890562514,0.9936344610132262,0.9922257292317028,0.9763836791638224,0.9978732016836336,0.998222336458012,0.9977778885860947,0.9966802556363931,0.9963241423140384,0.998144540960124,0.9986723708369611,0.9989049767028788,0.9978255456909656,0.9978346062359393,0.9786064010122321,0.9097672191138019,0.946750629276076,0.920986686146671,0.9199910729547365,0.8940816836643959,0.960418410640255,0.9443067869457363,0.9619975023257464,0.9630304618573232,0.9527368829092676,0.9823290850378785,0.9799682492166354,0.9895831858754127,0.9943180239436761,0.9851248839983037,0.9811965750657334,0.9868608862209888,0.9856565425698746,0.9873394760391947,0.9871412600768092,0.9545846729828601,0.9729041701267314,0.9739817332828504,0.9736536376343641,0.9472493504554468,0.979869646732352,0.9746349430583033,0.983376470096685,0.9826093578637359,0.9210030402890723,0.8842647802525835,0.8487811321821436,0.900267197099985,0.9173767653790921,0.9168069524588879,0.9157131195536162,0.9144250689055233,0.5940201311361544,-0.5611015384676619,0.9798895495849336,0.9746194170021023,0.9710941617335709,0.9858791559149741,0.9739421669891901,0.9837358806079279,0.983700483268497,0.9493831721919931,0.9831755073560167,0.937079863568485,0.7678415060654502,0.908598929258838,0.9312776607854317,0.796877065936548,0.9511873902141237,0.9520151417304911,0.8991795039332446,0.9658357645487837,0.8899112395877878,0.6037503521837825,0.7187110818924615,0.8974315743520789,0.8665078328917616,0.8882225159515847,0.9745833632756227,0.9747669219301713,0.7802897477415303,0.7334548484917874,0.8170368604665561,0.4124449182212135,0.795998746807805,0.8210421746919015,0.8162303228580791,0.8102935127917718,0.7791813896035549,0.7503240778436532,0.732962775988746,-0.26514366822369473,-0.40811971094124416,0.660799232053817,0.8914382296992657,0.9345384431552152,0.9415455375545685,0.9087672880520364,0.8237701503391889,0.908666117115785,0.9274233372939941,0.9274470237679766,0.856568226580419,-0.16797317660929825],[0.9990932790042546,0.9981861551015817,0.9930838522060037,0.9993478964759896,1.0,0.9895938877655983,0.9991070872435344,0.9985224482658086,0.9840203027211089,0.9985227588982977,0.9981056603225041,0.9981462275567776,0.998554092282503,0.9985552702769369,0.9985528736668203,0.9990614488062648,0.9986699932382604,0.9992994023715353,0.9988859970237665,0.9988857235763705,0.9986162042981216,0.9985455343253282,0.9943922935099367,0.9802557664172536,0.9948367821127896,0.9765295743332923,0.9947875101306186,0.9918736152565392,0.9826332437503147,0.9559915024424782,0.9891694258568408,0.9918547409972928,0.9893297766503436,0.9679910614459494,0.9989556670798819,0.9990043977489222,0.9990187575108688,0.9986338049512729,0.9986681857056338,0.9989955544670335,0.9989741334646803,0.9992008532139167,0.9989548359964112,0.998954803369196,0.988385791069149,0.9199270098279038,0.9458557370146902,0.9331503076372988,0.9245557144721593,0.8893317173137086,0.946214608181733,0.9374968319088262,0.9504637052750875,0.9560371071080561,0.945099396596912,0.9792584056271451,0.9791873343986122,0.9893636560478245,0.9941741985959816,0.9818971062091872,0.9758372949075426,0.9826031761207126,0.9819152540095908,0.982952380747763,0.9827262218707269,0.9557040175345618,0.9643688748823072,0.9591580902396631,0.9587590866862324,0.9208217133536901,0.9772340113530686,0.9736189001834822,0.9795564490404021,0.9787363923999379,0.9400249366585177,0.8636016799118155,0.8246135894484099,0.8851476523465845,0.921868361112728,0.9058616671567841,0.9131995669905362,0.9120674207123727,0.7434533563421614,-0.5752427470238216,0.9737517076323321,0.9646637733010112,0.9619940986197517,0.9828760099166421,0.9646365131971268,0.9773358003883461,0.9769572337823466,0.9408663726880511,0.9789651649908844,0.9438044686630782,0.7570429598696734,0.9243073801999562,0.9514674252533932,0.7581772628295819,0.9379742138741087,0.9395044931317666,0.8931552450257603,0.9709851789277933,0.8870710801228361,0.44519122857411964,0.6586612290010383,0.8928417313167477,0.8402137385351431,0.8880312488215217,0.9781980901699536,0.9783392950773008,0.7437689752869042,0.7164880044279157,0.7477799662751317,0.3899762166249663,0.696758363586849,0.7528883659815493,0.7482198929742363,0.7109952081595843,0.7654264838383745,0.7349103707535426,0.7166617421974487,-0.4740084927184463,-0.5547460450149976,0.6546618047855938,0.885586428733657,0.9200549398712418,0.935165862151658,0.9062971588099062,0.8039456470434783,0.8956407913914787,0.9136054332544493,0.9131772517880914,0.7927293999938274,0.04161434876102278],[0.9855537074576234,0.9900666371809368,0.9913474842218437,0.9867029055708006,0.9895938877655983,1.0,0.9850400507757737,0.985791167733731,0.9922073811597402,0.9851815485909315,0.9807280725403024,0.9796861330429598,0.9856735498406365,0.9861529652439517,0.9858916531607403,0.9855360608165729,0.9887486956860201,0.986723932760725,0.9865792149732866,0.9865757326773434,0.9846950342532028,0.9857696741746794,0.9956607155344739,0.9931695779486803,0.9869656897063706,0.9860901299720025,0.9871690356405881,0.9771038488492515,0.9878195548183201,0.9726999612671963,0.9643000324604093,0.9697556603262381,0.9779774519242537,0.9660997774156798,0.9847809680661754,0.9850852689144263,0.9859051318710138,0.9864539286536483,0.9805150829127997,0.9855097977849113,0.9839027165947447,0.9855940876190635,0.9849450647248158,0.9849148171174317,0.995826331988432,0.8678797439184336,0.925129612850636,0.899817827333501,0.9125266116700607,0.8743784618919996,0.9199288445332778,0.9089655764851317,0.9224081255309536,0.935526924220243,0.918107598407731,0.9523877546058043,0.9573662846641519,0.9633318565232575,0.9731614928816333,0.9699326073157547,0.9853054520624278,0.9714765739786466,0.9833559821684323,0.9710745799477348,0.9705039899292277,0.9751232714418088,0.9669042873089763,0.9467385793719315,0.9461894832460297,0.9434975841530954,0.9816499869635437,0.9741860864819416,0.9711982736892288,0.9697892502949246,0.9610224015550316,0.8848209962224014,0.8380099895394933,0.9026812076994287,0.9130471697479118,0.9221866825102738,0.9033671465685441,0.9011991642906567,0.7169567920127164,-0.5135800484035654,0.9794545044828905,0.9801709914828772,0.9759054594540454,0.9708870112430743,0.9714186202568021,0.9783956155532603,0.9779821176970547,0.9661612649328797,0.9677660967086144,0.9650373526976529,0.7690260981562801,0.8815378668171365,0.9508581461712963,0.804219629217396,0.9402018188488626,0.9412757836842861,0.8692915465349826,0.9593637840912009,0.8387285299952677,0.5350651373221037,0.6864034145957572,0.8481739871363929,0.8213876119367713,0.8374789575368432,0.9601994772670281,0.9602725513236663,0.7363768585951274,0.7104828531731445,0.7543684561057429,0.4140624523543295,0.743703106312075,0.7598950566974976,0.7537377570911726,0.7499724344007066,0.7618840603038546,0.7138680807932233,0.6990581702409447,-0.29332495663098934,-0.42330626434477364,0.6722233096365138,0.8628532132070466,0.8810484996951998,0.893224013020427,0.8746125020538046,0.7865061795269437,0.8541143625269633,0.8725871514824015,0.8726968491079135,0.8146935282554149,-0.1345569534034288],[0.9978744463519309,0.994492007365213,0.9900698757900591,0.9981346769059023,0.9991070872435344,0.9850400507757737,1.0,0.9974500171383835,0.9575438466756195,0.9995923955667295,0.9995388321940539,0.9995545575037751,0.9983619220330763,0.9994573320652393,0.9991509239407852,0.999888432797666,0.9964465769488906,0.9999028359173106,0.9993534315198236,0.9993583397344922,0.9997011436705558,0.9993017749901506,0.9907894207983151,0.9747704237515128,0.9854650733046623,0.925973849553085,0.9933137734290931,0.9913212389944426,0.9735199521255483,0.949990301209552,0.991613657106464,0.99175139435987,0.9932764808404656,0.9737882260126937,0.9989687797056451,0.9998448971120253,0.9997026410592209,0.9994656788086008,0.99974989321742,0.9998284170884177,0.9984558039887219,0.9997245070290085,0.9993632960947068,0.9990072686865978,0.9811722955224104,0.9276541908569618,0.9494256634973091,0.9437350670498275,0.9333728673845428,0.8895703677551061,0.9568187662342342,0.9439479996023221,0.95910012880873,0.9601895304950339,0.9510013589970635,0.9812599734664676,0.9803372578980787,0.9914809779083354,0.9963684763586171,0.9480542728918177,0.9638712656880185,0.9733943831731312,0.974098935683922,0.9749771961266918,0.9481351693170879,0.9051333843534277,0.9557025281452064,0.9612304077002176,0.9392460333663454,0.8950636181521746,0.9677009691280004,0.9401022726177204,0.9679306480337736,0.9484844147956585,0.7786688405232567,0.8577184799955169,0.7795771550518226,0.8728490695529716,0.891363420460947,0.8959836193829519,0.8745118593919761,0.8866365847491879,0.33467835756889547,-0.5946193134821262,0.965018502368086,0.9508504560362849,0.949502458364281,0.9497554014999547,0.9611001789166084,0.9713675841018279,0.9714176700085946,0.9307981738645565,0.9679738747858917,0.8497277015256282,0.7519482761137298,0.9248806722691677,0.9308305182610666,0.7854745277643795,0.9492317295742354,0.9502291338481326,0.8963039204131563,0.9703709016873353,0.8321303827225731,0.5954657863024386,0.71068684584252,0.8552228242769743,0.8466179548473595,0.836750675018225,0.9783846427736305,0.9785790685790412,0.7699214498412604,0.7137607430142352,0.782105938645182,0.38468650554358885,0.7741799962430084,0.793560879442703,0.7887400724128061,0.7911856751864078,0.7621954086688191,0.7404846176464663,0.721365412525911,-0.28053207987694734,-0.4309191332652721,0.6715504894918104,0.8889785278542243,0.924652968393252,0.9411770947090848,0.9114230083999432,0.8239090265214407,0.9097799781184852,0.9296933534318772,0.9284277634672072,0.7755293346227585,-0.13405934267858516],[0.9960224051017069,0.9914450984385018,0.9906891711655679,0.9964684765217642,0.9985224482658086,0.985791167733731,0.9974500171383835,1.0,0.9684971514053765,0.999999821804341,0.9999992694689865,0.9997319247202332,0.9999970425347535,0.9999922401487319,0.9999981421663521,0.9992855985561605,0.9910371207243218,0.9994219245567448,0.9999044243428811,0.9999040313145201,0.9999629314600579,0.9999987391920747,0.9911640337442824,0.9762493094201752,0.9925886352516629,0.9401189201800663,0.9938162780856312,0.9893695688949043,0.9757212515761396,0.9492109280508854,0.9879031596997082,0.993798991922416,0.9917675133078447,0.9705556970565499,0.9994556790428225,0.9995482227030803,0.9996584819089239,0.9997303410172073,0.9991414783737447,0.9994760971757739,0.9981526925106403,0.9987621382228148,0.9995267934419013,0.9993903429792242,0.9827950677320635,0.9274815598237218,0.9465826300925131,0.947924555847313,0.9314719378500561,0.8780080635731567,0.9550833148971108,0.9392903424417521,0.9569900512896432,0.9542647450525805,0.9448075801048904,0.9792145541758178,0.9772928328741642,0.9904212250109848,0.9969362043636614,0.9430065428325498,0.9595314172591535,0.966864702332565,0.9709437988942394,0.9688431589290725,0.9463763194918849,0.8971388434877647,0.9508429038530402,0.9543452196521958,0.9337574116980708,0.88261764462734,0.964900794386042,0.9338055494624449,0.9623845943173741,0.9437959331931995,0.7655294844971142,0.8494983946730205,0.7750699768924015,0.8647019879416462,0.8840579605727511,0.8912948826881089,0.8700374056140612,0.8797312412997055,0.31677206199173635,-0.5991298471041714,0.9607332114131175,0.943977236503024,0.9432645819649296,0.9477607606562217,0.9563464968131737,0.9671517683274358,0.9671894422432692,0.925760968058395,0.9610173388017019,0.8382301717011809,0.7487267533835543,0.9396086632314735,0.9418158655488997,0.7816136686896757,0.9489359030797968,0.9500911996133471,0.8937463703911778,0.9744452241489073,0.8351772040862081,0.5811483092101402,0.7018167451183744,0.8562939074512045,0.8434651910568797,0.8390188831228056,0.980922371662014,0.9811209831864796,0.7607923719465475,0.7058766706990194,0.783483783542485,0.3718143892823045,0.7690013622963146,0.789019034285393,0.7892408129200359,0.7855772627544162,0.7558022815594763,0.7345886926160631,0.7148742353432123,-0.2964555169649101,-0.4458061936974616,0.65698199849469,0.8812628518922604,0.9221625017010842,0.9335688600264802,0.9055480986077427,0.8130244549517635,0.9033170997034592,0.9233941139784765,0.9224069088649033,0.7564274658478455,-0.11697339694534009],[0.9692158168809898,0.9842087524515397,0.9905020902347068,0.9715165137983037,0.9840203027211089,0.9922073811597402,0.9575438466756195,0.9684971514053765,1.0,0.98350055797057,0.9876237264048323,0.9897557047817016,0.9721922677095401,0.9805083149771172,0.9771328726610335,0.9749495138724132,0.9489966511630307,0.9796811372479433,0.9778606248264986,0.9778246922734367,0.9819735943343442,0.9769859574286792,0.9940053854731616,0.9923377042005613,0.9814493203816038,0.9881397113049587,0.9844787550345405,0.9895951171139854,0.9901985149485515,0.9659573249898472,0.9283532108539055,0.949966117713654,0.9654151856424231,0.9479625348898393,0.9715476115952912,0.9798354232789904,0.9766228509162979,0.9789889644771149,0.98781892868069,0.980947242211019,0.9673851053642958,0.9767317163907707,0.9723854849379305,0.9713217454478561,0.9989152428190002,0.8859367005707318,0.9156028977339852,0.937718999377147,0.9270575105959686,0.8498098228315076,0.8849941342210238,0.8800451903167575,0.8887519188860021,0.9094392119904972,0.8913090048003254,0.9285833707477618,0.9438015726743724,0.9497102653485878,0.9624180169550065,0.8965482324343085,0.9631809515830868,0.9399757923633026,0.9616155880622645,0.9400280303800196,0.8946296852252632,0.9062198846195683,0.935579716445403,0.9078934926806189,0.8708002607735477,0.8697218844783517,0.96298508952382,0.912770330718996,0.9385385870330339,0.8996279543780189,0.8021222515186741,0.8312979014723646,0.7129379753238195,0.8524225284387236,0.8686158196946089,0.8822731675291656,0.8304061615273617,0.8490645167088802,0.359919487336041,-0.5389893667470478,0.9517957612321267,0.9457855266726349,0.9422471142610919,0.8957946208474575,0.9413194692945556,0.9500131894966302,0.9494028866644056,0.9324834278188312,0.9341208941755821,0.8561458845996235,0.7516259331558451,0.9310066414495239,0.9572617058591335,0.7773913130675741,0.9290015313215376,0.9307269083639177,0.8500997649599766,0.9677240887043003,0.7434477787058748,0.47545071560168856,0.6440384467031391,0.7751982914039425,0.7738289533640993,0.7533679635385632,0.9671790536970379,0.967189147639252,0.6895609959571908,0.6660581438974806,0.6768397038693913,0.3612491909737575,0.6826893308345692,0.6919730011270415,0.6774438358145469,0.6901554116125524,0.7299628824705615,0.6777110207937168,0.6602509398371955,-0.34121650351126115,-0.4763802015622124,0.6708181910319614,0.8395386022524495,0.8375387992006339,0.8640755785315166,0.8616461487880309,0.7515149176906598,0.8164571172440144,0.8431292368984417,0.8372061559677789,0.7074451677636697,-0.05690604221060379],[0.9963510128004262,0.9914641554151316,0.9934348129846579,0.9968397982508891,0.9985227588982977,0.9851815485909315,0.9995923955667295,0.999999821804341,0.98350055797057,1.0,0.9999990983650144,0.9997369952961869,0.9999984989308262,0.9999909689556599,0.9999976308365194,0.9996584467703916,0.9977518781888571,0.9994158543131944,0.9998756346663076,0.9998755838051128,0.9999758691857702,0.9999992687507682,0.9937449473585012,0.9777033277477668,0.9959115407710162,0.9735237702355176,0.9959928119071657,0.9893484303547534,0.9800160510147837,0.9503692539542666,0.9892565761478288,0.993465129512182,0.9891262696029252,0.9668507886964939,0.9994701866920275,0.999538786836382,0.9995502846558966,0.9998210163538973,0.9991556567772563,0.9994839122645803,0.9983436511962581,0.9988010486543689,0.9994731206638725,0.9994687999551715,0.9870670436590017,0.9274306711868537,0.9466203222132958,0.9477215922153378,0.9312546866091267,0.8781587503669185,0.9441002644155049,0.9319729549218685,0.9477504091785136,0.9521968784070821,0.9425889993814806,0.9776134039077254,0.9773273923982783,0.9908935366365013,0.9967032077319878,0.9718882830792943,0.9594570032227968,0.972684747050437,0.9708971955054858,0.973121617227099,0.9728511261536857,0.9436037479152002,0.9507614107711891,0.9495226411058897,0.9491738617168765,0.9094460331450979,0.9648246765691697,0.9640107426933398,0.9697864812193417,0.9687758173694028,0.9268120776717574,0.8495540271721086,0.8047293206720624,0.8644716920293773,0.904762303756708,0.8912039264699221,0.8974536807349177,0.8965558433136405,0.6953083671200997,-0.6099596548587909,0.9606782839051252,0.9439873664266375,0.9432831760546667,0.9731114818521565,0.9516099864447294,0.9667354357335468,0.966335212920763,0.9263766476083882,0.9686033321189511,0.9296332593856659,0.748742492405306,0.9392695587245581,0.9541349559622541,0.7634010311546819,0.9419805160773109,0.9433162104603741,0.8938178653440444,0.9735554305756289,0.8947818095627986,0.4822542904574571,0.6763114452043868,0.9005028500838903,0.8484800972713479,0.8958768441860105,0.9808757168121055,0.9811071564068978,0.7608607881857848,0.7056329108623305,0.7641340241071175,0.37194620832072006,0.7145943421815163,0.7692289332047731,0.7645657697753352,0.7302530816140828,0.7555545218126993,0.7345691527363521,0.7148330496158667,-0.5198241853033126,-0.6012900947160053,0.65698302904945,0.8814106370457083,0.9218279456416195,0.9369045421591602,0.9057390212232583,0.8093039683453482,0.896630060391199,0.9151458859347618,0.9145995304607133,0.8043174415594999,0.108988374644027],[0.9944432967021318,0.9914713905563464,0.9974519133524299,0.9951739924884286,0.9981056603225041,0.9807280725403024,0.9995388321940539,0.9999992694689865,0.9876237264048323,0.9999990983650144,1.0,0.9997370172251825,0.9999962556527829,0.9999944963307186,0.9999982156682088,0.9996366336163921,0.9973336041213783,0.9991181284848224,0.9997656549215259,0.9997654694123228,0.9999983575515322,0.9999982338373286,0.9926869767328562,0.9720763592901919,0.9948643403858123,0.9812006571124572,0.9954769941041972,0.9893657064058085,0.981698700831482,0.9408249268104315,0.9878025691769725,0.9925735992295205,0.9820462038396764,0.938686049747211,0.999209212212276,0.9992707425386795,0.9992038851683535,0.9998854829652906,0.9991366997851613,0.9992145047574456,0.9976996508495385,0.9983393811324922,0.9991778296649924,0.9991768734700837,0.9889361670145356,0.9271101160384804,0.9088142441422844,0.9476494424545252,0.9311289554968888,0.8777912807664457,0.9082604369776808,0.8959459066225448,0.9132088686997596,0.9217866615900683,0.9066107724468317,0.9683911920863929,0.9683614356146623,0.989930050232846,0.9950251933852216,0.9639705485561344,0.9595577003243089,0.9605855308951897,0.9605849329628565,0.9624202527914767,0.9621431510280456,0.9185014558598668,0.9399417024268217,0.9158862898026833,0.9153833914832279,0.8354937593044389,0.9620197608021379,0.9683143470365191,0.9644061013148875,0.9632936941019808,0.9169901072613299,0.7696627029937938,0.7260498301830125,0.8193411499456652,0.8789413717361776,0.8433930878581546,0.8611012028103893,0.8595901541229495,0.6874988828589584,-0.43457736257689,0.9464482412786385,0.9440954798463888,0.9433542445997866,0.9653699000722057,0.9374220591148611,0.9497389551871548,0.9490392206693341,0.8943537419195181,0.9529716732376136,0.9002990215971072,0.7488911976498417,0.9396381722851994,0.9569262223067773,0.6340571966056829,0.8951861268817722,0.8982079879034174,0.8483891812235684,0.9841229990786282,0.8359349763272889,0.14775516154788373,0.5214339122172934,0.8483327693147311,0.8119732222636129,0.8423160162201784,0.9848551412945965,0.9848671792257361,0.4989513033313799,0.6095941152678684,0.5066067295361992,0.3718469780383894,0.47076006643847135,0.5192119234125028,0.5085727419013746,0.444947842317026,0.7424950904213885,0.5864005374505936,0.5459563372022218,-0.48497423631645253,-0.5393185585454476,0.6563410867215778,0.8597531356623922,0.872700683901273,0.9021699674326188,0.8992019373119232,0.657473437787418,0.8364845156613904,0.8645014242000407,0.8637213681741134,0.6061406548616604,0.049009274572526226],[0.9940062902225663,0.993287722554173,0.9965624657775548,0.9949790305131815,0.9981462275567776,0.9796861330429598,0.9995545575037751,0.9997319247202332,0.9897557047817016,0.9997369952961869,0.9997370172251825,1.0,0.999751582072327,0.9997352317612976,0.999742655918121,0.9996371725167659,0.9979769182071431,0.9993290758375951,0.9999653189915424,0.9999650264168127,0.9997415195255163,0.9997478430156098,0.9919482980328767,0.9674010933669069,0.9933932037482379,0.9812983699788441,0.9942406911922281,0.9923115209720867,0.9768896524026535,0.9182452289711401,0.9904164442751269,0.9935458031108085,0.9769658959575505,0.9163016029660268,0.9993365663576618,0.999392132483521,0.9993476648222286,0.9995358010166477,0.9995620843733086,0.9993663754357965,0.9975127049346333,0.9983510290250396,0.9993224400352515,0.9993201970728658,0.989985822681858,0.922070200308719,0.8930993851633737,0.9445384996942507,0.930630576190568,0.8778813688879158,0.8677758839227053,0.9087778429816512,0.8719728532884757,0.8934630537680293,0.8659313156751685,0.9544323608571964,0.9544079208191252,0.9798633148432516,0.9941307791138969,0.9626969356585415,0.9641973912199113,0.9563015130537439,0.9582273072627829,0.9595757466654369,0.9594194583278758,0.9187048181411948,0.9311717857929903,0.9013097046942381,0.901179952094167,0.8163249058928778,0.9602199438597719,0.9626552418843286,0.9628672665959761,0.962316880216163,0.9229966224419436,0.7045407861264599,0.6553902847153517,0.7751292925498163,0.8508911871831162,0.7974836927056109,0.8250181732490249,0.8240443672349183,0.6548771740845706,-0.34438637668093675,0.9403835747829286,0.9473187346499168,0.9401836491248647,0.9638165771201961,0.9377437819134222,0.9447361522504081,0.9438515695695916,0.8910581860884539,0.9477997888298465,0.8958849341281246,0.6900178656274003,0.9367165476035441,0.9309916932444496,0.47727517119086216,0.8283109792787889,0.8335975929834218,0.7325032933273075,0.9768370294777984,0.7081076963359343,-0.22541265366470606,0.24630786250090972,0.7324882698525753,0.6866054690986153,0.7258851955942304,0.9780246719997966,0.978095915883648,0.16139003630332224,0.3186792855883477,0.16655035152940287,0.13807182529603426,0.15881279646438554,0.17604200806669726,0.17375874624632304,0.09023729572095815,0.5127620204389876,0.24420492255503085,0.19148432898410248,-0.507338577588542,-0.5499385016362602,0.6571252522248491,0.750221213881998,0.7744125557001507,0.8367587976082458,0.8251340926326195,0.5537134451314434,0.7462562485546597,0.7691865215172305,0.7680377012070145,0.4195085350395953,0.2425096880415294],[0.9961428614099276,0.9916063902679624,0.9905613026231798,0.9965707277668011,0.998554092282503,0.9856735498406365,0.9983619220330763,0.9999970425347535,0.9721922677095401,0.9999984989308262,0.9999962556527829,0.999751582072327,1.0,0.9999907324582916,0.999997671632251,0.9993367339781236,0.99277864770895,0.999464353071973,0.9999137512136713,0.9999135617825048,0.9999701105309335,0.9999989412070066,0.9910594499625422,0.9760837879535745,0.9932513982191024,0.9450568128790368,0.9937706759317145,0.989500689611205,0.9755336926992587,0.9491835854579289,0.9888079817982799,0.9938748204382412,0.991859233064186,0.9707076491599059,0.9994983780566653,0.9995891573213059,0.9996898737639301,0.9997308749884524,0.999208535815699,0.9995187395068056,0.9982415247015829,0.9988332974856549,0.999570003725656,0.9994339308560998,0.9825737058541328,0.9277788044264936,0.9467728560850588,0.9478824510117564,0.931664768231391,0.8787601499528682,0.95543892136929,0.9397000002557546,0.9573510403637412,0.9546311835404777,0.9452198121716112,0.9794714357501819,0.9774907257037474,0.9905651785752749,0.9970113917099296,0.9433019472744446,0.959643995268253,0.9671218170418778,0.9710515261415612,0.9690972915431664,0.9466228070421958,0.8972298898306056,0.9510676266828624,0.954729751063185,0.9341721640973784,0.882954153991775,0.9649601796437848,0.9339986368501279,0.9625847754208745,0.9440710423960166,0.7655562140211332,0.8498917187958923,0.7755840375679545,0.8650759304267983,0.8843453133571185,0.8914959431981997,0.8704101005426699,0.8801084153848505,0.3170033840841629,-0.5991149676357633,0.9608982542401601,0.9442399179394313,0.9434932170684076,0.9479954111179408,0.9565259767495345,0.9673307515275761,0.9673702746919038,0.9258704838445435,0.9612943877053979,0.8383676810142985,0.7488510324856938,0.9389436397238379,0.9413039075749579,0.7817437662401375,0.9489652922180759,0.9501119326031553,0.8940865597980205,0.9742931437559125,0.835651078546686,0.5822124960489085,0.7024836352708055,0.8567581036867641,0.8439965646122236,0.8394888331140473,0.9808518436656443,0.9810503947458196,0.7614234838322369,0.7064304902771805,0.7840822805261807,0.37254071719422843,0.7696794163635817,0.789706973699515,0.7898504075393289,0.7862871344489484,0.7561681854469047,0.7350417882199834,0.715348296415455,-0.2954925497154071,-0.4449459147683513,0.657470954382754,0.881783894593897,0.9226159537812152,0.9340987984728262,0.9060195329941174,0.813591739603964,0.9038928608431323,0.9239624865283901,0.9229639513584253,0.757108531287869,-0.11800287942608385],[0.9961764200049754,0.9914649777109097,0.9928258785350288,0.9966944890946344,0.9985552702769369,0.9861529652439517,0.9994573320652393,0.9999922401487319,0.9805083149771172,0.9999909689556599,0.9999944963307186,0.9997352317612976,0.9999907324582916,1.0,0.9999947122307116,0.9995363335981798,0.9976788292787936,0.9994193937892716,0.9998979399442596,0.9998968834635183,0.9999510180478663,0.999990872409966,0.9930478081090831,0.9764887360388824,0.9956262220359677,0.9675232027331058,0.9953906919773771,0.989313756841881,0.9758461146878618,0.9493258013402623,0.9889423647735051,0.9938289749560621,0.9910790036207403,0.9701755946412881,0.9994688248990735,0.9995404783531874,0.9996050946696221,0.9998807789501962,0.9991671368079608,0.9994652518593373,0.9980746368187741,0.9987504261851463,0.9994857852569577,0.9994790288233169,0.9850473268925627,0.9275886168223119,0.9465077048908282,0.9475934480825583,0.9311025307113947,0.878083489238408,0.949234411863817,0.9314461850947452,0.9514222572674221,0.9539586393077486,0.9444746873082286,0.9776571947695774,0.9771471237837792,0.9897690168165789,0.9970068569906413,0.9720356691382298,0.9592239296557735,0.9726586652044387,0.9708977111512396,0.9736463082174001,0.9733619206068934,0.952086403091063,0.9504517339250559,0.953734676084048,0.953365634735458,0.9256273047098027,0.9648590239244025,0.9668345411193637,0.9713706811496362,0.9702218834555426,0.9360631322960212,0.8492079510912319,0.8120182141400274,0.864208458390158,0.8957754962726999,0.8910591638360053,0.8919680424213734,0.8907436070731588,0.6728043045087512,-0.5994420119885765,0.9606940374548347,0.9438820109443461,0.9430265161701484,0.9732668372829631,0.9564036157968229,0.9671233062958088,0.9672105295167465,0.9258016425526354,0.9676320834355778,0.9377168177496882,0.7485721218204269,0.938960614233015,0.9472090683700425,0.7806994553139238,0.9487814442484354,0.9498636963863852,0.8936895108910393,0.9746572325453121,0.8838606221094546,0.5815274979788548,0.7013569042788382,0.8914671567704303,0.8562788203592429,0.8820812483162374,0.98114229480728,0.9813706627136278,0.7599387426061783,0.7050475128522726,0.7998655455675993,0.37189639994546564,0.7736763478322075,0.8044723081071354,0.7990199256572507,0.7846215931353551,0.7556231321744563,0.7332131859044358,0.7135178377639763,-0.3876943749601559,-0.508432411733873,0.6561976155794824,0.8814106656617122,0.9192298809545774,0.9294404930060227,0.9060847472099063,0.8121622458064399,0.8904781798463853,0.9120125755631023,0.911595050710606,0.8420994469689793,-0.08507927688293081],[0.9960618806257879,0.9915067982131389,0.9907483872230477,0.9965082079632088,0.9985528736668203,0.9858916531607403,0.9991509239407852,0.9999981421663521,0.9771328726610335,0.9999976308365194,0.9999982156682088,0.999742655918121,0.999997671632251,0.9999947122307116,1.0,0.9994311646343981,0.9969125264053892,0.9994377687757224,0.9999073682828643,0.999906669253864,0.9999640590129397,0.999997515845536,0.9912081790285601,0.9763115691633011,0.9949681795204097,0.9589261373931589,0.9947725108407249,0.9894095597935483,0.9757538116088055,0.9493038155078449,0.9912629179135157,0.994146799614567,0.9916998001510503,0.9704065157663773,0.9994679757161514,0.999549306434717,0.9996656864186063,0.9997460988755482,0.9991705301419365,0.9994729174245106,0.9981776821343861,0.9987773462948566,0.9995372830845052,0.9994031711877027,0.9827937793959711,0.9274405587184096,0.946517854115759,0.9476961117937254,0.931303504688936,0.8779815840255637,0.9551662508496915,0.9393681264874125,0.9571058637560825,0.9541498833775367,0.9446795959155366,0.9792365160003469,0.9772148929191167,0.990381293400201,0.9969020317534821,0.9433134669774768,0.9595448230997727,0.966983506074609,0.9709698859897744,0.9689501480784134,0.9460973098073894,0.8972197293810127,0.9506331843346862,0.9543374862306524,0.9338927400688427,0.8825526851469913,0.9649818287378082,0.9341656345892314,0.9625330294283175,0.9440334741011098,0.7654492044089333,0.8492007521671933,0.7750863477466168,0.8644463761243819,0.8840346990879452,0.891093628598818,0.8700067746845287,0.8797130974217222,0.316340176173109,-0.598977095177934,0.9607459696684879,0.9439697257997648,0.9432594973581895,0.9463213184903339,0.9564617768675299,0.967176805036814,0.9672111659855565,0.9258787589339453,0.9611256855768647,0.8382187431881647,0.748107064570479,0.9390943038324358,0.9416151290390883,0.7811561382087323,0.9487641183064074,0.9499262091064296,0.8934990858629347,0.9744189293603828,0.8352195874699425,0.5813783878861178,0.7015710920723837,0.8562950572136312,0.8435369054745515,0.8390417584070922,0.9809319272010888,0.9811279086430149,0.7602780222960281,0.7051819895883978,0.7834811903138024,0.3714291127357594,0.7688878807137416,0.7889251665985977,0.7894311873950768,0.7854456142666224,0.7554231338523177,0.7337245974580013,0.7140215065581561,-0.29597873566637534,-0.44530592094997096,0.6571414627036497,0.8812246862977332,0.9222901301423879,0.933664982117982,0.9056982236360278,0.8128387680034908,0.9035263015636525,0.9235088236992015,0.9226378223088263,0.7565364809730675,-0.11757811036811201],[0.9976157806793089,0.9938084065877077,0.9901532788023196,0.9979048293815043,0.9990614488062648,0.9855360608165729,0.999888432797666,0.9992855985561605,0.9749495138724132,0.9996584467703916,0.9996366336163921,0.9996371725167659,0.9993367339781236,0.9995363335981798,0.9994311646343981,1.0,0.9983228634755633,0.9998415584688531,0.9995249078133425,0.9995299670089403,0.9997549820030066,0.9995098533243743,0.9908229121204751,0.9752186524677297,0.9935372681295453,0.9508618135206347,0.9931731100977652,0.9912083291909254,0.9737685752506398,0.9498557563259342,0.9917454004030325,0.9925174731765466,0.9926319549046515,0.9726528125818233,0.9992507990795427,0.9997258134189477,0.9997042426569562,0.9995481174000214,0.9995639065127434,0.9996791696570863,0.9988057414743988,0.9995599662722183,0.9994933905524868,0.9992443920488001,0.9812895074693204,0.9259930774698006,0.9487922679350582,0.9433201831291166,0.9314626482881451,0.8855030696612415,0.9573542143655195,0.9441712010192593,0.9595934878499061,0.9585907797445496,0.9492148628849069,0.9813549531832023,0.9794480852755255,0.9914028434451467,0.9963909975775295,0.9482338223132064,0.9632538738242105,0.9724426125890626,0.9736072534456561,0.974125008933895,0.9491711105205735,0.9036580089025823,0.954120679707942,0.9600884825108089,0.9392498314091252,0.8920189617626508,0.9674842411098024,0.9395924783295083,0.967312232830163,0.9487782998190193,0.7749999750918121,0.8552385079392235,0.7799129414418635,0.8702036750849629,0.8895975135308246,0.8941406993630202,0.8741011118462917,0.8854757767543756,0.328820502878759,-0.595543892651564,0.9641747948952407,0.949288842782529,0.9482421004361156,0.9508414611690678,0.9607287253714415,0.9706110236091369,0.9706874862174714,0.9304247959265106,0.9668689669364341,0.8469753187416372,0.7497609000450156,0.9283176619186261,0.9329930372195543,0.783757135463978,0.9488305195039383,0.9497819586566754,0.8938300107149573,0.9706820563530113,0.8344855563975847,0.5917651411367782,0.70