var element=document.getElementById("correlationClose");if(element.style.display!='none'){var correlationClose={"data":[{"type":"heatmap","z":[[1.0,0.9999900238673872,0.6964367493007946,0.9997505214478295,0.9981856001491993,1.0,0.9929277976915085,0.9897506668758238,0.9897506668758238,0.9934482596025531,0.9779183357237684,0.9875885755207223,0.9929602041797713,0.9933141958156183,0.9930041582334558,0.7258111613630824,0.6385099735088623,0.24594369690392578,0.9937251420026288,0.9937182803867025,0.9858504517680888,0.992949953612728,0.3736204778708662,0.7641248178030335,0.9833747715876723,0.9833747715876723,0.9833558060531399,0.9773484527572525,0.2972289896561794,-0.1478378216003131,0.9893859815773444,0.9893466486647369,0.24707893748887663,-0.22584751157082752,0.9949327381680734,0.9953202020271174,0.8604969818405219,-0.3482392253093945,0.9909271066726809,0.9953464147517883,0.7052172458975263,0.22637393277286857,0.9950508730487543,0.9950466351668007,0.9950508730487543,0.9055783367489004,0.6562418339364986,0.926815522765134,0.9302196525815429,0.849573169725593,0.38025311328075667,-0.18607623024902134,0.22295132493104391,0.9517198819711232,0.367652248963046,0.9755470873777496,0.9721915702825539,0.98154259790319,0.9895960037824487,0.9366837863142825,0.9456785935456921,0.949052769591669,0.937213582207882,0.9463602309866889,0.9469592332347601,0.9463602309866889,0.8971429502195558,0.9278485111519371,0.928653596187035,0.9278485111519371,0.9314442029450019,0.8081262659924638,0.9048534683709853,0.9059937146853119,0.9048534683709853,0.7316013626893232,0.41903450174352164,0.7207990568647606,-0.5310922324142656,0.6263226611522962,0.6400219859595292,0.6403024262837731,0.6400219859595292,-0.08429947996157448,0.9195070927816714,0.9489190452184704,0.9348619761898324,0.938023815479605,0.24326311311958496,0.9142900693669932,0.9148342275964435,0.9142900693669932,0.9181037889022872,0.9181037889022872,-0.09241399418888444,0.6060138305580872,0.14590977613785616,-0.7057909384871349,-0.5986831530983899,-0.6026087420522852,-0.15356568989582026,0.1491453680811769,0.19476972956292943,-0.021451760954137377,-0.5829288738019085,-0.03621353381545755,-0.7979592703766867,-0.3055794118273681,0.1722677263867474,0.17366435267641164,-0.5800145127318288,-0.5725592519400656,-0.2929018002088212,-0.5226374078602175,-0.8128759082060037,-0.4196683628449826,-0.4122162009769644,-0.4196683628449826,-0.24387703020548895,-0.3643396249426009,-0.3643396249426009,-0.8010500622163249,-0.8010500622163249,0.44117213453323534,0.6300158096792392,0.8503780905967014,0.8411111614341846,0.755021367926518,-0.34596775728579315,0.7467637761577028,0.7738310433190169,0.7740033311100649,0.7738310433190169,-0.1665362409113062],[0.9999900238673872,1.0,0.9827217843660976,0.9995355022390966,0.9961726174016111,0.9999900238673872,0.9856650117805522,0.9807657730797299,0.9807657730797299,0.9855728052685762,0.9742467515840242,0.98650180937836,0.9856959749694413,0.9856515252016277,0.9855517337831501,0.05283922168863242,-0.03996809250106917,-0.4631085685770619,0.9887397710473,0.988736905465496,0.9857389608170429,0.9857427382982884,-0.19286288057770803,0.9810861775180885,0.9811979262404678,0.9811979262404678,0.9812233549594648,0.9774618171477565,0.06480293086628396,0.08943194100028677,0.9831793517901763,0.9832121406159934,0.7311503195888747,0.04598774209592763,0.9910428312976741,0.9910584422851229,0.9915635889512435,0.986648180960564,0.9901041174621741,0.9910747319678662,0.004142316955168318,-0.46748855396539923,0.991618740836865,0.9916176455322794,0.991618740836865,0.9052669157464133,0.5047637437735973,0.9267802121740267,0.9300642846277404,0.8491119859763686,-0.2462953477079675,-0.47516505378993296,0.8528032385420554,0.895205115278799,-0.26029344648516134,0.9433639700439826,0.94349525072349,0.9636076421088565,0.9788314910045687,0.9567121128921495,0.9618393085309003,0.948112089590962,0.9498001511680623,0.9511074562566587,0.9514659080175923,0.9511074562566587,0.8755125345029223,0.8514717282230195,0.8527463788284297,0.8514717282230195,0.9587407778078514,0.9614693518791635,0.9586701222538996,0.9593484274239729,0.9586701222538996,0.675683680546723,0.6309602845680493,0.7097425982308957,0.7717750759397346,0.6893297498954393,0.710582475887552,0.7116510239263439,0.710582475887552,-0.11445095459740476,0.9264440711954912,0.9453082834126568,0.9390323192420104,0.9612130330182524,-0.3216048800705063,0.9233124129014736,0.9234478662945399,0.9233124129014736,0.9290737228853558,0.9290737228853558,-0.17638343165756823,0.6057731200031901,-0.3691709570122008,-0.7959861615491224,-0.4645647054159016,-0.4685773858034044,-0.39535341882878394,0.2883749634819677,-0.26837856457846737,-0.5107388337837412,-0.7500517223877328,-0.36727370180904856,-0.4731529580709409,-0.43198923983929993,0.14100313398747483,0.1385754045776379,-0.4902227102633269,-0.45841998895233366,-0.48676489838359926,-0.5186018471921836,-0.5103960578305141,-0.489212097840139,-0.4926370322901885,-0.489212097840139,-0.3800052257927211,-0.5483980848722344,-0.5483980848722344,-0.5139811300972438,-0.5139811300972438,0.43923925285645155,0.36785798666726965,0.5022201703078575,0.6189895654422022,0.5259613017411492,-0.44508821732903886,0.38860863631378884,0.3126280387478152,0.31283076375883195,0.3126280387478152,0.19891394533048398],[0.6964367493007946,0.9827217843660976,1.0,0.6937948151391738,0.6357162341564949,0.6964367493007946,0.6755979890210282,0.6687204373091105,0.6687204373091105,0.6279478224738269,0.5953841598956169,0.9948244190777629,0.6756106332202894,0.6717524791014736,0.6757384168104961,0.3848294506592544,0.3430031975666481,-0.22874395434862768,0.6411883786920453,0.6405000403753929,0.6103086411295364,0.6747157338873253,0.1577254192865032,0.8098397227686599,0.6573462462084793,0.6573462462084793,0.6571224478653991,0.9888765504921634,0.272678373652793,0.0856609269872286,0.6326359180710679,0.6322731642007509,0.6199803005956367,-0.05940974831715,0.6711324012947855,0.6213061751463792,0.6345188086067778,0.2857095700035582,0.9933203010641853,0.6179924544090849,0.36897189293743426,-0.2382945520069505,0.68802541804525,0.6691479274244972,0.68802541804525,0.9027752471604851,0.41928259080390534,0.9403615833842648,0.921082769228681,0.7597254608197584,0.23096347927134708,-0.07813362112293576,0.05382534730164776,0.5693507750604201,-0.08291042871543366,0.6167404956226126,0.5926495364008906,0.6109773244993707,0.5750618240595375,0.026867190537171928,0.819249607202141,0.7551273749954633,0.6810640494774888,0.760666508046214,0.7787614207365428,0.760666508046214,0.5827659271925043,0.6779745985559527,0.7215255114589586,0.6779745985559527,0.7312357454739933,0.6951348699419535,0.7470779716599134,0.7852965544814055,0.7470779716599134,0.4763589319588659,-0.08422434341257666,0.4919633706546033,0.08840453302137292,0.4628019432344355,0.2674650165621465,0.5225661752069869,0.2674650165621465,-0.13511707853972768,0.6590287526113403,0.8964269979243523,0.7220233398216233,0.7870874943751442,-0.08697929118718235,0.6925318414152557,0.6921181887791474,0.6925318414152557,0.7450493806620092,0.7450493806620092,-0.19104958745084238,0.7090623536860621,-0.17635220849745595,-0.7236815041518034,-0.455707872557183,-0.4597321368743621,-0.4358346220613298,0.12584460304515488,0.019897206330396707,-0.355230999833822,-0.7037422924355564,-0.18161341375755835,-0.34168118414173143,-0.29012356457252514,0.05883848073427509,0.05723324978952162,-0.5013672552377365,-0.08286263272250376,-0.27291229780005977,-0.5209445157575687,-0.22722324984183237,-0.4200203584446643,-0.3033167814735347,-0.4200203584446643,-0.4322047488621009,-0.556539157243638,-0.556539157243638,-0.32310194003997755,-0.32310194003997755,0.3906966269781758,0.21734675516002203,0.2990944603287856,0.5358294390196708,0.30953891819673796,-0.39774971531338993,-0.002736854685886867,0.46343010131714885,0.5604683228010148,0.46343010131714885,0.007836880162235714],[0.9997505214478295,0.9995355022390966,0.6937948151391738,1.0,0.9989926129392248,0.9997505214478294,0.994042645678934,0.9912908201151832,0.9912908201151832,0.9947673763164391,0.9762510369737601,0.9905065339883926,0.9940654848809528,0.9946876447977009,0.994087487617162,0.7249589385526728,0.6372123915581653,0.23168403037669216,0.9946663700158541,0.994662786481153,0.9858982827497159,0.9940494181546282,0.3651236109066449,0.7682612774369426,0.985685872321236,0.985685872321236,0.9856660874893651,0.9827580366362139,0.29293751949203567,-0.1537347419195615,0.9886526632432971,0.988620755681538,0.23922475952271802,-0.22618785080168016,0.9953684510412905,0.9959533926791804,0.8296666261834968,-0.3523593611926556,0.9930293138355152,0.9961863623405292,0.7037568783380527,0.21184973767043147,0.9935381771842177,0.9954005517524279,0.9935381771842177,0.9035778874962597,0.6447020428027415,0.9296241657032585,0.9273719765132655,0.8348073008171845,0.3757475783402191,-0.1905219045009057,0.21811773322064343,0.94678953165552,0.35252651414814046,0.9713038743807093,0.9695141459986661,0.9795061414920848,0.9893937188771073,0.9195771896300021,0.9408071122487951,0.9388147064816433,0.9342596023671543,0.9329635994105617,0.9337467915015583,0.9329635994105617,0.8909758585655209,0.9182454699723379,0.919117226779386,0.9182454699723379,0.9288948735873831,0.7589188294999463,0.8731370145494798,0.8742988480578763,0.8731370145494798,0.7253923388664841,0.1748615005121976,0.7131884538120248,-0.5357114575803348,0.6226182835924282,0.3769041451784276,0.6133636615484178,0.3769041451784276,-0.08998219065080809,0.9156436260936116,0.9436250673585252,0.9291439846258048,0.9191055028180178,0.22964237983685673,0.9110587050175807,0.911714084552024,0.9110587050175807,0.9027598004815275,0.9027598004815275,-0.0966544054236193,0.6234740760791103,0.15087512490774863,-0.7144315809828954,-0.6047930309352051,-0.6086377720211231,-0.16457632961205818,0.14516478014950035,0.18862261016971918,-0.03372554044121258,-0.593476608141283,-0.04171461375025536,-0.8028785716020309,-0.3125562548900939,0.16328884285946274,0.16473630717421553,-0.5858924190283228,-0.5692522796117367,-0.2932917910931595,-0.5317794651897713,-0.8138913871029428,-0.42036242071419383,-0.41345750674700116,-0.42036242071419383,-0.25133884256761757,-0.37277190210679584,-0.37277190210679584,-0.8002773551742839,-0.8002773551742839,0.4326649136481023,0.6195439454704105,0.8427044591932914,0.8337535607584505,0.7483246522120933,-0.35764834825964587,0.7381153979839397,0.765232290918003,0.7654055858319427,0.765232290918003,-0.15204236997629822],[0.9981856001491993,0.9961726174016111,0.6357162341564949,0.9989926129392248,1.0,0.9981856001491993,0.9973106261236964,0.9960444994470948,0.9960444994470948,0.9975220933095262,0.9701307451892207,0.9965008601847432,0.9973263565396052,0.9973956695831242,0.9973483984900652,0.6162234274505218,0.5023986278838408,0.02509748281183192,0.9976982184588818,0.9976984653154292,0.988174681840269,0.9973135679131536,0.006645679891455412,0.7539130036219925,0.9929708479222388,0.9929708479222388,0.9929326566135944,0.9911095012788634,0.06785762298958234,-0.13774386762207314,0.9874196403913227,0.9873477383822862,-0.053589273649957254,-0.13259935953860263,0.997765503911857,0.9976877929872242,0.8246249737362993,-0.46633724216980094,0.9976383897888556,0.9980217103555757,0.5819863914809282,0.0010369944846807054,0.9977076785290209,0.9977128168855879,0.9977076785290209,0.915812601447857,0.6117868563912064,0.9384219199517683,0.9265097324454772,0.813532957136159,-0.0651111625907779,-0.5863357084584642,-0.15537911782886377,0.9378431997105282,0.2078010346484406,0.9687794197816778,0.9688089132290623,0.9825497876690312,0.9900019273195135,0.9189333732009383,0.9246967002760763,0.9295221123197704,0.9230593775836424,0.9279269405627243,0.9282649146945231,0.9279269405627243,0.8696878906583381,0.8813691756471935,0.8823216656393059,0.8813691756471935,0.9189075316906132,0.8432812411016288,0.9012823784280459,0.9019297897789967,0.9012823784280459,0.6907481353002838,0.5905182567375209,0.6827088254593665,-0.5412518697652258,0.6704097115535302,0.652782449500024,0.6520946030717164,0.652782449500024,-0.09981286465349452,0.9002433175421678,0.9231502768111538,0.9098392117906433,0.9261696160407247,0.07517142011115041,0.899154382101939,0.8999913301407346,0.899154382101939,0.9041303461159159,0.9041303461159159,-0.13319683577900476,0.6667881217891466,0.005887418949469602,-0.7403742223000221,-0.6478857375443892,-0.649030137688524,-0.19295191961601374,0.1684974087609692,-0.1956091223900502,-0.27498955760351085,-0.6559760017707411,-0.39239659903999924,-0.8423615106047867,-0.5770464732721405,0.1349293813471026,0.1362373377215583,-0.609443938102161,-0.564827458565599,-0.5567633587888754,-0.5672240952179441,-0.7688839811905085,-0.6059120334092183,-0.6089084066536525,-0.6059120334092183,-0.2860164466177609,-0.4027197594809379,-0.4027197594809379,-0.7390592766348095,-0.7390592766348095,0.4209627469577044,0.6044350525347879,0.8020888107825793,0.799553493043619,0.7410026471594238,-0.47818594156097205,0.6133646003935915,0.6629623363458453,0.6630676282070527,0.6629623363458453,0.07529753434569689],[1.0,0.9999900238673872,0.6964367493007946,0.9997505214478294,0.9981856001491993,1.0,0.9929277976915085,0.9897506668758238,0.9897506668758238,0.9934482596025531,0.9779183357237684,0.9875885755207223,0.9929602041797713,0.9933141958156183,0.9930041582334558,0.7258111613630824,0.6385099735088623,0.24594369690392578,0.9937251420026288,0.9937182803867025,0.9858504517680888,0.992949953612728,0.3736204778708662,0.7641248178030335,0.9833747715876723,0.9833747715876723,0.9833558060531399,0.9773484527572525,0.2972289896561794,-0.1478378216003131,0.9893859815773444,0.9893466486647369,0.24707893748887663,-0.22584751157082752,0.9949327381680734,0.9953202020271174,0.8604969818405219,-0.3482392253093945,0.9909271066726809,0.9953464147517883,0.7052172458975263,0.22637393277286857,0.9950508730487543,0.9950466351668007,0.9950508730487543,0.9055783367489004,0.6562418339364986,0.926815522765134,0.9302196525815429,0.849573169725593,0.38025311328075667,-0.18607623024902134,0.22295132493104391,0.9517198819711232,0.367652248963046,0.9755470873777496,0.9721915702825539,0.98154259790319,0.9895960037824487,0.9366837863142825,0.9456785935456921,0.949052769591669,0.937213582207882,0.9463602309866889,0.9469592332347601,0.9463602309866889,0.8971429502195558,0.9278485111519371,0.928653596187035,0.9278485111519371,0.9314442029450019,0.8081262659924638,0.9048534683709853,0.9059937146853119,0.9048534683709853,0.7316013626893232,0.41903450174352164,0.7207990568647606,-0.5310922324142656,0.6263226611522962,0.6400219859595292,0.6403024262837731,0.6400219859595292,-0.08429947996157448,0.9195070927816714,0.9489190452184704,0.9348619761898324,0.938023815479605,0.24326311311958496,0.9142900693669932,0.9148342275964435,0.9142900693669932,0.9181037889022872,0.9181037889022872,-0.09241399418888444,0.6060138305580872,0.14590977613785616,-0.7057909384871349,-0.5986831530983899,-0.6026087420522852,-0.15356568989582026,0.1491453680811769,0.19476972956292943,-0.021451760954137377,-0.5829288738019085,-0.03621353381545755,-0.7979592703766867,-0.3055794118273681,0.1722677263867474,0.17366435267641164,-0.5800145127318288,-0.5725592519400656,-0.2929018002088212,-0.5226374078602175,-0.8128759082060037,-0.4196683628449826,-0.4122162009769644,-0.4196683628449826,-0.24387703020548895,-0.3643396249426009,-0.3643396249426009,-0.8010500622163249,-0.8010500622163249,0.44117213453323534,0.6300158096792392,0.8503780905967014,0.8411111614341846,0.755021367926518,-0.34596775728579315,0.7467637761577028,0.7738310433190169,0.7740033311100649,0.7738310433190169,-0.1665362409113062],[0.9929277976915085,0.9856650117805522,0.6755979890210282,0.994042645678934,0.9973106261236964,0.9929277976915085,1.0,0.9976865965198762,0.9976865965198762,0.9999726006871507,0.9651595764766696,0.9997106929230829,0.9999968372203563,0.9999880609480093,0.9999938869351759,0.816660060491952,0.8012058570951426,0.2029207084165965,0.9998718324166664,0.9998722015603903,0.9906493923937636,0.9999969832861939,0.28960716188922664,0.763081190483849,0.9867549176313876,0.9867549176313876,0.9880159139210015,0.9926103290697778,0.22872289950294789,-0.2024350130249228,0.9916412620783559,0.9916935141397953,0.15299783822714996,-0.26757068109585863,0.9993857260934345,0.9995043469796638,0.47340567792329125,-0.2981641103595577,0.9991705759589502,0.9994783604462971,0.7939323056850324,0.18180954556745135,0.9477442229176223,0.9991527561169908,0.9477442229176223,0.9237484695264663,0.6201178251210322,0.9463032295274977,0.9260162819824898,0.782116887351396,0.4172400256908041,-0.12780247010888776,-0.18038709943751494,0.935963035838737,0.32511621528472534,0.9696028900200243,0.9664083001033805,0.9806754705039441,0.9955693745455123,0.0011880737940551753,0.8891040377122471,0.851816917357984,0.8925788263111283,0.8469804102165138,0.8127118802980224,0.8469804102165138,0.8357188406136474,0.8186915843324893,0.8076748717119759,0.8186915843324893,0.8875736676333833,0.439820022534307,0.6326468914578267,0.6844693833379739,0.6326468914578267,0.6597341226725111,-0.3295568630869222,0.6374074830889392,-0.6023471880536194,0.5572719639716726,-0.06587317219921134,0.486391607726952,-0.06587317219921134,-0.13045268056716083,0.8665884921316481,0.8887047415308665,0.8751884024830251,0.7883057376769995,0.1993160896456993,0.8650539790700191,0.8660463500960207,0.8650539790700191,0.79356047315703,0.79356047315703,-0.16804240992465688,0.7063350715900681,0.22591433441860972,-0.7166030337578916,-0.6426857685803135,-0.6460904427594042,-0.20200480930951253,0.09676271710676547,0.3115468268873168,-0.058182534447971876,-0.6009921802146798,0.025863667161693197,-0.8295579101330204,-0.20798263450584956,0.10183863225930682,0.1032998888514603,-0.6259734353685896,-0.5829334946366844,-0.12730064130925364,-0.6003377289213805,-0.8301129563809351,-0.410429216425919,-0.247331926240058,-0.410429216425919,-0.31448908149308313,-0.4091840478434332,-0.4091840478434332,-0.8220898524049989,-0.8220898524049989,0.4196535552125748,0.5911634633035704,0.515335360613153,0.8066513603555094,0.7389125818128617,-0.40305054332706675,0.07585770545047078,0.744599813254266,0.7633053340458456,0.744599813254266,-0.0918256366458093],[0.9897506668758238,0.9807657730797299,0.6687204373091105,0.9912908201151832,0.9960444994470948,0.9897506668758238,0.9976865965198762,1.0,1.0,0.9996060526912056,0.9592539797508232,0.9988734970008377,0.9983965390977577,0.9994499227419664,0.9992234398091175,0.8132507066499663,0.7885374691220826,0.18147001857576953,0.9992492226820326,0.9992512573861423,0.988213378445066,0.9993465875673126,0.2648246185877948,0.7650618668648999,0.9933559024944634,0.9933559024944634,0.9863629931652297,0.9903738167039178,0.21155687228700792,-0.21517669123994146,0.9880144238680642,0.9914335467961087,0.13484520303703346,-0.2734029732157188,0.9984225283813438,0.9984316788372677,0.4577448274305193,-0.30399253600353704,0.9975458865698585,0.9984037739307251,0.7906338370026604,0.16001322705238816,0.9411908091397728,0.9982538061904207,0.9411908091397728,0.9217970916518615,0.6058957692423121,0.9470655059917846,0.9248798779170926,0.764550756825458,0.404970351816945,-0.14191738832847142,-0.19182257368829167,0.9284551610215178,0.3053811418932586,0.9652468907432707,0.9617598567089922,0.9760981597415901,0.9945203305358042,-0.007271769663408003,0.8811339937351685,0.8393007540407724,0.8864674742017162,0.835501129692528,0.8023609428690471,0.835501129692528,0.8264442483805279,0.8037713223640274,0.7963003042773649,0.8037713223640274,0.8816143420645424,0.4235688235158051,0.6158867228074011,0.6705144507042418,0.6158867228074011,0.6503590107056034,-0.34262709093470234,0.6265049703451091,-0.608232518833327,0.551766732488279,-0.08568973993097422,0.47279662334766154,-0.08568973993097422,-0.13612882743970028,0.8595801298530976,0.8790663945103437,0.8663710676649972,0.775617732791574,0.1817875528081688,0.8586081231378612,0.8597591053805287,0.8586081231378612,0.7799091676722743,0.7799091676722743,-0.1813104928611256,0.7263333070937553,0.23204559928962495,-0.7254333685720435,-0.6539834265858636,-0.6572209791886346,-0.21578759005501277,0.09033641612425683,0.30446179990586475,-0.07672101540722988,-0.612737099113406,0.01663948024485659,-0.8343580912471933,-0.21445628516162732,0.08802416885817949,0.08950952272371818,-0.636246623436295,-0.5834741618504137,-0.13405214726511766,-0.614892889091001,-0.8289646780118711,-0.4211188169837781,-0.25341240224821915,-0.4211188169837781,-0.3302004548248933,-0.42157967056262335,-0.42157967056262335,-0.8194589429949615,-0.8194589429949615,0.4036143096967521,0.5756287880515814,0.49786121405449196,0.7899192444508357,0.7271717355521384,-0.42280704190704554,0.0628857089461918,0.7263325617730512,0.7481028993955658,0.7263325617730512,-0.07511382860908423],[0.9897506668758238,0.9807657730797299,0.6687204373091105,0.9912908201151832,0.9960444994470948,0.9897506668758238,0.9976865965198762,1.0,1.0,0.9996060526912056,0.9592539797508232,0.9988734970008377,0.9983965390977577,0.9994499227419664,0.9992234398091175,0.8132507066499663,0.7885374691220826,0.18147001857576953,0.9992492226820326,0.9992512573861423,0.988213378445066,0.9993465875673126,0.2648246185877948,0.7650618668648999,0.9933559024944634,0.9933559024944634,0.9863629931652297,0.9903738167039178,0.21155687228700792,-0.21517669123994146,0.9880144238680642,0.9914335467961087,0.13484520303703346,-0.2734029732157188,0.9984225283813438,0.9984316788372677,0.4577448274305193,-0.30399253600353704,0.9975458865698585,0.9984037739307251,0.7906338370026604,0.16001322705238816,0.9411908091397728,0.9982538061904207,0.9411908091397728,0.9217970916518615,0.6058957692423121,0.9470655059917846,0.9248798779170926,0.764550756825458,0.404970351816945,-0.14191738832847142,-0.19182257368829167,0.9284551610215178,0.3053811418932586,0.9652468907432707,0.9617598567089922,0.9760981597415901,0.9945203305358042,-0.007271769663408003,0.8811339937351685,0.8393007540407724,0.8864674742017162,0.835501129692528,0.8023609428690471,0.835501129692528,0.8264442483805279,0.8037713223640274,0.7963003042773649,0.8037713223640274,0.8816143420645424,0.4235688235158051,0.6158867228074011,0.6705144507042418,0.6158867228074011,0.6503590107056034,-0.34262709093470234,0.6265049703451091,-0.608232518833327,0.551766732488279,-0.08568973993097422,0.47279662334766154,-0.08568973993097422,-0.13612882743970028,0.8595801298530976,0.8790663945103437,0.8663710676649972,0.775617732791574,0.1817875528081688,0.8586081231378612,0.8597591053805287,0.8586081231378612,0.7799091676722743,0.7799091676722743,-0.1813104928611256,0.7263333070937553,0.23204559928962495,-0.7254333685720435,-0.6539834265858636,-0.6572209791886346,-0.21578759005501277,0.09033641612425683,0.30446179990586475,-0.07672101540722988,-0.612737099113406,0.01663948024485659,-0.8343580912471933,-0.21445628516162732,0.08802416885817949,0.08950952272371818,-0.636246623436295,-0.5834741618504137,-0.13405214726511766,-0.614892889091001,-0.8289646780118711,-0.4211188169837781,-0.25341240224821915,-0.4211188169837781,-0.3302004548248933,-0.42157967056262335,-0.42157967056262335,-0.8194589429949615,-0.8194589429949615,0.4036143096967521,0.5756287880515814,0.49786121405449196,0.7899192444508357,0.7271717355521384,-0.42280704190704554,0.0628857089461918,0.7263325617730512,0.7481028993955658,0.7263325617730512,-0.07511382860908423],[0.9934482596025531,0.9855728052685762,0.6279478224738269,0.9947673763164391,0.9975220933095262,0.9934482596025531,0.9999726006871507,0.9996060526912056,0.9996060526912056,1.0,0.9642312668906172,0.9996771461171895,0.9999735352796417,0.9999727472014319,0.9999765202924958,0.66413833232884,0.5542306013482107,0.08274114298992784,0.9998301255943486,0.9998310089351023,0.9905683624375788,0.9999709993761898,0.06280118340016655,0.7433227134790535,0.9956832454452296,0.9956832454452296,0.9956442716657448,0.9924983508671644,0.05611033938660782,-0.14609719603216514,0.9910488283556189,0.9910063225409548,-0.03209594611944583,-0.22959211628387063,0.9994416080451004,0.99940075471905,0.8278324423015934,-0.4666420154259971,0.9991128878428738,0.9994511180566135,0.6317261129283758,0.05887233510602989,0.9993165283993503,0.9993217858075469,0.9993165283993503,0.9234220283450605,0.6205172278972746,0.9460576184810332,0.9256235941763243,0.7816953029925524,0.031249040191914986,-0.5419715401970442,-0.11491105935046791,0.932528576929385,0.27026944422897575,0.9667942531657487,0.9664104783517856,0.9828271518084223,0.994890818221489,0.8950311924915691,0.8899044943842384,0.9066961802185417,0.8936242530962587,0.9050491073511763,0.9055975396406325,0.9050491073511763,0.8355346022888493,0.8631844990790845,0.8644065884341247,0.8631844990790845,0.8889411451708829,0.809117286556339,0.874872982689946,0.8758758695854078,0.874872982689946,0.6597880516000181,0.5238958782089447,0.6369915788144713,-0.5999693970887825,0.6079039983974747,0.5790530513856517,0.5789939218463889,0.5790530513856517,-0.08425005052022838,0.8674690214778397,0.8887864022227474,0.8757614938717813,0.9029644447953096,0.11354197560514229,0.8701132301424261,0.8717058580676722,0.8701132301424261,0.8752371533538974,0.8752371533538974,-0.16956353369045046,0.7064704922198974,0.03277072834295977,-0.7279783073695884,-0.6749778766670202,-0.6764003975519001,-0.2054413755691423,0.1000329814777573,-0.19999287283249279,-0.24047130423566027,-0.6379265539622411,-0.4183798782003221,-0.8627060302886133,-0.6100147488677491,0.10087619640799622,0.1028397077574892,-0.627379745570111,-0.57908684671765,-0.5669181883778104,-0.6017952730822893,-0.7954929362700157,-0.6288803694867084,-0.6313161002004906,-0.6288803694867084,-0.3161219643732017,-0.4122097594426308,-0.4122097594426308,-0.7762649559913415,-0.7762649559913415,0.4183134935372945,0.5892388629271935,0.8131308457654769,0.8099549553412129,0.7368076316619846,-0.42944028875865575,0.6439076342434674,0.6884202065817581,0.688608001934158,0.6884202065817581,0.1447755316129182],[0.9779183357237684,0.9742467515840242,0.5953841598956169,0.9762510369737601,0.9701307451892207,0.9779183357237684,0.9651595764766696,0.9592539797508232,0.9592539797508232,0.9642312668906172,1.0,0.9524318458651457,0.9651782348691313,0.9652087545592554,0.9649310573265634,0.4321195132835248,0.31750694640874383,-0.14729480034666342,0.969064069412446,0.9690449759523648,0.9652768256628569,0.965268846100141,-0.027558601238388335,0.7798959181537415,0.9665964135929724,0.9665964135929724,0.9667526352328581,0.9108085145748283,0.14561583017833657,-0.13395717311533248,0.9712770197678292,0.9713684021548031,0.11225971363850062,-0.0012315063284425109,0.9722392976374378,0.9724606181799269,0.8967956481476553,-0.34579699027080774,0.9596506949112755,0.9715248739861957,0.3933235310024552,-0.1671964903256172,0.9732156205844202,0.9731865738205139,0.9732156205844202,0.8406642008621628,0.42732469526603695,0.8589832946452564,0.9136810094914951,0.8754818257222898,-0.4799335551395745,-0.6718074390145036,-0.19167917429319084,0.9018055188238143,-0.039625527474096436,0.9277442942163661,0.9278012266904392,0.9435452921683352,0.9696453627291128,0.8961392847226364,0.8982644720400392,0.9085175514494918,0.8990511552179823,0.9021362825516432,0.9026532351948714,0.9021362825516432,0.8593091614831195,0.8376021490856219,0.838854631565858,0.8376021490856219,0.8952429417946713,0.9080026116925579,0.89335703763117,0.8937939693962258,0.89335703763117,0.734344706969666,0.6744785270812612,0.7351262187904474,-0.25982110303086553,0.7478450398509587,0.7620429603880866,0.7641312293408808,0.7620429603880866,-0.2400875908440691,0.89495082612282,0.9415241708366817,0.9078104830752303,0.9076015477266612,-0.04415954204349796,0.8894117211151942,0.8901576233781798,0.8894117211151942,0.8962317209072787,0.8962317209072787,0.038101626989508794,0.43845066700820295,-0.1382050129675111,-0.6710838847912542,-0.4473420874572941,-0.4499457522354413,-0.07910642206067674,0.43687872914758696,0.007536019608012649,-0.20756911752808746,-0.5650557359465003,-0.11859611695867144,-0.790674057523631,-0.28359219751391374,0.29998645118623146,0.3001619665730681,-0.41902230468546003,-0.4318613753893707,-0.3859022187073517,-0.39756219772470214,-0.6567471100313426,-0.40522265575609534,-0.4077088826187463,-0.40522265575609534,-0.1448123331691515,-0.4535632671257504,-0.4535632671257504,-0.542527217030952,-0.542527217030952,0.5513372099246505,0.647821006907576,0.7536432914949874,0.7067867731402846,0.8108337138905278,-0.5155509829139591,0.41826008528171266,0.5343648243131184,0.5347075183365079,0.5343648243131184,-0.12314117768356356],[0.9875885755207223,0.98650180937836,0.9948244190777629,0.9905065339883926,0.9965008601847432,0.9875885755207223,0.9997106929230829,0.9988734970008377,0.9988734970008377,0.9996771461171895,0.9524318458651457,1.0,0.9997107954522484,0.9997081640814016,0.9996834647152903,0.16726932363165997,0.06389164845012027,-0.5355256244821446,0.9998208777129648,0.9998226232620959,0.9997142948297922,0.9997132439442769,-0.2819130035516733,0.9746865874151572,0.9952450431422109,0.9952450431422109,0.9952282858565799,0.9942219222632835,0.05927997432028004,0.05339632598208818,0.992527030574963,0.9925704587695565,0.7844118667225016,-0.034364723974371056,0.9991467007935891,0.9991092943772704,0.9989962303213589,0.9994496673836537,0.9994870164407826,0.9991825376198695,0.11187437207878814,-0.5430627872844257,0.9989513899401912,0.998957708252749,0.9989513899401912,0.9183329743356594,0.46397479259584934,0.9418999639695997,0.9219292245633421,0.7816791925244965,-0.3715765211644855,-0.589769732319235,0.8334454406500268,0.8620012135638329,-0.34657373164563526,0.9392292260815671,0.9394197546789923,0.9719742746514959,0.9941156922839779,0.9083806015357734,0.9135681769118498,0.8919423514295961,0.896396022087326,0.896417148943911,0.8969174422932448,0.896417148943911,0.7982484451775443,0.7684187443741902,0.7700217243127759,0.7684187443741902,0.9152146957731215,0.9205339988012406,0.914094650039054,0.9149294802401724,0.914094650039054,0.5748363852768344,0.5211804020985396,0.6082923668236646,0.6864301234826938,0.5951603184291548,0.6217022575448307,0.6237891608384609,0.6217022575448307,-0.2894138058368281,0.8620247881481159,0.8905405671677995,0.8801538776308363,0.9147590237140396,-0.34464488273126065,0.857943912331255,0.8581380950953221,0.857943912331255,0.8658965372813167,0.8658965372813167,-0.2208732931192126,0.7003630783381475,-0.391491250727733,-0.8119131002611403,-0.5372294958233297,-0.5402998301931435,-0.4363770527777748,0.24265487366493477,-0.3065918625796575,-0.5422884930056893,-0.7715218139220774,-0.4099989924054886,-0.5889565488029135,-0.4847961492499386,0.09259534356985895,0.09060766162880866,-0.5588954708677331,-0.5320755250345661,-0.5533248023037199,-0.5894867763112148,-0.5826419039706356,-0.5568304589394376,-0.5600634674835757,-0.5568304589394376,-0.44648659183938094,-0.6356897868372143,-0.6356897868372143,-0.6254320538826096,-0.6254320538826096,0.4142895459525749,0.34180382074966414,0.481483815823198,0.59323413404492,0.528811024100905,-0.5760802326630357,0.3302223371789691,0.2881448412098793,0.2883895326672388,0.2881448412098793,0.27189378941341996],[0.9929602041797713,0.9856959749694413,0.6756106332202894,0.9940654848809528,0.9973263565396052,0.9929602041797713,0.9999968372203563,0.9983965390977577,0.9983965390977577,0.9999735352796417,0.9651782348691313,0.9997107954522484,1.0,0.9999913128895954,0.9999954513357479,0.816655919570995,0.7880619417149427,0.20297389752348244,0.9998731718033425,0.9998734905120007,0.9906805513190168,0.9999975491312834,0.28990091568313525,0.7631290763474504,0.9916131177399089,0.9916131177399089,0.9880073728128738,0.9925979278095416,0.2289656236666283,-0.20238574379940893,0.9916920588704159,0.9917031571028241,0.15321584464063095,-0.2675377911522599,0.999387361394836,0.9995071644258342,0.4733797861290436,-0.2979701885081522,0.9991718337147575,0.9994848776162938,0.7939165182166791,0.1818684310014344,0.947730845623765,0.9991548806923648,0.947730845623765,0.9237483980953075,0.620242348242514,0.9463837390262112,0.926076930972678,0.782187497590655,0.4175925717919933,-0.1273954614541583,-0.18005289079042808,0.9360201751484006,0.3251757279811432,0.9696814867181319,0.966455052581877,0.980750445822643,0.9955832415174851,0.0013596568717956928,0.8892115832122857,0.8518914898326884,0.8926751071463794,0.8470534018817135,0.8126614975439289,0.8470534018817135,0.8358001632852678,0.8187317625617984,0.8076195637576282,0.8187317625617984,0.8876956546261997,0.43970856549729215,0.6326460932493194,0.6843925727019196,0.6326460932493194,0.6596992373779946,-0.3295780301399324,0.6373903790944886,-0.6022578217644168,0.5571896201732419,-0.06599487586666143,0.48641811593071527,-0.06599487586666143,-0.1305918985839273,0.8666530657653635,0.8887960128163518,0.8752614423615452,0.7882988934721283,0.19937101971512547,0.8651218924427221,0.8661105134290891,0.8651218924427221,0.7936125972060237,0.7936125972060237,-0.167984343698481,0.706358593142555,0.22602281304537705,-0.7166331789969534,-0.6426069549077043,-0.6460164147416342,-0.20207888984660458,0.09665198867649831,0.31170602297617883,-0.05816793190223769,-0.6010416854705489,0.02610434133490606,-0.8293274528825173,-0.20771620099569818,0.1019058438030042,0.10338054212307737,-0.6259563866795644,-0.5827473810864341,-0.127074609923586,-0.6003034890140958,-0.8300203109446095,-0.4102268166320163,-0.24714577652680672,-0.4102268166320163,-0.3143348015203067,-0.4091512184009537,-0.4091512184009537,-0.8220449102457011,-0.8220449102457011,0.42006927658194765,0.5912781369016478,0.5155600987354817,0.8068811804453891,0.738968395482287,-0.4028635577925803,0.0761166323133858,0.7448322249880475,0.7634128396156323,0.7448322249880475,-0.09185876037832459],[0.9933141958156183,0.9856515252016277,0.6717524791014736,0.9946876447977009,0.9973956695831242,0.9933141958156183,0.9999880609480093,0.9994499227419664,0.9994499227419664,0.9999727472014319,0.9652087545592554,0.9997081640814016,0.9999913128895954,1.0,0.99998894240771,0.734213432776901,0.6418328669026939,0.20465035005615834,0.9998954488230436,0.9998961266486663,0.9906708965358799,0.9999888149661086,0.28958990304773446,0.7597985139602992,0.9944597183752513,0.9944597183752513,0.9944286410515535,0.9925468087452991,0.22206520854034614,-0.20295571587409164,0.9921299688234977,0.9921323226540841,0.1750256257917285,-0.2670012997713079,0.999556903291311,0.9995068763910848,0.861050008156855,-0.38471512386946244,0.9991693826061906,0.9994888942175968,0.7094754594737009,0.18357320819916823,0.9994571615014755,0.9994617694594895,0.9994571615014755,0.9235960631669875,0.6203459169010499,0.9462069279884313,0.9258637583985129,0.7819188255890913,0.2988500256725106,-0.29559704328324404,0.1251140962379464,0.9359051534161964,0.3256123797267468,0.9671381589282955,0.9664765988093748,0.9794550309504553,0.9958156005178157,0.9011985671447347,0.8885222770952124,0.9117411551906455,0.8926312029385991,0.9105411481593981,0.9112995346491433,0.9105411481593981,0.8351277970010385,0.8811470891575811,0.8823776013801647,0.8811470891575811,0.8875485571357022,0.7924879250120971,0.8789086314033691,0.8802871049278806,0.8789086314033691,0.6593644697206987,0.5182052785176642,0.6362215238559767,-0.6022973322864164,0.5559085753185231,0.5551429536281173,0.556075057192115,0.5551429536281173,-0.13266743233995898,0.8665477343711732,0.888515123627279,0.8748529778077037,0.9074846661813312,0.2013120128839446,0.8650822439304151,0.866293973364256,0.8650822439304151,0.8739699859935594,0.8739699859935594,-0.1682971369264637,0.7051643493850219,0.13198052556640721,-0.715734972525334,-0.6422691322931003,-0.6454601714525868,-0.2020901013528364,0.09546300108439625,0.08427091141076974,-0.056716689206024566,-0.599851300048399,-0.16272227009458856,-0.8394021451787415,-0.4244312640941257,0.10116773887291931,0.10316743565426305,-0.6259979100348246,-0.5820527305419634,-0.4155813549758873,-0.6000826271525476,-0.8226908849858563,-0.5257228575628373,-0.5218341198000934,-0.5257228575628373,-0.31357741173158243,-0.4092077659319774,-0.4092077659319774,-0.8134892487062911,-0.8134892487062911,0.41787757821187177,0.5910366262075604,0.8195304555075777,0.8102553500941324,0.7391064081215347,-0.4025256276438789,0.7023171655015644,0.7320849502371343,0.7321850753513756,0.7320849502371343,-0.05947865227072934],[0.9930041582334558,0.9855517337831501,0.6757384168104961,0.994087487617162,0.9973483984900652,0.9930041582334558,0.9999938869351759,0.9992234398091175,0.9992234398091175,0.9999765202924958,0.9649310573265634,0.9996834647152903,0.9999954513357479,0.99998894240771,1.0,0.8057718810808954,0.7333460844215589,0.20312601656276724,0.9998761002010853,0.9998763084200875,0.9908042897948548,0.9999953360072691,0.29056405400891816,0.7629714128136326,0.9946254505727099,0.9946254505727099,0.9945413782275124,0.9925345971563092,0.2292530308741866,-0.20240331238080186,0.9926009254562632,0.9926405134023888,0.153941871466306,-0.2673693574741493,0.9994310992275327,0.9995068910988611,0.47245975669033874,-0.29726888247693845,0.9991346124727285,0.9994873842185822,0.7910665546699682,0.18204106535888345,0.9473191419790095,0.9992035793668433,0.9473191419790095,0.9239668318046474,0.6208678977191979,0.946492418999011,0.9261542095016901,0.7819453400412429,0.4188694522685275,-0.12596377221190008,-0.1802798600830654,0.9363286847582624,0.32544377975527056,0.9700453684689891,0.9667317411061691,0.980989550626677,0.9956252374350819,0.0003917171177318745,0.8894344249810935,0.8517936105568776,0.8928623512870322,0.8469845348240262,0.8122375870379328,0.8469845348240262,0.8359683638269858,0.8186504459514876,0.8079279438565324,0.8186504459514876,0.8879567248005906,0.43906974521730774,0.6321838549412623,0.6843760139099976,0.6321838549412623,0.6595690252734798,-0.3306749372618278,0.6373424097384928,-0.602460652025945,0.5568637062246354,-0.06692879071632007,0.4860884397511186,-0.06692879071632007,-0.1305588768686771,0.8667584518807789,0.8885774748238696,0.8753784169881645,0.7814574067570467,0.19974988796041476,0.8651870262695238,0.8661664306958912,0.8651870262695238,0.7934233643318829,0.7934233643318829,-0.16924607756818774,0.7070996929232007,0.22649846726585376,-0.7165911169553043,-0.6429409467181364,-0.6463542065602562,-0.20307278704199055,0.09556230886267204,0.3120332214687355,-0.05851534383136692,-0.6011932648286851,0.026215453436314314,-0.8286199128175804,-0.2075394324923488,0.1010282126734007,0.10250153044882744,-0.6264984366029538,-0.582943066720092,-0.1265231409024869,-0.6013404363163111,-0.8300568671764553,-0.41016164995412235,-0.24661903285675937,-0.41016164995412235,-0.3151481095629929,-0.4095499158234436,-0.4095499158234436,-0.8223885347823007,-0.8223885347823007,0.420228808243827,0.5909684802078007,0.5151124755366127,0.8072974171283855,0.7384635618891005,-0.4024562172697911,0.07550781692083072,0.7452438918138287,0.7640191988326676,0.7452438918138287,-0.09161114538642114],[0.7258111613630824,0.05283922168863242,0.3848294506592544,0.7249589385526728,0.6162234274505218,0.7258111613630824,0.816660060491952,0.8132507066499663,0.8132507066499663,0.66413833232884,0.4321195132835248,0.16726932363165997,0.816655919570995,0.734213432776901,0.8057718810808954,1.0,0.9921284317357001,0.4260779783268963,0.7832053489942676,0.783170425626845,0.703415291396528,0.8043946470592158,0.3355595402451869,0.372209418046201,0.7980489031282771,0.7980489031282771,0.7831460495455415,-0.22992546352942195,0.19731607029681422,-0.1582914527617515,0.8429640059929827,0.8398203075611743,0.16043970345887737,-0.21637561193712398,0.8118063908522939,0.6909069201592429,0.2551704832495756,-0.3170668806858659,0.18213912784275568,0.6558066776020451,0.9983361309446319,0.40903936172115035,0.7372977212857984,0.8114716472361673,0.7372977212857984,0.12601503810279246,0.5234902757837836,-0.2948582120120217,-0.31861447586582,0.009485449570474872,0.3943461987453591,-0.05537878454535664,-0.2108688218175386,0.6779977459069859,0.3996399052887287,0.8109622233752679,0.6782586091034464,0.7719486307974016,0.7933796838165086,-0.1059935744472211,0.08824132344079,0.5517902013889411,0.4049756366632261,0.5414610626774545,0.6195223292271103