var element=document.getElementById("correlationAdjClose");if(element.style.display!='none'){var correlationAdjClose={"data":[{"type":"heatmap","z":[[1.0,0.9999951867052294,0.987177707009662,0.9999396132136606,0.9992227108995057,0.9820538455261998,0.9978913718786192,0.9965603848436141,0.9718872076091344,0.9966813760588448,0.9949239612170299,0.9941514024181934,0.9966406940075256,0.9966696408835137,0.9966000775953032,0.9978516172861537,0.9982168494874571,0.9983393738026268,0.9970362117991521,0.9970453860457875,0.9969625730484374,0.996616333260967,0.9890277935115219,0.9738918415176926,0.9914913763593012,0.9589027673299958,0.9907047425922741,0.989092467995246,0.9710182378945345,0.9555822186511408,0.991391499470271,0.9932181410244267,0.9929593987296561,0.9805315205611472,0.997802669259917,0.9978580211804101,0.9976994636688649,0.9967413979925784,0.9956439615291273,0.9977674765234351,0.9986295807930321,0.9986591075952385,0.9978077728726746,0.997816227347145,0.9784496799485818,0.935597011045594,0.9591776392665807,0.9536631262915394,0.9526464205163496,0.9333870231318558,0.9657125548644538,0.9546068930747698,0.9676388551105495,0.9716108661779956,0.960243785879717,0.9849905538858948,0.9833290862339689,0.9915571958660134,0.9937050332337288,0.9886572170689361,0.9846256244732189,0.9885129769430233,0.9878876783328321,0.9890508079923578,0.9889584326262799,0.9527347006521668,0.9785649775502732,0.9767682772056211,0.9765857253407081,0.9359130308511059,0.9841902625597074,0.9808319972590376,0.987338362905679,0.9867584175235753,0.9454384543145119,0.9081330920028773,0.8817028753551972,0.9219834486457943,0.936128311283142,0.93465042759928,0.9344901141091086,0.9333963206285477,0.756933861548119,-0.5115237823255483,0.9817521601766741,0.9779279523546093,0.9756703109088547,0.9892137066187954,0.9745448794506661,0.985064067124426,0.9850624126416432,0.9431621794165825,0.9860683166862706,0.9455968007744361,0.8248940242379322,0.9290131784487639,0.941111771283291,0.841670394790735,0.9595599666448342,0.9602661234548308,0.9044396297461758,0.970608240134199,0.8943964919903568,0.5563911687972293,0.7365237873428604,0.9019558154982728,0.8752322915131664,0.8935259743386456,0.9774347102576811,0.9775677520613265,0.7928284272266461,0.7662208637822792,0.8243184496904127,0.48936533845963415,0.8112728985542275,0.828335040504089,0.8234558594659052,0.8176286060238901,0.8042124175598596,0.7582485987011665,0.7438128400381554,-0.3079470049448401,-0.4482184869804775,0.7570578677247062,0.8942455102878021,0.9283417291802971,0.9420563572648766,0.9069493117971361,0.8374247240074818,0.9108680065008383,0.922474611661282,0.9223104785992723,0.8613204647046478,-0.11186820456412687],[0.9999951867052294,1.0,0.9915630357565652,0.9998774284800546,0.998356692730626,0.9896364497829879,0.9943553992964859,0.9924728026548931,0.9889660961882272,0.9924744843471716,0.9925091385541737,0.9935563293468419,0.9925445502206374,0.9924709279418912,0.9925205615413532,0.9944134132865496,0.9964378174139629,0.9959255896528175,0.9941099756827585,0.9941166075890622,0.9925095726448555,0.992550986995906,0.9933472971414675,0.9798414373086651,0.9898332285524234,0.9832302726280304,0.989935743398983,0.9890269103551188,0.9824401094401238,0.9435792571240151,0.9894104585428734,0.9879101676997901,0.984040551111403,0.9494283919845307,0.9952674804777837,0.9952347124260872,0.995467585604576,0.9928080538170656,0.9951222090364333,0.9954880029762804,0.9966659456063265,0.9968607488366893,0.9954743239136663,0.9954838811057292,0.9923435993655977,0.9351991244217879,0.9165225516790214,0.9534154474995666,0.9525569826144301,0.9333728341482102,0.9083700563985511,0.9417224948110787,0.9100520193618706,0.9366451292522499,0.9085173671585192,0.9637484287469728,0.9637422659297251,0.9771858586729696,0.9852710496311937,0.9858970092981348,0.9869133933163289,0.9809080235571742,0.9845486152277811,0.9819565242770845,0.9818533370286469,0.9471969793988907,0.9683237886559303,0.938433389852308,0.9381190582037728,0.8752207581070026,0.9844598363830485,0.9854647041053162,0.9856106335654834,0.9852913784262465,0.9615679269697676,0.8389904042121779,0.8126776114590909,0.879935353197936,0.9262438551934454,0.8941836343743583,0.9106047219048286,0.9097813935559241,0.8130778917164277,-0.03234298300474125,0.9745762730171921,0.976510410449746,0.9742961935141066,0.9862278038716275,0.9704231884121967,0.976565032206529,0.9760279665319768,0.9377078878774103,0.9776213659585584,0.9391233548119307,0.7742367729480242,0.9286596255807871,0.9297260054456911,0.6404833356310604,0.8760653891156484,0.8796481417136732,0.7804206005222464,0.9704074396676258,0.7558496579543884,-0.33688096732857126,0.2897874935744331,0.7804103765731945,0.7334055061589665,0.7734974451209049,0.9718815518675006,0.9719033558275995,0.25546127501929294,0.4279153375054516,0.2638250926602573,0.23430584156515694,0.25644854951419077,0.2684878364316393,0.2655203512183058,0.18553188674543192,0.5993928530126031,0.33319945077972424,0.2832271484375179,-0.4380695873900732,-0.48891190522281913,0.7561828993424276,0.7802130319588028,0.8017877606994114,0.868056659366693,0.8359542509495703,0.6485248783265174,0.8030077862827173,0.7976194378462286,0.7967026600336292,0.479593375376884,0.27446245538999187],[0.987177707009662,0.9915630357565652,1.0,0.9883477012127104,0.9935690226012103,0.991334146724764,0.9891549328944431,0.9900104348124324,0.9916678776653591,0.9925710114224707,0.9964756738840617,0.9957183865148327,0.989850105857925,0.9918475651442211,0.9900623235560828,0.9896159030852806,0.9908026373302325,0.9898090457436941,0.9886670923097107,0.9886367767073162,0.9914832123008525,0.989886126786182,0.9955448278820495,0.9863590955026317,0.9914998187728752,0.9817217814599098,0.9921604324535738,0.989797502536296,0.987739063750205,0.9635094615104256,0.9678103338648405,0.9723455535325397,0.9772494498209858,0.959408066484413,0.9865934275607178,0.9897345959641597,0.9881363256506239,0.9916183641999715,0.9947010563327457,0.9906027240505162,0.9848190037477067,0.9878902973461376,0.9870226459668293,0.9864093543281706,0.9931131403415541,0.9318224042351114,0.9450489977153835,0.9602851200483519,0.9468493874623081,0.9018106296224043,0.9243842537477047,0.9126448134480636,0.9273349913168533,0.9388311952725829,0.9215349281922514,0.951369987459581,0.9619139516661308,0.9692911315384896,0.9759289410876254,0.9484565369181794,0.9715419598271572,0.9703973910510107,0.9761284797555092,0.9705977359127674,0.9483166774753712,0.9313788525211718,0.9575796936787235,0.9483941403682663,0.9321195279553949,0.9046576613749255,0.9766171066182822,0.9577103846721456,0.9692327863069784,0.9499680633876386,0.8625108219129497,0.8812460435659913,0.8042799303463015,0.8961231869070395,0.9142542846099204,0.9168593054823988,0.8849554098614143,0.8988485452936742,0.500021324320532,-0.4916859409651442,0.9680524849760106,0.9581156355153245,0.9574291516181134,0.9483124451052238,0.9627950907455385,0.970264731030225,0.9699301292131411,0.9386527993849342,0.9663998972927105,0.900297025300162,0.8114724449599444,0.9595912891154535,0.9597387529420691,0.8275521471514051,0.9480566916400142,0.949568813041421,0.8775637366453316,0.9808232982322738,0.7745954093036813,0.46104456200739735,0.6832739365930981,0.7985737904499632,0.8035944002988968,0.7794340961252013,0.9823738728935218,0.9823760557752649,0.7268798610271081,0.7191979937871841,0.7096784171476174,0.44407915338020754,0.715217588430711,0.717217446005729,0.7223483796807069,0.7182097157991124,0.7708650082319672,0.6979075741859756,0.6826771705306995,-0.36156530557895444,-0.501632146627795,0.7323254793984252,0.859029701172265,0.8749321917883935,0.8892529634854256,0.8809132521234216,0.7757022924151901,0.8591191075314225,0.8658330123956292,0.8718311258143514,0.7415774776235341,-0.035971732048974026],[0.9999396132136606,0.9998774284800546,0.9883477012127104,1.0,0.9994262657209608,0.9830429104398694,0.9980824985958271,0.9969053227325431,0.9737701422028351,0.9970746285482343,0.9955473479255134,0.9949451337906234,0.9969700755113309,0.9970804724275707,0.9969446754810494,0.9980701643929705,0.9984964238702994,0.9985530125102522,0.9973349828196882,0.9973420684457972,0.9972951581771624,0.9969498037320633,0.990054112127226,0.9751073073986316,0.9923089657761104,0.9611086992499454,0.9916135959594141,0.990551735321254,0.9727389623254364,0.9566272945432613,0.9907609261744497,0.9927459788131824,0.9928775491769586,0.9801689536494502,0.9978517975816604,0.9980241212125346,0.9978745843357439,0.9971188826372948,0.9960939519395571,0.9979665863459705,0.9985232979100662,0.9987213233638161,0.9978540570043894,0.9978598134322315,0.9800091096457296,0.9328174667607722,0.9573976567064234,0.9533184245639835,0.9506490680441115,0.9284830699481008,0.9630622310530953,0.9516425236173304,0.9649099415426944,0.9695181281465972,0.9578461558280069,0.9830970905403079,0.9820501665342658,0.990777870059025,0.9934819251586895,0.9875065600982226,0.9836614878991115,0.9875419289610778,0.9873828010083825,0.9880141501604075,0.9879152086805076,0.9456942686855431,0.9775334011754163,0.9756644079939669,0.9754777126791621,0.932340040125084,0.9837872805992331,0.9785672950315194,0.9861848595885776,0.9855757564638288,0.9302092394092133,0.9069877277351485,0.8787625040351186,0.9206248051958804,0.9338910563389995,0.934288371374694,0.9325446189958118,0.931483540599099,0.6819305087779975,-0.5109534879713824,0.9810654033868572,0.9768734390511782,0.9744311377512244,0.9880655862162213,0.9740204479045648,0.9844711050205409,0.9844684940202482,0.9428775459485204,0.9849493214823053,0.9349284857659166,0.8278185722199064,0.9330845297787982,0.9444378967525514,0.8430286761621975,0.9606174392657295,0.9613465793562038,0.9040396082445253,0.9716227686776551,0.8884592233158829,0.5528812405549901,0.7349050357331225,0.8966297767554412,0.8715794135516294,0.887929318933463,0.9781312554937435,0.9782689287227948,0.791721088414014,0.766388440512397,0.8165416399547407,0.4907749261545599,0.8053762766838242,0.8202914665515958,0.8153405668736634,0.8122488429584034,0.8061734411047417,0.7581635361630304,0.7437905290161091,-0.30335034879303013,-0.4474978612964137,0.7559552570312176,0.8927209364417864,0.9265440419169757,0.9402947775870065,0.9059971223228636,0.8349007002297643,0.9089353991400821,0.9202988876526089,0.9202816821933321,0.8547059347573925,-0.10510348715614246],[0.9992227108995057,0.998356692730626,0.9935690226012103,0.9994262657209608,1.0,0.9850249525724639,0.9989895638331998,0.9986259707092516,0.9843183380494124,0.9986227857721465,0.998277614983358,0.9981888833171919,0.9986360788006037,0.9986530699069271,0.9986561440835058,0.9991111342321984,0.9989274104867847,0.9992573416864622,0.9988640763359862,0.9988637548175047,0.9986873886817053,0.9986387919482367,0.9949723975490647,0.9816225760409797,0.9955475247501481,0.9757465579647003,0.9955653622869791,0.9931055796569063,0.9834524829905278,0.9589778392066379,0.9888535868057479,0.991638865423284,0.9906631865163638,0.9738054155378312,0.9988320916736522,0.9989043224987487,0.998946606833625,0.9987527402686913,0.9986614503702704,0.9989066334044349,0.9989592511390876,0.9991760860788877,0.9988674415223259,0.9988668155219501,0.9881994372298155,0.9406604084420178,0.9568306054960953,0.9578157159651366,0.9490639158228351,0.9239981417589306,0.9542447812713579,0.9503335569939549,0.958346821748282,0.9647671977025968,0.9533144490366782,0.9820878887051452,0.9820108457049311,0.9912905372094512,0.9934926530089921,0.9839320846814756,0.9778280355867704,0.9817826643775637,0.9837856469463867,0.9822253846191759,0.9820975062208007,0.9422949413085725,0.9700731401175547,0.9601063499031746,0.9598745366447683,0.9059840049510248,0.9810043564589495,0.9773391693492661,0.9826015730841167,0.9818841796042551,0.9429733145180413,0.8904751474316903,0.8618195235524309,0.9076938937609875,0.9384647577331574,0.926573510944882,0.9320064536983923,0.931150963122024,0.8043699605143653,-0.49267179156322666,0.9753118831928592,0.967102136061501,0.9657508372828436,0.9846490827735866,0.9647481432931001,0.9785155857319809,0.9782482313585795,0.9347696197233686,0.9795350739115449,0.9360503557159454,0.8189711152082401,0.9451872881282355,0.9616797581348331,0.8150147862672443,0.9509669953164027,0.952225853094995,0.9001849125668171,0.975911380606801,0.8946250204149866,0.3894789651058013,0.6863103291417657,0.9005412329948213,0.858589536980064,0.8970732151446786,0.9814917720301971,0.9815952328227499,0.7625439840773942,0.7531992111924161,0.7664864867292943,0.4717833235075418,0.7294767099853809,0.7703419753368486,0.766452606543467,0.7328010740095234,0.7961838515010005,0.7466832105083511,0.7314519382717745,-0.4948493718277058,-0.5780790946325965,0.7496968628802194,0.8897404783968477,0.9172338664307499,0.9396676812354661,0.9061523561452518,0.8227361713117827,0.9057565909536363,0.912462112903355,0.9119710232184425,0.800853910955713,0.10504988351678841],[0.9820538455261998,0.9896364497829879,0.991334146724764,0.9830429104398694,0.9850249525724639,1.0,0.9780570689254429,0.9796726168204045,0.9940262426919081,0.9792082698900321,0.9759302831375222,0.9754317543043814,0.9794664395232944,0.9799762031147184,0.9797432143502017,0.9794550445258644,0.9834638725790484,0.98018842749407,0.9799676101881774,0.9799911083250357,0.9785789448623169,0.9796364388728458,0.9932677255131211,0.9939096349435174,0.9825769871032475,0.9889763915765662,0.983205954795453,0.978300364460514,0.9887808001925814,0.9761674081376037,0.95368786134095,0.9603389130652852,0.9714685393601127,0.9643776550373105,0.9777205078922235,0.9782867162377372,0.9791634872533431,0.9804233017914706,0.9764192374377894,0.9788638624260153,0.977250100870481,0.9791529350867896,0.978072814584333,0.9781016733013786,0.9963103258152247,0.8984665294752197,0.9356100032113247,0.9440605256816464,0.9523366414070856,0.915238424564503,0.9166947224232831,0.9129364059324422,0.9198924841455716,0.9405417657858862,0.9185075315984196,0.946281385086406,0.9533709291803958,0.9602373237678954,0.9634796387084742,0.9737734974198206,0.9897380368950267,0.9776022008705458,0.9866501476480682,0.9771906615087588,0.9767042607623747,0.9788632754120001,0.9762744492112946,0.9604131320181069,0.9599239601150689,0.9537842326643877,0.9850517248674436,0.9784448044276055,0.9742065284786342,0.9732042285316216,0.9717555640426425,0.9212700837715658,0.8835064294382381,0.934666909969969,0.9328777936099167,0.9422125225727427,0.9238596555177455,0.9219480951336433,0.7992096809780519,-0.4402258559373127,0.9856534835836994,0.9877082095296968,0.9845686096588764,0.9745400752889302,0.979827882404715,0.9841086239905688,0.9837484069341056,0.9730660593643226,0.9746264560693251,0.9728329908647819,0.8271685000218829,0.9084135335635486,0.96118988556455,0.8580972743779852,0.9468807058011,0.9478874975484401,0.8631267494528243,0.957552339231306,0.8258626053610293,0.46451264554781246,0.6939981866770998,0.8361688208455414,0.817006183884309,0.8263495642716921,0.9565808279624444,0.956631162679025,0.7397782494117954,0.738440638332343,0.7443144123827191,0.4922084040396843,0.7464062157218269,0.749241334414217,0.7431282244331451,0.7428397459425516,0.7805130582078178,0.710892218749091,0.6995802955165262,-0.32777350929034943,-0.45719185786443484,0.7646728088253955,0.851443872016397,0.8587072059209933,0.8820843372424747,0.8592690889127965,0.7897708123691838,0.8449967046223253,0.851829129880424,0.8518608719854213,0.7987391985321884,-0.057970806484426346],[0.9978913718786192,0.9943553992964859,0.9891549328944431,0.9980824985958271,0.9989895638331998,0.9780570689254429,1.0,0.997768209945814,0.9563807610851117,0.9996574235643634,0.999638261926131,0.9996707126518434,0.9985981578461673,0.99952694159754,0.9992830205564295,0.9998959036049777,0.9969862356804086,0.999906863943724,0.9994594036205057,0.9994635647932415,0.9997476881224711,0.9994081831784,0.9905300074477902,0.974071331943779,0.9868774961665742,0.9265417897690573,0.9940390569476246,0.9933763219237656,0.9735600251567316,0.9514383308911942,0.9914055178383216,0.9921197197484404,0.9942363220613687,0.9781163389309474,0.9991246624712621,0.9998716552559813,0.9997506269124696,0.9995224449767346,0.9998066915562174,0.9998598403842229,0.9986906104404732,0.9997667602377889,0.9994642400073571,0.9991608355342951,0.97894024366211,0.94625048133275,0.9588540484495784,0.9597405573118503,0.9478224121650113,0.9218863561627691,0.9602358460919718,0.9513447273125961,0.962643655568421,0.9672837868233269,0.9578164633535602,0.9830216180319907,0.9833864565792328,0.9927159852246751,0.9963075421997326,0.9566845107613814,0.9654095595517665,0.9744028116959789,0.9754593804867772,0.9758134793431203,0.9566410891651039,0.904405117748767,0.960735228269769,0.9634232602481463,0.9484469091869099,0.8885580549216874,0.9716156521492197,0.949808894022715,0.9724778123739422,0.9569719765679426,0.8191884245622597,0.8811723019957168,0.8164565144374084,0.894093934862912,0.9105933399382425,0.9146601054584094,0.896420915556762,0.9069213673269596,0.44311169113746884,-0.5477881315141917,0.9655939166849448,0.9528243766987112,0.9526881294503874,0.9578967228187079,0.9598598397653723,0.9715277830765535,0.971613813670166,0.9217886030812779,0.970509937486832,0.8669980726801086,0.81247287423334,0.9456784288738105,0.9421612749701912,0.8290902120675688,0.9581959855148956,0.9590333660289918,0.9048612593893253,0.9755573301621896,0.8337628103319139,0.5526372201918832,0.7304266699019584,0.8588527351607382,0.8551266863825283,0.8403047740444392,0.9820874495215561,0.9822422103401576,0.7857653646148297,0.7513806908719829,0.7827346425343141,0.46525255124841364,0.7864377866006068,0.7972239365315847,0.7874387292395723,0.7969786154102938,0.7944621913653206,0.754020657272487,0.7378019651455386,-0.31460661519214356,-0.466766299006843,0.7588890401140602,0.8953302109907245,0.9213127025913432,0.9426880613101811,0.9135331701012938,0.8376146994197379,0.9111402482490777,0.9264961533613136,0.9248888394310013,0.7854923759327557,-0.07961314963486342],[0.9965603848436141,0.9924728026548931,0.9900104348124324,0.9969053227325431,0.9986259707092516,0.9796726168204045,0.997768209945814,1.0,0.966696067167532,0.9999998446140141,0.9999993970478299,0.9997998087848411,0.9999971628457037,0.9999936324178595,0.9999984432256408,0.9994041237065157,0.9924057530308295,0.9995282587517796,0.9999173800572506,0.9999169465181496,0.9999690573956099,0.9999988665020572,0.9911707601810762,0.9759798270910389,0.9933676430297985,0.9402954075070927,0.994538817678057,0.9920326608066893,0.9758050047111593,0.9514324554036487,0.9877955186887188,0.993727986821918,0.9929420312462717,0.9755315703979486,0.9995022592502916,0.9996185560873098,0.9997111171026797,0.9997701194174843,0.9993745660467297,0.9995672520428115,0.9984100789597947,0.9989867634589985,0.9995773052688061,0.9994541981906322,0.9807675536309302,0.9462160858864901,0.95673866543876,0.9627385013894237,0.9476304777434206,0.9142105512113313,0.9584964439181951,0.9472758223090801,0.9606014536968659,0.9625234016674497,0.9525111765092096,0.9811052353089589,0.9808298258053003,0.9918031875369285,0.996592900472275,0.9526936631105262,0.9628412002682003,0.969917118018548,0.9734608837349841,0.9716387329443619,0.9553923961883625,0.9003731781765167,0.9575370468714025,0.9586061506956103,0.9443386733027327,0.8813364206241653,0.9698201608150158,0.9450903596882252,0.9683351215645973,0.953251392410146,0.8103504228108861,0.8761264208826812,0.8131576495362698,0.888881017831539,0.9054338684621983,0.911747342634023,0.893074751309277,0.901798848473117,0.42939384083381976,-0.5502313272925926,0.9629213683230281,0.9490677814845362,0.9489020792135451,0.9563249058071707,0.9572409017074469,0.9689546774908945,0.9690315696643004,0.919641519150337,0.9656440135570297,0.8602739924556394,0.8103949823609629,0.9560465571512764,0.9515022799988592,0.8271130297727166,0.9582328317158763,0.9592019808357723,0.9024241131020676,0.97892025898622,0.8358665963010915,0.5383104063345819,0.7223655697101451,0.8591792907561435,0.851830763145817,0.8417106757932401,0.9841344973841158,0.9842911865471333,0.7775250137649077,0.744834094093014,0.7833398574137337,0.45484590183554446,0.7813795799357671,0.7924877125512299,0.7872154821238494,0.7913648901402989,0.7891656112174942,0.7487130343122899,0.7320104944446919,-0.32902795778175137,-0.4800336144671659,0.7492855738424087,0.8886341441879421,0.9185648253590459,0.9355698803684245,0.9083241230406198,0.8279288604763047,0.9049617866688155,0.9203367906517507,0.9189435152945539,0.7682023135812581,-0.06316633736368825],[0.9718872076091344,0.9889660961882272,0.9916678776653591,0.9737701422028351,0.9843183380494124,0.9940262426919081,0.9563807610851117,0.966696067167532,1.0,0.9817647650095349,0.9866280247036051,0.9891802900129968,0.9702691827230321,0.9786159105761253,0.9751218270352545,0.9734157322113344,0.9507806786837285,0.9782400731518012,0.9757361844118969,0.975709895586664,0.9802412959646306,0.9749778936540902,0.9938753477473956,0.9940655765853121,0.9801602365394745,0.9903113752288745,0.9834383348157953,0.9924144187449043,0.991685338399576,0.9721503727744476,0.9250787687383327,0.9467251931578428,0.9649323931198156,0.9536694318448671,0.9695207515521528,0.9781498473007305,0.9746676293941381,0.976996549709281,0.9880759199400272,0.9794740833911942,0.9662490952369708,0.9758215560369861,0.9704597285288357,0.969480637942964,0.9991290724002848,0.9148970083054665,0.9307716587712754,0.9604133985278327,0.951539464200717,0.8993627115128946,0.8883978152533945,0.8905026195033446,0.8926406661708125,0.9235582305890436,0.9016821410493392,0.9293628978091298,0.9472046921148393,0.9520815902587244,0.9583463891201134,0.9134840266323555,0.9735893423021665,0.9547368825513499,0.971663470865584,0.9546664519388764,0.9141454752877581,0.929585437509679,0.9539017769794116,0.93078785698661,0.8978918074509821,0.9006495517873496,0.9727966567719959,0.9304865324905798,0.9503581681890931,0.9154230321854564,0.8565677887611044,0.8809939360546515,0.7697469570517906,0.8968185841650259,0.8998527093320863,0.9128090241890491,0.8635306262237076,0.8816108591883819,0.48781764256994764,-0.468554419233451,0.9654650765861726,0.9619590687272408,0.959675399969271,0.9112332661585195,0.9573200350515506,0.9635920960069375,0.9630659837432983,0.9463131368408967,0.9501993090995698,0.8963966460428434,0.8157458926215112,0.9464084628747653,0.9655237940709126,0.8366425820302329,0.9405365496109716,0.9420436236301746,0.8543629978334178,0.9675670361980196,0.7395146439839915,0.4211964680530252,0.6636944785610671,0.7736611662002676,0.7789047771292607,0.7518452864880094,0.9667201154098383,0.9667080882653041,0.7067840556406596,0.7081771738398213,0.6736870401188095,0.45076911200554404,0.695355276913424,0.6931644637956088,0.6719459836988995,0.694538618259953,0.7620254308766896,0.6889971443994429,0.6751464375276496,-0.3658673234194007,-0.5018122386668282,0.7621794193200083,0.8421887643981555,0.8269976545189757,0.8630195775116841,0.8590492753751441,0.7663526133707996,0.8149836802376061,0.8336277497249218,0.8271746704483834,0.7131369185790518,0.003409476708501493],[0.9966813760588448,0.9924744843471716,0.9925710114224707,0.9970746285482343,0.9986227857721465,0.9792082698900321,0.9996574235643634,0.9999998446140141,0.9817647650095349,1.0,0.9999992022606716,0.9998040418377416,0.9999985967650743,0.9999926745400874,0.9999980049606706,0.9997207261410972,0.9980583925644293,0.9995287552205252,0.9998971719475619,0.9998970947431581,0.9999801897726652,0.9999994011919513,0.9936701825866923,0.9778933025122524,0.9964851256952227,0.9711555517416385,0.9965295324469858,0.992048020847947,0.9801725382058186,0.9530066487891975,0.9898219982892187,0.9937647215197375,0.990824042485593,0.9726879678003394,0.9995512645152385,0.9996142902777132,0.9996304835348434,0.9998532290553993,0.9993847221353559,0.999574257929985,0.9986595086559702,0.9990320152240477,0.9995625702330383,0.9995584099414291,0.9853057918409829,0.9460945610278619,0.9567640351779815,0.9626349395042418,0.9475315690249394,0.9142985581083302,0.9523798508498016,0.9447882759667431,0.9559359058158172,0.9610686441565002,0.9510780271746232,0.9809597157828549,0.9808615007883024,0.992443873218371,0.9964333901335507,0.9749230064376796,0.962741351669258,0.9726380388751599,0.9734073755412388,0.9732436309109882,0.9730769906295115,0.9301323486810844,0.9574576067356814,0.9512336925828658,0.9509567826467665,0.8949380305072795,0.9697403837534606,0.9682354436552358,0.9737447712755193,0.9728789115446984,0.9296950396069115,0.8761322797105622,0.842090782046566,0.8887377045447953,0.9226116401682406,0.912597631312642,0.9172043921232133,0.9165336794523135,0.7628490893983759,-0.5429603227302101,0.9628816072529817,0.9490369728969953,0.9488850068319565,0.9758279368863195,0.9528453118074546,0.9687005721625245,0.9684250402278943,0.9203934766158423,0.9699132018614777,0.9219247101019064,0.8103897702879395,0.9558434935750437,0.9620031369584316,0.8142047432777835,0.953054235865845,0.9541579139644173,0.9024975923745375,0.9782427604989107,0.9027004500673833,0.4333446712779069,0.7025806158019618,0.9085443905299799,0.8664320936240452,0.9049579990774942,0.9841049183461833,0.9842821703818868,0.7775955951772151,0.7446425185233226,0.780908650879,0.45494094678765307,0.7446571218582158,0.7851369435096831,0.780890301593689,0.7501806963679484,0.788965694816826,0.7487054584647208,0.731977844680552,-0.5380786981050565,-0.6214114292540199,0.7483701016706097,0.8885990405103148,0.9205776730727063,0.9416280618030795,0.9083228295873246,0.8253355912001226,0.9061648968769619,0.9152387403045237,0.9147538633624323,0.8121657414795289,0.16292993077402268],[0.9949239612170299,0.9925091385541737,0.9964756738840617,0.9955473479255134,0.998277614983358,0.9759302831375222,0.999638261926131,0.9999993970478299,0.9866280247036051,0.9999992022606716,1.0,0.9998025778762413,0.9999966086182982,0.9999953763382359,0.9999985248478401,0.9997082731971648,0.9978607085894226,0.999321828919206,0.9998147001896953,0.9998147426719075,0.9999985514499873,0.9999985423277711,0.9933144298118427,0.9751188176067079,0.9957540721662167,0.9790818904258735,0.9962443732582601,0.9920611381029188,0.9825376352641224,0.9476278886562463,0.9896823675444627,0.9936308061096687,0.9857751469057985,0.9522629247933538,0.9993837193190307,0.9994331027555085,0.9993850054867959,0.999909707239771,0.9993712336522363,0.9993940298651797,0.9982336774373202,0.9987170261262512,0.9993663517399288,0.9993644353845544,0.987985270494732,0.9458639382288446,0.9299938966443061,0.962608365831931,0.9474850129871532,0.9140836001286363,0.9287356741339946,0.9209526017777783,0.9325036294408742,0.9401379459588985,0.9274431337621838,0.9752759691268665,0.9752570297123297,0.9916143146924846,0.9951135308595084,0.968160162765345,0.9628816952845931,0.9611618848704898,0.965660302334729,0.9621644496209277,0.9619335588090485,0.9102732300355477,0.9481524502552853,0.9172791829235404,0.9167549348631305,0.8363275505415537,0.9683639542337027,0.9729589548877001,0.9699504743187302,0.9689126184340421,0.9254269006140077,0.8256375069981581,0.7961200695558057,0.8602973943588634,0.9078454159019319,0.8821100179290214,0.8949170464308129,0.893840698052614,0.7708145057061114,-0.31227036883271725,0.9522885065251884,0.9492020544424458,0.9490141452737003,0.9690928541926952,0.9409283876081154,0.9544876987926628,0.9539067255146902,0.8987299608971915,0.9566728059116703,0.902016098729902,0.8105464264169369,0.9560978218017606,0.9665468407167631,0.728706109652406,0.919772388340795,0.9221394648194179,0.863350479342504,0.9860520983501263,0.8516552503232643,0.08482133069881112,0.5638474235739535,0.8632389221611592,0.8340633985991265,0.8586321601637528,0.986797204757543,0.9868011097688564,0.5621874278015561,0.668444881862255,0.5695883315487109,0.4548968820071996,0.5402989681330452,0.5785329096391942,0.5700232248327245,0.5096491224253568,0.7795108473455893,0.6316982359295092,0.5948432561409276,-0.49700203436280554,-0.5573052427868873,0.7479364522867277,0.87096934304071,0.8825737884523791,0.9183442456587045,0.9027483278660885,0.7183074375383006,0.8672352950932811,0.877399677152306,0.8768075515916643,0.6455205490457461,0.12126610647046163],[0.9941514024181934,0.9935563293468419,0.9957183865148327,0.9949451337906234,0.9981888833171919,0.9754317543043814,0.9996707126518434,0.9997998087848411,0.9891802900129968,0.9998040418377416,0.9998025778762413,1.0,0.9998157465862897,0.9998036683046294,0.9998079436947754,0.9996961031567425,0.9984499493170815,0.9994912345998236,0.9999747647030033,0.9999745761374088,0.9998075615717352,0.9998118139001421,0.9930960287544799,0.9731929111451361,0.9946444098516933,0.9793936795482472,0.9952792081748086,0.9938811119566661,0.9788062854004501,0.9319239519235744,0.9925546462418151,0.9949381157518653,0.9824527465327652,0.9379515896427547,0.9995148625359856,0.9995536024891398,0.999517839448909,0.999656488883262,0.9996730606310623,0.9995308576164854,0.9981511413658313,0.9987458785719582,0.9995006283810829,0.9994979260786723,0.989423766053286,0.9421692837445016,0.920442154320516,0.9598290440014579,0.9456596614900704,0.9138201977723386,0.9015354225491669,0.9327791982547146,0.904392983209939,0.922640086670113,0.9002349040586056,0.9655242216816158,0.965514582449762,0.9842639178221878,0.9950013520302066,0.9675095155492408,0.9673515834962211,0.9570860263817693,0.9640890732688708,0.9590068672461322,0.9588214524826294,0.9121779574425736,0.9401330704597561,0.9023535211062826,0.901959221645071,0.8256782991936891,0.968122040915686,0.9698175472754229,0.9698072304364022,0.969174259411529,0.9332796687217193,0.7910119068172776,0.7612604509483839,0.8357236776852979,0.8919088805559847,0.8563118077902161,0.8748333419536842,0.8741611949268308,0.7618001555183885,-0.1554871067854272,0.9473356402282359,0.9507205076097076,0.9469718684110993,0.9680609402367785,0.9414942772012496,0.9501577564550822,0.9493945021726866,0.8992494362744943,0.9518958939420826,0.9014222955974547,0.7739752392858471,0.9540867419605799,0.9492140558936132,0.630267627116179,0.876314119577551,0.8801986816127731,0.7755410254375519,0.9809939179303657,0.7532404121718861,-0.2777188510680944,0.3207758876125044,0.7754435263167271,0.7336876793451743,0.7694000923757767,0.9820662516084723,0.9821444885877529,0.2830050682259372,0.441482170905838,0.2896815789192355,0.26080004643451,0.28140536572913105,0.29548482340110455,0.2930782811014735,0.21012355558214008,0.6118947306139086,0.3506234553340098,0.2992204398083983,-0.5035104478269241,-0.5532285915178564,0.7474944948001125,0.7831046696015451,0.8046279178286367,0.8696449869191112,0.8435916256254377,0.6364066119191526,0.7996674503261526,0.8004645370616443,0.7995782099014855,0.4813727810877939,0.30530888674785195],[0.9966406940075256,0.9925445502206374,0.989850105857925,0.9969700755113309,0.9986360788006037,0.9794664395232944,0.9985981578461673,0.9999971628457037,0.9702691827230321,0.9999985967650743,0.9999966086182982,0.9998157465862897,1.0,0.9999920195373186,0.9999977193870268,0.9994454215117435,0.9939256944009034,0.9995631794802152,0.9999267477667008,0.9999264945180801,0.9999756065234511,0.9999990387694937,0.9910407446057533,0.9757667684702368,0.9940109175052144,0.9451269067692989,0.9944838206679503,0.9921247292154765,0.975586626205527,0.9513315561829067,0.98871102733593,0.9938218043207763,0.9930243920810902,0.9756474744771345,0.9995445323115925,0.9996552946039297,0.9997393341530806,0.9997675615118604,0.9994225956842787,0.9996044676148561,0.9984906702382629,0.9990460715852452,0.9996187535353223,0.9994966974512891,0.9805067883807299,0.9464236578043748,0.956869416398497,0.9626565258403131,0.9476496616508823,0.9146767304389918,0.9588459441482109,0.9476431708280363,0.9609515292147259,0.9628141100796676,0.9528764851208078,0.9813536512905346,0.9810046230823282,0.9919300728458011,0.9966850113329151,0.9529109529663632,0.9628142149272891,0.9700378841416925,0.973468950206635,0.9717591634466447,0.955559005237911,0.9002284972587388,0.9576158450100479,0.9588204600021484,0.9446218228619669,0.8813455906100047,0.9697950538359261,0.9451889609849479,0.9684474212746732,0.9534547613124792,0.8101912631321809,0.8762663442492341,0.813514993364478,0.8890141298304514,0.9055774621543,0.9118093937856844,0.8933319629962714,0.9020401512755603,0.42939923154517545,-0.550408541412126,0.9629467562332523,0.9491049196496765,0.9489391834447642,0.9565031613732838,0.9572557625089524,0.9690013004509821,0.9690807155843176,0.9195248771834149,0.9657834303507349,0.8601632368851546,0.8104188257940197,0.9555752625505606,0.9510260071240716,0.8270809654704444,0.9582255388264908,0.9591871835426419,0.9027642313065548,0.9787948362878333,0.8363822088379007,0.5394429445253877,0.72299276826793,0.8596746621738469,0.8523648489214644,0.8422145330078569,0.9840841740289429,0.9842408864610356,0.7781225276053513,0.7452990676897503,0.7839732885312194,0.4553885498817058,0.7820403424268801,0.7931891380375643,0.7878653722130542,0.7920771283575228,0.7894832227487859,0.7491637795703934,0.7324727037721193,-0.32815444472590644,-0.4792719388442383,0.7495888522617421,0.8891351449441715,0.9190622847853981,0.9360988746446169,0.9087938405844009,0.8284661670723907,0.9055475561687569,0.9209335801735857,0.9195337535130236,0.7688682653361884,-0.06421181658988279],[0.9966696408835137,0.9924709279418912,0.9918475651442211,0.9970804724275707,0.9986530699069271,0.9799762031147184,0.99952694159754,0.9999936324178595,0.9786159105761253,0.9999926745400874,0.9999953763382359,0.9998036683046294,0.9999920195373186,1.0,0.9999956727148663,0.9996203445382125,0.9980424340000722,0.999526339496386,0.9999136291555866,0.9999126445911505,0.9999592456642568,0.9999924246797492,0.992874701843671,0.9762338276002188,0.996183010559367,0.9653121868721037,0.9959470100691908,0.9920433924374279,0.9761579586541131,0.9516885935073316,0.9891845726512335,0.993919188984858,0.9923484640430618,0.9752315581779031,0.9995327429569415,0.9996115042215744,0.9996663535768822,0.9999007265248203,0.9993933202032296,0.9995583106579855,0.998394902034178,0.9989773344291931,0.9995577818699187,0.9995515129880653,0.9831184320546397,0.9462354523266363,0.9566971656422781,0.9626455913767357,0.9475717953696702,0.9143318007968516,0.9549925889029538,0.9420085856776248,0.9573469792029748,0.9622675685433922,0.9521867408476624,0.9802428007040368,0.9807109186307725,0.9913261086632572,0.9966647663828464,0.975922196326915,0.9625140283022302,0.9744754372496482,0.9734310741417567,0.9754007452660123,0.975234328406786,0.9386959979156061,0.9572427754793125,0.9573125772976607,0.9570529640831669,0.911379255181152,0.9697702587845699,0.9708878474659105,0.9755664962378242,0.974644395946175,0.9368651909045871,0.87598004953863,0.8468926891267184,0.8886384037039188,0.9149807879489213,0.9116049362659686,0.9122013362472005,0.9112498362153266,0.7418586323204839,-0.5509453713514065,0.9629208693030292,0.9489086310964786,0.948642751245128,0.9768508529289522,0.9573370454885297,0.9689683965959344,0.9690629254772756,0.9197087229665643,0.9708211472997486,0.92977388067415,0.8103731463600409,0.9556719480286588,0.9553547246810118,0.8265143532144537,0.9581272432202638,0.959040585162185,0.9023711024674064,0.9791032563967607,0.8872528183348212,0.5385344392879674,0.7219158137943414,0.8952652357108476,0.8664494264102172,0.8865817191792351,0.9843203544471337,0.9844949039478261,0.7767815481791513,0.7442096510793034,0.8061816133678715,0.4550071279202084,0.7902480447631676,0.8103999255859748,0.8049253963442152,0.7935778073740112,0.7890823447050384,0.7475138930137478,0.7308295658268946,-0.4164109571491462,-0.5383256396630323,0.7480816809038856,0.8885990771100929,0.9159254302012259,0.932017375209268,0.9086316737262163,0.8269529698253254,0.8955450854419138,0.9096044279988003,0.9092192961273032,0.8439617848776364,-0.03083072609407469],[0.9966000775953032,0.9925205615413532,0.9900623235560828,0.9969446754810494,0.9986561440835058,0.9797432143502017,0.9992830205564295,0.9999984432256408,0.9751218270352545,0.9999980049606706,0.9999985248478401,0.9998079436947754,0.9999977193870268,0.9999956727148663,1.0,0.9995268884898453,0.9973995437740036,0.9995418728965255,0.9999196766900569,0.9999189597587828,0.999969731317251,0.9999978141507132,0.9912152681816672,0.9760456486845759,0.9955777006741582,0.9574055330954168,0.9953449201940268,0.9920897588910029,0.9758631324905175,0.951594348814911,0.9911730319871576,0.9940637043582824,0.9928962290243958,0.9754561259733927,0.999511931517241,0.9996188130962497,0.9997171047657423,0.9997836945667209,0.999396520250036,0.99956432576294,0.9984317981074142,0.9990005567953841,0.9995856131934877,0.9994647940223782,0.9807737862082785,0.9462702698815911,0.9567598770124325,0.962714518476554,0.947665679271728,0.9144192627121533,0.9585637858184128,0.9473898073964523,0.9606971025405049,0.9624831451841647,0.9524345559637746,0.9811231568745373,0.9807779359803446,0.9917757899274348,0.9965570653250336,0.9529480890841098,0.962879987846739,0.9700643790973624,0.9735436304925683,0.9717738688285691,0.9552325708914988,0.9005635570101447,0.9574836594589358,0.9586717702536416,0.9445227298321445,0.8814687702004689,0.9699472682384979,0.9453865237504768,0.9685113491969789,0.9535185708957322,0.8106511293806844,0.8761668890155643,0.8133904788939984,0.88895569624469,0.905586399800688,0.9117700710909711,0.8932110797902103,0.9019499656224707,0.4297263744794483,-0.5499244868975274,0.9630167894122594,0.9491359305504194,0.9489702062829517,0.9553718350280344,0.9574020980097153,0.9690407560759854,0.969115307766117,0.9198303996471088,0.9657923024166365,0.8605072413993721,0.8104040696723562,0.9558201676666989,0.9514259151710015,0.8271376096672611,0.9581736693283127,0.9591466280648939,0.90224772885517,0.9789330803088861,0.8358830735482189,0.5381200541108492,0.722253634181398,0.8591749596197046,0.8519322417064327,0.8417233889338588,0.9841627843544405,0.9843166109507789,0.7771625228482113,0.7445349401520626,0.7833094677541727,0.45505667798204813,0.7813499191270401,0.7924025134567055,0.78734965747279,0.7912628119720797,0.7890950110840652,0.748034957225264,0.7313649263300337,-0.32885720160442705,-0.4798582551404063,0.7494507622337004,0.8885462835617546,0.9186692311059473,0.9355976679199545,0.9083612258984249,0.8277388685075234,0.9051386027616873,0.9203565785113176,0.9190741477296263,0.7682804412775202,-0.06340537142170527],[0.9978516172861537,0.9944134132865496,0.9896159030852806,0.9980701643929705,0.9991111342321984,0.9794550445258644,0.9998959036049777,0.9994041237065157,0.9734157322113344,0.9997207261410972,0.9997082731971648,0.9996961031567425,0.9994454215117435,0.9996203445382125,0.9995268884898453,1.0,0.9985827300179013,0.9998685506620274,0.9996013146076049,0.9996053152612152,0.9997953349091575,0.9995918975469914,0.9909560415002325,0.9752174789549617,0.9944147678602342,0.9511927587064402,0.9940644782103849,0.9935130537481852,0.9744820855653481,0.9524408996582957,0.9914852091072945,0.9925792618030878,0.9936600764415939,0.9772951900610765,0.9993233143297745,0.9997481999546108,0.9997465468793569,0.9996205140628711,0.9996655597824065,0.9997129099471019,0.9989460803535123,0.999635373030355,0.9995464331596894,0.9993280615805806,0.9796505448080846,0.9450935770803487,0.9586420770928598,0.9609174877577913,0.9488712312494826,0.9201062675079577,0.9603644496093361,0.9513967402942115,0.9627593950925885,0.9660834258964022,0.956080786268,0.982860713555579,0.9825099636647684,0.9926005998811153,0.9961029636505692,0.9569989201738508,0.9662545943929813,0.974368826210784,0.9759265218275651,0.9758433163257133,0.9577947428620055,0.9052230230559831,0.9606804091917837,0.9633197989607872,0.9489036722887668,0.8885596951888024,0.9722880704317525,0.9497774243450342,0.9723739311155098,0.9574324561409423,0.8180148787381377,0.8811942663959681,0.8173222373134074,0.8940730016992694,0.910017167881283,0.9142663224101243,0.8965742120685309,0.906638864662372,0.4399936941064603,-0.5473589603092047,0.9661429975974365,0.9536307688734125,0.9533702089643808,0.9589605668808581,0.9607870328992034,0.9719178487867773,0.9719882515831996,0.923607617453795,0.9703356767617293,0.8669408273350088,0.8120862522725611,0.948211246946489,0.9445351646267707,0.8293750014743095,0.958217333975392,0.9590269698527543,0.9021895885759103,0.9758760219597287,0.8351547086922059,0.5472980488347667,0.7268657741320895,0.8591461389887621,0.854418