var element=document.getElementById("correlationClose");if(element.style.display!='none'){var correlationClose={"data":[{"type":"heatmap","z":[[1.0,0.9999908595632306,0.7152647050381757,0.9997605482095431,0.998267873353345,1.0,0.9932161508876295,0.9902356740393078,0.9902356740393078,0.9936930503953132,0.9791887082273226,0.9882578349853056,0.9932495996825835,0.9935803128946792,0.9932909625670882,0.6864091332965726,0.5876627594402225,0.21760141047215387,0.9939617809105319,0.9939546877057575,0.986068999465697,0.9932366598455094,0.35682382542229996,0.7781592609360345,0.9842138818805215,0.9842138818805215,0.9841956777732713,0.9803019032769489,0.29541181936536476,-0.14761529683617564,0.9888826082806331,0.988850650220752,0.23304866705286756,-0.2374718708599127,0.9950668319938984,0.99536035223088,0.8680600453865307,-0.3377623295250323,0.9913729763970986,0.995445302321976,0.6625078626773837,0.19790442828272584,0.9951809038294704,0.995175912460946,0.9951809038294704,0.9127188888160529,0.66154491044071,0.9362841679028954,0.9393683016507748,0.8646408876650831,0.38512774845180636,-0.1912098511677053,0.2349009419772116,0.9541205982763704,0.3589944650561264,0.9753827837110356,0.9725163513399535,0.9818690448356814,0.9891185054763872,0.9401335157110207,0.9505743757519485,0.9513342233167255,0.9415060022361699,0.9487089183266614,0.9492678850516965,0.9487089183266614,0.9049652923415482,0.9298326258383862,0.9305482233605129,0.9298326258383862,0.9365349854539353,0.8190763089868203,0.9100714852070764,0.9111639591464026,0.9100714852070764,0.7508754057333962,0.44827828012868604,0.7426833877446688,-0.5148319850445976,0.6487932497617312,0.657810187032282,0.6581259342414093,0.657810187032282,-0.06572905868804342,0.9244342696752467,0.953265553268596,0.9399066199714727,0.9413988369777813,0.2239734569476016,0.918988202113444,0.9194348248999605,0.918988202113444,0.922297826215352,0.922297826215352,-0.09641704386046614,0.6057243051668135,0.12924111244007974,-0.7234138906242499,-0.6078193657044949,-0.6119216828143803,-0.17020071952742868,0.16305296150589305,0.18327406793060333,-0.04762756522120664,-0.6064825438634581,-0.05060826511131826,-0.7971817850477494,-0.31973092296761674,0.18566039182186317,0.18731273078589034,-0.5872969281539029,-0.5665604057615781,-0.30815826756563747,-0.5301534584908261,-0.8088834620356455,-0.432578752592769,-0.42531949177518724,-0.432578752592769,-0.26005469679626864,-0.3835155991717646,-0.3835155991717646,-0.7971669579061227,-0.7971669579061227,0.4918439503590267,0.6346058521367198,0.8482281412929312,0.8428532158028154,0.7565442578986183,-0.35570492603460957,0.7474422297952722,0.7704063510347628,0.7705309663601573,0.7704063510347628,-0.15179851749657142],[0.9999908595632306,1.0,0.9844349919280284,0.9995813008138743,0.996389826254093,0.9999908595632306,0.9866222633987538,0.9821764458078275,0.9821764458078275,0.9865466974335949,0.9767799776937494,0.9872928922361562,0.9866631838839904,0.9866323987265778,0.9865329519241887,-0.028870314434299865,-0.12240046332304844,-0.48128119226925276,0.9893903241364004,0.9893884160994361,0.9866950724026053,0.9866977180269505,-0.20968197259939234,0.9823227948632915,0.9830612917996947,0.9830612917996947,0.9830833433653597,0.980400246440765,0.06670827964457837,0.08843432293047006,0.9833169522309788,0.9833650234476409,0.6776332862593839,0.013212515293960454,0.9914840864933827,0.9914844923740399,0.9920215373362795,0.9874910835025925,0.9906563997709397,0.9915463957040546,-0.07827012713179324,-0.48536342438488345,0.9920426458979617,0.9920409345764525,0.9920426458979617,0.9124495226177437,0.5151557735112791,0.936301769860905,0.9392840083657115,0.8642305518031543,-0.19414228454703725,-0.4573401019040597,0.8631836165976028,0.9052248192067415,-0.25836193970856935,0.9458602513147517,0.9459860425638054,0.9668221598277146,0.9787661663518127,0.9610145055892426,0.965689143663669,0.9528905100593179,0.9548100444060306,0.9554924453006756,0.9557819850171195,0.9554924453006756,0.8885153439392107,0.8641553817549785,0.8651238100649782,0.8641553817549785,0.962399173168895,0.9647154832797963,0.9623143592462525,0.9629729393485201,0.9623143592462525,0.713963871698459,0.6747659775989975,0.7433431207127688,0.7947412648558311,0.7183244534181434,0.7380927003223601,0.7392384587250949,0.7380927003223601,-0.05528312235440042,0.9338054753143457,0.950400318718177,0.9450200579979419,0.9649552995466841,-0.33396264420612637,0.9310326123759698,0.9311452428726835,0.9310326123759698,0.9360796405321614,0.9360796405321614,-0.17824345954545356,0.606339611759869,-0.3766016837742393,-0.8076472363451337,-0.4716745556707518,-0.4758365756043228,-0.40513489704614486,0.29742123641613083,-0.2750455007871809,-0.5255716430636879,-0.7636340618800306,-0.3761510769795807,-0.46793065924546556,-0.4422352696172777,0.15504663535575294,0.15300093636589404,-0.4928914085449173,-0.4634728462022585,-0.4916192895695864,-0.523368363966004,-0.5149964608567719,-0.49386550417081143,-0.4972828567895962,-0.49386550417081143,-0.3904593085123818,-0.5580587721429029,-0.5580587721429029,-0.5217312650291698,-0.5217312650291698,0.48994546010119017,0.37866907963050944,0.5155220931589356,0.6420454035955436,0.5358334391373776,-0.44420121269001756,0.4139579125359212,0.3220546120566309,0.3222583724108686,0.3220546120566309,0.21586069569897018],[0.7152647050381757,0.9844349919280284,1.0,0.7131096431582681,0.661342467590539,0.7152647050381757,0.6929307507316315,0.686691828320621,0.686691828320621,0.6521427867373146,0.6259482090876158,0.9945119013332916,0.6929666867057924,0.6910208268095113,0.6930702270650503,0.3570182080154897,0.30375775826459156,-0.2428436286078192,0.6611757092363273,0.6605533928873443,0.6326164333689812,0.6921189558645421,0.14272474561429935,0.8269472894829782,0.6785836291964857,0.6785836291964857,0.6783799435153811,0.990272501619882,0.26872149832618236,0.07672836456880233,0.6478915362319384,0.6475726968791794,0.5842559340448733,-0.07985290313332707,0.6881131976508307,0.644764781505621,0.6504492007871842,0.2764311019570185,0.9932509488536442,0.6428479096256434,0.33891765745747393,-0.2527506535311279,0.7052653781043358,0.6862122573362754,0.7052653781043358,0.9098637730016701,0.4340813439744333,0.9480429478069727,0.931746783944414,0.7843937117427446,0.24224071613606799,-0.08476593911892495,0.05835068800270514,0.5962398603892416,-0.07613071726581376,0.632243235434464,0.6145570054272026,0.6304054883832574,0.5946125091405253,0.046526505662994065,0.8362985462036845,0.7735981140083233,0.7080623366259612,0.7789245651979256,0.7908692775767825,0.7789245651979256,0.6195510971565612,0.7053053205873252,0.7400479957269266,0.7053053205873252,0.753584963115054,0.7070451174118854,0.7597675341530419,0.7930463108162106,0.7597675341530419,0.5295292225983385,-0.07917298551510216,0.5438451330814579,0.08499957486550273,0.5021498127106796,0.2723432780427022,0.5476787578765289,0.2723432780427022,-0.10905892123648653,0.6912394716644018,0.9073569429786225,0.7493699092122164,0.795659294856991,-0.09770294756288718,0.7204124746387133,0.720098567720101,0.7204124746387133,0.7642075274742838,0.7642075274742838,-0.19035303399078163,0.7010399768304324,-0.174068924640272,-0.7428474871488172,-0.47060824257399825,-0.4748897072564256,-0.44041831231630857,0.1427405519741981,0.018034022533603044,-0.3705625330205118,-0.7225787156092183,-0.18833959140954162,-0.35720781611320795,-0.30173030193363,0.07885437752851562,0.07771125739931496,-0.5104832454946853,-0.09686682394623819,-0.2843143806596442,-0.528397035019952,-0.24355005285544348,-0.43159906922141594,-0.3168731317512097,-0.43159906922141594,-0.4393921863263833,-0.5662295504983338,-0.5662295504983338,-0.3344973179795782,-0.3344973179795782,0.4473257148639831,0.2420061773872262,0.310869276430804,0.5488632026986676,0.33350877222181613,-0.4044655902613321,0.0076344542553135625,0.4684239371132508,0.5613631768369307,0.4684239371132508,0.019829670270053567],[0.9997605482095431,0.9995813008138743,0.7131096431582681,1.0,0.9990127387688218,0.999760548209543,0.9942419944408105,0.9916730567015003,0.9916730567015003,0.9949108072711007,0.977631172555438,0.9908921130414702,0.99426689686793,0.9948536407726184,0.9942872361803897,0.6853608813047126,0.5861175199035035,0.20352667341140593,0.994820025058718,0.9948155991358698,0.9860627532398991,0.9942474615737273,0.34833930066348506,0.7823279351653372,0.9864372770120634,0.9864372770120634,0.9864183504905912,0.9849635907070728,0.29113659766982214,-0.15329581784594465,0.9880658216754789,0.9880414196847325,0.22516419692158127,-0.23784296082763928,0.9954364752989235,0.9959230341034433,0.8388011310194401,-0.3416297198627108,0.9932678337023838,0.99620713792164,0.6608985412207994,0.18358121132922875,0.9937066425259372,0.9954673828226547,0.9937066425259372,0.9108820166655827,0.6503891462319789,0.9386670953907936,0.9367817950764941,0.8513887268985296,0.3808314200979964,-0.19534561336783868,0.2303917749098992,0.9494421567094294,0.34419430974193005,0.9711875922048927,0.9699116477885726,0.9798427230362222,0.9888089414601676,0.924064440033315,0.9461736265395299,0.9419024839881297,0.9388207621307814,0.9363584974859067,0.9370918921391271,0.9363584974859067,0.8993393693388996,0.9212019442588494,0.9219828202282732,0.9212019442588494,0.9342037157003558,0.772515119301119,0.8801119497847476,0.8812392162750594,0.8801119497847476,0.7454980481660557,0.19714409477429987,0.7359819981640181,-0.5194890057090628,0.645506143107424,0.39613090578089083,0.6323366277096261,0.39613090578089083,-0.07103239511583237,0.9209932769721506,0.9486231612163211,0.9347656089451785,0.923576851788038,0.21055578194821595,0.916142382474549,0.9166962855998926,0.916142382474549,0.9081283651042719,0.9081283651042719,-0.10045868701794027,0.6220491779978832,0.13427464096028666,-0.7316579003711304,-0.6136678632005743,-0.6176936219341632,-0.1808680202451895,0.15927046862601538,0.17735805465855153,-0.0596803420550801,-0.6165802885391571,-0.05585415582722547,-0.8017968779489211,-0.32646589524980846,0.17705193001536057,0.17875599937110775,-0.5929040886606248,-0.5632916075250872,-0.30831857646770916,-0.5388142353247931,-0.8096935406399639,-0.43308534529546105,-0.4263659415604575,-0.43308534529546105,-0.26720802630702717,-0.39161039627682237,-0.39161039627682237,-0.7962497459660764,-0.7962497459660764,0.48393943581377996,0.6245577386429284,0.8406391294598441,0.8356625712565823,0.7501085302004855,-0.3669784279542647,0.738968451156297,0.761912952777883,0.7620373554648531,0.761912952777883,-0.13746425480791746],[0.998267873353345,0.996389826254093,0.661342467590539,0.9990127387688218,1.0,0.998267873353345,0.9974067480356462,0.9962275358658459,0.9962275358658459,0.9976192898148447,0.9721043808971932,0.996707312354002,0.9974248189824019,0.9974913062825362,0.9974463497250489,0.5652421551692117,0.43966535609130375,-0.0023297452141519425,0.9977619095858304,0.997761080583329,0.9885482295317611,0.9974090767767931,-0.009883735768562768,0.7706938872734578,0.9933489550574972,0.9933489550574972,0.9933129087862882,0.9917032005093915,0.06934934720777185,-0.13691518797545182,0.9871128013801334,0.9870482612795257,-0.06617588051300966,-0.14690689896714865,0.9978015912840693,0.9977202605575886,0.8356383202150214,-0.45142340406796894,0.9977797955356128,0.9980676551384178,0.5270012651556648,-0.026274883124542413,0.9977507296587749,0.9977542677229029,0.9977507296587749,0.922355070107648,0.6193509407857649,0.9457514610050782,0.934878269518447,0.831304161983575,-0.04831017237576729,-0.5834066910198079,-0.13221805595391825,0.941418910617294,0.2012143403713552,0.9696204482273358,0.9696464485374136,0.9833627532511899,0.9895139118298021,0.9238955941931172,0.9307872918170044,0.9326932380473215,0.9279793852391388,0.9311775034167196,0.9314684930517813,0.9311775034167196,0.8790459220963823,0.88588429369373,0.8866990785296265,0.88588429369373,0.9245743784929054,0.853369935841401,0.9074780007689227,0.9080977001619053,0.9074780007689227,0.7129476153248904,0.6217215661898922,0.7066806291898993,-0.5182285034672482,0.6911451112502066,0.6750447664602987,0.6745516585591645,0.6750447664602987,-0.07573826472696037,0.9060235943221304,0.929060589504451,0.9162125662708129,0.9307210415338663,0.05693489770815445,0.904703882973338,0.9054709996797682,0.904703882973338,0.9091808682519205,0.9091808682519205,-0.1354869204591008,0.6646109492842937,-0.010767017104580905,-0.7559166885515324,-0.6546983141170183,-0.6561162770055387,-0.20786074140620397,0.18246450952653015,-0.20351848262294903,-0.29741264776773474,-0.6755174708697457,-0.4017377368846625,-0.8378038239887193,-0.5847920056312659,0.14936112889276196,0.1509267302418277,-0.6154994358086071,-0.5600467504704484,-0.5654617307737395,-0.5732675642147818,-0.763312908290738,-0.6131183597262,-0.6160815845761172,-0.6131183597262,-0.3001836564227491,-0.41998357770500594,-0.41998357770500594,-0.7343463641030592,-0.7343463641030592,0.47134418917849674,0.6106355587547151,0.8040586851009568,0.8076804498695809,0.7439484670364458,-0.4846363884245494,0.6242991667945305,0.6649843288290611,0.6650214363859085,0.6649843288290611,0.08873134347449935],[1.0,0.9999908595632306,0.7152647050381757,0.999760548209543,0.998267873353345,1.0,0.9932161508876295,0.9902356740393078,0.9902356740393078,0.9936930503953132,0.9791887082273226,0.9882578349853056,0.9932495996825835,0.9935803128946792,0.9932909625670882,0.6864091332965726,0.5876627594402225,0.21760141047215387,0.9939617809105319,0.9939546877057575,0.986068999465697,0.9932366598455094,0.35682382542229996,0.7781592609360345,0.9842138818805215,0.9842138818805215,0.9841956777732713,0.9803019032769489,0.29541181936536476,-0.14761529683617564,0.9888826082806331,0.988850650220752,0.23304866705286756,-0.2374718708599127,0.9950668319938984,0.99536035223088,0.8680600453865307,-0.3377623295250323,0.9913729763970986,0.995445302321976,0.6625078626773837,0.19790442828272584,0.9951809038294704,0.995175912460946,0.9951809038294704,0.9127188888160529,0.66154491044071,0.9362841679028954,0.9393683016507748,0.8646408876650831,0.38512774845180636,-0.1912098511677053,0.2349009419772116,0.9541205982763704,0.3589944650561264,0.9753827837110356,0.9725163513399535,0.9818690448356814,0.9891185054763872,0.9401335157110207,0.9505743757519485,0.9513342233167255,0.9415060022361699,0.9487089183266614,0.9492678850516965,0.9487089183266614,0.9049652923415482,0.9298326258383862,0.9305482233605129,0.9298326258383862,0.9365349854539353,0.8190763089868203,0.9100714852070764,0.9111639591464026,0.9100714852070764,0.7508754057333962,0.44827828012868604,0.7426833877446688,-0.5148319850445976,0.6487932497617312,0.657810187032282,0.6581259342414093,0.657810187032282,-0.06572905868804342,0.9244342696752467,0.953265553268596,0.9399066199714727,0.9413988369777813,0.2239734569476016,0.918988202113444,0.9194348248999605,0.918988202113444,0.922297826215352,0.922297826215352,-0.09641704386046614,0.6057243051668135,0.12924111244007974,-0.7234138906242499,-0.6078193657044949,-0.6119216828143803,-0.17020071952742868,0.16305296150589305,0.18327406793060333,-0.04762756522120664,-0.6064825438634581,-0.05060826511131826,-0.7971817850477494,-0.31973092296761674,0.18566039182186317,0.18731273078589034,-0.5872969281539029,-0.5665604057615781,-0.30815826756563747,-0.5301534584908261,-0.8088834620356455,-0.432578752592769,-0.42531949177518724,-0.432578752592769,-0.26005469679626864,-0.3835155991717646,-0.3835155991717646,-0.7971669579061227,-0.7971669579061227,0.4918439503590267,0.6346058521367198,0.8482281412929312,0.8428532158028154,0.7565442578986183,-0.35570492603460957,0.7474422297952722,0.7704063510347628,0.7705309663601573,0.7704063510347628,-0.15179851749657142],[0.9932161508876295,0.9866222633987538,0.6929307507316315,0.9942419944408105,0.9974067480356462,0.9932161508876295,1.0,0.9977655753882632,0.9977655753882632,0.9999733237403823,0.9674672098534746,0.9997289165182474,0.9999969486988245,0.9999885853611616,0.9999941434054113,0.7893557764235786,0.7718722028424153,0.17801039657948997,0.9998767530252746,0.9998770821621087,0.9909877438476611,0.9999971062889408,0.27610308227743724,0.7753838577101763,0.9868750580409101,0.9868750580409101,0.9883455488661698,0.9926093648904682,0.22878802255967123,-0.2010922797716322,0.991407842021379,0.9915045578119723,0.14173701217931262,-0.27761725697886097,0.9994011223899587,0.9995228818883728,0.49410952849421463,-0.29027037100894565,0.9992362626089519,0.9995056425213654,0.7635064236275803,0.1568017058727304,0.9501246207341452,0.9991765098042252,0.9501246207341452,0.9296795385285582,0.6273049005858676,0.9523401636079336,0.9339611713758341,0.8022040301582263,0.42274353856238106,-0.1322365947979377,-0.17119444860457766,0.939195954327918,0.31888723636088157,0.9700338897320121,0.9675634875320325,0.9813025212772485,0.9952524538235775,0.01728881053365897,0.8974976849359688,0.8593274349998233,0.8988949133518319,0.8547623035696911,0.8213913280461456,0.8547623035696911,0.8467567701526855,0.8272479035824457,0.8171637002191977,0.8272479035824457,0.8948978377556591,0.46114545794748163,0.6491500838849402,0.6966403237969071,0.6491500838849402,0.6822943472546041,-0.32066042194237987,0.6632574915257259,-0.587702828695547,0.5820112653958955,-0.05181416825971887,0.5085925106986189,-0.05181416825971887,-0.11173886171699908,0.8738461996305774,0.8972618443199631,0.883645854528192,0.7966281396826034,0.18283275235030466,0.8717942840500229,0.8726391150661662,0.8717942840500229,0.8045230735132405,0.8045230735132405,-0.16910428029348987,0.7027713042435049,0.21646202206139287,-0.7322981864053841,-0.6504707044285276,-0.6540407276900663,-0.21619491990954312,0.11154206596207943,0.303489535004288,-0.081579058001221,-0.6220325071151105,0.014180888958171368,-0.8288594531438822,-0.22103307944469844,0.11683051561072744,0.11853531344888434,-0.6321063269998822,-0.5785304324774853,-0.14168243885216583,-0.6054889716126264,-0.8270319653259779,-0.4221675685735296,-0.2611138475527337,-0.4221675685735296,-0.3273806778192774,-0.425827385872441,-0.425827385872441,-0.8189083728487224,-0.8189083728487224,0.4694060621029803,0.5982894839196589,0.520546813890553,0.8102230797539454,0.7425580877045894,-0.41099084708259825,0.08207314443462262,0.7437529380185969,0.7618807014234767,0.7437529380185969,-0.08008452317872514],[0.9902356740393078,0.9821764458078275,0.686691828320621,0.9916730567015003,0.9962275358658459,0.9902356740393078,0.9977655753882632,1.0,1.0,0.99962702864804,0.9619554834434603,0.9989579648680432,0.9984597081739807,0.9994733509271906,0.999257189144611,0.7857870000238976,0.7586563109536802,0.15688645762469902,0.9992786130103913,0.9992805178033053,0.9886431877123257,0.9993744303646499,0.2517244044889996,0.7776817580092502,0.9933683989583074,0.9933683989583074,0.9868050803846821,0.9905681035545043,0.21198855268036934,-0.2134355192535448,0.9877968168680619,0.9912213296771369,0.12388408037396675,-0.283317664088048,0.9984716890680352,0.998496728975077,0.4792371198611836,-0.29584681587128886,0.9977417911895613,0.9984865700278552,0.7600029831395986,0.1353521915108214,0.9439025679285362,0.9983069638073897,0.9439025679285362,0.927896054197481,0.6135486554018128,0.9529862203590841,0.9330029786796703,0.7862746071852359,0.41076800786876566,-0.1460196635262392,-0.1822580007781746,0.9320906742163774,0.29955286669943587,0.9657862957536639,0.9631056369311906,0.9768850198234035,0.9941765427979795,0.009193518755469669,0.8902097431209562,0.8477681978360478,0.8932622139867964,0.8442015039650445,0.8115882219969288,0.8442015039650445,0.8381946388195961,0.8136065453377258,0.8065434160091225,0.8136065453377258,0.8893735085088789,0.445705925663074,0.6332920429262885,0.6833201099832034,0.6332920429262885,0.6740342207232387,-0.3332763883190568,0.6534751872169198,-0.5931110047237327,0.5771027178593616,-0.0709812168202587,0.49580235469961303,-0.0709812168202587,-0.1169782618293876,0.8674798259567474,0.8886374932875578,0.8756393137525954,0.7844803327732299,0.16555705850068006,0.8660142759235929,0.8670126275338116,0.8660142759235929,0.791918127792914,0.791918127792914,-0.18185817427229845,0.7216769909214888,0.22227456807402557,-0.7407963685426467,-0.6613440600500907,-0.664753649510208,-0.22957555890704576,0.10540572834544738,0.2964377788574771,-0.09976170144458589,-0.6333430708381047,0.005069968676979445,-0.8333266418049673,-0.2274086342668714,0.10349940425933901,0.10522952557537826,-0.6419797668124366,-0.5790289982711337,-0.1483542393380863,-0.6194202464430575,-0.8256852637201737,-0.432578160380465,-0.26711001685020647,-0.432578160380465,-0.34250128883987097,-0.4377590638995323,-0.4377590638995323,-0.8161048488563913,-0.8161048488563913,0.45487364077502834,0.5833582880274646,0.5035077270790828,0.7939760480357065,0.731293263586128,-0.4301269005078159,0.06945050586259782,0.7258580073494999,0.7469416342871098,0.7258580073494999,-0.06362997430471327],[0.9902356740393078,0.9821764458078275,0.686691828320621,0.9916730567015003,0.9962275358658459,0.9902356740393078,0.9977655753882632,1.0,1.0,0.99962702864804,0.9619554834434603,0.9989579648680432,0.9984597081739807,0.9994733509271906,0.999257189144611,0.7857870000238976,0.7586563109536802,0.15688645762469902,0.9992786130103913,0.9992805178033053,0.9886431877123257,0.9993744303646499,0.2517244044889996,0.7776817580092502,0.9933683989583074,0.9933683989583074,0.9868050803846821,0.9905681035545043,0.21198855268036934,-0.2134355192535448,0.9877968168680619,0.9912213296771369,0.12388408037396675,-0.283317664088048,0.9984716890680352,0.998496728975077,0.4792371198611836,-0.29584681587128886,0.9977417911895613,0.9984865700278552,0.7600029831395986,0.1353521915108214,0.9439025679285362,0.9983069638073897,0.9439025679285362,0.927896054197481,0.6135486554018128,0.9529862203590841,0.9330029786796703,0.7862746071852359,0.41076800786876566,-0.1460196635262392,-0.1822580007781746,0.9320906742163774,0.29955286669943587,0.9657862957536639,0.9631056369311906,0.9768850198234035,0.9941765427979795,0.009193518755469669,0.8902097431209562,0.8477681978360478,0.8932622139867964,0.8442015039650445,0.8115882219969288,0.8442015039650445,0.8381946388195961,0.8136065453377258,0.8065434160091225,0.8136065453377258,0.8893735085088789,0.445705925663074,0.6332920429262885,0.6833201099832034,0.6332920429262885,0.6740342207232387,-0.3332763883190568,0.6534751872169198,-0.5931110047237327,0.5771027178593616,-0.0709812168202587,0.49580235469961303,-0.0709812168202587,-0.1169782618293876,0.8674798259567474,0.8886374932875578,0.8756393137525954,0.7844803327732299,0.16555705850068006,0.8660142759235929,0.8670126275338116,0.8660142759235929,0.791918127792914,0.791918127792914,-0.18185817427229845,0.7216769909214888,0.22227456807402557,-0.7407963685426467,-0.6613440600500907,-0.664753649510208,-0.22957555890704576,0.10540572834544738,0.2964377788574771,-0.09976170144458589,-0.6333430708381047,0.005069968676979445,-0.8333266418049673,-0.2274086342668714,0.10349940425933901,0.10522952557537826,-0.6419797668124366,-0.5790289982711337,-0.1483542393380863,-0.6194202464430575,-0.8256852637201737,-0.432578160380465,-0.26711001685020647,-0.432578160380465,-0.34250128883987097,-0.4377590638995323,-0.4377590638995323,-0.8161048488563913,-0.8161048488563913,0.45487364077502834,0.5833582880274646,0.5035077270790828,0.7939760480357065,0.731293263586128,-0.4301269005078159,0.06945050586259782,0.7258580073494999,0.7469416342871098,0.7258580073494999,-0.06362997430471327],[0.9936930503953132,0.9865466974335949,0.6521427867373146,0.9949108072711007,0.9976192898148447,0.9936930503953132,0.9999733237403823,0.99962702864804,0.99962702864804,1.0,0.9666071421291045,0.9996970511047228,0.9999745007670339,0.9999738959123832,0.9999773639102663,0.6178413791209114,0.4961072191186804,0.05684966621336217,0.9998369441785318,0.9998378087061264,0.9909241530535554,0.999971828488485,0.04756466615986767,0.7589224313763314,0.9957172165008468,0.9957172165008468,0.9956802253192332,0.992530420525558,0.057943206552276576,-0.14517628067725666,0.9908954897621146,0.9908569257025042,-0.04380143007542384,-0.2406824369516429,0.9994622286423286,0.9994209413809261,0.8377729317383272,-0.45335830813677513,0.9991832166200462,0.9994781304206667,0.5816242483420717,0.033011802667469795,0.9993446789599811,0.9993496942868577,0.9993446789599811,0.9293939229086892,0.6276622210372989,0.9521465046867937,0.9336429050510447,0.8018350550524699,0.04481331256782441,-0.5407357189083094,-0.09393283037101431,0.9360789566088535,0.26410251594965706,0.9678310276692041,0.9675375160369748,0.983628437668597,0.9945332880269646,0.9008643910077959,0.8982942924349981,0.9107289758618043,0.8999643982248324,0.9091393086086562,0.9096381491347757,0.9091393086086562,0.8467207143042609,0.8680921044820985,0.8691624844114233,0.8680921044820985,0.8962559529198212,0.8204127119753896,0.8820226980276614,0.8829658551527916,0.8820226980276614,0.6825808376948931,0.5580482878273854,0.663181134012759,-0.5789310175816583,0.6310162574858674,0.6042464868039635,0.6042449714133686,0.6042464868039635,-0.06192464118816606,0.8747982055653689,0.89738264124659,0.884269786416055,0.9083743341698653,0.09658000527949921,0.8767216300759705,0.8782075240751283,0.8767216300759705,0.8813561217841284,0.8813561217841284,-0.1705538143653008,0.7035797674676787,0.01773215573399058,-0.7433809044998835,-0.6813826236933938,-0.6829188331889022,-0.21956932023800066,0.11551973004327366,-0.2072905776282455,-0.2625737835896501,-0.6574983896258888,-0.4271521682940507,-0.8590306141805092,-0.6170779923005331,0.11601086539363403,0.11815778078168178,-0.6334304743028609,-0.5746702720000096,-0.5755302390434252,-0.6068421328846983,-0.7908094002904842,-0.6357622750809002,-0.6382344388473485,-0.6357622750809002,-0.32903727295546503,-0.4287718277368039,-0.4287718277368039,-0.7719383739410965,-0.7719383739410965,0.4680470363931831,0.5963078251428396,0.8148101060008708,0.8167826928240782,0.7404261594352899,-0.436908814074552,0.6523902123632981,0.6897540661121302,0.6899387467017079,0.6897540661121302,0.1559496728628401],[0.9791887082273226,0.9767799776937494,0.6259482090876158,0.977631172555438,0.9721043808971932,0.9791887082273226,0.9674672098534746,0.9619554834434603,0.9619554834434603,0.9666071421291045,1.0,0.9562522417764556,0.9674871288148275,0.9675204392361417,0.9672573962752856,0.365067028312579,0.24252848295226295,-0.17760904417101203,0.9711069746144219,0.9710892042795407,0.9675779508517564,0.9675703468724614,-0.04801387219999387,0.7961218090068157,0.96872460596974,0.96872460596974,0.9688698982272479,0.9225074783495292,0.1459840239402734,-0.1328640509062872,0.9726062395916321,0.9726968966875159,0.09531108612684426,-0.025517527133802512,0.9740676073879514,0.9742702181907248,0.9037297262420912,-0.32268743362793023,0.9629105164110996,0.9734110291837414,0.3222676847198299,-0.19699374291913488,0.9749829361679105,0.9749557735963833,0.9749829361679105,0.8537180172577901,0.4413705200223604,0.8770416142300889,0.9251705130574418,0.8879111940113108,-0.4514493153937609,-0.6634949820916703,-0.16009459019281763,0.9085544457023582,-0.04727702683572045,0.9320118681825298,0.9320670472673073,0.9473333618055955,0.9707800340370198,0.9032088972383006,0.9065005064237887,0.9131889979989456,0.9059161255173646,0.9072238020874461,0.9076629050890384,0.9072238020874461,0.869122703417737,0.843850311925764,0.8448527313297212,0.843850311925764,0.9024724415818857,0.9143040462073534,0.900723229986327,0.9011337996922293,0.900723229986327,0.7542616358222274,0.700407278941424,0.7550747369891665,-0.2234553926856632,0.765215932765296,0.7787028623634055,0.7806716086620388,0.7787028623634055,-0.2081763010997107,0.901106820774215,0.9461759067330702,0.9134149686774958,0.913889106757245,-0.06443388814202564,0.8959798485484223,0.8966512166907038,0.8959798485484223,0.9021226647375331,0.9021226647375331,0.028440162045633124,0.4510518557263959,-0.15431122662251975,-0.6911248073545891,-0.459679141710235,-0.46243733927397673,-0.10028636222049714,0.4437622621216075,-0.007534977082939287,-0.23538472288573425,-0.5902282601381662,-0.13717760820510738,-0.7840485984387081,-0.3019920830024626,0.3088532535490838,0.30923455769903935,-0.4299987929866494,-0.429989898069577,-0.3993384835703422,-0.4115565951445852,-0.6498056446231907,-0.4180384181143137,-0.4205812186028395,-0.4180384181143137,-0.16484201240392712,-0.4712595303834774,-0.4712595303834774,-0.5420493422705013,-0.5420493422705013,0.5908000793031636,0.6519028985873038,0.7582294757522284,0.7227584860803574,0.8112943600744773,-0.5203353766365553,0.44079094919598816,0.5397800867289455,0.5401190103795309,0.5397800867289455,-0.10018570046472842],[0.9882578349853056,0.9872928922361562,0.9945119013332916,0.9908921130414702,0.996707312354002,0.9882578349853056,0.9997289165182474,0.9989579648680432,0.9989579648680432,0.9996970511047228,0.9562522417764556,1.0,0.9997278934576138,0.9997251996022529,0.9997025017829279,0.08953088532022417,-0.015512447453853091,-0.5499724871981386,0.9998327893581817,0.9998343849592974,0.999731873901511,0.9997309845578896,-0.29450618798542,0.974614046388291,0.9951647525113922,0.9951647525113922,0.9951462788626035,0.9939095246149684,0.06201322219409741,0.05541995311810996,0.9928690953159086,0.9929146378940692,0.7411074542914736,-0.06003983331363264,0.9992125264670257,0.999178852166375,0.9990677983321676,0.9994912305120938,0.999524070824589,0.9992423227689189,0.03316702119164549,-0.5571340099987816,0.9990301751224832,0.999036033869364,0.9990301751224832,0.9247332741880594,0.4775456427538174,0.9482766032061934,0.9300161890101406,0.8016142767773511,-0.326139273581428,-0.573712525255395,0.8451034996329508,0.8735229157829896,-0.3428336850949587,0.9430263665524697,0.9432064876856042,0.9741887195121209,0.9940270101453977,0.9159481118786967,0.9206193753048787,0.8999306400525844,0.9050259233790363,0.9038784648014734,0.9042887502959137,0.9038784648014734,0.8159983447280819,0.7860115637777747,0.7872857107958359,0.7860115637777747,0.9221268567158104,0.9269378821770948,0.9210929215030506,0.9218773627478231,0.9210929215030506,0.6181657018229378,0.5706302007309446,0.6473187960669972,0.7138918494957541,0.6288173238123369,0.6534996702559949,0.6555577951206137,0.6534996702559949,-0.22932411947844092,0.8732260248601275,0.8987085339401105,0.8896059626700131,0.9217887972565716,-0.3556946619204401,0.8695664301358234,0.8697302234866896,0.8695664301358234,0.87662785476391,0.87662785476391,-0.22092647977388025,0.6980565599152676,-0.39870741116412,-0.8230843992798117,-0.5425345014694314,-0.5457796622071432,-0.44443081626269554,0.25517572498710683,-0.3110397734020827,-0.5554570347614531,-0.7841828766180186,-0.41697890465648474,-0.5828396696303845,-0.4930356187207749,0.10894254748890404,0.1072618033761916,-0.5605887299051114,-0.5354392700218927,-0.5568703151671412,-0.5929619711243698,-0.5858934456080241,-0.5602010088759214,-0.5634502707542,-0.5602010088759214,-0.45454310145047755,-0.6426782995263665,-0.6426782995263665,-0.6298322958938204,-0.6298322958938204,0.46377087777522,0.3551274499705637,0.49670545487898626,0.6168569483806948,0.5397478187842,-0.5727137086663998,0.3577271973358537,0.3000970330135691,0.30034192668344073,0.3000970330135691,0.28423618311523546],[0.9932495996825835,0.9866631838839904,0.6929666867057924,0.99426689686793,0.9974248189824019,0.9932495996825835,0.9999969486988245,0.9984597081739807,0.9984597081739807,0.9999745007670339,0.9674871288148275,0.9997278934576138,1.0,0.9999917334624164,0.9999956442039425,0.7893178052689005,0.7568181415394104,0.17803140387851046,0.9998778256777778,0.9998781150110013,0.9910139718731109,0.9999976353449204,0.2763720481597755,0.775463288599003,0.9916747517104154,0.9916747517104154,0.9883425081786842,0.9926249547571395,0.22902147112210375,-0.20103545046491364,0.9914601714724782,0.991508524825809,0.1419371473292917,-0.27758817236296635,0.9994018289713053,0.9995246551570496,0.49410014950471604,-0.2900678714339854,0.9992373886938064,0.9995115972036495,0.7634532617112997,0.15682867811704368,0.950114874332491,0.999177690020737,0.950114874332491,0.9296759223364837,0.6274187173850873,0.952432057773683,0.9340550889926873,0.8023001971027891,0.4230847703270383,-0.13184040143872805,-0.1708562295614758,0.9392524384574902,0.31892898300595035,0.9701032755996761,0.9676018184164352,0.981371089800465,0.9952598800117376,0.01746984895817484,0.8976252745880244,0.8594141797224912,0.8990057933129744,0.8548481768256188,0.8213514856169266,0.8548481768256188,0.846861377291718,0.8273093777668219,0.817125221909091,0.8273093777668219,0.895031101831795,0.46105409780666223,0.6491621854700516,0.6965731107128151,0.6491621854700516,0.6823140048892657,-0.3206665279893823,0.6633014054696628,-0.5875890407175468,0.5819626483220778,-0.051919859565555795,0.5086339343103344,-0.051919859565555795,-0.11185297266725581,0.873939472115618,0.8973872635152913,0.8837481092060109,0.7966251381763731,0.182864312772474,0.8718857048048969,0.8727251126801849,0.8718857048048969,0.804590777917231,0.804590777917231,-0.16904308842505403,0.7027390724077246,0.21655462910377976,-0.7323470852400383,-0.650391971338197,-0.6539667290869909,-0.21627707375105387,0.11144524696630936,0.30363080275515925,-0.0815880695842282,-0.6221029587766204,0.014405510679431624,-0.8286214003860818,-0.22078081294124252,0.11691067092078257,0.1186276804425626,-0.6320826351826855,-0.5783202091448957,-0.14147280045390073,-0.6054381116158832,-0.8269237732820737,-0.4219751804159731,-0.26094025068375,-0.4219751804159731,-0.3272357975556523,-0.42580540993114024,-0.42580540993114024,-0.8188463300580842,-0.8188463300580842,0.46984777146332674,0.5983875895261093,0.5207612014325115,0.8104375778538347,0.7425904808210209,-0.41080761569829916,0.0823298610063185,0.7439654691824741,0.7619721143783629,0.7439654691824741,-0.08010397830006948],[0.9935803128946792,0.9866323987265778,0.6910208268095113,0.9948536407726184,0.9974913062825362,0.9935803128946792,0.9999885853611616,0.9994733509271906,0.9994733509271906,0.9999738959123832,0.9675204392361417,0.9997251996022529,0.9999917334624164,1.0,0.9999894741994906,0.6957744879665302,0.5920674633887588,0.17958037349827738,0.9998998388546368,0.9999004947054467,0.9910029566077572,0.9999893147623349,0.27521535829651417,0.772491607087757,0.9944653050682147,0.9944653050682147,0.9944355519358995,0.992605467322079,0.22198505210951755,-0.2016726823777582,0.9919178850099182,0.9919234437711394,0.16301464747739222,-0.2770856635892122,0.999570421958354,0.9995237507473328,0.8682405863489193,-0.3742352782578841,0.9992352800746943,0.999515269984545,0.6677727485120851,0.1584043030622933,0.9994759363579884,0.9994803699936677,0.9994759363579884,0.9295574469189363,0.6275147658616477,0.9523281933314841,0.9339401446395343,0.8021165212074384,0.30583535776060355,-0.29859716924046964,0.13931584718742324,0.9391510035915266,0.31928255325492927,0.9677922860453255,0.9676188959697317,0.9801583781412905,0.9954690950747125,0.9062297667295871,0.8970221687614703,0.915578011095318,0.8989910437300506,0.9143415533633273,0.9150492363179881,0.9143415533633273,0.8462935694108404,0.885142833034983,0.88624883718417,0.885142833034983,0.8949262351031327,0.8037340560602696,0.88517239162919,0.8864785872930195,0.88517239162919,0.682079802725718,0.548734245349827,0.6623632476007028,-0.5854448821473,0.5809060581329206,0.5774707707436029,0.5783516844320371,0.5774707707436029,-0.11381110321177718,0.8738676816868908,0.8971677031349589,0.8833996920605418,0.9121953654526777,0.1846871809423162,0.8718659251017724,0.8729230921677638,0.8718659251017724,0.8800615186977925,0.8800615186977925,-0.1693303755486131,0.7022858065468633,0.11699102975429079,-0.7315676668157727,-0.6500667213317741,-0.6533235672583058,-0.21630861595602216,0.11087192890541925,0.07517342727442139,-0.0801667210920161,-0.6210579589578704,-0.17463469381330937,-0.8379715826720607,-0.43569155251424524,0.11626737365805634,0.11844903038012601,-0.6321182667751502,-0.5775922088987954,-0.42778199798915184,-0.605218069869492,-0.819162218515229,-0.5356964699063712,-0.5319641731098894,-0.5356964699063712,-0.32658622354178424,-0.42587639805465693,-0.42587639805465693,-0.8099726766265039,-0.8099726766265039,0.467828788534248,0.5980570350868988,0.8192218018452471,0.8137468149838517,0.7426625712767848,-0.4105224638429479,0.7050586845455317,0.7306914779715082,0.7307907350144717,0.7306914779715082,-0.04757767271819338],[0.9932909625670882,0.9865329519241887,0.6930702270650503,0.9942872361803897,0.9974463497250489,0.9932909625670882,0.9999941434054113,0.999257189144611,0.999257189144611,0.9999773639102663,0.9672573962752856,0.9997025017829279,0.9999956442039425,0.9999894741994906,1.0,0.7769180491572284,0.694676083053953,0.1781792838995704,0.9998807520185735,0.9998809399486975,0.9911314206426967,0.9999955400409027,0.2770246008443875,0.775313899123826,0.9946309610049802,0.9946309610049802,0.9945497125083075,0.992563212535294,0.2293032784469593,-0.20105253814774127,0.9923858657658704,0.9924288169648069,0.1426495106054773,-0.2774245731738989,0.9994442933888343,0.9995243267199577,0.4932094926498791,-0.2893913452237337,0.9992031371491018,0.9995139238552894,0.7601555414922035,0.1569964350237424,0.9497200853132349,0.9992249283814849,0.9497200853132349,0.9298771852673329,0.6280214885234415,0.95252689022234,0.9341219983626862,0.8020764998706735,0.42433099985770195,-0.13044247680173734,-0.17108596338907564,0.939545599386075,0.31918874254333185,0.9704561609447562,0.9678642282065115,0.9816007689435261,0.9953021066894476,0.01651755948489679,0.897845116076625,0.8593180638796041,0.8991876336249061,0.8547795145210516,0.8209384753042793,0.8547795145210516,0.8470308129882509,0.8272233631107425,0.8174076706802565,0.8272233631107425,0.8952836167488734,0.46043106149050217,0.6487152212841684,0.6965524850119083,0.6487152212841684,0.6822047998934543,-0.32174603241051014,0.6632775565197665,-0.5877938113962875,0.581655601744395,-0.05283598278585111,0.5083129758196444,-0.05283598278585111,-0.11182300227423857,0.8740481025480966,0.897202281566372,0.8838748294568711,0.7902461201972946,0.18323320896899806,0.8719494768670789,0.8727797931685445,0.8719494768670789,0.8044079646099331,0.8044079646099331,-0.1702514763360086,0.7034536779138126,0.21702256757541108,-0.7323088665901327,-0.6507144973181602,-0.6542928747252417,-0.2172421018120699,0.11038927589379925,0.3039571242421033,-0.08192404852283068,-0.6222482151909701,0.014517378785468785,-0.8279386517697692,-0.2206058071006561,0.11606605192516366,0.11778190642234813,-0.6326052211767402,-0.578495476166256,-0.14093067698852513,-0.6064193069312943,-0.8269636125202623,-0.42191098013822453,-0.26042272276006434,-0.42191098013822453,-0.32802007598286675,-0.42619265093687597,-0.42619265093687597,-0.8191841390345929,-0.8191841390345929,0.46999321226606744,0.5980858160860458,0.5203284330601569,0.8108416503620023,0.7420988429032644,-0.41041239380346184,0.08173282765382339,0.7443720157188974,0.7625714478524456,0.7443720157188974,-0.07986510737571857],[0.6864091332965726,-0.028870314434299865,0.3570182080154897,0.6853608813047126,0.5652421551692117,0.6864091332965726,0.7893557764235786,0.7857870000238976,0.7857870000238976,0.6178413791209114,0.365067028312579,0.08953088532022417,0.7893178052689005,0.6957744879665302,0.7769180491572284,1.0,0.9912532092405417,0.4304702106904457,0.7515189131413172,0.7514837661211645,0.6628998475031642,0.7753922322133333,0.33667114658064545,0.32513518040588774,0.7663384910352509,0.7663384910352509,0.7504730476479345,-0.3109833770467733,0.19508381786486761,-0.15586590128158653,0.8215419324075486,0.8179529139203534,0.1623413985717278,-0.20743748401296186,0.7838394154069109,0.6477161339544177,0.239632475456974,-0.31696114930182456,0.10392337751536289,0.6085849057359668,0.9982981360718055,0.4137238577987643,0.7084940225286259,0.7833982056403024,0.7084940225286259,0.04477611247631243,0.5026012029950195,-0.3695050183581484,-0.3931457856764592,-0.07129045422099625,0.3892336229312304,-0.05315594516636389,-0.2116902023130218,0.635456560738061,0.39667370430135424,0.786554608147185,0.6372390230491793,0.7409353901280731,0.7651432569837666,-0.10928361405795008,0.016809868433006407,0.511087313902478,0.3492021317647424,0.5003929331512068,0.5938530900524948,0.5003929331512068,0.22