var element=document.getElementById("correlationAdjClose");if(element.style.display!='none'){var correlationAdjClose={"data":[{"type":"heatmap","z":[[1.0,0.9999944550232069,0.9861685227991366,0.9999321316684913,0.9991606914612624,0.9837882338613623,0.9978690919766706,0.9962521614168152,0.9704589503919219,0.996482130164332,0.9946055567268924,0.993949481707228,0.9963539414916853,0.9963885282298585,0.9962953489707427,0.9977098512020555,0.9980172164580141,0.9983416436396779,0.9968225598204311,0.9968370681611469,0.9968157842549402,0.9963228786523306,0.9880780647889883,0.9727413474097296,0.9905033029701864,0.9590154793126334,0.989611551265279,0.9869519133943495,0.9701672878377957,0.9558721531492752,0.9926121600504919,0.9939774383942935,0.9928886540574303,0.979012022782296,0.9977778240460856,0.9979204129733741,0.997592462214358,0.9964317025339917,0.9956082662107572,0.99781274944225,0.9986863368690444,0.9987177185973215,0.997752743805554,0.9977660148392361,0.977559107341763,0.9221719433253467,0.9532254763570561,0.9377432552539154,0.937695050577388,0.9160882487230734,0.9640605374724848,0.9508385336637833,0.9658666909856136,0.9679813482390988,0.9572459143637753,0.9846886146111329,0.9823333228820504,0.9909095659330202,0.9943053112411206,0.9873624021964191,0.9825104944927291,0.9882141465839476,0.9865579565532098,0.9887522916105861,0.9886364731273288,0.9575790289216963,0.9758018980836274,0.9766088964955554,0.9764077774646206,0.9466732885100897,0.9816582894766533,0.978631917259134,0.9857803555953524,0.9851316196191389,0.9412741355153738,0.8971300934938576,0.8663373283006137,0.9121288356945803,0.9274589945242954,0.9252067870982288,0.9255928688994964,0.9243479821428515,0.7198853308161769,-0.5437225299180927,0.9808970029025751,0.9760710106537656,0.9735113707463172,0.98801990532963,0.9743435095494267,0.9845587740031269,0.984580477705124,0.9447428065750623,0.9851847329086784,0.9479848821467777,0.7947660662125742,0.9160322398448477,0.9336145325192443,0.8170546468315688,0.9545729960597178,0.9553045318255754,0.901572877460136,0.967330358152,0.8951452509219222,0.5861302890937153,0.7266714841968795,0.9023304089114514,0.872278242078854,0.8936416088394435,0.9753990422699204,0.9755651557064434,0.7873782709781477,0.7494177196941013,0.8251848986865686,0.4492474565211595,0.8066302289889207,0.8293488609152951,0.824481450733397,0.8171342790838466,0.7903955501579986,0.7550828423534353,0.7391953378932145,-0.2827842202892888,-0.4234064962598074,0.6875432878573277,0.8908701908408142,0.931711665017558,0.9410822475643813,0.9052854431957681,0.8275395707121198,0.9089570389496353,0.9252753811504758,0.9250895227325072,0.8603355212608831,-0.1505527130380954],[0.9999944550232069,1.0,0.9894774578365492,0.9998506283553661,0.9982912589221768,0.9896802637332127,0.9942679262918855,0.9917817447232059,0.9866855435288863,0.9917918750638165,0.9918141745343578,0.9932704175294549,0.9918955346393362,0.9917884657640642,0.991846934692537,0.9939470165063263,0.9963378822221421,0.9959057564457882,0.9939148424937753,0.9939215659568273,0.9918387147579224,0.9918844272631022,0.9924444063956256,0.9768495027595829,0.988330340676831,0.983813257423048,0.988348399218762,0.9869753525298475,0.9819872749151459,0.9393091431814498,0.9899030408630815,0.9877460827161321,0.9826823044943387,0.940919711990049,0.9952969144440159,0.9952229647023526,0.9954340849541679,0.9922512631989648,0.9950079428437221,0.9954490942834222,0.9967009105736402,0.9968808585096226,0.9954422349343393,0.9954522641321798,0.9909744252645244,0.9217471931194028,0.8986943609863854,0.937402237147247,0.9375717011261068,0.9160674517778188,0.8901417545865623,0.931169454709112,0.8923834823960796,0.920866819577993,0.8899655603974593,0.9585228794821083,0.9585078545845588,0.9720402263549958,0.9851733931643527,0.9829640497157737,0.984638114333604,0.979391983071944,0.9813267941585087,0.9807960670676507,0.980700938003315,0.9442243149211572,0.962841495413688,0.9377205473378827,0.9376580067658886,0.867910899092023,0.9809502802028492,0.982205465457152,0.9823984182605735,0.9819702695472741,0.9528199542762918,0.7959821970848543,0.7595488669525099,0.8506152257942066,0.9068494025770439,0.8657966080522828,0.8868153443696979,0.8857113274271825,0.7606654230181675,-0.15416069646441408,0.970797657123513,0.9739301908180421,0.9705331849900585,0.9834150627653865,0.9673179038505915,0.9733993366265257,0.9727855100474273,0.9296067319645123,0.9748722147274985,0.9318195036328217,0.7252671365141425,0.9155685354862153,0.9149646110403954,0.5533177262883813,0.8473266380035775,0.8514640951638878,0.7542206978309977,0.9676356227662516,0.7277143496083116,-0.30594821307940323,0.2400317268885803,0.7541769977509538,0.7044341579748992,0.747022740535131,0.9691792069879263,0.9692071137114086,0.18315112366056155,0.3553112196707731,0.19015847437808184,0.16180198805641927,0.18331721118918984,0.19697113295504126,0.1937573751907238,0.11475314881832051,0.5406611419184435,0.27387784954064964,0.22378087206227523,-0.43335380692073594,-0.4813278969946321,0.6865230003288452,0.7565568143714513,0.7802763012185967,0.8426479426808211,0.8198474055196231,0.589005969139303,0.7660960450541827,0.7746944572200485,0.7735932172727182,0.4323192137796266,0.22983065414493642],[0.9861685227991366,0.9894774578365492,1.0,0.9874900721886724,0.9933563229992922,0.9912853488117649,0.9896135965116624,0.9903389450583201,0.9910920346964007,0.992979036714237,0.9969388913702611,0.9960989410586517,0.9901944393167537,0.9923217525733807,0.9903944870507659,0.9898493631705308,0.9907946571699854,0.9900026851821078,0.9890214862334634,0.9889949065788505,0.9918602785646261,0.9902207058412579,0.9950386771721789,0.9849499124149167,0.9910691104182094,0.9819423694295016,0.991683245105332,0.9873798513707338,0.9869987248862095,0.9617286139780796,0.9695038732847534,0.9737271165222103,0.9774326817163145,0.9566107478293732,0.9869629682926707,0.9900603527269396,0.9884382565160015,0.9920004399897948,0.9946783717143619,0.9908589042709529,0.9849334254080043,0.9878374666112053,0.987326994401141,0.9867037755128858,0.9924898806967819,0.9177143534802791,0.9370281033709404,0.9474724714144018,0.930309686014373,0.8761284635356488,0.922204844386499,0.9070503214133366,0.9249526122792201,0.931147284056251,0.9153636991077656,0.950338594136726,0.9596463201821981,0.9676514472249497,0.9774158113877093,0.9429670477957993,0.9659913879168619,0.9654572587237399,0.9718355618196937,0.9656983350658079,0.9414391538707507,0.9235986968847153,0.9493955623064049,0.939799514155759,0.921733587038418,0.8970012802082108,0.9723211795227371,0.9521193306459401,0.9652733430750613,0.9450276767071033,0.8385015125591361,0.8590875234409366,0.7773451681787634,0.8763032591280793,0.9004662591281886,0.9023511864090893,0.8697058676259252,0.8838957471614433,0.4358854877990472,-0.5303375101949119,0.9625413360399849,0.9499260243007038,0.9497160693500284,0.9429248358376722,0.9570582434224613,0.9651199471051743,0.9647519903877895,0.9329956848202444,0.9607787991637193,0.8844783077554155,0.7789794841120004,0.9546561447684068,0.953800243072338,0.797286615667915,0.942048254899543,0.9436546706894655,0.874256808109485,0.9803639247842059,0.7753173386650185,0.4903469637547074,0.6706340154585135,0.7973703256313693,0.7993083584940488,0.7784499488638357,0.9824679758485753,0.9824900573067646,0.7176328043073239,0.6975199790088078,0.7107144583714541,0.39807436483329955,0.7076329359463732,0.7153664908280184,0.7252949140219519,0.7149074117745357,0.7536375418025723,0.6907908843525657,0.6738794169450961,-0.3421331567935547,-0.48250915141862666,0.6554322457048164,0.8526690148667926,0.8786411227450952,0.8863194198807427,0.8773538139710864,0.7607444652894667,0.8577923799887529,0.8680363110826605,0.8750470548583565,0.734294009292675,-0.07315039940501836],[0.9999321316684913,0.9998506283553661,0.9874900721886724,1.0,0.9993929192327333,0.9848793316755118,0.9980968685722653,0.9966526708777016,0.9725863876300732,0.9969261407069079,0.9952871457565303,0.9948384465321282,0.9967372579208634,0.9968576748944146,0.9966953510942871,0.9979657221419319,0.9983343083967863,0.998587533733315,0.997172199536441,0.9971840755135192,0.9971931769925078,0.9967103826660706,0.9892208021944601,0.9740918601924473,0.9914156722348115,0.961495806004771,0.9906258888863456,0.9886896617093872,0.9720726877509385,0.9570274863914916,0.9919515513156079,0.9934980308415838,0.9928155647324891,0.9786011214187899,0.9978514430750686,0.9981087063986782,0.997803295985824,0.9968668122741443,0.9960825389383202,0.9980329119804865,0.9985821469923708,0.9987921306774155,0.9978223639327409,0.9978323161610229,0.9793063966078133,0.9187040425921619,0.9511912237455394,0.9377382948941352,0.9357958702332125,0.9099904917157206,0.9611984271465687,0.9476410873187088,0.9629165564917843,0.9656026837203388,0.954557354386537,0.9826499565256477,0.9808831038829009,0.9900697132300381,0.994101864027767,0.9860524539648794,0.9814543756983136,0.9870810602221931,0.9860022575087731,0.9875456716404077,0.9874233695031898,0.9488392164318926,0.9746410297872093,0.9752534822723178,0.9750485050557268,0.9421224298162076,0.9812292587146058,0.976039921292295,0.9844720714157127,0.9837903321129301,0.9230618132039146,0.8957543998787831,0.8628238880307111,0.9105488598820912,0.9248791492233921,0.9247732715821573,0.9233580305540416,0.9221515713157205,0.6344320008500319,-0.5432170227973947,0.9801315134971316,0.97490903138731,0.9721572172828529,0.9867133578629568,0.9736965407082483,0.9838690221242806,0.983888566538582,0.9444005006655477,0.9838854680264592,0.9347356460679425,0.7983410352137327,0.9210206125681605,0.9374113974204525,0.8186525620603058,0.9557916843565429,0.9565483056774042,0.9011003013500145,0.9684956996427802,0.8890255438810848,0.582438988653785,0.7249135210893713,0.896838566671138,0.8685680289956181,0.8878770893798438,0.97619141532625,0.9763617654036404,0.7861665898701671,0.7495728484305632,0.8172310424461411,0.45090112327896636,0.8007255722855577,0.8211211772682615,0.8161774849779061,0.8116654456518378,0.792537913650251,0.7549088798757361,0.7390957527697323,-0.2781852711639381,-0.4226814947396562,0.6868382501296928,0.8890306161334036,0.9297741187109829,0.9391991718613025,0.904065092473243,0.824742701834686,0.9068863979240747,0.9229484216567098,0.9229089344359264,0.8531811136458567,-0.14347545730337471],[0.9991606914612624,0.9982912589221768,0.9933563229992922,0.9993929192327333,1.0,0.9874226259312185,0.9990186176929212,0.9985376194133392,0.9843571165950749,0.9985387287676689,0.9981352558919837,0.9980856196217098,0.9985579105428437,0.9985704945175957,0.9985694719142248,0.9990585796323448,0.9987906824678514,0.9992519728478265,0.9988425237051181,0.9988462870913534,0.99861537802383,0.9985584717734188,0.9948078305233004,0.9814398017546164,0.995098838974121,0.9780659003631555,0.9951095187026021,0.9922162394651187,0.9842286067687785,0.9602512999259729,0.989351808227324,0.9920014273030168,0.9902822990987794,0.9711899086814897,0.9988595184234657,0.9989208452135914,0.9989442099844142,0.9986592282042231,0.9985858889307015,0.9989145376724584,0.9989313374230466,0.9991550605075911,0.9988732697013549,0.9988759330782908,0.9884994422145416,0.9280983857991331,0.9505170308611853,0.9456218593024786,0.9369540580304145,0.9056164730445544,0.9493855995538547,0.9434466004998391,0.9536258604466782,0.9597227679180828,0.9483150509258632,0.9804667172681211,0.9803814312172546,0.9901770711021695,0.9939786013318052,0.9824092389617205,0.9756465655929726,0.9820098125971212,0.9822857227371442,0.9823837399126113,0.9822657693377232,0.9469507192635213,0.9666050537291548,0.9606039008389375,0.9604275036882088,0.9153955736210149,0.9783963603621615,0.9746878374633252,0.980484078963925,0.9797245493110175,0.938200526202083,0.8772223420305676,0.8429409989274882,0.8966302520995504,0.9295310279980041,0.9154659920194013,0.9219190542039947,0.9209321020210829,0.7722884219458217,-0.5455541678949264,0.9742281448945836,0.9650056761607636,0.9632898404360217,0.983285478378516,0.9643171559198652,0.9776893274346122,0.9774092579490802,0.9360639461390823,0.979008047677782,0.9380564235295282,0.788240035705927,0.9349096908579337,0.9564056758729336,0.78531908718037,0.9442999374160643,0.9456736084829649,0.895955298646484,0.9732200430034788,0.8901033595703268,0.4218403656619743,0.6697424464799661,0.895950053383472,0.8482557254820713,0.8918044203776537,0.9796623930163532,0.9797907043772663,0.7529265201156252,0.734213559505615,0.7568342402373931,0.4298675088318548,0.7123879610058785,0.7613545597062437,0.7569420843642891,0.7215372684257674,0.7803689146725692,0.7411140701296164,0.7244274586519555,-0.4792105740922629,-0.562074780443615,0.6819619300725169,0.8845039189770033,0.9168858534716795,0.9348296705424115,0.9028474247192395,0.8078742642561271,0.8976536771584698,0.9110296402998002,0.9104992194205392,0.7922754463595867,0.06649435726813889],[0.9837882338613623,0.9896802637332127,0.9912853488117649,0.9848793316755118,0.9874226259312185,1.0,0.981584052027223,0.9827464492921693,0.9929874170313938,0.9821394899437517,0.9779486037590118,0.9769303920728788,0.9825833095869679,0.9830917970872216,0.982816289261577,0.9824712075126166,0.9860807901038852,0.9834441649821728,0.9833201178750273,0.9833616576373634,0.9815717383471909,0.9827443739009083,0.994360619088608,0.9934999012837415,0.983938642072311,0.9874203655903865,0.9843579098736519,0.9741502799885349,0.9875862105763832,0.9740450863796632,0.9601703412919134,0.9660309157400389,0.9761228765701969,0.967098327840433,0.9812810776172552,0.9816535290302337,0.9825384099630385,0.9834478790027148,0.9777973539381667,0.9821018691357626,0.9805502562738079,0.9822916147189052,0.9815071429451719,0.981551637153192,0.9959630351126574,0.8789261519697275,0.9284835009288621,0.9236549069896353,0.9338640918547132,0.8924191230233687,0.9172830976067305,0.9107455160064227,0.9201085073673831,0.9364689122641564,0.9170002697513581,0.9493865212853551,0.9552981048467746,0.9615772946211196,0.9690328099736428,0.9722843858016945,0.9880994775206733,0.9743186214069716,0.9854635065887092,0.9739250379850556,0.9733609150591368,0.9762465562207686,0.9715080519741142,0.9521045616067442,0.9515170099209413,0.9489051127083248,0.9842676365555788,0.9770170282404204,0.973473178412061,0.9722069244785133,0.9658452215546368,0.9016087186685537,0.858050185630752,0.9176180059853326,0.9224064493893056,0.9318371738402876,0.9129137804637776,0.9107200078871815,0.7561568101616039,-0.4858129862077281,0.9824931404959653,0.9840575219766268,0.9802891071158859,0.9730917720398584,0.9754159791964654,0.9811548296799715,0.9807365554029085,0.9687179363485474,0.9709667658841401,0.9682273453601525,0.8001439071087597,0.895250251312651,0.9561255818456663,0.8310485496031911,0.9442365680446647,0.9452076476677881,0.8657610498271459,0.9582948624407941,0.8322780032113364,0.5044265173362953,0.6882086967799483,0.8421230197231039,0.8188788325829941,0.8318697092347901,0.9581412078854413,0.9582347505227783,0.7388801724167618,0.724924471485972,0.7502809426872411,0.45375233136110904,0.7456866141871482,0.7555316792231986,0.74929106525439,0.747358070762746,0.7717743568515341,0.7137023919928396,0.700786915964969,-0.30389281111582694,-0.43476515899826806,0.6929624247140069,0.8525774802380136,0.8685673155941525,0.8846215076562026,0.8618036706904876,0.7815683310955541,0.8464044954208937,0.8607021937212384,0.8607136119898923,0.8031939585275892,-0.10383089608331372],[0.9978690919766706,0.9942679262918855,0.9896135965116624,0.9980968685722653,0.9990186176929212,0.981584052027223,1.0,0.9975911666668716,0.956972841915902,0.9996231772059968,0.9995871813196199,0.9996123844927768,0.9984678366057342,0.9994896793991039,0.999211603699287,0.9998931960150798,0.9966901628337368,0.9999046450698802,0.999401125665838,0.9994056960076704,0.9997232681227299,0.9993502906981356,0.9907233291024106,0.9747591002534902,0.9862404685272375,0.9278571761262487,0.9937751832484724,0.9926841768903945,0.9748315461954391,0.9537200429268947,0.9916955802543307,0.9920662195415043,0.9937595800044539,0.9758236945037022,0.9990395332489875,0.9998576376436595,0.9997247377234489,0.999492171486549,0.99977950905093,0.9998430887608669,0.9985580696910128,0.99974512767444,0.9994087876932062,0.9990755858750737,0.9801747689377598,0.9352950524229677,0.9535093683776972,0.9507790185459969,0.9392867208339362,0.9046883348009225,0.9580443263422295,0.9472539383190675,0.9603953020080315,0.9631890548560385,0.9537056455251447,0.9820123409695302,0.9816711362187573,0.9920004451039551,0.9964367939636652,0.9519397805970554,0.962785731851108,0.9736780103587158,0.9738942285234441,0.975166915644662,0.95189536882786,0.9032023400430316,0.9572843319451404,0.9627445873569951,0.9433937112340929,0.8936522657530874,0.9685082728104606,0.9443042810298254,0.9696649955220311,0.952314747153626,0.7965087072209057,0.8695237668753221,0.7951521654293708,0.8834353096336338,0.899977644004352,0.9042998391452773,0.8843084670743275,0.8957305095621946,0.3825286298292537,-0.5781389167399912,0.964728858663016,0.9502244284232797,0.9500214854935658,0.9534011088850535,0.9600720061506135,0.971064335000592,0.9712078031319848,0.924206515292126,0.9689398545282182,0.856688462965683,0.7820742268877656,0.9358219206859357,0.9360818725381275,0.8057683575491618,0.9534810288272546,0.9543795678764287,0.8999760050346847,0.9728243680633454,0.8326499519294935,0.5777442242404114,0.7185633941826617,0.8566077254173166,0.8502206223281769,0.8381147471546261,0.9801740834682445,0.9803518698226541,0.7776958732979605,0.7318322673031128,0.7826254099577495,0.4236329127148378,0.7800740640261091,0.79552859709182,0.7883211518365789,0.7941749336916791,0.7778136944908055,0.7475530438892344,0.7299051322443668,-0.2920266165062307,-0.44414175843207315,0.6964474159398714,0.8893858195365073,0.9223898391212401,0.9403790249838861,0.909593125630739,0.826521919999755,0.9090887209966861,0.9273007335522697,0.9259516339956873,0.7774909278532076,-0.1129770289426785],[0.9962521614168152,0.9917817447232059,0.9903389450583201,0.9966526708777016,0.9985376194133392,0.9827464492921693,0.9975911666668716,1.0,0.9676543370994245,0.9999998323946906,0.999999326651266,0.9997660002688086,0.9999970857069058,0.9999928729847667,0.9999982798405376,0.9993398883613954,0.9916511972712666,0.9994704128472097,0.9999104795341169,0.9999101918403303,0.9999656828539688,0.9999987990819331,0.9912256990263556,0.976453742676852,0.9930484660475517,0.9418101967944864,0.994263453432434,0.9910525163948652,0.9770208531517705,0.9532215784431953,0.9880584661109977,0.9939254704080958,0.9924029177443372,0.9729928435664585,0.9994768866054552,0.9995805234237095,0.9996816900942511,0.9997481884082476,0.9992537065245808,0.999516793103252,0.9982645138478322,0.9988635226765271,0.9995487301321972,0.9994178354907713,0.9818919513051735,0.9351270273202051,0.9509466722413051,0.9542985263846284,0.9381927984053139,0.8949178711809597,0.956296795167696,0.942864612742712,0.9583039147395563,0.9577483922900271,0.9478855252352703,0.9800240135892987,0.9788456663047773,0.9909931340941116,0.9968887204333228,0.9473913415414373,0.959317384980313,0.9680803581704684,0.9712979158360345,0.9699280952771324,0.950356432214964,0.8971260433494294,0.9532000509309423,0.9567118469843153,0.938449303870244,0.8835020410023138,0.9662044892736392,0.9387819097593145,0.9648063503111659,0.9480929210243938,0.7855404956231343,0.8626806452368695,0.7911289620704799,0.8765942696646182,0.8936698065501434,0.9004538579897687,0.8803471607157877,0.8896330293965206,0.36650017267876345,-0.5817750889966492,0.961198058943123,0.9449010078433395,0.9449632790010816,0.9516025332084176,0.9563126155384234,0.96761299362495,0.9677392487677741,0.9205960836910055,0.9629407553576925,0.847486832785033,0.7793568182631001,0.9483124971147345,0.946305224300033,0.8028025792464091,0.9533478907647625,0.9543917187273833,0.8974648045419796,0.9765558068296266,0.8352807869483878,0.563442597564208,0.7100327864235436,0.8573448856890865,0.8469980386723525,0.8400000118110156,0.9824655781948719,0.9826463305624753,0.7689852862142565,0.7245648313939166,0.7836718560745272,0.41188866446075345,0.7749653398624317,0.790912198508267,0.7885115628580319,0.7885788737121674,0.7719323096946036,0.7419435918661408,0.7237531875869793,-0.3072463350822399,-0.45828363118749066,0.6838147073776966,0.8820991638715993,0.9197728513126402,0.9329061238190042,0.9039819501164242,0.8160580608115642,0.9027110665003217,0.9210359212255719,0.9199400911399894,0.7591119237617145,-0.09618064212272684],[0.9704589503919219,0.9866855435288863,0.9910920346964007,0.9725863876300732,0.9843571165950749,0.9929874170313938,0.956972841915902,0.9676543370994245,1.0,0.9827108620334757,0.9872006524326081,0.9896073596483247,0.9713008922355376,0.9796343669874301,0.976202837418275,0.974193068058646,0.9497063911544359,0.9790387585118199,0.9769097385415372,0.9768701950266258,0.9811924522380271,0.9760570320805555,0.9939256212302465,0.9932323665929448,0.9803393659628252,0.9895147418193134,0.9834575657777073,0.9902790266549808,0.9906558190705201,0.9692528030485088,0.9275393699263682,0.9491196918087755,0.9663127314244696,0.9522661145340442,0.9706108855923076,0.9790868724364495,0.9757094008322466,0.9780765699162284,0.9880258605119988,0.9802509531594862,0.9667817549276626,0.9762751754724814,0.9714752657992246,0.9704466405574631,0.9990122755831276,0.8975591529365505,0.9214278170691569,0.9487311469819731,0.938455250895242,0.8725473374006811,0.8857479770484352,0.8848758664076423,0.8897296106643185,0.9148673233653294,0.8950938792878155,0.9289064972539377,0.9453630169216976,0.9506424099824899,0.961031032455795,0.9048688302871182,0.9679509635955224,0.9467674885874761,0.966609324980752,0.9467738254538921,0.9033199282754008,0.9164538810523734,0.9440769770534274,0.9173426529580447,0.8814406436791022,0.8840681711204508,0.9681704099372476,0.9218856265625824,0.9447990490349929,0.9076695207102239,0.8286402675426688,0.8539838509258121,0.7361430498496357,0.8728984137451259,0.8831589402275352,0.8966715623520346,0.8455005075955017,0.8639000190815732,0.4171336914199473,-0.5129541543012249,0.9581338966979045,0.9530890834265465,0.9503636956745496,0.9032422500438809,0.9486718615140224,0.9563274590313666,0.9557446940256978,0.9377236431947247,0.9415420260808572,0.8747060287553742,0.7850851244753537,0.9399838222890143,0.9615590129899809,0.806445500458173,0.9353374708659673,0.9369117864522295,0.8517916521241412,0.9677748355795818,0.7413760458215367,0.45254923144315473,0.6516270792615008,0.7741386268327235,0.7758617257381235,0.7523484101831754,0.967082326447613,0.9670675165480638,0.698569694091506,0.6871431519563633,0.6758359521026764,0.40567295432511474,0.6892290696783347,0.693108905560198,0.6752250055823987,0.6928680506090107,0.7463341328177866,0.6843935432503264,0.6688153817180335,-0.3477721039543167,-0.4844018271149323,0.6943802030260894,0.8368552099558451,0.8313204717483641,0.8605710060298437,0.8560735239191769,0.7524162268810608,0.8133094921641925,0.837046539963238,0.8309714034615476,0.7060437072573619,-0.033102667969938035],[0.996482130164332,0.9917918750638165,0.992979036714237,0.9969261407069079,0.9985387287676689,0.9821394899437517,0.9996231772059968,0.9999998323946906,0.9827108620334757,1.0,0.9999991433233588,0.9997705602542706,0.9999985352004158,0.9999917506103532,0.999997804328081,0.9996883239335492,0.9978952983630412,0.9994675580209361,0.9998856707323807,0.9998856681570832,0.9999778260445574,0.9999993306136079,0.9937839645082137,0.9781474230841098,0.9962590894309025,0.9742764539050831,0.9963454813911427,0.9910469270234535,0.9813777729658316,0.9545355944216692,0.9898035037407811,0.9938133067977225,0.9900663749560427,0.9697312864763287,0.9995079347275755,0.9995735075369179,0.9995862131063649,0.9998356923545723,0.9992659373264702,0.9995242686401911,0.998487877035565,0.9989068970817248,0.9995137215356009,0.9995091115425677,0.9862860681744527,0.9350115306139076,0.9509802106707914,0.9542406379384978,0.9381979470110959,0.8950403651366858,0.9474728226471184,0.9378108023587535,0.9511232166295631,0.9559705373575597,0.9460138893897666,0.9790766794194595,0.9788789395899804,0.9915581251332095,0.9967065917477295,0.9727524437666563,0.9593545541110876,0.9723550594580438,0.9713087963570095,0.9728571191119892,0.9726387521185272,0.9348162891053787,0.953227946451996,0.951180365958624,0.9509134398165972,0.9042225953973434,0.9661735172002441,0.9651097477844874,0.9709797118175926,0.9700344179831392,0.9246944644579498,0.8627153226217184,0.8227134431535446,0.8764595294648058,0.9127457988916969,0.900856553594695,0.906354540229264,0.9055818145665441,0.7266598121697803,-0.5862443359348329,0.9612314617321388,0.9448892468818364,0.9449638038932889,0.9738067471329658,0.9516976921114256,0.9673311074253309,0.9669907597368013,0.9214822745399244,0.9688672507759718,0.9237652635145308,0.7793606051031833,0.9480450062704018,0.9578674441287222,0.7871990612693196,0.9472424417366485,0.9484475589199657,0.897537423399442,0.9757664316039052,0.8981226699121952,0.4619918990731795,0.6869065509108458,0.9039408677253413,0.856389666523387,0.8998215563911081,0.9824233322550713,0.9826350540747982,0.7690540285255698,0.7242892781847816,0.7722291369641434,0.412001717435196,0.7288229021233738,0.7769277823912498,0.7724134070329566,0.7398325868641931,0.7716394306480355,0.7418464600216416,0.7236234701822557,-0.524489635455828,-0.6077307762467807,0.6828584823186493,0.8820654499453586,0.919768693353695,0.9370847664881489,0.9039790943588896,0.8126138655876872,0.8987573305729376,0.9135431680574276,0.9130189883299321,0.8043741803232792,0.1300484729441217],[0.9946055567268924,0.9918141745343578,0.9969388913702611,0.9952871457565303,0.9981352558919837,0.9779486037590118,0.9995871813196199,0.999999326651266,0.9872006524326081,0.9999991433233588,1.0,0.9997701107224295,0.9999963954723415,0.9999948838017573,0.9999983594492612,0.999672582528922,0.9975857833084041,0.9992132282120426,0.9997890197416683,0.9997890463566153,0.9999984451121616,0.9999983829275759,0.9931025526341247,0.9740420879644164,0.9953270649659891,0.9823209453407749,0.9959113558737839,0.9910603134827798,0.9835688123779968,0.9472768044123736,0.9890064194673426,0.9933140997808724,0.9838963834592863,0.945266859368592,0.9992923153524442,0.99934707910723,0.999287917730301,0.9998960397321623,0.9992496307525104,0.9992979223843964,0.9979528990030132,0.9985186516144369,0.9992666137217403,0.9992643056118209,0.9885509709755673,0.9347252955101435,0.9182342457357763,0.9541914843936957,0.9381121027282472,0.8947419280170875,0.9173852495633801,0.9076515753192678,0.9217852185222611,0.9302478246983339,0.9158094712679044,0.9715118558349166,0.9714880607284038,0.9906828235942647,0.9952536855897689,0.9648377757484767,0.9594809707306071,0.959977190141665,0.9618888092922814,0.9613238708894501,0.9610675587395558,0.9101494187981242,0.942784102451768,0.9173884852175268,0.9169792368471187,0.8350945297804392,0.964035986068369,0.9694547994392186,0.9659601460054734,0.9648445668561079,0.9166625049455813,0.7968755610745313,0.7596295325710108,0.8393653233804464,0.8922936990473419,0.8614625121168673,0.876823392502127,0.8755257163483001,0.72716633253713,-0.39129625916332,0.9484333149321578,0.9450308799337155,0.9450662064873129,0.9659790295300752,0.9378897678150562,0.9511708292052902,0.9505193116269972,0.8930775892546434,0.9538630467684605,0.8975227846013301,0.7795192851348091,0.948355766131397,0.9617127732309079,0.6799139068006351,0.9072237835636477,0.9098854033069238,0.8548031750659038,0.9850481984179877,0.8425771688788937,0.12141715301757515,0.5385017681108939,0.8546876553948185,0.8216412146501898,0.8493904767752921,0.9858006497608167,0.9858204686241506,0.5293595384865833,0.6378034286355846,0.5366293138999253,0.4119335131862729,0.5038280183793856,0.547501157457907,0.5377657230574417,0.47575710161686613,0.7603227293245101,0.6087476400612386,0.5701551255756436,-0.48585128586132,-0.5438295243025357,0.6822958562304337,0.8617231461121693,0.874305380882409,0.9064961527413685,0.8976616018072241,0.6771976712292714,0.8472206891024869,0.8671982972129859,0.8664948160024061,0.6161042744717685,0.07794915728351003],[0.993949481707228,0.9932704175294549,0.9960989410586517,0.9948384465321282,0.9980856196217098,0.9769303920728788,0.9996123844927768,0.9997660002688086,0.9896073596483247,0.9997705602542706,0.9997701107224295,1.0,0.9997836159255379,0.9997693953707899,0.9997753960290098,0.9996729708464951,0.9982170257922544,0.9994089654277314,0.9999705749187636,0.9999702917517164,0.9997745843189428,0.9997799200244613,0.9927044362862748,0.9709734226056829,0.9941493541386381,0.9830606376849694,0.9949314042265273,0.9935328198542369,0.9798102590357566,0.9286843185388242,0.9915779239068578,0.9943194428899148,0.9794156902223216,0.9269077369975893,0.9994225185495847,0.9994696066047973,0.999430981967441,0.9995921758569672,0.9996161286635277,0.9994470294339596,0.9978294758659643,0.998550031797862,0.9994095988607541,0.9994064803243654,0.9898483894344252,0.9303079483091008,0.9049885797050337,0.9512323799680511,0.9369421811759409,0.8947053494351728,0.8830685949832545,0.920269265374385,0.8865982310084995,0.9070954788713074,0.8813424713652412,0.9595458183126427,0.9595308538445162,0.9819070942663105,0.9947280708935005,0.9634512308289304,0.9640325132708915,0.9551709327247593,0.9594460964148297,0.9576572660592287,0.9574759004126798,0.9096832480791492,0.9334687181139167,0.9017259750516603,0.9016018382961046,0.8178324016131006,0.9628454790594143,0.9648690756497212,0.9649277922081878,0.9642746202174441,0.9231983704349738,0.7476764882733126,0.707630094015602,0.8053686224201457,0.8702715736512999,0.8258277230747701,0.8488683749622478,0.8480511928567245,0.7073974992380258,-0.2744509848997579,0.9423471129853949,0.9474163574067853,0.94202427749576,0.964222353382622,0.9377049935457965,0.9459093881381165,0.9450579823515222,0.890541645177026,0.9482325094771387,0.8937475054263404,0.7322966839676747,0.945875259642947,0.9402366239720685,0.553545991120546,0.8525009525409339,0.8570023319259596,0.7516663308171403,0.978890968127045,0.7279610512512326,-0.2473428209798717,0.2767753746605132,0.751546825060743,0.7074938405282225,0.7453156716881899,0.980049940015015,0.9801436980905542,0.22036721620974445,0.3782684384602011,0.22578933727292583,0.1976613550034018,0.21770954321296454,0.23348918604376567,0.23094753328674666,0.14781418067648044,0.5611736095981933,0.2967757652011575,0.2449036238822443,-0.500212484486048,-0.5470351175913015,0.6829062177277226,0.7594062435326275,0.7829607015898207,0.8464969806218859,0.8276955320027441,0.5792258691893786,0.7648789646906771,0.7776878968452349,0.7766448547235243,0.4352036545014393,0.2679125623593979],[0.9963539414916853,0.9918955346393362,0.9901944393167537,0.9967372579208634,0.9985579105428437,0.9825833095869679,0.9984678366057342,0.9999970857069058,0.9713008922355376,0.9999985352004158,0.9999963954723415,0.9997836159255379,1.0,0.999991301973585,0.9999976841141788,0.9993866314078151,0.993296408098117,0.9995093297869437,0.9999197309123355,0.999919599118518,0.9999726083946998,0.9999989791217238,0.9911075703689054,0.9762624903055671,0.9936999115372367,0.9467258612538598,0.994216174654502,0.9911640026609109,0.9768233215035714,0.953168339977158,0.9889665168120841,0.9940075583508948,0.9924834370727029,0.9731161201962073,0.9995195240832893,0.9996196070093872,0.9997118034799285,0.9997472891599932,0.9993115389709436,0.999557163809994,0.9983500254271428,0.9989295459366806,0.9995913444897707,0.9994611487762765,0.9816499198267293,0.9353924128030062,0.9511157388888594,0.9542297544163407,0.9382860337164479,0.8955359478802872,0.9566532656529388,0.9432552857263613,0.9586636240389487,0.9580855335129462,0.9482808876578964,0.9802781214278342,0.9790339633465172,0.9911310859810843,0.9969704580188374,0.9476476516846656,0.9593482893577058,0.968272796480232,0.9713510683014039,0.970118652596156,0.9505672137076252,0.8970957228489649,0.9533499447736289,0.957026603505435,0.9388136216146029,0.8836903523824893,0.9662130663904377,0.9389238232449352,0.9649589103139591,0.948330644678026,0.7854629028811783,0.8629599650723009,0.7915796279208172,0.8768558856356737,0.8938868530092794,0.9005846156457276,0.8806655349556093,0.8899465322850981,0.366622320198949,-0.5818452928068112,0.961291934783772,0.9450383362016578,0.9450900058077669,0.9518094856625674,0.9564110179767452,0.9677263501121285,0.9678557584560255,0.9205850934430627,0.9631521610608971,0.8474971670203271,0.7794265527008768,0.947750988562959,0.9458077095536753,0.8028485572030715,0.9533571814668967,0.9543928105584241,0.8978084516345409,0.976417650644909,0.8357762188738681,0.5645405937210196,0.7106860070183312,0.8578261335000446,0.8475333093791455,0.8404880116514158,0.9824069083951985,0.9825877290966748,0.7696006844531672,0.7250752036238644,0.7842873410929172,0.41252336178490495,0.7756353567935937,0.791607237765203,0.7891407080029914,0.7892903285558142,0.7722741504398233,0.7423952119066026,0.7242206792862782,-0.3063282536179923,-0.45747139016683797,0.6842411096576658,0.8826239181356809,0.9202519118879742,0.9334475877651973,0.9044678028103049,0.8166278265716757,0.9033001399513098,0.9216244119923995,0.9205187225339667,0.7597967958693749,-0.09721763140446538],[0.9963885282298585,0.9917884657640642,0.9923217525733807,0.9968576748944146,0.9985704945175957,0.9830917970872216,0.9994896793991039,0.9999928729847667,0.9796343669874301,0.9999917506103532,0.9999948838017573,0.9997693953707899,0.999991301973585,1.0,0.999995154261197,0.9995750720796095,0.9978483801022683,0.9994682519920063,0.999905288433646,0.9999043276098523,0.9999547317722063,0.9999915818684628,0.9930277767307685,0.9766786498569454,0.9959782160087818,0.968293310443209,0.9957646970449089,0.9910267522465575,0.9772510157583342,0.953332344365342,0.9893232985001197,0.9940625103193355,0.9917926906278497,0.9726577256075177,0.9994983318683003,0.9995731257743464,0.9996320460582622,0.9998897890029567,0.9992760941238539,0.9995068210322328,0.9982170741283216,0.9988529298729885,0.9995178601239433,0.999511073606023,0.9841802051975636,0.9351603005776843,0.950885725178363,0.9541914462940243,0.9381500064325393,0.895023854114736,0.9514481009727365,0.9362017493775567,0.9537356447798796,0.9574571614720022,0.9475446792998751,0.9787669118838026,0.9787126885267295,0.9904180007792229,0.9969638426395211,0.9735199590014291,0.9591088470148654,0.9733408496317745,0.9713196805781248,0.974285935621171,0.9740585220503483,0.9440273877684389,0.9529613273558296,0.9559707835279493,0.9556797407206896,0.9209096018438162,0.9662024795290186,0.9680862396013934,0.9729210213736673,0.9718849409873613,0.9334317911999065,0.8624581434902996,0.8283791903129909,0.8762727916134356,0.9044050522277517,0.9002880226705328,0.9010817196800974,0.8999812127159036,0.7046409361935876,-0.5823340541416059,0.9612557504590615,0.944754784076844,0.9447031017631584,0.97458691807689,0.9564758992380756,0.9676662989076759,0.9677638818514953,0.92084692567324,0.9689164833288925,0.9323502284066472,0.7792744241916579,0.9478137232188381,0.9509962252878295,0.802072228292402,0.9532186157664188,0.9542019793643942,0.8974096516042611,0.9767547571202655,0.8851317951571795,0.5636276970000846,0.709501431719746,0.8929520774373615,0.8606061623421338,0.8838983634076144,0.9826673237016692,0.9828761731832496,0.7681839513014371,0.723779696266828,0.8030754495976175,0.412012756922634,0.7815824844906546,0.8075087914953609,0.8020116749788859,0.7890796860030497,0.7717336506822221,0.7405683267174707,0.722388120014055,-0.39694588642709455,-0.5191670087008239,0.6822603537935569,0.8820622673443664,0.9165399664959515,0.9288337419860949,0.9043097561694142,0.8150299283121107,0.8908368972373487,0.9096142863407404,0.9092074143285601,0.8403478405900917,-0.0639079512573968],[0.9962953489707427,0.991846934692537,0.9903944870507659,0.9966953510942871,0.9985694719142248,0.982816289261577,0.999211603699287,0.9999982798405376,0.976202837418275,0.999997804328081,0.9999983594492612,0.9997753960290098,0.9999976841141788,0.999995154261197,1.0,0.9994750365901247,0.997136566279694,0.9994857809827853,0.9999132348803336,0.9999126487757276,0.9999666295621383,0.9999976558068022,0.9912697710739826,0.9765177190979162,0.9953435882811561,0.9599392258406791,0.9951496069490597,0.991121303715803,0.9770746816780653,0.9533860067252198,0.9914380277321307,0.9942708637927918,0.9923537974419181,0.9729087962998226,0.9994880294017741,0.999581602083812,0.9996885769274083,0.9997631619178715,0.9992800057813693,0.9995141017464924,0.9982886470665919,0.998879109854514,0.9995582455795773,0.9994299391202923,0.9818933726901468,0.9351972542979016,0.9509651999949558,0.9542814857902098,0.938265450579811,0.8951857955354509,0.9563727620703621,0.9429929276476768,0.958410718801051,0.9577004349017638,0.9478038290252018,0.9800475407274352,0.9787917479406355,0.9909642662573307,0.9968533245012704,0.9476743295335291,0.9593800732911063,0.9682414161522822,0.9713802840877811,0.970075596880135,0.950176182957055,0.8973328586395172,0.95312227661928,0.9567759255446254,0.9386532372718508,0.88363371620103,0.9663457314513288,0.9391123116912911,0.9650018825503219,0.9483899542685402,0.785872004839304,0.8626882023828116,0.7913818922653241,0.8766419462340871,0.8938344190890256,0.9004652151311169,0.8804946725742904,0.8897963883929497,0.3668491111076144,-0.5814726090740125,0.9612874550235244,0.945009521528142,0.9450639482967115,0.9504197749548519,0.9564835635545671,0.9676963989654783,0.9678198702827429,0.9207868239194243,0.9631027070635468,0.8477422531719204,0.7793801980685089,0.9480429427772692,0.9462134150598642,0.8028121879639812,0.9532804068509263,0.9543281238269095,0.8972847661374628,0.9765719820169049,0.8353081292662935,0.5632641518871727,0.7099199786754978,0.8573503978959922,0.8471158625817282,0.8400239066061427,0.9825018127040612,0.9826796208200915,0.76860483901753,0.7242384850210698,0.7836492797131122,0.4121320282356862,0.7749415028088185,0.7908312636002022,0.7886612044239849,0.7884791535029435,0.7718549106559045,0.7412227575117932,0.7230665125629216,-0.307062968831523,-0.45809598970369575,0.6840387937973536,0.8820070150881684,0.9198904290753168,0.9329426942965043,0.9040224953893516,0.8158553177572871,0.9029060960780413,0.9210666988703708,0.9200862250076955,0.75920108819655,-0.09644347123534747],[0.9977098512020555,0.9939470165063263,0.9898493631705308,0.9979657221419319,0.9990585796323448,0.9824712075126166,0.9998931960150798,0.9993398883613954,0.974193068058646,0.9996883239335492,0.999672582528922,0.9996729708464951,0.9993866314078151,0.9995750720796095,0.9994750365901247,1.0,0.9984408177098729,0.9998546540523747,0.9995609464647711,0.9995656098010778,0.99977471123883,0.9995475951045018,0.9909128621437128,0.9754749867759709,0.9940180822307486,0.9525566294831723,0.9936764644910767,0.9925596303016793,0.9752631247947385,0.9539067664095972,0.9918486129061301,0.9927187719109409,0.9932096618350881,0.974963088205082,0.9992862060655444,0.9997387893529497,0.9997239023473768,0.9995807205661439,0.999615225480511,0.9996950930861465,0.9988664145239198,0.9995941461756448,0.9995183603455423,0.999283266366754,0.9805217627083787,0.9337728917360313,0.9530444370139934,0.9513941244052723,0.9391458302670701,0.9017678332185092,0.958391472944595,0.9474366805580067,0.9607117848741621,0.9617476955169243,0.9519321867283828,0.9819953320300238,0.980806232649575,0.9919030537516811,0.9963785542137477,0.9521954308977538,0.9630981792422683,0.9731939606689644,0.9739714099189013,0.9747660895826951,0.9530092264986235,0.9030299571799295,0.9565777773019046,0.9620643785336249,0.9435714653960546,0.8922397711789017,0.9688709746494539,0.9440551568711326,0.9693597106180797,0.9527466764661974,0.794332436528136,0.8681933730470756,0.7957546695630296,0.8820826559170177,0.8988595084601492,0.9032505540254616,0.8842343582040967,0.8950491475811508,0.37816947194959877,-0.5785658788908512,0.9646335616611202,0.9498999866624055,0.9497467091755893,0.9545219154266624,0.9603893334680571,0.9709081422957999,0.9709885767838825,0.9250992580963212,0.9683081635535369,0.855433129009017,0.781155259660462,0.9389280303576187,0.9383953573131549,0.805257061862972,0.9533490204399595,0.9542120565716433,0.8974641940544681,0.9731570110064155,0.8345729132915964,0.5730394608049245,0.7149751353538056,0.857389282925966,0.8498097010874373,0