var element=document.getElementById("correlationAdjClose");if(element.style.display!='none'){var correlationAdjClose={"data":[{"type":"heatmap","z":[[1.0,0.9999945925892273,0.9865220934230938,0.9999344870874938,0.9991862090952446,0.9836837093935307,0.9978649617205039,0.9963461668284137,0.9712510154784946,0.9965395379635855,0.9946834429618143,0.9939580843041467,0.9964408131768686,0.9964730024056574,0.9963878493236935,0.9977448932127883,0.9980709754678109,0.9983335030644416,0.9968858904344989,0.9968977644253202,0.9968594510548657,0.9964116516667364,0.9884889385484995,0.9736689455599483,0.9908009253207412,0.9603445854083769,0.9899547212613461,0.9870786209080112,0.9712162425976513,0.9572880043924259,0.9923375058039338,0.9938615055020096,0.992830418988667,0.979126171974927,0.9977851343378631,0.9978997219434941,0.997620064328123,0.996525170675792,0.9955575627247529,0.9977870340622511,0.9986514715398265,0.9986848747683407,0.9977665643625964,0.997777138711721,0.9781616561945556,0.9259720434155917,0.9550131226257279,0.9422796003497278,0.9417088986124699,0.9209035074655237,0.9644401963166869,0.9519861253962724,0.9662872834800004,0.9689664275419729,0.9579849480697712,0.9848740143401767,0.982732822289651,0.991200428146166,0.9942784086665439,0.9877085021516909,0.9828038446237168,0.9882464972107492,0.9868307455308183,0.9887873503210262,0.9886663556888609,0.9563746166488445,0.9764034239979327,0.9769121338479085,0.9766819812757361,0.9452347583018654,0.9823587700760933,0.9792427641298638,0.9862346866659869,0.9856110804464183,0.9425251448343346,0.9012224583323503,0.8713875312611691,0.9157770723827355,0.9301025136634365,0.9281116786735898,0.9282675868271357,0.9270986146620939,0.7307630877668483,-0.5395836864746698,0.9811195839441429,0.9762954525576409,0.974005212188891,0.9883337265586342,0.974348712460399,0.984682529131026,0.9846751853268901,0.9447310873299871,0.985443886985633,0.947747358727808,0.8058691527842129,0.9215105278063381,0.9355925072468828,0.8247954873880422,0.9563019548986614,0.9569875270631157,0.9032909896114982,0.9685738973064539,0.8956442619446129,0.5776239821051619,0.7303078113843257,0.9028808444448825,0.8738678113512166,0.8943104346131567,0.9763659269439674,0.9765138948129496,0.7903211128321678,0.7559740766895984,0.8259075066996759,0.46387846360693685,0.8090640497323617,0.8300214639981727,0.8251252894910116,0.8182810221924846,0.7960357555200082,0.7573340107729294,0.7418926244069399,-0.2916188490695738,-0.4321717777170054,0.7039270230231298,0.8913695047263955,0.9307213717714282,0.9413363198940871,0.9054042638367078,0.8298178135484086,0.9094550383635489,0.9244199098116833,0.9242485548655669,0.8598909136235839,-0.13581033834293257],[0.9999945925892273,1.0,0.9900931615103874,0.9998576873591303,0.9983255196579693,0.9900063912565132,0.9941696675631869,0.9919248616025935,0.9874468514236094,0.9919317452073882,0.9919591708360483,0.9932918501529246,0.9920202500036203,0.9919262437680375,0.9919816028303872,0.9939948415609412,0.9962610629026742,0.9958274793227463,0.9938933596286152,0.9939003948961957,0.9919731653829057,0.9920191878038972,0.992414270859257,0.9774065374823173,0.9884431767259917,0.9845616930250698,0.9885269956619372,0.987050817728928,0.9822206951474488,0.9401752921344625,0.9898094114057718,0.987962008451795,0.9826684028396317,0.9421295029351009,0.9952153511653318,0.9951574906811859,0.995354812435813,0.992350200686907,0.994965834790226,0.9953745438448275,0.9965714210839087,0.9967752715675582,0.9953721187144029,0.9953831600876123,0.9914716808510957,0.9255874152122804,0.9038581089657293,0.942071896213134,0.9417190796212437,0.9208840153228968,0.8949007501232353,0.9343031084874738,0.8969912196458293,0.9252860790039672,0.8948247441058664,0.9602495043691153,0.9602377763642432,0.9737112443098109,0.9855494126951629,0.9836612723888329,0.9849907241967256,0.9793523814808877,0.9820927362114426,0.9806456672661397,0.9805215077829261,0.9445770300125444,0.9637919399804293,0.9376411915286792,0.9374531719897979,0.8709429848031505,0.9820550698708677,0.983233870616345,0.9834094094106582,0.9829945718997398,0.9552959547208895,0.8096058064980547,0.775894365002522,0.8601247436593904,0.9126728081957948,0.8742461979323861,0.893908063437742,0.8929057961520906,0.7757820141355879,-0.13538345658039186,0.9716920683372517,0.9743390212210893,0.9713825479315714,0.9840585729754928,0.9677480759258589,0.9740695102593464,0.9734414737991411,0.932006173493085,0.9753883052583993,0.9339372688240682,0.7426102248399626,0.9210473073783556,0.920093109287809,0.582867044732164,0.8571145760337736,0.8609782509718767,0.7638406253956215,0.9692916475260261,0.7378822109397701,-0.31670500149910774,0.2551703996384429,0.7636692537210987,0.7148136195368303,0.7567547428769779,0.9707775445928968,0.9708054062236647,0.20805802341171578,0.38008561556500176,0.21520196987843226,0.186649897865591,0.20823426753993485,0.22128281548834214,0.2181521670226957,0.13856223562218778,0.5610706715062542,0.2940668164491986,0.24390878318032413,-0.43667245442050934,-0.4856031206648104,0.7036441690062909,0.7616268539092068,0.7849835188922091,0.8495371153908371,0.8231711229785678,0.6035743183851009,0.7760794775855204,0.7797459181396335,0.7786985113588291,0.44036297519166756,0.249566267291502],[0.9865220934230938,0.9900931615103874,1.0,0.9877922134903614,0.9934947111983281,0.9914677326859931,0.9895221380565973,0.9903117495984491,0.9913989710678411,0.9929164335309336,0.9968421188545575,0.9960176474914849,0.9901612857905636,0.992242973635127,0.9903646763272146,0.9898255149520878,0.990814941967874,0.9899869074332501,0.9889840179024605,0.988956500774795,0.9918085744301814,0.9901916861434944,0.9950857993763746,0.985439106877826,0.9910843716816937,0.9826576880290143,0.9917278723619971,0.9877793497933717,0.9873926415926467,0.9627236400579255,0.9692640898583107,0.973615084947608,0.9773182438897708,0.9569241051483229,0.986932649512548,0.9900255156499306,0.9884075791487894,0.9919502401422283,0.9946967546589653,0.9908273742202334,0.9849376508591471,0.9878754928819791,0.9873064399815661,0.9866889999124488,0.992775701489701,0.9217799291281181,0.9394652358238277,0.9509800887281876,0.9344612279338523,0.883243361714186,0.922868645133104,0.9088927348527045,0.9256723527398513,0.9332776331431367,0.9170515360647103,0.9509471372299273,0.9605925522254017,0.9685121902280489,0.977369315674803,0.9448567796377627,0.9673233061415902,0.9669476242613576,0.973109195873483,0.9671797682708674,0.9436311687029513,0.9260414411465125,0.9517220578973509,0.9424221992286318,0.9248431113509252,0.9004225801238603,0.9736363530301766,0.9539635667842231,0.9666316249952169,0.946767869215759,0.8457902399045755,0.8659903431372964,0.7845423065309541,0.8824557542769204,0.9045090916324975,0.9066481361900791,0.8741172709441037,0.8883231944893678,0.4524796922467641,-0.5250789723609991,0.964135381440813,0.9519379614674506,0.9518056297969268,0.9448039744725836,0.9587117918063316,0.9666358071306764,0.966276213009108,0.9349043153539678,0.9624845789357499,0.8894439993759244,0.7908860540852479,0.9575119568125297,0.9557812926228222,0.8071850742022569,0.944534278789945,0.9460766135708141,0.8764541901532481,0.9810590981880275,0.7761623138311394,0.48217601382998426,0.675348218603065,0.7987891948412178,0.8016769524038185,0.7798258827828786,0.98307189456791,0.9830724223553939,0.722130064296532,0.7058243067574079,0.7116227368251952,0.4145154239183162,0.7113497716369145,0.7172713591768087,0.7255269312814988,0.7172755910271513,0.7605488313664603,0.6945152463019444,0.678111585069997,-0.3493937487679186,-0.4897726619798321,0.6733770701182541,0.8541018911025344,0.8778192829120561,0.8872889342185746,0.8781246137934019,0.7644402506584428,0.8583541547671365,0.8675845181615957,0.8743432891876113,0.7355685026304052,-0.05869902814813483],[0.9999344870874938,0.9998576873591303,0.9877922134903614,1.0,0.9994107490822913,0.9847310550221363,0.9980839681410888,0.9967316049419142,0.9732942201316155,0.9969710889778253,0.9953545627441952,0.9948326622575128,0.9968096186460184,0.9969262360336745,0.9967728069750389,0.9979910076249782,0.9983768977001644,0.9985720245083393,0.9972220708629356,0.9972314765937975,0.9972260043827949,0.9967845525770824,0.9895914341813142,0.9749706416169642,0.9916811316373683,0.9627280324863428,0.9909333756454486,0.9888394626675234,0.9730539548252818,0.9584048397654924,0.9916943733850142,0.9933919805275562,0.9927589180257353,0.9787323364193243,0.9978539860783633,0.9980845699100745,0.9978221654683366,0.9969443982293281,0.9960381518658202,0.9980045995855702,0.9985488120882435,0.9987580117962666,0.9978315032835209,0.9978390389784011,0.979841954130985,0.9227059866058567,0.953054728799139,0.9421179879350997,0.9396829914087117,0.9151436577493429,0.9616485064503277,0.9488656751959066,0.9634095724687844,0.9666732716117433,0.9553882378610014,0.9828878793448979,0.9813410115640224,0.9903859814883504,0.9940765513901738,0.9864466548511812,0.981750180960255,0.9871576605532811,0.9862823908942481,0.9876276461281199,0.9875001528627901,0.9481410929571329,0.9752667465745392,0.9756180718934412,0.9753842838887591,0.9409390730236223,0.9819293113461294,0.9767505301933305,0.9849737917409754,0.984318476446064,0.925229829112467,0.8998899987230031,0.8680192727788024,0.9142421321677144,0.9276198458241416,0.9276919819744649,0.9261155831957851,0.924984063233178,0.6477731533896676,-0.539086962848295,0.9803660590229368,0.9751299189534909,0.9726615840063504,0.9870750490943881,0.9737265513426467,0.9840133232973752,0.9840038044732935,0.9443818619461906,0.9841944524489188,0.9352593610523836,0.8091895070905757,0.926117696625156,0.9392370195315954,0.8262975432595986,0.9574690244000561,0.958178544823307,0.9028516345390869,0.9696918197577725,0.8895979902879183,0.5740108238499856,0.7286019908849773,0.8974581044766632,0.8701902821137665,0.8886153346546288,0.9771254855446102,0.9772788121195006,0.7891541268341727,0.7561316895788737,0.8180199969161634,0.46543429114950785,0.8031733818964173,0.8218626115790618,0.8168918466321884,0.8128509135085636,0.7981187532265379,0.7571981211400162,0.7418265867627428,-0.28701157654942827,-0.43144614216070404,0.7031376735659578,0.889644268427365,0.9288436760835154,0.9395022879373176,0.9042867893790503,0.8271092895359978,0.9074402201233185,0.9221567158063039,0.9221323471682609,0.8528997215508705,-0.12884095570462456],[0.9991862090952446,0.9983255196579693,0.9934947111983281,0.9994107490822913,1.0,0.9872207788919634,0.9989836941906873,0.9985537838543347,0.9847575050572299,0.9985530034116615,0.9981581788342011,0.9980779675420529,0.9985698013179853,0.9985841513638889,0.9985847756345809,0.9990590192846396,0.9988307823125335,0.9992373556033745,0.9988345094712903,0.9988363293048644,0.9986259305377952,0.998571460472939,0.9949923897941233,0.9821067066138871,0.9952162178430708,0.9788374117733466,0.9952464497973372,0.9924473822224512,0.9848079408194398,0.9614808354353371,0.9892489686280389,0.9919772991614056,0.9902566532318555,0.9715664473061688,0.9988349352792867,0.9989008220482409,0.9989260042729491,0.9986771518711625,0.9985678735166569,0.9988925076950543,0.9989129284789017,0.9991398535248192,0.9988537111770732,0.9988550454628188,0.9887947398788519,0.9316346693959967,0.9524283784139289,0.9489894190404952,0.9400093946959167,0.9108707759076003,0.9506598205357873,0.9455153348042754,0.9548818732099966,0.9611624452616918,0.9496263078699051,0.9810112747498447,0.980936184631316,0.990554646583013,0.993973579479189,0.982756718929925,0.9759007635138357,0.9818520335964599,0.9826152161183186,0.9822523969960403,0.9820984849202681,0.9458429983232276,0.9674328931450039,0.96091324811565,0.9606458374126026,0.914695691210435,0.9791044209413367,0.975412901081469,0.9810670443331464,0.9803190498174303,0.9396621506197689,0.8821208212290004,0.8495205477977,0.9007853644792865,0.9323553129572758,0.9188965892343186,0.9250749967669429,0.924151374568891,0.7822403202197266,-0.5385578412696101,0.9745814687888639,0.9653207175030658,0.9639274756262881,0.9835778596114145,0.9644181092923058,0.9779537768027775,0.977645172930134,0.9362734566183115,0.9791713822822131,0.9380338046195503,0.7992233705837165,0.9388887758271766,0.9577595663585129,0.7947597737574752,0.9465128173313275,0.9478019228389727,0.8979866009656811,0.9742429009389052,0.892214689832065,0.412233760088878,0.6753707242272886,0.8980329945851853,0.8521206232224333,0.8941338485812953,0.9804506063650719,0.9805699232293236,0.7571358665517484,0.7413128046442417,0.7609652238550941,0.4448789602486743,0.7188728779495137,0.7652711974235773,0.7610355121802966,0.7261822945385332,0.7864535053471915,0.7439594348530401,0.7277246604858976,-0.4853212726344157,-0.5682666579381893,0.698146065879173,0.885514820498507,0.9167935969997145,0.9361322254682649,0.9034016507157034,0.8114968234029222,0.8998497374131443,0.9112108661058013,0.9107318291389147,0.7934503627456116,0.0820393921943757],[0.9836837093935307,0.9900063912565132,0.9914677326859931,0.9847310550221363,0.9872207788919634,1.0,0.9809749194520577,0.9823073628894295,0.993264670616753,0.9817048164097374,0.9777918992263105,0.9768918470486877,0.9821297814868022,0.9825909389562009,0.9823740236667561,0.9819493963275768,0.9856010624997388,0.9829236204223931,0.9827937799912807,0.9827805952621983,0.9811708126421247,0.9822474021115888,0.9939105261454418,0.9932580783078279,0.9835070976657743,0.9878948640435733,0.9840040053320247,0.9746091314959544,0.9875125803114735,0.9738858649830493,0.9591317464612603,0.9652698116683389,0.9750729483629873,0.965983212989596,0.9807198240592387,0.9811534344378358,0.9819924060270819,0.9830125139707355,0.9777499536922394,0.9815567441603755,0.979926307705768,0.9817702543702602,0.9809629882760702,0.9809545045272405,0.9960270414483839,0.8848562058569288,0.9309077965611287,0.9295353254007953,0.938703499254574,0.8986447787804913,0.917440809255677,0.9119807616641936,0.9203633100097424,0.9377529402501885,0.917671763946938,0.9493170674873626,0.9555322493720545,0.9621432583580697,0.9684382074412268,0.9732872445184363,0.9888577340450649,0.9755278710555988,0.9862288006030463,0.9751390327621825,0.9746162113937962,0.9767711821442455,0.9732182822697977,0.9545255683195513,0.954007775896217,0.9507300436321336,0.9850557479709496,0.9779233136099625,0.9742905646480122,0.9730875882010366,0.9675961612937126,0.90726109769242,0.8649489720504859,0.922425954911007,0.9254966031395107,0.9349289603322755,0.9161458719072958,0.9141114932672131,0.7677479931176239,-0.47994069104501974,0.9834933695343218,0.9849385026286267,0.9815267102346406,0.9740729664705985,0.9767098402153748,0.9821564975617454,0.9817753745655659,0.9698301165603948,0.9722672633529068,0.9694640241237052,0.8117182552994936,0.9021872108517406,0.958320119566505,0.8404028667765406,0.9465010984652871,0.9474873450653428,0.8670684256908757,0.9595071749023403,0.8323166843244355,0.49390293626122705,0.6915460175953063,0.8421530956695983,0.8201863691133907,0.8320782228073386,0.9593006907404655,0.9592906173548555,0.74171203553135,0.7317440327646884,0.75073641007629,0.46879333790948186,0.7481789483662385,0.7558900823948083,0.7495875046974715,0.7482555550333486,0.7772490134064726,0.7154457068399903,0.7029958686012464,-0.312791758305152,-0.4434481040040235,0.7094639010198311,0.852376298056066,0.8665070064880519,0.8844944024610261,0.8614035462741622,0.7836108859309159,0.8465650227359465,0.8588613186827542,0.858829433894521,0.8015261704906953,-0.08670548209612336],[0.9978649617205039,0.9941696675631869,0.9895221380565973,0.9980839681410888,0.9989836941906873,0.9809749194520577,1.0,0.9976419861634644,0.9572701108012698,0.9996305204463547,0.9995986833265734,0.9996270804905181,0.9985055304016972,0.9994975716751877,0.9992314566060305,0.9998939242812059,0.9967814138136051,0.9999043902982117,0.9994177694070988,0.999422460030631,0.9997280203897371,0.9993662530261693,0.9909059194832471,0.9753885448561245,0.9865399294756432,0.9291154175947497,0.9939392752897472,0.9930821255165684,0.9755208025313752,0.9551694255238323,0.9916845986083465,0.99216867950215,0.9938752721262174,0.9763274919597367,0.9990671207317742,0.9998615739570615,0.9997320897756521,0.9994985796958944,0.9997841000631235,0.9998478216164003,0.9985977636603642,0.9997519647949329,0.9994261487619619,0.9991026194095556,0.9802109278112668,0.9383113877718676,0.955097356641782,0.9526291217466645,0.9403680769474018,0.909471393216154,0.9586705940374514,0.9485223064513383,0.9610379091182029,0.964373205790048,0.9548427793748179,0.9823997702124885,0.9822507931909195,0.9922353678030938,0.9964978742600434,0.9533980539183725,0.9628001328559539,0.9737853882117976,0.9740769673388333,0.9752529538424963,0.9533367634710184,0.9038043290032362,0.9578600860586669,0.963182113610777,0.9450221029544066,0.8938444129428474,0.9692031065864821,0.9459477216882174,0.9704573239447917,0.9537688012080214,0.8034188817536907,0.8737883400581663,0.8011557657917887,0.887323433874879,0.9032155805113145,0.90746831576595,0.8878963324925963,0.8991213420995656,0.39849298898531205,-0.5743119175258983,0.9648474626548111,0.9501919503264147,0.9503971881494426,0.9548141555047136,0.9598628498333136,0.9710991858097926,0.9711896123814135,0.9238542139156598,0.9693715638114165,0.860219767073766,0.7924244098464609,0.9390974346790875,0.9375165361442878,0.8127411790396937,0.9548596915203796,0.9556906063935211,0.902177491696584,0.9736590267791552,0.8336624483802083,0.5707120307992507,0.7227381752289006,0.8579330279604066,0.8523482802319698,0.8394533576553899,0.9808222554912862,0.9810059196120176,0.781307437674004,0.73897416615771,0.7834820892366099,0.43823379699204507,0.7829314376641067,0.7969417726515987,0.7888089185617722,0.7959336405073637,0.7840374000948847,0.7506810753122878,0.7334669973856199,-0.29991880523421566,-0.45208798908284803,0.7109477478360096,0.8908067967462531,0.9221934614898891,0.9410792512235335,0.9105489707000479,0.8292805091580486,0.9097481093910105,0.9271316257647261,0.9257348411483659,0.7791668800322846,-0.1001643051557829],[0.9963461668284137,0.9919248616025935,0.9903117495984491,0.9967316049419142,0.9985537838543347,0.9823073628894295,0.9976419861634644,1.0,0.9678538885655449,0.9999998355347686,0.9999993463819009,0.999775827432094,0.9999970906755902,0.9999931047040997,0.9999983305773623,0.9993600303536172,0.9918787212690054,0.9994872608353056,0.9999123572381726,0.9999120368399175,0.999966677038917,0.9999988182402697,0.9914423419246615,0.9771108869673738,0.9932305834523003,0.9429758208821335,0.9944309344874108,0.9915412967242372,0.9777018124186091,0.9547124077793891,0.9880487337717736,0.9939409310760382,0.9925181589678428,0.9735208421521745,0.9994847281573819,0.9995917244811086,0.999689939970211,0.9997550843099732,0.9992884611177208,0.9995308708833668,0.9983042637788611,0.9988987326131712,0.9995567752836862,0.9994284070348335,0.9819815405860085,0.9382229289876,0.9526907123241793,0.9562227801831934,0.9398467493466932,0.9003685778509228,0.9569023420771394,0.944221666110018,0.9589395942987674,0.9591267527698215,0.9491502701606958,0.9804274318704898,0.9795080190947886,0.9912792170195275,0.9969010149042703,0.949045028429254,0.9597497249024387,0.9685805713379982,0.9717346845358723,0.9703908400488753,0.9519097081937327,0.8984507985192677,0.9541499897026121,0.9575526529487292,0.9403513240286201,0.8846389926900532,0.9671210622317544,0.9407089757073461,0.965854174377202,0.949721690586941,0.7931802946080764,0.8675422458934678,0.7973444393579114,0.8810402707220149,0.8972760131272364,0.903942944779701,0.8841302589601026,0.893337454634324,0.3831564097379927,-0.5775915696768436,0.9616606476253529,0.9455460700781546,0.945864510993352,0.9531008115487557,0.9565320733288745,0.9679803728231289,0.9680572158820139,0.9208034874098396,0.963762398913054,0.8518521013908136,0.7900434991663344,0.9510234135049599,0.9475329940081542,0.8102463617787121,0.954855918365781,0.9558316754549357,0.8996811556230873,0.9773219151307453,0.836106212662873,0.5563015114391084,0.7143433952891073,0.8585261674945673,0.8490996050838225,0.8411710781058348,0.9830716707992323,0.9832543813899737,0.7727428487607224,0.7319472156809987,0.7843656807433661,0.42697153225517714,0.7778405132406699,0.7922721593592447,0.7888444893762703,0.7903202341695491,0.7783487134246639,0.7451253967308241,0.7273909543856876,-0.3149420667244671,-0.4660037049433431,0.6991709754606117,0.8836153973320997,0.919494792156758,0.9336798608126327,0.9049718825856994,0.818992414860325,0.9033968480963016,0.9208523573024561,0.919703620275057,0.7610480714849723,-0.08336039368032538],[0.9712510154784946,0.9874468514236094,0.9913989710678411,0.9732942201316155,0.9847575050572299,0.993264670616753,0.9572701108012698,0.9678538885655449,1.0,0.9828478470918504,0.9874240798873236,0.989864303793208,0.9714667243567136,0.9797613737072771,0.976338730829483,0.974356701024606,0.9504082709822002,0.9792171384463062,0.977017526465095,0.9769601872095796,0.9813536087690504,0.9761753724758057,0.9938581435905971,0.9932886433161473,0.9803613441969643,0.9899761230381021,0.9835133302346872,0.9907366518230646,0.990768751564271,0.9697963794957024,0.9276777599844694,0.9492871054324505,0.9662533292152565,0.952444103324351,0.9707789215724846,0.9792650950346689,0.9758428740937463,0.9781983023261662,0.9883809079955252,0.9804255405208896,0.9670242814548428,0.9765253459134436,0.9716461102712302,0.9706150495395973,0.9990435307991148,0.9026427413135623,0.9244475037016231,0.9513215816870118,0.940525946523028,0.8797421877415081,0.8870006331716433,0.8871545777181384,0.8910408141421452,0.917480393081229,0.8972460694212213,0.9298744799116074,0.9466521569018395,0.9519454096910624,0.961224124837255,0.9080775790630932,0.9692442594046625,0.9492508354446875,0.9682575811368529,0.9492472010055268,0.9069535268567179,0.9199815688548381,0.946907999195357,0.9212121223119849,0.8863210888551265,0.8891266578709985,0.9697879646147567,0.9249370828652761,0.9469609933659516,0.9106523238714724,0.836877171410204,0.8616107737279908,0.7449311299038077,0.8795463714915039,0.8880073516618799,0.9013585511495411,0.8507928815696972,0.8691734773500828,0.4348967755970537,-0.5073391864686727,0.9601487225678177,0.9548628295068928,0.9526702015574525,0.9063179982344325,0.9510605975018499,0.9584469918659019,0.95791621622594,0.9398949637335458,0.9442210402223914,0.880846198059615,0.7966908921560908,0.943423420172216,0.9633008575187452,0.8163469021348041,0.9381220261445928,0.9396435986490671,0.8544947829811089,0.9688747179680759,0.7426011454632571,0.4445697792133913,0.6566868416482348,0.7757372496155083,0.7785412175916786,0.7539538424844605,0.9682381106662086,0.9681844451429845,0.703421305836284,0.6957941873268154,0.6771191726888373,0.4219776431269128,0.6931596906550684,0.6951910976782937,0.6760471597834037,0.6954483226810428,0.7534422805779729,0.6881001738705014,0.6730134586484954,-0.3548496688275329,-0.49149711746871566,0.709669596054027,0.838582099327046,0.8310001488934574,0.8619291288901093,0.8573364382405924,0.7561429359899435,0.814532205167715,0.8368913821415075,0.8307246110733691,0.7076284068079577,-0.01903382515749458],[0.9965395379635855,0.9919317452073882,0.9929164335309336,0.9969710889778253,0.9985530034116615,0.9817048164097374,0.9996305204463547,0.9999998355347686,0.9828478470918504,1.0,0.9999991563344888,0.9997803216194334,0.9999985292986793,0.9999920335900416,0.9999978729770193,0.9996991466492496,0.9979575656906828,0.9994858859281355,0.9998888782986647,0.9998888511659892,0.9999785263333724,0.9999993512097431,0.993959251767292,0.9788161829207629,0.9963868617023526,0.9749224726361213,0.9964724322674022,0.991539339947915,0.9820078095936966,0.9560138580815548,0.9898837851491878,0.9938875146879917,0.9902310489571189,0.970375723902187,0.9995207486638011,0.9995856678728539,0.999598637458441,0.9998410524850584,0.9993001498079558,0.9995382618323532,0.9985372969667254,0.99894404572299,0.9995276757414325,0.9995232467023325,0.9863933163826867,0.9381518523970396,0.9527216570857955,0.9561859488643217,0.9398896324654491,0.9004808703631684,0.9488367601310876,0.9399247866120912,0.9524739840925975,0.957461823159743,0.9474203284228822,0.9797105084358357,0.9795405710725491,0.9918209453583172,0.9967425674581475,0.9732420560750544,0.9597278318710056,0.9722648116641768,0.9717167130981039,0.9728086539946996,0.9725953709926802,0.9334149832132713,0.9541297254541342,0.9514882133396318,0.9512090642522271,0.9030231820949803,0.967072945461287,0.9659156718310874,0.9717113396778089,0.9707886610386345,0.9260820327857224,0.8675686868924561,0.82937103735218,0.8808871720716618,0.9158447892787566,0.9044815918192913,0.9097392575670343,0.9089896784745408,0.7377731448973267,-0.5799244837081335,0.961645775555795,0.9455260759309216,0.9458582251569274,0.9742469927741061,0.9519002452097836,0.9676836309079712,0.9673463524512838,0.9215048581968334,0.9691074178777205,0.9235327268353918,0.7900411399860396,0.9508006017778406,0.9586724669268594,0.7955705666931058,0.9489987007920624,0.9501399534499861,0.8997533000966715,0.9765763429115821,0.9001719029753484,0.4536989032781145,0.692260769703462,0.9059609583844721,0.8600803138813382,0.9020341019561172,0.9830357932845858,0.9832426124467037,0.7728114378341071,0.7317449181143013,0.7759657467835436,0.4270771796444611,0.7348100690808006,0.7805101906789496,0.7760814036722881,0.7441077024479429,0.7781508363443368,0.7451034803714321,0.7273559647048332,-0.5297208942800904,-0.6129829131541001,0.6987638635484976,0.8836621238682859,0.9199640039236816,0.9383948319033377,0.9050216764905674,0.8158619314523121,0.9008713981062568,0.9139611385241855,0.9134484751973974,0.8057375775371503,0.1436166533560047],[0.9946834429618143,0.9919591708360483,0.9968421188545575,0.9953545627441952,0.9981581788342011,0.9777918992263105,0.9995986833265734,0.9999993463819009,0.9874240798873236,0.9999991563344888,1.0,0.9997795287129593,0.9999963896180538,0.9999950052119589,0.999998389681095,0.9996856451665949,0.9976796660704487,0.9992457817898751,0.9997959493341377,0.9997959882454972,0.9999984570153032,0.9999984221359984,0.993363264155245,0.9750361205842376,0.9954902617888879,0.9829573607053882,0.9960633694773697,0.9915515609492346,0.9842061929989987,0.9489596963393109,0.9892719744956114,0.9935018080575885,0.9843432675313335,0.9468968682492435,0.9993187571036867,0.9993721292769089,0.9993153656350195,0.9999000271427545,0.9992845131815683,0.9993252748757705,0.9980369023197665,0.9985800024024682,0.9992952376431925,0.999293098089029,0.988776159581053,0.9378824443670755,0.9217090184600287,0.9561479654818639,0.9398222315028638,0.9002064497071561,0.920593929455541,0.9116036231423161,0.9248179531589724,0.933212906572622,0.9191030273113854,0.9726760969450271,0.97265341671545,0.9907848043020918,0.9953734291004306,0.9654775393917377,0.9598627125570571,0.9598856183648977,0.9626850445876005,0.9611224632954308,0.9608511309495409,0.9098004881064441,0.943830738062451,0.917435558800572,0.9169638771733939,0.8366940848751925,0.9651516918720857,0.9703184086988954,0.9669619978302669,0.9658580257396153,0.9190190469729446,0.8061729840013712,0.7710696558539923,0.8463118258154488,0.8969894258569037,0.8676376310981245,0.8822636862791728,0.8810282624704173,0.7400717413527536,-0.3799472209523815,0.949394694588047,0.945679475042719,0.9459713710442408,0.9665482305171575,0.9383684755460774,0.9519324761354283,0.9512711268385317,0.8948770381320729,0.9544501486265706,0.8989334559190607,0.7902065860103642,0.9510985309092999,0.9628638876482472,0.6956618254029555,0.9111772198917153,0.9137017379963231,0.8583923609915469,0.9856285929520079,0.8463275942727865,0.11025794291712566,0.5467938161678315,0.8582266984403257,0.8263668884162539,0.8531978943327457,0.9863500817534172,0.9863709034267862,0.5411926090759112,0.6486197753998105,0.5483633103887693,0.42702085095615133,0.5166941381837986,0.5586142412345485,0.5492631576257011,0.48774738783887894,0.7674372494271,0.6171905886360505,0.5791439466405198,-0.4906062222600234,-0.549320364500975,0.6982365045430953,0.8639774155668872,0.8763640046025728,0.909858211686254,0.8988824068381774,0.6879734111546445,0.852887258317984,0.8697652905661246,0.86909358584281,0.6220493874089982,0.09560377842386156],[0.9939580843041467,0.9932918501529246,0.9960176474914849,0.9948326622575128,0.9980779675420529,0.9768918470486877,0.9996270804905181,0.999775827432094,0.989864303793208,0.9997803216194334,0.9997795287129593,1.0,0.9997931737217889,0.999779448720173,0.9997850097989462,0.9996852636529099,0.9982963271948798,0.9994353881680643,0.9999718402858819,0.999971601189779,0.9997842761942147,0.9997892491260024,0.9930070078652602,0.9721638389238766,0.9943965036143385,0.9838004717640474,0.9951543333921524,0.9938872795993268,0.9806362260425613,0.9309179029303526,0.9919022228763799,0.994565856080007,0.9801484984210478,0.9294254982729968,0.9994492947888313,0.9994940721165768,0.9994573491806306,0.9996108792245709,0.9996334526146132,0.9994725588136614,0.9979302324978957,0.9986151053814357,0.9994368492008608,0.9994338256849198,0.9901258797634028,0.9336688637703676,0.9094396193124766,0.953203505778039,0.9384239555826498,0.9001137001579532,0.8881260540223598,0.923928494165104,0.8914692511660242,0.9115828037976074,0.8865271688911599,0.9613781813665889,0.9613644538044345,0.982297179871405,0.9949550696682401,0.9641129730243451,0.9643049158014964,0.9549296910165926,0.960283406732776,0.9572419564302076,0.9570240199011263,0.9095505850357906,0.9343446292077501,0.9013233301754566,0.9010622911929512,0.8206102328755712,0.9641657156475053,0.9660990965021485,0.9661180069349298,0.9654495008596651,0.925772549465613,0.7611416737582269,0.7238885254917558,0.815005449628331,0.8766594743168816,0.8347583541230512,0.8564975097458932,0.8557192068043045,0.7230436806919263,-0.2560543326070181,0.9433571196146746,0.9477670961922167,0.9429683578795516,0.9647987500943721,0.938018844504545,0.9466478981293356,0.9457734709104754,0.892853501377822,0.9487597496052269,0.895698941698035,0.7462904816105989,0.9487146882486498,0.9426378115834321,0.578639435040886,0.8598249393571578,0.8640444945099793,0.7601264640754107,0.9798001390517075,0.7368259434493398,-0.2574392931390155,0.2901513661385872,0.7599169318019224,0.7166130157499504,0.7538643139096207,0.9808910189785849,0.9809847065910499,0.24161747398082267,0.39941779033209046,0.2471931225745349,0.2189832668984883,0.23909025534846476,0.25426212211687577,0.2517652444670176,0.16849733876596337,0.5783336417601507,0.3147608706295085,0.26296514118052117,-0.5029182252514329,-0.5506586745893144,0.6986123430305917,0.7650103439223339,0.7881827870071881,0.8528786428460939,0.8314340671987055,0.5935082404777854,0.7743963579059001,0.7831787855178064,0.7821801554104925,0.4438809861108983,0.284423877090389],[0.9964408131768686,0.9920202500036203,0.9901612857905636,0.9968096186460184,0.9985698013179853,0.9821297814868022,0.9985055304016972,0.9999970906755902,0.9714667243567136,0.9999985292986793,0.9999963896180538,0.9997931737217889,1.0,0.9999915028525982,0.9999976906257672,0.9994052890543684,0.9934882894624195,0.9995252408116879,0.9999217648150109,0.99992161503059,0.9999735199735077,0.9999989876281123,0.991322812451306,0.9769180806849178,0.9938748316515428,0.9478483268961111,0.9943828760157686,0.9916476039880915,0.9775039725514567,0.9546583181722673,0.9889585278727019,0.994026570521484,0.9926011433650006,0.9736467402295467,0.999527470404429,0.999630318614293,0.9997197182738194,0.9997536176246639,0.9993436076536393,0.9995706356145446,0.9983888791133525,0.998963264470571,0.9995992840684046,0.9994717461253884,0.981734125706137,0.938469436626288,0.9528466707716976,0.9561327261050583,0.9398915330271581,0.900936655631428,0.9572587548763851,0.9446058070571615,0.9592983683115502,0.9594514775064317,0.9495392203639657,0.9806797810368035,0.979691768597102,0.9914112989820234,0.9969850032397051,0.9492870521562289,0.9597497507276428,0.9687471827128032,0.971767757361451,0.9705561408463513,0.9521047755488936,0.898378494740047,0.9542688383919335,0.9578354102203132,0.9406900223066483,0.8847693384198964,0.9671131109624068,0.9408345401345555,0.965991302046695,0.9499466533026664,0.7930719454533818,0.8677755066799511,0.7977703845201136,0.88125976248785,0.8974698943574377,0.9040506185600155,0.8844303623714956,0.8936279481480259,0.3832428952324706,-0.5776910732603323,0.9617273879214759,0.9456336157118855,0.9459509115510509,0.9532969041870075,0.9565990299157036,0.968068601020359,0.9681474399284564,0.9207522320203411,0.9639487264369672,0.8518196638025465,0.7900824318465124,0.950481643618583,0.9470345042959795,0.8102538672959961,0.954852138322296,0.9558198225895355,0.9000227564414979,0.9771824298159022,0.8366082439859847,0.5574169956851805,0.7149882455444592,0.8590121797800524,0.8496335552379672,0.8416644678018934,0.9830105704582041,0.983193714455992,0.7733510978809264,0.7324391740787118,0.7849871300516761,0.4275677997498824,0.7785060012129742,0.7929690360045005,0.7894810777150691,0.7910313981966652,0.778679185576574,0.7455774275595548,0.7278571502694572,-0.3140335253366673,-0.46520306876988343,0.6995522977184162,0.8841395243368154,0.919982056729507,0.9342200537087785,0.9054597909222527,0.8195571142268512,0.9039872304321888,0.9214465372923208,0.9202888239192618,0.7617324463790269,-0.08441046104174754],[0.9964730024056574,0.9919262437680375,0.992242973635127,0.9969262360336745,0.9985841513638889,0.9825909389562009,0.9994975716751877,0.9999931047040997,0.9797613737072771,0.9999920335900416,0.9999950052119589,0.999779448720173,0.9999915028525982,1.0,0.9999953132191386,0.9995886150177821,0.9979151684714146,0.9994853391800839,0.9999076169176272,0.9999066459861616,0.9999560997949372,0.9999918424897074,0.993198085247135,0.9773192677014881,0.9961099764218148,0.9690018439258326,0.9959014475316444,0.9915232218370494,0.9779559376749895,0.9548409660750745,0.989358813014396,0.9941041281112741,0.9919112329120016,0.9732194192329526,0.9995087262445007,0.9995846706055318,0.9996415290338119,0.9998931412130361,0.999309924965842,0.9995212754034486,0.9982661664197242,0.9988888582338937,0.9995292443245744,0.9995226665056158,0.9842685882972517,0.9382997600417202,0.9526352898143172,0.9561529574278778,0.9398637138373676,0.900478261698731,0.9524216031866475,0.9379755176046356,0.9547362336500772,0.9588583980913128,0.9488304236940479,0.9792897862902576,0.9793802107089646,0.9907295797715775,0.9969811222807541,0.9741626412310566,0.9594806984051367,0.9735919576465168,0.9717301646977344,0.9745356428379992,0.9743200912860972,0.9425235196626225,0.9538765864346138,0.9566284541656599,0.956340391300178,0.9195994304519878,0.967100454155641,0.9688424327861512,0.9736728469447473,0.9726728617861113,0.9343894826603181,0.8673394628121431,0.8345380658062289,0.8807236072293336,0.9076914628191938,0.903804830731944,0.9045027095340265,0.9034439564602424,0.7159071271189612,-0.5778482220039276,0.961672047002891,0.9453848651042633,0.9455979212926781,0.9751837056007876,0.9566348715960754,0.9679992089045791,0.9680814686693665,0.9208567711536366,0.9694679377713323,0.9319465334909979,0.7899762495969899,0.9505938586102269,0.9518286403858393,0.809625273611104,0.9547348454879062,0.9556680502002787,0.8996300793713646,0.9775237052720414,0.8864254082260196,0.5565026388352995,0.7138616442070128,0.8942721936837714,0.8630057845153647,0.8853695401627409,0.9832727493691314,0.9834767714882953,0.7719639452209147,0.7312632605003722,0.8049545715381913,0.42710741164546484,0.7852014169520675,0.8093149373021652,0.8038268904970433,0.7914009102003754,0.7782532336003559,0.7438568184141666,0.726152212617167,-0.40386775640289324,-0.526020886882737,0.6982475012794602,0.8836607015129736,0.9163814277983282,0.929770796715065,0.9053473714292443,0.8180677456986298,0.8922020450908996,0.9096039718945446,0.909203671705416,0.8407853926891236,-0.05082021082096509],[0.9963878493236935,0.9919816028303872,0.9903646763272146,0.9967728069750389,0.9985847756345809,0.9823740236667561,0.9992314566060305,0.9999983305773623,0.976338730829483,0.9999978729770193,0.999998389681095,0.9997850097989462,0.9999976906257672,0.9999953132191386,1.0,0.9994911267766203,0.9972230190260499,0.9995020981185575,0.9999150274931785,0.9999144217493698,0.999967577954308,0.9999977128521508,0.9914849234855131,0.9771724936922339,0.995484413178228,0.9607734224016621,0.9952905902672385,0.9916067760287484,0.9777538395059403,0.9548714863908488,0.9914247243054151,0.9942842730268978,0.9924704130471141,0.9734388913121923,0.9994956104492467,0.9995926954734193,0.9996966123112035,0.9997695640478101,0.9993135474757188,0.9995282023879692,0.9983277120177266,0.9989137686566611,0.9995660728530316,0.9994402363055306,0.9819820915929289,0.9382876162820845,0.952708890019597,0.9561950809286082,0.939895108676075,0.9006151370465724,0.9569768193779427,0.9443463276676156,0.9590440571142912,0.9590804026752714,0.9490705721182382,0.9804502593572113,0.9794556682921546,0.9912512591911513,0.996866622983921,0.949318620218248,0.9597988520141221,0.9687351839900185,0.9718151556742053,0.9705324075714526,0.9517326453493635,0.8986466860285347,0.9540765548127491,0.9576142895068374,0.9405472303461219,0.8847637388395606,0.9672559500493147,0.941027561193066,0.9660428130864911,0.950008889318531,0.7934981141082652,0.8675517097971936,0.7975896123959036,0.8810889134297444,0.8974347409392869,0.9039547337874724,0.8842731407179935,0.8934951042570357,0.3834960643330936,-0.5772942152342971,0.9617481826531298,0.9456317268572888,0.945947853369938,0.9519789318335563,0.9566963074701996,0.9680616578354733,0.9681353851252462,0.920986831334759,0.9639180496195467,0.8520950341236048,0.790055885077134,0.9507646654957048,0.9474449831450317,0.81025784370479,0.9547913904814052,0.9557710575540878,0.8995057903910219,0.9773380216292139,0.8361330060107701,0.5561246838147259,0.7142328270718634,0.8585316995115049,0.8492146414268994,0.8411945901422908,0.9831070731830467,0.983286875232136,0.7723714358246683,0.7316309268735584,0.7843436572556854,0.42720062798015673,0.7778172077814873,0.7921929260514627,0.7889924691981712,0.7902226435516021,0.7782737416691305,0.744421498814202,0.7267204812739649,-0.3147622359082001,-0.46582001498500863,0.6993716390289678,0.8835269271101731,0.9196107785373058,0.9337154641093777,0.9050145509470415,0.8187940075034119,0.9035882176041651,0.9208823493871597,0.9198477356265298,0.761135256936487,-0.0836188258643728],[0.9977448932127883,0.9939948415609412,0.9898255149520878,0.9979910076249782,0.9990590192846396,0.9819493963275768,0.9998939242812059,0.9993600303536172,0.974356701024606,0.9996991466492496,0.9996856451665949,0.9996852636529099,0.9994052890543684,0.9995886150177821,0.9994911267766203,1.0,0.9984865911726526,0.9998591668635213,0.9995741940417561,0.9995786929745619,0.9997821919129878,0.9995614575441008,0.9911292224794926,0.9761372355931967,0.9941978327570129,0.9536200817706149,0.9938628832556144,0.9929577021477282,0.9759991163574385,0.9553945058936165,0.9918251848280162,0.9927708023380284,0.9933151159582855,0.9754616436627944,0.9993011789253365,0.9997446862831002,0.9997314817972319,0.9995920986637021,0.9996318370651652,0.9997020073104296,0.9988890201647589,0.9996060346212291,0.999528959178263,0.9992994174740395,0.9806277227987455,0.9369775513252212,0.954714352351422,0.9536049578476575,0.9408542675761365,0.9068826366441606,0.958954631755695,0.9486820153325931,0.9612967584260562,0.9630021275389101,0.9530837528389202,0.9823524787955841,0.9813995364746747,0.9921588445641545,0.99641288540902,0.9536958482994567,0.9633518446112679,0.9734374786822315,0.9743061085454868,0.9749829296085811,0.9544692467846294,0.9038247987822787,0.9573987170490228,0.9626328221074484,0.945276975807283,0.8925858140420155,0.9697056933021201,0.9457904683602654,0.970235004533035,0.9542216781290085,0.8015990884053068,0.8728216107398153,0.8018880584816906,0.8863147962217992,0.9022757966832968,0.9066319034879076,0.887920769249335,0.8985539232171851,0.3947576349684248,-0.5742100360278636,0.9649451251099815,0.950303433145848,0.9504646920587454,0.9559278902339065,0.9603449463661698,0.9711044886905419,0.9711678791132714,0.9248947350584354,0.9688769287593629,0.8592686619721226,0.7918335471931544,0.9422727238363504,0.9399398541092854,0.812640059757125,0.954844994127051,0.9556622460004157,0.8996647678969941,0.974055142674837,0.8354198529329837,0.5658086304991691,0.7192037492175358,0.8585885379819325,0.85186681172