var element=document.getElementById("correlationClose");if(element.style.display!='none'){var correlationClose={"data":[{"type":"heatmap","z":[[1.0,0.9999864316333128,0.6224345547620661,0.9997134543160339,0.9977881734207238,1.0,0.9917804911830013,0.9878212299099409,0.9878212299099409,0.9924594090386406,0.9752294343720805,0.9853330980218834,0.9918207272036778,0.9922625343617031,0.9918788235678233,0.885755795040753,0.8500134517188049,0.36930998281553407,0.992789262130253,0.9927762975503196,0.9849521600250574,0.9918084738876342,0.4576376805269516,0.7070534306543537,0.9801435819648757,0.9801435819648757,0.9801241499888317,0.9707514365599157,0.35736590935812024,-0.0937172119647585,0.9895741193274865,0.9895367626042403,0.3090654120510426,-0.16514303015348414,0.9943528527864648,0.9950908320447517,0.8315431046065144,-0.37541581806185625,0.9896486294871113,0.9949931767083584,0.8791507547095984,0.3506667311499335,0.9945123316256016,0.9945012302804216,0.9945123316256016,0.8848020065874047,0.6590027677848405,0.8852863077206262,0.8931875036608703,0.8029979399690411,0.37782241122470567,-0.1566228135840725,0.19560968423043418,0.9452414237553121,0.4181129795519866,0.9753503361191033,0.9701792164342589,0.9796541870872807,0.9896974975949714,0.9237853734305599,0.9275276144522727,0.9400236826766818,0.9213204013821792,0.9371781088348667,0.9378743375034484,0.9371781088348667,0.8668049657907735,0.9149244637164188,0.9159236246601822,0.9149244637164188,0.9114012452358964,0.7637116796088922,0.8845413600037234,0.8859925875514649,0.8845413600037234,0.6603082799708917,0.341665668322522,0.6413420781960633,-0.5735945889653093,0.5449593640374183,0.5801374709984431,0.5809389180749673,0.5801374709984431,-0.10450179771114901,0.8993520888630018,0.9318013018853873,0.9143501466451456,0.9251971299950815,0.35533802007109705,0.8952334961137847,0.8961904128764151,0.8952334961137847,0.9014512850762334,0.9014512850762334,-0.12208756082690285,0.583975237331425,0.18473228240425776,-0.6248236508894035,-0.575702516043763,-0.579330676739364,-0.07820286884970558,0.09764895779917322,0.23657508049293352,0.07649637068939366,-0.47242628447740775,0.02392079917042866,-0.7951550867887499,-0.24304119587984552,0.15429459364294612,0.15512410086605574,-0.5565799610712998,-0.5920620834029356,-0.24305295566030918,-0.5007196963083882,-0.8232718470570766,-0.376187524722476,-0.3679625736637993,-0.376187524722476,-0.1915941337376207,-0.2924460673847542,-0.2924460673847542,-0.8112498833150573,-0.8112498833150573,0.40030318704571344,0.6442281353778722,0.8639751084844941,0.8457706188395747,0.7746786837073765,-0.2891992242665504,0.7565255628795314,0.7942321484480306,0.7945299200497888,0.7942321484480306,-0.22703110188499617],[0.9999864316333128,1.0,0.975654267153645,0.9993551550147742,0.9950138259521017,0.9999864316333127,0.982106106386254,0.9749838935771684,0.9749838935771684,0.981946116148576,0.9660069154958306,0.983821163726402,0.9821514097264975,0.982070397747869,0.9819756039786596,0.49949315366789404,0.4271038966319881,-0.35666138610450987,0.986554810976192,0.9865337433442813,0.9822041256568594,0.9821968595118565,-0.07345014572034948,0.974562674674285,0.9767249581599188,0.9767249581599188,0.9767814928955331,0.9709248004116835,0.17561470343198418,0.19648180408201849,0.9787836307699275,0.9788400976519447,0.97523885479705,0.2191461386553992,0.9896221670056785,0.9896785869152472,0.9903298692565199,0.9836109836673491,0.9884870144086568,0.9897962648146446,0.4647288842299877,-0.3623752616609367,0.9903758096358185,0.9903617840017032,0.9903758096358185,0.8849602428209707,0.5171757023153764,0.8859107339582475,0.8936651094323267,0.802362317972013,-0.38475373956234105,-0.5234198434165818,0.8246991732791301,0.863116374390939,-0.2267794308024576,0.9326908353077558,0.9328221501318561,0.9492053134980843,0.9747532327119959,0.939312654505806,0.9473886179075496,0.9298029286203907,0.9290868812777177,0.9352215734303041,0.9358113895835832,0.9352215734303041,0.8220643143703462,0.7887701368124287,0.7908327743059815,0.7887701368124287,0.9415286180984658,0.9456047522836107,0.9416024004421599,0.9426141938974574,0.9416024004421599,0.53544163581308,0.47693254337482394,0.5859448330406074,0.6813582814919235,0.5791505727462469,0.6082759825750049,0.609046772899587,0.6082759825750049,-0.2032138188304783,0.8956291185514496,0.9248603142838985,0.9143254761787268,0.9452428049011875,-0.20733234830799693,0.8909459570706311,0.8912772446525821,0.8909459570706311,0.900011058666259,0.900011058666259,-0.2155338743712089,0.5843143653136894,-0.3614839558865554,-0.725338294255627,-0.46326118713302095,-0.4667299941845448,-0.33650537981289536,0.2564037286247843,-0.23562041305557357,-0.44421005328984736,-0.6688751267569785,-0.3161288464030148,-0.4870510874200176,-0.37217686144790474,0.13226168795036758,0.12837597177754706,-0.4891058601136561,-0.44933010972983356,-0.4776816149993943,-0.5083035820037001,-0.5004797945342389,-0.4798298338763869,-0.4832650643916321,-0.4798298338763869,-0.3487559915089122,-0.5101731359328385,-0.5101731359328385,-0.4847015435991042,-0.4847015435991042,0.40053314393887085,0.3899216802888627,0.5074468926882981,0.5964639479001981,0.5528319223059017,-0.4172442410971761,0.36807563566321305,0.34273831632280166,0.3428381861620017,0.34273831632280166,0.11403469512298824],[0.6224345547620661,0.975654267153645,1.0,0.6179194953860735,0.5317554165351297,0.6224345547620661,0.6073286106120841,0.5976110241621396,0.5976110241621396,0.5316248699635967,0.4835537405926632,0.9963877185140316,0.6073492194823431,0.5952434373948017,0.6076091686290083,0.492281364012574,0.4968450568889714,-0.1565925290992241,0.5620152993555588,0.5611681353824196,0.5219794973382064,0.6063036436599999,0.23676567116321526,0.7473873661592845,0.5811856381542352,0.5811856381542352,0.5809326728958463,0.9873099227240679,0.34919062262761874,0.188130379321405,0.5674379260924588,0.5670028135003128,0.7588461803739031,0.03949729269355661,0.604244368354978,0.5276755013189006,0.5797694679069715,0.32976894452376654,0.9940622090869476,0.5197785011544295,0.48494063493189854,-0.16439057642797789,0.6207780436923837,0.6022200187031831,0.6207780436923837,0.8845608461188733,0.3938042280216198,0.9112229406854979,0.8821702596427985,0.6804827800651426,0.2049378388394463,-0.04187207942291916,0.05071594500953219,0.4754246383076403,-0.08476326731981691,0.5533548267571853,0.504294534654747,0.5324743123662204,0.49206494174114196,-0.03876262351195586,0.7474807448826697,0.6858239847989595,0.566466945591132,0.6917364017463234,0.7356177796008387,0.6917364017463234,0.4369692327609357,0.5910343167956947,0.6683145502902892,0.5910343167956947,0.6324409265923812,0.6460209998354456,0.69239116421825,0.7510710971770466,0.69239116421825,0.30603204278705914,-0.0871577227028569,0.32350583248011106,0.12010029760413495,0.3217444658275494,0.2615078645041458,0.44281524433934066,0.2615078645041458,-0.16971599218746194,0.5306985334375435,0.8506110562732858,0.6111497133035104,0.7511220010641999,-0.0013080244761359539,0.5822601822055716,0.582051544557531,0.5822601822055716,0.6740342000603843,0.6740342000603843,-0.2374519972862577,0.7203418802536836,-0.20054035127143502,-0.6275790123457615,-0.41407606246354545,-0.41767362901325733,-0.402524098837564,0.0632712425252745,0.024509233943636518,-0.2961329787481941,-0.6080183233785543,-0.14965773615333056,-0.2730641258785367,-0.23596119920033287,0.022323223220611827,0.01959291903421377,-0.4699949870020894,-0.02747175803388924,-0.23973073606484827,-0.49783764670013825,-0.15898678238875877,-0.3817180777176991,-0.2600781952539122,-0.3817180777176991,-0.4130995136748836,-0.5187082471289375,-0.5187082471289375,-0.2729303219261478,-0.2729303219261478,0.33785327004137317,0.16609118993554606,0.2650792512475462,0.5044179221802503,0.25420614263887453,-0.3459592629075544,-0.02636847911416801,0.45286123956339913,0.5609952630086827,0.45286123956339913,-0.04370705933003654],[0.9997134543160339,0.9993551550147742,0.6179194953860735,1.0,0.9988031291052126,0.9997134543160336,0.9931949070193066,0.9897049637838709,0.9897049637838709,0.9941327075325355,0.97311848808519,0.9892925789308182,0.9932239541501687,0.993983256617997,0.9932567982063251,0.8856655910181628,0.8496777694866426,0.35450964531216117,0.994003777761473,0.9939932357679047,0.9851680398452489,0.9932040388378464,0.4493339929190714,0.7111820114435402,0.9828993887160049,0.9828993887160049,0.9828796021009482,0.9782461055362498,0.3536018396981438,-0.1000050168695955,0.9890291017157615,0.9890007522637791,0.3014960856146564,-0.16515512154794482,0.9950005765503326,0.9959586738989317,0.7950392295674867,-0.38036182313991423,0.992498539532345,0.996098819135146,0.8782386568868138,0.3355401844199384,0.9928185932545114,0.9950554051680733,0.9928185932545114,0.8823599478143782,0.6463811386025812,0.8912164295137327,0.8905306894865029,0.7830712272915511,0.3725314420658146,-0.1621292877754853,0.18965320592019558,0.9395377121534364,0.40196506923998937,0.9708720061513285,0.967212645434228,0.9775180164172647,0.9897734202876551,0.9022515253380636,0.9206233213761253,0.9267551214948921,0.917237413867892,0.9197792437414228,0.9207372433881875,0.9197792437414228,0.8585807726335668,0.9025930614486825,0.9036891011453577,0.9025930614486825,0.9078844858137948,0.7027308723408698,0.8448927117605486,0.8463795635891479,0.8448927117605486,0.6518337343179273,0.12229026973429229,0.631134873976854,-0.5782204763850982,0.5397991569854707,0.3181318244846181,0.550689357220338,0.3181318244846181,-0.11100635526213362,0.8939139904748942,0.9238525465285877,0.9063869465942567,0.9016015165436551,0.34127005831946333,0.8905879409353524,0.8916822651708369,0.8905879409353524,0.8817249561095803,0.8817249561095803,-0.1271955714167912,0.6062118763356841,0.18944521145140764,-0.6351041336725257,-0.5828196730365122,-0.5863547723214321,-0.09044194706233434,0.09290371025556744,0.22956705748500542,0.06349194675690997,-0.4848409762637635,0.01751355805984247,-0.8011040043739315,-0.2508048338732245,0.14410652198430074,0.1449837717479755,-0.5634289255528232,-0.588532234718402,-0.24440045506539584,-0.5115868443422238,-0.8249676265925604,-0.3776609360021575,-0.370001057309182,-0.3776609360021575,-0.2002773660928677,-0.3021377431062608,-0.3021377431062608,-0.8109241993833304,-0.8109241993833304,0.389094656575559,0.6324687050314444,0.8561195436528012,0.8380739521098298,0.7672115459908175,-0.30226814562500925,0.7474544369389646,0.7853700787125056,0.7856830151383859,0.7853700787125056,-0.2121354230885673],[0.9977881734207238,0.9950138259521017,0.5317554165351297,0.9988031291052126,1.0,0.9977881734207238,0.997059301879379,0.9953703334564492,0.9953703334564492,0.9972536245906134,0.9643938794214105,0.9961361597566633,0.9970777786811976,0.9971584642101026,0.9971070648087291,0.837600256288668,0.7843533734562665,0.15193559971644108,0.9975977633055132,0.9975925830761017,0.98701321309621,0.9970631201525154,0.1024154493276771,0.6844767588562616,0.9917053744009343,0.9917053744009343,0.9916656377890547,0.9885309327108783,0.13168918846918123,-0.08098103308351429,0.9871440523459967,0.9870791103966857,0.008810179555990614,-0.058316798135641605,0.997782422820688,0.9977148012208226,0.7805493358161296,-0.5107194973826478,0.9975320901602365,0.9980381892644498,0.8226336922320967,0.1277908495890424,0.9977282374279742,0.9977304416036151,0.9977282374279742,0.8974573918248306,0.6088855107912174,0.9096025309963781,0.8957373253045858,0.7554788377737532,-0.09795578466061393,-0.5855892923383558,-0.21589864517314739,0.926866368535232,0.25546847306657294,0.9654409450682123,0.9655570852187322,0.9792401179227914,0.9904272528026797,0.8999356087166267,0.9015105971929178,0.9160828828650825,0.9040789148006043,0.9144377388467498,0.9148164687115954,0.9144377388467498,0.8324114741351224,0.8544980502987172,0.8557464294546676,0.8544980502987172,0.8963549848121656,0.8011723157215869,0.8767061455331435,0.8775983211725212,0.8767061455331435,0.6083619214051044,0.4821593324336242,0.5945101777644229,-0.6074929053752747,0.5930199783210691,0.5707723377649522,0.5700205382575622,0.5707723377649522,-0.12960185678188066,0.8754157043596427,0.8982175971150985,0.8826385537119524,0.908540733359854,0.19012033563469777,0.8754817476460001,0.8766285972902766,0.8754817476460001,0.8825006294566162,0.8825006294566162,-0.16783711281101776,0.6573785411618447,0.04460644339516383,-0.667225464389823,-0.6345472336671542,-0.6350966157640079,-0.12399194111212893,0.11585247387208907,-0.1639675337051515,-0.18672438946791892,-0.5622091717103685,-0.34752451500325215,-0.8546806811009278,-0.5369918139175095,0.11223022758803226,0.11296280669917906,-0.5911934355955742,-0.5812288710634219,-0.5297665567880401,-0.5514302536019858,-0.7866032382711816,-0.5831678156870596,-0.5860971527061595,-0.5831678156870596,-0.2411747346719915,-0.337852605632968,-0.337852605632968,-0.7538073279616081,-0.7538073279616081,0.3739957855402575,0.613161980988279,0.8084114662028704,0.7894461504455675,0.7560887631790167,-0.43416072775900255,0.6026046141895387,0.6770943400069916,0.6775491117489225,0.6770943400069916,0.014773133088783095],[1.0,0.9999864316333127,0.6224345547620661,0.9997134543160336,0.9977881734207238,1.0,0.9917804911830013,0.9878212299099409,0.9878212299099409,0.9924594090386406,0.9752294343720805,0.9853330980218834,0.9918207272036778,0.9922625343617031,0.9918788235678233,0.885755795040753,0.8500134517188049,0.36930998281553407,0.992789262130253,0.9927762975503196,0.9849521600250574,0.9918084738876342,0.4576376805269516,0.7070534306543537,0.9801435819648757,0.9801435819648757,0.9801241499888317,0.9707514365599157,0.35736590935812024,-0.0937172119647585,0.9895741193274865,0.9895367626042403,0.3090654120510426,-0.16514303015348414,0.9943528527864648,0.9950908320447517,0.8315431046065144,-0.37541581806185625,0.9896486294871113,0.9949931767083584,0.8791507547095984,0.3506667311499335,0.9945123316256016,0.9945012302804216,0.9945123316256016,0.8848020065874047,0.6590027677848405,0.8852863077206262,0.8931875036608703,0.8029979399690411,0.37782241122470567,-0.1566228135840725,0.19560968423043418,0.9452414237553121,0.4181129795519866,0.9753503361191033,0.9701792164342589,0.9796541870872807,0.9896974975949714,0.9237853734305599,0.9275276144522727,0.9400236826766818,0.9213204013821792,0.9371781088348667,0.9378743375034484,0.9371781088348667,0.8668049657907735,0.9149244637164188,0.9159236246601822,0.9149244637164188,0.9114012452358964,0.7637116796088922,0.8845413600037234,0.8859925875514649,0.8845413600037234,0.6603082799708917,0.341665668322522,0.6413420781960633,-0.5735945889653093,0.5449593640374183,0.5801374709984431,0.5809389180749673,0.5801374709984431,-0.10450179771114901,0.8993520888630018,0.9318013018853873,0.9143501466451456,0.9251971299950815,0.35533802007109705,0.8952334961137847,0.8961904128764151,0.8952334961137847,0.9014512850762334,0.9014512850762334,-0.12208756082690285,0.583975237331425,0.18473228240425776,-0.6248236508894035,-0.575702516043763,-0.579330676739364,-0.07820286884970558,0.09764895779917322,0.23657508049293352,0.07649637068939366,-0.47242628447740775,0.02392079917042866,-0.7951550867887499,-0.24304119587984552,0.15429459364294612,0.15512410086605574,-0.5565799610712998,-0.5920620834029356,-0.24305295566030918,-0.5007196963083882,-0.8232718470570766,-0.376187524722476,-0.3679625736637993,-0.376187524722476,-0.1915941337376207,-0.2924460673847542,-0.2924460673847542,-0.8112498833150573,-0.8112498833150573,0.40030318704571344,0.6442281353778722,0.8639751084844941,0.8457706188395747,0.7746786837073765,-0.2891992242665504,0.7565255628795314,0.7942321484480306,0.7945299200497888,0.7942321484480306,-0.22703110188499617],[0.9917804911830013,0.982106106386254,0.6073286106120841,0.9931949070193066,0.997059301879379,0.9917804911830013,1.0,0.9973948232411223,0.9973948232411223,0.9999697708190157,0.9572045063964209,0.9996559958748451,0.9999964514601597,0.9999859693522402,0.9999931009019587,0.9264335570705549,0.9176981942981125,0.3124837653723421,0.9998531142003322,0.9998532397947337,0.9893766164179549,0.9999966330937976,0.3606718376840762,0.710371090867555,0.985204058780191,0.985204058780191,0.9859515826521796,0.9894536139894685,0.27874768925900173,-0.15700548751269963,0.991688146450725,0.9915205635471324,0.20463140803834917,-0.21445653919519403,0.9993260009015099,0.9994310755611848,0.4002834900590828,-0.3175527501686863,0.9989199298579875,0.9993786643968129,0.9162312739255893,0.2921155482042227,0.9383968674444753,0.9990671933973921,0.9383968674444753,0.9071461782071355,0.6150178439927081,0.9285830914422274,0.904615347540948,0.7164813377336039,0.4090046533911497,-0.10243682571100414,-0.20347576274545712,0.9258871623985974,0.3658040202417778,0.9676674601195047,0.9619410318337778,0.9781380055784765,0.995812087637871,-0.05415530242886996,0.8587355548425151,0.8223721673753666,0.8692784744923356,0.8164893620444664,0.7809264783904418,0.8164893620444664,0.7932391632240552,0.7841579391017335,0.7767039997639873,0.7841579391017335,0.8598008735773488,0.3561249234411773,0.5658144638924157,0.6360388765346701,0.5658144638924157,0.5771669977392029,-0.35112183579504047,0.5444646206774779,-0.6414957722581791,0.4673735802343782,-0.10671569470363684,0.4132207452108713,-0.10671569470363684,-0.15310250440451528,0.8371104886451822,0.8554780656430213,0.8413736679928097,0.7557405865671603,0.2987148176825542,0.8377096126913047,0.8392759388291718,0.8377096126913047,0.7510277538239285,0.7510277538239285,-0.20434715253050512,0.7015013527896515,0.24744541590257435,-0.6466566405343741,-0.6237456203766527,-0.626832831840795,-0.1373475682859536,0.042383882583842424,0.3400409370148189,0.02947520757159377,-0.5039097282715191,0.07436030035324669,-0.8276273689333582,-0.15155801888050519,0.07604876344560209,0.07698482019788348,-0.6067370413007579,-0.5968886345519883,-0.08184288960786087,-0.5866650992156974,-0.8381515427336478,-0.3716017816383155,-0.2020795421538059,-0.3716017816383155,-0.27473869325555905,-0.3475060801037854,-0.3475060801037854,-0.8306575808101886,-0.8306575808101886,0.37341041621140847,0.5942461337618367,0.5036902161424072,0.8044973008008339,0.7488929468481366,-0.35525840338337744,0.06379697641806935,0.7550916951830542,0.7740301551276444,0.7550916951830542,-0.14136148569084564],[0.9878212299099409,0.9749838935771684,0.5976110241621396,0.9897049637838709,0.9953703334564492,0.9878212299099409,0.9973948232411223,1.0,1.0,0.9995292869724929,0.9499078944156136,0.998595751632706,0.9981616149536172,0.9993775059859072,0.9991002538789316,0.9244389329503016,0.9081591177716682,0.2906280115114068,0.9991480318543783,0.9991496173049526,0.9866583266872985,0.9992447851434482,0.33501497584255346,0.7108859887558939,0.9924327380022032,0.9924327380022032,0.983919817272159,0.9862115092887481,0.26108823288897615,-0.1706332873330772,0.9879690405013597,0.9913926617845706,0.18579131195801013,-0.22037134116931245,0.9982523563764614,0.9982024474158183,0.3814717886680446,-0.32444605989017467,0.9967978161337655,0.998112103110891,0.9146028621826968,0.26982674588250033,0.9304970151627981,0.99808040450306,0.9304970151627981,0.904621354363245,0.5996539654586365,0.9288977876826587,0.901216067069087,0.6925750585732472,0.39587039231818977,-0.11764629364884462,-0.21639600191245542,0.9170551343839177,0.34513713450668987,0.9629609738733413,0.9565975354283008,0.9729276222393988,0.9948683921414567,-0.06423423852308838,0.846658125155122,0.8058615578489988,0.8605495811051197,0.801119116693116,0.7684087756720498,0.801119116693116,0.7804519570356984,0.7649474504049688,0.7629383854168339,0.7649474504049688,0.8513109673541321,0.3362369985424577,0.5449337104699679,0.6193072436184947,0.5449337104699679,0.5637669124905242,-0.36603895042755713,0.5293305494605722,-0.6494866806734092,0.4591746852194529,-0.12908070169685484,0.39657821469989085,-0.12908070169685484,-0.15999050428295816,0.8268828554006215,0.84020619625075,0.8283213680432572,0.7407963087947259,0.2811214163496774,0.8280634539464798,0.8298270459249069,0.8280634539464798,0.733043885836535,0.733043885836535,-0.2198838392098046,0.7268307309787987,0.2548404021524459,-0.6561910570785843,-0.6367954446472065,-0.6396940782762675,-0.15232727961802497,0.034517923916006936,0.3330840340362311,0.010157639751586074,-0.5167809140873171,0.06505456161446499,-0.8338477025887112,-0.15807798188598318,0.06048537214729079,0.06144439024938468,-0.618641855406281,-0.5980137720824074,-0.08873217321001084,-0.603852863638715,-0.838009330868642,-0.3832670497728007,-0.20834159022058701,-0.3832670497728007,-0.29253444323401073,-0.36142560220837144,-0.36142560220837144,-0.828938845571502,-0.828938845571502,0.35299425776311333,0.5770847590336803,0.48479547593375516,0.7865701171506437,0.7360984646787668,-0.3772320414499398,0.04958692809053694,0.7358785892590035,0.7582319887222343,0.7358785892590035,-0.12413884162277723],[0.9878212299099409,0.9749838935771684,0.5976110241621396,0.9897049637838709,0.9953703334564492,0.9878212299099409,0.9973948232411223,1.0,1.0,0.9995292869724929,0.9499078944156136,0.998595751632706,0.9981616149536172,0.9993775059859072,0.9991002538789316,0.9244389329503016,0.9081591177716682,0.2906280115114068,0.9991480318543783,0.9991496173049526,0.9866583266872985,0.9992447851434482,0.33501497584255346,0.7108859887558939,0.9924327380022032,0.9924327380022032,0.983919817272159,0.9862115092887481,0.26108823288897615,-0.1706332873330772,0.9879690405013597,0.9913926617845706,0.18579131195801013,-0.22037134116931245,0.9982523563764614,0.9982024474158183,0.3814717886680446,-0.32444605989017467,0.9967978161337655,0.998112103110891,0.9146028621826968,0.26982674588250033,0.9304970151627981,0.99808040450306,0.9304970151627981,0.904621354363245,0.5996539654586365,0.9288977876826587,0.901216067069087,0.6925750585732472,0.39587039231818977,-0.11764629364884462,-0.21639600191245542,0.9170551343839177,0.34513713450668987,0.9629609738733413,0.9565975354283008,0.9729276222393988,0.9948683921414567,-0.06423423852308838,0.846658125155122,0.8058615578489988,0.8605495811051197,0.801119116693116,0.7684087756720498,0.801119116693116,0.7804519570356984,0.7649474504049688,0.7629383854168339,0.7649474504049688,0.8513109673541321,0.3362369985424577,0.5449337104699679,0.6193072436184947,0.5449337104699679,0.5637669124905242,-0.36603895042755713,0.5293305494605722,-0.6494866806734092,0.4591746852194529,-0.12908070169685484,0.39657821469989085,-0.12908070169685484,-0.15999050428295816,0.8268828554006215,0.84020619625075,0.8283213680432572,0.7407963087947259,0.2811214163496774,0.8280634539464798,0.8298270459249069,0.8280634539464798,0.733043885836535,0.733043885836535,-0.2198838392098046,0.7268307309787987,0.2548404021524459,-0.6561910570785843,-0.6367954446472065,-0.6396940782762675,-0.15232727961802497,0.034517923916006936,0.3330840340362311,0.010157639751586074,-0.5167809140873171,0.06505456161446499,-0.8338477025887112,-0.15807798188598318,0.06048537214729079,0.06144439024938468,-0.618641855406281,-0.5980137720824074,-0.08873217321001084,-0.603852863638715,-0.838009330868642,-0.3832670497728007,-0.20834159022058701,-0.3832670497728007,-0.29253444323401073,-0.36142560220837144,-0.36142560220837144,-0.828938845571502,-0.828938845571502,0.35299425776311333,0.5770847590336803,0.48479547593375516,0.7865701171506437,0.7360984646787668,-0.3772320414499398,0.04958692809053694,0.7358785892590035,0.7582319887222343,0.7358785892590035,-0.12413884162277723],[0.9924594090386406,0.981946116148576,0.5316248699635967,0.9941327075325355,0.9972536245906134,0.9924594090386406,0.9999697708190157,0.9995292869724929,0.9995292869724929,1.0,0.9560852735882974,0.9996147156029391,0.9999707534046495,0.9999696104509165,0.999974837052388,0.8598796622176347,0.8082555820660564,0.1991199833009103,0.9998041284068433,0.9998047010683356,0.9892258955065465,0.9999678427281548,0.14722139582571944,0.6787382891939622,0.9948018302416706,0.9948018302416706,0.9947545103360298,0.9892866978389677,0.11155374377327115,-0.09534827048612865,0.9904093718339163,0.990370605989469,0.023333314395276025,-0.1722962751109818,0.9993626516673534,0.999320474962401,0.7887273880854948,-0.5042065888993967,0.9988464769960799,0.9993564523190939,0.8450276535127313,0.1755126515218106,0.9992161308678806,0.9992213404027698,0.9992161308678806,0.9071632030126334,0.6157017411212887,0.9285797834733291,0.9043845428249976,0.7158943951661607,0.006964993637966473,-0.5349923187066487,-0.16804556086085579,0.9214929960516574,0.31263135892704874,0.9627502301975075,0.9620316653672082,0.9797928893195829,0.995021248106161,0.8734959654308828,0.8595110788224212,0.8906912163125753,0.8701757677402016,0.8890806537743379,0.8897298251020478,0.8890806537743379,0.7925505044871227,0.8363412108408571,0.8379173939290888,0.8363412108408571,0.8611603916974874,0.7638357626440504,0.8476825676561571,0.8489833842121751,0.8476825676561571,0.576606569799561,0.4097203880362536,0.5435031324684659,-0.6582696891203433,0.5235812449765053,0.48869851813686827,0.48854256376814853,0.48869851813686827,-0.11043341687532879,0.8376739698838697,0.8553735529369162,0.841718520570825,0.88278663994229,0.2185261105375095,0.8433141305855522,0.845391260863478,0.8433141305855522,0.8504171446417964,0.8504171446417964,-0.20625255864825934,0.7020799403948146,0.06985857060708697,-0.6588978662281137,-0.6614069858643418,-0.6624070225818947,-0.1409266577678445,0.045399872921794496,-0.17009045775726359,-0.15517543100769776,-0.5473463006843673,-0.37677858526189634,-0.871199284029553,-0.5739388425036953,0.07507903467811103,0.07635145125392305,-0.6084496298923056,-0.5929629414796747,-0.5395697752626085,-0.5885077072039335,-0.8090324933485002,-0.606533321278575,-0.6088255248942439,-0.606533321278575,-0.2772270616982568,-0.3510106298162915,-0.3510106298162915,-0.7886946008580575,-0.7886946008580575,0.3741224015750494,0.5929443182320258,0.8175951151185343,0.8012969442893323,0.7473028923383814,-0.38313172496602776,0.6362597288515652,0.7001834486727779,0.700342777517525,0.7001834486727779,0.09483514458453031],[0.9752294343720805,0.9660069154958306,0.4835537405926632,0.97311848808519,0.9643938794214105,0.9752294343720805,0.9572045063964209,0.9499078944156136,0.9499078944156136,0.9560852735882974,1.0,0.9371997939544162,0.9572292987518947,0.9572414559536312,0.9569212135779394,0.7221706552553787,0.6582788604855844,-0.011866373067375077,0.9620455367000545,0.9620238662142675,0.9573550925321699,0.9573471247978409,0.08173689786070168,0.7215036674620349,0.958921712987926,0.958921712987926,0.9591136884923608,0.8694910657562941,0.22434453288700795,-0.07582462414077751,0.9648074985518142,0.9649201230823932,0.1864557531265246,0.11257317832484735,0.9659613819685668,0.9662244311429231,0.8718345614573605,-0.4111728057693325,0.9467625917718945,0.9651024693955251,0.7067664553191033,-0.03359950039269432,0.9671753578527872,0.9671418816160385,0.9671753578527872,0.7983559309462457,0.41286317052413696,0.7936072979671688,0.8795520939011672,0.8399362626798678,-0.537732735307404,-0.683691989275403,-0.27236326869536803,0.8799787134296737,0.016764723902653135,0.9120523435746805,0.9121155590105746,0.9320711341772283,0.9630789523313533,0.8771141926913413,0.8757470868770335,0.8988002783003869,0.8800280831633462,0.8917302872843444,0.8924261041103454,0.8917302872843444,0.8287565029138595,0.8099449425214069,0.8118177393010283,0.8099449425214069,0.8734856718606849,0.8905654856786253,0.8718326650841013,0.8725025127267516,0.8718326650841013,0.6667478257418584,0.591271202301762,0.6677183844887798,-0.35792547406673136,0.6888997552900182,0.7061350961151021,0.7087271892790031,0.7061350961151021,-0.27082605797425935,0.8773988396825416,0.9329738399733748,0.8929748703136656,0.890477200373784,0.07702885578483087,0.8705979353949186,0.8717543156766036,0.8705979353949186,0.8804570698359444,0.8804570698359444,0.0315917833124248,0.3678077215309642,-0.09849045467892636,-0.5832893928545567,-0.41768549168592983,-0.41977692692883406,0.009761786610527987,0.411472393960945,0.06338744880602393,-0.10351398489281943,-0.45266994776479597,-0.04164973377142,-0.8030820081403424,-0.20347457196815538,0.2972326168122172,0.29666906944277693,-0.38396947793859626,-0.4357571672108992,-0.3432649063532367,-0.35178951506092443,-0.6737382458734302,-0.3636350709473258,-0.3659237222202414,-0.3636350709473258,-0.08297907369265328,-0.388295189663676,-0.388295189663676,-0.5388374363947182,-0.5388374363947182,0.5447591890288387,0.6605525851130913,0.7563563314765678,0.6800525611867645,0.8267671463378037,-0.4756705757647253,0.3883644491933329,0.5489469953436112,0.5492305700576765,0.5489469953436112,-0.21297997626663312],[0.9853330980218834,0.983821163726402,0.9963877185140316,0.9892925789308182,0.9961361597566633,0.9853330980218834,0.9996559958748451,0.998595751632706,0.998595751632706,0.9996147156029391,0.9371997939544162,1.0,0.9996537783239887,0.9996495749203291,0.9996146738515566,0.5723345351680047,0.49368615094609913,-0.45269543254451455,0.999783061779328,0.9997864520455451,0.9996599307236705,0.9996598234379889,-0.19031635129619823,0.9683141462639797,0.9938040025329917,0.9938040025329917,0.9937827846139757,0.991762945207805,0.1497726144670766,0.13282949519080103,0.9905324201110272,0.9905801719332645,0.9762087088913044,0.10038842770839468,0.9989093490195573,0.9988586722386978,0.9987117950229124,0.999312730566513,0.9993365002148322,0.9989405763079906,0.5311140553155547,-0.46185692755571783,0.9986545357271049,0.9986640197187293,0.9986545357271049,0.9006818534210991,0.45851255329850854,0.9246637747033977,0.9022038271846247,0.7168258127722427,-0.48665345597251586,-0.632072575272347,0.7985303755054105,0.8228290460095636,-0.3250595919314485,0.9250886835939067,0.9253102028086522,0.9651285021181822,0.9928467649870192,0.8816090935054418,0.8897053441831769,0.8628816773140404,0.8644983570022795,0.870436455129359,0.8712106418140302,0.870436455129359,0.7288126333481748,0.6898522896966317,0.6923132530094199,0.6898522896966317,0.8891491815978432,0.8964802156594354,0.8881210556275777,0.889374824678349,0.8881210556275777,0.4200132072134699,0.35114525437615485,0.46772127246414413,0.5806482861366198,0.4692118584062948,0.5048638766865827,0.5071066431751077,0.5048638766865827,-0.384590517221365,0.8178549186476598,0.8596374563655267,0.843447263492521,0.8890946901255758,-0.24648269226807404,0.8120634002885729,0.8125109592239453,0.8120634002885729,0.8240072336885435,0.8240072336885435,-0.2613246737687783,0.6937136326266313,-0.38195087999359173,-0.7526205224634128,-0.5387189516392663,-0.5411630986229999,-0.3890571576527702,0.19783723586428,-0.28418781333985904,-0.48559161271714507,-0.7035373807262837,-0.3700530428086209,-0.60548764767723,-0.4375905600565999,0.06941132727744807,0.06630874783277053,-0.5599121350880624,-0.5278895031670787,-0.5478233515009803,-0.5828292698884356,-0.5765954277527385,-0.551076379727958,-0.5542561723133373,-0.551076379727958,-0.4248454820702223,-0.6086555292947529,-0.6086555292947529,-0.6087342789799135,-0.6087342789799135,0.3694647821560082,0.3451593890194489,0.4704313895406041,0.5590155061530101,0.538573120066919,-0.5627835971081299,0.29512985902769817,0.299090269842116,0.2992558961517645,0.299090269842116,0.20961111714112923],[0.9918207272036778,0.9821514097264975,0.6073492194823431,0.9932239541501687,0.9970777786811976,0.9918207272036778,0.9999964514601597,0.9981616149536172,0.9981616149536172,0.9999707534046495,0.9572292987518947,0.9996537783239887,1.0,0.9999898227843459,0.9999948356342644,0.926419091930232,0.9126799743799145,0.31254769739341787,0.9998543775722797,0.9998544677624495,0.9894141367189163,0.9999972118907079,0.36098459052439646,0.7104379141940406,0.9904532798436719,0.9904532798436719,0.9859415819275176,0.9894332124099245,0.27900588396209497,-0.15694984682126661,0.9917036905125858,0.9915312590262412,0.20486394397034716,-0.21441756418321772,0.9993279156007217,0.9994347086405458,0.40025952535237763,-0.3173401670822709,0.998921247248312,0.9993861748290267,0.9162099392017804,0.29218597728649515,0.9383818216410622,0.9990696679794441,0.9383818216410622,0.9071725753615548,0.6151597086488476,0.9288085697892031,0.9048410368680782,0.7166063816498622,0.40939173333772744,-0.10199256073721208,-0.20310953626616907,0.9259613661940542,0.36587756911564456,0.9677582586926775,0.9620032048534527,0.9782250059925576,0.9958260459245398,-0.05396372228457692,0.8588868837552773,0.8224724465171079,0.8693960188203969,0.8165882510646398,0.7808705091280592,0.8165882510646398,0.7933269035111626,0.784216410036046,0.7766420760573024,0.784216410036046,0.8599543434739811,0.356004405584984,0.5658250215410521,0.6359544331896528,0.5658250215410521,0.5771186186514409,-0.3511405873985242,0.5444339216589754,-0.6413893106410417,0.46727430964525224,-0.10684235064950251,0.413258016753814,-0.10684235064950251,-0.15324857822211413,0.8371869758173324,0.8556109955916732,0.8414707341807616,0.7557335290582928,0.29878334346259133,0.8377950824289289,0.8393561850221984,0.8377950824289289,0.7511011899611771,0.7511011899611771,-0.2043110013950766,0.7014843133451394,0.24755466705936138,-0.6466862989534428,-0.6236619478475751,-0.626754581988465,-0.13743240002717136,0.0422539747839336,0.3402073430741013,0.029490372910838177,-0.5039633300572216,0.0746149095741669,-0.8273658214015003,-0.15127339004970547,0.07610487347023688,0.07705703866380964,-0.6067233572988266,-0.5966947721536559,-0.08160028674621131,-0.5866361037298011,-0.8380435282417797,-0.3713807450276636,-0.20187816535958314,-0.3713807450276636,-0.27459900834396617,-0.34747480303844813,-0.34747480303844813,-0.8306025744981534,-0.8306025744981534,0.37386248496975816,0.5943768875405999,0.5039335949392814,0.804747457401076,0.7489587555736297,-0.3550471473192014,0.06407684464114868,0.7553371785659652,0.7741432682560553,0.7553371785659652,-0.1413855217627471],[0.9922625343617031,0.982070397747869,0.5952434373948017,0.993983256617997,0.9971584642101026,0.9922625343617031,0.9999859693522402,0.9993775059859072,0.9993775059859072,0.9999696104509165,0.9572414559536312,0.9996495749203291,0.9999898227843459,1.0,0.9999870449220459,0.8924201104706878,0.8516543091375897,0.3146961582574133,0.9998779418374999,0.999878544873611,0.9894064742286284,0.9999869263358061,0.36383395887641834,0.7057864262110405,0.993496936020471,0.993496936020471,0.9934578287246327,0.9893316114215831,0.2741237558021887,-0.1582159432469392,0.9918412711519726,0.991849373107118,0.22863957382693192,-0.21480631537969427,0.9995018719042567,0.9994358298959269,0.8330912224213003,-0.4125575311937343,0.9989166909449847,0.9993914008204846,0.8816834655324185,0.2943770015787384,0.9993881878949268,0.999392695846634,0.9993881878949268,0.9074335141084799,0.6153245951842383,0.9287707483031785,0.904690853682748,0.7160304068370625,0.2898857313024988,-0.27419373198495006,0.09061428307222646,0.9259484909742939,0.3668379723177058,0.9644594895429642,0.9620331293355784,0.9766593250001835,0.9960672694994321,0.8823721123007129,0.8578740077414466,0.8965146473689625,0.8692552430385205,0.8955716034641573,0.8964692046802772,0.8955716034641573,0.7923613426220492,0.8601791771316453,0.8617026461631129,0.8601791771316453,0.8596829859971746,0.7475533702096013,0.8549957465523474,0.8567117452632574,0.8549957465523474,0.576458620696537,0.42167523245199817,0.5429389646496926,-0.6474785506358516,0.465655904106561,0.4786434626652084,0.47992112237818346,0.4786434626652084,-0.15504051316679796,0.8369196904412124,0.8551157775978093,0.8408437448977041,0.889679711334008,0.30158092392822183,0.8376415344653798,0.8395083706749832,0.8376415344653798,0.849660959489168,0.849660959489168,-0.2047767821303066,0.7005535486798722,0.16920851195986747,-0.6452785894151134,-0.6232893863252685,-0.626204462093041,-0.13733719358590976,0.04124782268878846,0.11879248722820601,0.03116322340127472,-0.502059086971191,-0.1113693045432489,-0.8398770063488387,-0.3732213623991697,0.07546171536208696,0.0767757434693164,-0.6067835776802705,-0.595998883735961,-0.3759003018507762,-0.5864052272847073,-0.8321022396073313,-0.4923386674362192,-0.4879104869066377,-0.4923386674362192,-0.2743657218469887,-0.34767970711076734,-0.34767970711076734,-0.8230232784298724,-0.8230232784298724,0.37352474434020866,0.5947319206125424,0.8271976896507266,0.8091711577075885,0.7496117566798312,-0.3544052716636612,0.7054917667087455,0.7460535982326363,0.746134751879586,0.7460535982326363,-0.10942067731896159],[0.9918788235678233,0.9819756039786596,0.6076091686290083,0.9932567982063251,0.9971070648087291,0.9918788235678233,0.9999931009019587,0.9991002538789316,0.9991002538789316,0.999974837052388,0.9569212135779394,0.9996146738515566,0.9999948356342644,0.9999870449220459,1.0,0.9218764924279295,0.8908566523613943,0.3126534136286815,0.9998570962208032,0.9998570897332817,0.9895569332461824,0.9999947807650665,0.36163559208242096,0.7102965783816075,0.9937847041342409,0.9937847041342409,0.9936843356424058,0.9893397431406644,0.2792625502926441,-0.15698868300342952,0.9924893520075931,0.9925344094204371,0.20560576378701073,-0.21425109236040435,0.9993752434719707,0.9994333980208395,0.399259399576527,-0.31653352365042026,0.9988698613524607,0.99938880382938,0.9151824540680749,0.29231524918964286,0.9379092506976718,0.99912247541179,0.9379092506976718,0.9074339991139387,0.6158396622888469,0.9290844604913358,0.9051253791620838,0.7163362482188362,0.4107605388928906,-0.10044504199471795,-0.20331534095914475,0.9263244570738393,0.3661425995974807,0.9681573808507443,0.962329160632254,0.9784983198112613,0.995862422520868,-0.05496461197065385,0.8591703179253095,0.8223963746119185,0.8696411253478787,0.8165490557268346,0.780454839973678,0.8165490557268346,0.7935267605750185,0.7841698079652556,0.777032386710652,0.7841698079652556,0.8602845774653591,0.3553424353616678,0.5653366224138028,0.6359759711820993,0.5653366224138028,0.5769788425645958,-0.3522862929024562,0.5443715829492056,-0.6415477457856767,0.4669197278870139,-0.10782284370807252,0.41292178837210336,-0.10782284370807252,-0.15319497086800057,0.8373272653667541,0.8553225958563379,0.8416012531352968,0.747110580528328,0.29914407107939717,0.8379115999148364,0.8394622712703469,0.8379115999148364,0.7509193844017518,0.7509193844017518,-0.2057691630857921,0.7022760375400764,0.24804459214725935,-0.646683625453897,-0.6240265340131299,-0.6271234812729992,-0.13856221602575267,0.04106260996742779,0.3405127553440387,0.029056677132080194,-0.5042082337204536,0.0746951494833356,-0.8265430238756196,-0.15111653049712315,0.07512712369983762,0.07607510900287448,-0.6073264300761234,-0.5969277143152264,-0.08103088723845063,-0.5878565506787283,-0.8380402870257212,-0.371318860755748,-0.20133051564715343,-0.371318860755748,-0.27552992303044455,-0.34793440624585403,-0.34793440624585403,-0.8309403808927137,-0.8309403808927137,0.37401407174311563,0.5940323943626129,0.5034163112039957,0.8051785301639243,0.7483882561033948,-0.3545985000285004,0.06342226384244873,0.7557341288571319,0.7747431718416418,0.7557341288571319,-0.14107220425455058],[0.885755795040753,0.49949315366789404,0.492281364012574,0.8856655910181628,0.837600256288668,0.885755795040753,0.9264335570705549,0.9244389329503016,0.9244389329503016,0.8598796622176347,0.7221706552553787,0.5723345351680047,0.926419091930232,0.8924201104706878,0.9218764924279295,1.0,0.9955413963050337,0.4037322261940689,0.9119047314530653,0.9119035847625018,0.8719752019310535,0.9213475204386522,0.32631253581402797,0.5419390432987664,0.9131401124563954,0.9131401124563954,0.9018155254401904,0.220451049591807,0.19055614141984625,-0.1945072491933439,0.9349419670971875,0.9336845982673385,0.1502374444786337,-0.2634586825501237,0.9243844129741594,0.8720179653912796,0.3141019286794285,-0.3203913035339822,0.5850773464827921,0.8551615975916752,0.9984624676544184,0.3852511042394675,0.8527196399597916,0.9241961419154568,0.8527196399597916,0.5364915490323319,0.5887324805965548,0.21033284910950473,0.19551398975092063,0.38505659771105516,0.4103309458834252,-0.06773920114363659,-0.21026406926518088,0.8371999342517532,0.404672497287262,0.9113332879653909,0.8541692347253373,0.901272575247688,0.9164367796034856,-0.0932016148489161,0.48823087202623106,0.7129218898127504,0.6694961104430283,0.7052520463171543,0.715365021652555,0.7052520463171543,0.