var element=document.getElementById("correlationClose");if(element.style.display!='none'){var correlationClose={"data":[{"type":"heatmap","z":[[1.0,0.9999852192743782,0.6023457814457486,0.9997121187897082,0.9976681222862014,1.0,0.99142349344587,0.9872820446201468,0.9872820446201468,0.9920969290714412,0.9742638526625398,0.9841428474732383,0.9914655522391111,-0.11011992901138555,0.9915261076340325,0.9255959358706285,0.9039331325132456,0.40066966791412106,0.9924749405766194,0.9924609116368089,0.9845571425273233,0.9914529601790396,0.4519728262229048,0.6912222409417987,0.9792858730806443,0.9792858730806443,0.9792649526721708,0.9669438494002928,0.335577354585515,-0.10824093467157321,0.9896483138183834,0.9896135482703542,0.29530529487811014,-0.18256263889912222,0.9941335784616441,0.9949258698118174,0.8238111766944386,-0.3816031330971774,0.9888856235622722,0.9947687805704309,0.9227050013442862,0.3823955728438757,0.994303925881781,0.9942914656067232,0.994303925881781,0.8877895436002426,0.6636835829896538,0.8820551925449832,0.8922420259715865,0.7980818802448767,0.3816530438691972,-0.14738206319800587,0.19382452852982548,0.9453594192470697,0.434945540673051,0.9762497757627412,0.9709247440756994,0.9796648427918488,0.9897386433198498,0.9203115074407395,0.9214124298625634,0.9373008334404777,0.916556105695878,0.9343185763601464,0.9350446443789062,0.9343185763601464,0.8581474393026224,0.9113184958235815,0.9123917320397277,0.9113184958235815,0.9055372616756272,0.7523356999762159,0.8792536883425555,0.8807652840534215,0.8792536883425555,0.6422263496190375,0.3264635646110071,0.62153826833352,-0.5828635057386597,0.5226851673152189,0.5653192277397274,0.5662887455314333,0.5653192277397274,-0.10507142890301008,0.8931744345700844,0.9256395257303526,0.907748312282715,0.9217646857559633,0.38924100265225814,0.8895132087870655,0.890553513905699,0.8895132087870655,0.8968970935969982,0.8968970935969982,-0.138285029929773,0.5714614554464208,0.18737933086132189,-0.6012860979314419,-0.5712639538171894,-0.5748346872453748,-0.06342498120159824,0.08345210483659717,0.24530669632976826,0.09832860338603329,-0.44045923053738556,0.03646663628417797,-0.7944070021015371,-0.2303838899247999,0.14582897417878224,0.14626522432122993,-0.5516962894812246,-0.5975080033368919,-0.2321594134099128,-0.4969408318083696,-0.8258363816675228,-0.3666303940503621,-0.3581617510277817,-0.3666303940503621,-0.192157262760866,-0.2802808875881012,-0.2802808875881012,-0.8138490744257589,-0.8138490744257589,0.40121930542002376,0.6505139379754679,0.8678666742302791,0.8482013743777731,0.7812361816575936,-0.2736646847199474,0.7606735012213317,0.7999932351516482,0.8003177282819809,0.7999932351516482,-0.23335238791330873],[0.9999852192743782,1.0,0.9734737450984631,0.9993129410062874,0.9945634883121218,0.999985219274378,0.9806274781819226,0.9728507768993369,0.9728507768993369,0.9804585958526264,0.9631030117784267,0.9824276774092721,0.9806773605794309,0.9806509674525953,0.9804824796698381,0.6559086992216847,0.601989889484343,-0.3243755868931843,0.9854339772509685,0.9854112346484954,0.980738669110118,0.9807319264628128,-0.1046756512181342,0.9723054741695513,0.9746289259845731,0.9746289259845731,0.9746921524524325,0.9671182177133665,0.11853098632630181,0.1730066216279048,0.9775472161256682,0.977620541297986,0.9734679330075714,0.18389486871000804,0.9888738304274107,0.9889399239820422,0.9896316118324092,0.9823926023516518,0.9875646970848123,0.9889886950678058,0.632134176826255,-0.33038392121923427,0.9896946280926574,0.9896794279105724,0.9896946280926574,0.8878791863595691,0.5299833620028391,0.8825132587467444,0.8925214643994936,0.7974044932681774,-0.4067931436947741,-0.5329459941112714,0.8259948061088784,0.8602431783615336,-0.21013539632978512,0.93426878347924,0.934374767810709,0.9460442131753617,0.9737588525504883,0.9335311553042527,0.9423529633564481,0.9229754617482705,0.9224433062542413,0.9289257932766108,0.9295725597687702,0.9289257932766108,0.8052111156169973,0.7683584027780912,0.7706431786452212,0.7683584027780912,0.93644988418118,0.9409707929633214,0.9364895214319353,0.9375770072473333,0.9364895214319353,0.4960653144333928,0.43668198867905283,0.5519468724977076,0.6535225997470404,0.5435240117957936,0.5774451198788797,0.5782902104934929,0.5774451198788797,-0.21432136003768856,0.8853597223292222,0.9175110547009138,0.9058315497096969,0.9399518658156935,-0.16562360465312798,0.8802578627316852,0.8806246862612224,0.8802578627316852,0.8901450630113888,0.8901450630113888,-0.2352085421550944,0.5720455589601604,-0.3704613211284708,-0.7014823541994016,-0.46618515783123426,-0.4696087401091652,-0.32559573442637335,0.24537318748170417,-0.22961949014021496,-0.42853370985915906,-0.6422083789746188,-0.3058399893013547,-0.4922868915550905,-0.3611332803358308,0.12434427611508204,0.11987670583162356,-0.4912005217227782,-0.4496821017542328,-0.4779897022692597,-0.5080310815820237,-0.5004100738072808,-0.4800180386615519,-0.4833099641155497,-0.4800180386615519,-0.3566620942712517,-0.5078694343643048,-0.5078694343643048,-0.47922187707237124,-0.47922187707237124,0.4015491641364056,0.40089442858999846,0.5133759208243874,0.5979967802586749,0.5635274014718021,-0.40805883711033664,0.37256974445664576,0.3561271446203804,0.3562421004392184,0.3561271446203804,0.10793951865400318],[0.6023457814457486,0.9734737450984631,1.0,0.596956086007428,0.5016557703585773,0.6023457814457485,0.5885924070562191,0.5781427310927273,0.5781427310927273,0.5036481613464642,0.45042281122649636,0.9966784902314155,0.5886145136238049,0.5091898180125439,0.588897846815199,0.5198805994211871,0.536656083529806,-0.1370903295982927,0.5398044132687044,0.5389127793412724,0.4969040286298573,0.5875409347772237,0.2245151816281191,0.7280768526751843,0.5595693949755808,0.5595693949755808,0.5593064789408113,0.9860860571784988,0.32367641051024776,0.1803226645339378,0.5505843316307357,0.5501372932041201,0.7616127332333245,0.02467318169784414,0.5860569642348752,0.5008406994395475,0.5656140638873567,0.34165334979479817,0.99423707643589,0.49102417313210406,0.5147494067971167,-0.14429954775462653,0.6023796949880574,0.5840418787686418,0.6023796949880574,0.8907955880383602,0.39281013133144493,0.9135182198007558,0.8825249643227013,0.6683731666050202,0.20319176817197313,-0.030171878150267305,0.05324511206134336,0.45572058907716473,-0.08034914493033185,0.5394735356886742,0.4843113935562251,0.5138664215115432,0.4701605250309015,-0.05274442937877472,0.7254635277246405,0.6691655857675338,0.5347293416658532,0.6753061050850058,0.7267740700683095,0.6753061050850058,0.3963642337768957,0.571524003725888,0.6579061748167552,0.571524003725888,0.6049474712389085,0.6364417599288902,0.6805569729154303,0.744433170652663,0.6805569729154303,0.2618595688825521,-0.08672455812269009,0.28045907499748235,0.12967387389365684,0.28084333569212994,0.2612113001699777,0.4229102227820517,0.2612113001699777,-0.17346165383533244,0.4948498485096761,0.8345660059111102,0.5776755331513906,0.7427498042512872,0.02781191599736495,0.5523506333937513,0.5522539970308847,0.5523506333937513,0.6566569993626007,0.6566569993626007,-0.2587124304297484,0.720522323630625,-0.21189509086913547,-0.5969810065292238,-0.405261439744687,-0.4087926333993412,-0.398719921126124,0.0451846826641365,0.024241726182683294,-0.283621863336708,-0.578279835284924,-0.14402198154814175,-0.25522913612293935,-0.22562883686341206,0.008048373068941586,0.004731947532919087,-0.4634397783032277,-0.012984423847578657,-0.23311299678550487,-0.4939457187549991,-0.1413362791572192,-0.37361142409708376,-0.25073750234958286,-0.37361142409708376,-0.42312748838576925,-0.5156296372383347,-0.5156296372383347,-0.26020755479286817,-0.26020755479286817,0.335665237884237,0.15566284459794621,0.2574996206120772,0.4987665460946736,0.24117080997654636,-0.33103371296102013,-0.03079860694419753,0.451535402519746,0.562168761925652,0.451535402519746,-0.04675790762779795],[0.9997121187897082,0.9993129410062874,0.596956086007428,1.0,0.9987408801794256,0.9997121187897081,0.9929149280814734,0.989244661307497,0.989244661307497,0.9938847100312621,0.9721426999810516,0.988510124253081,0.9929453696131966,-0.11399515250339896,0.9929795236787924,0.9263875610968814,0.9046219641013806,0.3862407075651804,0.9937565236713417,0.9937450733791283,0.9848811691157612,0.9929257941241526,0.44347748220392796,0.6949493123621605,0.9821076925345671,0.9821076925345671,0.9820867459344742,0.9754857091260892,0.33123946292888024,-0.11504331765868238,0.989235810486423,0.9892108826868289,0.28733938127523084,-0.18301393502794328,0.9948504331315843,0.9958924453830604,0.7856912783429497,-0.38693671446930833,0.9920657995300304,0.9959706832920961,0.9226446830832449,0.36762325646052413,0.9925766380321309,0.9949129505756451,0.9925766380321309,0.885922035156334,0.651094408486567,0.888926665081107,0.8895042327385606,0.7772279788706783,0.3763145196237264,-0.15306619545509137,0.1876409426337306,0.9396776203236693,0.4189063945745259,0.971899416325721,0.9680864477165805,0.9776331066501325,0.9899684933065929,0.8976845220324408,0.9136979079414973,0.9233127612802331,0.9120430068122704,0.9159939734089872,0.916999690428098,0.9159939734089872,0.849212010875444,0.8984124133030323,0.8995959325058739,0.8984124133030323,0.9016234707055363,0.6887390759459898,0.8377816282604547,0.8393294015808006,0.8377816282604547,0.6329420616756171,0.1125532573852732,0.610426006309966,-0.5877960401519426,0.5168057471273281,0.30445539358982265,0.5351566118039311,0.30445539358982265,-0.1117943214253134,0.8871341241551233,0.9165333194800285,0.8988812067455649,0.8969297291485303,0.3755883110865087,0.884351947841394,0.8855428645835022,0.884351947841394,0.8760907251199794,0.8760907251199794,-0.14398896878699308,0.5956783588801002,0.19213448584773135,-0.61160521386319,-0.578730181025811,-0.5822052193521445,-0.07580794988037672,0.07833598264284626,0.2382553758903119,0.08544199441639423,-0.4529266241149875,0.029983596978683347,-0.8007672449411594,-0.23826365679537187,0.13524714672870333,0.13572508322696272,-0.5588912547144639,-0.5942567277786058,-0.23368455076912661,-0.50851699322522,-0.8279227191524895,-0.36828339749066485,-0.36038023838232536,-0.36828339749066485,-0.20126162444223228,-0.29022899801807345,-0.29022899801807345,-0.8138554303177137,-0.8138554303177137,0.3893391228993377,0.6387883241352319,0.8602178004768771,0.8406554459069329,0.7740019310428237,-0.28696227173441613,0.751755052473,0.7913426236244032,0.7916798018580524,0.7913426236244032,-0.21842511306276613],[0.9976681222862014,0.9945634883121218,0.5016557703585773,0.9987408801794256,1.0,0.9976681222862014,0.9969494557966412,0.9951551963245554,0.9951551963245554,0.997143721282602,0.9627236710579201,0.9958373579783188,0.9969685888731539,-0.3158690067376872,0.9969979843277165,0.8967650994871817,0.8625482281108341,0.1858540292046005,0.997509671891434,0.9975041910639759,0.9866521366792617,0.9969557188296005,0.08779865032599733,0.6635496794964048,0.9912573015240784,0.9912573015240784,0.9912157785227855,0.9870678790867069,0.09637837551958273,-0.09790199276812778,0.9872951002409124,0.987236726382156,-0.015023054891699222,-0.07813579923243585,0.9977585278646963,0.9976932337062346,0.7679601515702109,-0.5218985437696912,0.9973811280475697,0.9979854551279613,0.8875917396725517,0.1618468691559955,0.9977083618831132,0.9977095421950597,0.9977083618831132,0.9006792054117178,0.6128090958557151,0.9078661443492396,0.8936326589559234,0.7471577405829916,-0.09886516663341567,-0.5836032265807499,-0.22432078287118332,0.9261125336139737,0.27275341454635926,0.9660782234385141,0.9661714544195762,0.9789706604186602,0.9907642711986678,0.8941076058751531,0.8933789782991117,0.9112444762799131,0.8981809162982879,0.9094967673054918,0.9098887500125075,0.9094967673054918,0.8215184410971338,0.8464364088188391,0.8478035089348809,0.8464364088188391,0.889475889787859,0.7893022492911015,0.869546660868285,0.8704758061487892,0.869546660868285,0.5870143872583459,0.45601702638508695,0.5720387265206951,-0.6233132214394109,0.5708490596766584,0.5484438384022352,0.5477054197767887,0.5484438384022352,-0.13162027254397446,0.8675957417473535,0.8889713143847894,0.8735859798117624,0.9032365428022384,0.22663968350219124,0.868117559975596,0.8693250287285808,0.868117559975596,0.8755716917607946,0.8755716917607946,-0.18549056456539587,0.6497983597208906,0.046394997003919,-0.6451916233430656,-0.6328563639145633,-0.6332691823725973,-0.1105418703801181,0.10097184243303893,-0.1579326569851427,-0.1663548821556735,-0.5342085636149531,-0.3385746620375505,-0.8583354630532449,-0.5296340928146728,0.10247437807463924,0.10280231963549599,-0.5878363059922417,-0.5863067260539725,-0.5244441065924503,-0.5495630594875945,-0.7917025940223328,-0.5788209023731509,-0.5816777903230486,-0.5788209023731509,-0.2433790485445485,-0.32722450256296637,-0.32722450256296637,-0.7582526751024892,-0.7582526751024892,0.3720566639293814,0.6183702757953589,0.8114742085941374,0.789408133914203,0.7618982015152945,-0.4217415903954332,0.6041298455459629,0.6827961431851646,0.6832941008722822,0.6827961431851646,0.010410852232018241],[1.0,0.999985219274378,0.6023457814457485,0.9997121187897081,0.9976681222862014,1.0,0.99142349344587,0.9872820446201468,0.9872820446201468,0.9920969290714412,0.9742638526625398,0.9841428474732383,0.9914655522391111,-0.11011992901138555,0.9915261076340325,0.9255959358706285,0.9039331325132456,0.40066966791412106,0.9924749405766194,0.9924609116368089,0.9845571425273233,0.9914529601790396,0.4519728262229048,0.6912222409417987,0.9792858730806443,0.9792858730806443,0.9792649526721708,0.9669438494002928,0.335577354585515,-0.10824093467157321,0.9896483138183834,0.9896135482703542,0.29530529487811014,-0.18256263889912222,0.9941335784616441,0.9949258698118174,0.8238111766944386,-0.3816031330971774,0.9888856235622722,0.9947687805704309,0.9227050013442862,0.3823955728438757,0.994303925881781,0.9942914656067232,0.994303925881781,0.8877895436002426,0.6636835829896538,0.8820551925449832,0.8922420259715865,0.7980818802448767,0.3816530438691972,-0.14738206319800587,0.19382452852982548,0.9453594192470697,0.434945540673051,0.9762497757627412,0.9709247440756994,0.9796648427918488,0.9897386433198498,0.9203115074407395,0.9214124298625634,0.9373008334404777,0.916556105695878,0.9343185763601464,0.9350446443789062,0.9343185763601464,0.8581474393026224,0.9113184958235815,0.9123917320397277,0.9113184958235815,0.9055372616756272,0.7523356999762159,0.8792536883425555,0.8807652840534215,0.8792536883425555,0.6422263496190375,0.3264635646110071,0.62153826833352,-0.5828635057386597,0.5226851673152189,0.5653192277397274,0.5662887455314333,0.5653192277397274,-0.10507142890301008,0.8931744345700844,0.9256395257303526,0.907748312282715,0.9217646857559633,0.38924100265225814,0.8895132087870655,0.890553513905699,0.8895132087870655,0.8968970935969982,0.8968970935969982,-0.138285029929773,0.5714614554464208,0.18737933086132189,-0.6012860979314419,-0.5712639538171894,-0.5748346872453748,-0.06342498120159824,0.08345210483659717,0.24530669632976826,0.09832860338603329,-0.44045923053738556,0.03646663628417797,-0.7944070021015371,-0.2303838899247999,0.14582897417878224,0.14626522432122993,-0.5516962894812246,-0.5975080033368919,-0.2321594134099128,-0.4969408318083696,-0.8258363816675228,-0.3666303940503621,-0.3581617510277817,-0.3666303940503621,-0.192157262760866,-0.2802808875881012,-0.2802808875881012,-0.8138490744257589,-0.8138490744257589,0.40121930542002376,0.6505139379754679,0.8678666742302791,0.8482013743777731,0.7812361816575936,-0.2736646847199474,0.7606735012213317,0.7999932351516482,0.8003177282819809,0.7999932351516482,-0.23335238791330873],[0.99142349344587,0.9806274781819226,0.5885924070562191,0.9929149280814734,0.9969494557966412,0.99142349344587,1.0,0.9973173389429756,0.9973173389429756,0.9999687441893298,0.9549337648690512,0.9996325803681195,0.999996326462238,-0.12795739998131087,0.9999928336652192,0.9543592492304643,0.9468756261677316,0.3412465373468867,0.9998470180100976,0.9998471306780333,0.9890521910333472,0.999996521000439,0.3528448248045772,0.695048555020678,0.9848808129533488,0.9848808129533488,0.9854248967328256,0.9882401684299922,0.2550243462450569,-0.17260410811316104,0.9918411212680576,0.9916312942296518,0.18911016806823214,-0.23249389655094618,0.9993153094168092,0.9994155458567509,0.3815038403644963,-0.3221429051300974,0.9988343109911197,0.9993483673230548,0.9474041432490338,0.32118270420143435,0.9358784810702221,0.9990514334769907,0.9358784810702221,0.9099104399054595,0.6179156693887033,0.9276974014836386,0.9023031756899482,0.7053348926594244,0.41078050906834124,-0.09427413294883888,-0.20666105038281013,0.9249436795704153,0.3805199998555647,0.9681435604044163,0.9619911425856348,0.9779981228333189,0.9960366932491418,-0.06580661822875361,0.8478762967997954,0.8145351135000679,0.8618106416440497,0.8083746439554921,0.7738744302567881,0.8083746439554921,0.7804851452375848,0.7755529829575494,0.7703148758532556,0.7755529829575494,0.8510629912710137,0.33763310713151556,0.5502601004830551,0.6252438754936366,0.5502601004830551,0.5553900536468043,-0.35574657366869955,0.5203668924320002,-0.6508034003307999,0.4420476657794748,-0.11620809607553312,0.3950310812080604,-0.11620809607553312,-0.15469215474530834,0.8275900954261555,0.8429282579378589,0.8298529447676113,0.7478983372482252,0.3299089979872268,0.829103752280346,0.830804646501454,0.829103752280346,0.7400124950528335,0.7400124950528335,-0.22225593505058644,0.6961850119475297,0.2490657183817491,-0.6257519765351388,-0.620444262020634,-0.6234635787811178,-0.12472863561723559,0.027121883597272887,0.346182713106058,0.04943182273620933,-0.4750930220767235,0.08453630023200484,-0.8274968088277211,-0.1402243586993381,0.06562044048360824,0.06617004319318123,-0.6030979242274009,-0.6015112982516403,-0.07192967771012787,-0.5854358372294937,-0.8406526383947444,-0.3631769753791319,-0.1921052607027815,-0.3631769753791319,-0.2776126816255894,-0.3373062311163331,-0.3373062311163331,-0.8333777882992168,-0.8333777882992168,0.37076920587363565,0.5979455452089023,0.5016605564364074,0.8055628476994975,0.7534424157761027,-0.34202802166992835,0.06207863726224434,0.7588045535465398,0.7776194980613172,0.7588045535465398,-0.1456135970536111],[0.9872820446201468,0.9728507768993369,0.5781427310927273,0.989244661307497,0.9951551963245554,0.9872820446201468,0.9973173389429756,1.0,1.0,0.9995066797486073,0.9472170134132004,0.9984835689229944,0.9980979329148744,-0.1367146463958939,0.9990653740869017,0.9526170062170851,0.9381172937115296,0.3192327110280399,0.9991147383333017,0.9991163512837802,0.9862495872155213,0.9992163073412568,0.326530088986909,0.6951133895631975,0.9922445448763841,0.9922445448763841,0.9832852085172401,0.9846226028870834,0.23648095184359336,-0.18680466389597752,0.9881129396509025,0.9915328924698174,0.16960957163269935,-0.23883595822185888,0.9982103912336678,0.9981422751255322,0.36189818103210436,-0.3292813173683031,0.9965425265958987,0.9980216009757834,0.9460933162251554,0.2987139835430211,0.9276218159997441,0.9980395366362149,0.9276218159997441,0.9073078403572136,0.6022890455646789,0.9280333548075007,0.8986318725214679,0.6799651352834244,0.3974615554806328,-0.10975817328257874,-0.21991345488374206,0.9158871817539633,0.3596026517605655,0.9633891972846222,0.956526037002682,0.9726841822698014,0.9951270312188142,-0.07624383565980437,0.8347746856590219,0.7971624769484279,0.85247563323458,0.7921814761418039,0.7609021251386243,0.7921814761418039,0.766860016943225,0.7554850101412833,0.7560889430712525,0.7554850101412833,0.8419839714178077,0.3169478038322524,0.5284615651684335,0.6079006156818516,0.5284615651684335,0.5410936772074504,-0.3711009092539905,0.5043101508662015,-0.6592852904927085,0.4331271271138156,-0.13919489736536256,0.37764595301781895,-0.13919489736536256,-0.1618130046387056,0.8166154764428963,0.8261085253251417,0.8157123750185259,0.732417363586123,0.31227940459455533,0.8187357843635776,0.8206460591733445,0.8187357843635776,0.7210572021136549,0.7210572021136549,-0.2383931570733838,0.7232016569680862,0.2567189150459062,-0.6355603777027697,-0.6339599295520214,-0.6367847843657874,-0.1400733162666687,0.018894431695948392,0.3392171939128571,0.029864787631799682,-0.488359065716504,0.07516462246999753,-0.8340690562231869,-0.14680349054072375,0.049578137734976754,0.0501473314336699,-0.615428441989325,-0.6027188575186597,-0.07888644733231916,-0.6033059096417759,-0.8407466791115077,-0.3751133562350984,-0.1984408814608641,-0.3751133562350984,-0.29600208026769653,-0.3516553544131544,-0.3516553544131544,-0.8318747792956835,-0.8318747792956835,0.34908078196881437,0.5802979279801925,0.4824016108252347,0.7873642108816733,0.7402886941032024,-0.36459652320417124,0.047571296867995515,0.739330971382481,0.7616485295808508,0.739330971382481,-0.12811971979466727],[0.9872820446201468,0.9728507768993369,0.5781427310927273,0.989244661307497,0.9951551963245554,0.9872820446201468,0.9973173389429756,1.0,1.0,0.9995066797486073,0.9472170134132004,0.9984835689229944,0.9980979329148744,-0.1367146463958939,0.9990653740869017,0.9526170062170851,0.9381172937115296,0.3192327110280399,0.9991147383333017,0.9991163512837802,0.9862495872155213,0.9992163073412568,0.326530088986909,0.6951133895631975,0.9922445448763841,0.9922445448763841,0.9832852085172401,0.9846226028870834,0.23648095184359336,-0.18680466389597752,0.9881129396509025,0.9915328924698174,0.16960957163269935,-0.23883595822185888,0.9982103912336678,0.9981422751255322,0.36189818103210436,-0.3292813173683031,0.9965425265958987,0.9980216009757834,0.9460933162251554,0.2987139835430211,0.9276218159997441,0.9980395366362149,0.9276218159997441,0.9073078403572136,0.6022890455646789,0.9280333548075007,0.8986318725214679,0.6799651352834244,0.3974615554806328,-0.10975817328257874,-0.21991345488374206,0.9158871817539633,0.3596026517605655,0.9633891972846222,0.956526037002682,0.9726841822698014,0.9951270312188142,-0.07624383565980437,0.8347746856590219,0.7971624769484279,0.85247563323458,0.7921814761418039,0.7609021251386243,0.7921814761418039,0.766860016943225,0.7554850101412833,0.7560889430712525,0.7554850101412833,0.8419839714178077,0.3169478038322524,0.5284615651684335,0.6079006156818516,0.5284615651684335,0.5410936772074504,-0.3711009092539905,0.5043101508662015,-0.6592852904927085,0.4331271271138156,-0.13919489736536256,0.37764595301781895,-0.13919489736536256,-0.1618130046387056,0.8166154764428963,0.8261085253251417,0.8157123750185259,0.732417363586123,0.31227940459455533,0.8187357843635776,0.8206460591733445,0.8187357843635776,0.7210572021136549,0.7210572021136549,-0.2383931570733838,0.7232016569680862,0.2567189150459062,-0.6355603777027697,-0.6339599295520214,-0.6367847843657874,-0.1400733162666687,0.018894431695948392,0.3392171939128571,0.029864787631799682,-0.488359065716504,0.07516462246999753,-0.8340690562231869,-0.14680349054072375,0.049578137734976754,0.0501473314336699,-0.615428441989325,-0.6027188575186597,-0.07888644733231916,-0.6033059096417759,-0.8407466791115077,-0.3751133562350984,-0.1984408814608641,-0.3751133562350984,-0.29600208026769653,-0.3516553544131544,-0.3516553544131544,-0.8318747792956835,-0.8318747792956835,0.34908078196881437,0.5802979279801925,0.4824016108252347,0.7873642108816733,0.7402886941032024,-0.36459652320417124,0.047571296867995515,0.739330971382481,0.7616485295808508,0.739330971382481,-0.12811971979466727],[0.9920969290714412,0.9804585958526264,0.5036481613464642,0.9938847100312621,0.997143721282602,0.9920969290714412,0.9999687441893298,0.9995066797486073,0.9995066797486073,1.0,0.9537571253940992,0.9995882603188538,0.9999697705215475,-0.2940134066376415,0.9999739587672416,0.9121214668924567,0.8781892443952359,0.23017121424735404,0.9997945555193064,0.9997951478162798,0.988876971541868,0.9999669817530343,0.13408028051290863,0.6592553063895799,0.9945720452874856,0.9945720452874856,0.9945215095328931,0.9880628841782508,0.07720106008307093,-0.11184439678868008,0.9904528258435623,0.9904197916452966,0.0009246963435128865,-0.19156741937177843,0.9993448153397833,0.999302803844771,0.7775421574451415,-0.5138231988292981,0.9987551367261119,0.9993262088861886,0.9023944347963949,0.20676546869084364,0.9991938609741413,0.9991992529120002,0.9991938609741413,0.9098077519512924,0.6186929287450804,0.9274612496454385,0.9017905604491105,0.7047028887036054,0.007110870564824799,-0.5316589655805597,-0.17540651234321603,0.9203174642243164,0.32798374271649533,0.9629240777757732,0.9621324833763576,0.9794351940914263,0.9952669961574209,0.8668125157305433,0.8486455646059103,0.8849716401656905,0.8626774437704885,0.8832701370711206,0.8839556874386962,0.8832701370711206,0.779684960919601,0.8280746772681109,0.8297497309145618,0.8280746772681109,0.8524228515520532,0.7508543687956853,0.8396175616759916,0.8409889257583243,0.8396175616759916,0.5546961876407662,0.3819907338478984,0.519238174911615,-0.6725081370822695,0.4993821363904844,0.46403064322582044,0.46396109370464295,0.46403064322582044,-0.11215524042329506,0.8280792494136007,0.8428127856998839,0.8301621426599197,0.876627271005712,0.2518642568828941,0.8348649158238841,0.8370660558263796,0.8348649158238841,0.8423752338988288,0.8423752338988288,-0.22426352838019412,0.6969646158045724,0.07179448596965829,-0.638100504088669,-0.6595817586965009,-0.6605136573845504,-0.12836262628561393,0.029706804923831924,-0.16455356735089866,-0.1355157998713645,-0.5202692720803648,-0.36850922755923654,-0.8739999230669339,-0.5673149632396134,0.06450963548565358,0.0654741373402432,-0.6048951957423379,-0.5975917779883941,-0.5341499666193126,-0.5873818450501719,-0.8131993275458256,-0.6022738718788949,-0.6044387822595433,-0.6022738718788949,-0.28018213222468286,-0.3409320203875582,-0.3409320203875582,-0.7926716514986668,-0.7926716514986668,0.37155630838226206,0.5967117928306439,0.8200372612170114,0.8012513088428805,0.7518714815259275,-0.3702905454555855,0.6378544641153623,0.70500130532211,0.7051655604022781,0.70500130532211,0.09211275809740994],[0.9742638526625398,0.9631030117784267,0.45042281122649636,0.9721426999810516,0.9627236710579201,0.9742638526625398,0.9549337648690512,0.9472170134132004,0.9472170134132004,0.9537571253940992,1.0,0.9321986074827866,0.9549599473017892,-0.2221178375858995,0.9546370312269177,0.8061189520454423,0.7631846572459016,0.026143740055508274,0.9600699300901121,0.9600468787743189,0.9550913095480246,0.955082531780367,0.06537035959823567,0.7037400257908285,0.9567926866055587,0.9567926866055587,0.9569931402941217,0.8532897278604096,0.18494476039280158,-0.09356940191588277,0.9629849278003163,0.9631073774106559,0.15695983952082837,0.08622773982615449,0.9641669346639334,0.9644408320713131,0.8645592690466011,-0.4278880659380266,0.9426012113128184,0.9633031095150829,0.7996759179367694,0.004047132101085964,0.9654468809047922,0.9654117075469513,0.9654468809047922,0.7946279197919025,0.41537602954572517,0.7796672984272313,0.8761838025302416,0.8365791037149303,-0.5450573407106533,-0.685242766076559,-0.2857931170915311,0.8754405987923177,0.03721515580199123,0.9088201030413349,0.9088748365227315,0.9284070539635662,0.9613166141818924,0.8703081430114327,0.8672596953654427,0.8935335853059414,0.8732991887462928,0.8860287572447118,0.8867717487263711,0.8860287572447118,0.8186842497363349,0.798644906084842,0.8006459251477923,0.798644906084842,0.8662887613190023,0.884456395259947,0.8645375174813487,0.865252627261392,0.8645375174813487,0.6481633925260211,0.5700534567627442,0.6494289061858936,-0.3815121266226283,0.6713867891796678,0.6902439888680019,0.6930476096082093,0.6902439888680019,-0.2721819465080214,0.8706405935026785,0.9282446372003619,0.8871449738264192,0.8847144581530981,0.11656905489467044,0.8633754941939967,0.8646017043514043,0.8633754941939967,0.8739711935260777,0.8739711935260777,0.022753983186255697,0.3397102007789015,-0.0964230083157815,-0.5561964796506964,-0.41196851678478696,-0.4139898007271942,0.028666545697031316,0.40342429761400017,0.07570888074094625,-0.07843364780416555,-0.41848545119528957,-0.02448390983674714,-0.8070430004616779,-0.18643173447474387,0.29281513674869386,0.29193830884983335,-0.3762950540507242,-0.43764740800699115,-0.333928579560863,-0.34145217061946465,-0.6789406973359305,-0.3545161149308556,-0.3566412479712725,-0.3545161149308556,-0.07941509120057087,-0.37661277000446935,-0.37661277000446935,-0.5389206234740819,-0.5389206234740819,0.5552796827356689,0.666489307762307,0.7590567872362619,0.6765550370265395,0.8322908353435582,-0.4642257076718297,0.3871206022028323,0.5557284257940477,0.5560215226247456,0.5557284257940477,-0.22396111223271004],[0.9841428474732383,0.9824276774092721,0.9966784902314155,0.988510124253081,0.9958373579783188,0.9841428474732383,0.9996325803681195,0.9984835689229944,0.9984835689229944,0.9995882603188538,0.9321986074827866,1.0,0.9996303118886845,0.999627559849727,0.9995873491738452,0.7153334375471843,0.6557262872550162,-0.42736091318641944,0.9997660355115199,0.999769648914734,0.9996375506897224,0.9996375776793306,-0.22331114472732244,0.9661278465115397,0.9933001575736397,0.9933001575736397,0.9932769085971389,0.9907567953891648,0.0943301553021549,0.10675455318776438,0.9900039724434871,0.9900624361415737,0.9744227981037336,0.06157379923867803,0.9988403072180015,0.9987875263575724,0.9986230109432258,0.9992925548749333,0.9992866096336221,0.9988570245776338,0.684305999910796,-0.43694636474353743,0.998565377520422,0.9985756811213816,0.998565377520422,0.9034738384951825,0.4662357720967564,0.9235737025420591,0.899790862328104,0.7058246870318784,-0.5069873104052302,-0.6425355330943793,0.7964337026093106,0.8163126066093667,-0.31323185096041434,0.9246471485391857,0.9248542471172067,0.962946797548312,0.9929312426386255,0.8713726916404618,0.8801653342063405,0.8508175935907437,0.8528900911631196,0.8590552550312962,0.8598973632247293,0.8590552550312962,0.7051268164839423,0.6622456617850142,0.6649573360095706,0.6622456617850142,0.8800664373664169,0.8881155248489986,0.8789113597859748,0.8802533487389552,0.8789113597859748,0.3738648130031885,0.30380026579333674,0.42648648999515254,0.5464697774735702,0.42705993753750626,0.4680964707187229,0.47054187597765834,0.4680964707187229,-0.40061991931482405,0.8015867831429183,0.847077448495678,0.8293578989285207,0.8794277273308827,-0.2101405215528601,0.7953318799223935,0.7958270019664859,0.7953318799223935,0.8082598726604188,0.8082598726604188,-0.28163349456070846,0.6884966766712294,-0.3902848274030099,-0.7323301402080183,-0.5432702932816135,-0.5456279885176718,-0.3812019906924689,0.183193821767948,-0.28132858894894625,-0.4727482099787221,-0.6809045074771216,-0.3629713406708492,-0.6127126199795977,-0.42990292797978263,0.05782883091924272,0.0542289544709543,-0.5636015288239429,-0.5304509681580102,-0.5499880907650252,-0.5844613602079196,-0.5784955568739206,-0.5531333081702022,-0.556161849185002,-0.5531333081702022,-0.43445414312153824,-0.6091545125873445,-0.6091545125873445,-0.6074851363022253,-0.6074851363022253,0.36686158833872745,0.3508281637307615,0.4717376348001894,0.5564625329489401,0.5448661185792198,-0.5590538004917535,0.29465058638042657,0.3070252302525917,0.30720696536680014,0.3070252302525917,0.20819792998729011],[0.9914655522391111,0.9806773605794309,0.5886145136238049,0.9929453696131966,0.9969685888731539,0.9914655522391111,0.999996326462238,0.9980979329148744,0.9980979329148744,0.9999697705215475,0.9549599473017892,0.9996303118886845,1.0,-0.12763060956998726,0.9999946321318679,0.9543379113721666,0.944018891048026,0.3413133489575245,0.9998483274729806,0.9998484114893474,0.9890915683284516,0.999997119123441,0.3531652438812737,0.6951207429605567,0.9902034672027581,0.9902034672027581,0.9854145657210355,0.9882189215200915,0.25529321883617284,-0.17254822632863465,0.9918493583089336,0.9916420345821884,0.18934965708204188,-0.23245565406494945,0.9993172926415722,0.9994194831278559,0.38148040293319535,-0.3219256873636072,0.9988359320172152,0.9993563226935598,0.9473770610557302,0.3212562147949441,0.9358629791011958,0.9990538962044461,0.9358629791011958,0.9099359097812277,0.6180614678048958,0.9279383557677608,0.9025440159990261,0.7054686534509527,0.4111752142999971,-0.09382069203976405,-0.2062872056651032,0.9250217819691671,0.38059693611151585,0.9682366177756501,0.9620563550891847,0.9780877961341811,0.9960507732690033,-0.06561040196308988,0.8480379418842319,0.8146404651630975,0.8619327305403998,0.8084785471211385,0.7738167336907884,0.8084785471211385,0.7805744881375866,0.7756143388219688,0.7702507330477437,0.7756143388219688,0.8512232281359939,0.3375097761003284,0.5502724852729065,0.6251574203732713,0.5502724852729065,0.5553379711146526,-0.35576500658146903,0.5203296365948984,-0.6506928749089776,0.44194239975071725,-0.11633622247262418,0.39507198256244497,-0.11633622247262418,-0.15484138262342442,0.8276679470454663,0.8430740431263036,0.8299574135464242,0.7478914927391221,0.3299805268206,0.8291924692336233,0.8308894076536859,0.8291924692336233,0.7400900601913586,0.7400900601913586,-0.2222169803088051,0.696171025560579,0.24917815561590365,-0.6257814199051512,-0.6203574898667737,-0.6233829862737398,-0.12481489349102239,0.02698838759307824,0.3463518036646688,0.049448158926212946,-0.4751474705594866,0.08479459057461808,-0.8272271266271686,-0.13993454896901952,0.06567693715925628,0.06624397373112044,-0.6030837163331141,-0.6013162922855505,-0.07168195066220467,-0.5854054614461016,-0.8405405643656129,-0.36295020978355,-0.19189990700995277,-0.36295020978355,-0.2774705162911353,-0.3372731486839336,-0.3372731486839336,-0.8333200925472244,-0.8333200925472244,0.3712504216348261,0.5980860934294213,0.5019093892673286,0.8058186842562467,0.7535163294841342,-0.3418097542575383,0.06236425761635893,0.7590540478471716,0.7777332009026907,0.7590540478471716,-0.14563730122069996],[-0.11011992901138555,0.9806509674525953,0.5091898180125439,-0.11399515250339896,-0.3158690067376872,-0.11011992901138555,-0.12795739998131087,-0.1367146463958939,-0.1367146463958939,-0.2940134066376415,-0.2221178375858995,0.999627559849727,-0.12763060956998726,1.0,-0.12703651917558212,-0.14813474249289296,-0.12677464125402146,-0.2974982501358565,-0.12839755798926092,-0.12892886069514273,-0.24904183901929797,-0.12856590499689335,0.03078076295520799,0.31120310987678035,-0.1597010627206485,-0.1597010627206485,-0.16003148702648695,0.9882055240702774,0.2544054716182011,0.1880858506519873,-0.16678314702224445,-0.167375413991889,0.5397279504696537,0.12327881847756546,-0.126318322042468,-0.28063771956135164,0.17572641096395747,0.9565281149659708,0.9988346259484606,-0.31032826967560795,-0.14640686090432717,-0.28757422684151246,-0.12651491814912075,-0.12762536233705496,-0.12651491814912075,0.9099822236478349,-0.11365768394078823,0.9278988546710268,0.9024806904584588,0.7054466736285091,0.08607695627430294,0.24895008038596025,0.6452878037141424,-0.2501256900498404,-0.29831662467228776,-0.051856630649436346,-0.2819724530324794,-0.08791892776236893,-0.15741009698454367,0.043364999821573144,0.3162874534035291,-0.003028566906920279,-0.27052530022001836,-0.0007056746075636318,0.008360475371676352,-0.0007056746075636318,-0.36967241766428427,-0.08797913671963108,-0.09001803453699722,-0.08797913671963108,-0.17030390425364594,0.08167541260663272,0.060310959566677876,0.06025851419715868,0.060310959566677876,-0.384237467751339,0.007003065991282775,-0.3491856686048578,0.617542416333722,-0.31700241686278463,0.010856845296529301,-0.047565299853494496,0.010856845296529301,-0.3077515493217845,-0.3029409852071784,0.8430666618257692,-0.06791729623288659,0.030778562681316547,-0.22579777636860843,-0.23096999587014433,-0.23058862283826864,-0.23096999587014433,-0.009123915813792727,-0.009123915813792727,-0.2054311482486669,0.6961132879474919,-0.16061425117975173,-0.03893158946259989,0.18835634773106774,0.18686433304241132,-0.25515923961276105,-0.0031582531512956945,0.0194792414816698,-0.17975800056819863,-0.12369053694124929,0.03846568943602982,0.37166398834895037,0.10769762163109235,-0.03445085709079823,-0.0383289517649891,0.07762085899888377,0.5631130224570935,0.0859699715330871,-0.21007453755352865,0.6005984300996046,0.08815286645297557,0.09670144721388813,0.08815286645297557,-0.2424630617790433,-0.20170514597542494,-0.20170514597542494,0.31396775679875544,0.31396775679875544,0.3713208593320307,-0.24354163727653755,0.02446708475133269,0.09802610982745574,-0.23456524712912172,0.06414360808396335,0.15838179399186347,0.10994210510472167,0.10986534794402396,0.10994210510472167,0.12415679516629086],[0.9915261076340325,0.9804824796698381,0.588897846815199,0.9929795236787924,0.9969979843277165,0.9915261076340325,0.9999928336652192,0.9990653740869017,0.9990653740869017,0.9999739587672416,0.9546370312269177,0.9995873491738452,0.9999946321318679,-0.12703651917558212,1.0,0.9515084878647126,0.931210101084173,0.3414318457211879,0.9998511602999023,0.9998511418599236,0.9892418769591683,0.9999945779102799,0.35383229330753746,0.6949657902365718,0.9935984490852421,0.9935984490852421,0.9934934604288272,0.9881148096232701,0.2555596709266181,-0.17259392531356318,0.9926151648015392,0.992663323613663,0.1901115862883842,-0.23229214637056272,0.9993660125918934,0.9994185271123253,0.3804506951951446,-0.3210982423915856,0.9987803837257053,0.9993591823324937,0.9468574113131002,0.32139891097987366,0.9353722833421998,0.9991082414760041,0.9353722833421998,0.910214051356358,0.6187687169684002,0.9282464598345495,0.9028602906286562,0.7051838633001982,0.4125679831004257,-0.09224023390019286,-0.20649398687068618,0.9254018724219176,0.38087775560145015,0.9686463160242638,0.9624008441795743,0.9783708857770785,0.9960882421857543,-0.06662779463960268,0.8483157991040264,0.8145608766442446,0.8621808012649377,0.8084372943625339,0.7734039093925942,0.8084372943625339,0.7807685432546193,0.7755669486209619,0.770654022155808,0.7755669486209619,0.8515585636292394,0.3368320305118601,0.5497681190091678,0.6251820172334948,0.5497681190091678,0.5551780159457868,-0.35693089060369243,0.5202434590915385,-0.6508549298546974,0.44156289510583546,-0.1173359695248479,0.39472532843423036,-0.1173359695248479,-0.1547874168910334,0.8278017001591,0.8427334002487796,0.8300690440238324,0.7387879559202127,0.3303619543043941,0.8293081962180147,0.8309947052028955,0.8293081962180147,0.7399000926501014,0.7399000926501014,-0.22376247759713572,0.6970140817183467,0.2496791958363816,-0.6257651213640263,-0.6207341660890937,-0.6237641242350734,-0.12596962627862754,0.02575903043364883,0.34666050504200124,0.04900854581689159,-0.4753932649555055,0.08487586168587784,-0.826382020567439,-0.1397751300200678,0.06466480889267441,0.06522718345019557,-0.6037080278241378,-0.6015796277080079,-0.0711018967503962,-0.5866962618278058,-0.8405376466085405,-0.36288663985960096,-0.19134228103194537,-0.36288663985960096,-0.2784433144213494,-0.33774469455035405,-0.33774469455035405,-0.8336673193190632,-0.8336673193190632,0.371416300032597,0.5977536466257831,0.5013776823029318,0.8062612581455738,0.7529543753674965,-0.34134441665194665,0.061696711119018866,0.7594570862407872,0.7783400175863715,0.7594570862407872,-0.14531774070855338],[0.9255959358706285,0.6559086992216847,0.5198805994211871,0.9263875610968814,0.8967650994871817,0.9255959358706285,0.9543592492304643,0.9526170062170851,0.9526170062170851,0.9121214668924567,0.8061189520454423,0.7153334375471843,0.9543379113721666,-0.14813474249289296,0.9515084878647126,1.0,0.9963460891679168,0.3982623567991036,0.9451814270471564,0.9451760192780045,0.915802630957396,0.9511392255469394,0.3341002682003945,0.5917705650109957,0.9437690368158822,0.9437690368158822,0.933436184645352,0.43508866127017526,0.20526828685986606,-0.19034328579500695,0.9568238382838417,0.956024106067787,0.1587557623402089,-0.25938154725151663,0.9528028399798112,0.9196067824120763,0.3282991136857076,-0.32126126589884274,0.7241356894940214,0.9089338523050632,0.9984920997279184,0.3794015920981589,0.8820669297906587,0.9525902343607836,0.8820669297906587,0.6488958166602143,0.6011399470756189,0.3734583755898176,0.352701239300212,0.48542148769656324,0.41273145745372014,-0.07121948601119517,-0.21075645352434458,0.869578277372094,0.4041814962748442,0.9323844036657718,0.8925194567713