var element=document.getElementById("correlationAdjClose");if(element.style.display!='none'){var correlationAdjClose={"data":[{"type":"heatmap","z":[[1.0,0.9999934027590953,0.9853759615888357,0.9999264970180581,0.9990896054819309,0.9856066390840134,0.9978683674319438,0.9960089357560914,0.9691996923083444,0.9963378331938738,0.9944195310957958,0.9939816418577151,0.9961298866470858,0.9961630021000071,0.9960552254383842,0.9976116457132883,0.9978645819997286,0.9983726054837978,0.9966595404065359,0.9966697890209112,0.9967264747171675,0.996085505673619,0.9871619524305143,0.9711464396250321,0.9897104956568205,0.9561671348331453,0.9886947198186421,0.987503376363864,0.9674855591138941,0.9512982129771237,0.9929813985651793,0.9941116152799262,0.9922711355367057,0.976757062774398,0.9977732021692035,0.9980077805449946,0.9975280668812408,0.9961846952286149,0.9958203240399939,0.997896443993668,0.9987678785261334,0.9988146786684979,0.9977302256027129,0.9977391799799261,0.9767251915165625,0.9136185141959983,0.948810883614024,0.9196655355491631,0.9207946916287644,0.9006895940451329,0.9634104656229661,0.9475653532493575,0.9650820713529582,0.965533008161652,0.955586007614143,0.9844659240787154,0.9815181426016102,0.9904364493322416,0.994494511086814,0.9865649647695967,0.9822452375891922,0.9881025310506141,0.9862124281393244,0.9886622824883017,0.9884689993970813,0.9650701711045525,0.9740396159891993,0.9754128281384474,0.9750879056480891,0.9524470797145744,0.9802360370874208,0.9775287354261932,0.9847901023051759,0.9840558691083253,0.9424770427827788,0.885362478168845,0.8522392011347412,0.9015958479244267,0.9199818488223114,0.9169929417533472,0.9179267522354675,0.9165835128882357,0.6868244991341448,-0.5617757390574911,0.980664558216872,0.9757417340489699,0.9724145514777625,0.9872918926314489,0.9746666556514272,0.9844706260493484,0.9844393341216845,0.9497633933565592,0.9845835266742428,0.9528642582132869,0.7623526811182711,0.9021628467187982,0.9268799642838138,0.794261800566577,0.9496656367497439,0.9504696361614297,0.8995984004565477,0.9644273693186175,0.8961623409485079,0.6083936112772391,0.7203489410651104,0.9030288047088908,0.8701470952076693,0.8940849115418644,0.973629003108311,0.973809144147894,0.7813936158778266,0.7327077098238889,0.825085650739971,0.40929750334627535,0.8016994344609649,0.8293724724802557,0.8246385068877021,0.8157503623837599,0.7763459195561105,0.7503965997473944,0.7329062777856107,-0.2690946800622532,-0.40816161430809705,0.6616374280758972,0.8936923052438085,0.9366432226989876,0.9436135971793558,0.9104640548378622,0.826783278221075,0.9108556139573507,0.9300293545944344,0.9299143387339247,0.8642720339505949,-0.1760082145395964],[0.9999934027590953,1.0,0.9873993396845908,0.999823697024089,0.998175067735474,0.990073230358651,0.9944673532816973,0.991398728647535,0.9841201546838422,0.9914180874411271,0.9914248827426471,0.9932586848274035,0.9915614347799956,0.9914186591130717,0.9914830912097734,0.9937907527174024,0.99651282740901,0.9961433115937186,0.9940142119229037,0.9940148089822268,0.9914767937121772,0.9915233065724607,0.9913136842001347,0.9723036262288375,0.9881808655757763,0.9810232761995944,0.9880487736890661,0.9874082609737972,0.9797115054732897,0.9300811190885921,0.9886115244521072,0.9860835255065638,0.9792368304774878,0.9284149808968745,0.9955988998414853,0.9954860191532959,0.9957270527944614,0.9920258684657205,0.9951909898091208,0.9957303952664792,0.9970588648971473,0.9971917477670523,0.9957100523818649,0.9957171423857519,0.9893105072790703,0.9132309899587746,0.8854861185709231,0.9192294808094722,0.9205968847527825,0.900664114137578,0.8752478515561741,0.9203960533941903,0.878112110987437,0.9068967489019119,0.8747314266665318,0.953777989701344,0.953740909914947,0.9669631289412445,0.9841195455980188,0.9812977115663554,0.9839303830646243,0.9794509320291399,0.9794563574862429,0.9814127641224748,0.9813409212848881,0.9499482852724662,0.9596336314683033,0.9354825824117151,0.9354123904983973,0.8630309168040416,0.9777049729239183,0.9793830229406826,0.9795785159988369,0.9791695127016895,0.9499001848684998,0.7487034644342885,0.7027140757950858,0.81794988551386,0.8868604056795036,0.8359779199571239,0.8620560075255992,0.8607073547780401,0.7044049758826577,-0.22981672312448523,0.9684084087684973,0.9729880691370694,0.9682110875186665,0.9819305661811273,0.9662467996054036,0.9717221940596749,0.9710715759750881,0.9277095226248705,0.9737757618604975,0.9313159927115435,0.6702235429732721,0.9015410677955327,0.8991803424041007,0.4586483406241002,0.8144535444143428,0.8194785481294606,0.7321236262702951,0.9655341528538051,0.7045849393735478,-0.28253283753948905,0.2041725951486257,0.7322265160859927,0.6802477292466436,0.7245551665718468,0.9670745576598981,0.967017368505419,0.1101282112654095,0.2814006240053695,0.11670719004460026,0.08846796188392791,0.11060757479703523,0.12570999114107562,0.12274937790417473,0.04447113371119824,0.47978846989416557,0.21127709568092984,0.16057603866961193,-0.441768194877245,-0.4851214224763807,0.6620866395018293,0.7508824376705189,0.7751924806167378,0.8349870532305699,0.8214082118202646,0.5652275013018914,0.7489993355373518,0.7696512450160033,0.7684203404896299,0.4197400119742272,0.1976215755539507],[0.9853759615888357,0.9873993396845908,1.0,0.986803045386634,0.9930806550758796,0.9913350426453487,0.990077985757745,0.9906951620942916,0.9904912786305891,0.9934454776386998,0.9974635304074911,0.9965713170489089,0.9905676087142951,0.9928374760555304,0.9907544166613567,0.990160646697967,0.9908750933367465,0.9902629168802807,0.9893992974782784,0.989374342093334,0.9923009459743887,0.990586030925067,0.9945245420318627,0.9831070819444988,0.9912649118535352,0.9801213184173236,0.9917952237667162,0.9864213211345876,0.9854974029295243,0.9570007597258409,0.9700511397385762,0.9741638416665634,0.9762247197146078,0.9518924372892551,0.9873609554765385,0.9904468019120293,0.9888204202263172,0.9924051938912941,0.9948007906261599,0.9912261215814009,0.9851973866448602,0.9879499796017772,0.987689349223962,0.987064649360042,0.9918346760443991,0.9089059903181295,0.9316796108625365,0.9343751394630082,0.9134165961198953,0.8532264731488757,0.921594575090132,0.9023239910273441,0.9241560419488306,0.9260162952887139,0.9116361397397126,0.9497088793998828,0.9579115657424238,0.9666311013996264,0.9782394881395045,0.9378333507405234,0.9621481562974763,0.9612760654438928,0.9681994811349784,0.961557425860258,0.9358764779179256,0.9182114185309179,0.9425714931000817,0.9331605651415897,0.9146969010370838,0.8883330885871387,0.9685477959139485,0.9465838910710673,0.9611884597332772,0.9400011170102791,0.8162599216696895,0.8387578099381404,0.7580138108049431,0.857834180239546,0.8882655687594628,0.8892314485677045,0.8567142591228126,0.8710792317654945,0.38264902752459234,-0.5531764654624158,0.9578955607767135,0.9431697412720237,0.943169518263481,0.9379556423631227,0.9522199210705197,0.960736360567003,0.9603009556058165,0.9304431387915896,0.9559811042638553,0.870936730946814,0.7438276999462059,0.9485577834409384,0.9480799970733631,0.7680979872295254,0.9356152870539178,0.9373851395835033,0.8721695594174818,0.9800281809011862,0.7766535569759957,0.5126457792788488,0.6623830196907379,0.7972023542201269,0.7963709404039583,0.7784059872287538,0.9826849848110143,0.9827382227716523,0.7081376272355251,0.6760454534272837,0.7111580234050101,0.35235848049224855,0.7001649387521635,0.7131087318685847,0.7275482558568513,0.7112081240453899,0.736217850278992,0.6824153861217314,0.6636391501089587,-0.33368245613040354,-0.4723921102825019,0.6251569725067091,0.8538775785699614,0.8840866195862325,0.8887917238847309,0.8818370982462223,0.7578924631706009,0.8605438789717759,0.872986007119726,0.8805691464453531,0.7348224515689699,-0.09798449596421635],[0.9999264970180581,0.999823697024089,0.986803045386634,1.0,0.9993452350497266,0.9867525325757958,0.998130380071673,0.9964568770756685,0.9715013744914198,0.9968292644287738,0.9951550271380887,0.9949632181295766,0.996559625416233,0.9966832316544784,0.9965025049413595,0.9979014386740579,0.9982109013682714,0.9986481453564403,0.9970521661758766,0.9970599885350371,0.9971449464914512,0.9965199205179986,0.9883897979653008,0.9725858530452437,0.9907119791030858,0.9588586402677627,0.9898053953867404,0.9890931048103181,0.9695455769885101,0.9525338515805242,0.9923083331820435,0.9936331060037291,0.99219952894942,0.9762935651921404,0.9978710167319771,0.9982194055194101,0.9977719357519877,0.9966693297889724,0.9963178017451096,0.9981409154449483,0.9986717301820544,0.9989035864483913,0.9978231009504559,0.9978291719443494,0.9786020135112787,0.9094970625021898,0.9465865113553846,0.9202651118733435,0.9192352965178068,0.8934516609500717,0.9604157500187608,0.9441901815591652,0.9619917653901306,0.9629446352296732,0.9526932933543617,0.9823313802780381,0.9799478373551608,0.9895649581785045,0.9943190734333769,0.9850995670207351,0.9811184392486584,0.9868197507076751,0.9856035985032802,0.9872992227451524,0.9870976128831666,0.9545718214704738,0.9727753840203289,0.9738928157496457,0.9735639388713486,0.947092164110852,0.9797838897492271,0.9745966315057288,0.9833198280286717,0.9825477062942969,0.9207969837521011,0.8837891170755887,0.8482684548503795,0.8998256072855139,0.9170865538464278,0.9164747050193042,0.9154325181994217,0.9141336525002086,0.5926674841284678,-0.561349778388248,0.9798161233921571,0.974461674928653,0.9709408642895593,0.9858289666887303,0.9738849977939029,0.9836812819606767,0.9836427016414305,0.9493207410359505,0.9831185493427825,0.9369576594224254,0.7665507742723174,0.9080106819866146,0.9310440469994845,0.7960022653422968,0.9509992646228326,0.9518321682020039,0.8991044954566791,0.9657178291019964,0.8899399250864682,0.604646632446558,0.7185128301174172,0.8974534629252293,0.8664294142745971,0.8882351959550893,0.9745025907014193,0.9746900630423634,0.7801269609456796,0.7328707525237683,0.8170484299287964,0.4111752593346941,0.7958432636062857,0.8210558321702008,0.8162482563739439,0.8102677239810304,0.7786888022581027,0.7501965536384345,0.7327900689168082,-0.2644977117879521,-0.40743403782578874,0.6606491953586551,0.8916388797411396,0.9346440174807128,0.9416841341378817,0.9090658206252784,0.8238555717223793,0.9087189591704818,0.9276296259360515,0.927669055064289,0.8567906782741396,-0.16878632262008972],[0.9990896054819309,0.998175067735474,0.9930806550758796,0.9993452350497266,1.0,0.989640342797126,0.9991068391561182,0.9985185915307894,0.9840228743792155,0.9985185616492558,0.9980987981048488,0.9981417561243802,0.9985505692353606,0.9985510846675684,0.9985510923704353,0.9990600094331035,0.9986673268752233,0.9992982031973628,0.9988835259883252,0.9988828607586968,0.9986128879124306,0.998541443679874,0.9943794735806588,0.9802178181134545,0.9948188173186017,0.9764856264585617,0.9947781522683034,0.9918209139618839,0.9825706222310997,0.9558109138656219,0.9891586577304929,0.9918501376315807,0.9892889806686264,0.9678581727516831,0.9989561123494102,0.999004179487879,0.9990184619924226,0.9986303469978076,0.9986676028681812,0.9989948579903508,0.9989742093850192,0.9991999859297324,0.9989550419359385,0.9989540732319355,0.9883877603824448,0.9196849095950848,0.945680797446142,0.9325490474150367,0.9238651685580046,0.8886690753147859,0.9461730723474532,0.9372688883207475,0.9504204717928929,0.9559075517762942,0.9450089833416302,0.9792332216516028,0.9791590292970728,0.9893332727986937,0.9941793522970103,0.9818653782778481,0.975743189753946,0.9825505449519694,0.9818467070987071,0.9828990631442737,0.982667100673532,0.9557151684189781,0.9642011045410087,0.9589871054594253,0.9585834070060678,0.9205215285186891,0.9771390165730541,0.9735748997043944,0.9794810288439745,0.9786542936461536,0.939902109988654,0.8630322306935713,0.8238743088726731,0.8846417582857203,0.9215394158606129,0.9054557365996702,0.912839962995885,0.9116934979567176,0.7423000925086826,-0.5756830307059804,0.9736513568124207,0.9644541165469412,0.9617980403242332,0.9828109062946798,0.9645445955388902,0.9772523357724399,0.97686856521143,0.9407527875390966,0.9788909777676309,0.943719252689455,0.7557138810844856,0.923821678447156,0.9512677471524374,0.7570560152067223,0.9377104691683675,0.9392501120905935,0.8930566908936294,0.9708868373686972,0.8869624178240599,0.4462355584670659,0.658295435859798,0.8927292163083724,0.8399133199778118,0.8878919729672833,0.9781301719171839,0.9782745620972398,0.7434940983134817,0.7158445939261013,0.7474811145163321,0.38863538274198417,0.6962070419431818,0.7526083592651643,0.7479166854530926,0.7106514612444144,0.7648782849033144,0.7347337794539126,0.7164379486962927,-0.47365758019578436,-0.5543372390616343,0.6544229258306113,0.885753906524809,0.9201518350391512,0.9352645014875058,0.9065676396076874,0.8039512547123359,0.8956386757799133,0.9137828902361627,0.9133723577739592,0.7929202278923719,0.04082704268484769],[0.9856066390840134,0.990073230358651,0.9913350426453487,0.9867525325757958,0.989640342797126,1.0,0.9851151985489032,0.9858525811002355,0.9921645983394336,0.9852448703591852,0.9807621075583797,0.9797088895479251,0.9857363310509307,0.9862215813565217,0.9859230678381489,0.9855738789007344,0.9887787137663683,0.9867911749554938,0.9866442383688393,0.9866466923251566,0.984754297750398,0.98583780319712,0.9956723660534442,0.9931347975256987,0.9870160366938773,0.9860137636141306,0.9871920372406477,0.9770336390041254,0.9877770891036566,0.972578329093488,0.9644040097625044,0.9697993207132003,0.9780044739294195,0.9660238444049313,0.9848209260274642,0.9851568293266293,0.9859798562358776,0.9865177972733467,0.9805497417804871,0.985586707980636,0.9839929446221964,0.985665098699599,0.9849840056376445,0.9849961537212542,0.9958159512067902,0.8675450503701045,0.9250278002186881,0.8988842295323616,0.9116511001573548,0.8736893520378243,0.9199912335736442,0.9089042064934597,0.9224641094093423,0.9355092131473628,0.918178693227726,0.9525160359027629,0.9574732379826006,0.9633821324269128,0.9732684813457375,0.9698990051010833,0.9851977223107647,0.971400839320223,0.983295884930092,0.9710007884824744,0.9704392294253166,0.9749934585461937,0.9667597705820502,0.9466277349854036,0.9460936469314314,0.9432075004585112,0.9815658471075438,0.974139131755332,0.9711348590850511,0.9697302096926717,0.9608058980793235,0.8843303892250107,0.8374359197013745,0.902227481657837,0.9127624209898891,0.9218398723004434,0.9030950871732674,0.900913229490594,0.7157015429668736,-0.5140463558394314,0.9793587559093557,0.9800359249782217,0.9757778483259082,0.9708411427694187,0.9712524068269487,0.9783178134845514,0.9779098556952669,0.9659651692138113,0.9676833234194878,0.964844348883437,0.7676751959185554,0.8808111014029448,0.950614977407951,0.8031302203132936,0.9400097258467675,0.9410742625937393,0.8694051089595254,0.9593367964801435,0.8389305506747885,0.5363018937469032,0.6863587504142996,0.8483823213336531,0.821451722753455,0.8376709309569836,0.9602024619683945,0.9602973395078845,0.7363527037456182,0.7099528836533054,0.7545197251995811,0.4127854779006447,0.7436374866002753,0.7600531394322294,0.7539106130841691,0.7500804896145641,0.761505303696975,0.7139049055349245,0.6990431730675544,-0.29271898775012045,-0.4226815650917605,0.6723934636644759,0.8633632154043734,0.8812899804341712,0.8936028544821615,0.8752308032543525,0.7868418604302395,0.8542747540290325,0.8730593949800737,0.8732101542389344,0.8152344885738335,-0.13557463004355616],[0.9978683674319438,0.9944673532816973,0.990077985757745,0.998130380071673,0.9991068391561182,0.9851151985489032,1.0,0.9974442536949742,0.9575723415515108,0.9995910330338182,0.9995366571640584,0.999552483297044,0.9983575650601595,0.9994559323040862,0.9991496955539824,0.9998883092488824,0.996441500705319,0.9999027725219689,0.9993515313119761,0.9993563949418544,0.9997002145012897,0.999299702130469,0.9907931936752581,0.9747729845441228,0.9854349702862882,0.9259142865068872,0.9933046939264564,0.991252828979325,0.9734729397151476,0.9498359821513086,0.9916125392099662,0.9917456657429781,0.9932548845337729,0.973697833803207,0.9989673972002265,0.9998443483258161,0.9997017027496728,0.9994644117465851,0.9997491401667618,0.9998277816386547,0.9984523337801746,0.9997235802664598,0.9993624032228366,0.9990044584678296,0.9811918229663654,0.9274096264022917,0.9492628707321509,0.943252743631847,0.9328136493660967,0.8889147369220274,0.9568091961768973,0.9438341755535716,0.9590885670672761,0.9600807424723294,0.9509260592057379,0.9812487569132324,0.9802988328726698,0.9914618351955804,0.9963673427539423,0.9479764969040211,0.9637532866343649,0.9733174372391775,0.9740179608251941,0.9749043733177954,0.9479805405487227,0.9049199168032482,0.9555143335014057,0.9611056989477341,0.9390869966061454,0.8947292437983135,0.9675845203824599,0.9400069308825023,0.9678295362990437,0.9483281248796557,0.7778610477504121,0.8571594414942783,0.7790834014671573,0.8723200473808196,0.8909984622464963,0.8955965172650917,0.8741528418232833,0.88627247762946,0.3331601713504157,-0.5948849042096128,0.9649061038573795,0.9505839322304905,0.9492649737876638,0.9496135741106019,0.961022963370653,0.9712826127142778,0.9713274792478993,0.9307038874324144,0.9678743333163133,0.8492280539578366,0.7506368403201393,0.9243897572520424,0.9306111383010218,0.7846137102835791,0.9490479662883096,0.9500536099867991,0.8961819872555531,0.9702675512118595,0.832127649804708,0.5962686160318037,0.7104376409013083,0.8551910784162232,0.8464983441098249,0.836720058074229,0.9783087126048572,0.9785054931893314,0.7696976626158307,0.7130986240357774,0.7821187309513552,0.383350140921668,0.7739922006029816,0.7935224770832442,0.7887885892723646,0.7911150831040582,0.7616188087886593,0.7402812135304396,0.7211156587041361,-0.27995703179071274,-0.43029818771724154,0.6713008096422121,0.8890930669682003,0.9247164356887317,0.9412715716959401,0.9116377275259538,0.823942070625288,0.9098151897602095,0.9298377730291072,0.9285807535621116,0.7755644906730964,-0.13476274816144],[0.9960089357560914,0.991398728647535,0.9906951620942916,0.9964568770756685,0.9985185915307894,0.9858525811002355,0.9974442536949742,1.0,0.9685363294595587,0.999999821392856,0.9999992673675898,0.9997311834389915,0.9999970399853962,0.9999922133095697,0.9999981393156555,0.9992844596927098,0.9910243178983869,0.999419887622704,0.9999041196724009,0.9999037185217974,0.9999628146762887,0.9999987366517638,0.991162325566774,0.9762423943251012,0.9925705253330918,0.9400650827941356,0.9938073739827723,0.9892856799256359,0.9756738292732587,0.9490431737394576,0.9878995957478106,0.9937971313629083,0.9917400771806638,0.9704494798721737,0.999455342169817,0.9995469090567087,0.9996575687263543,0.9997295354384687,0.999137481572144,0.9994743729573563,0.9981490265860227,0.998757992039233,0.9995264274411743,0.9993892695770243,0.982812641074288,0.9272407911351,0.9464111877118838,0.9474760486033308,0.9308894138069764,0.8772808069674138,0.9550748383319345,0.9391676711481082,0.9569790267563122,0.9541396478088464,0.9447204626822759,0.9792030950754675,0.9772476919286781,0.9904017156579806,0.9969402981018977,0.9429205881288001,0.9593818894780265,0.9667574718756505,0.9708443265279343,0.9687417817119736,0.9462160300471516,0.8968634476928246,0.9506288682560257,0.9541964072717236,0.933583918699047,0.8822192117490604,0.9647671918000462,0.9336967611403526,0.9622600600828505,0.9436244440563408,0.7646463184823898,0.8489000308953196,0.7745642667808469,0.8641330201748887,0.8836610271046567,0.8908795223584645,0.8696635020874331,0.8793410969363726,0.3151936248583284,-0.5994242551455645,0.9605958834723985,0.9436600145712118,0.942989033308842,0.9476132851923004,0.956234994538013,0.9670426425934635,0.9670755637883518,0.9256213314381389,0.9608868032201224,0.837655599274629,0.7473958058287871,0.9392187816225773,0.9416283324461542,0.7807161124121614,0.9487465363970965,0.9499097813299365,0.8936226053336879,0.9743562629483189,0.8351917833758895,0.5819523483311949,0.7015556275551571,0.8562761044606231,0.8433495337512077,0.8390041002338258,0.98085687643285,0.9810581226868156,0.7605533306146189,0.705190652451858,0.7835106718611983,0.3704346622487776,0.7688124873800641,0.7889849812296886,0.7893020530209826,0.7855078341202072,0.755205947754171,0.7343744945703534,0.7146117758122875,-0.29590745015708786,-0.44521431501510006,0.6566722433579576,0.8813624122925063,0.9222291073670515,0.9336615606851338,0.9057547581083144,0.8130453790119085,0.9033515740437098,0.9235389107667553,0.9225604910867586,0.7564374334302254,-0.11766013745475243],[0.9691996923083444,0.9841201546838422,0.9904912786305891,0.9715013744914198,0.9840228743792155,0.9921645983394336,0.9575723415515108,0.9685363294595587,1.0,0.9835450472790007,0.9876523499997671,0.9897802064229521,0.9722331706917632,0.9805562890589722,0.9771533478167468,0.9749740507004117,0.9489900018309056,0.9797112016488848,0.9779003695195588,0.9778724084299713,0.9820098324575118,0.9770362182778036,0.9940093326799812,0.9922988310634261,0.9814908390439616,0.9880796725814618,0.984497792982787,0.9895461039273377,0.9901696709165341,0.9657985543206369,0.9284025181230467,0.9499886768189271,0.9653891674317127,0.9477953605643671,0.9715697318933788,0.9798716106422765,0.9766665399336282,0.9790332119716322,0.9878337226374131,0.9809887490215355,0.9674324652503011,0.9767573412715941,0.9724070549691671,0.9713716298988884,0.998913519930244,0.8856123478259114,0.9154440146463694,0.9371502165306212,0.926358069593513,0.8488980093620437,0.8850200491344472,0.8799184632492733,0.8887732647756021,0.9092966559576989,0.8912571907855104,0.9286464673533357,0.9438293798921137,0.9497139045158876,0.9624916821486031,0.8964193824658574,0.9629125349466042,0.9397490676807766,0.9614231193375263,0.9398067380527952,0.8943852667211329,0.905683332970955,0.9352376828914256,0.9076305503497745,0.8705505667065064,0.8690582210715656,0.9627767999400385,0.9126134922502778,0.9383380954799648,0.8993914142473511,0.8010716444439404,0.8305292746397652,0.712302155952564,0.8516957928169798,0.8681320609430739,0.8817257309805726,0.8299516216749272,0.8485834942195207,0.3581573938868274,-0.5395327460923338,0.9515350192415213,0.9453645013031977,0.941872827902474,0.8955902137716414,0.9409878788179923,0.9497817879404508,0.9491740540445962,0.9320806137529467,0.9338782846012714,0.8553410525972653,0.7501718989383217,0.9306047830172001,0.9570767599735845,0.7761611876660072,0.9287532752018094,0.9304720466591139,0.8501028528464218,0.9677241549395532,0.7435694000735978,0.47650972549757187,0.6438385553810703,0.775303543631602,0.7737989851446003,0.7534704025398532,0.9671861742384773,0.9672190988983407,0.6893515846564787,0.6653085440024219,0.6769396483156153,0.359736369532384,0.6825103503894434,0.6919984269815467,0.6776015581281453,0.6901315010736006,0.7293907219508494,0.6775638729476272,0.6600449021781339,-0.34080845089382183,-0.4759422914977911,0.6707601057151976,0.8398634026839592,0.8377009001926444,0.8643503517899881,0.8621040002359026,0.7517091960778046,0.8165638481415755,0.8434724214964434,0.837578991604979,0.7076893065546259,-0.057683875892085124],[0.9963378331938738,0.9914180874411271,0.9934454776386998,0.9968292644287738,0.9985185616492558,0.9852448703591852,0.9995910330338182,0.999999821392856,0.9835450472790007,1.0,0.9999990971614272,0.9997362554749535,0.9999984952781438,0.9999909362940791,0.9999976280420989,0.9996578044735819,0.9977490610828091,0.9994136469779255,0.9998751647195735,0.9998751108442718,0.9999757825510605,0.9999992660467002,0.993747933585428,0.9776999977520578,0.9958960773523446,0.9735281591560835,0.9959854377742201,0.9892593073669709,0.9799751836471972,0.9502091601389483,0.9892378914278339,0.993459930200252,0.9890847543184116,0.9667226869158103,0.9994693719450953,0.9995373296773117,0.9995487493789957,0.9998203376878048,0.9991517117315687,0.9994822000779006,0.9983382762191402,0.9987965086108741,0.9994722453804613,0.9994671150648817,0.9870911093784579,0.9271785058741182,0.9464489501459241,0.9472495638112857,0.9306416888339619,0.8774325414532769,0.9440463537268566,0.9317364852367629,0.9476944981776699,0.9520525406292674,0.9424821363051786,0.9775725761648336,0.9772822013814935,0.9908646504302527,0.9967051895011899,0.9718368150643483,0.9592905353986135,0.9725976589066844,0.9707905148020886,0.9730332074558726,0.9727611629164903,0.943570571243568,0.9505387692468626,0.9493250338769773,0.9489749770347974,0.9091181402273055,0.9646821533135074,0.9639491454185267,0.9696783650100465,0.9686640433815944,0.9266502670136132,0.8489561768680973,0.8039323717315348,0.8638848795736567,0.9043808352607091,0.8907718666348042,0.8970454042470882,0.8961442491881343,0.6939815818651893,-0.6104391766189059,0.9605349149592489,0.9436707116815362,0.9430080919967126,0.9730160108657254,0.9514567565190525,0.9666184189361821,0.9662155387150709,0.9262267353090374,0.9684960801291999,0.929511576889241,0.7474121047915425,0.9388825337355973,0.9539703075268743,0.7623726051333835,0.9417525888324816,0.9430936217363869,0.8936939855837678,0.9734622607071349,0.8946689079108286,0.48316804330567104,0.6759460600463374,0.9003868627551174,0.8481809727830851,0.8957398410604228,0.9808115445550498,0.9810441644692784,0.7606216377694537,0.7049344988039853,0.7638672998079059,0.37056716770892884,0.7140787485369596,0.7689761236921607,0.764301599461251,0.7299363888139129,0.7549623263628438,0.7343679426971376,0.7145829716696069,-0.5195125925974452,-0.6009379417548849,0.656833026589384,0.8815351172514089,0.921920389587786,0.9369998576082345,0.9059767543174094,0.80933956568905,0.8966510838492406,0.915302962993065,0.9147565402087435,0.8044894374109159,0.10833639537933357],[0.9944195310957958,0.9914248827426471,0.9974635304074911,0.9951550271380887,0.9980987981048488,0.9807621075583797,0.9995366571640584,0.9999992673675898,0.9876523499997671,0.9999990971614272,1.0,0.9997363291299565,0.999996245632704,0.9999944766959631,0.9999982118667613,0.999635832473385,0.9973282776839877,0.9991140176674618,0.9997645178358698,0.9997643307578171,0.9999983512808396,0.999998227586711,0.9926735395136131,0.9720051051563106,0.9948403676835409,0.9811832814198814,0.9954657792393637,0.9892766200421175,0.9816262022976749,0.9405374178116128,0.9877525606916789,0.9925588418734528,0.9819597701174433,0.9383841936547535,0.9992073631794045,0.9992673974749889,0.9992001813908609,0.9998850962617626,0.9991327022836711,0.9992108310772009,0.9976892130686864,0.9983314269986422,0.999175854666333,0.9991730411240538,0.9889521086986722,0.9268571330251375,0.9084299812926889,0.9471764738118802,0.9305141552060592,0.8770624730984273,0.9080817771304929,0.8954351581750365,0.9130417084523114,0.9214186086987431,0.9062559696063138,0.9682724669401377,0.9682421317682046,0.989880951098581,0.9950180105637444,0.9638890366927071,0.9593904788222744,0.9604293563469881,0.9604052939340051,0.9622757207025658,0.9619972694929038,0.9183113574657337,0.9396470577552386,0.9154701816447325,0.9149635854968724,0.8346549461736636,0.961842921900467,0.9682406478105146,0.9642438080985265,0.9631277743493574,0.9166887534493737,0.7685247480275728,0.7246582267530697,0.8184125447695328,0.8783304367574433,0.8426085794751252,0.8604070973413223,0.8588897064822366,0.6858483084185166,-0.43535423804319434,0.946201786385173,0.9437780882561917,0.9430784586749602,0.9652196366343911,0.9371632667325447,0.9495123239669537,0.9488080307271406,0.8939455946875022,0.9527643877658643,0.8999402479688945,0.7475602491510304,0.9392539961485995,0.9567128829443835,0.6320641242925505,0.8946570267726545,0.8976942280762862,0.8481732075422154,0.9840896191157943,0.8357066670275684,0.14896517404348927,0.5208478720769687,0.8481186656833934,0.8116250296964644,0.8420716578355487,0.9848202036036172,0.9848325083478682,0.49789933618494747,0.6085165006509521,0.5054931325812451,0.3704668583883284,0.4695219745668595,0.518165000657996,0.5074751039396213,0.4438274063594741,0.7418323125591227,0.5856335170999439,0.5451374656944986,-0.4847867716572462,-0.5390135455835939,0.656188920803204,0.8598532235849998,0.8727641444956132,0.9021683623589438,0.8994430272104739,0.6570303415589257,0.8363734539175608,0.8645659265785377,0.8637844521113553,0.6061144585188205,0.048073940333839674],[0.9939816418577151,0.9932586848274035,0.9965713170489089,0.9949632181295766,0.9981417561243802,0.9797088895479251,0.999552483297044,0.9997311834389915,0.9897802064229521,0.9997362554749535,0.9997363291299565,1.0,0.9997508821590347,0.9997344788523601,0.9997418688014855,0.9996361443867363,0.9979711954778605,0.9993269660264931,0.9999662190137895,0.9999658902410589,0.9997408153406439,0.9997471872032682,0.9919232259177017,0.9672601714594001,0.9933546009497324,0.9812585137569406,0.9942229287043222,0.9922489886719623,0.9767675041411906,0.9177477849169283,0.9903614531290936,0.9935259255660392,0.9768493620540406,0.9158096596078077,0.9993345667153456,0.9993891908555506,0.9993444604953964,0.9995335492847118,0.9995595446477596,0.9993633134623522,0.9974982079473494,0.9983431659722256,0.999320361304423,0.9993168793677956,0.9899939463368088,0.9217806426665897,0.8926410194682347,0.9440541177644629,0.9300430675302886,0.8771569630538796,0.8674734621399481,0.9082908565723059,0.871686057899314,0.8928708441571211,0.8653314322293048,0.9542432804694353,0.9542178923795857,0.9797446049040325,0.9941024624632864,0.9625885809454454,0.9640289502071328,0.9560972306070914,0.958001029786919,0.9593943395816465,0.9592376302906831,0.9184489363121152,0.9307794044431452,0.9007328324200485,0.9006007049095496,0.8151716903008963,0.9599930334522945,0.9625407263365346,0.9626587807768416,0.9621076300237191,0.9226342550668781,0.7026988303889143,0.6531989921183784,0.7736896702740207,0.8499561898845984,0.7962145324961413,0.8239348769522289,0.822954865183734,0.6526901925143875,-0.34574641831700914,0.940061448219353,0.9470294225884345,0.9398384334297115,0.9636292643806399,0.9374364506229997,0.9444448896083039,0.943554025972461,0.8905263650216829,0.947533307499046,0.8954048816328714,0.6881563900542242,0.9363120386548544,0.9305789246488854,0.47394277049863415,0.8272243125760792,0.8325450597236805,0.7317706526910478,0.9767525457010744,0.7073419006932123,-0.2243745022833992,0.24522049753372918,0.7317589415690061,0.6858151779640496,0.7251415275633377,0.9779406423425319,0.9780115938675433,0.15929948760902019,0.31635730786588234,0.16430889031774146,0.13599536518661268,0.15657880681615452,0.1738666603824672,0.17156621544518227,0.08809728288537472,0.5108580302098611,0.24231228366242025,0.18959600038538255,-0.5074671463336561,-0.549926415522187,0.6569305773921595,0.7501603877770912,0.7744129458192348,0.8366593470883776,0.8253395525800888,0.553213872704863,0.7460675802642396,0.769138794932481,0.7679887385261076,0.4194378485674481,0.24178620369399814],[0.9961298866470858,0.9915614347799956,0.9905676087142951,0.996559625416233,0.9985505692353606,0.9857363310509307,0.9983575650601595,0.9999970399853962,0.9722331706917632,0.9999984952781438,0.999996245632704,0.9997508821590347,1.0,0.9999907083929498,0.9999976716563446,0.9993356840165736,0.9927678273761288,0.9994624657926087,0.9999134736214402,0.9999132776296961,0.9999700059281562,0.9999989386679061,0.9910582705221829,0.9760778834508679,0.9932334906607272,0.9450028839973563,0.9937618260151074,0.9894178378264622,0.9754867513152098,0.9490170223001316,0.9888042077378205,0.9938728219949583,0.9918321884065653,0.9706024757789278,0.999498035947427,0.99958791815693,0.9996890048259075,0.9997301089443856,0.9992048490377771,0.9995171203994364,0.9982379658967054,0.9988293487038743,0.9995696427684819,0.9994328787999494,0.9825916780226586,0.9275386477482787,0.9466018756893897,0.9474339048377755,0.9310847461772519,0.8780377138654254,0.9554302870182501,0.9395778227297014,0.9573398953186362,0.9545068600757907,0.9451329953745722,0.9794597957843205,0.9774456992741634,0.9905456902595794,0.9970151781049439,0.9432165229302464,0.9594968157676766,0.9670163407683058,0.9709534722382402,0.9689976042134376,0.9464633203601791,0.896957904583613,0.9508555335281494,0.9545824555996593,0.9339996587027511,0.8825591779515637,0.9648279073588124,0.9338906113630034,0.9624615671931477,0.9439005128286136,0.764676217753457,0.8492958910882595,0.775079706943488,0.8645097410227708,0.8839502702048057,0.8910826247243477,0.8700375417459688,0.8797199730719752,0.31542801748150273,-0.5994069307750125,0.9607628171130748,0.9439255091563286,0.9432199078841761,0.9478485712555882,0.9564169332015646,0.9672233366159466,0.9672579543689407,0.9257341710406316,0.9611656154237961,0.8377967330390551,0.7475218545382503,0.9385491161913809,0.9411157239065445,0.780849482997359,0.9487765475882475,0.9499312498077059,0.8939627645451665,0.9742036041488078,0.835664802307433,0.5830151312312378,0.7022229029391207,0.8567397562228188,0.8438806874811867,0.8394734723994894,0.9807858634051191,0.980987029446102,0.7611849740707175,0.705745995118184,0.7841084564201909,0.3711639957028899,0.7694907185443508,0.7896725634924758,0.7899110197007758,0.786217523388562,0.7555726216240762,0.7348275138296603,0.7150859215902613,-0.2949429011413138,-0.444352298627135,0.6571623692089865,0.8818829250424189,0.9226819691999861,0.9341907054039227,0.9062252089910009,0.8136120901893326,0.9039269590809754,0.9241063195666646,0.9231166976488524,0.7571179875218483,-0.11868996028270783],[0.9961630021000071,0.9914186591130717,0.9928374760555304,0.9966832316544784,0.9985510846675684,0.9862215813565217,0.9994559323040862,0.9999922133095697,0.9805562890589722,0.9999909362940791,0.9999944766959631,0.9997344788523601,0.9999907083929498,1.0,0.9999947028918044,0.9995355124145878,0.9976753317627937,0.9994172917232172,0.9998975815213144,0.9998965214362051,0.9999508604000704,0.999990843222737,0.9930532593603284,0.976496621630848,0.9956115587212511,0.9675289936118429,0.9953834950699307,0.98922378503358,0.9758064355579821,0.9491763178778428,0.9889312353677092,0.9938262612159643,0.9910477170977178,0.9700653105463091,0.9994682075527231,0.9995391376609042,0.9996039749159727,0.999880360409253,0.9991632399864511,0.9994635080049786,0.9980697159100215,0.9987460910564546,0.9994851121523367,0.9994777472618515,0.9850730923551706,0.9273377133892702,0.9463358510859116,0.9471172211661922,0.9304833265031103,0.8773542537048097,0.9492048867180024,0.931267664394644,0.9513894831181637,0.9538272418766809,0.9443828870920746,0.9776335291290532,0.9771017518355084,0.9897447798608983,0.9970107438718756,0.9719853606675343,0.9590564021051855,0.9725661766011142,0.9707902978755365,0.973556379739761,0.973270595267145,0.9520752924803019,0.9502267879197777,0.9535723444780819,0.9532026899655222,0.9253811413622901,0.9647161021881959,0.96677970463139,0.9712703439533662,0.9701171908852102,0.9359500587381244,0.8486064745958859,0.8113387516308771,0.8636181075710845,0.8953952005796525,0.8906423101461034,0.8915850715119886,0.8903578639926901,0.6715195204847004,-0.5997845167801488,0.9605498326475562,0.943564023085861,0.9427497325414931,0.9731726459277186,0.9562710946306214,0.9670087720795336,0.9670961651608274,0.9256536019439038,0.967519278058507,0.9376238370228714,0.7472369147491135,0.9385700227509977,0.9470429498999609,0.7797772085029975,0.9485908661754342,0.9496770588689865,0.8935660920103697,0.9745689600675987,0.8838338790609469,0.5823282096033948,0.7010870601532132,0.8914325397362353,0.8561298881835808,0.8820337875671969,0.981079174927298,0.9813087189680216,0.759698130480596,0.7043461271648237,0.799787351918157,0.3705145863960253,0.7734092382225419,0.8043994934454385,0.7989451182671076,0.784499513660363,0.7550299697251925,0.7330095185747415,0.7132652227180872,-0.3871941074810161,-0.507903082444509,0.6560459723814775,0.8815363043822354,0.9193257576122891,0.9295545364998258,0.9063240068437334,0.8122108862413623,0.8905255706490962,0.9121848150110778,0.9117674790895085,0.8423029024880873,-0.08577566051187228],[0.9960552254383842,0.9914830912097734,0.9907544166613567,0.9965025049413595,0.9985510923704353,0.9859230678381489,0.9991496955539824,0.9999981393156555,0.9771533478167468,0.9999976280420989,0.9999982118667613,0.9997418688014855,0.9999976716563446,0.9999947028918044,1.0,0.9994302422277458,0.9969078699444237,0.9994367834518053,0.9999072233500219,0.9999065161136652,0.9999640068895902,0.9999975135944894,0.991207123595441,0.9763073436244764,0.9949605737068831,0.9589103175811785,0.994765003175325,0.9893683006036197,0.9757286870470226,0.9492184142767428,0.9912606071225235,0.9941449893703661,0.9916859856741235,0.9703531710217214,0.999467667720347,0.9995486622452134,0.9996652603020968,0.9997457184841166,0.999168011454308,0.9994720366382894,0.9981753655707192,0.9987753239529791,0.9995369416072207,0.999402649074912,0.9828112401084698,0.9273199460873321,0.9464308794473018,0.9474718903121317,0.9310127879421091,0.8776043271144304,0.9551579565725954,0.9393077152944597,0.9570950585134982,0.9540881201590402,0.9446366008770634,0.9792309993743381,0.9771917639370306,0.9903714932502137,0.9969040931787193,0.9432279691053503,0.9594750177389826,0.9669308747310338,0.970921923060398,0.968900349199061,0.9460152269068924,0.8970874210341592,0.9505266881644463,0.9542624893167583,0.9338050774469621,0.8823555337954594,0.9649173076505231,0.9340573921317337,0.9624713830839426,0.9439470347375237,0.7650072463635522,0.8488850769756652,0.7748352587039695,0.8641621134525901,0.883836613458807,0.8908800318519062,0.8698209164093545,0.879515251304069,0.315556972541025,-0.5991206122516054,0.9606784868051469,0.9438168564559458,0.9431256109036358,0.9462413424743567,0.9564148033935974,0.9671231903958384,0.9671526645631584,0.9258140270806463,0.9610610158737954,0.8379333715605682,0.7474323590007055,0.9388973435052183,0.9415213132374654,0.7807064241429226,0.9486675485748381,0.9498352843424596,0.8934393134592685,0.9743744354211177,0.8352274429547724,0.5817833247437881,0.7014427046902447,0.8562894222374692,0.8434801169773053,0.8390368811520666,0.9808992296071942,0.9810973917966366,0.760154434062635,0.7048355577215949,0.7834933670455186,0.37070753697019243,0.7687916917058887,0.7889060916519502,0.7894635413970243,0.7854084080819819,0.7551203954834154,0.733613045354965,0.713885335744363,-0.29571517841043576,-0.4450175641859753,0.6569273637145212,0.8812688706378704,0.9223570125471399,0.9337073343023741,0.9057952769241331,0.8128407123159326,0.9035611254807497,0.9235794836540386,0.9227192773603284,0.7565375585457093,-0.11794165058887437],[0.9976116457132883,0.9937907527174024,0.990160646697967,0.9979014386740579,0.9990600094331035,0.9855738789007344,0.9998883092488824,0.9992844596927098,0.9749740507004117,0.9996578044735819,0.999635832473385,0.9996361443867363,0.9993356840165736,0.9995355124145878,0.9994302422277458,1.0,0.9983204512586588,0.9998412664123325,0.9995241126376115,0.999529182123317,0.9997545520909784,0.9995090598364724,0.9908254090408258,0.9752282165599533,0.9935278986273763,0.9508535925861478,0.9931635664460307,0.9911691295032027,0.9737528236195534,0.9497894987299403,0.9917457253331456,0.9925153120550423,0.9926192282566052,0.972601631988376,0.9992500572396403,0.9997255487031186,0.9997038161781652,0.9995474114258623,0.9995627116807896,0.9996788180818358,0.9988044580042581,0.9995592280745276,0.9994928646230985,0.9992435927500412,0.9813129777949174,0.9258628141932608,0.9487097833651611,0.9430505657635347,0.9311378391613875,0.8851482506177119,0.957346672824102,0.9441130292406006,0.9595836172315733,0.9585317579702014,0.9491755179240361,0.9813520320795523,0.979429882218735,0.9913937278560407,0.9963920949726105,0.9481555882402728,0.9631721450847395,0.9723966032808051,0.9735559701854952,0.9740813944021176,0.9490943132090643,0.9035273469092158,0.9540117392683892,0.9600218514083546,0.939169918533707,0.8918309339394737,0.9674136856824613,0.9394900643276552,0.9672560746952583,0.9486993232287148,0.7745631235266721,0.8549337500193931,0.7796502431217467,0.8699123373539641,0.8894005957353535,0.8939342729680056,0.873910835901765,0.885287616967735,0.3279879231077049,-0.5957278417110256,0.9641065156670839,0.9491481983177076,0.9481171723094807,0.9507715370360295,0.9606704602125786,0.9705592522013411,0.9706356738835811,0.9303611514044577,0.9668118625217745,0.8466984086704369,0.749084165099457,0.9280911876764589,0.9328757285328453,0.7832953979486371,0.9487340347150105,0.9496871583743322,0.8937736252831708,0.9706310870838887,0.8344973632846546,0.59217174963