var element=document.getElementById("correlationClose");if(element.style.display!='none'){var correlationClose={"data":[{"type":"heatmap","z":[[1.0,0.9999881443962573,0.6532659851602226,0.9997238702970935,0.9979682505651554,1.0,0.9923218832621019,0.9886513359749162,0.9886513359749162,0.9929929883789734,0.9767502516334203,0.9868209389399336,0.9923590732964512,0.9927769088566001,0.9924120347216564,0.8226713748298224,0.7655310529636189,0.3202282999663662,0.9932609305567919,0.9932505904368429,0.9855413570068077,0.992348408220013,0.42615669811974033,0.7309982351266345,0.9815025969332574,0.9815025969332574,0.9814841823256678,0.9749793107376544,0.3364418802312637,-0.11286173878003689,0.9896600040886147,0.9896252605451903,0.286215755532735,-0.1875225448173604,0.9946806497004899,0.995328838924378,0.8434913123740724,-0.3649128278147925,0.9905966574184778,0.9952935647250196,0.8103273122818477,0.3011015750655219,0.9948259382480389,0.9948174267622005,0.9948259382480389,0.8884281110334405,0.6533751432920382,0.9018009996313776,0.9086969287739418,0.817303128877374,0.37530159716829326,-0.1694409076370014,0.20252164834397235,0.9467137703448486,0.3948596875050389,0.9748424770441382,0.9701883574093048,0.9800977146496896,0.9897730949496673,0.9291682383812382,0.9360994803679532,0.9441895454960025,0.9283995146102889,0.9415155640955667,0.9421662569417988,0.9415155640955667,0.8790830420124942,0.9205104832586242,0.9214319781435825,0.9205104832586242,0.9200564500892697,0.7816944328513343,0.892841662524205,0.8941675518115603,0.892841662524205,0.686511051279446,0.36593994773699123,0.670337370557794,-0.5591597482710112,0.5757976947858185,0.6018533741252866,0.6023349322769412,0.6018533741252866,-0.10303640125434055,0.9085050873586167,0.9404021032487021,0.9238103098188716,0.9304791961607383,0.3042584476697911,0.9038111581033518,0.9046291107830525,0.9038111581033518,0.9084919537622439,0.9084919537622439,-0.10376735067400146,0.5840998628687825,0.16695935344290358,-0.6592282153614027,-0.5837607969940402,-0.587417931508469,-0.1077618079342328,0.11280881679946245,0.21872782602962398,0.03777179926858525,-0.5195395645286457,0.00016206063001949198,-0.7965256138781095,-0.2672743408888565,0.15953416042564642,0.1608700582655553,-0.5655497128228064,-0.5840608815657904,-0.26226946483129143,-0.5087675012940192,-0.8192710271452885,-0.3929961364620874,-0.38487549106431407,-0.3929961364620874,-0.20534936781304733,-0.3188974675640112,-0.3188974675640112,-0.8073545840471896,-0.8073545840471896,0.38237515691638735,0.6317156301788136,0.8567771293439058,0.8409375409554009,0.7604528887429578,-0.3141384889796877,0.7496987172517556,0.7841283427950677,0.7843907627958413,0.7841283427950677,-0.20502010483645383],[0.9999881443962573,1.0,0.9786409755468483,0.9994289889450277,0.9956239614190856,0.9999881443962572,0.9841153499971504,0.9779244407545571,0.9779244407545571,0.9839752576348954,0.9701067365945393,0.9855537584081135,0.9841559939621852,0.9840965280082816,0.9839955570465831,0.29482832253519126,0.2076072271707577,-0.40261781843420963,0.9880331681654272,0.9880171671697157,0.9842032406223687,0.9841983807572081,-0.1194717432488748,0.9777968967394791,0.9793458145534065,0.9793458145534065,0.9793929015196442,0.9751698328835705,0.1366900188477512,0.15738871938320736,0.9810932869364057,0.9811483702030716,0.8784064892725373,0.15230819702819953,0.9906442169653008,0.9906929359952372,0.9912696116126396,0.9853288192023131,0.9896302307695899,0.9908074575167847,0.25064798656240067,-0.40784666212546267,0.991318891165255,0.9913083408287177,0.991318891165255,0.8882399588761277,0.5021071174105506,0.9018093608550561,0.908518518312329,0.8167369228936648,-0.3402497399125417,-0.505914505174514,0.8307800640050802,0.8729319630256273,-0.24637714800844793,0.9346126149665641,0.9347496542476388,0.9550384107555179,0.9768162958128478,0.9473672157881361,0.9543739060707381,0.9391699891362879,0.9384237981730144,0.9437632621141383,0.9442601008748365,0.9437632621141383,0.8441795944823571,0.816872899951621,0.8187296911998858,0.816872899951621,0.9490933458677441,0.9526100374873354,0.9492068329688839,0.9500762624352885,0.9492068329688839,0.5877097987283377,0.5331306351390109,0.6320339310311722,0.7178396736494259,0.6225386312756803,0.6480522477567363,0.6487159768063813,0.6480522477567363,-0.1854247352959604,0.9097413976605109,0.9349352242311154,0.9258796090033267,0.9524856127128615,-0.26455689747168426,0.9057485708410813,0.9060266656939612,0.9057485708410813,0.9136011763693398,0.9136011763693398,-0.19280936199121307,0.5843244917100958,-0.36818204791917,-0.7574840555720264,-0.4613696718448715,-0.46493836281335804,-0.36051902919127965,0.26235551118398837,-0.2516573875833187,-0.472259038681744,-0.7057012504933902,-0.3377434772281096,-0.48142263473975777,-0.3963017413660324,0.13379342761406282,0.13028165270210307,-0.488604393783931,-0.4520339226562595,-0.4806241874483264,-0.5114504395459111,-0.5038385442458688,-0.48284569174604947,-0.48594479624812775,-0.48284569174604947,-0.3530321530857831,-0.5229094015613586,-0.5229094015613586,-0.49698868253501916,-0.49698868253501916,0.3823175518103678,0.3686466970966785,0.4930012113143578,0.5898154085579906,0.5281107970729606,-0.43211432489890084,0.3607895473405049,0.3178415605156194,0.3179550937889391,0.3178415605156194,0.14638185683916552],[0.6532659851602226,0.9786409755468483,1.0,0.6497780550056926,0.5768555625849072,0.6532659851602226,0.6362888631331375,0.6277407393463843,0.6277407393463843,0.5737292609277503,0.533137160504374,0.9956612994714364,0.6363125378009685,0.6282945702901327,0.6365139379687224,0.4479077976512852,0.43323583021266526,-0.18652835490574313,0.5960030888536106,0.5952673419675472,0.5600894666359656,0.6353609365552998,0.20574665058468897,0.7758560347919472,0.6138238521763092,0.6138238521763092,0.6135902570139073,0.9881924992668814,0.3204184905275718,0.14814068673376657,0.5946090292571203,0.5942172113826335,0.7024551571165041,0.00042763707335729384,0.632480838982937,0.5682904370620285,0.602367690208456,0.31128460518141154,0.9935917236521277,0.5627672687787479,0.4370513892982971,-0.19515265833261544,0.64930316583816,0.6304893493367725,0.64930316583816,0.8850363142663654,0.39759446618551797,0.9219865251322144,0.898523225656858,0.7071825922209286,0.21149926479453057,-0.05812734352541079,0.049308494740800186,0.5105648560960319,-0.08773468856831963,0.577411629868009,0.5384027508052616,0.5632752439838502,0.5268520888433056,-0.014972860999960313,0.7797630250134243,0.7127260404744724,0.6142856313025986,0.7184986639727714,0.7507768071305716,0.7184986639727714,0.4945492545008533,0.6213420281659461,0.68498155787506,0.6213420281659461,0.6748364532423138,0.6638078773222753,0.7132248817401048,0.763223817545372,0.7132248817401048,0.3696384848111388,-0.08773573494787971,0.3862905301627852,0.10434787502981271,0.37733333282293174,0.26108420049053815,0.4716228249950377,0.26108420049053815,-0.163149934652001,0.5839266607461544,0.8722517493545514,0.6587542820928363,0.7642652218090541,-0.04412030373055099,0.6275436685579361,0.627177604447368,0.6275436685579361,0.7015350084019153,0.7015350084019153,-0.2109882955087577,0.7035187112567296,-0.1920728623257223,-0.6710858635645927,-0.42913924606879295,-0.43279093775852695,-0.4150583062904185,0.08275779159616839,0.02116570972033712,-0.3200862633129817,-0.6511036001286364,-0.16258096086668236,-0.3014395925082682,-0.2572040754541189,0.035272601990468534,0.033366327074710336,-0.4817243955485111,-0.0504175043916116,-0.2523362860799067,-0.505767626684182,-0.18696650227062747,-0.39642907733608307,-0.2765736570431461,-0.39642907733608307,-0.41263807821990767,-0.5311325838101264,-0.5311325838101264,-0.2933444312433684,-0.2933444312433684,0.3235780948779774,0.17869370332038448,0.2757822116007784,0.511742305036677,0.2686945089954882,-0.3697410051912143,-0.01938509769845529,0.45367739987378825,0.5579474480556352,0.45367739987378825,-0.024788728383384275],[0.9997238702970935,0.9994289889450277,0.6497780550056926,1.0,0.998898731383229,0.9997238702970934,0.9936215435349621,0.9904087688143446,0.9904087688143446,0.9945100805801916,0.9747573694088898,0.9902595176443971,0.9936484689112002,0.9943591113148591,0.9936776517494889,0.8218134156466419,0.7642948297611277,0.30533043033800733,0.9943736327726629,0.9943659925059074,0.9856532962870149,0.993630522578378,0.4175579960599652,0.7353712258561076,0.9841051613530716,0.9841051613530716,0.9840862549967728,0.9812814962841417,0.33233494896702626,-0.11906027042004622,0.9890024853360847,0.9889763151340353,0.2783864920611856,-0.18773527897736028,0.9952407352636241,0.9960819150968294,0.8094183472057707,-0.3694118609640675,0.9930521589880023,0.9962730849779411,0.8087185839595844,0.28590360034248846,0.9932046462217473,0.9952873052569515,0.9932046462217473,0.8859244589646111,0.6409882332951874,0.9066241680555938,0.9063168592939174,0.799289184307969,0.37024279903799456,-0.1745718952209852,0.19698984645936193,0.941202342205734,0.3789022332092121,0.9703506213453814,0.9672243645094242,0.9779295501865226,0.9896994729856509,0.9093218640563765,0.9302009265236193,0.93205786731849,0.9248503252480195,0.925607090850369,0.9264889481523779,0.925607090850369,0.8717182460388908,0.9090417419602439,0.9100515028780424,0.9090417419602439,0.917041305945539,0.7252251873626382,0.8562804489667357,0.8576171691865601,0.8562804489667357,0.6789752598751434,0.13803592311861665,0.661201837283145,-0.5635630325649069,0.5713415918416184,0.3384674829409528,0.5732688479495116,0.3384674829409528,-0.10923219325993838,0.9037940876075871,0.9337426068192669,0.916910786375888,0.9087099055735156,0.2900544436880475,0.899803521465395,0.9007503857669874,0.899803521465395,0.8904106630842598,0.8904106630842598,-0.10833008179457194,0.6040800390869637,0.17165593806463803,-0.6690480063283786,-0.5904143808637372,-0.5939864540436471,-0.1196386285511988,0.10840432073665679,0.21192990106499718,0.02485209813666626,-0.531429965330678,-0.006004620225319344,-0.801970183619167,-0.2748041491506649,0.14983350404158677,0.1512275134075821,-0.5719503320613357,-0.5804216287696744,-0.26328216737989485,-0.5187859857912864,-0.8205562805210407,-0.39417613736187324,-0.3866159540612295,-0.39417613736187324,-0.2135485579898117,-0.32815181459857157,-0.32815181459857157,-0.8067121925400368,-0.8067121925400368,0.3726806974123656,0.6202291447954646,0.8488035871184503,0.8331822111620116,0.7530061452320569,-0.32672436534314137,0.7406073752237652,0.7751716825043501,0.775434782694412,0.7751716825043501,-0.19016076762748985],[0.9979682505651554,0.9956239614190856,0.5768555625849072,0.998898731383229,1.0,0.9979682505651554,0.9972176872113913,0.995692297577976,0.995692297577976,0.9974146389155532,0.9669940288238243,0.9964639978519384,0.99723555862609,0.9973130971957106,0.9972619390529965,0.7466065138252876,0.6664025409447565,0.09993133152670938,0.9977145426052488,0.9977120166930004,0.9875780852175986,0.9972220239907049,0.06551718308544857,0.7151294089070658,0.9923287616860248,0.9923287616860248,0.992290875496412,0.9901784108496214,0.10926449256854724,-0.10132999606215233,0.9872873424655164,0.9872238384649422,-0.014542921332461982,-0.08628713653623145,0.9978235245521094,0.9977547369335724,0.7994309280745869,-0.4926454065595583,0.9976833994915523,0.9980914095501504,0.7232248297160659,0.07569435988497557,0.997769081392258,0.9977715425796722,0.997769081392258,0.9003749810471344,0.6047757746471911,0.9220661746858936,0.9105152922299037,0.7748208765363963,-0.09060766372176275,-0.5868387972365283,-0.19696877493419152,0.9300165345262972,0.23230774053804437,0.9658576728431116,0.9658914160140859,0.9802575407684532,0.9902136459083596,0.9085840775851071,0.9128803990040507,0.9230875719204829,0.9127852021831454,0.9215558507290182,0.9219261778426578,0.9215558507290182,0.8478164777314716,0.8665759476518906,0.8677116746190427,0.8665759476518906,0.9064632203241217,0.8192181073415861,0.8874524707599973,0.8882631435236943,0.8874524707599973,0.639089070395423,0.5213463218835639,0.6272880938652354,-0.5833405413086571,0.6230889604360228,0.6024241442332091,0.6015634432131923,0.6024241442332091,-0.12577076028757214,0.8869046881494758,0.9109415449848081,0.8954799908317632,0.9164266426695902,0.13615511608807956,0.8863907451866846,0.8874384211690547,0.8863907451866846,0.8927044036063798,0.8927044036063798,-0.1472286381858191,0.652011857239526,0.02606679044058386,-0.6990537697251029,-0.6384448872857104,-0.6391433677708084,-0.15129785108762245,0.13166074664608599,-0.1785251118241941,-0.2225849481698451,-0.6030231904170565,-0.3657080048181461,-0.8494446830647697,-0.5526217490517785,0.11945036114707167,0.12069532232139499,-0.5978621947253937,-0.5739407177619394,-0.5400468119224004,-0.5565895456757103,-0.7789872887544311,-0.5917281818532426,-0.5944869631498543,-0.5917281818532426,-0.2521456428761583,-0.3617108325747115,-0.3617108325747115,-0.7474493812911931,-0.7474493812911931,0.36051461157888265,0.6024479315163309,0.8019371358548785,0.7878241749259117,0.7431934878775037,-0.4540365077097686,0.599918473119919,0.6663476555487476,0.6666801477125703,0.6663476555487476,0.036828542452625526],[1.0,0.9999881443962572,0.6532659851602226,0.9997238702970934,0.9979682505651554,1.0,0.9923218832621019,0.9886513359749162,0.9886513359749162,0.9929929883789734,0.9767502516334203,0.9868209389399336,0.9923590732964512,0.9927769088566001,0.9924120347216564,0.8226713748298224,0.7655310529636189,0.3202282999663662,0.9932609305567919,0.9932505904368429,0.9855413570068077,0.992348408220013,0.42615669811974033,0.7309982351266345,0.9815025969332574,0.9815025969332574,0.9814841823256678,0.9749793107376544,0.3364418802312637,-0.11286173878003689,0.9896600040886147,0.9896252605451903,0.286215755532735,-0.1875225448173604,0.9946806497004899,0.995328838924378,0.8434913123740724,-0.3649128278147925,0.9905966574184778,0.9952935647250196,0.8103273122818477,0.3011015750655219,0.9948259382480389,0.9948174267622005,0.9948259382480389,0.8884281110334405,0.6533751432920382,0.9018009996313776,0.9086969287739418,0.817303128877374,0.37530159716829326,-0.1694409076370014,0.20252164834397235,0.9467137703448486,0.3948596875050389,0.9748424770441382,0.9701883574093048,0.9800977146496896,0.9897730949496673,0.9291682383812382,0.9360994803679532,0.9441895454960025,0.9283995146102889,0.9415155640955667,0.9421662569417988,0.9415155640955667,0.8790830420124942,0.9205104832586242,0.9214319781435825,0.9205104832586242,0.9200564500892697,0.7816944328513343,0.892841662524205,0.8941675518115603,0.892841662524205,0.686511051279446,0.36593994773699123,0.670337370557794,-0.5591597482710112,0.5757976947858185,0.6018533741252866,0.6023349322769412,0.6018533741252866,-0.10303640125434055,0.9085050873586167,0.9404021032487021,0.9238103098188716,0.9304791961607383,0.3042584476697911,0.9038111581033518,0.9046291107830525,0.9038111581033518,0.9084919537622439,0.9084919537622439,-0.10376735067400146,0.5840998628687825,0.16695935344290358,-0.6592282153614027,-0.5837607969940402,-0.587417931508469,-0.1077618079342328,0.11280881679946245,0.21872782602962398,0.03777179926858525,-0.5195395645286457,0.00016206063001949198,-0.7965256138781095,-0.2672743408888565,0.15953416042564642,0.1608700582655553,-0.5655497128228064,-0.5840608815657904,-0.26226946483129143,-0.5087675012940192,-0.8192710271452885,-0.3929961364620874,-0.38487549106431407,-0.3929961364620874,-0.20534936781304733,-0.3188974675640112,-0.3188974675640112,-0.8073545840471896,-0.8073545840471896,0.38237515691638735,0.6317156301788136,0.8567771293439058,0.8409375409554009,0.7604528887429578,-0.3141384889796877,0.7496987172517556,0.7841283427950677,0.7843907627958413,0.7841283427950677,-0.20502010483645383],[0.9923218832621019,0.9841153499971504,0.6362888631331375,0.9936215435349621,0.9972176872113913,0.9923218832621019,1.0,0.9975161115014557,0.9975161115014557,0.9999710122261215,0.9606686866855524,0.9996836365970952,0.9999965953741037,0.9999868254033785,0.9999933836355275,0.8820718112719762,0.8709907738773722,0.26771223900517127,0.9998621596497185,0.9998623360137019,0.9898968375270533,0.9999967803995741,0.3333573837133648,0.7332821915336493,0.9858093546707849,0.9858093546707849,0.986808666266256,0.991063109659337,0.2610655148309947,-0.17310827154891784,0.9916161384043606,0.9915401979780939,0.18521055473122666,-0.23420354695098233,0.9993468214160643,0.9994592842275667,0.43025472173404516,-0.30971560113765473,0.9990307120088697,0.9994207889073603,0.8667572450876571,0.24695327974441048,0.9423019384750181,0.9990976868862874,0.9423019384750181,0.9100592125854702,0.6122733024715361,0.9379473138394214,0.9175516642571491,0.7397261475673071,0.4091989439093847,-0.11365203794022499,-0.19624503651190564,0.9289251371638083,0.3458964646785834,0.9677506226437673,0.9629404978063724,0.9788206965341754,0.9956316714740879,-0.03441137812087177,0.8739710292934652,0.8347261251100772,0.8802903131974834,0.8293267173203199,0.7927672894452016,0.8293267173203199,0.811419566117791,0.7975501716318131,0.7870245487039946,0.7975501716318131,0.8726062044881783,0.388037956065789,0.5920119739831982,0.6544974009140935,0.5920119739831982,0.6086912655474055,-0.3437398351301342,0.5797292862593566,-0.6271994797867048,0.5024473776497206,-0.09230265623269593,0.4400373804474155,-0.09230265623269593,-0.15010768842564326,0.8511029409493011,0.8727256486462032,0.8577424280309155,0.7681729905307745,0.2520044643524086,0.8505233077855787,0.8518889624948699,0.8505233077855787,0.768280218666226,0.768280218666226,-0.1830107207754859,0.6942470550904201,0.23720335904316636,-0.6772100347609128,-0.6300154927048565,-0.6331567996137123,-0.1630802342614407,0.059329818982791244,0.3272848097540398,-0.005933653332232032,-0.546267269369455,0.05480945188960656,-0.8281431174427737,-0.17357734168618819,0.08470396870452224,0.08612068239851661,-0.6137440980858961,-0.5902991666495897,-0.09946133466438073,-0.5907369622306573,-0.8344260134709024,-0.38660096294939666,-0.21939243036651984,-0.38660096294939666,-0.2839887473966224,-0.37030081117532265,-0.37030081117532265,-0.8267372972963111,-0.8267372972963111,0.36152473628827436,0.5859928575496457,0.5060115991162062,0.8020052864047953,0.738164790900368,-0.3765328882357939,0.06644081750765117,0.7485119951754804,0.7677758586892273,0.7485119951754804,-0.12318345254403125],[0.9886513359749162,0.9779244407545571,0.6277407393463843,0.9904087688143446,0.995692297577976,0.9886513359749162,0.9975161115014557,1.0,1.0,0.9995632011962347,0.9539937774114702,0.9987392630185743,0.9982604995043781,0.9994109489082883,0.9991532137502177,0.879608329708761,0.8602161024383236,0.2460828865617529,0.9991969042462578,0.9991987035747896,0.9873046799657852,0.9992887560632359,0.30812940795491617,0.7344661057900137,0.9927944404864835,0.9927944404864835,0.9849365044742777,0.9883221183663828,0.2436918006867716,-0.18632061758005783,0.9879336719348938,0.9913666657151903,0.16671302373293762,-0.24002965229895606,0.9983208740349508,0.9982989317125439,0.4127159814159697,-0.31619851249990916,0.9971404795321828,0.9982403305561524,0.8645574427337596,0.2249256897490899,0.9349598969590305,0.998149242428055,0.9349598969590305,0.9076399718459804,0.5973213233935707,0.938195704410138,0.9147037442900676,0.7181838731848724,0.3963840218200603,-0.12841542656992483,-0.20860490985602945,0.92052594345747,0.32562461562829426,0.9631486519250866,0.9578221386809529,0.9738089141818486,0.9946435437156856,-0.04389446178327914,0.863468548334043,0.8196367124040388,0.8725143447190972,0.8153307949475502,0.7810105016778632,0.8153307949475502,0.799849872957113,0.7796903789293714,0.7739952305015481,0.7796903789293714,0.8650774354053792,0.3695160171842631,0.572693419632597,0.6388041278081462,0.572693419632597,0.5966067602098604,-0.35794620969487145,0.5659945353799126,-0.6343952244595649,0.4952274738129843,-0.11368109785580155,0.42450178722581006,-0.11368109785580155,-0.15661419771310542,0.8420298496811128,0.859614898121916,0.8462698805275345,0.7540797756859162,0.234454748192071,0.8420153585677589,0.8435554060366104,0.8420153585677589,0.7518573693068747,0.7518573693068747,-0.1975889096319247,0.7173390824017869,0.24408426940864716,-0.6863756667681306,-0.6423306461069098,-0.6452910764245513,-0.17751751275507133,0.051948958349979396,0.3202920002632734,-0.02488861166724855,-0.5585865793583259,0.045564114471685783,-0.8337978067067459,-0.18004747219856135,0.06983680365264694,0.0712792727313096,-0.6249762375432137,-0.5912435379574037,-0.10626606684645298,-0.6068369004466163,-0.833893901156298,-0.3978504941849291,-0.22555429987177883,-0.3978504941849291,-0.30085684720603373,-0.38354411993414794,-0.38354411993414794,-0.8246659908736027,-0.8246659908736027,0.3426295228644848,0.5694958176719869,0.4876638505990264,0.7844543601095992,0.7258042895753424,-0.3975798195792296,0.05270171866417139,0.7296672334893014,0.752212474630073,0.7296672334893014,-0.10624675940769295],[0.9886513359749162,0.9779244407545571,0.6277407393463843,0.9904087688143446,0.995692297577976,0.9886513359749162,0.9975161115014557,1.0,1.0,0.9995632011962347,0.9539937774114702,0.9987392630185743,0.9982604995043781,0.9994109489082883,0.9991532137502177,0.879608329708761,0.8602161024383236,0.2460828865617529,0.9991969042462578,0.9991987035747896,0.9873046799657852,0.9992887560632359,0.30812940795491617,0.7344661057900137,0.9927944404864835,0.9927944404864835,0.9849365044742777,0.9883221183663828,0.2436918006867716,-0.18632061758005783,0.9879336719348938,0.9913666657151903,0.16671302373293762,-0.24002965229895606,0.9983208740349508,0.9982989317125439,0.4127159814159697,-0.31619851249990916,0.9971404795321828,0.9982403305561524,0.8645574427337596,0.2249256897490899,0.9349598969590305,0.998149242428055,0.9349598969590305,0.9076399718459804,0.5973213233935707,0.938195704410138,0.9147037442900676,0.7181838731848724,0.3963840218200603,-0.12841542656992483,-0.20860490985602945,0.92052594345747,0.32562461562829426,0.9631486519250866,0.9578221386809529,0.9738089141818486,0.9946435437156856,-0.04389446178327914,0.863468548334043,0.8196367124040388,0.8725143447190972,0.8153307949475502,0.7810105016778632,0.8153307949475502,0.799849872957113,0.7796903789293714,0.7739952305015481,0.7796903789293714,0.8650774354053792,0.3695160171842631,0.572693419632597,0.6388041278081462,0.572693419632597,0.5966067602098604,-0.35794620969487145,0.5659945353799126,-0.6343952244595649,0.4952274738129843,-0.11368109785580155,0.42450178722581006,-0.11368109785580155,-0.15661419771310542,0.8420298496811128,0.859614898121916,0.8462698805275345,0.7540797756859162,0.234454748192071,0.8420153585677589,0.8435554060366104,0.8420153585677589,0.7518573693068747,0.7518573693068747,-0.1975889096319247,0.7173390824017869,0.24408426940864716,-0.6863756667681306,-0.6423306461069098,-0.6452910764245513,-0.17751751275507133,0.051948958349979396,0.3202920002632734,-0.02488861166724855,-0.5585865793583259,0.045564114471685783,-0.8337978067067459,-0.18004747219856135,0.06983680365264694,0.0712792727313096,-0.6249762375432137,-0.5912435379574037,-0.10626606684645298,-0.6068369004466163,-0.833893901156298,-0.3978504941849291,-0.22555429987177883,-0.3978504941849291,-0.30085684720603373,-0.38354411993414794,-0.38354411993414794,-0.8246659908736027,-0.8246659908736027,0.3426295228644848,0.5694958176719869,0.4876638505990264,0.7844543601095992,0.7258042895753424,-0.3975798195792296,0.05270171866417139,0.7296672334893014,0.752212474630073,0.7296672334893014,-0.10624675940769295],[0.9929929883789734,0.9839752576348954,0.5737292609277503,0.9945100805801916,0.9974146389155532,0.9929929883789734,0.9999710122261215,0.9995632011962347,0.9995632011962347,1.0,0.9596347437382958,0.9996488287362111,0.9999721656446976,0.9999712133167091,0.9999757522973297,0.7789551024897595,0.7017556230957666,0.151200572253985,0.9998180029765468,0.9998185969724217,0.9897793071812871,0.999969324758656,0.11540018650107184,0.7073776232233807,0.9951835340348915,0.9951835340348915,0.9951397732424588,0.9909294932867977,0.09335010597724365,-0.11279812739215289,0.9906109539319244,0.9905733173084355,0.0033734072944474718,-0.19297299589639652,0.9993922347559088,0.9993508245346391,0.8055631821908024,-0.4886057487239132,0.9989659834343647,0.9993973944508491,0.756523294512216,0.1273788419338363,0.9992546790596109,0.9992598544106995,0.9992546790596109,0.909767101010449,0.612817179052042,0.9375946609607497,0.9169398657517314,0.7391927584961441,0.01156700409958616,-0.5386076221237763,-0.15155863153789284,0.9248160473068968,0.29174223560437595,0.9635464594840517,0.9629656297132216,0.9808124394100218,0.9948610541479981,0.8834729556232064,0.8747688849204399,0.8990716989087961,0.8812382987936438,0.897558150917323,0.8981529195126629,0.897558150917323,0.810897328533285,0.8488189043701169,0.8502771859991772,0.8488189043701169,0.8739705951119898,0.7835706108897265,0.8598226159586108,0.8610068271577184,0.8598226159586108,0.6083201482710364,0.45141135049657755,0.5789246997137962,-0.6365594832309186,0.5567840699019146,0.5239337636410024,0.5236567185603989,0.5239337636410024,-0.10730118767319538,0.8517783992193872,0.8726634479777666,0.8581465715598372,0.8920020379817388,0.16891897844375578,0.8558917584487441,0.8577824203459915,0.8558917584487441,0.8623291067638839,0.8623291067638839,-0.18473152521590372,0.6947676212660022,0.05212165280760347,-0.6891822098990524,-0.6654001469275309,-0.6665171206668875,-0.1665933749825829,0.0627016280029664,-0.18366356130047215,-0.18988385277711464,-0.5870068615867456,-0.39359579271895373,-0.8672536927514161,-0.5879562045835748,0.08417426909844736,0.08555905359056097,-0.6153239199363397,-0.5863840498858376,-0.5499460734514975,-0.5924102050648539,-0.802847421823174,-0.6148700211057141,-0.6170498568301098,-0.6148700211057141,-0.2857507209402278,-0.37348614789205575,-0.37348614789205575,-0.7830013404644188,-0.7830013404644188,0.36192335557755356,0.5844171675346048,0.8123240501528234,0.799975324524035,0.7363803376398114,-0.4037795539103395,0.6335726384565159,0.6910970657797441,0.6912613149882781,0.6910970657797441,0.11299226397600107],[0.9767502516334203,0.9701067365945393,0.533137160504374,0.9747573694088898,0.9669940288238243,0.9767502516334203,0.9606686866855524,0.9539937774114702,0.9539937774114702,0.9596347437382958,1.0,0.9442226017666314,0.9606898980502708,0.9607097790676544,0.9604077762434982,0.5973684017855826,0.5077739865506993,-0.06921290597945727,0.9650831975859138,0.9650625630579641,0.9608048883315622,0.9607971677282366,0.03943521120166717,0.747640250614269,0.9622579725994742,0.9622579725994742,0.9624340872811892,0.8899052007070999,0.1970406298977478,-0.09641296622041676,0.9676453545928402,0.9677496227727849,0.1590511579738778,0.06936613223612659,0.9687017376916581,0.9689452425587632,0.8827484175438538,-0.384086934154665,0.9526524472095816,0.9678900869960818,0.5704977478038732,-0.09028686259483398,0.969811601548767,0.9697803117602463,0.969811601548767,0.8112297259097633,0.41154714886033184,0.8230896245044484,0.89640509150265,0.8509383871804166,-0.5202246377588383,-0.6794421464422783,-0.24527299889809498,0.8886002564886614,-0.010946178434386385,0.9181752869282023,0.9182392589979199,0.9377093054940239,0.9659077078712897,0.8871441879056825,0.8878335842401248,0.9061367136640168,0.8899666125389785,0.8995688247450883,0.900191679245171,0.8995688247450883,0.8435505402071636,0.8266287180199976,0.8283170556706834,0.8266287180199976,0.8840061182214607,0.8992670723938637,0.8823350087292727,0.8829377063062328,0.8823350087292727,0.6933091902048839,0.6227073842856752,0.6942770167621996,-0.3219832285099612,0.7124327977913892,0.7284117167980128,0.7306984340993645,0.7284117167980128,-0.26808073345726646,0.887398540971084,0.9399424158800969,0.9018640443122397,0.8992530970713806,0.019081344263388526,0.8811823113200141,0.8822254667566892,0.8811823113200141,0.8898953722107664,0.8898953722107664,0.03974148052948278,0.3892032478828794,-0.11764065150828186,-0.6223587785002067,-0.4280098150633199,-0.4302308870721862,-0.026396761465974316,0.41683140723979817,0.03842943144072174,-0.14672143799245138,-0.5025272161485431,-0.0735808459937678,-0.7973906654159245,-0.23586566464730166,0.29659785185960796,0.29617255381474994,-0.39751670276633544,-0.4334513665667568,-0.3600513009335219,-0.36967835740568566,-0.6659737634350096,-0.37995802890725094,-0.38209252345823513,-0.37995802890725094,-0.10129823235395258,-0.4129363349565707,-0.4129363349565707,-0.5398069181816393,-0.5398069181816393,0.5147207693450838,0.6482581349892877,0.7491699699296223,0.68266829905588,0.8142657618682846,-0.4939159185583719,0.38966753702835827,0.5350070521515806,0.5353000408034634,0.5350070521515806,-0.17783209820242313],[0.9868209389399336,0.9855537584081135,0.9956612994714364,0.9902595176443971,0.9964639978519384,0.9868209389399336,0.9996836365970952,0.9987392630185743,0.9987392630185743,0.9996488287362111,0.9442226017666314,1.0,0.9996837127266819,0.9996791362456419,0.9996505935941481,0.3837923527565871,0.28856742178975303,-0.48878329546518867,0.9997978426214194,0.9998005247898013,0.9996886982456334,0.9996884135444323,-0.2257403687437049,0.9711741995146385,0.9944957938594065,0.9944957938594065,0.9944767918762654,0.9930316695986212,0.11747474606914343,0.10360540801610016,0.9914675770478435,0.9915141035441929,0.8964606113946738,0.04750913972923432,0.9990181712017967,0.9989713396203952,0.9988430714406683,0.9993736684662357,0.9994078118975406,0.9990523281869771,0.33335440926954496,-0.4972920105802489,0.9987907882756416,0.9987991259614787,0.9987907882756416,0.903858517669729,0.4512598630950181,0.9340243227501277,0.9147280243771176,0.739930674184672,-0.44752356152612555,-0.6146721272412133,0.8086055446376577,0.8370913115456778,-0.3384360830234617,0.929236185545836,0.9294511760631875,0.9689302894154077,0.9933087165811485,0.8954275564600485,0.9025088188397341,0.8790077989087028,0.8803592669438998,0.8855081361467497,0.8861695642512205,0.8855081361467497,0.759964652817897,0.7272899938827739,0.7295143270543136,0.7272899938827739,0.9018742621253272,0.9082607553408493,0.9009536177408627,0.9020462639367698,0.9009536177408627,0.48106129437805406,0.4166359597986165,0.5233306494747788,0.625522178883236,0.5212791967771114,0.5526579853433689,0.5546286719698085,0.5526579853433689,-0.3604877505740375,0.8397638663936644,0.8762978769352248,0.8621894597077697,0.9020570392897755,-0.2962439283052699,0.8347334176348222,0.83511225243419,0.8347334176348222,0.8452033056013247,0.8452033056013247,-0.23755055316806628,0.6872185826734494,-0.388243024848905,-0.7799813708189025,-0.5347904811149655,-0.5373935013183336,-0.40793905802656,0.21021909151680732,-0.29513981049773375,-0.5092097860474494,-0.7347416068584307,-0.3865135991736164,-0.5971954924685521,-0.45611970177650774,0.07744453831463378,0.07462213755122574,-0.5574161073868846,-0.527577898078596,-0.5482578185431952,-0.5834717233713957,-0.5772911574042786,-0.5515727034932985,-0.5544900711568557,-0.5515727034932985,-0.4253690992056294,-0.6164310322125288,-0.6164310322125288,-0.6147435230542995,-0.6147435230542995,0.35811347105844993,0.33275210595835303,0.46406682033250685,0.5594039680200138,0.52247498114847,-0.5699405519245424,0.2955624790285057,0.2832705046797617,0.28344373263239464,0.2832705046797617,0.2327832912244929],[0.9923590732964512,0.9841559939621852,0.6363125378009685,0.9936484689112002,0.99723555862609,0.9923590732964512,0.9999965953741037,0.9982604995043781,0.9982604995043781,0.9999721656446976,0.9606898980502708,0.9996837127266819,1.0,0.9999904365113419,0.9999950719459023,0.8820483454204693,0.8626063774331714,0.2677603376996291,0.9998634528980254,0.9998635897872618,0.9899307510048898,0.9999973666562495,0.33365493107157107,0.7333465666892633,0.9909164558588822,0.9909164558588822,0.9868002199700793,0.9910510091929619,0.26131238999399364,-0.17305768315413161,0.9916446278999635,0.9915490126225754,0.1854316382801332,-0.2341714051372626,0.9993483840832063,0.999462283133552,0.4302339995710893,-0.30950785601751774,0.9990329862788424,0.9994283470870006,0.8667237882296465,0.24700761302167984,0.9422883858152997,0.9990997052187413,0.9422883858152997,0.9100732276109846,0.6124090912504043,0.9381176482219024,0.9177202627309053,0.7398357411566882,0.4095703249137155,-0.1132247512858772,-0.1958894486424949,0.9289912283659292,0.3459569577450223,0.967834571617368,0.9629928198561045,0.9789022698493838,0.9956444330559349,-0.0342245488131826,0.8741089541929794,0.8348187776313758,0.8804018800095664,0.8294178946405524,0.7927139381884181,0.8294178946405524,0.8115093323183236,0.7976050017582909,0.7869655094128818,0.7976050017582909,0.8727484409146008,0.38792390241103225,0.5920202899642304,0.6544168142786405,0.5920202899642304,0.6086525624124467,-0.34375650343768305,0.5797076723395742,-0.6270938841358541,0.5023607815257577,-0.09242418325054043,0.4400744937775157,-0.09242418325054043,-0.15025143262913576,0.8511783541985156,0.8728492588492338,0.8578360991329723,0.7681678051205383,0.2520543970863986,0.8506057421770685,0.8519671100129143,0.8506057421770685,0.7683483527280983,0.7683483527280983,-0.18295181281288211,0.6942746786683364,0.23731548290005736,-0.6772510473933965,-0.6299327055887801,-0.6330791629017976,-0.16316274594201136,0.059213049775082384,0.3274442993314871,-0.005926654003709141,-0.5463307867787122,0.055054703010538504,-0.8278912568508379,-0.17330185886390226,0.08477495757003455,0.08620588253629641,-0.6137280820993557,-0.5901012368176927,-0.09922897699259998,-0.5907019958988182,-0.8343198849627689,-0.38638943805968,-0.21920049839644729,-0.38638943805968,-0.28382892481856525,-0.37026858705683285,-0.37026858705683285,-0.826681922324195,-0.826681922324195,0.3619588565869192,0.5861049552796688,0.5062454030470689,0.8022436212066072,0.7382134395748605,-0.37633533009464143,0.06671227055690669,0.7487472036532452,0.7678812852079936,0.7487472036532452,-0.12320682484544113],[0.9927769088566001,0.9840965280082816,0.6282945702901327,0.9943591113148591,0.9973130971957106,0.9927769088566001,0.9999868254033785,0.9994109489082883,0.9994109489082883,0.9999712133167091,0.9607097790676544,0.9996791362456419,0.9999904365113419,1.0,0.9999877622196498,0.8277202359065075,0.7651406632722889,0.2696797003701797,0.9998860814257494,0.9998866501780054,0.9899211818657732,0.9999877526615361,0.33579649954382645,0.7293350923123014,0.9938963379705289,0.9938963379705289,0.99386028292628,0.9909781622937747,0.2566121966206735,-0.17340858016331526,0.9918935173472663,0.9919017783125331,0.20902329890348395,-0.2335239675479304,0.9995208856320148,0.9994620344494286,0.844968763892457,-0.40111898512218813,0.9990284596635032,0.999432596743322,0.8111296163264328,0.24896113483286816,0.9994128157313124,0.9994173437487867,0.9994128157313124,0.909961493521321,0.6125290916948328,0.9377874329719276,0.9172668817108869,0.7393775941666267,0.2895562900813247,-0.2838261078341378,0.1003694602239624,0.9288703991133386,0.34660190298680393,0.9647195674920487,0.9630117641501961,0.977421229886376,0.995870383385102,0.8907097338011104,0.8733059494125773,0.9037983926485217,0.880334828774672,0.9029042506197897,0.9037324309005684,0.9029042506197897,0.8106913045889909,0.8694993730591982,0.8709238436607566,0.8694993730591982,0.8725712366353279,0.7667927555261285,0.8654134908464595,0.866992769733583,0.8654134908464595,0.6081315600109725,0.4558307062004023,0.5783487057508965,-0.6308889044690121,0.5009406946673571,0.5075597196251775,0.5085520850559908,0.5075597196251775,-0.15214841772876586,0.8510135768242302,0.8724806662728942,0.8573257379751134,0.8974974525602856,0.25443767647713167,0.8505285955124289,0.8521466681872482,0.8505285955124289,0.8605135712711592,0.8605135712711592,-0.1833316245180726,0.6932159506196773,0.15160797821868977,-0.6761145486305213,-0.6295693116427461,-0.6325450247211772,-0.16312164382580902,0.05842790991025033,0.10346055839568345,-0.00431766289155271,-0.5447862657488366,-0.13210557290982222,-0.839356496883193,-0.39331214869972314,0.08452543132413419,0.08595035051067872,-0.6137756630223863,-0.5893722549576385,-0.3912873060303578,-0.5904638669280745,-0.827754638054314,-0.5052034299679381,-0.5008182326052404,-0.5052034299679381,-0.2830566788241881,-0.37031512617774665,-0.37031512617774665,-0.8186491921871045,-0.8186491921871045,0.3612278050177218,0.5862086372389753,0.8216353326218279,0.8060612447432052,0.7386840607365334,-0.37580191887152914,0.7006118837850858,0.7376772383008252,0.7377618288930413,0.7376772383008252,-0.09091026515843768],[0.9924120347216564,0.9839955570465831,0.6365139379687224,0.9936776517494889,0.9972619390529965,0.9924120347216564,0.9999933836355275,0.9991532137502177,0.9991532137502177,0.9999757522973297,0.9604077762434982,0.9996505935941481,0.9999950719459023,0.9999877622196498,1.0,0.8748890712247378,0.8270416443581493,0.26788538529827577,0.9998660746389095,0.9998660989326104,0.9900655163528962,0.9999950129291393,0.33431163028992533,0.7331953898660234,0.9941273932690737,0.9941273932690737,0.9940334197401819,0.9909716475053139,0.2615816890824144,-0.17308809130945776,0.9924821013378005,0.9925270629761243,0.18616698940124515,-0.2340049039194251,0.9993944063798567,0.9994613682637328,0.4292654852102057,-0.3087450478857356,0.9989885745163712,0.9994307713993209,0.8649486672577266,0.24715497694215965,0.9418409372750398,0.9991509502051543,0.9418409372750398,0.91033456562104,0.6130697679605689,0.9383324246768657,0.9179296849816267,0.7395814097945254,0.41090557894826885,-0.11172433525237178,-0.19610314726933462,0.9293338516698535,0.34622302633319607,0.968222583914119,0.9632988704232527,0.9791645724039975,0.9956837851551041,-0.035211817288970326,0.87436644532834,0.8347358613238001,0.8806240067001572,0.8293688179220053,0.7922928932912018,0.8293688179220053,0.8116990936328673,0.7975518993308258,0.7873338763471135,0.7975518993308258,0.8730483667809001,0.3872696692409996,0.5915413467595037,0.6544242744592317,0.5915413467595037,0.6085203340047398,-0.3448816166763048,0.5796530673983471,-0.6272703224475993,0.502019725381728,-0.0933851888461654,0.43974253018193704,-0.0933851888461654,-0.15020372547596303,0.8513058177800603,0.872594863175867,0.857963247038545,0.7602727837339994,0.25242396036144327,0.8507024087253321,0.8520545922747922,0.8507024087253321,0.7681649258892226,0.7681649258892226,-0.18431913859629886,0.6950692766256011,0.23779980596106062,-0.6772314185906047,-0.6302858650490705,-0.6334369532554696,-0.16423522546816183,0.05806471891931665,0.3277606211868997,-0.006324472729633948,-0.5465349145357714,0.05514900312273293,-0.8271164990053533,-0.17313591810732498,0.08384151651171898,0.08527126581834424,-0.6143064272779918,-0.5903171178636982,-0.09866681849481973,-0.5918422575128173,-0.8343339068855716,-0.38632664602097005,-0.2186617066054935,-0.38632664602097005,-0.2847103814871239,-0.3707030157138646,-0.3707030157138646,-0.8270230601281375,-0.8270230601281375,0.3621716986452466,0.5857719951155049,0.5057593882978783,0.8026742462494852,0.7376667724041561,-0.37590373253756487,0.06607821592060514,0.7491538159422004,0.7684873639313624,0.7491538159422004,-0.12291992730798276],[0.8226713748298224,0.29482832253519126,0.4479077976512852,0.8218134156466419,0.7466065138252876,0.8226713748298224,0.8820718112719762,0.879608329708761,0.879608329708761,0.7789551024897595,0.5973684017855826,0.3837923527565871,0.8820483454204693,0.8277202359065075,0.8748890712247378,1.0,0.9942188490757407,0.4124386701914662,0.8594205312353348,0.8594090868377763,0.8031521860221446,0.8740221871886461,0.3290519259762093,0.46736155972240734,0.865992208685836,0.865992208685836,0.8531607951799068,-0.012432515206635273,0.19166902737700448,-0.18210164267201262,0.8985450680980674,0.8965035457984305,0.15329173064068974,-0.24658268150358228,0.8790938435123328,0.7977166839484464,0.2908849240355238,-0.31911129210708283,0.3994620039921456,0.7725562931531882,0.9984130591272903,0.3945457194640821,0.8060498306804751,0.8788574396607544,0.8060498306804751,0.3695800799688449,0.5672051475377323,-0.0175494618952148,-0.03306525202192686,0.23359007768419068,0.40538880337883726,-0.0626169258099924,-0.20996587037195358,0.7802687757775397,0.4041800623633598,0.8747461521004124,0.7886850878933629,0.8532230588591259,0.8676299085492555,-0.09752491102721633,0.320167762075724,0.6553703917209621,0.56743589086319