var element=document.getElementById("correlationClose");if(element.style.display!='none'){var correlationClose={"data":[{"type":"heatmap","z":[[1.0,0.9999842965809357,0.5876202610204794,0.9997092063777763,0.9975786316972961,1.0,0.991156929345381,0.9868809621472228,0.9868809621472228,0.9918207467880329,0.9736339657307819,0.9832074312407035,0.9912008196000957,-0.11978182550576168,0.9912634180318295,0.9551221682911174,0.9441839060320807,0.4241541137558324,0.9922402942677405,0.9922255004010699,0.9842601556483185,0.9911873978266584,0.4484474343786163,0.6792494932558023,0.9786391940668541,0.9786391940668541,0.9786170083093553,0.9639214417073954,0.3209504059941338,-0.11679254479403049,0.9897509208923679,0.9897197559707474,0.2861492017138357,-0.19338779829357863,0.9939661797883522,0.9947938041999976,0.8180450922823664,-0.38584958945836706,0.9882795882912109,0.9945958486116093,0.9549999018750005,0.4061439797813439,0.9941433385273156,0.9941304098626524,0.9941433385273156,0.8884763273374304,0.6666719759606288,0.8757411181270278,0.8880236028785725,0.7942208716794796,0.38455944262076747,-0.14060792898266503,0.19261865047928076,0.9452822095784128,0.44741725967845924,0.97667302851863,0.9711471212921714,0.9177427202983562,0.916605246419768,0.935287666643498,0.9129349810580151,0.9322020168939681,0.9329479634260596,0.9322020168939681,0.8516537142734457,0.9089299752813736,0.9099835095641253,0.9089299752813736,0.9010565179706698,0.7438717873049889,0.8753345766724379,0.8768873544116503,0.8753345766724379,0.6297565146931372,0.3167259556644441,0.6079260973202828,-0.589099268134216,0.5065571356010863,0.5548134983125291,0.555817304213005,0.5548134983125291,-0.1044443712329279,0.8884682460916079,0.9207031140390504,0.9026049820023095,0.9192120740211825,0.41578350352508925,0.885194084370487,0.8862971578422215,0.885194084370487,0.8935453962969226,0.8935453962969226,-0.14894696529007523,0.5625085121884316,0.18964328929728494,-0.5829194508565779,-0.5674982443122114,-0.5710677236676834,-0.05283735792509941,0.07196212817890647,0.25192788067705385,0.11528887984914088,-0.41542101097166906,0.04553861433846085,-0.7937204461902999,-0.2211439090385954,0.1364592321606896,0.13668581423966827,-0.5472487193130748,-0.6013642720335524,-0.22333929637157973,-0.4930374447175155,-0.8275680056419745,-0.3588886481694042,-0.3502442020866427,-0.3588886481694042,-0.18917037746244356,-0.2697292394466141,-0.2697292394466141,-0.8157223477855142,-0.8157223477855142,0.4019041246840087,0.6546938146568075,0.8705913405484234,0.8500408249070837,0.7855938356589626,-0.2619912857161469,0.7639463670268789,0.8039840426532802,0.8042292048104593,0.8039840426532802,-0.23420638620412398],[0.9999842965809357,1.0,0.971636699799072,0.9992733125071319,0.9942031790510562,0.9999842965809355,0.9794628368301672,0.9711626747443723,0.9711626747443723,0.979272505510878,0.9609187001918721,0.9813270302229339,0.9795228103593079,0.9794866354892654,0.9793174856031269,0.7894720362717809,0.7569232595360237,-0.29850290835949855,0.9845460702336035,0.9845192404047417,0.979580156608017,0.9795720713161616,-0.1264778928384151,0.9704450174796561,0.973041106467885,0.973041106467885,0.9731111832650797,0.9641256084032523,0.07822706825196817,0.158934544080558,0.9767870412127759,0.9768758736100974,0.9723396330118443,0.16085482648631183,0.9882784607870287,0.9883457720865193,0.9890800972517749,0.9814331762007534,0.9868300425952815,0.9883431560995873,0.7778913205408563,-0.3047790861296416,0.989143035753666,0.9891258678864966,0.989143035753666,0.8884867470088166,0.5389176034479819,0.8758861729951728,0.8879557465181064,0.7935271113259074,-0.42326383380714233,-0.5403591866424946,0.8270134780089187,0.8577022345321608,-0.19715473420161675,0.934495189710884,0.9345882435273628,0.9289764196589713,0.9383103037354805,0.9175831813409614,0.9171886344221724,0.9239516361934518,0.9246366222506973,0.9239516361934518,0.7919039217048782,0.7534891398264071,0.7557312254200672,0.7534891398264071,0.9324920840953163,0.9373518824740283,0.932501839689754,0.93363295652431,0.932501839689754,0.46844508460092255,0.40892359153479024,0.5281007767769684,0.6322994337344495,0.5165048368918677,0.554129059751619,0.5548901243889961,0.554129059751619,-0.21970122993011817,0.8772561786615124,0.9115872440957726,0.8990358208560794,0.9357399515722211,-0.1308879303886235,0.8718463043428554,0.8722244153048034,0.8718463043428554,0.8823759774722544,0.8823759774722544,-0.24852244599112588,0.5627550534359281,-0.3774157842413967,-0.6817421762130244,-0.4676406982980379,-0.4710595927288301,-0.31767103306424194,0.23559567811977128,-0.22440933890650605,-0.4151636661281144,-0.6202744410982871,-0.29815920713496147,-0.4961486854830567,-0.3528401788170474,0.1134870049417002,0.10918603853963478,-0.49150766474630403,-0.4486319630782852,-0.4768923605679159,-0.5066870968230518,-0.4991511125122419,-0.4789403393889912,-0.48220923545167804,-0.4789403393889912,-0.3586358587326342,-0.5041394854087775,-0.5041394854087775,-0.4759681918021868,-0.4759681918021868,0.4015931649682571,0.40799593398971956,0.5173034981010373,0.5997286987965178,0.5704407365285652,-0.40090661057380866,0.37725146045476093,0.36489401480662914,0.364973093139591,0.36489401480662914,0.11098839767654559],[0.5876202610204794,0.971636699799072,1.0,0.5816678343036751,0.47943288493177844,0.5876202610204793,0.5749571509505307,0.5639743900973586,0.5639743900973586,0.48300812765047585,0.42634184846934625,0.9966896089401288,0.5749989402932054,0.5115674879166119,0.5753038779132057,0.5391984267383356,0.5647798853161657,-0.12260041860832556,0.5235760931008719,0.5226570298675992,0.4784715970099029,0.5738848566619807,0.21648530617060804,0.714054703973515,0.5440450518170128,0.5440450518170128,0.5437802624941267,0.9849611473408546,0.3071131946932653,0.17697161024164873,0.5384972660211884,0.5380477303447113,0.763925527535491,0.01632670038766253,0.5727874457797754,0.4810192105326307,0.5554099522958387,0.3500755462464524,0.9941318269610887,0.46982959442211075,0.5356282419384438,-0.12939468088679837,0.5889476331353066,0.570772688577191,0.5889476331353066,0.8928226965055363,0.39114914560687203,0.9103651585357165,0.8777519936358495,0.658489744922688,0.20190037243528536,-0.021860499983183228,0.05507387355004529,0.4407730697189775,-0.07699612290708316,0.5286449096833516,0.4686100824437248,-0.06211021142560038,0.7089261677102466,0.6572743002257727,0.5114462053351972,0.6635943236838159,0.720445560891556,0.6635943236838159,0.36695558508319503,0.5586162004307337,0.6509401581967741,0.5586162004307337,0.5846715380931587,0.6296082640919984,0.6720243264423622,0.7395582190628738,0.6720243264423622,0.23226113069959234,-0.0859526423498251,0.2516296777951717,0.13696766876058558,0.2519918197618603,0.2612473046839703,0.40903187325968743,0.2612473046839703,-0.1747058103298707,0.4688376600280476,0.822328927947726,0.5529443849905727,0.7366947782924942,0.0502685434892583,0.5307480659177681,0.530633208239334,0.5307480659177681,0.6443933682178777,0.6443933682178777,-0.2723694862784147,0.7206267520993129,-0.21958101614998318,-0.5735621948192691,-0.3979585963245408,-0.4014950555431031,-0.3959564329092468,0.030915054797593818,0.024229357314467306,-0.27349459992813435,-0.5555388207239148,-0.14003244246430221,-0.24210346424316967,-0.21819087213892047,-0.0057638169875692405,-0.009391556971777985,-0.4572905749212334,-0.0023524608103913667,-0.2273817898604911,-0.489641950055356,-0.1284295141605458,-0.3667169214021668,-0.24318184131984283,-0.3667169214021668,-0.42643300999679956,-0.5114321636823397,-0.5114321636823397,-0.2509029203879193,-0.2509029203879193,0.332863457172196,0.14736849968190935,0.2518141934794197,0.4944494706903291,0.23079638121342536,-0.3198190585746483,-0.03367834496074148,0.4499230290213934,0.5622540546918816,0.4499230290213934,-0.04478980028281086],[0.9997092063777763,0.9992733125071319,0.5816678343036751,1.0,0.9986913354768445,0.9997092063777762,0.9927013505708923,0.9888990742175494,0.9888990742175494,0.9936872291860007,0.971490127799846,0.9878807545675407,0.9927341149694665,-0.12394344809006284,0.9927695931824702,0.956441045857034,0.9454863637616944,0.40993372911261294,0.9935672257683772,0.9935550142702125,0.9846520010290704,0.9927129897953564,0.43982091669149326,0.6827295644255044,0.9815187400566859,0.9815187400566859,0.9814969612249431,0.9733230326141284,0.31626473498799723,-0.12390150111298211,0.9894284353812824,0.9894079415649107,0.27793287419114737,-0.1940874629519565,0.9947269245314908,0.9958241604489418,0.7787516774130813,-0.3914326732357832,0.9916993438546148,0.9958615227703377,0.9554380856344591,0.39156792577905414,0.9923829872176391,0.9947934652799296,0.9923829872176391,0.8868937400520172,0.6540474120516174,0.8832659264892281,0.8850444192053646,0.7725661506465431,0.3791637412109739,-0.1464306981704435,0.18626515441395228,0.9395777512813828,0.43140724067482933,0.9723741628453565,0.9683491569106223,0.8943377643140383,0.9082721246587855,0.9207937801553311,0.9081179594419699,0.9132267868608218,0.9142617887119839,0.9132267868608218,0.8422152399647778,0.8956699546937397,0.8968278609105207,0.8956699546937397,0.8968594455545126,0.6784253094719588,0.832550415448796,0.8341378350014785,0.832550415448796,0.6199748143201678,0.10645167936012961,0.5962431021941237,-0.5942149499760305,0.5002031451343819,0.2950192373565465,0.5240990245066056,0.2950192373565465,-0.11129939906244413,0.8820125962035225,0.9107497463659621,0.8930891883814253,0.8934889550664857,0.4023794818063478,0.8796839131433069,0.880946218636453,0.8796839131433069,0.8719894266175887,0.8719894266175887,-0.15502201941643629,0.5882399157457271,0.19441554758009744,-0.5933283132943956,-0.5751922845504529,-0.5786669087644531,-0.06535538373671512,0.06657197556990627,0.2448219755777863,0.10245911336240263,-0.42799408132455163,0.03897408431109161,-0.8003517825617469,-0.22912232814405697,0.1255376025184532,0.12580919847582525,-0.554664440854673,-0.598259937573345,-0.22499228887797013,-0.5050915580988377,-0.8299003614183724,-0.36066217851622484,-0.35258514986228023,-0.36066217851622484,-0.19852631085198602,-0.2798561343665492,-0.2798561343665492,-0.8159344319574935,-0.8159344319574935,0.3893305728761362,0.6429195020520537,0.8630497604907178,0.8425717247425708,0.778443999936331,-0.27546877883283694,0.7551079351360435,0.7954396760785767,0.795688490810909,0.7954396760785767,-0.2191757078233094],[0.9975786316972961,0.9942031790510562,0.47943288493177844,0.9986913354768445,1.0,0.9975786316972961,0.9968687324425143,0.9949932802031771,0.9949932802031771,0.9970596893278504,0.9615749607521596,0.9956066883281839,0.9968906536332667,-0.32994761999176436,0.9969206556000925,0.9415372094375039,0.9225192401848087,0.21166290366494123,0.9974441924257992,0.9974381037892602,0.9863920088797191,0.9968758499395508,0.07810542325939131,0.647470292704472,0.990927278904024,0.990927278904024,0.9908850859819224,0.9858979863076907,0.07238240983752388,-0.1080715438337093,0.9875199695065618,0.9874697891665855,-0.03119980494669511,-0.09057063309111346,0.9977400382207838,0.9976749391505612,0.7583853806446352,-0.5299013481296557,0.9972642903553233,0.9979455000967768,0.936874126010171,0.18775172046671035,0.9976903605101326,0.9976910415865313,0.9976903605101326,0.9017194302933252,0.6152499875234949,0.9033116859236582,0.8888444395313854,0.7406903685689084,-0.09931392348001072,-0.5821215801658377,-0.2303910806272007,0.9253863095956951,0.2857132527786736,0.9662364520400336,0.966301808684745,0.889675472895285,0.8869480416253469,0.9075515568746618,0.8936736719535078,0.9057317274710213,0.9061349424944758,0.9057317274710213,0.8133146361510232,0.8408644698640869,0.8421875034200421,0.8408644698640869,0.8841918091765589,0.7802768740347765,0.8641172307797905,0.8650724343505818,0.8641172307797905,0.5722544720329977,0.4382780505455982,0.5565131122229454,-0.6343528079548183,0.5546068497195533,0.5321149494507841,0.5312683286806957,0.5321149494507841,-0.13176032176708521,0.8616222277931955,0.8815664187058607,0.8665147329183099,0.8991850595779576,0.25565349320728603,0.8625291121750585,0.8637791623501125,0.8625291121750585,0.8702962182828735,0.8702962182828735,-0.19731132970857865,0.6447875796147357,0.04809373600887316,-0.6278370682210783,-0.6311084361969274,-0.631467518293916,-0.100904092825691,0.08885008512335286,-0.15310896907632462,-0.15019874531854496,-0.5121039575504167,-0.3320455889607009,-0.8609620147125512,-0.5242138084232119,0.09205532659693912,0.09217232928640073,-0.5845132221449924,-0.5899533660510674,-0.5196372029905649,-0.5471856969855106,-0.7953732800318489,-0.5748515660185242,-0.5776594594237806,-0.5748515660185242,-0.24166434333737666,-0.3178277451121126,-0.3178277451121126,-0.7616030029980564,-0.7616030029980564,0.37041810643413176,0.6218123836445192,0.8136102445771277,0.7895920549506653,0.7657750176409538,-0.4123147216815085,0.605955824454809,0.6866477386641229,0.6869445821674615,0.6866477386641229,0.011924135060370796],[1.0,0.9999842965809355,0.5876202610204793,0.9997092063777762,0.9975786316972961,1.0,0.991156929345381,0.9868809621472228,0.9868809621472228,0.9918207467880329,0.9736339657307819,0.9832074312407035,0.9912008196000957,-0.11978182550576168,0.9912634180318295,0.9551221682911174,0.9441839060320807,0.4241541137558324,0.9922402942677405,0.9922255004010699,0.9842601556483185,0.9911873978266584,0.4484474343786163,0.6792494932558023,0.9786391940668541,0.9786391940668541,0.9786170083093553,0.9639214417073954,0.3209504059941338,-0.11679254479403049,0.9897509208923679,0.9897197559707474,0.2861492017138357,-0.19338779829357863,0.9939661797883522,0.9947938041999976,0.8180450922823664,-0.38584958945836706,0.9882795882912109,0.9945958486116093,0.9549999018750005,0.4061439797813439,0.9941433385273156,0.9941304098626524,0.9941433385273156,0.8884763273374304,0.6666719759606288,0.8757411181270278,0.8880236028785725,0.7942208716794796,0.38455944262076747,-0.14060792898266503,0.19261865047928076,0.9452822095784128,0.44741725967845924,0.97667302851863,0.9711471212921714,0.9177427202983562,0.916605246419768,0.935287666643498,0.9129349810580151,0.9322020168939681,0.9329479634260596,0.9322020168939681,0.8516537142734457,0.9089299752813736,0.9099835095641253,0.9089299752813736,0.9010565179706698,0.7438717873049889,0.8753345766724379,0.8768873544116503,0.8753345766724379,0.6297565146931372,0.3167259556644441,0.6079260973202828,-0.589099268134216,0.5065571356010863,0.5548134983125291,0.555817304213005,0.5548134983125291,-0.1044443712329279,0.8884682460916079,0.9207031140390504,0.9026049820023095,0.9192120740211825,0.41578350352508925,0.885194084370487,0.8862971578422215,0.885194084370487,0.8935453962969226,0.8935453962969226,-0.14894696529007523,0.5625085121884316,0.18964328929728494,-0.5829194508565779,-0.5674982443122114,-0.5710677236676834,-0.05283735792509941,0.07196212817890647,0.25192788067705385,0.11528887984914088,-0.41542101097166906,0.04553861433846085,-0.7937204461902999,-0.2211439090385954,0.1364592321606896,0.13668581423966827,-0.5472487193130748,-0.6013642720335524,-0.22333929637157973,-0.4930374447175155,-0.8275680056419745,-0.3588886481694042,-0.3502442020866427,-0.3588886481694042,-0.18917037746244356,-0.2697292394466141,-0.2697292394466141,-0.8157223477855142,-0.8157223477855142,0.4019041246840087,0.6546938146568075,0.8705913405484234,0.8500408249070837,0.7855938356589626,-0.2619912857161469,0.7639463670268789,0.8039840426532802,0.8042292048104593,0.8039840426532802,-0.23420638620412398],[0.991156929345381,0.9794628368301672,0.5749571509505307,0.9927013505708923,0.9968687324425143,0.991156929345381,1.0,0.9972606704133273,0.9972606704133273,0.9999684982304861,0.9532947709698999,0.9996143617252742,0.9999962605467294,-0.1376398166327653,0.9999926792837099,0.9749683980066477,0.9683004646790647,0.3628463224741705,0.9998425104140122,0.9998426233977115,0.9888139044224162,0.9999964722215834,0.34776365866596914,0.683400722938945,0.984621188721027,0.984621188721027,0.9850187554940287,0.9871957002307916,0.23904483800373244,-0.18198423147495008,0.9919915496048785,0.9917585412560124,0.17869870991747175,-0.24382106859926278,0.9993063068100118,0.9994023342500681,0.36783691160463017,-0.325256858073329,0.9987672015551858,0.9993252891194268,0.9704022312773811,0.34299772428466935,0.933997731430503,0.9990376954466552,0.933997731430503,0.9106299470245993,0.6196195251954344,0.9242145029863021,0.8976218304252559,0.6966552615640981,0.4121774512599805,-0.08830440358204156,-0.20892161429489692,0.9241033190663426,0.3914613960226837,0.9683056247271853,0.9617361700572998,-0.0739207916203339,0.8393650013708756,0.8087960836180471,0.8561300841620938,0.8024422183692501,0.7688486632739848,0.8024422183692501,0.7708960493430219,0.7697239354274295,0.7660678743841809,0.7697239354274295,0.844380988290967,0.32436347286443545,0.5389794809136099,0.6174732924944494,0.5389794809136099,0.5403010502261986,-0.3588208214492672,0.5036808964835124,-0.6571633484603643,0.4236707153558849,-0.12274521550005225,0.3820697793134201,-0.12274521550005225,-0.15483112049479855,0.8203509883842671,0.8329923927144717,0.8209237189546637,0.7422629576756913,0.3544306181493822,0.8226158790494299,0.8244190135433,0.8226158790494299,0.732011165074709,0.732011165074709,-0.23423460005794633,0.6928315450793446,0.2504134740045651,-0.6094902668786657,-0.617560987740548,-0.6205726283669791,-0.11572485540171601,0.014844866387822283,0.35086185653346075,0.06499714505619955,-0.4525337980583954,0.09187514508924008,-0.8272974795765885,-0.13199063599949276,0.05483916371486586,0.05519143284457689,-0.5996399852469184,-0.6047855046088522,-0.06392538032398157,-0.583578568307837,-0.8423787785215174,-0.35630058403546155,-0.1841316404978275,-0.35630058403546155,-0.27653371414662936,-0.32834144011784505,-0.32834144011784505,-0.8353753571129969,-0.8353753571129969,0.36844421638051866,0.6002347242821559,0.5000971416294495,0.8064338243481481,0.7563436794370136,-0.33207019751517064,0.061020670749354175,0.7613478917959539,0.7800211037894137,0.7613478917959539,-0.1451994551076338],[0.9868809621472228,0.9711626747443723,0.5639743900973586,0.9888990742175494,0.9949932802031771,0.9868809621472228,0.9972606704133273,1.0,1.0,0.99948944496774,0.9452656813070156,0.9983951470161372,0.9980515391747904,-0.1466848980223015,0.9990399795091818,0.9734359878622676,0.9601582523005914,0.34074850158084624,0.9990899077581061,0.9990914327402697,0.9859507953713514,0.9991950493885717,0.3209785356996653,0.6831010564366045,0.9920880498701067,0.9920880498701067,0.9827999054721386,0.9832615147057333,0.21987872562092228,-0.19659250828390265,0.988265801930971,0.9916862850711243,0.15872373468606765,-0.2504721670407231,0.9981783507505303,0.9980953666121132,0.3476384106825147,-0.33257880097366194,0.9963418739932189,0.9979528927886137,0.969352770534454,0.3204286140101711,0.9254715290972123,0.9980071620606684,0.9254715290972123,0.90797665680001,0.6038020082426733,0.9245898012363106,0.8937075301881295,0.6701557989086053,0.3987289338621123,-0.10398518108382684,-0.22242106857788643,0.9148777584911727,0.3703784288856874,0.9635112327408268,0.9561721296298501,-0.0846243388867933,0.825443297171198,0.790792917245819,0.8463299492662764,0.7856486087726701,0.7555475362905443,0.7856486087726701,0.7566354428023654,0.7490709918087137,0.7515252728445231,0.7490709918087137,0.8348468789443719,0.30308954078432104,0.5165033637998618,0.5996818613363016,0.5165033637998618,0.5253777890446865,-0.37449991676932864,0.48697269151626754,-0.6660162776611864,0.41420802969010767,-0.14619139684361337,0.3641379445451027,-0.14619139684361337,-0.16211030171957755,0.8088097500180466,0.8149462314416638,0.8059347508315929,0.726390828384574,0.33681385652912754,0.8117069649012765,0.8137241284759981,0.8117069649012765,0.7123493379924694,0.7123493379924694,-0.25083597141996217,0.7211877492689127,0.2582609225596006,-0.6194854157440921,-0.6314202944581281,-0.6342338497324511,-0.1313329563622488,0.006322688021039973,0.34389995485783986,0.04527011512298233,-0.46607805246579576,0.0824633587410185,-0.8341353130779479,-0.1386064105145714,0.03839989097664572,0.038768800566382995,-0.6122850274855032,-0.6060650151525387,-0.07091851404493474,-0.6019792181021728,-0.8426555666672989,-0.3684253883737282,-0.1905088117172997,-0.3684253883737282,-0.2953685406554523,-0.34301226683660097,-0.34301226683660097,-0.8340431402472115,-0.8340431402472115,0.34576001737971607,0.5822320270932148,0.4805721426317556,0.7880477422113118,0.7429313276077549,-0.3550720660213885,0.0462971683673212,0.7416885379614475,0.7639277818312963,0.7416885379614475,-0.1274836896795487],[0.9868809621472228,0.9711626747443723,0.5639743900973586,0.9888990742175494,0.9949932802031771,0.9868809621472228,0.9972606704133273,1.0,1.0,0.99948944496774,0.9452656813070156,0.9983951470161372,0.9980515391747904,-0.1466848980223015,0.9990399795091818,0.9734359878622676,0.9601582523005914,0.34074850158084624,0.9990899077581061,0.9990914327402697,0.9859507953713514,0.9991950493885717,0.3209785356996653,0.6831010564366045,0.9920880498701067,0.9920880498701067,0.9827999054721386,0.9832615147057333,0.21987872562092228,-0.19659250828390265,0.988265801930971,0.9916862850711243,0.15872373468606765,-0.2504721670407231,0.9981783507505303,0.9980953666121132,0.3476384106825147,-0.33257880097366194,0.9963418739932189,0.9979528927886137,0.969352770534454,0.3204286140101711,0.9254715290972123,0.9980071620606684,0.9254715290972123,0.90797665680001,0.6038020082426733,0.9245898012363106,0.8937075301881295,0.6701557989086053,0.3987289338621123,-0.10398518108382684,-0.22242106857788643,0.9148777584911727,0.3703784288856874,0.9635112327408268,0.9561721296298501,-0.0846243388867933,0.825443297171198,0.790792917245819,0.8463299492662764,0.7856486087726701,0.7555475362905443,0.7856486087726701,0.7566354428023654,0.7490709918087137,0.7515252728445231,0.7490709918087137,0.8348468789443719,0.30308954078432104,0.5165033637998618,0.5996818613363016,0.5165033637998618,0.5253777890446865,-0.37449991676932864,0.48697269151626754,-0.6660162776611864,0.41420802969010767,-0.14619139684361337,0.3641379445451027,-0.14619139684361337,-0.16211030171957755,0.8088097500180466,0.8149462314416638,0.8059347508315929,0.726390828384574,0.33681385652912754,0.8117069649012765,0.8137241284759981,0.8117069649012765,0.7123493379924694,0.7123493379924694,-0.25083597141996217,0.7211877492689127,0.2582609225596006,-0.6194854157440921,-0.6314202944581281,-0.6342338497324511,-0.1313329563622488,0.006322688021039973,0.34389995485783986,0.04527011512298233,-0.46607805246579576,0.0824633587410185,-0.8341353130779479,-0.1386064105145714,0.03839989097664572,0.038768800566382995,-0.6122850274855032,-0.6060650151525387,-0.07091851404493474,-0.6019792181021728,-0.8426555666672989,-0.3684253883737282,-0.1905088117172997,-0.3684253883737282,-0.2953685406554523,-0.34301226683660097,-0.34301226683660097,-0.8340431402472115,-0.8340431402472115,0.34576001737971607,0.5822320270932148,0.4805721426317556,0.7880477422113118,0.7429313276077549,-0.3550720660213885,0.0462971683673212,0.7416885379614475,0.7639277818312963,0.7416885379614475,-0.1274836896795487],[0.9918207467880329,0.979272505510878,0.48300812765047585,0.9936872291860007,0.9970596893278504,0.9918207467880329,0.9999684982304861,0.99948944496774,0.99948944496774,1.0,0.9520852513656353,0.9995660786932316,0.9999698403531584,-0.30676698364691984,0.999974209775217,0.9514795079653363,0.9314941275140508,0.2536918914603667,0.9997875211248672,0.9997880890632267,0.9886247375292767,0.999966702754829,0.12539324025431983,0.6443256758091527,0.9943843087766006,0.9943843087766006,0.9943315390875547,0.9869972020207467,0.05402819143903149,-0.1216634881220637,0.9905640688762406,0.9905362223493651,-0.014318060063039047,-0.20380396803450884,0.9993320956060774,0.9992895401827754,0.7690737637532074,-0.5206574921517131,0.9986831792009374,0.9993035270919751,0.9456951402516056,0.23042661938630127,0.9991766412025918,0.9991820280366958,0.9991766412025918,0.9104399238408205,0.6204910477901633,0.9236962232464351,0.8967637087425961,0.6960062299965017,0.007384249372401228,-0.5291877693008825,-0.1807384165067659,0.9193343107470622,0.33942385727415736,0.9627798393689245,0.9619252867026061,0.8617540370043363,0.8400892961864564,0.8806302578459823,0.8569521176268946,0.8788637886683116,0.8795765907708629,0.8788637886683116,0.7699062881388778,0.8222493724651884,0.8239408302294207,0.8222493724651884,0.8457231429238395,0.741023133882931,0.833525687450516,0.8349455736763121,0.833525687450516,0.5394863108518096,0.36312733065595926,0.5023764810910745,-0.6824351256688163,0.4816775452513247,0.44598818635539245,0.44591352627795877,0.44598818635539245,-0.11219771663232599,0.820759033371976,0.832808664669785,0.8211596972535843,0.8719445783593123,0.2782197665614786,0.8284722277026583,0.8307656410398511,0.8284722277026583,0.8362754866365295,0.8362754866365295,-0.23637574770500586,0.6933265193505391,0.07310832290522545,-0.6218381626783017,-0.6577895332089478,-0.6586859043437047,-0.11938370180890379,0.01718021020208063,-0.16005477588823766,-0.11994509612991043,-0.4989898452599104,-0.3624950760618873,-0.8759884596401187,-0.5624481809135664,0.053229110280702575,0.05440009200883909,-0.6015069438775698,-0.6008941383746426,-0.5293042094819692,-0.5856343918006647,-0.8161746218936764,-0.598407783904684,-0.6005238097089901,-0.598407783904684,-0.27911473628534594,-0.3319712262566041,-0.3319712262566041,-0.7956677705961387,-0.7956677705961387,0.36862907859218813,0.5987868253864091,0.821635096719178,0.801314827919683,0.7546823934609277,-0.3606383767353438,0.6394314517399929,0.7080773520377655,0.708230863978421,0.7080773520377655,0.09435412906938352],[0.9736339657307819,0.9609187001918721,0.42634184846934625,0.971490127799846,0.9615749607521596,0.9736339657307819,0.9532947709698999,0.9452656813070156,0.9452656813070156,0.9520852513656353,1.0,0.9283864797484652,0.9533192826031353,-0.24056108745102886,0.9529838594193185,0.8704682438104849,0.8458655563510303,0.05498984940104481,0.9586591626817931,0.9586366924970272,0.9534601478987432,0.953451419483624,0.054745075388657055,0.6904437600118346,0.9552227022319282,0.9552227022319282,0.9554289351522296,0.8404325599271362,0.15823941389667293,-0.1038957510802763,0.9616536296971302,0.9617840944415375,0.13670664668515792,0.06973343301986111,0.9628804714227454,0.9631646660868974,0.8591591094509713,-0.4395972396970664,0.9394252594275523,0.9620262324176946,0.8715908231204778,0.032606846215636816,0.9642141163571198,0.9641781301605026,0.9642141163571198,0.7897600082994869,0.4164782773970369,0.7646302981702663,0.8696613929129714,0.8336585126074691,-0.5500246183300311,-0.6861794165379337,-0.2953915231318243,0.8718317596791806,0.052374074247249505,0.9059846734298544,0.9060361342820683,0.8652658850265006,0.8609450960342975,0.8896229238743592,0.8683321067322942,0.8817909795181346,0.8825737224542455,0.8817909795181346,0.8112239873668091,0.7904657306834302,0.7925151220638632,0.7904657306834302,0.8609551926180783,0.8799418978790589,0.8591307742407207,0.8598818424621413,0.8591307742407207,0.6354942651006474,0.5558643683038134,0.6369156632297872,-0.3975638527770474,0.6586878015753561,0.678709851893807,0.6816238700354197,0.678709851893807,-0.27149811175707983,0.8656166019082885,0.9246647779671667,0.8828303468381731,0.8804699522958286,0.1476833610004885,0.8580086606338241,0.8592958792363474,0.8580086606338241,0.8691314322261866,0.8691314322261866,0.017608736061750212,0.31801404807291916,-0.09493967745570646,-0.5352005698747422,-0.40710744208719907,-0.40909581484489105,0.04215337196802056,0.39653124587759037,0.08516543723275785,-0.05885098840834463,-0.39190578928093545,-0.01205074960188495,-0.8096204391347888,-0.1739759338969285,0.28630812126405825,0.2856164083107058,-0.3696300948882188,-0.4386085525707144,-0.3260090913009199,-0.3327501655281598,-0.6823735902379036,-0.3468404348846648,-0.348903329152053,-0.3468404348846648,-0.07371326330042449,-0.3665169836000514,-0.3665169836000514,-0.539038941562301,-0.539038941562301,0.5623661609583497,0.6698866316307158,0.7604653963034754,0.6740289891756825,0.8355351250898713,-0.4555690162660863,0.3868947779773915,0.5595998981643483,0.5598719178649192,0.5595998981643483,-0.22611886714921775],[0.9832074312407035,0.9813270302229339,0.9966896089401288,0.9878807545675407,0.9956066883281839,0.9832074312407035,0.9996143617252742,0.9983951470161372,0.9983951470161372,0.9995660786932316,0.9283864797484652,1.0,0.9996131713222891,0.999609534261301,0.999567612792168,0.834969659196722,0.7962088141812169,-0.4071490226979,0.9997526723509225,0.9997564153268234,0.9996197220178985,0.9996196414416989,-0.24634157104835824,0.9643355085156646,0.9929060718332902,0.9929060718332902,0.992882037023161,0.9899097081763507,0.05537169819299911,0.09058885880739573,0.989699948136099,0.9897690595548976,0.9731593252509907,0.03597745476885318,0.998783714564723,0.9987281229018655,0.9985522586966752,0.9992764677504578,0.9992461781177023,0.9987901119878203,0.8147585690372553,-0.4170947823593782,0.9984909289580187,0.9985016125394311,0.9984909289580187,0.9041032197468758,0.47127438531220833,0.9196405445111175,0.8947451432594633,0.6972525319853111,-0.5220570527029236,-0.6505467339973927,0.7948029380564349,0.8109809410799269,-0.304023469284172,0.9234583371480991,0.9236602180579555,0.8633545536367324,0.8726028704424161,0.841368595442133,0.8437780006075922,0.8501418352280021,0.8510286442765225,0.8501418352280021,0.686561832828935,0.642052499803056,0.6447185564319672,0.642052499803056,0.8729907901163831,0.8815962160062526,0.871734721586796,0.8731302392258121,0.871734721586796,0.3413359335609022,0.2709057414035108,0.3973352423949983,0.5204867518699846,0.3951891136726201,0.44034772554863244,0.44280557974716106,0.44034772554863244,-0.4099042898261959,0.7888600025544424,0.8371244110259477,0.8182256279292487,0.8718086896554672,-0.18006899897173367,0.7822702212220524,0.7827804597100388,0.7822702212220524,0.7959708339456922,0.7959708339456922,-0.29541618140093856,0.6847608095621881,-0.3967696464244785,-0.715766866607291,-0.5459994247582696,-0.5483182835887143,-0.37562208096744404,0.17081364944583757,-0.2785914689564906,-0.46177316308058936,-0.6624886418198009,-0.3577715958127973,-0.6180534162806873,-0.4242077317474727,0.044551072588048135,0.04114193170912878,-0.5652105324894185,-0.5311861838137965,-0.5504098532531851,-0.5846622467245229,-0.5788374282770217,-0.5535745365316399,-0.5565653032936332,-0.5535745365316399,-0.43798317005647747,-0.6077943182538305,-0.6077943182538305,-0.6073219473763276,-0.6073219473763276,0.36386554573922214,0.35394737061938025,0.47214727266878953,0.5549709644703145,0.5485180280570333,-0.5560961571690664,0.2954195628931251,0.3117045474550281,0.3118559191922853,0.3117045474550281,0.2138103412780767],[0.9912008196000957,0.9795228103593079,0.5749989402932054,0.9927341149694665,0.9968906536332667,0.9912008196000957,0.9999962605467294,0.9980515391747904,0.9980515391747904,0.9999698403531584,0.9533192826031353,0.9996131713222891,1.0,-0.13729315098381134,0.9999944976905883,0.9749153983100638,0.9670424723086177,0.3628823239019828,0.9998438964774182,0.9998439798061882,0.9888517482590993,0.9999971001879201,0.3480902863746147,0.6835035195117379,0.9900023778840756,0.9900023778840756,0.9850102190972171,0.9871800543682259,0.23933800234526478,-0.1819124355124174,0.9919914972693158,0.9917649803108728,0.17895303828848536,-0.24376374476013954,0.9993075252640046,0.9994056372126662,0.36782681649321813,-0.3250278414484304,0.9987693930008028,0.9993335167643718,0.970342222527646,0.3430407168512976,0.9339844148233204,0.9990394581046443,0.9339844148233204,0.9106110645933554,0.6197562296861386,0.924434304074608,0.897841452684966,0.696785767520354,0.41256989632040153,-0.08784969289339671,-0.2085366176933922,0.9241756645569281,0.39151827343527257,0.9683930491503268,0.9617968217425691,-0.07371130601207622,0.8395628628476139,0.8089121327055749,0.8562697454791196,0.802556935753161,0.7687907834444753,0.802556935753161,0.7710033393121789,0.769790883157404,0.7660014161808016,0.769790883157404,0.8445620015611905,0.3242501338107342,0.5390034776254425,0.6173886629377499,0.5390034776254425,0.5402611574753747,-0.3588297683812272,0.5036608737787637,-0.6570305971363033,0.42358470758279865,-0.12286489678814341,0.3821220898864934,-0.12286489678814341,-0.15497950664212395,0.8204477707389408,0.8331761895509012,0.8210541503987075,0.7422580803806519,0.35446854158868,0.8227215994888906,0.824517929535887,0.8227215994888906,0.7321012092898538,0.7321012092898538,-0.23416980291040637,0.6927804171766604,0.2505219816402516,-0.6095546945238859,-0.6174677094326557,-0.6204843262190172,-0.1158198582730452,0.014723386571952789,0.3510215265167866,0.06499353939307737,-0.45262555009657685,0.09212804191095157,-0.8270114045597906,-0.13170305247415232,0.054908890047535255,0.055275173344742946,-0.5996210723754833,-0.6045671834720522,-0.06368222200184616,-0.5835334603439635,-0.8422494374018108,-0.3560728761313833,-0.1839284134758959,-0.3560728761313833,-0.27638145561949107,-0.3283120917624169,-0.3283120917624169,-0.8353008075633448,-0.8353008075633448,0.3689059542881826,0.6003594852649409,0.5003445774614065,0.8066810202187847,0.7563946471496116,-0.33185422779009516,0.06131058574765377,0.7615857189362436,0.7801249501944966,0.7615857189362436,-0.14522093356830884],[-0.11978182550576168,0.9794866354892654,0.5115674879166119,-0.12394344809006284,-0.32994761999176436,-0.11978182550576168,-0.1376398166327653,-0.1466848980223015,-0.1466848980223015,-0.30676698364691984,-0.24056108745102886,0.999609534261301,-0.13729315098381134,1.0,-0.1366849249973933,-0.14590649030161731,-0.12308852804361999,-0.29535647375507923,-0.13810182876796212,-0.13863909565792223,-0.25954845308070373,-0.1382478293613107,0.028097380882964932,0.3099586269453953,-0.17047531740008093,-0.17047531740008093,-0.17080293839898839,0.9871609823519012,0.25119725858545766,0.18691241852971824,-0.1752358060217722,-0.1758254475245396,0.5384887671202302,0.12183482565359513,-0.13571525425958159,-0.29260856435633403,0.1715375918052501,0.9580314491867472,0.9987677919230985,-0.3233237659104769,-0.14383294239527233,-0.2853395130969906,-0.1360019565158321,-0.13701722450331769,-0.1360019565158321,0.9106893546943526,-0.11598695928585326,0.9244099353907479,0.8977908927171792,0.6967726355375714,0.08512273418874597,0.2515219465492017,0.6449264326892478,-0.2580603125774194,-0.2976886650055102,-0.05809589938053861,-0.29095454061634424,0.03678509488243676,0.29819497014854124,-0.010752019883652068,-0.28574834541594674,-0.008444814562548404,0.0009565389409339399,-0.008444814562548404,-0.3882399690068347,-0.09590723241882494,-0.09807182049402209,-0.09590723241882494,-0.18501185822097885,0.07694614717103801,0.05460602857558588,0.054533527939260265,0.05460602857558588,-0.39771680593925474,0.00686231435761761,-0.36185289961963635,0.6191862980384492,-0.32990173699278313,0.009649424690251334,-0.05348888865207724,0.009649424690251334,-0.30751243005641454,-0.3196391567719433,0.8331456480442224,-0.0907937543460567,0.023812999348448775,-0.22304059665529127,-0.24488248250958503,-0.2445491202221709,-0.24488248250958503,-0.016894198126503775,-0.016894198126503775,-0.2158595499509187,0.69271501430505,-0.16146307582644706,-0.02972842230124095,0.1926391632834972,0.19117479450935532,-0.25351721121125337,-0.005887442928215052,0.01960485699068245,-0.17712595918114948,-0.11769171778750447,0.0400200030188182,0.3777936732853344,0.11071292386035572,-0.036923974158529396,-0.04085195596347939,0.08135933410764096,0.5665329682683908,0.08875175275247325,-0.20293131738318887,0.6064124954474901,0.09184275520692119,0.10012709338826087,0.09184275520692119,-0.2408115805386046,-0.19927443728533695,-0.19927443728533695,0.3184265978260153,0.3184265978260153,0.3690094010157953,-0.2471720039948778,0.021316455592250524,0.09494802467761006,-0.24063462387335227,0.06813204946650424,0.15633798672094792,0.10775207360141333,0.107651526352988,0.10775207360141333,0.12488460711825562],[0.9912634180318295,0.9793174856031269,0.5753038779132057,0.9927695931824702,0.9969206556000925,0.9912634180318295,0.9999926792837099,0.9990399795091818,0.9990399795091818,0.999974209775217,0.9529838594193185,0.999567612792168,0.9999944976905883,-0.1366849249973933,1.0,0.9733506784952494,0.9610354188845484,0.3630015694073718,0.999846845230017,0.9998468459331092,0.9890069086884268,0.9999945302162567,0.3487689011852053,0.6833450735309885,0.9934464809981401,0.9934464809981401,0.9933377196821049,0.9870685471603784,0.23961549353094483,-0.18195892074426206,0.9927472578763332,0.9927989551264058,0.17973190512336218,-0.24359710751144326,0.9993571022660239,0.9994047389456372,0.3667790982697364,-0.3241829335826673,0.9987106072512311,0.9993364741198314,0.9701833558254767,0.3431846823514021,0.9334809966177038,0.9990946080972856,0.9334809966177038,0.9108938719595754,0.620477060540714,0.9247679768670414,0.8981831612028129,0.6964849845191675,0.4139780073054225,-0.08624666441217238,-0.2087424453476336,0.9245664303901306,0.3918050300777115,0.9688091160458432,0.9621513510286336,-0.07473794699732947,0.8398416463522902,0.8088318948410861,0.8565236535685522,0.8025162822892455,0.7683821669940772,0.8025162822892455,0.7711978556468883,0.7697440854589912,0.7664135605080694,0.7697440854589912,0.8449046348134921,0.3235643483823118,0.5384903150490837,0.6174175781223912,0.5384903150490837,0.5400964040257312,-0.36000795161042204,0.5035640682587516,-0.6571901372723543,0.4231931979380324,-0.12387606349027584,0.3817738342749771,-0.12387606349027584,-0.15492441348941266,0.8205812542688221,0.8328109917066469,0.8211628917722282,0.7328047456644615,0.35485619093168996,0.822840868581421,0.8246298175122355,0.822840868581421,0.731908032569003,0.731908032569003,-0.23576537385086083,0.6936590181325726,0.251030282300315,-0.6095365763243059,-0.6178500715857546,-0.6208726838751722,-0.11699671491951286,0.013469395217276935,0.3513294938666994,0.0645441621232648,-0.45288158244425225,0.09220581338693298,-0.8261470333017708,-0.13154489682357529,0.05387252106881205,0.05423807008384712,-0.6002579930015384,-0.6048476183827578,-0.06309678871448345,-0.5848679484048042,-0.8422429207016765,-0.35600893756026464,-0.18336669916529133,-0.35600893756026464,-0.27738034368323355,-0.3287924010016402,-0.3287924010016402,-0.8356509303498004,-0.8356509303498004,0.36907565440081325,0.6000311055005801,0.4998009924639093,0.8071286635574446,0.7558321703193943,-0.3313782838545536,0.06063364928903627,0.7619895322225653,0.7807309364737712,0.7619895322225653,-0.1448973469382448],[0.9551221682911174,0.7894720362717809,0.5391984267383356,0.956441045857034,0.9415372094375039,0.9551221682911174,0.9749683980066477,0.9734359878622676,0.9734359878622676,0.9514795079653363,0.8704682438104849,0.834969659196722,0.9749153983100638,-0.14590649030161731,0.9733506784952494,1.0,0.9969286913557798,0.3941242141447963,0.9698426414472893,0.9698486118133529,0.9484929477149162,0.973176010182724,0.3394516802673944,0.6290319922203208,0.9660442145344829,0.9660442145344829,0.9564352648711493,0.6413385217916918,0.21509205559512606,-0.1881732438287418,0.972649631324991,0.9721842580599975,0.16457189788573381,-0.25708699192353884,0.9738135016042279,0.9553349168570686,0.3385871051162833,-0.32197488313331996,0.8401156447038282,0.9494668007794855,0.9985124830008816,0.3749825083907,0.9038417266837389,0.9736245149135755,0.9038417266837389,0.7528427403279212,0.6107842043606891,0.557383638213765,0.5309449713654965,0.5716323452899192,0.41447457668081233,-0.07377199820009606,-0.21113562931703223,0.8940448852117046,0.403818227567119,0.9485884469284768,0.9225774841038588,-0.0889888468363231,0.7009695951534742,0.7724769785551194,0.7859477855812314,0.7651187890906893,0.7482295056521271,0.7651187890906893,0.6875820156851146,0.739809065566964,0.7477783383799333,0.739809065566964,0.7610421186634937,0.29757492438155625,0.5066888309997868,0.5956719429206742,0.5066888309997868,0.4960126100988835,-0.3635353253675394,0.4532191305338119,-0.6561595395613171,0.3797373901118813,-0.13248553950456052,0.3574641226512645,-0.13248553950456052,-0.15273409929856116,0.750984087218008,0.6581318870398125,0.7063801388903503,0.7221672898255246,0.3