var config = { responsive: true }

var correlationClose = {"data": [{"type": "heatmap", "z": [[1.0, 0.9999818607998322, 0.5521903892460625, 0.9996944673316576, 0.9973626870293365, 1.0, 0.9904980589227075, 0.9859031580500082, 0.9911201650818149, 0.9726267089842725, 0.9807888421067408, 0.9905441659954235, -0.1403170992201318, 0.9906117446551443, 0.9906593892684167, 0.9933915553535129, 0.4852649111536669, 0.9916618081273637, 0.9916476489040094, 0.9834451848021563, 0.9905318071416992, 0.4443820042234194, 0.6500653711743136, 0.9770698893194251, 0.9770450672257265, 0.9558973688604882, 0.2927365645300762, -0.12660174359371493, 0.9898964380930274, 0.9898568058708899, 0.26747192766903405, -0.21123045265056098, 0.9935368690144842, 0.9944364456557158, 0.8038586572861564, -0.3940333558081155, 0.9867218998978701, 0.9941547053684797, 0.9940790117083732, 0.46803001502537517, 0.9937338112769569, 0.9937199412732712, 0.9937338112769569, 0.8919772217614425, 0.6791045321378502, 0.8615707948230895, 0.8820550183269021, 0.7980158806052652, 0.3951489962521452, -0.12178197673024849, 0.19363947886120633, 0.9469889317742319, 0.4818695085267142, 0.9774489965435605, 0.9714621576716478, 0.9115117602030601, 0.9044244783673375, 0.9304747860618828, 0.9039442444791497, 0.9270585328790467, 0.9278901310125361, 0.9270585328790467, 0.8368785718068278, 0.9039535561038253, 0.9051227898721685, 0.9039535561038253, 0.8897762131716608, 0.7227415290080034, 0.8655995074055396, 0.8673099860713978, 0.8655995074055396, 0.6078271580211109, 0.30146235945924105, 0.583675648460844, -0.599115943534615, 0.4756309462332936, 0.535123762210935, 0.5367191184830847, 0.535123762210935, -0.09572911115411743, 0.8770134547611623, 0.9082451334158401, 0.8899370672839471, 0.9130108759816356, 0.48970799919201585, 0.8746412606598284, 0.8759543122270409, 0.8746412606598284, 0.8856214295719018, 0.8856214295719018, -0.1685991056688782, 0.529294008028702, 0.19945812942419458, -0.5335638763569918, -0.5547205308369618, -0.558472066171063, -0.021178665721018158, 0.044048629860232225, 0.27108283932238175, 0.16217878588408574, -0.34591557594430694, 0.0709816545576236, -0.7905236520114044, -0.19527007987035178, 0.11132710179505761, 0.11155083473462589, -0.5306189496502647, -0.6085909401934831, -0.1961254707958571, -0.474905365717231, -0.8302575335854696, -0.33486385990021245, -0.32560360011756884, -0.33486385990021245, -0.17662078686997199, -0.24063686809073126, -0.24063686809073126, -0.8191675524976363, -0.8191675524976363, 0.4028564825775252, 0.6626480767802915, 0.8756762554613213, 0.8544094570046658, 0.7927966680321838, -0.2313468890371386, 0.7719851137620319, 0.8124729781159745, 0.8127123822677477, 0.8124729781159745], [0.9999818607998322, 1.0, 0.966968470654099, 0.9991601762576623, 0.9932764069462154, 0.999981860799832, 0.9764082619084677, 0.9667389813999036, 0.9761757287960092, 0.9562814255452728, 0.9784679316781094, 0.9764603387176521, 0.9764175168691649, 0.9762200630140142, 0.975425184740314, 0.9844897071126039, -0.2246365678114777, 0.9822156847065875, 0.982185423643812, 0.9765341572444795, 0.976524481266249, -0.1652306150925538, 0.9656772517965524, 0.9690335490571949, 0.969111217119384, 0.9561486868353346, -0.0027245434388039093, 0.14288461333139724, 0.9748755156486404, 0.9749487742999287, 0.9704727862257039, 0.12230366122023431, 0.9866744855336916, 0.9867706696258831, 0.9875858210933627, 0.9788444643132845, 0.9849362987463895, 0.9866820035948808, 0.9873717502657183, -0.23163649088213634, 0.9876958878986997, 0.987674704267127, 0.9876958878986997, 0.8920679236021113, 0.5726576710360396, 0.8619536917716092, 0.882218240326107, 0.7972734992769681, -0.4487468290746001, -0.5530659574023132, 0.8383101872349825, 0.8608623280974332, -0.1551155160031623, 0.9350753031477108, 0.9351345607182214, 0.9176371828772889, 0.9282606276827091, 0.9044361734754471, 0.9041172800174518, 0.9115087500947144, 0.9123010937359461, 0.9115087500947144, 0.7620201542315564, 0.7214701474933084, 0.7236248639984451, 0.7214701474933084, 0.9222079471148328, 0.9276708250432897, 0.9219487893392366, 0.9232527393633433, 0.9219487893392366, 0.42360225858845213, 0.36690669268940385, 0.48931502772389185, 0.5927772928984713, 0.46896342482318604, 0.5127768697069806, 0.513604993592136, 0.5127768697069806, -0.2104614370758087, 0.8583338826703261, 0.8967654805865153, 0.8823568917760173, 0.9251524426219662, -0.026823504316364922, 0.8518003698495918, 0.8522146305718438, 0.8518003698495918, 0.8637090320539562, 0.8637090320539562, -0.2738875732481439, 0.5297327295750897, -0.383483913405067, -0.6246567166374096, -0.4645577874271513, -0.46795990318832814, -0.28941234423297535, 0.2114132083340517, -0.20364632659581602, -0.37254361314556494, -0.556362009026593, -0.27186092390480826, -0.501872881400228, -0.32531851257590466, 0.08534231894584249, 0.08007901694852049, -0.48224404857545394, -0.43614841585408964, -0.46398708133903854, -0.4935995801345094, -0.4861460739273933, -0.46658632816105194, -0.4697654425595042, -0.46658632816105194, -0.3565758725375846, -0.4899546455233086, -0.4899546455233086, -0.46535163631483983, -0.46535163631483983, 0.40244865826144904, 0.42420706688180176, 0.5228086363668694, 0.6076713416478864, 0.5827485124964836, -0.37947929899326927, 0.39422639212276234, 0.38585534136707894, 0.3859723347536013, 0.38585534136707894], [0.5521903892460625, 0.966968470654099, 1.0, 0.5451957292962567, 0.4257708520235123, 0.5521903892460623, 0.5419976913106876, 0.5296707899815414, 0.4330460446989289, 0.3708197083070051, 0.9965321438066836, 0.5420147670952896, 0.5185878609428255, 0.5423702922529618, 0.5445760759934298, 0.5815782480855034, -0.08450941447923103, 0.48430675387982486, 0.4834590800994408, 0.4336665567874211, 0.5409672667466453, 0.2029563555527426, 0.6821768802865106, 0.5067956002812408, 0.5065043251973683, 0.9818735305186441, 0.2765717018204444, 0.18065062847768246, 0.509114002616546, 0.5086012232110798, 0.7709701173709776, 0.005906543378087533, 0.5407146491140322, 0.4329222348712909, 0.5319871059928977, 0.37098681213936135, 0.9937370504987802, 0.41886588692230897, 0.5434316693345308, -0.09022063433400422, 0.5567100152348153, 0.5388865610339024, 0.5567100152348153, 0.899429471521986, 0.39266773995568743, 0.9039689890890736, 0.8690796115931951, 0.6499996226486049, 0.2017513684165959, 5.622420915927793e-06, 0.0619016044606523, 0.40924160062826936, -0.0644043136507647, 0.5017649909608339, 0.43044403048018237, -0.08185377336568793, 0.6690623008154346, 0.6300597217659913, 0.4559679146212087, 0.6361935241011112, 0.7056753635021035, 0.6361935241011112, 0.30028838352848913, 0.5302086612856258, 0.6359373252346153, 0.5302086612856258, 0.5352993531988051, 0.6133832721962957, 0.6514307595452745, 0.7275307292763737, 0.6514307595452745, 0.1784763869163837, -0.08156185216724053, 0.19849000717508336, 0.1593649320299269, 0.19760858410787427, 0.2651113648986965, 0.3845644594187117, 0.2651113648986965, -0.1689269690245809, 0.4100226313237833, 0.792622202526917, 0.49600976646350403, 0.7224783460415917, 0.11193390390526001, 0.4811258487638619, 0.4814392960647504, 0.4811258487638619, 0.6169264357423606, 0.6169264357423606, -0.2983166658120594, 0.7104825074864232, -0.2341428125424984, -0.5116268895485239, -0.37531303743458955, -0.37904486218362227, -0.3828229141821216, -0.002700843088014508, 0.026680763605848454, -0.24358915592156513, -0.49494305027756913, -0.12727779023970975, -0.20840169290683822, -0.19707390831503105, -0.04076511041205553, -0.04456985852896831, -0.4349117094383046, 0.024733970284298443, -0.20798980224545258, -0.4709278542562576, -0.09565934144694767, -0.34416328803253526, -0.21969163893155802, -0.34416328803253526, -0.42811994662039643, -0.4973612992955057, -0.4973612992955057, -0.22707531914674572, -0.22707531914674572, 0.32401462134154907, 0.12523607764092684, 0.2365174972134109, 0.48338461594936677, 0.2018274413540963, -0.2903465557570391, -0.039684257422042506, 0.44378456727449617, 0.560381623761493, 0.44378456727449617], [0.9996944673316576, 0.9991601762576623, 0.5451957292962567, 1.0, 0.9985694397877861, 0.9996944673316573, 0.9921520143919988, 0.988043201272608, 0.9931554091854348, 0.970349010354504, 0.986169409671722, 0.9921856203482872, -0.14497740075846707, 0.9922242712982924, 0.9922647401581657, 0.9949983607411245, 0.47117173748714264, 0.9930812355714111, 0.9930689341437778, 0.9839369888564541, 0.992164977114462, 0.43548670840892245, 0.6532881628106412, 0.9801023730474123, 0.9800781789879539, 0.9674764020930989, 0.28752073431635394, -0.13416581880173334, 0.9897093061189439, 0.9896806436462575, 0.2587970477841897, -0.21223358869683973, 0.994375505161344, 0.9955848069778562, 0.7618558899247926, -0.4000417186147928, 0.9906737386149697, 0.9955501834339062, 0.9947324924616257, 0.4535524437402856, 0.9918657263719515, 0.9944574631456549, 0.9918657263719515, 0.8906342654464016, 0.6662854545183988, 0.870409314529836, 0.8777094222206189, 0.7745908255787164, 0.389500032337567, -0.12797436381907842, 0.1868880235600545, 0.9411795611261664, 0.4656794207520766, 0.9731490501024027, 0.9686362000047976, 0.8863119059689112, 0.894750439410713, 0.9148609991799838, 0.8984932562706551, 0.9065840643442247, 0.9077386003294473, 0.9065840643442247, 0.8264034046315399, 0.8899336477982146, 0.8912203974644725, 0.8899336477982146, 0.884966864957288, 0.6529477259167962, 0.8196171319891877, 0.8213737038795887, 0.8196171319891877, 0.5972886890282099, 0.09733441085124041, 0.5710625375322497, -0.6044817439536524, 0.46859456963867996, 0.278294333089829, 0.504115879250447, 0.278294333089829, -0.10278433730502817, 0.869767107942369, 0.8965281048698929, 0.8790922781937338, 0.8852323268017964, 0.4765135646786499, 0.868459649606002, 0.869951849439602, 0.868459649606002, 0.8624523790880432, 0.8624523790880432, -0.17524431361332407, 0.5586305430083311, 0.20418481917701672, -0.5446954800883589, -0.5628489102170025, -0.56650553437967, -0.034101303802350394, 0.038147468578060804, 0.263725516751921, 0.14927807698098602, -0.3592696299456456, 0.06413374068905267, -0.797654525015362, -0.20350990902189411, 0.09967100113862531, 0.09994152895806396, -0.5384431093170401, -0.6055335270413631, -0.19810807602778274, -0.4879322835505678, -0.8329760333030735, -0.3368919061285492, -0.32819826719555334, -0.3368919061285492, -0.18651192026477045, -0.2512563054638923, -0.2512563054638923, -0.8196730055910362, -0.8196730055910362, 0.3877721124729874, 0.6504219790140642, 0.8681600348784131, 0.846949776755832, 0.7854319647830996, -0.24534648659640063, 0.7631475050146318, 0.8039485943787085, 0.8041952797477546, 0.8039485943787085], [0.9973626870293365, 0.9932764069462154, 0.4257708520235123, 0.9985694397877861, 1.0, 0.9973626870293365, 0.9966450602149451, 0.9945615527710921, 0.9968332189045291, 0.9594293699176073, 0.9950043440624089, 0.9966644286514225, -0.3607210982088649, 0.9966961116242509, 0.9967088813366085, 0.997770128133298, 0.28055173442073933, 0.9972633112286216, 0.9972568660696316, 0.9856973432448667, 0.9966522757613664, 0.0626781632986405, 0.6085328644828237, 0.9901089854807303, 0.9900627871370493, 0.9828541096065497, 0.025483656984968208, -0.12064303627272933, 0.988029999438264, 0.9879717382743382, -0.06486379739656406, -0.11133850436817481, 0.9976701551837013, 0.997612239845362, 0.7344314968020658, -0.5470455706643383, 0.9969786860386857, 0.9978452275827903, 0.9979455128167055, 0.2570184353367561, 0.9976353848399003, 0.9976353751406754, 0.9976353848399003, 0.9064235641954516, 0.6273304783191583, 0.8939459485041488, 0.8809974630778405, 0.7389047533682948, -0.09367530970117235, -0.5755778800248029, -0.23909319714839636, 0.9261814326564771, 0.32273507566385473, 0.9664458098503033, 0.9665062110260245, 0.8786337651857818, 0.8705487401232358, 0.8984062417413472, 0.8824047999851033, 0.8963380700363681, 0.8968178158015696, 0.8963380700363681, 0.7944498605757356, 0.828681666329559, 0.8302117091407047, 0.828681666329559, 0.8707390445901256, 0.7572336745038761, 0.8503354266048848, 0.851423441683551, 0.8503354266048848, 0.5460227953798803, 0.40810038214989336, 0.5283339776676141, -0.6546743532371075, 0.5233776082389798, 0.5000314321905136, 0.499725615316399, 0.5000314321905136, -0.12268088025225139, 0.8471491898029588, 0.8629380374350518, 0.849101678213285, 0.8890671553426835, 0.3381735795681383, 0.8489081981611521, 0.8503524477683142, 0.8489081981611521, 0.8573397458335884, 0.8573397458335884, -0.22000772258074208, 0.6226023764387604, 0.05786871684891739, -0.5807996257592334, -0.6229601816076951, -0.6233915875667307, -0.07136615154006855, 0.05911411996924911, -0.13646989450920122, -0.10394679286034123, -0.45048347862667104, -0.3114876763033989, -0.8656532959857796, -0.5070072418477022, 0.06423709376787878, 0.06433671190071176, -0.5704279866910167, -0.5968579598384199, -0.501717165804547, -0.5332052105430419, -0.8025693142231006, -0.5595834658386704, -0.5620573240867288, -0.5595834658386704, -0.232220160578505, -0.29148854759225923, -0.29148854759225923, -0.7686081524956038, -0.7686081524956038, 0.36532315050775077, 0.6281945819298544, 0.8166390408861773, 0.7906923381987245, 0.7720256625175459, -0.3868797090852921, 0.6120042895513332, 0.6945738217104738, 0.6949395523487139, 0.6945738217104738], [1.0, 0.999981860799832, 0.5521903892460623, 0.9996944673316573, 0.9973626870293365, 1.0, 0.9904980589227075, 0.9859031580500082, 0.9911201650818149, 0.9726267089842725, 0.9807888421067408, 0.9905441659954235, -0.1403170992201318, 0.9906117446551443, 0.9906593892684167, 0.9933915553535129, 0.4852649111536669, 0.9916618081273637, 0.9916476489040094, 0.9834451848021563, 0.9905318071416992, 0.4443820042234194, 0.6500653711743136, 0.9770698893194251, 0.9770450672257265, 0.9558973688604882, 0.2927365645300762, -0.12660174359371493, 0.9898964380930274, 0.9898568058708899, 0.26747192766903405, -0.21123045265056098, 0.9935368690144842, 0.9944364456557158, 0.8038586572861564, -0.3940333558081155, 0.9867218998978701, 0.9941547053684797, 0.9940790117083732, 0.46803001502537517, 0.9937338112769569, 0.9937199412732712, 0.9937338112769569, 0.8919772217614425, 0.6791045321378502, 0.8615707948230895, 0.8820550183269021, 0.7980158806052652, 0.3951489962521452, -0.12178197673024849, 0.19363947886120633, 0.9469889317742319, 0.4818695085267142, 0.9774489965435605, 0.9714621576716478, 0.9115117602030601, 0.9044244783673375, 0.9304747860618828, 0.9039442444791497, 0.9270585328790467, 0.9278901310125361, 0.9270585328790467, 0.8368785718068278, 0.9039535561038253, 0.9051227898721685, 0.9039535561038253, 0.8897762131716608, 0.7227415290080034, 0.8655995074055396, 0.8673099860713978, 0.8655995074055396, 0.6078271580211109, 0.30146235945924105, 0.583675648460844, -0.599115943534615, 0.4756309462332936, 0.535123762210935, 0.5367191184830847, 0.535123762210935, -0.09572911115411743, 0.8770134547611623, 0.9082451334158401, 0.8899370672839471, 0.9130108759816356, 0.48970799919201585, 0.8746412606598284, 0.8759543122270409, 0.8746412606598284, 0.8856214295719018, 0.8856214295719018, -0.1685991056688782, 0.529294008028702, 0.19945812942419458, -0.5335638763569918, -0.5547205308369618, -0.558472066171063, -0.021178665721018158, 0.044048629860232225, 0.27108283932238175, 0.16217878588408574, -0.34591557594430694, 0.0709816545576236, -0.7905236520114044, -0.19527007987035178, 0.11132710179505761, 0.11155083473462589, -0.5306189496502647, -0.6085909401934831, -0.1961254707958571, -0.474905365717231, -0.8302575335854696, -0.33486385990021245, -0.32560360011756884, -0.33486385990021245, -0.17662078686997199, -0.24063686809073126, -0.24063686809073126, -0.8191675524976363, -0.8191675524976363, 0.4028564825775252, 0.6626480767802915, 0.8756762554613213, 0.8544094570046658, 0.7927966680321838, -0.2313468890371386, 0.7719851137620319, 0.8124729781159745, 0.8127123822677477, 0.8124729781159745], [0.9904980589227075, 0.9764082619084677, 0.5419976913106876, 0.9921520143919988, 0.9966450602149451, 0.9904980589227075, 1.0, 0.9971219444294198, 0.9999671210138487, 0.9498805538550616, 0.9995655259675398, 0.9999960541021647, -0.15854031604954613, 0.9999922151262018, 0.9999199396364135, 0.9939922674409473, 0.41992154763791134, 0.9998311363992197, 0.9998312829275336, 0.9882234322568482, 0.9999962702504457, 0.3401600124307366, 0.6544614645092222, 0.983945021793813, 0.9839802605165677, 0.9843852148969823, 0.20765510496820042, -0.1941430602378848, 0.9923490786809975, 0.992053085688938, 0.15702969283179993, -0.263267793186573, 0.9992855373419631, 0.9993740679337089, 0.3354418726322282, -0.33107733579679327, 0.9985994316375109, 0.999270813536158, 0.9982133348834111, 0.4007139989778653, 0.9292750003524293, 0.9990110605399647, 0.9292750003524293, 0.9147250350464751, 0.6293656463975091, 0.9178690667555854, 0.8899559193351948, 0.6894476183940238, 0.4186275792663965, -0.07153501017935983, -0.212030587990515, 0.9241409366140215, 0.4225849954808552, 0.9686130801037092, 0.9611201229963761, -0.09206453831507073, 0.8175376864442659, 0.7951275942752216, 0.8418079724336871, 0.788052559276332, 0.7571031160738536, 0.788052559276332, 0.7485163453791723, 0.7568357223276204, 0.7572763728455727, 0.7568357223276204, 0.8272774211687711, 0.2923939929281123, 0.5113192583814045, 0.5986067115367745, 0.5113192583814045, 0.512633159838901, -0.3643403641601337, 0.4725128626991985, -0.6682869548868572, 0.3877237786036578, -0.1346409155142991, 0.357808063712915, -0.1346409155142991, -0.14803513414877598, 0.8025863710878592, 0.8078815334883769, 0.7987341056202045, 0.7289514569669344, 0.4238275517462179, 0.8066399563364921, 0.8087594834388252, 0.8066399563364921, 0.7132850567151927, 0.7132850567151927, -0.2576756228962349, 0.6759914791012841, 0.2561571161446117, -0.5657008907697215, -0.6072191900904372, -0.6103817244110578, -0.0879112948679736, -0.015219117297877567, 0.36469026166747603, 0.10874290932815123, -0.38948750415204575, 0.11289321035066545, -0.825564640660739, -0.10872668664028075, 0.026216365010435116, 0.02656013995996093, -0.5858639859099183, -0.6110712872443352, -0.039094761675576704, -0.5716378750394475, -0.8454013643651954, -0.33443351842879093, -0.1594755294586547, -0.33443351842879093, -0.26893436821553973, -0.3032570696924363, -0.3032570696924363, -0.8394635972609457, -0.8394635972609457, 0.3617366823350115, 0.604099619832242, 0.4951034318838868, 0.808774354304362, 0.7605920982289176, -0.3055844825907362, 0.059014464639717844, 0.7667459889830649, 0.7853201301031809, 0.7667459889830649], [0.9859031580500082, 0.9667389813999036, 0.5296707899815414, 0.988043201272608, 0.9945615527710921, 0.9859031580500082, 0.9971219444294198, 1.0, 0.9994478661241656, 0.9411446550292647, 0.9981642200134413, 0.9979346649953791, -0.16833049681394277, 0.9989758185841966, 0.998669456892478, 0.9864490933366337, 0.3978478238469974, 0.9990301093830158, 0.9990320884517155, 0.9852263688815702, 0.9991431522081184, 0.31233593112350383, 0.6532373992330799, 0.9916685339405414, 0.9815556934632543, 0.9795627057055527, 0.18710363276109673, -0.20966085403894752, 0.98865004592145, 0.9920666610830496, 0.13591814474303685, -0.27066033936855616, 0.9981054433197528, 0.997992255709176, 0.31374323382262825, -0.33887418496295185, 0.9958418454837852, 0.997793381798228, 0.9975486190264921, 0.3781265279604895, 0.9200633809067693, 0.9979428048832247, 0.9200633809067693, 0.912218366548856, 0.613266277522628, 0.9185563569707864, 0.885573843873133, 0.6606708057705359, 0.404940820660596, -0.08764697714849487, -0.22614157430840462, 0.9146541994038381, 0.40127114918553547, 0.9637477281781772, 0.9553530594614588, -0.1034567489082465, 0.8014105609178316, 0.7756109113773292, 0.8307824793713755, 0.7697788746250642, 0.7430096902676987, 0.7697788746250642, 0.7326803459661064, 0.7348305424963384, 0.7420330137471486, 0.7348305424963384, 0.8164876986181607, 0.269609827154711, 0.4871065459522036, 0.5796866379084225, 0.4871065459522036, 0.4964777324097171, -0.38084511835187956, 0.4544411802195814, -0.6780843938973813, 0.3771395328070272, -0.1592074611890938, 0.33872126910305034, -0.1592074611890938, -0.1555816368722173, 0.7896617803690633, 0.7867169477534159, 0.7816209258291126, 0.7121238129914571, 0.4065239484939289, 0.7944058738890883, 0.7967689115406402, 0.7944058738890883, 0.6919446191371544, 0.6919446191371544, -0.2755568051459242, 0.7081178377230659, 0.2645619628471332, -0.5759797998455675, -0.62190947750831, -0.62486881130102, -0.1040780579412825, -0.024567202977670483, 0.35782955133842237, 0.08879544252284395, -0.4035685350017561, 0.10348776817742802, -0.8330831736574641, -0.1153422578532328, 0.008691218194145154, 0.009051338517542381, -0.5992605296816074, -0.6126261672629408, -0.046068475405727845, -0.59146726197896, -0.846171197358275, -0.3469283964490255, -0.16585078117755653, -0.3469283964490255, -0.28888448968722086, -0.3186904712403569, -0.3186904712403569, -0.8386089393736249, -0.8386089393736249, 0.33661005381327136, 0.5852988204501577, 0.4749147596075425, 0.789995323410444, 0.7466228746951079, -0.3296035626338635, 0.04376229364206731, 0.7466745634014468, 0.7689753206772999, 0.7466745634014468], [0.9911201650818149, 0.9761757287960092, 0.4330460446989289, 0.9931554091854348, 0.9968332189045291, 0.9911201650818149, 0.9999671210138487, 0.9994478661241656, 1.0, 0.9485991632930967, 0.9995085896243616, 0.9999681046157068, -0.3344946506207429, 0.999972765353776, 0.9999326674445926, 0.998083613991556, 0.31633528142185774, 0.9997696509535248, 0.9997702715295705, 0.9879959447550419, 0.999965182168775, 0.11156491268661763, 0.6078760953988032, 0.9939119443989858, 0.9938540195422242, 0.9841613398141503, 0.008650729419760571, -0.13401846380614688, 0.9908585916583763, 0.9908271261768934, -0.045988508414752466, -0.22455953422094782, 0.9993007389354424, 0.9992605636728075, 0.7478774794727665, -0.535132594215263, 0.9985034823831332, 0.9992516061255148, 0.9991519222602464, 0.29354736438324824, 0.9991411564406317, 0.9991465366441683, 0.9991411564406317, 0.9146073724242695, 0.6304622153973796, 0.9173412339270245, 0.8890929920946646, 0.6887221440834892, 0.014192656221632231, -0.5203954996084869, -0.18783008751391853, 0.9192686792160961, 0.3723153768729432, 0.9624091905179832, 0.9614062018781979, 0.849166667584628, 0.8182931575790208, 0.8698809627932179, 0.842603165767381, 0.8678700911683068, 0.8686576078617237, 0.8678700911683068, 0.7475365577519661, 0.8095408218066312, 0.8112865514649277, 0.8095408218066312, 0.828636524659667, 0.7159334022343267, 0.8180751772208325, 0.8196394920699233, 0.8180751772208325, 0.5116548744525689, 0.3306979431502515, 0.4714471266615724, -0.7005954953572556, 0.4475484362339645, 0.4106463958321673, 0.41069969313248333, 0.4106463958321673, -0.10328115879539272, 0.802948317524481, 0.8075904561588365, 0.7988512941694456, 0.8601985136087991, 0.3533131976842862, 0.8128688693157896, 0.8153934998356238, 0.8128688693157896, 0.8212727262868409, 0.8212727262868409, -0.2600795961005753, 0.6766871408223178, 0.08305170314825838, -0.5781799427895791, -0.6499903362586918, -0.6508046796153166, -0.09161944198541871, -0.013124609220860383, -0.1442285640450621, -0.075352558878271, -0.4398261149351988, -0.3435500517216991, -0.8793845039219803, -0.5470492701696372, 0.024866306153521582, 0.025546608341201236, -0.5878583935760521, -0.607096199038469, -0.5115941966965911, -0.5739107166524335, -0.8219217699616648, -0.5837931444244254, -0.5857855825336089, -0.5837931444244254, -0.2714805027710461, -0.30692926511740043, -0.30692926511740043, -0.8019589261492749, -0.8019589261492749, 0.36194076200672554, 0.6028389498183878, 0.823959798451941, 0.8022180710565284, 0.7589797461558333, -0.334795026802182, 0.6449122048505407, 0.7148496210414105, 0.7150159739267414, 0.7148496210414105], [0.9726267089842725, 0.9562814255452728, 0.3708197083070051, 0.970349010354504, 0.9594293699176073, 0.9726267089842725, 0.9498805538550616, 0.9411446550292647, 0.9485991632930967, 1.0, 0.9197085673701344, 0.9499176462621224, -0.27992844051584875, 0.9495608292989492, 0.9488378655388424, 0.9508233552390516, 0.1303747011980718, 0.9558007298771664, 0.9557749810635923, 0.950062693190438, 0.9500535843365998, 0.039179632219995306, 0.6599149848980252, 0.9519193685915756, 0.9521395482066181, 0.809734279294216, 0.10720840026912848, -0.11567193240995721, 0.9585050249357385, 0.9586439483912885, 0.09474060496113229, 0.0436150073013829, 0.9602433023393837, 0.9605261971727562, 0.8466400780912411, -0.4638266865658944, 0.9321871000231087, 0.9594208912264577, 0.9609355818903855, 0.10733325138146477, 0.961665855753089, 0.9616286035879325, 0.961665855753089, 0.7787871449406069, 0.42677250180340953, 0.7301159344870529, 0.8569165693436352, 0.835710503195018, -0.5535511162131552, -0.6846649587499332, -0.3107569375358354, 0.8661872914003718, 0.09485460051840505, 0.8990737351574968, 0.899118850616461, 0.8538428808061469, 0.846544320445764, 0.8806039398576889, 0.8570536303857799, 0.872232125299685, 0.873103496981897, 0.872232125299685, 0.794844796216927, 0.7728397212759872, 0.7749912644821954, 0.7728397212759872, 0.8488665191286716, 0.8700475643743334, 0.8469644402918833, 0.8477916797959519, 0.8469644402918833, 0.6144885487990075, 0.5341493234588625, 0.6157163877168735, -0.4245831638678694, 0.6357853576338457, 0.6575181301265741, 0.660738525926835, 0.6575181301265741, -0.2582858268017859, 0.8538587962923605, 0.9163551890723199, 0.8725812048939707, 0.8710679611049635, 0.23388257293560732, 0.8455437365744802, 0.8469561178442849, 0.8455437365744802, 0.8578454131129059, 0.8578454131129059, 0.010833186150830256, 0.2570528438205476, -0.0840996904791207, -0.4811712707653072, -0.39112210533162284, -0.39303505100865344, 0.07978069038579087, 0.37979644215926245, 0.1124300834455813, -0.005575992182663831, -0.32112969790270307, 0.022111954578040136, -0.8127779083244815, -0.13982150132601343, 0.2697507678104866, 0.26860710529052056, -0.34716825019136593, -0.43784226138223115, -0.3003767887392029, -0.3045860641582043, -0.6874423223944943, -0.3221832932516404, -0.32407757128300485, -0.3221832932516404, -0.055806761281903886, -0.3393330798512211, -0.3393330798512211, -0.5374529095286894, -0.5374529095286894, 0.5776952532891247, 0.6758690991206574, 0.7606531441832787, 0.669189479392313, 0.8398380574557855, -0.4324620897439639, 0.38958750566433514, 0.5672151915885361, 0.5675090550446905, 0.5672151915885361], [0.9807888421067408, 0.9784679316781094, 0.9965321438066836, 0.986169409671722, 0.9950043440624089, 0.9807888421067408, 0.9995655259675398, 0.9981642200134413, 0.9995085896243616, 0.9197085673701344, 1.0, 0.9995624645857397, 0.9995589332896814, 0.9995097713836834, 0.999546426627264, 0.9984674447959268, -0.34863942712833845, 0.9997177006993986, 0.999721912469257, 0.9995710843067842, 0.9995708942141555, -0.2889938066837316, 0.9591698944976031, 0.9919252854843418, 0.991897176693278, 0.9876721568801203, -0.02388406180867231, 0.0682435913894592, 0.9890893539561569, 0.9891553076519299, 0.9708142138278796, -0.009214635245989715, 0.998644179912604, 0.9985890417546993, 0.9983749451578587, 0.9992236223387564, 0.9991546718477899, 0.9986305193948316, 0.9983985114503269, -0.3595644597990744, 0.9983201183776441, 0.998331573082724, 0.9983201183776441, 0.9084059173430501, 0.49554227683175006, 0.9130072660467499, 0.8872629489659086, 0.6905878906599227, -0.5465135252873222, -0.6658443133041596, 0.7992834117263815, 0.8068477141000503, -0.2721817691982644, 0.9209395471360374, 0.9211257124591712, 0.8431288955531276, 0.8535291218390223, 0.8179309502410602, 0.8208424137722868, 0.8275712471126877, 0.8285847201252582, 0.8275712471126877, 0.6435835485338994, 0.5969412115083741, 0.5995229573801726, 0.5969412115083741, 0.8547185065262262, 0.8644886240780474, 0.8529755664384812, 0.8545703472475737, 0.8529755664384812, 0.284566360150027, 0.21652980736689953, 0.34577514282460214, 0.46931568152052217, 0.33586921935656544, 0.38790728457180684, 0.39062530676617974, 0.38790728457180684, -0.4124264110203044, 0.7584402341217552, 0.8121268117920768, 0.7906251085983341, 0.852381051572621, -0.0891513960123191, 0.7505530606721532, 0.7511164135020654, 0.7505530606721532, 0.7659317908907509, 0.7659317908907509, -0.32279394234350206, 0.6675415530282752, -0.40258880622100734, -0.6684742335227098, -0.5470044518681157, -0.549230267384518, -0.3540655270297697, 0.14016602165901018, -0.26473654951502357, -0.4262311611546912, -0.6091571903393214, -0.3383764984036247, -0.6283019958361334, -0.4039181237569037, 0.010498520735702429, 0.006263140100767355, -0.5604648839648328, -0.5243489009001926, -0.5425545794730026, -0.576723823776461, -0.571119844061669, -0.5462285263801654, -0.5491052251049496, -0.5462285263801654, -0.4406273207518871, -0.6003377429085365, -0.6003377429085365, -0.6048752414668647, -0.6048752414668647, 0.3570399347730411, 0.3609035537649018, 0.4698116359876534, 0.5551519515391402, 0.5538089038869325, -0.5456108795894344, 0.3029758108309147, 0.3230820380554532, 0.323272560573897, 0.3230820380554532], [0.9905441659954235, 0.9764603387176521, 0.5420147670952896, 0.9921856203482872, 0.9966644286514225, 0.9905441659954235, 0.9999960541021647, 0.9979346649953791, 0.9999681046157068, 0.9499176462621224, 0.9995624645857397, 1.0, -0.1581991686880649, 0.9999941552680449, 0.9999251931928741, 0.9948248484149205, 0.42001907372385733, 0.9998326148261782, 0.9998327366496431, 0.9882695322380273, 0.9999969296293822, 0.3405003480844319, 0.6545350970147754, 0.9894677561769752, 0.9839684733472487, 0.9843658730369867, 0.20794250292580038, -0.1940890219918023, 0.9923456119136757, 0.9920663641682779, 0.15728122561134827, -0.2632392159420052, 0.999288004199012, 0.9993790011962835, 0.33541224037698547, -0.3308528372066822, 0.9986016232138478, 0.9992800505339177, 0.998217457875603, 0.40081869848548346, 0.9292566751443202, 0.9990141830587351, 0.9292566751443202, 0.9147598673556829, 0.6295340921003589, 0.9181190740515216, 0.8901953440412242, 0.6896123279140745, 0.41904552434063963, -0.07105495509128971, -0.2116411659500606, 0.9242322754340432, 0.422685369232895, 0.9687145349241238, 0.9611972553958164, -0.09186285351068675, 0.8177032017203659, 0.7952407842124021, 0.8419298009865585, 0.7881632718489615, 0.7570390018108238, 0.7881632718489615, 0.7485903995102561, 0.7568988618788182, 0.7572061148660034, 0.7568988618788182, 0.8274435303719115, 0.29225563274614724, 0.5113292071825173, 0.5985107185465391, 0.5113292071825173, 0.5125674922233959, -0.36436277996566246, 0.47245942957670783, -0.6681759929261547, 0.3875974309400169, -0.13477758480137939, 0.3578494913770363, -0.13477758480137939, -0.1481908513613548, 0.8026582474546887, 0.8080288792085828, 0.798834597979281, 0.7289423083632753, 0.42393394845579363, 0.8067274549733546, 0.80884252246585, 0.8067274549733546, 0.7133666558769934, 0.7133666558769934, -0.25766701039425177, 0.6759962635171215, 0.25627905617055735, -0.5656995872527266, -0.6071310292769464, -0.6102996634605355, -0.08799280120314844, -0.015379943056026087, 0.36487114395342746, 0.10877649157724611, -0.38951495247826234, 0.11316732067699617, -0.8252793668117222, -0.10841891544600092, 0.026249240111582386, 0.026610125929031406, -0.5858528250908369, -0.6108871519613472, -0.038829543162548094, -0.5716191808036615, -0.8452868835282917, -0.33419030888926216, -0.15925478814365807, -0.33419030888926216, -0.2687851527480641, -0.3032115053693043, -0.3032115053693043, -0.8394076419156373, -0.8394076419156373, 0.3622827361288853, 0.6042684283076006, 0.49536724726282666, 0.8090497851370484, 0.7606959198250595, -0.3053418284204153, 0.05931354173487402, 0.7670119020968399, 0.785445378339116, 0.7670119020968399], [-0.1403170992201318, 0.9764175168691649, 0.5185878609428255, -0.14497740075846707, -0.3607210982088649, -0.1403170992201318, -0.15854031604954613, -0.16833049681394277, -0.3344946506207429, -0.27992844051584875, 0.9995589332896814, -0.1581991686880649, 1.0, -0.15755778516280636, -0.15382895079677283, -0.129508024283869, -0.29125134059787594, -0.15902844363054616, -0.15945198500332064, -0.28215733568167234, -0.15903231604828147, 0.02373621652206246, 0.3088974651783858, -0.19382063930477716, -0.19415938682431325, 0.9843442150285564, 0.2457258413521313, 0.18626510985599606, -0.19338218713116928, -0.19400315540177146, 0.5363526949340333, 0.12026262535020069, -0.15592959815762097, -0.3186088043104653, 0.1636146138896582, 0.9614068818355008, 0.9985993692610561, -0.351407935625143, -0.15098769912005572, -0.2810601456656061, -0.15629190936497495, -0.15703925848602115, -0.15629190936497495, 0.914829026435648, -0.11940217851546633, 0.9180788043610866, 0.8901229730979165, 0.6895895928766632, 0.0838339896412106, 0.2573994586371858, 0.6445961214265006, -0.2728226707180733, -0.2959440451208589, -0.07122902848371407, -0.31000776233600597, 0.02374948355477223, 0.2564895332366511, -0.02611007659848547, -0.3185552926905089, -0.02409665809879597, -0.013759272739828958, -0.02409665809879597, -0.4265757639608033, -0.11139649852882794, -0.11350063172322558, -0.11139649852882794, -0.21766757853710578, 0.06764912859939393, 0.043183919447461756, 0.043175635169066855, 0.043183919447461756, -0.4180672715479598, 0.0072186368090413995, -0.3814714305148783, 0.6239065537794473, -0.3505839238397173, 0.008038628860612186, -0.06321838401139653, 0.008038628860612186, -0.305756977650023, -0.3531199304409653, 0.8080134697252909, -0.13965542352940424, 0.010023552646365643, -0.2174953322098663, -0.273151938065841, -0.2725149298923424, -0.273151938065841, -0.03210698811794007, -0.03210698811794007, -0.2355777072867115, 0.6759167654552051, -0.16262089190536136, -0.008927539237650417, 0.20266828551119442, 0.20124778406378815, -0.25015275951793353, -0.011274423197196176, 0.020348128274897747, -0.1715243644276288, -0.10646744784337774, 0.04374089990500528, 0.3917853061483037, 0.1176248867392245, -0.042208826496325035, -0.04613132062120309, 0.09034491493626606, 0.5741746484169669, 0.09574254388339527, -0.18310626794232018, 0.6197519492282382, 0.10088788572662911, 0.1085739504884507, 0.10088788572662911, -0.236000588685316, -0.19452195396956762, -0.19452195396956762, 0.3282091087710805, 0.3282091087710805, 0.3623929071801068, -0.25539129927131127, 0.014513010643349103, 0.08879595093101539, -0.2551766924820351, 0.07655554320511741, 0.15228996214021823, 0.10311006814607021, 0.10305178708894207, 0.10311006814607021], [0.9906117446551443, 0.9762200630140142, 0.5423702922529618, 0.9922242712982924, 0.9966961116242509, 0.9906117446551443, 0.9999922151262018, 0.9989758185841966, 0.999972765353776, 0.9495608292989492, 0.9995097713836834, 0.9999941552680449, -0.15755778516280636, 1.0, 0.9999371797293033, 0.9974385445750505, 0.42014384184696485, 0.999835766408063, 0.9998357974346499, 0.9884371796358268, 0.9999941684901175, 0.34120545552011083, 0.6543681874514331, 0.993041494888966, 0.9929248059283249, 0.9842337152847552, 0.2082432989087212, -0.19413660849268513, 0.9930869802022204, 0.9931346560581249, 0.1580991471723572, -0.2630657155597539, 0.9993396418430536, 0.9993783103092921, 0.33432007943271325, -0.3299661326520845, 0.9985352767354404, 0.9992835676059678, 0.9985296594202492, 0.40096951686117094, 0.9287209001037282, 0.9990717430365543, 0.9287209001037282, 0.9150515215537062, 0.6303002566870018, 0.918502632172951, 0.8905813374601921, 0.6892816355512635, 0.4204891694488378, -0.06939593831643336, -0.21184671465325886, 0.9246491743533171, 0.42298973344215096, 0.9691467437161765, 0.9615821895807053, -0.09291320237458973, 0.817980946207309, 0.7951582775011706, 0.8421972670266951, 0.7881233979410774, 0.7566472963461935, 0.7881233979410774, 0.7487870044937541, 0.7568519394973299, 0.7576371459086924, 0.7568519394973299, 0.8278019673589613, 0.2915496234499837, 0.5107937538874898, 0.5985468692646294, 0.5107937538874898, 0.5123859307373215, -0.36557292102308936, 0.47234759387726494, -0.6683312735254439, 0.38718276044379607, -0.13581799740808453, 0.3574881144962834, -0.13581799740808453, -0.14813251137809977, 0.8027930687089334, 0.8075780783724555, 0.7989200382676456, 0.7186633131407789, 0.4243430225151774, 0.8068553789814239, 0.8089594333188881, 0.8068553789814239, 0.7131651108775036, 0.7131651108775036, -0.25941106715541196, 0.6769671910158893, 0.2568032707849782, -0.5656698527319941, -0.6075331497133895, -0.6107066900041513, -0.08921592624760498, -0.01669716755998212, 0.3651770867862198, 0.10830456998680803, -0.389795490004154, 0.11324231035015654, -0.8243670154148485, -0.10826008948550712, 0.025145638830776616, 0.025501498497787742, -0.5865255008142733, -0.6112113960228026, -0.03823131696309144, -0.5730702734881334, -0.8452726486766041, -0.3341257366776335, -0.15868007893803973, -0.3341257366776335, -0.2698443127891364, -0.30370914625059703, -0.30370914625059703, -0.8397662641571629, -0.8397662641571629, 0.36245845496948365, 0.6039494159224096, 0.49479499141426203, 0.8095104753920561, 0.7601305411192794, -0.3048372820840965, 0.058612970777208694, 0.7674187645304867, 0.7860593487977333, 0.7674187645304867], [0.9906593892684167, 0.975425184740314, 0.5445760759934298, 0.9922647401581657, 0.9967088813366085, 0.9906593892684167, 0.9999199396364135, 0.998669456892478, 0.9999326674445926, 0.9488378655388424, 0.999546426627264, 0.9999251931928741, -0.15382895079677283, 0.9999371797293033, 1.0, 0.9975575360757157, 0.41924835845633335, 0.9997849366091021, 0.9997862136440877, 0.9883606072354983, 0.9999211741560581, 0.3419680010393755, 0.6559093259617871, 0.9923471410973822, 0.9832992034687775, 0.9842505966627719, 0.20928442228884084, -0.19318869976050232, 0.9922007483255977, 0.9922118911506055, 0.1608921246427734, -0.26387513486590963, 0.9993432647414254, 0.9992250223466298, 0.33416251214121956, -0.325711937908239, 0.9984404036318025, 0.9992541278071024, 0.9985088707853526, 0.40010227405192555, 0.9276184242734904, 0.999094960137266, 0.9276184242734904, 0.9135027288712244, 0.6304178692774899, 0.9167493469057285, 0.8885306285874618, 0.6863106243539342, 0.4211249790394155, -0.0675575530262635, -0.21250320925025054, 0.9239320442768114, 0.42095587554050995, 0.9694490983748679, 0.961094053258417, -0.09588359337107571, 0.8166723061951803, 0.7954060812290722, 0.8419457592285143, 0.7883620835551977, 0.7589032198622983, 0.7883620835551977, 0.7469548500923503, 0.756274931576187, 0.7587584229251209, 0.756274931576187, 0.8278834199994398, 0.2914735255685337, 0.5103908605991476, 0.5999673902916091, 0.5103908605991476, 0.5110721050628236, -0.3679775613101883, 0.4705126659442912, -0.6659559834997861, 0.3855611995546371, -0.1369126808080661, 0.3577620203577646, -0.1369126808080661, -0.15157144718131274, 0.8022125579001971, 0.8064426429778191, 0.7980763437751982, 0.7309128333006337, 0.42474448156767175, 0.8064178495684899, 0.808815119801761, 0.8064178495684899, 0.7132391049603112, 0.7132391049603112, -0.25993661860820894, 0.6790820496032453, 0.25703309754250137, -0.5667831305925803, -0.6075627104027728, -0.6104570092250187, -0.09131364039082063, -0.01828894280673125, 0.3664245373481818, 0.107756237027324, -0.3908773731199763, 0.11416042368168625, -0.8228497791825883, -0.1068745666663634, 0.024286922086514492, 0.02495709546640905, -0.5878520177020378, -0.6063521689627028, -0.036494745773744876, -0.5740524628623936, -0.8430682756585063, -0.33331253927909926, -0.15731524914262837, -0.33331253927909926, -0.27010735721464635, -0.30653361744972324, -0.30653361744972324, -0.837583160500415, -0.837583160500415, 0.35951112303822036, 0.6016145429006522, 0.492820073020705, 0.8102153999331417, 0.7584283438394898, -0.30587417087785074, 0.05650132041351076, 0.7681068862674285, 0.7874020874156098, 0.7681068862674285], [0.9933915553535129, 0.9844897071126039, 0.5815782480855034, 0.9949983607411245, 0.997770128133298, 0.9933915553535129, 0.9939922674409473, 0.9864490933366337, 0.998083613991556, 0.9508233552390516, 0.9984674447959268, 0.9948248484149205, -0.129508024283869, 0.9974385445750505, 0.9975575360757157, 1.0, 0.41278116883633076, 0.9977809308501454, 0.9977779821074414, 0.9838872805711215, 0.9973725020718438, 0.35984266287577465, 0.6792060077908587, 0.9707402954823485, 0.9787718672523865, 0.9881719757412243, 0.23582749767832714, -0.1686801065660692, 0.991482680