var element=document.getElementById("correlationClose");if(element.style.display!='none'){var correlationClose={"data":[{"type":"heatmap","z":[[1.0,0.9999915483138984,0.7322173038172467,0.999772138790429,0.9983332593306836,1.0,0.9934866823107914,0.9906939757013322,0.9906939757013322,0.9939357767876846,0.9804303561563151,0.9889494721623355,0.99351659663045,0.9935527764175649,0.6471321354253857,0.5372415993777732,0.19039422653228918,0.994186276286152,0.9941880719158375,0.9862943956591816,0.9935135924995425,0.34062070380008946,0.7912719996973806,0.9850138982229892,0.9850138982229892,0.9849974844720425,0.982626180228146,0.29350407252466226,-0.14849698536797293,0.98889954866699,0.9888597251384224,0.22237789329650415,-0.244511752660209,0.995212595999842,0.9954344947747742,0.8751764832021471,-0.32735527603634546,0.9918970867105656,0.9955861341033667,0.620017620469569,0.17064106110496158,0.9953239535334915,0.9953256062610838,0.9953239535334915,0.9203080518522876,0.671035463877145,0.9438463729074129,0.9457546366150246,0.8789441340937438,0.39296292817297995,-0.19464754272592186,0.2500014198036238,0.9567733938437095,0.35368570873749566,0.9758595146271946,0.9735997129223692,0.9823242713694704,0.9889649190533918,0.9433670180178825,0.9548324940823645,0.953570951547516,0.945434769533726,0.9509430433266463,0.9515586197509602,0.9509430433266463,0.9119681023757102,0.9318642050670033,0.9326682348051162,0.9318642050670033,0.9410770041573058,0.829289497333899,0.9149766723040237,0.9161611885002547,0.9149766723040237,0.7686849779329685,0.47551247121973844,0.7619549535855763,-0.4994856318092801,0.6694115293887092,0.67427425524138,0.6749993499999992,0.67427425524138,-0.050160924350937885,0.9291988361293593,0.9570459662636935,0.944484964173611,0.9446508045189767,0.20650684464376717,0.9234384589878776,0.92397007347872,0.9234384589878776,0.9262284779053559,0.9262284779053559,-0.10279887654845828,0.612517221778149,0.11545877778201562,-0.7395976506260219,-0.6183175216077478,-0.6220901528542797,-0.18907860790425404,0.1624812385399096,0.16712233688851483,-0.07453277805397655,-0.6284839695734085,-0.06835703552690787,-0.7969251714966991,-0.3361996628866301,0.1897854329143302,0.19201025889664408,-0.5950209400561147,-0.5612930570322515,-0.32331373471956065,-0.5384777908157147,-0.8052227188697136,-0.44537829110853194,-0.4388754826371055,-0.44537829110853194,-0.2740220960679577,-0.40088098487874024,-0.40088098487874024,-0.7938669291724779,-0.7938669291724779,0.5437205909498403,0.6426384056549315,0.8472322885634805,0.8461953746181372,0.759766057333258,-0.36414964782076126,0.7505930798503189,0.7685212075317529,0.7686087309622616,0.7685212075317529,-0.1315770333349743],[0.9999915483138984,1.0,0.9858325360173837,0.9996194497740319,0.996561862668575,0.9999915483138984,0.9875020036280777,0.9834793934802013,0.9834793934802013,0.9874537894040273,0.9789998850148212,0.988096977768791,0.9875317269443139,0.9874020173809209,-0.1018182273106067,-0.195019263884936,-0.49848986715973637,0.9900133558953604,0.990015415655596,0.9875619114626788,0.9875695876404712,-0.22577393178853403,0.9837256378671269,0.984679380370495,0.984679380370495,0.9846977962097557,0.9827801501970751,0.06806251548919313,0.08573339353305055,0.9846085104086904,0.9846470529972823,0.6375494700796593,-0.006950437693614416,0.9919766001737141,0.9919725128033312,0.9925063352551736,0.9883051174194187,0.9912809906866273,0.9920910278950171,-0.1512412835110312,-0.5022307632471797,0.9925174477895039,0.9925198062472564,0.9925174477895039,0.9203003400827258,0.5340785655125995,0.9440884364375771,0.9458632459656554,0.8785918930399517,-0.13418970904308122,-0.43761555051220147,0.8753848353594091,0.9147124492645046,-0.25179271410831905,0.9500467142659574,0.950166223506093,0.9698602386423165,0.9797374799018164,0.9647409153890306,0.9689897810113066,0.9571976287953293,0.9590822758087888,0.959377839943729,0.9596447112467199,0.959377839943729,0.8997068953804218,0.8757482099397955,0.8766731371733412,0.8757482099397955,0.965525855542968,0.9676279718351519,0.9656455198068492,0.966263962387083,0.9656455198068492,0.7456843586429435,0.7107489080122863,0.7710213777497834,0.813921052225838,0.7433660519331065,0.7614561098161352,0.7625871266514189,0.7614561098161352,-0.007926511637105506,0.9403256670374373,0.9547701495212568,0.9502052998320265,0.9683705700858475,-0.3445962213499142,0.9377625813718002,0.9378719432719561,0.9377625813718002,0.9421663438132294,0.9421663438132294,-0.18279513834917416,0.6130730675623545,-0.3826710859595893,-0.8184302996235532,-0.48159316704050975,-0.48586990325948226,-0.4176035175152717,0.28520468610373306,-0.29042039825790444,-0.5418626616729272,-0.7766532116217136,-0.3900549153022286,-0.4656553188490616,-0.45630944738837714,0.15698734953068247,0.15524785890109924,-0.49669281980101615,-0.4694226862280324,-0.497473600026157,-0.5292842971622898,-0.5205672368055446,-0.49947556742585447,-0.5029976672902858,-0.49947556742585447,-0.39916823024702475,-0.5667206441928285,-0.5667206441928285,-0.5330701183675989,-0.5330701183675989,0.5436718881158669,0.39608625526874686,0.533875824491249,0.6697682314948393,0.5491461330031293,-0.4423362247451672,0.4491491734038837,0.3385772089596102,0.3388274399692228,0.3385772089596102,0.2425991556616887],[0.7322173038172467,0.9858325360173837,1.0,0.7303186653212932,0.6836277538286828,0.7322173038172467,0.7088118877136859,0.7031411474625577,0.7031411474625577,0.674247113674166,0.6530382013320931,0.9948068329560473,0.7088318222173294,0.7088994658668604,0.3316822711815348,0.2675730686591087,-0.25599354638840244,0.6793730774106299,0.6793764734326101,0.6527545641528496,0.7085389901543934,0.12962235391828064,0.8406725469667932,0.6974583596739409,0.6974583596739409,0.6972590650238021,0.9909249479232503,0.2655717381224905,0.06768764476733993,0.6636722624610565,0.6633400660781067,0.556987749069099,-0.0931682706039104,0.7038721187132589,0.6659078536956252,0.665768400315216,0.26888745439200407,0.9937194179769031,0.6657875741588487,0.3114585409323004,-0.2661737883597027,0.7211181882822452,0.7025517609155227,0.7211181882822452,0.9176693835843726,0.45444066164191266,0.9528326151178284,0.9377112721497042,0.8065876584297963,0.2562506147530451,-0.08913592725185225,0.06498979965384971,0.6227368501387519,-0.06683288885988195,0.6486613856543901,0.6375095584080747,0.6488167768168994,0.613675654691172,0.06484077454393129,0.849781422406658,0.7893885328102778,0.7304233368176647,0.794675081639731,0.8024528588208751,0.794675081639731,0.6500059470045911,0.7280219799120885,0.756802419532029,0.7280219799120885,0.772219991255509,0.7187597201823682,0.7720281690118818,0.8013422325538108,0.7720281690118818,0.5730528394326234,-0.07479936611255761,0.5841537452365545,0.08172687100784752,0.5357258621730473,0.27732810473295383,0.5704077169179972,0.27732810473295383,-0.08888004455896724,0.7169925510255696,0.9154359728864265,0.7717019405341577,0.805018054706667,-0.10635936487479362,0.7433021067053112,0.7436770090486424,0.7433021067053112,0.7808010376478973,0.7808010376478973,-0.19268424834310638,0.7028122826586392,-0.1709889753667409,-0.7595782896522569,-0.487220258139472,-0.49099254324100294,-0.4483987533569586,0.14204393557235895,0.01170408572583657,-0.386872743593882,-0.73956117378158,-0.1985701494625434,-0.37253411000105197,-0.31595469542650356,0.0870160771623006,0.08675132701965173,-0.5206546299127467,-0.10971619847269631,-0.2957255016658319,-0.5372777442780136,-0.258916373915813,-0.44330031760657496,-0.33079131336899387,-0.44330031760657496,-0.4456817041934826,-0.5753230340016837,-0.5753230340016837,-0.34602968911821824,-0.34602968911821824,0.5015573548875067,0.2689190307319644,0.32371941713931535,0.5643780215480377,0.3573719246905817,-0.4104094339740162,0.01952071289821372,0.4757738726582362,0.5648439213888948,0.4757738726582362,0.037372333587624755],[0.999772138790429,0.9996194497740319,0.7303186653212932,1.0,0.9990334147297907,0.9997721387904289,0.9944446769851799,0.9920464732277211,0.9920464732277211,0.9950792881006029,0.9790052611530768,0.9913833828816265,0.9944660513407438,0.9944820815316955,0.6462000861644056,0.5357870792474655,0.17668256345950442,0.9949835453710322,0.9949857109626015,0.9862788368101744,0.9944544877300651,0.3322916606702864,0.795280541450031,0.9871335155597678,0.9871335155597678,0.9871161570864454,0.9866700864748454,0.2892905277398837,-0.15400640771911348,0.9880766610394638,0.9880433383913624,0.21458643469974617,-0.24487216526862857,0.9955431238901344,0.9959608080585866,0.847377267591944,-0.3310889938997348,0.9936521907434072,0.996300431705842,0.6185789567850647,0.15669361691522946,0.9939078693114437,0.9955801603361404,0.9939078693114437,0.9186491932949228,0.6603626720024616,0.9456327482853318,0.9431368829677537,0.8670412179177877,0.3888885668169219,-0.19847852772799754,0.24577999905451622,0.9523751213035176,0.33931029094437726,0.9717971916409234,0.9711390055949541,0.9803534526466676,0.9886176773704848,0.9282236005627422,0.9507742685811119,0.9447966538172624,0.9429310071185827,0.9394760970252033,0.9402789829854197,0.9394760970252033,0.9067393376093281,0.9239772122890153,0.9248619231078419,0.9239772122890153,0.9389001082640411,0.7851580557345399,0.8866536914866545,0.8879277816074099,0.8866536914866545,0.7638088094088449,0.21854724052897204,0.7557824343349373,-0.5043465155949811,0.6663721358380303,0.414328368050622,0.6502284376433098,0.414328368050622,-0.055237137567178095,0.9260082184089045,0.9528222680025442,0.9397362739748628,0.9279108671603775,0.19342055672617303,0.920822545030343,0.9214647812994634,0.920822545030343,0.9130570263270825,0.9130570263270825,-0.106646893602916,0.6279755779319476,0.12065590324005301,-0.7473845349742569,-0.623929590812094,-0.6276352635414035,-0.19934138016397862,0.15880155935362283,0.16152576912217848,-0.08623318002460331,-0.638047647609659,-0.07328201482843731,-0.8013477757672882,-0.34266701721245074,0.18146593836137256,0.1837515623533427,-0.6004054462286464,-0.5582106888369613,-0.3232132506659307,-0.546766302318021,-0.8059612968018902,-0.445689680930884,-0.43971329002436177,-0.445689680930884,-0.2808659085525293,-0.4086215356624985,-0.4086215356624985,-0.792934778322987,-0.792934778322987,0.5360330687034507,0.633085694127012,0.8398483701470526,0.8392669043938288,0.7537003133171836,-0.3750406960107301,0.7424012361345864,0.7602588373542117,0.7603510485356828,0.7602588373542117,-0.11748233231127654],[0.9983332593306836,0.996561862668575,0.6836277538286828,0.9990334147297907,1.0,0.9983332593306836,0.9975077840409807,0.99641030230816,0.99641030230816,0.9977245930998155,0.9739802583939735,0.9969365315269811,0.9975236173391466,0.9975426514311675,0.5154899892140514,0.3790627008765551,-0.028342614415563818,0.9978361376734345,0.9978382163713122,0.9889287129730573,0.9975114294306272,-0.0256421206851127,0.7858373310797564,0.993684216800479,0.993684216800479,0.9936512335913775,0.9922055833279213,0.07050540873967036,-0.13732007191252102,0.9874378819295313,0.987364443913143,-0.07482331760850412,-0.15573104232747553,0.9978688302346532,0.9977869427849857,0.8457375812606623,-0.43703573073544344,0.9979495255996415,0.9981472086129808,0.47353809392469737,-0.05210831600039087,0.997823803210866,0.997830131927343,0.997823803210866,0.9289904789957142,0.631272773212834,0.9506548191217223,0.9400016767760755,0.8477483343843819,-0.026975192056424218,-0.5792273209360874,-0.1049829078009703,0.9449147211268656,0.19829230240900506,0.9710521176497638,0.9711187124530875,0.9842241357413993,0.9894689698805302,0.928424856082098,0.9361446239984325,0.9357720424488246,0.9324733623509468,0.9341888888365837,0.9345829055735977,0.9341888888365837,0.8873874897676899,0.890251417880886,0.8912449074146653,0.890251417880886,0.9296479287179177,0.862538632659428,0.9131187188586541,0.9138747689567408,0.9131187188586541,0.7331696518031672,0.6489360070890708,0.7276167057623059,-0.49684780858194,0.7099331181129689,0.6949808337832879,0.6951329501138579,0.6949808337832879,-0.05580679172248359,0.9115130131894389,0.9341492798945209,0.9219405870855181,0.9348680626773217,0.040685069503872406,0.909827245749378,0.910728859015723,0.909827245749378,0.9137966553764808,0.9137966553764808,-0.14013749130096673,0.6689685463963604,-0.02421783926886221,-0.7700946079729334,-0.6629597816375818,-0.6642068894329963,-0.22493717225067816,0.18193017376687887,-0.21723338037907272,-0.32033444837295705,-0.6936508246562695,-0.4145348010997985,-0.8342075390950314,-0.5947534908657375,0.1546615209340862,0.1568336448672744,-0.6220539124028671,-0.5559698008408965,-0.5742394751121023,-0.5801654336568804,-0.7583941336644121,-0.6204308274424106,-0.6237485105211651,-0.6204308274424106,-0.31240714151094334,-0.4356241451153387,-0.4356241451153387,-0.7305852561302618,-0.7305852561302618,0.5225470036981468,0.620075811693469,0.8076462358109451,0.8172980558324859,0.7484444272019907,-0.49002441046189343,0.6391409072244489,0.6696388804270644,0.6698602432005326,0.6696388804270644,0.10866027771742098],[1.0,0.9999915483138984,0.7322173038172467,0.9997721387904289,0.9983332593306836,1.0,0.9934866823107914,0.9906939757013322,0.9906939757013322,0.9939357767876846,0.9804303561563151,0.9889494721623355,0.99351659663045,0.9935527764175649,0.6471321354253857,0.5372415993777732,0.19039422653228918,0.994186276286152,0.9941880719158375,0.9862943956591816,0.9935135924995425,0.34062070380008946,0.7912719996973806,0.9850138982229892,0.9850138982229892,0.9849974844720425,0.982626180228146,0.29350407252466226,-0.14849698536797293,0.98889954866699,0.9888597251384224,0.22237789329650415,-0.244511752660209,0.995212595999842,0.9954344947747742,0.8751764832021471,-0.32735527603634546,0.9918970867105656,0.9955861341033667,0.620017620469569,0.17064106110496158,0.9953239535334915,0.9953256062610838,0.9953239535334915,0.9203080518522876,0.671035463877145,0.9438463729074129,0.9457546366150246,0.8789441340937438,0.39296292817297995,-0.19464754272592186,0.2500014198036238,0.9567733938437095,0.35368570873749566,0.9758595146271946,0.9735997129223692,0.9823242713694704,0.9889649190533918,0.9433670180178825,0.9548324940823645,0.953570951547516,0.945434769533726,0.9509430433266463,0.9515586197509602,0.9509430433266463,0.9119681023757102,0.9318642050670033,0.9326682348051162,0.9318642050670033,0.9410770041573058,0.829289497333899,0.9149766723040237,0.9161611885002547,0.9149766723040237,0.7686849779329685,0.47551247121973844,0.7619549535855763,-0.4994856318092801,0.6694115293887092,0.67427425524138,0.6749993499999992,0.67427425524138,-0.050160924350937885,0.9291988361293593,0.9570459662636935,0.944484964173611,0.9446508045189767,0.20650684464376717,0.9234384589878776,0.92397007347872,0.9234384589878776,0.9262284779053559,0.9262284779053559,-0.10279887654845828,0.612517221778149,0.11545877778201562,-0.7395976506260219,-0.6183175216077478,-0.6220901528542797,-0.18907860790425404,0.1624812385399096,0.16712233688851483,-0.07453277805397655,-0.6284839695734085,-0.06835703552690787,-0.7969251714966991,-0.3361996628866301,0.1897854329143302,0.19201025889664408,-0.5950209400561147,-0.5612930570322515,-0.32331373471956065,-0.5384777908157147,-0.8052227188697136,-0.44537829110853194,-0.4388754826371055,-0.44537829110853194,-0.2740220960679577,-0.40088098487874024,-0.40088098487874024,-0.7938669291724779,-0.7938669291724779,0.5437205909498403,0.6426384056549315,0.8472322885634805,0.8461953746181372,0.759766057333258,-0.36414964782076126,0.7505930798503189,0.7685212075317529,0.7686087309622616,0.7685212075317529,-0.1315770333349743],[0.9934866823107914,0.9875020036280777,0.7088118877136859,0.9944446769851799,0.9975077840409807,0.9934866823107914,1.0,0.997841379031457,0.997841379031457,0.9999737192530995,0.969637969573895,0.9997500143895098,0.9999969870559844,0.9999941932177997,0.7618316284102588,0.7420865944702862,0.153985948383198,0.9998816269973343,0.999882194143656,0.9913122147176777,0.9999971643431049,0.26302635984215783,0.7870827889221832,0.9870298653663584,0.9870298653663584,0.9886826715316448,0.9927772918202413,0.22869847572499466,-0.20082478355138783,0.9914508112564531,0.9916070161624659,0.13347482936921032,-0.28350720515154887,0.9994211050481407,0.9995450372725265,0.5142424883986974,-0.2823125949826568,0.99929041833705,0.9995318639632129,0.7328831124321147,0.13274444882160888,0.9523958931688513,0.9992064132114383,0.9523958931688513,0.9355912834780908,0.6383375306581559,0.9560639510489114,0.9388434599587907,0.8209723845141939,0.4305780430521347,-0.13512088403388134,-0.16019097739091737,0.9423924051286445,0.31567240565696353,0.9709068952620703,0.9691657867074003,0.9819925174638874,0.9951510439690068,0.03331462520990729,0.9050109157075521,0.8663737686825052,0.9047688385150532,0.8620330251820366,0.8299100170502914,0.8620330251820366,0.8567457418915844,0.8352325507070089,0.8263357944848163,0.8352325507070089,0.9015610264902557,0.4818572545553604,0.6650735713549727,0.7088937960212035,0.6650735713549727,0.703200778727404,-0.3119988363387666,0.6861174848857708,-0.5738434322129737,0.6048403915471802,-0.03817768129559632,0.5298748720336381,-0.03817768129559632,-0.09590473685576931,0.880829785397766,0.9048715754823313,0.8914364254568231,0.8052286249576462,0.16790981785551307,0.8781629988808067,0.8791172363599323,0.8781629988808067,0.8147579735348273,0.8147579735348273,-0.17247361348695012,0.7053859471271615,0.20859827492529898,-0.746817247670335,-0.6594634622787009,-0.6627620618919391,-0.23253801252166237,0.11265549454978155,0.2918182430876249,-0.10577994760013788,-0.6417788407040949,-0.0005206688493682993,-0.8286181463464259,-0.2363731285248739,0.12305446195080778,0.12537634572293743,-0.6386484638487241,-0.5746509705168059,-0.15610441162476862,-0.6113898233277034,-0.8242219761694473,-0.4338757134926093,-0.2754886477524475,-0.4338757134926093,-0.3385046983465613,-0.44099650340789087,-0.44099650340789087,-0.8162298647410595,-0.8162298647410595,0.5202930873450955,0.608404934097848,0.5267800885889854,0.8152011226197432,0.7475328098628201,-0.4178300560549268,0.09012716100334815,0.7441627069849196,0.7615459691980059,0.7441627069849196,-0.06311321713342438],[0.9906939757013322,0.9834793934802013,0.7031411474625577,0.9920464732277211,0.99641030230816,0.9906939757013322,0.997841379031457,1.0,1.0,0.9996471014424243,0.9645013775588092,0.9990391022581427,0.9985187807362634,0.9992878329544491,0.7580497173771121,0.7283060732101286,0.1331565844082729,0.9993062765595888,0.9993091757634083,0.9890500095491528,0.9994009932538168,0.23902512647823682,0.7896707781894582,0.9934128068475409,0.9934128068475409,0.9872524055081852,0.9909443424635436,0.2122476282097045,-0.2127848123928593,0.9878892719734409,0.9913071856154815,0.11592643057207726,-0.28904011677193253,0.9985247981217718,0.9985647037607426,0.500149121797718,-0.2876266475189952,0.9979185154451029,0.9985702442027384,0.7291202927149976,0.1116094822991977,0.9464954915309861,0.9983670355472732,0.9464954915309861,0.9339754458905322,0.6251296149215355,0.9566600424728277,0.9381548311828696,0.8067835892916899,0.41892332591486753,-0.1485685281495406,-0.17085885104949297,0.9357401161418653,0.2967399438406096,0.966789408198106,0.9649312786953484,0.9777365989571771,0.9940595306308352,0.025589546044559333,0.8983470420532707,0.855700825654301,0.8995833589238494,0.8523385966212584,0.8206571112004863,0.8523385966212584,0.8488590216522119,0.8227803884927317,0.8164598141180607,0.8227803884927317,0.8964482648351979,0.4672171030814324,0.6500998525618016,0.6962185403618416,0.6500998525618016,0.6959855573375674,-0.32415659297110233,0.6773279227838201,-0.5787684350280934,0.6004963176761277,-0.05670254297742081,0.5178664173472233,-0.05670254297742081,-0.1007435835326594,0.8750503347131482,0.8972089967995293,0.8842152606739981,0.7936443675161592,0.15087084998800543,0.8730025659328742,0.8741209736703094,0.8730025659328742,0.8031427914920702,0.8031427914920702,-0.18472418017576894,0.723184501468606,0.21411006743286512,-0.7550195276946885,-0.6699193753746321,-0.6730752899608,-0.2455351506805312,0.10666694252921191,0.28474996944359554,-0.1236362395768351,-0.6526980614642025,-0.009552847929701184,-0.8327544847832844,-0.24267447677904486,0.1101354174366567,0.11249901146347208,-0.648117317411877,-0.5750706332353492,-0.16270862514829817,-0.6246872422779726,-0.8226665987785124,-0.4440172258724154,-0.2814094625299819,-0.4440172258724154,-0.35307366307612803,-0.4524999629240799,-0.4524999629240799,-0.8132485568713985,-0.8132485568713985,0.5073766526594514,0.5940778154462959,0.5101806919620505,0.7994922376315069,0.7367085442649361,-0.4363627171360445,0.07787319455294721,0.7266432005110868,0.7468788291360621,0.7266432005110868,-0.04684672369849884],[0.9906939757013322,0.9834793934802013,0.7031411474625577,0.9920464732277211,0.99641030230816,0.9906939757013322,0.997841379031457,1.0,1.0,0.9996471014424243,0.9645013775588092,0.9990391022581427,0.9985187807362634,0.9992878329544491,0.7580497173771121,0.7283060732101286,0.1331565844082729,0.9993062765595888,0.9993091757634083,0.9890500095491528,0.9994009932538168,0.23902512647823682,0.7896707781894582,0.9934128068475409,0.9934128068475409,0.9872524055081852,0.9909443424635436,0.2122476282097045,-0.2127848123928593,0.9878892719734409,0.9913071856154815,0.11592643057207726,-0.28904011677193253,0.9985247981217718,0.9985647037607426,0.500149121797718,-0.2876266475189952,0.9979185154451029,0.9985702442027384,0.7291202927149976,0.1116094822991977,0.9464954915309861,0.9983670355472732,0.9464954915309861,0.9339754458905322,0.6251296149215355,0.9566600424728277,0.9381548311828696,0.8067835892916899,0.41892332591486753,-0.1485685281495406,-0.17085885104949297,0.9357401161418653,0.2967399438406096,0.966789408198106,0.9649312786953484,0.9777365989571771,0.9940595306308352,0.025589546044559333,0.8983470420532707,0.855700825654301,0.8995833589238494,0.8523385966212584,0.8206571112004863,0.8523385966212584,0.8488590216522119,0.8227803884927317,0.8164598141180607,0.8227803884927317,0.8964482648351979,0.4672171030814324,0.6500998525618016,0.6962185403618416,0.6500998525618016,0.6959855573375674,-0.32415659297110233,0.6773279227838201,-0.5787684350280934,0.6004963176761277,-0.05670254297742081,0.5178664173472233,-0.05670254297742081,-0.1007435835326594,0.8750503347131482,0.8972089967995293,0.8842152606739981,0.7936443675161592,0.15087084998800543,0.8730025659328742,0.8741209736703094,0.8730025659328742,0.8031427914920702,0.8031427914920702,-0.18472418017576894,0.723184501468606,0.21411006743286512,-0.7550195276946885,-0.6699193753746321,-0.6730752899608,-0.2455351506805312,0.10666694252921191,0.28474996944359554,-0.1236362395768351,-0.6526980614642025,-0.009552847929701184,-0.8327544847832844,-0.24267447677904486,0.1101354174366567,0.11249901146347208,-0.648117317411877,-0.5750706332353492,-0.16270862514829817,-0.6246872422779726,-0.8226665987785124,-0.4440172258724154,-0.2814094625299819,-0.4440172258724154,-0.35307366307612803,-0.4524999629240799,-0.4524999629240799,-0.8132485568713985,-0.8132485568713985,0.5073766526594514,0.5940778154462959,0.5101806919620505,0.7994922376315069,0.7367085442649361,-0.4363627171360445,0.07787319455294721,0.7266432005110868,0.7468788291360621,0.7266432005110868,-0.04684672369849884],[0.9939357767876846,0.9874537894040273,0.674247113674166,0.9950792881006029,0.9977245930998155,0.9939357767876846,0.9999737192530995,0.9996471014424243,0.9996471014424243,1.0,0.9688438846336478,0.9997195570221864,0.9999744656398359,0.9999768063548266,0.5720112568415915,0.4391387785296663,0.031195091107229667,0.9998435039123664,0.9998445255016646,0.9912722241705259,0.9999720337292688,0.03236023739488914,0.7738295130178922,0.9957735513972702,0.9957735513972702,0.9957409099991787,0.9927391527954921,0.059505471107888085,-0.14540474912425644,0.9911608825485536,0.99111671075404,-0.052275148829687326,-0.24756849589390922,0.9994872259073266,0.9994468203801335,0.8472927883212747,-0.4399324045966885,0.9992442822931794,0.9995069128469124,0.5322022265660701,0.007457773049043343,0.9993768041804043,0.9993818478130725,0.9993768041804043,0.9355188493255816,0.6386820339415676,0.9560495497131332,0.9387495188197522,0.8207043768508343,0.06302628318804111,-0.5380692692573172,-0.06817640222937457,0.939665262489548,0.26103786068965334,0.9693459906031004,0.9691324088987936,0.9844679272841484,0.9944579029772332,0.9064751604977892,0.9060427745697995,0.914848356018917,0.906046281900411,0.9131897303738604,0.9136760419094994,0.9131897303738604,0.8571446742454664,0.8731744550454097,0.874234381579397,0.8731744550454097,0.9031131396254717,0.8311615193263678,0.8888549552786555,0.8897386327502862,0.8888549552786555,0.7037216578685465,0.5891443482569828,0.6870225452242816,-0.5585815248393682,0.6527855028822432,0.6277211334460003,0.6277312669121249,0.6277211334460003,-0.04276101184130764,0.88207984004477,0.9050660484749038,0.8921312122959694,0.9134439023639292,0.08071398595216445,0.8831863974677532,0.8845951337555339,0.8831863974677532,0.8873073059564461,0.8873073059564461,-0.17385279602933015,0.705979363479877,0.00396219653857016,-0.7580451857131049,-0.6890389423579686,-0.6906687111950941,-0.235861892768486,0.11676874644487552,-0.22074329669473777,-0.2861122009556719,-0.6764093188288628,-0.4391196978833116,-0.8559741905803605,-0.626085598409779,0.12273672453399563,0.1250371738562714,-0.639886862031178,-0.5706877988018719,-0.5845474943807059,-0.6126300595215317,-0.7864292713526047,-0.6430020451823195,-0.6455644368216119,-0.6430020451823195,-0.3405096854593207,-0.44441720774759663,-0.44441720774759663,-0.768227091536703,-0.768227091536703,0.5207519534043189,0.6068402249368248,0.8179396368699773,0.8252484234422163,0.7456496244301998,-0.4434796610102056,0.6646449381869355,0.6934093993813282,0.6936031651036373,0.6934093993813282,0.17364041963259355],[0.9804303561563151,0.9789998850148212,0.6530382013320931,0.9790052611530768,0.9739802583939735,0.9804303561563151,0.969637969573895,0.9645013775588092,0.9645013775588092,0.9688438846336478,1.0,0.9597500072509153,0.9696550198785578,0.9694398855249174,0.3006620278463633,0.17166331276739943,-0.2070198702428243,0.973028935837375,0.9730130207657423,0.969739175065738,0.9697329615105595,-0.0681592390715609,0.8112521409371973,0.9707412479298113,0.9707412479298113,0.9708778043616454,0.9319356917464827,0.14595734771291433,-0.1331902097937594,0.9743360701584061,0.9744154927182546,0.08347654440664247,-0.04158971183676173,0.9757989188281946,0.9759854754279738,0.9102702004261235,-0.2995276531212558,0.9659465066779293,0.97519820243054,0.254524742434214,-0.22582693470114493,0.9766555008781346,0.9766306589128968,0.9766555008781346,0.867179700476613,0.46195119933583834,0.8927201472989009,0.9340847457483471,0.8998059301260933,-0.41637593494939523,-0.6536802861304801,-0.12290790795134648,0.9145120162842765,-0.050643639182899054,0.936589552016727,0.9366415920665101,0.9509086500310214,0.9722581604834268,0.9098958931061999,0.9140887448665018,0.9180407736759216,0.912433611317744,0.9123099874625972,0.9127291147332343,0.9123099874625972,0.8783356962146275,0.8509669985057946,0.8519717460846821,0.8509669985057946,0.909245358236348,0.9202251626037805,0.9076439807826953,0.9080265112977315,0.9076439807826953,0.7725637680058378,0.7238237635392665,0.7734485867617888,-0.18876009439537741,0.7812699985698784,0.7939389882322215,0.7957701916686608,0.7939389882322215,-0.18146800164123092,0.9073877953742813,0.9503450864987221,0.9187866088010216,0.9196838037042494,-0.08320477183679328,0.9024259652362255,0.9030622928987669,0.9024259652362255,0.90787676865261,0.90787676865261,0.016747259290126597,0.46858467377861307,-0.16896993423088688,-0.709975758450846,-0.47378885490579054,-0.47667519780672185,-0.12372918598753245,0.43510298053371543,-0.030083573860717534,-0.2644272014408015,-0.6143538504907051,-0.16004721696641486,-0.7784655512490639,-0.3233754060558842,0.3087412238277605,0.30929710081155265,-0.44138811480679957,-0.4284915937272891,-0.41315139967643766,-0.4259875294513673,-0.6433230180586139,-0.4311889742765542,-0.4338675637995096,-0.4311889742765542,-0.18320850696329324,-0.4878313316393255,-0.4878313316393255,-0.5429082027490006,-0.5429082027490006,0.6339816789514939,0.6597323882164337,0.7653214854631853,0.7409640379862662,0.8133428812484975,-0.5240943366352775,0.47066831788413843,0.5497111436306465,0.5500719481567713,0.5497111436306465,-0.06864193594494783],[0.9889494721623355,0.988096977768791,0.9948068329560473,0.9913833828816265,0.9969365315269811,0.9889494721623355,0.9997500143895098,0.9990391022581427,0.9990391022581427,0.9997195570221864,0.9597500072509153,1.0,0.9997486636620619,0.9997252270305419,0.01797639785494183,-0.08757564401949308,-0.5637953608643752,0.9998454272243438,0.9998469631294953,0.9997522368332944,0.9997515726273549,-0.30680442213703196,0.9754303220564982,0.9952038826681999,0.9952038826681999,0.9951895861695111,0.9939279962883042,0.06418267752310906,0.055698872438720536,0.9933990883422951,0.9934492273347407,0.7077718581320842,-0.07547978107697098,0.9992721149659268,0.9992418016773793,0.9991343124498863,0.9995306900875348,0.9995517244956539,0.999291277962572,-0.03867444850450281,-0.5705434021422284,0.999101187585942,0.9991060525355544,0.999101187585942,0.9312582081690514,0.4984337170899624,0.9525336837377583,0.9353795336864632,0.8204337013292373,-0.2724025313286624,-0.5555427952526746,0.8576414450544988,0.8840477306174429,-0.33483147217448056,0.9474405531301329,0.9476081224453675,0.9761844731898641,0.9943244427645193,0.9228499297476277,0.927114027636231,0.9075266707582991,0.9128601467264386,0.9108963163285232,0.9112772940838711,0.9108963163285232,0.8319155318955362,0.802521493342196,0.8037200678379333,0.802521493342196,0.9283690675925118,0.932768507954027,0.9274980283492101,0.9282274134235515,0.9274980283492101,0.6553462422614639,0.6126121219016113,0.6806544339076789,0.7378142880877232,0.6587992845828986,0.6814772505564752,0.6834378661632269,0.6814772505564752,-0.1794335488851779,0.8836675977431593,0.9061907123677142,0.8982645452544117,0.9281440786075078,-0.36530196603535603,0.8802229963279944,0.8803839756274614,0.8802229963279944,0.8864595845682204,0.8864595845682204,-0.22337213714562282,0.7008019739975712,-0.4047355575835943,-0.8334275596244879,-0.5501689417322235,-0.553556973676682,-0.45486294850622583,0.24888541899955127,-0.3232383105546051,-0.569931027848122,-0.7962825546596539,-0.4284086469996766,-0.5787210051477603,-0.5046178618312194,0.11451042060112641,0.11308056457452134,-0.5630762593999586,-0.5394821142185761,-0.5611480832404857,-0.5972706654125163,-0.589832832993379,-0.5642599191268807,-0.567617260275017,-0.5642599191268807,-0.4611691143170603,-0.6488350207855516,-0.6488350207855516,-0.6371386898532524,-0.6371386898532524,0.516582923829444,0.3740243722233679,0.5160372696339665,0.6443135061475296,0.5532961152273015,-0.5683930711831389,0.3942860352190769,0.3180806777922264,0.31836478904592425,0.3180806777922264,0.30554536119632014],[0.99351659663045,0.9875317269443139,0.7088318222173294,0.9944660513407438,0.9975236173391466,0.99351659663045,0.9999969870559844,0.9985187807362634,0.9985187807362634,0.9999744656398359,0.9696550198785578,0.9997486636620619,1.0,0.9999957545976128,0.761819923743585,0.7252066164180743,0.1540248587448256,0.9998828415994085,0.9998833002597849,0.9913391539329093,0.9999976630751031,0.2633032186760093,0.7871359672289381,0.9917557589073404,0.9917557589073404,0.9886768709177968,0.9927755297413233,0.2289313804705343,-0.20077136798637812,0.9915156989699309,0.9916130124140724,0.13367819233239858,-0.2834797545397758,0.9994220959684083,0.9995468287009748,0.5142216416773405,-0.2821235833794417,0.9992895129629463,0.9995369451527328,0.7328568416593774,0.1327888211079699,0.9523843098337698,0.9992078517076617,0.9523843098337698,0.9355770696723964,0.6384443229000091,0.9560926253849842,0.9388612837989262,0.821015778190298,0.4309096770070344,-0.13473451726515592,-0.1598700803022759,0.9424398307363027,0.3157200378566072,0.9709757921278714,0.9692015351618791,0.9820599757968849,0.9951614944957103,0.03348132991744793,0.9051137626961021,0.8664447258559591,0.904863756357471,0.8621016435446124,0.8298668584264076,0.8621016435446124,0.8568302316541583,0.8352716300039291,0.8262903783726946,0.8352716300039291,0.9016775735743952,0.4817588097022648,0.6650752436698897,0.7088251034494677,0.6650752436698897,0.7031966128478883,-0.3120152845504594,0.6861345372734422,-0.5737515972084559,0.6047785794140838,-0.03829092142520898,0.5299033384665288,-0.03829092142520898,-0.09602710455242298,0.8809027790885279,0.9049597056940393,0.8915110458373897,0.8052220991861928,0.1679540902740407,0.8782341710541202,0.8791846314663287,0.8782341710541202,0.8148082265056247,0.8148082265056247,-0.17241742205091046,0.7053740743323652,0.20869565070062274,-0.7468517512539298,-0.659388300535329,-0.6626913544223595,-0.23261134711108258,0.11256401275728767,0.2919691963689656,-0.10577346710686789,-0.6418318507289471,-0.0002917789531493972,-0.8283975545942502,-0.23612065323970632,0.12313246905199819,0.12546716801036034,-0.6386290637884307,-0.5744606895736566,-0.1558927298937731,-0.6113502653146734,-0.824130245236005,-0.4336862619773627,-0.27531472365497817,-0.4336862619773627,-0.33836430104079873,-0.4409718363360043,-0.4409718363360043,-0.8161826701353845,-0.8161826701353845,0.5206055432783687,0.6085002467727143,0.5269902376129472,0.8154097161424166,0.7475718372859781,-0.41765395197061317,0.09037347803864224,0.7443784725075496,0.7616428045926987,0.7443784725075496,-0.06314782099607277],[0.9935527764175649,0.9874020173809209,0.7088994658668604,0.9944820815316955,0.9975426514311675,0.9935527764175649,0.9999941932177997,0.9992878329544491,0.9992878329544491,0.9999768063548266,0.9694398855249174,0.9997252270305419,0.9999957545976128,1.0,0.7479547858111982,0.6558617721336126,0.15419156852051977,0.9998857849172885,0.9998861226460892,0.991453076121075,0.9999955650880528,0.2639603361117385,0.7869690207259067,0.9946489231017217,0.9946489231017217,0.9945728707322051,0.9926931723114706,0.22921085277627118,-0.20079388792005157,0.9924823869552406,0.9925193024109835,0.1343857776461763,-0.28332067720156917,0.9994635852545585,0.9995467041523923,0.5133470415969168,-0.2814810713439625,0.9992568467398738,0.9995388042650218,0.7291465935668484,0.13297439627410423,0.9520029832894162,0.9992538000877978,0.9520029832894162,0.9357532530052403,0.6390239181296594,0.9561335277542174,0.9388665969751329,0.8207707451508396,0.4321232195449607,-0.13336949751267485,-0.16011362495462966,0.9427124096274695,0.31598179765619067,0.9713192579329802,0.9694509584604559,0.9822822051512693,0.9952073041281776,0.03253358796143845,0.905308793342802,0.8663358195717945,0.9050261949371803,0.8620177874152997,0.829455792413968,0.8620177874152997,0.8569795729113355,0.8351593642703902,0.8265351583879086,0.8351593642703902,0.9019087840797952,0.4811381396408953,0.6646312149755279,0.7087941315659927,0.6646312149755279,0.7030657552454432,-0.3130896750903289,0.686088035120506,-0.5739799118138914,0.6044664929119831,-0.0392008391671267,0.5295767503932524,-0.0392008391671267,-0.09601758927708909,0.8809903460538271,0.9047667889728832,0.8916153760256493,0.7992894955457488,0.16832842424482963,0.8782746886348627,0.8792167969695707,0.8782746886348627,0.8146148015698041,0.8146148015698041,-0.1735818418032056,0.7060791318606701,0.20916293574523268,-0.7468021745087547,-0.6597012416573282,-0.6630080262371189,-0.23354013243539826,0.11153339063700185,0.2923082671499539,-0.10608126298031473,-0.6419539447472853,-0.0001694722311938508,-0.8277501309445102,-0.2359407964330503,0.12230528009800767,0.12463988597253353,-0.6391388115708635,-0.5746377897050704,-0.15535247151234519,-0.6122942402282705,-0.8241878284856934,-0.4336208717505738,-0.27480105430766966,-0.4336208717505738,-0.33912326087521355,-0.44134340048082343,-0.44134340048082343,-0.8165293099844794,-0.8165293099844794,0.5206661322218245,0.6082128650710598,0.5265737680695907,0.8158043922837271,0.7471056882189818,-0.4172720102052044,0.08978311285388024,0.7447889670584674,0.7622435868798022,0.7447889670584674,-0.06293062961925386],[0.6471321354253857,-0.1018182273106067,0.3316822711815348,0.6462000861644056,0.5154899892140514,0.6471321354253857,0.7618316284102588,0.7580497173771121,0.7580497173771121,0.5720112568415915,0.3006620278463633,0.01797639785494183,0.761819923743585,0.7479547858111982,1.0,0.9903359746745541,0.4349760952486539,0.7196358982632155,0.7195896952136509,0.6224519302250814,0.74621173165997,0.33781638373222356,0.28188297648535793,0.7348059203592228,0.7348059203592228,0.7180345173770626,-0.3784699325678233,0.1928122970653283,-0.1529759091811662,0.7978200963298958,0.7938164559107631,0.1635310390273061,-0.20027433720446397,0.7553768469637728,0.6044325523169941,0.22359594348009695,-0.31690653255276924,0.031364324709152874,0.561371113739542,0.9982593267016963,0.4185151763992447,0.679301395867526,0.7548030990526254,0.679301395867526,-0.03413286681322534,0.4766361053917672,-0.4374468575126072,-0.4587391217411418,-0.15182258132861623,0.3828152534644667,-0.051282544541703126,-0.21293996948608823,0.5884292891205348,0.3922653254696298,0.7593355246082686,0.5922651637098516,0.7087827912945945,0.7351274385784269,-0.11274666832842989,-0.0471431558821665,0.47175991409777707,0.29676086238207383,0.4601796803608245,0.567950601670014,0.4601796803608245,0.16925521533121937,0.46230755881721475,0.5561192283163622,0.46230755881721475,0.20917979154175362,0.1928883969025199,0.3310647577300788,0.45434376274185134,0.3310647577300788,0.1386558972982319,-0.3557995309994969,0.07406059682539216,-0.6319732564609034,0.14637154851484357,-0.1512265562645595,0.22211603282170844,-0.1512265562645595,-0.16006832947716362,0.2440724441678812,-0.19734304089971186,0.014267313234312407,0.5726773334258469,0.4281495266389774,0.33077719974574765,0.3379778214464267,0.33077719974574765,0.4151776537859144,0.4151776537859144,-0.20296237121096622,-0.013466603460023862,0.2448078117738044,-0.18948853963429868,-0.46909090134452147,-0.47041965129591523,-0.0035568474123766664,-0.06688341491740785,0.3535922337338111,0.1595709088376519,-0.10067026227810742,0.1294004212876875,-0.6868353021726925,-0.0648396142926468,-0.02797961923767422,-0.028153768031451996,-0.43467421066964934,-0.44808990041203467,-0.01280197223488014,-0.25465360822140104,-0.7285158522565222,-0.26022410583365146,-0.12562505158387338,-0.26022410583365146,-0.11862148355705746,-0.13439676659392005,-0.13439676659392005,-0.7240926780748419,-0.7240926780748419,-0.19924490556234262,0.38346095313353656,0.44545807484254263,0.6695514588997544,0.4586770902364733,-0.19623242434803342,0.045382381886203166,0.6884587120416434,0.7189980056142726,0.6884587120416434,-0.16069364582282808],[0.5372415993777732,-0.195019263884936,0.2675730686591087,0.5357870792474655,0.3790627008765551,0.5372415993777732,0.7420865944702862,0.7283060732101286,0.7283060732101286,0.4391387785296663,0.17166331276739943,-0.08757564401949308,0.7252066164180743,0.6558617721336126,0.9903359746745541,1.0,0.44648628791854955,0.6164763656642851,0.6164206924710118,0.49470854253111973,0.6538474324809977,0.3441229198981034,0.181465554978864,0.6929529914492601,0.6929529914492601,0.6233372876503273,-0.44129245716031656,0.19546832105996137,-0.10952845675470434,0.7787113512895729,0.7113282314639267,0.19043124161909172,-0.14423075887795875,0.6648616443788924,0.47528784924332235,0.1777639151939954,-0.27787169074739726,-0.07689295328411386,0.4279145663182306,0.992333158366103,0.432654937393485,0.5906833440519941,0.6643565811800848,0.5906833440519941,-0.12113308569710755,0.40913064337456556,-0.48426366017269507,-0.4971832189593991,-0.2157030809844517,0.34700295409522225,-0.02811274629795308,-0.21606775065202158,0.469483783780553,0.36345392376714686,0.6680367133382108,0.4673438444834813,0.6020977469723781,0.6281015100236113,-0.14272399925910376,-0.1564477480459536,0.3805467714521206,0.16981133954167205,0.36783764144900155,0.5124643497616297,0.36783764144900155,0.04784257210286712,0.37411939220206747,0.4959773970081589,0.37411939220206747,0.08478336312230773,0.16476169091179127,0.27320608631161125,0.4142099350211092,0.27320608631161125,0.035262798990315494,-0.33204449465448