var element=document.getElementById("correlationAdjClose");if(element.style.display!='none'){var correlationAdjClose={"data":[{"type":"heatmap","z":[[1.0,0.9999916731621905,0.9849008528403354,0.9999236134392211,0.9989461480780472,0.9878130780251652,0.9976178109127661,0.99548833528718,0.9957990019987941,0.9800397121399879,0.9926937549142251,0.9956266722071497,0.9948697767880756,0.9955402438958112,0.9964867208898784,0.9959300281140693,0.9981594633617497,0.9962227767620239,0.9962350639961484,0.9962888152002233,0.9955763134539154,0.9859436703945811,0.9701838992432776,0.9884006979832453,0.987280489998158,0.983099560213423,0.9648742742693552,0.9460995246087844,0.9938074575560366,0.9944743351935212,0.9919089186107357,0.9755051052983976,0.9975285870616227,0.9978101310246037,0.9972273389874534,0.9956885975661237,0.9952931740880195,0.9976853696150372,0.9985354382723634,0.9986991093630965,0.9974731375308007,0.997483972189742,0.9767508904655477,0.9165074468735026,0.7455059245385338,0.9046868491058971,0.9071625593243338,0.8414059804687093,0.9657238810869179,0.9453206861672627,0.9671311542664989,0.9648534596353313,0.9574134827239632,0.9855701361529877,0.9822116271366541,0.9848022763016986,0.9786359684074708,0.9865922289527329,0.9841014125294233,0.9872023781271176,0.9869776291140987,0.9647017809037921,0.9692291546449685,0.9724066532985001,0.9720647072175695,0.9469150868821334,0.9766718173736678,0.9747614755167046,0.9827960029694525,0.981964676543279,0.9374352342464652,0.8654898168164411,0.8330117389345143,0.8843587781429612,0.9090997055983635,0.9046514190411751,0.9070319473027307,0.9056170050711957,0.6405453626191825,-0.5711341951483472,0.9779322752940178,0.9703470438464019,0.9667960216599757,0.9856300179524512,0.9715951475984221,0.982446284969315,0.9823976790759991,0.9470498486900084,0.9826043929046968,0.9508642372284342,0.6582082752431839,0.8751162311223165,0.9176714948923778,0.7605295419161725,0.9240369134340432,0.9433420864490728,0.8200249973968052,0.9593804833911257,0.8958186902463201,0.6359461911014157,0.7099645921962434,0.8918650418183193,0.8653596208217955,0.888809897056394,0.9698699578201525,0.9700735021647904,0.7391026367047842,0.7096373122886458,0.8250809404136774,0.34931109063914934,0.7952835001126655,0.8294338464124767,0.8160999592439647,0.8142327361425817,0.7551750544196459,0.7433179482046078,0.7238511098396648,-0.24792352715468094,-0.38461902438163403,0.6407186728212737,0.8984339001618572,0.9431137053520767,0.9476301275208966,0.9178433956389123,0.8281839574384213,0.9147012299625519,0.9363448023345796,0.9361722781396363,0.8706073557805516,-0.1896782920696579],[0.9999916731621905,1.0,0.9841050070394777,0.9997843961642482,0.997729678630511,0.9904903923324305,0.9934196495422335,0.9894531190273572,0.9894852418080194,0.9696000014704941,0.9917354351462877,0.9896768035205704,0.9895131456793423,0.9895597400000486,0.9915216977659853,0.9940421410223085,0.9952935103137738,0.992660819201893,0.9926594996006367,0.9895559315698523,0.9896124016504516,0.9888216189733902,0.9646184408351844,0.9852671942201359,0.9850130919911321,0.9829795816081707,0.9744244059136399,0.9145879786070539,0.9877796219990028,0.984380414269718,0.9765097534819669,0.9165154606441991,0.9949159332353533,0.9947549889327911,0.9950352507551972,0.9905366252561987,0.994507670202324,0.9950300525673599,0.9966695612070485,0.9966907569587956,0.9950166344777863,0.9950248551665798,0.9870686722698441,0.9161661696104123,0.5933222937168442,0.9041972576461783,0.9070324653420416,0.8415539407154996,0.8710177502939296,0.9133600462090072,0.8746968180804284,0.8964821400478202,0.8700596560233484,0.9544070567860752,0.9543195883745419,0.9759291518118506,0.9795482707118556,0.9739619529104825,0.9735668754056259,0.9764707342893463,0.9763844232210883,0.9396389568030962,0.9484488993290657,0.9166554225669452,0.9165586862209777,0.8202942572890015,0.9713972381556958,0.9735561579257475,0.9737984611264513,0.9732282065986682,0.9357782029643175,0.6714063074868575,0.6140739958370736,0.7615633920120961,0.8519008203505708,0.7845195425956453,0.8194917717227842,0.8177862613111347,0.6110605284804919,-0.27539337931333446,0.959826400144892,0.9662094342285145,0.9595488163261637,0.9767666732171686,0.9568545617880528,0.9641388755442676,0.9632702574514228,0.909764542441912,0.9669178387827148,0.9150870109100825,0.49743214529846796,0.8742587527834219,0.8711298771967338,0.30392542990255955,0.6763395269356012,0.7631110746425959,0.6507551082011813,0.958734143149046,0.661980026592761,-0.25029568510579625,0.14955888522044714,0.6304473965037793,0.636397503091761,0.6834311124112926,0.960353692040533,0.9602164779231271,-0.06516260372170819,0.1756560816237578,0.01618119752673206,-0.017290430890489164,0.011119840902162868,0.027770832269071455,-0.004483212257152257,-0.04912021945078065,0.3839555300049411,0.11941017095709061,0.06951540075668253,-0.45062335755639293,-0.4870271198921579,0.6409189443790024,0.746662146381917,0.7713539720386673,0.829604181556404,0.8255065926313472,0.5432510420318979,0.7338515408297738,0.766436353184327,0.7650849770117769,0.41301485490580697,0.19426610763511662],[0.9849008528403354,0.9841050070394777,1.0,0.9863287132036759,0.9930175761090929,0.9903618693633327,0.9906631738572759,0.9911370082541862,0.9943646360979714,0.9561135050163639,0.9970647278853375,0.9910294164279162,0.9929580336704719,0.9911964729039295,0.9914536014907729,0.9936614463999847,0.9905277123956988,0.9897528820859498,0.9897180453623395,0.9928954373272468,0.9910652455791117,0.9938296721458559,0.9803162343903987,0.9909650090909843,0.9914044890688949,0.9819750687045398,0.9830603741295304,0.9502750861282385,0.9724240340321455,0.9761533914660964,0.9780840844640823,0.951093394914662,0.9879490910791673,0.9910673459049113,0.9893874863972547,0.9930273593805312,0.9949459462066423,0.9921448519840503,0.9845920293168325,0.9881546575075856,0.9882343608359356,0.9876053507958156,0.9909127926512923,0.9159430512662946,0.6861272363610761,0.9284791886880416,0.9009905627480639,0.7564785917833499,0.926089731592244,0.9005215563061241,0.9283545759799096,0.924754258070441,0.9142455117583017,0.9525179761332412,0.9599156581912314,0.9329082476741867,0.9519825965453694,0.9559746232758626,0.962082725248589,0.9564945976955893,0.9307654917806392,0.9026884225103814,0.9306901984337721,0.9261311991274939,0.9089145971493026,0.8686681786251118,0.9619786417017347,0.9400230256624438,0.9566875536419759,0.9352781451850408,0.7834668635579004,0.8081090768117829,0.7376902527770491,0.8294696610995248,0.8708473151342183,0.8692429546884095,0.8396489990136603,0.8535975701142648,0.31789821675718255,-0.5698428405357423,0.9491905623030655,0.925599146840408,0.9285395997826024,0.9332740810513852,0.943554697206641,0.9536527874480999,0.9532504936107354,0.9168868979494467,0.9497432940100319,0.846093554101459,0.6318323374110159,0.9382833639205399,0.9389497615988425,0.7225050126053467,0.9063045664187113,0.9277652889700384,0.8057038271317202,0.9787588144013234,0.7782410098138833,0.5429119663798975,0.6499642814650934,0.7862660746805633,0.7912506515241051,0.7750254204619031,0.9822408359751418,0.9822717717636741,0.659364429626442,0.6464054362484789,0.7131978120216635,0.2826832212061646,0.6913372323047079,0.7114867223149234,0.7238985138424099,0.7079017671649074,0.7105495741621449,0.6713229722793977,0.650046852732242,-0.3197019479882066,-0.4560194657314909,0.5989886722215778,0.858940833987457,0.8929839686060843,0.8949066226986946,0.8911695164987868,0.7587905669569697,0.8671177477796221,0.8815481970578916,0.8901697673881045,0.7387005795042885,-0.10942513101917291],[0.9999236134392211,0.9997843961642482,0.9863287132036759,1.0,0.9992443903470623,0.9887962424316722,0.9979432134429894,0.9960011813774369,0.9963935648440474,0.979687606940371,0.9940269843135036,0.996121459716625,0.9955721563694816,0.9960515874042827,0.996933107360476,0.9965504903915631,0.9984947254470901,0.9966708221587133,0.9966804039906916,0.9967957502358935,0.9960747796022413,0.9872118245495985,0.9715229284555306,0.9894837652718388,0.9884745014421387,0.9852868870145352,0.9669696208180477,0.94729370142741,0.9932573231039492,0.9941135799464972,0.9919986168198325,0.9751478177516893,0.9976796727460902,0.9980990613881447,0.9975305835959419,0.9962455081999089,0.9960280686692924,0.9980136016974522,0.9984123555950379,0.9988384126773294,0.997615941157588,0.9976234714372446,0.9785841269756731,0.9122054829673248,0.7391260300103057,0.9054589585230474,0.9049863648301552,0.8313134889451178,0.9627966981299089,0.9418969973998067,0.9640962134103193,0.9621921259489595,0.9545378963689913,0.983495404015443,0.9806815588933807,0.9831016717177342,0.9770484615786169,0.9850743488193164,0.9832918910962607,0.9856048055568578,0.9853748537217427,0.9517712168852567,0.9676364076479955,0.9707018131214841,0.9703589375636318,0.9404579918705143,0.9760384776733528,0.9712913856390474,0.9810846941305394,0.9802126926496769,0.9112155371672559,0.8634362702870468,0.8283117747788932,0.8820418488826138,0.9056270535270586,0.9038012627824766,0.9040688535151029,0.9027158206912356,0.5372663537287274,-0.5711136090894122,0.9767744216935432,0.9683442733287019,0.9647515275645436,0.9839335927195201,0.9705057516394769,0.9814047949761705,0.9813538341132563,0.9460302481664451,0.9808684099381162,0.9313179920125243,0.6636002035173194,0.8829699530918786,0.9221441113222095,0.7620901977912808,0.9257560255899001,0.9448052765866948,0.8203478437177109,0.9608572967942706,0.8896786288332362,0.6325869424882525,0.7081859659312909,0.8867884321413576,0.861803004408645,0.8834052588340752,0.9709359448831844,0.9711473332261616,0.7381216610400536,0.7099144145684217,0.8171621570822271,0.35137703700795975,0.7896591693872759,0.8212302742894395,0.8079659955285531,0.8089444510264618,0.7579731797897539,0.743368799891598,0.7239709328926268,-0.24330714728825417,-0.3838767747294131,0.639258091191303,0.8965438410682062,0.9413314742458416,0.9458917594561207,0.9167260695974816,0.825383878144133,0.9127355318031529,0.9341453209878817,0.9341261057803695,0.8630065348451259,-0.18237211035045392],[0.9989461480780472,0.997729678630511,0.9930175761090929,0.9992443903470623,1.0,0.9917111692977287,0.9990555065358212,0.9983388868356435,0.9983970258729962,0.9735465281680491,0.9977598042895107,0.9983816985339179,0.9981906502179533,0.9983727569810559,0.9987097311283855,0.9980089966481214,0.9992190203504224,0.9987484675317374,0.9987479966434798,0.9984531669500861,0.9983674354754543,0.993844706684771,0.9791689848400816,0.9940233092569445,0.9939629899511571,0.9887229557733204,0.9808793678709451,0.9506780243503524,0.9897652913331181,0.9922992918794551,0.9895775008189022,0.9662314412496471,0.9989377827736553,0.998974888534525,0.9989752929715197,0.9984775845656135,0.9985502114912982,0.9990762145511243,0.998917535389608,0.99914337982113,0.9989248994811869,0.9989243706133897,0.9889267541710511,0.9217834612608904,0.7144360796062298,0.9198153565822048,0.9089872968391743,0.8138771741051237,0.9466972150158289,0.9307478267251741,0.9506602273509237,0.9536500463437053,0.945482515167717,0.9796622431065936,0.9795791859003012,0.9790911972490204,0.9710170463115141,0.9800546467636403,0.9789452692092645,0.9803747524014295,0.9800922547523907,0.9533652911559255,0.9575437367967535,0.9524330353940741,0.951980348157067,0.9080821551751969,0.9730305406629316,0.9695992506526673,0.9762706402658239,0.9753197151481539,0.9328929073471542,0.839039709101622,0.7944758319740197,0.8643512344683708,0.9084979563777084,0.8897178096639021,0.898328743779998,0.8970354488282369,0.6945197613944004,-0.5931741923986603,0.9696011747213023,0.9564948988258576,0.9540856516631564,0.9801918955357543,0.9594445191076552,0.9738591676357631,0.9733873422073531,0.9355589045440746,0.97582391278712,0.9394923351422358,0.6502114291346923,0.9030835829006216,0.9435377941522084,0.7134483399463828,0.9044619081314472,0.9293692353326071,0.814109114623522,0.9667017952010935,0.8807218572022387,0.47769458437569995,0.6408134210448367,0.8684833560663229,0.8257602117858885,0.8707606984320098,0.9750740951957492,0.9752353326099213,0.691757061385048,0.6905722439858294,0.7355726676775382,0.32632333793280843,0.6746200080193369,0.7413972781329139,0.7176563375722357,0.6970477615021675,0.7419580768419388,0.7259326941586406,0.7055765025437868,-0.46351420440289354,-0.5410962853599264,0.6287556579488374,0.8892031090298415,0.9255872073543017,0.9375238761081764,0.9129678702267887,0.8020595072550092,0.89555413573729,0.9186215464524269,0.9181300357950423,0.7968060700863737,0.032207451088774444],[0.9878130780251652,0.9904903923324305,0.9903618693633327,0.9887962424316722,0.9917111692977287,1.0,0.9879473174581538,0.9881685280086139,0.9877617494748646,0.9632671678411816,0.979698654973863,0.9881004638130725,0.9893311615304222,0.988230105638895,0.9881410876368728,0.9916339322194633,0.9893031411645992,0.9890157929495936,0.9890009405851641,0.9870387829181001,0.9881575061379195,0.9960499653391639,0.9917181117087231,0.9882527962600105,0.9881565775135199,0.9713831231065005,0.9855435392398243,0.9679516542947239,0.970759265788226,0.975220707459229,0.9832781731632808,0.970133876508656,0.9878409635959308,0.9880579201611953,0.9888662948283857,0.9890215507970802,0.981837010596546,0.9888758247476706,0.9867802958495795,0.9884729277975558,0.9879484714286464,0.9879446264539449,0.994954816437558,0.8740550833869013,0.7148733322325632,0.8828232582908281,0.9022194997432103,0.8314628660644168,0.9300063177509016,0.9112906138356182,0.931986360225112,0.9405301337630628,0.9276253963245266,0.9601459652647385,0.9647628482082747,0.9685614143327678,0.9815215262555067,0.9696302517997252,0.9816599756887134,0.969449549932652,0.9688838927691319,0.969489372165204,0.9613746159757627,0.943573893957868,0.9430621200250027,0.9326870087318605,0.9793355581973983,0.9716557228529525,0.9699330712920173,0.968345569977897,0.9522604508844593,0.8618684790158124,0.8140000829181595,0.8822817456158261,0.8998713924252317,0.9076119379825369,0.890151328037968,0.8880132192155251,0.6610897198671869,-0.5326337352258782,0.9757796570347447,0.9730945158961086,0.9694277592838355,0.9696496392559747,0.9667111203375505,0.975685374867436,0.9753183025790868,0.9577697800164257,0.9651262822889004,0.9570433055964346,0.6665123613827044,0.8499835642784419,0.9409050883062908,0.7610033342769202,0.9163251334402671,0.9334337313487768,0.8146166605627092,0.9571155139295165,0.8446160975282497,0.5765105396872696,0.6807905157875617,0.8422958341727919,0.8212523786287607,0.840232823494246,0.9591100762066029,0.959162153228288,0.6995173885867487,0.6887587465016174,0.7599646971252336,0.3511853739383727,0.7407024597425508,0.7657319491558198,0.7518811577851074,0.7538109411469672,0.7446372145019159,0.7129347234015899,0.6956868303380109,-0.27341995360227,-0.401644624749852,0.6640212289174691,0.8798666844145171,0.8979399031338032,0.9066110436409279,0.8946380451480829,0.7975541748067677,0.8668063098834005,0.8893484944155952,0.8893951531745798,0.8329412287828812,-0.1528240021585376],[0.9976178109127661,0.9934196495422335,0.9906631738572759,0.9979432134429894,0.9990555065358212,0.9879473174581538,1.0,0.9972270386181133,0.9995439242153946,0.9732642495120128,0.9994557160613854,0.9981916861680262,0.9990860809671446,0.999054737454186,0.9994847722390623,0.998206362516166,0.9999024833148322,0.9992804083948041,0.9992857691218184,0.9996632956677654,0.9992496184527739,0.9907090969327955,0.9751512542376095,0.984451162557267,0.9927194286838165,0.9880765851792208,0.9724787123076805,0.9456690395832686,0.992072251226757,0.9917834372303944,0.9931540507298945,0.9722756226049442,0.998865842966568,0.9998253330144723,0.9996660384040309,0.9994116974962846,0.999680944387637,0.9998558419592738,0.9976688285866155,0.9996872669362046,0.9992976159773684,0.9989168204881329,0.9828070668057065,0.92848463811738,0.7304641431443051,0.932526247861776,0.9194729867449098,0.8066250862476434,0.9580914907201502,0.9413302965571454,0.9601883219346351,0.958092993330855,0.951258352443606,0.9817530886947394,0.9801348324778815,0.9424407892792,0.9574596887809108,0.970029927063539,0.970360869094033,0.9717874310305068,0.9425760916323505,0.894393364909427,0.9478515200052637,0.9565015301215152,0.933526421459101,0.8812663170592009,0.9622739214072723,0.9326993650995321,0.9638250507202852,0.9428086970116413,0.7467582139123724,0.8336297412622145,0.7602968389737187,0.8510842780863914,0.8766233906798229,0.8807312617639471,0.8596374031735627,0.8721063078717796,0.2723854954137583,-0.6054920314684602,0.9601423843782092,0.9403542045687184,0.939891385408097,0.9446106193962053,0.9564184536690964,0.9676570951331841,0.9677033287061254,0.9257774795331505,0.9638752236288913,0.829008128866242,0.6449973750383372,0.903490089312786,0.9220838156983971,0.750902362938083,0.922978594290465,0.9432274219987752,0.8146950716310536,0.9661559112601577,0.831246459605534,0.6212290981616205,0.6984994982008415,0.8440305612470598,0.8406384009965037,0.8299844336807899,0.9751658779255918,0.9753930507993911,0.7246402877698995,0.6872581440750346,0.7825749000152061,0.3214806072667993,0.7668041246079962,0.7919882452279755,0.7820433662974842,0.788342970039392,0.737867285332403,0.730869615903618,0.7096720120937455,-0.2613030481511123,-0.4091079351951088,0.6473191083466603,0.891182652474595,0.9288320920661569,0.9441227872165024,0.9167134997635141,0.8238265288682084,0.9126875040562062,0.934463413453768,0.9338830935331514,0.7750651433035691,-0.14517778436657677],[0.99548833528718,0.9894531190273572,0.9911370082541862,0.9960011813774369,0.9983388868356435,0.9881685280086139,0.9972270386181133,1.0,0.999984713631758,0.9675513141824477,0.99966951812653,0.9999969265373838,0.9996700868465763,0.999997932164861,0.9997493477285933,0.9951755609497641,0.9993407070836334,0.9998922875541091,0.9998918208786693,0.9999583246377033,0.9999946390478193,0.9909803829955199,0.9762498959183495,0.9919833819396168,0.9932246917610953,0.9854013755204367,0.9746652566018564,0.9444416909602379,0.9883500498962217,0.9941420661349064,0.9918002855028427,0.9689455212390818,0.9994338065488648,0.999503292338756,0.9996245572665969,0.9996978212766966,0.9988614383668337,0.9994301552299855,0.9979536918610172,0.9986014093205619,0.9995034126379626,0.999367094097263,0.9842997828769998,0.92855805828634,0.7173529750371878,0.9381749128131904,0.9170322927181878,0.7859584085666884,0.9564974559672011,0.9364347449040501,0.9581841300385695,0.9517127386883436,0.9447761625449793,0.9797483560247635,0.976922720390244,0.9368318723505179,0.9518981112504535,0.9624136763896542,0.9665159646856349,0.9646454217443814,0.9406339019191466,0.8841721581720496,0.9419724424331795,0.9487355082443087,0.9275188805301349,0.8664477544147058,0.9588441210899963,0.9254702214181816,0.9574420095719882,0.937587508678586,0.730896385771182,0.8237867148845076,0.755310144504302,0.841252058211785,0.8679383351864425,0.8748495516835472,0.8545027854926339,0.8640997536121475,0.2520059052541057,-0.61111841852989,0.9548877124290377,0.9311847894873653,0.9319753157557885,0.942420004636864,0.9505462843982575,0.962524265962096,0.9625657742104291,0.9189843510334382,0.9557567549881979,0.8146547758759027,0.6404961108917224,0.9227253251026417,0.9343459646435808,0.7456401706123839,0.9223465642200304,0.9428671546723523,0.8119805125079081,0.9707752114569731,0.8349283080119198,0.6068682387679216,0.6890712935741096,0.8452493947948284,0.8375722009210522,0.8333119164670344,0.9781018618416233,0.978333024938387,0.7145391588096643,0.6783979920902717,0.7844758270999941,0.3068470446056802,0.7615624186692176,0.7875956472058775,0.7832479906940459,0.782759207503126,0.7306269388964232,0.7244875025686244,0.7026177925732932,-0.2782828344258125,-0.4251208160254447,0.6295993324709017,0.8827590998627375,0.9265342646042501,0.9363947094933259,0.9103866232414386,0.8123995328054469,0.9061490864806615,0.9281302653970742,0.9278016914739029,0.7549085051286838,-0.1273124064572708],[0.9957990019987941,0.9894852418080194,0.9943646360979714,0.9963935648440474,0.9983970258729962,0.9877617494748646,0.9995439242153946,0.999984713631758,1.0,0.9668774123990403,0.9996685556301373,0.9999816425296119,0.9998419355903093,0.999990212715324,0.9998422505126181,0.9983661296119726,0.9993307810199348,0.9998321082844858,0.999831106506299,0.9999673727227252,0.999982671121753,0.9938610644640987,0.9776035591557461,0.9952603752688416,0.9953998509516966,0.985376447557041,0.9789664701633018,0.9455749184997307,0.9889297600972154,0.9932426362704412,0.9888435148259802,0.9645143495670458,0.9993623986579134,0.9994428551144375,0.9994477371057356,0.9998444466710203,0.9988711500974365,0.9994173081161004,0.9981868824632854,0.9986127100267408,0.9993577456199404,0.9993519350314124,0.9887751252669424,0.9285590507777322,0.7180383544042278,0.9379299312435093,0.9167783751921238,0.7861791051843876,0.9436536512480549,0.9258098123479861,0.9471420788657995,0.9491247197134294,0.94200376647063,0.9774434245825304,0.9769953763203082,0.9681957602407555,0.9522931873106081,0.9690823807450809,0.9666047270663183,0.9694990707402289,0.9691702662718957,0.9403078740533111,0.9412750643974241,0.9415067357767277,0.9411032606396357,0.8956865818021696,0.9591954023620769,0.9597144842659039,0.965845584946192,0.9646854126180491,0.9193858712175064,0.823110032369039,0.7726046607183131,0.8404224560822949,0.8893270337623597,0.8733331490670934,0.8807700093721732,0.879729505930573,0.6406268569901576,-0.6265699911699727,0.9548338303793263,0.931219923324262,0.9321094450309334,0.9695318348193354,0.9453209899496927,0.9620791509749846,0.9615753481552795,0.9198878360891329,0.9643041178920051,0.9241496340355088,0.6388695466216168,0.9222701840829155,0.9480614784582441,0.7217759915844068,0.9094733927333415,0.9337941483350725,0.8111005944930307,0.969554947345983,0.8874203554407332,0.5087604372127104,0.6577084448275644,0.8757990271612044,0.8337371811602305,0.8785645287153402,0.9780298327921911,0.9782892571782038,0.7124567253437107,0.6754629113054169,0.7516431304294868,0.30466739373302765,0.6925458276017198,0.757140749306051,0.7353119221708636,0.7157061580262735,0.7280998371640667,0.7213375203617263,0.6994296820854975,-0.5124821091036413,-0.5911840262686486,0.6294754133000774,0.8816078116773396,0.9253621029566869,0.938102721889944,0.9094188849374567,0.8075701604361427,0.8959045465360871,0.9184140827570317,0.9178517292644639,0.8065558605760074,0.10468862676452699],[0.9800397121399879,0.9696000014704941,0.9561135050163639,0.979687606940371,0.9735465281680491,0.9632671678411816,0.9732642495120128,0.9675513141824477,0.9668774123990403,1.0,0.9547966098902645,0.9679324469762646,0.9668912335629681,0.9676678017974916,0.9711059057591688,0.9675627298956619,0.9753174251877164,0.9718319399211062,0.9718463235265739,0.9677191992758511,0.9677890336809138,0.9666983057174037,0.9543589783931989,0.9742217111239356,0.9721669181193582,0.9057385084725187,0.9701498014582302,0.9538012312783976,0.9772666230793058,0.971583940540836,0.9716221070197456,0.9391139962463692,0.9755628309921035,0.9751488847025691,0.975576128512063,0.9681623596822619,0.9620364121130506,0.9745893121946952,0.9792211316301795,0.9779096042833395,0.9757368784777578,0.9757539746349122,0.956434317467047,0.8492489796400671,0.5384254439544853,0.8120945883522394,0.8976889507435252,0.8757893264566773,0.9040549563032746,0.8378832072267033,0.9084368578958624,0.9191165741610681,0.9056091757021869,0.9365821597047276,0.9364465821915339,0.94578186200996,0.9381155930358009,0.9554664441871258,0.9495268397404661,0.9539492324803779,0.9539698284861043,0.912987540062922,0.9542959335890272,0.940856047946436,0.9405455611023181,0.8664529602482468,0.9380581636107754,0.9454475335079845,0.9392858146118361,0.9382281896619575,0.8895645720389787,0.8312441521964905,0.7896915080077717,0.8723659788083877,0.9206776190882621,0.8943031057807382,0.9075660888338756,0.9068906241464518,0.730241003162833,-0.3206248436505131,0.9544954216618067,0.9559385933136402,0.9478135902834531,0.9474613990757148,0.9330889650440993,0.955709142365172,0.9556582510339175,0.9042133200970937,0.9575798381682056,0.9087385218607984,0.7338620369503049,0.72213742459629,0.8732961131361805,0.6481057725138263,0.8624939977376106,0.8967057863911952,0.8798340948727678,0.9526397698914771,0.9075728235660363,0.3936020291642172,0.6600667702710056,0.900012777595291,0.8786360793076987,0.9068728494412349,0.9528618387485224,0.9531826703261091,0.5473399393910432,0.7129789432116336,0.6230204558545522,0.4942611539991971,0.5827307132214814,0.6370796980630387,0.5983603134182757,0.5722182164016283,0.8155422446864522,0.6929608316063938,0.6578720746953546,-0.291292637638418,-0.34262405701265786,0.7527353326449302,0.9177396518358395,0.9246532564229354,0.9137006138505112,0.9424920923616497,0.670701544181971,0.847347771673693,0.9112724890502133,0.9104425610538239,0.6937279464993931,-0.16428468338067623],[0.9926937549142251,0.9917354351462877,0.9970647278853375,0.9940269843135036,0.9977598042895107,0.979698654973863,0.9994557160613854,0.99966951812653,0.9996685556301373,0.9547966098902645,1.0,0.9996952748636321,0.999674952278434,0.9996828045911823,0.9995962407870433,0.9994609036133588,0.9991711572780622,0.999958314288618,0.9999578716441055,0.9996817567784917,0.9996894793243959,0.9907542197255655,0.9604827271827704,0.9917594727696531,0.9928325238803655,0.9894233929447763,0.9723169434398957,0.9020368028372817,0.9888621170165165,0.9926211224804644,0.9739166945645032,0.9027507009231434,0.9991964865582154,0.9992606575888802,0.999200449401336,0.9994729566933063,0.9994351759534965,0.9992235402924419,0.9971933210993175,0.9979401434413261,0.9991709506439846,0.9991665636345743,0.9899325409539019,0.9226236723160316,0.5596837605841165,0.9337009357702037,0.9159513780418622,0.7900996119036447,0.8576243505865997,0.8958871132325983,0.8628596646099028,0.8774318364506315,0.8548334950451288,0.9515297079616165,0.9514660911634366,0.9535749380787635,0.9556874987109518,0.9459294660617095,0.9477946664586617,0.9500718644920015,0.9498829793723268,0.9026351689294055,0.9140454865758525,0.8753909355394156,0.8752194797954019,0.7640008639499679,0.9500288986323123,0.953226239813458,0.9533808048583204,0.9527013178386153,0.9041299931045712,0.6209047106938026,0.5598205587440404,0.7114936107303992,0.8093926927591593,0.7399517270836311,0.7762553039194285,0.7750824487038194,0.5540009682345598,-0.3963447884223401,0.9257480463973681,0.9350555843030782,0.9254419376870687,0.9549249151644778,0.9223486375539195,0.9313152293886918,0.9301547004547328,0.8657615872339005,0.9353605998754813,0.8726666819525876,0.5397242626752591,0.9190164317160101,0.9131619078383583,0.3387302509541604,0.7085179961078666,0.787540661250474,0.6611324107080856,0.9725222863487447,0.671537267423906,-0.19349201990723083,0.19599759115170898,0.6446392107391972,0.6485046748963883,0.6903775970457894,0.9737681370532751,0.9738232524469195,-0.006316124151235607,0.22476891902387336,0.07669460716658762,0.04229097280441059,0.06944355990324502,0.08860752014458544,0.05531717216979899,0.0049358912807618465,0.4300010842667373,0.15952309519628155,0.10676131245346678,-0.51884210036764,-0.5546500046725313,0.6295209845411265,0.741365147152439,0.7662703741804016,0.8275503339844303,0.8255152957250983,0.5255396268598185,0.7264991929065837,0.7614828710593088,0.7602203736780442,0.4065011307342161,0.24394834601926593],[0.9956266722071497,0.9896768035205704,0.9910294164279162,0.996121459716625,0.9983816985339179,0.9881004638130725,0.9981916861680262,0.9999969265373838,0.9999816425296119,0.9679324469762646,0.9996952748636321,1.0,0.9996544396794556,0.999997662628484,0.9997756128538583,0.9960980605567198,0.9993894370478832,0.9999031228910936,0.9999028598972591,0.9999659839800882,0.9999950679354235,0.990888084619644,0.9761221984190426,0.9926401821469446,0.9931861042195239,0.9855831250070355,0.9744984929990274,0.9444570862668245,0.9892403465229256,0.9942019575545934,0.9918756614344513,0.9690921403090625,0.9994763093362227,0.9995466880694823,0.9996575502959995,0.9996994009532021,0.9989458497946269,0.9994745566137112,0.9980371182047151,0.9986800352958919,0.9995470392768612,0.9994105515449431,0.9841044137968442,0.928854796991467,0.7180759743027925,0.9381161597827777,0.9172840840355012,0.7870953293548244,0.9568315695784979,0.9368494999474254,0.9585258205574355,0.952089185648536,0.9451812741034968,0.97999105118748,0.9771111905116963,0.9371589768349935,0.9520910001149276,0.9627280398356749,0.9666711017049563,0.9649533924113184,0.940904711349833,0.8843754167947065,0.9422699536207956,0.9491715294514212,0.9279666487490892,0.8669044340397258,0.9589443935382188,0.9257087699935637,0.9576838997444622,0.9378930212605061,0.7310278208017512,0.8242941952193878,0.7558802655934322,0.8417455522178655,0.8683101563879886,0.8751377861492035,0.8549383266290669,0.8645538291024963,0.2523658914833168,-0.6110125376437134,0.9551223113365099,0.931593268447638,0.9323135121038689,0.9426746767763917,0.9507973521769346,0.962764307682084,0.9628068389253757,0.9192150732988286,0.9560960782417562,0.8149227783932442,0.6406917896346311,0.9218553018079017,0.9338059823268807,0.7458899672172372,0.9223943052415479,0.9429145764349984,0.8122689562579968,0.9706057473757569,0.8353763592026486,0.6078937334815784,0.6897659601329331,0.845718216621346,0.8381054487471288,0.8337426038843511,0.9780179371418499,0.978249192065871,0.7152033227761029,0.6790169112883485,0.7850512389062821,0.3077049153954116,0.7622517784646222,0.788274529168674,0.7838288477798292,0.7834668027704247,0.7310323172984791,0.7249478060207604,0.703105738150225,-0.27725586916373746,-0.424192133124945,0.6301857126273895,0.8832762492785883,0.9269526683549366,0.9369022359056545,0.9108400357475208,0.8129549522806887,0.9067016871883505,0.9286698576089931,0.9283277329629609,0.7555805213879311,-0.1283739816328043],[0.9948697767880756,0.9895131456793423,0.9929580336704719,0.9955721563694816,0.9981906502179533,0.9893311615304222,0.9990860809671446,0.9996700868465763,0.9998419355903093,0.9668912335629681,0.999674952278434,0.9996544396794556,1.0,0.999691134928621,0.9996404873358887,0.9987943533085738,0.998952819624776,0.9994873923807986,0.9994802044601213,0.9996727363104481,0.9996464886974059,0.9928803902899683,0.9777753759427544,0.9959242354713574,0.9958141599076796,0.9854359655722349,0.9773103735948834,0.9469446157049609,0.988343900073051,0.9921886061114428,0.9909154290708626,0.9667061265377372,0.9987743142370283,0.9990866950692593,0.9992743350758091,0.9999191137195371,0.9988953416640775,0.9990700554890543,0.9971721613901016,0.9980041543857334,0.9987680308572935,0.9986950668242744,0.9881241518957736,0.9288054691043773,0.7137717246487466,0.9382119899434503,0.91718172232273,0.7864109521994845,0.9522431998820541,0.9300026502286636,0.953329036368114,0.9485819072208675,0.9410588862935492,0.9764340144366372,0.9749849538366959,0.960125531646849,0.9517915533942118,0.9630375706637877,0.9660358852546785,0.9648117168558271,0.9641191185373115,0.8884821239575648,0.939468986288003,0.9476117028040802,0.947311023414736,0.8652762007514457,0.9593045326389503,0.9372211538875607,0.9595686475561973,0.9582474345084546,0.7356801617422514,0.8213794616455085,0.7828684912349901,0.8394866699905026,0.8697792253987908,0.8743350394232986,0.8632526504892959,0.8636403113167391,0.23751478867686712,-0.6054818076164773,0.9543235723098028,0.9313013648014518,0.9313074584794114,0.962864912019715,0.9502933812440187,0.9616366537037376,0.9616319690245824,0.9191567231823594,0.956453742001055,0.8215743336340493,0.641116050026423,0.9223566214363229,0.9346213300755557,0.7433414172116164,0.9205978230941945,0.941394178744973,0.8131743567957175,0.9732031264502257,0.8296965675639902,0.5994361354308597,0.6851807407710213,0.8368998303037457,0.8327662513770018,0.8257281438130658,0.9798657303086451,0.9800560112141933,0.7060707993222028,0.6736782756894617,0.7646450803640797,0.30741681417537275,0.7522933283859708,0.7769715718143237,0.7534762437264683,0.7724246683013155,0.7287971274273712,0.7149115454053937,0.6933306863119972,-0.2838646123767051,-0.429213606692398,0.6297750136348367,0.8810223522359285,0.9282208020972985,0.9322527569562601,0.909975341377354,0.8051150503045025,0.9003512389729494,0.9214857845835565,0.9218300729058582,0.7491432536879506,-0.12668352324468346],[0.9955402438958112,0.9895597400000486,0.9911964729039295,0.9960515874042827,0.9983727569810559,0.988230105638895,0.999054737454186,0.999997932164861,0.999990212715324,0.9676678017974916,0.9996828045911823,0.999997662628484,0.999691134928621,1.0,0.9997820370630072,0.9980858929152802,0.9993598674854476,0.9998957423141748,0.9998949553095583,0.9999600926186442,0.999992584286794,0.9910203927535113,0.9763049457141454,0.9944504608287773,0.9942854963375253,0.985508696977438,0.9747109591107981,0.9446200280935764,0.9917000717145806,0.9945040659252419,0.9917440997234331,0.9688456086221929,0.9994487815813593,0.9995072117687476,0.9996339920730828,0.9997158081888858,0.9989006621062,0.9994400593572921,0.9979961288784467,0.9986222576343894,0.9995162182171299,0.9993829005144055,0.984285183078578,0.9286607690036414,0.7174197521616514,0.9381916589380451,0.9172134586517178,0.7864924545893497,0.9565995589220777,0.936600179777634,0.9583216711149461,0.9516730824581285,0.9447101178728788,0.9797916841128413,0.9768807309400985,0.9371740066717092,0.9520129619686192,0.9626041147588446,0.9665876668536295,0.964819782564318,0.9403688123765084,0.884405530830821,0.941832240740286,0.9488082337801961,0.927765575178108,0.8665825727096841,0.9590046849031653,0.9258708170088265,0.9576759985759955,0.9379465614919363,0.7312809106404182,0.8237376816342875,0.7556061904728644,0.8412482795331259,0.8681238817659301,0.8748252972216618,0.8546729587021944,0.8642867913728018,0.2523709944097886,-0.6108240870942359,0.9549581899816451,0.9313858320794561,0.9321438894280597,0.9406458147776906,0.9507363796262965,0.9626007874247419,0.9626391266890296,0.9191641592262555,0.9559473303945949,0.8149461628446591,0.6405404303332749,0.9223114738737292,0.9342066565620781,0.7455818841271459,0.9222252326206685,0.9427722115161736,0.8119841982628977,0.9707939384672675,0.8349860389397139,0.6067338747455249,0.6889648870346503,0.8452912042542272,0.8377291590435842,0.8333627045807463,0.9781529500883525,0.9783805037685147,0.7140903563572106,0.6780025891706007,0.7844772291620431,0.30715278032384596,0.7615545372713949,0.7875310583792295,0.7834378449258971,0.7826710104798912,0.7305316063949427,0.723677857659153,0.7018433193938611,-0.27807627442061605,-0.4249104056597639,0.6299322640725401,0.8826858600021069,0.9266879645802689,0.9364668562503939,0.9104490968792683,0.812211103180252,0.90638999991439,0.9281981198777349,0.9279862973177802,0.7550354927119591,-0.12762134423957952],[0.9964867208898784,0.9915216977659853,0.9914536014907729,0.996933107360476,0.9987097311283855,0.9881410876368728,0.9994847722390623,0.9997493477285933,0.9998422505126181,0.9711059057591688,0.9995962407870433,0.9997756128538583,0.9996404873358887,0.9997820370630072,1.0,0.9985062794621806,0.9996291979089625,0.9997065810307804,0.9997091435274047,0.9998822013588765,0.9997926793271736,0.9912662194614711,0.9757600387870989,0.9932134587084162,0.9931014122938627,0.9870776541865383,0.9742033718620345,0.9450826153738007,0.9922126274836723,0.993633635941473,0.9928053807332053,0.970558013885427,0.9994031443251084,0.9997451084883192,0.9998020155803079,0.9997782619257106,0.9994088070540006,0.9996928409770445,0.998132222140548,0.9991276290304507,0.9995163385450597,0.9993267913346037,0.9838198183529935,0.9321088999816458,0.723285532083715,0.9372752900777311,0.919907925552511,0.798131665212528,0.9576941972800596,0.9375932022771246,0.9594783927974293,0.954727005372584,0.94798043450342,0.9803167158120722,0.9784439089759635,0.9400464397603542,0.9541658637453314,0.9660019783898011,0.9683891877144005,0.9679250550584121,0.942734223683531,0.8893775067243233,0.9449594847222319,0.9520854402958026,0.9308108183350459,0.874044105748415,0.9606282449724577,0.9296824606617097,0.9604726917429345,0.9406675984768579,0.7397223089058335,0.8287455352342812,0.7571463539183132,0.8459732110602696,0.8721398949201931,0.8777061455953578,0.8560378218140438,0.8675068089303217,0.2629719764876859,-0.6082802443209766,0.9574469120665661,0.9356148569088588,0.9357665802484034,0.9446827956579681,0.9530451156714592,0.9648028147655128,0.96490254930589,0.9216956253437316,0.9595665524331243,0.8221418219711173,0.6397427500622371,0.913195960019823,0.9284617605942195,0.7458337453880762,0.9218789506830154,0.9423305760947197,0.8136736057475827,0.969159083664563,0.8314742950041775,0.6139220357438928,0.6933331156429774,0.8429159266041621,0.837812122347985,0.8297509186688404,0.9769179385340256,0.9771886338783199,0.7180483486563253,0.6817664764397329,0.7812495403190737,0.3122905844079852,0.761930961835026,0.7875238254356468,0.7813010033828165,0.7833683862186477,0.7339817156250282,0.7265835466135141,0.7050022435567999,-0.27220573287323807,-0.4190913238975896,0.6308828174438003,0.8872273243037062,0.9282453205386734,0.9392714941023672,0.9143249129771669,0.8164268779662711,0.9088832567523473,0.9301257125782983,0.9303219153001367,0.7650129961054459,-0.1353072322404363],[0.9959300281140693,0.9940421410223085,0.9936614463999847,0.9965504903915631,0.9980089966481214,0.9916339322194633,0.998206362516166,0.9951755609497641,0.9983661296119726,0.9675627298956619,0.9994609036133588,0.9960980605567198,0.9987943533085738,0.9980858929152802,0.9985062794621806,1.0,0.9983652278143544,0.9981575196493808,0.9981513316149341,0.9981057813811557,0.9980317598524835,0.9932807016031231,0.9794458637946497,0.9834865359530344,0.9915352224123528,0.9905302760613338,0.9776408562583323,0.9529089355519401,0.9912378477493289,0.9898670304394638,0.9891385836851811,0.9661985546170484,0.997737595979786,0.9978670461101098,0.9982799289802422,0.9986806229392854,0.9994143012567689,0.9980211130606772,0.9971150786707279,0.9975771485759902,0.9977886440054828,0.9976952942640233,0.9853414996988505,0.9220300440790389,0.7188975057364916,0.9320635285804615,0.9191467990406874,0.8024678865719436,0.9552690642329439,0.9376655567390403,0.957975492951287,0.9482202458074636,0.9394156146950863,0.9775405129460831,0.973967136412914,0.9481624158038264,0.9609607296271545,0.9699788996316667,0.9700697993499428,0.9710340228058649,0.9489601361673851,0.8992968777493956,0.9422195741159635,0.9514351253442774,0.9349198826156886,0.8791226926920844,0.9653952344152464,0.941026717837094,0.9661599972827609,0.9492542631598961,0.7573704184481861,0.8278326945350175,0.7663921673755282,0.846674150031035,0.880726598746073,0.8796251393693142,0.8620939783166092,0.8742343866018628,0.2860115380278733,-0.5857033509127463,0.9592395889336415,0.9423617700351298,0.9411554135045707,0.9525114425919945,0.957221212182584,0.9656472121410744,0.9656159856789371,0.9286846715256294,0.9640609349318207,0.8360373751159089,0.6441847733679202,0.9101126637360275,0.9279133496786727,0.7438765533026036,0.9182341477060324,0.9386630784739755,0.8119508159025848,0.9700426968648518,0.8263369470614762,0.5952231677812587,0.6814628638546427,0.8350799501001441,0.8343888773038762,0.8230025425508333,0.9763076601286601,0.9764311870819559,0.6972413683005196,0.6675873739800341,0.773023815441298,0.31281834984575696,0.7511424053525332,0.7744276564759437,0.7789740571632892,0.769791858112337,0.7266820425918193,0.7011419731631072,0.6805655583349653,-0.2665495937086166,-0.41199562596879713,0.6358811376789861,0.8767608352430943,0.9262496534199195,0.9336464340932551,0.9049366048907145,0.801125983644042,0.9087851172265455,0.9240375273223712,0.9283602384798587,0.7631052506774494,-0.14436128194585432],[0.9981594633617497,0.9952935103137738,0.9905277123956988,0.9984947254470901,0.9992190203504224,0.9893031411645992,0.9999024833148322,0.9993407070836334,0.9993307810199348,0.9753174251877164,0.9991711572780622,0.9993894370478832,0.998952819624776,0.9993598674854476,0.9996291979089625,0.9983652278143544,1.0,0.9996702605395112,0.999673925460404,0.9994556340879728,0.9993745644772913,0.9931872626600903,0.978356031745041,0.9944659389780937,0.9940738675618089,0.9901994323505624,0.9765914814865322,0.9483531190043725,0.9915676140306138,0.9944577160537692,0.9920205292536234,0.9724014753584086,0.9998704027679969,0.9998609399964072,0.9998395720838367,0.999201