var element=document.getElementById("correlationClose");if(element.style.display!='none'){var correlationClose={"data":[{"type":"heatmap","z":[[1.0,0.9999891920198043,0.6735053808548157,0.9997369594911533,0.9980633459985312,1.0,0.9925715652023718,0.9891335701201366,0.9891335701201366,0.9931541534385337,0.9771511720992322,0.9869927928530006,0.992607069745524,0.9929935453737355,0.992655864562251,0.7791601026057723,0.7084039883771313,0.2870231317968569,0.9934421682984732,0.9934351625805523,0.985581635063776,0.99259789093226,0.40323645171299216,0.7468772060704313,0.9823120844314733,0.9823120844314733,0.9822929007877587,0.975215464748961,0.31896624119418915,-0.128128509221588,0.9896216848388376,0.9895830421836597,0.2704373589496831,-0.20188228110128087,0.9947612899176311,0.9952688063069652,0.8513617560407868,-0.3569598995478065,0.9905714118123606,0.9952526469176661,0.7631170302655341,0.2676944368824017,0.9948936069981459,0.9948882842493713,0.9948936069981459,0.8962197827378818,0.6539457029685706,0.9152252302722523,0.9201499620124048,0.8333151414938116,0.3777707948220277,-0.17612180721891704,0.21214886118483745,0.9489758068848891,0.3829253891437313,0.975189032607093,0.9711619615731227,0.98071574964015,0.9897049697813215,0.9325072984611187,0.9403359409365214,0.9462543467648962,0.9322225061719779,0.943503457083362,0.9441387434736968,0.943503457083362,0.8875608238867427,0.9237523119981592,0.9246425252722801,0.9237523119981592,0.9252674145075741,0.794190570792169,0.8983211762010277,0.8995667005566103,0.8983211762010277,0.7082207914093452,0.3906155501755866,0.6948360866798515,-0.5451921803545889,0.6004806030326771,0.6202838101939694,0.6206619816563821,0.6202838101939694,-0.0923762463412501,0.9134071589110413,0.9441866500644266,0.928895634827376,0.9338966107820801,0.27828910759168374,0.9084079398452927,0.9090858503732205,0.9084079398452927,0.912796637727829,0.912796637727829,-0.09495412437804816,0.5917989993318602,0.1593455700170016,-0.6811188139419445,-0.5880295704076124,-0.5918088836208388,-0.12862943681727093,0.1257088488913582,0.20769725105458742,0.0122819172863342,-0.5491184385367621,-0.015915339939967396,-0.7966789313495468,-0.2843327129155797,0.16128380652017643,0.16280952405604263,-0.5703092420790273,-0.5776871585595046,-0.27410624740867,-0.5124011264551279,-0.815753069765292,-0.4032453275164977,-0.39555860954275596,-0.4032453275164977,-0.21988136449286744,-0.3371177002923044,-0.3371177002923044,-0.8036934795032324,-0.8036934795032324,0.4027658863978359,0.6304049302020174,0.853326089234944,0.8399651014640063,0.7565819527056937,-0.3284727268038469,0.7474529336123614,0.7790135912121745,0.7791618773724388,0.7790135912121745,-0.1915352166617083],[0.9999891920198043,1.0,0.980682444828893,0.9994820142207897,0.9958593176691096,0.9999891920198042,0.9847072893683723,0.9791383355890318,0.9791383355890318,0.9845825410784089,0.9720520262772526,0.9857958805586171,0.9847448272610606,0.9846932440887837,0.9845931952354045,0.1761245319622222,0.0846156120781404,-0.43050179495533497,0.9881951377773367,0.9881884046140579,0.9847912323319652,0.9847915701213896,-0.1525476344326673,0.9797568724649685,0.9797807946940753,0.9797807946940753,0.9798154561500462,0.9754211468095592,0.10314562631459676,0.12588826732548972,0.9824488399032845,0.9824877486602763,0.813832115770862,0.10914576451902037,0.9906733776980297,0.9907099842457372,0.9912415798271536,0.9858164986638541,0.9896572135190713,0.9907349045572141,0.12891224014841782,-0.4353273211117702,0.9913030932851294,0.9912979594051226,0.9913030932851294,0.89595698168831,0.5017579836000962,0.9152543329242132,0.9200371421134336,0.8328019998628876,-0.2933306363085501,-0.4890381395069885,0.8417544563389718,0.8839869803757823,-0.2512329377368811,0.9391125082870502,0.9392501248767899,0.9593382134468224,0.9779269953741215,0.9517350180634845,0.9577401435141248,0.94317225437454,0.9438997837784363,0.9467722675004911,0.9471631480368545,0.9467722675004911,0.8598862744977921,0.8339481051853951,0.8355150869821791,0.8339481051853951,0.9539046695416529,0.9569902947879767,0.9538189366151721,0.9545714636386846,0.9538189366151721,0.6329196391635129,0.5835529321792391,0.6720852556472884,0.7463150224683142,0.6577863006912219,0.6809929017547578,0.6816633150829414,0.6809929017547578,-0.1451262743440959,0.9179079542089759,0.9397202519663552,0.9321941602230105,0.9566870862470562,-0.2891783956963597,0.9143370524148805,0.9145087137931478,0.9143370524148805,0.9210033240536927,0.9210033240536927,-0.18112489041053093,0.5928491694081534,-0.3636776570848184,-0.775893661596595,-0.4579343077501094,-0.4617434058773642,-0.3764929753182427,0.2691395545888129,-0.2594086767885849,-0.4885180039333868,-0.7268984855154197,-0.350693780947394,-0.4761566686687454,-0.41249062995950947,0.13174412702081645,0.12897611107262177,-0.48603381661163514,-0.45135041648842994,-0.4800382191238323,-0.5114970594525835,-0.5036116992265927,-0.4824734273109337,-0.48579550717231934,-0.4824734273109337,-0.36203569193013707,-0.5314351250897917,-0.5314351250897917,-0.5000893166989545,-0.5000893166989545,0.40119715918435517,0.3674772509778499,0.495505026765301,0.5992589367970921,0.5246555969326898,-0.4376943383049523,0.37041651113187574,0.314375711956476,0.31452158241103034,0.314375711956476,0.16507078940214745],[0.6735053808548157,0.980682444828893,1.0,0.6703660409948364,0.6046906835134555,0.6735053808548157,0.654275243793547,0.6464627020593887,0.6464627020593887,0.5991067614416756,0.5627249539390581,0.9951851278542353,0.654295760396538,0.6484616974254911,0.6544638330018158,0.4195401799830949,0.3927003972469248,-0.2051383624651573,0.6167728911986935,0.6161258849853243,0.5833390117655308,0.6534210264245739,0.1848260254832205,0.7924921316282625,0.6334713172637906,0.6334713172637906,0.6332414122463998,0.9880924703318715,0.2988959924437548,0.12015672783688275,0.6124380596536172,0.6120532476831958,0.6670564744645419,-0.023232306399464577,0.6501473440176031,0.5929944135777762,0.6170029585016039,0.29992086821917435,0.9934010316686656,0.5886054540835148,0.4064530927613161,-0.21419210839843802,0.6670776156078374,0.6482058528242428,0.6670776156078374,0.8931308128302854,0.4066791847555005,0.9311531887776655,0.9096567732900696,0.7330767204113879,0.2204985149160408,-0.06634775392239567,0.05171044299622752,0.5378803211948734,-0.08479804950381602,0.5956836983972872,0.5642584517818707,0.5852527645807682,0.5493299074939796,0.004874115165497619,0.7989419016320527,0.7330125855628089,0.647449117508274,0.7387522529839784,0.7640033586234718,0.7387522529839784,0.5383257895075194,0.64798813565713,0.7017722587774813,0.64798813565713,0.7030643295189115,0.6795979510845958,0.730162326724279,0.7742434445229476,0.730162326724279,0.42139919572239,-0.08585756366148353,0.4376644773403264,0.09827365306933215,0.4194366509082593,0.2646260500068812,0.4963326265530909,0.2646260500068812,-0.14782277900603194,0.6208695163242923,0.8838124340639829,0.6901152860435944,0.7753133261046748,-0.061855355325956846,0.6593408568988501,0.6590477098827556,0.6593408568988501,0.7224733569951646,0.7224733569951646,-0.19837814439457593,0.703548420220753,-0.18358926640914813,-0.6959085525635075,-0.43801416899126566,-0.4418269819935874,-0.4243141301043606,0.09821045053232463,0.0203173875027434,-0.33458456682601145,-0.6758376292203976,-0.17083241044333028,-0.31920799976819775,-0.2718582339503261,0.041556374313271874,0.039997045233795776,-0.488502967636688,-0.06459519435101697,-0.2594828713010129,-0.5103076172614714,-0.2046178021797391,-0.4049899837733408,-0.28677986457278465,-0.4049899837733408,-0.4183927553373224,-0.5401339285070289,-0.5401339285070289,-0.3059081903085273,-0.3059081903085273,0.3477164262887008,0.19623844939670826,0.28578056478586344,0.5211575547261904,0.2863667307815713,-0.38237534430139597,-0.012368217870583039,0.45756618309485586,0.5584917266698555,0.45756618309485586,-0.013796855065661279],[0.9997369594911533,0.9994820142207897,0.6703660409948364,1.0,0.9989387538855355,0.9997369594911532,0.9937882615449019,0.9907900399060514,0.9907900399060514,0.9945864273633235,0.9753475257711003,0.9902122594337522,0.9938138741561591,0.9944824172054036,0.9938397913477193,0.778395927795467,0.7072518929158774,0.2724937895327677,0.9944786973246004,0.9944740711940143,0.9856783936039237,0.9937974366347061,0.39474882559438945,0.7511087999812803,0.9847755532173621,0.9847755532173621,0.9847557822307383,0.9812435532470017,0.31482704356171626,-0.1341598440370676,0.9889469383713586,0.9889162742388629,0.262654708234261,-0.20211278125779794,0.9952677342875466,0.9959764438877968,0.8187550691367038,-0.36131138871648577,0.9928890514792146,0.9961766268372483,0.7616715784320297,0.2528803633832693,0.9933265750975544,0.9953078174026395,0.9933265750975544,0.8939826903768394,0.6419736174502307,0.9187447884967933,0.9172589675824813,0.8168933215548517,0.37296910266645217,-0.18093478606217803,0.20692491147848602,0.9437392763771372,0.3674014763089874,0.9708256939566661,0.9683468115536894,0.9786101538126409,0.9895845747218697,0.914001275381073,0.9348781362883251,0.9350137260882477,0.9289290706810676,0.9287943029694585,0.9296411177248016,0.9287943029694585,0.8807355318967571,0.9131326527801733,0.9141008753369315,0.9131326527801733,0.9224417647992268,0.7414596890783444,0.86421557956378,0.8654759206231073,0.86421557956378,0.7012629633828653,0.15491760083324146,0.6863627531887823,-0.5497476942952101,0.596353175628403,0.3568499794842386,0.5925984449995013,0.3568499794842386,-0.09834197391320232,0.9090602046935891,0.938144728249957,0.9225197137044058,0.9135256029235034,0.2644168728467171,0.9047374828155322,0.905540602063754,0.9047374828155322,0.8960269501329013,0.8960269501329013,-0.0994025230985092,0.6106409051118015,0.1641667060897083,-0.6903313894373844,-0.59443711383675,-0.5981348522051043,-0.14006805268222308,0.12145339520517295,0.20121791623042276,-0.0002927668767788483,-0.5603205639893042,-0.021755029662332726,-0.8019057074152515,-0.2915885939090161,0.1519065158405673,0.15348832065914594,-0.5764813441243386,-0.5742690947381622,-0.27481315117590094,-0.5220603989681415,-0.8169461252084979,-0.4041823913231708,-0.39705062267515046,-0.4041823913231708,-0.2277192572713459,-0.34597314900025805,-0.34597314900025805,-0.8030216209271798,-0.8030216209271798,0.3937516236700786,0.6194517762348565,0.8455180153556558,0.8323993850960492,0.7495602269744783,-0.3406288870399028,0.7385823675067105,0.7702545921845939,0.7703997802358361,0.7702545921845939,-0.17686479778448894],[0.9980633459985312,0.9958593176691096,0.6046906835134555,0.9989387538855355,1.0,0.9980633459985312,0.9972366935963073,0.995829680539913,0.995829680539913,0.9974415130389535,0.9684296198879374,0.9964110688388594,0.9972542668481422,0.9973288835157825,0.997278905343797,0.6877230409818309,0.5918100826636025,0.06651683748457432,0.9976800739820201,0.9976804534236562,0.987800370409129,0.9972419136782736,0.04000507130535137,0.73396268255162,0.9925432422850118,0.9925432422850118,0.9925044766626325,0.9902470373116165,0.09088790375666678,-0.11721979140063887,0.9874975043982742,0.9874281494134839,-0.029849291873444612,-0.10378405346336785,0.9977704589191745,0.9976982091967366,0.8112403364811012,-0.4801760823320732,0.9976019530250987,0.9980279832782968,0.6593368253192261,0.04234475876851458,0.99771436176038,0.9977191707733601,0.99771436176038,0.9075131809147905,0.6073187279023489,0.9302266671542732,0.9183322571162505,0.7939753240838359,-0.07820144535363975,-0.5855605041485713,-0.17722329665713873,0.933652425639299,0.22187300541859786,0.967291258126725,0.9673168103348472,0.9813051174222525,0.9901645038423058,0.9129897335934196,0.9179081113223744,0.925560520239345,0.9171638461421462,0.9239044887961515,0.9242715138864506,0.9239044887961515,0.8579842110607593,0.8731430372626691,0.8742328896625008,0.8731430372626691,0.9119968652916013,0.8304229360077312,0.8935775110125472,0.8943224208908597,0.8935775110125472,0.6638357055235038,0.5546105828034573,0.6539833873834268,-0.562662879040979,0.6462512133699717,0.6270492027820656,0.6262767646437566,0.6270492027820656,-0.11127094337701576,0.8927861153979596,0.9162807346361115,0.9019721319243238,0.9206721358858416,0.1103361450625868,0.8919657238209232,0.8929105176801,0.8919657238209232,0.8975508031051304,0.8975508031051304,-0.1373930099061063,0.6566392124991025,0.019153455749122413,-0.7184405697755564,-0.6401559202054682,-0.6410576489609654,-0.17015220363800593,0.1447299829777484,-0.18627131215998277,-0.2450234265900612,-0.6277220212518028,-0.37729748176388,-0.8456196441844491,-0.5633961717347263,0.12255131521441714,0.12398458258200806,-0.6013532927592934,-0.5688569911571594,-0.5455965096439135,-0.5589908552594941,-0.7736593637518937,-0.5963013313089122,-0.5992943804679455,-0.5963013313089122,-0.2646005243915736,-0.37795389723039985,-0.37795389723039985,-0.7426411624372289,-0.7426411624372289,0.38219148152728405,0.6030052475307259,0.8013730732462323,0.7917450968419419,0.7410568119667691,-0.46482853987558115,0.6046045861080923,0.6643664571276305,0.6644672076577771,0.6643664571276305,0.049865712283613854],[1.0,0.9999891920198042,0.6735053808548157,0.9997369594911532,0.9980633459985312,1.0,0.9925715652023718,0.9891335701201366,0.9891335701201366,0.9931541534385337,0.9771511720992322,0.9869927928530006,0.992607069745524,0.9929935453737355,0.992655864562251,0.7791601026057723,0.7084039883771313,0.2870231317968569,0.9934421682984732,0.9934351625805523,0.985581635063776,0.99259789093226,0.40323645171299216,0.7468772060704313,0.9823120844314733,0.9823120844314733,0.9822929007877587,0.975215464748961,0.31896624119418915,-0.128128509221588,0.9896216848388376,0.9895830421836597,0.2704373589496831,-0.20188228110128087,0.9947612899176311,0.9952688063069652,0.8513617560407868,-0.3569598995478065,0.9905714118123606,0.9952526469176661,0.7631170302655341,0.2676944368824017,0.9948936069981459,0.9948882842493713,0.9948936069981459,0.8962197827378818,0.6539457029685706,0.9152252302722523,0.9201499620124048,0.8333151414938116,0.3777707948220277,-0.17612180721891704,0.21214886118483745,0.9489758068848891,0.3829253891437313,0.975189032607093,0.9711619615731227,0.98071574964015,0.9897049697813215,0.9325072984611187,0.9403359409365214,0.9462543467648962,0.9322225061719779,0.943503457083362,0.9441387434736968,0.943503457083362,0.8875608238867427,0.9237523119981592,0.9246425252722801,0.9237523119981592,0.9252674145075741,0.794190570792169,0.8983211762010277,0.8995667005566103,0.8983211762010277,0.7082207914093452,0.3906155501755866,0.6948360866798515,-0.5451921803545889,0.6004806030326771,0.6202838101939694,0.6206619816563821,0.6202838101939694,-0.0923762463412501,0.9134071589110413,0.9441866500644266,0.928895634827376,0.9338966107820801,0.27828910759168374,0.9084079398452927,0.9090858503732205,0.9084079398452927,0.912796637727829,0.912796637727829,-0.09495412437804816,0.5917989993318602,0.1593455700170016,-0.6811188139419445,-0.5880295704076124,-0.5918088836208388,-0.12862943681727093,0.1257088488913582,0.20769725105458742,0.0122819172863342,-0.5491184385367621,-0.015915339939967396,-0.7966789313495468,-0.2843327129155797,0.16128380652017643,0.16280952405604263,-0.5703092420790273,-0.5776871585595046,-0.27410624740867,-0.5124011264551279,-0.815753069765292,-0.4032453275164977,-0.39555860954275596,-0.4032453275164977,-0.21988136449286744,-0.3371177002923044,-0.3371177002923044,-0.8036934795032324,-0.8036934795032324,0.4027658863978359,0.6304049302020174,0.853326089234944,0.8399651014640063,0.7565819527056937,-0.3284727268038469,0.7474529336123614,0.7790135912121745,0.7791618773724388,0.7790135912121745,-0.1915352166617083],[0.9925715652023718,0.9847072893683723,0.654275243793547,0.9937882615449019,0.9972366935963073,0.9925715652023718,1.0,0.9975935996602577,0.9975935996602577,0.9999719359301522,0.9627914632723406,0.9996935421042519,0.9999967148988189,0.9999873961058561,0.9999936238632151,0.8532921453713873,0.8404520173351849,0.23923638887659524,0.9998665001206494,0.9998668222673887,0.9902326973055523,0.9999969059907167,0.31471288628243316,0.7472395171904731,0.9862553400826183,0.9862553400826183,0.9873623947828264,0.9917695975339051,0.24697173933193559,-0.18570173449509528,0.991697461337645,0.9916858107533412,0.17267263537810723,-0.24645772256900894,0.9993642594387281,0.9994803123381013,0.4497222817784307,-0.3042973660790703,0.9990973474753195,0.9994468093725238,0.8347092150140867,0.21831288079104874,0.9447642939692483,0.9991224011597125,0.9447642939692483,0.9164556817851904,0.6153241591258786,0.9411385206036171,0.9205628773184499,0.7604964255191701,0.4129918053990255,-0.11926125849175363,-0.18884588539290525,0.9321565220566308,0.3371112889679996,0.9686429387328359,0.964593986038818,0.9796460213417917,0.9956432732938217,-0.01780057025745089,0.880213417342004,0.8424121375676388,0.8853385714503758,0.8372477732829381,0.8019334750599167,0.8372477732829381,0.8224228909947111,0.8070398763472363,0.7963214101208751,0.8070398763472363,0.8790452784769456,0.4129590665141469,0.6114713538502969,0.6687866331687591,0.6114713538502969,0.6327777281021468,-0.3371915313603155,0.6071323636755898,-0.6150864005314273,0.5287887503584472,-0.07982309199293963,0.46203714721792,-0.07982309199293963,-0.13928002632892783,0.8577159982102309,0.8795391883162981,0.8654016018407218,0.7775907646066503,0.23004993698467652,0.856685878227129,0.8578727071826019,0.856685878227129,0.7798874312098322,0.7798874312098322,-0.1730836920258228,0.6979755223814391,0.23313745164352118,-0.695441291055177,-0.6336419398663078,-0.6369060039134075,-0.18058136815520356,0.07276934066697623,0.32006527732704015,-0.028076244277452433,-0.5714458060230538,0.04216728717684974,-0.8284716145230799,-0.18872852410099844,0.08875688365823098,0.09034654751273033,-0.6177909623877256,-0.586246408571114,-0.11011475158526114,-0.5930216389043917,-0.8320916714755496,-0.39564944595651913,-0.23032305317661625,-0.39564944595651913,-0.29507128993490955,-0.38569864651645724,-0.38569864651645724,-0.8240885416232834,-0.8240885416232834,0.3822066956933358,0.5881288481260412,0.5098329685061408,0.8032506086706378,0.73760407196979,-0.3883756708038661,0.07022707385717433,0.7465124345220042,0.7654878173729848,0.7465124345220042,-0.11258254071039976],[0.9891335701201366,0.9791383355890318,0.6464627020593887,0.9907900399060514,0.995829680539913,0.9891335701201366,0.9975935996602577,1.0,1.0,0.9995837653167572,0.956490250247715,0.9988061746394246,0.9983228700843945,0.9994308647672939,0.9991862186664842,0.8504957628074876,0.8288942348114312,0.21774967061131756,0.999222356158284,0.9992245214627604,0.9877178019598407,0.9993161100829839,0.2897368348437096,0.7488100258679788,0.9930572548214903,0.9930572548214903,0.9855809829660015,0.9892709363271303,0.22973196780641889,-0.19867411279177244,0.9880613872670951,0.9914889586628541,0.15438208935969247,-0.25222231506833986,0.9983693339913581,0.9983639083451348,0.433009177425889,-0.31050402495269575,0.9973390144805572,0.9983172628547974,0.8321123847190299,0.1964506579834543,0.9377764966242234,0.9981993673901995,0.9377764966242234,0.9142368242814073,0.6007193818024759,0.9415722902138939,0.9184878396449981,0.7408367020332878,0.4004355673172643,-0.1337204169041915,-0.2008065011095232,0.9241670816950056,0.3171272807717708,0.9641691646785752,0.9597111974163158,0.9748343675907472,0.9946425873554561,-0.026837230691458856,0.8709397077154775,0.8285315524976171,0.8783637637482821,0.824441931786217,0.7908203868335589,0.824441931786217,0.811952042993662,0.7905276445405325,0.7840333700382337,0.7905276445405325,0.8722778058510944,0.3955080885156562,0.5933803883548926,0.6539197376763616,0.5933803883548926,0.6219371875204089,-0.350910888335175,0.5946987031346352,-0.6217177345881616,0.5223830073336614,-0.1005104273677871,0.4474049212033888,-0.1005104273677871,-0.14538526250060876,0.8496163575464658,0.868128520750523,0.8551996679094107,0.7641514976699194,0.2125801342386462,0.8491590144664033,0.8505119650432311,0.8491590144664033,0.7647754412077874,0.7647754412077874,-0.18706317017935065,0.7196315698533113,0.2397169889719526,-0.7043917952957387,-0.6454752261094069,-0.6485648547395981,-0.19468476623028028,0.06573677445348114,0.3130552312555721,-0.046794397868518585,-0.5834396369197752,0.032960643781810565,-0.8337559533734454,-0.19517520622017154,0.0743142290577532,0.07593040024475103,-0.6285815794082492,-0.5870496017021606,-0.11685681077599384,-0.6084289279609909,-0.8313010747283974,-0.40661832635836914,-0.23641440321474172,-0.40661832635836914,-0.31137482565734104,-0.3985214802801838,-0.3985214802801838,-0.8217783707191217,-0.8217783707191217,0.36460194679465374,0.5721262736109988,0.4918812588980606,0.7860534099134487,0.7255805551503962,-0.40882770963766935,0.056822166579787586,0.7279527932572583,0.7501104919078341,0.7279527932572583,-0.09579171472283961],[0.9891335701201366,0.9791383355890318,0.6464627020593887,0.9907900399060514,0.995829680539913,0.9891335701201366,0.9975935996602577,1.0,1.0,0.9995837653167572,0.956490250247715,0.9988061746394246,0.9983228700843945,0.9994308647672939,0.9991862186664842,0.8504957628074876,0.8288942348114312,0.21774967061131756,0.999222356158284,0.9992245214627604,0.9877178019598407,0.9993161100829839,0.2897368348437096,0.7488100258679788,0.9930572548214903,0.9930572548214903,0.9855809829660015,0.9892709363271303,0.22973196780641889,-0.19867411279177244,0.9880613872670951,0.9914889586628541,0.15438208935969247,-0.25222231506833986,0.9983693339913581,0.9983639083451348,0.433009177425889,-0.31050402495269575,0.9973390144805572,0.9983172628547974,0.8321123847190299,0.1964506579834543,0.9377764966242234,0.9981993673901995,0.9377764966242234,0.9142368242814073,0.6007193818024759,0.9415722902138939,0.9184878396449981,0.7408367020332878,0.4004355673172643,-0.1337204169041915,-0.2008065011095232,0.9241670816950056,0.3171272807717708,0.9641691646785752,0.9597111974163158,0.9748343675907472,0.9946425873554561,-0.026837230691458856,0.8709397077154775,0.8285315524976171,0.8783637637482821,0.824441931786217,0.7908203868335589,0.824441931786217,0.811952042993662,0.7905276445405325,0.7840333700382337,0.7905276445405325,0.8722778058510944,0.3955080885156562,0.5933803883548926,0.6539197376763616,0.5933803883548926,0.6219371875204089,-0.350910888335175,0.5946987031346352,-0.6217177345881616,0.5223830073336614,-0.1005104273677871,0.4474049212033888,-0.1005104273677871,-0.14538526250060876,0.8496163575464658,0.868128520750523,0.8551996679094107,0.7641514976699194,0.2125801342386462,0.8491590144664033,0.8505119650432311,0.8491590144664033,0.7647754412077874,0.7647754412077874,-0.18706317017935065,0.7196315698533113,0.2397169889719526,-0.7043917952957387,-0.6454752261094069,-0.6485648547395981,-0.19468476623028028,0.06573677445348114,0.3130552312555721,-0.046794397868518585,-0.5834396369197752,0.032960643781810565,-0.8337559533734454,-0.19517520622017154,0.0743142290577532,0.07593040024475103,-0.6285815794082492,-0.5870496017021606,-0.11685681077599384,-0.6084289279609909,-0.8313010747283974,-0.40661832635836914,-0.23641440321474172,-0.40661832635836914,-0.31137482565734104,-0.3985214802801838,-0.3985214802801838,-0.8217783707191217,-0.8217783707191217,0.36460194679465374,0.5721262736109988,0.4918812588980606,0.7860534099134487,0.7255805551503962,-0.40882770963766935,0.056822166579787586,0.7279527932572583,0.7501104919078341,0.7279527932572583,-0.09579171472283961],[0.9931541534385337,0.9845825410784089,0.5991067614416756,0.9945864273633235,0.9974415130389535,0.9931541534385337,0.9999719359301522,0.9995837653167572,0.9995837653167572,1.0,0.9618108676773595,0.9996604832652194,0.999973034231477,0.999972178002305,0.9999763971680848,0.7278301722196331,0.6355956526064979,0.1209928535739561,0.9998239316216377,0.9998247262581096,0.9901353775304409,0.999970324153789,0.09293266418207823,0.7245178550416234,0.995411978961222,0.995411978961222,0.995369989587909,0.9916570193085782,0.07723438648213493,-0.12702602112185765,0.9909249476949574,0.9908840285975542,-0.010323643244986937,-0.20644718683916885,0.9994158237139832,0.9993749809467481,0.8158886278844631,-0.4783059844654276,0.9990369035183473,0.9994218855388145,0.7008655502626812,0.09713630257726767,0.9992841133737731,0.9992893317682813,0.9992841133737731,0.9161416219705008,0.6158082960006515,0.9408819731054572,0.9201211279507212,0.7600023622335121,0.021113460795283593,-0.5392493768623501,-0.1343096691713129,0.9283774750335128,0.2827220783511203,0.9651016546218119,0.9646142883094687,0.9817116673409152,0.9949242129963196,0.8882845111987996,0.8810506359405779,0.9019619611466682,0.8863666042219492,0.9002857823508467,0.9008415477806943,0.9002857823508467,0.8220994160866658,0.854976578750411,0.8563369187186797,0.854976578750411,0.8804402285376658,0.7951804469851192,0.8663055192941029,0.8674021624648971,0.8663055192941029,0.6326017760694821,0.48590831133698603,0.606599959151986,-0.6187062214916221,0.5815463115125423,0.5506254215787916,0.5503304458081723,0.5506254215787916,-0.09437788653026265,0.8585155592496303,0.8795223430858757,0.8658784390815351,0.8966346953694884,0.1457410763274679,0.8619357610537068,0.8636687314407628,0.8619357610537068,0.867658296503097,0.867658296503097,-0.17471286699339558,0.6991521668265445,0.046433462933378584,-0.7071907998351942,-0.6675738002524675,-0.6688526680083817,-0.18405009305459205,0.07604519245083668,-0.1911331436329989,-0.21149841771002997,-0.6105246814384605,-0.40432391631160763,-0.864806924455941,-0.5976759528135691,0.08800698310519015,0.08981093484229981,-0.6192850378775296,-0.5823518037330275,-0.5559279823413261,-0.5945939376314145,-0.7990149158029013,-0.6196982527442655,-0.6220374345603822,-0.6196982527442655,-0.29696317604060213,-0.38890847998816214,-0.38890847998816214,-0.779227349424809,-0.779227349424809,0.38132100312494005,0.586256538487202,0.8121855574052863,0.8032859714687525,0.7355512710190487,-0.41527362591222716,0.636999764237151,0.6894951098352904,0.6896675260932993,0.6894951098352904,0.12366151777275305],[0.9771511720992322,0.9720520262772526,0.5627249539390581,0.9753475257711003,0.9684296198879374,0.9771511720992322,0.9627914632723406,0.956490250247715,0.956490250247715,0.9618108676773595,1.0,0.9482140206267081,0.9628113859674244,0.9628360990205548,0.9625450509429312,0.5218107580605928,0.41953807345698746,-0.10446845857076373,0.9669659920981953,0.9669457563860355,0.9629196731109936,0.9629118575253974,0.01016921086038262,0.7631893516678254,0.9643093345424436,0.9643093345424436,0.9644754446801127,0.9001676857387865,0.17422117452252228,-0.11281777696789717,0.9693756831737762,0.9694752412193867,0.14070736472786355,0.042211302520452375,0.9703721750152602,0.9706048849756944,0.8893720866388778,-0.36628986718229695,0.9560534835902669,0.96960982894181,0.4890565503473389,-0.12503163181054466,0.9714192500749463,0.9713889736423132,0.9714192500749463,0.8251934088174022,0.4180690936433367,0.8412528496836099,0.9045328574998645,0.8629826522266802,-0.500720307174782,-0.6749903922519297,-0.2199659389208794,0.8948316990240824,-0.023014284705605043,0.922666512383497,0.9227271838751209,0.9403791341098057,0.9677198571172746,0.8902516704395833,0.8916686175414287,0.9059539161947295,0.893196352501991,0.8992568441989061,0.8997912020808537,0.8992568441989061,0.8499675818538975,0.8303867480098398,0.8318867195395973,0.8303867480098398,0.8884422050337313,0.9022599929362185,0.8864526102827082,0.886974679329037,0.8864526102827082,0.7128250355632986,0.6475516911706385,0.713730627622692,-0.29161226455930206,0.729746274136465,0.744794045075068,0.7469136944412297,0.744794045075068,-0.2519035298183683,0.8898979207603399,0.93937394079257,0.9035721685212812,0.9022162853121869,-0.008008445831329236,0.8839363128729356,0.8847998412188789,0.8839363128729356,0.8916107854196166,0.8916107854196166,0.04178899516940625,0.4117734878788768,-0.12372859031078996,-0.6453099944955841,-0.4339697737467043,-0.4363915554196794,-0.05045228301275577,0.42253811826826615,0.024079511240355435,-0.1733137485832503,-0.5318251327268526,-0.0937017008525203,-0.7937969292203206,-0.25749959867413647,0.2943157019853254,0.29432574837086395,-0.4054965162656904,-0.431838286709646,-0.3698539012655752,-0.38041047897677727,-0.6610613442828315,-0.38959544926979706,-0.39194006855555263,-0.38959544926979706,-0.11857213159459806,-0.4295473345806086,-0.4295473345806086,-0.5396089358700797,-0.5396089358700797,0.5242012819559462,0.6476222398848752,0.7504033551133577,0.6917049199026847,0.8116904903093876,-0.5037286780584385,0.40048161207612676,0.5341370830539123,0.5344478569083291,0.5341370830539123,-0.158026445342497],[0.9869927928530006,0.9857958805586171,0.9951851278542353,0.9902122594337522,0.9964110688388594,0.9869927928530006,0.9996935421042519,0.9988061746394246,0.9988061746394246,0.9996604832652194,0.9482140206267081,1.0,0.9996937243806538,0.9996900254649449,0.9996632833587866,0.2811034764178036,0.18051754138642762,-0.5099484802292782,0.9998075302597137,0.9998095106312543,0.9996980424680783,0.9996972586612253,-0.250287587342026,0.9728352705031614,0.9948448024918494,0.9948448024918494,0.9948259668770032,0.9936146779071221,0.091315387213112,0.08128927237471223,0.9919152496097343,0.99196281788247,0.8499189707343321,0.015911430237043264,0.9990765895744824,0.9990342123593484,0.9989141682868937,0.9994065817862468,0.999446017698682,0.9991148642599006,0.22756693245351486,-0.5180128710078211,0.998864273322394,0.9988714898056156,0.998864273322394,0.9106374620549734,0.45625697902883217,0.9368197845866257,0.9169219951672206,0.7603223356446935,-0.41075787883996334,-0.6016884550030681,0.8207807319798338,0.8491794837407306,-0.3408852824320584,0.9341415461253357,0.9343453827927721,0.970196113001719,0.9937399429488595,0.9006406258698976,0.9067805681432276,0.8840461332716568,0.8872214268076406,0.8893044839080416,0.8898381868637476,0.8893044839080416,0.7779702489788399,0.7462197306357852,0.7481344302813503,0.7462197306357852,0.9076258072232635,0.9133893979299992,0.9064067121033632,0.9073580830352801,0.9064067121033632,0.5275764115748677,0.4687568300941538,0.5655350370788594,0.6562896296416113,0.5588108108484169,0.5876342207493215,0.5894828451597651,0.5876342207493215,-0.3218715852115841,0.849728099387523,0.8820855594500407,0.8699774434081703,0.9073537155773432,-0.3167580343320615,0.8451445298181688,0.8453883522400746,0.8451445298181688,0.8542042363571101,0.8542042363571101,-0.22671258641696845,0.6923547140923447,-0.38589618697034195,-0.7951712698279482,-0.5322276778727884,-0.5350773896769985,-0.4208780024118922,0.22078490244857116,-0.3004944685331023,-0.5232047518836312,-0.7521648287959182,-0.3967451792505681,-0.5926377825102981,-0.4690333375283272,0.07994565465038003,0.07769941191723852,-0.555756069511392,-0.5269680071292868,-0.5481201986136693,-0.5839393045364741,-0.5774490058521217,-0.5516132114220678,-0.5547355803886495,-0.5516132114220678,-0.43229366691053134,-0.6229491488576423,-0.6229491488576423,-0.6161830379291342,-0.6161830379291342,0.3775412525109136,0.33656531475416507,0.4709778551318669,0.5718858433297175,0.5238492816234462,-0.5725708512913675,0.30879929253855537,0.28494265284340803,0.28514109471666454,0.28494265284340803,0.24599907089799047],[0.992607069745524,0.9847448272610606,0.654295760396538,0.9938138741561591,0.9972542668481422,0.992607069745524,0.9999967148988189,0.9983228700843945,0.9983228700843945,0.999973034231477,0.9628113859674244,0.9996937243806538,1.0,0.9999908650130283,0.9999952590795299,0.8532762344792714,0.8299540089614676,0.23928344968741327,0.9998677471939602,0.9998680424161779,0.9902650864586552,0.9999974727040534,0.31500624389665993,0.7472968811671682,0.991247800857102,0.991247800857102,0.9873539783146855,0.9917571141949949,0.24721450371951906,-0.18565343962121855,0.9917367963964434,0.9916946526859686,0.17289044494023226,-0.24642685258858643,0.9993658361834694,0.9994831768867954,0.44970038986833133,-0.30409498430128246,0.9990995648089613,0.9994540060999852,0.8346824444843004,0.21836598186742223,0.944751068457963,0.9991244696642669,0.944751068457963,0.9164733483000576,0.6154572075606891,0.9412811741892553,0.9207019645917781,0.7605956184657019,0.41335499409522397,-0.11884321890883164,-0.1884986469596548,0.9322202134789992,0.3371702036910895,0.9687246825760087,0.9646448142182732,0.9797251775256882,0.9956562791710362,-0.0176190676782963,0.8803430337757533,0.8424990417699838,0.8854471253277831,0.8373331212806846,0.8018824744862223,0.8373331212806846,0.8225153010218471,0.8070917899286507,0.7962659049597205,0.8070917899286507,0.8791817244365128,0.4128481222501164,0.6114769797208703,0.6687083233570463,0.6114769797208703,0.6327445643465986,-0.3372090140139415,0.607119587221541,-0.6149860548820181,0.5287075424546,-0.07994355008163075,0.46207019235770624,-0.07994355008163075,-0.13942050473491926,0.8577915629458118,0.8796524844810346,0.865489336805548,0.7775854908114677,0.2301001098493169,0.8567656151748329,0.8579465964065072,0.8567656151748329,0.7799507325993311,0.7799507325993311,-0.17302608390698823,0.698008909654749,0.23324799232899976,-0.6954804796304103,-0.6335616033505133,-0.6368303044917065,-0.18066079024485743,0.0726571789548323,0.32022354690849486,-0.02806821618870155,-0.5715062358609023,0.042409837485149954,-0.8282285172170282,-0.18845752248706996,0.08882739352464496,0.09043052833911654,-0.617774690024887,-0.5860517466540573,-0.10988626737105667,-0.5929874768258984,-0.8319903733860428,-0.39544256417655727,-0.2301342298351571,-0.39544256417655727,-0.2949148904567453,-0.38566743969354184,-0.38566743969354184,-0.8240366790261037,-0.8240366790261037,0.3826517262412476,0.588240925974859,0.5100626799066037,0.803485618787243,0.7376551472273195,-0.38818316744591447,0.0704934674808489,0.7467453696055574,0.7655938938298412,0.7467453696055574,-0.11261074736719524],[0.9929935453737355,0.9846932440887837,0.6484616974254911,0.9944824172054036,0.9973288835157825,0.9929935453737355,0.9999873961058561,0.9994308647672939,0.9994308647672939,0.999972178002305,0.9628360990205548,0.9996900254649449,0.9999908650130283,1.0,0.9999883131445552,0.7863175140143965,0.7103471908762946,0.24106974992699837,0.9998903260632706,0.9998909716769891,0.9902558852132599,0.9999882992701842,0.3160566868162203,0.7436557633819261,0.994165415300635,0.994165415300635,0.9941313303325741,0.9917034179986669,0.24165573875631471,-0.18597257843936824,0.9920945128996917,0.9920988749863741,0.19572627259896427,-0.24580272809221204,0.9995373710279711,0.9994829215168965,0.8523576492631254,-0.3934116691796331,0.9990958186880582,0.9994580197368264,0.7660950967606321,0.22018466074674953,0.9994331582406402,0.9994377343800752,0.9994331582406402,0.9163333535728334,0.6155660320247252,0.9411032759564957,0.9204770954838865,0.7602316479422604,0.29409208787840957,-0.28831449917809904,0.11195527924379922,0.9321084947475266,0.33772640246012103,0.9658784911636157,0.9646648349063407,0.9783255150525727,0.9958829704570518,0.8952220026375278,0.8796475864047784,0.9070928872615333,0.8854202195276222,0.9059698256762654,0.9067545324309146,0.9059698256762654,0.8218024965778252,0.874526218383486,0.8758702173903872,0.874526218383486,0.8790431047386155,0.7785055701619193,0.8713031225813701,0.872786587967841,0.8713031225813701,0.6323183354680545,0.48513932797144854,0.6059484831946954,-0.6168833205887106,0.5274920133302374,0.5303816401367205,0.5312292192359123,0.5303816401367205,-0.14127983617724402,0.8576814690554407,0.8793262159783752,0.8650283162781851,0.901840874710527,0.23223974762797567,0.8567285363498196,0.8581281214043261,0.8567285363498196,0.8663721458458706,0.8663721458458706,-0.17336874444610703,0.6977017266242282,0.1455804636656236,-0.6944950080058239,-0.6332058280058218,-0.6363058536909952,-0.18064553061865343,0.07167736184095547,0.09465417113295665,-0.026657507982248262,-0.570175335870508,-0.1454475336542807,-0.8390441669161542,-0.4070539047195248,0.08834811366508839,0.0901898665623713,-0.6178164902489387,-0.585318856088983,-0.4004986555291307,-0.5927531281067787,-0.825041258660108,-0.5129419361485461,-0.5088162750698858,-0.5129419361485461,-0.2943546639300227,-0.38583178750845976,-0.38583178750845976,-0.8157172091132823,-0.8157172091132823,0.38072563982839197,0.5880337983212781,0.8202659497628265,0.806995534052819,0.7378370296943639,-0.38777777581676975,0.7005367210944503,0.7348250661711462,0.7349150734601977,0.7348250661711462,-0.08012793429121721],[0.992655864562251,0.9845931952354045,0.6544638330018158,0.9938397913477193,0.997278905343797,0.992655864562251,0.9999936238632151,0.9991862186664842,0.9991862186664842,0.9999763971680848,0.9625450509429312,0.9996632833587866,0.9999952590795299,0.9999883131445552,1.0,0.844456553086554,0.7858214760618648,0.23941721992036658,0.9998705113144911,0.999870684375582,0.990394615326105,0.9999952024789064,0.3156632127936894,0.7471427388966387,0.9943656641894438,0.9943656641894438,0.9942759770656937,0.9916888791651592,0.24748970155546426,-0.1856799945328094,0.9926125922888611,0.9926541135397111,0.17361899640893766,-0.24626241110293506,0.9994107568827089,0.9994824775398106,0.44875421228891005,-0.3033594186641728,0.9990584195906457,0.9994563802632652,0.8324280423639707,0.21852128193299075,0.9443198443058567,0.9991745026090988,0.9443198443058567,0.9167138467882767,0.6160997771823888,0.9414329853000021,0.9208364594014086,0.7603452112053781,0.4146630295869807,-0.117374404954763,-0.18871844270890933,0.9325465511649131,0.337434546649447,0.9691008726571544,0.964936457330921,0.9799769298557172,0.9956962788282762,-0.018597625759963553,0.8805879451779769,0.8424096748419537,0.8856541542682277,0.8372752957849253,0.8014624412520855,0.8372752957849253,0.8226981517262707,0.8070266052101839,0.7966074526133472,0.8070266052101839,0.8794649049384745,0.4122007247667271,0.611005659197402,0.6687033351406119,0.611005659197402,0.6326165546743171,-0.33832106745757895,0.6070717418160908,-0.6151735614574143,0.5283747315778384,-0.08089230097674883,0.4617393700833085,-0.08089230097674883,-0.13937997677497085,0.8579109628372088,0.8794215053280943,0.8656163707200147,0.770199865836305,0.23047021275366292,0.8568486796556739,0.8580206735193319,0.8568486796556739,0.7797651155225601,0.7797651155225601,-0.1743411179657284,0.6987832694324678,0.23372701551367533,-0.6954540286032214,-0.6339075736789731,-0.6371806540271354,-0.1816993962626076,0.07153685579714783,0.32054412472159877,-0.028446221090925664,-0.571689857678869,0.04251061340500315,-0.8274833403089822,-0.18828769388695657,0.08791954783408829,0.08952162885697003,-0.6183372956160251,-0.5862559127825507,-0.10933059931254836,-0.5940784958971485,-0.832013800707489,-0.3953802411887169,-0.22960246157818198,-0.3953802411887169,-0.29576664694032084,-0.3860877555446886,-0.3860877555446886,-0.8243784491014502,-0.8243784491014502,0.38284768924937573,0.5879165503445645,0.509593641198298,0.8039101738679642,0.7371246823566099,-0.3877633776131195,0.06987106088691865,0.7471534878568654,0.7661995561340805,0.7471534878568654,-0.1123370286744482],[0.7791601026057723,0.1761245319622222,0.4195401799830949,0.778395927795467,0.6877230409818309,0.7791601026057723,0.8532921453713873,0.8504957628074876,0.8504957628074876,0.7278301722196331,0.5218107580605928,0.2811034764178036,0.8532762344792714,0.7863175140143965,0.844456553086554,1.0,0.9933293732456359,0.41812702334596896,0.8258322173371407,0.8258040809714207,0.7590747073715547,0.8433681785188004,0.3315739520553786,0.42212983661368475,0.8365387379200666,0.8365387379200666,0.8228022956038852,-0.11959030246076204,0.1938884662559633,-0.17239617774448354,0.8735212945417137,0.8709873502581275,0.15572258907479195,-0.23551341593685768,0.8494990895703453,0.7502112075823516,0.27531006851846146,-0.3183571450102861,0.2965112738476622,0.7205722061954783,0.9983800362321296,0.40059756324816576,0.775676222409016,0.849222219685429,0.775676222409016,0.2543392682550557,0.5486896093551914,-0.16631967878663612,-0.18650159969261212,0.12498093952298364,0.40056150135539925,-0.059797910783376346,-0.21046762271464883,0.7348812790253659,0.4019450543851989,0.8463957807198259,0.7386609541746647,0.8174859167928549,0.8345767294464228,-0.1013170822242463,0.20439214838755462,0.6073104720936103,0.48869086056405214,0.5976678625732569,0.6536952852027632,0.5976678