var element=document.getElementById("correlationClose");if(element.style.display!='none'){var correlationClose={"data":[{"type":"heatmap","z":[[1.0,0.9999877329074199,0.6459288095267455,0.9997200234991284,0.9979258385089663,1.0,0.9921994584717098,0.9884550131270411,0.9884550131270411,0.9928811578307754,0.9764331814145267,0.9865487230050546,0.9922380742271776,0.9926624794253668,0.9922923887367812,0.8378859584896794,0.7857071314529757,0.33185818554988034,0.9931570484263321,0.9931448175678854,0.9854411130393065,0.9922259857626912,0.43398812156346345,0.7252463976277795,0.9811736296625563,0.9811736296625563,0.9811551490622114,0.9742219277776127,0.34191845392483255,-0.10805872687202744,0.989625973914531,0.9895927252936123,0.29170194773536173,-0.18249249708717125,0.9946123647382453,0.9952900451660824,0.8406213861900256,-0.36767089619050247,0.9904318642292399,0.995244703335444,0.8268763948536859,0.31282342576710587,0.9947612097287769,0.9947514880627902,0.9947612097287769,0.8867263169834758,0.6550465501761203,0.8968327336793246,0.903962426384887,0.8125823691573328,0.37508400695085115,-0.16680386321077603,0.19992204829271723,0.9461010841477229,0.3996736680425895,0.9748313559688911,0.9700034521869318,0.9799907372101483,0.9897789414082045,0.9278620483138301,0.934117106805991,0.9432081909363237,0.926729859416174,0.9405103068556948,0.9411639500388282,0.9405103068556948,0.876004958421759,0.9190528751406806,0.9199882670583556,0.9190528751406806,0.9180113075443016,0.7772570894365471,0.8908236585933574,0.8921673612598389,0.8908236585933574,0.6793977361320784,0.3588194765214677,0.6624163413504154,-0.563305686506055,0.567729749069993,0.5960233257662947,0.5965738985640708,0.5960233257662947,-0.1049045549279535,0.9063619107822402,0.9384024194876563,0.921552286664069,0.9291855607616327,0.31531174547336904,0.9018084819871566,0.9026489841549032,0.9018084819871566,0.9067904407384304,0.9067904407384304,-0.10641238599217309,0.5829221381885052,0.17038254493384186,-0.6512126648258746,-0.5819930325829408,-0.5855815483631416,-0.0996705654263899,0.10959593550877712,0.22325280963758318,0.047173830658196025,-0.5086238455707688,0.006337053292424643,-0.7963366018604556,-0.2608153245784715,0.1602496313741612,0.16134152554580872,-0.5635657113786097,-0.5861679464247225,-0.25770331936492646,-0.5070843692714484,-0.8203896355699267,-0.3890306040122659,-0.3808668428227257,-0.3890306040122659,-0.1992672973515847,-0.31189021220433905,-0.31189021220433905,-0.8084299081589955,-0.8084299081589955,0.3855643557646486,0.6342502022164554,0.8585013420761737,0.8420523157400251,0.7638117966958063,-0.308421754940443,0.7513393261197467,0.7865314413687997,0.7868723615404443,0.7865314413687997,-0.21110422634166917],[0.9999877329074199,1.0,0.977860721373209,0.9994083673457141,0.9954925778697493,0.9999877329074198,0.9836953788442716,0.9772835199111498,0.9772835199111498,0.9835569422600815,0.9691694109496255,0.9852329411114289,0.9837431944181245,0.9836804595110747,0.9835794296661762,0.3404239799961056,0.25568190770454474,-0.39229504038847135,0.9877492016867886,0.9877320434625027,0.983791290727392,0.9837858140757213,-0.10772930864334129,0.9770014334690109,0.9788276796875648,0.9788276796875648,0.9788800660117308,0.9744000319642934,0.14748628209764217,0.16753761789894545,0.9804828448662246,0.9805432091013504,0.9015527571281606,0.16775308972821298,0.9904486184052612,0.9904998370056569,0.9910922991028113,0.9849757948455242,0.9894256165703116,0.9906388371319699,0.2978497713738571,-0.39765202339889383,0.9911405622408143,0.9911290316269996,0.9911405622408143,0.8866184552823493,0.5063274486786148,0.8968816964179159,0.9037868604101882,0.8119989010363134,-0.3543300338059156,-0.5112801479176083,0.8278741576620776,0.8696236612706819,-0.24329923873360937,0.9334813118780122,0.9336178733893407,0.9536227082049296,0.9763768517141301,0.9454078822340375,0.9527184656269527,0.9369735469109299,0.93611065848983,0.9418123407583379,0.9423355019546974,0.9418123407583379,0.8386056164671999,0.8096555029022154,0.8115703484381207,0.8096555029022154,0.9471916187184192,0.9508461318205979,0.9473224016160264,0.9482265604147863,0.9473224016160264,0.5730708968758618,0.5169574440070209,0.6190576490502976,0.7081843901596253,0.6109191068268536,0.637267242591097,0.6379718957682384,0.637267242591097,-0.19429955365956017,0.9062959793498008,0.9325645622577408,0.923090325292755,0.9507218111989568,-0.25284843585065453,0.9021427738620341,0.9024330520221193,0.9021427738620341,0.9103381321174625,0.9103381321174625,-0.19646239588079403,0.5839988448280649,-0.36717782395869586,-0.7503405886179182,-0.46216310016458,-0.46564850652177003,-0.3537997880796168,0.2616719662750238,-0.24771544539336457,-0.4657668679889994,-0.6974516198977747,-0.33207142881059687,-0.4830234305552411,-0.3895428331076508,0.13620120949428077,0.132336507274581,-0.489059713305526,-0.4516980605306649,-0.4802454756432525,-0.5110094851062594,-0.5033553012055556,-0.48243401062343577,-0.4855581576266881,-0.48243401062343577,-0.34876252208850883,-0.5191439877462928,-0.5191439877462928,-0.49420129768459736,-0.49420129768459736,0.38632503527959133,0.37305171670101606,0.49594380230224216,0.5909525143489899,0.5339344247059408,-0.42904423962345933,0.36227580237805035,0.32318614877586405,0.3232944077663144,0.32318614877586405,0.13737247072024875],[0.6459288095267455,0.977860721373209,1.0,0.6422532875085916,0.5663870525014041,0.6459288095267455,0.6295427243862981,0.6207268994580204,0.6207268994580204,0.5639599284216911,0.5215626793228464,0.9958219334808346,0.6295763514032975,0.62060150873662,0.62979155093163,0.45834285721678236,0.44815302128785534,-0.17976380259852884,0.5881410070394717,0.5873217319286723,0.5512734865239682,0.6285563215750063,0.21326411727386388,0.7692585946823223,0.6063088293167894,0.6063088293167894,0.6060758491746274,0.9880088612381539,0.32764627975671173,0.15772542466225273,0.5880526479673231,0.5876596101964127,0.7155530504901256,0.00907494130480477,0.625871695298043,0.5588669607166525,0.5969104163494731,0.3154590832027026,0.9936595669252032,0.5528155495239568,0.44830376069584643,-0.18821445014945304,0.6426259822656427,0.6238271251907899,0.6426259822656427,0.883501649000912,0.396973163912902,0.9180355248377022,0.8932203978106071,0.6989737697795884,0.20901558296056422,-0.054816223240514925,0.04898438180449582,0.5013436283004723,-0.08805068198778526,0.571243688306158,0.5295779165212255,0.5559083378652345,0.5186789021167142,-0.02118411413318918,0.7721988798520251,0.7059396172774578,0.602612139862962,0.7117080520693708,0.7467043216566553,0.7117080520693708,0.4805298050773119,0.6133786833422782,0.6803921924891065,0.6133786833422782,0.6644781270318036,0.6588496458712816,0.707650498978402,0.7597788932139402,0.707650498978402,0.35267605871685376,-0.08797330352739882,0.36953951296459137,0.10736912429914872,0.3631339081541542,0.2605904797393507,0.4638294299598456,0.2605904797393507,-0.1665315789770029,0.5708809142553634,0.8671815187517632,0.6472216838056054,0.7609448405533299,-0.035486866884492624,0.616394034577436,0.6159578233952776,0.616394034577436,0.6945161158877446,0.6945161158877446,-0.21531877750576434,0.7056515050493238,-0.1945939263209353,-0.6614658918450766,-0.4257283322853058,-0.42928415323923064,-0.41108494214317365,0.07871360591489236,0.022145025547015324,-0.31439724014516485,-0.6415134171900762,-0.1590600919513278,-0.2948794268564023,-0.2514135043066627,0.034519106307527046,0.03227700502017273,-0.47908300160189066,-0.04511625937949477,-0.2493800324119117,-0.5039833611414394,-0.1804875991893237,-0.3930060308052515,-0.2726819241152721,-0.3930060308052515,-0.4097930470602278,-0.5274685180044798,-0.5274685180044798,-0.28860754471803773,-0.28860754471803773,0.32536467592478263,0.1749754256266795,0.273067206618127,0.5097746730189773,0.26498083719806304,-0.3644582121219064,-0.021144920178130612,0.45328754467410526,0.5586050295365763,0.45328754467410526,-0.030107371264685368],[0.9997200234991284,0.9994083673457141,0.6422532875085916,1.0,0.9988779391315962,0.9997200234991281,0.9935290521772647,0.9902469286358794,0.9902469286358794,0.9944357873643662,0.9743981006818232,0.9901053100750518,0.9935574567923039,0.9942802662198378,0.9935877254377107,0.8371208965722274,0.784582116172277,0.31691034168909044,0.9942972792404544,0.9942880713840766,0.9855712179413852,0.9935383672606592,0.4254130037562394,0.729611610106089,0.9838215824746739,0.9838215824746739,0.9838027464776053,0.9807550203830788,0.33786703351403424,-0.11429402438684555,0.9889837897150118,0.9889594187677357,0.2839002063731812,-0.18267972600706178,0.9951935515662012,0.9960672505451342,0.8059829452205077,-0.37225426736071116,0.9929727229943687,0.9962534104088118,0.8253401371722553,0.2975694491300554,0.9931223285268357,0.9952418491899118,0.9931223285268357,0.8841547414338752,0.6425747450903786,0.901959733535643,0.901559485124396,0.7940170989221552,0.3699487152505048,-0.1720392227611147,0.19427876865949215,0.9405117687653408,0.38361431131014223,0.9703165442580582,0.9670093718292059,0.9778194180743759,0.9897338752908855,0.9075846384592178,0.9280027997771192,0.9307866212501069,0.9230623368281328,0.9242175885977751,0.9251060494611023,0.9242175885977751,0.8684424026602743,0.9073482630092929,0.9083731188477076,0.9073482630092929,0.9148887648003441,0.7195811146966411,0.8534504987424907,0.854800561973875,0.8534504987424907,0.6716317149011684,0.1333219836701939,0.6530213975551719,-0.5677189390264413,0.5631242350485666,0.33287154088280363,0.5671895622769157,0.33287154088280363,-0.1111873409627492,0.9014892431280962,0.9314564562455907,0.9144155097324179,0.9069718130922163,0.30106226292743615,0.8976559787002895,0.8986239653523572,0.8976559787002895,0.8882845350805888,0.8882845350805888,-0.11105665289715025,0.6033577645182149,0.17505800965047866,-0.6611985170425124,-0.5887514832614799,-0.5922512253396549,-0.11166287175747915,0.10512868708035487,0.2163765325865533,0.034184826874077874,-0.5207019948210004,9.053344399531546e-05,-0.8018846949813511,-0.26841376691872854,0.15044770378698558,0.15159821861468148,-0.5700669235276509,-0.5825072892480376,-0.25881049308488085,-0.5172806096715047,-0.8217457244705567,-0.39028948480365877,-0.3826879440418124,-0.39028948480365877,-0.20758200956089506,-0.32126826647169704,-0.32126826647169704,-0.8078358944903962,-0.8078358944903962,0.37544468501120887,0.6226336501672712,0.8505191649247563,0.8342778197453677,0.7562865644265787,-0.3211454682211644,0.7422181600766827,0.7775566962623878,0.7779047376105136,0.7775566962623878,-0.1962096543159437],[0.9979258385089663,0.9954925778697493,0.5663870525014041,0.9988779391315962,1.0,0.9979258385089663,0.9971868744600402,0.9956222610296213,0.9956222610296213,0.9973838526459565,0.9663829259983037,0.9964157921185613,0.9972062365306081,0.9972849318550816,0.9972333732953237,0.7679786567719512,0.6937848927903834,0.11196622875461983,0.9976969965124419,0.9976936520154452,0.9874599392326521,0.997192455070142,0.07450993591842935,0.7079472955361696,0.9921956022936649,0.9921956022936649,0.9921579511367412,0.9898720304053431,0.1151184845564469,-0.09627062108888831,0.987196764370329,0.9871357939579088,-0.009055635433641272,-0.08006371271429386,0.997817804921645,0.9977493961380338,0.7949913913123415,-0.49716120763904953,0.9976642156642217,0.9980899257034572,0.7464833389996145,0.08772710557432885,0.997763126116375,0.9977660960337694,0.997763126116375,0.89878398206936,0.6060094446409703,0.9183741599909591,0.9063053460752208,0.7688362339780378,-0.09387133252437282,-0.5870374961259199,-0.20288436556368847,0.9289285900556843,0.2368286460172663,0.9655177926444988,0.965576250275913,0.9799861594858669,0.9902612291975772,0.9065917499381474,0.9103381197105147,0.9215497659472144,0.9107736213816999,0.9200116673394966,0.9203667449540754,0.9200116673394966,0.8440219742968191,0.863541492415893,0.8646866348573241,0.863541492415893,0.9041365130472709,0.8149255913741182,0.8849561116400328,0.8857652954152243,0.8849561116400328,0.6308315533110921,0.5105618126423244,0.6184644866128509,-0.5898791703959456,0.6153189937970198,0.5941933559608465,0.5933279600133958,0.5941933559608465,-0.12860483286758712,0.8842555664331161,0.908054063391713,0.8924821547920341,0.914562939637341,0.1475514899310476,0.8838778231866631,0.8849260119873379,0.8838778231866631,0.8903957971913256,0.8903957971913256,-0.15038490688009648,0.6519756989776924,0.029503779197712056,-0.6917791737859192,-0.637660120629838,-0.6382484697851832,-0.14384476833827514,0.1283473263491459,-0.17487116025354615,-0.2140585338034766,-0.5937136325608858,-0.36096418071054254,-0.8507878662482932,-0.5483276942987895,0.11968180102539411,0.12068380013226304,-0.5964040090084138,-0.5757567167008639,-0.5376859984684769,-0.5555161368658696,-0.7808972217299768,-0.5897751361439529,-0.5925722779429743,-0.5897751361439529,-0.24681629567773666,-0.35538855791182267,-0.35538855791182267,-0.7490347251128587,-0.7490347251128587,0.36253233702655197,0.6044142702471236,0.8032606630397959,0.7879303347506413,0.7460626216590615,-0.4495780123715599,0.600300472678991,0.6685806308679814,0.6690763395045737,0.6685806308679814,0.030678548311858914],[1.0,0.9999877329074198,0.6459288095267455,0.9997200234991281,0.9979258385089663,1.0,0.9921994584717098,0.9884550131270411,0.9884550131270411,0.9928811578307754,0.9764331814145267,0.9865487230050546,0.9922380742271776,0.9926624794253668,0.9922923887367812,0.8378859584896794,0.7857071314529757,0.33185818554988034,0.9931570484263321,0.9931448175678854,0.9854411130393065,0.9922259857626912,0.43398812156346345,0.7252463976277795,0.9811736296625563,0.9811736296625563,0.9811551490622114,0.9742219277776127,0.34191845392483255,-0.10805872687202744,0.989625973914531,0.9895927252936123,0.29170194773536173,-0.18249249708717125,0.9946123647382453,0.9952900451660824,0.8406213861900256,-0.36767089619050247,0.9904318642292399,0.995244703335444,0.8268763948536859,0.31282342576710587,0.9947612097287769,0.9947514880627902,0.9947612097287769,0.8867263169834758,0.6550465501761203,0.8968327336793246,0.903962426384887,0.8125823691573328,0.37508400695085115,-0.16680386321077603,0.19992204829271723,0.9461010841477229,0.3996736680425895,0.9748313559688911,0.9700034521869318,0.9799907372101483,0.9897789414082045,0.9278620483138301,0.934117106805991,0.9432081909363237,0.926729859416174,0.9405103068556948,0.9411639500388282,0.9405103068556948,0.876004958421759,0.9190528751406806,0.9199882670583556,0.9190528751406806,0.9180113075443016,0.7772570894365471,0.8908236585933574,0.8921673612598389,0.8908236585933574,0.6793977361320784,0.3588194765214677,0.6624163413504154,-0.563305686506055,0.567729749069993,0.5960233257662947,0.5965738985640708,0.5960233257662947,-0.1049045549279535,0.9063619107822402,0.9384024194876563,0.921552286664069,0.9291855607616327,0.31531174547336904,0.9018084819871566,0.9026489841549032,0.9018084819871566,0.9067904407384304,0.9067904407384304,-0.10641238599217309,0.5829221381885052,0.17038254493384186,-0.6512126648258746,-0.5819930325829408,-0.5855815483631416,-0.0996705654263899,0.10959593550877712,0.22325280963758318,0.047173830658196025,-0.5086238455707688,0.006337053292424643,-0.7963366018604556,-0.2608153245784715,0.1602496313741612,0.16134152554580872,-0.5635657113786097,-0.5861679464247225,-0.25770331936492646,-0.5070843692714484,-0.8203896355699267,-0.3890306040122659,-0.3808668428227257,-0.3890306040122659,-0.1992672973515847,-0.31189021220433905,-0.31189021220433905,-0.8084299081589955,-0.8084299081589955,0.3855643557646486,0.6342502022164554,0.8585013420761737,0.8420523157400251,0.7638117966958063,-0.308421754940443,0.7513393261197467,0.7865314413687997,0.7868723615404443,0.7865314413687997,-0.21110422634166917],[0.9921994584717098,0.9836953788442716,0.6295427243862981,0.9935290521772647,0.9971868744600402,0.9921994584717098,1.0,0.9974873832864661,0.9974873832864661,0.9999705682549394,0.9598435287177505,0.9996783044440201,0.9999965574573382,0.9999866225317042,0.9999933149889727,0.8925579485501656,0.8820546387101285,0.27807727741207683,0.9998601938323769,0.9998603282492263,0.9897752151654323,0.9999967435702745,0.34000280908865993,0.7279731266619638,0.9856578233051196,0.9856578233051196,0.9866042208700315,0.9907121711834527,0.2656320512320984,-0.16909549003656807,0.9916015559231811,0.991502084487133,0.18976031538923158,-0.2298313420777884,0.999340799513191,0.9994515832671949,0.4230502355383387,-0.3117251076176662,0.999004602335456,0.9994111165588518,0.8784363302105912,0.2573915003938836,0.9413845560770817,0.9990892106417829,0.9413845560770817,0.9085111183710458,0.613107670829556,0.9352843086938181,0.9141012029304718,0.7328550108431131,0.4084388414213575,-0.11139030302919213,-0.19849599115192237,0.9279259249067435,0.34978583884029385,0.9675738776324401,0.9624920870470813,0.9786243239782778,0.9956634240802766,-0.039586170262909344,0.8706055824032287,0.8317363848164105,0.8777931955258604,0.8262195377146365,0.7897084603696748,0.8262195377146365,0.8070156952371651,0.7941147641698971,0.7842298459291231,0.7941147641698971,0.86970815988147,0.3797447746340531,0.5853256357836687,0.6496791680639432,0.5853256357836687,0.6003585041095648,-0.34578402633536504,0.570378666648681,-0.6310923246289467,0.4934731570283244,-0.09621206463346593,0.43292931991708833,-0.09621206463346593,-0.1522679148966574,0.8479267777792967,0.8688536790388425,0.853980280719072,0.7650983971826475,0.2618376360781975,0.8476086820150494,0.8490004696956174,0.8476086820150494,0.7640299667754168,0.7640299667754168,-0.18637197611319506,0.6946050501156338,0.23915167925074007,-0.6702458790019256,-0.628616627804546,-0.6316864067891335,-0.15608238567385796,0.05572710396181883,0.33046365861791577,0.002508389927729045,-0.5366445388529165,0.05985168694908295,-0.8280652894914861,-0.16772172776943178,0.08450612810403083,0.08569059608568091,-0.6121677389125062,-0.5918893298564081,-0.095293329590082,-0.5898625488461139,-0.8353516972534909,-0.3830770590643163,-0.21528164426529264,-0.3830770590643163,-0.27920637585481806,-0.3642842396987266,-0.3642842396987266,-0.8276937059902808,-0.8276937059902808,0.3631357496036178,0.587343211615955,0.5053181094259792,0.8024423971471709,0.7404531344711728,-0.371721485424911,0.06572253443377711,0.749939211398326,0.7692104634243756,0.749939211398326,-0.1281950621450105],[0.9884550131270411,0.9772835199111498,0.6207268994580204,0.9902469286358794,0.9956222610296213,0.9884550131270411,0.9974873832864661,1.0,1.0,0.9995553331492448,0.9530213915956401,0.9987087888359262,0.9982374754130318,0.9994034093433826,0.999140937346065,0.8901960737592373,0.8715576243218883,0.2563839732762684,0.9991861155603529,0.9991877217145289,0.9871530636113448,0.9992785193375706,0.3146726390899312,0.7290038350650104,0.9927040944179866,0.9927040944179866,0.984696319118942,0.9878613633445598,0.24819654305538508,-0.1824051453997308,0.9879040613698555,0.9913367623847062,0.17118099319412997,-0.2356837724339428,0.998303001624791,0.9982742663010914,0.4052103688889262,-0.31830505506049545,0.9970609627854229,0.9982109240401265,0.876361083735579,0.23529179694383212,0.9339113319512936,0.998130936479664,0.9339113319512936,0.9060458886007741,0.5980576546260129,0.9355270023628588,0.9110747829809903,0.7106916896380328,0.39553687596297815,-0.12626424950552415,-0.21099300954612812,0.9194009402105073,0.329407229095475,0.9629360066955959,0.9573043621227552,0.9735605622165989,0.9946836398534971,-0.0492144479469836,0.8597171069399807,0.8162821222168486,0.8697765818306374,0.8118672107053172,0.7777556843084569,0.8118672107053172,0.7951461155188946,0.7758986409424901,0.7710048580770208,0.7758986409424901,0.8619369440043332,0.3608753727888022,0.56560760644928,0.6337179418882387,0.56560760644928,0.5879166372908737,-0.36015997011271955,0.5562667272907533,-0.6384788578392655,0.48600153055777734,-0.1178291366359333,0.41710913997030846,-0.1178291366359333,-0.1588874746481203,0.8385601201002784,0.8552106816479293,0.842116114477713,0.7507975704224803,0.24426152261305056,0.8388076538277877,0.84037851817564,0.8388076538277877,0.7472043285237664,0.7472043285237664,-0.20116385351366772,0.7182055398059678,0.24614498096452095,-0.6795042188420701,-0.64110601980944,-0.6439916941245153,-0.17065131055231048,0.04824016918484731,0.3234782853793791,-0.01653879664049194,-0.5490988012058655,0.050591378199512246,-0.8338524663470844,-0.17420161055793537,0.06949208629058344,0.07069971540466732,-0.6235590620391728,-0.5928734638346953,-0.10212051166181758,-0.606215191286338,-0.8349097192003535,-0.3944268826436266,-0.2214701216862592,-0.3944268826436266,-0.296288952229513,-0.37768939635736337,-0.37768939635736337,-0.8257032710783098,-0.8257032710783098,0.3438765073337134,0.5706798754567642,0.4868372107795673,0.7847943042541876,0.7279825958843735,-0.3929896281408266,0.05187081920076191,0.7310010892237183,0.7535860544748577,0.7310010892237183,-0.11119349587989528],[0.9884550131270411,0.9772835199111498,0.6207268994580204,0.9902469286358794,0.9956222610296213,0.9884550131270411,0.9974873832864661,1.0,1.0,0.9995553331492448,0.9530213915956401,0.9987087888359262,0.9982374754130318,0.9994034093433826,0.999140937346065,0.8901960737592373,0.8715576243218883,0.2563839732762684,0.9991861155603529,0.9991877217145289,0.9871530636113448,0.9992785193375706,0.3146726390899312,0.7290038350650104,0.9927040944179866,0.9927040944179866,0.984696319118942,0.9878613633445598,0.24819654305538508,-0.1824051453997308,0.9879040613698555,0.9913367623847062,0.17118099319412997,-0.2356837724339428,0.998303001624791,0.9982742663010914,0.4052103688889262,-0.31830505506049545,0.9970609627854229,0.9982109240401265,0.876361083735579,0.23529179694383212,0.9339113319512936,0.998130936479664,0.9339113319512936,0.9060458886007741,0.5980576546260129,0.9355270023628588,0.9110747829809903,0.7106916896380328,0.39553687596297815,-0.12626424950552415,-0.21099300954612812,0.9194009402105073,0.329407229095475,0.9629360066955959,0.9573043621227552,0.9735605622165989,0.9946836398534971,-0.0492144479469836,0.8597171069399807,0.8162821222168486,0.8697765818306374,0.8118672107053172,0.7777556843084569,0.8118672107053172,0.7951461155188946,0.7758986409424901,0.7710048580770208,0.7758986409424901,0.8619369440043332,0.3608753727888022,0.56560760644928,0.6337179418882387,0.56560760644928,0.5879166372908737,-0.36015997011271955,0.5562667272907533,-0.6384788578392655,0.48600153055777734,-0.1178291366359333,0.41710913997030846,-0.1178291366359333,-0.1588874746481203,0.8385601201002784,0.8552106816479293,0.842116114477713,0.7507975704224803,0.24426152261305056,0.8388076538277877,0.84037851817564,0.8388076538277877,0.7472043285237664,0.7472043285237664,-0.20116385351366772,0.7182055398059678,0.24614498096452095,-0.6795042188420701,-0.64110601980944,-0.6439916941245153,-0.17065131055231048,0.04824016918484731,0.3234782853793791,-0.01653879664049194,-0.5490988012058655,0.050591378199512246,-0.8338524663470844,-0.17420161055793537,0.06949208629058344,0.07069971540466732,-0.6235590620391728,-0.5928734638346953,-0.10212051166181758,-0.606215191286338,-0.8349097192003535,-0.3944268826436266,-0.2214701216862592,-0.3944268826436266,-0.296288952229513,-0.37768939635736337,-0.37768939635736337,-0.8257032710783098,-0.8257032710783098,0.3438765073337134,0.5706798754567642,0.4868372107795673,0.7847943042541876,0.7279825958843735,-0.3929896281408266,0.05187081920076191,0.7310010892237183,0.7535860544748577,0.7310010892237183,-0.11119349587989528],[0.9928811578307754,0.9835569422600815,0.5639599284216911,0.9944357873643662,0.9973838526459565,0.9928811578307754,0.9999705682549394,0.9995553331492448,0.9995553331492448,1.0,0.9587876688421038,0.9996418360191694,0.9999718290239656,0.9999708454163503,0.9999755108229545,0.7978114198634969,0.726340843531483,0.1622489774731499,0.9998149166639808,0.9998155050749009,0.9896477097254721,0.999968958477357,0.12340995378572042,0.7007044261525934,0.9950925638623193,0.9950925638623193,0.9950479261788873,0.9905674598062547,0.09850711589601141,-0.1082598445203564,0.9905085894993007,0.9904725678182017,0.0083306446737513,-0.18818154392983596,0.9993834600597715,0.9993418035569267,0.8016119341797465,-0.4925032389066524,0.9989376652637099,0.9993880765871038,0.7770845994366258,0.1384584809070363,0.9992436426374182,0.999248833632844,0.9992436426374182,0.9082676981809055,0.6136780166143013,0.9348958446364986,0.9134238308796749,0.7323156730963317,0.009187904709033082,-0.5381936989438073,-0.15672888251967668,0.9237330283034643,0.2958311169989949,0.9631425943290124,0.9625238691945299,0.9805371838254948,0.9948843307050435,0.8811860186110433,0.871378000581554,0.8972297912026956,0.8787131839373458,0.8957154042187332,0.8963230509789809,0.8957154042187332,0.8064356787086676,0.845733477638807,0.8472216837462632,0.845733477638807,0.8710536038650969,0.7789118396497196,0.8570254721912491,0.8582368286925097,0.8570254721912491,0.5999451293784724,0.44000062885507174,0.5694867162278106,-0.6423963117361812,0.5482865297547844,0.5148357613727585,0.5145941684468978,0.5148357613727585,-0.10984357750896581,0.8485534844026587,0.8688017956915972,0.8543828622741455,0.8898630090723718,0.17933136726353735,0.8530135748053653,0.8549483148418499,0.8530135748053653,0.8596480855151941,0.8596480855151941,-0.1881161347344758,0.6958265915685742,0.055929508943539964,-0.6822683347303149,-0.664540923646047,-0.6655998873038216,-0.15961623777541462,0.05901559067664577,-0.18027759230771676,-0.1816471488955401,-0.5779811181071381,-0.3892195150983451,-0.8682456031614032,-0.5841142235483052,0.08395111340710315,0.08512486976454822,-0.6137752537206843,-0.5879915294535577,-0.5475649016353112,-0.5915644523360446,-0.8043721867323713,-0.6129641551701238,-0.6151414204661443,-0.6129641551701238,-0.2809605170473366,-0.3674766315764096,-0.3674766315764096,-0.784391415772064,-0.784391415772064,0.36425148488963666,0.5859924668151608,0.8134322632919296,0.8001191072322648,0.7388486070604986,-0.39908693064752515,0.6340942406513462,0.6930505979139215,0.6932133246622942,0.6930505979139215,0.10789078926866047],[0.9764331814145267,0.9691694109496255,0.5215626793228464,0.9743981006818232,0.9663829259983037,0.9764331814145267,0.9598435287177505,0.9530213915956401,0.9530213915956401,0.9587876688421038,1.0,0.9426089946193735,0.9598642623084166,0.9598820686278671,0.9595759255592953,0.6260066387985488,0.5417503805430927,-0.05604971808223884,0.9643547260075485,0.964333706639103,0.959981843766335,0.9599740371208914,0.0500504598019286,0.7414867282860836,0.9614583311332079,0.9614583311332079,0.9616379934433197,0.8853838513493597,0.20454755691386506,-0.09108233864308495,0.9669615821022929,0.9670678776531094,0.16581875855025258,0.07928727872435677,0.9680511670517178,0.9682991174980112,0.8801684942345436,-0.3908196890188463,0.9512870276380128,0.967220913140758,0.6015468646988824,-0.07729399959325345,0.9691857541994512,0.9691539574879526,0.9691857541994512,0.8071736001398391,0.4121529334969804,0.8151227218324015,0.8914499123495748,0.8471837695272998,-0.5261096210608311,-0.6809740950369596,-0.25327761475772254,0.8862569803115115,-0.005518195584445867,0.9165021504111345,0.9165666225228345,0.9363808098766836,0.965232776311606,0.8849574865710831,0.8851939817001336,0.9047056468411039,0.8877692979424059,0.8980724015803212,0.8987181945747977,0.8980724015803212,0.840001932384673,0.8227298592093059,0.8244739576828867,0.8227298592093059,0.8816786413098563,0.8974153845594891,0.8800514135591913,0.8806719350573007,0.8800514135591913,0.6861885469559811,0.6140049781141236,0.6871591583724223,-0.33179213276763836,0.7063087980184177,0.7225933267845335,0.7249587225253711,0.7225933267845335,-0.2711467336717619,0.885258182048839,0.9385669264510339,0.8999830771963897,0.8972368644598083,0.03129862782663977,0.8789134390811187,0.8799903805918051,0.8789134390811187,0.8879498024649011,0.8879498024649011,0.039428354503930584,0.383725443141055,-0.11348503963728228,-0.6134327904957849,-0.4256779295628372,-0.42782704028660595,-0.016791687864022214,0.41601389989207105,0.04458004047391803,-0.1364648599188978,-0.49113772313722515,-0.06543095459239699,-0.798860168232513,-0.22728408925673796,0.2987273554352038,0.29807896443744014,-0.39440400566251566,-0.4340802027670088,-0.3561617554234783,-0.36553698806752605,-0.6679323100858617,-0.3761695955755324,-0.37830078463709216,-0.3761695955755324,-0.09420442363555276,-0.4064439555152714,-0.4064439555152714,-0.5396253913530731,-0.5396253913530731,0.5211578487443079,0.6507874998275647,0.7506197852376857,0.6817232150072375,0.8172081314151003,-0.4898174564482003,0.38909983217729877,0.5379211849773353,0.5382111205578883,0.5379211849773353,-0.18726265839597958],[0.9865487230050546,0.9852329411114289,0.9958219334808346,0.9901053100750518,0.9964157921185613,0.9865487230050546,0.9996783044440201,0.9987087888359262,0.9987087888359262,0.9996418360191694,0.9426089946193735,1.0,0.9996775985394061,0.9996726629545539,0.9996433621136339,0.4246619838861802,0.3323006969809372,-0.4808293314699112,0.9997950093340878,0.9997978383713604,0.9996828117436447,0.9996825800587683,-0.21678372170526833,0.970635152349543,0.9943400044764791,0.9943400044764791,0.9943207187392519,0.9927544820450773,0.12625316135065828,0.11102491523405299,0.9912473313579416,0.9912934754257328,0.9144380838815569,0.05931234594367252,0.9989924964343109,0.9989441620629215,0.9988127617617093,0.9993566614944633,0.9993913740370617,0.99902606704493,0.3758161200052838,-0.48949557414075745,0.9987591941348886,0.9987678534504032,0.9987591941348886,0.9021571391699574,0.4532271736358434,0.9312903394711003,0.9113086088936717,0.7331225399900504,-0.45926334798550744,-0.6194002463743019,0.8048726595269566,0.8328872138915434,-0.3366086199458134,0.9276388100553086,0.9278567600638954,0.9680399866955418,0.993162612450783,0.8923573232435664,0.8997331936336307,0.8755121834380086,0.8767422220436358,0.8823229945890639,0.883016041296836,0.8823229945890639,0.7525316346673772,0.7182318136442517,0.7205217994533295,0.7182318136442517,0.8989832656108531,0.9055876000020353,0.8980811693626332,0.8992128932098615,0.8980811693626332,0.46484187022300283,0.39874305385070397,0.5085249603772233,0.614237353379664,0.508016371001051,0.5403394302633243,0.5423900525764486,0.5403394302633243,-0.3700930431788389,0.8347796499688671,0.8726897826421176,0.8580070981032024,0.8991368281687142,-0.2863239045066611,0.8295735299239553,0.8299680376664449,0.8295735299239553,0.8404569561212396,0.8404569561212396,-0.24132410718019254,0.6879938920971,-0.3870434234057772,-0.7739727448799125,-0.535746360213241,-0.5382599905300156,-0.40253071078437097,0.20787989427675013,-0.2923646383721841,-0.503716752645416,-0.7278489614365142,-0.3820812005721737,-0.5990864736132558,-0.45078017393212755,0.07798900454776693,0.07487565728675866,-0.5580252990472225,-0.5276774451883823,-0.5481850638834017,-0.5833289450812703,-0.5771442480546478,-0.5514712152640411,-0.5544019771637867,-0.5514712152640411,-0.4221942380429511,-0.6137895913924981,-0.6137895913924981,-0.6132522614972807,-0.6132522614972807,0.36016816151049363,0.33485567333315075,0.464876456330798,0.5586620744614592,0.5258790343407944,-0.5684733484593444,0.29505540431138044,0.28625254195677935,0.28642223422213764,0.28625254195677935,0.22621961363200374],[0.9922380742271776,0.9837431944181245,0.6295763514032975,0.9935574567923039,0.9972062365306081,0.9922380742271776,0.9999965574573382,0.9982374754130318,0.9982374754130318,0.9999718290239656,0.9598642623084166,0.9996775985394061,1.0,0.9999902749503345,0.9999950040486746,0.8925159294533928,0.8744329453162603,0.27811238812130307,0.9998614281208255,0.9998615233725754,0.9898084564039563,0.9999973262671508,0.3402924550593991,0.7280517337959662,0.9908022193972972,0.9908022193972972,0.9865963791649,0.9906990166726701,0.2658734912497778,-0.1690472386357105,0.9916247681905508,0.9915095843416752,0.18997645723073237,-0.2298016853003081,0.9993420456391175,0.9994543542587689,0.42303581293690296,-0.3115112758139512,0.999006449897367,0.9994185830195768,0.8783834869180942,0.25743302592391537,0.941372030400083,0.9990908386471947,0.941372030400083,0.9085162766508417,0.6132374824052422,0.9354775054233244,0.9143014103749828,0.7329744434286485,0.40881105249416955,-0.11096102011761234,-0.19813386380493922,0.9279918613123308,0.3498391091467332,0.9676563192512218,0.9625430502170916,0.9787052340727659,0.9956744248411233,-0.0393922047676578,0.8707630298285765,0.8318365451706501,0.8779151220546441,0.8263186378988906,0.7896568287658835,0.8263186378988906,0.8071141669904975,0.7941750219829745,0.7841713116096827,0.7941750219829745,0.8698635821977957,0.37963704769264806,0.5853417393945047,0.6496016034860164,0.5853417393945047,0.6003305394922018,-0.34579577313616267,0.5703681046232351,-0.6309755690751422,0.4933949938591299,-0.09632937212945325,0.43297381405136254,-0.09632937212945325,-0.15240902288981448,0.8480133196561837,0.8690005395285625,0.8540905816131319,0.7650949633744211,0.2618752017919544,0.8477016046172664,0.8490896626358246,0.8477016046172664,0.7641063221503738,0.7641063221503738,-0.18630241964036892,0.6946061637668451,0.2392599936481225,-0.6702994881389917,-0.6285294532891028,-0.631604790529104,-0.15617259594980398,0.05561265204883064,0.3306181327982339,0.0025061418201418753,-0.536722280842793,0.060092464267688155,-0.8278052983566221,-0.1674492841456251,0.08457717609815513,0.08577616838931847,-0.6121481121782799,-0.5916804233651177,-0.09506266458135004,-0.5898181790789788,-0.8352371463226078,-0.38286455550159976,-0.2150909316716924,-0.38286455550159976,-0.27904695660057555,-0.36425514286690497,-0.36425514286690497,-0.8276303285154212,-0.8276303285154212,0.36355226730281737,0.5874473482699525,0.50555098208788,0.8026765473259148,0.7404891652035364,-0.371524177792078,0.06599627027627696,0.7501687127586735,0.7693093034938221,0.7501687127586735,-0.1282109261746154],[0.9926624794253668,0.9836804595110747,0.62060150873662,0.9942802662198378,0.9972849318550816,0.9926624794253668,0.9999866225317042,0.9994034093433826,0.9994034093433826,0.9999708454163503,0.9598820686278671,0.9996726629545539,0.9999902749503345,1.0,0.9999875547757366,0.8428829153134388,0.7852864118458357,0.2801022775683296,0.9998841663183293,0.9998847407539982,0.9897981491515021,0.9999875452772646,0.342828920628527,0.7238597192211403,0.9937979354105659,0.9937979354105659,0.9937608563198903,0.9906164312496168,0.2614417949254907,-0.16943585831422203,0.9918338095019643,0.991843773645017,0.21384628870053832,-0.22917583264180766,0.9995148519720015,0.9994542389046612,0.8421711729085848,-0.404019376025992,0.9990015772386018,0.9994229144107889,0.8276317978239627,0.2594603547564208,0.9994053049401377,0.9994098385355474,0.9994053049401377,0.9084697738601843,0.6133647474701264,0.9350784550617398,0.9137381372753519,0.7324844547774573,0.28873013593785535,-0.2819641864106866,0.09707135995560015,0.9279001810865888,0.3505944722794542,0.9644700317514592,0.9625624754060949,0.977201566968963,0.9959048975637973,0.8887461014314415,0.8698827269114461,0.9021209464473154,0.8778137071614256,0.9012383578669406,0.9020822719858227,0.9012383578669406,0.8062398522730254,0.8671521684050236,0.8686011392357845,0.8671521684050236,0.8696450879427057,0.7622107299538873,0.8629707783344079,0.8645819687828362,0.8629707783344079,0.599777316982468,0.44638005497035305,0.5689249121633582,-0.6354074661611108,0.49189802277407785,0.49999188346266354,0.5010610841924664,0.49999188346266354,-0.15431372818164124,0.8478008284545908,0.8686107292883751,0.8535586506940231,0.8956554770483154,0.26436479412668323,0.8475856299709386,0.8492665405110148,0.8475856299709386,0.8579629524219767,0.8579629524219767,-0.18669590821938206,0.694255385275923,0.15538206201754973,-0.6690711267220943,-0.6281630005629804,-0.6310950133295525,-0.1561208096049854,0.05476413376466731,0.10726433711613473,0.004148148730492185,-0.5350638997189349,-0.12677634459621404,-0.8395328545222293,-0.38797254130181635,0.08430198845206262,0.08551693884932136,-0.6121975852700812,-0.5909874835780974,-0.3877035875770325,-0.5895782912214179,-0.8288395769696196,-0.5022145672372533,-0.4977895413138358,-0.5022145672372533,-0.2782351326474019,-0.3642708683303263,-0.3642708683303263,-0.8197255848601099,-0.8197255848601099,0.3635584076974546,0.5877801776489419,0.8228722919985267,0.8066963242608788,0.741148574093003,-0.370929507760297,0.7017181773371424,0.7395625808839115,0.7396461048857311,0.7395625808839115,-0.0960082915380121],[0.9922923887367812,0.9835794296661762,0.62979155093163,0.9935877254377107,0.9972333732953237,0.9922923887367812,0.9999933149889727,0.999140937346065,0.999140937346065,0.9999755108229545,0.9595759255592953,0.9996433621136339,0.9999950040486746,0.9999875547757366,1.0,0.8859661095937136,0.8420393005356496,0.27823274537048964,0.9998640384246041,0.9998640253463259,0.9899450477295596,0.9999949406244358,0.34094797099480206,0.727903271713184,0.9940431539003408,0.9940431539003408,0.9939473936403287,0.9906162015711112,0.26614011229441176,-0.16907916792553684,0.9924471917252753,0.9924936343940669,0.19071356518493165,-0.22963471315348324,0.9993884328518128,0.9994533318038866,0.4220598909381344,-0.31073790181995226,0.9989606915445705,0.9994210064026526,0.8767818851114731,0.2575759964699343,0.9409187327457491,0.9991424789928549,0.9409187327457491,0.9087794401096984,0.6139032955377294,0.9357101251673962,0.9145326158148537,0.7327168637707683,0.41015510108875275,-0.10944930033990533,-0.19834524164565107,0.9283396365899252,0.35010481436773494,0.9680474910519584,0.9628537581259017,0.9789702660881436,0.9957131058548767,-0.04038235585617491,0.8710269835277467,0.8317556126186265,0.8781432409655645,0.8262723476566389,0.7892358604463415,0.8262723476566389,0.8073075584840147,0.7941244459345305,0.7845460849135754,0.7941244459345305,0.8701706771771985,0.3789810749267907,0.5848606191850425,0.6496131001477411,0.5848606191850425,0.6001980693475727,-0.3469253578900759,0.5703128105567814,-0.6311471555925576,0.4930520998113642,-0.09729456645414042,0.4326416616625474,-0.09729456645414042,-0.15235897137355617,0.84814459672073,0.8687398343229316,0.854219704382938,0.7570220864078964,0.2622428508332861,0.8478034163602813,0.849182172838874,0.8478034163602813,0.763923734959845,0.763923734959845,-0.18768904959962127,0.6954015022755862,0.23974554479665622,-0.6702837459424648,-0.6288849835884358,-0.6319650534044287,-0.15725859835120712,0.054454462584593306,0.33093177835892057,0.0020998228583412517,-0.5369356829583111,0.06018347502043778,-0.8270190435022642,-0.16728557226893448,0.08363435033668809,0.08483208266805768,-0.612732035320443,-0.5918999085230344,-0.09449874644197315,-0.5909767186898296,-0.8352468832864489,-0.3828018465762329,-0.21454999701712058,-0.3828018465762329,-0.2799397841322631,-0.36469514286531335,-0.36469514286531335,-0.8279704947488962,-0.8279704947488962,0.3637584002713812,0.5871113900109816,0.5050578128149092,0.8031075727409773,0.7399365840673064,-0.37108845801647383,0.06535747312844839,0.7505731587220895,0.7699138456565334,0.7505731587220895,-0.1279174816960307],[0.8378859584896794,0.3404239799961056,0.45834285721678236,0.8371208965722274,0.7679786567719512,0.8378859584896794,0.8925579485501656,0.8901960737592373,0.8901960737592373,0.7978114198634969,0.6260066387985488,0.4246619838861802,0.8925159294533928,0.8428829153134388,0.8859661095937136,1.0,0.9945323265342946,0.41045364927982675,0.8717445731400816,0.8717343778664293,0.819269382823016,0.8851799320480196,0.32821932438006723,0.4852153930872771,0.8769703376778447,0.8769703376778447,0.8644761752287435,0.0344489982856723,0.19108050565009785,-0.1851871270131192,0.9074550011086123,0.9055903439325332,0.15245635437922567,-0.2504140580315219,0.8898430295222467,0.8151761471829573,0.29648478826393515,-0.31936387452699455,0.4401431602680985,0.7917414616844227,0.9984247260239517,0.3924285853378483,0.8171304784043706,0.8896211766465745,0.8171304784043706,0.40906267295870935,0.5720310994131163,0.03660362259121644,0.022095734764674333,0.27096276707736267,0.4068183266665509,-0.06368663904258857,-0.20990233611836046,0.7949489246721477,0.40464211567837355,0.8840464137807689,0.8052714037038008,0.8648080251666398,0.8792197259410307,-0.09638732915725004,0.36017050387678634,0.6701289393789427,0.5928994