var config = { responsive: true }

var correlationAdjClose = {"data": [{"type": "heatmap", "z": [[1.0, 0.9999928558203233, 0.9838028986454221, 0.9999204759163878, 0.9988119297914116, 0.9889033373732555, 0.9973341892622823, 0.9949289706732887, 0.9952101559942467, 0.9797980254608989, 0.9911017996302991, 0.9950833169331438, 0.9942528697290456, 0.9949874698131652, 0.9951413881987591, 0.9963527845670117, 0.9980400106165351, 0.9957567108271566, 0.9957770963027072, 0.9957841317948378, 0.9950353828385078, 0.9846774884049284, 0.9672092910953629, 0.9870001594440758, 0.9857791774884639, 0.9775563234946988, 0.9611458991319874, 0.9389643425723343, 0.9946993033066893, 0.9947262726680014, 0.9917691608744189, 0.9747100792098453, 0.9972444226633812, 0.9975657256169363, 0.9968903960257289, 0.9951529067027192, 0.9945413240317449, 0.9973977658546379, 0.9974693598500007, 0.9986565887088766, 0.9971801391439001, 0.9971975831876675, 0.9757338549732276, 0.9278163571858057, 0.7652739114208071, 0.9028266642436433, 0.9201380930830172, 0.8536487277300068, 0.971175382109618, 0.9444477708551282, 0.9722894499746257, 0.9683789927672019, 0.9635986661557963, 0.9864978487138099, 0.982808832803714, 0.9829870376310775, 0.9754982951383394, 0.9849527861873717, 0.9821819458870588, 0.9856245937048558, 0.9853925118527089, 0.9628138090928036, 0.9641779122274389, 0.9704404332785779, 0.9701333364706204, 0.9410821561465158, 0.9740943736287843, 0.9725527991856693, 0.9809609596165287, 0.9800243660692153, 0.9335652795026056, 0.8502452204438471, 0.818505077468561, 0.8690516446523144, 0.8984539121434757, 0.8922600361977587, 0.8971125422009301, 0.8958977013638428, 0.6029439153712636, -0.5150974157013504, 0.9746306132122498, 0.9638387892595915, 0.9604622972616728, 0.9839554431159561, 0.9519903849352178, 0.9800376600120998, 0.9800182876780763, 0.9413218129135683, 0.9804255634866436, 0.9462574813501187, 0.5916259155437736, 0.8319619685303001, 0.9098468651032049, 0.14893954814446483, 0.9135613978239092, 0.9355205587239857, 0.8045065679352064, 0.9535730822525657, 0.8964134257278665, 0.6749933560276948, 0.5233894842924446, 0.8920340892975892, 0.8608784233160688, 0.8880059061465269, 0.9651212972011147, 0.9654301882429193, 0.7381769300728896, 0.6972480941788082, 0.8292905433248642, 0.3265496729073294, 0.7951058772329964, 0.8334690687996688, 0.8198175145185485, 0.8182306690246227, 0.7305980944471484, 0.7364045252326475, 0.7157440377231852, -0.22423114394788587, -0.35737031249490814, 0.6107024564476491, 0.9011940768974884, 0.9475376623213159, 0.9508090047848763, 0.9198051872960906, 0.827741494357881, 0.9186682699643619, 0.941038968864156, 0.9407918905111105, 0.8763560809547459], [0.9999928558203233, 1.0, 0.9799467313408557, 0.9997456182905823, 0.9971442175881919, 0.9897518896688084, 0.9922250281506381, 0.9870702862191966, 0.9871171912737694, 0.965421038052664, 0.9898383001405602, 0.9873719321065603, 0.9871553118304228, 0.9872115062812384, 0.9873198581411669, 0.992721828457849, 0.9947708258834003, 0.9910003927277428, 0.9910023718903616, 0.9872068905383498, 0.9872767825743247, 0.9865092132515328, 0.9576509736410403, 0.9819515372294048, 0.9814902940756979, 0.9774401432926139, 0.9686421902109801, 0.9009886257136477, 0.9880871366148133, 0.9830658260713429, 0.976034360455237, 0.9095506730721774, 0.9941526532090871, 0.9939376441680057, 0.9942569732595549, 0.9887247888875094, 0.9935615130174148, 0.994227596618892, 0.994589380506894, 0.9964961169730312, 0.9942709075205788, 0.9942809344110136, 0.9838752707488623, 0.927428628171363, 0.6546453634548036, 0.9025748760236798, 0.9203156091633566, 0.853803825854504, 0.891409460931182, 0.9144695305877898, 0.8953478170249487, 0.9076376771478755, 0.8902625486548118, 0.9570166150957882, 0.9568883736169121, 0.9706449320453473, 0.9753867058368502, 0.9678552959010103, 0.967566149979853, 0.9710321264086595, 0.970947506588899, 0.9267162339668296, 0.9352368464803567, 0.8959069648460232, 0.8957741510255475, 0.7762451297432431, 0.965056704892822, 0.9676824236878248, 0.9680464235656661, 0.9674606314791235, 0.9226926852927528, 0.6075193526841207, 0.5453388142114305, 0.7106255767191767, 0.8141946415505948, 0.7328456801872345, 0.7765842731163977, 0.7748472095581596, 0.5342144232400141, -0.26315773053504765, 0.9493235944893298, 0.9579832969137997, 0.9489821694305801, 0.9718107250162894, 0.9292010245248351, 0.9548289632387783, 0.9536869083564941, 0.885533030473887, 0.9585069177677064, 0.8928190762611918, 0.37427697238429414, 0.8314216660548363, 0.8347554928434853, -0.26837475825514256, 0.5785960106227606, 0.69127593865895, 0.6127514083661441, 0.9484532503528738, 0.6344019101562816, -0.17665414041985805, -0.06681811804990763, 0.6010831576870341, 0.610088078090637, 0.6566069190394008, 0.950324193429451, 0.9501241425744418, -0.11456190628402316, 0.11151996054304054, -0.034125855168297754, -0.065115378554688, -0.03789324865406754, -0.021878446649739255, -0.053232678434017244, -0.0904725474720816, 0.2764348183740847, 0.03605718985578927, -0.009698709382764644, -0.4566046297384204, -0.4842964424132917, 0.611266255817455, 0.7422731385748367, 0.7636378316316791, 0.8267747060328189, 0.8202629119636801, 0.5199344727962792, 0.7281299424657128, 0.7628577324327396, 0.7613840419376066, 0.4153338953183546], [0.9838028986454221, 0.9799467313408557, 1.0, 0.9852702972598846, 0.9922310896493085, 0.9891748977112819, 0.990555637242852, 0.9908539723212255, 0.994193348611247, 0.9528796182206357, 0.9966227604566419, 0.9907620168182348, 0.9927268484985026, 0.9909206913164775, 0.9908272390576588, 0.9913784342695942, 0.9895556202298819, 0.9893462279765125, 0.9893181711037305, 0.9926872205496804, 0.9907880254078375, 0.9928886626667913, 0.9773388704821535, 0.990172732325995, 0.9905451029183335, 0.9754202580643403, 0.9803247896900883, 0.9428862482590915, 0.973842895758325, 0.9768868527757595, 0.9784134364704714, 0.949786787982969, 0.9877643999596742, 0.9908901398092471, 0.9890709012643379, 0.9929480277264687, 0.9942256666973188, 0.9918807950288672, 0.9871181265883834, 0.9869438261217705, 0.98803742925009, 0.9873935263908608, 0.9898414508031927, 0.9272210752143972, 0.707383528321669, 0.9295949779547499, 0.905484119792552, 0.754462573016676, 0.9321828110829875, 0.8992988545152689, 0.9333193685417853, 0.9282378091306457, 0.921164188654449, 0.953751941573091, 0.9604525229553154, 0.9265781916063737, 0.9415681182416392, 0.9500013156517879, 0.9550495482534056, 0.9507446240505805, 0.9249928575475581, 0.8861901629145879, 0.9184899847707632, 0.9209880623527401, 0.905114700270851, 0.8530073308888454, 0.9550242764418758, 0.9316635734625417, 0.9505089549382538, 0.9285261329344465, 0.7470935530557382, 0.7852301471072072, 0.7249510396712967, 0.8057552897752875, 0.8550121224706522, 0.8511573846128061, 0.8255413436076579, 0.8390652197613738, 0.2757867158138968, -0.521248065036442, 0.9397982922780594, 0.90629714358906, 0.9129110366576827, 0.927243429734091, 0.9156928267210125, 0.9460971479199635, 0.9458306035862042, 0.9018167530762686, 0.9431689936577139, 0.8208333855823949, 0.5598541439021799, 0.9186960673992008, 0.9289937390500215, 0.06847909035972408, 0.8914581845087927, 0.9164646841651554, 0.7896044084612096, 0.9755683104008007, 0.7788362024522952, 0.5843936940021942, 0.44541503085006234, 0.7849901420214846, 0.7851880619626235, 0.7733256538994222, 0.9795924270008436, 0.9796815242286752, 0.6548952387411223, 0.6281923799297817, 0.7165889990826316, 0.2521238265437286, 0.6885046253708272, 0.712779472032632, 0.7284702428977391, 0.7094083433478808, 0.6801019243331555, 0.6589312013759465, 0.6361677900495375, -0.30288651296756697, -0.4352334761775327, 0.5573300330092993, 0.8593082471607614, 0.8978974178548264, 0.8982613043713445, 0.8917531149298144, 0.7557173126812599, 0.8719270752726539, 0.8863455788816742, 0.895431548619431, 0.7405491515667515], [0.9999204759163878, 0.9997456182905823, 0.9852702972598846, 1.0, 0.9991361612417093, 0.9897658316193565, 0.9977186567367106, 0.9954938921007984, 0.9958916726743254, 0.9796058474180579, 0.992833272857207, 0.9956307708407394, 0.9950139306604998, 0.9955505464700193, 0.9956797649292459, 0.9968879974258632, 0.9984106845222757, 0.9962485307893509, 0.9962659372712731, 0.9963731498131625, 0.9955850071789248, 0.9859940180235696, 0.9685672412347691, 0.9881628289221934, 0.98705210488364, 0.980556761193569, 0.9633305311912224, 0.9402173006422533, 0.9942828710518752, 0.9944699266629348, 0.9919855150294659, 0.9744986331907507, 0.9974414731243217, 0.9979304294313475, 0.997244861392125, 0.9957703286599475, 0.9955737417635997, 0.9978020940586428, 0.9976109085556374, 0.9988068853375717, 0.9973670138639422, 0.9973807369688555, 0.9775695784804521, 0.9237016516763501, 0.7590319221758765, 0.903593223015872, 0.9168388339986213, 0.8429586305859691, 0.968386012531293, 0.9410171729223897, 0.9693831747778222, 0.9658092712094232, 0.9608824960794172, 0.9844707653663338, 0.9813214806383282, 0.9809919598222198, 0.9732132578409113, 0.983184110637648, 0.9810828213264251, 0.983776107178761, 0.9835441049244806, 0.9473270208804065, 0.9622880897476953, 0.9686564622683287, 0.9683523417656562, 0.9338423637257914, 0.9730949411953578, 0.9683621142198324, 0.9788976475915273, 0.9779215971384395, 0.9016452249101874, 0.847940122350746, 0.8133424912043845, 0.8663983685930466, 0.8945010889368806, 0.8912136106931163, 0.8937932414444317, 0.8926628764969826, 0.49553951199687274, -0.5154043272000548, 0.9731537252125012, 0.9609105007305426, 0.9577773675673583, 0.981968526464885, 0.9504051888913009, 0.9787524643270741, 0.9787384954448449, 0.9397761009933804, 0.9784282488363502, 0.9231231166251558, 0.5976724117155849, 0.8423965404566396, 0.9144984002288947, 0.14913148779738972, 0.9153336793270643, 0.9370438060893194, 0.804965789556116, 0.9551546090951106, 0.8903488809364875, 0.6722027319347103, 0.5211135450835734, 0.8870723526005366, 0.8574603931482624, 0.8827025434534286, 0.9663003517274056, 0.9666175860912556, 0.7374667006005411, 0.6977859132333788, 0.8214360672928542, 0.3289355984498638, 0.789668286817727, 0.8253279370107688, 0.8117524795680529, 0.813086186114488, 0.7338361932866122, 0.7367294917500934, 0.7161306162098185, -0.21958621105759138, -0.35656148741713606, 0.6084674976654033, 0.8994610995949345, 0.9459440982168349, 0.9492434728414328, 0.9189087440823788, 0.825044802781833, 0.9168701508235879, 0.9390161293722885, 0.938924989689719, 0.8686518309256966], [0.9988119297914116, 0.9971442175881919, 0.9922310896493085, 0.9991361612417093, 1.0, 0.9923220112141452, 0.9990507393023316, 0.9981500251474581, 0.9982041685529275, 0.9725206622547548, 0.9973755003433715, 0.9982070674891579, 0.9979377985637546, 0.9981867172324121, 0.9982546306453199, 0.9985097267441047, 0.999084831096482, 0.9986150084239032, 0.9986192606453648, 0.9982888534877223, 0.9981904421036982, 0.9930890992299634, 0.9763378286642466, 0.9931553366429761, 0.9930537181621791, 0.9848626627496938, 0.9780849485306878, 0.9436190057419902, 0.9909632432213975, 0.9929463847676068, 0.9900998163068031, 0.9652429755109396, 0.9989793083768661, 0.9990011882189402, 0.9989824896979104, 0.9983215616188978, 0.9985532739532941, 0.9990790219126952, 0.9991433996278755, 0.9990576860383644, 0.9989615070695818, 0.998963372694584, 0.988256380731615, 0.9336622214105506, 0.7350403239542153, 0.920629010669994, 0.9191131195791732, 0.8214889945787675, 0.9533616191907066, 0.926339183363026, 0.9568881145230973, 0.9571112878189231, 0.952169269075178, 0.9804060653350178, 0.9803277289571238, 0.9761041572860281, 0.9659366161252685, 0.9770842521730655, 0.9757987456380395, 0.9773991936700656, 0.9771116727445045, 0.948583607113615, 0.950415876581276, 0.9469278374519448, 0.9465354047276192, 0.8953995876928014, 0.9692842529555706, 0.966015656348959, 0.9732011593500581, 0.9721633716389144, 0.9266385779486407, 0.8202351849336879, 0.7705386316519198, 0.8461683395188743, 0.8949453736481017, 0.874431668798703, 0.8839164791488691, 0.8828221347757376, 0.6518129938432419, -0.5877648575702005, 0.964604286560493, 0.9461259554755337, 0.9447988595223136, 0.9774305799396503, 0.9328045603773137, 0.9697658949694462, 0.969273092491225, 0.926517337452837, 0.9720608502403882, 0.9314076062686105, 0.5822091292918891, 0.8701853878940405, 0.9360830340191418, 0.042903669223784864, 0.8891293442489525, 0.9180048032867824, 0.7981235739985718, 0.961511624937521, 0.8767074944699704, 0.5283086672674144, 0.40470065488243495, 0.8636342157074859, 0.8129844404906407, 0.8645256215188729, 0.9710548259679153, 0.9713057103273051, 0.6884305057999665, 0.6764842145123023, 0.7331502738974214, 0.3009919937964549, 0.6653372182046609, 0.7390996574557043, 0.7143468859590101, 0.6950739681648809, 0.7156116191152149, 0.7177636180792001, 0.6961042500749498, -0.4505039388335195, -0.5239404877850092, 0.5938833613965763, 0.8914972344088885, 0.9291534630971557, 0.9396262353401805, 0.9148135062137256, 0.7987286949047671, 0.8969907284730342, 0.9222939283640601, 0.9217342730150035, 0.8015623239393772], [0.9889033373732555, 0.9897518896688084, 0.9891748977112819, 0.9897658316193565, 0.9923220112141452, 1.0, 0.9893929346375848, 0.9890201188751891, 0.9883454885566129, 0.9667273682973886, 0.977626174899819, 0.9889977505308011, 0.990009436016464, 0.9890853342602761, 0.9891790410784498, 0.9920064568902649, 0.9903089728969171, 0.9899777254055597, 0.98995443806726, 0.9877883230797865, 0.9890193332000072, 0.99622513513942, 0.9908890624011906, 0.988373725646604, 0.9880045918144748, 0.9627052985346443, 0.9833383335713406, 0.9640783274319589, 0.9755631488304398, 0.9786431802259606, 0.9873820637729089, 0.9748242707867183, 0.9894313183766108, 0.989526210203811, 0.9903593214167711, 0.9900590968175533, 0.9812669828273132, 0.9901818443412811, 0.9897514134606097, 0.9897805617642108, 0.9895282457865625, 0.9895034414730792, 0.9940389362567189, 0.8879406435372662, 0.7460237653511518, 0.8772229322164945, 0.9197780993363813, 0.85366726184068, 0.9430439956356591, 0.9144050716215915, 0.9445708801180431, 0.9508014051553275, 0.9416271062143049, 0.9655018820375635, 0.9699202023767782, 0.9654077369672658, 0.9762670345240928, 0.9668654519953285, 0.9784089181330742, 0.9668612977901722, 0.9663060414256002, 0.9636710504950561, 0.9561345481838277, 0.9429013939753151, 0.942419149312297, 0.9267073384175627, 0.9748775575238848, 0.9670953133716124, 0.9661867122089756, 0.9644348346040217, 0.943327034329958, 0.8478676859805505, 0.7997652201093369, 0.8680727646662025, 0.8889907553216841, 0.895966078559798, 0.8802198549510132, 0.8784075116277843, 0.6212311417765864, -0.4861099203129497, 0.9716184323704238, 0.9647391466305109, 0.9618467514099537, 0.9666836112841515, 0.9473092386568917, 0.9726001355479847, 0.9723172512991242, 0.9488860554207814, 0.9621204549284524, 0.9489209039136511, 0.5958136446812528, 0.7966518669492624, 0.9297158010079991, 0.1472350951909778, 0.9028908103700428, 0.9232921220680288, 0.8022082794609058, 0.9510335088392609, 0.8496277118592303, 0.628343654068626, 0.5020198029734185, 0.8468132756062191, 0.820312027154516, 0.8433912322764558, 0.9535656716151747, 0.9537438829984712, 0.7034176378606941, 0.6800177507735269, 0.7692622386420523, 0.33036627776967586, 0.7448598247426016, 0.774928984813414, 0.7605176019995586, 0.7632711447202589, 0.7218610289600275, 0.7101684576714495, 0.691636557009045, -0.25051320995721527, -0.37516818005909786, 0.6450655913650546, 0.8910699150206637, 0.908898800553077, 0.9159693636706223, 0.903833057605416, 0.8034174777448823, 0.8772070795141028, 0.9006446845714879, 0.9005282303620216, 0.8473020165274995], [0.9973341892622823, 0.9922250281506381, 0.990555637242852, 0.9977186567367106, 0.9990507393023316, 0.9893929346375848, 1.0, 0.997005746840145, 0.9995082613663755, 0.9710356179562089, 0.9993799864152272, 0.998018474251517, 0.9990416530804052, 0.9989559117071505, 0.9987155362485631, 0.9980408592670723, 0.9998472828023981, 0.9992075484445251, 0.9992138741125116, 0.9996306352353006, 0.9991747388670573, 0.9905254212490604, 0.9731179601822643, 0.9833642532464147, 0.9920606688392731, 0.9839704034832439, 0.9701375891336038, 0.9387784898204908, 0.9925865557174384, 0.991713731616814, 0.9929553733900849, 0.970713272011681, 0.9987532116359116, 0.999803955055316, 0.9995971627800392, 0.9993618066375167, 0.999612166993364, 0.9998363829294689, 0.997775028494802, 0.9995340587491556, 0.9992273305528621, 0.998811884929582, 0.9832157827177904, 0.9361905123989264, 0.7476915097462989, 0.9301834816142625, 0.9237196646419553, 0.8081834852829765, 0.9614212468959616, 0.939997675401019, 0.962318661350266, 0.9601219308733091, 0.9558666190123529, 0.9821678343777537, 0.9799780391990305, 0.936366556042234, 0.9515209045342905, 0.9663880375779906, 0.9667101434776876, 0.9683516125460166, 0.9370101443188357, 0.8814102570692333, 0.9394743897430342, 0.9527782699077006, 0.9295026490226949, 0.8680129169900419, 0.9578765652768686, 0.9246203565389409, 0.9595920938339758, 0.9365455231779107, 0.7117327055544644, 0.8145689787431061, 0.7473162257234385, 0.8313566974756236, 0.8622694813321182, 0.8655001089115623, 0.846788234653634, 0.8592830718766737, 0.23061125809367178, -0.5516333351251034, 0.9544047552148076, 0.9282137088578339, 0.9292130063292118, 0.9391628841899874, 0.9324883408004523, 0.9633553966107101, 0.963481795049284, 0.9172437222414603, 0.9594280730935508, 0.8061348719892418, 0.5793199648745382, 0.873547163112731, 0.9140535455942236, 0.12697681533493624, 0.9127970372153805, 0.9357430828747337, 0.7983504370708, 0.9616698619189821, 0.8308587091116766, 0.6577679602291032, 0.5039804774036001, 0.8426053432934287, 0.8348369091251796, 0.8279754274010881, 0.9715224106010294, 0.971834804125084, 0.7217208112152709, 0.6717117615869883, 0.7853858567521763, 0.2955324377730578, 0.7652139010710609, 0.7939473608486677, 0.7852013849889384, 0.7904678479230564, 0.710811363150876, 0.7217126933810899, 0.6992224073103934, -0.2403931699341357, -0.38449155158376824, 0.6136249800424656, 0.8915239558368413, 0.9314087615381932, 0.9463699883086066, 0.9169179876253034, 0.8221406286795924, 0.9155672538000359, 0.9378283471941611, 0.9371562178211876, 0.7743020808921021], [0.9949289706732887, 0.9870702862191966, 0.9908539723212255, 0.9954938921007984, 0.9981500251474581, 0.9890201188751891, 0.997005746840145, 1.0, 0.9999834641521558, 0.9646975973957771, 0.9995988122444419, 0.9999968378436427, 0.999644752218758, 0.9999977031730382, 0.9999806930967335, 0.9962480250641058, 0.9991238621924373, 0.9998792783640017, 0.9998791885515589, 0.9999535301571247, 0.999994249116309, 0.9907056593425043, 0.9739663473826066, 0.9912912205614739, 0.9925376459671165, 0.9802071033517644, 0.9722809060146884, 0.9371214167889652, 0.9889372367461313, 0.9944569264828715, 0.9916977823490128, 0.9673152494924763, 0.9994219429433737, 0.9994684111827986, 0.9996095145865702, 0.9996627016469827, 0.9986281751518441, 0.9993682958755158, 0.9990842191286418, 0.9982142221131893, 0.9994925573264634, 0.9993512490644307, 0.9845180956669289, 0.9375112047117969, 0.734639559284118, 0.9386586232205792, 0.9219837563628535, 0.7855175159752623, 0.9602350659109665, 0.9350470738009724, 0.9607874654164439, 0.9537245723132892, 0.9495387045498951, 0.9803050152985613, 0.9767326418367275, 0.9301314515714911, 0.944043023612218, 0.9575931845187922, 0.9619029424833664, 0.9601205273383216, 0.9349035788593437, 0.8687641848723103, 0.9324889931015329, 0.9443351342772852, 0.9231669588479029, 0.8512879441154998, 0.9533730296025275, 0.9161867980551821, 0.9521234566338241, 0.930675044827378, 0.6925083446393666, 0.8034187821905194, 0.7421154867154297, 0.8200521628181086, 0.8523345766352006, 0.8585821500838985, 0.8411534959211517, 0.8503773281978275, 0.20812550477806593, -0.559154637138888, 0.9480026549551511, 0.9158845818355498, 0.9191759009559861, 0.9367629310161584, 0.9240614723961654, 0.9572172597022208, 0.9573654455101833, 0.9085075486841604, 0.9501140659229305, 0.7888746516848322, 0.5733404772191704, 0.8984521641521126, 0.9274996584523832, 0.11277171040250884, 0.9116461832467407, 0.9349908676754225, 0.7954387481622397, 0.9667302102247662, 0.8353651098971694, 0.6440181597896704, 0.49084685555992263, 0.8445032318387738, 0.8320265214773523, 0.8320953688485049, 0.9747915595515911, 0.975105277959576, 0.711365928418392, 0.6621522788404102, 0.7880500611376146, 0.279390620180881, 0.7602578996444529, 0.7900145443274627, 0.7871187332986399, 0.7852629781671456, 0.7026124512189083, 0.7150013898660544, 0.6917572782853355, -0.25834896019536674, -0.40154925300241645, 0.5924390667700771, 0.8826275007913, 0.9294267066534452, 0.9386576067201522, 0.9103104843158748, 0.8103084144304187, 0.9091112064186829, 0.9315918805140921, 0.9311857944152818, 0.7532142446421806], [0.9952101559942467, 0.9871171912737694, 0.994193348611247, 0.9958916726743254, 0.9982041685529275, 0.9883454885566129, 0.9995082613663755, 0.9999834641521558, 1.0, 0.9639772858491529, 0.9995975377931464, 0.9999810774775638, 0.999824855593785, 0.999989547844371, 0.9999966891338434, 0.9989346785770725, 0.9990556579629863, 0.9998089968958414, 0.9998083094261709, 0.9999655313222703, 0.9999820453762813, 0.9933524652649834, 0.974983534406753, 0.9945975807610026, 0.9947697838886824, 0.9802563557107263, 0.9763954909241854, 0.9381998269909986, 0.9894571112849043, 0.9934854190144351, 0.9886762970849595, 0.9626390678450807, 0.9993288566870394, 0.9994095977294801, 0.9994044725244116, 0.9998250809234395, 0.9986406276892432, 0.9993621896541381, 0.9993007146213524, 0.9982054239836294, 0.9993214590596724, 0.9993160664874365, 0.9887563477972624, 0.9375268640078095, 0.7356074814839542, 0.9386259539170086, 0.9220318497092089, 0.7857343247711752, 0.9485832674970059, 0.9211833774222254, 0.951663571150214, 0.9511676770332521, 0.9469280358496984, 0.9774621986628249, 0.9768993336518439, 0.9639218154043706, 0.9445821141699582, 0.9648271142291514, 0.9619821291365244, 0.9652452381563181, 0.9648631069706871, 0.9340845703748921, 0.9317690316866505, 0.9349357507862394, 0.9345078618570936, 0.8822521121507862, 0.9537538014986502, 0.9551687413357091, 0.9615743377407802, 0.9602338011298782, 0.9118127535472976, 0.8026288038392603, 0.7468987173196903, 0.8193933449028441, 0.8738399105900769, 0.8565802772888914, 0.8647062358218668, 0.8636661694802559, 0.5936776040673539, -0.6232252095604669, 0.9479507751204597, 0.9159145306035404, 0.919240346286768, 0.9654631941359154, 0.9154960478114935, 0.9566770690893852, 0.956091509702614, 0.9093738103993307, 0.9592473040368719, 0.914581707379719, 0.5713247898911058, 0.8982140346179317, 0.9432423485687527, 0.053673458539818086, 0.896067254739066, 0.9241533643507741, 0.7944910317915489, 0.9652847724982251, 0.8832705801065426, 0.5530235946499048, 0.4269803531132228, 0.8707195877713649, 0.8213298126357534, 0.8723105790248793, 0.9747242937378762, 0.9750229877634449, 0.7092360745565358, 0.6592795261667268, 0.7492712188108718, 0.2769740617048636, 0.6835524074149312, 0.754752728027057, 0.7319847168308029, 0.7134102812471331, 0.7001070152810733, 0.7117541038351892, 0.6884759515449058, -0.5017954258878905, -0.5770742908931291, 0.5927115985454612, 0.8815138273407948, 0.9278673409275655, 0.9395071301199297, 0.9093251000103041, 0.8049711637386674, 0.8968509291707986, 0.92109250730582, 0.9205121697729328, 0.8100798256978634], [0.9797980254608989, 0.965421038052664, 0.9528796182206357, 0.9796058474180579, 0.9725206622547548, 0.9667273682973886, 0.9710356179562089, 0.9646975973957771, 0.9639772858491529, 1.0, 0.9473057688713652, 0.965101774655128, 0.963965278126691, 0.964821888184672, 0.964365878715249, 0.9661921724157388, 0.9755664225066752, 0.9696758387859015, 0.969682080073804, 0.9648773964916323, 0.9649554396961252, 0.9648948567474798, 0.9504291530222783, 0.9720944945364935, 0.9699199245149396, 0.8780436879124891, 0.9683615225903434, 0.9483252439243934, 0.9744277937667888, 0.9682035166885483, 0.9681945758529986, 0.9320843650249699, 0.9735045694013817, 0.9730529275891832, 0.9735656189497484, 0.9651315480111138, 0.9557794101904853, 0.9725369878204595, 0.9733762710589292, 0.9774489464937502, 0.9737018049064581, 0.9737202824086373, 0.9554006365812865, 0.8397583783414817, 0.5565302843163806, 0.7759967452326632, 0.893354996076286, 0.8805814678364634, 0.9018419646168966, 0.8191564406537715, 0.9063654885293697, 0.9141937160140177, 0.9035781360706316, 0.9289447504574591, 0.9287902469082568, 0.9443715020400123, 0.935676376084655, 0.9549981088739491, 0.9484203392431023, 0.9531984550206773, 0.9532418873823855, 0.9130984724084186, 0.9510819546072142, 0.9340552972738715, 0.9337359728942866, 0.8491739616226965, 0.9361150602675992, 0.9445632726739125, 0.9374676027629639, 0.9364889678728365, 0.8879641393721569, 0.8106331997731552, 0.7653336545530499, 0.8557299990194045, 0.9103442205647033, 0.880170430026868, 0.8952780997053529, 0.8945195319341146, 0.6954355585379084, -0.30004516319300495, 0.9527618494954725, 0.9540740516132442, 0.9456357378635054, 0.9463336377670114, 0.9141498397759886, 0.9541110508348164, 0.9539782791573689, 0.8993255465619181, 0.9564196520758934, 0.9052609609372607, 0.690413419227696, 0.6438614190523259, 0.859520031833762, 0.07250689687010897, 0.8446033130469847, 0.8845591934826038, 0.870083288089859, 0.9474166132726533, 0.9042342044254612, 0.4600123281252691, 0.44106646963891216, 0.8966062936996256, 0.8712484713359137, 0.9026503771191342, 0.9478257900019184, 0.9481862450948618, 0.5369217600230451, 0.6991955968534149, 0.6132032792441118, 0.482653552858046, 0.5709634213130228, 0.62797607315332, 0.5884374901219868, 0.5657034633275083, 0.797536612465532, 0.6747983822744272, 0.6394074385993492, -0.2690446991483908, -0.31387645385603963, 0.7398452695812808, 0.9160870544373686, 0.9220699755608829, 0.9078634937780969, 0.9408070688049995, 0.6485733245122705, 0.8375449181574478, 0.9080086802154664, 0.9071118199377847, 0.6911430479103527], [0.9911017996302991, 0.9898383001405602, 0.9966227604566419, 0.992833272857207, 0.9973755003433715, 0.977626174899819, 0.9993799864152272, 0.9995988122444419, 0.9995975377931464, 0.9473057688713652, 1.0, 0.9996333085158216, 0.9996076714683179, 0.9996162074621618, 0.9996249997651542, 0.9993415366943247, 0.998609606157307, 0.9999493107193967, 0.9999499159443594, 0.9996149312411624, 0.9996258191862429, 0.9888766714111955, 0.9525708706120685, 0.9899426338459504, 0.9912155064332377, 0.9856501924571581, 0.9662859833404474, 0.8853889404544151, 0.9881158974697186, 0.991970197497401, 0.9710377250230092, 0.890684383374954, 0.9990864328231963, 0.9991597906898838, 0.9990764900028235, 0.9994273053487681, 0.9993503966940286, 0.9990950017385591, 0.9989440636297058, 0.9969972897588492, 0.99905304414633, 0.9990496813128873, 0.9883997120593719, 0.9314321776375784, 0.6067729948601787, 0.9335874531778507, 0.9214732017676646, 0.7909168535648367, 0.868559177500292, 0.8898564399490697, 0.8742670782676988, 0.879817576571108, 0.8653581596526888, 0.9502461060892687, 0.9501538160349918, 0.943967013352017, 0.946633332473068, 0.9339890051781633, 0.9365895944406483, 0.9391767978406562, 0.9389704626345641, 0.8821927516194592, 0.8940180918858773, 0.8468457445189101, 0.8466296036498897, 0.7100601735381756, 0.939704987073297, 0.9434869905430963, 0.943843052596638, 0.9431583299666358, 0.8853243610183704, 0.5505882630084812, 0.48402950170122666, 0.6532960076959179, 0.765252557242525, 0.6826301391251473, 0.7274635337483347, 0.7264412922715443, 0.46987837909342356, -0.39459821158532815, 0.9081764470358852, 0.9202687653795837, 0.9077982103793452, 0.9457636477042963, 0.883779946806358, 0.9151625864022785, 0.913683587093061, 0.8328137746291463, 0.9203437516164363, 0.8419628688563582, 0.43975930465027696, 0.8934719882292157, 0.8929209649328332, -0.251053460157333, 0.6314749787355766, 0.731910356798567, 0.6277718528535585, 0.9664722969202859, 0.6477820072300239, -0.12600229945051697, -0.03845997690744, 0.6194688306047735, 0.6249585909678024, 0.6671933722330828, 0.9679295317725952, 0.9679888468358091, -0.05075749008709321, 0.16755478226930692, 0.031570018757242205, -0.0008089631042559548, 0.02518439212811592, 0.044102447326802297, 0.011427224928545969, -0.03299967354801161, 0.33992041249546523, 0.08367084848750873, 0.03387887940679354, -0.5281367412577036, -0.5557761691886444, 0.5928895194674764, 0.7320879123034391, 0.7546041529623988, 0.8203388601098254, 0.817933624487237, 0.496329571709152, 0.7147096959255492, 0.7532145807077397, 0.7518373115003932, 0.4012036271088866], [0.9950833169331438, 0.9873719321065603, 0.9907620168182348, 0.9956307708407394, 0.9982070674891579, 0.9889977505308011, 0.998018474251517, 0.9999968378436427, 0.9999810774775638, 0.965101774655128, 0.9996333085158216, 1.0, 0.9996314056513865, 0.9999976103245635, 0.9999838143880843, 0.9969158230138399, 0.9991841513755946, 0.9998914632201914, 0.9998914731075856, 0.9999615516170329, 0.9999947409463703, 0.9906252395831942, 0.9738555036362628, 0.9919419071478699, 0.9925070028652804, 0.9804627278093905, 0.9721294331684807, 0.9371645118511535, 0.9898125837494296, 0.9944984819834296, 0.9917582894157994, 0.9674453128345166, 0.9994629373195039, 0.9995126218061207, 0.9996434873017059, 0.9996655246427749, 0.9987273731947626, 0.9994153933312317, 0.9991218361780829, 0.9983053856808964, 0.9995350789711939, 0.9993930636321917, 0.9843445946568248, 0.9377291570262438, 0.7353028436966397, 0.9385018659433081, 0.922202401960937, 0.7867121226715891, 0.9605262704118844, 0.9354514544851673, 0.9610879079571469, 0.954072639750385, 0.9499008508879911, 0.9805283632068832, 0.9769032765926144, 0.930494900253786, 0.9443673973489932, 0.9579671491045675, 0.9621249450427753, 0.9604842753298872, 0.9351961443847738, 0.8690829925915352, 0.9328565037959748, 0.9447995498843887, 0.923627308726824, 0.8518203057594939, 0.9535530398989202, 0.9164895546321268, 0.9524251450988306, 0.9310218782032986, 0.6927766276790023, 0.8040011230876233, 0.7427086905557949, 0.820631867522839, 0.8527731734256411, 0.8589349697895791, 0.8416302855691863, 0.850884458605081, 0.20858171072245685, -0.5589250898434277, 0.948312888030772, 0.9164933936162505, 0.9196514316726234, 0.9370401094419133, 0.9244326978031907, 0.957518746698396, 0.9576659267012245, 0.908859740235378, 0.9505128154633739, 0.789267672856991, 0.5736717879574028, 0.897342682657706, 0.9269520809554379, 0.11348741172829072, 0.91174186461653, 0.9350772435136724, 0.7957460466830173, 0.9665587483048946, 0.8357772814678982, 0.6449587404759333, 0.4917138422220659, 0.844942498517458, 0.832549706242525, 0.8324951588364968, 0.9747094535160884, 0.9750228775700294, 0.7120226236603745, 0.6628019182731173, 0.7885855946523662, 0.28034232846249046, 0.7609294710727758, 0.7906619324692651, 0.7876596113596819, 0.7859407573374969, 0.7030706819310254, 0.7154601929920494, 0.6922495827847454, -0.25726466983130863, -0.4005605884107054, 0.5931306161504626, 0.8831294404600741, 0.9298090437542247, 0.9391376158713356, 0.9107458536936853, 0.8108472460104392, 0.9096326344566158, 0.9321000625683178, 0.9316799982695229, 0.7538711248077432], [0.9942528697290456, 0.9871553118304228, 0.9927268484985026, 0.9950139306604998, 0.9979377985637546, 0.990009436016464, 0.9990416530804052, 0.999644752218758, 0.999824855593785, 0.963965278126691, 0.9996076714683179, 0.9996314056513865, 1.0, 0.9996680156938358, 0.9996516187124115, 0.999046589776406, 0.99865141849303, 0.9994391128011967, 0.9994331359225869, 0.9996461582306663, 0.9996215048808925, 0.9925980149422262, 0.9754906428409139, 0.9954028478138314, 0.9952953097839627, 0.9802572564009046, 0.9749948581247796, 0.9397987858725013, 0.9890288543998091, 0.9925176669166892, 0.9908560666604666, 0.9650462779347263, 0.9987419908900694, 0.9990436475892054, 0.9992352732920979, 0.9999233674818526, 0.9986663672542818, 0.9989920444829012, 0.9985496992920602, 0.9975144321851653, 0.9987316847739159, 0.9986553100172861, 0.9882713934634677, 0.9377206130440077, 0.7315501194648958, 0.9386795722727388, 0.9221362196186949, 0.7859713931681694, 0.9568619329610067, 0.9283186477708398, 0.9576851073771987, 0.9507508112447011, 0.9460494554985047, 0.9770013455019163, 0.9748465366283945, 0.9549222140547542, 0.9439666977248673, 0.9581776494803671, 0.9610910793437382, 0.9602092680510927, 0.9595563265919583, 0.8731646001179457, 0.9294699905935601, 0.943026821079332, 0.9428192787017126, 0.8496495094256628, 0.9536806660439896, 0.9290670895045519, 0.9543071714760373, 0.9528750004941308, 0.69678945752328, 0.8006202880565654, 0.7647517786402379, 0.8179146681744823, 0.8542399002311738, 0.8578118854753995, 0.8494941003209044, 0.8498431801182825, 0.1920114469392562, -0.553554049815735, 0.9471140188047273, 0.9161069492876224, 0.9183374656735513, 0.958098327295615, 0.9238958889616858, 0.9560237500230676, 0.9561296431918233, 0.9081437942045122, 0.9507966554182027, 0.7961861187046243, 0.5741778781039102, 0.8979883209427262, 0.9272331233040504, 0.10813802934272101, 0.9093718996842882, 0.9330967282858192, 0.7968642749728092, 0.9693783358345687, 0.8291258082239511, 0.637147210699582, 0.48621896174705165, 0.8360281149172246, 0.8272181891521282, 0.8241048203869251, 0.9767578077079492, 0.9770232849080975, 0.7026237976239906, 0.6570790650755812, 0.7672459784859078, 0.28002194798196395, 0.7507876880795649, 0.7791983695076277, 0.7556898092546172, 0.7747622430551495, 0.700545250790933, 0.7047666676388132, 0.6818242791461918, -0.2642454550036356, -0.4059056716259594, 0.5926535194463485, 0.8809168165137582, 0.931441983710149, 0.9346939272510644, 0.9099569549945568, 0.8028457395507872, 0.9031096668861426, 0.9251340192142131, 0.9253450262880343, 0.7483614989559465], [0.9949874698131652, 0.9872115062812384, 0.9909206913164775, 0.9955505464700193, 0.9981867172324121, 0.9890853342602761, 0.9989559117071505, 0.9999977031730382, 0.999989547844371, 0.964821888184672, 0.9996162074621618, 0.9999976103245635, 0.9996680156938358, 1.0, 0.9999880315932442, 0.9985470420214827, 0.9991424921677042, 0.9998831399843098, 0.9998827174023155, 0.9999557595682141, 0.9999919597830459, 0.990745293865177, 0.974024067428382, 0.9938512250142415, 0.9937179739159552, 0.9803579115134404, 0.972327447991227, 0.9373171908880341, 0.9923088408432369, 0.9948345481759245, 0.9916366795558892, 0.9672087399436846, 0.9994387227820533, 0.9994740889960003, 0.9996203719004472, 0.9996828041535752, 0.9986745130242721, 0.9993805879439009, 0.9991537559023784, 0.9982366875257175, 0.9995068792148659, 0.999368896142491, 0.9844998705147765, 0.9375755361913063, 0.7347403545946334, 0.9386265088197967, 0.9221450195903367, 0.7860816298667217, 0.9603469258469562, 0.9352322589048125, 0.9609419905494725, 0.9536954627350311, 0.9494845188414067, 0.9803566597773656, 0.9766970217469324, 0.930511658411053, 0.9442139770386877, 0.9578065352143724, 0.9619734589422327, 0.9603158967513714, 0.9345718149215684, 0.8690249855032409, 0.9323180291871971, 0.9444167413902484, 0.9234367342667201, 0.8514341188210234, 0.9535531452252165, 0.9166377478079512, 0.9523862130776871, 0.9310748672204018, 0.6929389110024852, 0.8033576961453173, 0.7424374126815572, 0.8200386599382685, 0.8525390127231499, 0.8585478300597443, 0.8413409092730195, 0.850583181347292, 0.20850984838137973, -0.5588102932806598, 0.9480717194271008, 0.9161719608170106, 0.9194006245496403, 0.9345511406847521, 0.9243498307041609, 0.9572981979954786, 0.9574428926854013, 0.9086969893559232, 0.9503272376549114, 0.7891986672064345, 0.5734271343270354, 0.8979291098261278, 0.9273304345987949, 0.11277269791641165, 0.9115005671022149, 0.9348771949586431, 0.7954465660882196, 0.9667471084727909, 0.8354339375062511, 0.643900526420564, 0.49074496985223415, 0.8445557494470778, 0.8322051979668051, 0.832157182257672, 0.9748470495808097, 0.9751566419549489, 0.7108962775132203, 0.6617226601355436, 0.7880584823992286, 0.27972801064960573, 0.7602559735743788, 0.7899533430629481, 0.787322958092364, 0.7851762991244005, 0.7025059633793679, 0.7141301972301722, 0.6909238513939229, -0.25812817507597247, -0.40132345240569456, 0.5928337658558769, 0.8825530644147088, 0.9295940402681767, 0.938744029601929, 0.9103725166849514, 0.8101206614348958, 0.9093722435614628, 0.9316732818432512, 0.9313864698051253, 0.7533569670134505], [0.9951413881987591, 0.9873198581411669, 0.9908272390576588, 0.9956797649292459, 0.9982546306453199, 0.9891790410784498, 0.9987155362485631, 0.9999806930967335, 0.9999966891338434, 0.964365878715249, 0.9996249997651542, 0.9999838143880843, 0.9996516187124115, 0.9999880315932442, 1.0, 0.9985447679404608, 0.9991702152726427, 0.999879654827229, 0.9998796962446361, 0.9999555781821283, 0.9999764278129463, 0.990655670328845, 0.9740493142968653, 0.9922420441142599, 0.992299207104721, 0.9805261644183493, 0.9720555910886771, 0.9373295718536689, 0.9923496502332765, 0.9944169173974083, 0.9914843807191083, 0.967116963483416, 0.9994823813382688, 0.9994626480182764, 0.9996116579178133, 0.9996731421573325, 0.9986988456114194, 0.9993893411407008, 0.9991877021983556, 0.99829792493341, 0.9995415481989189, 0.9994181654951477, 0.9842643452976746, 0.9374078317114768, 0.7355434964449842, 0.9383790268000908, 0.9220563530617072, 0.7864240015723598, 0.9609205436815969, 0.9363826984244726, 0.961583495238586, 0.9539076868557984, 0.9496717728358582, 0.9808635713152983, 0.9769111866840444, 0.9314388551438589, 0.9447684216176466, 0.9582851907654006, 0.9621793522048608, 0.9608003316458986, 0.935999283307606, 0.869363148939528, 0.9319622419576299, 0.9447954939900861, 0.924222955463706, 0.8514897148163336, 0.9540063898225452, 0.9174260047879176, 0.9530097563373918, 0.9320472693191506, 0.6931250549836276, 0.8029560920456982, 0.7436335917522379, 0.8197057802253076, 0.8526945771609331, 0.8581762922555097, 0.842010676986745, 0.8510071839620296, 0.20839342541028433, -0.5584249918728234, 0.9481718261742433, 0.9163955668279802, 0.9196273472266732, 0.9379048291299241, 0.9251442810755415, 0.9575057081667826, 0.9576453481098773, 0.9091685584420514, 0.9507703718608269, 0.7894114131995176, 0.5720261168494525, 0.8977289642416967, 0.9270298553775876, 0.1122172527127333, 0.9109876118728408, 0.934433732132079, 0.794524538724042, 0.9663732405182471, 0.8364485602690392, 0.6431664581083125, 0.4897533668865384, 0.8451101904863803, 0.8326907199055354, 0.8329347902567072, 0.9746269567056788, 0.9749257251338712, 0.7095806312190757, 0.6596607450781953, 0.7891507762873229, 0.27803905343734536, 0.7605376213853378, 0.7903440444081836, 0.7886046961489238, 0.7853850276446105, 0.7010269841602438, 0.71195898681943, 0.688733080639289, -0.2575578130416822, -0.4008750111268145, 0.5929439056637916, 0.8817197386083853, 0.9301830166796752, 0.9392584207253033, 0.9096453649892079, 0.8103447890444029, 0.9104088785256109, 0.9322564452191225, 0.9321283221264809, 0.7532664218676594], [0.9963527845670117, 0.992721828457849, 0.9913784342695942, 0.9968879974258632, 0.9985097267441047, 0.9920064568902649, 0.9980408592670723, 0.9962480250641058, 0.9989346785770725, 0.9661921724157388, 0.9993415366943247, 0.9969158230138399, 0.999046589776406, 0.9985470420214827, 0.9985447679404608, 1.0, 0.9988128445267942, 0.9989258795269693, 0.9989237236920869, 0.9987508533075522, 0.9984339599279924, 0.9920605355058004, 0.9767945711192904, 0.9827533681873609, 0.9893999147682669, 0.9871783156135634, 0.9740424871124311, 0.945086744083113, 0.9934710123186179, 0.9932163348383647, 0.9905941111159637, 0.9675288575875377, 0.9987785260061568, 0.9987410645111808, 0.9989586738833447, 0.9985634105336885, 0.9993508405663946, 0.998871402776877, 0.9989042168094355, 0.9981295924001516, 0.9986517527390433, 0.998729169239096, 0.983017394774969, 0.9304624705181199, 0.7420678658829974, 0.9308720114233876, 0.9248325798571234, 0.8050228255138264, 0.9645178829643282, 0.9407508147148663, 0.965781636671144, 0.9543526314556027, 0.9487888406771051, 0.9816189670624971, 0.9766467793380087, 0.9445084706092319, 0.954451141548801, 0.9653912846070873, 0.9666993805878495, 0.967013901484504, 0.9479689012736757, 0.8815539367036292, 0.9359721189409269, 0.9499425557775845, 0.9355520862672712, 0.8627318417084537, 0.960376034220193, 0.9314224952127578, 0.9607859831689548, 0.9451216840735555, 0.7112672243584501, 0.8109503591491662, 0.7617946202624427, 0.8289858288210799, 0.865587770812849, 0.86550952487