var config = { responsive: true }

var correlationClose = {"data": [{"type": "heatmap", "z": [[1.0, 0.9999840999086548, 0.9769798089079621, 0.9996916075921802, 0.9972320348103524, 1.0, 0.9900086777673516, 0.9851923080026354, 0.9905886516245639, 0.9728152328126967, 0.9789775738883604, 0.9900570601787606, 0.9902193926319645, 0.9901279541810649, 0.9901826413011238, 0.9931060440149841, 0.9933153185720833, 0.9912338177769566, 0.9912205656220109, 0.9911849000099219, 0.9900462166806346, 0.9769325010098582, 0.9635787118889788, 0.9759371363856926, 0.9759101216541904, 0.9493119131842331, 0.9519721061252028, 0.9426419704132125, 0.9898809281792408, 0.9898352577042551, 0.9856893810823443, 0.9741831872078088, 0.9932119104646077, 0.9941555667607264, 0.9932306763610254, 0.9914362932371272, 0.9855874736639861, 0.993824573124211, 0.9937812844617904, 0.9947240180274233, 0.9934231094277114, 0.9934097156332339, 0.9934231094277114, 0.8981747494699375, 0.6960409847278795, 0.8637801917013904, 0.899324304080085, 0.814957784351406, 0.9649433638390591, 0.9294187183585367, 0.9555127780557477, 0.9503885851358828, 0.9537934675952436, 0.9782870277859564, 0.9722014167862907, 0.9068140847256544, 0.8953615540513408, 0.9268827738807505, 0.8972306842897201, 0.9232600613169107, 0.9241569265090581, 0.9232600613169107, 0.8282617143752901, 0.9019718000752924, 0.9032310100766711, 0.9019718000752924, 0.8815320445117535, 0.7062020957672349, 0.8581600027385397, 0.8600012782816264, 0.8581600027385397, 0.5983345419300861, 0.48574615834265045, 0.5727535195302654, 0.7261710188054988, 0.46010674390186523, 0.5257461658830438, 0.527782192651006, 0.5257461658830438, -0.5972556703219091, 0.8686470009428341, 0.8991005278655726, 0.8807858908843512, 0.9083749810015428, 0.9335282659608971, 0.8669915391289489, 0.8684703776326625, 0.8669915391289489, 0.8799785268840896, 0.8799785268840896, -0.17408390988285438, 0.5016191873502512, 0.2134680606384275, -0.5116763975196303, -0.5413282812313578, -0.5451703336177435, 0.008591843354795398, 0.030324847206702463, 0.29018632153204155, 0.20094429612932704, 0.11967204077508457, 0.09447449003362657, 0.12155545495415884, -0.17148799112431215, 0.10001870799113004, 0.1002330626935087, -0.5131508084138791, -0.4081575484277341, -0.17041750005507955, -0.4538617772252918, -0.3367071572030875, -0.3119725406869616, -0.3023697977532146, -0.3119725406869616, -0.16328189568142887, -0.2166172130565002, -0.2166172130565002, -0.5212352364961932, -0.5212352364961932, 0.3996080797201657, 0.6707396520214577, 0.8791959459323099, 0.8568687114772041, 0.7966360675113375, 0.6775980162541577, 0.777504665960182, 0.8186470854151437, 0.8188443127962406, 0.8186470854151437], [0.9999840999086548, 1.0, 0.9635529430046226, 0.9991111538569625, 0.9926192371124883, 0.9999840999086547, 0.9741091328525843, 0.9633873593390466, 0.9738319264342636, 0.9547928480073625, 0.9763323673995077, 0.9741613100386367, 0.9741123619056139, 0.9739000298320312, 0.973004238026911, 0.9829593462241584, 0.9814206844061893, 0.9804644155574523, 0.9804290195782699, 0.9742423261474864, 0.9742301467532505, 0.9794127427209399, 0.9636636488662672, 0.9659431177344723, 0.9660297816426743, 0.9496606871515175, 0.9712233988091509, 0.924172189395929, 0.9734499631569338, 0.9735025208031144, 0.9702867676747172, 0.916596787077212, 0.9855045544822946, 0.9856178638733983, 0.9865087515867048, 0.9769129874845206, 0.9835664983970721, 0.9854932042412518, 0.9862517871704143, 0.986017653377286, 0.9866486933654809, 0.9866218642058678, 0.9866486933654809, 0.8983315428417863, 0.614143552650212, 0.8645332995005357, 0.9000113275361706, 0.8141639944218637, 0.8673809632260782, 0.883339270594903, 0.8577619511425084, 0.8740806685105255, 0.8638136428021906, 0.9382540131199733, 0.9383020992925644, 0.9090779592025607, 0.9208213255348964, 0.8945009563304952, 0.8941434200001838, 0.9022454646279623, 0.9031097708738699, 0.9022454646279623, 0.7453549383187156, 0.7078606166712347, 0.7100339578041251, 0.7078606166712347, 0.9142029987136934, 0.9202595517561492, 0.9138377756236463, 0.9152951182565932, 0.9138377756236463, 0.40778956700145497, 0.35239139511302536, 0.4748639171625085, 0.5732169675294309, 0.4494595035351215, 0.49631125032157924, 0.497668183163832, 0.49631125032157924, -0.19098928655229772, 0.8448780315296912, 0.8859530398908769, 0.8704504944189457, 0.9172193274758569, 0.9188433880455954, 0.8378456656365507, 0.8383291356223295, 0.8378456656365507, 0.8504130047064586, 0.8504130047064586, -0.2824205100677969, 0.501834679238981, -0.37670978541647865, -0.453942270825004, -0.4547260882298398, -0.45822115324199775, -0.2592568478541061, 0.20279515084423932, -0.17752878008236803, -0.3336538169650511, -0.1885668206503693, -0.24279695429473175, -0.26736966799515643, -0.29561949591027187, 0.07406015871300832, 0.06860105540707123, -0.46634137139895054, -0.4174676434303871, -0.44527875792296584, -0.47521312497197254, -0.4676772280362806, -0.4485111162027512, -0.4516523650905212, -0.4485111162027512, -0.34947590649076604, -0.47536118724707876, -0.47536118724707876, -0.45540360526146095, -0.45540360526146095, 0.39891516520009385, 0.44146215105403536, 0.5310875775340179, 0.6130693354433969, 0.5908507595688849, 0.26793556757557047, 0.4088360191444934, 0.406357661002227, 0.4064633918629189, 0.406357661002227], [0.9769798089079621, 0.9635529430046226, 1.0, 0.9810408696734604, 0.9907905404775263, 0.9769798089079622, 0.9852220790502392, 0.9832576693561269, 0.9922069011447933, 0.933952168941628, 0.9962719903684994, 0.985170719629851, 0.9826430553528303, 0.9849338030222142, 0.9848246218661983, 0.9879924089357747, 0.9890602511725322, 0.9826285256074275, 0.9826080612875128, 0.9907245622427567, 0.9850759819673472, 0.9904291890651653, 0.978768281618291, 0.9825536966495596, 0.9825705129720198, 0.9792283887414404, 0.9769398740651316, 0.9456743914523873, 0.9670252146355387, 0.9670927851574213, 0.9719832679834336, 0.9476086645821116, 0.9811332583639365, 0.9876742826039435, 0.9794425932745984, 0.9825242909602943, 0.9933395645531771, 0.9896303076092767, 0.9792312204587829, 0.9867112061437614, 0.9808218166683327, 0.9800995096655664, 0.9808218166683327, 0.9071437748104714, 0.6118091288624539, 0.9093191759861812, 0.8797385656962154, 0.6594060326629658, 0.908040117441338, 0.8573746967061245, 0.8956540214706611, 0.8924464761095546, 0.9000836788118661, 0.9293034383570502, 0.9388143421842203, 0.7381782564873737, 0.797579752401119, 0.8140111352279169, 0.8343797626998284, 0.8062273042721306, 0.7754834971516993, 0.8062273042721306, 0.7189914844804979, 0.7623769383584008, 0.7627883180532753, 0.7623769383584008, 0.8264125354229649, 0.3914318909554288, 0.5835064550547805, 0.654649726937661, 0.5835064550547805, 0.491443460873209, 0.4623255441222387, 0.45546884554115963, 0.6159281113962084, 0.39305031541176333, 0.424605355386207, 0.39088598450986173, 0.424605355386207, -0.5886501514751324, 0.7928144238553357, 0.7713616875716476, 0.7737322251349189, 0.7529043681818998, 0.8805809299798666, 0.7989800131617864, 0.8015687479694165, 0.7989800131617864, 0.7434358168002541, 0.7434358168002541, -0.28357905667750416, 0.6996205206296547, 0.16436605265798343, -0.6080173318920892, -0.6336552475370921, -0.6365377671816513, -0.1043213283791498, -0.01075081904323981, 0.28606706265833226, 0.06646919136596258, 0.012580881076756183, 0.045167515309217234, 0.011443446935704541, -0.16837021709517688, 0.0024785755342981624, 0.002393940703706185, -0.6040967314528334, -0.5230165017915617, -0.12705022323555804, -0.5788417769040992, -0.4344331836215135, -0.39844837737401484, -0.22931263864386187, -0.39844837737401484, -0.289231380122613, -0.3537503319555124, -0.3537503319555124, -0.6245942351340693, -0.6245942351340693, 0.3128904098212014, 0.5750054710464014, 0.7851038636083921, 0.7635566795230783, 0.7326472465275542, 0.5700277747367504, 0.7109882824524022, 0.7184045955352263, 0.7503778052718287, 0.7184045955352263], [0.9996916075921802, 0.9991111538569625, 0.9810408696734604, 1.0, 0.9984836861950006, 0.99969160759218, 0.9917346588794973, 0.9873971042237257, 0.9927486633008321, 0.9706743416925278, 0.9849076141849856, 0.9917695338701135, 0.9918590512423175, 0.9918105449990846, 0.9918519979761339, 0.9947463987954991, 0.9949097745733486, 0.99271307687832, 0.9927015126611248, 0.9931081909167809, 0.9917498192199304, 0.9803376339666788, 0.9667364126815492, 0.9790401235193797, 0.9790140758013178, 0.9627014192666725, 0.9565656176457885, 0.9439970800545238, 0.9898392768158278, 0.9898043557594751, 0.9866783036702382, 0.9736731623820254, 0.9941149005995749, 0.9954131874437157, 0.9940868268143613, 0.9927114246825547, 0.9900085753802047, 0.9953364756100056, 0.9944885599957971, 0.9959016954113291, 0.9942214992439146, 0.9942117984465482, 0.9942214992439146, 0.8978235617192795, 0.6835548907769505, 0.8741390610852989, 0.8944374004756543, 0.791617215577689, 0.959183921870102, 0.9215165909022454, 0.9487653328032272, 0.9447785807504966, 0.9489255247014825, 0.9741040678758011, 0.9695204463597394, 0.8801158766126043, 0.8842961880107397, 0.9103899930209893, 0.8911097239308453, 0.9016609014908982, 0.9029030010916277, 0.9016609014908982, 0.8171515326012715, 0.8876441669014347, 0.8890348942210805, 0.8876441669014347, 0.8758742402038905, 0.6325164186257698, 0.8093402756282059, 0.811237852161811, 0.8093402756282059, 0.5874437109839691, 0.4573823354283253, 0.5596416784444597, 0.7069458237829264, 0.45266166017924264, 0.49204072856763437, 0.4948081885410265, 0.49204072856763437, -0.5991053437706192, 0.8607262842940631, 0.8859065029192746, 0.8688651672303914, 0.8789859833239743, 0.9291638692584011, 0.8602650752238583, 0.8619385410709338, 0.8602650752238583, 0.8556768203393633, 0.8556768203393633, -0.18129298135724434, 0.5335695434782801, 0.21829059149142038, -0.5204374449773915, -0.5496915652169906, -0.5534413336403216, -0.004285050359405563, 0.023992554017082966, 0.2828893807924071, 0.18840549843782586, 0.10885852814693174, 0.08766651024764395, 0.11528119708230682, -0.17968434330132466, 0.08780139400350055, 0.08806146148297957, -0.5211336778264936, -0.4198517243155308, -0.1724059147866847, -0.46750738496167266, -0.3393128970243825, -0.3139596720258697, -0.3049153353633292, -0.3139596720258697, -0.17343708545728248, -0.2273844851965749, -0.2273844851965749, -0.5328640324727244, -0.5328640324727244, 0.38309353309479904, 0.6585661164268239, 0.8718751270744772, 0.849557857978628, 0.7894375037237628, 0.6689234957020993, 0.7688555635317386, 0.8103457448425944, 0.8105579005455601, 0.8103457448425944], [0.9972320348103524, 0.9926192371124883, 0.9907905404775263, 0.9984836861950006, 1.0, 0.9972320348103524, 0.9964950397973483, 0.9942327486533197, 0.9966756830263284, 0.9592480638292171, 0.9946171649054777, 0.9965133901093075, 0.9966156684560225, 0.9965473755609316, 0.9965450492960399, 0.997627117276446, 0.997249582686943, 0.9971476603704136, 0.9971431332718207, 0.9965088635873078, 0.996504063776965, 0.9929323664459029, 0.9795323003165991, 0.9894711207184669, 0.9894225587096371, 0.980425196029955, 0.9784172668631185, 0.9479295550339075, 0.9884474400257965, 0.9883817349413261, 0.9878418282395036, 0.964462803196469, 0.9976724010827253, 0.9976192831574651, 0.9975258040450623, 0.9970394571618958, 0.9969273622206362, 0.9978314393027068, 0.9979450783086992, 0.9976889503237951, 0.9976543289060411, 0.997656549361664, 0.9976543289060411, 0.9148027505024757, 0.6458096025712812, 0.9002018796254917, 0.8965716977665938, 0.7539698699091233, 0.9387413640423228, 0.8941155064636888, 0.9274815639215553, 0.9300756782692678, 0.9377149874161869, 0.9674715273078455, 0.9675496958742507, 0.8699571092868643, 0.8575379438631181, 0.8913086032066395, 0.8735644090128722, 0.88911060409796, 0.8896558836231665, 0.88911060409796, 0.7832063186414571, 0.8229837429224597, 0.8246919612162372, 0.8229837429224597, 0.860006880227625, 0.7384626869772061, 0.8393384887007327, 0.8405471196073167, 0.8393384887007327, 0.5342660013226574, 0.3947268393861755, 0.5150347023296085, 0.6919460067540895, 0.5078171201977006, 0.48379440431790594, 0.48399962339142744, 0.48379440431790594, -0.5865394147958604, 0.8363700570907061, 0.8488427171797149, 0.836243813561908, 0.8811614183202637, 0.9011135659934341, 0.8389221040111572, 0.8405434878624697, 0.8389221040111572, 0.8476748560842848, 0.8476748560842848, -0.2281582760942347, 0.6035743327689792, 0.07360731060325308, -0.5785343795504817, -0.612648486586787, -0.6130819159275388, -0.04258625568658489, 0.044016430416144225, -0.11645188018157587, -0.06381837499314871, -0.04533094161371308, -0.28989749576838525, -0.34278536539191135, -0.48889441332136213, 0.05091571908965483, 0.05099937617439619, -0.5545168499656653, -0.46136081880569824, -0.48235062921918026, -0.5154365091424826, -0.5725908868566318, -0.5427111699659314, -0.545075973797561, -0.5427111699659314, -0.22100086986378892, -0.2691529903498308, -0.2691529903498308, -0.6394588693739255, -0.6394588693739255, 0.35821013928980555, 0.6358989351607441, 0.8196196302071705, 0.7910983953717581, 0.7758237557665729, 0.5964259328951579, 0.617325384619161, 0.7020123168364711, 0.7023414996520295, 0.7020123168364711], [1.0, 0.9999840999086547, 0.9769798089079622, 0.99969160759218, 0.9972320348103524, 1.0, 0.9900086777673516, 0.9851923080026354, 0.9905886516245639, 0.9728152328126967, 0.9789775738883604, 0.9900570601787606, 0.9902193926319645, 0.9901279541810649, 0.9901826413011238, 0.9931060440149841, 0.9933153185720833, 0.9912338177769566, 0.9912205656220109, 0.9911849000099219, 0.9900462166806346, 0.9769325010098582, 0.9635787118889788, 0.9759371363856926, 0.9759101216541904, 0.9493119131842331, 0.9519721061252028, 0.9426419704132125, 0.9898809281792408, 0.9898352577042551, 0.9856893810823443, 0.9741831872078088, 0.9932119104646077, 0.9941555667607264, 0.9932306763610254, 0.9914362932371272, 0.9855874736639861, 0.993824573124211, 0.9937812844617904, 0.9947240180274233, 0.9934231094277114, 0.9934097156332339, 0.9934231094277114, 0.8981747494699375, 0.6960409847278795, 0.8637801917013904, 0.899324304080085, 0.814957784351406, 0.9649433638390591, 0.9294187183585367, 0.9555127780557477, 0.9503885851358828, 0.9537934675952436, 0.9782870277859564, 0.9722014167862907, 0.9068140847256544, 0.8953615540513408, 0.9268827738807505, 0.8972306842897201, 0.9232600613169107, 0.9241569265090581, 0.9232600613169107, 0.8282617143752901, 0.9019718000752924, 0.9032310100766711, 0.9019718000752924, 0.8815320445117535, 0.7062020957672349, 0.8581600027385397, 0.8600012782816264, 0.8581600027385397, 0.5983345419300861, 0.48574615834265045, 0.5727535195302654, 0.7261710188054988, 0.46010674390186523, 0.5257461658830438, 0.527782192651006, 0.5257461658830438, -0.5972556703219091, 0.8686470009428341, 0.8991005278655726, 0.8807858908843512, 0.9083749810015428, 0.9335282659608971, 0.8669915391289489, 0.8684703776326625, 0.8669915391289489, 0.8799785268840896, 0.8799785268840896, -0.17408390988285438, 0.5016191873502512, 0.2134680606384275, -0.5116763975196303, -0.5413282812313578, -0.5451703336177435, 0.008591843354795398, 0.030324847206702463, 0.29018632153204155, 0.20094429612932704, 0.11967204077508457, 0.09447449003362657, 0.12155545495415884, -0.17148799112431215, 0.10001870799113004, 0.1002330626935087, -0.5131508084138791, -0.4081575484277341, -0.17041750005507955, -0.4538617772252918, -0.3367071572030875, -0.3119725406869616, -0.3023697977532146, -0.3119725406869616, -0.16328189568142887, -0.2166172130565002, -0.2166172130565002, -0.5212352364961932, -0.5212352364961932, 0.3996080797201657, 0.6707396520214577, 0.8791959459323099, 0.8568687114772041, 0.7966360675113375, 0.6775980162541577, 0.777504665960182, 0.8186470854151437, 0.8188443127962406, 0.8186470854151437], [0.9900086777673516, 0.9741091328525843, 0.9852220790502392, 0.9917346588794973, 0.9964950397973483, 0.9900086777673516, 1.0, 0.9970215550061315, 0.9999668526882559, 0.9484109165169574, 0.9995279065373373, 0.9999959291394261, 0.9999568655506459, 0.9999919220493976, 0.9999163152878857, 0.9937329333292184, 0.9998067884020613, 0.9998226017011759, 0.9998229487578332, 0.9999942800125194, 0.9999963055627915, 0.9908552774890574, 0.9744952253830127, 0.9834471055926739, 0.9922051965093002, 0.9822264010961458, 0.9705907073891747, 0.9379929266915483, 0.992559176518299, 0.9922163161710446, 0.9920820930620224, 0.9678846423087653, 0.999275642990531, 0.9993597998733518, 0.9993322122921641, 0.9997297189284705, 0.9984888061602425, 0.9992369847518291, 0.9981605713788196, 0.999343410546756, 0.9990842199389058, 0.9989981744737013, 0.9990842199389058, 0.9213919606397079, 0.6446145096223164, 0.9227597927021824, 0.9004805028648728, 0.6991863315886896, 0.9482294614656847, 0.9123217872770074, 0.9358166063372686, 0.9264972446028005, 0.9373232635768161, 0.9691594965392886, 0.9612902039990385, 0.6939805411853515, 0.8007256763794308, 0.7848723235132272, 0.8307902870840669, 0.7774567163083261, 0.7486182967573762, 0.7774567163083261, 0.7346807567250485, 0.749915958236333, 0.7529635325798183, 0.749915958236333, 0.8139570070392477, 0.26745644675933616, 0.48945009817641255, 0.5836342262228528, 0.48945009817641255, 0.49939304988763883, 0.4595993611872526, 0.45692649363102233, 0.5924096585565939, 0.3688751148413836, 0.39815730028271584, 0.3456129565692696, 0.39815730028271584, -0.6525002022975113, 0.7894289077695988, 0.789256385344443, 0.7824893662379605, 0.71908841751975, 0.8848047607962389, 0.7949321757889332, 0.79730952648779, 0.7949321757889332, 0.7000538838262809, 0.7000538838262809, -0.26642523952606306, 0.6613926444345105, 0.26410417586794493, -0.568487447935303, -0.5958738327179011, -0.5991136921257879, -0.061059564311876646, -0.03068079912965469, 0.37879303910572293, 0.14543163304416348, 0.06452485316988896, 0.1326710943903161, 0.10036761790985389, -0.08714017257899123, 0.012201741878525778, 0.012548080771278862, -0.5708510680002279, -0.49483040096170006, -0.015546297338309444, -0.5561467375471532, -0.34637114066085484, -0.3131504400177397, -0.13628845434232117, -0.3131504400177397, -0.2593398238107764, -0.28223164937568035, -0.28223164937568035, -0.6018676251539076, -0.6018676251539076, 0.35302933579184786, 0.6095413401764083, 0.8042126494834888, 0.8099488410883152, 0.7626766032078757, 0.6492713926994366, 0.7481559521189637, 0.7709042093020247, 0.7892135034163053, 0.7709042093020247], [0.9851923080026354, 0.9633873593390466, 0.9832576693561269, 0.9873971042237257, 0.9942327486533197, 0.9851923080026354, 0.9970215550061315, 1.0, 0.9994185666707437, 0.9393132149790343, 0.9979971349153682, 0.9978495874084142, 0.9992066238326955, 0.9989303311116721, 0.9986054807510457, 0.9858792405859836, 0.9988302609748223, 0.9989890641755425, 0.9989918620296011, 0.9994644925375721, 0.9991066478636859, 0.990714679172125, 0.9747993817812636, 0.9913454702344764, 0.9920298760129117, 0.9766310517921281, 0.9726370481236559, 0.935990075702199, 0.9889028510018845, 0.9923235919682465, 0.9902669753980015, 0.9639723273360863, 0.998067883214573, 0.9979395725784018, 0.9979497927645108, 0.9989483087585472, 0.995520184679158, 0.997698976804541, 0.9974937555135104, 0.997803714876432, 0.9978839119219473, 0.9979149844742402, 0.9978839119219473, 0.9195599383629851, 0.6286557599308046, 0.924590942710959, 0.8967917543570515, 0.6696546479656761, 0.9458881834214717, 0.9049107046443927, 0.9320327212832756, 0.9170482517470813, 0.9293497000438744, 0.9643194033942637, 0.9554937538022205, 0.6766969853585741, 0.7825595859933646, 0.7641683440285729, 0.8186659129466587, 0.75805103722414, 0.7339352882431693, 0.75805103722414, 0.717812902175171, 0.7271062677126281, 0.7373301863992685, 0.7271062677126281, 0.8018413181925688, 0.24337766962027774, 0.4637501185185011, 0.5637667330011811, 0.4637501185185011, 0.4825398980226753, 0.45130220459264636, 0.4380126373470489, 0.5739218438875923, 0.3576186588453814, 0.3844455922497764, 0.3258087101767246, 0.3844455922497764, -0.6527628946976816, 0.7754027291466952, 0.7655688454404118, 0.7637018595190832, 0.7015274360850162, 0.8741948459688051, 0.7816918910632535, 0.7843366786396864, 0.7816918910632535, 0.6774787682302392, 0.6774787682302392, -0.285363596115895, 0.6964321202159763, 0.27305605074784056, -0.5843391178593867, -0.6111225668862856, -0.6141563566964242, -0.07744344880942539, -0.04064082210777698, 0.37217584111480073, 0.12559178733572687, 0.04787348740989392, 0.12345134470045352, 0.08436501007707169, -0.09359130149850803, -0.006127947001150945, -0.005765187344877598, -0.5847200978489027, -0.5123854274669011, -0.022328271353148205, -0.5770517372706452, -0.3608203288522736, -0.3257586169993772, -0.1424963253612056, -0.3257586169993772, -0.2800785514173026, -0.2981311000321938, -0.2981311000321938, -0.6168435752370846, -0.6168435752370846, 0.32626565516571204, 0.5903736070650928, 0.7938049228514933, 0.7909432974172141, 0.7484609950047644, 0.6321888688195592, 0.7312966033259478, 0.7506335251823874, 0.7727753743954963, 0.7506335251823874], [0.9905886516245639, 0.9738319264342636, 0.9922069011447933, 0.9927486633008321, 0.9966756830263284, 0.9905886516245639, 0.9999668526882559, 0.9994185666707437, 1.0, 0.9471373174364315, 0.9994630799444442, 0.9999679483258413, 0.9999635281674062, 0.9999730532667552, 0.9999293262417992, 0.9980067854838638, 0.9997111171716863, 0.9997570708311943, 0.9997581275936994, 0.9999649294899873, 0.9999652973831894, 0.9940653870773908, 0.9771735105114485, 0.9935565766332438, 0.9934947584926094, 0.9819633778815294, 0.9765099012438818, 0.9398589922591232, 0.991051975632168, 0.9910159992939114, 0.9887741520026895, 0.9630855417225767, 0.9992904906520225, 0.999252016839895, 0.9991105786393064, 0.999855009498881, 0.998392845667494, 0.9992257416850079, 0.999124457953668, 0.9992235361419065, 0.9991296336987454, 0.9991357212347333, 0.9991296336987454, 0.9215202990569026, 0.6460021089957861, 0.9227114536879382, 0.9003394603658947, 0.698596011288782, 0.9346223331686073, 0.8863389059039549, 0.9190047341313189, 0.9218794319691034, 0.9335240623136676, 0.9627618045586945, 0.9616908024369265, 0.839419201748006, 0.8014278060843443, 0.8616534689437895, 0.8315201655459109, 0.8595215160810897, 0.8603651451430119, 0.8595215160810897, 0.7336321783329978, 0.8029760051156964, 0.8047925866682102, 0.8029760051156964, 0.8152489636959547, 0.6958042878651071, 0.8059401794933471, 0.8076273453527196, 0.8059401794933471, 0.49834768556080994, 0.3153735456785747, 0.4560124197830726, 0.6366253167109288, 0.429727454941888, 0.3920163938253689, 0.39240709724735506, 0.3920163938253689, -0.6335458474185814, 0.7897404916329193, 0.7888046779280814, 0.7824732659771956, 0.8511597629397035, 0.8721329560329285, 0.8014511954576667, 0.804172671582682, 0.8014511954576667, 0.8101376822799938, 0.8101376822799938, -0.2690619681267619, 0.6618808688685371, 0.09762421351290412, -0.5975731370254829, -0.6404086748994614, -0.6412252973201003, -0.06470735312459468, -0.028810759013598745, -0.12559115766118717, -0.037362949738722534, -0.03310612814571205, -0.3238191570293352, -0.352721851064535, -0.5309924159428712, 0.010718292748730455, 0.011385396188470408, -0.5728902371908348, -0.49713623372471877, -0.49314971881334724, -0.5585480013082987, -0.5890730541264086, -0.5681893921653808, -0.5701089438710586, -0.5681893921653808, -0.2619086621817008, -0.2859514164135277, -0.2859514164135277, -0.6987000716861724, -0.6987000716861724, 0.35312688689498845, 0.6083966812251769, 0.8260878668077013, 0.8023097721254375, 0.7610967931015012, 0.6341340533875559, 0.6492680086665898, 0.7207969021095836, 0.7209592950872279, 0.7207969021095836], [0.9728152328126967, 0.9547928480073625, 0.933952168941628, 0.9706743416925278, 0.9592480638292171, 0.9728152328126967, 0.9484109165169574, 0.9393132149790343, 0.9471373174364315, 1.0, 0.9152508224548893, 0.9484604881535743, 0.9485778461914792, 0.9480850204640838, 0.9473784497003448, 0.9497887090295503, 0.9557058416701686, 0.954728937994368, 0.954695698817508, 0.9486168536603341, 0.9486034851099664, 0.9480786379235219, 0.9401603615962678, 0.9505843407416991, 0.9508103838955646, 0.7933324245770029, 0.9556867796701437, 0.9499704728107947, 0.9565838257251925, 0.9567322823869402, 0.9549193400290074, 0.9287231100175715, 0.9591500622494582, 0.9594277868035, 0.9602854734530215, 0.9507598612871496, 0.9284056642908254, 0.9583590215472785, 0.9599329776176844, 0.959735827001739, 0.9606125996414853, 0.9605733270684685, 0.9606125996414853, 0.7729566222367809, 0.44411081125170954, 0.7152718364414251, 0.8601672778820681, 0.8441356904511238, 0.8738229749319576, 0.7534163194016597, 0.851427131662948, 0.8653515687158323, 0.874937561188644, 0.8947956617845031, 0.8948417412228399, 0.8481198050123284, 0.8391395229739832, 0.875808994146463, 0.8508920284534328, 0.8668540204042983, 0.8678101414050404, 0.8668540204042983, 0.7849346661468976, 0.7635891305881655, 0.7658114939879574, 0.7635891305881655, 0.8433618175007485, 0.8665594344085155, 0.8413227663483187, 0.8422149093220085, 0.8413227663483187, 0.6063466144146367, 0.5261107516527286, 0.606666387191236, 0.7346652366608667, 0.6255667434653996, 0.6479208336070169, 0.6515006417808852, 0.6479208336070169, -0.2698286872232751, 0.8465451515015076, 0.9123256743342311, 0.8663340298976471, 0.8663316819295644, 0.8778587649508128, 0.8376772145130131, 0.8391771178347132, 0.8376772145130131, 0.8508308704227421, 0.8508308704227421, 0.012875614588102892, 0.2161665741635979, -0.06948279267201773, -0.34269644538042593, -0.37562933395766124, -0.3775597640131579, 0.1113764128186435, 0.37302047599893723, 0.1377500222136071, 0.03580343599044506, 0.143896776089473, 0.051625554000046474, -0.05626761207294399, -0.11046631490851784, 0.26363516143596877, 0.26248191625037515, -0.32630369371317725, -0.27362840077622147, -0.2771675772243024, -0.27942146780429244, -0.35141174474816717, -0.2998428966703051, -0.30163994173753667, -0.2998428966703051, -0.04050152004082626, -0.3183255592188262, -0.3183255592188262, -0.38573252583228, -0.38573252583228, 0.5806354500236829, 0.6809588249955191, 0.7609544989790631, 0.664856369177185, 0.8407765006473426, 0.3023439640719931, 0.3923251430960136, 0.5738714627056619, 0.5741579262429631, 0.5738714627056619], [0.9789775738883604, 0.9763323673995077, 0.9962719903684994, 0.9849076141849856, 0.9946171649054777, 0.9789775738883604, 0.9995279065373373, 0.9979971349153682, 0.9994630799444442, 0.9152508224548893, 1.0, 0.9995249681577805, 0.9995205403867693, 0.9994677011286488, 0.999507053368759, 0.9983279025644213, 0.9995648124336043, 0.9996922984159942, 0.9996978851739534, 0.9995336972530929, 0.9995349454005864, 0.9912750136314795, 0.9563281680672722, 0.9911724784368097, 0.9911424277403695, 0.9859192171056576, 0.9719919380619214, 0.8910116438091228, 0.9886884068129143, 0.9887429643719158, 0.9700861394200423, 0.8864900859237778, 0.9985632635726243, 0.9985082216104065, 0.9982710255607332, 0.9991925509780671, 0.9991071348020141, 0.9985361442309243, 0.9982885525421298, 0.9984664562676603, 0.9982197609625619, 0.9982339232877909, 0.9982197609625619, 0.9153302565282958, 0.5296679643115657, 0.9183013283387212, 0.8989018938185273, 0.7009261189626355, 0.8253305540282122, 0.8349750352313493, 0.813073604804761, 0.8142006894252326, 0.8213318612441777, 0.921654689221785, 0.9218443885051417, 0.8274282896647588, 0.8389643359824522, 0.8000354972872452, 0.8031233213132742, 0.8105679518255298, 0.8116671061726198, 0.8105679518255298, 0.6178388785772598, 0.5743407430522544, 0.5769668339835408, 0.5743407430522544, 0.8401299032827252, 0.8509192033489654, 0.8381195994921087, 0.8399025961275708, 0.8381195994921087, 0.2601229260061642, 0.1931675697984638, 0.322240492342267, 0.44135344376210717, 0.30788591974759766, 0.3632588713136907, 0.3666224299703856, 0.3632588713136907, -0.40270820867582857, 0.7364509655013487, 0.7936777196238903, 0.7706153527487656, 0.837485828628168, 0.8338297063351134, 0.7280184007553073, 0.7286892425234857, 0.7280184007553073, 0.7441977958216246, 0.7441977958216246, -0.33362347100771217, 0.6520543091794708, -0.3968015502810108, -0.539914874637052, -0.5410215129577429, -0.5432811016526498, -0.3297794089669639, 0.12618203046189055, -0.24468037392862685, -0.393467321322302, -0.2543716566321, -0.3153483767783447, -0.3500630523690939, -0.38053870855247923, -0.00575154883786263, -0.010117830946019767, -0.5489350009749243, -0.5108822864300662, -0.5286295242270614, -0.563202511027208, -0.5576295611782005, -0.5328785197867092, -0.5356971872442705, -0.5328785197867092, -0.43749533094334303, -0.5912093821831976, -0.5912093821831976, -0.6011515891961943, -0.6011515891961943, 0.347985448404132, 0.3711661924131087, 0.472153689080824, 0.5551743285463454, 0.5570266457811062, 0.16700690488365819, 0.31097828298415003, 0.3363356679820335, 0.33652178129064675, 0.3363356679820335], [0.9900570601787606, 0.9741613100386367, 0.985170719629851, 0.9917695338701135, 0.9965133901093075, 0.9900570601787606, 0.9999959291394261, 0.9978495874084142, 0.9999679483258413, 0.9484604881535743, 0.9995249681577805, 1.0, 0.9999621636640095, 0.99999392849319, 0.9999218483181356, 0.9945877865773053, 0.9998091282485788, 0.9998241694819563, 0.9998244469691424, 0.9999960416441495, 0.9999969613508125, 0.9908084728242671, 0.9744628066088952, 0.9890749886685924, 0.992178313125611, 0.982199797782188, 0.9704920097016058, 0.9379355601948176, 0.9925502511494371, 0.9922314698461179, 0.9920757374001496, 0.967913956002385, 0.9992785409453202, 0.9993654955436773, 0.9993420361491363, 0.999735689535002, 0.9984937471706999, 0.9992476436558063, 0.9981653759736193, 0.9993517793486374, 0.99908958744598, 0.9990018520037655, 0.99908958744598, 0.9214511607853845, 0.6448086476057046, 0.9230909607050126, 0.9008178157520195, 0.6994079397129949, 0.9482814146651375, 0.912532310144724, 0.9359100032937214, 0.9266021426337812, 0.9374133293642155, 0.9692675092886743, 0.9613784865810242, 0.6939038057863212, 0.8008796483732723, 0.7849875543179722, 0.8309063600964136, 0.777570481632324, 0.7485506340997936, 0.777570481632324, 0.7347507697778357, 0.7499827037787095, 0.7528929359768691, 0.7499827037787095, 0.8141135312618402, 0.26730715185064174, 0.48945577069555934, 0.5835305224352043, 0.48945577069555934, 0.4993287033160997, 0.45950903538889576, 0.4568719505255542, 0.5924437138442377, 0.36874298973881303, 0.39825413906902174, 0.34565617942744237, 0.39825413906902174, -0.6526540019433262, 0.7894955599464347, 0.7894022223484141, 0.7825885675975063, 0.7190777466961844, 0.884912938005074, 0.7950191446135282, 0.7973912734081362, 0.7950191446135282, 0.7001371654660782, 0.7001371654660782, -0.2664202956007771, 0.6614033200664547, 0.2642346148595883, -0.5684408667779548, -0.5957779225105135, -0.5990235800697372, -0.061124852620869745, -0.03084971298275308, 0.37898438639370485, 0.14548122105295405, 0.06448576295658695, 0.13295907697763568, 0.10063533032360912, -0.08681717540768627, 0.012229803750864464, 0.012592573633158471, -0.5708310385362254, -0.4948503889220323, -0.015265625198174777, -0.5561164463618662, -0.34608334541707036, -0.31289128802832505, -0.13605275614494433, -0.31289128802832505, -0.2591792315885681, -0.2821731506908956, -0.2821731506908956, -0.6017252407762606, -0.6017252407762606, 0.3536016524184395, 0.6097298201596631, 0.8042565769063363, 0.8102344021242918, 0.7627944733886427, 0.6495492177843903, 0.7483102706521092, 0.7711798708171143, 0.7893461328214201, 0.7711798708171143], [0.9902193926319645, 0.9741123619056139, 0.9826430553528303, 0.9918590512423175, 0.9966156684560225, 0.9902193926319645, 0.9999568655506459, 0.9992066238326955, 0.9999635281674062, 0.9485778461914792, 0.9995205403867693, 0.9999621636640095, 1.0, 0.9999665753773858, 0.9999096816059498, 0.9974711872130045, 0.9998047377392469, 0.9998662803848666, 0.9998668557996884, 0.9999826959649294, 0.999961246070829, 0.9903440658447435, 0.9742705152990824, 0.992915125199959, 0.9928751152622947, 0.9821680043053373, 0.9701085661616089, 0.937859926702539, 0.9933265713105355, 0.9933433363793358, 0.9918324213593246, 0.967712572130641, 0.9995038892734515, 0.9993694462208091, 0.9993983884289698, 0.9998840738181248, 0.9984915712209256, 0.999255017664819, 0.9992109444641415, 0.9993620400565634, 0.9993751369013217, 0.9993788929967481, 0.9993751369013217, 0.921556780070326, 0.6449699702692715, 0.9231094417921847, 0.9008141354438994, 0.6994176942740974, 0.952299059991806, 0.9099959028213793, 0.9375969953241694, 0.9266872023998455, 0.9374106958449382, 0.9689902287469387, 0.9614497257097633, 0.6473177006488512, 0.8005913692000214, 0.7837396181008366, 0.8313751606302034, 0.7765104897075503, 0.7210073670288415, 0.7765104897075503, 0.7346707605154997, 0.7401503793703313, 0.7445969757294325, 0.7401503793703313, 0.8145747985430845, 0.1967447736891439, 0.4767675241672331, 0.4825911310051976, 0.4767675241672331, 0.4994809445598631, 0.352400123644611, 0.45712354549449086, 0.591946231930141, 0.3689650902860482, 0.36515340290390486, 0.3452936243569481, 0.36515340290390486, -0.6528440027806317, 0.7899786754479513, 0.7893776917862538, 0.7823483579636943, 0.6585812596092305, 0.8854031705515473, 0.7955431324696783, 0.797909885087284, 0.7955431324696783, 0.6986110493620244, 0.6986110493620244, -0.2660818164722536, 0.6612851810620436, 0.2678516173962281, -0.5682838180366379, -0.5954413787125064, -0.5986872700671593, -0.06150598653704634, -0.030746772588236375, 0.33112848447339527, 0.14565430658360493, 0.06423386875728274, 0.13638592719918652, 0.10302200175032973, -0.09704692422263535, 0.012351071611752458, 0.012717348710997719, -0.570997015656304, -0.4949284282002018, -0.08096966362807403, -0.55583243053316, -0.3440514356542743, -0.3106340508795116, -0.22341896976095715, -0.3106340508795116, -0.2587145991598102, -0.28328248671997325, -0.28328248671997325, -0.6009813865300125, -0.6009813865300125, 0.35373212167679363, 0.6099083318445331, 0.7890608822963925, 0.810286069825831, 0.7631867960175607, 0.6492884645647105, 0.7063318353351917, 0.7589870192193482, 0.7591511737394501, 0.7589870192193482], [0.9901279541810649, 0.9739000298320312, 0.9849338030222142, 0.9918105449990846, 0.9965473755609316, 0.9901279541810649, 0.9999919220493976, 0.9989303311116721, 0.9999730532667552, 0.9480850204640838, 0.9994677011286488, 0.99999392849319, 0.9999665753773858, 1.0, 0.9999346395597415, 0.9973225447341654, 0.9997993391807374, 0.9998274765744426, 0.9998276413339657, 0.9999939095162499, 0.9999941118915396, 0.9906589903862022, 0.9743590786677863, 0.9927461905717326, 0.992623131616152, 0.9820617177797784, 0.9701482627545266, 0.9375433745167066, 0.9932804780552312, 0.9933250326118704, 0.9921148666823447, 0.968099087737798, 0.9993309409689738, 0.9993641523656522, 0.9993743527349928, 0.9997746067266993, 0.9984212051396758, 0.9992510769418214, 0.9984891073695769, 0.9993607245145842, 0.9991403204565418, 0.9990602366144236, 0.9991403204565418, 0.9217063036369361, 0.6455876936474745, 0.9234245008504539, 0.9011200314327559, 0.69901190096289, 0.9488721158812672, 0.9132971335985507, 0.9365434523689453, 0.9270259195642442, 0.9378012842010782, 0.9697053595840537, 0.9617773569562881, 0.6942098724366366, 0.8011683167912295, 0.7849074604294347, 0.8311916405948994, 0.7775349752502448, 0.7481793594281109, 0.7775349752502448, 0.7349561152007932, 0.7499312680469362, 0.7533306512976827, 0.7499312680469362, 0.8144935571903164, 0.2665963213685779, 0.48891250077480436, 0.5835780794649, 0.48891250077480436, 0.4991408547842415, 0.4600764289046948, 0.4567542441735658, 0.5921830750906364, 0.368318348603834, 0.39828592963578907, 0.3452872466506626, 0.39828592963578907, -0.653046354530976, 0.7896378592923265, 0.7889097129750278, 0.782672968737738, 0.7082111944366406, 0.8852010212374112, 0.7951597345343305, 0.7975201851912945, 0.7951597345343305, 0.6999331766172822, 0.6999331766172822, -0.26824603463434615, 0.6624566007937652, 0.26476349077162853, -0.5689983160887908, -0.5961964695213537, -0.599447438279817, -0.06239831086369462, -0.03220150541481973, 0.3792755735675344, 0.14497017363310774, 0.06357559846749111, 0.13301826053491667, 0.10069397974773815, -0.08667020610302312, 0.01109030084248647, 0.011448053800948444, -0.5715353769240661, -0.4959553087779292, -0.014671100253676548, -0.5576468904686568, -0.3459548022425554, -0.31283697633159346, -0.13548142564589416, -0.31283697633159346, -0.26027980057198574, -0.2826898407781968, -0.2826898407781968, -0.6018261460672267, -0.6018261460672267, 0.3537718275694244, 0.6094060095402237, 0.8047934503305492, 0.8106969307468298, 0.7622117614243182, 0.650346479425988, 0.74910144146715, 0.771579252281209, 0.789955535414261, 0.771579252281209], [0.9901826413011238, 0.973004238026911, 0.9848246218661983, 0.9918519979761339, 0.9965450492960399, 0.9901826413011238, 0.9999163152878857, 0.9986054807510457, 0.9999293262417992, 0.9473784497003448, 0.999507053368759, 0.9999218483181356, 0.9999096816059498, 0.9999346395597415, 1.0, 0.997439632196264, 0.9996931572170609, 0.9997750382276589, 0.9997761854215941, 0.9998986260045319, 0.9999176313151468, 0.9904174730185425, 0.9741022384616903, 0.9920123322783002, 0.9916440191007329, 0.982074443069366, 0.9698512404200801, 0.9374397845689575, 0.9923880032298276, 0.9923938141060346, 0.9914995804785679, 0.9671400633330552, 0.9993401701189448, 0.999213665515032, 0.9993121313941693, 0.9997613696654293, 0.9983261294591602, 0.9992280291489277, 0.9984740631490315, 0.9992362477011272, 0.9991564227900905, 0.9990904371641107, 0.9991564227900905, 0.920349478599116, 0.6459304396889012, 0.9219973980329363, 0.8996472149038826, 0.6960637473298917, 0.9494350360595369, 0.9141580942389876, 0.9375188038705847, 0.926478196608187, 0.9370887284648651, 0.9700708953034965, 0.9613536782858023, 0.6955608039090843, 0.7996501348313365, 0.7851633457669226, 0.8308211336643606, 0.7777926777875372, 0.7504877490636805, 0.7777926777875372, 0.7330130825699203, 0.7494295904485897, 0.7545132386259689, 0.7494295904485897, 0.8144291869395264, 0.2665083887234765, 0.48846754607678916, 0.5850262447226494, 0.48846754607678916, 0.4977449665977844, 0.46178220069280307, 0.45504186074230785, 0.5916703117094364, 0.3667379021032877, 0.3987548393797737, 0.34554148229436127, 0.3987548393797737, -0.653603421869672, 0.7889618060391262, 0.7875455547804724, 0.7816480047324605, 0.7211219434905969, 0.885521224598235, 0.7946643626241223, 0.797281167810384, 0.7946643626241223, 0.700026536202241, 0.700026536202241, -0.26890236073697044, 0.66455676311408, 0.26492747349077533, -0.5692539197695622, -0.596222927760728, -0.5991753444720777, -0.06440382974730646, -0.03385272843729718, 0.3806501979006011, 0.14455644202759624, 0.06241751566044735, 0.13406357535070448, 0.101839803908135, -0.08515645888905342, 0.01013385770177066, 0.010790760652886396, -0.5728866109355099, -0.4975122671501951, -0.01278093421090403, -0.5586975867834195, -0.34500394827744857, -0.31189693748480996, -0.13400684094797824, -0.31189693748480996, -0.2604784589635197, -0.2855436191248647, -0.2855436191248647, -0.6016269852903715, -0.6016269852903715, 0.35055468910229837, 0.6071217264458789, 0.805898215813955, 0.811468543014699, 0.7605089142523092, 0.6493036007695296, 0.7508759824717871, 0.7723475041465848, 0.7914074664013911, 0.7723475041465848], [0.9931060440149841, 0.9829593462241584, 0.9879924089357747, 0.9947463987954991, 0.997627117276446, 0.9931060440149841, 0.9937329333292184, 0.9858792405859836, 0.9980067854838638, 0.9497887090295503, 0.9983279025644213, 0.9945877865773053, 0.9974711872130045, 0.9973225447341654, 0.997439632196264, 1.0, 0.9980928830622108, 0.9976960528329663, 0.9976933966510487, 0.9977764149853086, 0.9972521751306984, 0.991252453898974, 0.9769416309807365, 0.9695659516092713, 0.9870425153100962, 0.9865428161394549, 0.9714166808331414, 0.946675983063904, 0.9915674853995565, 0.9893804797012598, 0.9883080046038138, 0.965908064039975, 0.9974746045893566, 0.9974941561963211, 0.9973013133768415, 0.997279134644403, 0.9984498541753432, 0.9980197357298964, 0.9972932555091829, 0.9977315391854479, 0.9974033788601865, 0.9973802315263929, 0.9974033788601865, 0.9119323117822221, 0.6559500967542969, 0.9149070927624415, 0.9032612481923258, 0.7227365106427707, 0.9512137460267505, 0.91682666623195