var element=document.getElementById("correlationAdjClose");if(element.style.display!='none'){var correlationAdjClose={"data":[{"type":"heatmap","z":[[1.0,0.9999944234035023,0.9862394961189738,0.9999325791857453,0.9991654881808641,0.9837221569701028,0.9978686666353221,0.996269022539629,0.9705831279812485,0.9964881469538882,0.9946110262055303,0.9939350666720341,0.9963693085620589,0.9964012087982593,0.9963118450105687,0.9977140441693437,0.9980269112086898,0.9983397322438593,0.996833456680637,0.9968450767412503,0.9968225267433741,0.9963367602488562,0.9881535981081307,0.9729042222475311,0.9905559997595311,0.9592568664696206,0.98967309361529,0.9869334866844148,0.9703666977353486,0.956178417474376,0.9925732302437533,0.993960776291202,0.9929106448604652,0.9791246175572335,0.9977784656846929,0.9979157388918521,0.9975968641171429,0.9964489445065925,0.9955870327598244,0.9978029860130743,0.998677457148898,0.9987112189689145,0.9977545046127032,0.9977650137422928,0.9776505434429014,0.9229242909611028,0.9535816693643,0.9387566066105071,0.9385963681867323,0.9171592662092007,0.9641454205704482,0.9510728063304705,0.9659588895313409,0.9681744828984458,0.9574028414411828,0.984731313761178,0.9824278086874336,0.9909632831648418,0.9943021416374427,0.9874230549293254,0.9825396143016092,0.9882093948451887,0.9865963440606194,0.9887479670823014,0.9886134073230163,0.9571793087094905,0.9759012254141002,0.9766621911916387,0.9764140816219641,0.9462430685162243,0.9817810399868332,0.9787356251928492,0.9858611284833041,0.9852145340577444,0.9414114032183434,0.8979089389656963,0.8672894739044097,0.9128389039467378,0.927956453624305,0.9257577306997689,0.9260942659410756,0.9248789784138499,0.7219684849279437,-0.5427065622559328,0.9809306329657185,0.9760626157240481,0.9735528452328436,0.9880666445047092,0.9743155732760587,0.9845772344770574,0.9845658283086658,0.9446220133405563,0.9852302554939727,0.947828879440836,0.7969029589370064,0.9164373699522993,0.934083762953147,0.8183876313610783,0.9549048740261135,0.955575568428292,0.9018445417339515,0.9675512091026323,0.8952019719823651,0.5847839626913743,0.7273559302959814,0.9023824231733473,0.8725520239059775,0.8937138925328979,0.9755590116855956,0.9757137629487841,0.7879245779197186,0.7501740518266335,0.8250886943475353,0.45229055154834397,0.8068229007711865,0.8292378780856767,0.8243607362273612,0.8170792171991489,0.7915361208228539,0.7552682801221189,0.7394495577379271,-0.2841955259716463,-0.4248351193438164,0.6920752999063375,0.8911939843344903,0.9316055536809753,0.9411758652516207,0.9054969113231949,0.8281563959743481,0.9091160707090017,0.9251888189840015,0.9250016773638143,0.8604695557789526,-0.1483584681301729],[0.9999944234035023,1.0,0.9895974719064513,0.9998516351084973,0.9982938489231806,0.9897013806520025,0.9942361235333629,0.9917919442449263,0.9868528124865125,0.9918013905993303,0.9918248442964783,0.9932542027220465,0.9919011038208797,0.9917965830539882,0.9918546919656005,0.9939426992422968,0.9963131544625541,0.9958754128248389,0.9938881539537185,0.9938960789639606,0.9918466690814789,0.9918931169226366,0.9924873437252356,0.9771028686562403,0.9883010960941588,0.9839731119611198,0.9883314201917696,0.9868957868793184,0.9820563170168073,0.9396744579949797,0.9899360258646395,0.987814353243643,0.9828396897944874,0.9415862056537536,0.9952653883525961,0.9951963960610586,0.9954022774856739,0.9922565471795499,0.9949846445626818,0.9954189459246668,0.9966654408169725,0.9968484367769815,0.9954128384261776,0.9954236348658048,0.991087671081042,0.9225592188765612,0.8997930922965093,0.9385003129315931,0.9385315669496797,0.9171402092038146,0.8912527338454238,0.9319055235379804,0.8934604212421787,0.9218425269228265,0.8910917005376983,0.9589404346981169,0.9589263476152765,0.972399159083653,0.9852601360615911,0.9830831738123862,0.9846697676321083,0.9793133675615686,0.9814542989120176,0.9806915867831049,0.9805762073429357,0.9438998792255211,0.9629432717230065,0.9374960992697748,0.9373573025942348,0.8678190546939385,0.9811743964540373,0.9824123310665653,0.9826021048103434,0.9821739343028894,0.9532202009733142,0.7988731062205415,0.7630293294323574,0.8526208003838924,0.9080829425799145,0.867589087677151,0.8883183405334587,0.887236987425286,0.7639622799532334,-0.14892268491414537,0.9709452999967024,0.9739681120941328,0.9706542698868167,0.9835145960681955,0.967317498782412,0.9735020224068652,0.9728656836659991,0.9298658142511154,0.9749419923910442,0.9320112903095266,0.7287413705690436,0.9159453446250357,0.9156096160211749,0.5573072488312434,0.8493197844115582,0.8530711048144346,0.756113013255342,0.967868382068569,0.729722377901659,-0.30714446441928306,0.24327045635086925,0.7560677058864955,0.7065158551791785,0.7489524638701657,0.9694085282278847,0.9694399183658695,0.18848437603795468,0.35890484424310937,0.19385941102657406,0.16719064737160186,0.18702817261955498,0.200485086315921,0.19734483649118478,0.11809319316227963,0.5451203542386152,0.2773841044160456,0.22726527872556257,-0.4334471155346985,-0.4816492396054578,0.691458665732572,0.7583222334976994,0.7819388560688856,0.8443508588873488,0.8210641567159159,0.5929226885240941,0.7685872903291353,0.7763727705986619,0.7752880701825758,0.43559127720988317,0.23260360434774788],[0.9862394961189738,0.9895974719064513,1.0,0.9875507091426455,0.9933883297225645,0.9912865119245505,0.9896030147760119,0.9903367307700736,0.9911334951246058,0.9929711732240242,0.9969273383298931,0.9960950444847193,0.990190820965017,0.9923094247607631,0.990391551913069,0.9898480000392633,0.9908047259072155,0.9900070288328697,0.9890176243350102,0.9889888201164205,0.9918558323931399,0.9902164572522995,0.995067986159309,0.9850694336830946,0.9910690093574451,0.9820699459555775,0.9916880486751272,0.9874630547781911,0.9870875069739142,0.961986311750031,0.9694836844659578,0.9737203299954562,0.9774827808767824,0.9568309927478278,0.9869609882078265,0.9900613804925547,0.9884365114287003,0.9919951942423485,0.9946973112901938,0.9908596962562845,0.9849393613002325,0.9878523242846542,0.9873265693237417,0.9867035434761691,0.992533369507284,0.918528662849973,0.9375148942468793,0.9481881411908348,0.9311475847228541,0.8776597140751616,0.922348579967766,0.907428307152045,0.9251067165841607,0.9315678570163134,0.9157190464411626,0.9504714224995124,0.9598727258439445,0.9678115511961686,0.9774188857206856,0.9433267253516645,0.966194050840879,0.9657306266272904,0.9720637928397807,0.9659706324640778,0.9418676338197127,0.923935505972029,0.9498148464789166,0.9402842987763066,0.9223312324858781,0.8975263611471302,0.9725596747149406,0.952472770093214,0.96553578435848,0.9453808518266376,0.8398848766483284,0.8603969295879067,0.7786620859326732,0.8774644988773135,0.9012219694901309,0.9031557500509001,0.8705199448666902,0.8847509883462096,0.4390650015316032,-0.529109605893531,0.9628267388938649,0.9502092713302601,0.950031988951059,0.9433006984619529,0.957342442171856,0.9653967253836846,0.9650154237085476,0.9332425334339206,0.96109560532776,0.8853555871526838,0.7812358601721648,0.9547810891017237,0.9541073514914474,0.7987839484541568,0.9424867615862316,0.943955401521719,0.8746343568199276,0.9804654097570037,0.7754292367409672,0.48911258838616317,0.6715323600255753,0.7975835350667253,0.7997267821340028,0.7786508919737293,0.9825487031523762,0.9825583820499363,0.7184946523274229,0.6985598625768095,0.7106760437787757,0.40144781061730594,0.7080173007505717,0.7154565921811583,0.7251476138190764,0.7150431154949146,0.7550363909140447,0.691249588248145,0.6744151832350004,-0.34323674722466535,-0.483643707130055,0.6602030902349033,0.8532239930800956,0.8785684020835336,0.8865756382916974,0.8777376460687812,0.7616870252529863,0.8579657123036285,0.868043537514967,0.8749961859291406,0.7348281887529217,-0.07108053759444666],[0.9999325791857453,0.9998516351084973,0.9875507091426455,1.0,0.9993964093471548,0.9848031702780612,0.9980951433207625,0.9966669250877112,0.9726929902349395,0.9969306131123526,0.9952926682249459,0.994824481934401,0.9967501352138993,0.9968677946065017,0.996709244472219,0.9979684734997489,0.9983421030708899,0.9985846263911455,0.9971808303330243,0.9971899807228143,0.9971983399278986,0.9967218558112334,0.9892881249283606,0.974243946345306,0.9914624974488179,0.9617172891420359,0.990680842605824,0.9886851189085059,0.9722584805227525,0.9573253864972315,0.9919167378002053,0.9934839172078633,0.9928381545434141,0.9787170496400297,0.9978515288295233,0.9981039072551526,0.9978063652114375,0.9968812810450259,0.9960656237255079,0.9980236565264947,0.9985741279483196,0.9987858246048973,0.9978235678644882,0.997830981690766,0.9793838587840478,0.9195010562007044,0.9515622647389171,0.9387069072819221,0.9366590214579283,0.9111318354433735,0.9612973802575286,0.947890447026001,0.963023169298053,0.9658125736766491,0.9547328559778795,0.9827032297428357,0.9809899030647924,0.9901282829172644,0.9940995785517918,0.986121499239179,0.9814798676175123,0.9870835322063198,0.9860403355635945,0.9875491104093281,0.9874077267655834,0.9485380941855465,0.974742467202471,0.9753169109941615,0.9750648830684365,0.9417384216757169,0.9813498926210087,0.9761616467094887,0.9845612235091997,0.9838817365060918,0.9233843772409889,0.8965372353973755,0.8638009762167881,0.9112647992668386,0.925393825856381,0.925325656225928,0.9238741271427134,0.9226970419619034,0.6369921806098806,-0.5422054823096535,0.9801653171372994,0.974891858264029,0.9721941570474115,0.9867682542870513,0.9736713090365016,0.9838898738101011,0.9838753983488078,0.9442740548740022,0.9839393371712524,0.9347282132047627,0.8004284911510717,0.9214065019263961,0.9378538291283317,0.819973850969794,0.9561139475474474,0.9568119603466584,0.9013811238480882,0.9687085879581395,0.8890965763728106,0.5811104594425319,0.7256087893378826,0.8969048373480863,0.8688482008103412,0.8879636624664125,0.9763471107690729,0.9765070083846256,0.7867236085520297,0.7503355842706421,0.8171508898729718,0.4539207267333255,0.8009235499800545,0.8210267393077532,0.8160744031729579,0.8116217430628455,0.7936670563030964,0.755105578664962,0.7393603296739976,-0.2795944407564117,-0.4241095440297424,0.6913009570023623,0.8893766413198626,0.9296800060461059,0.9393026456660304,0.9042970755994401,0.8253771973629075,0.9070563310162121,0.9228745187812084,0.9228348279449123,0.8533490616707412,-0.14130513311137124],[0.9991654881808641,0.9982938489231806,0.9933883297225645,0.9993964093471548,1.0,0.9873340587277593,0.9990125798987904,0.9985397553426758,0.9844107300770634,0.9985390699918721,0.9981362834269724,0.9980786636379302,0.9985590530864284,0.9985705749101332,0.9985713459518589,0.9990573510598115,0.9987985912060027,0.9992490428189506,0.9988398202999915,0.9988414884481199,0.9986163383657317,0.9985585918520982,0.9948449016228447,0.9815650994387422,0.9951158560824009,0.978207896867906,0.9951304210270973,0.9922396584750226,0.9843452234296468,0.9605309870261542,0.9893492967895163,0.9920039733427233,0.9903219168962132,0.9713660182828426,0.998854134945519,0.9989166003386235,0.9989398823543352,0.9986622673659246,0.9985797589377805,0.9989083350787297,0.9989273219331901,0.9991521321560293,0.9988687029653796,0.9988699905564994,0.9885354975947807,0.9288089874112548,0.9508969909547672,0.9463541571647371,0.9376331501909225,0.9067612050671764,0.9496485526177987,0.943857436213325,0.9538838335892817,0.9600034996921438,0.9485838337801998,0.9805798849106674,0.9805056078908,0.9902501761875441,0.9939805185899245,0.9824638973647385,0.975659010655769,0.9819577281419584,0.9823322086294373,0.9823364638056907,0.982169938298427,0.946528655877416,0.9667450203882547,0.9606517081458751,0.9603665354488898,0.9150552034000478,0.9785155485772005,0.9748083088079589,0.9805830704118581,0.9798127234955826,0.9383629409477081,0.878149499488891,0.8442036004336957,0.8974366390506842,0.930071273357695,0.9161208370612025,0.9225225155216205,0.9215540383801506,0.774209725138188,-0.5438719901997203,0.9742851979622966,0.9649882681476617,0.9633377325811205,0.983306275691254,0.9642980716229899,0.9777333681496353,0.9774086265333012,0.9359790926539976,0.9790313598309858,0.9379183314413945,0.790364603305352,0.9352778648091657,0.956744585142594,0.786938430805682,0.9447345335951077,0.9460500205564265,0.8962959945094332,0.973403138211479,0.8904719815100873,0.42040732208992654,0.6708180255584917,0.8963084939677642,0.8489723082569788,0.8922099828771566,0.9797986279667512,0.9799209246530772,0.7537279927593205,0.7351001835673068,0.7572695081358396,0.43297445110953064,0.7132243322225982,0.7617421808530827,0.7573786352925577,0.7220061365105069,0.7815929701035271,0.741424626266985,0.7248086516360622,-0.4801127888118283,-0.5630240413782525,0.68631810512672,0.8849141395198427,0.9169956426456047,0.9351399931210805,0.9031311268288877,0.8087750539594583,0.8981669340706053,0.9111842507434675,0.9106740136207521,0.7928533250784503,0.06871541341324944],[0.9837221569701028,0.9897013806520025,0.9912865119245505,0.9848031702780612,0.9873340587277593,1.0,0.9814101375930023,0.9826027786431156,0.9930416135938461,0.9819555160075597,0.9777986425094898,0.9767872374132358,0.9824356748727824,0.9829008185030293,0.9826714509045907,0.9822811998877751,0.9859127381235936,0.9832851102717982,0.9831576083918493,0.9831540639843438,0.9814304926774223,0.9825561186743332,0.9942753261200333,0.9934978246011296,0.983782887345648,0.9875059464794442,0.9842176681530479,0.9741032097569817,0.9875576898257831,0.9740598941545363,0.9599297089872978,0.9658320163998187,0.9759594682006436,0.967036637069761,0.9811120679266274,0.9814949712341673,0.9823728621226719,0.9833084467994302,0.977665969682052,0.9818961359242678,0.980340449339451,0.9821321083080524,0.9813412284669435,0.9813432796887496,0.9959747531397037,0.8800614145538014,0.9289287938822658,0.9250507264884876,0.9350664259620104,0.8938248061861416,0.9172728553162942,0.9109686523018643,0.9201187323029987,0.9366824957874371,0.9170975165411136,0.9493318778242514,0.9553127113370333,0.9616264621318746,0.968860394575646,0.9724622643645868,0.9882674548007485,0.9745477024484688,0.9856129677276851,0.974154644142328,0.9736121163906006,0.9763200180824495,0.9718582248997215,0.9525718741866164,0.9520256472132785,0.9492545180834984,0.9844241901521316,0.9771880631251091,0.9736184997897818,0.9723728048702668,0.9661903301432897,0.9027816336986947,0.8593673440105138,0.9185706432102386,0.9229693838139184,0.9324075445683555,0.9134905410167057,0.9113651108685568,0.7584580162895235,-0.48430977150418986,0.9826957580638495,0.9842798351728931,0.9805661746678217,0.9732788623434193,0.9756799129041505,0.9813483854821431,0.9809491151927455,0.9689336919397694,0.9712048650801263,0.9684674146174137,0.8023169911174455,0.8955675201291683,0.9563160180664013,0.8321954008520945,0.9445460796277927,0.9452644423023896,0.8658112071919613,0.9584000424980804,0.8321406030072237,0.502625147516321,0.688776537572628,0.8419301709439291,0.8190120972358815,0.831709704196897,0.9582159769135556,0.9582374623746714,0.7393065857618186,0.7254571954742949,0.7499239603514517,0.45691575530440787,0.7456669923890943,0.7551465075244407,0.7488618402669451,0.7470253864821842,0.7728511483414506,0.7136063034322009,0.7007599018612432,-0.305279892236063,-0.43612570960050906,0.6976759153612262,0.8527686342303207,0.8682079351417665,0.8846024825588462,0.8618959416648369,0.7821655176346773,0.8464663171560083,0.8603760693920066,0.8603426748139954,0.8031102217179332,-0.10117635922526859],[0.9978686666353221,0.9942361235333629,0.9896030147760119,0.9980951433207625,0.9990125798987904,0.9814101375930023,1.0,0.9976008440018652,0.9569834243211659,0.9996250789497407,0.9995901450109922,0.9996160049342098,0.9984750825251761,0.9994917423100408,0.9992155714327408,0.9998934334151027,0.9967071022266077,0.9999047394620405,0.9994044054766195,0.9994090413161648,0.9997245679707588,0.999353564801972,0.9907413406502288,0.9748346475819047,0.9862975116633236,0.928061806205018,0.9938075687491392,0.9927625799920532,0.974954149275205,0.9540078674434934,0.9916978279698023,0.9920866402285472,0.9937932238695012,0.9759662856288593,0.9990445370918998,0.9998584841343572,0.9997262343496958,0.999493602753493,0.9997810068983246,0.9998441039938445,0.9985654997474538,0.9997465036126174,0.999411976125333,0.9990805890789852,0.9801467723151029,0.935924991361678,0.9538221504903218,0.9511861690775203,0.9395696608334799,0.9057089388214455,0.9581660562401348,0.9475016010811417,0.9605201920866081,0.9634169859776048,0.9539323795501236,0.9820883409538946,0.9817906185761188,0.9920461373329424,0.9964487681378514,0.9522109883448789,0.9627490757613415,0.9736841416484394,0.9739090392228015,0.9751689067600579,0.9521571207419761,0.9031574706042701,0.9573744096607171,0.9628230057005578,0.9436797151982647,0.8935368205875993,0.9686194208407748,0.9446047936035573,0.9698057553648065,0.9525875505602497,0.7977858431607057,0.8703068248562745,0.796256954011782,0.8841963237897158,0.9005863091723849,0.9049030463929056,0.8849746243469147,0.8963731294643472,0.3855836558117625,-0.5771999522293948,0.9647411880026544,0.9501150057508341,0.9499934012524228,0.9536656089119454,0.9599983480323317,0.9710654852407413,0.9711463875490578,0.9240072050698156,0.9690166938795869,0.8572759108237881,0.7841017925791505,0.9363307228272921,0.936496408230879,0.807141019077118,0.9537711000342253,0.954682574860128,0.9003613487896449,0.9729965500135676,0.8327959872249142,0.5766548248784127,0.7193483143875556,0.8568130500294714,0.8505936045786558,0.8383186508594266,0.9803086054201889,0.9804877126635867,0.7783791390705186,0.7327942299161926,0.7826237977590694,0.4266429123062835,0.7803883360393746,0.7955953657296289,0.7882637205472404,0.7942808059202757,0.7790576867488846,0.7479456909830365,0.730367188866459,-0.29328042740234656,-0.44543542264788716,0.7002522360199417,0.8898373718669365,0.9223954585494045,0.9405435205192895,0.9099209278919798,0.8271973594851249,0.9092469164340911,0.9273174579725628,0.925956531440972,0.7780095220883793,-0.11111660243637238],[0.996269022539629,0.9917919442449263,0.9903367307700736,0.9966669250877112,0.9985397553426758,0.9826027786431156,0.9976008440018652,1.0,0.9676464747260954,0.9999998330453216,0.9999993306374038,0.9997679955011249,0.9999970820009803,0.9999929163043277,0.9999982888270302,0.9993436424477257,0.9916939147901616,0.9994736570119371,0.9999108126774156,0.9999105194056914,0.9999658636158377,0.9999988031222092,0.9912519384978172,0.976540806491046,0.9930824969289903,0.941998021439089,0.9942951586224663,0.9911473858944445,0.9771418509735106,0.9535227643125909,0.9880637101907624,0.993931589905525,0.9924428014644481,0.9731537014607143,0.9994783868275307,0.9995827682417636,0.9996832452349452,0.9997493913348425,0.9992608307275088,0.9995196594383331,0.9982724602572449,0.9988702953590831,0.9995502346277924,0.9994199510613148,0.9818724389335355,0.9357624264428664,0.9512869000530831,0.9546903882603746,0.9385562329156084,0.8960710108019031,0.956417351149239,0.9431312845038019,0.9584300243362082,0.9580131152414919,0.9481393170269687,0.9801049045282311,0.9789841831373568,0.9910470005406162,0.9968929746001342,0.9476978891927967,0.9593488049681015,0.9681568267098373,0.9713553135459316,0.9699976376710193,0.9506383684070236,0.8972168158572212,0.953352456097334,0.9568605262761747,0.9387864444518369,0.8835617539769441,0.9663527474294861,0.9391342780693779,0.9649938516595946,0.9483996015139691,0.7869570500693059,0.8635706429705708,0.7922692672153726,0.8774483946676789,0.8943430841844677,0.9011112153128705,0.8810467740760541,0.8903332334899056,0.3696792346779472,-0.5807726975134687,0.9612673097699405,0.944908404963769,0.9450265649035337,0.9518830504674718,0.9563140970221984,0.967670585193589,0.9677385915139189,0.9204957828224782,0.9630866616709692,0.8482291404476399,0.7814281287421934,0.9486998156205495,0.9466691894159077,0.8042134312972468,0.9536518974475076,0.9546974699721198,0.8978546030608232,0.9767084379718968,0.8353957658750758,0.5623488157692683,0.7108459736485342,0.8575263825647176,0.8473682103651359,0.8401759801637234,0.9825859902500267,0.9827668026576551,0.769699820921161,0.7255613519606429,0.7836418545788589,0.4149866304160383,0.7752778943311913,0.790967320465671,0.7884277914244057,0.7886781587283518,0.7732151177196274,0.7423488581588497,0.7242313840528763,-0.30845738723214117,-0.459529991614161,0.687843064786231,0.8825851223587712,0.91977024564165,0.933091179750297,0.9043319335704993,0.8167793539593156,0.9028801931334429,0.9210579591226059,0.9199492989053571,0.7596933353943139,-0.09433651244993473],[0.9705831279812485,0.9868528124865125,0.9911334951246058,0.9726929902349395,0.9844107300770634,0.9930416135938461,0.9569834243211659,0.9676464747260954,1.0,0.9826940531460199,0.9872069988069971,0.9896247767462463,0.9712876366484928,0.979612240322963,0.9761866460631066,0.9741793737472049,0.9497948095652039,0.9790362413771497,0.9768875525841859,0.9768382831115672,0.9811844240101684,0.9760318462365942,0.9939170551007646,0.9932744143403832,0.9802957282956885,0.9896036864692256,0.9834208167471072,0.9903346440010037,0.990671062663593,0.9694011708704738,0.9275263257777794,0.9491092604246366,0.9663395564989149,0.9524407334312275,0.9705986734803654,0.9790835359769777,0.9756932070071004,0.9780616373560553,0.9880702617107772,0.980242993968172,0.9667819734934571,0.9762862806478756,0.9714637910455189,0.9704298080521695,0.9990184702569236,0.8985907339972243,0.922023848442997,0.9493849740865411,0.9390683885519022,0.8741622298185875,0.8859471140758916,0.885300276016598,0.8899419278659823,0.9153577160302655,0.895497087165481,0.9290599333195284,0.9456250500123952,0.9508506569006164,0.9610265092800185,0.9054637875770153,0.9682395138075451,0.9472538930731221,0.9669457641523741,0.9472579510048997,0.904032504868769,0.917126230471748,0.9446630758302669,0.9180923799293813,0.8824070296302676,0.8850516310534888,0.9685030496888737,0.922472735183317,0.9452132391618069,0.9082536155216598,0.8303017203052515,0.8555362747313587,0.7377623923982332,0.8742292907865837,0.8840750007489523,0.8975685169452355,0.8464687339023038,0.864926782034918,0.4206176404254478,-0.5115321272915779,0.958552026997558,0.953475595536083,0.9508413116144152,0.9038364260450662,0.94915653111102,0.956754312484371,0.9561855890403057,0.9381431451296757,0.9420596537773586,0.8759235725819443,0.7873533113697243,0.9402957631752217,0.9617525468570752,0.80790154768188,0.9358062946880489,0.9371845741585964,0.8521932255777995,0.967908201649201,0.7414787703970388,0.4512478599566527,0.6525484867986464,0.7743021555901098,0.7762741257688505,0.7525091924804316,0.9672208734230809,0.9671826516888812,0.6994488990638882,0.6881785414680041,0.6757699535475761,0.4090898288997681,0.6895654759574924,0.6931339706698622,0.6750803793922092,0.6929438590113071,0.747754948905066,0.6847634782862482,0.6692631995032652,-0.3488263008370224,-0.48547680990855224,0.698524244254051,0.8374138770050535,0.8312678062494078,0.8608461947493273,0.8564872774406221,0.7533380329741286,0.8135491089102715,0.83703718622424,0.8309305892797036,0.7066037206306532,-0.031043389686866957],[0.9964881469538882,0.9918013905993303,0.9929711732240242,0.9969306131123526,0.9985390699918721,0.9819555160075597,0.9996250789497407,0.9999998330453216,0.9826940531460199,1.0,0.9999991462509368,0.9997725396002518,0.9999985299917755,0.9999918052720738,0.9999978182301202,0.9996903593564451,0.9979057689027567,0.9994711150748525,0.9998862437721718,0.999886261034116,0.9999779561923655,0.9999993348059012,0.993804062245558,0.9782384064394154,0.9962823154777658,0.9743857514817875,0.9963691573358482,0.991141633836826,0.9814967914193071,0.9548451098223111,0.9898356240933495,0.9938351839491294,0.990128327425777,0.9699309728074309,0.9995105916258249,0.9995760481884314,0.999588711652655,0.9998366223353176,0.9992729351831092,0.9995271116391565,0.9984977341958198,0.9989141635295323,0.9995165388068691,0.999511983942126,0.9862649192177085,0.9356866099372968,0.9513199227403137,0.9545764912788237,0.9384641318543071,0.8961912646764942,0.9477628848632402,0.9382330554017194,0.9514083759584068,0.9562660123627154,0.9463111458377341,0.9792097864772713,0.9790172358851595,0.9916088569646451,0.996717008515957,0.9728024321486465,0.9593116500779059,0.9722631832746925,0.9713270399674394,0.9727755816517967,0.9725517022678914,0.9341361837805264,0.9533130529399387,0.9511357864286508,0.9508512693699166,0.9034399310234869,0.9662934843522404,0.9652141658012218,0.971082662581169,0.9701397097148755,0.9247370720847157,0.863603673860713,0.823952994351478,0.8772705695775238,0.9133225715501012,0.9015412574894753,0.9069903067824062,0.9062211861107052,0.7288100495512024,-0.584532319629359,0.9612422729787126,0.944894964062979,0.9450256768321545,0.9738423908507416,0.951625767591107,0.9673461503382128,0.9669967976963213,0.9211857672763049,0.9688594103794287,0.9234109673082518,0.7814309519603007,0.9484414341434559,0.9582028614082048,0.788785162647377,0.9476014981947949,0.9488235996927058,0.897927168247305,0.9759291683354953,0.8984812702454132,0.4607922577057734,0.6879261175403987,0.9042991945735513,0.8570740361780406,0.9002160332385759,0.9825453658922673,0.9827555984922755,0.7697685152388621,0.7253244719233611,0.7726655403696806,0.4150981793232258,0.7296563614621719,0.7773287406480162,0.7728351919101456,0.7403211584592378,0.772963511084164,0.7422972622813762,0.724158227060137,-0.5251875518369121,-0.6084810227125316,0.687151452363295,0.8825903225600849,0.9199240362152121,0.9373928060125833,0.9043586027294508,0.8134294523481893,0.8992508536754665,0.9137350235643529,0.9132141988926653,0.8049635201680204,0.13194524457962015],[0.9946110262055303,0.9918248442964783,0.9969273383298931,0.9952926682249459,0.9981362834269724,0.9777986425094898,0.9995901450109922,0.9999993306374038,0.9872069988069971,0.9999991462509368,1.0,0.9997720241285696,0.999996386641155,0.9999948978739533,0.9999983615065513,0.9996750176596171,0.9976029500747163,0.9992196408933153,0.9997903100024447,0.9997903912765421,0.9999984451209007,0.9999983923030952,0.9931471914445771,0.9742283205794089,0.9953543566248133,0.9824406724360712,0.9959369535644624,0.9911546440380202,0.9837027853233233,0.9476809222912206,0.9890805154367598,0.9933606024103996,0.984026222414344,0.9457201846725816,0.9992977898740465,0.9993522733349361,0.999293512770425,0.9998968808522419,0.9992568037848704,0.9993035017627557,0.9979696365185565,0.9985306120826851,0.9992724304653451,0.9992701698798224,0.9885566115395333,0.9354037865058846,0.918931543977575,0.9545295703241949,0.9383818901771481,0.8958981938365775,0.9180595857492009,0.9084433149582954,0.9224229363430537,0.9308324653619763,0.9164988013426668,0.9717462317414145,0.9717225911592312,0.9907012982268731,0.9952828906753479,0.9648894304785745,0.9594400319815597,0.9598351068204248,0.9619679021315983,0.9611561347238888,0.9608838444391578,0.9095612784024867,0.9428646638774296,0.91715605914583,0.9166986289560497,0.8346158129322483,0.9642007971311779,0.9695694969059578,0.9661024744055702,0.9649846196099572,0.9168820629229031,0.7986791114073599,0.7618748717663684,0.8406945013025392,0.8932078006544573,0.862676872559728,0.8778887103774676,0.8766028041362146,0.729763664796119,-0.3881753441855324,0.9485372585492481,0.9450391361735049,0.9451304721852011,0.9660078318031528,0.9378230485579931,0.9512360113484433,0.9505648298604031,0.8930810720563646,0.9538933428355771,0.897439932363452,0.7815905231803908,0.9487484684600347,0.9620569723887676,0.6824460666195327,0.9080203277150044,0.9106424050823808,0.8554572726689968,0.9851491679268339,0.8432628457048932,0.11988650747886957,0.5401443076506873,0.8553404165308638,0.822535718660954,0.8500937853153906,0.9859000770932227,0.9859199811535484,0.5317299607569673,0.6393625602267345,0.5383200344246454,0.41503247789503667,0.5057173663016336,0.5490619957855196,0.5394098917480465,0.4773959310750159,0.7617737347378557,0.6101336798832064,0.571632921373038,-0.4863910597380801,-0.5445531879655057,0.6865985950840967,0.8624286170418344,0.8749623061413829,0.9072437886572939,0.8980913371096237,0.6797691957569563,0.8484796790230973,0.8679405381142217,0.8672455177170606,0.6180817349227349,0.08048419407422959],[0.9939350666720341,0.9932542027220465,0.9960950444847193,0.994824481934401,0.9980786636379302,0.9767872374132358,0.9996160049342098,0.9997679955011249,0.9896247767462463,0.9997725396002518,0.9997720241285696,1.0,0.9997855746598019,0.9997714684368264,0.9997773724851201,0.9996750505577078,0.9982319516679975,0.9994140163309388,0.9999708286840687,0.9999705639419314,0.9997765657696466,0.9997818005194122,0.9927668159785316,0.9712421451791645,0.9941939353042983,0.9832102584826459,0.9949718038057583,0.993601076425278,0.9799955998439767,0.9292706700784178,0.9916565145175557,0.9943718003653013,0.979605247266297,0.9276194378509439,0.9994279180621445,0.9994743945113114,0.9994362570543053,0.9995958474462466,0.999619450432096,0.9994520800672587,0.9978494326597696,0.9985624508635081,0.9994149847848226,0.9994118530001673,0.9898662626588278,0.9310286036311595,0.9059176939783599,0.9515638161077961,0.9371470210514911,0.8958469954091176,0.8841733113956882,0.9210501427206206,0.887663744984841,0.908020154931116,0.88246954617018,0.9599359719300908,0.9599212107379045,0.9819860588049846,0.9947774504563441,0.9634930518613726,0.9639722224291252,0.9549618362495373,0.9595149077612988,0.9574085989732295,0.9572008907815074,0.9090807263648999,0.9334515504249987,0.9012974737394884,0.9010896705781171,0.8174735005507647,0.9630498159532908,0.9650558350857338,0.9651062410887914,0.9644441767433634,0.9234707417750379,0.7503887162221774,0.710941529563928,0.8072799276937396,0.8715507045279138,0.8276416305289065,0.8504112177978983,0.8496004629522764,0.710657380613061,-0.26953018255313427,0.942438654685189,0.9473594677029149,0.9420786493547116,0.9642328501784835,0.9375781057697564,0.9459479343092971,0.9450652619573257,0.8906247459088223,0.9482264270110338,0.8937461224731791,0.7350653355983687,0.9463028140520487,0.9408109107004139,0.557221468982872,0.8540213588912734,0.8584433164380143,0.7533187226239004,0.9790773155087463,0.7296964574305491,-0.2485534598853383,0.2795551287113337,0.7531975576645209,0.7093024187343704,0.746995840469858,0.980229583099132,0.9803233432016878,0.22480079056046015,0.3814231761986243,0.2289906622842073,0.202162735407822,0.22092863607988553,0.23653799329370165,0.2340444816930123,0.15075563111374857,0.564817535399257,0.2999115269505792,0.24803953078398452,-0.5003037416407433,-0.5473456202227504,0.687117264797049,0.7610700591157848,0.7845202105950313,0.8479583604419422,0.8288334795102796,0.5828344511800659,0.7670978092621524,0.7792631688295596,0.7782330591139349,0.438268261665035,0.27018601455230284],[0.9963693085620589,0.9919011038208797,0.990190820965017,0.9967501352138993,0.9985590530864284,0.9824356748727824,0.9984750825251761,0.9999970820009803,0.9712876366484928,0.9999985299917755,0.999996386641155,0.9997855746598019,1.0,0.999991340603456,0.9999976842127243,0.9993900778566012,0.9933323267361008,0.9995123734227651,0.999920107608094,0.999919973538531,0.999972780534148,0.9999989779911999,0.9911328401268986,0.976347858457777,0.9937325712161387,0.9469077763951161,0.994247740364333,0.991258168111946,0.976943666332682,0.953468349612098,0.9889723203217199,0.9940144473913789,0.9925232164675368,0.9732761921501016,0.9995210807301972,0.9996217634887439,0.9997133083194559,0.9997483471567197,0.9993180329506659,0.9995599028038599,0.9983577983131156,0.9989360235901352,0.9995928623583005,0.9994632844060827,0.9816285240977728,0.9360245279806407,0.9514531022612664,0.9546151314304134,0.9386361615453228,0.8966769825917632,0.956774009773144,0.9435206557113851,0.9587897330899434,0.958347751232748,0.9485334756426527,0.9803587494034087,0.9791712303942298,0.9911839009866608,0.996975226467758,0.9479512328463451,0.9593717475826589,0.9683436140911558,0.9714036109000025,0.9701826573435698,0.9508455813229714,0.8971761303563418,0.953495027920609,0.9571686104626065,0.9391450857358413,0.8837366795820368,0.9663570095128535,0.9392725014283316,0.9651429427908065,0.9486343930684927,0.7868715968770531,0.8638394292166227,0.7927150920392666,0.8777008580304073,0.8945552704906629,0.901237025026846,0.8813615489207707,0.8906417663909028,0.36979330482486106,-0.5808500100616529,0.9613549111119569,0.9450331262992857,0.9451431786092058,0.9520875292119336,0.9564052877507776,0.9677783261276859,0.9678488319373325,0.9204748038564277,0.9632927150222029,0.8482292442743246,0.781491793773215,0.9481445784095657,0.9461729699492084,0.8042554136912895,0.9536592069733124,0.9546980481654868,0.8981984195664943,0.9765705003665887,0.8358931526402635,0.5634506992348077,0.711497827802833,0.858009173411823,0.8479037411391802,0.840665646601816,0.9825274588891735,0.982708572155821,0.7703141123351704,0.726069928374427,0.7842596483056032,0.4156126378787971,0.7759484724993747,0.7916641074562725,0.789059378853775,0.7893910598343368,0.7735544643446362,0.7428016788754844,0.7246997179878424,-0.30754144057791905,-0.4587203353242472,0.6882521303997234,0.883109019472853,0.9202510717468925,0.9336323863247292,0.9048177394258214,0.81734740124846,0.9034696338994425,0.9216477040455391,0.9205292643690903,0.760377397985947,-0.09537564366093909],[0.9964012087982593,0.9917965830539882,0.9923094247607631,0.9968677946065017,0.9985705749101332,0.9829008185030293,0.9994917423100408,0.9999929163043277,0.979612240322963,0.9999918052720738,0.9999948978739533,0.9997714684368264,0.999991340603456,1.0,0.9999951843170798,0.999577700853824,0.9978602041289248,0.9994716022919262,0.9999057082996936,0.9999047672480615,0.9999549943392838,0.9999916331318962,0.9930441277924474,0.9767544795796161,0.9960029225309558,0.9684090700482504,0.9957909888696086,0.9911225643637693,0.9773794189664767,0.9536394480467896,0.9893451914719729,0.9940773183309547,0.9918400047667687,0.9728316241025673,0.9995005408498903,0.9995755798030068,0.9996339870429576,0.9998903413326573,0.9992829735512905,0.99950978767832,0.9982270137474681,0.998860035722953,0.9995201985258411,0.9995134747885862,0.9841529875091984,0.935835024616572,0.9512268367431604,0.9545285517710338,0.9384172237272647,0.8961765151474765,0.9516583886198934,0.9365640621279121,0.9539501322172618,0.9577351745260096,0.9478173691627259,0.9788794931866408,0.9788523257115922,0.990477523532859,0.9969702947762562,0.9736146143019327,0.9590629309436086,0.9733383867543813,0.9713375006451777,0.9742844816771324,0.9740552067992576,0.9433795919521623,0.953047586337515,0.9560284217546005,0.9557281011100547,0.9202006051686166,0.9663210201479894,0.968191381541271,0.973040167664539,0.9720102976621523,0.9334079604019672,0.8633506580517316,0.829527489880297,0.8770869742122582,0.9050193968977408,0.9009467271410451,0.9017260014541628,0.9006334499243873,0.7068224906680038,-0.5810995626930644,0.9612657411383582,0.9447556615584669,0.9447624007946217,0.974669547510385,0.9564080541969591,0.9676767468529662,0.9677622327198898,0.9205447332213652,0.9689857323681255,0.9320005026565031,0.7813479204567678,0.9482136610136351,0.951354248201686,0.8035182425629451,0.9535238978667392,0.9545163251315122,0.8978005146228298,0.9769093125059394,0.8853386087101868,0.5625515096318868,0.710323943213966,0.8931690672097783,0.8610342844989365,0.8841419836150387,0.9827879256008341,0.9829953004394552,0.7689030564638156,0.7248190691131039,0.8032155043733409,0.415111975227988,0.7820281135561503,0.8076301570758606,0.8021391058246388,0.7892689111971892,0.7730592744165334,0.7410249641496437,0.7229286339739985,-0.39795784467134815,-0.5202152046094142,0.686572317117495,0.8825883082512738,0.9166005445699431,0.9290633979786221,0.904688891605927,0.8157978409227363,0.8911710627593615,0.9096975849207095,0.9092928423401333,0.8406700758410945,-0.06202994415046077],[0.9963118450105687,0.9918546919656005,0.990391551913069,0.996709244472219,0.9985713459518589,0.9826714509045907,0.9992155714327408,0.9999982888270302,0.9761866460631066,0.9999978182301202,0.9999983615065513,0.9997773724851201,0.9999976842127243,0.9999951843170798,1.0,0.9994780572896418,0.9971521742149067,0.9994889346292355,0.9999135629960525,0.9999129729924745,0.999966808147512,0.999997667791202,0.9912955506052483,0.9766039915108831,0.9953698595478181,0.9600717647539764,0.995176381989755,0.9912157063653729,0.9771951146708694,0.9536859716742557,0.9914438880910988,0.9942769241196164,0.9923940280748921,0.973070222677213,0.9994895146233,0.9995838527144258,0.9996901085984429,0.9997642604927924,0.9992868459381815,0.9995169918369072,0.9982965074787571,0.9988857981097007,0.9995597381491708,0.9994320263778488,0.9818733163696445,0.9358316716057408,0.9513052264124655,0.954669093238649,0.9386206248250968,0.8963332230434153,0.9564932525065329,0.9432590194899697,0.9585365898846516,0.9579654637982551,0.9480581795261042,0.9801284384292683,0.9789306270736078,0.9910182939029357,0.9968578838130395,0.9479789868237709,0.9594073391797041,0.9683162385106485,0.9714367756021887,0.9701435977198634,0.9504580527779587,0.8974203528074992,0.9532746989690588,0.9569237165231914,0.9389885219627846,0.8836909207767148,0.9664921463204503,0.9394621755672751,0.9651878426480078,0.9486946108665332,0.7872849836180595,0.8635777551214755,0.7925205363726233,0.8774953543818381,0.8945062460392669,0.9011222045616734,0.8811932577740689,0.8904952338192579,0.3700256560442785,-0.5804719360536732,0.9613556556408507,0.9450101552635679,0.9451222006623313,0.9507106666429624,0.9564830630209221,0.9677530496565362,0.9678182287582318,0.9206838927817782,0.963247040520343,0.848481061330432,0.7814487904261287,0.9484328717371334,0.9465774714772283,0.8042218411918364,0.9535847628665879,0.954633830181907,0.8976756593026225,0.9767244570935424,0.8354234083090099,0.5621715514724371,0.7107337705553463,0.857532213548559,0.8474858008927793,0.840200124738645,0.9826219500230886,0.98279987571642,0.769321297427421,0.7252363840107965,0.7836197629452657,0.4152263469938603,0.7752543260025022,0.7908870246046098,0.7885774908218613,0.7885790927206938,0.7731381236418186,0.74163129439607,0.723547762437183,-0.3082746208956373,-0.4593430717781261,0.6880571232891782,0.8824940582558765,0.9198879062787336,0.9331278398505664,0.9043732311923486,0.8165777330566714,0.9030748309145058,0.9210890004720685,0.9200953546905722,0.7597823615618294,-0.09459905301198833],[0.9977140441693437,0.9939426992422968,0.9898480000392633,0.9979684734997489,0.9990573510598115,0.9822811998877751,0.9998934334151027,0.9993436424477257,0.9741793737472049,0.9996903593564451,0.9996750176596171,0.9996750505577078,0.9993900778566012,0.999577700853824,0.9994780572896418,1.0,0.998449083925595,0.9998555184499739,0.9995633154552268,0.9995679656322808,0.9997760672724926,0.9995501966304006,0.990937251217143,0.9755552456857747,0.9940521643273584,0.952735766136278,0.9937125088238778,0.9926301761080991,0.9753969032272336,0.9542102808245344,0.9918528511630219,0.9927322429140815,0.993248329586479,0.9751220511838063,0.9992889074214143,0.9997399536956959,0.9997253089380104,0.9995828411755707,0.9996186893264563,0.9996963823869153,0.9988708438311619,0.9995965017956709,0.999520263203542,0.9992862006081112,0.9805001548404036,0.9344649059422317,0.9533726606944231,0.9518143833495273,0.9394413138727095,0.902858749709299,0.9585126863469806,0.9476926178884393,0.960837261479736,0.9619978143913048,0.9521776806357309,0.9820733679958848,0.9809315883975829,0.991952164875661,0.9963868663743666,0.9524757696330238,0.9630436172984608,0.9731955165602098,0.973981783922539,0.9747635985252623,0.9532749344278273,0.902888988832579,0.9566566526760583,0.9621210897200139,0.943872627786171,0.891913851256351,0.9689855177326367,0.9443687500922001,0.9695077816696175,0.9530245261552469,0.7956720958460144,0.8690456400155835,0.7969238543448288,0.8828644520392763,0.8995026059010095,0.9038875743706603,0.8849341821204544,0.8957132108396392,0.3814998934308653,-0.5773508789325605,0.9646318377048879,0.9498727790585058,0.9497850101547778,0.9547857578183422,0.960287972810933,0.9708979152230278,0.9709657622816756,0.9247658060491685,0.9683857453463772,0.8559951549833339,0.7832319603978247,0.9393949156911929,0.93881566398481,0.8066826269710623,0.9536535136321422,0.954525474509201,0.8978481205806016,0.9733358451173924,0.8346810670588926,0.5719339787213837,0.715770746236671,0.8575713958787023,0.850164855356949,0