var config = { responsive: true }

var correlationAdjClose = {"data": [{"type": "heatmap", "z": [[1.0, 0.9999933315855632, 0.9842260675044744, 0.9999208714715856, 0.9988501355248066, 0.9887880147065746, 0.9974264683020047, 0.9951123831650907, 0.9954064976033333, 0.979504369905908, 0.9916237517660428, 0.9952616656449268, 0.9944545914307577, 0.995168754131317, 0.9953162710593805, 0.9964671505722115, 0.9981418574251459, 0.995909789387732, 0.9959295061879557, 0.9959509002782815, 0.9952151920415865, 0.9852036585087094, 0.9684238867585313, 0.9874613062173472, 0.9862717669920457, 0.9793695528357689, 0.9625290052610157, 0.941164326609983, 0.9944091848313025, 0.9946432656246009, 0.9917076241294711, 0.9744625208068345, 0.9973373850931887, 0.9976455211325843, 0.9970004600580021, 0.995328624129538, 0.9947645929173713, 0.997491437436431, 0.9975570910806567, 0.9986733348680669, 0.9972756873134951, 0.997292546133349, 0.9763134141810544, 0.9227975420547206, 0.7560118896652946, 0.8977440340348718, 0.9062562650406111, 0.8437242716571702, 0.9689448415255959, 0.9443785557809647, 0.9701502301221366, 0.9665151619199042, 0.9609174633183108, 0.9861177362808707, 0.9824873612914294, 0.9835488078177749, 0.9761942520055692, 0.9854848702544324, 0.9827042757198418, 0.9861373188476241, 0.9859145632196176, 0.963571575152466, 0.9658544108699267, 0.9709099283095226, 0.9705928080044554, 0.9427041045213949, 0.9745427149731629, 0.9731033730200139, 0.9814660115846804, 0.9805775239752182, 0.9345373386572039, 0.854436831104955, 0.8223385193417462, 0.8732641136782282, 0.9017524561344662, 0.8961091354637793, 0.9001003955581096, 0.8988672746392155, 0.6133362644712804, -0.5188698118510682, 0.9757228055945639, 0.9658788999351022, 0.9625530248443039, 0.9844747181998853, 0.9458759341159718, 0.9808316402875245, 0.9808126022609828, 0.9434470372199596, 0.9811422409097043, 0.9479461309377469, 0.6135593796872286, 0.8478295940665094, 0.9118444753433651, 0.2559976776922806, 0.9170690539792817, 0.9380977458249301, 0.8089640108584062, 0.9554601059736446, 0.8961169071840475, 0.6613924225976574, 0.44396033098252663, 0.891849367398006, 0.8616408289169305, 0.8881383546042841, 0.9666934000400218, 0.966988562183506, 0.7375543672222328, 0.6998024425158755, 0.8275649534388053, 0.33001118562821385, 0.7944654791702722, 0.8318129084622521, 0.8182427833713036, 0.816381723717817, 0.7393376466465257, 0.739067556245705, 0.7187075228644381, -0.23358331008867536, -0.36776545416789713, 0.6236312772772786, 0.9004776858826437, 0.9463394812054495, 0.9502666315135965, 0.919862302408845, 0.8283318262026266, 0.9178457181013351, 0.9397665551824608, 0.9395298204339217, 0.8744753751293324], [0.9999933315855632, 1.0, 0.9812940900099925, 0.9997571290430848, 0.9973399513055987, 0.9902595319492605, 0.9925751153686532, 0.98784999229311, 0.9878914733844345, 0.9660011376598491, 0.9904582790938252, 0.988123479136527, 0.9879252048975299, 0.9879781557052684, 0.9880837854647215, 0.9931419640438982, 0.9950310674855761, 0.9915396822174665, 0.9915417780654694, 0.9879740707071712, 0.9880405186849754, 0.9869908804177961, 0.9587495331283521, 0.9830322278256719, 0.9826528473530562, 0.9792638850185044, 0.9701147795584604, 0.9027191803644248, 0.9877492729859515, 0.9833975262789287, 0.9752246242867657, 0.9087134339160827, 0.9943660539284047, 0.9941744816375752, 0.9944710485405861, 0.9892986898523879, 0.9938378643373545, 0.9944544894050313, 0.9947916389958175, 0.9965577218249845, 0.9944748791504807, 0.9944867670598375, 0.984953489291141, 0.9224101808561389, 0.6275247408671337, 0.8975149145385436, 0.9064142982003393, 0.8438434875064356, 0.8807094458890166, 0.9121098197679623, 0.8846727871233222, 0.8999738647867888, 0.8794977265816737, 0.9552785579447183, 0.9551744506387788, 0.9719568454705085, 0.9764068853837994, 0.969716495214411, 0.9692339076867245, 0.9726632385771564, 0.9725564702879964, 0.9309672167969373, 0.9397845398107869, 0.9021797695247746, 0.9020357484930062, 0.7884569231400097, 0.9666002306662647, 0.9691367288613494, 0.9694143357569706, 0.968773177249078, 0.9260025364842527, 0.6240845827148574, 0.5625491237999437, 0.7242170139158461, 0.8257680316299966, 0.7483616269041803, 0.7893690060968375, 0.7876532803311336, 0.5540908122736444, -0.2740042428694653, 0.9527893801343967, 0.9605913587491701, 0.952452212868922, 0.9729723906268186, 0.9341748007353448, 0.9578876509525897, 0.9568341731001454, 0.8937658638921805, 0.96122406732886, 0.9003665108559693, 0.4147690904295992, 0.8473519658351801, 0.8471333852170306, -0.22560203021805555, 0.6125075580263638, 0.7160736358408777, 0.6215819635795347, 0.9520413921674054, 0.6401325300721177, -0.2055750834715918, -0.11386854665368654, 0.6071034081379967, 0.6151144198733314, 0.6622299271171161, 0.9537871511035014, 0.9536009049175037, -0.1052625214728759, 0.12574637548705855, -0.024852365236032622, -0.05655994008392692, -0.029136993348822134, -0.012699936200251546, -0.0439278003177693, -0.08426754082994288, 0.31310186018755487, 0.062348244533391675, 0.014836785296180894, -0.45771902112825374, -0.4881143083143135, 0.6241590415759017, 0.7431338960731858, 0.7658051438230901, 0.8294266145302597, 0.8229460360540386, 0.5280612199079923, 0.7312828676202036, 0.763735082358369, 0.762352507778023, 0.41212094685795725], [0.9842260675044744, 0.9812940900099925, 1.0, 0.9856844257935742, 0.9925493099233638, 0.9896083681250336, 0.9906506063966798, 0.9910152267767899, 0.9943133662775675, 0.9536153178097808, 0.9968132798639254, 0.9909183223964354, 0.9928661767305569, 0.9910786900786617, 0.9909930612794311, 0.9915648082267342, 0.9898201789415927, 0.9895490613096759, 0.9895212674152445, 0.9928257012156655, 0.9909484445992409, 0.9931358994901757, 0.9781843073640744, 0.9904807348682, 0.99087127213051, 0.9775780297222398, 0.9811865405395449, 0.9447900415700395, 0.9735237301739442, 0.9767417769794456, 0.9781067648542415, 0.9494962404451789, 0.9878981329811046, 0.9910173713121906, 0.9892014620196771, 0.9930366095166628, 0.9945036353076024, 0.9920249926817325, 0.987281488930831, 0.98677189666606, 0.988171653171638, 0.9875362861278416, 0.9902436442718825, 0.9228402457715865, 0.6975657768166166, 0.9254124882196285, 0.8969051865226745, 0.7492103384947902, 0.9299356490463678, 0.8994271978082621, 0.931144551396317, 0.9263323834206009, 0.9182714802564022, 0.9534021125334966, 0.9602387148150455, 0.9289028633874119, 0.9445705418573834, 0.9520280671171997, 0.957334265015642, 0.9527082729034179, 0.9270498399209213, 0.891541904374803, 0.9224138290676345, 0.9224388507354632, 0.9061726397972079, 0.8572744353925073, 0.9570163669532858, 0.934566751393109, 0.952694335280596, 0.9310417597255788, 0.7592059669216067, 0.7915585759222424, 0.7281543419316927, 0.8123374996257349, 0.8598370393365533, 0.8566570505131916, 0.8297546212252849, 0.8434916778583466, 0.28650602510320694, -0.5242693712707732, 0.9428550307913341, 0.9124357192045857, 0.9179800605228411, 0.9295039791220416, 0.9124133336220364, 0.9485828051242278, 0.9483082384509234, 0.9067232294949538, 0.9453844818975097, 0.8289039618033824, 0.5832578144752759, 0.9255221225747402, 0.9320833061428655, 0.1734100612024935, 0.8965379279968805, 0.9203253720421902, 0.7942128820815885, 0.976722381898758, 0.7788523596489073, 0.5701855599921706, 0.36579462316109235, 0.785508626116417, 0.7864752907979792, 0.7740072501012009, 0.9805942993117839, 0.9806769353407561, 0.6554254467982813, 0.632564201869409, 0.7155616699323768, 0.25797190786057, 0.6888520414842405, 0.7122210887663646, 0.7271203845024535, 0.7085440160902527, 0.6908846207235402, 0.663578399978548, 0.6411863112186645, -0.31018007595804087, -0.4437356553681119, 0.5741458667611546, 0.8596230867182778, 0.8968018615420691, 0.8980474315497159, 0.892575675095339, 0.7574507488273512, 0.8710907930282222, 0.8853281516264543, 0.8942206042018604, 0.7400500836294085], [0.9999208714715856, 0.9997571290430848, 0.9856844257935742, 1.0, 0.9991695538691933, 0.989691839103059, 0.9977896589519384, 0.995661431143615, 0.996059192632996, 0.9792200334183723, 0.9932142659433228, 0.9957928148886489, 0.9951983042599123, 0.9957159910411276, 0.9958405778095416, 0.996996626340789, 0.9984832238150326, 0.9963879969972516, 0.9964047255350793, 0.9965125187032132, 0.9957489645716027, 0.9864977201927874, 0.969755628233603, 0.9886009129955078, 0.9875230572164491, 0.9820669544987739, 0.9646800141882321, 0.9423700775093837, 0.9939393819759296, 0.9943419382715776, 0.9918634828640193, 0.9741659651677491, 0.9975176746212503, 0.9979825495672398, 0.9973361646229757, 0.9959268994871234, 0.995680682433603, 0.9978674891949433, 0.9976857274547283, 0.9987852456262805, 0.9974462842209352, 0.9974595729361538, 0.9781472343032545, 0.9184539936968217, 0.7496439073188871, 0.8984299983155424, 0.9032341540613632, 0.8329423832724523, 0.9660823167974372, 0.9409280695364571, 0.9671737621980375, 0.9638693705194549, 0.9581034128336737, 0.9840606381054557, 0.9809651374072631, 0.9816666941414064, 0.9742021759589908, 0.9838045060318865, 0.9817246463872074, 0.9843770737406109, 0.984154063703858, 0.9489334244635604, 0.9640583227544951, 0.9691338619327692, 0.96881850076989, 0.9356714428615024, 0.9737130656483757, 0.9691845506659748, 0.9795418191010665, 0.9786146758054155, 0.9046520604002791, 0.852182334868733, 0.8172910374382311, 0.8706876626887227, 0.8979443041171051, 0.8951165526335015, 0.8968830267618362, 0.8957290295012437, 0.5068059571236451, -0.5191190132343673, 0.974360030842702, 0.9633168228042036, 0.9601064457549063, 0.9826009381849702, 0.9443616189718949, 0.9796320344175419, 0.979616673198542, 0.9420826694529528, 0.9792344818635236, 0.925973684409384, 0.6194542083721708, 0.8574374031092975, 0.9164916414903306, 0.2559739814040617, 0.9188442392274584, 0.939620260538646, 0.8093597552971736, 0.9570280336411567, 0.8900144601824445, 0.6583564225014235, 0.44165326814602485, 0.8868369677204427, 0.8581573889430694, 0.8827896548337963, 0.9678539222247554, 0.9681563011973394, 0.7367182452394356, 0.7002172044320247, 0.8196797370928416, 0.3322548094220584, 0.7889631153076054, 0.8236414644671206, 0.8101474554616152, 0.811181035837689, 0.7424382488846382, 0.7392845762750481, 0.7189886865165946, -0.2289717967372311, -0.367006607155216, 0.6215530103530661, 0.8986563229276219, 0.9446688037330015, 0.9486370566498414, 0.9188673006586678, 0.825586632661285, 0.9159804720839247, 0.9376704666113953, 0.9375887894406933, 0.866774685527237], [0.9988501355248066, 0.9973399513055987, 0.9925493099233638, 0.9991695538691933, 1.0, 0.9923852860760801, 0.9990340273573722, 0.9982062671863382, 0.998263144378364, 0.9723750926130675, 0.9974759290918866, 0.9982578390434796, 0.9980173981866562, 0.9982418175808737, 0.9983117013613533, 0.998575473591367, 0.9991399325245323, 0.9986519180564947, 0.9986557718546147, 0.9983363435502178, 0.9982436435418861, 0.9933867604396222, 0.9772866631584912, 0.993439070150716, 0.9933545573439752, 0.9860779085475635, 0.9790616453899894, 0.9455342948970316, 0.9904972088912972, 0.9926609178458649, 0.989630286105942, 0.9647473785915932, 0.9989467438052251, 0.9989759504786017, 0.9989610833799043, 0.9983644675810551, 0.9984908674601807, 0.9990610942838337, 0.9991209747060293, 0.9989491452628847, 0.9989294571888554, 0.9989317771895291, 0.9886952616757939, 0.9281440544793741, 0.724977122746805, 0.9147581332272376, 0.9064183870481844, 0.8125893049138532, 0.9502150795289765, 0.9271302687495169, 0.9538884891475873, 0.95495417123782, 0.9489866752450239, 0.9799494218561645, 0.9798764064422963, 0.9770274622629531, 0.9674143929718824, 0.9780690626278068, 0.9767972562517278, 0.9783850264832864, 0.9781100923282602, 0.9503706670283442, 0.9527641964378306, 0.9484303411489096, 0.9480310216990897, 0.8989398916396228, 0.9702512991989186, 0.966993401228697, 0.9740628126682432, 0.9730640265532532, 0.9283714914373602, 0.8254189104945495, 0.7769633444896742, 0.851202537804203, 0.8991660239699523, 0.879089971785904, 0.8883177835713247, 0.8872255731246375, 0.6638023403960431, -0.5921621920433823, 0.9662850485477855, 0.9495999460972404, 0.9479548701173282, 0.9782867316032486, 0.926262606740263, 0.9711351121458085, 0.9706663034667662, 0.9297743390376296, 0.9733199092189271, 0.9343299972714852, 0.6047669154159518, 0.882298236868572, 0.9381396925131914, 0.14682557869855828, 0.8943679210820589, 0.921833815531756, 0.8026739847638857, 0.9632610604283903, 0.8776298682468398, 0.510056376103393, 0.3154610828072918, 0.8648060851985505, 0.8160578996641308, 0.8661756604269243, 0.9724233913563866, 0.9726618621393356, 0.6882902017543802, 0.6794599377500108, 0.7328217693067225, 0.30522873150288066, 0.6667081406320933, 0.7387807528813046, 0.7143436196225915, 0.6942865737624943, 0.7249451048978585, 0.7207708691246517, 0.6994483534254754, -0.4566501068287917, -0.5312542555527764, 0.6081330319122039, 0.8908028098619054, 0.9281622962564334, 0.9395361291818378, 0.9147999820650511, 0.8002169636994833, 0.8970607125863125, 0.9212788790533947, 0.920739108230733, 0.7996733162279036], [0.9887880147065746, 0.9902595319492605, 0.9896083681250336, 0.989691839103059, 0.9923852860760801, 1.0, 0.9891614618268553, 0.9889866547925376, 0.9884052745504683, 0.9654582188507635, 0.9786210829649402, 0.9889501923808086, 0.9900138803043774, 0.9890488973981073, 0.9891517660920374, 0.9919739157676395, 0.9901612535360168, 0.9899009296530971, 0.9898770843869282, 0.9878058354895404, 0.9889785148885615, 0.996124609914767, 0.9909243550945103, 0.9885418095213501, 0.9882541058662012, 0.9658868682400328, 0.9839905661462314, 0.9647359268590296, 0.9744048801350883, 0.9778581519752773, 0.98607875465302, 0.97276303015879, 0.9891686344564814, 0.9893149060629575, 0.9901122696482966, 0.9899603451063264, 0.9817459479506362, 0.9900018935520553, 0.9895089838527501, 0.989229852386504, 0.9892641622267723, 0.989240952119705, 0.9943216622256821, 0.8828274243258376, 0.7332067315555137, 0.8739494834851421, 0.9050515962727763, 0.8407768996629013, 0.9386809678555804, 0.9132280197722741, 0.9403347597536252, 0.9469301665778107, 0.9367355675332296, 0.9640321851588841, 0.9684465320556969, 0.9667888430596171, 0.9779315147060174, 0.9679944550710377, 0.9796360826693543, 0.9679507729978313, 0.9674125371632697, 0.9655151864062911, 0.9579273397367707, 0.9430169688375419, 0.942512457290853, 0.9279521563122692, 0.9763685824874317, 0.9687544294800732, 0.9677385306464727, 0.9660603504488794, 0.9460068558433462, 0.8513705428353475, 0.8032200125674049, 0.8716439672104492, 0.8922697093921947, 0.8994374699217863, 0.8831483845802659, 0.8812963348711385, 0.6316172885648195, -0.4896385601632574, 0.9730776564343218, 0.9675078409292527, 0.9644168167434023, 0.9680155960979907, 0.9447460086820786, 0.9737507590589012, 0.9734596585861738, 0.9516952961875093, 0.9633200389135987, 0.9515038086945089, 0.6189981620742404, 0.8164026480191574, 0.9331091407612756, 0.25098222983090396, 0.9076380169224337, 0.926944741510754, 0.8057212046483565, 0.9534131634154419, 0.8483547858800906, 0.6112366934209056, 0.42448433433902766, 0.845634131376035, 0.8202249591927286, 0.8426359784487794, 0.9558668638696619, 0.9560262648077112, 0.7014798937330715, 0.6815269162606691, 0.7663082609875619, 0.3329132657561478, 0.7430561264548988, 0.772024335745585, 0.7577378595574064, 0.7600086430034295, 0.7306411092582672, 0.7121433711771614, 0.6938992954994622, -0.25998546615919194, -0.3857516656145968, 0.6554710005806494, 0.8884314824905933, 0.9062865639224427, 0.9142608553185926, 0.9025459000196043, 0.8026905332072517, 0.875097383929264, 0.8979443521517179, 0.8978374005072532, 0.8432477404004947], [0.9974264683020047, 0.9925751153686532, 0.9906506063966798, 0.9977896589519384, 0.9990340273573722, 0.9891614618268553, 1.0, 0.9970760770319133, 0.9995166075376324, 0.9714771534090718, 0.9993950574147104, 0.9980740029482269, 0.9990523657393531, 0.9989870801892831, 0.9987556464350722, 0.9980988915174912, 0.9998649975533039, 0.9992302012199563, 0.9992364410914626, 0.9996390039892792, 0.9991982046128914, 0.9907822710147388, 0.9740719757018658, 0.9837210914601909, 0.9922735343676784, 0.9852612976425666, 0.9710926862543178, 0.9409681939926153, 0.9924374871236107, 0.9917342265392821, 0.9929392303713692, 0.9707584553519324, 0.9987912407289896, 0.9998112706810942, 0.9996111693046582, 0.9993767837906744, 0.9996344553388321, 0.9998427964880026, 0.9978453009917295, 0.9995037346093801, 0.9992509524525277, 0.9988478210876803, 0.9833342946333792, 0.9328008976785345, 0.739380663524531, 0.9273785112044991, 0.9157609717071811, 0.8023331531989051, 0.9600017089321389, 0.9401718234712412, 0.9609579936872813, 0.958809268729463, 0.953761941909043, 0.9819902680335505, 0.9799372763247122, 0.9384426490076329, 0.9529705459617083, 0.9675762102466832, 0.9677658203272334, 0.969472364689844, 0.9388976823226952, 0.8857655779632629, 0.942233268283, 0.9538436437269237, 0.9306477018132239, 0.8719074143370141, 0.9588444508534244, 0.9272845948653017, 0.960924447743912, 0.9387095886194441, 0.7234246915115525, 0.8199911745437777, 0.7507135726460575, 0.8369881478195694, 0.8667609030694688, 0.8702636476037398, 0.8506849495189813, 0.8632641220016644, 0.24158686520644582, -0.5547025658724005, 0.9562793294720828, 0.9319691756653457, 0.9326839098904, 0.9410694823383522, 0.9261291330027294, 0.9647610579477232, 0.9648789068482012, 0.9202614171018829, 0.9608894498009006, 0.8136203091369335, 0.6007472157854009, 0.8835823135700785, 0.9162794130728161, 0.2332730956080025, 0.9161685488406189, 0.938172281703274, 0.8031147095888729, 0.9630613244731285, 0.8310193652699115, 0.6450510263798367, 0.42392422553441905, 0.8430309565856309, 0.8360251514469355, 0.8286122433389502, 0.9726582341403958, 0.9729596290503256, 0.7217936387089142, 0.6753369727766441, 0.7843956934509936, 0.3001909195592114, 0.7651668639573193, 0.7930750465975016, 0.7841486090381989, 0.7893553496571706, 0.720288201182912, 0.7250984141627018, 0.702941481438231, -0.2487667424862448, -0.3939650345172992, 0.6273831746622858, 0.8916257269450751, 0.9308104910945645, 0.9461215945958755, 0.9175347694387208, 0.8231405393639137, 0.9150377368116804, 0.9369905913492904, 0.9363290571571098, 0.7744944675398608], [0.9951123831650907, 0.98784999229311, 0.9910152267767899, 0.995661431143615, 0.9982062671863382, 0.9889866547925376, 0.9970760770319133, 1.0, 0.99998391451632, 0.9652749512534754, 0.999622190008468, 0.9999968555868258, 0.9996534579952842, 0.9999977797370145, 0.999981353988873, 0.9963649730799854, 0.9991330235462667, 0.9998835476715868, 0.9998834607520177, 0.9999550805703242, 0.9999944398964878, 0.9910131064132023, 0.97494791933909, 0.9915254289160876, 0.9927681014016491, 0.981898833275322, 0.9732502461668482, 0.939386817005238, 0.9887509804284602, 0.9943358062862795, 0.991629159651849, 0.9672997063462905, 0.9994238791296222, 0.999477743050152, 0.9996165624683213, 0.9996744847354432, 0.9986988876832619, 0.9993862763494183, 0.9990980134602638, 0.9981523309248772, 0.9994937999466369, 0.9993545612917718, 0.9847047374497576, 0.9334682526158548, 0.7261475922930054, 0.9345669205901264, 0.913278906079865, 0.779857318079745, 0.9586400214838383, 0.9351941921723073, 0.9592594670937419, 0.9523240495603768, 0.947290234393779, 0.9800534490800763, 0.9766622580757578, 0.9324317981657588, 0.946274725695327, 0.9591882589005591, 0.9633342394031824, 0.9616182097305034, 0.9368469126543151, 0.8739437362811282, 0.9356181561025906, 0.9455878747875286, 0.9243894378575911, 0.8557273520495321, 0.9548019747498785, 0.9192958438291804, 0.9538634307768801, 0.9330828570863464, 0.7054116903593701, 0.8092085340332713, 0.7455425783360866, 0.8261082452207569, 0.8572134386835267, 0.8636653010737946, 0.8451901664701409, 0.8546308649318259, 0.21974621121717003, -0.561911676607623, 0.9502855391175546, 0.9208492637894917, 0.9234301968283952, 0.9387484469492601, 0.9180152641083847, 0.958972900186941, 0.9591079470968346, 0.9121881141034764, 0.9519823989789032, 0.7973256204308401, 0.5953930748138218, 0.9067130834376071, 0.9293884984164836, 0.21940951935893463, 0.9152436190731021, 0.9375966441305752, 0.800234242126301, 0.9680161211734017, 0.8352201736762233, 0.6309758350893235, 0.4103112609810931, 0.8446660504350018, 0.8330780891242877, 0.832434398466066, 0.9758513244398933, 0.9761529410630457, 0.7114457766102004, 0.6659337160969128, 0.7867654020662063, 0.2844709399873186, 0.7600571080367038, 0.788937129866357, 0.7857884391366052, 0.7839642824147269, 0.7124337181038232, 0.71846094611913, 0.6955776547957808, -0.266451037651794, -0.4107253019736823, 0.6072970917818089, 0.8828117592099479, 0.9286972351408391, 0.9383967485921757, 0.9109699484233795, 0.8114108708480724, 0.9085346274711614, 0.9306928002759981, 0.9302955392584337, 0.753670186197432], [0.9954064976033333, 0.9878914733844345, 0.9943133662775675, 0.996059192632996, 0.998263144378364, 0.9884052745504683, 0.9995166075376324, 0.99998391451632, 1.0, 0.964564955158837, 0.9996209562236191, 0.9999812555007038, 0.9998306079612951, 0.9999897753552219, 0.99999682471709, 0.9989648693020844, 0.999097688798075, 0.9998166147926304, 0.9998159548827535, 0.9999661541265583, 0.9999824114889293, 0.9936196945979333, 0.9759888337452938, 0.9948195889522207, 0.9949805710753943, 0.9819418882669663, 0.9773657442287303, 0.9404103521445519, 0.9892612137882195, 0.9933650554142052, 0.9885189475953472, 0.9626178020856669, 0.999336777662897, 0.9994183591758565, 0.9994154386743975, 0.9998313515969643, 0.9987104937733472, 0.9993775456481616, 0.9993173242324248, 0.9981455235535703, 0.9993297687068877, 0.9993248094125569, 0.9890032790696774, 0.9335016783698036, 0.7270150533307974, 0.9345610482756456, 0.9133564053474479, 0.7800862396904097, 0.9462323349801715, 0.9222039608564815, 0.9494473572797387, 0.949701416741997, 0.9445544839737393, 0.9773268974100311, 0.9767970290366953, 0.9652769473679895, 0.9468014287624364, 0.9662351703602454, 0.9634403796695382, 0.9666542031588256, 0.966288707293048, 0.9363119579326158, 0.9349427495736976, 0.9368676768893102, 0.9364336692029903, 0.8861684029935101, 0.955209200568554, 0.9564588658694949, 0.9628412063686372, 0.9615588678723396, 0.9139917847472295, 0.8084439821953407, 0.754129759881524, 0.8254759249224404, 0.8787914652984495, 0.861838636576545, 0.8697589890394171, 0.8687219862107466, 0.6071573991905092, -0.6259040580971701, 0.9502601524415507, 0.9208791285684513, 0.9235173215372288, 0.9667449698664444, 0.9091471997321272, 0.9584846548227028, 0.9579264804196115, 0.9130954461755191, 0.9609371846257376, 0.9179695043511655, 0.5935040782410977, 0.9064828689344196, 0.9442460294282508, 0.16094646137922705, 0.9005720776599269, 0.9273742031710488, 0.7993028827042953, 0.966667503690118, 0.8843740711431133, 0.5370097143032181, 0.3375892818673517, 0.8720834101147741, 0.8244691767609521, 0.8740742690517302, 0.9758026239570727, 0.9760896163374292, 0.7093276137398675, 0.6631148138724581, 0.749201326154307, 0.28212165783924115, 0.6851559199519989, 0.7547246169531016, 0.7322295421149758, 0.713033457393643, 0.7100298464764001, 0.7152759334636144, 0.6923609681520182, -0.5071075811820551, -0.5833075755169587, 0.607555701147478, 0.8816916413825304, 0.9272686898612293, 0.9396270213075503, 0.9099876784072322, 0.8062552238194629, 0.8970890028203686, 0.9204518593106222, 0.9198880674164382, 0.8087409941627385], [0.979504369905908, 0.9660011376598491, 0.9536153178097808, 0.9792200334183723, 0.9723750926130675, 0.9654582188507635, 0.9714771534090718, 0.9652749512534754, 0.964564955158837, 1.0, 0.9491268013386913, 0.9656779762123329, 0.9645643026704236, 0.9653995744029049, 0.9649384432643031, 0.9665353102042118, 0.9755072072288897, 0.9700377685268002, 0.9700439195706023, 0.9654539072158043, 0.9655270760251919, 0.9655542128365103, 0.9519791824815729, 0.972484160907882, 0.9703175701944858, 0.8852642277388691, 0.968978244844647, 0.9500652056990941, 0.9752786218171724, 0.9692305038530845, 0.9692602606612803, 0.9338651606405637, 0.9739003200822022, 0.973453412009363, 0.9739487109483606, 0.9658019742990454, 0.957334005237461, 0.9729196171791072, 0.9737362489025885, 0.9779929016756203, 0.9740944014220784, 0.9741093118552105, 0.9556921758234402, 0.8425292381748052, 0.5467736954670492, 0.7838046853331999, 0.889764946639952, 0.8761543806234906, 0.901674438399243, 0.8244321887379756, 0.9062079088517719, 0.9149217735707882, 0.9033202799191984, 0.9312535902483587, 0.9311060034999605, 0.9434903364995919, 0.9347998273169398, 0.9543120959702682, 0.947667699816183, 0.9525850182853223, 0.9525894592839123, 0.9121952767410411, 0.9518993585323307, 0.9361892494193612, 0.9358843777749334, 0.8545002764337354, 0.9351238986528997, 0.9433240033817204, 0.9364660384013476, 0.9354033539622011, 0.8860825106905834, 0.8162436103867762, 0.7717471589257014, 0.8604442087368782, 0.9134559267348565, 0.884390158596589, 0.8989562091370733, 0.8982203095780826, 0.7048170422866504, -0.310145136266264, 0.9527717665631078, 0.9531975952926603, 0.9456153806363635, 0.9453358728872767, 0.9009138808005682, 0.9540487368738826, 0.9539351370842813, 0.9005510011037318, 0.9561238358087933, 0.9058571686228128, 0.7037402603041879, 0.6681142200114986, 0.8623184556643502, 0.12631045548274433, 0.8495696078895276, 0.8876174151072577, 0.8727769093169848, 0.9485336538416763, 0.9051854082562913, 0.43713667857048394, 0.37184754601631514, 0.8975376607714745, 0.8729982949826657, 0.9038614332713685, 0.9488426722736847, 0.9491941291632646, 0.5382242840334082, 0.7023319337494615, 0.614595872190045, 0.48374095375276227, 0.5726542988717986, 0.6292602282924713, 0.5899012328950369, 0.5656796417799081, 0.8037088705588699, 0.680919077204086, 0.6455113896679869, -0.27807689296255, -0.32483334914545503, 0.747708671614615, 0.9170247936350239, 0.9232940998163217, 0.9104313389598649, 0.941988475081442, 0.6560912041434402, 0.8414123650851612, 0.9094633944821413, 0.9085978517435577, 0.6915886397994309], [0.9916237517660428, 0.9904582790938252, 0.9968132798639254, 0.9932142659433228, 0.9974759290918866, 0.9786210829649402, 0.9993950574147104, 0.999622190008468, 0.9996209562236191, 0.9491268013386913, 1.0, 0.999653598072304, 0.9996297916178808, 0.999638119387493, 0.999646997397533, 0.9993817766484931, 0.9987048431467784, 0.999952219110156, 0.9999528916295713, 0.9996369136946784, 0.9996473092380052, 0.9894226458157132, 0.9544383547387951, 0.9905357698002726, 0.9917471482114193, 0.9868967723972271, 0.9680417912904553, 0.8886609674583646, 0.9882252730517092, 0.9921054283595279, 0.9712578877027661, 0.8920104588597134, 0.999113011243064, 0.9991854275726517, 0.9991067010109597, 0.9994389766352991, 0.9993707620297804, 0.9991286302285479, 0.9989864649953595, 0.9970203175211159, 0.9990809781597065, 0.9990788146865166, 0.9890928406500902, 0.9274262161144975, 0.5849269021769922, 0.9296907258665057, 0.9125822780297447, 0.7848142371996857, 0.8615771360593842, 0.8901540494659608, 0.8672493155771368, 0.8756372708320013, 0.858392639335008, 0.9500172254185756, 0.9499437668678665, 0.9466926163826528, 0.9492796859515606, 0.9377762936616372, 0.9399817801231952, 0.9426056606884804, 0.9423883905680958, 0.8889453511411634, 0.9007823461205943, 0.8556863424221527, 0.8554654432341396, 0.7255391999393511, 0.9425301716000791, 0.9462079338811019, 0.9464234811977957, 0.9456855354859967, 0.8905844294880939, 0.5695524589057447, 0.5038730217626461, 0.6694513819966368, 0.7789452023460208, 0.700058157830261, 0.7422296277961927, 0.7411770564401287, 0.49239405255061663, -0.4014110446798184, 0.9139608641471875, 0.9250520527408034, 0.9135931197433399, 0.9483046811249933, 0.8894167149697336, 0.9204683684707471, 0.9190961188911261, 0.8438798530977742, 0.9252394841767769, 0.8522722058339522, 0.47244785988256693, 0.9023962370404492, 0.8990934632401634, -0.2139297855871565, 0.6578254254579751, 0.7507873455874458, 0.6359097798000547, 0.9685178132078114, 0.6531218431146688, -0.15218518169901235, -0.08826262765082742, 0.6250520545128371, 0.6299674360580713, 0.6724401437737172, 0.9698653477735804, 0.969918449809609, -0.04215611923306026, 0.18069782648240382, 0.040252988733578236, 0.007227997024919831, 0.03347539416868661, 0.05270205523431219, 0.020134607977740013, -0.02693668605826237, 0.37055487575399265, 0.1076766771580312, 0.05654381911132725, -0.5279609331258783, -0.5580956409169205, 0.6077037794686965, 0.734736148417935, 0.7582066084459147, 0.8242046538669672, 0.8212907398870468, 0.5063168525325527, 0.7197242542108814, 0.7557695981112205, 0.7544731076157315, 0.40079751449143924], [0.9952616656449268, 0.988123479136527, 0.9909183223964354, 0.9957928148886489, 0.9982578390434796, 0.9889501923808086, 0.9980740029482269, 0.9999968555868258, 0.9999812555007038, 0.9656779762123329, 0.999653598072304, 1.0, 0.999639244574577, 0.9999976282021821, 0.9999842361628023, 0.997016582382774, 0.9991932600647778, 0.9998953431068928, 0.9998953622461443, 0.9999630177422437, 0.9999948938916824, 0.9909307637314368, 0.9748371452163346, 0.9921773124401353, 0.9927344418980246, 0.9821274656723448, 0.9730956125867409, 0.9394276704324362, 0.9896312755826534, 0.9943845220926545, 0.9916978410333135, 0.9674421075512524, 0.9994656829876939, 0.9995220800622443, 0.9996507243519852, 0.9996769240648078, 0.9987943281272815, 0.9994329289392533, 0.9991364446305513, 0.9982462670484673, 0.9995370264723853, 0.9993972462831542, 0.9845252097521111, 0.9337330612989384, 0.7268434940911448, 0.9344755148329058, 0.9135537296272229, 0.7810691409074657, 0.9589491742560974, 0.9356057604489294, 0.9595773523554153, 0.9526889387038856, 0.9476736623223807, 0.9802852102733285, 0.9768420337942733, 0.9327815965331621, 0.9465439078924043, 0.9595414921414712, 0.9635297712428418, 0.9619624863714163, 0.9371319920930018, 0.874223353147917, 0.9359630876655071, 0.946046171606991, 0.9248484616545539, 0.8562413851259274, 0.9549466107283743, 0.9195738928124437, 0.9541415640258764, 0.9334134247366314, 0.7056286907581867, 0.8097721090192423, 0.7461324420087898, 0.8266656822765907, 0.8576324230706976, 0.8639992897944937, 0.8456560691944307, 0.8551229604046287, 0.22017460338665143, -0.5617012385360662, 0.9505691753490183, 0.9213794419332106, 0.923854558957865, 0.9390168142884674, 0.918351274405655, 0.9592531954924807, 0.9593875958742059, 0.9124998261770726, 0.9523608732269928, 0.7976771495449, 0.5956687276551769, 0.9056708848995957, 0.9288374052684789, 0.22011448728597996, 0.9153193141339298, 0.9376665112437572, 0.8005387613645042, 0.9678416176162573, 0.8356462305803094, 0.6319527555947816, 0.41119997708739414, 0.8451176630162963, 0.8336083768725563, 0.8328467639996089, 0.975764951176742, 0.9760664299975376, 0.7121107824042353, 0.6665797963124727, 0.7873169238638231, 0.2853995923057825, 0.7607391491130395, 0.789598647345074, 0.7863451747844332, 0.7846563649945595, 0.7128708028290098, 0.7189215774219755, 0.6960699335433229, -0.265381129232605, -0.4097519911034851, 0.6079546979920162, 0.8833228762055235, 0.9290923448704816, 0.9388852165482269, 0.9114128644757258, 0.8119562947964895, 0.9090664928427006, 0.9312124526373295, 0.9308013097931107, 0.754334349835159], [0.9944545914307577, 0.9879252048975299, 0.9928661767305569, 0.9951983042599123, 0.9980173981866562, 0.9900138803043774, 0.9990523657393531, 0.9996534579952842, 0.9998306079612951, 0.9645643026704236, 0.9996297916178808, 0.999639244574577, 1.0, 0.9996758630419474, 0.9996610270705542, 0.9990820387582783, 0.9986906543127133, 0.999454816087644, 0.9994489228244331, 0.9996550365346091, 0.9996303560870677, 0.9928614294721129, 0.9764331882921988, 0.9955764069581875, 0.9954676455754997, 0.9819421784157938, 0.9759135044680782, 0.9419644692497006, 0.9888011714008047, 0.992382685298666, 0.9907402698823311, 0.9650008580778204, 0.998749774451947, 0.9990548877185624, 0.999239635649418, 0.9999217182822571, 0.9987364858402158, 0.9990139295654674, 0.9985699320800455, 0.9974200416459023, 0.9987401105603098, 0.9986657762608556, 0.9884560094061311, 0.9337040729170292, 0.7228571454003095, 0.9346122015552526, 0.9134557007034788, 0.7803313284559292, 0.954914910641933, 0.9285202196770199, 0.9558196540543904, 0.9492712092606687, 0.9437055109672274, 0.9767341710061108, 0.9747528787675577, 0.9566604137080468, 0.9461814289404106, 0.9597873546239843, 0.9626434053863964, 0.9617350005733935, 0.9610936189074244, 0.8783025519826652, 0.9327596140958425, 0.9443227700142383, 0.9440964349490606, 0.8541768529035012, 0.9551759799337818, 0.9317125107560017, 0.9560278951834879, 0.9546607522273861, 0.7098590624570156, 0.8064994741095146, 0.7696909630400722, 0.824054757488682, 0.8590804360174791, 0.8629572197212296, 0.8536684207529606, 0.8541037499278545, 0.20398683228210604, -0.5563560264556529, 0.9495012656141525, 0.9210283065277365, 0.9226461954648427, 0.9597098146057094, 0.9181973204906703, 0.9578782173659868, 0.957971390198827, 0.9119802918208969, 0.952669731216296, 0.8044963191560762, 0.5961509429484941, 0.9062727422554492, 0.9293348780540546, 0.21423196613660314, 0.9131601721924939, 0.9358573394873697, 0.801570336356537, 0.970605646858635, 0.8292687675051762, 0.623912460913523, 0.4058157539537547, 0.8362348041306598, 0.8282601962025884, 0.8245689706948193, 0.9777645743081558, 0.9780195461210159, 0.7027751859284636, 0.6609569901685207, 0.7661873099252408, 0.28508666288220846, 0.7506392883934649, 0.7781803168286687, 0.7547622378595741, 0.7735089056495104, 0.7104496236521366, 0.7084524449019381, 0.685864471190818, -0.2722692677537447, -0.41502173917731466, 0.6075015129777054, 0.8810976375642584, 0.9306232216667271, 0.934400893527941, 0.9106047662738828, 0.8040227919614875, 0.9026642560139475, 0.9241923641955839, 0.9244363465844194, 0.7485106456882606], [0.995168754131317, 0.9879781557052684, 0.9910786900786617, 0.9957159910411276, 0.9982418175808737, 0.9890488973981073, 0.9989870801892831, 0.9999977797370145, 0.9999897753552219, 0.9653995744029049, 0.999638119387493, 0.9999976282021821, 0.9996758630419474, 1.0, 0.999988431157348, 0.9985962390003408, 0.9991548504071456, 0.9998872782266104, 0.9998868618625414, 0.9999571938252924, 0.9999922319742064, 0.9910512657536329, 0.9750034707331402, 0.994052323527101, 0.99390780227618, 0.9820337335339887, 0.9732950272052536, 0.9395754762175791, 0.992110635920035, 0.9947079704281155, 0.9915699692940956, 0.9671953394786185, 0.9994402576390198, 0.9994830027190892, 0.999627048935593, 0.9996938629132529, 0.9987434571836181, 0.999397865241134, 0.9991659080801372, 0.9981731684581401, 0.9995078088943811, 0.9993717931610133, 0.9846862924598726, 0.9335579052037352, 0.7262402630423633, 0.9345723797810273, 0.9134759790614824, 0.7804303600808123, 0.9587510769926182, 0.93537438403329, 0.959412150382207, 0.9522931441127661, 0.9472344788930444, 0.9801036368396042, 0.9766258074172154, 0.9327991175102797, 0.9464204717748628, 0.9593934513756863, 0.9634039304976155, 0.9618061386988292, 0.9365364171124552, 0.8741930290214741, 0.9354557915469427, 0.9456670139660871, 0.9246525621977016, 0.8558690281496588, 0.9549732477322138, 0.9197286382858815, 0.9541156350039122, 0.9334684028483055, 0.7058232247519274, 0.8091496555733453, 0.745857047965219, 0.8260957407930096, 0.8574110283404515, 0.8636328222507942, 0.845372032788099, 0.8548303064745018, 0.22012231551963768, -0.5615747899758489, 0.9503535313536834, 0.9211007488990146, 0.9236326000877463, 0.9366804544255745, 0.9183103650257809, 0.9590514188590582, 0.959183068456718, 0.9123711807874103, 0.952187602172352, 0.7976364711838805, 0.5954590282220427, 0.9062192555431605, 0.9292277312993822, 0.21934875020578368, 0.9151052341414468, 0.9374885688006604, 0.8002404737728291, 0.9680333166170326, 0.8352874887154506, 0.6308575163405422, 0.41021852515594376, 0.8447171211793926, 0.8332522744268095, 0.8324945834272841, 0.9759054568235221, 0.9762031151478211, 0.7109845643101024, 0.6655156704369346, 0.7867739741576628, 0.28480049688244824, 0.7600553201730339, 0.788877327245453, 0.7859903157486794, 0.7838795621715775, 0.712330493406524, 0.7176125430631235, 0.6947658872126959, -0.2662347084450081, -0.4105045618665311, 0.6076724521035238, 0.882741251952733, 0.9288620924426475, 0.9384808440710475, 0.9110351304429537, 0.8112257348327866, 0.9087910755570349, 0.9307721322610444, 0.9304929986646624, 0.7538097303921465], [0.9953162710593805, 0.9880837854647215, 0.9909930612794311, 0.9958405778095416, 0.9983117013613533, 0.9891517660920374, 0.9987556464350722, 0.999981353988873, 0.99999682471709, 0.9649384432643031, 0.999646997397533, 0.9999842361628023, 0.9996610270705542, 0.999988431157348, 1.0, 0.998595048949196, 0.9991907021270505, 0.9998837982072772, 0.9998838256143086, 0.9999563599181645, 0.9999772078345661, 0.9909692203609411, 0.9750316631083684, 0.9924968302889149, 0.9925404342194644, 0.9821901564861245, 0.973041691845277, 0.9395882518871898, 0.9921483543746077, 0.9942930083786109, 0.99141424668773, 0.9670852983193924, 0.9994812566361829, 0.999469002272531, 0.9996176605735689, 0.9996846303319811, 0.9987645465651401, 0.9994034178185504, 0.999196937248436, 0.9982280715134759, 0.9995401776481401, 0.9994181946207984, 0.9844669485886667, 0.9333719634014269, 0.7269480614801432, 0.9343181231273409, 0.9133620724293372, 0.7807290582445238, 0.9592980019342945, 0.9364809616338073, 0.9600254538643054, 0.9524605380776651, 0.9473719249095488, 0.9805858529813186, 0.9768069988666409, 0.9336957441387852, 0.9469789348095601, 0.9598589903255821, 0.9636299379891381, 0.9622766949625311, 0.9379063991791197, 0.8745377469826768, 0.9351279342648654, 0.9460277016074908, 0.9254107760528928, 0.8559236802738026, 0.9554517350470294, 0.920493231176406, 0.9547223523018358, 0.9344088879049475, 0.706029929396084, 0.8087599797415855, 0.7470172147225875, 0.8257767874981616, 0.8575651663732476, 0.8632823022369919, 0.8460190350155312, 0.8552399780733058, 0.2200215244968078, -0.5611841852163599, 0.9504723824683918, 0.9213366907009231, 0.9238803409443463, 0.939853018799955, 0.919168101716737, 0.9592624522554711, 0.9593887186473931, 0.9128552547055406, 0.952618376981175, 0.7978620348110869, 0.5941772271281965, 0.9060509797907176, 0.9289679288425241, 0.21873180358431354, 0.9146336444391477, 0.9370794590270672, 0.799334316921482, 0.9676913268590578, 0.8362633530293679, 0.6300730259238736, 0.4091952742937965, 0.8452393137758931, 0.8337080254401749, 0.8332366305910863, 0.9757109850524046, 0.9759980190952738, 0.7096621588506631, 0.6634816790340574, 0.7878254526523358, 0.28315486085308816, 0.7603085796037408, 0.7892346955503236, 0.7872313151772911, 0.7840584942880245, 0.7109139099852605, 0.7154720090570866, 0.692608009057515, -0.26568374107046294, -0.41007303952059904, 0.6077739115533745, 0.8818860387456293, 0.9294252831880394, 0.9389626320072018, 0.9102966682237373, 0.8114115829937106, 0.9097911592454726, 0.931323363319801, 0.9312047478337515, 0.7537057976116184], [0.9964671505722115, 0.9931419640438982, 0.9915648082267342, 0.996996626340789, 0.998575473591367, 0.9919739157676395, 0.9980988915174912, 0.9963649730799854, 0.9989648693020844, 0.9665353102042118, 0.9993817766484931, 0.997016582382774, 0.9990820387582783, 0.9985962390003408, 0.998595048949196, 1.0, 0.9988862396902104, 0.9989571791604434, 0.9989549415799576, 0.9987788856932615, 0.9984868643349046, 0.9923578228294473, 0.9776977436940614, 0.9832601822299678, 0.9897688787670436, 0.9882807254994009, 0.9750280701151168, 0.9470420640533718, 0.993226382024102, 0.9930904375041933, 0.9904449492889449, 0.9672685110086118, 0.9987870376326794, 0.9987330305018705, 0.998969078580572, 0.9986131635582346, 0.9993676923563948, 0.9988685221799163, 0.9989093872968141, 0.9979792591987916, 0.9986665100188591, 0.9987379650925964, 0.9833407316494626, 0.926657723063429, 0.7326985779659108, 0.9274386535554598, 0.9160498229200723, 0.798515168391673, 0.9626696968138484, 0.9405578618566378, 0.9639845701987416, 0.9525272998142994, 0.9460936384293445, 0.9811840086439824, 0.9763359192130726, 0.9463243100386312, 0.9562484806641609, 0.9667360727499406, 0.9681119542744594, 0.9682895734405996, 0.9494723524185942, 0.8864052105999454, 0.9389999177507768, 0.9509234577542978, 0.9363485511869649, 0.8668003993412197, 0.9617410764724741, 0.9340195826699206, 0.9622773168309746, 0.9470407530377666, 0.72371345184235, 0.816447430598193, 0.7646339869521732, 0.8346968645899235, 0.8700447675929109, 0.8703979930788652, 0.85696217666