var element=document.getElementById("correlationClose");if(element.style.display!='none'){var correlationClose={"data":[{"type":"heatmap","z":[[1.0,0.9999845718682253,0.5917510215497238,0.999710348304931,0.9976040713419918,1.0,0.9912321277289411,0.9869942137374287,0.9869942137374287,0.9918987639293351,0.9737963600710201,0.983473405360403,0.9912755660863785,-0.11708389432454637,0.991337451720869,0.9468034153850673,0.9328277432694857,0.4175399789976436,0.992306754339795,0.9922921117605459,0.9843454503296624,0.991262521842561,0.44940213732399986,0.6826463858450723,0.9788222299839227,0.9788222299839227,0.9788003672731671,0.9647988583089627,0.32498175716398847,-0.11450455954189098,0.9897224116105702,0.9896909799677185,0.28872141066694357,-0.19033665401503033,0.9940136000197056,0.9948330618016573,0.8196737512212772,-0.3846675407467609,0.9884517080096039,0.9946443154276168,0.945902424002108,0.39945653158502925,0.99418962115411,0.9941763307175181,0.99418962115411,0.8885159279553905,0.6660337120316542,0.8780838318594734,0.8897979322743503,0.7953167969108415,0.38379569503397837,-0.1424879500942878,0.19303203034084782,0.9453382600516474,0.4439881156025419,0.9765846082567058,0.9711182161243244,0.9796182358408527,0.9897277617202538,0.9184640813614297,0.9179901668684536,0.9358542332879105,0.9139651372524671,0.9327982537173765,0.9335410395796845,0.9327982537173765,0.8535365120412304,0.9096161284054618,0.9106800687017877,0.9096161284054618,0.9023233538283745,0.7462389623343029,0.8764293627372776,0.8779761880376528,0.8764293627372776,0.6332119051502418,0.31936749670078723,0.6117222654956564,-0.5873801632483332,0.5110478336483937,0.5577435702749578,0.5587512329220535,0.5577435702749578,-0.1046856204137256,0.8898079427114294,0.9221394352410569,0.9040853175454822,0.9199334436930329,0.40821412036212495,0.8864198276073121,0.8875078706793594,0.8864198276073121,0.8944881236423743,0.8944881236423743,-0.1458340891136521,0.5676117328022637,0.1905559419259771,-0.5881747657712889,-0.5684218413407337,-0.5720399703052974,-0.055583035033521404,0.0753948808195248,0.2501210871764078,0.11049333159145,-0.4225788732272667,0.04326620994880036,-0.7939112222937931,-0.2235048514600468,0.14017956916369056,0.14050804255527624,-0.5484761441460189,-0.6002655346414818,-0.2258001367791311,-0.4940937468600695,-0.8270810787551548,-0.36104934911762127,-0.3524463295203488,-0.36104934911762127,-0.19010405145794756,-0.27274780722154185,-0.27274780722154185,-0.8151752919218556,-0.8151752919218556,0.4022090374935568,0.6537512134705584,0.8698619477602831,0.8495327167798652,0.7844786855213591,-0.2652461755828893,0.7630660246105809,0.8029860376541667,0.8032694842562623,0.8029860376541667,-0.23434067252820306],[0.9999845718682253,1.0,0.9721711755570702,0.9992857460289601,0.9943055872652483,0.9999845718682251,0.9797935733542356,0.9716451412322203,0.9716451412322203,0.9796127067862147,0.9615301456862547,0.9816407507348226,0.9798527676505663,0.9798232188928918,0.9796472474096849,0.7500946970409734,0.7106750340806278,-0.30594696268721844,0.9848019036912004,0.9847768912441117,0.9799142337391783,0.9799066389214192,-0.12038982175804695,0.9709898471692827,0.9734898377197831,0.9734898377197831,0.9735587984932242,0.9649834103173983,0.08948773906839792,0.16267431871577356,0.9769987592116555,0.9770898364361301,0.9726710451763442,0.16744463185439715,0.9884468759335331,0.9885212701134516,0.9892355549502461,0.9817095368900474,0.9870394308116339,0.988526848898797,0.7346414305865252,-0.312143223908416,0.989304073561032,0.989287617662588,0.989304073561032,0.8885157603753487,0.536799256168113,0.8782766911793136,0.889782573734599,0.7946278276648948,-0.4184034962387179,-0.5381834332976189,0.8268962984873123,0.8585348142476956,-0.20072821758454806,0.9345421136345509,0.9346387299327612,0.9440910548082107,0.9731056755688082,0.9302839442261756,0.9394799143834655,0.9191413138527752,0.9186981097287747,0.9253932621110982,0.9260677697041131,0.9253932621110982,0.7958527161336857,0.7579047802043273,0.7601430695142284,0.7579047802043273,0.9335921315127361,0.9383713631657556,0.9336222633309723,0.9347425214013064,0.9336222633309723,0.47615948949569586,0.41666815266505425,0.5348605296960066,0.6383923642219337,0.5241711756276447,0.5608410802470669,0.5615920687996464,0.5608410802470669,-0.21832697453218455,0.8795961338060381,0.9133120652185645,0.901008490270138,0.9369581019353612,-0.14098296475912978,0.8742852858175889,0.8746572920521438,0.8742852858175889,0.884626930240544,0.884626930240544,-0.2446330171723669,0.5673731341151844,-0.37355787055962536,-0.6874934787582341,-0.46693925885045895,-0.47042006037212214,-0.31961723175803564,0.2387311225829967,-0.2256962351319151,-0.4189469528862842,-0.6266370277462494,-0.29984760780870756,-0.49498100221894775,-0.3547372345644191,0.11800268860211133,0.11380610433056819,-0.4913568821761697,-0.44881140431007027,-0.477089896889098,-0.5070042002447588,-0.4994001900582159,-0.4791374264686935,-0.4824612050376143,-0.4791374264686935,-0.358066890638893,-0.50519839313174,-0.50519839313174,-0.47651762968622763,-0.47651762968622763,0.4021636146007047,0.40647203765372425,0.5164120433845574,0.5992327270677209,0.5687579028253062,-0.40287196483805215,0.3761762498684833,0.36322256768255706,0.363320093473049,0.36322256768255706,0.1089913617374079],[0.5917510215497238,0.9721711755570702,1.0,0.5859436756314477,0.48566744938582773,0.5917510215497238,0.5787674317586236,0.5679332664933077,0.5679332664933077,0.48879718046254517,0.4330639462599841,0.9966998371827988,0.5788046201181707,0.5109286491725028,0.5791009159759203,0.533869876781483,0.5570025588539147,-0.1266536521016338,0.5281296675259969,0.5272079718880799,0.4836560495027496,0.5777030931242371,0.21868468252851886,0.7179789375333997,0.5483750957144206,0.5483750957144206,0.5481114841147602,0.9853033200770325,0.31163335540496534,0.17778828567007834,0.5418807613943375,0.5414342902514249,0.7633304603303297,0.018660748414202857,0.5764998384328729,0.4866102510543616,0.5582600209041191,0.34775141185969227,0.9941783021678957,0.4757718972773109,0.5298687222784766,-0.1335628350539619,0.5927175340265429,0.5744887344801703,0.5927175340265429,0.8925852671786554,0.3919082210733962,0.9118453145536759,0.8797826990306326,0.6613518775316108,0.20232299085245795,-0.024144751467012858,0.05461720647453808,0.4450637603302782,-0.07785041859578924,0.5317618064699868,0.47312770328975706,0.5038890338739049,0.45852384598593804,-0.05957270354219908,0.7135660334638907,0.6605709711935569,0.5179279886539429,0.6668457083757308,0.7222157839375343,0.6668457083757308,0.3753691805406364,0.562274772001906,0.6529407430250371,0.562274772001906,0.5902643762777043,0.6314494532765897,0.6743413577468869,0.740893367997511,0.6743413577468869,0.24037273805710224,-0.08619503796760349,0.25959161835533584,0.1349161223681675,0.2599454824893353,0.2612265958476265,0.4128815057245889,0.2612265958476265,-0.17445157877302594,0.47609217620490557,0.8257993651391902,0.5598892129051416,0.738372055502337,0.043911116092641166,0.5367790579838391,0.536693196883519,0.5367790579838391,0.6477918273962261,0.6477918273962261,-0.2685022597394728,0.7230605899607283,-0.21639195907241576,-0.5801959767395566,-0.39983981344448194,-0.40343803916913107,-0.39651686013035325,0.03512829026976653,0.02428231598699289,-0.2763613418373037,-0.5619721496995337,-0.1408678844868301,-0.2457656230622445,-0.22000781158711352,-0.0006703463523709566,-0.004170753170740612,-0.45900974347528734,-0.005308938346784892,-0.22896940909425573,-0.49084711037889095,-0.13202615404892698,-0.3686394354359385,-0.24526500700893125,-0.3686394354359385,-0.4256393811736799,-0.512681724188377,-0.512681724188377,-0.2534741821776247,-0.2534741821776247,0.3342656443266769,0.14998671769335192,0.2534552170145021,0.4956941593644719,0.2338717794008112,-0.3229302311233618,-0.03285270615643444,0.45056007854003216,0.5624036441954746,0.45056007854003216,-0.04595341093722282],[0.999710348304931,0.9992857460289601,0.5859436756314477,1.0,0.9987054258031244,0.9997103483049309,0.9927619570494743,0.9889966660260737,0.9889966660260737,0.9937440164096498,0.9716655714434499,0.9880616224364536,0.9927941527220141,-0.12117174964801934,0.9928290623015628,0.9480115901293432,0.9340015236645912,0.4032778366212586,0.9936216369131526,0.9936093621110281,0.9847207916193458,0.992773809171063,0.4408133328948008,0.68618480098011,0.9816844791705677,0.9816844791705677,0.981662930499398,0.9739532367174404,0.32038513522725653,-0.12153538734862178,0.9893777024204866,0.9893567601350324,0.28057252665174237,-0.19097449511045894,0.9947628762059618,0.9958472585736068,0.7807066806893028,-0.3901868164321278,0.9918067706961827,0.9958933435942161,0.9462397892072166,0.3848421135980338,0.9924399529138018,0.9948291140701087,0.9924399529138018,0.8868801255516803,0.6534374753459501,0.8854244668242166,0.8869049719626999,0.7739130871189038,0.37842145135426347,-0.14826913137940467,0.18672818962910762,0.93964744358144,0.4279830171474563,0.9722779890860961,0.9683191663442088,0.9776271561875521,0.9900272955752082,0.895271367223583,0.9098242251849573,0.9214988592910469,0.9092279022494376,0.914001846084884,0.9150320859809644,0.914001846084884,0.8442409019648937,0.896458055729981,0.8976288225415731,0.896458055729981,0.8981980798584389,0.6812862585306385,0.8339990995649512,0.8355831414110896,0.8339990995649512,0.6235562815359748,0.10809642558490984,0.6001910348567978,-0.5924530899911716,0.5048160417721003,0.29762873134529055,0.5271886821317805,0.29762873134529055,-0.11150544487550715,0.8834624931236282,0.9124121488675293,0.8947412033214184,0.89445330238751,0.3947576612482792,0.8810020016718563,0.8822449701562739,0.8810020016718563,0.8731374341355754,0.8731374341355754,-0.1518229270644497,0.5929145767218519,0.19533596897222366,-0.5985413504851734,-0.5760540148201848,-0.5795763481583883,-0.06805198546959058,0.07007889285116138,0.2430367805741161,0.09765765325414098,-0.43510432130263776,0.036735750469573204,-0.8004715776866871,-0.23144686804344433,0.12936764270180248,0.12973634266551498,-0.5558335794779017,-0.5971317644395487,-0.2274138837414387,-0.506023757773455,-0.8293517456287347,-0.3627871545048124,-0.35474965668356095,-0.3627871545048124,-0.1993916077509209,-0.2828213832707056,-0.2828213832707056,-0.8153366784771987,-0.8153366784771987,0.38986261931301974,0.6420077734135005,0.8622995778979352,0.8420497335165021,0.7773231464449308,-0.2786683755400332,0.7542141793720119,0.7944236640684301,0.7947183152984304,0.7944236640684301,-0.2193563874799705],[0.9976040713419918,0.9943055872652483,0.48566744938582773,0.9987054258031244,1.0,0.9976040713419918,0.9968918324389933,0.9950393723165182,0.9950393723165182,0.9970841023635914,0.9618901939990055,0.9956727722714538,0.9969130898195792,-0.32600699352902435,0.9969425692338898,0.9289038727323388,0.9055282573318916,0.20437935662646978,0.9974642312192018,0.9974579722740987,0.9864684322763093,0.9968996714036066,0.08077176027885014,0.6520426486894866,0.9910204139162898,0.9910204139162898,0.9909784573796496,0.986238860582563,0.07901205891310131,-0.10534168646819768,0.9874583979143062,0.9874070537968881,-0.026649001304557763,-0.08706280133238727,0.9977462487972235,0.9976832267098352,0.7611007749989968,-0.527663669978869,0.9972987470059467,0.9979573603091694,0.9229582882740323,0.1804414731395678,0.9976983336282362,0.9976987651263844,0.9976983336282362,0.9016592882711271,0.614799002364013,0.905074120104412,0.8907331624840406,0.7425505125125131,-0.09910153596700261,-0.5825188790223371,-0.22857849749524586,0.9256359709805654,0.2821609372945669,0.9662408060903632,0.9663081847102449,0.9787740558485344,0.9909165192790025,0.8909289759368257,0.8887910428574345,0.9085983870719134,0.8949502620800664,0.9067982350384951,0.9071985105259466,0.9067982350384951,0.8156898493669608,0.8424655972113776,0.8438090506036952,0.8424655972113776,0.8856796805930292,0.7828118852342989,0.8656417211168378,0.866594219892389,0.8656417211168378,0.5763355481593249,0.44315983664014436,0.5608409321895768,-0.6312938113817778,0.55913623864099,0.536703738014287,0.5359009722201818,0.536703738014287,-0.13180658707997714,0.8633157594103708,0.8836957277147627,0.8685333636096607,0.9003336634251109,0.24736383575327878,0.8641113007671926,0.8653505061649566,0.8641113007671926,0.8717906477723313,0.8717906477723313,-0.1938907442687065,0.6485583730402383,0.04945183813957545,-0.6327999420851115,-0.6314588821110936,-0.631881953694331,-0.10337761739422034,0.09246998860899074,-0.15439633031902625,-0.15477964462723984,-0.5184223248144196,-0.3335622550286724,-0.8602208713377116,-0.5254954347656496,0.09609061893593233,0.0963052890602335,-0.5854272686727249,-0.5889200505285312,-0.5209755104370682,-0.5478209217216606,-0.7943409043144157,-0.5759555767052553,-0.5787695373574506,-0.5759555767052553,-0.24223890348174007,-0.32051814098304693,-0.32051814098304693,-0.7606305658225303,-0.7606305658225303,0.37139850361221555,0.6210873748976741,0.8130823220237534,0.7895610674266206,0.7648052229070987,-0.4149403240216291,0.6055358603566057,0.6858440554897423,0.6862439835570855,0.6858440554897423,0.0108328955203794],[1.0,0.9999845718682251,0.5917510215497238,0.9997103483049309,0.9976040713419918,1.0,0.9912321277289411,0.9869942137374287,0.9869942137374287,0.9918987639293351,0.9737963600710201,0.983473405360403,0.9912755660863785,-0.11708389432454637,0.991337451720869,0.9468034153850673,0.9328277432694857,0.4175399789976436,0.992306754339795,0.9922921117605459,0.9843454503296624,0.991262521842561,0.44940213732399986,0.6826463858450723,0.9788222299839227,0.9788222299839227,0.9788003672731671,0.9647988583089627,0.32498175716398847,-0.11450455954189098,0.9897224116105702,0.9896909799677185,0.28872141066694357,-0.19033665401503033,0.9940136000197056,0.9948330618016573,0.8196737512212772,-0.3846675407467609,0.9884517080096039,0.9946443154276168,0.945902424002108,0.39945653158502925,0.99418962115411,0.9941763307175181,0.99418962115411,0.8885159279553905,0.6660337120316542,0.8780838318594734,0.8897979322743503,0.7953167969108415,0.38379569503397837,-0.1424879500942878,0.19303203034084782,0.9453382600516474,0.4439881156025419,0.9765846082567058,0.9711182161243244,0.9796182358408527,0.9897277617202538,0.9184640813614297,0.9179901668684536,0.9358542332879105,0.9139651372524671,0.9327982537173765,0.9335410395796845,0.9327982537173765,0.8535365120412304,0.9096161284054618,0.9106800687017877,0.9096161284054618,0.9023233538283745,0.7462389623343029,0.8764293627372776,0.8779761880376528,0.8764293627372776,0.6332119051502418,0.31936749670078723,0.6117222654956564,-0.5873801632483332,0.5110478336483937,0.5577435702749578,0.5587512329220535,0.5577435702749578,-0.1046856204137256,0.8898079427114294,0.9221394352410569,0.9040853175454822,0.9199334436930329,0.40821412036212495,0.8864198276073121,0.8875078706793594,0.8864198276073121,0.8944881236423743,0.8944881236423743,-0.1458340891136521,0.5676117328022637,0.1905559419259771,-0.5881747657712889,-0.5684218413407337,-0.5720399703052974,-0.055583035033521404,0.0753948808195248,0.2501210871764078,0.11049333159145,-0.4225788732272667,0.04326620994880036,-0.7939112222937931,-0.2235048514600468,0.14017956916369056,0.14050804255527624,-0.5484761441460189,-0.6002655346414818,-0.2258001367791311,-0.4940937468600695,-0.8270810787551548,-0.36104934911762127,-0.3524463295203488,-0.36104934911762127,-0.19010405145794756,-0.27274780722154185,-0.27274780722154185,-0.8151752919218556,-0.8151752919218556,0.4022090374935568,0.6537512134705584,0.8698619477602831,0.8495327167798652,0.7844786855213591,-0.2652461755828893,0.7630660246105809,0.8029860376541667,0.8032694842562623,0.8029860376541667,-0.23434067252820306],[0.9912321277289411,0.9797935733542356,0.5787674317586236,0.9927619570494743,0.9968918324389933,0.9912321277289411,1.0,0.9972765521309547,0.9972765521309547,0.9999684870982289,0.9537511789694236,0.9996195424258968,0.9999962756633081,-0.13493803169999932,0.9999927169017067,0.9691945477797091,0.9623083024179404,0.3567691741701862,0.999843774489477,0.9998438832165729,0.988882559833032,0.9999964864231383,0.3491541169766959,0.6867041836922744,0.9846946795474503,0.9846946795474503,0.9851335592554662,0.9875019800604696,0.24344903464234,-0.17946360027804956,0.9919499159469453,0.9917239195549975,0.18162130976809013,-0.2406315068093626,0.9993090044430176,0.9994067689171263,0.3716657775020101,-0.3243935432060222,0.9987863001524363,0.9993318230891265,0.963960344044868,0.3368609578948792,0.9345289371813157,0.9990422857394726,0.9345289371813157,0.9106378331102154,0.6193485507795257,0.9255836709209145,0.899405016116791,0.6991460645587344,0.41182937483309945,-0.0899570004663291,-0.2082474399684506,0.9243740915457516,0.38846458579383475,0.9682869994082969,0.961844146550816,0.9778846151539426,0.9961351538716353,-0.07169536078353947,0.8418037768253261,0.8104023980771725,0.8577409699999482,0.8041038633882742,0.7702533279140746,0.8041038633882742,0.7736642537536063,0.7713856763608706,0.7672874282161524,0.7713856763608706,0.8462676294742533,0.328001241417955,0.5420814498237748,0.6196138931675075,0.5420814498237748,0.5444767565083047,-0.3579772847742487,0.5083363057683191,-0.6554073133550411,0.42878593806911297,-0.12093766427396885,0.385689196919715,-0.12093766427396885,-0.1548559954169383,0.8224045948068033,0.8358445985465807,0.8234698340134311,0.743826398831951,0.34744219164850754,0.8244519877720211,0.8262250066661022,0.8244519877720211,0.7342496011870258,0.7342496011870258,-0.23077827458829828,0.6959175342332932,0.25092031094978734,-0.6141299844608942,-0.6182483316137773,-0.6213046937593489,-0.1180304701033506,0.018492929737920324,0.3495902212668517,0.06059888695575857,-0.4589722452923447,0.0900670879973369,-0.8273520446521117,-0.1340738730227761,0.05893284504321316,0.05937483091807541,-0.6005930806850305,-0.6038562647774757,-0.0661531081277305,-0.5840700103316371,-0.8418944693827376,-0.35821665593166807,-0.18634120757692607,-0.35821665593166807,-0.27692381884516737,-0.33090601965976263,-0.33090601965976263,-0.834795514068675,-0.834795514068675,0.36960087302823563,0.5998229646696479,0.500573174275476,0.8061988690941977,0.7556415014403814,-0.3348417386377592,0.06134245883268413,0.7607478636464774,0.7794556835743807,0.7607478636464774,-0.1457571224114113],[0.9869942137374287,0.9716451412322203,0.5679332664933077,0.9889966660260737,0.9950393723165182,0.9869942137374287,0.9972765521309547,1.0,1.0,0.9994943744238527,0.9458099450728632,0.9984204439889137,0.9980645960829172,-0.14390187515777889,0.99904709080809,0.9676017826334252,0.9539904473252707,0.3346932100040413,0.999097128569602,0.9990986345866438,0.9860366879466766,0.9992011949250077,0.3225003610894708,0.6865094566193946,0.992132560470757,0.992132560470757,0.9829369559776725,0.9836601829001573,0.22445626891268056,-0.19395820578910966,0.9882233843818711,0.9916443096696127,0.16178022801788128,-0.24719459134187416,0.9981875853870433,0.9981098076012208,0.35163420126943973,-0.33166388856565726,0.9963993366641681,0.997972418998953,0.9628358282961211,0.31431831771036894,0.9260793503134631,0.9980172194580429,0.9260793503134631,0.9080016492301496,0.6035876118661753,0.9259497765842007,0.8955704559960712,0.6729696411888662,0.39841762589302315,-0.10558268732756394,-0.2216770478492759,0.915198120044579,0.3674279724166449,0.9635052381967394,0.9563097188026908,0.972514565700499,0.9952440532072364,-0.0823244299408806,0.8281155172595621,0.7925753013249607,0.8480715938278828,0.7874781652825791,0.7570444086026562,0.7874781652825791,0.7595884375534719,0.7508996808027707,0.7528353257433649,0.7508996808027707,0.836860048918477,0.3068903022051875,0.5197925793505065,0.6019468096755228,0.5197925793505065,0.529727802005163,-0.3735652225340476,0.4918105726118721,-0.6641556973809731,0.41947495768906773,-0.14425491199310167,0.36791137458573064,-0.14425491199310167,-0.16209158041895497,0.8110231122220519,0.8181507950596806,0.80872333274461,0.7280633301207272,0.3298196027241954,0.8136956891602821,0.8156829588653138,0.8136956891602821,0.7147853505111469,0.7147853505111469,-0.24724730807644935,0.7238491424494778,0.25872509365578905,-0.6240730274269101,-0.6320098502271646,-0.6348695088416618,-0.13356461553919366,0.010057108147950945,0.34262736794467386,0.04091547136251131,-0.47243861818571564,0.0806684711065236,-0.8341149265131592,-0.14067774129505192,0.04261741398168588,0.04307756114833939,-0.6131495291990358,-0.6051152822418057,-0.07313630723437899,-0.6023204117624816,-0.8421194555288586,-0.37028877603266014,-0.19270702620650934,-0.37028877603266014,-0.29563301359873906,-0.3454862322825646,-0.3454862322825646,-0.8334142995437068,-0.8334142995437068,0.3472089282655636,0.5819228347510583,0.48112348554941925,0.7878654249745909,0.7423035113367572,-0.3577221263082865,0.04667992844181137,0.7411430712497672,0.7633985707146226,0.7411430712497672,-0.12812314662480592],[0.9869942137374287,0.9716451412322203,0.5679332664933077,0.9889966660260737,0.9950393723165182,0.9869942137374287,0.9972765521309547,1.0,1.0,0.9994943744238527,0.9458099450728632,0.9984204439889137,0.9980645960829172,-0.14390187515777889,0.99904709080809,0.9676017826334252,0.9539904473252707,0.3346932100040413,0.999097128569602,0.9990986345866438,0.9860366879466766,0.9992011949250077,0.3225003610894708,0.6865094566193946,0.992132560470757,0.992132560470757,0.9829369559776725,0.9836601829001573,0.22445626891268056,-0.19395820578910966,0.9882233843818711,0.9916443096696127,0.16178022801788128,-0.24719459134187416,0.9981875853870433,0.9981098076012208,0.35163420126943973,-0.33166388856565726,0.9963993366641681,0.997972418998953,0.9628358282961211,0.31431831771036894,0.9260793503134631,0.9980172194580429,0.9260793503134631,0.9080016492301496,0.6035876118661753,0.9259497765842007,0.8955704559960712,0.6729696411888662,0.39841762589302315,-0.10558268732756394,-0.2216770478492759,0.915198120044579,0.3674279724166449,0.9635052381967394,0.9563097188026908,0.972514565700499,0.9952440532072364,-0.0823244299408806,0.8281155172595621,0.7925753013249607,0.8480715938278828,0.7874781652825791,0.7570444086026562,0.7874781652825791,0.7595884375534719,0.7508996808027707,0.7528353257433649,0.7508996808027707,0.836860048918477,0.3068903022051875,0.5197925793505065,0.6019468096755228,0.5197925793505065,0.529727802005163,-0.3735652225340476,0.4918105726118721,-0.6641556973809731,0.41947495768906773,-0.14425491199310167,0.36791137458573064,-0.14425491199310167,-0.16209158041895497,0.8110231122220519,0.8181507950596806,0.80872333274461,0.7280633301207272,0.3298196027241954,0.8136956891602821,0.8156829588653138,0.8136956891602821,0.7147853505111469,0.7147853505111469,-0.24724730807644935,0.7238491424494778,0.25872509365578905,-0.6240730274269101,-0.6320098502271646,-0.6348695088416618,-0.13356461553919366,0.010057108147950945,0.34262736794467386,0.04091547136251131,-0.47243861818571564,0.0806684711065236,-0.8341149265131592,-0.14067774129505192,0.04261741398168588,0.04307756114833939,-0.6131495291990358,-0.6051152822418057,-0.07313630723437899,-0.6023204117624816,-0.8421194555288586,-0.37028877603266014,-0.19270702620650934,-0.37028877603266014,-0.29563301359873906,-0.3454862322825646,-0.3454862322825646,-0.8334142995437068,-0.8334142995437068,0.3472089282655636,0.5819228347510583,0.48112348554941925,0.7878654249745909,0.7423035113367572,-0.3577221263082865,0.04667992844181137,0.7411430712497672,0.7633985707146226,0.7411430712497672,-0.12812314662480592],[0.9918987639293351,0.9796127067862147,0.48879718046254517,0.9937440164096498,0.9970841023635914,0.9918987639293351,0.9999684870982289,0.9994943744238527,0.9994943744238527,1.0,0.9525492888596525,0.9995727468505732,0.9999697920062549,-0.3032077265354439,0.9999740173158046,0.9403724249748089,0.9164015966260908,0.2470588996480569,0.9997895499108334,0.9997901320905409,0.9886962602464886,0.9999668681969605,0.1277690089138628,0.648566542106857,0.9944380360682741,0.9944380360682741,0.9943858336372899,0.9873098487740143,0.060388725518548035,-0.11906088690184971,0.9905321207689661,0.9905048180351581,-0.010036120466720002,-0.2003635212062094,0.999335655700149,0.9992941602256001,0.7714714757403358,-0.5187475929477064,0.9987038957240066,0.9993099481448878,0.9334702684631784,0.2237549153415278,0.9991820951473452,0.999187496589757,0.9991820951473452,0.9104483299536346,0.6201903553724942,0.925113043178411,0.898610696711073,0.6984993269381988,0.0073685381037827645,-0.5298657737175408,-0.17914463389233545,0.9196443722471659,0.336287509221214,0.9628537077657493,0.9620181477937709,0.9791967727208544,0.995375909756548,0.8631862980271257,0.842544719116097,0.8818617518099612,0.8585785307030976,0.8801136050648193,0.880818968381051,0.8801136050648193,0.7727369709625675,0.8239306359009373,0.8256126983270409,0.8239306359009373,0.8476189997571126,0.7437979669284117,0.8352434506938967,0.8366502647935908,0.8352434506938967,0.5437013188125499,0.3683423202557993,0.5071042044998251,-0.6796704453224757,0.48663204175143066,0.45109258150025267,0.45100016514390906,0.45109258150025267,-0.11224943350248942,0.8228390635437983,0.8356922578191456,0.8237354843065541,0.8732736066647824,0.27071414756779333,0.8302861570330228,0.8325528249537444,0.8302861570330228,0.8380062335071916,0.8380062335071916,-0.23287063267123265,0.6960228887570463,0.07407438964554655,-0.626483169671141,-0.6581638563362824,-0.6591005603597989,-0.12168433603115719,0.020939649490659577,-0.16119346261159254,-0.12430474475020048,-0.5050655188723878,-0.3638925968352656,-0.8754218880908647,-0.5636006162078232,0.05740433694292156,0.058623773232587544,-0.6024383404372488,-0.5999490017638531,-0.5306126257368392,-0.5860886246243029,-0.8153320296589122,-0.5994486207250799,-0.6016041772789574,-0.5994486207250799,-0.27942152673834575,-0.33450601370894095,-0.33450601370894095,-0.7947926577716161,-0.7947926577716161,0.37003673813961196,0.5984806144709457,0.8212487215351353,0.8013057934739264,0.7540243308954411,-0.36332009945761073,0.6390857733520281,0.7074716652846648,0.7076304879714862,0.7074716652846648,0.09305994571128842],[0.9737963600710201,0.9615301456862547,0.4330639462599841,0.9716655714434499,0.9618901939990055,0.9737963600710201,0.9537511789694236,0.9458099450728632,0.9458099450728632,0.9525492888596525,1.0,0.9294666315538374,0.9537752424769275,-0.23543062409390295,0.9534446339072442,0.8522224568311535,0.8222131321807232,0.046853237603331294,0.9590484841817042,0.9590255128375386,0.9539121728920695,0.9539033739918347,0.057634695947725134,0.6941911212550926,0.95566189684037,0.95566189684037,0.955866190629226,0.844136885224988,0.16557154371219343,-0.10118097041452878,0.962030154600231,0.9621593882467682,0.14239604900726363,0.07436465612024516,0.9632369659154137,0.963514768420247,0.8606769926873848,-0.4363497136765112,0.9403253239961123,0.9623787791403424,0.8511384102847132,0.02455165231627096,0.9645530907050425,0.9645172198139825,0.9645530907050425,0.7913927125875713,0.4164905080349962,0.7694075849029849,0.8720398728714263,0.8345220345626931,-0.5485808002572882,-0.6859189323436111,-0.29260178251324936,0.8728959828889182,0.0482253311060002,0.9068273648679004,0.9068795605225215,0.9264269724598552,0.9603293859979,0.866686311024823,0.8627266008308397,0.8907201996363661,0.8697286109800967,0.8829736843620117,0.8837459103318335,0.8829736843620117,0.8133297069300071,0.7927930220696348,0.794823960222126,0.7927930220696348,0.862458161893555,0.8812137618075109,0.8606529982592178,0.8613947396706614,0.8606529982592178,0.6389838101992424,0.559766403879727,0.6404064639372687,-0.39313200014616223,0.6622299318019279,0.681963245888895,0.6848333997021653,0.681963245888895,-0.27178079951347456,0.8670282974589355,0.9256753821835445,0.8840406077643034,0.8816656813704212,0.13883347982996436,0.859510113179959,0.8607819666196521,0.859510113179959,0.8704851997196014,0.8704851997196014,0.019121415676425457,0.32618154365482427,-0.093942203512064,-0.541173079355618,-0.4083062308665644,-0.41034379189255354,0.038621595490322944,0.39869232071900024,0.08266457789525057,-0.06432367992734539,-0.3994620851771548,-0.01514919908299313,-0.8089071495393643,-0.17713335973520605,0.28907531772081624,0.28843057129865257,-0.3714785669160631,-0.43833050503117776,-0.32816948102141197,-0.33516781682457764,-0.6814203224917741,-0.3489379422377574,-0.35105199303296836,-0.3489379422377574,-0.07531884908563086,-0.36936733378815934,-0.36936733378815934,-0.5389286754072429,-0.5389286754072429,0.560926670517523,0.6692270683675522,0.7602046412132382,0.67476806086545,0.8347675246868644,-0.45797401950127137,0.3871558944457473,0.5590292656696384,0.5593116862993739,0.5590292656696384,-0.22603529173598225],[0.983473405360403,0.9816407507348226,0.9966998371827988,0.9880616224364536,0.9956727722714538,0.983473405360403,0.9996195424258968,0.9984204439889137,0.9984204439889137,0.9995727468505732,0.9294666315538374,1.0,0.9996182550352013,0.9996154005203056,0.9995730977836201,0.8000823132213695,0.7547424989381317,-0.41293206518503023,0.9997566200192287,0.9997603168560161,0.9996254072061824,0.9996253621138956,-0.2399451391647396,0.9648556621814206,0.9930180114476533,0.9930180114476533,0.9929943568774555,0.9901559595802829,0.06619586888391173,0.09492330521263094,0.9897893470748316,0.9898588901037882,0.9735316841050794,0.043255366224744206,0.9988004242392309,0.9987472598021941,0.9985729413543255,0.9992826356232107,0.9992579535928556,0.9988094154299723,0.776491247993544,-0.42277287219848475,0.9985138086222678,0.9985243956988515,0.9985138086222678,0.904131849221861,0.470266898274416,0.9211334368966912,0.8966225344207305,0.6997137009646572,-0.5176657771453183,-0.6482456773267293,0.7954450635365682,0.8126127937990159,-0.3065224308745829,0.9239061398835867,0.9241093281004079,0.9616162126117122,0.9929163836284908,0.8656454798144041,0.8747705146559762,0.8440764143820472,0.8463823879340877,0.8527006544798186,0.8535753658585193,0.8527006544798186,0.6920078182531516,0.6479800889436486,0.6506418662383514,0.6479800889436486,0.8749834970691777,0.883445396075373,0.8737661574220289,0.8751481050712541,0.8737661574220289,0.35040070397083456,0.280066254320424,0.4055713066288617,0.5279050698457037,0.40419298523645325,0.4482892941778708,0.45070818719205114,0.4482892941778708,-0.40742776245555734,0.79250541629092,0.8399833523825447,0.8214215458128162,0.8739925173198064,-0.18874919859934333,0.7860246051043213,0.7865266657380657,0.7860246051043213,0.7994995516548415,0.7994995516548415,-0.29143729373776056,0.6875474468339144,-0.393240041275474,-0.7205513074790204,-0.5449870287391546,-0.5473718129897314,-0.3769307898410356,0.17464632884214185,-0.2791950299349162,-0.46486659923867246,-0.6677926168645951,-0.3588020676432354,-0.6165073815104922,-0.4254140808429258,0.04962516211571523,0.04630266118934841,-0.5647166688344205,-0.5308871868424112,-0.5502047395815878,-0.5845648956787213,-0.5786612181102032,-0.5533686783495475,-0.5564134728909762,-0.5533686783495475,-0.43699289186966533,-0.6081928518673342,-0.6081928518673342,-0.6070592818140688,-0.6070592818140688,0.3653119670831175,0.35352694683273517,0.4722534726421522,0.5554166778135021,0.5477505184092855,-0.5568842542529114,0.29545889457656865,0.3111350798718474,0.31130240045352375,0.3111350798718474,0.21102841575776435],[0.9912755660863785,0.9798527676505663,0.5788046201181707,0.9927941527220141,0.9969130898195792,0.9912755660863785,0.9999962756633081,0.9980645960829172,0.9980645960829172,0.9999697920062549,0.9537752424769275,0.9996182550352013,1.0,-0.1345962980372504,0.9999945240712185,0.9691428812467261,0.9605927177028474,0.35681223284375224,0.9998451097735207,0.999845206436552,0.9889206645226952,0.999997093594179,0.3494790326570024,0.6867994929059791,0.990059611993886,0.990059611993886,0.9851246150335953,0.9874849171689913,0.24373621191553796,-0.1793955101776438,0.9919519845608382,0.9917313573539949,0.18187191293175028,-0.24057865555079377,0.9993103944874442,0.9994101802539573,0.3716525513164054,-0.3241674110875376,0.9987883737588996,0.9993399474579754,0.9639014247185689,0.3369109352743589,0.934515099088481,0.9990440438633178,0.934515099088481,0.9106296131017763,0.6194846438828664,0.9258070663340285,0.8996281885927547,0.6992754751608298,0.41222208152678463,-0.08950289359705593,-0.20786527309858652,0.9244476864986886,0.3885260122779084,0.968375603614125,0.9619043662305836,0.9779718020679695,0.9961459338716525,-0.0714890461401302,0.8419929358892457,0.8105158977963826,0.8578766005482065,0.8042160692209204,0.7701959132578992,0.8042160692209204,0.773767221726873,0.7714513042563439,0.767221584793189,0.7714513042563439,0.8464438992722424,0.32788583902872254,0.542102893932349,0.6195297710816688,0.542102893932349,0.5444376182160306,-0.35798841674544263,0.508312552047616,-0.6552798201785999,0.4286957460994482,-0.12105920367254873,0.38574104273028875,-0.12105920367254873,-0.15500440004883984,0.8224970398681153,0.8360253113274974,0.8235986203571771,0.7438215414739228,0.3474879210409617,0.8245538416036555,0.8263232320963072,0.8245538416036555,0.7343367760351018,0.7343367760351018,-0.23071397036187521,0.6958679828687916,0.25102852087265254,-0.6141860443721632,-0.6181556398951757,-0.6212183563112091,-0.11812500886095861,0.018368682226571818,0.3497519684050832,0.06059995439012453,-0.4590550733236882,0.09031935528069196,-0.827070064621832,-0.1337872682810725,0.058998519005875626,0.05945870082053015,-0.6005741876126917,-0.6036434389734133,-0.06590906063183662,-0.584025173362502,-0.8417692733290529,-0.3579893559545399,-0.1861386803507434,-0.3579893559545399,-0.2767739075106732,-0.3308758219257696,-0.3308758219257696,-0.8347249909217308,-0.8347249909217308,0.370066644613309,0.5999513375742833,0.5008207427511098,0.8064479157768859,0.7556977094419509,-0.3346254774460188,0.06163120404040006,0.7609881624700604,0.7795594650082247,0.7609881624700604,-0.1457789131805561],[-0.11708389432454637,0.9798232188928918,0.5109286491725028,-0.12117174964801934,-0.32600699352902435,-0.11708389432454637,-0.13493803169999932,-0.14390187515777889,-0.14390187515777889,-0.3032077265354439,-0.23543062409390295,0.9996154005203056,-0.1345962980372504,1.0,-0.13399402443328073,-0.1465237700827165,-0.12410881814911777,-0.2959505626412956,-0.1353856848139704,-0.13593409626986444,-0.2566072490411486,-0.1355511006650145,0.028831471449116988,0.3102919389845047,-0.16747137845684326,-0.16747137845684326,-0.1677992594042101,0.9874710606983589,0.2520781840277818,0.18721666097791123,-0.17287884637220932,-0.17346765507019288,0.538830501172836,0.12223637348295277,-0.13309113786288063,-0.2892421085833725,0.1726979727069511,0.9576131457267368,0.998787138009216,-0.3196974341462513,-0.14454511692336916,-0.28595925783123094,-0.13334399325266272,-0.13439834721470767,-0.13334399325266272,0.9106740726599325,-0.11528506136155596,0.9257640317701652,0.8995606566854772,0.6992557204765724,0.08539883514214903,0.25081551011594033,0.645037803593918,-0.2558053629569874,-0.29785108037296004,-0.05632918337723996,-0.2883974890140142,-0.0932154494813556,-0.16361368034401716,0.03859576299980041,0.3033048757097452,-0.008617290775991882,-0.28152941534798437,-0.006303773671100908,0.003005103233868677,-0.006303773671100908,-0.38289336264881235,-0.09367798559983435,-0.09580397921049441,-0.09367798559983435,-0.18098134686598777,0.0782339215827108,0.05616401936914148,0.056097342705212785,0.05616401936914148,-0.39406349286292913,0.0068931279026358695,-0.3583788510931721,0.618721697963141,-0.32637132788542267,0.009977426687130597,-0.05185820587616598,0.009977426687130597,-0.3075949948550845,-0.31499968910372067,0.8360165186478224,-0.08436925834012819,0.025728847467901446,-0.2238146819656784,-0.24101253358727423,-0.24065113659227708,-0.24101253358727423,-0.01474727647013533,-0.01474727647013533,-0.21283716256744462,0.6957956286915216,-0.16099947127933345,-0.03233344237145668,0.19150936078379488,0.1900136959951972,-0.2539417778471677,-0.005087125961721025,0.019580860237999907,-0.17785944173944912,-0.11937160656914565,0.039653412229973796,0.3760904094279445,0.10994824308864104,-0.03601060464876046,-0.03991911468637437,0.08033271735519724,0.5655846842239874,0.08798503984517325,-0.20491012131471095,0.6047964219823152,0.09082334074420907,0.0991876285930961,0.09082334074420907,-0.24129752221377113,-0.19995337306810637,-0.19995337306810637,0.3171995339872442,0.3171995339872442,0.37014068751803836,-0.24607383273310293,0.022203744837173755,0.09580462490989422,-0.2388802428742059,0.06703283859298927,0.15691430414858576,0.10839345318653319,0.10830226076287092,0.10839345318653319,0.12453305671004662],[0.991337451720869,0.9796472474096849,0.5791009159759203,0.9928290623015628,0.9969425692338898,0.991337451720869,0.9999927169017067,0.99904709080809,0.99904709080809,0.9999740173158046,0.9534446339072442,0.9995730977836201,0.9999945240712185,-0.13399402443328073,1.0,0.9672328800544119,0.9526766279807592,0.35693620066065507,0.999848010163189,0.9998480061126552,0.9890748850607537,0.9999945079844759,0.35015437274178773,0.6866382350519423,0.9934896279403164,0.9934896279403164,0.9933818712701418,0.9873747269645735,0.24400825410483076,-0.17944395779939762,0.9927112006899372,0.9927624208726428,0.18264458839974437,-0.24041570901976533,0.9993598345684542,0.9994093527273535,0.3706079480310109,-0.32332863926396266,0.9987303613605922,0.9993428867117313,0.963652520406021,0.33705945289886435,0.9340148607022395,0.9990991880957288,0.9340148607022395,0.910915686621938,0.6202057734801639,0.9261326432591562,0.8999612068003994,0.698981870907937,0.41362692751370356,-0.08790541119987506,-0.2080723184010805,0.9248363860730093,0.38881432727791326,0.968790752728992,0.9622582550179202,0.9782599198969345,0.9961837903001762,-0.07251458944881846,0.842267112866972,0.810434757182061,0.8581265920136738,0.8041740483913441,0.7697854971134251,0.8041740483913441,0.7739588993001253,0.7714035214190885,0.7676311277785032,0.7714035214190885,0.8467820166940704,0.327200437264759,0.5415905856177874,0.6195561544081705,0.5415905856177874,0.5442684698669761,-0.3591645187315603,0.5082155366083511,-0.6554429108385248,0.4283040908333972,-0.1220686219410768,0.38538941628249174,-0.1220686219410768,-0.15495005698069442,0.8226278766074189,0.8356560960278392,0.8237001268669021,0.7344650615591893,0.34787917505695787,0.824669747909675,0.8264286161600664,0.824669747909675,0.7341429561625182,0.7341429561625182,-0.2323051406043535,0.6967389649860887,0.25153547831797,-0.6141631909232591,-0.6185384205935057,-0.6216056470076359,-0.11929314184749855,0.017119263908887003,0.3500617388859372,0.06015636151479812,-0.4593027252384777,0.09040070555762761,-0.8262126240176972,-0.13362688327748143,0.05796742250106641,0.05842266148979436,-0.6012094349037282,-0.6039223138479451,-0.06532393449343284,-0.585352861237916,-0.8417658702136449,-0.3579250748480962,-0.18557631304341832,-0.3579250748480962,-0.2777666277883626,-0.33135287265811914,-0.33135287265811914,-0.8350765180867311,-0.8350765180867311,0.3702389887589805,0.5996246429085679,0.5002811852187445,0.8068959517622398,0.7551392857890448,-0.3341514002519041,0.06095679719001933,0.761393682703717,0.7801693113758954,0.761393682703717,-0.14545649188371687],[0.9468034153850673,0.7500946970409734,0.533869876781483,0.9480115901293432,0.9289038727323388,0.9468034153850673,0.9691945477797091,0.9676017826334252,0.9676017826334252,0.9403724249748089,0.8522224568311535,0.8000823132213695,0.9691428812467261,-0.1465237700827165,0.9672328800544119,1.0,0.996766634564485,0.3952872490756974,0.9629057834563189,0.9629061988494356,0.9392805714155545,0.9669801903297675,0.3379774634808922,0.6185431014610008,0.9598165505875081,0.9598165505875081,0.9500008799386596,0.5779275308377738,0.21240800568220553,-0.1887205504871344,0.9682146611019755,0.9676467673936782,0.16294366886235673,-0.2577318864563077,0.9679180264248021,0.9452148024358717,0.33571677853128695,-0.32177222357990826,0.8062981715185806,0.9380267391098722,0.9985069127340208,0.3762241849151134,0.8977055464470391,0.9677020871494211,0.8977055464470391,0.7212299707647838,0.6078909950198333,0.4971728865511252,0.4721743631288148,0.5461900961454724,0.41397433695042846,-0.07306382466438087,-0.2110401570840353,0.8870482992889716,0.40388628681921496,0.9439579738400835,0.9139