var element=document.getElementById("correlationClose");if(element.style.display!='none'){var correlationClose={"data":[{"type":"heatmap","z":[[1.0,0.9999895040834436,0.683019841240019,0.9997426242107429,0.9981171281931634,1.0,0.9927312889397288,0.9894007042846855,0.9894007042846855,0.9932957714141643,0.9774328169134684,0.987278101494375,0.9927668887908353,0.9931411516181983,0.9928129261372757,0.7560223683058337,0.6779163573783333,0.2691146490838449,0.9935750951049209,0.9935691732452668,0.985732961141556,0.9927605938944958,0.38989182001729755,0.7539622443896061,0.9827578828281603,0.9827578828281603,0.9827391595660054,0.976044560312439,0.3082456551999949,-0.1379506819278237,0.9895612526528581,0.9895262275774792,0.2598436164896368,-0.21320231760341138,0.9948441072169865,0.9953094885089544,0.8551632085879096,-0.3538144553845529,0.9907323204848081,0.995301712391994,0.7379715463029625,0.24965905109009817,0.9949728188511551,0.9949678983562853,0.9949728188511551,0.8995740615723203,0.6533938008405695,0.9197687509246164,0.9242495626187643,0.8393036746901159,0.37780285633123717,-0.18098976968819175,0.21556236115876262,0.9499607821293685,0.3754709450075039,0.9753267281463602,0.9715732854516788,0.9811038482755875,0.9897333540605865,0.9342804381687753,0.942588776317042,0.9474820996176987,0.9343618173544551,0.9447613949495509,0.945383751587499,0.9447613949495509,0.8915649202349715,0.925566064332062,0.9264404641336519,0.925566064332062,0.927863793566322,0.799977136408281,0.9010518952522429,0.9023106631816453,0.9010518952522429,0.7179849540203933,0.40133299179660975,0.7052654362842032,-0.5404126406624613,0.6104738474482645,0.6277703408132814,0.6284136561295154,0.6277703408132814,-0.09063451429981399,0.9160864917606428,0.9462730728287536,0.9315180693910093,0.9356698578732343,0.26179551804842216,0.9109902240275827,0.911637755748607,0.9109902240275827,0.915075075529282,0.915075075529282,-0.09339082117080388,0.597226951208535,0.15265032331404726,-0.6917890882100297,-0.5926070243817363,-0.5965255516581863,-0.13975649734419862,0.1349067821938217,0.2019030771656584,-0.002206624413690087,-0.5639189831304973,-0.024563820676726716,-0.7975439284155842,-0.2937495386813598,0.16468471008295782,0.16631806224613205,-0.5745944075390551,-0.57594018632748,-0.2822468643733295,-0.5169560321969763,-0.8148615953767445,-0.4104306375721895,-0.4027318199288056,-0.4104306375721895,-0.2298985739804302,-0.34887854053222295,-0.34887854053222295,-0.8029104564419657,-0.8029104564419657,0.41411890710360394,0.629198280809559,0.8518756605830804,0.8402439069486749,0.7551333302220099,-0.3365572584328233,0.7469341162818879,0.7766678142127147,0.7769199486326429,0.7766678142127147,-0.18000420131386877],[0.9999895040834436,1.0,0.9815398040575708,0.9995041212183668,0.9959983239152176,0.9999895040834434,0.9851393554385661,0.9798629097061996,0.9798629097061996,0.9850361725571593,0.9729111756176385,0.986125340202338,0.985182946060858,0.9851279633676128,0.985029946902235,0.12055130475499311,0.028259827418083108,-0.4454703731108017,0.9884692575269715,0.9884636886022695,0.9852361151438985,0.9852381630849925,-0.1714884257191347,0.9802619064811137,0.9803556187247926,0.9803556187247926,0.9803903115650657,0.9762265007852954,0.08404511208569275,0.10817774827877143,0.982795476510047,0.9828446765363701,0.7768515051162285,0.0798366274664695,0.9908468674009259,0.9908852357793759,0.991387327493791,0.9861966527618217,0.9898519197873857,0.9908838555085467,0.07251224128465984,-0.4501119087834018,0.9914638612859691,0.991460353374925,0.9914638612859691,0.8993812155519104,0.499762898044594,0.9199834698316589,0.9243431257174557,0.8388115349299815,-0.27711355765729967,-0.48443281752090367,0.8455212171548463,0.8882539016786267,-0.25706875181582794,0.9407854863696185,0.9409214981645345,0.9611680042449939,0.9784739419494015,0.9538916566241735,0.9595140255316349,0.94531278173513,0.9464372157340709,0.9486488873500818,0.9489993382533165,0.9486488873500818,0.8665377641343258,0.8414807322884852,0.8429255044662572,0.8414807322884852,0.9559430315074273,0.9588784386447403,0.9558697979568244,0.956595335566934,0.9558697979568244,0.6503235629830466,0.6025555667902607,0.6873369153151123,0.7563227447009965,0.6698898138144541,0.6923018572749852,0.6932891337554786,0.6923018572749852,-0.13594102126293517,0.9216193902478397,0.9421694689544816,0.9351676108451823,0.9586320962279857,-0.30523858601918397,0.9182185908650804,0.918360477649856,0.9182185908650804,0.9244949441135855,0.9244949441135855,-0.17868597958011082,0.5971846359070114,-0.3685867524973428,-0.7851150874931697,-0.46077643840557253,-0.46467741343061336,-0.38533745475253484,0.2766288085431837,-0.2639293708224598,-0.49849005476399805,-0.737529787564108,-0.3580082533353999,-0.4752906866194247,-0.42152661504432953,0.1342308328624952,0.13158041950389132,-0.4880694956279223,-0.45468196438701963,-0.4831709071082863,-0.5147657816504541,-0.5068291242491172,-0.48564240559371713,-0.488921873306248,-0.48564240559371713,-0.36947139346528324,-0.5389400995940544,-0.5389400995940544,-0.5065415847413798,-0.5065415847413798,0.414235248823677,0.36638086385790264,0.4966935450967116,0.6065545697633009,0.5237760729916385,-0.4417470562944124,0.3768674837939912,0.31239744395541147,0.31257181160359554,0.31239744395541147,0.18175152934108874],[0.683019841240019,0.9815398040575708,1.0,0.6800815029186116,0.6175505289606166,0.683019841240019,0.6632423316302547,0.6558372146203391,0.6558372146203391,0.6114187515707163,0.576268166409145,0.9950637240716369,0.6632697284580467,0.6584310594645039,0.6634147944361262,0.4047272393594937,0.37139061128423095,-0.2157480916626526,0.6270554472344154,0.6265833537986031,0.5946670584233477,0.6625628794272068,0.17259073673386965,0.7993252725456831,0.6434029360133152,0.6434029360133152,0.6431810851759915,0.9883683239840166,0.2862682505075337,0.10394767631859529,0.6209926975833239,0.6206286642122351,0.6468490761260641,-0.03985274184295336,0.6589655308707613,0.6048268686634481,0.6241105222074704,0.29367139621436433,0.9933722231996303,0.6010712115921079,0.39044617151073974,-0.2250304196709925,0.6758584954515255,0.6571795610709003,0.6758584954515255,0.896563846002043,0.41001392437069106,0.9347919106574025,0.9142719321130116,0.7430828167659992,0.22385278033485748,-0.07200755439019846,0.051769360449248625,0.5502248786128483,-0.085390704476821,0.6044461948611234,0.5761566152618209,0.5961582522120532,0.560318751145127,0.013370736637678413,0.8072672070342458,0.7420281499054152,0.6611037306670365,0.7476895950912547,0.7701749095858799,0.7476895950912547,0.5564511453351317,0.660133791724659,0.7099398602723992,0.660133791724659,0.7144342059520625,0.6856820010449715,0.7369214345738241,0.7787854050784605,0.7369214345738241,0.44351498442999143,-0.08574946649423829,0.45866194535001537,0.09305639836903283,0.4358989703934532,0.2650023073736996,0.5064489441663784,0.2650023073736996,-0.14458382643540846,0.6362696486639257,0.8892167331350008,0.703428086157435,0.7801884742871967,-0.07426261945121776,0.6727772088707966,0.6728333080876606,0.6727772088707966,0.7315789337238383,0.7315789337238383,-0.19487114645265277,0.7055048884706937,-0.1814507284762351,-0.7080210383310201,-0.44563634809146174,-0.44961224701609803,-0.4298610951831783,0.1089506714391419,0.019829900387399103,-0.3436544685365982,-0.6881098862715415,-0.17542385424484006,-0.3290660147701971,-0.2800111014213245,0.047320283686239806,0.04597953830881754,-0.4942390878288316,-0.07243837063312095,-0.265343972202089,-0.515056149695147,-0.2144283943347791,-0.4116726542335142,-0.2938456187100908,-0.4116726542335142,-0.42427138817171894,-0.5474569140632887,-0.5474569140632887,-0.3135273063638867,-0.3135273063638867,0.36069163043880187,0.20351670360639026,0.29089204536613705,0.5269565510473783,0.2947081203720715,-0.3897500609499046,-0.008773183184135237,0.45985273737904114,0.5594195009231753,0.45985273737904114,-0.003624514065652894],[0.9997426242107429,0.9995041212183668,0.6800815029186116,1.0,0.9989647470719811,0.9997426242107428,0.9939078359493141,0.9910114230048274,0.9910114230048274,0.9946817185888962,0.9756887691835237,0.9903737005523788,0.9939338420866887,0.994582961320335,0.9939572771759516,0.7552345877583934,0.6767177711972361,0.25469776710688524,0.9945747211436489,0.9945707718542098,0.985811734812645,0.9939203856622895,0.3813943384277534,0.7581464294158932,0.985158530147514,0.985158530147514,0.9851392180060039,0.9818342643963366,0.30402862638313355,-0.14393447797450104,0.9888653416347205,0.9888382400654293,0.2520227540059599,-0.21348898457135035,0.9953232773851977,0.9959877858880876,0.8232863781060189,-0.35807584037353063,0.9929624238548315,0.9961916322389289,0.7365354704720988,0.23496602402495456,0.9934308615963335,0.995362180599608,0.9934308615963335,0.8974340237042574,0.6415879395546957,0.9230237880828444,0.9213815797512533,0.8235277679986718,0.3731286278741925,-0.18565284530285714,0.21049740537899364,0.9448429097961019,0.36010693602063565,0.9710145038135195,0.9688170102207841,0.9790323546847909,0.9895842987253118,0.9163400301243824,0.9373673298220244,0.9366504090115649,0.9312033626791298,0.9305881875640301,0.9314246932648966,0.9305881875640301,0.8850065926010292,0.9153572333481045,0.9163143280424648,0.9153572333481045,0.9251463139311983,0.7486376353803254,0.8679050240186011,0.8692066745352,0.8679050240186011,0.711319964330711,0.1622297394059279,0.6971207124614136,-0.544986366872393,0.606502113736453,0.36420958627951244,0.6007692745269112,0.36420958627951244,-0.09649834596111626,0.9119311648954027,0.9405364875980476,0.9254113272255113,0.9158974272866022,0.2480247456904865,0.9074931138819724,0.9082638201729678,0.9074931138819724,0.8988782055936045,0.8988782055936045,-0.09775944156433147,0.6155438615771696,0.15754665498640363,-0.7007517039601894,-0.5988921238614792,-0.6027323176201318,-0.15101298190318757,0.1307604350754204,0.195563111958662,-0.01465750003969345,-0.5748350342103201,-0.030257194415706276,-0.8026484326184188,-0.30088893145951967,0.15546483110079629,0.1571560205406739,-0.5806463971892964,-0.5725711188362245,-0.2828216811566197,-0.5264031687299139,-0.8159867821820731,-0.4112691419292588,-0.4041175880617203,-0.4112691419292588,-0.23758456014152204,-0.35755920290734605,-0.35755920290734605,-0.8022029247838687,-0.8022029247838687,0.4053047065148686,0.6184326763766814,0.8441197638161876,0.8327608257848044,0.7482380393932351,-0.3485182363197179,0.7381532250562527,0.7679742819782834,0.7682297510837376,0.7679742819782834,-0.16540239987453345],[0.9981171281931634,0.9959983239152176,0.6175505289606166,0.9989647470719811,1.0,0.9981171281931634,0.9972742982585855,0.995927836071041,0.995927836071041,0.9974831405541223,0.9691010466332838,0.9964592342697551,0.9972928201874133,0.9973641303356267,0.9973153171888319,0.6563763161947873,0.5523447486506361,0.048237794378406626,0.9976986279421844,0.9976988221135717,0.9879768327631984,0.9972828869359359,0.024574034386596038,0.7420984308714969,0.9927205665982523,0.9927205665982523,0.992682728575039,0.990582681433895,0.07913733302229452,-0.1275258469279266,0.9874865246821487,0.987421135513259,-0.04091611570419102,-0.11736589010716016,0.9977729634629303,0.9977012313586193,0.8168182604446038,-0.4749374529997121,0.99761510722593,0.998026129564008,0.6253554870400131,0.024092307191646224,0.9977189484562499,0.9977238222360352,0.9977189484562499,0.9105340740711555,0.6075382911640856,0.9335833915808367,0.9218427398259778,0.801397165335468,-0.07466880856551879,-0.5867038099933353,-0.16983150014807005,0.9352457254688329,0.21466029956465144,0.9678727372011838,0.9679143314466364,0.9818445657383978,0.9901686086992786,0.9155624947253024,0.9208119486725582,0.9273483765192424,0.9197172483704845,0.9257194234650996,0.9260666887090434,0.9257194234650996,0.8629075134423482,0.876774063619273,0.8778514698557897,0.876774063619273,0.914938958007737,0.8358190773977965,0.8968426597633917,0.897613673150734,0.8968426597633917,0.6750872322704987,0.5689207793834439,0.66558011062693,-0.5550640802576798,0.6556447935755423,0.637029714904054,0.6366810739651528,0.637029714904054,-0.10850073887141085,0.8960806739159385,0.9193287956753072,0.9054522572451615,0.9230797461298483,0.09355045199916269,0.8951367360132253,0.8960673860880828,0.8951367360132253,0.9004617988092004,0.9004617988092004,-0.13514938350329275,0.6604316335151083,0.01228890973217576,-0.7279543374933546,-0.643485408752679,-0.6445915218475781,-0.18037603837664123,0.15410752780773854,-0.19083572271804114,-0.2580651239886422,-0.6401166454395284,-0.38384990420029275,-0.8446123617769722,-0.5696306649054567,0.12655237743601327,0.12810504075801551,-0.6049377849831264,-0.5674995808351161,-0.5506046580182268,-0.5626589904859796,-0.7719899618362094,-0.6006716944723314,-0.6035064774088683,-0.6006716944723314,-0.2735711569713036,-0.3886945174467238,-0.3886945174467238,-0.7414868356295135,-0.7414868356295135,0.39390741367144105,0.6025249181597967,0.8011029999909445,0.7945662495318295,0.7401970293360641,-0.47117877641180833,0.6075229456875819,0.663111712004578,0.6635491075729709,0.663111712004578,0.06190821629587623],[1.0,0.9999895040834434,0.683019841240019,0.9997426242107428,0.9981171281931634,1.0,0.9927312889397288,0.9894007042846855,0.9894007042846855,0.9932957714141643,0.9774328169134684,0.987278101494375,0.9927668887908353,0.9931411516181983,0.9928129261372757,0.7560223683058337,0.6779163573783333,0.2691146490838449,0.9935750951049209,0.9935691732452668,0.985732961141556,0.9927605938944958,0.38989182001729755,0.7539622443896061,0.9827578828281603,0.9827578828281603,0.9827391595660054,0.976044560312439,0.3082456551999949,-0.1379506819278237,0.9895612526528581,0.9895262275774792,0.2598436164896368,-0.21320231760341138,0.9948441072169865,0.9953094885089544,0.8551632085879096,-0.3538144553845529,0.9907323204848081,0.995301712391994,0.7379715463029625,0.24965905109009817,0.9949728188511551,0.9949678983562853,0.9949728188511551,0.8995740615723203,0.6533938008405695,0.9197687509246164,0.9242495626187643,0.8393036746901159,0.37780285633123717,-0.18098976968819175,0.21556236115876262,0.9499607821293685,0.3754709450075039,0.9753267281463602,0.9715732854516788,0.9811038482755875,0.9897333540605865,0.9342804381687753,0.942588776317042,0.9474820996176987,0.9343618173544551,0.9447613949495509,0.945383751587499,0.9447613949495509,0.8915649202349715,0.925566064332062,0.9264404641336519,0.925566064332062,0.927863793566322,0.799977136408281,0.9010518952522429,0.9023106631816453,0.9010518952522429,0.7179849540203933,0.40133299179660975,0.7052654362842032,-0.5404126406624613,0.6104738474482645,0.6277703408132814,0.6284136561295154,0.6277703408132814,-0.09063451429981399,0.9160864917606428,0.9462730728287536,0.9315180693910093,0.9356698578732343,0.26179551804842216,0.9109902240275827,0.911637755748607,0.9109902240275827,0.915075075529282,0.915075075529282,-0.09339082117080388,0.597226951208535,0.15265032331404726,-0.6917890882100297,-0.5926070243817363,-0.5965255516581863,-0.13975649734419862,0.1349067821938217,0.2019030771656584,-0.002206624413690087,-0.5639189831304973,-0.024563820676726716,-0.7975439284155842,-0.2937495386813598,0.16468471008295782,0.16631806224613205,-0.5745944075390551,-0.57594018632748,-0.2822468643733295,-0.5169560321969763,-0.8148615953767445,-0.4104306375721895,-0.4027318199288056,-0.4104306375721895,-0.2298985739804302,-0.34887854053222295,-0.34887854053222295,-0.8029104564419657,-0.8029104564419657,0.41411890710360394,0.629198280809559,0.8518756605830804,0.8402439069486749,0.7551333302220099,-0.3365572584328233,0.7469341162818879,0.7766678142127147,0.7769199486326429,0.7766678142127147,-0.18000420131386877],[0.9927312889397288,0.9851393554385661,0.6632423316302547,0.9939078359493141,0.9972742982585855,0.9927312889397288,1.0,0.9976323689037901,0.9976323689037901,0.999972091184023,0.9637585379255132,0.9997009230182667,0.9999967590105963,0.9999876710468485,0.9999937289327842,0.8373154133180576,0.823353914144449,0.22324299441939235,0.9998690906298023,0.9998694917455494,0.9904129514374134,0.9999969338030926,0.30319121985584113,0.7538881247068332,0.9864798919416212,0.9864798919416212,0.9876460805968514,0.9921183176363392,0.23772482436674003,-0.19418146297436764,0.991681131946322,0.9916984097170854,0.16357778207463367,-0.2565092948955093,0.9993728985154388,0.9994903742393931,0.45947910039978296,-0.3021145469067662,0.9991273311372579,0.9994596347003715,0.8169182036888685,0.2022196700875265,0.9460300964556145,0.9991356666276475,0.9460300964556145,0.919185853066146,0.6159002680542272,0.9434235193982101,0.9231051569463063,0.7688732041125383,0.4139845703680194,-0.12346414111422788,-0.18597327057841478,0.9336394750715145,0.33101766831795526,0.9690202089518316,0.9653357326941532,0.9800953500828816,0.9956418795543899,-0.010285088897410434,0.8840533968593909,0.8464424249283428,0.8885140830217363,0.8414191649313087,0.8065201893521153,0.8414191649313087,0.8280663791674703,0.8120422034888518,0.8011385616274026,0.8120422034888518,0.8827210743861625,0.42381753963056285,0.6201478609727981,0.675337448854685,0.6201478609727981,0.6441410364229457,-0.3343953451450284,0.6194383051124266,-0.6106488416012901,0.5399609449360894,-0.07472981907070658,0.4717150876493896,-0.07472981907070658,-0.13711514109986192,0.8616738103276141,0.8836264177024117,0.8697622704693576,0.7820844474334752,0.2153704760111667,0.8604136765855444,0.861552611098008,0.8604136765855444,0.7856541813599828,0.7856541813599828,-0.1705044617367985,0.7010112562752931,0.22954184835656508,-0.7045931274411161,-0.6375159082986964,-0.6409083696832016,-0.19020289627779213,0.08227957429011126,0.316214925798724,-0.0411066911081114,-0.5844148383569608,0.03521130260756768,-0.8291643593864295,-0.19726305608506,0.0931153219485917,0.09482538331249245,-0.6213874346745661,-0.5851313474871769,-0.117535838161466,-0.5962664716876461,-0.8314753122366222,-0.4021261834450724,-0.23761400152970888,-0.4021261834450724,-0.30321771086694516,-0.3958849129087147,-0.3958849129087147,-0.8234750574704663,-0.8234750574704663,0.39358336514832853,0.5883430288509693,0.5117905251408642,0.8044376362538938,0.737330893815507,-0.3952117439183973,0.07229512719521805,0.7454887166742453,0.7644952306030909,0.7454887166742453,-0.10284451170214948],[0.9894007042846855,0.9798629097061996,0.6558372146203391,0.9910114230048274,0.995927836071041,0.9894007042846855,0.9976323689037901,1.0,1.0,0.9995932389535784,0.9576174827720116,0.9988323063132256,0.9983539438148387,0.9994384631055964,0.9992015578501359,0.8342211164068751,0.8112805121635922,0.2017250501413571,0.9992338566902608,0.9992365374794253,0.9879284989315266,0.9993296842392866,0.27825854847409376,0.7556296990518568,0.9931940218733023,0.9931940218733023,0.9859196448803104,0.9897258476749186,0.22047421313453003,-0.20708727298971413,0.9880451044736445,0.9914701021936246,0.1453141922486178,-0.2623380136747654,0.9983897695313243,0.9983906423609463,0.44321762580825935,-0.30815528308054846,0.9974221350503412,0.9983515130878805,0.8139822227684191,0.18033930826509434,0.9392290321759165,0.9982221655992547,0.9392290321759165,0.9170538483577776,0.6014097628841277,0.944025505562876,0.9214569632666845,0.7500285127432371,0.4015295208701996,-0.13779016533044183,-0.1977108422362791,0.9258285412881277,0.31110002028832867,0.9645876119462684,0.9605449070238331,0.9753849780917471,0.9946196772103997,-0.01907133666734795,0.8753548020952847,0.8331367709854881,0.8819103549114219,0.8291730560743017,0.7957330683701793,0.8291730560743017,0.8181151016328143,0.7961978370128165,0.789236827932029,0.7961978370128165,0.8762990197260052,0.40687021534997264,0.6026127514490656,0.6608558719811123,0.6026127514490656,0.633916320458974,-0.34783248184747456,0.6076373246466271,-0.6169556754329386,0.5339197880851155,-0.09505030608871973,0.45750731902866276,-0.09505030608871973,-0.14305810423147086,0.854042515604085,0.872998362674487,0.8601666197135301,0.7689620325080428,0.19782134126724454,0.85334663080415,0.854656754969497,0.85334663080415,0.7711516290364472,0.7711516290364472,-0.18416615039141593,0.7219916579249559,0.23591611257272688,-0.7135341794379242,-0.6491171540507911,-0.6523445749037318,-0.20418516129385123,0.07551508062021078,0.30915464605127146,-0.059782088013930916,-0.5963436707796017,0.025986441749277837,-0.8342378660570291,-0.2037349213545472,0.07893077503042908,0.08066982875772358,-0.6319539488188575,-0.585801148776915,-0.12429729811014316,-0.6112993852228522,-0.8305226024872777,-0.41298837042306047,-0.24370822407628612,-0.41298837042306047,-0.3192902449713654,-0.4085479883484883,-0.4085479883484883,-0.8210189817193336,-0.8210189817193336,0.3765390866681862,0.5724956021336095,0.49402716763568666,0.787413758306402,0.7253783022039672,-0.41538210767143247,0.05907135155598607,0.7270299001539775,0.7491809322579898,0.7270299001539775,-0.08605564604961803],[0.9894007042846855,0.9798629097061996,0.6558372146203391,0.9910114230048274,0.995927836071041,0.9894007042846855,0.9976323689037901,1.0,1.0,0.9995932389535784,0.9576174827720116,0.9988323063132256,0.9983539438148387,0.9994384631055964,0.9992015578501359,0.8342211164068751,0.8112805121635922,0.2017250501413571,0.9992338566902608,0.9992365374794253,0.9879284989315266,0.9993296842392866,0.27825854847409376,0.7556296990518568,0.9931940218733023,0.9931940218733023,0.9859196448803104,0.9897258476749186,0.22047421313453003,-0.20708727298971413,0.9880451044736445,0.9914701021936246,0.1453141922486178,-0.2623380136747654,0.9983897695313243,0.9983906423609463,0.44321762580825935,-0.30815528308054846,0.9974221350503412,0.9983515130878805,0.8139822227684191,0.18033930826509434,0.9392290321759165,0.9982221655992547,0.9392290321759165,0.9170538483577776,0.6014097628841277,0.944025505562876,0.9214569632666845,0.7500285127432371,0.4015295208701996,-0.13779016533044183,-0.1977108422362791,0.9258285412881277,0.31110002028832867,0.9645876119462684,0.9605449070238331,0.9753849780917471,0.9946196772103997,-0.01907133666734795,0.8753548020952847,0.8331367709854881,0.8819103549114219,0.8291730560743017,0.7957330683701793,0.8291730560743017,0.8181151016328143,0.7961978370128165,0.789236827932029,0.7961978370128165,0.8762990197260052,0.40687021534997264,0.6026127514490656,0.6608558719811123,0.6026127514490656,0.633916320458974,-0.34783248184747456,0.6076373246466271,-0.6169556754329386,0.5339197880851155,-0.09505030608871973,0.45750731902866276,-0.09505030608871973,-0.14305810423147086,0.854042515604085,0.872998362674487,0.8601666197135301,0.7689620325080428,0.19782134126724454,0.85334663080415,0.854656754969497,0.85334663080415,0.7711516290364472,0.7711516290364472,-0.18416615039141593,0.7219916579249559,0.23591611257272688,-0.7135341794379242,-0.6491171540507911,-0.6523445749037318,-0.20418516129385123,0.07551508062021078,0.30915464605127146,-0.059782088013930916,-0.5963436707796017,0.025986441749277837,-0.8342378660570291,-0.2037349213545472,0.07893077503042908,0.08066982875772358,-0.6319539488188575,-0.585801148776915,-0.12429729811014316,-0.6112993852228522,-0.8305226024872777,-0.41298837042306047,-0.24370822407628612,-0.41298837042306047,-0.3192902449713654,-0.4085479883484883,-0.4085479883484883,-0.8210189817193336,-0.8210189817193336,0.3765390866681862,0.5724956021336095,0.49402716763568666,0.787413758306402,0.7253783022039672,-0.41538210767143247,0.05907135155598607,0.7270299001539775,0.7491809322579898,0.7270299001539775,-0.08605564604961803],[0.9932957714141643,0.9850361725571593,0.6114187515707163,0.9946817185888962,0.9974831405541223,0.9932957714141643,0.999972091184023,0.9995932389535784,0.9995932389535784,1.0,0.9627968433679333,0.9996666486333979,0.9999732855446185,0.9999723159688121,0.9999763796437842,0.6998081460931156,0.5995916414472282,0.10397747242950393,0.999827047681267,0.9998278480052366,0.9903242002697558,0.9999708722404508,0.07904871000253103,0.7325503575601506,0.9955323925927398,0.9955323925927398,0.9954914580258764,0.9920171226598499,0.06662475083041729,-0.13643531162851222,0.990980369810527,0.9909423788298404,-0.0203891746574846,-0.21728415426476747,0.9994257966282469,0.999385615837616,0.8210100982520219,-0.4736863771455201,0.9990672516139368,0.9994328911937101,0.6703984805954787,0.08009636352715575,0.9992977245158805,0.9993029552504147,0.9992977245158805,0.9189506231991593,0.6163326118661404,0.9432996127330479,0.9228829911289633,0.7684205518993534,0.02399721492603789,-0.5409947453385632,-0.1273955138910748,0.9300347465922729,0.2763929225385695,0.9657878122602978,0.9653449217351864,0.9821971245070624,0.9949415522133224,0.8912918835661114,0.8849757519255446,0.9041526415396028,0.8896095816529357,0.9024892363515113,0.9030211429769247,0.9024892363515113,0.827936083844072,0.8587097076673568,0.8600131914216168,0.8587097076673568,0.8841857185460968,0.8012165797023845,0.8700531403314004,0.871113353438031,0.8700531403314004,0.6440745972091448,0.5015282883899616,0.6192812540881214,-0.6116972251083994,0.5922036791973758,0.5620750120505631,0.5619637484350318,0.5620750120505631,-0.09156988299711377,0.8625783899150463,0.8836771371619425,0.8702975059035412,0.8994428100250879,0.1304277057944363,0.8656394325364211,0.8672966314164123,0.8656394325364211,0.8711000541736805,0.8711000541736805,-0.1720780333991039,0.7013028032025272,0.03897137362828834,-0.7163434977212297,-0.6707475790547988,-0.6720896058957817,-0.19366784506082618,0.08578018175953198,-0.19529739157091955,-0.22412240697096408,-0.6227001438127541,-0.41042717170419,-0.864097810421332,-0.6032960304019335,0.09246637483024807,0.09432105130425188,-0.6228418351134213,-0.5811275809978473,-0.5607268934803519,-0.5977822632867034,-0.7976802368291125,-0.6237484896752553,-0.6260830265713566,-0.6237484896752553,-0.3048692200398961,-0.39896871851007304,-0.39896871851007304,-0.7781372222322388,-0.7781372222322388,0.394198462526514,0.5869347264654948,0.8122679326855814,0.8058838182485161,0.7355586696407331,-0.42181877289938097,0.6395806105206827,0.6887577567721528,0.6889381887328088,0.6887577567721528,0.13398288079644358],[0.9774328169134684,0.9729111756176385,0.576268166409145,0.9756887691835237,0.9691010466332838,0.9774328169134684,0.9637585379255132,0.9576174827720116,0.9576174827720116,0.9627968433679333,1.0,0.949981388786252,0.9637762415891763,0.9638051050485806,0.9635188996952934,0.4824691469848344,0.37444932802414677,-0.1233542383861565,0.9678193746486144,0.9677997635536697,0.9638781150171609,0.9638701445218255,-0.007020801322672575,0.7700566668863599,0.9652471104343312,0.9652471104343312,0.9654086325489243,0.904451377259902,0.1601434221902334,-0.12316258751692517,0.9701872894122158,0.9702853387364366,0.12776954947586902,0.022255273715858847,0.9711330458532841,0.9713598521123317,0.8924566000636943,-0.3582008114379626,0.957549574238454,0.9703918127369797,0.4469208999773903,-0.14364461058469835,0.9721475915319641,0.9721177659335971,0.9721475915319641,0.8311853709941422,0.4195818802127717,0.8483477292462888,0.9084030890277991,0.8676766913172239,-0.49421628428970227,-0.6744602725084907,-0.2098058063611599,0.8977413188244894,-0.031444483630267944,0.9247643598985058,0.9248233572285656,0.9415834555444484,0.9685759900899991,0.8927597017854181,0.8943983112164174,0.9070200731846245,0.8956975363054118,0.9004424485758011,0.9009313206132129,0.9004424485758011,0.8538871106568275,0.8334618830889761,0.8348540866568103,0.8334618830889761,0.8913332917405203,0.9046807397652415,0.8893596723878168,0.8898463072080168,0.8893596723878168,0.7217141692292822,0.6584666805003058,0.7225509606617285,-0.27993200183746497,0.7368789624649561,0.7516054611673469,0.7537674354566763,0.7516054611673469,-0.24917896847556956,0.8921463063613746,0.9402493365097607,0.9054160249646299,0.9045167731614839,-0.024979998819565783,0.8863357560581637,0.8871136862719983,0.8863357560581637,0.8936160906209315,0.8936160906209315,0.040729812962210316,0.4216294573210001,-0.13171709642648588,-0.6564878016412689,-0.43963773611328355,-0.442138944806355,-0.0630467130511687,0.42820102004148314,0.016702402019297558,-0.18803897133735675,-0.5463619849762553,-0.10426350896111636,-0.7928983443979697,-0.2689971192774538,0.2957462671973993,0.2958089670486482,-0.41135497553707306,-0.43208257731436045,-0.37677387219244207,-0.3877948880184365,-0.6595927339644119,-0.3963683528176334,-0.3987100955440984,-0.3963683528176334,-0.12932679716308676,-0.43984531665731474,-0.43984531665731474,-0.5411669595894516,-0.5411669595894516,0.5330498398302567,0.6471920024237927,0.7511902112727681,0.6975769442135624,0.8109859329391296,-0.5093365593706759,0.4070943382441877,0.5336204111522093,0.5339473594164407,0.5336204111522093,-0.14165441167673576],[0.987278101494375,0.986125340202338,0.9950637240716369,0.9903737005523788,0.9964592342697551,0.987278101494375,0.9997009230182667,0.9988323063132256,0.9988323063132256,0.9996666486333979,0.949981388786252,1.0,0.9997000912905138,0.9996975523034397,0.9996714684446043,0.2297150447642034,0.1276607194784086,-0.5216788019911308,0.9998125689844253,0.9998144545184977,0.9997031511002671,0.9997021703239496,-0.2652535921823162,0.9737243887673648,0.9950211164658819,0.9950211164658819,0.9950027764531464,0.9938847310637361,0.0752000977507798,0.06747411231475821,0.9921712591425996,0.9922191969119655,0.8203559752983931,-0.007623081631006521,0.9991072523602409,0.999066224896292,0.998950785786699,0.9994248213102083,0.9994648581820463,0.9991452114580622,0.17519016744137905,-0.5295195266414522,0.9989015750214384,0.9989083991585735,0.9989015750214384,0.9136378615639725,0.4566366538223558,0.9392039014360464,0.9194782817970883,0.7686257927915171,-0.39721100369909906,-0.5976103487356966,0.8255100954984698,0.8543859393471824,-0.34497626284312133,0.9362222977321815,0.9364209744568105,0.9708834066182563,0.9939333286345214,0.9040667863215095,0.9097802963518528,0.8875595085407509,0.8912465256714411,0.8924785248458799,0.8929630083315565,0.8924785248458799,0.786691858257228,0.7559286197218235,0.7577128654695888,0.7559286197218235,0.91093499227441,0.9164837371606563,0.9097427976952145,0.9106502081539609,0.9097427976952145,0.5470478540078254,0.4900332319049832,0.5831028375570053,0.6684544747444083,0.5731395445224231,0.6010446884408367,0.6031290046279978,0.6010446884408367,-0.3115542221434055,0.85517368346683,0.8858783103597827,0.8744938981381056,0.9106144401090075,-0.3305177077236192,0.850781377310496,0.8509834278240307,0.850781377310496,0.8593602163704295,0.8593602163704295,-0.2238287832414678,0.694818282428682,-0.39044433978084003,-0.8026740015078372,-0.5343309774152126,-0.5372782817866747,-0.42812293581325694,0.22948667501374168,-0.3036536384835393,-0.5317047987905671,-0.7608928093961322,-0.4025671152408305,-0.5913807200735857,-0.4763178312150437,0.08406352385313408,0.08190422003004356,-0.5572455264641807,-0.5293634084509682,-0.5505059414412548,-0.5864483139506467,-0.5798783158065981,-0.5540305292317363,-0.55712756223522,-0.5540305292317363,-0.43813899122378314,-0.6285700960732404,-0.6285700960732404,-0.6205197766020172,-0.6205197766020172,0.3903369078675025,0.3376875909564268,0.47403730536039373,0.5800490679556219,0.5247869603983986,-0.5747721225326717,0.31674003784905636,0.2852232531081183,0.28544510357142827,0.2852232531081183,0.2589205846323283],[0.9927668887908353,0.985182946060858,0.6632697284580467,0.9939338420866887,0.9972928201874133,0.9927668887908353,0.9999967590105963,0.9983539438148387,0.9983539438148387,0.9999732855446185,0.9637762415891763,0.9997000912905138,1.0,0.9999910198187709,0.9999953129140048,0.8372814513687453,0.811663870432867,0.22327636326071218,0.99987021425536,0.9998705445394155,0.990443391666833,0.9999974829239864,0.3034728396288655,0.7539525567686581,0.9914133272954203,0.9914133272954203,0.9876385398537155,0.9921070248981346,0.23795879655847818,-0.1941372921478074,0.9917233222592838,0.9917055701863248,0.16378710285285533,-0.2564834205568192,0.9993740979747042,0.9994928614376081,0.45946232193121744,-0.3019107756633413,0.9991286141359441,0.9994662193473116,0.8168713805321915,0.20225907382475786,0.9460180877197695,0.9991372126713375,0.9460180877197695,0.9191950727046445,0.6160228133981317,0.94355854653797,0.9232409254957102,0.7689756106059825,0.4143409907070408,-0.1230526411977758,-0.18562711683821317,0.9337003495960419,0.33106744361070795,0.9690982313536294,0.9653829610804359,0.9801722127339376,0.9956532261719357,-0.010100967462091581,0.8841937555291198,0.8465327366658246,0.8886290913705042,0.8415083878836883,0.8064744829041175,0.8415083878836883,0.8281686234789263,0.8120988215774045,0.8010889713121667,0.8120988215774045,0.8828636596638779,0.42371512009803947,0.6201590346555741,0.6752650899588106,0.6201590346555741,0.6441272660631426,-0.33440840913657377,0.619442557339659,-0.6105417137324513,0.5398914384675617,-0.07484490212819123,0.4717544044980677,-0.07484490212819123,-0.13724981544385065,0.8617593462120938,0.8837594587673132,0.8698657451989837,0.7820817055663407,0.21540878395105223,0.8605013382675575,0.861637383642411,0.8605013382675575,0.7857221983563143,0.7857221983563143,-0.17043643308054027,0.7010165523340298,0.2296446469541954,-0.7046422683820774,-0.6374339754214642,-0.6408311969689017,-0.19028830686771872,0.08217751851644636,0.3163679895790317,-0.04110675415971709,-0.5844853893054116,0.03544579257921313,-0.8289208380477444,-0.1970002482384261,0.0931893548972653,0.09491350057307196,-0.6213675068152832,-0.5849293388836563,-0.11731284011754158,-0.5962237085766113,-0.831369896521223,-0.4019229031039548,-0.23743089940419965,-0.4019229031039548,-0.303065988491404,-0.39585899661370055,-0.39585899661370055,-0.8234182931812617,-0.8234182931812617,0.3940537514476648,0.5884516988319443,0.5120165825878504,0.8046670915877974,0.7373762300559957,-0.39502329870314223,0.07256000330877817,0.745715181860609,0.7645941711253826,0.745715181860609,-0.10286426784308078],[0.9931411516181983,0.9851279633676128,0.6584310594645039,0.994582961320335,0.9973641303356267,0.9931411516181983,0.9999876710468485,0.9994384631055964,0.9994384631055964,0.9999723159688121,0.9638051050485806,0.9996975523034397,0.9999910198187709,1.0,0.9999885726518747,0.7634987574441802,0.6802038886989448,0.22493525997490849,0.9998927511341115,0.9998934010024093,0.9904380273902251,0.9999884600328366,0.30398208347540295,0.7506057692502354,0.9942987478121031,0.9942987478121031,0.9942654581703029,0.9920611238129324,0.2319618091853251,-0.19437865237315746,0.9921149610935416,0.9921214932616335,0.1862631290672937,-0.25572782303422387,0.9995452174742009,0.9994931480975057,0.8560849976336683,-0.3900340909258907,0.999125893825208,0.9994704600334791,0.7412729050514655,0.2039477531606187,0.999443444685222,0.9994480324584483,0.999443444685222,0.9191376739408177,0.6161328596953114,0.9434777763052234,0.9231667508120366,0.7686395921601337,0.2951605857432443,-0.29196847648663204,0.11655289710559058,0.9336193430462546,0.3316260990022512,0.9663832169518869,0.9654051116207121,0.9788238546454859,0.995882705468626,0.8978561058409047,0.8835704066128595,0.9091959847744163,0.8886395319215661,0.9080462364213547,0.9088057369525357,0.9080462364213547,0.8275855183944907,0.8775197225301598,0.878817222904444,0.8775197225301598,0.8827873245863815,0.7845442292894705,0.8746134996378261,0.87605499602938,0.8746134996378261,0.6437242172887961,0.49860960013944783,0.6185710942973877,-0.6115078602535435,0.5389547246282833,0.5402479403962765,0.5412070221886365,0.5402479403962765,-0.1388726130362785,0.8617013722935584,0.8834319819936959,0.8694121209002044,0.9043163195806436,0.2175811273891451,0.8605041687390121,0.8618093809569722,0.8605041687390121,0.8697473838606145,0.8697473838606145,-0.1707723831461265,0.6999086618214632,0.138288630998875,-0.7038315670647604,-0.637087277712944,-0.6402281914167705,-0.19027891516130438,0.08132390833556767,0.08994858103724875,-0.0396789826588091,-0.5833571132978709,-0.15286990947430407,-0.8393718300909367,-0.4148238360662783,0.09278688389723003,0.09467882473382154,-0.6214113868909943,-0.5841020039487044,-0.40702648457325386,-0.5960007398566771,-0.8241936651929764,-0.5185200011531724,-0.5144486955694829,-0.5185200011531724,-0.3022838646541441,-0.39591786346337604,-0.39591786346337604,-0.8149258520394054,-0.8149258520394054,0.3936486979956961,0.5887293744448526,0.8197604043873021,0.8082140389416039,0.7378620691971336,-0.3945659849038699,0.7011117561386003,0.7335312555457076,0.7336264448147461,0.7335312555457076,-0.07018936027157407],[0.9928129261372757,0.985029946902235,0.6634147944361262,0.9939572771759516,0.9973153171888319,0.9928129261372757,0.9999937289327842,0.9992015578501359,0.9992015578501359,0.9999763796437842,0.9635188996952934,0.9996714684446043,0.9999953129140048,0.9999885726518747,1.0,0.8275659674392087,0.762846588007529,0.22342934135305856,0.9998731038482942,0.9998733199203822,0.9905713597792761,0.999995190304773,0.30414121107627073,0.753790910875381,0.9944832303293472,0.9944832303293472,0.9943955195158581,0.9920399932755848,0.23824642980978464,-0.19415587270760082,0.9926136522217834,0.9926565316119645,0.16452121945715203,-0.25631204632262966,0.999418815476346,0.9994925804986253,0.4585227833690689,-0.30119241132034213,0.9990894299819519,0.9994688327149823,0.8143676768702693,0.20243306504491937,0.9455943376529279,0.9991869474511971,0.9455943376529279,0.9194287454738715,0.616663152230504,0.943683009238407,0.9233339236866445,0.7687233612151416,0.41563877778344965,-0.12159765169249682,-0.1858520721258592,0.9340200132637945,0.3313402032522032,0.9694709537024602,0.9656694370842823,0.9804187775621118,0.9956952644841399,-0.011079034813880432,0.8844176050766268,0.8464348115116558,0.8888210863065201,0.8414406760045816,0.806049189604358,0.8414406760045816,0.8283365891893696,0.8120211239005829,0.8014137906970719,0.8120211239005829,0.8831307874264788,0.42306624042869373,0.6196869051910554,0.6752529563345693,0.6196869051910554,0.64398701072777,-0.3355175622269075,0.6193818998996606,-0.6107422668723274,0.5395539210210781,-0.075790699754786,0.4714197741505228,-0.075790699754786,-0.13721479788435487,0.8618638916898621,0.8835183227169908,0.8699769406551058,0.7749218073545205,0.2157931106563445,0.8605691518762237,0.8616960736672483,0.8605691518762237,0.7855295914780067,0.7855295914780067,-0.17173340040232954,0.7017835841647921,0.23012582054103375,-0.7045987642593301,-0.6377756365779448,-0.6411769113997468,-0.19130293644545382,0.08106327180016529,0.31669545475767374,-0.04146390605591685,-0.5846440140095893,0.03555500595743466,-0.8281950217107107,-0.19682368485099538,0.0922904596155531,0.09401376914357899,-0.6219225608212401,-0.5851370583330863,-0.11675540289165953,-0.5972956821943274,-0.8314035548618576,-0.40185747805160843,-0.23689844174628158,-0.40185747805160843,-0.30389809741002055,-0.39626538605054284,-0.39626538605054284,-0.8237655262570179,-0.8237655262570179,0.39422460235810025,0.5881377324315878,0.511558317695477,0.8050912259868958,0.7368625480473224,-0.39460698007351075,0.07194272282137702,0.7461295424819591,0.7652045176948141,0.7461295424819591,-0.10260865496815141],[0.7560223683058337,0.12055130475499311,0.4047272393594937,0.7552345877583934,0.6563763161947873,0.7560223683058337,0.8373154133180576,0.8342211164068751,0.8342211164068751,0.6998081460931156,0.4824691469848344,0.2297150447642034,0.8372814513687453,0.7634987574441802,0.8275659674392087,1.0,0.9928047749630156,0.4217581925091784,0.8071605778637535,0.8071317075514578,0.7345799709360804,0.8263100387443026,0.33349566126082536,0.40121279400552673,0.8198967118830595,0.8198967118830595,0.8056409984969441,-0.1695390740032022,0.19576706232076624,-0.16556650228481148,0.8601547579580642,0.8573333590032836,0.15796894145593035,-0.22653708198199618,0.8330783339058339,0.7241774437104784,0.266637480221355,-0.31769831935416293,0.24512908502659939,0.6922006650932092,0.9983612697167823,0.40445434915887957,0.7589461209565908,0.8327447019359583,0.7589461209565908,0.19895150589759986,0.5391706479429028,-0.2234114440631592,-0.24529002490535556,0.07654134148971146,0.39813543411065583,-0.057682366766846994,-0.21049087178308265,0.7112027827256696,0.4013356135937636,0.8311045515936566,0.7124727919245231,0.7974118074473178,0.8163037018045926,-0.10327886425511235,0.1526776220673909,0.5835932092317084,0.45254005748825826,0.57