var element=document.getElementById("correlationAdjClose");if(element.style.display!='none'){var correlationAdjClose={"data":[{"type":"heatmap","z":[[1.0,0.99999223299713,0.9851658345581314,0.9999254166566163,0.9989906681515875,0.987129926819433,0.997694351906785,0.995648702901128,0.9691224694882018,0.9959622429044063,0.9804657111797562,0.993103911658693,0.9957816441429257,0.995052129978598,0.9956988685234105,0.9964683652530382,0.9961076410691895,0.9982256959465667,0.996357352463715,0.9963684376348131,0.9964238314022109,0.9957324383304089,0.9861787790754033,0.9705823644118267,0.9888126129084315,0.9557551808292949,0.9877273684303753,0.984416325365024,0.9657565447071227,0.9479792624275206,0.9935081210752139,0.9943345455486134,0.9920619441429143,0.9762017866326428,0.9976057222392904,0.9978735333069643,0.9973210823996965,0.9958417490873501,0.9955008664566549,0.9977629093283327,0.9983284707736287,0.998735568959421,0.9975534090108413,0.9975632877365487,0.9767403928061842,0.9165270387023301,0.7446882119473026,0.9120560815868416,0.9138458022235411,0.8470276470170732,0.9650565213619792,0.9461286434842588,0.9665448596233664,0.9650441413735582,0.9568901930989215,0.9853899386358028,0.9822071736848392,0.9902726863704779,0.994571985989762,0.9853460036352539,0.9797522363383822,0.9870635571952365,0.9847484225913001,0.9876578295123483,0.987439797712253,0.9649416481586014,0.9707231703895367,0.9732896311160872,0.9729532705534485,0.9487537887055086,0.9778046272896128,0.9756183568105573,0.9834122973695314,0.9826083605686992,0.9390566396202115,0.8710215291982605,0.8386007610837314,0.8896548624502063,0.9124413314381984,0.9084851619926966,0.9103563669871098,0.9089279181838364,0.6546083979552715,-0.5692780265257081,0.9788065078551323,0.9721519867759102,0.9685197452467063,0.9861403573036419,0.9725933050051992,0.9830924943749682,0.9830472696288474,0.9480035098886791,0.9832235660118033,0.9516412559498981,0.6777610757169327,0.8842765645387083,0.9204734320490964,0.7710084704969933,0.9270268950914771,0.9455548821417309,0.825824886205937,0.9610031762576032,0.8960232874243752,0.627204692665656,0.7131273783923244,0.892229466856402,0.8669079040711951,0.8894495656243044,0.9711153966322701,0.9713117234008813,0.7415807533700077,0.7162228531077615,0.8248632145723548,0.36427336540889743,0.7969337928787151,0.8292080801857721,0.8160399373437092,0.8144154620716186,0.7612589697056934,0.744956848048581,0.7259895273638188,-0.25314903737194466,-0.39090325543209037,0.6502158075641802,0.897774197964284,0.9414727743523286,0.9465928652324942,0.9162840419575515,0.8280923504790838,0.9136044080626196,0.9347697015858986,0.9345604969715802,0.8692510241771018,-0.18929614590549398],[0.99999223299713,1.0,0.9852801482621196,0.9997996735655056,0.9978772046582064,0.990328715938119,0.9937368963090122,0.9900701767767427,0.9817257273852072,0.99009815870711,0.9714317678152583,0.9922228298985748,0.9902728788363997,0.9901237689646954,0.9901686881001879,0.9909976052508638,0.9937817588834266,0.9955663408428265,0.9930904513247438,0.9930881764371112,0.9901640364734292,0.9902146970948477,0.989641121092625,0.9672260305248895,0.9861247455751355,0.9787158321623068,0.9859227116732561,0.9842850227494259,0.9762760853795841,0.9205374485745399,0.9878715894883454,0.9847978059619418,0.9775867915968264,0.9213871644992782,0.9951352575961405,0.9949891158005895,0.9952558414169164,0.9910078563970948,0.9947709649712514,0.9952556449590765,0.9963713381637025,0.9968500898128715,0.9952350857555204,0.9952401206903562,0.9878325054117039,0.916287703486096,0.5882594414692018,0.9117004360138073,0.9138384849342522,0.8471619900957916,0.8722531616342096,0.9160533116087,0.875671345114783,0.8996171396991695,0.8714436932869883,0.954830931198281,0.9547316403320456,0.9625972526202622,0.9829364918159254,0.9776947774224989,0.980956399239851,0.9757801155134911,0.9754901481641493,0.9781213976047052,0.9780385680684672,0.9431535254197999,0.9519174756030725,0.9229804053551602,0.9228851917020378,0.8347530982269304,0.9734657335212329,0.9754695931633186,0.9756959223215793,0.9751841164751576,0.9405185495251438,0.6954380320713306,0.6413007342862497,0.7795691081509785,0.8634557185556844,0.8014195757071605,0.8334913008754784,0.8318774322122878,0.6412995537795327,-0.26585547527051956,0.9626772688470288,0.9684899479613858,0.9624314152596609,0.9784624410087593,0.9600223302218132,0.9666647830125451,0.9658687874037815,0.9158196970038174,0.969226819929103,0.9206402028860734,0.5330283350483475,0.8835319738268904,0.880467341310057,0.35361982722248764,0.7020187796381954,0.7819489619558903,0.6678784914842553,0.9612598756135764,0.6758480762968619,-0.2619795742454818,0.16614166989081633,0.6451543500153498,0.6505188371426399,0.6965462610703336,0.9628401721934233,0.9626661425551246,-0.036779307146380905,0.20678169542376434,0.04505122519323816,0.0110176016711485,0.039641919936823936,0.05593329753674423,0.0232650688930443,-0.022651509851988095,0.41290555752037,0.14544326298199353,0.09495398540671923,-0.44583924022446086,-0.484811282271462,0.6500678729695208,0.7498374440782484,0.7741271974541761,0.8318460838729123,0.8256615066199029,0.5510604077487297,0.7385022704559867,0.7690986978770777,0.7673969095080104,0.4175824934501814,0.1871587669598959],[0.9851658345581314,0.9852801482621196,1.0,0.9865709262358718,0.9931617481856828,0.9905817718653287,0.9905973821388983,0.9911119724714581,0.9899389143192293,0.994315031916042,0.9574079135935566,0.9971026702592125,0.9909989386672181,0.992922913528833,0.9911705871481961,0.9909753512361419,0.9930338123723359,0.9905791308397773,0.9897636082055333,0.9897321822685409,0.9928435162370322,0.9910422310881316,0.9941101033295129,0.9811477722956511,0.9911025117086549,0.9788867954074498,0.9915672919996155,0.9835681987639732,0.9838304561268156,0.9526964768722354,0.9718218012050673,0.975676206845729,0.9780544036632127,0.9521818405261585,0.9879064764914048,0.9910333833201075,0.9893516018229666,0.9929541202337647,0.9950910029195997,0.9921462596456182,0.985486349862304,0.9882351178936578,0.9881994924343717,0.9875775442661224,0.9911299509984043,0.9156164779409558,0.6854606593183771,0.9336214212649897,0.9082866097015386,0.7669716513766114,0.9250346240442066,0.901473112938757,0.9273859675357464,0.9253612643480997,0.913807606504294,0.952153779383883,0.9599201637221998,0.967305750808232,0.9798691067352043,0.9345105504858084,0.9551396877426299,0.9576507295194496,0.9640499501635212,0.958089289721671,0.9323680386994118,0.9074012899974488,0.9345330432842809,0.9282309782621785,0.9106405205327295,0.8745209259536608,0.9640719481812977,0.942096701038919,0.9581515353980985,0.9368074901929087,0.7934177435263811,0.8166505155268408,0.7432225206638463,0.8379011149524792,0.8761599633562691,0.8753426198751071,0.8448174512576572,0.8588419377743911,0.33642145235971005,-0.5662580138662102,0.9518937795644843,0.9311005632538311,0.9330136108160785,0.9348045503213411,0.9462022319398949,0.9558595496105743,0.9554351161787601,0.9209781650904324,0.9516759693109942,0.8536226040368223,0.65318200427641,0.9421996535969083,0.9417910673317306,0.7363753846424107,0.9104339612043058,0.9308067787675005,0.8119099704536353,0.9794497571800104,0.7781370246906162,0.5336671756569168,0.6539667414910924,0.7869190123943973,0.79316895542107,0.7757369450368548,0.982701950673468,0.9827528312102498,0.6632440271038257,0.6550396746425698,0.7126669808301729,0.30035320418320005,0.693854138173942,0.7119893239535348,0.722855312056496,0.7088166110151771,0.7181251151666915,0.6743758414110369,0.6537166328368195,-0.32267531552554957,-0.46012642249468055,0.6114930293939803,0.8588295382822715,0.8909403355199903,0.8936209471484422,0.8897006163321307,0.7592790624187807,0.8655045595967493,0.8796913441337868,0.8881196322722259,0.7385412652097779,-0.11046047586186176],[0.9999254166566163,0.9997996735655056,0.9865709262358718,1.0,0.9992766310183343,0.9881368487257934,0.9980025924177225,0.9961423628712657,0.9713843060426599,0.9965299838687118,0.980115030463117,0.9943358719310613,0.9962573526333269,0.9957321631500808,0.9961911888987589,0.9969415665841299,0.9967366407276904,0.9985448479736742,0.9967890432828214,0.9967975748677718,0.9969061774095551,0.9962120823710695,0.9874333144654198,0.9719237952921223,0.98986417661888,0.9584007036475556,0.9888884150571914,0.986441467039814,0.9678184146256054,0.9491718740911651,0.9929337838013315,0.9939485441639991,0.9921295261031964,0.9758407145261148,0.9977442672224315,0.9981437063109168,0.9976089827635862,0.9963778591882827,0.9961734549782006,0.9980720866217628,0.9982376335688666,0.9988631944060096,0.9976842904842896,0.9976911378059481,0.9785625234819303,0.9124089680202944,0.7383960038534706,0.9128283379189732,0.9119622541419289,0.8374874271584597,0.962136653190825,0.9427417281724756,0.9635201262589204,0.96242734235889,0.9540416346506047,0.9833232672187159,0.9806971154339659,0.9894559554882352,0.9944993954020975,0.9837148293280588,0.9782931146677121,0.9856119643799464,0.9839933034816382,0.9861266117738267,0.9859024687933134,0.9527287558142028,0.9692291453884907,0.9716369335884318,0.9712996259572199,0.9425998106329906,0.9772168022354792,0.972305174731685,0.9817716869487026,0.9809276669195897,0.9142142893640004,0.8690834207840813,0.834091103993812,0.8874732565505469,0.9091312157234286,0.9077156187484471,0.9075258007145981,0.9061523672596453,0.5537837280074276,-0.5691785208155078,0.9777282706538852,0.9703432676518129,0.9666220687792364,0.9845127036791321,0.9715803641614084,0.9821167870920751,0.982067275444768,0.9471193009257736,0.9815629237874832,0.9331781516863593,0.6828704318895997,0.8914742063826272,0.9248283424106712,0.7725808708401467,0.9287049649654344,0.946979155136092,0.8261336166228515,0.9624272871218175,0.889886586706052,0.6237791693608035,0.7113534056565286,0.8871461484410805,0.8633243117077841,0.8840409453613668,0.9721311268084329,0.9723357078271069,0.7405812565023288,0.7164742540319672,0.8169398030743664,0.36627217250294425,0.7912605429207926,0.821001311263264,0.807899580744816,0.8090977869948864,0.7639320581166984,0.7449620964067808,0.7260646452020582,-0.2485225570828335,-0.39015557665220435,0.6490472411723907,0.8959030336410421,0.9396648815719557,0.9448312518846366,0.9151560279728037,0.8252973052673015,0.9116215655029684,0.9325495910313961,0.9324947929102195,0.861734331298274,-0.18206670897130572],[0.9989906681515875,0.9978772046582064,0.9931617481856828,0.9992766310183343,1.0,0.9910763830493015,0.9990666132777394,0.9983921212998236,0.984467241400095,0.9984520365963749,0.974328098273915,0.9978777891229718,0.9984312596912582,0.9982614175598162,0.9984255615160988,0.998735875895415,0.997894217762121,0.9992425473318867,0.9987884415642266,0.9987873681913196,0.998499806631763,0.9984180417126816,0.9939651685046709,0.9796148339768451,0.9942622944067215,0.9767749182216027,0.9942126766977639,0.9897202233321198,0.9815291337128869,0.9527114611508476,0.9894883962771759,0.9920967590995876,0.9897040496664558,0.967264992906375,0.9989427081167753,0.9989832297388772,0.9989877153763029,0.9985242035617831,0.9985991842958952,0.9990893130663631,0.9988635608254925,0.9991594733293919,0.9989322139465331,0.9989310573805678,0.9887774022991562,0.921991549682724,0.7142144426298711,0.9260788344092964,0.9158708688173617,0.8213010797801419,0.9465503282988157,0.9329231704234332,0.950605673306069,0.9543105881382407,0.9453534717711856,0.9797267250404257,0.979654523765777,0.9889164590321207,0.9944972670803944,0.9799639099603826,0.9724956089266997,0.9808541471427967,0.9798505512961818,0.9811857970199127,0.980914468647245,0.9542506491338183,0.9596402561544494,0.9544525068169369,0.954009414411169,0.9121458814027129,0.9743434604497199,0.9708540299835298,0.9772834239029872,0.9763682364603883,0.9351735745771657,0.8458319628960613,0.803284052673919,0.8705844546679875,0.9125885274085856,0.8946286655195621,0.9028679960161137,0.9015836131033901,0.7094869827261926,-0.5894212619911025,0.9708997600490223,0.9591563890418571,0.956502856514391,0.9810116103430621,0.9611063121294627,0.9749435751094981,0.9744958150031221,0.937323220051125,0.9768153152103881,0.9410043138399362,0.6699334911916289,0.9100894613530304,0.9459502057207431,0.7270888932349546,0.9086953352800554,0.9324722390992831,0.820123359168692,0.9680791394851499,0.8827699022546643,0.46747383672798065,0.6461331047510414,0.8708409452756565,0.8302561273353872,0.8734509785439487,0.9760946921860856,0.9762514662471219,0.6955125126769195,0.6978258155517738,0.7387654965018634,0.3420165267611849,0.6806762328801541,0.7444011237886113,0.7211407342398836,0.7006518707206246,0.7485774022926209,0.7280758381439674,0.7082449697258159,-0.4653136185276008,-0.5442035235754339,0.6397810869514718,0.8889173089274301,0.9243680770184035,0.9370596152417879,0.9116777082964183,0.803012723555678,0.8956425483447682,0.9176193746988078,0.9170530773854957,0.7964695961633187,0.02973908921302209],[0.987129926819433,0.990328715938119,0.9905817718653287,0.9881368487257934,0.9910763830493015,1.0,0.9870616654345284,0.9874524561028225,0.9909958941971748,0.9871146021973587,0.9623080929875587,0.9796402346408619,0.9873683926891663,0.9886906455655762,0.9875156838866349,0.988047245191603,0.9917156320343731,0.9885265671583808,0.9882845872382007,0.9882886908551353,0.9863168356307312,0.9874525579385554,0.9959653260095471,0.9921516292373834,0.9877848508481586,0.9840551494407144,0.9877795907355844,0.9728398072170601,0.9861939522268885,0.9695964290201321,0.9686657429075715,0.9734521198942223,0.981897371586501,0.9692980910390774,0.9869269123385098,0.9871679854763542,0.9879912180700392,0.9882620721530343,0.9814660234093429,0.9880531672539944,0.9864655114258486,0.9876062358975048,0.9870443330362347,0.9870615913470724,0.995227274125546,0.8731247111400479,0.7111523713782567,0.8912666124394089,0.9079202294712649,0.8352379825951366,0.926984629131423,0.9108055176870853,0.9291177255172147,0.9389142643907037,0.9247490872895677,0.9581578051823167,0.9629704383558686,0.9660186820073566,0.9767046787358769,0.9689757743889029,0.9828146344330589,0.970137491613047,0.982233276291835,0.9698669074479939,0.969314279938729,0.9712254263581963,0.9633085407307495,0.9442904264198143,0.9438089571707965,0.9357686467801876,0.9800446877580972,0.9724360469811184,0.9702946793499824,0.9687715412078907,0.954951824911635,0.8679318521894928,0.8204730095256719,0.8881239892625558,0.9038003751445416,0.9119930076474171,0.8940641861694717,0.8918332139766705,0.6777185914874584,-0.5282262262365977,0.976897021704459,0.975385161376301,0.9715313639725939,0.9700328956304366,0.9680570852576332,0.9764753071468334,0.9760905006747761,0.9604017968307413,0.9658375250262041,0.9595044943511698,0.6873015866552966,0.8605103697764066,0.9440394980497412,0.7741123079750518,0.9198453653027426,0.935853371292019,0.8197222825990835,0.9581223167209091,0.8430425413385008,0.5636894316893938,0.6825079901896131,0.8409468619478125,0.8214759441185177,0.8392909722950204,0.9597443011731709,0.9598493841550207,0.7006773595635315,0.6946004412560886,0.7579663961679807,0.36674790892940384,0.7411478551887224,0.7636791491955022,0.7501209248720948,0.7522496292478926,0.7491971342858408,0.7124830961871252,0.6958347838868181,-0.2778296066969126,-0.4069950544779827,0.669492496503874,0.8758174874039707,0.8933589922090646,0.9029304579126648,0.889538056726974,0.794729746898539,0.8630757289401242,0.8849056723580235,0.884930115082476,0.828357169602619,-0.15230145681878562],[0.997694351906785,0.9937368963090122,0.9905973821388983,0.9980025924177225,0.9990666132777394,0.9870616654345284,1.0,0.9972922526325408,0.9585510654858077,0.9995572791597925,0.9742320600347796,0.9994853019744063,0.9982419628759336,0.999102810883695,0.9990836770156587,0.9993247808534222,0.9965646438757032,0.9999016663154146,0.9993019124095655,0.9993071012392919,0.9996745291479688,0.9992721706839819,0.990628799907881,0.9751349750499794,0.9847679346928037,0.9258004603530291,0.9929138875373957,0.9891761644923367,0.9728844359245851,0.9473152296433881,0.9919094255522282,0.9917536424542803,0.9933161172631143,0.9731426099545734,0.9988982351563285,0.9998317270924592,0.9996770229709715,0.9994268845728155,0.99969994757789,0.9998613036613855,0.9980644237954889,0.9996984335623649,0.9993181730717424,0.9989476591331824,0.9823012521884037,0.9290747069226589,0.7303831553708089,0.9378559433671219,0.9256240950366101,0.8147210771520053,0.9577409488150673,0.9422016507173497,0.9598932313007917,0.9586970594915765,0.9512038605016956,0.9817350278812635,0.9803744489718577,0.9912564095690525,0.9964795673285244,0.9441219646190091,0.9593635727709644,0.971047917678418,0.9714751515148491,0.9727532493196047,0.9441902800373109,0.8977600976014862,0.9502108513839322,0.957873188399761,0.9351334926332837,0.8854818326828534,0.963945040813193,0.9349398346652806,0.9650569597487528,0.9444769508823707,0.7563400908457085,0.8402622477852295,0.7654942264845424,0.8576079930790448,0.8810293055667437,0.8853337903484712,0.8640111286594795,0.8763709484443892,0.289953729205571,-0.6032409839063735,0.9616427469369568,0.9436701755120281,0.9427594369398936,0.9461223300928632,0.9578890341783218,0.9687969594849982,0.9688397740828263,0.9274066552362934,0.9651160902988183,0.8353464810799175,0.6642906186820563,0.9105350896719774,0.9246821233947938,0.7613511854457473,0.92586040015707,0.9453378541597196,0.8206649915843663,0.9674483027327718,0.831597005520459,0.6133111519207226,0.702138177588707,0.8448218461734629,0.8425069471460088,0.8309001105119319,0.9761797271603064,0.9763941841287584,0.7277149659092317,0.6947130983926005,0.7823103418459552,0.33699319566047387,0.7687172978494518,0.7922780985954011,0.7815492152708113,0.7889441268643042,0.7447771941172512,0.7332656708228411,0.7125855119770521,-0.2657960584480695,-0.4147004910569459,0.65777338931432,0.8913272523339906,0.9278313433546344,0.9434350094956837,0.9158617880434962,0.8241984464814022,0.9118856707431939,0.933355136513631,0.9327484990679931,0.7757762046438368,-0.14573734731963361],[0.995648702901128,0.9900701767767427,0.9911119724714581,0.9961423628712657,0.9983921212998236,0.9874524561028225,0.9972922526325408,1.0,0.969797989391342,0.9999850550279822,0.9687596782421639,0.9996891404565249,0.999996957238004,0.9996770007815858,0.9999979973160908,0.9998280235615892,0.9924150394840557,0.9993652223205174,0.9998959230989052,0.9998954484904332,0.9999596833113694,0.999994774086918,0.9909667165409769,0.9763514755849383,0.9921768755378885,0.940029630752841,0.9934177201251155,0.9867449247856216,0.9750858493883447,0.9462666885237869,0.9881822807650984,0.9940157225507441,0.9919788544465871,0.9699047491541255,0.9994419237208203,0.9995181472014608,0.9996354514675098,0.999707385511724,0.9989317849597849,0.9994513227764308,0.998464472178299,0.9986503897666821,0.9995113761732186,0.9993769178231225,0.9838398087964029,0.9290617394599178,0.7174559174107155,0.9430004303005606,0.9233903706618724,0.7951494870711666,0.9561004603727173,0.9373787931439977,0.9578534409883979,0.9524457061572116,0.9448011648771942,0.9797223459811764,0.977219238801651,0.9902271287393503,0.9972036472260811,0.9386811619817992,0.9542038118119769,0.9637566387784094,0.9678489267881365,0.9659103945525717,0.9422996168705484,0.8882119241260715,0.9446620324330952,0.9503597016156204,0.929270724694552,0.8713533022438459,0.960713394431811,0.9279943477841022,0.9589252513010302,0.9394119429108115,0.7412985590466452,0.8308970989063965,0.7606329969003969,0.8482728117957885,0.872760094084862,0.8798156104672783,0.85907184420039,0.8686884903068863,0.27029781064142916,-0.6085423172018106,0.9566890241084661,0.9352494612528992,0.9353747098897759,0.9439887295956576,0.9523506695785802,0.9639436586858207,0.9639779161228259,0.92116059019794,0.9573421658730665,0.8218506416213389,0.6600898750534253,0.9282925246479362,0.9365666049737137,0.7565216939118432,0.9253352417930285,0.9450498280954486,0.818055070948762,0.9719120641470852,0.8350868998957344,0.5989367542615109,0.6928735552860726,0.84589277177045,0.8394143970605739,0.8340420577789437,0.97899849410815,0.9792181322370854,0.7177947829593395,0.6861381695981613,0.7840481230114055,0.322884509651429,0.7634811226989692,0.7878286250938851,0.7825982003877778,0.7833387501240827,0.7377840509136682,0.7270176689869537,0.7056876285002287,-0.28245533772106596,-0.4303760677341489,0.6411066047827293,0.8831221325904647,0.9254749321587035,0.935742357167453,0.909671913666696,0.8129335899904143,0.9053645812750368,0.9270336120966337,0.926667380173617,0.7559435009374111,-0.12817343447523105],[0.9691224694882018,0.9817257273852072,0.9899389143192293,0.9713843060426599,0.984467241400095,0.9909958941971748,0.9585510654858077,0.969797989391342,1.0,0.9852542407566599,0.9435706481446137,0.9900729223145588,0.9735332032375992,0.9835921570805567,0.9784630408012079,0.9772483275252759,0.9544489904819995,0.9806964510836531,0.9791188282295723,0.9790914249487457,0.9832043770400573,0.978485564966088,0.9946425010256144,0.9912132311548566,0.9823179478224578,0.9865591353977521,0.9851820837127733,0.9871450461498518,0.9892304638249304,0.9626343669512268,0.9312548012828266,0.9527204947417454,0.9690019635582062,0.9501735232233971,0.973042176665383,0.9811892486408782,0.9781059898031697,0.980492761937512,0.9881618992512964,0.9828794249812001,0.9693197791205129,0.9777370255562411,0.9738566948359444,0.9728415067692504,0.9988367936463864,0.889794129981453,0.6648560679063414,0.9344979628175022,0.921473800089729,0.7763653415247934,0.8898978752480261,0.8801988907984138,0.8934280435412327,0.9097918253411107,0.8950407131060222,0.9327721748839807,0.9475354067308296,0.9514438378697653,0.965373337371212,0.8910343683592636,0.9555718148799768,0.9346519739941211,0.9567949286578341,0.9349548910196247,0.8890111458063404,0.8913359121260161,0.9263526226436711,0.9014435739456675,0.8645481975045863,0.8516809975787268,0.9577981357146896,0.9056369468485221,0.9340871671842855,0.8942168863040619,0.7742506826072886,0.8065120954606804,0.694242974880503,0.8298379897873734,0.8536626497173545,0.8662989951589216,0.8160274711957056,0.8342922871880428,0.3063761376128983,-0.5562661115921896,0.9445533031238135,0.9327751339970343,0.9309285562024388,0.8910076654289439,0.9335999236062015,0.9438589443180265,0.9432860506749556,0.9206464612933761,0.9278961171645783,0.833575372409324,0.6645127648745104,0.9198967543370037,0.9522053861998022,0.7430922831872534,0.9063787731359131,0.9239397475289991,0.8010282924776005,0.9675371095357326,0.7463261011004377,0.4997204154046177,0.636084965775914,0.7664522982148736,0.7717690461319483,0.7531046726929949,0.9671645836254908,0.9672001039765403,0.6472188518563576,0.6441348540955083,0.679633104012939,0.3076977961776086,0.6773939867176573,0.6925610668396146,0.6734077521072305,0.6892306704842434,0.7120382170146444,0.6715147910658724,0.6519960718321067,-0.33125111830695025,-0.46536790479403445,0.6621675137947967,0.8478178834515451,0.8462797991176753,0.8714184366215134,0.8726851976442059,0.7562742119547066,0.8229669754319991,0.8524666116408095,0.8473191434608975,0.7133722484230743,-0.06892275695090729],[0.9959622429044063,0.99009815870711,0.994315031916042,0.9965299838687118,0.9984520365963749,0.9871146021973587,0.9995572791597925,0.9999850550279822,0.9852542407566599,1.0,0.9681068098295075,0.9996882554500612,0.9999818220395179,0.999846766191737,0.9999904290122468,0.999857328096671,0.997930215501412,0.9993571677632526,0.9998387109276232,0.9998377135186024,0.9999679128219662,0.9999828698285568,0.9938626557057848,0.9778931465782378,0.9954465653335582,0.9749484836849374,0.9955787436126392,0.986709194773948,0.979508659024714,0.9475633217438824,0.9888287708060832,0.9931466555751025,0.9890877308364853,0.9656420022565433,0.9993789739538068,0.9994585041333981,0.9994651829673097,0.9998502485771013,0.998940892582418,0.9994375969773952,0.9985586114568598,0.9986650248189872,0.9993754283313259,0.999369395304666,0.9883945483610427,0.9291341671740677,0.718081446483103,0.9428253442950651,0.923216345609873,0.7953599691673888,0.9437408068862054,0.9279752178550272,0.9473210870606189,0.9499638727451327,0.9421130834850052,0.9776790528027646,0.9772691046691986,0.9903166915486452,0.9966708766909601,0.9694382599401183,0.954578870175318,0.9702571157421255,0.9679510715891667,0.9706836340683069,0.9703708836239215,0.9416496631539895,0.9440129665531569,0.9438060837964884,0.9434198439308029,0.8999601363588343,0.9610645748268376,0.9612528931278532,0.9671967453393191,0.9660834616746934,0.9220338336273624,0.8302768876459036,0.7817589099732214,0.8474480561288185,0.893926952922834,0.8785903455075074,0.8857242698030552,0.8847176262336431,0.6571229814857483,-0.6229461114033878,0.9566641843306611,0.9352862143900281,0.9355298935949575,0.9707180937104183,0.9474404838209669,0.9635500549206781,0.9630746684403401,0.9221624649388817,0.9656773322452512,0.926171802755785,0.6585741673825078,0.927895020016897,0.9499223212921013,0.7341530689325293,0.9132041865175093,0.9364886578030803,0.8172099872134504,0.970761285629302,0.8893793471359998,0.4995546645926889,0.6626954675712023,0.8780693517240366,0.8379799129918732,0.8811153799465783,0.9789433795040802,0.9791781605596616,0.7157414689905451,0.6831978448497589,0.7543803445914038,0.3207950184053149,0.6980253498056485,0.7597667922176597,0.7384063320656756,0.71890401555826,0.73531050217434,0.7238874117950218,0.7025117673376392,-0.5139082571502656,-0.5937256334140066,0.6406678125911347,0.8819597912461212,0.924433749984847,0.9377833611667804,0.9086941240545495,0.808248548628822,0.8960153960531715,0.9176491013808734,0.9170139718092922,0.8063426913545554,0.10155474926792168],[0.9804657111797562,0.9714317678152583,0.9574079135935566,0.980115030463117,0.974328098273915,0.9623080929875587,0.9742320600347796,0.9687596782421639,0.9435706481446137,0.9681068098295075,1.0,0.9574723086123595,0.9691283460725524,0.9681242720069118,0.9688711950188118,0.9695520119851067,0.9650909423603844,0.9761193110979867,0.9728301454192592,0.9728448444165462,0.9689216605508797,0.968989237827737,0.9673663344562532,0.9550239754466,0.9751878016985749,0.9557054597699014,0.9732018766440991,0.9144502323001397,0.9707282241795271,0.9552111693775738,0.9781564648971683,0.972729684936097,0.9727892281624614,0.9416527417451179,0.9764447956026401,0.9760456013507677,0.9764499241648646,0.9693773335353641,0.9642434200325013,0.9754892710893484,0.9786235280862381,0.9786171846831684,0.9766087187467105,0.9766261212814104,0.9567867901077561,0.854172764099651,0.5408317176171593,0.8278759977771554,0.9056727705908383,0.880221881074197,0.9066610351677747,0.8445712103931063,0.9109009930257976,0.9221121272235916,0.9081776198562737,0.9390482636993679,0.9389133618203409,0.9472529952789464,0.971629268037055,0.9473684518270313,0.940235769141828,0.9563493579528138,0.9509002503432344,0.9549561085526707,0.954973088805692,0.9136734953917045,0.9550180133904379,0.94259250691913,0.942278469856196,0.8709513190806211,0.9402983905379018,0.9473288926558574,0.941443371679992,0.9403986099264114,0.8928621334068592,0.83861674395999,0.7988761629527545,0.8778566798521817,0.9237009964715274,0.8986533891338636,0.9112652857000242,0.9106569792582613,0.742929146269544,-0.31975517708620166,0.9553814518140135,0.9575768286953378,0.94897393382867,0.9489638107052123,0.9349132176343237,0.9565556430978911,0.9565238025443823,0.9053990149765948,0.9583663028539432,0.9096563883109545,0.7475766776097754,0.7433242479205805,0.8787127222973417,0.6648285256081087,0.8684382401462604,0.9010113783047388,0.8837784539106066,0.9545851164995133,0.9092717597224742,0.37837518431175415,0.6638975251419659,0.9017695865640929,0.8815807324378386,0.9087763752305035,0.954794606570384,0.9550892500309295,0.5552759879996776,0.7199949769141872,0.6300863440085769,0.5039147288888491,0.5909133326270718,0.6436206307132654,0.60552420906014,0.5789782444017207,0.8202929711104875,0.6982298147734436,0.6634363307682684,-0.29601409124095807,-0.34937991033345267,0.7558512382041502,0.9180686498574357,0.9249445476106978,0.9154936811635477,0.9420379399675046,0.6775696905249713,0.8509020398519174,0.9120974318322259,0.9111678105878314,0.6960679229528738,-0.16281974112333875],[0.993103911658693,0.9922228298985748,0.9971026702592125,0.9943358719310613,0.9978777891229718,0.9796402346408619,0.9994853019744063,0.9996891404565249,0.9900729223145588,0.9996882554500612,0.9574723086123595,1.0,0.9997126986742574,0.9996937746600498,0.9997015075220549,0.9996515698113244,0.9986765146291497,0.9992212216364609,0.9999608433691631,0.999960382962735,0.9997004139530309,0.9997073662919845,0.9912201142751804,0.9628232576526795,0.9922566665884592,0.9807896470806888,0.9932730840945949,0.9903945143398243,0.9740284035035324,0.9082896887295092,0.9892628255165877,0.992857978697353,0.9753763992546537,0.9084479225880708,0.9992425223795101,0.9993032629791448,0.999247863744495,0.9994925464779523,0.9994688365205243,0.9992704271171039,0.9975630646753769,0.9980704960252668,0.999219575218942,0.9992148968056045,0.9899604156438855,0.92336642693112,0.5580050538493434,0.9389636982729063,0.9224594040495069,0.7990311417563427,0.8607284550903842,0.9002514543307546,0.8656384195967779,0.8822418478059132,0.8581488901019022,0.9529224663083855,0.9528496309456647,0.9770179658341039,0.9938549779301645,0.9564857841314127,0.9583342699776242,0.9492326297937096,0.9510690769044233,0.9531165394691077,0.9529362898312195,0.9078841999090964,0.9192401399799656,0.8837356375030365,0.8835695374043051,0.7810053084625126,0.9532655927182399,0.9562489886953082,0.9563933956090455,0.9557581308063202,0.9102348524423747,0.6461731695393105,0.5883668011362538,0.731175520091952,0.8225918810402526,0.7581696447309009,0.7917028571664981,0.7905670340745834,0.5856480831651141,-0.38505170340717054,0.9304122047310092,0.9389837947939412,0.9301389932655979,0.9577305397344963,0.9273287903943197,0.9355988969970366,0.9345270676217394,0.8739538114908241,0.9393571288849054,0.8802595233459122,0.5686301571246479,0.9248775112225467,0.9188526296038444,0.3816481926549862,0.7289125610378733,0.8022722311465919,0.6756587210537571,0.9740708241253601,0.6830151446601264,-0.20455232794303838,0.21083713379393637,0.6567462668234989,0.6603593068668222,0.7013004053681332,0.9752827657987655,0.9752995242761859,0.018501723048636953,0.2515240055573377,0.10165458997642612,0.0669189129790025,0.09422713410067123,0.11292890735697785,0.07943405895122738,0.02826065118764776,0.45419834674630977,0.18286454995048815,0.12978635713414371,-0.5135651573184518,-0.5518065458452637,0.6406942431513034,0.7457133225520665,0.7701767046654305,0.8309272249842267,0.8267041167369457,0.5350496100479237,0.7325986567171705,0.7653077518202742,0.7637599147043943,0.412752908961515,0.23578276655801894],[0.9957816441429257,0.9902728788363997,0.9909989386672181,0.9962573526333269,0.9984312596912582,0.9873683926891663,0.9982419628759336,0.999996957238004,0.9735332032375992,0.9999818220395179,0.9691283460725524,0.9997126986742574,1.0,0.9996607726200871,0.9999976671753837,0.9998461072837224,0.9937777112551819,0.9994119756780737,0.9999062823530588,0.9999060371300486,0.9999672188976002,0.9999951949499843,0.990867992539762,0.97621194269015,0.992835071862465,0.9449394785217186,0.9933772635217587,0.9869093851618674,0.9749120676601026,0.9462658064760389,0.9890774596263061,0.9940810108332044,0.9920557516041176,0.9700492887218081,0.9994844451320003,0.9995607265745501,0.999667882245579,0.9997085531528663,0.9990109262663445,0.999494392375806,0.9985367306696333,0.9987267276491651,0.9995548632219329,0.9994204017830669,0.9836357291410759,0.9293599595516217,0.7181801547720391,0.9429487451211244,0.9236223650875547,0.7962286982870769,0.9564415560824118,0.9377917985605156,0.9582014311351769,0.9528200930354832,0.9452092600579791,0.9799686107750745,0.9774095494187643,0.9903668454625849,0.9972689751109253,0.9389988519863732,0.9543683544763305,0.964053894905279,0.9679884053448776,0.9662025072654261,0.9425637371120134,0.8883807863852793,0.9449344617703104,0.9507815365661793,0.9297098068219813,0.8717752601393087,0.9608002615866552,0.9282189304872751,0.9591545669659629,0.939708680724258,0.7413973920887387,0.8313716314925912,0.7611887659499864,0.8487309536758078,0.8731060358516199,0.8800767657016779,0.859488675347648,0.8691199258269265,0.2706188682195906,-0.6084629657466303,0.956901567510274,0.9356087523896042,0.9356761903949514,0.9442376433099771,0.952580424177672,0.9641649065287495,0.9642006865794256,0.9213527793731938,0.9576630967217855,0.8220786840882334,0.6602541403048752,0.9274905182148717,0.9360338269945336,0.756734241325492,0.925371689046185,0.945088754616702,0.8183319220674032,0.9717463145673011,0.8355430875453208,0.5999766123144268,0.6935602571157515,0.846367314163638,0.8399471894709065,0.8344792076401971,0.9789175723257219,0.9791370346430095,0.7184527651631403,0.6867388479259101,0.7846317010657827,0.32370199023237783,0.7641687704871413,0.7885117732477768,0.7831879149303766,0.7840487845863732,0.7381788541656854,0.7274777984845385,0.7061735066862164,-0.2814488056141315,-0.4294687011905997,0.64166132757735,0.8836394984393012,0.9259037007442863,0.9362566084845974,0.9101304377984631,0.8134925233542757,0.9059247689716503,0.9275814269343211,0.9272022892198502,0.7566169944813507,-0.12921788303459125],[0.995052129978598,0.9901237689646954,0.992922913528833,0.9957321631500808,0.9982614175598162,0.9886906455655762,0.999102810883695,0.9996770007815858,0.9835921570805567,0.999846766191737,0.9681242720069118,0.9996937746600498,0.9996607726200871,1.0,0.9996975817411394,0.9995464395110324,0.998030041530865,0.9989894864875738,0.9995015768935581,0.9994942776338713,0.9996802257027004,0.9996533469186023,0.9928707752434707,0.9779241311692505,0.9960691544635145,0.971577606910965,0.9959597526461647,0.9867762741331085,0.9777331458501709,0.9487709572074124,0.9881667804811622,0.9920527935150781,0.9910842048851127,0.9677169938538457,0.9987916495505198,0.9991074534361821,0.9992867976185179,0.9999186042797052,0.9989635562323528,0.9990992969724954,0.9976608544667099,0.9980670655580545,0.9987870887435776,0.9987152408962613,0.9877093366057722,0.9293071892816892,0.7138212330747865,0.9430347794366595,0.9235279059330533,0.7955796350050641,0.9518913373635522,0.9311056704156855,0.9530490702855995,0.9493350848127707,0.9410754269817553,0.9764297146591681,0.9752833612938665,0.9879140383077268,0.9957483181628178,0.9615674079776336,0.9540930484168434,0.964397419307294,0.9674504830509708,0.9661026240562622,0.96541009087408,0.8925143629208047,0.9423365299467832,0.9493233840052041,0.9490199701929944,0.8704203467336175,0.9611909530105038,0.939533749176757,0.9610303459073175,0.9597476454146535,0.7462034301694218,0.8286783999574716,0.7897111495174178,0.8466800799659931,0.8746249393962421,0.879434049443184,0.8678932256385036,0.8683023744939392,0.256619727862588,-0.6028455453573502,0.9562280601780798,0.9353409017778306,0.934756371344398,0.9641999944279965,0.9521876982705669,0.9631572470147687,0.9631443905709539,0.9215228831604444,0.9580568189280005,0.8286806209925799,0.6606531973640378,0.9279531392856034,0.9369500064235468,0.7545274245311199,0.9237262864077558,0.9436829133797511,0.8192155698614123,0.9742633795062045,0.8302461419016774,0.5913916471938526,0.6890074744179382,0.8375943725147644,0.8346266265381982,0.8266115883705735,0.9806902761547122,0.9808722082036059,0.7094635381299251,0.681564585928169,0.764719033555234,0.3234283439590842,0.754316135572638,0.7772875814313717,0.7536591473803111,0.7730912216928822,0.7360149772774611,0.7176245652221424,0.6965826338149508,-0.2879196308471097,-0.4343635325594672,0.6412708894792648,0.8813824570094311,0.92706361514283,0.9315481062314731,0.9092396059516026,0.8056974553666394,0.899710029969765,0.9203388841383973,0.9206682467275623,0.7499613313035743,-0.12753514991779247],[0.9956988685234105,0.9901686881001879,0.9911705871481961,0.9961911888987589,0.9984255615160988,0.9875156838866349,0.9990836770156587,0.9999979973160908,0.9784630408012079,0.9999904290122468,0.9688711950188118,0.9997015075220549,0.9999976671753837,0.9996975817411394,1.0,0.9998532739059462,0.9970299389656481,0.9993837044535824,0.9998992703206204,0.9998984811287598,0.999961282116429,0.9999927786530062,0.9910076853209716,0.9764082573931292,0.9946180422437885,0.9595864261991762,0.9944463195371218,0.9868427242737929,0.9751332067687584,0.9464427351998324,0.9915330791161686,0.9943731419655855,0.9919234217272834,0.9698070672954379,0.9994561971557945,0.999521532695288,0.9996444257112221,0.9997248263944807,0.9989685899248141,0.9994606022829237,0.9984952604429908,0.9986702298467379,0.9995235753236963,0.9993920190220479,0.9838283244846359,0.9291609757786582,0.7175123867221007,0.9430157389681428,0.9235565010593172,0.7956551328528725,0.9561977179973863,0.9375373070074798,0.9579853438337739,0.9524030562417735,0.9447307471517745,0.9797619580466839,0.9771746593062999,0.9902004768786457,0.9971704105203757,0.9390127353159248,0.9543097551217488,0.9639414967954243,0.9679223404217692,0.9660795790442603,0.9420544500640563,0.888440891533023,0.9445343448717283,0.9504301029839853,0.9295098280245672,0.8714871848701774,0.9608701635482384,0.9283824119660937,0.9591520797738979,0.9397599526018299,0.7416744394958875,0.8308559407927506,0.7609210947858287,0.8482769108196943,0.8729417914513109,0.8797978621361324,0.8592377130369591,0.8688709715628989,0.2706606682386355,-0.6082473688247717,0.956762527791935,0.9354332191214155,0.9355311437932503,0.9423396201813646,0.9525367422913829,0.9640207836871588,0.9640517341019242,0.92134260242508,0.957527252021861,0.8221361365651009,0.6601297060977386,0.9279106091594872,0.9364369062656085,0.7564769486784245,0.9252221874440637,0.9449610458986537,0.8180595814181089,0.971931452581295,0.8351390672195417,0.5987933507031559,0.6927659872446924,0.8459295262781743,0.839564265602873,0.8340877259635843,0.9790479246497138,0.9792642357456516,0.7173527699261304,0.6857548610134245,0.784044892131973,0.32317894456787716,0.7634699462473352,0.7877606494865206,0.782781359682051,0.783247976296826,0.7376920688371044,0.7262227863351616,0.7049276089524267,-0.2822524241284306,-0.43016936983517157,0.6414180235508584,0.8830454061409566,0.9256221323943868,0.9358078501186051,0.9097301758494915,0.8127419590782954,0.9055971681748183,0.9270947226611065,0.9268449054747256,0.7560637936936927,-0.12847597736127314],[0.9964683652530382,0.9909976052508638,0.9909753512361419,0.9969415665841299,0.998735875895415,0.988047245191603,0.9993247808534222,0.9998280235615892,0.9772483275252759,0.999857328096671,0.9695520119851067,0.9996515698113244,0.9998461072837224,0.9995464395110324,0.9998532739059462,1.0,0.997557460363488,0.9996024753679887,0.9998154235177137,0.9998174467431148,0.9998821948980149,0.9998663951783435,0.9910570239618172,0.9764880054375428,0.9931748183131752,0.9503460648808831,0.9930734463474034,0.9889655974645897,0.9743638493166197,0.9464895719870808,0.992118783653101,0.9938293324449337,0.9926266691551622,0.9717449891131923,0.9994690782046367,0.9995467570441221,0.9996817075662444,0.9996322704808455,0.9988390872553357,0.9995117381133688,0.9986757100415986,0.9990196517735083,0.9995626857673033,0.9994165417123032,0.9834050366171091,0.9228700476038644,0.7177527827011716,0.9410751004258477,0.9233119070542343,0.7947843959163038,0.9570790032523842,0.9394473632881524,0.9588464102982319,0.9534650249524982,0.9457604941136302,0.9805574701632473,0.9776086391511094,0.9906222736683774,0.996835588389635,0.9421701427167066,0.9567242193937033,0.9666168253493773,0.9698585804552332,0.9686012206981351,0.944751511802696,0.892115351269967,0.9473795214084643,0.9533642769341026,0.9328661874120986,0.8763798408684822,0.9627166798298108,0.9313393094930398,0.9616510657687495,0.9428284490697839,0.7466563840657078,0.8344002220328105,0.7644649643696713,0.8512633639287727,0.8756797606314168,0.8816767465067055,0.8614539655508524,0.8716611575198728,0.276239050978801,-0.6063031983851059,0.9588676989853576,0.9386070476577699,0.9385085025179154,0.946701281791325,0.9548838513506646,0.9659435626671133,0.9660365413224259,0.924497757449024,0.9603632743233539,0.8269139692174294,0.6648679601190879,0.927926480108625,0.9341095709673174,0.7596595231140938,0.9272495590004982,0.9462763716292331,0.8159323093527641,0.969294380403568,0.8349261975826587,0.6013560229037292,0.6931633498051715,0.8450756210041147,0