var element=document.getElementById("correlationAdjClose");if(element.style.display!='none'){var correlationAdjClose={"data":[{"type":"heatmap","z":[[1.0,0.9999933145098434,0.9853623247984434,0.9999263281063394,0.9990820282883753,0.9857265954005001,0.9978550588830342,0.995981069817749,0.9691931231911868,0.9963105258826186,0.9943693450331407,0.9939170570012389,0.9961029689131524,0.9961358316256046,0.9960276563469844,0.9975951119724612,0.9978512335819724,0.9983613790062403,0.9966361950768118,0.9966465494098624,0.9967033342507241,0.9960582512579069,0.9871261752748344,0.9711136655498568,0.9896403124031826,0.9561283958905079,0.9886190702493517,0.9872874781458566,0.967369194634563,0.9510344660135416,0.9930074480656378,0.9941172029106754,0.992225521005939,0.9765883800666785,0.997760009488487,0.997997130765815,0.9975119069713407,0.9961580641048018,0.9957829880723003,0.9978842344882104,0.9987616747784813,0.9988081050752762,0.9977163063800112,0.9977253232645911,0.9767347337366706,0.9132349249370888,0.9485555656984771,0.9183231560102381,0.9193599391523879,0.8997076012372671,0.9634328678840682,0.9473614016171786,0.9650919338975623,0.9653920111914067,0.9555521264727745,0.9844953961881214,0.9815265734966159,0.9904023933361664,0.9944943709683858,0.9864706991279095,0.9820713816410926,0.9880255831356491,0.9861016268554842,0.9885877140967857,0.9883919638313075,0.9651156598684476,0.9737872745746857,0.975244011526807,0.9749184813978318,0.9521757590772976,0.9800541506894922,0.9773842653737963,0.9846840726326305,0.9839441164193508,0.942249413410036,0.8843885460173581,0.8511963131171749,0.9006955375578943,0.9194085016202135,0.9163497917864515,0.9173608340956023,0.9160135655899464,0.6844360822929499,-0.5623791105642647,0.9805208346468745,0.975475672665499,0.9721455733204103,0.98720298325136,0.9745106294849584,0.9843652712505194,0.9843322145272988,0.9496345311609006,0.9844788906241531,0.9527810238370777,0.7597330532340681,0.9009013384176797,0.9263753361596261,0.7924855861618675,0.9492827196369519,0.95009138358423,0.899423561326571,0.964179622685889,0.8962229869719542,0.6101207174565816,0.7199235572886088,0.9030578875831751,0.8699756746630753,0.8940959551992478,0.9734603611543146,0.9736397343674117,0.7810460016974717,0.7315023917205652,0.8251070502939867,0.40670660384691487,0.8013706690886485,0.8293971387832663,0.8246587983704539,0.8156862575013526,0.7753569789317576,0.7501454252571511,0.732562351127028,-0.267707161875662,-0.40671729276707574,0.6619493935024784,0.8941884103533378,0.9371070674900958,0.9439364476711342,0.9111527093350019,0.827033473403014,0.9111379348295341,0.9304803202728773,0.9303545419568806,0.8647936385032068,-0.17760854846262275],[0.9999933145098434,1.0,0.9872470125891702,0.9998216103231887,0.9981527270570265,0.9900852325298136,0.9944120324778115,0.9912998924706886,0.9839524850222525,0.9913198261368006,0.9913258132088084,0.9931826775695181,0.9914656869830673,0.9913203073159773,0.9913855477146184,0.9937174025643256,0.9964726099601405,0.9961005637452711,0.9939468826441006,0.9939471151600625,0.9913792816819122,0.9914261712207271,0.9911947761999342,0.9719419682420392,0.9880275651039848,0.9808604181568569,0.9878909417289724,0.987184536153076,0.9794422822086947,0.9290685379845717,0.9885179186528428,0.9859522476103509,0.9789686080201381,0.9274265712719119,0.9955604329887136,0.9954458110620767,0.995688438353946,0.9919459373273043,0.9951442043245422,0.995691316343896,0.9970315734746209,0.9971631502825226,0.995670953110421,0.9956779174580875,0.9892128878737393,0.9129273037447841,0.884839812595268,0.917977878572549,0.919241438797149,0.8996820086096822,0.8745344564509921,0.9197462774608501,0.8774447367370655,0.9059999844886762,0.8739911700583893,0.9536631608375974,0.9536259943741946,0.966566176666045,0.9840027649740275,0.9810361340523215,0.9837195655133788,0.9791946796629079,0.9791685590896205,0.9811870678614141,0.9811154893805918,0.9495101999761956,0.9590676517919123,0.9345865707754403,0.9345142380422732,0.8610287607981206,0.977394537044659,0.9790956741391206,0.9792927638063121,0.9788776123768017,0.9492400937423684,0.7449751713114504,0.6984127596090157,0.8152667501540595,0.8852219619756357,0.8336059382991374,0.8600900658233478,0.8587232541821533,0.7001644241383788,-0.2324933410380267,0.9679851172180819,0.9726582311894907,0.9677901604938336,0.9816792646679744,0.9658164669481558,0.9713512404522328,0.9706906187627743,0.9268385154990213,0.9734417471096161,0.9305318092388646,0.6656815777793799,0.9002604931398784,0.8978322368339121,0.45104676972780855,0.8117159056164313,0.8168188343783428,0.7304125599284246,0.9652786222225753,0.7028054648285165,-0.28042962941158295,0.20172674305156565,0.730525563566325,0.678397047115705,0.7228196798102338,0.9668201901057837,0.9667596546196157,0.10524195293656002,0.2759706468374078,0.11151288302758629,0.08364356703445841,0.10545399779655831,0.12063878064271466,0.11760757710711564,0.039579278029888934,0.47526937805628433,0.2069445072549264,0.15628377107739674,-0.44180036425318614,-0.4848790146818338,0.6622687860536117,0.7512143974033049,0.7755129864300089,0.8351291555173702,0.8222327823630555,0.564660884691963,0.7484223639408233,0.7699817471368987,0.7687468683052113,0.4201618685796366,0.19578660175157966],[0.9853623247984434,0.9872470125891702,1.0,0.9867888965209451,0.9930885629798684,0.9912739690519513,0.9901238191046009,0.9907328044867137,0.9904445128260746,0.9934938345785876,0.9975172315836811,0.9966163555609203,0.99060642866996,0.9928893134058979,0.990792023796147,0.9901943252949345,0.9908884877150811,0.9902920540324652,0.989434255396904,0.989408902813224,0.9923476962928297,0.9906237994179443,0.9944785536749537,0.9829542892140197,0.9912569295295452,0.9800161859358587,0.991781705617288,0.986221874487326,0.9853574603799499,0.9565554848759948,0.9701698593588862,0.9742642622570621,0.9761984551901378,0.9515912284464592,0.9874059106823064,0.9904939746284769,0.9888639407560463,0.9924506851580788,0.9948285573286828,0.9912706359032134,0.9852320622284563,0.9879720153605939,0.9877313801429846,0.9871071694510344,0.9917794248459378,0.9087152879059242,0.9314835236768332,0.9333930544587473,0.911848269338832,0.8517294894141981,0.921737392685191,0.9021137383711979,0.9242818825679519,0.9257818966011552,0.9115989459527232,0.9498333881209937,0.9579986684583374,0.9666325107946951,0.9783554026913794,0.9375674043687645,0.9616199769325918,0.9609828173840874,0.9678806711661158,0.9612739428600119,0.9355856636344485,0.9173860250373089,0.9419711723471749,0.9327656400488264,0.914366657546749,0.8872528253126599,0.9682014928230113,0.9462246027556777,0.9609411465748232,0.9397458155004834,0.8144638258461271,0.8371907170698083,0.7568883267868307,0.856370525964434,0.8873947581545376,0.8882699076399908,0.8558760327084614,0.8702141982093159,0.3792225616759867,-0.5542264656017015,0.9574406470076188,0.9422848404379052,0.9424237505922458,0.9377090702479721,0.9517593253794482,0.9603629150089809,0.9599318146104111,0.9297221927162447,0.9556474780383883,0.8696076846514281,0.7408878175308822,0.9481327821281871,0.9476060329592577,0.7656898514706088,0.9351153331844699,0.936898724660011,0.8721108252305256,0.9800304884954797,0.7768570027561524,0.5145917124269853,0.6619144664117247,0.7972808861468538,0.7962438727437845,0.7784938845092317,0.9827410286324363,0.9827917287110026,0.707647035120609,0.6745216858562978,0.7113245360423922,0.3492677171188693,0.6997385773844168,0.7130773949800858,0.7278290981458627,0.7110818761988251,0.735053259847946,0.6820167735955348,0.6631210969084169,-0.33267305751372517,-0.4713367293245027,0.6254496078738224,0.8544949767367986,0.8847242891035508,0.88930514244771,0.8827453315363085,0.7582020525167827,0.8610155212212867,0.8736171679965977,0.8811985374286821,0.7352916966727797,-0.09957741688645486],[0.9999263281063394,0.9998216103231887,0.9867888965209451,1.0,0.9993398644496959,0.9868635832637975,0.9981205789669402,0.9964326238112614,0.9714940050049706,0.9968070921843211,0.9951144724426753,0.9949154671331956,0.9965363277571487,0.9966601745888392,0.9964785043896687,0.9978875389185217,0.998198636079925,0.9986402031306686,0.9970320248823411,0.9970398209344524,0.9971265880565151,0.9964961294884435,0.9883535987426838,0.9725470581809038,0.9906462193810622,0.9588193793599534,0.9897342590815664,0.9889064034813,0.9694296636729797,0.9522629028313152,0.9923400973820078,0.9936440658333439,0.9921561412142008,0.9761213536141267,0.9978606548634009,0.9982128297383628,0.9977589475080317,0.9966465762727843,0.9962915495829681,0.9981329206824145,0.9986670534378875,0.9988995632909438,0.9978118088781677,0.9978178477155303,0.9786088458474891,0.9090875558260538,0.9463227594498725,0.918933457133214,0.9177734036362145,0.8923886748424122,0.9604386993324726,0.9439795312365736,0.9620013022848548,0.9627943686985154,0.9526556240812862,0.9823624072143157,0.9799565290849437,0.9895322046460344,0.9943255165103531,0.9849923702074174,0.9809207566451918,0.9867291363490276,0.9854821628469621,0.9872108582104665,0.9870071963550271,0.9544838436098794,0.9725070502170136,0.9737131563355276,0.9733838988553681,0.9467593493138867,0.9795920072793686,0.9744227270507619,0.983200068326146,0.9824224950494502,0.9203224037431241,0.8827899593258572,0.8471870407557374,0.8988988563651433,0.9164854311507569,0.9158190158011605,0.9148445947656623,0.9135423946964468,0.5898007613725729,-0.5619760455875209,0.9796564913550416,0.9741624017896557,0.970644978394525,0.9857274392287992,0.9737122354518243,0.9835624659951819,0.9835226560101438,0.9491616312252037,0.9829990502716842,0.9366817264091652,0.7639679549856531,0.9068425699175009,0.9305569092054298,0.7942171769029509,0.9506222256046002,0.9514600228161376,0.8989413293817609,0.9654818809875094,0.890006421928018,0.6063969723205604,0.7180930933330969,0.897488357760444,0.8662683022243253,0.8882518735206739,0.9743458251257701,0.974532254110415,0.7797878721915632,0.7316725643259708,0.8170768117619042,0.4085938849177802,0.7955276692590089,0.8210871750848768,0.816274555689088,0.8102148266993423,0.7777260053986508,0.7499609826523003,0.7324611552630514,-0.26310706522569866,-0.40598771186517435,0.6609356205211142,0.8921467613849051,0.9351210065132131,0.9420190668811785,0.9097729474139487,0.8241156109469285,0.9090116796431311,0.9280927093750834,0.9281207924154737,0.8573089927138662,-0.17038692033883282],[0.9990820282883753,0.9981527270570265,0.9930885629798684,0.9993398644496959,1.0,0.9897504148754375,0.999104144819792,0.9985091967401685,0.9840558358557059,0.9985090167761885,0.9980832267000974,0.9981227192365273,0.9985417407391025,0.998541676110099,0.9985417679369595,0.9990535835211561,0.9986570809573665,0.9992941764804232,0.9988767884260785,0.9988758730871252,0.9986045135958546,0.9985321082065198,0.9943651220282497,0.980181116137269,0.9947760192831343,0.976500558646971,0.9947345703325658,0.9916734896543952,0.9824930892928418,0.9555121671162803,0.989162316535186,0.99185100129732,0.9892222076498604,0.96760385156486,0.9989546271491961,0.9990023226943752,0.9990157751783272,0.9986219983298052,0.9986573031976915,0.9989925820956691,0.9989699306905497,0.9991963739847352,0.9989528138520902,0.9989517774880062,0.9884253794019942,0.919309052182087,0.9453957285795627,0.9314316074265906,0.9225149465831765,0.8875223788335019,0.9460441201191707,0.9368270658943213,0.9502826212833244,0.9556667336295268,0.9448770638394315,0.9792116423876721,0.9791513539704998,0.9892743574376813,0.994193716066535,0.9817205709484549,0.9755122614657921,0.9824282801652119,0.9816948877096285,0.9827756788704941,0.9825395077269927,0.9556631852677331,0.9638542356847337,0.9586367255282228,0.9582311615082647,0.9198957894691584,0.9769290233259539,0.9733704547113513,0.979315468037568,0.9784806089492359,0.9395791532509354,0.861835720976944,0.8223212868305269,0.8835837890102759,0.9208598800978803,0.9046627564683367,0.9120910573918524,0.9109377907455589,0.7398818677078876,-0.576770061745923,0.9734393259933658,0.9640583211289022,0.961420233665696,0.9826733865625187,0.9642849492912806,0.9770756857399233,0.9766865980739542,0.9404953957911587,0.9787323265266239,0.9435164111441816,0.7530557820373629,0.9228523196799375,0.9508548746446688,0.7547803360223407,0.9371819565745368,0.9387330526826473,0.8928452606386207,0.9706909302603005,0.8867415479804573,0.4482407296569928,0.6575220150561136,0.8924906568526175,0.8392879306687363,0.8876001451073268,0.97799750953039,0.9781409546860883,0.7429281982547805,0.7145222692247515,0.746864235607882,0.3859130990360357,0.6950716335856129,0.752027984210587,0.7472935875492992,0.7099352542733403,0.7637967571702161,0.7343913336710328,0.7159984453286009,-0.4728653222244276,-0.553452564266199,0.6544783229244318,0.8861818031975991,0.9206071678201342,0.9355341063069477,0.9072029934788177,0.8040552347746676,0.8957387032983023,0.91420020860475,0.9137749664539125,0.7934011163828529,0.039283346348488346],[0.9857265954005001,0.9900852325298136,0.9912739690519513,0.9868635832637975,0.9897504148754375,1.0,0.9852710493460723,0.9859817498640813,0.9920757782203651,0.9853587434685812,0.9808127131026542,0.9796930065358238,0.985868012460405,0.9863479335419902,0.9860517368449164,0.9857000139045845,0.9888807123587505,0.986929642319648,0.9867790257240253,0.9867756581457833,0.984878845009937,0.9859626071949412,0.9956864581046926,0.9930577266080924,0.9870829290915156,0.9858627662118498,0.9872445807472611,0.9767450901450488,0.9876534424965255,0.9722599521728366,0.964693958431259,0.9700457180295875,0.9781397961086687,0.965968651143793,0.9849839466096354,0.9853112078720608,0.9861361076790336,0.9866538102425522,0.9805678376096709,0.9857319520074054,0.9841467812952466,0.9858121900699345,0.9851432544262776,0.9851513283265164,0.9957704627456183,0.8670876778397398,0.9249667617430505,0.8972288342169716,0.910044563097603,0.8726289184770896,0.9203284473344402,0.9088531501910075,0.9227744380579455,0.9355452470021881,0.9184374768033717,0.9528556500470841,0.9577945243476288,0.9635130721732359,0.9735151654390684,0.9698222151685304,0.9850068187622888,0.9712830564224934,0.9832129881165482,0.9708894169250292,0.9703303461071371,0.9747105875223937,0.9665170751740877,0.9464286493684211,0.9458958131412023,0.9426194730265531,0.9814397955788429,0.9739978055879982,0.971052597740861,0.9696465005154884,0.9603558439656393,0.8832042183153141,0.8361823268170454,0.9012303772587814,0.9121579687995363,0.9212270345954322,0.9025020414209546,0.9003123501727495,0.7129988113117686,-0.5151719525224762,0.9791792042891114,0.9797091444418339,0.975460876539958,0.9707756974580686,0.9710122259812944,0.9781788662005115,0.9777749300510854,0.9655483767512345,0.9675395442283167,0.9644401783148419,0.764974237289244,0.8793982879320755,0.9501284239860225,0.8009420521281584,0.9396243473441762,0.9407002920162791,0.8696046961320815,0.9593137302575352,0.8393746328007621,0.5387551518027661,0.6862630492543935,0.8487777904057756,0.8215975797412459,0.83803421686894,0.9602482419168914,0.9603318337143043,0.7362787786483959,0.7088780528527011,0.7548529293756912,0.41017689662511697,0.7435202517960761,0.7603984586544026,0.7542354303270031,0.7503172097642035,0.7608141622391941,0.7140350118079014,0.6990650240091523,-0.2913916606134307,-0.4213492628729451,0.673456527952284,0.8645747546195138,0.8823715744239712,0.8944846211348126,0.8766647408661405,0.7876712306393775,0.8550729167926473,0.8741133396170707,0.8742414103144153,0.8164564120902206,-0.13757620345353877],[0.9978550588830342,0.9944120324778115,0.9901238191046009,0.9981205789669402,0.999104144819792,0.9852710493460723,1.0,0.997432321447932,0.9576503170806063,0.9995882730420442,0.9995322388770893,0.9995473283686612,0.9983485501992654,0.9994530638479009,0.999144572358529,0.999887841535793,0.9964213906618272,0.9999026787878332,0.9993476075259525,0.999352511559258,0.999698232749977,0.9992955165209623,0.990811396814292,0.9748159529153516,0.9853818686722773,0.9259019517510505,0.9932739972246588,0.991105941383556,0.9734427052442786,0.9496200598728507,0.991625973075299,0.9917367175840299,0.9932131537223733,0.9735115623135737,0.9989617589201071,0.9998432765769545,0.9996997647615847,0.9994616492013263,0.9997461636771391,0.9998265663002952,0.9984441876204023,0.9997216625581234,0.9993587724552193,0.998998969619668,0.9812893520731597,0.9270358769310842,0.9489903517324412,0.9423251034462896,0.9316654481891038,0.8877545421658783,0.9568021820498017,0.9436274874364553,0.959072508772443,0.9598808872334678,0.9508218243573109,0.9812504233741055,0.9802656027993953,0.9914276283046631,0.9963702689852519,0.947671852301422,0.9634416820200855,0.9731469949563029,0.9738258508452853,0.9747428221443719,0.94767731645438,0.904418100884394,0.9551103761199038,0.9608509309866043,0.938768959442208,0.8940270917401295,0.9673128412598149,0.9396126954593708,0.9676154251882708,0.9480243004714309,0.7761967728560393,0.8559909314317444,0.7780335926612564,0.8712084871139597,0.890240573664605,0.8948171283728065,0.8734000139109671,0.8855330669228794,0.32992454193616694,-0.5955519475743889,0.9646559074715193,0.950067357094672,0.9488014853280015,0.949338672927966,0.9607866909669136,0.9710934009235956,0.9711360901140768,0.930462254495307,0.9676625808907665,0.8481764253073999,0.7479989880082585,0.9234030643679658,0.9301481114634633,0.7828379695880422,0.9486763882418112,0.9496888720233125,0.8959330459545081,0.9700585906059649,0.8321386494407812,0.5978466427884392,0.7099202774727144,0.8551265621404911,0.8462599057523541,0.8366582975317833,0.9781595368678212,0.9783569896896798,0.7692437195285284,0.7117412967539386,0.7821597185188607,0.38063215787665516,0.773616992768214,0.7934558826679051,0.7888864831802317,0.7909789143336453,0.7604826562942472,0.7398969262784102,0.720634978753643,-0.27871313215168836,-0.42898611399560777,0.6713663239537047,0.8894320477835499,0.9250197428055291,0.9415198524229336,0.9121829723838667,0.8240997497047111,0.9100245171933872,0.9301761134678771,0.9288998471564368,0.7757048143730744,-0.13615198649522164],[0.995981069817749,0.9912998924706886,0.9907328044867137,0.9964326238112614,0.9985091967401685,0.9859817498640813,0.997432321447932,1.0,0.9686367575401994,0.9999998205669743,0.9999992629792746,0.9997279538274702,0.9999970332195104,0.999992158769974,0.9999981280042921,0.9992799377469798,0.9909738360933525,0.9994156618220023,0.999903484655543,0.9999030815437133,0.9999625704588081,0.9999987315283428,0.991169233454864,0.9762650440836242,0.9925392983831388,0.9400601531272054,0.993776761967135,0.9891053111863507,0.9756401825855523,0.948791805802349,0.9879101581761196,0.993804233070033,0.9916897861039465,0.9702366343656216,0.9994538959407154,0.9995444031494883,0.9996556727115362,0.9997278580779738,0.9991272517193528,0.9994711105067201,0.9981401524471031,0.9987493444856436,0.9995248903639439,0.9993873994681947,0.9829033759433705,0.9268738549693877,0.9461254565029408,0.9466219121446857,0.9297035735703101,0.8759866342496827,0.9550722741000696,0.9389440582893278,0.9569652873933145,0.9539081302851562,0.9445938740770543,0.9792051003642748,0.9772041422267944,0.9903673038675509,0.9969542500816196,0.9425854228170858,0.9590109319211274,0.9665286842507107,0.9706175930604579,0.9685255548521717,0.9459022983626432,0.8962427290047567,0.950175081088779,0.9538936342728946,0.9332369903234551,0.8813892333629627,0.9644637821915653,0.9332522780482273,0.9620012893430626,0.9432920221226246,0.7628368822020049,0.8476449581364113,0.7734885788213791,0.8629376448311871,0.8828369070726686,0.8900478959798698,0.8688791963964462,0.8785484722932398,0.3118324905911607,-0.6001506062731043,0.9602971319336941,0.9430354353331055,0.9424446989151601,0.9473278631933264,0.9559411191222389,0.9668065163487815,0.9668379036955487,0.9252916930954038,0.9606140251861252,0.836455664806648,0.7447191417221237,0.9384424762741312,0.9412325627839077,0.7788713057582257,0.9483642366462862,0.9495355458610691,0.8933698327132337,0.9741777291179406,0.8352370087771575,0.5835282246559812,0.7010121565077926,0.8562396475509682,0.8431181650525861,0.8389742055291194,0.9807294078366233,0.9809313421074279,0.7600684469192183,0.7037834664680173,0.7835791730235996,0.36762875669795986,0.768434171586217,0.7889259985493107,0.7894255242361526,0.7853727328408235,0.7540288049582617,0.733965964190489,0.7141030753069111,-0.2947187037492524,-0.44396180867486174,0.656607457445922,0.8816678073866328,0.9225439248117367,0.9339066711867572,0.9062799274969183,0.8131779750788432,0.9035577547934515,0.9238772092931234,0.9228810706650797,0.7565261240479592,-0.11901553049777679],[0.9691931231911868,0.9839524850222525,0.9904445128260746,0.9714940050049706,0.9840558358557059,0.9920757782203651,0.9576503170806063,0.9686367575401994,1.0,0.9836378057009927,0.9877130989216653,0.9898040321642078,0.9723366072639945,0.9806568804584177,0.9772574122766741,0.9750620858335074,0.9489588801531343,0.9797892569323631,0.977999599674519,0.977970047769846,0.9821035697338348,0.9771405396515258,0.9940157819785876,0.9922131196487132,0.9815596270689457,0.9879626137112929,0.9845550851015176,0.9893869736476827,0.9900777486063389,0.9654002381236674,0.9285902278367506,0.950166728876384,0.9654330146863159,0.9475697902258765,0.971681283929521,0.9799701590484283,0.9767757382032499,0.9791448459841112,0.9878447646785208,0.9810803160507562,0.9675175990141867,0.9768273872960977,0.9725165320452447,0.971479692001061,0.9989061648616395,0.885179549037283,0.915287827203421,0.9361599327865393,0.9250235930862051,0.847374924791029,0.8852272929536921,0.8797504794584186,0.8889612464079243,0.9090959833741217,0.891288873907147,0.9288717597818064,0.9440165093505304,0.9497689221017279,0.9626911481693174,0.8959868175376442,0.9623632782986458,0.9393322102725347,0.9610702268343528,0.939404371346917,0.8939361247319518,0.9045757358159977,0.9345872294039111,0.9071309456946814,0.8700578978156308,0.8676999677920013,0.9623917896727787,0.9120545648521914,0.9379885229657413,0.8989751498722,0.7989647177273546,0.8288249667111158,0.7109351379757711,0.8501226277040771,0.8671187906507137,0.8807112860835031,0.8289898715351368,0.8475965981384949,0.3543554977106721,-0.5408497430051218,0.9510151828059726,0.9444654774119753,0.9410637556662478,0.8952270180729895,0.9404273409371825,0.9493320820982907,0.948733197316492,0.9312254028839709,0.9334153814849108,0.8536820267397084,0.7472569045734678,0.9298641866254942,0.9567206207889721,0.7736713693964093,0.9282648285937138,0.9299980663815735,0.8501084441049256,0.9677739412689713,0.7438754756606304,0.47863189930880756,0.6434420810528796,0.775519447005879,0.7737767975481815,0.7536813522635698,0.9672572340885663,0.9672848357823569,0.6889279708196699,0.6637883500176691,0.6771948910183242,0.35665233630031024,0.6821813431599729,0.692096483429139,0.6779242309318212,0.690121541081119,0.7283123873044597,0.6773362455647367,0.6596927664936773,-0.3398972925276659,-0.4750071960369369,0.6713533465979219,0.8407270471175304,0.8384777932134886,0.8650494382805365,0.8632450731430436,0.7522791873833575,0.8171507480681719,0.8442862237863072,0.838355887945808,0.7083264710751257,-0.05921989706530136],[0.9963105258826186,0.9913198261368006,0.9934938345785876,0.9968070921843211,0.9985090167761885,0.9853587434685812,0.9995882730420442,0.9999998205669743,0.9836378057009927,1.0,0.9999990947241768,0.9997331015839765,0.9999984904748853,0.9999908684837382,0.999997614311424,0.9996552573705257,0.9977370954861154,0.9994091621811241,0.9998742162023008,0.9998741635409224,0.9999756117809263,0.9999992605729394,0.993754463256679,0.9776953415096593,0.9958666298332922,0.9736041515746977,0.9959583384238702,0.989079627493582,0.9799299484954221,0.9499377523468785,0.9892273711944927,0.9934568262080145,0.9890139935015863,0.9664736499652548,0.9994665407358391,0.9995346956743587,0.9995458230074789,0.9998189636122635,0.9991416411534014,0.9994789548639037,0.9983260359406411,0.9987873862096075,0.999469140734939,0.999463963394516,0.9871671791201899,0.9268839372672749,0.9461631987675118,0.9464408450787277,0.9294863327334527,0.8761400412090918,0.9439256776528917,0.9313087206573762,0.9475615996152809,0.9518122227711379,0.9423555722170717,0.9775359564961922,0.9772384234597398,0.990815683149562,0.9967191371559528,0.9716243475331714,0.958909996214406,0.9724071613456149,0.9705608566966468,0.9728418659650167,0.9725670811813709,0.943425509633098,0.9500849418572075,0.9489257139937826,0.9485730787934908,0.9084484906435217,0.9643741917045581,0.9636870120084764,0.9694486810960895,0.9684263137482355,0.9262416776329288,0.8477023316815518,0.8023070905299573,0.8626898040133955,0.9036083084642432,0.8898921082258252,0.8962163881987312,0.895309075795484,0.6912746075898811,-0.6114506135101323,0.9602327870301404,0.9430474795685141,0.9424648499557318,0.9728134757557402,0.9511237921254478,0.9663739827870557,0.9659662075680554,0.9258779269794166,0.9682709050321966,0.929219524853673,0.7447365490179991,0.9380970177653287,0.9536350812833978,0.7603034203165656,0.9412916389971857,0.9426434428447615,0.8934409804297966,0.9732740390601241,0.8944431590321943,0.48496226728803804,0.6751998208497804,0.9001504422689969,0.8475698812418,0.8954612598944054,0.980682073932694,0.9809171135609339,0.760136533418001,0.7035257401126553,0.7633353753495652,0.3677626723652286,0.7130447691662734,0.7684675245791814,0.7637655794523603,0.7292988257379002,0.7537749517181827,0.7339422900607335,0.7140550502998889,-0.5188290230973088,-0.6001882381597654,0.65665672666296,0.8818280458812856,0.922283674645612,0.9372061740582872,0.906483303762593,0.8094305850039045,0.8967055575514911,0.9156408779218708,0.9150939941493504,0.8048757764630344,0.10705682432452347],[0.9943693450331407,0.9913258132088084,0.9975172315836811,0.9951144724426753,0.9980832267000974,0.9808127131026542,0.9995322388770893,0.9999992629792746,0.9877130989216653,0.9999990947241768,1.0,0.9997331421371961,0.9999962327052563,0.9999944464136211,0.9999981992015844,0.9996326843538775,0.9973063479585323,0.9991055994468191,0.9997622124068929,0.9997620257791083,0.9999983432248747,0.9999982148363493,0.9926466759037877,0.9718621674478635,0.9947896877191315,0.9812167158205666,0.9954214840723213,0.9890967852347538,0.981512080012903,0.9399844264765551,0.987682068087558,0.9925211053973086,0.9817885909611002,0.937769195027244,0.9992004602863919,0.9992609905861927,0.99919291224063,0.9998845987624219,0.999122439074284,0.9992036001927191,0.9976665497481679,0.9983151732384259,0.9991683996608982,0.9991655301529153,0.9889942867669803,0.926561922862752,0.9077660075845994,0.9463667336503394,0.9293562473230511,0.8757659078920513,0.9075345769598934,0.8944696096848452,0.9125356986889561,0.9207432593969515,0.9056878076780903,0.9680988810274906,0.9680683641847834,0.989784934036863,0.9950191451216821,0.9635482331884915,0.9590086870259367,0.9600837363004623,0.9600234832899285,0.9619536037354529,0.9616727454641631,0.9178190888149708,0.9390417046563906,0.9146220856743984,0.9141087703779893,0.8329416068390364,0.9614678974857822,0.9679326928200543,0.9638964794269292,0.9627707729654376,0.9159824991636619,0.7660985956423003,0.7217986040055674,0.8165110307253798,0.8770864694588085,0.8409982938595293,0.8589879732324802,0.8574597737918581,0.6824603455693471,-0.43701336199788066,0.9456872155356664,0.9431530351096459,0.9425335190941128,0.9648938199622064,0.9366004974774434,0.9490373807996841,0.9483243110861382,0.8930616597336827,0.9523284448740506,0.8991557587946888,0.7448835331234421,0.9384742561933069,0.9562789376753523,0.6280785028684308,0.8935867492236963,0.8966566687531273,0.8477318436546675,0.9840231819992444,0.8352495643159225,0.15133634551958652,0.5196474819487091,0.8476817774994913,0.8109088585603216,0.8415741070296454,0.9847505278580293,0.9847634168451598,0.49576356850067566,0.6063397059982031,0.5032542309357624,0.3676601188660108,0.4670314626634547,0.5160494992220696,0.5052458302232469,0.4415635972812982,0.7405023517741979,0.5840430007078213,0.5434365717869089,-0.4843356871073434,-0.5383418245490774,0.6560083555177869,0.86010595549289,0.8730180548735378,0.9021926533150453,0.8999585726284786,0.6561800030326083,0.8358818497610396,0.8647409203610475,0.8639559083886071,0.6061508226389486,0.046229816466938724],[0.9939170570012389,0.9931826775695181,0.9966163555609203,0.9949154671331956,0.9981227192365273,0.9796930065358238,0.9995473283686612,0.9997279538274702,0.9898040321642078,0.9997331015839765,0.9997331421371961,1.0,0.9997479420826929,0.9997313217579914,0.9997387774718686,0.9996320481713766,0.9979477957133236,0.9993191779242764,0.9999658336045222,0.9999655136408188,0.999737717363431,0.9997441545917706,0.9918578133192638,0.9669451973215306,0.9932737923252039,0.981227830124592,0.9941533663845007,0.992119654269178,0.9765385053038479,0.9167134024680795,0.9902602714878049,0.993459476185698,0.9765662532253455,0.9147497533998395,0.9993271394533494,0.9993823985341294,0.9993368651439672,0.9995294342156884,0.9995544070293556,0.9993558838867811,0.9974677923327012,0.9983233027710648,0.9993124564674227,0.9993089057802602,0.9900016680384427,0.9214402272715587,0.8919307476938141,0.9431911496206317,0.9288809333302859,0.8758622312931114,0.8665701814416951,0.907435638263574,0.8708406828645437,0.891798049397161,0.8643901540630823,0.954002487425155,0.9539770100256655,0.9795067409401501,0.9940680629951272,0.9621390293016964,0.9636183059447851,0.955606243144411,0.9574912116848571,0.9589502413746884,0.9587930750260656,0.9177318113880844,0.9299256129719791,0.8995016887568729,0.8993666601242007,0.8127248739859947,0.9594975277147344,0.9620775157150263,0.9621980476872254,0.9616413166104291,0.9217474937624168,0.6986901036342221,0.6486020318384882,0.7706737884234208,0.8480058461210208,0.7935529269146081,0.8216717652979282,0.820681087094651,0.6481085568359901,-0.3486993047089386,0.9393468694731729,0.9464375816163965,0.9391267477957467,0.963195848270564,0.9367199187682048,0.9437930770590852,0.942889559871062,0.8893077493965751,0.9469308070026929,0.8942893961646848,0.6843468913003816,0.9354935957725325,0.9297199379577806,0.46719917517235576,0.8249698467964969,0.8303639789063226,0.7302867249999917,0.9765943457758398,0.705809461672073,-0.22234625064159633,0.24297831010530568,0.7302832379071639,0.6842018904352024,0.7236383713691509,0.9777821091347724,0.9778524977958787,0.15500048215207493,0.3116074581982535,0.15974054601837445,0.13172076073805924,0.15202460563971001,0.1694127924942632,0.16705591613723902,0.08371220572053571,0.5069836339926012,0.23835512795817648,0.18563839702150237,-0.5076830716144821,-0.549874234227779,0.6567355353653821,0.7501769932242163,0.7744355907521974,0.836547942059583,0.8258649661263872,0.552290873088694,0.745238430363909,0.7691689128940815,0.7680149441546524,0.4194568453699544,0.2403776975448861],[0.9961029689131524,0.9914656869830673,0.99060642866996,0.9965363277571487,0.9985417407391025,0.985868012460405,0.9983485501992654,0.9999970332195104,0.9723366072639945,0.9999984904748853,0.9999962327052563,0.9997479420826929,1.0,0.9999906581895348,0.99999767095001,0.999331523046032,0.9927250456905181,0.9994585648780646,0.9999129039250844,0.9999127088023722,0.9999697900138562,0.9999989348282976,0.991066233581142,0.9761025818105493,0.9932020414116612,0.9449962482177816,0.9937316055348393,0.9892398595288441,0.9754544664078088,0.9487689247834524,0.9888141381467148,0.9938792413115279,0.9917822527313037,0.9703910643839632,0.9994966022741304,0.9995855594106535,0.9996872109438096,0.9997284975841764,0.9991953988647186,0.9995140223601326,0.9982293417663137,0.9988211301984042,0.9995681543959353,0.9994309993935985,0.9826837933767021,0.9271730998620676,0.9463163324088238,0.9465789727054339,0.9299026247084999,0.8767520721682975,0.9554271162190475,0.9393550739396277,0.95732568386855,0.9542767440702066,0.9450068614892275,0.9794613223962203,0.9774016524037126,0.9905112776258954,0.9970284842955931,0.9428831261507966,0.959129614092931,0.9667907060407229,0.9707290710326755,0.9687843926458131,0.9461510323927784,0.8963432478883249,0.9504051156861409,0.9542826007468908,0.9336546283275501,0.8817357891786988,0.9645265330509105,0.9334486204893396,0.9622050816073364,0.9435697674298388,0.7628723291126571,0.8480471860818726,0.7740070534107124,0.8633201430144728,0.8831300052462151,0.8902545627571417,0.8692561116001737,0.8789310032776891,0.3120730906948869,-0.6001284223673641,0.9604674832010383,0.9433083143813584,0.9426813816246791,0.9475642200280021,0.9561267627031678,0.9669903255725747,0.9670235445967079,0.9254105620820732,0.9608961320881823,0.8366035230825078,0.7448494891481074,0.9377631458173349,0.9407182584249274,0.7790104807082644,0.9483955875301704,0.9495581646361195,0.8937094958035046,0.974023761337107,0.8357085149867367,0.5845888868628207,0.7016804912292032,0.8567017462433091,0.8436490869965433,0.8394419562629614,0.9806573210990727,0.9808590960707352,0.7607007794062944,0.7043419967208162,0.7841757577255649,0.3683647217357402,0.7691129554023546,0.7896131154993646,0.7900327461450583,0.7860823085899861,0.7543970475075168,0.7344191148141153,0.7145776565197207,-0.2937509684095393,-0.44309628256751543,0.6571013098618613,0.8821875865989453,0.9229946588475709,0.9344342617570643,0.9067488366323297,0.8137436523132094,0.904131740837697,0.9244428240380616,0.9234350102425188,0.7572057212606117,-0.12004561332407458],[0.9961358316256046,0.9913203073159773,0.9928893134058979,0.9966601745888392,0.998541676110099,0.9863479335419902,0.9994530638479009,0.999992158769974,0.9806568804584177,0.9999908684837382,0.9999944464136211,0.9997313217579914,0.9999906581895348,1.0,0.9999946657547393,0.9995322546713925,0.9976610558487143,0.9994130461827803,0.9998968590072957,0.9998957921048609,0.9999505396267389,0.9999907819705808,0.9930651820905676,0.9765155442729808,0.9955850025698508,0.9676095166430865,0.9953578578548605,0.9890425207710625,0.9757665070243444,0.9489306627011639,0.988933969821508,0.9938310818229728,0.9909954771077641,0.9698506038565173,0.9994661485772467,0.9995367196617834,0.9996018695916584,0.9998795264328547,0.9991532591392911,0.9994601745041678,0.9980580407712154,0.9987374302851113,0.9994828108581193,0.9994753963950515,0.9851567424906745,0.9270453620965537,0.9460494701013922,0.94630322968212,0.9293195629001075,0.8760565571807603,0.9491664346284765,0.9309622655954206,0.9513361301818783,0.9536117776929214,0.9442825719091381,0.9776273426728788,0.9770576711415867,0.9897064046501174,0.9970270218597884,0.9717845046745763,0.9586744005895408,0.9723736516907583,0.9705596542773506,0.9733699332325533,0.9730817181014771,0.951987905455126,0.9497687847269979,0.9532459687724545,0.9528748587289365,0.9248794703810344,0.9644078034856313,0.966550815837468,0.9710645213785556,0.9699029549984576,0.9356503663748209,0.847345379649454,0.8099531886064666,0.8624164330353372,0.8946254593379384,0.8897956102816228,0.8908066268141906,0.889574837092078,0.668900423688507,-0.6005068276619714,0.9602465986832925,0.9429398102066752,0.9422042689101987,0.9729805739924899,0.9559845208005028,0.9667697117138214,0.9668579252205249,0.925309569062472,0.9672886678359001,0.9373981573356929,0.7445526695425491,0.9377767923901424,0.9467054195022147,0.7779224762807715,0.9482063601510466,0.9493006481044325,0.8933133927457265,0.9743906150006306,0.8837816479396049,0.583904053547155,0.7005345825435385,0.8913607714929299,0.8558238769934078,0.8819364333741285,0.9809516836473372,0.981183633778195,0.7592095132223388,0.7029312142217444,0.7996340672753651,0.36770509010642355,0.7728754447892306,0.8042536492324664,0.7987921059692273,0.7842542253098106,0.7538402878416155,0.7325780777280063,0.7127314021315041,-0.3861309794842871,-0.5067968139375215,0.655863860607211,0.8818303487068578,0.9197010505295374,0.929795075326107,0.906832087712305,0.8123265984646899,0.8906887160409099,0.912547409208732,0.9121301969572156,0.8427410960198248,-0.08714897053401295],[0.9960276563469844,0.9913855477146184,0.990792023796147,0.9964785043896687,0.9985417679369595,0.9860517368449164,0.999144572358529,0.9999981280042921,0.9772574122766741,0.999997614311424,0.9999981992015844,0.9997387774718686,0.99999767095001,0.9999946657547393,1.0,0.9994265826638228,0.9968891402951046,0.999432680602065,0.9999066117589052,0.9999058998418281,0.9999637920729887,0.9999975024729205,0.9912137423948508,0.9763294107537267,0.9949336391495193,0.958960162352391,0.9947399025846152,0.9891891363553574,0.9756944943242416,0.948967031577843,0.9912695573774317,0.9941525665266857,0.9916354220297668,0.9701394620174331,0.9994663628581152,0.9995462621559048,0.9996634531101989,0.9997441345779153,0.9991581438533762,0.9994688302416432,0.9981666932790894,0.9987668475217355,0.9995355250303015,0.9994008995468205,0.9829012239430275,0.9269541799653461,0.9461457410322883,0.9466178238251425,0.929828976250506,0.87631390580787,0.9551563713527613,0.9390853571287016,0.957082439288806,0.9538568214166301,0.9445105991907801,0.9792337817528377,0.9771486171887278,0.990337210467428,0.9969182073200344,0.9428946844763244,0.9591050993928393,0.966702956573863,0.9706949225835273,0.9686849176403186,0.9456981077384511,0.8964671262872331,0.9500711334220053,0.95396004081276,0.9334594941885539,0.8815254200270973,0.9646144370778766,0.9336150472661475,0.9622137986533986,0.9436165843021502,0.763199055991305,0.8476286452634095,0.773760960410526,0.8629652748959137,0.8830131424597549,0.8900475217736391,0.8690374058295645,0.8787235301542476,0.3121960628944539,-0.599847519056968,0.960379177014723,0.9431951282255733,0.9425833490503398,0.9459348176719203,0.9561214834532394,0.9668868614448413,0.9669150196259332,0.9254837536422947,0.9607891015931432,0.8367341537245517,0.7447565139661334,0.9381166651137973,0.9411238996459749,0.7788591296148893,0.9482843154962713,0.9494600345217852,0.8931866220505859,0.9741961541431668,0.8352739584704256,0.5833612364702575,0.7008998065321905,0.8562538265666795,0.8432502966123778,0.8390079303561337,0.9807724821118383,0.9809712121049589,0.7596685173615954,0.7034263527379572,0.7835629352664013,0.36790372683807887,0.7684141298497228,0.7888479341775658,0.7895881683748586,0.7852739644365662,0.7539428459566906,0.7332022113845251,0.7133743733535609,-0.2945255194179312,-0.44376421840063435,0.6568664883140746,0.8815756003262258,0.9226733256139091,0.9339540181249337,0.9063217613018576,0.8129744418401879,0.9037690832797557,0.9239193850599672,0.9230411161807134,0.7566278718687041,-0.1192987577004302],[0.9975951119724612,0.9937174025643256,0.9901943252949345,0.9978875389185217,0.9990535835211561,0.9857000139045845,0.999887841535793,0.9992799377469798,0.9750620858335074,0.9996552573705257,0.9996326843538775,0.9996320481713766,0.999331523046032,0.9995322546713925,0.9994265826638228,1.0,0.9983106343096201,0.9998401198200937,0.9995209599581103,0.9995260619974827,0.999752867989828,0.9995059104621455,0.9908287211518374,0.9752426547128253,0.9934929469524869,0.9508476578656557,0.9931284524329024,0.9910140612259334,0.9737072586217626,0.9495463052933829,0.9917633883071475,0.9925195729482076,0.9925763218215301,0.9724055645118367,0.9992475103295767,0.9997249033426469,0.9997022932618564,0.999544544171808,0.9995585472344158,0.9996778360607097,0.9987999222867334,0.9995564988019592,0.9994911294023341,0.9992407709200385,0.9813882820171479,0.9255829281549431,0.9484434232510546,0.9421779960351631,0.9299830289763186,0.8839494442457202,0.9573744622246821,0.9439319022155228,0.9596013825472612,0.9583493834375854,0.9491072271588072,0.9813759873564101,0.9794073417148796,0.9913686425364764,0.9964046688753757,0.9478554626341268,0.9628153050644253,0.9722089905843478,0.9733423078036126,0.9739044130477956,0.948798026168614,0.9029621151286992,0.9535797376706786,0.9597585700131921,0.9388550564280043,0.8910795901498448,0.967119376289792,0.9390868494467212,0.9670322003631626,0.9483977588903486,0.7728427108716275,0.8537201545233807,0.7786035891375271,0.868754569443328,0.888619223471475,0.8931141096656984,0.8731524389154423,0.8845344706152899,0.324695724653419,-0.5964271268524164,0.9638251813399893,0.9485740467568436,0.9476100968502573,0.9505048392261306,0.9604205795259576,0.9703467883557676,0.9704241536735873,0.9300543264106972,0.9665829276167988,0.8455817883510258,0.7463987455084761,0.9271606919338572,0.9324133372712551,0.7814689552893866,0.9483509666833468,0.9493111677736839,0.8935345647601002,0.9704249305644369,0.8345369379638966,0.5937809341097015,0.7064332626216869,0