var config = { responsive: true }

var correlationAdjClose = {"data": [{"type": "heatmap", "z": [[1.0, 0.9999930620185873, 0.9839929082660994, 0.9999204708014026, 0.9988279583504456, 0.9888775518502193, 0.9973753712469087, 0.9950086602741973, 0.9952893171688699, 0.9796606598614823, 0.9913166028233844, 0.995160936893981, 0.9943397269887777, 0.9950662294917014, 0.9952108655769647, 0.9963966229406589, 0.9980212841035971, 0.9958232285299373, 0.9958378348136037, 0.9958579535114682, 0.9951070591535429, 0.9849094809048368, 0.9677400851261388, 0.987201617943888, 0.9859941529253736, 0.9783493555693418, 0.9617610166965722, 0.9398823430081512, 0.994595321402713, 0.9947071464448128, 0.9917566456054849, 0.9746144353816787, 0.9972862047886285, 0.997602563686149, 0.9969392189096619, 0.9952292660026675, 0.9946391326618994, 0.9974369899678545, 0.9975053200719561, 0.9986698850116146, 0.9972230612997751, 0.9972367448494968, 0.9759934340053503, 0.925872343349, 0.7615816746725477, 0.901128017981926, 0.9144263919380684, 0.8496253333279522, 0.9702475320139486, 0.9444849977814239, 0.97139892126464, 0.967572861847711, 0.9624760968858961, 0.9863873393210848, 0.9827553589421689, 0.9832379126147478, 0.9758497817474875, 0.9851900982243988, 0.9824275824327926, 0.9858518936450161, 0.9856047977970835, 0.9632386514375044, 0.9648817838282958, 0.9705765922647192, 0.9702444593527185, 0.9416638462918195, 0.9743074872810032, 0.9728073563825805, 0.9811891192486065, 0.9802523791293833, 0.9340773748881173, 0.851869154823243, 0.8201021788900066, 0.87077944808907, 0.8999109799334787, 0.8939604206303299, 0.8984129930840677, 0.8971008224369628, 0.6073502630309305, -0.5169160879763588, 0.9751203716827044, 0.9646854559482418, 0.9613230174412457, 0.9841689796907133, 0.940810860109087, 0.9803913279900384, 0.9803425329938819, 0.9423160489560806, 0.9807387135137106, 0.9470460430368001, 0.6003096442079763, 0.8390388839213812, 0.910635634715721, 0.19449163567502223, 0.9149729649605787, 0.9366487353657698, 0.8062958387787109, 0.9543879318122126, 0.8963118535410391, 0.6689421662834868, 0.443762129810681, 0.8919814828530197, 0.8612280706536162, 0.8880755680762992, 0.9658042920362474, 0.9660517306547709, 0.7377796716483626, 0.6980988128177722, 0.8268515502994128, 0.32717158011371794, 0.7946913731008379, 0.8326670555467328, 0.8191270573802987, 0.8173131716787378, 0.7342896061103973, 0.7373776236296119, 0.716801267196579, -0.229100485193683, -0.3625347722241543, 0.6154564735984749, 0.9007939951528856, 0.9470004125229108, 0.9505622331550548, 0.9197648128160227, 0.8279214881174679, 0.9182980317694902, 0.9404647459255737, 0.940274310965514, 0.8754371792365984], [0.9999930620185873, 1.0, 0.9804809796704134, 0.9997496513776313, 0.9972226262085456, 0.9899777972024518, 0.992374569961386, 0.9873921231833747, 0.9874367361412315, 0.9655892939212771, 0.9900933422302768, 0.9876826137941168, 0.9874733235411187, 0.9875281514374604, 0.9876351079160163, 0.9928970239961864, 0.9945326747993178, 0.9912220269324833, 0.99122383829502, 0.9875238650896373, 0.987592117896932, 0.9866817661781384, 0.9579737356397496, 0.9823830282685161, 0.9819555361468729, 0.9781685934910772, 0.969160379478379, 0.9013198139452018, 0.9880242017184859, 0.9832581191827102, 0.9757693292569256, 0.9092321614672723, 0.9942480975013567, 0.9940419438735231, 0.9943523249970679, 0.9889695613075938, 0.9936814052040992, 0.994326805831477, 0.9946794417750211, 0.9965841039665299, 0.994362784603854, 0.9943729616861048, 0.9843014813841843, 0.925671854638571, 0.6437822048604146, 0.9011319789578024, 0.9152158740683862, 0.8497576754295256, 0.887313515771572, 0.9138077690617534, 0.8912490836314677, 0.9045579912278758, 0.8861148544972354, 0.9565976679935467, 0.9564807129226902, 0.9711943028230524, 0.9758486481311333, 0.9686641089720416, 0.9682667263257697, 0.9717452863025208, 0.9716538034491907, 0.9286059644711074, 0.9370288600695988, 0.8980929859460303, 0.8979439923349306, 0.7802280315466419, 0.9656872569759462, 0.9682741973544817, 0.9686002673421789, 0.9679798773553199, 0.9241190290169681, 0.6137903684461335, 0.5517774655563183, 0.7156374301410457, 0.8189062067481556, 0.7391440932733522, 0.7816714570253991, 0.7800009819135058, 0.5418428444339608, -0.2680561666730221, 0.9507333044201112, 0.9590595958727632, 0.9503959911969375, 0.9722929611908196, 0.908052539412145, 0.9560752838869324, 0.9549668780388177, 0.8888674752460257, 0.9596170620516031, 0.8959022989030636, 0.3902792320301972, 0.8379602215774331, 0.8397111818424494, -0.2073864417698582, 0.5923746978633904, 0.7013402010959309, 0.6161549566930405, 0.9499111307698486, 0.636602125213115, -0.18873714841265243, -0.1185276058096935, 0.6033614599560594, 0.6119667150145537, 0.6587204874775676, 0.9517219754612312, 0.9515253872819078, -0.11175945864466234, 0.11618475883363745, -0.043498263069935796, -0.06292988886679667, -0.03547362721104778, -0.019280559316097845, -0.05038285509142427, -0.08906291383378111, 0.2904685309493294, 0.045248196353628416, -0.0012929477778673539, -0.45832758768032156, -0.48690767194736323, 0.6156190309988642, 0.7422735991855781, 0.764177196010315, 0.8276335316316265, 0.8210827813537354, 0.5227052991108325, 0.7291336733893311, 0.7628512767891714, 0.7614394550038813, 0.41329470662133205], [0.9839929082660994, 0.9804809796704134, 1.0, 0.9854577340276827, 0.9923742552383471, 0.989369914753436, 0.9906091689424299, 0.990935888887116, 0.994252085352267, 0.9531618999956576, 0.9967042115770981, 0.9908419341535979, 0.9927986911018111, 0.9910011214463855, 0.9909044183936133, 0.9914620732419346, 0.9898233227088321, 0.989445830633641, 0.9894099109117716, 0.9927602888573264, 0.9908632692436372, 0.9929959028635775, 0.9776912289906262, 0.99031241563045, 0.990692091437056, 0.9763532581118743, 0.980696486812307, 0.9436445713213945, 0.9737484691296484, 0.9768631581833481, 0.9783162996138055, 0.9496914980628473, 0.9878367723364067, 0.9909595073300158, 0.9891415728500187, 0.9929987763619414, 0.9943472761278165, 0.9919504489525071, 0.9871966014314782, 0.9868606335262885, 0.9881098821764054, 0.9874640336608123, 0.9900171407248826, 0.9255967035945044, 0.7034927968206814, 0.9283148215658384, 0.9022339053616825, 0.7523355442452417, 0.9312702348010716, 0.8994580134636684, 0.9324360192303971, 0.9274335929831052, 0.9199811564922732, 0.9536951220851834, 0.9604866153872528, 0.927581944122452, 0.9428984517296696, 0.9508589099418284, 0.9560460931555743, 0.9515757424241608, 0.9257785514858797, 0.8884934430545085, 0.9201414747793172, 0.921516246853474, 0.905436682199765, 0.8546177106200168, 0.955894916743101, 0.9329270663732673, 0.9514606284158944, 0.929527910048805, 0.7523279853203213, 0.787690814852838, 0.7262842444378758, 0.8084766792659124, 0.8571516139049166, 0.8535925502779982, 0.8273802991433968, 0.8408661034746938, 0.2802599682427152, -0.5227719796964505, 0.9411193926237958, 0.9087461096885308, 0.9149327120473681, 0.9281376405293271, 0.9008402679709044, 0.9471657087453336, 0.9468076762576226, 0.9039538280134443, 0.944121424719927, 0.8242881443695693, 0.5690946700781386, 0.9215987899475971, 0.930310371620965, 0.11680455064289526, 0.8935120422772509, 0.9181697276039875, 0.7914625466556209, 0.9760815134329187, 0.7788999716868851, 0.5780894881118702, 0.3643785082718029, 0.785243824823435, 0.7857885670727404, 0.7736401819027033, 0.9800419436513028, 0.9800916470905945, 0.6549480061908663, 0.6298179260928554, 0.7148071214746669, 0.2536886548420881, 0.6885273846341232, 0.7124718878118138, 0.7279273454242768, 0.7089321630883358, 0.6846684236739903, 0.6607521630091073, 0.6380972612050638, -0.30692270511181463, -0.4396308738541995, 0.5638199940729172, 0.8593644992106707, 0.8974286026960003, 0.898170859302617, 0.8920546294830334, 0.7563927137209041, 0.8715760338649062, 0.885901272101765, 0.8949560339932902, 0.7402146300617551], [0.9999204708014026, 0.9997496513776313, 0.9854577340276827, 1.0, 0.9991507427508974, 0.9897593260085902, 0.9977508735089977, 0.9955675677572831, 0.9959599497690794, 0.9794242584803747, 0.992991498709574, 0.9957021432172326, 0.9950943034301879, 0.9956232947440155, 0.9957445261025696, 0.996930648530273, 0.9983858209872926, 0.9963098009637683, 0.9963218921651278, 0.9964355379643892, 0.9956512106188787, 0.986216638695264, 0.9690855010107301, 0.9883551058418876, 0.9872587486801561, 0.9812096653727053, 0.963931278834961, 0.9411107327408988, 0.9941546787493198, 0.9944309469405727, 0.9919456784135868, 0.9743627179522251, 0.9974762958805031, 0.9979552103305231, 0.9972859373294831, 0.9958393089322625, 0.9956234406121256, 0.9978300538589886, 0.99764213004815, 0.9988059171606355, 0.9974032007091779, 0.9974138182873834, 0.9778304524203941, 0.9216338225656604, 0.7552777836713918, 0.9018107570094465, 0.9111842649637228, 0.8388604960096704, 0.9674215907671224, 0.9410445703724916, 0.968457472710701, 0.9649636463895045, 0.959711081667288, 0.9843473767785463, 0.9812544661832252, 0.9812923690566027, 0.9736977915881976, 0.9834578001073343, 0.981382163725974, 0.9840398527196833, 0.9837893340520761, 0.9481086237429366, 0.96302796677573, 0.968789833482602, 0.9684598066836163, 0.9345005458903204, 0.9733879250646518, 0.9687380234054143, 0.9791879626602109, 0.9782070029254126, 0.9030364916610177, 0.8495808538222289, 0.8149854838278833, 0.8681535794294049, 0.896022880074625, 0.8929392413967505, 0.8951374159660396, 0.893904929139338, 0.5002965371734548, -0.5171985452609377, 0.9736925440650498, 0.9619071321667997, 0.9587337960454492, 0.9822275388668698, 0.9389823543229531, 0.9791422842785069, 0.9790951982925395, 0.9408479170782744, 0.9787794950688218, 0.924406072607118, 0.6063075927007672, 0.8491331877652001, 0.9152965523568198, 0.19462186735728706, 0.9167503771640374, 0.9381755263722615, 0.8067275169760674, 0.9559690949550846, 0.8902273184251099, 0.6660307289422597, 0.44137302041675125, 0.8869961556452859, 0.8577785142523333, 0.8827509523147505, 0.9669805990865773, 0.9672361125890996, 0.7370106001367936, 0.6985728704887167, 0.8189874415168987, 0.32948826038458723, 0.7892225135689215, 0.8245086148980957, 0.8110463871735866, 0.8121400379913377, 0.7374657208013764, 0.7376471466250905, 0.717133149890423, -0.22448286601476283, -0.361759554877984, 0.6132739541933907, 0.8990110837006227, 0.9453680977318767, 0.9489644646870387, 0.9188150433367912, 0.8251965642225471, 0.9164658301434768, 0.9384047205509743, 0.9383729138378789, 0.8677252718157098], [0.9988279583504456, 0.9972226262085456, 0.9923742552383471, 0.9991507427508974, 1.0, 0.992374105236301, 0.9990455668378914, 0.9981766369619868, 0.9982296700500466, 0.9724321708572656, 0.9974196238186788, 0.9982313676502693, 0.9979740212190289, 0.9982127842054384, 0.9982793467065015, 0.9985361615953323, 0.9991301534840269, 0.9986323454987157, 0.998635180375126, 0.9983117362725789, 0.9982139071331888, 0.9932171631326455, 0.976733501232685, 0.9932797649542746, 0.9931858021402139, 0.985386381457968, 0.978508358776293, 0.9443786011632587, 0.9907900462810854, 0.9928465322056345, 0.9899144231386212, 0.9650346933448863, 0.9989678152667427, 0.9989926054667048, 0.9989756040304862, 0.9983430149832188, 0.9985335157444231, 0.9990740088490125, 0.9991368803035291, 0.9989743233342414, 0.9989502869420602, 0.9989535948376784, 0.988454083767522, 0.9314620212253745, 0.7310082054194782, 0.9185194267765847, 0.91386723262806, 0.8178310261640506, 0.9520394741191762, 0.9267762471481906, 0.955626214695736, 0.9561638960226024, 0.9508229792673925, 0.9802857356497785, 0.9802293226620835, 0.9765220251191762, 0.9666376452905784, 0.9775297834682648, 0.9762520709877364, 0.9778415733555911, 0.9775234737165258, 0.9494765963813732, 0.9513988873984727, 0.9474664376063844, 0.9470113526636702, 0.8967004152385932, 0.9697312562215513, 0.9664651525762668, 0.9735937385272846, 0.972538322097164, 0.9275061034648381, 0.8222437709304422, 0.7732189360935191, 0.8482378903237812, 0.8968142671808981, 0.8764936449554929, 0.8858347756244667, 0.8846078413296902, 0.6569085525539208, -0.5899491133624916, 0.9653460622057575, 0.9475508283999313, 0.9460832862684864, 0.9777871873827564, 0.9172784423479504, 0.9703667914789665, 0.9698335674196511, 0.9279945670516854, 0.9726165891833717, 0.9327458317676806, 0.5911554306757847, 0.8755848442110711, 0.9369156345728669, 0.09072666410450754, 0.8912484057762418, 0.9196917187777559, 0.7999470603193936, 0.9622794727119991, 0.8771324943603069, 0.5201201877253299, 0.31278169495037367, 0.8641177892871144, 0.8143325394055783, 0.8651942046141323, 0.9716572819415482, 0.9718535179097892, 0.6881852271981914, 0.6774977217764395, 0.7295316610460397, 0.3019072034046115, 0.6656391359897215, 0.7387579345173276, 0.7141825539951121, 0.6944736274732072, 0.7195549981874889, 0.7188690156114261, 0.6973078824983399, -0.45405441381985373, -0.5278183614682159, 0.5992124212439749, 0.891088112499957, 0.9286721653897693, 0.9395517502501041, 0.9147256074519566, 0.7992628512907912, 0.8969743119097214, 0.9217921935595714, 0.9212911742865411, 0.800530566301902], [0.9888775518502193, 0.9899777972024518, 0.989369914753436, 0.9897593260085902, 0.992374105236301, 1.0, 0.9893302588068338, 0.9890408464309036, 0.9884048955228064, 0.9662498009719775, 0.9780771129745629, 0.9890126868208756, 0.9900440359129823, 0.9891046324217085, 0.989200588366449, 0.9920210202335894, 0.9902542132395739, 0.9899766332148366, 0.989953519128705, 0.9878351200901717, 0.9890361532494318, 0.99619189417415, 0.9908932967024024, 0.9884694365546216, 0.988134222017844, 0.9641237478930621, 0.983617363473217, 0.9642949757829338, 0.9751524237394986, 0.9783844012312991, 0.9868893300220608, 0.9740014697789389, 0.9893564920837771, 0.9894754121066508, 0.9902897520319048, 0.9900539427212022, 0.9815205901729974, 0.9901478986582029, 0.9896904036747963, 0.9894727872386845, 0.9894528042433532, 0.9894353606823278, 0.9941638459888317, 0.8861392646619248, 0.7410077033458659, 0.876505617091345, 0.9139610924622947, 0.8486264354293931, 0.9412787571626616, 0.9140539418561288, 0.9428569634393503, 0.9491957000323035, 0.9396379992386149, 0.9650169469965115, 0.9695111053273657, 0.966007659152479, 0.9769808585337368, 0.9673306041710769, 0.9789365717205888, 0.9673118317055982, 0.9667207644674688, 0.9644623242352386, 0.9568534119160679, 0.9428478922547405, 0.9423419814925289, 0.9270191299547678, 0.9755119589383723, 0.967813091541522, 0.9668618025300131, 0.9650830330836232, 0.9445010011485733, 0.849214288129724, 0.8011878899919661, 0.8694932330113829, 0.8904711745184979, 0.8975303885039847, 0.8815115869750618, 0.8796092055174036, 0.625593066657418, -0.48789284303799163, 0.972236447689516, 0.9658222955490043, 0.9628470304209661, 0.9672128978889594, 0.9370065101256647, 0.9730865903868878, 0.9727599131116418, 0.9500881587776455, 0.9626357486846466, 0.950024166078308, 0.6049496825439138, 0.8054056378160164, 0.9311294728144517, 0.19438582558362433, 0.9048164181790687, 0.9249179150883305, 0.8036601497358723, 0.9521235350021177, 0.8491709223352266, 0.6208461814208418, 0.4235366701231664, 0.8464247616613881, 0.8203511432274251, 0.843163861722023, 0.9546372633706809, 0.9547193762832576, 0.7025141177093179, 0.6804208982407212, 0.765846954449387, 0.3305737231270082, 0.743953968294933, 0.7736207039422782, 0.7593811899955937, 0.7617679312658129, 0.7255675744348508, 0.710853534279197, 0.6923896504195532, -0.2555774704543964, -0.3805463595330988, 0.6488204943442258, 0.8898953442347449, 0.9078017629184714, 0.9152666911513812, 0.9032658116591404, 0.8030626391331644, 0.8763330114875472, 0.899503493100173, 0.8994920835009639, 0.8454741683415189], [0.9973753712469087, 0.992374569961386, 0.9906091689424299, 0.9977508735089977, 0.9990455668378914, 0.9893302588068338, 1.0, 0.9970366451885219, 0.9995114584322894, 0.9711800209992925, 0.9993859326652207, 0.998042903278915, 0.9990461277191423, 0.9989695917283521, 0.9987317703088541, 0.9980644653191849, 0.9998991316288242, 0.999217679443832, 0.9992231875702033, 0.9996341288118654, 0.9991841839526274, 0.9906458524693083, 0.9735438873497787, 0.9835247722727111, 0.9921568629592611, 0.98453850088307, 0.9705770268635584, 0.9397028236651539, 0.9925311616267781, 0.991731885930065, 0.9929547838014379, 0.9707339683726391, 0.9987700969785992, 0.9998071836141975, 0.9996033589285842, 0.9993680893058202, 0.9996211874622103, 0.9998390254243522, 0.9978035859671812, 0.9995062707882193, 0.9992378257483028, 0.9988265101633316, 0.9832852792361155, 0.9348640502987607, 0.7443407459504784, 0.9293116200000887, 0.920493380804126, 0.8057210197702448, 0.9608233199813466, 0.9401220873972764, 0.9617449629533796, 0.9595364271788421, 0.9549708301009131, 0.9821293542950025, 0.9800186498430269, 0.9372693823063684, 0.9522446079899768, 0.9669169878234531, 0.9672053486790274, 0.9688490862063751, 0.9377443269000852, 0.8833691084920695, 0.9406589316231273, 0.9531751479903826, 0.929880468245381, 0.8695546044782778, 0.9583428788823135, 0.9258002841595885, 0.9601895821662595, 0.937414592550625, 0.7168511657999105, 0.8166844426144463, 0.748733090833385, 0.8337045907127587, 0.864254743100683, 0.8676066147011738, 0.8484841337845317, 0.8608936587159055, 0.23523170526681664, -0.5531293208192615, 0.9552502637104139, 0.9297869131224551, 0.9306540913856984, 0.9399213061337279, 0.9187762942350352, 0.9639851903727159, 0.9640561175990559, 0.9186461776604004, 0.960071253733544, 0.8094009731653988, 0.5878409938350847, 0.8779336995353455, 0.9149926050595617, 0.1730007906394516, 0.9141641075905496, 0.9368134225511208, 0.8002551719037237, 0.9622653749283298, 0.8309454627214568, 0.6520646259911151, 0.4236331915342251, 0.8427847937571052, 0.8353608587705007, 0.8282371712099232, 0.9720070223260656, 0.9722762425226937, 0.7215838444918624, 0.6730199824509455, 0.7838090805910148, 0.29666494685304745, 0.7650618884168139, 0.7934839292252756, 0.7847479555455245, 0.7898705975138686, 0.714829412940323, 0.7229914327587676, 0.7006017162178336, -0.24481679320951177, -0.3892379520758706, 0.6188735105326258, 0.8914608900041927, 0.931129182494919, 0.9462392076435733, 0.917104455194437, 0.8224855445086322, 0.9153199913702305, 0.9374344227893961, 0.936805814656288, 0.7742638217537466], [0.9950086602741973, 0.9873921231833747, 0.990935888887116, 0.9955675677572831, 0.9981766369619868, 0.9890408464309036, 0.9970366451885219, 1.0, 0.9999836532909857, 0.9648903104281856, 0.9996084183377902, 0.999996845450594, 0.9996486241693997, 0.9999977375941308, 0.9999809630062965, 0.996295388623681, 0.999219715792333, 0.9998811378728066, 0.9998808881516418, 0.9999542176333804, 0.999994326277703, 0.9908466119000732, 0.9743983312160682, 0.9913968713934789, 0.992641542888968, 0.9809512899797176, 0.9727233139963879, 0.9380683952307014, 0.9888664884908478, 0.9944125513230043, 0.9916742040399931, 0.9673072322931816, 0.9994227197531873, 0.9994723261110479, 0.9996125420240545, 0.9996678922955771, 0.9986563281325331, 0.999375327276768, 0.9990896791504101, 0.9981667729384756, 0.9994930309422559, 0.9993524788525735, 0.9846171351976049, 0.9358877469922126, 0.7312091351651901, 0.937211163243372, 0.9184119257194546, 0.783107356577103, 0.9595585198688826, 0.9351611423177064, 0.9601387722552485, 0.9530961607924613, 0.948577065240367, 0.9802363255579143, 0.9767658706106436, 0.9311303187645471, 0.9451091612338586, 0.9582927357256764, 0.9625612384449412, 0.9607758106171699, 0.9356565558190774, 0.8710663945068942, 0.9338272005228556, 0.9448035619789329, 0.9235679322075648, 0.8530448414039088, 0.9540439996367297, 0.917560619370575, 0.9528985842451201, 0.9316407330457261, 0.6981500661963715, 0.8056765303534066, 0.7435413643611377, 0.8225758195879207, 0.8544921646420595, 0.8608314802256734, 0.8429093174670131, 0.8520983825332001, 0.21302566173477896, -0.5605166020332188, 0.9490226715335771, 0.9179408905317574, 0.9209260882932581, 0.9375515157914686, 0.9096873771387475, 0.9579952499925389, 0.9580738785503868, 0.910188069880901, 0.9509314679010966, 0.7925515491499675, 0.5821183053685702, 0.9020705947097823, 0.9282939739435974, 0.15900929148776116, 0.9131078131891938, 0.9361427458643576, 0.7973543781740581, 0.9672847759773784, 0.8353153845235236, 0.6381609947631045, 0.40982635157865693, 0.8445747194457802, 0.8324882199986375, 0.8322349671564582, 0.975248019750253, 0.9755201495081707, 0.7112237527459443, 0.6635179200975486, 0.7863173297432245, 0.2806755748826687, 0.760030112535389, 0.7894545456932625, 0.7865502903186543, 0.7845762445064947, 0.7067763005571093, 0.7163038380300915, 0.6931712696092539, -0.2626697413318339, -0.4061782766316258, 0.5981268446897879, 0.8825904360611063, 0.9290863190437137, 0.9385171881592559, 0.9105060437638519, 0.81069068096298, 0.9088402089254071, 0.9311669040624015, 0.9308070461956434, 0.7532839570010569], [0.9952893171688699, 0.9874367361412315, 0.994252085352267, 0.9959599497690794, 0.9982296700500466, 0.9884048955228064, 0.9995114584322894, 0.9999836532909857, 1.0, 0.9641740100186219, 0.9996071430260765, 0.9999811562783033, 0.9998271800019548, 0.9999896455919559, 0.999996744304794, 0.9989471359585658, 0.9991795685873219, 0.9998120313782927, 0.999811344056464, 0.9999657974762564, 0.9999821972821019, 0.99346240535565, 0.9753809877215066, 0.9946877853587301, 0.9948561149640938, 0.9809387411347518, 0.9767931734780098, 0.9390312863457142, 0.9893956464392298, 0.99344967586314, 0.9886234284333046, 0.9626344662414065, 0.9993319628719708, 0.99941298679018, 0.9994088041005956, 0.9998277348645112, 0.9986684999700829, 0.9993681492538515, 0.9993072865362106, 0.9981237888354867, 0.9993247357289232, 0.9993194395905461, 0.9888691166157659, 0.936070200270862, 0.7321374405240624, 0.9373969923875547, 0.9189009594137998, 0.7833311448219, 0.9476831207321369, 0.9216702997903332, 0.9508142391012144, 0.9505747013388093, 0.9460129661801167, 0.9774680487758125, 0.9769209272191814, 0.9644875950168833, 0.9455679613033142, 0.9654126699462092, 0.9625994814347532, 0.9658265232497805, 0.9654511227981976, 0.9350977062717724, 0.9330080774252538, 0.935601761578803, 0.9351670920760721, 0.8836055230753386, 0.9543854431994011, 0.955724535163155, 0.9621099619644108, 0.9607899364766975, 0.9128174845308528, 0.8048959254151558, 0.7497067235285596, 0.821722753833383, 0.8758599285824272, 0.858724890242259, 0.8667411429993175, 0.8657161758575888, 0.5989883566670423, -0.6244743069883866, 0.9488969973565294, 0.917969860790813, 0.9209980700892093, 0.9659982285143321, 0.8990258662747218, 0.9574103199600627, 0.9568352574333165, 0.9109313169712143, 0.9599364334922211, 0.9160125636896007, 0.5801519260382668, 0.9015455123988609, 0.9435862703884597, 0.10037492056015912, 0.8978977435384969, 0.9254606301552707, 0.7964132003034203, 0.9658341545646248, 0.8837185622646475, 0.5464144192250178, 0.3361446659927973, 0.871267106653356, 0.8225836575460169, 0.8730138448981677, 0.9751522922726815, 0.975446305521716, 0.7090979659339743, 0.6605408696978848, 0.7460953151269208, 0.27828439840436725, 0.6839381618194973, 0.754563164810932, 0.7319299019878333, 0.7130353359134325, 0.7039466375331846, 0.7129404018466076, 0.6897604806495145, -0.5046793908888114, -0.5801519669376118, 0.5979323548719988, 0.8814803518852707, 0.927578960451072, 0.93951793316363, 0.9095033103103083, 0.8053886509981415, 0.8968996720989213, 0.9207789415036544, 0.9202102487278832, 0.8093723566818223], [0.9796606598614823, 0.9655892939212771, 0.9531618999956576, 0.9794242584803747, 0.9724321708572656, 0.9662498009719775, 0.9711800209992925, 0.9648903104281856, 0.9641740100186219, 1.0, 0.947967356665843, 0.9652946414824642, 0.9641664662156694, 0.9650149886162367, 0.9645565520179725, 0.9662886110507278, 0.9743707617345201, 0.9697869755562661, 0.9697937493634315, 0.9650698479886766, 0.9651463112362854, 0.965150101649091, 0.9510541113980809, 0.9722300495466917, 0.9700565738913505, 0.8807385869092343, 0.9686256607110484, 0.9489968371880572, 0.9747566630789648, 0.9685937449303109, 0.9686185571538654, 0.9328066954749495, 0.9736313573711605, 0.9731817078681316, 0.9736873130339129, 0.9653614684880434, 0.9563462210620559, 0.9726591304560879, 0.9734882376855436, 0.9783934501620599, 0.9738273647638913, 0.9738449532669919, 0.955499956223215, 0.8410644115337843, 0.5526513628064829, 0.779431871067098, 0.8923931001484644, 0.8788823291426102, 0.901865242492514, 0.8213466830162369, 0.9063874625639268, 0.9145015546126274, 0.903557390764077, 0.929895859468435, 0.9297440458628974, 0.9440335830810059, 0.9353786195861773, 0.9548277949597701, 0.9481510476455257, 0.9530478858817606, 0.9530749223914151, 0.9130302907139917, 0.9514754015777925, 0.9349371252473034, 0.934623164770106, 0.8511868393994452, 0.9357170919732603, 0.9440618858638332, 0.9370561427990479, 0.9360272098959792, 0.8873225648253047, 0.812801303591024, 0.7677870185264948, 0.8575415006038568, 0.9115694772321095, 0.8818495992716874, 0.8967355606269234, 0.8959881285113245, 0.6990790129891125, -0.3043448596703446, 0.9528195327962223, 0.9537314916942775, 0.9456865768105486, 0.9459387389351015, 0.8973310907618413, 0.9541354624186565, 0.9540024301842196, 0.8999793714468098, 0.956332638180433, 0.9056426604013134, 0.6956381344715649, 0.6533441466260999, 0.8604462285654524, 0.10652510621272189, 0.846521295115133, 0.8857012706929318, 0.8711611986563013, 0.9477693873341725, 0.90463945408872, 0.4506902078669108, 0.3689857333498882, 0.8969977934471967, 0.8719571238680107, 0.9031466431845779, 0.9481320716244136, 0.9484889435372491, 0.5371176130641937, 0.7002077529183494, 0.608013254831529, 0.48255288342890085, 0.571274849182187, 0.6281797858570396, 0.588745432006223, 0.5653237517676732, 0.7999252104090394, 0.6769483372737743, 0.6414888737020452, -0.27347478925393565, -0.3189292085136079, 0.7425277979322155, 0.9164164911926069, 0.9225174406890113, 0.9088585152673813, 0.9412543429762129, 0.6513794620735346, 0.8390299278520952, 0.9085346842310044, 0.9076544802026086, 0.6910391762445119], [0.9913166028233844, 0.9900933422302768, 0.9967042115770981, 0.992991498709574, 0.9974196238186788, 0.9780771129745629, 0.9993859326652207, 0.9996084183377902, 0.9996071430260765, 0.947967356665843, 1.0, 0.999641698264182, 0.999616799843236, 0.9996252356280595, 0.9996340162074162, 0.9993577899114843, 0.9988949116369976, 0.9999504524724399, 0.999951077125086, 0.9996240001195195, 0.9996346609215458, 0.9890797523132929, 0.9532220542960815, 0.990178113381814, 0.9914280808252217, 0.9861523946506057, 0.9669383501520341, 0.886381809218412, 0.9881946663050226, 0.9920492154406841, 0.9711497989134581, 0.8912000786462688, 0.9990972235337939, 0.9991700579780022, 0.9990886839727923, 0.9994334866293384, 0.9993585948128146, 0.9991082635105943, 0.9989610939550007, 0.9968531056867006, 0.999064409784476, 0.9990613327090606, 0.9886844930087332, 0.9299974218014347, 0.597932477518163, 0.9324452429947747, 0.918270392611784, 0.7883403316011894, 0.8658663175195034, 0.8901833311706153, 0.8715484336704173, 0.8780798210665361, 0.8626496296489183, 0.9503466028757491, 0.950263282670752, 0.9451172187475128, 0.9477749527369786, 0.9355912064489177, 0.9380122923186865, 0.9406330544719428, 0.9404249104840826, 0.8851157405698001, 0.8967174292243394, 0.8500921017084963, 0.8498637931162365, 0.7154126512078132, 0.9408887641808391, 0.9446221312799565, 0.9449210003484576, 0.9442054628556197, 0.8875991929968237, 0.5578735153694261, 0.491580409404617, 0.6593865885611006, 0.7708335373725006, 0.689717970239314, 0.7333684221539252, 0.7323880274214356, 0.47861755465447686, -0.3978163204866605, 0.9105369446429229, 0.9222436401391859, 0.9101659890957816, 0.9468344805088889, 0.8566492418287692, 0.9173306025608496, 0.915893623992115, 0.837317193909776, 0.9223513258352564, 0.8461914739637953, 0.4527432783063274, 0.8970784446509641, 0.8953339990537436, -0.19047936744482283, 0.642220809203922, 0.7396034937284988, 0.630922229842499, 0.9672920356826206, 0.6498377579558664, -0.1369598057376256, -0.09233976412712172, 0.6215952117675643, 0.6268493024553135, 0.6691766518515417, 0.9686975774481624, 0.9687531075363759, -0.04808982715695839, 0.17197876610115376, 0.022602868635645357, 0.0013556047674538859, 0.027589949327625565, 0.04664466582939753, 0.014184700897904539, -0.03149438639114002, 0.35172822783733204, 0.09217167218660993, 0.04175418018982909, -0.5291935203104876, -0.5576488120720092, 0.5980928960354365, 0.7328364850914421, 0.755752065627227, 0.8216959198295993, 0.8190503457982011, 0.4998800523176484, 0.7164702994068793, 0.7539150953561721, 0.7525917862435847, 0.4003440460366592], [0.995160936893981, 0.9876826137941168, 0.9908419341535979, 0.9957021432172326, 0.9982313676502693, 0.9890126868208756, 0.998042903278915, 0.999996845450594, 0.9999811562783033, 0.9652946414824642, 0.999641698264182, 1.0, 0.9996348909590724, 0.9999976187742581, 0.9999839888764505, 0.9969566922849714, 0.9992766772441568, 0.9998931793964698, 0.9998930513885945, 0.9999622012709611, 0.9999948037224821, 0.9907655504866959, 0.9742880316148782, 0.9920478848787032, 0.9926096333572286, 0.9811951722003527, 0.9725708497772313, 0.9381114248054386, 0.9897439243726567, 0.9944571638407502, 0.9917382463726166, 0.9674428033977349, 0.9994640808391907, 0.9995166168237128, 0.9996466100630751, 0.9996705220640969, 0.9987540862858865, 0.9994222831816544, 0.9991276448309223, 0.9982607431829388, 0.9995358737293453, 0.9993946640298575, 0.9844411328929815, 0.9361266739218139, 0.7318860305662201, 0.9370833727377672, 0.9186561662555043, 0.7843107389826038, 0.9598575577797998, 0.9355683901852717, 0.9604468332524411, 0.9534518320386852, 0.9489485959950958, 0.9804629993478827, 0.9769397147063227, 0.931488083558269, 0.9454099405167078, 0.9586583514898718, 0.9627720607892258, 0.9611317295515047, 0.9359466020971553, 0.8713694218024267, 0.9341859475497253, 0.9452663123365382, 0.9240285978086362, 0.8535710755749027, 0.9542086454888747, 0.9178527896082327, 0.9531901899230337, 0.9319812388624671, 0.698396472001443, 0.8062517593359447, 0.7441334446587747, 0.8231466846728147, 0.8549219734928601, 0.8611758137383736, 0.8433814427682138, 0.8525993826600209, 0.21346994451251386, -0.560295117395757, 0.9493218639431275, 0.9185185461813096, 0.9213817906024879, 0.9378254036064916, 0.9100885896454647, 0.9582880201675302, 0.9583664845050036, 0.9105236990677066, 0.9513217572949594, 0.7929272977770402, 0.5824270959750107, 0.900989570297845, 0.9277444415772989, 0.1597099684210575, 0.913195235653874, 0.9362216687292485, 0.7976608134653825, 0.9671114928033715, 0.8357337140649771, 0.6391182093380862, 0.41072827399203765, 0.8450191115036884, 0.8330146525418823, 0.8326399786950037, 0.975163511034271, 0.9754355946750161, 0.7118845437967889, 0.6641671555397674, 0.7868634820787903, 0.2816200015204116, 0.7607069607959451, 0.7901086244001578, 0.7870978249655738, 0.785260904376488, 0.7072259544322388, 0.7167643514403664, 0.6936646003686036, -0.26159014511312734, -0.40519498148106026, 0.5988061537909982, 0.8830972033950444, 0.9294744596316051, 0.9390011904304942, 0.9109455349994665, 0.81123296100247, 0.9093664010004643, 0.9316803939463418, 0.9313061572207982, 0.7539445976740581], [0.9943397269887777, 0.9874733235411187, 0.9927986911018111, 0.9950943034301879, 0.9979740212190289, 0.9900440359129823, 0.9990461277191423, 0.9996486241693997, 0.9998271800019548, 0.9641664662156694, 0.999616799843236, 0.9996348909590724, 1.0, 0.9996714969233036, 0.9996554316704985, 0.9990610410697656, 0.9987503722420868, 0.9994458032611514, 0.9994392647022609, 0.9996501023935482, 0.9996251026646477, 0.9927178616292305, 0.9759023837403878, 0.995479832730958, 0.9953723039801337, 0.9809984353647923, 0.9754118449276665, 0.9406969362461219, 0.9889438904022706, 0.9924699839709583, 0.9908125917056108, 0.9650252443884217, 0.9987453161977711, 0.9990483151137046, 0.999237056085696, 0.9999228333983554, 0.9986943296036912, 0.9990004987213198, 0.9985576958973673, 0.9974653804858489, 0.9987353022703125, 0.9986593830558548, 0.9883673910343023, 0.9361091046896306, 0.728038166338173, 0.9372431984447929, 0.9185759642588597, 0.7835701421162514, 0.9560350427745689, 0.9284621542708666, 0.956891928044676, 0.9500873009891744, 0.9450468546271352, 0.9769319021026849, 0.9748741390521324, 0.9556899173371459, 0.9450257572696663, 0.9588791910531955, 0.9617997355603367, 0.9608726711945604, 0.9601686519492725, 0.8754424354508112, 0.9308741713566242, 0.943507057541486, 0.9432405575696734, 0.851427118450534, 0.9543794198982453, 0.9302510657067371, 0.9550736398746149, 0.9536042071728748, 0.7024982384904281, 0.802910886599346, 0.7668246144568301, 0.8204696911124734, 0.8563807029462185, 0.8600888651744375, 0.8513111261141169, 0.8515669790473757, 0.1970540594328894, -0.5549389842276901, 0.9481760205786275, 0.9181464165104468, 0.9201090128896943, 0.9587520167813527, 0.9093427494843249, 0.9568413085845145, 0.956874522523669, 0.9098852827399319, 0.9516132726321667, 0.799797621774237, 0.582923975904079, 0.9016162436759406, 0.9281247581763656, 0.15473420682762837, 0.9109115921795499, 0.9343180464497693, 0.7987435120245628, 0.9699094486516794, 0.8292022077523107, 0.6312036501756897, 0.4052534621478175, 0.8361178385561923, 0.8276759831141434, 0.8242947306948603, 0.9771932600013974, 0.9774194494186567, 0.7025068370840911, 0.6584834823968276, 0.7653168528994532, 0.2813018349181971, 0.7505794139913816, 0.7786623368595162, 0.7552603096485944, 0.7740925520875561, 0.7047447747366248, 0.7061638002862043, 0.6833293449813972, -0.2685418939138723, -0.4105173359195903, 0.5983382164985046, 0.880877060224888, 0.9310523085143201, 0.9345384912345118, 0.9101470235039414, 0.8032581765088996, 0.9028874349026536, 0.9246865230925634, 0.9249508466415566, 0.7482877305636763], [0.9950662294917014, 0.9875281514374604, 0.9910011214463855, 0.9956232947440155, 0.9982127842054384, 0.9891046324217085, 0.9989695917283521, 0.9999977375941308, 0.9999896455919559, 0.9650149886162367, 0.9996252356280595, 0.9999976187742581, 0.9996714969233036, 1.0, 0.9999881957073068, 0.99856712813972, 0.9992376795934251, 0.9998849405962353, 0.9998843662775008, 0.9999563979272205, 0.9999920710920538, 0.9908855353970439, 0.9744550285275132, 0.9939414926613871, 0.9938037812440487, 0.9810950320271613, 0.9727689724485566, 0.9382609485023619, 0.992233523087785, 0.99478797379361, 0.9916140369962889, 0.9672018112902608, 0.9994393370616436, 0.9994778350320185, 0.9996232441479371, 0.9996876703802642, 0.9987019913586124, 0.9993873409688787, 0.9991585577823133, 0.9981896169992978, 0.9995072300327, 0.9993699696871903, 0.9845987125452387, 0.9359639950371981, 0.7313068921374918, 0.9371964987165525, 0.9185904776632617, 0.7836760885771199, 0.9596701945431316, 0.9353442466960352, 0.9602926524496138, 0.9530664841147949, 0.9485224748328415, 0.9802874431493775, 0.976730113723187, 0.9315049093052248, 0.9452690961203355, 0.9585025134947467, 0.9626312095352285, 0.960967927295007, 0.9353332210795536, 0.8713221172622974, 0.9336599207864071, 0.9448841861225962, 0.9238351993249009, 0.8531891270516634, 0.9542199654790234, 0.9180035401839483, 0.9531566417288486, 0.9320348140277476, 0.698572128640051, 0.8056161363523037, 0.743860072846704, 0.8225624474681464, 0.8546934758961843, 0.8607978410935619, 0.8430942681690405, 0.8523015820270755, 0.21340619945509956, -0.560175726965451, 0.9490910347319357, 0.9182139655592966, 0.921142068254307, 0.9353980553452266, 0.9099666126548467, 0.9580749931397005, 0.9581502882871655, 0.9103744354307522, 0.951141117892666, 0.7928696908844791, 0.5821965729003029, 0.9015594500244376, 0.9281283480324989, 0.15902786157267484, 0.9129651126648081, 0.9360315220127827, 0.7973616808580067, 0.9673018331857137, 0.8353837468915751, 0.6380435165853275, 0.40973713310634635, 0.8446267997830239, 0.8326651140188912, 0.8322962629510269, 0.9753029886096812, 0.9755711259789196, 0.7107575574376412, 0.6630935073120539, 0.7863257611890783, 0.28101069428311887, 0.7600284816503181, 0.7893942058425313, 0.7867537116581232, 0.7844906792327442, 0.7066714494542924, 0.7154426474206967, 0.6923473052448321, -0.2624509157658176, -0.4059547315031217, 0.5985148559754921, 0.8825180571687434, 0.9292527444299411, 0.9386027740844105, 0.9105699007883459, 0.8105042361334627, 0.9090994159896137, 0.9312475899162225, 0.9310065518643729, 0.7534254595823402], [0.9952108655769647, 0.9876351079160163, 0.9909044183936133, 0.9957445261025696, 0.9982793467065015, 0.989200588366449, 0.9987317703088541, 0.9999809630062965, 0.999996744304794, 0.9645565520179725, 0.9996340162074162, 0.9999839888764505, 0.9996554316704985, 0.9999881957073068, 1.0, 0.9985652507763613, 0.9992714574880589, 0.999881293725696, 0.9998813208872795, 0.999955909225509, 0.9999767461357746, 0.9907870813477747, 0.9744457559009703, 0.9923469853447284, 0.9923991456601218, 0.9811997377726767, 0.9724684989452204, 0.9381929464008854, 0.9922797222308865, 0.9943756313464526, 0.9914638885225995, 0.9671084164148952, 0.9994819031368313, 0.9994650709371579, 0.9996140495015896, 0.999677790106971, 0.9987250104551245, 0.9993947771835658, 0.9991913508089523, 0.9982402235515137, 0.9995409778120756, 0.9994181058218344, 0.9843607060383669, 0.935946893510919, 0.7320721898684089, 0.9371516862994992, 0.9189172044587808, 0.784001649784315, 0.9602970066334457, 0.9364752240742361, 0.9609843156506517, 0.953323479601834, 0.9487845414931148, 0.9807947580125261, 0.9769320601212398, 0.9323355340316393, 0.9457506930868649, 0.9589173379372594, 0.9627935661663825, 0.9613917488247173, 0.936737604321608, 0.8714732202843002, 0.9331979354868026, 0.9452088599719827, 0.924610070432245, 0.8530827523246904, 0.9546339216299216, 0.9186695062019747, 0.9537105052389236, 0.9329941662129408, 0.6982969943876539, 0.8052186567319954, 0.7449310534328019, 0.8220304852171562, 0.8546789387939471, 0.8602583317895477, 0.8436170096625186, 0.852719854943334, 0.21291508602100803, -0.5596684696504062, 0.9491144435643911, 0.918441329642705, 0.9213755911982946, 0.9386782787914776, 0.9106031105644434, 0.9582192295733726, 0.9583531217368858, 0.9107140486227776, 0.9515113030187177, 0.7927821025964717, 0.5808421113758745, 0.9010832763971041, 0.9277805308041837, 0.15783674145746013, 0.9124687323162443, 0.9355077022089247, 0.7964458886466514, 0.9668966282470229, 0.8363852049359788, 0.6377815381686928, 0.4089240788335561, 0.845168491244749, 0.8330983254987064, 0.8330597623768907, 0.97505740552758, 0.975351476422068, 0.7094384562336613, 0.6609162335672086, 0.7874530196189657, 0.2793366837220469, 0.7603110624389875, 0.7898126570622429, 0.7880192648588011, 0.784738271929733, 0.7048523934204224, 0.7131416424237744, 0.6900134490984177, -0.26157370459565465, -0.4051620762610684, 0.5981588787438371, 0.8816815540104458, 0.929859969496664, 0.9391152135048331, 0.9098190719280501, 0.8106804922639811, 0.9101435073455152, 0.9318532693361704, 0.9317365045777836, 0.7533268456358326], [0.9963966229406589, 0.9928970239961864, 0.9914620732419346, 0.996930648530273, 0.9985361615953323, 0.9920210202335894, 0.9980644653191849, 0.996295388623681, 0.9989471359585658, 0.9662886110507278, 0.9993577899114843, 0.9969566922849714, 0.9990610410697656, 0.99856712813972, 0.9985652507763613, 1.0, 0.9989055392129469, 0.9989384542606091, 0.99893622803474, 0.9987625471480548, 0.9984555556384498, 0.9921831057071347, 0.9771548644560799, 0.9829608057042125, 0.9895508139174103, 0.9876234350416457, 0.9744502681819851, 0.9458192635317594, 0.9933833676446591, 0.9931758504033864, 0.9905440118065791, 0.9674300789467384, 0.998782267362739, 0.9987378747456378, 0.9989630939519664, 0.9985838241739786, 0.9993573634365095, 0.998870007919304, 0.9989064900198694, 0.9980066567187978, 0.9986580331566353, 0.9987329710608038, 0.9831604477013786, 0.9291024227548739, 0.7382878012249778, 0.929902913831808, 0.9216543628721168, 0.8022809660457761, 0.9638062953059096, 0.9407298523126257, 0.9650888995904001, 0.9536181068526036, 0.9477472478662494, 0.9814914589171533, 0.9765934137931533, 0.9452260951159213, 0.9552587057174806, 0.965925266112178, 0.967289922999892, 0.9675188045626992, 0.9485435654674027, 0.8835259833996365, 0.9371401674949583, 0.9502485927551634, 0.9357807882587476, 0.8641688190083835, 0.9609636006640835, 0.9324737828817719, 0.9613937347008575, 0.9458885389201216, 0.7162500304603041, 0.8130840697276035, 0.7628723830896394, 0.8311566100773502, 0.8674045640835094, 0.8675039515252773, 0.854791585689504