var element=document.getElementById("correlationAdjClose");if(element.style.display!='none'){var correlationAdjClose={"data":[{"type":"heatmap","z":[[1.0,0.9999921192565419,0.9851085576306708,0.9999250957578357,0.9989801112519601,0.98729910187359,0.9976756850833821,0.9956105269011183,0.9691267915656802,0.9959230866855128,0.9803453630471456,0.9930041600061712,0.9957447250520793,0.995008943966755,0.9956611225663429,0.9961417745776749,0.9976351537255723,0.9982097415785313,0.9963253500407605,0.9963367635942194,0.9963913220802871,0.9956953425611852,0.9861333476221988,0.9705198384638987,0.9887158549816513,0.9556784034200662,0.9876228447618342,0.9840722967224734,0.9655749268245164,0.9475731379624235,0.993577571191482,0.9943676689285801,0.9920212599938654,0.9760232283991369,0.9975872601887911,0.9978578871979111,0.9972987459413332,0.9958053314625374,0.9954491910792692,0.9977440972098417,0.9982894422575944,0.998726289708561,0.9975342102876583,0.9975445127243759,0.9767537260165031,0.9166394322905526,0.7449745077881116,0.9106430179849173,0.912667615135029,0.8456737998391579,0.9652331933659752,0.9459660949944388,0.9667012689457903,0.9649939971751391,0.9570289197546189,0.9854559381853554,0.9822442097467152,0.9902463342308958,0.9945797336889068,0.9852166949462783,0.9794731868915001,0.9869504938703854,0.9845881027443393,0.9875491627933529,0.9873297322746489,0.9648671372918487,0.9703602938108647,0.9730880482936206,0.9727474024801883,0.9483050933036972,0.9775366418680443,0.9754129292044336,0.9832662195920763,0.9824560297750142,0.938664171667618,0.8696622263128138,0.837214597875753,0.8883778779946452,0.91164111102938,0.9075733679873507,0.9095527324267022,0.9081234098611787,0.6511759214085899,-0.5698720078183082,0.9785980594691842,0.9717243704813697,0.9681108006704494,0.9860189478123256,0.9723517144388364,0.9829385796284723,0.9828923099549965,0.9477787496141165,0.9830765055530468,0.951461276567184,0.6734038435829971,0.882242633334844,0.9197949617211469,0.7685679667291015,0.9263248185200068,0.9450356582778796,0.8245246532287129,0.960627636493925,0.8960260259739268,0.6293128996046521,0.712490155523045,0.8922071647510331,0.8665994277926098,0.8893639473946273,0.970848580031729,0.9710441951861551,0.7410709236383195,0.7147528139793773,0.824956935687117,0.36094993272347786,0.796588414183239,0.8293029982359422,0.8161063674301466,0.8144178513210792,0.7598875063059916,0.7446007256024805,0.7255151753497513,-0.2517537834423572,-0.3892987839297258,0.6478661380422354,0.8979751746468319,0.9418836325210471,0.9468486149045539,0.9166378077558412,0.8280874363364125,0.9138704214859158,0.9351582408018957,0.9350223924811042,0.869582171045773,-0.18954414357772484],[0.9999921192565419,1.0,0.9850070056144483,0.9997963174469272,0.9978427813443086,0.9903689619446491,0.993655845790516,0.9899206635219411,0.9814494212657854,0.9899495593984526,0.9709793654874755,0.9921047105029667,0.9901282493865463,0.9899759841901111,0.9900214137972599,0.9909593918796574,0.9955706922070425,0.9955005182831094,0.9929854064589977,0.9929852561449394,0.9900167941603583,0.9900711958844156,0.9894506486961921,0.9666252351666427,0.9859043350599659,0.9783981768753649,0.985692485021323,0.9839381356088263,0.9758340426694334,0.9190452291676967,0.9878362561282413,0.9846922638883424,0.9773100611049438,0.9201846296616121,0.995080649292334,0.9949311707563887,0.9952012692045867,0.9908935366578739,0.9947060134537397,0.9951996280329254,0.9956864621167474,0.9968098198304589,0.9951805887819393,0.9951889638031343,0.9876651258733813,0.9163556016848936,0.5896566236204581,0.9102511486250191,0.912623873588438,0.8458123166566806,0.8720437381532837,0.9155421473885188,0.8755181181408603,0.8988567755187714,0.87120117281579,0.9548363946603844,0.9547610175087953,0.9620632169720003,0.9828167078886841,0.9772786436642223,0.9806125847703823,0.9753411258912134,0.9750328274908346,0.9777238034782688,0.9776407511167767,0.942271829951221,0.9510420500568589,0.9215000117004617,0.921403551395001,0.8313972316118324,0.9729957957360591,0.9750362316539511,0.9752661119175969,0.974738559230142,0.9394002064880759,0.6895571762498239,0.6345931993406023,0.7752532824586502,0.8607445654621034,0.7974070527613394,0.8301768672066745,0.8285370106491864,0.6339845719813472,-0.26879697584776324,0.9620063678086491,0.9679518333627395,0.9617548244274622,0.9780615348419232,0.9592743879700214,0.9660693963839715,0.9652580330650978,0.9143933558570934,0.9686818379866979,0.9193293579039004,0.5251341836533614,0.8814251346051248,0.878314871271594,0.34228809914680497,0.6962226590479063,0.7776480451783068,0.6641245630157903,0.9607206591198677,0.6728426608660497,-0.25929310117832866,0.16252175180227102,0.6421054406233214,0.6474526195155685,0.6938588066951751,0.9623061600723253,0.9621877418364462,-0.04314900645743843,0.19962376763141146,0.03840202450442544,0.004674572887117686,0.033060637417714984,0.0494475494823904,0.017054034546580978,-0.028749348811194855,0.4062848477399928,0.13931341554369456,0.0889503444597224,-0.44669790568371515,-0.4851185798181636,0.6480045979016311,0.7492434851036482,0.7736130983881013,0.8313785992815752,0.825613517242673,0.5492415063374626,0.7374567801058408,0.7686374121556736,0.7673252829677566,0.41672758650274605,0.18827180745307473],[0.9851085576306708,0.9850070056144483,1.0,0.9865166614183281,0.9931326123638726,0.9905270617632936,0.9906158084224195,0.9911213452202697,0.9899143926613999,0.994327618096719,0.9570826336781573,0.9970944286796883,0.9910097332801975,0.9929347437397854,0.9911803154363549,0.9921855011222477,0.9914897623644258,0.9905709021891186,0.9897642749884094,0.9897311753538209,0.992859551556831,0.9910505168727559,0.9940425669047988,0.9809566947910849,0.9910672822259028,0.9787767802026138,0.9915264970383829,0.9831821812973034,0.9836487308836785,0.9521138494253849,0.9719737281412129,0.9758000177283909,0.9780585313307272,0.9519019007191444,0.9879221734008945,0.9910458058866181,0.9893658463633275,0.9929761545180461,0.9950591716145978,0.9921484244454017,0.9857160186130292,0.9882189977599783,0.9882132722780158,0.9875887698206692,0.9910783698491209,0.9158625497858538,0.685740105957325,0.9327275448008899,0.9070084205812414,0.7644825215794816,0.925322311162962,0.9013038092480801,0.9276519727324506,0.9252224999227276,0.9139486377018348,0.9522911807088663,0.9599870655987621,0.9673014649096318,0.9799838051946159,0.9341499536343003,0.9543825310135085,0.9572655281382534,0.9635927826785964,0.9577234486808556,0.9320049662085774,0.9062804049710512,0.9336516753121822,0.9277648211839741,0.9102527785917962,0.8731538234625723,0.9635815613217675,0.9416155192829092,0.9578169857014196,0.9364650645662366,0.7910654701755657,0.814518730401984,0.7418038630267111,0.8358430982250503,0.8748691120376316,0.8738548498050389,0.8435429833997649,0.8575454679473348,0.33175414840265155,-0.5673058466977081,0.9512537043174205,0.9298050487388859,0.9319565262262809,0.934465248269739,0.9455817223562268,0.955338484543727,0.9549205164185729,0.9199996967789313,0.9512209215215005,0.851830208119578,0.648411649176677,0.9413839532366862,0.9411244582253181,0.7331660726048751,0.9094908531978453,0.9301185567132895,0.8105421898809748,0.979320755401074,0.7782328888939132,0.5359182184358396,0.6531686890604692,0.7868540909369287,0.7928067746663786,0.7756565032561071,0.9826532170315603,0.9826929992891925,0.6624291243040253,0.6531080934075146,0.7128484171694168,0.2963946778333302,0.6933262861546897,0.7119339700158283,0.7231563952190444,0.7086687834512,0.7164217885354054,0.6737054930625387,0.652899053251178,-0.3218049314037493,-0.4590348409819607,0.6084860926454011,0.8589314712994995,0.8914661421134441,0.8939557082780202,0.8900576980647713,0.7591458284581946,0.8659120769438353,0.8801679426895384,0.8887004845686841,0.738602313984936,-0.11039475428982132],[0.9999250957578357,0.9997963174469272,0.9865166614183281,1.0,0.9992689630023526,0.9882964023562691,0.9979881729038163,0.9961086828628278,0.9713898989585134,0.9964973427922633,0.9799976827261295,0.9942614912280466,0.9962249379014011,0.9956940389933915,0.9961579042368605,0.9966960142756557,0.9980326018764544,0.9985328786410086,0.9967608221389179,0.9967697048029528,0.9968797782340674,0.9961794796766917,0.9873885291556147,0.9718562115179031,0.9897740117726784,0.9583270939516215,0.9887906988860301,0.9861441713496815,0.9676406277204811,0.9487608602778054,0.9930112570752462,0.9939895533869472,0.9920948712125122,0.975663473323637,0.9977291293264975,0.9981330009008393,0.9975905315660935,0.9963464050257601,0.9961385367884358,0.9980582922245527,0.9982141811778252,0.9988569949208694,0.9976682507049841,0.9976755422492872,0.9785745257358017,0.9124946374334971,0.7386689554507399,0.9114128708117093,0.9107154674726204,0.8360117641451822,0.9623157872830682,0.9425738165987722,0.9636781961747358,0.9623695965157814,0.9541786841876502,0.9833908490265941,0.9807338603605308,0.9894322853880444,0.9945156256390602,0.9835692040627336,0.977980662809281,0.985483074973595,0.9838192275833951,0.9860022091797765,0.9857770121273961,0.9524828395127282,0.9688429439896205,0.971424341531728,0.9710825113042557,0.9420792304911393,0.9769366008248551,0.972061720068219,0.9816087748305661,0.980758635090386,0.9134957379624173,0.867691586711701,0.8326554631027039,0.8861599935425903,0.9082894792223072,0.9067803409450885,0.9066881588540211,0.9053153344962389,0.5497013371678704,-0.5697972114907343,0.9774988748818652,0.9698647699756027,0.9661743223542364,0.9843753431596509,0.9713193950862171,0.9819459351105558,0.9818958739713243,0.9468565494859673,0.981397415245064,0.9327373830648548,0.6785704082748669,0.8895924798204435,0.9241745610994094,0.7701328416008194,0.9280114994530637,0.9464688134964193,0.8248381796376474,0.9620646497167971,0.8898930461588693,0.6259117122227186,0.7107195288768836,0.8871302006207628,0.8630259289338325,0.8839609137492763,0.9718777676751732,0.9720814538050939,0.7400807595237134,0.7150132741288914,0.8170390787222972,0.3629621162259763,0.7909301771043229,0.8211014618924545,0.8079721068763173,0.8091114068439018,0.7625936640915572,0.7446225341310595,0.7256062769211427,-0.24712787832143532,-0.38855126287544284,0.6466483564892774,0.8961077706540854,0.9400870990033511,0.9450971109553233,0.9155212180052424,0.8252960698888391,0.9118965062821928,0.932948231461555,0.9329674840216302,0.8620504683166076,-0.1822996153572691],[0.9989801112519601,0.9978427813443086,0.9931326123638726,0.9992689630023526,1.0,0.9912330219563653,0.9990628049574201,0.9983788370752315,0.9845182270087212,0.9984382957507526,0.974124015663669,0.9978481110234637,0.9984188352925525,0.9982442893899661,0.9984124453758152,0.9986353919215809,0.9988700278719118,0.99923656904002,0.998778323974796,0.9987776046941903,0.9984880868093934,0.9984056763405653,0.9939453076245335,0.9795380642646125,0.994203336197369,0.9767614236442538,0.9941519270054653,0.9894715927310831,0.981395541743314,0.9522569013879213,0.9895505516963771,0.9921438387730344,0.989665523818831,0.9670007011684248,0.9989411153463909,0.9989804473237125,0.9989844756613255,0.9985128456278842,0.9985858925659563,0.9990855991731907,0.9989846480166682,0.9991547801524079,0.998930061614905,0.9989294044147976,0.9888230064224994,0.922056414631913,0.7143658791981594,0.9248689728013496,0.9145946932723302,0.8195257961782245,0.9466093922397906,0.9324443164989249,0.9506412849967043,0.9541476994631349,0.945400288437337,0.9797430682549652,0.9796748440365113,0.9888630104437283,0.9945362241147259,0.9797537297227988,0.972128773762882,0.9806603341167884,0.9796304439807071,0.9809907079679095,0.9807165480773313,0.954016157844471,0.9591387540316467,0.9539827560967086,0.9535343923513916,0.9111727805512178,0.9740333157438288,0.9705543762501334,0.9770427802329932,0.976118152963684,0.9346240282962978,0.844160135803905,0.8011215301609984,0.8690798601866152,0.9116158374286182,0.8934505063605348,0.9017835762759511,0.9004939999812452,0.705881492730964,-0.5905632086467837,0.9705913104309916,0.9585280177227137,0.9559312158783058,0.9808130781789971,0.9607071598542206,0.9746861326495354,0.974232744987406,0.9369066553250964,0.9765799728532472,0.9406483295800765,0.6655280171385255,0.9085352887000758,0.9453722594626689,0.7239283626457387,0.9077085635899143,0.9317480097595345,0.8187744354095172,0.9677662305747579,0.8823581191615678,0.4699333169870028,0.6450141382900192,0.8703773723356927,0.8292793192639899,0.8729099840455484,0.9758804126982806,0.97603618138561,0.6947098838849527,0.6961988058339768,0.7380751575081951,0.338516519424834,0.6793154313883425,0.7437537105341877,0.7204007832903627,0.6998692482429889,0.747079644691812,0.7276005523231767,0.7076453190164848,-0.4647236503339897,-0.5433491906664144,0.6370922333323701,0.8890302901254673,0.9246842741288613,0.9371793698940531,0.9119684624976377,0.8027513804350218,0.8956239578374975,0.9178732252666616,0.917428310100099,0.7965552339421742,0.030119491861910107],[0.98729910187359,0.9903689619446491,0.9905270617632936,0.9882964023562691,0.9912330219563653,1.0,0.987272539848627,0.9876247848539179,0.9908681916648836,0.987266845002215,0.962493522138742,0.9796402560179489,0.9875447065959109,0.988845313579732,0.9876879634794391,0.9884703441657411,0.9906430161530372,0.9887136450057165,0.988459950524816,0.9884604646531859,0.986489723041922,0.9876235906800608,0.9959781179582802,0.9920432373922735,0.9878860743447722,0.9838325344293749,0.9878602137912025,0.9724291103901044,0.9860246123081082,0.9691677219934652,0.9691690869177425,0.9738818295877842,0.9822162484018871,0.9694634113639352,0.9871496692239835,0.9873815639111778,0.9882050451245182,0.9884474445722649,0.9815438459244885,0.9882499931686725,0.9857589588303654,0.9878126135309764,0.9872647222318286,0.9872779232350746,0.9951621909421994,0.873522945419017,0.7121730776612749,0.889734943795677,0.9071103100372483,0.8343135896673256,0.9277496971069422,0.9109954501165027,0.9298449824929647,0.939299697261725,0.925470845276172,0.9586977682172756,0.9634864038653294,0.9662790267739634,0.9770787367048688,0.9689041787094341,0.9825380156570128,0.9700395902325728,0.9821265276982716,0.9697895538634901,0.9692372403550346,0.9708170625637346,0.9629305738006341,0.9441688331220078,0.9436655601075664,0.9350765499421093,0.9798950590881162,0.972267865970369,0.9702294398148333,0.9686998326948278,0.9543214811198573,0.8663709275154925,0.8188114187174902,0.8866731016034646,0.9028339006763508,0.9109045201579495,0.8930866998249232,0.8908667971920581,0.6736065020653412,-0.5294846089776938,0.9766419948900815,0.9748636195242723,0.9710498912327563,0.9699756638205723,0.9677576458668179,0.9762965605001973,0.975916813837048,0.9597799722665283,0.9656765106224214,0.9589221090558953,0.682767018644133,0.8582142511772518,0.9433175151675282,0.7711193027521265,0.9190711651694735,0.9353362258570713,0.818648759652264,0.9579507833144706,0.84351613465869,0.5667867429237787,0.6822751333294457,0.8413864438512013,0.8215367044012313,0.8396381462674558,0.9597053398598853,0.9597899184718387,0.7005265330384339,0.6933581180305934,0.7585186601565934,0.36334881307225886,0.7411280879052765,0.7642435029614775,0.7506297587588292,0.7527038823114209,0.7482291734090081,0.712648563135361,0.6958581234477186,-0.27659380674334455,-0.4055892858557253,0.6680676441816104,0.8768554976497741,0.8944958735294432,0.9038342653553691,0.8907343904207622,0.7953756781136635,0.8639843684485097,0.8859988998698299,0.8861313851078835,0.8294748827919884,-0.15263548864626902],[0.9976756850833821,0.993655845790516,0.9906158084224195,0.9979881729038163,0.9990628049574201,0.987272539848627,1.0,0.9972765521309547,0.9586658043324406,0.9995539837056074,0.9739926764222617,0.9994780138158882,0.9982298911383684,0.9990986059717415,0.9990767194802564,0.9995139004923806,0.9973270789040767,0.9999016852887348,0.999296741730658,0.9993018918383244,0.9996717805244529,0.9992666789256348,0.9906562614045006,0.9751682749784383,0.9846946795474503,0.92575664976538,0.9928691759537361,0.988918512912216,0.9728144060191567,0.9469670911417764,0.9919499159469453,0.9917630680062841,0.9932756566938228,0.9729273088654122,0.998890729343645,0.999830204107409,0.9996743888624232,0.9994230618060924,0.9996953174353186,0.9998599662502364,0.9981191470706972,0.9996957338194843,0.9993134292221655,0.9989406688742757,0.9824271798848744,0.9290607041675908,0.7305008826090383,0.9368100858694733,0.9244530679931681,0.8127972733760348,0.9578432727353843,0.9420229670471151,0.959981482751493,0.9585532240843371,0.9512363107563336,0.9817620769155013,0.9803530039139557,0.9912281111709029,0.9964920587020174,0.9437280862939997,0.958877057216614,0.9708027328287663,0.9711965889307821,0.9725213227769435,0.9438128009585923,0.8969461454276545,0.9496312944554917,0.9575546882435092,0.9347610006481992,0.8844729783857189,0.9635430266926337,0.9344081156811644,0.9647638004545288,0.9440875280518329,0.7540684556595537,0.8386332500124851,0.764180736713832,0.8560326403098019,0.8799705499457057,0.8842332117661215,0.8629440891052226,0.8753320436826706,0.28554575359064976,-0.6039324607573545,0.9612796103046378,0.9428654030541699,0.9420661891330844,0.9457721441010205,0.9575302156541254,0.968521796956162,0.9685648948337976,0.92701035040076,0.9648193446583775,0.8338393173748716,0.6599391698358772,0.9089555170817298,0.9240508767766077,0.7589009471310033,0.9251747673507269,0.9448352649324367,0.8193165676667943,0.9671416618432609,0.8315603908606678,0.6152352947916466,0.7013868138022411,0.8446970819540713,0.8421226971644924,0.8307452413163732,0.9759540257893238,0.9761699953365104,0.7270653382008198,0.6930331498014896,0.7824101936838204,0.33351197830108037,0.7683095279723581,0.7922524067271002,0.7817066501604562,0.788848328932595,0.7432080078670917,0.7327354777251066,0.7119320864445148,-0.2645797490832445,-0.41326448706292307,0.6552457782849685,0.8913461098468922,0.9280917459563801,0.9436132818900741,0.9160637049286104,0.8240921036994162,0.9120879600541641,0.9336376898789348,0.9330832989989108,0.7756181930114576,-0.1457571224114113],[0.9956105269011183,0.9899206635219411,0.9911213452202697,0.9961086828628278,0.9983788370752315,0.9876247848539179,0.9972765521309547,1.0,0.969940164707152,0.9999849740067959,0.9684614550917807,0.9996844701471904,0.9999969508074519,0.9996753319350762,0.9999979815413347,0.9996804138957084,0.9932322579341163,0.9993593676396093,0.9998950574292037,0.9998945961325609,0.999959362723714,0.9999947674199908,0.9909785162330916,0.9763562353675557,0.992132560470757,0.9399917567964311,0.9933733722542555,0.9864307397162364,0.9750118461369898,0.94587272474399,0.9882233843818711,0.9940476558374883,0.9919336795206097,0.9696656199334694,0.9994402098932414,0.9995146320830278,0.999632974024652,0.9997050711725978,0.9989152401192695,0.999446389089208,0.9986218311396233,0.9986386433499873,0.9995096784285359,0.9993750369285481,0.9839560364664013,0.9290643476319282,0.7175294828616169,0.9420677652951983,0.9221775512704822,0.792964761534012,0.9562132327154245,0.9371837346461086,0.957949619467026,0.9522699834920151,0.9448139377966793,0.9797519378624437,0.9771859288429671,0.9902017143971265,0.9972325913602051,0.9382482846453059,0.9536282651374189,0.9634364993710102,0.9675215206689158,0.965609434839582,0.9419103839193018,0.8872433624102019,0.9440096841103554,0.9499831556327062,0.928864400588007,0.87018661295521,0.9602667337640122,0.9273967473655214,0.9585739280821587,0.9389865392715023,0.7388363971094065,0.8291492267783716,0.7592870383552628,0.8465777885403267,0.871601070546525,0.8786264552639281,0.8579567878013015,0.8675698739245536,0.26571323357833315,-0.609312158187061,0.956256750537145,0.9342754199903022,0.9345602491637418,0.9436255816950113,0.951915857979674,0.9636038190026331,0.9636392931256804,0.920638565941116,0.9569645368646125,0.8201424365387596,0.6556760943681572,0.9270529630464509,0.9360268740174019,0.7539775091446099,0.9246286316006999,0.9445337764261995,0.8166845800522897,0.9716445978967577,0.8350954898545001,0.6008604514931699,0.6920854931676753,0.8458035483918797,0.8390377481378836,0.8339314732185132,0.9788019966568896,0.9790230016277321,0.7171029993310007,0.6843915591314803,0.7841858754167269,0.31928272514712214,0.7630723703501768,0.787815978064714,0.7827919000115657,0.7832478599343655,0.736156924945084,0.7264540554317683,0.7049956660700711,-0.28131438693937877,-0.42901994314485425,0.6383268426834109,0.8830871428816083,0.9257481831165917,0.9359110203313257,0.9098376468921252,0.8127858590362993,0.9055613856242485,0.9273121027779884,0.9270025828288568,0.7557070007747442,-0.12812314662480592],[0.9691267915656802,0.9814494212657854,0.9899143926613999,0.9713898989585134,0.9845182270087212,0.9908681916648836,0.9586658043324406,0.969940164707152,1.0,0.9853822021476187,0.9433452918310865,0.9901041409268704,0.9736796685113699,0.9837309946935624,0.9786107673386275,0.9793497904713607,0.9530462489272725,0.980808110219061,0.9792552742626452,0.9792265178973039,0.9833423453445624,0.9786343059164972,0.9946549471020703,0.9910947720562455,0.9824270381842068,0.9863861378753572,0.985276867818189,0.9868815143671527,0.9891138428293416,0.9621055748220688,0.9316045633996087,0.953053277234616,0.9692178844511902,0.950135873923699,0.9732032675790807,0.9813325199485903,0.97826451400803,0.9806530355895885,0.9881863734805788,0.9830052206321443,0.9691074783315372,0.9778451962162077,0.9740177754090771,0.9729987508750082,0.9988281861813066,0.8900147976439935,0.6654697779017853,0.9336617501988239,0.9205118609843436,0.7741780623501213,0.8904408988649727,0.8802256233202574,0.893946103882991,0.9098715051689755,0.895472421279958,0.9331621678769754,0.9478682815778484,0.9516150903603322,0.9656968848461638,0.8905127016898918,0.9547224800363542,0.9341504016917385,0.9562953208586874,0.9344879537046759,0.888516693986842,0.8898090773908158,0.9253692662784346,0.9009256900625968,0.864042464320812,0.8499775573457231,0.9572615805371945,0.9049245876462896,0.9336642124953581,0.8937262531834897,0.7714257851129321,0.8041351889579066,0.6925382857987514,0.827550068937488,0.8521027646263625,0.8645986216702082,0.8145463206377457,0.8327781657208095,0.3010169957343288,-0.5578060672499636,0.9438005037538051,0.9313337407889964,0.9296918243036946,0.8905780859931987,0.9328575908907446,0.9432396961316989,0.9426793316250475,0.9193775010044106,0.9272985102183808,0.8312567095492566,0.6596770791521055,0.9186970268037707,0.9516751088382968,0.7396711132438389,0.9054465758560124,0.9232869278865398,0.7997208286854468,0.9674820743484582,0.7466596900824026,0.5023930456251112,0.6354467070511314,0.766672303582387,0.7716223657580104,0.753290277401986,0.9671732544655952,0.9671926135354876,0.6465836139592108,0.6422632207470362,0.6800545587042434,0.3036448517688968,0.6770943801330216,0.6927991633978867,0.673889250602258,0.689357202826135,0.7105115246195722,0.671181004453649,0.6514978819175931,-0.3305790194910638,-0.464505432220917,0.6600741244266527,0.8483651475371496,0.8470851917003407,0.8720940839162085,0.8734756416107745,0.7565686012955685,0.8236336400660422,0.8532835905143545,0.8482167416470401,0.7137067909081669,-0.06862204470640308],[0.9959230866855128,0.9899495593984526,0.994327618096719,0.9964973427922633,0.9984382957507526,0.987266845002215,0.9995539837056074,0.9999849740067959,0.9853822021476187,1.0,0.9678033206517824,0.9996835661225361,0.9999817818741559,0.9998455998923901,0.9999903835633583,0.9998977568101464,0.9985228443246056,0.9993508926800744,0.9998371372638752,0.9998361724818653,0.999967790430306,0.9999829183842135,0.9938692472400456,0.977849848988141,0.995402346867203,0.9749964877046233,0.995536825951167,0.9863969807138621,0.9794040826769188,0.9471230119878735,0.9888535129186944,0.9931716458644186,0.9890262237279063,0.9653625970291738,0.9993752790826832,0.9994550004109921,0.999461234958152,0.9998489228544939,0.9989244975046698,0.9994329161861201,0.9988600974756227,0.998652638212717,0.9993714338659858,0.9993657895926565,0.9884912463255743,0.9291034188450216,0.718169832489136,0.9418713553849575,0.9219772472857388,0.7931776666231773,0.9437524038758702,0.9274985677646598,0.9473090327588634,0.9497662967472412,0.9421199431944423,0.977655058865606,0.9772420031571738,0.9902658978266093,0.9967015054634859,0.9691374809060198,0.9540025819213053,0.9699708795884155,0.9676188703301899,0.9703971662299665,0.9700810819014068,0.941290985221966,0.9433511254047151,0.9432658029241564,0.9428743102481374,0.8989325655796232,0.9606140452879456,0.9608782789198747,0.966872047275099,0.9657480755254784,0.9213699109485547,0.8285142130924357,0.7795035559230576,0.8457451422653652,0.8928290397749028,0.8773257176897526,0.8845365360766363,0.8835203475645378,0.6531129340676692,-0.624023758556439,0.9562237726533942,0.9343118084358649,0.9347107905316425,0.9704306171448884,0.9469274211455581,0.9631971717240938,0.962715632422917,0.9216088237729404,0.9653475302061544,0.9256777565843184,0.6541358529454094,0.9266135157664291,0.9494667923306976,0.731249106600119,0.9123230107783076,0.9358494187861008,0.8158324274539586,0.9704772015431575,0.8889727287579487,0.5017429983974053,0.6616092283438234,0.87761771369791,0.8370370475768543,0.8805973395938113,0.9787330078816203,0.9789835270801591,0.715043456197911,0.6814229512045712,0.7537744617363817,0.3171726068328805,0.6967694862442765,0.7591871542144883,0.7377523727085621,0.7181912018523029,0.7336673078341829,0.7233033598496426,0.7017987484376762,-0.51342510070932,-0.5930217010189005,0.6381472980707168,0.8819500903694767,0.9247002157311337,0.9378877230404168,0.9088854463160603,0.8081100397899362,0.8960164359502216,0.9178827220335911,0.9173264218823906,0.8064684593702375,0.10202288639158696],[0.9803453630471456,0.9709793654874755,0.9570826336781573,0.9799976827261295,0.974124015663669,0.962493522138742,0.9739926764222617,0.9684614550917807,0.9433452918310865,0.9678033206517824,1.0,0.9568280491129095,0.9688331859634556,0.9678198530176495,0.9685739772298575,0.9693834630118313,0.9724733078109729,0.9759154974754263,0.9725821224388371,0.9725953911582138,0.9686247804426126,0.9686916602249056,0.967203538859757,0.9548853568779464,0.9749556065672218,0.9556576540720785,0.9729528032399668,0.9123782122859464,0.9706188018355281,0.9549245666711452,0.9779441282433661,0.9724552760914187,0.9725068595895725,0.9410379916472427,0.9762243457597052,0.975821500513154,0.9762310718560766,0.9690772910067038,0.963711763076913,0.9752638085776759,0.9771316173223921,0.978437236882052,0.9763907509531263,0.9764067709204747,0.9566844125720126,0.8531514971173033,0.5404138699634407,0.8244560580546618,0.9041360316899487,0.8791869616230326,0.90608394018052,0.8430105543748615,0.9103559947863784,0.9213981257258521,0.9076096122095049,0.9384835030187753,0.9383533849843436,0.9466986031576061,0.9713445264243311,0.9469282066504859,0.9396480663114835,0.9560725394320952,0.9505053763175736,0.9546535605376566,0.9546727131004225,0.9133637175380288,0.954727560236092,0.9421118384241706,0.9418022518434288,0.869764310097536,0.9397236438848915,0.94683603513422,0.9408837653159438,0.9398366305459299,0.8919706088583362,0.8368094526308688,0.7966044195017887,0.8765300707100347,0.9229795454373018,0.8976175000031997,0.9103832089937405,0.909758392699107,0.7398402656954937,-0.32035096931692275,0.9551253666310145,0.9571276863451095,0.9486480089096042,0.9485431687199666,0.9344059788460672,0.9563094016933351,0.956275596351091,0.9050291665473494,0.9581355260912696,0.9093507806418594,0.7444410735790568,0.7384097232179312,0.8773929745109871,0.6608731472133836,0.8669911683348993,0.8999509938101905,0.88290629242714,0.9541141874475736,0.9089506268717005,0.3820236645753946,0.6631276073000325,0.9014744850193706,0.8809627966948029,0.9084419539922007,0.9543235164085871,0.954633458089295,0.5535256856483637,0.7183848488579361,0.6284729871600071,0.5017896558688864,0.5890296028104957,0.6421324625482775,0.6039546735448611,0.577440758748502,0.8192165585448867,0.6970010101990712,0.6621328903179219,-0.2947045327797489,-0.3476256471816355,0.7552704862072573,0.9180702476879264,0.9249494440958165,0.9151076301270054,0.9421799577038322,0.6759610344930028,0.8500942211141602,0.9119832439284841,0.9111744760034435,0.6956462103379943,-0.1633146778736751],[0.9930041600061712,0.9921047105029667,0.9970944286796883,0.9942614912280466,0.9978481110234637,0.9796402560179489,0.9994780138158882,0.9996844701471904,0.9901041409268704,0.9996835661225361,0.9568280491129095,1.0,0.9997085421263097,0.9996893085842274,0.999697081254616,0.9998303555743638,0.9982206800774333,0.9992092056723169,0.9999602566616445,0.9999598349669434,0.9996959837675967,0.999703431437807,0.9911177012595547,0.9622919912663785,0.9921346871551481,0.9806670369820956,0.9931660129281672,0.9901651381247263,0.9736366026896224,0.9067564624850589,0.9891665484890794,0.9928033924898635,0.9750232958533658,0.9070671926214673,0.9992319343185692,0.9992934716877637,0.9992369437994394,0.9994883274080083,0.9994610514400152,0.9992595509031305,0.9985569492758545,0.9980397230849908,0.9992083183203961,0.999204259816046,0.989959475677064,0.923297427076005,0.5586072367755439,0.9379301286673852,0.9212058161931395,0.7969076384084708,0.8600799409037291,0.8993294389189941,0.8650625351079813,0.8810994101258327,0.8574520213141102,0.9526845008987559,0.9526296876611589,0.9766889071614548,0.9938362784832381,0.9557821957714704,0.9576835194697202,0.9484290519878393,0.9502762353701233,0.9523759650363662,0.9521944947722398,0.906569312729541,0.9179390524369612,0.8817578861532277,0.8815900880415656,0.77701530283099,0.9525066914154527,0.9555405705994231,0.9556856535625733,0.9550384723234762,0.9087670624886007,0.6399764764411379,0.5813249727159728,0.7264366856529194,0.8194648714993377,0.7538122815563647,0.7880168987854689,0.7868682938523228,0.5779566150119306,-0.38838426102971957,0.9293001276061894,0.9380439808509666,0.9290211381522897,0.9570502989410669,0.9261370277283911,0.9345761196969465,0.933485262190764,0.871997037143763,0.9384015574772996,0.878441446241647,0.5621450097740335,0.9235443630040703,0.9175192334510472,0.37177613614751426,0.7242416554669174,0.7988580294582871,0.6724443318905534,0.9737386240220207,0.6805100126598617,-0.2019942700082282,0.20756722070984615,0.6542115213614301,0.6577654399451661,0.6990375112784469,0.9749542755460876,0.9750111888831097,0.012892340424896462,0.24533027023302612,0.09586813365015033,0.061360545144501365,0.08847079931577789,0.10729148803278261,0.07399694481842534,0.02285026925110077,0.4486278351343256,0.17733988776076,0.12432305580822883,-0.5145930803601011,-0.5523084805299324,0.6381761226395349,0.7448304651545385,0.7693860725129223,0.830196410681417,0.8264356188364024,0.5328296904613491,0.7312150065891638,0.7645584063692292,0.7633314346623511,0.41148000761840664,0.23714729767041723],[0.9957447250520793,0.9901282493865463,0.9910097332801975,0.9962249379014011,0.9984188352925525,0.9875447065959109,0.9982298911383684,0.9999969508074519,0.9736796685113699,0.9999817818741559,0.9688331859634556,0.9997085421263097,1.0,0.9996592491645026,0.9999976651884407,0.9996973020777402,0.9945562589952062,0.9994065883174212,0.9999055347362087,0.9999052787798165,0.9999669253246576,0.9999951721912514,0.990881522718746,0.9762199258456676,0.9927902938923145,0.9448978270312234,0.993333452785932,0.9865993653255871,0.9748401254529743,0.9458764629585005,0.9891172906409192,0.9941115706559664,0.9920102411026231,0.9698108025488869,0.9994826994994181,0.9995573947255663,0.9996655131004387,0.999706325110105,0.9989955906844414,0.9994897532878517,0.9986905568658798,0.9987155312535699,0.9995531715639869,0.9994184741634603,0.983754215194559,0.9293613453351244,0.7182530216303075,0.9420138291497661,0.9224129751537983,0.7940575572099373,0.9565524295986991,0.9375968279812422,0.9582958772316089,0.9526447699766762,0.9452210760537655,0.979997032750752,0.9773753761729942,0.9903408916309323,0.9972967032624058,0.9385680860342837,0.9537993619352021,0.9637377091705718,0.9676645723213874,0.9659052101414826,0.9421759751961566,0.8874204121547038,0.9442875009154441,0.9504081045874025,0.9293053884301377,0.8706165424396023,0.9603567967951532,0.9276246081830142,0.9588061610831312,0.9392852152595342,0.7389431050570429,0.8296323421528253,0.7598465810793059,0.8470448447198111,0.8719534860791658,0.8788945628099571,0.8583783560318003,0.8680070643316008,0.26604427244821116,-0.6092259212691526,0.9564745662341895,0.9346461819706879,0.9348703566610955,0.9438757104313574,0.9521505902461934,0.9638295545050231,0.9638663826346663,0.9208401134487458,0.9572898497611193,0.8203802078412987,0.6558470915832937,0.9262349083249628,0.9354922929769455,0.7541985104551435,0.924667417728251,0.9445744075544334,0.8169637589246981,0.9714776277879069,0.8355494004132112,0.6018965607959187,0.6927735782282489,0.8462763432474314,0.8395702164765925,0.8343667132842045,0.9787198447846729,0.9789407491294232,0.7177620970389585,0.6849961917339976,0.7847672187814011,0.3201094647035686,0.763760097705915,0.7884977857921677,0.7833792615201345,0.7839569767209249,0.7365538773756152,0.7269139373505481,0.7054817603930372,-0.2803031547179027,-0.42810758376739827,0.6388889852136315,0.8836040550273745,0.9261742327872471,0.9364234526886359,0.9102947303538883,0.8133438768435073,0.9061195743406131,0.9278577181115747,0.9275349552189701,0.7563799858827752,-0.12917128593960764],[0.995008943966755,0.9899759841901111,0.9929347437397854,0.9956940389933915,0.9982442893899661,0.988845313579732,0.9990986059717415,0.9996753319350762,0.9837309946935624,0.9998455998923901,0.9678198530176495,0.9996893085842274,0.9996592491645026,1.0,0.9996960430419244,0.9997792411963415,0.9983502390627416,0.9989807698113943,0.9994981471606309,0.9994910393726996,0.9996784256111472,0.9996519054818204,0.9928809593052103,0.9779164795365235,0.9960348619051499,0.9716526443367967,0.9959257399033534,0.986463009893801,0.9776568620041077,0.9483736579967198,0.9882096342395651,0.9920870737360153,0.9910407245878402,0.9674640411591167,0.9987878511970775,0.9991025285897231,0.9992841137544322,0.9999188357059897,0.9989474849083639,0.9990925422797404,0.9978405293066778,0.9980519082247787,0.9987828696615517,0.998711159780536,0.9878145924496344,0.9293088747111113,0.7139088127076364,0.9421021064532409,0.9223170554825961,0.7933999660386735,0.9519964389705065,0.9308760937185163,0.9531360997676872,0.9491542275093304,0.9410906727590923,0.976457241566805,0.9752520711779966,0.9878843578659301,0.9957813023394679,0.9612265548103558,0.9535189050594507,0.9640745374137389,0.9671059137605623,0.9657966728673851,0.9651047910694655,0.8915491475697227,0.9416461294401169,0.9489273767328955,0.9486210618892089,0.8691999839787725,0.9607413212580642,0.9389842518650376,0.9606847459418778,0.9593941174782817,0.743714452266746,0.8268816828527576,0.7880087597001908,0.8449422795127514,0.873459257029667,0.8782112018661807,0.8667640454311522,0.8671642152023126,0.2518291960367659,-0.6036317246243976,0.9557724272154644,0.9343733579110122,0.9339310443578285,0.9638852536320016,0.9517332358711317,0.9627942112406146,0.9627828958038019,0.9209571846734722,0.9576754732418891,0.8269945335580456,0.6562523571679043,0.9267064632634191,0.9363871320027028,0.751916608396522,0.922990017645818,0.943144726959549,0.8178557298311144,0.9740166114033587,0.8301678675290485,0.5933415144950648,0.6882163445058616,0.8374951816161755,0.8342478743455682,0.8264683035747885,0.9805138434095585,0.9806963004461604,0.7087411737827093,0.6797849713412727,0.7647422180041337,0.3198328699507193,0.7538839709053566,0.777256072730366,0.7536649866321264,0.7729807325663427,0.7343737756059476,0.7170177647595068,0.6958477141422724,-0.2868049885348138,-0.43303127441928396,0.638493362665874,0.8813481650341789,0.9273633756502754,0.9317293697918853,0.9094095961583455,0.8055371131448265,0.8998724173671597,0.9206300250349544,0.9210243547593827,0.7497767956837508,-0.12748932608196903],[0.9956611225663429,0.9900214137972599,0.9911803154363549,0.9961579042368605,0.9984124453758152,0.9876879634794391,0.9990767194802564,0.9999979815413347,0.9786107673386275,0.9999903835633583,0.9685739772298575,0.999697081254616,0.9999976651884407,0.9996960430419244,1.0,0.9997617496541882,0.9975997108799575,0.9993780167120287,0.9998984299134626,0.9998976541594339,0.9999609967695706,0.9999927567464588,0.9910194178079367,0.9764128840188178,0.994579371184833,0.9596221076734757,0.9944096336306142,0.9865309211699563,0.9750590070018748,0.9460495344860292,0.9915736850799949,0.994406042802502,0.9918779843088773,0.9695672876630691,0.9994546292321947,0.9995181292006161,0.9996420515978023,0.9997226487398317,0.9989526097018199,0.9994558083548108,0.9986608051810354,0.9986587111282912,0.9995220025421625,0.9993902757542686,0.9839440849779332,0.929163250154142,0.7175879180127426,0.9420829493606635,0.9223465104683264,0.7934768771897477,0.9563114101816556,0.9373437658195443,0.958082637938095,0.9522278367570918,0.9447442892722738,0.9797923000229376,0.9771418333785079,0.9901751480536448,0.9971994113194658,0.9385823695962295,0.9537368680026252,0.9636228121725199,0.9675949118879181,0.9657799617428005,0.9416604497593694,0.8874738603313018,0.9438796650256285,0.9500541487761778,0.9291052308359516,0.8703210612011298,0.9604247630614717,0.9277879028322465,0.958802560647614,0.9393371746600229,0.739214854301387,0.8291063998044305,0.759577011373764,0.8465802399021326,0.8717838786062384,0.8786073659584175,0.8581237403959844,0.8677535958835801,0.2660771234110425,-0.609016995666506,0.956329900215103,0.9344643056155302,0.934720290503948,0.9419467209676747,0.9521031627417962,0.963681035327146,0.9637132925779552,0.9208207077821879,0.9571510476149814,0.8204298536535514,0.6557179035852586,0.9266635358628917,0.9358952323118919,0.7539303471651887,0.9245139915123232,0.9444437912191864,0.8166891337363478,0.9716640351372597,0.8351487101383134,0.6007185521390881,0.6919781410861465,0.8458411534914045,0.8391891262335014,0.8339780150088947,0.9788520853277455,0.9790696094117202,0.7166591809606887,0.6840054791765349,0.7841834369279466,0.31958037080273616,0.7630617727933275,0.7877485074694361,0.7829762348760916,0.7831574220903632,0.7360640204391243,0.7256553498820199,0.7042319336136416,-0.28111048975989666,-0.4288122393593736,0.6386427508070172,0.883010765424333,0.9258966272412029,0.9359777862340113,0.9098962812120277,0.8125946053481877,0.905795655952585,0.9273744938210956,0.9271813719661244,0.7558286556288891,-0.12842721252650463],[0.9961417745776749,0.9909593918796574,0.9921855011222477,0.9966960142756557,0.9986353919215809,0.9884703441657411,0.9995139004923806,0.9996804138957084,0.9793497904713607,0.9998977568101464,0.9693834630118313,0.9998303555743638,0.9996973020777402,0.9997792411963415,0.9997617496541882,1.0,0.9978991649921888,0.9995365698005927,0.999696298081178,0.9996964363653729,0.999860172884954,0.9997920576380699,0.9918177666667085,0.9768078217599407,0.9940288069422559,0.9535967839975369,0.9939338122458021,0.9887032826409717,0.9755810408508018,0.947276773297379,0.9906741371848411,0.9922758903480653,0.9918668508134928,0.9696019548477787,0.9991003035584569,0.999473241938772,0.9996309343948422,0.9998308688433317,0.9990316824506003,0.9994677508522093,0.9982298353509214,0.9988543905140422,0.9992836855758903,0.999039697083544,0.9849128347063567,0.9229177515293933,0.7152845756830613,0.9400857841017415,0.9220753537554331,0.7924022652759364,0.9543365804715084,0.9367468033141596,0.9563567250067754,0.9514634403462136,0.9437710268558107,0.9788475344092309,0.9764463412444595,0.9895561028351418,0.9963408394092518,0.9400870148406886,0.9552661378323963,0.966246043157898,0.9686337653189638,0.9680867954795652,0.9419653005519326,0.892359416225897,0.9443426048087661,0.9515147463391146,0.9296506426159135,0.8757611551331305,0.9617502148873369,0.9312210679466731,0.9614171233412503,0.9408850535727074,0.7483456631399455,0.8304532227329502,0.7585439006264504,0.8475046644445762,0.8744558011001632,0.8794338501482161,0.8581429094149814,0.8694808739757759,0.27561183599657996,-0.6062428568122643,0.9573723049270763,0.9373365318353394,0.9365866849606039,0.9439948244879954,0.9538613026302509,0.9647118286365799,0.9647999975453783,0.923117133207101,0.9598846563684119,0.827341528545016,0.6633307717430327,0.9266522141158775,0.9335941552845225,0.7573580982378341,0.9264125078499963,0.9458019183219853,0.816227310655756,0.9703771188980738,0.8297850565581414,0.6017352329280623,0.691788