var element=document.getElementById("correlationClose");if(element.style.display!='none'){var correlationClose={"data":[{"type":"heatmap","z":[[1.0,0.9999911450778856,0.7213765289027148,0.9997648150611675,0.998282755220812,1.0,0.993301464002089,0.990390909962693,0.990390909962693,0.9937626330448648,0.9795825871077838,0.9884547998788713,0.9933351219937882,0.9936330847763756,0.9933736979593071,0.6728886014478525,0.5703086791150205,0.20788587588105123,0.9940329289527867,0.9940272284512551,0.9861223382617627,0.9933246016464834,0.35097248999142855,0.7829348778451511,0.9844941810615996,0.9844941810615996,0.9844761819052664,0.9812030366992082,0.2952511897744163,-0.1472414889192741,0.9888305848752645,0.9888030360045765,0.22899022997568258,-0.24034471953109748,0.9951039541086891,0.9953655755962816,0.8706019508877371,-0.33410437805335746,0.9915145717967604,0.995475770273879,0.6478866917672049,0.18817558675534732,0.9952210752406966,0.9952172454667834,0.9952210752406966,0.9153867814089283,0.6642777839844645,0.9392712513830801,0.9420285227784084,0.8697311494541904,0.387614149935592,-0.19263919076292466,0.23998046359351208,0.9550465526809857,0.3568637634072675,0.9754951098196762,0.9728201313436239,0.9820063411734659,0.9890195975576295,0.941298664026237,0.9521500748570706,0.9520558735269158,0.9429358741815173,0.9494349936232139,0.9500025552093023,0.9494349936232139,0.9075335049100137,0.9301448555998842,0.9309525126301448,0.9301448555998842,0.9381839423873499,0.8227754962301297,0.9118403716508219,0.9129021209146019,0.9118403716508219,0.7570823776366263,0.4588203021753253,0.7498242218935008,-0.50903662250552,0.6564138588438065,0.6639289020586261,0.6641775715627478,0.6639289020586261,-0.05848334277699132,0.9260885074934024,0.9545434780554634,0.9414713185100909,0.9425334953982901,0.21822047095054367,0.9204984033716417,0.9209330763255624,0.9204984033716417,0.923655359394696,0.923655359394696,-0.09845754927511387,0.6089649877147169,0.12528618381445197,-0.7292530943695219,-0.6112881298686613,-0.6153576437185218,-0.1761132910790414,0.1642697041656977,0.17822096961874306,-0.056563601530038726,-0.6143665195586119,-0.055778478908905846,-0.7969875305971768,-0.3247421635935094,0.18930377092402936,0.19107637790985313,-0.5896700846369083,-0.5645077583405713,-0.31313397918371166,-0.532613665255175,-0.8074928989819167,-0.4367798450102352,-0.42970735309309516,-0.4367798450102352,-0.26382770972654,-0.38930980330697207,-0.38930980330697207,-0.795886932129181,-0.795886932129181,0.5100248959928825,0.6368252785454624,0.8476168437263567,0.8437353653131965,0.7575038046070577,-0.35880368308124616,0.7481343166987555,0.7695233022610634,0.7696762801191114,0.7695233022610634,-0.14589470343436847],[0.9999911450778856,1.0,0.9849332587156431,0.9995941076406152,0.9964258464885786,0.9999911450778856,0.9868886198776964,0.9825939593211916,0.9825939593211916,0.9868278408790572,0.9775620060673703,0.9875288388699623,0.9869318859017556,0.986817647750413,0.9867990550682186,-0.05485204580058698,-0.1483435557707269,-0.48727737668827664,0.9895764523912134,0.9895760755973058,0.9869690530357175,0.9869728292983893,-0.21542419302801413,0.9828679863784032,0.9836535327052,0.9836535327052,0.983674743158072,0.981289875203354,0.06816420554076451,0.08856109968266705,0.9836618569568167,0.983721285664784,0.6623870397659085,0.004895685005848335,0.9916103558564496,0.9916137208959469,0.9921519820069552,0.9877413115560584,0.9908330725947297,0.9916967144881375,-0.10430657397925412,-0.49123477143899386,0.9921769035702943,0.9921765450057021,0.9921769035702943,0.9150994382205281,0.5206183356571663,0.9392764117696198,0.9419259100660113,0.8693341824420593,-0.17424941964700585,-0.4508883787467014,0.8673293076018267,0.9086077557445499,-0.256441315946889,0.947186676700277,0.947310164532923,0.967883897713018,0.9789919322947407,0.962351354683957,0.9668749721723713,0.9543112757652134,0.9563466395046473,0.9567793413563641,0.9570693096559308,0.9567793413563641,0.8925693257646744,0.8676085239263803,0.8686151638927655,0.8676085239263803,0.9634812821409174,0.9657786218151977,0.9635097075787651,0.964145079396723,0.9635097075787651,0.7257620134588432,0.6883700920701903,0.7536824015434521,0.8019930051113,0.7275880688641168,0.7468239221788409,0.7479760749068297,0.7468239221788409,-0.03429692935772199,0.936119193872203,0.9518962038083856,0.946830977618333,0.9661784644487775,-0.3370809394661062,0.9334004024426259,0.9335158292854002,0.9334004024426259,0.938192145715596,0.938192145715596,-0.17962130040113866,0.6088917538148906,-0.3781371839957467,-0.8114002398866885,-0.4748104051614618,-0.4790077277551757,-0.40873614009992926,0.29520602544407754,-0.2793150887842718,-0.5305703637289647,-0.7681142165655188,-0.3795116751739311,-0.4667640293621134,-0.44597513598495936,0.15856288479672653,0.15661836735164422,-0.49368863812082103,-0.4649683178158818,-0.49309308933077023,-0.5249274013928162,-0.516411882511711,-0.49529053603278933,-0.49875905128242126,-0.49529053603278933,-0.39230739355973915,-0.5606387220299198,-0.5606387220299198,-0.5250273928307448,-0.5250273928307448,0.5081857747824511,0.3836497290173214,0.5207692581893695,0.6507195898565376,0.5402339553475398,-0.4436319838702348,0.4244971153336513,0.3269632078515812,0.32717205150001355,0.3269632078515812,0.22272935655703824],[0.7213765289027148,0.9849332587156431,1.0,0.7192951530868648,0.6693023031458297,0.7213765289027148,0.6985393821424,0.6925035811561889,0.6925035811561889,0.6597804333211305,0.635324473456037,0.9945922461275452,0.6985797857209832,0.6953985087171453,0.6986648059460663,0.3482970289439211,0.29132689338430573,-0.2475247568692784,0.6676345063596328,0.6670322839880252,0.6397777069748588,0.6977609954695632,0.1380001050755516,0.8318910257261076,0.6854556170658656,0.6854556170658656,0.6852594487712304,0.9904172990189072,0.2682343310270342,0.07432565140867825,0.6533578383454071,0.6530582805186497,0.5743008190200313,-0.08504373572840791,0.6936666310927888,0.6522690825977163,0.6558027854321006,0.2737066116959527,0.9933958952056686,0.6507543580089656,0.3294747530057442,-0.2575228600363977,0.7108838485979346,0.6918145276257776,0.7108838485979346,0.9126283264517037,0.4403694140057998,0.9499288599581297,0.93411069014073,0.7921804017374132,0.24689420711126803,-0.08656825315100541,0.060507572384567804,0.6055063018822601,-0.07308226208789483,0.6379515823487912,0.6223074838769568,0.6369104505522569,0.6012970761363677,0.05299341206018283,0.8412077204528812,0.7794738867220291,0.7162025085828595,0.7847451236092065,0.7949975104977203,0.7847451236092065,0.6307401581697779,0.7138725538443685,0.7461759283582887,0.7138725538443685,0.7603138848505384,0.7112914491209293,0.7641895302795965,0.7958997970588122,0.7641895302795965,0.5457176572076827,-0.077339598738983,0.5594311694268083,0.08418247673814483,0.5145962235779584,0.27432691499501305,0.5558965391347405,0.27432691499501305,-0.09987120165420446,0.7008128262447713,0.9101596728276728,0.7573734886571085,0.7988350496050562,-0.10024434835686676,0.7289075981801929,0.7285834131154335,0.7289075981801929,0.7703450271371305,0.7703450271371305,-0.19097996828233227,0.7024569871031794,-0.17237346348776353,-0.7488718919159791,-0.4761494813042749,-0.48038607417846074,-0.4425356718364591,0.1441488035945455,0.01644119794459724,-0.3756943822476301,-0.7286385150293484,-0.19088396562318372,-0.36253486213336245,-0.30586271258967146,0.0842076283726502,0.0832674471478634,-0.5136378701115045,-0.10132018163551719,-0.2878965225843733,-0.5310879824749575,-0.24891959785760062,-0.43533817683038406,-0.32132746453168587,-0.43533817683038406,-0.44045322795710307,-0.5690675009487239,-0.5690675009487239,-0.3384836106850944,-0.3384836106850944,0.46609436124995207,0.250786959125105,0.3150732263954729,0.553858677392247,0.34185078080993264,-0.4067031127855958,0.011424960289828126,0.4707878791482143,0.5623618890893676,0.4707878791482143,0.02452492994020842],[0.9997648150611675,0.9995941076406152,0.7192951530868648,1.0,0.9990136503609733,0.9997648150611674,0.994303891506406,0.99179811946714,0.99179811946714,0.9949569846570488,0.9780767451016166,0.9910270046852632,0.9943290770783009,0.9948881619567356,0.9943470063627986,0.6719094792054179,0.5688277317212552,0.19396470698459373,0.9948705154102461,0.9948670880045689,0.9861181747606609,0.9943120156565565,0.3425606634796269,0.7870222862467383,0.9866792453439819,0.9866792453439819,0.9866605105356704,0.9856012176073037,0.2910070385971457,-0.15286339164936,0.98801467323348,0.9879945410910966,0.22114969192480158,-0.2407128443752783,0.9954608020303133,0.9959186294486538,0.8418488479578615,-0.3379381173047151,0.9933683081438197,0.9962236461099006,0.6463664460219996,0.17401008993300993,0.993769069189303,0.9954968904489686,0.993769069189303,0.9136230169443756,0.6532869368359594,0.9414197210437779,0.9394055686283256,0.8569316883739538,0.3833983836708267,-0.19666855981778678,0.23556610099462189,0.9504654604739785,0.3422275182983231,0.9713501160071649,0.9702687140848605,0.980002749957623,0.9887011230584968,0.925559358391545,0.947866900375488,0.9428653301408845,0.9403095606021564,0.9374080523792786,0.9381427447987787,0.9374080523792786,0.9020410767216056,0.9217959062638535,0.922662600603393,0.9217959062638535,0.9359042029621597,0.7770882827586751,0.8824660822340923,0.8835599054652553,0.8824660822340923,0.7518713811847054,0.20544727550504702,0.7433013597130511,-0.5137923830788885,0.6532020229689453,0.40287731385041514,0.6387474583543769,0.40287731385041514,-0.06370952646063438,0.9227256712520919,0.9500324510326688,0.9364535444054128,0.9250785462555993,0.20493795252695726,0.9177236071401506,0.918266663710103,0.9177236071401506,0.9098520614484411,0.9098520614484411,-0.10243139643742151,0.6249862463518143,0.13038262154845873,-0.7373203145679178,-0.6170570531844497,-0.6210506756072635,-0.1866353399369348,0.16052882770432542,0.17243086701100543,-0.06847450520253022,-0.6242576364407768,-0.06090617447800573,-0.8015459487274755,-0.33137911572897516,0.18079889949972353,0.18262376441954106,-0.5952059602336719,-0.5613297784090359,-0.31319418414745936,-0.5411599410265445,-0.808293007252537,-0.4372120783894623,-0.4306782582798609,-0.4372120783894623,-0.2708740611286664,-0.39727465656403965,-0.39727465656403965,-0.7949796074434391,-0.7949796074434391,0.5021447097215872,0.6269634693188826,0.8401108628815409,0.8366397085730296,0.7512193178284536,-0.369941367498112,0.7397641959262841,0.7611241885099,0.7612730268759069,0.7611241885099,-0.13166679110571414],[0.998282755220812,0.9964258464885786,0.6693023031458297,0.9990136503609733,1.0,0.998282755220812,0.997440616315092,0.9962907462359331,0.9962907462359331,0.9976543266066846,0.9727429237875828,0.9967827724232169,0.9974590601095024,0.9975129562459331,0.997479057243763,0.5482225217408153,0.41886867634392294,-0.011537414366496062,0.9977885012799645,0.9977874119241541,0.9886827566171035,0.9974442082292271,-0.015535928418252224,0.776106121672123,0.9934500201988377,0.9934500201988377,0.99341453112862,0.9917576765423463,0.07043785530141541,-0.13634257211474252,0.9871908923792155,0.9871308629257669,-0.06952486853713714,-0.15047012271570698,0.9978220723986033,0.9977412706068266,0.8392247543897067,-0.4464221975755889,0.9978357882409951,0.9980922000645411,0.5086980314479638,-0.03541469753624411,0.9977764442477042,0.9977792752907285,0.9977764442477042,0.9247137501754172,0.6229108878076997,0.9476632635859095,0.9369154630708426,0.8370651240282194,-0.04125935676722006,-0.5821693228740883,-0.12301330374646845,0.9426605106697319,0.19995595501086225,0.9701025644540836,0.9701165016589707,0.9836670476615788,0.9894769427080995,0.9254922754578376,0.9326983068210928,0.9335643951115576,0.92956651066673,0.9320444290584121,0.9323743702152197,0.9320444290584121,0.8820233564599601,0.8867158480317384,0.8876831334668536,0.8867158480317384,0.9263833836817623,0.8566463039691089,0.9094793051343251,0.910082919276172,0.9094793051343251,0.7199207650872784,0.6317858785692081,0.7142892283824859,-0.5103048071680372,0.6980174208648384,0.6823905107057345,0.6818829029618182,0.6823905107057345,-0.06659917799112486,0.9078461594286092,0.9306670672595303,0.918074072191725,0.9321459824667793,0.05170852428846865,0.9063653753630994,0.907145247925465,0.9063653753630994,0.9106378594003173,0.9106378594003173,-0.13692912099344556,0.6670216859688058,-0.014502845335998417,-0.7609839845713415,-0.6574097629786092,-0.6588256507817692,-0.21313987081059363,0.1837096263088358,-0.207538811315271,-0.3049268489357982,-0.6819594995972342,-0.40517222457480273,-0.8364767691104102,-0.5876145411119453,0.1533524726637433,0.15504001141738447,-0.6175007990656081,-0.5585255166206068,-0.5682047915868838,-0.575315345244936,-0.7615362085534612,-0.6153945194062437,-0.6184704604070399,-0.6153945194062437,-0.30338903990656413,-0.4251610267352459,-0.4251610267352459,-0.7329504346060673,-0.7329504346060673,0.4890266615855142,0.6134228757186417,0.8050102516112589,0.8107875017000677,0.7454471270032373,-0.4866575293904679,0.6288726364864807,0.6663252950136864,0.6663919422964016,0.6663252950136864,0.094206555982658],[1.0,0.9999911450778856,0.7213765289027148,0.9997648150611674,0.998282755220812,1.0,0.993301464002089,0.990390909962693,0.990390909962693,0.9937626330448648,0.9795825871077838,0.9884547998788713,0.9933351219937882,0.9936330847763756,0.9933736979593071,0.6728886014478525,0.5703086791150205,0.20788587588105123,0.9940329289527867,0.9940272284512551,0.9861223382617627,0.9933246016464834,0.35097248999142855,0.7829348778451511,0.9844941810615996,0.9844941810615996,0.9844761819052664,0.9812030366992082,0.2952511897744163,-0.1472414889192741,0.9888305848752645,0.9888030360045765,0.22899022997568258,-0.24034471953109748,0.9951039541086891,0.9953655755962816,0.8706019508877371,-0.33410437805335746,0.9915145717967604,0.995475770273879,0.6478866917672049,0.18817558675534732,0.9952210752406966,0.9952172454667834,0.9952210752406966,0.9153867814089283,0.6642777839844645,0.9392712513830801,0.9420285227784084,0.8697311494541904,0.387614149935592,-0.19263919076292466,0.23998046359351208,0.9550465526809857,0.3568637634072675,0.9754951098196762,0.9728201313436239,0.9820063411734659,0.9890195975576295,0.941298664026237,0.9521500748570706,0.9520558735269158,0.9429358741815173,0.9494349936232139,0.9500025552093023,0.9494349936232139,0.9075335049100137,0.9301448555998842,0.9309525126301448,0.9301448555998842,0.9381839423873499,0.8227754962301297,0.9118403716508219,0.9129021209146019,0.9118403716508219,0.7570823776366263,0.4588203021753253,0.7498242218935008,-0.50903662250552,0.6564138588438065,0.6639289020586261,0.6641775715627478,0.6639289020586261,-0.05848334277699132,0.9260885074934024,0.9545434780554634,0.9414713185100909,0.9425334953982901,0.21822047095054367,0.9204984033716417,0.9209330763255624,0.9204984033716417,0.923655359394696,0.923655359394696,-0.09845754927511387,0.6089649877147169,0.12528618381445197,-0.7292530943695219,-0.6112881298686613,-0.6153576437185218,-0.1761132910790414,0.1642697041656977,0.17822096961874306,-0.056563601530038726,-0.6143665195586119,-0.055778478908905846,-0.7969875305971768,-0.3247421635935094,0.18930377092402936,0.19107637790985313,-0.5896700846369083,-0.5645077583405713,-0.31313397918371166,-0.532613665255175,-0.8074928989819167,-0.4367798450102352,-0.42970735309309516,-0.4367798450102352,-0.26382770972654,-0.38930980330697207,-0.38930980330697207,-0.795886932129181,-0.795886932129181,0.5100248959928825,0.6368252785454624,0.8476168437263567,0.8437353653131965,0.7575038046070577,-0.35880368308124616,0.7481343166987555,0.7695233022610634,0.7696762801191114,0.7695233022610634,-0.14589470343436847],[0.993301464002089,0.9868886198776964,0.6985393821424,0.994303891506406,0.997440616315092,0.993301464002089,1.0,0.99779202710162,0.99779202710162,0.9999733666968766,0.96821062939731,0.99973613144731,0.9999969702462193,0.9999887008872062,0.9999942115133709,0.7800498877365365,0.7618260042730112,0.16956143574954982,0.9998786549664747,0.9998789802159325,0.9911044130094989,0.9999971333350622,0.27145730404454965,0.7795188050194396,0.9868856239598899,0.9868856239598899,0.9884278389558426,0.9924795089543927,0.22926539222627892,-0.20038197561704818,0.9914075419374794,0.9915281415477852,0.1386119276345004,-0.2800480835742828,0.99940781295028,0.9995306319475368,0.5011309060777787,-0.2875460559986179,0.9992557382608831,0.9995147232266319,0.753152084051766,0.14834532898454092,0.9509230791371657,0.9991869674161925,0.9509230791371657,0.9317775401068182,0.630616228536749,0.9537880264912267,0.935857757301769,0.808727212982996,0.42528581436053337,-0.133455552076328,-0.16750515515611197,0.9403223347663062,0.3175761468826672,0.9703220876360957,0.9680882520965732,0.9815447663838305,0.9952088650753981,0.022901428873433674,0.9001600746737142,0.8617614862660118,0.9009540702805643,0.8572765407374177,0.8243407118772245,0.8572765407374177,0.8503003803662371,0.8297797760738402,0.8203173938538881,0.8297797760738402,0.8972573565628359,0.46852319517905155,0.654808698226868,0.7008255045773649,0.654808698226868,0.689455796229315,-0.3174076040409898,0.6715507374216428,-0.5825941062598698,0.5903075948418263,-0.046846136287277136,0.5161218333620067,-0.046846136287277136,-0.1045531458197753,0.8761750593316829,0.8997298474878422,0.8861996370079541,0.7995415432866866,0.1780420604707669,0.8738807801262378,0.874711231479854,0.8738807801262378,0.808136284684815,0.808136284684815,-0.17011593226571947,0.7045470544864443,0.21423599318753378,-0.7374567619260699,-0.6534437121376734,-0.6569900119044726,-0.22123652411035208,0.11327131110266625,0.29993740179642403,-0.08950044265501815,-0.6290161550542293,0.009998525619309324,-0.8287425119621107,-0.22565080767596304,0.12105652636032699,0.12287610018794613,-0.634130419500994,-0.5771025599510917,-0.14637065199326416,-0.6072283091719556,-0.8260308539577431,-0.4259826923684111,-0.26574666831743887,-0.4259826923684111,-0.3302474893668132,-0.4308489374448405,-0.4308489374448405,-0.8179374109612318,-0.8179374109612318,0.486908123264962,0.6013388388354154,0.522509653827258,0.8117371332650678,0.7442386255312677,-0.41351495116349757,0.084571523888522,0.7437700767963895,0.7616734930603416,0.7437700767963895,-0.07534568276355179],[0.990390909962693,0.9825939593211916,0.6925035811561889,0.99179811946714,0.9962907462359331,0.990390909962693,0.99779202710162,1.0,1.0,0.9996339579604167,0.9628271974238819,0.9989858635704941,0.998480681579032,0.9994783466778385,0.9992680786623772,0.7764073481434891,0.7484140022836191,0.1485374081894812,0.9992889052080104,0.9992907665933838,0.9887891564362905,0.9993837923376204,0.24720800965574985,0.7819234083457263,0.9933486243273758,0.9933486243273758,0.9869297729450688,0.9905150985803176,0.21259441999667628,-0.21258472968617179,0.987811063632635,0.9912383912911306,0.12086198873881836,-0.28569415796955566,0.9984898186863259,0.9985205058697143,0.486531811681704,-0.29303073304470667,0.9978034649812748,0.998515038633262,0.7495588313758963,0.1270027722475469,0.9448147920209786,0.9983277976178752,0.9448147920209786,0.9300534699524104,0.6170344500721004,0.954415952609966,0.9349959299595461,0.7933863228204349,0.41341934702270355,-0.1471236013164101,-0.17843140413873065,0.9333726840715898,0.2983792883738225,0.9661184607641993,0.9637034332276307,0.9771839124675078,0.9941264406047694,0.014936969302748225,0.8931009495576445,0.8505395629075884,0.8954849548460693,0.8470430394360814,0.8147322002090344,0.8470430394360814,0.841987570857773,0.8166117523006756,0.8099741859737903,0.8166117523006756,0.891881347995676,0.4533703440918335,0.6392675692647375,0.6877267325005855,0.6392675692647375,0.681601945165504,-0.32986036869241764,0.6621716090100808,-0.587828037566729,0.5856128780977314,-0.0657845305249308,0.5036124463014939,-0.0657845305249308,-0.10962480492085885,0.8700326944780616,0.8914583923646553,0.8784790068928823,0.787585006300226,0.1608505912667931,0.8683393891711476,0.8693174572944198,0.8683393891711476,0.7959038104745709,0.7959038104745709,-0.18269828424646714,0.723050657022067,0.21994904356268355,-0.7458524180027671,-0.6641756116454607,-0.6675625198846266,-0.23448772365057668,0.10719995230132724,0.29288332006474477,-0.10757012133616693,-0.64019077186346,0.0009194575708171573,-0.8330926936792143,-0.23199769123774036,0.10788554018366793,0.10973147635482897,-0.6438657816018548,-0.5775729064718547,-0.15301722248854774,-0.6209449402770433,-0.8246097308657289,-0.4362974922279458,-0.271716582890722,-0.4362974922279458,-0.34517604286201253,-0.44263155907157253,-0.44263155907157253,-0.8150698396005358,-0.8150698396005358,0.47293236398654276,0.5866115219756078,0.505619672037122,0.7956654754348934,0.7331274498903323,-0.43244055267944603,0.07207389353460629,0.726002262352803,0.7468232808140877,0.726002262352803,-0.05897014702985004],[0.990390909962693,0.9825939593211916,0.6925035811561889,0.99179811946714,0.9962907462359331,0.990390909962693,0.99779202710162,1.0,1.0,0.9996339579604167,0.9628271974238819,0.9989858635704941,0.998480681579032,0.9994783466778385,0.9992680786623772,0.7764073481434891,0.7484140022836191,0.1485374081894812,0.9992889052080104,0.9992907665933838,0.9887891564362905,0.9993837923376204,0.24720800965574985,0.7819234083457263,0.9933486243273758,0.9933486243273758,0.9869297729450688,0.9905150985803176,0.21259441999667628,-0.21258472968617179,0.987811063632635,0.9912383912911306,0.12086198873881836,-0.28569415796955566,0.9984898186863259,0.9985205058697143,0.486531811681704,-0.29303073304470667,0.9978034649812748,0.998515038633262,0.7495588313758963,0.1270027722475469,0.9448147920209786,0.9983277976178752,0.9448147920209786,0.9300534699524104,0.6170344500721004,0.954415952609966,0.9349959299595461,0.7933863228204349,0.41341934702270355,-0.1471236013164101,-0.17843140413873065,0.9333726840715898,0.2983792883738225,0.9661184607641993,0.9637034332276307,0.9771839124675078,0.9941264406047694,0.014936969302748225,0.8931009495576445,0.8505395629075884,0.8954849548460693,0.8470430394360814,0.8147322002090344,0.8470430394360814,0.841987570857773,0.8166117523006756,0.8099741859737903,0.8166117523006756,0.891881347995676,0.4533703440918335,0.6392675692647375,0.6877267325005855,0.6392675692647375,0.681601945165504,-0.32986036869241764,0.6621716090100808,-0.587828037566729,0.5856128780977314,-0.0657845305249308,0.5036124463014939,-0.0657845305249308,-0.10962480492085885,0.8700326944780616,0.8914583923646553,0.8784790068928823,0.787585006300226,0.1608505912667931,0.8683393891711476,0.8693174572944198,0.8683393891711476,0.7959038104745709,0.7959038104745709,-0.18269828424646714,0.723050657022067,0.21994904356268355,-0.7458524180027671,-0.6641756116454607,-0.6675625198846266,-0.23448772365057668,0.10719995230132724,0.29288332006474477,-0.10757012133616693,-0.64019077186346,0.0009194575708171573,-0.8330926936792143,-0.23199769123774036,0.10788554018366793,0.10973147635482897,-0.6438657816018548,-0.5775729064718547,-0.15301722248854774,-0.6209449402770433,-0.8246097308657289,-0.4362974922279458,-0.271716582890722,-0.4362974922279458,-0.34517604286201253,-0.44263155907157253,-0.44263155907157253,-0.8150698396005358,-0.8150698396005358,0.47293236398654276,0.5866115219756078,0.505619672037122,0.7956654754348934,0.7331274498903323,-0.43244055267944603,0.07207389353460629,0.726002262352803,0.7468232808140877,0.726002262352803,-0.05897014702985004],[0.9937626330448648,0.9868278408790572,0.6597804333211305,0.9949569846570488,0.9976543266066846,0.9937626330448648,0.9999733666968766,0.9996339579604167,0.9996339579604167,1.0,0.9673736187697964,0.999704525028981,0.9999745761922806,0.9999738809547678,0.9999772589897149,0.6022251286683874,0.4766364811340935,0.04809143551102386,0.9998394665893782,0.9998403573878717,0.9910442049272189,0.9999721171703939,0.04230077831085607,0.7640557959097306,0.9956996939348317,0.9956996939348317,0.9956630091215908,0.992437658651464,0.05903342526751221,-0.14464862657248972,0.9909551666130693,0.9909203980942095,-0.047044077894040845,-0.24352238421730418,0.9994701449105302,0.9994294122597525,0.8410338990779119,-0.44886810773553915,0.9992052496661852,0.9994879069422369,0.5647722982239959,0.02428913347649656,0.9993557662642374,0.9993607705105697,0.9993557662642374,0.931494365616903,0.6309654602283663,0.9536806593142485,0.9356201704428018,0.8084079285292445,0.05053252240825465,-0.5400804295163604,-0.08561097103547871,0.9373066746435929,0.2628124813886577,0.9683225272277192,0.9680575688308777,0.9839146197981083,0.9944928700841678,0.90277348954373,0.9009638563911534,0.9119400991253711,0.9020368171361933,0.9103560455613271,0.910859911099171,0.9103560455613271,0.8503110593019656,0.8692450163776618,0.870350278715404,0.8692450163776618,0.8986123037784509,0.8241112269990769,0.8843578384686812,0.8852810734540124,0.8843578384686812,0.68985073682434,0.5691834574997588,0.671569659438043,-0.5716773383034458,0.6386778346742119,0.6125655731311436,0.6125756324580351,0.6125655731311436,-0.053630024190914345,0.8771745744785919,0.8998937894216095,0.886863852505944,0.9101072225246183,0.09155912000900354,0.8787981792380866,0.8802632419543783,0.8787981792380866,0.8832363982405835,0.8832363982405835,-0.17154016759445162,0.7047486089973126,0.013492469909599578,-0.7484363440876672,-0.6839006921463772,-0.685467304138511,-0.2245965239670046,0.11731641413282569,-0.2111520474340954,-0.27010035790147824,-0.6639878437334897,-0.43037768734151266,-0.8579512105901292,-0.6196432756416905,0.12033285057492255,0.12252662865759775,-0.6354223018625739,-0.5732572742826841,-0.5783508264140711,-0.6085368306698746,-0.7892977653267481,-0.6380210388273417,-0.6405324610876719,-0.6380210388273417,-0.33206877464260165,-0.433873298248104,-0.433873298248104,-0.7706238812112617,-0.7706238812112617,0.4856867194083138,0.5994120485649478,0.8156260882653025,0.8194084289780008,0.7421593460840271,-0.4392600947037825,0.6560076476035548,0.6907757784592835,0.6909604683417194,0.6907757784592835,0.16051291702517842],[0.9795825871077838,0.9775620060673703,0.635324473456037,0.9780767451016166,0.9727429237875828,0.9795825871077838,0.96821062939731,0.9628271974238819,0.9628271974238819,0.9673736187697964,1.0,0.9574655556177987,0.9682306457693738,0.9680485839834666,0.9680054582126589,0.3429760938528547,0.21810642260755703,-0.18769546054743605,0.9717671595990295,0.9717499875476788,0.9683202269313461,0.9683129688011937,-0.054998524088666574,0.8013176601784012,0.9693805077038247,0.9693805077038247,0.9695219675026119,0.9259556917833938,0.14674579945566055,-0.13225683208108507,0.9731712016417597,0.973263995613746,0.09074956778827031,-0.03189510559410607,0.9746594592778349,0.9748574985980932,0.9059691586330705,-0.31493729534569465,0.9639600764585063,0.9740220354942343,0.29898679851024396,-0.20688122498795272,0.9755563107556047,0.9755298782186438,0.9755563107556047,0.8583072033820979,0.44758735618622725,0.8826166059494768,0.9284235910901766,0.8920370865321653,-0.44029228423112005,-0.660484661875356,-0.14799680171462523,0.9106457426273085,-0.04877620959722328,0.9335616634695544,0.9336159027865085,0.9485541048811188,0.9712715042455382,0.9054760413341904,0.9091037786076169,0.9145494051528162,0.9081283221201454,0.9087001498792142,0.9091444838268526,0.9087001498792142,0.8722411644244983,0.8452361288620411,0.8463020726719825,0.8452361288620411,0.9047862281285409,0.9163255123563928,0.9030864706496912,0.9034869203762269,0.9030864706496912,0.7603660699378925,0.7085342280922305,0.761301635535366,-0.21101502721173868,0.7708888049751892,0.7841124572138295,0.786036696233826,0.7841124572138295,-0.1964475645412157,0.9030825041081694,0.947440971452484,0.9150743544063326,0.9158579738107167,-0.07038250232965809,0.8979793942999974,0.8986457955644219,0.8979793942999974,0.903858444325783,0.903858444325783,0.02460634462592863,0.4575324453864617,-0.1588408878945567,-0.6976400051409138,-0.4643453854255925,-0.4671443462680881,-0.10765136908534147,0.44242665140025117,-0.01428701453488694,-0.24471992916245036,-0.5985095162588785,-0.14372143215137811,-0.7821071635686359,-0.3083995021790181,0.31102942470011213,0.3114633492701411,-0.43358501214714246,-0.42938604620105386,-0.40370441066837187,-0.4161658241460815,-0.6475770588569841,-0.42221496606330666,-0.42481580572718086,-0.42221496606330666,-0.17014087815573636,-0.4766809633311982,-0.4766809633311982,-0.5421893148973738,-0.5421893148973738,0.6051426426140257,0.6540637498609462,0.760197137780982,0.7285590627085317,0.8119685722589779,-0.5217702461839276,0.44981605566410376,0.542715704668826,0.5430557524455203,0.542715704668826,-0.09141632679272509],[0.9884547998788713,0.9875288388699623,0.9945922461275452,0.9910270046852632,0.9967827724232169,0.9884547998788713,0.99973613144731,0.9989858635704941,0.9989858635704941,0.999704525028981,0.9574655556177987,1.0,0.9997348044925303,0.999730367540389,0.9997103623018928,0.06459603257717292,-0.040712824281281736,-0.5547875294896547,0.9998369327295608,0.9998384185549626,0.9997385956153736,0.9997376802708778,-0.2988746332254446,0.9748666367761966,0.9950870249625304,0.9950870249625304,0.9950670507643347,0.9937328989990417,0.06364225271904929,0.05647870127298873,0.9930553508305543,0.9931012741227483,0.7288143851177796,-0.06643411871378586,0.9992333088464993,0.9992005286164457,0.9990906757597957,0.9995044829331734,0.9995342459008164,0.9992595995434701,0.008082438520021041,-0.5618036661472134,0.9990537052569738,0.999059217096432,0.9990537052569738,0.9269671513089063,0.48379994214048566,0.9499081589743776,0.9320449406824753,0.8081458093012264,-0.308744620553513,-0.5679707948584586,0.8493732996992205,0.877209678034566,-0.3404979048001461,0.9445187356772173,0.9446947085621357,0.9748777969050632,0.994114527100771,0.9183333109671704,0.9228573897194062,0.9023137869659369,0.9077441104700382,0.9060793982504831,0.906490454423592,0.9060793982504831,0.8215523727138111,0.7909331923606455,0.7922315330304643,0.7909331923606455,0.9242897165179945,0.9289803029587299,0.92332036524565,0.9240819339992249,0.92332036524565,0.6315809149789423,0.5860535573612216,0.6593727968850466,0.7225943669120145,0.6395990097188626,0.6636341016635281,0.6656665024175356,0.6636341016635281,-0.2079874210033403,0.8767452946338878,0.9011207620765858,0.892466783437634,0.923985014076754,-0.3585450557916823,0.8731308206961764,0.8732995219880569,0.8731308206961764,0.87986929041377,0.87986929041377,-0.22162271615605678,0.6993660647187561,-0.40035924112682136,-0.8267054851480453,-0.5449756888812074,-0.5482663182686722,-0.4474398727336358,0.25487026676061436,-0.3143196201336163,-0.5599275171801239,-0.7883680097476984,-0.41968284209134105,-0.5812634426123169,-0.49609282602436333,0.11338278305397823,0.11178268880567283,-0.5611038183134508,-0.5364346346433005,-0.557961665178083,-0.5941273551729462,-0.5869112639535632,-0.5612496393673239,-0.5645492011587329,-0.5612496393673239,-0.4558757617263595,-0.6445395901106938,-0.6445395901106938,-0.6319118319306678,-0.6319118319306678,0.48139299705094324,0.3607424038696445,0.5024612774499635,0.6255131141890802,0.544291413727047,-0.571414023814191,0.3687470901335115,0.305589668952366,0.3058384671664136,0.305589668952366,0.289431898212611],[0.9933351219937882,0.9869318859017556,0.6985797857209832,0.9943290770783009,0.9974590601095024,0.9933351219937882,0.9999969702462193,0.998480681579032,0.998480681579032,0.9999745761922806,0.9682306457693738,0.9997348044925303,1.0,0.9999917694774928,0.9999956601926262,0.7800032726887216,0.7461320259258218,0.16957502212000275,0.9998796525999717,0.9998799308708182,0.9911293721612979,0.9999976353358543,0.27172001442170785,0.7796042160217416,0.9916656958530715,0.9916656958530715,0.9884260493592101,0.9924991917238289,0.2294961355783696,-0.20032353609452547,0.9914623537291093,0.9915310461974525,0.13880782521642013,-0.2800193011657879,0.9994083003043513,0.9995322271551281,0.5011252008470355,-0.2873420689936041,0.999256866129328,0.9995205382957328,0.7530893245344361,0.14836493941873144,0.9509142116828008,0.9991879133824003,0.9509142116828008,0.9317750016270655,0.6307279522609047,0.9538846456423415,0.9359603634422291,0.8088286740524058,0.42562378892975133,-0.13306267961011956,-0.16716657816342856,0.9403789849069915,0.317614261794646,0.9703895265664964,0.9681251954793608,0.9816118580450214,0.99521502534456,0.023084184460795798,0.90029105669727,0.8618508838247531,0.9010676805426984,0.8573651606718582,0.8243039764263387,0.8573651606718582,0.8504093420665045,0.8298452575423614,0.8202830853357278,0.8298452575423614,0.8973927877922359,0.46843748079187486,0.6548244493371239,0.7007616674459114,0.6548244493371239,0.6894881885548974,-0.3174102541731441,0.6716077025390503,-0.5824750273573969,0.5902670634615577,-0.04694791545543956,0.5161666811438668,-0.04694791545543956,-0.10466108534413476,0.8762741812718158,0.8998619701802026,0.8863081731929375,0.7995396952026127,0.17806872362265408,0.8739774690325283,0.8748024710411865,0.8739774690325283,0.8082073592274874,0.8082073592274874,-0.17005347847417077,0.7045010841069326,0.21432444377835297,-0.7375094280875245,-0.6533651171791678,-0.6569160255260931,-0.22132036426692572,0.11317697311231194,0.30007427105422024,-0.08951465209314048,-0.6290907882799648,0.010218756249037632,-0.8285036139593885,-0.22540258031171873,0.1211397029154383,0.12297180628748867,-0.6341048347536439,-0.5768873362273531,-0.1461650415946298,-0.6071732697117382,-0.8259195109577285,-0.4257928768790027,-0.26557655681769116,-0.4257928768790027,-0.3301041268746174,-0.43082893530874955,-0.43082893530874955,-0.8178716742665086,-0.8178716742665086,0.4873549894251689,0.6014353383369465,0.5227213926190117,0.8119477831866987,0.7442675663979462,-0.4133327745750196,0.08482739197900144,0.7439779251804676,0.7617610024354524,0.7439779251804676,-0.07536196762460882],[0.9936330847763756,0.986817647750413,0.6953985087171453,0.9948881619567356,0.9975129562459331,0.9936330847763756,0.9999887008872062,0.9994783466778385,0.9994783466778385,0.9999738809547678,0.9680485839834666,0.999730367540389,0.9999917694774928,1.0,0.9999895838615364,0.6866210656803058,0.5802560984892096,0.17361799068211184,0.9999010049067735,0.9999016525761563,0.9910850073647275,0.9999893889299196,0.27177172834177954,0.7754691978836847,0.9944413882293975,0.9944413882293975,0.9944107219720124,0.9925207774503619,0.22229638344365044,-0.20117496591264847,0.9919301216298193,0.9919391849157323,0.16054830090142533,-0.27897468375614054,0.9995747055321494,0.9995292554601551,0.8699169245676697,-0.3717088027581044,0.9992491651788645,0.999521578692162,0.6578574109911501,0.1524323424988534,0.9994817141663638,0.9994861417183545,0.9994817141663638,0.9310400608030401,0.6298089916042737,0.9534114888363948,0.9353099252260835,0.8067590419208555,0.3080634182221439,-0.29913807394805003,0.14339065857257943,0.9399468427772574,0.31830557880879673,0.9680491593765058,0.9679855444914234,0.9803502817306187,0.9954352755614649,0.9073938674296905,0.8989151700324011,0.9163710065962063,0.9004436675805371,0.9151333271044476,0.9158416198798929,0.9151333271044476,0.8488173493764863,0.8858093391646331,0.8869314764868445,0.8858093391646331,0.8965970696310606,0.8063575853293068,0.8866248591143909,0.8879134393726732,0.8866248591143909,0.6871836943562926,0.5558979849681763,0.668266272951199,-0.5813196984894892,0.5867534349055176,0.5827345550197626,0.5836007363219335,0.5827345550197626,-0.10887038900875454,0.8755169759951884,0.8989339559229157,0.8852229582006783,0.9132759824385167,0.18124193076963854,0.873346649177864,0.8743794314302817,0.873346649177864,0.8814022841943532,0.8814022841943532,-0.1699441025770418,0.7024149087186063,0.11348933407774514,-0.7352303956047473,-0.6521356648027965,-0.6554038973953796,-0.21979140977460523,0.11239410641957572,0.07225970408416134,-0.08579223849477814,-0.6260097052478737,-0.1775733496181298,-0.8377189979336329,-0.4384508486898249,0.11952702598382732,0.12174727581080276,-0.6335330578789949,-0.5765904770629987,-0.43062886383256266,-0.6064240036428309,-0.8183613027599005,-0.5380272490033275,-0.5343403758532661,-0.5380272490033275,-0.3288423540714193,-0.4295439800764031,-0.4295439800764031,-0.8092052695974559,-0.8092052695974559,0.4804013872170124,0.6003134367232794,0.8192937575503922,0.8147848950087816,0.7439400939583614,-0.41229670998713686,0.7060872710183977,0.7306277205650041,0.7307271974082203,0.7306277205650041,-0.0443188870363024],[0.9933736979593071,0.9867990550682186,0.6986648059460663,0.9943470063627986,0.997479057243763,0.9933736979593071,0.9999942115133709,0.9992680786623772,0.9992680786623772,0.9999772589897149,0.9680054582126589,0.9997103623018928,0.9999956601926262,0.9999895838615364,1.0,0.7671104835976561,0.6815295823783104,0.1697367538200572,0.9998826172477909,0.9998827835229885,0.9912463623328998,0.9999955389142702,0.2723788824186062,0.7794395982238079,0.9946000201089313,0.9946000201089313,0.9945193695395103,0.9924211839894707,0.22977765296388739,-0.20034482822609012,0.9924028916436832,0.9924477166707716,0.13952155072763048,-0.27985734085404296,0.9994506834331213,0.9995321607200176,0.5002359646730788,-0.28668078009172926,0.9992232416127055,0.9995227700236857,0.7496579981487036,0.14854607428814048,0.9505233267223087,0.9992348766462629,0.9505233267223087,0.9319672510333873,0.6313241058880366,0.9539488688942119,0.9359885960495662,0.8085916387413594,0.4268592188300596,-0.13167602114456037,-0.16740430010258897,0.9406639226548227,0.31787809638414677,0.9707405097202217,0.9683840706985082,0.9818395799826368,0.9952599592958129,0.022129780382401532,0.9004953232465214,0.8617448696200332,0.9012380373174309,0.8572856153170032,0.8238899568679366,0.8572856153170032,0.8505650093305225,0.8297417690657135,0.8205487228745847,0.8297417690657135,0.8976337063905311,0.4678105298403032,0.6543742733191166,0.7007357935603951,0.6543742733191166,0.6893629167705654,-0.31849208964733483,0.6715628250456566,-0.5826954813619547,0.5899506604234598,-0.047865735081245205,0.5158400726534609,-0.047865735081245205,-0.10464475617798008,0.8763678397048361,0.8996660074586589,0.8864207025576522,0.7933128147524908,0.17844400808324168,0.8740253880347836,0.8748442364582347,0.8740253880347836,0.808014956396127,0.808014956396127,-0.17124771074894002,0.7052265638829464,0.21479576185626606,-0.7374625715043547,-0.653684841811779,-0.6572394653449513,-0.22227164091464646,0.11212940667233032,0.3004089193957634,-0.08983540927170597,-0.6292224368132167,0.010335783496651069,-0.8278370665356128,-0.225224764013023,0.12029966445744938,0.12213157089467888,-0.6346244868727946,-0.5770697099860161,-0.1456210869246202,-0.6081449367656439,-0.825970428466554,-0.4257275192166643,-0.26505908749853635,-0.4257275192166643,-0.3308795452045166,-0.43120912017825064,-0.43120912017825064,-0.8182175007057917,-0.8182175007057917,0.4874474951524214,0.6011398539485825,0.5222954824479659,0.812350701970988,0.7437888230895984,-0.41294290077289053,0.08423163686301968,0.7443894480667501,0.7623633477767146,0.7443894480667501,-0.07513418080738285],[0.6728886014478525,-0.05485204580058698,0.3482970289439211,0.6719094792054179,0.5482225217408153,0.6728886014478525,0.7800498877365365,0.7764073481434891,0.7764073481434891,0.6022251286683874,0.3429760938528547,0.06459603257717292,0.7800032726887216,0.6866210656803058,0.7671104835976561,1.0,0.9909467157417742,0.43200362873071313,0.7406920837086343,0.7406529932550991,0.64913226225311,0.7654890126174091,0.3370789172961272,0.3102467411122777,0.7553087525768731,0.7553087525768731,0.7391112675653355,-0.3359316309898542,0.19416790226960232,-0.15512243854148375,0.8137024687689233,0.8099403831326042,0.16283183356682052,-0.2047781607987149,0.7742352067989106,0.6330106612026966,0.23424183693661302,-0.316930377288025,0.07867967993197791,0.5925343387590534,0.9982852672627462,0.4153537521901115,0.6985934403927029,0.773713528089319,0.6985934403927029,0.01745250412505494,0.4943700901978759,-0.39365014238193213,-0.4166455237030166,-0.09895230800139972,0.387177236946649,-0.05245666118810938,-0.2120781650406302,0.6198711884047483,0.3952953972069405,0.7775182299044056,0.6222121199631064,0.7300635362037211,0.755068987472471,-0.11045356287133044,-0.00581261382686307,0.4969420620269005,0.3309033393551266,0.48608230076464026,0.5847527332565189,0.48608230076464026,0.2