var element=document.getElementById("correlationClose");if(element.style.display!='none'){var correlationClose={"data":[{"type":"heatmap","z":[[1.0,0.9999895200455077,0.6834341273945822,0.9997428480355312,0.9981196211775755,1.0,0.9927389472341602,0.9894130635494809,0.9894130635494809,0.9933029752992665,0.9774385231998314,0.9872919419203667,0.9927744236179727,0.9931482963610586,0.9928204016994008,0.754891325836464,0.6764186661047799,0.2682104837913986,0.9935813076287006,0.9935755117905567,0.9857413628282932,0.9927682166140969,0.38915787257718015,0.7542265076199741,0.9827777973633782,0.9827777973633782,0.9827590561136993,0.9760709397383585,0.3075729602947416,-0.13856385797459875,0.9895628049777601,0.9895276252194278,0.25925544014953356,-0.21386617501454222,0.9948484379997554,0.9953119953675738,0.8553297569496893,-0.3537246495390473,0.9907413170029152,0.9953052402134311,0.7367422205403651,0.248748983180316,0.994976759901077,0.994972018373052,0.994976759901077,0.8997490660920207,0.6534167498566005,0.919915965508977,0.9243410246747851,0.8395669700622098,0.37779924126421205,-0.1812630750316289,0.21570841064678767,0.9500117864043983,0.3751014429165437,0.975339512824079,0.9715986308262394,0.9811248399616663,0.9897384269755971,0.9343597650035277,0.9426778215159654,0.9475392449150675,0.9344544522719631,0.9448207932860062,0.945444105221382,0.9448207932860062,0.8917322747451053,0.9256528826145841,0.9265257457632325,0.9256528826145841,0.927973109140629,0.8002303135859331,0.901173286997787,0.9024311094449361,0.901173286997787,0.7183875194497809,0.4017564385547126,0.7056799187828152,-0.5402698490835751,0.610872669779595,0.6280723684666565,0.6287336169768942,0.6280723684666565,-0.09069696851550763,0.9162039163848411,0.9463536652219454,0.9316268604514172,0.935748865951593,0.26088110362129063,0.9111064859325805,0.9117544659033009,0.9111064859325805,0.9151781483370136,0.9151781483370136,-0.09348333243574486,0.5979385108680056,0.15278786194641553,-0.6922689073134489,-0.5929020166228609,-0.5967972954712685,-0.14039751095607167,0.1353793439208817,0.20159400842072728,-0.0029566759767226196,-0.5646143908764897,-0.02507401389194462,-0.7976217640127399,-0.29428923916103467,0.1648812444794269,0.1664472361908877,-0.5749048954785633,-0.5759169248133577,-0.28269680661415486,-0.5173238474505566,-0.8148591341177954,-0.4108291939896728,-0.4031780081280602,-0.4108291939896728,-0.23048116958791212,-0.34952469042478895,-0.34952469042478895,-0.802918969876078,-0.802918969876078,0.4140310768749978,0.6289351411179677,0.8517804743148245,0.8402349566282182,0.7549516503931483,-0.33701957537183697,0.7468710247639357,0.7765047689989117,0.776745435394671,0.7765047689989117,-0.17943591877110165],[0.9999895200455077,1.0,0.9815718864582388,0.9995049881031209,0.9960044825675248,0.9999895200455076,0.9851580557680769,0.979894289317871,0.979894289317871,0.9850558820272525,0.9729317392313945,0.9861408128421252,0.9852007673950033,0.9851462007377575,0.985047990208012,0.11803118154017304,0.02574646483922117,-0.44621829790680323,0.9884800314178663,0.988474681904399,0.9852537271377511,0.9852560292550545,-0.17251626467837866,0.9802277870076487,0.9803797300076116,0.9803797300076116,0.9804139650747972,0.976256249181796,0.08292352200974908,0.10717148613871878,0.9828102679368586,0.9828584886528902,0.7749552948932017,0.0782182275337872,0.9908553932059969,0.9908927893013284,0.9913946111142499,0.986212667145946,0.989862142506938,0.9908921387808876,0.06997525567671502,-0.45084999776104295,0.9914706844575869,0.9914672796991258,0.9914706844575869,0.8995649526575071,0.499758340694937,0.9201331696556062,0.9244323617434781,0.8390759228154533,-0.27649920389952215,-0.4843430219134296,0.8457097377881444,0.8884420925940311,-0.2574166562812074,0.9408652639242878,0.9410015072846383,0.9612308004654074,0.9784986917888744,0.9539741405212844,0.9595825325666804,0.9453946754116064,0.9465337104459837,0.948724114269447,0.9490733480342597,0.948724114269447,0.8667854812285799,0.8417698461191417,0.8432109308730249,0.8417698461191417,0.956018818335071,0.9589470661774742,0.955945611217975,0.9566702295951,0.955945611217975,0.6509540312688911,0.6032427717917033,0.6878927326193927,0.7566766784482937,0.6703029140775002,0.6926888033916808,0.6937058234581088,0.6926888033916808,-0.1358847790790014,0.9217606755135551,0.9422618323416514,0.935281107936214,0.958705466889827,-0.3061288010979372,0.9183666154431691,0.9185076946325115,0.9183666154431691,0.9246289520393882,0.9246289520393882,-0.17875955826381587,0.5978866565848591,-0.3683007906863514,-0.7855254744163871,-0.4610499430063488,-0.4649524943180818,-0.385884339752707,0.27694358285938386,-0.2643175109466433,-0.4990726162451134,-0.738019623798646,-0.3585022814234915,-0.47535712017307297,-0.4220856786023388,0.1342966571091384,0.13165314824291496,-0.48834325549502566,-0.4550118690973177,-0.4834888521794422,-0.5150943975146599,-0.5071408803271331,-0.4859527864103262,-0.4892451698659076,-0.4859527864103262,-0.37000664412648054,-0.5394385554433087,-0.5394385554433087,-0.5069980081698638,-0.5069980081698638,0.4140635126177005,0.36585912149739974,0.49635696957291536,0.6066273545533214,0.5233443662796483,-0.44207444465111123,0.376789146947484,0.31180396691994056,0.31198140901127536,0.31180396691994056,0.1825483461621536],[0.6834341273945822,0.9815718864582388,1.0,0.6805057899164572,0.6180999890491625,0.6834341273945822,0.6636465136536919,0.6562618132188602,0.6562618132188602,0.6119514654525791,0.5768037693886237,0.9950568033611927,0.6636730596732219,0.6588699086638229,0.6638176668756165,0.4040227651686418,0.3703715077254826,-0.2163088579818005,0.6275117871364139,0.6270474116661058,0.5951614009087516,0.6629725594506176,0.17191987031249398,0.7995510923361846,0.6438439534361045,0.6438439534361045,0.6436218849172218,0.9883659149704644,0.28551404631849775,0.10302718759526176,0.6213913397236973,0.6210271915574933,0.6458425057814057,-0.04077362635420721,0.6593636222727242,0.60533858119638,0.6244116144029933,0.29334462966166397,0.993369275585245,0.6016102969808758,0.389685652502369,-0.22560114627837077,0.6762483402480258,0.6575835042403279,0.6762483402480258,0.8967514662075468,0.4102204512181937,0.9349225721358708,0.9144052879775211,0.7435208790435036,0.22400681968533268,-0.07231207435431662,0.05175417412886101,0.5507833651593899,-0.08546278600769501,0.6048579857856932,0.5766905456680215,0.5966633865400665,0.560820022154542,0.01372468213231386,0.8076047188504295,0.7424097404599933,0.6616658479076661,0.748066623422785,0.7704410129340431,0.748066623422785,0.5571803747372086,0.6606367406996584,0.7102895798077744,0.6606367406996584,0.714901327777172,0.685934944955856,0.7372091316264714,0.778972586233367,0.7372091316264714,0.444389475653228,-0.08578382896536241,0.4594693125121606,0.09274665339705804,0.43654110226931725,0.2649837296563509,0.5068571956616892,0.2649837296563509,-0.1446051487800233,0.6368972505103965,0.889436906449468,0.7039594875645255,0.7804111416005965,-0.07497697527445385,0.6733297356553504,0.6733952142081819,0.6733297356553504,0.7319609768618037,0.7319609768618037,-0.19487778992266863,0.7060395119819827,-0.1810590773774027,-0.7085621379468005,-0.4460936714037795,-0.4500375447132774,-0.4302512216984837,0.10948901717171378,0.019776956707667034,-0.344153214215381,-0.6886734456740597,-0.17574099364016493,-0.32956710000208295,-0.2804955067317313,0.04761825208591697,0.04620809819770711,-0.49464044086099945,-0.0728261035086248,-0.26568712453678284,-0.5154241629346834,-0.21492137860228322,-0.41205608919370823,-0.29429630208554797,-0.41205608919370823,-0.4246709880370195,-0.5478985371281401,-0.5478985371281401,-0.31393311206192964,-0.31393311206192964,0.36064604862337796,0.20357010729048824,0.29107234295397044,0.5271833635064577,0.2948972406886776,-0.3901895780329825,-0.008663201231857013,0.4598936042542157,0.5594093793282673,0.4598936042542157,-0.0031265062309846106],[0.9997428480355312,0.9995049881031209,0.6805057899164572,1.0,0.9989660321722746,0.999742848035531,0.9939136900222257,0.9910218867826821,0.9910218867826821,0.994686797481427,0.9756960765682713,0.990382127907868,0.9939395592902842,0.9945879883654327,0.9939629571088586,0.7541004342018057,0.6752152677710206,0.25379575004449195,0.9945791846134727,0.9945754058752577,0.9858189588926252,0.9939262181041938,0.38065676073954585,0.7584082867522045,0.9851756273268621,0.9851756273268621,0.9851562834349463,0.9818509125742627,0.3033486970807425,-0.14454767753031117,0.9888658568960296,0.9888385766303157,0.2514299697669541,-0.21415802786576327,0.9953263155448602,0.9959887330418244,0.8234847822213939,-0.3579816505834744,0.9929674103793188,0.9961935229201929,0.7353045424915137,0.2340585384216074,0.9934357660336841,0.9953651341184347,0.9934357660336841,0.8976137304426386,0.6416178372877016,0.9231618966593996,0.9214747209790882,0.8238179325666264,0.37313082173512385,-0.1859198187467048,0.21065116527249692,0.9448992757736845,0.35974245890817796,0.9710296770836844,0.9688449090624903,0.9790554420132631,0.9895880909243475,0.91644464760674,0.9374678584247302,0.936725918771261,0.9313027371247407,0.930671328619241,0.9315082025047164,0.930671328619241,0.8851861074790255,0.9154617679407898,0.9164175945947244,0.9154617679407898,0.9252612662223292,0.748949595179344,0.8680681662740174,0.8693673085394348,0.8680681662740174,0.7117352751588838,0.1625126325741091,0.6975494926546112,-0.5448429017963456,0.6069078465138179,0.36450177575551307,0.6011062465585985,0.36450177575551307,-0.09655730225516722,0.9120579134525988,0.9406304892052711,0.9255321779449877,0.9160034964414671,0.24711200844398243,0.9076177554193963,0.9083883816171293,0.9076177554193963,0.8990063080342382,0.8990063080342382,-0.09784819347630623,0.6162235659009135,0.15768661964943656,-0.7012221570975407,-0.5991819841627287,-0.6029989903190591,-0.1516469562414441,0.13123958860856702,0.19525958235323232,-0.015404048851878236,-0.5755193970179586,-0.030761692324644766,-0.8027205152509465,-0.3014247272043772,0.15566877502350204,0.15729203137654563,-0.5809517339235828,-0.5725482895812343,-0.28326668783473913,-0.5267607142550061,-0.8159807003412,-0.4116643826423531,-0.4045604760670433,-0.4116643826423531,-0.23816202743179646,-0.35819897717951027,-0.35819897717951027,-0.8022093999673116,-0.8022093999673116,0.40522842396105496,0.6181738850706895,0.8440251113263559,0.8327542450643841,0.7480583109594714,-0.34897265408886874,0.7380925817052606,0.7678121643969296,0.7680567941879366,0.7678121643969296,-0.1648355373433399],[0.9981196211775755,0.9960044825675248,0.6180999890491625,0.9989660321722746,1.0,0.9981196211775755,0.9972761131896297,0.9959326389345793,0.9959326389345793,0.9974852745690342,0.9691211961045321,0.9964615454429481,0.9972944814841987,0.9973658417132586,0.9973169656368303,0.654837508401414,0.5504103052146186,0.04730396770929178,0.9976991210962076,0.9976994806618933,0.9879847072335773,0.9972846301811215,0.023702090374095548,0.7423851289581732,0.992727958215031,0.992727958215031,0.992690061462076,0.9905907666808241,0.07837868333058078,-0.12817436389310674,0.9874895205477896,0.9874238868274656,-0.04155156502043327,-0.11815860173147945,0.997773114118835,0.9977011388441297,0.8170574543055988,-0.47476106600276113,0.9976160576206653,0.9980265272777523,0.6236891820894687,0.02316076044421844,0.9977188343640064,0.9977240043782568,0.9977188343640064,0.9106856667940064,0.6075934844862759,0.9336783430176843,0.9219011218684341,0.8017167562732855,-0.07454710918415507,-0.5868175267764238,-0.16953063060081527,0.9353217618793038,0.2142846822733279,0.9679032941090696,0.9679461584730903,0.9818687241126927,0.9901721730314685,0.9156777707939664,0.9209331227124143,0.9274343576268328,0.91983093130913,0.9258076522238778,0.9261566700675479,0.9258076522238778,0.8631171832289606,0.8769442356711843,0.8780197394582939,0.8769442356711843,0.9150661705130874,0.8360538389334674,0.8969871965567278,0.8977584199026568,0.8969871965567278,0.6755536972765858,0.5694919834810865,0.6660469800406383,-0.5548093112839064,0.6560185578991471,0.6374290398408572,0.6371059733334973,0.6374290398408572,-0.10855007288272667,0.896228545030277,0.9194530573135975,0.9056010572335749,0.9231862898617236,0.09260934675846204,0.8952809630534191,0.8962121629883621,0.8952809630534191,0.9005959679296466,0.9005959679296466,-0.13520730362779854,0.6610127011028849,0.012469628759829154,-0.728382145936833,-0.6437256721831834,-0.644810842008055,-0.18097658909623895,0.15459213567019275,-0.19111652939385587,-0.2587511409075319,-0.6406965931039299,-0.38427609111833294,-0.8446111140890536,-0.5700173108935926,0.12677582811918944,0.12826153971997037,-0.6052153245906225,-0.5674870931224112,-0.5509109569275973,-0.5629764859268589,-0.7719586604915988,-0.6009416686820577,-0.6038137634220954,-0.6009416686820577,-0.27410663869554247,-0.3892938480692982,-0.3892938480692982,-0.7414876875612416,-0.7414876875612416,0.393858494811223,0.6022891577356607,0.8010163707517817,0.7946392414750983,0.7400355353868545,-0.4715597699021395,0.6075370846090765,0.6629001117619924,0.6633174862504984,0.6629001117619924,0.06251391385861267],[1.0,0.9999895200455076,0.6834341273945822,0.999742848035531,0.9981196211775755,1.0,0.9927389472341602,0.9894130635494809,0.9894130635494809,0.9933029752992665,0.9774385231998314,0.9872919419203667,0.9927744236179727,0.9931482963610586,0.9928204016994008,0.754891325836464,0.6764186661047799,0.2682104837913986,0.9935813076287006,0.9935755117905567,0.9857413628282932,0.9927682166140969,0.38915787257718015,0.7542265076199741,0.9827777973633782,0.9827777973633782,0.9827590561136993,0.9760709397383585,0.3075729602947416,-0.13856385797459875,0.9895628049777601,0.9895276252194278,0.25925544014953356,-0.21386617501454222,0.9948484379997554,0.9953119953675738,0.8553297569496893,-0.3537246495390473,0.9907413170029152,0.9953052402134311,0.7367422205403651,0.248748983180316,0.994976759901077,0.994972018373052,0.994976759901077,0.8997490660920207,0.6534167498566005,0.919915965508977,0.9243410246747851,0.8395669700622098,0.37779924126421205,-0.1812630750316289,0.21570841064678767,0.9500117864043983,0.3751014429165437,0.975339512824079,0.9715986308262394,0.9811248399616663,0.9897384269755971,0.9343597650035277,0.9426778215159654,0.9475392449150675,0.9344544522719631,0.9448207932860062,0.945444105221382,0.9448207932860062,0.8917322747451053,0.9256528826145841,0.9265257457632325,0.9256528826145841,0.927973109140629,0.8002303135859331,0.901173286997787,0.9024311094449361,0.901173286997787,0.7183875194497809,0.4017564385547126,0.7056799187828152,-0.5402698490835751,0.610872669779595,0.6280723684666565,0.6287336169768942,0.6280723684666565,-0.09069696851550763,0.9162039163848411,0.9463536652219454,0.9316268604514172,0.935748865951593,0.26088110362129063,0.9111064859325805,0.9117544659033009,0.9111064859325805,0.9151781483370136,0.9151781483370136,-0.09348333243574486,0.5979385108680056,0.15278786194641553,-0.6922689073134489,-0.5929020166228609,-0.5967972954712685,-0.14039751095607167,0.1353793439208817,0.20159400842072728,-0.0029566759767226196,-0.5646143908764897,-0.02507401389194462,-0.7976217640127399,-0.29428923916103467,0.1648812444794269,0.1664472361908877,-0.5749048954785633,-0.5759169248133577,-0.28269680661415486,-0.5173238474505566,-0.8148591341177954,-0.4108291939896728,-0.4031780081280602,-0.4108291939896728,-0.23048116958791212,-0.34952469042478895,-0.34952469042478895,-0.802918969876078,-0.802918969876078,0.4140310768749978,0.6289351411179677,0.8517804743148245,0.8402349566282182,0.7549516503931483,-0.33701957537183697,0.7468710247639357,0.7765047689989117,0.776745435394671,0.7765047689989117,-0.17943591877110165],[0.9927389472341602,0.9851580557680769,0.6636465136536919,0.9939136900222257,0.9972761131896297,0.9927389472341602,1.0,0.9976340765052696,0.9976340765052696,0.9999720947789652,0.9637930238407948,0.9997012647336451,0.9999967608281881,0.9999876819267361,0.9999937331308338,0.8365187848137295,0.8224966336242896,0.2224207598931956,0.9998691617781122,0.9998695661322378,0.9904210093611464,0.9999969338336189,0.3025366567939654,0.754145549749142,0.9864913295057761,0.9864913295057761,0.9876594920545437,0.9921299774835812,0.2371215856286918,-0.19472407156112118,0.9916823966676321,0.9917008438610353,0.1630554256863014,-0.2571071949011056,0.9993732965599997,0.9994907368395459,0.45990724944233335,-0.30205891087879083,0.9991285663617603,0.9994602268648317,0.816032325766333,0.20139300382518072,0.9460883056910852,0.9991362171259774,0.9460883056910852,0.9193105860183107,0.6159661272210585,0.9434560227328496,0.923094503465507,0.7692269797162918,0.41402953615627286,-0.12370238416253411,-0.18585611816969227,0.93371028287882,0.3307046047805523,0.9690416941998838,0.9653722900640249,0.9801172934575593,0.9956434745563728,-0.009957722572440824,0.8842135345539224,0.8466264399652336,0.8886567329350552,0.8416096337510244,0.806726539077407,0.8416096337510244,0.8283088372187932,0.8122701575803548,0.8013545658306587,0.8122701575803548,0.8828810271593353,0.42429092407366537,0.6205317939108927,0.6756201028959845,0.6205317939108927,0.644619562631278,-0.3342964224910305,0.6199388684318656,-0.6105091311334583,0.5404165421721372,-0.07453345411191963,0.47212238480519064,-0.07453345411191963,-0.13715125057569436,0.861852703255721,0.8837929206717028,0.8699502140601612,0.7822928059586719,0.2145390188126816,0.8605856543323211,0.8617251298092721,0.8605856543323211,0.7859124680446694,0.7859124680446694,-0.1705390195708486,0.701490752937563,0.22963206799268548,-0.7050038772777016,-0.637768130500636,-0.641140535664785,-0.19076966404527107,0.0827685805672967,0.31600917842098875,-0.04179137763371355,-0.5850267862874029,0.03479044740832,-0.8292273710033549,-0.19776053360975807,0.09335264605435656,0.09499953646682469,-0.6216520330389839,-0.5851254250513857,-0.11794777292348833,-0.5965490090002197,-0.8314780500293216,-0.4024895705002829,-0.2380676900144877,-0.4024895705002829,-0.30370685308769413,-0.3964502677500055,-0.3964502677500055,-0.823483551493883,-0.823483551493883,0.3935610308697943,0.5881494963739415,0.5118383761454185,0.8044678940501917,0.7372030617006652,-0.3956100785378575,0.07234772464764448,0.7453882389942915,0.7643982682173392,0.7453882389942915,-0.1023532433351112],[0.9894130635494809,0.979894289317871,0.6562618132188602,0.9910218867826821,0.9959326389345793,0.9894130635494809,0.9976340765052696,1.0,1.0,0.9995935458862986,0.9576565103079364,0.9988328087303063,0.9983552328276912,0.9994385613371346,0.9992021308632826,0.8334032083906381,0.8103924791856133,0.20089478260837884,0.9992340371732205,0.9992367431913914,0.9879372938507288,0.9993301066436125,0.27760021847165495,0.7558914100501609,0.9932010021482776,0.9932010021482776,0.9859355330962448,0.9897392356568292,0.21986406548242873,-0.20763214445831238,0.9880462112753765,0.9914706066398538,0.14478832279061069,-0.2629448877139415,0.9983904740146635,0.9983913201708597,0.4436674741468972,-0.30809132432166636,0.9974250507925252,0.9983528317433406,0.8130726642284074,0.17950529040292681,0.9392958850031001,0.9982228476604856,0.9392958850031001,0.9171897893197932,0.6014801050640678,0.9440812695388964,0.9214855930798926,0.7504233502895313,0.40157829172026294,-0.138023734548129,-0.19758221819294594,0.9259080899472363,0.31078588179627614,0.9646107962220597,0.9605857468778018,0.9754125177716119,0.9946200727453244,-0.01873084667542133,0.8755441728379056,0.8333477041113635,0.8820716263073266,0.8293896811141146,0.7959546986123113,0.8293896811141146,0.8183825036513287,0.7964559385804343,0.7894706815987967,0.7964559385804343,0.876476693880214,0.40736773899891443,0.6030230075266412,0.6611558375578923,0.6030230075266412,0.6344234757503827,-0.34771920540561796,0.608166646372859,-0.6167993884198739,0.5343919485708749,-0.094836237508552,0.45793410149230346,-0.094836237508552,-0.14308948433248245,0.8542446157847565,0.8732024115175939,0.8603836654029337,0.769185747757392,0.19697874706720045,0.8535408154021183,0.8548513070231574,0.8535408154021183,0.7714381265108052,0.7714381265108052,-0.18418786334266402,0.7224538095173864,0.23600157584730225,-0.7139512695160778,-0.6493604797838413,-0.6525675866546745,-0.2047513301951437,0.07602076769286865,0.30894395279045134,-0.06046991497532635,-0.5969593175801109,0.025560664205321076,-0.8342908377175144,-0.20423758962852484,0.07918196482574544,0.08085616462076399,-0.6322103833383629,-0.5857866931648508,-0.12471305954670274,-0.6115669617849832,-0.8305168760875347,-0.413349163197489,-0.24416570541851754,-0.413349163197489,-0.3197736818281246,-0.40911064174907014,-0.40911064174907014,-0.8210201145738426,-0.8210201145738426,0.37651712107660473,0.57229927921035,0.4940816043995312,0.7874488572211472,0.7252448489998146,-0.41577006883854206,0.05913175440582182,0.7269295923717505,0.7490826955472555,0.7269295923717505,-0.08556068964633813],[0.9894130635494809,0.979894289317871,0.6562618132188602,0.9910218867826821,0.9959326389345793,0.9894130635494809,0.9976340765052696,1.0,1.0,0.9995935458862986,0.9576565103079364,0.9988328087303063,0.9983552328276912,0.9994385613371346,0.9992021308632826,0.8334032083906381,0.8103924791856133,0.20089478260837884,0.9992340371732205,0.9992367431913914,0.9879372938507288,0.9993301066436125,0.27760021847165495,0.7558914100501609,0.9932010021482776,0.9932010021482776,0.9859355330962448,0.9897392356568292,0.21986406548242873,-0.20763214445831238,0.9880462112753765,0.9914706066398538,0.14478832279061069,-0.2629448877139415,0.9983904740146635,0.9983913201708597,0.4436674741468972,-0.30809132432166636,0.9974250507925252,0.9983528317433406,0.8130726642284074,0.17950529040292681,0.9392958850031001,0.9982228476604856,0.9392958850031001,0.9171897893197932,0.6014801050640678,0.9440812695388964,0.9214855930798926,0.7504233502895313,0.40157829172026294,-0.138023734548129,-0.19758221819294594,0.9259080899472363,0.31078588179627614,0.9646107962220597,0.9605857468778018,0.9754125177716119,0.9946200727453244,-0.01873084667542133,0.8755441728379056,0.8333477041113635,0.8820716263073266,0.8293896811141146,0.7959546986123113,0.8293896811141146,0.8183825036513287,0.7964559385804343,0.7894706815987967,0.7964559385804343,0.876476693880214,0.40736773899891443,0.6030230075266412,0.6611558375578923,0.6030230075266412,0.6344234757503827,-0.34771920540561796,0.608166646372859,-0.6167993884198739,0.5343919485708749,-0.094836237508552,0.45793410149230346,-0.094836237508552,-0.14308948433248245,0.8542446157847565,0.8732024115175939,0.8603836654029337,0.769185747757392,0.19697874706720045,0.8535408154021183,0.8548513070231574,0.8535408154021183,0.7714381265108052,0.7714381265108052,-0.18418786334266402,0.7224538095173864,0.23600157584730225,-0.7139512695160778,-0.6493604797838413,-0.6525675866546745,-0.2047513301951437,0.07602076769286865,0.30894395279045134,-0.06046991497532635,-0.5969593175801109,0.025560664205321076,-0.8342908377175144,-0.20423758962852484,0.07918196482574544,0.08085616462076399,-0.6322103833383629,-0.5857866931648508,-0.12471305954670274,-0.6115669617849832,-0.8305168760875347,-0.413349163197489,-0.24416570541851754,-0.413349163197489,-0.3197736818281246,-0.40911064174907014,-0.40911064174907014,-0.8210201145738426,-0.8210201145738426,0.37651712107660473,0.57229927921035,0.4940816043995312,0.7874488572211472,0.7252448489998146,-0.41577006883854206,0.05913175440582182,0.7269295923717505,0.7490826955472555,0.7269295923717505,-0.08556068964633813],[0.9933029752992665,0.9850558820272525,0.6119514654525791,0.994686797481427,0.9974852745690342,0.9933029752992665,0.9999720947789652,0.9995935458862986,0.9995935458862986,1.0,0.9628316821566044,0.9996669199102775,0.9999732556046801,0.9999723005578537,0.9999763448591377,0.6984188954278947,0.5978084977592913,0.10310279975462044,0.9998270558425355,0.9998278712869451,0.9903324302940613,0.9999708466398807,0.07825577445546832,0.7328491740330174,0.9955378067841152,0.9955378067841152,0.9954969159173891,0.9920297676800454,0.06593655504899354,-0.13702877755790316,0.9909835831921906,0.9909452926051702,-0.020984939342707985,-0.21794362570689163,0.999426230190736,0.9993859728576847,0.8212340219757299,-0.47353125361509757,0.9990684959217039,0.9994334069845533,0.6688896970808113,0.07922199452901754,0.9992981929801034,0.9993034308029415,0.9992981929801034,0.9190811883647476,0.616396399912178,0.9433327868600507,0.9228724009347961,0.7687771490746974,0.024107712679308748,-0.5411293288487918,-0.12710216002326163,0.9301155042720186,0.27606727609129406,0.9658221823701557,0.9653811640932306,0.982218129020362,0.9949434535528084,0.8914304302767406,0.88514501075548,0.9042602062282357,0.8897575069969768,0.9025997821685076,0.9031308302861081,0.9025997821685076,0.8281857924794322,0.8588865116487397,0.8601879988310414,0.8588865116487397,0.8843496853180716,0.801480753599667,0.8702215141569499,0.8712803523479586,0.8702215141569499,0.6445574556357178,0.502174089048333,0.6198077339800616,-0.6114591930154781,0.5926346626062937,0.562537756113632,0.5624460530943738,0.562537756113632,-0.09158912663521133,0.8627635867393049,0.8838470712968184,0.8704880454355188,0.8995696379210034,0.12955259935195865,0.8658115024843945,0.8674658877540207,0.8658115024843945,0.8712621689958574,0.8712621689958574,-0.1721108590253598,0.7017813461557127,0.039074209272402606,-0.7167541465358492,-0.670969428814801,-0.6723128440405247,-0.1942354274385331,0.086214997605776,-0.195623170894014,-0.22482806436744043,-0.6232725662908679,-0.41082273146411497,-0.8641062490711657,-0.6036417223077828,0.09263740905287252,0.09449644050924949,-0.6231055792467607,-0.5811246379639152,-0.5610531722267273,-0.5980634071518521,-0.7976610937138835,-0.6240272506866923,-0.6263693343203378,-0.6240272506866923,-0.30539859787520757,-0.3995567686332904,-0.3995567686332904,-0.7781336646372005,-0.7781336646372005,0.394101099640706,0.5867067609627308,0.8121867747094289,0.8059402393933024,0.7353994954014239,-0.42221252460687514,0.6395790971643531,0.6885711323068288,0.6887527441166761,0.6885711323068288,0.13451042369222108],[0.9774385231998314,0.9729317392313945,0.5768037693886237,0.9756960765682713,0.9691211961045321,0.9774385231998314,0.9637930238407948,0.9576565103079364,0.9576565103079364,0.9628316821566044,1.0,0.9500438854709032,0.9638111299709686,0.9638399554153448,0.9635540611868936,0.4806210052197883,0.3723521846515398,-0.1242598159973284,0.9678504381975678,0.9678307572195105,0.9639129546992345,0.9639048609143199,-0.007934993386534714,0.7702921055242828,0.9652814918358108,0.9652814918358108,0.965443004210625,0.9045855058039425,0.15929968745395945,-0.12377157208807621,0.9702191455997832,0.9703171491857318,0.12705153748143644,0.021136470455331773,0.9711596477248874,0.9713867373213161,0.8925772291197949,-0.35791655024133123,0.9576019525936733,0.9704190126442405,0.44494889794798825,-0.14453512245604863,0.972173464514874,0.9721436181329531,0.972173464514874,0.8314247052876929,0.4196933216427941,0.848497835912673,0.9083890391191,0.8678576594718314,-0.49400297567064005,-0.6745080149232133,-0.2094003334844613,0.8978512237194812,-0.03187151828616456,0.9248462036040801,0.9249050628703965,0.9416064321456393,0.9686094107487798,0.8928577312224445,0.8944951739357105,0.9070574993925136,0.8957963739532324,0.9004895826956243,0.900977118164427,0.9004895826956243,0.8540451355706132,0.8335876707832284,0.8349772920407085,0.8335876707832284,0.8914475853205255,0.9047782664220955,0.889476456193809,0.889961995793869,0.889476456193809,0.7220561881501986,0.6588830321046907,0.7228908323206488,-0.2795374556594452,0.7371444043794353,0.7518601415748061,0.7540303434459438,0.7518601415748061,-0.2492567163593006,0.8922335888606064,0.9402594450280489,0.9054841614928282,0.9045971166670146,-0.02588282144285914,0.8864303199981856,0.8872053809785071,0.8864303199981856,0.8936952856327217,0.8936952856327217,0.040559587295994286,0.42247081432509886,-0.131644787456844,-0.6569457298458016,-0.439979946708589,-0.4424827991863988,-0.06371952440203513,0.4284512388421409,0.016244821542768142,-0.188799265377247,-0.5469943324841605,-0.10485474446761855,-0.7929235307182735,-0.2696171641873282,0.295789796215309,0.29585643716056026,-0.4117305167010521,-0.43215775147056956,-0.37719565010723544,-0.38824723480977946,-0.6595925169326778,-0.396775853575849,-0.39912776617537815,-0.396775853575849,-0.1299574723858684,-0.4404020913125378,-0.4404020913125378,-0.5413112864315572,-0.5413112864315572,0.5328706563881362,0.6469357968975579,0.7510720272941205,0.6977199499797747,0.8108344132218999,-0.5096723827954277,0.4071381203200141,0.5333004058047294,0.5336294953461037,0.5333004058047294,-0.14089603296378095],[0.9872919419203667,0.9861408128421252,0.9950568033611927,0.990382127907868,0.9964615454429481,0.9872919419203667,0.9997012647336451,0.9988328087303063,0.9988328087303063,0.9996669199102775,0.9500438854709032,1.0,0.9997004960475434,0.999697950337315,0.9996719142954416,0.22730946425541806,0.12522694006451582,-0.5222712549530784,0.9998128189279641,0.9998147095492205,0.9997035575333061,0.999702564688405,-0.26608849856467337,0.9737333897871279,0.995028192822501,0.995028192822501,0.9950098440259122,0.9938945350699312,0.07421829962347723,0.0666462691537626,0.9921815261464585,0.9922291705432634,0.8187748710748369,-0.008966583493205062,0.9991085225027202,0.9990675566836995,0.998952287392578,0.9994256334036115,0.9994656128859827,0.999146429574125,0.17275753776829678,-0.5301002929921836,0.9989031461277545,0.9989099615486733,0.9989031461277545,0.9137729574977949,0.4567106933029008,0.9392304410501627,0.9194538653961385,0.7689763121037029,-0.39668981715443835,-0.597519178788849,0.8257262506218886,0.8546058166863855,-0.34523986213009245,0.9363109746903737,0.9365095675338534,0.9708960429894662,0.9939414086442863,0.9042081570308115,0.9099060684218926,0.8877070843071121,0.8914107174455863,0.8926170176728945,0.893100024011847,0.8926170176728945,0.7870351947698717,0.7563229351180327,0.7581030332577159,0.7563229351180327,0.9110685876702559,0.916608214221053,0.9098782435982625,0.9107842855083971,0.9098782435982625,0.5477813712321421,0.4908316763870546,0.5837689712100333,0.6689074572988044,0.5736565594652472,0.6015305863824872,0.6036404824856112,0.6015305863824872,-0.3114128493811659,0.8553946192757077,0.8860343450516844,0.8746788730332248,0.9107440957835965,-0.3312894416133349,0.8510102651640717,0.8512112841892124,0.8510102651640717,0.859571616370317,0.859571616370317,-0.22385783461940223,0.6952997052830809,-0.3901980894246208,-0.8029909989898387,-0.5345457476749311,-0.5374951489094412,-0.4285779901355371,0.22985645055454182,-0.3039572924710557,-0.5321987194996847,-0.7612805161549153,-0.4029721693281683,-0.5914068993377452,-0.4767756402733957,0.08420378954599744,0.08205013237083654,-0.5574617817375658,-0.5296207146865123,-0.5507587234956359,-0.586708272182627,-0.5801232886168254,-0.5542769158272303,-0.5573849255638466,-0.5542769158272303,-0.43857393703432546,-0.6289478819547377,-0.6289478819547377,-0.6208464954500916,-0.6208464954500916,0.3902516044132351,0.33732323364081923,0.47383889677395913,0.5801963329753049,0.5245049388061404,-0.5749916522064815,0.316759854519891,0.284792529127145,0.285016993536545,0.284792529127145,0.2595576709997501],[0.9927744236179727,0.9852007673950033,0.6636730596732219,0.9939395592902842,0.9972944814841987,0.9927744236179727,0.9999967608281881,0.9983552328276912,0.9983552328276912,0.9999732556046801,0.9638111299709686,0.9997004960475434,1.0,0.9999910296242438,0.9999953177773528,0.8364878894096409,0.8107504003749032,0.22245579293316875,0.9998703036928064,0.9998706467912305,0.990451533039819,0.9999974856528617,0.302819525171257,0.7542095042515978,0.9914214626057899,0.9914214626057899,0.9876518994488646,0.9921188195708079,0.23735669310622143,-0.1946790496231378,0.9917249460248273,0.9917081569639954,0.1632656965985881,-0.25708035549492,0.9993745306149261,0.9994932604609373,0.4598899333229508,-0.3018555995781226,0.9991298717587277,0.9994668310736177,0.8159887587722561,0.20143405630351605,0.9460762091999739,0.9991378282735931,0.9460762091999739,0.9193188603030586,0.6160893387114571,0.9435876209064399,0.9232253196925051,0.7693271342367903,0.4143860133510841,-0.1232908177218407,-0.18551050077370715,0.9337710652217623,0.330755303889378,0.9691198153857357,0.9654195778605299,0.9801940256960539,0.9956549421955416,-0.00977425150378493,0.8843521987248794,0.8467159902080746,0.8887708048567631,0.8416980696844227,0.8066804139868505,0.8416980696844227,0.8284099927872758,0.8123260088707174,0.8013044771923488,0.8123260088707174,0.8830226260579148,0.4241879525033167,0.6205423572355151,0.6755473756950048,0.6205423572355151,0.6446039600311744,-0.3343099508519797,0.6199419931176249,-0.6104029092799378,0.5403463817770368,-0.07464889404918308,0.4721608653414915,-0.07464889404918308,-0.13728592238440265,0.8619371356827525,0.8839227885680437,0.8700514214254468,0.7822897558005044,0.21457899544320388,0.86067231367882,0.8618083526221727,0.86067231367882,0.7859797204165305,0.7859797204165305,-0.17047143776550722,0.7014938584183793,0.22973486396208512,-0.7050512837701628,-0.6376860865517187,-0.6410633665353571,-0.19085343447258335,0.08266573624139349,0.31616280887414155,-0.04179018998827042,-0.585095484885263,0.0350260303544968,-0.8289844102058714,-0.1974967316137202,0.0934262638244646,0.09508721474252424,-0.6216319269080809,-0.5849242969109432,-0.11772430340978657,-0.5965062084178554,-0.8313732957904084,-0.4022860344546536,-0.2378837676042935,-0.4022860344546536,-0.30355441051271403,-0.3964234324104758,-0.3964234324104758,-0.823427400436488,-0.823427400436488,0.394032663198309,0.5882593614458216,0.5120646177704884,0.8046976899183832,0.7372497095673505,-0.39542129711023877,0.0726124347878471,0.7456153926865713,0.7644983585952769,0.7456153926865713,-0.10237459114608198],[0.9931482963610586,0.9851462007377575,0.6588699086638229,0.9945879883654327,0.9973658417132586,0.9931482963610586,0.9999876819267361,0.9994385613371346,0.9994385613371346,0.9999723005578537,0.9638399554153448,0.999697950337315,0.9999910296242438,1.0,0.9999885849007153,0.7623668411069314,0.6787047630048325,0.22410710811074422,0.9998928322462458,0.9998934876317022,0.9904462291208865,0.9999884727892859,0.3032996651216999,0.7508757630202527,0.9943048689350429,0.9943048689350429,0.9942716530959829,0.9920739253606419,0.23134053301686014,-0.19491301591027907,0.9921169565226617,0.992123229979786,0.18571251822864784,-0.2563334367041804,0.9995456106812743,0.9994935760111343,0.8562507221257258,-0.38992958188552596,0.9991271570596872,0.9994710593669769,0.7400421747749888,0.20311567621836826,0.9994438724793271,0.999448464102582,0.9994438724793271,0.9192656315766559,0.6161988991838948,0.9435028111605299,0.9231442373603281,0.7689933174263893,0.29520552169851483,-0.29218517069526306,0.11675566435635701,0.9336935101258275,0.3313165284317696,0.9664104413091893,0.9654417065169411,0.9788476991741542,0.9958839033018283,0.8979769710022085,0.8837376351464943,0.9092963671369124,0.8887857634940559,0.9081474421577704,0.9089059144519978,0.9081474421577704,0.8278321832121246,0.8776617095150508,0.8789574453154675,0.8776617095150508,0.8829505631891581,0.7848108817680574,0.874762970456787,0.8762027524591087,0.874762970456787,0.6442031785186103,0.4991724474881293,0.6190938683992311,-0.6113328291134206,0.5394204764436494,0.5406506969895877,0.5416251178791167,0.5406506969895877,-0.13888690742997872,0.8618837193524743,0.8835972171504719,0.8695995754842747,0.9044289261591966,0.21674314510886897,0.8606789829441148,0.8619809621667657,0.8606789829441148,0.8699033788796363,0.8699033788796363,-0.1708067793792497,0.7003860544541354,0.1383737887472238,-0.7042501058805661,-0.6373399363579112,-0.6404811204750294,-0.1908453730234665,0.08175441435331812,0.08962379736229292,-0.040404463077604515,-0.5839804347514999,-0.15332442819644265,-0.8394229605758847,-0.4152789942633391,0.09295687656068508,0.0948531222287372,-0.6216760700773742,-0.5841001080201047,-0.4074380017123239,-0.5962837373595204,-0.8241911621569911,-0.5188715613071002,-0.5148115929531422,-0.5188715613071002,-0.3028120968630542,-0.39650507363736853,-0.39650507363736853,-0.8149292867300649,-0.8149292867300649,0.3935568258986153,0.5885057549038325,0.8196869077008533,0.8082313809202893,0.737707032881445,-0.39497050592854965,0.7010770843516088,0.7333913893755702,0.7334872568729189,0.7333913893755702,-0.06968859517130734],[0.9928204016994008,0.985047990208012,0.6638176668756165,0.9939629571088586,0.9973169656368303,0.9928204016994008,0.9999937331308338,0.9992021308632826,0.9992021308632826,0.9999763448591377,0.9635540611868936,0.9996719142954416,0.9999953177773528,0.9999885849007153,1.0,0.8267269688346416,0.7616977016421171,0.222608690222051,0.9998731942886886,0.9998734243437397,0.9905793596474533,0.9999951951474085,0.30348768201576815,0.754047998595582,0.9944889342596681,0.9944889342596681,0.9944013413429975,0.9920518957699758,0.23764433587656003,-0.1946976098262323,0.9926157741703528,0.9926585177700423,0.16399951542539734,-0.2569091224456277,0.9994192130351874,0.9994929788098761,0.4589510646566107,-0.3011377452097673,0.9990907441470868,0.999469441646423,0.8134714607399045,0.20160794884483474,0.9456528814785834,0.9991875280738589,0.9456528814785834,0.9195521236392368,0.6167292396632558,0.9437117991546375,0.9233180064548775,0.7690751145738753,0.415683146835898,-0.12183661657125934,-0.18573545656854734,0.9340903806718015,0.33102787938071376,0.9694922196687906,0.9657057326747797,0.9804403126207051,0.9956969578261515,-0.010751923506454238,0.884576036500446,0.8466181099612275,0.888962655710205,0.8416303655044106,0.8062548715467027,0.8416303655044106,0.8285779542877767,0.8122482725754747,0.8016287932388638,0.8122482725754747,0.8832895582544577,0.42353945205606097,0.62007058755424,0.6755351336897712,0.62007058755424,0.6444638701207588,-0.3354186259021474,0.6198816253805084,-0.6106034581008825,0.5400091958417089,-0.07559424931437958,0.47182638777847713,-0.07559424931437958,-0.13725092890039498,0.8620416969809188,0.8836821680578273,0.870162630939787,0.7751393061655442,0.21496306438732232,0.8607400682967695,0.8618668903004586,0.8607400682967695,0.7857872639665497,0.7857872639665497,-0.171767434916214,0.7022595258229198,0.23021577069574747,-0.7050078923385876,-0.6380274441461627,-0.6414087972159003,-0.19186725754314352,0.08155231347735871,0.31649025290948446,-0.04214702528002758,-0.5852538806817384,0.035135382159413184,-0.8282592021148902,-0.19732007680414668,0.09252801880947338,0.09418807895300646,-0.6221864958073339,-0.5851316737890802,-0.11716707601571368,-0.5975771578283026,-0.8314070026704583,-0.40222060581310853,-0.23735143832382263,-0.40222060581310853,-0.3043860032611908,-0.3968296380313481,-0.3968296380313481,-0.8237744524998969,-0.8237744524998969,0.39420342296582234,0.5879452772806915,0.5116067374521576,0.8051215843772127,0.7367360707764599,-0.3950053340758574,0.07199548003066741,0.7460296783651525,0.7651086599856672,0.7460296783651525,-0.10211935619969528],[0.754891325836464,0.11803118154017304,0.4040227651686418,0.7541004342018057,0.654837508401414,0.754891325836464,0.8365187848137295,0.8334032083906381,0.8334032083906381,0.6984188954278947,0.4806210052197883,0.22730946425541806,0.8364878894096409,0.7623668411069314,0.8267269688346416,1.0,0.9927772664752992,0.42197423452048816,0.8062372797073661,0.8062076267890075,0.7333616164247095,0.8254651867352258,0.33363097866350855,0.40038686125346795,0.8190735423197238,0.8190735423197238,0.8047939355376578,-0.17163882491181037,0.1959235073221259,-0.16509966752853764,0.8594750844979303,0.8566418595425179,0.15812756809885292,-0.22594097017422368,0.8322577293949615,0.7228902882519334,0.2662098205279009,-0.3176449747102282,0.24271627864190443,0.690791764317898,0.9983603923707924,0.40468281179358695,0.7581231960221402,0.8319253268101516,0.7581231960221402,0.19595990734916405,0.5386275882908121,-0.22619594693716602,-0.24821133127014963,0.07414557573014124,0.3980040402955487,-0.05755260937186951,-0.2104863622906347,0.7099587933433876,0.4013137239565806,0.8303088891115247,0.7111300813206686,0.7963670107694237,0.815374815008637,-0.10337380789100382,0.1503111099819168,0.5824726575795145,0.4508623425329878,0.5725118613222983,0.638458172