var element=document.getElementById("correlationClose");if(element.style.display!='none'){var correlationClose={"data":[{"type":"heatmap","z":[[1.0,0.9999911168789014,0.7202453212478017,0.9997639965387122,0.9982795500719593,1.0,0.9932842564202359,0.9903605305975234,0.9903605305975234,0.9937548823875323,0.9795449794662303,0.9884335020560616,0.9933179615734068,0.9936330847763756,0.9933569970743161,0.6741874916428167,0.571978168966794,0.20977794108888967,0.9940183193856735,0.99401964360782,0.9861085331040625,0.9933155125460797,0.35215287020819913,0.7820318591036564,0.9844412582131922,0.9844412582131922,0.9844230858072761,0.9810428888190678,0.295409709387265,-0.14713825454021315,0.9888238871389087,0.9887965950122304,0.22973893518439814,-0.23981839297390575,0.9950949442690972,0.9953624712200563,0.8701225134955867,-0.33476903717120676,0.9914978749107156,0.9954712472907434,0.6492910638775362,0.19006878148472672,0.9952114917786824,0.9952121427411313,0.9952114917786824,0.9148428928028338,0.6639703827822502,0.9387660675129172,0.9416025474318637,0.8692586046221814,0.38707692159014206,-0.19237406910389446,0.23895226263571678,0.9548621143313525,0.35722963191602386,0.9754529848103742,0.972780708861013,0.9819733693893308,0.9890280351247038,0.9410794030749794,0.9518614860579951,0.9519058502730173,0.942668516416825,0.9492922850444796,0.9499286105811359,0.9492922850444796,0.9070580133727735,0.9300717268410389,0.9309058360555957,0.9300717268410389,0.9378779706913275,0.8220909097239885,0.9115097946751557,0.912741119395166,0.9115097946751557,0.7565034930451219,0.45687628149967435,0.7484951183863441,-0.5100319254683189,0.6550410270569877,0.6628218318410598,0.6636214800813384,0.6628218318410598,-0.05966634552978223,0.925769834773932,0.9544268992815583,0.9413265199366994,0.9424269027110098,0.21943265902044204,0.9202039779942551,0.9207863023985553,0.9202039779942551,0.9233933698046256,0.9233933698046256,-0.09826494389307154,0.6077064701255656,0.12562854853659303,-0.7281348500701574,-0.6109525010386961,-0.6147032388741177,-0.17553810610815937,0.16411621518818617,0.1791864039942823,-0.05487162692971581,-0.6128520208087208,-0.05527276356947324,-0.7969970402137427,-0.32425033549025534,0.1886745743373766,0.19078289205870316,-0.589456098317971,-0.5648707345886189,-0.3122232953952546,-0.5323900938943822,-0.8077349434867092,-0.43600573920145314,-0.4293008271565338,-0.43600573920145314,-0.2631969792221837,-0.38824190497852856,-0.38824190497852856,-0.7960938478865995,-0.7960938478865995,0.5065331356853281,0.6363283169894188,0.8476889829661924,0.8435069248004932,0.7572813993420062,-0.3581921600988119,0.7479444060026236,0.7696672193575417,0.7697491757484249,0.7696672193575417,-0.14718345419228732],[0.9999911168789014,1.0,0.9848891633656324,0.9995928430983817,0.9964218346054299,0.9999911168789014,0.9868614038840021,0.982552436982991,0.982552436982991,0.986799255602989,0.9774910424941271,0.9875040676200892,0.9869052631735735,0.986817647750413,0.9867719806812801,-0.052400161398588434,-0.14590534211250256,-0.486673078612103,0.9895565222316984,0.9895563545154444,0.986940995293218,0.9869447962432795,-0.21481049517081482,0.9828137898146009,0.9835999131207646,0.9835999131207646,0.9836211827837659,0.9812110119640785,0.06818099859234064,0.08870448995072298,0.9836135397819836,0.9836733594075688,0.6637175412604349,0.0056005124398802964,0.9915947943790893,0.9915988163421218,0.9921368071742145,0.9877160234312955,0.990813203779284,0.9916794146438702,-0.10185514407909187,-0.49064291947762106,0.9921609976276135,0.9921605953987914,0.9921609976276135,0.9148318807465635,0.5200086702756441,0.9390228081302106,0.9417101345197929,0.8688596683832192,-0.17616760084311567,-0.45149170451774107,0.8669253382711526,0.9082953378554782,-0.25661514798096563,0.9470403993315557,0.9471646182535013,0.9677839743265495,0.978959237108705,0.9622333093412034,0.966769797536364,0.9541681067650845,0.9562115794765184,0.9566549087654324,0.9569459069214722,0.9566549087654324,0.8922063452893562,0.8672721413019091,0.8682839419745105,0.8672721413019091,0.9633889804766818,0.9656971085751028,0.9634103887693141,0.9640481649091674,0.9634103887693141,0.7247011468005576,0.6871564822768848,0.7527554017451129,0.8013654975015994,0.7267796777102606,0.7460562956950083,0.7472031903822378,0.7460562956950083,-0.03596187631309768,0.9359065102234531,0.9517601208287516,0.9466665011521905,0.9660679520076675,-0.3366678525002487,0.933181673189775,0.9332975369006997,0.933181673189775,0.9379951716320164,0.9379951716320164,-0.1794860593172913,0.6082834055586153,-0.3782750557058793,-0.8110241707262581,-0.4745038986511515,-0.47870817401740684,-0.4083685713998182,0.29550502533242684,-0.2788873248365925,-0.5300952854793972,-0.7676673431124574,-0.3791624948380429,-0.4668429608044416,-0.4455919132810114,0.15831789844496488,0.15636381597746674,-0.49362904030913324,-0.46485149025913197,-0.49297905711347617,-0.5247877923312333,-0.5162983079862821,-0.4951769234018694,-0.49862987470666414,-0.4951769234018694,-0.3921873985208217,-0.5604177961246414,-0.5604177961246414,-0.5246286025839442,-0.5246286025839442,0.5064600789883639,0.38314669596654083,0.5202172261762806,0.6498258488513299,0.5398172792979399,-0.44365708057158,0.42344091369619,0.3265061105990654,0.32671910817970745,0.3265061105990654,0.22195073350292327],[0.7202453212478017,0.9848891633656324,1.0,0.7181490201394835,0.6678404277747737,0.7202453212478017,0.6974852749773843,0.6914109443510446,0.6914109443510446,0.6590686002443844,0.6344674606809093,0.9945812197156572,0.6975254883842339,0.6953985087171453,0.6976134544758377,0.34911632857516944,0.29250012414549886,-0.246589692356365,0.6664234943165636,0.6664229598850877,0.6384388687590986,0.6972284917324233,0.13894611403315923,0.8310106616849033,0.6841846229769404,0.6841846229769404,0.6839882530504237,0.9904059094240419,0.2684553423552925,0.07496104478219222,0.6522811556334388,0.6519812999569101,0.5760819746751381,-0.08410409326183726,0.6926175102831782,0.6508730762304058,0.6547940021453955,0.27422394203753936,0.9933792713484765,0.6500155947116877,0.3303621983307663,-0.25657202329331397,0.7098272241560383,0.6912832078207783,0.7098272241560383,0.9120904698156674,0.43971343524213585,0.9497085228196368,0.9338238145734346,0.7914626102672091,0.2459489626626262,-0.08624050372093622,0.06006882780453805,0.6037163453105902,-0.07367571732500648,0.6368176600953713,0.6215514621801193,0.6356723779302259,0.6000156725019897,0.05181866362102457,0.84033940455593,0.7784249360322585,0.7147448506424061,0.7836924966621919,0.7946185075348731,0.7836924966621919,0.6287489562535988,0.7123276721340102,0.7456103016450294,0.7123276721340102,0.759104501358159,0.7105389317431563,0.7633901794877953,0.7956462904523736,0.7633901794877953,0.5442553083412797,-0.07764610846802672,0.5566808522114514,0.0844332792441699,0.5124215926574804,0.27400088467087674,0.5551533247042011,0.27400088467087674,-0.10134293596314921,0.6991117662150228,0.909911437862229,0.7566569646038794,0.7985356537001145,-0.09963192161330064,0.7273917681831041,0.7278223705618876,0.7273917681831041,0.7692378689726637,0.7692378689726637,-0.19091510360555314,0.7016111816078318,-0.17295280405100008,-0.7477270160422825,-0.47561785392978667,-0.4793452714511489,-0.44230920845665117,0.1439682322228566,0.016736438038566108,-0.3747230091070894,-0.7274789948095972,-0.1906277567867647,-0.36149534807573264,-0.30545424322833825,0.08328524138505036,0.08282155695171702,-0.5133485518540993,-0.10048297094652442,-0.2872583381639167,-0.5308397351412134,-0.24788772446000423,-0.4346520770735554,-0.320919931291522,-0.4346520770735554,-0.4403039604345427,-0.5685353274436092,-0.5685353274436092,-0.3376819508902577,-0.3376819508902577,0.46258537600686506,0.24907661412039037,0.31422533328387814,0.5528127295622732,0.34026764463231673,-0.40623745186227794,0.010676953595737457,0.4702982436710642,0.5622499344063623,0.4702982436710642,0.023467551569722224],[0.9997639965387122,0.9995928430983817,0.7181490201394835,1.0,0.9990133322526069,0.9997639965387121,0.9942912177958774,0.9917734712706913,0.9917734712706913,0.9949516350418677,0.9780347286656969,0.9910120873830589,0.9943164225493164,0.9948881619567356,0.9943347635216679,0.6732038094160586,0.570493440457577,0.19582995603909029,0.9948599100225436,0.9948615540850918,0.9861045419524483,0.9943051893901721,0.34372913458831084,0.786131781554438,0.9866332782776739,0.9866332782776739,0.9866143793676012,0.9854861431602067,0.29116073431501266,-0.15277165732935505,0.9880078195731807,0.9879879784212066,0.2218912711526459,-0.24018716495191758,0.9954543342707111,0.9959177093177151,0.8412728662869612,-0.3386103901858011,0.9933561026262456,0.996220659062363,0.6477644268021315,0.17587564061018343,0.9937553933364668,0.9954929540291451,0.9937553933364668,0.9130690958013232,0.6529639932310796,0.9409650153276549,0.9389908200420659,0.8564154165621732,0.38284600224816484,-0.1964239063953118,0.23451898594541853,0.9502621440128667,0.3425638199789277,0.9712981737252899,0.9702245463141851,0.9799656114117572,0.988711587005292,0.9252787963816894,0.947555969787939,0.9426707647515724,0.9400307039291201,0.9372044400544416,0.9380392712066054,0.9372044400544416,0.9015397594988075,0.9216686829221794,0.9225892544739293,0.9216686829221794,0.9355884358875924,0.7762476143353628,0.8820284285388639,0.8833467812091584,0.8820284285388639,0.7512748727243501,0.20391583212934059,0.7419365565808468,-0.5147726722656547,0.6518140221352213,0.401664625122805,0.6381579766312829,0.401664625122805,-0.06490779952561242,0.9223910545668255,0.9499023435393213,0.9362960376628501,0.924937433527386,0.2061261092130985,0.9174144282608836,0.9181122765720955,0.9174144282608836,0.9095216349300705,0.9095216349300705,-0.10224506517109241,0.6238049074417077,0.13071690420926385,-0.7362347956186711,-0.6167291194736924,-0.6204114377530335,-0.18607337262170628,0.16036762738468943,0.17337342305609355,-0.06680764835897367,-0.6227812712587246,-0.06041125369043015,-0.8015673577483128,-0.3308963122077267,0.18014990191701555,0.1823203829990546,-0.5949991029096406,-0.561678301614844,-0.3123022608234657,-0.5409478556622568,-0.8085384047261962,-0.43645214362756246,-0.4302789199413661,-0.43645214362756246,-0.27026261048837785,-0.3962304779173481,-0.3962304779173481,-0.7951860998726582,-0.7951860998726582,0.4986481343761909,0.6264330156724304,0.840168269625476,0.836393246397123,0.7509708860687856,-0.3693556167941626,0.7395550268754553,0.7612514997868244,0.761338178614113,0.7612514997868244,-0.13293702789419917],[0.9982795500719593,0.9964218346054299,0.6678404277747737,0.9990133322526069,1.0,0.9982795500719593,0.997433571045317,0.996278111914914,0.996278111914914,0.9976506154202103,0.9726834458598317,0.9967750710378417,0.997452013266218,0.9975129562459331,0.9974722722940139,0.5498595768437928,0.4208675392402367,-0.009734764061553285,0.9977827560388657,0.9977844857645551,0.988655555631889,0.9974404228700197,-0.014362960083046942,0.7750900746763958,0.9934303505654154,0.9934303505654154,0.9933945526515187,0.991742775269318,0.07040061595982187,-0.13626886298120228,0.9871604582919626,0.987100666796149,-0.06890536034058867,-0.1498213186079464,0.9978169508359301,0.9977364446928845,0.8385521272190388,-0.4473350724696752,0.9978300383004552,0.9980892821758667,0.5104573488006539,-0.033626851740709875,0.9977703533655043,0.9977761853788036,0.9977703533655043,0.9242545171689946,0.6225255028538117,0.9473980482754939,0.9366365097461206,0.8365372011836103,-0.042689021884376795,-0.5823996300753194,-0.12483837177825949,0.9424279828341878,0.20016001396192176,0.969996500309345,0.9700649671928053,0.9836066997143257,0.9894738912825805,0.9251903290671933,0.9323436891649797,0.9333704911262966,0.9292667784332532,0.9318684221676529,0.93227874127019,0.9318684221676529,0.8814672445904158,0.8865330460228966,0.8875742440162879,0.8865330460228966,0.9260459398473999,0.856037482941128,0.9091029987368886,0.9098966409488753,0.9091029987368886,0.7192669476714335,0.6299147581894722,0.712866828684963,-0.5116779348669271,0.6967756440672285,0.6810562632742896,0.681209071693672,0.6810562632742896,-0.06809656343898786,0.9074910506259978,0.9305167733597282,0.9178985200251063,0.9320113223521033,0.05283227384070509,0.9060383627816987,0.9069792696981355,0.9060383627816987,0.9103483199825027,0.9103483199825027,-0.13679168537232664,0.666014093763364,-0.014235899056043546,-0.7600136384581104,-0.6571459969536799,-0.6583090298661316,-0.21262428953572976,0.18354920747477743,-0.2067576342028018,-0.3035005538297994,-0.6807217212859844,-0.4048269042358421,-0.8366971160969321,-0.5873292667957218,0.15265549253034683,0.1547114359805981,-0.6173222164819175,-0.5587938638764883,-0.5677114647622108,-0.5751308804240701,-0.7618492530851243,-0.6149821167956769,-0.6182516151100882,-0.6149821167956769,-0.3028586969344536,-0.42420630353785427,-0.42420630353785427,-0.7331727797057506,-0.7331727797057506,0.48564798246426827,0.6128271075016762,0.8047730609310092,0.8101349619583504,0.7451308849663172,-0.48624909224698853,0.6279185806095008,0.666045351268472,0.6662572254342061,0.666045351268472,0.09296430220150621],[1.0,0.9999911168789014,0.7202453212478017,0.9997639965387121,0.9982795500719593,1.0,0.9932842564202359,0.9903605305975234,0.9903605305975234,0.9937548823875323,0.9795449794662303,0.9884335020560616,0.9933179615734068,0.9936330847763756,0.9933569970743161,0.6741874916428167,0.571978168966794,0.20977794108888967,0.9940183193856735,0.99401964360782,0.9861085331040625,0.9933155125460797,0.35215287020819913,0.7820318591036564,0.9844412582131922,0.9844412582131922,0.9844230858072761,0.9810428888190678,0.295409709387265,-0.14713825454021315,0.9888238871389087,0.9887965950122304,0.22973893518439814,-0.23981839297390575,0.9950949442690972,0.9953624712200563,0.8701225134955867,-0.33476903717120676,0.9914978749107156,0.9954712472907434,0.6492910638775362,0.19006878148472672,0.9952114917786824,0.9952121427411313,0.9952114917786824,0.9148428928028338,0.6639703827822502,0.9387660675129172,0.9416025474318637,0.8692586046221814,0.38707692159014206,-0.19237406910389446,0.23895226263571678,0.9548621143313525,0.35722963191602386,0.9754529848103742,0.972780708861013,0.9819733693893308,0.9890280351247038,0.9410794030749794,0.9518614860579951,0.9519058502730173,0.942668516416825,0.9492922850444796,0.9499286105811359,0.9492922850444796,0.9070580133727735,0.9300717268410389,0.9309058360555957,0.9300717268410389,0.9378779706913275,0.8220909097239885,0.9115097946751557,0.912741119395166,0.9115097946751557,0.7565034930451219,0.45687628149967435,0.7484951183863441,-0.5100319254683189,0.6550410270569877,0.6628218318410598,0.6636214800813384,0.6628218318410598,-0.05966634552978223,0.925769834773932,0.9544268992815583,0.9413265199366994,0.9424269027110098,0.21943265902044204,0.9202039779942551,0.9207863023985553,0.9202039779942551,0.9233933698046256,0.9233933698046256,-0.09826494389307154,0.6077064701255656,0.12562854853659303,-0.7281348500701574,-0.6109525010386961,-0.6147032388741177,-0.17553810610815937,0.16411621518818617,0.1791864039942823,-0.05487162692971581,-0.6128520208087208,-0.05527276356947324,-0.7969970402137427,-0.32425033549025534,0.1886745743373766,0.19078289205870316,-0.589456098317971,-0.5648707345886189,-0.3122232953952546,-0.5323900938943822,-0.8077349434867092,-0.43600573920145314,-0.4293008271565338,-0.43600573920145314,-0.2631969792221837,-0.38824190497852856,-0.38824190497852856,-0.7960938478865995,-0.7960938478865995,0.5065331356853281,0.6363283169894188,0.8476889829661924,0.8435069248004932,0.7572813993420062,-0.3581921600988119,0.7479444060026236,0.7696672193575417,0.7697491757484249,0.7696672193575417,-0.14718345419228732],[0.9932842564202359,0.9868614038840021,0.6974852749773843,0.9942912177958774,0.997433571045317,0.9932842564202359,1.0,0.9977869956265905,0.9977869956265905,0.9999733649864858,0.96814132915556,0.9997354535628723,0.9999969632772705,0.9999887008872062,0.9999941975171398,0.7809549667956232,0.7628045714912376,0.17122121138774365,0.9998782884040043,0.999878800470873,0.9910819278901735,0.9999971312608402,0.2724129348340997,0.7787154287321936,0.9868807768814052,0.9868807768814052,0.9884096230671514,0.9924917375792429,0.22929659636920605,-0.20035836079330174,0.9914003662044285,0.991516607646286,0.13919232384705496,-0.27960322645199503,0.9994063910269041,0.9995291442977988,0.4997947304058242,-0.28804485616150477,0.9992540739551221,0.9995138887080489,0.7541583788864149,0.15000498785611854,0.950770453793467,0.9991858970185201,0.950770453793467,0.9313725349049885,0.6302595146790342,0.9536061923466107,0.9355959911204755,0.8081197644077889,0.42474885198278883,-0.1332324263367766,-0.16824163991065877,0.940108916526091,0.3177954156287567,0.9702549063435366,0.9680338588009207,0.9814959357396017,0.9952126449188314,0.021851403605699586,0.8996606020713575,0.8612894059069578,0.9005605995911826,0.8567936226183408,0.8240619383622064,0.8567936226183408,0.8496326665464502,0.8292825375548237,0.8200139159078974,0.8292825375548237,0.8968125666686019,0.4671697760429825,0.6537569795883463,0.7004417794108521,0.6537569795883463,0.6887747909624331,-0.3180067821747786,0.6699908950427413,-0.583482473548448,0.5887959737053623,-0.04774305840091445,0.5154231781640065,-0.04774305840091445,-0.10574190436540766,0.8757178408584433,0.8994940257801637,0.885954228324451,0.799265237406915,0.17907037140765178,0.8734670725544201,0.8745029733111493,0.8734670725544201,0.8074483038271366,0.8074483038271366,-0.17001913702658342,0.7036991120010009,0.21443249720338517,-0.7364665751116998,-0.6531564181406093,-0.6564286354114828,-0.22074209113455506,0.11301541170317812,0.30061751309050583,-0.08799182707629064,-0.6276699527255204,0.010410381183746854,-0.8287462458320654,-0.22519628298959002,0.12031077489915401,0.12252216776794318,-0.6339499474850855,-0.5773602290300955,-0.14551119573980115,-0.6070749166146553,-0.826208272951383,-0.4252794320677782,-0.2653157406146812,-0.4252794320677782,-0.32977724402423236,-0.4299206488921391,-0.4299206488921391,-0.8180964852713274,-0.8180964852713274,0.48354884369234463,0.6006981174587616,0.5220976808333757,0.8113977506764879,0.7438932790934576,-0.41301502629881287,0.08405770776163667,0.7437515342103792,0.7616897848859527,0.7437515342103792,-0.07640684230919007],[0.9903605305975234,0.982552436982991,0.6914109443510446,0.9917734712706913,0.996278111914914,0.9903605305975234,0.9977869956265905,1.0,1.0,0.9996333034300732,0.962745868792494,0.9989832903270538,0.9984767108819823,0.9994783466778385,0.9992660329428735,0.7773209924785806,0.7494126263905976,0.15018042820788044,0.9992869699097592,0.999289815844773,0.9887613275877419,0.9993829041070768,0.2481408325510056,0.781099615943089,0.9933497797597654,0.9933497797597654,0.9869032273725848,0.9905106499361501,0.21260317608360618,-0.21258669558651686,0.9878001310107907,0.9912279873505488,0.121423344449389,-0.28525991041838783,0.9984862098422277,0.9985160393005986,0.4851424210222884,-0.2935479090114134,0.9977977721263764,0.9985123151319644,0.7505753101871369,0.1286442711657939,0.9446400986317091,0.9983257230644205,0.9446400986317091,0.9296352837193927,0.6166599893530674,0.9542317745320074,0.9347085427525914,0.7927182743984539,0.41286064227174324,-0.14692261604668344,-0.17919557045129206,0.9331268558775375,0.29857292917636374,0.9660420359419702,0.9636414904245252,0.9771240253821941,0.9941313941266939,0.013861181375107862,0.8925576743225285,0.8500052751138819,0.8950601807467679,0.8464981168437681,0.8144349924610848,0.8464981168437681,0.8412722686500712,0.8160242139443924,0.809644145533846,0.8160242139443924,0.8914079348150696,0.4519632041008156,0.638156343801067,0.6873225665238915,0.638156343801067,0.6808814166408271,-0.33049175171163164,0.6605350748276393,-0.5887506282554286,0.5840617973357278,-0.06672544696659896,0.5028872870287376,-0.06672544696659896,-0.11084420209045931,0.8695324322896325,0.8911885755069079,0.8782058717953082,0.7872903870848772,0.16186524030657662,0.8678801935155033,0.8690872641016059,0.8678801935155033,0.7951456363724487,0.7951456363724487,-0.1826178257061914,0.722286672803493,0.22016236398993233,-0.7448801517084532,-0.6639019129953643,-0.6670281417852681,-0.234005235811122,0.10693233977409648,0.2935650650442496,-0.10608153903108852,-0.638868782968728,0.0013287377849929573,-0.8331195522385328,-0.23154555079883152,0.10710911106551442,0.1093624396228815,-0.6436988960846151,-0.5778380703385634,-0.1521622606101816,-0.6208124766276827,-0.8248025032960208,-0.43561267907085766,-0.27128809985654834,-0.43561267907085766,-0.3447422649199214,-0.44173102629077976,-0.44173102629077976,-0.8152419320627675,-0.8152419320627675,0.46945909066178704,0.5859318422903601,0.5051786243018457,0.7952902182194941,0.7327540141489692,-0.43198086457367274,0.07153524848640821,0.725960009646696,0.7468314284186943,0.725960009646696,-0.0600189598107891],[0.9903605305975234,0.982552436982991,0.6914109443510446,0.9917734712706913,0.996278111914914,0.9903605305975234,0.9977869956265905,1.0,1.0,0.9996333034300732,0.962745868792494,0.9989832903270538,0.9984767108819823,0.9994783466778385,0.9992660329428735,0.7773209924785806,0.7494126263905976,0.15018042820788044,0.9992869699097592,0.999289815844773,0.9887613275877419,0.9993829041070768,0.2481408325510056,0.781099615943089,0.9933497797597654,0.9933497797597654,0.9869032273725848,0.9905106499361501,0.21260317608360618,-0.21258669558651686,0.9878001310107907,0.9912279873505488,0.121423344449389,-0.28525991041838783,0.9984862098422277,0.9985160393005986,0.4851424210222884,-0.2935479090114134,0.9977977721263764,0.9985123151319644,0.7505753101871369,0.1286442711657939,0.9446400986317091,0.9983257230644205,0.9446400986317091,0.9296352837193927,0.6166599893530674,0.9542317745320074,0.9347085427525914,0.7927182743984539,0.41286064227174324,-0.14692261604668344,-0.17919557045129206,0.9331268558775375,0.29857292917636374,0.9660420359419702,0.9636414904245252,0.9771240253821941,0.9941313941266939,0.013861181375107862,0.8925576743225285,0.8500052751138819,0.8950601807467679,0.8464981168437681,0.8144349924610848,0.8464981168437681,0.8412722686500712,0.8160242139443924,0.809644145533846,0.8160242139443924,0.8914079348150696,0.4519632041008156,0.638156343801067,0.6873225665238915,0.638156343801067,0.6808814166408271,-0.33049175171163164,0.6605350748276393,-0.5887506282554286,0.5840617973357278,-0.06672544696659896,0.5028872870287376,-0.06672544696659896,-0.11084420209045931,0.8695324322896325,0.8911885755069079,0.8782058717953082,0.7872903870848772,0.16186524030657662,0.8678801935155033,0.8690872641016059,0.8678801935155033,0.7951456363724487,0.7951456363724487,-0.1826178257061914,0.722286672803493,0.22016236398993233,-0.7448801517084532,-0.6639019129953643,-0.6670281417852681,-0.234005235811122,0.10693233977409648,0.2935650650442496,-0.10608153903108852,-0.638868782968728,0.0013287377849929573,-0.8331195522385328,-0.23154555079883152,0.10710911106551442,0.1093624396228815,-0.6436988960846151,-0.5778380703385634,-0.1521622606101816,-0.6208124766276827,-0.8248025032960208,-0.43561267907085766,-0.27128809985654834,-0.43561267907085766,-0.3447422649199214,-0.44173102629077976,-0.44173102629077976,-0.8152419320627675,-0.8152419320627675,0.46945909066178704,0.5859318422903601,0.5051786243018457,0.7952902182194941,0.7327540141489692,-0.43198086457367274,0.07153524848640821,0.725960009646696,0.7468314284186943,0.725960009646696,-0.0600189598107891],[0.9937548823875323,0.986799255602989,0.6590686002443844,0.9949516350418677,0.9976506154202103,0.9937548823875323,0.9999733649864858,0.9996333034300732,0.9996333034300732,1.0,0.9673022226211196,0.9997038221523867,0.9999745898474441,0.9999738809547678,0.9999772743718481,0.6037406000082081,0.4785235396937196,0.048952050289092115,0.999839225601161,0.9998401249690968,0.9910326508096089,0.9999720890831252,0.04284570755608939,0.7635646419370211,0.9956993887719202,0.9956993887719202,0.995662433937398,0.9924368726179686,0.059015962959283096,-0.14460729787677698,0.9909439396642421,0.9909092705562224,-0.046751548441929094,-0.24327504443453735,0.9994693163057055,0.9994285837428477,0.8407250763704948,-0.44928338606818974,0.9992032861013512,0.9994869682155234,0.5664061736413851,0.02514577046224086,0.9993546592972133,0.9993596693569391,0.9993546592972133,0.9312911632308452,0.6306090528011132,0.9535691608975914,0.9354671276635994,0.8077946404893532,0.049956714057763106,-0.5401450964512934,-0.08643178079137963,0.9371898839106252,0.2629273331680651,0.9682705826168934,0.9680032435400272,0.9838870122882588,0.9944944075878621,0.9025894331235789,0.9007116951208491,0.9118034791387373,0.9018375941266842,0.9102263158229031,0.9107308107482849,0.9102263158229031,0.8499719660205618,0.8691089358764559,0.870216656832821,0.8691089358764559,0.8983902209338236,0.8237648193262349,0.8841353850570666,0.8850605407814376,0.8841353850570666,0.6891595075373381,0.5681418636438541,0.6707789561715082,-0.5723194060706756,0.6379724934569295,0.6117972398608499,0.6118034677630603,0.6117972398608499,-0.05430685773695097,0.8769384076825606,0.8996537707506039,0.8866146497957234,0.9099407023619427,0.09211426511246854,0.8785890271123634,0.8800570412636873,0.8785890271123634,0.8830444922968439,0.8830444922968439,-0.17144577928804552,0.7043434724626488,0.013669355320551019,-0.7479507146043852,-0.6836567085891448,-0.6852251231556807,-0.22410332413345221,0.11721126553865738,-0.2107693011302776,-0.2693871076818021,-0.6633618954701275,-0.4300533075507229,-0.8580435695381936,-0.6193847960948367,0.11998134304239384,0.12217045373297337,-0.6352450697799986,-0.5733869395644685,-0.5781012892373162,-0.6083878375103579,-0.7894353344533205,-0.6378205000183449,-0.6403225256496636,-0.6378205000183449,-0.3318328257807332,-0.4334126494523192,-0.4334126494523192,-0.7707334863139564,-0.7707334863139564,0.4840101350733038,0.5990963036239653,0.8155304650794157,0.819134476495488,0.7419903580593694,-0.4390246673555018,0.6556362178034415,0.690674637012366,0.6908606672136385,0.690674637012366,0.15999801257547788],[0.9795449794662303,0.9774910424941271,0.6344674606809093,0.9780347286656969,0.9726834458598317,0.9795449794662303,0.96814132915556,0.962745868792494,0.962745868792494,0.9673022226211196,1.0,0.9573526756083469,0.968161445438569,0.9680485839834666,0.9679357323049528,0.3450961153262841,0.22044227701912214,-0.18671224699530706,0.971705616927533,0.9716884312179085,0.9682510328538223,0.9682437597018825,-0.054281200815060424,0.8008351890187414,0.9693185155687967,0.9693185155687967,0.9694600824223013,0.9256501149519291,0.1467884108213493,-0.13220442930018997,0.9731132347231746,0.9732063067232292,0.09115063080395315,-0.031340635321341834,0.9746041548586412,0.9748027150139132,0.9057603131869201,-0.3156537596190615,0.9638616649174865,0.9739651709833074,0.30121714294112023,-0.20591775231601728,0.975502871088984,0.9754763778562737,0.975502871088984,0.8578581426764563,0.4469308774698622,0.8821228670293431,0.9281487659652337,0.8916576819834101,-0.44138077424127375,-0.660765397391879,-0.14917197091640996,0.9104638511928946,-0.048638106146059616,0.933413453795471,0.9334678520682185,0.9484407158153577,0.9712213428789253,0.9052623915378487,0.9088623269030974,0.9143963975631916,0.9079202680877857,0.9085470736599859,0.9089923877288096,0.9085470736599859,0.8719473101571211,0.8450698553898682,0.8461394314591071,0.8450698553898682,0.9045712918514813,0.9161374771459722,0.9028662946145606,0.9032677419876002,0.9028662946145606,0.7597956639183289,0.7077758251009701,0.7607135534240596,-0.21210806138416202,0.7703749970581519,0.7836192131559458,0.7855458049513924,0.7836192131559458,-0.19737659547309244,0.9028869881128435,0.9473219619809669,0.914915388967904,0.9156734414840886,-0.06972793147314602,0.8977803813936773,0.8984484985092678,0.8977803813936773,0.9036828767528235,0.9036828767528235,0.024964692525332743,0.4565407547245345,-0.15865990356046525,-0.697016546807291,-0.4638989580998777,-0.46670138289227664,-0.10693896814405111,0.44262063905337223,-0.013632539836808665,-0.24384254637758415,-0.5977152978340905,-0.1430820720974398,-0.7822712721456359,-0.30777401899156875,0.31088416126678614,0.3113128669575307,-0.4332637216476692,-0.4294432074365951,-0.4033172869236325,-0.4157449395696859,-0.6477783642041886,-0.42184178970276753,-0.4244290513581015,-0.42184178970276753,-0.16969489250356762,-0.4761911862428876,-0.4761911862428876,-0.5421421493234266,-0.5421421493234266,0.6037723797463896,0.6538348928957318,0.7599794387951483,0.7279754854616065,0.8118968316469318,-0.5216176502760623,0.4489156814005731,0.5424358216486124,0.5427785163695188,0.5424358216486124,-0.09235024460583482],[0.9884335020560616,0.9875040676200892,0.9945812197156572,0.9910120873830589,0.9967750710378417,0.9884335020560616,0.9997354535628723,0.9989832903270538,0.9989832903270538,0.9997038221523867,0.9573526756083469,1.0,0.9997341151568098,0.999730367540389,0.999709610462347,0.06698095042485161,-0.03831285353138017,-0.5543015444154954,0.9998365399170426,0.9998380207980662,0.9997379682927612,0.9997370499055382,-0.29839741673893105,0.974824687648604,0.9950894936315339,0.9950894936315339,0.9950690630865738,0.9937391370775301,0.06362400143716267,0.056516685427761545,0.9930396638256366,0.9930855761527535,0.7299079227203956,-0.06589006509717983,0.999231448169233,0.9991985185051032,0.9990886093405097,0.9995032125745067,0.9995334586970387,0.9992581433416272,0.010476028186471613,-0.5613321662918347,0.9990516758492557,0.9990572118677122,0.9990516758492557,0.9267514871746064,0.48313008494427834,0.9497879772610232,0.9318870664697494,0.8075366845922938,-0.3104447742398063,-0.5685193357042713,0.8489647944933397,0.8768738848446188,-0.3407175986608352,0.9443725001325081,0.9445490400776385,0.9748138046098422,0.9941037591973214,0.9181111080202877,0.9226479059233531,0.9020667433656349,0.907492696399639,0.9058578885735283,0.9062702629394352,0.9058578885735283,0.821039630898744,0.7904401141828467,0.7917445051125892,0.7904401141828467,0.9240923766362666,0.9287978047742668,0.9231170158920508,0.9238808166033531,0.9231170158920508,0.6303450422166357,0.5846487188871828,0.6582668183198577,0.7218172408539171,0.6386350731001968,0.6627221062464113,0.6647525584958567,0.6627221062464113,-0.20971816948355698,0.8764095016858772,0.9008893307753917,0.8921951121627572,0.9237797577872453,-0.3581750849849794,0.8727891689127272,0.8729584148465921,0.8727891689127272,0.8795554373246207,0.8795554373246207,-0.22155403789532857,0.6989482965167383,-0.40045648596216543,-0.8263520128036845,-0.5447395951861763,-0.5480345949124162,-0.4471347026872254,0.2549842363799603,-0.3139887145559837,-0.5595052162548865,-0.7879584644257153,-0.4194025775775828,-0.5813931172493252,-0.49578119666442727,0.11303913108375285,0.11143129156566607,-0.5610751301238996,-0.5363667286878209,-0.5578858138995498,-0.5940295585502627,-0.5868380337100163,-0.5611742797099676,-0.5644599209968388,-0.5611742797099676,-0.4558011559000432,-0.6443864946423548,-0.6443864946423548,-0.6316483707737899,-0.6316483707737899,0.47971730079306846,0.3601852141027766,0.501872965545164,0.6246336345619893,0.5438634950259248,-0.571518336462496,0.36764739819284925,0.3050765387782827,0.3053289164617948,0.3050765387782827,0.28882470193542775],[0.9933179615734068,0.9869052631735735,0.6975254883842339,0.9943164225493164,0.997452013266218,0.9933179615734068,0.9999969632772705,0.9984767108819823,0.9984767108819823,0.9999745898474441,0.968161445438569,0.9997341151568098,1.0,0.9999917694774928,0.9999956541332269,0.7809070053788585,0.7471707109519101,0.17123548384587137,0.9998792925014836,0.9998797484925791,0.9911070409330561,0.9999976369874569,0.27267638900946717,0.7788006912950806,0.9916650558149993,0.9916650558149993,0.9884077084784268,0.9925111701978898,0.22952776544373418,-0.20029997347458778,0.9914545050929414,0.9915195764380188,0.13938871357271038,-0.2795743983905429,0.9994068930808113,0.9995307619870938,0.4997887544460771,-0.287840794509106,0.9992552687072621,0.9995197288438714,0.7540942185204548,0.15002528351722078,0.9507614956748501,0.999186827186526,0.9507614956748501,0.9313696725977597,0.630371404246326,0.9537028688401521,0.9356985934877232,0.8082236165106943,0.42508740213314805,-0.1328389295828984,-0.16790280261807472,0.9401655462972679,0.31783385254119806,0.970322563213487,0.9680708575905271,0.9815632431960425,0.9952188851658271,0.022034200546350427,0.8997916479034134,0.861378812452167,0.9006741706312913,0.8568822201684937,0.8240254449426285,0.8568822201684937,0.849741377159149,0.8293478275406884,0.8199800873398855,0.8293478275406884,0.8969480610787267,0.46708351562249856,0.6537725255840852,0.7003780826871683,0.6537725255840852,0.688808798565671,-0.3180097037187219,0.6700466538267243,-0.5833636290797722,0.5887547238253498,-0.04784519911875802,0.5154687204915438,-0.04784519911875802,-0.1058504717015571,0.8758166066221053,0.8996281260956668,0.8860642519739049,0.7992635575761398,0.17909747279398835,0.8735634967251332,0.874595213176628,0.8735634967251332,0.807519276941774,0.807519276941774,-0.1699564522321784,0.703652970154551,0.214521162572398,-0.7365189668285101,-0.6530776827544634,-0.6563545325441023,-0.2208263276278565,0.1129208236995654,0.3007548395766192,-0.08800560345958892,-0.6277443136604592,0.010630377460290068,-0.8285070911346484,-0.2249481334200524,0.12039379525431479,0.12261820784655385,-0.6339240994348836,-0.5771452557901099,-0.14530507914901672,-0.6070192297119448,-0.8260970188968253,-0.4250892074312619,-0.2651457179818769,-0.4250892074312619,-0.3296336499860807,-0.4299004423869596,-0.4299004423869596,-0.8180309225400982,-0.8180309225400982,0.483997731593542,0.6007949825916129,0.5223098548912392,0.8116089582930596,0.7439226382089383,-0.41283253882293064,0.08431387239304378,0.7439599544268783,0.7617769380184698,0.7439599544268783,-0.07642344421946415],[0.9936330847763756,0.986817647750413,0.6953985087171453,0.9948881619567356,0.9975129562459331,0.9936330847763756,0.9999887008872062,0.9994783466778385,0.9994783466778385,0.9999738809547678,0.9680485839834666,0.999730367540389,0.9999917694774928,1.0,0.9999895838615364,0.6866210656803058,0.5802560984892096,0.17361799068211184,0.9999010049067735,0.9999016525761563,0.9910850073647275,0.9999893889299196,0.27177172834177954,0.7754691978836847,0.9944413882293975,0.9944413882293975,0.9944107219720124,0.9925207774503619,0.22229638344365044,-0.20117496591264847,0.9919301216298193,0.9919391849157323,0.16054830090142533,-0.27897468375614054,0.9995747055321494,0.9995292554601551,0.8699169245676697,-0.3717088027581044,0.9992491651788645,0.999521578692162,0.6578574109911501,0.1524323424988534,0.9994817141663638,0.9994861417183545,0.9994817141663638,0.9310400608030401,0.6298089916042737,0.9534114888363948,0.9353099252260835,0.8067590419208555,0.3080634182221439,-0.29913807394805003,0.14339065857257943,0.9399468427772574,0.31830557880879673,0.9680491593765058,0.9679855444914234,0.9803502817306187,0.9954352755614649,0.9073938674296905,0.8989151700324011,0.9163710065962063,0.9004436675805371,0.9151333271044476,0.9158416198798929,0.9151333271044476,0.8488173493764863,0.8858093391646331,0.8869314764868445,0.8858093391646331,0.8965970696310606,0.8063575853293068,0.8866248591143909,0.8879134393726732,0.8866248591143909,0.6871836943562926,0.5558979849681763,0.668266272951199,-0.5813196984894892,0.5867534349055176,0.5827345550197626,0.5836007363219335,0.5827345550197626,-0.10887038900875454,0.8755169759951884,0.8989339559229157,0.8852229582006783,0.9132759824385167,0.18124193076963854,0.873346649177864,0.8743794314302817,0.873346649177864,0.8814022841943532,0.8814022841943532,-0.1699441025770418,0.7024149087186063,0.11348933407774514,-0.7352303956047473,-0.6521356648027965,-0.6554038973953796,-0.21979140977460523,0.11239410641957572,0.07225970408416134,-0.08579223849477814,-0.6260097052478737,-0.1775733496181298,-0.8377189979336329,-0.4384508486898249,0.11952702598382732,0.12174727581080276,-0.6335330578789949,-0.5765904770629987,-0.43062886383256266,-0.6064240036428309,-0.8183613027599005,-0.5380272490033275,-0.5343403758532661,-0.5380272490033275,-0.3288423540714193,-0.4295439800764031,-0.4295439800764031,-0.8092052695974559,-0.8092052695974559,0.4804013872170124,0.6003134367232794,0.8192937575503922,0.8147848950087816,0.7439400939583614,-0.41229670998713686,0.7060872710183977,0.7306277205650041,0.7307271974082203,0.7306277205650041,-0.0443188870363024],[0.9933569970743161,0.9867719806812801,0.6976134544758377,0.9943347635216679,0.9974722722940139,0.9933569970743161,0.9999941975171398,0.9992660329428735,0.9992660329428735,0.9999772743718481,0.9679357323049528,0.999709610462347,0.9999956541332269,0.9999895838615364,1.0,0.7680637622236844,0.6828088050786683,0.17139491635623227,0.9998822547928808,0.999882604381452,0.9912241710570945,0.9999955397778159,0.27333420312778894,0.7786381583882124,0.9946036291864832,0.9946036291864832,0.9945225680953431,0.9924356336426016,0.2298091677625065,-0.20032083467099243,0.9923921576000675,0.9924372151761927,0.1401023603883939,-0.27941214053526026,0.9994493252870806,0.9995306527311112,0.4988989823717811,-0.2871768449779341,0.9992215358222225,0.9995219604647045,0.750677691006355,0.15020420625231398,0.9503698260751816,0.9992338508246622,0.9503698260751816,0.9315646533796562,0.6309683112709358,0.9537739990390227,0.9357347367547705,0.8079858144042875,0.42632509753788755,-0.13145008728578592,-0.16813912504947082,0.9404522931877651,0.3180971806579724,0.9706741864088609,0.9683301864642433,0.9817914493964098,0.9952634674749083,0.0210799670859453,0.8999985062330289,0.8612742368387107,0.9008464555455783,0.8568043915213307,0.8236111209362597,0.8568043915213307,0.849899244513437,0.8292472167712227,0.8202465346006558,0.8292472167712227,0.8971910398093939,0.4664569264438393,0.6533226248082421,0.7003523024228709,0.6533226248082421,0.6886827203698064,-0.31909136432393065,0.6700049006534016,-0.583581678109994,0.5884394304619275,-0.048763007328793816,0.515141775402743,-0.048763007328793816,-0.1058321342172484,0.8759126363049783,0.8994310281244124,0.8861764038328439,0.7930222932234674,0.17947167992268015,0.8736138875126165,0.8746369480644895,0.8736138875126165,0.8073282984422292,0.8073282984422292,-0.17115226440815184,0.7043803109186871,0.21499247148281778,-0.7364736032935884,-0.653397784940026,-0.6566785506918791,-0.22177850319766423,0.11187153283719405,0.3010881266633338,-0.08832896280728098,-0.6278783590997796,0.010747405417303643,-0.8278377288404709,-0.22477024259201372,0.11955270728322226,0.12177700790008976,-0.6344443798931221,-0.5773266722863898,-0.14476126929077263,-0.6079926156142822,-0.8261461484161585,-0.42502398652896234,-0.2646279130802925,-0.42502398652896234,-0.3304106689987528,-0.4302818750961296,-0.4302818750961296,-0.8183755868851837,-0.8183755868851837,0.4840999318026021,0.6004984680426033,0.5218827844437591,0.812012469596982,0.7434417455956672,-0.4124417160071604,0.0837178706576977,0.7443707877334591,0.7623795923023379,0.7443707877334591,-0.07619344985112417],[0.6741874916428167,-0.052400161398588434,0.34911632857516944,0.6732038094160586,0.5498595768437928,0.6741874916428167,0.7809549667956232,0.7773209924785806,0.7773209924785806,0.6037406000082081,0.3450961153262841,0.06698095042485161,0.7809070053788585,0.6866210656803058,0.7680637622236844,1.0,0.9909768981093188,0.4318477131151566,0.7417452601676479,0.7417054280193545,0.6504726984453502,0.7664524101152523,0.33703124525072853,0.3116192450763477,0.7563650698081192,0.7563650698081192,0.7401973562494358,-0.3336102803452889,0.19423550477812976,-0.15523247959784187,0.814501174590395,0.8107538564729423,0.16278862278183695,-0.20502828781103866,0.7751736602133918,0.6344402099945579,0.23476891253051244,-0.316936064909925,0.08110408466326906,0.5940970640065935,0.9982864954443067,0.41518829079804564,0.6995590393366788,0.7746597091570414,0.6995590393366788,0.020158760916236747,0.49522911950235593,-0.3912967195509272,-0.41437922407890093,-0.09617063966707616,0.38738888883482525,-0.052524125684193304,-0.212037893439489,0.6214541135220425,0.39543674975895066,0.778434032541696,0.6237288265213614,0.7311274788400344,0.7560651299490955,-0.1103411274837986,-0.00370433761