var element=document.getElementById("correlationClose");if(element.style.display!='none'){var correlationClose={"data":[{"type":"heatmap","z":[[1.0,0.9999874136395939,0.6400940929633645,0.9997178626150147,0.9978913492062456,1.0,0.9920952940998572,0.9882965120561437,0.9882965120561437,0.9927778425304197,0.9761319363272009,0.9862693570072967,0.9921349397981666,0.9925631717373204,0.9921901972284556,0.849816170133872,0.8016474345928624,0.3411030788091242,0.9930663559416019,0.9930534865625671,0.9853264085591823,0.99212234496266,0.44021380659042136,0.7207136370716581,0.9809137343391109,0.9809137343391109,0.9808949421026592,0.9734525280983826,0.3462802540501068,-0.10417347264942849,0.9895999619610529,0.9895685276391244,0.29632020879380716,-0.17801624632321159,0.9945495702899364,0.9952446605611737,0.8383536406376282,-0.36973260772468275,0.9902565978678398,0.9951900987843411,0.8398877143729954,0.3221623019808365,0.9947014605154005,0.9946902235737544,0.9947014605154005,0.88607797889452,0.6572398462814397,0.8936329317479997,0.9008921855220741,0.8100961719649183,0.37559898672426645,-0.16438315990673813,0.19866793808396013,0.9458713263767666,0.40413647951859244,0.9749384373942737,0.9699947505538663,0.9799263211812862,0.9897763985999882,0.9268354911625486,0.9325074738528754,0.942412161606243,0.9253880503962933,0.9396839471227011,0.9403453765481745,0.9396839471227011,0.8737931101219624,0.9180265889119925,0.918994505845098,0.9180265889119925,0.9163786869958144,0.7738008742014237,0.8892357458144264,0.89060653221308,0.8892357458144264,0.6746422767240499,0.35420047438155744,0.6569782658130667,-0.5660082511510288,0.5621495570649251,0.592061094507459,0.5927797893674588,0.592061094507459,-0.10530966354080605,0.9046271659331717,0.9367761236876114,0.9197720532576564,0.9281956756151337,0.3248456225905084,0.900178809544321,0.901046069862538,0.900178809544321,0.9054497886483869,0.9054497886483869,-0.10874194132613078,0.588361261401548,0.1774083683707291,-0.6447756335610001,-0.5803287810731083,-0.5839430594759238,-0.09306724915461902,0.1073050848286257,0.22689107701062464,0.05464993227851455,-0.4997992795683699,0.011366341444308366,-0.7960819349976613,-0.255553015832845,0.16106836620007842,0.1621129373291146,-0.561860240986504,-0.5876895764492953,-0.2539685346597762,-0.5055482225687765,-0.8211649953020577,-0.38576697475818283,-0.3776578876088796,-0.38576697475818283,-0.19390110596188342,-0.30595584187882324,-0.30595584187882324,-0.8092109761036969,-0.8092109761036969,0.39168216457534394,0.6371834978505357,0.8600238600755995,0.8431754064665038,0.7669533360532589,-0.30362573180891034,0.752899238450387,0.7886518785700304,0.7889871359976801,0.7886518785700304,-0.21541225258570199],[0.9999874136395939,1.0,0.9772910033925047,0.9993934054682285,0.995375077853627,0.9999874136395936,0.9833040343384697,0.9767192699437848,0.9767192699437848,0.9831676117723838,0.9683917092284995,0.9849079918535375,0.9833582974752556,0.9832883212694394,0.9831917267714578,0.37767221796150435,0.2953042658393684,-0.383825094967816,0.9874629094317694,0.9874447191840794,0.9834074755972356,0.9834014194275881,-0.09812212921122786,0.9764238968927018,0.9783324060479731,0.9783324060479731,0.9783889516362301,0.9736121964973211,0.15617682411310993,0.17564416509152395,0.9800219194756753,0.9800884000616645,0.9207607824498647,0.1814343492437656,0.990247895237842,0.9903024365735837,0.9909079873324472,0.9846446208537218,0.9892140949488667,0.9904573138728024,0.33663164981375737,-0.3892676533322666,0.9909566269561388,0.9909441533953699,0.9909566269561388,0.8859502415225832,0.5115270004843179,0.8936860563194865,0.9007302811843734,0.8095003145078593,-0.36267017568562276,-0.5146261488898515,0.8267510003956768,0.8678174408686888,-0.23961915240763,0.9330761207897162,0.9332107433461388,0.9525800248241332,0.9760167643487497,0.9438957665529722,0.9514072550552993,0.9352112064116513,0.9343589331442508,0.9402050645865236,0.9407438283795526,0.9402050645865236,0.8348124237165713,0.8047086718677064,0.8066256309835226,0.8047086718677064,0.9457329510630912,0.9494860921828286,0.9458574682845664,0.9467869869159745,0.9458574682845664,0.5638243163739991,0.5067687392619685,0.6107894134823608,0.7017814822750629,0.603594273168716,0.6304371518259968,0.6311947202831473,0.6304371518259968,-0.197647301727346,0.9036665843442837,0.9306746146128811,0.9209448712511817,0.9494166822287634,-0.2422780597743641,0.8993948369845067,0.8996940759722937,0.8993948369845067,0.9078048660289237,0.9078048660289237,-0.19954674221849533,0.5903525428155929,-0.3601369943643008,-0.744428109926859,-0.4622403499977619,-0.4656614587368388,-0.3480897152568923,0.26156029338156506,-0.2441990790684737,-0.46034989608856974,-0.6906254267564111,-0.3271630386227025,-0.4839656093984463,-0.38379309732120637,0.13853122078840488,0.1344826020700875,-0.4891274263711201,-0.45100424819906804,-0.479511118730173,-0.5103920269663654,-0.5025448069312383,-0.4816915291370883,-0.4850415637314852,-0.4816915291370883,-0.3446191131787991,-0.5155275886964825,-0.5155275886964825,-0.49210272596878546,-0.49210272596878546,0.3925131366218755,0.377982729729638,0.499505284274588,0.5931746230568948,0.5395014772592781,-0.42613435126703963,0.36486367592299057,0.3288911307652888,0.32898476864963827,0.3288911307652888,0.13105006821355217],[0.6400940929633645,0.9772910033925047,1.0,0.6362245018858881,0.5578539781035665,0.6400940929633645,0.6240348330043343,0.6149999588435734,0.6149999588435734,0.5560184103877897,0.5121979803510862,0.9959602711947596,0.6240812962263586,0.6143443036698725,0.624308533200857,0.46675155871943674,0.46019385206232377,-0.1741811538714732,0.5816999347772073,0.5808732055746804,0.5440569152095214,0.6230534113314946,0.21947425569161463,0.7638199690616184,0.6001489552447462,0.6001489552447462,0.5999178223982455,0.9878629106647505,0.33361459005101607,0.16563144731414337,0.582856213196792,0.582465063464935,0.7266122697402888,0.016752393075427606,0.6205157860960115,0.5511960307732513,0.5925751403152406,0.31892606161421116,0.9937507200666631,0.5447835675945065,0.4573796056483009,-0.18247247937785394,0.6372185803727511,0.6184743434420487,0.6372185803727511,0.883378402167926,0.39778507232164917,0.9157384021812852,0.8898447093516668,0.6942113515063797,0.20780526476845673,-0.05174787153336625,0.049286205792935335,0.4948683882962318,-0.08745236942760959,0.5667173599889146,0.5231391040990601,0.5501571231594273,0.5121512512423355,-0.025810130643484686,0.7660833834398605,0.7008120669519945,0.5935359506531112,0.7065664427689652,0.7438036077346564,0.7065664427689652,0.47015372418747386,0.6078464768677055,0.6774441860761485,0.6078464768677055,0.656271479183308,0.6552222043143242,0.7034609121395861,0.7573143046581736,0.7034609121395861,0.3412002897667269,-0.08787860337692135,0.35778935627556646,0.11042811356064486,0.3531318222254231,0.26078573277937794,0.458773682063651,0.26078573277937794,-0.16795403500658337,0.5608263062004465,0.8632188695787877,0.6384812078313549,0.7586251040210787,-0.027560213795773742,0.6078620599592356,0.6075588887835777,0.6078620599592356,0.6892865999849034,0.6892865999849034,-0.21912257296255058,0.7143649989960703,-0.19365035769883243,-0.6534025637051588,-0.42268954675415377,-0.42627724615833884,-0.4076385903824633,0.07575799685687655,0.023026306674942643,-0.3097362916248657,-0.6334822043655844,-0.15604167256919516,-0.2895006610432574,-0.24657704745934586,0.034240375413504304,0.031910589987540955,-0.4768642307208888,-0.04076153742900189,-0.24688811935221516,-0.5024761374002599,-0.17519089095712692,-0.39013124137664,-0.2695479852368822,-0.39013124137664,-0.40697512694696025,-0.5241570709441123,-0.5241570709441123,-0.28479658890220605,-0.28479658890220605,0.3309608536239977,0.1732739922505725,0.2712411004444235,0.5087139885439952,0.26281188317359633,-0.35988642907637525,-0.022276897636742118,0.4534055661479887,0.5593889061220012,0.4534055661479887,-0.033854232217983504],[0.9997178626150147,0.9993934054682285,0.6362245018858881,1.0,0.9988594563390307,0.9997178626150146,0.9934465353721094,0.9901123220955849,0.9901123220955849,0.9943619421288763,0.9740737877055582,0.9899265972214569,0.9934762288168142,0.994206791349704,0.9935072847511426,0.8491935186183918,0.8006893668416604,0.32617265556554303,0.9942262864252387,0.9942158696029001,0.9854766985142259,0.9934560068394382,0.4317016225013014,0.7250296029748946,0.983592296282015,0.983592296282015,0.9835733475328678,0.9802105476705724,0.34230564045053213,-0.11042042110685649,0.9889777161030041,0.9889555309687592,0.28857521457099017,-0.1781615839093661,0.9951477301331271,0.9960440765003655,0.8032508778638007,-0.37440279036334034,0.9928736616711401,0.9962237428837336,0.8384803752852218,0.3069207458438358,0.99304921767807,0.9951962376837118,0.99304921767807,0.8835100560042906,0.6447465214670746,0.89893264492658,0.8984050239267062,0.7911726364757761,0.37041847898875413,-0.1696914608661321,0.19294282248059166,0.9402469969485141,0.3880396699606759,0.9704263443846944,0.9669973673895859,0.9777633185984255,0.9897616463915937,0.9062325540093454,0.9261986227651109,0.9297718046338492,0.9216166303932154,0.9231016071227576,0.924008032472457,0.9231016071227576,0.8660819499505885,0.9061669027811126,0.9072299544901355,0.9061669027811126,0.9131514480607813,0.7152109368537035,0.851240869652426,0.852628897536643,0.851240869652426,0.6667121876296817,0.13031908672566164,0.6473834768341572,-0.5704660548376428,0.5574226362745023,0.3291617453980055,0.5631896896114265,0.3291617453980055,-0.11165505674736452,0.8996156707612554,0.9296017156967193,0.91244454794344,0.9056592230073661,0.3106193051733374,0.8959037483858129,0.89690364428022,0.8959037483858129,0.8866296786460646,0.8866296786460646,-0.11347191253908245,0.6091926393407214,0.1820970453789305,-0.6548498213154248,-0.587173462539604,-0.5906989633610469,-0.10511985462621917,0.10278288438850164,0.2199777766343263,0.0416456252695197,-0.5119775183016517,0.005080240999433319,-0.8017272281159452,-0.26318528824670095,0.15120068627434807,0.1523047202771026,-0.568446984132095,-0.5840510092266425,-0.25513840621063655,-0.5159048349668629,-0.8226006459778471,-0.38708066404234986,-0.37953610654847425,-0.38708066404234986,-0.20228443051643447,-0.31540981765001774,-0.31540981765001774,-0.8086791141923367,-0.8086791141923367,0.381280262326603,0.625522636237616,0.8520692683938498,0.8354187644684815,0.7594317325601179,-0.3164419029251679,0.7437882196287803,0.779699663248364,0.7800431032125751,0.779699663248364,-0.20051290033003866],[0.9978913492062456,0.995375077853627,0.5578539781035665,0.9988594563390307,1.0,0.9978913492062456,0.9971558175901325,0.9955604520600523,0.9955604520600523,0.997353128015653,0.9658851062074808,0.996359388640416,0.9971768090874465,0.9972544108924439,0.9972046104954765,0.7851661158778074,0.7159575688938916,0.12174508974256538,0.9976752441212445,0.9976707847119904,0.9873535289830057,0.9971620556737031,0.08187036179329633,0.7021130080246178,0.9920798175155142,0.9920798175155142,0.9920423520511689,0.9895795446035547,0.11991794533953708,-0.09212348513605548,0.9871568483128973,0.9870992101235166,-0.004245822061508241,-0.07448315074593584,0.997811355821186,0.997743899192312,0.7914119182138404,-0.5006840898435246,0.9976434149494909,0.9980857275267451,0.7652375553522124,0.09752531557231371,0.997757354664912,0.9977587024696087,0.997757354664912,0.8982728938093903,0.6080505611937794,0.9158776523648634,0.9033193077709522,0.7654066188587778,-0.09522619579494426,-0.5868387792214891,-0.20641229894830496,0.9283863216594745,0.24128112518245085,0.965451709448313,0.9655104738709833,0.9798194266325982,0.9903244726967068,0.9049425383455804,0.9081827675359933,0.9202064697957023,0.9091128182196783,0.9186517190702999,0.9190023444766932,0.9186517190702999,0.8412355258895777,0.8613074800036206,0.8625053879811403,0.8613074800036206,0.9022091699528076,0.8114602722018084,0.8829022268334902,0.8837262708548435,0.8829022268334902,0.6252461651889435,0.5031269957988446,0.612303413757986,-0.5944256785540427,0.6098909715138542,0.5884131600726232,0.5877128784455943,0.5884131600726232,-0.1295042222978329,0.8820675245241567,0.9056458741321451,0.8900603122976394,0.9130658194775748,0.15761022224043691,0.8817979315545635,0.8828679557607376,0.8817979315545635,0.8884480051402475,0.8884480051402475,-0.15317637511027968,0.6581536803329607,0.03720306951628772,-0.6858145690904327,-0.6367863321478126,-0.63737941884527,-0.13766524995263338,0.12595861439752834,-0.1718031301724919,-0.2071398071862811,-0.5860578340845686,-0.3569471136612139,-0.8518024368847716,-0.5447092162006286,0.120145969315914,0.12110370100499314,-0.5951438253005897,-0.5771590177326353,-0.5356663347798396,-0.5545442641620731,-0.7823737186295934,-0.5880913216290237,-0.5909933362347524,-0.5880913216290237,-0.24201537982789942,-0.34996046280204646,-0.34996046280204646,-0.7503082022496077,-0.7503082022496077,0.3677757078756677,0.6070241752191904,0.8047843596255796,0.7886312238173285,0.7489745866072365,-0.44575264999178893,0.6014004335583328,0.6710565145275353,0.6715691929974381,0.6710565145275353,0.026322011841375285],[1.0,0.9999874136395936,0.6400940929633645,0.9997178626150146,0.9978913492062456,1.0,0.9920952940998572,0.9882965120561437,0.9882965120561437,0.9927778425304197,0.9761319363272009,0.9862693570072967,0.9921349397981666,0.9925631717373204,0.9921901972284556,0.849816170133872,0.8016474345928624,0.3411030788091242,0.9930663559416019,0.9930534865625671,0.9853264085591823,0.99212234496266,0.44021380659042136,0.7207136370716581,0.9809137343391109,0.9809137343391109,0.9808949421026592,0.9734525280983826,0.3462802540501068,-0.10417347264942849,0.9895999619610529,0.9895685276391244,0.29632020879380716,-0.17801624632321159,0.9945495702899364,0.9952446605611737,0.8383536406376282,-0.36973260772468275,0.9902565978678398,0.9951900987843411,0.8398877143729954,0.3221623019808365,0.9947014605154005,0.9946902235737544,0.9947014605154005,0.88607797889452,0.6572398462814397,0.8936329317479997,0.9008921855220741,0.8100961719649183,0.37559898672426645,-0.16438315990673813,0.19866793808396013,0.9458713263767666,0.40413647951859244,0.9749384373942737,0.9699947505538663,0.9799263211812862,0.9897763985999882,0.9268354911625486,0.9325074738528754,0.942412161606243,0.9253880503962933,0.9396839471227011,0.9403453765481745,0.9396839471227011,0.8737931101219624,0.9180265889119925,0.918994505845098,0.9180265889119925,0.9163786869958144,0.7738008742014237,0.8892357458144264,0.89060653221308,0.8892357458144264,0.6746422767240499,0.35420047438155744,0.6569782658130667,-0.5660082511510288,0.5621495570649251,0.592061094507459,0.5927797893674588,0.592061094507459,-0.10530966354080605,0.9046271659331717,0.9367761236876114,0.9197720532576564,0.9281956756151337,0.3248456225905084,0.900178809544321,0.901046069862538,0.900178809544321,0.9054497886483869,0.9054497886483869,-0.10874194132613078,0.588361261401548,0.1774083683707291,-0.6447756335610001,-0.5803287810731083,-0.5839430594759238,-0.09306724915461902,0.1073050848286257,0.22689107701062464,0.05464993227851455,-0.4997992795683699,0.011366341444308366,-0.7960819349976613,-0.255553015832845,0.16106836620007842,0.1621129373291146,-0.561860240986504,-0.5876895764492953,-0.2539685346597762,-0.5055482225687765,-0.8211649953020577,-0.38576697475818283,-0.3776578876088796,-0.38576697475818283,-0.19390110596188342,-0.30595584187882324,-0.30595584187882324,-0.8092109761036969,-0.8092109761036969,0.39168216457534394,0.6371834978505357,0.8600238600755995,0.8431754064665038,0.7669533360532589,-0.30362573180891034,0.752899238450387,0.7886518785700304,0.7889871359976801,0.7886518785700304,-0.21541225258570199],[0.9920952940998572,0.9833040343384697,0.6240348330043343,0.9934465353721094,0.9971558175901325,0.9920952940998572,1.0,0.9974641188545038,0.9974641188545038,0.999970171256704,0.9591847491929059,0.9996739021548527,0.999996536239065,0.999986473131539,0.9999932800850856,0.9010195265026293,0.8909685317903365,0.28653559889190244,0.9998585171516268,0.9998586541462923,0.9896778613682904,0.9999967291443446,0.345454973682793,0.7236156219755949,0.9855373686705301,0.9855373686705301,0.98643851439727,0.9904122885550675,0.26939402289991604,-0.1657880844825976,0.9916115488943316,0.9914955197575338,0.19373877661937952,-0.22585256860781242,0.999337461608625,0.9994470365155133,0.4172976193014655,-0.3132836526834609,0.9989863047802813,0.9994046620293846,0.8878700613039977,0.2659259494536947,0.9406416093975715,0.9990841931037328,0.9406416093975715,0.9079935480211115,0.6147511013958261,0.9333221923749784,0.9114058835781184,0.7286682873862655,0.40843247573044705,-0.10926964546505406,-0.19985398909150986,0.9273909161363957,0.35362476512421176,0.9675704966244597,0.9623014081580274,0.9785150958987535,0.9957112734753372,-0.043430752751459564,0.8677035207094158,0.8293698881025853,0.8756866185991705,0.8237505418456618,0.7874380105502737,0.8237505418456618,0.8036879459018085,0.7916357071101316,0.7823805619607365,0.7916357071101316,0.8672608198624658,0.3734208501206885,0.580158006882681,0.6460407261893265,0.580158006882681,0.5945878320824444,-0.3472102605435749,0.563731817513525,-0.6337952493091401,0.4870926214019566,-0.09887924373417026,0.4281222263790875,-0.09887924373417026,-0.1529716117627606,0.8452538351112296,0.8655735381792068,0.8508731519688827,0.7628321097771975,0.27057558216035343,0.8451582931991894,0.8465842848783304,0.8451582931991894,0.7607345435899313,0.7607345435899313,-0.18936606478511805,0.7008525634070917,0.24319617037687183,-0.66449477331767,-0.6273115386541303,-0.6303961397148607,-0.15023751193575055,0.05307808979961708,0.33309946828671827,0.009369095128548229,-0.5286788985829689,0.0640559748899427,-0.8279836770967246,-0.16287729295475864,0.08461978844362925,0.08576476215750739,-0.6108470918294567,-0.5931668177296422,-0.09185027233053343,-0.5891114632370672,-0.8360883413995795,-0.380154786542316,-0.21197918034274232,-0.380154786542316,-0.27486152323869123,-0.3591068457071611,-0.3591068457071611,-0.8284921428612312,-0.8284921428612312,0.36800984971628126,0.5894676325897555,0.5050324741365525,0.8031291673004104,0.7429429118479923,-0.36762108669283816,0.06538022047668528,0.7513840526254222,0.770559744076687,0.7513840526254222,-0.13179501150996975],[0.9882965120561437,0.9767192699437848,0.6149999588435734,0.9901123220955849,0.9955604520600523,0.9882965120561437,0.9974641188545038,1.0,1.0,0.9995490626081465,0.9522439192079103,0.9986837754543348,0.9982189181826205,0.9993971471141269,0.9991310534331344,0.8987411778407324,0.880699814595795,0.2647920741544075,0.9991770635683102,0.999178690952967,0.9870314790169046,0.9992703660776202,0.320043376898666,0.7245200700008272,0.9926321531005541,0.9926321531005541,0.9845012516232897,0.9874685960363919,0.2519097074115065,-0.17917555157962373,0.9879058676838041,0.9913382230568546,0.1750965092915418,-0.23172076241657075,0.9982906552204963,0.9982570525660781,0.39921627389189057,-0.31994133830191257,0.9970000001523027,0.9981894910897099,0.8858972690595504,0.24376944432795863,0.9330630707621264,0.9981187117443421,0.9330630707621264,0.9055038606425788,0.5996383906068143,0.9335739633223706,0.9082770920281759,0.7060705246791161,0.39546880449809935,-0.12423026134600926,-0.21245697897606605,0.918786934920107,0.33316689674798655,0.9629125941085539,0.957070024807158,0.9734152349593052,0.9947408077966969,-0.05317205814689486,0.8565192721641239,0.813646348686647,0.8674904451638236,0.8091355259725177,0.7753404013298353,0.8091355259725177,0.7916009491816383,0.7731734187344284,0.7690225714085723,0.7731734187344284,0.8593040489335375,0.35428497369306705,0.5601339942978899,0.6298768558728125,0.5601339942978899,0.5819126398211789,-0.36172088121800194,0.5493608804724153,-0.6413302136657681,0.47944977227437074,-0.12068213507982649,0.41210398221690414,-0.12068213507982649,-0.1596660407685073,0.8356712072403661,0.8515409403582762,0.838722986654853,0.7483753601706896,0.252983303211959,0.8361454604324062,0.8377580278945461,0.8361454604324062,0.7436141045621562,0.7436141045621562,-0.20433239484732588,0.724828151273419,0.2503155482919044,-0.6738286280056723,-0.63993956393672,-0.6428388551299774,-0.1649113378354372,0.04550812335310118,0.326120910888385,-0.009751544558122799,-0.5412435422326773,0.05478640202853161,-0.8338777648878436,-0.16936252340659472,0.06948821883320691,0.07065619970719042,-0.6223664104420673,-0.5941824040839673,-0.09869463214461122,-0.6056692875963735,-0.8357191269002007,-0.39158453019719747,-0.2181883086225472,-0.39158453019719747,-0.29211978308748004,-0.3726448048500656,-0.3726448048500656,-0.8265679300381423,-0.8265679300381423,0.34847164623445026,0.5726783873121611,0.4864489537664012,0.7854141034035851,0.7303891875048996,-0.38906818139931554,0.051440482736071574,0.7323771045180582,0.7548913987538084,0.7323771045180582,-0.11473767099142083],[0.9882965120561437,0.9767192699437848,0.6149999588435734,0.9901123220955849,0.9955604520600523,0.9882965120561437,0.9974641188545038,1.0,1.0,0.9995490626081465,0.9522439192079103,0.9986837754543348,0.9982189181826205,0.9993971471141269,0.9991310534331344,0.8987411778407324,0.880699814595795,0.2647920741544075,0.9991770635683102,0.999178690952967,0.9870314790169046,0.9992703660776202,0.320043376898666,0.7245200700008272,0.9926321531005541,0.9926321531005541,0.9845012516232897,0.9874685960363919,0.2519097074115065,-0.17917555157962373,0.9879058676838041,0.9913382230568546,0.1750965092915418,-0.23172076241657075,0.9982906552204963,0.9982570525660781,0.39921627389189057,-0.31994133830191257,0.9970000001523027,0.9981894910897099,0.8858972690595504,0.24376944432795863,0.9330630707621264,0.9981187117443421,0.9330630707621264,0.9055038606425788,0.5996383906068143,0.9335739633223706,0.9082770920281759,0.7060705246791161,0.39546880449809935,-0.12423026134600926,-0.21245697897606605,0.918786934920107,0.33316689674798655,0.9629125941085539,0.957070024807158,0.9734152349593052,0.9947408077966969,-0.05317205814689486,0.8565192721641239,0.813646348686647,0.8674904451638236,0.8091355259725177,0.7753404013298353,0.8091355259725177,0.7916009491816383,0.7731734187344284,0.7690225714085723,0.7731734187344284,0.8593040489335375,0.35428497369306705,0.5601339942978899,0.6298768558728125,0.5601339942978899,0.5819126398211789,-0.36172088121800194,0.5493608804724153,-0.6413302136657681,0.47944977227437074,-0.12068213507982649,0.41210398221690414,-0.12068213507982649,-0.1596660407685073,0.8356712072403661,0.8515409403582762,0.838722986654853,0.7483753601706896,0.252983303211959,0.8361454604324062,0.8377580278945461,0.8361454604324062,0.7436141045621562,0.7436141045621562,-0.20433239484732588,0.724828151273419,0.2503155482919044,-0.6738286280056723,-0.63993956393672,-0.6428388551299774,-0.1649113378354372,0.04550812335310118,0.326120910888385,-0.009751544558122799,-0.5412435422326773,0.05478640202853161,-0.8338777648878436,-0.16936252340659472,0.06948821883320691,0.07065619970719042,-0.6223664104420673,-0.5941824040839673,-0.09869463214461122,-0.6056692875963735,-0.8357191269002007,-0.39158453019719747,-0.2181883086225472,-0.39158453019719747,-0.29211978308748004,-0.3726448048500656,-0.3726448048500656,-0.8265679300381423,-0.8265679300381423,0.34847164623445026,0.5726783873121611,0.4864489537664012,0.7854141034035851,0.7303891875048996,-0.38906818139931554,0.051440482736071574,0.7323771045180582,0.7548913987538084,0.7323771045180582,-0.11473767099142083],[0.9927778425304197,0.9831676117723838,0.5560184103877897,0.9943619421288763,0.997353128015653,0.9927778425304197,0.999970171256704,0.9995490626081465,0.9995490626081465,1.0,0.9581106519808074,0.9996356375144431,0.9999715548143466,0.9999704938488312,0.9999753223193457,0.8131136955959672,0.7463919738620782,0.17125886901104403,0.9998122799755655,0.999812862159074,0.9895421022076227,0.9999686629661998,0.1300237415193104,0.695269729195916,0.9950191989032491,0.9950191989032491,0.9949737575123816,0.9902607378944286,0.10279333211440081,-0.1045009760368579,0.990459755180214,0.9904262856513871,0.01275743070797555,-0.18374729121280287,0.9993776692862167,0.9993360948705186,0.7984211538282666,-0.4955442497707659,0.9989168481158693,0.9993819725281053,0.7938031785477722,0.14750977416556008,0.9992363603324925,0.999241515403928,0.9992363603324925,0.9077294768222358,0.6153413020092828,0.9329186417483825,0.9107174562320368,0.7281172658903864,0.008298040212154705,-0.5375575174665586,-0.15984823212860605,0.9231143126439155,0.29980145202267366,0.9629857005605457,0.9623396027161234,0.9803616613439053,0.9949275942126817,0.8792824120509346,0.8684829493983497,0.895619778641434,0.8766042452998507,0.8940902752637366,0.8947071154954683,0.8940902752637366,0.8031355394566565,0.8434468405558143,0.8449461100666475,0.8434468405558143,0.8686112397088621,0.7751307931003678,0.854704015106781,0.855936652360183,0.854704015106781,0.5941546545815931,0.43227460083281877,0.56296996151389,-0.6464067482926967,0.5423997921730513,0.5085051411430576,0.5083042294877606,0.5085051411430576,-0.11045479153455758,0.8458709340859588,0.8655355068957901,0.8512824277870384,0.8881115926451235,0.188648982204592,0.8506176105995733,0.8525868252124296,0.8506176105995733,0.8573730161380944,0.8573730161380944,-0.1911230402956304,0.7028948519826691,0.06388548813237015,-0.6765909261484706,-0.6636621328620935,-0.6646762326666581,-0.1537916379939718,0.056414906462498575,-0.17735008989305348,-0.1749240426565833,-0.5705416877064865,-0.38550905571115174,-0.8690020442823355,-0.5808809007802859,0.0841269431519304,0.08519660150289855,-0.6124746271737935,-0.5892454532198169,-0.545502332379558,-0.590831243361498,-0.8055646586885724,-0.6113036666506195,-0.6135917507547287,-0.6113036666506195,-0.27657008299343777,-0.3622893296555082,-0.3622893296555082,-0.7855195046946388,-0.7855195046946388,0.36920585670161904,0.5881574393315866,0.8146781268555986,0.8006885991534304,0.7413718394257421,-0.39511214586885723,0.6350673229681258,0.6951320165377152,0.6952896710727919,0.6951320165377152,0.10428866649893832],[0.9761319363272009,0.9683917092284995,0.5121979803510862,0.9740737877055582,0.9658851062074808,0.9761319363272009,0.9591847491929059,0.9522439192079103,0.9522439192079103,0.9581106519808074,1.0,0.9412913273220804,0.9592042744031158,0.9592217683304836,0.9589108347301485,0.6494078922011687,0.5697546333167702,-0.0452985948728776,0.9637745153571283,0.9637533149365752,0.9593238841505156,0.959316073902944,0.058798828201906315,0.736517786936404,0.9608192255813162,0.9608192255813162,0.9610014161460468,0.8816036560314313,0.21073856533540966,-0.08668231288151927,0.966415095765922,0.966523938895211,0.17185950235174055,0.08830806899899243,0.9675286969010034,0.9677798562908411,0.8780956651955373,-0.39607598995234256,0.9501839321084181,0.9666830585947861,0.6270228523089079,-0.06666484401289655,0.9686825490086066,0.9686504301623752,0.9686825490086066,0.8047273365802005,0.4141307861549206,0.8093642376543217,0.8879750158400743,0.8452837296175701,-0.5294613866850799,-0.6818486929961495,-0.2584097798733912,0.8846122252459538,-0.00025866652943678316,0.9153229031901225,0.9153868809448555,0.935305773165242,0.9647073938561834,0.8830285639252734,0.8828853517723252,0.9032594786043076,0.8858582611203827,0.8965496402106031,0.8972072533486389,0.8965496402106031,0.8372623568581022,0.8195848089831957,0.8213521161278987,0.8195848089831957,0.8796815727594599,0.8957733239079281,0.8780679069043165,0.878700632721818,0.8780679069043165,0.6813462142026668,0.6081785807344122,0.6822613103886774,-0.338380822686649,0.7021773493643693,0.7186264452807019,0.7210625683702495,0.7186264452807019,-0.27168954284088864,0.8833221372376548,0.9371761054292608,0.8982296441666175,0.8954875439936687,0.04216940554808073,0.8768583797593397,0.8779552170585861,0.8768583797593397,0.8861071996261894,0.8861071996261894,0.03891014550892772,0.38625274736691545,-0.10505654341705903,-0.6061134324788937,-0.42354360081923276,-0.4256366372822176,-0.008849044788089623,0.41570639839676143,0.04975049110467537,-0.12811474627815833,-0.4817723505356983,-0.05863866551084751,-0.7999523478476437,-0.22016662751269594,0.30078527783439385,0.3000258846600895,-0.3918291909555852,-0.43450377780190774,-0.3528522769423139,-0.36214067749756285,-0.6694274314365823,-0.3729558817512043,-0.37523599655298023,-0.3729558817512043,-0.0879846701170576,-0.4008799919865576,-0.4008799919865576,-0.5395277694645575,-0.5395277694645575,0.5295408846048121,0.6537016001124865,0.7524431990530851,0.6818142291423525,0.8200221516328504,-0.48630552264140603,0.3897425936603109,0.5412606272846526,0.5415407444232095,0.5412606272846526,-0.1941543024360631],[0.9862693570072967,0.9849079918535375,0.9959602711947596,0.9899265972214569,0.996359388640416,0.9862693570072967,0.9996739021548527,0.9986837754543348,0.9986837754543348,0.9996356375144431,0.9412913273220804,1.0,0.9996721480573815,0.9996679630143273,0.9996369536904248,0.4589953412179647,0.36934413533964827,-0.47419510125704206,0.99979306962162,0.9997960755984796,0.9996774973027437,0.9996773374523679,-0.20923767029103515,0.9701628061289947,0.994211203451694,0.994211203451694,0.9941915946634914,0.99252224400064,0.13360960691502158,0.11721651813294871,0.9910476229781786,0.9910948434133224,0.9302293406515808,0.07028466929529917,0.9989697988570598,0.9989202776691106,0.9987859665311446,0.999342034730885,0.9993777564822884,0.999004043056553,0.41166912098468234,-0.48297870600705634,0.9987311927977455,0.9987400982503952,0.9987311927977455,0.9014472523297357,0.45672755101238516,0.9292007029829595,0.9085698334444421,0.7289379300160425,-0.46660366452748386,-0.6227049455795223,0.8029340050956972,0.8301863241296658,-0.33411215958508017,0.9267770939001136,0.9269955642563923,0.967333669846657,0.993079538768534,0.889761177520828,0.8973306631406834,0.8724801353131938,0.8737635352561576,0.8794871174609847,0.8801989584549317,0.8794871174609847,0.7470568900939019,0.711551780507586,0.7138482662534321,0.711551780507586,0.8965575055757302,0.9033296539965084,0.8956352065641034,0.8967956890093676,0.8956352065641034,0.4539684289458207,0.38682184132684,0.49848291630926334,0.6062616071935714,0.4990809497196898,0.5319920192012025,0.5341224234507191,0.5319920192012025,-0.3746289638925197,0.83069502763585,0.8695834472168488,0.8545317794165437,0.8967439736770404,-0.2771617759586616,0.8253539664380447,0.8257597370625446,0.8253539664380447,0.8365005736881506,0.8365005736881506,-0.24466035852418475,0.6947888752638816,-0.38063497409733427,-0.7689479759198945,-0.5362181472428631,-0.5386617080277339,-0.39789726528909286,0.20646645571010316,-0.2898437349323463,-0.4991436309437387,-0.7220784998180998,-0.37821584917106765,-0.6005412236907467,-0.4462063123999289,0.07887828163620819,0.07561140843754677,-0.5584537464786548,-0.527555559659537,-0.54792669234128,-0.5831692458839778,-0.5768391815534137,-0.5512059465800143,-0.5543300690184322,-0.5512059465800143,-0.4190615094232317,-0.6112712306164804,-0.6112712306164804,-0.6122869067061135,-0.6122869067061135,0.3648435417646095,0.3379859321754108,0.46678660420038987,0.5594264925413959,0.5296507574012429,-0.5670236267592303,0.29607741531632736,0.29010834409926944,0.29026592461994954,0.29010834409926944,0.22162957094099237],[0.9921349397981666,0.9833582974752556,0.6240812962263586,0.9934762288168142,0.9971768090874465,0.9921349397981666,0.999996536239065,0.9982189181826205,0.9982189181826205,0.9999715548143466,0.9592042744031158,0.9996721480573815,1.0,0.9999901966693086,0.9999949501910835,0.9009531750173204,0.8839585284069956,0.28655278219044866,0.9998596940716767,0.9998597866285946,0.9897098641795115,0.9999972938258836,0.34573300318506683,0.7237119776872156,0.9907115284849182,0.9907115284849182,0.9864315817926778,0.9903985684686142,0.26962725434794427,-0.16574352273590912,0.9916298422652856,0.991500927886085,0.19394706262915684,-0.22582749335803678,0.9993382006419743,0.9994493238396388,0.41729129166936657,-0.3130628137788078,0.9989870289129034,0.99941175862365,0.8877914890792661,0.2659497237046121,0.9406304258327716,0.9990851967947388,0.9406304258327716,0.9079800142358806,0.6148696909155266,0.9335199022929905,0.9116182956657498,0.7287892287181849,0.4088031930933469,-0.10884000879099795,-0.19948540418706268,0.9274540399698608,0.35366678707171184,0.9676494769003333,0.9623483092379025,0.9785940323784835,0.9957196343236219,-0.04322879958696696,0.8678817282584507,0.8294772683516268,0.8758193193670412,0.8238573910345838,0.7873879376192697,0.8238573910345838,0.8037942607243838,0.7916998926794097,0.7823212486535684,0.7916998926794097,0.8674305052337143,0.3733212499316262,0.5801829573651615,0.6459668456472529,0.5801829573651615,0.5945703262235011,-0.347215980271857,0.5637327894880628,-0.6336653989147744,0.4870237355296789,-0.0989915026935836,0.4281736068944325,-0.0989915026935836,-0.15311058925228607,0.845352263685124,0.865742703774248,0.8509997634739683,0.7628300216305348,0.27059493822087494,0.8452620438900147,0.8466847075039523,0.8452620438900147,0.7608190302602552,0.7608190302602552,-0.18928158656061697,0.7007931208006412,0.24329489298984888,-0.6645656979720067,-0.6272195416121032,-0.6303100857256626,-0.15033866733192888,0.052966854434922626,0.3332467186285227,0.009354304540227669,-0.5287759351662067,0.0642894641718715,-0.8277146140219589,-0.16261052425173292,0.08468986112094753,0.08584939292338413,-0.610822759156279,-0.5929437915445198,-0.09162298654216587,-0.5890545259641338,-0.8359635242445453,-0.3799422848881773,-0.21179102299394933,-0.3799422848881773,-0.27470519737273114,-0.3590833115461817,-0.3590833115461817,-0.8284186914055629,-0.8284186914055629,0.36838521266431606,0.5895578515921563,0.5052627470788715,0.8033559766843462,0.7429598795819536,-0.3674258305422617,0.06565555582743245,0.7516047562303195,0.7706490352489496,0.7516047562303195,-0.13180177343343746],[0.9925631717373204,0.9832883212694394,0.6143443036698725,0.994206791349704,0.9972544108924439,0.9925631717373204,0.999986473131539,0.9993971471141269,0.9993971471141269,0.9999704938488312,0.9592217683304836,0.9996679630143273,0.9999901966693086,1.0,0.9999874558300096,0.8551755979939124,0.8016697559429954,0.28859873394404284,0.999882647510774,0.9998832196896601,0.9897013049741826,0.9999874306682324,0.3486196957067333,0.7193863589586371,0.9937192999022928,0.9937192999022928,0.9936812692812805,0.9903091992366875,0.2654440770893905,-0.16613904213726627,0.9918174383571707,0.9918297517744594,0.2181047348128882,-0.22514605699005508,0.9995114901132875,0.9994497269641132,0.8399117158558653,-0.4062707587900089,0.9989828506749342,0.9994166289361244,0.8410280892339176,0.2680334452299585,0.9994010831788425,0.9994055708894427,0.9994010831788425,0.9079587824067544,0.6150155699022802,0.9330994800247162,0.9110215688861192,0.7282774256691299,0.2887893600759779,-0.2801747238126735,0.09522808972099206,0.927360120368929,0.35445319522291274,0.9644225020100251,0.9623730819511196,0.9770785499585446,0.995955238316559,0.8871499919921472,0.866942480435303,0.9007218538970045,0.8756945845422108,0.8998276765101577,0.9006841151837477,0.8998276765101577,0.8029341689621778,0.86545071135724,0.8669091698294288,0.86545071135724,0.8671804081955182,0.7585084881384657,0.8609639325444217,0.8626004669346384,0.8609639325444217,0.5939849147504486,0.44003385546838975,0.5624001167528021,-0.6384776333976138,0.48562184047066415,0.49478936501150916,0.49592647996530254,0.49478936501150916,-0.15487954164202275,0.8451115648519626,0.8653176828698598,0.8504369842107227,0.8941819439541512,0.2732491681681475,0.8451233423000264,0.8468499501517983,0.8451233423000264,0.8558917125038454,0.8558917125038454,-0.18969895026215622,0.701405085952453,0.16305483626060768,-0.663274738664534,-0.6268537532029447,-0.6297524600617619,-0.1502679332436434,0.052173504467041824,0.11049300396095406,0.01104469548836101,-0.5270336337772561,-0.12231154711829707,-0.839643283857232,-0.38352987573206565,0.08447844118575618,0.08558975608021069,-0.6108779282073074,-0.5922611442458412,-0.3846762290629073,-0.5888243584611333,-0.8296901179878289,-0.49968714829692457,-0.49534370739866795,-0.49968714829692457,-0.2738151830402471,-0.35905000493818784,-0.35905000493818784,-0.8206050457234305,-0.8206050457234305,0.36857621004011365,0.5899555282489695,0.8241048109618783,0.8075090526733832,0.7436876159601228,-0.3668069850191967,0.7029254895341934,0.7413792431600158,0.7414597335615456,0.7413792431600158,-0.09967107405224619],[0.9921901972284556,0.9831917267714578,0.624308533200857,0.9935072847511426,0.9972046104954765,0.9921901972284556,0.9999932800850856,0.9991310534331344,0.9991310534331344,0.9999753223193457,0.9589108347301485,0.9996369536904248,0.9999949501910835,0.9999874558300096,1.0,0.8948963045694872,0.8541500539682636,0.28666824212666026,0.9998623141356803,0.9998622976364763,0.9898478436365491,0.99999488291101,0.3463867362727781,0.7235666449910595,0.9939761047735575,0.9939761047735575,0.9938787967959205,0.9903131407289304,0.26989110398353355,-0.165776960204975,0.9924412125930807,0.9924894085809179,0.19468487330657702,-0.22566063357302923,0.9993847972216909,0.9994481536613463,0.4163098702142009,-0.31228064434629715,0.9989400612699653,0.9994141308562233,0.8863291855996276,0.26608803737447717,0.9401724324708364,0.9991370595850151,0.9401724324708364,0.9082404567986182,0.6155383490431109,0.9337594819526899,0.9118590182473589,0.7285262754736943,0.41015319061147626,-0.10731949024223433,-0.19969513040491446,0.927804945707798,0.3539312679503108,0.9680422435144627,0.9626620141235435,0.9788608084012299,0.9957574856019598,-0.044221088978231175,0.8681517119926997,0.8293977268846146,0.8760524502144326,0.8238131506977282,0.7869677875288592,0.8238131506977282,0.8039908357855918,0.7916503974132106,0.7826996898195132,0.7916503974132106,0.867743861127606,0.37266421898440444,0.5797003568269461,0.6459813364723067,0.5797003568269461,0.5944380395132817,-0.3483490476774824,0.5636775808873687,-0.6338327252989283,0.48667970759737833,-0.09996005692411897,0.4278410777050545,-0.09996005692411897,-0.15305906891770582,0.8454869322619845,0.8654779897286549,0.8511314224433285,0.7546238237057408,0.2709597141180439,0.8453679553003125,0.8467812149707763,0.8453679553003125,0.7606370056245838,0.7606370056245838,-0.19068300981157912,0.7015728043590059,0.24377923128663015,-0.6645541962555227,-0.6275768901206288,-0.630672241960061,-0.1514363420228363,0.05180091385584547,0.3335576724389507,0.008940352754419073,-0.5289981413141598,0.06437716201607507,-0.8269187049958955,-0.1624492194307586,0.08373934835018786,0.08489759755474009,-0.6114109266062583,-0.5931655220977551,-0.09105801517206967,-0.5902271322863594,-0.8359693072719897,-0.3798798148799192,-0.2112486442587897,-0.3798798148799192,-0.27560763461016397,-0.3595282242353733,-0.3595282242353733,-0.8287575263979459,-0.8287575263979459,0.3685781418204542,0.5892188975697668,0.5047632864373537,0.8037863802153122,0.7424016821882649,-0.36698704483616357,0.0650127054962026,0.752006517659016,0.7712513946438864,0.752006517659016,-0.13150279620183852],[0.849816170133872,0.37767221796150435,0.46675155871943674,0.8491935186183918,0.7851661158778074,0.849816170133872,0.9010195265026293,0.8987411778407324,0.8987411778407324,0.8131136955959672,0.6494078922011687,0.4589953412179647,0.9009531750173204,0.8551755979939124,0.8948963045694872,1.0,0.9947841260969446,0.40882656606418805,0.8817116006231402,0.8817036887706577,0.8323112842944308,0.894176579433906,0.3275178102000839,0.4996068434891155,0.8858877937784755,0.8858877937784755,0.8736660283575951,0.07542234313302672,0.19057339058374428,-0.1877358752344914,0.9144184167179362,0.9126881146882568,0.1516720661166514,-0.2538371819824743,0.8984562084265327,0.8292335693568185,0.3009297060162727,-0.3195897991179055,0.47398991138713353,0.8072113078003187,0.998434232256955,0.3906904444371766,0.8259982724371641,0.8982377719773993,0.8259982724371641,0.43947886239604544,0.5751593886460579,0.07753951281771888,0.06301358226517555,0.2978900905143164,0.4077551486290481,-0.06464337410584818,-0.20995634710981892,0.8055853563406932,0.40473384129045037,0.890977825353757,0.8176274863731661,0.873799030062247,0.8883964531399998,-0.09555570272664873,0.3913385426006113,0.6809772612310212,0.6120509426698361,0.6730437769