var element=document.getElementById("correlationClose");if(element.style.display!='none'){var correlationClose={"data":[{"type":"heatmap","z":[[1.0,0.999991530841671,0.7316909440212033,0.999771773082317,0.9983305225801449,1.0,0.9934773764967781,0.99067893173046,0.99067893173046,0.993927501236571,0.9803919822795473,0.9889261906412915,0.9935074245537697,0.9935436692050209,0.6483564918772843,0.5388142456357009,0.19127949169505273,0.9941785685094257,0.9941803071041305,0.9862846374848465,0.993504470363751,0.3411669814074102,0.7908635390672603,0.9849879054384959,0.9849879054384959,0.9849714576134301,0.9825668846176069,0.29370554168456475,-0.14829927446753333,0.988896250699669,0.9888571748695075,0.2227480394418424,-0.24422816090054303,0.9952070784758722,0.9954307525403794,0.8749549963958014,-0.3276731957628666,0.9918792760959164,0.9955806871770709,0.6213432896429084,0.17152891225432895,0.9953186731250298,0.9953203063321112,0.9953186731250298,0.920064787892519,0.6707013948035756,0.9436567957963743,0.9456272824547374,0.8785446599727392,0.39268887145245573,-0.19453602523817914,0.24949674700229146,0.9566887196277563,0.3538387193004692,0.9758370930504958,0.9735594015137432,0.9823016401576344,0.9889626724587912,0.943266565855105,0.9547072941935887,0.9534967008515547,0.9453151392666633,0.9508681538193742,0.9514856182783304,0.9508681538193742,0.9117584704703484,0.9317676343664555,0.9325750278650196,0.9317676343664555,0.9409394619874136,0.8289740479901634,0.914824282122894,0.9160106395094499,0.914824282122894,0.7681559277344072,0.4747261094599413,0.761382382885724,-0.49992269638941184,0.66879677310658,0.6737905421306413,0.6745102739309918,0.6737905421306413,-0.05047778348163684,0.9290481503682003,0.956936694797134,0.9443500620796558,0.9445533892139351,0.20712975468277753,0.9232940944520853,0.9238290059736126,0.9232940944520853,0.9261017942485859,0.9261017942485859,-0.102429719542193,0.6119739637336349,0.11572636266194378,-0.7390865304589247,-0.6179380873166028,-0.6217085080032416,-0.18833551001425547,0.16264186629704824,0.1677534318465497,-0.07356082151691522,-0.6277799150294231,-0.06767955864783723,-0.796908442814497,-0.3355903711388336,0.18985270230612303,0.19205373851527627,-0.5946785742430871,-0.5614155443833695,-0.3227174819429749,-0.5380780319694101,-0.8053139163370222,-0.4448751450597266,-0.43835850193829595,-0.4448751450597266,-0.27339210900984046,-0.4002287344769813,-0.4002287344769813,-0.7939465348480091,-0.7939465348480091,0.5420414080025925,0.6423005294705845,0.8472265788883645,0.8460450292762418,0.7596072501344285,-0.3638859174647378,0.7504309762046909,0.7685433992103494,0.7686305891904703,0.7685433992103494,-0.13241043131371472],[0.999991530841671,1.0,0.9857905330280761,0.9996183689590378,0.9965547819291465,0.999991530841671,0.9874738625015753,0.9834388057949646,0.9834388057949646,0.9874257959825727,0.9789369121630241,0.98807070277739,0.9875040288956625,0.9873739056335804,-0.09966040732453882,-0.19288821097915468,-0.4979350989417465,0.9899933414915509,0.9899951573310533,0.9875344901917303,0.9875420979521153,-0.22522141331542128,0.9836797286410852,0.9846375023936229,0.9846375023936229,0.9846561877604664,0.9827215956069691,0.06831095929911316,0.0860953693447899,0.9845682017830536,0.9846080399514062,0.6387888069706167,-0.006237359713652863,0.991959950990713,0.9919561095556434,0.9924904197328056,0.9882789916181206,0.9912605626231522,0.9920732268951362,-0.14909044028789012,-0.5016856366229219,0.9925019395529421,0.9925042665746406,0.9925019395529421,0.9200566878390736,0.5334291853510668,0.9438979684640647,0.9457338086215107,0.8781892603497282,-0.1360186213556607,-0.438193059036953,0.8750187421137595,0.9144463984366257,-0.2519839200829683,0.9499120002652347,0.9500316024150683,0.9697686165937024,0.9796939821172398,0.9646360659400142,0.9688966382626601,0.9570705702297702,0.9589628436567225,0.9592617207578508,0.9595309250371273,0.9592617207578508,0.8993987929802323,0.8753671353403979,0.8762983436867474,0.8753671353403979,0.9654351916226754,0.9675451967464523,0.9655500628621024,0.9661680869580681,0.9655500628621024,0.7448231832705978,0.7097973950898603,0.7702803198787354,0.8134151589684152,0.7426902608892166,0.7608447380851584,0.7619612514906442,0.7608447380851584,-0.00885578138409078,0.9401413284672748,0.954644716494218,0.9500573962218418,0.9682743170872082,-0.34417169079747495,0.9375707471558173,0.9376808841746329,0.9375707471558173,0.9419904637631255,0.9419904637631255,-0.18246982565878062,0.6125315237491484,-0.3826926238410084,-0.8180854749451532,-0.48118210746720896,-0.4854526498515363,-0.4170285471727705,0.2857721834999515,-0.289762246060214,-0.5412362125151724,-0.7762319275187167,-0.38943282700195175,-0.46564705893730296,-0.4557094467309031,0.1571962603210188,0.15542373512269653,-0.4963972596232362,-0.46906553811388046,-0.497119002109382,-0.5289373151346616,-0.5202335700300834,-0.4991410573494373,-0.5026526974561712,-0.4991410573494373,-0.39868921824585263,-0.5663252191449406,-0.5663252191449406,-0.5326071534884219,-0.5326071534884219,0.5419887457780688,0.39542529867450316,0.5331852316721829,0.6688260847763716,0.5486541562538072,-0.4423898254843156,0.44787870358160986,0.33794535718077046,0.3381934698202315,0.33794535718077046,0.24148235439901586],[0.7316909440212033,0.9857905330280761,1.0,0.729784001284331,0.6829341109032576,0.7316909440212033,0.7083068079472061,0.7026172807191298,0.7026172807191298,0.6735811416347107,0.6522339297000121,0.994798955712883,0.708327502724773,0.7083956654215291,0.33248206871718555,0.2687156245469083,-0.2555480344593754,0.6787983962687393,0.6788012306590295,0.6521215638125263,0.7080346195404877,0.13007945883904726,0.8402521867815718,0.696885768133182,0.696885768133182,0.6966867416444549,0.99089358133189,0.26583892370800144,0.06817569128675495,0.6631668061211755,0.662836725321439,0.55789659983532,-0.09267358733622963,0.7033708236104964,0.6652462941675957,0.6652856357782113,0.2691402725690007,0.9937061678291935,0.6650954196940346,0.3123259451950766,-0.26571896918975646,0.7206168962607183,0.7020499236754261,0.7206168962607183,0.9174192046589703,0.4537593040791551,0.9527037156614547,0.9375704254203922,0.8059350125451523,0.25577551125769854,-0.0889971455861113,0.06476396788897931,0.6218856630671595,-0.06714024032254332,0.648121654126935,0.6367920136749047,0.6482017288049625,0.6130518363488123,0.06425945784594765,0.8493711312898303,0.7889086556179014,0.729744595080683,0.7941959701523031,0.8021066756716463,0.7941959701523031,0.649099812677386,0.7273476262659733,0.7563190405470058,0.7273476262659733,0.7716508142565359,0.7183963978167087,0.7716460973737997,0.8010852787832293,0.7716460973737997,0.5718240780104188,-0.07490839535776773,0.5829999045803147,0.08188288995196388,0.5347292068945574,0.2772053549181759,0.5697528771431979,0.2772053549181759,-0.08931343844550821,0.7162228515858715,0.9151896822159572,0.771049731420928,0.8047269875208215,-0.10600441819956015,0.7426151815330644,0.7429895017964404,0.7426151815330644,0.780298910725573,0.780298910725573,-0.19244451287235162,0.7024653333349056,-0.17120449911836805,-0.7590425353360878,-0.48663336352826997,-0.4904016781277957,-0.4479843371867248,0.14223134679631766,0.012013699901081181,-0.3862324571781584,-0.7390082923812422,-0.19811886748741556,-0.37201332680658944,-0.31539764387010927,0.0869799202378148,0.08668560894692413,-0.5202131234524509,-0.1092728996802767,-0.2952332462519363,-0.5368729860397313,-0.25839579145723596,-0.44281194527343387,-0.3302423493299382,-0.44281194527343387,-0.4452976486122354,-0.574930663408983,-0.574930663408983,-0.3456318664507373,-0.3456318664507373,0.4997604594881511,0.26796518259012303,0.3232590185234148,0.5638071881752504,0.3565557501589642,-0.4102266110721339,0.01908146688714037,0.4754938411892063,0.5646994542913782,0.4754938411892063,0.03660483926904863],[0.999771773082317,0.9996183689590378,0.729784001284331,1.0,0.9990321079890797,0.9997717730823169,0.9944374316056627,0.9920340007099371,0.9920340007099371,0.9950732760228315,0.9789632225929346,0.9913661608437544,0.9944589360394828,0.9944750006271861,0.6474208335143061,0.5373571057847933,0.17755670442118007,0.9949776969473841,0.994979799567441,0.9862694419132385,0.9944474149506874,0.33283333677108,0.7948767331019605,0.9871109565232085,0.9871109565232085,0.9870935723098689,0.986624368749876,0.28949088468383977,-0.15381386429323182,0.9880735208662643,0.9880409929551227,0.2149540219042938,-0.24458872730365266,0.9955387755078196,0.9959582473210675,0.8471098643781636,-0.33141118502479866,0.9936387046526939,0.9962964543001613,0.6198993613001975,0.1575699314236182,0.9939007393747632,0.9955759154544713,0.9939007393747632,0.9184016804371596,0.660013684690772,0.9454621988137686,0.9430131142520789,0.8666028921661711,0.38860740205652516,-0.19837677278054613,0.24526598172640315,0.9522815183711256,0.33945024307704064,0.9717702658421697,0.9710943455934512,0.980328578355509,0.9886164085995212,0.9280944999703972,0.9506388048733474,0.9447026398175171,0.9428057752716063,0.9393747423937395,0.940179798426037,0.9393747423937395,0.9065176772974848,0.9238597995061717,0.9247479151178831,0.9238597995061717,0.9387578484832948,0.7847676428972143,0.8864503695063009,0.8877257275305829,0.8864503695063009,0.763265702200284,0.21792955942559705,0.7551945276376781,-0.5047779061698331,0.6657498518814587,0.41379376037051646,0.6497099255185789,0.41379376037051646,-0.05556041237287363,0.9258498047067086,0.9527008175695835,0.9395896985175106,0.9277804097846473,0.19403327361085834,0.9206711309188749,0.9213168213400665,0.9206711309188749,0.9129006808915189,0.9129006808915189,-0.1062842612022551,0.6274656782936139,0.12091913333610038,-0.7468876397841445,-0.6235574020826069,-0.6272608031339382,-0.19861117037180326,0.1589591792035725,0.1621465461876739,-0.08527250028085283,-0.6373603554115725,-0.07261438466125264,-0.8013371709047447,-0.3420656501197727,0.1815242182982225,0.18378611070924208,-0.6000701554829124,-0.558328067307315,-0.32262476997208894,-0.5463794216329104,-0.8060548106262869,-0.4451920415654825,-0.4392020559876623,-0.4451920415654825,-0.280246610232008,-0.4079808995356633,-0.4079808995356633,-0.7930149231177319,-0.7930149231177319,0.5343487592484417,0.6327327385929391,0.8398359185978382,0.8391075266951291,0.7535307306171183,-0.37478889234876855,0.7422295507247441,0.7602735880378959,0.7603654669179005,0.7602735880378959,-0.11830817960008332],[0.9983305225801449,0.9965547819291465,0.6829341109032576,0.9990321079890797,1.0,0.9983305225801449,0.99750452818352,0.9964043995905225,0.9964043995905225,0.9977214856241492,0.9739247342329008,0.9969296881424631,0.9975204681490959,0.9975395118651086,0.5170493719598724,0.38095336801045265,-0.027486237142926043,0.9978339185202317,0.9978359361888803,0.9889164844507802,0.9975083155411865,-0.025090731756478992,0.7853657001563578,0.9936719944131442,0.9936719944131442,0.9936389669117954,0.9921791027008876,0.07065163579286465,-0.1371267999410053,0.987426866829451,0.987354280686686,-0.07450384950472749,-0.15538347491550228,0.9978666817933807,0.997784827327633,0.8454238990225547,-0.4374810418548553,0.997944464666583,0.998144758387338,0.47521256324778294,-0.05125728737165818,0.9978215810262621,0.9978279013161943,0.9978215810262621,0.9287821772636322,0.6308642714195497,0.9505368915003374,0.9399053786748515,0.8472775409043338,-0.02768605354116486,-0.5793543814768399,-0.10587960033981104,0.9448056053823031,0.19837539668825568,0.9710029196900073,0.9710695499303343,0.9841938280263944,0.9894646020486725,0.9282822133947519,0.935981459352367,0.9356619200890138,0.9323323539397786,0.9340800800566466,0.9344764353499022,0.9340800800566466,0.8871308351243512,0.89005869926163,0.8910570400580442,0.89005869926163,0.9294911381558166,0.8622540048300752,0.9129423580080784,0.9137001001858626,0.9129423580080784,0.7325611790812194,0.6481230712129834,0.7269822186323461,-0.4974707049826253,0.7093688811305868,0.6943928203756391,0.6945363338421167,0.6943928203756391,-0.05622397698784293,0.9113324786656156,0.9339911042678494,0.9217626298183543,0.9347425655874834,0.041280551436111965,0.9096551979940235,0.9105598111842843,0.9096551979940235,0.9136380660174178,0.9136380660174178,-0.13982804134355392,0.6685389542343969,-0.023971698389472263,-0.7696428286835282,-0.6626492971265863,-0.6638912541540596,-0.22425235732829774,0.18209054403267447,-0.2166530337424551,-0.3194936860673442,-0.6930660269173192,-0.41400537717980496,-0.8342973378518564,-0.5943513852968797,0.15468633642524413,0.15683511980418638,-0.6217518996063082,-0.5560652883134399,-0.5738537705815056,-0.5798247337325492,-0.758525532288291,-0.6201057673233547,-0.6234173725200652,-0.6201057673233547,-0.3118405061203039,-0.4350298544096215,-0.4350298544096215,-0.7306788489176934,-0.7306788489176934,0.5208735201317093,0.6197003660849819,0.807485663611049,0.816953069970168,0.7482551419654961,-0.48985695217056857,0.6385759125120771,0.6694350090270844,0.6696557928644072,0.6694350090270844,0.107805163027229],[1.0,0.999991530841671,0.7316909440212033,0.9997717730823169,0.9983305225801449,1.0,0.9934773764967781,0.99067893173046,0.99067893173046,0.993927501236571,0.9803919822795473,0.9889261906412915,0.9935074245537697,0.9935436692050209,0.6483564918772843,0.5388142456357009,0.19127949169505273,0.9941785685094257,0.9941803071041305,0.9862846374848465,0.993504470363751,0.3411669814074102,0.7908635390672603,0.9849879054384959,0.9849879054384959,0.9849714576134301,0.9825668846176069,0.29370554168456475,-0.14829927446753333,0.988896250699669,0.9888571748695075,0.2227480394418424,-0.24422816090054303,0.9952070784758722,0.9954307525403794,0.8749549963958014,-0.3276731957628666,0.9918792760959164,0.9955806871770709,0.6213432896429084,0.17152891225432895,0.9953186731250298,0.9953203063321112,0.9953186731250298,0.920064787892519,0.6707013948035756,0.9436567957963743,0.9456272824547374,0.8785446599727392,0.39268887145245573,-0.19453602523817914,0.24949674700229146,0.9566887196277563,0.3538387193004692,0.9758370930504958,0.9735594015137432,0.9823016401576344,0.9889626724587912,0.943266565855105,0.9547072941935887,0.9534967008515547,0.9453151392666633,0.9508681538193742,0.9514856182783304,0.9508681538193742,0.9117584704703484,0.9317676343664555,0.9325750278650196,0.9317676343664555,0.9409394619874136,0.8289740479901634,0.914824282122894,0.9160106395094499,0.914824282122894,0.7681559277344072,0.4747261094599413,0.761382382885724,-0.49992269638941184,0.66879677310658,0.6737905421306413,0.6745102739309918,0.6737905421306413,-0.05047778348163684,0.9290481503682003,0.956936694797134,0.9443500620796558,0.9445533892139351,0.20712975468277753,0.9232940944520853,0.9238290059736126,0.9232940944520853,0.9261017942485859,0.9261017942485859,-0.102429719542193,0.6119739637336349,0.11572636266194378,-0.7390865304589247,-0.6179380873166028,-0.6217085080032416,-0.18833551001425547,0.16264186629704824,0.1677534318465497,-0.07356082151691522,-0.6277799150294231,-0.06767955864783723,-0.796908442814497,-0.3355903711388336,0.18985270230612303,0.19205373851527627,-0.5946785742430871,-0.5614155443833695,-0.3227174819429749,-0.5380780319694101,-0.8053139163370222,-0.4448751450597266,-0.43835850193829595,-0.4448751450597266,-0.27339210900984046,-0.4002287344769813,-0.4002287344769813,-0.7939465348480091,-0.7939465348480091,0.5420414080025925,0.6423005294705845,0.8472265788883645,0.8460450292762418,0.7596072501344285,-0.3638859174647378,0.7504309762046909,0.7685433992103494,0.7686305891904703,0.7685433992103494,-0.13241043131371472],[0.9934773764967781,0.9874738625015753,0.7083068079472061,0.9944374316056627,0.99750452818352,0.9934773764967781,1.0,0.9978389504005062,0.9978389504005062,0.9999736832412985,0.9695734846871654,0.9997493924807515,0.9999969837089231,0.9999941861657163,0.7627055916666448,0.7430367134485222,0.15477986011133213,0.9998814875652139,0.9998820485333959,0.9913018239653483,0.9999971619941508,0.26347952499095284,0.7867043111766481,0.9870190476395011,0.9870190476395011,0.988667527056711,0.9927548690494884,0.2288367365892869,-0.20067629211377508,0.9914489191183252,0.9916035361936809,0.13377213716239839,-0.28326386991028174,0.9994204673726299,0.9995443489696298,0.5136018334730545,-0.2825608175320646,0.9992888365750106,0.9995310537327898,0.7338558697843466,0.13353996393138667,0.9523233916141411,0.999205521532069,0.9523233916141411,0.9354081855715937,0.6379602106226402,0.9559836646745907,0.9387584076250964,0.8204341844805426,0.4303063910604887,-0.1350288245870587,-0.1605574210733814,0.9422918259335874,0.31576506258329956,0.9708751311000461,0.9691139206612841,0.9819665986298471,0.9951511428080446,0.032801921752141305,0.9047815774296152,0.8661476944711284,0.9045837381477906,0.8617995202676865,0.8296497573227843,0.8617995202676865,0.8564371541296506,0.834957558624752,0.8260555155785095,0.834957558624752,0.9013542396673223,0.48120307818387076,0.6645702890929448,0.7085131342142738,0.6645702890929448,0.7025689906696211,-0.31225347323987074,0.6854246087946796,-0.5742476583946472,0.6041479617134606,-0.038584811511381815,0.5292479073792357,-0.038584811511381815,-0.0962432442789062,0.8806016179636919,0.9046410131761564,0.8911972791504139,0.8049602773777792,0.16845523599413323,0.8779508460290198,0.878909777261871,0.8779508460290198,0.8144347443568581,0.8144347443568581,-0.17220920742140713,0.7050259290111454,0.2087529929520926,-0.7463541412225047,-0.659137793873791,-0.6624342048194042,-0.2318822685889874,0.1127551423910362,0.2922840464129513,-0.10489412453413022,-0.6411411403987204,5.228189255442436e-05,-0.8286083342931736,-0.2357999325568946,0.12304262662691832,0.12534214159815069,-0.6383567637523743,-0.5747425772906073,-0.15553344009116243,-0.6110883751160534,-0.8242946553757824,-0.4334112409974745,-0.27494379510203537,-0.4334112409974745,-0.33798073609560847,-0.4404221869141904,-0.4404221869141904,-0.8162980779217461,-0.8162980779217461,0.518634370313955,0.6080116564027201,0.5265448866449939,0.8150041794417114,0.7473314375297618,-0.4176168486250073,0.08982020195132226,0.7441211846258954,0.7615325222508212,0.7441211846258954,-0.06383496084207861],[0.99067893173046,0.9834388057949646,0.7026172807191298,0.9920340007099371,0.9964043995905225,0.99067893173046,0.9978389504005062,1.0,1.0,0.9996465220439986,0.9644256648323764,0.9990367520567535,0.9985169038856773,0.9992868564503373,0.7589318935576718,0.7292747884999853,0.1339420453698533,0.999305472300335,0.9993083571688727,0.9890371444386291,0.9994002022005938,0.23946700924681655,0.7892834475373969,0.9934066904853347,0.9934066904853347,0.9872341147019837,0.9909155966195377,0.21237677713844863,-0.21264709605541113,0.9878858495584508,0.9913044169791406,0.11621460483431655,-0.28880160113249176,0.9985231456093562,0.9985626282799359,0.4994831775918731,-0.2878837618547289,0.9979133006987156,0.998567708892792,0.730102766335799,0.11239588310341928,0.9464126918623538,0.9983652749890697,0.9464126918623538,0.9337862241222618,0.6247343290854116,0.9565781900737315,0.9380573106154478,0.8061911584724096,0.4186410290194723,-0.14848735275043998,-0.1712387015332391,0.9356243143917028,0.2968200701037765,0.9667532862029583,0.9648721933381355,0.9777047630062634,0.9940599617819982,0.025064506746852573,0.8980979334010436,0.8554477097160037,0.8993840859027977,0.8520786547389944,0.8203800054007907,0.8520786547389944,0.8485296029367377,0.822471326731248,0.8161582124359065,0.822471326731248,0.8962282413489269,0.4665372118762933,0.6495682616231971,0.6958176459794239,0.6495682616231971,0.69532431356762,-0.3244262999611144,0.6766065212911323,-0.5791885765169703,0.5997866366886844,-0.057130317919042675,0.5172161923544404,-0.057130317919042675,-0.10109268505150118,0.8748040637505979,0.8969498558437213,0.8839524692323875,0.7933582423063343,0.15140989478670944,0.8727715951769038,0.8738948281035469,0.8727715951769038,0.8027894713654842,0.8027894713654842,-0.1844748152435522,0.7228623593724016,0.2142735741952381,-0.7545650832580205,-0.6696062549074285,-0.6727598095270799,-0.2448904767529953,0.10676349069040288,0.28521780491177373,-0.12275982643942716,-0.6520720281999627,-0.008980858458655183,-0.8327554950074304,-0.24210239956709165,0.11011207247635917,0.11245317370551841,-0.6478377200266642,-0.575165755782408,-0.1621385755469546,-0.6244061045297711,-0.8227462794502747,-0.44356040585774636,-0.28086582076933514,-0.44356040585774636,-0.3525669753463024,-0.4519390773752126,-0.4519390773752126,-0.8133227233826222,-0.8133227233826222,0.5056600231537016,0.5936643355725678,0.5099306705150589,0.799275885360258,0.7364932142885586,-0.4361689946097321,0.07755346543138171,0.7265892719539736,0.7468567144185961,0.7265892719539736,-0.0475641902671619],[0.99067893173046,0.9834388057949646,0.7026172807191298,0.9920340007099371,0.9964043995905225,0.99067893173046,0.9978389504005062,1.0,1.0,0.9996465220439986,0.9644256648323764,0.9990367520567535,0.9985169038856773,0.9992868564503373,0.7589318935576718,0.7292747884999853,0.1339420453698533,0.999305472300335,0.9993083571688727,0.9890371444386291,0.9994002022005938,0.23946700924681655,0.7892834475373969,0.9934066904853347,0.9934066904853347,0.9872341147019837,0.9909155966195377,0.21237677713844863,-0.21264709605541113,0.9878858495584508,0.9913044169791406,0.11621460483431655,-0.28880160113249176,0.9985231456093562,0.9985626282799359,0.4994831775918731,-0.2878837618547289,0.9979133006987156,0.998567708892792,0.730102766335799,0.11239588310341928,0.9464126918623538,0.9983652749890697,0.9464126918623538,0.9337862241222618,0.6247343290854116,0.9565781900737315,0.9380573106154478,0.8061911584724096,0.4186410290194723,-0.14848735275043998,-0.1712387015332391,0.9356243143917028,0.2968200701037765,0.9667532862029583,0.9648721933381355,0.9777047630062634,0.9940599617819982,0.025064506746852573,0.8980979334010436,0.8554477097160037,0.8993840859027977,0.8520786547389944,0.8203800054007907,0.8520786547389944,0.8485296029367377,0.822471326731248,0.8161582124359065,0.822471326731248,0.8962282413489269,0.4665372118762933,0.6495682616231971,0.6958176459794239,0.6495682616231971,0.69532431356762,-0.3244262999611144,0.6766065212911323,-0.5791885765169703,0.5997866366886844,-0.057130317919042675,0.5172161923544404,-0.057130317919042675,-0.10109268505150118,0.8748040637505979,0.8969498558437213,0.8839524692323875,0.7933582423063343,0.15140989478670944,0.8727715951769038,0.8738948281035469,0.8727715951769038,0.8027894713654842,0.8027894713654842,-0.1844748152435522,0.7228623593724016,0.2142735741952381,-0.7545650832580205,-0.6696062549074285,-0.6727598095270799,-0.2448904767529953,0.10676349069040288,0.28521780491177373,-0.12275982643942716,-0.6520720281999627,-0.008980858458655183,-0.8327554950074304,-0.24210239956709165,0.11011207247635917,0.11245317370551841,-0.6478377200266642,-0.575165755782408,-0.1621385755469546,-0.6244061045297711,-0.8227462794502747,-0.44356040585774636,-0.28086582076933514,-0.44356040585774636,-0.3525669753463024,-0.4519390773752126,-0.4519390773752126,-0.8133227233826222,-0.8133227233826222,0.5056600231537016,0.5936643355725678,0.5099306705150589,0.799275885360258,0.7364932142885586,-0.4361689946097321,0.07755346543138171,0.7265892719539736,0.7468567144185961,0.7265892719539736,-0.0475641902671619],[0.993927501236571,0.9874257959825727,0.6735811416347107,0.9950732760228315,0.9977214856241492,0.993927501236571,0.9999736832412985,0.9996465220439986,0.9996465220439986,1.0,0.9687776115431331,0.9997188557719793,0.9999744378361555,0.9999767809164426,0.5734490904925665,0.44091960738173963,0.03201095594138159,0.999843296880892,0.9998443090934688,0.9912612381534645,0.9999720079878727,0.03287091393982574,0.7733767603413151,0.9957672987340478,0.9957672987340478,0.9957345189914023,0.9927169389404347,0.059626736628285645,-0.14523049750843478,0.991151800529223,0.9911082091457916,-0.05197729975761983,-0.24730268131793434,0.9994864242759168,0.9994459930172455,0.847005865316854,-0.4403351786168258,0.999242604769794,0.999506037473919,0.5337522148937405,0.008270952050906255,0.9993758147504318,0.9993808626468242,0.9993758147504318,0.9353360778524783,0.6383049026720764,0.9559717622802296,0.9386675522325278,0.8201670867861701,0.062433683081963634,-0.5381479195691382,-0.06900089344492563,0.9395571309643963,0.26112011578223604,0.9692962838878231,0.9690805043027154,0.9844405298127631,0.994455932078448,0.9063045415882334,0.9058157257633553,0.9147115990853286,0.9058623031399023,0.9130545587250752,0.9135432435717231,0.9130545587250752,0.8568351852117299,0.8729705503311572,0.8740352159920245,0.8729705503311572,0.9029084996535052,0.8308380173306095,0.8886481162982631,0.8895337422222404,0.8886481162982631,0.7030871878353814,0.5882512534170664,0.6863279171007362,-0.5591570336178657,0.6521494813868502,0.6270475920925791,0.6270482802051703,0.6270475920925791,-0.04315389479823934,0.8818521936323369,0.9048365921825131,0.8918927676376908,0.9132908027342993,0.08127147475706943,0.8829804239643129,0.884393007208019,0.8829804239643129,0.8871147102613529,0.8871147102613529,-0.17359007795706186,0.7056198092540309,0.004204945959643173,-0.7575948304200792,-0.6887531610407817,-0.690379060515161,-0.23520815348316568,0.11687292103679355,-0.22019174730368943,-0.28527993350210173,-0.6758214675959237,-0.43862662889022763,-0.8560463382863512,-0.6257236134892237,0.12272496706086777,0.12500295149138857,-0.6395968511216154,-0.5707772046731805,-0.5841728379320281,-0.6123306105446408,-0.7865415384269643,-0.6426967115705057,-0.6452529454193004,-0.6426967115705057,-0.3399877762330843,-0.44384624290015384,-0.44384624290015384,-0.7683181374788073,-0.7683181374788073,0.5190995889952933,0.6064447411985624,0.8178032638563246,0.8249529175891583,0.7454461688413996,-0.44328205074745003,0.664187992169773,0.6932494790388278,0.6934427724242652,0.6932494790388278,0.17289293091646424],[0.9803919822795473,0.9789369121630241,0.6522339297000121,0.9789632225929346,0.9739247342329008,0.9803919822795473,0.9695734846871654,0.9644256648323764,0.9644256648323764,0.9687776115431331,1.0,0.9596477345644502,0.9695906378808372,0.9693750076388922,0.30264671159071044,0.17382940170542774,-0.20609581230222337,0.9729719651817414,0.9729559643272349,0.9696750181345671,0.9696687716429689,-0.0674889002716378,0.8108069648060026,0.9706785002582167,0.9706785002582167,0.9708153634820569,0.931694116822114,0.14618495238257903,-0.1329821477617258,0.9742838531162293,0.9743640360518799,0.08388560161596427,-0.04101001102837394,0.9757475272101138,0.9759345658447101,0.9100766627916956,-0.300224209651484,0.9658579308593056,0.9751452157872674,0.2566066936225797,-0.22492036103477145,0.9766059061318624,0.976581002241112,0.9766059061318624,0.8667687095025571,0.46126401043111376,0.8923025936914094,0.933879161639493,0.8994711024000085,-0.4174801790864506,-0.6539709779697058,-0.12407672557493732,0.9143434643848856,-0.05054727544786554,0.9364514292672926,0.9365035577438382,0.9508067131037614,0.972207874422777,0.9096971964483067,0.9138676896963062,0.9178811651882219,0.912239927059056,0.912142786594126,0.9125650446075224,0.912142786594126,0.8780609524902192,0.8506742882589902,0.8516857810616956,0.8506742882589902,0.9090447054008071,0.9200495545919565,0.9074389274200908,0.9078223414365449,0.9074389274200908,0.7720122921201396,0.7231441370982015,0.7729040131120206,-0.18973579590107542,0.7808113949229425,0.7935114286471575,0.7953396151857183,0.7935114286471575,-0.18198606204800738,0.9071909504570318,0.950218299356352,0.9186187762477576,0.9195129516548533,-0.08254968285480652,0.9022218090862327,0.9028610480808504,0.9022218090862327,0.9076906828627455,0.9076906828627455,0.017271086485342035,0.4677050853522718,-0.16871660564211516,-0.7093985647821417,-0.47328133596849914,-0.4761619042201348,-0.12283681883983992,0.4355240062859216,-0.029224642646316024,-0.26341929759417876,-0.613606787057578,-0.15917308474892625,-0.7786006340589151,-0.32258212326373614,0.30895092446195543,0.30948201544369,-0.44091045909443993,-0.4284866778123462,-0.4125980443466484,-0.42541019730071494,-0.6434836111054245,-0.4306678261704622,-0.4333366135095002,-0.4306678261704622,-0.18246604347277587,-0.487231561251564,-0.487231561251564,-0.5428342456081291,-0.5428342456081291,0.6326087086902475,0.6594152300351935,0.765038135035951,0.7403649903091609,0.8132364341585958,-0.523981560796625,0.4696063349525699,0.5493214481005703,0.5496811887926558,0.5493214481005703,-0.06988868556495222],[0.9889261906412915,0.98807070277739,0.994798955712883,0.9913661608437544,0.9969296881424631,0.9889261906412915,0.9997493924807515,0.9990367520567535,0.9990367520567535,0.9997188557719793,0.9596477345644502,1.0,0.9997480342696616,0.9997245393361931,0.020140155616234834,-0.08541447592843955,-0.5633464847378753,0.9998450542936473,0.9998465864175503,0.9997516167364383,0.9997509504839703,-0.3063686847373199,0.9753875466228615,0.9951926696082787,0.9951926696082787,0.9951782436712253,0.993909317163623,0.0643794734011486,0.05594561467041783,0.9933827835178423,0.9934328646559966,0.7088366094130772,-0.07490717329888852,0.9992703282439904,0.9992399210347733,0.9991322525689948,0.999529520037033,0.9995508813128683,0.9992897416229853,-0.0365098322793967,-0.5701067360924095,0.9990989983644796,0.9991038794125343,0.9990989983644796,0.9310623574641895,0.4977338428648735,0.952440818571269,0.9352833516895923,0.8198930628530632,-0.27407802773563006,-0.5560911314778009,0.8572664173211555,0.8837465742231714,-0.33507426018359976,0.947307161919035,0.9474750834933167,0.9761343889330557,0.9943118431496187,0.9226486652350738,0.9269243872965827,0.907291921827801,0.912632694585861,0.9106767119136703,0.9110606637686391,0.9106767119136703,0.831458754748693,0.8019808290034357,0.8031860549034417,0.8019808290034357,0.9281872241884879,0.9325993230309816,0.9273113734755011,0.9280417555836253,0.9273113734755011,0.6543041773005517,0.611466081491591,0.6797298804301702,0.7371548522657988,0.6579634608261975,0.6807141894494875,0.6826634893877555,0.6807141894494875,-0.18048181943648933,0.8833577758415212,0.9059631849861095,0.8980044889406215,0.9279591457756015,-0.36492098624395136,0.8799047491324986,0.8800668464596522,0.8799047491324986,0.8861622059517639,0.8861622059517639,-0.22313035742997847,0.700433271412181,-0.4047413873239414,-0.8331047211534719,-0.5498455147760465,-0.5532269979654307,-0.45437484065333983,0.24926094013360334,-0.3226958468635471,-0.5693787805036907,-0.7958984218101756,-0.42788593802306657,-0.5787925052311577,-0.5041173764100878,0.11458182803816543,0.1131229061957141,-0.5628515696990463,-0.5392116332475748,-0.5608711161719768,-0.5970027261898527,-0.5895782676006887,-0.5640007130495878,-0.5673486199247777,-0.5640007130495878,-0.46078328440376526,-0.648542876628723,-0.648542876628723,-0.636821826642977,-0.636821826642977,0.5149175598345959,0.3733350893870911,0.5153378866013169,0.6433923105961858,0.5528146810448816,-0.5685276536460414,0.39298127462619636,0.3174196287138385,0.31770190963877437,0.3174196287138385,0.3046241480376003],[0.9935074245537697,0.9875040288956625,0.708327502724773,0.9944589360394828,0.9975204681490959,0.9935074245537697,0.9999969837089231,0.9985169038856773,0.9985169038856773,0.9999744378361555,0.9695906378808372,0.9997480342696616,1.0,0.999995748480934,0.7626925451967106,0.7262138733606308,0.1548178833909923,0.9998826936330502,0.9998831469609447,0.9913287106653044,0.9999976599031531,0.2637559161872742,0.7867586019563599,0.9917480535106313,0.9917480535106313,0.9886618186630606,0.9927533791267193,0.22906948942343053,-0.20062281792016623,0.9915133525289739,0.9916094111950636,0.13397523965611646,-0.2832364239109114,0.9994214375811338,0.9995461282126878,0.5135815127610222,-0.28237123261313163,0.9992879834395614,0.9995361540883151,0.7338282025927741,0.1335834693744081,0.9523118953582633,0.9992069370874429,0.9523118953582633,0.9353944577019824,0.6380672192219028,0.9560147757163754,0.9387794845059204,0.8204796380309897,0.4306383315760891,-0.13464214593368198,-0.16023582337254347,0.9423395960183435,0.31581236868429685,0.9709440059327449,0.9691497286454658,0.9820341232411153,0.9951614613705103,0.03296923628179912,0.9048854283376051,0.8662193050007417,0.9046793166261128,0.8618688356157616,0.8296068046257344,0.8618688356157616,0.8565224406511217,0.834997458617547,0.8260104235293463,0.834997458617547,0.9014714714574327,0.4811050466530625,0.6645724634823905,0.7084446079147905,0.6645724634823905,0.7025659979890462,-0.31226944761964603,0.685442800621645,-0.5741548463481241,0.604086810751628,-0.038697686440316556,0.5292769620263966,-0.038697686440316556,-0.09636527505537702,0.8806754617902172,0.9047306695327703,0.891273079979257,0.8049539291229716,0.16849885421439367,0.8780228650313889,0.8789780187568332,0.8780228650313889,0.8144857080865817,0.8144857080865817,-0.17215304302760387,0.7050133717431672,0.2088501082200821,-0.7463893061905135,-0.6590625738691432,-0.6623634498660299,-0.2319561915419938,0.11266338163859042,0.29243442639460765,-0.10488849405163878,-0.6411949573668956,0.00028077070015243376,-0.8283870421226617,-0.2355476714280485,0.12312060210816028,0.12543296534009818,-0.6383372788719308,-0.5745514235455341,-0.1553220415125977,-0.6110484793110519,-0.8242022131623171,-0.43322184504028366,-0.27477008603157677,-0.43322184504028366,-0.33784045260691165,-0.440397802030912,-0.440397802030912,-0.8162502196847864,-0.8162502196847864,0.5189522115198013,0.6081071086002983,0.5267551666179735,0.8152129829325255,0.7473701736050801,-0.41744047196532713,0.09006694767396725,0.7443367418597865,0.7616290373907563,0.7443367418597865,-0.06386875283965585],[0.9935436692050209,0.9873739056335804,0.7083956654215291,0.9944750006271861,0.9975395118651086,0.9935436692050209,0.9999941861657163,0.9992868564503373,0.9992868564503373,0.9999767809164426,0.9693750076388922,0.9997245393361931,0.999995748480934,1.0,0.748874683839945,0.6570962856450888,0.1549848080640366,0.9998856382370653,0.9998859707976572,0.9914428288829508,0.9999955584984764,0.26441342939897033,0.7865913062271175,0.9946434695269477,0.9946434695269477,0.9945672202500616,0.9926707637944651,0.22934911727060583,-0.200645358359387,0.9924788824489345,0.9925162879576765,0.13468330625187264,-0.2830771996927598,0.9994629757680972,0.9995460056667824,0.5127059278718711,-0.28172800462089786,0.9992552173240301,0.9995380135128582,0.7301321692538532,0.1337692780239391,0.9519300395094559,0.999252939536692,0.9519300395094559,0.9355711809648463,0.6386475398950703,0.9560557152665038,0.9387845652505118,0.8202337800794596,0.4318529583521176,-0.1332760585304685,-0.1604793037096633,0.9426126425339797,0.31607440871109616,0.971287905580778,0.9693995788948276,0.982256681738749,0.9952073075713744,0.0320209318669593,0.9050805381346488,0.8661102686269343,0.9048418883853795,0.8617848914197456,0.829195463771305,0.8617848914197456,0.8566717420864352,0.8348851666409729,0.8262558130301151,0.8348851666409729,0.9017029209866911,0.48048380675855207,0.6641279059779785,0.7084137259953233,0.6641279059779785,0.7024344853352673,-0.3133444583989069,0.6853956689227786,-0.5743832060266941,0.6037741151898766,-0.03960822149985612,0.5289500322240843,-0.03960822149985612,-0.09635574270051583,0.880762914823395,0.9045367601648991,0.8913771128041154,0.7990077718217743,0.168873557036839,0.8780633397853768,0.8790101336815165,0.8780633397853768,0.8142920102540427,0.8142920102540427,-0.17331885448695156,0.7057198150803042,0.20931770623339924,-0.7463395534504162,-0.6593758903847403,-0.662680503609149,-0.2328858386776793,0.11163191260643573,0.2927735177854607,-0.10519659705318593,-0.6413171692169616,0.0004030646473232041,-0.8277388957852563,-0.23536775642123628,0.12229269135530704,0.12460495011624263,-0.6388476444629491,-0.5747291349308824,-0.15478145732911858,-0.6119939984122993,-0.824259765632932,-0.4331564232088897,-0.27425610955587953,-0.4331564232088897,-0.33860020874396973,-0.4407696716329765,-0.4407696716329765,-0.8165971155110402,-0.8165971155110402,0.5190126633839315,0.6078193212938353,0.5263382799448354,0.815608151093457,0.7469035505951035,-0.41705817840291065,0.08947623168185945,0.7447475045635022,0.7622301685338375,0.7447475045635022,-0.06365127405119589],[0.6483564918772843,-0.09966040732453882,0.33248206871718555,0.6474208335143061,0.5170493719598724,0.6483564918772843,0.7627055916666448,0.7589318935576718,0.7589318935576718,0.5734490904925665,0.30264671159071044,0.020140155616234834,0.7626925451967106,0.748874683839945,1.0,0.9903659812097213,0.4348254661887454,0.7206439044609267,0.7205986502544329,0.6237316699325923,0.7471365224915634,0.3377720518235952,0.28315724744883175,0.735749037178457,0.735749037178457,0.7190037191688785,-0.37662095080374947,0.19284121333418527,-0.15313957205153825,0.7985799326283886,0.7945869183631203,0.16348458566828486,-0.2005309407638365,0.75628044210014,0.6057959546759162,0.22410777046957933,-0.3169104252837111,0.0335584405361904,0.5628542232612562,0.9982605992691362,0.418355048280103,0.6802229322927067,0.7557091790311518,0.6802229322927067,-0.03167382846570958,0.4775163422154643,-0.43542964911622334,-0.45677835918576515,-0.14936182690898583,0.383032845558448,-0.051342803356218415,-0.21289700558249278,0.5899535710859701,0.39241515399746635,0.7602272935297782,0.5937216910925417,0.7098546087414582,0.7361092273994947,-0.11263419486647004,-0.04521623283385819,0.4729458710104536,0.29836136744420705,0.46139303366116197,0.5687511018608994,0.46139303366116197,0.17095583224449645,0.4635278310157958,0.5570423161216813,0.4635278310157958,0.21088376536335363,0.19332724182962066,0.3317764996239348,0.4549460722068204,0.3317764996239348,0.14008302181216323,-0.3558136163252249,0.07546788804989185,-0.6320460615508454,0.1472658124160933,-0.1511320159531035,0.2226987901666042,-0.1511320159531035,-0.15999164428258966,0.2457378855198125,-0.19529797528830786,0.01627205011740233,0.5733379146219255,0.42806589075462576,0.3323087808445072,0.3395056000732398,0.3323087808445072,0.4162983753701988,0.4162983753701988,-0.20351175771040955,-0.011855266832706242,0.2448322087618432,-0.19052871573137967,-0.46980125142141765,-0.4711389716584688,-0.004038576489920525,-0.06689671431393686,0.353554006787585,0.15923310676094687,-0.10157004617402556,0.1292419482745479,-0.6873473906628157,-0.06510149485492556,-0.02791867847323034,-0.028079481091691103,-0.435392571763581,-0.4486188538186821,-0.012999275177662773,-0.2558217971421606,-0.728938218685141,-0.2606298805234823,-0.12585275452777486,-0.2606298805234823,-0.11936862766202441,-0.13514521239667457,-0.13514521239667457,-0.7245189457896777,-0.7245189457896777,-0.19676809316892255,0.38458934592300603,0.4457143013307461,0.6703514938449023,0.45995950729466367,-0.1965755489990048,0.04547624318590459,0.6888467026343833,0.7193217720253886,0.6888467026343833,-0.16049990811928438],[0.5388142456357009,-0.19288821097915468,0.2687156245469083,0.5373571057847933,0.38095336801045265,0.5388142456357009,0.7430367134485222,0.7292747884999853,0.7292747884999853,0.44091960738173963,0.17382940170542774,-0.08541447592843955,0.7262138733606308,0.6570962856450888,0.9903659812097213,1.0,0.44628011096561776,0.6178233348609443,0.6177687162307427,0.49633567461441025,0.6550867450560961,0.34407747059679833,0.1830923993134815,0.6939902969501353,0.6939902969501353,0.624623049913268,-0.43954159473505616,0.195537017665683,-0.10977908310360206,0.7795569994659868,0.7123934207253906,0.19037333440441284,-0.14461695318294288,0.6660792441131049,0.47700295799482495,0.17856837813108337,-0.277895582646238,-0.07469429313651782,0.42973724444805284,0.9923529599142837,0.4324326859154538,0.5919231510053399,0.6655765832276977,0.5919231510053399,-0.11871440596882363,0.410326177996835,-0.48233830923836146,-0.49529254428698705,-0.21322586244566138,0.3473901298156999,-0.028219613132029878,-0.21599602688646688,0.47138575171712865,0.36371653556292427,0.6692633998345322,0.46915261073696674,0.6035204627469678,0.6294246208932339,-0.14251577717622996,-0.15444215096921124,0.38210429620787983,0.1717142635952151,0.3694214783219589,0.5135977563143517,0.3694214783219589,0.04978500182167922,0.3757265413966814,0.4972509324397238,0.3757265413966814,0.0867304281946587,0.1654820949242421,0.2742517728561867,0.41511654061584696,0.2742517728561867,0.03703247096449999,-0.332094965