var config = { responsive: true }

var correlationAdjClose = {"data": [{"type": "heatmap", "z": [[1.0, 0.9999931193288046, 0.9840550901599369, 0.9999205731053932, 0.9988330076747244, 0.9888625567279078, 0.9973890011757154, 0.9950357625170712, 0.9953180435227136, 0.9796107360185012, 0.9913919322694585, 0.9951872990077065, 0.9943695680389876, 0.9950930356173306, 0.995236507309125, 0.9964136897842695, 0.998206211988976, 0.9958458373676956, 0.9958601643274748, 0.995882575096988, 0.9951334127840474, 0.9849879792787385, 0.9679199961341106, 0.9872694777143123, 0.9860666935493105, 0.9786166215092994, 0.9619656613778187, 0.9402047909562319, 0.994552855147326, 0.9947334523840226, 0.9917467443852661, 0.9745733427647377, 0.9972997551791939, 0.9976140654615636, 0.9969553882235682, 0.9952552834805555, 0.9946698156996445, 0.9974507254045158, 0.9975180503641403, 0.9986686390078062, 0.997237019321218, 0.9972505029513387, 0.9760827107240239, 0.9250107185605797, 0.7601002470383134, 0.8999269747104981, 0.9117015949766183, 0.8478520532577903, 0.9698759539686604, 0.9444420859927808, 0.9710399866575652, 0.9672579036427331, 0.9620225020563419, 0.986318834388347, 0.9826923205193837, 0.9833154477818569, 0.9759093807662416, 0.985266648192983, 0.9824887100413833, 0.9859260280666771, 0.9856790017991326, 0.9633284880940987, 0.9651397934129795, 0.9706622763402679, 0.9703239554384261, 0.9419281875016906, 0.9743518139559341, 0.9728765051492255, 0.98125593094197, 0.9803264537683847, 0.9341846201367782, 0.8523974975127209, 0.8205743812294165, 0.8713190137891309, 0.900359269942074, 0.894480190688586, 0.8988108884382422, 0.8974957158123534, 0.6087119588594919, -0.5175415693529976, 0.9752812886270781, 0.9649750092534285, 0.9616257238392834, 0.984239779772387, 0.9548831500223874, 0.9805082596398199, 0.9804583664360239, 0.9426295727545357, 0.9808446814899466, 0.947295902516221, 0.6035129883440217, 0.8413777687587871, 0.9109252799772218, 0.23816267850128953, 0.9154842719508662, 0.9370272916101726, 0.806997856556402, 0.9546641090150306, 0.8962915177519464, 0.6669512509800316, 0.5514492559904292, 0.8919819640996967, 0.8613668458650879, 0.88812348858726, 0.9660355619120048, 0.9662776621605709, 0.737647943731247, 0.698502647356794, 0.826586253870976, 0.32760269921440094, 0.7946148315354431, 0.8324378359622363, 0.8188948296923627, 0.8170577615112415, 0.7356319680934126, 0.7378515018266979, 0.7173309163093402, -0.23038847715059238, -0.3640023550414359, 0.6175891091026446, 0.9006955773689005, 0.9468297144514232, 0.9504963699597263, 0.9198006289538063, 0.8280383284189327, 0.9181954730024126, 0.9402828448086599, 0.940094123120766, 0.8751663667989265], [0.9999931193288046, 1.0, 0.9806757177619994, 0.9997512803060385, 0.997250488708024, 0.9900557299676177, 0.9924242886973248, 0.9875048177540274, 0.9875486333641652, 0.965656866761643, 0.990182799428636, 0.98779090816781, 0.9875841909008424, 0.9876384908164567, 0.9877455373404089, 0.9929570239065486, 0.9950438726465914, 0.9913000344438236, 0.9913019407898094, 0.9876344439891704, 0.9877025091376436, 0.9867398271336534, 0.9580899064644389, 0.9825401034443062, 0.9821240358088925, 0.9784323703714967, 0.969362395914754, 0.9015063258450654, 0.9879740786273076, 0.9832592229136, 0.9756302639625093, 0.9090333942190806, 0.9942758983368136, 0.9940738551587641, 0.9943807082623294, 0.989050552244598, 0.9937195478645509, 0.9943599516772653, 0.9947065719659687, 0.996531323688615, 0.9943895181191681, 0.9944005886931893, 0.9844537804359369, 0.9248207488399828, 0.6395401944791154, 0.8999131214459258, 0.9124318171259804, 0.8479819130918855, 0.8854549668656514, 0.9133122354712284, 0.889401596018127, 0.9032117116052382, 0.8842299933837254, 0.9562727985951904, 0.9561595268775387, 0.9713315144258333, 0.9759436753716935, 0.9689017828308792, 0.9684604663997041, 0.9719490293049869, 0.9718433348358786, 0.9291631312392445, 0.9376880483094647, 0.8990613865774532, 0.8989032704243256, 0.7821241501875339, 0.9658652482213542, 0.968438617540869, 0.9687482129446248, 0.9681269687573011, 0.9244986779949687, 0.6158108964905774, 0.5538097423856497, 0.7173311664819685, 0.8204164301225741, 0.7411469146383933, 0.7833194106956961, 0.7816475738867316, 0.5442330194196419, -0.2699812952290201, 0.9512325939043818, 0.9594296033635992, 0.9508957895849263, 0.9724119792273378, 0.930363322418176, 0.9565142521796263, 0.9554195525794431, 0.8900619543921948, 0.960005485222623, 0.896995224809599, 0.39617055812538843, 0.8402841860300279, 0.8414966975458003, -0.17952208368333036, 0.5973502487610647, 0.7049545857306007, 0.6176117127109007, 0.9504367422370072, 0.6376017559221828, -0.19298445467062503, -0.027701436236951815, 0.6044037616676831, 0.6128493509379529, 0.6597063120627702, 0.9522261735965816, 0.9520312454052818, -0.11064451576217824, 0.11827600388393436, -0.04230807632020234, -0.0618229211020232, -0.03417571809577104, -0.01791164530960825, -0.04913452437168069, -0.08813627632778863, 0.2959721183863152, 0.04939790376020082, 0.002605395158609624, -0.45843079390171493, -0.4874258154678279, 0.617631377486994, 0.7423847978500413, 0.7644952398046774, 0.8280833014727044, 0.8215266462683751, 0.5239619124768676, 0.7296825958166511, 0.7629790887291705, 0.761573814873353, 0.4127660249782562], [0.9840550901599369, 0.9806757177619994, 1.0, 0.9855181838866838, 0.9924222734470332, 0.9894346590155237, 0.9906228743046812, 0.9909595345557429, 0.9942698417734654, 0.9532605765504548, 0.9967319809880708, 0.9908647240327816, 0.992818979827053, 0.9910241074776867, 0.9909290665947733, 0.9914890943573194, 0.988944659706436, 0.989475743275517, 0.9894400819254368, 0.9927803678926286, 0.990887147272315, 0.9930312777560111, 0.977813349407418, 0.9903580247203273, 0.9907402117735804, 0.9766699592324933, 0.98082311062518, 0.9439203525214074, 0.9737015531454415, 0.9770183028735878, 0.9782689150392833, 0.9496409363637057, 0.987855153044437, 0.9909767844083253, 0.989159664132759, 0.9930111550801324, 0.9943864622660474, 0.9919721009541564, 0.987220007360656, 0.9871613544332896, 0.9881284806577293, 0.9874845127160929, 0.9900777473455996, 0.9248297798385505, 0.701919252396332, 0.9273169581925855, 0.9003737931974823, 0.7512307535664061, 0.9308973380007534, 0.8994363147520215, 0.9320727896483838, 0.9270999593508314, 0.9194808744425245, 0.9536251703975188, 0.9604332346223781, 0.9279397494765115, 0.9433067881414411, 0.9511679306696791, 0.9563795200699706, 0.9518754944626281, 0.9260995263214234, 0.8892921661478012, 0.9207481762843835, 0.9217576129219003, 0.905612379685358, 0.8552958090157009, 0.9561745905634544, 0.9333614188651187, 0.951787773682264, 0.9299068505424499, 0.7541401777678717, 0.7884994326790585, 0.7266594972054402, 0.8093344010758743, 0.857794077157502, 0.8543211712841101, 0.8279309299865911, 0.8414498166591003, 0.2816356008405768, -0.5232960425509897, 0.9415711624304931, 0.9096325098792736, 0.91567023382479, 0.9284829654232779, 0.9220984864208226, 0.9475340502218115, 0.947171571803261, 0.9046799619245369, 0.9444495955356019, 0.8254808054270796, 0.5725112441132715, 0.9226078036914358, 0.9307648862786531, 0.16657711982268372, 0.8942623454185492, 0.9187437012372623, 0.7921967085466562, 0.9762543139609211, 0.7789255262795831, 0.5760088265215492, 0.47964883382197887, 0.7853545887877811, 0.7860108075299241, 0.7737747348212155, 0.9801930969424323, 0.9802412034672476, 0.654978353280106, 0.6304909299123821, 0.7146483082525226, 0.2544643242167244, 0.6885980949409543, 0.7124057686451208, 0.7277345811487124, 0.7088233042369402, 0.6863184694945591, 0.6615293859599964, 0.638942021204837, -0.307900524779193, -0.4408143152821893, 0.5664971133884704, 0.8594170119051076, 0.8972729231440868, 0.8981581401868525, 0.8922046717106137, 0.756683861730688, 0.8714708952871205, 0.885757495979523, 0.8947862182793693, 0.7401477371041172], [0.9999205731053932, 0.9997512803060385, 0.9855181838866838, 1.0, 0.9991552124420464, 0.9897497030823204, 0.9977614089802848, 0.9955922772322844, 0.9959844382163435, 0.9793612153636112, 0.993046401057693, 0.995726046348584, 0.9951214735624647, 0.9956476949749544, 0.9957680606692763, 0.9969467147188963, 0.9985235811492733, 0.9963303826524514, 0.9963421982307119, 0.99645613969712, 0.9956752035368515, 0.9862914398348006, 0.969261108106921, 0.9884194492779962, 0.9873279079050489, 0.981433953544767, 0.9641304673934539, 0.9414260967902522, 0.9941049160331689, 0.9944652086269066, 0.9919272557820678, 0.9743097572786985, 0.9974873374709556, 0.997962670101805, 0.9972992990200659, 0.9958623944571755, 0.9956371346532561, 0.9978397490805736, 0.9976528748875992, 0.9988222003700505, 0.997414732618926, 0.9974251376857037, 0.9779185655655104, 0.9207408051095163, 0.7537774497223078, 0.9006086994348413, 0.9085155914703327, 0.837068403947811, 0.9670398827111015, 0.9409986466437086, 0.9680887768680497, 0.9646377952636973, 0.959243268280128, 0.9842744688954281, 0.9811857988706663, 0.9813873827467252, 0.9738018421443749, 0.9835482413419969, 0.9814616630616848, 0.9841278570426027, 0.9838776445073601, 0.9483276367519778, 0.9633023739993368, 0.9688782141642537, 0.968541282220342, 0.9347981525745243, 0.973457077591403, 0.968847720437299, 0.9792757675007613, 0.9783022609287964, 0.9034525462622963, 0.8501138591659053, 0.8154717979595874, 0.8687017922084427, 0.8964896050096708, 0.8934638774386852, 0.8955481365247682, 0.8943119081698149, 0.5017645731182286, -0.5178168455636307, 0.9738700419674678, 0.9622504364369784, 0.9590713833993811, 0.9823158061642236, 0.953431887192734, 0.9792718228170963, 0.9792234489409396, 0.9411875041434561, 0.978898703686267, 0.9248267614076254, 0.609488315700146, 0.851345964148455, 0.9155839863768483, 0.23883385673729682, 0.9172624600647487, 0.9385537862002793, 0.8074215712698297, 0.9562431463406897, 0.8902028338421863, 0.6640065826833661, 0.5492132053732952, 0.8869901859450988, 0.8579088960399991, 0.8827932405774233, 0.9672091660367562, 0.9674598938830061, 0.7368605007190573, 0.6989604359556398, 0.8187192303135779, 0.32989867654192695, 0.7891376122809282, 0.8242763000286252, 0.8108105498449428, 0.8118777296609124, 0.738788876973489, 0.7381076308763019, 0.7176498640120729, -0.22577377207187105, -0.36323285287883295, 0.6154329090824551, 0.8989019276237126, 0.9451873601304707, 0.9488905402009725, 0.9188389634683727, 0.8253081880356912, 0.9163548841291899, 0.9382133773019885, 0.938182552409972, 0.8674565547274111], [0.9988330076747244, 0.997250488708024, 0.9924222734470332, 0.9991552124420464, 1.0, 0.9923882190154316, 0.9990418126878604, 0.9981841646281775, 0.9982376329499089, 0.9723964154563552, 0.9974315481817652, 0.9982379785108958, 0.9979852299085581, 0.998220064658086, 0.9982870415323006, 0.9985456881355835, 0.9990648592508861, 0.9986371194876467, 0.9986398165690534, 0.9983178824503902, 0.9982209361612058, 0.9932605840874497, 0.9768711510033079, 0.9933212708442302, 0.9932299344858803, 0.9855601222980913, 0.9786527793560916, 0.9446557810986107, 0.9907173307887467, 0.9929130821968488, 0.9898389697203263, 0.9649490865182646, 0.9989608311340292, 0.9989869204843853, 0.9989705755638112, 0.9983481756490059, 0.9985190714544171, 0.9990704040109357, 0.9991318024610956, 0.9990293767559102, 0.9989434713945973, 0.9989470056571602, 0.9885230622088589, 0.930496174803987, 0.7293807228088873, 0.9171693777455245, 0.9112743451295525, 0.8161649615235178, 0.9514929578219398, 0.9268343294634085, 0.9551003659096851, 0.9557858422494521, 0.9502687888792739, 0.9801925678065305, 0.9801395501639536, 0.9766503312513635, 0.9668272750227589, 0.9776726698626539, 0.9763913586432229, 0.9779853740097613, 0.9776659595910098, 0.9497218505742671, 0.9517646292599242, 0.9477127805206611, 0.9472476249767198, 0.897269558381845, 0.9698620485470885, 0.9665982276017494, 0.9737117592920673, 0.9726612129947627, 0.9277267262428951, 0.8228984874063628, 0.7740175209939102, 0.848885154289778, 0.8973819674045888, 0.8771055343195995, 0.8864219496918856, 0.8851942917331614, 0.6584688806503043, -0.5907089579181077, 0.9655965766669523, 0.9480599609417515, 0.9465477733842601, 0.9779047704111348, 0.9372930616710097, 0.9705707436741863, 0.970038945310363, 0.9284816106020695, 0.9728041603252976, 0.9331838844454493, 0.5944618132019487, 0.8773854787846764, 0.9372222403625371, 0.1369357962630551, 0.8920200147350353, 0.9202598022704185, 0.8006639147730428, 0.9625394146759615, 0.8773010383375176, 0.5174331313596112, 0.44269193120898453, 0.8643274915228918, 0.8148258598097217, 0.8654753115747217, 0.9718612358945182, 0.9720534851073318, 0.6881083293118708, 0.6779589441850875, 0.7294552997509608, 0.3024467249399886, 0.6658673632767753, 0.7387310719549218, 0.7141647782634217, 0.6943809432546885, 0.7209885295007923, 0.719392903704958, 0.6978938038983923, -0.4548625440888867, -0.5288262757773039, 0.6015260430272847, 0.8909836544805623, 0.9285282355284279, 0.939554857368327, 0.9147439056553215, 0.7995141374118916, 0.8970095140176999, 0.9216442194030285, 0.9211438297698903, 0.8002537675490736], [0.9888625567279078, 0.9900557299676177, 0.9894346590155237, 0.9897497030823204, 0.9923882190154316, 1.0, 0.9892980474076324, 0.9890378221713674, 0.9884182673244837, 0.9660663514175327, 0.9782265407776409, 0.9890073946531244, 0.9900463077101025, 0.9891008578239808, 0.9892010172645616, 0.9920191579759375, 0.9898950589215327, 0.9899675296729471, 0.9899468245610068, 0.9878395908328884, 0.9890347110218689, 0.9961761915118611, 0.9908954691046444, 0.9884965036311034, 0.9881727935934026, 0.9645949369157796, 0.9837130722886397, 0.9643874498506617, 0.9749857511932327, 0.9784961175663804, 0.9866980099209623, 0.9736933780615681, 0.9893180399777279, 0.9894447240259473, 0.990253978701404, 0.990040272666537, 0.9815932512874099, 0.9901276737794633, 0.9896584531232423, 0.9896091231233016, 0.9894143882701927, 0.9894007066497116, 0.9942049651256534, 0.8852529085895678, 0.7390059755102959, 0.8755722363623906, 0.9111103649289252, 0.8464237978967741, 0.9405783361350256, 0.9138323616569359, 0.942173573428644, 0.9485729151920966, 0.9388425903413969, 0.9647804001671093, 0.9692790952640268, 0.9662248063466033, 0.9772092590929177, 0.9675125317073923, 0.9791214461289232, 0.9674879505723318, 0.9669034660882194, 0.9647342323950026, 0.9571611258714168, 0.9429015161251995, 0.9423879632727609, 0.9272540814427918, 0.975724229826122, 0.9680598695389238, 0.9670983672097783, 0.9653290580175673, 0.9448790613840714, 0.8496105853927839, 0.8015617544634653, 0.8699006616289631, 0.890879854305383, 0.8979546066496846, 0.8818665288561622, 0.8799658625874797, 0.6269011467084329, -0.48850162265290503, 0.9724538099076689, 0.9662205444886414, 0.9632230721588725, 0.9674212226912663, 0.9522548634649557, 0.9732597477484792, 0.9729321678183114, 0.9505032515433345, 0.962815950918187, 0.950405625005842, 0.6083312250867547, 0.8083194087418659, 0.9316265501450243, 0.24151950188976054, 0.9055224323582649, 0.9254648278781841, 0.804250186235006, 0.9524843905602394, 0.8490219299280967, 0.6183483427190497, 0.529389027522015, 0.8463038549755078, 0.8203803275948678, 0.8431063024666812, 0.9549894612343971, 0.9550721484139665, 0.7021937444506087, 0.6806797176556829, 0.765403551217934, 0.33086928771025553, 0.7437154465271284, 0.7732169598441975, 0.7589853003978353, 0.7613140187542877, 0.7269333756354376, 0.7112493600995641, 0.6928409645915524, -0.2568679937965304, -0.38202976106559244, 0.6505833678343476, 0.889520805102942, 0.9074300245864851, 0.9150411181754798, 0.9031179768896923, 0.802998228206202, 0.8760536708933461, 0.8991182947415536, 0.8991176551101483, 0.84488940976688], [0.9973890011757154, 0.9924242886973248, 0.9906228743046812, 0.9977614089802848, 0.9990418126878604, 0.9892980474076324, 1.0, 0.9970469893191926, 0.9995125816135761, 0.9712395673238732, 0.9993878910687438, 0.9980510872511102, 0.9990477089224266, 0.9989741917391927, 0.9987375945950862, 0.9980729812154959, 0.9998306850672697, 0.9992209676838044, 0.9992264222328845, 0.9996353591225421, 0.9991875665380278, 0.9906848442966099, 0.9736859120868954, 0.98357706184616, 0.9921880690140173, 0.9847266939260653, 0.970718698427757, 0.940024635582143, 0.9925095579045423, 0.9918161755010929, 0.9929518904553583, 0.9707367463274198, 0.9987755879543803, 0.9998082356094868, 0.9996054128499957, 0.999370380626793, 0.9996244116544439, 0.9998398743720681, 0.9978137846737078, 0.9995452357477163, 0.9992412302454964, 0.9988317061171064, 0.9833066742168841, 0.9342624151242255, 0.7430045881554723, 0.9285576057787163, 0.9187812752558175, 0.8045705517800829, 0.9605846257136474, 0.9401209522363801, 0.9615142002507099, 0.9593053664990142, 0.9546055180918698, 0.9820929021496847, 0.9799988183585713, 0.9375817258030451, 0.9524059979847362, 0.967090623542656, 0.9673430066104947, 0.9690131499813185, 0.9380305827975185, 0.8840047724307508, 0.9410744084574446, 0.9533480469314684, 0.9300620001964125, 0.8701607817771154, 0.9584615603168634, 0.9261915930408152, 0.9603807475252181, 0.9377345625937652, 0.7185898535259029, 0.8173921330741375, 0.7491578403823425, 0.8344542330742242, 0.8648756029698768, 0.8682604715436063, 0.8490111371724459, 0.8614346979868441, 0.23666785590777936, -0.5536486873041409, 0.955526428418453, 0.9303202670443369, 0.9311555464032267, 0.9402068257981022, 0.935753971882979, 0.9641923143086897, 0.9642596793129767, 0.9190914401352274, 0.9602871845718232, 0.8105064933427972, 0.5909636538022921, 0.8794025510374074, 0.9153158056299245, 0.2176114900969783, 0.9146526808252646, 0.9371686069126139, 0.8009994289324395, 0.962465759518738, 0.8309879427273026, 0.650205234305912, 0.5341024071405784, 0.8428735227815665, 0.8355612839220504, 0.8283569300662991, 0.9721706036387016, 0.9724332783036758, 0.7215567600439633, 0.6735814856762354, 0.7836577620239797, 0.297274865291678, 0.7650718392971835, 0.79336953896185, 0.7845978142587979, 0.7897228597404272, 0.7162775288424466, 0.7235692900376128, 0.7012399745279803, -0.24596194698956766, -0.39057085827950755, 0.6210799581677735, 0.8914832773351752, 0.9310460534653574, 0.9462161073086627, 0.9172209592825648, 0.8226620828868714, 0.9152561446977836, 0.9373163248322278, 0.9366900814585383, 0.7742987398989704], [0.9950357625170712, 0.9875048177540274, 0.9909595345557429, 0.9955922772322844, 0.9981841646281775, 0.9890378221713674, 0.9970469893191926, 1.0, 0.9999837197171823, 0.964967935217042, 0.9996118144308792, 0.9999968449093078, 0.9996499222134064, 0.9999977468621428, 0.9999810597392856, 0.9963124244666486, 0.9989759084399136, 0.9998817666047594, 0.9998815161177874, 0.9999544383648503, 0.9999943541898476, 0.9908928269524985, 0.9745438300267779, 0.9914312534339949, 0.9926754365664533, 0.9811988704952237, 0.972867092699012, 0.9384008762133182, 0.9888393344969884, 0.9944824130285469, 0.9916632943347004, 0.9673003459647287, 0.9994227563033631, 0.9994734686654502, 0.9996134421297315, 0.9996696377961981, 0.9986660903439228, 0.9993779683392506, 0.9990914913131266, 0.9982562848593587, 0.9994930028771519, 0.9993527659759796, 0.984648351793838, 0.9351833695515172, 0.7298409347427124, 0.9362500343717678, 0.9165665986439924, 0.7819643577009681, 0.9592922927855652, 0.9351538952840591, 0.9598815926197338, 0.9528492220194039, 0.9481869290182823, 0.9801877349407984, 0.9767393228245431, 0.9314774520135148, 0.9453926573731848, 0.9585291541544019, 0.9627575402290134, 0.9609981464034023, 0.9359522880519124, 0.8718290111645883, 0.9343021990136733, 0.9450062257587953, 0.9237615989548228, 0.8537358040701278, 0.9542335280301528, 0.918019514946112, 0.9531520203694824, 0.9319979128440157, 0.7000729427189935, 0.8064307796830505, 0.7439672475171197, 0.8233811021618095, 0.8551637297432233, 0.8615250318544617, 0.8434531902937608, 0.8526747139240978, 0.2145510218135001, -0.5609918048961662, 0.9493595940631515, 0.918654803087304, 0.9215442276802713, 0.9378495938180719, 0.9281438021704818, 0.9582546265277021, 0.9583288552808101, 0.9107321003536536, 0.9512077720087853, 0.7937999761937273, 0.5853357870549277, 0.9032806092977482, 0.9285680506751839, 0.2045996436454935, 0.9136320655179961, 0.9365253266005723, 0.7981052788351793, 0.9674707633316711, 0.8353131270976766, 0.6362532767238508, 0.5218866667984524, 0.8446252844431538, 0.8326695748165238, 0.8323113513674244, 0.9754014622607029, 0.9756680092703842, 0.7111948346762768, 0.6641029645693779, 0.7861222267911006, 0.28134482930954974, 0.7600178142217984, 0.7893101649803382, 0.7863586949375468, 0.7844013769540528, 0.7082779868568296, 0.7168947691625527, 0.693826988576694, -0.2637732022224641, -0.4074661461212703, 0.600504993041771, 0.8826248087329667, 0.9289838298767152, 0.9384931508791936, 0.9106299403830604, 0.8108835606100769, 0.9087699294149709, 0.931039788671399, 0.9306815351585186, 0.753357729854555], [0.9953180435227136, 0.9875486333641652, 0.9942698417734654, 0.9959844382163435, 0.9982376329499089, 0.9884182673244837, 0.9995125816135761, 0.9999837197171823, 1.0, 0.9642530557978871, 0.9996105434217119, 0.9999811704690744, 0.999828039871016, 0.9999896667835712, 0.9999967640805572, 0.9989517515958686, 0.9989207822880973, 0.99981313679951, 0.9998124648413218, 0.9999658749408892, 0.9999822520330599, 0.9935022045876429, 0.9755252953579079, 0.9947201782741081, 0.9948868345095907, 0.9811804413836261, 0.9769359299113065, 0.9393444769836333, 0.9893676992369995, 0.9935617692678005, 0.9885965731343812, 0.9626163806915333, 0.9993326844966961, 0.9994139743414303, 0.999410086479043, 0.9998285835489605, 0.9986781372820562, 0.9993704272261681, 0.9993094545946768, 0.9982230233219217, 0.9993255601193002, 0.9993204251533397, 0.988911090675534, 0.9353767938239522, 0.7307542329952759, 0.9364269561532937, 0.9170132827428934, 0.7821902682383651, 0.9472726652860428, 0.9217745701411534, 0.9504232768168711, 0.9503081579227689, 0.9455957191134865, 0.9774324772162678, 0.9768895303888963, 0.964675047811348, 0.945842834729583, 0.9656139474734171, 0.9627973122258974, 0.9660289193284812, 0.965654536710046, 0.9354028115101781, 0.9334841750698698, 0.935904501564467, 0.9354663101553196, 0.8842101327759498, 0.9545725186491479, 0.9558934747716158, 0.9622805345937024, 0.9609719639390787, 0.9130921023761105, 0.8056528847128617, 0.7506391065846453, 0.8225297449699135, 0.8765423449864668, 0.859438260547244, 0.8674316991953746, 0.8664056109344456, 0.6007567761500384, -0.6249673471971261, 0.9492341911348108, 0.9186837281051149, 0.9216195549992925, 0.9661759342777254, 0.9202671950791987, 0.9576749280909518, 0.9571038249158921, 0.9114767403914773, 0.9601833860014678, 0.9165091445074293, 0.5833878983209, 0.9027289295131803, 0.9437149487744275, 0.14707234646437842, 0.8985537939200142, 0.9259279146235938, 0.797167060142341, 0.9660303997640843, 0.883916730083542, 0.5440740872735021, 0.46383489481655316, 0.87150424641643, 0.8230830114363199, 0.8733100199874084, 0.9753051688762864, 0.9755974263751207, 0.7090705982420779, 0.6611249148419722, 0.7460644569801497, 0.2789632299671339, 0.6841967771516586, 0.7545828494292155, 0.7319580931540316, 0.7130048521530146, 0.7054507958069798, 0.7135373301514449, 0.6904201314739722, -0.505414675009146, -0.581039491894581, 0.6001976738706715, 0.8815088545138579, 0.9274983843561662, 0.9395529374044829, 0.9096250272824624, 0.8056014013017859, 0.8969595238504622, 0.9206916723937371, 0.9201240876673349, 0.8091721900931561], [0.9796107360185012, 0.965656866761643, 0.9532605765504548, 0.9793612153636112, 0.9723964154563552, 0.9660663514175327, 0.9712395673238732, 0.964967935217042, 0.9642530557978871, 1.0, 0.9482182878939106, 0.9653726533324234, 0.9642478304846325, 0.9650934256082321, 0.9646333842233702, 0.9663337320982626, 0.9760518095962696, 0.9698333713458225, 0.9698398705595213, 0.9651478740061266, 0.9652231006570713, 0.9652492707629833, 0.9512841375678505, 0.9722796594154236, 0.9701073048973112, 0.8817306110944837, 0.9687168475686524, 0.9492460429704732, 0.9748795455834566, 0.9685674350628046, 0.9687728528339283, 0.9330533139012671, 0.973686725531728, 0.9732370023250028, 0.9737404064369546, 0.9654551778247531, 0.9565630187465517, 0.9727080071350945, 0.9735375318852988, 0.9781645269562251, 0.9738819801439148, 0.9738983949289772, 0.9555503206933679, 0.8413896208618536, 0.5510489692631854, 0.7802591967004625, 0.8913754997068687, 0.8780357632609587, 0.9017453777009159, 0.8220579487732842, 0.9062729209407561, 0.9145412658376438, 0.9034188990423812, 0.9302219761833942, 0.930071191926247, 0.9438246834498017, 0.9351402427065428, 0.9546637755297426, 0.9479653400085853, 0.9528943586235478, 0.9529014819905823, 0.9127931816557324, 0.9515395010920018, 0.9352330768514903, 0.9349235853607377, 0.8519711171068303, 0.9355006534632253, 0.9438057574552955, 0.9368311574737543, 0.9358008680499463, 0.8869098513533488, 0.813531865390243, 0.7685968089172786, 0.8581785017177752, 0.9120198296890039, 0.8824395040295958, 0.8972552186492952, 0.8965088585225506, 0.7002877473728593, -0.30597861257007086, 0.9528023143149679, 0.9535607134589692, 0.9456614787041139, 0.9457200078290314, 0.9181973542646087, 0.9541047713648246, 0.9539778897040273, 0.9001368452643367, 0.9562694673210367, 0.9057108054513416, 0.6975630718368235, 0.6567868358374127, 0.8608086349557958, 0.15885616740977648, 0.8472070541114446, 0.8861081752759845, 0.8715946374774369, 0.947901887159626, 0.9048207038706033, 0.44736367194464893, 0.48599796476717166, 0.8971777559213253, 0.872255159674131, 0.9033652352198651, 0.9482478128221749, 0.9486025521580468, 0.537229925123813, 0.7006867580925028, 0.6081685635045928, 0.4826652192412457, 0.5715506649370701, 0.6283996019700336, 0.5889405866836149, 0.5653531514990843, 0.8008466586830691, 0.6779320362632167, 0.6424830859468722, -0.27474065275448695, -0.3204901100703184, 0.7437626457250095, 0.9165580510425366, 0.9227029250983465, 0.9092449199598764, 0.9414404497411483, 0.6525047870549442, 0.8396190273733919, 0.9087529836253349, 0.9078761165414094, 0.6910903220138791], [0.9913919322694585, 0.990182799428636, 0.9967319809880708, 0.993046401057693, 0.9974315481817652, 0.9782265407776409, 0.9993878910687438, 0.9996118144308792, 0.9996105434217119, 0.9482182878939106, 1.0, 0.99964460484544, 0.9996199640440273, 0.9996283593358587, 0.9996372116220056, 0.9993635987880478, 0.9984934875014458, 0.9999508498680586, 0.9999515161905516, 0.9996271542460532, 0.9996377865930915, 0.9891530700776956, 0.9534619048664208, 0.9902642963656837, 0.9915051076789022, 0.9863311955339347, 0.9671861464244241, 0.8868043768298206, 0.9882103018185336, 0.9921735900042638, 0.9711660721919237, 0.8913270275440838, 0.999099998067393, 0.999173029266505, 0.9990921783962242, 0.9994346265779028, 0.9993610209571067, 0.9991131753579797, 0.9989665607272425, 0.9970683570653625, 0.9990674797686806, 0.9990648355735461, 0.9887869468912517, 0.9293053208699016, 0.5944796538590265, 0.9314949627577462, 0.9163463125938546, 0.7871325565560299, 0.8645874410271615, 0.8900928394896498, 0.8702724606055412, 0.877270578247339, 0.861358050786475, 0.9502549304323111, 0.9501745128557398, 0.9454615094922019, 0.9481100231508627, 0.9361119129209485, 0.9384597127017742, 0.9411005475295207, 0.9408810137495481, 0.8860442188002124, 0.8976996388454292, 0.8514290398193339, 0.851192945300816, 0.71777702751103, 0.9412542904713942, 0.9449732673787025, 0.9452461963324116, 0.944529746280028, 0.8882694418133463, 0.5602753595223142, 0.49403122183678133, 0.6614770497203196, 0.772663554980948, 0.6920189905100997, 0.7353224298756664, 0.7343336411528721, 0.48142368445367045, -0.39911677888461655, 0.9113732342325904, 0.9229302279361318, 0.9110036995166801, 0.9471553474636425, 0.8856691745417544, 0.918096359615891, 0.9166753222381352, 0.838923663710046, 0.9230564000492392, 0.84768571479135, 0.4574998512027332, 0.8983593571718261, 0.8962028129853391, -0.1567355064377655, 0.6460765745960689, 0.7423466662188383, 0.6322464495898292, 0.9675854743162349, 0.6507483671320994, -0.1408010283826789, 0.008714196299296902, 0.6225418402352325, 0.6277015696742249, 0.6700752740839122, 0.9689720262432936, 0.969026090420217, -0.04704457513744544, 0.17391472273910516, 0.023731990273793864, 0.0024099713303384557, 0.02882321119936886, 0.04793119787360496, 0.015364468634933992, -0.030585264591713256, 0.35632248224754753, 0.09595237224155305, 0.045347162149653314, -0.5291157627161802, -0.5579540681932785, 0.6003557440966479, 0.7332114931533201, 0.7562799148928993, 0.8223118170979385, 0.8195842136251781, 0.5013995667801633, 0.7172776416182903, 0.7542885784111724, 0.7529713251264317, 0.4002308655246105], [0.9951872990077065, 0.98779090816781, 0.9908647240327816, 0.995726046348584, 0.9982379785108958, 0.9890073946531244, 0.9980510872511102, 0.9999968449093078, 0.9999811704690744, 0.9653726533324234, 0.99964460484544, 1.0, 0.9996360444367037, 0.9999976225128638, 0.9999840459763707, 0.9969713980418299, 0.9990431980938399, 0.9998937505362103, 0.9998936193469792, 0.9999624173792244, 0.9999948228955533, 0.9908114581694927, 0.974433577601722, 0.992082397907179, 0.9926430223657313, 0.9814385738436557, 0.9727140698932407, 0.9384436718668585, 0.9897176310480943, 0.9945267772601865, 0.9917287078763874, 0.9674380631752588, 0.9994642855176867, 0.9995178310999006, 0.9996475751795846, 0.9996722189462562, 0.9987634261423781, 0.9994248866361052, 0.9991296260368149, 0.9983469164671145, 0.999535995845317, 0.9993951302725862, 0.9844713395286785, 0.9354315510288416, 0.7305240559430274, 0.9361364299507545, 0.9168250437937014, 0.78317404727145, 0.9595945088760334, 0.9355626745440978, 0.9601927589299633, 0.9532080862725681, 0.9485624453378457, 0.9804159854406045, 0.9769150365523447, 0.9318329969956838, 0.9456837840116609, 0.9588913824449918, 0.9629638031667114, 0.9613508783261521, 0.936241090607445, 0.8721255174676045, 0.9346569493582807, 0.9454679736469248, 0.9242221388581191, 0.8542589699247886, 0.9543920956069859, 0.9183076804229402, 0.9534397812502415, 0.9323358090563288, 0.7003108830383661, 0.8070040153536164, 0.7445593834655718, 0.8239494147361327, 0.8555911670304774, 0.8618672094503204, 0.8439241902637232, 0.8531739994056277, 0.21499149398810646, -0.5607731183892921, 0.949654586598335, 0.9192195682174986, 0.9219916377818808, 0.9381220480161814, 0.9284782901325379, 0.9585440744962392, 0.9586181804791543, 0.9110612989066849, 0.9515949664848025, 0.7941692229752874, 0.5856349245126552, 0.9022077470782319, 0.9280174821412698, 0.20522959079472589, 0.9137159945705694, 0.9366014323346626, 0.7984111052795964, 0.9672966644602775, 0.8357337315137863, 0.6372166576142324, 0.5227219442690527, 0.8450717534907362, 0.8331971731391326, 0.832718463824168, 0.9753159611660427, 0.9755823696570775, 0.711857532786736, 0.664751823604071, 0.786671121207676, 0.2822861407189716, 0.7606964718845176, 0.7899666592169237, 0.7869090025361204, 0.7850884771468196, 0.7087240586408124, 0.7173555169125697, 0.6943202197086406, -0.2626957878906337, -0.40648514231639726, 0.601178379513035, 0.8831334427513463, 0.9293741245630046, 0.9389785938654801, 0.9110708464232385, 0.811427015659302, 0.9092978845634839, 0.9315552770108894, 0.9311827174484903, 0.7540197264706258], [0.9943695680389876, 0.9875841909008424, 0.992818979827053, 0.9951214735624647, 0.9979852299085581, 0.9900463077101025, 0.9990477089224266, 0.9996499222134064, 0.999828039871016, 0.9642478304846325, 0.9996199640440273, 0.9996360444367037, 1.0, 0.9996726423761444, 0.9996568396536849, 0.9990662404524969, 0.9984157452932704, 0.9994481645857471, 0.9994416281559182, 0.9996514104876031, 0.9996264391376682, 0.9927573353684024, 0.9760417978272815, 0.9955053894254196, 0.9953976487259409, 0.9812448889239218, 0.9755479586538536, 0.9410145496914333, 0.9889108569757891, 0.9925681106103449, 0.9907947632070397, 0.9650139086924795, 0.9987461077119416, 0.9990496670214153, 0.9992374805719281, 0.9999225159619318, 0.9987041406819406, 0.9990038527552332, 0.9985604263445692, 0.9975800941703525, 0.998736239860246, 0.9986607029681959, 0.9883977624553768, 0.9354103592659413, 0.7266406773982803, 0.9362889189951675, 0.9167384540883157, 0.7824340927601822, 0.955707702010048, 0.9284596248868608, 0.9565757852160348, 0.9498277005204316, 0.9446413050861399, 0.9768794730467925, 0.9748438424537689, 0.9559456395510642, 0.9453057163451496, 0.9591188550659849, 0.9620151039464715, 0.9611002147212873, 0.9603964528277031, 0.8761997814049021, 0.9313747776009582, 0.9437177375864612, 0.9434423327634398, 0.852134120374518, 0.9545789589784979, 0.9306348181039593, 0.9553239978133615, 0.9538625506895961, 0.7044466337020608, 0.8036750451323219, 0.7674544095569481, 0.8212841716770034, 0.8570440575216696, 0.8607880617916127, 0.851874028961967, 0.852142106096471, 0.19862121374281308, -0.5554222917379886, 0.9485282998409477, 0.9188522758240674, 0.9207341527623139, 0.9589868163900127, 0.9283241284040944, 0.9571153934815788, 0.95714403613791, 0.9104522057528383, 0.9518903745081326, 0.8010250560238065, 0.5861279911907818, 0.9028283242850893, 0.9284300349573307, 0.20097182843887065, 0.9114644023517214, 0.9347239670104374, 0.7994827987249017, 0.970087253993583, 0.829245940399827, 0.6292685589284502, 0.5178707671466747, 0.8361765700644386, 0.8278570698685107, 0.8243917831539708, 0.9773393428028072, 0.977560505147108, 0.7024883046385073, 0.6590832578131349, 0.7651537410742617, 0.28196907109482544, 0.750575627129205, 0.7785274950595552, 0.7551267202558772, 0.7739252088273205, 0.7062589127418794, 0.7067901713074997, 0.6840197039982203, -0.2696325857196904, -0.41179534754720615, 0.6007142696380167, 0.8809114231355829, 0.9309381348533697, 0.934510675122399, 0.9102697173219684, 0.8034632211776275, 0.9028405812795999, 0.9245539769490781, 0.9248238094240633, 0.7483169398707334], [0.9950930356173306, 0.9876384908164567, 0.9910241074776867, 0.9956476949749544, 0.998220064658086, 0.9891008578239808, 0.9989741917391927, 0.9999977468621428, 0.9999896667835712, 0.9650934256082321, 0.9996283593358587, 0.9999976225128638, 0.9996726423761444, 1.0, 0.9999882503287858, 0.998574357169031, 0.9989929263334958, 0.9998855564009133, 0.9998849772369265, 0.9999566129554078, 0.9999921104239243, 0.9909314450322952, 0.974600163360473, 0.9939709647558527, 0.9938316075295365, 0.9813399468107331, 0.9729123196234748, 0.9385924320326028, 0.9922048290957268, 0.9948582427584579, 0.9916036397992688, 0.9671956658495637, 0.9994393671126018, 0.9994789678589726, 0.9996241254009665, 0.9996893074636497, 0.9987116324395351, 0.9993899381821963, 0.9991601926750712, 0.9982792866258309, 0.9995072065275957, 0.9993702633095607, 0.9846296445139073, 0.9352662544505023, 0.7299392550099616, 0.9362463491374109, 0.9167575399290646, 0.7825388572574297, 0.9594044065757596, 0.9353366799267057, 0.9600357528155309, 0.952819973580738, 0.9481329060506961, 0.9802389702798497, 0.9767040047715526, 0.9318500648109662, 0.9455473052200295, 0.9587375567704095, 0.9628269179157983, 0.9611890091522308, 0.935632094394337, 0.8720824228817747, 0.934136020000166, 0.9450866501696407, 0.9240281878107234, 0.853879371850127, 0.9544073154020019, 0.9184594383655035, 0.9534082356633498, 0.9323897485937562, 0.7004912585878073, 0.8063708089286467, 0.7442851773147622, 0.8233678768297076, 0.8553640441241441, 0.8614915771538744, 0.8436374759608243, 0.8528771129578683, 0.21493007100943884, -0.5606523145927436, 0.949427452259546, 0.9189207072236755, 0.9217558218146398, 0.9357169098934318, 0.9284180779265051, 0.9583338000370115, 0.9584046506162095, 0.9109169259193928, 0.951416135099584, 0.7941156354644981, 0.5854088571790612, 0.9027713743792778, 0.9284029582981269, 0.2046469519782649, 0.9134898550494392, 0.936414559098385, 0.7981125349113445, 0.967487534617113, 0.8353817383163645, 0.6361369660349665, 0.5218083312070468, 0.8446777894971496, 0.8328461922197986, 0.832373021761922, 0.9754559340789594, 0.9757184492390905, 0.7107307101662149, 0.6636806537976746, 0.7861312527969198, 0.28167902477552226, 0.7600167148299016, 0.7892506235889167, 0.7865625145177737, 0.7843167028270995, 0.7081733066915881, 0.7160374231704814, 0.693006667583982, -0.26355485365847814, -0.40724317895538364, 0.6008895228150655, 0.8825538293440046, 0.9291503424150016, 0.9385788420158909, 0.9106949365787432, 0.8106980320671175, 0.9090289132059076, 0.9311206832224613, 0.9308812181723932, 0.7534992268414398], [0.995236507309125, 0.9877455373404089, 0.9909290665947733, 0.9957680606692763, 0.9982870415323006, 0.9892010172645616, 0.9987375945950862, 0.9999810597392856, 0.9999967640805572, 0.9646333842233702, 0.9996372116220056, 0.9999840459763707, 0.9996568396536849, 0.9999882503287858, 1.0, 0.9985726371711647, 0.9990226944908938, 0.9998818964087381, 0.9998819289077416, 0.9999560086423357, 0.9999768603910312, 0.9908346608855126, 0.9745894735710878, 0.9923842110566845, 0.9924344063344671, 0.9814384096776748, 0.9726150629601429, 0.9385153099191194, 0.9922509732279012, 0.994445971646298, 0.9914511776207902, 0.9670909029279715, 0.9994814432809465, 0.9994657172767624, 0.9996147367722229, 0.9996794769320635, 0.9987340247573672, 0.999396866556176, 0.9991924921149696, 0.998329504299001, 0.9995405211055203, 0.9994179094889708, 0.9843970363641497, 0.9352515957487517, 0.7306884295764483, 0.9361813753118248, 0.917025750994068, 0.7828535924896708, 0.9600272722851163, 0.9364623393035979, 0.9607235790379155, 0.953063476189919, 0.9483836634382569, 0.9807440250055295, 0.9769003429305467, 0.9326740556659213, 0.9460243893921082, 0.9591488018249388, 0.9629903235481893, 0.961609245309169, 0.9370280366133944, 0.8722295298623232, 0.9336729252031117, 0.9454047841193142, 0.92479867951083, 0.8537589347787631, 0.9548195977998399, 0.9191188297977748, 0.953957412167013, 0.9333445652058024, 0.7002053285434668, 0.805973982848876, 0.7453541495647767, 0.8228357810451135, 0.8553491128052515, 0.8609565004016583, 0.8441575313608748, 0.8532929569028062, 0.21443078330145351, -0.5601495906882195, 0.9494503787485554, 0.9191519135324633, 0.9219936325448586, 0.9389708859766714, 0.9290213344682408, 0.9584763703450331, 0.958608284845538, 0.9112544108022091, 0.9517826938644366, 0.7940196422663531, 0.5840740918463715, 0.902274726940313, 0.92805218464557, 0.2033819050732934, 0.9130003722680636, 0.9358925424425657, 0.7971994658025658, 0.9670835948196026, 0.8363819277601307, 0.6358706972689903, 0.5209185344880363, 0.8452142375458876, 0.8332767140580949, 0.8331308005910558, 0.9752111743747812, 0.9755034863682864, 0.7094095969311154, 0.6614981719935725, 0.7872554703614927, 0.28001090921078076, 0.7602949961832008, 0.789667274608804, 0.787821406317303, 0.7845618630340708, 0.7063512488246058, 0.7137372954678471, 0.6906716396624741, -0.2627143100802199, -0.4064786285065781, 0.6004222095983628, 0.8817083249191681, 0.9297548086136115, 0.9390861292983353, 0.9099390789809095, 0.8108606965114733, 0.9100686470188063, 0.9317224735276275, 0.9316061444336076, 0.7533879622786279], [0.9964136897842695, 0.9929570239065486, 0.9914890943573194, 0.9969467147188963, 0.9985456881355835, 0.9920191579759375, 0.9980729812154959, 0.9963124244666486, 0.9989517515958686, 0.9663337320982626, 0.9993635987880478, 0.9969713980418299, 0.9990662404524969, 0.998574357169031, 0.9985726371711647, 1.0, 0.9986111815570181, 0.9989431543346884, 0.998940938134104, 0.9987668433842043, 0.9984633581469952, 0.9922272544262251, 0.9772854332412095, 0.9830345364694605, 0.9896044849342162, 0.9877809224285602, 0.9745954294829917, 0.9460960703611043, 0.9933489679580004, 0.9932544166207617, 0.9905203092679049, 0.9673795548949238, 0.9987833637893975, 0.9987365857814319, 0.9989645055229696, 0.9985910749370862, 0.999359579808074, 0.9988701450156565, 0.9989072097772925, 0.9981071242537091, 0.9986600821128478, 0.9987342409589054, 0.9832128554867222, 0.9284464308646532, 0.7367926134365942, 0.9290344294695437, 0.9197660854402875, 0.8010259715471642, 0.9635049618962226, 0.9406748830448804, 0.9647945989138575, 0.9533026063858513, 0.9472881356095039, 0.9814183676692411, 0.9765314614397989, 0.9455001000023692, 0.9554700699686988, 0.9661240787764315, 0.9674829107635639, 0.9677078933453814, 0.9487752120808152, 0.884233865957692, 0.9375987383607518, 0.9504097351597962, 0.9359133312399253, 0.8647925868684112, 0.9611374477137123, 0.9328534374611117, 0.9616085309780356, 0.9461740032357526, 0.7180880486540273, 0.8137904067401879, 0.7632164729277918, 0.8319051916029946, 0.868012674220655, 0.8681661539