var element=document.getElementById("correlationAdjClose");if(element.style.display!='none'){var correlationAdjClose={"data":[{"type":"heatmap","z":[[1.0,0.9999924676366524,0.9852602677149616,0.9999258748065853,0.9990095905482541,0.986816471894188,0.9977265206791629,0.995716645581165,0.9691327671336925,0.9960313200574724,0.9806855992183144,0.9932732862502034,0.9958472483735542,0.9951298201135839,0.995766096270793,0.9974488239800364,0.9974340728976134,0.9982533766814751,0.9964144344796848,0.9964256920794827,0.9964802522115487,0.9957994430005932,0.9862666934019962,0.9706935109785111,0.9889854647102934,0.9558685060132163,0.9879140502174072,0.9850221366522376,0.9660635168325609,0.9486604115700925,0.993371290548378,0.9942642167703006,0.9921266335752464,0.9765089232170958,0.9976372886701219,0.9978985805825552,0.9973602545547556,0.9959064441008207,0.9955832125927265,0.9977943652099407,0.9987207679484249,0.9987501941965784,0.9975866867326129,0.9975967355472104,0.9767241746195505,0.915928009851535,0.7437806363770859,0.9138010324079159,0.91533272352421,0.8495558852702738,0.9646959433129695,0.9463898446969583,0.9662197315330681,0.9651444038696166,0.9565782588417249,0.9852408757024461,0.9821157930959057,0.9902983084655191,0.994559755846515,0.9855766987507951,0.9802165389238808,0.987261357725244,0.9850211720552091,0.9878495922907066,0.987636978026901,0.9649692418236763,0.9713628172216037,0.9736614315324692,0.9733338298097213,0.9495263980485631,0.9782670288305322,0.9759701687403092,0.9836728235766603,0.9828836647834631,0.9396535042041064,0.8735227106432126,0.8411298798086282,0.8919462031418414,0.9138742429013835,0.910110013038328,0.9117978532422373,0.9104019785410978,0.660783760727361,-0.5680183880601956,0.9791582981801151,0.9728645789555872,0.9692160584792944,0.9863594157432013,0.9730007262184754,0.9833548453627428,0.9833106853007009,0.9483024253787127,0.9834823352875894,0.9518624797986409,0.685956659226597,0.8878766856106187,0.9216868401804189,0.7754366322552758,0.9283026015691241,0.9464891883065677,0.8281904600086178,0.9616709486514335,0.8960477481289534,0.6236244748614674,0.7144435192103723,0.8923538522899764,0.8675088692563385,0.8896757367297778,0.9716310510435595,0.971820143473393,0.7427655988623919,0.7191326317325683,0.8248067617939382,0.3711848236538892,0.7977014047009678,0.8291443064456977,0.8160608137777507,0.8145487991605236,0.763874157291332,0.745776316076649,0.7270565296680626,-0.25590648179926295,-0.3939634352206592,0.652178314759979,0.8969645052654692,0.9405634442422376,0.9460076401002105,0.9152559210374095,0.827772878107536,0.9129770376709846,0.9338716155336887,0.9337331634092862,0.8682983119791642,-0.18876982836175446],[0.9999924676366524,1.0,0.985766704298484,0.9998055251060052,0.9979371801058196,0.9902282188032853,0.9938709630832289,0.9903256272082968,0.9822292737507744,0.9903518857748246,0.9722490425977159,0.9924233062129532,0.9905195361782683,0.990376965353988,0.9904210835446233,0.9930208970195582,0.9960887890774135,0.9956774485961568,0.993267828823934,0.993268631604538,0.9904160179770889,0.9904688584593473,0.9899814275042225,0.968283383782514,0.9865198920459484,0.9792535952507279,0.9863349307688415,0.9848998836922536,0.9770583004797867,0.9232444523772453,0.9878898528736093,0.9849384675083772,0.9780511464654177,0.923526693960717,0.9952195964397655,0.9950801780083602,0.9953428375705141,0.9911966863983147,0.9948752250914434,0.9953449812036036,0.9968282409549645,0.9969133180460724,0.995321718476192,0.9953300489280412,0.9881370506413025,0.9156675807144626,0.5848409117722556,0.9135158418995513,0.9153652965242957,0.849682025761305,0.8725294066113771,0.9168529464580754,0.8758306334189868,0.901026981700738,0.8717957731300667,0.9546849630016544,0.9546213470589634,0.9634461423261481,0.9831608772157411,0.9784307861239816,0.9815481183814438,0.9765310068262254,0.9762967004443063,0.9787999810804665,0.97871867077124,0.9445119112371055,0.9534904580250603,0.9256140305398098,0.9255180693443911,0.8407042350535043,0.9743484758487444,0.9762857715725755,0.9765033126101583,0.9760122314269906,0.9424068182232548,0.7062820559570936,0.6536992799431773,0.7874181919348479,0.868309363727883,0.8086247254572543,0.8394404325927821,0.8379015433163503,0.6545834259984243,-0.25925642547431543,0.9638375134065541,0.9693986419141634,0.9636000224256641,0.9791703657708534,0.9613233747471359,0.967691260938093,0.9669186266580339,0.9181873309011704,0.9701532318884137,0.9227635148679174,0.547790048822127,0.8871090527845539,0.8842414249863162,0.37425510728500766,0.7125027091248044,0.7896188779484004,0.6747540573857478,0.962150895400244,0.6813565157106192,-0.2662929539703419,0.17314130422286456,0.6514400488368977,0.6561466721716777,0.7020168095266813,0.9637222689042945,0.9636226909817516,-0.023717455912364318,0.22042524783348708,0.057950079053550214,0.024039050910013154,0.05240279177817308,0.06849861454290779,0.03602558103739276,-0.010700993198980595,0.42518975999103004,0.1571317405344677,0.10648952738177946,-0.4445166961116731,-0.4844083175448601,0.6523855273259594,0.7499967496175023,0.7742529453192252,0.8322589850725708,0.8250311595546524,0.553579641450786,0.7398687857572251,0.7691018359341244,0.7678252752048995,0.41797246900089197,0.1856142480456852],[0.9852602677149616,0.985766704298484,1.0,0.9866624059659695,0.9932029751776724,0.9906813941740912,0.9905472142246425,0.991078797597237,0.9899996956653516,0.9942642750650521,0.9579735181402391,0.9970821771549151,0.9909632393385094,0.9928856021906919,0.9911373124668686,0.990512996893653,0.9912728807935702,0.9905770168348975,0.9897448627975975,0.9897131700189579,0.9927958008695307,0.9910084011973949,0.9942294141163676,0.9814927865921017,0.9911603069702868,0.9790804417008185,0.9916356624485734,0.9842339423805813,0.9841538974964475,0.9537288346338837,0.9715137061696704,0.9754198258183244,0.9780126093145554,0.9526445757726169,0.9878602296922044,0.9909881433512311,0.989309763306408,0.9928975650954759,0.9951107620620758,0.9921131818277963,0.9855835299917931,0.9882424777529005,0.9881588093725174,0.9875366303858257,0.9912310202708658,0.9146816153265026,0.6844450746409553,0.9344008377922353,0.9098306492528936,0.7715328256388424,0.9244450903140009,0.9017141065991491,0.9268340952627773,0.9256090670831271,0.9134409604902294,0.9518402521518834,0.9597253911721841,0.9672489058254908,0.979653336968831,0.9351938685948368,0.9564833339837623,0.9583665010780806,0.9648801860458592,0.9587720784674815,0.9330622716579537,0.9094098067150649,0.936087780227889,0.9290933527552756,0.9113522600934937,0.8770078918463298,0.9649682702803045,0.943003110681761,0.9587876624659433,0.9374861311066139,0.7977521033967072,0.8206476059060358,0.7458714916745406,0.8416333365915191,0.8784817688961545,0.8780118335124651,0.847117058870044,0.8612492502942808,0.3449949179890608,-0.5641281772442184,0.9530468650797187,0.9334545251118593,0.9349418708811446,0.9354578561564758,0.9473389839940287,0.9568050395537778,0.956389874240326,0.9226931321215878,0.9525149318192115,0.8568610570877014,0.6622094754108229,0.9436363263776254,0.9429860174198061,0.7422811128947914,0.9121658669542795,0.93207166696896,0.8143867242414665,0.9796661305357612,0.777972274548128,0.5298368386988852,0.6555980298609141,0.7870995933671985,0.7938660478285704,0.775922477964525,0.982844479520426,0.9828790648706609,0.6650228124844991,0.6588205893712763,0.7124115089053742,0.30851173037485596,0.6949683631993503,0.7121961338704462,0.7223555428315241,0.7092289952078753,0.7213486273385309,0.6757728905779032,0.6554212321162891,-0.3245122124094842,-0.462277668391713,0.6144328538244844,0.8580823839894587,0.8897960813636204,0.8928213394061418,0.8885649310669412,0.7590792872215786,0.8645960990652823,0.8785726999016666,0.8870257619758023,0.7379453857807807,-0.1102807343098309],[0.9999258748065853,0.9998055251060052,0.9866624059659695,1.0,0.9992901238933295,0.9878445119978845,0.9980262874567587,0.9962015663813307,0.9713956798815578,0.9965863237885398,0.980326662280318,0.9944567346404051,0.9963141912808756,0.9958003415207195,0.9962497804953708,0.9977665362855804,0.9978199680894435,0.9985647027135253,0.996838692563469,0.9968474649206633,0.9969507940357332,0.9962704823003823,0.9875215499324556,0.9720474822122668,0.990025734721824,0.9585136686119073,0.9890635629166823,0.9869620803356789,0.9681223791481913,0.9498673278380649,0.9927797205178258,0.9938615185557761,0.9921815376469026,0.9761435705439389,0.9977689210851368,0.9981587025947204,0.9976404762434478,0.9964329027316835,0.9962224500428877,0.9980933149639141,0.9986456857363677,0.9988712587824611,0.9977110915131489,0.9977181451254252,0.9785517343011578,0.9118338992737055,0.7375012699719352,0.9145724270196007,0.9135559260924725,0.8402314577603092,0.961766941738033,0.9430089436305132,0.9631873261262707,0.962538695313204,0.9537266780879141,0.9831673711252001,0.9806019859761402,0.9894734450976517,0.9944706000055046,0.9839769605507788,0.9788223987249629,0.9858405433534974,0.9842937978013911,0.9863488737289543,0.9861300827978328,0.9530782187917758,0.9699107272466924,0.9720292018949345,0.9717010235569767,0.9435075210257563,0.9777055463159561,0.9727297911326779,0.9820651915690021,0.9812368000881483,0.9154272738297928,0.8716510044637418,0.8367140240887557,0.889834666095001,0.9106408922739109,0.9093858715023487,0.9090301165647837,0.9076888008509234,0.5611856972094138,-0.5678678780502152,0.9781213844740924,0.9711573869201566,0.9673954266486474,0.9847632539128413,0.9720272845544561,0.9824124764962519,0.9823642408471318,0.9474949340783363,0.9818571511229207,0.9338851721014553,0.6909690937395478,0.8948028877321691,0.9260007207420139,0.7770308033144018,0.9299674048966993,0.947899850639759,0.8284900310480817,0.9630718041592772,0.889901049886826,0.6201500063753864,0.7126629156923261,0.88725584745561,0.8639048560744458,0.8842539813651755,0.9726234772794573,0.9728200957818126,0.7417490952946244,0.7193683321289014,0.8168686179419723,0.37316598884270474,0.7919979712845071,0.8209234788871479,0.8079038667796381,0.8092064520861908,0.7664861873991728,0.7457486260063511,0.7271003868303509,-0.2512820605607283,-0.39321743447336627,0.6510906432720538,0.8950727047467616,0.9387283533944377,0.9442217072293073,0.9140936769160216,0.8249609301537243,0.9109719756178402,0.9316264295993112,0.9316426192664689,0.8607964172990513,-0.18155615483316395],[0.9990095905482541,0.9979371801058196,0.9932029751776724,0.9992901238933295,1.0,0.9907786831795827,0.999071811711062,0.9984144274199048,0.9843863422926189,0.9984753030043604,0.9747043679559177,0.9979273485694349,0.9984520368960812,0.9982911614413298,0.9984477404922539,0.9990007806133481,0.9982696881529487,0.9992524605241567,0.9988052897636659,0.9988047446683659,0.9985194109624659,0.9984403085835549,0.9940024330389755,0.9797428303990456,0.9943676808752829,0.9767665714144854,0.9943209554539724,0.9901545374571494,0.9817465364031861,0.953475869394534,0.9893661582249735,0.992001859149799,0.9897620677637833,0.9677224268487337,0.9989437630557868,0.9989857690383199,0.9989925166032398,0.9985427596992537,0.9986187726212146,0.9990941762013179,0.9989536165006133,0.9991661096808923,0.9989350060059691,0.9989343849525643,0.9886968241284844,0.9215184801134699,0.7135303582248272,0.9275813854983098,0.9175973486573382,0.8245976390517471,0.9463912317527575,0.9337434053631111,0.9504870435061435,0.9546200609642312,0.945203769928326,0.9796614116567898,0.979598512045218,0.988986949059132,0.9944353956002373,0.9803263695826123,0.9731041442234993,0.9811818818035826,0.9802286384050117,0.9815191303809905,0.9812562845513335,0.9545309830875756,0.9605221034834563,0.9552993796685174,0.954873270987195,0.9138394061548689,0.9748780639313195,0.9713634069950484,0.9777016371725643,0.9768042811842125,0.9360220902193116,0.8489090580688248,0.8071899898189734,0.8732809077033384,0.914314580833719,0.8967231763115203,0.9047937731273332,0.9035523366958248,0.7158922129642716,-0.5870685934540152,0.9714275238134159,0.9602139804269113,0.9574828345331982,0.9813560090918756,0.9617839989216981,0.9753877003771363,0.9749517667949087,0.9379531696174231,0.9772167236361273,0.9415055564885992,0.6781976206288753,0.9128497982295765,0.9469761936159258,0.7328254681903927,0.9104853606207491,0.9337728576246608,0.8225791790281481,0.9686347124654989,0.8835620929617173,0.4633838970759642,0.6483714515402575,0.8718288600642181,0.8320833382415905,0.8745551965075388,0.9765170504410231,0.976667309324049,0.69728086949369,0.7010246525362541,0.7402287429525641,0.3492376583131195,0.683391078014893,0.7457755561358101,0.722777557021433,0.702322906863621,0.7514245733392255,0.7291205264354393,0.7095481623396513,-0.4666427803004405,-0.5459287240050745,0.642454328927054,0.8882773789116998,0.9235487712461554,0.9366696737653913,0.9107796013790247,0.8030949293312464,0.8954530957372757,0.9168632240681825,0.916418806255388,0.7957441902372817,0.029563845712364725],[0.986816471894188,0.9902282188032853,0.9906813941740912,0.9878445119978845,0.9907786831795827,1.0,0.9866548309477371,0.9871150548816013,0.9912241755582808,0.9867842831352802,0.9619352056968702,0.9795575255097231,0.9870241698994132,0.9883871710998545,0.9871795217956837,0.9869045048665479,0.9901675209929935,0.9881657915708895,0.9879421705772327,0.9879384326243261,0.9859777295723748,0.987104771076369,0.9959300945860908,0.9923424985335804,0.98759469440003,0.9844496443264419,0.9876267433080033,0.973561264777379,0.9864995846724035,0.9703720608468135,0.9677154366420319,0.9726340456521836,0.9812807536893654,0.9689558769679075,0.9864989262293076,0.9867507087433395,0.9875834379839327,0.9878993804557875,0.9812430275481628,0.9876419031670719,0.985680964173954,0.9872042861034859,0.9866244789944457,0.9866314039646746,0.9953413100318135,0.8718478831622855,0.7087237774034177,0.8929772340456548,0.9086105500196312,0.8369754405646941,0.9255156779245833,0.9103873091464962,0.9277140351076784,0.9382321702673513,0.9233291953470022,0.9571037556424113,0.9619383502460116,0.9654647445701614,0.9760263164056577,0.9691514420965224,0.9833353618326149,0.970358094630018,0.9824612181872222,0.9700528199642815,0.9694960148780677,0.9719616755740741,0.9639545750444648,0.9445527076995567,0.944080780866353,0.937060267166791,0.9803798109878351,0.9727929020512794,0.9704720021150366,0.9689729748309526,0.956105502315867,0.8709105467773831,0.8235650976753424,0.89078375473431,0.905541197204247,0.9139462775485792,0.8958264868614255,0.8936463910006887,0.6851493411911174,-0.5256968785192122,0.9773811609627457,0.976359956117118,0.9724397311691477,0.9701826239291415,0.968645487206068,0.9768239267750066,0.9764407525762729,0.9614985337799817,0.9661675016177131,0.9605477303077091,0.6959220716420814,0.8645579115729516,0.9453210128806246,0.7796462721217918,0.92126419845221,0.9368260181256436,0.8216429434553117,0.9584041172163343,0.8422224179094587,0.5583778437152255,0.6831487152094798,0.8402378118063571,0.8214271901097637,0.8387287878798043,0.959913128331776,0.959980730977074,0.7012739183329691,0.6971933054034939,0.7571259904235401,0.37396138597409284,0.7413921725621471,0.7628095553940752,0.7493612616344709,0.7516238970775011,0.7511365867310345,0.7124146742786145,0.6960679927169984,-0.28035768969341546,-0.40973626908559796,0.6695539304559335,0.8732901493820838,0.8910181681892766,0.9010731782878681,0.8868023930017481,0.7930773442470325,0.8611837882944336,0.8825990234700648,0.8827108005883554,0.8257970076717155,-0.15159918729535504],[0.9977265206791629,0.9938709630832289,0.9905472142246425,0.9980262874567587,0.999071811711062,0.9866548309477371,1.0,0.9973203435466675,0.9583465251702279,0.9995633161014397,0.9746746471803361,0.9994984458964974,0.9982634977998267,0.9991102361456942,0.9990960467502827,0.9998783969344618,0.9952776229044287,0.9999014603253233,0.9993111172940704,0.9993162174110223,0.9996793862752501,0.9992818500996715,0.990577395492076,0.9750575612393402,0.9848947865114849,0.925834344847005,0.9929901781852812,0.9896152341966664,0.972975890882084,0.9478678489948293,0.9918344903721612,0.991733981783057,0.9933850517239114,0.9735189072581638,0.9989116395105546,0.9998343340058176,0.9996817131942689,0.9994337908370136,0.9997082062585412,0.9998637043664265,0.9983474832192053,0.9997032062568768,0.9993267694650925,0.9989608767278345,0.9820681275081,0.9288005065755438,0.7298197140408106,0.939183376692657,0.9272477873531542,0.8182852969922957,0.9575360280819044,0.9425045111844818,0.9597124586283469,0.9589734939661859,0.9511019761339364,0.9816696375402278,0.9804037721396334,0.9912941254342232,0.9964634911012865,0.9448471369597022,0.9601583335243276,0.9714753767775369,0.9719428638679999,0.9731594073985148,0.9448976710366213,0.8991212525426342,0.9512251629948719,0.9584537542073265,0.9358270622526541,0.8872581491981004,0.9646245803124501,0.935896451747611,0.9655789602485813,0.9452122356476816,0.7604326932753784,0.8432346478852127,0.7679280320064217,0.8604136197778295,0.8829143419038357,0.8872794893442948,0.8659285429564352,0.8782672508746067,0.2980045443277321,-0.6018339221216723,0.9622521778078422,0.9450091650018442,0.9439309706128848,0.946781859976363,0.95849140987431,0.9692632492198759,0.9693053304173952,0.9279802215890846,0.9656358087811617,0.8379818448753615,0.6724149902701383,0.9133357148746747,0.9257977864989098,0.7657631893178228,0.9270943611911641,0.9462311834169936,0.8231194920992073,0.9679918828726923,0.8316983709894713,0.6100878729742114,0.7036650154858602,0.8451361941881034,0.8432531984269914,0.8312523344970949,0.9766102398727972,0.976820484208696,0.7291605302865777,0.6979940613258723,0.7822160151298124,0.34413677379157775,0.7695949517688514,0.7924343283319757,0.7813473277332805,0.7892535614776575,0.7477469308023893,0.7344073191683439,0.7139810643724626,-0.2682231027084075,-0.4174524805451518,0.6603193756272427,0.8909007108372317,0.9272569971939605,0.9430160195895343,0.9151672015576218,0.8240957661099713,0.9114297353965376,0.9327010848380438,0.932163664616876,0.7757193680474657,-0.14549831381941977],[0.995716645581165,0.9903256272082968,0.991078797597237,0.9962015663813307,0.9984144274199048,0.9871150548816013,0.9973203435466675,1.0,0.9695436526114578,0.9999852013746224,0.9693095167069224,0.9996974527771131,0.9999969707940211,0.9996799109194212,0.999998024588508,0.999215910303735,0.9889919336376273,0.9993755858808577,0.9998974636659294,0.9998970203279747,0.9999602679765591,0.9999948799507368,0.9909428288531815,0.976324574828716,0.9922530043895881,0.9400532697317728,0.9934936932272719,0.987281136371551,0.9751853511013572,0.9469037279928062,0.9881062396447657,0.9939559514716418,0.9920556613909426,0.9703226257867311,0.9994450606913348,0.9995241678847397,0.9996400105687987,0.9997115198849137,0.9989612373888928,0.9994602449653878,0.998019184329032,0.9986711160685807,0.9995147092921128,0.999381417718772,0.983623769677047,0.928755354622388,0.7169675669497477,0.9441343855229543,0.9250756454094895,0.7991862194790187,0.9558763959852749,0.9377101165159468,0.9576579245507203,0.9527807032413992,0.9447325944361189,0.9796515886475106,0.9772706007563478,0.9902581670203974,0.997159284153189,0.9394791115352621,0.955157721294344,0.9643228928518325,0.9684059136401356,0.9664449071135252,0.9430304264493427,0.8898595932550762,0.9458041107336375,0.951046740844085,0.9300275217430437,0.873418643719266,0.9614752342313635,0.9290738206102502,0.9595559157323408,0.9402169791779661,0.7457458119170773,0.8340911278744277,0.7631276450533073,0.8512948563649705,0.8748252536919676,0.88191990034948,0.8610759713588415,0.8707322469234478,0.2786680451917719,-0.6069935615467741,0.9574238020760232,0.9368932644002682,0.9367654166533211,0.9446736792015421,0.9530950702124857,0.9645283600371767,0.964562251330346,0.9219636712074283,0.9580108414056432,0.8248556098569539,0.6683270759083525,0.9304994695130723,0.9375193918376423,0.7611101625980986,0.9266088244204085,0.9459708259129623,0.820550479693867,0.9723865048390584,0.8351086389672069,0.5957198389196569,0.694471467822595,0.8461470827557771,0.8401498819511447,0.8343175998776537,0.9793784626137939,0.9795932302614835,0.7193253689234097,0.6895427254455371,0.7838879911152519,0.33025227710246446,0.7643657381319829,0.787965396814829,0.7823343527994495,0.7836442287867574,0.7408607210978883,0.7282218234737916,0.7071552773037312,-0.2847500699893797,-0.4329868677330749,0.644061784849783,0.8827845511394842,0.9248754530529885,0.9353362204938985,0.9090362632055459,0.8128966725825965,0.9049158930598681,0.9263823897037773,0.926084695564224,0.7560159042792781,-0.12801602247267838],[0.9691327671336925,0.9822292737507744,0.9899996956653516,0.9713956798815578,0.9843863422926189,0.9912241755582808,0.9583465251702279,0.9695436526114578,1.0,0.9850062020705846,0.9439968004996518,0.9899990268515476,0.9732715665634016,0.9833452589617231,0.9781998941567023,0.9758461236546573,0.9466775594133442,0.9805007479379901,0.978875048276774,0.9788411882709385,0.9829595819106325,0.9782115737160996,0.9946217210358853,0.9914235021437564,0.9821369830522942,0.9868592169728766,0.9850278818146605,0.9876235867986791,0.9894500034635119,0.9635901349935618,0.9306224865102133,0.9521171055378076,0.968604042139682,0.950225154989254,0.9727553541904098,0.9809303964268384,0.9778273826888128,0.9802043303044011,0.9880999687324521,0.9826370003590261,0.9683095564378931,0.9775415176843921,0.9735735309203093,0.9725534949758713,0.9988533245869863,0.8889790021063441,0.6632329383868338,0.935294682575805,0.922615873994864,0.7804364496791467,0.8888852037937025,0.8801153540309694,0.8924571549387946,0.9097022318528377,0.8941905061343683,0.9320337576573982,0.9468937437733432,0.9510857527468819,0.9648250684857947,0.8920579664226069,0.9570884056651391,0.9356211249271277,0.9577366269015185,0.9358658447426844,0.8899922995008485,0.8941088433813154,0.928082121290544,0.9024424522823308,0.8655112950813416,0.8548057330946969,0.9588305723670745,0.9070141645015295,0.9349346490638955,0.8952297950927117,0.7794758364086872,0.8109921212267452,0.697447905724409,0.833992866591632,0.8564710023599679,0.869343014653165,0.8187130045312309,0.8371227805903618,0.3161621534405085,-0.5532876479691348,0.9459322244784011,0.935382500928312,0.9331937781585419,0.8918731200026496,0.9350009544343937,0.9450106962753277,0.9444451353811726,0.9228862911507769,0.9290313182152146,0.8377805205362197,0.6736400367516419,0.9220582094630059,0.9531546033436114,0.7493864376663181,0.9081043314858477,0.9251776874011665,0.8034103698996231,0.9676417924467206,0.7457888311946003,0.49524494326724633,0.6374972704687016,0.7661800212139391,0.7721342627253909,0.7528648216234767,0.9672736172500338,0.9672779390455115,0.6487569222148147,0.6478801511746944,0.6790115478600888,0.3160633826051538,0.678167068141444,0.6923104838860851,0.6726436106673539,0.6892244969750554,0.7150090891243172,0.672386871343467,0.6532070562758434,-0.3327781502642665,-0.4671515373882999,0.663704885481068,0.846252218313026,0.8446471778187439,0.8700253646935551,0.8707714454106138,0.7552983703574931,0.8216091414618828,0.8507442058232416,0.8457086723726198,0.7122533271879337,-0.06900267317223906],[0.9960313200574724,0.9903518857748246,0.9942642750650521,0.9965863237885398,0.9984753030043604,0.9867842831352802,0.9995633161014397,0.9999852013746224,0.9850062020705846,1.0,0.9686665268323419,0.9996965991254213,0.9999818974806625,0.999848824583678,0.9999905274809111,0.9996542948589943,0.9974971439444573,0.9993684257794938,0.9998415372164631,0.9998405996841032,0.9999681580867926,0.9999831383803943,0.9938370749540475,0.9779183144694196,0.9955248679430471,0.9747951968875028,0.9956523287935584,0.9872532693380788,0.9796544807640226,0.9482694196257716,0.9887761013106028,0.993093095385354,0.989194488242812,0.9661433315513075,0.9993855336191939,0.9994647935842059,0.999472421389704,0.9998525700322666,0.9989700803542788,0.9994460989852322,0.9981936192648626,0.9986873471024353,0.9993827864742547,0.9993772570369036,0.9882005455117854,0.9288201321134987,0.7175647934549199,0.9440111052490038,0.9249539375014186,0.7993922285504103,0.9436972289699547,0.9288072376007197,0.9473163108198073,0.9503352467798065,0.9420820287488748,0.9776948766482104,0.977309240436996,0.9903868046537263,0.9966235062334653,0.9699622132979521,0.9555375855313742,0.9707480738621606,0.9685194763209864,0.9711800264588291,0.9708744103870401,0.9421086680893828,0.945187353528307,0.9447843737553465,0.9444082978949842,0.9017649885235092,0.9618340385533068,0.9618860959209924,0.9677633586598388,0.9666690930621499,0.9230285472163164,0.8334998379725104,0.7858842976451775,0.8505307979395476,0.8958869230212432,0.8808567647434938,0.8878493705174808,0.8868645569673003,0.6643626285238489,-0.6206274214316587,0.9574169274443448,0.9369307190463926,0.9369299655144386,0.9712187717936919,0.9483213036355073,0.964161833575707,0.9636974116405196,0.9229865854127497,0.9662435801172171,0.9268642868720695,0.6668572272037858,0.9300879762653999,0.9507512595229588,0.7393900019623256,0.914790650073516,0.9376325700164815,0.8197184562514618,0.9712643107871144,0.8901241907141432,0.4958114804758315,0.6647613688609613,0.8790254974486776,0.8396958737825544,0.8821696599358392,0.9793106962460328,0.9795533500626835,0.7172854749792388,0.6865789652778701,0.7556065104593255,0.32820239240280485,0.7004620910693049,0.7609380289284061,0.7398561553188989,0.7203541129788524,0.7383735118886638,0.7250471610630896,0.7039296068253001,-0.5149323674690286,-0.5950915674037058,0.6439795100813563,0.8816644029552714,0.9237900078657234,0.9374989047087231,0.9080852370270546,0.8083098209522158,0.8958935739550218,0.9170545226840869,0.916503809135712,0.8058144570920633,0.1010001754351652],[0.9806855992183144,0.9722490425977159,0.9579735181402391,0.980326662280318,0.9747043679559177,0.9619352056968702,0.9746746471803361,0.9693095167069224,0.9439968004996518,0.9686665268323419,1.0,0.958634653028996,0.9696724692000679,0.9686850169058465,0.9694187129920767,0.9729417864457768,0.9725004540340718,0.9764981657434246,0.9732901810092894,0.973302417139967,0.9694686633421401,0.9695329050785203,0.9676625623822148,0.9552321293065205,0.9756100059405418,0.9557455489589728,0.9736550332191319,0.9181391246321601,0.9708863548307585,0.9556231289182952,0.9785319512321896,0.9732187772806185,0.9732999142863793,0.942760333485044,0.9768533195922298,0.9764605254284106,0.9768546617411811,0.9699295156966599,0.9652027244986799,0.9759067964910851,0.9805003114163118,0.9789541259938614,0.9770117635872636,0.9770270687688228,0.9569832482683499,0.8555302110286362,0.5410075589378761,0.8332617511694302,0.9078503012160176,0.8821541021019343,0.9076594540230746,0.8473557515153912,0.9118360437890936,0.9234117769587263,0.9091649496927462,0.9400345330578009,0.9399101561232818,0.9482590151909888,0.9721463183974749,0.9480957790673877,0.941235434574711,0.9567715793882959,0.9515528622243318,0.9554251737802063,0.9554407495060264,0.9139430324886948,0.9555720954620699,0.9434290222053687,0.9431026942158662,0.8729775734359566,0.9412641403445909,0.948143240109788,0.9423851924052208,0.9413434983980917,0.8941902488378713,0.8418966341960468,0.8030326850323837,0.8802311913272065,0.924982312058926,0.9004995575002638,0.9128361415984282,0.9122460624212297,0.748497853354468,-0.31797388810948307,0.9557721505643562,0.9583018004942205,0.9494790479020254,0.9496586903861908,0.9357163092567767,0.9569307934889907,0.9568952154929019,0.9058167833483847,0.9587009436835933,0.9099172764481168,0.7534525269114213,0.7518948098585129,0.881109037946854,0.6720277822259664,0.871055622303378,0.902926322668744,0.8853687555091699,0.9554258612389951,0.9098505842706381,0.3720480750123527,0.6654273277021525,0.902477311190966,0.8827028213337588,0.9095240218777925,0.9556375369383342,0.9559388098908245,0.5590096733914878,0.7230835352902653,0.6332683752610083,0.5084712263707261,0.5946085788727732,0.6465569182996224,0.6088817042820337,0.5820751742532596,0.8222982436084735,0.7006027637102178,0.6659822575961334,-0.2985743209736069,-0.35268792172099306,0.7556779975113418,0.9177501688117674,0.9246589750650174,0.9160372184986901,0.9415340825030798,0.680093867400658,0.8521575110830876,0.9120093764441773,0.9112194337023224,0.6962464247511128,-0.161584741592443],[0.9932732862502034,0.9924233062129532,0.9970821771549151,0.9944567346404051,0.9979273485694349,0.9795575255097231,0.9994984458964974,0.9996974527771131,0.9899990268515476,0.9996965991254213,0.958634653028996,1.0,0.9997201035482937,0.9997018084794569,0.9997094626526467,0.9995877486319117,0.9975871055374878,0.9992422256640413,0.9999618961474723,0.9999614594559891,0.999708353790881,0.9997155711599541,0.991384830117969,0.9637096168273025,0.9924755835894784,0.9809291435437365,0.9934641508650923,0.9907944529443251,0.9746840109581604,0.9110041508011109,0.9894221898272622,0.9929417837792083,0.9759956782728655,0.9109027650277037,0.9992612530450163,0.9993206835791227,0.999267548299488,0.9994997450463403,0.9994826955087335,0.9992899326105227,0.997137332056347,0.9981251872693268,0.9992398609219495,0.9992360369188766,0.9899389268592691,0.9231091454135211,0.5561569207962421,0.94027910310042,0.9242197608596906,0.8029595248677516,0.8618454489401859,0.9018353500806758,0.866612828145729,0.8843492961325191,0.8593655046598904,0.9532754912517016,0.9532295332370501,0.977561303567353,0.9939085491217725,0.9576934474630294,0.959437941639378,0.9505950191961939,0.9524373287550777,0.9543678406745386,0.9541911130149695,0.9099392705948309,0.921536503352035,0.8872145247105557,0.88704790870645,0.7880142729568694,0.954615954167148,0.9575118636866298,0.9576506260897202,0.957029019613829,0.912660122392073,0.6574977053381339,0.6012720078343424,0.73971826243273,0.8281379187081156,0.7659317994646416,0.7982661831217409,0.797180884036437,0.5995111136060222,-0.3779016304704881,0.9323198032493162,0.9405677183956208,0.9320552239622053,0.9588960369202129,0.9293760989139678,0.9373493376789567,0.9363071370771741,0.8771925047390144,0.9409764648668814,0.8832120615214017,0.580693454227663,0.9271565000590604,0.9212003413350965,0.3995401732655818,0.737312347468135,0.8083347100822427,0.6815484923247219,0.9746318064199327,0.6876197478986728,-0.20869525486288568,0.21710695678035669,0.6619491140210251,0.665129558709497,0.7058903849777499,0.9758372839140399,0.9758986293713044,0.02991663614392655,0.2632555449698394,0.11280255613248251,0.07823656908992684,0.10531084998136808,0.12377631339224292,0.09051201308634736,0.0387860945839121,0.4644942433045849,0.19333194743236293,0.14021184148700477,-0.5119642444407797,-0.5510835482458514,0.6440008442317793,0.74658748859534,0.7709798875423454,0.8319272490578627,0.826653344175331,0.5383929356030919,0.7346817281005524,0.7660138775712417,0.7648189152654988,0.4140487994560856,0.23378701565397642],[0.9958472483735542,0.9905195361782683,0.9909632393385094,0.9963141912808756,0.9984520368960812,0.9870241698994132,0.9982634977998267,0.9999969707940211,0.9732715665634016,0.9999818974806625,0.9696724692000679,0.9997201035482937,1.0,0.9996634408920089,0.9999976668792265,0.9992714112541744,0.9910637699599847,0.9994214946256279,0.9999076135046358,0.9999073731881938,0.9999677449705813,0.999995261456421,0.9908412756516144,0.9761797291932847,0.9929121920784441,0.9449698337046197,0.9934522447053223,0.9874384365761798,0.9750080049944789,0.9468946885309962,0.9890035490351552,0.9940235803555239,0.9921331763999569,0.9704661168376133,0.9994876064520951,0.9995664264229872,0.9996722119028176,0.9997125546220337,0.9990382302977775,0.9995027731315987,0.998111444304201,0.9987464861707404,0.9995581360826056,0.9994249058025209,0.9834159751443947,0.9290553685792451,0.7176939507583028,0.9440869617613705,0.9253025648026282,0.8002407607873344,0.9562207597668937,0.9381229187230754,0.9580089060856647,0.95315398473614,0.9451423565116018,0.9798999088173835,0.9774625236638576,0.9903989417372955,0.9972265185322619,0.9397926271421034,0.9553109512805564,0.9646127006758267,0.9685388895548037,0.9667300652545074,0.9432914677197978,0.8900135393191406,0.9460673292270897,0.9514626282588649,0.9304628973968205,0.8738260286873084,0.9615561847636112,0.9292921114524914,0.9597795827817798,0.9405095839129011,0.7458302844129414,0.8345492382519584,0.763676267370906,0.851737130478199,0.8751597691094484,0.8821689540429799,0.8614843176726178,0.871152814901497,0.2789716881837665,-0.606926227725233,0.9576269140599701,0.9372314388258682,0.937050832141165,0.9449199913581847,0.953315534176075,0.9647414531876148,0.9647766857382037,0.9221393286802118,0.9583236169948569,0.8250661534806885,0.6684782527890115,0.9297243746507832,0.9369899106499434,0.761307022076114,0.9266406242223574,0.9460062473848553,0.8208229261707436,0.9722227937055518,0.8355683590516999,0.5967650899548436,0.6951547630720788,0.8466242726569142,0.8406826224234386,0.8347577726949837,0.9792989092209846,0.9795136465159264,0.719980315110076,0.6901352671182671,0.7844748562515951,0.3310515085228739,0.7650523048865451,0.7886500874310294,0.7829279431583975,0.7843549522099722,0.7412508061422439,0.728681363763277,0.7076396937165016,-0.2837514668898745,-0.4320880231272331,0.644605821309273,0.8833035495600634,0.9253092148837594,0.9358539236971521,0.9094978831455924,0.8134579042912626,0.9054797515742181,0.9269344638545304,0.9266240046791456,0.7566912653100504,-0.12905632901226846],[0.9951298201135839,0.990376965353988,0.9928856021906919,0.9958003415207195,0.9982911614413298,0.9883871710998545,0.9991102361456942,0.9996799109194212,0.9833452589617231,0.999848824583678,0.9686850169058465,0.9997018084794569,0.9996634408920089,1.0,0.9997003184278229,0.9992243896725524,0.9971206616894415,0.9990050578548545,0.999507633475708,0.9995006673989317,0.9996834203104629,0.9996566838224422,0.9928505432949215,0.977921130820116,0.9961292570760486,0.9714007112181309,0.9960187421494334,0.9873117678725799,0.9778395596509103,0.94941828066799,0.9880863088585142,0.9919876121486852,0.9911571795949058,0.9681587760209935,0.9987984141219667,0.9991157054030857,0.9992918851299833,0.9999180233813684,0.9989921563875269,0.9991115021567748,0.9974191962670312,0.9980936585731041,0.9987950444342948,0.9987243365350728,0.9875141553868662,0.9289975907411504,0.7132999447624883,0.9441647408576568,0.9252060368249281,0.7996063650219869,0.9516746173360234,0.9314958205945958,0.9528633275614891,0.949680029310916,0.9409994446484242,0.9763594529047238,0.9753299854687733,0.9879501808427765,0.995697491275901,0.9621793645960924,0.9550469616596083,0.964972542920594,0.9680421215190537,0.9666500266627511,0.9659637599092656,0.8941619982558392,0.9435467425737434,0.9500465558690989,0.9497528796427712,0.872585911339332,0.9619622807490106,0.9405062335710164,0.9616523261849633,0.9603933560417715,0.7507069145777655,0.8319688360562397,0.7928190247960134,0.8497831780504387,0.8767039775234766,0.8816008458077905,0.869917976605026,0.8703857945736134,0.2653688475670207,-0.6012632784428495,0.9570085669813034,0.9369753555891103,0.9361692317865831,0.964772368309038,0.9529729109746004,0.9637872159765838,0.9637751538336236,0.9224106772325085,0.9587359193108694,0.8316506693246882,0.6688682771429175,0.9301710439968505,0.9379453967512611,0.7592444369325518,0.9250564059282609,0.944647405417587,0.8216924154831876,0.9747014007960653,0.830429014432201,0.5881296463375046,0.690614396508243,0.837869368438542,0.8353673193102932,0.8269509729053206,0.9810375735012058,0.9812143919071479,0.7110560695320207,0.6850322929264211,0.7647837683406149,0.33078511252024895,0.7552468300834223,0.7774606645395816,0.7537770604305244,0.7734353748033143,0.73911705847015,0.7189087512165373,0.6981306387445064,-0.29017040496293384,-0.43693395617907066,0.6442183244861814,0.8810366736837496,0.9263825833750549,0.9311139149935693,0.9085916926173385,0.8056732923936576,0.899295402643181,0.9196482498534273,0.9200554261467242,0.7499175762364313,-0.1273689679051506],[0.995766096270793,0.9904210835446233,0.9911373124668686,0.9962497804953708,0.9984477404922539,0.9871795217956837,0.9990960467502827,0.999998024588508,0.9781998941567023,0.9999905274809111,0.9694187129920767,0.9997094626526467,0.9999976668792265,0.9997003184278229,1.0,0.9993735276819626,0.9961709045320846,0.9993937868277717,0.9999007671865381,0.9999000135058251,0.9999617896946438,0.9999929089376004,0.9909845444376633,0.9763827568169058,0.9946847746275127,0.9594790805778471,0.9945088921166038,0.9873754428983916,0.9752340046324703,0.9470798166704102,0.9914572957686064,0.9943111824515447,0.9920004959096899,0.9702259954305322,0.9994589974099618,0.999527286429475,0.9996487708700592,0.9997287288477752,0.9989970250719498,0.9994692310594541,0.9980494860429373,0.998690513654451,0.9995266188663046,0.9993961797243224,0.9836140415355001,0.9288518250766562,0.7170184878373765,0.9441477848508604,0.9252351810271978,0.7996795129805065,0.9559712151200399,0.9378653621917331,0.9577870659587723,0.952736611901147,0.9446597592033432,0.9796892504480224,0.9772243028132931,0.990230937785101,0.9971256075969491,0.9398061793776753,0.9552607550423005,0.9645055458529774,0.9684803098929837,0.966612041624738,0.9427938545013197,0.8900873729414139,0.9456813267166674,0.9511161312827412,0.9302632683249697,0.8735525304264569,0.9616308922216272,0.9294566916575103,0.959779847516122,0.9405602347571368,0.7461186867228963,0.8340547231671465,0.7634124884561647,0.8513033712598548,0.875005730330412,0.8819056818611714,0.8612402612921215,0.8709131458575267,0.27903080677922604,-0.6066973745934139,0.9574990890888496,0.9370707857051098,0.9369173889052533,0.9430780240031414,0.9532798122425475,0.9646061093156724,0.9646366827851361,0.9221476037526697,0.9581938154686833,0.8251393803918357,0.6683657352348295,0.9301296883812282,0.9373938852877267,0.7610716758535018,0.9264992179459658,0.9458846504261047,0.8205548660881574,0.9724058496980755,0.8351579373944248,0.5955718780132938,0.6943629933702592,0.8461811420960386,0.8402963039239401,0.8343605487705471,0.9794268559864261,0.9796382038111978,0.718886023950695,0.6891644718078447,0.7838823128062039,0.3305419893014434,0.7643528175859914,0.7878955170160855,0.7825141301464081,0.7835519353535491,0.7407698258481364,0.7274329530474302,0.7064012283393685,-0.2845490140214783,-0.4327819488510554,0.6443633982178777,0.8827050843843204,0.9250193456763233,0.9353982738086347,0.9090917750817794,0.8127028001343216,0.9051444317163246,0.926439953552934,0.9262586266881652,0.7561327126705191,-0.1283164239016427],[0.9974488239800364,0.9930208970195582,0.990512996893653,0.9977665362855804,0.9990007806133481,0.9869045048665479,0.9998783969344618,0.999215910303735,0.9758461236546573,0.9996542948589943,0.9729417864457768,0.9995877486319117,0.9992714112541744,0.9992243896725524,0.9993735276819626,1.0,0.9978285298035756,0.9998238870656592,0.9994739245816073,0.9994793007672436,0.9997239580303444,0.9994703635470782,0.990502757066304,0.9752793373312998,0.9931174688869789,0.950736687408718,0.9927475137731389,0.989459027531237,0.9730539895112728,0.9476129755707327,0.9919715788139775,0.9925764595213589,0.9927334231262757,0.9723894956144553,0.9992136576905487,0.9997029760215799,0.9996712823013321,0.9995052344185464,0.9995047143936748,0.9997472823039174,0.9987531130780453,0.9995285198166667,0.9994632620508217,0.9992149232062001,0.981988161490805,0.9277199994598323,0.7278277999713512,0.939471094850578,0.9258274860125015,0.8128578057748779,0.9583380816900581,0.9431063345250448,0.9604817206635378,0.9574815862578951,0.9494986014980193,0.9819645654749982,0.9796543287456282,0.9912959094850499,0.9965179838557137,0.9452378867409759,0.9593306456728955,0.9705089539930818,0.9713478904651355,0.972301437637639,0.9462426861881689,0.8973642949010284,0.9493299374009624,0.957327965367729,0.9360742479831147,0.8839383106014893,0.9643896908504482,0.9354893490941748,0.9650570516794418,0.9458108983676511,0.7567585132998257,0.8404343869439188,0.7687114199022432,0.8574133453268296,0.8810912195024039,0.8851556717761726,0.8657047884805018,0.8771866452210844,0.2924096326206205,-0.6028702583022879,0.9611993258374286,0.9430176548541825,0.9424139572051337,0.9481940158863271,0.958052645073014,0.9683663016234197,0.9684471546199106,0.9272485189981098,0.9645029038123909,0.8349858163479452,0.6701909628032631,0.9176154428780277,0.9280055231419257,0.7638095409476598,0.9265596366575662,0.9456484893271957,0.8212332976455746,0.9683111372321104,0.8344024234005202,0.6059452810018079,0.699868206694559,0.84647