var element=document.getElementById("correlationClose");if(element.style.display!='none'){var correlationClose={"data":[{"type":"heatmap","z":[[1.0,0.9999851375139424,0.600835361753209,0.9997119388469112,0.9976591808373942,1.0,0.9913959013113779,0.9872409083069789,0.9872409083069789,0.9920677144519165,0.9741934936876571,0.98404583509439,0.9914381344619693,-0.11109511882790023,0.9914988840928759,0.9287520320096337,0.9082361230973954,0.40316213860319433,0.9924506942511826,0.9924360398196218,0.9845241024858696,0.9914248702687618,0.4516633987626984,0.6900163149967302,0.9792205669796452,0.9792205669796452,0.9791994933559058,0.9666471473131857,0.33411608621008443,-0.10900865035528964,0.9896575502015621,0.9896230306101476,0.2944259533257773,-0.18348952102837232,0.9941158856602237,0.9949115034074187,0.8232200745830524,-0.3820108926317449,0.9888220305857541,0.9947500153729504,0.9261586948816812,0.38491778692860146,0.9942870272888368,0.9942741949245966,0.9942870272888368,0.8880321867455684,0.6642006624501606,0.8819433627669442,0.8924254692090314,0.7977909682489687,0.38207047021961166,-0.1466006033138251,0.19383259184228396,0.9453719112045569,0.43636520790395794,0.9763169104931025,0.9709806945069202,0.9796601384924939,0.9897339050439675,0.9200489964108051,0.9209430229598488,0.9370946998551792,0.9161917055824456,0.9341017873806263,0.9348249336904577,0.9341017873806263,0.8575533769220018,0.9110966118805341,0.9121502065420033,0.9110966118805341,0.9050864343559092,0.7514633651039827,0.8788490421120728,0.8803574896630365,0.8788490421120728,0.6409413735684177,0.3255124782548466,0.6202228700030684,-0.5834392899082674,0.521118947811444,0.5643071425436547,0.565220745666113,0.5643071425436547,-0.1049070843680828,0.8927014185304728,0.9251452734340595,0.9072259481664556,0.9214970699706291,0.3921031632626095,0.8890756429096174,0.890110981290939,0.8890756429096174,0.8965562517518145,0.8965562517518145,-0.13948531270097478,0.5707751407027355,0.1879187520607275,-0.5994149855281092,-0.5708372485129805,-0.574450913469489,-0.06219362832605068,0.08218701840632603,0.2459308650657747,0.10003552273436216,-0.43788506527533105,0.037495106958186815,-0.7943116559586101,-0.2293331949113788,0.1451244470829046,0.14560552705787796,-0.5512296725992024,-0.5978698434658356,-0.2312721015122583,-0.4965229556482226,-0.8259927551313995,-0.3658474229097383,-0.35732549822653625,-0.3658474229097383,-0.19200437637106937,-0.2792509062121561,-0.2792509062121561,-0.8140073563694032,-0.8140073563694032,0.4022871313754716,0.6512552408784241,0.8682093828568159,0.8484494729857358,0.7818693284390237,-0.27236111691747383,0.7610868420531103,0.8005004653829942,0.8008280139860551,0.8005004653829942,-0.2334885392605004],[0.9999851375139424,1.0,0.9732933898753815,0.9993093233668493,0.994527032081607,0.9999851375139421,0.9805070703498067,0.9726772698675136,0.9726772698675136,0.9803379272215094,0.9628806126525669,0.9823142302016987,0.9805579463258745,0.9805313693905803,0.9803614708490148,0.6693756186966302,0.6173670989267842,-0.32166585515619445,0.9853426180978123,0.9853195162785787,0.9806197392613173,0.9806130354289797,-0.10684048050257941,0.9721209156209563,0.9744618754341613,0.9744618754341613,0.97452564831519,0.9668082082256648,0.11438656080789095,0.17155125082494554,0.9774787442021609,0.9775540570405346,0.9733815562092175,0.18184142726130495,0.988811190800561,0.9888785660703254,0.9895731550923121,0.9822938051086378,0.987488504537837,0.988921468477906,0.6467146490626925,-0.32770011057343684,0.9896374701253575,0.9896221387571283,0.9896374701253575,0.8881273062324728,0.5313312302779076,0.8822972687778706,0.892565035520013,0.7971141774865299,-0.40812056731329127,-0.5335699337009034,0.8263418913848476,0.8600738167942001,-0.20859409185388728,0.9344125864021879,0.9345152754063651,0.9457940820642272,0.973665652204853,0.9330759926024804,0.9419502791636536,0.9224376799006717,0.9219205228715182,0.9284307134647174,0.929081692637141,0.9284307134647174,0.8039607304717583,0.7669437372073602,0.7692142655259636,0.7669437372073602,0.9360438300994488,0.9406012334773883,0.9360827380687727,0.937177523866135,0.9360827380687727,0.49331437890797886,0.43399135975477526,0.5496463022352068,0.6514929578722729,0.5409433243167181,0.5752458986006121,0.5760199567384385,0.5752458986006121,-0.21467576536550956,0.8845591720745422,0.9169212558895835,0.9051565228451658,0.9395322120214957,-0.16198026903945173,0.879430559463606,0.8797948198100368,0.879430559463606,0.889378263766265,0.889378263766265,-0.23667302278875188,0.5716615654497407,-0.37029541908173186,-0.6994724017478877,-0.46627239479078403,-0.4696977661104022,-0.3246137192106863,0.24439153360490976,-0.22906541581557197,-0.4271601550968198,-0.63996165911281,-0.30491404507227254,-0.4926430152885494,-0.3601339735099718,0.12375313507853805,0.11925425185536684,-0.49122442648165776,-0.4495171666097376,-0.4778284215676343,-0.5078726065794436,-0.5002414119236028,-0.4798668602978293,-0.4831822391927012,-0.4798668602978293,-0.3569549970222442,-0.5074826753435194,-0.5074826753435194,-0.47864461208873355,-0.47864461208873355,0.40252932950988046,0.40220507265135985,0.5142601424219599,0.5985504129027858,0.5646983465734077,-0.40718988492191427,0.3735331979167166,0.3576657613345884,0.3577698511296456,0.3576657613345884,0.1079640650844521],[0.600835361753209,0.9732933898753815,1.0,0.5953841040845284,0.49939190366759534,0.600835361753209,0.5871727467178198,0.5766652932293975,0.5766652932293975,0.5014758187492183,0.44790076562097875,0.996683876822439,0.5871968042048374,0.5094638989282513,0.5874819995500283,0.5219782421597067,0.5397070189943267,-0.1355242994529587,0.5381228615641266,0.5371843298206768,0.4950067892732674,0.5860854814000147,0.22375843476980153,0.726689128320985,0.5579462684004981,0.5579462684004981,0.5576831501472319,0.9859774915509683,0.3220254173217736,0.18010718775176685,0.54932606779295,0.5488783242820522,0.7619216082559708,0.024027846321640286,0.5846751850712864,0.498808109412967,0.564563696419846,0.3425676918073524,0.9942323430459443,0.48878864431401037,0.5170167377949287,-0.14268853145600877,0.6009877333908707,0.5826288002769683,0.6009877333908707,0.8912440541437293,0.3929039420958171,0.9137717299292998,0.8827515167732051,0.6675242105724836,0.203171448910549,-0.029219503059023967,0.05353035624246565,0.4542472006973976,-0.07985111938267188,0.5384111945450052,0.4827616516805583,0.5124467496156973,0.46847851864853957,-0.05370115570350968,0.7238223502445145,0.6679551955645534,0.5324061310108655,0.6741150998993602,0.7261095031082689,0.6741150998993602,0.3936317183733951,0.570279647552839,0.6571952491246194,0.570279647552839,0.6028814018484124,0.6357220069488756,0.6796656894524914,0.7439164728774851,0.6796656894524914,0.25878107673307893,-0.08661520687501575,0.2776444593053376,0.1305155435662369,0.2780425670687939,0.2612743342343802,0.42149019298059964,0.2612743342343802,-0.17347161538929845,0.49225938741372716,0.8333238736278654,0.5751328755791885,0.7421151184102587,0.03025862562885759,0.5501959012287412,0.5500161295635088,0.5501959012287412,0.6554222992313784,0.6554222992313784,-0.2602629091182698,0.7207081736612979,-0.21246860593773112,-0.5945741280257293,-0.4044556264564174,-0.4080508107398197,-0.3983120197268957,0.04361385512519111,0.024172454862193108,-0.28261999070609767,-0.5759321007836808,-0.14353191346150104,-0.25382971942738003,-0.2247602476649968,0.006923117595247212,0.0036360032366022916,-0.4628005488606894,-0.01186776039182176,-0.23255399996239048,-0.49350124398246004,-0.13996294156468905,-0.3729223708501425,-0.2499387257482641,-0.3729223708501425,-0.4236260506158472,-0.5152493162461338,-0.5152493162461338,-0.2591895203922038,-0.2591895203922038,0.3364901237652447,0.15521059978790236,0.25700121847728563,0.4984125563459887,0.24038339071382286,-0.3297595438014603,-0.031029446263093535,0.45149129134388655,0.5622785099273211,0.45149129134388655,-0.0467222005766808],[0.9997119388469112,0.9993093233668493,0.5953841040845284,1.0,0.9987358289123276,0.9997119388469111,0.9928925188859942,0.989208725705606,0.989208725705606,0.9938639188994856,0.9720722042280486,0.9884441043059353,0.992923184498832,-0.1150015219443341,0.9929574506894426,0.9296121162533265,0.9090048055765051,0.38876104447981097,0.9937367266680307,0.993724825502824,0.9848554959574638,0.992903159694642,0.44315665601991966,0.6937175222902537,0.9820473176226665,0.9820473176226665,0.9820262647370471,0.9752698019591811,0.3297418205310791,-0.11584225520073128,0.9892551129042322,0.9892304983747263,0.2864352486188868,-0.1839656002788152,0.9948371544351272,0.9958847589731951,0.7849782026247137,-0.38737152798675833,0.9920271487592534,0.99595877071012,0.9261643369135755,0.37017204396134507,0.9925563380236097,0.9949002609378149,0.9925563380236097,0.8862074562680646,0.6516179093481618,0.8888844270499069,0.8896786060332107,0.7768704161287309,0.3767286143665634,-0.15229708188168561,0.18763381213677702,0.9396910318978071,0.42033525154525025,0.9719751529908349,0.9681519671453674,0.9776350209387775,0.9899736939912742,0.8973431001338115,0.9131665929929916,0.9230550559161901,0.9116477436358132,0.9157108961396195,0.916712621245369,0.9157108961396195,0.8485742966375988,0.8981587090051838,0.899318817148218,0.8981587090051838,0.901141645974893,0.6876703817356742,0.8372389388647061,0.8387815972128101,0.8372389388647061,0.6316027469049251,0.11195993615190866,0.6090541612411472,-0.5883931347906646,0.5151922338953631,0.30354935963713753,0.5340273391600068,0.30354935963713753,-0.11164176265083806,0.8866189531215848,0.9159507744574037,0.8982896934694785,0.896568855461484,0.3784833951577304,0.8838790224907267,0.8850633857358848,0.8838790224907267,0.8756745935707942,0.8756745935707942,-0.14523612536776676,0.5951359320122893,0.19267847798487883,-0.609737128761726,-0.5783284618912284,-0.5818460999054039,-0.07458609803614591,0.07703890725767898,0.23887454185579948,0.08715767026313048,-0.45035710558740955,0.031006982571455007,-0.8007008657503272,-0.23722036605482166,0.13451147515318088,0.13503448517358235,-0.5584493815310746,-0.5946372687987288,-0.2328102731326439,-0.5081523102257955,-0.8281062376100499,-0.367513044341742,-0.3595562105449607,-0.367513044341742,-0.20113678577001964,-0.28921658022617147,-0.28921658022617147,-0.8140363980598855,-0.8140363980598855,0.3903561563726142,0.6395362491490568,0.8605764774139879,0.8409160433518375,0.7746540571534167,-0.285674311461298,0.7521813804892183,0.7918662125416537,0.7922076382123125,0.7918662125416537,-0.21855675293846183],[0.9976591808373942,0.994527032081607,0.49939190366759534,0.9987358289123276,1.0,0.9976591808373942,0.9969405708083315,0.9951378566959103,0.9951378566959103,0.9971348509637429,0.962602355887935,0.9958129631935089,0.9969599663175458,-0.3172835510381169,0.9969893873486536,0.9015387045139708,0.868921425658225,0.18859527056934056,0.9975025524348546,0.9974969118800225,0.9866239112260576,0.9969470240786283,0.08690959563931443,0.6619619848370623,0.9912226116277798,0.9912226116277798,0.9911809842084385,0.9869529675114243,0.0940002335677246,-0.0988228651620291,0.9873180592772501,0.9872603078964437,-0.016573585767888106,-0.07920082655564312,0.9977559433400064,0.9976908687667673,0.7669888271808336,-0.5226843202266019,0.9973685854245544,0.9979808380419289,0.8928439872491576,0.1645997285825841,0.9977061457008722,0.9977074770267829,0.9977061457008722,0.9009623640358526,0.6132980928924395,0.9078758969067032,0.8937228972118519,0.7466169407744838,-0.09869873132189615,-0.5833598158234592,-0.2247442448871836,0.9260675812512382,0.27425367681937574,0.9661353265941713,0.966224291016996,0.9789479387751243,0.9907820900834805,0.8936581926260105,0.8927462430340596,0.9108690074447976,0.8977265871182716,0.9091141284332533,0.9094971699976806,0.9091141284332533,0.8207649015061976,0.8459137684734368,0.847240088063114,0.8459137684734368,0.888940617426338,0.788380041848497,0.8689915711880176,0.8699112093516144,0.8689915711880176,0.5854909526163365,0.4542977568601987,0.57053324603676,-0.6243614680463846,0.5692790099831841,0.5468811736444821,0.546040778951162,0.5468811736444821,-0.1315060924150946,0.8669948344082685,0.8882245029726329,0.8728635433290063,0.9028133920060518,0.22976550875672896,0.8675540646853472,0.8687494689123074,0.8675540646853472,0.8750382301255738,0.8750382301255738,-0.18681892861954988,0.6494632246144131,0.04695706932848137,-0.6434223426557742,-0.6326418223314905,-0.6330892248321415,-0.10940750815817668,0.09963631669054887,-0.15750422312779813,-0.16473126391765258,-0.5319382715817486,-0.33780173422945153,-0.8585754532670674,-0.5289842606536898,0.10166756281321336,0.10203831617494662,-0.5874899563963465,-0.5866528772008969,-0.523969628107119,-0.5493075981642122,-0.7920528621914116,-0.5784274126146932,-0.5812538394365843,-0.5784274126146932,-0.24335489537520247,-0.32630988176127407,-0.32630988176127407,-0.7585515202449916,-0.7585515202449916,0.3728871005044983,0.6190487254410627,0.8118303920912483,0.7895597025953663,0.7624939604925505,-0.42067041117617016,0.6045217528451768,0.6834322606321883,0.6839165188566412,0.6834322606321883,0.010402942947828713],[1.0,0.9999851375139421,0.600835361753209,0.9997119388469111,0.9976591808373942,1.0,0.9913959013113779,0.9872409083069789,0.9872409083069789,0.9920677144519165,0.9741934936876571,0.98404583509439,0.9914381344619693,-0.11109511882790023,0.9914988840928759,0.9287520320096337,0.9082361230973954,0.40316213860319433,0.9924506942511826,0.9924360398196218,0.9845241024858696,0.9914248702687618,0.4516633987626984,0.6900163149967302,0.9792205669796452,0.9792205669796452,0.9791994933559058,0.9666471473131857,0.33411608621008443,-0.10900865035528964,0.9896575502015621,0.9896230306101476,0.2944259533257773,-0.18348952102837232,0.9941158856602237,0.9949115034074187,0.8232200745830524,-0.3820108926317449,0.9888220305857541,0.9947500153729504,0.9261586948816812,0.38491778692860146,0.9942870272888368,0.9942741949245966,0.9942870272888368,0.8880321867455684,0.6642006624501606,0.8819433627669442,0.8924254692090314,0.7977909682489687,0.38207047021961166,-0.1466006033138251,0.19383259184228396,0.9453719112045569,0.43636520790395794,0.9763169104931025,0.9709806945069202,0.9796601384924939,0.9897339050439675,0.9200489964108051,0.9209430229598488,0.9370946998551792,0.9161917055824456,0.9341017873806263,0.9348249336904577,0.9341017873806263,0.8575533769220018,0.9110966118805341,0.9121502065420033,0.9110966118805341,0.9050864343559092,0.7514633651039827,0.8788490421120728,0.8803574896630365,0.8788490421120728,0.6409413735684177,0.3255124782548466,0.6202228700030684,-0.5834392899082674,0.521118947811444,0.5643071425436547,0.565220745666113,0.5643071425436547,-0.1049070843680828,0.8927014185304728,0.9251452734340595,0.9072259481664556,0.9214970699706291,0.3921031632626095,0.8890756429096174,0.890110981290939,0.8890756429096174,0.8965562517518145,0.8965562517518145,-0.13948531270097478,0.5707751407027355,0.1879187520607275,-0.5994149855281092,-0.5708372485129805,-0.574450913469489,-0.06219362832605068,0.08218701840632603,0.2459308650657747,0.10003552273436216,-0.43788506527533105,0.037495106958186815,-0.7943116559586101,-0.2293331949113788,0.1451244470829046,0.14560552705787796,-0.5512296725992024,-0.5978698434658356,-0.2312721015122583,-0.4965229556482226,-0.8259927551313995,-0.3658474229097383,-0.35732549822653625,-0.3658474229097383,-0.19200437637106937,-0.2792509062121561,-0.2792509062121561,-0.8140073563694032,-0.8140073563694032,0.4022871313754716,0.6512552408784241,0.8682093828568159,0.8484494729857358,0.7818693284390237,-0.27236111691747383,0.7610868420531103,0.8005004653829942,0.8008280139860551,0.8005004653829942,-0.2334885392605004],[0.9913959013113779,0.9805070703498067,0.5871727467178198,0.9928925188859942,0.9969405708083315,0.9913959013113779,1.0,0.9973114408088473,0.9973114408088473,0.9999686514306168,0.9547632500414152,0.9996307852062235,0.9999963185365296,-0.12894305697969743,0.9999928159034436,0.9565860688706704,0.9491974822419402,0.3435598049653996,0.9998465438607853,0.9998466462047518,0.9890274043622045,0.9999965142528359,0.352376351472139,0.6938621590792416,0.9848542267253628,0.9848542267253628,0.985382968753684,0.9881427782278204,0.25341631277007526,-0.17346602861897692,0.9918572893927134,0.9916450719256289,0.18809901131789056,-0.23348433380757252,0.9993143845883017,0.9994142778331163,0.38008677576547534,-0.32244233197839295,0.9988274247616239,0.9993459417890568,0.9498894040359592,0.323520411566044,0.9356825812781214,0.9990501619817413,0.9356825812781214,0.9101576828661426,0.6183038778786872,0.9277525103551757,0.9023457701963719,0.7045698036915145,0.41102290696356036,-0.09357805825603173,-0.20681852138779894,0.9248817677546706,0.38179056322497434,0.9681835972163216,0.961999835967101,0.9779861209002609,0.9960499066181283,-0.06663954270794863,0.8470300653675814,0.8139454211898736,0.8612320966595416,0.807765347060582,0.7733433656747062,0.807765347060582,0.7795858684931256,0.7749896602233901,0.7698817069240187,0.7749896602233901,0.8503817944513467,0.33623715526047715,0.5490790746946062,0.6244141380790502,0.5490790746946062,0.5538234422213906,-0.3560461818764195,0.5187353115132971,-0.6514061471746448,0.4402484494349606,-0.11683980974666974,0.39369756470381956,-0.11683980974666974,-0.1546092928883857,0.8268549038183249,0.8419173923045095,0.8289327301330992,0.7473021906656321,0.33257686196490205,0.8284413693824674,0.8301345703766935,0.8284413693824674,0.7391976479755444,0.7391976479755444,-0.22360631687080512,0.6959935077976137,0.24938211554760387,-0.6240803261589447,-0.6201152896157962,-0.62317257231156,-0.12366318284544005,0.025768174305435952,0.3466178835375767,0.0510076866900748,-0.47275621022534736,0.08537807685242065,-0.8274579872487089,-0.1392799946823805,0.06476403625045601,0.06535350344960933,-0.6027383659208113,-0.6018275447505407,-0.0711248280718239,-0.5852397176146839,-0.8408160291418947,-0.36248250835283974,-0.1912603200798933,-0.36248250835283974,-0.2776485360595759,-0.3364308239548574,-0.3364308239548574,-0.8335571795586258,-0.8335571795586258,0.37150014688997507,0.5985001847058097,0.5015722352336288,0.8057180044472259,0.7539380785069336,-0.34090313234186775,0.06202798877793069,0.759162068728389,0.7779497891689938,0.759162068728389,-0.14566491282221705],[0.9872409083069789,0.9726772698675136,0.5766652932293975,0.989208725705606,0.9951378566959103,0.9872409083069789,0.9973114408088473,1.0,1.0,0.9995049449165814,0.9470143916708135,0.9984744897913704,0.9980931194428522,-0.1377317399332533,0.9990627578797966,0.9548691244947289,0.9405070129238513,0.3215415016667695,0.9991122369325866,0.9991137663289973,0.9862190027768456,0.9992141166864141,0.3260140738184404,0.6938903492628156,0.9922284356062461,0.9922284356062461,0.9832345907290774,0.9844938724955258,0.23480792506044806,-0.187709124761132,0.9881299594847799,0.991550121949574,0.16854959307279746,-0.23985813907812958,0.9982072235507372,0.9981377940485201,0.36041794718284037,-0.32960092336044994,0.9965220468247759,0.998014449180277,0.9486095444867035,0.3010454555050002,0.9273976867212703,0.9980364495181621,0.9273976867212703,0.907559750311506,0.602661829390844,0.9281024543254738,0.8986668433178913,0.6790901707964425,0.397692719237836,-0.1090815128919333,-0.22009686037467624,0.9158104890523533,0.36086014736723143,0.9634274208462699,0.9565269634272047,0.9726652966291799,0.9951434917119257,-0.07710575832466937,0.8338443651248243,0.7965077097661003,0.8518489841546218,0.7915102475098864,0.7603361983979986,0.7915102475098864,0.7659003815369273,0.7548644081347875,0.7556231969816082,0.7548644081347875,0.8412537967701124,0.3154884630758172,0.5272083146552118,0.6070228025368096,0.5272083146552118,0.5394611506477023,-0.3714356746923173,0.5026119424979648,-0.6599283781876918,0.43127319360856337,-0.13987519954684502,0.3762554178154184,-0.13987519954684502,-0.1617453632840452,0.8158217852507628,0.8249727496580109,0.8147042613024761,0.7317796039115496,0.31495349264968875,0.818018181206776,0.8199203286400071,0.818018181206776,0.720170012963364,0.720170012963364,-0.2397954590598011,0.7231389257372124,0.2570591013144307,-0.6339033796695069,-0.6336678581978599,-0.6365302870870914,-0.13903483876594816,0.017506878647463926,0.33965353244578544,0.0314260813759154,-0.4860464576604934,0.07600332707878008,-0.8340590376452169,-0.14586196368585572,0.048682317193815786,0.04929170921271364,-0.6151029639688207,-0.6030458815383859,-0.07808479514032679,-0.6031669347200233,-0.8409306632214334,-0.3744386958482282,-0.1976002107089848,-0.3744386958482282,-0.2960853306840517,-0.3508124096261815,-0.3508124096261815,-0.8320731842838489,-0.8320731842838489,0.3497312167502819,0.5808231481037478,0.48228758977848074,0.7875038834460937,0.7407650415762085,-0.36351577304938193,0.047498685444276774,0.739673263037086,0.7619684032406457,0.739673263037086,-0.12815750384093483],[0.9872409083069789,0.9726772698675136,0.5766652932293975,0.989208725705606,0.9951378566959103,0.9872409083069789,0.9973114408088473,1.0,1.0,0.9995049449165814,0.9470143916708135,0.9984744897913704,0.9980931194428522,-0.1377317399332533,0.9990627578797966,0.9548691244947289,0.9405070129238513,0.3215415016667695,0.9991122369325866,0.9991137663289973,0.9862190027768456,0.9992141166864141,0.3260140738184404,0.6938903492628156,0.9922284356062461,0.9922284356062461,0.9832345907290774,0.9844938724955258,0.23480792506044806,-0.187709124761132,0.9881299594847799,0.991550121949574,0.16854959307279746,-0.23985813907812958,0.9982072235507372,0.9981377940485201,0.36041794718284037,-0.32960092336044994,0.9965220468247759,0.998014449180277,0.9486095444867035,0.3010454555050002,0.9273976867212703,0.9980364495181621,0.9273976867212703,0.907559750311506,0.602661829390844,0.9281024543254738,0.8986668433178913,0.6790901707964425,0.397692719237836,-0.1090815128919333,-0.22009686037467624,0.9158104890523533,0.36086014736723143,0.9634274208462699,0.9565269634272047,0.9726652966291799,0.9951434917119257,-0.07710575832466937,0.8338443651248243,0.7965077097661003,0.8518489841546218,0.7915102475098864,0.7603361983979986,0.7915102475098864,0.7659003815369273,0.7548644081347875,0.7556231969816082,0.7548644081347875,0.8412537967701124,0.3154884630758172,0.5272083146552118,0.6070228025368096,0.5272083146552118,0.5394611506477023,-0.3714356746923173,0.5026119424979648,-0.6599283781876918,0.43127319360856337,-0.13987519954684502,0.3762554178154184,-0.13987519954684502,-0.1617453632840452,0.8158217852507628,0.8249727496580109,0.8147042613024761,0.7317796039115496,0.31495349264968875,0.818018181206776,0.8199203286400071,0.818018181206776,0.720170012963364,0.720170012963364,-0.2397954590598011,0.7231389257372124,0.2570591013144307,-0.6339033796695069,-0.6336678581978599,-0.6365302870870914,-0.13903483876594816,0.017506878647463926,0.33965353244578544,0.0314260813759154,-0.4860464576604934,0.07600332707878008,-0.8340590376452169,-0.14586196368585572,0.048682317193815786,0.04929170921271364,-0.6151029639688207,-0.6030458815383859,-0.07808479514032679,-0.6031669347200233,-0.8409306632214334,-0.3744386958482282,-0.1976002107089848,-0.3744386958482282,-0.2960853306840517,-0.3508124096261815,-0.3508124096261815,-0.8320731842838489,-0.8320731842838489,0.3497312167502819,0.5808231481037478,0.48228758977848074,0.7875038834460937,0.7407650415762085,-0.36351577304938193,0.047498685444276774,0.739673263037086,0.7619684032406457,0.739673263037086,-0.12815750384093483],[0.9920677144519165,0.9803379272215094,0.5014758187492183,0.9938639188994856,0.9971348509637429,0.9920677144519165,0.9999686514306168,0.9995049449165814,0.9995049449165814,1.0,0.9535821053488118,0.9995863062852021,0.9999696964263476,-0.29535290345169724,0.9999738909165781,0.9163290446643728,0.8838730329972131,0.23269848642959023,0.9997937942112554,0.9997943872772839,0.9888495557859062,0.9999669125190819,0.13319599774791932,0.6577152377479705,0.9945531487194152,0.9945531487194152,0.9945023699167221,0.9879604901316759,0.07474056570747939,-0.11287655584691743,0.9904673246580769,0.9904349371886239,-0.0006023501236692759,-0.19270968342814704,0.9993433081367156,0.9993013734040211,0.7766559031802311,-0.5145287589261073,0.9987478036484815,0.9993237539881775,0.907022526437325,0.20930908246181562,0.9991920153839163,0.999197419137579,0.9991920153839163,0.9100468914800277,0.6190881641983179,0.9274248056943775,0.9016962359332378,0.7039330838939128,0.0072867626574809816,-0.5313370185061886,-0.17582139980526088,0.920238922253736,0.329309068375757,0.9629419384018632,0.9621446155321176,0.9794079994823861,0.9952827783837368,0.8662827836454824,0.8477722413035352,0.8845165999372686,0.8620812707769908,0.8828084432476582,0.8834970691082457,0.8828084432476582,0.7787146313676369,0.8274870996763394,0.8291609064236971,0.8274870996763394,0.8517251854396685,0.7498244526029928,0.8389776386404345,0.8403551420011407,0.8389776386404345,0.5531217645288842,0.3800796302335148,0.517538285920107,-0.6735025513188282,0.49760115097883284,0.46223007185114334,0.4621249217363801,0.46223007185114334,-0.11207985235557608,0.8273199934669104,0.8418031017595489,0.8292407890004531,0.8761364843760082,0.2547151511916771,0.8341995400217324,0.8364092930695154,0.8341995400217324,0.8417388028315452,0.8417388028315452,-0.22561999412357303,0.6970410200515873,0.07251133045678858,-0.6364060267873876,-0.6593655287279567,-0.6602951738921324,-0.12730173094454306,0.02840419948236209,-0.1640756474717285,-0.13388666918796804,-0.5180403822913433,-0.3677960595592588,-0.8741938871190416,-0.5667313273753493,0.06370261229526764,0.064653252912582,-0.6045415221073884,-0.5979181850921795,-0.5336192337120981,-0.5871926265486521,-0.8134974816533591,-0.6018513621088162,-0.6040254517966737,-0.6018513621088162,-0.28015907265594764,-0.34000247858104826,-0.34000247858104826,-0.7929542036253101,-0.7929542036253101,0.3721804659717171,0.5972490118410315,0.8203224504673896,0.801368941419862,0.7523669234695733,-0.36919705732385805,0.6381921177592544,0.7055213126123648,0.7056819566108267,0.7055213126123648,0.09216122855196823],[0.9741934936876571,0.9628806126525669,0.44790076562097875,0.9720722042280486,0.962602355887935,0.9741934936876571,0.9547632500414152,0.9470143916708135,0.9470143916708135,0.9535821053488118,1.0,0.9318103788377884,0.9547892310480572,-0.2240564525770215,0.9544652646307933,0.8129304066369997,0.7718504003732369,0.029219085042362168,0.9599226286136512,0.9598996424488746,0.9549210888022573,0.954912223865834,0.06429816382382847,0.7023707953730575,0.9566318732374914,0.9566318732374914,0.9568329643994549,0.8520123191734275,0.18213156959429752,-0.09465258783034539,0.9628490866876426,0.9629724680816305,0.15493306734332735,0.08471340751792643,0.9640326702583759,0.9643070795458881,0.863997198479803,-0.42911052624566215,0.9422775799971208,0.9631698609208654,0.8072636587294352,0.007092807604980979,0.9653176027372509,0.9652822825193792,0.9653176027372509,0.794332815613141,0.4158098229951035,0.7785939055129522,0.8760105158686822,0.8363765474000122,-0.545403978809205,-0.6852810751157986,-0.286631810391669,0.8751008205428306,0.03896706372698103,0.9085682829414035,0.9086219259087315,0.9281225699967152,0.9611740172538495,0.8697793201745362,0.8666045351590951,0.8931207065284577,0.8727782505301861,0.8855801140610131,0.8863267342280838,0.8855801140610131,0.8179206373998623,0.7978141427878709,0.799817385066155,0.7978141427878709,0.8657333768584811,0.8839857386363523,0.8639742904067801,0.8646924104150101,0.8639742904067801,0.646860592918548,0.5686315427809091,0.648174143434325,-0.38312291290792383,0.6701187495185698,0.6891034028709938,0.6918938372428561,0.6891034028709938,-0.2720052856490065,0.8701110564797362,0.9278688854845961,0.8866870802314488,0.8842641466163844,0.11990947671438398,0.8628099351158628,0.8640433924177177,0.8628099351158628,0.8734589799671759,0.8734589799671759,0.022124360059627993,0.33815592594071686,-0.09562839043395194,-0.5540152382438933,-0.4114262129394306,-0.4134456659401471,0.03021007129259405,0.4027168563714602,0.07670678287116528,-0.07639055443527033,-0.415710447675685,-0.023078454183931348,-0.8072971370452066,-0.18502064224645118,0.2924854221961703,0.2915942128978006,-0.37560207258561795,-0.4377334219681848,-0.33307445426581633,-0.34054089865741305,-0.6792873138533447,-0.35369340856191056,-0.3558305634742666,-0.35369340856191056,-0.07889964499604583,-0.37556257275350474,-0.37556257275350474,-0.5388662967402679,-0.5388662967402679,0.5569024083198628,0.667167404591377,0.759431394098755,0.6765043821814221,0.8328134744323051,-0.46324233183777785,0.38744081487472154,0.5565280053347508,0.5568141906801416,0.5565280053347508,-0.2242285557105003],[0.98404583509439,0.9823142302016987,0.996683876822439,0.9884441043059353,0.9958129631935089,0.98404583509439,0.9996307852062235,0.9984744897913704,0.9984744897913704,0.9995863062852021,0.9318103788377884,1.0,0.9996286242000565,0.999625892491053,0.999585325372664,0.7276232222292646,0.6699367017556311,-0.4252166360479157,0.9997647174477842,0.9997683298983268,0.9996359216113135,0.9996359663759122,-0.22563766233697144,0.9659380372671893,0.9932592136038151,0.9932592136038151,0.9932358297822882,0.9906723997233141,0.09027448817168496,0.10506928341629843,0.9899831498317752,0.9900429668969974,0.9743169177752846,0.05922658538297427,0.998834900193419,0.9987821316920046,0.9986160636474956,0.9992917462352111,0.999282619103672,0.9988502969170553,0.6976090918747925,-0.4348385427310468,0.9985584116867965,0.9985687805512717,0.9985584116867965,0.9037334362306945,0.46718335590266763,0.9235520577083659,0.899726247350861,0.7050752717050249,-0.508252142608921,-0.643264707561237,0.796502277282666,0.8158602248587616,-0.31209002019461474,0.9246412428448036,0.9248460694298,0.9627768735182953,0.9929331126522692,0.8705566424719934,0.8793959185806797,0.8498569674813863,0.8519665989764813,0.8581501016888253,0.8589974524948676,0.8581501016888253,0.7033363020516155,0.6602788806349746,0.6629746293538605,0.6602788806349746,0.879337376839946,0.8874458912415115,0.8781740054418851,0.8795244891717441,0.8781740054418851,0.3705802615711494,0.30055649213514035,0.4236220282294772,0.5439345339536907,0.4239581300118747,0.46542101533814956,0.4678028206867677,0.46542101533814956,-0.40140810521351417,0.8003048478710095,0.8460656087297265,0.8282294431210514,0.8786525541426582,-0.20694249239167328,0.7940212149697041,0.7945129800192993,0.7940212149697041,0.8070227061969456,0.8070227061969456,-0.2831705576555192,0.6885931383545507,-0.39013902115298027,-0.730624171975961,-0.5435119345744945,-0.545867934459993,-0.3804769293831864,0.1819324001205552,-0.281035151791828,-0.47161658409372287,-0.6789975598867356,-0.3623138392106191,-0.6132445183699802,-0.4291860815942708,0.05694321761406101,0.05331748108074577,-0.5637778205079274,-0.5304894730025482,-0.5500027538881982,-0.5844792518474774,-0.5785106875484375,-0.553157323041151,-0.5562057038402193,-0.553157323041151,-0.4349177676315775,-0.6090230657028215,-0.6090230657028215,-0.607268728622279,-0.607268728622279,0.3675071023497528,0.3516906868342337,0.4722249960552501,0.5566673381283188,0.5456580923198512,-0.5586396745080393,0.2951975244062211,0.30810023904083983,0.30827234560355826,0.30810023904083983,0.20840732968200198],[0.9914381344619693,0.9805579463258745,0.5871968042048374,0.992923184498832,0.9969599663175458,0.9914381344619693,0.9999963185365296,0.9980931194428522,0.9980931194428522,0.9999696964263476,0.9547892310480572,0.9996286242000565,1.0,-0.1286142905734667,0.999994616352117,0.95656129717671,0.9465128180786475,0.3436235139471107,0.9998478566698635,0.9998479306791724,0.9890666342203288,0.9999971109431904,0.35269731855622627,0.6939371127385094,0.9901831100515958,0.9901831100515958,0.9853728315418222,0.9881223001442403,0.2536875343247809,-0.17340868168371612,0.9918646883735687,0.9916553778852601,0.18833988889743272,-0.23344439538394185,0.999316291008361,0.9994181492121859,0.3800646420948899,-0.3222239394322178,0.9988290856405647,0.9993539212500547,0.949858749884385,0.3235908479187101,0.9356672841620404,0.9990525440900274,0.9356672841620404,0.910178258947437,0.6184484937864924,0.9279882145952394,0.902580965234888,0.7047028517190399,0.4114173087202805,-0.0931245186747636,-0.2064436031184063,0.9249592432971314,0.3818653929041917,0.9682760060524641,0.9620644437426035,0.9780754576744918,0.9960635670718189,-0.06644200088736985,0.8471950402030917,0.8140518111769992,0.8613558367959401,0.8078703084049511,0.7732856485244718,0.8078703084049511,0.7796765449449657,0.7750514408349138,0.769817305203502,0.7750514408349138,0.8505441152595674,0.3361148228384466,0.5490926321083177,0.6243278802255652,0.5490926321083177,0.5537726244711161,-0.3560636844897867,0.5186996029561723,-0.6512934555871126,0.44014490567829334,-0.11696715101946853,0.39373964740430534,-0.11696715101946853,-0.1547585488602828,0.8269345221809282,0.8420669166063981,0.8290398068885645,0.7472955440799514,0.3326449797426483,0.828531691381245,0.8302208059448816,0.828531691381245,0.7392764053299369,0.7392764053299369,-0.22356449873419576,0.6959746902179665,0.24949385875438335,-0.624113255190868,-0.6200278222341958,-0.6230911773280474,-0.12375045441937184,0.025635949692991763,0.34678611285540456,0.05102211439340312,-0.47281436931138254,0.08563576960564724,-0.8271866661166948,-0.138990452344347,0.0648215114039168,0.06542826778498582,-0.6027236193497358,-0.6016302528669507,-0.07087748913308319,-0.5852077634714039,-0.8407022403486283,-0.36225558037121375,-0.19105517026193844,-0.36225558037121375,-0.277505138050766,-0.33639801863881064,-0.33639801863881064,-0.8334978386501357,-0.8334978386501357,0.3719765711848599,0.5986387631539505,0.5018208365322329,0.8059728576216717,0.7540093970488284,-0.3406851691186327,0.06231399658083797,0.7594102585049428,0.7780623425012883,0.7594102585049428,-0.14568842510650012],[-0.11109511882790023,0.9805313693905803,0.5094638989282513,-0.1150015219443341,-0.3172835510381169,-0.11109511882790023,-0.12894305697969743,-0.1377317399332533,-0.1377317399332533,-0.29535290345169724,-0.2240564525770215,0.999625892491053,-0.1286142905734667,1.0,-0.12801900866003518,-0.14789465781263453,-0.1263799841515872,-0.29728056320658913,-0.12938430323257777,-0.12995671957607935,-0.25010653072469674,-0.1295903744762146,0.030524699414277257,0.3110715922328149,-0.1608057880237741,-0.1608057880237741,-0.16113594212495333,0.9881089289444166,0.2540909122947187,0.18798773574203842,-0.16764316884054625,-0.1682354643807213,0.5396065483850844,0.12316800598371809,-0.12727456317979866,-0.2818480459814434,0.17530863739942332,0.9566880296122032,0.9988277862757314,-0.3116967379813102,-0.14612996280931864,-0.287347190469304,-0.12747754914096765,-0.12861829074906939,-0.12747754914096765,0.9102239399079206,-0.11384761666734484,0.9279477999793901,0.9025166200010535,0.7046806982712077,0.0860054102436673,0.24923567572422764,0.6452695668873054,-0.25089883766918525,-0.2982322520923614,-0.0524657144939464,-0.28286415678556454,-0.08865745179992242,-0.15828987857618684,0.04271010858355953,0.31448825742640074,-0.003799249554980158,-0.27201244265881835,-0.0014777938052775266,0.00758539352441765,-0.0014777938052775266,-0.37132965777323784,-0.08873998638329908,-0.09084788246423578,-0.08873998638329908,-0.17178501106373475,0.08119605050990039,0.05973380252586938,0.0596541979021355,0.05973380252586938,-0.3856324750257169,0.0069957070938433145,-0.35039150061284974,0.6177302215668954,-0.3182226201933346,0.010746479286142592,-0.048176226536107605,0.010746479286142592,-0.3077057049571288,-0.30456804578271773,0.842060425563399,-0.07026552035976777,0.03004936563938961,-0.22551351109150397,-0.23232824745179595,-0.23202326366655343,-0.23232824745179595,-0.009893119963619803,-0.009893119963619803,-0.20661429281393273,0.6959157782276065,-0.16064865864300978,-0.03801587505931582,0.18881998304035721,0.18729632731930845,-0.2549732314510221,-0.00344918320317348,0.019477877256684286,-0.1795004301042168,-0.12310614845122446,0.038645235027656676,0.3723054669471024,0.10803778158135402,-0.03464586361437329,-0.03852186211167721,0.07801338688877217,0.563465181290119,0.08624365575453113,-0.20931913828665596,0.6012075449796709,0.08852010868460047,0.09706347462420274,0.08852010868460047,-0.24233701857892734,-0.20147073514427158,-0.20147073514427158,0.3144402526143814,0.3144402526143814,0.3720466040898671,-0.2437932869092894,0.02417080394269979,0.0977341444788977,-0.2350779479655339,0.0645710727944692,0.15819379560147256,0.10974603637856875,0.10965754348677423,0.10974603637856875,0.12418590647232866],[0.9914988840928759,0.9803614708490148,0.5874819995500283,0.9929574506894426,0.9969893873486536,0.9914988840928759,0.9999928159034436,0.9990627578797966,0.9990627578797966,0.9999738909165781,0.9544652646307933,0.999585325372664,0.999994616352117,-0.12801900866003518,1.0,0.9538700049689682,0.9344366505907507,0.34374277432413824,0.9998506988083146,0.9998506700444354,0.9892175003924792,0.999994561426448,0.35336555140748843,0.693781354740568,0.9935832275438053,0.9935832275438053,0.9934778343576126,0.9880174057011933,0.25395479376900726,-0.17345470915131148,0.9926297290898323,0.9926781626439999,0.18910334886032337,-0.23328090008025285,0.999365115682556,0.9994172104933008,0.3790327794126805,-0.3213948526632909,0.9987731848591824,0.9993567946143468,0.9493803050432954,0.3237343597700693,0.9351751997155899,0.9991070192823973,0.9351751997155899,0.9104574028305283,0.6191580933156546,0.9282984050109901,0.9028992048583374,0.7044170411401104,0.41281177875845565,-0.09154156767045993,-0.20665046097695744,0.9253405681668464,0.38214730344915454,0.9686864517274919,0.9624104748767082,0.978359261827392,0.9961010902961974,-0.06746058986667539,0.8474726052422612,0.813972011057547,0.8616042756829024,0.8078289571621052,0.7728732510884657,0.8078289571621052,0.7798705946769484,0.7750039750044677,0.7702215062339438,0.7750039750044677,0.8508799215243461,0.33543596788806823,0.5485871255883333,0.6243526715463426,0.5485871255883333,0.5536111169523069,-0.3572310676928125,0.5186120968776701,-0.6514556461825941,0.4397638183133292,-0.11796830352505411,0.39339209647868734,-0.11796830352505411,-0.1547045043050075,0.8270679841912737,0.8417219040392424,0.8291497751151938,0.7381554734419975,0.33302783380360124,0.8286475070479441,0.830325945866951,0.8286475070479441,0.7390859054133769,0.7390859054133769,-0.22511717726643954,0.696820874194499,0.24999563294258056,-0.6240960392913024,-0.6204054893040731,-0.6234732027535194,-0.12490700311693204,0.024403628592154458,0.3470949884999803,0.05058190010652601,-0.47306048254752503,0.08571720235529875,-0.826339744035725,-0.13883077829838977,0.0638067456954548,0.06440868547637843,-0.6033496310669589,-0.6018957270066821,-0.07029668836428535,-0.5865041721755053,-0.8406992390993856,-0.3621919052592743,-0.19049673379235246,-0.3621919052592743,-0.27848086959396234,-0.3368704048794789,-0.3368704048794789,-0.8338456824894546,-0.8338456824894546,0.3721432503165285,0.5983074353662954,0.5012879505886754,0.8064161850629107,0.7534481639861892,-0.340218519106701,0.0616454228646079,0.7598136106011042,0.7786697727844898,0.7598136106011042,-0.14536862206638287],[0.9287520320096337,0.6693756186966302,0.5219782421597067,0.9296121162533265,0.9015387045139708,0.9287520320096337,0.9565860688706704,0.9548691244947289,0.9548691244947289,0.9163290446643728,0.8129304066369997,0.7276232222292646,0.95656129717671,-0.14789465781263453,0.9538700049689682,1.0,0.9964101640280258,0.397803622411889,0.9478384712556208,0.9478343401140492,0.9193217893527958,0.9535142217609749,0.33467103528118664,0.5956260103649937,0.9461944598891907,0.9461944598891907,0.9359406950883108,0.4549766583310103,0.20634098897979591,-0.19011530789791797,0.9585231206330519,0.9577586531602571,0.15935961223777512,-0.2591945953619634,0.9550707272799394,0.923433379269135,0.32941501718275457,-0.3213442682020287,0.736048061226011,0.9132769630017076,0.9984943486708094,0.3789116119992525,0.8844061195836839,0.9548556997818823,0.8844061195836839,0.6587018159389317,0.6020131108713989,0.3885375167092182,0.36705051340620715,0.4938425564223267,0.41289571384800405,-0.07151762969856164,-0.21081628028105923,0.8721305961870984,0.40409880240181933,0.9340573536487818,0.89558