var element=document.getElementById("correlationAdjClose");if(element.style.display!='none'){var correlationAdjClose={"data":[{"type":"heatmap","z":[[1.0,0.9999938017780309,0.9855479996290829,0.9999279428356448,0.9991242955188468,0.9850346104250137,0.9979184058959528,0.9961328374353827,0.96939851375876,0.9964506976108104,0.9946152906724244,0.9942089249712195,0.99624857524541,0.9962832010407286,0.9961778122564386,0.9976829296621712,0.9979326720392544,0.9984136677770251,0.9967619640791481,0.9967704291372049,0.9968189399261361,0.9962048228913926,0.9874046294067972,0.9714911776161649,0.99004701776491,0.9568739751655629,0.9890656592326548,0.9880796906412902,0.9683294783358853,0.9529118641661242,0.992899190757655,0.9941107027024524,0.9925074100547608,0.9775762253643291,0.9978213692538876,0.9980388277859347,0.9975928124664843,0.9963032312598399,0.9959318562629119,0.997933605798601,0.9987842280711907,0.9988310041340729,0.9977827613130109,0.9977888883679569,0.9768298564276414,0.9153475455405252,0.9500848039698544,0.9259456070574085,0.9272937757248367,0.9048996006730226,0.9633327174186425,0.9485590282951898,0.9650622457984374,0.9661426369740479,0.9557881081860414,0.9843848373978802,0.9815721894989236,0.9905450566125504,0.9944564337508348,0.9869751428069896,0.9828138440515353,0.9883950552638343,0.9866214636699786,0.9889439958067412,0.9887695732170932,0.9641592810244717,0.9751879002733067,0.9762107982276276,0.9758936630343925,0.9534163479284845,0.9809320614937032,0.9780694574836694,0.9852308887919634,0.9845288234154758,0.9428332372421239,0.8898718162936421,0.8571857505756162,0.9057463425356123,0.922670021173742,0.9200279190335667,0.9205989266068648,0.9192640715048856,0.6981536975539334,-0.5582908781631347,0.9811987047933761,0.9767294710025597,0.9734786715532587,0.9876784926246459,0.9751135722252734,0.9848589678903957,0.9848459865355942,0.9497446530163759,0.9850198584419443,0.9527001193556559,0.7743871345740981,0.9077810662303877,0.9292418113110428,0.8025490526459911,0.9514556082212222,0.9522337136509196,0.9003217192026937,0.9655474421766019,0.8958254034996234,0.6000656772601677,0.7223146059435471,0.9028206984303908,0.8708917974241125,0.893968255800301,0.9743689109634485,0.9745479724873334,0.7834200376874527,0.7385708853393231,0.8250873195515224,0.42295730859823855,0.8033715478986454,0.8293427740324634,0.8245076089962612,0.8161701195713745,0.7811823318162977,0.7517653799754047,0.7347519839539332,-0.2751558690375049,-0.41457681885348396,0.6616533826155271,0.8915018984010443,0.9344846823451995,0.9422108097142322,0.9073614606340433,0.8257375674056238,0.909635997115652,0.9279263109175527,0.927674178579002,0.861911385426765,-0.16632566631204135],[0.9999938017780309,1.0,0.988168667937267,0.999834153764883,0.9982721848897709,0.9900013599761832,0.994644643252706,0.9917787871262456,0.9849931708685817,0.9917953386187089,0.9918061973253026,0.9935292685966473,0.9919263655358757,0.9917959371234246,0.9918568048804973,0.9940646068575837,0.9966433524488624,0.9962803108951389,0.9942496568843331,0.9942314166266585,0.9918502806124277,0.9918743031055292,0.9918607733487064,0.9740267300524328,0.9886751147492977,0.9821562471184031,0.9885799078796932,0.9880199170920535,0.9809702625696256,0.9343477743207579,0.9891703454621131,0.9867928150521355,0.9805446534323791,0.9330739003012909,0.9957063118976107,0.9956056492609362,0.9958355258145402,0.9923216425126807,0.9953377786190819,0.9958414718948735,0.9971242018689974,0.9972680557424947,0.9958232666011355,0.9958092640459519,0.9898558895220232,0.9149794429137268,0.8888583748497944,0.9255252032253439,0.9270966735847007,0.904876113171641,0.8792120376223818,0.9237588053627295,0.8818591294903769,0.9111369519862216,0.8788021595584672,0.9548059098051107,0.9546411730778779,0.9686715015867429,0.9845733926501924,0.9823581387889353,0.9846779043099145,0.980322982651583,0.9806326686513167,0.9821193318707664,0.9820513829180658,0.950752416164676,0.9621275086292194,0.9393385446101287,0.9392514470913494,0.8715789788440735,0.97908198115108,0.9806263619899372,0.9808135028263633,0.9804172405574374,0.9520182214778075,0.7656989681099693,0.7225476628860604,0.8301637167277911,0.8942998970977619,0.846698406567622,0.8710094371791317,0.8697347559672352,0.7239481191689635,-0.21504207807231202,0.9701073748671662,0.974249918047333,0.9699132650378015,0.9829402567973513,0.9677927237117088,0.9731735397992157,0.9725717333212812,0.930863497097971,0.9750414222900913,0.9340302276818506,0.6908525183227237,0.9072242862528177,0.9052601065243584,0.4942373175381649,0.8269115207486475,0.8315943545279596,0.7397929681187373,0.9665688615623041,0.7125886706207705,-0.2926212570023888,0.2154559616355008,0.7398486210917584,0.6885182878378959,0.7323768130706998,0.9681084552912196,0.9680734247299011,0.1351107323638273,0.30734346461354284,0.141902241010074,0.11352110775553934,0.13552483738400342,0.1501962636162629,0.14663365529693317,0.0682832032292246,0.5011087574691419,0.2318739502524037,0.18108088013699988,-0.4407469032317122,-0.48551088129080255,0.6619530743799771,0.7496120555964227,0.7738322045238512,0.8348526620361076,0.81776218520373,0.5681747557430132,0.751934980376954,0.7683016915784847,0.7661453748376292,0.4182289395242691,0.210171280932817],[0.9855479996290829,0.988168667937267,1.0,0.9869591625662545,0.9931340462864877,0.9915251584979965,0.9899077343579796,0.9905630700714061,0.9906947614011203,0.9932717938803042,0.9972692837121755,0.996420631128135,0.9904294074108508,0.9926453013609484,0.9906210683026808,0.9900439273831974,0.9908434965083907,0.9901719356713939,0.9892764917512463,0.9892357789131815,0.9921361912989338,0.9904370979040316,0.9947312714829708,0.983792830769668,0.9912474215311268,0.9807467742761176,0.9918058872190567,0.9870390117349003,0.9861191825600408,0.9589460439977553,0.9697365302270237,0.9739065664071505,0.9765813162580727,0.9535613967385416,0.9871999119679374,0.990287815465985,0.9886657107570829,0.9922397773763045,0.9947429216524668,0.9910754972292318,0.9850845586489156,0.9878955734529316,0.9875410755742162,0.9869011624337766,0.9920778910989932,0.9102708283083825,0.9329149763942992,0.9393354368775144,0.9205673914345086,0.8598731053014177,0.9211702884549348,0.9035385159744193,0.9238064381711374,0.9271900584792251,0.9121149569598769,0.9494291320701973,0.9578980321491862,0.966654838461926,0.9777844016184007,0.9393909744563324,0.9643502195723439,0.9628007684767834,0.9697539869354034,0.9630559570760324,0.9375535167522142,0.9216432436773074,0.9454163170043665,0.9352295559201129,0.9165258559241656,0.8932676001906006,0.9701830167151161,0.9485134909077585,0.9625891202195832,0.9415797196882346,0.8247308911668801,0.8459976410817921,0.7636878470959593,0.8646233400275627,0.8924276315265808,0.8938859014605031,0.8608377423861334,0.8752232417606831,0.3992999708358907,-0.5478343141342203,0.9599861777800767,0.9469098760744403,0.9464216600520001,0.9394333827839397,0.9544190100288134,0.9625323341083449,0.9620941305997779,0.9332113619872113,0.9576885926222197,0.8768798095952782,0.7571528962800591,0.9507987365359978,0.9502454831090983,0.7791852463661937,0.9380227188982467,0.9397310995906417,0.8725954343342929,0.9801008906045678,0.7759038323101934,0.5036982979115203,0.6647432864362968,0.796998829448055,0.7971193226100814,0.7781674822845424,0.9825353022833953,0.9825835144913302,0.7111641000187725,0.6835323452471346,0.710706690188558,0.3683566881358622,0.7025148582657036,0.7136026288656632,0.7264322633694791,0.7121749330797468,0.7420798388003937,0.684764019559179,0.6665762821583505,-0.33792497536394706,-0.4769810354575012,0.6263152860234396,0.8516077911369899,0.8814101062608725,0.8868657840349012,0.8782664537171956,0.7569345923468346,0.8587120417019958,0.8703698747423796,0.8777348185664687,0.733044719296429,-0.08827586126412604],[0.9999279428356448,0.999834153764883,0.9869591625662545,1.0,0.9993697030363183,0.9862007677609789,0.9981633075391539,0.9965617676014119,0.9716760709966137,0.9969174891578511,0.9953090354986757,0.9951178835854173,0.9966593631465861,0.9967821795239549,0.9966061716110902,0.9979581477181787,0.9982697236072177,0.9986729783623678,0.9971370853032606,0.9971426493052897,0.9972151831193083,0.996619873216098,0.9886188454624218,0.9729314997677264,0.9910171929939559,0.9595274056300154,0.9901438177764681,0.9895844596798845,0.9703559665514795,0.9541407679186048,0.9922123826339149,0.9936177094639302,0.9924322320847673,0.9771354491494679,0.9979054496584612,0.9982327902443902,0.9978207043661095,0.9967679159091036,0.9963843171992676,0.9981589774770596,0.9986800164315695,0.9989079225245665,0.997862626854938,0.9978651983191155,0.9786940170121301,0.9113982582741925,0.9479117489932846,0.9264940051864967,0.9258356899179,0.8980393053641029,0.9603530305915255,0.9452266775792496,0.9619903748142377,0.9636063304329551,0.9529330248986404,0.9822591239352745,0.9800177438499239,0.9896702997728428,0.9942558152399155,0.9855750518124687,0.9817830216681174,0.9871789642684297,0.9860613718167752,0.9876493404635353,0.9874661793442904,0.954300979670154,0.9739950484232847,0.9747466338359438,0.9744245219144084,0.9483455273739636,0.9805248970297833,0.9752802368211477,0.9838311313479596,0.9830922436277674,0.9223955289474349,0.8884041954336862,0.8533906765592675,0.9040863354370635,0.9199001696580602,0.9195642269345609,0.9182055343221547,0.9169113685866813,0.6064252428773537,-0.557782521464304,0.9804176678912768,0.9755851295355815,0.9721170940136638,0.9862805934425292,0.9744146194932775,0.98413022138276,0.9841100100506084,0.9494185926988761,0.9836263331382845,0.9377185877610567,0.7783952854036955,0.9132370561496398,0.9333054581413617,0.8043010483141465,0.9527587911219078,0.9535642286896565,0.8997914864691059,0.9667851162078942,0.889598668207487,0.5962552357238525,0.720471309646134,0.8972352705128953,0.8671441392996819,0.8881093449148051,0.9751950433250774,0.9753801975083257,0.7821367423024413,0.7387141993905091,0.8170406581749357,0.42478851156895175,0.7974709419001788,0.8210182959672628,0.8161082155238875,0.8106566328836102,0.7834241794856155,0.7515241014378288,0.7345955141031201,-0.27056364118356513,-0.4138518292627515,0.6608833990774775,0.8894465824698179,0.9324554778272502,0.9402535253009375,0.9059381999572315,0.8227990887319608,0.9074790849404041,0.9255011469894303,0.9253989298564224,0.8544809021583163,-0.15911227914954845],[0.9991242955188468,0.9982721848897709,0.9931340462864877,0.9993697030363183,1.0,0.9890902037320265,0.9991030737490288,0.9985495162597312,0.984009042233036,0.9985498741076052,0.9981499342915958,0.9981938527638382,0.9985780194706699,0.9985819803533929,0.9985816043236022,0.9990795954513704,0.9987185082739815,0.9993052335010052,0.9989007034069317,0.9988966263338357,0.9986383075538249,0.9985670046409026,0.9945001953123862,0.9805434929715351,0.9949850667022654,0.9768799029302305,0.994956606479073,0.9922952891719397,0.9831519842269952,0.9574857365631467,0.989211251706034,0.9918965239828897,0.9896488314825304,0.9690917775356572,0.9989445331934459,0.998996551274487,0.9990139558276843,0.9986573214413813,0.9986833729469338,0.9989884542816571,0.9989790707089181,0.9992031874573457,0.9989477911923537,0.998941823912527,0.9883364863905174,0.9214209764174526,0.9471080136592769,0.9377661072549784,0.9299504727648149,0.893662276806925,0.9468371875111395,0.939364687242602,0.9511212341443275,0.9569852052495823,0.9456944779610363,0.9794269898291176,0.9793071546809533,0.9895548644799406,0.994070056722758,0.9824373113423278,0.9765161542979112,0.982963278251233,0.9824365624253181,0.9833154063484942,0.9831150158072309,0.9550688648465823,0.9657765592237099,0.9605714295337223,0.9601913980797755,0.9230089791216906,0.9779426928224434,0.9743210639924756,0.980116546304032,0.979326930436148,0.9405264981506529,0.8685611629001039,0.8311004475249452,0.889508569169587,0.9246667993425741,0.9092146736098615,0.9163011547011443,0.9151868797945251,0.7535041928715596,-0.5695495575490558,0.9744891586353367,0.9659832677984034,0.9633304587862005,0.9833557194786378,0.9653823405962922,0.977951589547858,0.9776061132874235,0.941277300589668,0.9794949481067698,0.9439504346676487,0.767918328349192,0.9281630527841642,0.9531708301101793,0.7676389270482847,0.9401681185446947,0.9416483591206499,0.8939719968618248,0.9717672546002349,0.8879500998022991,0.43660912285073933,0.661907047962325,0.893771555020165,0.8427658407614448,0.8891909211124054,0.9787154532905358,0.9788574576814859,0.7466247340977988,0.7222659606510449,0.7505898963795543,0.40289061141997584,0.7017620944527578,0.7555173607493999,0.7508200442589653,0.7142527582132069,0.7701611217949541,0.7365585925646854,0.7187580402345626,-0.47686907464449646,-0.5580854963086419,0.6556011361275089,0.8839283384051354,0.9181161725652485,0.9342243830403785,0.9037663454359173,0.8036595963991978,0.8953878260580258,0.9119171030810846,0.911275545076295,0.7908885511235975,0.05074790624366447],[0.9850346104250137,0.9900013599761832,0.9915251584979965,0.9862007677609789,0.9890902037320265,1.0,0.9842479371976579,0.9851192729373652,0.992565956128573,0.9845613912401335,0.9803203831361951,0.9794879565842497,0.9849885561043925,0.9854930700053526,0.9851896275560532,0.9848467439485703,0.9881688626513766,0.9860005598847152,0.9858716412127603,0.9858674207637004,0.9840281484379901,0.9850896443467303,0.9954989811841172,0.9934539730597626,0.986408770543999,0.9867363244279016,0.9866598362943352,0.9774215938933818,0.988144327243251,0.9737420040311445,0.9631520966511603,0.968721173922379,0.9775258761729433,0.9665460223525997,0.9839220445787934,0.9842962975046242,0.985112675553203,0.9857596984908268,0.9802133706342652,0.9847549746811974,0.983134438893922,0.9848356467907108,0.9841039430560429,0.9841061327664108,0.9959969205353679,0.869555469513761,0.9254709551460448,0.9066571373113037,0.9189241311260034,0.878044417219106,0.918447365530279,0.9092083828317506,0.9210452953483238,0.9351997526642316,0.917032282461213,0.951050992291245,0.9561656671389985,0.9625598601966516,0.9719606137591981,0.9705073059559387,0.9862316400490364,0.9721740679542078,0.9839043822652683,0.9717663277508048,0.9711930020137687,0.9761590098294369,0.9680515562064619,0.9477838008469469,0.9472192081515632,0.9460585313596949,0.982437387641694,0.9750635979575105,0.9718271091644459,0.970457840204255,0.9628310489584385,0.8896752302640025,0.8436130000280827,0.9070587274122668,0.9157244060674786,0.9250001651480265,0.9060179579334035,0.9037907048767829,0.7287131542657078,-0.5079038499916068,0.9803438667861083,0.9816083097258604,0.9773616979198111,0.9713964672960218,0.9726772980364169,0.9791340928391893,0.978705438314117,0.9677276818380282,0.9685624671847468,0.9666267554363732,0.7799910863091908,0.8870228666581447,0.9528152421086012,0.8134631931430499,0.9418373272576798,0.9428559212963553,0.8682824709921937,0.9593134237716824,0.8367414914396964,0.5245386657424589,0.6867379660344948,0.8463728115507204,0.8206441419043325,0.8358244465710588,0.9598501363254344,0.9599687993752495,0.7372375181221164,0.7152667364315609,0.7530918798165115,0.4267889898955173,0.744360833866535,0.7585444130538759,0.7522970958363514,0.7491293928752746,0.7650245438893915,0.7135445114272155,0.6992448198905311,-0.2983216554597652,-0.42840286121096555,0.6691520449616765,0.8578952846705121,0.8762369634150797,0.889643744200268,0.8687151538639034,0.7831253894859691,0.850687071378057,0.8681273762280869,0.8680689346936651,0.8096231146226474,-0.12351140587786257],[0.9979184058959528,0.994644643252706,0.9899077343579796,0.9981633075391539,0.9991030737490288,0.9842479371976579,1.0,0.9974990266161718,0.9572781987436745,0.999603379588986,0.9995562998296782,0.9995755917484397,0.9983988767366233,0.9994687977346733,0.9991730574627625,0.9998903525679478,0.9965341017417179,0.9999033410227989,0.9993696590305093,0.9993748684524028,0.999709107114637,0.9993192566445228,0.9907398856068852,0.9746769061186714,0.9857181039736473,0.926415357681252,0.9934726888023951,0.9918853121778329,0.9738788059078162,0.9512103273275332,0.9916073455306409,0.9918360267007323,0.9934560709782564,0.9745427800651495,0.9989934167350563,0.9998493396414178,0.9997105358474969,0.9994765819132251,0.999762099549098,0.9998334196938182,0.9984902883412554,0.9997322527222853,0.9993791484003823,0.9990289189165386,0.9807939161730242,0.9292975772203663,0.9506391327403213,0.9475030330786872,0.9378266555637489,0.8940333891427771,0.956928559400527,0.9448757673097653,0.9592469992827667,0.9610122111886782,0.9515271899863476,0.9813392765411165,0.9805921299259929,0.9916102994222646,0.9963565173645483,0.9494581280870826,0.9646693069860555,0.9739752590195099,0.9746750251836591,0.9755220488140953,0.9494600503610328,0.9065010543644966,0.9572578641394189,0.9622781991003009,0.9406511825011067,0.8976298952610122,0.9685263638654742,0.9417849900687786,0.9687365915481327,0.9498206363850175,0.7853952221210475,0.8624392078860288,0.7842076901953893,0.87729670528169,0.8944779206691589,0.8991590417334834,0.8777129010287114,0.8897106271225939,0.34887634888190167,-0.5912883497794256,0.9657899835235684,0.952400227260307,0.9509951121366033,0.9509797316778182,0.9616963082877213,0.9719521340021318,0.9720241457937108,0.9309565556115675,0.9687426628867468,0.8536261220961563,0.762609132198493,0.9288383201550433,0.932694421874116,0.7926982207237363,0.9507350445745533,0.9517042728865795,0.897363620937113,0.971223344641427,0.8321409289678905,0.5888632898592889,0.7129211893379557,0.8555344640136394,0.8476498007043451,0.8370585197479858,0.9789965806474641,0.9791868977548085,0.772298837984788,0.7196859597225286,0.7820946209851348,0.3974433522327924,0.7759482472420001,0.7940175968087921,0.7884047539666501,0.79195900090257,0.76718340398458,0.742384812000544,0.7237008842512296,-0.28534717109160385,-0.4361074079039098,0.6727655738676656,0.8878463636030351,0.9234177507137212,0.9403313647987558,0.9094510594179523,0.8234732183442643,0.9090111110180077,0.9283889983885464,0.9270779160442537,0.775120781873579,-0.1262713134394092],[0.9961328374353827,0.9917787871262456,0.9905630700714061,0.9965617676014119,0.9985495162597312,0.9851192729373652,0.9974990266161718,1.0,0.9681388221881349,0.9999998254319078,0.9999992895390188,0.9997455654407668,0.9999970601765288,0.9999924630010792,0.9999981929430152,0.9993052170313445,0.99125681123527,0.9994390788918748,0.9999069650754938,0.9999062635726128,0.9999638980439157,0.9999985471586591,0.9911602289239669,0.9762358141213254,0.9927400142732743,0.9405101893880117,0.9939719825694318,0.9900610625400134,0.9760833626055783,0.9505478188594136,0.9879160122697531,0.9938146566723873,0.9919924475736401,0.9714376253922797,0.9994619194415787,0.9995585743316098,0.9996660799776785,0.999737149171798,0.9991827808899717,0.9994893808929344,0.998190164246351,0.998797159945477,0.9995334277205591,0.9993964536941234,0.982448264590032,0.92909220853135,0.9478564670274239,0.9514148612794937,0.9360911890983845,0.8829925687583718,0.9551740420372483,0.940291451643221,0.9571275003703259,0.9552159071776288,0.9454281873796591,0.9792964092776301,0.9775962066160109,0.9905486158559847,0.9968779876067023,0.9445598489602604,0.9605936933944123,0.9677131748511296,0.971680372047557,0.9696421254917307,0.947755154116853,0.8990562437223699,0.952613504744496,0.9556077438621895,0.9352934309434725,0.8857549885340753,0.9658750854431118,0.9357356161765219,0.9634001403502441,0.9452705387550853,0.7729296291998362,0.8545960745620058,0.7798204554034515,0.869516992234497,0.8874632653945373,0.8947083329872115,0.8733795538256898,0.8830350621801518,0.3315206379831606,-0.5955410226481223,0.9617232884764331,0.9459982515729191,0.9451132690768184,0.9490368937467941,0.9572239449152886,0.9679519409847546,0.9680088453007101,0.9263237840626309,0.9620629832634591,0.8427980795311535,0.7595556026128514,0.9427405772381119,0.9434089825769582,0.7891419809421532,0.9504927093471375,0.9516144328824347,0.8948184874725192,0.975174673197102,0.8350438251196337,0.5745472885366286,0.7041575284811902,0.856487741405488,0.8444668002946888,0.8391930320587052,0.9814461702435376,0.981640694813458,0.7633069776976635,0.7120100418244204,0.7833576619462124,0.38495021161652576,0.7707865461153752,0.789445923715303,0.7887972993459156,0.7863490359896055,0.760960246260338,0.736585642553646,0.7173229165566796,-0.3010392852818241,-0.45074581730666735,0.6586943639976878,0.8802602882514189,0.9208741648473006,0.932740077783795,0.9036489096596401,0.8126913283343519,0.9025621538004159,0.9220879767659618,0.9210455188175616,0.7562324193656198,-0.10929608384785695],[0.96939851375876,0.9849931708685817,0.9906947614011203,0.9716760709966137,0.984009042233036,0.992565956128573,0.9572781987436745,0.9681388221881349,1.0,0.983174454612219,0.9874274234950773,0.9896986354529697,0.9718188314730035,0.9801512239669687,0.9767341068621282,0.9746219125784388,0.9491858074383621,0.9794046065990702,0.9774935858140412,0.9774416110604769,0.9816394132180344,0.9765872783857708,0.9939766410353829,0.9926704404043738,0.9810843363646448,0.9886424479521574,0.9841363456241042,0.9899897901931826,0.990456150163054,0.9673487347437916,0.9278422703049812,0.9494498008124489,0.9655294036570121,0.9492643623884792,0.9711216618223121,0.9794888943659915,0.9762240474746963,0.9785867844487068,0.9878349387904006,0.9806296718592482,0.9671030190757406,0.9764923816979167,0.9719682469104741,0.9709145432179063,0.9989465012974843,0.8879554689787623,0.9165783114282383,0.9419584409569703,0.9323687344543764,0.8556297932454545,0.884350286120241,0.8809926060416533,0.8881897648634224,0.910326094192102,0.8914654098402466,0.9279756467829464,0.9434434235175542,0.949483874782104,0.9616626951514151,0.8989178672472977,0.9654161289508069,0.9420216776019619,0.9633215877147435,0.9420423569179721,0.8969699626684303,0.9107221321702207,0.9384519166820697,0.9103158316538293,0.8732529229810265,0.8754977061141532,0.964833062597872,0.9157025841868812,0.940413330081139,0.9019320576315079,0.8113158256874574,0.83850392866547,0.7192092112834257,0.8591318403595718,0.8730554751216756,0.8867960486856695,0.8347349183494301,0.8533555347669927,0.37665232302301516,-0.5329014802378722,0.9540954288710285,0.9493358583326609,0.9456049254569331,0.8977687572724415,0.9439581682963758,0.9520982942700884,0.9514616809208961,0.9357116941928147,0.936345552017351,0.8630655877889171,0.76343233034169,0.9341182526332542,0.9587496619375359,0.787734270188013,0.931179306435181,0.9328381095413426,0.8502254355333838,0.9675980390624261,0.74235798204294,0.46673112016964063,0.6458736227660911,0.774469173052438,0.7740748466648132,0.7526676388440039,0.9669807179544206,0.9670111915978052,0.6921471265007905,0.6728365442944136,0.6761078121310892,0.3758256929751933,0.6844541933566113,0.6919284638708312,0.6763006565899139,0.6906006734430331,0.7349256726595588,0.6791681227701808,0.6622661071854082,-0.34456016409305323,-0.4799475809596405,0.6702371147066001,0.8365091688939224,0.8344196442304487,0.8616282531793173,0.8575045204071651,0.749594865290145,0.8142566984495984,0.8400445386880726,0.8340563302415168,0.7051739161503012,-0.0480315948984598],[0.9964506976108104,0.9917953386187089,0.9932717938803042,0.9969174891578511,0.9985498741076052,0.9845613912401335,0.999603379588986,0.9999998254319078,0.983174454612219,1.0,0.999999113290366,0.9997503571794826,0.9999985151505587,0.9999912455691357,0.9999976944206606,0.9996694103690382,0.9978049540536278,0.999434057993323,0.9998795195670577,0.9998792458434824,0.9999765572782996,0.9999990165396256,0.9937398919466055,0.9777959855027214,0.9960393831401598,0.9736319029363648,0.9961243192826913,0.9900389477589365,0.9804298734636955,0.951790730623511,0.9893978132378866,0.993556682918014,0.9894568189392872,0.9678923281342487,0.999482671963457,0.9995500075428831,0.9995621691009214,0.9998265973055077,0.9991962912299636,0.9994971120095579,0.9983940001259403,0.9988379858830531,0.9994867564209325,0.9994799596069144,0.9867760208003028,0.9290199548636746,0.9478938815493427,0.9512148658556198,0.9358868213805182,0.8831367600410651,0.9448488941283536,0.9338440431502472,0.9485397670361928,0.9532479493845665,0.9433106282738516,0.9779171695163195,0.9776312525055108,0.9910925188966727,0.9966567618574251,0.9726744202866779,0.9605402637404168,0.9732670842912285,0.9716454536638656,0.9737134035480564,0.9734597959754446,0.943213921278142,0.9525381291490295,0.9511080525082052,0.9507701249212109,0.9117785628028476,0.965811924424343,0.9648773143735507,0.9705550937619591,0.9695763487569877,0.9275001475977144,0.8546464566211456,0.8113613208708141,0.86927856526671,0.9078634927878843,0.8947585688104976,0.9008025855304842,0.8999337129654396,0.7063559433696283,-0.6051568257330613,0.9616866394494653,0.9460023645750136,0.9451269148198458,0.9738108580213256,0.9526463414772856,0.9675754028416588,0.9672014186167092,0.9270370127146793,0.9693523515498973,0.9300268121330904,0.7595670747194102,0.9424301289340398,0.955465393457398,0.771844110104124,0.9438454196344166,0.9451356842859034,0.8948906929371322,0.9743213695174463,0.8957406756368493,0.4746619007072824,0.6794409823129803,0.901502964228846,0.8509947942520962,0.8970561033144662,0.981404788823106,0.9816278660271452,0.7633757666791299,0.7117450150901351,0.7666075642319977,0.38507566014663336,0.7191512029935305,0.7715818196042757,0.7668691194019037,0.7331876623388268,0.7606975231410232,0.7365491727945148,0.7172589046907872,-0.5222565778497282,-0.6041092653187048,0.6586880621235855,0.8804098072994784,0.920349642300434,0.9362458402183775,0.9038618902024357,0.8090852038010952,0.8965462094545353,0.9138624246565263,0.9131269636586011,0.8028973549440364,0.11675570113046102],[0.9946152906724244,0.9918061973253026,0.9972692837121755,0.9953090354986757,0.9981499342915958,0.9803203831361951,0.9995562998296782,0.9999992895390188,0.9874274234950773,0.999999113290366,1.0,0.999750429131976,0.9999963094354168,0.9999946300005331,0.9999982707804825,0.9996500503557123,0.9974281244608451,0.9991519421824737,0.9997748534612695,0.9997741151087067,0.9999983895574996,0.9999976917083667,0.9928163393750935,0.9727187523090765,0.9950519643214116,0.9814744406668332,0.9956570929242592,0.9900552044589447,0.9823460316287023,0.9432010956975608,0.9881928603894216,0.9928211550441914,0.9827464306277401,0.9411338722983781,0.9992387956691511,0.9992970081165042,0.9992329780414252,0.999888287088455,0.999178176493705,0.9992434271194712,0.9977908128123606,0.9984042547289739,0.9992097066984043,0.9992049543374174,0.9887917111510567,0.9287052410197504,0.9116896842988931,0.9511483222693816,0.9357716161370992,0.882784898477841,0.9109663788768311,0.8999874935995772,0.9157308293762277,0.9245860451059904,0.9092298437180152,0.9693072739064971,0.9692346269422887,0.9903120850094295,0.9950372492236229,0.9651544350737076,0.9606472768469326,0.9616053508659461,0.9618777283756154,0.9633164422645859,0.9630552897525442,0.9191482917114657,0.9422616597091844,0.9190522667687754,0.9185611441545979,0.8417315073905524,0.9632832164751539,0.9693372214399353,0.9655283588930637,0.9644413833733826,0.9186565224585038,0.7795209882515762,0.7377466794186343,0.8269900726201969,0.8839376419763398,0.8498586851315949,0.8668227104295712,0.8653574250615151,0.7012798413748956,-0.42643957237808944,0.9482376945532395,0.9461184202016493,0.9452056308151108,0.9664223970722328,0.9391691989122872,0.9513564408907464,0.9506973799286488,0.8969475652089479,0.9544194152168914,0.9024471031960625,0.7597195061208757,0.9427772427414876,0.9586496579319285,0.6504429796893972,0.8995054137249924,0.902397701481228,0.850252513163016,0.9844076109444793,0.8378649288336029,0.13772879679593583,0.5264389047381249,0.8501771754849574,0.8149235096345737,0.8444192727696418,0.9851516982312575,0.9851640634466591,0.5088608033468663,0.6189366235653726,0.5163647742568144,0.38498686920939074,0.4815367391962797,0.5284051039917224,0.5178368364127104,0.45485775267102185,0.7482293627753828,0.5932611120932648,0.5533172924077311,-0.4863335875905763,-0.5417034266622973,0.6580665541814691,0.8589584001092004,0.8718025491257568,0.9024258746775612,0.8973060462187177,0.6612569838629592,0.8388780340983911,0.8639903365351536,0.8628165916075856,0.6063359631723084,0.05980621225798512],[0.9942089249712195,0.9935292685966473,0.996420631128135,0.9951178835854173,0.9981938527638382,0.9794879565842497,0.9995755917484397,0.9997455654407668,0.9896986354529697,0.9997503571794826,0.999750429131976,1.0,0.9997641471591117,0.9997486940478031,0.9997556721792712,0.999653339121414,0.9980731360446423,0.9993605607041605,0.9999678732219972,0.9999673623636067,0.9997546701963193,0.9997599253457259,0.9922231420751677,0.9686890619406296,0.9936942046555979,0.9818541812781231,0.9945236293089942,0.992810730732481,0.9779754260106069,0.9222686218718471,0.9908712276462561,0.993867166550991,0.9780076930665039,0.9204033835286543,0.9993686452828167,0.9994208050932796,0.9993787035178205,0.9995551397134051,0.9995827205169759,0.9993967105583449,0.9976318248033625,0.9984296170068114,0.9993560702342239,0.9993510369656103,0.9899681195423796,0.9238649992125474,0.8963309036384368,0.9482451911613247,0.9352782114472223,0.8828746225483133,0.8722668634448261,0.9125221607158345,0.8762161402328077,0.8978945277048118,0.8702819384660343,0.9558239972131997,0.9557163564313277,0.9807991785305991,0.9942878011049047,0.9642354707876143,0.9654109599562822,0.957732498925171,0.9599224826428197,0.9607837532506803,0.9606350565561629,0.919966325446079,0.9343247777193718,0.905752671446674,0.9056033057315487,0.8251609759464941,0.9619336075603707,0.9643070938521077,0.964405709326,0.963857199126925,0.9252579937054141,0.7205226843903735,0.6738940225057356,0.7870314546555249,0.8585386350487767,0.8079596411218192,0.8339755075093012,0.8330406785386256,0.6733076213825203,-0.33029443668691594,0.9427905092380028,0.9491814259942517,0.9425687147014017,0.9652008350498256,0.939924199197415,0.9468809210077834,0.946051325408512,0.8947331828993019,0.9497232665066431,0.8990883113190999,0.7052422558027087,0.9400154534194806,0.9343842523878678,0.504951884207547,0.8372389138292087,0.8422369371131025,0.7385707416741117,0.9774963320471025,0.7143790922077591,-0.2340688098976521,0.25550866463410526,0.738521359398573,0.6931656567229536,0.7320593173939627,0.9786831222441567,0.9787600716690057,0.1809340606156391,0.3387594724438113,0.18614042804972883,0.15782814806011278,0.1782725772137451,0.1950636062618345,0.1922530209986541,0.1091014468444031,0.5289651393481559,0.26088510018553335,0.20823954332615327,-0.5059520436431058,-0.5497769174944538,0.6589152273710764,0.7505954258648299,0.7747044648458801,0.8378673185797643,0.823404628650762,0.557935866652052,0.750313154995801,0.7694434581003338,0.7675553729754013,0.4199333672442303,0.2519966986887325],[0.99624857524541,0.9919263655358757,0.9904294074108508,0.9966593631465861,0.9985780194706699,0.9849885561043925,0.9983988767366233,0.9999970601765288,0.9718188314730035,0.9999985151505587,0.9999963094354168,0.9997641471591117,1.0,0.9999909341853228,0.9999976775944864,0.9993547885542309,0.9929645892469043,0.9994802178554689,0.9999160894659813,0.9999157305135256,0.9999709870425176,0.9999988814867271,0.9910506922067629,0.9760607764822966,0.9934009919198875,0.9454479686399876,0.9939252475886647,0.9901834555381605,0.9758909916404579,0.9505090566524411,0.9888230583904208,0.9938932477217599,0.9920813181043212,0.9715811526366213,0.9995046888990524,0.999598986202376,0.9996971233384461,0.9997373466849602,0.9992466560265492,0.9995313562364673,0.9982779339218603,0.9988666384729434,0.9995765319684016,0.9994402042075156,0.9822196056827498,0.9293867694685877,0.9480447610479391,0.951373228090165,0.9362643939498287,0.8837113818052069,0.9555328789945863,0.9406974603880147,0.9574910664605865,0.9555771440453668,0.945839054003053,0.9795552067746944,0.977794915113756,0.9906933315161153,0.9969564137583204,0.9448452689757311,0.960684407178607,0.9679537984595445,0.9717744625119905,0.9698802231497684,0.9479935093043732,0.8991149089283023,0.9528212776206464,0.9559779241709122,0.9356986175115128,0.8860587631708591,0.9659210855396465,0.9359140052292555,0.9635873425555654,0.9455358567903253,0.7729258010542305,0.854960885970915,0.7803198273017343,0.8698625992611216,0.887732027764839,0.8948911614727572,0.8737385369866975,0.8833959428545484,0.33172171064343187,-0.5955499599031522,0.9618700296915026,0.9462263799386399,0.945314268371662,0.9492652220795035,0.9573822907713996,0.9681143260388086,0.9681735083963504,0.9264011540217132,0.9623231460692334,0.8429009678172115,0.7596614912268519,0.9421140167661334,0.9429024363281225,0.7892434766090297,0.9505154096212938,0.9516287879004782,0.8951608552424016,0.975027919305528,0.8355255483898808,0.5756238754808001,0.7048212221664204,0.8569584134934272,0.8450004033562714,0.8396697234982142,0.9813802590580818,0.9815746709636483,0.7639337430221239,0.7125500928295658,0.7839624208140143,0.3856463421954706,0.771462798613339,0.7901369339290598,0.7894141319932015,0.7870602827955586,0.7613195756000726,0.7370395311663056,0.7177962578002319,-0.30008989748772663,-0.4499005463486867,0.6591776853722263,0.8807874072575699,0.9213385711176065,0.9332775864388708,0.9041303880280697,0.8132647528842718,0.9031452625376654,0.9226655341951657,0.9216123722313396,0.7569187891879,-0.11032825314691269],[0.9962832010407286,0.9917959371234246,0.9926453013609484,0.9967821795239549,0.9985819803533929,0.9854930700053526,0.9994687977346733,0.9999924630010792,0.9801512239669687,0.9999912455691357,0.9999946300005331,0.9997486940478031,0.9999909341853228,1.0,0.999994872644295,0.9995503798179728,0.997741154374873,0.9994366191467479,0.9999008797434659,0.9998995824787814,0.9999523165502336,0.9999908302977291,0.9930212889421616,0.9764884756797658,0.9957501148349877,0.9676232674726883,0.9955242150782018,0.9900100992159016,0.9762575143953951,0.9506702169488938,0.9890243938616814,0.9938795346954997,0.9913280663536097,0.9710736136457276,0.9994780845951854,0.9995508811383582,0.9996137122273093,0.9998842094959703,0.9992074081732146,0.9994788241396696,0.9981233076061744,0.9987856439000063,0.9994960664196741,0.9994869745665032,0.9847240426335923,0.9291708593078793,0.947784546685212,0.9511105953997468,0.9357685766946866,0.8830801439028425,0.949598114915352,0.9328446129338548,0.9518442077836473,0.9549084165869131,0.9450818683668516,0.9778259634793028,0.9774533067689313,0.989926974920976,0.9969493980099365,0.97285830314736,0.9603085722801927,0.9733485556619547,0.9716499976282343,0.9743150701297659,0.9740456636406969,0.9516055370250569,0.9522450480385141,0.9550819183793952,0.9547231853578783,0.9273697883029778,0.9658460860796638,0.9676422907842049,0.9721358827681273,0.9710267087410385,0.9364218060422727,0.8543300002513594,0.817756848704877,0.8690418889292681,0.8989192772732042,0.8944807168196406,0.8951723736765922,0.8939689321357813,0.6836252764619501,-0.596001181879844,0.9617065108351567,0.9458960052833898,0.9448757129743551,0.9740048136606408,0.957302327767362,0.9679411362552612,0.9680321312217107,0.9264401690274816,0.9684941787073716,0.937961511554564,0.7594291150347815,0.942150396871876,0.948551468968652,0.7882703710342965,0.9503472138174339,0.9513952479540531,0.8947615158973125,0.9753833392613367,0.8841159584407448,0.5748840446580377,0.703691444708418,0.8918006104344782,0.8575618193729566,0.8825276892127067,0.9816633213868953,0.9818833880215265,0.7624704407165647,0.711185442813298,0.8007177289737928,0.38504737565000097,0.7761149261652789,0.805276495013113,0.7997372228784279,0.7858702524681319,0.7607753757848595,0.7352180471571605,0.7159690259547566,-0.3916941313443207,-0.512723566544596,0.6579337462838561,0.8804063215427657,0.9176767182410176,0.928607368261253,0.9042020665269388,0.8118376842867614,0.8898949562637082,0.9106049802608019,0.9100409420412433,0.8404228338598841,-0.07725997184569298],[0.9961778122564386,0.9918568048804973,0.9906210683026808,0.9966061716110902,0.9985816043236022,0.9851896275560532,0.9991730574627625,0.9999981929430152,0.9767341068621282,0.9999976944206606,0.9999982707804825,0.9997556721792712,0.9999976775944864,0.999994872644295,1.0,0.999447023639684,0.9969940458662048,0.9994554035866675,0.9999099579033298,0.9999089315693146,0.9999649903730025,0.9999973413242438,0.9912049532529041,0.9763007617006842,0.9951014028765738,0.9590994272773922,0.9949032702484132,0.990137555538615,0.976138202036981,0.9507195188361391,0.9912862237170373,0.9941616574012346,0.99194008495738,0.9713456946090564,0.9994737738434836,0.9995600142714276,0.9996734415783117,0.9997528748166004,0.999211714791148,0.9994868388506456,0.9982156242330171,0.9988137887452502,0.9995435418456703,0.9994093130770102,0.9824481524656519,0.9291707561605624,0.947874176468455,0.9514098478839,0.936202069882409,0.883299673443013,0.9552542779297964,0.9404268190238986,0.9572399251577408,0.9551643594685763,0.9453437563087508,0.9793222164643598,0.9775394683371565,0.9905184469776316,0.9968418548883422,0.9448584882496732,0.9606773948414647,0.9678819289050734,0.9717586955658315,0.9697964879135449,0.9475685754481561,0.8992746819637495,0.9525185095506129,0.9556723730289042,0.9355084650730913,0.8858895764744609,0.96602163216205,0.9360854243996773,0.9636055877796748,0.9455839054315534,0.7732807432348133,0.8545872160321963,0.7800849277783648,0.8695508735858428,0.8876347267340993,0.8947120613479481,0.8735330662588705,0.8832050000205893,0.3318793985250439,-0.5952381767461759,0.9618072645439687,0.9461401929584199,0.9452389229851207,0.9477568011033137,0.9574002774839167,0.9680326492262457,0.9680862642706616,0.9265155793737934,0.962232557096686,0.8430686333379606,0.7595875494396662,0.942439687547751,0.9433078764803275,0.7891401111537719,0.9504180974052572,0.951544088405637,0.8946355566560754,0.9751919789503547,0.8350760403287438,0.574373854638087,0.7040440050261457,0.8564977058989304,0.8445923102391968,0.8392220737047017,0.9814859826856557,0.9816774458794051,0.7629141690106447,0.7116652045945808,0.783338026952449,0.38521267184925584,0.7707642528778084,0.7893658494496129,0.7889540417314119,0.7862490643822001,0.7608777903658877,0.7358381244664223,0.7166100180636774,-0.30085062420721936,-0.4505526984371384,0.6589443494256777,0.8801660020295553,0.9209979071584932,0.9327816858586119,0.9036893538851377,0.8124852775743041,0.9027660678341041,0.9221242705453555,0.9211991602936778,0.7563277640815841,-0.10956959297840252],[0.9976829296621712,0.9940646068575837,0.9900439273831974,0.9979581477181787,0.9990795954513704,0.9848467439485703,0.9998903525679478,0.9993052170313445,0.9746219125784388,0.9996694103690382,0.9996500503557123,0.999653339121414,0.9993547885542309,0.9995503798179728,0.999447023639684,1.0,0.9983657198124979,0.9998464666803107,0.9995384868400443,0.9995430058468313,0.9997622426822493,0.9995232461852052,0.9908331104550103,0.9752402565174495,0.9937076851939769,0.9513030510961847,0.9933493467801793,0.9918046800828314,0.9742237320453618,0.9512675744573408,0.9917433296698798,0.9925595897508013,0.9928447743975831,0.9735224914266827,0.9992623287461398,0.9997294279315215,0.999710892752242,0.9995604014170515,0.9995816621451873,0.9996836577914787,0.9988257658426785,0.9995717717765633,0.9995013118858069,0.9992551587830638,0.980999376442714,0.9276647686638374,0.9500694023279845,0.9473727588219165,0.936426056514784,0.8904364018048747,0.9573828567072398,0.9451014767131404,0.9596625975354862,0.9594612677716075,0.9497273866201547,0.9813825589848184,0.9796865906115368,0.9915151605744419,0.9963469169639324,0.9496372556960306,0.9643348709927927,0.9731597480789068,0.9743499914868475,0.9747988370777164,0.9505516378963313,0.9054555332101637,0.9559219153201411,0.9612509896583129,0.94072754889069,0.8950429714773319,0.968504372753986,0.9413387920865246,0.9682342354576786,0.950195716098314,0.7824414334733735,0.8604388836573947,0.7847258212739714,0.8751379544592642,0.8930013161960796,0.8976506535511891,0.8774858557638799,0.8887974062925096,0.3438571443525282,-0.5920520105740875,0.9651721630765266,0.9512695611167273,0.9500825706532601,0.9521077729502239,0.9615265669462876,0.9713704409065482,0.9714493764756097,0.9309742349153649,0.967786577947421,0.8514632167235242,0.761281283286608,0.9322898738654045,0.9349669896241862,0.7916559698255274,0.9504837762822083,0.9514034986731168,0.8949091347566782,0.9715725014884696,0.8343616810960266,0.5845757420192014,0.7094155325986983,0.8565385502186461,0.