var element=document.getElementById("correlationClose");if(element.style.display!='none'){var correlationClose={"data":[{"type":"heatmap","z":[[1.0,0.9999848049123892,0.5949626523316334,0.9997109249269662,0.9976234427630594,1.0,0.991290904894308,0.9870819837911728,0.9870819837911728,0.9919762209138056,0.9739742842836533,0.9837336500357903,0.9913339377127305,-0.11499546272745648,0.9913953925252595,0.9386946894759558,0.9217498192580638,0.4123494760492992,0.9923584205204324,0.9923568108096508,0.9844150081981936,0.9913356563973242,0.4501347648256923,0.6852656345847356,0.9789632303472955,0.9789632303472955,0.97894170677815,0.9654656302176211,0.32810702879102316,-0.11276878432852158,0.989707141707608,0.9896744536139408,0.2907152100483723,-0.18802637481143283,0.9940511833935846,0.9948632406305559,0.8209370692825857,-0.3837638336269648,0.9886224428033287,0.9946932268185071,0.9370287792469991,0.39420862100013443,0.9942257148938975,0.9942216939668098,0.9942257148938975,0.8884640014192511,0.6652782289979052,0.8795847195738444,0.890766648127169,0.796306052494274,0.38313718390230966,-0.14400164971437548,0.19326832686022977,0.9453411236820821,0.44121637974568095,0.9765005287296151,0.9710696693232042,0.9796457601463593,0.9897337230721301,0.9190206909129913,0.9190378887652598,0.9362909727011386,0.9147547962378482,0.9332576453124446,0.9341080443054799,0.9332576453124446,0.8549500174805388,0.9101230074987163,0.9113148187499546,0.9101230074987163,0.9032903284831111,0.7480573321993806,0.877273578623411,0.8790183908524207,0.877273578623411,0.6365301630814066,0.3214145689654133,0.6146103896784413,-0.5860759567940423,0.5145242335396134,0.5599889217058711,0.5615291044361835,0.5599889217058711,-0.10491954912821302,0.8908350539262014,0.9234827921454613,0.9054818735346603,0.9206259489325931,0.40222163087887813,0.8873628793971677,0.8886666560475267,0.8873628793971677,0.8952136908783404,0.8952136908783404,-0.14318177926486653,0.5728863842024732,0.19224180089305065,-0.5922224874367646,-0.5694886809707934,-0.5728483598046119,-0.0584153336233334,0.07794814202680896,0.24863729805205326,0.10673605889631486,-0.42812051197013035,0.040842361604561776,-0.7940850088171398,-0.22599772429763507,0.14295289053465926,0.1436591102654567,-0.549807046342936,-0.5994532151683888,-0.22777683317420966,-0.49532527160727147,-0.826724570315176,-0.36278790824673496,-0.35471802920638895,-0.36278790824673496,-0.1909102651263801,-0.27509390986962734,-0.27509390986962734,-0.8147846628024807,-0.8147846628024807,0.4024979386543526,0.6530102377276481,0.8693265913329996,0.8491773714287271,0.7836794251938431,-0.26781609600272294,0.7623933945307234,0.8021538595725666,0.8022183302895534,0.8021538595725666,-0.23400222657982253],[0.9999848049123892,1.0,0.9726685731680496,0.9992961009089707,0.9944045657080965,0.9999848049123891,0.9801187760392183,0.9721131137263983,0.9721131137263983,0.979946029900291,0.9621276499682878,0.9819466049491534,0.9801739099501079,0.9801474668107955,0.9799720038290581,0.7131202777524166,0.6676638902822765,-0.31312278750705563,0.9850510864221684,0.985027079786991,0.9802382023053794,0.9802311835152381,-0.1146498578898741,0.9714967818830053,0.9739281136642973,0.9739281136642973,0.9739945122183348,0.9658106718660368,0.10023792113724814,0.16626740023113212,0.9772288872391721,0.9773121393403355,0.9729878419739637,0.17353796064112825,0.9886167417570291,0.9886877828792704,0.9893924698530514,0.9819782276036981,0.9872456588557684,0.9887083299969377,0.6942240461944945,-0.3192439502815129,0.9894620697737302,0.9894461199017948,0.9894620697737302,0.8884617862515316,0.5344886984427389,0.8801701376670975,0.8910395533436257,0.7956215661074382,-0.4141257001983643,-0.5362776819028622,0.8265623683408565,0.8591510534566615,-0.2044254487252495,0.9345127393274291,0.9346110865088743,0.9448832556151923,0.9733645589471265,0.9314907378390018,0.9405643190751449,0.9205784296516288,0.9200872783818835,0.9267171253065882,0.9273821203978907,0.9267171253065882,0.7994147183076227,0.7617983474710746,0.7640542891961417,0.7617983474710746,0.9346126815140766,0.939291189122251,0.9346491603902928,0.9357611068184634,0.9346491603902928,0.48341923057481334,0.4239414092653247,0.541121580498263,0.6440476694257041,0.5313775408059083,0.5670018240380111,0.5677382165629447,0.5670018240380111,-0.21722491803671776,0.8817598388393223,0.9149166374917191,0.9028390216490662,0.9380849808297257,-0.15078631242801885,0.8765220580146266,0.8768900809756331,0.8765220580146266,0.8866943037405324,0.8866943037405324,-0.24129307191863542,0.5737878054919848,-0.3675994822982795,-0.6929389813944199,-0.46662138845966716,-0.4699898544924525,-0.3217333290918446,0.24150267156829092,-0.22722011297856606,-0.4227038859944507,-0.6326997489245964,-0.3018759892319683,-0.4940058930654247,-0.35695071568775677,0.12210876696191048,0.11745285070842959,-0.49148244363254795,-0.44919698526684804,-0.477506887460009,-0.5075668418893833,-0.49985970228378146,-0.47954535413550703,-0.4829680407828987,-0.47954535413550703,-0.35776205612290185,-0.506295673974361,-0.506295673974361,-0.477498243222895,-0.477498243222895,0.4023384895233053,0.4046812593222115,0.5155579471197578,0.5989036596480887,0.5670679757556523,-0.4048921158500291,0.37494480959687965,0.3608130033293642,0.36092694173017975,0.3608130033293642,0.10850286292523324],[0.5949626523316334,0.9726685731680496,1.0,0.5892797320808085,0.49052044499882275,0.5949626523316334,0.5817593103231355,0.5710423471484947,0.5710423471484947,0.4944523443824633,0.4396132863162203,0.9967061384642021,0.581790954834121,0.5104025931915488,0.5820825124457217,0.5285984757978935,0.5493116460922565,-0.12986903372180228,0.5316907125930278,0.5316618365592881,0.4877008570857416,0.5814458828391577,0.22038546442906076,0.7210223733126064,0.5517718293258456,0.5517718293258456,0.5515076648108476,0.9855543564537005,0.315152012590517,0.17837377504546925,0.5445458397651444,0.5440982301617185,0.7628377358368441,0.020416796155083444,0.5794108142782046,0.4909451815013797,0.5604880276173834,0.34590152534224844,0.9942157333929418,0.4815604376983414,0.5241691002209115,-0.13686810133705407,0.5956613392909093,0.5781237632309626,0.5956613392909093,0.8922511192839253,0.39244127600691886,0.9126765162371948,0.8808925219246972,0.6639502626311525,0.20258824507279571,-0.02598874004081609,0.05419644438023239,0.44828402576837456,-0.07863772591503532,0.5341502686282771,0.47742752542081407,0.5069640765672444,0.46206086768030197,-0.05759560667991139,0.7171285086284843,0.6631117809099133,0.5229151708917857,0.6693435430719786,0.7238920602294077,0.6693435430719786,0.38173054156485725,0.5650291210747013,0.6547848569674657,0.5650291210747013,0.594575021190207,0.6328502116319997,0.6761258420902646,0.742158713981018,0.6761258420902646,0.2482310137127464,-0.0863961123127559,0.2657021304000885,0.1332650471537504,0.2661362370325331,0.2611775834422596,0.416543054475604,0.2611775834422596,-0.17430199930838533,0.4816695188650008,0.8290913271493848,0.5665096754365969,0.7399769996830591,0.03882988422789435,0.5414062664523243,0.5424570076659448,0.5414062664523243,0.650404568064042,0.650404568064042,-0.2650357928802661,0.7261151032912694,-0.2131404682233946,-0.5853532176016744,-0.40188698539760404,-0.40501397326791694,-0.39722820460812946,0.038286427052182756,0.024256564497430362,-0.2786261360477149,-0.5669903574235217,-0.1418987354608734,-0.24866783739782297,-0.22199685023118368,0.003178229637261819,0.0002947586081346091,-0.4608404351347208,-0.007648082065132428,-0.23026893621174846,-0.49218079494411937,-0.13487320272825318,-0.3702012158664366,-0.24744387794218325,-0.3702012158664366,-0.4250880050949957,-0.5136500509923814,-0.5136500509923814,-0.25553322467139117,-0.25553322467139117,0.33532708140665674,0.1519937386592978,0.25477553663719665,0.4967147711874135,0.2363225128534053,-0.32540080410792804,-0.03220300355612311,0.4509739836005165,0.5624137327264528,0.4509739836005165,-0.0463239309674803],[0.9997109249269662,0.9992961009089707,0.5892797320808085,1.0,0.9987163895470902,0.9997109249269661,0.9928097527714456,0.9890730377751827,0.9890730377751827,0.9938007184851951,0.9718475443981047,0.9882393571683045,0.9928413873624056,-0.1190196106588493,0.9928760086567868,0.9397469518291797,0.922741878462522,0.3980369447798151,0.9936640664201073,0.9936625948905778,0.9847756582446698,0.9928334226663084,0.44157332735758775,0.6888601502700488,0.9818134179284995,0.9818134179284995,0.9817920738849031,0.9744311043685542,0.3235858429149232,-0.11973373329619998,0.9893430483505798,0.9893206149406727,0.28262170175868084,-0.18860881882532393,0.9947913316197419,0.995863602264447,0.7822284087948332,-0.3892277604689091,0.9919125033987463,0.9959251096095971,0.9372176531129214,0.3795465352169236,0.9924837943919758,0.9948636986739252,0.9924837943919758,0.8867655005769394,0.6526889502858926,0.8867849099703796,0.8879270342819151,0.7751083009423472,0.37777446789181435,-0.1497535233599463,0.1870013536526627,0.9396533785167626,0.42520138411110653,0.9721826107718762,0.9682581325257419,0.9776442352389653,0.9900127527787168,0.895992533359124,0.9110048990452326,0.9220425270212836,0.9100820818987744,0.914598688036332,0.9157681242047419,0.914598688036332,0.8457646365296921,0.8970392661194155,0.8983572902017377,0.8970392661194155,0.8992236462715836,0.6834865130302921,0.8351178505352037,0.8369693232810821,0.8351178505352037,0.6270087632339028,0.10937287085267614,0.6032010667038474,-0.5911070969748566,0.5083961103183463,0.2996337495575451,0.5301215761692041,0.2996337495575451,-0.11171229591027022,0.8845785937198711,0.9139837267540073,0.8963133972328468,0.8953809348754602,0.38870447827764215,0.8820194703862694,0.8834948913622451,0.8820194703862694,0.8740215529648853,0.8740215529648853,-0.14906626980014792,0.5978503229341106,0.19703447221897555,-0.6025740120262257,-0.577058237294766,-0.5803340262109882,-0.07084991415504571,0.07269460604813127,0.24156326270317804,0.09388460010460277,-0.4406274808619122,0.034332663029994555,-0.8005857443174902,-0.23391376195329822,0.13223114654299092,0.13299387772277635,-0.5571053350410492,-0.596285011881729,-0.22936407502625145,-0.5071237207587878,-0.8289405394596231,-0.36450073379462133,-0.35699122752306506,-0.36450073379462133,-0.20014506385994138,-0.2851302095952672,-0.2851302095952672,-0.8149000520581883,-0.8149000520581883,0.3902987199591308,0.6412781394437531,0.8617411526497964,0.8416777382436782,0.7765053157998688,-0.2812004989104601,0.7535235682557826,0.7935675490123618,0.7936370479037159,0.7935675490123618,-0.21904089805749527],[0.9976234427630594,0.9944045657080965,0.49052044499882275,0.9987163895470902,1.0,0.9976234427630594,0.9969105974491873,0.9950759516244836,0.9950759516244836,0.9971089943672368,0.9622041490643357,0.9957377495401866,0.9969311029958008,-0.3229524513552076,0.9969604428818811,0.9165502029297471,0.8889471903684265,0.19864773482367398,0.997479626164419,0.9974776233289188,0.986528187766659,0.9969232643452705,0.08281779978864492,0.655566574173402,0.9910931831754595,0.9910931831754595,0.9910512922667334,0.986495910279865,0.08414716016477339,-0.10326074070060323,0.9874163771656367,0.9873624598140336,-0.02312536153892848,-0.08439697806330654,0.9977513677819192,0.9976875272254135,0.7632044363710372,-0.5259353032559041,0.9973325308436559,0.9979693062884487,0.9093523626045763,0.17468973479692043,0.9977032928845255,0.9977055578463988,0.9977032928845255,0.9015085333365674,0.6141865179453193,0.9061718114995884,0.8918151295600117,0.7442287086528588,-0.099057451473696,-0.5828807587546364,-0.227296948332025,0.9257716306078727,0.27925840573547367,0.9662127088925779,0.9662791727177685,0.9788486498553285,0.9908708473621403,0.8918970447117552,0.8901986314888165,0.9094078444408993,0.8959341163316822,0.907622276979697,0.9082224312302174,0.907622276979697,0.8174804383220049,0.84365665681359,0.8453010633321333,0.84365665681359,0.8868218539331686,0.7847573114454018,0.8668161087755935,0.868052097848681,0.8668161087755935,0.5802717758377485,0.446925786618443,0.5641456240003754,-0.6289455168891716,0.5626466669880937,0.5402123684134639,0.5402850432859104,0.5402123684134639,-0.13190052630199645,0.8646208300093466,0.8857158232378989,0.8704587297253797,0.901442357212639,0.24078736074665033,0.8653309163183536,0.8668582581251204,0.8653309163183536,0.8729441777433659,0.8729441777433659,-0.19090484293378582,0.6526577538037499,0.05172303651997102,-0.6366397989338735,-0.6319734655260449,-0.6322553620294664,-0.1059584798803557,0.09517090122864347,-0.15551182421032744,-0.15837885487453612,-0.5233281575108293,-0.3352960262433727,-0.8596676817395145,-0.5269500948818188,0.09911571822070994,0.09976339508592147,-0.5864512946330088,-0.5881423300773123,-0.5220792296210157,-0.5486215385166413,-0.7935571744649268,-0.5768719576896417,-0.5799828086096966,-0.5768719576896417,-0.242765058293351,-0.32261458034759793,-0.32261458034759793,-0.7599126277690323,-0.7599126277690323,0.3721622866002661,0.620498125522204,0.8127145331857075,0.7895963454959791,0.7640984363824668,-0.41702375087243954,0.6052124419721313,0.6850678006887216,0.6852505620207555,0.6850678006887216,0.010610205426160738],[1.0,0.9999848049123891,0.5949626523316334,0.9997109249269661,0.9976234427630594,1.0,0.991290904894308,0.9870819837911728,0.9870819837911728,0.9919762209138056,0.9739742842836533,0.9837336500357903,0.9913339377127305,-0.11499546272745648,0.9913953925252595,0.9386946894759558,0.9217498192580638,0.4123494760492992,0.9923584205204324,0.9923568108096508,0.9844150081981936,0.9913356563973242,0.4501347648256923,0.6852656345847356,0.9789632303472955,0.9789632303472955,0.97894170677815,0.9654656302176211,0.32810702879102316,-0.11276878432852158,0.989707141707608,0.9896744536139408,0.2907152100483723,-0.18802637481143283,0.9940511833935846,0.9948632406305559,0.8209370692825857,-0.3837638336269648,0.9886224428033287,0.9946932268185071,0.9370287792469991,0.39420862100013443,0.9942257148938975,0.9942216939668098,0.9942257148938975,0.8884640014192511,0.6652782289979052,0.8795847195738444,0.890766648127169,0.796306052494274,0.38313718390230966,-0.14400164971437548,0.19326832686022977,0.9453411236820821,0.44121637974568095,0.9765005287296151,0.9710696693232042,0.9796457601463593,0.9897337230721301,0.9190206909129913,0.9190378887652598,0.9362909727011386,0.9147547962378482,0.9332576453124446,0.9341080443054799,0.9332576453124446,0.8549500174805388,0.9101230074987163,0.9113148187499546,0.9101230074987163,0.9032903284831111,0.7480573321993806,0.877273578623411,0.8790183908524207,0.877273578623411,0.6365301630814066,0.3214145689654133,0.6146103896784413,-0.5860759567940423,0.5145242335396134,0.5599889217058711,0.5615291044361835,0.5599889217058711,-0.10491954912821302,0.8908350539262014,0.9234827921454613,0.9054818735346603,0.9206259489325931,0.40222163087887813,0.8873628793971677,0.8886666560475267,0.8873628793971677,0.8952136908783404,0.8952136908783404,-0.14318177926486653,0.5728863842024732,0.19224180089305065,-0.5922224874367646,-0.5694886809707934,-0.5728483598046119,-0.0584153336233334,0.07794814202680896,0.24863729805205326,0.10673605889631486,-0.42812051197013035,0.040842361604561776,-0.7940850088171398,-0.22599772429763507,0.14295289053465926,0.1436591102654567,-0.549807046342936,-0.5994532151683888,-0.22777683317420966,-0.49532527160727147,-0.826724570315176,-0.36278790824673496,-0.35471802920638895,-0.36278790824673496,-0.1909102651263801,-0.27509390986962734,-0.27509390986962734,-0.8147846628024807,-0.8147846628024807,0.4024979386543526,0.6530102377276481,0.8693265913329996,0.8491773714287271,0.7836794251938431,-0.26781609600272294,0.7623933945307234,0.8021538595725666,0.8022183302895534,0.8021538595725666,-0.23400222657982253],[0.991290904894308,0.9801187760392183,0.5817593103231355,0.9928097527714456,0.9969105974491873,0.991290904894308,1.0,0.9972890495765233,0.9972890495765233,0.9999684685041215,0.9541964946983306,0.9996245825689528,0.9999962891770182,-0.13283182358738918,0.999992746990053,0.9634932239642323,0.9563810151300252,0.35196285831060964,0.9998447681922943,0.999845124846672,0.9889352887827971,0.9999964974339215,0.35022550391209667,0.6892766561460494,0.9847530403979716,0.9847530403979716,0.9852238776217146,0.9877331568890835,0.24688129612517182,-0.1775316669808993,0.991918502397501,0.9916974525204254,0.18389721070036363,-0.23819342092259133,0.9993109250296965,0.9994093945574924,0.3746653484666843,-0.3237262026356467,0.9988047908837329,0.9993381602299363,0.9575978764225087,0.33200811780298883,0.9349443646364826,0.9990460341827626,0.9349443646364826,0.9105358899089766,0.6189227881824696,0.9264277608064101,0.9004573081269241,0.7014217122647585,0.4115001505643761,-0.0912959465256687,-0.20776869221330735,0.9245370521752316,0.3860082537316584,0.968252934108641,0.961914526201741,0.9779272006583113,0.9961037010121266,-0.06996319004684685,0.8436787249288953,0.8116453043852232,0.8589902034180984,0.8053870124438623,0.7715931268479697,0.8053870124438623,0.7757664503472993,0.7726366595799778,0.7684082114644533,0.7726366595799778,0.8477241467918016,0.3308130881602996,0.5444877336422669,0.6216781071115665,0.5444877336422669,0.548521546560066,-0.35732216936354955,0.5119048850439879,-0.6540537142433966,0.4327695821564238,-0.11954281491025731,0.3891462509814992,-0.11954281491025731,-0.15491857885163152,0.8239959121914251,0.8385713690846756,0.8259172202637899,0.745334859024327,0.3418673015792041,0.8258768744187147,0.8279746562101935,0.8258768744187147,0.7359780284871749,0.7359780284871749,-0.22772132151825927,0.6993417223703556,0.2518868243765605,-0.6177388886686509,-0.6190644582458928,-0.621917089969924,-0.12044670197598077,0.021231226900108775,0.34853270773390926,0.05712964691724418,-0.4639940162585224,0.08810228039700745,-0.8274084803829546,-0.13629833984524845,0.062015900184044834,0.06291684167427615,-0.601639006559176,-0.6031493514396817,-0.06795170849608534,-0.584706168849914,-0.8415251827145677,-0.3597666656593439,-0.18863050945650386,-0.3597666656593439,-0.27730085807652327,-0.3329076106533435,-0.3329076106533435,-0.8343634436254244,-0.8343634436254244,0.3704876833664859,0.5994707292081706,0.5009703942567697,0.8060439557655215,0.7551303833930909,-0.33704215909965995,0.06159445347828684,0.760215891929343,0.7787979580707917,0.760215891929343,-0.14574522085319747],[0.9870819837911728,0.9721131137263983,0.5710423471484947,0.9890730377751827,0.9950759516244836,0.9870819837911728,0.9972890495765233,1.0,1.0,0.9994991915885437,0.94634055855822,0.9984448342589477,0.9980747923205487,-0.1417317959620745,0.9990526634005272,0.9618400675232468,0.9478905446074274,0.3299034657147303,0.9991026169350498,0.999105534320349,0.9861026362483314,0.9992070830217626,0.32367438038394963,0.6891624118214866,0.9921679110980791,0.9921679110980791,0.9830447314888542,0.9839615550058058,0.2280239690062292,-0.19193747025353966,0.9881914729751382,0.991611911304615,0.1641609302037846,-0.24468799590814888,0.9981945205075927,0.9981196089184065,0.35476479150665285,-0.3309557807982706,0.9964544837198361,0.9979911997966149,0.956398532666749,0.30948569653190755,0.9265543797074856,0.998026019792749,0.9265543797074856,0.9079096728419124,0.6032140737599591,0.9267850524583754,0.8966760994479489,0.6755512017495355,0.39811638602145144,-0.10687864525482929,-0.22114363396039607,0.9153966897000776,0.36500661795626427,0.9634797481578454,0.9564067593811699,0.9725748828874301,0.9952065020385706,-0.08053371270817253,0.8301686335882313,0.7939535808701996,0.8494211863149311,0.7888898602089206,0.7584726504372535,0.7888898602089206,0.7618301062014371,0.75227664306621,0.7540408188129059,0.75227664306621,0.8384141541456973,0.3098287655057324,0.522344358725353,0.6041312875995778,0.522344358725353,0.5339413129432389,-0.3728381644709045,0.4955197951849941,-0.6627198733306169,0.4235768209010077,-0.1427588297819487,0.37151592493270685,-0.1427588297819487,-0.16212054017203462,0.8127370082646382,0.8212085104316007,0.8114000400212132,0.7296775229673684,0.32423932152935836,0.8152367874954998,0.8175757315685322,0.8152367874954998,0.716665468012516,0.716665468012516,-0.2440615326843576,0.7269088303230494,0.2596653503098325,-0.6276422302558576,-0.6327311367600633,-0.63540637701131,-0.13590894514000787,0.012861657542750444,0.341568162209127,0.037480148332472256,-0.47740035015420024,0.07871457018672764,-0.8341124501305437,-0.14289222583862268,0.045796465152904295,0.04673644769649472,-0.6141090527066408,-0.6043914015304669,-0.07492764675814342,-0.6028086819916046,-0.841709362938692,-0.37179779142008185,-0.19498624334015907,-0.37179779142008185,-0.29591177473993985,-0.34741714205912894,-0.34741714205912894,-0.8329439760043144,-0.8329439760043144,0.34831625950590567,0.5816492842955884,0.4815802309915524,0.7877526240028098,0.7418496012008655,-0.35982733748465895,0.04697990940673831,0.7406520716843022,0.7627737589109861,0.7406520716843022,-0.12816700392329367],[0.9870819837911728,0.9721131137263983,0.5710423471484947,0.9890730377751827,0.9950759516244836,0.9870819837911728,0.9972890495765233,1.0,1.0,0.9994991915885437,0.94634055855822,0.9984448342589477,0.9980747923205487,-0.1417317959620745,0.9990526634005272,0.9618400675232468,0.9478905446074274,0.3299034657147303,0.9991026169350498,0.999105534320349,0.9861026362483314,0.9992070830217626,0.32367438038394963,0.6891624118214866,0.9921679110980791,0.9921679110980791,0.9830447314888542,0.9839615550058058,0.2280239690062292,-0.19193747025353966,0.9881914729751382,0.991611911304615,0.1641609302037846,-0.24468799590814888,0.9981945205075927,0.9981196089184065,0.35476479150665285,-0.3309557807982706,0.9964544837198361,0.9979911997966149,0.956398532666749,0.30948569653190755,0.9265543797074856,0.998026019792749,0.9265543797074856,0.9079096728419124,0.6032140737599591,0.9267850524583754,0.8966760994479489,0.6755512017495355,0.39811638602145144,-0.10687864525482929,-0.22114363396039607,0.9153966897000776,0.36500661795626427,0.9634797481578454,0.9564067593811699,0.9725748828874301,0.9952065020385706,-0.08053371270817253,0.8301686335882313,0.7939535808701996,0.8494211863149311,0.7888898602089206,0.7584726504372535,0.7888898602089206,0.7618301062014371,0.75227664306621,0.7540408188129059,0.75227664306621,0.8384141541456973,0.3098287655057324,0.522344358725353,0.6041312875995778,0.522344358725353,0.5339413129432389,-0.3728381644709045,0.4955197951849941,-0.6627198733306169,0.4235768209010077,-0.1427588297819487,0.37151592493270685,-0.1427588297819487,-0.16212054017203462,0.8127370082646382,0.8212085104316007,0.8114000400212132,0.7296775229673684,0.32423932152935836,0.8152367874954998,0.8175757315685322,0.8152367874954998,0.716665468012516,0.716665468012516,-0.2440615326843576,0.7269088303230494,0.2596653503098325,-0.6276422302558576,-0.6327311367600633,-0.63540637701131,-0.13590894514000787,0.012861657542750444,0.341568162209127,0.037480148332472256,-0.47740035015420024,0.07871457018672764,-0.8341124501305437,-0.14289222583862268,0.045796465152904295,0.04673644769649472,-0.6141090527066408,-0.6043914015304669,-0.07492764675814342,-0.6028086819916046,-0.841709362938692,-0.37179779142008185,-0.19498624334015907,-0.37179779142008185,-0.29591177473993985,-0.34741714205912894,-0.34741714205912894,-0.8329439760043144,-0.8329439760043144,0.34831625950590567,0.5816492842955884,0.4815802309915524,0.7877526240028098,0.7418496012008655,-0.35982733748465895,0.04697990940673831,0.7406520716843022,0.7627737589109861,0.7406520716843022,-0.12816700392329367],[0.9919762209138056,0.979946029900291,0.4944523443824633,0.9938007184851951,0.9971089943672368,0.9919762209138056,0.9999684685041215,0.9994991915885437,0.9994991915885437,1.0,0.9530020001532983,0.9995792038082939,0.9999696109350317,-0.29972882010772706,0.9999738126333749,0.9294493073045846,0.9015917413465081,0.24050979809288023,0.9997914564434816,0.999792048941424,0.9887650926974016,0.9999668689412913,0.13006788274503958,0.6526785686671723,0.9944904460656709,0.9944904460656709,0.9944388864265464,0.9876050540963992,0.06663168383611018,-0.11651583775364419,0.9905017438634345,0.9904718258661422,-0.005887243712435057,-0.19709115733042026,0.9993386760840034,0.9992968812981994,0.7738057185995375,-0.5168902170475687,0.9987236921210529,0.9993159870561684,0.9214501719485567,0.21716766851262484,0.999186399357455,0.999191806582115,0.999186399357455,0.9103168772214107,0.6197335590620114,0.9261821231653729,0.8999648951084294,0.7007756066153588,0.007224101799979011,-0.5305808910730649,-0.1777506276897612,0.9198850781555926,0.3330594572648403,0.9628911007446203,0.9620723323634441,0.9792957659864832,0.9953309335439703,0.8645742627728288,0.844901189448638,0.8830579922791366,0.8601511579044968,0.8813262981165806,0.8820240447158958,0.8813262981165806,0.7754023210824622,0.8254904035880486,0.8271696206391149,0.8254904035880486,0.849443519285427,0.7464620229128809,0.8369011053570821,0.83829600144196,0.8369011053570821,0.5477838955047057,0.3733819026680848,0.5116210713228401,-0.6770068537290144,0.4914329347446743,0.45595274524232227,0.4558411946777102,0.45595274524232227,-0.11237511058843151,0.8248500421245627,0.8384478752464088,0.8262097278882906,0.8745659322663255,0.2632184821208849,0.8320399212712322,0.8342809406511054,0.8320399212712322,0.8396834599505748,0.8396834599505748,-0.22976777599647139,0.7001661039985895,0.07652698070138016,-0.6309951828608124,-0.6586777833309824,-0.6595683052980786,-0.124096886821152,0.024450235198639855,-0.1624847094332144,-0.12865285678150237,-0.510981801660777,-0.3654912381542535,-0.8748870768022243,-0.564904693530211,0.061330480824497796,0.06219985286453011,-0.60346390240903,-0.5990526395546185,-0.5319935401879797,-0.5866893762036876,-0.8145245688582721,-0.6005543521535233,-0.6027732117130427,-0.6005543521535233,-0.27987536700094795,-0.3370012325608134,-0.3370012325608134,-0.7939782646021915,-0.7939782646021915,0.3709536171497151,0.5979768287149771,0.8208573258697971,0.8013199680259383,0.7533207883588823,-0.36600365702182197,0.6386603560796641,0.7066158543483909,0.7067796637453043,0.7066158543483909,0.09263352338306402],[0.9739742842836533,0.9621276499682878,0.4396132863162203,0.9718475443981047,0.9622041490643357,0.9739742842836533,0.9541964946983306,0.94634055855822,0.94634055855822,0.9530020001532983,1.0,0.9305068877384145,0.9542217842039964,-0.23042036690259246,0.9538942383571472,0.8344130376609051,0.7992746821717797,0.038859693856175555,0.959430460951547,0.9594073245652774,0.9543549737314171,0.9543460437274085,0.06041944111470624,0.6978201367910593,0.9560892368934337,0.9560892368934337,0.95629230973182,0.8476378680107985,0.17273290423245383,-0.0985328541724501,0.9623970560326465,0.9625236016439048,0.14789227561215973,0.07874223985778471,0.9635866585523611,0.9638632673846852,0.862152938103104,-0.4331831537262162,0.9411919282245463,0.9627256506508711,0.8312158577709238,0.016638532814396062,0.9648878421862059,0.9648521932926698,0.9648878421862059,0.792805023001996,0.4162517702207379,0.7735668904798103,0.8738136013492429,0.8352532360223237,-0.547323468041578,-0.6857139936219483,-0.29006832102969055,0.8738522662228628,0.043966419625508436,0.9076081456193699,0.9076606845980277,0.9271810503933311,0.9607065048533673,0.8680846585599924,0.8644697985147526,0.891817975079196,0.8711008022494895,0.884163509617107,0.8849242152067565,0.884163509617107,0.8153691655927184,0.7949983392734968,0.7970188959915459,0.7949983392734968,0.86392050407627,0.8824608023012779,0.8621364628068058,0.8628688851741002,0.8621364628068058,0.6423521279984772,0.563520275601624,0.6437332727230235,-0.3888687147598359,0.6656521235530013,0.6850516595951135,0.6878781357429913,0.6850516595951135,-0.272155996286227,0.8684199243729249,0.9266869026547216,0.8852511753729756,0.8828560409771938,0.1300405467239725,0.8609957375041909,0.8622516065376413,0.8609957375041909,0.8718335410913833,0.8718335410913833,0.020314630830652186,0.33622386963308326,-0.09129442212138937,-0.5469601096693312,-0.40967248322378874,-0.41164387362976684,0.03499353922203947,0.400646922914909,0.08001633307476896,-0.06975680856594277,-0.4068075587030102,-0.01847636637105179,-0.8082368670567475,-0.1804882371908131,0.29163575021048754,0.2906623073192934,-0.3734290406547964,-0.43809476898326116,-0.3304009468052102,-0.33768479766327036,-0.6805132773761079,-0.3510997947531252,-0.3532962863202171,-0.3510997947531252,-0.0770344222288803,-0.37216904523530525,-0.37216904523530525,-0.5389271537395419,-0.5389271537395419,0.5591537171142967,0.6683812200823912,0.7599205772267016,0.6755271807480284,0.8339610342797277,-0.4603801529336507,0.38723765152304584,0.5579620823016234,0.5582542191670617,0.5579620823016234,-0.22529559041323868],[0.9837336500357903,0.9819466049491534,0.9967061384642021,0.9882393571683045,0.9957377495401866,0.9837336500357903,0.9996245825689528,0.9984448342589477,0.9984448342589477,0.9995792038082939,0.9305068877384145,1.0,0.999622798932249,0.9996202567744834,0.9995784244550922,0.7667309421983104,0.7154896555206859,-0.4185793319286399,0.999760329794119,0.9997639854393556,0.9996304133821934,0.9996304332020258,-0.2338047020000723,0.9653666399830831,0.9931262053665567,0.9931262053665567,0.9931025725557056,0.9903883185555539,0.0766774957544471,0.09912598261125605,0.9898762622951822,0.9899408218078939,0.9738756294073885,0.050094305420703464,0.9988157204696319,0.9987625974528589,0.9985918935608472,0.9992863144970652,0.9992689661653917,0.9988276931296056,0.7400781246224238,-0.4283187907879147,0.9985341794989877,0.9985446719143733,0.9985341794989877,0.9040180826953178,0.4689614880664749,0.9222619564908108,0.8979923815669281,0.7019575119806285,-0.5136805122502444,-0.6461104475742674,0.7958040390264567,0.8139767226652299,-0.3091839803051872,0.9242302560336288,0.9244334468711037,0.9621479523739574,0.9929186790491782,0.8678107290820516,0.8768298589354346,0.8466337024135484,0.8488359042527562,0.8551118417994925,0.8559754945296727,0.8551118417994925,0.6970347613150724,0.6533469957221082,0.6560274188161976,0.6533469957221082,0.8768624705451229,0.8851634252135616,0.8756713587791823,0.877042553316881,0.8756713587791823,0.3590494680156737,0.2887883163925637,0.41331888023504204,0.5349018245171004,0.4127780160660174,0.4557047288004115,0.4580826185607677,0.4557047288004115,-0.40519856814949845,0.7959490607369847,0.8427096329543322,0.8244567485105928,0.8760648827735964,-0.1973076397856696,0.7895470370418046,0.7900435611264833,0.7895470370418046,0.802815985485023,0.802815985485023,-0.2879036619933844,0.6918395336913055,-0.38763612598757047,-0.7251479519537471,-0.5442773204855089,-0.5465700380833588,-0.37840266274977075,0.17813226507338545,-0.28002602321924347,-0.46796007809779805,-0.672912148333889,-0.36014993559912833,-0.6150773725129247,-0.4269128220066567,0.05433920259451504,0.05058094595101705,-0.5644324570320801,-0.5307460819458302,-0.5501648279573048,-0.5846545319648282,-0.5786404801696122,-0.5533200007684057,-0.5564588245454997,-0.5533200007684057,-0.43621399789409093,-0.6086086821780265,-0.6086086821780265,-0.6071585142963369,-0.6071585142963369,0.3662632849399425,0.3527755679639705,0.4723023008009322,0.5559195235928773,0.5468812824355906,-0.557736519358134,0.2952629934984511,0.30980886744007236,0.3099904557001039,0.30980886744007236,0.2098375665288683],[0.9913339377127305,0.9801739099501079,0.581790954834121,0.9928413873624056,0.9969311029958008,0.9913339377127305,0.9999962891770182,0.9980747923205487,0.9980747923205487,0.9999696109350317,0.9542217842039964,0.999622798932249,1.0,-0.13249539677711586,0.9999945564800292,0.9634560154683268,0.954227664448363,0.35201515951112494,0.9998460842845804,0.9998464126215311,0.9889739391322078,0.9999970862147889,0.350549099161009,0.6893634896786588,0.9901046726161039,0.9901046726161039,0.9852144122537123,0.9877146763687538,0.24716211733900903,-0.1774679898878644,0.9919226982141278,0.9917061314978681,0.18414387443401029,-0.23814607743621846,0.9993125416319798,0.9994130192206384,0.37464827882407087,-0.32350324855010687,0.9988066486922813,0.9993462271040994,0.9575542218866647,0.33206726099496753,0.9349298670111343,0.9990481210442185,0.9349298670111343,0.9105398585711929,0.6190636547266616,0.9266564631281731,0.9006865070702219,0.701554024988848,0.41189392007623626,-0.09084170758263169,-0.20738938308744684,0.9246125459691941,0.38607576104229185,0.9683432615001132,0.9619772622760118,0.9780153703820561,0.9961157498815099,-0.06976044636370089,0.8438583133331504,0.8117561296002375,0.8591211780904661,0.805496491663539,0.7715356331569837,0.805496491663539,0.7758643126710325,0.7727009019122707,0.7683431887783505,0.7727009019122707,0.8478951277849934,0.3306947788320333,0.5445060669723621,0.6215929398033924,0.5445060669723621,0.5484762831239628,-0.35733602248555885,0.5118760847387694,-0.6539324227672128,0.4326736201334203,-0.1196668453460391,0.38919318197979047,-0.1196668453460391,-0.15506724670163322,0.8240831629175388,0.8387365444402817,0.8260350965786837,0.7453292116217071,0.3419232456837215,0.8259741403479963,0.8280669220774256,0.8259741403479963,0.736061951510114,0.736061951510114,-0.22766898470285568,0.6992899775354822,0.25199430034842685,-0.6177845354290866,-0.6189745368540259,-0.6218329584531023,-0.12053745769360998,0.02110311952654729,0.3486973587549237,0.05713664395044113,-0.464065823811402,0.08835748449000508,-0.8271308241456277,-0.13601005313289952,0.06207647103469057,0.06299450244824797,-0.601622196645278,-0.6029432544300595,-0.06770602995838092,-0.5846680668091851,-0.8414047866783045,-0.3595392985251499,-0.18842627156336608,-0.3595392985251499,-0.2771534812901479,-0.33287615048928054,-0.33287615048928054,-0.8342976812068508,-0.8342976812068508,0.370958430414631,0.5996036940937978,0.5012185365440177,0.8062956919751211,0.7551932531426067,-0.3368248415520765,0.061882194976638556,0.7604597039745893,0.7789065314940644,0.7604597039745893,-0.14576790330929298],[-0.11499546272745648,0.9801474668107955,0.5104025931915488,-0.1190196106588493,-0.3229524513552076,-0.11499546272745648,-0.13283182358738918,-0.1417317959620745,-0.1417317959620745,-0.29972882010772706,-0.23042036690259246,0.9996202567744834,-0.13249539677711586,1.0,-0.13189623664494218,-0.14713212175591112,-0.12511187957041456,-0.2964137327444978,-0.13327416023411875,-0.13329071070369505,-0.2543221150196736,-0.13291543675054193,0.029398229629651683,0.3105460957578463,-0.16513111531578611,-0.16513111531578611,-0.16546039073125926,0.9877017608576476,0.25275826779078264,0.18744495012137813,-0.17103518281976202,-0.17162567277902813,0.5390940562968086,0.12253661324481693,-0.13104857183584284,-0.2866444992964374,0.17359697684507003,0.9572841064457629,0.9988054416070811,-0.316165088116667,-0.14524686696058536,-0.2864422525258412,-0.13128275003459958,-0.13184432331310578,-0.13128275003459958,0.9105800865452447,-0.11464515571743027,0.9266108434390947,0.900616659910941,0.7015305918613534,0.08559941012806326,0.2502510107135019,0.6451133443012433,-0.2541127534936779,-0.2979950912411612,-0.05497483937106723,-0.2859600482515866,-0.09160836130249352,-0.1617470583222774,0.03999096076974082,0.30721854966297546,-0.006977325433732627,-0.27831205560990907,-0.004662298484340652,0.00496725359309737,-0.004662298484340652,-0.37891015723208665,-0.09199732243220889,-0.09367497652951498,-0.09199732243220889,-0.17789452980906184,0.0792234199850034,0.05736587870717125,0.05760761727259895,0.05736587870717125,-0.390532236362143,0.0069146377225248815,-0.3557365424019817,0.6183503716535308,-0.3236360240296523,0.010226947690862152,-0.0502975308654789,0.010226947690862152,-0.30766935237021137,-0.31146727876636626,0.8387366399374819,-0.07826583528397632,0.027576825952927042,-0.22442215940422755,-0.23807123636513183,-0.23697348246269853,-0.23807123636513183,-0.013101437097483896,-0.013101437097483896,-0.21019503547694385,0.6992179589245903,-0.16046699585438723,-0.03433685458772769,0.1903391543245904,0.1890920777629637,-0.25437577167381553,-0.004491187040731605,0.01954714708700704,-0.17843148974079176,-0.12066055725223793,0.03924727838896282,0.3747480922534372,0.10914471142828014,-0.035327374325984186,-0.03912588090758454,0.07929026994536174,0.5648391611559149,0.08737298607896007,-0.20692842108382886,0.6035233740142116,0.09001293689059278,0.09822840453826576,0.09001293689059278,-0.24169757230797453,-0.20047800315244635,-0.20047800315244635,0.31622688658380643,0.31622688658380643,0.3710254924821535,-0.24523138996657928,0.02290412300989801,0.09648187164247644,-0.2374928909636684,0.06617013384463692,0.15736486628073962,0.10887577031163673,0.10890270487180863,0.10887577031163673,0.124377108954195],[0.9913953925252595,0.9799720038290581,0.5820825124457217,0.9928760086567868,0.9969604428818811,0.9913953925252595,0.999992746990053,0.9990526634005272,0.9990526634005272,0.9999738126333749,0.9538942383571472,0.9995784244550922,0.9999945564800292,-0.13189623664494218,1.0,0.9611936451988646,0.944423239265183,0.352138939768997,0.9998489589146644,0.9998491788845795,0.9891270918104754,0.999994509768354,0.3512218954228449,0.6892029600409194,0.9935236931464583,0.9935236931464583,0.9934168396059614,0.9876061168281239,0.2474317264019395,-0.17751633666528888,0.9926843201501916,0.9927343945606193,0.18491282190532826,-0.23798383857096345,0.9993617944101423,0.9994121895650427,0.37360763566709454,-0.3226683223772248,0.9987495620066057,0.9993491369364952,0.9572029007380454,0.33221547614674024,0.9344324453122353,0.9991029969028309,0.9344324453122353,0.9108252205978334,0.6197803027972081,0.9269778173139079,0.9010156100542592,0.701264274420589,0.4132954294291288,-0.08924919128790133,-0.20759660465714352,0.9249989767377195,0.3863627915660085,0.9687570433041961,0.9623279907885695,0.9783021556003099,0.9961536876610684,-0.07078393570458581,0.844132185098842,0.8116751534982852,0.8593698568029691,0.8054543880002559,0.7711239404689451,0.8054543880002559,0.7760559808479128,0.7726530963494881,0.7687504494146308,0.7726530963494881,0.8482314888462028,0.3300111549803321,0.5439956899180013,0.621618499593747,0.5439956899180013,0.5483095549740276,-0.35850940570860373,0.5117812793508763,-0.6540960660060421,0.4322845437686104,-0.12067373401437384,0.38884285114850814,-0.12067373401437384,-0.15501316508193083,0.8242140002060937,0.8383762008919343,0.8261389370890344,0.7360664899231761,0.3423130618168854,0.826089303678746,0.8281715209268614,0.826089303678746,0.7358688710474505,0.7358688710474505,-0.2292444526783499,0.7001488624704238,0.2524993595568922,-0.6177621765791836,-0.6193552854826213,-0.6222186508875025,-0.12169997520581935,0.019859222689094208,0.34900732203940005,0.056695206636551365,-0.46431125984787225,0.08843930084568427,-0.8262776452532465,-0.13584967343919052,0.06105165262778015,0.06196623046497009,-0.602253574400401,-0.6032183744888657,-0.06712207676951577,-0.5859826591913205,-0.8414021813656051,-0.3594750914069428,-0.18786537055310332,-0.3594750914069428,-0.27814058147874476,-0.3333513218902011,-0.3333513218902011,-0.8346485678881901,-0.8346485678881901,0.3711301523852327,0.5992764500009069,0.5006815839491027,0.8067425969766134,0.7546351981530243,-0.3363531118173499,0.06120986334805559,0.7608650822339901,0.7795158486328979,0.7608650822339901,-0.1454467374166498],[0.9386946894759558,0.7131202777524166,0.5285984757978935,0.9397469518291797,0.9165502029297471,0.9386946894759558,0.9634932239642323,0.9618400675232468,0.9618400675232468,0.9294493073045846,0.8344130376609051,0.7667309421983104,0.9634560154683268,-0.14713212175591112,0.9611936451988646,1.0,0.9966050713250366,0.396448001358444,0.9560769955347889,0.9560741480571601,0.9302211795235591,0.9608788951683066,0.33652714731847977,0.6083839446391915,0.9536641373952677,0.9536641373952677,0.9436518874337027,0.5200974369760818,0.20974622005520194,-0.1892581735817937,0.9638244518763693,0.9631685924548111,0.16134762805714933,-0.2583297172750283,0.9621093621905968,0.9353504503516009,0.33288159468257245,-0.32156615371180813,0.7740005106012139,0.9268128654971686,0.9985012998247109,0.3774631823497613,0.8916862468176219,0.9618844107359535,0.8916862468176219,0.6919326173400278,0.6051762876155289,0.4454019702972552,0.42243028254338894,0.5223929832314458,0.41350115153565464,-0.07234514819095651,-0.21092566352021277,0.8803628582341809,0.4040116315934