var element = document.getElementById("correlationAdjClose");

if (element.style.display != 'none') {
    var correlationAdjClose = {"data": [{"type": "heatmap", "z": [[1.0, 0.9999912561624611, 0.9847055206106369, 0.9999223784710867, 0.9989144292227913, 0.9882031735032922, 0.9975584493407356, 0.9953682342744434, 0.9956812103461394, 0.9798098947216811, 0.9923883402851138, 0.9955103269445756, 0.9947353189148137, 0.9954215347256115, 0.9955600397938114, 0.9966183622766447, 0.9981086389693175, 0.9961223674002342, 0.9961411334673053, 0.9961840630228324, 0.9954658185109708, 0.9857256410074343, 0.9696983580760512, 0.9880968642953473, 0.9869517167927404, 0.9820874392123912, 0.9641399352250357, 0.9445583389400647, 0.994019451684388, 0.9945654018136952, 0.9918329576139726, 0.9751288169190647, 0.9974697259874828, 0.9977612782430879, 0.9971563457832973, 0.9955737968179486, 0.9951451319405884, 0.9976293423764114, 0.9976813345490989, 0.9986712497470333, 0.9974121205390425, 0.9974272099607643, 0.9766579097439477, 0.9175242960209213, 0.7473195123104013, 0.9000505976005153, 0.9034565054665563, 0.8400340997096172, 0.9664402208220535, 0.9448625862312668, 0.9677825867622606, 0.9650760008720237, 0.9580991496052124, 0.985697749536145, 0.9822326310601684, 0.9844083917497687, 0.9779210316216632, 0.9862455011193106, 0.9836873593159303, 0.9868665512204217, 0.9866557728599841, 0.9645136612024884, 0.9681161317092984, 0.9717736958727147, 0.9714600821780246, 0.9454796537630247, 0.9759133064410594, 0.9741963327165851, 0.9823561544109745, 0.9815283591835589, 0.9364618704465256, 0.861966996406843, 0.8294194972910715, 0.8807113023728278, 0.9066972505781666, 0.9018537113807131, 0.9047275277755129, 0.903454773780874, 0.6312041817294648, -0.5711116544632088, 0.9772576194914236, 0.9690503478317901, 0.9655495244405276, 0.985283060740746, 0.9708708167457935, 0.9819503941639977, 0.9819305886011259, 0.9461151839863449, 0.9821400188475213, 0.9501061803680347, 0.6445794706260372, 0.8672934139805134, 0.9156860341310229, 0.7527838643482149, 0.9219203705212863, 0.9416777475633205, 0.816420642796337, 0.9581398843045741, 0.8958559519256777, 0.6440672592628658, 0.7085787439696136, 0.8917952990329339, 0.8645134497507317, 0.888540749245467, 0.96887328192638, 0.9691476065985561, 0.7383078601547143, 0.7059810898931643, 0.8257257471846461, 0.3421420665893194, 0.7947813543761758, 0.8300597336024852, 0.8165445342917969, 0.8147139740977125, 0.750612864643873, 0.7422475987973877, 0.7224935671473778, -0.24314037545291925, -0.37915704665175826, 0.6377734338861185, 0.8992278124456479, 0.9442968693414208, 0.9486030442864454, 0.9189556212854403, 0.8285342005589899, 0.9158008650764249, 0.9375496477235532, 0.93731126660652, 0.8719007201279161, -0.1892603095952616], [0.9999912561624611, 1.0, 0.9832567355842838, 0.9997738023669789, 0.997614324550817, 0.9905029876278942, 0.993179744092322, 0.9889917333348003, 0.989026878763889, 0.9683956393385211, 0.991371736941731, 0.9892304288258514, 0.9890560201681545, 0.9891043395535263, 0.9891988875168745, 0.9937840531532436, 0.9950900195717087, 0.9923412239380961, 0.992340628743606, 0.9891009851424999, 0.989159409434859, 0.9882351969412607, 0.962734569273646, 0.9846435816629026, 0.9843499646527255, 0.9820062408945309, 0.9731260211517824, 0.9106922366861542, 0.9877900025148629, 0.9841310012423877, 0.9760250532570802, 0.9138246894200143, 0.9947631262490717, 0.9945934171953945, 0.9948784412400421, 0.9901826291001298, 0.9943199766120129, 0.9948697320380865, 0.99516981361857, 0.9965812656706754, 0.9948652696695213, 0.9948735686377159, 0.9864540474567794, 0.9172166619606642, 0.6001619207112935, 0.8999492970721439, 0.9037204511851351, 0.8401910403564622, 0.8718316212314071, 0.9122337684891892, 0.8756347788877396, 0.8960532842902306, 0.8707427845890913, 0.954307549289927, 0.9542107598683266, 0.9747608016170233, 0.9786448966538477, 0.9727237062520955, 0.9723034570943956, 0.9753563524709383, 0.9752690224759435, 0.9372882724433169, 0.9460688602988494, 0.9120342416406673, 0.911937949969257, 0.8097114304294135, 0.9698795166701808, 0.9721626755495582, 0.9724157853052992, 0.9718203511085259, 0.9326838195037679, 0.6563154077820588, 0.5974536088795886, 0.749833667684258, 0.8438271416752878, 0.7730877192734392, 0.8100291107954287, 0.8082835058547225, 0.5921089606742523, -0.2769497980217182, 0.9577564123231903, 0.9645665295333081, 0.9574543423119724, 0.9756548442251151, 0.954632285246092, 0.962306782053952, 0.961384798349831, 0.9052066964411309, 0.9652525364805818, 0.9109220249063995, 0.47235785758778576, 0.8668468367653438, 0.8641364725012586, 0.2695497694242827, 0.6575806526882286, 0.7492735992058187, 0.6407059671952408, 0.9567700450521492, 0.6542142889950144, -0.23760939563393063, 0.142116053181802, 0.6221012297932691, 0.6287432772396847, 0.6759118950171267, 0.9584232709376059, 0.9582725444039947, -0.0797018621801122, 0.158161949241647, 0.0010979017739009562, -0.03153785300005309, -0.0035971109291826966, 0.012992877966544076, -0.019419321374057406, -0.06239945032053156, 0.36366955332833445, 0.1024090704136207, 0.053141029966084205, -0.452614562421571, -0.48732541871714147, 0.6382578792236849, 0.7456641259007928, 0.7700614676750507, 0.8298874224451415, 0.8256317045386923, 0.5394814151544947, 0.7331097941054938, 0.7657084859959276, 0.7643410364848773, 0.4123054011162929, 0.20084317829572942], [0.9847055206106369, 0.9832567355842838, 1.0, 0.9861479819481356, 0.9928905149987037, 0.9901391161180488, 0.9906948255206065, 0.99113495223778, 0.9943863421432485, 0.9553081720136626, 0.9970287646687951, 0.9910311968721367, 0.9929647783418334, 0.9911953053244531, 0.9911180611467137, 0.9917557530281381, 0.9904766293204224, 0.9897279835829225, 0.9896962028457974, 0.9929142901397334, 0.9910645817584367, 0.9936246026070055, 0.9796327502731325, 0.9908509337730527, 0.9912713549871432, 0.9807317617349715, 0.982473599143674, 0.9484971323304338, 0.9728498123330807, 0.9764805659238648, 0.978200286985656, 0.950574347056249, 0.9879709775589454, 0.9910906856179408, 0.98940445415382, 0.993063261667201, 0.9948509850331704, 0.9921449030487434, 0.9874018006243613, 0.9880946735363004, 0.9882515270566171, 0.9876206374650212, 0.9907057088333892, 0.9173100125907355, 0.6880820417394469, 0.9255295272472065, 0.8967932548717853, 0.7520697163058288, 0.9271037949577389, 0.9000065294124685, 0.9293028553019416, 0.9248671471676453, 0.915004614779486, 0.9527737710377047, 0.959956735024636, 0.9315938752029841, 0.9496278508517254, 0.954689992416389, 0.9605573494753846, 0.9552640446189399, 0.9295937215754846, 0.899118240220716, 0.9277417071705676, 0.9246364109901476, 0.9077696387072552, 0.864436349771576, 0.9603602522284577, 0.9383319984022465, 0.9554626295723169, 0.9340417670917324, 0.7757753284497202, 0.8028231063564686, 0.7344946870749273, 0.8238233034805678, 0.8671994328042881, 0.8650436246263954, 0.8363089305553716, 0.8503314957202571, 0.3066395361046143, -0.5708845917122843, 0.947157735379073, 0.9215925591813038, 0.9253137646859074, 0.9320815741986306, 0.941536068942446, 0.9520099021904675, 0.9517108318417188, 0.9136926150943184, 0.9483192967116134, 0.8404918980874065, 0.6169198355640219, 0.9346934445323412, 0.9367639633428054, 0.7122904733858688, 0.9033639875658969, 0.9254378917084626, 0.8019445985590243, 0.9781510437939837, 0.7784707628067363, 0.5516854651524605, 0.6481711726759468, 0.7860287253690215, 0.7902202524937613, 0.7747198586418544, 0.9817620610815873, 0.9818344460805797, 0.6578178548762226, 0.641431813876116, 0.7139398983074277, 0.27378560229683463, 0.690326086667781, 0.7116390712778571, 0.7248573406897776, 0.707940484118001, 0.7048634154789563, 0.6692358219978792, 0.6475972491532487, -0.31646664525745294, -0.45204683371142157, 0.5937793982101428, 0.8594007042821193, 0.8944403593622533, 0.896148818515346, 0.8922357690496996, 0.7587973425257866, 0.8685655144557927, 0.8829617274727184, 0.891603678508329, 0.739235969709186, -0.10790350002306888], [0.9999223784710867, 0.9997738023669789, 0.9861479819481356, 1.0, 0.9992205188208613, 0.9891684618241497, 0.997896014747194, 0.9958941080063073, 0.996294157424078, 0.9794640805040308, 0.9937960803711225, 0.9960180890405352, 0.995452914643782, 0.9959457857238531, 0.9960632858854027, 0.9971395241407666, 0.9984554339211291, 0.9965815666879948, 0.9965969661317439, 0.9967086832191263, 0.9959763618186601, 0.9870046220598112, 0.9710386797177446, 0.9892018032586112, 0.9881684406181788, 0.9844021498822058, 0.9662603849103973, 0.945758541283869, 0.993489363544576, 0.994224701645341, 0.99194335937876, 0.9747841514194903, 0.9976300440117529, 0.9980645806635232, 0.9974707254125041, 0.9961450913440713, 0.9959285983720845, 0.99797157439056, 0.9977954200784666, 0.998819640660286, 0.997563734040442, 0.9975750680976277, 0.9784994503731894, 0.913124854321683, 0.7409039258650355, 0.9008125467056397, 0.9010402297919609, 0.8296332809718069, 0.9635153781814548, 0.941418020054438, 0.9647479634063065, 0.9623973676776049, 0.9552161927295887, 0.9836191261085427, 0.9806937902267086, 0.9826499079585741, 0.9762221286118762, 0.984675506950192, 0.9828283503284527, 0.9852166841702646, 0.9850039180050446, 0.9510350471629454, 0.96644206754689, 0.9700322827236232, 0.9697198498863484, 0.938806316761596, 0.9752346774192115, 0.9705956873156899, 0.9805838816184277, 0.9797179577765026, 0.9091261005305047, 0.8598484966068118, 0.8246024206573348, 0.8783099294018633, 0.9031151094432254, 0.9009559886917573, 0.9016789415713928, 0.9004763756651513, 0.5266662647110523, -0.571141059454013, 0.9760386785727366, 0.9668954589770072, 0.9633937034387573, 0.983532033379223, 0.9697190630660755, 0.9808594511121104, 0.9808404901295033, 0.9449938604794913, 0.9803481689900929, 0.929768025940144, 0.6501539547455015, 0.8756770622456233, 0.9202359136470342, 0.7543310762334915, 0.9236642719935271, 0.943166526034106, 0.8167600125059228, 0.959651522510958, 0.8897169467310168, 0.6407797941457166, 0.7068102294810228, 0.8867287408970252, 0.8609802604765188, 0.883144185454591, 0.9699728596106602, 0.9702534534017904, 0.7373545096901922, 0.7062867258197736, 0.817807279603946, 0.34425780913347614, 0.7891890158994347, 0.8218558629794964, 0.8084142132687142, 0.8094437367794192, 0.7535045928192416, 0.7423378688234616, 0.722652188868481, -0.23852568372097466, -0.37841149890426584, 0.6360552784585854, 0.897336639114204, 0.9425379545855229, 0.9468882207770117, 0.9178570006435623, 0.8257405973667878, 0.9138540753114883, 0.9353701376823401, 0.9352855998320954, 0.8642513893438158, -0.18189568124883881], [0.9989144292227913, 0.997614324550817, 0.9928905149987037, 0.9992205188208613, 1.0, 0.9920188565640166, 0.9990500242328697, 0.9982994414982994, 0.9983586625121935, 0.973100839834369, 0.9976806904784735, 0.9983451041090486, 0.9981374639976505, 0.998333674841572, 0.9984024488939206, 0.9986626187357122, 0.9992034547164544, 0.9987201537416724, 0.9987219108952577, 0.9984187774356552, 0.9983319789270485, 0.9937024043880037, 0.9786376808511499, 0.9938469225915619, 0.9937772570593154, 0.9879822469342334, 0.9803161699163273, 0.9490474243321666, 0.9900050692596075, 0.9924714453417329, 0.9895844543470217, 0.965691943654322, 0.9989416714787881, 0.9989764292125457, 0.998971975472132, 0.9984435522166599, 0.9985329518371924, 0.9990729553816171, 0.9991252999289277, 0.9991381444740516, 0.9989271534471438, 0.9989271440051315, 0.9889064914749303, 0.9227749952020187, 0.7160491373285505, 0.9160044411672327, 0.9050695103473677, 0.8113214879267207, 0.9472491700525576, 0.9293515037325596, 0.9511265994690907, 0.9536518162475669, 0.9460163296907814, 0.9796557311733333, 0.9795819803178136, 0.9784627100359049, 0.9699685773797367, 0.9794506935754169, 0.9782994734516943, 0.9797635109296693, 0.9795091103469366, 0.952640328157198, 0.955936432361805, 0.9509397649751253, 0.9505588908973445, 0.904929635040423, 0.972097002857629, 0.9687332989973797, 0.9755467052465747, 0.9746143924664522, 0.931410361953061, 0.8347056812454411, 0.78864486478139, 0.8600385134891921, 0.905476057474526, 0.8862023586095343, 0.8950508562926776, 0.8939416967042942, 0.6841457929435262, -0.5937610605512074, 0.9685802612966865, 0.9545012838278547, 0.9522882758167004, 0.9796385862662593, 0.9581888737458918, 0.9730137676345378, 0.9725760739669245, 0.9339442588191239, 0.9750500578952008, 0.9380804617989662, 0.6363800860763082, 0.8971162049375611, 0.9417529408597171, 0.7032881824539877, 0.9014265582418535, 0.927002917119566, 0.810375937857141, 0.9656258057814857, 0.8795805737227673, 0.48785294908335486, 0.6381857692125708, 0.8671941943499427, 0.8229522283136659, 0.869207173570718, 0.9742480106741742, 0.9744687088451469, 0.6902799028307429, 0.6864758784679932, 0.7342777063966472, 0.3186039144849177, 0.6715494781725475, 0.7401814498872998, 0.7161110807714933, 0.695660394310373, 0.7370276598069712, 0.7245540836099196, 0.703889020840698, -0.4611400407151951, -0.5378951546084983, 0.6245969030796182, 0.8898175010488564, 0.9265781861313352, 0.9383039203795622, 0.9139860750725756, 0.8017970430809325, 0.8961055901592346, 0.9195692056512274, 0.9190303150462118, 0.7977106455655891, 0.0348430470031318], [0.9882031735032922, 0.9905029876278942, 0.9901391161180488, 0.9891684618241497, 0.9920188565640166, 1.0, 0.9884461303574733, 0.9885413280160329, 0.988076367400768, 0.9639473352642096, 0.9795585058138511, 0.9884841187891182, 0.9896545972767261, 0.9886023393423815, 0.9887151123601464, 0.9916194538913725, 0.989729236430497, 0.9894095361775365, 0.989377059807091, 0.9874044062541733, 0.9885169407477237, 0.996099243987736, 0.9914278779408083, 0.9884716886440508, 0.9883103706587539, 0.9700616898327346, 0.9850799591921278, 0.966889020257616, 0.972100488884054, 0.9763219088050177, 0.9842798505431549, 0.9709757162744755, 0.9883760079058463, 0.9885752373424559, 0.9893729197748875, 0.9894280015758505, 0.9819690972009683, 0.9893353936569286, 0.9887626834774847, 0.988982254480736, 0.9884783033907875, 0.9884487797742876, 0.9947539795771858, 0.8758163493603921, 0.7189011201855734, 0.8773237811677543, 0.8992954065730777, 0.8319826122651115, 0.9324164114477231, 0.9117429790212329, 0.9342830396251579, 0.9422024671890817, 0.9300235574547995, 0.9614116276758942, 0.9658931771744799, 0.9679965081871359, 0.980381988046927, 0.9691081935533021, 0.9810109521782554, 0.9689784797468325, 0.9684342385000715, 0.9682042940551279, 0.9597536140152672, 0.9430247165240958, 0.9425244609606646, 0.9305463843740456, 0.9784896243523902, 0.9708138477553085, 0.9693503689361499, 0.9677522949592028, 0.9502368755949464, 0.8584566853575958, 0.8103088383640882, 0.8787249874505889, 0.8973183201999605, 0.9048132182795827, 0.8877550381083411, 0.8857971429272469, 0.6507027800878549, -0.5338735271644168, 0.9749125964471365, 0.9713994899524596, 0.9678974832893329, 0.969144468627224, 0.9655930669830518, 0.9750562391118895, 0.9747348891166271, 0.9558169282537141, 0.9645411694510461, 0.9552366578355894, 0.6520141874325482, 0.8405616985317056, 0.9384461359193885, 0.7514840334394366, 0.9137620535140858, 0.9314671123568913, 0.811666631301934, 0.9560642642704347, 0.8458751016113544, 0.5878039515964437, 0.6806426103980986, 0.8433682895776169, 0.8213862003175797, 0.8410163507970952, 0.9582242018657802, 0.9583603938902225, 0.6998453142364544, 0.6859181691672016, 0.7619424334394329, 0.34418628992685263, 0.7412580725867965, 0.7677142557946092, 0.753534053688948, 0.7556625944228056, 0.7409783816662674, 0.7132278630533728, 0.6956522119964029, -0.26892644894787665, -0.39653646027239214, 0.6641924022967791, 0.8830096207412435, 0.9010274159521564, 0.9094383465219367, 0.8980488879268431, 0.7997946306857329, 0.8697760613224867, 0.8924481359018879, 0.8923306856484722, 0.8365033455139383, -0.15229969330476656], [0.9975584493407356, 0.993179744092322, 0.9906948255206065, 0.997896014747194, 0.9990500242328697, 0.9884461303574733, 1.0, 0.9971786662600832, 0.9995348938818188, 0.9726489078957311, 0.9994348897478674, 0.9981541930727094, 0.9990744646147741, 0.9990331668290713, 0.9988136649775234, 0.9981788419425582, 0.999902861151509, 0.9992642106108569, 0.9992705506641048, 0.99965519651658, 0.99923384486011, 0.9907001882163026, 0.9749207491592081, 0.9842121764655228, 0.9925727903036355, 0.9872273274087575, 0.9720620835265233, 0.9442327498771464, 0.9921944523036493, 0.9918050216220448, 0.9930702243689186, 0.9717601051403102, 0.9988422828273533, 0.9998208987918942, 0.9996577696274324, 0.9994005527133022, 0.999667159603163, 0.9998519420307508, 0.997941099845512, 0.9996788893134718, 0.9992828359555718, 0.9988958019003913, 0.9830486002738653, 0.9289594916376956, 0.7317710211441677, 0.9291847789828985, 0.9158282450752796, 0.803330437981256, 0.9585256258320928, 0.9408144524551324, 0.9605787422397724, 0.9580044732714419, 0.9516107290242808, 0.9817754513404873, 0.9800003120815705, 0.9411428603204369, 0.9561569795562138, 0.9692646054845969, 0.9695934619369247, 0.9710622569054866, 0.9414239857127609, 0.8917990215499594, 0.9460670872162313, 0.9555019550867152, 0.9324395010388291, 0.8780768403328799, 0.9611211505801676, 0.9309960079041864, 0.9629052205101407, 0.9415747253484534, 0.7394325858121408, 0.8293231834043426, 0.7571047481506107, 0.8464944012002293, 0.8734249922413386, 0.8773345278303731, 0.8566552725249467, 0.869298173190435, 0.26149926480526203, -0.6058453373468364, 0.9589690895528014, 0.9379330701856345, 0.9377907461650972, 0.9435012133999195, 0.9553208968298307, 0.9667713132594571, 0.9668752279713212, 0.9242781519030586, 0.9629346266748813, 0.8241627071907417, 0.6315158462271324, 0.8976282386193862, 0.9201843890850796, 0.7431203642984001, 0.9209232719346003, 0.9416322587605517, 0.8109382427767943, 0.9651781348340787, 0.8311283711309335, 0.6287642042794903, 0.6967541199065791, 0.8436541872425426, 0.8395529349464528, 0.8295034352742998, 0.9743766631794062, 0.9746588476507094, 0.7234238313764679, 0.6829275563908769, 0.7830690004908346, 0.31375388598672305, 0.76604836136242, 0.7921964430017296, 0.7825900095885611, 0.7884629719590184, 0.7327131237767701, 0.7292682371033526, 0.7077647385862318, -0.2571019775638457, -0.4041950220968317, 0.6431624162772367, 0.8914119485457427, 0.9295613456142593, 0.9448529889841508, 0.9173613809600702, 0.8238632588601612, 0.9134937488300781, 0.9353399287736469, 0.9346985396045072, 0.7748899624645168, -0.1441129699374553], [0.9953682342744434, 0.9889917333348003, 0.99113495223778, 0.9958941080063073, 0.9982994414982994, 0.9885413280160329, 0.9971786662600832, 1.0, 0.9999844676597354, 0.9667744544686501, 0.9996551386054142, 0.9999969032829071, 0.9996648915638828, 0.9999978833265143, 0.9999819996386533, 0.996528110070068, 0.999322238913304, 0.9998895416284294, 0.9998892350683527, 0.9999573012497868, 0.9999945193874201, 0.990923018458933, 0.9759418633594517, 0.9918356918215925, 0.9930777190073701, 0.9843574974329551, 0.9742384229099913, 0.9428877488821175, 0.9884801245731695, 0.9942395055667463, 0.9917132047613255, 0.9683821178318701, 0.9994297368476259, 0.999494295316609, 0.9996172559055406, 0.999690572991025, 0.998812229093612, 0.9994163532007462, 0.9991205873522551, 0.9985666786642889, 0.9994994240030171, 0.9993621398653451, 0.9845053746840982, 0.9291499555190531, 0.718569939684499, 0.9352419845262466, 0.9132609584762239, 0.7820006794035625, 0.9569797624259095, 0.9358773513170077, 0.9586148044721307, 0.9515595073169877, 0.9450954268276637, 0.9797823651221172, 0.9767554719781091, 0.935401432560928, 0.9502568933205967, 0.9613985872727906, 0.9655659437148681, 0.9636895016010899, 0.9394447074477578, 0.8810596966355095, 0.9399248500182151, 0.9475538102522165, 0.9263352826880287, 0.8627615732642354, 0.9575197335150217, 0.9235357434922083, 0.9563165479096828, 0.9362333603079163, 0.7229108385668249, 0.8191844557071838, 0.7520488804976007, 0.8363240340085977, 0.8644557433183979, 0.8712123372139325, 0.8513964365856753, 0.8610891249385658, 0.24063520810967254, -0.6116992135687833, 0.9534827340349242, 0.9281993734185837, 0.9294823030885886, 0.9412672997272471, 0.9491857999290265, 0.9614275816741722, 0.9615414118220291, 0.9170727302380192, 0.9545598730938272, 0.8091763959245059, 0.6267870404766759, 0.9180423454819633, 0.932723313018706, 0.7375307296780083, 0.9202117957412624, 0.9412116702077779, 0.8081644119240401, 0.9699083438678097, 0.8349647770335612, 0.6144658349001112, 0.6872382461408061, 0.8449883525053831, 0.8365252113580666, 0.832971128904785, 0.9773970080354626, 0.9776788437399396, 0.7132276525595402, 0.6738795794373944, 0.785106574694056, 0.29878015465438257, 0.76083175229451, 0.7878690680602609, 0.7839148281675045, 0.7829226886691086, 0.7252911550667694, 0.7227993919664191, 0.700607485355794, -0.27430578716085974, -0.42044702024319225, 0.6247283037340663, 0.8828489287834442, 0.9273158448658433, 0.9371203145584539, 0.910951411517362, 0.8123370417960515, 0.9069587854829207, 0.9290102182522942, 0.9286246883052253, 0.7545123504346098, -0.1260223459202968], [0.9956812103461394, 0.989026878763889, 0.9943863421432485, 0.996294157424078, 0.9983586625121935, 0.988076367400768, 0.9995348938818188, 0.9999844676597354, 1.0, 0.9660875090715552, 0.9996541283997548, 0.9999815089536866, 0.9998385415061579, 0.9999900580158272, 0.9999964692626754, 0.9989992522565369, 0.9993120206738934, 0.9998274437930431, 0.9998264277949523, 0.9999669872294138, 0.9999824409018334, 0.9938075907154185, 0.9772139570283799, 0.9951285898785206, 0.9952732965886883, 0.9843927069259473, 0.9785102678330241, 0.9440394115071908, 0.9890294276822766, 0.9933295825645556, 0.9887465632716798, 0.9638951134430425, 0.9993533992176961, 0.9994343946076657, 0.9994371443055947, 0.9998403863104368, 0.9988224360780923, 0.9994045452584883, 0.9993449489856209, 0.998577587541879, 0.9993479837991919, 0.9993420635341219, 0.9889196215033891, 0.9291967320699972, 0.7193032653644368, 0.9352474649050486, 0.9133415544241673, 0.7822249846591446, 0.9439628233568523, 0.9245019854756295, 0.9473721880646049, 0.9489562034967206, 0.9422922735754868, 0.9773223669626326, 0.976844958448917, 0.9673418731007738, 0.9507648465854703, 0.9682503874644446, 0.9657009004693708, 0.9686604196250792, 0.968319786302232, 0.9393351888933218, 0.9393073202362265, 0.939897494260179, 0.9394796013885126, 0.8925804167995396, 0.957949775233627, 0.9587100874572101, 0.9649269428907447, 0.9637313843823494, 0.9177625298891594, 0.8184782400909221, 0.766751251041002, 0.8357554360664161, 0.8860898726904856, 0.8697303299704713, 0.8773499121565371, 0.8762979262978138, 0.6298321443167083, -0.6276049131239346, 0.9534953799249076, 0.9282335607062409, 0.9296016853989, 0.9687172889298948, 0.9438187625492468, 0.9610131432802527, 0.9604901912114713, 0.918058126595922, 0.963309239798889, 0.9225129798068878, 0.6250825667596059, 0.9178397012551772, 0.9468122732711659, 0.7130751342857728, 0.9068035847363632, 0.9318656380115157, 0.807266001510024, 0.9686869597582094, 0.886353146546853, 0.5172042533150752, 0.6552901344623551, 0.8745091292835043, 0.8311885936040606, 0.8770509573929127, 0.9773622342123027, 0.9776301118081171, 0.7111316905929473, 0.6711542653844378, 0.7505364945985539, 0.29654603418913833, 0.6898132273853333, 0.7560714774918368, 0.7338982165371155, 0.7144505656614558, 0.7230200079879244, 0.7196932396367153, 0.697474911878732, -0.5107053928163687, -0.5887454930729838, 0.6249732935974918, 0.881712644865514, 0.9260721742541183, 0.9386784623860261, 0.9099609842742012, 0.8074293551447781, 0.8963252648195845, 0.919109341461706, 0.9185453538716487, 0.807209603893923, 0.10781526432871948], [0.9798098947216811, 0.9683956393385211, 0.9553081720136626, 0.9794640805040308, 0.973100839834369, 0.9639473352642096, 0.9726489078957311, 0.9667744544686501, 0.9660875090715552, 1.0, 0.9529701169857456, 0.967163499459633, 0.9660984009589808, 0.9668943406761363, 0.9664477509938811, 0.9677248140351886, 0.9748255089734671, 0.971200397319644, 0.971214232572017, 0.9669462220948735, 0.9670188544362998, 0.966243911915016, 0.9537310953681722, 0.9736058960374913, 0.9715086173969567, 0.8994936043709776, 0.9697384261869051, 0.9526794566252736, 0.9766525860057857, 0.9707943388142143, 0.9708381885551263, 0.937457335776933, 0.9749919810658856, 0.9745670643259905, 0.975013830025988, 0.9673713919398551, 0.9605276991795508, 0.9740110633663387, 0.9747912091327238, 0.977465338004679, 0.9751726919894929, 0.9751905934305127, 0.9561735134469456, 0.8466192862374144, 0.5387791445975405, 0.8017710355850487, 0.8931032316025252, 0.8745353205754848, 0.9027024098016978, 0.8334905378245032, 0.9071543519232284, 0.9174624016761473, 0.9042716559776409, 0.9348891125770065, 0.9347488926786749, 0.9450492115625225, 0.9370340500910072, 0.9550923663929145, 0.9489413443963433, 0.9534988039058446, 0.9535227587719514, 0.9129332902097327, 0.9540359336233064, 0.9396508225678519, 0.9393560076270886, 0.8631276287867606, 0.9368582186591725, 0.9445278564329858, 0.9381543517327461, 0.9370934941475816, 0.8880903941928966, 0.8264395171069702, 0.7838867881470934, 0.8686022260675913, 0.9184490050596971, 0.8911955424178041, 0.9048816430915375, 0.9041784662771171, 0.721899062326228, -0.31846798370969187, 0.9539625825343376, 0.9549957154668196, 0.947109212073484, 0.946783975744954, 0.9321000858049164, 0.955207517786653, 0.9551422181407236, 0.9033422312105205, 0.9571348342803886, 0.9080979458001877, 0.7244600977036649, 0.7062742204835926, 0.869671915545441, 0.6366959526089196, 0.8584086969039191, 0.8937845302216942, 0.8774719767239055, 0.9513116141602799, 0.9067205760009657, 0.40686193802559695, 0.6588210364040548, 0.8991120094614646, 0.8770382942401022, 0.9058251016343863, 0.9515525738090105, 0.9518823440688218, 0.543767787776986, 0.709187670127021, 0.6196983503900688, 0.49008297156516617, 0.5788535141848542, 0.634016825536808, 0.5948442291744446, 0.569372879800376, 0.8121841391154778, 0.6895150285487316, 0.6543162447373648, -0.28706341316959283, -0.33707850825361424, 0.7534256294066822, 0.9176933691324868, 0.9244739784785472, 0.9128922599619788, 0.9426983966697751, 0.6666670768741201, 0.8456461531800689, 0.9108800048140342, 0.9100376146640711, 0.6930549852682564, -0.1643979894435811], [0.9923883402851138, 0.991371736941731, 0.9970287646687951, 0.9937960803711225, 0.9976806904784735, 0.9795585058138511, 0.9994348897478674, 0.9996551386054142, 0.9996541283997548, 0.9529701169857456, 1.0, 0.9996824425035311, 0.9996610830652316, 0.999669094525609, 0.99967550897694, 0.9994368830096871, 0.9991345214509963, 0.9999564565338716, 0.9999559537650585, 0.9996680618444521, 0.9996760517358407, 0.9903650120276446, 0.9586570394101281, 0.9914047394782421, 0.9925176228441841, 0.988707998083313, 0.9710498636457577, 0.8977632770783267, 0.988647441242589, 0.9925021749650472, 0.9730707096843026, 0.8992840166579387, 0.9991676241059997, 0.999234488498231, 0.9991694275406225, 0.9994595212406515, 0.999413622939778, 0.9991925853484028, 0.9990595811811747, 0.997846545587563, 0.999140169057982, 0.9991354754384429, 0.9897686415404654, 0.923166765655004, 0.5639177542593693, 0.9307662817585166, 0.912473242185605, 0.7863481973338882, 0.8568850872770026, 0.8934579501191415, 0.8622936543649302, 0.8755331976520027, 0.8539263109208524, 0.950725257289964, 0.9506546952756996, 0.951606351197842, 0.9538796693506668, 0.9435951696103625, 0.9455635497838023, 0.9479334468269099, 0.9477392096775556, 0.8989320484354908, 0.9103510456949223, 0.8692703433659937, 0.8690950321296166, 0.751522942645954, 0.9477434589113328, 0.9511009170150148, 0.9512694551599696, 0.9505701422330692, 0.9000568928034511, 0.6047363952360085, 0.5420212381406289, 0.6984484099683553, 0.8000971751390344, 0.7275034767010927, 0.7656985450281817, 0.7645229797455528, 0.5338560069568207, -0.39962473974153484, 0.9223288256482121, 0.9321784473234065, 0.9219982307248524, 0.9530364148714937, 0.9187914317783397, 0.9281756118857365, 0.9269502448757473, 0.8595716595566834, 0.932438948826103, 0.8669364123124115, 0.5193936698120365, 0.9143831516205168, 0.9089950501140626, 0.3089954267479512, 0.6936675476045775, 0.7767692823101137, 0.6525175665037801, 0.9713384041758049, 0.6650389259911529, -0.18173217375208606, 0.18904614476192153, 0.637695507388734, 0.6419642862920858, 0.6840565872360747, 0.9726138503145615, 0.9726691443514945, -0.01914672275428742, 0.2095335445943949, 0.0634930201229509, 0.029744241087752758, 0.05648782807194777, 0.07568528813294119, 0.0421809373474315, -0.006915251602272339, 0.4130268071113979, 0.1441824989851685, 0.09183637715812579, -0.5213649879031831, -0.5555764030988581, 0.6250348931607668, 0.7393517996004599, 0.7640898717494302, 0.8267383691393085, 0.82489868326893, 0.5204251409970561, 0.7244017841216164, 0.7597602796218985, 0.7584818923572315, 0.40433548478738535, 0.2512942135478524], [0.9955103269445756, 0.9892304288258514, 0.9910311968721367, 0.9960180890405352, 0.9983451041090486, 0.9884841187891182, 0.9981541930727094, 0.9999969032829071, 0.9999815089536866, 0.967163499459633, 0.9996824425035311, 1.0, 0.9996496873877722, 0.9999976558056957, 0.9999846261636145, 0.997155874129786, 0.9993723667489995, 0.9999006786376591, 0.9999005454559773, 0.9999650517597012, 0.9999949699395904, 0.9908346540374673, 0.9758209390316294, 0.9924915628210761, 0.9930404624215838, 0.9845526451872341, 0.9740757576283591, 0.9429124243607401, 0.9893670977454996, 0.9942953576507462, 0.9917865478850588, 0.9685282200366353, 0.999472094038721, 0.9995380973083285, 0.9996505396481649, 0.9996924559515932, 0.9989001157465135, 0.9994615306948258, 0.9991595630054255, 0.9986467816494728, 0.9995430088396665, 0.9994054600414998, 0.9843155648633477, 0.9294420603112273, 0.7192890991204213, 0.9351785918135656, 0.9135285609027015, 0.7831694253458389, 0.957307649873296, 0.9362924450050242, 0.958950752260313, 0.951934826905778, 0.945496514157601, 0.9800223365725615, 0.9769424170819803, 0.935736371177737, 0.9504737734453674, 0.96172602428669, 0.9657344202834506, 0.9640096845905489, 0.9397204437909534, 0.8812887322177747, 0.9402422301631432, 0.9479996618640081, 0.9267886906985175, 0.8632419909504867, 0.9576324564183827, 0.9237862931837618, 0.9565693805751827, 0.9365462576910641, 0.7230687452306308, 0.8197103691497966, 0.7526262824085393, 0.836839087055909, 0.8648438662533903, 0.8715168761921943, 0.8518428889350432, 0.8615561383243532, 0.24101910588152778, -0.611576538966289, 0.9537335027142084, 0.9286440017081865, 0.9298466604891217, 0.9415267096597524, 0.9494534016943148, 0.961681211943783, 0.9617950117326841, 0.9173309257878208, 0.9549124515937805, 0.8094727443090136, 0.6270050098102039, 0.9171190877908538, 0.9321788083522474, 0.7378073504735515, 0.9202675098155665, 0.9412657607125662, 0.808458818010786, 0.9697369171751569, 0.8354061944908477, 0.6154768632939811, 0.6879357840412984, 0.8454525333770458, 0.8370573083699645, 0.8333967702378582, 0.9773119994485622, 0.9775937998218563, 0.7138933871572221, 0.6745085816992951, 0.785674878654754, 0.29966113103377556, 0.7615197939046872, 0.7885431554499646, 0.7844889703753627, 0.7836263039415968, 0.7257045983220611, 0.7232592489155363, 0.7010962240896087, -0.27326540233010527, -0.41950415139671676, 0.6253350060883867, 0.883364466690524, 0.9277265726233939, 0.9376215218102761, 0.9114005401307179, 0.8128886932554167, 0.9075047386402512, 0.9295433741735941, 0.9291445556405077, 0.7551820595416895, -0.12709735513447248], [0.9947353189148137, 0.9890560201681545, 0.9929647783418334, 0.995452914643782, 0.9981374639976505, 0.9896545972767261, 0.9990744646147741, 0.9996648915638828, 0.9998385415061579, 0.9660984009589808, 0.9996610830652316, 0.9996496873877722, 1.0, 0.9996863170076087, 0.9996728513789062, 0.9991289621073155, 0.9989259606472463, 0.9994771962125829, 0.999470654118278, 0.9996671607817255, 0.9996414584799355, 0.9928268939955164, 0.9774449472482248, 0.995815344140507, 0.9957043230054119, 0.9843944226489161, 0.9768905317306735, 0.9454065111973501, 0.988489114747939, 0.9922968439748228, 0.9908438483272103, 0.9661214361220806, 0.9987649621271731, 0.9990750695083479, 0.9992673581144981, 0.9999196446780184, 0.9988474008013507, 0.9990520026918949, 0.998603038344073, 0.9979609463515265, 0.998757505868101, 0.9986843222799602, 0.9883017181741989, 0.9293987238213637, 0.7150515820591081, 0.9352834169979538, 0.9134216929650503, 0.7824652943484255, 0.9527538854810084, 0.9293467363089835, 0.9537814903633112, 0.9484361301488303, 0.9414005272503027, 0.9764557805138018, 0.9748200821907844, 0.9590289785556064, 0.9501536535292957, 0.9620087943237013, 0.9650140456527411, 0.9638347171830687, 0.9631966094811846, 0.8853760491256517, 0.9372822318593155, 0.9463678612002513, 0.9461348061810166, 0.8614249092358723, 0.9579572571851737, 0.9354888104077093, 0.9584558511841529, 0.9571675962581522, 0.7275896638754538, 0.8166764823484306, 0.7784560974289509, 0.8344596680928499, 0.8662968112472973, 0.8706247447101654, 0.8600684117703864, 0.8605995982635731, 0.22567489363323343, -0.6060850346136649, 0.9528437280952154, 0.9283335080641777, 0.9287781408967506, 0.9619071330893543, 0.9488619726059834, 0.9604677876701926, 0.9605392074938298, 0.917111457443638, 0.9552475611416062, 0.8161680433251278, 0.6274460690233405, 0.9176507885748819, 0.9329052406876974, 0.7350115650735625, 0.918363753664982, 0.93965651812835, 0.8093951618273059, 0.9723884070106257, 0.8294840529951458, 0.6071473096748452, 0.6833526201651999, 0.8366111996046195, 0.8317181637407423, 0.8252947812690549, 0.979208675740609, 0.9794463024455246, 0.7046892161258618, 0.6690707927406312, 0.7649986554072425, 0.29936470743996346, 0.7515081800175144, 0.7771983378966419, 0.7536837295983286, 0.7725432870805816, 0.7234159301638343, 0.7130921951095658, 0.6911910655863152, -0.2799613164292908, -0.42460478677934316, 0.6249141559079121, 0.8811204216973668, 0.9290935588252874, 0.9330284832910334, 0.9105576820014472, 0.8050270690566456, 0.901139026319977, 0.9224152532303391, 0.9226934869273047, 0.748936867967211, -0.12539008067222182], [0.9954215347256115, 0.9891043395535263, 0.9911953053244531, 0.9959457857238531, 0.998333674841572, 0.9886023393423815, 0.9990331668290713, 0.9999978833265143, 0.9999900580158272, 0.9668943406761363, 0.999669094525609, 0.9999976558056957, 0.9996863170076087, 1.0, 0.9999887240840919, 0.9986608835792496, 0.9993419468538353, 0.9998930863416072, 0.9998924547337746, 0.999959189844628, 0.9999924228813426, 0.9909627207645894, 0.9759963961943731, 0.9943231847476468, 0.994163125481812, 0.9844724425042997, 0.9742834420720866, 0.9430688214925219, 0.9918322604436305, 0.9946052999530145, 0.991656584177533, 0.9682812125524571, 0.9994452279721805, 0.9994986878405243, 0.9996270576872435, 0.9997089849100971, 0.9988531635780941, 0.9994267922510267, 0.9991859627376913, 0.9985883539633931, 0.9995126785355106, 0.9993784620543279, 0.9844889447815564, 0.9292538161830928, 0.7186453091437864, 0.9352610927513542, 0.9134551969069009, 0.7825524919255505, 0.957085272598302, 0.9360479536529773, 0.9587563463555453, 0.9515229077865036, 0.9450330389902186, 0.97982831719945, 0.9767155390452741, 0.9357515671926597, 0.9503798811336164, 0.9615933958574034, 0.965636081133455, 0.9638678926114522, 0.9391656435993514, 0.8812970668288312, 0.939775409091793, 0.9476284729334631, 0.9265873879565797, 0.8628978522139478, 0.9576828620735103, 0.9239460428901495, 0.9565559535167528, 0.9366003290814738, 0.723302547477329, 0.8191318456520706, 0.7523510250263077, 0.8363168197920114, 0.8646448182139569, 0.8711848115496198, 0.8515703199608435, 0.8612798434505339, 0.24100296554978304, -0.6114039769882977, 0.953551569248282, 0.9284134738565771, 0.9296598375981188, 0.9394043126739409, 0.949379199254064, 0.9615041332689748, 0.961614690298605, 0.9172520784446311, 0.9547548241091933, 0.8094729637411565, 0.6268349127082159, 0.9176026180128817, 0.9325766346022945, 0.7374633409866662, 0.9200847581815669, 0.9411121588025472, 0.8081686152174111, 0.9699263100469434, 0.835026357407317, 0.6143384622922231, 0.6871335069715119, 0.8450338269480148, 0.8366873844187476, 0.8330256079420371, 0.977448853571899, 0.9777269457591601, 0.7127755800920884, 0.6734768558954055, 0.7851111619299153, 0.2990931731662496, 0.7608264799356365, 0.7878068898276391, 0.7841093688425659, 0.7828364408222439, 0.7251931688714104, 0.7219786443152995, 0.69982228892885, -0.2740960246699099, -0.42023330263407044, 0.6250753543017645, 0.8827780364588992, 0.9274739428832969, 0.9371971940106142, 0.9110162175554273, 0.8121509481062151, 0.9072055063325221, 0.9290826882930953, 0.9288141891932946, 0.7546441465030794, -0.12633552695905284], [0.9955600397938114, 0.9891988875168745, 0.9911180611467137, 0.9960632858854027, 0.9984024488939206, 0.9887151123601464, 0.9988136649775234, 0.9999819996386533, 0.9999964692626754, 0.9664477509938811, 0.99967550897694, 0.9999846261636145, 0.9996728513789062, 0.9999887240840919, 1.0, 0.9986621825117815, 0.99938011351134, 0.999889438163201, 0.9998895714609738, 0.9999572440306183, 0.9999781596890495, 0.9908935599852134, 0.9760375490846083, 0.9928384241678355, 0.9928636143902336, 0.9845972466159507, 0.9740575794356969, 0.9431002660638391, 0.9918668030318512, 0.9941955285758008, 0.9915008532943688, 0.9681667583000555, 0.9994833010374553, 0.999482107507127, 0.9996125240626174, 0.9997000557320148, 0.9988706873209525, 0.9994291558066309, 0.9992142040016272, 0.9986415130556039, 0.999542569161168, 0.9994219801421605, 0.984289366618229, 0.9291065269010841, 0.7192613110190965, 0.9350925102111445, 0.9134307041737642, 0.7828554050720548, 0.9576041782030238, 0.9371014587255588, 0.9593307506833939, 0.9516494789669271, 0.9451224118557381, 0.9802825470080091, 0.9768619481113127, 0.9366050906317073, 0.9509060248606663, 0.9620366270129187, 0.9658703957826319, 0.9643153118387837, 0.9404547324248819, 0.8816405457616394, 0.9394781838834264, 0.9479680828882268, 0.9273115906415015, 0.8629548459563031, 0.9581611734684511, 0.9246723107257779, 0.9571327850766225, 0.9374954248526942, 0.7235189018484963, 0.8187764610137815, 0.7534647649531611, 0.8360366375585657, 0.8647981231528852, 0.8708671951334763, 0.8521881665638538, 0.861673627391857, 0.24092294668597863, -0.6111117556218132, 0.9536872257010819, 0.9286282894782638, 0.9299141316058632, 0.9423211093560243, 0.9499471177666431, 0.961714130119149, 0.9618203189704169, 0.9177446091516558, 0.9551651834980358, 0.8097069165301015, 0.6256779463063151, 0.9174257202085085, 0.9323505470241413, 0.7369527106030054, 0.9196554355510071, 0.9407367848093627, 0.8072971963984665, 0.9696129277393087, 0.8359569778620627, 0.6135141017677338, 0.686190884940607, 0.8455201133269324, 0.8370961749927968, 0.8337265813742772, 0.9772716068251631, 0.9775396038021993, 0.7114640106975848, 0.6715076442153127, 0.7861160524878817, 0.29753077757436247, 0.7610516484488203, 0.7881294775934414, 0.7853037783619476, 0.7829866102140166, 0.7238487815183674, 0.7198848220604475, 0.697714732391547, -0.2735626591659167, -0.4198155447588126, 0.6251373689142845, 0.8819046508034263, 0.9280085939484887, 0.9376375361467286, 0.9102664610072211, 0.8122873582017506, 0.9081622145488626, 0.9295970714461805, 0.9294918162991896, 0.7545288579499074, -0.1264876638882355], [0.9966183622766447, 0.9937840531532436, 0.9917557530281381, 0.9971395241407666, 0.9986626187357122, 0.9916194538913725, 0.9981788419425582, 0.996528110070068, 0.9989992522565369, 0.9677248140351886, 0.9994368830096871, 0.997155874129786, 0.9991289621073155, 0.9986608835792496, 0.9986621825117815, 1.0, 0.9990611669351896, 0.9989965444345923, 0.9989936253842785, 0.9988086045943356, 0.9985562588587391, 0.992424285589242, 0.9787296515059769, 0.9839595268726133, 0.9902801517335946, 0.9898880807897793, 0.9761596315855166, 0.9503006933689749, 0.9928464442158702, 0.9929662918439365, 0.990465870098984, 0.968111124478011, 0.9987937346375412, 0.9987156697876237, 0.9989514904198148, 0.9986797019208838, 0.9993991224535903, 0.9988648748641962, 0.9989131397224549, 0.9984056022701678, 0.9986833032009027, 0.9987450161834124, 0.9834129639969423, 0.9225671305959887, 0.7239114768613475, 0.928982009237921, 0.9158174840194856, 0.7991923032353527, 0.9605599853394995, 0.9407381402933139, 0.9626628711745926, 0.9511907252072045, 0.9432488560640055, 0.9806173326486037, 0.97606665476277, 0.9486129421902992, 0.9596379474916467, 0.9685932922674328, 0.9