var config = { responsive: true }

var correlationClose = {"data": [{"type": "heatmap", "z": [[1.0, 0.9806544302708551, 0.9904981038791414, 0.9766063214047753, 0.9622039390821615, 0.9766063214047753, 0.9849337365532975, 0.9828327960733411, 0.9920756214834567, 0.9343191033017215, 0.9961580268470278, 0.9848835775001176, 0.9822952371659225, 0.9846420429341011, 0.9845395442256198, 0.9877731536820453, 0.9889021020356409, 0.982296482718591, 0.9822908886796401, 0.9905717551790042, 0.9848019078841381, 0.9903237654128328, 0.9788175799693851, 0.9820740127444009, 0.9820939861363343, 0.9782488373585698, 0.9764591169541784, 0.9461687747921389, 0.9668359487840928, 0.9669083717530872, 0.9721762554930139, 0.948581077221642, 0.9808615339882479, 0.9875441082915993, 0.9791541686746293, 0.9822422822576585, 0.9932099469313683, 0.9895182738602271, 0.9789517068126811, 0.9865792546349622, 0.9805714557451881, 0.9798426597136763, 0.9805714557451881, 0.912296709237396, 0.6261021015775486, 0.9202523680046142, 0.8991413904038935, 0.6716549777405307, 0.9102288945601944, 0.8579036466897066, 0.8981071254418452, 0.8953223302904476, 0.9037737652225944, 0.929659964654342, 0.9393431408949482, 0.7336314727882188, 0.7885683033101455, 0.8096430414372638, 0.8281716829463529, 0.8018304692796585, 0.7725211697490806, 0.8018304692796585, 0.7129826757696741, 0.7613789941464209, 0.762714105627602, 0.7613789941464209, 0.8190982827553505, 0.38088069203646024, 0.574076677354851, 0.6487237553012364, 0.574076677354851, 0.49028488509287294, 0.46272812123270485, 0.45383905774501, 0.6124817224400899, 0.38813667599743096, 0.4229087521528889, 0.3890665784077231, 0.4229087521528889, -0.5850594929724273, 0.7865453278939356, 0.7632577510562069, 0.7668761834113018, 0.7490529644804266, 0.8768422246925084, 0.7935855194627953, 0.7965534679290084, 0.7935855194627953, 0.7383419012206257, 0.7383419012206257, -0.2878388780383455, 0.6906434973230459, 0.16657870078863152, -0.6000933207930695, -0.6276292412046126, -0.6302224095151175, -0.08713591435378074, -0.022529425355536013, 0.2941338370866797, 0.08930057786869292, 0.02531634129171554, 0.056995209029457886, 0.024271231549164603, -0.15530073622509286, -0.006241971001479681, -0.00602549056503425, -0.5946293363028898, -0.5114894673955234, -0.11260268800900464, -0.5688960180805972, -0.42100731093738714, -0.38534355348663174, -0.2155144877366473, -0.38534355348663174, -0.2808248559561682, -0.3408992849933633, -0.3408992849933633, -0.6168683553676584, -0.6168683553676584, 0.3096139349069553, 0.5788733139193358, 0.7861017308879567, 0.7640623429976846, 0.7331673570630839, 0.5720243561205239, 0.7131691166541646, 0.7210856615864548, 0.7528431720600238, 0.7210856615864548], [0.9806544302708551, 1.0, 0.9984480564957494, 0.9996967811492288, 0.9991224596821394, 0.9996967811492288, 0.9915073975175387, 0.9870627361816516, 0.9925390969796122, 0.9716602334776875, 0.9843416306282847, 0.991543039395963, 0.9916350173180443, 0.9915851546492066, 0.9916394983370966, 0.9946161558451644, 0.9947665462605049, 0.9925126388314777, 0.992511080057391, 0.9929041472132012, 0.9915345840811122, 0.9798076912524426, 0.9660692590017549, 0.9784629607999431, 0.978435349375033, 0.9608716459203016, 0.9554104237844528, 0.9437453715328973, 0.9897783967375317, 0.9897451982009559, 0.986654313853575, 0.9743955578805766, 0.9939649057937582, 0.9953076614286741, 0.9939405179130951, 0.9925158758883597, 0.9897166962122846, 0.9952237006825004, 0.9943578779954424, 0.9958095683783316, 0.9940798811306745, 0.9940768057525959, 0.9940798811306745, 0.9023368358126141, 0.6970430521083312, 0.8844432791401347, 0.9185152989732115, 0.8061384326465489, 0.9616294306680628, 0.9224444732460035, 0.9515663497252588, 0.947473788493554, 0.9522279342045284, 0.9746253861987688, 0.970078689925428, 0.8768492080993375, 0.879260311653222, 0.9082189865048063, 0.8873163025112616, 0.8993385501688087, 0.9007342853514855, 0.8993385501688087, 0.8137269767376354, 0.8877274469245692, 0.8891950737072847, 0.8877274469245692, 0.8711619935968027, 0.6219907535168434, 0.8039881642135839, 0.8062211197322653, 0.8039881642135839, 0.5873942858684058, 0.4575342438591492, 0.5595696099429665, 0.7044672951093753, 0.44871616109608137, 0.4903837558790959, 0.4933586155324191, 0.4903837558790959, -0.5953689095558311, 0.8566865031101075, 0.8819835875894796, 0.8650687874556371, 0.8760256294671604, 0.9270852415272751, 0.8566767070476093, 0.8585970350494506, 0.8566767070476093, 0.8526475079144109, 0.8526475079144109, -0.1834350674354903, 0.5177635579964127, 0.2242652782166975, -0.510735612494556, -0.5419914661281509, -0.5453726994416201, 0.013864557423920155, 0.013811279715861258, 0.29386287778330467, 0.2115906526969276, 0.12215540505970321, 0.10156779630069544, 0.12982413564687117, -0.16519882562620833, 0.08112190568974766, 0.08159813413051531, -0.5101278113129185, -0.4058745240750833, -0.1560545227135032, -0.45451099573355797, -0.32416036792304853, -0.29922624314035395, -0.2906616360088843, -0.29922624314035395, -0.16277557151421848, -0.21203245886045635, -0.21203245886045635, -0.5234748563838968, -0.5234748563838968, 0.38236700618743824, 0.663400774643129, 0.8733855240402241, 0.8504853994777144, 0.7907248098022898, 0.6716652933920664, 0.771598427470266, 0.8135216379093794, 0.8135777750477636, 0.8135216379093794], [0.9904981038791414, 0.9984480564957494, 1.0, 0.9972016113800611, 0.9924384818280874, 0.9972016113800611, 0.9964058402635315, 0.9940441672092536, 0.9965927477292318, 0.9602492299917726, 0.9944542420930996, 0.9964258938018226, 0.9965318694987044, 0.9964607550896248, 0.9964576528592105, 0.9975560577071326, 0.9971993424722516, 0.9970848762995441, 0.9970832609516047, 0.9964231012103354, 0.9964222160667715, 0.9928348937815225, 0.979592648549451, 0.9891427606333325, 0.9890949267983641, 0.9796390393794459, 0.9779917781630485, 0.9484565168305009, 0.9885269717875421, 0.988466305094942, 0.988314238311435, 0.9656663571105315, 0.9976778597981709, 0.9976288483077038, 0.9975404522490458, 0.9970012139356647, 0.9969640401069129, 0.9978389927461354, 0.9979590666425466, 0.9976999489921146, 0.9976750090377029, 0.9976760763172247, 0.9976750090377029, 0.9204139320779554, 0.6608502589149164, 0.9124333106826434, 0.920620082779875, 0.7686015872014199, 0.9428030173493877, 0.8950415589471135, 0.9320866739435085, 0.9334250773484155, 0.9419230076187685, 0.9682718371264526, 0.9683277040179271, 0.8653418268230564, 0.8511305436493816, 0.8878027315921694, 0.8689846781872732, 0.8856536219561267, 0.8864040108587498, 0.8856536219561267, 0.7789595416303088, 0.8224551384217258, 0.8243406550343579, 0.8224551384217258, 0.8543018269692138, 0.7284794792655356, 0.8334741733310577, 0.8350397039658891, 0.8334741733310577, 0.5338086204754063, 0.39407256397149093, 0.5143675004647459, 0.6883899973891113, 0.5043555125299094, 0.48064824878341084, 0.48116016280751106, 0.48064824878341084, -0.5795896935612789, 0.8315440857924583, 0.8435432096132505, 0.8314062107426289, 0.8773393198067659, 0.8978441346660582, 0.8346365683846437, 0.836555164085972, 0.8346365683846437, 0.8432943051172893, 0.8432943051172893, -0.23139870496623008, 0.5904040255870389, 0.08046874812451733, -0.5700502726010722, -0.6063316194250206, -0.6064156625120984, -0.024704112264722827, 0.033026277635358606, -0.10413423077172311, -0.03934518302201234, -0.03175060831600698, -0.2763712892324443, -0.3289597937154179, -0.4772580058249128, 0.04337949241363947, 0.04371385618162184, -0.544079132639487, -0.44821728588600257, -0.46938606543625505, -0.5036351792636269, -0.5611649651586017, -0.5312721472898961, -0.5341064698282086, -0.5312721472898961, -0.21112624375940062, -0.25442420852469394, -0.25442420852469394, -0.6319998467472999, -0.6319998467472999, 0.3567033845144148, 0.6408077427257544, 0.8209569936351024, 0.7910946664376094, 0.7772187787411716, 0.5993811295199334, 0.6206449511913926, 0.7065309427485018, 0.7066864398777891, 0.7065309427485018], [0.9766063214047753, 0.9996967811492288, 0.9972016113800611, 1.0, 0.9999837596353701, 1.0, 0.9897661798179928, 0.984862278620359, 0.9903354346813709, 0.9735324939738597, 0.9782224087022738, 0.9898148074256939, 0.9899806990154555, 0.9898872876845107, 0.989958610239698, 0.9929750366216569, 0.9931323040309215, 0.9910204168608079, 0.9910184344753948, 0.9909354913196817, 0.989816181721838, 0.9763489831662082, 0.962801098483285, 0.9753479638455301, 0.975318234297323, 0.9467758684050299, 0.9507492556529046, 0.9421976621863493, 0.9897460051725231, 0.9897011791998145, 0.9855447045498779, 0.9746913417599838, 0.9930372699589773, 0.9939941839073368, 0.9930565616754506, 0.9912180861532489, 0.9850875236463201, 0.9936558898262865, 0.9936296357625343, 0.9945819029219239, 0.9932541188375181, 0.9932491889785547, 0.9932541188375181, 0.9016652326970468, 0.7089964529723579, 0.8721887419427983, 0.922022069299971, 0.8283789755102849, 0.9671419763831314, 0.9302161864817254, 0.9580631369691337, 0.9528000052302182, 0.956763921611557, 0.978687687394384, 0.9725967853967329, 0.9043381723227943, 0.8911235872340714, 0.9251131945137835, 0.8938264708354974, 0.9214332920204713, 0.9224492990050978, 0.9214332920204713, 0.825021778785078, 0.9020346133775924, 0.9033626005709343, 0.9020346133775924, 0.8774036997490984, 0.6975809561076494, 0.8542466929432881, 0.8563435738600753, 0.8542466929432881, 0.5982256073935712, 0.4858328535386111, 0.5726593326167594, 0.7237804090126043, 0.4562351810104838, 0.5240850578631234, 0.5263215295446508, 0.5240850578631234, -0.5934286473324594, 0.8648921174119184, 0.8957011455503517, 0.8773633283453725, 0.9061432741322503, 0.9316502097164886, 0.8636123017738678, 0.8653197923568949, 0.8636123017738678, 0.8774183845571158, 0.8774183845571158, -0.1758677927936301, 0.4852501113698314, 0.21933674312615545, -0.501966123796985, -0.5335819763790963, -0.5370522504047527, 0.026437500792060357, 0.020549406455679018, 0.3009817627122762, 0.22363154984735148, 0.13270749160336212, 0.10818877606342293, 0.13595602471560175, -0.15720575380425697, 0.09370996301026464, 0.09412538555499826, -0.5022247587260614, -0.3942278786813834, -0.15425240313204303, -0.4408331567914491, -0.32178197077253595, -0.29745074265485427, -0.2883226152611001, -0.29745074265485427, -0.15270505241776486, -0.2014275515227237, -0.2014275515227237, -0.5118386352659499, -0.5118386352659499, 0.3990459001386771, 0.6752774200714231, 0.8805192333724347, 0.8576419960947486, 0.7976570501021196, 0.6801176030652802, 0.7800379849827511, 0.8215867456080047, 0.8216383238896464, 0.8215867456080047], [0.9622039390821615, 0.9991224596821394, 0.9924384818280874, 0.9999837596353701, 1.0, 0.99998375963537, 0.9731495599589531, 0.9620407727226986, 0.9728615450107162, 0.955936915092994, 0.9754560134422741, 0.97320276744125, 0.9731518010453638, 0.9729312171267547, 0.9720017654668054, 0.9823282839067916, 0.9807343254067601, 0.9797436919081695, 0.9797065553374092, 0.9732871351017519, 0.9732750567058782, 0.9791097416506934, 0.9649045873836701, 0.9646789835921652, 0.9647721571931875, 0.9473275434725319, 0.9712548779719026, 0.9285336105787186, 0.972679570354854, 0.9727407419672562, 0.9707427115132852, 0.9196238806929383, 0.9849904073694771, 0.9851116507281128, 0.9860389848226007, 0.9760741839951927, 0.9829814079152861, 0.9849859280545261, 0.9857729496929455, 0.9855245072237692, 0.9861891021672479, 0.9861613046267099, 0.9861891021672479, 0.9016820093432485, 0.6416165509978965, 0.8728988984424295, 0.9221204065447575, 0.8275905754823073, 0.8790293802543598, 0.8875425426372185, 0.8706993133960481, 0.8836886988546129, 0.8759360334529833, 0.9402772836560566, 0.9403104630141038, 0.9056019850305227, 0.9177923969514237, 0.8906629032548411, 0.8900649599577718, 0.8987911534465627, 0.8996692667298192, 0.8987911534465627, 0.7404337362316625, 0.7079065247812356, 0.7103081686246033, 0.7079065247812356, 0.9110467259496812, 0.9173750814550171, 0.9105995369712165, 0.9121307668675849, 0.9105995369712165, 0.410558531762172, 0.35529056806475745, 0.47780415031465034, 0.5700840732673804, 0.4485081045464303, 0.4970537702731042, 0.4982869725946302, 0.4970537702731042, -0.17491960631320005, 0.8402733978533335, 0.8820798067569197, 0.8665214806899586, 0.9140729288646909, 0.9157969397950578, 0.8334474840403442, 0.8339194528813958, 0.8334474840403442, 0.8458636444386887, 0.8458636444386887, -0.28489140564416116, 0.4865115491451392, -0.3731881638635148, -0.44576547582827053, -0.4485107002337568, -0.4519856333166494, -0.24148884697807024, 0.19537676866286427, -0.16330179238142176, -0.31260881317739336, -0.17373588592984654, -0.22620011624600306, -0.2516674715578522, -0.2785516047748225, 0.06850493304873226, 0.06288788716760736, -0.4556345390713454, -0.40536790407178874, -0.4333223397834281, -0.4634751489255077, -0.4558717318441178, -0.4368952604192552, -0.4399937304039936, -0.4368952604192552, -0.34169889855860724, -0.4652190207789529, -0.4652190207789529, -0.4465577285728359, -0.4465577285728359, 0.3987597427523308, 0.4511814451871504, 0.5357934921062252, 0.6156364090940952, 0.5945188291877861, 0.27393565489055677, 0.4168831051485477, 0.4181738028537596, 0.4182286567387646, 0.4181738028537596], [0.9766063214047753, 0.9996967811492288, 0.9972016113800611, 1.0, 0.99998375963537, 1.0, 0.9897661798179928, 0.984862278620359, 0.9903354346813709, 0.9735324939738597, 0.9782224087022738, 0.9898148074256939, 0.9899806990154555, 0.9898872876845107, 0.989958610239698, 0.9929750366216569, 0.9931323040309215, 0.9910204168608079, 0.9910184344753948, 0.9909354913196817, 0.989816181721838, 0.9763489831662082, 0.962801098483285, 0.9753479638455301, 0.975318234297323, 0.9467758684050299, 0.9507492556529046, 0.9421976621863493, 0.9897460051725231, 0.9897011791998145, 0.9855447045498779, 0.9746913417599838, 0.9930372699589773, 0.9939941839073368, 0.9930565616754506, 0.9912180861532489, 0.9850875236463201, 0.9936558898262865, 0.9936296357625343, 0.9945819029219239, 0.9932541188375181, 0.9932491889785547, 0.9932541188375181, 0.9016652326970468, 0.7089964529723579, 0.8721887419427983, 0.922022069299971, 0.8283789755102849, 0.9671419763831314, 0.9302161864817254, 0.9580631369691337, 0.9528000052302182, 0.956763921611557, 0.978687687394384, 0.9725967853967329, 0.9043381723227943, 0.8911235872340714, 0.9251131945137835, 0.8938264708354974, 0.9214332920204713, 0.9224492990050978, 0.9214332920204713, 0.825021778785078, 0.9020346133775924, 0.9033626005709343, 0.9020346133775924, 0.8774036997490984, 0.6975809561076494, 0.8542466929432881, 0.8563435738600753, 0.8542466929432881, 0.5982256073935712, 0.4858328535386111, 0.5726593326167594, 0.7237804090126043, 0.4562351810104838, 0.5240850578631234, 0.5263215295446508, 0.5240850578631234, -0.5934286473324594, 0.8648921174119184, 0.8957011455503517, 0.8773633283453725, 0.9061432741322503, 0.9316502097164886, 0.8636123017738678, 0.8653197923568949, 0.8636123017738678, 0.8774183845571158, 0.8774183845571158, -0.1758677927936301, 0.4852501113698314, 0.21933674312615545, -0.501966123796985, -0.5335819763790963, -0.5370522504047527, 0.026437500792060357, 0.020549406455679018, 0.3009817627122762, 0.22363154984735148, 0.13270749160336212, 0.10818877606342293, 0.13595602471560175, -0.15720575380425697, 0.09370996301026464, 0.09412538555499826, -0.5022247587260614, -0.3942278786813834, -0.15425240313204303, -0.4408331567914491, -0.32178197077253595, -0.29745074265485427, -0.2883226152611001, -0.29745074265485427, -0.15270505241776486, -0.2014275515227237, -0.2014275515227237, -0.5118386352659499, -0.5118386352659499, 0.3990459001386771, 0.6752774200714231, 0.8805192333724347, 0.8576419960947486, 0.7976570501021196, 0.6801176030652802, 0.7800379849827511, 0.8215867456080047, 0.8216383238896464, 0.8215867456080047], [0.9849337365532975, 0.9915073975175387, 0.9964058402635315, 0.9897661798179928, 0.9731495599589531, 0.9897661798179928, 1.0, 0.9969683776465013, 0.9999660512926819, 0.9487163304816635, 0.9995101878212643, 0.9999958473183618, 0.9999557739625586, 0.9999917461414272, 0.999914162591653, 0.9935989150830141, 0.9998028518073462, 0.999818219634876, 0.9998188202365741, 0.9999942042488917, 0.9999962782517787, 0.9906220118163673, 0.9740662230941278, 0.9831159891788104, 0.9919989367009696, 0.9813546936898798, 0.9698251349892636, 0.9376037999786213, 0.9926015739138704, 0.9922312360345762, 0.9921956084607918, 0.968443843828962, 0.9992738979826208, 0.9993592937485208, 0.9993349194189801, 0.9997300369765959, 0.9984642360963426, 0.9992301213831078, 0.9981401212936697, 0.9993430972053072, 0.9990848776373223, 0.9989971849596954, 0.9990848776373223, 0.926016921900015, 0.6574384906234279, 0.9328546739657162, 0.9193299184540965, 0.7111862988626725, 0.9499463589478351, 0.9128944317389934, 0.937726600862086, 0.9287482887878163, 0.9403053052846496, 0.9695352910419303, 0.9616321556744514, 0.6883891433257668, 0.7924036845866655, 0.7798170732144675, 0.8250031654194356, 0.7723709472696938, 0.7447666193740837, 0.7723709472696938, 0.7290707036436898, 0.7479086966312072, 0.7519154705680356, 0.7479086966312072, 0.806833068947911, 0.25520216311492505, 0.47845550843907186, 0.5763933105539306, 0.47845550843907186, 0.49790142658856, 0.4592375349717342, 0.4549210402254457, 0.5881749497475195, 0.3635245350216412, 0.3956091185268826, 0.3427805373603515, 0.3956091185268826, -0.6497191808848609, 0.7833112030763213, 0.7820007811874268, 0.7760577505621987, 0.7144170340309085, 0.8814442115431463, 0.7895954723772957, 0.7923345736173143, 0.7895954723772957, 0.6939683401277297, 0.6939683401277297, -0.2699487807015815, 0.6511808960816009, 0.267272956949771, -0.5599127785880752, -0.5891193458197991, -0.5920350237248246, -0.04423715110152841, -0.04172896132256857, 0.38684687621462993, 0.16762620694053143, 0.07696286578597497, 0.14452816444117994, 0.11331585456740673, -0.07383637309171211, 0.004311650221728199, 0.004934315861391491, -0.5610714561407986, -0.482952658414435, -0.00044294107503977607, -0.5457952607346288, -0.33199522180025465, -0.29920794399421013, -0.12192912134258864, -0.29920794399421013, -0.2505055302339159, -0.26834966196856747, -0.26834966196856747, -0.5939433138017662, -0.5939433138017662, 0.3505977552478321, 0.6133250498811019, 0.8045229786844666, 0.8102609747543643, 0.7632851328399827, 0.651610288480793, 0.7497584726249491, 0.7730809733741069, 0.791083532182323, 0.7730809733741069], [0.9828327960733411, 0.9870627361816516, 0.9940441672092536, 0.984862278620359, 0.9620407727226986, 0.984862278620359, 0.9969683776465013, 1.0, 0.9994123455005788, 0.9396631217190178, 0.9979498325184529, 0.997805660006267, 0.9991971945307339, 0.9989090466788251, 0.9985747412396474, 0.9855925028574346, 0.9988209656368595, 0.9989749206929234, 0.9989788559738888, 0.9994637336730037, 0.9990919659041365, 0.9904856425626837, 0.9744718129235012, 0.9911285334711427, 0.991800888342595, 0.975545876648206, 0.9719306923192262, 0.9357473227437137, 0.9889761890207346, 0.9924096809154749, 0.9904598857676231, 0.9646934449766745, 0.9980637239199648, 0.9979405668260031, 0.9979513713733518, 0.9989506754228439, 0.9954689760343424, 0.9976866305453761, 0.9974879607140535, 0.9978045058848917, 0.9978898592422776, 0.9979212968879351, 0.9978898592422776, 0.9250852060130577, 0.6418965973659088, 0.9366730858499793, 0.917574745867617, 0.6822129537741631, 0.9478226499081274, 0.905577468138491, 0.934150936501906, 0.9194995110502512, 0.9326050006729605, 0.9647727494568172, 0.9559265366856122, 0.6706982758383404, 0.7730840928699836, 0.7585226981776224, 0.8122569674879551, 0.7524219516625323, 0.7298130564095229, 0.7524219516625323, 0.7117700114846518, 0.7248046979854462, 0.7361778927086292, 0.7248046979854462, 0.7938806055906539, 0.23038237150216348, 0.45192961685420974, 0.556030676956883, 0.45192961685420974, 0.48092556215335064, 0.45096452000441356, 0.43579901581548525, 0.5694034198383634, 0.3520611984092065, 0.38175472889209244, 0.32272446685803663, 0.38175472889209244, -0.6501195972481215, 0.7687666753713559, 0.7572834196865783, 0.7565898459251106, 0.696492709750006, 0.8704176227141209, 0.7759174980201695, 0.7789562033159522, 0.7759174980201695, 0.6708062490154095, 0.6708062490154095, -0.2895454279129281, 0.6872781818547937, 0.27655694998554875, -0.5760066349167134, -0.6046230666126522, -0.60734375018447, -0.060510768594077675, -0.05221801399989468, 0.3804781716210704, 0.14809957841524748, 0.060416103964644655, 0.13555479935793788, 0.09748054180517562, -0.08005253964272627, -0.014554700102581702, -0.013894993049856842, -0.5750745549647143, -0.5007687420729632, -0.006962274133490529, -0.5671033872758802, -0.34639573503985355, -0.31173220983454764, -0.12790468064740465, -0.31173220983454764, -0.2715346289283642, -0.2843440204772708, -0.2843440204772708, -0.6091299100711013, -0.6091299100711013, 0.3234458376702863, 0.5941850697558816, 0.7941418353865662, 0.7911903284193774, 0.7490971429424086, 0.6345783944601937, 0.732897884738485, 0.7527884081138316, 0.7746715883785396, 0.7527884081138316], [0.9920756214834567, 0.9925390969796122, 0.9965927477292318, 0.9903354346813709, 0.9728615450107162, 0.9903354346813709, 0.9999660512926819, 0.9994123455005788, 1.0, 0.9474236797379336, 0.9994427639884181, 0.999967249855961, 0.9999627390431803, 0.9999724991156458, 0.9999272629426568, 0.997956533257461, 0.9997052957891892, 0.9997507108763916, 0.9997517138196254, 0.999964311085142, 0.9999646071793679, 0.9939450284715408, 0.9769893143605343, 0.9933688745823126, 0.9933051729513284, 0.9811421616539221, 0.9759776746047025, 0.9398207602352256, 0.9910449802931995, 0.9910128038406351, 0.98899288377738, 0.9637648367428009, 0.9992883244295108, 0.9992513016217615, 0.9991099495085888, 0.9998587178748242, 0.9983624013268658, 0.9992208493010932, 0.9991182820898533, 0.9992220002958567, 0.9991302094341287, 0.9991361396931825, 0.9991302094341287, 0.925898150029552, 0.6589038969594209, 0.9325056107820149, 0.9185872108081308, 0.7105060601597967, 0.937595588387001, 0.8867628935199904, 0.9223584790461402, 0.9242027985920965, 0.9366139250984294, 0.9631485762497299, 0.9620605060964945, 0.834472700146058, 0.7936153466886295, 0.8577228445835107, 0.8260464840633652, 0.8556322525111526, 0.8564962395104592, 0.8556322525111526, 0.7283376499018657, 0.8017136603449604, 0.8036295825699958, 0.8017136603449604, 0.8085235652040689, 0.6855994621680667, 0.7997684558379191, 0.8015109584506511, 0.7997684558379191, 0.4968492196496409, 0.3136733587318042, 0.4543256871582025, 0.6321190323061256, 0.42533185664939044, 0.38788222663895916, 0.38820156304021786, 0.38788222663895916, -0.6290052056782874, 0.7839746775382991, 0.7815397468169099, 0.7760349001412641, 0.8467391546847741, 0.8684167471447977, 0.7965891992902635, 0.7993791402694511, 0.7965891992902635, 0.8051824563756054, 0.8051824563756054, -0.2726325883882907, 0.6523686882803539, 0.10378779153683523, -0.5899561196697004, -0.6345575719726051, -0.6353466864336, -0.047910265548564625, -0.03957091751247773, -0.11463897236248212, -0.015231585121221842, -0.020998214008674448, -0.3114006552673363, -0.34026162002437255, -0.5206621397240327, 0.003141308872471851, 0.0037287659797307555, -0.5631433834794636, -0.4858291505517517, -0.4814477942817537, -0.5482610763314688, -0.578907590942369, -0.5581615463596311, -0.5600309259055465, -0.5581615463596311, -0.25347172125842893, -0.27274721392633355, -0.27274721392633355, -0.6929647100337014, -0.6929647100337014, 0.35121008044267754, 0.6121296204547475, 0.8269467481749561, 0.8021905159748625, 0.7617074848090638, 0.6364760865514816, 0.6518526131837696, 0.724223348445374, 0.7243658891632846, 0.724223348445374], [0.9343191033017215, 0.9716602334776875, 0.9602492299917726, 0.9735324939738597, 0.955936915092994, 0.9735324939738597, 0.9487163304816635, 0.9396631217190178, 0.9474236797379336, 1.0, 0.915393712899098, 0.9487551873890951, 0.9488648773202124, 0.948375590666362, 0.9476733842749626, 0.9502009374748613, 0.9560960403449754, 0.9551480306632542, 0.9551155776242327, 0.9489047321372948, 0.948893600078281, 0.9477079566887752, 0.9392026274015189, 0.9507522350783655, 0.9509655687434457, 0.7928634362599478, 0.9552147648034953, 0.9495325135216532, 0.9563512002165488, 0.956493887181295, 0.954222616403896, 0.9278840945266255, 0.9594286874792625, 0.9596910474840175, 0.9605544314925233, 0.9509216174235293, 0.9284131395940919, 0.958619213498577, 0.9602110327731856, 0.9600147599597965, 0.9608651312558435, 0.9608271672149998, 0.9608651312558435, 0.7709252383888034, 0.4572759018692967, 0.7134003567300795, 0.8676134650376648, 0.8491216132068684, 0.875047813051691, 0.7509824030600128, 0.8531489256532168, 0.8659182060940686, 0.8763475379353732, 0.8931057687612156, 0.8931501621633375, 0.846736876628234, 0.8375128534959909, 0.8742228227793792, 0.8490300390356095, 0.8649538969388707, 0.865946246698412, 0.8649538969388707, 0.7814358799952301, 0.7615322614402784, 0.7638407042946315, 0.7615322614402784, 0.8422677860462671, 0.8664312135093409, 0.8399921748368646, 0.8409344365170849, 0.8399921748368646, 0.606559667903627, 0.5267013759833057, 0.6065760450854207, 0.7322152483795538, 0.6239478466518253, 0.6467511183123333, 0.650300107775286, 0.6467511183123333, -0.25979411129719404, 0.8438453405382977, 0.9116815386724216, 0.8640637429433693, 0.8649626699519264, 0.876518669773203, 0.8347763993351418, 0.8363063574798765, 0.8347763993351418, 0.8482425348441768, 0.8482425348441768, 0.014006084526253447, 0.2034584547902809, -0.06354933151550153, -0.3337119390843902, -0.3680279966991367, -0.3699342152407035, 0.1277087839253564, 0.3679145263773097, 0.14981132468387187, 0.056227364239175875, 0.15656148253392668, 0.06650661743508415, -0.042275188958345, -0.09550530754493909, 0.26039991895607195, 0.2591896311830939, -0.3154121815809832, -0.2618559399757207, -0.26519774201520685, -0.26704662037784016, -0.3401712389748735, -0.28832004396183736, -0.2900633139521668, -0.28832004396183736, -0.031213783150867955, -0.30733047110967476, -0.30733047110967476, -0.3765024761762127, -0.3765024761762127, 0.5804270197608752, 0.6832272975696567, 0.7606826364378674, 0.6627568277848188, 0.8403332887644328, 0.30431830642402286, 0.39435516325942505, 0.5774614349893998, 0.577718231397231, 0.5774614349893998], [0.9961580268470278, 0.9843416306282847, 0.9944542420930996, 0.9782224087022738, 0.9754560134422741, 0.9782224087022738, 0.9995101878212643, 0.9979498325184529, 0.9994427639884181, 0.915393712899098, 1.0, 0.9995072072270997, 0.9995027506899696, 0.999447726035399, 0.9994883560684729, 0.9982692381594788, 0.999551168710456, 0.999681227790402, 0.9996868060268629, 0.9995164383086022, 0.9995174761363065, 0.9914275296804579, 0.9573557084194628, 0.9908573058727341, 0.9908295581489656, 0.9852821852189868, 0.9721259196887326, 0.8943283200880787, 0.988438761454769, 0.9885019230125032, 0.970511256718971, 0.8885912162540847, 0.9985435740061959, 0.9984912207386241, 0.9982503675552, 0.9991791989827413, 0.9991054611511843, 0.9985221378870409, 0.9982678886178338, 0.9984463268398213, 0.9982032501115604, 0.9982170856129885, 0.9982032501115604, 0.9197214613185781, 0.555148060056472, 0.9282154207378472, 0.9176421507980106, 0.7130680732849712, 0.8354758265859665, 0.8379218528039891, 0.824403356430675, 0.8220813331957578, 0.8319097153502011, 0.9231204309519806, 0.9232987797683514, 0.8203992707400204, 0.8325533544032959, 0.7927055453945289, 0.7953974916491251, 0.8038064799722228, 0.8049169887494525, 0.8038064799722228, 0.6092379334986802, 0.5710588480063834, 0.5739318761807193, 0.5710588480063834, 0.8335483833916795, 0.844821902318792, 0.8314766634054918, 0.8333377071637201, 0.8314766634054918, 0.2594568361249147, 0.19256346700977153, 0.3216745044230797, 0.4348044516990585, 0.30350049764382114, 0.3606525268488359, 0.36391605289500406, 0.3606525268488359, -0.3912764822615759, 0.7282940855530438, 0.7866216448574286, 0.7634033785822375, 0.8311501663118817, 0.827512601093466, 0.7201368342743354, 0.720799620486304, 0.7201368342743354, 0.7361369370462753, 0.7361369370462753, -0.33761084191051716, 0.6420883659225118, -0.39393867255861253, -0.5337251232207567, -0.5366520088136347, -0.5388705450232816, -0.3143457836478835, 0.11611667651050031, -0.23290048820667542, -0.37471188607606387, -0.2419659881159816, -0.30115654442649936, -0.3368703287778703, -0.3660310062921859, -0.013813320118962927, -0.018318291663726487, -0.5402480056600723, -0.5011196141156143, -0.5188189735183616, -0.5536772904306662, -0.5480853986728806, -0.5233925574345132, -0.52616182754511, -0.5233925574345132, -0.43164055972569904, -0.583660356646159, -0.583660356646159, -0.5954011240172187, -0.5954011240172187, 0.34602887314828323, 0.3783398692698987, 0.4746612493551074, 0.5559113936120561, 0.5589303740961409, 0.17094517192887543, 0.316854838252458, 0.3454930258658837, 0.345632172786211, 0.3454930258658837], [0.9848835775001176, 0.991543039395963, 0.9964258938018226, 0.9898148074256939, 0.97320276744125, 0.9898148074256939, 0.9999958473183618, 0.997805660006267, 0.999967249855961, 0.9487551873890951, 0.9995072072270997, 1.0, 0.9999611479007724, 0.999993774889691, 0.9999198236098025, 0.994463141926928, 0.9998049433107609, 0.9998196654700018, 0.9998202025891111, 0.9999959505196087, 0.999996920413308, 0.9905733102539116, 0.9740291879620074, 0.9888211585002694, 0.9919720815622819, 0.9813246624647004, 0.969722963055147, 0.9375374785629411, 0.9925859622921688, 0.9922444071820623, 0.9921850306014928, 0.9684657128576464, 0.999276039251697, 0.9993641375899646, 0.9993439839439471, 0.9997356256436721, 0.998466665842891, 0.9992400838550556, 0.9981440294419547, 0.9993506800121642, 0.9990893915356391, 0.9989999512950312, 0.9990893915356391, 0.9260346958076975, 0.6576114508191765, 0.9330847433606584, 0.9195248212913093, 0.7113548505351629, 0.9499901379303374, 0.9131002348044348, 0.9378119743354086, 0.9288428593034646, 0.9403834947235794, 0.9696391169142139, 0.9617145395500303, 0.6883117283129939, 0.7925788272741227, 0.7799370714261763, 0.8251294347494453, 0.7724891622752599, 0.7446966395150455, 0.7724891622752599, 0.7291408691319385, 0.7479712960700773, 0.7518379697257219, 0.7479712960700773, 0.8070076559109866, 0.2550583044044843, 0.47846895750427393, 0.5762906602431933, 0.47846895750427393, 0.4978285371486928, 0.45914005263446583, 0.4548577943600463, 0.5882063973147572, 0.36338796121753264, 0.39570367831511194, 0.34282146091489063, 0.39570367831511194, -0.6498733416087165, 0.7833818111289298, 0.7821580368173293, 0.7761628235819069, 0.7144062829675825, 0.8815584321178485, 0.7896860722835227, 0.7924199370575116, 0.7896860722835227, 0.6940549047425882, 0.6940549047425882, -0.2699297119620548, 0.6512331736480159, 0.2674009927549317, -0.5598690966849041, -0.5890237741421248, -0.591945030283128, -0.04432033376689633, -0.04188782725869297, 0.3870291355398672, 0.1676543256295779, 0.07691099997753315, 0.14480647130021962, 0.11357409553517678, -0.07352106650379626, 0.004348238639066155, 0.0049878697401842505, -0.5610587978612323, -0.48298220771163086, -0.00017092065740067464, -0.5457742519999034, -0.33171370047130166, -0.2989552915886826, -0.12170150365420146, -0.2989552915886826, -0.25034857673352373, -0.26830059703410436, -0.26830059703410436, -0.593802456077116, -0.593802456077116, 0.351160247775065, 0.613502188195568, 0.8045606173917189, 0.8105429110368665, 0.7633934258750418, 0.6518819584755864, 0.7499063471930323, 0.7733499524975334, 0.7912085596186567, 0.7733499524975334], [0.9822952371659225, 0.9916350173180443, 0.9965318694987044, 0.9899806990154555, 0.9731518010453638, 0.9899806990154555, 0.9999557739625586, 0.9991971945307339, 0.9999627390431803, 0.9488648773202124, 0.9995027506899696, 0.9999611479007724, 1.0, 0.9999656682143012, 0.9999074562125799, 0.9974101136512455, 0.9998002795318064, 0.9998626235100595, 0.9998634293027394, 0.999982193828747, 0.9999602596605573, 0.9900964773584229, 0.9738303055245707, 0.9927251379214069, 0.9926831789005487, 0.9812911697476752, 0.9693301833413541, 0.9374575605934273, 0.9933587253146468, 0.9933782645438622, 0.9919292116929156, 0.9682566102838517, 0.9995037022935152, 0.9993679053038499, 0.9993998368149137, 0.9998862524606905, 0.9984627753510865, 0.9992473929776501, 0.999206960520763, 0.9993606980404919, 0.9993775304669251, 0.9993813129629215, 0.9993775304669251, 0.9261193999695416, 0.6577680378071709, 0.933059398342396, 0.9194601590429302, 0.711338166328578, 0.9544162558319511, 0.9105742179439221, 0.9399483810123335, 0.9289257498541563, 0.9403765873294938, 0.9693714700852394, 0.9617850401807723, 0.6389143120923304, 0.7922923582077916, 0.7786614654171965, 0.8256156179002532, 0.7714060467034308, 0.7151858902824565, 0.7714060467034308, 0.7290583526554927, 0.7379935026269676, 0.7426791172129377, 0.7379935026269676, 0.8074934711211381, 0.18280690681488193, 0.46556006389803123, 0.47204613790567646, 0.46556006389803123, 0.4979812970552988, 0.3511224171571723, 0.45511268515305325, 0.587697593811781, 0.3636139384242274, 0.36218373176990154, 0.3424513736514316, 0.36218373176990154, -0.6500638147074359, 0.7838796858133678, 0.7821384961479633, 0.775918648740899, 0.6512101381974899, 0.8820649093832097, 0.7902249091855728, 0.7929524131039636, 0.7902249091855728, 0.6924973858730984, 0.6924973858730984, -0.2695741742045927, 0.6511253337185828, 0.2710608235243557, -0.5597098411870016, -0.5886815560527799, -0.5916026718665062, -0.04471393801087518, -0.041779508548734426, 0.3397215655011191, 0.16781685920155184, 0.07665060697147394, 0.14826142670600795, 0.11598093397675639, -0.08373170526225494, 0.004472940457330455, 0.005116065653884255, -0.5612308656253849, -0.48306566895573405, -0.06583837254035277, -0.5454892319919843, -0.32965189561013036, -0.29666550629702687, -0.209529883099982, -0.29666550629702687, -0.24988112019527148, -0.2694360593379512, -0.2694360593379512, -0.593047339819087, -0.593047339819087, 0.35128370103114503, 0.6136747398944474, 0.7893707473184277, 0.8105834538771423, 0.7637793771217622, 0.6516136589323032, 0.7081270776833798, 0.7612514350583773, 0.7613135852570689, 0.7612514350583773], [0.9846420429341011, 0.9915851546492066, 0.9964607550896248, 0.9898872876845107, 0.9729312171267547, 0.9898872876845107, 0.9999917461414272, 0.9989090466788251, 0.9999724991156458, 0.948375590666362, 0.999447726035399, 0.999993774889691, 0.9999656682143012, 1.0, 0.9999329613574769, 0.9972536913627462, 0.9997948079553851, 0.9998229890609419, 0.9998233938229932, 0.9999937575913109, 0.9999939843006672, 0.9904195918970351, 0.9739217975586428, 0.9925586312008825, 0.9924313204183063, 0.9811797640241576, 0.9693695879411268, 0.9371346360134027, 0.9933091737155436, 0.9933562027385061, 0.9922233267538368, 0.9686535309993938, 0.999329106749106, 0.9993626592402932, 0.9993765418172338, 0.9997751230952187, 0.9983920267712977, 0.9992436227074073, 0.9984742854512472, 0.9993596755642019, 0.999140620447833, 0.999058948434724, 0.999140620447833, 0.9262871752967553, 0.6584025015976703, 0.9334038800659943, 0.9197874323948093, 0.7109425943458838, 0.9505831368680645, 0.9138744584568408, 0.9384478206182681, 0.9292734985394758, 0.9407772422326516, 0.9700822238322008, 0.9621225445447292, 0.688625289105605, 0.7928680559893709, 0.7798558728538848, 0.8254217146097518, 0.7724535353379217, 0.7443429365594381, 0.7724535353379217, 0.7293510702356639, 0.7479159299299688, 0.7522781495178027, 0.7479159299299688, 0.8073950539814411, 0.25434068043357444, 0.47791792566309055, 0.5763418945626111, 0.47791792566309055, 0.49763726887254933, 0.45971204649800324, 0.45473867131926277, 0.5879400736549434, 0.3629555760551312, 0.3957343627317324, 0.3424462547999697, 0.3957343627317324, -0.6502718551538375, 0.7835264641007346, 0.7816447895491602, 0.7762463217645131, 0.7032936473458415, 0.8818555633345845, 0.7898302530142728, 0.7925520464471297, 0.7898302530142728, 0.6938470752480177, 0.6938470752480177, -0.2717970541782253, 0.6523302171378947, 0.2679338234516632, -0.5604403253957985, -0.5894516759535623, -0.5923790914319242, -0.045617486292100155, -0.04326224560853199, 0.3873158417892318, 0.16712713371583365, 0.07598339337502746, 0.14485954411791752, 0.11362746541570651, -0.07337889448613498, 0.0031861745931510777, 0.0038219353003381092, -0.5617809888349117, -0.48411232109046126, 0.0004244072880199032, -0.5473427148497829, -0.33158798154193647, -0.2989054050269054, -0.12113017237977189, -0.2989054050269054, -0.25146927309624517, -0.2688243581178819, -0.2688243581178819, -0.593907597321094, -0.593907597321094, 0.35132685754889875, 0.6131808995271639, 0.8050997313587237, 0.8110098132782578, 0.7628056426083758, 0.6526915704133295, 0.7507019285496423, 0.7737489289422598, 0.7918189348856325, 0.7737489289422598], [0.9845395442256198, 0.9916394983370966, 0.9964576528592105, 0.989958610239698, 0.9720017654668054, 0.989958610239698, 0.999914162591653, 0.9985747412396474, 0.9999272629426568, 0.9476733842749626, 0.9994883560684729, 0.9999198236098025, 0.9999074562125799, 0.9999329613574769, 1.0, 0.9973730732411088, 0.9996869333860964, 0.9997696605052446, 0.9997707811593631, 0.9998961219642823, 0.999915489508746, 0.9901816298356431, 0.9736999526134481, 0.9918138177116634, 0.9914326547367636, 0.9812576084656938, 0.9691027265945042, 0.9371287916801907, 0.9924009467875109, 0.9924075297443238, 0.9916026391054108, 0.9677062910456421, 0.999339681998126, 0.9992118887116641, 0.9993145247788302, 0.999762154162697, 0.9982953614317096, 0.9992235483811592, 0.9984606423844958, 0.9992352945969837, 0.9991584379689827, 0.9990909788575826, 0.9991584379689827, 0.9247407200245077, 0.6588390425013613, 0.931815856754976, 0.9179358515944527, 0.7079784991040372, 0.9510927390602482, 0.9147585567250521, 0.9393733606352359, 0.9286781283772628, 0.9399845337048953, 0.9704557658430835, 0.9617183760814714, 0.6902941233294821, 0.7917525869891417, 0.7803827194174141, 0.8253204854127254, 0.772986647643186, 0.7466723259453947, 0.772986647643186, 0.7277028369046076, 0.7475425587783555, 0.7534871996711577, 0.7475425587783555, 0.8076590044134435, 0.2549081574678362, 0.478043600337141, 0.5778149353311235, 0.478043600337141, 0.4962378879347835, 0.4615408513964794, 0.4533400883784185, 0.5877264282031448, 0.36181751207199175, 0.39645981696986016, 0.34270694556307707, 0.39645981696986016, -0.650907380588353, 0.783171728286035, 0.7802266315646001, 0.7751810069227532, 0.7164914524293364, 0.8823514613633695, 0.7896217279083754, 0.7922971324621171, 0.7896217279083754, 0.6942812667333805, 0.6942812667333805, -0.27248117354626417, 0.6551322095468777, 0.26797847679201237, -0.5610844132159644, -0.5894711360677091, -0.5924252506014013, -0.04759297544283097, -0.04454820450475955, 0.38833353752323085, 0.16575566147914753, 0.07427116085365432, 0.14594967043985269, 0.11422381810533097, -0.07181328056058388, 0.0025436271640492123, 0.0031205894584731, -0.5631374519480598, -0.4862076482748432, 0.0016753808599620928, -0.5484107431175165, -0.33124130328846707, -0.2985540396787675, -0.11961290771843955, -0.2985540396787675, -0.2520118551699655, -0.27232316492546743, -0.27232316492546743, -0.5940457779155734, -0.5940457779155734, 0.3485887025342623, 0.6108446409165117, 0.8062148816863248, 0.8118151462141743, 0.7611142418519387, 0.6516159940933067, 0.7524498670302516, 0.774458538622643, 0.7933047531678323, 0.774458538622643], [0.9877731536820453, 0.9946161558451644, 0.9975560577071326, 0.9929750366216569, 0.9823282839067916, 0.9929750366216569, 0.9935989150830141, 0.9855925028574346, 0.997956533257461, 0.9502009374748613, 0.9982692381594788, 0.994463141926928, 0.9974101136512455, 0.9972536913627462, 0.9973730732411088, 1.0, 0.998056928313128, 0.9976419669671824, 0.9976391151438435, 0.997724791599103, 0.9971816645178972, 0.9910306687530346, 0.9766255784149934, 0.9689198901473391, 0.9866942325501566, 0.9859305393791723, 0.970688376089417, 0.946674355340446, 0.9915162204850506, 0.9893465578346958, 0.9884100456716346, 0.9666141568488243, 0.9974355568022922, 0.9974769510421432, 0.9972719276993764, 0.9972225434260293, 0.9984129310097417, 0.9980083967228015, 0.9972603718251964, 0.9977191945259807, 0.997371893399776, 0.9973480968567952, 0.997371893399776, 0.9158124961912953, 0.6694774921750144, 0.9236474442869821, 0.9210971138158265, 0.7347597012628926, 0.952989