var element=document.getElementById("correlationClose");if(element.style.display!='none'){var correlationClose={"data":[{"type":"heatmap","z":[[1.0,0.9999897637856169,0.6900654564264308,0.999746717101831,0.9981545649155968,1.0,0.9928330331062337,0.9895861732307076,0.9895861732307076,0.9933750944141542,0.9775937269366535,0.9874167704816587,0.9928666073300662,0.9932303302414631,0.9929114771986696,0.7396057639804249,0.6564180837776752,0.2562158654485086,0.9936511215463489,0.993645275356341,0.9857907016321596,0.9928584745001791,0.3803824438511721,0.7591760741822566,0.9830775984014702,0.9830775984014702,0.983058491388036,0.9765301135284882,0.30083333382135036,-0.14470105771705852,0.9894860406515348,0.9894490000603144,0.25238097560012446,-0.2209593745608447,0.9948879441746985,0.9953092091794734,0.857953125764932,-0.35125421177962135,0.9908092521583064,0.995320755253838,0.7201643593370868,0.2366931552515105,0.995009952495552,0.9950066542105458,0.995009952495552,0.9026539226796247,0.6543988998532505,0.9232966392073629,0.927193943678197,0.8442998064463316,0.37860245620066735,-0.18411434688844636,0.21891188830682107,0.9508569690943361,0.3707109170140582,0.9754541360986569,0.9719080511003805,0.9813641082000093,0.9896959787417715,0.9355237480319044,0.9440632353998243,0.9482641526729887,0.9357880849471242,0.9455540492815768,0.9461609331460125,0.9455540492815768,0.8944725161836492,0.9267494093271597,0.9275926224238326,0.9267494093271597,0.9297052917057574,0.8043208799777484,0.9030613015806255,0.9042323222831837,0.9030613015806255,0.7249275257599245,0.4100982179910862,0.7132500331131791,-0.5361141984148083,0.6184997635316593,0.6338951539474464,0.6342374150366417,0.6338951539474464,-0.08845616247097364,0.917844885886265,0.947508985733833,0.9331913537627439,0.9368878539592229,0.25120607122329097,0.9127039176706531,0.9132968967505729,0.9127039176706531,0.9166659634401844,0.9166659634401844,-0.09309868397893087,0.599324354728274,0.14621559228406036,-0.6994150342276343,-0.596275184701833,-0.6001959140008205,-0.14768931843730254,0.14199861457087984,0.19777132710980524,-0.012812839384123274,-0.5743928374197915,-0.03118996610592809,-0.7980158092420384,-0.30051061735367535,0.16811541771824343,0.16959783916465623,-0.5778405375850322,-0.574452329521638,-0.28824058708440775,-0.5204810323031103,-0.8140319967890995,-0.4156707095344195,-0.40808692844586064,-0.4156707095344195,-0.2377801539490972,-0.3575557901106584,-0.3575557901106584,-0.8021630293538421,-0.8021630293538421,0.4245432273160753,0.6283926170169076,0.850867866207075,0.840501936601617,0.7543333324981691,-0.3421682112789404,0.7465568628354545,0.7748388674861757,0.7750245417141709,0.7748388674861757,-0.17199017943496905],[0.9999897637856169,1.0,0.9821326376752874,0.9995198312645313,0.9960920275175246,0.9999897637856168,0.9853835006189897,0.9803142444027427,0.9803142444027427,0.9852927067595101,0.9734656860327914,0.9862948836982823,0.9854186927716367,0.9853692186611958,0.9852700924243203,0.083484432372978,-0.008995122847052912,-0.45562344430542456,0.9885780699700947,0.9885737804940112,0.9854661330133404,0.9854694035367232,-0.1845054535099224,0.9804455090277174,0.9806982376601364,0.9806982376601364,0.9807270988440833,0.9766764264768206,0.07081377791368171,0.09575634896313671,0.9830064215317722,0.9830481836581245,0.751102970783994,0.05964410383625832,0.9909215295868704,0.9909452545089731,0.9914468047422343,0.9864004534795286,0.9899546109365781,0.9909539177647931,0.035103240798266704,-0.4601211788168371,0.9915135768550095,0.9915115460032853,0.9915135768550095,0.9023870723613697,0.501246644102804,0.9232852201365813,0.9270242960003126,0.8438210178145764,-0.2634743767282812,-0.48064318385032634,0.8488905479398807,0.8916809716263372,-0.26018143153047285,0.9420946512258733,0.9422264430234849,0.9624046952447799,0.9787352059042678,0.9552388215035851,0.9605703558329176,0.946541407512984,0.9480798002901689,0.9496923753945059,0.95003600554528,0.9496923753945059,0.871090980898078,0.8463622999134677,0.8477393123037752,0.8463622999134677,0.9573590053403683,0.9602068230435136,0.9572885752765965,0.9579836873079965,0.9572885752765965,0.662695911253881,0.6163075391359134,0.6982614816435416,0.7637414865303493,0.6790968078815004,0.7008980904827465,0.7019617508720812,0.7008980904827465,-0.12837979848371972,0.9239829012309935,0.9436404271700798,0.937047371298226,0.9599011254965611,-0.3150873016563676,0.9207227453494324,0.9208659696291348,0.9207227453494324,0.9267248982835794,0.9267248982835794,-0.17780779229568347,0.599722809158818,-0.3723975014407754,-0.7912230780870184,-0.4635786853062409,-0.4675694717245928,-0.39149737788374567,0.2822048318136776,-0.2671588384327913,-0.5055848782854866,-0.7445987150604128,-0.36374667634098207,-0.4747822224653458,-0.42790154870208263,0.136963456872859,0.13443281469920385,-0.48984188095251197,-0.4574013303198493,-0.48576662280395505,-0.5174108369289335,-0.5093925297653009,-0.48821654495695715,-0.4915020553839201,-0.48821654495695715,-0.37568849684879935,-0.5446253820056607,-0.5446253820056607,-0.511301016736037,-0.511301016736037,0.42288735077829165,0.3644274983719304,0.49726207072311,0.6114528058193158,0.5227102379954455,-0.44454780919790754,0.3807288850827055,0.3096277453580878,0.30982177067026806,0.3096277453580878,0.19216320019484343],[0.6900654564264308,0.9821326376752874,1.0,0.6872847161273233,0.6270393986978801,0.6900654564264308,0.6697509921536013,0.6626409663474041,0.6626409663474041,0.6199297980473909,0.5856810254213165,0.9949234116714405,0.669768354396706,0.6653295036843868,0.6699041707277635,0.3941585856235724,0.3562524035261169,-0.2232116381248365,0.6344759889077176,0.633815287749533,0.6028356656744951,0.6689001955416201,0.16389852596898052,0.8043955562629921,0.6506224758198553,0.6506224758198553,0.6503990336069222,0.9884921366788507,0.27744894371783013,0.09254181441236076,0.6272238618190482,0.6268610738520053,0.6321624085401268,-0.05139963843102311,0.6653779475526158,0.6134044760326229,0.6293954043586868,0.2891701351149415,0.9933211155684949,0.6097443886380657,0.37904123954963315,-0.23263985351532138,0.6822327741779054,0.663421220126129,0.6822327741779054,0.8997583361545345,0.4141829530199394,0.9375536139728481,0.9175648319671859,0.7511880403833678,0.22712150256656222,-0.07568225008377956,0.05239710937123861,0.5600477399855676,-0.08488876296957955,0.6109938353493095,0.584697582134953,0.6041004887802784,0.5682219600668625,0.020481000189655083,0.8134458644836092,0.7489660592719496,0.6717143028203137,0.7545591359733098,0.7747418745609177,0.7545591359733098,0.5705526743793773,0.6694817183364398,0.7159538605560326,0.6694817183364398,0.723308369101071,0.6908074232998183,0.7424323648583637,0.7823128615291306,0.7424323648583637,0.45956639052771725,-0.08530384813638918,0.4751889056882157,0.08995474411035949,0.4492681899596663,0.26588528890046287,0.5141597170480953,0.26588528890046287,-0.14108455390676375,0.6481215399997128,0.892825943743675,0.7128739259935213,0.7839574062394952,-0.08173908062545918,0.683083590897199,0.6827122573602684,0.683083590897199,0.7386427764867587,0.7386427764867587,-0.1931604600623223,0.7051500531385311,-0.18077263260536458,-0.7165698838239156,-0.4515775732593984,-0.45559463798261957,-0.43379005306605134,0.11724705221389758,0.019594489365366445,-0.3502022040118572,-0.6967271449815977,-0.17915553943141269,-0.3361196895113438,-0.28588207978526115,0.052645417654063616,0.0511163515445107,-0.49852449924253706,-0.07813413121555444,-0.26968001856030865,-0.5186930070806143,-0.2214859853053268,-0.4165107404265267,-0.2991809140351885,-0.4165107404265267,-0.4290111055851986,-0.5528032644445396,-0.5528032644445396,-0.31894394026670175,-0.31894394026670175,0.37240419804944264,0.20909503019878514,0.2948499785124139,0.5313323444250494,0.30134448110842155,-0.39474278934438906,-0.005984770776572485,0.4614045301299065,0.5597652703969732,0.4614045301299065,0.0033518447936913935],[0.999746717101831,0.9995198312645313,0.6872847161273233,1.0,0.9989807375597926,0.9997467171018309,0.99397614674534,0.9911594560748058,0.9911594560748058,0.9947251241630941,0.9758841124003295,0.9904191955252274,0.9940000791092459,0.9946354876428685,0.9940226781939059,0.7387717617285758,0.6551518731439441,0.24187198814346392,0.9946188454736332,0.994616072388405,0.9858513415997578,0.993985943443902,0.3718717302884054,0.7633319190053549,0.9854284613438394,0.9854284613438394,0.9854086287806088,0.9821427042770334,0.29655687256711094,-0.15064987689358236,0.9887700974845586,0.988740710307875,0.24452987696226652,-0.22128595607026957,0.9953431286327293,0.9959622643177595,0.826614567361206,-0.3554411547365479,0.9929714680756115,0.9961830778569442,0.7187036363019109,0.2220795214566238,0.9934820588920097,0.9953787155930195,0.9934820588920097,0.9005863794065638,0.6427202465334305,0.9263335221361514,0.9243407829627985,0.8290241083283759,0.3740190162926761,-0.18866416171743286,0.21396946118716612,0.9458351324970407,0.3554631349255089,0.9711782633970625,0.9691913564323876,0.9793137487421772,0.9895196766066982,0.9180494657566052,0.9390371808458492,0.9377601671894945,0.9327470234329365,0.9318085445234751,0.9326078756894315,0.9318085445234751,0.8881350544962853,0.9168695394070924,0.9177811440460503,0.9168695394070924,0.9270838285098341,0.7541541545270024,0.8707039005046615,0.8718898972529843,0.8707039005046615,0.7184925721157974,0.16837538134760047,0.7053776584548039,-0.5407017308838705,0.6146647968159561,0.370432881141833,0.6069275725575705,0.370432881141833,-0.09423323211605451,0.9138512891351829,0.9420122995913092,0.927294473448403,0.9175823616282196,0.23750462936681482,0.9093538513685048,0.910061719004848,0.9093538513685048,0.9009299552154472,0.9009299552154472,-0.09740013369977421,0.6172441550038387,0.15115662799038632,-0.7082087321831848,-0.6024709890078559,-0.6063110086425418,-0.15882392600673867,0.13794043374942694,0.19153104559074813,-0.0251773495133456,-0.5851149452971609,-0.03678740291594481,-0.8030222356175115,-0.30757180242633875,0.15901971373575305,0.16055523248487594,-0.5838021324575232,-0.5711098456524342,-0.28871978311837565,-0.5297656819158956,-0.8150979065591984,-0.4164360689488481,-0.4094011683502876,-0.4164360689488481,-0.24535250874649792,-0.36610892171190673,-0.36610892171190673,-0.8014202095630929,-0.8014202095630929,0.41590780853248466,0.6177654689001454,0.8431473415377206,0.8330779810955107,0.7475291620968191,-0.353983691513593,0.7378386489415317,0.7661872774387143,0.7663728704836155,0.7661872774387143,-0.1574326180248176],[0.9981545649155968,0.9960920275175246,0.6270393986978801,0.9989807375597926,1.0,0.9981545649155968,0.997286877262954,0.995987142514761,0.995987142514761,0.9974998319978445,0.969545818497892,0.9964632174271958,0.997303426678601,0.9973747723330453,0.9973256222950814,0.6343965505459629,0.5249194824263113,0.03524002736733018,0.9976897556373739,0.9976912346973273,0.9880695912962395,0.9972929178975237,0.013827042043054329,0.7480601018416122,0.9928361884276663,0.9928361884276663,0.9927977196008598,0.9907759075210932,0.07119289945110313,-0.1345708848618378,0.9874598172979546,0.9873912521734057,-0.048535182429673404,-0.12666569741131298,0.9977606773405452,0.9976846915259588,0.8208902228021554,-0.47082205578270897,0.9976094991825588,0.9980163104568694,0.601599328156036,0.011138951541340541,0.9977031280468143,0.9977095907933451,0.9977031280468143,0.9132397909930788,0.6092087463126449,0.9360026191888537,0.9241145589910696,0.8073532500612282,-0.07062738954651195,-0.5870111006403537,-0.16311573209542377,0.936587093307309,0.21025722479860678,0.9683497794557976,0.9683839402812257,0.982229101015316,0.9901136524741034,0.917274941068365,0.922696676708084,0.9284074812980205,0.9214116756665357,0.9267958625706499,0.9271375847282618,0.9267958625706499,0.8664682377562793,0.8791729518422797,0.880187182924944,0.8791729518422797,0.916988202216175,0.8397740267247762,0.899167802854389,0.8998486489317394,0.899167802854389,0.6830734026030071,0.5799661282752491,0.674408349919524,-0.5485281250334684,0.6631380026056972,0.6449882482384274,0.6443175920998594,0.6449882482384274,-0.10535859415364957,0.8982540090582027,0.9211864711002256,0.9076892030665971,0.924653257757125,0.08294111300663408,0.8972450578397919,0.8981232275499414,0.8972450578397919,0.9023767618709475,0.9023767618709475,-0.1343470196753975,0.661551730372584,0.005675399433847221,-0.7347245977970843,-0.64628156975855,-0.6473971053972518,-0.18765820486634777,0.16129958386596424,-0.19391212759552018,-0.2674908185875565,-0.6488576372683655,-0.3889497736325558,-0.8437006879826354,-0.5740794614185885,0.1304138156345015,0.13180596544176792,-0.6076929176398242,-0.5663490363319463,-0.5542336619625501,-0.5655537752101332,-0.7705935148605603,-0.6038034338094459,-0.6067298529674986,-0.6038034338094459,-0.28063451289499436,-0.3965987290547112,-0.3965987290547112,-0.7404733319346681,-0.7404733319346681,0.404509087320222,0.6022969247122271,0.8011451883608758,0.7968146784023202,0.7398745974534472,-0.4755011242976202,0.6098546107998852,0.6621762906908284,0.6623250648592031,0.6621762906908284,0.07012643484759341],[1.0,0.9999897637856168,0.6900654564264308,0.9997467171018309,0.9981545649155968,1.0,0.9928330331062337,0.9895861732307076,0.9895861732307076,0.9933750944141542,0.9775937269366535,0.9874167704816587,0.9928666073300662,0.9932303302414631,0.9929114771986696,0.7396057639804249,0.6564180837776752,0.2562158654485086,0.9936511215463489,0.993645275356341,0.9857907016321596,0.9928584745001791,0.3803824438511721,0.7591760741822566,0.9830775984014702,0.9830775984014702,0.983058491388036,0.9765301135284882,0.30083333382135036,-0.14470105771705852,0.9894860406515348,0.9894490000603144,0.25238097560012446,-0.2209593745608447,0.9948879441746985,0.9953092091794734,0.857953125764932,-0.35125421177962135,0.9908092521583064,0.995320755253838,0.7201643593370868,0.2366931552515105,0.995009952495552,0.9950066542105458,0.995009952495552,0.9026539226796247,0.6543988998532505,0.9232966392073629,0.927193943678197,0.8442998064463316,0.37860245620066735,-0.18411434688844636,0.21891188830682107,0.9508569690943361,0.3707109170140582,0.9754541360986569,0.9719080511003805,0.9813641082000093,0.9896959787417715,0.9355237480319044,0.9440632353998243,0.9482641526729887,0.9357880849471242,0.9455540492815768,0.9461609331460125,0.9455540492815768,0.8944725161836492,0.9267494093271597,0.9275926224238326,0.9267494093271597,0.9297052917057574,0.8043208799777484,0.9030613015806255,0.9042323222831837,0.9030613015806255,0.7249275257599245,0.4100982179910862,0.7132500331131791,-0.5361141984148083,0.6184997635316593,0.6338951539474464,0.6342374150366417,0.6338951539474464,-0.08845616247097364,0.917844885886265,0.947508985733833,0.9331913537627439,0.9368878539592229,0.25120607122329097,0.9127039176706531,0.9132968967505729,0.9127039176706531,0.9166659634401844,0.9166659634401844,-0.09309868397893087,0.599324354728274,0.14621559228406036,-0.6994150342276343,-0.596275184701833,-0.6001959140008205,-0.14768931843730254,0.14199861457087984,0.19777132710980524,-0.012812839384123274,-0.5743928374197915,-0.03118996610592809,-0.7980158092420384,-0.30051061735367535,0.16811541771824343,0.16959783916465623,-0.5778405375850322,-0.574452329521638,-0.28824058708440775,-0.5204810323031103,-0.8140319967890995,-0.4156707095344195,-0.40808692844586064,-0.4156707095344195,-0.2377801539490972,-0.3575557901106584,-0.3575557901106584,-0.8021630293538421,-0.8021630293538421,0.4245432273160753,0.6283926170169076,0.850867866207075,0.840501936601617,0.7543333324981691,-0.3421682112789404,0.7465568628354545,0.7748388674861757,0.7750245417141709,0.7748388674861757,-0.17199017943496905],[0.9928330331062337,0.9853835006189897,0.6697509921536013,0.99397614674534,0.997286877262954,0.9928330331062337,1.0,0.9976605342307096,0.9976605342307096,0.9999722265510127,0.9644283633934883,0.9997059966714827,0.9999967971206223,0.9999878701963408,0.9999938055404007,0.826105579682028,0.8113227869842179,0.21192622616753032,0.9998704369686621,0.9998708007723492,0.9905379558739361,0.9999969522753301,0.29516887154549687,0.758657171484446,0.9866418091860697,0.9866418091860697,0.9878498126670411,0.9923691999616439,0.2314918560375453,-0.19992610101490785,0.9916752105309283,0.9917115916798761,0.1573203018515579,-0.26331677108665524,0.9993797108192,0.9994974557700821,0.4666606326489015,-0.30036631491635263,0.9991487955563539,0.9994691894470654,0.8044455533494322,0.19085105829981905,0.9469385926419573,0.9991444056573395,0.9469385926419573,0.9214864532787397,0.6176488740235229,0.9446687347669037,0.9241876345746355,0.7753112937602488,0.415348572077486,-0.12613181365563672,-0.18339578698397266,0.9348445256751,0.3273252528837457,0.9693430119933464,0.9659014862067621,0.980418583974482,0.9956295254916548,-0.004151486187794735,0.8864372769369638,0.8492640002880252,0.8905279312917934,0.8443375610319447,0.8098085312353168,0.8443375610319447,0.8320066127150202,0.8155560677826844,0.804571161683768,0.8155560677826844,0.8851715086687454,0.43240540647589903,0.6268695114566574,0.6801944173123503,0.6268695114566574,0.6520666416141111,-0.33210151310499797,0.6286294091698705,-0.6068344899729436,0.5487285793889218,-0.0704546838908672,0.47891474104611664,-0.0704546838908672,-0.13471964641493536,0.8641825970648476,0.8860094029250032,0.8724595856774469,0.7854273396064927,0.20616873868340435,0.8628089376319112,0.8638772639937878,0.8628089376319112,0.7898354870205527,0.7898354870205527,-0.16945841112611182,0.7019027798405707,0.22609503070593368,-0.7110426713818582,-0.6406438736573455,-0.6440415048472761,-0.1970115815793825,0.08950136829715245,0.3135289111468406,-0.05051029658671019,-0.5934721365192163,0.029890614331167013,-0.8296001777873401,-0.2033754322141679,0.09716392461378327,0.09871149933476257,-0.6241453599810354,-0.5842572975524479,-0.12298382730204588,-0.5988777513568591,-0.8309630253450113,-0.4068318027180316,-0.24304655669898606,-0.4068318027180316,-0.30959893574261643,-0.4033330904797983,-0.4033330904797983,-0.8229661178904141,-0.8229661178904141,0.40373886952407106,0.5886984191407314,0.5133957872633558,0.8054262188239694,0.7375134902479554,-0.3999173866560163,0.07389308101536865,0.7447460632197718,0.7636427002226449,0.7447460632197718,-0.09619348254532506],[0.9895861732307076,0.9803142444027427,0.6626409663474041,0.9911594560748058,0.995987142514761,0.9895861732307076,0.9976605342307096,1.0,1.0,0.9995994675352512,0.958396127081879,0.9988494799371086,0.9983759071894922,0.9994432021788194,0.9992125325589375,0.822794689695915,0.7988867179848765,0.19040248798453163,0.9992406823194634,0.9992428165458888,0.9880751478279982,0.999337824444783,0.2702810162317507,0.7605190263976119,0.9932916043586767,0.9932916043586767,0.9861616793818793,0.9900480843551556,0.2142471449051938,-0.2127737054623209,0.988042277900218,0.9914628346888004,0.13908821755260664,-0.2691768651291032,0.9984058416557652,0.9984099783772988,0.450724857553162,-0.30628784928231945,0.9974813362150551,0.9983767532508295,0.801264326319406,0.16897432864194445,0.940270409460934,0.9982367555900707,0.940270409460934,0.9194666523772047,0.6032758183837429,0.9454323261335194,0.9229058467908113,0.7571329621080212,0.40298129526974813,-0.1403542298489699,-0.19496733601839197,0.9271910631622893,0.3074749062021967,0.964947763228706,0.9611831136016709,0.9757828121997012,0.9945917906359132,-0.01274853337085625,0.8781842749253485,0.8364055969428379,0.8842224368605168,0.8325270530167316,0.799264973155732,0.8325270530167316,0.8224639654300397,0.8002270475922649,0.7929577796226386,0.8002270475922649,0.8790299003265645,0.4158515276825861,0.6097718754358522,0.6660042589780285,0.6097718754358522,0.6422951196017452,-0.3453343821193031,0.6173159797910299,-0.6129031647605921,0.5429793981478794,-0.09050254554392,0.46502402585951397,-0.09050254554392,-0.14053243124971818,0.8569175050832274,0.8759597040745581,0.8633148634792045,0.7725458475702152,0.18859107748262058,0.8561020289010416,0.8573289776638962,0.8561020289010416,0.7758074453043312,0.7758074453043312,-0.18290711624527,0.7223762305059601,0.23230521798291467,-0.7199615232496452,-0.6520913373225498,-0.655320825883514,-0.21091409166717937,0.08292993290858969,0.30643880616575697,-0.06914322224645546,-0.6053396488119007,0.020644154347576125,-0.8345229562365316,-0.20986868087871366,0.08317792086300145,0.08475052908143346,-0.6345596899161549,-0.5848370679216406,-0.12975516350132377,-0.6136553810321955,-0.8298960649112358,-0.41761333130679273,-0.2491485913297736,-0.41761333130679273,-0.3255007899904416,-0.4158745058200182,-0.4158745058200182,-0.8204076640802239,-0.8204076640802239,0.3871481016713652,0.5729719971042336,0.49577465695739353,0.7885373524486942,0.725629915440321,-0.41987909304333776,0.06080114545975867,0.7263643865291118,0.7483638281587099,0.7263643865291118,-0.07941234653848249],[0.9895861732307076,0.9803142444027427,0.6626409663474041,0.9911594560748058,0.995987142514761,0.9895861732307076,0.9976605342307096,1.0,1.0,0.9995994675352512,0.958396127081879,0.9988494799371086,0.9983759071894922,0.9994432021788194,0.9992125325589375,0.822794689695915,0.7988867179848765,0.19040248798453163,0.9992406823194634,0.9992428165458888,0.9880751478279982,0.999337824444783,0.2702810162317507,0.7605190263976119,0.9932916043586767,0.9932916043586767,0.9861616793818793,0.9900480843551556,0.2142471449051938,-0.2127737054623209,0.988042277900218,0.9914628346888004,0.13908821755260664,-0.2691768651291032,0.9984058416557652,0.9984099783772988,0.450724857553162,-0.30628784928231945,0.9974813362150551,0.9983767532508295,0.801264326319406,0.16897432864194445,0.940270409460934,0.9982367555900707,0.940270409460934,0.9194666523772047,0.6032758183837429,0.9454323261335194,0.9229058467908113,0.7571329621080212,0.40298129526974813,-0.1403542298489699,-0.19496733601839197,0.9271910631622893,0.3074749062021967,0.964947763228706,0.9611831136016709,0.9757828121997012,0.9945917906359132,-0.01274853337085625,0.8781842749253485,0.8364055969428379,0.8842224368605168,0.8325270530167316,0.799264973155732,0.8325270530167316,0.8224639654300397,0.8002270475922649,0.7929577796226386,0.8002270475922649,0.8790299003265645,0.4158515276825861,0.6097718754358522,0.6660042589780285,0.6097718754358522,0.6422951196017452,-0.3453343821193031,0.6173159797910299,-0.6129031647605921,0.5429793981478794,-0.09050254554392,0.46502402585951397,-0.09050254554392,-0.14053243124971818,0.8569175050832274,0.8759597040745581,0.8633148634792045,0.7725458475702152,0.18859107748262058,0.8561020289010416,0.8573289776638962,0.8561020289010416,0.7758074453043312,0.7758074453043312,-0.18290711624527,0.7223762305059601,0.23230521798291467,-0.7199615232496452,-0.6520913373225498,-0.655320825883514,-0.21091409166717937,0.08292993290858969,0.30643880616575697,-0.06914322224645546,-0.6053396488119007,0.020644154347576125,-0.8345229562365316,-0.20986868087871366,0.08317792086300145,0.08475052908143346,-0.6345596899161549,-0.5848370679216406,-0.12975516350132377,-0.6136553810321955,-0.8298960649112358,-0.41761333130679273,-0.2491485913297736,-0.41761333130679273,-0.3255007899904416,-0.4158745058200182,-0.4158745058200182,-0.8204076640802239,-0.8204076640802239,0.3871481016713652,0.5729719971042336,0.49577465695739353,0.7885373524486942,0.725629915440321,-0.41987909304333776,0.06080114545975867,0.7263643865291118,0.7483638281587099,0.7263643865291118,-0.07941234653848249],[0.9933750944141542,0.9852927067595101,0.6199297980473909,0.9947251241630941,0.9974998319978445,0.9933750944141542,0.9999722265510127,0.9995994675352512,0.9995994675352512,1.0,0.9634802040655759,0.9996712815729664,0.9999732173120713,0.9999723672795717,0.9999762500931089,0.6803510430210635,0.5747584801627458,0.0921416841425308,0.9998280813217181,0.999828935289456,0.9904504919674302,0.9999707153782227,0.06933614717601216,0.7379376389516353,0.9956153687451422,0.9956153687451422,0.9955751866800954,0.9922561881913347,0.05917907335686748,-0.14308944602511364,0.9910332537457901,0.9909932929467016,-0.02741129778610951,-0.22485254660667478,0.9994334310292743,0.9993926481753382,0.8245290835917313,-0.4704629302607924,0.9990896034667532,0.9994418068959845,0.649288061141905,0.06826458610183302,0.9993065440823785,0.9993118218684498,0.9993065440823785,0.9211868057238851,0.6180582745806896,0.9444348339808349,0.9238045694510859,0.7748915170251222,0.02693055846082777,-0.5420209998320861,-0.12172028450580165,0.9313154138132272,0.2725231347451306,0.9663203089722139,0.9659066480855426,0.982528265773124,0.9949467757022337,0.8931675564795415,0.8873080556963246,0.9053908645422254,0.8916072642555047,0.9037361085502335,0.904266836454999,0.9037361085502335,0.8318235618298279,0.8610046690333358,0.8622804018069921,0.8610046690333358,0.8865817582024249,0.8053220495597948,0.8725303872757083,0.8735593714937819,0.8725303872757083,0.6520716818452922,0.5127065347510134,0.6282069303265627,-0.606376388731708,0.600005942552531,0.5704617382068873,0.5703955157231674,0.5704617382068873,-0.0892074753560727,0.8650870823992892,0.8860998143833666,0.8730316121069216,0.9012205897994856,0.12063052589568912,0.8679542656857021,0.8695828045137458,0.8679542656857021,0.8732314407024742,0.8732314407024742,-0.17100029852470472,0.7025132298623897,0.03328015396353038,-0.7225456940684762,-0.6733979539600978,-0.6747949673579613,-0.2004715118977861,0.09286280250731525,-0.19832615604668555,-0.23317383352650894,-0.6309593433607794,-0.41515513112838537,-0.8636597929410268,-0.607306798555066,0.09631388598233868,0.09823160826169999,-0.6255755967143379,-0.5803732701787174,-0.5643800706941043,-0.6003607077151779,-0.7968092672674496,-0.6268258248295504,-0.6291761834683139,-0.6268258248295504,-0.3112734899633706,-0.40639823152185567,-0.40639823152185567,-0.7774513092694174,-0.7774513092694174,0.40273658330442547,0.5868195611981112,0.812296680829044,0.8076724850894936,0.7354327157082381,-0.42644270419080793,0.641190449495714,0.6878379710842756,0.6880244146018668,0.6878379710842756,0.14052420635894192],[0.9775937269366535,0.9734656860327914,0.5856810254213165,0.9758841124003295,0.969545818497892,0.9775937269366535,0.9644283633934883,0.958396127081879,0.958396127081879,0.9634802040655759,1.0,0.9511734441115611,0.9644474198489373,0.964476950025091,0.9641949421825028,0.45550742566549246,0.3438944971093314,-0.1363703076224699,0.9684163122074883,0.9683967999858049,0.9645481201374553,0.9645399781096984,-0.018952739823232843,0.7747147568621949,0.9658999517181553,0.9658999517181553,0.9660591442917512,0.9073207419070506,0.15032092830349342,-0.130419850633568,0.9707431527419943,0.9708390443678915,0.11877141900907902,0.00843406045503791,0.9716591909403826,0.9718850392005587,0.8945833461965796,-0.35249241910295065,0.9585651409892957,0.9709300316945649,0.41818611678860046,-0.15645137846940502,0.9726562309842245,0.9726266022512521,0.9726562309842245,0.8357771704513547,0.4227114640490315,0.8529025241518464,0.9102522731098374,0.8713215026848165,-0.48846851716113737,-0.6738456961691714,-0.20167824683870259,0.8997114672527718,-0.03663685671277413,0.9262268449087664,0.9262844862374268,0.9423955511517116,0.9691486459321449,0.8941175966442595,0.8959007907242083,0.9073320065439697,0.897073462550653,0.9008438152099895,0.9013322109146873,0.9008438152099895,0.8562889801828701,0.8350890554882066,0.836441314081696,0.8350890554882066,0.8930757563861207,0.906131517351723,0.8911423790363039,0.8916006242019668,0.8911423790363039,0.7278600173551476,0.666185443369653,0.728670356139406,-0.27091185425748243,0.7421131608691036,0.7565782154754904,0.758714606155038,0.7565782154754904,-0.24666160978652973,0.8932760917241759,0.9404013638582347,0.9063256662782422,0.905781465647593,-0.035799338627647115,0.8876042385218458,0.8883767255443173,0.8876042385218458,0.8946324805642073,0.8946324805642073,0.03928949240398446,0.42804295769231465,-0.13772009591731135,-0.6640476151194511,-0.44416895617849494,-0.446742291348701,-0.0719140324439124,0.43240563074292204,0.011437988388163957,-0.19852544757052018,-0.5562128498725842,-0.11222978934078393,-0.792298197964206,-0.27712821868049814,0.2974651086857795,0.29759050576883195,-0.415733064313978,-0.4323555027803679,-0.3819446719073113,-0.39327173625226447,-0.6586075641207401,-0.40139535598655846,-0.40376053702089426,-0.40139535598655846,-0.13774275625107502,-0.4473710308586354,-0.4473710308586354,-0.5423568947300226,-0.5423568947300226,0.5389932634203429,0.6463060278385983,0.7516662765471047,0.7016187161713635,0.8103616616281986,-0.5132552637478345,0.4113262275030602,0.5324573269514126,0.5327963733251162,0.5324573269514126,-0.13126219805936698],[0.9874167704816587,0.9862948836982823,0.9949234116714405,0.9904191955252274,0.9964632174271958,0.9874167704816587,0.9997059966714827,0.9988494799371086,0.9988494799371086,0.9996712815729664,0.9511734441115611,1.0,0.9997057696672996,0.9997031887105711,0.9996777909805636,0.19562586067923865,0.09293072921249444,-0.529618593191858,0.9998168936273207,0.9998187456108486,0.9997090529091083,0.9997080157419564,-0.2754730393186105,0.9742517376322778,0.9951411747359313,0.9951411747359313,0.9951230331777812,0.9940665918138996,0.06412261071410903,0.05785916229018417,0.992354910966216,0.9924009128982733,0.8000750508167805,-0.02368632698303922,0.999127481679441,0.9990882194435923,0.9989746939627798,0.9994375584690803,0.9994764839211299,0.9991646010730727,0.14063994529274523,-0.5372943783458122,0.9989272120470778,0.998933807088245,0.9989272120470778,0.9159735058596303,0.45942992640653507,0.9402669463989122,0.9202044310342473,0.7749782706004946,-0.38602627863965666,-0.5944557146062895,0.8293059319132206,0.8581665097613501,-0.34707031261804094,0.9377361257279349,0.9379300555928425,0.9713173051272265,0.994056571293593,0.9060372254008219,0.9114552439823818,0.8894900958056955,0.8936721359846264,0.8941706714851092,0.8946463222245503,0.8941706714851092,0.7924328518819409,0.7619964674861608,0.7637063957812524,0.7619964674861608,0.9129876997956706,0.9184398263258954,0.9118314927673508,0.9126968874741939,0.9118314927673508,0.5605764689427578,0.5050893471146508,0.5953694159639193,0.6771508991282923,0.5836571192341019,0.6108674233013438,0.6129837130833323,0.6108674233013438,-0.3034673206413276,0.8584867312830806,0.888039512325953,0.8772078545544503,0.9125464248123245,-0.33896640672793066,0.8542575139425044,0.8544619840326707,0.8542575139425044,0.8625032956436774,0.8625032956436774,-0.2225880941683324,0.6962389239112671,-0.39394786964421685,-0.8076473527197999,-0.5365437493320176,-0.5395795933182207,-0.43320009625073636,0.23583681773412568,-0.3059666007751563,-0.5377698692787866,-0.7666978741505047,-0.4071969648651986,-0.5906730917246645,-0.48148971193779105,0.08777968844317492,0.08571298372833364,-0.5586645904632579,-0.5314368980046161,-0.552587610966633,-0.5885766311633689,-0.5819141516937545,-0.5560948793720847,-0.5592044706427779,-0.5560948793720847,-0.44309441530713495,-0.6328738226658768,-0.6328738226658768,-0.6237999561072468,-0.6237999561072468,0.39884658644216703,0.33752689259807683,0.4760056404191908,0.5855867780594313,0.5251598456055057,-0.5763649095543422,0.3217117595725592,0.2842958719505688,0.284533756052034,0.2842958719505688,0.2669342563676389],[0.9928666073300662,0.9854186927716367,0.669768354396706,0.9940000791092459,0.997303426678601,0.9928666073300662,0.9999967971206223,0.9983759071894922,0.9983759071894922,0.9999732173120713,0.9644474198489373,0.9997057696672996,1.0,0.999991172472443,0.9999953857932067,0.8260925315049823,0.7988375652077321,0.211974543365626,0.9998717256939115,0.9998720328145455,0.9905691109838285,0.999997518152515,0.295460473463628,0.7587118196026538,0.9915309022540054,0.9915309022540054,0.987841645587992,0.9923583543479991,0.23173378879481202,-0.19987689694230446,0.9917224055461872,0.9917204619313224,0.15753688976481453,-0.2632847389559622,0.9993812291742963,0.9995002196449212,0.46663760444607894,-0.3001686809668639,0.9991501323606412,0.9994757988317159,0.8044206654805037,0.19090519923735988,0.9469255901364326,0.9991463769203344,0.9469255901364326,0.9214883891831308,0.6177739462871271,0.9447666539243248,0.9242712610976409,0.7753936465031436,0.4157036989799739,-0.12572195810966602,-0.18305682889083771,0.9349032856631017,0.3273827530142061,0.9694217406267216,0.9659486269216397,0.9804942862595707,0.9956425033505543,-0.003975651619168862,0.886554361340883,0.8493436918377494,0.8906296919632372,0.8444158171662085,0.8097592524874144,0.8444158171662085,0.8320934890821202,0.8156016032397225,0.8045173935171953,0.8156016032397225,0.8852998030312555,0.4322960841063031,0.6268722681393375,0.6801186129975493,0.6268722681393375,0.6520384312073114,-0.33212008575191987,0.6286185224793668,-0.6067389540210315,0.5486498847346807,-0.07057435517078053,0.47894624127137686,-0.07057435517078053,-0.13485699727292177,0.8642533289658967,0.8861138938005129,0.8725424327146356,0.785421665942221,0.20621988474920275,0.8628829583782182,0.8639481804171106,0.8628829583782182,0.7898928188007218,0.7898928188007218,-0.16939665170231635,0.7019230282657494,0.22620308391700655,-0.7110773375964418,-0.6405631252923654,-0.6439657083626614,-0.1970882961763489,0.08939262402387416,0.31368688028285696,-0.05049935735352178,-0.5935268741907678,0.03013049794936782,-0.829364568954362,-0.2031087411030601,0.09723344448380651,0.09879484800623203,-0.6241267552739619,-0.5840659544349605,-0.12275770592731837,-0.5988395907297898,-0.830865894379468,-0.40662800669168636,-0.24286033240582114,-0.40662800669168636,-0.3094436617276344,-0.40330113597596107,-0.40330113597596107,-0.8229171202244763,-0.8229171202244763,0.4041845966806071,0.5888134516287881,0.5136219375952985,0.8056571872649736,0.7375677566639187,-0.39972860890932044,0.07415473252997218,0.7449777437438103,0.7637482474304151,0.7449777437438103,-0.09622368586809243],[0.9932303302414631,0.9853692186611958,0.6653295036843868,0.9946354876428685,0.9973747723330453,0.9932303302414631,0.9999878701963408,0.9994432021788194,0.9994432021788194,0.9999723672795717,0.964476950025091,0.9997031887105711,0.999991172472443,1.0,0.9999887645846051,0.7475802687949192,0.659262790581338,0.21367650607208402,0.9998940865966296,0.9998947530482598,0.9905605670986588,0.999988645202513,0.29549754472253165,0.7552898440492635,0.9943913374187023,0.9943913374187023,0.9943590249722147,0.992301992690755,0.225131531044179,-0.20033110355615988,0.9921415538386704,0.9921462244652456,0.17963993393602376,-0.26266928094227215,0.9995512710570714,0.9995001009982164,0.8586573366387389,-0.3876676450710625,0.9991475368800579,0.9994799077315144,0.7239788581221339,0.19263641928010786,0.9994503441718867,0.9994549602225319,0.9994503441718867,0.9213579072514909,0.6178795821886531,0.9445584734989783,0.924007742802875,0.7750914405720736,0.29657130866620207,-0.29432513965523377,0.12044222388513795,0.9347929609290091,0.32788364716296853,0.9667918814865928,0.9659705867379107,0.9791720365233997,0.9958769496379698,0.8995594954310001,0.8858900579397722,0.9104714696252444,0.8906106040931507,0.9092923304787136,0.9100444094488681,0.9092923304787136,0.8314243773510054,0.8793888049596579,0.8806615321041464,0.8793888049596579,0.8851717512972646,0.7886905608950172,0.8768353772463873,0.8782426442409466,0.8768353772463873,0.6516698499576399,0.5083681422129543,0.6274503673161063,-0.6073906052485442,0.5473723785926176,0.547575043436289,0.5485381254395924,0.547575043436289,-0.13685874027918524,0.8641709395985109,0.8858108868288991,0.8721126373520626,0.9059391445460382,0.2081769120925442,0.862862950404103,0.8641263705343082,0.862862950404103,0.8719396527398112,0.8719396527398112,-0.16972089809993307,0.7011710914682814,0.13270816461978951,-0.7101633823044925,-0.6402222808463615,-0.6434014868730088,-0.19709151012064177,0.08834367749218591,0.0865604200903396,-0.04905061798990636,-0.5923080597505956,-0.1585408487045583,-0.8396463071602138,-0.4203634145663284,0.09661627296881702,0.09857059982685022,-0.6241705131661787,-0.5833534767624211,-0.41191111113730733,-0.5986190371840547,-0.8236503072585877,-0.5226741699284007,-0.5186621099934843,-0.5226741699284007,-0.3086995609083412,-0.4033622220406704,-0.4033622220406704,-0.8144331619482198,-0.8144331619482198,0.4022219710646434,0.5886331904642472,0.8193945007837062,0.8090623984892086,0.737752151240514,-0.39936119529763375,0.7014130186183096,0.7323960147294516,0.7324949794062874,0.7323960147294516,-0.06385717477032422],[0.9929114771986696,0.9852700924243203,0.6699041707277635,0.9940226781939059,0.9973256222950814,0.9929114771986696,0.9999938055404007,0.9992125325589375,0.9992125325589375,0.9999762500931089,0.9641949421825028,0.9996777909805636,0.9999953857932067,0.9999887645846051,1.0,0.8157397126218082,0.7467734495951788,0.21212781724252905,0.9998746446234308,0.9998748348251758,0.9906949254194924,0.9999952673276428,0.2961267136486706,0.7585517730547582,0.9945672731137193,0.9945672731137193,0.9944813968940001,0.9922933724126062,0.23202207310065812,-0.1998946592818649,0.9926224906340788,0.9926637569749559,0.158267209459296,-0.2631146676890056,0.999425434260733,0.9994999571560815,0.46570803239540703,-0.29945929246227015,0.9991119195321989,0.9994783568378642,0.80172725879371,0.19107921116621332,0.9465082019217907,0.9991955703137017,0.9465082019217907,0.9217140341266216,0.6184068541873701,0.9448820297372122,0.9243542449641959,0.7751464788847158,0.41699091823924345,-0.12427912358621428,-0.1832827744204849,0.935217108269465,0.3276534492208739,0.9697897861267666,0.9662300390886981,0.9807367791534248,0.9956845103423949,-0.004948625139256013,0.8867774104524284,0.8492453789529757,0.8908187605675745,0.8443470573026094,0.8093334184953304,0.8443470573026094,0.8322613028024491,0.815521555386249,0.8048335875171219,0.815521555386249,0.8855634288528483,0.43165221466075177,0.6264050789927554,0.6801040702209126,0.6264050789927554,0.6519028587675885,-0.3332228464727324,0.6285630631287661,-0.6069409980830422,0.5483176638956954,-0.07151404073846472,0.47861424005757747,-0.07151404073846472,-0.13482307970933624,0.8643576765146139,0.8858845281609009,0.872656563129247,0.7784258694872065,0.2066019353747277,0.8629487612829786,0.8640052963220433,0.8629487612829786,0.789701601368733,0.789701601368733,-0.17067617838303253,0.7026799888390518,0.22668200440192937,-0.7110340191425243,-0.6409005726251952,-0.6443071259968762,-0.19809191287606318,0.0882906071670078,0.3140145569695334,-0.050850731417733705,-0.5936809018187169,0.03024094246838681,-0.8286486490947805,-0.2029317964363826,0.09634509380474415,0.09790545609195443,-0.6246749411001933,-0.5842681402908824,-0.12220312041409254,-0.599894143234974,-0.8309012890824486,-0.40656248652156907,-0.24233068900430663,-0.40656248652156907,-0.31026604753539533,-0.40370338309761805,-0.40370338309761805,-0.8232626274414161,-0.8232626274414161,0.404350426237887,0.5885011918546821,0.5131695387941322,0.8060775361540794,0.7370583923103355,-0.3993170603704003,0.07354203888948244,0.7453911950773023,0.7643568164192728,0.7453911950773023,-0.0959728436456127],[0.7396057639804249,0.083484432372978,0.3941585856235724,0.7387717617285758,0.6343965505459629,0.7396057639804249,0.826105579682028,0.822794689695915,0.822794689695915,0.6803510430210635,0.45550742566549246,0.19562586067923865,0.8260925315049823,0.7475802687949192,0.8157397126218082,1.0,0.9924313335248962,0.4243348090456781,0.7941592725424506,0.7941273342613727,0.7175734106378865,0.814417416417607,0.33488280704372786,0.38699258284449,0.8082523518953789,0.8082523518953789,0.7936520975070184,-0.20127147970511558,0.19713685815049048,-0.1606325704858818,0.8506732926218374,0.8476727981832433,0.15957908497478024,-0.22014571053966236,0.8215309936874616,0.7060816931573078,0.26048230224040875,-0.3172241878149101,0.21080127193417728,0.6724010335199048,0.9983480790435325,0.407185558979167,0.747253268984174,0.8212051562357483,0.747253268984174,0.15843921192797075,0.5310174038831609,-0.2630087671463223,-0.28623137885265687,0.040647950219016946,0.39618249894926216,-0.05624749044782069,-0.2105976078989086,0.6933387753001081,0.4006567289442726,0.8200348916210226,0.6936942351621662,0.783213830955328,0.8035491366998326,-0.10479933128530602,0.11618541950897633,0.5660518160677687,0.42586523331293746,0.5558999605083668