var element=document.getElementById("correlationAdjClose");if(element.style.display!='none'){var correlationAdjClose={"data":[{"type":"heatmap","z":[[1.0,0.9999928275558122,0.9853703699077411,0.9999261199936142,0.9990387805685703,0.9863092011908138,0.9977765844692394,0.9958217046389621,0.969115372590449,0.9961513556669617,0.9940731579278047,0.9935304662113322,0.9959487149152396,0.9959795103204455,0.9958700568271526,0.9975002552045861,0.9977740489519974,0.9982960506369636,0.9965026917031614,0.9965132962391845,0.9965674387959871,0.9959018319452582,0.986376932547979,0.970772374623603,0.9892424566755738,0.9557851427041146,0.9881904072251667,0.9860183810700734,0.9663676409798451,0.9493796648695244,0.9931893570813054,0.9941737791000688,0.992255171776496,0.977048315276027,0.9976853621106564,0.9979368418808724,0.997420392013409,0.9960063009940937,0.9955792488892012,0.9978166500215098,0.9987294973117044,0.9987727273638377,0.9976374932006395,0.9976470044545365,0.9766809049049269,0.9144189022753428,0.9478596269741167,0.9152677608541007,0.916477453256072,0.8968169843581265,0.9641601988518461,0.9467341860395586,0.9657379361109477,0.965271126061423,0.9561292249633755,0.9849246782135977,0.9818812461094442,0.9903026690901526,0.9945103240878691,0.9859332600583587,0.9809761787272351,0.9875664168080364,0.9854523635788791,0.9881450105857804,0.9879377637431943,0.9649752455103238,0.9723486088383763,0.9742947757794931,0.9739600991262402,0.9505512967473573,0.978990238103412,0.9765298410253277,0.9840756979424516,0.9833051752342636,0.9406362961608341,0.8787564130440315,0.8451894173600294,0.895503006481208,0.9160966853963609,0.9126094515922666,0.9140442997791304,0.9126588433701156,0.6704510561547888,-0.5654606986186096,0.9796939520940485,0.9739187737062652,0.9705744312941774,0.9866947360753102,0.9736091724969754,0.9837528651089006,0.983712084446641,0.9487065527390328,0.9838788074307222,0.9521340210932742,0.7440367169907411,0.8929822136143675,0.92360245509759,0.7822469481333634,0.9470781576051895,0.9479232786813669,0.8978775604277625,0.9626660833269333,0.896120887934848,0.6187624947245279,0.7167045423547779,0.9028405537034877,0.8685142043922301,0.89376693868711,0.9723549324060546,0.9725453286050164,0.7784393333968717,0.7240580375480734,0.8249090044353403,0.38988683875592905,0.799148597566389,0.8292188889205088,0.8245014683708245,0.8149870251640832,0.7684666579552228,0.7475507173032009,0.7293126378983131,-0.25982376935598034,-0.39840663692928396,0.6575970525356584,0.8960276088164314,0.9392634607566075,0.9452031634260051,0.9139390291074077,0.827609413823383,0.912200260812405,0.9325793970897549,0.9324721448160499,0.867086018383834,-0.18656078741097504],[0.9999928275558122,1.0,0.9864613855620635,0.999812732481361,0.9980234676245314,0.9900865307873481,0.9940798119363012,0.9907121776561011,0.9829484948448203,0.9907354466017814,0.9907367246026324,0.99272621964153,0.9908943515236502,0.9907323546790693,0.9908035126681488,0.9932858950666663,0.9962473350317345,0.9958468880697097,0.9935373380585737,0.9935379224694357,0.9907977762121202,0.990848475559706,0.9904684948732282,0.9697860921446078,0.9871500589887537,0.9798192628074647,0.9869843123394991,0.9858855964674021,0.9781003012913344,0.9271436339875938,0.9880533137682402,0.9852596390007743,0.9788897475430716,0.9269962311746183,0.9953509352985147,0.9952237772410651,0.9954785666902761,0.991485908603779,0.9948862367594062,0.9954801060870133,0.9968964283995198,0.9970123142372633,0.9954565393916069,0.9954646983750831,0.9885702202395749,0.9142931339249691,0.8841604705109809,0.9151877073532221,0.9166886154670532,0.8967873685386187,0.8732720856447824,0.9179569815295013,0.8764110581860921,0.9032965317601022,0.87263960482814,0.9542300272544489,0.9541844064848205,0.9646405575687382,0.9834409531670083,0.9795178067447468,0.9824474564097058,0.9776372878959781,0.9774927912505074,0.9797965110334173,0.9797197705737163,0.9465148694628276,0.9558059978009533,0.9293726588369241,0.9292885437298773,0.8492380498343571,0.9756288609786856,0.9774693569753541,0.9776758243819974,0.9772150907562402,0.9452330041317111,0.7226764795106164,0.6726198060000921,0.7991971499555162,0.8754449219796046,0.8192181624480479,0.8481962799674021,0.8467350098641251,0.6741743789499617,-0.24751396453937854,0.9655452118575102,0.9707304090610499,0.9653263185937597,0.9802167431868295,0.9632103068494086,0.9691979387341109,0.9684733662637388,0.9216636448521398,0.9715080525254178,0.9258705872336127,0.638318766597398,0.8923191311367161,0.8897892214802869,0.4057665673172342,0.7953695012655662,0.8009543935300176,0.7186364828499601,0.9634163808703957,0.6905028512771313,-0.27045133610597405,0.18546592480143895,0.7188543434960252,0.6656892535365315,0.7109226375238304,0.9649780750378062,0.9648984133859458,0.07460056272938724,0.2433972936902897,0.08034109183784915,0.05292982273874676,0.07450639817923489,0.09021409428936158,0.0868499282456712,0.010303943872045892,0.44581276335100034,0.17795404504484172,0.12735622623823223,-0.44199331055565405,-0.48336450738376713,0.658069579807962,0.7511809463249,0.7755221626118453,0.8336559969409314,0.8248976281477763,0.5589114562305927,0.7433029434906454,0.7700699312991311,0.7688130896510136,0.42024400396746425,0.18532567888047252],[0.9853703699077411,0.9864613855620635,1.0,0.986777124340637,0.9932213771075701,0.9908515123481434,0.9904375321299661,0.9909933530700051,0.9901081273498262,0.9938446480674195,0.9979185458897685,0.9970120813358241,0.9908744605040783,0.9932492814891758,0.9910522174326512,0.9904464207336076,0.9910366195156944,0.9905355780651091,0.9896803314075651,0.989659847151116,0.9926828200669305,0.990890923217433,0.994414495644583,0.9820200536777155,0.9912604568755431,0.9792817696282214,0.991750012649767,0.9852861286571384,0.9846273626702177,0.9552447114348086,0.971024801150824,0.9749992521668227,0.9779976118877859,0.9535194707996371,0.9877454827368206,0.9908726323745792,0.9892025889286093,0.992773893933724,0.9951913511169755,0.9916440871656131,0.9855312761987511,0.9882131126074902,0.9880533309306111,0.9874347512699871,0.9914013647310919,0.9123150621016448,0.9318033853612727,0.9340415806025087,0.9105641322058803,0.8471466749467571,0.9234687114157866,0.9019229785604658,0.9259165862276689,0.9258664603055374,0.912826359616496,0.9511424601675784,0.9592250412849762,0.9670187543102784,0.9791857066518569,0.9361985947783706,0.9585372999222431,0.959448866010553,0.9661166416685784,0.9598055448724919,0.9341201160025677,0.9125314372763323,0.9385117778149216,0.9306213879203195,0.912600842934894,0.8811000354894238,0.9662900256459588,0.9443294694777129,0.9596958899238469,0.9384671635740838,0.8044086382648272,0.8278740509258885,0.7503556411327088,0.8476326780997343,0.8821333800334175,0.8821807888468712,0.8507436449313782,0.8649267067394858,0.3589080545344364,-0.5600112869551588,0.9548189825492368,0.9369710639566602,0.9380132684395376,0.9364277821748381,0.949103204038237,0.9582568462373313,0.9578336508106368,0.925359744085805,0.9538067200322018,0.8619058773692213,0.7229654158022972,0.9453548215751446,0.9447832740783678,0.7514031493851774,0.9320975296855729,0.9339518879478714,0.8711797371910677,0.9798583390297338,0.7776571229012662,0.5245943201446099,0.6583290562063709,0.7973651489367746,0.7949672459652558,0.7786499661262273,0.9828702967895337,0.9829427505375455,0.7041330828074464,0.6651276878499907,0.7120817522019736,0.3291256160127097,0.696948001837096,0.7126421626634784,0.7293118208787193,0.7100699018760013,0.7269171847538105,0.6784569091210833,0.6587056004685464,-0.32692256708113737,-0.4652214355381328,0.6209674332552396,0.8571382718203938,0.8880246232626335,0.8916255414506289,0.8869453029517084,0.7590843005805866,0.8632793319605946,0.8768493544537445,0.8845464473825079,0.7372949628212865,-0.10864391323349389],[0.9999261199936142,0.999812732481361,0.986777124340637,1.0,0.9993098401583553,0.9873823274438674,0.998062384790697,0.9962926431210438,0.9713938843060341,0.996678719559536,0.9948792110941291,0.9946371443221254,0.9964016337924795,0.9965269630776832,0.996339977743192,0.9978082138377018,0.9981271590327164,0.9985943385394728,0.9969151308122615,0.9969232091335618,0.9970184733610884,0.9963590406183259,0.987640641376946,0.9721615264561032,0.9902704989501553,0.9584537298236636,0.9893275586778275,0.9878232939198971,0.9684410652571304,0.9506369262775196,0.9925661718375003,0.9937410434738172,0.9922920365773537,0.9766831074466594,0.9978045540965075,0.998179271950011,0.9976874267379209,0.9965171133769155,0.9961697464400388,0.9980946916565706,0.99864808522156,0.9988821093252869,0.9977502227844547,0.9977571383448318,0.9785284795635059,0.9102994810618834,0.9456324830062666,0.915989640088818,0.9148035293290258,0.8892121664678427,0.9612056442745487,0.9433517678709119,0.9626825939251366,0.9626716014049888,0.9532604627284013,0.9828275605617385,0.9803495152324792,0.9894568104688248,0.9943876568144654,0.9843818454630514,0.9796815382819025,0.9861948318232591,0.9847685690723437,0.9866929651916655,0.9864785546132239,0.9535949185502701,0.9709677727899171,0.9727034420226047,0.9723656386198377,0.9447776920968757,0.9784684061621953,0.9734010238026148,0.9825171812222075,0.9817085138346808,0.9173489351540479,0.8769799015726136,0.8409396577751388,0.893523209981233,0.9129915491200856,0.911967136973266,0.9113809619597396,0.910044261867282,0.5729211507485504,-0.5652078638221898,0.9787273780382364,0.9723732016676161,0.9688925886058511,0.9851465008889635,0.9727047156788354,0.9828670080214768,0.9828198318126873,0.9480372251612247,0.9823116739882961,0.9349267264322613,0.7484403678373007,0.8994860272178649,0.9278578812000213,0.7838892553774559,0.9484373833375792,0.9493126618639032,0.8974732532321421,0.9640255241718246,0.8899465507832958,0.6151973378897004,0.7149068123751182,0.8973183299814521,0.8648694682559848,0.8879693893632452,0.9733027424114007,0.9735022633439644,0.7772409719739272,0.7242674219057523,0.8169339678337176,0.39179107378393174,0.7933888586852612,0.8209622785927245,0.816173578374103,0.8095932584524808,0.770980472635917,0.7474626036034614,0.7293009382084241,-0.2552010359818447,-0.39765996391452224,0.6565457653230932,0.8940818376123906,0.9373709903075713,0.9433666427495373,0.9126981978812584,0.8247597033307494,0.9101477304618076,0.9302798231318414,0.9303316943576387,0.859597406032876,-0.17936668001276532],[0.9990387805685703,0.9980234676245314,0.9932213771075701,0.9993098401583553,1.0,0.9902793901561512,0.9990835744493018,0.9984509440919558,0.9842086627978053,0.9984508807130448,0.9979885951353311,0.9980052060507371,0.9984865145256027,0.9984839178201985,0.9984840468115497,0.9990154196322384,0.9985978269647383,0.9992692159406726,0.9988331261464556,0.9988320334814524,0.9985519728952292,0.9984751779477096,0.9940265428468884,0.9798307529320122,0.9945316814113762,0.9764746879818237,0.9944859814001755,0.990809580761545,0.981913005659734,0.9543261451730786,0.9892384520687356,0.9918987790632403,0.9899141441590033,0.9685291156339081,0.9989477969271038,0.9989925790540349,0.999002172110189,0.9985731925133882,0.9986037511436983,0.9989820325606843,0.9989507135425785,0.9991787068493752,0.9989416432242584,0.9989408038939336,0.9885376215328782,0.920291964968436,0.9445764184163953,0.9288877011551974,0.9192615378728561,0.8835663239985948,0.9462170671741955,0.9349441551063943,0.9503710644636546,0.9550811162468097,0.945040195900368,0.979463431195762,0.979428635719667,0.9890595041064003,0.9943062309187932,0.9808818189643923,0.974075653199314,0.981677488024491,0.9808121389065566,0.9820223407881167,0.9817675750222884,0.9549018534178317,0.9618732336481886,0.956643637677062,0.9562173107911844,0.9162315844194524,0.9757026362300676,0.972159599121002,0.9783459945844395,0.9774693852353585,0.9373778779401334,0.8548942231454936,0.8133404997999761,0.877465298326684,0.9169491110705263,0.8999354394985704,0.907743525702663,0.9065281220994338,0.7257238568387319,-0.5824660696011267,0.9722207051947852,0.961755188200569,0.9592229324954553,0.9818781008448488,0.9627876549030205,0.9760551712204835,0.9756365231991512,0.9388338512875469,0.9778157811925967,0.942173687893992,0.7371805170378349,0.9167739841393662,0.9485603118992152,0.7415931219172646,0.934123154911188,0.9357523489944247,0.891078848735194,0.9694482006158774,0.8848667924370125,0.45810752218498096,0.6521411600392067,0.890596962740839,0.8350306048923303,0.8853916324538621,0.977103339417124,0.9772561338791232,0.7389938065215419,0.706405703714014,0.742885574361643,0.3683766611622403,0.6880704330900728,0.7482622122850014,0.7433274075110181,0.7053690922777145,0.7563816819709035,0.7312682111994313,0.712193728594025,-0.4682913971663693,-0.5482618780328854,0.6488262296332818,0.8876366591799681,0.9225096935910644,0.9362625332654526,0.9096975063425627,0.8036572302125725,0.8955200323696304,0.9159093516974768,0.9155076660328082,0.7951292565109069,0.03062562398846983],[0.9863092011908138,0.9900865307873481,0.9908515123481434,0.9873823274438674,0.9902793901561512,1.0,0.9860093301277268,0.9865704427326237,0.9915745201005539,0.9858926818185922,0.980972230586394,0.9794539003234791,0.986470611806517,0.9869526138258794,0.9866376330507252,0.9863212451598071,0.9894023606956084,0.987586805632726,0.987390993890022,0.9873932220366095,0.9854345074405945,0.9865630740445147,0.9958855700420152,0.9926371076607704,0.9873597582527021,0.9850073561661197,0.9874440302864528,0.97492241122172,0.9870047829346245,0.9715865926869401,0.9662957781367737,0.9713957577675083,0.9804423488310229,0.9686757040439192,0.9858047861141922,0.986080797957734,0.9869227357314898,0.9873111664073655,0.9806311198335224,0.9864922367232738,0.984971050727489,0.986560961890603,0.9859433814363837,0.9859609628761402,0.9955160058559931,0.8690449396573094,0.9260460435346003,0.8939472794478662,0.9081800160707989,0.8705561612548613,0.9232390151166873,0.909570767780082,0.9255374762222165,0.937080450630549,0.9211473730185485,0.9552364702471126,0.9601557099082484,0.9644632856279055,0.9748414153389615,0.9693697715533683,0.9839955674859397,0.9706775532578402,0.9827357834605533,0.9703247501052348,0.96977547920315,0.9730914330773796,0.9650018574425887,0.9452567833625037,0.9447269238594378,0.9393467271937517,0.9807708357144428,0.9732489830200844,0.9706513012142368,0.9692152556652074,0.9578509852674026,0.8764512420353667,0.8287570439428221,0.8951691227846625,0.9082983496329436,0.9169941834827946,0.8986113469042598,0.8964015182414621,0.696852755224715,-0.5209537744366022,0.9781097935350158,0.9777833625774579,0.9736051621533276,0.9703814934471655,0.9695707963895698,0.9773549039638854,0.9769648913436294,0.9631693172428284,0.9666828691950631,0.9621487779808809,0.7484318835905486,0.8701556717872624,0.9472076425714658,0.7881427792280303,0.9371361654890281,0.9382405680243456,0.8697010560975172,0.958657526620157,0.8409697193699471,0.5510130951940825,0.6844145054669362,0.8502390013504717,0.8214358479247873,0.8393046022542069,0.9599178675866952,0.9600272910013314,0.7348022204182854,0.7017703062343371,0.7560754732606539,0.3926959603930184,0.7421339527511602,0.7616892380741264,0.7555243945300362,0.750970214568479,0.7548970336556721,0.712975259650994,0.697227625718958,-0.2837815482843676,-0.4135444570005158,0.6723779986522143,0.8698162516583864,0.8875291554658131,0.8983306620425234,0.8829594688918034,0.7909549042870925,0.8585269527255691,0.8791446564720112,0.8793253535173351,0.8221804315414749,-0.14873098803232343],[0.9977765844692394,0.9940798119363012,0.9904375321299661,0.998062384790697,0.9990835744493018,0.9860093301277268,1.0,0.9973644912394442,0.958000859449733,0.9995726106575227,0.999506909152525,0.9995179618649892,0.9982971146515068,0.9994371529324235,0.9991153613481009,0.999884905284164,0.9963066105018226,0.9999015313519948,0.9993255878321574,0.9993305365500528,0.9996870818937403,0.9992715603661527,0.9904741423908254,0.9748470594078338,0.9850724548655351,0.9256351292825814,0.9930931343933727,0.9902350192703465,0.9729414923404748,0.9483652973003754,0.9917330850149209,0.9917146658328531,0.9935110951733512,0.97414971467108,0.9989316502162617,0.9998380840713635,0.9996889082781032,0.9994448581267038,0.9997298672980848,0.9998208495316593,0.9984015852974387,0.9997105876436648,0.9993395328154157,0.998969283531806,0.9816939042192143,0.9278094294596663,0.94812391792207,0.9402510559204021,0.9287772039773925,0.8834897438575906,0.9572262938432717,0.942918570768961,0.9594399281419637,0.9593705309761256,0.9509694931838683,0.9814936273058319,0.9803631182444765,0.9913200742071736,0.9964111104060627,0.9459655186999879,0.9614699784838113,0.9721365872854892,0.9726840860321108,0.9737870513635466,0.9459902552967978,0.9011925419905209,0.9527875384075837,0.9594081248199621,0.9369777720097109,0.8899281775353421,0.965697258824474,0.9373689171009734,0.966385116770351,0.9463276329401995,0.7667296158413511,0.8492126364801922,0.7719733421036427,0.8647736168736845,0.8858436991184334,0.8902816061990576,0.8689416275053966,0.8811755512928088,0.3109956138918193,-0.5990533748104633,0.9631897266449368,0.9470176621752877,0.9460734654323161,0.9477918827804634,0.959402484433893,0.969978317877154,0.9700168793544661,0.9288182084534182,0.9664365241677237,0.8420174179459949,0.7322680913374328,0.9173269760855641,0.9275520743914333,0.7725564076703887,0.9465465054521198,0.9476067710907777,0.8940260978395089,0.9688098899177056,0.831868486032715,0.6057457373726222,0.7062383980297001,0.8544301573264653,0.8444729970016093,0.8359842935027348,0.9772248324588039,0.9774329473515397,0.7660769208738393,0.7034713306623045,0.7821745325198601,0.36319241771076166,0.7711815718942052,0.7928202724588229,0.7892680852419914,0.7899298647431392,0.7528485095901497,0.7366442947893603,0.7167070743812844,-0.27164542676362885,-0.42143250809285027,0.666187117608224,0.8905083945922557,0.9264288724561583,0.9424516115032695,0.9143109985556638,0.8242400888137112,0.9108462228288057,0.9317559603853076,0.9304514128654142,0.7759067829966944,-0.14393280065433406],[0.9958217046389621,0.9907121776561011,0.9909933530700051,0.9962926431210438,0.9984509440919558,0.9865704427326237,0.9973644912394442,1.0,0.9691149844397453,0.9999998158625556,0.9999992394592101,0.9997092626717964,0.9999969988868407,0.9999918495481872,0.999998065110438,0.9992538937463809,0.9906881202451325,0.9993915901134285,0.9998998353210085,0.9998994068657743,0.9999611830014312,0.999998702632454,0.9908796933372143,0.9761893766815445,0.9923554757306018,0.9398381967291902,0.9935961248404369,0.9880363121765066,0.975163901729548,0.9475405043251476,0.988008413202442,0.9938771369376068,0.9921999250401102,0.9710297436807327,0.9994493624765745,0.999533229438198,0.9996468437711996,0.9997179499664205,0.9990707735151831,0.9994556960230965,0.9980951742686128,0.9987031501235767,0.9995193872940767,0.9993799106673243,0.9832705748155167,0.9277395303646314,0.9452238417352206,0.9449578793237805,0.9267149269564834,0.8710650434883206,0.9555428712338602,0.9381697867616845,0.9573683101618702,0.9532716948391933,0.9446609073613335,0.9794679316245383,0.9772630930043621,0.9902731264545561,0.9970628007477821,0.9407098269785306,0.956696767127535,0.9651967098854756,0.969278262966811,0.9672698574831404,0.9441598136544204,0.8923661642440516,0.9475617361373649,0.9521805768987985,0.9312837593195625,0.8765716564456766,0.9626668078638391,0.9307300724614987,0.9605249559439205,0.9414377921354241,0.7525732255356646,0.8403474946386484,0.7672761283386216,0.8559972263968664,0.8780343365494325,0.8851638924508836,0.8642247494184226,0.8738640309284148,0.2921580787361247,-0.6039929309478609,0.9585486396044576,0.9393455787824462,0.9392428865064716,0.9457230977224299,0.95422412747121,0.9654230065540993,0.9654522910512704,0.9231442429620343,0.9590417344598784,0.8294580402726341,0.7287418206644426,0.9336201460091789,0.9390167654077477,0.7681630269411907,0.9461585516856068,0.9473834610446564,0.8914306948278952,0.9730943016949344,0.8351611717040363,0.5914133247539428,0.6971646059957725,0.8556987841027955,0.8413596913711485,0.8384790247012102,0.9799142578148186,0.9801273362339652,0.7567103271713773,0.6952182508009082,0.7837522986865116,0.3496566204946129,0.765974569400366,0.7883318441314023,0.7899537154574426,0.784326394036299,0.7461379313183047,0.7305672937679835,0.7100050667786523,-0.2879597241997329,-0.43674197421103345,0.6506164748554623,0.8825499745939515,0.9240174169216882,0.9348049959379692,0.9082922509370099,0.8131627248754868,0.9043552233357632,0.9254529894147989,0.9244371550596008,0.7564218596403084,-0.12660990623861154],[0.969115372590449,0.9829484948448203,0.9901081273498262,0.9713938843060341,0.9842086627978053,0.9915745201005539,0.958000859449733,0.9691149844397453,1.0,0.9840939257695629,0.9879887055021118,0.989861394067941,0.9728335025785302,0.9811513932073399,0.977759610104514,0.9755005872664237,0.9487480426800254,0.9801654992326767,0.9784654986812619,0.9784437595085658,0.9825499923104332,0.9776592744198773,0.9945976736926214,0.9917569351493843,0.981896017741325,0.9872813807741696,0.9848297008859268,0.9884214868706394,0.9898313867854944,0.9651059263250421,0.9296592644262983,0.9511866318212685,0.968098795942271,0.9505649405371522,0.9722676057958606,0.980492257469472,0.97735528319054,0.9797202030772494,0.9879065163814933,0.9815796117022144,0.9679839097286637,0.9772055144385265,0.9730919731396936,0.9720559691609097,0.9988769735606147,0.8868631750902943,0.9159031994492144,0.9351532160270117,0.9230000949706925,0.8424074973154003,0.8872858278382909,0.8798109561445793,0.8909224060321885,0.909447883153221,0.8928763103180997,0.930652885162371,0.945693792624855,0.9503716264666139,0.9638270948144892,0.893579268166403,0.9592818218324239,0.9370865417591734,0.9590943029174537,0.9372484312143176,0.8915060034242088,0.8983802942562122,0.9307825054817911,0.9043012833633103,0.8672443777820201,0.8600848031068113,0.9602801604446741,0.9090158999088643,0.9361308862911486,0.89670696012033,0.7874162918071852,0.8186943282725198,0.7028975781742235,0.8407239262773646,0.8608874926465332,0.8740788460101796,0.8229527202295311,0.841430648930664,0.3319576280231807,-0.5478222729558784,0.9480252509527944,0.9392118543490102,0.9363694296035813,0.8931722624174848,0.9371770505384822,0.9467699196607844,0.9461889607063442,0.9263146503270561,0.9307849293262909,0.8442976468437009,0.7295748698172548,0.924913956833075,0.9545038816340266,0.7590426040317289,0.925185883569176,0.9269814073104525,0.8491618106313944,0.967610063416314,0.7449313444519295,0.489174055116949,0.6399500974738479,0.7760720801991668,0.7727640276128368,0.7542304679574112,0.9671825539131148,0.9672357065984079,0.6854925218890803,0.6542153186473918,0.6781714048568949,0.3365508571213731,0.6796907429549183,0.6921104728891508,0.679370371657652,0.6894905136030052,0.7203122515926054,0.6743689723841335,0.6558477147753142,-0.33464919035635826,-0.46947070266891033,0.6682014226911108,0.844197117743484,0.8421850838986271,0.8679864244267222,0.8681152492016735,0.7542114863680621,0.819681802393899,0.8481551349382929,0.8421798075468904,0.7108946533955013,-0.06779324180947732],[0.9961513556669617,0.9907354466017814,0.9938446480674195,0.996678719559536,0.9984508807130448,0.9858926818185922,0.9995726106575227,0.9999998158625556,0.9840939257695629,1.0,0.9999990840846831,0.9997148735223145,0.9999984547518337,0.9999904927267064,0.9999975511156086,0.9996403593580885,0.9976613450797622,0.9993833098229284,0.9998688685601784,0.9998687739545032,0.9999746126217257,0.9999992291913711,0.9935238927482977,0.9775012907236392,0.9956951434538257,0.973860571746829,0.9957988913194021,0.9880118009353135,0.9794832524270708,0.948810431699175,0.9892082072418754,0.9934714480190345,0.9897293901779157,0.967354708254513,0.9994537183698617,0.9995221844113511,0.9995315522400882,0.9998112669066851,0.9990858943982279,0.9994635544627254,0.9982598419895294,0.9987370218724897,0.9994543018122437,0.9994490918284193,0.9874729793171789,0.9279226470669873,0.9452600298482648,0.9449944801547528,0.9267485033482505,0.8712234913318415,0.9439339920744307,0.9294093419833613,0.9474783181481771,0.9510819097959725,0.9423514297549804,0.9776266881358958,0.977295380298873,0.9906364151246231,0.9968319069668312,0.9703908230925002,0.9565759340711932,0.9712619079774002,0.9692155848699958,0.9716936058558611,0.9714021792891886,0.9421832553606304,0.9474630689580823,0.9466319844017927,0.9462661627472049,0.9045062099649686,0.962567351830834,0.9621391024863435,0.9681059389618325,0.9670373544104808,0.923592860460184,0.840412398006557,0.7928343163174495,0.8557199381617983,0.8991419979289905,0.8847569061484758,0.8913918161855272,0.8904448668555881,0.6752606329063453,-0.6169943922707368,0.9584805464926893,0.9393657127031485,0.939269420137039,0.9716345443035233,0.9491131179439244,0.9649501487626847,0.9645132447806989,0.9237016310422892,0.9669568875334099,0.9273647486762681,0.72876679440004,0.9332711015034084,0.9517798285519243,0.7482523551525274,0.938635553529842,0.9400542229982503,0.8915011192928178,0.9721390835834309,0.8926836668688626,0.4938326175146859,0.6701635297252279,0.8983642673421448,0.8435396886687369,0.8934241617400351,0.9798638613063025,0.9801120029879511,0.7567776043131477,0.6949890855529943,0.7599447545068073,0.3498000886418502,0.7067149767753543,0.7652164481121198,0.7603694423175971,0.7252837881435974,0.7458315159976051,0.7305160437794058,0.7099239430807002,-0.5149321710241787,-0.5958278697295534,0.650790693002522,0.8827448419551512,0.9239106557566359,0.9378085620575869,0.9085195988643973,0.8092661496354596,0.8965413508369033,0.9171169240787502,0.9165674196588537,0.8063814601981157,0.09987679139670737],[0.9940731579278047,0.9907367246026324,0.9979185458897685,0.9948792110941291,0.9979885951353311,0.980972230586394,0.999506909152525,0.9999992394592101,0.9879887055021118,0.9999990840846831,1.0,0.9997146622120872,0.9999961412090174,0.999994217916794,0.9999981167713639,0.9996137693689833,0.9971717820375207,0.9990564830083983,0.9997489695337805,0.9997487420965038,0.9999982860476573,0.9999981449969981,0.9924090908279031,0.9708654759299677,0.9945004167619993,0.9812350724038807,0.9951668566680195,0.9880280387054321,0.9809094785672682,0.9387977551349531,0.9873350251668349,0.9923507918123081,0.9825508790535378,0.9385185663228518,0.999165047566428,0.9992275995601166,0.99915488481589,0.9998839220113465,0.9990661611213384,0.9991658436988009,0.9975380228734011,0.998220842526464,0.9991291217172488,0.9991261738520968,0.9890967709800493,0.9276087700647576,0.9053631928213728,0.9449252979537722,0.926618189788281,0.8708389971015909,0.9057142981904379,0.8898095401273076,0.9109166449336993,0.9179296537834953,0.9037835218222162,0.9676013985826796,0.9675663488297762,0.9893240567071826,0.9950867223278709,0.961554649364236,0.9566680291948234,0.9579906507282958,0.9577886754933577,0.9599840119659624,0.9596839260236345,0.9144585241841268,0.9355371751241356,0.9096807520732882,0.9091296051759102,0.8228593875847099,0.959280853073614,0.9661283242882471,0.9618572544115356,0.9606720257798081,0.9115850467678109,0.751823185548702,0.7049331121584465,0.8052983875571011,0.8697460772983089,0.8314045493238971,0.8505574844697262,0.8489683371509564,0.6621215142105085,-0.44620460390184874,0.942695190205909,0.9394597208300315,0.9393279075646933,0.9629811126101007,0.9332011052747715,0.9462601016101739,0.9454928610207753,0.8877540666325842,0.9497776212169562,0.8944237490193373,0.728903710328247,0.9336810802024373,0.9537909351463104,0.6045906429199327,0.8873108245801125,0.8905782875501392,0.8444031606469704,0.9834873997341684,0.8317806583016197,0.16301680879077954,0.5115161503323655,0.8443963703857513,0.8059011910321932,0.837922503306214,0.9842040485435757,0.9842192384121714,0.4822219861523186,0.5932305462447927,0.4896983616567613,0.34968042015389394,0.4519831198730849,0.5032287047099026,0.4917926335464387,0.4278742408003371,0.7316598567121317,0.5731348383366276,0.5317099874329441,-0.481785777935362,-0.5344249823798535,0.6501146599676383,0.8606554212626483,0.8736288360873657,0.9012634423879355,0.9019910279284638,0.6497598592779903,0.8321551745634026,0.864883803703638,0.864077962286131,0.6049260154936307,0.03581673065929772],[0.9935304662113322,0.99272621964153,0.9970120813358241,0.9946371443221254,0.9980052060507371,0.9794539003234791,0.9995179618649892,0.9997092626717964,0.989861394067941,0.9997148735223145,0.9997146622120872,1.0,0.9997308856556967,0.9997129129577497,0.9997207892648086,0.9996072355924223,0.9978064356578469,0.9992728638438582,0.9999637989003838,0.9999634307814618,0.9997197189781635,0.9997266205387166,0.9916022768596182,0.9649554424807809,0.9928065100945833,0.9808581626640784,0.9937482683734089,0.9913464505784685,0.9754959079145341,0.9148745070087735,0.9897304735969713,0.9931206602708987,0.9769759427310029,0.9147185142254568,0.999290406262262,0.9993481955637039,0.9992981071993271,0.9995110642434009,0.9995290282045224,0.9993180740318273,0.9972940204692916,0.9982064637285305,0.9992714781808402,0.999267805886337,0.9898896386867124,0.9222935925889941,0.8903225098802345,0.9414475876682853,0.9260559141150059,0.8709767288718555,0.8637618564286939,0.9040813815638213,0.8683282018068688,0.8876073869687244,0.8614231608237607,0.953589745548031,0.9535573160954888,0.978321006909785,0.9939593152161936,0.9595000254414794,0.96112862370499,0.952627445103785,0.9544930146390458,0.9562300832458795,0.9560622568155742,0.9129971576647922,0.9249528167635337,0.8922667100087465,0.892115589760002,0.7982225792188218,0.9566199029577666,0.9593906088090011,0.9595161369262205,0.9589181917844742,0.9163166900162564,0.6747410997863507,0.6210764882448182,0.7526407387119756,0.8363992335783733,0.7774840654007477,0.8080534466179883,0.8070133302657845,0.6201334380514872,-0.36535187990877926,0.9351660955875977,0.9429292076378228,0.9349210922550312,0.9606427168774783,0.9323826242514728,0.9399580771945335,0.938974990884194,0.8819980313845833,0.9433856878831522,0.8875843339540909,0.6614897700819633,0.9304636253431728,0.924671327795172,0.42707043172588544,0.8115758953081006,0.8174226801524123,0.7202282308230639,0.9754477400175597,0.6953708690911383,-0.21270637191539538,0.22819854605007056,0.7203093250528024,0.6732948840854103,0.7134862766051426,0.9766459311439201,0.97671333437308,0.12805739417717094,0.2831322336916945,0.13230287565402274,0.10453383211711062,0.12465477730798132,0.1426700741931176,0.14005019098518623,0.057434706923786556,0.4818868038752394,0.2120336768719893,0.15912266749730755,-0.5089799646381904,-0.5495163389901293,0.6508150044650896,0.7487015013075002,0.7730916466456529,0.8340560712923274,0.8272482154204418,0.5447925622020753,0.7389706140811725,0.7678857771509073,0.7667095301633232,0.41752001876596456,0.23240342236899955],[0.9959487149152396,0.9908943515236502,0.9908744605040783,0.9964016337924795,0.9984865145256027,0.986470611806517,0.9982971146515068,0.9999969988868407,0.9728335025785302,0.9999984547518337,0.9999961412090174,0.9997308856556967,1.0,0.9999903892548323,0.9999976714482546,0.9993074620880036,0.9924814841645234,0.9994362214039142,0.9999096770676743,0.9999094532912353,0.9999685525791148,0.9999989083399572,0.99077448455577,0.9760375437415314,0.9930172215881298,0.9447667369989826,0.9935531211772833,0.9881848065223963,0.9749814931035903,0.9475189908044993,0.9889083408606738,0.9939476217040975,0.9922774078652498,0.9711701095123136,0.9994918627536332,0.999574908638534,0.9996786732196872,0.9997188210962332,0.9991430210937791,0.9994993787774926,0.9981856521107899,0.9987769626818188,0.9995626519091789,0.9994233963878989,0.9830583643511119,0.9280365791851489,0.9454116864689744,0.9449087548987496,0.9269276491866718,0.8718686832246362,0.9558908758367711,0.9385816500499736,0.9577225381550741,0.9536423224564684,0.9450712667849042,0.9797189406254725,0.9774567656952394,0.9904152947137901,0.9971327603567443,0.9410168917564518,0.9568364213031307,0.9654754636085274,0.9694025945112356,0.9675445997147574,0.9444159084556527,0.8924991294325655,0.9478114083024676,0.9525855837008427,0.931712069594318,0.8769546708491682,0.962740513614862,0.9309395660577975,0.9607406277212036,0.9417242591097233,0.7526384301577175,0.8407855053304757,0.767812429776639,0.8564152842976177,0.87835179481559,0.8853955490618881,0.8646200135910315,0.8742688244830192,0.29243659130668975,-0.6039429274630168,0.9587386801047711,0.9396566500863857,0.9395095667617095,0.9459652862127884,0.9544310089417469,0.9656243755536974,0.965655000620022,0.9232972693797148,0.959342234506286,0.8296436932642405,0.7288965454256983,0.9328838536794309,0.9384941112067039,0.7683386770790613,0.9461984119403237,0.9474144613204363,0.8917717898168369,0.9729344693616598,0.8356247708316444,0.5924624028649217,0.6978410346974002,0.8561554759294446,0.8418909106134553,0.8389408628618249,0.9798375521686521,0.9800505112758146,0.7573505241381941,0.695796978243821,0.7843422615842768,0.35043286765433296,0.7666574524465538,0.7890167573928458,0.790553765314893,0.7850359301683935,0.7465188090304861,0.7310231956047192,0.7104844978260397,-0.2869744012508705,-0.43585709015615964,0.6511333597375485,0.8830668486732511,0.924456782543089,0.9353255517590495,0.9087536081685098,0.8137240992962955,0.9049224131862367,0.9260092298247025,0.9249817507156953,0.7570974174198781,-0.12764288494115905],[0.9959795103204455,0.9907323546790693,0.9932492814891758,0.9965269630776832,0.9984839178201985,0.9869526138258794,0.9994371529324235,0.9999918495481872,0.9811513932073399,0.9999904927267064,0.999994217916794,0.9997129129577497,0.9999903892548323,1.0,0.9999944522226313,0.9995137617289093,0.9975745565026823,0.9993888032812333,0.9998927293646445,0.9998916002746882,0.9999487308452063,0.9999904481313378,0.9927951209862371,0.9764505920337218,0.995428046775028,0.9678813920811634,0.99520460985883,0.9879611556828084,0.9752746701702603,0.9477426614267013,0.9889875006554166,0.9938879362123063,0.9915921706039434,0.9706447219971722,0.9994582023494428,0.9995258849441984,0.9995925433513418,0.9998750230200149,0.9990980251402318,0.9994447620556408,0.9979977132896675,0.9986910308897596,0.9994730358871116,0.9994655928424109,0.9855026021102152,0.9281230856473832,0.9451504301527606,0.9448681987254124,0.9265782323628236,0.871124514372299,0.9495216732368748,0.9297541347243393,0.951597001359268,0.9530018127702851,0.9443937538208294,0.9778555711777498,0.9771186005194807,0.9895914600455226,0.9971488231750493,0.9706308696539689,0.9563233545411841,0.9712490190200141,0.9692059900612972,0.972282752171884,0.971981698972693,0.9511248686168843,0.9471191042887468,0.9513853755364965,0.9510077155495604,0.9219246977670575,0.9625954323541506,0.9652093834338602,0.9698827857371086,0.9686738207836384,0.9336515850684723,0.8400063233562635,0.8018878243251358,0.8554003949821377,0.8901382235122569,0.8848705188340706,0.8862291178060936,0.8849709677834585,0.6534056297713186,-0.6044372908891578,0.958483929510855,0.9392411455486437,0.9389881009391092,0.9718767679881288,0.9542540702788359,0.9653740849689584,0.9654663035042857,0.9231519332015654,0.9659542625216927,0.9359346706305147,0.7285195684175988,0.9329027942676595,0.9448498050627268,0.7671291206038044,0.9459856190596705,0.9471305044733895,0.891376806374015,0.9733149945676555,0.883091750278938,0.5918062098424817,0.6966934807913958,0.8905831900214095,0.85364045550896,0.8810027060372868,0.980144769526677,0.9803897642548957,0.7558313172064683,0.6943574455315246,0.7984936150125477,0.34970404635695496,0.7695140108815021,0.8031588877706499,0.7976665653446905,0.7825711143663682,0.7458833514053133,0.7291189606102643,0.7085657671237523,-0.3800934726985374,-0.5004186899999877,0.6499613538931018,0.8827613726801324,0.9214846500777342,0.9306950932102941,0.9088875774819082,0.8123331947206739,0.8912389259694493,0.9142552753566268,0.9138389377657734,0.8447074587962105,-0.09485195622504528],[0.9958700568271526,0.9908035126681488,0.9910522174326512,0.996339977743192,0.9984840468115497,0.9866376330507252,0.9991153613481009,0.999998065110438,0.977759610104514,0.9999975511156086,0.9999981167713639,0.9997207892648086,0.9999976714482546,0.9999944522226313,1.0,0.9994055762245523,0.996778670857215,0.9994093587161651,0.9999030789112648,0.9999023377236257,0.9999625784029847,0.9999974507558939,0.9909230822670214,0.9762506808886205,0.9947755329493566,0.9590582139681598,0.9945911044212616,0.9881268140130353,0.9752157195605778,0.9477185185248452,0.9913620946516161,0.9942292089167841,0.9921452536718939,0.9709352826850378,0.9994627072359069,0.9995358672651752,0.9996552315431491,0.99973479846123,0.9991039001451365,0.9994541024487409,0.998123276830737,0.9987218253093608,0.9995307843654889,0.9993943561609093,0.9832642450117962,0.9278285247942087,0.9452518363568275,0.9449628380340912,0.9268594771213948,0.8714149611441179,0.9556332400915868,0.9383193369978717,0.9574925128610463,0.953224709264839,0.9445835572236668,0.9795018361188927,0.977213232602148,0.9902445106871302,0.9970279811269581,0.9410298427655023,0.9567964563805901,0.9653761516021658,0.969354224386952,0.9674340006718188,0.9439362912997132,0.8925931416771395,0.9474470728708608,0.9522488325544448,0.9315142631801936,0.8767069295095736,0.9628208082327543,0.9311050761842711,0.9607444447272908,0.9417737084079404,0.7529423991560501,0.8403191965364322,0.7675561660893434,0.8560145602925576,0.8782135317638016,0.8851559831444474,0.8643868766548966,0.874042777577503,0.29252195423603755,-0.6036932693498919,0.9586272310217809,0.9395153497607568,0.9393890350452005,0.9442086533825294,0.9544073973594271,0.9655021583948585,0.9655279568063172,0.9233324797522896,0.9592217169484609,0.8297403241419588,0.7287792125297353,0.9332674896122202,0.9388979420129396,0.7681353555702752,0.9460718177563706,0.9473013955307196,0.8912490733428479,0.9731132053927819,0.835205308170158,0.5912575727815125,0.6970545615352929,0.855720073908216,0.8415002870041908,0.8385203770941965,0.9799604053844687,0.9801703299249558,0.756305626154845,0.694848509114826,0.7837421457694418,0.34994086462371227,0.7659586520445855,0.7882584200837952,0.7901255754161425,0.7842312727589755,0.7460488916565098,0.7297881831384392,0.7092609779301423,-0.2877613692941595,-0.43653953969604375,0.6508989117460231,0.8824650245652975,0.9241553291534521,0.9348609193316911,0.9083417708359276,0.8129648135659819,0.9045766851677058,0.925504166883938,0.9246072381443771,0.7565325975066329,-0.126905005282384],[0.9975002552045861,0.9932858950666663,0.9904464207336076,0.9978082138377018,0.9990154196322384,0.9863212451598071,0.999884905284164,0.9992538937463809,0.9755005872664237,0.9996403593580885,0.9996137693689833,0.9996072355924223,0.9993074620880036,0.9995137617289093,0.9994055762245523,1.0,0.9982527407291243,0.9998335654263812,0.9995028362864649,0.9995081235828692,0.9997428290200485,0.9994878091635615,0.9904589676187959,0.9751679021059307,0.9932896862788224,0.9506440668625199,0.9929234855853442,0.9901018839605377,0.9731516054823408,0.9482666014034967,0.9918814116007566,0.9925586427523005,0.9929208442132715,0.9731011485783435,0.9992347872928369,0.9997230412942383,0.999694618396903,0.9995279996575653,0.9995393668773727,0.9996751086545882,0.9987785354090222,0.9995430280213347,0.9994827424155699,0.9992265978293161,0.9817061949331162,0.9267531609062598,0.9476533392989748,0.9405707664198794,0.9274416821813686,0.8795927876514106,0.9579214584839365,0.9433300232463335,0.9600893010434456,0.9579109310981376,0.9493788861930119,0.9817151541327599,0.9795812043703014,0.9913144410597515,0.9964954533658853,0.9461610918344802,0.9606434590336286,0.9711171874417072,0.9720983832011244,0.972875367811983,0.9471540503966175,0.8994621870891016,0.9510896437898048,0.9582620152628956,0.9370824539023311,0.8867227798543804,0.9654044492282762,0.9367920368807977,0.9657547077851623,0.9467176036681413,0.7630511342068939,0.8466778656947384,0.7725211951339409,0.8620117674271753,0.8840620053302879,0.8883638163671045,0.8686383166214844,0.8800888997826053,0.3053419718425728,-0.6001998700738116,0.9622035894166215,0.9452042583999883,0.9446435323524826,0.9490057141329903,0.9589120997816348,0.9691151603750161,0.9691967488042194,0.9281432912722137,0.9652647234211428,0.8390792056952243,0.7303725776887071,0.9214383599261384,0.9298062564414822,0.7708753803116609,0.9461469308937518,0.9471517499648501,0.8916531885654349,0.9691835380668986,0.8344396378707886,0.6018381372980768,0.702761183931