var element=document.getElementById("correlationAdjClose");if(element.style.display!='none'){var correlationAdjClose={"data":[{"type":"heatmap","z":[[1.0,0.9999927009623594,0.9853636666273625,0.9999262796875776,0.9990282169785641,0.9865082440987006,0.9977574075897067,0.9957834134921714,0.9691608093279901,0.9960972497272985,0.9808948915485292,0.9934288972958379,0.995911646323129,0.9952067662788447,0.9958321864613386,0.9974872837867618,0.9974703843813081,0.9982799108517967,0.9964706086834223,0.9964811054835087,0.9965345959250818,0.995864114871331,0.9863597017916141,0.9708157834931643,0.9891550823701732,0.9559426650104623,0.9880970575891173,0.9856240011206492,0.9663415069517326,0.9492821245331834,0.9932441907546968,0.9941995773263446,0.9921971438522864,0.9768284394766136,0.997667345074826,0.9979219521027232,0.9973981156424457,0.995969881257278,0.9956587685592038,0.9978236780425087,0.9987328989174203,0.9987635802022461,0.9976185370118634,0.9976282247739173,0.9767221233401249,0.9151505901097027,0.742961898281973,0.9151499633847788,0.9164492228537485,0.8523288259393325,0.9643930767069869,0.9466518917554994,0.9659508413216349,0.9652769114920065,0.9563375171542345,0.9850764065731198,0.9820103844607446,0.990317038997957,0.9945394743064107,0.9858037127514785,0.9806788244607042,0.987453762957252,0.9852876523938194,0.9880365093344439,0.9878265440636413,0.9649472409126998,0.9719912547016131,0.9740627355507927,0.973726105718001,0.9502062511092765,0.9787200177674003,0.9763177813278385,0.9839295930900585,0.983150688470823,0.9402288570301036,0.8759569110038367,0.8437027536096777,0.8942170087092873,0.9152935169318874,0.9117068352007456,0.9132322000228033,0.9118315999511334,0.6669430428485591,-0.566535450517822,0.9794907973568611,0.9735145610585443,0.9698681001336703,0.9865714316386052,0.9733816282814434,0.9836028503125848,0.983560835786701,0.9485359938559982,0.9837333509243458,0.9520186192336867,0.6940241827800221,0.8912636343612591,0.9228970201722723,0.7798320337500398,0.9295468343881601,0.947414349825801,0.8307038498572717,0.9623270054776235,0.8961628356535741,0.6206153201343501,0.7160270589133968,0.8925675545507814,0.8682250837754037,0.8900090978719419,0.9721209534901385,0.9723124481228429,0.7442633022450406,0.7224235806105328,0.8249509798896582,0.37882059361030374,0.7987167610832042,0.8292698341857463,0.8162750743842275,0.8149170388371052,0.7668745837370976,0.7469790451521567,0.7285705299533571,-0.25826289491812043,-0.39670293257620837,0.6578421855399902,0.8967237567466488,0.9398839922217485,0.9456146736506366,0.9147916509700909,0.8279481024263774,0.9126171620984245,0.9331917884500628,0.9330446619979221,0.8677782093620041,-0.18740836444835982],[0.9999927009623594,1.0,0.9862242223387786,0.9998107859639992,0.9979913986497039,0.9901672041830272,0.9939923281708626,0.9905621566938793,0.9827188800725096,0.9905868151539062,0.9730113192909347,0.9926081213558868,0.9907483442458005,0.9906116095454846,0.9906550184125745,0.993190036243422,0.9961799772726919,0.9957788337217357,0.9934311151657165,0.9934322755902161,0.9906491250294144,0.9907009446830918,0.9903017931840418,0.9692937938544395,0.9869024650327467,0.9797498533715646,0.9867322324807065,0.9854889609889169,0.9777874226737905,0.9257700620114419,0.9879497256280119,0.9851110037193572,0.9785164360010546,0.9255760498500794,0.9952975061250785,0.9951652868534147,0.9954229254637781,0.9913716300069968,0.9949721984581191,0.9954269318368951,0.9968765841078707,0.9969703928892634,0.9954020267993291,0.9954102902453892,0.9884370215316169,0.914973420380544,0.5817631765808577,0.9149105893375222,0.9164984750646751,0.8524517802196873,0.8730900496018018,0.9176707887555554,0.8762891819964772,0.9026210365022401,0.8724070238749198,0.9545332251069683,0.9544821422653156,0.964256963396832,0.9833741716987667,0.9791129372433214,0.9821028855334203,0.9772145533470571,0.9770475793549623,0.9794148800881088,0.9793367853266353,0.9457336487670802,0.9549488978665273,0.9280099301904735,0.9279222068481695,0.8461609048438764,0.975175818515109,0.9770507484708212,0.9772606704401977,0.9767873315749682,0.9441582843137176,0.7165779278530927,0.6655365990263995,0.7948395001784505,0.8728298745512674,0.815332598443682,0.8449834337594967,0.843496073956428,0.6669189194384968,-0.25262915818519194,0.9649008411872965,0.9702239168540049,0.9646763998304346,0.9798263542655584,0.9625038899219188,0.9686282608307093,0.9678867617071965,0.9203637487674685,0.9709930551092245,0.9247042127687588,0.5620985256353859,0.8905581157744483,0.887824822468297,0.39469928129483917,0.7224854008563164,0.7969172282358175,0.6821151055715255,0.963064988127244,0.6874580059061884,-0.26899975621650946,0.1812737583029181,0.6580150531800484,0.6624891878290804,0.7078818511132141,0.9646248740611496,0.9645362666054962,-0.009546778135989207,0.23525187848458629,0.07244621619997317,0.03808441156768314,0.0666877483160719,0.08256222992892163,0.04975754907048083,0.0028953812986703673,0.4384279210409472,0.17047782806772943,0.11985045654982335,-0.4428373623479701,-0.4837104429700374,0.6575230812405014,0.7513886976468975,0.7757079768956534,0.833598699950643,0.8255703039701264,0.5577174030428645,0.7425475998826183,0.7703177310944627,0.7690635665765742,0.4202608216657712,0.18554894819492362],[0.9853636666273625,0.9862242223387786,1.0,0.9867629918510281,0.9932452372053898,0.9907692730197456,0.9905021298458148,0.9910495443829007,0.9900576469951663,0.9942256348716987,0.9585346958144398,0.9970739913774999,0.9909317979541791,0.9928524751299425,0.9911080331305535,0.990492572968856,0.9913006852951969,0.9905790062337311,0.9897299272160496,0.9897026378797238,0.992753647138047,0.9909827978509199,0.9943460691756929,0.9818271044831343,0.9912293064289491,0.9792340025035099,0.9917134442354301,0.9848938927260623,0.9844590919137984,0.9547130532736766,0.9712397117099332,0.9751915658743749,0.9780081037212843,0.9531606541798111,0.9878190265632362,0.9909506503932088,0.9892730234210079,0.9928454232967728,0.995144100969197,0.9920935777972881,0.9855699060303799,0.9882558501519961,0.9881230956982233,0.9875074533896036,0.9913279565500841,0.9136402813112143,0.6835871107353136,0.9349242363327892,0.9110564834133884,0.776321684176635,0.9239469649265113,0.9019769757142337,0.9263724527180415,0.9259302039542462,0.9132067276736039,0.9515254498794988,0.9595455200580276,0.9671962604076557,0.9794396540462601,0.9358946177725668,0.9577690518535185,0.9590879378274947,0.9656918696906798,0.9594650154997802,0.933777466593707,0.9113582720974932,0.9376389021991558,0.9300769635608963,0.9121539065494978,0.8795682871549494,0.9658370648011929,0.943901390507832,0.9594230328539471,0.9381707309963634,0.8020105923736031,0.8245584185233892,0.7486904545163843,0.8453893739175674,0.8808024145637497,0.8806483764308337,0.8494414384931238,0.863575237594827,0.3537152865769685,-0.561781369460528,0.9541717712825084,0.935616510357882,0.936743005093248,0.9361265245072724,0.9484665060304573,0.9577410649809439,0.9573129910334698,0.9243161398872688,0.9533634863324799,0.8600317881223262,0.6710497426909042,0.9449927627527767,0.9441456605262972,0.7481541090914904,0.9138883769124043,0.9333359557713884,0.8170867553088306,0.9798812437114149,0.7779276693763723,0.5267128951575819,0.6575750052097699,0.7874330380906939,0.7947400567211076,0.776280322966691,0.9829658928486663,0.9830239518469354,0.6672092365725949,0.6630539119598925,0.7123548132278534,0.3173781083352813,0.6964079335764098,0.7126519538568469,0.7220546043115094,0.7099470916825954,0.7250248411614532,0.6776389951097889,0.6576672527458085,-0.32590783714418864,-0.4640767269275662,0.6212406009680782,0.8580410710445769,0.8889124004909107,0.8923217904791403,0.8881251126318067,0.7595349699939477,0.8639837915421366,0.8777452188894374,0.8861258403693114,0.7379475549482573,-0.1092837310388137],[0.9999262796875776,0.9998107859639992,0.9867629918510281,1.0,0.9993028658967567,0.9875585984782271,0.9980482748042592,0.9962591780847038,0.9714256429065719,0.9966395290460562,0.9805276551593894,0.9945658791649414,0.9963694179459065,0.9958674246333182,0.9963068232176896,0.9977978221273025,0.9978533558903527,0.9985829527333502,0.996886967314877,0.9968951536611456,0.9969929102549191,0.9963262441949211,0.9876151526724222,0.9721830787759441,0.9901848204372729,0.9585902839254694,0.9892357924406647,0.9874800524349573,0.9683996910266413,0.9505065582196356,0.9926352068563852,0.9937800317082286,0.9922401119762788,0.9764605701347473,0.9977915393705723,0.9981716003342905,0.9976701831419952,0.9964863137489991,0.9962660708985279,0.9981123819824829,0.99865333043926,0.9988776407575333,0.9977359488287615,0.9977429423214446,0.9785557246582198,0.9110713515405432,0.7366959303148981,0.9159194169987064,0.9147704099644993,0.8432216553198517,0.961455065170805,0.9432762044969933,0.9629109902711532,0.9626826935499068,0.9534836035019778,0.9829943906782391,0.9804921125583598,0.9894830103693115,0.9944326552207754,0.9842357582848449,0.979347523303975,0.9860644777170251,0.9845882345468369,0.9865671470219721,0.9863502167726742,0.9533791389232037,0.9705834068579259,0.9724558102259733,0.9721169042497525,0.9443358250822265,0.9781847238584459,0.9731495248796523,0.9823548481009221,0.9815369866464603,0.9166115451872356,0.8741531206195307,0.8393866669605392,0.892181459609911,0.912138728039409,0.9110301136611163,0.9105286994860968,0.9091786637168645,0.5686322658608352,-0.5663298745016639,0.9784964374037907,0.9719044938333047,0.9681218073372971,0.985006526622595,0.9724501167779621,0.9826951905203437,0.9826475554311583,0.9478082328378229,0.9821448368365248,0.934529256778686,0.6989449336294079,0.8979293461968089,0.9271703449259704,0.7814520265058075,0.9312007311308157,0.9488125955634421,0.8309988198412377,0.9637043693113013,0.8900060988864525,0.6170955268634246,0.7142428530226207,0.8874567593098444,0.8646014655684552,0.8845765609396424,0.9730890883303962,0.9732892640348758,0.7432348162090575,0.7226478931216794,0.8169963873034111,0.3807899078876654,0.7929830669715363,0.8210333276875854,0.8081017574599985,0.8095486317234947,0.7694289555426038,0.7469211401443556,0.7285866079641533,-0.2536367308156421,-0.3959550148037077,0.6568083207676336,0.8948174788872604,0.9380228424762794,0.9438060255306043,0.9136010106108914,0.8251262207325931,0.9105914166910467,0.9309222729611717,0.9309312689255358,0.8602991858491561,-0.1802091971893286],[0.9990282169785641,0.9979913986497039,0.9932452372053898,0.9993028658967567,1.0,0.9904730263405602,0.9990774461034717,0.9984365814076315,0.9843086398712353,0.9984977902474154,0.9750694791912856,0.9979742348060099,0.9984727758365438,0.9983203720630316,0.9984697724359045,0.9990144467387531,0.9982990800445517,0.9992623106690472,0.9988219564892253,0.9988210854751866,0.9985389029990765,0.9984612948956834,0.9940373067405573,0.9798659303949683,0.9944727050208304,0.9767024262240785,0.9944277830487757,0.9905751595673606,0.9819269385382473,0.9541672673430307,0.9892695823335814,0.9919264144316906,0.9898385946012459,0.9682013738789208,0.9989454269918973,0.9989892165935045,0.9989976991186351,0.998561267334195,0.9986389489421021,0.9990993485897235,0.9989611922529168,0.9991731667008006,0.9989383814210993,0.9989376316461889,0.9886177463305783,0.9209206123803801,0.7129528783006974,0.9287884172014355,0.9190173633077102,0.8280991926003355,0.946336791002881,0.9345629990701252,0.9504684339246973,0.9549744999189586,0.9451540882862548,0.979587606743318,0.9795358172534673,0.9890548403282836,0.9943709554303659,0.980673468209182,0.9736934844376957,0.9814897539876177,0.9805921152850664,0.9818332114935031,0.9815749323175155,0.9547285859848238,0.9613830117841952,0.9561559532566457,0.955722008795651,0.9153944143575614,0.9753937221029643,0.9718563852595905,0.9781059234481158,0.9772191571160695,0.9368205121355329,0.8518975562891448,0.8110956189845117,0.8759470129237322,0.9159961082339099,0.8987734789794528,0.9066763892582287,0.905439257109701,0.7221678516823087,-0.5843795086915967,0.9719237917734964,0.9611695484785987,0.9583913786176815,0.9816807600717887,0.9624132545807005,0.9758065766875419,0.9753813067048411,0.9384867867669489,0.9775913795235179,0.9419023437632632,0.6863031718940023,0.9154581154195092,0.9479806454794856,0.7384952909491767,0.912221435501915,0.9350503598123918,0.8251831543049515,0.9691796675974205,0.8844918330018386,0.4601400619307614,0.6509530643512483,0.8729278414534006,0.8340721178312696,0.8757893122629118,0.9769179777292807,0.9770711891599649,0.6994026697864918,0.7046079162261857,0.7420553941268523,0.35714907917638744,0.6865289964302127,0.7474907487635726,0.7247213369458445,0.7044134865673601,0.7546578108606724,0.7305640040831473,0.7113130357716068,-0.4675465732983855,-0.5473194411397453,0.6486227926036495,0.888227227694759,0.9231184598713135,0.9365875482083128,0.9104639589140695,0.8037897505418509,0.8957057973314703,0.9164804950829846,0.9160077106917252,0.79576328083886,0.03025303419669632],[0.9865082440987006,0.9901672041830272,0.9907692730197456,0.9875585984782271,0.9904730263405602,1.0,0.986243789562982,0.9867713779411659,0.9914474652582665,0.9864809052996563,0.9616244689654608,0.9795087108028889,0.9866742278563634,0.9880766068825626,0.9868371972090364,0.9865647174746482,0.9899102019107322,0.9877993013136552,0.9875926999673945,0.9876081225546726,0.985632965280706,0.9867770537127102,0.9958877957354861,0.9925253822999712,0.9874222301873946,0.9848301273736105,0.9874891822189028,0.9743268517504077,0.9868079465885763,0.9711417517003028,0.9668023258604366,0.9718440756822049,0.9807065180228979,0.9686863566658946,0.9860659634421147,0.9863322786361068,0.9871702733429254,0.9875310445405631,0.9810736792270223,0.9872645615997018,0.9852735857292333,0.9867999116127334,0.9861998436210982,0.9862287393110548,0.9954508367414492,0.8703615123843268,0.7065066850667557,0.8941780348840268,0.9088772770515671,0.8392191673058669,0.9241666229825737,0.9099793375019747,0.926428774213751,0.9376319292480254,0.9220500533701739,0.9560230772602384,0.9609446050174489,0.9648972235549788,0.9753295505627813,0.9693389503858824,0.9838154050591474,0.9705968017418661,0.9826859985839111,0.9702621709169735,0.9697144597728831,0.9726815962974936,0.9646526399659672,0.9449929297722837,0.9444834504528301,0.9384961909944449,0.9807012242618645,0.9731398477432501,0.9706499888243878,0.9691926969231064,0.9572348155551943,0.8738808630895197,0.8268206820898891,0.8935483057680859,0.9073059641009981,0.9158982880664344,0.8976130374573835,0.8953956353104947,0.6925791677619754,-0.5228928897600609,0.9778709942600458,0.9772806911996023,0.9733104989853177,0.9703616342211945,0.9692584707404306,0.977188748649342,0.9768007724466847,0.9625557239887633,0.9665252086254815,0.9615660110432751,0.7044742860142381,0.8683440747218002,0.946557074101642,0.785212297742118,0.9227325862574601,0.9378161761259418,0.8239036086201057,0.9586688640088928,0.8415669469355929,0.5538303899116405,0.6841822733936689,0.8397465483794786,0.8215859166053218,0.8384155421373186,0.9600284741401754,0.9601513915214528,0.702386770699097,0.7003489478357865,0.7566051246719141,0.3820783169515716,0.7420346860715158,0.7622430692637076,0.7489593027692747,0.7513705247551344,0.7536637897707175,0.7128992985820324,0.6969386296749426,-0.28236628580801826,-0.4120522523552987,0.6738975263637136,0.8716356852100895,0.8890727204892203,0.8995634708262598,0.8849462609537778,0.7921643426307508,0.8597426007267085,0.8806646867219659,0.880798539140562,0.8239059326037598,-0.1498498438461917],[0.9977574075897067,0.9939923281708626,0.9905021298458148,0.9980482748042592,0.9990774461034717,0.986243789562982,1.0,0.9973482206112263,0.958153311914844,0.9995690730850163,0.9751016492813416,0.9995107132889401,0.998284772335267,0.9991177414545087,0.9991082470750093,0.9998797220654035,0.9953365289905044,0.9999013553053173,0.9993202478160279,0.9993251415687655,0.9996841949742906,0.9992912942124088,0.9905287433955547,0.9749869016715658,0.9850146524075374,0.9258183397293467,0.9930609223029799,0.9900209579451164,0.9730299802674094,0.9483455146717991,0.9917686398615565,0.9917217121468948,0.9934597879835252,0.9739047065532269,0.9989248111977107,0.9998369185681831,0.9996863197749906,0.9994406267404224,0.9997158725973392,0.9998659873346093,0.9983666115622052,0.9997078790683851,0.9993352148727517,0.9989737106922719,0.9818431676048526,0.92839187231513,0.7293514534644465,0.940258726926164,0.9286068698525071,0.8220075319705601,0.9573795869781844,0.9428134502869499,0.9595791501538347,0.9592826382977551,0.9510742434082685,0.9815972927826428,0.9804259966421168,0.9913294185381961,0.9964441944115211,0.9455710298446693,0.9609363628608479,0.9718898846784222,0.9723939332741044,0.9735536170533382,0.9455980350926165,0.900409340976947,0.9522093256955245,0.9590585596268613,0.9365490053275496,0.8889645404672454,0.9652829852518914,0.9368381070628494,0.9660912240918368,0.945932753917273,0.7644559978756214,0.8461129896194355,0.7704699430981153,0.8631764676652531,0.8847746476032999,0.8891819264675869,0.8678468730405574,0.8801034219056804,0.3062000053521538,-0.600225464293064,0.9628261085201785,0.9462239161907658,0.9450180287991946,0.9474338100206118,0.959054020226324,0.9697032708783458,0.9697432967369021,0.9284637398166214,0.9661392640553612,0.840534659173118,0.680366310499536,0.9159786989046376,0.9268983412756362,0.7701162626212337,0.9282822010909444,0.9471070275787598,0.825696904464604,0.9685246402080104,0.8318761950708616,0.6074337887321124,0.7054507684291191,0.8455368730985265,0.8441120127827214,0.8317058874169457,0.9770211904223414,0.977229763553619,0.7309039587166657,0.7016315032477001,0.7822611758708534,0.3519336687473119,0.7707016006014531,0.792764978757749,0.7812748576856765,0.7897782957312766,0.7510703769104993,0.7359150169880246,0.7158026933585968,-0.27026661984730393,-0.4198997011258009,0.6661161496371869,0.8910122923418616,0.9268505333877668,0.9427812740459025,0.9150001547948398,0.824472244012526,0.9111700675548122,0.9322332728593152,0.9316885365191953,0.7761034245384411,-0.1445324852121908],[0.9957834134921714,0.9905621566938793,0.9910495443829007,0.9962591780847038,0.9984365814076315,0.9867713779411659,0.9973482206112263,1.0,0.9692993078778308,0.9999853458560342,0.9698384368916506,0.9997052924476769,0.9999969866709034,0.999682818154467,0.999998051242735,0.999226885895767,0.9891288481495939,0.9993857471620848,0.9998989783588889,0.99989853058552,0.9999608387974438,0.9999949500360569,0.9909202925978073,0.9763015228901252,0.9923238774424499,0.9400263889187996,0.9935643670559332,0.987777043333015,0.9752477847154338,0.9474661642305768,0.9880411875637398,0.9939047415442751,0.9921400309265346,0.9707528413120612,0.9994482036907114,0.9995302388394758,0.9996444969968613,0.9997155907036943,0.998988987978934,0.9994689048558296,0.9980400996805584,0.998691558114943,0.9995180483325227,0.9993857435023665,0.9834144257670878,0.9283191880107519,0.7165720300383778,0.9450360446821914,0.9264943867033442,0.8033699367327397,0.9557035646637863,0.9380483845219083,0.9575126578751982,0.9531510332524692,0.9447426090436943,0.9795743335219669,0.9773129006183631,0.9902872466297461,0.9971122428928475,0.9402761928099116,0.9560876534710978,0.9648760999278949,0.9689443394148572,0.9669679581374067,0.9437546253417691,0.8914326704317337,0.946915696942891,0.9517654798832726,0.9308151717988707,0.8754320652014795,0.9622133982530952,0.930136612823443,0.9601756877105236,0.941006268159638,0.7501185741149741,0.8371915881840596,0.7657346560411178,0.8542782034557739,0.8768663753669285,0.8839804392178477,0.8630821366074345,0.8727116585703536,0.2871840912222621,-0.6052434719410181,0.9581213182403207,0.9384003506777091,0.9380646746540974,0.9453510544455036,0.9538009857707673,0.9650865077298465,0.9651169760714631,0.9226738253817964,0.9586639658097379,0.827777108909565,0.6763928347769729,0.9325801702766926,0.938458961728348,0.7656406549352375,0.9278396684041935,0.9468750104768763,0.8231731832983716,0.9728512007991861,0.8352100704907971,0.5930839740260376,0.69633528117966,0.8464905778044101,0.8410032302284495,0.8346976052205173,0.9797397185598503,0.9799533971229251,0.721159293470608,0.693307795532775,0.7838714241707452,0.338275674334119,0.7654874620023502,0.788282979643492,0.7822024556025352,0.7841726283572938,0.7442961552690373,0.7297960928105287,0.7090536701148578,-0.28665782379920157,-0.4352908332662577,0.6503027629589191,0.8829946407448431,0.9244492800402465,0.9351246881151045,0.9089380087089628,0.8133537906852041,0.90467090371199,0.9259248683381837,0.9256136901706594,0.7565437863584867,-0.12714360051909354],[0.9691608093279901,0.9827188800725096,0.9900576469951663,0.9714256429065719,0.9843086398712353,0.9914474652582665,0.958153311914844,0.9692993078778308,1.0,0.9847986274584829,0.9444530238670479,0.9899612210794703,0.9730204426551743,0.9831077107524667,0.9779470311862741,0.9756411141829758,0.9467895951922182,0.9803143756514245,0.9786404037972707,0.978625734802246,0.9827259293732007,0.9779732937025389,0.9946031894624655,0.9916282865908199,0.9819837003390338,0.9871422591506093,0.9849010744251286,0.9881086467052779,0.9896783380803437,0.9645369266790796,0.9300392832327093,0.9515583566708897,0.968269213495309,0.9503699027579535,0.9724801090078323,0.9806866163608652,0.9775598063915227,0.9799267537665718,0.9880808989728215,0.9824385479992142,0.9681128299903353,0.977358705429294,0.9733021163681606,0.9723074400747118,0.9988696900713874,0.8880067954200592,0.6618291826664541,0.9357890071089816,0.923434692424792,0.7848266512116152,0.8879952666901567,0.8800632272899871,0.8916084202269872,0.9097142742352986,0.8935104635575007,0.9312955073189205,0.9463036466786644,0.9507355847505317,0.9642812191818143,0.8931070515730423,0.9585276715734923,0.9366083273254068,0.9586631360411171,0.9368022729717213,0.8910201124247815,0.8968364526011463,0.9298402112503977,0.9036339603183793,0.8666214538929781,0.858124005667014,0.9598333749092177,0.9083786989266098,0.9357839757793531,0.8962633379347468,0.7846170640021858,0.8154080734440352,0.7008698299524039,0.8382327461074625,0.8592957953427549,0.8723682565668408,0.8214377335363394,0.83985885107877,0.326101816133878,-0.5500760823045454,0.9472963892072801,0.9377927954324167,0.935324910974439,0.8927787824792008,0.9364211344968214,0.9461700780989847,0.9455853006914329,0.9250497323240007,0.9301941027482991,0.8419338772084747,0.6826146591617536,0.9240816491949069,0.9540655074502811,0.7556836098717105,0.9098733484775047,0.926435100509499,0.806116612125936,0.967747885458309,0.745399019371583,0.49156830799251383,0.6393168995743226,0.7661245924368144,0.7727203573102508,0.7528639911913543,0.9673491757058706,0.967406347122256,0.6508014670034453,0.6521672205970968,0.678627727356905,0.32521249310949013,0.6793298847358961,0.692357506574342,0.6721431693937341,0.6895832118093903,0.7185365314718284,0.6738075157364514,0.655048156356216,-0.33381510766489464,-0.46854142459639775,0.668986868142232,0.8455493872764162,0.8433441600938579,0.8690098131750971,0.8697182357252085,0.7550960283553162,0.820628108119488,0.8493829922073239,0.844374880377473,0.711843671251301,-0.06825146174355289],[0.9960972497272985,0.9905868151539062,0.9942256348716987,0.9966395290460562,0.9984977902474154,0.9864809052996563,0.9995690730850163,0.9999853458560342,0.9847986274584829,1.0,0.9692050336060113,0.999704467902923,0.9999819924341117,0.9998508163255128,0.9999906287116619,0.9996602274553339,0.9975267464445966,0.9993792627063522,0.9998442529500544,0.9998433353575849,0.9999683984194585,0.9999832783896412,0.9938268976325225,0.977994811834013,0.9955989414006678,0.9746422438563868,0.9957212054884035,0.9877434254538626,0.9797902917271731,0.9489532033228162,0.988745357896582,0.9930577639925884,0.9893084280961199,0.9666399328834346,0.9993921583162358,0.9994711941980994,0.9994795653344607,0.9998548344493059,0.998997588646911,0.9994543976256987,0.9982223279312952,0.9987089246972118,0.999390179507594,0.9993847209633636,0.9880341597865535,0.9284476808065931,0.7171425504758265,0.9449442527826968,0.9263819334588076,0.8035711506032966,0.9437313549469534,0.9296287010229515,0.9473883331050554,0.9507636711455693,0.9421236198176548,0.977708335133383,0.977340697092859,0.99046020489115,0.9965808039734029,0.9704607459676062,0.9564445781825485,0.9712097577089595,0.9690591235642795,0.9716481322616122,0.971350387856714,0.9425055382494354,0.946310384994914,0.945751015760539,0.9453791338618478,0.903438152406753,0.962563793279781,0.9624892383907729,0.9683042897167954,0.9672291705668283,0.9239703845369605,0.8366293673001355,0.7899014238481266,0.8535079652322487,0.897768261361592,0.883036409162368,0.8898922468072948,0.888927542325349,0.6712962873850535,-0.618304168217183,0.9581228659779607,0.9384384549403657,0.9382380174436613,0.9716953113705992,0.9491438204170808,0.9647394293651361,0.9642889761824364,0.9237435606215928,0.9667755321632888,0.9274881920594068,0.6749678925980321,0.9322024685473941,0.9515383700813229,0.7445187093083513,0.9163197498063028,0.9387370141537571,0.8223567663039602,0.9717564068010389,0.8910192426374939,0.49291772833779957,0.6671816093931751,0.8800730011457629,0.8415769437672436,0.8833308803573788,0.9796761057626383,0.9799139472323413,0.7191353036984844,0.6903618903444404,0.7571954064802497,0.3362664134108682,0.7033005273881751,0.7624524723914837,0.7415715330073857,0.722218980137183,0.7418321033076134,0.7266518187559096,0.7058552584104412,-0.5156769125924388,-0.5962455269016319,0.6497331658713296,0.881813706855383,0.9234373029407721,0.9374395722424649,0.9079374117049295,0.8087911740362426,0.896093839318289,0.9167320524628153,0.9161850024071769,0.8057830526983786,0.10129622391302041],[0.9808948915485292,0.9730113192909347,0.9585346958144398,0.9805276551593894,0.9750694791912856,0.9616244689654608,0.9751016492813416,0.9698384368916506,0.9444530238670479,0.9692050336060113,1.0,0.959727673062957,0.9701955906741736,0.9692243303919165,0.9699452571499735,0.9733855123996592,0.9729009391846412,0.9768646056401651,0.9737336903205025,0.9737455308522626,0.9699949528297382,0.9700576441876082,0.9679808657440506,0.9555267780698742,0.9760083324839167,0.9557832907202622,0.9740827134978168,0.9215197300306062,0.9710357179770387,0.9560309601386722,0.978900729907729,0.9736948460721377,0.9737897028606499,0.9438239270682114,0.9772457358521078,0.9768587448171285,0.9772436838421211,0.9704597928216525,0.9661060587379049,0.9763084264738785,0.9808041668686588,0.9792795258412955,0.9773988666913667,0.9774137446781327,0.9572105772647533,0.8567085436340542,0.541284186230178,0.8379434217018795,0.9096359718391304,0.8842994719147367,0.908716477973006,0.8500422365010059,0.9128335892676932,0.9247160575517169,0.9102039889257519,0.940974880314586,0.9408554675521483,0.949222474504947,0.9726417938191096,0.9487738054803895,0.9421918791674033,0.9571444901302124,0.952168982746637,0.9558397316325686,0.9558578409471714,0.9141546677548832,0.9560674286344059,0.9440812235277504,0.9437767637057098,0.8746294550836274,0.9421823695306458,0.9489140634185199,0.9432757842227938,0.9422404640026285,0.8954525214595694,0.8450169996215245,0.807024788118803,0.8824558625463337,0.9261940315328234,0.9022569803936129,0.9143323256077956,0.9137729064487604,0.7538088910573817,-0.31608221645735657,0.9561161608728067,0.9589438224323098,0.9499394577182325,0.9503070441817364,0.9364188142213509,0.9572573519631541,0.957232606872323,0.9061887045554564,0.958984346435371,0.9101289533452311,0.7592069785139359,0.7599795117529257,0.8833990370227996,0.6790874099386903,0.8735425616895006,0.9047341487888172,0.8871013015832763,0.9562431510621907,0.9106353552064569,0.36694873701781816,0.6674793103388633,0.9033176730432833,0.8840512360244623,0.9104199420108677,0.9564550981661332,0.9567507352592838,0.563275813581491,0.7265745926607456,0.6370760709055105,0.5136386243740493,0.5989466995472237,0.6500795170477133,0.6126832522746704,0.5858962747017977,0.8245988541988812,0.703564482194511,0.6692133834801431,-0.300732185480058,-0.35564633946753327,0.7581556529163127,0.9178286712227609,0.9247926221102011,0.9168550205169099,0.941392555937623,0.6833661134387571,0.8538516859735072,0.9123112690429466,0.9115335447187086,0.6973246629528441,-0.1591622074351051],[0.9934288972958379,0.9926081213558868,0.9970739913774999,0.9945658791649414,0.9979742348060099,0.9795087108028889,0.9995107132889401,0.9997052924476769,0.9899612210794703,0.999704467902923,0.959727673062957,1.0,0.9997271534561886,0.9997094155895484,0.9997169876849517,0.9995989968005337,0.9976512075789319,0.9992619482101046,0.9999628732581985,0.9999624491424076,0.9997158318731393,0.9997229013878346,0.9915561462735137,0.9645905608397055,0.9926822008607326,0.9810432221879432,0.9936431626852668,0.9911540996015064,0.9752896465239616,0.9135440679948026,0.9896011995399637,0.9930460632744985,0.9765970829117919,0.9132440361461159,0.9992792539519736,0.999337556382497,0.9992863004330867,0.9995070690855377,0.9994960183849141,0.9993084265021007,0.9972155751472321,0.998176451953105,0.9992592633609463,0.9992555751016187,0.9899413924805991,0.9227912025323657,0.5545687450018367,0.9413291206079822,0.925670303484406,0.807046169288575,0.8631630762627361,0.9033920567397637,0.8678016525153337,0.8865565007102748,0.8607607348467894,0.9536099726844552,0.9535733683616843,0.9780828703451236,0.9939644904662709,0.9588096158281861,0.9604694709769706,0.9518414580956873,0.9537099257314507,0.9555082644801792,0.9553374441645062,0.9117970254819047,0.9236653278342458,0.8903927593789659,0.8902370529486769,0.7944705673108458,0.9558776843796395,0.9586910057634085,0.95882335851622,0.9582146667581859,0.9149069897370147,0.6682552088411986,0.6135942850496123,0.7477976093014187,0.8333147033235854,0.7731785544795461,0.8043992442835801,0.8033444012511772,0.6124188565176347,-0.37077229496446334,0.9340751673014825,0.942015719053212,0.9338244431335871,0.9599733513929175,0.9312431605302319,0.9389560131550647,0.9379519579720558,0.8801700691645692,0.9424559724303108,0.8859136557584817,0.5924039216649155,0.9293567497256424,0.9234189491920225,0.41725052369082244,0.7453043108720457,0.8140910831028225,0.6878276900910938,0.9752095912588736,0.6927018470694631,-0.2113775202285745,0.22431415294245344,0.6673887702956696,0.6704678925074858,0.7108039349752053,0.9764054014602974,0.9764688456740797,0.04229287457772366,0.2759570692261389,0.1252964527181818,0.09042935532906782,0.11768360819149137,0.1358841699008905,0.10241847946557633,0.05073094069284309,0.47555107893865545,0.20521054452613957,0.15221159416803037,-0.5100681112726364,-0.5501231854431589,0.6497523467914931,0.7484507255963787,0.772847209592133,0.833657145772758,0.8275297300480188,0.5431306416618671,0.7378345276710508,0.7676904974527227,0.7665157251566357,0.4169842274758464,0.23310610531630196],[0.995911646323129,0.9907483442458005,0.9909317979541791,0.9963694179459065,0.9984727758365438,0.9866742278563634,0.998284772335267,0.9999969866709034,0.9730204426551743,0.9999819924341117,0.9701955906741736,0.9997271534561886,1.0,0.999666148140151,0.9999976686230918,0.9992815734564168,0.9911807938097343,0.9994308380230714,0.9999089333171435,0.9999086891444577,0.9999682557922768,0.9999953200123867,0.9908162415119494,0.9761519718947329,0.9929842713229158,0.9449494107287059,0.9935219219301679,0.9879278930068662,0.975067092425215,0.9474492132987904,0.9889403370393771,0.9939743974386422,0.9922178022130278,0.9708947770445447,0.9994907349699079,0.9995721383372178,0.9996764591876746,0.9997165004446057,0.9990639257611232,0.999510875357241,0.9981317147397052,0.9987659451543603,0.9995613813611751,0.9994291841243728,0.983203425509043,0.9286193853982627,0.7172991613186411,0.944990652190392,0.9267149302693148,0.8043993542086336,0.9560504562336488,0.9384606198270751,0.9578658989829885,0.953522615168235,0.9451530445723952,0.9798244265237225,0.977505883435664,0.990428899185081,0.9971812378249971,0.9405853981789676,0.9562309524325575,0.9651584831289247,0.9690711732240391,0.9672461201863276,0.9440124210141994,0.8915722318227447,0.9471696962308646,0.9521744395887979,0.9312461970829317,0.8758235908160469,0.962288955935797,0.9303488106147882,0.9603938140655229,0.9412947335648262,0.7501895377224784,0.8376340497456778,0.766275490034771,0.8547044077934526,0.8771895698802924,0.8842177393075039,0.863481910471142,0.8731220993195272,0.28747089925974206,-0.6051877267087462,0.9583153878097896,0.9387202857873145,0.9383359708107364,0.9455946147603569,0.9540121943464085,0.9652915941853095,0.9653236599856557,0.9228337827212949,0.9589685412731506,0.8279707280232484,0.6765328266251958,0.9318307673616317,0.9379332810705404,0.7658224372457381,0.9278669280460502,0.9469070400122489,0.8234404179007614,0.9726896201709264,0.8356725343099838,0.594132472828381,0.6970141015029545,0.846969282787407,0.8415350264336589,0.8351396420008627,0.9796617553924711,0.9798752256836852,0.7218097364003706,0.6938911787913815,0.7844605844414001,0.33905701408985084,0.7661717007575543,0.7889680652253268,0.7827986480246706,0.7848827663352397,0.7446802957489301,0.7302536737768633,0.7095351880452884,-0.2856678078995339,-0.43440099770581697,0.6508320252287481,0.883512487933292,0.9248867109006451,0.935644228074222,0.9093997612994495,0.813915030307148,0.9052369753599716,0.9264796943456634,0.9261560132206428,0.7572189914835789,-0.12817969861035033],[0.9952067662788447,0.9906116095454846,0.9928524751299425,0.9958674246333182,0.9983203720630316,0.9880766068825626,0.9991177414545087,0.999682818154467,0.9831077107524667,0.9998508163255128,0.9692243303919165,0.9997094155895484,0.999666148140151,1.0,0.9997030610931713,0.9992337735369936,0.9971629311158521,0.9990203386742623,0.9995135759693942,0.9995066412303933,0.999686593188375,0.9996596802299387,0.9928310687089632,0.9779205221258631,0.9961866336251662,0.9711740471195827,0.9960742512566975,0.9878069533318693,0.977910228172523,0.9499927609100753,0.9880220382605466,0.9919343436482413,0.9912400415874074,0.9686160115235506,0.9988052633219681,0.9991241974859765,0.9992969830063865,0.999917518171901,0.9990190878083715,0.9991234679692029,0.9974458803392143,0.9981200473724292,0.998803081258347,0.9987331552858983,0.9873248160311869,0.9285592164877128,0.7128746649451498,0.9450627643730903,0.9266182062759711,0.8037800808020905,0.9515234920141522,0.9318937786633933,0.952741723483018,0.950063288795524,0.9410064626079498,0.976282262316338,0.9753674412687379,0.9879844243218084,0.9956439296010096,0.9627815543740931,0.9559766210021742,0.9655359667736871,0.9686145118730883,0.9671875156109733,0.9665000193155766,0.8957359108408225,0.9447272370805136,0.9508053701755387,0.9504947819639478,0.8747080237478273,0.9627092759483504,0.9414583956557924,0.9622632019888661,0.9610186564001464,0.755133418918461,0.8351664190813178,0.7959935169821739,0.8528522887770424,0.8787606589476615,0.8837243548594974,0.871937529595518,0.8724029061105855,0.2742692471706854,-0.5994779231278061,0.9577518866298663,0.9384743953406653,0.9374900156454086,0.965327297768136,0.9537216741973993,0.964391528871168,0.9643754691322752,0.9232049925615398,0.9594013853289484,0.83453807820435,0.6769131554667939,0.9322625189886778,0.9389247487978567,0.763905595578175,0.9263462936170944,0.9455960732391742,0.8243037068867664,0.9751303179980938,0.8307049378481584,0.5854597754393196,0.6924943139885861,0.8382376360496759,0.836231212164029,0.8274010294207228,0.9813661284217343,0.981543842144389,0.7129601380592514,0.688866726214592,0.7650240030539088,0.3387977267604522,0.7564232170283559,0.7778211114072878,0.7540653194145068,0.7740105120892813,0.7425803290152189,0.7205714279875453,0.7001189013752148,-0.29202922611371585,-0.43919329940468593,0.6504537733726026,0.8812461350254647,0.9259297065709589,0.9308838904636894,0.9084853167575614,0.8061581671234639,0.8991417316969551,0.9191728778859001,0.9195806595028423,0.7503614999308931,-0.1264762098995172],[0.9958321864613386,0.9906550184125745,0.9911080331305535,0.9963068232176896,0.9984697724359045,0.9868371972090364,0.9991082470750093,0.999998051242735,0.9779470311862741,0.9999906287116619,0.9699452571499735,0.9997169876849517,0.9999976686230918,0.9997030610931713,1.0,0.9993824059564054,0.9962218424617393,0.9994036687175414,0.9999022387268742,0.999901483945154,0.9999622825038657,0.9999930016543594,0.9909627752101761,0.9763611099407897,0.9947470873482869,0.9593216459920026,0.9945664941240401,0.9878682536460404,0.9752978631415825,0.9476424674275004,0.9913933905206564,0.9942579875143127,0.9920851414317068,0.9706573254136228,0.9994617977747046,0.9995330951051437,0.9996530415538379,0.9997325708075036,0.9990238096046248,0.9994776011141283,0.9980698106175763,0.9987105175667178,0.9995296636209019,0.9994001544147924,0.9834065167583443,0.9284123304323895,0.7166171527687997,0.9450462084265796,0.9266462521553236,0.803851096969815,0.9557958757525474,0.9382003129018014,0.9576389721977715,0.953105582101605,0.9446674146851761,0.979609941893106,0.9772646448641561,0.9902593960400154,0.9970780761222249,0.9405988208320831,0.9561881709351837,0.9650566827730238,0.9690198138200952,0.9671331780369236,0.9435262407286419,0.8916595259185277,0.9467980003639004,0.9518341009215986,0.931047618945083,0.875566378768358,0.9623681007468754,0.930514433148477,0.9603968323717669,0.9413449134863174,0.7504886873896724,0.8371604207425196,0.76601636219522,0.8542917288723435,0.8770458002302597,0.8839699206122545,0.8632449560688753,0.8728911527695273,0.28754695680187575,-0.6049457602715397,0.9581985964508695,0.9385728949349402,0.9382130322565325,0.9438064389127897,0.9539846509240807,0.9651650774935581,0.9651922488256963,0.9228599747687152,0.9588449770749825,0.8280594230699296,0.6764315155825795,0.9322222336056492,0.9383376715714519,0.7656089948541801,0.9277339418834982,0.9467916538554101,0.8231781649137834,0.9728705921430089,0.8352565036175009,0.5929317504009447,0.6962262877084419,0.846521888570011,0.8411463248255979,0.8347377901389581,0.9797871117655076,0.9799975150083116,0.7207230414914921,0.6929353856518979,0.7838633244282804,0.33856145116487935,0.7654730133909095,0.7882112993718547,0.7823786745875703,0.7840789814014062,0.7442066526309271,0.7290139769020523,0.7083064683818947,-0.2864583728516984,-0.4350874543400193,0.6505950520523984,0.8829129402741056,0.9245898503403499,0.9351834442045193,0.9089907990446606,0.8131583488160806,0.9048953902646844,0.9259789724804572,0.9257838431686343,0.7566573440216635,-0.127440836401709],[0.9974872837867618,0.993190036243422,0.990492572968856,0.9977978221273025,0.9990144467387531,0.9865647174746482,0.9998797220654035,0.999226885895767,0.9756411141829758,0.9996602274553339,0.9733855123996592,0.9995989968005337,0.9992815734564168,0.9992337735369936,0.9993824059564054,1.0,0.9978557525135713,0.9998266962773236,0.9994816102612677,0.9994869139429114,0.9997283209354008,0.999477869403631,0.9904930500598204,0.9752938565753826,0.9931998640650485,0.950765029419462,0.9928302607917378,0.9898803327381064,0.9731753708204008,0.9482116773332426,0.991901814329512,0.9925428878531912,0.9928066295524366,0.9727759288201523,0.9992204982790333,0.9997055988474571,0.9996754835940344,0.9995120968006123,0.999516676603898,0.999750281204953,0.9987639617873618,0.9995351362486843,0.9994680578083885,0.9992221553947578,0.9818137423544299,0.927296113968482,0.7272997163629301,0.940486195342527,0.9271649119944396,0.8166997669592346,0.9581448838868425,0.9433849745568628,0.960313140238372,0.957788780232648,0.9494362279279128,0.9818704808283599,0.9796495761937482,0.9913196770735464,0.996486815624785,0.9459506949348405,0.9601733936648338,0.9709522410641995,0.9718394168583547,0.9727210323489716,0.9469242807521517,0.8987575332538096,0.9503808110822897,0.9579412428916951,0.936787023398595,0.8857429684555966,0.9650821279598624,0.9364432269531971,0.965584319763055,0.946524313072175,0.7608760914012404,0.8434315040462205,0.7711903847178381,0.8602666661293971,0.8829953983148074,0.8871338880311793,0.8676122234635436,0.8790629315036127,0.30054729633333366,-0.6013143224030433,0.9618381943931373,0.9443825329556383,0.9436126897537198,0.9488256834544506,0.9586595036533605,0.9688539851311201,0.9689345764963969,0.9278677499087513,0.9650396380603006,0.8376602961855759,0.6782875897576605,0.9201276144539315,0.9290892509542853,0.7682597392314896,0.9277901753524006,0.946549452692947,0.8238493961841127,0.9688454824295695,0.834533649330142,0.6032304451630642,0.70166