var element=document.getElementById("correlationClose");if(element.style.display!='none'){var correlationClose={"data":[{"type":"heatmap","z":[[1.0,0.9999890583330858,0.6701745701524667,0.9997346450693324,0.9980496509339132,1.0,0.9925380929080768,0.9890592767332611,0.9890592767332611,0.9931444261960557,0.9771274700733122,0.9870226516125522,0.9925733089336897,0.9929691755111385,0.9926227318034417,0.7866285209333156,0.718147398361414,0.2926321619294138,0.9934209363574312,0.9934172714826749,0.9855907742457898,0.9925670062836575,0.4071634864003033,0.7442605653465243,0.9821865607287328,0.9821865607287328,0.9821674024051434,0.9752863965603614,0.32207058555378976,-0.12540971993648084,0.9896494813658173,0.9896113682085118,0.2732036473235259,-0.19931171120166247,0.994756086455144,0.9952897092382852,0.8500603604140449,-0.35830408549448195,0.9906251467465572,0.9952792470148414,0.771207549205909,0.2733352292913814,0.994890698908595,0.9948894182870737,0.994890698908595,0.8948764026095977,0.6536888416506876,0.9130832670367662,0.9182589672830317,0.8306460207374188,0.37737795289116577,-0.1749929960768265,0.21054917361085662,0.9485972641584399,0.38497098823294834,0.9751212568178123,0.9709880353137295,0.980595616598647,0.989719365727251,0.9319699483799099,0.939716887034352,0.9459867610155511,0.9316279187914676,0.9432573574488867,0.9439251882775938,0.9432573574488867,0.8862014021790353,0.9233826635537501,0.9243305449119398,0.9233826635537501,0.9244166359715873,0.7921136535225937,0.8974098970531167,0.8986641647369236,0.8974098970531167,0.7044240321292944,0.38617833761807546,0.690704322385694,-0.5475794037119435,0.5963898728631556,0.6171874980664329,0.6173946223405359,0.6171874980664329,-0.09453818192547798,0.9126722728926797,0.9437440652179395,0.9281830924515426,0.9333432440985436,0.2822496249986248,0.9077200050673654,0.9084652922602392,0.9077200050673654,0.9121232779243216,0.9121232779243216,-0.09703477054487553,0.5905202600545851,0.16094856072600996,-0.6775222181483423,-0.5874975901881724,-0.591177665483923,-0.12546552502650302,0.1230185354023044,0.20922734193003506,0.01631947185066998,-0.5442830111585752,-0.013481818319146468,-0.7966846117255014,-0.28167884695900214,0.1604559092370342,0.1619787196189716,-0.5697994114967979,-0.5787938955073327,-0.27235676125370173,-0.5122097188943736,-0.8163727431323499,-0.4017323873357138,-0.3940021448775636,-0.4017323873357138,-0.21807488099634306,-0.33439663816777243,-0.33439663816777243,-0.8043191246507453,-0.8043191246507453,0.3945564672456431,0.6295827393065203,0.8536283122793202,0.8397283034424767,0.7563659010079784,-0.326349486039003,0.7473859131369773,0.7795379333064433,0.7797295774141928,0.7795379333064433,-0.1935292759923306],[0.9999890583330858,1.0,0.9803586234023391,0.9994738863379556,0.9958333825584869,0.9999890583330857,0.9846710932056134,0.9789944105844758,0.9789944105844758,0.9845395439821254,0.9717848199119525,0.9858217561797973,0.9847058758166869,0.9846516644540065,0.9845521834992051,0.19539821564089274,0.10439031408746832,-0.42591002658924015,0.9882342018025344,0.9882257005250087,0.9847515974329415,0.9847508314819002,-0.14699351463427604,0.9794701071889409,0.9798076314907009,0.9798076314907009,0.9798430909145021,0.9755515969835581,0.10904046392428386,0.13144162189301986,0.9822898331578779,0.982332218567379,0.8249859108737101,0.11667016361834669,0.9907240544464152,0.9907602674691808,0.9913020600712305,0.9857879600607539,0.9897095177500091,0.9908044273751655,0.1485713637688228,-0.43080393578900666,0.9913606940828903,0.9913546371031244,0.9913606940828903,0.8945917332636613,0.5014588262489716,0.9130138314346532,0.9180434943302603,0.8301231565592239,-0.30125162581420895,-0.49198264609602027,0.8400136414673558,0.8821492528034405,-0.25044450824903147,0.9383296091610447,0.9384669100590173,0.9585899162732402,0.9777669885450063,0.9510859901147726,0.9572811911612353,0.9427588047882335,0.9430558275355801,0.9465448321878182,0.9469777199619386,0.9465448321878182,0.8572988641327994,0.8317133058559415,0.833410370585952,0.8317133058559415,0.9531261180628076,0.9562816032090445,0.9530738969591632,0.9538522065227061,0.9530738969591632,0.6249527802388933,0.5745986366458922,0.6650685485437308,0.7414956031471124,0.6517134020628564,0.6752969280155846,0.6759531406515719,0.6752969280155846,-0.15387530498770421,0.9166914327914636,0.9391091408212863,0.9313004137415404,0.9560533210153643,-0.28592634389760563,0.9130571701361277,0.9132667988543771,0.9130571701361277,0.9199422820027343,0.9199422820027343,-0.1837316837604188,0.5906254537225532,-0.3651893317811495,-0.7729459488858588,-0.4588743295933056,-0.46266305288032217,-0.37430992748236863,0.2673187735522113,-0.25876539814973765,-0.4861985059318811,-0.7235257637289539,-0.34908131420506705,-0.4772335903490346,-0.41026678588634324,0.13142505265414509,0.1285253475761959,-0.48696858753136757,-0.4519822181167115,-0.48068493500056336,-0.5119702642861317,-0.5041759683370114,-0.4830510207730405,-0.48629762115951136,-0.4830510207730405,-0.3613714739071445,-0.5305622584195145,-0.5305622584195145,-0.49982182933421726,-0.49982182933421726,0.3929033270088812,0.365739117722641,0.4932722635087634,0.5955373789270111,0.5232694813782737,-0.4372724644356743,0.36639537011391937,0.31293348184062025,0.3130770152648574,0.31293348184062025,0.16253615357636497],[0.6701745701524667,0.9803586234023391,1.0,0.6669910738391535,0.6001914119689413,0.6701745701524667,0.6513452524042743,0.6434103334372198,0.6434103334372198,0.5949644355399474,0.5579206420025757,0.9952618482024377,0.6513626695945273,0.6451531535168783,0.6515354716846326,0.42427682553714074,0.3994639638323843,-0.20205389266735282,0.6134020362751362,0.6127005087737142,0.5795736397421809,0.6504399274266551,0.18830376255879117,0.7898837621554544,0.630298608189989,0.630298608189989,0.6300668588753755,0.9881090829870763,0.3025742609287017,0.12491207191366134,0.6095434711124608,0.6091566740434903,0.6729262264248939,-0.019166024035612614,0.647259904298089,0.5890023044977596,0.6145927116000499,0.3017780157926392,0.993428201251833,0.5843858344963966,0.4115627181157823,-0.21103817243430378,0.6641805766716895,0.6452773794587214,0.6641805766716895,0.8917016922846722,0.40489607997798466,0.9297513657104247,0.9079704995488684,0.728837139761458,0.2190095686403083,-0.06498469793212838,0.05132412307038183,0.5334012808595637,-0.08523570551532283,0.5926163436749279,0.5598935089799031,0.5815476052076403,0.5456230129425768,0.0014388193750918556,0.7960069353262833,0.7296031325816696,0.64209103978289,0.7353621805812017,0.7615949114149452,0.7353621805812017,0.5309844928206382,0.6433042437266913,0.6985377828672963,0.6433042437266913,0.6985917182721986,0.6769379375358405,0.72735328391121,0.7722882247859286,0.72735328391121,0.41223706312939756,-0.0862466061648337,0.42907581206436995,0.0992443215152678,0.412631872059347,0.2639744275206774,0.49194992856836245,0.2639744275206774,-0.15074921254553766,0.6148921470990036,0.8821947235818606,0.6849691817351595,0.7733054524278317,-0.05938808429642418,0.6541689388538999,0.6536607273052932,0.6541689388538999,0.7189804248043822,0.7189804248043822,-0.20099650818003256,0.7033992700881215,-0.1852450094784428,-0.6919610447760216,-0.4367332288650724,-0.4404280359342615,-0.4231257808042761,0.09507255798768974,0.02013609834073859,-0.33243159842680964,-0.6719118024179268,-0.16976505354998464,-0.3162988550260916,-0.269674359643663,0.039937149870420366,0.03833395538967092,-0.4876791417517847,-0.06231202204821445,-0.25854368927821975,-0.509879860109722,-0.20172244320963761,-0.403790396725567,-0.28534294554310946,-0.403790396725567,-0.41798681938263926,-0.5389155386688127,-0.5389155386688127,-0.3038096669067127,-0.3038096669067127,0.3390964795895807,0.1920547132388107,0.28369096151351736,0.5189177017579774,0.28232369184679434,-0.3805849971759608,-0.0139106733894613,0.456429009419311,0.5580254243546133,0.456429009419311,-0.015285147634334396],[0.9997346450693324,0.9994738863379556,0.6669910738391535,1.0,0.9989333472169615,0.9997346450693322,0.9937677669450935,0.9907321464541543,0.9907321464541543,0.9945884485141132,0.9752842650264599,0.9902676226591424,0.9937929905244012,0.9944726789092623,0.9938193732093809,0.7858188877433542,0.7169484587837042,0.27802294494218116,0.9944691915296816,0.9944682769865734,0.9856865020573041,0.993779750930095,0.398642711573738,0.7485271226651136,0.9846731920072515,0.9846731920072515,0.9846534388469564,0.981333591693218,0.31792631390436815,-0.13147441686136144,0.9889751869219428,0.98894511787837,0.2654032811404903,-0.19954349864375323,0.9952702072549896,0.9960023956445748,0.81721555694849,-0.36267278852511664,0.9929555773868506,0.9962094883764284,0.7697039587322838,0.2584388544554232,0.9933133643645315,0.9953162795649522,0.9933133643645315,0.8925907034394458,0.6416357881387529,0.9168024188613286,0.9154522619705017,0.8139622417435888,0.3725296333794636,-0.17986075319617995,0.20527522976431467,0.9433127065375266,0.36936356744896076,0.9707323899346746,0.9681436179595003,0.9784764097775867,0.9896037026789624,0.9132389546561758,0.9342026839310436,0.9345945099505464,0.9283014335209717,0.9283428775981332,0.9292171966459661,0.9283428775981332,0.879294528455769,0.9126090890983545,0.9136288095409291,0.9126090890983545,0.921570231265966,0.7387674850313888,0.8629010971052793,0.8641493860470105,0.8629010971052793,0.6973769248349365,0.15182933577302857,0.6821325799337017,-0.5520963164301682,0.5922193157628197,0.3537217947480206,0.589153750323787,0.3537217947480206,-0.10053861259791765,0.9082761783692551,0.9376197385000192,0.9217353348322462,0.9127247259532336,0.26830744652051763,0.90400303562403,0.9048731628568868,0.90400303562403,0.8951320101305713,0.8951320101305713,-0.10149008270563815,0.609538676293818,0.1657395199803541,-0.6868461198635749,-0.5939423787282629,-0.5975401666398884,-0.1369853993829529,0.11874183975703168,0.20268753728116215,0.003676093903664903,-0.5556112031606025,-0.019384901555274177,-0.80194136302862,-0.2889875756164486,0.1510238027376782,0.15260164852808436,-0.5760046253669096,-0.5753261565377477,-0.2731178518581386,-0.5219137590155508,-0.8175720700608501,-0.4027118718851955,-0.3955387068626202,-0.4027118718851955,-0.22597049828765214,-0.3433196306152262,-0.3433196306152262,-0.8036429142532288,-0.8036429142532288,0.3855424909831948,0.6185310903059223,0.8457799362982577,0.8321180080453278,0.7492620852604385,-0.3385789840889192,0.7384660354282157,0.7707332427350194,0.770920623341907,0.7707332427350194,-0.1788173676986846],[0.9980496509339132,0.9958333825584869,0.6001914119689413,0.9989333472169615,1.0,0.9980496509339132,0.9972387852303205,0.9958110345666988,0.9958110345666988,0.997443676253276,0.9682080031421721,0.996438626793448,0.9972557133290649,0.9973331612712827,0.9972805247086183,0.697630069991421,0.6042668523413424,0.07209788878932356,0.9976916491890914,0.9976947150867921,0.9877699937668734,0.9972456400899206,0.04432488430867539,0.7309268742222561,0.992517864350239,0.992517864350239,0.992479041669356,0.990278377009047,0.09413688330539217,-0.11440162716777771,0.9874793361521546,0.9874107570808771,-0.027175494397278406,-0.10067751700434369,0.9977835469998265,0.9977113063769382,0.8093142015132999,-0.4822459091874693,0.9976295136331005,0.9980460120254938,0.6700637931052226,0.04791250572374275,0.9977278093548798,0.9977354445219035,0.9977278093548798,0.9062800702020783,0.6066895137714888,0.9288797289470949,0.9170042005894105,0.7907992173657032,-0.08023782211216982,-0.585760382918673,-0.1804847260102033,0.9330446762228324,0.22364858238932583,0.9670357049991918,0.9670584960682508,0.9811174166854234,0.990166592437238,0.9123245622465237,0.9172093402643621,0.9253214554531147,0.9165064830896306,0.923690586268016,0.9241325918592873,0.923690586268016,0.8563784067606904,0.8723678305673761,0.8735644293583494,0.8723678305673761,0.9111202985379998,0.8286070329288566,0.8925916919249117,0.8933677452182327,0.8925916919249117,0.6595474584818585,0.5489754920896285,0.6495175435941274,-0.5661357885732111,0.6424560847762066,0.6230014728974494,0.6220016611627581,0.6230014728974494,-0.11414291021661803,0.8919236000018727,0.9156732338331909,0.9010943493380367,0.9200535965013701,0.11420202796196231,0.8911525158081404,0.8921735108970348,0.8911525158081404,0.8968670960811819,0.8968670960811819,-0.13958850098992803,0.6558629913644936,0.020593186253357862,-0.7152832302360427,-0.6400446272285536,-0.6408300809759445,-0.16733384728937872,0.14202297851117282,-0.18539730254718914,-0.2415323599979867,-0.623715987371016,-0.3756863107885437,-0.8462693152209565,-0.5618246431923191,0.12151064061463318,0.12293589668117982,-0.6010353111233393,-0.5697205661583081,-0.5449020060455475,-0.5589391970223868,-0.7745559148905048,-0.5957393340429031,-0.5987388204119444,-0.5957393340429031,-0.2631049226614447,-0.3755468533539442,-0.3755468533539442,-0.7434279266159941,-0.7434279266159941,0.3741864432925389,0.6018893596797488,0.800952228276731,0.7904098333374587,0.740566073348246,-0.46328424508505245,0.6028555097518182,0.6639649730587815,0.6640986554785915,0.6639649730587815,0.04804607142309575],[1.0,0.9999890583330857,0.6701745701524667,0.9997346450693322,0.9980496509339132,1.0,0.9925380929080768,0.9890592767332611,0.9890592767332611,0.9931444261960557,0.9771274700733122,0.9870226516125522,0.9925733089336897,0.9929691755111385,0.9926227318034417,0.7866285209333156,0.718147398361414,0.2926321619294138,0.9934209363574312,0.9934172714826749,0.9855907742457898,0.9925670062836575,0.4071634864003033,0.7442605653465243,0.9821865607287328,0.9821865607287328,0.9821674024051434,0.9752863965603614,0.32207058555378976,-0.12540971993648084,0.9896494813658173,0.9896113682085118,0.2732036473235259,-0.19931171120166247,0.994756086455144,0.9952897092382852,0.8500603604140449,-0.35830408549448195,0.9906251467465572,0.9952792470148414,0.771207549205909,0.2733352292913814,0.994890698908595,0.9948894182870737,0.994890698908595,0.8948764026095977,0.6536888416506876,0.9130832670367662,0.9182589672830317,0.8306460207374188,0.37737795289116577,-0.1749929960768265,0.21054917361085662,0.9485972641584399,0.38497098823294834,0.9751212568178123,0.9709880353137295,0.980595616598647,0.989719365727251,0.9319699483799099,0.939716887034352,0.9459867610155511,0.9316279187914676,0.9432573574488867,0.9439251882775938,0.9432573574488867,0.8862014021790353,0.9233826635537501,0.9243305449119398,0.9233826635537501,0.9244166359715873,0.7921136535225937,0.8974098970531167,0.8986641647369236,0.8974098970531167,0.7044240321292944,0.38617833761807546,0.690704322385694,-0.5475794037119435,0.5963898728631556,0.6171874980664329,0.6173946223405359,0.6171874980664329,-0.09453818192547798,0.9126722728926797,0.9437440652179395,0.9281830924515426,0.9333432440985436,0.2822496249986248,0.9077200050673654,0.9084652922602392,0.9077200050673654,0.9121232779243216,0.9121232779243216,-0.09703477054487553,0.5905202600545851,0.16094856072600996,-0.6775222181483423,-0.5874975901881724,-0.591177665483923,-0.12546552502650302,0.1230185354023044,0.20922734193003506,0.01631947185066998,-0.5442830111585752,-0.013481818319146468,-0.7966846117255014,-0.28167884695900214,0.1604559092370342,0.1619787196189716,-0.5697994114967979,-0.5787938955073327,-0.27235676125370173,-0.5122097188943736,-0.8163727431323499,-0.4017323873357138,-0.3940021448775636,-0.4017323873357138,-0.21807488099634306,-0.33439663816777243,-0.33439663816777243,-0.8043191246507453,-0.8043191246507453,0.3945564672456431,0.6295827393065203,0.8536283122793202,0.8397283034424767,0.7563659010079784,-0.326349486039003,0.7473859131369773,0.7795379333064433,0.7797295774141928,0.7795379333064433,-0.1935292759923306],[0.9925380929080768,0.9846710932056134,0.6513452524042743,0.9937677669450935,0.9972387852303205,0.9925380929080768,1.0,0.9975808753585501,0.9975808753585501,0.9999718317570109,0.9624437625786008,0.9996918104969819,0.9999966942496308,0.9999873010554619,0.9999935782237046,0.8581184607439712,0.8455890488274249,0.24398058367090344,0.9998658046550303,0.9998661138101685,0.9901762579047535,0.9999968859375951,0.3178618526981417,0.7449754353599265,0.9861787178779086,0.9861787178779086,0.9872705874794684,0.9916648513761973,0.2494531820585367,-0.18346339129131456,0.9916857155607954,0.9916635380622424,0.1748482165820721,-0.24427154498741463,0.9993611087168671,0.9994765794113788,0.44650239494424143,-0.3051897220162735,0.9990863690639409,0.9994423835546791,0.8400826847036459,0.22308353699909111,0.9443592045460626,0.9991180161936586,0.9443592045460626,0.9153593491325183,0.614617146907782,0.940590720494357,0.9200391424665548,0.7571104434477615,0.4123574479405912,-0.11831729524477975,-0.19006562549019299,0.9316161035755439,0.33858462065220507,0.9684765020749652,0.9643012147888653,0.9794949061954944,0.9956339727457758,-0.02070681216139348,0.8793927430490844,0.8412164900713013,0.8846172134622857,0.836020565389696,0.8003426537711499,0.836020565389696,0.8207447490914613,0.8055689491308868,0.7946558819272779,0.8055689491308868,0.8780644425666901,0.4087739526558112,0.6082397119708175,0.6663187999320347,0.6082397119708175,0.6287077163596894,-0.33834519586395295,0.6026091350748537,-0.6171000682693385,0.5244829115657476,-0.08193822128178542,0.4581684663288784,-0.08193822128178542,-0.14141419934640848,0.8567879575984276,0.8788290303132217,0.8644393038533736,0.7759377211095304,0.2333194119956794,0.8558166887730456,0.8571146562134795,0.8558166887730456,0.7780039662728403,0.7780039662728403,-0.17521555794760066,0.697351892856473,0.2339837788633514,-0.6924897772957542,-0.6331607786988114,-0.636345835764545,-0.17798473609596147,0.07005177805338696,0.3210085646953468,-0.024618493921422225,-0.5673783586356973,0.044023659703999636,-0.8284132876530533,-0.18640063240200552,0.08759572022096213,0.08917793606424688,-0.6173261164619434,-0.5869092805676179,-0.10854554942249826,-0.5929118745443883,-0.8324688718177581,-0.39431795458765445,-0.22870920230746158,-0.39431795458765445,-0.29375440646976403,-0.3834089306397905,-0.3834089306397905,-0.8245020514378688,-0.8245020514378688,0.37478915529751283,0.5868147438536406,0.5088806743327563,0.8026530706030491,0.7369032011038673,-0.38663848364987546,0.06928002075526751,0.7465278065961124,0.7656105181601778,0.7465278065961124,-0.11407040003430012],[0.9890592767332611,0.9789944105844758,0.6434103334372198,0.9907321464541543,0.9958110345666988,0.9890592767332611,0.9975808753585501,1.0,1.0,0.9995803708861104,0.9560819458202032,0.9987957488442354,0.9983125555903545,0.9994275081703585,0.9991807788028587,0.855383543524926,0.834165176059882,0.22247536099076876,0.9992183799882437,0.9992204616377018,0.9876491385358731,0.9993115533572907,0.2928481297706243,0.746483160484031,0.9930120921361879,0.9930120921361879,0.9854745042351275,0.9891311227484657,0.23219554251981087,-0.19647268391341297,0.9880430634207585,0.9914714977290763,0.15652680046298642,-0.25004309543005127,0.9983611469430735,0.9983529350889885,0.42965063972193435,-0.31144407540492297,0.997306913147929,0.9983044752951211,0.837558219309466,0.2011989772571325,0.9373126314806652,0.9981908221796557,0.9373126314806652,0.9131055267821362,0.5999522796214161,0.940982906150632,0.9178294447909765,0.7371377077788871,0.39975912393534746,-0.13282643291952945,-0.2020941341863756,0.9235577317088461,0.3185565852307146,0.9639805721799969,0.9593769786762952,0.9746468684597485,0.9946349846374702,-0.029822087126272885,0.8699044689547245,0.8271179586836325,0.8775015031460018,0.8230002175267085,0.7891091441135853,0.8230002175267085,0.8100725917368168,0.7887978060034071,0.7822170068138595,0.7887978060034071,0.871166132254282,0.3911394409156307,0.5899397317833205,0.6513054932736693,0.5899397317833205,0.6176277772458892,-0.35214838747715677,0.5899399426474079,-0.6238288382480838,0.5179392575119887,-0.10274285862922343,0.4433741702130122,-0.10274285862922343,-0.1475936665218676,0.8485155403533923,0.8671093781997701,0.8540039340120371,0.7623804684915456,0.21583742482562296,0.8481152814821272,0.8495719428081742,0.8481152814821272,0.7626604436239609,0.7626604436239609,-0.18929970022194395,0.7192484915967784,0.24062608104285804,-0.7014706369521163,-0.6450771211029576,-0.6480854549869794,-0.1921426807977708,0.06295207974188301,0.31400035318386754,-0.04337403896605396,-0.5794202535702268,0.03480888950443667,-0.833761011738005,-0.1928524974974435,0.07307770783156926,0.07468619488871409,-0.6281935084615992,-0.5877406925473341,-0.11529903368895737,-0.6084359829854313,-0.8317237328038437,-0.40533550036166116,-0.23481431711426431,-0.40533550036166116,-0.31015039495089525,-0.39629908789930607,-0.39629908789930607,-0.8222336600265928,-0.8222336600265928,0.3568914516204457,0.5707183951052281,0.490857039028373,0.7853809081432233,0.7248149734478465,-0.4071887549644028,0.05581465105018023,0.7279145880789339,0.750197134192018,0.7279145880789339,-0.09725429345181465],[0.9890592767332611,0.9789944105844758,0.6434103334372198,0.9907321464541543,0.9958110345666988,0.9890592767332611,0.9975808753585501,1.0,1.0,0.9995803708861104,0.9560819458202032,0.9987957488442354,0.9983125555903545,0.9994275081703585,0.9991807788028587,0.855383543524926,0.834165176059882,0.22247536099076876,0.9992183799882437,0.9992204616377018,0.9876491385358731,0.9993115533572907,0.2928481297706243,0.746483160484031,0.9930120921361879,0.9930120921361879,0.9854745042351275,0.9891311227484657,0.23219554251981087,-0.19647268391341297,0.9880430634207585,0.9914714977290763,0.15652680046298642,-0.25004309543005127,0.9983611469430735,0.9983529350889885,0.42965063972193435,-0.31144407540492297,0.997306913147929,0.9983044752951211,0.837558219309466,0.2011989772571325,0.9373126314806652,0.9981908221796557,0.9373126314806652,0.9131055267821362,0.5999522796214161,0.940982906150632,0.9178294447909765,0.7371377077788871,0.39975912393534746,-0.13282643291952945,-0.2020941341863756,0.9235577317088461,0.3185565852307146,0.9639805721799969,0.9593769786762952,0.9746468684597485,0.9946349846374702,-0.029822087126272885,0.8699044689547245,0.8271179586836325,0.8775015031460018,0.8230002175267085,0.7891091441135853,0.8230002175267085,0.8100725917368168,0.7887978060034071,0.7822170068138595,0.7887978060034071,0.871166132254282,0.3911394409156307,0.5899397317833205,0.6513054932736693,0.5899397317833205,0.6176277772458892,-0.35214838747715677,0.5899399426474079,-0.6238288382480838,0.5179392575119887,-0.10274285862922343,0.4433741702130122,-0.10274285862922343,-0.1475936665218676,0.8485155403533923,0.8671093781997701,0.8540039340120371,0.7623804684915456,0.21583742482562296,0.8481152814821272,0.8495719428081742,0.8481152814821272,0.7626604436239609,0.7626604436239609,-0.18929970022194395,0.7192484915967784,0.24062608104285804,-0.7014706369521163,-0.6450771211029576,-0.6480854549869794,-0.1921426807977708,0.06295207974188301,0.31400035318386754,-0.04337403896605396,-0.5794202535702268,0.03480888950443667,-0.833761011738005,-0.1928524974974435,0.07307770783156926,0.07468619488871409,-0.6281935084615992,-0.5877406925473341,-0.11529903368895737,-0.6084359829854313,-0.8317237328038437,-0.40533550036166116,-0.23481431711426431,-0.40533550036166116,-0.31015039495089525,-0.39629908789930607,-0.39629908789930607,-0.8222336600265928,-0.8222336600265928,0.3568914516204457,0.5707183951052281,0.490857039028373,0.7853809081432233,0.7248149734478465,-0.4071887549644028,0.05581465105018023,0.7279145880789339,0.750197134192018,0.7279145880789339,-0.09725429345181465],[0.9931444261960557,0.9845395439821254,0.5949644355399474,0.9945884485141132,0.997443676253276,0.9931444261960557,0.9999718317570109,0.9995803708861104,0.9995803708861104,1.0,0.9614548491078421,0.9996588938985723,0.9999728982361359,0.9999720110447002,0.9999762894498985,0.7363444669541632,0.646556999909322,0.12603198943181876,0.9998231338923929,0.9998238895482211,0.9900759270228836,0.9999701570600809,0.09670937939582429,0.7217318292257602,0.9953747937964726,0.9953747937964726,0.995332510943768,0.9915506264999668,0.08006518137242744,-0.12451799072839344,0.9908755059229697,0.9908351558592036,-0.007969148522104964,-0.20409136638404496,0.9994118444932237,0.999370796287736,0.8141957935537755,-0.4800217179460696,0.9990253717630859,0.9994177774362172,0.7101236277823674,0.1021795217819848,0.9992791685235082,0.9992843866643341,0.9992791685235082,0.9150190017169094,0.6151119578468935,0.9403318249420655,0.9196075423548338,0.756603053075111,0.019504555922214836,-0.5391447455524793,-0.13720076281421056,0.9277746855886837,0.2842203491128761,0.9648235401834423,0.9643215555339236,0.981556187229399,0.9949053033720294,0.8876272961587687,0.8802944069511156,0.9017573602631562,0.8856812953628945,0.9001205463909956,0.9006962111023518,0.9001205463909956,0.8204000244913128,0.8543956653924404,0.8558073435227335,0.8543956653924404,0.8794908822387292,0.7933429677959646,0.8653212126579347,0.8664386554176925,0.8653212126579347,0.6284865465999089,0.4798681122151313,0.6018806226356206,-0.6218438333575569,0.5773323950459908,0.5460652779512967,0.5457649756778783,0.5460652779512967,-0.09728036504884072,0.857631608168623,0.8787905198837158,0.8648924297915681,0.8959949762906169,0.14902405747625655,0.8611457080637245,0.8629195659154406,0.8611457080637245,0.8670064307988358,0.8670064307988358,-0.17686542548933468,0.6977715321204377,0.04693081941460362,-0.7042561529517796,-0.6673389564647217,-0.6685998375418996,-0.18145974202794912,0.07335759719908264,-0.19028094304911963,-0.20814628573289085,-0.6067063099112572,-0.4028184818976905,-0.8652192273999414,-0.5962391799665792,0.08690500183611302,0.08863494967898834,-0.6188373725091167,-0.5830421445679338,-0.5551881676862725,-0.5945055705188804,-0.799658528807854,-0.6191103029101785,-0.6214031600621757,-0.6191103029101785,-0.2956996114934403,-0.386672505621073,-0.386672505621073,-0.7798519703207876,-0.7798519703207876,0.37387168998427167,0.5849538411827185,0.8117696912392164,0.8021614917496788,0.7348524330519028,-0.4136022131938964,0.6356330028069643,0.6891530791841978,0.6893254523149294,0.6891530791841978,0.12220550040152786],[0.9771274700733122,0.9717848199119525,0.5579206420025757,0.9752842650264599,0.9682080031421721,0.9771274700733122,0.9624437625786008,0.9560819458202032,0.9560819458202032,0.9614548491078421,1.0,0.9475753771935789,0.9624642114406705,0.9624883371040202,0.9621953801636606,0.5342157510894908,0.43388295426404094,-0.09864182190398181,0.9666573072732473,0.966637001823051,0.9625736673531604,0.9625658951520665,0.015056699827039515,0.7606734622115956,0.9639740582883752,0.9639740582883752,0.9641418231531056,0.8986004161272055,0.17819719395016592,-0.1099420544138933,0.9690884491660766,0.9691887696838262,0.1438469375121175,0.046898552496194734,0.9700987463163404,0.9703335479006585,0.8882917669313438,-0.3692563847076208,0.9555073394497652,0.969328391378708,0.5023774948448276,-0.11929126548232144,0.9711560722366364,0.9711256285688524,0.9711560722366364,0.8228060249905378,0.4166850973257154,0.8383986277016964,0.9032502318046185,0.8610044999944181,-0.5039634215472264,-0.6757288256946765,-0.22418303332403627,0.8938157948270198,-0.021003187848773135,0.9219273213827582,0.9219889392556664,0.9399878620924937,0.9674176291852922,0.8899824843561475,0.8913348689375346,0.9064564755867868,0.8928944611429684,0.8997978026386656,0.9003734762609201,0.8997978026386656,0.8492556017637987,0.8307809388863026,0.8323949922515832,0.8307809388863026,0.8878490945932676,0.9019045039416449,0.8859139837906889,0.8864611710129031,0.8859139837906889,0.7096742067808238,0.6433920001381939,0.7105967606966346,-0.29696799464384843,0.7268494293499838,0.7420601375458695,0.7442034771899395,0.7420601375458695,-0.255605964823262,0.8898285271493916,0.939922184315025,0.9036565355723755,0.9019608854271217,-0.004157577438818453,0.8838400195202646,0.8847613594501166,0.8838400195202646,0.8917065136400791,0.8917065136400791,0.04095152699613237,0.4072913894167382,-0.12320493058601319,-0.6415880885735912,-0.43315958711491176,-0.43556005559730904,-0.04681652779498806,0.4211324183869714,0.025995281065030216,-0.1691839846940608,-0.5270921054369708,-0.09075352004080782,-0.7944077893878938,-0.25422181311194747,0.2942199343554431,0.2941543399735438,-0.4044522440748351,-0.43218239281430787,-0.3685471405033205,-0.3789390860402383,-0.6619067222148449,-0.3882879447204974,-0.39057246550494623,-0.3882879447204974,-0.11630592792090273,-0.4271107240216229,-0.4271107240216229,-0.5396714391569319,-0.5396714391569319,0.5184461676206065,0.6467314004269602,0.7494138999570498,0.689199956074618,0.8113687212652249,-0.5023478566499214,0.39710871840025536,0.5331070021704446,0.5334171867057682,0.5331070021704446,-0.16086166996715046],[0.9870226516125522,0.9858217561797973,0.9952618482024377,0.9902676226591424,0.996438626793448,0.9870226516125522,0.9996918104969819,0.9987957488442354,0.9987957488442354,0.9996588938985723,0.9475753771935789,1.0,0.9996923019116614,0.9996885993943418,0.9996615008853552,0.29747598545647713,0.1975767477012695,-0.5064825259802707,0.9998057494389824,0.9998078250912249,0.9996968005743543,0.9996961106010015,-0.2462238489245739,0.9725486472402926,0.9947905881055115,0.9947905881055115,0.994771636755753,0.9935258916535069,0.09582045324299798,0.08515855716293337,0.9918316165388141,0.9918789192540055,0.8576669145956782,0.02131132940080093,0.9990675576027102,0.9990246959630523,0.998903077113922,0.9994020569647296,0.9994401579800567,0.9991050734944086,0.24434800336074647,-0.5146196224974813,0.9988528585692121,0.9988602579450778,0.9988528585692121,0.9094557608093761,0.45505473287452,0.9363545759085006,0.9165752214123928,0.7569979231454851,-0.4167871892302749,-0.6038109324978744,0.8188013946672751,0.847217421934906,-0.3404558932185187,0.9333198087624697,0.9335259820363103,0.9700568324396965,0.9936645577477755,0.900063979457771,0.906388261322927,0.8837381841581171,0.8863558264473342,0.8892289973079796,0.8898141269585815,0.8892289973079796,0.7752917665398653,0.7440382746765299,0.7460893884194061,0.7440382746765299,0.906849074466259,0.9127082151937647,0.9056835876168129,0.9066707788175659,0.9056835876168129,0.5197100009427662,0.45983060019986,0.5584598820489398,0.651268828574329,0.5525475515813317,0.5817876063706737,0.5836468674899326,0.5817876063706737,-0.3299285710382677,0.8484629849591112,0.8815611649140266,0.8690872161541748,0.9067437428487729,-0.31404751647937035,0.8438152211781546,0.8441086100558394,0.8438152211781546,0.8531355609192803,0.8531355609192803,-0.22899463763234948,0.6908684081287397,-0.38681081515054283,-0.7927397649798766,-0.5328524711804583,-0.5356765988569554,-0.41908388786042816,0.21845590792712308,-0.3000992847788483,-0.521150891281289,-0.7493890193866359,-0.3954508344810421,-0.5934297531054037,-0.4672299906735895,0.07897123110569432,0.07662536692446972,-0.5563403030379813,-0.5273959244500809,-0.5484906423119423,-0.5841494300386356,-0.5777463868518264,-0.551927178874593,-0.5549856601361031,-0.551927178874593,-0.43176257572983623,-0.622208449399839,-0.622208449399839,-0.6160512130924202,-0.6160512130924202,0.37022033404063487,0.33434167091066797,0.46837160876871875,0.5681441368712569,0.5220783303564033,-0.5724444604701585,0.3045795175868358,0.28299917446497797,0.28319594323133807,0.28299917446497797,0.24427857871399578],[0.9925733089336897,0.9847058758166869,0.6513626695945273,0.9937929905244012,0.9972557133290649,0.9925733089336897,0.9999966942496308,0.9983125555903545,0.9983125555903545,0.9999728982361359,0.9624642114406705,0.9996923019116614,1.0,0.9999907940788423,0.999995227446241,0.8581073562616867,0.8354487638520413,0.2440334129623525,0.9998671134647368,0.9998673873146223,0.9902094000303514,0.9999974550684868,0.3181599191586268,0.7450295370800843,0.9911910350288267,0.9911910350288267,0.9872619600690542,0.9916534013820504,0.24969969570375494,-0.18341322237624805,0.9917238265901981,0.9916729178745157,0.17506920162980383,-0.2442391201022792,0.9993628081087765,0.9994795660265647,0.4464782607018694,-0.30498820415740124,0.9990887124407041,0.9994497127702205,0.840061299834286,0.22314238751176674,0.9443454472267961,0.999120208378772,0.9443454472267961,0.9153762620382158,0.6147522216332685,0.9407258014947112,0.9201665904510631,0.7572058803580113,0.4127226386819709,-0.11789722966565386,-0.18971865205044045,0.9316799531564318,0.3386468063368716,0.9685592473728158,0.9643524375490972,0.9795746334260289,0.9956475214526604,-0.020526900279493956,0.879515232915197,0.8413010842564788,0.8847213686224203,0.8361034195327656,0.8002895363430529,0.8361034195327656,0.8208306806144475,0.805617865872982,0.7945978736590502,0.805617865872982,0.8781964565507664,0.4086589676975374,0.6082424269857113,0.6662381404837964,0.6082424269857113,0.6286668044968153,-0.33836464697831303,0.6025874411189853,-0.6170029694297211,0.5243959340274353,-0.08206101677625982,0.45819915724202875,-0.08206101677625982,-0.14155755317315522,0.8568576299802567,0.8789336549518194,0.8645202984912137,0.7759312469539327,0.23337402619237516,0.8558917634292474,0.8571842219502134,0.8558917634292474,0.7780644537154053,0.7780644537154053,-0.17516149161915137,0.6973916344253687,0.23409655062378895,-0.6925244854083333,-0.6330814174502152,-0.6362711601045662,-0.17806253445604514,0.06993646580107027,0.32116913837496824,-0.024607070077402888,-0.5674340929967265,0.04426856043755621,-0.828170813930063,-0.186127264790673,0.08766563589221103,0.08926154639007777,-0.6173113889465975,-0.5867180980110599,-0.1083151657198779,-0.5928810253706327,-0.8323695596137554,-0.39411005012496003,-0.22851900569207295,-0.39411005012496003,-0.2935971369469719,-0.383376291680144,-0.383376291680144,-0.8244524693454983,-0.8244524693454983,0.375228806910759,0.586928785850822,0.5091118147272925,0.8028903499518101,0.7369573182612691,-0.3864445293075586,0.06954684474151547,0.7467635504946695,0.7657186717771787,0.7467635504946695,-0.11410017578501624],[0.9929691755111385,0.9846516644540065,0.6451531535168783,0.9944726789092623,0.9973331612712827,0.9929691755111385,0.9999873010554619,0.9994275081703585,0.9994275081703585,0.9999720110447002,0.9624883371040202,0.9996885993943418,0.9999907940788423,1.0,0.9999882224641105,0.7932444239318733,0.7194861353969498,0.24585600698018745,0.9998897176302494,0.9998903449014176,0.9901999589178235,0.9999882084437444,0.3193826028466995,0.7413082200118419,0.9941197177996492,0.9941197177996492,0.9940853697651819,0.9915977379221244,0.2442786829841845,-0.1837504103196544,0.9920634166161059,0.9920684463229175,0.1980081539236463,-0.24365164123807392,0.9995345865029323,0.9994793409181132,0.8511392141456967,-0.39470252525228844,0.9990848962558275,0.9994537965033518,0.7736254550526183,0.22499751918615257,0.9994297321782566,0.9994343049378727,0.9994297321782566,0.9152104966420305,0.6148631430651268,0.9405467249977011,0.9199561426578716,0.7568247726505797,0.29331518946106405,-0.2875724864932353,0.11000086546525525,0.9315585937245229,0.3392007712502861,0.9656634975543574,0.9643721566533494,0.9781582708677966,0.9958739170082704,0.8945625107326879,0.8788814093996116,0.9067237703630588,0.884743160377783,0.9056575206095929,0.9064583762308928,0.9056575206095929,0.820121977797227,0.8739962378047328,0.8753785510604299,0.8739962378047328,0.8780934806208174,0.7766255370202539,0.8703892598607518,0.8718931246646751,0.8703892598607518,0.6282214804042573,0.47992044495027225,0.6012436900287368,-0.6193597903133327,0.5229515421024414,0.5264223271406849,0.5272864444945202,0.5264223271406849,-0.14371657211087013,0.8568107015891565,0.8785970442440193,0.8640485660385743,0.9011996176780476,0.23539709547132662,0.8559125793564665,0.857363860390173,0.8559125793564665,0.86554049776871,0.86554049776871,-0.1755124468764837,0.6963007911550695,0.14617216663354168,-0.6914956224210906,-0.6327251941204787,-0.6358129622646349,-0.1780427985671157,0.06900963167202948,0.0957874787873274,-0.023171093209699886,-0.566048255135991,-0.14349764452873834,-0.8391041154849108,-0.4049572442524942,0.08724923523843436,0.08901737334846967,-0.6173551683385811,-0.586013391279725,-0.3992254905869225,-0.5926478644850356,-0.8255001715839926,-0.5118696952272309,-0.5076818170647972,-0.5118696952272309,-0.29307567429662057,-0.38357919535809165,-0.38357919535809165,-0.8162042883409178,-0.8162042883409178,0.3732436040724286,0.5867384486916082,0.8201893431115944,0.8064180437249809,0.7371466486566707,-0.38602657473053176,0.7000705449929072,0.7349317016439911,0.7350215282505135,0.7349317016439911,-0.08164050343646423],[0.9926227318034417,0.9845521834992051,0.6515354716846326,0.9938193732093809,0.9972805247086183,0.9926227318034417,0.9999935782237046,0.9991807788028587,0.9991807788028587,0.9999762894498985,0.9621953801636606,0.9996615008853552,0.999995227446241,0.9999882224641105,1.0,0.849565818589866,0.7927387763914788,0.24416663392774934,0.9998698562737321,0.9998700101225617,0.9903398664660278,0.9999951708921287,0.31881750310448526,0.7448751451208285,0.9943251528483719,0.9943251528483719,0.9942348108973703,0.9915834796883898,0.24997437753704013,-0.1834401999557245,0.9925935780366084,0.9926355217302054,0.17579928419639637,-0.2440741559493256,0.9994079364402202,0.9994788499624235,0.4455279575113328,-0.30424841750054493,0.9990470702755606,0.9994521121927963,0.8378884520702967,0.22329726089318583,0.9439114633299049,0.9991704768856609,0.9439114633299049,0.9156204088699824,0.615398221197176,0.9408849377929109,0.9203095305043983,0.7569537046644108,0.41403529403217537,-0.11642308561777766,-0.18993773823720783,0.9320089613904041,0.33891189287134066,0.9689375904975382,0.9646465278152722,0.9798282784065783,0.9956875361685047,-0.02150731306988925,0.8797607336396274,0.8412123830514078,0.8849300636161477,0.8360466128022692,0.799868983198139,0.8360466128022692,0.8210135641795604,0.8055545510139978,0.794944626310958,0.8055545510139978,0.8784814547131621,0.4080097754248363,0.6077692336759682,0.6662349648554382,0.6077692336759682,0.6285365843926984,-0.33947918435323376,0.6025372052322573,-0.6171893229233302,0.5240609272259394,-0.08301217241949455,0.45786754271508173,-0.08301217241949455,-0.1415161158291065,0.856977400650269,0.878696296260144,0.8646455046617664,0.7684590455007357,0.2337447966342071,0.8559762997902194,0.857259612059598,0.8559762997902194,0.7778786524523177,0.7778786524523177,-0.1764861090209365,0.6981697354747851,0.23457676626752116,-0.6924983766396577,-0.6334288281148701,-0.6366229651244607,-0.17910616976426263,0.06881106585416452,0.3214895431971716,-0.02498767233259978,-0.5676201879081357,0.0443688319195566,-0.8274210710630227,-0.1859575748175781,0.08675337971211869,0.08834814013089638,-0.6178768211471707,-0.5869247461019566,-0.10775809824893946,-0.593980816654699,-0.8323918797972772,-0.39404752009975047,-0.22798570500109117,-0.39404752009975047,-0.29445372924883223,-0.38379876439842175,-0.38379876439842175,-0.8247946123709948,-0.8247946123709948,0.3754310117687209,0.5866027312291742,0.5086403336445748,0.8033166973944397,0.7364240677659524,-0.3860226888569602,0.06892266185217812,0.7471721687151455,0.7663252784875617,0.7471721687151455,-0.11382465502098073],[0.7866285209333156,0.19539821564089274,0.42427682553714074,0.7858188877433542,0.697630069991421,0.7866285209333156,0.8581184607439712,0.855383543524926,0.855383543524926,0.7363444669541632,0.5342157510894908,0.29747598545647713,0.8581073562616867,0.7932444239318733,0.849565818589866,1.0,0.9934810199847411,0.4171603844881623,0.8314521524634324,0.8314268219542524,0.766450164823542,0.8485145589215995,0.3311388760758368,0.4294630502034267,0.8414203408577962,0.8414203408577962,0.8278352848203231,-0.10340111928350985,0.1934753662182752,-0.17410837545371322,0.877707630829034,0.8752549099939005,0.15529119339496725,-0.23744951316929222,0.8544744154097395,0.7581491557993644,0.27794787082906514,-0.31848445245400214,0.3129819316567269,0.7292309311265498,0.9983856762320611,0.3995695868864891,0.7807731046874986,0.854204745763438,0.7807731046874986,0.2732200587296463,0.5520046837248686,-0.14384343786111262,-0.16331263379187652,0.14252065939294775,0.40138890679619815,-0.06027335808180873,-0.21038090721904587,0.7426140826015434,0.40232575494034156,0.8512986677982447,0.747238080416721,0.8237250999613841,0.840199163670556,-0.10061905890418024,0.2240325585496084,0.6161612933380093,0.50247