var element=document.getElementById("correlationAdjClose");if(element.style.display!='none'){var correlationAdjClose={"data":[{"type":"heatmap","z":[[1.0,0.9999923501462659,0.9852100143227849,0.9999256522577743,0.9989993941105523,0.9869700364787585,0.9977086178012132,0.9956796227455866,0.9691220919955632,0.9959852918555158,0.980562953544061,0.9931788763968189,0.9958114554536924,0.9950788198055764,0.9957294770234439,0.9974268269312915,0.9974146430271276,0.9982379398992325,0.9963833709759328,0.996394451238278,0.9964489575168818,0.9957628551579589,0.9862160376357023,0.970617098500004,0.9888927587067277,0.9558121972648173,0.9878142301424627,0.9846820279147606,0.9658998295124209,0.9482902311504725,0.9934460096097172,0.9943017758139692,0.9920958702295263,0.9763558397514357,0.9976195050411015,0.9978839557039042,0.9973385755528456,0.9958711856340092,0.9955359703659925,0.9977732702478632,0.9987130559742998,0.9987416413673301,0.9975680324137683,0.9975782543745942,0.9767287537338819,0.916329160753565,0.7444089109326736,0.91312880375483,0.914844978249804,0.8482709332630975,0.9649168200929106,0.9462650860186161,0.9664220796979606,0.9650925657699989,0.9567806560538568,0.9853328441246992,0.9821877763750457,0.990283670226018,0.9945668575112516,0.9854510943763064,0.979958461629597,0.9871529281840432,0.9848694247770209,0.9877230267834209,0.9875067737765193,0.9649292903842076,0.9710173657173464,0.9734661900342254,0.9731289224745087,0.9490934736797789,0.9780159090736238,0.9757367451721861,0.983531213011726,0.9827331541510277,0.9393045583088409,0.8721682621383211,0.8397763638090145,0.8907178783951877,0.9131006328456241,0.9092302021559245,0.9110229828161351,0.9096026981376584,0.65749640690981,-0.5686027721088267,0.9789614858214146,0.9724721993598974,0.9688334051532673,0.9862395900064769,0.9727743865071519,0.9832083120477386,0.9831644801710685,0.9480900413894431,0.9833405274938481,0.9517002671105531,0.6815013242836344,0.8858995185240572,0.9210382683651591,0.7730321547000619,0.9276087757071931,0.9459822819644653,0.8267593091359746,0.9613044467788909,0.8959947712811569,0.6259401580502562,0.7136534043441053,0.8921205748131273,0.8671391845271559,0.8893912337501169,0.9713521649624488,0.9715459573032758,0.7420944112311215,0.71749615789265,0.8248002104972442,0.367392499695812,0.7972418190765529,0.8291407845374316,0.8159732976629938,0.8144349185886944,0.7623562041358684,0.7452382343965663,0.7263757382226793,-0.2539741219496066,-0.3918529975278886,0.6517960715843419,0.8974989605967195,0.9410846192657013,0.9464181572556503,0.9158837935057178,0.8280187394797915,0.9133497224557328,0.9343912003940648,0.9342585537029402,0.8688967628732643,-0.18921562805933784],[0.9999923501462659,1.0,0.9855073102633772,0.9998024359526915,0.9979048529533041,0.9902640710807273,0.9937955285868392,0.9901844316539907,0.981960241074224,0.9901819789446394,0.9718089248440899,0.9923120499037783,0.9903830474671125,0.990209446447458,0.990281568733898,0.9929188693918256,0.9960329803842405,0.9956147586744263,0.9931690526206249,0.9931695656924624,0.9902766329280147,0.9903301881628165,0.9897996471490929,0.9677161134048958,0.986299592111409,0.9789778445282606,0.9861061606192355,0.9845541537293281,0.9766431625751353,0.9218007103601187,0.9878868417615186,0.9848652974262484,0.9778223469148359,0.9224357775892419,0.9951706431506773,0.9950280694213529,0.9952926285548689,0.9910917662212637,0.9948161633292181,0.9952847812526122,0.9967969648823256,0.996877039910701,0.9952715778711047,0.9952799701952029,0.9879736118661008,0.9161138058889219,0.587022532167638,0.9128379825799222,0.914868113826688,0.8484027916056447,0.8725808249534361,0.916521069069051,0.8759484954907235,0.9003186892328083,0.8718183606013843,0.9548388605571653,0.9547686777278839,0.9629968326785794,0.9830141176331731,0.9780336753665856,0.9812251709980359,0.9761221169768522,0.9758607931421321,0.978354036913057,0.9782717152080154,0.9436000755539456,0.952637859229471,0.9242002884563599,0.9241061079792684,0.8375199990065093,0.9738788976824655,0.9757551074069652,0.9760737880195076,0.975570843979979,0.941370573617238,0.7004980626835521,0.6471290689541299,0.7832449526516145,0.8657206410257953,0.8047931076712934,0.8362758177581022,0.8346909999922661,0.6475817784112952,-0.2625556057988235,0.9632064509471473,0.9689007727617633,0.9629657609421417,0.9787871435384007,0.960619154995498,0.9671315503642054,0.9663470113855535,0.9168683775042193,0.9696465909126295,0.9215719072590061,0.5398101004050447,0.8851250920067342,0.8821911875656593,0.36300695573854974,0.7068555239268073,0.7854794402092113,0.670524970518454,0.9616414653630041,0.6782239520455142,-0.2634985096648363,0.16915582614052974,0.6469285515521893,0.6529426014103635,0.698056482043562,0.9632206036773739,0.9631156467323897,-0.030825456464792077,0.21293704125356513,0.05085401226014522,0.01695520166719478,0.0453612022233009,0.061573170138773725,0.028609848968334187,-0.017290410625462507,0.41837632649418594,0.15058852081256394,0.10002125439071304,-0.44507887001158675,-0.48441203709018416,0.6519619032000988,0.7502819443291926,0.7745220801595434,0.8322211485798257,0.8256428830278358,0.5526616413910952,0.7394502109174608,0.7694539565086523,0.7681661137334399,0.4183982026346219,0.1862231921984972],[0.9852100143227849,0.9855073102633772,1.0,0.9866132632189384,0.9931812046488561,0.9906199221104033,0.9905720694881236,0.9910939838082544,0.9899632501996453,0.994295230445734,0.9576673634429989,0.9970919179170493,0.9909798740429819,0.9929080674175573,0.9911526418000474,0.9905282786729808,0.9912606800434794,0.9905750743900795,0.9897516525932246,0.9897228315334496,0.9928186131510092,0.9910264679578926,0.9941654976176005,0.9813005708562443,0.9911244785033654,0.9789768239264862,0.9915945408349279,0.9838688250704858,0.983979356739939,0.9531719659036995,0.9716824328397972,0.9755585030328745,0.9780482927882195,0.9524271392649841,0.987882012731398,0.9910093786063318,0.9893293971624364,0.9929263003655263,0.9951000720043914,0.9921339713943168,0.9855973252482506,0.9882359761755264,0.988177668400162,0.9875586899580994,0.9911739393794199,0.9152876470235307,0.6851646232144429,0.9342545172729649,0.9093506808999025,0.7691824595666282,0.9247942246457174,0.9016083984050962,0.9271640967591285,0.925481533713102,0.9136913980728221,0.9520286560717167,0.9598722164372262,0.967279136889481,0.9797922529498393,0.9348327202830793,0.9557584693729576,0.9579851259614222,0.9644373019868586,0.9583272582601349,0.9326066579223985,0.9080908294519816,0.9352709605292281,0.9286469615703191,0.910972370874168,0.8756917905158198,0.9644875186026913,0.9424113013753852,0.9584476709088269,0.9371267493691845,0.7954243279205601,0.8184841345939631,0.7444654621356399,0.8396438458277627,0.8772407297628506,0.8765854993511351,0.8458954434350557,0.859949556660194,0.3404798788181405,-0.5651706442068224,0.9524277845642118,0.9321832900953216,0.9338974611611244,0.9351123649188137,0.9467292691981978,0.95629977950777,0.9558755064851737,0.9217439027988656,0.9520688041128861,0.8551177356633173,0.6572898220142884,0.9428212175300889,0.9423344727326998,0.7390570925160292,0.9112145462901515,0.9313723433704668,0.8128531228602677,0.9795345388699508,0.7780155598236145,0.5323094458141396,0.6546203060907417,0.7867991148480027,0.7934281113616907,0.7756348690690565,0.9827644939633187,0.9828128925775187,0.6640249791449075,0.6567026014387415,0.712512236956857,0.3040349850138137,0.6943087940207787,0.7120369138078534,0.72256978889741,0.7089537989530804,0.7194869973815818,0.6749084154949704,0.654379724613624,-0.3231714935108757,-0.4607522828789636,0.6135868728305466,0.8586087042605756,0.8904442889672827,0.8933816311715881,0.8892720726334234,0.7592834209759458,0.8651201919213919,0.8792181834204827,0.8877004094810065,0.7383790175804966,-0.11051183150727936],[0.9999256522577743,0.9998024359526915,0.9866132632189384,1.0,0.9992828230006651,0.9879864252442333,0.9980128614854786,0.9961690688235397,0.9713837637693842,0.9965486010506761,0.9802092945045712,0.9943884991726997,0.9962829512682295,0.9957554707889245,0.9962176352385521,0.9977481954879263,0.9978017255744949,0.9985533402057769,0.9968114206664043,0.9968201123445888,0.9969257584119178,0.9962384862521497,0.9874705409931754,0.9719641760074776,0.989938614405956,0.9584564211497673,0.9889694380980973,0.9866690500499044,0.967959565259174,0.9494888109103676,0.9928642549089827,0.9939084559580356,0.992158296385288,0.975994102833325,0.9977547313384753,0.9981494314737651,0.9976228019269509,0.99640273012392,0.9961934778891661,0.9980789917353455,0.9986402948515238,0.9988661732095672,0.997695787910136,0.9977031716781491,0.9785528447375064,0.912227981293424,0.7381263450220968,0.9139017772981423,0.9130140117142925,0.8388357234084384,0.9619940593019559,0.9428819644639903,0.9633951645723224,0.962481585500343,0.9539326348893992,0.9832640390919528,0.9806779016622521,0.9894634585472517,0.9944886750019963,0.9838346910801439,0.9785294984570237,0.9857156827271167,0.9841273585178262,0.9862024278531096,0.9859798482619838,0.9528288207067113,0.9695438668180728,0.9718237162124472,0.971485171125373,0.9430039626362408,0.9774401704340132,0.9724487064994551,0.981905858422677,0.9810681879844453,0.9147505259248577,0.8702598558869022,0.8353104922032237,0.8885689192858078,0.9098261407695063,0.9084819532473893,0.9082218281647305,0.9068555415396361,0.5572643831697311,-0.5684798856462571,0.9779024423313011,0.9707097886004367,0.966970468195907,0.9846266263622407,0.9717798452526654,0.9822482234706071,0.9821997960168344,0.9472416133530096,0.9816964859098016,0.9334660861155505,0.686563579481609,0.8929710633227678,0.9253731019247028,0.7746126973049301,0.9292798926305564,0.9473994315132402,0.8270614800848805,0.9627171975785591,0.8898533653214619,0.6224983698248543,0.7118759044676171,0.887029649604062,0.8635459205216194,0.8839754647944746,0.9723569758382332,0.9725590212746744,0.7410877904286507,0.7177400839350914,0.8168705061729072,0.3693819066220894,0.7915548340410733,0.8209280110304449,0.8078265006973018,0.8091063796910568,0.765000915850727,0.7452284751845262,0.7264364692519693,-0.24934722671658566,-0.39110484603877527,0.6506680350875452,0.8956215835165741,0.9392655359553719,0.9446490726229367,0.9147431420059395,0.8252182853672526,0.9113579030474621,0.9321608647161472,0.9321836836205217,0.8613897674636825,-0.18199264230910583],[0.9989993941105523,0.9979048529533041,0.9931812046488561,0.9992828230006651,1.0,0.9909211867607044,0.9990682668917057,0.9984016027561833,0.9844248692109123,0.9984593251609555,0.9744983885159288,0.9978991740271606,0.9984400325408062,0.9982713816734557,0.9984350275832705,0.9989925865984364,0.9982533670226318,0.9992465378753244,0.9987954606531669,0.9987949497463835,0.9985080377082962,0.998427864760012,0.9939795589434641,0.9796586950080995,0.9943097127407966,0.9767762637268098,0.9942618315043361,0.9899186882589485,0.9816314808803686,0.9530619187971064,0.9894345829218228,0.9920534765071679,0.9897391113953088,0.9674945424972577,0.9989420482956297,0.9989833401749988,0.9989889826262582,0.9985321203047315,0.9986068865916183,0.9990905507460196,0.9989490769655651,0.9991619050665721,0.9989324083362058,0.9989321933215669,0.9887360125698164,0.9218552344810202,0.7140525715829349,0.927008274163001,0.9169552033025821,0.8229027563625031,0.9465195276287407,0.9333245086073678,0.9505938212661517,0.9544573993863114,0.9453275128878592,0.9797146321839632,0.9796536691558004,0.9889489157183572,0.9944747710050108,0.9801266932349505,0.9727648960249206,0.9810003664526962,0.9800197580679313,0.9812983764713302,0.9810302832831844,0.9543189668044227,0.960046972787692,0.9548481436914816,0.9544067759738827,0.9129099093006562,0.974586967452793,0.971025825401698,0.9774735456507314,0.9765641785480195,0.9355313811630585,0.8472427365150956,0.8051022372154596,0.8718351446443374,0.9133825968348325,0.8955959420369513,0.9037562608671467,0.9024852418264439,0.7124734061767168,-0.5881856776465101,0.9711355158327826,0.9596333893336221,0.956945440838517,0.9811655062338761,0.9614096231363337,0.9751425767785755,0.9747007961158743,0.9375607308282444,0.9769941273257055,0.9411790333817082,0.6737033128719282,0.9113343730924723,0.9464270766841144,0.7297070480399107,0.9095115548458366,0.9330669588295484,0.8210969089666383,0.9683272676206992,0.8830804941529501,0.46602278866103963,0.6470649917963521,0.8710408597296758,0.8310342313041071,0.8737158661435411,0.9762888919555639,0.976443674487142,0.6962905344727289,0.6992318382374046,0.7393791290437008,0.34527674863735575,0.6818531448167362,0.7449726425914477,0.7217558671758775,0.7013528638597465,0.7497825007715885,0.7284614888149654,0.7087401446592067,-0.4656374506571079,-0.5446878063533365,0.6416745379124714,0.8887239250100523,0.9240434288454943,0.9369674817540321,0.9113408861282243,0.8031438955137212,0.8956156165197603,0.9173318162449627,0.916889143108876,0.7962809849588297,0.029548301406660607],[0.9869700364787585,0.9902640710807273,0.9906199221104033,0.9879864252442333,0.9909211867607044,1.0,0.9868514960477589,0.9872744022846948,0.9911022092059916,0.9869871185912751,0.9621030251652608,0.9795651936049518,0.9871872669928224,0.9885733678491603,0.9873383979287447,0.9870837798905844,0.9903024297351974,0.9883362153524152,0.988103910319607,0.9881118852392085,0.9861353042465278,0.987277206364777,0.9959446562628929,0.9922417119052622,0.9876717365528889,0.9842418809917021,0.9876848050774786,0.9731069056108853,0.9863307839358856,0.9699573599565987,0.9682062328707893,0.9730516767637442,0.9816116986730535,0.9691639047100651,0.986705478458354,0.9869493109389506,0.9877801080927333,0.9880737019715025,0.9813281583172143,0.9879002356871439,0.9859006259582319,0.987397348323696,0.9868268705812947,0.9868479770997391,0.9952790879688557,0.8725850191525016,0.7101942867202845,0.8923563528616675,0.9085754914612699,0.8361117116169406,0.926327565598133,0.9106242314342451,0.9284931592454445,0.9385784424893637,0.9241236440556281,0.9576734917756662,0.9625240250356293,0.9657402603329295,0.9764546745753143,0.9690572237634134,0.9830631018343255,0.9702372846374662,0.9823424054135003,0.9699293232302171,0.9693739983075716,0.9714817838459915,0.9636372326819469,0.9444247607836143,0.9439304679489516,0.9363995639469881,0.980198308449257,0.9725599301042226,0.9703712314097928,0.9688672185949047,0.9554909621611826,0.8693033437593761,0.8219332564520818,0.8893814551358953,0.9046169016510387,0.9129153316211601,0.8948967230786079,0.8926686449884318,0.6812604462836775,-0.5269095236582051,0.9771254668273948,0.9758448677544703,0.9719564758440424,0.9701044330185237,0.9683330257222594,0.9766393716036421,0.9762522176273949,0.9609098523422992,0.9659913362134587,0.9599904380641556,0.6912292566896988,0.8622873825412051,0.9446198557380158,0.7766327516311275,0.9204718425719938,0.9362650446584792,0.8203444974421991,0.9582069337300366,0.8425715901426272,0.5617932014559252,0.6826703248829843,0.8403247212361763,0.8213551187374811,0.8387418089974547,0.959791649573636,0.9598918148284036,0.7008927727112847,0.6956827341098959,0.7574965125838237,0.37000032624394713,0.7411697076932793,0.763194080765289,0.7496364012468951,0.7518725106038829,0.7499113117712286,0.712290022436434,0.6957706301392709,-0.27854234323119054,-0.4078029994803853,0.6701927340943458,0.8747458879081484,0.8922958640874555,0.9023164948572456,0.8883328874097127,0.7940417857487382,0.8622272654721267,0.8838653171639996,0.8840110081421971,0.8272692385248643,-0.15218622352105188],[0.9977086178012132,0.9937955285868392,0.9905720694881236,0.9980128614854786,0.9990682668917057,0.9868514960477589,1.0,0.997305030550974,0.9584442915045722,0.9995594682178293,0.9744349917643077,0.999491466573346,0.9982517581836352,0.9991053713672272,0.9990893218713911,0.9998776475956792,0.9952444857110545,0.9999016353056116,0.9993061573358614,0.9993112104860326,0.9996767803937145,0.9992765280913161,0.9905981066765283,0.9750749550926241,0.9848267013787584,0.9258099095037966,0.9929496667473887,0.989384111370698,0.9729239589508616,0.9475593194123964,0.9918772399336376,0.9917458743339362,0.9933515615554738,0.9733259526660247,0.9989042582588783,0.9998329035672064,0.9996791576217712,0.9994300060812832,0.9997037483754165,0.9998621210349975,0.998336902399886,0.9997006095337561,0.99932203731649,0.9989537419102705,0.982184556040466,0.9290367207214848,0.7302637289927074,0.9386765976762579,0.9266282183741729,0.8164427234254515,0.9576687116452032,0.9423564347817117,0.9598325881550124,0.9588295708746051,0.9511937341579834,0.9817169494814406,0.9804106118067096,0.9912748152536888,0.9964741644324766,0.944456455994195,0.9597080960212714,0.9712399699471373,0.9716798623224532,0.9728906760139042,0.9444315131034414,0.8982083718159648,0.9506701088521488,0.9581442340660123,0.9354525750166477,0.8862854002465901,0.9642502642542722,0.9352662236586411,0.9652939106564593,0.9448143136804362,0.7582129526535102,0.8416186517202128,0.7666267518696439,0.8589002305590707,0.8818920028959418,0.8862196669030105,0.8648980255180547,0.8772358840953686,0.2937414297119144,-0.6025095956123975,0.9619093664135752,0.9442651303398557,0.9432811948771211,0.9464257052872546,0.9581544389246935,0.9690016207034732,0.9690453878634002,0.9276078113963356,0.9653498424079695,0.8365324064583514,0.6679904874492915,0.9118124091832173,0.925195096143214,0.7633598689975752,0.9264222088649126,0.9457467673294948,0.8216532294673338,0.967695456411348,0.8316137190495589,0.6121759701333135,0.7027675383975923,0.8448229634176101,0.8428100044211193,0.8309278330756781,0.9763796399542533,0.9765921449188926,0.7283521692642277,0.6961617544783057,0.7822430877623314,0.34021511751245287,0.769081912677454,0.7923193274489256,0.7814148029770657,0.7890521180437071,0.7460474184275475,0.7337066165485197,0.7131338229702431,-0.2665125360355414,-0.4155486452555642,0.659579683181977,0.8912331091021573,0.9275918862245605,0.9433179318956456,0.9156220917335784,0.8242280450946727,0.9117034461477951,0.9330875482096738,0.9325396272277295,0.775838314302417,-0.14575216734637372],[0.9956796227455866,0.9901844316539907,0.9910939838082544,0.9961690688235397,0.9984016027561833,0.9872744022846948,0.997305030550974,1.0,0.9696685156288335,0.9999851154816106,0.9690121194753448,0.9996929622409488,0.9999969644598559,0.9996779692371511,0.9999980096066553,0.9992097193882931,0.9889150247021297,0.9993699434273368,0.999896624216705,0.9998961684942294,0.999959951314714,0.999994840357034,0.9909486116866164,0.9763153007736731,0.9922121547917525,0.9400341614867994,0.9934530106975235,0.9869976443480593,0.9751283770324549,0.9465491445708458,0.9881502385823762,0.9939902187009952,0.9920190428547581,0.9701094972338675,0.9994433313951185,0.9995208976316757,0.9996375343217482,0.9997092487832474,0.9989453594816731,0.9994543671041258,0.9980076881350819,0.9986598892906983,0.9995128805228356,0.9993791693947915,0.9837303751566918,0.9290142584918776,0.7173747300845746,0.9437323059996241,0.9244309942233923,0.7970935288485743,0.9560211156478481,0.9375480988833217,0.9577877417501179,0.9526060767060377,0.9448091724105314,0.9797031885990353,0.9772675109891942,0.9902430310247594,0.9971888365856271,0.9390495341876731,0.9546208000860182,0.9640129235245913,0.9680947258449764,0.9660922394138672,0.9425489645441135,0.8887599108681105,0.9451811113730599,0.9506809382569144,0.9296191261218992,0.8722935665349806,0.9610557997097893,0.9283629950075143,0.9592121630693903,0.9397816109506029,0.7433351766802004,0.8323544105394712,0.7617942201929329,0.8496650260095793,0.873706417067864,0.8807755309021391,0.8599993816737823,0.869621019416715,0.27423364300920655,-0.6077461767946447,0.9570132180314641,0.9359845910237486,0.935996578493462,0.9443040490545794,0.9526819715268886,0.9642032455844055,0.96423814882236,0.9214689674587578,0.9576450562183387,0.8232092604515341,0.6638382315313976,0.9292957200573861,0.9370045340111216,0.7586074523989725,0.9259139339917523,0.945469878790884,0.8190585929816669,0.9721269672577215,0.8350679620308428,0.5978042757119625,0.6935340785649933,0.8458642301294572,0.8397118986277831,0.8340334179888018,0.9791750980430546,0.9793927219066315,0.7184705775974036,0.6876425374146677,0.7839516667990692,0.3262067784930091,0.7638485172827054,0.7878611669206226,0.7824358856128532,0.7834448943474296,0.739101902323701,0.7274873912353685,0.7062688205490129,-0.28312556795637334,-0.43117530432847473,0.6431182771968393,0.8830728049079251,0.9252257191496495,0.9356316175435639,0.9094631744399281,0.8129967913985456,0.9051875128395509,0.9267695155920468,0.9264622140021191,0.7560682131867382,-0.12821731523324745],[0.9691220919955632,0.981960241074224,0.9899632501996453,0.9713837637693842,0.9844248692109123,0.9911022092059916,0.9584442915045722,0.9696685156288335,1.0,0.9851605766323189,0.9437566942174699,0.9900284885098802,0.973400749055142,0.9834997582536519,0.9783300953605074,0.975968932794971,0.9466233424835698,0.9805938810770395,0.978994005331381,0.9789694989813921,0.9830792517693757,0.978353265133902,0.9946338145546791,0.9913137928237705,0.9822200703335416,0.9866984549397305,0.9850964683058091,0.9873532519036192,0.9893291960612358,0.9630786141845542,0.9309558783752276,0.9524335023546229,0.9688309113759656,0.9502371980252334,0.9728971584436964,0.9810571446565373,0.9779656481511954,0.9803496578427126,0.9881250077373059,0.9827902601752194,0.9684313391703737,0.977635502013073,0.9737135085333934,0.9727026286568731,0.9988443475017217,0.8895147088968776,0.6642918796304498,0.9351178984305879,0.9223118006323906,0.7783511632418113,0.8894601006187909,0.8801833811552373,0.8930116698928937,0.9097486080923468,0.894702744316497,0.932447999544003,0.9472868264765536,0.9512697015998295,0.9651756677410223,0.8915128926547996,0.9562869951423998,0.9351056091503861,0.9572423963540881,0.9352723864241608,0.8893451483791527,0.8923030151958158,0.9271934320683208,0.9019280779323131,0.8649914956375633,0.8531756481101239,0.9582830875982168,0.9061152611312342,0.9344804715034736,0.8946901471914552,0.7766891661248163,0.8085740419360891,0.6957470951519119,0.8317924507177563,0.8549777644296531,0.8677307013284496,0.8172908639618492,0.8355976255549988,0.31102399516139073,-0.5547618721546737,0.9452020152038308,0.9339929522827385,0.9319828883207536,0.8914115736293023,0.9342574326416372,0.9444019588962518,0.9438255272923909,0.921683725731245,0.9284300564351232,0.8355451160055188,0.6686732372198152,0.920847004925992,0.952628338380226,0.7459507496664466,0.9071494287497394,0.9244793981133682,0.8018773873460182,0.9675530072223345,0.7460139366020835,0.4981268054282096,0.6366162941726001,0.766075458114896,0.7718543213067438,0.7527618997831467,0.9672010387552742,0.9672322524950351,0.6478791931939111,0.6457659328241306,0.6792934086855557,0.3114803557912276,0.6776750920644398,0.6923811927583484,0.6729790114544466,0.6891578779257527,0.7132552974019966,0.6717816920358717,0.6524076433895052,-0.3316236090151215,-0.465850947909923,0.6635543947022333,0.8472262263579486,0.8455524299667823,0.870975938869187,0.8718983715051887,0.755924694733615,0.8223713693421961,0.8517114080217014,0.8466721369838345,0.7129775782197701,-0.06907475241912892],[0.9959852918555158,0.9901819789446394,0.994295230445734,0.9965486010506761,0.9984593251609555,0.9869871185912751,0.9995594682178293,0.9999851154816106,0.9851605766323189,1.0,0.968299538109795,0.9996909104645437,0.9999818740949057,0.9998473538402343,0.9999904673203466,0.9996502041889792,0.9974765355314359,0.9993609621250286,0.9998396520108961,0.9998387043275484,0.9999680284496251,0.9999830607812515,0.9938493827264387,0.9778891084857947,0.995473339666609,0.9748979757623292,0.9956040151644092,0.9868987647927233,0.9795592530155204,0.9478045187351833,0.9888155644435428,0.9931317769762602,0.9891296042091028,0.965822760027352,0.9993813889305642,0.9994608270045404,0.9994677619444232,0.999851089072683,0.998950889775549,0.9994405827946169,0.9981742377376474,0.9986727025783861,0.9993780736939475,0.9993725010939345,0.9883208115314374,0.9291160980312838,0.7180082183269839,0.9434003490061832,0.9240014640113484,0.7967916179267274,0.9437681377799162,0.9282818526639959,0.9473628437242688,0.950098982173041,0.942147313770729,0.9777022422344095,0.9773049560059585,0.9903444554454467,0.9966564661358566,0.9696135772072476,0.9548942829795066,0.9704208356904106,0.9681395679550159,0.970849606435523,0.9705394100046086,0.9417815977874691,0.9444136589180964,0.9441383293202933,0.943755404450832,0.9005746897159405,0.9613180622704506,0.9614606253870974,0.967385158540139,0.9662779424582677,0.9223361695572263,0.8313736735638778,0.7831692152773605,0.8485006515545525,0.8945917577656323,0.8793613322201403,0.886446469846966,0.8854468324487459,0.6596092638789234,-0.6221209087594668,0.9569144122601572,0.9358373276732731,0.9359989422025022,0.9708851489964849,0.947734824096982,0.9637541904892898,0.9632831480585141,0.9224151706069998,0.9658659007779995,0.9263793389435451,0.6614236762295718,0.9286374242114901,0.9502065426768064,0.7359269654584113,0.9137447028704048,0.9368772589527405,0.8180040078835092,0.9709315498674137,0.8896196781037286,0.4982555674829723,0.6633682413914317,0.8782484507481753,0.8385478667765071,0.8813365500575053,0.9790673226527226,0.9793133792736602,0.7162751806745643,0.6843378650445789,0.7547890365262034,0.3233580821811188,0.6988405076094484,0.760156252860125,0.7388363379284633,0.7193874986918292,0.736317966878169,0.7242552834511239,0.7029644383331973,-0.514088829254854,-0.5940619334527348,0.6425303768118741,0.8819833496067959,0.9242811133971389,0.9377407853588896,0.9085921360890505,0.8083699319449668,0.896042655759215,0.9175163641005495,0.9169635849974171,0.8063054117178567,0.1011691814244272],[0.980562953544061,0.9718089248440899,0.9576673634429989,0.9802092945045712,0.9744983885159288,0.9621030251652608,0.9744349917643077,0.9690121194753448,0.9437566942174699,0.968299538109795,1.0,0.9580086658569187,0.9693781185910755,0.9683165113301754,0.9691225397524164,0.9726931227373028,0.9722767889452684,0.9762938396485547,0.9730417073100504,0.9730543042044064,0.9691728208557824,0.9692378848246785,0.9674939901134663,0.955094165186787,0.9753844722653756,0.9557318054650477,0.9734130047125069,0.9161629231132512,0.9708054286575735,0.9554004143691823,0.9783303510020593,0.9729545705267948,0.9730233093674078,0.9421634091422147,0.9766322070564716,0.9762357718303518,0.9766356231928613,0.9696301245659861,0.9646859289729738,0.9756323536679354,0.9803295045729367,0.9787716194863381,0.976793701957289,0.9768092203169837,0.9568664616729065,0.8549194133185452,0.5411445640104133,0.8306752896357746,0.9069782392955692,0.8811782946038091,0.9071889509602863,0.8458835636847833,0.9114001186541261,0.9227207896275866,0.9087036940897714,0.9395205745193572,0.9393934878541926,0.9477136972905599,0.9718065358684727,0.9476835452362484,0.9406738622066084,0.9565234438333792,0.9511799768910886,0.9551074036802506,0.9551236756965796,0.9137244409425148,0.9552459719674461,0.9429538617927349,0.9426379593513969,0.8718228800141115,0.9407256816493704,0.9475952605033185,0.9418608361462054,0.9408148244777652,0.8934082381965773,0.8401189295285287,0.8007881042545296,0.878938038290784,0.9242751177610966,0.8994860000258424,0.9119706917223908,0.9113737248247094,0.7454861960885036,-0.3187992040334569,0.9555378180721547,0.9578876171084598,0.9491820877519376,0.9492611779451468,0.9352556082341724,0.9567044693136442,0.9566721318764121,0.9055044460171708,0.9584968830419576,0.9096884604571112,0.7502584152320108,0.747231352196236,0.879814185760295,0.6680977541523008,0.8696420580708502,0.9018958428538381,0.8843718008972058,0.954967589970823,0.9094935451012539,0.3761800913672973,0.6645076716529947,0.9018031360019403,0.8820476495659207,0.9088506507153867,0.9551790941371282,0.955483273594531,0.556948812020978,0.7213641054474021,0.6314853074793377,0.5059620617178436,0.5925357123092417,0.6449050435865988,0.606858448477051,0.5803293232343469,0.8211609271525249,0.6992343410192905,0.6645111353795394,-0.29667384263726243,-0.3503305445861718,0.7564907118809653,0.9180396929105523,0.924918864737857,0.9157553098640704,0.9418910038304475,0.6789423801535124,0.8515945254524551,0.912172646009149,0.9113766220459621,0.6964496772621881,-0.16246177219091618],[0.9931788763968189,0.9923120499037783,0.9970919179170493,0.9943884991726997,0.9978991740271606,0.9795651936049518,0.999491466573346,0.9996929622409488,0.9900284885098802,0.9996909104645437,0.9580086658569187,1.0,0.9997161124210892,0.9996965419138722,0.9997051719554011,0.9995812850620739,0.9975500345654577,0.9992308895799051,0.9999613283068526,0.9999608968388901,0.9997040631470703,0.9997113733706856,0.9912903016887937,0.9632163954585276,0.9923567068960277,0.9808593145706562,0.9933607513484213,0.990581519631727,0.9743328525140952,0.9095442488271079,0.9893452890651296,0.992902454988212,0.9756759035853134,0.909620477613026,0.9992512577995155,0.999311448871166,0.9992570087422663,0.9994962342654813,0.9994753329125716,0.9992771789577143,0.9970924516598892,0.9980956009912899,0.999228982330435,0.9992250882221146,0.9899395377144564,0.9233672496754224,0.5574832168015474,0.9398023946993167,0.9235387464127738,0.8009265554790885,0.8614219715209831,0.9010692368044847,0.8662686021428337,0.8832610013359773,0.8588980956373423,0.9531530127115244,0.9531020284264705,0.9772752416740593,0.9938756172876752,0.957029962304419,0.958827188189197,0.9498441089406062,0.9516863830138187,0.9535408077031238,0.9533617647097762,0.9085587228363483,0.9202778584098891,0.8853275742509409,0.8851626594920866,0.7842297270185423,0.9538828995131192,0.9566811815428959,0.9569679835014532,0.9563371006334472,0.9113086344952203,0.6514161344834488,0.5943850885747928,0.7351396326244283,0.825151879934181,0.7617680595186569,0.7947437092347536,0.7936255068563368,0.5921474047588952,-0.38154513146948105,0.9312718847510995,0.9396919513781198,0.9310040485250264,0.9582531969891638,0.9282546794857689,0.9363859397314143,0.9353284225890143,0.8753782111550845,0.940082964003546,0.8815475679996481,0.5741384234752708,0.9258977937155788,0.9199269534139904,0.3897435817318004,0.7327629016667961,0.8050455735572682,0.6779532313182874,0.9743146629348769,0.6850040122227496,-0.20600977510394886,0.21353377704317344,0.6582658536407684,0.6624186548227541,0.7026232191106541,0.975525617327256,0.975586019615998,0.023670841599165146,0.2567906650912371,0.10664031891546624,0.07204744048563302,0.0991660246968012,0.11776967582669064,0.0840540808573717,0.03295282772763497,0.4587662381063054,0.1874541044878398,0.13434659146813901,-0.5127495282538097,-0.551334449422329,0.6429919082994752,0.7464344961530207,0.7708361527360166,0.8314679850732645,0.8269148606283374,0.53698728944462,0.7338385188810305,0.7659368286158657,0.764731671638855,0.4139173499638446,0.23467780659380671],[0.9958114554536924,0.9903830474671125,0.9909798740429819,0.9962829512682295,0.9984400325408062,0.9871872669928224,0.9982517581836352,0.9999969644598559,0.973400749055142,0.9999818740949057,0.9693781185910755,0.9997161124210892,1.0,0.9996616719543477,0.9999976672903524,0.999265681154281,0.990997918665957,0.9994163149143072,0.9999068931651425,0.9999066395560955,0.9999674580831673,0.999995230165517,0.9908486188402528,0.9761733389408115,0.9928708344543791,0.944947845719221,0.9934121701228037,0.9871589722773193,0.9749531074511051,0.9465446493231582,0.9890463172898192,0.9940564734765219,0.9920960436306359,0.9702532479070931,0.999485850676523,0.9995633180841021,0.9996698532782498,0.9997103506047075,0.9990234967835488,0.9994972489853837,0.9981002550202803,0.9987357700615948,0.9995563284920882,0.9994226364581585,0.9835247022048184,0.9293121629479206,0.7180994540676626,0.9436814738413322,0.9246591324464047,0.7981608782288375,0.9563633962827681,0.937960749239869,0.9581367863686664,0.9529797573089468,0.945217579841285,0.9799501436321132,0.9774582782280321,0.990383126962344,0.9972547237750783,0.9393652084654606,0.9547802494833182,0.964306706190595,0.9682311840860014,0.9663819637601425,0.9428120066751176,0.8889238116431828,0.9454490562171778,0.95109983912082,0.9300564352928874,0.8727085270975367,0.9611400155474613,0.928585443009363,0.9594388606555125,0.9400763725072935,0.7434275078085892,0.8328214267076264,0.7623465820472839,0.8501158739421001,0.8740470669764778,0.8810310834386217,0.8604122047411046,0.8700474233946608,0.27454673129151075,-0.6076722069079932,0.957221437544976,0.9363340429254231,0.9362906037139145,0.9445516911783975,0.9529074307956373,0.9644207088889287,0.9644570253095227,0.9216535464383095,0.9579621701317564,0.8234292262434968,0.6639968015113162,0.9285061092650598,0.9364734608681726,0.7588133456426005,0.9259483837421145,0.9455074090025855,0.8193340887953066,0.9719622834297404,0.8355256763545547,0.5988455697403103,0.6942193204157454,0.8463405080428908,0.8402447035108158,0.8344724113443335,0.979094796709887,0.9793122854955641,0.7191272114149994,0.688239633185832,0.7845366143386185,0.3270161274875707,0.764535665948703,0.7885449244466716,0.7830274431947607,0.7841551778826685,0.73949478123989,0.7279472390861814,0.7067540636025741,-0.28212192057966495,-0.4302709732165432,0.6436664647169333,0.8835901562342324,0.9256564448918392,0.9361466304688328,0.909922367311632,0.8135562386860421,0.9057490441835092,0.9273188871591759,0.9269987715434026,0.756742054775996,-0.12926013046270393],[0.9950788198055764,0.990209446447458,0.9929080674175573,0.9957554707889245,0.9982713816734557,0.9885733678491603,0.9991053713672272,0.9996779692371511,0.9834997582536519,0.9998473538402343,0.9683165113301754,0.9996965419138722,0.9996616719543477,1.0,0.9996985041238706,0.9992180121638286,0.9970918092571434,0.9989947761766725,0.999503593430303,0.9994965752401225,0.9996813114517993,0.9996546600695214,0.9928597821079571,0.9779090784866623,0.9960899005582239,0.9715178416720301,0.9959802747840197,0.9869656514421676,0.9777696955915985,0.9489908259623078,0.9881426085475485,0.9920326902304836,0.9911140090000669,0.967880187380667,0.9987938464989594,0.9991101743984171,0.9992884954532775,0.9999184405677917,0.9989734207501627,0.9991034632700367,0.997401440146564,0.9980761808828049,0.9987896963403095,0.9987186850155355,0.9876366164872619,0.9292610548852047,0.7137447581110424,0.9435645284070312,0.9242839901748313,0.7970091123799645,0.951837937066191,0.9312527572263127,0.9530074501788209,0.9494545984172967,0.9410779974470299,0.9764165522445387,0.9753210132500626,0.9879284239545157,0.9957311899670811,0.961776654956243,0.954409735691545,0.9645934645712351,0.9676490675923287,0.9662895221805157,0.9655982879700834,0.8930638340779391,0.9427529120165828,0.9495740279603021,0.9492676854909349,0.8711633128096156,0.9614509724731396,0.9398640099501411,0.9612426872438243,0.9599674789844613,0.747751120633864,0.8298011158435475,0.7907875575380278,0.847751824109066,0.8753396376531679,0.880176656126888,0.8685937809239572,0.8690134715807402,0.2596915641797928,-0.602248309792608,0.9564896623208974,0.9358947593854599,0.9352340492821896,0.9643948599019193,0.9524526884301843,0.963369421529565,0.9633573933103624,0.9217936003203707,0.9582884553786669,0.8296904033065474,0.6634841029407825,0.9287203048735555,0.9372915668990208,0.7561427816932624,0.9241801315170391,0.9440131177701387,0.8199971457649583,0.9744123559723228,0.8302906445557198,0.5902424715847646,0.6895230470683156,0.8375825054089803,0.8348596251047303,0.8266269699768003,0.9808156234789798,0.9809960875996151,0.7100122797800739,0.6827368668812073,0.7647291136705089,0.32597671324263616,0.754619170184116,0.7773337018724712,0.7536634891937608,0.7731952738193247,0.7370194361890421,0.7180178549142937,0.6970615396240635,-0.28857343392000523,-0.4351476899593474,0.6428391595845024,0.8813554597864379,0.926861020043029,0.931428550051951,0.9090913047097154,0.805761695103449,0.8995994198801663,0.920134868254223,0.92053948011668,0.7500290722296682,-0.12757740527345585],[0.9957294770234439,0.990281568733898,0.9911526418000474,0.9962176352385521,0.9984350275832705,0.9873383979287447,0.9990893218713911,0.9999980096066553,0.9783300953605074,0.9999904673203466,0.9691225397524164,0.9997051719554011,0.9999976672903524,0.9996985041238706,1.0,0.9993685175546734,0.9961420834652942,0.9993882981031388,0.9998999510805664,0.9998991842823941,0.9999615126029002,0.9999928558169775,0.9909900308420223,0.9763729205060274,0.9946490178442629,0.9595329762339563,0.9944755556805466,0.9870939048038497,0.975176463607308,0.9467254154173472,0.9915015075317233,0.9943466640676256,0.9919637317932424,0.9700123673965984,0.9994574389949599,0.9995241502406589,0.9996464058346574,0.9997265871763882,0.9989816951670858,0.9994635424748869,0.998038304692949,0.9986795227669976,0.9995249367905136,0.9993941117210847,0.9837198385596612,0.9291116012622391,0.7174286901293315,0.943746207901383,0.9245933657460897,0.7975933135486223,0.9561171493014594,0.937705055323954,0.9579182772939558,0.9525626767889996,0.9447375643699941,0.9797418377627919,0.9772221844669178,0.9902160637730757,0.9971553736852417,0.9393790571352839,0.9547256249962567,0.9641968467342954,0.9681687899669355,0.9662607966646546,0.942306738512717,0.8889888037819894,0.9450559398785796,0.9507509034322966,0.9298566845472676,0.8724276402946873,0.9612122592649969,0.9287493685227894,0.9594377322547095,0.9401274740053469,0.7437099528300047,0.8323155412828348,0.7620808635202079,0.8496714823387084,0.8738877050088826,0.8807596595165039,0.8601646135464794,0.8698028346065222,0.2745967667235305,-0.6074503710033718,0.9570877848641541,0.9361655714454418,0.9361510397129617,0.9426792911877958,0.9528675921237098,0.9642808237562454,0.9643123364283261,0.9216522783028741,0.9578292615932527,0.8234942511043737,0.6638777331252936,0.9289193384527996,0.9368768501863827,0.7585658073104616,0.9258024635321286,0.9453823125273532,0.8190627831411725,0.9721463160821768,0.8351186543718605,0.597658859950272,0.6934259243720408,0.8458995697413271,0.83986006118129,0.8340776770006149,0.9792240449872252,0.9794382828723971,0.7180297029972392,0.6872614509178793,0.7839471459856623,0.32649919401628386,0.7638364087279844,0.7877921416303509,0.7826174324940045,0.7833532535589541,0.7390103449166542,0.7266949191202952,0.7055112002069986,-0.2829232186356224,-0.4309691292119258,0.6434245521058074,0.8829946400324664,0.9253712618766169,0.935695731650259,0.9095198755748308,0.812804045308182,0.9054181099458807,0.926828856860538,0.9266380508905396,0.7561868315955772,-0.12851914956123023],[0.9974268269312915,0.9929188693918256,0.9905282786729808,0.9977481954879263,0.9989925865984364,0.9870837798905844,0.9998776475956792,0.9992097193882931,0.975968932794971,0.9996502041889792,0.9726931227373028,0.9995812850620739,0.999265681154281,0.9992180121638286,0.9993685175546734,1.0,0.9978130924488341,0.9998222978775133,0.9994695883028359,0.9994750101140181,0.9997214862427991,0.9994661301672145,0.9905114358994587,0.9752838494431039,0.9930703853777412,0.9507198348301013,0.9927001256427707,0.989210623767974,0.9729841672811465,0.9472754584916887,0.9920201097280832,0.9926028145700013,0.9926998058307583,0.972188440844547,0.9992099595722997,0.9997017331421085,0.9996689607387363,0.9995013377310774,0.9994981773478,0.9997453172701716,0.9987472672617658,0.9995248670973585,0.9994606896334636,0.9992110054805983,0.9820888066299206,0.928036396918346,0.7283094144006395,0.9390162575998001,0.9252132483424755,0.8109593547909315,0.9584997003010582,0.9429809407915731,0.9606310633474666,0.9573588594678846,0.9496212356227136,0.9820316104981744,0.9796779331045148,0.9912880776822804,0.9965412556138554,0.9448465521096027,0.95882946469283,0.9702544933759093,0.9710585385274386,0.9720122793620146,0.9457898770756146,0.8963809347635572,0.948730607647293,0.9570048383206423,0.9357064728565875,0.8829061380863058,0.9639849137345892,0.9348413604857053,0.9647589439493034,0.9454176595183297,0.7544437986048292,0.838755313889095,0.7673871459383057,0.8558103144207846,0.8800208201311356,0.8840343768830808,0.8646466326360115,0.8761332044838277,0.2879503097671881,-0.6036550589675618,0.9608185170787932,0.9421907584592094,0.9417028472973286,0.9478498095431755,0.9576892529720964,0.9680773922917949,0.9681609431180094,0.9268308186098874,0.9641954246023817,0.8334525049000656,0.6656868889637312,0.9161769006221622,0.9273927446483843,0.7613181472154892,0.925865175298972,0.9451410736710838,0.8197453123678577,0.9680110711735326,0.8343717979506062,0.6081523626423131,