var element=document.getElementById("correlationAdjClose");if(element.style.display!='none'){var correlationAdjClose={"data":[{"type":"heatmap","z":[[1.0,0.9999937585233558,0.9855219827597658,0.9999277196086723,0.9991206930441036,0.9851088624944654,0.997914542925422,0.9961204687899236,0.9693697506882127,0.9964406497481815,0.9945990929931704,0.9941930086226662,0.9962368584877832,0.9962714482732521,0.9961655888739828,0.9976762467844061,0.9979251821927594,0.9984105880786819,0.9967520442357489,0.9967609475767418,0.9968110499374961,0.9961933007500975,0.9873758232238136,0.9714544184324642,0.9900112469755582,0.9567884781586127,0.9890257566832433,0.988041924296754,0.9682338212875837,0.952736630126349,0.9929062700240686,0.9941104012516865,0.9924802361299703,0.9774874638122142,0.997817591651036,0.9980374293274691,0.9975869544814026,0.9962912106608217,0.9959261864260315,0.9979317239193938,0.9987837194300956,0.998830564468816,0.9977783742289008,0.9977851695619574,0.9768160133568234,0.9150682065859362,0.9499407937706964,0.9251826121452325,0.926523292154771,0.9044080469478348,0.9633109884509957,0.9484334675918117,0.9650360110365257,0.9660565389940896,0.9557289012165362,0.9843812909370199,0.9815611540723634,0.9905343408532004,0.9944632604559913,0.9869331225709513,0.9827620058136657,0.9883697574050091,0.9865845077748236,0.9889195065140707,0.9887425653280099,0.9643257417990718,0.9750681602093657,0.9761245047154918,0.9758060353490925,0.9533921539960399,0.9808628324612133,0.9780159742637797,0.9851858589581095,0.9844805282337633,0.9428361567889858,0.8893836872188158,0.8566248089517348,0.9052961013690836,0.9223752123061533,0.919699735972201,0.920299820453247,0.9189640873875746,0.6968679689540678,-0.5588580406158034,0.9811542399188821,0.9766509431680963,0.9733879048218569,0.9876389189852968,0.9750813141784918,0.984827400871082,0.9848136813603174,0.9498207516215222,0.9849786524528712,0.9527857364021399,0.773165682378884,0.9072400441480599,0.9289797783458156,0.8016639171153637,0.9512657558413069,0.9520462829476508,0.9002624160203838,0.9654362338633287,0.895881700618732,0.6009652845324096,0.722116713238982,0.9028563450077774,0.8708285715387326,0.893993594780323,0.9743023676557869,0.9744780935079748,0.7832402507420143,0.7379645531615378,0.8251037750028508,0.42160559299419276,0.8032051933138944,0.8293623275919834,0.824545876559856,0.8161393610404039,0.7806586328691689,0.7516081910302971,0.7345360740844934,-0.274475060626856,-0.4138749162138965,0.661448239606515,0.8917270793347964,0.9347243650502083,0.9423558954576348,0.9077234541068507,0.825833967354188,0.9097616921376552,0.9281570644407229,0.9279359800165626,0.862152133434915,-0.16743843017582516],[0.9999937585233558,1.0,0.9880835005458395,0.99983296022479,0.9982641188381699,0.9900181093871067,0.9946349720493652,0.9917475424627376,0.9848928983972288,0.9917644303883223,0.9917747634422449,0.9935099194575582,0.9918968898912252,0.9917651285621104,0.9918263204218007,0.9940431127842239,0.996634904700656,0.9962725609286002,0.9942339836268276,0.9942193590285534,0.99181985434753,0.9918478636041412,0.9918028391192683,0.9738397782628951,0.9886338313683917,0.982029909883307,0.9885342619663137,0.9879761045849714,0.9808380401032749,0.9338931723992929,0.9891087218257169,0.9867170905906234,0.9804033564011784,0.9325751355501632,0.9957021020013939,0.9956002236088721,0.9958309735060819,0.9922989389748571,0.995329326804005,0.9958365889443174,0.9971228211349519,0.9972652214798029,0.9958181640575553,0.9958080129953535,0.9897927366606529,0.9147440141144529,0.88846090544288,0.9248227624451524,0.9263721273859064,0.9043846938322809,0.8787080635086686,0.9233692604896453,0.8813851073992984,0.9106427780035256,0.8782927447476447,0.9546656953481094,0.9545211072381636,0.9685018384190566,0.984537674035286,0.9822517223528279,0.9846049722325868,0.980251412685359,0.9805162334055455,0.9820652027159469,0.9819974628195558,0.9507565607095807,0.9618701763764709,0.9389868970230594,0.9389063611257507,0.8708095616634195,0.9789397175437615,0.9804995332274667,0.9806870041041522,0.9802886911927935,0.9518398471988287,0.763778331070124,0.7202721871832869,0.8288128822683418,0.8934917976446423,0.8455083194233046,0.8700168060135475,0.8687327152038576,0.7217063833303301,-0.21742797140550413,0.9699501424213121,0.9741429770485011,0.9697593119707077,0.9828388142588995,0.9676566394414127,0.973042879101404,0.9724388009038507,0.9306174450280481,0.9749330444244333,0.9338387153475611,0.6887502402539744,0.9066696817041762,0.9046361797675063,0.4905261642970125,0.8256098596503257,0.8303291792639298,0.7390095965940494,0.9664852900161753,0.7117595396924637,-0.2915996041873036,0.21419070994334213,0.7390626828218732,0.687643494288535,0.7315662101025097,0.9680236802087476,0.9679852467178023,0.13255909374576336,0.3045875404830989,0.13919869803387463,0.11099777090107266,0.132853820182739,0.14756549167975194,0.14416914280472193,0.06570794583870429,0.4987770101469969,0.2295133401632377,0.17870760005784375,-0.4408574327954471,-0.48548253662413404,0.6619251620567779,0.7497593355542994,0.7740018923764791,0.8348288817508902,0.8182348880371079,0.5678457244134613,0.7515851112395243,0.7684564969368927,0.7664581147847864,0.41835176265598406,0.2087117348446888],[0.9855219827597658,0.9880835005458395,1.0,0.9869367581701176,0.9931251996957609,0.9915182994602101,0.9899247870424454,0.990576456506651,0.9906762870514432,0.9932906135605541,0.9972901053506595,0.9964372220138643,0.9904434762074197,0.9926661189762775,0.990634673625328,0.9900565951324203,0.9908461757099223,0.9901795330288721,0.9892894688749859,0.9892523934000802,0.9921525367024514,0.990454289575938,0.9947084401916048,0.9837249087360128,0.9912498856021856,0.980683022302312,0.9918054736521644,0.9869746752820262,0.9860536909629365,0.9587402655823399,0.9697561386970681,0.9739231298974184,0.9765238337031714,0.9533564147618614,0.9872148839537839,0.990301544434935,0.9886796435983946,0.992255588439884,0.9947470520138901,0.9910901213642076,0.9850952094888176,0.98789780211161,0.9875544962881216,0.9869186253858477,0.9920558047465348,0.9099833045882373,0.9327605226907721,0.938712276105707,0.9197197351771214,0.8591025512227581,0.9211632636706389,0.9033657886979533,0.9237930481942672,0.927013861541151,0.9119875917506926,0.9494243866196319,0.9578772918262726,0.9666430029327738,0.9778267740907525,0.9392086840446578,0.9641362682954635,0.962629739868878,0.9695887311688245,0.9628872538962305,0.9373573690550667,0.9213216783913803,0.9451050643354357,0.9349707391304061,0.9162881257057822,0.8927479662625876,0.9700140892281015,0.9482999467068107,0.9624317199036373,0.9413990941860876,0.8238316414844287,0.8451698312674313,0.7629815413183519,0.8638584384911672,0.8919536227142147,0.8933656652149755,0.8603486336446374,0.8747350386803606,0.3973104265784236,-0.5486051030068645,0.95976810785794,0.9465447545704496,0.9460967844986585,0.9392625408403039,0.9541922025990404,0.9623386165206023,0.9618999839856958,0.9329811824309212,0.9574956778536512,0.8762703561630873,0.7558167931314964,0.9505857869642111,0.9500221316991392,0.7780379474029515,0.9377743206729556,0.9394922548808814,0.8725558553709261,0.9801006672741727,0.7759905376705472,0.504630980627166,0.6644910044497865,0.7970233948882082,0.7970453128483905,0.7781950568129764,0.9825591959180197,0.9826040887084924,0.7108762095939668,0.6827503044090899,0.7107581925122424,0.36677848159224336,0.7022674258294537,0.7135532067102773,0.7265608842411901,0.7120735403019468,0.7414332299780493,0.6844797151863733,0.6662216793630665,-0.337435291889834,-0.47647089749064275,0.625908719204773,0.8518034866249958,0.881686387269485,0.8870418759168128,0.8786401734745624,0.7569925754523147,0.8588868211277315,0.8706340580876973,0.8780437032304014,0.7331941472218665,-0.0893831057824828],[0.9999277196086723,0.99983296022479,0.9869367581701176,1.0,0.9993672544626334,0.986275517788791,0.9981611334286243,0.9965515061846314,0.971652988185591,0.996909918450911,0.9952965238776601,0.9951083390800022,0.9966497263329656,0.9967727540641428,0.9965960512157819,0.9979530904577683,0.9982634787219345,0.9986714644647511,0.9971291251131917,0.9971352263941226,0.9972094254628807,0.9966105412391285,0.9885929163435501,0.972897256982672,0.9909851391465041,0.9594493004756712,0.990107871780577,0.9895493448196268,0.9702659532521862,0.9539684522190797,0.9922195453021554,0.9936178930951494,0.9924048767400786,0.9770438939105662,0.9979029377133322,0.9982328488323827,0.9978164231668454,0.996758055935102,0.9963820020907315,0.9981587733699222,0.9986802106222104,0.9989084595811255,0.9978594482398081,0.9978628566312243,0.9786841369886558,0.9110922332449019,0.9477610548858499,0.9257436601999697,0.9250646146006006,0.8975041101820646,0.9603268627936505,0.9450945732223482,0.9619593919052949,0.9635123967835911,0.9528664460523346,0.982252494672197,0.9800032018988026,0.9896589912851694,0.9942643530040286,0.9855264386219205,0.9817247653899869,0.9871470614972494,0.986020616974013,0.9876180213141421,0.9874322174926403,0.9543994228577218,0.9738685813874911,0.9746535014038494,0.9743301387006817,0.9482897866715274,0.9804529532173172,0.9752126884633997,0.9837791903139756,0.9830367716780891,0.9222640453266502,0.8879048478223547,0.8528105031314988,0.903625555895714,0.9195921765136338,0.9192312211810802,0.9178955012757829,0.9166005168709929,0.6048304682422091,-0.558355639875669,0.9803678037152406,0.975495869369578,0.9720170787458293,0.9862343849739466,0.9743754237797275,0.9840932950252144,0.9840719143678235,0.9494866680456192,0.9835779024819723,0.9377028952902824,0.777196402989383,0.912732318756598,0.9330569560727933,0.8034195930289606,0.9525730843137222,0.9533813461376548,0.8997334679388588,0.966679326764635,0.8896525850838218,0.5971554883859406,0.7202716620794462,0.8972697138303609,0.8670818765248072,0.8881333919517447,0.9751325540627778,0.9753146665354084,0.7819568239636753,0.7381086407301678,0.817055244051671,0.42344369932741543,0.7973074208502126,0.8210358020788996,0.8161448871122471,0.8106265335440319,0.7829089555904702,0.7513673779848301,0.7343802276212767,-0.2698826622638139,-0.41314985499905543,0.660642106559967,0.8896650765319267,0.9326943607415653,0.9403980736637453,0.9062950498693993,0.822892114986293,0.90760344128085,0.9257306415785427,0.9256605544845252,0.8547114541655207,-0.16022091766527596],[0.9991206930441036,0.9982641188381699,0.9931251996957609,0.9993672544626334,1.0,0.9891714903069558,0.9991042627603153,0.998547003553576,0.9840106158869578,0.9985473282909176,0.9981457203157847,0.9981903311520745,0.9985759200970705,0.9985794755990058,0.9985791545074412,0.9990780590530011,0.9987130871266087,0.9993049250808319,0.9988998764339507,0.9988963753084449,0.9986364238301095,0.9985653908879735,0.9944878386156758,0.9805154907007319,0.9949686849072525,0.976836110031253,0.9949387759825354,0.9922519464232299,0.9830895738394144,0.9573093206122759,0.9891986195090835,0.991887033686397,0.9896056720221171,0.9689583748401178,0.9989462291798876,0.9989977579702815,0.9990147975586364,0.9986548438673375,0.9986824508622762,0.9989895291169323,0.9989787424964675,0.9992029872811348,0.9989489235260965,0.9989438976913364,0.9883459305610843,0.921135023972686,0.9469445415803852,0.9371544283964048,0.9292713772033829,0.8930852964760047,0.9467168186937158,0.9391205502045229,0.9510010973180816,0.9568436362140341,0.945572132426087,0.9793850807718806,0.9792808235919019,0.98952904538686,0.9940811005727563,0.982385616116149,0.9764556987352712,0.9829369072787653,0.9823853291920561,0.9832878816170383,0.9830832632088133,0.9552367625040186,0.9656154217282693,0.9604149994125879,0.9600311423560925,0.9228569714269231,0.9778689793238714,0.9742536428113651,0.9800579641112923,0.9792649757065898,0.9405226027341211,0.8679640761296834,0.8303056006226921,0.8889855967422284,0.9243338617303954,0.9088075694512054,0.9159274335261414,0.9148117354852888,0.7522798898422859,-0.5705119585464877,0.9744184433206204,0.9658655350797867,0.9632027164714453,0.9833061832280774,0.9653208288610111,0.9778927238321905,0.9775447519627236,0.9413122918895663,0.9794478458016717,0.9440231913713406,0.7666836447049065,0.9277375937713931,0.9529666607557836,0.766527909265604,0.9399108955045864,0.9413966305312217,0.8938835655031144,0.9716809102759946,0.8878594092987786,0.4376213647754347,0.6615253512681819,0.8936677344186565,0.8424734299059616,0.8890591592344772,0.9786613113619944,0.9788003790881615,0.7463238842549472,0.7215960754737002,0.7502671000523101,0.4014789035561574,0.7011760451991592,0.7552153910257089,0.750536932774709,0.7138739551087694,0.7695835166594258,0.7363422092015959,0.7184817287617181,-0.47649499280446467,-0.5576697478645571,0.6552474419418297,0.8840970855612379,0.9183261035338947,0.9343110424060914,0.9040751049758029,0.8036566522866485,0.8953885652077195,0.9121040296437386,0.9115148336585466,0.7910623429343704,0.04960642557798003],[0.9851088624944654,0.9900181093871067,0.9915182994602101,0.986275517788791,0.9891714903069558,1.0,0.9843691561675367,0.9852254931194198,0.9925241837564711,0.9846606593774645,0.9804016327167207,0.9795543389744342,0.9850965792646335,0.9855950585478553,0.9852960274364211,0.9849476727680756,0.9882533503942066,0.9861124548989498,0.9859835750248961,0.9859771171121118,0.9841361368775374,0.9851952016424145,0.9955292239437952,0.9934211606275662,0.9865023526673167,0.9866598213444047,0.9867448139711011,0.9774481718195694,0.9881153981030929,0.9736217829260266,0.9632990733880763,0.9688527412551933,0.9775709311216505,0.9664619453980655,0.9840448661603334,0.9844162018738708,0.9852312221313587,0.9858661767970995,0.9802850801000211,0.9848680367185609,0.9832474566820186,0.9849498216973621,0.9842241198470844,0.9842253074930505,0.995980173134416,0.869220614212579,0.9254179517690082,0.9056679683753899,0.9179854616571067,0.8775267385980356,0.9185686207823265,0.9091457878567747,0.9211549052855681,0.9351988992069876,0.917098853578097,0.9511950132496517,0.956307596887997,0.9626688767461854,0.972128567617297,0.9704391572996282,0.9861184188797806,0.9720823529187349,0.9838341388208497,0.971675562848263,0.9711030936568625,0.9760460010848354,0.9678965024714501,0.9476153213607363,0.9470571467616389,0.945724736396551,0.9823411417730759,0.9749623439806153,0.9717513336773931,0.9703769080163459,0.9626148061502393,0.8890136402928815,0.8428465166212934,0.9064674127344924,0.9153714390710689,0.9246273376687312,0.9056603511165264,0.9034312284660067,0.7271649649910071,-0.5088383941141095,0.9802293388678299,0.9814342189871539,0.9771816208708753,0.9713342605628564,0.9725185773106229,0.979037200953046,0.9786082714303125,0.9675527715883594,0.9684566456600643,0.9664435262904552,0.7787833881198567,0.8864711859019847,0.9525985793637257,0.8123806060630879,0.9416670127330595,0.9427014654909786,0.8684505108219697,0.9593634874843957,0.8370343017598598,0.5258357173676885,0.6867382277718931,0.8466282208278098,0.820781578944123,0.8360611609929275,0.9599429862478427,0.960043182518772,0.7372140478837879,0.7147500776436577,0.7532937500021152,0.4254352877177655,0.7443245209257277,0.7587547917875621,0.7525242589559282,0.7492760528435823,0.7646645778580792,0.7135943160695235,0.6992232162883331,-0.29768867233944896,-0.42778237750450143,0.6693148557508346,0.8585022606147672,0.8768207397042388,0.8900859518423788,0.8694923100092005,0.783529472156801,0.8510897985707456,0.8686930381209966,0.8686752317869271,0.8102358558273518,-0.12490663267294136],[0.997914542925422,0.9946349720493652,0.9899247870424454,0.9981611334286243,0.9991042627603153,0.9843691561675367,1.0,0.9974932038326337,0.9573146660159718,0.9996020794903331,0.9995542496731475,0.9995731710506023,0.9983944943700778,0.9994674341485896,0.9991705752877709,0.9998901491992974,0.9965243867229252,0.9999033259972958,0.9993677026601016,0.9993728890483882,0.9997081470268517,0.9993171756281535,0.9907486813668561,0.9746999339802153,0.9856876830087582,0.9263655653429329,0.9934546050421404,0.9918203259062105,0.9738376108402275,0.9510713498622514,0.9916040174931348,0.9918235233232398,0.9934360923141456,0.9744612951504122,0.9989905945834558,0.9998487918627452,0.9997096081950477,0.9994753656232112,0.999760800043193,0.9998327989751435,0.9984861418694617,0.9997313885973304,0.9993773203228513,0.9990263211177113,0.9808448494635442,0.9290088220301653,0.9504837208040371,0.9470412551291255,0.9373212880981473,0.8934530089352121,0.9568885022791341,0.9447457550761553,0.9592041637182545,0.9608931527921257,0.9514245878085588,0.9813157230559791,0.9805514783330682,0.9915924285911797,0.9963565176666049,0.949297902187856,0.9646059381947253,0.9739189990716561,0.9746246075248657,0.9754695090046324,0.9493006278236384,0.9064109737041902,0.9570880571450008,0.9621566834994473,0.940471227412148,0.8973997201129802,0.9684459283076836,0.941601094229044,0.9686468201675916,0.9496615053328569,0.7846153744645176,0.8618883843153954,0.783599539824479,0.8767783789280785,0.8941063726232574,0.8987869455134836,0.8773137113779566,0.8893333677720245,0.3470193351371095,-0.5918418846221474,0.9657242087910975,0.9522709363356681,0.9508615464695263,0.9508318903659669,0.9616545998987266,0.9719028453479768,0.9719736212637323,0.9310329189835993,0.9686631841410266,0.8532154623476862,0.7613966256224648,0.9283911623759519,0.9324717377455272,0.7918503957745128,0.9505585187891857,0.9515296693611496,0.8972423727309082,0.9711248986515986,0.8321464563296009,0.5896409559220813,0.7126574457029692,0.8554996804806034,0.8475327399333494,0.837023792230601,0.9789276204919258,0.979116894306457,0.772045989004973,0.7189959385844956,0.7821014675814355,0.3960464185028855,0.7757427806080192,0.7939687073943251,0.7884524746342243,0.7918716025517017,0.7665749332739834,0.7421362694515007,0.7233947142065327,-0.2847414030460415,-0.43547153622420787,0.6723873789892125,0.8879486844890051,0.9235524916006017,0.9404152709179583,0.9096851810585185,0.8234934883394712,0.90908492469424,0.9285361586016594,0.9272425580852882,0.7751407253450867,-0.12723908777522597],[0.9961204687899236,0.9917475424627376,0.990576456506651,0.9965515061846314,0.998547003553576,0.9852254931194198,0.9974932038326337,1.0,0.9681864841770506,0.9999998250080822,0.9999992870733811,0.9997440837013833,0.9999970584222007,0.9999924368991306,0.9999981871711381,0.9993030492329348,0.9912322590171686,0.9994370513230179,0.9999066748680062,0.9999060292212995,0.9999637850717564,0.9999985792527702,0.9911636522561763,0.9762491842563306,0.99272189493353,0.9404668054524052,0.9939543973079086,0.9899812831254684,0.9760420629573935,0.9503950241732686,0.9879094972629547,0.9938095461770794,0.9919657248932854,0.9713383273658392,0.9994610648356762,0.9995572030868168,0.9996651003815323,0.9997363811732664,0.9991780567341815,0.9994876778464384,0.9981855946433205,0.9987929047949652,0.9995325283660655,0.999395630511029,0.9824958107153857,0.9288049373657378,0.9476928556909434,0.9509877668680746,0.9355621540177164,0.8823478952176522,0.9551346456805443,0.9401510477810928,0.9570842000336772,0.9550790268131683,0.945311216917906,0.9792712416798843,0.9775488402010811,0.9905303986996018,0.9968830917088688,0.9443819430881423,0.9604993701891893,0.9676233808929758,0.971610401709477,0.9695576468896981,0.947588665947789,0.8988969636954827,0.9524172712192381,0.955457586195959,0.9350958452553949,0.8854480296785041,0.9657770076305559,0.9355231273717954,0.9632846995561074,0.9450943184859041,0.772067041824914,0.853994747021754,0.7791955555760692,0.8689512774674809,0.8870545420407439,0.8943052977468776,0.8729617114582661,0.8826275626855887,0.3295931635635679,-0.5961269824186662,0.9616307359691534,0.9458121822958736,0.9449365090707901,0.9488824987265895,0.9571470556977012,0.967875653204679,0.9679313687881445,0.9263493991797995,0.9619487136694614,0.8423029850991336,0.7583248415559467,0.9423886567707215,0.9432186614987861,0.7882603450681575,0.9503103703010015,0.951435031897487,0.894695637401132,0.9750910049674912,0.8350660135999173,0.5753234714691324,0.7038808576512104,0.8564665964660844,0.8443531068989595,0.839173804226971,0.9813876759019791,0.9815810685088572,0.7630385702656132,0.7112956093510286,0.7833776972219232,0.383510384978214,0.7705788772058622,0.7894002123784211,0.7888576224915588,0.7862614899341607,0.7603311799415684,0.7363248333107294,0.7170025045285614,-0.30046076379393544,-0.45013933043061705,0.658252324478593,0.8803457189611766,0.9210141909889448,0.9328206132377915,0.9038731664637022,0.8126978559284839,0.9026334962018862,0.922234481631664,0.9212113616245572,0.7562256535379361,-0.1102508481922379],[0.9693697506882127,0.9848928983972288,0.9906762870514432,0.971652988185591,0.9840106158869578,0.9925241837564711,0.9573146660159718,0.9681864841770506,1.0,0.9832155979195972,0.987453253925329,0.9897103476259388,0.9718682988804447,0.9801960455181156,0.9767840556606391,0.9746607082232354,0.9491650553567298,0.9794407677000249,0.9775433123500585,0.9774913616939273,0.9816841007349981,0.9766381566572022,0.993979495012288,0.9926297324414417,0.9811340475277132,0.9885829631561527,0.9841814957896213,0.9899529958767936,0.9904267752311127,0.9671812044163756,0.9278914440193862,0.9494992603523431,0.9654889796405807,0.9490649123321616,0.9711725396298495,0.9795319748829707,0.976273784488871,0.9786374261699984,0.9878338427072612,0.9806668307191962,0.9671368886174655,0.9765219184724515,0.972017708809214,0.9709641800571179,0.9989424106109449,0.8875663325709017,0.916427538594319,0.9413664843032025,0.9316656002467515,0.8548446005483458,0.8843621573002759,0.8808286081425425,0.8881937758994136,0.9101559983678412,0.891356004983464,0.9280095499443792,0.9434562285571839,0.9495031673648778,0.9617510119709801,0.8986293228793117,0.9651537101570062,0.9417585390849642,0.9631074294822642,0.9417828582396306,0.896666578008176,0.9101951848568411,0.9380845844308735,0.9099689815684354,0.872901322798554,0.8747627376105367,0.9646067160205813,0.9153571329134843,0.9401771169316285,0.9016414446946134,0.810200658965208,0.8375597644909297,0.7183447367933714,0.8582619990542585,0.8724814574696966,0.8862112677209649,0.834159517235527,0.8527800319675527,0.37442814829459453,-0.5338432092426744,0.9538105964344303,0.9489304264621077,0.9452099106356883,0.8975164579943766,0.9436329902929526,0.951833986899247,0.951199715502055,0.9353555898588919,0.9360582798613047,0.8622298883273442,0.7621096898883705,0.933786779946324,0.9585839043028015,0.7865350142423478,0.9309315194829514,0.9326055085124693,0.8502207728601558,0.9676303313869552,0.7425056112321372,0.4677640229558348,0.645664331873711,0.7745624744611145,0.7740618371156803,0.7527568212884236,0.9670231332611096,0.9670407898128036,0.6918894697202809,0.6720569824588194,0.6762102238545533,0.374245276100896,0.6842582830770971,0.6919491479580273,0.6764523055977201,0.6905616700746009,0.7343174149649905,0.6789689281216834,0.6619920692195509,-0.34412164614970137,-0.47950139572946027,0.6700531977043691,0.8368299935781605,0.8347708421780533,0.8618958630696542,0.8580058779599121,0.7497823997728559,0.8144889487398066,0.840405321511975,0.8344414973346137,0.7054072302751591,-0.04913979247629722],[0.9964406497481815,0.9917644303883223,0.9932906135605541,0.996909918450911,0.9985473282909176,0.9846606593774645,0.9996020794903331,0.9999998250080822,0.9832155979195972,1.0,0.9999991113851433,0.9997489023773648,0.999998513241508,0.9999912132485278,0.9999976871189976,0.9996682113201464,0.9977995203667914,0.9994319407551362,0.9998790653689669,0.9998788396332152,0.9999764769961811,0.999999057685028,0.9937423570660632,0.977792820474235,0.9960244319169638,0.9736229667155014,0.9961098035825329,0.9899596895879926,0.9803837168982138,0.9516292921886254,0.9893759146556205,0.9935431971339057,0.9894169417225044,0.9677724346469276,0.9994811261167879,0.9995485676789494,0.9995606630932492,0.9998259502035577,0.9991916491988798,0.9994954230341807,0.9983880477067945,0.9988336027353731,0.999485103160629,0.9994785423505951,0.9868152084033417,0.9287674879252626,0.9477303373378435,0.9507972456575153,0.935352006078105,0.8824929608422472,0.9447384643573354,0.9336115084942004,0.9484277582300391,0.9531072311901811,0.9431986042123942,0.9778690297003063,0.9775838583289007,0.9910684440715508,0.9966613318709566,0.9725979941515703,0.9604404891511001,0.9732172737968678,0.971572997825745,0.9736611212702463,0.9734055394022598,0.9433475344205636,0.9523382739162289,0.9509331244455437,0.9505944121535128,0.9115946873439634,0.9657135713862905,0.9647984717970651,0.9704763633973821,0.9694929283293687,0.9274821254196455,0.8540459088504022,0.8105657826993643,0.8687177457826792,0.9075065002651684,0.8943389976933029,0.9004109081640181,0.8995374344840112,0.7050202473141461,-0.6059456051369498,0.961593268930908,0.9458170915420674,0.9449508136884092,0.9737384655347437,0.9525531684963224,0.9674948851354804,0.9671185844281178,0.9270478201528907,0.9692841220071368,0.9300749418941476,0.7583367538102588,0.9420727688177559,0.955306872178562,0.7708608284595652,0.9436270338954582,0.9449225103688095,0.8947677526893641,0.9742327739873504,0.8956289776884058,0.4755483924211826,0.6790567211574448,0.9013869006749188,0.8506966213246919,0.8969183689840294,0.9813442148310405,0.9815681142068301,0.7631072916151482,0.7110293841193654,0.76631697435042,0.38363651075476796,0.7186157277249918,0.7713050092784579,0.7666147001872357,0.7328404012955009,0.7600689262441559,0.7362844757967606,0.716935186984413,-0.5219558206444144,-0.6037702452582915,0.6584060064217687,0.8805225020375425,0.9205154084283711,0.9363109115925433,0.904102918219894,0.8091040312605096,0.8965432616412148,0.9140116972546294,0.9133081096483089,0.8030534515435366,0.11578432192037891],[0.9945990929931704,0.9917747634422449,0.9972901053506595,0.9952965238776601,0.9981457203157847,0.9804016327167207,0.9995542496731475,0.9999992870733811,0.987453253925329,0.9999991113851433,1.0,0.999748979267958,0.9999963027725445,0.9999946136377099,0.9999982645806096,0.9996486048343851,0.9974182201241403,0.999148059880661,0.9997737865736837,0.9997731594551487,0.9999983856870258,0.9999977800317073,0.9928032555763143,0.9726518220727041,0.9950300739989438,0.9814460596289504,0.9956373074233423,0.9899760600846026,0.9822721981473094,0.942925135377423,0.9881420971165122,0.9927905674598908,0.9826679213479403,0.9408587984267562,0.9992353614430435,0.9992937978658869,0.9992294299065055,0.9998878808234324,0.9991734213260683,0.9992399092478448,0.99778027276527,0.9983968221385329,0.9992060497670208,0.999201537707081,0.988815309655429,0.9284518084652662,0.9113266344707819,0.9507299872621534,0.9352354503986606,0.8821389765471787,0.9106230172904685,0.8994998838478727,0.915411140661481,0.9242362879267442,0.9088792605143263,0.9691835641431622,0.9691165308336307,0.9902670925287161,0.9950342688186534,0.9650440158720875,0.9605466704681803,0.9615199735785088,0.9617469437385774,0.963245755405222,0.9629832188998015,0.9191897912209758,0.942004771357983,0.9187338395434587,0.9182439764477194,0.8411424304736825,0.9631530000515313,0.9692445960441276,0.9654155483270362,0.9643244821144467,0.9185372430747852,0.7783222174386248,0.7362983078459507,0.8260777644180533,0.8833476354714195,0.8490799445106375,0.8661376410094597,0.8646646107930478,0.6995833985827428,-0.4278478621901947,0.9480604693769722,0.9459320282360275,0.945028458438662,0.9663176943700638,0.9390095064675961,0.951200005438895,0.9505382855571217,0.8967545973255574,0.9542847999449793,0.9023137866399457,0.7584889170747696,0.9424224007742079,0.9584479971974901,0.6485458061612238,0.8990034628202448,0.9019108955652819,0.8500369788399382,0.9843769952789934,0.8376375770079783,0.13888955939134942,0.5258188970054514,0.8499609479343597,0.8145702476682114,0.84417157883407,0.9851193814644309,0.9851314093932488,0.5077593429042055,0.6178422870904376,0.5152153358124877,0.3835466898305146,0.48026820092431255,0.5273207880666101,0.5167841661559213,0.45368372146138647,0.7475298055758881,0.5923922743416206,0.5523781237754956,-0.48615371025623605,-0.5414111944423763,0.6577820131140826,0.8590446976680834,0.8719007426626152,0.9023690046152131,0.8975503564434565,0.6607896770325831,0.8385852947173018,0.8640422280712736,0.8629349366206492,0.6062804238188834,0.058463813094830036],[0.9941930086226662,0.9935099194575582,0.9964372220138643,0.9951083390800022,0.9981903311520745,0.9795543389744342,0.9995731710506023,0.9997440837013833,0.9897103476259388,0.9997489023773648,0.999748979267958,1.0,0.9997627743357047,0.9997472248256156,0.9997542483659254,0.9996516522744032,0.9980630883380001,0.9993572488376681,0.9999676959066058,0.9999672318848809,0.9997532404772728,0.9997586340495427,0.9921943357817461,0.9685491272783973,0.9936591742528239,0.9817952063548049,0.9944926458340158,0.9927536502589984,0.9778516907891357,0.9217986146459749,0.9908187413435889,0.9938320559212739,0.9779019757946075,0.9199520724573891,0.9993649859018419,0.9994174380469342,0.9993750822352464,0.999552738789254,0.9995802923963487,0.9993931948339833,0.9976182155276263,0.9984210616085375,0.9993523169556872,0.9993473754134773,0.9899792131104608,0.9235854058043614,0.8959019594151839,0.9478064053308205,0.9347493195448843,0.8822292562303072,0.8716902901551102,0.9120516771970112,0.8756716027937866,0.8973339473568076,0.8696931927973951,0.9556271371655974,0.9555308834328383,0.9806898880416389,0.9942672123695205,0.9640932456566889,0.9652983325891047,0.9576153285284751,0.9597549904615906,0.9606925135014793,0.9605437838873342,0.9199615657075084,0.9339873486415011,0.9053277584897963,0.9051857730764814,0.8243134386297861,0.9617564064440575,0.9641496413716483,0.9642500368683092,0.963700135909331,0.9250816763995015,0.7185879653610686,0.6716051068834953,0.7856223448600886,0.8576517147517614,0.8067094383413321,0.8329112013118541,0.831969974977879,0.6710275417064522,-0.33264115431906227,0.9425604513637764,0.9490175230431607,0.942343149972528,0.9650658414967789,0.9397302042490607,0.9466818156697336,0.9458493755035529,0.8944406240038165,0.9495535069622331,0.8988603619431984,0.7035190034523945,0.9396421394891299,0.9339933225362388,0.5017705380918238,0.8362118253259391,0.8412431968864158,0.7378614083490175,0.9774221683440378,0.7136372586766828,-0.23308278598050683,0.25437099625088305,0.737810195621085,0.6923781332296285,0.7313293735411784,0.9786087082250029,0.9786845143301912,0.1787550895247816,0.3364099147732569,0.183833386264684,0.15565968484934942,0.17598255440659577,0.1928204937034873,0.19014686460766841,0.10686770653937801,0.5270090010381788,0.2587931694980238,0.2061213805555843,-0.5060872229478001,-0.5497774180157413,0.658618613007776,0.7505282513265009,0.7746619200708483,0.8376817014513402,0.8236387084771322,0.5574016123053968,0.7498111255223087,0.7693889571574541,0.7676246515349865,0.41982697960963883,0.25080458215904106],[0.9962368584877832,0.9918968898912252,0.9904434762074197,0.9966497263329656,0.9985759200970705,0.9850965792646335,0.9983944943700778,0.9999970584222007,0.9718682988804447,0.999998513241508,0.9999963027725445,0.9997627743357047,1.0,0.9999909107602133,0.9999976764955495,0.9993527975382948,0.9929438957076802,0.9994783537481828,0.9999158160061932,0.99991549151541,0.9999708838485997,0.9999988908901927,0.991054777656562,0.9760754353585436,0.9933831301741582,0.9454046174339894,0.9939077833988437,0.9901046519268268,0.9758503201956836,0.9503577364037958,0.9888163532048899,0.9938878715455405,0.9920551437126722,0.9714832468006473,0.9995038340336455,0.9995976927595898,0.9996961991130008,0.9997366317404172,0.9992423199936377,0.9995297488960174,0.9982735007506628,0.998862605578911,0.9995756555073312,0.9994393668178139,0.9822680922595717,0.9291002201139005,0.947881540940273,0.9509466072171604,0.9357387188596615,0.8830710483755408,0.9554933128509552,0.9405577057161221,0.9574476729137933,0.9554411781832599,0.9457225789328895,0.9795299704969355,0.9777475846383034,0.9906750741639324,0.9969611503255867,0.9446686419079581,0.9605930098691169,0.9678662373167218,0.9717063719842038,0.9697979204882411,0.9478281410693311,0.8989600324706334,0.9526274052540953,0.9558299226890739,0.9355024822356667,0.8857566564013484,0.9658248410914358,0.9357033553074764,0.9634736169597615,0.9453609179876807,0.7720672439171691,0.8543636981919203,0.7796971196430018,0.8693009701284349,0.8873258909534905,0.8944907310508059,0.873322651966684,0.8829907663969541,0.3297984230197768,-0.5961326367217645,0.9617799844020025,0.9460447799270499,0.9451411316291815,0.9491116796081964,0.9573082621075052,0.9680403208661739,0.9680982310139072,0.9264311867183099,0.9622111721881138,0.8424105755212649,0.7584326870280069,0.9417575389029395,0.9427114669016146,0.7883651946506035,0.950333821433242,0.9514500773252057,0.8950377082767976,0.9749435567047495,0.8355467157361514,0.5763984939035337,0.7045448752048252,0.8569364755537343,0.8448863667047903,0.8396496730865493,0.9813211427358122,0.98151447397577,0.7636657257695462,0.7118372251462379,0.7839816294079293,0.38420982955855715,0.7712552768305574,0.7900907744378303,0.7894735498879478,0.7869724968342535,0.7606913214085969,0.7367786289572014,0.7174759547684363,-0.2995098224524574,-0.44929230555687244,0.6587364451172983,0.8808721246414077,0.9214773127179071,0.9333572530947888,0.9043533311046691,0.8132705865977979,0.9032157738495948,0.9228109145363391,0.9217770114198721,0.7569114340749843,-0.1112826101255187],[0.9962714482732521,0.9917651285621104,0.9926661189762775,0.9967727540641428,0.9985794755990058,0.9855950585478553,0.9994674341485896,0.9999924368991306,0.9801960455181156,0.9999912132485278,0.9999946136377099,0.9997472248256156,0.9999909107602133,1.0,0.9999948548348788,0.9995488214984282,0.997734525969369,0.9994345952676763,0.9999005376056712,0.9998992893215403,0.9999521650929156,0.9999908470730962,0.9930262652697239,0.9764962112042154,0.9957355968869437,0.9676153247378739,0.995509437292724,0.9899301627546525,0.9762117952336676,0.9505182599472921,0.9890096548354894,0.9938708315292104,0.9912978428467804,0.9709705280238432,0.999476882231058,0.9995495311460268,0.9996125839463669,0.9998838095520775,0.999202825106178,0.9994770854549546,0.9981174478394831,0.9987813933475403,0.9994947685406207,0.9994859322983836,0.9847667276395603,0.9289190577924515,0.9476205249503795,0.9506900530433023,0.9352296869173713,0.8824340757208511,0.9495339957954037,0.9326645853435075,0.9517756304773058,0.9547799061654575,0.9449843663562217,0.9777943798483135,0.9774055580633478,0.9899076122354659,0.9969554226118458,0.9727723452373179,0.9602088402149815,0.9732780646082739,0.9715770761496396,0.9742463124664958,0.9739749816990009,0.9517377528424589,0.9520432831758114,0.9549240377177208,0.9545640609004921,0.927235857498758,0.9657478360927855,0.9675653411239017,0.9720525486452035,0.9709379518578896,0.9364356896361689,0.8537257968420743,0.8170539777598911,0.8684778591231301,0.8985479856747016,0.8940793473620274,0.894786231560564,0.8935787386346763,0.6822966879555346,-0.5965708629558979,0.9616126985758834,0.9457113004279881,0.9446993223230736,0.9739229598750468,0.957221222651943,0.9678632242326435,0.967954436303403,0.9264538488338885,0.9684035227559901,0.9380134946682106,0.7581951200723137,0.9417897805757668,0.9483907478808549,0.7873879277149983,0.9501638352538506,0.9512158156883236,0.8946386799627971,0.9752993469907354,0.8840870376174387,0.5756621349513238,0.7034029296270153,0.8917628548149718,0.857408755836418,0.8824760742018626,0.9816036965604826,0.981824576704668,0.7622001178078647,0.7104668141661487,0.8006183037258844,0.38360586626721227,0.7758285836702484,0.8051824280068058,0.7996652433858705,0.7857224797565087,0.7601457126871773,0.7349503103708448,0.7156421912379435,-0.3912080611664182,-0.5122107475717997,0.6576478203986145,0.8805194330815412,0.917851300966314,0.9286958891128925,0.9044437671167533,0.8118694210093623,0.8899507574143539,0.9107701316771744,0.9102307478067313,0.840613234731329,-0.07823261468481187],[0.9961655888739828,0.9918263204218007,0.990634673625328,0.9965960512157819,0.9985791545074412,0.9852960274364211,0.9991705752877709,0.9999981871711381,0.9767840556606391,0.9999976871189976,0.9999982645806096,0.9997542483659254,0.9999976764955495,0.9999948548348788,1.0,0.9994452694299608,0.9969852022871093,0.9994534340268092,0.9999096790605733,0.999908711424641,0.9999648857721503,0.9999973714054248,0.9912084618716859,0.9763142817895769,0.9950864294708929,0.9590828378496558,0.9948884807753147,0.9900583870977057,0.9760970075267669,0.9505672260883514,0.9912786298164634,0.9941565605491974,0.991913160360308,0.9712459045324835,0.9994729573659427,0.9995586626761053,0.9996724899467767,0.9997521572793439,0.9992071628227558,0.999485147553888,0.9982111363798083,0.9988095981784584,0.9995426746041074,0.9994085389578228,0.9824956930058817,0.9288834737896563,0.947710723846441,0.9509833497547457,0.9356753084730096,0.8826568641966043,0.9552150938239464,0.940286846139055,0.957196920643164,0.9550273618960924,0.9452266647186238,0.9792971823873866,0.9774921155580479,0.990500175808219,0.9968468983093295,0.9446815391701497,0.960584478605994,0.9677927083236303,0.9716887399314681,0.9697125315849247,0.9474007388961768,0.8991163008526695,0.9523215880000608,0.9555223818720522,0.9353115303034151,0.8855830019808134,0.9659240988324357,0.9358741753135266,0.9634908349914922,0.945408670478293,0.7724195267272994,0.8539851262880093,0.7794607669868916,0.8689847234660265,0.8872265380593276,0.8943087704752385,0.8731156690727844,0.8827979426661143,0.3299526839123375,-0.5958238582978491,0.9617146831714654,0.9459559943238411,0.9450635430854488,0.9475931995016522,0.9573239148842112,0.967956428566625,0.9680087410039394,0.9265416007427822,0.9621188577888927,0.8425746363097165,0.7583573200727471,0.9420855442105148,0.9431170570864389,0.7882579629822648,0.950235333769059,0.9513643325406488,0.8945126067885503,0.9751084079754373,0.8350984437011656,0.5751501902247377,0.7037672842762361,0.8564768497792019,0.8444790317996919,0.839203175106256,0.9814277395794514,0.981618074987088,0.7626451041522189,0.710949681210665,0.7833581573843789,0.3837739644737605,0.7705566363204679,0.789320114377585,0.7890147988173941,0.7861614375465246,0.7602483403126686,0.7355756361732936,0.7162879777919701,-0.3002717249162219,-0.4499458153156541,0.6585024027296094,0.8802511960949686,0.921138209012045,0.9328624828518445,0.9039132578523847,0.8124917189044993,0.9028378561708394,0.9222710420627672,0.9213654737740019,0.7563213445624904,-0.11052514639764249],[0.9976762467844061,0.9940431127842239,0.9900565951324203,0.9979530904577683,0.9990780590530011,0.9849476727680756,0.9998901491992974,0.9993030492329348,0.9746607082232354,0.9996682113201464,0.9996486048343851,0.9996516522744032,0.9993527975382948,0.9995488214984282,0.9994452694299608,1.0,0.9983610838332013,0.9998459180601659,0.9995369962287516,0.999541605452155,0.9997614571132916,0.9995217809800625,0.9908336409412509,0.9752452895626619,0.993688769330512,0.9512576351566104,0.9933297576151318,0.9917403989549739,0.9741755321732682,0.9511167144175342,0.9917400822837232,0.9925524492823651,0.992820829390193,0.9734284657298231,0.9992609240020948,0.9997289146472852,0.9997100940407019,0.9995590501706412,0.9995795105324328,0.9996830033091038,0.9988233105055906,0.9995703613703555,0.9995003248058368,0.9992539211097345,0.9810375334354149,0.9274144012582948,0.9499145421037073,0.9469115781578383,0.9358804021217734,0.8898345590551827,0.9573623533845212,0.9449849688027359,0.9596388536163629,0.9593488998487789,0.9496457652873923,0.9813698411601598,0.9796487887328165,0.9915023387597723,0.9963515010910359,0.9494774844058775,0.9642419713592006,0.9730904949237241,0.9742825705719509,0.9747337373682864,0.9503937600833853,0.9053185259531851,0.9557297631003683,0.9611206871897324,0.9405467342506955,0.8947623933360108,0.9684082689023691,0.9411481737082927,0.9681369284367085,0.950035442645419,0.7816281605608141,0.8598572809912065,0.7841206806229828,0.8745929202487952,0.8926171544988007,0.8972619084065911,0.8770839355072996,0.8884100427491549,0.34198339437031033,-0.5926109205655873,0.9650862176559666,0.951103453671058,0.9499200807403522,0.9519625772729067,0.9614635889629273,0.9713045934134314,0.9713839294747307,0.9310048914740824,0.9676947174187779,0.8510110205519616,0.7600472720556654,0.9318672158729725,0.9347467066612046,0.790786120213986,0.9503008193609561,0.9512239904381675,0.8947931689655171,0.9714754060404275,0.8343776955731883,0.5853711310204477,0.