var config = { responsive: true }

var correlationClose = {"data": [{"type": "heatmap", "z": [[1.0, 0.9999842646300088, 0.9770794441211211, 0.999690783512703, 0.9972448600991269, 1.0, 0.9900706153628522, 0.9852813961311875, 0.9906563914285706, 0.9727246983505384, 0.9792021186168569, 0.9901186215852361, 0.9902799831303669, 0.9901890878046837, 0.9902431081547546, 0.9931423713394752, 0.9933600395594431, 0.9912880808835449, 0.9912748156760329, 0.9912463833153466, 0.9901078724453128, 0.9770712824746399, 0.9638080537539581, 0.9760799334273693, 0.9760531405042467, 0.9501085104743121, 0.952266821098906, 0.9429674134827583, 0.9898881731280446, 0.9898430648122952, 0.9857158214568941, 0.9741038248600717, 0.9932533098598862, 0.9941915844271906, 0.9932715494780939, 0.9914893783744263, 0.9857266735218884, 0.9938665873265246, 0.9938194279300856, 0.9947560275077357, 0.9934625997493328, 0.9934496817472227, 0.9934625997493328, 0.8972739323210551, 0.6934782608113654, 0.8625826761547261, 0.895414260877261, 0.8118658596981013, 0.9644062950114898, 0.9292505518218968, 0.9549167961367572, 0.949806846027352, 0.9530841386261173, 0.9781806106846612, 0.9721122373573684, 0.9074210102604598, 0.8964800913849804, 0.9273414381939207, 0.8980781832909446, 0.9237380959324277, 0.9246240380149651, 0.9237380959324277, 0.8293241704503159, 0.9020953479522645, 0.903301791294044, 0.9020953479522645, 0.8825196197179943, 0.70834795928529, 0.8591113614253071, 0.8609409992854714, 0.8591113614253071, 0.5991428945790086, 0.48636832731295343, 0.5737148052645372, 0.727058222653802, 0.46184069293286495, 0.5267362276707216, 0.5287672954771365, 0.5267362276707216, -0.5978403747285499, 0.8697063680972552, 0.9002080081207469, 0.8818854166124871, 0.9089668560800915, 0.9339898932529378, 0.8679435489204423, 0.8694005942730271, 0.8679435489204423, 0.8806861655854479, 0.8806861655854479, -0.1739685672421046, 0.5075391017930637, 0.21331761056097362, -0.5138863989058737, -0.5431878359675291, -0.5470137589634165, 0.004296815133467084, 0.03217616416618875, 0.2875241859345272, 0.19561569062466636, 0.11649648791780359, 0.09119477036589697, 0.11817767701407679, -0.17480910999221178, 0.10140965377328894, 0.10160238482214783, -0.5158119197497847, -0.41140254535881016, -0.17416784816623038, -0.4571690475506634, -0.340132675622805, -0.3153059404149187, -0.30577836520945734, -0.3153059404149187, -0.16566410989767583, -0.22009214094436325, -0.22009214094436325, -0.5232494279124206, -0.5232494279124206, 0.39885588000101235, 0.6693338159324389, 0.8786973548369239, 0.8565427036640517, 0.7960172329678118, 0.6768230735658546, 0.776765343618596, 0.8177828268884323, 0.8180176426375414, 0.8177828268884323], [0.9999842646300088, 1.0, 0.9639739987542665, 0.999113093947866, 0.9926951409177659, 0.9999842646300087, 0.9743954579549586, 0.9638056512410381, 0.9741223732111389, 0.9548121004276642, 0.9765968879618203, 0.9744480181127613, 0.9743995148553289, 0.9741898449700093, 0.9733044762210363, 0.9831478819520354, 0.9816257314567971, 0.9806816685922909, 0.9806468926616664, 0.974527646924432, 0.9745158647704119, 0.9795796146390418, 0.9637509116408617, 0.9663258275661555, 0.9664115382753877, 0.9504579035629123, 0.9714601482743667, 0.9240736164874795, 0.9736320481483397, 0.9736848773750705, 0.9702313460651918, 0.9162967804704992, 0.9856496428815711, 0.9857607095158475, 0.9866417217129417, 0.9771545150478522, 0.9837335478846533, 0.9856371083154886, 0.9863878071588786, 0.9861582958703891, 0.9867769199813098, 0.9867508973183108, 0.9867769199813098, 0.8974389149778994, 0.608068504211929, 0.8634391919166955, 0.8962343824892912, 0.8110666872936889, 0.8646617197851618, 0.8824748061366503, 0.8547645578890318, 0.8717432989841646, 0.8610013389367213, 0.937813004325725, 0.9378675863336964, 0.9101418682600085, 0.9217491705644618, 0.8957336604287821, 0.8954140362378108, 0.9033718973178728, 0.9042270691024721, 0.9033718973178728, 0.7472121013379801, 0.7086126352688058, 0.7107305313600237, 0.7086126352688058, 0.9151503271702202, 0.9211322138452902, 0.9148066677622274, 0.9162418918170255, 0.9148066677622274, 0.4087700613930785, 0.3534233165474455, 0.47588594956747715, 0.5755077779670211, 0.45148914818545405, 0.49788336332937544, 0.4992055418703279, 0.49788336332937544, -0.19413142495960775, 0.8465357758003917, 0.8872538984601718, 0.8718442929256727, 0.9181985870284853, 0.9198008144238927, 0.839494914309357, 0.8399689890552628, 0.839494914309357, 0.8520253197520721, 0.8520253197520721, -0.28199280307390645, 0.507398811890131, -0.3760902337736537, -0.45597752500581257, -0.4562490804882042, -0.4597597561769102, -0.26373252685085624, 0.20404563580713664, -0.18133684825439148, -0.3391233350479932, -0.19252242842893302, -0.24699839103326054, -0.2714492205867586, -0.2998948552570705, 0.0753834953038544, 0.06994950437493153, -0.4691002194979361, -0.4205537050298587, -0.4483570891857171, -0.47825169727497374, -0.4706998714728429, -0.4514879822644401, -0.45466293643289807, -0.4514879822644401, -0.35122794648271816, -0.477799127655868, -0.477799127655868, -0.45743051958498526, -0.45743051958498526, 0.39861875418526105, 0.4387666897997928, 0.5295441609189817, 0.6122253858678862, 0.5895477124742275, 0.2664176468965875, 0.40670895344810176, 0.4031555577463712, 0.40327816988274756, 0.4031555577463712], [0.9770794441211211, 0.9639739987542665, 1.0, 0.981139337808317, 0.9908622945618915, 0.9770794441211212, 0.9852774767307798, 0.9833427476223784, 0.9922351192921797, 0.934063123286113, 0.9963044253253551, 0.9852273545012814, 0.9827135377787286, 0.9849914671559359, 0.9848855149595274, 0.9880447817905924, 0.9890914837335573, 0.9826955399274101, 0.9826770574950798, 0.990753446761347, 0.9851338639111783, 0.9904809384365093, 0.9788771976664589, 0.9826662973183328, 0.9826830495657858, 0.9795490141611283, 0.9771166126278078, 0.9459077683438416, 0.9670193211717616, 0.9670874422027691, 0.9719323233187561, 0.9474719768221264, 0.9811857876829019, 0.9877000964362623, 0.9795004646896622, 0.9825777961543911, 0.9933849946915556, 0.989658191386106, 0.9792918628925702, 0.9867375276659532, 0.9808699399328674, 0.9801533820036029, 0.9808699399328674, 0.9060330005151817, 0.609087277582829, 0.9078459680502323, 0.8769351564758208, 0.6571011912732981, 0.9075103815979624, 0.8572803821418007, 0.8950840522647421, 0.8918120414266612, 0.8992660513034555, 0.9292127360158906, 0.9387391700431367, 0.7393954015090268, 0.799968192925493, 0.8152089196899966, 0.8359823154887103, 0.8074438773985841, 0.7763330808947776, 0.8074438773985841, 0.7208598719780605, 0.7628682847438176, 0.7629200438063589, 0.7628682847438176, 0.8282131043013589, 0.3943284121162968, 0.58605532362225, 0.6563269219879135, 0.58605532362225, 0.4927032113420192, 0.4626098511553794, 0.4569954067805067, 0.617210027162778, 0.3951927584352973, 0.4256008558823897, 0.3920959928869451, 0.4256008558823897, -0.5891129428151469, 0.7946072106697079, 0.7739405256823586, 0.7758808794367691, 0.7539951441548514, 0.8815590511184492, 0.8005406964745027, 0.8030869167319854, 0.8005406964745027, 0.7449110028713687, 0.7449110028713687, -0.2828419154294514, 0.7030651691446878, 0.16460629239876282, -0.6097694777861359, -0.6350581202500348, -0.6379290794288525, -0.10834610628061694, -0.008530202209648405, 0.28404153082588945, 0.06120001442011953, 0.009534319699146686, 0.04236612903629125, 0.008466096825163241, -0.171359645405141, 0.004408675237733331, 0.004304734311771938, -0.6063398193621925, -0.5256139211637822, -0.13039448324551567, -0.5812515396406381, -0.43746280781172786, -0.4014090079017223, -0.23263514820017628, -0.4014090079017223, -0.29101093441085696, -0.35659050299380807, -0.35659050299380807, -0.6261664753454771, -0.6261664753454771, 0.31315785623260295, 0.5738499986182681, 0.7846876584436047, 0.7632802868706124, 0.7322003475383332, 0.5694034057549316, 0.710346679801883, 0.7176074390098419, 0.7496453939187314, 0.7176074390098419], [0.999690783512703, 0.999113093947866, 0.981139337808317, 1.0, 0.9984942567871049, 0.9996907835127029, 0.9917880865213213, 0.9874806127920275, 0.9928005394824814, 0.9705368631115583, 0.9850615147488737, 0.9918228743602062, 0.9919117007208984, 0.9918635886744644, 0.9919054042659787, 0.9947802324861819, 0.9949411857167966, 0.992760039030667, 0.9927489447708557, 0.9931541160564787, 0.9918035549054144, 0.9804673622049386, 0.9669532064298887, 0.979178106831728, 0.9791522557937531, 0.9632740072690557, 0.9568549981186624, 0.9443044194339245, 0.9898220569593164, 0.9897877176818481, 0.9866750097645138, 0.9735507611749463, 0.9941470067894848, 0.99543259563817, 0.9941180081818585, 0.9927549709881869, 0.9900803988778142, 0.9953613145972232, 0.9945188500816513, 0.9959188371937119, 0.9942512901537145, 0.994242507977124, 0.9942512901537145, 0.8966988798895352, 0.6808964090885866, 0.8726026044438908, 0.8903897586928091, 0.788345903036265, 0.958592062165805, 0.921321724016635, 0.9481151826220604, 0.944137658056724, 0.9481464481740176, 0.9739703024741716, 0.9693969787238275, 0.880938405629028, 0.8856421851695409, 0.910964637807281, 0.8920691483284453, 0.9022816714127856, 0.9035061101497085, 0.9022816714127856, 0.8182891729627013, 0.8877825504696234, 0.8891145334967214, 0.8877825504696234, 0.8770180443194199, 0.6352144300637441, 0.810691821746375, 0.8125716707243966, 0.810691821746375, 0.588276956421799, 0.45802328732835645, 0.5606455283328255, 0.7078841905082266, 0.4544472880190637, 0.4930667832847872, 0.49582926396272387, 0.4930667832847872, -0.5996538016146429, 0.8618827016630869, 0.8872063823212862, 0.8701010485356638, 0.8797883058330291, 0.9296859934760509, 0.8612916154034675, 0.8629392381970562, 0.8612916154034675, 0.8565279429824755, 0.8565279429824755, -0.18110035502518024, 0.5392474815615388, 0.21813466998383807, -0.522634372558432, -0.5515307587136321, -0.5552644250850285, -0.008631614422199417, 0.025917446346145335, 0.28018935943695, 0.18297720031322187, 0.1056311588920615, 0.08435137459255705, 0.11187735697712173, -0.18303945890726958, 0.08927308069706084, 0.0895108945498934, -0.5237994171872099, -0.4230843869329949, -0.17619050633859243, -0.47076765985775587, -0.3427792556500434, -0.3173311997685148, -0.30836326536637404, -0.3173311997685148, -0.17581630660467293, -0.23087580215253142, -0.23087580215253142, -0.534861922758094, -0.534861922758094, 0.38242931421375614, 0.657096673253023, 0.8713271004620455, 0.8491919340930596, 0.788749222331991, 0.6680974680232318, 0.768066758406575, 0.8094247473681088, 0.8096756894482573, 0.8094247473681088], [0.9972448600991269, 0.9926951409177659, 0.9908622945618915, 0.9984942567871049, 1.0, 0.9972448600991269, 0.9965109527534841, 0.9942738807573401, 0.9966936877384381, 0.9591574262299463, 0.9946583060309855, 0.9965298268213056, 0.9966312538103269, 0.9965636605450292, 0.9965642003142056, 0.9976455740325968, 0.9972576184081928, 0.9971584981599562, 0.9971552458674523, 0.9965248052700149, 0.996521211488069, 0.9929796645384414, 0.9796462591184454, 0.9895516232945628, 0.9895033893562554, 0.9807056098610861, 0.9785866476927421, 0.9481537857572228, 0.9883847107155344, 0.9883195688830645, 0.9877277082021789, 0.9642701547050914, 0.9976660610627378, 0.997612257727399, 0.9975180553283621, 0.9970425872979034, 0.9969175259126586, 0.9978274169135157, 0.997939873913316, 0.997682296589543, 0.997644647888592, 0.9976486542035611, 0.997644647888592, 0.9134942524912486, 0.6429212248239586, 0.8983440996362944, 0.8927184440708571, 0.750881966177599, 0.9378317633518679, 0.8940278577714068, 0.9265061091837768, 0.9293299012456238, 0.9367769059988059, 0.9673050130070225, 0.9673964083641025, 0.8710994447053909, 0.8592399833936899, 0.8922278692036907, 0.8747301513560579, 0.8900336390429108, 0.8905651640028996, 0.8900336390429108, 0.7845923889629475, 0.8234351292951102, 0.8250447993518544, 0.8234351292951102, 0.8613955580352092, 0.7409453942428579, 0.8407782420873375, 0.8419779054196243, 0.8407782420873375, 0.5352994670890882, 0.3959364806576558, 0.5162536145109686, 0.6933365193948376, 0.509549053102022, 0.48554162669525375, 0.4857616812732966, 0.48554162669525375, -0.5876579130694113, 0.8377538860382264, 0.850578141046352, 0.8378046108448688, 0.8821905814822056, 0.9019545485207202, 0.840171973069434, 0.8417644446168915, 0.840171973069434, 0.8489036977220125, 0.8489036977220125, -0.22768885100061187, 0.6083410070846109, 0.0735057173836958, -0.5804301518161529, -0.6141319842881157, -0.6145634913388727, -0.04681495066318455, 0.046080765892293554, -0.11939043661649734, -0.0694588473085484, -0.04857387105595259, -0.29303820352704174, -0.34592947784629025, -0.49153179242453543, 0.05257641751876681, 0.05263843658011447, -0.5570206388525472, -0.4643585306523814, -0.4853128351913706, -0.5183396476991884, -0.5751803687817734, -0.5453012487445994, -0.5477025532932841, -0.5453012487445994, -0.22315206453146222, -0.27245740552091824, -0.27245740552091824, -0.64098096788014, -0.64098096788014, 0.357853552867951, 0.6344540429401975, 0.8190391416971283, 0.7909266024920628, 0.7751358347060276, 0.5955726780105554, 0.6164133043500288, 0.7007394995583591, 0.7011619150008714, 0.7007394995583591], [1.0, 0.9999842646300087, 0.9770794441211212, 0.9996907835127029, 0.9972448600991269, 1.0, 0.9900706153628522, 0.9852813961311875, 0.9906563914285706, 0.9727246983505384, 0.9792021186168569, 0.9901186215852361, 0.9902799831303669, 0.9901890878046837, 0.9902431081547546, 0.9931423713394752, 0.9933600395594431, 0.9912880808835449, 0.9912748156760329, 0.9912463833153466, 0.9901078724453128, 0.9770712824746399, 0.9638080537539581, 0.9760799334273693, 0.9760531405042467, 0.9501085104743121, 0.952266821098906, 0.9429674134827583, 0.9898881731280446, 0.9898430648122952, 0.9857158214568941, 0.9741038248600717, 0.9932533098598862, 0.9941915844271906, 0.9932715494780939, 0.9914893783744263, 0.9857266735218884, 0.9938665873265246, 0.9938194279300856, 0.9947560275077357, 0.9934625997493328, 0.9934496817472227, 0.9934625997493328, 0.8972739323210551, 0.6934782608113654, 0.8625826761547261, 0.895414260877261, 0.8118658596981013, 0.9644062950114898, 0.9292505518218968, 0.9549167961367572, 0.949806846027352, 0.9530841386261173, 0.9781806106846612, 0.9721122373573684, 0.9074210102604598, 0.8964800913849804, 0.9273414381939207, 0.8980781832909446, 0.9237380959324277, 0.9246240380149651, 0.9237380959324277, 0.8293241704503159, 0.9020953479522645, 0.903301791294044, 0.9020953479522645, 0.8825196197179943, 0.70834795928529, 0.8591113614253071, 0.8609409992854714, 0.8591113614253071, 0.5991428945790086, 0.48636832731295343, 0.5737148052645372, 0.727058222653802, 0.46184069293286495, 0.5267362276707216, 0.5287672954771365, 0.5267362276707216, -0.5978403747285499, 0.8697063680972552, 0.9002080081207469, 0.8818854166124871, 0.9089668560800915, 0.9339898932529378, 0.8679435489204423, 0.8694005942730271, 0.8679435489204423, 0.8806861655854479, 0.8806861655854479, -0.1739685672421046, 0.5075391017930637, 0.21331761056097362, -0.5138863989058737, -0.5431878359675291, -0.5470137589634165, 0.004296815133467084, 0.03217616416618875, 0.2875241859345272, 0.19561569062466636, 0.11649648791780359, 0.09119477036589697, 0.11817767701407679, -0.17480910999221178, 0.10140965377328894, 0.10160238482214783, -0.5158119197497847, -0.41140254535881016, -0.17416784816623038, -0.4571690475506634, -0.340132675622805, -0.3153059404149187, -0.30577836520945734, -0.3153059404149187, -0.16566410989767583, -0.22009214094436325, -0.22009214094436325, -0.5232494279124206, -0.5232494279124206, 0.39885588000101235, 0.6693338159324389, 0.8786973548369239, 0.8565427036640517, 0.7960172329678118, 0.6768230735658546, 0.776765343618596, 0.8177828268884323, 0.8180176426375414, 0.8177828268884323], [0.9900706153628522, 0.9743954579549586, 0.9852774767307798, 0.9917880865213213, 0.9965109527534841, 0.9900706153628522, 1.0, 0.9970341195597789, 0.9999669832291278, 0.948515482474614, 0.9995327852071486, 0.9999959506996181, 0.9999571394368832, 0.9999919711178553, 0.9999168323489731, 0.9937661514871506, 0.9998079855704812, 0.9998236794773143, 0.999824044049267, 0.9999943180218174, 0.9999963285459262, 0.9909087241234482, 0.9746595145193122, 0.9835121244809706, 0.9922472654902412, 0.9824828748090662, 0.9707717797602332, 0.9383473527800931, 0.9925361994878529, 0.9921992114254028, 0.9920645949616816, 0.9678393405657925, 0.9992767946617643, 0.9993613771207445, 0.9993328455704259, 0.9997298502953238, 0.9985007994252412, 0.9992405537518224, 0.9981668490768264, 0.9993450560188444, 0.9990851354867148, 0.9989995364779635, 0.9990851354867148, 0.9204330100612227, 0.6422384298095435, 0.92144103279739, 0.8978138459898171, 0.6969073886640675, 0.947845741747495, 0.9122373553932013, 0.9354061063934275, 0.9260353937726389, 0.9366995904758267, 0.9690880833752954, 0.9612637904229882, 0.6954109194915065, 0.8028609557764893, 0.7861808192535106, 0.8322118365570028, 0.7787845185377295, 0.7496634926605675, 0.7787845185377295, 0.7363926388410984, 0.7506131759126862, 0.7533342728141181, 0.7506131759126862, 0.8156417464251818, 0.2707013061539593, 0.4923139055292611, 0.5855997930841423, 0.4923139055292611, 0.5006442107543149, 0.46003205204981473, 0.45844471379913004, 0.5938168764667703, 0.3710152790942857, 0.3992888177897562, 0.34699586419797396, 0.3992888177897562, -0.6528539704475564, 0.7911001504751562, 0.7915272991147694, 0.7844616084281416, 0.7203426548806946, 0.8856263433160573, 0.7963938352742479, 0.7987405206904116, 0.7963938352742479, 0.7017078647138323, 0.7017078647138323, -0.2658762917070988, 0.665185751791623, 0.26405568369458055, -0.5703997992277815, -0.597468044414075, -0.6006942369573691, -0.06498320532309351, -0.028606207286948376, 0.3768232875188464, 0.14036179923197123, 0.061581979036301894, 0.12988776177005884, 0.09739660843042902, -0.09017313649944443, 0.01393159447500801, 0.014261418476200407, -0.5731756097464245, -0.49751338376819065, -0.01900316188588994, -0.5586766812218342, -0.34959779706840627, -0.3162837200661892, -0.13971537771191098, -0.3162837200661892, -0.26123253627427095, -0.2853107180287676, -0.2853107180287676, -0.6035152405866784, -0.6035152405866784, 0.35308238186893687, 0.6084510988432392, 0.8040153196685577, 0.809775522768454, 0.7622621045059803, 0.648615542277754, 0.7477010152543416, 0.7702886689853814, 0.7886787162730408, 0.7702886689853814], [0.9852813961311875, 0.9638056512410381, 0.9833427476223784, 0.9874806127920275, 0.9942738807573401, 0.9852813961311875, 0.9970341195597789, 1.0, 0.9994218665289192, 0.9394495541210718, 0.9980167164255286, 0.9978603772549143, 0.9992100989252133, 0.9989360671071517, 0.9986136416525999, 0.985951668230783, 0.9988352191099769, 0.9989937537143133, 0.998996642880226, 0.99946645961532, 0.9991112047841446, 0.9907761356011981, 0.9749641970383855, 0.9913884971714046, 0.9920786671734926, 0.976986661601691, 0.9728193887538042, 0.9363500680043345, 0.9888729585236014, 0.9922924464521459, 0.9902385816250545, 0.9639099890198675, 0.9980717642147657, 0.9979447307093687, 0.9979534972977783, 0.9989495492381374, 0.9955545374696696, 0.997708663582486, 0.997499345636691, 0.997809031026784, 0.9978861855288395, 0.9979173577074271, 0.9978861855288395, 0.9184725548101611, 0.6262380424687249, 0.9230378126738367, 0.8939295703702327, 0.6673933755807794, 0.9454681918034895, 0.9048188759026061, 0.9315893656826957, 0.916563539466378, 0.9286884268553512, 0.9642403176309442, 0.9554653221025183, 0.6782298306745073, 0.7849923164567969, 0.7656317825566803, 0.8202474159369557, 0.7595233029446189, 0.7350541377499068, 0.7595233029446189, 0.7196562413854715, 0.7278922335068279, 0.7377399064330183, 0.7278922335068279, 0.8037287195764513, 0.2467995514792218, 0.4668172986224504, 0.5658603209288636, 0.4668172986224504, 0.48386509911078746, 0.4517464077094585, 0.43962513250290225, 0.5754208756292358, 0.35984124712584437, 0.3856311378948645, 0.32727981416109675, 0.3856311378948645, -0.6530765119155776, 0.7772221080233923, 0.7681598821970606, 0.7658832861376564, 0.7028766076326636, 0.8751291057390955, 0.7832828490479989, 0.7858920401171718, 0.7832828490479989, 0.6792909358212408, 0.6792909358212408, -0.28467877350465876, 0.6998730242489394, 0.2729548177008293, -0.5861871474200764, -0.6126493749088382, -0.6156708535894292, -0.0813564038607065, -0.038477808049595094, 0.3701630105279768, 0.12048560609971001, 0.044926291350906936, 0.12063112603404667, 0.08137471828061127, -0.09665770797159436, -0.004290660457891863, -0.003944810358531765, -0.5869950353753041, -0.51498611347731, -0.025826181146316803, -0.5794516391986418, -0.3640393047625771, -0.32889316145751285, -0.14595970600543912, -0.32889316145751285, -0.28188345017905714, -0.30116345469380423, -0.30116345469380423, -0.6184325809829546, -0.6184325809829546, 0.32645826942148254, 0.5893038559993244, 0.7936062558449563, 0.7907904237218032, 0.7480558710785418, 0.63153561270035, 0.7308501705743242, 0.750032147110318, 0.772244879570198, 0.750032147110318], [0.9906563914285706, 0.9741223732111389, 0.9922351192921797, 0.9928005394824814, 0.9966936877384381, 0.9906563914285706, 0.9999669832291278, 0.9994218665289192, 1.0, 0.9472418794739313, 0.9994687386424834, 0.9999681093270482, 0.9999637196263682, 0.999973184115278, 0.9999298383243643, 0.9980174926538404, 0.999712801868099, 0.999758699917004, 0.9997597711308718, 0.9999650698742076, 0.9999654505897966, 0.9941076207780727, 0.9773268196312925, 0.993601979954891, 0.9935406425164159, 0.9822293999914261, 0.9766815613478463, 0.9401905837118574, 0.9910340298402084, 0.9909980518342298, 0.9887401764892748, 0.9630394442505612, 0.9992919020685932, 0.9992532004340396, 0.9991122682988832, 0.9998541173156203, 0.9984050763767484, 0.9992283670668307, 0.9991276001087981, 0.9992253273954551, 0.9991307823469953, 0.9991369682424543, 0.9991307823469953, 0.9205432883846538, 0.6435939924261339, 0.9214408476745594, 0.8977370935668011, 0.6963102563455906, 0.9339795928777297, 0.8863870773655799, 0.9183267066862766, 0.9213854388904236, 0.9328565613351538, 0.962714523545951, 0.9616527563457745, 0.8406893225388765, 0.803589102796279, 0.8627041006921575, 0.832959150693365, 0.8605748002920721, 0.861411197639987, 0.8605748002920721, 0.7352803768152264, 0.803534358596863, 0.805327253201035, 0.803534358596863, 0.8169650610045889, 0.6984352711143145, 0.8075127614963635, 0.8091844686427951, 0.8075127614963635, 0.4996026200122781, 0.3169001868859594, 0.45754722208895693, 0.6383380793514605, 0.4318003667737497, 0.39411958952240395, 0.3944871562794279, 0.39411958952240395, -0.6342239409200436, 0.7914156457644415, 0.7910876971005253, 0.7844553284340523, 0.8523199247742173, 0.873110570709611, 0.8028716685640821, 0.8055687667866676, 0.8028716685640821, 0.8115421342952821, 0.8115421342952821, -0.26849242030978965, 0.6654213571581207, 0.09716053214245032, -0.5993722909290197, -0.6417823358550919, -0.6426125850057384, -0.06863600491297508, -0.026717827200675483, -0.12830563622803054, -0.042641825904655754, -0.03612313142930377, -0.3266704655655915, -0.3556656399516277, -0.5333144941243468, 0.012443788925459085, 0.01311419451903142, -0.5752112307638829, -0.49982785129597257, -0.4959375353495041, -0.5610655985790389, -0.5914722262318186, -0.5705598309829225, -0.5725026492943304, -0.5705598309829225, -0.2638228422992374, -0.2890666073805527, -0.2890666073805527, -0.6999383084557608, -0.6999383084557608, 0.35357762070547566, 0.6074146555879663, 0.8257340586907433, 0.8022744141295025, 0.7607496777091263, 0.6335193969276303, 0.6486298595382495, 0.7198798238735191, 0.7200480556802141, 0.7198798238735191], [0.9727246983505384, 0.9548121004276642, 0.934063123286113, 0.9705368631115583, 0.9591574262299463, 0.9727246983505384, 0.948515482474614, 0.9394495541210718, 0.9472418794739313, 1.0, 0.915641821276093, 0.9485621494683415, 0.9486803590555855, 0.9481876558243325, 0.9474808613357174, 0.949838543952528, 0.9557650228990884, 0.9547884413754963, 0.9547548675177708, 0.948719008001942, 0.9487049832993556, 0.9482212230784532, 0.9404385574067508, 0.9506750393061192, 0.950900301791677, 0.7947494674622053, 0.9557973278946785, 0.9502309203036963, 0.9567853649565831, 0.9569330029644918, 0.9551540672858574, 0.9290279477478971, 0.9592206069289908, 0.9594999324250826, 0.9603508733142117, 0.9508789036041233, 0.9287456293444063, 0.9584303189792561, 0.9599956839779452, 0.9598006934681677, 0.9606828767890468, 0.9606428723420303, 0.9606828767890468, 0.7736314056330549, 0.4414607846820333, 0.7165141592268426, 0.8590146303454637, 0.8426744068214606, 0.8735796546543614, 0.7542791095919871, 0.8511045885830274, 0.8652579914501933, 0.8746514795427489, 0.8953082049166846, 0.8953551944580707, 0.8486092863818008, 0.8398056740342928, 0.8763128020189735, 0.8514927348683189, 0.8674482564271202, 0.8683963691272281, 0.8674482564271202, 0.7860738862773664, 0.764415486984055, 0.7666142766695243, 0.764415486984055, 0.8437606903774696, 0.8667011481921553, 0.8417688943849977, 0.8426491125481328, 0.8417688943849977, 0.6069724434661312, 0.5267684007203461, 0.607464361791146, 0.7357471294066108, 0.6266812640893953, 0.6489282647246171, 0.652480205252137, 0.6489282647246171, -0.2720243686458125, 0.8473718395458844, 0.9126837675416091, 0.8670419234537786, 0.8667832675633222, 0.8783077498423117, 0.8385777121833345, 0.8400679389443352, 0.8385777121833345, 0.85162179682391, 0.85162179682391, 0.01221997925007256, 0.222307954602084, -0.0701059398165219, -0.3451259983913199, -0.37767878935688354, -0.3796232271129431, 0.10706817846620514, 0.3739789614848915, 0.13435595674873593, 0.0303460091121286, 0.14034535575141974, 0.047683534925590486, -0.060049509367701696, -0.11438066205667402, 0.26435902281911533, 0.2632081231058563, -0.32929295055573515, -0.27681502854194345, -0.28043718929301015, -0.28295020464056436, -0.3544783122865423, -0.30298398014834405, -0.30481076649486594, -0.30298398014834405, -0.042924474527050574, -0.321239550093043, -0.321239550093043, -0.388118167124938, -0.388118167124938, 0.5801201253140412, 0.680183670168145, 0.7608148614452571, 0.6653548933764204, 0.8406848998971288, 0.3018823913427587, 0.3918358189865052, 0.572802151350709, 0.5730981938395526, 0.572802151350709], [0.9792021186168569, 0.9765968879618203, 0.9963044253253551, 0.9850615147488737, 0.9946583060309855, 0.9792021186168569, 0.9995327852071486, 0.9980167164255286, 0.9994687386424834, 0.915641821276093, 1.0, 0.9995299522237353, 0.9995255435435662, 0.9994733100271959, 0.999512270871229, 0.9983455870888943, 0.9995692779126271, 0.9996954923316245, 0.9997010835930633, 0.9995385540616866, 0.9995398098820782, 0.9913380972523158, 0.9565485046604032, 0.9912656138008598, 0.9912358716509521, 0.9861318184834015, 0.9722321820048808, 0.8913016425182265, 0.988741958419253, 0.9887964650528481, 0.970111428487692, 0.8865885417676127, 0.9985730490912892, 0.9985179115426243, 0.9982832871815578, 0.9991972575514709, 0.9991115260342687, 0.9985458528334039, 0.9983010273436596, 0.9984778370067813, 0.9982307299383376, 0.9982450489673474, 0.9982307299383376, 0.9143505095683264, 0.5245229525703543, 0.9170252700954037, 0.8962230733806424, 0.6985764111338114, 0.823303578158263, 0.8346762831285761, 0.8108064746203092, 0.8126181696090891, 0.8192244337635415, 0.9215147191369086, 0.9217090938182916, 0.8294386956002946, 0.8408180306642726, 0.8022645690412075, 0.8054021583097927, 0.8126496123951821, 0.8137383626221686, 0.8126496123951821, 0.6208015182156382, 0.5761686377996417, 0.5787366503052657, 0.5761686377996417, 0.841967499709728, 0.8526201710004894, 0.839989187381564, 0.8417476699840444, 0.839989187381564, 0.2621622830240419, 0.1952810850158081, 0.32436974899313953, 0.4446839625899935, 0.31095828001442866, 0.36584377389726097, 0.36916173763272986, 0.36584377389726097, -0.4045775689498267, 0.7391734286998758, 0.795913564588833, 0.7729920894890089, 0.8393515769050915, 0.8357072987938285, 0.730721076566471, 0.7313792094810907, 0.730721076566471, 0.7468560884644087, 0.7468560884644087, -0.33287238452900786, 0.6557384471904201, -0.3961478689811287, -0.5413865935056423, -0.5420422143671488, -0.5443230402882993, -0.3334643565894077, 0.12808980651959267, -0.24769112247529154, -0.39810973099482816, -0.25752977646528286, -0.31875075233577627, -0.3533203241136644, -0.383975393489447, -0.003806596759461952, -0.008155325656394381, -0.5510726120518545, -0.5132452477923218, -0.5310383679945251, -0.5655534484232565, -0.5599552668814525, -0.5351955031119331, -0.5380461734447892, -0.5351955031119331, -0.4386936231322138, -0.5928971427719403, -0.5928971427719403, -0.6023166149941082, -0.6023166149941082, 0.3484533840004729, 0.36937638856283467, 0.4713885658987045, 0.5549996616589865, 0.5563693649473846, 0.16622181421917234, 0.3096649299043986, 0.33407906778015284, 0.3342802495726785, 0.33407906778015284], [0.9901186215852361, 0.9744480181127613, 0.9852273545012814, 0.9918228743602062, 0.9965298268213056, 0.9901186215852361, 0.9999959506996181, 0.9978603772549143, 0.9999681093270482, 0.9485621494683415, 0.9995299522237353, 1.0, 0.999962395269287, 0.999993964304699, 0.9999223338884156, 0.994618323411743, 0.9998102598896832, 0.9998252149482815, 0.9998255171612511, 0.9999960638821176, 0.9999969783592434, 0.9908626538458953, 0.9746275550090849, 0.989126413269772, 0.9922209456187921, 0.9824586821990526, 0.9706746018674666, 0.9382900945086861, 0.9925274003030072, 0.9922134859903701, 0.9920573899022226, 0.9678665438224318, 0.9992794746429852, 0.9993667610412894, 0.9993423987020243, 0.9997356455369509, 0.9985052084511526, 0.9992509500691028, 0.998171449283483, 0.9993531255638498, 0.9990902325476276, 0.9990030150822459, 0.9990902325476276, 0.9204793769699879, 0.6424264455416663, 0.9217490670439409, 0.8981218474488764, 0.6971158272067053, 0.9478950579305917, 0.9124450546089893, 0.9354966265034388, 0.9261359867308226, 0.9367850256776479, 0.9691940618151325, 0.9613497112112598, 0.6953352524864047, 0.8030217285119357, 0.7862965226677198, 0.8323312600816083, 0.778898732797309, 0.7495962015328725, 0.778898732797309, 0.7364637444964618, 0.7506789307431515, 0.7532630287293259, 0.7506789307431515, 0.8158038792678247, 0.27055563334253235, 0.4923221101011264, 0.5854975788247078, 0.4923221101011264, 0.5005799520689609, 0.4599411380976417, 0.4583906732827219, 0.5938510299409473, 0.3708853834969018, 0.3993853478072393, 0.34703926061292345, 0.3993853478072393, -0.6530055508041253, 0.7911694612921472, 0.7916763462294286, 0.7845628802071886, 0.7203323117426343, 0.885735558485805, 0.7964823762948468, 0.7988232419394259, 0.7964823762948468, 0.7017918985469264, 0.7017918985469264, -0.2658681845133256, 0.6652044209710235, 0.26418484191172326, -0.5703546035320626, -0.597373041526955, -0.6006050974409253, -0.06505280330170451, -0.02877137912711361, 0.37701083339358255, 0.1404043929358916, 0.06153884962370227, 0.13017229548070938, 0.09765982322110486, -0.08985354535129776, 0.013962356463465816, 0.014307880428525089, -0.573157412033775, -0.49753605063086026, -0.01872709084803621, -0.5586482814067006, -0.3493144608224195, -0.31602865061941143, -0.13948308703618328, -0.31602865061941143, -0.26107431244868584, -0.2852564259177784, -0.2852564259177784, -0.6033742347644244, -0.6033742347644244, 0.3536432166028608, 0.6086321025590274, 0.8040568735335991, 0.8100575516591016, 0.7623733254101952, 0.6488883796413024, 0.747852258429268, 0.7705605416707147, 0.7888088606310548, 0.7705605416707147], [0.9902799831303669, 0.9743995148553289, 0.9827135377787286, 0.9919117007208984, 0.9966312538103269, 0.9902799831303669, 0.9999571394368832, 0.9992100989252133, 0.9999637196263682, 0.9486803590555855, 0.9995255435435662, 0.999962395269287, 1.0, 0.9999667833092202, 0.9999102138963709, 0.9974844074445979, 0.9998059167906732, 0.9998671244631036, 0.9998677106233855, 0.9999828123026661, 0.9999614917368785, 0.990400727877016, 0.9744363579062525, 0.9929550341475533, 0.9929153193807714, 0.9824268105265158, 0.9702925445921131, 0.9382149672341376, 0.9933027071086332, 0.9933197308309019, 0.9918168544444804, 0.967666670235968, 0.9995044071976918, 0.9993707203008501, 0.9993988922313781, 0.9998835620307808, 0.9985032771928362, 0.9992582838674952, 0.9992130226389554, 0.999363399566319, 0.9993753160205144, 0.9993791579999284, 0.9993753160205144, 0.9205883379143432, 0.6425875280659941, 0.9217725715360013, 0.8981252233589225, 0.6971286653659577, 0.9518321824291374, 0.9099129290945265, 0.9370999863784816, 0.9262211126063931, 0.9367829188427338, 0.968917360532884, 0.9614206665903676, 0.6494592898582638, 0.8027327230142601, 0.7850548633509717, 0.8327957679303094, 0.7778439410899425, 0.7225906277830827, 0.7778439410899425, 0.7363840585342534, 0.7408929400991497, 0.7452608580166346, 0.7408929400991497, 0.8162589948109106, 0.20047090417252983, 0.4796982965299337, 0.4854864644668463, 0.4796982965299337, 0.5007315438245388, 0.3533413800975133, 0.4586411060435356, 0.5933554740210276, 0.37110609979474507, 0.3664646406495127, 0.3466773588586354, 0.3664646406495127, -0.6531957153627425, 0.7916487246240193, 0.7916500027535021, 0.7843232976913538, 0.6605776772495271, 0.8862215864563331, 0.7970024077979995, 0.7993381118865696, 0.7970024077979995, 0.7002729480997433, 0.7002729480997433, -0.26553321188198264, 0.66508524321708, 0.2677912196304882, -0.570198224680477, -0.5970380242613924, -0.6002702754536414, -0.06543193100630304, -0.02866915005579803, 0.3290319266155048, 0.1405792164422149, 0.061288520435171204, 0.1335919298012505, 0.10004160919869395, -0.10008738029517786, 0.01408310562089056, 0.014432275747289485, -0.5733223559924053, -0.4976132581635134, -0.08443205195963165, -0.558365362763212, -0.3472896061344562, -0.3137790612445328, -0.22673758492982238, -0.3137790612445328, -0.2606109443495614, -0.2863601632457648, -0.2863601632457648, -0.6026332526631406, -0.6026332526631406, 0.3537745740242839, 0.6088115679054077, 0.7888418257360972, 0.8101118675285242, 0.7627673336456748, 0.6486289966254867, 0.7058254001265906, 0.7583436141618054, 0.7585411941774254, 0.7583436141618054], [0.9901890878046837, 0.9741898449700093, 0.9849914671559359, 0.9918635886744644, 0.9965636605450292, 0.9901890878046837, 0.9999919711178553, 0.9989360671071517, 0.999973184115278, 0.9481876558243325, 0.9994733100271959, 0.999993964304699, 0.9999667833092202, 1.0, 0.9999350413625269, 0.9973384199595628, 0.9998005410364124, 0.9998285167026583, 0.9998287018913542, 0.9999939464418995, 0.9999941480485447, 0.9907140235306487, 0.9745244364402581, 0.9927847917632472, 0.9926625095470045, 0.982322073992007, 0.9703329655795049, 0.9379003357472567, 0.9932584747548606, 0.9933032721231823, 0.9920966165043609, 0.9680507603707578, 0.999331708655256, 0.9993654254033165, 0.9993746336605629, 0.9997744294759356, 0.9984332070649863, 0.9992543130163051, 0.9984936080801821, 0.9993620308848211, 0.999140831236816, 0.9990612076618853, 0.999140831236816, 0.9207350226250025, 0.643201366393173, 0.922083551107281, 0.8984290353330198, 0.6967225479618602, 0.9484851261760779, 0.9132075119447339, 0.9361293727335952, 0.9265578075272376, 0.9371712296833877, 0.9696305928584356, 0.9617458668489238, 0.695639313388236, 0.8033113341255367, 0.7862165749104983, 0.8326151736092068, 0.7788631259268393, 0.7492217981475082, 0.7788631259268393, 0.7366682747181297, 0.7506281085007811, 0.7536997800644238, 0.7506281085007811, 0.8161827559876086, 0.2698463709775576, 0.4917806913897641, 0.5855440866583438, 0.4917806913897641, 0.5003929243345457, 0.46050709278075147, 0.45827362006269734, 0.5935914948485741, 0.37046255242840004, 0.3994169969106472, 0.34667160307109063, 0.3994169969106472, -0.6533966514103423, 0.7913115346547417, 0.7911911015239642, 0.7846486333140034, 0.7095386125284205, 0.8860213921727416, 0.796622087631051, 0.798951446863554, 0.796622087631051, 0.701588693790135, 0.701588693790135, -0.2676825147723106, 0.6662433778673487, 0.26471234683684935, -0.570909176145639, -0.5977895352194211, -0.6010268470207788, -0.06632157504181654, -0.03011792027391981, 0.3773028695746111, 0.13989640446913532, 0.06063231432071631, 0.13023229579497414, 0.09771932813848601, -0.08970607167743207, 0.012828239206855432, 0.013168945407045184, -0.5738579629456909, -0.4986354787729855, -0.018133063768014476, -0.5601692957808144, -0.3491856700039932, -0.31597370888203213, -0.13891231579907143, -0.31597370888203213, -0.26217017339784454, -0.2857718013218866, -0.2857718013218866, -0.6034744303309496, -0.6034744303309496, 0.3538138825665333, 0.6083068879676291, 0.804593363960072, 0.8105190027104453, 0.761790987194987, 0.6496824284989138, 0.7486424304541314, 0.77095994715041, 0.7894177791174849, 0.77095994715041], [0.9902431081547546, 0.9733044762210363, 0.9848855149595274, 0.9919054042659787, 0.9965642003142056, 0.9902431081547546, 0.9999168323489731, 0.9986136416525999, 0.9999298383243643, 0.9474808613357174, 0.999512270871229, 0.9999223338884156, 0.9999102138963709, 0.9999350413625269, 1.0, 0.9974552559786399, 0.9996948867144557, 0.9997763611026936, 0.9997775148743527, 0.9998992316183909, 0.9999181395910536, 0.9904747637198644, 0.9742709087311315, 0.9920563238180828, 0.9916911029759171, 0.9823399820171095, 0.9700416178779132, 0.9377993210975245, 0.9923692765680697, 0.9923754284461506, 0.9914860625103737, 0.9671038074314028, 0.9993406072108529, 0.999215027005993, 0.9993123719629887, 0.9997610804789455, 0.9983385982848475, 0.9992305629377547, 0.9984780986582269, 0.9992376590993076, 0.999156467900215, 0.9990908675815354, 0.999156467900215, 0.9193702093204422, 0.6435207964047185, 0.9207248732168792, 0.8970387482908309, 0.6937794142176579, 0.9490458089787789, 0.9140654795795512, 0.9371014809211564, 0.9260042226430116, 0.9364561988108732, 0.9699942769735459, 0.9613169513485218, 0.6969667842711066, 0.8018364549875909, 0.7864588812359024, 0.832267677067942, 0.7791063282011931, 0.7515237836702322, 0.7791063282011931, 0.7346660447276059, 0.7500753344060098, 0.7548755133444457, 0.7500753344060098, 0.8161581955728842, 0.2697409285718873, 0.4913292835372102, 0.5869868977842976, 0.4913292835372102, 0.4990025668100257, 0.46221389551425535, 0.45658139979759, 0.5931059356108969, 0.36893512037837256, 0.3999046590984412, 0.34692609242954847, 0.3999046590984412, -0.6539388441147324, 0.7906440494874946, 0.7898462414954772, 0.7836388880313346, 0.7223664810194523, 0.886345276225278, 0.7961295536311539, 0.7987200953934475, 0.7961295536311539, 0.7016725741960183, 0.7016725741960183, -0.2683311417034644, 0.6680728134499412, 0.26467605123703386, -0.5711875191000041, -0.5978175218097126, -0.6007760213460884, -0.06833580724303989, -0.031773903380827695, 0.3786579902298703, 0.13946922775528994, 0.059445963832498484, 0.13126533134400722, 0.098843333981485, -0.0882057322684096, 0.01186258956496719, 0.01252283536028252, -0.5752081683276994, -0.5002031060566661, -0.01627347772985192, -0.5612149134865173, -0.3482558099145844, -0.31506258815765253, -0.13744936515310738, -0.31506258815765253, -0.2624001098778677, -0.2886627052703591, -0.2886627052703591, -0.6033069383893201, -0.6033069383893201, 0.35102233306187003, 0.6061422544934123, 0.8057121161811825, 0.8113093132962591, 0.7601630609528458, 0.64868985021819, 0.7504302742263195, 0.7717477184055013, 0.7908602630148449, 0.7717477184055013], [0.9931423713394752, 0.9831478819520354, 0.9880447817905924, 0.9947802324861819, 0.9976455740325968, 0.9931423713394752, 0.9937661514871506, 0.985951668230783, 0.9980174926538404, 0.949838543952528, 0.9983455870888943, 0.994618323411743, 0.9974844074445979, 0.9973384199595628, 0.9974552559786399, 1.0, 0.9980998295684117, 0.9977077940450615, 0.9977051916175306, 0.9977868629743856, 0.9972684834120931, 0.9913124018419359, 0.9770943840714839, 0.9697170427672717, 0.9871259952281499, 0.9867390182752819, 0.97161487170682, 0.9469636610330657, 0.991563642767537, 0.9893656072357302, 0.9882862159274574, 0.9658253489432689, 0.9974818531380739, 0.9974952814205781, 0.9973062061290403, 0.997290695551652, 0.9984596148963008, 0.9980205185517816, 0.9972992539166232, 0.9977322599285311, 0.997408688336529, 0.9973857709460682, 0.997408688336529, 0.9110272753912132, 0.6533416996655736, 0.9137923649661926, 0.9006531359065637, 0.7203045242491217, 0.9507729581153025, 0.9166671299064887, 0.9420940374848693, 0.92659331