var element=document.getElementById("correlationAdjClose");if(element.style.display!='none'){var correlationAdjClose={"data":[{"type":"heatmap","z":[[1.0,0.9999944456492174,0.9861469451372715,0.9999320122167848,0.9991600047443541,0.9838189582658915,0.9978720962256842,0.9962499755854765,0.9704210833084201,0.9964854309161474,0.9946138407893156,0.9939709344389044,0.9963522691536313,0.9963885004934772,0.9962933007922586,0.997711979793996,0.9980165768913243,0.9983452333383879,0.9968223902393588,0.996838478320161,0.9968176646265887,0.9963223729927587,0.9880567966843848,0.9726966197323506,0.9904926530150375,0.9589447942434213,0.9895981256019083,0.987001262288512,0.9701126704250834,0.9557905007567207,0.9926255308276619,0.9939850414576075,0.9928816954646601,0.9789762464626861,0.9977803102439933,0.9979250207159311,0.9975937172852585,0.9964289791692161,0.9956297523659452,0.9978209641486685,0.9986925591514343,0.9987223417306367,0.9977548327465378,0.9977700105572833,0.9775317134312658,0.9219577450429455,0.9531341120281958,0.93743890548652,0.9374263516764073,0.9158051108501309,0.9640397315485264,0.9507735020245166,0.965843405567825,0.9679275315222013,0.957204984176209,0.9846762138193152,0.9823114802355059,0.9908957453983824,0.9943090031821056,0.9873523373975498,0.9825249431724887,0.9882308008551163,0.9865608184226885,0.9887682470862434,0.9886648346527055,0.9578067455277621,0.9758020168475231,0.9766292399174912,0.9764485246619031,0.9470211656201308,0.9816326253643431,0.9786116644457334,0.9857626498888079,0.9851205618895894,0.9412899517514767,0.8969575184162204,0.8660865439211121,0.9119672303109142,0.9273237889404916,0.9250595969429818,0.9254529417501254,0.9242025396564012,0.7192857610807493,-0.5441917611493939,0.9809136478604655,0.9761485016334203,0.9735571963495098,0.9880210326258227,0.9743847820605841,0.984574539379943,0.9846144176442699,0.9448951021223041,0.9851852424662543,0.9481303271491206,0.7941697851071565,0.9158229799889323,0.9334912475236783,0.816655101184068,0.954482756454496,0.9552196887939086,0.9015049994844068,0.9672771317736663,0.8951446715490321,0.586474783077802,0.7264957592228214,0.9023245981380463,0.8722176406389857,0.8936285419221273,0.9753652278727099,0.9755334868596509,0.7872226901065867,0.7490944279247989,0.8251676404554104,0.44835829351849327,0.8065194104165174,0.829334712302586,0.8244560223722438,0.8170904581100001,0.7900932235886959,0.7549499165648946,0.7390253372235699,-0.28255445124530326,-0.4231440410797985,0.6861784520679861,0.8907828171053231,0.9317451902532018,0.9410609679123035,0.9052330618715331,0.8273689875863908,0.9089175611388118,0.9253038894030515,0.9251267666720941,0.8602928822017588,-0.1505527130380954],[0.9999944456492174,1.0,0.9894475714808838,0.9998504134034182,0.9982941860811655,0.989686265326419,0.9942954331435306,0.9917971944388323,0.9866422427369227,0.9918075293126198,0.9918292262311054,0.9932944120094798,0.9919127372509502,0.9918043203450042,0.9918629037698301,0.9939655087555292,0.9963602483193628,0.9959316856762429,0.9939420531751775,0.9939480821198473,0.9918550059983323,0.9919003015903811,0.9924441818983386,0.976786451322604,0.9883675912294104,0.9837850174278172,0.9883816941973873,0.9870496884809554,0.9819947270497987,0.9392440842163059,0.9899026140005015,0.9877381150420349,0.9826399852721481,0.940727225811752,0.9953236592552747,0.9952484454882594,0.9954607997761407,0.9922679794224245,0.995032185909773,0.9954754056652413,0.9967274931959554,0.9969060660653191,0.9954678740761402,0.9954778319425989,0.9909458423876645,0.9215484543768239,0.8984152894545697,0.937079312946501,0.9372680355515366,0.9157841598858797,0.889863329287634,0.9309739144941067,0.8921170619066242,0.9206078245123807,0.8896842726615011,0.9584157424921456,0.958400415361787,0.9719401240575266,0.9851585381407788,0.9829760041598183,0.9846731838582667,0.9794899193195684,0.9813373547773305,0.9809067014173215,0.9808208708933872,0.9445976338428835,0.9629103602005001,0.9380339432768406,0.9379964892927898,0.8685734622400026,0.9809095795119412,0.9821717827985621,0.9823646419062715,0.98194178641609,0.9528336973832213,0.7951950983315326,0.7585575194533714,0.8501073135312045,0.906507619171091,0.865276960970846,0.8863857066811939,0.8852772943385886,0.7596705953543135,-0.15641694816169335,0.9708262351395991,0.973998970873111,0.9705733446453682,0.9834362024722549,0.9674149355476543,0.9734418167028174,0.9728373228073486,0.9297598656862571,0.9749265540257454,0.9320004789120239,0.7242833724989824,0.9153441302026355,0.9147012727390245,0.5516409733100425,0.84675980860638,0.8509104023794878,0.7536892951675008,0.9675955262927844,0.7271497287259633,-0.3057612796973751,0.23908519263133052,0.7536562648709433,0.7038433076235355,0.7464813455433654,0.9691395987914083,0.9691657042470163,0.18156469342245762,0.3537517451438113,0.18851743027485215,0.16019671128417431,0.18167417226155327,0.19537874937987057,0.19220308871953734,0.113135548350278,0.5393702923206241,0.27239168883702575,0.222240990491106,-0.4337078427476786,-0.4815656083330776,0.6851565981978287,0.7560992688439201,0.779846265805406,0.8422011463283702,0.8195415182751604,0.5879631699063007,0.7654368566749415,0.774261199569829,0.7731571336738261,0.4314304247909616,0.22983065414493642],[0.9861469451372715,0.9894475714808838,1.0,0.9874714843563089,0.9933468010748417,0.9912992317508501,0.989618209285246,0.9903414935299768,0.9910815334574988,0.9929851950833792,0.9969460273139188,0.9961059567611257,0.990197406772924,0.9923288027322911,0.9903972793390604,0.9898532685471474,0.9907947915800702,0.9900034239176807,0.989025032471245,0.9890006692517422,0.9918637092249355,0.9902253812303197,0.9950305073288818,0.9849182086230849,0.9910727726037397,0.9819077734231961,0.9916854892527777,0.9873686716511973,0.9869764172652664,0.9616607981020192,0.9695080143525252,0.9737288880125601,0.9774130590322738,0.9565380165144071,0.9869651092054742,0.9900613223717929,0.9884402849234337,0.9920031785629023,0.9946783710917413,0.9908630496798948,0.9849357968736078,0.9878347730918681,0.9873286536909887,0.9867077208714564,0.9924791803703497,0.9174788480969862,0.93690471697928,0.9472901272652192,0.9301055952849421,0.8757222035239481,0.9221645946742641,0.9069426380245443,0.9249091793094588,0.931028013037673,0.9152639938733694,0.9502969848784524,0.9595872765548806,0.9676076452331501,0.9774149880062123,0.9428624655561888,0.9659763566646877,0.965392671617077,0.9717883293118038,0.9656334154832388,0.941319065347799,0.9236050164450672,0.9493125579021691,0.9396814844998148,0.9215689299004439,0.8970333637163355,0.9722687313286043,0.9520216379529708,0.9652004677763416,0.9449219749850214,0.8381392320969158,0.8587597295631441,0.7769422169709923,0.8760118320856718,0.9002514976280457,0.9021278795989236,0.8694634017658779,0.8836491037975986,0.4348959504410259,-0.5308654048092248,0.9624909335770557,0.9499483686416701,0.9497011182508414,0.9428141235540575,0.9570118719842864,0.9650625204838607,0.9647058252124407,0.9330458315111969,0.9606990038894523,0.8843052759319633,0.778360742782402,0.9545439728709934,0.9537045413057167,0.7968083377119874,0.9419291484852441,0.9435461102919528,0.8741541388956425,0.9803436032321845,0.7752977595188091,0.49064494335786435,0.6703966765823827,0.7973178884773954,0.7992062928164917,0.7783991283344696,0.9824539264246066,0.9824776281602051,0.717385685326741,0.6971043094110985,0.7106859650232858,0.3971053667260712,0.7074553976939776,0.7152860076252668,0.7252913433493285,0.7147975827740181,0.7532618610545668,0.6905658275026441,0.6736140775205172,-0.3419950400195331,-0.4823329159437864,0.6540442856630956,0.8525087506262933,0.8786593208959262,0.8862491646581567,0.8772427265284907,0.7604801428389206,0.8577448919601935,0.8680326583881973,0.875068818346857,0.7341340881715966,-0.07315039940501836],[0.9999320122167848,0.9998504134034182,0.9874714843563089,1.0,0.9993924223979768,0.9849136180511235,0.9980999962603806,0.9966510205701814,0.9725537541234262,0.9969293345073782,0.9952940883755662,0.9948575895852032,0.9967360817550668,0.9968580305922249,0.9966938350526982,0.997967967419153,0.9983339723158098,0.9985911097295685,0.9971724515123593,0.9971857725478835,0.9971951292704847,0.9967102676738436,0.9892018567101307,0.9740504163088821,0.9914064061575014,0.961430820779293,0.9906140615649897,0.9887284757229755,0.9720218046265006,0.9569480576311173,0.9919634144665926,0.9935046234763308,0.9928082900260959,0.9785643910220353,0.9978538783528749,0.9981129978887948,0.9978047172029186,0.9968646798819524,0.9961007797617094,0.998040404252609,0.9985878384427438,0.9987964216134071,0.9978244108762563,0.997836117361226,0.9792832120309486,0.9184763107730267,0.9510957132359751,0.937450432193587,0.935542615792516,0.9096869969877269,0.9611734755126802,0.9475718058806409,0.9628890619352182,0.9655441506782936,0.954510949575605,0.9826344441902886,0.9808575116486581,0.9900545161807618,0.9941050421841926,0.9860404854341742,0.9814721047411922,0.9870962978854793,0.9860062510557416,0.987560048803042,0.9874504715779203,0.9490381239261045,0.9746423010807743,0.9752714741979611,0.9750871678083377,0.9424573293195934,0.9812052744151142,0.9760151763606494,0.9844524221719271,0.9837775456261071,0.9230222356843981,0.8955828502367409,0.8625667950384117,0.9103876036841848,0.924739638994047,0.9246264541171836,0.9232144613488501,0.9220027521897719,0.6336663084920757,-0.543683548529287,0.9801495139439081,0.9749937434458378,0.9722078904099928,0.9867128833824585,0.9737381466138375,0.9838850731554086,0.9839233845504939,0.9445568345923642,0.9838842090490052,0.934836063381907,0.7977594391367944,0.920821122994613,0.9372963629404956,0.8182590300395608,0.9557042326501158,0.9564660036195348,0.9010290923753363,0.9684442258926426,0.8890205383517116,0.5827773889118312,0.72473436180429,0.896828276711671,0.8685052825325388,0.8878595662625841,0.9761580268834401,0.9763302472111127,0.786007526257255,0.7492487214675597,0.817209807817583,0.45002006247075743,0.8006139220254882,0.8211029147886401,0.8161477863077922,0.8116191484576977,0.7922381169849472,0.7547726792095414,0.7389229628883661,-0.2779558188608949,-0.4224189579285904,0.6854978698332311,0.8889361807798084,0.9298036951647332,0.9391747614037675,0.9040058759828422,0.8245669004875377,0.906843500774494,0.9229728225254317,0.9229415402587411,0.8531285453621059,-0.14347545730337471],[0.9991600047443541,0.9982941860811655,0.9933468010748417,0.9993924223979768,1.0,0.9874674703549979,0.9990218915526552,0.9985385816060823,0.9843413980292567,0.9985406935740283,0.998138185251017,0.9980932590360269,0.9985592120209431,0.9985724669221371,0.9985705359844101,0.9990607520918927,0.9987893552398003,0.9992541384899292,0.9988451345780397,0.9988499116216008,0.9986167396706664,0.9985605036528646,0.9947977032089846,0.9814071443388503,0.9950978636625823,0.9780248916370788,0.995107264613903,0.9922277719700981,0.9841978517947205,0.9601771480051878,0.989352268627405,0.9920014910496109,0.9902684868826623,0.9711353764774734,0.9988624413210033,0.9989232552462759,0.9989467699443013,0.9986595465815681,0.9985923525712628,0.9989185097269875,0.9989344825864207,0.9991569511483599,0.9988759110306589,0.99887979761438,0.9884897524705148,0.9278938737778544,0.9504182552837477,0.9454225244607152,0.9367803120582183,0.9053102821540723,0.9493129862041174,0.9433333534559083,0.9535543721302625,0.9596447113455895,0.9482406877756732,0.9804333665039873,0.9803491557550662,0.9901573479299567,0.9939789794570023,0.9824134704207109,0.9756824944301493,0.9820595836995442,0.9822939478323242,0.9824311083557776,0.9823419239167375,0.9472312359929395,0.9666056308022128,0.9606677185966391,0.9605382033361937,0.915813191055541,0.9783795606913714,0.9746725186062744,0.9804705982363201,0.9797309543128127,0.9382326951419991,0.87702280821568,0.8426324100534388,0.8964540803225521,0.9293947401637157,0.9152928447073707,0.9217630948761295,0.9207782067182883,0.7717735688267665,-0.546320347473729,0.9742481264115599,0.9651186165439556,0.9633571704823114,0.9833150722919795,0.964376021335231,0.9777084511028992,0.9774540177663839,0.9362291372869336,0.9790331138352135,0.9382377623104389,0.7876558300641378,0.9347352173333002,0.9563168466056086,0.7848391648383867,0.9441837327031569,0.9455634253567365,0.8958636957435798,0.973175547884388,0.890014285512511,0.42218430002502705,0.6694570767463968,0.8958561672887335,0.8480722322845291,0.8916954892940735,0.9796310328799799,0.979759945460631,0.7526968186274713,0.7338595716782467,0.7566338490111393,0.42897156996745295,0.7120601392477531,0.7611663897230041,0.7567187704627354,0.7213042176641691,0.7800409329925035,0.7409451853285416,0.7242222755779386,-0.4791272481065491,-0.5619466355821879,0.6806769235386698,0.8843871821940329,0.9168537074056057,0.9347449830990745,0.9027680290741176,0.8076224171832481,0.8975126010548441,0.9109856137655521,0.9104614191147412,0.792100024338277,0.06649435726813889],[0.9838189582658915,0.989686265326419,0.9912992317508501,0.9849136180511235,0.9874674703549979,1.0,0.9816613732621414,0.9828147813237208,0.9929793483716249,0.982225096171272,0.9780376256726642,0.9770328892535056,0.9826529806764805,0.983175484483164,0.9828851059346323,0.9825544920023106,0.9861551693094246,0.983517992330752,0.9833948835663255,0.9834504331375795,0.981642609859578,0.9828270682090872,0.9944003318866194,0.9935080258949321,0.984015285816583,0.9874102005892494,0.9844297850078227,0.974258055728174,0.9876168743807373,0.974065335550928,0.9602632680836833,0.966113211964496,0.9761805798625759,0.9671138382718203,0.9813561111588459,0.9817272095614371,0.9826120519258456,0.9835133615566818,0.9778933866011991,0.982194790099404,0.980639725194981,0.9823642981247356,0.981581085328976,0.9816405871185491,0.9959674649908018,0.878617694079474,0.9283958399111798,0.9232214977901945,0.9334829112160654,0.8920752684239514,0.9173099991484155,0.9106961330305113,0.9201283852146013,0.936421590602413,0.9169962895865953,0.9494159670832018,0.9553220453755974,0.961583004106748,0.9691071920637497,0.9722300061586497,0.9880502311956397,0.974249365118432,0.9854180354687414,0.9738555485902033,0.9732835762162475,0.9762723738563188,0.971403752562089,0.9519618962293944,0.9513653658384486,0.9489114841452951,0.9842203661164072,0.9769656095687201,0.9734295798343223,0.9721471929253978,0.9657561736711018,0.9012615618427754,0.8576356695253701,0.9173275821610792,0.9222289369118981,0.9316573414426609,0.912729269884584,0.9105153764428549,0.7554266702342592,-0.48649630157175,0.9824332938811808,0.984012643314854,0.9802182015115236,0.9730281892166183,0.9753419248352624,0.9810960409242407,0.9806729614171985,0.9687046708281548,0.9708934335522161,0.9681947865548289,0.7995400291973589,0.895039114426569,0.9560389081417401,0.8305778616997502,0.944160666546071,0.9451447526927639,0.865777529603477,0.9583071701014085,0.8323627001617004,0.5049180704463204,0.6880855499612436,0.8422097789496381,0.8188856037598373,0.8319440358648295,0.9581681903975016,0.9582756349397292,0.7387691425511395,0.7246219937736802,0.7503308705207374,0.45281465261334924,0.7456144207821338,0.7555879582902689,0.7493356116997928,0.7473759106077498,0.771512426899744,0.7136344855467724,0.700673483312374,-0.30371674577520347,-0.4345674711259994,0.6915198302611011,0.8525516681636606,0.868697584987387,0.8846549150697217,0.861813407891752,0.781417552103016,0.8464142085763731,0.8608235664714111,0.8608596795175856,0.8032281695136848,-0.10383089608331372],[0.9978720962256842,0.9942954331435306,0.989618209285246,0.9980999962603806,0.9990218915526552,0.9816613732621414,1.0,0.997588638098709,0.9569749519369516,0.9996226756314757,0.9995864057881516,0.9996114340990633,0.9984659399212669,0.9994891485759432,0.9992105533867479,0.9998931279785906,0.9966858475981706,0.9999046182765687,0.9994002554488763,0.9994048336510647,0.9997228987316529,0.9993494462590345,0.9907206952667271,0.9747461751460749,0.986225221364781,0.9278039196103082,0.9937664729117267,0.9926655120022888,0.9747990714632921,0.9536445636589227,0.9916937787652829,0.9920601353192466,0.9937502312613252,0.975784905790104,0.9990382195032124,0.9998574353116125,0.9997243578318568,0.9994918350795179,0.9997790999575195,0.9998428256929237,0.9985561754491973,0.9997448016870961,0.999407951573954,0.9990743121701303,0.9801875048621876,0.9351187136051288,0.9534289103733053,0.9507101475103028,0.9392736481459186,0.9044217228325279,0.9580099362713119,0.9471852539671634,0.9603600100679592,0.9631279359410708,0.9536426170403473,0.9819897928650375,0.9816399062565139,0.9919889034834335,0.9964331397014832,0.9518719283072399,0.9628604155374667,0.9737078577691652,0.9739255474661291,0.9751970821212238,0.9518397696404748,0.9033543837538294,0.9573194377499326,0.9627723758742329,0.9433446456195412,0.8939320874698677,0.9685077091714427,0.9442351354907005,0.9696398173731681,0.9522506036409626,0.7962027798779291,0.8693938796880503,0.7948356224765538,0.8832977990839078,0.8998265838403315,0.9041578910716491,0.8841268321858814,0.8955684495511242,0.38160340815379434,-0.578553223766219,0.9647792734425676,0.9504144124834274,0.9501477490786887,0.9533372995037226,0.960151391945545,0.9711070735918044,0.9712845062149038,0.9244260347633715,0.9689470743617048,0.8566333556284972,0.781533976337422,0.9356403658938106,0.9359893555421337,0.8054150776551724,0.9534094183029151,0.9543067037502666,0.899869350046066,0.9727791835856584,0.832615895927932,0.5780031089071028,0.7183549736561546,0.8565516020221746,0.8501260013633544,0.8380578612080885,0.9801392024840159,0.9803170930610413,0.7774993675836623,0.7314751623378435,0.7825951911969343,0.4227817327812443,0.7799378040730809,0.7954687869808542,0.7882997468329184,0.7940935079432359,0.7774802333999387,0.7473691093813486,0.7296879321398213,-0.29182558711019907,-0.4439027772625468,0.6953624234480328,0.8892555083941973,0.9223853296668336,0.9403327421446624,0.909497711774235,0.8263329975337852,0.9090440494578642,0.927292677238095,0.9259508160546362,0.7773394151872863,-0.1129770289426785],[0.9962499755854765,0.9917971944388323,0.9903414935299768,0.9966510205701814,0.9985385816060823,0.9828147813237208,0.997588638098709,1.0,0.9676612775786101,0.9999998322043567,0.9999993261658378,0.9997655056761964,0.9999970868894309,0.9999928616383151,0.9999982775582591,0.9993389317051822,0.9916402706179862,0.9994695595090416,0.9999104079384981,0.9999101151029905,0.9999656376893309,0.999998798035937,0.9912208340530032,0.9764374077949026,0.9930394713406722,0.9417615506608846,0.9942550872885845,0.9910295989068243,0.9769890619506534,0.9531426786895606,0.9880554934553174,0.9939228901957432,0.9923912079535537,0.9729477660435619,0.9994764322994272,0.9995798746414094,0.9996812538508737,0.9997479063402335,0.9992518577914661,0.9995160552295155,0.998262470281925,0.9988617038061626,0.9995482798031365,0.9994172885466064,0.9819025752285739,0.9349485392190499,0.9508593874876095,0.9542352957824087,0.938157960543735,0.8946174953439128,0.9562623053629453,0.9427903196480844,0.9582678877905655,0.9576767967389431,0.9478147579706642,0.9799995785484458,0.978809232121853,0.9909791658805633,0.9968868188530096,0.9473130280254407,0.9593731368030515,0.9680894096951438,0.971316957936345,0.9699381995587943,0.9502943721577518,0.8972363512005529,0.9532170743184839,0.9567178361505456,0.9383841698658039,0.8837239301029832,0.9661934722418197,0.9386978157645529,0.9647675794678179,0.9480181058096523,0.7851933320767542,0.8625173707483299,0.7908006966012199,0.8764279285985083,0.893499030684168,0.9002950155064857,0.8801549237195623,0.889453231731076,0.3655374960979196,-0.5822084128356585,0.9612318498002264,0.9450551448871156,0.9450620061908066,0.9515334920773529,0.956369594019279,0.9676388028620383,0.9677972050556451,0.9207848657780402,0.9629274585507409,0.8473841247742647,0.778804981239969,0.9481670091410052,0.9462256806131155,0.8024323608822376,0.9532720243071896,0.9543157244743813,0.8973565088686921,0.9765161707152447,0.8352544711102443,0.5637012777930503,0.7098166743270155,0.8572945231103893,0.8469039888473319,0.8399499176596577,0.9824347289306689,0.9826155540084892,0.7687797658136204,0.7241960638676126,0.7836479722569567,0.4110137313822237,0.7748272405062732,0.7908536453973446,0.7884958874924352,0.7884969322643893,0.7715884743991415,0.7417544285140371,0.7235295701620114,-0.3070582233765883,-0.4580583080107075,0.6826674719222579,0.8819588627096886,0.9197699635118225,0.9328539058928007,0.9038797582912562,0.8158562553629509,0.902663063588735,0.9210258862910675,0.9199379919884613,0.7589429924233705,-0.09618064212272684],[0.9704210833084201,0.9866422427369227,0.9910815334574988,0.9725537541234262,0.9843413980292567,0.9929793483716249,0.9569749519369516,0.9676612775786101,1.0,0.982717298952566,0.9872008481659473,0.9896051838505755,0.9713091673530663,0.979642065506192,0.9762117330091404,0.9741988110150228,0.9496855134880928,0.9790433959354701,0.9769207038102091,0.9768809264986372,0.9811990929968999,0.9760657603602894,0.9939275888111411,0.9932192096338807,0.9803578296640479,0.9894918356749216,0.9834744399763856,0.9902744529329954,0.9906551454305877,0.9692153720281363,0.9275436339809847,0.9491240947635254,0.9662973248955659,0.9522002771485061,0.9706179927386751,0.9790906494045925,0.9757172694281978,0.9780840351450885,0.9880159717213327,0.9802551467607207,0.9667839175433828,0.9762751689886489,0.9714820616621375,0.9704532553092196,0.9990104331112298,0.8972623689848708,0.921277064901256,0.9485711952266123,0.938323549950839,0.8721258301364062,0.8856939485411115,0.884754302790665,0.8896713879878184,0.9147269611354834,0.8949809812868182,0.9288580990591945,0.9452911374732292,0.9505857467165205,0.9610333853435404,0.9046926744339572,0.9679022103236667,0.9466335277027808,0.9665228168672688,0.9466398996627676,0.9031106580832206,0.9163423700026788,0.9439335470108708,0.9171334177985953,0.8811588294070468,0.8839294392684773,0.9680830037559546,0.9217159237508158,0.9446775769638714,0.9074880871358465,0.8281832231309801,0.8535782861855361,0.7356391643618069,0.8725389060277564,0.8828876015720782,0.896409715859789,0.8452050637784722,0.8635954955149848,0.4160398714204151,-0.5135531402116814,0.9580344148803818,0.9530883463693307,0.9503001510829533,0.9030594898214395,0.948556498505616,0.9562165921221276,0.9556406996781976,0.9377039334670975,0.9413961450600831,0.874413909720393,0.784466851665894,0.9398243948854753,0.9614813179988166,0.8059490411602014,0.9352065668368794,0.9367965726991804,0.8516760579945641,0.9677507506545296,0.7413620549826153,0.45286482524605703,0.651384268572837,0.7740934829008735,0.7757638659414683,0.7523022325996718,0.9670576258261603,0.9670411193799223,0.6983111410906863,0.6867135526297603,0.6758114780122495,0.40469522272007696,0.6890557779987286,0.69304039448057,0.6752085394265451,0.6927664357468162,0.7459526417735567,0.6841840126513196,0.6685636369102114,-0.34765970890468295,-0.484253003200616,0.6931788775721742,0.8366929809290627,0.83133531081601,0.8604964469886174,0.8559540940054056,0.7521560141891968,0.8132456670024939,0.8370486892152675,0.8309860526238554,0.7058751551859831,-0.033102667969938035],[0.9964854309161474,0.9918075293126198,0.9929851950833792,0.9969293345073782,0.9985406935740283,0.982225096171272,0.9996226756314757,0.9999998322043567,0.982717298952566,1.0,0.9999991432608021,0.9997700696529409,0.9999985376462353,0.9999917366693973,0.999997800882204,0.9996878030707677,0.9978927457080258,0.9994666468812917,0.99988553770651,0.9998855244654835,0.9999777934201928,0.9999993295506389,0.9937797511088418,0.9781273027401187,0.9962534137595753,0.9742467411400924,0.9963396032153681,0.9910243423994437,0.9813467489966518,0.9544562064334863,0.9897933340359901,0.9938066505970193,0.9900493702203312,0.9696786327761605,0.999507244866964,0.9995728575435854,0.9995855663905292,0.9998354556101142,0.9992641213661664,0.9995235374809518,0.9984853404960621,0.9989050303609515,0.9995129864941891,0.9995083679890424,0.9862938068361532,0.9348356385195438,0.9508930491112209,0.9541633706075442,0.9381418888653675,0.8947405351957954,0.9473993515597058,0.937701549100242,0.9510512251965079,0.9558946925567496,0.9459389450560709,0.9790415626775011,0.9788425709042741,0.9915460584839251,0.9967028378252947,0.9727851796448432,0.9594681761655568,0.9724420604827666,0.9713616886602946,0.9729416891578203,0.9727260678031935,0.9352484745727899,0.9532889675223191,0.9513003741722937,0.9510386738154479,0.9048469759574146,0.96619771857199,0.9651305142090326,0.9709912261895908,0.9700485532112798,0.9248434648933848,0.862552560991665,0.8224564502296812,0.8763271230455857,0.9126256221253012,0.900700084725175,0.9062161650218615,0.9054410700629806,0.7261295087490618,-0.5869310987707649,0.9613020981089304,0.9450438975972534,0.9450629596467536,0.973844718948466,0.9518055081085778,0.9673852213319064,0.9670480804017849,0.9217794234055765,0.9689292996742799,0.9240850933142403,0.7788090181734058,0.9478913446038015,0.9578061226972189,0.786787070020676,0.94715317801294,0.9483612843152858,0.8974291624215984,0.9757247966284645,0.8980231024535376,0.4622492622210252,0.686625868252071,0.9038433999231802,0.8562041151933996,0.8997130198724338,0.9823921906021303,0.9826042571812639,0.7688485461351522,0.7238801134426321,0.7720180226213252,0.411127190791278,0.7284890303616679,0.7767256041126996,0.7722126881775974,0.7395834159579395,0.7712726842271421,0.7416277043633339,0.7233653340361359,-0.5244972335378613,-0.6076782113022071,0.681724945860774,0.8819285282023134,0.9197281031633935,0.937006033347193,0.9038796374241688,0.8124054949744376,0.8986313221648569,0.9134932781518548,0.9129685801635201,0.804218692781007,0.1300484729441217],[0.9946138407893156,0.9918292262311054,0.9969460273139188,0.9952940883755662,0.998138185251017,0.9780376256726642,0.9995864057881516,0.9999993261658378,0.9872008481659473,0.9999991432608021,1.0,0.9997696481295362,0.9999964023044838,0.9999948783236052,0.999998358214171,0.9996719517173611,0.9975814785355049,0.9992115743995719,0.9997887222103033,0.9997887225782472,0.9999984469867917,0.999998381241954,0.9930918588473181,0.9739967255821783,0.9953209776890374,0.9822885329922961,0.9959056035298739,0.9910379161080192,0.9835343871749812,0.9471737649772014,0.9889853866959124,0.9933010942021954,0.9838625593778207,0.9451488052911958,0.9992908977704463,0.999345741689251,0.9992864700948165,0.9998958211400832,0.9992477669357681,0.9992964835764564,0.9979485829665945,0.9985155775335451,0.9992651043533125,0.9992627888785309,0.9885517031909454,0.934548463822192,0.9180542732564883,0.9541131019477863,0.9380543532005001,0.894440504636754,0.9172120432895265,0.9074477689965824,0.921621875588966,0.9300966985143104,0.9156327676381085,0.971451871743522,0.9714280564127602,0.9906823299668918,0.9952448251748549,0.9649061263865516,0.9595934630652486,0.9601250938779322,0.9619477562383913,0.9614844280594573,0.961235491083347,0.9106540587473736,0.9428773549727478,0.9176952161180919,0.9173014924173216,0.8358646774711981,0.9640529006334396,0.9694875436357892,0.9659848933975924,0.9648764316061529,0.9168054329028603,0.7964754269030204,0.7590933110587542,0.8391079389270467,0.8920860354102412,0.8611643175363786,0.8765717216588269,0.8752696063289794,0.726498324619315,-0.39259202094619783,0.9485050252901968,0.9451840090697545,0.9451640984026464,0.9660562297245079,0.9380480654387221,0.9512544542921769,0.9506106248466896,0.8933636785061835,0.9539577008613621,0.8978405940499145,0.7789671627208868,0.9482029655014439,0.961633295967548,0.6791102142283177,0.9070190946752891,0.9096873652378348,0.8546203870200676,0.9850227150702773,0.8423855683326568,0.12173348763474007,0.5380435558406194,0.8545085265763293,0.8213925959011822,0.8491949198027405,0.9857755655475943,0.9857952536213268,0.528692311783846,0.6371998604164176,0.5359511947119864,0.41105802366008676,0.5030804490736027,0.5468590114024302,0.5371171648560537,0.4750406456130384,0.7599214032291468,0.6082004126276089,0.5695525337579845,-0.4859538854372469,-0.5438375281986713,0.6811590536916713,0.8615390016381876,0.8741338659899482,0.9063032844242965,0.8975490557851202,0.6765341437075435,0.8468959959876806,0.8670048718028333,0.8662998118617576,0.6155829725123605,0.07794915728351003],[0.9939709344389044,0.9932944120094798,0.9961059567611257,0.9948575895852032,0.9980932590360269,0.9770328892535056,0.9996114340990633,0.9997655056761964,0.9896051838505755,0.9997700696529409,0.9997696481295362,1.0,0.9997831170149973,0.9997688872104454,0.9997749119941386,0.9996724819039488,0.9982133807032536,0.9994076962852676,0.9999705105871254,0.999970220405153,0.999774085609509,0.9997794549350325,0.9926892429175403,0.9709061095691683,0.9941388693497044,0.9830207116422753,0.9949218845066274,0.9935165458206963,0.9797628956862152,0.9285349876754112,0.9915576876213106,0.9943062217734154,0.9793694992808789,0.9267235821951806,0.9994211377378112,0.9994683786609961,0.999429639013457,0.9995912462340922,0.9996152972684096,0.9994457432416525,0.9978243847688844,0.9985469289974629,0.9994082442478566,0.9994051231072514,0.9898466329026404,0.9301203998045547,0.904748710538587,0.9511587473322647,0.9369057568005251,0.8944085830330305,0.882783910425337,0.9200653812485601,0.8863246143690208,0.9068557524251145,0.8810526895635084,0.9594444456456585,0.9594294570125124,0.9818943686601749,0.9947153519597108,0.9635575862405601,0.9641625365379087,0.9553880213792605,0.9595454552029395,0.9578924904167273,0.9577231534599658,0.9102748777782781,0.9336638862279552,0.9022218486829062,0.9021253831240028,0.8187487300145428,0.9628736823505661,0.9649044361694844,0.9649649259965325,0.9643232711640335,0.9233633517399716,0.7470671110596715,0.7068216766822016,0.8050043865108529,0.8699949860787854,0.8253851819374147,0.8485079024064357,0.8476884935554727,0.7065414473829038,-0.2764492575747226,0.9424730908959152,0.9475953207902266,0.9421660024992836,0.9643424770887629,0.9379308257845345,0.9460510921612595,0.9452123506190567,0.8908769474351868,0.9483899056464068,0.8941168831295342,0.7315603341845236,0.9457157303092953,0.9400857190503805,0.5522250534545582,0.8521083011781913,0.856623801354901,0.7512099747822661,0.9788431039910099,0.7274812171681903,-0.24712219828834667,0.2759952014650261,0.7510971123225993,0.7069902519827415,0.7448520301425724,0.9800038162875365,0.980097455685317,0.2191094587590908,0.37703063320811664,0.2244892267723903,0.19638282550912728,0.21640328047302515,0.23222771924626262,0.2297148312726154,0.1465151505388039,0.5601673876545312,0.2955583655498083,0.2436363023570873,-0.5004653735621761,-0.5471820578166072,0.681797069181325,0.7589697814923567,0.7825516156472765,0.8461182219720077,0.8273962155350361,0.5782917218800773,0.7643044241315549,0.7772751067795087,0.7762298379788838,0.43439078444993484,0.2679125623593979],[0.9963522691536313,0.9919127372509502,0.990197406772924,0.9967360817550668,0.9985592120209431,0.9826529806764805,0.9984659399212669,0.9999970868894309,0.9713091673530663,0.9999985376462353,0.9999964023044838,0.9997831170149973,1.0,0.9999912953507949,0.999997683742781,0.9993857549409344,0.99328723488979,0.9995085334924068,0.9999196422877865,0.9999195057613836,0.9999725639441925,0.9999989799295113,0.9911030268717624,0.9762467414614017,0.9936913086757673,0.9466786001525072,0.994207817932868,0.9911411028458278,0.976791703827233,0.9530897708939587,0.9889634148572229,0.9940047967160061,0.9924718789891228,0.9730714973925563,0.9995190609746691,0.9996189968101623,0.9997113893577895,0.9997470548456021,0.9993098613681443,0.9995564550476576,0.9983480200990575,0.9989278198618919,0.9995908977722937,0.9994605912846172,0.9816611280016242,0.9352151037633704,0.9510292294762395,0.9541690684175979,0.9382558075301317,0.8952389552934407,0.9566187589526688,0.9431814321114601,0.9586276357819551,0.9580147428377802,0.9482105154027269,0.9802538476904402,0.978997918962253,0.9911174570229377,0.9969684504000004,0.9475703545744276,0.959406784683363,0.9682837362400808,0.9713718012704535,0.970130612514846,0.9505064607639373,0.8972095917760288,0.9533695231159273,0.9570349425348894,0.9387505505269786,0.8839171261569393,0.9662035806207278,0.9388409656074338,0.9649213178862737,0.9482569722506139,0.7851183838796951,0.8628005746529969,0.791253137631193,0.8766928613666713,0.8937177919230556,0.9004275665925056,0.8804746045638683,0.8897685474825113,0.36566240415558765,-0.5822761908322218,0.9613279108016892,0.9451974750869658,0.94519262748261,0.9517414094632873,0.9564704234826773,0.9677541131746448,0.9679160518806282,0.9207774286707823,0.9631406717777462,0.8473979732443856,0.7788768043395456,0.9476038523461809,0.9457281337406028,0.802480382041034,0.9532820336514012,0.9543173307312457,0.8977001345734447,0.9763778884856669,0.8357493423802309,0.5647982744024281,0.7104702649051364,0.8577753127777963,0.8474391553180048,0.8404374311689383,0.9823759436716758,0.9825568521552765,0.7693955451362732,0.7247074005209493,0.7842629436996814,0.41165123250282526,0.7754973684908202,0.791548389056948,0.7891244502671176,0.7892082374062586,0.7719310358158962,0.7422060279242734,0.7239971992792865,-0.30613928498731413,-0.4572451349588756,0.6830994383463075,0.8824839443702164,0.9202485625558792,0.9333954692001674,0.9043656992301514,0.8164265757965383,0.9032520552728772,0.9216140560337736,0.9205161873330544,0.7596281738561999,-0.09721763140446538],[0.9963885004934772,0.9918043203450042,0.9923288027322911,0.9968580305922249,0.9985724669221371,0.983175484483164,0.9994891485759432,0.9999928616383151,0.979642065506192,0.9999917366693973,0.9999948783236052,0.9997688872104454,0.9999912953507949,1.0,0.9999951465423192,0.9995744010254968,0.997845409917161,0.9994673971489534,0.9999051987075517,0.9999042276108139,0.9999546686693093,0.9999915691355233,0.9930245014634859,0.976662499561207,0.9959719991770073,0.9682617863459734,0.9957579756697555,0.9910039519378059,0.9772173998911797,0.9532534114726771,0.9893159260411803,0.9940578035858453,0.9917796582239641,0.9726119628877148,0.9994977703329261,0.9995725067462504,0.9996315506903422,0.9998896443130619,0.99927430335317,0.9995060665164102,0.9982145255626591,0.9988511055926002,0.9995172581899678,0.9995104616930722,0.9841893691341654,0.93498440835317,0.950798123580099,0.9541128609848774,0.9380922414207273,0.8947231417470712,0.9513953166992273,0.9361068362949324,0.9536820646029844,0.9573858136875808,0.9474761358980922,0.978736767429531,0.9786759579504086,0.990402932825602,0.9969612276673864,0.9735252066223767,0.959223190867955,0.9733846370328345,0.9713724624425512,0.9743298735112988,0.9741036612946707,0.9444144154689171,0.9530217658214987,0.956027846684238,0.9557393466064786,0.9214385201431202,0.9662269392060632,0.9680954474412593,0.9729155954568038,0.971879641104698,0.9335794179352124,0.8622938130703132,0.8281200740438209,0.8761391308978692,0.9042631392454197,0.9001389578396952,0.9009264785793846,0.899822872904794,0.7040783115357006,-0.5828297655256938,0.9613263729628596,0.9449106760713488,0.9448029000972769,0.9745964941253851,0.956570750966878,0.9677208715665226,0.9678219016801964,0.9211447667958845,0.9689387930987388,0.9326360461714938,0.7787216598076067,0.9476588283870188,0.9509337229750375,0.8017020525089074,0.9531423139887149,0.9541279819947472,0.8973011904643846,0.9767152039202598,0.8850724942126725,0.5638655523458983,0.7092738046866448,0.8928918741785886,0.8604879591175433,0.8838295850173754,0.9826365524806148,0.9828457424665742,0.7679772914328168,0.723369011805888,0.802966836738182,0.41113714361141546,0.7813791207831235,0.8074045693785062,0.8019115737111197,0.7889408110655162,0.7713664921533572,0.740347815250252,0.7221281563441287,-0.396869589142889,-0.519036099382611,0.6811203597351151,0.881925174789281,0.9165242518725786,0.928775527602765,0.9042105737870553,0.814833922275721,0.8907522933661268,0.9095928287340742,0.9091856994893677,0.8402624000495086,-0.0639079512573968],[0.9962933007922586,0.9918629037698301,0.9903972793390604,0.9966938350526982,0.9985705359844101,0.9828851059346323,0.9992105533867479,0.9999982775582591,0.9762117330091404,0.999997800882204,0.999998358214171,0.9997749119941386,0.999997683742781,0.9999951465423192,1.0,0.9994742659121764,0.9971326229913218,0.9994849508685283,0.9999131611084673,0.999912576812464,0.9999665836228394,0.9999976530139365,0.9912650751952546,0.9765016871512323,0.9953367506368321,0.9599044986451637,0.9951425257799835,0.9910983457346927,0.977043071859292,0.9533074570238452,0.9914347794279111,0.9942682614098093,0.9923420160895463,0.9728636147370918,0.9994875748512843,0.9995809504233932,0.9996881461231041,0.9997629121146924,0.999278226755058,0.9995133641972448,0.998286635139912,0.9988773132113609,0.9995577952803016,0.9994294082139751,0.9819042286082923,0.9350192532649866,0.9508779008798972,0.9542204062720954,0.9382341709413349,0.8948865717060861,0.9563382642336065,0.9429187941434727,0.9583747336902053,0.9576287923974501,0.9477329065264032,0.9800231031059237,0.9787552143950965,0.9909502735032065,0.9968513306300245,0.9475966077301174,0.9594375215494201,0.9682510799990733,0.9713997583097083,0.9700862819146202,0.9501146242232767,0.8974444989126741,0.9531395844121784,0.9567823474971441,0.9385885180769034,0.8838568171701591,0.9663354381973245,0.9390290082205648,0.9649636278528264,0.9483156486982118,0.785526145751394,0.8625246258267715,0.7910542318293453,0.8764761161602405,0.8936641924591877,0.900306637674677,0.8803028153133975,0.8896168463882479,0.3658874188472908,-0.5819052291997008,0.9613217666191489,0.945165107951234,0.9451637541274835,0.9503498137921347,0.9565413277871648,0.9677226548364165,0.9678778353927524,0.920976783952131,0.9630899931227321,0.8476409291324513,0.7788288274435173,0.9478966564863177,0.9461338611778474,0.8024422848043508,0.9532043693887975,0.9542520996610298,0.8971762720368804,0.9765323882917399,0.8352816511969353,0.5635223720981589,0.7097036772024208,0.8573000757693076,0.8470218148752165,0.8399738725718303,0.9824710257036656,0.982648904226873,0.7683988790352461,0.7238692572722215,0.783625173692282,0.41125786706320794,0.7748032635512869,0.7907724447938028,0.7886456508103896,0.788396945949163,0.7715110086779261,0.7410325715054012,0.7228419291702399,-0.30687468606465845,-0.45787045849944047,0.6828954602461205,0.8818663998581332,0.9198874514574007,0.9328904144193698,0.9039200615441029,0.8156532076589742,0.9028581469488545,0.9210565250257896,0.9200842660270134,0.7590321766266257,-0.09644347123534747],[0.997711979793996,0.9939655087555292,0.9898532685471474,0.997967967419153,0.9990607520918927,0.9825544920023106,0.9998931279785906,0.9993389317051822,0.9741988110150228,0.9996878030707677,0.9996719517173611,0.9996724819039488,0.9993857549409344,0.9995744010254968,0.9994742659121764,1.0,0.998438748142125,0.9998544329964757,0.9995603543451357,0.9995650163717262,0.9997743667498654,0.9995469317239747,0.9909076578483582,0.9754578824646924,0.9940093668498933,0.9525094418249654,0.9936671749048177,0.9925437896214556,0.9752282380951386,0.9538288401067879,0.9918461726770803,0.9927145230372973,0.993199149964758,0.9749212524718938,0.9992855118719438,0.9997384950334051,0.9997235393538814,0.9995801819582995,0.9996143208205873,0.9996947616746524,0.9988652704453003,0.9995935333996434,0.9995178639485521,0.9992825129711383,0.9805296121957084,0.9335926017910624,0.9529602265069327,0.9512938218577142,0.9390817724011966,0.9014835724650967,0.9583614833707548,0.9473691922218058,0.9606809679824496,0.9616835211283187,0.9518705488829021,0.98197405073952,0.980773111490953,0.9918905686126055,0.9963754684968733,0.952129134077691,0.9632132419936257,0.9732346065322979,0.9740252723009104,0.9748083901343094,0.9529515404990963,0.9032532893194213,0.9566387846956618,0.9621080344766539,0.9435166867930023,0.8926242124758957,0.9688948930427521,0.9439912691882949,0.9693420651200336,0.9526799260554676,0.7940393890963484,0.8680406276038093,0.7954254251564732,0.8819575631783723,0.8987053235662318,0.903107714210849,0.8840464160005621,0.894879539501388,0.3771679799343251,-0.5790556344302298,0.9647065321896822,0.9500624895889338,0.9498509668386607,0.9544573165373238,0.9604939884762683,0.9709683376455213,0.9710524102159526,0.925406454148019,0.9683256326383004,0.8554227655102239,0.7806011633129224,0.938746275920219,0.9383046020533063,0.804893091275963,0.953272974387297,0.9541380871577251,0.8973572432405588,0.9731112878068702,0.8345409211037401,0.5732845632759641,0.7147543809846173,0.857338793686