var element=document.getElementById("correlationAdjClose");if(element.style.display!='none'){var correlationAdjClose={"data":[{"type":"heatmap","z":[[1.0,0.9999951733398142,0.9871590287313493,0.9999394993491872,0.9992222210889132,0.982086020078195,0.997891313006049,0.9965563603707306,0.9718695327000941,0.9966775626468878,0.9949172034967487,0.9941433000743272,0.9966370734639536,0.9966651497986432,0.9965962175910287,0.9978489450006456,0.9982137604689891,0.998339595207297,0.9970334061753607,0.9970417094237192,0.996961162980205,0.9966117275977281,0.9890140494167163,0.9738780976818965,0.991477081129006,0.9589513281072771,0.9906896575961265,0.9890434446618332,0.9710339454124839,0.955626225656654,0.9914058129272768,0.9932273235311355,0.992951189063295,0.9804935604174956,0.9978024894362222,0.9978591650143948,0.9976979528128674,0.9967371106854622,0.9956381118359857,0.9977662588363996,0.9986289472481416,0.9986595109442757,0.9978070769470355,0.997814423999817,0.9784419582959948,0.9353761181473521,0.9590945167977177,0.9534476585520942,0.9524594357137736,0.9331645559525303,0.9656695761807504,0.954541564335661,0.9675952755199339,0.9715518361527896,0.9601788415606577,0.984979764814203,0.983307822335682,0.9915491285652661,0.9937136745354289,0.9886365442740599,0.9845832519718031,0.9885103045632968,0.9878637985076171,0.9890471768583173,0.988947825009773,0.9528128510476525,0.9785152365649206,0.976784349087354,0.9765740180536677,0.9361266374836468,0.9841514649532257,0.9807984910911487,0.9873145577907649,0.9867350266286785,0.9453829861206027,0.9079852286024525,0.8815011730587348,0.921862887312696,0.9360029561949366,0.9345132458117027,0.9343620095546875,0.9332770267768341,0.7564027514735264,-0.5121975894816735,0.9817373118663264,0.9778830046386856,0.9756247061789789,0.9891947662769184,0.974547421606548,0.9850548651365765,0.9850459168548625,0.943181636731551,0.9860563386496707,0.9456394152784505,0.8245589521837139,0.9288693275960387,0.940996380844864,0.8413284250669375,0.9594974098760094,0.9602009528380213,0.9044160272548956,0.970571344659482,0.8944316410319137,0.5568170984197879,0.7364060829741031,0.9019729308857435,0.8752118613511988,0.8935377404266988,0.9774188264938486,0.977541506254422,0.7927877199288541,0.7659995171256025,0.8243479797761483,0.4889265019383695,0.8112221342051156,0.8283667648965239,0.8234832416151937,0.8176363857232799,0.8040166413331374,0.7582022204027573,0.7437405116962047,-0.3075813216007358,-0.4478678591719338,0.7559158813576744,0.8941453268038865,0.9283776021146052,0.942022662550717,0.9068822273608945,0.8372233173052874,0.9108113398936918,0.9224984448320698,0.9223132209165052,0.8612539969421972,-0.112415844819541],[0.9999951733398142,1.0,0.9915368629971829,0.9998770532939574,0.9983550276001825,0.9896305817072796,0.9943480242187209,0.9924586218542876,0.9889369721104725,0.9924603937464307,0.9924950068484589,0.9935462350462716,0.9925308562004443,0.9924567948668742,0.9925065619974036,0.9944023458190541,0.9964310512457336,0.9959196405769705,0.994101040816011,0.9941075745566015,0.9924955655692259,0.9925370944651738,0.9933267513987958,0.9797809398986392,0.9898016786559191,0.9832354104666101,0.9899045712552709,0.9889841463212171,0.9824120891773565,0.9434341992964365,0.989401306919318,0.9878939635974838,0.9840032015169364,0.9492835382910303,0.9952612268824733,0.9952276941673702,0.9954607447964904,0.9927948872465219,0.9951144067249201,0.9954810547454181,0.9966600497993637,0.9968552499898927,0.9954674258966459,0.995477091250951,0.9923270162370099,0.9349975514605406,0.9162672882551068,0.9532325282863904,0.9524120264986078,0.9331507767057735,0.9080885314412135,0.9415613646421714,0.9097770668380006,0.9364426543293964,0.9082344126816313,0.9636589864869785,0.9636526545835147,0.9771172219399139,0.9852511921321262,0.9858532202065275,0.9868729047279401,0.9808688778833279,0.984500485547232,0.9819194112236043,0.9818144765099744,0.947090911315085,0.9682273307350447,0.9383557316865825,0.9380287765362023,0.8749641573459087,0.9844150280049404,0.9854233289459016,0.985569282660008,0.9852483618853745,0.9614474849332344,0.838468032877276,0.8120399312143044,0.8795656082773038,0.9260069888355258,0.8938465831064534,0.9103194510250212,0.9094926781524227,0.8124644916088768,-0.03396284511741197,0.9745102810380873,0.9764568963927909,0.9742293004548607,0.9861850858029045,0.9703615030245824,0.9765057929476635,0.9759660407177507,0.9375508258516079,0.9775691414338402,0.9389802526708972,0.7736934219630538,0.9284817584135516,0.9295323745281328,0.6394607557481505,0.8757334163307685,0.8793055874711199,0.7801253733449314,0.9703707826382993,0.7555356624494983,-0.33644598873183035,0.2891977430228938,0.7801190467223147,0.7330793670487525,0.7731932213333188,0.9718455878938733,0.9718655348339634,0.2546594616713836,0.4270488937387169,0.2629473589444839,0.23350345502533335,0.255581711773238,0.26763521604813095,0.2646597805238424,0.1846908060620881,0.5986446370134689,0.332446227910458,0.2824735701698289,-0.43786916838205603,-0.4887008344887209,0.7551431711057309,0.7797167655795246,0.8013502324289546,0.867650196973313,0.8355953917836619,0.6475160483338853,0.8024074958433545,0.7971541765361503,0.7962362002396474,0.47858406905567896,0.27385274598468334],[0.9871590287313493,0.9915368629971829,1.0,0.9883313848941631,0.9935623958951737,0.9913462931555553,0.9891568339761337,0.9900112610077437,0.991666708676333,0.9925719654340521,0.9964771101742697,0.9957162404672443,0.9898513263355059,0.9918496603462021,0.9900635088599457,0.989615199795394,0.9907986015438742,0.9898060726117099,0.9886671802116066,0.988636948947834,0.9914836633863093,0.9898870137274136,0.9955347554080669,0.9863418278911721,0.9914843500229208,0.9817698554989599,0.9921454441649286,0.9897664094505092,0.9877464017275567,0.9635149985303348,0.9678214731128614,0.9723546142879762,0.977229893806247,0.9593312603944446,0.9865934402617241,0.9897328937825186,0.9881349198101902,0.9916195060410351,0.9946939241513553,0.9906003299133576,0.9848149558750162,0.9878822923810094,0.9870216961810511,0.9864084340327738,0.9931110726283356,0.9315899962823219,0.9449278649824938,0.9601327786688713,0.9466676906492184,0.9014788854139819,0.9243176865943613,0.9125396202124736,0.9272662164044861,0.9387008131691865,0.9214038456266366,0.9513359332444364,0.9618675268252006,0.9692647466411498,0.9759405689778597,0.9483756889899265,0.9714608162242888,0.9703302565668444,0.9760675789591461,0.97053066414114,0.9482287424012843,0.9312981689579227,0.9574660510005941,0.9482850741362581,0.9319835931868136,0.9046272978911802,0.9765548852189005,0.9576279570033885,0.9691726932914276,0.9499058565837623,0.8621799133691874,0.8809629808730166,0.8038626231112915,0.8958782613518643,0.9140623320679157,0.9166613856847156,0.884741461355055,0.8986601755448085,0.49908715335353343,-0.49244200774532376,0.9679818122545824,0.9579992056668875,0.9573206949768613,0.948247677353643,0.9627266430456202,0.9701968419041088,0.9698609522676834,0.9385944605252627,0.9663226526559016,0.9001024633367388,0.8111069904985676,0.9595253872082404,0.9596571888622628,0.8271533881989152,0.9479875670115506,0.9494954086696598,0.8775336361450982,0.9808246470975845,0.7746198810908438,0.46143850142467097,0.6831106467023924,0.7985674292456928,0.8035484267558572,0.7794278066605111,0.9823831559982846,0.9823758487941053,0.7267913487571587,0.7189007669119081,0.7097000346664496,0.4435654107710636,0.7151174126854472,0.717197380017954,0.7223952402197523,0.7181671347479641,0.7706091948020913,0.6977885773248488,0.6825293796678803,-0.36128342971345045,-0.5013633894362521,0.7311155815490519,0.8588668859742374,0.8749626285023977,0.8891724036621295,0.8807990855823444,0.7754058000606521,0.8590607299330163,0.8658332485564434,0.8718351336774972,0.7413915996030882,-0.036480367666152765],[0.9999394993491872,0.9998770532939574,0.9883313848941631,1.0,0.9994261146465222,0.9830769921447956,0.9980829307255382,0.9969020782146293,0.9737564535833554,0.9970715883002946,0.9955416747188722,0.9949388067780494,0.9969672116677787,0.9970768045540004,0.996941596146983,0.9980680250329996,0.9984938469359776,0.9985536506716405,0.9973328839126043,0.9973390948277018,0.9972943249906056,0.9969459488958488,0.9900423298364551,0.9750961401939567,0.9922961254526254,0.9611622728524772,0.9916001341277956,0.9905118052720201,0.9727581100333963,0.9566746257275172,0.9907745741553824,0.9927548441601272,0.9928693485483913,0.9801302715848644,0.9978519144966165,0.9980255037221292,0.9978735465746222,0.9971154003230916,0.996088954940932,0.9979657672120769,0.9985227147643204,0.9987218546904266,0.9978536480143936,0.9978583352305882,0.9800045039623736,0.9325869731423522,0.957310809059552,0.9531093738944066,0.9504638793615512,0.9282450904060858,0.9630156837292817,0.9515733821970671,0.964862607849187,0.9694547708261788,0.9577765982447723,0.9830838583543495,0.9820266020184409,0.990768847373635,0.9934906498657934,0.9874836181036544,0.9836172600833882,0.9875370913788699,0.9873581087382994,0.9880082397355453,0.9879022840754268,0.9457496121719814,0.9774816917940363,0.9756770774852345,0.9754627311718079,0.9325407465825265,0.9837479484055988,0.9785291715004996,0.9861587970034118,0.9855501895688582,0.9301117817677194,0.9068365425486887,0.8785529438834879,0.9205019768032014,0.933761060742729,0.9341503997916107,0.9324125962375125,0.9313604977668395,0.681246779168204,-0.5116274316197214,0.9810496531877655,0.9768259972326916,0.9743831255248377,0.9880445118534475,0.9740215683201883,0.9844607264741997,0.9844505058299893,0.942896925427322,0.984934925326204,0.9349360161720327,0.8274898679982081,0.9329493674461671,0.9443291850985418,0.8426898627921495,0.9605568061985204,0.9612834108994069,0.9040152431554226,0.9715876092564405,0.8884913471002472,0.5533038061244369,0.734784958457763,0.8966448512430336,0.8715578283658199,0.8879390106486492,0.9781160716550251,0.978243839512675,0.7916791937979961,0.7661662094503433,0.8165682180016104,0.4903381410357435,0.8053251064047772,0.8203201358352272,0.815365471912348,0.8122549877597036,0.8059796253300529,0.7581153047600055,0.7437165522250259,-0.30298444277841075,-0.44714708241834045,0.7548241367937948,0.8926160991532649,0.9265776112878914,0.9402591060028114,0.9059260325027504,0.8346949731461472,0.9088765934386631,0.9203203014641892,0.920282753148945,0.8546306240792382,-0.10564603067580003],[0.9992222210889132,0.9983550276001825,0.9935623958951737,0.9994261146465222,1.0,0.9850702025448781,0.9989893841790217,0.9986244785479412,0.984324183857735,0.9986209232730825,0.9982746153970085,0.9981853221044578,0.9986347883796921,0.9986512310571763,0.9986547766855539,0.9991097355025149,0.9989255242629711,0.9992568049365252,0.9988633218141296,0.9988625209885922,0.9986862039609586,0.9986369717115708,0.9949704768199238,0.9816237462177625,0.9955410749334005,0.9758330601581945,0.9955597137021397,0.9930956533050841,0.9834945421816489,0.9590419502246448,0.98885409592266,0.9916396280916968,0.9906477062429367,0.9737509192520876,0.9988318278594592,0.9989040259352602,0.9989458821677917,0.9987510330122287,0.9986584957009517,0.9989055568483143,0.9989577058748649,0.9991749715616232,0.9988668486992966,0.9988657550676936,0.9882113734320279,0.940463214101461,0.956745921101166,0.9576687744357324,0.948928202339358,0.9237672643277332,0.9541554093095046,0.9502290922741603,0.9582626350066908,0.9646927793430451,0.9532231748857157,0.9820573313142216,0.981982760052027,0.9912744291813521,0.9934972935158453,0.9839071518566388,0.977782879750151,0.9817899599199318,0.9837602856352259,0.9822299985647468,0.9820857526497062,0.9423716703503271,0.9700135122408398,0.9601440958885015,0.959858957643859,0.9061792607322725,0.9809659226765717,0.9773001892379821,0.9825703942398004,0.9818505949799015,0.9429135276083819,0.8902971315116774,0.861588498243396,0.9075632141737523,0.9383372533876254,0.9264150870722432,0.9318617009532173,0.931013330724375,0.8039164747699655,-0.4937635369440734,0.9752968367631868,0.9670466337721358,0.9656962097834538,0.9846222952903472,0.9647516444009864,0.9785040680100562,0.9782241537890941,0.9347904870412883,0.9795299849374378,0.9360893975848152,0.8186202009165037,0.9450637388168102,0.961598752958167,0.8146078165305368,0.9508820371220456,0.9521369050040323,0.9001425822161851,0.9758806771388471,0.8945836895102233,0.3899220286634219,0.6860944753108124,0.900494901155345,0.8584637702331823,0.8970154613759326,0.9814740393052044,0.9815712096360009,0.7624498190511766,0.7529430578727161,0.7663603947405919,0.47131497346704415,0.7292455582887575,0.7702255282524734,0.7663444066162435,0.7326488748293126,0.795956437204868,0.7465981626940221,0.7313412802387562,-0.4946269679250121,-0.5778590243246275,0.7486085847706068,0.8896146758548025,0.9172026904405499,0.9395744965965815,0.9060623785246542,0.8224589863459555,0.9056042589006109,0.9124107202786732,0.9119041885777764,0.8006439035506921,0.1045219481115619],[0.982086020078195,0.9896305817072796,0.9913462931555553,0.9830769921447956,0.9850702025448781,1.0,0.978119271954753,0.9797289321070094,0.9940114546649423,0.9792347438685235,0.9759386665998437,0.9754258329754334,0.9795239940508487,0.9800069444119686,0.9798003321605862,0.9794842407215694,0.9834874292110888,0.980245685359818,0.9800270429749266,0.980024427407502,0.9786345851841581,0.9796673836635139,0.9932825381417768,0.9938943173091074,0.982582130854949,0.9889547473482679,0.9832087642000696,0.9782018943337424,0.9887454231606219,0.9761039829018133,0.9537837650468389,0.9604262297691163,0.9715183392532325,0.9643720736472164,0.9777821146780675,0.9783453951911338,0.9792216152498063,0.9804771502492328,0.9764112926252083,0.978891606263166,0.9772801796416606,0.979205020765721,0.9781321929289994,0.9781349761774556,0.9963044465039953,0.8981280551225009,0.9354790573871731,0.9437468957345493,0.95206690907834,0.914919068996485,0.9166623900653857,0.9128841644596517,0.9198550368360295,0.9404560808816242,0.9184380555395677,0.9463164878702043,0.9533650567070472,0.9602727691669468,0.9635699238187,0.9737604500017131,0.9897187020460357,0.977554818016609,0.9866389864254042,0.9771446155442179,0.9766652816220828,0.9788230470102264,0.9762186196224911,0.9602893687782014,0.9598186910989295,0.9537394517032485,0.9850408848175347,0.9784276803537351,0.9742000587169601,0.9731957370351516,0.9716661865108832,0.9210239632056771,0.8831259650186359,0.934425935028233,0.9327373446836087,0.9420794422216485,0.9237182489547577,0.9218153393088272,0.7986041484062317,-0.44115125488501866,0.9856092497605767,0.9876604161255547,0.9845167532141471,0.9745307570260827,0.9797627060312349,0.9840683872122314,0.9837141229437611,0.9729971149935178,0.974575589146295,0.9727654617350551,0.8268884687942115,0.9082903848323118,0.9611359242083622,0.8577524734191966,0.9468617384389163,0.9478887879666608,0.8631744562779793,0.9576055357827079,0.8260091009548881,0.4650946378478305,0.6939635299828951,0.8362592622732248,0.8170837415586458,0.8264310692937048,0.9566492658726063,0.9566465429492201,0.739804093260255,0.7382860184170431,0.7444393901908527,0.49180914752660615,0.7464338086412242,0.74937121249456,0.7432219925928779,0.7429406302882179,0.7804016182258544,0.7109439882569755,0.6996019986009212,-0.3274330255368809,-0.45688790097870796,0.7634528716537484,0.8513917109380097,0.858841883931174,0.882093366025186,0.8592499328155642,0.7895685506962917,0.8449756589915168,0.8519427901285234,0.8519110027695237,0.7987339569305735,-0.05862254240888777],[0.997891313006049,0.9943480242187209,0.9891568339761337,0.9980829307255382,0.9989893841790217,0.978119271954753,1.0,0.9977655753882632,0.9563972206985298,0.9996569223234505,0.9996375228769895,0.9996698764795987,0.9985962204633819,0.9995263946737484,0.999281938572006,0.9998958825011802,0.9969821792961218,0.9999068332286563,0.9994585520015778,0.9994627751506917,0.9997472655383619,0.9994073703614902,0.9905366083608605,0.9740924484386165,0.9868750580409101,0.9266243174992028,0.9940413989321536,0.993385362602928,0.9736226608817546,0.9515413564522384,0.991407842021379,0.9921174943836819,0.9942268650833905,0.9780777852541941,0.9991233977861841,0.9998714234634921,0.9997502636013403,0.9995220054200946,0.9998063607568999,0.9998596136026116,0.998688706188568,0.9997665795329467,0.9994634149477175,0.9991596205089972,0.9789678210920233,0.9460804306539946,0.958783114100709,0.9596308698965008,0.9477189939792163,0.9216663960587725,0.9601907266061736,0.9512775201432337,0.9625985529377342,0.9672247484625415,0.9577434378367092,0.9830023031093567,0.9833594079829148,0.9927049538513293,0.9963085172907425,0.9566154234709986,0.9653479545553469,0.9743957931944746,0.9754288401823721,0.9758062213649626,0.9565750404200434,0.9044043181334716,0.9606686849175273,0.9634357161390152,0.9483743339841783,0.8887005881158605,0.9715665743826206,0.9497289089057286,0.9724360539644162,0.9569088201925153,0.8188695235146254,0.8810060767395355,0.8161349827886994,0.8939684466853621,0.9104404424644684,0.9145079532776852,0.8962471290213663,0.9067695886651554,0.44221055307334367,-0.5484196499588256,0.9655784758670968,0.9527442683230349,0.9526168957714994,0.9578369409529067,0.959870954483457,0.9715192856039184,0.9715893853689794,0.9218224009060003,0.9704895197060246,0.8668679289155397,0.8121099568262772,0.9455440599860059,0.9420636213869236,0.8287568714568639,0.9581294521953967,0.9589636381216337,0.9048107112855586,0.9755190017064266,0.8337648947724826,0.5529946426469315,0.7302744633793186,0.8588352044829344,0.855072948636175,0.8402861399054794,0.9820625535464791,0.9822147605137093,0.785688213497321,0.7511126887497679,0.7827463205897687,0.46477612237443733,0.7863580384317997,0.7972123350487487,0.7874628023339837,0.7969491736472881,0.7942209279616775,0.7539237756632098,0.7376799247032657,-0.3142765651087446,-0.4664446101899197,0.7578861928274598,0.8952020346937242,0.9213203614903385,0.9426385684756491,0.9134414497710397,0.8374044833583665,0.9110911808446022,0.9264949958760215,0.9248833283096586,0.7853232347692857,-0.08008452317872514],[0.9965563603707306,0.9924586218542876,0.9900112610077437,0.9969020782146293,0.9986244785479412,0.9797289321070094,0.9977655753882632,1.0,0.9667181475325949,0.9999998444638295,0.9999993958481341,0.9997993221193319,0.9999971641221882,0.9999936218959691,0.999998441496363,0.9994032436489334,0.9923952111495183,0.9995274134313071,0.9999172638349301,0.9999168359272452,0.999969015618834,0.9999988655604961,0.9911751181271871,0.9759969325239425,0.9933683989583074,0.9403789832958754,0.994540553737479,0.9920366893319362,0.9758649937686389,0.9515237050837028,0.9877968168680619,0.9937290919662279,0.9929304956876152,0.9754868914303859,0.9995017882714119,0.9996179447624263,0.9997106516246979,0.999769838982358,0.999372992197882,0.9995665031716974,0.9984078931746677,0.9989849559182826,0.999576798241554,0.9994536044867444,0.9807937897831734,0.9460450937423975,0.9566609305901302,0.9626416487624493,0.9475204500881745,0.9139622538891409,0.9584500291653401,0.9472031196315983,0.9605544313339683,0.9624532625549557,0.9524286316051098,0.9810842686819254,0.9807988529539607,0.9917912356157803,0.9965960855313334,0.9526170909637222,0.962770692119,0.9698949875409126,0.9734236527303388,0.9716171245447431,0.9553230278446696,0.9003455055234645,0.9574607836263468,0.9586008916807387,0.9442553612570891,0.8814375930542986,0.9697654778812607,0.9449995377234839,0.9682837511334846,0.9531822715893132,0.8100023960908898,0.8759371452162916,0.8128245884809671,0.8887334987098785,0.9052656935496439,0.9115837749732112,0.8928928907969051,0.9016352708381924,0.42846057519271746,-0.5508813025728241,0.9628956789440201,0.9489712816768209,0.9488168776704867,0.9562627359977371,0.9572371516979472,0.9689352207188925,0.9689971432688789,0.9196576090669688,0.9656082182048183,0.8601106172071408,0.8100273134166095,0.9559436142314928,0.951418733760533,0.8267701501124893,0.9581662091049714,0.959132278046911,0.902373426075823,0.9788885062306576,0.8358759087592846,0.538665516787071,0.7222068202001871,0.8591678203519495,0.8517782613585967,0.8416989424292698,0.9841141244974758,0.9842680233009089,0.7774427417334939,0.7445564971281456,0.7833573558126726,0.4543540444918218,0.7812991138188916,0.7924774299210355,0.7872454268988485,0.7913353487217641,0.7889163013500672,0.7486109825586773,0.7318824681261711,-0.3287104838655661,-0.4797255375461268,0.7482345728938746,0.8884951602800932,0.9185732888823928,0.9355134413231465,0.9082244384291758,0.8277045063563966,0.9049083280866065,0.92033265143849,0.9189360068273291,0.7680143537912233,-0.06362997430471327],[0.9718695327000941,0.9889369721104725,0.991666708676333,0.9737564535833554,0.984324183857735,0.9940114546649423,0.9563972206985298,0.9667181475325949,1.0,0.9817761476281993,0.9866334704789548,0.989181729287694,0.9702925306179826,0.9786285123335813,0.9751456805225087,0.9734253249788148,0.9507635228176028,0.9782573623998599,0.9757599183908535,0.9757240120586416,0.9802624207557632,0.9749918491741739,0.9938747970158305,0.9940484881971192,0.9801529405239536,0.990314567875888,0.9834283836488033,0.9923802957157609,0.9916658175775466,0.9721023146566344,0.9251169385172726,0.9467630762902126,0.9649351368818674,0.9536086631919202,0.9695429313162498,0.9781688643527573,0.9746881126213166,0.9770183115567103,0.9880704202838236,0.979481354170614,0.9662532054515881,0.9758310439672241,0.9704804559736605,0.9694915397753878,0.9991270538126981,0.9146023355366932,0.9306207350664087,0.9602269262750308,0.9513337591088536,0.8989986111727187,0.8883269408154034,0.8904014759314077,0.8925658214184397,0.9234065450186941,0.9015407391077879,0.9293458348296663,0.9471622589992451,0.9520707857292103,0.9583903833665903,0.9133654673954743,0.9734952944238077,0.9546193573838438,0.9715887800955416,0.9545507527015256,0.9140109554194102,0.9293988069575091,0.9537616098625801,0.9305896670608744,0.8976793483751986,0.900444436433811,0.9727238989133311,0.9303628456282335,0.950277714590545,0.9153301699399864,0.8561592884829362,0.8806421084878729,0.7692115844052092,0.8964817482544463,0.8996187469457848,0.9125877248615306,0.86328253937997,0.881393201137221,0.48677005253141176,-0.4694475965094185,0.9653562603024795,0.9618261905798762,0.9595458201461323,0.9111425517791033,0.9571925313975299,0.963485895713572,0.9629726763734398,0.9461832552625414,0.9500735123354458,0.8960896351857164,0.8154051641128577,0.9463369475099742,0.9654774887589893,0.8362401921490761,0.9404860130944318,0.9419969422215426,0.8543548473480576,0.967598469013135,0.739582432427348,0.42164949153641235,0.6635596839930782,0.7736889378011159,0.7789015549524699,0.7518699364162966,0.9667552575795276,0.9667158224620144,0.7067223705334487,0.7079022850855461,0.6737488827199708,0.45027022834498504,0.695296106650353,0.6931939202902864,0.6720079681192723,0.6945418738641277,0.761805096809911,0.6889350631706574,0.6750528206863133,-0.3656084459938082,-0.5015769547598431,0.7610451432256053,0.8420486679161638,0.8270569034499639,0.862955297171911,0.858955716632416,0.7660689090326656,0.8149300107555713,0.8336639768696613,0.8271869383020977,0.7129572864407794,0.0028937100117631858],[0.9966775626468878,0.9924603937464307,0.9925719654340521,0.9970715883002946,0.9986209232730825,0.9792347438685235,0.9996569223234505,0.9999998444638295,0.9817761476281993,1.0,0.9999992010632986,0.9998035616744672,0.9999985958472247,0.9999926618302091,0.9999980021357515,0.9997202894949747,0.9980563827819084,0.9995279212157634,0.9998969994433935,0.9998969209836152,0.9999801569539383,0.9999994002102975,0.9936702332192048,0.9778886842670371,0.9964837649792323,0.9712128571463587,0.99652915577275,0.992040730554555,0.9801952998723417,0.9530108009022394,0.9898192599972611,0.9937633790348971,0.9908104261674493,0.9726403780875179,0.9995505922783413,0.9996136545117194,0.9996298387707935,0.9998530038282406,0.9993831806071667,0.9995735180951785,0.9986571260671196,0.9990303162989198,0.9995618360732779,0.9995576731672048,0.9853204929809035,0.9459376452603983,0.956686449645573,0.9625415791179851,0.9474344431234446,0.9140507717188846,0.9522991077806626,0.9446890220616477,0.955858856192583,0.9609980494250935,0.9509950972803112,0.9809300757734972,0.9808305618910571,0.9924304677821548,0.9964345273815254,0.9748822271570586,0.9626643250867145,0.9726178214444612,0.9733635275226232,0.9732214572896692,0.9730530784248338,0.9301222443738347,0.9573768907273061,0.9512126317950476,0.9509295188067074,0.8949489992188855,0.9696817175312563,0.9681829947863468,0.9736998724251115,0.9728326332973259,0.9295965246154629,0.8759433959957029,0.8418245197045727,0.8885577317912748,0.9224722999950177,0.9124349665351019,0.9170517724951218,0.9163798152089038,0.7623620302988205,-0.5435931735878695,0.9628381432938777,0.9489406590743387,0.9487999917401116,0.9757885847191046,0.9528080479232073,0.9686658219356413,0.968388502038292,0.9203415730865901,0.9698841363097942,0.9218873718074063,0.8100221247171834,0.9557291782149298,0.9619377398971404,0.8138444672223384,0.9529744556937498,0.954077008179826,0.9024468565757833,0.9782081692651008,0.9026549550729351,0.43376582228930366,0.7023917878334485,0.9084979872897351,0.8663134969151802,0.9049022481561574,0.9840815747799162,0.9842589514504191,0.7775132558468691,0.7443944488811662,0.7808123894618987,0.45444926162741284,0.7444676413168403,0.7850467627636408,0.7807955690146346,0.7500641000856856,0.7887386371834257,0.748624263919528,0.7318772039028176,-0.5378225748282156,-0.6211768330287696,0.7473975681707861,0.8884493699920578,0.9205336659955505,0.9415413953408145,0.9082101913549744,0.8250963327101131,0.9060268884000373,0.9151788045495063,0.9146936813136063,0.8119739139630714,0.1624614633369821],[0.9949172034967487,0.9924950068484589,0.9964771101742697,0.9955416747188722,0.9982746153970085,0.9759386665998437,0.9996375228769895,0.9999993958481341,0.9866334704789548,0.9999992010632986,1.0,0.9998021014631715,0.9999966047336636,0.9999953683976865,0.9999985218795576,0.9997078047755291,0.9978572495117618,0.9993203935388333,0.9998143201983145,0.9998143588907914,0.9999985488893585,0.9999985397048861,0.9933086876004091,0.9750910569795229,0.9957491720742337,0.979135982569463,0.9962413172385957,0.9920538685549102,0.9825516702706859,0.9475846033982028,0.9896698116947116,0.9936236123276563,0.9857453967257822,0.9521573457612118,0.9993824170702714,0.9994318763129075,0.9993836652873515,0.9999095109116156,0.9993696471435075,0.9993927085898264,0.9982300159795725,0.9987145036862995,0.9993649715048994,0.9993630518285441,0.9879935571496448,0.9457062333402401,0.9298386289265628,0.9625149686125904,0.9473877664572079,0.9138347900972994,0.9285743607228737,0.9207728934937026,0.9323511667650645,0.9400120127400554,0.9272787845524006,0.9752218244965521,0.9752028251305731,0.991598040092949,0.9951109559825763,0.9680957831614065,0.9628047511683482,0.9611158223779342,0.9655902372634417,0.9621200131235861,0.9618868121439372,0.9101761650924851,0.9480470274142742,0.9172182155103142,0.9166828782087791,0.8361359218786962,0.968295682961304,0.9729009950213161,0.9698860090474078,0.9688462844404628,0.9252770826601417,0.825250012319006,0.7956368073736032,0.8600034614934577,0.907634886181945,0.8818370594889924,0.8946746054696447,0.8935956080869645,0.7702479716539302,-0.3133969072992968,0.9522097182589322,0.9491057878509207,0.948929051000507,0.9690302405723941,0.9408521560100609,0.9544150381046047,0.9538313951523318,0.8985752508139617,0.9566091887890319,0.901881255626624,0.8101790458520133,0.9559842660797986,0.9664726834829681,0.7280856590904522,0.9196097842409587,0.9219746612302955,0.8632597003770331,0.9860393761022188,0.8515600277147403,0.08534945655394727,0.5635423104112758,0.8631498908724092,0.8339241431589307,0.8585300386795669,0.9867841530056345,0.9867875900759686,0.5618136813121356,0.6680675114372777,0.5691853586269585,0.4544050688700352,0.5398530698573795,0.5781544461366585,0.5696265770310538,0.509236249025501,0.7792591599720907,0.6314034584543409,0.5945260280822017,-0.4967574621516478,-0.5570530443188293,0.7469622372899382,0.8707717524778407,0.8824013849765564,0.9181611392573276,0.9026218688007681,0.7176480309061299,0.8669295344783121,0.8771975016300847,0.8766043694356317,0.6449291327699456,0.12065460837513908],[0.9941433000743272,0.9935462350462716,0.9957162404672443,0.9949388067780494,0.9981853221044578,0.9754258329754334,0.9996698764795987,0.9997993221193319,0.989181729287694,0.9998035616744672,0.9998021014631715,1.0,0.9998152878001108,0.9998031818793289,0.9998074755327763,0.9996956922064728,0.9984469231821816,0.9994901275778659,0.9999747040909148,0.9999745176746798,0.9998070909981763,0.9998113546304023,0.9930857148218468,0.9731434956636401,0.9946400083772728,0.9794466443833095,0.9952773678507445,0.9938824853521614,0.9788121750094015,0.9318122803184419,0.9925386619974014,0.994927106715003,0.9824076570823373,0.9377885453700334,0.999513637973532,0.9995525204675474,0.9995167183901514,0.9996556262030732,0.999672340963551,0.999529791859423,0.9981470699848569,0.9987434464405488,0.9994994692992313,0.9994967507598282,0.9894282290865618,0.9420016784012362,0.9202298843459866,0.9597313191339195,0.9455671914679229,0.9135730704261625,0.901270764821146,0.9326041028526092,0.904136695428951,0.9224401657101594,0.8999662078196803,0.9654372825909496,0.9654275652658328,0.9842259885589557,0.9949925389010289,0.9674290992643397,0.9672741323019227,0.9570156797313852,0.9640001637617718,0.95894039735171,0.9587524854574282,0.9120334897096807,0.939988531954155,0.9022379543895174,0.9018301822781941,0.8253617635916384,0.9680395004399082,0.9697393466345305,0.9697292105768961,0.969094833606555,0.933112304633044,0.7904377665056634,0.7605665266990228,0.8353000694341718,0.8916168433955731,0.8559157229208252,0.8744906589325206,0.8738163773620959,0.7611145623649958,-0.15712535866933042,0.9472275311499925,0.9506308564699898,0.9468627267338156,0.9679818295609187,0.9413944984892804,0.9500581655336536,0.9492913300468765,0.8990416033841389,0.9518063966601785,0.9012322253484547,0.773479243631853,0.953967001886746,0.9490829345548444,0.629318684699819,0.8760103662710569,0.8798921880651493,0.7752633117127311,0.9809648756579866,0.752948965705784,-0.2772862742339173,0.32023686844333477,0.7751688535286059,0.733383640086361,0.7691155557686618,0.9820376863985666,0.9821151227368067,0.28227954291187607,0.44069885443158163,0.2888912437287514,0.2600697696728453,0.28062110358270187,0.29471783721602285,0.29230537719640015,0.2093539717789124,0.6112296697163345,0.3499200710315226,0.29851103385882855,-0.5033588496084793,-0.5530629102218035,0.7465358650313623,0.7826535053379351,0.8042280216597367,0.8692939298981529,0.8432784176266618,0.6354553112201164,0.7991241257721586,0.8000428006514007,0.7991551997501566,0.4804291774694262,0.30478449913963496],[0.9966370734639536,0.9925308562004443,0.9898513263355059,0.9969672116677787,0.9986347883796921,0.9795239940508487,0.9985962204633819,0.9999971641221882,0.9702925306179826,0.9999985958472247,0.9999966047336636,0.9998152878001108,1.0,0.999992010066349,0.9999977177814542,0.9994446218262796,0.993916984012826,0.9995624057274243,0.9999266321488264,0.9999263870889794,0.9999755640121479,0.9999990379504399,0.9910456065198725,0.9757848591260844,0.9940118325611599,0.945212143593837,0.9944859629064533,0.9921302093397074,0.9756478675764226,0.9514251006925603,0.9887120711747305,0.9938226325224738,0.9930129622367049,0.9756032905126524,0.9995440543200128,0.9996547132158657,0.9997389081956883,0.9997673270987255,0.9994211677086298,0.999603772652285,0.9984885670188235,0.9990444002558319,0.9996182598696288,0.9994961212915726,0.9805337671452803,0.9462539537722967,0.9567923541370478,0.9625611981136313,0.9475426832312014,0.9144306667320828,0.9587996904979731,0.9475708608160118,0.960904727216961,0.9627449868303308,0.9527946247499471,0.9813327370798995,0.9809738674067118,0.9919181877409513,0.9966879145892289,0.9528349848225867,0.9627449192542917,0.9700171550503818,0.9734326177676788,0.971738908339717,0.9554901619063711,0.9002034007501721,0.9575408670976003,0.9588173134985385,0.9445395810955778,0.8814507493949918,0.969741140526777,0.9450989242088573,0.9683967681883208,0.9533860084006585,0.8098450921600819,0.8760790050586007,0.8131839585833123,0.8888696432644999,0.905410642220178,0.9116471082531088,0.8931511165695556,0.9018774363350918,0.42846839033934053,-0.5510556504681106,0.9629225743142193,0.9490094991256433,0.948854976320682,0.9564412697968989,0.9572538245531496,0.9689832220952038,0.9690470643650976,0.9195434693683435,0.965749014267851,0.8600025389092931,0.8100513271813435,0.9554703014969556,0.9509421868085082,0.8267393318369705,0.9581589066514942,0.9591174914755372,0.9027134097950774,0.9787626405732996,0.8363907524706676,0.5397969062071473,0.7228340326144141,0.8596628673006962,0.8523119306968283,0.8422024647271985,0.9840633516955726,0.9842174792933024,0.778040273727957,0.7450218087985263,0.7839900633750824,0.45489760381808897,0.7819596151353314,0.793178289943763,0.7878949241273613,0.7920471298450499,0.7892339296470353,0.7490612727588137,0.7323443336449498,-0.3278363317034918,-0.4789630470291324,0.7485426187605619,0.8889964440767714,0.9190701940682188,0.9360425690014177,0.9086942055048256,0.8282424956312389,0.9054940426403835,0.9209290658792174,0.9195261597920581,0.7686806813315794,-0.0646750368146181],[0.9966651497986432,0.9924567948668742,0.9918496603462021,0.9970768045540004,0.9986512310571763,0.9800069444119686,0.9995263946737484,0.9999936218959691,0.9786285123335813,0.9999926618302091,0.9999953683976865,0.9998031818793289,0.999992010066349,1.0,0.9999956655767698,0.9996197179311137,0.9980399339588065,0.9995255342686664,0.999913500229722,0.9999125132264158,0.9999591831633186,0.9999924130066319,0.992875652091728,0.9762331188713337,0.9961822994132905,0.9653689694529778,0.9959470047858783,0.9920359839947203,0.9761810553045981,0.9516973632384284,0.9891842896356394,0.9939194501530894,0.9923381648149557,0.9751899392823485,0.9995321798452291,0.9996108932002242,0.9996658340287166,0.9999005860298017,0.9993918041235185,0.999557546194483,0.9983923146095935,0.9989755931996207,0.999557150501059,0.9995508788897827,0.9831344841560689,0.9460785904697491,0.9566191296970438,0.9625513426536809,0.9474734473535473,0.9140834378813331,0.954929172024723,0.9419217174018633,0.9572840827398225,0.9622002412303297,0.9521091104262274,0.9802183810522249,0.9806797188423154,0.9913127911106964,0.9966667022372782,0.975883133241918,0.9624365042412008,0.9744500240236253,0.9733870541543496,0.9753750723294722,0.9752072135028634,0.9387057323801873,0.9571613660155103,0.9572832852443217,0.9570189697846851,0.9114187062311078,0.969711526856396,0.9708422675574506,0.975526155463724,0.9746024799852389,0.9367902327307038,0.8757898350373912,0.8466397401069049,0.8884573324657846,0.9148343880693895,0.9114469711968869,0.9120489686739499,0.9110957601313237,0.7413612235319551,-0.5514090016541238,0.9628771768586848,0.9488119526463425,0.9485572695804942,0.9768132972429359,0.9573069694874113,0.9689346137708457,0.9690283914869416,0.9196572952141941,0.9707864113545804,0.9297561187657081,0.8100046374761943,0.9555568690693335,0.9552857891333736,0.8261865844115063,0.9580603251621156,0.9589722137853111,0.9023204087538103,0.9790703828200584,0.8872389873924993,0.5389037850239428,0.721769064723589,0.8952484537571044,0.8663853439586451,0.8865581526352458,0.9842974045085694,0.9844720738594641,0.7766985564608369,0.7439606407566929,0.8061570163288619,0.45451480218479734,0.7901503708640185,0.8103780891005035,0.8049025347259523,0.7935359983372112,0.7888550000798773,0.7474315371904141,0.7307277637716917,-0.4160714103752864,-0.538014335913836,0.7471046552192266,0.8884492576680936,0.9159067576139388,0.9319472371355315,0.908519354035689,0.8267256443107631,0.8954432569187961,0.9095738988337159,0.9091887437590973,0.8438473210000605,-0.03130546565488328],[0.9965962175910287,0.9925065619974036,0.9900635088599457,0.996941596146983,0.9986547766855539,0.9798003321605862,0.999281938572006,0.999998441496363,0.9751456805225087,0.9999980021357515,0.9999985218795576,0.9998074755327763,0.9999977177814542,0.9999956655767698,1.0,0.9995261762379358,0.9973960542617232,0.9995410537992836,0.9999195579143556,0.9999188548309834,0.9999696849995876,0.9999978119269807,0.991219977688384,0.9760634429204416,0.9955793889667308,0.9575046297225491,0.9953479783750077,0.9920953977886513,0.9759238828938532,0.9516869849051763,0.9911738067359239,0.9940646792933487,0.9928846053472276,0.9754114023466208,0.9995114467810152,0.9996181879683076,0.99971664555951,0.9997834538197116,0.9993950060659691,0.9995635768199695,0.9984296434840487,0.998998783129914,0.9995850983173806,0.9994642210042808,0.9808005262069899,0.9461000952624792,0.9566820520478376,0.9626200192525189,0.9475594876609867,0.9141717490499975,0.958517339295012,0.9473172203057009,0.9606501095015559,0.9624130832898748,0.9523518882904429,0.9811021064656502,0.9807469020507819,0.9917637433144603,0.9965600477889747,0.9528720232281029,0.9628107088038228,0.9700429651210675,0.9735069254645717,0.9717529355134276,0.9551628032433614,0.9005375066106003,0.9574077934856741,0.958667218136326,0.9444396834004825,0.8815717635263359,0.9698933076234896,0.9452964460650098,0.9684604735288742,0.9534498419098271,0.8103045490316138,0.8759772161863029,0.8130583333565883,0.8888093991783325,0.9054189017606108,0.9116069534998533,0.893029648703696,0.9017865614253973,0.42879448259589237,-0.5505730973559818,0.9629918935193486,0.9490397983846977,0.9488853206714446,0.9553061852490817,0.9573993722277004,0.9690219484879736,0.9690808604605183,0.9198480902771794,0.9657571991299786,0.8603455760761265,0.8100364362559465,0.9557158287617964,0.9513424388971197,0.8267952382997318,0.9581069504542588,0.959076840792326,0.9021970151995816,0.9789012689842749,0.8358919525458767,0.538474235834615,0.7220944897116044,0.8591636373473049,0.851879487507553,0.8417118213214658,0.9841423266004177,0.9842935521231339,0.7770800380622015,0.7442566882450882,0.7833264658839539,0.4545651435162882,0.7812690645029059,0.7923916761180011,0.787379827685309,0.7912327266811158,0.788845205661805,0.7479315880611541,0.7312356614734954,-0.3285396354718679,-0.4795499866166946,0.7484047553369796,0.8884067960937426,0.9186773888201779,0.9355410524990198,0.9082610511706762,0.8275141765810845,0.9050850685977111,0.9203520881587101,0.9190668600442902,0.7680924296595965,-0.06386872522599414],[0.9978489450006456,0.9944023458190541,0.989615199795394,0.9980680250329996,0.9991097355025149,0.9794842407215694,0.9998958825011802,0.9994032436489334,0.9734253249788148,0.9997202894949747,0.9997078047755291,0.9996956922064728,0.9994446218262796,0.9996197179311137,0.9995261762379358,1.0,0.9985808470944602,0.9998683506756276,0.999600753317972,0.9996047588131239,0.9997950588569654,0.9995912894609047,0.9909544358099337,0.9752143646781188,0.9944112587797089,0.9512277739666946,0.9940614240430178,0.9935051790521353,0.9745012474962129,0.9524474755012017,0.9914889903291821,0.992580082537573,0.9936517799129104,0.9772570785616194,0.9993227376900999,0.9997479616611187,0.9997462036515711,0.9996199554590723,0.9996647661132136,0.9997125763207956,0.9989448250412436,0.9996347642090128,0.9995459789466765,0.9993273744489999,0.9796639817968437,0.9449307671310601,0.9585660381726157,0.960805940921225,0.9487660479620967,0.9198691899503941,0.9603241655139623,0.9513352374695782,0.9627188374280577,0.9660223391535518,0.9560098001869505,0.9828450361773199,0.9824824510005248,0.9925901336896561,0.9961048436461681,0.956934618425362,0.9661812456486293,0.9743430190215614,0.9758848814336543,0.9758182680985955,0.957728577830512,0.9051445077604537,0.9606022976977634,0.9632941834295987,0.9488275288955554,0.8885353196839693,0.9722317522548605,0.9496973900973025,0.9723293906616758,0.9573694943102024,0.817691794934904,0.8810102796154688,0.8170207019619318,0.8938966370681416,0.9098636832341179,0.9141119762616468,0.896410022828411,0.9064826436761354,0.4391755402362839,-0.5478208833915065,0.9661014672797522,0.9535399096940774,0.9532893516830367,0.9589021945839213,0.9607622168059989,0.971887586994692,0.9719573263710136,0.9235600422037037,0.9702996317689294,0.8667561489578439,0.8117210976136825,0.9480771889535585,0.9444443402468907,0.8290502978406402,0.9581507079381054,0.958958525320403,0.9021427493304558,0.9758381672821902,0.8351599036594964,0.5476778175690004