var config = { responsive: true }

var correlationClose = {"data": [{"type": "heatmap", "z": [[1.0, 0.9999849121677744, 0.5428367843358671, 0.9996917125310101, 0.9973068252002614, 1.0, 0.9903159458388665, 0.9856375726155902, 0.9909215935815878, 0.9725054268649037, 0.9800908937278671, 0.9903627390336108, -0.14521328914891696, 0.9904316098664665, 0.9904827250567945, 0.9932899956468236, 0.502897001673732, 0.9915024737228293, 0.9914888569656184, 0.9832002507952469, 0.9903513223233402, 0.44427991296762587, 0.6422499643751398, 0.9766468804797404, 0.9766207336706053, 0.9533600646762064, 0.2863920671444481, -0.12742414976904776, 0.9898694442146967, 0.9898320232001255, 0.262776957332044, -0.21502754276754502, 0.9934155784853792, 0.9943314074766095, 0.799972120626011, -0.3957564303568142, 0.986272281961924, 0.9940287690795796, 0.9939675889895293, 0.48589915098829284, 0.9936176893117991, 0.9936046878625389, 0.9936176893117991, 0.8936388102068392, 0.6840367634444624, 0.8589632838420451, 0.8830287859058306, 0.8013289343408598, 0.3988971546857527, -0.11603242738174067, 0.19489685848636462, 0.9478003665899783, 0.49227274053238845, 0.9776771793090021, 0.9716179986388711, 0.9097880452229348, 0.900962173735514, 0.9291680684017262, 0.9014250341574819, 0.925651264520509, 0.9265116735077562, 0.925651264520509, 0.8338001922237442, 0.9030759824230679, 0.9042517480020364, 0.9030759824230679, 0.8865841387745373, 0.7167181401977429, 0.8628505439212928, 0.8646187303604504, 0.8628505439212928, 0.6031061449398286, 0.2984608946040554, 0.5785581071296882, -0.6009115693195892, 0.4689564218708803, 0.5309818645881382, 0.5327955056985306, 0.5309818645881382, -0.0924016693651337, 0.8738908826315226, 0.9047363176766247, 0.8864213457474625, 0.9112956755907956, 0.511960989352435, 0.871768034713712, 0.8731552820225474, 0.871768034713712, 0.8835143828897106, 0.8835143828897106, -0.17208650885538654, 0.521473126023616, 0.2057180367706539, -0.5188737659198941, -0.5503280579911537, -0.5540802834786873, -0.011423954149068006, 0.03848560525543339, 0.27748738374902476, 0.17575593180743598, -0.3244055642254775, 0.07920452792013838, -0.789277432952974, -0.18698139251696558, 0.10726724895005017, 0.10747975536276201, -0.5250677895320082, -0.6100731690521746, -0.18751684728875337, -0.4684177607170237, -0.830661079157651, -0.32722002898638325, -0.3179160912994395, -0.32722002898638325, -0.17247878346152457, -0.23216572696325077, -0.23216572696325077, -0.8199266066550381, -0.8199266066550381, 0.4035065662986886, 0.6659506914634273, 0.8771153662501707, 0.8556382263407905, 0.7948927173143373, -0.222365315400915, 0.7743792575955889, 0.8149857701161355, 0.8151812953754624, 0.8149857701161355], [0.9999849121677744, 1.0, 0.965666881037082, 0.9991374270561362, 0.9930181094851901, 0.9999849121677742, 0.9755224200740739, 0.9654613014608935, 0.9752719349339821, 0.9552733965659542, 0.9776456751605725, 0.9755814850123539, 0.9755356056576306, 0.9753316957904136, 0.9744901803734682, 0.9838933370271307, -0.2017294885414081, 0.9815453741351404, 0.9815128690881275, 0.9756563588166349, 0.975645959941062, -0.17263315490928427, 0.964493785624571, 0.9678563581596196, 0.96793936615061, 0.9536623652443154, -0.021564880838408653, 0.14163973863454948, 0.9741768379771947, 0.9742631309016048, 0.9698867299794958, 0.1140241346417617, 0.986214513672868, 0.9863202326547572, 0.9871580489233072, 0.9780993641053327, 0.9843919429008243, 0.9862059090846845, 0.9869198150004933, -0.20895891286143378, 0.9872801150426227, 0.9872580845011298, 0.9872801150426227, 0.8938232140184735, 0.5853364034914269, 0.859716221950032, 0.883675168866019, 0.8005199482413655, -0.45212648003020867, -0.5550664924999069, 0.843740088264893, 0.8637417215009058, -0.1411029837888519, 0.9356516192589425, 0.9357228160234174, 0.9143830160508221, 0.9254284247389697, 0.9007780974727532, 0.900414609229317, 0.9080111991799403, 0.9088321202497761, 0.9080111991799403, 0.7559929791440401, 0.7152361329594067, 0.7173486206662313, 0.7152361329594067, 0.9190708681435099, 0.9247589749750407, 0.9187939683437166, 0.9201500589108875, 0.9187939683437166, 0.4146493502256645, 0.35889246317913864, 0.4816744656004235, 0.5844175871585993, 0.4596129589676421, 0.504644446560214, 0.505788806032375, 0.504644446560214, -0.20519144656462787, 0.8532627473163218, 0.8926081966139232, 0.8777134348363079, 0.9221229605975232, 0.006352384385084402, 0.8464290806921712, 0.8468861381807116, 0.8464290806921712, 0.8586527643666257, 0.8586527643666257, -0.27869599799666245, 0.5213814780579784, -0.3804619719417745, -0.6068218773194306, -0.4619718504873662, -0.46548111293971306, -0.2798807823378638, 0.2075938314224936, -0.19541312012649523, -0.3593065720127456, -0.5361266183737212, -0.261984136278308, -0.502430124729736, -0.31520913179208715, 0.08112239852116472, 0.07594746247717729, -0.4779250583355163, -0.43081290245109666, -0.4585711593331077, -0.48826815530178613, -0.4808150859734147, -0.46137204470547283, -0.4645550292904761, -0.46137204470547283, -0.3551385229156708, -0.48531095357534315, -0.48531095357534315, -0.4631384251314809, -0.4631384251314809, 0.402808074387733, 0.43091297118445826, 0.5258236868842507, 0.6108435806389834, 0.5867751485686701, -0.37260254269236753, 0.40085183888376413, 0.393792773704389, 0.3939432602375912, 0.393792773704389], [0.5428367843358671, 0.965666881037082, 1.0, 0.5355340382251729, 0.4115295780184138, 0.542836784335867, 0.533253232480041, 0.5205575993452922, 0.41978999487583196, 0.3568047805006255, 0.9964228043398713, 0.5332837580601001, 0.5206313856619237, 0.5336526677041484, 0.535933396359574, 0.5734362605260119, -0.07373724091339656, 0.47389508812572984, 0.4731390621550819, 0.4217439908973578, 0.5323014517591496, 0.2005236376508435, 0.6742478789091492, 0.49689135501947956, 0.4965998447935155, 0.9808505726808012, 0.2700255641122045, 0.1834118978082337, 0.5011297843762126, 0.5006163868901948, 0.7726274547253922, 0.0042978702734095065, 0.5322332501252435, 0.4201720884689211, 0.5260549727231116, 0.3766040861979212, 0.9935587897180407, 0.40547791148691437, 0.535090205791373, -0.07914942778029797, 0.5482225918342716, 0.5305082913922994, 0.5482225918342716, 0.9016061985286583, 0.3945273790665926, 0.9029609400585774, 0.8683246070263494, 0.6500133894328052, 0.2023621748630039, 0.00624833519964623, 0.06424746911691193, 0.4016225269460884, -0.060048081316682274, 0.49465322094505126, 0.42064780897943044, -0.08655842623865194, 0.6585286923226363, 0.6230621797355433, 0.44143974175572126, 0.6291160350601865, 0.7018023712620844, 0.6291160350601865, 0.2857840181984683, 0.5239326957407672, 0.6326131455818402, 0.5239326957407672, 0.5215402437090668, 0.6088095113871763, 0.6456640971226101, 0.7240521346407961, 0.6456640971226101, 0.16656457791294207, -0.080028406319609, 0.18686177911077026, 0.16602816602802078, 0.185984784099828, 0.2667079803432231, 0.37961081824387505, 0.2667079803432231, -0.16626757882941165, 0.39508955430417625, 0.7844880519050954, 0.4812479220052258, 0.7186598623764937, 0.12973297806254236, 0.46853249577211714, 0.46903461807775965, 0.46853249577211714, 0.6100345957384514, 0.6100345957384514, -0.3031612033242255, 0.7087197184793478, -0.23561840091430536, -0.49416390663486404, -0.36809720779780497, -0.371792606866247, -0.37812552158456414, -0.009176781889364997, 0.028269210481552426, -0.23494821044942468, -0.47763788634335913, -0.12275973638805686, -0.19898540411714274, -0.19035330266143952, -0.046783954330430096, -0.05061052065649985, -0.4277195310112308, 0.03215540585354909, -0.20179794267878282, -0.464522581225329, -0.0866672756099812, -0.33702561670301234, -0.21264007798968168, -0.33702561670301234, -0.42757602301401026, -0.4929610610680874, -0.4929610610680874, -0.22056974219011355, -0.22056974219011355, 0.3214801808554455, 0.12080477780049362, 0.23264618235627388, 0.4803575252744467, 0.19447333486948978, -0.28190344342366136, -0.040929767992463624, 0.44219521940732504, 0.5597156473013284, 0.44219521940732504], [0.9996917125310101, 0.9991374270561362, 0.5355340382251729, 1.0, 0.998536070579344, 0.9996917125310099, 0.9919965537269637, 0.9878046785507726, 0.9930016605485419, 0.9702292410617002, 0.9856724650505466, 0.992031196678619, -0.150031024305515, 0.9920706720170552, 0.9921118036867654, 0.9949097729191972, 0.48894991809338145, 0.9929443480301853, 0.9929329024750111, 0.9837271345112515, 0.992011355058604, 0.43534599989632483, 0.6453641125543894, 0.9797113015578413, 0.979686103289333, 0.9656260028566807, 0.2810349822487501, -0.1351038527685652, 0.9897239513012236, 0.9896980610778691, 0.25397050219669537, -0.21613464908264884, 0.9942757867803783, 0.9955159273990525, 0.7572325580738528, -0.4018997368937037, 0.9903836623506929, 0.9954623519834888, 0.9946376078251513, 0.4715596774857714, 0.9917201634079045, 0.9943636572059782, 0.9917201634079045, 0.8925079052136335, 0.6712498465054523, 0.8682074989949842, 0.8782724334295986, 0.7776288842512838, 0.3932130477877474, -0.12229909599373608, 0.18805722482137152, 0.9420086287172325, 0.4761178783289197, 0.9733969079368477, 0.9688132211742807, 0.8840869132568989, 0.8908666273328422, 0.913252421024122, 0.8957732166103514, 0.9047691783376722, 0.9059624919180487, 0.9047691783376722, 0.8230998808731614, 0.8889127192812579, 0.8902077116474261, 0.8889127192812579, 0.8815380861041873, 0.6456110692624445, 0.8158962684890335, 0.8177228809706001, 0.8158962684890335, 0.5923886412551809, 0.09561275593288637, 0.5657205888142666, -0.6063840711638337, 0.461751966292386, 0.2749110644602248, 0.5000185231894789, 0.2749110644602248, -0.09948810269102273, 0.866415449198257, 0.8924812088887293, 0.8751783255804284, 0.8829374740977117, 0.498954233225074, 0.86539359530419, 0.8669666431606238, 0.86539359530419, 0.8599257245021057, 0.8599257245021057, -0.17893579940450438, 0.5518283374634992, 0.21046126228884418, -0.5301164051682759, -0.558564279527084, -0.5622219818304683, -0.02440059956942075, 0.03243721112667663, 0.27010764917086116, 0.16291354150936732, -0.33788059897264366, 0.0723274223375373, -0.7965551114498478, -0.19524723509555042, 0.09541748231560004, 0.09567754489444465, -0.5329874647998109, -0.6070792654865489, -0.1895502997375006, -0.4817170224243182, -0.8335090935875666, -0.32928054339416896, -0.3205429743864213, -0.32928054339416896, -0.18250297845324745, -0.24288433471475995, -0.24288433471475995, -0.8205406822447191, -0.8205406822447191, 0.3877594792073482, 0.6536844302635834, 0.8696457419495937, 0.848217779093304, 0.7875457302472113, -0.23646776430726357, 0.7655875648843441, 0.8065143378389091, 0.8067183089674753, 0.8065143378389091], [0.9973068252002614, 0.9930181094851901, 0.4115295780184138, 0.998536070579344, 1.0, 0.9973068252002614, 0.9965793216650684, 0.9944354742253653, 0.9967655892073768, 0.9590660118472925, 0.9948312065657599, 0.9966006486142326, -0.3683536077497056, 0.9966328069848714, 0.9966392673955681, 0.9977174769113775, 0.3009924779910311, 0.9972120039990668, 0.9972072487685716, 0.9855038567934075, 0.99658987011307, 0.060261699540145715, 0.5980873787659042, 0.989870402526251, 0.9898236981560812, 0.9818911285381003, 0.014702298247487214, -0.12202905944163205, 0.9881028473238355, 0.9880503279729469, -0.07344179976050809, -0.11587547082558892, 0.9976548881570871, 0.9975997741989823, 0.7277404719325403, -0.5512231846850131, 0.9969074509945565, 0.9978213341209282, 0.9979262904293137, 0.277591746369845, 0.9976249151456685, 0.9976270399554719, 0.9976249151456685, 0.9086321997157024, 0.6324995632683391, 0.8926896830467148, 0.8812165108318838, 0.7409873394464634, -0.09048950422631724, -0.5730499662916904, -0.2399955129366693, 0.9269306613804664, 0.33427167628164495, 0.9666078314045666, 0.9666954531733203, 0.875487958158683, 0.8658037228562809, 0.8958376608330206, 0.8791988221441286, 0.893685854389585, 0.8941997823930597, 0.893685854389585, 0.7904225637135138, 0.8262380399379586, 0.8277846987431149, 0.8262380399379586, 0.8667885054167557, 0.7504800039801082, 0.8463326941261673, 0.8474818804154397, 0.8463326941261673, 0.5402809813454352, 0.40177982988677724, 0.5222332428535006, -0.6591089897672847, 0.516633854778108, 0.4929677886063331, 0.4929296833882589, 0.4929677886063331, -0.118928874431293, 0.8431738227260832, 0.8576069934918392, 0.8442067338865122, 0.886182931900803, 0.3636225942730389, 0.8451784875333138, 0.8467038029173495, 0.8451784875333138, 0.8537608977061236, 0.8537608977061236, -0.22444209414846142, 0.61790932216189, 0.06484877884986412, -0.5665873425472745, -0.6197657763581249, -0.620167677773612, -0.0621004996529694, 0.053067159946344866, -0.13012269015824898, -0.09014217449182456, -0.43125966677680383, -0.30418199972710935, -0.8665547107603994, -0.5009083946904854, 0.059465600735653046, 0.05955512953534245, -0.5655299952672416, -0.5983553523502285, -0.4955131906885406, -0.5279422449138435, -0.8042081719743037, -0.5542247254389118, -0.5567292301947834, -0.5542247254389118, -0.22891987550670836, -0.28371802748177066, -0.28371802748177066, -0.7704190691682925, -0.7704190691682925, 0.36428896767091157, 0.6312312135586179, 0.81781554946618, 0.79130835296782, 0.774013264841482, -0.37922912815236043, 0.6145226913991867, 0.6975593587614571, 0.6978543460523425, 0.6975593587614571], [1.0, 0.9999849121677742, 0.542836784335867, 0.9996917125310099, 0.9973068252002614, 1.0, 0.9903159458388665, 0.9856375726155902, 0.9909215935815878, 0.9725054268649037, 0.9800908937278671, 0.9903627390336108, -0.14521328914891696, 0.9904316098664665, 0.9904827250567945, 0.9932899956468236, 0.502897001673732, 0.9915024737228293, 0.9914888569656184, 0.9832002507952469, 0.9903513223233402, 0.44427991296762587, 0.6422499643751398, 0.9766468804797404, 0.9766207336706053, 0.9533600646762064, 0.2863920671444481, -0.12742414976904776, 0.9898694442146967, 0.9898320232001255, 0.262776957332044, -0.21502754276754502, 0.9934155784853792, 0.9943314074766095, 0.799972120626011, -0.3957564303568142, 0.986272281961924, 0.9940287690795796, 0.9939675889895293, 0.48589915098829284, 0.9936176893117991, 0.9936046878625389, 0.9936176893117991, 0.8936388102068392, 0.6840367634444624, 0.8589632838420451, 0.8830287859058306, 0.8013289343408598, 0.3988971546857527, -0.11603242738174067, 0.19489685848636462, 0.9478003665899783, 0.49227274053238845, 0.9776771793090021, 0.9716179986388711, 0.9097880452229348, 0.900962173735514, 0.9291680684017262, 0.9014250341574819, 0.925651264520509, 0.9265116735077562, 0.925651264520509, 0.8338001922237442, 0.9030759824230679, 0.9042517480020364, 0.9030759824230679, 0.8865841387745373, 0.7167181401977429, 0.8628505439212928, 0.8646187303604504, 0.8628505439212928, 0.6031061449398286, 0.2984608946040554, 0.5785581071296882, -0.6009115693195892, 0.4689564218708803, 0.5309818645881382, 0.5327955056985306, 0.5309818645881382, -0.0924016693651337, 0.8738908826315226, 0.9047363176766247, 0.8864213457474625, 0.9112956755907956, 0.511960989352435, 0.871768034713712, 0.8731552820225474, 0.871768034713712, 0.8835143828897106, 0.8835143828897106, -0.17208650885538654, 0.521473126023616, 0.2057180367706539, -0.5188737659198941, -0.5503280579911537, -0.5540802834786873, -0.011423954149068006, 0.03848560525543339, 0.27748738374902476, 0.17575593180743598, -0.3244055642254775, 0.07920452792013838, -0.789277432952974, -0.18698139251696558, 0.10726724895005017, 0.10747975536276201, -0.5250677895320082, -0.6100731690521746, -0.18751684728875337, -0.4684177607170237, -0.830661079157651, -0.32722002898638325, -0.3179160912994395, -0.32722002898638325, -0.17247878346152457, -0.23216572696325077, -0.23216572696325077, -0.8199266066550381, -0.8199266066550381, 0.4035065662986886, 0.6659506914634273, 0.8771153662501707, 0.8556382263407905, 0.7948927173143373, -0.222365315400915, 0.7743792575955889, 0.8149857701161355, 0.8151812953754624, 0.8149857701161355], [0.9903159458388665, 0.9755224200740739, 0.533253232480041, 0.9919965537269637, 0.9965793216650684, 0.9903159458388665, 1.0, 0.9970839947217585, 0.9999671592021747, 0.949134524726684, 0.999551119344078, 0.9999960103505298, -0.16361519628052518, 0.9999921175221307, 0.9999187000293128, 0.993895742901472, 0.43663473064818176, 0.9998280478636621, 0.9998284008625169, 0.9880624115300483, 0.9999963966448157, 0.33916385148952305, 0.646581442649385, 0.9837605759757234, 0.9836876477773465, 0.9835302716196903, 0.2004528575890577, -0.19566724689118437, 0.9924165055830078, 0.9921036634348472, 0.15150884267699405, -0.2675945540700415, 0.999281824421123, 0.999368898128774, 0.32687185722195716, -0.3322487223115502, 0.9985534413869372, 0.9992568007983584, 0.9981924367297589, 0.4176241837086636, 0.9279506691916221, 0.9990067943772726, 0.9279506691916221, 0.9166755310444354, 0.6336700976815884, 0.9171404076021896, 0.889702909936431, 0.6899494368252546, 0.4211479956021127, -0.06635881075849105, -0.21229681202389422, 0.9245580223051475, 0.4322062978596827, 0.9687470757550601, 0.9610648526720312, -0.09674933394711029, 0.8112270446318608, 0.7914181561550382, 0.8377238270076816, 0.7841259375416127, 0.7539879423803939, 0.7841259375416127, 0.7434928655997122, 0.754054214382654, 0.7555027554488413, 0.754054214382654, 0.8222598447896884, 0.2833768151342652, 0.5033981109359807, 0.5932488717391534, 0.5033981109359807, 0.5064170732702571, -0.3655568046599656, 0.46556672931457665, -0.6705531064759822, 0.3797383764775726, -0.1371328473384416, 0.35260993625893583, -0.1371328473384416, -0.14522286757274552, 0.7976725265991895, 0.8007041717291125, 0.7924863847826407, 0.7253219753052729, 0.44500437327604425, 0.8022377917442599, 0.8044720364492125, 0.8022377917442599, 0.7083267146498977, 0.7083267146498977, -0.2623760191544411, 0.6727562155313354, 0.25978200959708664, -0.5526290980307997, -0.6035580562109006, -0.6067187113044092, -0.07918409947277899, -0.02143979197003128, 0.3694245542854187, 0.12157788327116904, -0.36983704422310104, 0.11981598385196876, -0.8247855159228673, -0.10120113147448077, 0.021128741193962363, 0.021468894759448603, -0.5811637772816897, -0.6124305876762313, -0.031216014847719232, -0.5670733933544336, -0.8459835841050817, -0.32737467938258286, -0.15181251481587535, -0.32737467938258286, -0.26618267033299686, -0.2958752327121307, -0.2958752327121307, -0.8404872172704425, -0.8404872172704425, 0.3601359497504633, 0.6064008377764125, 0.49393357096603835, 0.8095374005759346, 0.7620281871456835, -0.2977208294844473, 0.058726040358543515, 0.768498259569289, 0.7869330843875793, 0.768498259569289], [0.9856375726155902, 0.9654613014608935, 0.5205575993452922, 0.9878046785507726, 0.9944354742253653, 0.9856375726155902, 0.9970839947217585, 1.0, 0.9994360692612482, 0.9402276835189927, 0.9980982482372043, 0.997903212643595, -0.173619317702089, 0.9989587419278649, 0.9986455040689938, 0.9862354340169464, 0.4146340908816187, 0.9990144834791448, 0.9990172467726643, 0.9850330648317667, 0.9991297745682142, 0.31108290445039205, 0.645100301965769, 0.9915511681588062, 0.9812018514416323, 0.978426648267601, 0.179541866178399, -0.21141930234033077, 0.9887253847253485, 0.9921447124336993, 0.13007991214603354, -0.2751977312229372, 0.9980895237143391, 0.9979700534624802, 0.30475106197878393, -0.3401814837730587, 0.9957061298488776, 0.9977531411193384, 0.9975243762051366, 0.39509762720561714, 0.918545096189613, 0.9979310801571935, 0.918545096189613, 0.9143048747690695, 0.6175558340488513, 0.9180227575474422, 0.8853041209198527, 0.6606740560319965, 0.4074192247042385, -0.08257296811216834, -0.2265756244593543, 0.9150374498083836, 0.4108804801733206, 0.9638745779666302, 0.955262378705397, -0.10834166796019454, 0.7944377363382505, 0.7714867577642656, 0.8263370662640311, 0.7654438418235736, 0.7396797294511793, 0.7654438418235736, 0.7272912610594804, 0.7317334102727016, 0.7401005789647934, 0.7317334102727016, 0.8110500772262411, 0.26014531597875684, 0.47866830806799765, 0.5739990442812858, 0.47866830806799765, 0.4899593929736288, -0.3822975151958154, 0.4471528874717759, -0.6806209363752435, 0.3688862282704846, -0.16200779021848755, 0.3332406646518146, -0.16200779021848755, -0.15282099839439856, 0.784360572474754, 0.778616568823942, 0.774755498562918, 0.7082281921150604, 0.42787015400181055, 0.7896399154481848, 0.7921273839820319, 0.7896399154481848, 0.6865347087456204, 0.6865347087456204, -0.28064160709958513, 0.7059816413384757, 0.26838875548274305, -0.5629254208600603, -0.6184692272569722, -0.6214257086023005, -0.09547455903702153, -0.031005157201729628, 0.36262321951128157, 0.10161701444480067, -0.3840156372305249, 0.11044935684743978, -0.832496920338491, -0.10778377135988108, 0.0033220401317766335, 0.003678395472822299, -0.5947579245224484, -0.6140861794698671, -0.03815405472604075, -0.5873151716592254, -0.8469005558205039, -0.3399445311265539, -0.158159357177882, -0.3399445311265539, -0.28644278708282195, -0.31150692650266765, -0.31150692650266765, -0.8397816142833963, -0.8397816142833963, 0.3343566584552505, 0.5874272483218281, 0.47357053956029593, 0.7906718778946383, 0.7479440768241024, -0.32200376903453487, 0.04333131964346168, 0.7483388755949247, 0.770541100217127, 0.7483388755949247], [0.9909215935815878, 0.9752719349339821, 0.41978999487583196, 0.9930016605485419, 0.9967655892073768, 0.9909215935815878, 0.9999671592021747, 0.9994360692612482, 1.0, 0.9478534614680195, 0.9994910838834958, 0.999968517932736, -0.34132586841986806, 0.9999732521958203, 0.9999315567349293, 0.9980581690947691, 0.3348708194338676, 0.9997652622931564, 0.9997663696250492, 0.9878288261785254, 0.9999659782437313, 0.1094231125715921, 0.5980791143860563, 0.9937779752919917, 0.9937183634849992, 0.9832957735724942, -0.001730322266573854, -0.13541044589944892, 0.9909047778779486, 0.9908781414661834, -0.053985757176937495, -0.22906773336680758, 0.9992972190376264, 0.9992582948248738, 0.741960645127375, -0.5386085674465914, 0.9984571648963431, 0.9992404262267565, 0.9991401977256903, 0.3122400277586012, 0.9991367175458007, 0.9991433740347129, 0.9991367175458007, 0.9167531032512212, 0.634874787145685, 0.9169988865416575, 0.8893903955545007, 0.6892715169393475, 0.017565691503023558, -0.517274002201406, -0.18834653547303254, 0.919769464681487, 0.382585732866848, 0.9624256920866713, 0.9613947029108835, 0.8455814584311208, 0.8119866122885292, 0.8668603824957389, 0.8385097593665902, 0.8647658029747443, 0.8655791355168011, 0.8647658029747443, 0.7424891233528927, 0.806810307096327, 0.808571091276878, 0.806810307096327, 0.8236105696146183, 0.7085953040517253, 0.8135916393231548, 0.8152044087956362, 0.8135916393231548, 0.5053990295702508, 0.32362991666239577, 0.4645141918339497, -0.7046024610957433, 0.4399422282639291, 0.4026635059424815, 0.40291757439001485, 0.4026635059424815, -0.09972815321834345, 0.7980252330285081, 0.8003435656964651, 0.7925440853114727, 0.8568384652347656, 0.3763770319918848, 0.8085750721336318, 0.8111837010487202, 0.8085750721336318, 0.817111323787891, 0.817111323787891, -0.2648843439289549, 0.6730007708659362, 0.08920012424829064, -0.565125133916785, -0.6470048883770935, -0.647855730305227, -0.08287253356518356, -0.019434921126969002, -0.1383022710287139, -0.06218233072972836, -0.421430455160168, -0.33682101970529604, -0.8799987254539351, -0.5416082971844033, 0.01959715968373717, 0.020397714563947126, -0.5831830975722986, -0.6084597419863786, -0.505679022994462, -0.5694071942000611, -0.8232268395432759, -0.5788330609228628, -0.5808047316508415, -0.5788330609228628, -0.26884287237285465, -0.299645747795707, -0.299645747795707, -0.8036111101806922, -0.8036111101806922, 0.36016656251648804, 0.6051785493032649, 0.8248815299924901, 0.8027044036129549, 0.760392433790619, -0.3271096602632374, 0.6470745578455388, 0.7173004275102697, 0.7174779353728152, 0.7173004275102697], [0.9725054268649037, 0.9552733965659542, 0.3568047805006255, 0.9702292410617002, 0.9590660118472925, 0.9725054268649037, 0.949134524726684, 0.9402276835189927, 0.9478534614680195, 1.0, 0.9176072120846066, 0.9491647841253424, -0.28934655793710345, 0.9488025526824188, 0.9480931218897447, 0.9502418779693659, 0.15216550471039544, 0.9552027368192118, 0.955167580590886, 0.9493187173135776, 0.9493028937046574, 0.03708462801067757, 0.6521648650601246, 0.9512110817194831, 0.9514309153119275, 0.8019015491461173, 0.09594372464804213, -0.11669084115400623, 0.9577025133114626, 0.9578427214402991, 0.08432887261563905, 0.038351196947903086, 0.95966731211855, 0.9599464912089504, 0.8434222525169167, -0.46942014149964145, 0.9304271688260015, 0.9588655159734119, 0.9604065316658648, 0.12894359689839546, 0.9611131184363244, 0.9610698811538234, 0.9611131184363244, 0.7762624801764495, 0.4316616466157723, 0.7220735720509565, 0.85523332176853, 0.8374170593898697, -0.5526424498601507, -0.6833834574396238, -0.3131095723137378, 0.8652548617138062, 0.10767903926595562, 0.8972999370772856, 0.897349528520648, 0.8509889418139459, 0.8429036802610796, 0.8783122614849255, 0.8541880785450862, 0.869824481849958, 0.8707171458557605, 0.869824481849958, 0.7909962954129077, 0.768916302528871, 0.7710846787678002, 0.768916302528871, 0.8460189887308062, 0.8678649377800474, 0.8440963417097515, 0.844938215996394, 0.8440963417097515, 0.6102168293253867, 0.5299592248135193, 0.6113498432809468, -0.42992653389855984, 0.6311211168590976, 0.6531181857849065, 0.6565393930813095, 0.6531181857849065, -0.2533802518394734, 0.8508112770680001, 0.9143702509793388, 0.8699660264303269, 0.8688219839115241, 0.2596577748623459, 0.8423064537011585, 0.8437548318194259, 0.8423064537011585, 0.8549159093320428, 0.8549159093320428, 0.010572207614974712, 0.24197733593971793, -0.0778787260823746, -0.46591592101155643, -0.3857971109684195, -0.38776040743475104, 0.09078829959565889, 0.3769499334450923, 0.1212481555155103, 0.009467113949942855, -0.30020141660236205, 0.03291723329790888, -0.8129458139060256, -0.12910245666008488, 0.2675100468963537, 0.26646499187160294, -0.34010586791964004, -0.4370452560412433, -0.2924032335228943, -0.29588019234325436, -0.6881673319155921, -0.3145074857907121, -0.3163747569952364, -0.3145074857907121, -0.05062800975803855, -0.3316943284050051, -0.3316943284050051, -0.5369305267061563, -0.5369305267061563, 0.5811077980554883, 0.678241092353534, 0.7610042226121112, 0.6682071343402017, 0.8408225210357492, -0.4257272837914664, 0.3914549441994864, 0.570164477153851, 0.5704766359706368, 0.570164477153851], [0.9800908937278671, 0.9776456751605725, 0.9964228043398713, 0.9856724650505466, 0.9948312065657599, 0.9800908937278671, 0.999551119344078, 0.9980982482372043, 0.9994910838834958, 0.9176072120846066, 1.0, 0.999548921081351, 0.9995450652038377, 0.9994941844095412, 0.9995316358621597, 0.9984148683518291, -0.3302499408241419, 0.9997082156214542, 0.9997136886884472, 0.9995574719455915, 0.9995588286383281, -0.2977070584965692, 0.9577766047120485, 0.9916374404782585, 0.9916090199556179, 0.9869875068253904, -0.04262001679766583, 0.06510582118652848, 0.988849844894877, 0.9889252229942914, 0.9701560016554837, -0.019402285957446815, 0.9986116751911672, 0.9985577215674077, 0.9983317553700362, 0.9992136941554467, 0.9991319958032925, 0.9985892371740581, 0.9983514147666867, -0.3414816545046597, 0.9982786242058431, 0.9982937647421188, 0.9982786242058431, 0.9105349363563878, 0.5056666019811428, 0.9125599496458359, 0.8876029951897495, 0.691280901724151, -0.5502554082395249, -0.668890519415743, 0.8028029529642421, 0.8077033950866649, -0.26116234567285546, 0.920700223426159, 0.920904409208753, 0.8372541337668367, 0.8480676173748514, 0.8113039386303389, 0.814268705955195, 0.8211244500267901, 0.8221838532274861, 0.8211244500267901, 0.6340955192025206, 0.5872052101558697, 0.5897595361304885, 0.5872052101558697, 0.8491661546753101, 0.859334699589199, 0.84733713885058, 0.8490055511637946, 0.84733713885058, 0.2722767183977374, 0.20507881276609652, 0.3346047239466085, 0.45770751428081186, 0.32322774666853965, 0.3766379268180356, 0.37973403300612546, 0.3766379268180356, -0.41068227930055695, 0.7501071564324027, 0.8050023355293616, 0.7828184257726987, 0.8467129282482693, -0.059905185722255005, 0.7418689669160151, 0.7425015335227803, 0.7418689669160151, 0.757632748799406, 0.757632748799406, -0.3284351492296641, 0.6636519643793034, -0.39997329231317125, -0.653806612322967, -0.5458147916793548, -0.5481200320061709, -0.3465634260133661, 0.1343407911064776, -0.25863664362124034, -0.4151058897785266, -0.5922977498252807, -0.3306603602029344, -0.6303711306266921, -0.39607271005519523, 0.0043626034084638474, 0.0002325328573556424, -0.5576572794037344, -0.5208333361336916, -0.5387985731013064, -0.5730751410438496, -0.5675137932200752, -0.5426578624305786, -0.5455265530999992, -0.5426578624305786, -0.4406447008983232, -0.5977053610755502, -0.5977053610755502, -0.6049088961306356, -0.6049088961306356, 0.35517800832061464, 0.3649828347298254, 0.4706240894356674, 0.5562268612681943, 0.5559324458871506, -0.5418992661577772, 0.3070378176670533, 0.3282976556236412, 0.3285225106645459, 0.3282976556236412], [0.9903627390336108, 0.9755814850123539, 0.5332837580601001, 0.992031196678619, 0.9966006486142326, 0.9903627390336108, 0.9999960103505298, 0.997903212643595, 0.999968517932736, 0.9491647841253424, 0.999548921081351, 1.0, -0.1632599406144426, 0.9999940525880592, 0.9999241327489108, 0.9947370252738859, 0.4367012451447053, 0.999829494776063, 0.9998297776701821, 0.9881069784537551, 0.9999970208397059, 0.33950421766297545, 0.6466739150827677, 0.9893237908051357, 0.983677392183702, 0.9835169441601223, 0.20075310798292487, -0.19560685094630575, 0.9924069351723155, 0.9921137144223641, 0.15177009022488677, -0.2675541645431248, 0.9992835257061171, 0.9993730240292941, 0.32685269277815265, -0.3320160102672033, 0.9985548437201404, 0.9992657683969728, 0.9981957204040534, 0.4176980274302072, 0.9279340079598666, 0.9990089285487493, 0.9279340079598666, 0.9166644313423956, 0.633820643297386, 0.9173481783174185, 0.88988937642403, 0.6900800787108593, 0.42156054929226866, -0.06588103272779941, -0.2119005642599583, 0.9246400089799858, 0.432284917924505, 0.9688434729980628, 0.9611354838967345, -0.09653756001186242, 0.8114198079233975, 0.7915378447620633, 0.837859063588579, 0.7842439200190102, 0.753923331089651, 0.7842439200190102, 0.7435720488837011, 0.7541171688750468, 0.7554276900098714, 0.7541171688750468, 0.8224470153736304, 0.2832480490836409, 0.5034188624982284, 0.5931562412123498, 0.5034188624982284, 0.5063554632059758, -0.3655724154716401, 0.4655182297626751, -0.6704271459361385, 0.37961950914343184, -0.1372646946942152, 0.35265630701678635, -0.1372646946942152, -0.1453825643994995, 0.7977555682094767, 0.8008825485112404, 0.7926076924381289, 0.725314408060481, 0.4450742694039667, 0.8023357315819131, 0.8045656473114167, 0.8023357315819131, 0.7084156575913392, 0.7084156575913392, -0.2623445769153164, 0.6727374725884406, 0.25989572028273367, -0.5526703174918608, -0.6034679201659929, -0.6066346179830095, -0.0792807262124042, -0.021591949559501666, 0.3695944298469901, 0.12158968687943159, -0.36990837054088915, 0.12007921533211763, -0.824489259768398, -0.10090138511465144, 0.021170265808046092, 0.021528149291516044, -0.5811537954712137, -0.6122286300242716, -0.030959483271378554, -0.5670496469811096, -0.8458565211440409, -0.32713629795912924, -0.151599584861732, -0.32713629795912924, -0.26602967272861433, -0.2958364677957064, -0.2958364677957064, -0.8404181332889029, -0.8404181332889029, 0.3606640244531944, 0.6065539238212873, 0.49419593035835807, 0.809804417033657, 0.7621134302291852, -0.2974839091279811, 0.05902751776670976, 0.7687536813854328, 0.78704715853812, 0.7687536813854328], [-0.14521328914891696, 0.9755356056576306, 0.5206313856619237, -0.150031024305515, -0.3683536077497056, -0.14521328914891696, -0.16361519628052518, -0.173619317702089, -0.34132586841986806, -0.28934655793710345, 0.9995450652038377, -0.1632599406144426, 1.0, -0.162609465466208, -0.15882003444445497, -0.13447966047516777, -0.290449538521381, -0.1640969289474289, -0.1644517931369994, -0.28762539701111217, -0.16403108255226787, 0.02296177856312581, 0.3090476808291061, -0.19958539453123839, -0.19992149416668267, 0.9834907788910929, 0.24467779393032174, 0.18638818511390842, -0.1978534293409623, -0.19847216400913903, 0.5359581949530888, 0.12005969474511978, -0.16079681598493356, -0.32494600497982307, 0.16197351045895889, 0.9622627290817393, 0.9985533098078937, -0.35824274196507006, -0.15576442216939324, -0.2802238977697807, -0.16116101465611518, -0.16182002543067792, -0.16116101465611518, 0.9167505430733526, -0.11983904223693448, 0.9173365394850329, 0.889850613934435, 0.6900840638712079, 0.08368856804333263, 0.25890750046920497, 0.6446144512267413, -0.2759541467052265, -0.2954792146587446, -0.07424881640424354, -0.3143630426315173, 0.020840290953575858, 0.245675771064327, -0.029560720945268584, -0.32655461441957667, -0.027629488934904238, -0.017031992265874006, -0.027629488934904238, -0.43379102477240244, -0.11448333418284613, -0.11657741724834983, -0.11448333418284613, -0.22652534439520644, 0.06555313893369803, 0.04056306638669251, 0.04059963886513028, 0.04056306638669251, -0.42195460704079757, 0.0073817505001312535, -0.38515542972439765, 0.6252588747455021, -0.3543834149048982, 0.007817207291994905, -0.06504270415082575, 0.007817207291994905, -0.3052360311507497, -0.36090619017762177, 0.800856841710284, -0.15183566707644722, 0.006937480633305865, -0.2163781490319337, -0.27962456250913725, -0.27887536260527135, -0.27962456250913725, -0.03545395467475328, -0.03545395467475328, -0.23928552941523473, 0.672638546898494, -0.162528010624037, -0.00363908819203099, 0.205296952762159, 0.20392382423327327, -0.24946372215652207, -0.01213461894225109, 0.02069765899622565, -0.17029433817553372, -0.10438462836746028, 0.04479454011752743, 0.3953851455700124, 0.11947931392755874, -0.042929341322758864, -0.04684480210673392, 0.09259565448776358, 0.5760811361405336, 0.09759926484107409, -0.17745156336113477, 0.6231723591798718, 0.10327045642744156, 0.11075269449794398, 0.10327045642744156, -0.23468437707906997, -0.19355708849948833, -0.19355708849948833, 0.3305733047120075, 0.3305733047120075, 0.3607922103055783, -0.2569259865680856, 0.013010450530157196, 0.0874521808719307, -0.2585728020302132, 0.07854512958959214, 0.15143815933021795, 0.1021258909442425, 0.10207928969571735, 0.1021258909442425], [0.9904316098664665, 0.9753316957904136, 0.5336526677041484, 0.9920706720170552, 0.9966328069848714, 0.9904316098664665, 0.9999921175221307, 0.9989587419278649, 0.9999732521958203, 0.9488025526824188, 0.9994941844095412, 0.9999940525880592, -0.162609465466208, 1.0, 0.9999364433328635, 0.9973984882614415, 0.43682651114212995, 0.9998327051067162, 0.999832877138452, 0.9882780587104333, 0.9999942077130191, 0.34021576231970785, 0.6465049071148815, 0.992932174135228, 0.9928126753577926, 0.983379276789898, 0.20105965445512378, -0.1956548657613992, 0.9931413396735114, 0.9931916362753855, 0.15259859779611132, -0.2673787511609276, 0.9993356933339136, 0.9993723529927497, 0.3257488075164783, -0.33111792172325655, 0.9984863538229612, 0.9992694107119663, 0.9985124508066882, 0.41784972211322896, 0.9273892084003585, 0.9990670276115559, 0.9273892084003585, 0.9169565621955399, 0.6345975391980093, 0.9177411173220144, 0.8902805609687792, 0.6897381081422898, 0.4230129044595597, -0.06420698914792897, -0.21210642670269922, 0.9250635007632876, 0.4325935438754415, 0.9692798825377035, 0.9615281060069711, -0.09759420774293084, 0.8116969055575125, 0.7914546806155941, 0.8381304827669154, 0.7842042521515251, 0.7535379931434109, 0.7842042521515251, 0.7437716253049317, 0.7540692613263944, 0.755862461732517, 0.7540692613263944, 0.8228091626662604, 0.28253699447128466, 0.5028776309872762, 0.5931951169172143, 0.5028776309872762, 0.5061704767763768, -0.3667914065848489, 0.46540274610585236, -0.6705813430803361, 0.3791988327124784, -0.13831335726038357, 0.3522915670854479, -0.13831335726038357, -0.14532385176986612, 0.7978908494032888, 0.8004094374950684, 0.7926881283725238, 0.7148128840971301, 0.4454883094709548, 0.8024659831962729, 0.8046848137886354, 0.8024659831962729, 0.7082117203165819, 0.7082117203165819, -0.2641258720024057, 0.6737356119052116, 0.26042371043775947, -0.5526380695448666, -0.6038754597822422, -0.6070472208492859, -0.08051780777465499, -0.02292512811583321, 0.3698987703371976, 0.12111037638907397, -0.3701985294529601, 0.12015184035353416, -0.8235634044057738, -0.10074385139858207, 0.020050470583158102, 0.020403683114198146, -0.5818366090407788, -0.6125646107827566, -0.030358795306542324, -0.5685313632590179, -0.8458400465733552, -0.327072449621894, -0.15102287397352107, -0.327072449621894, -0.267105130089874, -0.2963387073941778, -0.2963387073941778, -0.8407788980017804, -0.8407788980017804, 0.3608395298627751, 0.6062386021104545, 0.49361560119022885, 0.8102683089907351, 0.761547613196759, -0.29697151858020526, 0.058320254341000875, 0.7691607598689127, 0.7876619207598453, 0.7691607598689127], [0.9904827250567945, 0.9744901803734682, 0.535933396359574, 0.9921118036867654, 0.9966392673955681, 0.9904827250567945, 0.9999187000293128, 0.9986455040689938, 0.9999315567349293, 0.9480931218897447, 0.9995316358621597, 0.9999241327489108, -0.15882003444445497, 0.9999364433328635, 1.0, 0.9975150635070843, 0.4360484503123039, 0.9997816156750301, 0.9997827710019029, 0.9882142323489281, 0.9999199857230381, 0.3410768195818327, 0.6480929134519986, 0.9922225078658353, 0.9829919000868207, 0.9833961491199118, 0.20220752286916427, -0.19460267337321455, 0.9922603296972742, 0.9922731055973664, 0.1555134869224641, -0.26806113779476165, 0.9993426779100908, 0.9992218186208681, 0.3256221396109832, -0.3268072471116024, 0.9983928109130729, 0.9992429385708694, 0.9984948475178614, 0.417101162394586, 0.9262661951049193, 0.9990941356049148, 0.9262661951049193, 0.9156179546679208, 0.6348184604704088, 0.9163457777605846, 0.8887593930227462, 0.6867991924904904, 0.4237450562284291, -0.062288611799273544, -0.212722971365641, 0.9244493764936729, 0.4306909938628465, 0.9696214136129335, 0.961072251303348, -0.10059168715916299, 0.8103130908750052, 0.7917090870995465, 0.8378388686628367, 0.7844479652710108, 0.755813377817185, 0.7844479652710108, 0.7418951982825068, 0.7534967947997863, 0.7570109318081508, 0.7534967947997863, 0.8228366171813216, 0.2824851274538849, 0.5024804138292969, 0.5946194260997064, 0.5024804138292969, 0.5048088486339809, -0.36922897662448834, 0.4635664247231421, -0.6681942479443498, 0.37757323068360865, -0.13941056601305996, 0.35254890346064294, -0.13941056601305996, -0.1487806815552917, 0.7972747412072949, 0.7991546982461059, 0.7917507334978741, 0.7273092192928269, 0.44604968466006123, 0.8020012044949627, 0.8044913137981407, 0.8020012044949627, 0.7082908130243667, 0.7082908130243667, -0.2647352306708383, 0.6755194964755046, 0.2604212374664918, -0.5536595997117693, -0.6039094461076999, -0.606859073889705, -0.08256854348752644, -0.024548167516574616, 0.37117671080523873, 0.12058272035281599, -0.3711497882176424, 0.12113344776075956, -0.8220431578529078, -0.09929805695138015, 0.019016884706695197, 0.019807373501724, -0.5831778604114825, -0.6077034335984485, -0.0286442049121416, -0.5695532596490619, -0.8436394508889205, -0.32627587205763176, -0.14960713606673928, -0.32627587205763176, -0.2674482520666653, -0.29924614856951126, -0.29924614856951126, -0.8386074654479593, -0.8386074654479593, 0.3576862436767654, 0.603935679673241, 0.4916242581037588, 0.8110032419181102, 0.7598286382552366, -0.2980021286920043, 0.05618904842104765, 0.769863766795058, 0.7890626894616097, 0.769863766795058], [0.9932899956468236, 0.9838933370271307, 0.5734362605260119, 0.9949097729191972, 0.9977174769113775, 0.9932899956468236, 0.993895742901472, 0.9862354340169464, 0.9980581690947691, 0.9502418779693659, 0.9984148683518291, 0.9947370252738859, -0.13447966047516777, 0.9973984882614415, 0.9975150635070843, 1.0, 0.4303193994431067, 0.9977534274989349, 0.9977511083619001, 0.983738575179693, 0.9973309353305285, 0.3592376241383922, 0.6716147020339424, 0.9703007911675456, 0.9783500031567982, 0.9875274004935297, 0.22888890713747626, -0.16996162308839405, 0.991514097180232, 0.9892655481886878, 0.1927941562