var element=document.getElementById("correlationClose");if(element.style.display!='none'){var correlationClose={"data":[{"type":"heatmap","z":[[1.0,0.9999860183715567,0.6153577954628494,0.9997133753913079,0.9977465761719946,1.0,0.9916557958318108,0.9876330025334147,0.9876330025334147,0.9923319833835921,0.9748782342626379,0.9849250555631408,0.991696516290783,0.9921426618692446,0.9917554662301871,0.899823583205863,0.8690200741880912,0.3803467544763136,0.9926794237375823,0.99266555514296,0.9848105540924159,0.9916835008141932,0.4556404512109757,0.7015682444675722,0.9798419892260213,0.9798419892260213,0.9798221355958243,0.9695212242377143,0.34986518939864497,-0.09857506348726676,0.9895772173718786,0.9895398037274248,0.3040393322683725,-0.17158548504359106,0.9942771298667433,0.9950350407353371,0.8288525222025306,-0.37758750064306246,0.9893896634248512,0.994915862063563,0.894534895150927,0.3618376566250493,0.9944403497206389,0.9944281808886877,0.9944403497206389,0.8858735791953611,0.6605079235412777,0.8844951573025962,0.8931340487906899,0.8018414641587318,0.3791990827369993,-0.15330982298333368,0.19501243012295363,0.9453972561880258,0.42406749056242243,0.9756861187831395,0.9704714113043358,0.9796506121098376,0.9897100306750173,0.9225707476473964,0.9254524013781413,0.9390734649961577,0.919676852084733,0.9361806835611901,0.936883212843792,0.9361806835611901,0.8638054161253345,0.9136404542629349,0.9146514489129549,0.9136404542629349,0.909383698816809,0.7597484153743623,0.8826955423423529,0.8841657380618857,0.8826955423423529,0.653935340570394,0.3362288824974217,0.6344270892946507,-0.5768477842187801,0.5371981090525059,0.5749356062947034,0.5757893035379292,0.5749356062947034,-0.1047135272223864,0.8972235833143953,0.9297160235735635,0.9120875946761309,0.9239952096904289,0.36714270245272745,0.8932533297466477,0.8942287362952162,0.8932533297466477,0.8998595490143023,0.8998595490143023,-0.1273291803231588,0.583155037897607,0.18844432673221367,-0.6167099096516431,-0.5737688144937085,-0.5773693320228113,-0.07272096027490228,0.09349766930931583,0.2400481525594968,0.0845721571331589,-0.4613541990643915,0.028586639869702387,-0.7948395633745937,-0.23839557352299084,0.15153700117047592,0.1522387547295743,-0.5545658449963143,-0.5938516583472838,-0.2388045350485632,-0.4989617311812052,-0.8241215259202243,-0.3724670025105184,-0.36421459472385465,-0.3724670025105184,-0.19170966970211542,-0.2878928586275598,-0.2878928586275598,-0.8121096877468222,-0.8121096877468222,0.4018749908741265,0.6468352999890495,0.8654709977586186,0.8466863769509226,0.7774622897586405,-0.28365447844243724,0.758024108569729,0.7963732802451616,0.7966878680625865,0.7963732802451616,-0.23019025777476287],[0.9999860183715567,1.0,0.9749573418752103,0.9993421984542618,0.9948601557890555,0.9999860183715564,0.9815987010349785,0.9742534849790603,0.9742534849790603,0.9814340589785662,0.9650049838362741,0.9833448279337826,0.9816436899761386,0.9815590704528031,0.981461227219759,0.551918080244485,0.4850013081311987,-0.3455383648275376,0.9861695991479111,0.9861482474647283,0.9816990030445769,0.9816925357057347,-0.08436900113849993,0.9737843825079244,0.9760174497147766,0.9760174497147766,0.9760754343231277,0.9696745932384041,0.15618106298507495,0.1884966797919334,0.9782835908168889,0.978343040010617,0.9745487356003945,0.2060433728660914,0.9893688313563128,0.989429534710027,0.9900941468733021,0.983189945452739,0.9881748000289351,0.9895243181170548,0.5204893937493936,-0.3513456116350656,0.9901445898839881,0.9901306446106967,0.9901445898839881,0.8860254539347894,0.5212878389714526,0.8850007497739932,0.8934744141800333,0.8011910256547715,-0.39228661138153154,-0.52657373468189,0.8251217048832432,0.8625301780696726,-0.2209435547799448,0.933309333578414,0.9334384180769401,0.9481269855550806,0.9744163667554593,0.93734796431051,0.9456869918893582,0.9274919033979165,0.9268305100655666,0.9330907372000345,0.9336995759366505,0.9330907372000345,0.8162759605700242,0.7816825684133952,0.7838347490004002,0.7816825684133952,0.9398165960371201,0.9440501384392861,0.939880733104107,0.9409132265455822,0.939880733104107,0.5218327197389911,0.46291673742275874,0.5741861601514499,0.6719005699473375,0.5670090175373739,0.5977511173417474,0.598576961757308,0.5977511173417474,-0.20717142436214597,0.8921522266114614,0.9223827690540432,0.9114569826906085,0.943451948327545,-0.1931210535920448,0.887323093215511,0.8876682663609137,0.887323093215511,0.8966659750942059,0.8966659750942059,-0.2219152385195491,0.5843794472732176,-0.3592565276563091,-0.7172279452743602,-0.46353164775498684,-0.46691408855737193,-0.3323429342806435,0.2538994383022421,-0.23273911861616817,-0.43826584710319844,-0.6597465291725775,-0.3121338445970436,-0.48861407851108934,-0.36799300652671446,0.12982485932267154,0.12573803287837645,-0.4892925822906885,-0.4487940369350812,-0.4770801060254477,-0.5076956529603541,-0.49980766179463326,-0.4792308845743456,-0.4827394752100964,-0.4792308845743456,-0.35142578827238785,-0.5089965808062965,-0.5089965808062965,-0.4822981394522601,-0.4822981394522601,0.402107292693466,0.3944560971682843,0.5103346226480338,0.5973148885281216,0.5576352885417108,-0.41389908151161703,0.36990017622312127,0.34808406126663155,0.34819145678260544,0.34808406126663155,0.11003481700707157],[0.6153577954628494,0.9749573418752103,1.0,0.6105173372387191,0.5211626159700834,0.6153577954628494,0.6006896033280136,0.5907071258439496,0.5907071258439496,0.521692743326341,0.4717954313654609,0.9965694094267834,0.6007065884293494,0.5875283716857875,0.6009747111716438,0.502365550724425,0.5113274021451619,-0.14962314408791877,0.5541570674513338,0.553239252011168,0.5131365904591179,0.5996069562165093,0.23243169564447577,0.7406086564622144,0.5735542791516312,0.5735542791516312,0.5732959898707629,0.9870445583755308,0.3403294745537319,0.18568499901884133,0.5613895949426903,0.5609466580135557,0.7597940266022006,0.03383708320086292,0.5978151146044618,0.5182541269794785,0.5748040956743683,0.3341058799471212,0.9942162236924093,0.5096049437532572,0.49582824561798156,-0.15720771672770772,0.6142760040502092,0.5957510033910745,0.6142760040502092,0.8871014354817722,0.39337997611536124,0.9127097949939801,0.8830096181077086,0.6771598258046584,0.20437798000588897,-0.037615637627371266,0.05166431291527607,0.4688174711855737,-0.08314492293065205,0.5485305313308633,0.4973375522733837,0.5258813069409486,0.48430870579119717,-0.043864708854708785,0.7397478759874773,0.6799057677834455,0.5552542492874843,0.6858960373206899,0.7324838082471237,0.6858960373206899,0.42259019111556306,0.5840176358722533,0.6645345628402124,0.5840176358722533,0.6227540463206976,0.6426452055212272,0.6882156267679541,0.7487754792248101,0.6882156267679541,0.29016831006198945,-0.08703147948520602,0.30821601974763024,0.12356807808847185,0.3072797470886847,0.2614406826501424,0.43573470390039665,0.2614406826501424,-0.171103732553954,0.5180497594047473,0.844999982288252,0.5993373219594008,0.748152528375346,0.008995226932480251,0.5716871492950162,0.5714728768737357,0.5716871492950162,0.6678405592334627,0.6678405592334627,-0.24473789549629466,0.7240922910987554,-0.20256626006311865,-0.6168251867177627,-0.4104953274795917,-0.41405668458454736,-0.4009629520090955,0.05784644860578181,0.024807170308532613,-0.2912779377512052,-0.5975286876568296,-0.14741264987406838,-0.26664495646009834,-0.23208214491182858,0.017473575355696176,0.014523815197547295,-0.46737714637421857,-0.022198275172957572,-0.2369379487095923,-0.49616550788059294,-0.15261801883193862,-0.3784434240778244,-0.2564177033999982,-0.3784434240778244,-0.4167017583516277,-0.5174152240826426,-0.5174152240826426,-0.26835111574895487,-0.26835111574895487,0.3386763639585537,0.16296883344833585,0.2626018675539945,0.5025963590039619,0.2503533336968145,-0.3405878743470487,-0.02792044782773704,0.4526349416671613,0.5616509467368979,0.4526349416671613,-0.04589577892071387],[0.9997133753913079,0.9993421984542618,0.6105173372387191,1.0,0.9987817095151299,0.9997133753913078,0.9930975689923511,0.9895443176580767,0.9895443176580767,0.9940458846023095,0.9727671017257961,0.9890255493417882,0.9931267698726153,0.9938970248728296,0.9931600580255121,0.900069173040764,0.8690743813214132,0.3656905749913056,0.9939177613832532,0.9939063229358719,0.9850659521967309,0.9931063481841302,0.44727128149081347,0.7055527380326091,0.9826218715208243,0.9826218715208243,0.9826017056678089,0.9773643883850035,0.3459005719850389,-0.10504265064547058,0.9890778449950528,0.9890496033412355,0.2963225040395246,-0.17176476565831536,0.9949504397663373,0.9959392661644948,0.7917832883759014,-0.3826748434398336,0.992356139292862,0.996056887711935,0.8939491960170511,0.34684920088611054,0.9927363139287042,0.9950073690594148,0.9927363139287042,0.8836489801047492,0.6479046854816084,0.8907646129942248,0.8904853071457515,0.7816459997636322,0.3738957354417685,-0.1588760153944231,0.188977387505394,0.9397146330871189,0.4079689222054263,0.971258781402233,0.9675590601251273,0.9775531263255094,0.9898419830769026,0.9006467287332042,0.9182651929310569,0.9255489017338997,0.9154393392157126,0.9184524198241013,0.9194227876741823,0.9184524198241013,0.8553283403011644,0.9011007794239564,0.9022107258309752,0.9011007794239564,0.9057245516811172,0.6978416883107844,0.8424036565980675,0.8439119101361084,0.8424036565980675,0.6451660893100221,0.1187906914897087,0.6238968061948331,-0.5815885875386113,0.531780163098637,0.3132938836277279,0.5452234083994751,0.3132938836277279,-0.11129596267106595,0.8915706486327054,0.9213630050186352,0.9038061565486177,0.8999578472597141,0.35323331577468536,0.8884225787975388,0.8895396593177237,0.8884225787975388,0.8797478455506951,0.8797478455506951,-0.13265024584377522,0.6060829830777056,0.19320161484778997,-0.6269913223769898,-0.5810046081668847,-0.5845095626720094,-0.08500087433146426,0.08863573519105938,0.23303554351701064,0.07162291460080988,-0.47377387363345635,0.022161537546286414,-0.8009362313237337,-0.24619354822513553,0.1412138129606885,0.14196045092329704,-0.5615346262390088,-0.5904276931781182,-0.24020446155633965,-0.5100783512319441,-0.8259597729657913,-0.3739940894287512,-0.3663086565569532,-0.3739940894287512,-0.20054151761769615,-0.29766800677104194,-0.29766800677104194,-0.8119059177469895,-0.8119059177469895,0.39047280050830313,0.635109480363872,0.8577002590477267,0.8390516336982763,0.7701035868416808,-0.2967990782778467,0.749014844152846,0.7875967342569441,0.7879277881385426,0.7875967342569441,-0.21530630370650733],[0.9977465761719946,0.9948601557890555,0.5211626159700834,0.9987817095151299,1.0,0.9977465761719946,0.9970209752966744,0.9952952996145666,0.9952952996145666,0.9972143734265436,0.9637997879870566,0.9960335722769921,0.997039188371414,0.9971207788000654,0.9970685086085623,0.8583694498496284,0.8116849943855222,0.1638335499304577,0.9975668772038236,0.9975610785083153,0.986884250178028,0.99702456046461,0.09730055102016277,0.6772943508037019,0.9915511717610489,0.9915511717610489,0.9915107197629631,0.9880539617257219,0.11960360936716907,-0.08664010670904654,0.987160355447772,0.9870960958768737,0.0001801525062781838,-0.06563773328269168,0.9977759984430303,0.9977095838759569,0.776203142141666,-0.514623351632125,0.9974823538074167,0.9980211898696546,0.8454252903046081,0.13974036211792545,0.9977230530426245,0.9977242653045056,0.9977230530426245,0.8986203114797879,0.6101115367055355,0.9092939917448316,0.8953026462480508,0.7531782455804253,-0.09820401664394436,-0.5848182739144339,-0.21879002892937197,0.9267449288163168,0.26158783833234167,0.9656957641867849,0.9658072621272048,0.9791383441899818,0.9905410520025894,0.8979183453620295,0.8987441761085583,0.9144108832531684,0.9020408979435832,0.9127300756366473,0.9131046905401164,0.9127300756366473,0.8286342488846297,0.8516614554902445,0.8529218792511357,0.8516614554902445,0.8939856581645049,0.7970675063377703,0.8742268235126663,0.8751275580196396,0.8742268235126663,0.6008384895477625,0.4729700093963292,0.5866621528629578,-0.6130272328847483,0.5853214503789556,0.5630160726055491,0.5622536542338175,0.5630160726055491,-0.1303240682456386,0.8727169054347655,0.8950760325791095,0.8795305521853383,0.9066994224892024,0.20279269916254533,0.8729332402647411,0.8740898048393078,0.8729332402647411,0.8801051643365192,0.8801051643365192,-0.17359873602352785,0.65789818227548,0.04857296401539682,-0.6596412296614916,-0.6335530783857013,-0.634040167795106,-0.1189777899064532,0.11150109445289894,-0.1613027525817239,-0.17916611566251517,-0.5525289506252671,-0.3441024207738272,-0.8558867697586197,-0.5342178349587309,0.10902477609042047,0.10962366621333468,-0.5897088297401188,-0.5828941980905118,-0.5274670683076998,-0.5503584457893208,-0.7883136212685389,-0.5812622495350641,-0.584238743817991,-0.5812622495350641,-0.24186214412200366,-0.3338394469279825,-0.3338394469279825,-0.755283693637798,-0.755283693637798,0.37458886086662196,0.6154031058184284,0.8097390236651312,0.7895621768792918,0.7586216066354307,-0.42971450770227343,0.6032505708717477,0.6793668911384475,0.6798356037856181,0.6793668911384475,0.012056356575394517],[1.0,0.9999860183715564,0.6153577954628494,0.9997133753913078,0.9977465761719946,1.0,0.9916557958318108,0.9876330025334147,0.9876330025334147,0.9923319833835921,0.9748782342626379,0.9849250555631408,0.991696516290783,0.9921426618692446,0.9917554662301871,0.899823583205863,0.8690200741880912,0.3803467544763136,0.9926794237375823,0.99266555514296,0.9848105540924159,0.9916835008141932,0.4556404512109757,0.7015682444675722,0.9798419892260213,0.9798419892260213,0.9798221355958243,0.9695212242377143,0.34986518939864497,-0.09857506348726676,0.9895772173718786,0.9895398037274248,0.3040393322683725,-0.17158548504359106,0.9942771298667433,0.9950350407353371,0.8288525222025306,-0.37758750064306246,0.9893896634248512,0.994915862063563,0.894534895150927,0.3618376566250493,0.9944403497206389,0.9944281808886877,0.9944403497206389,0.8858735791953611,0.6605079235412777,0.8844951573025962,0.8931340487906899,0.8018414641587318,0.3791990827369993,-0.15330982298333368,0.19501243012295363,0.9453972561880258,0.42406749056242243,0.9756861187831395,0.9704714113043358,0.9796506121098376,0.9897100306750173,0.9225707476473964,0.9254524013781413,0.9390734649961577,0.919676852084733,0.9361806835611901,0.936883212843792,0.9361806835611901,0.8638054161253345,0.9136404542629349,0.9146514489129549,0.9136404542629349,0.909383698816809,0.7597484153743623,0.8826955423423529,0.8841657380618857,0.8826955423423529,0.653935340570394,0.3362288824974217,0.6344270892946507,-0.5768477842187801,0.5371981090525059,0.5749356062947034,0.5757893035379292,0.5749356062947034,-0.1047135272223864,0.8972235833143953,0.9297160235735635,0.9120875946761309,0.9239952096904289,0.36714270245272745,0.8932533297466477,0.8942287362952162,0.8932533297466477,0.8998595490143023,0.8998595490143023,-0.1273291803231588,0.583155037897607,0.18844432673221367,-0.6167099096516431,-0.5737688144937085,-0.5773693320228113,-0.07272096027490228,0.09349766930931583,0.2400481525594968,0.0845721571331589,-0.4613541990643915,0.028586639869702387,-0.7948395633745937,-0.23839557352299084,0.15153700117047592,0.1522387547295743,-0.5545658449963143,-0.5938516583472838,-0.2388045350485632,-0.4989617311812052,-0.8241215259202243,-0.3724670025105184,-0.36421459472385465,-0.3724670025105184,-0.19170966970211542,-0.2878928586275598,-0.2878928586275598,-0.8121096877468222,-0.8121096877468222,0.4018749908741265,0.6468352999890495,0.8654709977586186,0.8466863769509226,0.7774622897586405,-0.28365447844243724,0.758024108569729,0.7963732802451616,0.7966878680625865,0.7963732802451616,-0.23019025777476287],[0.9916557958318108,0.9815987010349785,0.6006896033280136,0.9930975689923511,0.9970209752966744,0.9916557958318108,1.0,0.9973675726254874,0.9973675726254874,0.9999694425506519,0.956406632127199,0.9996478336079019,0.9999964060322344,0.9999857537040759,0.9999930043954552,0.9363330386858969,0.9280656228551993,0.32261839204235104,0.9998509773495279,0.999851089392473,0.989261334263913,0.9999965886577935,0.3579140725357769,0.7050576519362677,0.9850846424993066,0.9850846424993066,0.9857644370328301,0.9890438917479925,0.27056921789900235,-0.16224625875050963,0.9917269939652437,0.9915418598777721,0.1989761369753341,-0.22111503128031068,0.9993228007568391,0.9994264171230193,0.39369666461607333,-0.31916824920020914,0.998890592152937,0.9993682453586146,0.9272866900266887,0.3023613906682621,0.9375162994127948,0.9990622473365898,0.9375162994127948,0.9081505440050319,0.615907787559037,0.9285223256644485,0.9040835864249753,0.7132031321147257,0.40965114942185094,-0.09950366593703089,-0.20457337195909508,0.9256673457764206,0.3710221343375159,0.9678517414476137,0.9619913684584743,0.9780825616633507,0.9958891124680186,-0.05832633784335537,0.855032904010816,0.8196229995027027,0.8666948504039231,0.8136410827143453,0.7784179045174614,0.8136410827143453,0.7888155884995801,0.7810965724889684,0.7743777692566121,0.7810965724889684,0.8567874557779052,0.3495967222803978,0.5603394195505187,0.6322273846666316,0.5603394195505187,0.5694827584855432,-0.35276017222134104,0.5360441279355446,-0.6447626988200469,0.4585417292994357,-0.11007537498875139,0.40680758137926076,-0.11007537498875139,-0.1536724523238151,0.8338201095487182,0.8511980213107906,0.8374058520400481,0.7529483149145275,0.3095848591841656,0.8347229169029462,0.8363190844788495,0.8347229169029462,0.747154820772204,0.747154820772204,-0.2102326435632586,0.7025115802624086,0.2496087828418052,-0.6394357394988026,-0.6222384831062954,-0.6252922232886157,-0.13263239625055556,0.037841935489411976,0.3425131086849382,0.036880654575682084,-0.49391690881238987,0.07816966537756516,-0.8275322300263257,-0.14737997725926505,0.07259616405828241,0.07340045654608507,-0.605183549943792,-0.5984047482176007,-0.07796122850374712,-0.5858522940607601,-0.8389823042056924,-0.3682867536467518,-0.1982653031566017,-0.3682867536467518,-0.2756633842898435,-0.3436564594372264,-0.3436564594372264,-0.8315633321381749,-0.8315633321381749,0.3737083256889006,0.5959464870839677,0.5031183825069702,0.8049341726241271,0.7509653904924034,-0.3505237787551429,0.0632284065125061,0.7565042023214764,0.7753849313356835,0.7565042023214764,-0.14374470007621648],[0.9876330025334147,0.9742534849790603,0.5907071258439496,0.9895443176580767,0.9952952996145666,0.9876330025334147,0.9973675726254874,1.0,1.0,0.9995213294891145,0.9489634874596091,0.9985571594354972,0.9981391686531783,0.9993697111288437,0.9990879905278596,0.9344284466493634,0.9187999747814058,0.3007085417867914,0.9991363915089497,0.9991379039905698,0.9865136985777719,0.9992347004353068,0.3320260032133129,0.7054191999422282,0.9923624748560651,0.9923624748560651,0.9836950992307276,0.9856749808891845,0.2526039835280898,-0.17607264715298143,0.9880026975524714,0.9914241121943886,0.1798987813610918,-0.22718534497066556,0.9982385457496891,0.9981828293015413,0.3746059114237498,-0.32614882862133593,0.9967107166627354,0.9980810768380187,0.9257711523061803,0.28001079233143944,0.9294918912274703,0.998066860216406,0.9294918912274703,0.9056081418221734,0.6004495749369437,0.9288564117833407,0.9006078815232753,0.6888138092525895,0.39645292823956235,-0.11480922285507036,-0.21761102343417385,0.9167641553117987,0.3502694161222554,0.9631303934428144,0.9566072841819174,0.9728360815128507,0.9949578206900481,-0.06853295812919219,0.8426026255574258,0.8028086716127903,0.8577537833746114,0.7979805060613729,0.7657388674170617,0.7979805060613729,0.7757343036398383,0.761580087997741,0.7604459955076898,0.761580087997741,0.848092174837862,0.3294272408835841,0.5391353891498932,0.6152802598066206,0.5391353891498932,0.5557656140195663,-0.3678323543953796,0.5205843201139434,-0.6529276443332342,0.45009021422469336,-0.1326602087614679,0.389904088703636,-0.1326602087614679,-0.16064287938703645,0.8233312735000459,0.8353965191344584,0.8239782707598281,0.7378134313403326,0.29197974808990385,0.8248238558117893,0.8266226136231842,0.8248238558117893,0.7288277284654862,0.7288277284654862,-0.2259790524953535,0.7283472427461244,0.2571146815223193,-0.6490626759756759,-0.6354497176235386,-0.6383123200838632,-0.14774020732638868,0.029859443267126713,0.3355574703210115,0.017478002242014415,-0.5069231864649404,0.06884226408026224,-0.8338762912471216,-0.15391975835525595,0.05686640381778419,0.05769253237327765,-0.617237192480422,-0.5995618525653654,-0.08487055010640907,-0.6032819464548479,-0.8389232964250604,-0.38004396792824047,-0.20455115959190237,-0.38004396792824047,-0.2936674125744207,-0.35772648090271464,-0.35772648090271464,-0.8299203821651331,-0.8299203821651331,0.3528860630036584,0.578623979743305,0.4840989244164528,0.7869153652331291,0.7380567883817616,-0.3727057692433764,0.0489140905376831,0.7372036076852215,0.7595277604404472,0.7372036076852215,-0.12643376379963445],[0.9876330025334147,0.9742534849790603,0.5907071258439496,0.9895443176580767,0.9952952996145666,0.9876330025334147,0.9973675726254874,1.0,1.0,0.9995213294891145,0.9489634874596091,0.9985571594354972,0.9981391686531783,0.9993697111288437,0.9990879905278596,0.9344284466493634,0.9187999747814058,0.3007085417867914,0.9991363915089497,0.9991379039905698,0.9865136985777719,0.9992347004353068,0.3320260032133129,0.7054191999422282,0.9923624748560651,0.9923624748560651,0.9836950992307276,0.9856749808891845,0.2526039835280898,-0.17607264715298143,0.9880026975524714,0.9914241121943886,0.1798987813610918,-0.22718534497066556,0.9982385457496891,0.9981828293015413,0.3746059114237498,-0.32614882862133593,0.9967107166627354,0.9980810768380187,0.9257711523061803,0.28001079233143944,0.9294918912274703,0.998066860216406,0.9294918912274703,0.9056081418221734,0.6004495749369437,0.9288564117833407,0.9006078815232753,0.6888138092525895,0.39645292823956235,-0.11480922285507036,-0.21761102343417385,0.9167641553117987,0.3502694161222554,0.9631303934428144,0.9566072841819174,0.9728360815128507,0.9949578206900481,-0.06853295812919219,0.8426026255574258,0.8028086716127903,0.8577537833746114,0.7979805060613729,0.7657388674170617,0.7979805060613729,0.7757343036398383,0.761580087997741,0.7604459955076898,0.761580087997741,0.848092174837862,0.3294272408835841,0.5391353891498932,0.6152802598066206,0.5391353891498932,0.5557656140195663,-0.3678323543953796,0.5205843201139434,-0.6529276443332342,0.45009021422469336,-0.1326602087614679,0.389904088703636,-0.1326602087614679,-0.16064287938703645,0.8233312735000459,0.8353965191344584,0.8239782707598281,0.7378134313403326,0.29197974808990385,0.8248238558117893,0.8266226136231842,0.8248238558117893,0.7288277284654862,0.7288277284654862,-0.2259790524953535,0.7283472427461244,0.2571146815223193,-0.6490626759756759,-0.6354497176235386,-0.6383123200838632,-0.14774020732638868,0.029859443267126713,0.3355574703210115,0.017478002242014415,-0.5069231864649404,0.06884226408026224,-0.8338762912471216,-0.15391975835525595,0.05686640381778419,0.05769253237327765,-0.617237192480422,-0.5995618525653654,-0.08487055010640907,-0.6032819464548479,-0.8389232964250604,-0.38004396792824047,-0.20455115959190237,-0.38004396792824047,-0.2936674125744207,-0.35772648090271464,-0.35772648090271464,-0.8299203821651331,-0.8299203821651331,0.3528860630036584,0.578623979743305,0.4840989244164528,0.7869153652331291,0.7380567883817616,-0.3727057692433764,0.0489140905376831,0.7372036076852215,0.7595277604404472,0.7372036076852215,-0.12643376379963445],[0.9923319833835921,0.9814340589785662,0.521692743326341,0.9940458846023095,0.9972143734265436,0.9923319833835921,0.9999694425506519,0.9995213294891145,0.9995213294891145,1.0,0.9552677335439667,0.999605300727653,0.9999703961047619,0.9999692440758431,0.9999745122616673,0.8782892569883594,0.8328030452480933,0.21006506555286725,0.9998007788471127,0.9998013642473637,0.9891019313203581,0.9999675364852353,0.14251761479877756,0.6719665783652176,0.9947192637210805,0.9947192637210805,0.9946709982248508,0.9888691913673833,0.09954803910600635,-0.10108153919826256,0.9903991341595394,0.9903614179864081,0.015098275467879637,-0.1795601537690413,0.9993573038003641,0.9993153782163073,0.7848254182370781,-0.5076167197618455,0.9988151686190833,0.9993462992847649,0.8652363827624446,0.18653318345323183,0.9992092062876616,0.9992145444711061,0.9992092062876616,0.9081658950558971,0.6166263443382467,0.9284210554156069,0.903722914366069,0.712601852485734,0.007043091681133151,-0.533770123812706,-0.17062420780633014,0.921197291250262,0.3180809035490873,0.9628431933068358,0.9621018768661792,0.9796713763116588,0.9951122920206724,0.8711615351770652,0.8557785135379549,0.8886944033900462,0.8675655655387844,0.887052240204392,0.8877139083389611,0.887052240204392,0.7880441851151203,0.8333971723960524,0.835011604100314,0.8333971723960524,0.8581370801993013,0.7593248533277678,0.844873653464853,0.8461973220597008,0.844873653464853,0.5688720563591486,0.39986965601395846,0.534948226528771,-0.6633041041064843,0.5151187908495388,0.48006791912191593,0.4799581178544585,0.48006791912191593,-0.11109445364742417,0.8343357218655216,0.8510834455467288,0.8377345562193064,0.8806371653000918,0.23016103980962782,0.8403640735219167,0.8424845282508884,0.8403640735219167,0.8476102327105055,0.8476102327105055,-0.2121784546936449,0.7038978345785915,0.07423900605365621,-0.6516782472124989,-0.6604110584723362,-0.6613529008180877,-0.13622865413417815,0.0407706952049382,-0.1676108973074126,-0.14785520310992603,-0.5379235869252041,-0.37361456693115885,-0.8721422278117943,-0.571443527865504,0.07158152857595776,0.07274514204279649,-0.6069258950142331,-0.5945074659695875,-0.5372646131741112,-0.5877335781075629,-0.8104551052532177,-0.6046946089782166,-0.6070101113951464,-0.6046946089782166,-0.2782370616668219,-0.3472195098059836,-0.3472195098059836,-0.7900447619464818,-0.7900447619464818,0.37442764311044474,0.594675642115722,0.8186696168144562,0.8013859640158261,0.7494001997538992,-0.3785303883975752,0.6369214997403427,0.7021041877400619,0.7022658337038898,0.7021041877400619,0.09280907315347392],[0.9748782342626379,0.9650049838362741,0.4717954313654609,0.9727671017257961,0.9637997879870566,0.9748782342626379,0.956406632127199,0.9489634874596091,0.9489634874596091,0.9552677335439667,1.0,0.9354773194197225,0.9564325939613247,0.9564418686981709,0.9561193827162319,0.7514524703140965,0.6945299144542374,0.001460296028970258,0.9613504036617169,0.9613281383375216,0.9565604719821817,0.9565519618267947,0.07588971263460816,0.7153304648647094,0.9581691649173768,0.9581691649173768,0.9583646164735697,0.8640874422116497,0.21067299147641463,-0.08197360488908138,0.9641578299773932,0.964273228675726,0.1757120958676917,0.10264455361943779,0.9653281086146505,0.9655949409373715,0.8692961747200115,-0.4171068128696594,0.9453307524737122,0.9644649710597891,0.7390784170374484,-0.020396087472074914,0.9665654415484329,0.9665312004049105,0.9665654415484329,0.7971897594974301,0.4135660895145145,0.7891810711789563,0.8786636508744561,0.8392747200274617,-0.5402821454851694,-0.6841987306570566,-0.27708177947574836,0.8785582015378958,0.024014691856883937,0.9109687255361548,0.9110310981737592,0.9307907025264249,0.9624674785516455,0.8747397028963321,0.8727937906564669,0.8969563336039579,0.8776753449830784,0.8897380298344932,0.8904506645778704,0.8897380298344932,0.82523367730125,0.8059808447224684,0.807898567830255,0.8059808447224684,0.8709709274171924,0.8884239795945832,0.8692829572066653,0.869968422303438,0.8692829572066653,0.6601971901452455,0.5837486007592594,0.6612736162080711,-0.36627865841165425,0.6827925331377874,0.7005932317307941,0.7032692980625815,0.7005932317307941,-0.27136551366962486,0.8750352267249265,0.9313350324399636,0.8909274720625739,0.8884653288593304,0.09078123551290994,0.868074819705982,0.8692541876125691,0.868074819705982,0.8781959290212562,0.8781959290212562,0.02882865341610258,0.3628221943298769,-0.09369022020710584,-0.5738973384519174,-0.4152035776799933,-0.4172222562946944,0.016721068872932995,0.40950851422691353,0.06834663858512653,-0.09425577034756885,-0.4407783536565681,-0.0352736887770296,-0.8044202820992803,-0.1972231896389637,0.2958982586300898,0.2952236757237788,-0.38092274387741504,-0.43629396458268715,-0.33949697699753284,-0.34777921346072344,-0.6755002187929516,-0.35998369320743145,-0.3623038165345197,-0.35998369320743145,-0.08170006524622604,-0.383949342782975,-0.383949342782975,-0.5387424646406476,-0.5387424646406476,0.549479326681029,0.6630668414060026,0.7577166376511685,0.679026531776667,0.8291707560559431,-0.47157187189262506,0.3881378363687692,0.5517893436522375,0.5520774786850976,0.5517893436522375,-0.21829130742399727],[0.9849250555631408,0.9833448279337826,0.9965694094267834,0.9890255493417882,0.9960335722769921,0.9849250555631408,0.9996478336079019,0.9985571594354972,0.9985571594354972,0.999605300727653,0.9354773194197225,1.0,0.9996453473982949,0.9996412633111402,0.9996049135774742,0.6207222758289022,0.5478580434012942,-0.44392670154087405,0.9997771609662329,0.9997806451611376,0.9996518107004241,0.9996518363453121,-0.20189884323470447,0.9675440866855692,0.993630628953519,0.993630628953519,0.9936087388445638,0.99142447163659,0.13080248542177714,0.12390502581650753,0.9903158260056804,0.9903657267904614,0.975560417617513,0.08600965120803683,0.9988871904459764,0.9988361331059712,0.9986829309258043,0.9993052679621289,0.9993201298287255,0.9989127944750438,0.5826555959343661,-0.45322841992254836,0.9986253037185022,0.9986352101530229,0.9986253037185022,0.9017234012367026,0.46092656613035266,0.9245100535209798,0.9015975651705121,0.7136120487452365,-0.4936502432298929,-0.6356007968194984,0.7978087661829661,0.8209553620338805,-0.32087927601448835,0.9250187223109585,0.9252404502652747,0.9643868429759772,0.9928831446361192,0.8781107716221646,0.8864563048693206,0.8587669122239412,0.8605335491215729,0.8665537183214436,0.8673505514290091,0.8665537183214436,0.7206476285430311,0.6802403320372036,0.6828049109936515,0.6802403320372036,0.8860620920558211,0.8936440333982509,0.8849924033210919,0.8862714538530698,0.8849924033210919,0.4040106839604511,0.33461992412633434,0.45342018430351466,0.568974672661151,0.4547783266615023,0.4922551303664481,0.49459741597484963,0.4922551303664481,-0.39026759949837075,0.8123081505295252,0.8553617813112268,0.8386510900531475,0.8857967369149493,-0.2340372933276975,0.8063535969314111,0.8068199347045201,0.8063535969314111,0.8186287715889932,0.8186287715889932,-0.2679959832935378,0.695616657435999,-0.37989286817864715,-0.7456869720888245,-0.5396421096461607,-0.5419920346118883,-0.3859813016453342,0.1939625679153513,-0.2824630271803308,-0.4806663091400156,-0.695756345495253,-0.36720227296557756,-0.6078142642214224,-0.4345983201047789,0.06566983968127527,0.062394220329248816,-0.5607226218215262,-0.5281965945698585,-0.5479485751720634,-0.5829501850931196,-0.5766873899056311,-0.5512046994838142,-0.5544440672848848,-0.5512046994838142,-0.4281380646998135,-0.6085080070120047,-0.6085080070120047,-0.6078717110129767,-0.6078717110129767,0.3697674593301956,0.34780613465747556,0.47164227702849754,0.5584376332686691,0.5417163561228681,-0.5613505255858166,0.2952315901611356,0.30250097673087717,0.3026742390121727,0.30250097673087717,0.20744076672243772],[0.991696516290783,0.9816436899761386,0.6007065884293494,0.9931267698726153,0.997039188371414,0.991696516290783,0.9999964060322344,0.9981391686531783,0.9981391686531783,0.9999703961047619,0.9564325939613247,0.9996453473982949,1.0,0.9999896687685017,0.9999947640599868,0.936323759628467,0.9238166903376367,0.3226901800353867,0.999852261136366,0.9998523390587502,0.9893001157727577,0.9999971799158992,0.35822931234080524,0.7051209392361432,0.9903607256338923,0.9903607256338923,0.9857538588896573,0.9890216333407811,0.27082738118565136,-0.16219398554566974,0.991740449007191,0.991553420772229,0.19920886361633205,-0.2210807978539046,0.9993249252950013,0.9994303617735135,0.3936701491427455,-0.31895586673619,0.9988919908571662,0.9993759517832549,0.9272715263292175,0.3024397166746293,0.9375005875692892,0.9990649282808298,0.9375005875692892,0.9081862838660216,0.6160545325594702,0.9287633972709678,0.9043244582472824,0.7133337317310803,0.41004257634433094,-0.0990550183003962,-0.2042056738271946,0.9257448145100327,0.371101587394583,0.9679450300046752,0.9620567301567805,0.9781716153726985,0.9959040518143578,-0.05813534209969633,0.8551818969932229,0.8197233246427719,0.8668107319631309,0.8137399279075936,0.7783608330468657,0.8137399279075936,0.7889000867685974,0.7811547761623265,0.7743149619188046,0.7811547761623265,0.8569396765528458,0.34947247194645475,0.5603482276046275,0.6321411316757299,0.5603482276046275,0.5694283512254399,-0.35278085888524063,0.5360060128695273,-0.6446590176176181,0.458435241826151,-0.11020466024031098,0.40684345821618934,-0.11020466024031098,-0.1538205241985169,0.8338930292804858,0.8513274026504517,0.8374996183592262,0.7529406702499872,0.3096615892382382,0.834806126182994,0.8363975677945631,0.834806126182994,0.7472273969714822,0.7472273969714822,-0.2102026928465666,0.7025030032212638,0.24972039660724216,-0.639458535780078,-0.6221552323553059,-0.6252145877557064,-0.13271560323521772,0.03770798610866352,0.34268279423591086,0.03690037557780304,-0.4939636433124879,0.07842776427024646,-0.8272700732365119,-0.14709190153868593,0.07265052303992675,0.07347128607866818,-0.6051712481586651,-0.5982151627113116,-0.07771526832568929,-0.5858270290846361,-0.8388759518708034,-0.36806324770622595,-0.19806133555623992,-0.36806324770622595,-0.2755255563835786,-0.34362384262791423,-0.34362384262791423,-0.8315105573607258,-0.8315105573607258,0.374176404927721,0.5960853690025628,0.5033648081926931,0.805188942109672,0.751040062173722,-0.3503085794300715,0.06351020329294836,0.7567541952847353,0.7755012005434385,0.7567541952847353,-0.14377014428423746],[0.9921426618692446,0.9815590704528031,0.5875283716857875,0.9938970248728296,0.9971207788000654,0.9921426618692446,0.9999857537040759,0.9993697111288437,0.9993697111288437,0.9999692440758431,0.9564418686981709,0.9996412633111402,0.9999896687685017,1.0,0.9999868507795977,0.9069865432765476,0.8712942595019728,0.32490650006885846,0.9998761096258098,0.9998767155535255,0.9892913833193813,0.9999867264302074,0.3609902398464761,0.7002778408571035,0.9934171450208659,0.9934171450208659,0.9933772735644384,0.9889108266618608,0.2653070525613604,-0.16367820754632906,0.9918593715166311,0.9918684104129086,0.22277889566930614,-0.22161226604201284,0.9994985854587539,0.9994312371909861,0.8303681801455135,-0.41501448227617344,0.9988871599324137,0.9993812258315444,0.8976029014099709,0.30470057646585014,0.999384022878765,0.9993886216625792,0.999384022878765,0.9084634499582525,0.6162254749181265,0.9286390828624791,0.904055587640615,0.7127356264400542,0.29076452077821113,-0.27162638118366855,0.08933226702940404,0.9257129391171028,0.37208523695825607,0.964630666650381,0.962087841654482,0.976599116512271,0.996154629714093,0.8804564095355817,0.8540995778188021,0.8948354936333434,0.8666413245319323,0.8938722381776321,0.8947854326720851,0.8938722381776321,0.7878636927048488,0.8580045075788397,0.8595602694866193,0.8580045075788397,0.8566397101245151,0.743214009300622,0.8526349506065911,0.8543780183237197,0.8526349506065911,0.5687378787391333,0.41372453995174435,0.5343906823734482,-0.6513121038453221,0.45672066077112705,0.47165974469675864,0.4730203580225747,0.47165974469675864,-0.15565327178203206,0.8335853204412045,0.8508070031949487,0.8368492987645255,0.887874686334013,0.3125692969966869,0.8346215691842357,0.8365464264830136,0.8346215691842357,0.84716058060081,0.84716058060081,-0.21068385524885028,0.702369347524021,0.17346913809900918,-0.6379471758409048,-0.6217787941122201,-0.6246495496059546,-0.1326130840028286,0.036660756059877314,0.12174107956366326,0.0386044132682484,-0.4919316951888652,-0.10733966257160348,-0.840029195002639,-0.36942621306261997,0.07197569216208125,0.07318162741382758,-0.605232477776405,-0.5975514242113482,-0.37248261376894054,-0.5855931534557351,-0.8330926212361184,-0.48948771152044984,-0.4850482804030162,-0.48948771152044984,-0.2753333090915366,-0.34385149390662517,-0.34385149390662517,-0.8240508500358404,-0.8240508500358404,0.3738385369416191,0.5964596682382874,0.8283713811155726,0.8097363148859885,0.7517077620234776,-0.34964119475522915,0.7066209903326383,0.7478597573271599,0.7479421191017122,0.7478597573271599,-0.11182162217872951],[0.9917554662301871,0.981461227219759,0.6009747111716438,0.9931600580255121,0.9970685086085623,0.9917554662301871,0.9999930043954552,0.9990879905278596,0.9990879905278596,0.9999745122616673,0.9561193827162319,0.9996049135774742,0.9999947640599868,0.9999868507795977,1.0,0.932386853118325,0.9051647169836083,0.322800615313675,0.9998550190843479,0.9998549984314794,0.9894455513814964,0.9999947102587284,0.3588859598570388,0.7049747813963666,0.993715576017154,0.993715576017154,0.9936137426308914,0.9889245368395623,0.271087274639092,-0.1622352399407648,0.992517487116734,0.9925629537860641,0.19995775678295832,-0.22091554980552175,0.9993727388903327,0.9994291978554686,0.392659485529259,-0.31814199042538993,0.9988392812180196,0.9993786989590075,0.9264249691336099,0.3025739335170278,0.9370216341951634,0.9991183050208307,0.9370216341951634,0.9084537360124318,0.6167446304026796,0.9290502584826852,0.9046196182741473,0.713059490552591,0.4114199171178904,-0.09749581630465502,-0.2044119069428267,0.9261139510313791,0.37137231549496325,0.9683479097269188,0.9623895953983582,0.9784484046638418,0.9959408494609788,-0.0591421832689584,0.85546351428049,0.8196459399887405,0.867056800331567,0.8136999309978832,0.7779460599184356,0.8136999309978832,0.7890978707697863,0.7811078584442872,0.7747099484176416,0.7811078584442872,0.8572716545541413,0.3488047791021474,0.55985408998625,0.6321635846501581,0.55985408998625,0.5692807439338045,-0.35393378608824305,0.5359353089255794,-0.644818909933949,0.45807181820770637,-0.11119204607621792,0.40650311302243125,-0.11119204607621792,-0.15376681807786996,0.8340309920684049,0.8510203395442302,0.837623149493093,0.7441482919173493,0.31002978527401676,0.8349222680479329,0.8365029297811107,0.8349222680479329,0.7470426177279541,0.7470426177279541,-0.2116915072727254,0.703308471499266,0.25021402638115264,-0.6394509873523189,-0.6225242437870154,-0.6255877923622435,-0.13385380744310538,0.03650391085644314,0.3429894216168463,0.03646476596116686,-0.4942086553645772,0.07850875098378146,-0.8264394876725523,-0.14693385046966137,0.07166097237596963,0.07247709237588609,-0.6057819702201639,-0.5984586233244255,-0.0771420502785152,-0.587072122964589,-0.8388729523443383,-0.3680007265878305,-0.1975099540874804,-0.3680007265878305,-0.27647094889561497,-0.34408738571667585,-0.34408738571667585,-0.8318518165250361,-0.8318518165250361,0.374333442378704,0.5957457304326275,0.502842459297407,0.8056241576541586,0.750473509143137,-0.3498539769337896,0.06285102961792967,0.757153403514362,0.7761040433905626,0.757153403514362,-0.143454814471158],[0.899823583205863,0.551918080244485,0.502365550724425,0.900069173040764,0.8583694498496284,0.899823583205863,0.9363330386858969,0.9344284466493634,0.9344284466493634,0.8782892569883594,0.7514524703140965,0.6207222758289022,0.936323759628467,0.9069865432765476,0.932386853118325,1.0,0.9958299318115063,0.40178848640658105,0.9236899813344305,0.9236862303720484,0.887477705651284,0.9319111983173619,0.3291138750089043,0.5592763176690839,0.9239376500458063,0.9239376500458063,0.9129654838932995,0.28882895085225097,0.19575441380089145,-0.19304871748458113,0.9428310821727557,0.9417415726927818,0.15338740700487244,-0.2618423642991376,0.9344352719344399,0.8887540527817256,0.31915113685519353,-0.3206971412076248,0.6321057968828316,0.8740303250450268,0.9984733372766643,0.3831712206182833,0.8630890353687041,0.9342403723750883,0.8630890353687041,0.5737720867801241,0.5932432952219454,0.26121791098843156,0.24445541937982743,0.4172879490601488,0.4111845344287746,-0.0689941932200864,-0.2104425298607432,0.8482769044855306,0.40448721992437664,0.9187384548385832,0.8675600167776442,0.9113209969631197,0.9269857643453262,-0.09230283249687174,0.5281101044987155,0.725189214283464,0.6926645406068299,0.7176039113798519,0.7222353440132053,0.71