var element=document.getElementById("correlationClose");if(element.style.display!='none'){var correlationClose={"data":[{"type":"heatmap","z":[[1.0,0.9999842406516634,0.586805984952741,0.99970882516404,0.9975734857367631,1.0,0.9911421458368628,0.9868583790134076,0.9868583790134076,0.9918056066511338,0.9736076781047147,0.983155969111924,0.9911860167344198,-0.12030269071822833,0.9912488980655925,0.9567950879355446,0.9464688224353883,0.4254864954979129,0.9922272547718907,0.9922122854457915,0.9842449960024183,0.9911725201982856,0.44828414471487993,0.6785746247021676,0.9786021772967407,0.9786021772967407,0.9785799630266077,0.9637613347492324,0.32020929549958704,-0.11716638563204068,0.989757668687619,0.9897255865480453,0.28565217226594497,-0.1939600856101561,0.993957251604007,0.9947870141451673,0.8177229569027961,-0.38607748770736855,0.9882478652821158,0.9945868997110454,0.9568297498548464,0.4074908691144263,0.9941346330962217,0.9941217035752753,0.9941346330962217,0.8884780074561718,0.6668175304967845,0.875271134153577,0.8876694875836215,0.7940901115411141,0.3847313107340568,-0.140225637408153,0.19255138994847953,0.9452840875772429,0.44811882600302905,0.9766934620531024,0.9711579582919427,0.9175981162952498,0.916326697385561,0.935174106742645,0.9127282106888992,0.9320818955834892,0.9328279220170687,0.9320818955834892,0.8512684127093316,0.9087850772430687,0.9098344946542456,0.9087850772430687,0.9008024347684153,0.7433952014537747,0.8751140970589509,0.8766660414548749,0.8751140970589509,0.6290671007122463,0.3161898856640484,0.6071502139426755,-0.5894512623972987,0.5056371672907968,0.5541964992842423,0.5552252804355546,0.5541964992842423,-0.10440565287993017,0.8881994652171415,0.9204129347959467,0.9023057911180398,0.9190664133024321,0.4173056187678503,0.8849484121039772,0.8860535718487194,0.8849484121039772,0.8933544532857344,0.8933544532857344,-0.14965162554386482,0.561822397410196,0.18964408049438525,-0.581860385572103,-0.5673327661218518,-0.5708830395468402,-0.05233416970321408,0.07124438564958666,0.2522489038691268,0.11620268560025562,-0.413980492898643,0.04596286568577452,-0.7936829307691151,-0.2206984744446394,0.13567771017737645,0.13587270675059163,-0.547039886643229,-0.6015867128845894,-0.22287762238420528,-0.4928889559372547,-0.8276656666553484,-0.358480368321891,-0.3498441324060662,-0.358480368321891,-0.18902049234814342,-0.269140058968405,-0.269140058968405,-0.8158340464643593,-0.8158340464643593,0.4017573674747405,0.6548082899529248,0.8707280608350504,0.8501426278145402,0.7857846652512979,-0.26134173293697394,0.7641095591276812,0.8041705576610155,0.8044169411767672,0.8041705576610155,-0.23414028998704084],[0.9999842406516634,1.0,0.9715281817413604,0.9992705668797169,0.9941829986242608,0.9999842406516631,0.9793993355946845,0.9710682735454954,0.9710682735454954,0.9792069493735326,0.9608033563658323,0.9812662453723452,0.9794579781419681,0.9794215509284215,0.9792542602696439,0.797567087831696,0.76648948492027,-0.2969857486627911,0.9844968043756045,0.9844699168755966,0.9795156623114547,0.979507635582868,-0.127641534718028,0.9703317418489389,0.9729558465182385,0.9729558465182385,0.9730256879503665,0.963964016558675,0.07607861308815432,0.15828787594780033,0.9767622839477784,0.9768467069501062,0.9722980539207245,0.15971420643133452,0.9882481609521537,0.9883138635679388,0.9890527695903204,0.9813802446251911,0.9867912218392613,0.9883094228977731,0.7868145748778781,-0.30327700860190276,0.9891141635786228,0.989096904689704,0.9891141635786228,0.8885016651277503,0.5393847032272301,0.875409333812491,0.8876021413005903,0.7933957425705208,-0.42416573269827573,-0.5407882078376051,0.8270810271311952,0.8576038193657141,-0.19639580423998176,0.9345051622255831,0.934597994574073,0.9287069832197458,0.9380716002289631,0.9172649176737234,0.9168759043691991,0.9236543376110576,0.9243414568399685,0.9236543376110576,0.7910739195566016,0.7525440594535179,0.7547810082807341,0.7525440594535179,0.9322639986454835,0.9371368213503326,0.9322654414344411,0.9333985565937467,0.9322654414344411,0.4669001506838423,0.40738397214965627,0.5267472529641888,0.6310728665854632,0.5149662643810465,0.5527602750114965,0.5535224831529258,0.5527602750114965,-0.2199596333470268,0.8767782096582757,0.9112371783595442,0.8986340682748697,0.9354897876978219,-0.12885210653847173,0.8713425725945515,0.8717209959867318,0.8713425725945515,0.8819121589263138,0.8819121589263138,-0.2493902203867725,0.5621324922895499,-0.3778971003254365,-0.6805699182252096,-0.4678221660222997,-0.4712302857559302,-0.317339955096851,0.23490547987198074,-0.22421983562538203,-0.4144445141388151,-0.6189835733602603,-0.2978749313113553,-0.4963994376692025,-0.35251236092992255,0.11251781339697042,0.10819006578634263,-0.49160435374953426,-0.44865423349988554,-0.4769185232545525,-0.5066962012108769,-0.4991617994989791,-0.4789596955384077,-0.48223221707897357,-0.4789596955384077,-0.3587545685861866,-0.503945146141506,-0.503945146141506,-0.4759195428081005,-0.4759195428081005,0.40137535980669614,0.408208405108596,0.5174438526814713,0.5998034639179592,0.5707383206300128,-0.4005155397135783,0.3773807423224584,0.3651976449678248,0.3652827134675784,0.3651976449678248,0.11148220225471726],[0.586805984952741,0.9715281817413604,1.0,0.5808312315441886,0.47821929757166737,0.5868059849527409,0.574213720077295,0.5632014392232205,0.5632014392232205,0.4818612695650568,0.42502011506444226,0.9966889238671733,0.5742535808991294,0.5116980190824498,0.5745631216045475,0.540258453294144,0.5663283566142557,-0.12179265415851348,0.5226909948142382,0.5217555836609012,0.47746134182308797,0.5731282899574615,0.21608498732367704,0.713303019734937,0.5432066347681808,0.5432066347681808,0.5429404728821686,0.9848972392213874,0.3062993902172306,0.1768984927456144,0.5378326662252749,0.5373793377123307,0.7640417238816379,0.015909826962362716,0.5720635127155087,0.4799322584526818,0.5548603551171317,0.3505317947200895,0.9941248370713914,0.46865466977387743,0.5367742676442517,-0.12856447655576897,0.5882138388966043,0.5700375317299919,0.5882138388966043,0.8928544936997379,0.3910160959701374,0.910050439898512,0.8773279385023709,0.6580160274923446,0.20183252260331896,-0.021405344428116608,0.055171933263571823,0.43995917858084377,-0.07680825053749463,0.5280342425795598,0.4677212858141751,-0.06260531546724574,0.7080172667133685,0.6566209539127968,0.5101629472942055,0.662939361591707,0.7200772768381708,0.662939361591707,0.3652612302547839,0.5578638964832049,0.6505119973518152,0.5578638964832049,0.583573123138782,0.6292338660920546,0.6715559441666529,0.7392791873537101,0.6715559441666529,0.23065175681322703,-0.08590420520926458,0.25003758249282076,0.1373553291327875,0.25039048377445605,0.26122549699672254,0.40825819456762874,0.26122549699672254,-0.17476221082312116,0.4674026192919271,0.8216257575320677,0.5515420588589469,0.7363481762091506,0.05152314054241495,0.5295332925837769,0.5293962347329123,0.5295332925837769,0.6437047863966051,0.6437047863966051,-0.2732138049632208,0.7204147987156114,-0.22006882189442378,-0.5722556146138478,-0.39760634536155154,-0.40111800773364753,-0.39588901084507583,0.03005221481064066,0.024181557958720908,-0.2729702762602443,-0.554272440696226,-0.13989660233300188,-0.24138344826463665,-0.21785805585437965,-0.0068036615981079025,-0.010484760902767485,-0.4569900600047803,-0.001778141594370556,-0.22709779499525146,-0.48945604825134187,-0.1277242427086054,-0.3663599197633796,-0.24281183712425566,-0.3663599197633796,-0.4266118337203864,-0.5111883233019943,-0.5111883233019943,-0.2503986650376519,-0.2503986650376519,0.3324803393417892,0.14676313214165687,0.25147706394415303,0.49419694622273724,0.23014721454419937,-0.31920334382489957,-0.033847783387500247,0.4497729833291274,0.5622157398687401,0.4497729833291274,-0.04451006276288441],[0.99970882516404,0.9992705668797169,0.5808312315441886,1.0,0.9986885834162353,0.9997088251640399,0.992689520735398,0.9888798429434401,0.9888798429434401,0.9936761459745501,0.9714590743461883,0.987845516073194,0.9927221978159944,-0.12447518621625304,0.9927580060789808,0.9581241120089957,0.9477830016020243,0.4112649817512052,0.9935567437464892,0.9935443240189993,0.9846390736577397,0.9927010114278989,0.4396497953291028,0.6820501570419134,0.9814859511361084,0.9814859511361084,0.9814641280011985,0.9732078492435359,0.31551086848910753,-0.124286642477736,0.9894381467262648,0.9894166869131379,0.2774245289331149,-0.19466709017814693,0.994720126940547,0.9958201263452807,0.7783683925949592,-0.3916699223027531,0.9916794427774235,0.9958556028094891,0.9572755320941256,0.3929130366377149,0.9923720659486884,0.994786678842146,0.9923720659486884,0.8868948853928291,0.6541832114930651,0.8828259461004911,0.884663315884286,0.7723805971651584,0.37932865093196894,-0.14605803743881066,0.18618764624141051,0.9395746795503206,0.43210126655678455,0.9723940406442629,0.968357918011722,0.8941514084721892,0.9079640121657219,0.9206531061273365,0.9078972282699085,0.9130706698048154,0.9141055178835189,0.9130706698048154,0.8418032740591043,0.89550333177897,0.8966562826080359,0.89550333177897,0.8965931949459209,0.6778516346939547,0.8322593865159922,0.8338440045754496,0.8322593865159922,0.6192634665571431,0.10611957081675202,0.5954402032967113,-0.5945704837284085,0.4992631347248986,0.29446890692580274,0.5234776733648205,0.29446890692580274,-0.11126746310175994,0.8817246062366373,0.9104182207812217,0.8927590772970676,0.8932940614584407,0.40390168601274773,0.8794216292620866,0.8806867977039179,0.8794216292620866,0.8717570883487273,0.8717570883487273,-0.15573747106183597,0.5876315798809447,0.19441494536156007,-0.5922873175096469,-0.5750378175895522,-0.5784932416428957,-0.06486483554350714,0.06584289237202953,0.24513528623431022,0.10336797127658894,-0.42657314841531435,0.03938890138744409,-0.8003257114459057,-0.22868590412572562,0.12473784518792543,0.12497837340285453,-0.5544661836941976,-0.5984818283078371,-0.2245404623976671,-0.5049639214799284,-0.8300064042393916,-0.3602622732095223,-0.3521940075612956,-0.3602622732095223,-0.1983895195749466,-0.27927963106007814,-0.27927963106007814,-0.8160522615966255,-0.8160522615966255,0.38912777363435064,0.6430202835803708,0.8631861237199028,0.8426724088952146,0.7786274108244424,-0.2748327785622988,0.7552692236795489,0.7956249327628307,0.7958741060223068,0.7956249327628307,-0.2190988008552699],[0.9975734857367631,0.9941829986242608,0.47821929757166737,0.9986885834162353,1.0,0.9975734857367631,0.9968642611488843,0.9949841956723408,0.9949841956723408,0.997055124776569,0.9615164284525023,0.9955940621505441,0.9968859529911616,-0.33070352612762655,0.9969164364369062,0.9440692454542698,0.9259326689443019,0.21311890456556173,0.9974405810415665,0.997434480016729,0.98637715141353,0.9968714415884721,0.07762369949924458,0.6465796029181742,0.9909095515286893,0.9909095515286893,0.9908672036009518,0.9858346718803521,0.07117046946623203,-0.1085186374424439,0.9875310255293489,0.987479529976384,-0.03207479354386492,-0.09122230906816362,0.9977390373992746,0.9976735758123519,0.7578537579211356,-0.5303303620184199,0.9972584585974312,0.997943650017709,0.939665427397046,0.18921301028839915,0.9976890414612323,0.9976901425087714,0.9976890414612323,0.9017255276559829,0.6153566754377026,0.9029494892701684,0.8884565350730226,0.7404025434887547,-0.09932161727858883,-0.5820301421841731,-0.23072524457103158,0.9253485490789001,0.2864341103473385,0.9662362095372108,0.9663039484535216,0.8894275349844523,0.8865847096972181,0.9073450714746777,0.8934206826710005,0.905520938621507,0.9059224510956326,0.905520938621507,0.8128333671099947,0.8405321291428035,0.8418457055869337,0.8405321291428035,0.8838970078990509,0.7797712844102124,0.863813346360542,0.8647647199882068,0.863813346360542,0.5714430602870564,0.4372929469418792,0.5556356476883828,-0.6349650863089371,0.5536851435327012,0.5311588687287283,0.5303345319210163,0.5311588687287283,-0.13176220530555696,0.8612868249085056,0.8811400184690044,0.8661099129673878,0.8989559426141973,0.25730703905589614,0.8622142543320442,0.863463197536461,0.8622142543320442,0.8700000206069639,0.8700000206069639,-0.19807018282010605,0.6443240085871095,0.04804726770391095,-0.6268499945638919,-0.6310570134477257,-0.6313906344885604,-0.10045675935942523,0.0880989017013211,-0.15290473667752888,-0.14933473744526993,-0.5108454823498887,-0.33177749864325196,-0.8611032388973603,-0.5239848193182028,0.09121661546128386,0.09129927880592155,-0.5843665926831678,-0.5901542305231625,-0.5193975428706181,-0.5471152708366671,-0.7955723349523278,-0.5746520505371656,-0.5774780792674146,-0.5746520505371656,-0.24158353124026252,-0.3173057743817715,-0.3173057743817715,-0.7617935827657817,-0.7617935827657817,0.37012707342103757,0.6218745541579402,0.8136927333914187,0.7895944179948298,0.7659261593185838,-0.4117919827483065,0.6060064433749731,0.6867745208524659,0.687071999440009,0.6867745208524659,0.012196926647113073],[1.0,0.9999842406516631,0.5868059849527409,0.9997088251640399,0.9975734857367631,1.0,0.9911421458368628,0.9868583790134076,0.9868583790134076,0.9918056066511338,0.9736076781047147,0.983155969111924,0.9911860167344198,-0.12030269071822833,0.9912488980655925,0.9567950879355446,0.9464688224353883,0.4254864954979129,0.9922272547718907,0.9922122854457915,0.9842449960024183,0.9911725201982856,0.44828414471487993,0.6785746247021676,0.9786021772967407,0.9786021772967407,0.9785799630266077,0.9637613347492324,0.32020929549958704,-0.11716638563204068,0.989757668687619,0.9897255865480453,0.28565217226594497,-0.1939600856101561,0.993957251604007,0.9947870141451673,0.8177229569027961,-0.38607748770736855,0.9882478652821158,0.9945868997110454,0.9568297498548464,0.4074908691144263,0.9941346330962217,0.9941217035752753,0.9941346330962217,0.8884780074561718,0.6668175304967845,0.875271134153577,0.8876694875836215,0.7940901115411141,0.3847313107340568,-0.140225637408153,0.19255138994847953,0.9452840875772429,0.44811882600302905,0.9766934620531024,0.9711579582919427,0.9175981162952498,0.916326697385561,0.935174106742645,0.9127282106888992,0.9320818955834892,0.9328279220170687,0.9320818955834892,0.8512684127093316,0.9087850772430687,0.9098344946542456,0.9087850772430687,0.9008024347684153,0.7433952014537747,0.8751140970589509,0.8766660414548749,0.8751140970589509,0.6290671007122463,0.3161898856640484,0.6071502139426755,-0.5894512623972987,0.5056371672907968,0.5541964992842423,0.5552252804355546,0.5541964992842423,-0.10440565287993017,0.8881994652171415,0.9204129347959467,0.9023057911180398,0.9190664133024321,0.4173056187678503,0.8849484121039772,0.8860535718487194,0.8849484121039772,0.8933544532857344,0.8933544532857344,-0.14965162554386482,0.561822397410196,0.18964408049438525,-0.581860385572103,-0.5673327661218518,-0.5708830395468402,-0.05233416970321408,0.07124438564958666,0.2522489038691268,0.11620268560025562,-0.413980492898643,0.04596286568577452,-0.7936829307691151,-0.2206984744446394,0.13567771017737645,0.13587270675059163,-0.547039886643229,-0.6015867128845894,-0.22287762238420528,-0.4928889559372547,-0.8276656666553484,-0.358480368321891,-0.3498441324060662,-0.358480368321891,-0.18902049234814342,-0.269140058968405,-0.269140058968405,-0.8158340464643593,-0.8158340464643593,0.4017573674747405,0.6548082899529248,0.8707280608350504,0.8501426278145402,0.7857846652512979,-0.26134173293697394,0.7641095591276812,0.8041705576610155,0.8044169411767672,0.8041705576610155,-0.23414028998704084],[0.9911421458368628,0.9793993355946845,0.574213720077295,0.992689520735398,0.9968642611488843,0.9911421458368628,1.0,0.9972575649754163,0.9972575649754163,0.999968498265411,0.9532065595529395,0.9996133550617906,0.9999962576363731,-0.13815663839921521,0.999992672245915,0.9761166930349506,0.9694922162888052,0.3640579718758377,0.9998422574358409,0.9998423723711469,0.9888004041740623,0.999996469222048,0.3475142123527943,0.6827531891456858,0.9846059471763454,0.9846059471763454,0.9849958712767967,0.9871361401489486,0.23823812427786856,-0.1824005081570497,0.9919990378134181,0.991763884735665,0.17813612959773167,-0.244414288443642,0.9993058035621479,0.999401495982672,0.3670926120241251,-0.32541862936274285,0.998763406887942,0.9993240022397215,0.9716838714910642,0.3442211866622965,0.9338932659478709,0.9990368403704012,0.9338932659478709,0.9106211166958669,0.6196859858249406,0.9239307862179508,0.8972556384631979,0.6962378534372194,0.41225984294675355,-0.08797024969540976,-0.209045228863035,0.9240584310837057,0.3920672464637143,0.9683090701166406,0.9617163088972138,-0.07436069512748579,0.8388858684171552,0.8084764579637075,0.8558121896418133,0.8021077746840509,0.7685591083919908,0.8021077746840509,0.7703384394637391,0.7693799129170518,0.765806281270566,0.7693799129170518,0.8440085156463655,0.3236357849715107,0.5383576212779532,0.6170365901990769,0.5383576212779532,0.5394736424366272,-0.35898628922509906,0.5027401774446677,-0.6575142833615291,0.42263290078885357,-0.12312005367205305,0.3813442491101745,-0.12312005367205305,-0.15483426955765633,0.8199455252071798,0.8324265780943533,0.820417667875293,0.7419435340441631,0.35582188723731756,0.8222517993856276,0.8240591611398849,0.8222517993856276,0.7315579264169024,0.7315579264169024,-0.2349911958515659,0.6924705698836949,0.2504162833125395,-0.6085706271756887,-0.6174391569069351,-0.6204326741906747,-0.11530998566672937,0.014091300351290087,0.3510801655558885,0.06582577155805155,-0.4512530890901696,0.09220659892150532,-0.8272832384545608,-0.13160169855908674,0.05399152760072594,0.05431349905066704,-0.5994811531825026,-0.6049651520589276,-0.06351202814994404,-0.5835292866767949,-0.8424705159815931,-0.35594176282290674,-0.1837317388654678,-0.35594176282290674,-0.276487234730446,-0.32784417305359054,-0.32784417305359054,-0.8354877836172796,-0.8354877836172796,0.3681213448461429,0.6002381600657053,0.4999913748602795,0.8064764391323199,0.7564432014222341,-0.3315201563017344,0.060949146921871304,0.761450873106989,0.7801268139131532,0.761450873106989,-0.14504862936669619],[0.9868583790134076,0.9710682735454954,0.5632014392232205,0.9888798429434401,0.9949841956723408,0.9868583790134076,0.9972575649754163,1.0,1.0,0.9994884732159763,0.9451603888949578,0.9983901282879482,0.9980488955084353,-0.14721805777799224,0.9990385950647261,0.9745973861486946,0.9613859947419294,0.341957353856908,0.9990885493429237,0.9990900201416734,0.9859340385732381,0.9991938396418928,0.3207038618982427,0.6824326276271031,0.9920787129247678,0.9920787129247678,0.9827726522893616,0.983183773523461,0.21903910851475233,-0.19703050604258715,0.9882735131774516,0.9916931891089114,0.15813468776382106,-0.25108302091478363,0.9981766141926817,0.9980926415544819,0.3468610263265107,-0.33275098322003005,0.996330537951761,0.9979490861618375,0.9706505307830651,0.3216483583763751,0.9253519288891402,0.9980052796754549,0.9253519288891402,0.9079659997994722,0.6038579992823347,0.9243084789586277,0.8933260146578165,0.6696777030591483,0.39880458686384473,-0.10366155176600432,-0.22255857194883918,0.9148239701472739,0.3709762959832933,0.9635124648604457,0.9561467614501943,-0.08507934457203986,0.8249162267187423,0.7904376983930793,0.8459850134481212,0.7852795040820001,0.7552390317052423,0.7852795040820001,0.7560390342090478,0.7486921561001423,0.751244619343962,0.7486921561001423,0.8344485494891484,0.30232882966153424,0.5158435481393121,0.59921975607503,0.5158435481393121,0.5245152056109896,-0.3746836869397082,0.4859941225684118,-0.6663886458174451,0.4131380408334623,-0.14659230487055566,0.36338117862576214,-0.14659230487055566,-0.16212226668716428,0.8083712686110585,0.8143072679493732,0.8053785399901299,0.7260491840241152,0.3382079214769559,0.8113104659963289,0.8133320496700318,0.8113104659963289,0.7118550942681421,0.7118550942681421,-0.251620062537896,0.7209036647497085,0.25827365684495723,-0.6185746385038459,-0.6313181693086956,-0.6341131385377431,-0.13093255865791947,0.005550855275881401,0.3441185171079862,0.04609086782781057,-0.4648112812489311,0.08279220375146404,-0.834136151796192,-0.1382198576060524,0.037526494227641725,0.03786472423291305,-0.6121441107692064,-0.6062496065293352,-0.07050701899987176,-0.6019599285317576,-0.842757986775337,-0.3680769920133836,-0.19011134060618048,-0.3680769920133836,-0.2953470088676653,-0.34253251126982126,-0.34253251126982126,-0.8341657741053077,-0.8341657741053077,0.34538061928371205,0.5822152710157051,0.4804515007868919,0.7880803917353959,0.7430168729590512,-0.3545455402968751,0.046213522664868174,0.7417809530888226,0.764026560264572,0.7417809530888226,-0.12731588231616353],[0.9868583790134076,0.9710682735454954,0.5632014392232205,0.9888798429434401,0.9949841956723408,0.9868583790134076,0.9972575649754163,1.0,1.0,0.9994884732159763,0.9451603888949578,0.9983901282879482,0.9980488955084353,-0.14721805777799224,0.9990385950647261,0.9745973861486946,0.9613859947419294,0.341957353856908,0.9990885493429237,0.9990900201416734,0.9859340385732381,0.9991938396418928,0.3207038618982427,0.6824326276271031,0.9920787129247678,0.9920787129247678,0.9827726522893616,0.983183773523461,0.21903910851475233,-0.19703050604258715,0.9882735131774516,0.9916931891089114,0.15813468776382106,-0.25108302091478363,0.9981766141926817,0.9980926415544819,0.3468610263265107,-0.33275098322003005,0.996330537951761,0.9979490861618375,0.9706505307830651,0.3216483583763751,0.9253519288891402,0.9980052796754549,0.9253519288891402,0.9079659997994722,0.6038579992823347,0.9243084789586277,0.8933260146578165,0.6696777030591483,0.39880458686384473,-0.10366155176600432,-0.22255857194883918,0.9148239701472739,0.3709762959832933,0.9635124648604457,0.9561467614501943,-0.08507934457203986,0.8249162267187423,0.7904376983930793,0.8459850134481212,0.7852795040820001,0.7552390317052423,0.7852795040820001,0.7560390342090478,0.7486921561001423,0.751244619343962,0.7486921561001423,0.8344485494891484,0.30232882966153424,0.5158435481393121,0.59921975607503,0.5158435481393121,0.5245152056109896,-0.3746836869397082,0.4859941225684118,-0.6663886458174451,0.4131380408334623,-0.14659230487055566,0.36338117862576214,-0.14659230487055566,-0.16212226668716428,0.8083712686110585,0.8143072679493732,0.8053785399901299,0.7260491840241152,0.3382079214769559,0.8113104659963289,0.8133320496700318,0.8113104659963289,0.7118550942681421,0.7118550942681421,-0.251620062537896,0.7209036647497085,0.25827365684495723,-0.6185746385038459,-0.6313181693086956,-0.6341131385377431,-0.13093255865791947,0.005550855275881401,0.3441185171079862,0.04609086782781057,-0.4648112812489311,0.08279220375146404,-0.834136151796192,-0.1382198576060524,0.037526494227641725,0.03786472423291305,-0.6121441107692064,-0.6062496065293352,-0.07050701899987176,-0.6019599285317576,-0.842757986775337,-0.3680769920133836,-0.19011134060618048,-0.3680769920133836,-0.2953470088676653,-0.34253251126982126,-0.34253251126982126,-0.8341657741053077,-0.8341657741053077,0.34538061928371205,0.5822152710157051,0.4804515007868919,0.7880803917353959,0.7430168729590512,-0.3545455402968751,0.046213522664868174,0.7417809530888226,0.764026560264572,0.7417809530888226,-0.12731588231616353],[0.9918056066511338,0.9792069493735326,0.4818612695650568,0.9936761459745501,0.997055124776569,0.9918056066511338,0.999968498265411,0.9994884732159763,0.9994884732159763,1.0,0.9519956208695864,0.9995647730894338,0.9999698019668637,-0.30745774959279765,0.9999742443654565,0.9536936708726468,0.9345112106863519,0.25501934128170484,0.9997871162560736,0.9997876857604969,0.9886105289879178,0.9999666692608472,0.12495119703122752,0.643489930983805,0.9943735838123285,0.9943735838123285,0.994320723946197,0.9869355182025452,0.05283124631163966,-0.1221177532229718,0.9905733668610619,0.9905443088979492,-0.01511267613707703,-0.20440234141677366,0.9993314252891765,0.9992886704649436,0.7686006223626031,-0.5210269746962379,0.998679105200166,0.9993022877154307,0.9481343893244029,0.2317630573769132,0.9991756216394043,0.9991810118301591,0.9991756216394043,0.9104418752119077,0.6205634173902009,0.9234059263433464,0.8963919919582447,0.6955889125136512,0.007418322458355961,-0.5290443654377252,-0.18103075948712294,0.9192862105288562,0.3400672558346968,0.962766522639403,0.9619084189003009,0.8614687528877918,0.8396018931289647,0.8803859724404715,0.8566282736176594,0.8786156337178005,0.879330061899669,0.8786156337178005,0.7693287131099207,0.821900858684831,0.8235927949057755,0.821900858684831,0.8453441857201003,0.7404656600571351,0.8331810720582106,0.83460358163365,0.8331810720582106,0.5386511699033039,0.3621003448964136,0.501439848474691,-0.6829745725026011,0.4806956169028275,0.4449646792445145,0.4448930648469001,0.4449646792445145,-0.11217912295897794,0.8203452280767956,0.8322362669372995,0.8206474248757655,0.8716811997731364,0.27970732950532595,0.8281103552288102,0.8304089872721574,0.8281103552288102,0.835931076346292,0.835931076346292,-0.23714233524081232,0.6930206088201063,0.07310986842611535,-0.6209118849739831,-0.6577298220270605,-0.6586189657131105,-0.11897015526160751,0.01639323104921995,-0.1598728374714299,-0.11911121054408902,-0.497776317074879,-0.36224781189586297,-0.87609787849661,-0.5622411330441244,0.05235641838863508,0.053513773274641026,-0.6013526369680631,-0.6010817812917313,-0.5290782146185862,-0.5855927153284074,-0.8163396166076362,-0.5982276861443367,-0.6003435755336564,-0.5982276861443367,-0.2790534542750975,-0.3314777708648277,-0.3314777708648277,-0.7958411406888267,-0.7958411406888267,0.36824080151971667,0.5987902089314147,0.8216965474451294,0.801303929344961,0.7547865528079173,-0.36010500515264937,0.6394648075314331,0.7081822105087708,0.7083375731062559,0.7081822105087708,0.09466188231223625],[0.9736076781047147,0.9608033563658323,0.42502011506444226,0.9714590743461883,0.9615164284525023,0.9736076781047147,0.9532065595529395,0.9451603888949578,0.9451603888949578,0.9519956208695864,1.0,0.9281759457349453,0.9532318226759381,-0.24155402543349205,0.9528947841853299,0.8741068238991176,0.8506079807540705,0.05661171646973093,0.9585843321796675,0.9585617808680053,0.9533729050818935,0.9533641178973806,0.05421399798123607,0.6897125855835566,0.9551370590456641,0.9551370590456641,0.955343829189164,0.8397120042413536,0.15686548628633595,-0.10436274930869688,0.9615812662596533,0.9617112992196485,0.13564911712260366,0.06894254561570258,0.9628115770417216,0.96309700144059,0.8588625755113447,-0.44022375107092643,0.9392499386821034,0.9619581077807566,0.8756790344896753,0.034213764468200444,0.9641485735393885,0.9641125360887355,0.9641485735393885,0.7894389399703841,0.4164957825202626,0.7636813117980542,0.869182071995434,0.8335420233796276,-0.550265282305572,-0.6862167832931327,-0.29591087438931724,0.8716388480828591,0.05322229341651442,0.9058202182219014,0.9058716645164869,0.8649947236747842,0.8606041188709797,0.8894159508989676,0.8680650682118267,0.8815731360310467,0.882359692495118,0.8815731360310467,0.8108152136456148,0.7900025159046208,0.7920565316254231,0.7900025159046208,0.8606627365543293,0.8796977032738555,0.8588357814598576,0.8595892389777199,0.8588357814598576,0.6348075657844863,0.555100733732246,0.636228610861789,-0.3984250659265265,0.6579907312211323,0.6780615356599229,0.6809837992097586,0.6780615356599229,-0.27142868770139655,0.8653458594026485,0.9244826960171798,0.8826043768907109,0.8802490820117683,0.14943000273356097,0.8577230677717733,0.8590143232208284,0.8577230677717733,0.8688760813714054,0.8688760813714054,0.017243201908187986,0.316713816760433,-0.09492366489626919,-0.5340170231095374,-0.4068901060610878,-0.4088698379766662,0.042802526838503434,0.39606394897367464,0.08560606825586434,-0.05780553012443149,-0.3904068556708216,-0.01148111916851529,-0.8097543482852239,-0.17338904132100982,0.2857203776094804,0.28501587328266287,-0.3693039010134239,-0.4386682140534314,-0.3256230076951668,-0.3323236651456485,-0.6825583388659083,-0.34646103981912535,-0.3485238468629601,-0.34646103981912535,-0.07339775723308913,-0.36596169997283773,-0.36596169997283773,-0.539067829220339,-0.539067829220339,0.5625297939741194,0.6699583341114229,0.760489434931931,0.6738612291202597,0.8356599621436744,-0.4550906592895369,0.3867791867879553,0.5596849330348103,0.5599603834262339,0.5596849330348103,-0.2260738817789614],[0.983155969111924,0.9812662453723452,0.9966889238671733,0.987845516073194,0.9955940621505441,0.983155969111924,0.9996133550617906,0.9983901282879482,0.9983901282879482,0.9995647730894338,0.9281759457349453,1.0,0.999612015297576,0.9996083698747343,0.9995665464213126,0.842042256597252,0.8046710397605159,-0.40598007043361806,0.9997518858207649,0.9997556404258287,0.9996185974171075,0.9996185231550937,-0.24755030677161147,0.9642285996028657,0.9928843712401607,0.9928843712401607,0.9928601679470024,0.9898614905302349,0.05332946330624076,0.08982378486746938,0.9896886292009158,0.9897553958607183,0.9730966906690498,0.034708933897675535,0.9987805257610124,0.9987244379088139,0.9985483704290202,0.999275042437556,0.9992439209585536,0.9987863486403844,0.8225450295194454,-0.41594583648118894,0.9984865307334023,0.9984972417139647,0.9984865307334023,0.9041021003656802,0.47150234942384317,0.919335153039107,0.8943676198951611,0.696843126392428,-0.5228562958924999,-0.6509849705494639,0.7947015785468072,0.8107073097436903,-0.3034872422058388,0.9233759660729299,0.9235779814668074,0.86289378746479,0.8721701913857139,0.8408265889456468,0.843251401961427,0.849626387207251,0.8505156028006459,0.849626387207251,0.6854398175994197,0.6408116163411416,0.6434716948978998,0.6408116163411416,0.8725870653092835,0.8812182494605593,0.8713197345712641,0.8727180001505499,0.8713197345712641,0.33953908493073726,0.2691012850920006,0.39570202437243307,0.5190099604225095,0.39340170145856007,0.4387481899092736,0.44121286291016154,0.4387481899092736,-0.41037288495530067,0.7881289269038568,0.8365558076795732,0.8175875846000142,0.8713715231991249,-0.17833919301710804,0.7815102003033942,0.7820209018609801,0.7815102003033942,0.7952581849733773,0.7952581849733773,-0.29627988493315804,0.6844456591054197,-0.3971921799541897,-0.7148063742134594,-0.5462268186949994,-0.5485340401534035,-0.3754099981275596,0.16999492468724695,-0.2785293071647992,-0.46118918017591576,-0.6614257765175632,-0.35761064504613826,-0.6183614017206409,-0.4240090616591918,0.04348584734892325,0.040054200952246995,-0.5653577899008925,-0.5312882718895442,-0.5504996736095767,-0.5847359021299875,-0.5789162410629979,-0.5536582755641924,-0.5566512700871761,-0.5536582755641924,-0.43817593770821045,-0.6077214198335535,-0.6077214198335535,-0.6074169006156974,-0.6074169006156974,0.3634688935297167,0.3539401487724855,0.47208320146736366,0.5548503776180063,0.5486257136549485,-0.5559344509948291,0.2953256140048763,0.31178233629515595,0.3119391028178075,0.31178233629515595,0.2144448515944276],[0.9911860167344198,0.9794579781419681,0.5742535808991294,0.9927221978159944,0.9968859529911616,0.9911860167344198,0.9999962576363731,0.9980488955084353,0.9980488955084353,0.9999698019668637,0.9532318226759381,0.999612015297576,1.0,-0.13781116647442765,0.999994505988742,0.9760685173491274,0.9683305525080685,0.3640980305872076,0.9998436508338353,0.9998437268050169,0.9888386612867763,0.9999970962852075,0.34784114971978647,0.6828533458003508,0.9899901839187233,0.9899901839187233,0.9849871136791148,0.9871201034656001,0.23852994335515745,-0.18233024920077603,0.9919991914461816,0.9917708122761076,0.1783896276546485,-0.24435914333754222,0.9993071203524759,0.9994048930992016,0.36708106105727917,-0.3251903848953842,0.9987655851839071,0.9993322684571679,0.971629143293459,0.3442682267908819,0.9338796329247815,0.9990387259834942,0.9338796329247815,0.9106063124065953,0.619824970459691,0.924153037563262,0.8974774567726312,0.6963706694221552,0.4126535110480048,-0.0875145188153074,-0.2086605885818386,0.9241318522128823,0.39212691039307174,0.9683973721713476,0.9617781974624456,-0.07415217741930592,0.8390808699447089,0.8085918814189269,0.8559503235091588,0.8022217821890004,0.7685008485068895,0.8022217821890004,0.7704434025198741,0.7694463601762321,0.7657396509450239,0.7694463601762321,0.8441880506878494,0.3235209185301529,0.5383804834648419,0.6169512014016543,0.5383804834648419,0.539430982944111,-0.35899629522651977,0.5027173333801203,-0.6573836144965641,0.4225438280329949,-0.1232409502058243,0.38139495811409185,-0.1232409502058243,-0.15498313009266665,0.8200402345258879,0.8326055235312984,0.8205444400242279,0.7419382673191177,0.3558642713959958,0.8223557900103352,0.824155991219377,0.8223557900103352,0.7316469391392715,0.7316469391392715,-0.2349314004068715,0.6924225891686524,0.250525391927372,-0.6086308062257235,-0.6173468257261634,-0.6203450917644792,-0.1154039645329383,0.013967540997339083,0.35124113743776825,0.0658245443851863,-0.45134051407979936,0.09246087581601664,-0.8269980177821373,-0.13131303452168605,0.05405877691264369,0.054394233724357484,-0.5994632493979912,-0.6047493964841277,-0.06326779741309946,-0.5834870688360925,-0.84234265422168,-0.3557135406319268,-0.18352758217913226,-0.3557135406319268,-0.2763357905764705,-0.32781408407281326,-0.32781408407281326,-0.8354148627039933,-0.8354148627039933,0.36858693433490575,0.60036527546498,0.5002395716944976,0.8067252923243368,0.7564973433660087,-0.3313030017829516,0.061239234612601785,0.7616904117963403,0.7802324814616126,0.7616904117963403,-0.1450700522371687],[-0.12030269071822833,0.9794215509284215,0.5116980190824498,-0.12447518621625304,-0.33070352612762655,-0.12030269071822833,-0.13815663839921521,-0.14721805777799224,-0.14721805777799224,-0.30745774959279765,-0.24155402543349205,0.9996083698747343,-0.13781116647442765,1.0,-0.13719954649719118,-0.1457862664104835,-0.12289071649877328,-0.2952442515069033,-0.13861964864727508,-0.13916346512932345,-0.2601104092528394,-0.13877079164932002,0.027964475912055173,0.3099014895951914,-0.17104618943295768,-0.17104618943295768,-0.17137470262853918,0.9871009378786318,0.25103783134438634,0.18686904452883016,-0.17568855216986967,-0.1762804936193567,0.538426036813646,0.12176488747064672,-0.13621657392856698,-0.293251571020193,0.17132097779714356,0.9581120696186944,0.9987639785406223,-0.324026016762546,-0.1436944551521854,-0.2852225137612449,-0.13650924654201219,-0.13752414632781498,-0.13650924654201219,0.9106847426282383,-0.11611765424036544,0.9241286084585345,0.8974267278966559,0.6963575805038295,0.08507410048789359,0.2516592732280412,0.6449063614740966,-0.2584790237419756,-0.2976547241282512,-0.058432265504445004,-0.2914463465090142,0.03643834330642215,0.29719883252944307,-0.011162730359262348,-0.2865787928723233,-0.008861882403851572,0.0005499388573573156,-0.008861882403851572,-0.3893247839501993,-0.09635184812623873,-0.09853497101528616,-0.09635184812623873,-0.1857948340386395,0.07669923614459444,0.054306700139907634,0.05422628524499397,0.054306700139907634,-0.3984280150102052,0.006855935758943133,-0.36254421659216646,0.6192713950476425,-0.3306100257841258,0.009582439511208369,-0.05380742777348719,0.009582439511208369,-0.30749808993176964,-0.32055410891336045,0.8325750651460935,-0.09207771979074854,0.023435426136573425,-0.2228943691952754,-0.24565985625533876,-0.245336377009964,-0.24565985625533876,-0.01731509013423645,-0.01731509013423645,-0.2165254794162565,0.6923569641863713,-0.16152245001239318,-0.029228918231494327,0.19285086126063672,0.19139337474024296,-0.2534413956970274,-0.006046184640773349,0.01960139464129604,-0.17699296945311194,-0.11737858327626645,0.04008418027539938,0.3781218393472533,0.11085358993301436,-0.03710543426471244,-0.04104182498790837,0.0815466264131587,0.5667130942099609,0.0888905069854699,-0.20257024922671893,0.6067238642618866,0.09203064038979725,0.10029663813850262,0.09203064038979725,-0.2407268206607607,-0.19914850798448713,-0.19914850798448713,0.3186610715568218,0.3186610715568218,0.36869072718629803,-0.24741122710029803,0.021143758810367726,0.09478490783716202,-0.24099048760823996,0.06834138275986813,0.15622503334814428,0.1076263235923,0.10752424114228688,0.1076263235923,0.12496323091989142],[0.9912488980655925,0.9792542602696439,0.5745631216045475,0.9927580060789808,0.9969164364369062,0.9912488980655925,0.999992672245915,0.9990385950647261,0.9990385950647261,0.9999742443654565,0.9528947841853299,0.9995665464213126,0.999994505988742,-0.13719954649719118,1.0,0.9745676331645157,0.9627003847861133,0.36421064075221526,0.9998466027106864,0.9998466129304969,0.9889935232342798,0.999994533883109,0.3485203743149092,0.6826996644579532,0.9934375489323941,0.9934375489323941,0.9933286751065515,0.987008828386045,0.2388109687668383,-0.18237411358173605,0.9927535728312935,0.9928046640413375,0.1791713123830704,-0.24418864263384307,0.9993565850865517,0.9994038575060173,0.3660348784092991,-0.32434289514095455,0.9987066667150742,0.9993352061772179,0.9714828504107594,0.34440561511343953,0.9333760209027007,0.9990937522461574,0.9333760209027007,0.9108820976724369,0.6205435778079191,0.9244853023179578,0.8978181333859413,0.6960660169572912,0.41406089913695776,-0.08591135992305446,-0.20886524727006991,0.9245215948225698,0.3924094949553116,0.9688124665701684,0.9621317019192627,-0.07517736863631713,0.8393654398828239,0.8085130420715592,0.8562075015188549,0.8021827419535676,0.7680928954880482,0.8021827419535676,0.7706419253156697,0.7694006784958209,0.7661524796527491,0.7694006784958209,0.8445341385952975,0.32283710308202573,0.5378689034599755,0.6169813214903266,0.5378689034599755,0.5392696904592899,-0.36017333711677485,0.5026243472556312,-0.6575391973516825,0.4221564807713365,-0.12425077234787583,0.38104906240071196,-0.12425077234787583,-0.15492737475051144,0.8201773654976918,0.8322466826653537,0.8206586398381084,0.7324657147037007,0.35624493333998697,0.822478461880356,0.8242714661028581,0.822478461880356,0.7314556529323525,0.7314556529323525,-0.2365226999142378,0.6932971204000543,0.2510331643222478,-0.6086198599716225,-0.6177280213817964,-0.6207324987156237,-0.11658358120415097,0.012715643082704302,0.3515470389815083,0.06537065662429406,-0.45160461941234725,0.09253674704179829,-0.8261305684472667,-0.13115615255838917,0.05302483275527815,0.05335990312345776,-0.6000994316076199,-0.6050263374825186,-0.06268355729334742,-0.5848198914594598,-0.8423331481994959,-0.3556500857253053,-0.18296670636170717,-0.3556500857253053,-0.2773345069619805,-0.328295972916302,-0.328295972916302,-0.8357621933837933,-0.8357621933837933,0.368751858304948,0.6000334796660082,0.49969441199290143,0.8071707705560964,0.7559297533705843,-0.3308279990647158,0.06056188018682549,0.7620916557791672,0.7808359438899791,0.7620916557791672,-0.14474629983540524],[0.9567950879355446,0.797567087831696,0.540258453294144,0.9581241120089957,0.9440692454542698,0.9567950879355446,0.9761166930349506,0.9745973861486946,0.9745973861486946,0.9536936708726468,0.8741068238991176,0.842042256597252,0.9760685173491274,-0.1457862664104835,0.9745676331645157,1.0,0.9969610500475999,0.3938883010404245,0.9712234952912702,0.9712291589347845,0.950329849731091,0.974408285569788,0.33973641132979954,0.6310813785820246,0.9672754270217958,0.9672754270217958,0.9577090343687177,0.654484783297947,0.21560283204787686,-0.18808844199365649,0.9735208462755222,0.9730797992368457,0.16487967661777644,-0.25698957486625496,0.9749849443136724,0.9573487303961289,0.3391540300980333,-0.322017391731107,0.8469480454873063,0.9517432838637174,0.9985135934537743,0.3747304600834498,0.9050589763885918,0.9748001689792201,0.9050589763885918,0.7592943387967184,0.611351084734581,0.5701021001024993,0.5433438388870766,0.5766074141752044,0.4145692254826484,-0.07391608494384587,-0.21115749910082765,0.8953942726414305,0.4037959845756266,0.9495071159753941,0.9242933184659806,-0.08889228355434198,0.7066284382595701,0.7738906907158783,0.7888601011359238,0.7665709153794091,0.7490155196302402,0.7665709153794091,0.6908997783301105,0.7409369443808232,0.7485230339227716,0.7409369443808232,0.7644366265294263,0.29804529698697835,0.5075129781950577,0.596314573232076,0.5075129781950577,0.4976024458558463,-0.3636012523165739,0.4549843837129583,-0.656331372974608,0.38099692449949774,-0.13241212569287542,0.35810881448264764,-0.13241212569287542,-0.1528210579890726,0.7539050909910576,0.6654328947661089,0.7112330930427453,0.7228855646613036,0.39272870