var element = document.getElementById("correlationClose");

if (element.style.display != 'none') {
    var correlationClose = {"data": [{"type": "heatmap", "z": [[1.0, 0.9999831161027644, 0.5703400971015397, 0.9997009206351081, 0.9974713712785924, 1.0, 0.9908379767670821, 0.9864015542074066, 0.991488182805739, 0.9731184258992442, 0.9820786170974283, 0.9908825256319259, -0.13022514044907063, 0.9909476990300456, 0.9909894529656164, 0.9935764336357306, 0.4532592938764597, 0.9919591998386416, 0.9919445148381507, 0.9838985980433456, 0.9908696696305974, 0.4458798079533467, 0.6650490443060961, 0.9778570401478179, 0.9778340981635617, 0.9604720944337376, 0.30687363689663, -0.1222590010852353, 0.9898330529599405, 0.9897918227537997, 0.27626484305533405, -0.20380057700253387, 0.9937628234293292, 0.9946316389550953, 0.81116885828775, -0.39020001741669846, 0.9875585543080257, 0.994390253172913, 0.9942885354106052, 0.43559242032447576, 0.993949807081542, 0.9939363074988343, 0.993949807081542, 0.8883550831261486, 0.6703665782975162, 0.8646689055264286, 0.8794119491059166, 0.7927512120195845, 0.38839829382658886, -0.13219009591055994, 0.1916121192432656, 0.9454391254088133, 0.4627883247187903, 0.9769255653253714, 0.9711197948399066, 0.9146593036329455, 0.9106962283927883, 0.9328927933098021, 0.9085507612091787, 0.9296624625842984, 0.9304464355133951, 0.9296624625842984, 0.8435951040284233, 0.9060926572793586, 0.9071807548793662, 0.9060926572793586, 0.8956098641614357, 0.7336082354113324, 0.8705978094857709, 0.8722242831021262, 0.8705978094857709, 0.618255867279942, 0.30837829436602515, 0.5949854699724159, -0.5947616250814572, 0.49024855533686945, 0.5442466440418307, 0.5456261981051123, 0.5442466440418307, -0.10098297606022746, 0.8828213658149029, 0.9146455568809935, 0.8963998535850695, 0.9161626260016232, 0.44985011406051256, 0.8800034139242925, 0.8812100559179729, 0.8800034139242925, 0.8895886098692813, 0.8895886098692813, -0.1611427453358801, 0.5480599388721829, 0.19270489225983753, -0.5597161307073448, -0.56238232094416, -0.5660460874354418, -0.0393589370006195, 0.056732412005635925, 0.2601199865540079, 0.13719541618433362, -0.383284110800658, 0.056450282156701094, -0.7924814707415411, -0.20985769974833773, 0.12124577995889116, 0.1215100903330382, -0.5404546139321516, -0.6053695989142232, -0.21152091401018644, -0.4861372838803516, -0.8291852457846931, -0.3484501292368341, -0.3394759440804951, -0.3484501292368341, -0.18370255378971012, -0.25599397209511476, -0.25599397209511476, -0.8176363044093412, -0.8176363044093412, 0.39913464434351614, 0.6574034922186995, 0.8730412051778502, 0.851834117310727, 0.7892213815934268, -0.2476437358807638, 0.7673449699576455, 0.8078765267091135, 0.8081586269703238, 0.8078765267091135, -0.23572051421395332], [0.9999831161027644, 1.0, 0.9693869463695335, 0.9992169755744921, 0.993762852500399, 0.9999831161027641, 0.9780496221334759, 0.9690949746004278, 0.9778300862734991, 0.9586129235708121, 0.9799936762863322, 0.9780974455837824, 0.9780572090481671, 0.9778755845734138, 0.977162061850429, 0.9855974212259849, -0.2644792431240804, 0.98346354650042, 0.9834351351575069, 0.9781623919259049, 0.9781533355006767, -0.14724789152323808, 0.968127925941219, 0.9712306182992682, 0.971301005046149, 0.9606834375750855, 0.038259560688860446, 0.15011155930177592, 0.9758370306768206, 0.9758966433785596, 0.9711789258850387, 0.13857848307680154, 0.987540651407897, 0.9876206098657115, 0.9883946647467233, 0.980233547228246, 0.9859513788487566, 0.9875748617673202, 0.988222426609721, -0.2711034643549038, 0.9884778624800941, 0.9884586154499901, 0.9884778624800941, 0.8885181493644588, 0.5501403961772998, 0.8650734134603343, 0.8796526510887321, 0.7920297083245187, -0.4404450260014073, -0.5481746690736488, 0.8288102446765383, 0.8562806461909271, -0.17959738499160297, 0.9339437402094208, 0.934025536904072, 0.9233446931354232, 0.9333534716838713, 0.9110319812402964, 0.9106640008422828, 0.9178230204489047, 0.918558696197023, 0.9178230204489047, 0.7751663922621399, 0.7355728406638318, 0.7378041794154669, 0.7355728406638318, 0.9275670249094848, 0.9327096837515595, 0.9274239343566659, 0.9286384869956916, 0.9274239343566659, 0.4444353027601485, 0.3858710458867884, 0.5070154399556002, 0.6112609579996549, 0.4908250274606838, 0.5315783932625713, 0.5324736252981359, 0.5315783932625713, -0.21743218340673087, 0.8677303318436899, 0.9043563974265978, 0.8908354078218995, 0.9305638461099647, -0.08419802830578632, 0.8617708468020715, 0.8621815553480358, 0.8617708468020715, 0.8730428647199828, 0.8730428647199828, -0.26373561258411504, 0.5483173517921915, -0.3833831313275125, -0.6556019298730937, -0.4682530696696652, -0.47165438803624327, -0.3066333521929551, 0.22160377370675524, -0.21671259094282397, -0.39602790091026097, -0.5911788548391488, -0.28826089482746436, -0.49980774534869593, -0.3421108990460008, 0.09579532887543134, 0.09100516610216958, -0.4892786631653237, -0.4448828950832727, -0.47296563724010915, -0.502508223726738, -0.495035880077477, -0.47514617989421487, -0.4783734443055417, -0.47514617989421487, -0.3584500354454928, -0.49790772579886766, -0.49790772579886766, -0.47152649583755096, -0.47152649583755096, 0.39947420424384156, 0.41375104577770416, 0.5189466189013948, 0.6012081034467126, 0.5764680747249928, -0.39140532962885993, 0.3822154692059454, 0.37284703531498226, 0.372943675263959, 0.37284703531498226, 0.11429481883837493], [0.5703400971015397, 0.9693869463695335, 1.0, 0.5639256918269022, 0.45341139830036625, 0.5703400971015397, 0.559013793758802, 0.5473842891002181, 0.45885489282944736, 0.3991186272170216, 0.996650771319601, 0.5590269077041093, 0.5147711623140427, 0.5593584366360431, 0.5615103733825318, 0.5975708745746778, -0.10459944373266337, 0.5045790881382969, 0.5036667386732455, 0.45682752450273306, 0.5579206503042061, 0.20914041938067712, 0.698378379127621, 0.526153161217985, 0.5258688319782788, 0.9837065488347719, 0.29177746458327913, 0.17809021248590085, 0.5241845061852113, 0.523683831222716, 0.7668578407639081, 0.009339648401551411, 0.5572249166286999, 0.4577359109809581, 0.5438230997710451, 0.3601094685803296, 0.9939618086041261, 0.4451230726495162, 0.55977239221394, -0.11089038523079202, 0.5732766034763094, 0.5552736026059064, 0.5732766034763094, 0.8938044649047299, 0.38913257909718485, 0.9029921010943849, 0.86788626478362, 0.6503287469648921, 0.20061318059262367, -0.01193172220461611, 0.05748515216143776, 0.4238301839130512, -0.07236874069395167, 0.5152133704999585, 0.44937872175091886, -0.07239073304054647, 0.6893298267129108, 0.643575444965543, 0.4838337574387916, 0.6498342143553899, 0.7129553864048441, 0.6498342143553899, 0.33151479928191097, 0.5435598352212968, 0.6428276891982522, 0.5435598352212968, 0.5607368030418849, 0.6214929169582974, 0.6618325054623059, 0.7336138652080685, 0.6618325054623059, 0.204441803899133, -0.08411072957937746, 0.22380504980005844, 0.14714381806923477, 0.22341404648126778, 0.26252200219363986, 0.39590902595172156, 0.26252200219363986, -0.17282264343110482, 0.4393649780323746, 0.8078199228125666, 0.5246563888639465, 0.7294659840512935, 0.0786462202558342, 0.5058497446726937, 0.5059279228001876, 0.5058497446726937, 0.6304571958637643, 0.6304571958637643, -0.28757250720117794, 0.7169508553063799, -0.22792831038169875, -0.5445431385609956, -0.3883916720340696, -0.39203886830447104, -0.3914787278220114, 0.012588442725576047, 0.024436392550644562, -0.2598258469257977, -0.5272530459580285, -0.1352132328370534, -0.22613273004798812, -0.20920390399997726, -0.02626306796982715, -0.02996206273056021, -0.447991788382472, 0.010458861916430747, -0.21931738851727095, -0.48227296282394433, -0.112826895152853, -0.3571206633401128, -0.23294185858720545, -0.3571206633401128, -0.4279719073965137, -0.5050370340445085, -0.5050370340445085, -0.23957607907803538, -0.23957607907803538, 0.3253127001697688, 0.13504531983998014, 0.24418987680764567, 0.4885703935687349, 0.21670379480739477, -0.3060830765897475, -0.037141360733240515, 0.4466618193732938, 0.561271558614886, 0.4466618193732938, -0.04240868462725776], [0.9997009206351081, 0.9992169755744921, 0.5639256918269022, 1.0, 0.9986322576948589, 0.9997009206351078, 0.992440384111828, 0.9884860101321012, 0.993437949157732, 0.9708841472513551, 0.9870913457671946, 0.9924727264060247, -0.13460414866332862, 0.9925099549987086, 0.9925499102211177, 0.9951568976533443, 0.43900183854407215, 0.9933355314552572, 0.9933230682964268, 0.9843326124322032, 0.9924517490193435, 0.43709981631835243, 0.6684535707394096, 0.9808244001911307, 0.9808017751258697, 0.9708275869314998, 0.30195120900839795, -0.1295783622749404, 0.9895651579833734, 0.989534301456273, 0.2678234367663924, -0.2046325583036335, 0.9945627099744867, 0.9957168676832905, 0.7705728689337443, -0.39596851064118, 0.9912277226707308, 0.9957182274419508, 0.9949140399136509, 0.42096544887799786, 0.9921382559055469, 0.99463641187752, 0.9921382559055469, 0.8867452411095272, 0.6575636416715529, 0.8729327651371102, 0.8759335780092581, 0.7700376315803764, 0.3828475353996299, -0.13821713996810775, 0.18504234939839928, 0.9396293877018848, 0.44661215164604523, 0.9726000182049991, 0.9682777144382049, 0.8903501553480624, 0.9017342163739545, 0.9178333701012659, 0.9034340399109109, 0.9099342831383939, 0.9110216254402004, 0.9099342831383939, 0.8336082132825793, 0.8924090013452964, 0.8936051749191666, 0.8924090013452964, 0.8911454881055629, 0.6660370944788727, 0.8262605227307104, 0.8279242352596606, 0.8262605227307104, 0.6080950318972991, 0.10140311829957889, 0.5828343834236676, -0.5999589173823425, 0.48356129388451, 0.285907386346659, 0.5134308011309449, 0.285907386346659, -0.10795236703627135, 0.8759853238322818, 0.9038512366157214, 0.8862512319352613, 0.8894039425293069, 0.43643352357517284, 0.8741687687446015, 0.8755436867051196, 0.8741687687446015, 0.8672133555238207, 0.8672133555238207, -0.1674519297469318, 0.5754591976490111, 0.19743528302284327, -0.5705547055152701, -0.5702957077165183, -0.573863999256603, -0.052121402087011784, 0.05111017460046927, 0.2528515845306761, 0.12426122063232535, -0.39632007229058186, 0.049706860636128745, -0.7993423533038654, -0.21800081132589366, 0.10996275164217832, 0.11027265069889268, -0.5480799912840406, -0.6022378276311057, -0.21337122505911243, -0.49864692047657744, -0.8316800218769652, -0.3503819891689082, -0.3419745206571255, -0.3503819891689082, -0.1933265625085121, -0.26638972936182637, -0.26638972936182637, -0.8179633323850208, -0.8179633323850208, 0.38534255492955155, 0.6453357780896031, 0.8654751134181982, 0.8443269282406944, 0.7818997758711794, -0.2614087362559331, 0.758458087827973, 0.7992963637348718, 0.7995860428074633, 0.7992963637348718, -0.22050622028153227], [0.9974713712785924, 0.993762852500399, 0.45341139830036625, 0.9986322576948589, 1.0, 0.9974713712785924, 0.9967708909220284, 0.9947941600683567, 0.996957454472005, 0.9604637155165531, 0.9953319834948932, 0.9967894534052865, -0.3453933265848626, 0.9968204820975606, 0.9968455329385063, 0.9978621001035962, 0.24405321890321216, 0.9973641927816832, 0.9973582104804491, 0.9860750044937463, 0.9967761587706709, 0.06951233711499762, 0.6286223085224563, 0.990552767315831, 0.9905082293962719, 0.9846039093802326, 0.0491029813450875, -0.1149098013083442, 0.9877398711644303, 0.987675833476625, -0.048789143316837716, -0.10260067393337502, 0.9977113198598535, 0.9976488036468084, 0.7468868650238911, -0.538595431763091, 0.9971350167280115, 0.9979018960232078, 0.9979984175790874, 0.22028801443689275, 0.997667426814814, 0.9976687848117984, 0.997667426814814, 0.9020426679704427, 0.6183817442023085, 0.8949462487273732, 0.8798948643406873, 0.7362435583052149, -0.0989014307044206, -0.5797829217236085, -0.23680448644489624, 0.9248491137650339, 0.3018958334665518, 0.9660730440338433, 0.9661539552061666, 0.8843049882989054, 0.8790458032291192, 0.9030951810853226, 0.8881926010096645, 0.9011742185958813, 0.9016060269118777, 0.9011742185958813, 0.8031226121733623, 0.8341954198906903, 0.8355749580874018, 0.8341954198906903, 0.8777534407078731, 0.769218949535906, 0.8574917358502965, 0.8585034767661126, 0.8574917358502965, 0.5585706558688499, 0.4221499287203951, 0.5416049136740532, -0.6451684238564127, 0.5381817714481216, 0.5151925064056426, 0.5147161427904684, 0.5151925064056426, -0.1283768984985423, 0.8545055125228497, 0.8725527866364625, 0.8580241657881393, 0.8942978593863082, 0.2932577425312669, 0.8558319758944913, 0.8571703925299337, 0.8558319758944913, 0.8639571553331266, 0.8639571553331266, -0.21087508659624732, 0.6353960631121386, 0.05071281612232773, -0.6058954716910135, -0.6283179689063311, -0.6287178470986953, -0.08851988837105093, 0.07274155830810954, -0.14670258139810932, -0.1289149835427463, -0.4837462101025406, -0.3238925074705614, -0.8635643641594706, -0.5172834923178967, 0.07551070984561872, 0.07565379387776086, -0.5789959004689285, -0.5937068839194606, -0.5124323307809225, -0.5421889357787768, -0.799186616211186, -0.5687586333055116, -0.5713678468421033, -0.5687586333055116, -0.23770552479014956, -0.30547110445809217, -0.30547110445809217, -0.7652228378507664, -0.7652228378507664, 0.3648139254465192, 0.6236222485686839, 0.814825692033312, 0.7892449836931936, 0.7688164863611099, -0.40056828255185895, 0.6073474981710764, 0.6896521744876026, 0.6900789326761056, 0.6896521744876026, 0.013526611885075486], [1.0, 0.9999831161027641, 0.5703400971015397, 0.9997009206351078, 0.9974713712785924, 1.0, 0.9908379767670821, 0.9864015542074066, 0.991488182805739, 0.9731184258992442, 0.9820786170974283, 0.9908825256319259, -0.13022514044907063, 0.9909476990300456, 0.9909894529656164, 0.9935764336357306, 0.4532592938764597, 0.9919591998386416, 0.9919445148381507, 0.9838985980433456, 0.9908696696305974, 0.4458798079533467, 0.6650490443060961, 0.9778570401478179, 0.9778340981635617, 0.9604720944337376, 0.30687363689663, -0.1222590010852353, 0.9898330529599405, 0.9897918227537997, 0.27626484305533405, -0.20380057700253387, 0.9937628234293292, 0.9946316389550953, 0.81116885828775, -0.39020001741669846, 0.9875585543080257, 0.994390253172913, 0.9942885354106052, 0.43559242032447576, 0.993949807081542, 0.9939363074988343, 0.993949807081542, 0.8883550831261486, 0.6703665782975162, 0.8646689055264286, 0.8794119491059166, 0.7927512120195845, 0.38839829382658886, -0.13219009591055994, 0.1916121192432656, 0.9454391254088133, 0.4627883247187903, 0.9769255653253714, 0.9711197948399066, 0.9146593036329455, 0.9106962283927883, 0.9328927933098021, 0.9085507612091787, 0.9296624625842984, 0.9304464355133951, 0.9296624625842984, 0.8435951040284233, 0.9060926572793586, 0.9071807548793662, 0.9060926572793586, 0.8956098641614357, 0.7336082354113324, 0.8705978094857709, 0.8722242831021262, 0.8705978094857709, 0.618255867279942, 0.30837829436602515, 0.5949854699724159, -0.5947616250814572, 0.49024855533686945, 0.5442466440418307, 0.5456261981051123, 0.5442466440418307, -0.10098297606022746, 0.8828213658149029, 0.9146455568809935, 0.8963998535850695, 0.9161626260016232, 0.44985011406051256, 0.8800034139242925, 0.8812100559179729, 0.8800034139242925, 0.8895886098692813, 0.8895886098692813, -0.1611427453358801, 0.5480599388721829, 0.19270489225983753, -0.5597161307073448, -0.56238232094416, -0.5660460874354418, -0.0393589370006195, 0.056732412005635925, 0.2601199865540079, 0.13719541618433362, -0.383284110800658, 0.056450282156701094, -0.7924814707415411, -0.20985769974833773, 0.12124577995889116, 0.1215100903330382, -0.5404546139321516, -0.6053695989142232, -0.21152091401018644, -0.4861372838803516, -0.8291852457846931, -0.3484501292368341, -0.3394759440804951, -0.3484501292368341, -0.18370255378971012, -0.25599397209511476, -0.25599397209511476, -0.8176363044093412, -0.8176363044093412, 0.39913464434351614, 0.6574034922186995, 0.8730412051778502, 0.851834117310727, 0.7892213815934268, -0.2476437358807638, 0.7673449699576455, 0.8078765267091135, 0.8081586269703238, 0.8078765267091135, -0.23572051421395332], [0.9908379767670821, 0.9780496221334759, 0.559013793758802, 0.992440384111828, 0.9967708909220284, 0.9908379767670821, 1.0, 0.9971940695539926, 0.9999681233334042, 0.9515502394144337, 0.999591796847067, 0.9999961735041203, -0.14813556691578636, 0.9999924677357452, 0.9999223445274994, 0.9941751095220448, 0.3896732078091744, 0.9998370646194388, 0.9998371876278572, 0.9885265505580211, 0.9999963689656813, 0.343418411535119, 0.6695364973665795, 0.9842808522820566, 0.9845181267449888, 0.985915950933597, 0.223518588558849, -0.18849876626344766, 0.9921408591523417, 0.9918682794860751, 0.16738286004316769, -0.2548625620588725, 0.9992938825190966, 0.9993856665953842, 0.3520164952404889, -0.3283432846701359, 0.9986867194370602, 0.9992982632158307, 0.9982563148798083, 0.37010606916851896, 0.9317407440858213, 0.9990215619217221, 0.9317407440858213, 0.9106036663904138, 0.6218359863732776, 0.917731913626352, 0.8893041179174542, 0.6894989817487122, 0.41413655798490273, -0.08090199300427867, -0.2112680462285166, 0.923349641245973, 0.4050085102914286, 0.9682801141314916, 0.9611835975962242, -0.0831849121397083, 0.8289612073876033, 0.802014341621334, 0.8492442922871533, 0.7953304226170149, 0.7629125147683207, 0.7953304226170149, 0.7590586044848118, 0.7628121768135145, 0.7611596777581182, 0.7628121768135145, 0.8362653374388664, 0.308640704202478, 0.5254623785165793, 0.6082095856087307, 0.5254623785165793, 0.5260163721989733, -0.36170384060461075, 0.48738385348379604, -0.6631444604881854, 0.404956379582355, -0.12912845124851557, 0.36929720202820193, -0.12912845124851557, -0.15230981995396617, 0.8117123958093619, 0.8209696532094205, 0.810219960025445, 0.7355565422744476, 0.3859885618468704, 0.8148436269543741, 0.8167999879182961, 0.8148436269543741, 0.722663967882495, 0.722663967882495, -0.2479364073570599, 0.685764495480645, 0.25218991616422287, -0.589149210406896, -0.6135374945905543, -0.6166251592034276, -0.10414950720864745, -0.0012934600575740757, 0.35662061177677673, 0.08518420830970916, -0.4236953423046625, 0.10069259229456694, -0.8266710517772373, -0.12196794050589396, 0.03806098033354851, 0.03844488258411701, -0.5941317412695358, -0.608119765862142, -0.053239524889935816, -0.5793714152124899, -0.844022259876547, -0.3469370185328833, -0.17338992235578152, -0.3469370185328833, -0.27341862955555185, -0.31659529500414646, -0.31659529500414646, -0.8374617915988407, -0.8374617915988407, 0.3621026461044777, 0.6007757787847506, 0.49751062067533075, 0.80710131133785, 0.7582983367339822, -0.3197980296515591, 0.0595978190827462, 0.7636109987713764, 0.7823475002638105, 0.7636109987713764, -0.14494228860884834], [0.9864015542074066, 0.9690949746004278, 0.5473842891002181, 0.9884860101321012, 0.9947941600683567, 0.9864015542074066, 0.9971940695539926, 1.0, 0.9994691136626489, 0.9431733277937391, 0.9982869179932798, 0.9979950464525804, -0.1575374202807093, 0.9990089751126822, 0.9987153559281241, 0.9868559271144277, 0.3675593057642846, 0.9990607530324769, 0.9990624609719222, 0.9855970576380584, 0.9991697225679962, 0.31611702764537775, 0.668792816326044, 0.9918778613033458, 0.982204944558837, 0.981585942289596, 0.20368402581232445, -0.20354807363751093, 0.9884221742104953, 0.9918335154646553, 0.14684634807126964, -0.26188670665742814, 0.9981394909428504, 0.9980401829781855, 0.33109739252544873, -0.3358929582560894, 0.99610167324927, 0.997873630636288, 0.9976017072932777, 0.34750068681456076, 0.922886491177122, 0.9979711168281414, 0.922886491177122, 0.9079539632103778, 0.6058280822052299, 0.918161107400947, 0.8850376786268729, 0.6617856987926892, 0.4005533018851783, -0.09680039148293511, -0.22506863056342702, 0.9139526809857822, 0.3837855528572141, 0.9634376852054317, 0.9555012650895678, -0.09422167367505634, 0.8139650208312947, 0.7832549083540029, 0.838839163870371, 0.7777984484849029, 0.7492170727744264, 0.7777984484849029, 0.7439643804239539, 0.7414535526224546, 0.7462469206565112, 0.7414535526224546, 0.8261395412361171, 0.28663776071417885, 0.502147188418628, 0.5898707740762923, 0.502147188418628, 0.5104706695733, -0.37777787394500245, 0.4699866203917162, -0.6724521466040018, 0.3949162184846387, -0.15311832089177257, 0.35078041306600866, -0.15311832089177257, -0.15973250543319548, 0.7994842226257405, 0.8014059507684846, 0.794191351486669, 0.7192113372453686, 0.3684849235694462, 0.8032697519243585, 0.8054551466787445, 0.8032697519243585, 0.702161683238969, 0.702161683238969, -0.26514874063500876, 0.7158562249813708, 0.2602844601821266, -0.5992987845267177, -0.6278062975249334, -0.6306934082079564, -0.12004157827886804, -0.010228967549282916, 0.3496892275287599, 0.06532901583576993, -0.4375092427683841, 0.09125929106503888, -0.8338357215098677, -0.1286047034581984, 0.021066849555294125, 0.021467784300545724, -0.6071465041997947, -0.6095241445117521, -0.06024360817343085, -0.5984418985914474, -0.844534113874165, -0.3592593421713375, -0.17978544614126565, -0.3592593421713375, -0.2927872536808987, -0.33163542385627437, -0.33163542385627437, -0.8363547933727223, -0.8363547933727223, 0.33823289364992015, 0.5823643316217023, 0.47766200700908196, 0.7885025373308815, 0.7446085526994132, -0.3432945893687051, 0.044614264571034, 0.7437385449652354, 0.7661214343907359, 0.7437385449652354, -0.12692402635171646], [0.991488182805739, 0.9778300862734991, 0.45885489282944736, 0.993437949157732, 0.996957454472005, 0.991488182805739, 0.9999681233334042, 0.9994691136626489, 1.0, 0.9503104262977569, 0.9995383309826038, 0.9999690414796184, -0.3206374065229465, 0.999973559299502, 0.9999347489309538, 0.9981167778746862, 0.2830747717567446, 0.9997790160318105, 0.9997796127929568, 0.9883223268497813, 0.9999659804817876, 0.11772076661526146, 0.6267872516963794, 0.9941544052346436, 0.9940994963096901, 0.9856985270785229, 0.031536364928656635, -0.128356372435994, 0.9906663666652108, 0.9906297540636007, -0.03074501385625047, -0.21554901368742047, 0.9993150124284332, 0.9992730756337926, 0.7589405989737615, -0.5279678231284142, 0.9985969903037848, 0.9992775497279652, 0.9991813959631312, 0.26000923292452155, 0.9991566887440745, 0.9991620863621968, 0.9991566887440745, 0.9106019361646394, 0.6228211147526971, 0.9173436693465141, 0.8886206945474291, 0.68883887165826, 0.008662426783845736, -0.5256785528925572, -0.1861405843193713, 0.9185093559063361, 0.35376102618488914, 0.962357551407694, 0.9614227310912525, 0.8556532047964581, 0.8296536377438509, 0.8754166446477569, 0.8500233547198165, 0.8735549523185867, 0.8743013094004433, 0.8735549523185867, 0.7579376538161227, 0.8153715823321457, 0.8170971569951626, 0.8153715823321457, 0.8375917163010316, 0.7290314631933235, 0.826130289376734, 0.8276188656512304, 0.826130289376734, 0.5251018918332879, 0.34604580589719086, 0.48623523805437197, -0.691986448980329, 0.46391411127866977, 0.4275492673097637, 0.4275915021606646, 0.4275492673097637, -0.10876277152939706, 0.8120645243282505, 0.8206977933593885, 0.8103685307834516, 0.8662998378208855, 0.31229765709907065, 0.8208481258752984, 0.8232573107848504, 0.8208481258752984, 0.8289782603458957, 0.8289782603458957, -0.25024330826960306, 0.6863247873822133, 0.0759021958900192, -0.6015121009205107, -0.6550236929583025, -0.6558745920474158, -0.10782762995106011, 0.0009080498883146119, -0.15388858017402102, -0.09937351016284211, -0.4718441062375147, -0.3549890734683657, -0.8778619995859979, -0.5562302971893858, 0.036586297024849966, 0.03751076508262631, -0.5960700520671816, -0.6042105784348748, -0.522044948496404, -0.5815498813133716, -0.8191825396353316, -0.5924623234165383, -0.5945173022532255, -0.5924623234165383, -0.2759300498508395, -0.32020521733822643, -0.32020521733822643, -0.7988474934149108, -0.7988474934149108, 0.36296140852326453, 0.599568617029771, 0.8225408830563978, 0.8010538116094305, 0.7567734318461536, -0.3486450037298484, 0.6409108521709489, 0.7106998345724275, 0.7108596511835108, 0.7106998345724275, 0.09698824441211422], [0.9731184258992442, 0.9586129235708121, 0.3991186272170216, 0.9708841472513551, 0.9604637155165531, 0.9731184258992442, 0.9515502394144337, 0.9431733277937391, 0.9503104262977569, 1.0, 0.9241041854562076, 0.9515864625235496, -0.26036341557190446, 0.9512401939742005, 0.9504968017205946, 0.9521948842694004, 0.09049592478954123, 0.957186386928379, 0.9571623939415822, 0.951730732228279, 0.9517219160295622, 0.04587577281478157, 0.6754904117835687, 0.9534973576098202, 0.9537130520549494, 0.8257398665567985, 0.13275386295662336, -0.11045516946865416, 0.9601068473150233, 0.9602394754183887, 0.11497769584864184, 0.05448021396380263, 0.9615394738870608, 0.961825889477367, 0.8530353201615266, -0.4519245570193902, 0.935857696969525, 0.9606939481257405, 0.9621411215449248, 0.06778026240113583, 0.9629208387152788, 0.9628841277753697, 0.9629208387152788, 0.7828893084865594, 0.4180044679517607, 0.7445829576056721, 0.8590090237550086, 0.8321038780961494, -0.5540628617355378, -0.6862757271895128, -0.3052052265877929, 0.8680480453589046, 0.07110595098851528, 0.9024124179056767, 0.9024625406125127, 0.8597753171761026, 0.8540106237664087, 0.8853215189776473, 0.8628917785896353, 0.8772373426437673, 0.8780656920229213, 0.8772373426437673, 0.8027643447075079, 0.781164252370076, 0.7832845781715686, 0.781164252370076, 0.855015562325441, 0.8750646170750119, 0.8531603898166195, 0.8539483159697057, 0.8531603898166195, 0.6243167698986943, 0.5440047552279715, 0.6255591850613303, -0.41219497390331583, 0.646470398436952, 0.6673757992496216, 0.670486546454334, 0.6673757992496216, -0.2661931260027699, 0.859897783116296, 0.9207115142590252, 0.8779283967083259, 0.876009967293664, 0.1870934346079975, 0.8519576163755289, 0.8533059742274932, 0.8519576163755289, 0.8636852401730717, 0.8636852401730717, 0.01207995212269038, 0.2897368181260484, -0.09173502103837959, -0.5097072247616443, -0.4006250030537906, -0.40256887129413743, 0.05859290280696718, 0.38701395044519005, 0.0968598597573716, -0.03391704746323877, -0.35899368099477347, 0.002578348677827764, -0.8116199108118222, -0.15911200673416098, 0.27563556126179733, 0.27471496097655235, -0.36012422475257433, -0.43881110700289605, -0.3150372203885191, -0.3206340530047962, -0.6853302927126569, -0.33623184930345235, -0.3382140737099037, -0.33623184930345235, -0.06542488978360647, -0.3536189761866348, -0.3536189761866348, -0.5385723326228538, -0.5385723326228538, 0.5676276513093871, 0.671867998287838, 0.7602480194783883, 0.6704860954596817, 0.8378175653764439, -0.4448200127776587, 0.3860379213129167, 0.5621578916529926, 0.5624405239000383, 0.5621578916529926, -0.22943008748158816], [0.9820786170974283, 0.9799936762863322, 0.996650771319601, 0.9870913457671946, 0.9953319834948932, 0.9820786170974283, 0.999591796847067, 0.9982869179932798, 0.9995383309826038, 0.9241041854562076, 1.0, 0.9995887429121372, 0.999584999263391, 0.9995399175595138, 0.9995767152328344, 0.9985661645613656, -0.38053093464555626, 0.9997360518692587, 0.9997400184125704, 0.9995960757345541, 0.9995959346379616, -0.26861567740580794, 0.9619182373425201, 0.9924612915376834, 0.9924345338774552, 0.9889132965269691, 0.016719583330715073, 0.07884889622181893, 0.989309013621003, 0.9893638085629182, 0.9717571967934313, 0.010744980560425645, 0.9987112853238529, 0.9986544016037165, 0.9984626706703833, 0.9992450596355017, 0.9991990016254659, 0.9987111017529093, 0.9984967286881234, -0.390936535766863, 0.9984014821246131, 0.9984125978540088, 0.9984014821246131, 0.9042082294024512, 0.47782187845334734, 0.9129343297837538, 0.8864446131399804, 0.6902796816694374, -0.537726796731981, -0.6590759820311912, 0.7933463233542221, 0.8060484589562305, -0.29121731478451734, 0.9213526922543569, 0.9215521889067535, 0.8535332696972844, 0.8633878585964059, 0.8299431855479885, 0.8325835545195268, 0.8392390026186436, 0.8401845041963971, 0.8392390026186436, 0.663425285092225, 0.6177993095165042, 0.6204550798867232, 0.6177993095165042, 0.8643174096341211, 0.8734709764381215, 0.8628188045490042, 0.8643088924462901, 0.8628188045490042, 0.31175611318308855, 0.24204767768608765, 0.37020517409597614, 0.49397315797074115, 0.36401108407664373, 0.41262593283265414, 0.4153174262633449, 0.41262593283265414, -0.41299675547772596, 0.773876348382104, 0.8251191321434023, 0.8048872660158729, 0.8624916810412068, -0.13979409574154664, 0.7666587723819708, 0.7672124972638762, 0.7666587723819708, 0.7812516751568834, 0.7812516751568834, -0.31114962132832275, 0.6775061378191513, -0.40221647503818025, -0.6942789221941483, -0.5481924000794848, -0.5504559727256512, -0.36757232727765743, 0.15395239044361556, -0.2740062537697921, -0.445945300525252, -0.6384126645453344, -0.35093766631330287, -0.6234917221111279, -0.4166926971947978, 0.02440309622868538, 0.020579288038833497, -0.5647675786186044, -0.5297926279711304, -0.5485429532195054, -0.5825864225430688, -0.5768911862016877, -0.5518287281135119, -0.5547648618649123, -0.5518287281135119, -0.43982343276505703, -0.6045877443598467, -0.6045877443598467, -0.6065756327669946, -0.6065756327669946, 0.35806250317861277, 0.3552076695375504, 0.4699177139896477, 0.5526640211958762, 0.5509036440635228, -0.5516799889685523, 0.2957975397979291, 0.3150067278907965, 0.31517609808954017, 0.3150067278907965, 0.22077422096909755], [0.9908825256319259, 0.9780974455837824, 0.5590269077041093, 0.9924727264060247, 0.9967894534052865, 0.9908825256319259, 0.9999961735041203, 0.9979950464525804, 0.9999690414796184, 0.9515864625235496, 0.9995887429121372, 1.0, -0.14780426955708084, 0.9999943505462242, 0.9999273709235705, 0.9949900047323563, 0.3897734680531908, 0.9998385128325419, 0.9998386117155255, 0.9885712344441593, 0.9999970145053597, 0.3437529167864483, 0.6696025629364009, 0.9897323788666154, 0.9845063571171535, 0.9858968183889741, 0.22379603574762258, -0.1884464765318106, 0.9921422576250281, 0.9918821156874308, 0.16762719519714894, -0.25483604687505507, 0.999296460422781, 0.9993905064052424, 0.35198444609472834, -0.3281242971477064, 0.9986888386672385, 0.999307167479644, 0.9982605440753904, 0.3702132799928245, 0.9317225590454169, 0.9990248820969692, 0.9317225590454169, 0.9106470001093764, 0.6220035394023898, 0.9179806045650011, 0.8895458242181181, 0.6896637114240011, 0.41454949582668554, -0.08042918110452499, -0.21088625383529083, 0.9234397349460239, 0.4051096430251346, 0.9683807238334037, 0.9612591403949562, -0.08298882214127114, 0.8291160699108062, 0.8021228461514502, 0.8493610943083663, 0.7954362772569824, 0.7628502566668297, 0.7954362772569824, 0.7591320500645965, 0.7628741670600043, 0.7610925693987018, 0.7628741670600043, 0.8364233831189413, 0.3085031603870558, 0.5254691563482273, 0.6081149823565586, 0.5254691563482273, 0.5259521360189969, -0.3617278146125727, 0.4873326168092736, -0.6630397244825292, 0.40483250615764754, -0.1292646862613466, 0.3693356991417162, -0.1292646862613466, -0.15246199627273826, 0.8117816181155371, 0.8211048246624466, 0.8103130805939158, 0.735547387080059, 0.38609826255422836, 0.8149271192680804, 0.8168783810051348, 0.8149271192680804, 0.7227414702038699, 0.7227414702038699, -0.24793089890815204, 0.6857711956675046, 0.25231185469365947, -0.5891431391204859, -0.6134516882562002, -0.6165451613185344, -0.10422729985603285, -0.0014517025081775788, 0.3568018926258665, 0.08522094432903926, -0.42371607345517565, 0.10096607692751888, -0.8263949245632919, -0.12166270662066857, 0.03809358887105783, 0.03849332546007052, -0.5941203780145433, -0.6079394204794997, -0.05297645356694838, -0.5793533998080985, -0.8439135830158614, -0.3466973236583683, -0.1731706596585783, -0.3466973236583683, -0.27327324839491046, -0.316551137789251, -0.316551137789251, -0.8374105343817654, -0.8374105343817654, 0.36262647952070476, 0.6009389651493812, 0.49777019498539543, 0.807373933662092, 0.7583987288275549, -0.31956094343481073, 0.059891702954665636, 0.763875679003496, 0.7824741307762061, 0.763875679003496, -0.14496818747096624], [-0.13022514044907063, 0.9780572090481671, 0.5147711623140427, -0.13460414866332862, -0.3453933265848626, -0.13022514044907063, -0.14813556691578636, -0.1575374202807093, -0.3206374065229465, -0.26036341557190446, 0.999584999263391, -0.14780426955708084, 1.0, -0.14717845126130025, -0.1434962061273607, -0.11917489008152475, -0.2931814224524277, -0.1486235626326771, -0.14911039132066062, -0.2709263156460911, -0.14870602825657442, 0.02569899224340296, 0.3091103612746742, -0.18204742902647875, -0.18238589870376595, 0.9858757966786665, 0.2482782466777499, 0.18646764693604134, -0.18444525363935352, -0.18506352851217148, 0.5373289543716091, 0.12073719703427732, -0.1459126851609975, -0.30567762408069027, 0.16735804229973933, 0.9597041674363969, 0.9986870849263995, -0.3374129655156294, -0.14106476726613842, -0.2830723663176678, -0.14625507039333624, -0.14712964293417735, -0.14625507039333624, 0.9107271709569698, -0.11831181929333627, 0.91795344973131, 0.8894897088724352, 0.689650015349559, 0.08419766880848448, 0.25432552373690526, 0.6445620389244162, -0.2662720686538448, -0.2969443367611977, -0.06495611918133613, -0.3009885709239284, 0.029902950050905003, 0.27738375143367294, -0.0188240906724913, -0.30283339117888664, -0.016655934646926055, -0.006795901234093024, -0.016655934646926055, -0.40984607737136297, -0.1043582900779714, -0.10652470042049265, -0.1043582900779714, -0.2013805132464713, 0.07206288898351085, 0.048646793734743336, 0.048599138749996745, 0.048646793734743336, -0.40880879922842556, 0.006968888601882101, -0.3727163216480508, 0.6213783300215691, -0.34137083026852183, 0.00868008292553747, -0.058823517800696425, 0.00868008292553747, -0.30674005854285186, -0.3372254041699434, 0.8210788141984741, -0.1157439067266547, 0.016530883667653335, -0.22015136582784395, -0.2597700325301749, -0.2592707144550392, -0.2597700325301749, -0.0249371511664597, -0.0249371511664597, -0.2276923813788179, 0.6856996807044687, -0.16227618427860435, -0.0194723423359522, 0.19735545250105654, 0.19590827887849863, -0.2518426179727302, -0.008991228653056689, 0.01978413205610719, -0.17427454116669908, -0.11170821772773766, 0.04165398963987815, 0.38468126472956005, 0.11393430828630101, -0.040215221018934266, -0.04413669959073358, 0.08563301654304889, 0.5703048052992414, 0.09199264426771657, -0.19392163446961494, 0.6129735309355117, 0.09609981033054696, 0.10410792861326168, 0.09609981033054696, -0.23853294287681595, -0.19677202792122153, -0.19677202792122153, 0.3233184897590035, 0.3233184897590035, 0.36273680248886786, -0.25181556312132936, 0.017776022104677876, 0.0916509308784092, -0.2479625738010566, 0.07236879614258246, 0.1541154194967216, 0.10527629703766776, 0.10520526661439968, 0.10527629703766776, 0.12570870632450784], [0.9909476990300456, 0.9778755845734138, 0.5593584366360431, 0.9925099549987086, 0.9968204820975606, 0.9909476990300456, 0.9999924677357452, 0.9990089751126822, 0.999973559299502, 0.9512401939742005, 0.9995399175595138, 0.9999943505462242, -0.14717845126130025, 1.0, 0.9999387480427313, 0.9975112139901869, 0.3898916025520721, 0.9998415703121314, 0.9998415842584915, 0.9887320322526457, 0.9999943632165585, 0.3444447287795551, 0.6694430266739431, 0.993242455719915, 0.993130417926173, 0.9857759027814386, 0.22408679935630688, -0.1884917069612669, 0.9928862095522633, 0.992931372710393, 0.16842637262110338, -0.2546641032824836, 0.9993469697224499, 0.9993896178899272, 0.3509165833472107, -0.32725821650879905, 0.9986263544825872, 0.9993103747294744, 0.9985640692208252, 0.37035677863281313, 0.9312039908744325, 0.999081257134422, 0.9312039908744325, 0.9109309708492078, 0.6227458917530765, 0.9183404709064753, 0.8899130403962497, 0.6893485096386365, 0.41597483669110774, -0.07879979223199268, -0.21109078165602171, 0.923842228351617, 0.40540197489044083, 0.9688041802231737, 0.961628119053879, -0.08402565827068731, 0.8293969913242457, 0.8020425713560011, 0.8496229843156126, 0.7953971601008142, 0.7624480290343443, 0.7953971601008142, 0.7593275371159941, 0.7628287952442658, 0.76151524373659, 0.7628287952442658, 0.8367755549132122, 0.3078089286672315, 0.5249463954451828, 0.6081474731505119, 0.5249463954451828, 0.5257792855861247, -0.36292018982232827, 0.4872306436935219, -0.6631947849611398, 0.4044323309415471, -0.13028857667383206, 0.36898142209519863, -0.13028857667383206, -0.15240470434231285, 0.8119175920518612, 0.8206979800958675, 0.8104097946368086, 0.7256793108531154, 0.38649180778810116, 0.8150525617980675, 0.8169927624083689, 0.8150525617980675, 0.7225456638674027, 0.7225456638674027, -0.2495996392660239, 0.6866859070135253, 0.25282754510749805, -0.5891241776902663, -0.6138431274058003, -0.6169413395664894, -0.10542616526570704, -0.0027352350484783545, 0.3571083148402454, 0.08475887098744816, -0.4239874297160335, 0.10104325621683484, -0.8255064526171113, -0.1215034641152545, 0.03702459799826375, 0.03741909320198165, -0.5947740049433072, -0.6082382553031815, -0.05238507264761132, -0.5807443480235001, -0.8439016797504343, -0.3466328385751467, -0.17260177983613723, -0.3466328385751467, -0.27430035813253684, -0.3170406928617621, -0.3170406928617621, -0.8377629675818611, -0.8377629675818611, 0.36279663880441015, 0.6006111092606129, 0.4972123336065022, 0.8078266850281814, 0.7578313920789509, -0.31907240211769905, 0.05920368554187971, 0.7642797380497695, 0.7830844488524954, 0.7642797380497695, -0.14463887028687208], [0.9909894529656164, 0.977162061850429, 0.5615103733825318, 0.9925499102211177, 0.9968455329385063, 0.9909894529656164, 0.9999223445274994, 0.9987153559281241, 0.9999347489309538, 0.9504968017205946, 0.9995767152328344, 0.9999273709235705, -0.1434962061273607, 0.9999387480427313, 1.0, 0.9976357104337787, 0.3887015876978822, 0.9997914243777721, 0.9997926335458769, 0.9886288202658906, 0.9999232044219935, 0.34508708609982774, 0.6710245952847959, 0.9925802375536067, 0.9838725719809885, 0.9858188976428333, 0.22503844843691426, -0.1876468740616973, 0.9919922608876638, 0.9920017690512347, 0.1711782680333823, -0.25540393395016053, 0.9993439656019543, 0.9992310978529422, 0.35079444601836085, -0.32306463495503124, 0.9985299494011206, 0.9992754491647599, 0.9985363129437728, 0.36919581380658106, 0.9301501775124158, 0.9990959630396926, 0.9301501775124158, 0.9092307221486943, 0.6226534923607109, 0.9164626959634691, 0.8877266803337716, 0.6862968677123781, 0.416509182389281, -0.07705436002461263, -0.21173780148676313, 0.9230367706494282, 0.4031551212183852, 0.9690499617762371, 0.9610679067855774, -0.08695332051466166, 0.8282648373314389, 0.8022775308629619, 0.8494590972258332, 0.7956308127780288, 0.7646639280473215, 0.7956308127780288, 0.75742400965741, 0.7621493927838094, 0.7625849889984673, 0.7621493927838094, 0.8369712293477714, 0.3077647483751311, 0.5245936919901281, 0.6095578724239126, 0.5245936919901281, 0.5245828781862534, -0.36524954738037013, 0.48538553166213294, -0.6608061149732225, 0.40278591289866417, -0.13137429391860705, 0.3692989835958728, -0.13137429391860705, -0.1558473486129805, 0.8114268906447833, 0.8197813345406838, 0.809740783515804, 0.737470565336901, 0.38640484266300545, 0.8146861994687898, 0.8169439367035373, 0.8146861994687898, 0.7226079906424254, 0.7226079906424254, -0.24994686579178457, 0.6884375890640199, 0.25284807007619625, -0.5905143758763445, -0.613853757915554, -0.6167466348164272, -0.1076187451960565, -0.00427854761576231, 0.35820506787647804, 0.08401526767318672, -0.42541282703950706, 0.10183844414792602, -0.8239756357007899, -0.12023139987844711, 0.03609096117099696, 0.03700704104873963, -0.5960642135165192, -0.603362961767297, -0.050845196479936856, -0.581640288020656, -0.841668200630812, -0.34596805797729996, -0.17133822673982352, -0.34596805797729996, -0.2745777857578695, -0.31987032956422107, -0.31987032956422107, -0.8355356788606182, -0.8355356788606182, 0.36045025122173463, 0.5982474278568302, 0.4952706293671479, 0.8084600065365362, 0.7561007657209595, -0.3201483177023537, 0.05714833022708322, 0.7648792713922973, 0.7843083161303094, 0.7648792713922973, -0.14403370652619543], [0.9935764336357306, 0.9855974212259849, 0.5975708745746778, 0.9951568976533443, 0.9978621001035962, 0.9935764336357306, 0.9941751095220448, 0.9868559271144277, 0.9981167778746862, 0