var element=document.getElementById("correlationAdjClose");if(element.style.display!='none'){var correlationAdjClose={"data":[{"type":"heatmap","z":[[1.0,0.9999944351780321,0.9861870061042143,0.9999322436725995,0.999161800282016,0.9837701368757996,0.9978686096115289,0.9962561504539146,0.9704913062378181,0.9964810934927051,0.994601772925229,0.9939365288307342,0.9963576065794072,0.9963900359177691,0.9962993003103201,0.9977092680276309,0.9980188807858099,0.9983408293097167,0.9968249648604985,0.9968372816303194,0.9968171203294625,0.9963248350741478,0.9880973418133752,0.9727828936070853,0.9905154497220946,0.9590800928320112,0.9896261129109531,0.9869321050105004,0.9702181191713392,0.9559468314592976,0.9926042262423845,0.993974705186951,0.9928965297505798,0.97904538060486,0.9977777856024929,0.9979189018804073,0.9975933934031316,0.9964359487242911,0.995595095268973,0.99780748018389,0.998682160313808,0.9987157918024929,0.9977529661087821,0.9977639537534904,0.9775824933405345,0.9223759456652691,0.9533184324619758,0.938002137801341,0.9379151753997576,0.916378872653368,0.9640856805942963,0.9509006843259006,0.9658936918064314,0.9680322310655587,0.957289321864381,0.9847019850356624,0.982358124539607,0.990923566296719,0.9943053810682579,0.9873773437875546,0.982515938922434,0.9882108068764413,0.98656667720597,0.988749384426938,0.9886177108894206,0.9574637843898489,0.9758249049429892,0.9766176617413106,0.9763764892895315,0.9465346881138988,0.981689562425468,0.9786577112599392,0.9858005728026537,0.985150554377413,0.9413048882633582,0.8973117388071592,0.8665790057768669,0.9123075678263126,0.9275852031683061,0.925346604754815,0.925720416528948,0.924490061954457,0.7204171361635076,-0.5434481478542514,0.9809032580939703,0.9760313255409967,0.9734923944475504,0.9880272545042812,0.9743326520145422,0.9845609254297603,0.9845595867890028,0.9446987921247897,0.9851949631946861,0.9479349194782253,0.7953289200470871,0.9163047955036099,0.9337256165921143,0.8174332243744216,0.9546590349841901,0.9553882926541382,0.9016346147256208,0.9673859758563054,0.8951607094793672,0.5858111636244253,0.7268505780375653,0.9023368792083162,0.8723503875124058,0.8936523789119746,0.9754390687446532,0.9755987215101918,0.7875149011962665,0.7497802243355206,0.8252351001460864,0.45005811344158864,0.8067703282109026,0.8293955503439556,0.8244993261526349,0.8172124074439112,0.7906960960920113,0.7552462332613237,0.7393954858420834,-0.2830544834229265,-0.42370079942518285,0.6887497471685322,0.890963548683373,0.9316897199315388,0.9411094379545178,0.9053496334003343,0.8277060964862054,0.9090017912756716,0.9252587076202564,0.925061610889347,0.8603813497203482,-0.15006975155661853],[0.9999944351780321,1.0,0.9895069633105464,0.9998507744284155,0.9982895180890893,0.9896796923678646,0.9942485501944958,0.9917738643745134,0.986729659716562,0.9917837845989643,0.9918065113681174,0.993254893095726,0.9918861573652835,0.9917798343548134,0.9918381436519983,0.993935967657609,0.9963228520880818,0.9958877468051195,0.993896065086732,0.9939033289060146,0.991829952609986,0.9918761303976352,0.9924499874658463,0.9769151146386267,0.9883044245534419,0.9838475973798779,0.988326068791645,0.9869215433150619,0.9819902521967592,0.939388116527145,0.9899072894181898,0.9877584834940197,0.9827254295718213,0.9411081757619264,0.9952788361935229,0.9952068308089418,0.9954158616752299,0.9922428116311727,0.9949922314407008,0.9954315688889188,0.9966826435318871,0.9968636322904634,0.9954249232489405,0.9954352781676026,0.9910043076125071,0.9219609055221334,0.8989837854183554,0.9377105076591652,0.9378455585456648,0.9163589723727675,0.8904336850102195,0.9313684091349709,0.8926664186269639,0.9211313578342719,0.8902626279083944,0.9586358345345936,0.9586211073236625,0.9721379993343747,0.985190854148848,0.9829833228809453,0.984632673064991,0.9793367255781248,0.9813479224017727,0.9807332948352914,0.9806223405865496,0.9440084064753024,0.9628295089587954,0.9375254458605887,0.9373878620582822,0.8675501092208687,0.9810072936356713,0.9822565897080848,0.9824489404438177,0.9820204466003081,0.9528909078659501,0.7967574944243867,0.7605123145804142,0.8511343361635446,0.9071861626589717,0.8662971685563552,0.8872327401670056,0.8861328610741395,0.7616122894812817,-0.15223093431297244,0.9708074431983574,0.9739035969330201,0.9705303115387703,0.9834269567274402,0.9672739858884134,0.9733964005817701,0.9727687779860801,0.9295740877045074,0.9748600901467632,0.9317668840904847,0.7261963185175018,0.9157998678993938,0.9152134210762168,0.5549268552812838,0.84785780465623,0.8519952088955791,0.7547094274049131,0.9676800890333089,0.7282385276650425,-0.30619793141755675,0.24091795700208124,0.754672324598958,0.7049845588094414,0.7475234777966757,0.9692237903091798,0.9692533663928267,0.1845880012146553,0.3567567929649828,0.19166621913046403,0.16326322122860332,0.1848240743546306,0.19843162512531426,0.19518009471485967,0.11622585970462329,0.5418531221062931,0.2752446971887961,0.22518946503776316,-0.4331528674286393,-0.4812190521575817,0.6878927989710331,0.7570291700982837,0.7807238553413861,0.8431042342016524,0.8201680324015584,0.5900711565007144,0.7667667330996808,0.7751447857518236,0.7740477232609811,0.433232311094306,0.23038393328632892],[0.9861870061042143,0.9895069633105464,1.0,0.9875057740609897,0.9933645537654603,0.9912839276402694,0.989610842148519,0.9903382816185997,0.9911024558216849,0.9929753602979544,0.9969343494601371,0.9960958181264934,0.9901935900321395,0.9923169373675824,0.9903937843657334,0.9898475695896145,0.9907963934012375,0.990003823299146,0.9890202868969311,0.9889915477389747,0.9918592114251892,0.9902181115823278,0.9950462842883154,0.9849803142230962,0.9910671074910936,0.9819758050887317,0.9916826097008961,0.9873937851844441,0.9870192919814539,0.9617882415544986,0.9695025778335409,0.9737287461496978,0.9774513597905438,0.9566767572596461,0.9869627389531012,0.9900608527205955,0.988438100077182,0.9919993848446076,0.9946820384656837,0.9908578221698218,0.984933703972336,0.987841434315169,0.987327092183954,0.9867024356410805,0.9925006018713101,0.9179336559891225,0.9371546018548188,0.9476408273965525,0.9305006562505406,0.8765369397379901,0.9222470554846357,0.9071514575320421,0.924997576905008,0.9312581592590471,0.9154603421612728,0.9503778187683032,0.9597084077064428,0.9676940363592831,0.9774193119667229,0.9430591151929861,0.9660381981741069,0.9655255025004049,0.9718920595379925,0.9657664663153963,0.9415553619181948,0.9236729790559688,0.9494990844712891,0.9399215303001526,0.9218950723122674,0.897114086772275,0.9723808976170722,0.9522091297282418,0.9653401800373024,0.9451248941484487,0.8388511873778919,0.8594173721578251,0.7776828356592813,0.8765963701137679,0.9006580034586457,0.9025552261918357,0.8699139708575028,0.8841318533403786,0.43669975307264763,-0.5300103781821689,0.9626110096856904,0.9499474866497165,0.9497601220639126,0.9430284976322223,0.9571267617205359,0.9651881211687319,0.9648070886767556,0.9330450760645308,0.9608586467888681,0.8846944633432934,0.7795678867455598,0.9548016745106594,0.9538935016541039,0.7977650304320952,0.942159766632109,0.9437715258821252,0.8743502699993912,0.9803892067526331,0.7753477451966143,0.49006100985541795,0.6708691832402907,0.7974216614359572,0.7994189000713966,0.7784969182398114,0.9824881417207548,0.9825041998491012,0.7178551232644726,0.6979729381131109,0.7107683292490936,0.3989656262095442,0.70783960747226,0.7154753967816656,0.7252936405520385,0.7150489304302654,0.7540050103591864,0.6910378587542325,0.6741673229489964,-0.3423194786486848,-0.4827240556574328,0.6566891532027859,0.8528241534256923,0.8786290616126431,0.8863905450572157,0.877464792662861,0.7609971731309864,0.8578421156544729,0.8680457701833727,0.8750330633103194,0.7344463393004823,-0.0727118632082183],[0.9999322436725995,0.9998507744284155,0.9875057740609897,1.0,0.9993937518473498,0.9848582319829433,0.9980961649379259,0.9966560734498037,0.9726139584965074,0.9969249675629177,0.9952840809882475,0.9948267466014122,0.9967403689528777,0.9968586629281129,0.9966987162401069,0.9979648898654748,0.9983355648860236,0.9985865830709217,0.9971741171437696,0.9971838704967309,0.9971942439320722,0.9967118283646095,0.9892379095499725,0.9741304483927365,0.9914264289786653,0.9615551944242006,0.9906388632554237,0.9886761557951481,0.9721200511512157,0.957100156790607,0.9919448789738959,0.9934961223948519,0.9928236657855612,0.9786353323802993,0.9978513644418603,0.9981073071573265,0.9978039805175226,0.9968704190759305,0.9960715420511419,0.9980280669679207,0.9985783391377162,0.9987903745820491,0.9978225423441948,0.9978303013555475,0.979325949747683,0.9189193180868117,0.951288097647427,0.9379814172948255,0.9360016394039802,0.9103000283161111,0.961227371171721,0.9477072157359943,0.9629474371040946,0.9656578841137361,0.9546056959857782,0.9826661921404792,0.9809113266037821,0.9900849944569424,0.9941023108127863,0.986069332810832,0.9814579877121642,0.9870792427521475,0.986010481396792,0.9875444324138032,0.9874061873053814,0.9487485551279831,0.9746639122333591,0.9752644815958895,0.9750196394417848,0.9419948792495875,0.9812596231440551,0.9760700270411806,0.984494248572387,0.9838112701627151,0.9231394564552483,0.8959359545305726,0.8630714478097626,0.9107283575162166,0.9250095044149208,0.9249131537430672,0.9234891379671384,0.9222972086667878,0.6350864871527974,-0.542944490456318,0.980137251747763,0.9748645610731572,0.972135142728799,0.9867225831577427,0.9736858027963173,0.9838713525419,0.9838673991286438,0.9443539427745835,0.9838975457626241,0.9347232483102276,0.7988906708222736,0.9212770166297433,0.937514708849141,0.8190246274661351,0.955875233180622,0.9566291704446891,0.9011650208593315,0.9685493607903805,0.8890450007143771,0.5821251853302734,0.7250956126947762,0.8968491415356428,0.8686420547958292,0.8878919753600345,0.9762305224274278,0.9763948933435932,0.7863064634814976,0.7499350923476724,0.8172844603515106,0.45170507510388996,0.8008661062415594,0.8211712304774749,0.8161994275386136,0.8117453511926931,0.7928355157118167,0.7550746456852713,0.7392978252819333,-0.27845501886818774,-0.4229757194248357,0.6880222553199956,0.8891299807465174,0.9297556206521486,0.9392291359338579,0.9041349373501166,0.8249139199997403,0.906934193299655,0.9229353536449312,0.9228851112706586,0.8532359985136372,-0.14299920540579963],[0.999161800282016,0.9982895180890893,0.9933645537654603,0.9993937518473498,1.0,0.98739743832596,0.9990169533945771,0.9985380367613058,0.9843708768708027,0.9985377194817212,0.9981338194459723,0.9980808590443001,0.9985581536184123,0.9985694044421516,0.9985698902005229,0.9990573085764042,0.9987924393417782,0.999251172986581,0.9988416557663659,0.9988437628270593,0.9986155598088048,0.9985574016907095,0.9948172214987052,0.9814714662747646,0.9951015983566935,0.9781043188353891,0.9951134211614673,0.9922145908033433,0.9842574372967557,0.9603185058818096,0.9893541551704838,0.9920044373373987,0.990295804129354,0.97124023885413,0.9988582094392241,0.9989197761997748,0.9989431629393722,0.9986600453513002,0.9985821825976791,0.998911882479564,0.9989293838829175,0.9991543241089611,0.9988721322208817,0.9988733563527628,0.9885081701525328,0.9282889556328795,0.9506160808273045,0.9457949610258924,0.9371035516732651,0.9059237465838866,0.949457082580401,0.9435525261668316,0.9536957607765761,0.9597956597006074,0.9483873218829542,0.9804981450955612,0.9804149081340904,0.9901955390552356,0.993980626787494,0.9824211476991422,0.9756450205620205,0.9819911968239545,0.9822953198387118,0.9823669603269214,0.9822119293912102,0.9468231765521146,0.9666365805241075,0.9606047551074502,0.9603412675768777,0.9152668312060014,0.978425692206962,0.9747166859088382,0.9805078148510102,0.9797383100185304,0.9382347769362709,0.8774361568641098,0.8432589749064215,0.896831594446679,0.9296673353688836,0.9156316115146569,0.9220714320637129,0.9210893856192852,0.7727758095775129,-0.5451025435616996,0.9742387976458522,0.9649463156948946,0.9632601101092723,0.9832769384772244,0.9643055336538222,0.9776963357853579,0.9773840770670346,0.9360255488258269,0.9790101254570013,0.9380056654701109,0.7887969508611714,0.9351186691328982,0.9564869963595023,0.7857811934673858,0.9444127186593472,0.9457794091029845,0.8960387236890377,0.973266208035584,0.8901995494280303,0.421510170476364,0.67002261018503,0.8960400001267413,0.8484419907384411,0.8919055837278539,0.9796967841988333,0.9798218670999558,0.7531327966326361,0.7346004042806836,0.7570671906086022,0.43069111570028706,0.7127447281831384,0.7615748611388168,0.757145478435157,0.7218065090641343,0.7806902643167527,0.7413056078059809,0.7246554706863936,-0.4793471134855051,-0.5622447917648228,0.6831107679709946,0.8846196228556804,0.9169219439284216,0.9349129926577041,0.9029304870007177,0.8081142058949966,0.897789944634949,0.9110775136863593,0.9105442316419077,0.7924413972830824,0.06695927812288409],[0.9837701368757996,0.9896796923678646,0.9912839276402694,0.9848582319829433,0.98739743832596,1.0,0.9815363750910362,0.9827066005747154,0.9930004300279873,0.9820696025873117,0.9778806245556999,0.9768564232121273,0.9825428372741897,0.9830219966601382,0.9827764857457549,0.9824020869113909,0.9860198039642024,0.9834004968257529,0.9832752093633336,0.9832872879675346,0.9815325067240066,0.9826756636728416,0.9943372115819499,0.9934985158848638,0.9838910399651017,0.9874372417256774,0.984314474256356,0.9741134006287703,0.9875705025187835,0.9740342950311242,0.96011242009143,0.9659831513385605,0.9760889116724014,0.9670966814225123,0.981235494900191,0.9816101830771735,0.9824937412093521,0.9834100515501696,0.9777298515048671,0.982026486069504,0.9804761926837802,0.9822481254057994,0.9814622118866946,0.9814779717918147,0.9959653918895206,0.8792356790326281,0.9285886688877183,0.9240255891867604,0.9341735577253228,0.8927954481008942,0.9172868631035357,0.9108078927730286,0.9201178461539202,0.9365274668053417,0.9170309565305377,0.9493787426156038,0.9552915137982975,0.9615912548229748,0.968990292070998,0.9723299623111841,0.9881426874067133,0.9743779889344237,0.9855019293015078,0.9739844063010686,0.9734331857376531,0.9762600421558254,0.971598288774382,0.9522262334475704,0.9516625503728481,0.9489820933913067,0.9843071541164251,0.9770606566681742,0.9735101865863016,0.9722537683895371,0.9659329731941856,0.9019401567380857,0.8583896745989288,0.9178634533858867,0.9225495756334846,0.931982713012791,0.9130619283337591,0.9109091917508554,0.7567496654830212,-0.4854076526271928,0.9825452352441905,0.9841112742102197,0.9803620517938304,0.9731457572420817,0.9754833643152174,0.9812049349322151,0.9807969159513351,0.9687678977377165,0.9710282835802704,0.9682854272808256,0.8007070660111589,0.8955827236165544,0.9562221192733357,0.8315380652871542,0.94430152073823,0.9453156304299896,0.8657439333279061,0.958317752138365,0.8322427099372984,0.5039941584503647,0.6883592234568807,0.8420462734188663,0.8189154481136706,0.8318001580607218,0.9581560866224561,0.9582080107373939,0.7389704049006954,0.7253089015785721,0.7503049435384117,0.4545959615216033,0.7458271800965163,0.7555491150230156,0.7492426523402326,0.7474163517039589,0.7720622177137357,0.7138389925049731,0.700967693702957,-0.3041324143538416,-0.4350208279470545,0.6942257329725833,0.8526408820486494,0.8684820228611452,0.8846214324022277,0.8618408464326481,0.7817343227612856,0.8464261110261285,0.8606258515009714,0.8605930149392519,0.8031892201256662,-0.1032382350396997],[0.9978686096115289,0.9942485501944958,0.989610842148519,0.9980961649379259,0.9990169533945771,0.9815363750910362,1.0,0.9975935996602577,0.95697512298925,0.9996236768012782,0.9995879571643509,0.9996133287204523,0.998469645015158,0.9994902233245556,0.999212592798733,0.9998932604653259,0.9966944700666025,0.9999046582695401,0.9994019560332358,0.9994065553778593,0.999723585073228,0.9993511326626516,0.9907275434600097,0.9747774337039008,0.9862553400826183,0.9279134960944578,0.9937836178750259,0.9927017770745222,0.9748644360815895,0.9537928463427858,0.991697461337645,0.9920724624457599,0.993768645281367,0.9758613342726226,0.9990408102925644,0.9998578424921394,0.999725103578299,0.9994924801773578,0.9997798583087117,0.9998433435201317,0.9985599863018875,0.9997454596746524,0.9994095970306068,0.9990768707638822,0.9801666627132798,0.9354599018962121,0.9535892684699655,0.9508539923555517,0.939320025001318,0.9049531292499231,0.9580780228875229,0.9473186762598425,0.9604297441903205,0.9632474403157216,0.953765867460513,0.9820333272039352,0.9817023770162644,0.9920117220318442,0.9964404152866191,0.9520079747276095,0.9627692154300421,0.9736752799953605,0.9738944139823604,0.975163570487569,0.9519564194911895,0.9031746452401131,0.95730116797652,0.9627578969767102,0.9434502744693988,0.8935918323119427,0.9685345432450957,0.9443792068122515,0.969699407356762,0.9523831958220343,0.7968287228105299,0.8696815266746454,0.7954335132323923,0.8836229062162965,0.9001306975726959,0.9044511158247748,0.8844771968014131,0.8958947588753492,0.38330873089953693,-0.5778877691936912,0.9647264098090361,0.9501141177796333,0.9499515662591418,0.9534677674457864,0.9600463141589584,0.9710592352173415,0.9711581431789443,0.9241368437976654,0.9689561731419977,0.8568267056158273,0.7825993204967552,0.9360123749310721,0.9361684319600719,0.8061015023755131,0.9535553369070506,0.9544444099406383,0.9000742792203007,0.972868007823386,0.8326884445164767,0.5774912499596578,0.7187677429924658,0.8566601128495511,0.8503180445211352,0.8381659168940522,0.9802082730632968,0.9803864059758981,0.7778732406045543,0.7322149549551241,0.7826713868414046,0.42442417157437856,0.7802284265190009,0.7956062732457122,0.7883355778174064,0.7942764353165865,0.7781382467997293,0.7477515113496934,0.7301375779574862,-0.29226497350676295,-0.44440872803706954,0.6974408622231671,0.8895101570302533,0.9223954276529822,0.9404240296888661,0.9096856435382586,0.826701913730225,0.909132447347458,0.9273098907286612,0.9259543587000889,0.7776342297094356,-0.11258254071039976],[0.9962561504539146,0.9917738643745134,0.9903382816185997,0.9966560734498037,0.9985380367613058,0.9827066005747154,0.9975935996602577,1.0,0.9676519935301903,0.9999998325622346,0.9999993275598807,0.9997665104401943,0.9999970869671042,0.9999928841140873,0.9999982822503016,0.9993408430792143,0.9916621191678694,0.9994712339523996,0.9999105586377237,0.9999102702455569,0.9999657319521478,0.9999988001086734,0.9912320315909366,0.9764750809326427,0.9930572548214903,0.9418618525304964,0.9942715844660305,0.99107374866777,0.9770529985816531,0.9532971175483167,0.9880613872670951,0.9939282420353175,0.9924140940452458,0.9730360795638151,0.9994773097726747,0.9995811147093008,0.9996821036732454,0.9997484688345101,0.9992555389086953,0.999517557196195,0.9982665960782828,0.9988652495765191,0.9995491419990279,0.9994184148932771,0.9818860204205242,0.9352941116225575,0.9510336925439048,0.9543707899489868,0.93824867606487,0.895217741812599,0.956330452719796,0.9429344791510038,0.9583389431729152,0.9578165012933914,0.9479530329933236,0.9800465784140441,0.9788822023219473,0.9910067015643952,0.9968905942754395,0.9474685979265246,0.9593183298261013,0.9680957964000827,0.9713090380275049,0.9699421809066407,0.950423396344946,0.8971335489281732,0.9532329451691092,0.9567435274290955,0.9385211676361283,0.8834878429964688,0.9662402004380612,0.938870063922667,0.9648527152501751,0.9481708088673354,0.7858962076107227,0.8628696690075183,0.7914195148019131,0.8768058553463569,0.8938393275106336,0.9006189953157706,0.8805245135566108,0.8898137989025693,0.3673119562591446,-0.5815077092387505,0.9612102506392819,0.9448236174036391,0.9449189013093403,0.9516738019500115,0.9563063255835753,0.967622519769946,0.967706956852155,0.9205522144148368,0.9629748486742269,0.8476651027036739,0.7798927543335578,0.9484683665944249,0.9463797060447663,0.803156068052448,0.9534255910286167,0.9544614128675413,0.8975643457595034,0.9765944580688893,0.8353115471972836,0.5631890098935523,0.7102445122514938,0.8573913806478357,0.8470949428740043,0.8400442251382355,0.9824961556064776,0.982676840173013,0.7691708731120989,0.7249600988464588,0.7837116901079466,0.4127024592447026,0.7751222087178417,0.7909890196433974,0.7885200824351144,0.7886814412452002,0.7722670901374803,0.742147242456902,0.7239920872909238,-0.3074728639814236,-0.45853790113782145,0.6848681159097881,0.8822327392997329,0.919776571593293,0.9329566762654292,0.9040805943594508,0.8162502370419946,0.9027577904507538,0.9210467116698557,0.9199441629632183,0.7592717355988564,-0.09579171472283961],[0.9704913062378181,0.986729659716562,0.9911024558216849,0.9726139584965074,0.9843708768708027,0.9930004300279873,0.95697512298925,0.9676519935301903,1.0,0.9827044112935727,0.9872003331462035,0.9896098286811904,0.9712974900442074,0.9796264322120415,0.9761986864340253,0.9741874017871209,0.9497274121135446,0.9790380765006831,0.9769036682969373,0.9768595418063851,0.9811904084767619,0.9760483126873667,0.993923760994458,0.9932434272151494,0.9803251318717388,0.9895363560982553,0.9834449582508774,0.9902866581890059,0.990655604278792,0.9692816871144209,0.9275408738645594,0.9491216498293933,0.9663281678104947,0.9523245209333775,0.9706080991504656,0.9790862890916827,0.9757056364873828,0.9780731446714864,0.988036420162358,0.9802474534592079,0.9667801369997551,0.976278191667681,0.9714725632784853,0.9704405727469179,0.999013948280042,0.8978354412720209,0.9215830694431291,0.9488797247856866,0.9385828781898838,0.8729779058031563,0.8858058852987218,0.884990429135671,0.8897911229505887,0.914997526168826,0.895204374593008,0.9289529094371806,0.9454365859874776,0.9506984037781752,0.9610336683760164,0.9050213018036385,0.9680208836691429,0.946891579874557,0.9666944083330128,0.946897340563073,0.9035191472157444,0.9166167526499183,0.9442245583234606,0.9175350422857506,0.881715341763867,0.884304147921569,0.9682546715344441,0.9220354551264975,0.9449051447797044,0.907832394052199,0.8290623237231206,0.8543924341055498,0.736558917876139,0.8732367103920046,0.8833920214658842,0.8968999198587062,0.8457486620653546,0.864189628590841,0.4180267901785939,-0.5125763652292303,0.958238787283897,0.9531435727581582,0.9504595146796453,0.9034091123720522,0.9487931504991928,0.9564355272169865,0.9558553777256922,0.9378197989182829,0.9416742872023394,0.8750115984750979,0.7856756523838793,0.940176140263359,0.9616384706300906,0.8069533350279277,0.9354557577863742,0.9370455845499153,0.8518913319325063,0.9678079988707429,0.7414043732686121,0.4522479742174408,0.6518693138598424,0.7741773286862652,0.7759716395768784,0.7523850052404178,0.9671170254763689,0.9670924492507645,0.6987970646149771,0.6876178475603023,0.675891136265889,0.4065754841915077,0.6894379821769261,0.6932119335614788,0.675230434698322,0.6930079557296942,0.7467094167165429,0.6846302134381129,0.6690949469974612,-0.3479390816654533,-0.48459577223880257,0.6954690908832656,0.8370137441471918,0.8313145342347976,0.8606482906681139,0.8561945422577452,0.7526658330383339,0.8133772087473982,0.8370530540607009,0.8309604307307662,0.7062050879761412,-0.032674482425703234],[0.9964810934927051,0.9917837845989643,0.9929753602979544,0.9969249675629177,0.9985377194817212,0.9820696025873117,0.9996236768012782,0.9999998325622346,0.9827044112935727,1.0,0.9999991438895345,0.9997710665374636,0.9999985335279324,0.9999917647339776,0.9999978080803088,0.9996888419737903,0.9978978164712871,0.9994684678437709,0.9998858080140953,0.9998858141179439,0.9999778580142046,0.9999993316854578,0.9937882405107477,0.9781676609859429,0.9962648154767029,0.9743054779841517,0.9963513910613601,0.9910698347617907,0.981408588583603,0.9546149159285843,0.9898130906185187,0.9938196662755815,0.9900832145043282,0.9697838153043412,0.9995086511076154,0.999574192926804,0.9995868732000973,0.9998359139524333,0.9992677345434131,0.999525025498052,0.9984904258751949,0.9989087641606339,0.9995144727940523,0.9995098779766305,0.9862777034226506,0.9351897808641951,0.9510670931689136,0.9543034766075503,0.938232044592581,0.8953396245177312,0.9475483949412139,0.9379199394664923,0.9511974369222994,0.9560469743567508,0.9460914869465281,0.9791119327414238,0.9789154065090808,0.9915702368171624,0.9967099174137701,0.9727465075489233,0.9592984612792915,0.9722989349133435,0.9712895272350663,0.9728046857650752,0.9725799996841977,0.9345115642652517,0.9532105594578095,0.9511083226496266,0.9508197297696758,0.9037851822240554,0.9661843494639003,0.9651179595045424,0.9709915891439889,0.9700469762181113,0.9246410279964452,0.8629038356312428,0.8229977393369655,0.8766253719756267,0.9128796826955262,0.9010230500958815,0.9065057259020035,0.9057337706640886,0.7272062507084528,-0.5856436154998422,0.9611973648291265,0.9448113346562366,0.9449189934582781,0.9737959807768252,0.9516330620867323,0.9673059581823357,0.9669596106647218,0.9212933719329661,0.9688356809973856,0.923559387975049,0.779896289922609,0.948197916219931,0.9579325489234862,0.78761104562048,0.9473343275488015,0.9485354214202554,0.8976369504364878,0.9758078205835216,0.8982150228240265,0.46170671893307424,0.6871747512606315,0.9040335849130867,0.8565671541388864,0.899922663321086,0.9824542043002635,0.9826655860304705,0.7692395998936856,0.7246762889017826,0.7724234970359236,0.4128151154568937,0.7291361267554417,0.7771132754579118,0.7725969496093844,0.7400610699657739,0.7719831587049194,0.7420464271474388,0.7238596988148215,-0.5245561352393612,-0.6078383010790753,0.6840044861637437,0.8822056599813187,0.9198121490542223,0.9371659063495681,0.9040812315311607,0.8128294049841346,0.898886942524287,0.9135958526128654,0.9130724700769892,0.804535764490854,0.13043675806724528],[0.994601772925229,0.9918065113681174,0.9969343494601371,0.9952840809882475,0.9981338194459723,0.9778806245556999,0.9995879571643509,0.9999993275598807,0.9872003331462035,0.9999991438895345,1.0,0.999770597142181,0.9999963918830492,0.999994886630398,0.9999983586892583,0.999673203424373,0.9975900282256009,0.9992148715567313,0.999789330632149,0.9997893788730347,0.9999984434229781,0.9999983851672195,0.9931132509688282,0.9740873882939989,0.9953333513013513,0.9823527572666447,0.9959172775180107,0.9910830864099951,0.9836032269125818,0.9473804847530819,0.9890269195957684,0.9933268474587279,0.9839303172503236,0.945384795759924,0.9992937563080445,0.9993484429994239,0.999289380973648,0.9998962573542075,0.9992514806327246,0.9992993801543976,0.9979571891492548,0.9985216859426308,0.9992681338287842,0.9992658367511325,0.9885494444452918,0.9349045000583199,0.9184135413443802,0.9542551140554117,0.9381474267407945,0.8950427314322202,0.9175601549724886,0.9078543816143693,0.9219506862820486,0.9303965301522001,0.9159883472727901,0.971571277503603,0.9715474924056589,0.9906836201420802,0.9952620509432571,0.9648177108415709,0.9594256080663149,0.9598839490869249,0.9618766096472173,0.9612229349898945,0.9609530505438436,0.9098225290947504,0.9427507189867298,0.9171910313929627,0.9167301563653397,0.8346166610757647,0.9640572685417198,0.969460961100736,0.9659737137841213,0.9648571996576789,0.9166412688286444,0.7973032005239532,0.7601886395136,0.839661702792757,0.8925165130176711,0.8617702253552533,0.877088629442767,0.8757935331334177,0.7278446752487271,-0.39017329415351265,0.9484111873672424,0.9449539562067485,0.9450222734312443,0.9659509472352849,0.9378005961520776,0.9511378175414386,0.9504742426309141,0.8929349760407683,0.9538208987985125,0.8973555702514753,0.7800552723566472,0.948507800216824,0.9617938612203558,0.6807074276803211,0.9074284222960802,0.9100837430545177,0.8549711922818054,0.9850729593257783,0.8427549970733451,0.12105965583446027,0.5389377229391643,0.8548577770960812,0.821875558148886,0.8495719278693354,0.9858252208943199,0.9858451767621726,0.5299774322053685,0.6383753320213602,0.5372657659510279,0.41274763745061205,0.5045295607457356,0.5481023633610711,0.5383719505031311,0.4764234576011447,0.7606995253424829,0.6092601310940151,0.5707172555222438,-0.4858448205588057,-0.5438981016202176,0.6834447209580493,0.8619111490256056,0.8744816070078252,0.9066910706191831,0.8977770515412858,0.6778735562291621,0.8475486578242464,0.8673961657471223,0.8666947342965031,0.6166389705818115,0.07847342466403955],[0.9939365288307342,0.993254893095726,0.9960958181264934,0.9948267466014122,0.9980808590443001,0.9768564232121273,0.9996133287204523,0.9997665104401943,0.9896098286811904,0.9997710665374636,0.999770597142181,1.0,0.9997841215410573,0.9997699293411393,0.9997759085376536,0.9996734826254554,0.9982206805192934,0.9994102364670344,0.9999706361183602,0.999970360714552,0.9997750990957952,0.9997804006051692,0.9927197817854454,0.9710408716241855,0.9941599677931707,0.983100232793474,0.994941029838021,0.9935492220373635,0.9798577486852704,0.9288350992997247,0.9915984310578952,0.9943329230932003,0.9794632022454882,0.9270924642658782,0.999423881907698,0.999470766432069,0.9994323104948942,0.9995930904622865,0.9996169298595134,0.9994482822495662,0.9978345132427008,0.9985530828223094,0.9994109376235177,0.9994078059590331,0.9898496529986398,0.9304979022869525,0.9052300506474693,0.951292401023728,0.936957749061634,0.8950016838242512,0.8833569888252574,0.9204728797895372,0.8868766083603321,0.9073334064176012,0.8816368689328486,0.9596468447902704,0.9596318952702146,0.9819208832568246,0.9947409946389707,0.9634155172341834,0.9639679024392493,0.9550357654335121,0.9594170418169409,0.9575107655762147,0.9573087403474766,0.9093159167362787,0.933375212488373,0.9014044109074189,0.9011978393356914,0.8172976483769503,0.9628706257585079,0.9648873190132601,0.96494390389577,0.9642878486111502,0.9231804955335391,0.7483276976713089,0.7084687461176422,0.805794578576955,0.8705776031798338,0.826287787412387,0.8492523813892173,0.8484351578788958,0.7082627520388588,-0.2727083311734179,0.9422981041305043,0.9473186472996559,0.9419578287394789,0.9641749014934821,0.9375761113302098,0.945845782794482,0.9449755513909808,0.8903891345069839,0.9481565946548203,0.8935700707438948,0.7330144674755789,0.9460341168874139,0.9403878258140966,0.5548431861801867,0.852893446181245,0.8573818285960737,0.7520943261476254,0.9789378186947186,0.7284138641627661,-0.2476107060777472,0.2775182552519263,0.7519790193023679,0.70797031341948,0.7457522401872633,0.9800953430586965,0.980189249680941,0.22153030652026817,0.37943951130904974,0.22700780446324365,0.19884904773551343,0.21893173235288477,0.23466946900227642,0.23209868620146068,0.14902091745675855,0.5621250614504762,0.2979181855389628,0.24608675021496074,-0.5000694090373795,-0.5469775220513092,0.6840286202023587,0.7598495108377483,0.7833779789395051,0.8468799436558784,0.8279993353242243,0.5801828010121216,0.7654618143854571,0.7781086103503944,0.7770686810106611,0.43603939209728537,0.26835690176447724],[0.9963576065794072,0.9918861573652835,0.9901935900321395,0.9967403689528777,0.9985581536184123,0.9825428372741897,0.998469645015158,0.9999970869671042,0.9712974900442074,0.9999985335279324,0.9999963918830492,0.9997841215410573,1.0,0.9999913116089917,0.9999976844596145,0.9993875063224281,0.9933055718014794,0.9995100962710122,0.9999198161889044,0.9999196923525525,0.9999726515001799,0.9999989786673317,0.9911137845195963,0.9762836240302433,0.9937083215497229,0.9467762338739993,0.9942243236755761,0.9911849876505157,0.9768554931471988,0.9532437802334671,0.988969439865876,0.9940104130311505,0.9924944985800296,0.9731590593625713,0.9995199373374771,0.9996201592970332,0.9997121918480107,0.9997475400773084,0.9993131904027155,0.9995578895835437,0.9983520613708097,0.9989311863262976,0.9995917393689027,0.9994617310565334,0.9816437628852938,0.9355586571151069,0.9512019595698025,0.9543016863640571,0.9383405309583385,0.895832355323781,0.9566868008385452,0.9433247282016656,0.9586984911764574,0.958152997755449,0.9483479539257902,0.9803004960245787,0.9790700962522438,0.9911443778433433,0.9969723646415165,0.9477242436479206,0.9593480917549488,0.9682870832598552,0.9713613681352242,0.9701316112691282,0.9506330428209181,0.8971013410928539,0.953381564178675,0.9570568504083976,0.9388836114974105,0.8836734670447962,0.966248121543252,0.9390112267188843,0.9650045629408331,0.9484076248064902,0.785817224471583,0.8631455762840776,0.7918690966692162,0.8770657657969627,0.8940553865665044,0.9007488130336161,0.880842085043295,0.8901257208916701,0.36743258324340394,-0.5815791749210049,0.961303035983646,0.9449568142770502,0.9450423569527117,0.9518799691604252,0.9564033829698982,0.9677348269236209,0.9678214593765652,0.9205395154066885,0.9631851554035483,0.8476735512311482,0.7799607649029564,0.9479082375938392,0.9458824604741327,0.8032003900817485,0.9534343510045908,0.9544619757976378,0.8979080624014738,0.9764564236362249,0.835807180261587,0.5642873425794092,0.7108972302325984,0.8578730630981432,0.8476300602867256,0.8405326974207935,0.9824375521825606,0.9826183524351872,0.7697859908527439,0.7254694114308704,0.7843272717416028,0.41333473824108996,0.7757918037970395,0.7916839394773869,0.7891497902702979,0.7893926505726341,0.7726082799115044,0.7425985486286609,0.7244591573551251,-0.30655551976731366,-0.4577264442475289,0.6852921098933621,0.8827569657020062,0.9202557856693686,0.9334978618498332,0.9045660530871737,0.816819406536682,0.9033467247788862,0.9216352084367789,0.9205231653884204,0.7599561938332166,-0.0968291210381567],[0.9963900359177691,0.9917798343548134,0.9923169373675824,0.9968586629281129,0.9985694044421516,0.9830219966601382,0.9994902233245556,0.9999928841140873,0.9796264322120415,0.9999917647339776,0.999994886630398,0.9997699293411393,0.9999913116089917,1.0,0.999995161954466,0.999575743803451,0.9978513013926027,0.9994691108766397,0.9999053888880285,0.9999044361467264,0.9999547973879861,0.9999915951309886,0.9930310234659272,0.9766947594624591,0.9959844545259974,0.968323904469739,0.9957714136581293,0.991050025928214,0.977284265201032,0.9534110183502357,0.9893301829648843,0.9940669950700631,0.9918055853416704,0.9727033521883794,0.9994989367779501,0.9995737910888115,0.999632564249809,0.9998899157512415,0.9992778499833198,0.9995076108154869,0.9982196691084578,0.9988547693777976,0.9995184925809449,0.9995117239822288,0.9841702237691887,0.9353384068480345,0.9509729537198269,0.9542543122407318,0.9381839878538906,0.8953234499032682,0.9515031153093862,0.9362969086142363,0.9537917275232144,0.9575292338568164,0.9476159467875872,0.9787973871161122,0.9787495059032387,0.9904330231967573,0.9969660961731646,0.9735321624400969,0.959051525394432,0.9733179945986283,0.9713001760969642,0.974263937961221,0.9740327558633127,0.9437487074675899,0.9529440234039942,0.955945458893944,0.9556406838232185,0.9205325060784606,0.9662127650416372,0.9680989648730463,0.9729420197697785,0.9719077623115946,0.9333679744511572,0.8626475956057174,0.8286546052950344,0.8764392596210447,0.9045548697169503,0.9004469427389123,0.9012427427557294,0.9001443140290426,0.7052075728156296,-0.58190040377572,0.9612212528629855,0.9446748700203302,0.9446570872667209,0.9745951840844919,0.9564181278883259,0.9676400634637875,0.9677311664935787,0.9206563505330811,0.9689145046899126,0.9321611747369909,0.7798108226627283,0.947967788450838,0.951062943087714,0.8024423613647272,0.9532966235956846,0.9542770092168974,0.8975094771412198,0.9767940575979916,0.8851848576053178,0.5633687220449073,0.7097181098775422,0.89300817955463,0.8607173906222817,0.8839604525145053,0.9826978285224672,0.9829063417815974,0.7683707216705096,0.7241680813069836,0.803171821913808,0.4128267785967377,0.7817705321678913,0.8076007836288027,0.8020993038546322,0.7892035241156771,0.7720777526147959,0.7407701094683671,0.7226261875633834,-0.39709459461009666,-0.5193518474490838,0.683411158170795,0.8822027913022731,0.9165583749689838,0.9288947016631034,0.9044118081665473,0.8152330269857091,0.8909253122989338,0.9096383850279772,0.909232007195397,0.84043819290702,-0.06351286567141523],[0.9962993003103201,0.9918381436519983,0.9903937843657334,0.9966987162401069,0.9985698902005229,0.9827764857457549,0.999212592798733,0.9999982822503016,0.9761986864340253,0.9999978080803088,0.9999983586892583,0.9997759085376536,0.9999976844596145,0.999995161954466,1.0,0.9994758050217831,0.9971404715989551,0.9994865751166443,0.9999133054020906,0.9999127294517562,0.9999666742861376,0.999997659113041,0.9912760983367829,0.9765390543429828,0.9953502266683965,0.9599771016946487,0.9951565062596266,0.9911423260357711,0.9771068031536326,0.9534613356547911,0.9914410372983643,0.9942735562786497,0.9923650449345058,0.9729521971305796,0.9994884301124122,0.9995821823215356,0.9996889761688136,0.999763424345077,0.9992817524966612,0.9995148756879483,0.9982907148807324,0.9988808065364879,0.9995586383980585,0.9994305164937725,0.9818875217773604,0.9353641411074469,0.9510521150103698,0.9543538498890949,0.9383210002978406,0.8954838334911287,0.9564062874343945,0.943062601660877,0.9584455804384855,0.9577686559983015,0.9478714082136993,0.980070041967861,0.9788283663761456,0.9909778913189475,0.9968552155253115,0.9477511947696824,0.9593807279815053,0.9682567088357564,0.9713915501722332,0.9700895571542477,0.9502427301991686,0.8973402172102202,0.9531557120811394,0.9568076595884519,0.9387244568963935,0.8836196050699856,0.9663813599200989,0.9392000014746757,0.9650480139789146,0.9484672521950442,0.7862273489109668,0.862876817184001,0.7916721715474884,0.8768539277359096,0.8940037932327513,0.9006305443756012,0.8806718769210667,0.8899766874401599,0.36766073111998276,-0.5812051774473306,0.9612998415518194,0.9449295606812994,0.9450176870202842,0.950492896768822,0.9564772187210789,0.9677060441583557,0.9677871303614083,0.9207430543609593,0.9631366481172434,0.8479202854557235,0.7799151820582272,0.9481994851833385,0.9462881904241203,0.8031660844293015,0.9533581432876543,0.9543980430141591,0.8973846435694742,0.9766106442853656,0.8353387242935923,0.5630103613437083,0.7101317526669966,0.857397056209498,0.847212540744463,0.840068268151823,0.982532342344156,0.9827100732705066,0.768790963632415,0.7246342980724236,0.7836889932495552,0.4129446484912894,0.7750983115883563,0.7909080278878697,0.7886698362332983,0.788581700722313,0.7721898198090357,0.7414271619956457,0.723306167207022,-0.30728966794639156,-0.45835042904590595,0.6850914309525288,0.8821406620621003,0.9198939430542433,0.9329931201126397,0.9041210540862434,0.8160477041843899,0.902952546433916,0.921077321289681,0.9200903575203238,0.7593607434737402,-0.09605456901878354],[0.9977092680276309,0.993935967657609,0.9898475695896145,0.9979648898654748,0.9990573085764042,0.9824020869113909,0.9998932604653259,0.9993408430792143,0.9741874017871209,0.9996888419737903,0.999673203424373,0.9996734826254554,0.9993875063224281,0.999575743803451,0.9994758050217831,1.0,0.9984428790977878,0.9998548768628384,0.9995615386838006,0.9995662018621234,0.9997750511285335,0.999548257177628,0.9909181744508821,0.9754923076616789,0.994026786082361,0.9526031537060684,0.9936857316710236,0.9925758233029608,0.9752977671580311,0.9539845645472996,0.991850595263252,0.9927227472574394,0.9932201083543674,0.9750048801520094,0.9992869262726392,0.9997391295305754,0.9997242736995986,0.9995812472841181,0.9996161547356401,0.9996954597874889,0.9988675943224143,0.9995947700263194,0.999518871942569,0.9992840470688104,0.9805134233631879,0.9339559711798825,0.9531284715217518,0.9514811449409252,0.9391890380821922,0.9020518653684358,0.958423304002053,0.9475045015588713,0.9607447538795201,0.9618126285056151,0.9519964591206975,0.9820169538881963,0.980839485952295,0.9919155329506091,0.9963812263831927,0.9522656179432853,0.9630402027978892,0.9731734593505995,0.9739507986532023,0.9747450036213623,0.9530719712351137,0.902899345411929,0.9565599105765804,0.9620467786226122,0.9436333592574181,0.8919877428596789,0.9688813186810206,0.9441294356244658,0.9693900949911755,0.9528169664591847,0.7946574926867612,0.8683724266227673,0.7960750020840783,0.8822414452527777,0.8990196269634754,0.9034038914439394,0.8844199302328365,0.8952201881633526,0.3791130173631945,-0.5781372786604282,0.964596964232796,0.9498144545755426,0.9496967726853468,0.9545888819962084,0.9603228106329128,0.9708768556846459,0.9709506522297275,0.9249008339369696,0.9683098731052208,0.8555109317309049,0.7816929355306318,0.9391089096954864,0.9384886881151192,0.8056217129711508,0.9534268946268357,0.9542872187016269,0.8975621553379518,0.9732024577754038,0.8345998741336761,0.5727727466129101,0.7151848768218961,0.8574358468207818,0.