var element=document.getElementById("correlationClose");if(element.style.display!='none'){var correlationClose={"data":[{"type":"heatmap","z":[[1.0,0.9999891368548938,0.6715734191061234,0.9997356083414316,0.9980548334160749,1.0,0.9925497179894912,0.989088159122353,0.989088159122353,0.99314808772818,0.977137629105486,0.9870086941450739,0.9925851667355701,0.9929789277906353,0.9926342724444844,0.7836125622084047,0.7142123144957326,0.2903367481581137,0.9934273545061083,0.9934242635376077,0.9855812338288376,0.9925793676492878,0.4055744159158173,0.7453594973848255,0.9822366263433507,0.9822366263433507,0.9822175532653419,0.9752318927943087,0.3208372997519553,-0.1264769892703347,0.9896364903025853,0.9895979002220902,0.27211064342887586,-0.2002850037068497,0.994755568466748,0.9952768814816544,0.850600190292657,-0.35772746296370656,0.990600893764764,0.9952676740684117,0.7679394956319671,0.2710270627769129,0.9948892152540316,0.9948883899117437,0.9948892152540316,0.8954403112104142,0.6537882560660437,0.9140187345748818,0.9190881055395983,0.8317360815314209,0.3775527828285911,-0.17543398834732,0.21122531478319997,0.9487557099093625,0.38414588463751637,0.9751450098325887,0.9710538318316035,0.9806404501448156,0.9897063474108408,0.9321830287523706,0.9399567776891203,0.9460843363504533,0.9318562640574419,0.9433428672442775,0.9440195262058072,0.9433428672442775,0.8867591934782001,0.9235144573419732,0.9244770621697822,0.9235144573419732,0.9247582195317087,0.7929798798961727,0.8977815647639373,0.8990298450582993,0.8977815647639373,0.7059761185410801,0.38812432713848916,0.6924803552043087,-0.5464984070080985,0.5981869523909656,0.6185500810314687,0.6187580859452242,0.6185500810314687,-0.09345874458321198,0.9129513657565799,0.9439245029064095,0.9284746976990498,0.9335684925668942,0.28073421924175823,0.9079796512329661,0.9087171678343177,0.9079796512329661,0.9123876035418291,0.9123876035418291,-0.09623151362540404,0.5919132085833907,0.1610115987487267,-0.6790078497339473,-0.5877021091933373,-0.5913733462227698,-0.12678386046966572,0.1240601091432331,0.20858379766146593,0.014674631300771542,-0.5462738685295692,-0.014494717303727384,-0.7966610489501943,-0.2827722518465184,0.16073338987535646,0.16222775262938166,-0.5700058475396451,-0.5782986569565103,-0.2730369636276281,-0.5122919563443199,-0.81609331185666,-0.40231566311258016,-0.3946373661465567,-0.40231566311258016,-0.21880225917987822,-0.33547845039640223,-0.33547845039640223,-0.8040306294700797,-0.8040306294700797,0.39779359141976217,0.6298412669750232,0.8534682665849201,0.8397989420789758,0.7563722333331778,-0.32721902267404185,0.7473866366559375,0.7792850796171142,0.7794711350941934,0.7792850796171142,-0.19249444695976953],[0.9999891368548938,1.0,0.9804959051148021,0.9994774620583364,0.995844298150574,0.9999891368548937,0.9846869336779728,0.9790536783644065,0.9790536783644065,0.9845579777742713,0.971897376927258,0.9858111789359215,0.9847233320753678,0.9846698093296581,0.9845702956877397,0.18756713863541288,0.09634293293904145,-0.42775869412123474,0.9882194373660951,0.9882109451567492,0.9847693116927339,0.984768356157053,-0.1492129523742392,0.9795939007771539,0.9798005405257382,0.9798005405257382,0.9798363661843653,0.9755059684439644,0.10670547189218524,0.12923806456789688,0.9823571057007904,0.9823982974707857,0.8205037199704698,0.11368367142791977,0.9907029033482612,0.990738664399618,0.9912770710633987,0.9857996878581072,0.9896874281383998,0.9907755809175484,0.1405760743892678,-0.43262573572522445,0.9913367585204348,0.9913307511641763,0.9913367585204348,0.8951484514782513,0.501574123383237,0.9139384574911197,0.9188675586734762,0.8312165253802721,-0.2980275393330119,-0.4907813114788323,0.8407163093737696,0.8828970607340835,-0.25075019878029636,0.9386378727452704,0.9387753094970017,0.9588952471915084,0.9778245834204294,0.9513479773491844,0.9574708317058135,0.9429388078803879,0.9433984374489628,0.9466467680958324,0.9470714712296698,0.9466467680958324,0.8583636272881602,0.8326607637573761,0.8343280899377548,0.8326607637573761,0.9534425222006448,0.956567862620483,0.9533751819688349,0.9541442227465007,0.9533751819688349,0.6282502158383657,0.5783178073396481,0.667973561956709,0.7435231571489678,0.6543038495597439,0.6777174630845471,0.6783639605821661,0.6777174630845471,-0.15011982284993583,0.917179590115528,0.9393545166887899,0.9316641201804323,0.9563131018354365,-0.28722795775289345,0.9135712008191524,0.9137732150767541,0.9135712008191524,0.9203633783897905,0.9203633783897905,-0.18271618352796243,0.5918726701340271,-0.36417045358222594,-0.7741366601183763,-0.4584728520054848,-0.4622801067791621,-0.3752361659505877,0.26791687035441675,-0.25909168594844667,-0.48714789535742065,-0.7248935981208765,-0.34977869072825307,-0.4767982940861666,-0.41120405149652717,0.13143943090831262,0.12859113930540367,-0.4865887881589137,-0.45171287825015544,-0.48041629464658103,-0.5117843865076127,-0.5039438542076803,-0.4828106372210303,-0.48609990954189397,-0.4828106372210303,-0.3616602768803027,-0.5309105622937087,-0.5309105622937087,-0.4998927944853606,-0.4998927944853606,0.39604327341148726,0.3663116379138933,0.49405562528813585,0.5969433592020066,0.5237465351470031,-0.43745375762709615,0.36788445429361405,0.31338454895901563,0.31352391513335287,0.31338454895901563,0.16387047398945978],[0.6715734191061234,0.9804959051148021,1.0,0.6684089294714568,0.6020825821291498,0.6715734191061234,0.6525566890000274,0.6446721013738153,0.6446721013738153,0.5966620678886085,0.5599003265962359,0.9952199851138346,0.6525758121076831,0.646505259762968,0.6527464004296548,0.42233178597696874,0.3966923797197563,-0.2033032708777004,0.6147976868952689,0.6140990268413694,0.5811355397901544,0.6516565032639112,0.1868909652534541,0.7909947828931829,0.631612274761278,0.631612274761278,0.6313818321745376,0.9880868596565604,0.30109111011289247,0.12299209750322568,0.6107464490211839,0.6103596475116861,0.6705187929616835,-0.020754654281216995,0.6484525676219035,0.5906604093826356,0.6155898579212201,0.30101136952485347,0.9934072734403079,0.5861133653092854,0.40946502814793545,-0.21231628412786327,0.6653799305436751,0.6464700706775838,0.6653799305436751,0.8923027654854097,0.40561143874910865,0.9303678058340941,0.9087132709368935,0.7305848240747607,0.21963814363712073,-0.06552574130021144,0.05149854229050454,0.5352864791681485,-0.08501501577794432,0.5938831871488428,0.561665283051152,0.5830724599640588,0.5471467334501912,0.0029289063040685796,0.7972554424524453,0.7310601601471731,0.64440339287342,0.7368121098205029,0.7625736360869764,0.7368121098205029,0.5341637329273556,0.6453134676415831,0.6998472632447893,0.6453134676415831,0.7005247213841338,0.6781011738612001,0.7285722932158872,0.7730883378958161,0.7285722932158872,0.41606981589380465,-0.08604320359973368,0.4328525583027451,0.09892903057820582,0.4156627125639391,0.26431392804742504,0.4938041363651485,0.26431392804742504,-0.14930755073774202,0.6174735259148806,0.8828908713875269,0.6871190988234197,0.7741233732700734,-0.06027899309838083,0.656397502114594,0.6558962333930951,0.656397502114594,0.7204842840967904,0.7204842840967904,-0.19995326314254816,0.7042089758093273,-0.18380388141657514,-0.6935954015378238,-0.43723206257687786,-0.4409214222024705,-0.42363360651024323,0.09629775626196227,0.020199754040459827,-0.3332898912060766,-0.6735328608941017,-0.17022586872472534,-0.3174822852412555,-0.270583788255919,0.04054419953762802,0.03892034571021106,-0.4880024363869953,-0.06324400863947108,-0.25888590572579245,-0.5100458721961147,-0.2029026246528826,-0.4042336354389295,-0.28593117967110343,-0.4042336354389295,-0.4181202196372161,-0.5393635585409963,-0.5393635585409963,-0.3046447887094333,-0.3046447887094333,0.3425291727463979,0.1937117948805035,0.28451709033317,0.5198052171572723,0.2839197052760986,-0.38131187759103546,-0.013279970230413381,0.45685232412266036,0.5581746470763899,0.45685232412266036,-0.014494830748026157],[0.9997356083414316,0.9994774620583364,0.6684089294714568,1.0,0.9989350673590657,0.9997356083414315,0.993773805504241,0.9907540165362585,0.9907540165362585,0.994586941863025,0.9753096037842219,0.990242039383066,0.993799305326531,0.9944761892309135,0.993825436554692,0.7828174202514179,0.7130280108272109,0.2757602022059353,0.9944705354480166,0.994470042367203,0.9856773047949122,0.9937864664559052,0.3970671109990746,0.7496116878845226,0.9847134643947505,0.9847134643947505,0.9846938021976325,0.981273281962285,0.31669506890223503,-0.13252798664625337,0.9889618110403706,0.9889312301539388,0.26431762121068575,-0.2005163469342115,0.995266279203863,0.9959874145512168,0.8178536923302869,-0.36208866878055007,0.9929250439284818,0.9961949169244476,0.766455396206673,0.2561643611386641,0.9933159670063544,0.9953119192888791,0.9933159670063544,0.8931756256739344,0.6417670942574366,0.9176527434612144,0.9162456405284657,0.8151604418029,0.37272340560279255,-0.18027912019888342,0.20597199357548224,0.9434911565216728,0.3685730841556292,0.9707664313402118,0.9682208589406944,0.9785265266781782,0.9895883956236423,0.9135497798893322,0.934466631181522,0.9347572282681493,0.9285440581173452,0.9285168080173516,0.9293974843555979,0.9285168080173516,0.8798876031996,0.9128075018746916,0.913840618168391,0.9128075018746916,0.921920512554344,0.7399058010707769,0.8634490073726296,0.8646895934934823,0.8634490073726296,0.6989686413789546,0.15319218237308702,0.6839522281135045,-0.5510323952542238,0.5940359666489579,0.3551132005221315,0.5905933491905478,0.3551132005221315,-0.0994437170362597,0.9085766547992695,0.9378374675210204,0.9220589514516222,0.9130514636816935,0.2668205460246011,0.9042831089912633,0.9051460945825083,0.9042831089912633,0.8954928792119378,0.8954928792119378,-0.1006821766666045,0.610830816754021,0.165810329778564,-0.6882864379423494,-0.59413102681301,-0.5977205920918449,-0.13827137362574332,0.11979239239416693,0.20206879339314868,0.0020594855992520735,-0.557550627953377,-0.02037291756545906,-0.801905063733293,-0.29006010623811146,0.15132443905270038,0.15287363227820888,-0.576196762463104,-0.5748517203723738,-0.27377574194097637,-0.5219759588014891,-0.8172896574783447,-0.4032774897099908,-0.3961558905625573,-0.4032774897099908,-0.2266737918975596,-0.3443736843555547,-0.3443736843555547,-0.8033558700111334,-0.8033558700111334,0.3887884830481196,0.6188311507884385,0.845636086601121,0.8322066620921902,0.7493033075153188,-0.3394179806420699,0.7384868200948234,0.770498900523552,0.7706797215410348,0.770498900523552,-0.1778026863124048],[0.9980548334160749,0.995844298150574,0.6020825821291498,0.9989350673590657,1.0,0.9980548334160749,0.9972362764132824,0.995817123086299,0.995817123086299,0.9974428077664627,0.9682993515600048,0.996427021239446,0.997253591347858,0.9973314830632355,0.9972782822646188,0.6936299600959859,0.5992336746252115,0.06982715263108578,0.9976851220743188,0.9976888339012483,0.9877797533698546,0.997244129703747,0.04259783726895492,0.7322021174907937,0.9925263284115575,0.9925263284115575,0.992487662587662,0.9902569643222648,0.09286341136451952,-0.1155042462940601,0.9874874712079156,0.9874182666056234,-0.02821027292453454,-0.10185820266029406,0.997776266023994,0.9977038720472596,0.8101140936231075,-0.4813676569252804,0.9976176003963596,0.9980383951702606,0.6657307926710057,0.04564722746072893,0.9977203906316917,0.9977284479402099,0.9977203906316917,0.9068006861833033,0.6069409309019825,0.9294610849216849,0.9175712112785226,0.7920965698183839,-0.07935774525636231,-0.5856441237756831,-0.17910477968985442,0.9332997098323089,0.2229483998308004,0.9671399744231448,0.9671598903041301,0.9811942951214342,0.9901594402061313,0.9125728981759657,0.9174675578458605,0.9253865349665985,0.9167523592169662,0.9237413981814241,0.924200497050669,0.9237413981814241,0.8570307334557572,0.8726470256123328,0.8738661331942814,0.8726470256123328,0.9114620188093706,0.8293487447823964,0.892980008928275,0.8937526462954329,0.892980008928275,0.6613003163618608,0.5514051953241517,0.6514267363374282,-0.5645858243999624,0.6441161493956858,0.6247672529596019,0.6237781308018213,0.6247672529596019,-0.11272608365631351,0.8922468785231957,0.9159178559260753,0.9014509648438325,0.9203048018418291,0.1127427978693866,0.8914555606073398,0.8924713541673414,0.8914555606073398,0.8971101466640931,0.8971101466640931,-0.13873691627331614,0.6569475670858207,0.020835580249422878,-0.7165832085720855,-0.6400787229926638,-0.6408589510618771,-0.16850901833968573,0.143068451048229,-0.18576066949448528,-0.24294348267748328,-0.6253609951232502,-0.37636678632386306,-0.845978784931844,-0.562478263439766,0.12187902140757449,0.12327650590590919,-0.6011644906526145,-0.5693360482747114,-0.5451420967376729,-0.5589654302292111,-0.7741622278246022,-0.5959268327328355,-0.5989679253807371,-0.5959268327328355,-0.26370256289274513,-0.3764989706704747,-0.3764989706704747,-0.7430705428683148,-0.7430705428683148,0.37735184598536375,0.6022786141712043,0.8010818341403906,0.7909328220399136,0.7406987850005061,-0.46391188141129336,0.6035440411103876,0.6640794135432188,0.6641957061955651,0.6640794135432188,0.04899733320049103],[1.0,0.9999891368548937,0.6715734191061234,0.9997356083414315,0.9980548334160749,1.0,0.9925497179894912,0.989088159122353,0.989088159122353,0.99314808772818,0.977137629105486,0.9870086941450739,0.9925851667355701,0.9929789277906353,0.9926342724444844,0.7836125622084047,0.7142123144957326,0.2903367481581137,0.9934273545061083,0.9934242635376077,0.9855812338288376,0.9925793676492878,0.4055744159158173,0.7453594973848255,0.9822366263433507,0.9822366263433507,0.9822175532653419,0.9752318927943087,0.3208372997519553,-0.1264769892703347,0.9896364903025853,0.9895979002220902,0.27211064342887586,-0.2002850037068497,0.994755568466748,0.9952768814816544,0.850600190292657,-0.35772746296370656,0.990600893764764,0.9952676740684117,0.7679394956319671,0.2710270627769129,0.9948892152540316,0.9948883899117437,0.9948892152540316,0.8954403112104142,0.6537882560660437,0.9140187345748818,0.9190881055395983,0.8317360815314209,0.3775527828285911,-0.17543398834732,0.21122531478319997,0.9487557099093625,0.38414588463751637,0.9751450098325887,0.9710538318316035,0.9806404501448156,0.9897063474108408,0.9321830287523706,0.9399567776891203,0.9460843363504533,0.9318562640574419,0.9433428672442775,0.9440195262058072,0.9433428672442775,0.8867591934782001,0.9235144573419732,0.9244770621697822,0.9235144573419732,0.9247582195317087,0.7929798798961727,0.8977815647639373,0.8990298450582993,0.8977815647639373,0.7059761185410801,0.38812432713848916,0.6924803552043087,-0.5464984070080985,0.5981869523909656,0.6185500810314687,0.6187580859452242,0.6185500810314687,-0.09345874458321198,0.9129513657565799,0.9439245029064095,0.9284746976990498,0.9335684925668942,0.28073421924175823,0.9079796512329661,0.9087171678343177,0.9079796512329661,0.9123876035418291,0.9123876035418291,-0.09623151362540404,0.5919132085833907,0.1610115987487267,-0.6790078497339473,-0.5877021091933373,-0.5913733462227698,-0.12678386046966572,0.1240601091432331,0.20858379766146593,0.014674631300771542,-0.5462738685295692,-0.014494717303727384,-0.7966610489501943,-0.2827722518465184,0.16073338987535646,0.16222775262938166,-0.5700058475396451,-0.5782986569565103,-0.2730369636276281,-0.5122919563443199,-0.81609331185666,-0.40231566311258016,-0.3946373661465567,-0.40231566311258016,-0.21880225917987822,-0.33547845039640223,-0.33547845039640223,-0.8040306294700797,-0.8040306294700797,0.39779359141976217,0.6298412669750232,0.8534682665849201,0.8397989420789758,0.7563722333331778,-0.32721902267404185,0.7473866366559375,0.7792850796171142,0.7794711350941934,0.7792850796171142,-0.19249444695976953],[0.9925497179894912,0.9846869336779728,0.6525566890000274,0.993773805504241,0.9972362764132824,0.9925497179894912,1.0,0.9975861039274015,0.9975861039274015,0.9999718758256689,0.9625859084369757,0.9996924254296801,0.9999967025619199,0.9999873394928597,0.9999935970091635,0.8561727082596414,0.8435187308580081,0.24206314549858712,0.9998660916278633,0.9998663917289344,0.9901993623124956,0.9999968942817086,0.31660934007206215,0.7459073220024938,0.986209885304908,0.986209885304908,0.9873081261073604,0.991709161425182,0.24848691817713578,-0.18433163411961717,0.9916916142399906,0.9916737357849326,0.1740070393558943,-0.24509086060288782,0.9993623811894714,0.99947809104976,0.4478269578312422,-0.3048118023491163,0.9990908010287071,0.9994441500642974,0.8379155872660892,0.2211552486330235,0.9445250313194912,0.9991197182354947,0.9445250313194912,0.915820696208954,0.6149004360559939,0.9408051225711496,0.9202254169805694,0.7584947362316743,0.4126294069102576,-0.11868458617938929,-0.18955404108994536,0.9318408207835588,0.33800707325056284,0.9685447533225622,0.964418455733413,0.9795562280142984,0.9956364778766124,-0.019467457614102245,0.8796785644402498,0.8416938205207516,0.8848729424268198,0.836509008394015,0.8009856057686048,0.836509008394015,0.8214076508603244,0.806155550497305,0.7953289701787778,0.806155550497305,0.8784319423577144,0.41055568026316386,0.6096031672400977,0.6673217690548704,0.6096031672400977,0.630368093340122,-0.33784283195533205,0.6045205906057425,-0.6162027472709077,0.5263472628639698,-0.08100522012961257,0.4597794043942487,-0.08100522012961257,-0.14036764141340743,0.8571199720938493,0.8791164507731699,0.864830726494106,0.7766072631565162,0.2320958133882879,0.8561284400475486,0.8574208388364706,0.8561284400475486,0.7787730438722846,0.7787730438722846,-0.17438606788205824,0.6982867161979024,0.23403041811129965,-0.6936974804356759,-0.6333466029500499,-0.6365268077304307,-0.17906690781267887,0.0711023098881201,0.32061431552430425,-0.026012331384882684,-0.5690376824813745,0.04324908345157335,-0.8284275032401106,-0.18735959479601788,0.08801718558111885,0.08957380032415074,-0.6175146888259447,-0.5866193645544139,-0.10915526716628796,-0.5929608424662213,-0.8323037237490399,-0.3948304519512068,-0.22936741097376376,-0.3948304519512068,-0.29427929546083564,-0.3843143536541615,-0.3843143536541615,-0.824316264575791,-0.824316264575791,0.37771288819327675,0.5872965214853488,0.509246281793902,0.8028817282485914,0.7371375559301103,-0.3873470441015845,0.06965830942852748,0.7465001920204909,0.7655419596498104,0.7465001920204909,-0.1132959095681793],[0.989088159122353,0.9790536783644065,0.6446721013738153,0.9907540165362585,0.995817123086299,0.989088159122353,0.9975861039274015,1.0,1.0,0.9995817550014071,0.9562489080446863,0.9987999495758074,0.9983168072870656,0.9994288907358393,0.9991830293191308,0.8534138974275112,0.8320414801261934,0.22056731241304925,0.9992200578874499,0.9992221025772109,0.9876774360868192,0.999313404547589,0.29161251314248493,0.7474410164186638,0.9930304371820552,0.9930304371820552,0.9855180295413107,0.9891907705742544,0.23123807784957975,-0.19732478757757463,0.9880520710676544,0.99148002070502,0.15569957553124086,-0.2508580629565792,0.9983645289221694,0.998357458560325,0.431031491996562,-0.3110470578230984,0.9973199357398796,0.9983096172584842,0.8353628710805789,0.19928162084806572,0.9375024136624591,0.9981941970302779,0.9375024136624591,0.9135814656910641,0.6002600703712707,0.9412109687752158,0.918068761726105,0.7386487593844904,0.40004870424481204,-0.13317295962810366,-0.20155516840460674,0.9238113273953947,0.31799837263924025,0.9640581016514456,0.9595106557134779,0.9747227612914493,0.9946367267713493,-0.028550514404156815,0.8702802468112714,0.8276873151464234,0.8778168362583524,0.8235794118729095,0.7898001372569682,0.8235794118729095,0.8108206806840319,0.7894941939751077,0.7829495982665149,0.7894941939751077,0.8715889885911834,0.3929986840419584,0.5913918819909325,0.6523677448284128,0.5913918819909325,0.6193865390910388,-0.35161202543016395,0.5919529971516833,-0.6228917011912201,0.5198641743511948,-0.10176131997110584,0.4450525533348049,-0.10176131997110584,-0.14651416252279936,0.8489207771526402,0.8675218295021848,0.8544894352214124,0.7630975591919897,0.21462122737033043,0.8485013969599291,0.8499514662573812,0.8485013969599291,0.7635284022745831,0.7635284022745831,-0.18842856959706278,0.7200827046600677,0.24064911279813345,-0.7026642829370069,-0.6452294025048808,-0.6482330955402474,-0.19320258915709268,0.06402831156934069,0.3136058382616856,-0.044751379721743215,-0.5810582714939838,0.034037544068941286,-0.8337496936457842,-0.19380937535779888,0.07352920023460843,0.07511170086950382,-0.6283512319505993,-0.5874404090682463,-0.11590338695921906,-0.6084380439715622,-0.831540550032806,-0.40582762214800944,-0.23546694160662981,-0.40582762214800944,-0.3106371284799711,-0.39717642576579726,-0.39717642576579726,-0.8220311714086446,-0.8220311714086446,0.35992785850902137,0.5712379134467186,0.49125159432784565,0.7856397043360938,0.7250755583286037,-0.4078568940774606,0.056217313745822645,0.7279088449087948,0.7501428760468346,0.7279088449087948,-0.09649237157978575],[0.989088159122353,0.9790536783644065,0.6446721013738153,0.9907540165362585,0.995817123086299,0.989088159122353,0.9975861039274015,1.0,1.0,0.9995817550014071,0.9562489080446863,0.9987999495758074,0.9983168072870656,0.9994288907358393,0.9991830293191308,0.8534138974275112,0.8320414801261934,0.22056731241304925,0.9992200578874499,0.9992221025772109,0.9876774360868192,0.999313404547589,0.29161251314248493,0.7474410164186638,0.9930304371820552,0.9930304371820552,0.9855180295413107,0.9891907705742544,0.23123807784957975,-0.19732478757757463,0.9880520710676544,0.99148002070502,0.15569957553124086,-0.2508580629565792,0.9983645289221694,0.998357458560325,0.431031491996562,-0.3110470578230984,0.9973199357398796,0.9983096172584842,0.8353628710805789,0.19928162084806572,0.9375024136624591,0.9981941970302779,0.9375024136624591,0.9135814656910641,0.6002600703712707,0.9412109687752158,0.918068761726105,0.7386487593844904,0.40004870424481204,-0.13317295962810366,-0.20155516840460674,0.9238113273953947,0.31799837263924025,0.9640581016514456,0.9595106557134779,0.9747227612914493,0.9946367267713493,-0.028550514404156815,0.8702802468112714,0.8276873151464234,0.8778168362583524,0.8235794118729095,0.7898001372569682,0.8235794118729095,0.8108206806840319,0.7894941939751077,0.7829495982665149,0.7894941939751077,0.8715889885911834,0.3929986840419584,0.5913918819909325,0.6523677448284128,0.5913918819909325,0.6193865390910388,-0.35161202543016395,0.5919529971516833,-0.6228917011912201,0.5198641743511948,-0.10176131997110584,0.4450525533348049,-0.10176131997110584,-0.14651416252279936,0.8489207771526402,0.8675218295021848,0.8544894352214124,0.7630975591919897,0.21462122737033043,0.8485013969599291,0.8499514662573812,0.8485013969599291,0.7635284022745831,0.7635284022745831,-0.18842856959706278,0.7200827046600677,0.24064911279813345,-0.7026642829370069,-0.6452294025048808,-0.6482330955402474,-0.19320258915709268,0.06402831156934069,0.3136058382616856,-0.044751379721743215,-0.5810582714939838,0.034037544068941286,-0.8337496936457842,-0.19380937535779888,0.07352920023460843,0.07511170086950382,-0.6283512319505993,-0.5874404090682463,-0.11590338695921906,-0.6084380439715622,-0.831540550032806,-0.40582762214800944,-0.23546694160662981,-0.40582762214800944,-0.3106371284799711,-0.39717642576579726,-0.39717642576579726,-0.8220311714086446,-0.8220311714086446,0.35992785850902137,0.5712379134467186,0.49125159432784565,0.7856397043360938,0.7250755583286037,-0.4078568940774606,0.056217313745822645,0.7279088449087948,0.7501428760468346,0.7279088449087948,-0.09649237157978575],[0.99314808772818,0.9845579777742713,0.5966620678886085,0.994586941863025,0.9974428077664627,0.99314808772818,0.9999718758256689,0.9995817550014071,0.9995817550014071,1.0,0.9616004313814476,0.9996594567453329,0.9999729602454202,0.9999720814852411,0.9999763381596578,0.7329089432496015,0.6421312926706939,0.12400278583536045,0.9998234652674877,0.9998242165386763,0.9901000818152133,0.9999702245623573,0.0952014791753862,0.7228671011830805,0.9953899966801212,0.9953899966801212,0.995347860703252,0.9915956573688298,0.07895217093224652,-0.12550449298860264,0.9908957612295926,0.990855217501521,-0.008901629630077196,-0.2050173174175376,0.999413409087437,0.9993724158673131,0.8148831973926504,-0.479320514698063,0.9990300149099087,0.9994193991469532,0.706386463266576,0.10014798781858311,0.9992811222926874,0.999286328554044,0.9992811222926874,0.9154776503117952,0.6153909490519868,0.9405676564857157,0.919824567660637,0.7579924866862767,0.02015590541930364,-0.5391842122503436,-0.13603094944043537,0.9280186335194481,0.2836173587386682,0.9649345446482506,0.9644386394750123,0.9816198257369309,0.9949115694470859,0.8878909499364562,0.8806058475749075,0.9018478439110146,0.8859562782014974,0.9001936818851417,0.9007668619896186,0.9001936818851417,0.8210967171537633,0.8546500760011485,0.856052480480923,0.8546500760011485,0.879872064185243,0.7940852987796035,0.8657163096024032,0.8668266049718115,0.8657163096024032,0.6301655281094711,0.4823506077335032,0.6038128169490976,-0.620522210948904,0.5790895005461355,0.5479649277241021,0.5476589765555364,0.5479649277241021,-0.09603272516036815,0.8579820285731753,0.8790863029400996,0.8652932122663866,0.8962546719156584,0.1477054604449386,0.8614584793691771,0.8632221446856473,0.8614584793691771,0.8672608542087354,0.8672608542087354,-0.1760278239000466,0.6986050710738817,0.04702896978370688,-0.7054458406612825,-0.6674246040612506,-0.6686976458106226,-0.1825394522583982,0.07435755019178958,-0.19066883274323618,-0.2095118074548395,-0.608254435849173,-0.4034524231404676,-0.8650491560261427,-0.5968350865730794,0.08727478125955598,0.08903328214093457,-0.619019042033004,-0.5827562778187122,-0.555485361131589,-0.5945460052757249,-0.7993929998165866,-0.6193458281133174,-0.6216635414850024,-0.6193458281133174,-0.2962278501881942,-0.38757645820954856,-0.38757645820954856,-0.779591524996222,-0.779591524996222,0.3767234085675372,0.5854174693440759,0.811909343640675,0.8025909778668822,0.7351007212236178,-0.4142851150915298,0.636141016657045,0.6892520914758925,0.689423116674579,0.6892520914758925,0.12296814600271927],[0.977137629105486,0.971897376927258,0.5599003265962359,0.9753096037842219,0.9682993515600048,0.977137629105486,0.9625859084369757,0.9562489080446863,0.9562489080446863,0.9616004313814476,1.0,0.9478365316396411,0.9626061043785633,0.9626305062302751,0.9623383095663659,0.5291927309592881,0.4280664384383351,-0.10099599075766492,0.9667834832408612,0.9667632635147466,0.9627150859819956,0.9627073592852069,0.013098460782754732,0.7617038169630712,0.964111006547945,0.964111006547945,0.9642781245298404,0.8992493104640028,0.1766250971952912,-0.11107718868308458,0.9692058639209883,0.9693058507676346,0.14259903973189061,0.04504224830696928,0.9702107428678548,0.9704447579910461,0.888732633207278,-0.36804417829151403,0.9557305797608848,0.9694436312521032,0.49697973534690487,-0.121611303157147,0.9712638859235511,0.9712335534699944,0.9712638859235511,0.8237832981096443,0.41724407008883013,0.8395889971101964,0.9037911485689081,0.8618155516151538,-0.5026402904814685,-0.6754226533016942,-0.22247055656555606,0.8942322622751431,-0.02181137734053697,0.9222307334630984,0.922291990041915,0.9401548188532415,0.9675404302161565,0.8900894623980198,0.8914789014952694,0.9062688610820754,0.8930156186346065,0.899592017860138,0.9001611741130064,0.899592017860138,0.8495577004718017,0.830663179032293,0.8322570731866642,0.830663179032293,0.8880868750080425,0.9020418394320059,0.8861280813545823,0.886667427058128,0.8861280813545823,0.7109569131546559,0.6450967911524901,0.7118713870181265,-0.29470489729020716,0.7280509360083613,0.7431892271879729,0.7453205875350621,0.7431892271879729,-0.253998665308403,0.8898463760755204,0.939698715504308,0.9036233119439866,0.9020679127007837,-0.005708334463052869,0.8838684889466449,0.8847779786563238,0.8838684889466449,0.8916534368207671,0.8916534368207671,0.04125497292103599,0.4094323790731733,-0.1231080698529024,-0.6431008876544688,-0.43347575250015075,-0.4358913172476086,-0.048327206670803986,0.42161568656337417,0.0251663741563394,-0.17086985770048066,-0.5290169786178545,-0.09198520040636392,-0.7941541516723509,-0.2555780263699806,0.2941798044444949,0.2941436463646128,-0.4048767703398552,-0.4320363450216803,-0.3690745950673282,-0.37954272832984204,-0.6615562399263425,-0.38881565549832664,-0.39113266424750126,-0.38881565549832664,-0.1172425534092537,-0.428096953743851,-0.428096953743851,-0.5396321854671007,-0.5396321854671007,0.5206214583087025,0.6470287284838853,0.7497667888832512,0.6901765874063835,0.8114671567991582,-0.5029126892074753,0.3983901261272084,0.5334512411049577,0.533758989306293,0.5334512411049577,-0.15939095064946607],[0.9870086941450739,0.9858111789359215,0.9952199851138346,0.990242039383066,0.996427021239446,0.9870086941450739,0.9996924254296801,0.9987999495758074,0.9987999495758074,0.9996594567453329,0.9478365316396411,1.0,0.9996927367925338,0.9996890709505197,0.9996620997916948,0.29083648960945657,0.19064714999077356,-0.5078774230806793,0.9998064215837096,0.999808488733782,0.9996971590345177,0.9996964921445097,-0.24784404890752587,0.9726605229866593,0.9948132106800952,0.9948132106800952,0.9947943957739783,0.993563376283234,0.09404188604922109,0.08363159739261797,0.9918653959235104,0.9919127421156156,0.8545639708189905,0.019177289209995178,0.9990712874940636,0.9990286858389049,0.998907632432255,0.9994039000605506,0.9994425923285505,0.9991090976382698,0.23753615571249925,-0.5159857006913178,0.9988575582295022,0.9988649180737852,0.9988575582295022,0.9099383876709105,0.45553947593628213,0.9365529801212215,0.9167193391525404,0.7583555075290022,-0.41433554094080555,-0.6029453941408238,0.8196044662968824,0.8480178365544592,-0.3406183585465622,0.9336537952274321,0.9338590508358221,0.9701214337717555,0.9936956013331518,0.9002928385758742,0.9065507541803576,0.883877372114922,0.8867040783893961,0.8892705293761217,0.8898457710126619,0.8892705293761217,0.7763935760016448,0.7449640396652747,0.746983709286463,0.7449640396652747,0.9071594406807256,0.9129768060644684,0.9059702695824713,0.906945293714897,0.9059702695824713,0.5229543800337934,0.4635261887906168,0.5613767653788919,0.6533548319928992,0.5551869491601036,0.5842420605018338,0.586085294411919,0.5842420605018338,-0.3264808653852964,0.8489660912361412,0.8817689746472013,0.8694477316111319,0.9069926591840068,-0.3151321520606075,0.8443446226659436,0.844628577805878,0.8443446226659436,0.8535544751029136,0.8535544751029136,-0.22810447612314075,0.691741027760145,-0.38611722755190947,-0.7937255041827534,-0.5325837073004561,-0.5354262702913118,-0.4198430425295907,0.2192896519188346,-0.3003119738213466,-0.521990537382251,-0.7505161614964425,-0.3960098098880903,-0.5931083730799523,-0.46798813137203193,0.07927442394065709,0.07696726109669896,-0.5561037198125597,-0.5272125970016269,-0.5483361229783822,-0.5840695910979941,-0.5776238754962906,-0.551795716038596,-0.5548896079235321,-0.551795716038596,-0.4319930746007771,-0.6225045159922428,-0.6225045159922428,-0.6160765476289188,-0.6160765476289188,0.373023617197525,0.3351412781042454,0.4693379768265277,0.5695882968779649,0.5227358533134773,-0.5725025708402747,0.3061764081769417,0.2836832290995648,0.28387668068182825,0.2836832290995648,0.24518804642379335],[0.9925851667355701,0.9847233320753678,0.6525758121076831,0.993799305326531,0.997253591347858,0.9925851667355701,0.9999967025619199,0.9983168072870656,0.9983168072870656,0.9999729602454202,0.9626061043785633,0.9996927367925338,1.0,0.999990822983726,0.9999952401888601,0.8561588434476086,0.8332333776329371,0.24211305896939592,0.9998673685065156,0.9998676353127371,0.990232141472505,0.999997462383966,0.31690510106314346,0.7459632939322269,0.9912142073940295,0.9912142073940295,0.987299603759551,0.9916971428949496,0.24873162292521184,-0.18428233052192916,0.9917301964725402,0.9916828487285115,0.17422650186027522,-0.24505910930485633,0.9993640168895546,0.9994810152730218,0.4478040042357063,-0.3046097359916775,0.9990930633855696,0.9994514110312059,0.8378911474551769,0.2212111969972297,0.944511543225488,0.999121840102335,0.944511543225488,0.9158380613868097,0.6150344882410694,0.9409448282067364,0.9203597991937407,0.7585924315810265,0.412993726464445,-0.11826537665470109,-0.18920677568666833,0.9319046746214821,0.33806763859525335,0.9686270381415616,0.9644694903311951,0.9796357133376876,0.9956497383099506,-0.019286558292633243,0.8798054374651567,0.8417799024544329,0.8849797949012329,0.8365934577982771,0.8009336044172904,0.8365934577982771,0.8214974249955014,0.8062063427332493,0.7952722748829126,0.8062063427332493,0.8785667625365396,0.4104428955109931,0.6096076043737993,0.6672423554122819,0.6096076043737993,0.630331412861613,-0.3378612136808436,0.6045039661822051,-0.6161037873122842,0.5262635836849908,-0.0811267408007383,0.45981154038019306,-0.0811267408007383,-0.1405092897208683,0.8571931088140182,0.8792262379903298,0.86491565879972,0.776601472374162,0.23214834598150222,0.8562063110525968,0.8574929293191897,0.8562063110525968,0.7788352956000715,0.7788352956000715,-0.17433003157652657,0.6983254028592998,0.23414246105873254,-0.6937344645891159,-0.633266631107583,-0.6364514445200563,-0.17914566137659313,0.07098847798392048,0.32077374259991076,-0.02600262071519407,-0.5690958330794188,0.0434927782037599,-0.8281845371545581,-0.18708740141610397,0.08808736023552309,0.0896575871212951,-0.6174991073837292,-0.5864262919519421,-0.10892572620544062,-0.592928147082536,-0.8322032890167155,-0.39462291663233456,-0.22917787050247249,-0.39462291663233456,-0.29412230957803853,-0.3842823240649065,-0.3842823240649065,-0.8242654209104501,-0.8242654209104501,0.3781556899382635,0.5874095217316895,0.5094767657531907,0.8031179345553959,0.7371900270700555,-0.3871537227861152,0.06992501425982077,0.7467345476287204,0.7656489921473547,0.7467345476287204,-0.11332472285560179],[0.9929789277906353,0.9846698093296581,0.646505259762968,0.9944761892309135,0.9973314830632355,0.9929789277906353,0.9999873394928597,0.9994288907358393,0.9994288907358393,0.9999720814852411,0.9626305062302751,0.9996890709505197,0.999990822983726,1.0,0.9999882593974169,0.7904502229460223,0.7157985893977901,0.24392856304139185,0.9998899643878745,0.9998905889221245,0.9902226324316091,0.9999882454889065,0.3180530532552503,0.7422621261235559,0.9941382444492036,0.9941382444492036,0.9941040013394634,0.9916423919316597,0.24324502805352333,-0.18462343017250504,0.9920761198700744,0.9920809122740056,0.19710173021268237,-0.2444966609142342,0.999535667518683,0.9994807267943732,0.851633466816469,-0.39417441604453474,0.9990892881572406,0.9994554725748049,0.7705868490634122,0.22305873821976233,0.9994310694414578,0.9994356342369359,0.9994310694414578,0.915669300755155,0.6151446938808618,0.940786154203477,0.9201775453388906,0.7582177716202615,0.2936279908508434,-0.2878711725469837,0.1107899627418864,0.9317810076735392,0.3386067123493361,0.9657483245875251,0.9644893091356387,0.9782255421298257,0.995876347440947,0.8948284375885662,0.8791975842551454,0.906879063635868,0.8850150696626135,0.9057890899595823,0.9065871970308805,0.9057890899595823,0.8208115239376299,0.8742252363880872,0.8756002755800815,0.8742252363880872,0.8784750577290995,0.7773858040653534,0.8707570270539456,0.8722535555941034,0.8707570270539456,0.629893220487126,0.4820647015302476,0.6031702410365507,-0.6183142549527972,0.5248473407661981,0.528075219291834,0.5289246837717948,0.528075219291834,-0.1426699569390301,0.8571560444155184,0.8788925948894256,0.8644473748839121,0.9014601159203511,0.23412854228486327,0.8562360944465459,0.8576727443419491,0.8562360944465459,0.86587238985222,0.86587238985222,-0.17467811469189617,0.6971427602620601,0.14621680870885406,-0.6927116702688447,-0.6329107376835759,-0.636008209879147,-0.17912761018757048,0.0700026604242168,0.0952912573037511,-0.024591145537306226,-0.5677213893797992,-0.1443116992772716,-0.839077234674247,-0.4058217166132083,0.08761805946426333,0.08941460432569279,-0.6175422590595886,-0.5857255709202834,-0.3997390601435652,-0.592694895620781,-0.8253100857478126,-0.5123016355288416,-0.5081450906142272,-0.5123016355288416,-0.29361015349179237,-0.3844899722631347,-0.3844899722631347,-0.8160006685244515,-0.8160006685244515,0.3761088989996859,0.5871993366597122,0.8201988883979977,0.8066300687799541,0.7373915591194844,-0.3867419154433474,0.7002298901946827,0.7348630093682778,0.7349520704365294,0.7348630093682778,-0.08085273509101251],[0.9926342724444844,0.9845702956877397,0.6527464004296548,0.993825436554692,0.9972782822646188,0.9926342724444844,0.9999935970091635,0.9991830293191308,0.9991830293191308,0.9999763381596578,0.9623383095663659,0.9996620997916948,0.9999952401888601,0.9999882593974169,1.0,0.8475053586038348,0.7899495430191609,0.2422468099818681,0.9998701238609969,0.9998702696094178,0.9903622508240107,0.9999951844179867,0.3175626480758709,0.7458087512816287,0.9943417148167499,0.9943417148167499,0.9942516317313232,0.9916280152852817,0.24900667248207964,-0.1843090603045774,0.9926025468232582,0.9926441983186418,0.17495608749690605,-0.2448943011957376,0.9994090685077227,0.9994803124138216,0.44685525118156555,-0.30387178777137525,0.9990516304772461,0.9994538044187609,0.8356857236826326,0.22136654748419363,0.9440786605294171,0.9991720229862705,0.9440786605294171,0.916080609202799,0.6156791711757538,0.9411000838621971,0.9204980814692323,0.7583407409742795,0.4143045116380008,-0.11679339429534882,-0.1894262584969586,0.9322325550009584,0.3383325812940975,0.9690045275995839,0.9647625959327785,0.9798885921752561,0.9956897833278435,-0.020266399826154077,0.8800501071754678,0.8416906444696425,0.8851874221964373,0.8365359299880601,0.8005131900376096,0.8365359299880601,0.8216798489015259,0.8061418982289162,0.7956168416730423,0.8061418982289162,0.8788506215355161,0.4097941821541416,0.6091349320392067,0.6672383231223005,0.6091349320392067,0.6302017457323524,-0.33897488768808387,0.6044542578518192,-0.6162908981499051,0.5259291772845052,-0.08207707821290165,0.4594800711856411,-0.08207707821290165,-0.1404684686788364,0.8573123087682142,0.8789908985329717,0.8650411821405196,0.7691644965459352,0.2325190321162603,0.8562898321978484,0.8575675022272738,0.8562898321978484,0.7786492708131046,0.7786492708131046,-0.175650983661328,0.6991004718069057,0.23462180018804854,-0.6937079628565076,-0.6336135511317111,-0.6368027972209852,-0.18018716248673464,0.06986499944566656,0.32109433086061995,-0.026381984726503466,-0.5692806448226821,0.04359334734919613,-0.8274367841937721,-0.18691757677407417,0.08717685118646248,0.08874593657017348,-0.6180634798481415,-0.5866321321590361,-0.1083691994491196,-0.594024548079655,-0.8322262298216933,-0.39456049960359957,-0.2286451556395775,-0.39456049960359957,-0.29497693524931984,-0.38470386902909476,-0.38470386902909476,-0.8246075903620322,-0.8246075903620322,0.37835477000798107,0.5870841764459431,0.5090063299305271,0.8035436371217476,0.7366580056284399,-0.3867326991851161,0.06930152830250123,0.7471431057725749,0.7662553409260353,0.7471431057725749,-0.11305008772268747],[0.7836125622084047,0.18756713863541288,0.42233178597696874,0.7828174202514179,0.6936299600959859,0.7836125622084047,0.8561727082596414,0.8534138974275112,0.8534138974275112,0.7329089432496015,0.5291927309592881,0.29083648960945657,0.8561588434476086,0.7904502229460223,0.8475053586038348,1.0,0.9934200442288889,0.4175460301818433,0.8291860280892264,0.8291608922103075,0.763475463995982,0.8464399647296955,0.3313095276589438,0.42646283156352294,0.8394481444821076,0.8394481444821076,0.8258008740516923,-0.11003554062751818,0.19363317408494565,-0.1734358531954986,0.87602034255968,0.8735345179197461,0.1554591465074845,-0.23668808166557231,0.8524715082835093,0.7549526122456304,0.27688648501196395,-0.3184348801944725,0.30630830859157715,0.7257410406122983,0.9983833798799293,0.3999799308446724,0.7787200741736772,0.852199517360005,0.7787200741736772,0.26555615874452865,0.5506752368889238,-0.1530207429535125,-0.1728157380366201,0.13540770585498746,0.40105783704925074,-0.0600828426287584,-0.21041587542725837,0.7395065430519776,0.40217200561465394,0.8493405940893366,0.7438085323851943,0.8212280859716158,0.8379491742898362,-0.10089993620260884,0.21605998727700132,0.6126056676395009,0.49687766691757207,0.6030762225655437,0.6568981