var element=document.getElementById("correlationAdjClose");if(element.style.display!='none'){var correlationAdjClose={"data":[{"type":"heatmap","z":[[1.0,0.9999915909328757,0.9848635794155446,0.9999233112751578,0.9989402190584675,0.9878842425592148,0.9976068185415095,0.9954660997185395,0.9957754839516505,0.979987352963915,0.9926326004995104,0.9956051269200816,0.9948448945771364,0.995518263241301,0.995852867903065,0.9968565219336756,0.9981499427956044,0.9962041843355297,0.9962162822364817,0.99626940599419,0.995554236290476,0.9859033671296701,0.9700951681332785,0.9883434420383407,0.9872181666887143,0.9829429344509552,0.964725807755809,0.9458074918693162,0.9938365697048567,0.9944832146938677,0.9918841787963105,0.9754100341431345,0.9975173638096829,0.9978005155848256,0.9972139896597843,0.995667352329689,0.9952607367898518,0.9976736271810642,0.9984012998116483,0.9986934572425926,0.9974615089688285,0.9974723038559968,0.9767398110788551,0.9164026508493077,0.7455924054983767,0.9034304390802489,0.90595146842078,0.8406667518931602,0.965807481305385,0.9451885970926014,0.9672035656182185,0.9648269415766769,0.9574779934275387,0.985574492331161,0.9821867233171536,0.9847274394870416,0.9784907538637679,0.9865269561338602,0.9840157609390581,0.9871394426629299,0.9869127522727604,0.9646477489887425,0.9690207967467442,0.9722929891084979,0.9719482234346267,0.9466480405867554,0.9765203240044714,0.9746477534299686,0.98271168354735,0.9818753519832877,0.9372164788699078,0.8648069612448692,0.8323559912724129,0.8836935090995944,0.908657981656264,0.9041372655978045,0.906606681631497,0.9051921210457626,0.6388192067341725,-0.5711180791847517,0.9778037740155966,0.9700771390496451,0.9665418816856743,0.9855589155191499,0.9714557093704083,0.9823523671945046,0.9823023094941227,0.9468589766624307,0.9825180976890217,0.95070763261583,0.6554533106158625,0.8737178092696427,0.9172996070365758,0.7590909349082213,0.9236155153026211,0.9430346821911221,0.8192261344674913,0.959150593010877,0.8957968171018097,0.6374433885579993,0.7096214441851392,0.8918120385631135,0.8651688110303224,0.8887203280821029,0.9696825082528261,0.969885406847256,0.7389121541737476,0.7089247597882401,0.825187598592007,0.34775401404490824,0.7951698871636848,0.829537313793254,0.8161895035029071,0.8143063535275649,0.754349598841944,0.7431400241936084,0.7236231365875468,-0.24703808046972378,-0.38360711247256424,0.639389023729065,0.8984789928976177,0.943304271775285,0.9477576704899027,0.9179852709659667,0.8281626420070838,0.9148368377279333,0.9365306669267538,0.9363527955637856,0.8707728632105718,-0.19000775006874712],[0.9999915909328757,1.0,0.9839377129173157,0.9997821601972428,0.9977070746136218,0.9904959324256418,0.9933710539564209,0.9893612281555343,0.9893939147299841,0.9693520577512387,0.991662597131014,0.9895876948332332,0.9894217540521529,0.9894688054539778,0.9895027389085256,0.995521882108862,0.9952514069707272,0.9925962571119977,0.9925956286834182,0.989465137530747,0.9895221576714448,0.9887047500622771,0.9642434841820666,0.9851539630240772,0.9848909308702976,0.9828118757621561,0.9741730717052376,0.913844253423996,0.9877396586392492,0.9842956633064901,0.9763426139295646,0.9158255846533782,0.9948813999186408,0.9947185890891365,0.9950000535839287,0.9904633714587634,0.9944666493720893,0.9949943095779961,0.9963618338641284,0.9966654393637794,0.9949822773747489,0.994990683426703,0.9869553736276078,0.9160604955672941,0.5939924656961684,0.902894612329185,0.9057687040140763,0.8408157800123246,0.8708320823520086,0.9128996933219461,0.8745431503224126,0.8960615768382493,0.8698463665249032,0.9542636399081804,0.954174511417071,0.9756836786399984,0.9793571995754649,0.9737068170724126,0.9733011759533994,0.9762404241568824,0.9761546438957602,0.9391382958788624,0.9479521080751129,0.915745938971857,0.9156483658003856,0.8182296822006201,0.9710944576004589,0.9732762835174112,0.9735211900051741,0.9729450760159128,0.9351288127830705,0.668523278522391,0.6108683210878726,0.759290584267016,0.8503305609946543,0.7823059118268371,0.8176495718362087,0.8159478646737518,0.6073613084912084,-0.2756576194093063,0.9594095554254582,0.9658716768112255,0.9591281171721415,0.9765328904882147,0.9564052934063989,0.963769207312421,0.9628905751244895,0.90884418893526,0.9665790236718147,0.9142366774330932,0.49239085042640285,0.8728160741065225,0.8697613626488423,0.29690070430187526,0.6726632043678702,0.7603798980995482,0.6484376774207405,0.9583253636695711,0.6601358140346926,-0.24791057655195567,0.14757631113917855,0.6284661850488795,0.6345590339047816,0.6816670361966755,0.9599539221680331,0.9598147159952045,-0.06823766338126198,0.1719368104944521,0.012917761010756864,-0.02033755748028195,0.007935327749405849,0.02458842751714737,-0.007501808026210582,-0.05201439207612019,0.3799738883024935,0.11600852198930899,0.06623168497868352,-0.4510964475023066,-0.4871531353205917,0.6393321367954211,0.74606906066678,0.7707780864965148,0.8292380393088851,0.8252886796963946,0.5419683850220434,0.7331575621348263,0.7659128662816055,0.7645606029596447,0.412231035469377,0.19465060211991472],[0.9848635794155446,0.9839377129173157,1.0,0.9862957271974311,0.9929940474179799,0.9903214933889622,0.9906681171115944,0.9911356783766424,0.9943676757678327,0.9559422031561096,0.9970554538847729,0.9910286795814607,0.9929580782982627,0.9911951514452895,0.9913636619669037,0.9921751170979384,0.9905156541130292,0.9897464567750212,0.9897124615515187,0.9928974340461111,0.9910642095568827,0.9937917407964406,0.9801912222545796,0.9909487159984901,0.9913840348287155,0.9817725203177365,0.9829528317227638,0.9499579147772221,0.9724848905855453,0.9761976705893292,0.9780770764126275,0.9509449696504334,0.9879497426577802,0.9910675885058506,0.9893870210031737,0.9930320736588049,0.9949213762457556,0.9921406495025454,0.9854516072570669,0.9881390664666415,0.988233973358813,0.9876049904448172,0.9908776698314327,0.9158818506172903,0.686187851044422,0.9275573716096864,0.8996917586523125,0.7550619297165228,0.9262193333506449,0.9003543631914884,0.9284722322420849,0.9246694994747858,0.9142944286645233,0.9525307446753339,0.9598726153345406,0.9326781283643312,0.9515478100960649,0.9557427246978727,0.9618063245568034,0.956273110968239,0.93053670087094,0.902034105329318,0.9301559113660931,0.9258635109984693,0.9086965833662145,0.867901010936612,0.9616841516880831,0.9397244232622143,0.9564732832419709,0.9350415827612153,0.7820853020152453,0.8070907539543403,0.7371079438234414,0.8284432253162273,0.8701810253201727,0.8684764592257195,0.8390323069457253,0.8529608387973029,0.3158072987904509,-0.5700191341479245,0.9488212027106429,0.924811452586225,0.9279039108099093,0.9330460078515542,0.9431889904471876,0.9533547820683542,0.9529488571519046,0.9162972665169205,0.9494866333310611,0.8450729341783552,0.6288226536821221,0.937638780296292,0.9385490908820436,0.7206046317502371,0.9057210616590369,0.9273336741566719,0.8048501920584932,0.9786391901535705,0.7782504958811226,0.5445206607205568,0.6495244645836599,0.7861682385415335,0.7910118768336148,0.774920712617102,0.9821395865693118,0.9821731242267003,0.6590140102567007,0.6454430851401325,0.7133212305711888,0.2807764049783892,0.6911225435047238,0.7114967572538029,0.7240904692773293,0.7078872073242684,0.7095196792800742,0.6709588261080071,0.6496194356610558,-0.3191046963338464,-0.45528461678876453,0.5972380106746017,0.858903242329916,0.8932215725110216,0.8950601443427663,0.891289357103712,0.7586799992279695,0.8673158978987467,0.8817617458818254,0.8904056852421848,0.7386976422448146,-0.10959559259121139],[0.9999233112751578,0.9997821601972428,0.9862957271974311,1.0,0.999240047638941,0.9888666668402183,0.9979342854542042,0.9959813770924872,0.9963735764677234,0.9796335066407257,0.993979204583763,0.9961023107203397,0.995550251052192,0.9960320126088054,0.9963125383118523,0.9973367076697103,0.998487142884301,0.9966542876225322,0.9966637322340797,0.9967793938653228,0.9960551231799963,0.9871748584129402,0.9714366223541372,0.9894312766295379,0.9884172030481968,0.9851467024642474,0.9668283126578779,0.9470053455927456,0.9932881116997083,0.9941244329519845,0.9919761094713242,0.9750527268424811,0.9976697976266191,0.9980916016380615,0.9975190263825501,0.9962268798510262,0.9960032997610307,0.9980041746356425,0.9983665870215931,0.9988340045234383,0.9976055824753632,0.9976130994209182,0.978576859742701,0.9120668174181855,0.7391972057026567,0.9042104452616877,0.9037428503157587,0.8304939488827784,0.9628769718825472,0.9417577960379618,0.9641649543920053,0.9621578011741212,0.9545961739179225,0.9834964573181293,0.9806516609041467,0.9830171992527801,0.9768874352340201,0.9850002390828424,0.9831993016610002,0.9855329110261737,0.9853008472316875,0.9516218599517844,0.967415412916752,0.9705812277264494,0.9702354627058788,0.9401533461343294,0.975881304018931,0.9711559988972965,0.9809903974263473,0.9801128618059404,0.9108057724693888,0.862741766006989,0.8276349325789949,0.8813621637700375,0.9051661677337415,0.9032798358585372,0.9036282210542163,0.9022761775793763,0.5353068166000198,-0.5711039661938374,0.9766366103265964,0.9680502647941394,0.9644790812182369,0.9838525938130616,0.970356863020941,0.9813030618652074,0.9812505673618426,0.945825282294527,0.9807724884394905,0.9310222675479396,0.6608882544149737,0.8816661826484372,0.9217899538618133,0.7606531601133371,0.9253411328949386,0.9445035872851401,0.8195507812768367,0.9606343361544242,0.8896538047495661,0.6340903504353894,0.7078411446523751,0.88673426378385,0.8616139810377131,0.8833142649800697,0.9707546314941271,0.9709655670131028,0.7379329639942407,0.709204505013723,0.8172654760942225,0.3498301807658661,0.7895488432361963,0.8213302933276186,0.8080528609341123,0.8090181364845804,0.7571629529182531,0.7431942618830475,0.7237464589247603,-0.24242275827715787,-0.3828648039983116,0.6378796913364209,0.8965819520643556,0.9415225161843396,0.9460198233044825,0.916864367268977,0.8253587023926808,0.9128706486310463,0.9343309692188567,0.934306585912543,0.863157748484118,-0.18269193362495045],[0.9989402190584675,0.9977070746136218,0.9929940474179799,0.999240047638941,1.0,0.9917683200683826,0.9990542191153639,0.9983313891452004,0.9983891905762886,0.9734499164260383,0.9977432377600546,0.9983746775055754,0.9981806806297415,0.9983652833223651,0.9984778897178377,0.9984200196596016,0.9992156658717855,0.998742848305231,0.998742539865443,0.9984465269139206,0.9983601481936107,0.993819107670493,0.9790731609381297,0.9939926182203332,0.9939300051513643,0.9886041615847319,0.980768985610935,0.9503775965964887,0.989792329301698,0.9923166415393454,0.9895572798570857,0.9660937823605255,0.9989371687845852,0.9989739158440637,0.9989734761600655,0.9984707550099579,0.9985438091192619,0.9990744422282724,0.9990586522787347,0.999141263294014,0.9989239261847342,0.9989235831175822,0.9889300281801326,0.9216810454639854,0.7144490486750366,0.9187652497621475,0.9078003651599702,0.8128948887446669,0.9467187646699415,0.9304263271070602,0.950668304366698,0.9535659781382634,0.9455021045791748,0.9796313487058557,0.9795462626420407,0.9789698056387398,0.9708127302466489,0.979940701360289,0.9788196172278373,0.9802599966604135,0.9799744415691622,0.9532093050552715,0.9572473582057026,0.9521624345798348,0.951702678653757,0.9075040775565785,0.9728495380962464,0.9694281788956117,0.9761310984443502,0.9751743896887812,0.9325752350358263,0.8382002208576166,0.7934154697967579,0.8635651661577806,0.907945187650436,0.8890750287273209,0.8977270348952866,0.8964280148542975,0.692616005421112,-0.5932601343087162,0.9694111174107886,0.9560907315790924,0.9537249695844231,0.9800770758810362,0.959207960996716,0.9737022872205385,0.9732247726884116,0.935247012281314,0.9756796424522011,0.9392136267690737,0.6474191078472931,0.9020133214251478,0.9432076700009594,0.711563974914436,0.9038596739495213,0.9289337463940635,0.8132808317528546,0.966501136284941,0.8804644127177759,0.47955791198201364,0.6402128385280734,0.868161282616712,0.8251864918404113,0.8703931246845121,0.9749176731472033,0.9750785805730372,0.6914226584458664,0.6897764087590454,0.7353055201138906,0.3246569390085929,0.6740124351172515,0.7411456691219968,0.7173430051537932,0.6967590362462077,0.7410644187273797,0.7256964093372728,0.705286358415589,-0.46307693825981666,-0.5405049130578793,0.6272354464264065,0.8892100231190958,0.9257203240841818,0.9375821739899006,0.9130884263715248,0.8019018427998453,0.8955388898879271,0.918731902341996,0.9182276828725245,0.796842842971564,0.03216989191172401],[0.9878842425592148,0.9904959324256418,0.9903214933889622,0.9888666668402183,0.9917683200683826,1.0,0.9880387501041836,0.9882365954278132,0.9878272300103165,0.963392190716364,0.9796709703255877,0.988170301303766,0.9893898488058883,0.9882977367637282,0.9884132654362954,0.991161899890542,0.9893782170647368,0.9890864090835654,0.98907854838284,0.9871046482151278,0.9882321074145024,0.9960585378495019,0.9916641475154904,0.9883047110176509,0.988195493024371,0.971191877784889,0.9854675609209652,0.9677773396795758,0.970979557855123,0.9753990692301489,0.9834241189795968,0.9702226773796181,0.9879347104869675,0.988147534866663,0.9889547797049306,0.9890937479017772,0.981853688168056,0.9889652608710433,0.9868626374753419,0.988560575000743,0.9880409040483578,0.9880440011104838,0.994917079144326,0.8739731664505421,0.7153219394035497,0.8812861637613005,0.9009968126700398,0.8309654554980427,0.9303631343105515,0.9112783659885764,0.9323224801344222,0.9407127621785001,0.9279623835691865,0.9603330882542706,0.9649282501306893,0.9684748136426089,0.9813226783673837,0.9695430171569545,0.9815551102609368,0.9693723249603288,0.9688050265085877,0.9692539142348484,0.9610919182208529,0.9434854652244073,0.9429751157673507,0.9323079979982521,0.9792016590820383,0.9715183282191648,0.969845735713882,0.9682438830241189,0.9518902546656012,0.8612324793010483,0.8133365451560627,0.8816430656702301,0.8994102093508264,0.907106363629552,0.8897125089830625,0.887593287620599,0.6591781973021398,-0.5328465462628534,0.9756299262751598,0.9727756594262964,0.9691375536410995,0.969565293766607,0.9665167966636746,0.9755780318331246,0.9752133583205104,0.9574119106318055,0.9650286426479102,0.9567143854041904,0.6635713466493202,0.8483115179058227,0.9404559927761651,0.7592259349813385,0.9158184856954275,0.9330669005388573,0.8139051474795616,0.9569061584024755,0.8448007948202426,0.5785855588646575,0.6806441374526315,0.8424521141230717,0.8212207893209927,0.8403361407812245,0.9589185015568484,0.9589815740843255,0.699545187608484,0.6881831832518646,0.7603100397561954,0.349641868613672,0.7407737223225319,0.7660785559726043,0.7522176957370724,0.7541291680992045,0.7439835648519555,0.7130128905046197,0.6957084545674154,-0.2725917984964394,-0.40070187877159885,0.6631714927177116,0.880297169391357,0.8984626691624721,0.9070445225667217,0.8951698109139591,0.7978452104395148,0.8672472751784613,0.8898601305608769,0.8899124398019821,0.8334899437903668,-0.1532387635072521],[0.9976068185415095,0.9933710539564209,0.9906681171115944,0.9979342854542042,0.9990542191153639,0.9880387501041836,1.0,0.9972180691391588,0.99954209876681,0.9731370664340472,0.9994515934420027,0.9981847549242315,0.9990839896708594,0.9990507651998134,0.9991806706803407,0.9971021359967972,0.9999027236149945,0.9992774792523156,0.9992827301125045,0.999661829383399,0.999246459165406,0.9907076331480187,0.9751100406574353,0.9844036879837559,0.9926902078534984,0.9879264594554659,0.9723875722223253,0.9453935692826831,0.9920884622741499,0.991781102559262,0.9931300740417425,0.9721579300394763,0.9988612572931186,0.999824432678484,0.99966451560189,0.9994097577270215,0.9996782299239503,0.9998550665678396,0.9976843542096064,0.9996857178595194,0.9992946997337296,0.9989124226976792,0.9828581508577472,0.9283288155642269,0.7304566506889265,0.9316543093850086,0.9184481145938542,0.8055395091619273,0.9581355964080288,0.941193948182386,0.9602247535450746,0.9580133582464632,0.9512643698779985,0.9817406258118672,0.9800824537732518,0.9422056714799043,0.9572014677669923,0.9698870932738781,0.9702079954837377,0.9716522994628158,0.9423485179731412,0.8939045375899699,0.9475186512200745,0.9563197019501032,0.9333155491225116,0.8806788880874165,0.9620464624973439,0.9323855684395669,0.9636532545978225,0.9425660987737403,0.7454219230655414,0.8327903952100388,0.7597124169251543,0.8502449527310979,0.8760346797627513,0.8801062954021575,0.8590858910510307,0.8715530077173205,0.27035916583810765,-0.6055458773613974,0.959921093318153,0.9398555091845672,0.9394645060926726,0.944393404841931,0.9562096319754861,0.9674906633648279,0.9675350989966038,0.9254828203000773,0.9637007334546068,0.828113275190661,0.642272105170991,0.9024324008265464,0.9217298062488747,0.7494580496742521,0.9225688045631559,0.942933211315291,0.8138708127180494,0.9659765662901153,0.8312018791346536,0.6226175677403869,0.6980920181082523,0.8439212394219144,0.8404047017486652,0.8298585822717177,0.9750207229393983,0.9752462572057639,0.7243667007877551,0.6864220908582701,0.7826577983047577,0.3198170530179974,0.7666450518095023,0.7920152136818239,0.7821555515307358,0.7883508740036974,0.7369318898539147,0.7305926520517293,0.7093414516479575,-0.26052527814393667,-0.4081975179944593,0.6458676599419235,0.8911292577837825,0.9289465673696795,0.9442088228126367,0.9167741888541241,0.8237499574288752,0.9127884322118217,0.93459471367777,0.9340128892820907,0.7749554490857887,-0.14537187552476108],[0.9954660997185395,0.9893612281555343,0.9911356783766424,0.9959813770924872,0.9983313891452004,0.9882365954278132,0.9972180691391588,1.0,0.999984665065124,0.9673913652951639,0.9996666964167664,0.9999969211899746,0.9996691437607703,0.9999979237116006,0.9998541631925869,0.9932030485228928,0.9993372875415392,0.9998917798461783,0.9998913037444629,0.9999581297070723,0.9999946151589203,0.9909698561430758,0.9761941489332979,0.9919540345222274,0.9931957449995152,0.9852173703315175,0.9745733271189913,0.944146841559574,0.9883667574182993,0.9941535870997183,0.9917740622294825,0.9688159373019246,0.999432707025242,0.999501306608645,0.9996230288177779,0.9996965096670524,0.9988513789564175,0.9994271663230921,0.9981075295274283,0.9985946513575568,0.9995023263582985,0.9993657412446857,0.9843437149746,0.928419344563167,0.7173206191943049,0.9373752409309876,0.9159720136944786,0.7847213820761973,0.9565493389498274,0.9362882515304723,0.958226769309472,0.9516168988901111,0.944773127012329,0.9797369159157582,0.9768614456127838,0.936573241327049,0.95157931854299,0.9622256611690955,0.9663308129593724,0.9644686632168175,0.9403991746954581,0.8835900685808982,0.941592164758603,0.9485207355363944,0.9272892178265733,0.8657703591200696,0.9585866811661963,0.9251154843731312,0.9572339043748833,0.9373217600515078,0.7294431712549696,0.8228905932936764,0.7547132975016553,0.8403510253201049,0.8672977673938859,0.8741808304483294,0.853928408554235,0.8635071187056746,0.24988950431736823,-0.6112144454787968,0.9546245961022095,0.9305788721025563,0.9314728591678969,0.9421945553579313,0.950290554082468,0.9623197996156749,0.9623596091518785,0.9186155874601044,0.9555359220058522,0.8136455585427295,0.6377257932838137,0.9218791243605172,0.934042917294689,0.7441338570839632,0.9219213881003266,0.9425615010758066,0.8111419962081208,0.9706157635253431,0.834912221317546,0.6082684083425781,0.6886453905487486,0.8451619097499999,0.8373445514059098,0.8332131707984987,0.9779716035840138,0.9782018570673269,0.7142453932510203,0.6775268913326133,0.7845842168326386,0.3051144537301513,0.7614076280737319,0.7876346190387921,0.7833839485110387,0.7827749855224753,0.7296586779950028,0.7241952410927176,0.7022689526322834,-0.27754680805720583,-0.4242549509267918,0.6280081925596057,0.8826782756426487,0.9266581254590328,0.9364774376613375,0.910431249091189,0.8123021629906096,0.9062491637141216,0.9282612572179485,0.9279313699232273,0.7547551932045622,-0.12746963317528856],[0.9957754839516505,0.9893939147299841,0.9943676757678327,0.9963735764677234,0.9983891905762886,0.9878272300103165,0.99954209876681,0.999984665065124,1.0,0.9667147655956279,0.9996657221457721,0.9999816123622447,0.9998412734661231,0.9999901791266602,0.9999129386124082,0.9982706962068865,0.9993270304510612,0.9998311732485596,0.9998301708038863,0.9999672910426556,0.9999826255546094,0.9938526730563217,0.9775334213432733,0.9952340322688816,0.9953740276260614,0.9851858397485626,0.978866730510989,0.9452635859450538,0.9889364198896878,0.993249869806575,0.9888067063993358,0.9643561900497244,0.9993601413160033,0.9994407359375992,0.9994452747296425,0.9998435910298411,0.9988611789212475,0.9994144528889721,0.9985261080506227,0.9986053441037447,0.9993553259898862,0.999349512627892,0.9888143239245347,0.9284199210435283,0.7180143330037679,0.937102463931488,0.9156749326666666,0.7849434533002257,0.9436364177365211,0.9254848878036405,0.9471109636412943,0.949011878283434,0.9419818098348973,0.9773915934469614,0.9769369132384521,0.9680201714448687,0.9519720467809185,0.9689134836426491,0.9664157620355716,0.9693295080414103,0.9689986488719331,0.9400970537255574,0.9408797154300672,0.9411905891608985,0.9407843901358508,0.8950684198804144,0.9589355488782972,0.9595033438974664,0.965656624944211,0.9644900196315658,0.9190288548196796,0.8222084516730311,0.7714567326131033,0.8395039855406206,0.8886855302418998,0.8726222148393443,0.8800924895513299,0.87905235357481,0.6384895842231386,-0.6267714225605091,0.9545631409476537,0.930613787469213,0.9316042896610106,0.9693645824976272,0.9450165008565552,0.9618647237671387,0.9613573903407209,0.9195097673995816,0.9641032676059363,0.9238060486129669,0.6360834237538353,0.9213983959342251,0.9478077849152013,0.7200179086263974,0.9089420749117921,0.933409960294785,0.8102573955054047,0.9693822799291153,0.887156731897501,0.5103927291021274,0.6570845024350149,0.8754870784659963,0.8331635500339479,0.8782142510347678,0.9778957323688343,0.9781567279410699,0.7121600660953523,0.6745395675500683,0.7513799718445877,0.3029235949002794,0.6919441228061705,0.7568892202946349,0.7350277764817925,0.715407066043506,0.7271035172473738,0.721011718242405,0.6990402953581991,-0.512173770494776,-0.5907343111109669,0.627639777593482,0.8815016280580535,0.9254482398689163,0.9381317162120698,0.9094428300395762,0.8074223379793699,0.8958736672728875,0.9184836431864519,0.9179214169908105,0.8065368451149973,0.10478227947616413],[0.979987352963915,0.9693520577512387,0.9559422031561096,0.9796335066407257,0.9734499164260383,0.963392190716364,0.9731370664340472,0.9673913652951639,0.9667147655956279,1.0,0.9544279753368046,0.9677742454778465,0.9667282811045393,0.9675087071794924,0.9657432132670908,0.9711381094530543,0.9752161350233175,0.9717017630233672,0.9717154237483562,0.9675601724976436,0.9676304382215386,0.966605527670221,0.9542391977680337,0.9740880578238287,0.9720240827002958,0.9045194146904342,0.9700417724032677,0.953556989520799,0.9771390203554224,0.9714226153803852,0.9714622724061935,0.9387621425696054,0.9754471197846614,0.9750310686359992,0.9754621957358773,0.9680013983698189,0.9617325729424812,0.9744720646581846,0.9779598839540673,0.9778198340027804,0.9756226646694728,0.9756397952974842,0.9563894164238269,0.8484585820135316,0.538061823632368,0.8096620228555486,0.8963222581154362,0.8751914738447573,0.9036788456268506,0.8369300228493954,0.9080789318995347,0.9187006791573087,0.9052363755713525,0.9362234285164942,0.9360869368011483,0.9455933914046804,0.9378574876286458,0.9553608269461905,0.9493686717500067,0.9538287573379772,0.9538515954512202,0.9129082810272288,0.9542020808479007,0.9405882776388856,0.9402797706207442,0.8657491612812018,0.9377807508831525,0.945224491416742,0.9390229583950291,0.9379662752435696,0.889182737402803,0.8302988232312806,0.7885463920001476,0.8716133705522089,0.9202211598773138,0.8936755843269366,0.9070221817305238,0.9063418567997437,0.7285748874880656,-0.32017692291847644,0.9543595455759977,0.9557034369815144,0.9476402517009939,0.9472868011357869,0.9328518828899295,0.9555805055364273,0.9555273503192546,0.9039807858981209,0.957459978967005,0.9085435497365654,0.7319510619873463,0.719011085717094,0.8725588188427964,0.6457780931541446,0.8616694758446845,0.8961191907036753,0.8792946096485911,0.9523746771821403,0.9073421571141075,0.3961886410479938,0.6596321866295793,0.8997678245840796,0.8782451504137995,0.9066087669462991,0.9526014927760892,0.9529238172985711,0.5465597090057831,0.7121590832365446,0.6222728301753114,0.4933294045064083,0.5818647714936284,0.6363934170397973,0.5976487870400604,0.5715584909685997,0.8148840406815371,0.6922740487886975,0.6571607333086822,-0.290501189457439,-0.34156060343153494,0.7520191910250924,0.9176303284403785,0.9245399698300766,0.913422201303421,0.9424787186810529,0.66964695462342,0.8468249608709602,0.9110943193797824,0.9102622870168375,0.6933126585727591,-0.16491495915065285],[0.9926326004995104,0.991662597131014,0.9970554538847729,0.993979204583763,0.9977432377600546,0.9796709703255877,0.9994515934420027,0.9996666964167664,0.9996657221457721,0.9544279753368046,1.0,0.999692750083778,0.9996722038664219,0.9996800976880521,0.9995187853180628,0.9986721463551854,0.9991640953220797,0.9999579639693861,0.9999574899224649,0.9996790594091113,0.9996868462469806,0.9906788405965262,0.9601239890287715,0.9916931256629521,0.992772804819498,0.9892867360815236,0.9720637595802792,0.9012092715814884,0.9887939799373335,0.9925779198697393,0.9737040914951499,0.9019435154730668,0.999190019597641,0.9992547061186486,0.9991936693574514,0.9994697728276792,0.9994303864266657,0.9992168484382064,0.9979459183287354,0.9979214536179098,0.9991640996075324,0.9991596879513586,0.9899121495089201,0.9224581497267601,0.5599000151093048,0.9328155369146518,0.9148359289461984,0.7888998332319904,0.8571881231047754,0.8952134256877526,0.8624655466644584,0.8767776513623601,0.8543616908996985,0.9512791302599276,0.9512142800561948,0.953163724415419,0.9553128261907419,0.9454532411299047,0.9473316026598062,0.949634518662535,0.9494454368265378,0.901862209005061,0.913285812593679,0.874179705406552,0.8740066280642472,0.7615536963221612,0.9495651530566196,0.9527936219783036,0.9529507095517756,0.9522669759324159,0.9032766472942229,0.6177902905190311,0.5563650929109012,0.7089484432493257,0.8075712105270422,0.7375237543443786,0.7741861212853038,0.7730235573028099,0.5500497465564359,-0.3969625478502408,0.9250604816367088,0.9344702552029555,0.9247504717014622,0.9545304919893385,0.9216303209042288,0.9306831506923616,0.9295103969843371,0.8645133947903212,0.9347694608387164,0.871502078985922,0.535623212270503,0.9181071791292076,0.9123379049378241,0.3326424739647551,0.7055907101496665,0.7854042393224105,0.6591620279041149,0.9722770267748743,0.6700088993127319,-0.19126974272735597,0.19419090686514096,0.6430059807512125,0.6469547935764247,0.6889081605647283,0.9735308331220801,0.9735862525889084,-0.009034310006163932,0.22153289526646938,0.07383827223813111,0.03960591712243397,0.06664049609937824,0.08582477000095773,0.052659894977824376,0.0023522353785769357,0.42665963073225655,0.156447966844948,0.10376258328519335,-0.5194194412176834,-0.5548989198535331,0.6276877148948977,0.7406401195640742,0.765576142657127,0.8270430551035189,0.8252004462398489,0.5240423313656158,0.7256153258174559,0.7608303592899702,0.7595664787263156,0.40549982873059986,0.2445509282432172],[0.9956051269200816,0.9895876948332332,0.9910286795814607,0.9961023107203397,0.9983746775055754,0.988170301303766,0.9981847549242315,0.9999969211899746,0.9999816123622447,0.9677742454778465,0.999692750083778,1.0,0.9996535653906724,0.9999976621015536,0.9998687568084597,0.9944285062141138,0.9993862896836379,0.9999026769044339,0.9999023981911522,0.9999658103402503,0.99999504793602,0.9908781646478316,0.9760675037157924,0.992610881733417,0.9931572996189966,0.9854014233194036,0.9744070113932464,0.9441635240643897,0.9892565573393702,0.9942128871317745,0.9918492949610553,0.9689628013082263,0.9994752211950221,0.999544818657937,0.9996561068509208,0.9996981517250004,0.9989365340694626,0.9994717593268228,0.9981834996053673,0.998673594017008,0.999545984653461,0.9994092075932647,0.984149228092566,0.9287166636686646,0.7180437689978486,0.9373156968557709,0.9162270562056418,0.7858664005925851,0.9568826747234972,0.9367034832745983,0.958567771858009,0.9519937277792577,0.9451780243085285,0.9799793821370955,0.977049963916248,0.9369016736066221,0.9517758814312935,0.9625422738906184,0.9664880241755763,0.9647787324441696,0.9406709349282211,0.8837975823690908,0.9418929495706423,0.9489585140852419,0.9277380866355976,0.8662311006496061,0.958688734826683,0.9253559731306176,0.9574775628883732,0.9376286431016804,0.729578787904315,0.8234014588934554,0.7552847736118273,0.8408482554752265,0.8676724268899749,0.8744718597580917,0.8543659347110486,0.8639636325991589,0.2502536180553991,-0.6111057368554796,0.9548618576104022,0.9309936551996865,0.9318157180875134,0.9424501088892876,0.9505443570950548,0.9625621261832447,0.9626029731199592,0.9188507918625651,0.9558775329522219,0.8139182825299989,0.637925470440934,0.9209994116731076,0.9335018473145624,0.7443882942883461,0.9219706083911956,0.9426100632540493,0.8114319868628563,0.9704459389208314,0.8353593346555056,0.6092917626467816,0.6893409818344782,0.845630117713812,0.8378778883231398,0.8336431338228983,0.977887579424457,0.9781178549804732,0.7149101452346888,0.6781478364487193,0.7851585779770184,0.30597698235811643,0.7620969987665865,0.7883128974542806,0.7839636564373123,0.783482128978651,0.730065567784292,0.7246556514077451,0.7027572037536225,-0.27651734481614915,-0.423323641708566,0.6285988891321543,0.8831957672518522,0.9270754071375891,0.9369842843612475,0.9108844696349357,0.812857389997336,0.9068009639144318,0.9288000356813697,0.928456526341603,0.7554272015493264,-0.12853313900562063],[0.9948448945771364,0.9894217540521529,0.9929580782982627,0.995550251052192,0.9981806806297415,0.9893898488058883,0.9990839896708594,0.9996691437607703,0.9998412734661231,0.9667282811045393,0.9996722038664219,0.9996535653906724,1.0,0.9996902413232468,0.9996401508486457,0.9984473440725893,0.9989477223115921,0.9994854440669615,0.999478303128892,0.9996716988228209,0.999645508901499,0.9928704370593769,0.9777151744041618,0.9959039994189055,0.9957932239817209,0.9852524059910337,0.9772208530843514,0.9466540808445477,0.9883602387542656,0.9921999631225377,0.9908903955988119,0.9665700289042262,0.9987720262419754,0.999084026348238,0.9992726213233492,0.999919115009216,0.9988855793176116,0.9990660042253426,0.9976600222734691,0.9979955774804595,0.9987654847250855,0.9986923563183799,0.9881624697068743,0.9286687900453549,0.713747377198435,0.9374125810358898,0.916122687383897,0.7851774277576521,0.9522900761829072,0.9298326850480929,0.9533657186763596,0.9484839963876504,0.9410575885346175,0.9764177361904072,0.974922276920393,0.9599234458936993,0.951472335716649,0.9628475491570611,0.9658385918608059,0.9646316222391382,0.9639355118540077,0.8879016111931434,0.9390637396854309,0.9473860199908777,0.9470817648238684,0.8645693960437935,0.9590436647357606,0.9368975492662768,0.9593631923156046,0.9580320427203435,0.7342097068253934,0.8204645466519196,0.7820615876641914,0.8385678183182252,0.8691390319763208,0.8736531959854072,0.8626644532275665,0.8630423918289747,0.2353111344821026,-0.6055821466034169,0.9540472283411565,0.9306976115217154,0.9307972801518107,0.9626740154191775,0.950025424476655,0.9614194351121064,0.9614127272786973,0.918764051528176,0.956231758938758,0.8205786462377207,0.6383524559523327,0.9215061443879536,0.934301326498113,0.7417929062266269,0.9201528363625245,0.9410729993482888,0.8123410562113805,0.9730525602203811,0.8296303442525401,0.6008577419738398,0.6847540373825498,0.8368057661795901,0.8325374041081098,0.8256089065008326,0.9797432585042668,0.9799328446538131,0.7057626136290885,0.6727903582830519,0.7647001479051173,0.3056869481665688,0.752128103047469,0.7770018435476973,0.7535200093683208,0.7724319832432709,0.7278207984398996,0.7145958864909095,0.6929588253792943,-0.28314246416081085,-0.42836001417494385,0.6281863000200059,0.8809424108144402,0.9283551522808542,0.9323428746977412,0.9100235896264403,0.8050108576234418,0.9004327511197363,0.9216227673570835,0.9219583021999868,0.7490202304767403,-0.12684626958329437],[0.995518263241301,0.9894688054539778,0.9911951514452895,0.9960320126088054,0.9983652833223651,0.9882977367637282,0.9990507651998134,0.9999979237116006,0.9999901791266602,0.9675087071794924,0.9996800976880521,0.9999976621015536,0.9996902413232468,1.0,0.9998861907495189,0.9975794530553488,0.9993565405630507,0.9998952482046315,0.9998944558484117,0.9999599243263055,0.9999925532004738,0.9910096353370833,0.976248805519863,0.9944256346872095,0.9942611093944846,0.9853260698690312,0.9746187284192341,0.9443255079608933,0.9917165986908864,0.9945162325351883,0.9917178088023074,0.9687157786688052,0.9994478010717965,0.9995053238308762,0.999632536799288,0.9997145672090516,0.9988909510995996,0.9994371732118997,0.9981800753826392,0.9986156562551202,0.9995152352960042,0.9993816697069452,0.9843284882432904,0.9285234086790463,0.7173891990087162,0.9373920385914749,0.9161550749828312,0.7852596342055728,0.9566523119074678,0.9364547541290109,0.9583652840873044,0.9515778592661356,0.9447079522613034,0.9797808639281573,0.9768198929945496,0.9369168540174666,0.9516948985145248,0.9624168127889942,0.9664020488040277,0.9646436917235857,0.9401313172395142,0.8838237288212596,0.9414500286526121,0.9485938626707419,0.9275370720313276,0.8659052223293486,0.9587474617062536,0.9255177362435623,0.9574688076121411,0.9376823843396712,0.729828479561854,0.8228408057651979,0.7550105644475759,0.8403464466665751,0.8674838261340596,0.8741557939644468,0.854099254257243,0.8636948507229586,0.25025467041163046,-0.6109203292000618,0.9546945514100642,0.930781711232307,0.931642694223503,0.9404026436952381,0.9504810602806656,0.9623961832935152,0.9624328371758503,0.9187947924184333,0.9557272255566627,0.8139374324191544,0.6377700497271319,0.9214605139630421,0.9339019594092918,0.7440732264628931,0.9217987891186569,0.942465537247794,0.8111456114574335,0.9706341846769512,0.8349709730407139,0.608136087380556,0.6885394203751741,0.8452046886216594,0.8375026934222323,0.8332649323331552,0.9780226770461152,0.9782493261600614,0.7137961710998809,0.6771302174739605,0.7845865741309334,0.30542146637081236,0.7614005104350556,0.7875708442479369,0.7835750529167698,0.7826875020460288,0.7295630019112898,0.7233839597277834,0.7014928845774427,-0.27733966858030734,-0.4240439644262245,0.6283441545361802,0.8826058579766765,0.9268129579812272,0.9365507536402484,0.9104947472298692,0.8121144105583474,0.9064914726342147,0.9283302926653039,0.9281172311830296,0.7548832837383304,-0.1277797014120058],[0.995852867903065,0.9895027389085256,0.9913636619669037,0.9963125383118523,0.9984778897178377,0.9884132654362954,0.9991806706803407,0.9998541631925869,0.9999129386124082,0.9657432132670908,0.9995187853180628,0.9998687568084597,0.9996401508486457,0.9998861907495189,1.0,0.9978052111623656,0.9993681075014367,0.9997622960820016,0.9997632573055781,0.9998758654193736,0.9998885113443056,0.9910468078337105,0.9761823848360612,0.9930667334097621,0.9929756181752274,0.9852326119152536,0.9739684541838275,0.9440035458674716,0.9914766321998348,0.9934457009295171,0.9914166668911837,0.9683326518815468,0.9993678756786346,0.999393465030972,0.9995616535363727,0.9997420855182777,0.9988834339378024,0.999376450888487,0.9982202138916371,0.9987090160939124,0.9994623651405724,0.9993073431286947,0.9840392819829548,0.9314044128926524,0.7228134952695421,0.9401141642815043,0.9199684390084737,0.7885439226773756,0.9575502872614816,0.939302420588738,0.9594965758204674,0.9530383914310917,0.9461104851183147,0.9809779975683232,0.9780246214663586,0.9388925853444912,0.9530409040563212,0.9641220349165376,0.9670233525402705,0.9663402698396929,0.9417565794639653,0.8859817007700601,0.9404743621370993,0.9498354108230473,0.9290104241543521,0.8676414529167494,0.9599403865419311,0.9278653179490216,0.9595898588005287,0.9398578408138294,0.7328821214761201,0.8216330935482785,0.7561851795315219,0.8391881663714009,0.8676998451567949,0.8725824854354237,0.854889437368048,0.8644015228042233,0.2523791377461794,-0.6105458512940872,0.9549956679840975,0.9305033589554249,0.9321902737116157,0.943643286483622,0.9521617266558415,0.9630656765377396,0.9631576172385501,0.9199180181813099,0.9572838377953621,0.8162694355019761,0.6299028442601406,0.9185167477759645,0.931451981025688,0.7396690685483612,0.9189520542014575,0.9398882829574221,0.8079891762834702,0.969108276879248,0.8347701778326162,0.6059787307356278,0.6852197143048473,0.8442031752184767,0.836858632738513,0.8326325307008362,0.9770608504797141,0.9772997920933508,0.7091936741760998,0.6692622381088097,0.7842486969775242,0.29660120599295586,0.7594747693365922,0.7861591732086062,0.7836394022616421,0.7808925041211003,0.721272844169894,0.7154046008344964,0.693276253023401,-0.27777778927448377,-0.42451068459416413,0.6281319628657646,0.8801362277902458,0.9269418775358482,0.9376923780815977,0.9079844552624654,0.8130946717878673,0.9082658940806538,0.9293449119491101,0.9292720758841813,0.7566611237484777,-0.12770522624285022],[0.9968565219336756,0.995521882108862,0.9921751170979384,0.9973367076697103,0.9984200196596016,0.991161899890542,0.9971021359967972,0.9932030485228928,0.9982706962068865,0.9711381094530543,0.9986721463551854,0.9944285062141138,0.9984473440725893,0.9975794530553488,0.9978052111623656,1.0,0.9987395609842892,0.9980241310325121,0.9980211227199287,0.9981047018804985,0.9974811930283346,0.9925811686628653,0.9784735562990501,0.9796145780810616,0.9898327588666842,0.9908328588772228,0.9767232243625257,0.953625033484351,0.9926414420723193,0.9908808851916766,0.9896545399870746,0.9673560816161902,0.9978202670026779,0.998305775721591,0.9983166287569027,0.9980423542491664,0.9994098194558846,0.9984917554589324,0.9979978884997062,0.9982206621029233,0.9977347945053188,0.9977646394962585,0.9826102297026152,0.9244310570076151,0.7270718490380487,0.928359578043449,0.9215006956008533,0.8139892211391668,0.9593802785559032,0.9402092225695567,0.9618269929174124,0.9520473867384741,0.9435229599055063,0.979380284148485,0.9760825291476111,0.9527333199455768,0.9623183098758683,0.972210966642215,0.971480724621638,0.9732416726030884,0.9540995947522914,0.9012769169592284,0.9448832072736838,0.9550671951201084,0.9408133229908465,0.8830775560618778,0.9659482110905057,0.9443207231927583,0.9679904944253589,0.9535724243539807,0.7580135716319621,0.8324887602456792,0.7749132982549061,0.8511954944095206,0.8836758128997874,0.8825401581545785,0.8662126531661337,0.8776474895703074,0.28999005791284477,-0.5836508922452722,0.9614529076513356,0.9460467552863024,0.9439143773024302,0.9575748699457609,0.959145100932856,0.9680200312782664,0.9679978335583305,0.9307277123828375,0.9665290130662318,0.8384176816232235,0.6444375672133982,0.8970599991279967,0.9224251241838768,0.7448996050999611,0.9180098624249788,0.9385625896041332,0.8148502328624816,0.9681132702824571,0.830988537925645,0.6059638537884706,0.6877812583893058,0.8373645058598671,0.8366560933680033,0.8255582438935374,0.9751182479179643,0.9752578087446195,0.7049038322723544,0.6741284658306318,0.7793109008286578,0.32146730289073583,0.7550956626565307,0.778298785496243,0.7868491517477973,0.7742740356365926,0.7295444279930411,0.7067105715634664,0.6863498085634644,-0.2589017157099417,-0.4045854278801651,0.6359498801319642,0.8823618958233584,0.9321478945100882,0.9369391385489755,0.9097726133596252,0.8066022321692841,0.9146995080237862,0.9284087730806133,0.9338900139884443,0.7688503720974867,-0.1525464121473314],[0.9981499427956044,0.9952514069707272,0.9905156541130292,0.998487142884301,0.9992156658717855,0.9893782170647368,0.9999027236149945,0.9993372875415392,0.9993270304510612,0.9752161350233175,0.9991640953220797,0.9993862896836379,0.9989477223115921,0.9993565405630507,0.9993681075014367,0.9987395609842892,1.0,0.9996685520385493,0.9996722065660735,0.999452835386025,0.999371286303809,0.9931788809574081,0.9783009336956914,0.9944371106134068,0.9940432014898051,0.9900834253112595,0.9764920316881529,0.9480793297536292,0.99158725842936,0.9944686370487444,0.9919991166081943,0.9722890162490914,0.9998708171325689,0.9998611637776681,0.9998391585487504,0.9991968