var element=document.getElementById("correlationAdjClose");if(element.style.display!='none'){var correlationAdjClose={"data":[{"type":"heatmap","z":[[1.0,0.9999945328444597,0.9863834802132483,0.999933555135436,0.9991766132391187,0.9836608624520019,0.997869592228414,0.9963105298022567,0.9709056219839794,0.9965152093819565,0.9946496499674699,0.9939483872701911,0.9964077691998523,0.9964392257471018,0.9963527847695256,0.9977311000158969,0.9980512010877756,0.998338321908336,0.9968626081341871,0.9968733685203065,0.9968433934357074,0.996376474301079,0.9883318926595115,0.9733099688113622,0.9906889249316323,0.9597973016359241,0.9898241710161884,0.987065521385215,0.9708193103887813,0.9568575966913512,0.992440616394058,0.9938983461759374,0.9928800083508837,0.9791767627207191,0.997782001431349,0.9979077387577191,0.9976091293342945,0.9964892699919828,0.9955672930767824,0.9977924900200935,0.9986633226727983,0.9986982163805337,0.9977610377845,0.9977702829621521,0.9778986781929198,0.9243043006623869,0.9543042661660144,0.940702310708897,0.9405881519435837,0.9191114678639107,0.9642172781673256,0.9514976242043709,0.9660517664916348,0.9685430016808411,0.9576142978746431,0.9847688007253103,0.9825514437578051,0.9910813027672594,0.9942821193453968,0.9875787229625027,0.9827011427492343,0.9882312838091738,0.9867312584405866,0.9887714344768986,0.9886366458803404,0.9566627551238275,0.9761885639099939,0.9767910157782576,0.9765501974084422,0.9455676562169598,0.982094559045626,0.979007111684877,0.9860613587786415,0.9854256974256295,0.9419722337052198,0.8996606422936608,0.8694457262066029,0.9143752488943098,0.9290873685011609,0.9269981516010412,0.9272422773889764,0.9260681173269614,0.7266771303191696,-0.540684284344085,0.9810325602768334,0.9761924907182666,0.9737827370391644,0.9882096306625645,0.9743295604987261,0.9846329262356734,0.9846107848117577,0.9445859248615753,0.9853438362604092,0.9477026441935029,0.8018014818999505,0.9194066049525154,0.9349123998076411,0.8218488935601315,0.9556610516558882,0.956351954539593,0.9026218556823068,0.9680869759473476,0.895435860156094,0.5812581403741454,0.7290193955103877,0.9026532151807722,0.8732550045164829,0.8940285898613145,0.9759770094949012,0.9761316408487718,0.7892451772012613,0.7535189029848356,0.8256214271438934,0.45895484013180804,0.8081346582543375,0.8297456548370421,0.8248912175827756,0.8178477602519358,0.7938981209074951,0.7565397784935702,0.740971957773202,-0.2875747097599541,-0.42826447919108407,0.6999555769759686,0.891528615514452,0.931234249736841,0.9413193184164227,0.9056631868723859,0.8292564898226872,0.9093744539826449,0.9248739497699192,0.9247091941655269,0.860414610790758,-0.14210167614253164],[0.9999945328444597,1.0,0.9898718933210569,0.9998551040925212,0.9983104686334644,0.9898357493767737,0.9942082921089328,0.9918644537530665,0.9871975533323366,0.991872572355422,0.9918980177062124,0.9932741318769487,0.9919660824755634,0.9918672284194479,0.9919237392688515,0.9939753636157831,0.996288416092584,0.9958516022152516,0.9938927362883493,0.9939005238660595,0.9919155532682462,0.9919621862462255,0.9925292486940225,0.9774810561841705,0.9883983496625376,0.9843617170396127,0.9884535036634702,0.9870118891192753,0.9822915704960106,0.9404351686205071,0.9898627050530936,0.9878769383603772,0.982832908292726,0.9421850120175829,0.9952333866296413,0.9951724511960404,0.9953710483251024,0.9923030112685909,0.9949689070303477,0.995389887059208,0.9966141540199959,0.9968070490887226,0.9953863724742278,0.9953973947090388,0.9913157640507821,0.923959517397486,0.9017913825317877,0.9405240045225749,0.9405954027719728,0.9190925934586689,0.893008336175338,0.9330969068579437,0.8951522537232988,0.9236374141435455,0.8929006791215652,0.9595538070653862,0.9595412549166872,0.9731384810032705,0.9854005391794605,0.9834187985222003,0.9848577316169304,0.9793391849874153,0.9818206888668288,0.9806678036256214,0.9805489161981746,0.9441177316230804,0.9634457028064215,0.9375602296247981,0.9373875440088991,0.8692893806779781,0.9816690852492241,0.9828747928776489,0.9830575536771591,0.9826362713552345,0.954350139264565,0.8048382465711714,0.7702078605322865,0.8567746020978785,0.9106373190160714,0.8713042138216548,0.8914351673184375,0.8903983563012869,0.770682383169102,-0.1400444893162733,0.9713631598298607,0.9741827444120982,0.9710516401880864,0.983829950804656,0.9675533451625512,0.9738188641114532,0.9731728611076115,0.9309397663048254,0.9751933399694449,0.9329642483591719,0.7364226957593136,0.9189582626407496,0.9182700314821372,0.5722431496839278,0.8536711823813524,0.8576313942086664,0.760494058015119,0.9686216355877413,0.7343832436291349,-0.31138303756888547,0.2504491939052084,0.760463539871894,0.7113014984992939,0.7534156609854405,0.9701376448496104,0.9701682134911563,0.19974374781562015,0.37155638734346286,0.20678329809485663,0.1785821544712876,0.19979729528415893,0.2130561565148439,0.21015423355439514,0.1306754308593501,0.5539326868719548,0.2875817305882352,0.23759890566413358,-0.43423282267698804,-0.4829381234517708,0.6999593496860879,0.7610622390430994,0.7845144000387481,0.8475850427121485,0.8229330921857165,0.5999619712463159,0.7732688220488921,0.7790577039420624,0.7780014294489591,0.4401414574448713,0.24106967631212367],[0.9863834802132483,0.9898718933210569,1.0,0.9876754833516695,0.9934418778675944,0.991367175818911,0.989558957592139,0.9903191669348002,0.9912650287788352,0.992937984520191,0.9968806042043111,0.996055009104266,0.9901702250373017,0.99226909110971,0.990373111066083,0.9898324066610649,0.9908084989371228,0.9899945552275311,0.9889967216695992,0.9889664811319595,0.9918279356770897,0.9901973877147954,0.995100535967383,0.985313205108403,0.9910824553380836,0.9823743310718571,0.9917133833094097,0.9876767910988834,0.9872859553987828,0.9625259066635059,0.9693420402945369,0.9736358389664422,0.9774058728471152,0.9569484093339138,0.9869375699444493,0.9900367840606901,0.9884134127614763,0.991965587485781,0.9946953646934008,0.9908355505837887,0.9849309196225179,0.9878598487328595,0.9873081926409555,0.9866863373132138,0.99265841505249,0.9200181307376418,0.938453835802411,0.9498081765840316,0.9333112009511035,0.8805981494220414,0.9224922563604498,0.9080937283891247,0.925276006936532,0.9323663460681533,0.9162671999591622,0.9506402852042978,0.9601868872613433,0.9681409900028183,0.9773663987615545,0.9441156329553299,0.9668254007171926,0.9663765403317192,0.9726281185151738,0.966612012510563,0.9428033672141141,0.9250151896955363,0.9508507348829268,0.9414149533778049,0.9236647918829811,0.8989972303851697,0.9731396867856652,0.9532513804343403,0.9661053691092237,0.9461154767771033,0.8430160727386189,0.8634104387492962,0.7817928534347629,0.8801285593199283,0.9029726980692546,0.9050182114417464,0.8724294564206663,0.8866835578829461,0.4463588341452196,-0.5265464715381762,0.9635305441550243,0.9511603988513465,0.9509854348528766,0.9440934123213974,0.958074798763586,0.9660587408150091,0.9656898031477744,0.93407487931673,0.9618304675225816,0.8875042279084437,0.7864969251564525,0.9564410365703653,0.9550406557824815,0.8034104443081057,0.9435762862951106,0.9451338065035654,0.8756092270938961,0.9807585023254204,0.7757785273832122,0.48570028745578436,0.673665623698245,0.7982063275767988,0.8007485276788826,0.7792417407949392,0.9828017401899363,0.9828040600738869,0.7204824038530994,0.7027111505601346,0.7112179834139951,0.40892639798269936,0.7099092519004814,0.7164945304408218,0.7253913579211186,0.7163520297798898,0.7579319017639119,0.6931683204637827,0.6766202191130317,-0.34591735072788393,-0.48640405214294474,0.6688214647303745,0.85395052492146,0.8782367850639189,0.8870171395354011,0.8781699617343679,0.7634090702440588,0.8582263016767826,0.8678780796815747,0.8747316229693664,0.7355227540289333,-0.06492342959811145],[0.999933555135436,0.9998551040925212,0.9876754833516695,1.0,0.999403759882906,0.9847283200259944,0.9980908681026347,0.9967011327399246,0.9729834640857833,0.9969510468649854,0.9953241543423632,0.9948268182666894,0.9967814525177398,0.9968981527931474,0.9967428993219923,0.9979804907117782,0.9983610844367455,0.9985786193327927,0.9972032175548744,0.9972116865113962,0.9972130642859001,0.996754528657067,0.989449534625288,0.9746297318883852,0.9915810883841388,0.9622194931684651,0.9908163611147806,0.9888088416194382,0.9726827473735746,0.9579861904539414,0.9917877242145633,0.99342263730029,0.9928051885603334,0.9787721817614521,0.9978516554742435,0.9980926394219034,0.9978137023551155,0.9969140237927969,0.9960445615812427,0.9980105275535441,0.9985594798120331,0.9987706919452554,0.9978268016005442,0.9978333090992594,0.9796066821217085,0.9209731428839268,0.9523179688518358,0.9406375910127667,0.938662420036903,0.9132356329680561,0.961394679322327,0.9483443787017107,0.9631423740220288,0.966215648534982,0.9549792193337797,0.9827595934669513,0.9811371410442598,0.9902561785178515,0.9940777675588792,0.9862998339501763,0.9816530002103195,0.9871281868138617,0.986183232859785,0.9875963185302004,0.9874539989954261,0.9482493585707478,0.9750478214469485,0.9754770715777231,0.9752311514020209,0.9411858146281217,0.9816675743913966,0.9764784921013462,0.9847832209855338,0.9841152815657715,0.924341100121041,0.89831465321024,0.866026704294408,0.9128294299546086,0.926569438163112,0.926576040760807,0.9250599031293574,0.9239234335124162,0.6428054576271333,-0.5401780636540949,0.980279053884777,0.9750323313309899,0.9724371600061881,0.9869336079566421,0.9737030676725458,0.9839595865773337,0.9839332910252594,0.944247317734032,0.9840776564528962,0.9349400386224034,0.8052203898823832,0.9241842703657259,0.9386218147678774,0.8233967397928785,0.9568495259260916,0.9575664985928867,0.9021688906256292,0.9692256929368999,0.8893555359733591,0.5776041823100375,0.7272905022687953,0.897200670203471,0.8695601098160242,0.8883035120419283,0.9767518898491663,0.976911276808203,0.7880596337460637,0.753673748359005,0.8177011871385808,0.46054272924517226,0.8022327980881618,0.8215532055038706,0.816625456340311,0.8123958901086429,0.796001212191325,0.7563833514519196,0.740887068873615,-0.2829738702216817,-0.4275413919250164,0.6991301564108121,0.8897491037455586,0.9293260175987095,0.939461555176554,0.9044955331853964,0.8265096931695126,0.9073324655732385,0.9225787255493958,0.9225640684628437,0.8533571530409451,-0.13508731470437318],[0.9991766132391187,0.9983104686334644,0.9934418778675944,0.999403759882906,1.0,0.9872327162711572,0.9990001062146805,0.9985478989666685,0.9845694746686351,0.9985462505471087,0.9981479837176638,0.9980788461357983,0.998565307751201,0.9985775482798943,0.9985792156238822,0.999058983999893,0.9988165756483646,0.9992441798730551,0.9988384800658137,0.9988389737136747,0.9986221907546197,0.9985652460327251,0.9949303029726795,0.9818695066400099,0.9951748058251356,0.9785184730741543,0.9951963307247199,0.9923821552872246,0.9846090818554741,0.9611431763117453,0.9892855457350791,0.9919767068900195,0.990301563071531,0.9715296379018157,0.9988434997422161,0.998908196479942,0.9989321048752886,0.9986700334556983,0.9985714659612175,0.9988983869734509,0.9989195142523402,0.9991460741200593,0.9988605037556757,0.9988606420982487,0.988655372717027,0.9301535782268904,0.9516875161892807,0.9479627260683721,0.9393970487846882,0.908952330419584,0.9500877260141672,0.9446949656509022,0.9543245526049896,0.9605759731210222,0.9490399901712366,0.9807712268691683,0.9807024508255094,0.99041369061025,0.9939668936910474,0.9826315286376792,0.9758143381124593,0.9819070683396551,0.9824957142453609,0.982297897040093,0.9821209188850654,0.9460612202945102,0.967135558682926,0.9607851263113741,0.9605002549449562,0.9146875468405402,0.9788371705135953,0.9751376073027681,0.9808484878512107,0.980082730852176,0.9390267136676413,0.8802564586014129,0.8470101066953409,0.8991930905690304,0.9312779096753353,0.917592453669868,0.9238735326055352,0.9229438993794347,0.7785047470352324,-0.5404685140835046,0.9744464206855574,0.9651722936454157,0.9636387990334787,0.983452235772229,0.9643605061418575,0.977852339988809,0.9775194823054216,0.9360421820192775,0.9791088338193333,0.9378864795822072,0.7952047942867592,0.9374401583056027,0.9573325515077454,0.7911835958583855,0.9457028352582127,0.9470093909900992,0.8972039462154059,0.9738464520939514,0.8914077377577471,0.4164547247540943,0.6733617150935366,0.897255536380064,0.850663559782493,0.8932547576666153,0.9801416689909496,0.9802660571661221,0.7556003332184613,0.7386497848693532,0.7594119031292755,0.43979305145324954,0.7164374732309755,0.763783396037386,0.7595718933756392,0.7244538827357084,0.7841483470009984,0.7429350848206906,0.7265706529765444,-0.4823179289686195,-0.5653490222154287,0.6940315641691794,0.8854576671046973,0.9170332173612669,0.9357421547695961,0.9034729730327847,0.8104676127640739,0.8991708487783041,0.9113378846686622,0.9108798139952102,0.7935699423884415,0.07531958272658867],[0.9836608624520019,0.9898357493767737,0.991367175818911,0.9847283200259944,0.9872327162711572,1.0,0.9811383406622343,0.9824026397341507,0.9931654653303044,0.981754565518656,0.9777221405516235,0.9767702006509963,0.9822286790313492,0.9826709326978667,0.9824704459881706,0.9820435062170773,0.9856929500195271,0.983049773103915,0.9829226837558248,0.9828913854729134,0.9812469823582554,0.9823275718239421,0.9940978033690117,0.9934366678231171,0.9836124222721291,0.9877376431526832,0.9840797351720724,0.9743882468640425,0.9875803274763235,0.9741395335732879,0.9594181527558574,0.9654439513729727,0.9754573038557176,0.9665117764206268,0.9808517622948136,0.9812618683863548,0.9821201522270653,0.983104621528899,0.9776290535987202,0.9816386585248418,0.9800497823808202,0.9818912420117497,0.9810896146098254,0.9810636614819903,0.9960043719458658,0.8821814798868539,0.9297723176891715,0.9274652646091582,0.9373130865530166,0.8962560856310844,0.9171215183903346,0.9113217682321217,0.9200111875444406,0.9370610592829293,0.9171478984134268,0.949163704544075,0.9552568811117351,0.9618046926147236,0.9685549589516619,0.9728700291326406,0.9886144352640513,0.975060468057876,0.9859346732477836,0.9746683249572464,0.9741452891934367,0.9765678016892291,0.9725998719943658,0.95361312271453,0.9530982445147168,0.9500368888061376,0.9847492509139618,0.977557405190136,0.9739385368600215,0.9727296985216005,0.966954709682443,0.9052543404080374,0.8623830103437911,0.9206695308547218,0.9243177515002315,0.9337598481515019,0.9149022470634998,0.9128526112629298,0.7635545565458767,-0.4814505111853802,0.9831326681046682,0.9847027257421205,0.9811234220305276,0.9736801946518977,0.9762459060265584,0.9817810753678199,0.981399730607638,0.9694191734797927,0.9717572105134081,0.9690071637653304,0.8074890612158702,0.8994621820204941,0.957488709039828,0.8369134908748546,0.9455648264695508,0.946552354983693,0.8664054862687021,0.9589107476351416,0.832159038196979,0.49819800181456997,0.6903293214117676,0.8419640813758885,0.8195836368154594,0.8318090171516348,0.9587028845455924,0.9586892353879308,0.7405770413751229,0.729152015298215,0.750438594883768,0.46382778159670685,0.7471476141947413,0.7556151415706235,0.7493463903323431,0.7478175712160833,0.7750994456076516,0.7147529143681678,0.7021882426405889,-0.30860233655872193,-0.43944034466783044,0.705623708832319,0.852797711493722,0.8673622911665716,0.8845743890913614,0.861832328892344,0.7831825231549947,0.8465735524733916,0.8596233624094023,0.8595859868482871,0.8025401289625956,-0.0938301988239913],[0.997869592228414,0.9942082921089328,0.989558957592139,0.9980908681026347,0.9990001062146805,0.9811383406622343,1.0,0.9976227129016892,0.9570884594552522,0.9996285879874144,0.9995956847207675,0.9996230579655506,0.9984913853254557,0.9994954599171546,0.9992242011553012,0.9998937869511673,0.996746244495504,0.999904763471335,0.9994115516102111,0.9994163277529868,0.9997268124809194,0.9993606179672442,0.9908134275564617,0.9750960510349126,0.9864210786670761,0.9285455655010826,0.9938752069447317,0.9929418600853339,0.9752320603245057,0.9546594586448579,0.9916820436774464,0.9921207995478809,0.9938387015435576,0.9761835955585303,0.9990561590250492,0.9998603906104415,0.9997296052355433,0.9994969278388747,0.9997843673815946,0.9998463809999366,0.9985822106330715,0.9997496793633971,0.9994193784023033,0.9990920756113362,0.9801520903067912,0.9371736241264528,0.9545179595553532,0.9523911249598398,0.9407911304510623,0.9077955382025087,0.9583681551143473,0.9479958453601269,0.9607323700879914,0.9639050895746856,0.9543462842326401,0.9822265325985192,0.9820218225955973,0.9921519233028464,0.9964694391088965,0.9528366110241362,0.9628363320960338,0.9737502333760062,0.9740283058736362,0.9752264132203599,0.952782856586448,0.9034351150795898,0.9576820809471148,0.9630190926640253,0.944391941361038,0.8935840458277532,0.9689542679144444,0.9453174329844081,0.9701589895994155,0.9532150322845124,0.8007584692573051,0.8721460107822505,0.7988517100810055,0.8858420026770013,0.901973568038115,0.9062584444105964,0.8865181150896886,0.8978399784681972,0.39256310784976467,-0.5753176693165426,0.9648175079024497,0.9501893308099999,0.9502066991126735,0.9542738464967254,0.9599391366451218,0.9710972126091344,0.971157270612912,0.9238451445056716,0.9692138602855641,0.8587890038485534,0.7886740921699862,0.9380640998830417,0.9370671364174185,0.8101189514111292,0.9543753626572523,0.9552259736279313,0.9013335629410754,0.9733666138719861,0.8332279622238564,0.5737300934433698,0.7212240064247394,0.8573981925465742,0.8515147157485082,0.8389008542209652,0.9805997198463612,0.9807867234140448,0.779974821080541,0.7362927431600572,0.7831088058735336,0.4332666140176255,0.781820965453512,0.7963626966145974,0.7885877318284352,0.795244069743781,0.7816820348214399,0.7495331170440598,0.7321923477729858,-0.2962998894067625,-0.44855189845479354,0.7071224066790205,0.8905302287693847,0.9223318531979938,0.9408624831874886,0.9104080686414123,0.8284763700609974,0.9095476960353438,0.9272703893871139,0.9258966545213639,0.7788432950572654,-0.1056712022061229],[0.9963105298022567,0.9918644537530665,0.9903191669348002,0.9967011327399246,0.9985478989666685,0.9824026397341507,0.9976227129016892,1.0,0.9677103706173172,0.9999998344904412,0.9999993395613069,0.9997723224680564,0.9999970755745516,0.999993017269897,0.999998310951068,0.999352312891209,0.9917915303130089,0.9994809139225784,0.9999116889009317,0.9999113787346976,0.9999662955531128,0.9999988118585716,0.9913406314306931,0.9768195233468291,0.9931579255240572,0.9424476730840076,0.9943648990745318,0.9913719546909848,0.9774207686594691,0.9542037463624082,0.9880469630913855,0.9939280607139908,0.9924872688688804,0.9733817646716012,0.9994812868123572,0.9995873079041077,0.9996865867380278,0.9997524520789619,0.9992759216112238,0.9995254227714737,0.9982891638355694,0.9988852168749166,0.9995533597312672,0.9994241008365241,0.981900248388438,0.9370122535824695,0.9520340563147773,0.9558705701742544,0.9399416193195103,0.8984127734090712,0.9566058851857154,0.9436570429326269,0.9586340873362056,0.9585727235653818,0.9485970250344301,0.980245208029521,0.979243732693721,0.9911699766994031,0.9968912929948912,0.9484039702144015,0.9596044865887112,0.9683866269792498,0.9715771175819331,0.970211852806667,0.9513099385723528,0.89779898747274,0.9538120858564807,0.9572260881757431,0.939612835040131,0.8840125461775019,0.9667765662284932,0.9399641019255863,0.9654519307529982,0.9491001675206185,0.79023457654706,0.8656655950273145,0.794955749688963,0.8793336156929641,0.8958885999952716,0.9026040991205386,0.8826741755467984,0.8919359180595333,0.3769582074546913,-0.5787346918023739,0.9614855162362199,0.945262950548606,0.945458468307345,0.952526170660733,0.9564328396342847,0.967840400695468,0.9678901938896485,0.9205694588862775,0.9634471215596856,0.8500963211075725,0.7861369936822558,0.9501555415517183,0.9471493538660166,0.8074224825722186,0.9543091049411564,0.9553052615455714,0.8988359235488823,0.9770458145943133,0.8357497311131186,0.5593851388748443,0.7127850737103424,0.8580524978726445,0.8482800550379339,0.8406887256123234,0.9828556254832361,0.9830415878268243,0.7713619169784114,0.7291735623337322,0.784061605554105,0.4218226359232306,0.7767271041857219,0.7917189477671849,0.7886904817392005,0.7896430635935991,0.7759194061300971,0.7439662627743668,0.7260971050817183,-0.3113852356031383,-0.46254342716152547,0.695130593513111,0.8833279699477451,0.9196752839857436,0.9334454416867994,0.9048428521037675,0.8181419273180407,0.9031954682220773,0.9210089660244591,0.9198861677626188,0.7606468175234393,-0.08889514174754767],[0.9709056219839794,0.9871975533323366,0.9912650287788352,0.9729834640857833,0.9845694746686351,0.9931654653303044,0.9570884594552522,0.9677103706173172,1.0,0.9827342690858323,0.9872898581568098,0.9897267353190093,0.9713375088544491,0.9796463163981461,0.9762261953099406,0.9742283129248606,0.9500711116359539,0.9790955572683042,0.9769168612707418,0.9768561361934371,0.9812373419867457,0.9760599975383452,0.9938913536297244,0.9933216357417057,0.9803039016744692,0.989806724751124,0.9834450872569946,0.9905557581984008,0.9907480805567312,0.969739762807993,0.92751781463263,0.9491187932168763,0.9662592783712529,0.9524655154208993,0.9706445215813782,0.9791381340490388,0.9757265520146978,0.9780915832984286,0.9882089430308427,0.9802929713194388,0.9668568898552701,0.9763723487093987,0.9715121895002243,0.9704725258356578,0.9990310351321137,0.9005714416193712,0.9231792531622984,0.9508275680119663,0.9406359372015388,0.8771758881156361,0.8862961799314248,0.8861175653975161,0.8903174154613283,0.9163334525768247,0.896206432336645,0.9293488686473654,0.9460525358916372,0.9513515166574709,0.9610564113619323,0.906803672498358,0.9688742547629571,0.9483262365018309,0.9676735732922142,0.9483246115466668,0.9055760862025034,0.9186903928579847,0.9459255716214804,0.9197647256785223,0.8844939078515005,0.8872585795078185,0.9692140611475398,0.9237566887132518,0.9461161770452629,0.9095070533507095,0.8338441529121217,0.8588900268917473,0.7415923789575652,0.8771371463279163,0.8861823078774104,0.8996122375843344,0.8487619439557921,0.8672304114087943,0.4284469706002313,-0.5087789066522476,0.959448876360688,0.9543570132964904,0.9519096528675518,0.9051240959887704,0.9502140561306204,0.9576839954853965,0.9571453915249065,0.9391120906726372,0.9432141355215325,0.8785997236198937,0.7925340489587964,0.942283071794309,0.9626612200131538,0.8126907707784219,0.9370440924372323,0.9385784629479071,0.8533771922233235,0.9683769072527144,0.7419730931723584,0.4478834433139543,0.6548276619204257,0.7749833722221825,0.7774171422100107,0.75317874412477,0.9677149948058681,0.9676635856417479,0.7015834110399423,0.6925462272083677,0.6764772903043003,0.41653307856498,0.6915772650594723,0.6942608669594529,0.675578310244425,0.694366649715033,0.7507245850147608,0.6866866655412273,0.6714704276996875,-0.351414467692646,-0.48814934861632014,0.705785432902958,0.8382400176560444,0.8311274596093372,0.8614377487268717,0.8571056573180453,0.7550577639691604,0.8140754631442423,0.8369764423437129,0.8308363721746111,0.7074150106078576,-0.025006377943525726],[0.9965152093819565,0.991872572355422,0.992937984520191,0.9969510468649854,0.9985462505471087,0.981754565518656,0.9996285879874144,0.9999998344904412,0.9827342690858323,1.0,0.9999991528978363,0.9997768335930672,0.9999985297838294,0.9999919283908372,0.9999978484299127,0.9996950483716528,0.9979325987330802,0.9994790779434214,0.999887710940828,0.9998877135669175,0.9999782589153831,0.9999993439584707,0.9938786169310238,0.9785331782854321,0.9963388056517626,0.9746270060328825,0.9964243358379924,0.9913705438654544,0.981765074209342,0.955539203142742,0.9898563711961255,0.9938561045963306,0.9901996030690975,0.9702310057356061,0.9995157444525988,0.9995810786479048,0.9995938119709097,0.9998390475733864,0.9992878119500969,0.9995328463576892,0.9985189393275852,0.9989301174398,0.9995222744314441,0.9995177939210572,0.9863014329602335,0.9369592948167504,0.9520662958038236,0.9557811886437458,0.9398758120272186,0.8985293010023754,0.9482677624652206,0.9391119835891708,0.9519165194479053,0.9568815826697465,0.9468347530900897,0.9794559892690107,0.9792766432750232,0.9917324295211046,0.9967254972876599,0.9730379795137438,0.9595348962402499,0.9722511199886097,0.9715340223287267,0.9727801523810529,0.9725628379758346,0.9335619845507153,0.9537624381313459,0.9513087778915922,0.9510252819849065,0.9029883500606191,0.9667065689315149,0.9655837959078972,0.9714167076765519,0.9704843120876994,0.9253737093742763,0.8656950931484035,0.8268295076937907,0.8791812007511473,0.9146608942980954,0.9031097067106176,0.9084532824355173,0.907691324697543,0.7336609954388489,-0.5815235678545558,0.9614452467422964,0.9452461901906881,0.9454547885095721,0.9740583940635112,0.9517443992122392,0.9675154455571776,0.967165349054773,0.9212033559675981,0.9689812377090334,0.923319757933208,0.7861372253756466,0.9499478943057935,0.9585107494914407,0.7924411235823605,0.948367503284167,0.9495388828780161,0.8989082209837107,0.9762910327673184,0.8993925148953923,0.4574224409414442,0.690366465651984,0.9052058641101413,0.8587102831623564,0.9011991416730933,0.9828228781924786,0.9830302320623536,0.7714304839724078,0.7290028490833049,0.774582376033471,0.4219308566937566,0.7326003898918736,0.7791715133276083,0.7747573692589143,0.7425472528885178,0.7757391271578702,0.7439532266606594,0.7260739560889473,-0.5270511128985761,-0.610438700851344,0.6949550665816016,0.8834410044076765,0.9200945771896335,0.9380046138163377,0.9049443658163819,0.8149898440514093,0.9002330213537285,0.9139976718066711,0.9134829173304012,0.8057902879784805,0.13770275768457224],[0.9946496499674699,0.9918980177062124,0.9968806042043111,0.9953241543423632,0.9981479837176638,0.9777221405516235,0.9995956847207675,0.9999993395613069,0.9872898581568098,0.9999991528978363,1.0,0.9997761808799738,0.9999963912639894,0.9999949569931407,0.9999983772075107,0.9996806781217518,0.9976439046801802,0.9992338767564172,0.9997935055321834,0.9997935823689473,0.9999984524806683,0.9999984115455399,0.9932668670584329,0.9746939906849247,0.9954309497327857,0.982695025520146,0.9960071605250471,0.9913832152848273,0.9840007238627029,0.9485465487783347,0.989181724016458,0.99343088602328,0.9842260405260908,0.9464758539673533,0.9993089294653917,0.9993629693023821,0.999305125301224,0.9998985012223311,0.9992719236459482,0.9993151159994431,0.9980062323865981,0.9985574119456608,0.9992846233257712,0.9992824404790133,0.9886486644982296,0.9366820069069123,0.9204315653521885,0.9557372656139032,0.9397989651294103,0.898245068909221,0.9193536003317994,0.9101377478114218,0.9236445247785855,0.9321255821532962,0.917832847504333,0.9722393550240187,0.9722164131882838,0.9907879854198567,0.9953259668914013,0.9652133625289774,0.9596664472484138,0.9598469865793255,0.962358697226716,0.961119366691181,0.960848885602087,0.9094789090194648,0.9434003702746699,0.9172673361562703,0.9167973456664803,0.8354461818267729,0.9647125014544371,0.9699766449767471,0.9665697477149151,0.9654587835227252,0.9179683195008239,0.8027329540320456,0.7668741805448214,0.8437191438867188,0.8952572860914906,0.8653750385477483,0.8802643956810743,0.8790036946331429,0.7354520290848215,-0.3827609444228088,0.9489914216802476,0.9453947533788049,0.9455637861040884,0.9663043730761944,0.9380887519055162,0.9516008147354776,0.9509222729044253,0.8938981184445369,0.954183800537017,0.8980899338624357,0.786299499362109,0.9502488876240264,0.9625892522769043,0.6898548568647703,0.9097596507305075,0.9123408108151939,0.8570627741397104,0.9854150798966079,0.8449512067614546,0.11538735080990611,0.5439862559474337,0.8569504633083675,0.8246669253043,0.8518073576696952,0.9861537698391948,0.9861732585744722,0.5370056576728209,0.6446988410772213,0.5441865913288417,0.4218705505947402,0.5120946088285031,0.5546318924313488,0.5452528786325298,0.4835312179474051,0.7648114756402171,0.6142865824014339,0.5761168431441004,-0.4879525633281725,-0.5465141219786651,0.6944192124211942,0.8636031699831013,0.8760495042069623,0.9087847694539707,0.8987660534661802,0.6848300252250408,0.8510710972691127,0.8692388602600246,0.8685599323322264,0.6212387865314685,0.08802453932049802],[0.9939483872701911,0.9932741318769487,0.996055009104266,0.9948268182666894,0.9980788461357983,0.9767702006509963,0.9996230579655506,0.9997723224680564,0.9897267353190093,0.9997768335930672,0.9997761808799738,1.0,0.9997897710079962,0.9997758825210676,0.9997816015933882,0.9996803177209451,0.9982670369994344,0.9994256552357264,0.999971430958347,0.9999711727894611,0.999780833589628,0.9997858980824313,0.9929144914753819,0.9718303649690604,0.9943091126061046,0.9835217853738979,0.9950741588026505,0.9937652626438829,0.9804017859424333,0.9304844048698034,0.9917913121795003,0.99447579117702,0.9799428774375423,0.9288008588380187,0.9994396997729872,0.9994852800404268,0.9994479204058134,0.9996042244150276,0.9996273046966377,0.9994634303362994,0.9978940190176481,0.9985915080514791,0.9994270994866076,0.9994240336408752,0.9899854765505215,0.932400997675304,0.9077848318419393,0.9528040880539704,0.9385010202695728,0.8981780227350654,0.886207510235635,0.9225839181059502,0.8896177709024342,0.9099693039839839,0.8845659384366674,0.9607005732254597,0.960686644150344,0.9822284982196055,0.9948723438854654,0.9638542267038553,0.9641651928123177,0.9549426728864022,0.9599530767342399,0.9573118936322981,0.9571003219777624,0.9091407068631411,0.9339769035292735,0.9012797649709605,0.9010353334188339,0.8189061194167772,0.963668211789451,0.9656401897579115,0.9656740319090179,0.9650079332124094,0.924684362050181,0.7563130275338267,0.7181081494275778,0.811515310626551,0.8743608910610009,0.831575474020877,0.8537702170672606,0.8529724587569333,0.7176109269860981,-0.2608460905763461,0.9429445986763688,0.9475895596765166,0.9425552571627083,0.964562063008113,0.9378092112251409,0.9463312437493018,0.9454345143508726,0.8917061462800349,0.9485199053399892,0.8946730189305246,0.7412538742901131,0.947840057206062,0.9419686782315633,0.5695461940282883,0.8572697395595017,0.8616025064700151,0.7571307940747061,0.9795055860872186,0.733714032069333,-0.2525577386541207,0.2858351520324142,0.7570198809326278,0.7134555068548388,0.7508701846954786,0.9806298695183198,0.9807220714892989,0.2343854726932003,0.3920163076549248,0.2398629684856101,0.21190723206818696,0.23171988232850088,0.247103658311179,0.24479217961650848,0.1615097156017254,0.572244253286651,0.3088393134111328,0.25714801637132534,-0.5009149991599888,-0.5484364141873103,0.6948123860250318,0.7639075064514818,0.7871835590194112,0.8508980792327312,0.8307599179306224,0.5896372411966346,0.7714945715545585,0.7820121843127394,0.7810053393159563,0.4429287754797244,0.2772618926222878],[0.9964077691998523,0.9919660824755634,0.9901702250373017,0.9967814525177398,0.998565307751201,0.9822286790313492,0.9984913853254557,0.9999970755745516,0.9713375088544491,0.9999985297838294,0.9999963912639894,0.9997897710079962,1.0,0.9999914264611898,0.9999976711999145,0.9993980964096146,0.9934147007556954,0.999519238561611,0.9999210286840468,0.9999208843829055,0.9999731636963849,0.9999989824370459,0.9912205814360445,0.9766253317232578,0.9938053049981609,0.9473409172809198,0.9943168605729112,0.9914796028631706,0.9772216442440775,0.9541479703636637,0.9889569323990423,0.9940129046527001,0.992569334167515,0.9735062718820168,0.9995241205921834,0.9996261798233562,0.9997165670374666,0.9997511742231463,0.9993320695269814,0.9995654516119227,0.9983741358857391,0.9989503749910665,0.9995960185613727,0.9994674770860746,0.981653461013772,0.9372691870005372,0.9521962935372869,0.9557893286848719,0.9400038877988094,0.8990005038894887,0.9569637085353669,0.9440447171414248,0.9589945968762367,0.9589033082282491,0.9489899941484626,0.9804992411805578,0.9794297131465489,0.9913048234603105,0.9969749428023462,0.9486513955153659,0.9596136141424414,0.9685620658775006,0.971616666385484,0.9703858187064619,0.9515106537211085,0.8977392439600262,0.9539409363816941,0.9575199263150175,0.9399608121966163,0.8841609234354351,0.9667737579782382,0.9400953960769122,0.9655946239950173,0.9493297093983915,0.790135538308603,0.865914638436553,0.7953903664873966,0.8795662050288444,0.8960902450519174,0.9027192538074807,0.8829807981129032,0.8922344418373623,0.37705560709083624,-0.5788260950902855,0.961560828221886,0.9453674689208726,0.9455585120168654,0.952726226651473,0.9565099158085658,0.9679368509079348,0.9679894808958884,0.9205298827105461,0.9636421234109988,0.8500768799508508,0.7861874712117284,0.9496056230161422,0.9466503805420815,0.807442035791779,0.9543107378089879,0.9552979203966259,0.8991785382016437,0.976906903894883,0.8362505530176365,0.5604960443092399,0.7134332716232594,0.8585370839540206,0.848815440632838,0.8411805059539397,0.9827956632552352,0.982982673366293,0.7719727815180394,0.729672277830029,0.784682179149541,0.4224313647984807,0.777395164670134,0.7924164645278247,0.7893246537216188,0.7903554915985934,0.7762543744172944,0.7444191391748666,0.7265645523992803,-0.31047349824586495,-0.4617388966235044,0.6955198311675197,0.8838527448556445,0.9201603040698706,0.933986573869538,0.9053306184300166,0.8187081526842357,0.9037860100813461,0.921601843339101,0.9204686063689141,0.7613310322367972,-0.08993958083993443],[0.9964392257471018,0.9918672284194479,0.99226909110971,0.9968981527931474,0.9985775482798943,0.9826709326978667,0.9994954599171546,0.999993017269897,0.9796463163981461,0.9999919283908372,0.9999949569931407,0.9997758825210676,0.9999914264611898,1.0,0.9999952530407805,0.9995836032410657,0.9978890255898905,0.9994790191110094,0.9999067762281105,0.9999058302305811,0.9999555805295826,0.9999917462603346,0.9931143234711618,0.9770292361535639,0.9960597646376234,0.9686713619923302,0.9958490915247025,0.9913530984849843,0.9776721955043601,0.9543351968707754,0.9893468327183043,0.9940847086554465,0.9918910704696956,0.9730934513063737,0.9995045875547823,0.9995803194908222,0.9996377892789904,0.9998918708133528,0.9992977394010966,0.9995157030889756,0.9982478605247345,0.9988753561042969,0.9995247645524268,0.9995181251912261,0.9841799396076681,0.9371070210837464,0.9519762433207349,0.9557407438626006,0.9398395073985202,0.898521060924732,0.951996765597623,0.9372766374741826,0.954305408582306,0.9583094271216464,0.9482892328151437,0.9790723670572644,0.9791139349888732,0.9906139856062641,0.9969711519298552,0.9739075692319371,0.9592864876837036,0.9734656969136187,0.9715459756783625,0.9744102844702355,0.9741889696418059,0.9427541596137886,0.9535033828650229,0.9563393607248452,0.9560444861837922,0.91968740022262,0.9667339006815701,0.9685337781517839,0.9733764649426117,0.9723623831953941,0.9338510397951291,0.8654547741420187,0.8321876654018376,0.8790082554181595,0.9064386389245552,0.9024656201659694,0.9032051490806815,0.9021302050722405,0.7117387577572442,-0.5789475921915354,0.9614700353679646,0.9451051660060985,0.9451924625586821,0.9749439061382562,0.9565035765950178,0.9678375461814567,0.9679140857936565,0.9205566390392929,0.9692362258279493,0.9318310587080255,0.7860637740887971,0.9497319399411126,0.9516526887237347,0.8067955381832086,0.9541847797638195,0.9551418350869865,0.8987834850635508,0.9772529862445044,0.8859138661369899,0.5596292183555789,0.7123157012970041,0.8937641614772962,0.8621007019309161,0.8847959215531453,0.9830623749524385,0.9832669060350849,0.7705747911374561,0.7285108064395177,0.8042410116318559,0.4219534023134187,0.7838488327141859,0.8086197635927725,0.8031619273401718,0.7905408095366042,0.7758384748595106,0.7426953124203424,0.7248590188608398,-0.40054745442106865,-0.5228601147097219,0.6944177013787283,0.8834399346277425,0.9165963372788973,0.9295064506821049,0.9052724037155239,0.8172607769991314,0.8918146012137621,0.9097537435602082,0.9093526656922107,0.8410295118485527,-0.056474095058383175],[0.9963527847695256,0.9919237392688515,0.990373111066083,0.9967428993219923,0.9985792156238822,0.9824704459881706,0.9992242011553012,0.999998310951068,0.9762261953099406,0.9999978484299127,0.9999983772075107,0.9997816015933882,0.9999976711999145,0.9999952530407805,1.0,0.9994850024521522,0.9971893219136854,0.999495950994594,0.9999143916972214,0.9999137984579021,0.9999672134341414,0.999997692877936,0.9913837337133973,0.9768818803568063,0.9954292276047748,0.9603853298946289,0.9952349374876865,0.9914385239007761,0.9774734318983949,0.9543647216416018,0.9914255125759881,0.9942723463015725,0.9924389509208148,0.9732989805363254,0.9994922702527546,0.9995883142030947,0.999693340568605,0.9997671231874612,0.9993014593307975,0.9995227592605052,0.9983129151659247,0.9989004585363576,0.9995627424092376,0.999436056851746,0.9819010726002034,0.93708040533309,0.9520522023919411,0.955848059303748,0.9400005751201059,0.898667145009746,0.9566809811418164,0.9437831226731823,0.958739509430999,0.9585256595845871,0.9485164507084638,0.9802682984401201,0.9791907919689449,0.9911416690589387,0.9968565058363398,0.9486812013747309,0.9596584422096313,0.9685437104828576,0.9716582849696128,0.9703556866667477,0.9511314751594109,0.8979988686486573,0.9537369666894109,0.9572886842034627,0.9398115945361558,0.8841398572471884,0.9669137674119912,0.9402872272879731,0.9656431964131471,0.9493910303652783,0.7905574487449047,0.8656738725967407,0.795203919950607,0.8793820205817625,0.8960495858192126,0.902615757178261,0.882818846885272,0.8920955537242876,0.37730135298089773,-0.5784353490792247,0.9615737790393928,0.9453553924304885,0.9455469977620211,0.9513816084961203,0.9565996308822884,0.967922510236645,0.9679689675571064,0.9207555466372421,0.9636051923788612,0.850343869824889,0.7861528607753082,0.9498940681498617,0.9470599327569739,0.8074333518410906,0.95424328385042,0.9552435388844848,0.8986589560029906,0.9770619939621542,0.8357767299353385,0.5592075947835231,0.7126736630990854,0.8580582537257422,0.8483961602531377,0.8407126207461173,0.9828913824848813,0.9830742880963647,0.7709872644239241,0.7288534535362892,0.784039344910533,0.4220559397212444,0.776703566636852,0.7916390283071798,0.7888393860870122,0.7895446167941766,0.7758435342385325,0.7432559320392651,0.7254205074505423,-0.3112041102310238,-0.4623582606065755,0.6953349861071932,0.8832378987260734,0.9197918263560807,0.933481373713926,0.9048843748311111,0.817941947617717,0.903388191574213,0.9210392147857255,0.9200312786450346,0.7607346606346301,-0.08915570057805884],[0.9977311000158969,0.9939753636157831,0.9898324066610649,0.9979804907117782,0.999058983999893,0.9820435062170773,0.9998937869511673,0.999352312891209,0.9742283129248606,0.9996950483716528,0.9996806781217518,0.9996803177209451,0.9993980964096146,0.9995836032410657,0.9994850024521522,1.0,0.9984687967873259,0.9998574402416261,0.9995690413272218,0.9995736128305807,0.9997792890545867,0.9995561789669597,0.9910257786888531,0.9758376212277649,0.9941285558390571,0.9531483327651504,0.9937912137791046,0.9928189159157336,0.975700316432002,0.9548952266760856,0.9918311460281565,0.9927445437039127,0.9932931400703814,0.9753545015526066,0.9992947822135417,0.9997421171578392,0.9997283493795015,0.9995879706673838,0.9996254312148799,0.9996988378788135,0.9988799699264983,0.9996013760855909,0.9995244118102333,0.9992926492855727,0.9805339835017578,0.9357603041810237,0.9540893239648801,0.9531253533123056,0.9408611050663822,0.9050591863875685,0.9586857660539666,0.9481788336898226,0.9610228286187609,0.9625106665770771,0.9525928045828228,0.9821954371494163,0.9811606807056449,0.9920639574669216,0.996394993526069,0.9531231411606229,0.9632195292790204,0.9733196771785604,0.9741593891120175,0.9748755497846211,0.9539075184385414,0.9032569972287025,0.9570740975707477,0.9623892331323973,0.9446164162317389,0.8921090753763705,0.9693725786130258,0.9451230655520556,0.9698948642859491,0.9536598849465755,0.7988281561371924,0.8710434522390978,0.7995792864166733,0.8846949147200157,0.9009788987662938,0.9053494408199911,0.8865295774185489,0.8972303443557544,0.38878953364162483,-0.5752537748647354,0.9647937827705765,0.9501293295999076,0.9501426738267403,0.9553898735026933,0.9602988069249848,0.9710021674807757,0.9710602276370781,0.9246889242571162,0.9686437595898438,0.8576620963777463,0.7879456291282546,0.9412023478879268,0.9394599192360104,0.8098898985592505,0.9543081162207442,0.9551476835296332,0.8988217151047477,0.9737367762173958,0.8350463800539583,0.5689604533618632,0.717703732821401,0.8581033589642956,0.8510758576