var element = document.getElementById("correlationClose");

if (element.style.display != 'none') {
    var correlationClose = {"data": [{"type": "heatmap", "z": [[1.0, 0.9999831682481543, 0.5711311590079148, 0.9997012229630303, 0.9974762146614015, 1.0, 0.9908526557766372, 0.9864234012017501, 0.9915037753780334, 0.973141674633822, 0.9821326817295533, 0.9908971387197045, -0.1297647291712983, 0.9909622065096297, 0.9893475401729227, 0.9913029924278011, 0.45191964736905244, 0.9919720916351085, 0.9919574375658141, 0.9839160050861858, 0.9908843054734361, 0.44597976724875704, 0.6656991919018844, 0.9778919572237075, 0.9778690745149122, 0.9606566244959088, 0.3075330162175677, -0.12199543977119313, 0.9898274410022907, 0.9897859994013435, 0.27666851707096063, -0.20341762335215235, 0.9937722017162887, 0.9946392214764889, 0.8114822577353739, -0.3900135414996311, 0.9875923777941782, 0.9943998181471589, 0.9924868392837554, 0.4342359143014169, 0.9939587133642603, 0.9939452610125894, 0.9939587133642603, 0.8882205426903936, 0.6700573531247118, 0.8649464959867308, 0.8795159710695851, 0.7925504498921365, 0.3881595906954166, -0.132609391212514, 0.19158494900400558, 0.9453890410123663, 0.46202533847973065, 0.976900865625863, 0.9711024109360884, 0.9148011139783676, 0.9109710243084227, 0.9330021106899372, 0.9087524714070514, 0.9297783759077132, 0.9305612055976991, 0.9297783759077132, 0.8439702550592476, 0.9062219686317724, 0.907310792064132, 0.9062219686317724, 0.895863169290528, 0.7340834035510208, 0.8708158920952384, 0.8724400206457185, 0.8708158920952384, 0.6187502763886525, 0.3087244045861288, 0.5955420368618203, -0.5945246963773971, 0.4909590452580451, 0.544699753641614, 0.5460519011571703, 0.544699753641614, -0.1011665660952531, 0.8830806711177264, 0.9149296320473824, 0.8966882082648255, 0.9163027681592689, 0.44826719930086845, 0.8802413088493931, 0.8814438913122511, 0.8802413088493931, 0.8897685084417679, 0.8897685084417679, -0.16074637813694556, 0.5489621696046072, 0.192525139061606, -0.5608039911258792, -0.5626653848938878, -0.5663297020608131, -0.04010811778270004, 0.057286324382637165, 0.25964327869670806, 0.13610609948660116, -0.38481047391030465, 0.055854274549230726, -0.7925513294723476, -0.21045646857612763, 0.12172679245148901, 0.1220055785205853, -0.5408346259379861, -0.6052082144666722, -0.2121510732302647, -0.4865578488126651, -0.8291236438904069, -0.34900408723796433, -0.34003658829732425, -0.34900408723796433, -0.1840290894678906, -0.25666354934230634, -0.25666354934230634, -0.8175574262914723, -0.8175574262914723, 0.3983654743422382, 0.6570556445192306, 0.8728822035326268, 0.8516822198775014, 0.7889219100175658, -0.24834749809586887, 0.7671040887315164, 0.8076363116460982, 0.8079375286531043, 0.8076363116460982, -0.2358297849364205], [0.9999831682481543, 1.0, 0.9694923555369229, 0.9992195271530947, 0.9937839876906694, 0.999983168248154, 0.9781178612290783, 0.9691938755214481, 0.9778992184879876, 0.9587191269425226, 0.9800575727233551, 0.9781658344111847, 0.9781258219283433, 0.9779449035268376, 0.967816804600483, 0.9738506398252912, -0.266099236710994, 0.9835154614985381, 0.9834871946492914, 0.9782304722172908, 0.9782213573540973, -0.14633135333073896, 0.9682373377668059, 0.9713230082050992, 0.9713933339020892, 0.9608687158441217, 0.04018250915044229, 0.15056402928073281, 0.9758730169952183, 0.9759320430778088, 0.9712136387959039, 0.13943882439907698, 0.98757549921597, 0.9876544536548819, 0.988426890010045, 0.9802904617970065, 0.9859924975068258, 0.9876108564314093, 0.9775712052285754, -0.2727080702984065, 0.9885088007006476, 0.9884896504246078, 0.9885088007006476, 0.8883666434373837, 0.5493133675798717, 0.8653449735847327, 0.8797186307087128, 0.7918281404018181, -0.43987952845289446, -0.547891513424487, 0.8285410673232665, 0.8561525488943105, -0.18052271070332193, 0.9338950151658688, 0.9339762801663496, 0.9236143853969221, 0.9335875140767463, 0.9113419366388916, 0.910976642244128, 0.9181125492195317, 0.9188459225695795, 0.9181125492195317, 0.7759563149077631, 0.7364154881634242, 0.7386554232762643, 0.7364154881634242, 0.9278094627019184, 0.9329375504881862, 0.9276711153343108, 0.9288811191851539, 0.9276711153343108, 0.4454578894751347, 0.38679954684392853, 0.5078789145192286, 0.6121461939110432, 0.4919007551970809, 0.5324980170261283, 0.5334053094727438, 0.5324980170261283, -0.21763395846288733, 0.8681735242020455, 0.9046974930403995, 0.8912207718482144, 0.930808503529389, -0.08642153171331389, 0.8622399598429384, 0.8626506296858397, 0.8622399598429384, 0.8734799548484352, 0.8734799548484352, -0.2632096695451467, 0.5490508893700268, -0.38324874848611373, -0.6568657382524417, -0.46831880377388957, -0.47172301072012174, -0.3073164615484736, 0.22206849897231512, -0.21723822273249405, -0.3970188889466691, -0.5925946616320255, -0.2888982875378222, -0.4996825022998503, -0.34277086146114594, 0.09635129160106902, 0.09156861388105081, -0.4895014169693227, -0.4451771715702033, -0.47326833856482886, -0.5028172343860755, -0.4953433854762546, -0.47543370867197154, -0.4786722293679819, -0.47543370867197154, -0.3585357985490351, -0.49825452367943573, -0.49825452367943573, -0.4717554660939281, -0.4717554660939281, 0.3989425783828163, 0.41320243136633283, 0.5186626812131039, 0.6008189161132572, 0.5760122700494469, -0.39189920737205813, 0.3816205764214492, 0.3722045211629267, 0.37229752829344565, 0.3722045211629267, 0.11373899763615807], [0.5711311590079148, 0.9694923555369229, 1.0, 0.5647415030448492, 0.4546134615484101, 0.5711311590079148, 0.559746732927959, 0.5481469193614801, 0.4599799711024123, 0.4003794348789944, 0.9966510899131884, 0.5597602225941625, 0.5146138336525774, 0.5600906637219218, 0.5604822744143103, 0.5960575009984046, -0.10543849230242952, 0.5054522531713804, 0.5045463229445752, 0.4578247494827345, 0.5586588804376134, 0.20945287179782357, 0.699098707470188, 0.5269871145837015, 0.5267031771065888, 0.9837775270633573, 0.29249832540560494, 0.17805700720299267, 0.524830440159947, 0.5243298582692203, 0.7666837357948139, 0.00955857014653291, 0.5579366058765454, 0.4588060687614835, 0.5443429312760626, 0.3596441177204038, 0.9939660334694254, 0.4462678209387893, 0.5586596495825965, -0.11175343205598254, 0.5739927189576804, 0.5559864732848602, 0.5739927189576804, 0.8935921207357611, 0.38904883413319463, 0.9030994493487018, 0.8680491026753914, 0.6503782594484933, 0.20060892197278346, -0.012424811877982462, 0.05733028684091348, 0.42450219912299303, -0.07265011079312184, 0.5157918864548923, 0.4502065932570618, -0.07192474532511572, 0.6902484560887893, 0.6442009816448517, 0.48512604776282703, 0.6504621414747205, 0.7132983947887346, 0.6504621414747205, 0.33317060149706834, 0.5442444083980368, 0.6432006179558332, 0.5442444083980368, 0.5618626598482666, 0.6218709437823269, 0.6623040703974279, 0.7338921264402601, 0.6623040703974279, 0.20566474238802238, -0.08420398805352167, 0.2250207720839797, 0.14665939490719523, 0.22466712933506092, 0.2624434127164076, 0.396457227778726, 0.2624434127164076, -0.17293969561642256, 0.440716323505419, 0.8085149495822277, 0.5259788869611028, 0.7298034652501866, 0.07731547781670457, 0.5069895652780577, 0.5070686317355763, 0.5069895652780577, 0.6310881770124548, 0.6310881770124548, -0.28702328897292523, 0.7173312571087748, -0.22758334784184597, -0.54592386495821, -0.3888964139655639, -0.39254403580876657, -0.3918143589283239, 0.01326591029493565, 0.024331346953431365, -0.260542312074014, -0.528604452519972, -0.13553211412811128, -0.22688353785977625, -0.20970617590757312, -0.025566230853937, -0.029239933424799806, -0.44850477138058364, 0.009850497469355584, -0.2197807521961187, -0.4827060084563072, -0.11355585606230255, -0.3576492699335148, -0.2334862309957627, -0.3576492699335148, -0.4279754564433736, -0.5053699833522057, -0.5053699833522057, -0.24010311776974616, -0.24010311776974616, 0.3247648285506899, 0.13533924052240082, 0.2444674932849193, 0.4887335708379988, 0.21717151888620997, -0.306767821088543, -0.03705090054007358, 0.4467292927267349, 0.5612746723925894, 0.4467292927267349, -0.04272934655615559], [0.9997012229630303, 0.9992195271530947, 0.5647415030448492, 1.0, 0.9986350021352948, 0.9997012229630301, 0.992452512058698, 0.9885050618071288, 0.993449626466231, 0.970909592693552, 0.987129022353143, 0.9924848193200064, -0.13413184667541392, 0.9925219827026154, 0.9908873181894964, 0.9928595482899719, 0.4376573871693105, 0.9933462381362835, 0.9933338327201083, 0.9843474624732809, 0.9924638820787942, 0.43720569570809725, 0.669110927051075, 0.9808560352235917, 0.9808334603322942, 0.9709618700129594, 0.3026237157355327, -0.12930358487356464, 0.989555985772095, 0.9895248818542082, 0.26823745660969095, -0.20424201130341035, 0.9945701613337045, 0.9957216048024663, 0.7709463969356044, -0.3957718214077513, 0.9912489489195131, 0.9957246465968311, 0.9930937967206458, 0.41960477891735376, 0.9921493374170495, 0.9946434674289765, 0.9921493374170495, 0.8866027270945993, 0.657256770090257, 0.8731847845758179, 0.8760709884778546, 0.7698708771881627, 0.38261382417824286, -0.13862857930011482, 0.1850238725832639, 0.9395805997523017, 0.44585180493003135, 0.97257442271581, 0.9682597054850146, 0.8905350701741178, 0.9020415661407146, 0.9179689863595024, 0.9036517068072335, 0.9100851222019072, 0.9111712406543638, 0.9100851222019072, 0.8340112310834387, 0.8925575212473659, 0.8937546510901995, 0.8925575212473659, 0.8914134063588223, 0.6666142888712993, 0.8265520520264852, 0.8282143107260409, 0.8265520520264852, 0.6086070519571465, 0.10161062177693923, 0.5834126380121806, -0.59971544704842, 0.484288472661003, 0.2862929564117416, 0.5138766829814922, 0.2862929564117416, -0.10813140302144503, 0.8762636927544633, 0.9041786902135864, 0.8865716846086252, 0.8895940424385803, 0.43484391805507566, 0.8744229991962104, 0.875793688715917, 0.8744229991962104, 0.8674309179235675, 0.8674309179235675, -0.1670407634816982, 0.5762785092425676, 0.1972562484060036, -0.5716288555294975, -0.570568652465826, -0.5741376511603244, -0.05286281112694863, 0.05167555445140096, 0.2523793564433283, 0.12317190281588658, -0.39783146438524264, 0.04911592334912515, -0.799400525723778, -0.21859467335893773, 0.11046011267899777, 0.11078493132374607, -0.5484506875001239, -0.6020740571532176, -0.21399481874518236, -0.49904462846609493, -0.8316089583654981, -0.35093088075139184, -0.3425301918213097, -0.35093088075139184, -0.19364129741097139, -0.26704887586311754, -0.26704887586311754, -0.8178770172427345, -0.8178770172427345, 0.38463912434630404, 0.6449948317724492, 0.8653134436650196, 0.8441726319932589, 0.7816016672738574, -0.26210152537686876, 0.758215115594612, 0.7990537474304241, 0.799362348892399, 0.7990537474304241, -0.22062594527909588], [0.9974762146614015, 0.9937839876906694, 0.4546134615484101, 0.9986350021352948, 1.0, 0.9974762146614015, 0.9967756301999698, 0.9948035367740045, 0.9969621395947071, 0.9605115093719451, 0.9953448632914368, 0.9967942237099474, -0.3447033531171384, 0.9968252249891862, 0.9942688456176417, 0.9943240435863924, 0.24254584225876355, 0.9973679385915584, 0.9973618228483555, 0.9860896484782244, 0.9967807073356455, 0.06987347427836879, 0.629492857429091, 0.9905713241052139, 0.9905268499769049, 0.9846747525536421, 0.05019795280267861, -0.11457893589428224, 0.9877246707396119, 0.9876601493715863, -0.04805612400796672, -0.10215528767519604, 0.9977123311574811, 0.997649679102438, 0.7474163753347329, -0.538208788923353, 0.9971398705526526, 0.9979033594803729, 0.995143697196477, 0.2187725475347818, 0.9976680819582511, 0.9976690451207836, 0.9976680819582511, 0.9018856663286798, 0.6180750305473796, 0.8951303831514772, 0.8800531219875591, 0.7361621520530138, -0.09902991992815914, -0.5799284216712444, -0.2366159622645338, 0.9248174858912797, 0.30107802141928586, 0.9660574532506215, 0.9661367572497775, 0.8845548385155646, 0.8794173654388643, 0.9033016499918851, 0.8884480017256995, 0.9013854379442459, 0.901817964082412, 0.9013854379442459, 0.8036003950021304, 0.834501849856043, 0.8358840253601889, 0.834501849856043, 0.8780557067513923, 0.7697374173181202, 0.857800685323587, 0.8588127738795854, 0.857800685323587, 0.5591630108399255, 0.42283586858660566, 0.5422505345518577, -0.644697751086096, 0.5389015194761908, 0.5159310489296501, 0.515423189779996, 0.5159310489296501, -0.12856551565226076, 0.8548342868593155, 0.8729829755508247, 0.8584237583672745, 0.894526606905386, 0.2914928553619222, 0.8561410587421091, 0.857477559150731, 0.8561410587421091, 0.864250315139676, 0.864250315139676, -0.21040656810689573, 0.6360429744385679, 0.05053628242584425, -0.6069321421939775, -0.6284965754173604, -0.6289012580858055, -0.08922278357265664, 0.07333254981494734, -0.1471381035596134, -0.12998997729469286, -0.48510000358270733, -0.32438361978086594, -0.8634589133014196, -0.51768974697894, 0.07604956771493383, 0.07620953344808137, -0.5793187918976043, -0.593552885536611, -0.5128558583104912, -0.5425140034433609, -0.799024551016936, -0.5691187114732511, -0.5717273647035854, -0.5691187114732511, -0.23796221831089576, -0.30607868908330577, -0.30607868908330577, -0.7650645015680237, -0.7650645015680237, 0.3642142934912394, 0.623306997638683, 0.8146690738636841, 0.7891110273107346, 0.7685359768911296, -0.40115479373119617, 0.6070674140524325, 0.6893610042582132, 0.6898283401289452, 0.6893610042582132, 0.01320274732925481], [1.0, 0.999983168248154, 0.5711311590079148, 0.9997012229630301, 0.9974762146614015, 1.0, 0.9908526557766372, 0.9864234012017501, 0.9915037753780334, 0.973141674633822, 0.9821326817295533, 0.9908971387197045, -0.1297647291712983, 0.9909622065096297, 0.9893475401729227, 0.9913029924278011, 0.45191964736905244, 0.9919720916351085, 0.9919574375658141, 0.9839160050861858, 0.9908843054734361, 0.44597976724875704, 0.6656991919018844, 0.9778919572237075, 0.9778690745149122, 0.9606566244959088, 0.3075330162175677, -0.12199543977119313, 0.9898274410022907, 0.9897859994013435, 0.27666851707096063, -0.20341762335215235, 0.9937722017162887, 0.9946392214764889, 0.8114822577353739, -0.3900135414996311, 0.9875923777941782, 0.9943998181471589, 0.9924868392837554, 0.4342359143014169, 0.9939587133642603, 0.9939452610125894, 0.9939587133642603, 0.8882205426903936, 0.6700573531247118, 0.8649464959867308, 0.8795159710695851, 0.7925504498921365, 0.3881595906954166, -0.132609391212514, 0.19158494900400558, 0.9453890410123663, 0.46202533847973065, 0.976900865625863, 0.9711024109360884, 0.9148011139783676, 0.9109710243084227, 0.9330021106899372, 0.9087524714070514, 0.9297783759077132, 0.9305612055976991, 0.9297783759077132, 0.8439702550592476, 0.9062219686317724, 0.907310792064132, 0.9062219686317724, 0.895863169290528, 0.7340834035510208, 0.8708158920952384, 0.8724400206457185, 0.8708158920952384, 0.6187502763886525, 0.3087244045861288, 0.5955420368618203, -0.5945246963773971, 0.4909590452580451, 0.544699753641614, 0.5460519011571703, 0.544699753641614, -0.1011665660952531, 0.8830806711177264, 0.9149296320473824, 0.8966882082648255, 0.9163027681592689, 0.44826719930086845, 0.8802413088493931, 0.8814438913122511, 0.8802413088493931, 0.8897685084417679, 0.8897685084417679, -0.16074637813694556, 0.5489621696046072, 0.192525139061606, -0.5608039911258792, -0.5626653848938878, -0.5663297020608131, -0.04010811778270004, 0.057286324382637165, 0.25964327869670806, 0.13610609948660116, -0.38481047391030465, 0.055854274549230726, -0.7925513294723476, -0.21045646857612763, 0.12172679245148901, 0.1220055785205853, -0.5408346259379861, -0.6052082144666722, -0.2121510732302647, -0.4865578488126651, -0.8291236438904069, -0.34900408723796433, -0.34003658829732425, -0.34900408723796433, -0.1840290894678906, -0.25666354934230634, -0.25666354934230634, -0.8175574262914723, -0.8175574262914723, 0.3983654743422382, 0.6570556445192306, 0.8728822035326268, 0.8516822198775014, 0.7889219100175658, -0.24834749809586887, 0.7671040887315164, 0.8076363116460982, 0.8079375286531043, 0.8076363116460982, -0.2358297849364205], [0.9908526557766372, 0.9781178612290783, 0.559746732927959, 0.992452512058698, 0.9967756301999698, 0.9908526557766372, 1.0, 0.9971971287537708, 0.9999681547715008, 0.9516284172108233, 0.9995929097643498, 0.9999961787951837, -0.14766894937674238, 0.9999924790646281, 0.9987727897610726, 0.9929854297303611, 0.3884283966953875, 0.9998373150903194, 0.9998374388765425, 0.9885394907939076, 0.9999963743756557, 0.3435978457057149, 0.6701782702056236, 0.9842950699124624, 0.9845406931876257, 0.9859789503990574, 0.22424829192095175, -0.18818473115185366, 0.9921317841091662, 0.9918601362640159, 0.16785177182123745, -0.25444540362374074, 0.9992942870323828, 0.9993862588219797, 0.3527309445924931, -0.32821077062006393, 0.9986904175188137, 0.9992994404877379, 0.9969720607795054, 0.3688473354731871, 0.9318443951475487, 0.9990220585670908, 0.9318443951475487, 0.9104723064311351, 0.6215908937603016, 0.9178688962802305, 0.8894775983772024, 0.6895527932591077, 0.41399171583236555, -0.08127470034299536, -0.21120074773860092, 0.923339566775584, 0.4043239803513193, 0.968267766927917, 0.9611890322408347, -0.08276274648050903, 0.8294520298111078, 0.8023252246026675, 0.8495659633900952, 0.7956563117645975, 0.7631842390659805, 0.7956563117645975, 0.7596142289803175, 0.76312728776121, 0.7613850863820266, 0.76312728776121, 0.8366468033610016, 0.3093678019981883, 0.5260863406477547, 0.6086398953582207, 0.5260863406477547, 0.5266386333175704, -0.3615791261211826, 0.4880945613847278, -0.662886215863769, 0.4057787099815475, -0.12885591171295457, 0.369837118704023, -0.12885591171295457, -0.1524502631413456, 0.8121129498371644, 0.8215423226479968, 0.8107233331427108, 0.735868281473701, 0.3845109180808872, 0.8152032301301073, 0.8171538197579754, 0.8152032301301073, 0.7230894756412555, 0.7230894756412555, -0.2474552552428631, 0.6862854392147193, 0.25208411249542245, -0.5901086743112115, -0.6137661248273504, -0.6168549814726255, -0.10480784659361593, -0.0006935981697304376, 0.35627390581332136, 0.08417098906601227, -0.42507263062876727, 0.1001992098654793, -0.8267095572195703, -0.12250665854947101, 0.03861879148315511, 0.03901770216848828, -0.5944468489586853, -0.6079822196242121, -0.05381413103726816, -0.5796516505173671, -0.8439549985550163, -0.3474412490627563, -0.17394962550525686, -0.3474412490627563, -0.2736323484184679, -0.3171723719680896, -0.3171723719680896, -0.8373705791852433, -0.8373705791852433, 0.36158120955466466, 0.6005267038527681, 0.4975714027855071, 0.8069956002816218, 0.7580722217234688, -0.32040592440187193, 0.05960305198877867, 0.7634450026176812, 0.7822067386639867, 0.7634450026176812, -0.14513287348133327], [0.9864234012017501, 0.9691938755214481, 0.5481469193614801, 0.9885050618071288, 0.9948035367740045, 0.9864234012017501, 0.9971971287537708, 1.0, 0.9994700487775392, 0.9432676160777265, 0.9982920566039711, 0.9979976185634786, -0.15705460677386518, 0.9990103910733515, 0.9975511493747017, 0.985628149683582, 0.3663149408401238, 0.9990620664630744, 0.9990637804483784, 0.9856130194147323, 0.9991708803120849, 0.31631967012003886, 0.6694549999596543, 0.9918866397990942, 0.9822320814562754, 0.9816686352491791, 0.20444509512543751, -0.20321349413036074, 0.9884124189917862, 0.9918235060500102, 0.14733986840308774, -0.26145370644338056, 0.9981410445803989, 0.998042432405927, 0.3318445852440816, -0.3357501306424901, 0.9961127235155132, 0.9978771072012568, 0.9962995899237647, 0.346243326774966, 0.9230051123947297, 0.9979724532923145, 0.9230051123947297, 0.9078199896213617, 0.6055893378274125, 0.918292432920983, 0.8852218252982769, 0.6618880654876876, 0.4004138897701659, -0.09716347034351058, -0.2249879989819698, 0.9139480632416476, 0.3831067778242508, 0.9634267206961841, 0.9555109457641529, -0.09378423749873893, 0.8145063374888177, 0.7836003811466974, 0.8391893370455674, 0.7781580598466328, 0.7495068950832223, 0.7781580598466328, 0.7445591343606788, 0.7418008543037677, 0.7464893990674519, 0.7418008543037677, 0.8265490030300955, 0.28739862503103064, 0.5028099636891608, 0.5903265117876485, 0.5028099636891608, 0.5111201757280941, -0.377635171053139, 0.4707277418881989, -0.6721732826070478, 0.3957638713702818, -0.1528211620046831, 0.3513456962119533, -0.1528211620046831, -0.15986683619962327, 0.7999161900926367, 0.8020502117149908, 0.7947428814220954, 0.7195450362195003, 0.36700168288866086, 0.8036596595836835, 0.8058386367883826, 0.8036596595836835, 0.7026253274389888, 0.7026253274389888, -0.2646403210653997, 0.7162940912344478, 0.2601670514788891, -0.6002509627157541, -0.6280166337047673, -0.6309051636899541, -0.12068717891676513, -0.009612303547391933, 0.3493400968436942, 0.06432102006688098, -0.4388736897574169, 0.09076584523306618, -0.83385947010871, -0.12914336008111177, 0.021647190345546605, 0.02206327672091486, -0.6074450740204468, -0.6093810445130095, -0.060818619513848114, -0.5986906331584106, -0.8444562889986874, -0.3597555095575476, -0.18034502756284645, -0.3597555095575476, -0.2929765466048387, -0.33219542946679687, -0.33219542946679687, -0.8362533684897967, -0.8362533684897967, 0.3377605343166825, 0.5821313594661061, 0.47773642081690454, 0.7884037149528907, 0.7443932102310609, -0.34387983681066003, 0.04463058522626243, 0.7435806779983524, 0.7659860022579553, 0.7435806779983524, -0.12713229479052193], [0.9915037753780334, 0.9778992184879876, 0.4599799711024123, 0.993449626466231, 0.9969621395947071, 0.9915037753780334, 0.9999681547715008, 0.9994700487775392, 1.0, 0.9503901922378363, 0.9995396368048922, 0.9999690800407561, -0.32001310365237684, 0.9999735950444651, 0.9976865468514309, 0.9950032464549973, 0.2817067667237354, 0.9997794085630847, 0.9997800051469332, 0.9883362385605009, 0.9999660136100303, 0.11805128687597552, 0.6276039076569628, 0.994164781877924, 0.9941099645399438, 0.9857628222117903, 0.032604333723119674, -0.12802459592190896, 0.9906580093849167, 0.9906211872032947, -0.030047099857639457, -0.21508797588322942, 0.9993156478122801, 0.9992736118710872, 0.759409356197362, -0.527640323733434, 0.9986009070126166, 0.9992786356064716, 0.9966943420518615, 0.25863051824761224, 0.9991573609799503, 0.9991627584718621, 0.9991573609799503, 0.910454798637081, 0.6225706057545175, 0.9174774964392951, 0.8887669078075113, 0.6888936253347686, 0.008509719198072306, -0.5258743183153639, -0.18598625502352403, 0.9184971537019543, 0.3530377924981345, 0.9623578419109324, 0.9614257353445524, 0.8559385122817276, 0.8301475511268581, 0.875659479429347, 0.8503480977424993, 0.873802256145515, 0.8745470859708216, 0.873802256145515, 0.7584964102330272, 0.8156897883535104, 0.8174160122115599, 0.8156897883535104, 0.8379762171900133, 0.7295962683040943, 0.8264770545530485, 0.8279621803408233, 0.8264770545530485, 0.5257277516767392, 0.3467602347696632, 0.4869205623351143, -0.6915790376825588, 0.4646769747040169, 0.42833076088942235, 0.42837717383757984, 0.42833076088942235, -0.10895809839002916, 0.8124679727067515, 0.8212729627848782, 0.8108747620770466, 0.8665630681782929, 0.310707664293973, 0.821201030964034, 0.8236052598044059, 0.821201030964034, 0.8293171206940099, 0.8293171206940099, -0.24975657791021688, 0.6867083934145795, 0.07569179737072902, -0.6024731466387234, -0.6551961688265648, -0.6560501636219044, -0.10848528877416443, 0.0015290770358565887, -0.15428260288641396, -0.10039612500946732, -0.47314102081602866, -0.3554399349924025, -0.8777849349210559, -0.5565930802235127, 0.03716272326241587, 0.03808794227553089, -0.5963825370475887, -0.6040708871250153, -0.5224474434184158, -0.5818255419329305, -0.8190523447293203, -0.5927936522698147, -0.594856251626306, -0.5927936522698147, -0.27613631547551964, -0.3207871228367759, -0.3207871228367759, -0.7987040527996037, -0.7987040527996037, 0.3626540691128536, 0.5993771771299129, 0.8224486948249704, 0.8009716705958319, 0.7565981667987155, -0.3492274739280867, 0.6407120305409034, 0.7104946613440757, 0.7106533398674625, 0.7104946613440757, 0.09663424958310965], [0.973141674633822, 0.9587191269425226, 0.4003794348789944, 0.970909592693552, 0.9605115093719451, 0.973141674633822, 0.9516284172108233, 0.9432676160777265, 0.9503901922378363, 1.0, 0.9243020472175544, 0.9516643031042549, -0.25947406281785357, 0.9513184196784654, 0.9467390239183547, 0.9471115224011968, 0.08883953152643723, 0.9572523095551048, 0.9572283207771541, 0.9518083940258608, 0.9517996660551143, 0.04625281287459384, 0.6761798721355229, 0.9535719469545353, 0.9537871710636069, 0.8264478152512773, 0.1339622253746331, -0.11013154247461883, 0.9601771582001234, 0.960309469853141, 0.11590735051186318, 0.05506222142977295, 0.9616003236260555, 0.9618868902913034, 0.8533164089508819, -0.45137531425972893, 0.9360225706420735, 0.9607545439198151, 0.9578585483936322, 0.06613786938140644, 0.9629798181909199, 0.9629431439123644, 0.9629798181909199, 0.7830715366893306, 0.41772897980047313, 0.7453341432003263, 0.8592488983227261, 0.8319595721203816, -0.5539854335763305, -0.6863083635856085, -0.3048666250739535, 0.868155912737518, 0.07016684788262473, 0.9025589462900033, 0.9026088852405109, 0.860021231526277, 0.8543284300852722, 0.8855168597736451, 0.8631372945971848, 0.8774442031802978, 0.878269990245474, 0.8774442031802978, 0.8031545204089683, 0.7815934367022338, 0.7837117619432126, 0.7815934367022338, 0.855285498631663, 0.8752827261917603, 0.8534312651830925, 0.8542177124589835, 0.8534312651830925, 0.624793737119014, 0.544484540403778, 0.6260313757350385, -0.4115867259975253, 0.6469872387458088, 0.6678478562148624, 0.6709568068949288, 0.6678478562148624, -0.26648389771474934, 0.8601620861127774, 0.9208928952834895, 0.8781550355485002, 0.8762056363203591, 0.18525338235945546, 0.8522375314266933, 0.8535826350926651, 0.8522375314266933, 0.8639368769703876, 0.8639368769703876, 0.012193340210437746, 0.29109313864852004, -0.09197407946912005, -0.5109082413493302, -0.4009818442911788, -0.4029290896987536, 0.057706857600140916, 0.38734020666363717, 0.09620031541622057, -0.03514348808020481, -0.36056027189774353, 0.0017735144681600159, -0.8115455060089306, -0.15990970501015866, 0.2759564490291687, 0.27503690819668847, -0.36063884796156354, -0.4388283441594375, -0.31562210529316725, -0.3212799312499485, -0.6852129831138123, -0.3367926471898372, -0.33878497636047844, -0.3367926471898372, -0.06585890948040586, -0.3542485213696542, -0.3542485213696542, -0.538602169271892, -0.538602169271892, 0.5668284310782712, 0.6716365260882243, 0.7601734525565088, 0.6704842098693397, 0.8376539962809063, -0.44534368731113755, 0.3858354199485953, 0.5618863196619787, 0.5621668533305416, 0.5618863196619787, -0.2295369372575119], [0.9821326817295533, 0.9800575727233551, 0.9966510899131884, 0.987129022353143, 0.9953448632914368, 0.9821326817295533, 0.9995929097643498, 0.9982920566039711, 0.9995396368048922, 0.9243020472175544, 1.0, 0.9995898986328063, 0.9995861632250342, 0.9995412443333579, 0.9914365373681334, 0.9882754417835102, -0.381802888334064, 0.9997368357758901, 0.999740792411676, 0.9995971986076769, 0.9995970483423464, -0.26762112274384026, 0.9620342412367523, 0.9924838539882718, 0.9924571973432295, 0.9889646868802514, 0.018586175317023126, 0.07943569351885466, 0.9893204314568683, 0.9893747961634585, 0.971808108741054, 0.011750404018740808, 0.9987143814878175, 0.9986574029939086, 0.9984665479352424, 0.9992462267066733, 0.9992009359240708, 0.9987145843266496, 0.9892797752549655, -0.3921875605748309, 0.9984051836181237, 0.998416280087275, 0.9984051836181237, 0.904057422292776, 0.47722581838128547, 0.9130746826361475, 0.8865869101975075, 0.690319744870518, -0.5371884643338612, -0.6587403236784991, 0.793243696107684, 0.806099203817973, -0.2919103260942859, 0.921385948980495, 0.9215847176397878, 0.8540047696287076, 0.86382619299153, 0.8304864586157613, 0.8331207515828597, 0.8397576274321003, 0.8407006456511374, 0.8397576274321003, 0.6645227731866458, 0.6189444785419806, 0.6216101880950194, 0.6189444785419806, 0.8647375805321587, 0.8738642046577708, 0.8632486717810457, 0.8647335894629707, 0.8632486717810457, 0.31304200049378555, 0.2432495884346228, 0.3713523054497037, 0.4951163063325845, 0.36534644682702133, 0.4137910376329151, 0.4164901102254457, 0.4137910376329151, -0.41293599114727264, 0.7745784226134899, 0.8256898147808223, 0.8055181382234029, 0.8629371416904579, -0.14171795864081052, 0.7673906882343591, 0.7679442467624452, 0.7673906882343591, 0.7819452264146547, 0.7819452264146547, -0.31058250482385547, 0.677901330557314, -0.40209280504224776, -0.6953179040379354, -0.5481702958461224, -0.5504383416448393, -0.3680985557892698, 0.15456529209058048, -0.2743707879596033, -0.44676980728405113, -0.6395843937436021, -0.3514141817286479, -0.6232679444966065, -0.41718465721015247, 0.025092851804901554, 0.021274159531485048, -0.5648900329679137, -0.5299605794550888, -0.5487328126770662, -0.5827801572081255, -0.5770802741751273, -0.5520047976602784, -0.5549517743407574, -0.5520047976602784, -0.43980411774615785, -0.6047822194553198, -0.6047822194553198, -0.6066253511707935, -0.6066253511707935, 0.3577533987446125, 0.35489132655318845, 0.46983210819551047, 0.5524764805799625, 0.5506365277560453, -0.5519266449145974, 0.2954356675491608, 0.3146030755881696, 0.31476906117080655, 0.3146030755881696, 0.22006767139218852], [0.9908971387197045, 0.9781658344111847, 0.5597602225941625, 0.9924848193200064, 0.9967942237099474, 0.9908971387197045, 0.9999961787951837, 0.9979976185634786, 0.9999690800407561, 0.9516643031042549, 0.9995898986328063, 1.0, -0.14733766262282316, 0.9999943587406582, 0.9987766847881228, 0.9937055296543135, 0.3885275830954243, 0.9998387598574818, 0.9998388591101394, 0.9885840170820006, 0.9999970183170942, 0.34393202827727154, 0.6702447329011021, 0.9897436467911928, 0.9845289910478587, 0.98596005801682, 0.22452572771749035, -0.18813216943964725, 0.9921332646680706, 0.9918738518686065, 0.16809605101231087, -0.2544184884108666, 0.9992968405731064, 0.9993910622689235, 0.35269920065012905, -0.3279917680304236, 0.9986924956749568, 0.999308309567475, 0.9969749903396156, 0.3689534661913568, 0.9318262924461751, 0.9990253396441667, 0.9318262924461751, 0.9105143337306674, 0.6217574855383192, 0.9181157624874171, 0.8897175051162212, 0.6897159079697548, 0.4144041210477357, -0.08080242644276663, -0.21081913621630555, 0.9234292123183906, 0.4044242993412563, 0.968368096783208, 0.9612640955147653, -0.08256658294472809, 0.8296073279332622, 0.8024337009592081, 0.8496830253777181, 0.7957621570092207, 0.763122109618589, 0.7957621570092207, 0.7596881960907487, 0.7631892673872168, 0.7613180305247755, 0.7631892673872168, 0.8368050787060305, 0.30923070303366645, 0.5260933323829974, 0.6085455651463226, 0.5260933323829974, 0.5265748999747983, -0.36160289369829546, 0.48804383744754265, -0.6627811908627617, 0.40565548144142033, -0.1289918749515579, 0.3698758060803411, -0.1289918749515579, -0.15260232285598332, 0.8121825366706392, 0.8216783794746655, 0.8108171435361189, 0.735859222399677, 0.3846194008632247, 0.8152869550733257, 0.8172325577268315, 0.8152869550733257, 0.7231670452649643, 0.7231670452649643, -0.24744864223135027, 0.6862917110042138, 0.2522058052898346, -0.5901038269312688, -0.6136802829483599, -0.6167749751695032, -0.10488617680733839, -0.000851249748526803, 0.356454760102184, 0.08420701454274446, -0.4250945487302672, 0.10047208749058309, -0.8264335241612015, -0.12220199921669925, 0.038651825810871815, 0.039066692715270177, -0.5944354496358596, -0.6078013422785975, -0.05355154659966522, -0.5796332449308942, -0.843846138487009, -0.3472019521198805, -0.1737308679993183, -0.3472019521198805, -0.2734870611339259, -0.3171285780859618, -0.3171285780859618, -0.8373190581642144, -0.8373190581642144, 0.36210231328806003, 0.6006888061203121, 0.497830628949024, 0.8072676516266989, 0.758171492252097, -0.3201694127013111, 0.05989669474578326, 0.7637091497132841, 0.7823328252710677, 0.7637091497132841, -0.14515879565510234], [-0.1297647291712983, 0.9781258219283433, 0.5146138336525774, -0.13413184667541392, -0.3447033531171384, -0.1297647291712983, -0.14766894937674238, -0.15705460677386518, -0.32001310365237684, -0.25947406281785357, 0.9995861632250342, -0.14733766262282316, 1.0, -0.14671254082860335, -0.14360328347262802, -0.11934827336554692, -0.29327510235127263, -0.14815675027998537, -0.14864179469645944, -0.2704214432110845, -0.14823788175638647, 0.02579891797667331, 0.30913636210504203, -0.18152273731424098, -0.18186112137322866, 0.985939145304099, 0.24840473728587262, 0.18648958304231777, -0.1840440651238012, -0.18466250744240764, 0.5373776922051235, 0.12076967710657165, -0.145462190447566, -0.30509840012161027, 0.1675371666016423, 0.9596294226779937, 0.9986907513846972, -0.33678302561901075, -0.1411872632340532, -0.28317002430955807, -0.14580272155611085, -0.1466797666705752, -0.14580272155611085, 0.9105943914101837, -0.11824425713928761, 0.9180885629316881, 0.8896614301859623, 0.6897020479653398, 0.08422481470763687, 0.2541921893769418, 0.644568722873701, -0.2659550200956685, -0.29698520170564036, -0.06466866772206854, -0.3005737727262469, 0.030206409888725097, 0.2783321297290965, -0.018470930059474262, -0.302055844093782, -0.016296893941402397, -0.006452585714657306, -0.016296893941402397, -0.40886162539730464, -0.10398870820630532, -0.10614843762323038, -0.10398870820630532, -0.20063267077341507, 0.07227730327713185, 0.04890819058541203, 0.048863087920204995, 0.04890819058541203, -0.40834723557864866, 0.006961472898744783, -0.3722674044830693, 0.6212772724042883, -0.3408932643861619, 0.008717960950224824, -0.05860361983007138, 0.008717960950224824, -0.30677903593443023, -0.3364491040950642, 0.8216523017957297, -0.11461455874166494, 0.0168563685780509, -0.22027702355712647, -0.2591153006299307, -0.2586176210029048, -0.2591153006299307, -0.024587716996343215, -0.024587716996343215, -0.2272911833715187, 0.6862204125647705, -0.16224916346952395, -0.019937698069176318, 0.1971278782621208, 0.19567953085929576, -0.25192608207367245, -0.008882353314166645, 0.019756890031634413, -0.17440756950157715, -0.11196717609764194, 0.041562024270254926, 0.38436843682718114, 0.11376995630729315, -0.04011168612778456, -0.044029831770045595, 0.08542421555943103, 0.5701326195299844, 0.09182718968418821, -0.1943745646089012, 0.6126764124965557, 0.09588868155696263, 0.10391128756007931, 0.09588868155696263, -0.23865267734315593, -0.1968828776473282, -0.1968828776473282, 0.32310029620339836, 0.32310029620339836, 0.36221214728135964, -0.2516894695105318, 0.017913788937709972, 0.09177416582308495, -0.2477062913349769, 0.07217216676487548, 0.15419270486781173, 0.10536820468942425, 0.10530193196023481, 0.10536820468942425, 0.12562999434917715], [0.9909622065096297, 0.9779449035268376, 0.5600906637219218, 0.9925219827026154, 0.9968252249891862, 0.9909622065096297, 0.9999924790646281, 0.9990103910733515, 0.9999735950444651, 0.9513184196784654, 0.9995412443333579, 0.9999943587406582, -0.14671254082860335, 1.0, 0.9987144050763, 0.9958285794439102, 0.3886455213949301, 0.9998418137726883, 0.9998418271864355, 0.9887445337258363, 0.9999943713589343, 0.34462325933838506, 0.6700854619451573, 0.9932510193325178, 0.9931391674786837, 0.9858395951060903, 0.22481600918476863, -0.188177321879358, 0.9928773835496347, 0.9929223368028467, 0.16889440124938054, -0.2542466422092913, 0.9993473039011164, 0.9993901683736293, 0.35163234756821643, -0.32712658652123305, 0.9986301549489174, 0.9993114944466305, 0.9972564518719119, 0.36909674000684767, 0.9313084419406032, 0.9990816463046193, 0.9313084419406032, 0.9107980917661043, 0.6224984908274946, 0.9184745796906858, 0.8900837900911156, 0.6894007730104063, 0.4158286683290756, -0.07917427910050992, -0.21102365438315612, 0.9238311194064555, 0.4047161936494941, 0.9687911964915862, 0.9616322360365429, -0.08360288263711965, 0.8298884377933724, 0.8023534912242974, 0.8499446824976798, 0.795723039768909, 0.7627196013937277, 0.795723039768909, 0.7598838628789217, 0.7631438936799463, 0.7617402210562995, 0.7631438936799463, 0.8371569566816325, 0.3085369421925546, 0.5255710864027793, 0.6085779627198389, 0.5255710864027793, 0.5264026266109018, -0.3627945426420737, 0.4879423224050353, -0.6629362915738566, 0.40525592842525515, -0.13001509240329176, 0.36952195822697004, -0.13001509240329176, -0.1525450777716169, 0.8123185717537347, 0.8212741476414558, 0.8109148603290782, 0.72601058670812, 0.3850124083609396, 0.8154122665470457, 0.8173470599751306, 0.8154122665470457, 0.7229714562077262, 0.7229714562077262, -0.24911364500841493, 0.687204196887986, 0.25272115293326264, -0.5900851844821282, -0.6140712212486367, -0.6171707139130959, -0.10608426385393525, -0.0021333891261467665, 0.35676122803878474, 0.0837454149511194, -0.42536544582178915, 0.10054913000046681, -0.8255460780380541, -0.12204292684899808, 0.037584302795975334, 0.03799421771345111, -0.5950882557933125, -0.6080991509394549, -0.052960444066263865, -0.5810214128948242, -0.8438343669577969, -0.3471374673816639, -0.17316242031881635, -0.3471374673816639, -0.27451283783327096, -0.3176177674332987, -0.3176177674332987, -0.8376712650480574, -0.8376712650480574, 0.36227258114546124, 0.6003605122108222, 0.4972734105712638, 0.807720117706056, 0.7576039464914309, -0.31968152797911004, 0.05920922091756991, 0.7641131442671094, 0.7829427657559991, 0.7641131442671094, -0.14482978735128024], [0.9893475401729227, 0.967816804600483, 0.5604822744143103, 0.9908873181894964, 0.9942688456176417, 0.9893475401729227, 0.9987727897610726, 0.9975511493747017, 0.9976865468514309, 0.9467390239183547, 0.9914365373681334, 0.9987766847881228, -0.14360328347262802, 0.9987144050763, 1.0, 0.9976033257925977, 0.38895436256350574, 0.9984127866089335, 0.9984137849312907, 0.9867730166511306, 0.9986924182684894, 0.3448367728541454, 0.6690886252113853, 0.9913330461037909, 0.9825825811862062, 0.9659101733088088, 0.22456779785187375, -0.187682229183737, 0.99111881835443, 0.9911092898485871, 0.17089525541017142, -0.25544833526154453, 0.9981751996149115, 0.9972102749060042, 0.35024213737021487, -0.3230123818866106, 0.9907717664540727, 0.9969766151979806, 0.9985352354251174, 0.36946577996750807, 0.9289478390374036, 0.9979319252939833, 0.9289478390374036, 0.9018609659129415, 0.6222290289949264, 0.8971177485496027, 0.8686003741060517, 0.6812801121527975, 0.4164349051597582, -0.07689120203479123, -0.21169911855289272, 0.9218471164984576, 0.40321215822855755, 0.9681631667119426, 0.9593967140406011, -0.0870471245061757, 0.8221010481379588, 0.8009069959368844, 0.8464437738115589, 0.7942286332095533, 0.7639136890604971, 0.7942286332095533, 0.7541565179433602, 0.7611291796677683, 0.7619069034513636, 0.7611291796677683, 0.8333156786960895, 0.30729089122276765, 0.5237602961464954, 0.6089151633014352, 0.5237602961464954, 0.5233282253765803, -0.36516781902841966, 0.48399251138926175, -0.6605790780237271, 0.40179860469254675, -0.13141581245885292, 0.36879321820153316, -0.13141581245885292, -0.15568952041233364, 0.8086469126102475, 0.8118141329235286, 0.8048524691808361, 0.7367624015259033, 0.38671199258907474, 0.8124454544428741, 0.814730517905363, 0.8124454544428741, 0.7213636869680093, 0.7213636869680093, -0.2496360221803167, 0.679421134184285, 0.252785822336692, -0.5876194579492725, -0.6131352186231038, -0.6160211263000521, -0.10706872004525461, -0.004611436406214914, 0.3581945917714665, 0.08442291403984957, -0.4231943558340428, 0.10197651974644552, -0.8232771223366128, -0.11996721431408083, 0.035664292830286035, 0.03657868915938317, -0.5951295759279078, -0.6024728377358302, -0.05063495162798634, -0.5793107848083794, -0.8410954947993077, -0.3454996171809029, -0.17108871009535798, -0.3454996171809029, -0.27379854053394004, -0.3189308432178742, -0.3189308432178742, -0.8349934247304426, -0.8349934247304426, 0.35475925158862986, 0.597310094917052, 0.4950652300028276, 0.807969083118225, 0.754556949366826, -0.31944010636430986, 0.057126624143329606, 0.7645642472364446, 0.7840362884673606, 0.7645642472364446, -0.14387491753941503], [0.9913029924278011, 0.9738506398252912, 0.5960575009984046, 0.9928595482899719, 0.9943240435863924, 0.9913029924278011, 0.9929854297303611, 0.985628149683582, 0.9950