var correlationAdjClose = {"data": [{"type": "heatmap", "z": [[1.0, 0.9999909356120414, 0.9845853164975084, 0.9999218608023714, 0.9988941663721733, 0.9884028852094754, 0.9975165008631868, 0.9952889724786269, 0.995587276481453, 0.9796314994428202, 0.992123561491434, 0.9954332190125276, 0.9946492053994799, 0.9953432828126265, 0.9954773733190243, 0.9965696712836376, 0.9980736427932335, 0.9960569406096562, 0.9960695107545215, 0.9961106938975776, 0.995380534367375, 0.9856012894573308, 0.9693413312887794, 0.9879017362796735, 0.9867433213093918, 0.9812201075946249, 0.963680459630324, 0.9435193628436835, 0.9941639344376997, 0.994623027395469, 0.9918074764607487, 0.9748828290103841, 0.9974274933447669, 0.9977234618965402, 0.9971072799417822, 0.9954976509359462, 0.9950069984949175, 0.9975809377588333, 0.9976379932803673, 0.9986494081659066, 0.997368582843592, 0.9973801264590297, 0.9765943704619507, 0.9194387330201342, 0.7504672316058062, 0.9001965443192416, 0.9051086338341567, 0.8415084504179235, 0.9672910232585381, 0.9447768315842187, 0.9685925318652813, 0.9656026466000501, 0.9590577962245538, 0.9858558925569318, 0.9823489668889084, 0.9841375833482937, 0.9773327309921531, 0.9860066669193744, 0.9833567441253698, 0.9866387513395938, 0.98640275163686, 0.9641736432613774, 0.9673770024271704, 0.9714528061715526, 0.9711034008284756, 0.9445576730332593, 0.9753813312494856, 0.9737951920649558, 0.9820536704554796, 0.9811819973072842, 0.9356472115325213, 0.8593123281558965, 0.8271547047591329, 0.8783711372482125, 0.9051382969271559, 0.9000341978838245, 0.9032658681435645, 0.9018388085119835, 0.6254739591420033, -0.5706922792315849, 0.9767714580952732, 0.9679540667689687, 0.9645203843188496, 0.9850041531478619, 0.9703440109371521, 0.9815980622473718, 0.9815474239485978, 0.9452557619235513, 0.9818302868433446, 0.9494109397077038, 0.6339605099708602, 0.861538526206153, 0.914449906318551, 0.7476375874374083, 0.9202678060143354, 0.9405635545262869, 0.8136861548596989, 0.9573060588091082, 0.8958601142342555, 0.6492756104648595, 0.7078407452947829, 0.8917436519921386, 0.8625756640541713, 0.8883230618973139, 0.9681964432749344, 0.9684150122340907, 0.7378115969945721, 0.7036681098810227, 0.8261695889105579, 0.33715188042863037, 0.7944953881347598, 0.8304797729693432, 0.8170602456944982, 0.8150682078659487, 0.7471119974770499, 0.7411832448404077, 0.7212169863489478, -0.23968695763183523, -0.3752526529000613, 0.6354252745981619, 0.8996596388613872, 0.944965864953271, 0.9492260998676534, 0.9193116096765082, 0.8286757198244351, 0.9165414830223646, 0.9382776658336248, 0.938095148125359, 0.872731987058133, -0.1866261901668912], [0.9999909356120414, 1.0, 0.9825906538156793, 0.9997663050329718, 0.9975212843747968, 0.9904384028614595, 0.9929604966151913, 0.9885973053959889, 0.9886347191810015, 0.9674668897508809, 0.9910562210457764, 0.9888468376299704, 0.9886643236348859, 0.9887142622930496, 0.9888110842464025, 0.9935584259192914, 0.9949112159385617, 0.9920616885608554, 0.9920616663081313, 0.988710943440462, 0.9887717419974951, 0.9877778369199346, 0.9612766157585997, 0.9840843551855749, 0.98376583759543, 0.981059790374304, 0.9720666885623986, 0.9076248929518153, 0.9878521775650975, 0.9839534240671588, 0.9758267011116719, 0.9119199283564748, 0.9946169280559221, 0.9944407340384734, 0.9947291620033546, 0.9898734725676691, 0.994147167595051, 0.9947186784152414, 0.9950279767192588, 0.9964777010427228, 0.9947201544405513, 0.994729217891653, 0.9859731373451562, 0.9192711758272679, 0.6098324526565593, 0.8999480540518666, 0.905337477386668, 0.8416745281929081, 0.8750615890374623, 0.9124130354194604, 0.8789298037481076, 0.8975872737864483, 0.8739145362521097, 0.9547235805707244, 0.954616453512161, 0.9737690244384937, 0.977842396443604, 0.9716734017597236, 0.9712233004541888, 0.9744102549204464, 0.9743206639392484, 0.9350556126500081, 0.9439257501889127, 0.9085524014741423, 0.9084442877525445, 0.8020397475129999, 0.9686834111419287, 0.9710610227716914, 0.9713237137823589, 0.9707071773258769, 0.9301031749416204, 0.6450038497174806, 0.5852644419391139, 0.7410546761457097, 0.8376816662865935, 0.7645315875102248, 0.8029707061056047, 0.8011309152410355, 0.5787554388636708, -0.27655804949178586, 0.9560679978391855, 0.9631946038545566, 0.9557540479765072, 0.9747047547014828, 0.952815282365772, 0.9608054322905973, 0.9598465163872372, 0.9013514597487398, 0.963877771669887, 0.9073533270383461, 0.4527394098352875, 0.8605221479791616, 0.8584732258595217, 0.2433952086679868, 0.6425889544663218, 0.738238526322462, 0.6333757956675614, 0.95518967880492, 0.6486565335888134, -0.22752039350087466, 0.13776636114380658, 0.6161762731434614, 0.6232557338008543, 0.6704590063900516, 0.9568723378383679, 0.9567099667692341, -0.08980949696562064, 0.14576172298978116, -0.009174987678709943, -0.04148305366468124, -0.013663984560801262, 0.002845622152011004, -0.02874909468554151, -0.07127546212483035, 0.3466333158031821, 0.08836451799578299, 0.03963075325753898, -0.45363882118974475, -0.4870338762686956, 0.6351620379590815, 0.7446932862077726, 0.7684887734881233, 0.8301763534249127, 0.8247225243463281, 0.5362013195818724, 0.7328807478573365, 0.764942603295194, 0.7635645769573177, 0.4119074757590585, 0.21217294388785687], [0.9845853164975084, 0.9825906538156793, 1.0, 0.9860312016849718, 0.9928068984488585, 0.9899562642609203, 0.9906992068478268, 0.9911160221004255, 0.9943838651370248, 0.9547057893375973, 0.9969750643681224, 0.9910143489926041, 0.9929519518638441, 0.9911769488451764, 0.9910941248118212, 0.9917051911779481, 0.9904252062872164, 0.9896898692085727, 0.9896560898125322, 0.9929074962933495, 0.9910449885890169, 0.9934741466645343, 0.9791629193126566, 0.9907444401688734, 0.9911545894418209, 0.9797628593470141, 0.9820703633704486, 0.9472777990653181, 0.9731530324273905, 0.9767067038773573, 0.9782179316325205, 0.9502025075659417, 0.987971294065055, 0.9910932176149714, 0.9894011951124563, 0.993074868799499, 0.994759465389711, 0.9921294892524789, 0.9873832204730909, 0.9880431225983156, 0.9882484602328395, 0.9876160850239907, 0.9905570710755027, 0.9196464475060886, 0.6916809909981337, 0.9266950823759864, 0.8981379224886117, 0.7515941460913435, 0.9282025933245838, 0.8999883494283935, 0.9303649214143297, 0.9255333059609174, 0.9162444842591108, 0.9530810349838637, 0.960179316945264, 0.9308416894478518, 0.9479659114190685, 0.9539019862677134, 0.959562535807477, 0.954513639132362, 0.9287857861420479, 0.8967400013390548, 0.9259870763835496, 0.9238889491474034, 0.9071584909192798, 0.8620132836509049, 0.9592633471557871, 0.9372351790641723, 0.9546789423314289, 0.9331310159766761, 0.7707575916242305, 0.7988491282567295, 0.7325469628098549, 0.8202123131259808, 0.8648823684842376, 0.8623720736386622, 0.83425922809653, 0.8479324448349775, 0.3000290656749286, -0.5711336327162879, 0.9458281092301646, 0.9184076847312926, 0.9227782165321655, 0.9312830452324887, 0.9402364626187942, 0.9509683898513234, 0.9505673234622591, 0.9114766016901096, 0.9474451995308016, 0.8368691459205982, 0.6052289266295698, 0.9319606215400901, 0.9352661042014015, 0.7054737532964003, 0.9010296900115609, 0.9238409414767779, 0.7991112401950433, 0.9777203247784861, 0.7785997981340205, 0.5573777854258544, 0.647224833221232, 0.7858528085353192, 0.7877916082824837, 0.7744711426629304, 0.9814195831839123, 0.9814680584697002, 0.6567847221241485, 0.6382709853807443, 0.7144346887583863, 0.2674624112040288, 0.689717798827185, 0.7117579194255892, 0.7256965145016775, 0.7080196605726843, 0.7005397957091761, 0.6674556478631836, 0.6455489401898776, -0.31401092509895384, -0.449097228084228, 0.5899699638719824, 0.8596474470883279, 0.895301968850502, 0.8969764093198922, 0.8925579848636764, 0.7587234049121175, 0.869550090541178, 0.8838389601340153, 0.8926250628481608, 0.7395984572649186, -0.10411227649362578], [0.9999218608023714, 0.9997663050329718, 0.9860312016849718, 1.0, 0.9992046035617629, 0.9893490505283713, 0.9978611846470626, 0.9958214930035039, 0.9962132614045525, 0.9793015303196342, 0.9935903674052613, 0.9959476501354106, 0.9953744122695479, 0.9958740812237763, 0.9959871546988684, 0.9970929732970177, 0.998426970266305, 0.9965212999939618, 0.9965312275991736, 0.9966461476390256, 0.9958984405035191, 0.9868809017011134, 0.9706758797413009, 0.9890167595982693, 0.987970242540825, 0.9836508319996784, 0.9658082685387316, 0.9447161068696687, 0.9936533433349373, 0.9943002334724629, 0.9919312930357314, 0.9745508123041582, 0.9975933226797384, 0.9980365259593408, 0.997428079253928, 0.9960769199094334, 0.9958321306060761, 0.9979339442981835, 0.997756173248403, 0.9988037643160675, 0.9975253298930501, 0.9975337415928938, 0.978432162238706, 0.9150516999414652, 0.7440652779637088, 0.9009177259843548, 0.9024960739287182, 0.8309702852975448, 0.9643853620065216, 0.9413317189849104, 0.9655759356563494, 0.962934880754318, 0.956196146546866, 0.9837844997248657, 0.9808156498295048, 0.9823440583267703, 0.975552423734257, 0.9844042653265059, 0.9824647308562657, 0.9849565195422281, 0.9847155640736429, 0.9503452504883675, 0.9656592455072233, 0.9696968058001284, 0.9693471256132612, 0.9377614958840461, 0.9746666975837702, 0.9701046014497174, 0.9802404752220469, 0.9793257084331322, 0.9075904477795486, 0.8571443840070431, 0.8222637291654091, 0.8759147245368719, 0.9014847850268949, 0.89910528894396, 0.9001638691305329, 0.8988032960414307, 0.52026054516048, -0.5707604901501392, 0.9755108478916977, 0.9656730447853531, 0.9622718211876671, 0.9832143884486055, 0.9691513451522156, 0.980475534170303, 0.9804227031686199, 0.9440628363204029, 0.980003823929688, 0.9285741567111017, 0.639650721627646, 0.8702922863288892, 0.9190342130103993, 0.7491604593710154, 0.9220242175620526, 0.9420637938952576, 0.8140410512680863, 0.9588361260344, 0.8897306598536068, 0.6460608532115624, 0.7060911751067125, 0.8866937506090317, 0.8590374983721252, 0.8829408259295832, 0.9693156638200058, 0.9695430628712636, 0.7368933923142601, 0.7040028212053031, 0.8182616209651112, 0.339306434504511, 0.7889317835643498, 0.8222860406201771, 0.8089415867157008, 0.8098199893179225, 0.7500696159566415, 0.7413112026026283, 0.7214118913175243, -0.23506856044909719, -0.37449961466610215, 0.6335832991200822, 0.8977881040959899, 0.943233681263841, 0.947538463523427, 0.9182438239725236, 0.8258993590750408, 0.9146200282994327, 0.936123383740348, 0.9360970715784418, 0.8650647059198096, -0.17920010846929327], [0.9988941663721733, 0.9975212843747968, 0.9928068984488585, 0.9992046035617629, 1.0, 0.9921506066040495, 0.999040400207462, 0.998268036912166, 0.9983243596036736, 0.972770555990399, 0.9976054672136989, 0.9983152678794326, 0.9980988024359037, 0.9983026167947964, 0.998368936767417, 0.9986339771402674, 0.9991895345399258, 0.9986963027165447, 0.9986965272288874, 0.9983904825199506, 0.9982991624085468, 0.9936081709340071, 0.9782477151242606, 0.993717508684937, 0.993644608171037, 0.9873839219718906, 0.9799472686463799, 0.9479335221846014, 0.9901891146227736, 0.9925970682443368, 0.9895841531542723, 0.9653195973392609, 0.9989386015974153, 0.9989721638520469, 0.9989644413974171, 0.9984166983765891, 0.9985087235760084, 0.9990654884394121, 0.9991189649684736, 0.9991309759678354, 0.9989229145549209, 0.9989235818876148, 0.9888801138250523, 0.9247026043979087, 0.7192783886052468, 0.9163950460074114, 0.9062418477452859, 0.8119607114036612, 0.9482642220868993, 0.9287474683628626, 0.9520813591550112, 0.9541451193058056, 0.9470293077914645, 0.9797812361178377, 0.9797112408100002, 0.9780036612100996, 0.9691338121137821, 0.979015238667711, 0.9778185590307106, 0.9793313000496389, 0.9790303487844164, 0.9518809681165297, 0.9549008106891983, 0.9500820076130032, 0.9496063741574384, 0.9029487992827786, 0.971438690681599, 0.9681126568893075, 0.9750364611136416, 0.9740395444113387, 0.930206605968679, 0.8314341941381312, 0.7849339278488219, 0.8572638802128734, 0.9034982174120002, 0.8839421980141204, 0.8929392915079801, 0.8915962466412325, 0.6776777037039232, -0.5935467551929147, 0.9678661375087833, 0.952837803796504, 0.9508179579304463, 0.9791671447258465, 0.957291861415033, 0.9724312493674122, 0.9719274563492566, 0.9326307380356362, 0.9745122511271321, 0.9368926062560436, 0.6255665043471496, 0.892729868273847, 0.9406063065103636, 0.6965085335261118, 0.8990338014484983, 0.9254016246091661, 0.8075475290860236, 0.9648927145348202, 0.8788320157243167, 0.4944465167470786, 0.6367157130840745, 0.8662435494620326, 0.8196029664615517, 0.8680274538493371, 0.9736828276034741, 0.9738579707160506, 0.6893066432903038, 0.6838865496507129, 0.7335304000348608, 0.3131845512328484, 0.6696608838167415, 0.7394623965668968, 0.7153318382281695, 0.6948817143443031, 0.7332772817719824, 0.7232958652970575, 0.7024020222223477, -0.45924387397400923, -0.5354614637260189, 0.6214854130104006, 0.8901617800781535, 0.9271017528119085, 0.9388353287156556, 0.9143090393517788, 0.8015482966387404, 0.8965519582306308, 0.9201382302062632, 0.9196280347615864, 0.798337228077998, 0.039944951149298476], [0.9884028852094754, 0.9904384028614595, 0.9899562642609203, 0.9893490505283713, 0.9921506066040495, 1.0, 0.9886673862718676, 0.9886827381708803, 0.988198401651487, 0.9643592046144295, 0.9792325262542458, 0.9886313484618706, 0.9897682310416644, 0.9887433632554572, 0.9888715110827176, 0.991744556161153, 0.9899046116827861, 0.9895617849839979, 0.9895538923535119, 0.9875295702184071, 0.9886838484555928, 0.9961067527295273, 0.9912330901099834, 0.9884890158519003, 0.9882898310228101, 0.9687371052368882, 0.9847229933977897, 0.9661247425470539, 0.9729058186405187, 0.9769584370637849, 0.9849066545747135, 0.9715567005305407, 0.9886269030726627, 0.9888085766666006, 0.989606633806779, 0.9895996448788645, 0.9818855497468021, 0.9895730779116196, 0.9890254893095869, 0.9892187060470704, 0.9887255122293668, 0.9887293855350411, 0.9946168272827631, 0.8784154100085793, 0.7240889053646709, 0.8773961846247607, 0.9020679200489303, 0.8353464064849571, 0.9345273415501278, 0.912363357075735, 0.9363314682699575, 0.9438497269571563, 0.932286112249435, 0.9623210304955719, 0.966871991027322, 0.9677059176159535, 0.9796769001115914, 0.9688162410269754, 0.9806454895468653, 0.9687170020594508, 0.9681429465712351, 0.967379054723805, 0.9590457175843407, 0.9429112598319236, 0.942395299679759, 0.9295467625863475, 0.9779238767663087, 0.9702582189986629, 0.9689680187975751, 0.9672933079248632, 0.9489058816688993, 0.855920573248525, 0.8080351384394764, 0.8765069064604901, 0.8957275448863338, 0.9030874239851443, 0.8863071129878245, 0.8841884719871407, 0.644555011527007, -0.5340801545141379, 0.9743913630859551, 0.9701402137893049, 0.9667730735395845, 0.9688407960603105, 0.9649197102656778, 0.974697455969065, 0.9743368808411493, 0.9545485783790549, 0.9642105145671939, 0.9540908579592899, 0.6407088915733542, 0.8334526102171497, 0.9367805634629655, 0.7452347428652721, 0.9116968045910506, 0.9300673334052658, 0.8093974794141336, 0.955255582253963, 0.8465647771208922, 0.594914874423666, 0.6806859425185706, 0.8440833780118501, 0.8198900476092218, 0.8414927341957623, 0.9575110260940879, 0.9576048089569487, 0.7001401246571558, 0.6840841583101381, 0.7631576959638329, 0.3393801247695811, 0.7415892701685635, 0.7689160885560846, 0.7549317654616232, 0.7568227306311429, 0.7378052263728764, 0.7128324305020556, 0.6950181761207158, -0.2655768233712087, -0.39275842753053314, 0.6636704027958819, 0.8848025277478476, 0.9027581580405012, 0.9111498103737781, 0.8995960513623025, 0.8010227779887036, 0.8716321885649818, 0.89425974378554, 0.8943072945254139, 0.838692139441373, -0.14898093959904318], [0.9975165008631868, 0.9929604966151913, 0.9906992068478268, 0.9978611846470626, 0.999040400207462, 0.9886673862718676, 1.0, 0.9971458404217065, 0.9995279925984442, 0.972203061210026, 0.9994197341132585, 0.9981286808128498, 0.9990669490117613, 0.9990184799058232, 0.9987935886880793, 0.998151327806007, 0.9999030608585405, 0.9992534333847798, 0.9992587459537005, 0.9996498207458548, 0.9992213784134006, 0.9906805308339749, 0.9746899857657757, 0.9840579444010588, 0.9924788382367808, 0.986622377414326, 0.9717825142689358, 0.9432290866744485, 0.9922946562086411, 0.9918333004107075, 0.9930086131661608, 0.9713875564442863, 0.9988265326944066, 0.9998180532820531, 0.9996520858256044, 0.9993926132616087, 0.9996559766974883, 0.9998488119122546, 0.9979080529226079, 0.9996732176077049, 0.9992729741454291, 0.998879384254174, 0.9831648858533057, 0.9305350351165655, 0.7345903872414382, 0.9294660690008746, 0.9166865149880498, 0.8033019219616179, 0.95912599186622, 0.9406862636566183, 0.9611526100371909, 0.9583553970890862, 0.9523903785675369, 0.9818796655016939, 0.9800210675491395, 0.940326379176026, 0.9550559189961176, 0.9687320015507165, 0.9689811065861632, 0.9705623087197554, 0.940575235217062, 0.8898816510809566, 0.9448351691357064, 0.9549403406703375, 0.9317620945445554, 0.8760501105467279, 0.9602722446334844, 0.9298375090234849, 0.9622697833104773, 0.9406289856330985, 0.7345268774088431, 0.8260407034759407, 0.7551201660126857, 0.8435001806798736, 0.8713192002570946, 0.8750882351454252, 0.8547672732063714, 0.8671797121177076, 0.2549958498173256, -0.6057392353220777, 0.9581073089976547, 0.9358364382491431, 0.9360115044400347, 0.9426949725680709, 0.9545114802992761, 0.9661315753106254, 0.966184123096633, 0.922971285808947, 0.9622944350390386, 0.8208616203723997, 0.6209061103688693, 0.8933736061206736, 0.9189177955199141, 0.7378671638278607, 0.9192882846747873, 0.9405435311713425, 0.8080887095229261, 0.9645094690952652, 0.8310615898094605, 0.6337054321671893, 0.6958189453328852, 0.8433998835950142, 0.8373088756908852, 0.8291523152473702, 0.9738358467528628, 0.9740740144162816, 0.7226523236723204, 0.6801971421798638, 0.7834336131843992, 0.3082950064281832, 0.7656265216066901, 0.7923850615307559, 0.7831260057897321, 0.7886202098235559, 0.7288532221334817, 0.7279214038769498, 0.7061891311791, -0.2540361433783077, -0.40065841154099474, 0.6401885290236133, 0.8915626025062532, 0.9299993613817786, 0.9453707791835121, 0.9175286400424746, 0.8238641827680766, 0.9140773955339532, 0.9359117328628743, 0.9353003874131605, 0.7748039763134386, -0.1410365290322915], [0.9952889724786269, 0.9885973053959889, 0.9911160221004255, 0.9958214930035039, 0.998268036912166, 0.9886827381708803, 0.9971458404217065, 1.0, 0.9999842676323988, 0.9662063113934151, 0.9996438771526761, 0.9999968834247744, 0.9996613501390399, 0.999997849760782, 0.9999816930664867, 0.9964715126227244, 0.9993095762065983, 0.9998876503012754, 0.9998871596295174, 0.999956591874752, 0.9999944241577112, 0.9908663322895392, 0.9756630972292322, 0.9917395347630035, 0.992981570433925, 0.9836069193903747, 0.9739481880070416, 0.9418020796794169, 0.9885903178128338, 0.9943219022682586, 0.991636977340468, 0.9679712372925102, 0.9994279311400889, 0.9994892031462534, 0.9996126891907386, 0.9996854853373669, 0.9987734619456438, 0.9994059636090977, 0.9991121967204135, 0.9985441213137034, 0.999497544297198, 0.9993591532759328, 0.984596785672075, 0.9308515756715288, 0.7213663395909, 0.9358472736268104, 0.9141318713360996, 0.7815586216297757, 0.9576274304040469, 0.9357367768860326, 0.9592314622804374, 0.9518964227788684, 0.9458846916729576, 0.9799034445346761, 0.9767639385805067, 0.9345054433628742, 0.9489330246036107, 0.960709942590294, 0.9648390827709677, 0.963046231105039, 0.9385726278567579, 0.8788206963945218, 0.9385390118258623, 0.9468880591532145, 0.9255974819826497, 0.860447299236166, 0.9565555376751631, 0.9222262215426343, 0.955547914329989, 0.935198249159901, 0.717579067432207, 0.8156774029525216, 0.7500242357078625, 0.8331099113201585, 0.8621697286677249, 0.8688165331783443, 0.8494339349372743, 0.858821568900122, 0.2338238939286623, -0.6117443228901328, 0.9524720895539093, 0.9256658584821738, 0.9274005754698427, 0.9404331775078546, 0.9482135924821059, 0.960656696519255, 0.9607067808964803, 0.9155107164270929, 0.9537590423235264, 0.8054795555363864, 0.6159825761738381, 0.9146275256597035, 0.9316428581060691, 0.7320542560827348, 0.9185107365488637, 0.9400790848039224, 0.8052715783983396, 0.9693139479643695, 0.8350070399165024, 0.6194572734780519, 0.6862535240122276, 0.8448306760122605, 0.8342720344324093, 0.8327356003716533, 0.9769131588255948, 0.9771567602742075, 0.712389619305209, 0.6710258933959594, 0.78556872995035, 0.29305379409967136, 0.7604330640854794, 0.7881077274588381, 0.7845526459473479, 0.7831159528055098, 0.7212977429605566, 0.7213928513444058, 0.6989602806507103, -0.27138778143000436, -0.417068995383184, 0.6212760751305884, 0.8829120203502363, 0.9277915771807969, 0.9376410291171084, 0.9110628132068918, 0.8122751371506297, 0.9075502330597105, 0.9295878368136894, 0.9292354358503647, 0.7542810003188413, -0.1227293889723577], [0.995587276481453, 0.9886347191810015, 0.9943838651370248, 0.9962132614045525, 0.9983243596036736, 0.988198401651487, 0.9995279925984442, 0.9999842676323988, 1.0, 0.9655099680876461, 0.9996428418222768, 0.99998138207833, 0.9998358683999561, 0.9999899284473334, 0.9999963938751021, 0.9989882568697349, 0.9992970398547179, 0.9998236764522896, 0.9998226475317349, 0.9999666576744924, 0.9999822579247137, 0.9937414975706077, 0.9768343036239199, 0.9950228351876632, 0.9951732347203643, 0.9835708525690472, 0.9781413010720376, 0.9427916483541772, 0.9891489015638558, 0.9934239530627553, 0.9886393979791335, 0.9633696574541132, 0.9993475312336817, 0.9994288953971865, 0.9994294997858971, 0.9998373530271792, 0.9987840866148702, 0.9993951670725174, 0.9993345915834366, 0.9985507974626732, 0.9993413680947215, 0.9993354511084774, 0.9889817521353813, 0.9309961078781661, 0.7221456658552305, 0.9357609202200664, 0.9140928945127745, 0.7817819483740772, 0.9448422949436567, 0.923796029604896, 0.9481862536656838, 0.9493002321813914, 0.9431654807470493, 0.9773661630924467, 0.9768693925954073, 0.9666229974738316, 0.949340084352938, 0.967553250663383, 0.964904083908692, 0.9679691163925278, 0.9676209631840614, 0.9382515885259352, 0.9377627943572071, 0.9387847294337887, 0.9383596005817123, 0.8902594390174966, 0.9569038790941192, 0.9578565136213778, 0.964165946011669, 0.9629434032973742, 0.9162289937480267, 0.814950283735535, 0.7623394163723305, 0.832200818119584, 0.883572133405053, 0.8669782020632455, 0.8747288272683459, 0.87365648896049, 0.6218654421206968, -0.6279448502109057, 0.9523811328096776, 0.9256999593109976, 0.9275111090546765, 0.9680305935979708, 0.9425662203548064, 0.9601469490057216, 0.9596124197024211, 0.9163422587026877, 0.9624951595062979, 0.9209370922671689, 0.6142164235717149, 0.9140916596508282, 0.9458679937434102, 0.7062597891962117, 0.9046725819013108, 0.9303283661063882, 0.8043599708858401, 0.9679938807032257, 0.8855868453546846, 0.5237341902859246, 0.6537560436822102, 0.8735796275940624, 0.8278043318286246, 0.875923156429078, 0.9768293042668366, 0.9771039811615392, 0.7102840009889391, 0.6680674409487118, 0.749882020666348, 0.29077795050372224, 0.6879413925485551, 0.7554227454767973, 0.733199289273498, 0.7137191238006267, 0.7186472570035276, 0.7181730356340377, 0.695695811317519, -0.5090534847990943, -0.5865940421884227, 0.620689714700883, 0.881738689587608, 0.9265156437772104, 0.9391499559630372, 0.910035486010187, 0.8072269963101236, 0.8967309882375533, 0.9196103984944386, 0.9190453566902291, 0.8077275754159005, 0.11386947261887163], [0.9796314994428202, 0.9674668897508809, 0.9547057893375973, 0.9793015303196342, 0.972770555990399, 0.9643592046144295, 0.972203061210026, 0.9662063113934151, 0.9655099680876461, 1.0, 0.9515729325997664, 0.9666014947463726, 0.9655186612006929, 0.9663289481365919, 0.9658796381073445, 0.9672629377599741, 0.9744831186884187, 0.9707519829143675, 0.9707650952910646, 0.966381390697435, 0.966455708952512, 0.9659417933088723, 0.9531741917786661, 0.9731781891208063, 0.9710520661162162, 0.894475561140221, 0.9694788453723626, 0.9517969048050644, 0.9761782311316536, 0.9701797669477354, 0.9703670155522531, 0.9361654227151596, 0.9745730757595668, 0.9741392856125182, 0.9746036318094076, 0.9667816442801028, 0.9593683557000637, 0.9735892874643998, 0.9743870661072295, 0.9771476697941782, 0.9747595931020142, 0.9747777268977506, 0.9559789091853742, 0.8456671183994746, 0.541874650714284, 0.7964444266608222, 0.8929017048048207, 0.875555385933084, 0.9025168514589887, 0.8304370351764399, 0.9069998714996212, 0.9167089871295029, 0.9041067393790068, 0.9336569641790688, 0.9335123608835223, 0.9442669334532413, 0.9359765558899295, 0.9546292590592531, 0.9482812139217082, 0.9529850460599624, 0.9530066795074261, 0.9123256253055296, 0.9533409436055182, 0.9384661451998755, 0.9381702993153147, 0.8601239460667115, 0.9358747585002285, 0.9437508899802569, 0.9372080732955771, 0.9361470565110511, 0.8866398871555122, 0.8228102505406157, 0.7795803512535554, 0.8657297210201136, 0.9166766023618648, 0.888787216018727, 0.902787203382175, 0.9020676545526066, 0.7158039676278546, -0.3159307047903453, 0.9533898864066044, 0.954098538482911, 0.9463989005606231, 0.9460458919689998, 0.9311150891622442, 0.9546530943456814, 0.9545875384272652, 0.9021440910595885, 0.9566301144023963, 0.9070805411385902, 0.7171993531244126, 0.6932629180296445, 0.8669456806806138, 0.6279656116858943, 0.8552551348768035, 0.8915494300420711, 0.8757240558414686, 0.9502979759166774, 0.9061192879177082, 0.41702590971957765, 0.6583207793543902, 0.8984878147414697, 0.8749215493746839, 0.9050587797196972, 0.9505562043305033, 0.9508941063850439, 0.5413877848913712, 0.7065207028239062, 0.6175386021482049, 0.4873074351388255, 0.5762838883824145, 0.6320056768980348, 0.5928780233152969, 0.5676399992795137, 0.8093055411951291, 0.6865144888368809, 0.6512165376396805, -0.28344515173902013, -0.3324445390222166, 0.7531259307142645, 0.9175408439404642, 0.9241287866541469, 0.91224048115285, 0.9425431029510152, 0.6633437322766617, 0.8443988602444373, 0.9104617680883142, 0.9096101817714214, 0.6925226607864894, -0.1605519681132837], [0.992123561491434, 0.9910562210457764, 0.9969750643681224, 0.9935903674052613, 0.9976054672136989, 0.9792325262542458, 0.9994197341132585, 0.9996438771526761, 0.9996428418222768, 0.9515729325997664, 1.0, 0.9996724671382562, 0.9996502604316096, 0.9996583799983533, 0.9996646943296852, 0.9994173483329947, 0.9991041645323773, 0.9999549369996252, 0.9999544006290787, 0.9996573296738517, 0.999665594385892, 0.9900061948710507, 0.9571656432085253, 0.991106545488803, 0.9922543355396588, 0.9881010389672592, 0.9700110799422349, 0.8943768344728374, 0.988572704302962, 0.9924700266883081, 0.9724083690033929, 0.8965319167218102, 0.999148403112868, 0.9992175381614685, 0.9991473778944293, 0.9994530149733556, 0.999398911441004, 0.9991704310213974, 0.9990320602559449, 0.9977721641683158, 0.9991189633016868, 0.9991141739658332, 0.9895687151787499, 0.9249605522314808, 0.5714894542835391, 0.9311637997679082, 0.91325993176881, 0.7861188656814861, 0.8587332962642888, 0.8925587113954314, 0.8642416809110611, 0.8757941994122431, 0.8556824210330929, 0.950590717043589, 0.9505117028189424, 0.9498776001569564, 0.9522611202281521, 0.9415766974313631, 0.9436142024156756, 0.9460789655996069, 0.945879084134089, 0.895429832089072, 0.9070642913135561, 0.8644967569279015, 0.8643070657531826, 0.7421873580901985, 0.9458617800245475, 0.9493454790874474, 0.9495213746963991, 0.9488017013763561, 0.8965022320484531, 0.5923826908733003, 0.5286850928951312, 0.6884748798300505, 0.7928549357697267, 0.7179762610137248, 0.7576425194024011, 0.7564056310296832, 0.5192785859442133, -0.400838782182722, 0.9194706418341082, 0.9297246681152084, 0.9191283875788677, 0.9513679523488482, 0.91580279188136, 0.9255437463933215, 0.924271841284847, 0.8542358315679995, 0.9299740318077406, 0.8619365907134687, 0.5032730156427245, 0.9104433723819109, 0.9056021789639683, 0.2859905048324754, 0.6816034184103927, 0.768015309708014, 0.6462005234353948, 0.9703934779316137, 0.660395736875872, -0.17234459768269608, 0.1847959806862716, 0.6327611074734654, 0.6371729705804988, 0.6794871872956207, 0.971689928618829, 0.9717444065275074, -0.0282699979482772, 0.19852381945400072, 0.054298147239367635, 0.020789767801228074, 0.04742240410483659, 0.06661477235334406, 0.033777184297873346, -0.01503661193719741, 0.39863272929392823, 0.1313373242169661, 0.0793417611096911, -0.5230144069410805, -0.5559760284102444, 0.6207928008956309, 0.7377397399358978, 0.7620295673921409, 0.8263115995806382, 0.8237281440868286, 0.5161925000025179, 0.7232042531943867, 0.7583765301242609, 0.757086876176531, 0.4028631550366781, 0.26307279128255096], [0.9954332190125276, 0.9888468376299704, 0.9910143489926041, 0.9959476501354106, 0.9983152678794326, 0.9886313484618706, 0.9981286808128498, 0.9999968834247744, 0.99998138207833, 0.9666014947463726, 0.9996724671382562, 1.0, 0.9996464084494846, 0.9999976477392476, 0.9999844276449174, 0.9971077244411624, 0.9993606250141455, 0.9998990197274724, 0.9998987113749798, 0.9999644133223767, 0.9999948882517807, 0.9907802537148055, 0.9755454310013959, 0.9923939771477911, 0.9929453186311822, 0.9838116277643522, 0.9737879369284196, 0.9418323479272368, 0.9894753550029378, 0.994375057071222, 0.9917094982730823, 0.9681168383917959, 0.9994701821441496, 0.9995332372702729, 0.9996461344026291, 0.999687508961459, 0.9988640144583526, 0.9994517084422458, 0.9991510929830416, 0.9986251488755347, 0.9995410885969274, 0.9994023578428436, 0.9844098453899259, 0.9311387307418427, 0.7220792367770544, 0.9357792700307336, 0.914405577696345, 0.7827451200709703, 0.9579499477200786, 0.936150819086753, 0.9595622706304855, 0.9522688766547307, 0.9462809954526796, 0.9801410207694785, 0.9769488342682339, 0.934844495098135, 0.9491629022265167, 0.9610447311652851, 0.9650145066529318, 0.963373247509674, 0.938851398852327, 0.8790638073577772, 0.9388657015311882, 0.947338651527976, 0.9260537744854794, 0.8609393275393448, 0.9566751806187218, 0.9224838701063885, 0.9558071392639043, 0.9355162390358769, 0.7177521265919051, 0.8162164042976839, 0.7506059448104557, 0.8336378287321388, 0.862567315585915, 0.8691302127701921, 0.849886569017967, 0.8592974915574061, 0.23422128538540357, -0.6116118034131067, 0.952731893363919, 0.9261353383957428, 0.9277827418855036, 0.9406953375411417, 0.948490311432999, 0.9609178017542717, 0.9609685685987932, 0.915783759572967, 0.9541191340263576, 0.8057916445683762, 0.6162174024712082, 0.9136666421736654, 0.9310950713137723, 0.7323477065741419, 0.9185725000793348, 0.9401376249229837, 0.8055704386975352, 0.9691411438957561, 0.8354446005119742, 0.6204601879815784, 0.6869529680136094, 0.8452916915935667, 0.8348064874754663, 0.8331577958936695, 0.976827408608776, 0.9770708178317139, 0.7130569290350267, 0.6716618813547889, 0.7861329095436538, 0.29395232762542917, 0.7611206219156883, 0.788779226192761, 0.7851219044158463, 0.7838174343888498, 0.7217183846010352, 0.7218539716601233, 0.6994511303774271, -0.2703386162349614, -0.41611689023884146, 0.6218983680594348, 0.8834274589196605, 0.9281979975926814, 0.93813850372718, 0.91151115480054, 0.8128250426805312, 0.9080921825530942, 0.9301174370998033, 0.9297512655062079, 0.754949586191732, -0.12381895978338656], [0.9946492053994799, 0.9886643236348859, 0.9929519518638441, 0.9953744122695479, 0.9980988024359037, 0.9897682310416644, 0.9990669490117613, 0.9996613501390399, 0.9998358683999561, 0.9655186612006929, 0.9996502604316096, 0.9996464084494846, 1.0, 0.999683027003213, 0.9996684674960569, 0.9991129122783995, 0.9989078280579289, 0.9994699594938069, 0.9994628001745716, 0.9996633517277836, 0.9996374929759583, 0.9927730197611149, 0.9771556384219052, 0.9957406331152687, 0.9956304527275791, 0.9836449761716766, 0.9766039540416163, 0.944332469514196, 0.9886219693763661, 0.992393485340289, 0.9907736699784336, 0.9656967278264926, 0.998760355275402, 0.9990690242181313, 0.9992637295128575, 0.9999205374923015, 0.9988095739590452, 0.9990389603544422, 0.9985908400598774, 0.997933609758799, 0.998751944674763, 0.9986775083172064, 0.988376219242289, 0.9311005856145441, 0.7179314611771382, 0.9358954282805619, 0.9143036505018344, 0.7820305473909673, 0.9535177509601253, 0.9291700340699569, 0.954508749506548, 0.9488005089515823, 0.9422291177053699, 0.9765845492264057, 0.9748411073992969, 0.9582994794558157, 0.9488301641618185, 0.9613201237825422, 0.9642493425761168, 0.9631861545814022, 0.9624842255571006, 0.883153016700347, 0.9358235091467005, 0.9456733514577306, 0.9453708671971781, 0.8590316222215483, 0.9569805961068819, 0.9342840492166293, 0.9576972067854279, 0.9563128568931951, 0.722198837767506, 0.8130970736276926, 0.7756574310933003, 0.8311866531257529, 0.864019003041078, 0.8681896218396198, 0.8580473956323975, 0.8583170460462124, 0.21859802742921286, -0.6061395561447586, 0.9517915098604025, 0.9258108373936511, 0.9266680926645428, 0.9611646217778176, 0.9478529172711938, 0.9596583136408651, 0.9596607191788397, 0.9154760843442638, 0.9544495721516634, 0.8125287599171109, 0.6166718423472777, 0.9142195751010807, 0.9317544753433691, 0.7293891667931347, 0.916583493759892, 0.9384671282224442, 0.8065353591414275, 0.9718293849868112, 0.8293660969907123, 0.6122167027181832, 0.6823775808577083, 0.8364343003680239, 0.829445210096375, 0.8249902792520422, 0.9787577369342016, 0.9789596960635691, 0.7038012511211064, 0.6661596975721336, 0.765289746815538, 0.2936495549975789, 0.7510758195325431, 0.777407553272842, 0.7540259580735669, 0.7727091973715571, 0.7193889292414234, 0.7115906155958531, 0.689449764245869, -0.27708958372152115, -0.4212669195628267, 0.6214700824268492, 0.8811903770498182, 0.9296224819260527, 0.9335854062183049, 0.9106803206319385, 0.8049481799034202, 0.90173593625488, 0.9230269797212617, 0.9233331395268208, 0.7488392690294776, -0.12205914284927545], [0.9953432828126265, 0.9887142622930496, 0.9911769488451764, 0.9958740812237763, 0.9983026167947964, 0.9887433632554572, 0.9990184799058232, 0.999997849760782, 0.9999899284473334, 0.9663289481365919, 0.9996583799983533, 0.9999976477392476, 0.999683027003213, 1.0, 0.9999885310566381, 0.9986388907468737, 0.9993296677394363, 0.9998912537650283, 0.9998904440676445, 0.9999585655640947, 0.9999922947516967, 0.9909057977163787, 0.9757172644275911, 0.9942389990753587, 0.9940837855317265, 0.9837270903874069, 0.9739925714130994, 0.9419848524199164, 0.9919470142815503, 0.9946909372116505, 0.9915801485998866, 0.9678698415064072, 0.9994437918803907, 0.9994939626987018, 0.9996227573627386, 0.9997041912526317, 0.9988157518860168, 0.99941687859479, 0.9991785460809209, 0.9985664035165042, 0.9995111191748052, 0.9993759091390303, 0.9845790356289491, 0.9309554496956902, 0.7214504772041836, 0.9358673340450119, 0.9143327175241414, 0.7821220842334161, 0.9577354492456993, 0.9359111475613675, 0.9593758954397917, 0.9518629021387581, 0.9458259151638533, 0.9799513875902882, 0.9767263170766189, 0.9348609580259339, 0.9490606212451794, 0.96090779609635, 0.9649086968844247, 0.9632274412628941, 0.938282877970694, 0.8790606736635878, 0.9383848820583426, 0.9469643413642357, 0.9258539253904765, 0.860584892904411, 0.9567204104805118, 0.922643025608814, 0.9557910134945293, 0.935571410098167, 0.7179753101962552, 0.8156221109301691, 0.7503305566853951, 0.8331007095903242, 0.8623612286190674, 0.8687870638874065, 0.8496104357853522, 0.8590152353011714, 0.2341933765137448, -0.611448448622465, 0.9525402259796073, 0.9258888105325426, 0.9275841924508449, 0.9385001096023792, 0.9484093946586443, 0.9607336043308661, 0.96078026419568, 0.9156900532423746, 0.9539570440678002, 0.8057794606969033, 0.616033224349458, 0.9141695555633678, 0.9314908454570381, 0.7319808416279596, 0.9183791208012723, 0.939976462472407, 0.8052765746468968, 0.9693313964184815, 0.8350713855562246, 0.6193349184335483, 0.6861503203123355, 0.8448793173015964, 0.8344405924973975, 0.8327932391556385, 0.9769655734352503, 0.9772054187002768, 0.7119355601972365, 0.6706186200384208, 0.7855756582847025, 0.2933725958199286, 0.7604297852312257, 0.7880473971538733, 0.7847511483198868, 0.7830312599119752, 0.7211980604688403, 0.7205642734673674, 0.6981674807440656, -0.27117571891855347, -0.4168529033513989, 0.621632503764315, 0.8828429099442091, 0.9279527495062162, 0.9377212652886974, 0.9111293701454592, 0.812090717412062, 0.9078010099778111, 0.9296635486910321, 0.9294289649312314, 0.7544161371583973, -0.1230447104294792], [0.9954773733190243, 0.9888110842464025, 0.9910941248118212, 0.9959871546988684, 0.998368936767417, 0.9888715110827176, 0.9987935886880793, 0.9999816930664867, 0.9999963938751021, 0.9658796381073445, 0.9996646943296852, 0.9999844276449174, 0.9996684674960569, 0.9999885310566381, 1.0, 0.9986392162082279, 0.9993676583390222, 0.9998873835169693, 0.9998875353310468, 0.999956877509442, 0.9999778012420327, 0.9908263036190288, 0.9757284238043455, 0.9927211633780972, 0.9927523784492774, 0.9837841493173427, 0.9737262634341151, 0.9419044214777406, 0.9919919529897014, 0.99428667918268, 0.991420000623289, 0.9677249559375551, 0.9994829876872916, 0.9994780353425139, 0.9996079548551922, 0.9996946058379687, 0.9988343865153292, 0.9994205058986637, 0.9992081937003799, 0.9986196701587308, 0.9995419447121201, 0.9994208074887077, 0.9843809435044194, 0.9309193805946058, 0.7221081731598186, 0.9356140755955941, 0.9142005722533222, 0.7824408287839503, 0.958319154810721, 0.9369571343059885, 0.9600120172668524, 0.9520191244194988, 0.9459953490686828, 0.9804237788279238, 0.9768886219444782, 0.9356385567431375, 0.949482320673804, 0.9612925882458587, 0.9650763079735523, 0.9636207213459067, 0.9396003753614323, 0.8791967440382344, 0.9379368895478676, 0.9472451303125625, 0.9265916047295331, 0.8604135371487429, 0.9571186117746121, 0.9232557689630404, 0.9563049724022388, 0.9364819674450697, 0.7176590418402544, 0.8152536010985768, 0.7512575654010308, 0.8324868447847588, 0.8622924248646253, 0.868223887280103, 0.8500438764154946, 0.8594149630437383, 0.23341351798058865, -0.6111943219360735, 0.9525761545790135, 0.9261024063436898, 0.9278320524087539, 0.9415050663514175, 0.9488945269014144, 0.9608713101799973, 0.9609854137412256, 0.9160462763415312, 0.954296877378704, 0.8056517485360166, 0.6148213953502414, 0.9136559310261033, 0.9311442318036871, 0.730937178476386, 0.9179325579296754, 0.9394813286780015, 0.8043922268254168, 0.9689505213617172, 0.8360385632504026, 0.6190294778824732, 0.6851560581161268, 0.8453815336908103, 0.8348321899434148, 0.8335117921098607, 0.9767361350330847, 0.9770109475244311, 0.7106229658210393, 0.6684287555919621, 0.7866650987483139, 0.291778615963028, 0.7606688455172756, 0.7884373402453867, 0.7859658183078406, 0.7832478446912564, 0.719493142705911, 0.7183708098038969, 0.6959422829352541, -0.27041593300231603, -0.41615679776454784, 0.620867421390517, 0.8819393091338916, 0.9285321798663178, 0.9382119597011956, 0.9103492641928582, 0.8121859222536584, 0.908817626409731, 0.9302338235873914, 0.930121931983737, 0.7542452604031541, -0.12271407622017794], [0.9965696712836376, 0.9935584259192914, 0.9917051911779481, 0.9970929732970177, 0.9986339771402674, 0.991744556161153, 0.998151327806007, 0.9964715126227244, 0.9989882568697349, 0.9672629377599741, 0.9994173483329947, 0.9971077244411624, 0.9991129122783995, 0.9986388907468737, 0.9986392162082279, 1.0, 0.9990547388014832, 0.9989831545578145, 0.9989804119828491, 0.9987992264128314, 0.9985326633214873, 0.99233542249732, 0.9783984813324327, 0.9837179177104974, 0.9901036660565299, 0.9893444764159152, 0.9757855566895924, 0.9491775499640471, 0.9930053586957628, 0.9930738782068472, 0.9904330605353102, 0.9677661783284923, 0.9987926211144385, 0.9987234699387846, 0.9989467850304642, 0.9986572175437417, 0.9993891994232895, 0.9988674643575142, 0.9989123335006176, 0.9984025834872196, 0.9986784188906004, 0.9987433919733227, 0.9834134256019756, 0.9243358179249335, 0.7271524267089362, 0.9292606184039905, 0.9166889139412802, 0.7992871108946417, 0.9614138487992638, 0.940754001071066, 0.9634863867702572, 0.9517545935395814, 0.9443397349719955, 0.9808560302531432, 0.9762149804838509, 0.9478623896733341, 0.958405832380415, 0.9679636528596145, 0.9695139930712942, 0.969451101899141, 0.9507924042269075, 0.8908217971711481, 0.941650534517315, 0.9518992992598743,