var correlationClose = {"data": [{"type": "heatmap", "z": [[1.0, 0.9999819153143897, 0.5521903892460625, 0.9996944673316576, 0.9973626870293365, 1.0, 0.9904980589227075, 0.9859031580500082, 0.9911355256088048, 0.9726423158263675, 0.9808432391015899, 0.9905441659954235, -0.1403170992201318, 0.9906117446551443, 0.9906730508165859, 0.9933990585336776, 0.4852649111536669, 0.9916618081273637, 0.9916599706392488, 0.9834451848021563, 0.990545820425908, 0.4443820042234194, 0.6500653711743136, 0.9770698893285666, 0.9770450672257265, 0.9558973688604882, 0.2927365645300762, -0.12660174359371493, 0.9898964380930274, 0.9898568058708899, 0.26747192766903405, -0.21123045265056098, 0.9935368690144842, 0.9944364456557158, 0.8038586572861564, -0.3940333558081155, 0.9867575302931574, 0.9941646494097545, 0.994087753969105, 0.46803001502537517, 0.9937338112769569, 0.9937290116817118, 0.9937338112769569, 0.8919772217614425, 0.6787987047155067, 0.8615707948230895, 0.8820550183269021, 0.7979346033308661, 0.3951489962521452, -0.12178197673024849, 0.19363947886120633, 0.9469889317742319, 0.4818695085267142, 0.9774489965435605, 0.9714611082755032, 0.9115117602030601, 0.9044244783673375, 0.9304747860618828, 0.9039442444791497, 0.9270585328790467, 0.9279963851773838, 0.9270585328790467, 0.8368785718068278, 0.9039535561038253, 0.9051820818382835, 0.9039535561038253, 0.8897762131716608, 0.7227415290080034, 0.8655995074055396, 0.867518580466226, 0.8655995074055396, 0.6081895764774038, 0.30146235945924105, 0.583675648460844, -0.599115943534615, 0.4756309462332936, 0.535123762210935, 0.5370312714974814, 0.535123762210935, -0.09572911115411743, 0.8770134547611623, 0.9085111012394981, 0.8902042468874366, 0.9131424886677657, 0.48970799919201585, 0.8746412606598284, 0.8761705219774881, 0.8746412606598284, 0.8856214295719018, 0.8856214295719018, -0.16841463119099798, 0.529294008028702, 0.19945812942419458, -0.5335638763569918, -0.5550762684347754, -0.5584702946708078, -0.022008687051002684, 0.044048629860232225, 0.27108283932238175, 0.16217878588408574, -0.34591557594430694, 0.07031970805645626, -0.7905236520114044, -0.19592941040707132, 0.11132710179505761, 0.111860444847012, -0.5310806784387193, -0.6085909401934831, -0.1961254707958571, -0.4754510009312681, -0.8302575335854696, -0.33486385990021245, -0.32623429162547735, -0.33486385990021245, -0.17662078686997199, -0.24063686809073126, -0.24063686809073126, -0.8191675524976363, -0.8191675524976363, 0.4028564825775252, 0.6626480767802915, 0.8756762554613213, 0.8544094570046658, 0.7927966680321838, -0.2313468890371386, 0.7719851137620319, 0.8124729781159745, 0.8125370894290653, 0.8124729781159745], [0.9999819153143897, 1.0, 0.9670702105360081, 0.999162548587112, 0.9932968754457664, 0.9999819153143895, 0.9764776288747766, 0.9668386481566611, 0.9762454809693638, 0.9563702721504911, 0.9785323761070032, 0.9765293831439137, 0.9764866590758874, 0.9762898326830547, 0.9754984498863456, 0.984536552258662, -0.22636581327777944, 0.9822682675779486, 0.9822380913760709, 0.9766028421515733, 0.9765931759214747, -0.164577810739631, 0.9657764756346391, 0.969125346892083, 0.9692027043067802, 0.9563411056887967, -0.0011712020981409662, 0.14305502629737823, 0.974931492268299, 0.9750039967738142, 0.9705265372468648, 0.12304431076307541, 0.9867113824349446, 0.9868070870540736, 0.9876204225687913, 0.9789037836180902, 0.9849795328845871, 0.9867200459092258, 0.9874079975675397, -0.23334811479249085, 0.9877291053870889, 0.9877081395488964, 0.9877291053870889, 0.8919988058115805, 0.5718318090770987, 0.8622879869753569, 0.8823476573299607, 0.7971931794360998, -0.4483615749348237, -0.552857742988457, 0.8379927430365588, 0.860773230998218, -0.1561363319280636, 0.9350724865015481, 0.9351322839685873, 0.9178817113388706, 0.9284762308764587, 0.9047141590183223, 0.9043946508491278, 0.9117760794716874, 0.9125660201893976, 0.9117760794716874, 0.7624180697645048, 0.7219076845470631, 0.7240684494737647, 0.7219076845470631, 0.9224499424597232, 0.9278961869652537, 0.9221929870966252, 0.923492685558221, 0.9221929870966252, 0.424289318007055, 0.36752417574018476, 0.4899161359967425, 0.593426622173817, 0.4696951639920139, 0.5134127781250674, 0.5142297452587336, 0.5134127781250674, -0.21086186756870384, 0.8587182452842267, 0.8970802266411984, 0.8827073894787567, 0.9253837847023217, -0.02933691427527183, 0.8522078793290108, 0.8526213573745579, 0.8522078793290108, 0.8640916666826735, 0.8640916666826735, -0.2736005364892463, 0.5303572746150754, -0.3837699293087355, -0.626009029248888, -0.46478648180960414, -0.4681988419464841, -0.2902332867688213, 0.21173890990800606, -0.20429531521640618, -0.3735995809243557, -0.5578907937204434, -0.27265795825495975, -0.5018237440873647, -0.32612779684858856, 0.08562428904796357, 0.08039314484320677, -0.48263256489859546, -0.43661922595698216, -0.4644643787275437, -0.49405984903408984, -0.4866151132456794, -0.46704144285695914, -0.4702231590949299, -0.46704144285695914, -0.3567462452488835, -0.49036137067643687, -0.49036137067643687, -0.4656259924699048, -0.4656259924699048, 0.4026272869525774, 0.423823532594231, 0.5226899895404528, 0.6075316127736606, 0.5825179466641288, -0.37997913773588055, 0.39384890962188074, 0.3853593183346017, 0.3854739979150909, 0.3853593183346017], [0.5521903892460625, 0.9670702105360081, 1.0, 0.5451957292962567, 0.4257708520235123, 0.5521903892460623, 0.5419976913106876, 0.5296707899815414, 0.4340888506694977, 0.3719453667819911, 0.9965402530645224, 0.5420147670952896, 0.5185878609428255, 0.5423702922529618, 0.545259858283737, 0.582223669060842, -0.08450941447923103, 0.48430675387982486, 0.4842747631747406, 0.4336665567874211, 0.5416518755340083, 0.2029563555527426, 0.6821768802865106, 0.5067956001945563, 0.5065043251973683, 0.9818735305186441, 0.2765717018204444, 0.18065062847768246, 0.509114002616546, 0.5086012232110798, 0.7709701173709776, 0.005906543378087533, 0.5407146491140322, 0.4329222348712909, 0.5319871059928977, 0.37098681213936135, 0.9937507463946417, 0.4199278168200534, 0.5440927072782465, -0.09022063433400422, 0.5567100152348153, 0.5395494747285633, 0.5567100152348153, 0.899429471521986, 0.3925986274918962, 0.9039689890890736, 0.8690796115931951, 0.6501877327899713, 0.2017513684165959, 5.622420915927793e-06, 0.0619016044606523, 0.40924160062826936, -0.0644043136507647, 0.5017649909608339, 0.43124665597375805, -0.08185377336568793, 0.6690623008154346, 0.6300597217659913, 0.4559679146212087, 0.6361935241011112, 0.7059738453537218, 0.6361935241011112, 0.30028838352848913, 0.5302086612856258, 0.6361829877295073, 0.5302086612856258, 0.5352993531988051, 0.6133832721962957, 0.6514307595452745, 0.7278006029577615, 0.6514307595452745, 0.17941104674271746, -0.08156185216724053, 0.19849000717508336, 0.1593649320299269, 0.19760858410787427, 0.2651113648986965, 0.384960411917241, 0.2651113648986965, -0.1689269690245809, 0.4100226313237833, 0.793239036134456, 0.4971508070143129, 0.7227670024924193, 0.11193390390526001, 0.4811258487638619, 0.4824108719630012, 0.4811258487638619, 0.6169264357423606, 0.6169264357423606, -0.29800914863177236, 0.7104825074864232, -0.2341428125424984, -0.5116268895485239, -0.37589740676189626, -0.37904254023213124, -0.38325118908109607, -0.002700843088014508, 0.026680763605848454, -0.24358915592156513, -0.49494305027756913, -0.12765495298878432, -0.20840169290683822, -0.19762022866105852, -0.04076511041205553, -0.04409630175153939, -0.4355119129657106, 0.024733970284298443, -0.20798980224545258, -0.4714654280354783, -0.09565934144694767, -0.34416328803253526, -0.22028490932500075, -0.34416328803253526, -0.42811994662039643, -0.4973612992955057, -0.4973612992955057, -0.22707531914674572, -0.22707531914674572, 0.32401462134154907, 0.12523607764092684, 0.2365174972134109, 0.48338461594936677, 0.2018274413540963, -0.2903465557570391, -0.039684257422042506, 0.44378456727449617, 0.5604417895441872, 0.44378456727449617], [0.9996944673316576, 0.999162548587112, 0.5451957292962567, 1.0, 0.9985694397877861, 0.9996944673316573, 0.9921520143919988, 0.988043201272608, 0.9931672454194902, 0.9703660512969289, 0.9862084337179979, 0.9921856203482872, -0.14497740075846707, 0.9922242712982924, 0.9922765954917997, 0.9950048382512384, 0.47117173748714264, 0.9930812355714111, 0.9930795147649213, 0.9839369888564541, 0.9921769225468711, 0.43548670840892245, 0.6532881628106412, 0.9801023730534767, 0.9800781789879539, 0.9674764020930989, 0.28752073431635394, -0.13416581880173334, 0.9897093061189439, 0.9896806436462575, 0.2587970477841897, -0.21223358869683973, 0.994375505161344, 0.9955848069778562, 0.7618558899247926, -0.4000417186147928, 0.9906975665456302, 0.9955573698297071, 0.9947401485745302, 0.4535524437402856, 0.9918657263719515, 0.9944650480019941, 0.9918657263719515, 0.8906342654464016, 0.6659808651659662, 0.870409314529836, 0.8777094222206189, 0.774542580905838, 0.389500032337567, -0.12797436381907842, 0.1868880235600545, 0.9411795611261664, 0.4656794207520766, 0.9731490501024027, 0.9686351345366825, 0.8863119059689112, 0.894750439410713, 0.9148609991799838, 0.8984932562706551, 0.9065840643442247, 0.9078748936272478, 0.9065840643442247, 0.8264034046315399, 0.8899336477982146, 0.8912903921580714, 0.8899336477982146, 0.884966864957288, 0.6529477259167962, 0.8196171319891877, 0.8216553909119668, 0.8196171319891877, 0.5976646952245593, 0.09733441085124041, 0.5710625375322497, -0.6044817439536524, 0.46859456963867996, 0.278294333089829, 0.5044419066376318, 0.278294333089829, -0.10278433730502817, 0.869767107942369, 0.8968319191696081, 0.879388070713439, 0.8854064880873665, 0.4765135646786499, 0.868459649606002, 0.8701816372167673, 0.868459649606002, 0.8624523790880432, 0.8624523790880432, -0.17504671591219498, 0.5586305430083311, 0.20418481917701672, -0.5446954800883589, -0.5631963596950603, -0.5665037393680897, -0.034925495100566965, 0.038147468578060804, 0.263725516751921, 0.14927807698098602, -0.3592696299456456, 0.06347536210183294, -0.797654525015362, -0.20416618509555629, 0.09967100113862531, 0.10026524164839637, -0.5388973315414524, -0.6055335270413631, -0.19810807602778274, -0.4884566831886971, -0.8329760333030735, -0.3368919061285492, -0.32882607099140443, -0.3368919061285492, -0.18651192026477045, -0.2512563054638923, -0.2512563054638923, -0.8196730055910362, -0.8196730055910362, 0.3877721124729874, 0.6504219790140642, 0.8681600348784131, 0.846949776755832, 0.7854319647830996, -0.24534648659640063, 0.7631475050146318, 0.8039485943787085, 0.8040177854260291, 0.8039485943787085], [0.9973626870293365, 0.9932968754457664, 0.4257708520235123, 0.9985694397877861, 1.0, 0.9973626870293365, 0.9966450602149451, 0.9945615527710921, 0.9968383463069698, 0.9594653370731587, 0.995018142701172, 0.9966644286514225, -0.3607210982088649, 0.9966961116242509, 0.996714560523959, 0.9977740554229064, 0.28055173442073933, 0.9972633112286216, 0.997260982016962, 0.9856973432448667, 0.996657372172314, 0.0626781632986405, 0.6085328644828237, 0.9901089854748496, 0.9900627871370493, 0.9828541096065497, 0.025483656984968208, -0.12064303627272933, 0.988029999438264, 0.9879717382743382, -0.06486379739656406, -0.11133850436817481, 0.9976701551837013, 0.997612239845362, 0.7344314968020658, -0.5470455706643383, 0.9969852378763184, 0.997847579600608, 0.9979477044644368, 0.2570184353367561, 0.9976353848399003, 0.9976367029129651, 0.9976353848399003, 0.9064235641954516, 0.6270181759981611, 0.8939459485041488, 0.8809974630778405, 0.7389310565680439, -0.09367530970117235, -0.5755778800248029, -0.23909319714839636, 0.9261814326564771, 0.32273507566385473, 0.9664458098503033, 0.9665050752812817, 0.8786337651857818, 0.8705487401232358, 0.8984062417413472, 0.8824047999851033, 0.8963380700363681, 0.8970189828143913, 0.8963380700363681, 0.7944498605757356, 0.828681666329559, 0.8303854947684409, 0.828681666329559, 0.8707390445901256, 0.7572336745038761, 0.8503354266048848, 0.851727405085621, 0.8503354266048848, 0.5464636981411025, 0.40810038214989336, 0.5283339776676141, -0.6546743532371075, 0.5233776082389798, 0.5000314321905136, 0.5002635650081474, 0.5000314321905136, -0.12268088025225139, 0.8471491898029588, 0.8633387705407152, 0.84947178162347, 0.8892880862654822, 0.3381735795681383, 0.8489081981611521, 0.850633101569643, 0.8489081981611521, 0.8573397458335884, 0.8573397458335884, -0.21975098978560312, 0.6226023764387604, 0.05786871684891739, -0.5807996257592334, -0.6232238901746845, -0.623389660320761, -0.07215685300379458, 0.05911411996924911, -0.13646989450920122, -0.10394679286034123, -0.45048347862667104, -0.312076583481912, -0.8656532959857796, -0.5074933788576987, 0.06423709376787878, 0.06470051735392689, -0.5708399548997309, -0.5968579598384199, -0.501717165804547, -0.5336542802774631, -0.8025693142231006, -0.5595834658386704, -0.5625022908384829, -0.5595834658386704, -0.232220160578505, -0.29148854759225923, -0.29148854759225923, -0.7686081524956038, -0.7686081524956038, 0.36532315050775077, 0.6281945819298544, 0.8166390408861773, 0.7906923381987245, 0.7720256625175459, -0.3868797090852921, 0.6120042895513332, 0.6945738217104738, 0.6947582552009337, 0.6945738217104738], [1.0, 0.9999819153143895, 0.5521903892460623, 0.9996944673316573, 0.9973626870293365, 1.0, 0.9904980589227075, 0.9859031580500082, 0.9911355256088048, 0.9726423158263675, 0.9808432391015899, 0.9905441659954235, -0.1403170992201318, 0.9906117446551443, 0.9906730508165859, 0.9933990585336776, 0.4852649111536669, 0.9916618081273637, 0.9916599706392488, 0.9834451848021563, 0.990545820425908, 0.4443820042234194, 0.6500653711743136, 0.9770698893285666, 0.9770450672257265, 0.9558973688604882, 0.2927365645300762, -0.12660174359371493, 0.9898964380930274, 0.9898568058708899, 0.26747192766903405, -0.21123045265056098, 0.9935368690144842, 0.9944364456557158, 0.8038586572861564, -0.3940333558081155, 0.9867575302931574, 0.9941646494097545, 0.994087753969105, 0.46803001502537517, 0.9937338112769569, 0.9937290116817118, 0.9937338112769569, 0.8919772217614425, 0.6787987047155067, 0.8615707948230895, 0.8820550183269021, 0.7979346033308661, 0.3951489962521452, -0.12178197673024849, 0.19363947886120633, 0.9469889317742319, 0.4818695085267142, 0.9774489965435605, 0.9714611082755032, 0.9115117602030601, 0.9044244783673375, 0.9304747860618828, 0.9039442444791497, 0.9270585328790467, 0.9279963851773838, 0.9270585328790467, 0.8368785718068278, 0.9039535561038253, 0.9051820818382835, 0.9039535561038253, 0.8897762131716608, 0.7227415290080034, 0.8655995074055396, 0.867518580466226, 0.8655995074055396, 0.6081895764774038, 0.30146235945924105, 0.583675648460844, -0.599115943534615, 0.4756309462332936, 0.535123762210935, 0.5370312714974814, 0.535123762210935, -0.09572911115411743, 0.8770134547611623, 0.9085111012394981, 0.8902042468874366, 0.9131424886677657, 0.48970799919201585, 0.8746412606598284, 0.8761705219774881, 0.8746412606598284, 0.8856214295719018, 0.8856214295719018, -0.16841463119099798, 0.529294008028702, 0.19945812942419458, -0.5335638763569918, -0.5550762684347754, -0.5584702946708078, -0.022008687051002684, 0.044048629860232225, 0.27108283932238175, 0.16217878588408574, -0.34591557594430694, 0.07031970805645626, -0.7905236520114044, -0.19592941040707132, 0.11132710179505761, 0.111860444847012, -0.5310806784387193, -0.6085909401934831, -0.1961254707958571, -0.4754510009312681, -0.8302575335854696, -0.33486385990021245, -0.32623429162547735, -0.33486385990021245, -0.17662078686997199, -0.24063686809073126, -0.24063686809073126, -0.8191675524976363, -0.8191675524976363, 0.4028564825775252, 0.6626480767802915, 0.8756762554613213, 0.8544094570046658, 0.7927966680321838, -0.2313468890371386, 0.7719851137620319, 0.8124729781159745, 0.8125370894290653, 0.8124729781159745], [0.9904980589227075, 0.9764776288747766, 0.5419976913106876, 0.9921520143919988, 0.9966450602149451, 0.9904980589227075, 1.0, 0.9971219444294198, 0.9999671677044308, 0.9499442548829068, 0.9995666385008679, 0.9999960541021647, -0.15854031604954613, 0.9999922151262018, 0.9999200428587875, 0.9939998595511943, 0.41992154763791134, 0.9998311363992197, 0.9998315239892367, 0.9882234322568482, 0.9999962732846823, 0.3401600124307366, 0.6544614645092222, 0.9839450218062212, 0.9839802605165677, 0.9843852148969823, 0.20765510496820042, -0.1941430602378848, 0.9923490786809975, 0.992053085688938, 0.15702969283179993, -0.263267793186573, 0.9992855373419631, 0.9993740679337089, 0.3354418726322282, -0.33107733579679327, 0.9986031349469441, 0.999271971254453, 0.9982151456747088, 0.4007139989778653, 0.9292750003524293, 0.9990115145838285, 0.9292750003524293, 0.9147250350464751, 0.62910787756304, 0.9178690667555854, 0.8899559193351948, 0.6895893692624215, 0.4186275792663965, -0.07153501017935983, -0.212030587990515, 0.9241409366140215, 0.4225849954808552, 0.9686130801037092, 0.9611351935301367, -0.09206453831507073, 0.8175376864442659, 0.7951275942752216, 0.8418079724336871, 0.788052559276332, 0.7573421537272964, 0.788052559276332, 0.7485163453791723, 0.7568357223276204, 0.7574042812894644, 0.7568357223276204, 0.8272774211687711, 0.2923939929281123, 0.5113192583814045, 0.5990225162250177, 0.5113192583814045, 0.5131118479050337, -0.3643403641601337, 0.4725128626991985, -0.6682869548868572, 0.3877237786036578, -0.1346409155142991, 0.35822072184724585, -0.1346409155142991, -0.14803513414877598, 0.8025863710878592, 0.8084261412383743, 0.7992103925829505, 0.7292252159037389, 0.4238275517462179, 0.8066399563364921, 0.8090909216505633, 0.8066399563364921, 0.7132850567151927, 0.7132850567151927, -0.2573911285021431, 0.6759914791012841, 0.2561571161446117, -0.5657008907697215, -0.607517359382124, -0.610380039103832, -0.08865941393021588, -0.015219117297877567, 0.36469026166747603, 0.10874290932815123, -0.38948750415204575, 0.11233246264330066, -0.825564640660739, -0.10932854368662602, 0.026216365010435116, 0.026949517380306928, -0.5862577872496454, -0.6110712872443352, -0.039094761675576704, -0.5720290152165437, -0.8454013643651954, -0.33443351842879093, -0.16010867202263335, -0.33443351842879093, -0.26893436821553973, -0.3032570696924363, -0.3032570696924363, -0.8394635972609457, -0.8394635972609457, 0.3617366823350115, 0.604099619832242, 0.4951034318838868, 0.808774354304362, 0.7605920982289176, -0.3055844825907362, 0.059014464639717844, 0.7667459889830649, 0.7852062071137241, 0.7667459889830649], [0.9859031580500082, 0.9668386481566611, 0.5296707899815414, 0.988043201272608, 0.9945615527710921, 0.9859031580500082, 0.9971219444294198, 1.0, 0.9994487189545505, 0.9412225191337162, 0.9981693823700188, 0.9979346649953791, -0.16833049681394277, 0.9989758185841966, 0.9986713618855985, 0.9864659488372834, 0.3978478238469974, 0.9990301093830158, 0.9990332968419959, 0.9852263688815702, 0.999144229441498, 0.31233593112350383, 0.6532373992330799, 0.9916685339483922, 0.9815556934632543, 0.9795627057055527, 0.18710363276109673, -0.20966085403894752, 0.98865004592145, 0.9920666610830496, 0.13591814474303685, -0.27066033936855616, 0.9981054433197528, 0.997992255709176, 0.31374323382262825, -0.33887418496295185, 0.9958527663528596, 0.9977967086842406, 0.9975508038995703, 0.3781265279604895, 0.9200633809067693, 0.9979439418578746, 0.9200633809067693, 0.912218366548856, 0.6130121294904032, 0.9185563569707864, 0.885573843873133, 0.6608595209098869, 0.404940820660596, -0.08764697714849487, -0.22614157430840462, 0.9146541994038381, 0.40127114918553547, 0.9637477281781772, 0.9553720487391035, -0.1034567489082465, 0.8014105609178316, 0.7756109113773292, 0.8307824793713755, 0.7697788746250642, 0.7432652082244302, 0.7697788746250642, 0.7326803459661064, 0.7348305424963384, 0.74217295291959, 0.7348305424963384, 0.8164876986181607, 0.269609827154711, 0.4871065459522036, 0.5801277767780618, 0.4871065459522036, 0.49697943902904723, -0.38084511835187956, 0.4544411802195814, -0.6780843938973813, 0.3771395328070272, -0.1592074611890938, 0.3391559249594439, -0.1592074611890938, -0.1555816368722173, 0.7896617803690633, 0.7873287774428153, 0.7821427194168932, 0.7124176968785023, 0.4065239484939289, 0.7944058738890883, 0.7971270338026517, 0.7944058738890883, 0.6919446191371544, 0.6919446191371544, -0.27524407805605045, 0.7081178377230659, 0.2645619628471332, -0.5759797998455675, -0.6221906347407055, -0.6248671017001053, -0.10481605383459651, -0.024567202977670483, 0.35782955133842237, 0.08879544252284395, -0.4035685350017561, 0.10292434152777878, -0.8330831736574641, -0.11594634721727923, 0.008691218194145154, 0.009461945319829376, -0.5996390798734141, -0.6126261672629408, -0.046068475405727845, -0.5918262162359409, -0.846171197358275, -0.3469283964490255, -0.1664860900389735, -0.3469283964490255, -0.28888448968722086, -0.3186904712403569, -0.3186904712403569, -0.8386089393736249, -0.8386089393736249, 0.33661005381327136, 0.5852988204501577, 0.4749147596075425, 0.789995323410444, 0.7466228746951079, -0.3296035626338635, 0.04376229364206731, 0.7466745634014468, 0.7688659299049526, 0.7466745634014468], [0.9911355256088048, 0.9762454809693638, 0.4340888506694977, 0.9931672454194902, 0.9968383463069698, 0.9911355256088048, 0.9999671677044308, 0.9994487189545505, 1.0, 0.948664700446959, 0.9995098185878205, 0.9999681446547704, -0.3339463347428002, 0.9999727980848175, 0.9999327517753921, 0.9980849413650856, 0.3149261315495223, 0.999770037765893, 0.9997706567709155, 0.9880094542915053, 0.9999652161313883, 0.11177144548714313, 0.6086511074041672, 0.9939222205267808, 0.9938644154210352, 0.9842274506341926, 0.009507698752058884, -0.1338641594970345, 0.9908562182048184, 0.9908244759755438, -0.04533625300349773, -0.22416347868033795, 0.9993013804406957, 0.9992611773489651, 0.7483381457792981, -0.534850431056189, 0.9985074671974865, 0.9992527234052734, 0.9991531848836485, 0.29212694094616465, 0.9991418283342377, 0.9991472350411272, 0.9991418283342377, 0.9145129522304939, 0.6302006377172894, 0.9175089347732203, 0.8892791446143617, 0.6888672362172131, 0.01398601915413048, -0.5206129637089258, -0.18773831015760123, 0.9192663810434849, 0.37155856693292033, 0.9624195486274792, 0.9614197509226347, 0.8494393406385906, 0.8187727089741921, 0.8701122905010753, 0.8429147113474336, 0.8681080441121385, 0.8688938259752526, 0.8681080441121385, 0.747892362886115, 0.8097386406572226, 0.8114844307480521, 0.8097386406572226, 0.8290215901828397, 0.7164962189176017, 0.8184196938700585, 0.8199806269342234, 0.8184196938700585, 0.5121355107565381, 0.33124372782678396, 0.4719888609660764, -0.7002778079582074, 0.4481407232685815, 0.4112683275111264, 0.41131397144749726, 0.4112683275111264, -0.10355336435061949, 0.8033246146039671, 0.8081351386682588, 0.7993283183726139, 0.8604550728379112, 0.3515547679479294, 0.8131974904868815, 0.8157170846614437, 0.8131974904868815, 0.8215907850378009, 0.8215907850378009, -0.259791889315152, 0.6769763851779732, 0.0825549105116425, -0.5791732331332685, -0.6502364992616827, -0.6510573339793397, -0.0923661512340627, -0.012614461702551951, -0.14469722735720714, -0.07640322927947178, -0.441211928022446, -0.34409199898533327, -0.8793335066304011, -0.5474825753321845, 0.025238718842053916, 0.02593848722951469, -0.5882500926049828, -0.6069943648905309, -0.5120877310965066, -0.5742981980064455, -0.8218207761929456, -0.5842049816899745, -0.5862002676816737, -0.5842049816899745, -0.2717389986620465, -0.3075342048888514, -0.3075342048888514, -0.8018372088780764, -0.8018372088780764, 0.362268424181268, 0.602736305697524, 0.8239161944345147, 0.802212359742505, 0.7589068741177353, -0.3353698383060142, 0.6447952788645663, 0.7146969386929647, 0.7148625475043578, 0.7146969386929647], [0.9726423158263675, 0.9563702721504911, 0.3719453667819911, 0.9703660512969289, 0.9594653370731587, 0.9726423158263675, 0.9499442548829068, 0.9412225191337162, 0.948664700446959, 1.0, 0.9198827419231851, 0.9499815078163417, -0.27915999047143014, 0.9496251505571756, 0.9489009384374301, 0.9508734380244998, 0.1286937927828983, 0.9558531779627114, 0.9558274989304423, 0.9501265353199897, 0.9501174707437958, 0.039393291172489665, 0.6605415779465926, 0.9519808923304828, 0.9522008955648775, 0.8103792796801723, 0.10815442197860213, -0.11554290135590903, 0.9585701838215208, 0.9587089374145038, 0.09559736956056109, 0.044096172476619566, 0.9602921330751624, 0.9605750344177261, 0.8468984559327262, -0.46336283485297236, 0.9323324512772934, 0.9594682999619, 0.9609802294831948, 0.10566679935613567, 0.9617133067631839, 0.9616759211716255, 0.9617133067631839, 0.7790344779720078, 0.4264908272878708, 0.7308692765347862, 0.8572204417089277, 0.8356907267719264, -0.5535628190217462, -0.6847374549149008, -0.31051140552533457, 0.8663064749000391, 0.09389074591717726, 0.899222772701389, 0.8992679537496852, 0.8540815902636488, 0.8468456118898086, 0.8807941046417231, 0.8572899524119517, 0.8724330225992694, 0.873302828883026, 0.8724330225992694, 0.7951283250404142, 0.7731334692346462, 0.7752853580657365, 0.7731334692346462, 0.8491043573112488, 0.8702340012044443, 0.8472033411981087, 0.8480290874704006, 0.8472033411981087, 0.6148185676231733, 0.5344740868463322, 0.6160614860008367, -0.4241457207494023, 0.6361529165965714, 0.6578643621256096, 0.6610749825565638, 0.6578643621256096, -0.25866531265553655, 0.8541038928986264, 0.9165319158046925, 0.8727988415543426, 0.8712644744974151, 0.23188886715043017, 0.8458041786627394, 0.847213955707031, 0.8458041786627394, 0.8580828479235031, 0.8580828479235031, 0.010780544028754701, 0.2582144911412706, -0.08461674222051739, -0.48236752265823096, -0.39155879069997923, -0.3934795296631375, 0.07883795568064787, 0.3800351945018622, 0.11172064734093505, -0.0067945955216557235, -0.3227449542786617, 0.021229872324662225, -0.8127523851923573, -0.14068788399172227, 0.26989479596403537, 0.26876860565517385, -0.347761348173458, -0.43791011461679025, -0.3010466189140551, -0.3053114355636343, -0.6873795513258704, -0.32282379634893305, -0.32472208323097246, -0.32282379634893305, -0.05626431865409992, -0.3399678898153001, -0.3399678898153001, -0.5375107788262219, -0.5375107788262219, 0.5775686311769898, 0.6757430399617583, 0.7606648767784667, 0.6693159892524768, 0.8397785962032414, -0.432972210758866, 0.3895275928173678, 0.5670439458167401, 0.5673365214980011, 0.5670439458167401], [0.9808432391015899, 0.9785323761070032, 0.9965402530645224, 0.9862084337179979, 0.995018142701172, 0.9808432391015899, 0.9995666385008679, 0.9981693823700188, 0.9995098185878205, 0.9198827419231851, 1.0, 0.999563553715558, 0.9995600092494082, 0.9995110175665607, 0.9995477013712539, 0.9984715800513356, -0.3500269705979485, 0.9997184528080753, 0.9997226519235032, 0.9995721196238077, 0.9995719262323548, -0.288237817977474, 0.9592839482293343, 0.9919476707564693, 0.9919196082061016, 0.9877252397314291, -0.02233888432571389, 0.06855988138924893, 0.9891092200969981, 0.9891746091669489, 0.9708725364666946, -0.00832187846680185, 0.9986470400945424, 0.998591930747562, 0.9983787304511879, 0.9992247533525928, 0.9991566110195872, 0.9986339650854433, 0.9984026933108092, -0.36092846863732364, 0.9983235004506447, 0.9983350064614185, 0.9983235004506447, 0.9083051239054084, 0.4949076935778484, 0.9131787265374897, 0.887441154536487, 0.6907175760021055, -0.5461130152516843, -0.6655580982918017, 0.7991062957528671, 0.8069083631782609, -0.27297586752187974, 0.9209950483902049, 0.9211814050278843, 0.8435731837098359, 0.8539463963964165, 0.8184375388780111, 0.8213394659871296, 0.8280653300346866, 0.829075871879375, 0.8280653300346866, 0.6442463132360747, 0.5976496178487621, 0.6002371840552286, 0.5976496178487621, 0.8551460711066956, 0.864886691925819, 0.8534111109520679, 0.8550008563014289, 0.8534111109520679, 0.28551507309088037, 0.21741714164712375, 0.3466531625638251, 0.47021940262187517, 0.3368590107163502, 0.3887890262656413, 0.39149222279656604, 0.3887890262656413, -0.41255007813553585, 0.7590766488677485, 0.8126667599497974, 0.7912171550370753, 0.8528129603721701, -0.09137044154173923, 0.7512163845434822, 0.7517785191082444, 0.7512163845434822, 0.7665641693557043, 0.7665641693557043, -0.3224374597084991, 0.6678363423505755, -0.40284849312806775, -0.6695949025578226, -0.5471213340355434, -0.5493582927371212, -0.3547226990268788, 0.14064665055733047, -0.26521923789449114, -0.42712161858748476, -0.6104370607389533, -0.3390039833443489, -0.6281316921891006, -0.40454972966834424, 0.01093133007734183, 0.00672499291981001, -0.5607301420251081, -0.5246722070973291, -0.5428970660093094, -0.5770475111954625, -0.5714484397195503, -0.5465505157130616, -0.5494301987423075, -0.5465505157130616, -0.4406794658615423, -0.60058113823917, -0.60058113823917, -0.6049605415767388, -0.6049605415767388, 0.3573718405605686, 0.3607126335345457, 0.46985326058310767, 0.5551667573323685, 0.5537140160982225, -0.5458669741840971, 0.3027915199110796, 0.32278633672175844, 0.3229746156809475, 0.32278633672175844], [0.9905441659954235, 0.9765293831439137, 0.5420147670952896, 0.9921856203482872, 0.9966644286514225, 0.9905441659954235, 0.9999960541021647, 0.9979346649953791, 0.9999681446547704, 0.9499815078163417, 0.999563553715558, 1.0, -0.1581991686880649, 0.9999941552680449, 0.9999252839139854, 0.9948317188121701, 0.42001907372385733, 0.9998326148261782, 0.999832979072262, 0.9882695322380273, 0.9999969332571874, 0.3405003480844319, 0.6545350970147754, 0.9894677561867329, 0.9839684733472487, 0.9843658730369867, 0.20794250292580038, -0.1940890219918023, 0.9923456119136757, 0.9920663641682779, 0.15728122561134827, -0.2632392159420052, 0.999288004199012, 0.9993790011962835, 0.33541224037698547, -0.3308528372066822, 0.9986053409631102, 0.999281205053466, 0.9982192936835101, 0.40081869848548346, 0.9292566751443202, 0.9990146701243589, 0.9292566751443202, 0.9147598673556829, 0.629276766222711, 0.9181190740515216, 0.8901953440412242, 0.6897547389559254, 0.41904552434063963, -0.07105495509128971, -0.2116411659500606, 0.9242322754340432, 0.422685369232895, 0.9687145349241238, 0.9612124466911522, -0.09186285351068675, 0.8177032017203659, 0.7952407842124021, 0.8419298009865585, 0.7881632718489615, 0.7572781035548015, 0.7881632718489615, 0.7485903995102561, 0.7568988618788182, 0.7573342585930769, 0.7568988618788182, 0.8274435303719115, 0.29225563274614724, 0.5113292071825173, 0.5989264548749451, 0.5113292071825173, 0.513046101457108, -0.36436277996566246, 0.47245942957670783, -0.6681759929261547, 0.3875974309400169, -0.13477758480137939, 0.35826193118903565, -0.13477758480137939, -0.1481908513613548, 0.8026582474546887, 0.8085723512368955, 0.7993101266502581, 0.7292160284767709, 0.42393394845579363, 0.8067274549733546, 0.8091735302637224, 0.8067274549733546, 0.7133666558769934, 0.7133666558769934, -0.257383191409082, 0.6759962635171215, 0.25627905617055735, -0.5656995872527266, -0.6074293096146461, -0.6102979801416347, -0.08874033644254044, -0.015379943056026087, 0.36487114395342746, 0.10877649157724611, -0.38951495247826234, 0.11260689827838688, -0.8252793668117222, -0.10902058746319337, 0.026249240111582386, 0.026999188762479868, -0.5862465647554196, -0.6108871519613472, -0.038829543162548094, -0.5720104652846214, -0.8452868835282917, -0.33419030888926216, -0.15988771394643558, -0.33419030888926216, -0.2687851527480641, -0.3032115053693043, -0.3032115053693043, -0.8394076419156373, -0.8394076419156373, 0.3622827361288853, 0.6042684283076006, 0.49536724726282666, 0.8090497851370484, 0.7606959198250595, -0.3053418284204153, 0.05931354173487402, 0.7670119020968399, 0.785331817107743, 0.7670119020968399], [-0.1403170992201318, 0.9764866590758874, 0.5185878609428255, -0.14497740075846707, -0.3607210982088649, -0.1403170992201318, -0.15854031604954613, -0.16833049681394277, -0.3339463347428002, -0.27915999047143014, 0.9995600092494082, -0.1581991686880649, 1.0, -0.15755778516280636, -0.15342269481040477, -0.12910207671548649, -0.29125134059787594, -0.15902844363054616, -0.15904572278812892, -0.28215733568167234, -0.1586262824094963, 0.02373621652206246, 0.3088974651783858, -0.19382063937904156, -0.19415938682431325, 0.9843442150285564, 0.2457258413521313, 0.18626510985599606, -0.19338218713116928, -0.19400315540177146, 0.5363526949340333, 0.12026262535020069, -0.15592959815762097, -0.3186088043104653, 0.1636146138896582, 0.9614068818355008, 0.9986031056656629, -0.3508529276877669, -0.15059754453430652, -0.2810601456656061, -0.15629190936497495, -0.15664962147912456, -0.15629190936497495, 0.914829026435648, -0.1193523343197345, 0.9180788043610866, 0.8901229730979165, 0.6897323878361725, 0.0838339896412106, 0.2573994586371858, 0.6445961214265006, -0.2728226707180733, -0.2959440451208589, -0.07122902848371407, -0.30963725263079767, 0.02374948355477223, 0.2564895332366511, -0.02611007659848547, -0.3185552926905089, -0.02409665809879597, -0.01349206135042551, -0.02409665809879597, -0.4265757639608033, -0.11139649852882794, -0.1132560500846801, -0.11139649852882794, -0.21766757853710578, 0.06764912859939393, 0.043183919447461756, 0.04338911479447998, 0.043183919447461756, -0.4177542236689234, 0.0072186368090413995, -0.3814714305148783, 0.6239065537794473, -0.3505839238397173, 0.008038628860612186, -0.06306618563965206, 0.008038628860612186, -0.305756977650023, -0.3531199304409653, 0.8085564657049885, -0.13871114868153128, 0.010273332853971369, -0.2174953322098663, -0.273151938065841, -0.2720062156638388, -0.273151938065841, -0.03210698811794007, -0.03210698811794007, -0.23536352754480364, 0.6759167654552051, -0.16262089190536136, -0.008927539237650417, 0.20244708633476502, 0.20124854859710226, -0.2502158734564212, -0.011274423197196176, 0.020348128274897747, -0.1715243644276288, -0.10646744784337774, 0.043649894606313404, 0.3917853061483037, 0.1174685838969311, -0.042208826496325035, -0.046071817560728014, 0.09014877027041023, 0.5741746484169669, 0.09574254388339527, -0.1835756312805926, 0.6197519492282382, 0.10088788572662911, 0.1083849277578436, 0.10088788572662911, -0.236000588685316, -0.19452195396956762, -0.19452195396956762, 0.3282091087710805, 0.3282091087710805, 0.3623929071801068, -0.25539129927131127, 0.014513010643349103, 0.08879595093101539, -0.2551766924820351, 0.07655554320511741, 0.15228996214021823, 0.10311006814607021, 0.10313622642066275, 0.10311006814607021], [0.9906117446551443, 0.9762898326830547, 0.5423702922529618, 0.9922242712982924, 0.9966961116242509, 0.9906117446551443, 0.9999922151262018, 0.9989758185841966, 0.9999727980848175, 0.9496251505571756, 0.9995110175665607, 0.9999941552680449, -0.15755778516280636, 1.0, 0.9999372435743702, 0.9974415662535783, 0.42014384184696485, 0.999835766408063, 0.9998360372029875, 0.9884371796358268, 0.9999941768269821, 0.34120545552011083, 0.6543681874514331, 0.9930414948966284, 0.9929248059283249, 0.9842337152847552, 0.2082432989087212, -0.19413660849268513, 0.9930869802022204, 0.9931346560581249, 0.1580991471723572, -0.2630657155597539, 0.9993396418430536, 0.9993783103092921, 0.33432007943271325, -0.3299661326520845, 0.9985391660395619, 0.9992847132952081, 0.9985311375259805, 0.40096951686117094, 0.9287209001037282, 0.9990721879013423, 0.9287209001037282, 0.9150515215537062, 0.6300421134929426, 0.918502632172951, 0.8905813374601921, 0.6894249110452774, 0.4204891694488378, -0.06939593831643336, -0.21184671465325886, 0.9246491743533171, 0.42298973344215096, 0.9691467437161765, 0.9615967825449427, -0.09291320237458973, 0.817980946207309, 0.7951582775011706, 0.8421972670266951, 0.7881233979410774, 0.7568859189674576, 0.7881233979410774, 0.7487870044937541, 0.7568519394973299, 0.7577650258784413, 0.7568519394973299, 0.8278019673589613, 0.2915496234499837, 0.5107937538874898, 0.5989623905215584, 0.5107937538874898, 0.5128647976408759, -0.36557292102308936, 0.47234759387726494, -0.6683312735254439, 0.38718276044379607, -0.13581799740808453, 0.35790080847584976, -0.13581799740808453, -0.14813251137809977, 0.8027930687089334, 0.8081231454581067, 0.7993958678174435, 0.7189539852571366, 0.4243430225151774, 0.8068553789814239, 0.8092902518609472, 0.8068553789814239, 0.7131651108775036, 0.7131651108775036, -0.25912443428416226, 0.6769671910158893, 0.2568032707849782, -0.5656698527319941, -0.6078309920061975, -0.610705007623559, -0.08996233733452652, -0.01669716755998212, 0.3651770867862198, 0.10830456998680803, -0.389795490004154, 0.11268210120349909, -0.8243670154148485, -0.10886163792203599, 0.025145638830776616, 0.02589180757572235, -0.5869184345591889, -0.6112113960228026, -0.03823131696309144, -0.5734591767103676, -0.8452726486766041, -0.3341257366776335, -0.15931313735644692, -0.3341257366776335, -0.2698443127891364, -0.30370914625059703, -0.30370914625059703, -0.8397662641571629, -0.8397662641571629, 0.36245845496948365, 0.6039494159224096, 0.49479499141426203, 0.8095104753920561, 0.7601305411192794, -0.3048372820840965, 0.058612970777208694, 0.7674187645304867, 0.7859457270921328, 0.7674187645304867], [0.9906730508165859, 0.9754984498863456, 0.545259858283737, 0.9922765954917997, 0.996714560523959, 0.9906730508165859, 0.9999200428587875, 0.9986713618855985, 0.9999327517753921, 0.9489009384374301, 0.9995477013712539, 0.9999252839139854, -0.15342269481040477, 0.9999372435743702, 1.0, 0.9975607980094704, 0.41795832768798324, 0.9997851968909494, 0.9997864708379318, 0.9883716688327813, 0.9999212583218202, 0.34206426411213786, 0.6565304986474161, 0.9923570933181134, 0.9833232852331504, 0.984317813828606, 0.2098728279451977, -0.19303415666484908, 0.9921957080105822, 0.992206775793266, 0.16133471059202353, -0.26350340426355806, 0.9993433355982336, 0.9992253709007487, 0.33484170272720876, -0.3256140397654795, 0.9984442544231004, 0.9992550576948064, 0.9985100605446545, 0.3987976468541931, 0.9277237966036584, 0.9990950483408381, 0.9277237966036584, 0.9133980055067114, 0.6301513277306011, 0.9169097193933141, 0.8887079471139747, 0.6864521398570896, 0.42095035384204876, -0.06794485388677979, -0.2124630539833114, 0.9239224368863818, 0.4202303659409881, 0.9694413318902523, 0.9611060538572609, -0.09552077515719438, 0.8171620311654954, 0.7956903171340538, 0.8422613470541529, 0.7886634331665504, 0.7591402245771142, 0.7886634331665504, 0.7473118704229761, 0.7564780487647218, 0.7588838006936023, 0.7564780487647218, 0.8282752487148575, 0.2921743133177719, 0.5110050276111623, 0.6003827383146987, 0.5110050276111623, 0.5115547552610215, -0.36787675479828874, 0.4710573532284513, -0.6657725441554421, 0.3861865544661292, -0.1367137569646341, 0.35817606252976125, -0.1367137569646341, -0.15178573171753448, 0.8025928939694692, 0.8069969902917749, 0.7985595034011432, 0.7311846058980637, 0.4231050880139612, 0.8067584439204734, 0.8091498011001217, 0.8067584439204734, 0.7136193083356098, 0.7136193083356098, -0.25964319089563936, 0.6793563650667994, 0.2567585308975102, -0.5677946425203131, -0.6078603076877297, -0.610759425213531, -0.09206512879085828, -0.01777935426660736, 0.3660436800228574, 0.10672284579902704, -0.3923754112167774, 0.11359450399925866, -0.8229069820410869, -0.10748144104101025, 0.024662236358564255, 0.02535201462507757, -0.5882442739283525, -0.6062459692049804, -0.03714999836741468, -0.5744386167117486, -0.8430204967404076, -0.3338930704668917, -0.15795308631922, -0.3338930704668917, -0.2703673298132557, -0.307141718268534, -0.307141718268534, -0.8375044659805679, -0.8375044659805679, 0.3598388805131643, 0.601507920225266, 0.49293072285703965, 0.8101696907315534, 0.7583503321869903, -0.3064662866977532, 0.056543183860331844, 0.7679845969167935, 0.7872835010314181, 0.7679845969167935], [0.9933990585336776, 0.984536552258662, 0.582223669060842, 0.9950048382512384, 0.9977740554229064, 0.9933990585336776, 0.9939998595511943, 0.9864659488372834, 0.9980849413650856, 0.9508734380244998, 0.9984715800513356, 0.9948317188121701, -0.12910207671548649, 0.9974415662535783, 0.9975607980094704, 1.0, 0.411431756420847, 0.9977828460242886, 0.9977798957548549, 0.9838979721681004, 0.9973756054364424, 0.3599169889148191, 0.6798110828176811, 0.9707751212388498, 0.9788048456309574, 0.9882229403779704, 0.23640648506874878, -0.16853371822103502, 0.9914795767450877, 0.9891878335983024, 0