var element=document.getElementById("correlationClose");if(element.style.display!='none'){var correlationClose={"data":[{"type":"heatmap","z":[[1.0,0.9999894309882417,0.6806838559983183,0.9997414023220472,0.9981033468508953,1.0,0.9926892366196175,0.989332458015279,0.989332458015279,0.9932556977139853,0.9773663563833761,0.987194795074995,0.9927256118289598,0.9931014529595655,0.992772046527514,0.7620115547262222,0.6858308496317608,0.2738364612653116,0.9935398231886889,0.9935325635967757,0.9856862857057479,0.9927171136284024,0.39355989426851046,0.7523138584739333,0.982645825859743,0.982645825859743,0.9826271370433093,0.9758458993880647,0.3113643956835848,-0.13507634094572807,0.9895658421333449,0.9895320411609878,0.26279456206293295,-0.20994169537822546,0.9948201410686458,0.9952956237257394,0.8542221257209691,-0.35446974719807595,0.9906775735582526,0.9952822376856171,0.744482503598835,0.25440975943412797,0.9949495307898139,0.9949434108941018,0.9949495307898139,0.8985781042790489,0.6533782128962737,0.9187851964645286,0.9235248393725891,0.8378272548240144,0.37773251036792155,-0.17964719070184526,0.2146574385775811,0.949672831931275,0.37735476194138096,0.9752592334619744,0.9714444625629899,0.9809982132684868,0.9897169231684156,0.9338371263950577,0.9420425696727625,0.9471649851170931,0.933830564878018,0.9444295275827185,0.9450512670679392,0.9444295275827185,0.8906029351392881,0.9251108093082157,0.9259865578743722,0.9251108093082157,0.9272370170941074,0.7985756089909388,0.9003809415008118,0.9016423422986412,0.9003809415008118,0.7156443782204293,0.39874511895262366,0.7027756574612108,-0.5414073628976621,0.6081119708115542,0.6259953214056686,0.6266070834291118,0.6259953214056686,-0.0907314948450502,0.9154214754342466,0.9457832187252405,0.9308858509337679,0.9352334978434108,0.2663943952742475,0.910339217083997,0.9109870814079262,0.910339217083997,0.9145026272761781,0.9145026272761781,-0.09295992180582201,0.5939889428637392,0.1528939936684776,-0.6891206504698929,-0.5910823428639217,-0.5950052809215057,-0.13650468406754399,0.13284476788438335,0.20373767942104926,0.0018250301149549384,-0.5601323438911846,-0.022000824406770127,-0.7972052396792297,-0.2910284152771911,0.1641140150763549,0.16570219604114522,-0.5731078814931823,-0.5761917030538621,-0.2798081165008733,-0.5152459803940945,-0.8149689001039614,-0.4082843714901334,-0.4005284484097751,-0.4082843714901334,-0.22684804527419228,-0.34552802835870544,-0.34552802835870544,-0.8029877950146204,-0.8029877950146204,0.41444092411790373,0.6306214746174255,0.8524609320204872,0.8403484046586088,0.7562606395539248,-0.33418071348112127,0.7473354796165234,0.7775694238694273,0.7778011857697943,0.7775694238694273,-0.18326755923137167],[0.9999894309882417,1.0,0.9813463212924061,0.9994991624227388,0.9959623798164006,0.9999894309882416,0.9850247442174522,0.9796784748436818,0.9796784748436818,0.9849160856123085,0.9727262076400139,0.9860304950045643,0.9850713386617224,0.9850146431704035,0.9849172318997566,0.1343159266411477,0.04209740480140511,-0.4415449255860571,0.9883899344942382,0.9883847359255541,0.9851176144508705,0.9851198020424511,-0.16633283131138304,0.9802341185400011,0.9801992028571823,0.9801992028571823,0.9802353013396472,0.976011868022664,0.08937630095503334,0.11305560656504013,0.9827088808481588,0.9827615984010926,0.786615676053903,0.08795531502409802,0.990792031899564,0.9908330818976036,0.9913393563310108,0.9860970120373381,0.9897879199572138,0.9908308536817287,0.08642121977130704,-0.44623659946750754,0.9914097164152468,0.9914061575969685,0.9914097164152468,0.898403595466479,0.4999715153932659,0.9189627198672592,0.9235329750962084,0.8373296096628051,-0.2808231251788124,-0.4852072324069807,0.844526164916059,0.8872008686016204,-0.25539097011416945,0.940335971546711,0.9404724578791166,0.9607600297029597,0.978336617632291,0.9533987347705654,0.9590930150275062,0.9447989791793129,0.9458635954409214,0.9481777384974279,0.9485411624017545,0.9481777384974279,0.8650484325147466,0.8397792764063521,0.8412509978461735,0.8397792764063521,0.9555049756332791,0.9584784259201561,0.9554310803565367,0.9561580804691974,0.9554310803565367,0.6464077862367305,0.5983060268200866,0.6839232946230586,0.7541652745998128,0.6672953284054263,0.6898810796660524,0.6907961378782549,0.6898810796660524,-0.13718523077371494,0.9207717771214816,0.9416057845534297,0.9344832997059758,0.9581965045680443,-0.3006981901111543,0.9173306826418388,0.9174754199727847,0.9173306826418388,0.9236901982994334,0.9236901982994334,-0.17839689949598392,0.5941001467943786,-0.3690766335534435,-0.7828085231397491,-0.4593950219968508,-0.4632711077387896,-0.3825997583014219,0.2750447247484745,-0.2621239269894683,-0.4955624064948137,-0.7348250300492591,-0.35559302851644126,-0.4751525141100191,-0.41873895897060526,0.13391573138733065,0.13128216541624757,-0.4868893993494161,-0.45320237611798486,-0.4817437993785508,-0.5133022242428112,-0.5054234958003013,-0.4842441366051954,-0.4874909938692869,-0.4842441366051954,-0.3669342655586411,-0.536548200310474,-0.536548200310474,-0.5044720029611295,-0.5044720029611295,0.41438794257642314,0.36880964740976463,0.4981892762133896,0.6059547855084961,0.5258426221442674,-0.4402009357651575,0.37700021714956594,0.31495011535742934,0.3151290325308392,0.31495011535742934,0.17705028501374714],[0.6806838559983183,0.9813463212924061,1.0,0.6776873938714578,0.6144203075992231,0.6806838559983183,0.6609938026395591,0.6534812011458652,0.6534812011458652,0.6083865186085464,0.5730580497409569,0.9950923707459459,0.6610267503780951,0.6559565464817658,0.6611750878917411,0.4085344714266504,0.3768833635626541,-0.21288022332777656,0.624491462421895,0.6239681814437604,0.5918620035447072,0.6602656981004926,0.17595520266539627,0.7978160678836952,0.640920840910848,0.640920840910848,0.6407000739983024,0.9883191300744724,0.2898562180575433,0.10846345911793508,0.6188236751699442,0.6184612427217243,0.652171677366633,-0.035210053469709,0.6567486364132772,0.6019185715600369,0.6223657107125015,0.2953479653182508,0.9933775371783553,0.5979992563904099,0.3945591265231202,-0.22210927046822979,0.6736621969704397,0.6549180277189167,0.6736621969704397,0.895520090866006,0.4090050617371122,0.9339729096484103,0.9133620253238607,0.7406250697330968,0.22293017255001363,-0.07047919333639362,0.05175668418678634,0.547042242353706,-0.08519370787822558,0.6021632996787473,0.5731679197544706,0.5934084130387159,0.557562785450482,0.01136161243238523,0.8053045366440742,0.7398591211002209,0.6578928121077591,0.7455527736277615,0.768695574328483,0.7455527736277615,0.5521942310485319,0.6571835681900069,0.7079404898227274,0.6571835681900069,0.7117963358062398,0.6843049875537309,0.7353636661932754,0.7777624651019698,0.7353636661932754,0.4382787771420216,-0.08569010910010227,0.4537119435182485,0.0945685708763618,0.4320528517817871,0.265003805746482,0.5041183384392136,0.265003805746482,-0.14498465729793486,0.6326335715945051,0.8879300441545639,0.7003258252814281,0.7790341157687434,-0.07071440553065234,0.6695942528366965,0.6696013282264333,0.6695942528366965,0.7293974418727674,0.7293974418727674,-0.1949387524304753,0.7032476688985615,-0.18293815206086522,-0.7049938610645368,-0.4432285884881106,-0.4472166468811181,-0.42798804077732294,0.10656523921873695,0.020272615372421605,-0.3409957122493523,-0.6849920815917906,-0.1738893803085035,-0.32641831247920455,-0.27758137755532447,0.0462107850087908,0.04479480462677497,-0.4922948328942958,-0.0703447845035072,-0.26346667018040165,-0.5133309559068179,-0.21181588441927843,-0.4096030809729493,-0.29162347284526563,-0.4096030809729493,-0.4222540093414852,-0.5452268503860889,-0.5452268503860889,-0.3114545951136966,-0.3114545951136966,0.36069938820951614,0.20310984031318438,0.28994666606848757,0.5257848036944938,0.29370574702721547,-0.387510439521924,-0.009394572078306788,0.45965350970712476,0.5594593369936162,0.45965350970712476,-0.006562143517263656],[0.9997414023220472,0.9994991624227388,0.6776873938714578,1.0,0.9989580817436027,0.999741402322047,0.9938761543203446,0.9909542682069209,0.9909542682069209,0.9946544057904267,0.9756153251286905,0.9903251896829631,0.9939030298725289,0.9945556678964178,0.9939267578854138,0.7612604784827957,0.6846799414309223,0.259407980282565,0.9945491744826331,0.9945439498477311,0.9857718460749392,0.9938870849640296,0.38508032906355427,0.7565057251216097,0.9850617862346724,0.9850617862346724,0.9850425852879621,0.9816979598946836,0.30718167363773236,-0.14106348179623818,0.9888772590182908,0.9888515342041291,0.2549963448173307,-0.21020379879015266,0.9953067275700106,0.995982818814061,0.8221620385548727,-0.35875809910497647,0.9929339767591716,0.9961825200261013,0.743075866555445,0.2397027954934068,0.9934019299670525,0.9953446986610031,0.9934019299670525,0.896414476293106,0.641540000510845,0.9220982449847125,0.9206443642068477,0.8218954233041315,0.3730278540031824,-0.18434600976586413,0.20955018048036378,0.9445248143453503,0.361961672230611,0.9709345620411447,0.9686765896903728,0.9789179208395554,0.9895766044116042,0.9157583568863731,0.9367563298204908,0.9362302491009356,0.9306346054248326,0.930123935718922,0.9309597800221954,0.930123935718922,0.8839737340173058,0.9147954189622768,0.9157521295785607,0.9147954189622768,0.9244893592642218,0.7469163623278958,0.8670104873141077,0.868312894113742,0.8670104873141077,0.7088950728390206,0.1604700721940927,0.6945412651292661,-0.5459858409741242,0.6040974205476968,0.36247301267287496,0.5988626973802608,0.36247301267287496,-0.09662007681592776,0.9112124286357319,0.9399603982937066,0.9247039219999679,0.915318625976855,0.2526139872883988,0.906793826513851,0.9075639401715112,0.906793826513851,0.8981638561676545,0.8981638561676545,-0.09735142561634057,0.6124749411689069,0.15777893092601075,-0.6981338804810708,-0.597396557965218,-0.6012406377831666,-0.14779427058205996,0.1286673669791979,0.1973692630131007,-0.010645123018612396,-0.5711076394639335,-0.027720833843319782,-0.8023437960867471,-0.2981870253946842,0.1548567343471455,0.15650193067065485,-0.5791899622824792,-0.5728210727900924,-0.2804097794722489,-0.5247521396666139,-0.8161165982985646,-0.4091415810444695,-0.4019327204973925,-0.4091415810444695,-0.2345648633812078,-0.3542454116442449,-0.3542454116442449,-0.8022944884226773,-0.8022944884226773,0.4055533831383126,0.6198296474679071,0.8447039606104635,0.8328541812604432,0.7493542378358624,-0.34618651018197844,0.738542789913273,0.7688717575359167,0.7691088363189668,0.7688717575359167,-0.1686659728134206],[0.9981033468508953,0.9959623798164006,0.6144203075992231,0.9989580817436027,1.0,0.9981033468508953,0.9972635647541382,0.9959015102449906,0.9959015102449906,0.9974706917456282,0.9689500277481974,0.9964429818812471,0.9972830268868236,0.9973536366486639,0.997305692290269,0.6645236269143705,0.5625909651894806,0.053088594414696114,0.997693005609396,0.9976918207306855,0.9879292886711402,0.9972703226648585,0.028881411795811218,0.7402483046926517,0.9926751039416214,0.9926751039416214,0.9926374582513631,0.9905063932522589,0.08261482122485934,-0.12449704309114634,0.987482214486303,0.9874186860210566,-0.03777240611718025,-0.11346496725865424,0.9977702876212609,0.9976997407548555,0.8154509007366604,-0.4760965491538159,0.997606821643461,0.9980231899002588,0.6341826530712051,0.028930268132493983,0.9977155035869725,0.9977192241710521,0.9977155035869725,0.9096659621165867,0.6073416079961138,0.9329219361378938,0.9213113371098645,0.7995884169858127,-0.07557698412547598,-0.5862679971088315,-0.17169612126315353,0.9348128298703656,0.21652210027106913,0.9676989400415331,0.9677469906049947,0.9817098368945664,0.9901606187575424,0.914912953263161,0.9200911155474176,0.9268736631936856,0.9190748089606395,0.9252275276311049,0.9255686800259968,0.9252275276311049,0.8617119655278408,0.8758638125400429,0.8769377462926984,0.8758638125400429,0.9142170235474992,0.8345094636329341,0.8960349892588602,0.896802824981504,0.8960349892588602,0.6723725304252596,0.5654811034256966,0.6627909052644092,-0.5567229759810629,0.6534267016365044,0.6346745837021989,0.6342627305115572,0.6346745837021989,-0.10877461593020225,0.8952529913820724,0.9185899509060405,0.904596302402765,0.9224772469812265,0.09826364740342478,0.8943334100624117,0.8952597400039514,0.8943334100624117,0.899717989130946,0.899717989130946,-0.1349162244168322,0.65781359394495,0.012422900117782245,-0.725571430411027,-0.6422642511848696,-0.643359663650285,-0.1773469896886906,0.15199411453485276,-0.189174877551289,-0.25439795120525915,-0.6369484412944091,-0.38176882239083687,-0.8447256772599017,-0.5677255367298076,0.12583025653218208,0.12733482116816686,-0.6036316180397131,-0.5676761160824146,-0.5489676735359035,-0.5612107151282182,-0.7722723473856958,-0.5992389242554325,-0.6020531392265662,-0.5992389242554325,-0.2707906073797015,-0.3856057832912652,-0.3856057832912652,-0.7416345285518255,-0.7416345285518255,0.39398231627924285,0.603772095732501,0.8016311610165758,0.7942047707951062,0.7411857975381405,-0.4692498470536829,0.6074664696901578,0.6641873544787656,0.6645628920276705,0.6641873544787656,0.05842403417297775],[1.0,0.9999894309882416,0.6806838559983183,0.999741402322047,0.9981033468508953,1.0,0.9926892366196175,0.989332458015279,0.989332458015279,0.9932556977139853,0.9773663563833761,0.987194795074995,0.9927256118289598,0.9931014529595655,0.992772046527514,0.7620115547262222,0.6858308496317608,0.2738364612653116,0.9935398231886889,0.9935325635967757,0.9856862857057479,0.9927171136284024,0.39355989426851046,0.7523138584739333,0.982645825859743,0.982645825859743,0.9826271370433093,0.9758458993880647,0.3113643956835848,-0.13507634094572807,0.9895658421333449,0.9895320411609878,0.26279456206293295,-0.20994169537822546,0.9948201410686458,0.9952956237257394,0.8542221257209691,-0.35446974719807595,0.9906775735582526,0.9952822376856171,0.744482503598835,0.25440975943412797,0.9949495307898139,0.9949434108941018,0.9949495307898139,0.8985781042790489,0.6533782128962737,0.9187851964645286,0.9235248393725891,0.8378272548240144,0.37773251036792155,-0.17964719070184526,0.2146574385775811,0.949672831931275,0.37735476194138096,0.9752592334619744,0.9714444625629899,0.9809982132684868,0.9897169231684156,0.9338371263950577,0.9420425696727625,0.9471649851170931,0.933830564878018,0.9444295275827185,0.9450512670679392,0.9444295275827185,0.8906029351392881,0.9251108093082157,0.9259865578743722,0.9251108093082157,0.9272370170941074,0.7985756089909388,0.9003809415008118,0.9016423422986412,0.9003809415008118,0.7156443782204293,0.39874511895262366,0.7027756574612108,-0.5414073628976621,0.6081119708115542,0.6259953214056686,0.6266070834291118,0.6259953214056686,-0.0907314948450502,0.9154214754342466,0.9457832187252405,0.9308858509337679,0.9352334978434108,0.2663943952742475,0.910339217083997,0.9109870814079262,0.910339217083997,0.9145026272761781,0.9145026272761781,-0.09295992180582201,0.5939889428637392,0.1528939936684776,-0.6891206504698929,-0.5910823428639217,-0.5950052809215057,-0.13650468406754399,0.13284476788438335,0.20373767942104926,0.0018250301149549384,-0.5601323438911846,-0.022000824406770127,-0.7972052396792297,-0.2910284152771911,0.1641140150763549,0.16570219604114522,-0.5731078814931823,-0.5761917030538621,-0.2798081165008733,-0.5152459803940945,-0.8149689001039614,-0.4082843714901334,-0.4005284484097751,-0.4082843714901334,-0.22684804527419228,-0.34552802835870544,-0.34552802835870544,-0.8029877950146204,-0.8029877950146204,0.41444092411790373,0.6306214746174255,0.8524609320204872,0.8403484046586088,0.7562606395539248,-0.33418071348112127,0.7473354796165234,0.7775694238694273,0.7778011857697943,0.7775694238694273,-0.18326755923137167],[0.9926892366196175,0.9850247442174522,0.6609938026395591,0.9938761543203446,0.9972635647541382,0.9926892366196175,1.0,0.9976227129016892,0.9976227129016892,0.9999720745951653,0.9635357320866689,0.9996989626487447,0.9999967519239344,0.9999876018967409,0.9999937130452171,0.8415256877603062,0.8278732101715461,0.22751322141238978,0.9998684778167138,0.9998688064479138,0.9903669209539295,0.9999969330833346,0.3064223747718247,0.7523052131962576,0.9864210786670761,0.9864210786670761,0.987573406125773,0.9920396327184791,0.24047891385910983,-0.19166142824196317,0.9916820436774464,0.9916933363486243,0.16616526002301843,-0.2535851543380215,0.9993705430898647,0.9994880585296165,0.45704655313387993,-0.30255868561203375,0.9991200046304396,0.9994563154387239,0.8216035706423006,0.20651150204786217,0.9457081656824115,0.9991320299315297,0.9457081656824115,0.9184451580158276,0.6156386452706107,0.9430787256950052,0.9228874563733025,0.7668411791711186,0.4136761136456584,-0.12229942414913707,-0.1867027739944379,0.9332407952647019,0.3325867825461546,0.9689041397567951,0.9651403775991034,0.9799790340905413,0.9956398529843123,-0.012106374291765414,0.8830929714044433,0.845423188212609,0.8877043010835829,0.8403639209772971,0.805387081091366,0.8403639209772971,0.8266806889117025,0.8107767520546691,0.799931041742183,0.8107767520546691,0.8818055482108963,0.4212306678264388,0.6180643397470461,0.6737835049179003,0.6180643397470461,0.6413656437319999,-0.33504337391474615,0.616456839761755,-0.6116011498439465,0.5372851161039713,-0.0759208848491193,0.46942268498241235,-0.0759208848491193,-0.13733979809725372,0.8606680388691231,0.8826203449544767,0.8686718170142488,0.7809898995602541,0.2195241869890091,0.85945620211568,0.8605915066707199,0.85945620211568,0.7842158813300624,0.7842158813300624,-0.17040393331819217,0.6987993844495741,0.22963188066176787,-0.7022929359561335,-0.6362148773049096,-0.6396100485516303,-0.1873392629033388,0.08011208380021782,0.3174695344556495,-0.03743970606132023,-0.5810769349554539,0.037317036051540825,-0.828894529029408,-0.1947640574999755,0.09228852143563791,0.09394916618728755,-0.620126637901316,-0.5852678832549206,-0.1152961713494633,-0.5949806048332199,-0.8315411616550994,-0.4001715217167305,-0.23537370224917475,-0.4001715217167305,-0.30067605878120135,-0.39296035505102933,-0.39296035505102933,-0.8235372887145088,-0.8235372887145088,0.39353404750638005,0.5893626392154717,0.5115614112572926,0.8043175351297706,0.7381325986707185,-0.39317550817266606,0.07200170589300835,0.7460382944845695,0.7649817979632619,0.7460382944845695,-0.1056712022061229],[0.989332458015279,0.9796784748436818,0.6534812011458652,0.9909542682069209,0.9959015102449906,0.989332458015279,0.9976227129016892,1.0,1.0,0.9995910904549052,0.9573600841011057,0.9988271808648463,0.9983465827850538,0.9994371449323965,0.9991981011646367,0.838525895456792,0.8159480121328976,0.20601914835142593,0.9992315142905861,0.9992338521384537,0.9878761326283468,0.9993263946548,0.2814924380818535,0.7540108025921209,0.9931579255240572,0.9931579255240572,0.9858327582287685,0.989625941309676,0.22324556574737653,-0.20457255040421482,0.9880469630913855,0.9914747191762363,0.14790632443040222,-0.25938348474228173,0.9983848551246696,0.9983851459632939,0.4406673933349244,-0.3086437897730223,0.9974029302522467,0.9983432585002934,0.8187737973368691,0.18465145044790846,0.938858930144038,0.9982165044982573,0.938858930144038,0.9162679849700301,0.6011210405559125,0.9435910639826378,0.9210700123306702,0.7477839106112815,0.4011960370553096,-0.13665629474307914,-0.19850099505783006,0.9253798425456744,0.3126611957264923,0.9644603340662354,0.9603260089998464,0.9752417593930557,0.9946242798987008,-0.020959582166715267,0.8742483753594809,0.831973069782062,0.8810063525262286,0.8279786027597755,0.7945187890171772,0.8279786027597755,0.8165967587882408,0.7947611836176592,0.787930949902021,0.7947611836176592,0.875297601246639,0.40415788996551383,0.6003929418699796,0.6592093490105627,0.6003929418699796,0.6309821540591,-0.3485562036753425,0.6044918687541205,-0.6179950362004155,0.5311517411930163,-0.09633681057628551,0.4551102239590746,-0.09633681057628551,-0.1433187174798411,0.8529158722946131,0.8717967742780219,0.8589246866571584,0.7677893919674591,0.20201341732801084,0.8522723947762728,0.8535807477542868,0.8522723947762728,0.769560693133144,0.769560693133144,-0.1841383464996059,0.7199265628190826,0.23604496503482889,-0.7112204334749685,-0.6478688060312837,-0.6510967472941225,-0.2013401458159869,0.07327869117852238,0.31043249405908685,-0.05611202916023042,-0.5930062435195947,0.028107728049561537,-0.8340225141955684,-0.20121921327475234,0.0780419928236926,0.07973035572064807,-0.6307446621124109,-0.5859779660394215,-0.12204275502814271,-0.610105187993353,-0.8306323055557777,-0.41105257888909247,-0.24145751196345552,-0.41105257888909247,-0.3167946156894179,-0.405652946744454,-0.405652946744454,-0.8211206259328712,-0.8211206259328712,0.37645764876026194,0.5735125489147652,0.49375982826183884,0.7872644601705745,0.7261963111483728,-0.4134108925002698,0.05873550348735483,0.7275702715757115,0.7496651940881803,0.7275702715757115,-0.08889514174754767],[0.989332458015279,0.9796784748436818,0.6534812011458652,0.9909542682069209,0.9959015102449906,0.989332458015279,0.9976227129016892,1.0,1.0,0.9995910904549052,0.9573600841011057,0.9988271808648463,0.9983465827850538,0.9994371449323965,0.9991981011646367,0.838525895456792,0.8159480121328976,0.20601914835142593,0.9992315142905861,0.9992338521384537,0.9878761326283468,0.9993263946548,0.2814924380818535,0.7540108025921209,0.9931579255240572,0.9931579255240572,0.9858327582287685,0.989625941309676,0.22324556574737653,-0.20457255040421482,0.9880469630913855,0.9914747191762363,0.14790632443040222,-0.25938348474228173,0.9983848551246696,0.9983851459632939,0.4406673933349244,-0.3086437897730223,0.9974029302522467,0.9983432585002934,0.8187737973368691,0.18465145044790846,0.938858930144038,0.9982165044982573,0.938858930144038,0.9162679849700301,0.6011210405559125,0.9435910639826378,0.9210700123306702,0.7477839106112815,0.4011960370553096,-0.13665629474307914,-0.19850099505783006,0.9253798425456744,0.3126611957264923,0.9644603340662354,0.9603260089998464,0.9752417593930557,0.9946242798987008,-0.020959582166715267,0.8742483753594809,0.831973069782062,0.8810063525262286,0.8279786027597755,0.7945187890171772,0.8279786027597755,0.8165967587882408,0.7947611836176592,0.787930949902021,0.7947611836176592,0.875297601246639,0.40415788996551383,0.6003929418699796,0.6592093490105627,0.6003929418699796,0.6309821540591,-0.3485562036753425,0.6044918687541205,-0.6179950362004155,0.5311517411930163,-0.09633681057628551,0.4551102239590746,-0.09633681057628551,-0.1433187174798411,0.8529158722946131,0.8717967742780219,0.8589246866571584,0.7677893919674591,0.20201341732801084,0.8522723947762728,0.8535807477542868,0.8522723947762728,0.769560693133144,0.769560693133144,-0.1841383464996059,0.7199265628190826,0.23604496503482889,-0.7112204334749685,-0.6478688060312837,-0.6510967472941225,-0.2013401458159869,0.07327869117852238,0.31043249405908685,-0.05611202916023042,-0.5930062435195947,0.028107728049561537,-0.8340225141955684,-0.20121921327475234,0.0780419928236926,0.07973035572064807,-0.6307446621124109,-0.5859779660394215,-0.12204275502814271,-0.610105187993353,-0.8306323055557777,-0.41105257888909247,-0.24145751196345552,-0.41105257888909247,-0.3167946156894179,-0.405652946744454,-0.405652946744454,-0.8211206259328712,-0.8211206259328712,0.37645764876026194,0.5735125489147652,0.49375982826183884,0.7872644601705745,0.7261963111483728,-0.4134108925002698,0.05873550348735483,0.7275702715757115,0.7496651940881803,0.7275702715757115,-0.08889514174754767],[0.9932556977139853,0.9849160856123085,0.6083865186085464,0.9946544057904267,0.9974706917456282,0.9932556977139853,0.9999720745951653,0.9995910904549052,0.9995910904549052,1.0,0.9625705689151074,0.9996650833176081,0.9999733711579415,0.9999723547381218,0.9999765008317221,0.7071665043529666,0.6090327792665572,0.10852058315606464,0.999826269028672,0.9998270994591206,0.9902757571816143,0.9999707293707548,0.08294703054716929,0.7306618759671761,0.9955021072951101,0.9955021072951101,0.9954608877039005,0.9919339116806801,0.06976755367263215,-0.1336706805563576,0.9909682413233755,0.9909313363465656,-0.017482068161465567,-0.21409589433992832,0.9994233873812502,0.9993833079986307,0.819739652447825,-0.47471996592241,0.9990598363150237,0.9994300049274645,0.6783929315627841,0.08464156550644275,0.9992941451559653,0.9992994025252406,0.9992941451559653,0.9182026977878662,0.6160836780875203,0.9428473846569179,0.9224812034382084,0.7663750984206724,0.023320940941793246,-0.5403986364044442,-0.12908215611701654,0.9296052621619224,0.2780812261825393,0.9656053676591716,0.9651519050118419,0.9820759606093151,0.9949374601918826,0.8905169468908394,0.8839754906007232,0.9035482826203649,0.8887761947568465,0.9018704052360951,0.9024109106364904,0.9018704052360951,0.8265070630835885,0.857743915589435,0.859060851230081,0.857743915589435,0.8832535599067053,0.7997331013277953,0.8691115707874618,0.870178539241495,0.8691115707874618,0.6412719251059561,0.4977592661450191,0.6162203544337833,-0.6132263634199968,0.5896910496635381,0.5593797345084478,0.5592231508438966,0.5593797345084478,-0.09186858856912612,0.8615362765638379,0.8826525493739812,0.869192490239144,0.8987254198802367,0.13482566827174297,0.8646791830053188,0.8663513087116849,0.8646791830053188,0.8701976459265918,0.8701976459265918,-0.17198815818502525,0.6991899118151607,0.039387705931283594,-0.7140381088894642,-0.6696163882185956,-0.670942588108675,-0.19080144967950247,0.0835109129975109,-0.19376744230858778,-0.22053980641167178,-0.6195706987230628,-0.40849204541743794,-0.8641642987400546,-0.6015865537016527,0.09156401525300187,0.0934386564732861,-0.6215880668481397,-0.5812861411578626,-0.5591429737663202,-0.5965075985581654,-0.797904365940154,-0.6224040899981554,-0.6247175339620078,-0.6224040899981554,-0.30231579300384603,-0.3960372558254327,-0.3960372558254327,-0.7782975418189629,-0.7782975418189629,0.39401528260911706,0.5879508184249385,0.8126708909193106,0.8055511017252325,0.7363465931050731,-0.419838142926705,0.6395165920735393,0.6895795439440487,0.6897612096606895,0.6895795439440487,0.13095310424537074],[0.9773663563833761,0.9727262076400139,0.5730580497409569,0.9756153251286905,0.9689500277481974,0.9773663563833761,0.9635357320866689,0.9573600841011057,0.9573600841011057,0.9625705689151074,1.0,0.9495764566855096,0.9635525830409863,0.9635812102607683,0.9632934739047834,0.49254437370696347,0.38592743144431124,-0.1184569670094559,0.9676235917595605,0.9676035624525258,0.9636583375260577,0.9636502416820381,-0.0023357713740044888,0.7685035096048317,0.9650305007243869,0.9650305007243869,0.9651927655432411,0.9035170065779727,0.16416875697308847,-0.12020733669687697,0.9699941761520894,0.9700930060761886,0.1314086113498077,0.027910035137596986,0.9709587144157523,0.971185938141491,0.8917254641811068,-0.3600388469626267,0.9572074642359084,0.9702133869102558,0.4576865604302309,-0.1388233176831698,0.9719822830561571,0.9719522798224108,0.9719822830561571,0.8296912379495511,0.41906480443453015,0.8469327785948391,0.9078244117838882,0.8665635431284998,-0.49564962769443943,-0.674390434683913,-0.21222284174186967,0.897056202524037,-0.0292012587301399,0.9242660382701257,0.9243256769341035,0.9413214159864872,0.9683720718590754,0.8921232972137492,0.893712859132849,0.9066999990496418,0.895063160093101,0.9000707104984786,0.9005769942594997,0.9000707104984786,0.8529276683592655,0.8326944165214977,0.8341118779512091,0.8326944165214977,0.8906154351864618,0.9040646687134352,0.8886274418823309,0.889121863284297,0.8886274418823309,0.7196264100751485,0.6559216819170112,0.7204855009831054,-0.28246531851036605,0.735261151038368,0.7500584072223505,0.7522077905328365,0.7500584072223505,-0.2492867218339796,0.891570347139311,0.9400423878515795,0.9049398066485929,0.9039346469941747,-0.020255013288110957,0.885716161723501,0.8865077434117472,0.885716161723501,0.8930866099041842,0.8930866099041842,0.041669152274834434,0.4174163162751569,-0.1311793159589794,-0.653762323937662,-0.4377981485149087,-0.4402789022421787,-0.05947927827975591,0.42693671744426237,0.019041264956956707,-0.1840041736680906,-0.5427326478995835,-0.10117403322146278,-0.7929382118533685,-0.26573267164891157,0.295578900868133,0.29566032635227385,-0.40946112801710166,-0.43182079167296517,-0.3746209644402045,-0.385490771878529,-0.6597757688326487,-0.39428462360057054,-0.3965968401248,-0.39428462360057054,-0.12611118419546113,-0.43694169596443616,-0.43694169596443616,-0.5405805027924091,-0.5405805027924091,0.5335693429726922,0.6484409899925989,0.7517634991926657,0.6966959276109903,0.8118173906419568,-0.5076197081689648,0.40663952197249564,0.5349928714875087,0.5353222951882955,0.5349928714875087,-0.14619609549283807],[0.987194795074995,0.9860304950045643,0.9950923707459459,0.9903251896829631,0.9964429818812471,0.987194795074995,0.9996989626487447,0.9988271808648463,0.9988271808648463,0.9996650833176081,0.9495764566855096,1.0,0.9996978828749459,0.9996953516774966,0.999668991865177,0.24279384639929416,0.14099688876492283,-0.5185596436248304,0.9998112976937354,0.9998131306716579,0.9997019197823072,0.9997008987459165,-0.2610773328128133,0.9735433196161162,0.9949786515725423,0.9949786515725423,0.9949601984922172,0.9938227053375408,0.07983716387239578,0.07143165556862423,0.9921120342018993,0.9921610972175531,0.8284548015768656,-0.0009074549321661261,0.9990997867193026,0.9990582906022994,0.9989418923807247,0.9994200922211887,0.9994604105116551,0.9991380133620401,0.18846401049716283,-0.5264612093800297,0.9988927270963409,0.9988996168004358,0.9988927270963409,0.9128525221803959,0.4563646860415903,0.9387705970436317,0.9191377770333761,0.7666103705505801,-0.40038726239088734,-0.5983691350334198,0.8243245541383099,0.8531214011246553,-0.343748109517929,0.935711376997631,0.9359114350441871,0.9707208496662548,0.9938890143893633,0.9032191267526172,0.909010772694445,0.8866504129785988,0.8902672808590782,0.8916264727151522,0.8921263753741648,0.8916264727151522,0.7846394626860442,0.7535961794998604,0.7554090319684049,0.7535961794998604,0.9101449834418288,0.9157465028290411,0.9089417957659974,0.9098554027130469,0.9089417957659974,0.5425273008973169,0.48513006899872246,0.5790409582153864,0.6657218734154972,0.5699486790766216,0.5980581444451762,0.6000851705891523,0.5980581444451762,-0.31321566436955217,0.8538517102719965,0.8849329329738309,0.8733826137869246,0.9098191578285387,-0.32657133461576476,0.8494121030263483,0.8496180915797257,0.8494121030263483,0.8580944913287315,0.8580944913287315,-0.22377990042351598,0.692664652472409,-0.39081840633511145,-0.8008164667666579,-0.5332613358739299,-0.5361831685964792,-0.4258513293104528,0.2275586525039342,-0.3022776136139424,-0.529208886548385,-0.7586857322225968,-0.4006023676178383,-0.591446476727134,-0.47404154135929505,0.08331240719121193,0.08117095992105759,-0.5563358308617438,-0.5282373457320996,-0.5493903296552567,-0.5853072167193198,-0.5787930364217564,-0.5529393718982727,-0.5560073460897889,-0.5529393718982727,-0.43609421452882313,-0.6267606788313371,-0.6267606788313371,-0.6190745563214173,-0.6190745563214173,0.39009494650220866,0.33929368713044766,0.47481215867935084,0.5790459453479662,0.5260830482528704,-0.5737949810836257,0.3163298004228294,0.2869597113285431,0.28718556336192896,0.2869597113285431,0.2551641312422012],[0.9927256118289598,0.9850713386617224,0.6610267503780951,0.9939030298725289,0.9972830268868236,0.9927256118289598,0.9999967519239344,0.9983465827850538,0.9983465827850538,0.9999733711579415,0.9635525830409863,0.9996978828749459,1.0,0.9999909639790426,0.999995287221248,0.8414820816252098,0.8164842344404172,0.22753651921745924,0.9998695332370462,0.9998698184463977,0.990396833920394,0.9999975144947136,0.30669659879515393,0.7523739261235945,0.9913711928676849,0.9913711928676849,0.9875662911160443,0.992028336020874,0.24070658015717578,-0.19162162239617533,0.9917220758782602,0.9916994145417484,0.1663689948844795,-0.25356451267537494,0.9993715401769128,0.9994903504921812,0.4570333841747772,-0.3023518832061651,0.9991212066741744,0.9994628578479141,0.8215465793906976,0.2065409370838969,0.9456968175002861,0.9991334094667484,0.9456968175002861,0.9184588786735542,0.6157592056343159,0.9432340068532894,0.9230527398336069,0.7669504264943331,0.41403214000839766,-0.12188827865105158,-0.18635325973289776,0.9333022776138,0.3326309951293509,0.9689814593174259,0.9651874724565097,0.9800563586674834,0.995650275667143,-0.0119182181726742,0.8832435493137273,0.8455182846392456,0.887825005378028,0.8404580417575819,0.8053426291774715,0.8404580417575819,0.8267899898113248,0.8108387094639565,0.799883090550711,0.8108387094639565,0.8819537611263181,0.42113173451867536,0.6180791652658015,0.6737122086990112,0.6180791652658015,0.6413581434856677,-0.3350533318320657,0.6164693845897653,-0.6114880079203767,0.5372202918745385,-0.07603348921527002,0.46946488460633334,-0.07603348921527002,-0.1374735990611072,0.8607606609198,0.8827642356328886,0.868783026741045,0.7809879603886701,0.21955266452422859,0.8595502749049424,0.8606815470077359,0.8595502749049424,0.7842887910580111,0.7842887910580111,-0.17033407247527385,0.6988104050293084,0.22973344516536134,-0.702352197474791,-0.636132836169229,-0.6395329800312283,-0.18742927401817228,0.08001391670881436,0.3176187194140154,-0.0374474702898704,-0.5811584026823073,0.037548671098987005,-0.8286473532463509,-0.1945036185934759,0.09236402084916794,0.09403850961231419,-0.6201065958151278,-0.585060058592401,-0.11507625883084838,-0.594936551217901,-0.8314313892925824,-0.39996990625199863,-0.235192499722445,-0.39996990625199863,-0.30052843402873824,-0.39293964081160826,-0.39293964081160826,-0.8234763443466688,-0.8234763443466688,0.3939968499780616,0.5894637489267979,0.5117861387316157,0.8045445536739854,0.7381692181756386,-0.3929888715824904,0.07226751783521261,0.7462603624408627,0.7650773284492588,0.7462603624408627,-0.10568562348032269],[0.9931014529595655,0.9850146431704035,0.6559565464817658,0.9945556678964178,0.9973536366486639,0.9931014529595655,0.9999876018967409,0.9994371449323965,0.9994371449323965,0.9999723547381218,0.9635812102607683,0.9996953516774966,0.9999909639790426,1.0,0.9999885032355568,0.7694920986855338,0.6881263455386483,0.2292384249777386,0.9998920997432187,0.9998927573579114,0.9903905123423274,0.9999884459403682,0.30735131916005565,0.7489410133204749,0.9942656205502842,0.9942656205502842,0.9942319934293464,0.9919783259342496,0.23481059870158713,-0.19189850787528376,0.9921098067101514,0.9921172962775678,0.1889683567304081,-0.2528042755112976,0.99954313801721,0.9994906538165125,0.8551535999432955,-0.3907678053855494,0.9991184522151619,0.9994671539164361,0.747790498687509,0.20827442655114708,0.9994405673143861,0.9994451773594083,0.9994405673143861,0.9183954040816583,0.615871610124129,0.9430532217880905,0.9228078457251199,0.766604170120255,0.2949005831437267,-0.29090207436383286,0.11541369943153056,0.9332263354036584,0.33324157312252767,0.9662433308364883,0.9652097550702371,0.9786976434056192,0.9958819290843931,0.8971850570845047,0.8825766758999111,0.9086366462220828,0.8878139244706875,0.9074836858849546,0.9082511554155114,0.9074836858849546,0.8261729125079614,0.8767470146402608,0.878055684626104,0.8767470146402608,0.8818569617688395,0.7830570934971172,0.8737842549519395,0.8752342455687445,0.8737842549519395,0.6409433486184687,0.4953421165742682,0.6155302285221673,-0.6126578356249469,0.5362463315483427,0.5379154740112334,0.5388469627463666,0.5379154740112334,-0.1391359763275397,0.8606732455071223,0.8824282160130029,0.8683210388888046,0.9036905810147272,0.22178918211995557,0.8595280131970361,0.8608512982950312,0.8595280131970361,0.8688822604228673,0.8688822604228673,-0.1706733550269074,0.6977832561576357,0.13874036274781126,-0.7014833333765856,-0.6357835500637402,-0.6389148980528377,-0.1874144646269365,0.07907624068448844,0.09152971955094387,-0.03599412111026961,-0.5799638584528825,-0.15060694403103433,-0.839187859383123,-0.41253909651418225,0.09188929589204048,0.09380112740777831,-0.6201498111799644,-0.5842551953467715,-0.404986769473813,-0.5947118270219875,-0.8243090051014725,-0.5167811941875625,-0.5126712510648945,-0.5167811941875625,-0.299730531696549,-0.39298552250531477,-0.39298552250531477,-0.8150261101500325,-0.8150261101500325,0.39344558961666104,0.58972708145805,0.8201568252382195,0.8081239466263881,0.7386318273535657,-0.3925246393985041,0.7012902855435595,0.7342108982264406,0.7343067595815481,0.7342108982264406,-0.07307256399402329],[0.992772046527514,0.9849172318997566,0.6611750878917411,0.9939267578854138,0.997305692290269,0.992772046527514,0.9999937130452171,0.9991981011646367,0.9991981011646367,0.9999765008317221,0.9632934739047834,0.999668991865177,0.999995287221248,0.9999885032355568,1.0,0.8320060160846208,0.76890433671875,0.22768880207789996,0.9998724223434929,0.9998725932836252,0.9905255164744083,0.9999952310769937,0.30736523366507823,0.7522119291409566,0.9944533962915424,0.9944533962915424,0.994364990269115,0.9919606830159784,0.24099347266334675,-0.19164079467429004,0.9926094464799342,0.9926532796552601,0.16710406288933172,-0.25339298220708534,0.9994164321497478,0.9994900520261039,0.4560905592700175,-0.301630359527117,0.9990816695711578,0.9994654757242571,0.8191133500611895,0.20671433696292724,0.9452708510454276,0.9991833316409526,0.9452708510454276,0.9186953917670133,0.6164016610882413,0.9433623013291447,0.9231505454550176,0.7666971051865977,0.41533338559125865,-0.12042914477618295,-0.1865778742730359,0.9336239274297239,0.33290413854864487,0.9693557981003228,0.9654756534831227,0.9803043857666356,0.9956923041899477,-0.012898020314045027,0.8834685336042724,0.8454205869180449,0.8880183707391555,0.8403907736606963,0.804918323354562,0.8403907736606963,0.8269586553821839,0.8107618722396872,0.8002109947282621,0.8107618722396872,0.8822225704456919,0.4204812582720464,0.6176054785716556,0.6737008139381986,0.6176054785716556,0.6412174914392016,-0.33616467753318463,0.6164078149302514,-0.6116878875352756,0.5368814511688267,-0.07698136709917572,0.46912967731492133,-0.07698136709917572,-0.13743823926117293,0.8608658249493735,0.8825208832390853,0.8688946727327901,0.773775185359455,0.21993725724682936,0.859619073682294,0.8607415018568333,0.859619073682294,0.7840958602331672,0.7840958602331672,-0.17163666091753513,0.6995844909492163,0.23021572002532223,-0.702309171881093,-0.6364761358709589,-0.6398803189197775,-0.1884486516939554,0.07889586140259436,0.3179457561664424,-0.037807185882615946,-0.5813193732611798,0.03765686339625203,-0.8279179155964526,-0.19432777465025391,0.09146187862680843,0.09313557394755326,-0.6206642089654456,-0.5852692324553878,-0.11451810558390571,-0.5960143561647826,-0.8314643022558383,-0.3999047517462148,-0.23465950860458212,-0.3999047517462148,-0.30136404021988356,-0.3933476990067294,-0.3933476990067294,-0.8238240624093338,-0.8238240624093338,0.3941673008148891,0.5891495203369649,0.5113255049126101,0.8049696048559507,0.7376543737394283,-0.3925709354701573,0.0716484772387486,0.7466745569521367,0.7656875830682595,0.7466745569521367,-0.1054273727169947],[0.7620115547262222,0.1343159266411477,0.4085344714266504,0.7612604784827957,0.6645236269143705,0.7620115547262222,0.8415256877603062,0.838525895456792,0.838525895456792,0.7071665043529666,0.49254437370696347,0.24279384639929416,0.8414820816252098,0.7694920986855338,0.8320060160846208,1.0,0.9929465525471508,0.4207214102973198,0.8120832766530752,0.8120516519553966,0.7410508886146169,0.8308080235743827,0.3328995378004898,0.40617590205250353,0.8242907455271806,0.8242907455271806,0.8101671230309269,-0.15733357013016613,0.1951396177811735,-0.16763984462695397,0.8636908123122498,0.8609347394672641,0.15726348529076742,-0.22926386346358962,0.837409667479578,0.7310029727988512,0.268916499431834,-0.31791765930894017,0.2582361297246591,0.699661364844263,0.9983660964613915,0.40335558313945924,0.7633495930926677,0.8371006105962221,0.7633495930926677,0.21397140276307142,0.541860927947992,-0.20884198039834675,-0.23011952716251688,0.08911361790421352,0.3988003512927821,-0.0583029737289441,-0.21049819939153452,0.7175678855471254,0.4014801246383738,0.8352252954565648,0.7194723348708597,0.8027199465817221,0.8211324784460967,-0.10278063474597567,0.16526146116614732,0.5895230470249666,0.461456096856146,0.5795933084719592,0.642817