var element=document.getElementById("correlationAdjClose");if(element.style.display!='none'){var correlationAdjClose={"data":[{"type":"heatmap","z":[[1.0,0.9999937129811064,0.9854974631173553,0.9999275191840744,0.9991170488644192,0.9851825367087838,0.9979105902036451,0.9961080044214723,0.9693412021295477,0.9964307421477924,0.9945833709183848,0.9941775470718363,0.996225040404795,0.9962596834491285,0.9961532561702525,0.9976696243389822,0.9979176215272239,0.9984074256893343,0.9967419349330952,0.9967514728429046,0.9968030009892683,0.9961818066651139,0.987347171148098,0.9714173364648588,0.9899751773075391,0.9567076944349377,0.9889856671033231,0.987997288813879,0.9681403695440748,0.9525633791709849,0.99291468679804,0.9941108847360681,0.9924534821014367,0.9773985049446173,0.9978137366545127,0.9980360374034402,0.997581043110827,0.9962792148860139,0.9959219104535264,0.99793034851887,0.9987835784044852,0.9988301146295894,0.9977739529653051,0.9977817613934381,0.9768016310640377,0.914867867766085,0.949814701132477,0.9244905877270893,0.9257919708107081,0.9039792204439375,0.9633163075687954,0.9483241073940523,0.9650352893992978,0.9659888700105188,0.9557019007566264,0.9843881349314374,0.9815547509636374,0.9905265234560757,0.994471121599527,0.9868905884199837,0.9827062960402356,0.9883431779124038,0.9865455194291408,0.988893729435161,0.9887163816868437,0.9644817944016186,0.9749451142217817,0.9760368826770907,0.9757171434371867,0.9533454078490747,0.9807927063195343,0.9779632074102607,0.9851407289594566,0.9844333314481983,0.9428380734769793,0.88888901141934,0.8560615873180236,0.9048462763676741,0.9220797391967158,0.9193718028291156,0.9199992971557271,0.9186600752681685,0.6955740654308665,-0.5594344979262336,0.9811101471640082,0.9765791754251152,0.9732998147768955,0.9876004164539905,0.9750470849573343,0.9847959987177505,0.9847831100887791,0.9498978939613065,0.9849373811678912,0.9528712300232146,0.7719168838312604,0.9066906304966434,0.9287176570819623,0.8007738286614516,0.9510735836037231,0.9518573488236249,0.9002059699474537,0.9653229781050106,0.8959329591468224,0.6018666225062685,0.7219082249593586,0.9028951064562009,0.8707581358295748,0.8940220046938762,0.9742327129152779,0.9744093117368706,0.7830625345090482,0.737346451704754,0.825116755703855,0.420242951999017,0.8030364302660601,0.8293788544127094,0.8245842464184449,0.8161053015629308,0.7801424206625693,0.7514619000937368,0.734333164004148,-0.2738299569112394,-0.41319856956940904,0.6614491025912723,0.8919863115169531,0.9349727966499504,0.9425184784122229,0.9080911641559701,0.8259645636980303,0.9099064914975258,0.9283992755818373,0.9281987467826941,0.8624160527031925,-0.1685412586522463],[0.9999937129811064,1.0,0.9879963367640141,0.9998317683958228,0.9982555590524413,0.9900388053638106,0.9946262411612552,0.9917168651840256,0.9847902211241968,0.991734085775099,0.9917440348706986,0.9934908777674264,0.9918679770464587,0.9917346778326533,0.9917963022336954,0.9940221883849524,0.9966274891957723,0.996265495436798,0.9942184121755163,0.9942079673204983,0.9917899193370763,0.9918221904712059,0.991743684781562,0.9736491704673539,0.9885975318428204,0.9818988405387659,0.9884933831395234,0.9879428729093843,0.9807063568765237,0.9334390415407147,0.9890442076196724,0.9866381872779574,0.9802594359413684,0.9320684205569723,0.9956997954861398,0.9955966364476054,0.9958282996774404,0.9922776577512182,0.9953222570390002,0.9958334405777104,0.9971231957436257,0.9972638303394288,0.9958148200366597,0.9958087132802357,0.9897273319046886,0.9145536564557946,0.8881355982433313,0.924131277459822,0.9256412157911342,0.9039557313007226,0.8782616566015901,0.9230015159422653,0.880962084233195,0.9101938494839723,0.8778373138258475,0.954537822840587,0.9544144988849346,0.9683210316054737,0.9845020667441807,0.9821480796323816,0.9845359268670826,0.9801834646580118,0.9804002806899275,0.9820165211433846,0.9819493473132076,0.9507910069436855,0.9616132197636963,0.9386273921010598,0.9385480680516515,0.8700261231061809,0.9787958268429634,0.9803719651596291,0.9805595176024143,0.9801621561883974,0.9516717595772018,0.7618121558162645,0.7179291822302237,0.8274301882139902,0.8926659074044085,0.8442853148285461,0.8689992817263711,0.8677066602551746,0.7193958139847176,-0.21995018415845358,0.9697963647840435,0.9740430652884808,0.9696079849916198,0.9827423558260558,0.9675268158471477,0.9729189655862422,0.9723097309692421,0.9304008796044826,0.9748328058818845,0.9336811436806733,0.6865950925051132,0.906113472090458,0.9040045268818013,0.4867428991700107,0.824278898875207,0.8290366045547213,0.7382220254645961,0.96640549707828,0.7109323039239662,-0.2905638474851867,0.2129446563349428,0.7382725360239925,0.6867706052097013,0.7307511220143925,0.9679423935079519,0.9679014849324931,0.12997584618961328,0.30179535194794993,0.13646112889838802,0.10844349856615682,0.13014926688842735,0.14491317021768757,0.1416460871181196,0.06311248389078465,0.49649877823854066,0.22727325697546774,0.1764661483973569,-0.4410077294802586,-0.48548718939917485,0.6619151279920445,0.7498918582839997,0.7741300104608776,0.8348625196785431,0.8186151249672952,0.5675211133732122,0.7512956179292762,0.7685939080382758,0.7667561731371858,0.41843328863523915,0.2072727920834948],[0.9854974631173553,0.9879963367640141,1.0,0.9869151693604405,0.9931174473245011,0.9915092042103397,0.9899433358134463,0.9905911650924322,0.9906564853486752,0.9933095642324162,0.9973111677553085,0.9964533058770674,0.9904588687074259,0.9926869564255244,0.9906495279934534,0.9900693559949623,0.9908490581634037,0.9901888309115842,0.989303420215849,0.9892689658597116,0.9921705412367298,0.9904716315983166,0.9946857725022152,0.9836553591661609,0.9912519312840535,0.9806197866407039,0.9918047210689317,0.9869075973148058,0.9859874222284646,0.9585318419350868,0.9697806558849914,0.97394369741464,0.9764710448871893,0.9531561130110329,0.9872314860068978,0.9903175406895002,0.988695325050167,0.9922732666217653,0.9947515581505427,0.9911054175849068,0.9851065825284159,0.9879020608350714,0.987569669717978,0.9869367288058801,0.9920323835199032,0.9097877583643564,0.9326351697487677,0.9381541083302344,0.9189173468298335,0.8584034751559451,0.9211950446665763,0.9032234298423237,0.9238171837011495,0.9268739514282874,0.9119141238936133,0.9494407857360748,0.9578628006826718,0.9666405712906845,0.9778743734846433,0.9390286670148192,0.9639150300825424,0.962458989366991,0.9694218796765586,0.9627190116439951,0.9371569532914116,0.9209891789778173,0.9447945257633564,0.9347181866612756,0.9160505386012938,0.8922185585947482,0.9698427087423984,0.9480854206302614,0.9622742780020878,0.9412125197025029,0.8229250708047412,0.8443315624839419,0.7622670994119793,0.8630836659550495,0.8914739136644537,0.892837956569144,0.8598534022009922,0.874238463443596,0.39529777621561646,-0.5493930302185017,0.9595474999614739,0.9461804068257821,0.9457705746222187,0.9390850219475803,0.9539624685265937,0.9621432955220788,0.9617033498899714,0.9327447719452088,0.957302156970503,0.8756536860997073,0.7544519630060047,0.9503733666721207,0.949797365483698,0.7768758404449692,0.9375222852288407,0.9392491504963084,0.8725180469464343,0.9800996511581573,0.7760761460775337,0.5055725912572561,0.6642287708304598,0.7970503460968723,0.7969655362801258,0.7782250647856688,0.9825816621463586,0.9826264558870677,0.7105884969552899,0.68195520346933,0.7108102208186481,0.3651875706262544,0.7020197283766123,0.7135038331153362,0.7266899169654201,0.7119715582696289,0.740797322074235,0.6842117703261179,0.6658854876018602,-0.3369862259128365,-0.4759909590209186,0.6257268058078453,0.8520455059430343,0.8819758286971014,0.8872465479081069,0.8790290506920054,0.7570980453595897,0.8590847111828734,0.8709165594242394,0.8783522655365575,0.7333779562965875,-0.09047702567028094],[0.9999275191840744,0.9998317683958228,0.9869151693604405,1.0,0.9993648184833276,0.9863484489776472,0.9981590628750119,0.9965412655093178,0.9716289502387232,0.9969027819962871,0.9952850671153077,0.9951003207214097,0.9966401131274345,0.9967635064602651,0.9965859344997826,0.9979482844443722,0.998257236792933,0.9986700593647342,0.9971210833692818,0.9971280100474542,0.9972037430470442,0.9966014421662192,0.9885666316897056,0.9728616115320786,0.9909527456190443,0.9593745865792872,0.9900716595968718,0.9895099470259191,0.970177329035636,0.9537971292215114,0.9922286469482233,0.9936193508164993,0.9923780836560996,0.97695201896102,0.9979005534957021,0.9982332079228909,0.9978122614233413,0.9967483508318988,0.9963821010921351,0.998159449761248,0.9986810562541256,0.9989092168522283,0.9978564345355349,0.9978611131127522,0.97867270677804,0.9108683287634011,0.9476293204259685,0.9250568538058792,0.9243242983059445,0.8970337852613688,0.9603292062582326,0.9449798156595316,0.9619553831164012,0.9634380902372818,0.9528337482462181,0.9822573142517347,0.9799941882347769,0.9896511917408287,0.9942744826458763,0.9854769970185465,0.9816609042685668,0.9871134348166554,0.985977084323755,0.9875849965413056,0.9873984466061947,0.9544856992973639,0.9737382913280664,0.9745590000735642,0.9742342375320759,0.948210677666461,0.9803790983539381,0.9751450467540645,0.9837267060551935,0.9829817377771809,0.922129059154728,0.8873973405124642,0.852226688832382,0.9031634546173078,0.9192826657894243,0.9188973369621892,0.9175833786055674,0.9162849812058775,0.6032204282017984,-0.5589400206292455,0.9803172104463546,0.9754104921423435,0.971917707089518,0.9861886597522689,0.9743331843127379,0.984055713896259,0.9840346111551763,0.9495532189889817,0.9835288949894812,0.9376845631254863,0.7759696358977788,0.9122214695016717,0.9328074920223711,0.8025313186949212,0.9523848438033152,0.9531966586413693,0.8996797576516475,0.9665717691766514,0.8897027671251325,0.5980600087532786,0.7200624386843315,0.8973085839446793,0.8670134544802033,0.888161811285219,0.9750675438930645,0.9752508968190704,0.7817802133953159,0.737491941270533,0.8170676775403242,0.4220874780499757,0.7971424439550239,0.8210516038159953,0.8161830612896758,0.8105943634167809,0.7824022446509438,0.7512231922655114,0.734179458251364,-0.26923734543455313,-0.4124735029770382,0.660609667262871,0.889920532997765,0.9329437380068546,0.9405616780781749,0.9066609232471341,0.8230214381273205,0.9077484418419886,0.9259733215223463,0.9259249127981872,0.8549672715051259,-0.16132115433525662],[0.9991170488644192,0.9982555590524413,0.9931174473245011,0.9993648184833276,1.0,0.989251342608158,0.9991055160729297,0.9985445022319676,0.9840116848844768,0.998545145565547,0.9981421373379369,0.9981875226576407,0.9985738308496424,0.9985772870286415,0.9985766911159042,0.999076825631115,0.9987076036538757,0.9993046595402505,0.9988989056817364,0.9988964942660348,0.9986345439728012,0.9985642027480923,0.9944753195535587,0.9804864146966806,0.9949516417943933,0.9767959847902717,0.9949204045051447,0.9922050819877181,0.9830283794100729,0.9571337032562219,0.9891880842591624,0.9918789606250302,0.9895633258551034,0.9688245729243344,0.9989480242421942,0.9989991549066916,0.9990157519196432,0.998652577706463,0.9986827333601016,0.998991292135422,0.9989790402778783,0.9992029139075012,0.998950208399821,0.9989467427014508,0.9883541882895022,0.920919407928224,0.9467990333766557,0.9365797247905225,0.9285984357442569,0.8925630081470544,0.9466329677846488,0.9388903848235195,0.9509143024373364,0.9567214338988099,0.9454855481777396,0.9793562746943628,0.9792593478946111,0.9895068158785809,0.9940941026397141,0.9823323005084618,0.9763895739198728,0.9829074889883869,0.9823313528782994,0.9832572755464816,0.9830530147784026,0.9553907046993992,0.9654499975146914,0.9602530000096003,0.9598668886985332,0.9226733719870662,0.9777935857333506,0.9741866985573313,0.9799987502937892,0.9792053590279363,0.9405164468427287,0.8673576291623712,0.8295066659337299,0.8884614311622879,0.9240002790118123,0.9083985661519568,0.9155524109174017,0.9144309599994389,0.7510480923982453,-0.5714934157137258,0.9743472874766957,0.9657530105823434,0.9630761158894672,0.9832593018618433,0.9652558898098043,0.9778333750090564,0.9774843679026898,0.9413466191355206,0.979400184738604,0.9440949879269094,0.7654211914685805,0.9273063958118241,0.9527616810837918,0.7654079407266918,0.9396499132637115,0.9411426522972923,0.8937984502479331,0.9715926579651151,0.8877623390615251,0.43863865389471857,0.6611310976216325,0.8935668416751826,0.8421708495960033,0.888929923271755,0.9786047245014646,0.9787447139684414,0.7460246706944192,0.7209147372819749,0.7499392532793515,0.4000547402386042,0.7005862303303236,0.7549092438614373,0.7502495970757319,0.7134904289020266,0.769013597838067,0.7361374746036109,0.7182190820814136,-0.47615928505557475,-0.5572816574992007,0.6550889821887391,0.8843005599821097,0.9185516733810584,0.9344249376739129,0.904391179893944,0.8036955963086349,0.8954201819845702,0.9123109275984759,0.9117550011424211,0.791275796153298,0.04847826296267228],[0.9851825367087838,0.9900388053638106,0.9915092042103397,0.9863484489776472,0.989251342608158,1.0,0.9844891404808354,0.985330305869366,0.9924821359158135,0.9847661071933944,0.9804912907869106,0.9796291939393088,0.9852031666423016,0.9857024240146272,0.9854008663661364,0.9850541316082291,0.9883432124243041,0.9862231666227592,0.9860931323508113,0.9860921613024027,0.9842426213625174,0.9853064327624461,0.9955586770118061,0.993388126320133,0.9865911956736662,0.9865820298778103,0.9868253374872274,0.9774612565043905,0.9880828421051935,0.9734963494920852,0.963449532844865,0.9689864689397304,0.977620991517855,0.966385532992759,0.9841665646102337,0.9845355949109119,0.9853487969703795,0.9859725352460667,0.9803678702269876,0.9849888071628703,0.9833675752231434,0.9850633519852836,0.9843434843206045,0.9843514352938824,0.9959633738843876,0.8690090508371654,0.9254160551464982,0.904820739858819,0.9171598322132557,0.8771244886186462,0.9187489795070003,0.9091243599578251,0.9213217117860041,0.9352459768938091,0.9172327443458188,0.9513665578876754,0.9564675388976469,0.9627874672108606,0.9722993557470639,0.9703721424961215,0.9860059556632684,0.9719925732797842,0.9837658553455148,0.971586902282356,0.9710107596076056,0.975929415665188,0.9677520194125789,0.9474577629903338,0.9468986591341798,0.9453912715482273,0.9822448732423571,0.974859357266577,0.9716749271785647,0.970291181333544,0.9623978760773567,0.8883404940538223,0.8420686689158524,0.9058653849098093,0.9150104665988278,0.92424415635422,0.9052938757651012,0.9030642658175532,0.725598187708991,-0.5097845944741435,0.980113693551545,0.9812545873686497,0.9769963800575955,0.9712666364732653,0.972360062112777,0.978939367757843,0.9785082116830666,0.967377873092477,0.9683500617441365,0.9662599133907275,0.777545741118969,0.885907115336461,0.9523793876227731,0.8112834482024055,0.9414960637793768,0.9425381508004052,0.8686316930401601,0.9594069749349862,0.8373176830391305,0.5271348472680091,0.6867223302986523,0.846895944508612,0.8209058703994045,0.8363099740165392,0.9600271412671963,0.9601279197216889,0.7372005264828942,0.7142155492855915,0.7534891931613263,0.4240721544574458,0.7442833552708785,0.7589594302167253,0.7527580608082748,0.7494165548837769,0.7643150897887149,0.7136585438605082,0.6992188946453505,-0.2971013633621832,-0.42719506787555517,0.6697120516282598,0.8591577276668341,0.8774176339071091,0.8905571690848412,0.8702768436250536,0.7839823283542194,0.8515228758981483,0.8692761473211253,0.8692915639218808,0.810882198621007,-0.12629472158452829],[0.9979105902036451,0.9946262411612552,0.9899433358134463,0.9981590628750119,0.9991055160729297,0.9844891404808354,1.0,0.9974873832864661,0.9573509497556649,0.9996007648016432,0.9995521673296486,0.9995707281960007,0.9983901105220062,0.9994660693005128,0.9991680949247065,0.9998899432474161,0.9965146056662167,0.9999033102976361,0.9993657645834904,0.9993708967347684,0.9997071911046118,0.9993150771828928,0.9907574993920463,0.9747221805620326,0.9856578233051196,0.9263209632431159,0.9934368692820184,0.9917540332038297,0.9737992804882624,0.9509354510880419,0.9916015559231811,0.9918116184548169,0.9934157156075797,0.9743779310208962,0.9989877710700154,0.9998482452590164,0.9997086773198371,0.9994741034204158,0.9997594613570049,0.999832180166709,0.9984820218697941,0.9997305115761047,0.9993754975595386,0.9990237440513895,0.9808947774061653,0.9287754582215823,0.9503400007068316,0.946579661645934,0.9367835420224119,0.8929120552992762,0.9568679138820302,0.9446284556864376,0.9591797265004116,0.9607873042589492,0.951348087241594,0.981299927158318,0.9805130998067004,0.9915765212045635,0.9963573124960433,0.9491376425559209,0.9645363264481772,0.9738606660984835,0.9745708004384414,0.9754148832691115,0.9491395814400847,0.9063098427260646,0.9569116896338306,0.9620330454056691,0.9402904677272573,0.8971485997074045,0.9683637533411111,0.9414168745447202,0.9685565902794288,0.9495006246533421,0.7838317874025463,0.8613322867806231,0.7829864932179272,0.876260817181461,0.8937339874023412,0.8984156394613184,0.8769118105838372,0.8889520083278893,0.34514697311487386,-0.592404940752563,0.9656583633148085,0.9521543592262259,0.9507341954865773,0.9506817107251991,0.9616099621388225,0.971853312325228,0.9719264355643736,0.931109226058564,0.9685832438165511,0.8528017712652233,0.7601607073078004,0.9279385036534665,0.9322487231488371,0.7909984633602969,0.9503804413738567,0.9513546381693159,0.8971216632692312,0.9710253468406372,0.8321486689225495,0.5904210530479569,0.7123842662916307,0.8554662042076042,0.8474096778290656,0.8369904284542663,0.9788569340646045,0.9790468610062056,0.7717931596433133,0.718295295988849,0.7821063061954167,0.39463883688943224,0.7755355277323872,0.7939176334669653,0.7885002140920387,0.791781744519789,0.7659731055886111,0.7418979992127911,0.7231007199590277,-0.28416923500975216,-0.4348596203568633,0.6721855554541444,0.8880817792701461,0.9236933305421086,0.9405147609697811,0.909925120126415,0.8235455502376482,0.909171911080678,0.9286926359581854,0.9274065971267845,0.7751834453891356,-0.1281950621450105],[0.9961080044214723,0.9917168651840256,0.9905911650924322,0.9965412655093178,0.9985445022319676,0.985330305869366,0.9974873832864661,1.0,0.9682338307169545,0.9999998245582831,0.999999284074326,0.9997425757134352,0.9999970565514034,0.9999924107131833,0.9999981814370241,0.9993008654182549,0.9912075684307547,0.9994350179778099,0.9999063766582328,0.9999057865975469,0.9999636710277587,0.9999986117936824,0.9911669913751471,0.9762616038937365,0.9927040944179866,0.9404281184925458,0.9939370722901564,0.9899000025645983,0.9760033171319693,0.9502447278025623,0.9879040613698555,0.993805120255832,0.991938832382798,0.9712375373529925,0.9994602260202412,0.9995558620084387,0.9996641281758187,0.9997355911988826,0.9991732659507332,0.9994859977410121,0.9981810688280817,0.9987886545555804,0.9995316559495508,0.9993948617706033,0.9825422421749962,0.9285742309822584,0.947542008458163,0.9505597010066105,0.9350037000979642,0.8817449819135263,0.955115643229439,0.9400244176283727,0.9570602600003149,0.954957031321659,0.9452223492900693,0.9792545160297901,0.9775039131922941,0.9905145299472398,0.9968891612797808,0.9442040585930124,0.9603984693711436,0.9675316081215022,0.971536986120895,0.9694711997370931,0.9474203965195203,0.898726748554406,0.9522147179653443,0.9553058770034507,0.9348974376013155,0.8851217279808232,0.9656769744281762,0.9353100970571041,0.9631686880789075,0.9449159059991739,0.7712002834681178,0.8533874893693666,0.7785654596992473,0.8683852951153055,0.8866443228428555,0.8939021680036039,0.8725408060354218,0.8822154287692006,0.3276493985963574,-0.5967229577161097,0.9615377895649185,0.9456372930479482,0.944765102222403,0.948725539496786,0.9570671358247398,0.9677988760788987,0.9678566503735069,0.9263743227992803,0.9618338167478931,0.841804302843126,0.7570704034662359,0.9420322006974666,0.9430279824328518,0.78737373106001,0.9501263531978352,0.9512548578254469,0.8945732737962057,0.9750062027885131,0.8350850025192393,0.5761024566230009,0.7035945965911434,0.8564468410784679,0.8442333349165605,0.8391560260727469,0.9813274725573619,0.9815215188386458,0.7627700477697743,0.7105703402889744,0.7833958566527399,0.3820595296163703,0.7703694700141779,0.7893524134180036,0.7889179843334131,0.7861715521801301,0.7597088991055063,0.7360745481728161,0.7166945267239545,-0.29991618705567596,-0.44955706084067537,0.6579894015014707,0.8804626744453161,0.9211606284913175,0.9329176310740912,0.9041036645577565,0.8127372336026661,0.9027185845832862,0.9223907809140478,0.9213764989276311,0.7562424942079811,-0.11119349587989528],[0.9693412021295477,0.9847902211241968,0.9906564853486752,0.9716289502387232,0.9840116848844768,0.9924821359158135,0.9573509497556649,0.9682338307169545,1.0,0.983258796397201,0.987481254553012,0.9897229926125299,0.9719174318915859,0.9802427483428209,0.9768335687163293,0.9747014565811443,0.9491462982278,0.9794767882492023,0.9775918973520028,0.9775429625090508,0.9817284220021343,0.9766912039753044,0.9939822022363825,0.9925888958429105,0.9811810204686248,0.9885234994213882,0.9842239200151268,0.9899100541466394,0.9903950506378749,0.9670096366778071,0.9279441525658652,0.9495513894231341,0.9654538255953892,0.9488727905760187,0.9712233543007247,0.9795755384527834,0.9763235852608442,0.978688798153015,0.9878349723297558,0.9807069697493147,0.967173820402564,0.9765517869411604,0.9720673641983162,0.9710168491298317,0.9989384137598328,0.8872723349411867,0.916318288706261,0.9408298186518667,0.930991498905035,0.8541399267558293,0.8844217564937852,0.8807018566270436,0.8882443187391377,0.9100318577350736,0.8913115969962236,0.9280684292333469,0.9434800235344776,0.9495323559961146,0.9618430672808534,0.8983428848746782,0.9648889523270082,0.9414972264825215,0.962894196411388,0.9415253983693925,0.896357073199736,0.9096639533916459,0.9377245882691185,0.9096330409757206,0.8725510430896566,0.8740308756848696,0.964379670989389,0.9150095697049774,0.9399404632946672,0.9013415560406688,0.8090817916083142,0.8366006673655807,0.7174689707569335,0.8573806025241445,0.87189904479856,0.885615701544443,0.833574879382452,0.8521933832791188,0.37218082023479754,-0.5347983336226657,0.9535242086167418,0.9485192258814613,0.9448076946050441,0.8972547186960781,0.9433073320765222,0.9515684796242307,0.9509319109383404,0.9349974723451774,0.9357702142981809,0.8613903614344489,0.7607562424218735,0.933448460659364,0.958416403731086,0.7853209255149963,0.9306803510179288,0.9323654107620016,0.8502214842774434,0.967658121472076,0.742647601997762,0.46880089971535704,0.6454404880823937,0.7746618294663515,0.7740381324442879,0.7528519941409586,0.9670594744697306,0.9670752211914353,0.6916346815252102,0.6712609970835656,0.6763092194521981,0.37265132042776616,0.6840590525691242,0.6919660440394242,0.6766071729057684,0.6905183624097989,0.7337191670631578,0.6787843014215726,0.6617352305006041,-0.34372711499325104,-0.4790874523762263,0.6700700130285455,0.8371967320908634,0.8351327038892734,0.8621924891910562,0.8585157099644184,0.7500185806100896,0.8147447141179226,0.8407823586809189,0.8348298789222096,0.7056752402585489,-0.05023505047980109],[0.9964307421477924,0.991734085775099,0.9933095642324162,0.9969027819962871,0.998545145565547,0.9847661071933944,0.9996007648016432,0.9999998245582831,0.983258796397201,1.0,0.9999991085154908,0.9997474235522072,0.9999985111600828,0.9999911811741274,0.9999976802444227,0.999667001996862,0.9977939849291345,0.9994298052123688,0.9998786071019599,0.9998784230988527,0.9999763953276427,0.9999990998391965,0.9937457407431072,0.977792268864392,0.996009336172065,0.973608478911146,0.9960950203282971,0.9898798272139651,0.9803338784381472,0.9514620629695025,0.9893528075351071,0.9935288140564872,0.989376906948256,0.9676535090954795,0.9994796210992177,0.9995471580514098,0.9995591781839848,0.9998252931265107,0.9991869401310167,0.9994937566202241,0.9983820745415928,0.9988291862591805,0.9994834777132063,0.9994771690659473,0.9868548788342285,0.9285434074074975,0.9475795226478919,0.9503694166226114,0.9347939349198144,0.8818908254635286,0.9446424311634529,0.9333825012308389,0.9483276196568987,0.9529777246489847,0.9431003559554819,0.9778231424478442,0.9775389019358224,0.9910423601032063,0.9966657750918233,0.9725245196214277,0.9603496931593053,0.9731701222568658,0.9715030840938328,0.9736118332066216,0.9733543444665558,0.9435039658186263,0.9521393373800842,0.9507565626734908,0.95041605839078,0.9114116363057627,0.9656176572536094,0.9647223999839708,0.9703992052863826,0.9694134801092262,0.9274790234822367,0.8534394214435168,0.8097624476336635,0.8681529801392797,0.9071483211841239,0.8939166142506593,0.9000167547346423,0.8991379929679791,0.7036668309837691,-0.6067707522334076,0.961504189689651,0.9456429916482364,0.9447800567049387,0.9736702202300758,0.9524653073826,0.9674184439191097,0.9670384611283251,0.927084755326432,0.9692205180836192,0.9301515547482765,0.7570827492257196,0.9417124244449634,0.9551462574813617,0.7698669235195279,0.9434065604875574,0.9447073008374387,0.8946453100053594,0.9741436946012773,0.8955190291443398,0.47644526040678714,0.6786803115777091,0.9012712467970206,0.8503987726148178,0.8967808480142061,0.9812835093341341,0.9815084387176096,0.7628387111312736,0.7103091240891989,0.7660260579650469,0.38218632395033886,0.7180777267378592,0.7710299333159405,0.7663552298875089,0.7324948247286327,0.7594631315895056,0.7360514239263818,0.7166475969684335,-0.5216717302350476,-0.6034431245046058,0.658127419698282,0.8806295952912679,0.9206738332168308,0.9363884844983981,0.9043088321008098,0.8091249855353464,0.8965544984571202,0.9141579707463307,0.91348660905775,0.803200506798142,0.1148281887127615],[0.9945833709183848,0.9917440348706986,0.9973111677553085,0.9952850671153077,0.9981421373379369,0.9804912907869106,0.9995521673296486,0.999999284074326,0.987481254553012,0.9999991085154908,1.0,0.9997475001111222,0.9999962934764869,0.9999945927966887,0.9999982571293524,0.9996471573094303,0.9974081680325053,0.9991441503372916,0.9997727008246587,0.9997721716859681,0.9999983801091403,0.999997863952179,0.9927911324385913,0.9725871068823161,0.9950085396755721,0.9814118996963686,0.9956177547902706,0.9898963350009876,0.9821949859511174,0.9426441422681537,0.9880897814808477,0.9927588851781322,0.9825903849825415,0.9405866402643065,0.9992319303562963,0.999290587424973,0.9992258757769669,0.9998874889912377,0.999168602541573,0.9992363768531997,0.997769599384323,0.99838927142029,0.9992023811269666,0.9991981326220828,0.9888393819492726,0.9282265917890116,0.9109858981850019,0.9503016567382238,0.9346764907951233,0.8815349314187347,0.9102993262059966,0.8990126699723502,0.9151083417336187,0.9238978954361684,0.9085472737207543,0.9690614043090308,0.9690004659228665,0.9902205142810916,0.9950308882003347,0.96494002478007,0.9604553565714882,0.9614402659706056,0.9616193790820431,0.9631823178549712,0.9629186604164338,0.9192645619129302,0.9417503423672798,0.918412916776855,0.9179206823408608,0.8405519496727178,0.9630250333582738,0.9691554758167855,0.9653056655999837,0.9642148650103247,0.9184364306681536,0.7771069413984834,0.7348242226134433,0.8251545360516951,0.8827512844965562,0.8482896752955768,0.8654436433224898,0.8639626517946166,0.6978553675564321,-0.42932890471056634,0.9478884237907187,0.9457572568322631,0.9448569481244106,0.9662218021281882,0.9388589905112135,0.9510513227025128,0.9503845259899727,0.8965946494003828,0.9541587940934629,0.9022169995788275,0.7572348724507709,0.9420645210285731,0.958243907042017,0.6466236284045692,0.8984948907291185,0.901417862177655,0.8498216295254469,0.9843470089121903,0.8374127723292278,0.14006436843100326,0.5252115538872528,0.849744913394627,0.8142184626187449,0.8439237528306799,0.9850875850839919,0.9850996389940522,0.5066503532415634,0.6167393448585585,0.5140577744394993,0.3820956320521202,0.47899038619606366,0.5262337423264418,0.5157122055505422,0.45250727567783716,0.7468539946767191,0.5915769092796355,0.5515001955170611,-0.4859971696622851,-0.5411367600304736,0.6575001369124065,0.8591232248056285,0.8719803137710151,0.9023338392293168,0.8977563537078658,0.6603204680785735,0.8383171014366253,0.8640844250220167,0.863044286433825,0.6061988936730878,0.05713887654677298],[0.9941775470718363,0.9934908777674264,0.9964533058770674,0.9951003207214097,0.9981875226576407,0.9796291939393088,0.9995707281960007,0.9997425757134352,0.9897229926125299,0.9997474235522072,0.9997475001111222,1.0,0.9997613828427486,0.9997457319587055,0.9997528005993538,0.9996498970735513,0.9980527166219327,0.9993538475996672,0.9999675222482317,0.9999671064810157,0.9997517874731343,0.9997573525184387,0.9921657279166746,0.9684088044972479,0.9936245505794764,0.9817283749312492,0.9944618946125433,0.9926963178113425,0.9777233591153148,0.921322595862953,0.9907658141358294,0.9937967071900345,0.9777997143012569,0.9195043283203649,0.9993613141041061,0.9994140527298372,0.9993714230114543,0.9995503856802583,0.9995778254551559,0.9993896322671354,0.9976042894582109,0.9984122136381358,0.9993485139079424,0.9993437424781598,0.9899894891857677,0.9233352170151935,0.8955177674688489,0.9473556728916784,0.9341946183079268,0.8816258400583544,0.8711493562301935,0.9115890959286341,0.8751582776326275,0.8967963353900771,0.8691377851310748,0.9554343358387433,0.9553503492196321,0.9805766880518639,0.9942462178098066,0.9639580794653376,0.9651929898146994,0.9575044774146964,0.9595904597309778,0.9606099655682568,0.9604616575057273,0.9199937243390353,0.9336539808793233,0.9048969621286506,0.9047561784495777,0.8234566344418752,0.9615799609774379,0.9639940862178623,0.9640960057636226,0.9635502378020205,0.9249222103337491,0.7166149278378683,0.6692597418949879,0.7841879510652238,0.8567518604206967,0.8054339047116282,0.8318271638647791,0.8308794417960758,0.668689302131723,-0.3351093250332381,0.942336592369116,0.9488639941200702,0.9421227172041949,0.9649414369529038,0.9395460472113603,0.9464928488482973,0.9456539413521012,0.8941840920771119,0.9493954744857196,0.8986732079336875,0.7017586277257991,0.939265897918086,0.9335966866003849,0.49853527018768756,0.8351657234020574,0.8402315165944135,0.7371475906767722,0.9773490890933691,0.7128955792278073,-0.23208350222715893,0.25324932619898594,0.7370945485015338,0.691590680201321,0.7305947800001154,0.9785351790379412,0.9786103754218068,0.1765537314446972,0.3340339668351571,0.18150217107853062,0.15346924875167342,0.17366859840368853,0.1905632118752724,0.187996305178739,0.10462092626524311,0.5250948559166394,0.25680268846408394,0.20411571311976576,-0.5062554881158546,-0.5498047721186805,0.6583270576207468,0.750444593446058,0.7745821233099812,0.8375356077873438,0.8237973535078462,0.5568661375190395,0.7493524342414999,0.7693160520400226,0.7676772726779889,0.41968103376320287,0.24963375614260647],[0.996225040404795,0.9918679770464587,0.9904588687074259,0.9966401131274345,0.9985738308496424,0.9852031666423016,0.9983901105220062,0.9999970565514034,0.9719174318915859,0.9999985111600828,0.9999962934764869,0.9997613828427486,1.0,0.9999908885684439,0.9999976760369215,0.9993507916691876,0.9929230694228142,0.9994764830112722,0.9999155397015075,0.9999152467959618,0.9999707801282891,0.9999989009755704,0.9910587698955775,0.9760891230123933,0.9933655382126707,0.9453658805496418,0.9938905920384749,0.9900243816932254,0.9758122206281173,0.9502089492364197,0.9888107103136606,0.9938831731063876,0.9920287651717455,0.9713837901519066,0.9995029947820717,0.9995964257678357,0.9996952806077014,0.9997358882508813,0.9992379186587358,0.9995281627138065,0.9982691108796676,0.9988585741534743,0.9995748042004269,0.9994385832136327,0.982315440236188,0.9288699379572758,0.9477309190580671,0.9505186314327927,0.9351829819608108,0.8824721152964585,0.955473982012097,0.9404315724757655,0.9574234803394999,0.9553198822960345,0.9456339629147995,0.9795130779867247,0.9777026792355787,0.990659121641265,0.9969668400873284,0.9444920186926671,0.9604949679444202,0.967776658446121,0.9716347886792766,0.9697136095194258,0.9476610137894634,0.8987941385288045,0.9524271014354402,0.9556802769359349,0.9353055148692808,0.885435009102268,0.9657266087114653,0.9354921630732895,0.963359309501746,0.9451838296587213,0.7712044789648967,0.8537605770205577,0.7790692502347375,0.8687391365022349,0.8869182956951256,0.8940902681113744,0.872903738946608,0.8825809890871774,0.3278588675087283,-0.5967253331706415,0.9616895322739626,0.9458743786452768,0.9449733488437054,0.9489556146156968,0.957231165012595,0.9679658153739699,0.9680257303534323,0.9264605023830158,0.9620985611980365,0.8419165666231331,0.7571801847607738,0.9413964862620677,0.9425201259223881,0.7874819652677646,0.950150550873498,0.9512706239132717,0.8949150864087376,0.9748580762164344,0.8355647156511439,0.5771759464472795,0.7042589841768085,0.8569159625101115,0.8447662961746278,0.8396311075146969,0.981260341982816,0.9814543454715007,0.7633976308079052,0.7111135632263526,0.7839989892778102,0.38276225964015925,0.7710460390334584,0.7900425554676428,0.7895330513685204,0.786882347521884,0.7600698272037003,0.736528236431693,0.7171680637064879,-0.2989636260284986,-0.44870823231163,0.6584742003651807,0.8809883046456016,0.921622461218558,0.9334533342514706,0.90458255581738,0.8133091880603854,0.903299985722892,0.9229660698635848,0.9219410014594115,0.7569276295745262,-0.11222494094167722],[0.9962596834491285,0.9917346778326533,0.9926869564255244,0.9967635064602651,0.9985772870286415,0.9857024240146272,0.9994660693005128,0.9999924107131833,0.9802427483428209,0.9999911811741274,0.9999945927966887,0.9997457319587055,0.9999908885684439,1.0,0.9999948368214177,0.9995472507626616,0.9977277822874855,0.9994325517919643,0.9999001906795049,0.9998989917254386,0.99995201431982,0.9999908687531894,0.9930320694358048,0.9765064783196019,0.9957207642357792,0.9676016280850747,0.9954942032460482,0.9898496529079515,0.976162068367017,0.9503601531747348,0.9889938988287491,0.9938613880218514,0.9912674896399267,0.9708683742915316,0.9994757453541244,0.9995482269550575,0.9996114931675721,0.999883403474521,0.9991981696059916,0.9994753819417745,0.9981116243062004,0.9987771349343217,0.9994935213756906,0.999484957271281,0.9848097513202262,0.9286960789759908,0.9474693907992727,0.950258995459922,0.9346668161224794,0.8818297910024113,0.949483099708071,0.932490346557752,0.951718324120895,0.9546626232394353,0.9449004159314492,0.9777653027027572,0.9773603605306502,0.9898862038394429,0.9969614251490736,0.9726873540979097,0.9601176873760361,0.9732085076517567,0.9715064689688114,0.9741787381837421,0.9739054914633131,0.9518883592339283,0.951842183952713,0.9547646261502278,0.9544030661142319,0.9271021764087712,0.9656517592019953,0.9674900117418599,0.9719696283472526,0.970850876189063,0.9364622674357076,0.853115255323597,0.8163427514133894,0.8679094484665811,0.8981737085965575,0.8936757184767915,0.8943959834787648,0.8931844364578564,0.6809482542419186,-0.5971673007749231,0.9615229026619168,0.9455372335794344,0.9445278645894065,0.973842730202708,0.9571443278184613,0.9677892053588584,0.9678792859029458,0.9264932814934137,0.9683147735225818,0.9380885407617132,0.7569370222316726,0.9414262318864534,0.9482277702432527,0.7864958922880394,0.9499786728865398,0.9510346562999922,0.894516554399373,0.9752149260962357,0.8840606261041268,0.5764495744645206,0.7031221078038262,0.891726464859088,0.8572573476502923,0.8824257589529795,0.9815440032475381,0.9817659063506526,0.7619298524216397,0.7097435604567399,0.8005201514133252,0.38215306299425933,0.7755418825536058,0.8050910740890386,0.7995911628408564,0.7855773172818877,0.7595389423449036,0.7347145539902952,0.7153518125319693,-0.39073701028784436,-0.5117083800444421,0.6573662593448621,0.8806273451349852,0.918020964749517,0.9287952275446203,0.904650832367275,0.8119036403556684,0.8900186093405436,0.9109337881087495,0.9104193529783664,0.8407980067699529,-0.07919298802865883],[0.9961532561702525,0.9917963022336954,0.9906495279934534,0.9965859344997826,0.9985766911159042,0.9854008663661364,0.9991680949247065,0.9999981814370241,0.9768335687163293,0.9999976802444227,0.9999982571293524,0.9997528005993538,0.9999976760369215,0.9999948368214177,1.0,0.9994435018004916,0.9969762603776261,0.9994514589041023,0.9999093928420288,0.999908485380125,0.999964781987909,0.9999974037806846,0.9912118170649059,0.9763267182300752,0.9950716184267897,0.959070883094432,0.9948739316342691,0.9899777273944569,0.9760582701158795,0.9504173028858067,0.9912721413673605,0.9941521859136443,0.991886061932494,0.9711445878012905,0.9994721654677082,0.9995573491421416,0.999671549495417,0.9997514155870426,0.9992025463568498,0.9994834881588837,0.9982067035278229,0.9988054163891079,0.9995418418338429,0.9994078296188379,0.9825420057905,0.9286528302734186,0.9475601173158644,0.9505554539280527,0.9351183801328652,0.8820557191564202,0.9551963785277612,0.9401606953639463,0.9571733459514954,0.9549053302758934,0.945137810130029,0.9792806573365017,0.9774472722432371,0.990484296779798,0.9968529518838503,0.9445045914662605,0.9604846880500842,0.9677014298262345,0.9716152147053049,0.969626531052623,0.9472310977887549,0.8989467248922869,0.9521182376631956,0.9553707966803429,0.9351137668067386,0.8852568805350057,0.9658244459540318,0.935662316663348,0.9633754492389441,0.9452312268336475,0.7715538841373092,0.8533769029737184,0.7788313685820921,0.8684180639856884,0.8868167528030166,0.8939052373469948,0.8726951600241462,0.8823861903642432,0.3280094515202722,-0.5964197777377158,0.9616215412198762,0.945782662008916,0.9448932866250956,0.9474270442691307,0.9572443729040361,0.9678795964831745,0.9679338501674964,0.9265666180192272,0.9620044522229658,0.8420767878695173,0.757103234801394,0.9417269200238262,0.942925788249303,0.787370593172938,0.9500508334258365,0.9511837440506645,0.8943902598874254,0.9750237097908115,0.8351177738824762,0.5759295830030075,0.703481058483653,0.8564575010302169,0.84435977574789,0.8391858437243895,0.9813678136029456,0.9815588134216229,0.7623760164269051,0.7102233224744674,0.783376539144763,0.3823241048504341,0.7703473702111443,0.7892724161199871,0.7890757175407588,0.7860715336069698,0.7596257178207396,0.7353238157079455,0.7159785026750094,-0.2997267663768132,-0.44936316115783403,0.6582400285383789,0.8803681873416784,0.9212850644836598,0.9329599149718892,0.9041437188369859,0.8125312156183461,0.9029235188415374,0.9224277689643023,0.9215312216398942,0.7563386713141447,-0.11146873393803408],[0.9976696243389822,0.9940221883849524,0.9900693559949623,0.9979482844443722,0.999076825631115,0.9850541316082291,0.9998899432474161,0.9993008654182549,0.9747014565811443,0.999667001996862,0.9996471573094303,0.9996498970735513,0.9993507916691876,0.9995472507626616,0.9994435018004916,1.0,0.998356392448611,0.9998453641075788,0.9995354874329636,0.9995401875065764,0.9997606637856504,0.9995203053195848,0.9908350694574358,0.9752530147936795,0.9936694486370007,0.951206979421239,0.993309647915529,0.9916765978258779,0.9741235164661899,0.9509598866134517,0.9917360949691633,0.9925446409753357,0.992796933802014,0.9733355500442573,0.9992595726579943,0.9997284551003387,0.999709316548846,0.9995576803545604,0.9995773748925765,0.9996824032755549,0.9988209205329415,0.9995689646451377,0.9994993779843157,0.9992527373682852,0.9810762010287383,0.9271941106682122,0.9497729273163895,0.9464427387184564,0.9353133728573855,0.8892761333708081,0.9573522219718448,0.9448741112631213,0.959624121716492,0.9592477657643663,0.9495776591393652,0.9813594248011736,0.9796136292545142,0.9914876211390105,0.996355994103909,0.9493156395829783,0.9641576627161476,0.9730222648326238,0.9742175648253489,0.9746699281422941,0.9502341777133496,0.9051932986263596,0.9555382430849788,0.9609892780037461,0.9403651869632181,0.8944805858443923,0.9683143635662478,0.9409566103612887,0.9680397412988626,0.9498732089854902,0.7808090486027461,0.859269855779417,0.7835043813012109,0.8740438976076117,0.892229452442253,0.8968713211769566,0.8766760218643896,0.8880182759029591,0.3400717984398162,-0.593196107303043,0.9650044246361408,0.9509483831588951,0.9497627868557246,0.9518149044642862,0.961405328111582,0.9712429281005394,0.9713213222442281,0.9310619805844735,0.9676046795875219,0.8505662233353464,0.7587891133057202,0.9314409701824733,0.934524143303835,0.7899071725812795,0.9501161654040142,0.9510428442155825,0.894677842098249,0.9713777893832666,0.8343961385937743,0.5861755951680654,0.7088772518407737,0.85649846