var element=document.getElementById("correlationClose");if(element.style.display!='none'){var correlationClose={"data":[{"type":"heatmap","z":[[1.0,0.9999914155146011,0.7289303167224512,0.9997699720507655,0.9983153740342906,1.0,0.9934277431773775,0.9906000277497876,0.9906000277497876,0.9938824195190797,0.9801800560466342,0.9887976002214638,0.9934583079477017,0.9934948478886382,0.6546184985186531,0.5468598381798865,0.19576565104286636,0.9941367942372841,0.994138562004049,0.9862308136230177,0.9934557752857458,0.3438291819866086,0.7887601354690845,0.9848529831384838,0.9848529831384838,0.9848363151062206,0.9822349095958436,0.29446593802555066,-0.14760743408913593,0.988876846544755,0.9888408082396359,0.2245009316400758,-0.24303454216655762,0.9951769271135195,0.9954095907890871,0.8737949982958126,-0.3293898170311332,0.9917811238004178,0.9955506746133586,0.6281253442261465,0.1760307943060333,0.9952900957735541,0.9952916192458182,0.9952900957735541,0.9187727921991414,0.6688676543361881,0.942655537632393,0.944964125084917,0.8764054479728505,0.39118714967179613,-0.19405982564679847,0.2467825135653406,0.9562456594858383,0.3545233574871738,0.9757211594655952,0.9733488539430388,0.9822050438530336,0.9889666342452393,0.9427436267338439,0.9540438172390843,0.9531037490974754,0.9446892924473401,0.9504711519641644,0.9510950399236527,0.9504711519641644,0.910653573822088,0.9312226789007301,0.9320447220486154,0.9312226789007301,0.9402125737793886,0.8273196868306658,0.914028403975821,0.9152255378426806,0.914028403975821,0.765405720449148,0.47077068298009345,0.7584224731541955,-0.5022496043524276,0.665564313457422,0.671249960439823,0.671975993273567,0.671249960439823,-0.05202586881102951,0.9282538576081346,0.9563275717612373,0.943619805565023,0.9440464444744189,0.21028405569581765,0.9225328951716644,0.9230814299122612,0.9225328951716644,0.9254380460988086,0.9254380460988086,-0.10119866535360499,0.6098444384147045,0.11733668542741185,-0.7364588462817019,-0.6161872856612257,-0.619955206001119,-0.18475474946165396,0.16322774837147885,0.17075442013418696,-0.06875970794718053,-0.6241787594127043,-0.06443946172140576,-0.7968821068082965,-0.3326395919683882,0.18995408102479,0.1921125995325511,-0.5931968087473236,-0.5621583444001638,-0.31993922709136674,-0.5363944124401039,-0.8058497743224763,-0.44252859022417346,-0.4359500044636107,-0.44252859022417346,-0.2703626343888066,-0.3970618677096117,-0.3970618677096117,-0.7944225053948321,-0.7944225053948321,0.5327092403285326,0.6403012690600927,0.847152802318497,0.8452644537708994,0.758688932783241,-0.3626295694612841,0.7495774185467966,0.7685949105453778,0.7686808202034872,0.7685949105453778,-0.13676656084154992],[0.9999914155146011,1.0,0.98556485317666,0.9996123656628213,0.9965132320446054,0.9999914155146011,0.9873167874010733,0.9832176037906378,0.9832176037906378,0.9872695083465698,0.9785986057229672,0.9879244953386581,0.9873484830252648,0.9872159795400848,-0.08850590679650552,-0.18183086546609267,-0.49519675106549754,0.9898777813112479,0.9898796954345013,0.9873805376822244,0.9873884068098704,-0.22269469021406757,0.9834809320958156,0.9844065925724964,0.9844065925724964,0.9844261839625156,0.9823928743044296,0.06901425341008052,0.08742418048666967,0.9843466670676924,0.9843915194398204,0.6448350426817456,-0.0031439385418142937,0.9918645063858581,0.9918629150805871,0.9923987044588066,0.9881332859678305,0.9911471262107934,0.9919732730068772,-0.13795340777548656,-0.4989934009284952,0.9924138813878979,0.9924160138198667,0.9924138813878979,0.9187636712649805,0.5297924727478643,0.9428977161825601,0.9450672322978476,0.8760375748658026,-0.14600493090826536,-0.4414377782349026,0.87303687173478,0.9130316004919924,-0.25325435172822136,0.9491921839313539,0.949312619560523,0.9692889074435126,0.9794960002519423,0.9640751400647087,0.9683984840230304,0.9563850685183879,0.9583191105126166,0.9586313866069732,0.9589076474229636,0.9586313866069732,0.8977477224618146,0.8732804381034833,0.8742386002363962,0.8732804381034833,0.9649373334000131,0.9670880817271945,0.9650313061675565,0.9656531762718369,0.9650313061675565,0.740366276821592,0.7048725855239576,0.7664360246298326,0.8107261967949497,0.7390667013026554,0.7575621726318373,0.7586628514655224,0.7575621726318373,-0.01346782530917314,0.9391597599029596,0.9539524287130289,0.9492556459376972,0.967761832210345,-0.34209941542208266,0.9365460926348455,0.9366586778428359,0.9365460926348455,0.9410477404944851,0.9410477404944851,-0.18150149950572214,0.6104111181656688,-0.38255807083988497,-0.8163671963352881,-0.4794544143557873,-0.48371271552068457,-0.41436327803515277,0.2883983911282328,-0.28676901739453253,-0.5382416419759914,-0.7741357254406096,-0.38660071427392667,-0.46577485854104966,-0.45292626318799734,0.15796513125098838,0.15612416837695833,-0.4953517090349459,-0.4676747869925838,-0.4957428243227671,-0.5275782861780851,-0.5189363880954114,-0.4978350499197061,-0.5013063548326401,-0.4978350499197061,-0.3964768630681522,-0.5645462883270758,-0.5645462883270758,-0.5305197723264011,-0.5305197723264011,0.532646383827486,0.3914594743767337,0.5291944441039145,0.6637914608208055,0.5458191327058016,-0.44284899581454734,0.4410367161263941,0.334141930878505,0.33438113691040783,0.334141930878505,0.2355829589641591],[0.7289303167224512,0.98556485317666,1.0,0.7269715880957841,0.6792533794648704,0.7289303167224512,0.7056577952823058,0.6998723096548846,0.6998723096548846,0.6700554005434047,0.6479083032638099,0.9947585727813686,0.705681053038862,0.7057516729233919,0.33663391536329434,0.2746377807677637,-0.2533419519222691,0.6757749504393039,0.6757780988907994,0.6487820355614501,0.7053896802376257,0.13229280415348313,0.8379798335177897,0.6938627554289116,0.6938627554289116,0.6936640284755721,0.990721354312666,0.266926688329433,0.07034281921683438,0.6605259809641759,0.6602042333767154,0.5625157872706562,-0.09042166560300878,0.700742946773483,0.6617516522888595,0.6627279604560312,0.2704133166776632,0.9936367437658562,0.6614305203015661,0.3168285367875812,-0.26346195761725905,0.7179839479171718,0.6994223319704189,0.7179839479171718,0.9160838124016971,0.45004409178956545,0.9519980848708336,0.9367709809868718,0.8023892557356819,0.25321692692626174,-0.0883881901596986,0.06350180703110613,0.6173661338253349,-0.06890655597081813,0.6453097926964119,0.6330092745185385,0.6450956407119942,0.609855672652521,0.06117975931867942,0.8471639565130408,0.7864026452599904,0.726108788685946,0.7916884120682686,0.8003345422371265,0.7916884120682686,0.6442370911225047,0.7238757424148751,0.7538796832894926,0.7238757424148751,0.7685889810414441,0.7164572300762344,0.7696167089122308,0.7997451571225401,0.7696167089122308,0.5655219235270991,-0.07546066314725187,0.5770249758746947,0.08264238830159028,0.5294212861004495,0.2765423572050208,0.5663419642848971,0.2765423572050208,-0.09148407516035288,0.712144775178614,0.913842095479848,0.7675840901209567,0.8032195294567837,-0.10423827376782292,0.7389865927515856,0.7393680163900697,0.7389865927515856,0.7776693462434437,0.7776693462434437,-0.19187299184549736,0.7013341445517265,-0.17218721042155366,-0.7562895311335336,-0.48388849458038186,-0.4876499481962256,-0.44612891595793935,0.14293877123653898,0.0133944995778975,-0.3831423867051002,-0.7361885185969151,-0.19604636387430588,-0.3693963404513462,-0.31273798551743165,0.08651245648845263,0.08615396353440218,-0.5183077538449741,-0.10705211689604072,-0.2930270440553743,-0.535160855692765,-0.2557736158295423,-0.4406003778679015,-0.3277133207340465,-0.4406003778679015,-0.44355997080058435,-0.5731352306851346,-0.5731352306851346,-0.3436588197609678,-0.3436588197609678,0.48967771553082223,0.26258324973594815,0.32077879587959557,0.5608278400509403,0.3521081626181582,-0.4094312931401927,0.016749136290585404,0.4739647309026458,0.5639141615118514,0.4739647309026458,0.0325366347860618],[0.9997699720507655,0.9996123656628213,0.7269715880957841,1.0,0.9990248527568825,0.9997699720507653,0.9943990175123744,0.9919687633467449,0.9919687633467449,0.9950409410014637,0.9787332573006394,0.9912721297889452,0.9944210099059835,0.9944372062139799,0.6536804310620926,0.5454066164511362,0.18199462417766787,0.9949461286850989,0.9949482682088343,0.9862193984730372,0.9944099126051958,0.33547827378317124,0.7927883878112231,0.986993146535158,0.986993146535158,0.9869755844371925,0.9863697822814569,0.29024743380262547,-0.15314967842105365,0.9880567374133364,0.9880274974217538,0.21669737012025658,-0.24339659296924535,0.9955153701462344,0.9959443955961546,0.8457046853302236,-0.3331561018114089,0.9935653809341826,0.9962750573360936,0.6266709778550611,0.16202131287311233,0.9938631639340957,0.9955534408213021,0.9938631639340957,0.9170842831659081,0.6581007826265305,0.9445517795397184,0.9423493392043939,0.8642414953079187,0.3870694030977296,-0.19795193221161428,0.24250003498863004,0.9517901250595819,0.34007067129013374,0.9716327101203692,0.9708622153517741,0.9802233888008007,0.9886283228231023,0.9274191309075048,0.9499174957473767,0.9442051764306428,0.9421474492210753,0.9388380319842407,0.9396516599985452,0.9388380319842407,0.9053451711128093,0.9232065975482954,0.9241096952089255,0.9232065975482954,0.9380036508091234,0.7827085617579809,0.885382024163524,0.8866670738666941,0.885382024163524,0.7604367475877948,0.21484077847589844,0.7521483181165874,-0.5070833688844579,0.6624716915083384,0.41098227369984325,0.6470199627342308,0.41098227369984325,-0.05714450250265638,0.9250104104092212,0.9520203556713602,0.9387923730660563,0.9270986799309733,0.19714182848165296,0.9198684037654987,0.9205287203726893,0.9198684037654987,0.9120802054610686,0.9120802054610686,-0.10508325780252362,0.6255026840041911,0.1225100881950901,-0.7443284225853963,-0.6218446347582745,-0.625545206053484,-0.1950912106218246,0.159531440770309,0.1651011753058616,-0.08052111123806083,-0.6338391515520502,-0.06942016265520094,-0.8013476611208208,-0.33915335365984706,0.18158053387936854,0.18380017803832352,-0.5986260927417394,-0.5590517022855529,-0.3198851288441016,-0.5447623872117532,-0.8066093276038181,-0.44287428060335765,-0.43682342180690215,-0.44287428060335765,-0.2772684261758067,-0.4048703284559617,-0.4048703284559617,-0.7935001124859091,-0.7935001124859091,0.5249603426876839,0.6306537296727825,0.8397307380334997,0.8382815730923228,0.7525599784086929,-0.37359538196222725,0.7413282269466758,0.760290707501519,0.7603813146328199,0.760290707501519,-0.12263316231043482],[0.9983153740342906,0.9965132320446054,0.6792533794648704,0.9990248527568825,1.0,0.9983153740342906,0.9974874439944411,0.9963737757389257,0.9963737757389257,0.9977051698033963,0.9736257123361084,0.9968930804861702,0.9975037666375699,0.9975228150456602,0.5250698304910532,0.3906868898768672,-0.023142086755384154,0.9978218946410723,0.997823947859333,0.9888525549249707,0.9974920072330029,-0.02245579312372486,0.7828839017277941,0.9936075490355716,0.9936075490355716,0.9935742275645728,0.9920354265524707,0.07104587802402644,-0.13648110367563387,0.9873695640582085,0.9873005403423452,-0.07305496436270027,-0.1538916425395544,0.9978553641627129,0.9977740539405886,0.8437648961662341,-0.43989221780573595,0.997917452059463,0.9981320620213309,0.48382781828191485,-0.0469379600203031,0.9978102554474173,0.9978165167116301,0.9978102554474173,0.9276663305244506,0.6286319226723559,0.9499003246294452,0.9393658402629124,0.8447294960972772,-0.03157258121820622,-0.5801520137672922,-0.11073039775991514,0.9442307864016926,0.1986756594605154,0.9707466027850029,0.9708135291093131,0.9840455744113589,0.9894645303350198,0.9275311581785051,0.9351099011811794,0.935064163128649,0.9315893751750598,0.9334884628617283,0.9338912173556535,0.9334884628617283,0.8857703920117175,0.8889788343763845,0.8899983993593972,0.8889788343763845,0.9286596594405251,0.8607484322858747,0.9120128837038075,0.9127794354037803,0.9120128837038075,0.7293912488299498,0.6439200779726058,0.7236866589603581,-0.5008014240760411,0.706386877832504,0.6912823181647143,0.6914154510456582,0.6912823181647143,-0.058280889706605984,0.9103716060768906,0.9331017575782727,0.9207899390412378,0.9340793855708341,0.04429544062950043,0.9087372702375688,0.9096537291268431,0.9087372702375688,0.9127885306715139,0.9127885306715139,-0.138878146324292,0.6669481162452215,-0.022448657405996324,-0.7673113191887452,-0.661262789477608,-0.6624876837672001,-0.2209548352625247,0.18268097113176437,-0.2139623497991402,-0.3153422117237249,-0.690063796425867,-0.4115339446841774,-0.8348513717038494,-0.5924598438965637,0.15457399816847373,0.1566806049178701,-0.6204774056789468,-0.5566764109785733,-0.5721461267325749,-0.5784257748627302,-0.7593020171789111,-0.6186770805353079,-0.6219639136149963,-0.6186770805353079,-0.30912497378395026,-0.43214801496612804,-0.43214801496612804,-0.7312597074228393,-0.7312597074228393,0.5115137514419253,0.6175098008742953,0.8065723637313562,0.8151381271229189,0.7471868884698188,-0.4891053362146991,0.635580128879385,0.6682318819440792,0.6684505610812639,0.6682318819440792,0.1033129357348651],[1.0,0.9999914155146011,0.7289303167224512,0.9997699720507653,0.9983153740342906,1.0,0.9934277431773775,0.9906000277497876,0.9906000277497876,0.9938824195190797,0.9801800560466342,0.9887976002214638,0.9934583079477017,0.9934948478886382,0.6546184985186531,0.5468598381798865,0.19576565104286636,0.9941367942372841,0.994138562004049,0.9862308136230177,0.9934557752857458,0.3438291819866086,0.7887601354690845,0.9848529831384838,0.9848529831384838,0.9848363151062206,0.9822349095958436,0.29446593802555066,-0.14760743408913593,0.988876846544755,0.9888408082396359,0.2245009316400758,-0.24303454216655762,0.9951769271135195,0.9954095907890871,0.8737949982958126,-0.3293898170311332,0.9917811238004178,0.9955506746133586,0.6281253442261465,0.1760307943060333,0.9952900957735541,0.9952916192458182,0.9952900957735541,0.9187727921991414,0.6688676543361881,0.942655537632393,0.944964125084917,0.8764054479728505,0.39118714967179613,-0.19405982564679847,0.2467825135653406,0.9562456594858383,0.3545233574871738,0.9757211594655952,0.9733488539430388,0.9822050438530336,0.9889666342452393,0.9427436267338439,0.9540438172390843,0.9531037490974754,0.9446892924473401,0.9504711519641644,0.9510950399236527,0.9504711519641644,0.910653573822088,0.9312226789007301,0.9320447220486154,0.9312226789007301,0.9402125737793886,0.8273196868306658,0.914028403975821,0.9152255378426806,0.914028403975821,0.765405720449148,0.47077068298009345,0.7584224731541955,-0.5022496043524276,0.665564313457422,0.671249960439823,0.671975993273567,0.671249960439823,-0.05202586881102951,0.9282538576081346,0.9563275717612373,0.943619805565023,0.9440464444744189,0.21028405569581765,0.9225328951716644,0.9230814299122612,0.9225328951716644,0.9254380460988086,0.9254380460988086,-0.10119866535360499,0.6098444384147045,0.11733668542741185,-0.7364588462817019,-0.6161872856612257,-0.619955206001119,-0.18475474946165396,0.16322774837147885,0.17075442013418696,-0.06875970794718053,-0.6241787594127043,-0.06443946172140576,-0.7968821068082965,-0.3326395919683882,0.18995408102479,0.1921125995325511,-0.5931968087473236,-0.5621583444001638,-0.31993922709136674,-0.5363944124401039,-0.8058497743224763,-0.44252859022417346,-0.4359500044636107,-0.44252859022417346,-0.2703626343888066,-0.3970618677096117,-0.3970618677096117,-0.7944225053948321,-0.7944225053948321,0.5327092403285326,0.6403012690600927,0.847152802318497,0.8452644537708994,0.758688932783241,-0.3626295694612841,0.7495774185467966,0.7685949105453778,0.7686808202034872,0.7685949105453778,-0.13676656084154992],[0.9934277431773775,0.9873167874010733,0.7056577952823058,0.9943990175123744,0.9974874439944411,0.9934277431773775,1.0,0.997826230655142,0.997826230655142,0.9999734944981674,0.9692285863771755,0.9997460792091541,0.9999969642317567,0.9999941451058463,0.7671913641139847,0.7479069869581858,0.15881148989126403,0.9998807186625288,0.9998812856927137,0.9912476074902907,0.9999971504746646,0.2656752203594158,0.7847582039299967,0.9869656973741524,0.9869656973741524,0.988590283936152,0.9926351992463206,0.22928761536965636,-0.2002194293573728,0.9914402599434875,0.9915859603072869,0.1351601765573433,-0.2822604025517009,0.999417151876492,0.9995407924122711,0.510232761382318,-0.28391131267671077,0.9992801554985575,0.9995267735280896,0.7388494952079222,0.13758197917025317,0.9519451148697402,0.9992009920969348,0.9519451148697402,0.9344226595834251,0.6359053484221322,0.9555475426822883,0.9382659224627423,0.8175168739567399,0.42884170666752236,-0.13464126566536716,-0.16252949610939296,0.9417634410621463,0.31614721059923495,0.9707129012861283,0.9688429991831092,0.9818455848710097,0.9951644719796274,0.030113347133907096,0.9035563195903802,0.8649625386120096,0.9036092917787694,0.8605740589672772,0.828307683152898,0.8605740589672772,0.8548022613617168,0.8335030725800392,0.8246197212874017,0.8335030725800392,0.9002589977542523,0.47774838092445726,0.6619198159210627,0.7065234021975753,0.6619198159210627,0.6992766122266294,-0.3135584001751756,0.6818255280814793,-0.5764126635714655,0.6004984423700149,-0.040735402293437854,0.5259941317589418,-0.040735402293437854,-0.0979130623673899,0.8793894918741385,0.9033634286119169,0.8898987430571101,0.8035670074557649,0.17122193007917963,0.8768242592124513,0.877804085934999,0.8768242592124513,0.8127453901442585,0.8127453901442585,-0.17147178242100977,0.7037670651041903,0.20969458436588256,-0.7439575257491403,-0.6576388164838497,-0.6609313507521188,-0.22872428677175674,0.1130401988690939,0.2945032845277902,-0.1005106145183975,-0.6378624205838128,0.002790195042401576,-0.828618458250703,-0.2330208033354821,0.12274687828396533,0.1250061481072063,-0.6371054803641528,-0.5753277954872393,-0.15286559310506112,-0.6098696223505807,-0.8247379342539124,-0.4312479277584698,-0.2723859487399426,-0.4312479277584698,-0.3354774046759871,-0.43763161802377204,-0.43763161802377204,-0.8167185900167034,-0.8167185900167034,0.5093383236463529,0.6057361160341069,0.5252702829881721,0.8139823659153139,0.7462031437875492,-0.4166159680436175,0.08820462797661091,0.7438567692007947,0.7614281825324506,0.7438567692007947,-0.0676196418497079],[0.9906000277497876,0.9832176037906378,0.6998723096548846,0.9919687633467449,0.9963737757389257,0.9906000277497876,0.997826230655142,1.0,1.0,0.999643407816187,0.9640209825233078,0.9990240503682168,0.9985070044625324,0.9992816519562556,0.7634530660783241,0.7342354631818858,0.13792422739580537,0.9993010274812614,0.9993039435749528,0.9889693343332358,0.9993960003071419,0.24159932124198538,0.7872909610555275,0.9933773582182207,0.9933773582182207,0.9871407056474998,0.9907629356880311,0.21277517186772782,-0.2122495048149662,0.9878687675079724,0.9912898169191796,0.11755150846354434,-0.2878262760590261,0.9985143570837269,0.9985516498128194,0.49598379924197916,-0.28927879496943265,0.9978854260868537,0.9985543555248727,0.7351391965617986,0.11638511267944322,0.9459811213556675,0.9983560726168479,0.9459811213556675,0.9327714618541769,0.6225832728507668,0.9561465917433657,0.9375125899458532,0.8029915758530694,0.41712010315687165,-0.14815714822135823,-0.17327883484141232,0.9350171526097725,0.29713326159763587,0.9665680164221785,0.9645635592469007,0.9775559162705306,0.9940757074189783,0.022313807027548344,0.8967716779159461,0.8541258530164885,0.898337208352686,0.850719628799166,0.8189531716050559,0.850719628799166,0.8467879545857459,0.8208500656647844,0.8146184399594918,0.8208500656647844,0.8950651195962913,0.46294935807937465,0.6467707723319185,0.6937233942524337,0.6467707723319185,0.6918937021995124,-0.32580693259199384,0.6728704165868516,-0.581432841237476,0.5960500036653759,-0.05938664748725857,0.513844407880352,-0.05938664748725857,-0.1028141678014117,0.8735020803021115,0.8955310455723162,0.8825374435476818,0.7918736780378172,0.15413900711576284,0.8715515517709507,0.8726969337364262,0.8715515517709507,0.8009475418207422,0.8009475418207422,-0.183818054823915,0.7217936550454606,0.21526096757376237,-0.7522174863013262,-0.6681747720151394,-0.6713236897951446,-0.2417938523775258,0.10702880409875382,0.2874424006225714,-0.11843033495547842,-0.648858219451759,-0.006252893386941064,-0.8328208510297459,-0.23933304698561278,0.10975363494453508,0.1120544814925125,-0.6466510085029673,-0.5757651796883015,-0.15948019552083487,-0.6232909101541015,-0.8232243314053856,-0.441440583122119,-0.27831853829979636,-0.441440583122119,-0.3501560612901505,-0.4492203726379044,-0.4492203726379044,-0.8137727269748155,-0.8137727269748155,0.4960605703708448,0.5912779478325161,0.5085774577937753,0.7981528029387478,0.735287407165608,-0.4352698148422715,0.0758723795048334,0.7262566853856344,0.7467041940785402,0.7262566853856344,-0.051322989744057905],[0.9906000277497876,0.9832176037906378,0.6998723096548846,0.9919687633467449,0.9963737757389257,0.9906000277497876,0.997826230655142,1.0,1.0,0.999643407816187,0.9640209825233078,0.9990240503682168,0.9985070044625324,0.9992816519562556,0.7634530660783241,0.7342354631818858,0.13792422739580537,0.9993010274812614,0.9993039435749528,0.9889693343332358,0.9993960003071419,0.24159932124198538,0.7872909610555275,0.9933773582182207,0.9933773582182207,0.9871407056474998,0.9907629356880311,0.21277517186772782,-0.2122495048149662,0.9878687675079724,0.9912898169191796,0.11755150846354434,-0.2878262760590261,0.9985143570837269,0.9985516498128194,0.49598379924197916,-0.28927879496943265,0.9978854260868537,0.9985543555248727,0.7351391965617986,0.11638511267944322,0.9459811213556675,0.9983560726168479,0.9459811213556675,0.9327714618541769,0.6225832728507668,0.9561465917433657,0.9375125899458532,0.8029915758530694,0.41712010315687165,-0.14815714822135823,-0.17327883484141232,0.9350171526097725,0.29713326159763587,0.9665680164221785,0.9645635592469007,0.9775559162705306,0.9940757074189783,0.022313807027548344,0.8967716779159461,0.8541258530164885,0.898337208352686,0.850719628799166,0.8189531716050559,0.850719628799166,0.8467879545857459,0.8208500656647844,0.8146184399594918,0.8208500656647844,0.8950651195962913,0.46294935807937465,0.6467707723319185,0.6937233942524337,0.6467707723319185,0.6918937021995124,-0.32580693259199384,0.6728704165868516,-0.581432841237476,0.5960500036653759,-0.05938664748725857,0.513844407880352,-0.05938664748725857,-0.1028141678014117,0.8735020803021115,0.8955310455723162,0.8825374435476818,0.7918736780378172,0.15413900711576284,0.8715515517709507,0.8726969337364262,0.8715515517709507,0.8009475418207422,0.8009475418207422,-0.183818054823915,0.7217936550454606,0.21526096757376237,-0.7522174863013262,-0.6681747720151394,-0.6713236897951446,-0.2417938523775258,0.10702880409875382,0.2874424006225714,-0.11843033495547842,-0.648858219451759,-0.006252893386941064,-0.8328208510297459,-0.23933304698561278,0.10975363494453508,0.1120544814925125,-0.6466510085029673,-0.5757651796883015,-0.15948019552083487,-0.6232909101541015,-0.8232243314053856,-0.441440583122119,-0.27831853829979636,-0.441440583122119,-0.3501560612901505,-0.4492203726379044,-0.4492203726379044,-0.8137727269748155,-0.8137727269748155,0.4960605703708448,0.5912779478325161,0.5085774577937753,0.7981528029387478,0.735287407165608,-0.4352698148422715,0.0758723795048334,0.7262566853856344,0.7467041940785402,0.7262566853856344,-0.051322989744057905],[0.9938824195190797,0.9872695083465698,0.6700554005434047,0.9950409410014637,0.9977051698033963,0.9938824195190797,0.9999734944981674,0.999643407816187,0.999643407816187,1.0,0.9684230482970703,0.9997151039287009,0.9999742757983424,0.9999766281755282,0.580838239926221,0.4500773196793777,0.03614996830936412,0.9998421406762722,0.9998431642132108,0.9912037884691763,0.9999718765927644,0.035315065677528346,0.7710141616218303,0.9957358213740073,0.9957358213740073,0.9957023889066202,0.9925987316307863,0.0599092589265118,-0.14466407976903017,0.9911045278942381,0.9910633706201752,-0.05062685130627503,-0.2462012629535899,0.9994821968139849,0.9994417202951227,0.8454925070974809,-0.44251614411250983,0.9992334153929359,0.9995014287673766,0.5417197534183855,0.012398637087695582,0.9993706824919898,0.999375749936788,0.9993706824919898,0.9343521545402674,0.6362505699703292,0.9555502916324834,0.9381929261854269,0.8172554350432483,0.05920057180947068,-0.5386809582107117,-0.07345195864159815,0.9389885282859108,0.2614363492051448,0.969037131712909,0.9688094800073035,0.9843019912745705,0.9944611575528818,0.9054077865562652,0.9046028395086426,0.9139754341734726,0.904893572901298,0.9123260148935881,0.9128214892691413,0.9123260148935881,0.8551952889452223,0.8718352343214087,0.872920822507034,0.8718352343214087,0.9018244608327223,0.829131137754794,0.8875604538177398,0.8884559108587006,0.8875604538177398,0.6997819624385724,0.5836431417103561,0.6827203549553852,-0.5622331574303588,0.6487928691348978,0.6234896737338395,0.6234780975248929,0.6234896737338395,-0.04508807317668341,0.8806429184872019,0.9035650064951218,0.890598262942738,0.9124837228657636,0.0840947275743902,0.8818858595103923,0.8833148283330441,0.8818858595103923,0.886088143982834,0.886088143982834,-0.17286169380164926,0.7043600963111883,0.0056992398922031656,-0.7552647823348598,-0.6874679709530797,-0.6890818821520764,-0.2320612506967886,0.11717891271766961,-0.21763323061831363,-0.28116586312334635,-0.6727979804239459,-0.43632121454373585,-0.856497097301237,-0.624017210590137,0.12242875933604612,0.12466627786787084,-0.6383556020441953,-0.5713513553521992,-0.5824968931854924,-0.6111225793517219,-0.7872075319672189,-0.6413430069915272,-0.6438732191683348,-0.6413430069915272,-0.33749568477466985,-0.44107379461041846,-0.44107379461041846,-0.7688743115866182,-0.7688743115866182,0.5098411271007256,0.6041563401612882,0.8170307838161739,0.8234019438309244,0.744306424572364,-0.44236397277024386,0.661771549588529,0.6923050947351836,0.6924966792101697,0.6923050947351836,0.16897299272803337],[0.9801800560466342,0.9785986057229672,0.6479083032638099,0.9787332573006394,0.9736257123361084,0.9801800560466342,0.9692285863771755,0.9640209825233078,0.9640209825233078,0.9684230482970703,1.0,0.9591012200654155,0.9692461809054485,0.969027805669922,0.31294704686705244,0.1850995482934713,-0.20137567199463516,0.9726671822493808,0.9726510153809111,0.9693318582071525,0.9693255727189033,-0.064256391070346,0.8084123595919656,0.9703415706088852,0.9703415706088852,0.9704800835252596,0.9303556867566923,0.14691782676745252,-0.13230053394384828,0.9740061007807915,0.9740899308758808,0.08576196248259739,-0.03844976363014895,0.9754725491982407,0.9756625582679493,0.9090394126131036,-0.3039930896413532,0.965384547881239,0.9748612492964037,0.2674218560003141,-0.2202878683141941,0.9763407573636754,0.9763154989465851,0.9763407573636754,0.8645651497447696,0.45746552606096164,0.8899554200281697,0.9326904167353424,0.8976237385446828,-0.42359086874872043,-0.6556820945758777,-0.13043885137738145,0.9134316711958287,-0.050246794599612524,0.9357115843774607,0.9357641711700941,0.9502379613075262,0.9719673224227667,0.9086278208400131,0.912671078047694,0.9169907798038863,0.9111990890147953,0.911208458757834,0.9116395689904,0.911208458757834,0.8765849825778625,0.8489887053337295,0.8500290703033171,0.8489887053337295,0.9079664019419258,0.9191060450730236,0.9063372138952811,0.9067249778769094,0.9063372138952811,0.7690700306708909,0.719564861018609,0.77002128530972,-0.1949550570549717,0.778358533630528,0.7912235639064273,0.7930642320090563,0.7912235639064273,-0.18458190262296773,0.9061172601968505,0.949481360524603,0.9176751343432594,0.9185867585689532,-0.07921560153468413,0.9011023326543632,0.9017519376872053,0.9011023326543632,0.9066634224320581,0.9066634224320581,0.01935280871554477,0.463871040652715,-0.16715074733007135,-0.7064082457051151,-0.4709377995743454,-0.47380236062190423,-0.11845123465676742,0.4375014556903833,-0.025101830300881194,-0.2583808753973991,-0.6097500715348269,-0.15495222729920857,-0.7794466100584153,-0.31871100466116,0.3098181138716166,0.31030331192074817,-0.43879637374770825,-0.428628196573344,-0.41007650799287204,-0.42278652189195914,-0.6444719498589119,-0.42828345087146186,-0.4309117845233451,-0.42828345087146186,-0.17881474820119955,-0.4843072782084431,-0.4843072782084431,-0.5426102274506501,-0.5426102274506501,0.6248589653245797,0.6575255756623876,0.7634200943217923,0.7371573178223136,0.8126232971862043,-0.5235429265938988,0.46388722469681665,0.547010126111358,0.5473658131019833,0.547010126111358,-0.07651281902906383],[0.9887976002214638,0.9879244953386581,0.9947585727813686,0.9912721297889452,0.9968930804861702,0.9887976002214638,0.9997460792091541,0.9990240503682168,0.9990240503682168,0.9997151039287009,0.9591012200654155,1.0,0.999744675548797,0.9997208785507395,0.03137267961041571,-0.07415446007121113,-0.5611424431235672,0.9998429892084686,0.9998445383024696,0.9997482895155292,0.9997476117819478,-0.30441382203496087,0.9752326717326292,0.9951348525697258,0.9951348525697258,0.995119806972514,0.993810914905163,0.06487139370083499,0.056731039183303245,0.993295952612458,0.9933457217226995,0.714078372170781,-0.07247847746084023,0.999260852215474,0.9992298345970851,0.9991214546219293,0.9995232512562182,0.999546301007966,0.999281538461726,-0.02525525253013591,-0.5679632049289842,0.9990872540797389,0.9990922282577733,0.9990872540797389,0.9300099910731353,0.4938444763575496,0.9519417465441625,0.9347387401055169,0.8169677140366567,-0.28327164718825426,-0.5591924123586439,0.8552401801859237,0.8821288747696148,-0.33661137685816794,0.9465930594278292,0.9467629349505611,0.975825742169244,0.9942597542712186,0.9215684500720577,0.9259062025534283,0.9060128663219407,0.9114102629330902,0.9094742166025555,0.9098672904131825,0.9094742166025555,0.8290019959883717,0.799020954797299,0.8002554669234153,0.799020954797299,0.9272071362747962,0.9316866329793879,0.9263074879828629,0.9270453683367863,0.9263074879828629,0.6488699626136795,0.6054883821000274,0.674889964909662,0.733637430376131,0.6534756933263485,0.6766151968826598,0.6785615423718498,0.6766151968826598,-0.18576816947131414,0.8816909621408406,0.9047039269858826,0.8965839187472471,0.9269634618494623,-0.3630615746347517,0.8781880287123789,0.8783535808031541,0.8781880287123789,0.8845526328427947,0.8845526328427947,-0.2225341853276687,0.6991300762421973,-0.40455971570537896,-0.8314755110324186,-0.548528447774356,-0.5518924358689066,-0.452124831913363,0.25093650135856493,-0.3202565133773815,-0.5667323432811593,-0.7939672200075191,-0.4255247000759211,-0.5793311927445038,-0.5018105606052968,0.11466689699702078,0.11314918071001312,-0.5621247086361401,-0.5382237442754848,-0.5598490227323085,-0.5960047377432491,-0.588645048853116,-0.5630418557722683,-0.5663520707790076,-0.5630418557722683,-0.45902875394129616,-0.647267212484395,-0.647267212484395,-0.6354511103492125,-0.6354511103492125,0.5055982638544823,0.3692754669348806,0.5113476944055515,0.6384541767394295,0.5500849696835972,-0.5694161651611426,0.38594024783408964,0.31351571982731974,0.31379032596218936,0.31351571982731974,0.2997479495132828],[0.9934583079477017,0.9873484830252648,0.705681053038862,0.9944210099059835,0.9975037666375699,0.9934583079477017,0.9999969642317567,0.9985070044625324,0.9985070044625324,0.9999742757983424,0.9692461809054485,0.999744675548797,1.0,0.9999957165816978,0.7671739949313773,0.7313792042366122,0.1588469485767733,0.9998819026733268,0.9998823620359095,0.991274427029733,0.9999976464612619,0.265950633131715,0.7848166423999116,0.9917099313243101,0.9917099313243101,0.9885848697654888,0.9926347911112192,0.22952044417317471,-0.2001654448381056,0.9915025467916166,0.9915914615532364,0.13536286237230585,-0.2822327137292189,0.9994180585517959,0.9995425374565261,0.5102141412012307,-0.28371957886087434,0.9992794470368718,0.9995319489203707,0.7388173972666414,0.13762299357017885,0.9519338639484057,0.9992023353314541,0.9519338639484057,0.9344102923497078,0.6360134219929551,0.9555876454305031,0.9382986215957319,0.8175695097431886,0.42917527827837854,-0.13425291679080076,-0.16220512283731472,0.9418124660522227,0.31619370480519415,0.970781873757548,0.9688791106648832,0.9819133743817385,0.9951743073814202,0.030282917164030223,0.9036639445492761,0.8650364885168028,0.9037073192400208,0.8606458569277445,0.8282652161150547,0.8606458569277445,0.8548903718629534,0.8335456623837637,0.8245754070167469,0.8335456623837637,0.9003788888606643,0.47765148186826856,0.6619237122269448,0.7064552421420465,0.6619237122269448,0.6992768205653412,-0.31357287654074706,0.6818469229992572,-0.5763164761327283,0.6004391446932753,-0.04084721588454731,0.5260252000215615,-0.04084721588454731,-0.09803424877711772,0.8794661575605501,0.9034582185593453,0.8899784636468417,0.8035612201392791,0.1712637052752695,0.8768991354854333,0.8778751613810201,0.8768991354854333,0.8127988265643081,0.8127988265643081,-0.17141498468204006,0.7037505722683915,0.2097908757486351,-0.7439946965751848,-0.6575630152857471,-0.6608600433915227,-0.22879990045202583,0.11294755318064201,0.2946521488194685,-0.10050743024324306,-0.6379187352166609,0.0030179077177921745,-0.8283943825244534,-0.23276864113748708,0.12282505455667678,0.12509725262980978,-0.6370854348902502,-0.5751336122147134,-0.152654547962047,-0.6098281168250745,-0.8246429444453015,-0.43105812184203984,-0.2722124233498536,-0.43105812184203984,-0.33533682923039,-0.4376077576272661,-0.4376077576272661,-0.8166684227596208,-0.8166684227596208,0.5096779031227006,0.6058325121690449,0.5254814200261425,0.8141923565998915,0.7462412269980357,-0.4164383134886412,0.08845315173261148,0.7440720931943039,0.7615238890601629,0.7440720931943039,-0.06765078873176361],[0.9934948478886382,0.9872159795400848,0.7057516729233919,0.9944372062139799,0.9975228150456602,0.9934948478886382,0.9999941451058463,0.9992816519562556,0.9992816519562556,0.9999766281755282,0.969027805669922,0.9997208785507395,0.9999957165816978,1.0,0.7535995289883685,0.6634280001207141,0.1590154271514638,0.9998848592356753,0.9998851957473329,0.9913896278192328,0.9999955256111027,0.266610496215307,0.7846468854655129,0.9946165634559468,0.9946165634559468,0.9945394009209321,0.992550581928102,0.22980102482433076,-0.2001882066970009,0.9924618301130517,0.9925013321266061,0.13607361243264415,-0.28207280769210474,0.9994598589149798,0.9995424356344963,0.5093331558432569,-0.2830727800236924,0.99924612770365,0.999533806345223,0.7351948119311786,0.1378104447667629,0.9515491999760362,0.9992486252409949,0.9515491999760362,0.9345896816463936,0.6365974903405583,0.9556277365012572,0.9383009271121869,0.8173182828540952,0.43039560212257644,-0.1328812648713261,-0.16244843677026027,0.9420878310141064,0.31645736698508914,0.9711280727861022,0.9691312144488367,0.982137611579197,0.9952203908344692,0.02933148211546469,0.9038590276838656,0.8649265272538826,0.9038702744898672,0.8605611836430939,0.8278521637660488,0.8605611836430939,0.8550389954652544,0.8334328673248217,0.8248236164722229,0.8334328673248217,0.9006112771964662,0.4770270205250682,0.6614761573544907,0.7064247200228497,0.6614761573544907,0.6991414241546333,-0.31465133965623016,0.6817959865190641,-0.5765454894507717,0.6001227831384273,-0.041761180298253514,0.5256962069257525,-0.041761180298253514,-0.09802487310070428,0.8795526162100061,0.9032585554119343,0.8900805201490852,0.7975429869241307,0.17164063473129726,0.876939008235284,0.8779066333830511,0.876939008235284,0.8126034149061295,0.8126034149061295,-0.17258863489752166,0.7044644864841176,0.21026028871513192,-0.743943783283454,-0.657878277589055,-0.6611790737794201,-0.22973380579695732,0.11191169159720007,0.29499168685740434,-0.10081670842973318,-0.6380412367275982,0.0031404181487199416,-0.8277427078664881,-0.23258820949599346,0.12199327207940672,0.12426534039736867,-0.6375991068863144,-0.5753150625652185,-0.1521120526889716,-0.6107823256362835,-0.8247006112690746,-0.4309924175105677,-0.27169665228132167,-0.4309924175105677,-0.33610081255165436,-0.437981219397609,-0.437981219397609,-0.8170169226860512,-0.8170169226860512,0.5097356338033944,0.6055422601972238,0.5250624079987966,0.814590122077642,0.7457721755595588,-0.41605429477903694,0.08786051777326949,0.7444844632288856,0.7621270496549405,0.7444844632288856,-0.06743217385973314],[0.6546184985186531,-0.08850590679650552,0.33663391536329434,0.6536804310620926,0.5250698304910532,0.6546184985186531,0.7671913641139847,0.7634530660783241,0.7634530660783241,0.580838239926221,0.31294704686705244,0.03137267961041571,0.7671739949313773,0.7535995289883685,1.0,0.9905181589439972,0.43408798693919093,0.7258236098626148,0.7257776733171637,0.6302957407348379,0.7518827476812944,0.33758771149856875,0.29001366749950475,0.7406196524657146,0.7406196524657146,0.7240112534566501,-0.3668900249049187,0.19307251081968635,-0.15382344175151216,0.8024670102149208,0.7985324696776357,0.16329532302010666,-0.2016944844087392,0.7609171798909901,0.6127940263291215,0.226732415414519,-0.31691578897525696,0.04494171451521482,0.570473061347468,0.9982671665063099,0.4175697646177024,0.6849556384842209,0.7603533041832802,0.6849556384842209,-0.01899012240972791,0.4821169184258167,-0.42487280478453593,-0.44656935439337503,-0.1365177020613104,0.3841581970272446,-0.051619990464329586,-0.2126687090518922,0.5978066395231125,0.39321787733287433,0.7647741022450106,0.6011756990553262,0.715149022405625,0.741027539740946,-0.1120655935787792,-0.03524540515241122,0.47895255824562694,0.3066437315636701,0.4675468830770946,0.5727802508971188,0.4675468830770946,0.17975335391624578,0.4695393562958777,0.5615721531262404,0.4695393562958777,0.21972591334816816,0.19558613303333894,0.33544732374600694,0.4580314029733025,0.33544732374600694,0.14704976654911414,-0.35588721983754495,0.08244664588602793,-0.6323876800394732,0.15185712267962811,-0.1506476873155335,0.2256450122789482,-0.1506476873155335,-0.1596359551628146,0.2542267615038621,-0.1848994084285196,0.026430802344205726,0.5767070751400805,0.42766142612110986,0.34010198909423967,0.34725063820435376,0.34010198909423967,0.42198647815455315,0.42198647815455315,-0.20575906377945832,-0.004405707927792446,0.24491068678890487,-0.1957296681549379,-0.4731668321120475,-0.47453704348753956,-0.006327179616035793,-0.06685731326672342,0.3534024267955082,0.15760464633585816,-0.10604861408786578,0.1285080013463532,-0.6898773362765815,-0.06634761993426662,-0.027482843515121178,-0.027616666428993415,-0.43874127307678223,-0.45121659792990065,-0.013905619223716284,-0.2613425073644387,-0.7310180471382509,-0.26252546864856824,-0.12690588784766707,-0.26252546864856824,-0.12296466146614295,-0.13876618272951666,-0.13876618272951666,-0.7266183417718752,-0.7266183417718752,-0.18351087461398083,0.3906464433172541,0.4470426446239461,0.6744258500314467,0.4666435639333684,-0.19824685841413514,0.04595299849217299,0.6908655830370982,0.7209980389604614,0.6908655830370982,-0.15951684729394663],[0.5468598381798865,-0.18183086546609267,0.2746377807677637,0.5454066164511362,0.3906868898768672,0.5468598381798865,0.7479069869581858,0.7342354631818858,0.7342354631818858,0.4500773196793777,0.1850995482934713,-0.07415446007121113,0.7313792042366122,0.6634280001207141,0.9905181589439972,1.0,0.44526961370897594,0.6247364241692137,0.6246809854950016,0.5046865036432747,0.6614390625734573,0.34391660867644563,0.19179800617000792,0.699340026209696,0.699340026209696,0.6312505052372948,-0.4302916970576427,0.19603021393115594,-0.11083937883887061,0.7838772323535564,0.7178418701338171,0.19015631498990973,-0.14638713543814183,0.6723191811030717,0.48581075120803224,0.18270360726641988,-0.2779877372715279,-0.06324632136740159,0.439108500184435,0.9924530869997347,0.4313403444968513,0.5982829001838078,0.6718229614796903,0.5982829001838078,-0.10619577768934368,0.41657415154990046,-0.47223379535406057,-0.4854191557605912,-0.2002503316039583,0.3493935137256564,-0.028715648249021106,-0.21560378021524718,0.48118516903926856,0.3651165692253248,0.6755177077979942,0.4784214891885814,0.6105854066198556,0.6360732413876887,-0.14144945204310852,-0.14402400322487421,0.390008316406353,0.18157398038155878,0.3774687643211468,0.5193160187161309,0.3774687643211468,0.05985832362610956,0.3836894171004055,0.5035390038772485,0.3836894171004055,0.09685580419656206,0.16920012940267706,0.2796468593075381,0.41976253999103513,0.2796468593075381,0.0457