var element=document.getElementById("correlationAdjClose");if(element.style.display!='none'){var correlationAdjClose={"data":[{"type":"heatmap","z":[[1.0,0.9999953972846031,0.9875858033333964,0.9999415962009182,0.9992338799511207,0.9814289438922384,0.997901718508107,0.9966460761846697,0.972162185713157,0.9967412709750165,0.995032296768485,0.9942857405555858,0.9967198985665557,0.996683389894956,0.9978991497510955,0.9982837318918558,0.9983469580978761,0.9970996359970916,0.9971112525700413,0.9970030892057564,0.9967022850496935,0.9892580137094636,0.9740198163692231,0.9917728458685388,0.9580639992700377,0.9910038076812187,0.9899975836857382,0.9707596172000398,0.9548387299018903,0.9912881142018637,0.9931740041172362,0.993204636072589,0.9812521228507259,0.9978207415067347,0.9978587799983123,0.9977417108593286,0.9968315242740831,0.9957508066063516,0.9977789921538127,0.9986363596767011,0.9986634279375542,0.9978356193667957,0.997844924297413,0.9784873645137938,0.9396613582230071,0.9610088637276873,0.957624069148152,0.9562789860510758,0.9383594833654414,0.9665685814475544,0.9559908829254955,0.9685028795616497,0.9727760728076107,0.9615305177141724,0.9852292983631865,0.9838126121101576,0.9917133876853738,0.9935702344279057,0.9890646399961918,0.9854652611044498,0.9886326446407289,0.988370835662859,0.9891845711340219,0.9891133693185803,0.9516429729625016,0.9794544052066569,0.9765128751851003,0.9763728341992375,0.9323113471486795,0.9849571683349703,0.9815171497403642,0.9878106313390945,0.9872764264976994,0.9467155989001437,0.9108206708598907,0.8856426993105336,0.9243932011755527,0.9385752585119546,0.9373172512723252,0.9370029181968633,0.9360719033577104,0.7673082599022226,-0.4982746832905879,0.9821082954657294,0.9787809911456747,0.9765401615530133,0.9896190030902098,0.9746320411594401,0.9853076537131706,0.9853293449431695,0.9431015185403169,0.9863363191437144,0.9450158203593142,0.8324494649211213,0.9317692214832114,0.9433707226874819,0.8483105017417788,0.960912928972747,0.961491744737482,0.9044144821199344,0.9711987803134873,0.8935092743487939,0.5477226725661739,0.7385317460763817,0.9011479147455358,0.8754200072441967,0.8927858894310634,0.9775785592438336,0.9777052244227888,0.7941037127865039,0.7704165872152815,0.8236180584052937,0.5011008498150075,0.812171507586893,0.8275952707572781,0.8226571156344323,0.817347562915446,0.8083405329695663,0.7594091296611398,0.7455324044291025,-0.31633576060145,-0.4559502075296298,0.7779616741392145,0.8962282410671929,0.9275711691915586,0.9428035090274174,0.9080191281625233,0.8413611762923621,0.9121264444051899,0.9219953143561478,0.9218200305400187,0.862641373750014,-0.09981805942134515],[0.9999953972846031,1.0,0.9920688997103055,0.9998858845778426,0.998368009996398,0.9895539759621033,0.9944679708412245,0.992723445448934,0.98958989174508,0.9927232995158118,0.9927760352297195,0.9937394871523316,0.9927822511920144,0.9927586802904625,0.9946165211007714,0.9965710943170161,0.9960108277146719,0.9942496082747815,0.9942582567232124,0.9927512325359232,0.9927954944934687,0.9938015149067851,0.9810027707204249,0.9905360994489332,0.9826253263820165,0.9906300128641546,0.9900250245881067,0.9826117736962835,0.9456366353038074,0.9899348717775931,0.9885095491264857,0.985091244495337,0.9527606019578322,0.9953691584918323,0.9953477584125852,0.9955904118472537,0.9930462257970452,0.9952771876093828,0.995621868621347,0.9967811471034301,0.9969611788392543,0.9955932105688826,0.995605327681124,0.9926358015861583,0.9396930456755525,0.9221091708681938,0.9577754245193598,0.9565206547428071,0.938572164128315,0.9146767047661947,0.9455008756830445,0.9162063993397899,0.9411553773186258,0.914865007708862,0.9658108988855729,0.965903989310225,0.9786123046345477,0.9855987493651657,0.9868823933286718,0.9878595649625302,0.9816836202583866,0.9856765506610043,0.9826855357830728,0.9825995397100619,0.9488927326738767,0.9703601849382449,0.9391691686420449,0.9389884461894662,0.8784059877572942,0.9855458255266616,0.9864205726204791,0.9865668471909257,0.9862808452017323,0.9641728548504148,0.8506748005103525,0.8265049683352584,0.888045242236143,0.9315863968570101,0.9019030596521591,0.9171080409451544,0.9163448495534482,0.8272926735482404,0.014803383315035648,0.9759975872068646,0.9776367468779573,0.9757474989476657,0.9871896360619785,0.9716066007213915,0.9777941871656484,0.9773116425672825,0.9406345138976403,0.9786750821335687,0.9416606788942337,0.7871624314103319,0.9317156422390672,0.9334582306947035,0.6626385280723904,0.8834924892654036,0.8866578345282976,0.7861372633374586,0.9701918801120875,0.7618279688149485,-0.34436886209457046,0.30283327205107935,0.7859010600607204,0.7397879365769775,0.7790358160460152,0.9716723894328547,0.9716793123791333,0.27688554912201147,0.44901001448385625,0.28479826016862153,0.25674735962578965,0.2772638352338614,0.2889017693981369,0.28592363875838944,0.20609325827722,0.6181259780997422,0.35402778456926615,0.3045751782329123,-0.441349387077498,-0.492379780349187,0.7791864290902274,0.7905707883857103,0.8101819267214079,0.8767912757639216,0.8426410651718537,0.6697193944384232,0.816077177667961,0.8068724785995495,0.8060282645456016,0.5008090237669338,0.2898701909001472],[0.9875858033333964,0.9920688997103055,1.0,0.9887180304223369,0.9937546165354478,0.9909623827505658,0.9892123127067797,0.9900817603135332,0.9915503839386177,0.9926562631569525,0.9965461896758291,0.9958936258474589,0.9899179015672341,0.9901294884084022,0.9897272165391956,0.9909861501086594,0.9899715658830838,0.9887660497114125,0.9887370253211822,0.9915786498086231,0.9899566076153394,0.9957202206362976,0.9864923039762147,0.9918088606014143,0.980658200692757,0.9924550233523753,0.9901865079605345,0.9874739691662429,0.963205399980493,0.9679559755634709,0.972484209433129,0.9779818130692808,0.9611913732656809,0.9867046655138098,0.9898925958991475,0.988273403501454,0.9916778455411731,0.9949712082623182,0.9907835343057029,0.9850313757496635,0.9881489796040349,0.9871506638991988,0.9865461237558402,0.9929987192465484,0.9360705729518153,0.9476188270269422,0.9627109598290267,0.9499315587681325,0.9086551552059966,0.9258107495542723,0.9149740791068791,0.9287956613613783,0.9414536952063323,0.9241747697959011,0.9521919864082924,0.9631340153431024,0.969896787918816,0.9758866651947662,0.9500786120019452,0.9730014125065319,0.9716556638850952,0.977262867246848,0.9718549129059901,0.9503532833568916,0.9329335608070202,0.9596303290313254,0.9503750436240314,0.9350790304231488,0.9051446292668585,0.9777750173406662,0.9592826394377224,0.9703810005525271,0.9515060857510431,0.8687651757136183,0.8864862195573431,0.8122964077061727,0.9005584269535933,0.9179654133841408,0.9206526095651565,0.8891976658069933,0.9031041366679511,0.5185122892681616,-0.47725547948703373,0.9693266206785544,0.9599970128673669,0.9592912039326158,0.9499696040096097,0.9640501181487372,0.9715128840038705,0.9712690094118441,0.939717227806584,0.9678487719641916,0.9038943463281742,0.8197926363191467,0.9610513100531277,0.9613225845508877,0.835151256875983,0.9496811173827604,0.9509941286859358,0.8780321583408155,0.9807478257164227,0.7741351771056908,0.4532892991695327,0.6862733554841386,0.7985845560432869,0.8044271782663769,0.7793960594326097,0.982140047396482,0.9821148685458202,0.7296508680688952,0.7249562649295692,0.709345159376302,0.4574888122837729,0.717229110069549,0.7176802170714056,0.7214206051004697,0.7190883434112336,0.7762855410040013,0.7006875749912649,0.6860594461664626,-0.36837304093419043,-0.5078439310567052,0.7538994614909968,0.8623697462904102,0.8744557201480493,0.8910845565158777,0.8830575904251996,0.781548281640909,0.8605673329400948,0.8660030268970194,0.8716075898454662,0.7453732867375665,-0.024750850762014914],[0.9999415962009182,0.9998858845778426,0.9887180304223369,1.0,0.9994269050543293,0.98240966788446,0.998077676480573,0.9969716523662578,0.9739922325886229,0.9971139120563274,0.9956271096939128,0.9950314132068012,0.9970301402353571,0.9970085044854,0.9981031307075073,0.9985512584284936,0.998546889037291,0.997380183030382,0.9973891276929084,0.9973175193594052,0.9970159334560786,0.9902572512693623,0.9752103510081367,0.9925668634715618,0.9602139727092939,0.9918865616280869,0.9913066683491796,0.972443391240076,0.955866967512864,0.9906585321219018,0.9926984049713001,0.9931249407859917,0.9809142258388655,0.9978589482823464,0.9980130471008518,0.9979033881852276,0.9971897537192749,0.9961746548105579,0.9979657205343432,0.9985262118718767,0.9987180681436583,0.9978716592710994,0.9978781378236644,0.9800096964030107,0.9370680638807632,0.9593149886174653,0.9572330222865162,0.9543644729095364,0.9338376854937452,0.9639808749144151,0.9531018244765174,0.9658413729298113,0.9707748333984071,0.9592176727766978,0.9833750044560433,0.9825812189927987,0.9909454564934296,0.9933332395296799,0.9879636252388567,0.9845565299896757,0.9877177829042776,0.9878932634978121,0.9882054816332341,0.9881298429651512,0.9450780104342708,0.9784791962289033,0.975501654579336,0.9753598880080232,0.9290479719781487,0.9845747080688071,0.979349748465344,0.9867041954317661,0.9861443327415271,0.9323096632603574,0.9097798953744457,0.8828972451337382,0.9231318158858307,0.9364439536217074,0.9369880742765336,0.9351454120074671,0.9342487649612025,0.6954473583626224,-0.4976429333823573,0.9814642002854715,0.9778038341803397,0.9753706809357388,0.9885224752147538,0.9741633071805877,0.9847566404662705,0.9847787296021366,0.9428726152959275,0.9852780909019505,0.9350595431212719,0.8352258924502808,0.9356224706621044,0.9465766092172784,0.8496287798557899,0.9619244086060956,0.9625265344800608,0.9040139333421153,0.9721664745277904,0.8876013616837406,0.5442268566704532,0.7369343639646823,0.8958488916291105,0.8717645265410943,0.8872172713722217,0.9782429491492116,0.9783733607181275,0.7930087371208712,0.7705783694046584,0.8158693810883415,0.502456525323447,0.8062592879140158,0.8195816481573146,0.8145759762527207,0.8119715694443141,0.8102331619653987,0.7593220308414452,0.7455065136453342,-0.3117559058792791,-0.4552369455339939,0.776807102481821,0.8947662999970504,0.9257899088187093,0.9410649025681624,0.9071102671949833,0.8389120048107707,0.9102193614428903,0.919839485718665,0.9198133884382481,0.8561820215322328,-0.09311629817415308],[0.9992338799511207,0.998368009996398,0.9937546165354478,0.9994269050543293,1.0,0.9841741764996251,0.9989982541068598,0.9986591125415613,0.9841424868605952,0.9986570026186864,0.9983352946864259,0.9982610543081885,0.9986666397630023,0.9986878468915559,0.9991394468970247,0.9989676660767934,0.9992730751532639,0.998884313337693,0.9988848875746672,0.9987159312163716,0.9986720429081093,0.9949717021463589,0.981461751331461,0.9956745199104916,0.974206063475691,0.9956797098195672,0.9933185922916025,0.9826988670070727,0.9578803527166085,0.9890230378592718,0.9917629931080216,0.9910344978267756,0.9747719930598685,0.9988474065631483,0.9989216833665072,0.9989692257178445,0.9987894013177927,0.9987269772027014,0.9989290393917938,0.9989943913108745,0.999202137088661,0.998888543422911,0.9988889850158928,0.9878544814280665,0.944347468914003,0.9586960293366601,0.9606235342895979,0.9519964365555686,0.9290113690335118,0.9559921234082964,0.9523913597565132,0.9599878394363701,0.9661907468179712,0.9551033676449401,0.9826986364394473,0.9826538773109192,0.9916006992601587,0.9934353470610453,0.984439413926828,0.9787692089357211,0.9817931159277344,0.9843186834124666,0.9822791362185118,0.9821672156332616,0.9413880374701238,0.9711417466567113,0.9595513070091902,0.959361894286213,0.9030184344144677,0.9818024589026246,0.9781687899640042,0.9832574766131302,0.9825941753158206,0.9444080686091565,0.8936909115833868,0.866396300491949,0.9103359880003657,0.940935010639894,0.9296592583294877,0.9348198114070728,0.9341469965097605,0.8131462319781217,-0.4712473658845099,0.9757004767555376,0.968061296478307,0.9667102471604536,0.9851537902095098,0.9648921891625458,0.978835772446559,0.978612303939033,0.9347463312571715,0.9797247390159711,0.9356554524329189,0.8269060896752645,0.9475129987671111,0.9632602356108156,0.8229311857854733,0.9528330704513175,0.9539129876360882,0.9006676033579665,0.9763824061774518,0.8951638473328507,0.38037936237763675,0.6901871381552707,0.9011478426800588,0.860762735346054,0.8978705059775672,0.9816932762427618,0.9817964824670892,0.765125130666318,0.7580713773500758,0.7687802467677707,0.4841106460467258,0.7338674299778127,0.7724538456278226,0.7688009852046355,0.7355996693147612,0.8008904308405653,0.7485654714816722,0.7338862984547111,-0.5004001416026792,-0.583229076520774,0.7698951314844907,0.8922066543212691,0.9177523425195561,0.9415545816696841,0.907671414845789,0.8281457625676969,0.9088603524583169,0.9134469094935771,0.91302739363875,0.8049960482166153,0.11701548666152013],[0.9814289438922384,0.9895539759621033,0.9909623827505658,0.98240966788446,0.9841741764996251,1.0,0.976902919171574,0.9786270299567897,0.9943307287731757,0.9781783745995074,0.975253027005571,0.9750843558025194,0.9784048622169399,0.9786882275354288,0.9784166817359786,0.9826354624776485,0.979152486305521,0.9788706189653742,0.9788370193280199,0.9775691497707285,0.9785281492228416,0.9930517767851311,0.9942326334747561,0.9824511918555736,0.9894132890989181,0.9831197029757102,0.9800885801089301,0.9894471945974357,0.977376802032706,0.952343111381505,0.9590861586098971,0.9712207890207788,0.9654534354413474,0.9766108166407678,0.9772671951777803,0.9781218467882589,0.9794267438737819,0.9761963868963657,0.9778582880744299,0.9762333958642156,0.978224147445514,0.9770097168923215,0.9769839588151636,0.9964610649145326,0.9045483586478232,0.9381507438211809,0.9497462740086396,0.9572256101997086,0.9227355278416676,0.9173770458072882,0.9143050404261635,0.9206675186783603,0.9424691754261555,0.9199254587805527,0.9456991822476358,0.953228770016006,0.9595441627228645,0.9618337322558586,0.9740050136191362,0.9900411831051549,0.9784360636050385,0.986805060589754,0.9779931544532279,0.9775576019271414,0.9797876634827345,0.9774941934318457,0.962746256635177,0.9623894553363398,0.9548393080929977,0.9851188441979258,0.9786322771841004,0.9741865348212821,0.9732458337959897,0.9734452125206846,0.9268388310302553,0.8907765264614992,0.939230025113199,0.9356793241054733,0.9448703240868432,0.9266931401932809,0.9249517335818975,0.8110774348854042,-0.4221479893163208,0.9864596539455345,0.9887970766368228,0.9857465058310557,0.9747352550580494,0.9810567018881867,0.9848250702873196,0.9845009979383357,0.9744976324559785,0.9755577828492066,0.9742091625990086,0.8331162629861402,0.910767186360019,0.962178432377205,0.8646580945148417,0.9468480068111382,0.9477007974807152,0.8606706568765311,0.9561707846337584,0.822672639633905,0.45277048092928024,0.6942260922977319,0.832956158664425,0.8151272667859975,0.8232620074932667,0.9548644386078824,0.9548098719621702,0.7392803142202594,0.7412526636288027,0.7416839566782263,0.5032052093111687,0.745703310871865,0.7465204295359622,0.7402820849531703,0.7406657951729841,0.7831294450192214,0.7102363586393262,0.6995784117200659,-0.33596786215073937,-0.4642347089012719,0.7867322989576552,0.8525184228831139,0.8559617510075408,0.8821018991899998,0.8592614807485807,0.7936909135016061,0.8457016814126623,0.8495907185168701,0.8495255325493809,0.7988669391187467,-0.0436109396470549],[0.997901718508107,0.9944679708412245,0.9892123127067797,0.998077676480573,0.9989982541068598,0.976902919171574,1.0,0.9978209247143551,0.9560191031942548,0.9996692591376004,0.9996552580528216,0.9996894442101061,0.998636590499857,0.9993043991459609,0.9998962538892777,0.9970735867656714,0.9999068453771136,0.9994762436052574,0.9994810884439129,0.9997559483012739,0.9994264735474627,0.9903669322441733,0.9735343716986857,0.9869487154119835,0.9251021765194108,0.9940159353851532,0.9933173364655713,0.9724493069067889,0.949667033611971,0.9914373983815029,0.9922277884351932,0.9943845962397226,0.9786442795833228,0.9991504963740608,0.9998757734364491,0.9997570866643366,0.9995312489250284,0.9998114693116749,0.9998641924699512,0.9987329557570983,0.9997692108779032,0.999480822731169,0.9991877250504223,0.9783051653063499,0.9494950467340707,0.9604174280682267,0.961994313723775,0.9503816527775815,0.9265523437349671,0.9611265483904461,0.9527354506665497,0.963532712956064,0.9684143415828594,0.9592544662563971,0.9834095370958656,0.9839973320051142,0.9929283192499414,0.9962965231172132,0.958051846407749,0.9667356268058743,0.9746658807172268,0.9761328324265022,0.9760752383608019,0.9580617977510787,0.9049061664713957,0.9619521985384333,0.9632800576998931,0.9497766527519749,0.8863887055438239,0.9726697042684638,0.951414889431979,0.973338476911227,0.9583775545289077,0.8255532941162216,0.8840184213320237,0.8227777444825678,0.8967310018793464,0.9136072108546462,0.9176493651294036,0.899869215816943,0.9102628323726959,0.4612571891461456,-0.5352634472065537,0.9660494300204496,0.9542633330367138,0.9539467783073315,0.959247270942729,0.9598703580211546,0.9718299772291182,0.9719406643763118,0.9215918654450592,0.9709896079591283,0.8697968911092632,0.8206838438883575,0.948190711632138,0.9441045335157136,0.8356425995854552,0.9596624128863781,0.9603777067308811,0.9056009105263847,0.9762268566233724,0.8335455354614438,0.5452463016701886,0.7331209202245512,0.8589373819244664,0.8559724724770839,0.8403774644070678,0.9824591742880522,0.9826221468817999,0.7878955593977102,0.7564902081746003,0.7823831757231662,0.4776962550266862,0.7878943225082276,0.7973164545564064,0.7867690951315306,0.7974136021682844,0.799410101768303,0.7560916187894801,0.7404164744503666,-0.3222258690929068,-0.4738702094612202,0.7777470791308526,0.8978249204174688,0.9210843873362822,0.9437089630786444,0.915090249250784,0.8417281175748754,0.912189008908993,0.9264766858496192,0.9247520350229753,0.7888417493416177,-0.0690585963358212],[0.9966460761846697,0.992723445448934,0.9900817603135332,0.9969716523662578,0.9986591125415613,0.9786270299567897,0.9978209247143551,1.0,0.9662201164245342,0.9999998485828613,0.9999994205893127,0.9998111265621207,0.9999971384368439,0.9999983917735821,0.9994229265704155,0.9926379726841139,0.999544924966636,0.9999197717317221,0.9999194803060878,0.9999699310432367,0.9999988883063587,0.9910519187428152,0.9755221633400101,0.99336927195442,0.9388239234668385,0.9945250374302839,0.9920659041312322,0.9747378987493405,0.9498751453782672,0.98786230167949,0.9937740036175624,0.9931545831969384,0.976224242048152,0.9995131250238453,0.9996318390837048,0.999720499744223,0.999775630890778,0.9994064468583908,0.9995842670565477,0.9984602667064042,0.9990222227154804,0.9995885468024657,0.9994689888782059,0.9801585219873711,0.9494742444556784,0.9584366301464982,0.9647440392827918,0.9502951792659052,0.9194914252069696,0.9594136452159867,0.9487835038759466,0.9615292290355767,0.9638823347039844,0.954138036044964,0.9815278764171704,0.9815348705287016,0.9920325579019946,0.9965403296793013,0.954206694289088,0.9643332100446876,0.9704636941096061,0.974259531991851,0.9721690224331601,0.9568871114569399,0.9013689271166949,0.9589459228074309,0.9587998965964789,0.9459193321520721,0.8799337158399388,0.9709775131084833,0.9469002741558988,0.9693760761834233,0.9547928685936761,0.8172627828481446,0.8794690290997038,0.8197003680620143,0.8919303156067784,0.9087479160116245,0.9149596600537925,0.8966824873657637,0.9054035464907668,0.44817953854415743,-0.5373513926849434,0.9635680534885623,0.9508306781210073,0.950441731239931,0.9577333333955814,0.9575265473726107,0.9694606418203613,0.969572836093091,0.9197680164557215,0.9664162156190194,0.863698012121677,0.8187060777936651,0.957954261801412,0.9531634769017489,0.8338428922311713,0.9596998874505831,0.9605396803399291,0.9031782310202054,0.97945413562446,0.8355052934191737,0.530970811370598,0.7251837308129027,0.8591422392121543,0.8526473786198139,0.8416434998450001,0.9844144619443015,0.9845746431827817,0.7797983898157583,0.750132967206234,0.7828735992011181,0.46764566498772964,0.782849314656288,0.7925540904426388,0.7864342593295932,0.7918012629519919,0.7942782207197754,0.750892154690336,0.734749701072056,-0.3364027868539982,-0.486870336304057,0.7690281093619614,0.8913452191249763,0.9183212558047411,0.9367345527201861,0.9100366961083867,0.8323211464518823,0.9061034202741512,0.9203782682055192,0.9188561230041382,0.7719275097758216,-0.05274892176776811],[0.972162185713157,0.98958989174508,0.9915503839386177,0.9739922325886229,0.9841424868605952,0.9943307287731757,0.9560191031942548,0.9662201164245342,1.0,0.9813033219583659,0.9863057862941823,0.9889748180222135,0.9697739353326679,0.9746162662887462,0.9730125504178404,0.9510068597378013,0.9778793873190614,0.9752358445189065,0.9751885474427617,0.9797945381773955,0.9744527591424917,0.9938962360185871,0.9943981402185659,0.9802269582676505,0.9903275098587906,0.9835523171021314,0.9930361433390368,0.9920714060909771,0.9731619608004842,0.924610344880817,0.9462258946604911,0.9654067423493133,0.9556036548232396,0.9690717484370923,0.9777845372067931,0.974255514610869,0.9765298050468263,0.988075683359718,0.9791511582518223,0.9659966654196577,0.9756207906978117,0.9700429421618973,0.9690562799494088,0.9991723952463715,0.920238874733856,0.9339163827059991,0.9639710117008238,0.9557157325199395,0.9077862628749371,0.8897470273600199,0.8927142952253952,0.8940650668837067,0.926692896457152,0.9044267166336275,0.9296907244234253,0.9480928161406008,0.9522026213697627,0.9574767736212926,0.9157369656190932,0.9753593371517716,0.9569371573642396,0.9730379947997223,0.9568217959624413,0.917222434320988,0.9334011277797433,0.9566877489740903,0.934592019529666,0.9029290806391903,0.9048842652581667,0.9740717796247961,0.9327197023456159,0.9517519707037531,0.9174792422385588,0.8644243975420092,0.8887628080209883,0.780173430697881,0.9033529749698196,0.9044584835896538,0.9171654270651541,0.8684409505266698,0.8866011501598056,0.508910195367007,-0.45086520085502496,0.9675554589317852,0.9649262689651865,0.9625812055851846,0.9133607979302081,0.9598035533909176,0.9656013765651617,0.965183442792349,0.9490490525900291,0.9525804598769659,0.9024466780551184,0.823342283956529,0.947556007228774,0.9663225079454536,0.8443647667964422,0.9414305898441682,0.942724665225822,0.8535565377792491,0.9665464584517445,0.7378210695751762,0.41181253472850826,0.6657997497927997,0.7722133838445696,0.7785178995514609,0.7504217392649546,0.9655848145640821,0.9655089285842094,0.7085277058517184,0.7132440952933189,0.6722175014936526,0.4640681020048906,0.6962598181593612,0.6923034182085249,0.6700521802728624,0.6941752748919425,0.7665797092203777,0.6903807707980708,0.6772185518079861,-0.37234774526337183,-0.5073886490304244,0.7832421410445459,0.8448361322073992,0.8256202040576688,0.8643555752172454,0.8603753946750097,0.7718110380496255,0.8161631013837416,0.8327729359274413,0.8260833660305402,0.7166262067380164,0.015212281903796709],[0.9967412709750165,0.9927232995158118,0.9926562631569525,0.9971139120563274,0.9986570026186864,0.9781783745995074,0.9996692591376004,0.9999998485828613,0.9813033219583659,1.0,0.9999992260506938,0.9998151507507795,0.999998530894896,0.9999979191726421,0.9997294622486131,0.9980900553291421,0.9995467071130666,0.9999010474111012,0.9999009987408941,0.9999808099648922,0.999999422834654,0.9935387060997289,0.9775024899237363,0.9964653268909532,0.9691143438563529,0.9964850527865518,0.9920746905602502,0.9790511778482432,0.9514414561525976,0.9900438604786281,0.9938964670495543,0.9911545325636859,0.9735623674459742,0.9995673792067238,0.9996288064810838,0.9996448348931146,0.9998577879051843,0.9994157928749436,0.9995910006908754,0.9987103681123024,0.9990675539803167,0.999579367379722,0.9995754045636228,0.9847145675982134,0.9495194847813939,0.958459086963307,0.9647350419213915,0.9503005663998727,0.9195682796444496,0.9541631700504287,0.9469867427530636,0.9576300604011104,0.9625656151091572,0.9529127426416906,0.9816374604786627,0.9815655372762726,0.9927287138842961,0.996398123153744,0.9757015748981889,0.9643024608876046,0.9728474938997994,0.9742416171158549,0.9735073693567692,0.9733658039046696,0.9292518675067049,0.9589396162496647,0.9508508531991716,0.9506551587406556,0.8918527616004496,0.9709515885172385,0.9693136888687071,0.9746766509684764,0.9738398194788734,0.931372304216441,0.8794664520406744,0.8471099989317655,0.8919268471016212,0.9255437470446168,0.9160996068557892,0.9204575668362028,0.9198233702935554,0.7733723144184941,-0.5244468391591893,0.9635507051347098,0.950796555278976,0.9504210028522238,0.976574469023055,0.9532611384492988,0.9692497021821632,0.9690123835435773,0.9205195005879321,0.9703157399771071,0.9216471699207993,0.8187004512195306,0.9578615201549456,0.9635006090983302,0.8220082854529439,0.9548131217773372,0.9558443652526756,0.9032527407909731,0.9788328163419344,0.9033776349781825,0.4247095190909268,0.7064859026399338,0.9092516581824152,0.8687485153239833,0.9058170631591501,0.9844070343014673,0.9845674270616704,0.7798697448685067,0.7502175207107885,0.7830571670522691,0.46773627753881264,0.7489525892370317,0.7871489546954739,0.782971465623734,0.7528705554053644,0.7943272231945613,0.7509871060505378,0.7348452129943845,-0.5431465497134328,-0.62601878958241,0.7691464416762293,0.8914470423384011,0.9211470821988051,0.9434252860686226,0.9101339311282728,0.8302397389557652,0.9091080622925994,0.9162193396843827,0.9157518365685388,0.8159854697523649,0.17386651633617733],[0.995032296768485,0.9927760352297195,0.9965461896758291,0.9956271096939128,0.9983352946864259,0.975253027005571,0.9996552580528216,0.9999994205893127,0.9863057862941823,0.9999992260506938,1.0,0.9998142097372157,0.9999965420931409,0.999998247609335,0.9997169814345365,0.9979233001390593,0.9993525092116475,0.9998232841639556,0.9998233998929136,0.9999984733264685,0.9999985980651097,0.9932983280492997,0.9752069567586892,0.9958009140597083,0.9770617023736063,0.996247791853312,0.9921076120055916,0.9815349556084311,0.9469931364184772,0.9901225976058137,0.9938946039969925,0.9863257955386074,0.9540907550136742,0.9994131717604372,0.9994602176490189,0.9994139992052197,0.9999139893767199,0.9994051586355679,0.9994237827138821,0.9983080484926788,0.9987668176174838,0.9993964575770766,0.9993945144328581,0.9875253329595154,0.9494645422030549,0.9334072023286586,0.9648163610253466,0.9503917676033343,0.9196306123507105,0.9322641549467175,0.9248454344459113,0.9358373911442737,0.9426405186699724,0.9310380458847697,0.9764665731941874,0.976504619412972,0.9919963150338517,0.9951607970657383,0.9694105463907132,0.964520119864319,0.9618658343497833,0.9671340561459173,0.9628323410826604,0.9626281656779438,0.9112456713072397,0.9501845770381466,0.9172903682515968,0.9168950757070242,0.8373761198786902,0.9698737024747434,0.9741816612755233,0.9713108821737387,0.9703101537915451,0.9282821248345476,0.8337599051346215,0.8060062807459288,0.8662882226204375,0.9123970289062522,0.888126388329497,0.9002175446481169,0.8992032585802795,0.783336211020505,-0.2792338967771248,0.9537930166863188,0.9510741062255603,0.9506501843032926,0.9703025770978273,0.9421290232707632,0.95580377025957,0.9552766525341598,0.9011020429562998,0.9577645011263682,0.9038592489412555,0.8192217812462181,0.958187183433806,0.9681250954479907,0.7420951933117903,0.9233833573113146,0.9255621700393953,0.8648892124388973,0.9859622639141397,0.853264255932388,0.0743960693947094,0.5703135379780837,0.8647241395250757,0.8367013743861611,0.8603069323324052,0.9867227369048133,0.986712650511337,0.5718150975289288,0.6773533491759116,0.5788660021671016,0.4681921025631021,0.550617790171427,0.5872587444142147,0.5790838258752533,0.519358825563084,0.7856999019281571,0.6396263505847903,0.6035621113773811,-0.5016733910695718,-0.5621354330532314,0.7697093557959865,0.8750074478831663,0.885792772680295,0.9222839837910513,0.904921346756833,0.7322630458949358,0.8738658547893535,0.8813895692435526,0.8808387742515129,0.6578594228550474,0.13651899595932768],[0.9942857405555858,0.9937394871523316,0.9958936258474589,0.9950314132068012,0.9982610543081885,0.9750843558025194,0.9996894442101061,0.9998111265621207,0.9889748180222135,0.9998151507507795,0.9998142097372157,1.0,0.9998260600800802,0.9998184618409163,0.9997049611102053,0.9985074501111297,0.9995154720223645,0.9999761190453011,0.9999759594953641,0.9998183938209626,0.9998224679523208,0.9931820279042669,0.9737806627936956,0.9946540004275785,0.9773362087468808,0.9952309767231003,0.9937522058423647,0.9778543847606532,0.9326516111068448,0.9929547529778586,0.9952090623127892,0.9830655343589967,0.9407104814127022,0.9995410901417326,0.9995768166347467,0.99954011674986,0.9996757864410907,0.9996869993342281,0.9995529743162899,0.9982325379035693,0.9987928663489652,0.9995244658862108,0.9995213987424636,0.9890577295891029,0.946012428904132,0.9251297275698102,0.9621994011964569,0.9485592796141825,0.9193616885512296,0.9073994242135205,0.936707271180995,0.910072345102625,0.926813661147856,0.9061894539423367,0.9674808327491512,0.9675631742159313,0.9851455991094966,0.9951833805685405,0.9691438286027664,0.9690538753604038,0.958345339550949,0.9660261160770429,0.960179866966882,0.9600195024563186,0.9143088508652779,0.9430003147981599,0.9034755451871008,0.903225933686037,0.8295964789182916,0.9700052223528209,0.9715296390602522,0.971508011764662,0.9709016580521588,0.9366580426850024,0.8034788052245475,0.7758860783402972,0.8447011795074296,0.8982848881131789,0.8651369496000401,0.88241973363113,0.8817912942314419,0.7772529409325255,-0.10852018324703551,0.9495273578093484,0.952473689876952,0.9491998108582578,0.9696614905286226,0.9432587890029842,0.9520807176144255,0.9513893940134515,0.9029082926925981,0.9535645463856813,0.9045917882082319,0.7857391362891707,0.9563063591315226,0.9519439118793123,0.6508120916779124,0.8831193627312873,0.8866593345755407,0.7811774573809025,0.9810985897217556,0.7590105462485892,-0.2855470129112446,0.3326238880999129,0.7808584446991998,0.7398354253063697,0.7748494314444478,0.9821825198325231,0.9822463930925562,0.3019666085987565,0.46037791892208635,0.30831408675159677,0.2807894365820184,0.2999767822782885,0.31359991629802225,0.3111722821163634,0.2286420665992925,0.6283648547713223,0.36964862815417143,0.3188363407217858,-0.5059598468299301,-0.5559691208777018,0.7690773571140422,0.7927456479285234,0.8125708643446589,0.877267675262073,0.8497146509014354,0.6564943035805009,0.8115199569873747,0.809066319004944,0.8082415301838921,0.501270541096083,0.3186425005937948],[0.9967198985665557,0.9927822511920144,0.9899179015672341,0.9970301402353571,0.9986666397630023,0.9784048622169399,0.998636590499857,0.9999971384368439,0.9697739353326679,0.999998530894896,0.9999965420931409,0.9998260600800802,1.0,0.9999977380952517,0.999462277618008,0.9941154847948721,0.999578386046706,0.9999290331911981,0.9999288740600827,0.9999764431961979,0.9999990064445431,0.9909152890455243,0.975296493910128,0.9940113122414257,0.9436356650185302,0.9944647199330062,0.992144267470147,0.9745041500626311,0.9497446976325908,0.9887787051390471,0.9938701181250352,0.9932308068984204,0.9763252034256034,0.9995550359902314,0.999667406141195,0.9997476893078038,0.9997723584262784,0.9994502913581634,0.9996198578471718,0.9985386878000104,0.9990788175330964,0.9996292903495192,0.9995108408167801,0.979888092090653,0.9496621019394635,0.9585513765487862,0.9646514423445185,0.9502864664294388,0.9198980807546617,0.9597581520051598,0.9491406018096051,0.9618733740847282,0.9641531461325905,0.9544893485260346,0.9817733047267551,0.9817033184754169,0.9921576622121621,0.9966357103069897,0.95441340245375,0.9642931614607556,0.9705633669562016,0.9742559646304585,0.9722691010170282,0.9570400059318266,0.9011895840899777,0.9590053317960111,0.9589808159146737,0.9461736879790761,0.8798853005545149,0.9709438871017227,0.9469872307636519,0.9694777203973539,0.9549868215621771,0.8170788925575853,0.8795591816764814,0.8200242086549929,0.8920213352621458,0.9088696648835404,0.9150022789564347,0.8969221802972452,0.905623467011613,0.4481476646071348,-0.537570613999337,0.9635735033377624,0.9508390008823072,0.9504524515012034,0.9579037476680392,0.9575159843743515,0.9694880876044204,0.9696016430017047,0.9196196314604346,0.9665343217521183,0.8635499584964119,0.8187250388525936,0.9575143887367046,0.952695623262071,0.8337935986012909,0.9596926377342829,0.9605255086710061,0.9035239354912659,0.9793376087685509,0.8360310274741901,0.5321155884218004,0.7258077817376152,0.8596471141523097,0.8531859326783662,0.8421572181414605,0.9843722263530063,0.9845330460509785,0.7803946579551037,0.7505889043671711,0.7835157455328359,0.4681635418000845,0.7835110081478142,0.7932611064371066,0.7870944893731905,0.7925173597181254,0.7945907037187269,0.7513445093203174,0.7352117316605754,-0.33554108794434934,-0.48612342010246734,0.7692730651307854,0.8918355667431448,0.9188250673408406,0.9372570967209375,0.9105003549650266,0.8328437801457688,0.9066860714166035,0.9209775086604614,0.9194504911409237,0.7725836113982644,-0.05379921475929812],[0.996683389894956,0.9927586802904625,0.9901294884084022,0.9970085044854,0.9986878468915559,0.9786882275354288,0.9993043991459609,0.9999983917735821,0.9746162662887462,0.9999979191726421,0.999998247609335,0.9998184618409163,0.9999977380952517,1.0,0.9995418711728314,0.997468450525684,0.9995579976763815,0.9999220112944188,0.9999213996510232,0.9999706339466939,0.9999977875777137,0.9910924632521696,0.9755806735396332,0.9955617388389864,0.9556498903001431,0.9953066488651153,0.9921034403994177,0.9747878810851265,0.950021458554944,0.9912478722075487,0.9941108206635868,0.9931094135782157,0.9761495302685804,0.9995226782799224,0.9996319287180119,0.999726178119986,0.9997884897852441,0.999425314357068,0.9995811796136248,0.9984814580290535,0.9990353039619722,0.9995966631121748,0.9994793145803468,0.9801589848589042,0.9495141732376312,0.9584528877936986,0.9646850757496126,0.9502783238616465,0.9196530063712584,0.9594795809390582,0.9488933402445673,0.9616224236409522,0.9638405519053579,0.9540624409239232,0.981545539620393,0.9814837885717641,0.9920063316734794,0.9965066400605854,0.954451891426608,0.9643563200967166,0.9706009217648565,0.974335971300043,0.9722947589925349,0.956730667567434,0.9015386758667204,0.95888954556365,0.9588567762648397,0.9460907153015254,0.8800441609836791,0.9710947764071618,0.9471840870232511,0.969544519180289,0.9550503413873506,0.8175435378216068,0.879497855583265,0.8199195292211157,0.8919928186454837,0.9088909825280969,0.9149783318736523,0.8968124457546338,0.9055464707714511,0.4484936250066502,-0.5370603860071348,0.9636544227412989,0.9508671469629187,0.9504848958673068,0.956850824245318,0.9576743504945692,0.9695391309797613,0.9696486036672425,0.9199379612804839,0.9665546967788762,0.8639087696937403,0.8187104681966064,0.9577474522456058,0.9530873674614426,0.8338618511159036,0.9596423731588074,0.9604855313696407,0.9030097112886767,0.979466923773858,0.8355257136880484,0.5307902026671002,0.7250760756513156,0.8591424092088148,0.8527499111970077,0.8416603747877824,0.9844424512821273,0.9846000298368128,0.7794477699919914,0.7498434938184656,0.7828482229057073,0.4678425179195779,0.7828232351184332,0.7924748398642328,0.786571841053582,0.7917051382899576,0.7942127401837173,0.7502341113582396,0.7341229392611985,-0.33623380865353986,-0.48669803660703786,0.7691202670636923,0.8912620877332555,0.9184275625210698,0.9367625501362943,0.9100779705232365,0.832135844714527,0.9062783223353301,0.9204005971268857,0.9189880789353135,0.7720041259081785,-0.05298988468784776],[0.9978991497510955,0.9946165211007714,0.9897272165391956,0.9981031307075073,0.9991394468970247,0.9784166817359786,0.9998962538892777,0.9994229265704155,0.9730125504178404,0.9997294622486131,0.9997169814345365,0.9997049611102053,0.999462277618008,0.9995418711728314,1.0,0.9986208906340786,0.9998729014963953,0.999613195504571,0.9996170794656704,0.999800139001525,0.9996048219353578,0.9908766503651104,0.974826848482348,0.9944575384435297,0.9497239371638656,0.9940938139647927,0.9935878965955952,0.9735007639956356,0.9508921193390462,0.9915132162866227,0.9926369622652771,0.9938655749686913,0.9779968144472698,0.9993365907009447,0.9997536135870176,0.9997545105745032,0.9996328530887367,0.9996843038032205,0.9997213146137318,0.9989756913339037,0.9996490632127771,0.9995569254064249,0.9993441278889925,0.9791193873775091,0.9486381830385381,0.9603117369950023,0.963454918423343,0.9518343779820814,0.9251963913537425,0.9612547337662873,0.9528367484041955,0.9636542417872017,0.967399572949358,0.9576550491734802,0.9832325222845391,0.9831400460638057,0.9928068580231204,0.9960435991831186,0.9584489839971108,0.9677708380068668,0.9747845371408583,0.9767390908244854,0.9762498800209074,0.959228579499011,0.9060645848751312,0.9621548385600466,0.9633692916199867,0.950339564923329,0.8867395759257493,0.9734731634176849,0.9515255676340848,0.9733340513563462,0.9588406774147559,0.8250049406099488,0.8844776447767938,0.8240826993511166,0.8972454249826095,0.9133475260188372,0.9175935048757853,0.9002592238183117,0.910093308150654,0.45942887540233934,-0.5337926873053693,0.9668077847496586,0.955327471560857,0.9548647826846431,0.9602896279063272,0.9609906150907742,0.9723947090729104,0.9724785856471794,0.923692629251842,0.9709818120257742,0.870254368835188,0.8203463088249485,0.9505717309435704,0.9465652745670318,0.8364263906859808,0.9596834664498906,0.9604347408970002,0.9028243199693335,0.9765187530670926,0.8347340874451931,0.5393176992556958,0.7296628581372984,0.8590493328444144,0.8551787098063157,0.8410844876278211,0.9824493113567525,0.9825934685663157,0.7841039043777926,0.7528110362860408,0.7834239086207656,0.4747547394442968,0.786734820400179,0.7961506780639547,0.788075571888636,0.7959201033326126,0.7967314013179537,0.7515387264853867,0.7358774201506892,-0.3246614524445424,-0.476092442647281,0.7762271559410424,0.8939553415498871,0.9208896740254331,0.9420655702798632,0.9115942347539996,0.839112074630429,0.911700031175222,0.9250349971294468,0.9238011722930596,0.7841982082149429,-0.06450751741468619],[0.9982837318918558,0.9965710943170161,0.9909861501086594,0.9985512584284936,0.9989676660767934,0.9826354624776485,0.9970735867656714,0.9926379726841139,0.9510068597378013,0.9980900553291421,0.9979233001390593,0.9985074501111297,0.9941154847948721,0.997468450525684,0.9986208906340786,1.0,0.9989926913569884,0.9978206002329937,0.997820400415161,0.9981869246767381,0.9975225026115224,0.9928134804724463,0.9785754818535995,0.9813687300479192,0.9245619894114551,0.9918942919590046,0.9947263689763042,0.976732558272863,0.9587181023829482,0.9916504859297273,0.9895543363241286,0.9918630803677083,0.9775415265141555,0.9975246371243066,0.9983370014707207,0.9981875291071277,0.9980254836747343,0.9988701175382252,0.998238765816748,0.9982366925825507,0.9987782160539486,0.9976864800657388,0.9975940293157958,0.9799334108063755,0.9434795754716536,0.9599932523211241,0.9596521112103163,0.952702834578608,0.92941958512876,0.9607696847565055,0.9530469384736953,0.963616944769092,0.9661242836599812,0.9541036384413342,0.9807982574885514,0.9808454369118419,0.9887368175111318,0.9914223483877493,0.9675062963894815,0.9739047058493973,0.9808562806095218,0.9811249104791564,0.9815879363590647,0.9671866956509391,0.918698122975408,0.966079354170981,0.9676615465090134,0.9580161247860073,0.8992121943105801,0.9785340171825904,0.9624912923322758,0.9794241896216748,0.9678709325769687,0.843943601780672,0.8933871548295473,0.8371940693353569,0.9067053444432923,0.9241785204505539,0.9251157678298381,0.9081700305476315,0.9190152550865409,0.4891893249550604,-0.5076445082170198,0.97272958748768,0.961704578667662,0.9622435950831261,0.9691941168299825,0.9680246378847166,0.97729767335376,0.9773071354711971,0.9347399636152072,0.977682810528945,0.8868465351756245,0.8227680970647506,0.9417345952941967,0.942858633147354,0.8406846986225218,0.9579250355077292,0.9587185952626099,0.8958232790101491,0.9745885985704135,0.8280828353061995,0.5278868494751003,0.7246620048196754,0.8491549984050533,0.8503345869945106,0.8315875066763683,0.9792928968551168,0.9793488854892954,0.7743685053526128,0.749239551873069,0.7757601725463403,0.48162389807044365,0.7784291393384325,0.7850405449031239,0.7866593087712946,0.785544952360905,0.7952506029787584,0.7383524853463771,0.723909898893686,-0.3127773499183392,-0.4631542119810613,0.