var config = { responsive: true }

var correlationAdjClose = {"data": [{"type": "heatmap", "z": [[1.0, 0.9999933315855632, 0.9842393180627458, 0.9999206979858367, 0.9988510345771452, 0.9887860956048893, 0.9974298794178269, 0.9951185481228215, 0.9954064976033333, 0.979504369905908, 0.9916237517660428, 0.9952678192428461, 0.9944611876624938, 0.995174887824315, 0.9953162710593805, 0.9964671505722115, 0.9980590521832736, 0.995914904562213, 0.9959295061879557, 0.995956823926891, 0.9952151920415865, 0.9852213464585171, 0.9684666231887274, 0.9874767754471665, 0.9862880645737601, 0.9794377879058267, 0.9625761840021413, 0.9412444088850326, 0.9943989850979478, 0.9946398953419623, 0.9917039895064335, 0.9744477947838648, 0.9973408987583549, 0.9976486199793198, 0.9970044406110192, 0.9953345920145923, 0.9947645929173713, 0.997491437436431, 0.9975570910806567, 0.9986683923402879, 0.9972792865723011, 0.997292546133349, 0.9763305716226781, 0.9226487304647042, 0.7560118896652946, 0.897639116732835, 0.9059062624103738, 0.8437242716571702, 0.9688699130517751, 0.9443805499926001, 0.9700779788595545, 0.9664551455651853, 0.9608283893972763, 0.9861061075380282, 0.9824873612914294, 0.9835698306618564, 0.9762243090279683, 0.9855037624846575, 0.9827257721272737, 0.9861558140268519, 0.9859145632196176, 0.9636079768888589, 0.9659107946764229, 0.9709290021706165, 0.9705928080044554, 0.9427641548610868, 0.9745665840305294, 0.9731273803202908, 0.9814894332400432, 0.9805775239752182, 0.9346074911236356, 0.854436831104955, 0.822484391733046, 0.8734241318679221, 0.9018656316641658, 0.8962397506492419, 0.9002007020639865, 0.8988672746392155, 0.6136788687511004, -0.5190079740368877, 0.975760880680279, 0.9658788999351022, 0.9625530248443039, 0.9844747181998853, 0.9496929115678843, 0.9808602431963226, 0.9808126022609828, 0.9435287232961417, 0.9811671727008544, 0.9480124096437393, 0.6135593796872286, 0.848350585231874, 0.9119065742903388, 0.2267360775344135, 0.9170690539792817, 0.9381854888389654, 0.8089640108584062, 0.9555238550403035, 0.8961266518318826, 0.6609462797059336, 0.4617171557404448, 0.891849367398006, 0.861692331428575, 0.8881383546042841, 0.9667464979283735, 0.966988562183506, 0.7375543672222328, 0.6999583827716426, 0.8258106049379498, 0.33001118562821385, 0.7944781434326998, 0.8317817687442244, 0.8182427833713036, 0.8163484606880076, 0.7396813552088748, 0.7391994787765175, 0.7188547726206485, -0.23388135607209204, -0.3681113888337352, 0.6241647370406688, 0.9004524452850177, 0.9463068305239715, 0.9502525433916135, 0.9198817191794489, 0.8283672882408603, 0.9178214660620685, 0.9397311732734366, 0.9395298204339217, 0.8744244891538635], [0.9999933315855632, 1.0, 0.9812940900099925, 0.9997571290430848, 0.9973399513055987, 0.9902595319492605, 0.9925751153686532, 0.98784999229311, 0.9878914733844345, 0.9660011376598491, 0.9904582790938252, 0.988123479136527, 0.9879252048975299, 0.9879781557052684, 0.9880837854647215, 0.9931419640438982, 0.994893469655893, 0.9915396822174665, 0.9915417780654694, 0.9879740707071712, 0.9880405186849754, 0.9869908804177961, 0.9587495331283521, 0.9830322278256719, 0.9826528473530562, 0.9792638850185044, 0.9701147795584604, 0.9027191803644248, 0.9877492729859515, 0.9833975262789287, 0.9752246242867657, 0.9087134339160827, 0.9943660539284047, 0.9941744816375752, 0.9944710485405861, 0.9892986898523879, 0.9938378643373545, 0.9944544894050313, 0.9947916389958175, 0.9965176446489974, 0.9944748791504807, 0.9944867670598375, 0.984953489291141, 0.9224101808561389, 0.6275247408671337, 0.8975149145385436, 0.9064142982003393, 0.8438434875064356, 0.8807094458890166, 0.9121098197679623, 0.8846727871233222, 0.8999738647867888, 0.8794977265816737, 0.9552785579447183, 0.9551744506387788, 0.9719568454705085, 0.9764068853837994, 0.969716495214411, 0.9692339076867245, 0.9726632385771564, 0.9725564702879964, 0.9309672167969373, 0.9397845398107869, 0.9021797695247746, 0.9020357484930062, 0.7884569231400097, 0.9666002306662647, 0.9691367288613494, 0.9694143357569706, 0.968773177249078, 0.9260025364842527, 0.6240845827148574, 0.5625491237999437, 0.7242170139158461, 0.8257680316299966, 0.7483616269041803, 0.7893690060968375, 0.7876532803311336, 0.5540908122736444, -0.2740042428694653, 0.9527893801343967, 0.9605913587491701, 0.952452212868922, 0.9729723906268186, 0.9125891093740955, 0.9578876509525897, 0.9568341731001454, 0.8937658638921805, 0.96122406732886, 0.9003665108559693, 0.4147690904295992, 0.8473519658351801, 0.8471333852170306, -0.08256987338004376, 0.6125075580263638, 0.7160736358408777, 0.6215819635795347, 0.9520413921674054, 0.6401325300721177, -0.2055750834715918, -0.10828897877213543, 0.6071034081379967, 0.6151144198733314, 0.6622299271171161, 0.9537871511035014, 0.9536009049175037, -0.1052625214728759, 0.12574637548705855, -0.03767092689347935, -0.05655994008392692, -0.029136993348822134, -0.012699936200251546, -0.0439278003177693, -0.08426754082994288, 0.31310186018755487, 0.062348244533391675, 0.014836785296180894, -0.45771902112825374, -0.4881143083143135, 0.6241590415759017, 0.7431338960731858, 0.7658051438230901, 0.8294266145302597, 0.8229460360540386, 0.5280612199079923, 0.7312828676202036, 0.763735082358369, 0.762352507778023, 0.41212094685795725], [0.9842393180627458, 0.9812940900099925, 1.0, 0.9856989650614916, 0.9925603547203262, 0.9896251252993798, 0.9906544672215787, 0.9910214885168143, 0.9943133662775675, 0.9536153178097808, 0.9968132798639254, 0.9909236979543783, 0.992871578097446, 0.9910846374282793, 0.9909930612794311, 0.9915648082267342, 0.9900042478684489, 0.9895567458817455, 0.9895212674152445, 0.9928310605145636, 0.9909484445992409, 0.9931449106953872, 0.9782146362627906, 0.9904921001960543, 0.9908832769924376, 0.9776516805951384, 0.9812175874512739, 0.9448606591084684, 0.9735094925050723, 0.976733233176572, 0.9780898800837713, 0.9494721715386042, 0.9879036188712189, 0.9910212957312755, 0.9892066985266331, 0.9930401865629578, 0.9945036353076024, 0.9920249926817325, 0.987281488930831, 0.9874466932333175, 0.9881771801355037, 0.9875362861278416, 0.9902577737063565, 0.9226876326773709, 0.6975657768166166, 0.9252900969610388, 0.8966634617041771, 0.7492103384947902, 0.92985513449966, 0.8994334352133323, 0.9310661124215259, 0.9262656380288392, 0.918168594546718, 0.9533886700827289, 0.9602387148150455, 0.928979971629495, 0.9446859172872198, 0.952098951458002, 0.9574158278113072, 0.9527732006062737, 0.9270498399209213, 0.8917274928216092, 0.9225449989823351, 0.9224914575231867, 0.9061726397972079, 0.8574280564202114, 0.9570952938004663, 0.934666874909101, 0.9527644971073564, 0.9310417597255788, 0.7596001346782791, 0.7915585759222424, 0.7282779539354253, 0.8125842153750595, 0.860000197752003, 0.8568411984648203, 0.8298933594651373, 0.8434916778583466, 0.28685844826654455, -0.5243786833400141, 0.9429621898689823, 0.9124357192045857, 0.9179800605228411, 0.9295039791220416, 0.9075694360249281, 0.9486659124381082, 0.9483082384509234, 0.9068948325823492, 0.9454565781597023, 0.8291756400666429, 0.5832578144752759, 0.9257553467261564, 0.9321919162478789, 0.1660580249381594, 0.8965379279968805, 0.9204659377073655, 0.7942128820815885, 0.9767641828631088, 0.7788700302116115, 0.5697118685183643, 0.3835219322949319, 0.785508626116417, 0.7865481664684342, 0.7740072501012009, 0.9806308835664126, 0.9806769353407561, 0.6554254467982813, 0.6327870187095603, 0.714148617398949, 0.25797190786057, 0.6889004642997367, 0.7122278066422413, 0.7271203845024535, 0.7085450233751982, 0.6913059664547523, 0.6637817356717501, 0.6414083796038852, -0.31040210158581777, -0.44401216143739847, 0.574796472683594, 0.8596249572467528, 0.8967689181637789, 0.8980422795376539, 0.8926162110557783, 0.7575248013537192, 0.8710619718535172, 0.8852988171518309, 0.8942206042018604, 0.7400475575468908], [0.9999206979858367, 0.9997571290430848, 0.9856989650614916, 1.0, 0.9991707531222842, 0.989693185505134, 0.9977923599408081, 0.9956674307363177, 0.996059192632996, 0.9792200334183723, 0.9932142659433228, 0.9957986057519529, 0.995204824069097, 0.9957219158872128, 0.9958405778095416, 0.996996626340789, 0.9984085481928624, 0.9963929905167564, 0.9964047255350793, 0.9965176212197284, 0.9957489645716027, 0.9865155998195261, 0.9697983087968064, 0.9886163897756284, 0.9875395885565752, 0.982122695368581, 0.9647277662799894, 0.9424488881141568, 0.9939253504642213, 0.994335407778744, 0.9918558825039855, 0.9741448429362681, 0.9975206271675187, 0.997984335890937, 0.9973395774764603, 0.995932530089078, 0.995680682433603, 0.9978674891949433, 0.9976857274547283, 0.9988101081230041, 0.9974493512931035, 0.9974595729361538, 0.9781666729545492, 0.9182795894798198, 0.7496439073188871, 0.8982934254471404, 0.9028539691287821, 0.8329423832724523, 0.966000550112328, 0.9409267068876878, 0.967094834405974, 0.9638021344781185, 0.9580056071571919, 0.9840456946359419, 0.9809651374072631, 0.9816920491152235, 0.9742468304475964, 0.9838270186976283, 0.9817518746905836, 0.9843985780888908, 0.984154063703858, 0.948999828679661, 0.964117242117157, 0.9691518557511402, 0.96881850076989, 0.9357382872505793, 0.9737461330645633, 0.9692196629152398, 0.9795699682480331, 0.9786146758054155, 0.9047847716417067, 0.852182334868733, 0.8174405007981419, 0.8708503600561633, 0.8980622544106447, 0.8952487998970077, 0.8969859458546913, 0.8957290295012437, 0.5071784511295903, -0.5192536805448159, 0.9744034889598158, 0.9633168228042036, 0.9601064457549063, 0.9826009381849702, 0.9478405216198846, 0.9796637157765983, 0.979616673198542, 0.9421724341208406, 0.9792622354071595, 0.9260795166211853, 0.6194542083721708, 0.8579450557326755, 0.9165593953526865, 0.2279061040780998, 0.9188442392274584, 0.9397107550002471, 0.8093597552971736, 0.9570937079205226, 0.8900201401016374, 0.6578936523008587, 0.4592078491110814, 0.8868369677204427, 0.8582044335958244, 0.8827896548337963, 0.9679085172908242, 0.9681563011973394, 0.7367182452394356, 0.7003664753083306, 0.8179290316094497, 0.3322548094220584, 0.7889700395906376, 0.8236052580677357, 0.8101474554616152, 0.8111417046659004, 0.7427784277254766, 0.7394100167554868, 0.719129840633134, -0.22927185756266746, -0.3673552388640873, 0.6220856851780947, 0.8986213529862832, 0.9446300262212985, 0.9486177128670964, 0.9188782667267791, 0.8256169615577961, 0.9159502911544155, 0.9376289673013573, 0.9375887894406933, 0.8667200986594144], [0.9988510345771452, 0.9973399513055987, 0.9925603547203262, 0.9991707531222842, 1.0, 0.9923909047713467, 0.9990339209767244, 0.9982086112000281, 0.998263144378364, 0.9723750926130675, 0.9974759290918866, 0.99825969031968, 0.9980204349135514, 0.9982440384632963, 0.9983117013613533, 0.998575473591367, 0.9991322292586972, 0.9986535182769634, 0.9986557718546147, 0.9983383414346532, 0.9982436435418861, 0.9933975537385731, 0.9773209549853159, 0.9934494510701218, 0.99336544059317, 0.9861224049754588, 0.9790965958485552, 0.945605740519972, 0.9904781212074597, 0.9926477568197488, 0.9896082950487567, 0.9647175949151404, 0.9989462530122999, 0.9989750062069076, 0.9989608627100446, 0.9983663561782834, 0.9984908674601807, 0.9990610942838337, 0.9991209747060293, 0.9990633637797337, 0.9989290050666007, 0.9989317771895291, 0.988709877730059, 0.9279604242717546, 0.724977122746805, 0.9145968789238756, 0.906065183182766, 0.8125893049138532, 0.9501048713404154, 0.9271612989640318, 0.9537826149638573, 0.9548802569122061, 0.9488755541448674, 0.9799330475189719, 0.9798764064422963, 0.9770639869857519, 0.9674753665272231, 0.9781049465989415, 0.9768359343295525, 0.9784212792933159, 0.9781100923282602, 0.950447110182393, 0.9528423238971837, 0.9484851379316935, 0.9480310216990897, 0.899067845501391, 0.9702952557509209, 0.9670369683521943, 0.9741045544383257, 0.9730640265532532, 0.9284798228632961, 0.8254189104945495, 0.7772038634576535, 0.8513927568303199, 0.8993089947903672, 0.8792455809316426, 0.88846368489278, 0.8872255731246375, 0.6641932242216259, -0.5923207201378853, 0.9663447125487464, 0.9495999460972404, 0.9479548701173282, 0.9782867316032486, 0.9278189882181144, 0.9711829658532806, 0.9706663034667662, 0.9298948246280904, 0.9733644632463394, 0.9344412955269397, 0.6047669154159518, 0.8827062029877535, 0.9382086357031526, 0.13787637339218162, 0.8943679210820589, 0.9219686847305433, 0.8026739847638857, 0.9633226604516043, 0.87769140751088, 0.5094520088385913, 0.3342897819241641, 0.8648060851985505, 0.8162042029155449, 0.8661756604269243, 0.9724716131904347, 0.9726618621393356, 0.6882902017543802, 0.6796307245187287, 0.7293775178905282, 0.30522873150288066, 0.6668178054289504, 0.7388168928521512, 0.7143436196225915, 0.694313757478123, 0.7253126938207768, 0.7209138322500293, 0.6996083857859831, -0.4568308530767167, -0.5314879812266231, 0.6087027464535774, 0.8907718893133589, 0.9281385264955371, 0.9395366654262078, 0.9148125748163977, 0.8002836627024733, 0.8970660102546277, 0.9212540375155093, 0.920739108230733, 0.7996279530090842], [0.9887860956048893, 0.9902595319492605, 0.9896251252993798, 0.989693185505134, 0.9923909047713467, 1.0, 0.9891589975078502, 0.9889905299844214, 0.9884052745504683, 0.9654582188507635, 0.9786210829649402, 0.988952464064741, 0.9900185852314373, 0.9890523405453355, 0.9891517660920374, 0.9919739157676395, 0.9901765671158527, 0.9899030835185706, 0.9898770843869282, 0.9878119001574648, 0.9889785148885615, 0.9961243936577668, 0.9909291302703565, 0.9885518949965945, 0.9882667683110365, 0.9660018061919476, 0.9840159175012905, 0.9647674338260102, 0.9743681608381739, 0.9778329379379657, 0.9860333882793894, 0.9726857486788452, 0.9891654383542835, 0.9893120563554906, 0.990109197098557, 0.9899619153005326, 0.9817459479506362, 0.9900018935520553, 0.9895089838527501, 0.9895436438873838, 0.9892609604091785, 0.989240952119705, 0.9943320113628327, 0.8826890752284321, 0.7332067315555137, 0.8739109385391987, 0.9046893501945708, 0.8407768996629013, 0.9385392972202774, 0.9131983006431486, 0.9401967009820895, 0.9468084710071324, 0.9365779827728967, 0.9639881870496038, 0.9684465320556969, 0.9668345339188245, 0.9779877716566505, 0.9680354316016944, 0.9796773838337236, 0.967985983715077, 0.9674125371632697, 0.9655782859623148, 0.9579852095170346, 0.9430291476733844, 0.942512457290853, 0.928002967641741, 0.9764204337859623, 0.9688108999162481, 0.9677845306479625, 0.9660603504488794, 0.9461078182335465, 0.8513705428353475, 0.8033594708568645, 0.8717897328203524, 0.8923804758599543, 0.8995520939935778, 0.8832441628922791, 0.8812963348711385, 0.6319507872602778, -0.48977127298440154, 0.9731283567604994, 0.9675078409292527, 0.9644168167434023, 0.9680155960979907, 0.9428179099987599, 0.9737870927959873, 0.9734596585861738, 0.9517889668818685, 0.9633575388625568, 0.9515890531264466, 0.6189981620742404, 0.8170503341681342, 0.9332199326443682, 0.2418490757232208, 0.9076380169224337, 0.927078868869041, 0.8057212046483565, 0.9535005481806708, 0.8483444590604641, 0.6106834069157909, 0.4392467810668538, 0.845634131376035, 0.8202617293214114, 0.8426359784487794, 0.9559531923099527, 0.9560262648077112, 0.7014798937330715, 0.6816645524933425, 0.7640155648510781, 0.3329132657561478, 0.743044181915935, 0.7719640621190995, 0.7577378595574064, 0.759941511813587, 0.7309987603554313, 0.7122645533416334, 0.6940358549359632, -0.2602806366699606, -0.3860987042708536, 0.6559260246838713, 0.8883465014920687, 0.9062145627403305, 0.9142136060438177, 0.902531101699209, 0.802689117409036, 0.8750353784951985, 0.8978689353488256, 0.8978374005072532, 0.843131746084176], [0.9974298794178269, 0.9925751153686532, 0.9906544672215787, 0.9977923599408081, 0.9990339209767244, 0.9891589975078502, 1.0, 0.9970786139597557, 0.9995166075376324, 0.9714771534090718, 0.9993950574147104, 0.9980761028382918, 0.9990527545241774, 0.9989882201300165, 0.9987556464350722, 0.9980988915174912, 0.9998884086278595, 0.9992310238028603, 0.9992364410914626, 0.9996393156993206, 0.9991982046128914, 0.9907917178139825, 0.974106740003104, 0.9837340235689291, 0.992281122258809, 0.9853055683938857, 0.9711270185772012, 0.9410482084477342, 0.9924304896223115, 0.991733018694916, 0.9929353992000031, 0.9707504110999189, 0.998792632927157, 0.9998114757476553, 0.9996116746026017, 0.9993773239737093, 0.9996344553388321, 0.9998427964880026, 0.9978453009917295, 0.9995960102251485, 0.9992518226821272, 0.9988478210876803, 0.9833382733824858, 0.9326784442004465, 0.739380663524531, 0.9272940226231956, 0.9155284172765826, 0.8023331531989051, 0.9599496879240392, 0.9401783359904154, 0.9609077239114023, 0.9587619353979211, 0.953685366411486, 0.9819826703967687, 0.9799372763247122, 0.9385147200427234, 0.95303963472921, 0.9676197310743696, 0.9678106374047906, 0.9695133311805324, 0.9388976823226952, 0.88592626018483, 0.9423288155431299, 0.9538822045576191, 0.9306477018132239, 0.8720485778281023, 0.9588946009448208, 0.9273813199908413, 0.9609766059366792, 0.9387095886194441, 0.7238204737124385, 0.8199911745437777, 0.750842379193784, 0.837198577931529, 0.8669166567658407, 0.8704274327617644, 0.8508165651044884, 0.8632641220016644, 0.2419541092250187, -0.5548130972019267, 0.9563482969745407, 0.9319691756653457, 0.9326839098904, 0.9410694823383522, 0.9288421277996197, 0.9648131713467387, 0.9648789068482012, 0.9203793094941284, 0.9609414011472607, 0.8138816775994144, 0.6007472157854009, 0.8839283164728071, 0.91635801729459, 0.20773153162285438, 0.9161685488406189, 0.9382576944568528, 0.8031147095888729, 0.9631100875833732, 0.8310373699522206, 0.6446231920075937, 0.44261315260873807, 0.8430309565856309, 0.8360871005466737, 0.8286122433389502, 0.9726977568912346, 0.9729596290503256, 0.7217936387089142, 0.6755245220613566, 0.7832093068399484, 0.3001909195592114, 0.765192614598702, 0.7930635522378172, 0.7841486090381989, 0.7893394862878075, 0.720658108902087, 0.725250195451488, 0.7031100666665425, -0.24903249881768333, -0.39428060700976636, 0.6279217342750837, 0.8916201313441264, 0.9307926919932652, 0.9461133995736501, 0.9175649110630778, 0.8231847748981301, 0.9150185992926275, 0.936964455243041, 0.9363290571571098, 0.7745129078024325], [0.9951185481228215, 0.98784999229311, 0.9910214885168143, 0.9956674307363177, 0.9982086112000281, 0.9889905299844214, 0.9970786139597557, 1.0, 0.99998391451632, 0.9652749512534754, 0.999622190008468, 0.9999968324316459, 0.9996537844976032, 0.9999977812021908, 0.999981353988873, 0.9963649730799854, 0.9992182559485775, 0.999883700224819, 0.9998834607520177, 0.9999551297969086, 0.9999944398964878, 0.991024381103024, 0.97498358556514, 0.9915339232448911, 0.9927763869623557, 0.9819570601355562, 0.9732852197663889, 0.9394697465900371, 0.988742240947443, 0.9943291926604387, 0.9916227414483821, 0.9672882718380569, 0.9994239691518169, 0.9994777886166846, 0.9996168073439409, 0.9996749120471309, 0.9986988876832619, 0.9993862763494183, 0.9990980134602638, 0.9983668692214684, 0.9994938706619546, 0.9993545612917718, 0.9847113399076981, 0.9333218215973025, 0.7261475922930054, 0.9344375023574659, 0.9130202665887349, 0.779857318079745, 0.9585813851754518, 0.9351995590457631, 0.9592028618412081, 0.952273282297081, 0.9472081315664299, 0.9800429032994903, 0.9766622580757578, 0.9325111746199969, 0.9463693689910229, 0.9592458735570979, 0.963391286481336, 0.961671370415808, 0.9368469126543151, 0.874131202187077, 0.9357256125991894, 0.9456330478746419, 0.9243894378575911, 0.8558879993094481, 0.9548670636501188, 0.9194074924428428, 0.9539278035376687, 0.9330828570863464, 0.7058445090126114, 0.8092085340332713, 0.7456725505812795, 0.8263345454213835, 0.8573820763798982, 0.8638392622201604, 0.845325998333659, 0.8546308649318259, 0.22013581026681245, -0.562010670237648, 0.9503685036453086, 0.9208492637894917, 0.9234301968283952, 0.9387484469492601, 0.9200319800683704, 0.9590360271121375, 0.9591079470968346, 0.9123269027852348, 0.9520474582132386, 0.7976184622250613, 0.5953930748138218, 0.9069983136245318, 0.9294553227456952, 0.19561436327731918, 0.9152436190731021, 0.9376892554475146, 0.800234242126301, 0.9680614527204668, 0.8352272560524854, 0.6305367138377276, 0.42902140904707053, 0.8446660504350018, 0.8331359036418319, 0.832434398466066, 0.975888501491401, 0.9761529410630457, 0.7114457766102004, 0.6661284195352658, 0.7855447625862115, 0.2844709399873186, 0.7600782230378264, 0.7889187881099773, 0.7857884391366052, 0.7839424368945579, 0.7128175067020646, 0.7186160835232955, 0.6957507384168452, -0.2667060845599008, -0.4110294034353958, 0.6078766100460788, 0.8828082781985949, 0.9286746563564868, 0.9383879811106588, 0.9110017642707413, 0.8114589942693943, 0.9085135778467279, 0.9306644769886897, 0.9302955392584337, 0.7536985348654824], [0.9954064976033333, 0.9878914733844345, 0.9943133662775675, 0.996059192632996, 0.998263144378364, 0.9884052745504683, 0.9995166075376324, 0.99998391451632, 1.0, 0.964564955158837, 0.9996209562236191, 0.9999812555007038, 0.9998306079612951, 0.9999897753552219, 0.99999682471709, 0.9989648693020844, 0.9991821449285895, 0.9998166147926304, 0.9998159548827535, 0.9999661541265583, 0.9999824114889293, 0.9936196945979333, 0.9759888337452938, 0.9948195889522207, 0.9949805710753943, 0.9819418882669663, 0.9773657442287303, 0.9404103521445519, 0.9892612137882195, 0.9933650554142052, 0.9885189475953472, 0.9626178020856669, 0.999336777662897, 0.9994183591758565, 0.9994154386743975, 0.9998313515969643, 0.9987104937733472, 0.9993775456481616, 0.9993173242324248, 0.9983589404612118, 0.9993297687068877, 0.9993248094125569, 0.9890032790696774, 0.9335016783698036, 0.7270150533307974, 0.9345610482756456, 0.9133564053474479, 0.7800862396904097, 0.9462323349801715, 0.9222039608564815, 0.9494473572797387, 0.949701416741997, 0.9445544839737393, 0.9773268974100311, 0.9767970290366953, 0.9652769473679895, 0.9468014287624364, 0.9662351703602454, 0.9634403796695382, 0.9666542031588256, 0.966288707293048, 0.9363119579326158, 0.9349427495736976, 0.9368676768893102, 0.9364336692029903, 0.8861684029935101, 0.955209200568554, 0.9564588658694949, 0.9628412063686372, 0.9615588678723396, 0.9139917847472295, 0.8084439821953407, 0.754129759881524, 0.8254759249224404, 0.8787914652984495, 0.861838636576545, 0.8697589890394171, 0.8687219862107466, 0.6071573991905092, -0.6259040580971701, 0.9502601524415507, 0.9208791285684513, 0.9235173215372288, 0.9667449698664444, 0.9103778013000694, 0.9584846548227028, 0.9579264804196115, 0.9130954461755191, 0.9609371846257376, 0.9179695043511655, 0.5935040782410977, 0.9064828689344196, 0.9442460294282508, 0.14299204707688754, 0.9005720776599269, 0.9273742031710488, 0.7993028827042953, 0.966667503690118, 0.8843740711431133, 0.5370097143032181, 0.35836952978972697, 0.8720834101147741, 0.8244691767609521, 0.8740742690517302, 0.9758026239570727, 0.9760896163374292, 0.7093276137398675, 0.6631148138724581, 0.7460494622661044, 0.28212165783924115, 0.6851559199519989, 0.7547246169531016, 0.7322295421149758, 0.713033457393643, 0.7100298464764001, 0.7152759334636144, 0.6923609681520182, -0.5071075811820551, -0.5833075755169587, 0.607555701147478, 0.8816916413825304, 0.9272686898612293, 0.9396270213075503, 0.9099876784072322, 0.8062552238194629, 0.8970890028203686, 0.9204518593106222, 0.9198880674164382, 0.8087409941627385], [0.979504369905908, 0.9660011376598491, 0.9536153178097808, 0.9792200334183723, 0.9723750926130675, 0.9654582188507635, 0.9714771534090718, 0.9652749512534754, 0.964564955158837, 1.0, 0.9491268013386913, 0.9656779762123329, 0.9645643026704236, 0.9653995744029049, 0.9649384432643031, 0.9665353102042118, 0.9748966158461487, 0.9700377685268002, 0.9700439195706023, 0.9654539072158043, 0.9655270760251919, 0.9655542128365103, 0.9519791824815729, 0.972484160907882, 0.9703175701944858, 0.8852642277388691, 0.968978244844647, 0.9500652056990941, 0.9752786218171724, 0.9692305038530845, 0.9692602606612803, 0.9338651606405637, 0.9739003200822022, 0.973453412009363, 0.9739487109483606, 0.9658019742990454, 0.957334005237461, 0.9729196171791072, 0.9737362489025885, 0.977314139949105, 0.9740944014220784, 0.9741093118552105, 0.9556921758234402, 0.8425292381748052, 0.5467736954670492, 0.7838046853331999, 0.889764946639952, 0.8761543806234906, 0.901674438399243, 0.8244321887379756, 0.9062079088517719, 0.9149217735707882, 0.9033202799191984, 0.9312535902483587, 0.9311060034999605, 0.9434903364995919, 0.9347998273169398, 0.9543120959702682, 0.947667699816183, 0.9525850182853223, 0.9525894592839123, 0.9121952767410411, 0.9518993585323307, 0.9361892494193612, 0.9358843777749334, 0.8545002764337354, 0.9351238986528997, 0.9433240033817204, 0.9364660384013476, 0.9354033539622011, 0.8860825106905834, 0.8162436103867762, 0.7717471589257014, 0.8604442087368782, 0.9134559267348565, 0.884390158596589, 0.8989562091370733, 0.8982203095780826, 0.7048170422866504, -0.310145136266264, 0.9527717665631078, 0.9531975952926603, 0.9456153806363635, 0.9453358728872767, 0.9003638477760741, 0.9540487368738826, 0.9539351370842813, 0.9005510011037318, 0.9561238358087933, 0.9058571686228128, 0.7037402603041879, 0.6681142200114986, 0.8623184556643502, 0.18144412668874924, 0.8495696078895276, 0.8876174151072577, 0.8727769093169848, 0.9485336538416763, 0.9051854082562913, 0.43713667857048394, 0.3849387581299427, 0.8975376607714745, 0.8729982949826657, 0.9038614332713685, 0.9488426722736847, 0.9491941291632646, 0.5382242840334082, 0.7023319337494615, 0.6088338887797636, 0.48374095375276227, 0.5726542988717986, 0.6292602282924713, 0.5899012328950369, 0.5656796417799081, 0.8037088705588699, 0.680919077204086, 0.6455113896679869, -0.27807689296255, -0.32483334914545503, 0.747708671614615, 0.9170247936350239, 0.9232940998163217, 0.9104313389598649, 0.941988475081442, 0.6560912041434402, 0.8414123650851612, 0.9094633944821413, 0.9085978517435577, 0.6915886397994309], [0.9916237517660428, 0.9904582790938252, 0.9968132798639254, 0.9932142659433228, 0.9974759290918866, 0.9786210829649402, 0.9993950574147104, 0.999622190008468, 0.9996209562236191, 0.9491268013386913, 1.0, 0.999653598072304, 0.9996297916178808, 0.999638119387493, 0.999646997397533, 0.9993817766484931, 0.9988326338624683, 0.999952219110156, 0.9999528916295713, 0.9996369136946784, 0.9996473092380052, 0.9894226458157132, 0.9544383547387951, 0.9905357698002726, 0.9917471482114193, 0.9868967723972271, 0.9680417912904553, 0.8886609674583646, 0.9882252730517092, 0.9921054283595279, 0.9712578877027661, 0.8920104588597134, 0.999113011243064, 0.9991854275726517, 0.9991067010109597, 0.9994389766352991, 0.9993707620297804, 0.9991286302285479, 0.9989864649953595, 0.9973801599116002, 0.9990809781597065, 0.9990788146865166, 0.9890928406500902, 0.9274262161144975, 0.5849269021769922, 0.9296907258665057, 0.9125822780297447, 0.7848142371996857, 0.8615771360593842, 0.8901540494659608, 0.8672493155771368, 0.8756372708320013, 0.858392639335008, 0.9500172254185756, 0.9499437668678665, 0.9466926163826528, 0.9492796859515606, 0.9377762936616372, 0.9399817801231952, 0.9426056606884804, 0.9423883905680958, 0.8889453511411634, 0.9007823461205943, 0.8556863424221527, 0.8554654432341396, 0.7255391999393511, 0.9425301716000791, 0.9462079338811019, 0.9464234811977957, 0.9456855354859967, 0.8905844294880939, 0.5695524589057447, 0.5038730217626461, 0.6694513819966368, 0.7789452023460208, 0.700058157830261, 0.7422296277961927, 0.7411770564401287, 0.49239405255061663, -0.4014110446798184, 0.9139608641471875, 0.9250520527408034, 0.9135931197433399, 0.9483046811249933, 0.86293822738587, 0.9204683684707471, 0.9190961188911261, 0.8438798530977742, 0.9252394841767769, 0.8522722058339522, 0.47244785988256693, 0.9023962370404492, 0.8990934632401634, -0.06531252125472527, 0.6578254254579751, 0.7507873455874458, 0.6359097798000547, 0.9685178132078114, 0.6531218431146688, -0.15218518169901235, -0.07938546028270142, 0.6250520545128371, 0.6299674360580713, 0.6724401437737172, 0.9698653477735804, 0.969918449809609, -0.04215611923306026, 0.18069782648240382, 0.028001343870844474, 0.007227997024919831, 0.03347539416868661, 0.05270205523431219, 0.020134607977740013, -0.02693668605826237, 0.37055487575399265, 0.1076766771580312, 0.05654381911132725, -0.5279609331258783, -0.5580956409169205, 0.6077037794686965, 0.734736148417935, 0.7582066084459147, 0.8242046538669672, 0.8212907398870468, 0.5063168525325527, 0.7197242542108814, 0.7557695981112205, 0.7544731076157315, 0.40079751449143924], [0.9952678192428461, 0.988123479136527, 0.9909236979543783, 0.9957986057519529, 0.99825969031968, 0.988952464064741, 0.9980761028382918, 0.9999968324316459, 0.9999812555007038, 0.9656779762123329, 0.999653598072304, 1.0, 0.9996394004765728, 0.999997613013755, 0.9999842361628023, 0.997016582382774, 0.9992751942587098, 0.9998954697230664, 0.9998953622461443, 0.9999630657708862, 0.9999948938916824, 0.9909415156637253, 0.9748724531275222, 0.9921854950017641, 0.9927422338280304, 0.9821829292201366, 0.9731296195150699, 0.9395103689735672, 0.9896236073786383, 0.9943789875196807, 0.9916927765426291, 0.9674330297758006, 0.9994659635998058, 0.9995223716450958, 0.9996510754563651, 0.9996772971841198, 0.9987943281272815, 0.9994329289392533, 0.9991364446305513, 0.9984544744100267, 0.9995372747140777, 0.9993972462831542, 0.9845304608967753, 0.9335984240474007, 0.7268434940911448, 0.9343637203301821, 0.9133165285269784, 0.7810691409074657, 0.9588932746738683, 0.9356129337937165, 0.9595234450413958, 0.9526414931891489, 0.9475954885573085, 0.9802762785513234, 0.9768420337942733, 0.932860572072005, 0.9466325390249616, 0.9595979176513837, 0.9635844638143862, 0.9620147718622576, 0.9371319920930018, 0.8744077904678911, 0.9360695045663556, 0.9460918441065312, 0.9248484616545539, 0.8564012796961774, 0.9550078108752794, 0.9196838544990434, 0.9542047494037488, 0.9334134247366314, 0.7060574557836848, 0.8097721090192423, 0.7462631560012983, 0.8268908390114398, 0.8578001927495108, 0.8641723380071571, 0.8457920302395838, 0.8551229604046287, 0.22056195540891038, -0.5618021971914486, 0.9506499546683665, 0.9213794419332106, 0.923854558957865, 0.9390168142884674, 0.9204277821192886, 0.9593151275344196, 0.9593875958742059, 0.9126354509083275, 0.9524250947867976, 0.7979669016984036, 0.5956687276551769, 0.9059501065599862, 0.9289013362701041, 0.1961301910905776, 0.9153193141339298, 0.9377570108164784, 0.8005387613645042, 0.9678855783886186, 0.8356556466571158, 0.6315198213802797, 0.4299274296351209, 0.8451176630162963, 0.8336679030058787, 0.8328467639996089, 0.9758007968856776, 0.9760664299975376, 0.7121107824042353, 0.6667756307637444, 0.7861025469832503, 0.2853995923057825, 0.7607625152748945, 0.7895830433991405, 0.7863451747844332, 0.784637274481868, 0.7132527360338903, 0.7190782916646227, 0.6962443459465332, -0.2656363047868017, -0.410056282901959, 0.6085331540313591, 0.8833233370588005, 0.9290720069447634, 0.9388786008202893, 0.9114478455658073, 0.8120067350362818, 0.9090477094828309, 0.9311865445463773, 0.9308013097931107, 0.7543647069246847], [0.9944611876624938, 0.9879252048975299, 0.992871578097446, 0.995204824069097, 0.9980204349135514, 0.9900185852314373, 0.9990527545241774, 0.9996537844976032, 0.9998306079612951, 0.9645643026704236, 0.9996297916178808, 0.9996394004765728, 1.0, 0.9996761262609603, 0.9996610270705542, 0.9990820387582783, 0.9987847270844951, 0.9994553760693974, 0.9994489228244331, 0.9996553455587762, 0.9996303560870677, 0.9928710374460774, 0.9764673415809352, 0.9955826524837817, 0.9954738167899971, 0.9820000414006945, 0.9759465732793835, 0.9420438576154516, 0.9887901942881561, 0.9923749269705447, 0.9907318571346768, 0.9649879555428539, 0.9987501229632932, 0.9990549077287847, 0.9992398040603591, 0.9999216613835284, 0.9987364858402158, 0.9990139295654674, 0.9985699320800455, 0.9976975736319247, 0.998740494055519, 0.9986657762608556, 0.9884624035378549, 0.933559381963404, 0.7228571454003095, 0.9344848361867153, 0.9131993932080982, 0.7803313284559292, 0.9548437317394158, 0.9285277605744757, 0.9557509136113894, 0.9492179049606176, 0.9436203140206488, 0.9767230306247391, 0.9747528787675577, 0.9567227703648631, 0.9462752605668677, 0.9598451857269779, 0.9627039181885869, 0.9617885293541725, 0.9610936189074244, 0.8784875796746235, 0.9328721686606849, 0.9443695268572276, 0.9440964349490606, 0.8543405304336821, 0.9552426161974703, 0.931811102453881, 0.9560913817825563, 0.9546607522273861, 0.7102949551721325, 0.8064994741095146, 0.7698761797689762, 0.824284291331326, 0.8592471988792382, 0.8631327250511867, 0.8538087460255613, 0.8541037499278545, 0.20438719778746822, -0.5564567561157799, 0.9495874574170065, 0.9210283065277365, 0.9226461954648427, 0.9597098146057094, 0.918974325396732, 0.9579440170572667, 0.957971390198827, 0.9121231570230577, 0.9527342567362866, 0.8047832686719522, 0.5961509429484941, 0.9065581591133439, 0.9294090472243572, 0.19335170225639167, 0.9131601721924939, 0.9359558152450249, 0.801570336356537, 0.970648914662368, 0.8292888345127043, 0.6234674986858619, 0.4245415216753455, 0.8362348041306598, 0.8283185220433927, 0.8245689706948193, 0.9777999302164044, 0.9780195461210159, 0.7027751859284636, 0.6611560953887067, 0.7646844584395617, 0.28508666288220846, 0.750663356738277, 0.7781650368100349, 0.7547622378595741, 0.7734897315121635, 0.7108365192613902, 0.7086166154570686, 0.6860464142817702, -0.27252086390230384, -0.4153231299035806, 0.6080806613680246, 0.8810942504344871, 0.9305988292142054, 0.9343912205068718, 0.9106364804714523, 0.8040740865905852, 0.9026481874247828, 0.9241632411671239, 0.9244363465844194, 0.7485288179172817], [0.995174887824315, 0.9879781557052684, 0.9910846374282793, 0.9957219158872128, 0.9982440384632963, 0.9890523405453355, 0.9989882201300165, 0.9999977812021908, 0.9999897753552219, 0.9653995744029049, 0.999638119387493, 0.999997613013755, 0.9996761262609603, 1.0, 0.999988431157348, 0.9985962390003408, 0.9992384577090503, 0.9998874291333282, 0.9998868618625414, 0.9999572487169738, 0.9999922319742064, 0.9910623633352115, 0.9750389592369103, 0.9940595077317745, 0.9939145233722874, 0.982090948774655, 0.973329700796759, 0.9396581162237974, 0.9921015259244386, 0.9947013344925715, 0.9915639122215641, 0.9671845023561387, 0.9994403855659687, 0.999483104405116, 0.9996273156286416, 0.9996942586417493, 0.9987434571836181, 0.999397865241134, 0.9991659080801372, 0.9983884267154194, 0.9995079183221657, 0.9993717931610133, 0.9846925696594833, 0.9334152582220483, 0.7262402630423633, 0.9344486119992658, 0.9132240475886392, 0.7804303600808123, 0.9586930100641463, 0.9353800174626081, 0.9593560707224958, 0.9522430948425753, 0.9471532293693894, 0.9800934153195069, 0.9766258074172154, 0.9328780543610843, 0.9465131262523456, 0.959450642198684, 0.963460501275501, 0.9618589644305877, 0.9365364171124552, 0.8743795873226105, 0.9355634357937536, 0.9457123049477504, 0.9246525621977016, 0.8560294825687121, 0.9550372403665223, 0.9198394071166386, 0.954179499198689, 0.9334684028483055, 0.7062546940983302, 0.8091496555733453, 0.7459870008551025, 0.8263219997101693, 0.85757935577852, 0.8638067431564147, 0.8455077967896893, 0.8548303064745018, 0.22051123592137473, -0.5616744227576288, 0.950436082341225, 0.9211007488990146, 0.9236326000877463, 0.9366804544255745, 0.9202466165603739, 0.9591142920476016, 0.959183068456718, 0.9125091818155099, 0.9522523230356446, 0.7979283497448357, 0.5954590282220427, 0.9065032063623998, 0.9292940788428585, 0.19573981894807646, 0.9151052341414468, 0.937580984386026, 0.8002404737728291, 0.9680783232877193, 0.835295059147799, 0.6304197973969023, 0.4289451855422212, 0.8447171211793926, 0.833310372964214, 0.8324945834272841, 0.9759422811384724, 0.9762031151478211, 0.7109845643101024, 0.6657112399072183, 0.7855537017748252, 0.28480049688244824, 0.7600770105447144, 0.7888597009075118, 0.7859903157486794, 0.783858460393701, 0.7127141090990882, 0.7177690074060461, 0.6949402117617131, -0.2664897846885696, -0.4108087261808807, 0.6082513308407812, 0.8827389397139435, 0.9288399398915123, 0.9384725280515548, 0.9110678987100186, 0.811274569320422, 0.908770403260705, 0.9307443180133027, 0.9304929986646624, 0.7538384768007673], [0.9953162710593805, 0.9880837854647215, 0.9909930612794311, 0.9958405778095416, 0.9983117013613533, 0.9891517660920374, 0.9987556464350722, 0.999981353988873, 0.99999682471709, 0.9649384432643031, 0.999646997397533, 0.9999842361628023, 0.9996610270705542, 0.999988431157348, 1.0, 0.998595048949196, 0.9992713781812285, 0.9998837982072772, 0.9998838256143086, 0.9999563599181645, 0.9999772078345661, 0.9909692203609411, 0.9750316631083684, 0.9924968302889149, 0.9925404342194644, 0.9821901564861245, 0.973041691845277, 0.9395882518871898, 0.9921483543746077, 0.9942930083786109, 0.99141424668773, 0.9670852983193924, 0.9994812566361829, 0.999469002272531, 0.9996176605735689, 0.9996846303319811, 0.9987645465651401, 0.9994034178185504, 0.999196937248436, 0.9984414661624464, 0.9995401776481401, 0.9994181946207984, 0.9844669485886667, 0.9333719634014269, 0.7269480614801432, 0.9343181231273409, 0.9133620724293372, 0.7807290582445238, 0.9592980019342945, 0.9364809616338073, 0.9600254538643054, 0.9524605380776651, 0.9473719249095488, 0.9805858529813186, 0.9768069988666409, 0.9336957441387852, 0.9469789348095601, 0.9598589903255821, 0.9636299379891381, 0.9622766949625311, 0.9379063991791197, 0.8745377469826768, 0.9351279342648654, 0.9460277016074908, 0.9254107760528928, 0.8559236802738026, 0.9554517350470294, 0.920493231176406, 0.9547223523018358, 0.9344088879049475, 0.706029929396084, 0.8087599797415855, 0.7470172147225875, 0.8257767874981616, 0.8575651663732476, 0.8632823022369919, 0.8460190350155312, 0.8552399780733058, 0.2200215244968078, -0.5611841852163599, 0.9504723824683918, 0.9213366907009231, 0.9238803409443463, 0.939853018799955, 0.9208091815856525, 0.9592624522554711, 0.9593887186473931, 0.9128552547055406, 0.952618376981175, 0.7978620348110869, 0.5941772271281965, 0.9060509797907176, 0.9289679288425241, 0.1945624554864092, 0.9146336444391477, 0.9370794590270672, 0.799334316921482, 0.9676913268590578, 0.8362633530293679, 0.6300730259238736, 0.42803103728711683, 0.8452393137758931, 0.8337080254401749, 0.8332366305910863, 0.9757109850524046, 0.9759980190952738, 0.7096621588506631, 0.6634816790340574, 0.7866393101634552, 0.28315486085308816, 0.7603085796037408, 0.7892346955503236, 0.7872313151772911, 0.7840584942880245, 0.7109139099852605, 0.7154720090570866, 0.692608009057515, -0.26568374107046294, -0.41007303952059904, 0.6077739115533745, 0.8818860387456293, 0.9294252831880394, 0.9389626320072018, 0.9102966682237373, 0.8114115829937106, 0.9097911592454726, 0.931323363319801, 0.9312047478337515, 0.7537057976116184], [0.9964671505722115, 0.9931419640438982, 0.9915648082267342, 0.996996626340789, 0.998575473591367, 0.9919739157676395, 0.9980988915174912, 0.9963649730799854, 0.9989648693020844, 0.9665353102042118, 0.9993817766484931, 0.997016582382774, 0.9990820387582783, 0.9985962390003408, 0.998595048949196, 1.0, 0.998928282039716, 0.9989571791604434, 0.9989549415799576, 0.9987788856932615, 0.9984868643349046, 0.9923578228294473, 0.9776977436940614, 0.9832601822299678, 0.9897688787670436, 0.9882807254994009, 0.9750280701151168, 0.9470420640533718, 0.993226382024102, 0.9930904375041933, 0.9904449492889449, 0.9672685110086118, 0.9987870376326794, 0.9987330305018705, 0.998969078580572, 0.9986131635582346, 0.9993676923563948, 0.9988685221799163, 0.9989093872968141, 0.9982338574473083, 0.9986665100188591, 0.9987379650925964, 0.9833407316494626, 0.926657723063429, 0.7326985779659108, 0.9274386535554598, 0.9160498229200723, 0.798515168391673, 0.9626696968138484, 0.9405578618566378, 0.9639845701987416, 0.9525272998142994, 0.9460936384293445, 0.9811840086439824, 0.9763359192130726, 0.9463243100386312, 0.9562484806641609, 0.9667360727499406, 0.9681119542744594, 0.9682895734405996, 0.9494723524185942, 0.8864052105999454, 0.9389999177507768, 0.9509234577542978, 0.9363485511869649, 0.8668003993412197, 0.9617410764724741, 0.9340195826699206, 0.9622773168309746, 0.9470407530377666, 0.72371345184235, 0.816447430598193, 0.7646339869521732, 0.8346968645899235, 0.8700447675929109, 0.8703979930788652, 0.85696217666