var element=document.getElementById("correlationAdjClose");if(element.style.display!='none'){var correlationAdjClose={"data":[{"type":"heatmap","z":[[1.0,0.9999944258520218,0.9862394961189738,0.9999325791857453,0.9991654881808641,0.9837221569701025,0.9978686666353221,0.996269022539629,0.970583127981247,0.9964911049986399,0.9946153582062863,0.9939374045150217,0.9963693085620589,0.9964052039151168,0.9963118450105687,0.9977159173369993,0.9980294997233244,0.9983397322438593,0.996833456680637,0.99684814889744,0.9968225267433741,0.9963409579850029,0.9881535981081307,0.9729042222475311,0.9905559997764347,0.9592568663966475,0.98967309361529,0.9869334866844148,0.9703666977353486,0.956178417474376,0.9925732302437533,0.993960776291202,0.9929106448604652,0.9791246175572335,0.9977784656846929,0.9979157406404107,0.9975968641171429,0.9964489445065925,0.9955856004512232,0.9978021268106531,0.9986761930460113,0.9987112189689145,0.9977545046127032,0.9977657228841604,0.9776505434429016,0.9229242909611028,0.9536592011046674,0.9387566066105071,0.9385963681867323,0.917372243930277,0.9641454205704482,0.9510728063304705,0.9659588895313409,0.9681744828984458,0.9574028414411828,0.984731313761178,0.9824438786831087,0.9909632831648418,0.9943021416374427,0.9874230549293254,0.9825396143016092,0.9882093948451887,0.9865963440606194,0.9887479670823014,0.9886144441551886,0.9571793087094912,0.9759012254141002,0.9766621911916387,0.9764328750000107,0.9462430685162245,0.9817810399868332,0.9787356251928492,0.9858611284833041,0.9852349465949669,0.941411403218343,0.898097861795875,0.8672894739044097,0.9128389039467378,0.927956453624305,0.9257577306997689,0.9260942659410756,0.9250000981812627,0.7219684849279406,-0.5427065622559328,0.9809306329657185,0.9760800725898764,0.9735778563386911,0.9880806271508566,0.9743155732760587,0.9845772344770574,0.984570296203656,0.9446220133405578,0.9852302554939727,0.9478288794408342,0.7973985352797748,0.9164373699522993,0.934083762953147,0.8183876313610783,0.9549824314491187,0.955575568428292,0.9019274506038877,0.9675512091026323,0.8952019719823651,0.5847839626913743,0.7273559302959814,0.9024107723903568,0.8725520239059775,0.8937467809671704,0.9755590116855956,0.975756609240634,0.788056618326745,0.7501740518266335,0.8250886943475353,0.45296282506220464,0.8068229007711865,0.8292378780856767,0.8243883274849126,0.8170792171991464,0.7911621653060414,0.7552682801221189,0.7394495577379262,-0.2841955259716463,-0.4248351193437974,0.6920752999063375,0.8911939843344903,0.9316055536809753,0.9411758652516207,0.9054969113231949,0.8281563959743481,0.9091160707090017,0.9251888189840015,0.9249779370587434,0.8604695557789531,-0.14780356858490068],[0.9999944258520218,1.0,0.9896258700474054,0.9998519007210532,0.9982958241673459,0.9897148050771537,0.9942337814613975,0.9917996244094897,0.9868895660382432,0.9918089354089128,0.9918325848770695,0.9932567609125468,0.9919076873010767,0.9918038518819459,0.9918617228593892,0.9939462216696794,0.9963106875020477,0.9958731796096916,0.9938888146707393,0.9938968534246846,0.9918537414780696,0.9919004454347509,0.9924942702837127,0.9771491223278687,0.9883062380045706,0.984011580290155,0.9883391817346595,0.9868990347257584,0.9820754688804062,0.9397454819372915,0.9899383563141539,0.9878272529785163,0.9828582304208483,0.9416903671726811,0.9952624923875913,0.9951943977745058,0.9953989157157644,0.9922617413676025,0.9949831335665651,0.995416068054273,0.9966603425696623,0.9968441364029579,0.9954101479622441,0.9954211171721834,0.991112236877208,0.9227137728166319,0.9000152300069322,0.9387288309052384,0.9387514320172088,0.9173532616466119,0.8914614934910282,0.9320493974972999,0.8936603793159752,0.9220375548980747,0.8913056257254456,0.9590144265514664,0.959000416816511,0.9724774763891665,0.9852817478380538,0.9831182660802847,0.9846855336302578,0.9793168047139382,0.9814906729030101,0.9806884327737895,0.9805692947663743,0.9439144714526712,0.962999748653258,0.9375347931201155,0.9373885720338098,0.8680189139157231,0.9812252111841461,0.9824597581847537,0.982648918872828,0.9822205759655394,0.9533312965639286,0.7995051126947835,0.7637783578253169,0.8530675987537344,0.9083509354269375,0.8679735294146554,0.8886425958114768,0.8875674915971707,0.7646526600448517,-0.1480981855649517,0.9709931695831007,0.9739962589497778,0.9706990745398177,0.9835460506347935,0.9673430728504477,0.9735425557145462,0.9728991117877547,0.9299897786791699,0.974973636235825,0.9321180081969166,0.7295289824930814,0.9161834895861392,0.9158380346819733,0.5586221194210745,0.8497691205923784,0.8535102297849875,0.7565850210274148,0.9679464388840481,0.73022440985076,-0.3075205683748178,0.2440467595548324,0.7565364380573006,0.7070338918720177,0.7494283598654502,0.969484327659309,0.9695153020195549,0.18964865416274065,0.3600345208035039,0.195017874535949,0.1683502282221838,0.18817297154739965,0.2016082884181078,0.1984852488789722,0.11920016309554499,0.5450883958486388,0.278326666636058,0.22821125041075596,-0.4335043743384125,-0.4817616102075137,0.6924279709279031,0.758652539870398,0.7822513490023062,0.8447037638142902,0.821295640183493,0.5937103537957626,0.7690988157500217,0.7766903592390142,0.7756118995595018,0.43615253891041367,0.23333127876851634],[0.9862394961189738,0.9896258700474054,1.0,0.9875507091426455,0.9933883297225645,0.9912865119245495,0.9896030147760119,0.9903367307700736,0.9911334951246046,0.9929693740717498,0.9969243565289063,0.9960938547579301,0.990190820965017,0.9923066669943509,0.990391551913069,0.9898476783538002,0.9908063628886387,0.9900070288328697,0.9890176243350102,0.9889880630903143,0.9918558323931399,0.9902157602415107,0.995067986159309,0.9850694336830946,0.9910690094016968,0.9820699459258144,0.9916880486751272,0.9874630547781911,0.9870875069739142,0.961986311750031,0.9694836844659578,0.9737203299954562,0.9774827808767824,0.9568309927478278,0.9869609882078265,0.9900613843031566,0.9884365114287003,0.9919951942423485,0.994699736321395,0.9908590372732736,0.9849400098976259,0.9878523242846542,0.9873265693237417,0.9867032260258943,0.9925333695072844,0.918528662849973,0.9376179601245701,0.9481881411908348,0.9311475847228541,0.87797659402125,0.922348579967766,0.907428307152045,0.9251067165841607,0.9315678570163134,0.9157190464411626,0.9504714224995124,0.9599121764033174,0.9678115511961686,0.9774188857206856,0.9433267253516645,0.966194050840879,0.9657306266272904,0.9720637928397807,0.9659706324640778,0.9419645587888318,0.9239355059720293,0.9498148464789166,0.9402842987763066,0.9224652152846349,0.897526361147131,0.9725596747149406,0.952472770093214,0.96553578435848,0.9454600302803915,0.8398848766483274,0.860704407101885,0.7786620859326732,0.8774644988773135,0.9012219694901309,0.9031557500509001,0.8705199448666902,0.8849440491111022,0.439065001531603,-0.529109605893531,0.9628267388938649,0.95030643602961,0.9501281461248609,0.9433836358857581,0.957342442171856,0.9653967253836846,0.9650837382808723,0.9332425334339212,0.96109560532776,0.8853555871526819,0.7817657996495663,0.9547810891017237,0.9541073514914474,0.7987839484541568,0.9425938483077954,0.943955401521719,0.8747404189282114,0.9804654097570037,0.7754292367409672,0.48911258838616317,0.6715323600255753,0.7976496068310439,0.7997267821340028,0.7787134599205614,0.9825487031523762,0.982583743929477,0.7186964741211992,0.6985598625768095,0.7106760437787757,0.4022017616998,0.7080173007505717,0.7154565921811583,0.7251540059840639,0.7150431154949102,0.7546367654930383,0.691249588248145,0.6744151832349985,-0.34323674722466535,-0.48364370713004184,0.6602030902349033,0.8532239930800956,0.8785684020835336,0.8865756382916974,0.8777376460687812,0.7616870252529863,0.8579657123036285,0.868043537514967,0.8749773567234445,0.734828188752919,-0.07054479965892924],[0.9999325791857453,0.9998519007210532,0.9875507091426455,1.0,0.9993964093471548,0.9848031702780619,0.9980951433207625,0.9966669250877112,0.9726929902349383,0.9969330480860992,0.9952965693461351,0.9948262103778908,0.9967501352138993,0.9968711085855377,0.996709244472219,0.9979699400851455,0.9983442073408988,0.9985846263911455,0.9971808303330243,0.9971924903002433,0.9971983399278986,0.9967254297777474,0.9892881249283606,0.974243946345306,0.9914624974654445,0.9617172890671383,0.990680842605824,0.9886851189085059,0.9722584805227525,0.9573253864972315,0.9919167378002053,0.9934839172078633,0.9928381545434141,0.9787170496400297,0.9978515288295233,0.998103908951717,0.9978063652114375,0.9968812810450259,0.9960646027973136,0.9980227375720148,0.9985729745119788,0.9987858246048973,0.9978235678644882,0.9978315339599774,0.979383858784048,0.9195010562007044,0.9516432489896667,0.9387069072819221,0.9366590214579283,0.9113606430439278,0.9612973802575286,0.947890447026001,0.963023169298053,0.9658125736766491,0.9547328559778795,0.9827032297428357,0.9810087321375254,0.9901282829172644,0.9940995785517918,0.986121499239179,0.9814798676175123,0.9870835322063198,0.9860403355635945,0.9875491104093281,0.9874107254009832,0.9485380941855477,0.974742467202471,0.9753169109941615,0.9750861604139333,0.9417384216757166,0.9813498926210087,0.9761616467094887,0.9845612235091997,0.9839042574768645,0.9233843772409877,0.8967277845770054,0.8638009762167881,0.9112647992668386,0.925393825856381,0.925325656225928,0.9238741271427134,0.9228216667277046,0.6369921806098773,-0.5422054823096535,0.9801653171372994,0.9749088423141039,0.9722193250887166,0.9867842921337484,0.9736713090365016,0.9838898738101011,0.9838806166941565,0.9442740548740036,0.9839393371712524,0.9347282132047624,0.8009125789595866,0.9214065019263961,0.9378538291283317,0.819973850969794,0.9561892262532715,0.9568119603466584,0.9014656234275275,0.9687085879581395,0.8890965763728106,0.5811104594425319,0.7256087893378826,0.896936282144748,0.8688482008103412,0.8879996544051284,0.9763471107690729,0.9765485242672018,0.786857808252841,0.7503355842706421,0.8171508898729718,0.454588230327721,0.8009235499800545,0.8210267393077532,0.8161051296860365,0.811621743062842,0.7932995394867219,0.755105578664962,0.7393603296739963,-0.2795944407564117,-0.4241095440297264,0.6913009570023623,0.8893766413198626,0.9296800060461059,0.9393026456660304,0.9042970755994401,0.8253771973629075,0.9070563310162121,0.9228745187812084,0.9228140043261982,0.8533490616707408,-0.1407552429563426],[0.9991654881808641,0.9982958241673459,0.9933883297225645,0.9993964093471548,1.0,0.98733405872776,0.9990125798987904,0.9985397553426758,0.9844107300770643,0.9985397169587867,0.9981373569712848,0.9980786666678283,0.9985590530864284,0.9985711585811042,0.9985713459518589,0.999057439658768,0.998800440899586,0.9992490428189506,0.9988398202999915,0.9988411687304535,0.9986163383657317,0.9985591845781225,0.9948449016228447,0.9815650994387422,0.995115856110965,0.9782078968074678,0.9951304210270973,0.9922396584750226,0.9843452234296468,0.9605309870261542,0.9893492967895163,0.9920039733427233,0.9903219168962132,0.9713660182828426,0.998854134945519,0.998916601881014,0.9989398823543352,0.9986622673659246,0.9985787198689877,0.9989071992512923,0.9989264462445736,0.9991521321560293,0.9988687029653796,0.9988689314430818,0.9885354975947812,0.9288089874112548,0.9509811882907124,0.9463541571647371,0.9376331501909225,0.9069980435746442,0.9496485526177987,0.943857436213325,0.9538838335892817,0.9600034996921438,0.9485838337801998,0.9805798849106674,0.9805284608501251,0.9902501761875441,0.9939805185899245,0.9824638973647385,0.975659010655769,0.9819577281419584,0.9823322086294373,0.9823364638056907,0.9821633779677511,0.9465286558774157,0.9667450203882547,0.9606517081458751,0.9603909975342307,0.9150552034000474,0.9785155485772005,0.9748083088079589,0.9805830704118581,0.9798380660602475,0.9383629409477071,0.8783767395649248,0.8442036004336957,0.8974366390506842,0.930071273357695,0.9161208370612025,0.9225225155216205,0.9216992923898931,0.7742097251381831,-0.5438719901997203,0.9742851979622966,0.9650148267070362,0.9633723719438605,0.9833204618389345,0.9642980716229899,0.9777333681496353,0.9774210391743545,0.9359790926539974,0.9790313598309858,0.9379183314413934,0.7908582125464765,0.9352778648091657,0.956744585142594,0.786938430805682,0.9448355732706625,0.9460500205564265,0.8963915345345789,0.973403138211479,0.8904719815100873,0.42040732208992654,0.6708180255584917,0.8964068109666863,0.8489723082569788,0.8923185556613522,0.9797986279667512,0.9799565378448233,0.7539162448739309,0.7351001835673068,0.7572695081358396,0.4336648109254144,0.7132243322225982,0.7617421808530827,0.7575613224756631,0.7220061365105015,0.7812460000472825,0.741424626266985,0.7248086516360607,-0.4801127888118283,-0.5630240413782408,0.68631810512672,0.8849141395198427,0.9169956426456047,0.9351399931210805,0.9031311268288877,0.8087750539594583,0.8981669340706053,0.9111842507434675,0.910703521302126,0.7928533250784519,0.0692917357177965],[0.9837221569701025,0.9897148050771537,0.9912865119245495,0.9848031702780619,0.98733405872776,1.0,0.9814101375930029,0.9826027786431164,0.9930416135938445,0.9819329859121837,0.9777889124176304,0.9767847629077835,0.9824356748727833,0.9828751501865464,0.9826714509045907,0.9822549368906766,0.9858886272383826,0.9832851102717993,0.9831576083918486,0.9831254194711092,0.9814304926774228,0.9825308197727793,0.9942753261200333,0.9934978246011295,0.9837828874479124,0.9875059465529685,0.9842176681530476,0.9741032097569817,0.9875576898257838,0.9740598941545364,0.9599297089872978,0.965832016399819,0.9759594682006437,0.9670366370697611,0.9811120679266273,0.9814949784941569,0.9823728621226724,0.9833084467994302,0.9776607082329598,0.9818677265276488,0.9803087302169777,0.9821321083080526,0.9813412284669432,0.9813127036493212,0.9959747531397041,0.8800614145538018,0.9290236546885766,0.9250507264884869,0.9350664259620096,0.89409339787329,0.917272855316294,0.9109686523018639,0.9201187323029982,0.9366824957874371,0.917097516541114,0.9493318778242508,0.9553125865952279,0.9616264621318741,0.9688603945756452,0.972462264364586,0.9882674548007495,0.9745477024484697,0.9856129677276854,0.9741546441423278,0.9736677444272043,0.9763200180824501,0.9718582248997206,0.9525718741866159,0.9521341454023163,0.9492545180834981,0.9844241901521315,0.9771880631251085,0.9736184997897811,0.9724129942679783,0.9661903301432895,0.9030321766530269,0.8593673440105136,0.9185706432102386,0.9229693838139195,0.9324075445683561,0.9134905410167061,0.9115096355432003,0.7584580162895203,-0.48430977150419013,0.9826957580638501,0.984327719818218,0.9806257946914813,0.9733208497694968,0.97567991290415,0.9813483854821435,0.9809958543192617,0.9689336919397691,0.9712048650801263,0.9684674146174117,0.8028335007156588,0.8955675201291682,0.956316018066401,0.8321954008520948,0.9446387607296748,0.9452644423023892,0.8658740296527718,0.9584000424980813,0.832140603007224,0.5026251475163219,0.6887765375726297,0.8419310306549279,0.8190120972358822,0.8317173643156321,0.9582159769135564,0.9582799746388019,0.7394284080524456,0.7254571954742958,0.7499239603514521,0.4576103416520809,0.7456669923890952,0.755146507524441,0.7488661544678591,0.7470253864821813,0.7722995120852783,0.7136063034322018,0.700759901861243,-0.30527989223606217,-0.43612570960049163,0.697675915361227,0.8527686342303211,0.8682079351417669,0.8846024825588462,0.8618959416648381,0.7821655176346776,0.8464663171560086,0.8603760693920067,0.8602707782345995,0.8031102217179334,-0.10052149328813856],[0.9978686666353221,0.9942337814613975,0.9896030147760119,0.9980951433207625,0.9990125798987904,0.9814101375930029,1.0,0.9976008440018652,0.9569834243211647,0.9996254723792551,0.9995907652318917,0.9996167589400894,0.9984750825251761,0.9994921726681307,0.9992155714327408,0.9998934833341759,0.9967111193736403,0.9999047394620405,0.9994044054766195,0.9994097986155682,0.9997245679707588,0.9993543086891189,0.9907413406502288,0.9748346475819047,0.9862975116485677,0.9280618060777872,0.9938075687491392,0.9927625799920532,0.974954149275205,0.9540078674434934,0.9916978279698023,0.9920866402285472,0.9937932238695012,0.9759662856288593,0.9990445370918998,0.99985848405595,0.9997262343496958,0.999493602753493,0.9997813949601699,0.9998443444388743,0.9985672043380474,0.9997465036126174,0.999411976125333,0.999081764319595,0.9801467723151029,0.935924991361678,0.9538949877090814,0.9511861690775203,0.9395696608334799,0.9059321692353326,0.9581660562401348,0.9475016010811417,0.9605201920866081,0.9634169859776048,0.9539323795501236,0.9820883409538946,0.9818158779805787,0.9920461373329424,0.9964487681378514,0.9522109883448789,0.9627490757613415,0.9736841416484394,0.9739090392228015,0.9751689067600579,0.9522215086955447,0.9031574706042704,0.9573744096607171,0.9628230057005578,0.9437548748129806,0.8935368205875995,0.9686194208407748,0.9446047936035573,0.9698057553648065,0.952652343467446,0.7977858431607047,0.8705097885880703,0.796256954011782,0.8841963237897158,0.9005863091723849,0.9049030463929056,0.8849746243469147,0.8965236929521035,0.3855836558117624,-0.5771999522293948,0.9647411880026544,0.9501316460401847,0.9500195060683037,0.953728272542902,0.9599983480323317,0.9710654852407413,0.9711484696546003,0.9240072050698172,0.9690166938795869,0.8572759108237863,0.7845716441399435,0.9363307228272921,0.936496408230879,0.807141019077118,0.9538371272191659,0.954682574860128,0.9004632773949883,0.9729965500135676,0.8327959872249142,0.5766548248784127,0.7193483143875556,0.8568724214822665,0.8505936045786558,0.8383775368758303,0.9803086054201889,0.9805195353582229,0.7785396516283631,0.7327942299161926,0.7826237977590694,0.4273146950777581,0.7803883360393746,0.7955953657296289,0.7882806756931697,0.7942808059202728,0.7787653093848728,0.7479456909830365,0.7303671888664576,-0.29328042740234656,-0.4454354226478717,0.7002522360199417,0.8898373718669365,0.9223954585494045,0.9405435205192895,0.9099209278919798,0.8271973594851249,0.9092469164340911,0.9273174579725628,0.9259534522793169,0.7780095220883778,-0.11063725506529268],[0.996269022539629,0.9917996244094897,0.9903367307700736,0.9966669250877112,0.9985397553426758,0.9826027786431164,0.9976008440018652,1.0,0.9676464747260939,0.9999998332010602,0.9999993316361865,0.999768471496319,0.9999970820009803,0.9999929265883031,0.9999982888270302,0.9993445334470415,0.9917039313831495,0.9994736570119371,0.9999108126774156,0.9999106126341286,0.9999658636158377,0.9999988040365799,0.9912519384978172,0.976540806491046,0.9930824969217884,0.9419980213241579,0.9942951586224663,0.9911473858944445,0.9771418509735106,0.9535227643125909,0.9880637101907624,0.993931589905525,0.9924428014644481,0.9731537014607143,0.9994783868275307,0.9995827685599364,0.9996832452349452,0.9997493913348425,0.9992624224056975,0.9995202611012591,0.9982741866997575,0.9988702953590831,0.9995502346277924,0.9994203825531025,0.9818724389335356,0.9357624264428664,0.9513653957819864,0.9546903882603746,0.9385562329156084,0.8963215981335297,0.956417351149239,0.9431312845038019,0.9584300243362082,0.9580131152414919,0.9481393170269687,0.9801049045282311,0.9790128044444866,0.9910470005406162,0.9968929746001342,0.9476978891927967,0.9593488049681015,0.9681568267098373,0.9713553135459316,0.9699976376710193,0.9507073636775945,0.8972168158572211,0.953352456097334,0.9568605262761747,0.9388726190828364,0.8835617539769444,0.9663527474294861,0.9391342780693779,0.9649938516595946,0.9484721372565222,0.786957050069305,0.8637974454836401,0.7922692672153726,0.8774483946676789,0.8943430841844677,0.9011112153128705,0.8810467740760541,0.8904969092731833,0.3696792346779474,-0.5807726975134687,0.9612673097699405,0.9449524778193339,0.945074253066434,0.9519492753653108,0.9563140970221984,0.967670585193589,0.9677547161939531,0.920495782822479,0.9630866616709692,0.8482291404476378,0.7819104718096965,0.9486998156205495,0.9466691894159077,0.8042134312972468,0.9537222235926779,0.9546974699721198,0.8979577297477495,0.9767084379718968,0.8353957658750758,0.5623488157692683,0.7108459736485342,0.8575799290012298,0.8473682103651359,0.8402279821419945,0.9825859902500267,0.9827957830228429,0.7698672608637441,0.7255613519606429,0.7836418545788589,0.41567959060457993,0.7752778943311913,0.790967320465671,0.7884384517171296,0.7886781587283495,0.7729138433873162,0.7423488581588497,0.724231384052875,-0.30845738723214117,-0.4595299916141453,0.687843064786231,0.8825851223587712,0.91977024564165,0.933091179750297,0.9043319335704993,0.8167793539593156,0.9028801931334429,0.9210579591226059,0.9199463837920718,0.7596933353943106,-0.09385938388095054],[0.970583127981247,0.9868895660382432,0.9911334951246046,0.9726929902349383,0.9844107300770643,0.9930416135938445,0.9569834243211647,0.9676464747260939,1.0,0.9826962156146322,0.9872139387957072,0.9896344009287685,0.971287636648494,0.9796134389911444,0.9761866460631076,0.9741821666631141,0.9498208360584157,0.9790362413771483,0.9768875525841852,0.9768380145534341,0.9811844240101681,0.9760324840140686,0.9939170551007627,0.9932744143403845,0.9802957283627309,0.9896036864827388,0.9834208167471074,0.9903346440010047,0.9906710626635931,0.9694011708704714,0.92752632577778,0.9491092604246348,0.9663395564989138,0.952440733431226,0.9705986734803642,0.979083541544777,0.9756932070071,0.9780616373560556,0.9880834629798467,0.9802461324466515,0.9667873082828509,0.9762862806478751,0.9714637910455187,0.9704318353378396,0.9990184702569211,0.898590733997225,0.9221492221781259,0.9493849740865407,0.9390683885519029,0.8744891288732901,0.8859471140758923,0.8853002760165953,0.889941927865982,0.9153577160302633,0.8954970871654803,0.9290599333195281,0.9456732513209128,0.9508506569006151,0.9610265092800173,0.905463787577015,0.9682395138075444,0.947253893073122,0.9669457641523735,0.9472579510048987,0.9041919640332626,0.9171262304717472,0.9446630758302669,0.9180923799293806,0.8826163054682103,0.8850516310534888,0.9685030496888756,0.9224727351833168,0.945213239161806,0.9083863804610951,0.8303017203052505,0.855881930563415,0.7377623923982323,0.8742292907865835,0.8840750007489531,0.8975685169452343,0.846468733902303,0.865156211621452,0.4206176404254476,-0.5115321272915775,0.9585520269975576,0.9535771964237733,0.9509576974818144,0.9039689867999205,0.9491565311110184,0.9567543124843694,0.9562864239096919,0.938143145129673,0.9420596537773556,0.8759235725819421,0.7878804613181151,0.940295763175222,0.9617525468570757,0.8079015476818798,0.9359252248943956,0.9371845741585973,0.8523162729433439,0.9679082016491996,0.7414787703970385,0.4512478599566508,0.6525484867986452,0.7743680837166302,0.7762741257688498,0.752573654804466,0.9672208734230805,0.9672294644463009,0.6996607650292058,0.688178541468003,0.6757699535475743,0.4098447083486897,0.6895654759574914,0.6931339706698606,0.6751030337152629,0.6929438590113016,0.7473072723990878,0.6847634782862468,0.6692631995032621,-0.3488263008370226,-0.4854768099085398,0.6985242442540498,0.8374138770050512,0.8312678062494058,0.8608461947493257,0.8564872774406213,0.753338032974128,0.8135491089102719,0.8370371862242378,0.830922949037571,0.7066037206306492,-0.030516048612080713],[0.9964911049986399,0.9918089354089128,0.9929693740717498,0.9969330480860992,0.9985397169587867,0.9819329859121837,0.9996254723792551,0.9999998332010602,0.9826962156146322,1.0,0.9999991470571795,0.99977301046448,0.999998527651844,0.99999181822402,0.9999978216538117,0.9996908444200182,0.9979085173789516,0.9994719420156608,0.9998863981048098,0.9998864166129222,0.9999779854034022,0.9999993357588364,0.9938113248876144,0.9782677101214985,0.9962880095024749,0.9744131720488141,0.9963748641326671,0.9911646081054072,0.9815253148755254,0.9549167378293845,0.9898404162785994,0.99383876410929,0.9901395671291601,0.9699706202233603,0.9995111474951828,0.9995765903895478,0.9995892320298163,0.9998368699446499,0.9992745038538432,0.9995277100039572,0.9984999407741094,0.9989158144483514,0.9995171319239552,0.99951259282372,0.9862670132024668,0.9358244376354676,0.9513983272189735,0.9546941401526389,0.9385930859730481,0.896441442735833,0.9478206538167431,0.9383278585409438,0.951465661544526,0.9563308882301741,0.9463708359220747,0.9792370362450168,0.9790458330823084,0.9916212372660105,0.9967191109959456,0.9728264347926356,0.9593288671145118,0.9722622190247898,0.971346267143349,0.972775694077635,0.9725508497741808,0.9340685765080716,0.9533618944375227,0.9511647007445456,0.9508790245568196,0.9034198944648641,0.9663320937695837,0.9652486318769002,0.9711147208002238,0.9701719994213525,0.924790314837599,0.8638301503593075,0.8242572433764056,0.8774780836985915,0.9134635514016499,0.901704910317041,0.9071436657655169,0.9063753563796211,0.7293098233464358,-0.5842488234172634,0.9612657197936211,0.9449387107750171,0.9450730857554742,0.9738633520481851,0.9516380284458007,0.9673673852386022,0.9670147125649949,0.9211945243578036,0.9688746677792675,0.9234046511515335,0.7819130566936017,0.9485796480384068,0.9582586924657963,0.7891628397047739,0.947684031101326,0.9489035235023947,0.8980302630440871,0.9759671899320758,0.8985768607468946,0.4604753001021998,0.6881828109031353,0.9043933365278652,0.8572458305756447,0.9003181608115837,0.9825746548777333,0.9827845698654707,0.7699359432592342,0.7256541194174604,0.7728294644020784,0.41579080819227016,0.7299208501559077,0.7774853913001315,0.7729982462909613,0.7405104114407924,0.7729646043622133,0.7424410224467695,0.7243253405101119,-0.5253648844512259,-0.6086711465389015,0.6880286474526824,0.882691344019122,0.9199491118840606,0.9374585464014261,0.9044310681815503,0.8136011292261709,0.8993562686267782,0.9137685374899801,0.9132490420386592,0.8050665118899067,0.13244348870258463],[0.9946153582062863,0.9918325848770695,0.9969243565289063,0.9952965693461351,0.9981373569712848,0.9777889124176304,0.9995907652318917,0.9999993316361865,0.9872139387957072,0.9999991470571795,1.0,0.9997724845332085,0.9999963824926674,0.9999949015256389,0.9999983608482096,0.9996756062345264,0.9976071996401699,0.9992211257272512,0.999790649118009,0.9997907354452905,0.9999984438802492,0.9999983944541224,0.9931595353575065,0.9742769818468514,0.9953615231034247,0.9824693136252852,0.9959436332313769,0.9911775576956079,0.9837335786404726,0.9477689887889529,0.9890945403487219,0.9933697093943663,0.9840529557942312,0.9458143145069212,0.9992989812872752,0.999353417093743,0.9992947153534154,0.9998970577636925,0.9992583992333469,0.9993047209871422,0.9979734641141716,0.9985334085863918,0.9992737045323568,0.9992714606793814,0.9885647339090444,0.9355422307253346,0.9190901348066453,0.9546475615028827,0.9385114267950605,0.8961493376389478,0.9182025765191346,0.9086241511816417,0.922557484262979,0.930968167877925,0.9166458046244628,0.9717992626006344,0.9717756768721942,0.9907079160763356,0.9952891423583893,0.964922533132367,0.9594575727068226,0.959836700109796,0.9620057566460726,0.961151386914341,0.9608762330853551,0.9095426988075772,0.9429232541536273,0.9171909561479119,0.9167293854919271,0.834739504357493,0.9642498074420786,0.9696076420314526,0.966147345077246,0.9650287034654158,0.916981679249648,0.7991092391317681,0.762397137007928,0.8410195163291934,0.8934229728141552,0.8629572480007948,0.8781368808105514,0.8768539668761878,0.7303501716882191,-0.38767293922856483,0.9485878914020929,0.9450832841634963,0.9451782844126925,0.966036246991858,0.9378508119120071,0.9512803325976844,0.9506028449646038,0.8931756669350978,0.9539280413994456,0.8975125019992437,0.7820728328222549,0.9488859526562857,0.9621275234008486,0.6831497442067602,0.9082037754186527,0.9108200785952794,0.8556273775668678,0.9851770247098163,0.8434416755971422,0.11946839647179094,0.5405526749213317,0.8555091567018647,0.8227622644817921,0.8502734149210225,0.9859268269637587,0.9859466142652504,0.5322708341794675,0.639845413865509,0.5388505432227455,0.41572562241552685,0.5062964478727716,0.54956336375244,0.5399348749227204,0.4779406842958796,0.7617845957539514,0.6105176172095872,0.5720448063216034,-0.4865339300786054,-0.5447402603068136,0.6874776583827529,0.862566288353585,0.8750907035349708,0.9074080674244178,0.8981740202680107,0.6803201200026833,0.8487560094794582,0.868088761143894,0.8673966816660446,0.6184526578542449,0.08114224317652281],[0.9939374045150217,0.9932567609125468,0.9960938547579301,0.9948262103778908,0.9980786666678283,0.9767847629077835,0.9996167589400894,0.999768471496319,0.9896344009287685,0.99977301046448,0.9997724845332085,1.0,0.9997860377653092,0.9997719569897768,0.9997778454541683,0.9996756383370046,0.9982356788418029,0.9994152516003005,0.9999708909056066,0.9999706277212042,0.9997770401248263,0.999782250506904,0.9927826133307716,0.9713058337726829,0.9942050353706219,0.9832452280788279,0.9949818522729496,0.9936176782331009,0.9800370368611963,0.9293931977203788,0.9916735019346455,0.994383828552612,0.9796481005572607,0.927767355115394,0.9994291608064264,0.9994755434787672,0.9994374800528829,0.999596730845595,0.9996202821114833,0.999453276756069,0.9978541357965464,0.998565540230779,0.999416263327386,0.9994131386838941,0.9898778028213028,0.9311769045662732,0.9061193654437388,0.9516848098418719,0.9372693386122513,0.8960966662192247,0.884401224549933,0.9212199122527545,0.8878819322567834,0.9082274745069123,0.8827037049294765,0.9600197840946091,0.9600050747418492,0.9820081421075246,0.9947885977658467,0.9635313445855966,0.9639874527015115,0.9549620697780564,0.9595581130495908,0.9573989228893554,0.9571865188356151,0.9090791432116162,0.9335126380639012,0.9013325733471859,0.9011166857770279,0.8176736581197428,0.9631102938315063,0.965112939418595,0.9651620633393055,0.9644976887631423,0.9235857667924362,0.7510240880032186,0.7116965914458044,0.8077418316210941,0.8718510889685941,0.8280555992609211,0.8507666297603439,0.8499581588844978,0.7113787811804808,-0.26871560339212436,0.9424982087128395,0.9473920968904045,0.942133893024398,0.96426523411015,0.937604744420133,0.9459989778543536,0.9451067700982981,0.890752870910989,0.9482653333062955,0.8938526389464747,0.7357049526811394,0.9464460482105631,0.9409435357843461,0.5583462029827323,0.8543672658866618,0.8587772483354974,0.7537259534596804,0.9791235278006485,0.7301256421862072,-0.24891404112100907,0.28023020450379066,0.7536024054985548,0.7097479552616405,0.7474062111627368,0.9802731284237417,0.9803667086265305,0.22579200565015348,0.3823862901459769,0.2299785406008833,0.20315594488917071,0.22190928858137435,0.23749544252617596,0.2350148813555687,0.15171511216528882,0.5649350967814969,0.30074888904561586,0.24888593264732672,-0.5003452518269613,-0.5474396874625224,0.6879825521140754,0.7613977533627337,0.7848288662966834,0.8482745268338537,0.8290591631907542,0.5835863403575265,0.7675724690657545,0.779576274631984,0.7785509354731129,0.4388247347596447,0.2707905626216654],[0.9963693085620589,0.9919076873010767,0.990190820965017,0.9967501352138993,0.9985590530864284,0.9824356748727833,0.9984750825251761,0.9999970820009803,0.971287636648494,0.999998527651844,0.9999963824926674,0.9997860377653092,1.0,0.9999913487376774,0.9999976842127243,0.9993908994163223,0.9933407875179072,0.9995123734227651,0.999920107608094,0.9999200743936121,0.999972780534148,0.9999989772857083,0.9911328401268986,0.976347858457777,0.9937325712102194,0.9469077762826299,0.994247740364333,0.991258168111946,0.976943666332682,0.953468349612098,0.9889723203217199,0.9940144473913789,0.9925232164675368,0.9732761921501016,0.9995210807301972,0.9996217637398873,0.9997133083194559,0.9997483471567197,0.9993195157429446,0.9995604948748171,0.998359506998397,0.9989360235901352,0.9995928623583005,0.9994637362224715,0.9816285240977729,0.9360245279806407,0.9515310601007186,0.9546151314304134,0.9386361615453228,0.8969252019712658,0.956774009773144,0.9435206557113851,0.9587897330899434,0.958347751232748,0.9485334756426527,0.9803587494034087,0.9791997445853907,0.9911839009866608,0.996975226467758,0.9479512328463451,0.9593717475826589,0.9683436140911558,0.9714036109000025,0.9701826573435698,0.9509137914183542,0.8971761303563424,0.953495027920609,0.9571686104626065,0.9392300821613474,0.8837366795820372,0.9663570095128535,0.9392725014283316,0.9651429427908065,0.9487062806963055,0.786871596877052,0.8640638719030834,0.7927150920392666,0.8777008580304073,0.8945552704906629,0.901237025026846,0.8813615489207707,0.8908043237205058,0.36979330482486084,-0.5808500100616529,0.9613549111119569,0.9450741866555039,0.9451884747465992,0.9521532362485374,0.9564052877507776,0.9677783261276859,0.9678635016972549,0.9204748038564288,0.9632927150222029,0.8482292442743238,0.781972310359648,0.9481445784095657,0.9461729699492084,0.8042554136912895,0.9537289062259088,0.9546980481654868,0.8983015358016753,0.9765705003665887,0.8358931526402635,0.5634506992348077,0.711497827802833,0.8580631075451042,0.8479037411391802,0.8407180750034265,0.9825274588891735,0.9827374515212037,0.7704813539210941,0.726069928374427,0.7842596483056032,0.4163034429295654,0.7759484724993747,0.7916641074562725,0.7890706110171458,0.7893910598343339,0.7732547135251056,0.7428016788754844,0.7246997179878415,-0.30754144057791905,-0.4587203353242316,0.6882521303997234,0.883109019472853,0.9202510717468925,0.9336323863247292,0.9048177394258214,0.81734740124846,0.9034696338994425,0.9216477040455391,0.9205268030771534,0.760377397985945,-0.094899284758878],[0.9964052039151168,0.9918038518819459,0.9923066669943509,0.9968711085855377,0.9985711585811042,0.9828751501865464,0.9994921726681307,0.9999929265883031,0.9796134389911444,0.99999181822402,0.9999949015256389,0.9997719569897768,0.9999913487376774,1.0,0.9999951913915608,0.9995783128744904,0.997863151379326,0.9994723772250629,0.9999058249494104,0.9999048859109996,0.999955054510237,0.9999916453258302,0.9930507540521091,0.9767811398051125,0.9960088218766293,0.9684385051851444,0.995797162739491,0.9911457685188677,0.9774105927654778,0.9537113623313759,0.9893478353331868,0.9940794068873605,0.9918484678753582,0.9728663303328821,0.9995009944483485,0.999576102570854,0.9996343814762263,0.9998904947189787,0.9992845344748483,0.9995104162458056,0.9982291943326258,0.9988616256652146,0.9995206804482983,0.9995139738440243,0.9841538270833771,0.9359728154535015,0.9513055315795463,0.9546465055024096,0.9385464445197923,0.8964271567185289,0.9516983569652692,0.9366425582063587,0.9539912413536984,0.957795759277244,0.9478715848575953,0.978901294717282,0.9788812062948328,0.9904916219268182,0.9969715229215395,0.9736445784574913,0.9590796336358006,0.9733516828906641,0.9713566508452172,0.9742971863093134,0.9740676421370112,0.9433075070857538,0.9530967706610408,0.9560675951428119,0.9557669979877326,0.9201698341803749,0.9663593478105362,0.9682237686289168,0.9730732919512568,0.9720445757818003,0.9334417603640984,0.8635780750357346,0.8298043765087262,0.8772952199770794,0.9051665976732975,0.9011051834985488,0.9018784093459374,0.900787781742476,0.7073249181408208,-0.5808970102606239,0.9612890368809712,0.9447985678408078,0.9448094202046048,0.9746969711118151,0.9564176733385975,0.967696843196645,0.967778158972928,0.9205523588491364,0.9690132513577483,0.9319853478044823,0.7818306542829482,0.9483528188671104,0.9514116370559571,0.8038588047943517,0.9535944988707429,0.9545849260349323,0.8979039056891595,0.9769453659423827,0.8853988357124855,0.5622735287484493,0.7105334205066077,0.893230490211318,0.8611462577121093,0.8842094959205486,0.9828168516830653,0.9830239148052621,0.7690715754869013,0.7251499404206186,0.8032955541810975,0.41580521908975854,0.7821857950305006,0.8077067179957567,0.8022178913833397,0.7893697562195525,0.7730608193777142,0.7411702686545576,0.7230972887666239,-0.39820899667138415,-0.5204754792624157,0.687453258529643,0.8826896145238631,0.9166061131650584,0.9291113932931437,0.9047613210280321,0.815959112779769,0.8912407389963727,0.9097084541842017,0.9093046723437748,0.8407201659248836,-0.061543445945247015],[0.9963118450105687,0.9918617228593892,0.990391551913069,0.996709244472219,0.9985713459518589,0.9826714509045907,0.9992155714327408,0.9999982888270302,0.9761866460631076,0.9999978216538117,0.9999983608482096,0.9997778454541683,0.9999976842127243,0.9999951913915608,1.0,0.9994787720440749,0.9971559718883141,0.9994889346292355,0.9999135629960525,0.9999130680385973,0.999966808147512,0.9999976709088022,0.9912955506052483,0.9766039915108831,0.9953698595453359,0.9600717646431104,0.995176381989755,0.9912157063653729,0.9771951146708694,0.9536859716742557,0.9914438880910988,0.9942769241196164,0.9923940280748921,0.973070222677213,0.9994895146233,0.9995838530202908,0.9996901085984429,0.9997642604927924,0.9992883925025604,0.9995176085313738,0.9982982245871231,0.9988857981097007,0.9995597381491708,0.9994324620666957,0.981873316369644,0.9358316716057408,0.9513836434649645,0.954669093238649,0.9386206248250968,0.8965826191948839,0.9564932525065329,0.9432590194899697,0.9585365898846516,0.9579654637982551,0.9480581795261042,0.9801284384292683,0.9789593617496927,0.9910182939029357,0.9968578838130395,0.9479789868237709,0.9594073391797041,0.9683162385106485,0.9714367756021887,0.9701435977198634,0.9505271363043126,0.8974203528074999,0.9532746989690588,0.9569237165231914,0.9390742343041423,0.8836909207767153,0.9664921463204503,0.9394621755672751,0.9651878426480078,0.9487666521109596,0.7872849836180585,0.8638042111077401,0.7925205363726233,0.8774953543818381,0.8945062460392669,0.9011222045616734,0.8811932577740689,0.8906585306097247,0.3700256560442789,-0.5804719360536732,0.9613556556408507,0.9450523884953949,0.9451685183612493,0.9507797051557557,0.9564830630209221,0.9677530496565362,0.9678339679223332,0.9206838927817795,0.963247040520343,0.848481061330431,0.7819301371522046,0.9484328717371334,0.9465774714772283,0.8042218411918364,0.9536550819286861,0.954633830181907,0.8977791087729199,0.9767244570935424,0.8354234083090099,0.5621715514724371,0.7107337705553463,0.857585936349194,0.8474858008927793,0.840252290261704,0.9826219500230886,0.9828287629209639,0.7694892568543851,0.7252363840107965,0.7836197629452657,0.4159182685137656,0.7752543260025022,0.7908870246046098,0.7885882944870091,0.7885790927206908,0.7728370495831134,0.74163129439607,0.7235477624371812,-0.3082746208956373,-0.4593430717781101,0.6880571232891782,0.8824940582558765,0.9198879062787336,0.9331278398505664,0.9043732311923486,0.8165777330566714,0.9030748309145058,0.9210890004720685,0.9200925460684938,0.7597823615618261,-0.09412206605264006],[0.9977159173369993,0.9939462216696794,0.9898476783538002,0.9979699400851455,0.999057439658768,0.9822549368906766,0.9998934833341759,0.9993445334470415,0.9741821666631141,0.9996908444200182,0.9996756062345264,0.9996756383370046,0.9993908994163223,0.9995783128744904,0.9994787720440749,1.0,0.998451103817172,0.9998557201714809,0.9995639059981549,0.9995685501563686,0.9997763961623963,0.9995508120005078,0.9909457273858654,0.9755826924807617,0.9940601845745088,0.9527804194813305,0.9937208952021473,0.9926485078934335,0.9754292651855077,0.9542811260729803,0.9918522888933637,0.9927344838743263,0.9932554928880231,0.9751534630426727,0.9992895267068878,0.9997401981588675,0.9997256166329058,0.9995833625398337,0.9996194047501734,0.9996966394478631,0.9988717875654577,0.9995970026879736,0.9995206858590964,0.9992868661851901,0.9805017817472812,0.9346053296584073,0.953448033473892,0.9519449731502537,0.939571915797535,0.9030944315688051,0.9585342061980395,0.9477470085983404,0.9608596735650203,0.9620519963606621,0.9522258484708601,0.982087544095,0.9809570720835796,0.991963756448884,0.9963886948881546,0.9525423746952151,0.9630560602843927,0.9732086240639269,0.9739980563084182,0.9747750301575328,0.9533399199834217,0.902921529024824,0.9567022267073667,0.9621546430662424,0.9439505131992055,0.8919533748350466,0.9690216318618999,0.9444455768248496,0.9695465083510763,0.9530902448708752,0.7959967935832235,0.8692628064693552,0.7971873536092722,0.8830638186375513,0.8996549999857996,0.9040404988942266,0.8850953369212448,0.8958682977463127,0.38222590251456584,-0.5771535766314597,0.9646510802375764,0.949906700215355,0.9498250561211989,0.9548479667494324,0.9602891472454143,0.9709124555024169,0.9709760206202263,0.92476483233801,0.9684140557320717,0.8561694618963304,0.7837145580335309,0.9395588932913326,0.9388989051736917,0.8070168132671742,0.9537236315298067,0.9545937932755093,0.8979504609732261,0.9733778606647652,0.8347183131767333,0.5716502389089141,0.7159740633871924,0.8576255275124472,0.8502601793299797,0.8397752840782461