var correlationClose = {"data": [{"type": "heatmap", "z": [[1.0, 0.9999819153143897, 0.5529150297123387, 0.9996946692918642, 0.9973669482759581, 1.0, 0.9905116977657793, 0.9859229417600889, 0.9911355256088048, 0.9726423158263675, 0.9808432391015899, 0.9905577630263667, -0.13993900005912838, 0.9906252498967646, 0.9906730508165859, 0.9933990585336776, 0.4839353126168778, 0.9916737643292091, 0.9916599706392488, 0.983464447634654, 0.990545820425908, 0.4443998959658654, 0.6506575959441268, 0.977100744048253, 0.9770760524127796, 0.9560897187104345, 0.2932535281600536, -0.12650244184094914, 0.9898970277086239, 0.9898572196343505, 0.26780830003433576, -0.2109813205317699, 0.9935461177343177, 0.9944446792461519, 0.8041527785679455, -0.3939006953177109, 0.9867575302931574, 0.9941646494097545, 0.994087753969105, 0.4666820756804879, 0.9937426711655123, 0.9937290116817118, 0.9937426711655123, 0.8918360606535201, 0.6787987047155067, 0.8616533319557476, 0.8818883156782003, 0.7979346033308661, 0.3948504995068171, -0.1222241878926744, 0.19352997592542248, 0.9469250151367758, 0.48106764158734333, 0.977427022140089, 0.9714611082755032, 0.9116357965178741, 0.9046726771954785, 0.9305684584369829, 0.9041270652089176, 0.9271608957441737, 0.9279963851773838, 0.9271608957441737, 0.837053488604935, 0.9040031593189067, 0.9051820818382835, 0.9040031593189067, 0.8900141454413288, 0.7231853917852767, 0.865803203234946, 0.867518580466226, 0.865803203234946, 0.6081895764774038, 0.30171450499297514, 0.5841051619089048, -0.5989705474675443, 0.47617458673847435, 0.5354684147442895, 0.5370312714974814, 0.5354684147442895, -0.09596913811819317, 0.8772424923373252, 0.9085111012394981, 0.8902042468874366, 0.9131424886677657, 0.48799112136915523, 0.8748533645411631, 0.8761705219774881, 0.8748533645411631, 0.8857763911967567, 0.8857763911967567, -0.16841463119099798, 0.5299777069727336, 0.19900393946834355, -0.5346518808254785, -0.5550762684347754, -0.5588495939098771, -0.022008687051002684, 0.044472144426927075, 0.2705608797017008, 0.16108887517054088, -0.3475095991444619, 0.07031970805645626, -0.7906211086432774, -0.19592941040707132, 0.11159578127645566, 0.111860444847012, -0.5310806784387193, -0.608493789526736, -0.19684670999404522, -0.4754510009312681, -0.8302331772420507, -0.3355002358275052, -0.32623429162547735, -0.3355002358275052, -0.17700039664274503, -0.24132009992259404, -0.24132009992259404, -0.8191213437274703, -0.8191213437274703, 0.4026756544965356, 0.6623763090431348, 0.8755611466983465, 0.8543097480735874, 0.7926192461173966, -0.23203087310014683, 0.7718011811622113, 0.8122746529747004, 0.8125370894290653, 0.8122746529747004], [0.9999819153143897, 1.0, 0.9670702105360081, 0.999162548587112, 0.9932968754457664, 0.9999819153143895, 0.9764776288747766, 0.9668386481566611, 0.9762454809693638, 0.9563702721504911, 0.9785323761070032, 0.9765293831439137, 0.9764866590758874, 0.9762898326830547, 0.9754984498863456, 0.984536552258662, -0.22636581327777944, 0.9822682675779486, 0.9822380913760709, 0.9766028421515733, 0.9765931759214747, -0.164577810739631, 0.9657764756346391, 0.969125346892083, 0.9692027043067802, 0.9563411056887967, -0.0011712020981409662, 0.14305502629737823, 0.974931492268299, 0.9750039967738142, 0.9705265372468648, 0.12304431076307541, 0.9867113824349446, 0.9868070870540736, 0.9876204225687913, 0.9789037836180902, 0.9849795328845871, 0.9867200459092258, 0.9874079975675397, -0.23334811479249085, 0.9877291053870889, 0.9877081395488964, 0.9877291053870889, 0.8919988058115805, 0.5718318090770987, 0.8622879869753569, 0.8823476573299607, 0.7971931794360998, -0.4483615749348237, -0.552857742988457, 0.8379927430365588, 0.860773230998218, -0.1561363319280636, 0.9350724865015481, 0.9351322839685873, 0.9178817113388706, 0.9284762308764587, 0.9047141590183223, 0.9043946508491278, 0.9117760794716874, 0.9125660201893976, 0.9117760794716874, 0.7624180697645048, 0.7219076845470631, 0.7240684494737647, 0.7219076845470631, 0.9224499424597232, 0.9278961869652537, 0.9221929870966252, 0.923492685558221, 0.9221929870966252, 0.424289318007055, 0.36752417574018476, 0.4899161359967425, 0.593426622173817, 0.4696951639920139, 0.5134127781250674, 0.5142297452587336, 0.5134127781250674, -0.21086186756870384, 0.8587182452842267, 0.8970802266411984, 0.8827073894787567, 0.9253837847023217, -0.02933691427527183, 0.8522078793290108, 0.8526213573745579, 0.8522078793290108, 0.8640916666826735, 0.8640916666826735, -0.2736005364892463, 0.5303572746150754, -0.3837699293087355, -0.626009029248888, -0.46478648180960414, -0.4681988419464841, -0.2902332867688213, 0.21173890990800606, -0.20429531521640618, -0.3735995809243557, -0.5578907937204434, -0.27265795825495975, -0.5018237440873647, -0.32612779684858856, 0.08562428904796357, 0.08039314484320677, -0.48263256489859546, -0.43661922595698216, -0.4644643787275437, -0.49405984903408984, -0.4866151132456794, -0.46704144285695914, -0.4702231590949299, -0.46704144285695914, -0.3567462452488835, -0.49036137067643687, -0.49036137067643687, -0.4656259924699048, -0.4656259924699048, 0.4026272869525774, 0.423823532594231, 0.5226899895404528, 0.6075316127736606, 0.5825179466641288, -0.37997913773588055, 0.39384890962188074, 0.3853593183346017, 0.3854739979150909, 0.3853593183346017], [0.5529150297123387, 0.9670702105360081, 1.0, 0.5459452830247052, 0.4268747554353706, 0.5529150297123386, 0.5426816724134572, 0.5303838324774698, 0.4340888506694977, 0.3719453667819911, 0.9965402530645224, 0.5426978137374946, 0.5184201641596299, 0.543052125329156, 0.545259858283737, 0.582223669060842, -0.08534761951651626, 0.48511957300466635, 0.4842747631747406, 0.4345958868276928, 0.5416518755340083, 0.20315272903858803, 0.6828018493481606, 0.5075760495903155, 0.5072847053442173, 0.9819518618314003, 0.2771187556425438, 0.18046982563310754, 0.5097274837218573, 0.5092147529030756, 0.7708037400621509, 0.005990202516651513, 0.5413773862965578, 0.43391703945533106, 0.5324491172190148, 0.3705400945883728, 0.9937507463946417, 0.4199278168200534, 0.5440927072782465, -0.09108251339453731, 0.5573729322370864, 0.5395494747285633, 0.5573729322370864, 0.899197969936562, 0.3925986274918962, 0.9038834252185075, 0.8689742177536671, 0.6501877327899713, 0.2016848208026275, -0.0004912642345179146, 0.06170715022811505, 0.40981828626475253, -0.06475959751373778, 0.5023013261160262, 0.43124665597375805, -0.08150500619851307, 0.6698523165499574, 0.6305769022691294, 0.4570404758623205, 0.6367184332223694, 0.7059738453537218, 0.6367184332223694, 0.30129356562674037, 0.5306558887714343, 0.6361829877295073, 0.5306558887714343, 0.5363319322526573, 0.6137117822241921, 0.6518509455122187, 0.7278006029577615, 0.6518509455122187, 0.17941104674271746, -0.08167583786911352, 0.19945706793475587, 0.15884981477276558, 0.1985696032019621, 0.2649948895897208, 0.384960411917241, 0.2649948895897208, -0.16911689584685768, 0.4111587819533316, 0.793239036134456, 0.4971508070143129, 0.7227670024924193, 0.1105080546156805, 0.48208339430104485, 0.4824108719630012, 0.48208339430104485, 0.6174459909718462, 0.6174459909718462, -0.29800914863177236, 0.710695754484941, -0.2340199472799317, -0.5129914981138199, -0.37589740676189626, -0.3796631268173053, -0.38325118908109607, -0.002190204341021722, 0.026524271100039166, -0.2443164038907337, -0.496292122217357, -0.12765495298878432, -0.20913984949203732, -0.19762022866105852, -0.040332207699667354, -0.04409630175153939, -0.4355119129657106, 0.024136484196070594, -0.20854035687772124, -0.4714654280354783, -0.09637154954329674, -0.34477924553079803, -0.22028490932500075, -0.34477924553079803, -0.4282104238275577, -0.4977312849168196, -0.4977312849168196, -0.22759636270653893, -0.22759636270653893, 0.32403660079224506, 0.1255491980886656, 0.23680655399382328, 0.48360008675181476, 0.20236629315309163, -0.2910061559544907, -0.03958834784027442, 0.44388760435869695, 0.5604417895441872, 0.44388760435869695], [0.9996946692918642, 0.999162548587112, 0.5459452830247052, 1.0, 0.9985719773989666, 0.9996946692918641, 0.9921637893329803, 0.9880610984416548, 0.9931672454194902, 0.9703660512969289, 0.9862084337179979, 0.9921973323778958, -0.1445871661988401, 0.9922359205461481, 0.9922765954917997, 0.9950048382512384, 0.469830918907628, 0.9930916019487026, 0.9930795147649213, 0.9839536784456139, 0.9921769225468711, 0.4355077099631989, 0.6538889882009621, 0.9801311760416538, 0.9801070840546926, 0.9676181061012933, 0.2880493698853967, -0.1340571187025309, 0.9897065111949993, 0.9896776311839486, 0.25914292998761884, -0.21197702286601078, 0.9943832592889005, 0.9955904264366651, 0.7622066260455542, -0.3998987104870962, 0.9906975665456302, 0.9955573698297071, 0.9947401485745302, 0.45219388811219424, 0.9918769102019972, 0.9944650480019941, 0.9918769102019972, 0.890476593605961, 0.6659808651659662, 0.8704646371029987, 0.8775734981179485, 0.774542580905838, 0.3892040616817023, -0.12841104879858473, 0.18678501992540414, 0.9411140607210051, 0.46487455124750754, 0.973125163677254, 0.9686351345366825, 0.8864700590936592, 0.8950270784343014, 0.914975520428506, 0.8986892386274975, 0.906714930814548, 0.9078748936272478, 0.906714930814548, 0.8265918759308298, 0.8899923921809072, 0.8912903921580714, 0.8899923921809072, 0.8852208211319765, 0.6534839131065789, 0.8198889934683637, 0.8216553909119668, 0.8198889934683637, 0.5976646952245593, 0.09748011003505466, 0.5715103410663925, -0.604328226709317, 0.46915210877621033, 0.27857800879200323, 0.5044419066376318, 0.27857800879200323, -0.1030217970159595, 0.8700125526691911, 0.8968319191696081, 0.879388070713439, 0.8854064880873665, 0.4747821404053387, 0.8686855744543014, 0.8701816372167673, 0.8686855744543014, 0.862637733404628, 0.862637733404628, -0.17504671591219498, 0.5592399525345965, 0.20372896785190905, -0.5457757625584773, -0.5631963596950603, -0.5668756713288121, -0.034925495100566965, 0.03858216173799464, 0.2632047967835907, 0.1481831075209943, -0.3608550486351606, 0.06347536210183294, -0.7977408632071836, -0.20416618509555629, 0.0999535108121261, 0.10026524164839637, -0.5388973315414524, -0.6054315653717587, -0.19882668273745813, -0.4884566831886971, -0.832941900858951, -0.33752716458176635, -0.32882607099140443, -0.33752716458176635, -0.18688224692598585, -0.2519325337535746, -0.2519325337535746, -0.8196186822217729, -0.8196186822217729, 0.3876392474022593, 0.6501525526032405, 0.8680410648849518, 0.8468467553842792, 0.785252461795052, -0.2460227922918048, 0.7629599056102548, 0.8037459285076748, 0.8040177854260291, 0.8037459285076748], [0.9973669482759581, 0.9932968754457664, 0.4268747554353706, 0.9985719773989666, 1.0, 0.9973669482759581, 0.9966504670360756, 0.9945713028408152, 0.9968383463069698, 0.9594653370731587, 0.995018142701172, 0.9966697265713887, -0.3601385776268, 0.9967013542006206, 0.996714560523959, 0.9977740554229064, 0.2790194138291518, 0.9972675471512296, 0.997260982016962, 0.985713206526214, 0.996657372172314, 0.06287575463131034, 0.6093217715873669, 0.9901272805961983, 0.9900811504668063, 0.9829278186961067, 0.026351841712550533, -0.12049643024592718, 0.9880224564835045, 0.9879637547986614, -0.06424745797393057, -0.11104201798120616, 0.9976720698136465, 0.997613971848328, 0.7349346034121857, -0.5467299557820893, 0.9969852378763184, 0.997847579600608, 0.9979477044644368, 0.2554757906208131, 0.9976368553782248, 0.9976367029129651, 0.9976368553782248, 0.9062457755427877, 0.6270181759981611, 0.8939448328074351, 0.8808975026129087, 0.7389310565680439, -0.09394041030629928, -0.5757765280192161, -0.23904658698590697, 0.9261227118290987, 0.32184826584247606, 0.966426633563298, 0.9665050752812817, 0.8788598027898752, 0.8708856324275231, 0.8985910266642688, 0.8826337270433313, 0.8965304048755062, 0.8970189828143913, 0.8965304048755062, 0.7946876071303189, 0.82883526652196, 0.8303854947684409, 0.82883526652196, 0.8710282100649581, 0.7577272805904587, 0.8506293207734037, 0.851727405085621, 0.8506293207734037, 0.5464636981411025, 0.408622088206858, 0.5288409385079487, -0.6543286029207737, 0.5239283457900138, 0.5006103414803927, 0.5002635650081474, 0.5006103414803927, -0.12294815177201786, 0.8474393977168635, 0.8633387705407152, 0.84947178162347, 0.8892880862654822, 0.3362233858175427, 0.8491813372602977, 0.850633101569643, 0.8491813372602977, 0.8576017315444806, 0.8576017315444806, -0.21975098978560312, 0.623060624676662, 0.05735527906833373, -0.5818472396647348, -0.6232238901746845, -0.623685053429185, -0.07215685300379458, 0.059573071158759955, -0.13699655299855873, -0.10505029304462722, -0.4519021841125264, -0.312076583481912, -0.8655913298643612, -0.5074933788576987, 0.06455711101095535, 0.06470051735392689, -0.5708399548997309, -0.5967614688184952, -0.5022509204871256, -0.5336542802774631, -0.802456471249368, -0.5600449592695304, -0.5625022908384829, -0.5600449592695304, -0.23253685761469553, -0.2921181002065967, -0.2921181002065967, -0.7684903814141076, -0.7684903814141076, 0.36527007910214626, 0.6279439554219137, 0.8165387462520142, 0.7906325846091323, 0.7718575737596817, -0.38746164049465026, 0.6118080082786268, 0.694330320692237, 0.6947582552009337, 0.694330320692237], [1.0, 0.9999819153143895, 0.5529150297123386, 0.9996946692918641, 0.9973669482759581, 1.0, 0.9905116977657793, 0.9859229417600889, 0.9911355256088048, 0.9726423158263675, 0.9808432391015899, 0.9905577630263667, -0.13993900005912838, 0.9906252498967646, 0.9906730508165859, 0.9933990585336776, 0.4839353126168778, 0.9916737643292091, 0.9916599706392488, 0.983464447634654, 0.990545820425908, 0.4443998959658654, 0.6506575959441268, 0.977100744048253, 0.9770760524127796, 0.9560897187104345, 0.2932535281600536, -0.12650244184094914, 0.9898970277086239, 0.9898572196343505, 0.26780830003433576, -0.2109813205317699, 0.9935461177343177, 0.9944446792461519, 0.8041527785679455, -0.3939006953177109, 0.9867575302931574, 0.9941646494097545, 0.994087753969105, 0.4666820756804879, 0.9937426711655123, 0.9937290116817118, 0.9937426711655123, 0.8918360606535201, 0.6787987047155067, 0.8616533319557476, 0.8818883156782003, 0.7979346033308661, 0.3948504995068171, -0.1222241878926744, 0.19352997592542248, 0.9469250151367758, 0.48106764158734333, 0.977427022140089, 0.9714611082755032, 0.9116357965178741, 0.9046726771954785, 0.9305684584369829, 0.9041270652089176, 0.9271608957441737, 0.9279963851773838, 0.9271608957441737, 0.837053488604935, 0.9040031593189067, 0.9051820818382835, 0.9040031593189067, 0.8900141454413288, 0.7231853917852767, 0.865803203234946, 0.867518580466226, 0.865803203234946, 0.6081895764774038, 0.30171450499297514, 0.5841051619089048, -0.5989705474675443, 0.47617458673847435, 0.5354684147442895, 0.5370312714974814, 0.5354684147442895, -0.09596913811819317, 0.8772424923373252, 0.9085111012394981, 0.8902042468874366, 0.9131424886677657, 0.48799112136915523, 0.8748533645411631, 0.8761705219774881, 0.8748533645411631, 0.8857763911967567, 0.8857763911967567, -0.16841463119099798, 0.5299777069727336, 0.19900393946834355, -0.5346518808254785, -0.5550762684347754, -0.5588495939098771, -0.022008687051002684, 0.044472144426927075, 0.2705608797017008, 0.16108887517054088, -0.3475095991444619, 0.07031970805645626, -0.7906211086432774, -0.19592941040707132, 0.11159578127645566, 0.111860444847012, -0.5310806784387193, -0.608493789526736, -0.19684670999404522, -0.4754510009312681, -0.8302331772420507, -0.3355002358275052, -0.32623429162547735, -0.3355002358275052, -0.17700039664274503, -0.24132009992259404, -0.24132009992259404, -0.8191213437274703, -0.8191213437274703, 0.4026756544965356, 0.6623763090431348, 0.8755611466983465, 0.8543097480735874, 0.7926192461173966, -0.23203087310014683, 0.7718011811622113, 0.8122746529747004, 0.8125370894290653, 0.8122746529747004], [0.9905116977657793, 0.9764776288747766, 0.5426816724134572, 0.9921637893329803, 0.9966504670360756, 0.9905116977657793, 1.0, 0.9971248476773911, 0.9999671677044308, 0.9499442548829068, 0.9995666385008679, 0.9999960578979107, -0.15814586787072088, 0.9999922227360156, 0.9999200428587875, 0.9939998595511943, 0.4186524908392505, 0.9998313692548608, 0.9998315239892367, 0.9882356041050856, 0.9999962732846823, 0.3402451859978184, 0.6550630514571084, 0.9839584204996142, 0.984002213533668, 0.9844481852209837, 0.20824172169378014, -0.19398903561423808, 0.99234207934264, 0.9920470999505333, 0.15742925958630843, -0.2629756461479317, 0.9992858118603389, 0.9993744473049526, 0.3361001365288236, -0.33098473401733597, 0.9986031349469441, 0.999271971254453, 0.9982151456747088, 0.39942964257606417, 0.9293757426802188, 0.9990115145838285, 0.9293757426802188, 0.9145511166444399, 0.62910787756304, 0.9178226824143854, 0.889877451877449, 0.6895893692624215, 0.4184219852361037, -0.0719356634745451, -0.21201786398831904, 0.9241036424614115, 0.4218359397159073, 0.9685968806935089, 0.9611351935301367, -0.09172797642424606, 0.8179949752626329, 0.7953949771737595, 0.8421054142272838, 0.7883374497058679, 0.7573421537272964, 0.7883374497058679, 0.7488288263790549, 0.7570224921010955, 0.7574042812894644, 0.7570224921010955, 0.8276501908921718, 0.2930539224464107, 0.5118953529280272, 0.5990225162250177, 0.5118953529280272, 0.5131118479050337, -0.3642429000723771, 0.4730856893593782, -0.6681034598357322, 0.38837253432208024, -0.1344352080710675, 0.35822072184724585, -0.1344352080710675, -0.14823663226986517, 0.8029498735329726, 0.8084261412383743, 0.7992103925829505, 0.7292252159037389, 0.4221827310260399, 0.8069668993149103, 0.8090909216505633, 0.8069668993149103, 0.7136513305374099, 0.7136513305374099, -0.2573911285021431, 0.6763357114596683, 0.25588991277904555, -0.5666823324541279, -0.607517359382124, -0.6107021695587893, -0.08865941393021588, -0.01474301261629465, 0.36429877511864356, 0.1077046216794841, -0.39095608343178323, 0.11233246264330066, -0.8256249497235125, -0.10932854368662602, 0.02656424167264167, 0.026949517380306928, -0.5862577872496454, -0.6109782971705017, -0.03976469773896442, -0.5720290152165437, -0.8453607109954513, -0.33502873792755067, -0.16010867202263335, -0.33502873792755067, -0.2692072029886524, -0.3038586129037969, -0.3038586129037969, -0.8393942331811216, -0.8393942331811216, 0.36171786444376225, 0.6038971697052766, 0.4951837063325269, 0.8087066328317823, 0.7604577867623431, -0.30618648000889764, 0.059033838186869414, 0.7666023590767688, 0.7852062071137241, 0.7666023590767688], [0.9859229417600889, 0.9668386481566611, 0.5303838324774698, 0.9880610984416548, 0.9945713028408152, 0.9859229417600889, 0.9971248476773911, 1.0, 0.9994487189545505, 0.9412225191337162, 0.9981693823700188, 0.9979370725891034, -0.16791968199341334, 0.9989771204376303, 0.9986713618855985, 0.9864659488372834, 0.39657368760262646, 0.9990312639707072, 0.9990332968419959, 0.9852409891273651, 0.999144229441498, 0.31244099545517573, 0.6538585547826125, 0.9916770288665915, 0.981582428628623, 0.9796471086451024, 0.18771872325345992, -0.20948828486363189, 0.9886421389805475, 0.992058441888226, 0.13634126797541674, -0.2703528784700895, 0.9981066482955857, 0.9979939295957869, 0.3144337394335716, -0.33877116894952924, 0.9958527663528596, 0.9977967086842406, 0.9975508038995703, 0.37683801875778855, 0.9201788282264451, 0.9979439418578746, 0.9201788282264451, 0.9120338909808096, 0.6130121294904032, 0.9184931286039293, 0.8854939288874402, 0.6608595209098869, 0.4047383202190754, -0.08803976161446776, -0.2261161077113545, 0.9146192408102678, 0.4005231398086216, 0.963731700704419, 0.9553720487391035, -0.10310533978113955, 0.8019135256705868, 0.7759077501058302, 0.8311046038172432, 0.7700928184736332, 0.7432652082244302, 0.7700928184736332, 0.7330169699751717, 0.7350396336156976, 0.74217295291959, 0.7350396336156976, 0.8168896377077175, 0.2703026306022342, 0.48772015712208633, 0.5801277767780618, 0.48772015712208633, 0.49697943902904723, -0.38072957960831566, 0.4550413620970895, -0.6778801195597315, 0.3778099060924673, -0.15897795241349985, 0.3391559249594439, -0.15897795241349985, -0.1557788342381253, 0.7900533405446676, 0.7873287774428153, 0.7821427194168932, 0.7124176968785023, 0.4048666398456364, 0.7947591039204248, 0.7971270338026517, 0.7947591039204248, 0.6923440053035438, 0.6923440053035438, -0.27524407805605045, 0.7083812725660448, 0.26427957467128027, -0.576959541007264, -0.6221906347407055, -0.6251730885980391, -0.10481605383459651, -0.024074662377127083, 0.3574332035909546, 0.08775809112607193, -0.40502939549762174, 0.10292434152777878, -0.8331288000059156, -0.11594634721727923, 0.009059737570377875, 0.009461945319829376, -0.5996390798734141, -0.6125256660152611, -0.046741834442390016, -0.5918262162359409, -0.8461194935130949, -0.34751856196792336, -0.1664860900389735, -0.34751856196792336, -0.28913407289554394, -0.3192768959668001, -0.3192768959668001, -0.8385285686364611, -0.8385285686364611, 0.3366378809117335, 0.5851092199465523, 0.4750081508850456, 0.7899338823803246, 0.7464968651287351, -0.33018526794724695, 0.04379253445185253, 0.7465374443060556, 0.7688659299049526, 0.7465374443060556], [0.9911355256088048, 0.9762454809693638, 0.4340888506694977, 0.9931672454194902, 0.9968383463069698, 0.9911355256088048, 0.9999671677044308, 0.9994487189545505, 1.0, 0.948664700446959, 0.9995098185878205, 0.9999681446547704, -0.3339463347428002, 0.9999727980848175, 0.9999327517753921, 0.9980849413650856, 0.3149261315495223, 0.999770037765893, 0.9997706567709155, 0.9880094542915053, 0.9999652161313883, 0.11177144548714313, 0.6086511074041672, 0.9939222205267808, 0.9938644154210352, 0.9842274506341926, 0.009507698752058884, -0.1338641594970345, 0.9908562182048184, 0.9908244759755438, -0.04533625300349773, -0.22416347868033795, 0.9993013804406957, 0.9992611773489651, 0.7483381457792981, -0.534850431056189, 0.9985074671974865, 0.9992527234052734, 0.9991531848836485, 0.29212694094616465, 0.9991418283342377, 0.9991472350411272, 0.9991418283342377, 0.9145129522304939, 0.6302006377172894, 0.9175089347732203, 0.8892791446143617, 0.6888672362172131, 0.01398601915413048, -0.5206129637089258, -0.18773831015760123, 0.9192663810434849, 0.37155856693292033, 0.9624195486274792, 0.9614197509226347, 0.8494393406385906, 0.8187727089741921, 0.8701122905010753, 0.8429147113474336, 0.8681080441121385, 0.8688938259752526, 0.8681080441121385, 0.747892362886115, 0.8097386406572226, 0.8114844307480521, 0.8097386406572226, 0.8290215901828397, 0.7164962189176017, 0.8184196938700585, 0.8199806269342234, 0.8184196938700585, 0.5121355107565381, 0.33124372782678396, 0.4719888609660764, -0.7002778079582074, 0.4481407232685815, 0.4112683275111264, 0.41131397144749726, 0.4112683275111264, -0.10355336435061949, 0.8033246146039671, 0.8081351386682588, 0.7993283183726139, 0.8604550728379112, 0.3515547679479294, 0.8131974904868815, 0.8157170846614437, 0.8131974904868815, 0.8215907850378009, 0.8215907850378009, -0.259791889315152, 0.6769763851779732, 0.0825549105116425, -0.5791732331332685, -0.6502364992616827, -0.6510573339793397, -0.0923661512340627, -0.012614461702551951, -0.14469722735720714, -0.07640322927947178, -0.441211928022446, -0.34409199898533327, -0.8793335066304011, -0.5474825753321845, 0.025238718842053916, 0.02593848722951469, -0.5882500926049828, -0.6069943648905309, -0.5120877310965066, -0.5742981980064455, -0.8218207761929456, -0.5842049816899745, -0.5862002676816737, -0.5842049816899745, -0.2717389986620465, -0.3075342048888514, -0.3075342048888514, -0.8018372088780764, -0.8018372088780764, 0.362268424181268, 0.602736305697524, 0.8239161944345147, 0.802212359742505, 0.7589068741177353, -0.3353698383060142, 0.6447952788645663, 0.7146969386929647, 0.7148625475043578, 0.7146969386929647], [0.9726423158263675, 0.9563702721504911, 0.3719453667819911, 0.9703660512969289, 0.9594653370731587, 0.9726423158263675, 0.9499442548829068, 0.9412225191337162, 0.948664700446959, 1.0, 0.9198827419231851, 0.9499815078163417, -0.27915999047143014, 0.9496251505571756, 0.9489009384374301, 0.9508734380244998, 0.1286937927828983, 0.9558531779627114, 0.9558274989304423, 0.9501265353199897, 0.9501174707437958, 0.039393291172489665, 0.6605415779465926, 0.9519808923304828, 0.9522008955648775, 0.8103792796801723, 0.10815442197860213, -0.11554290135590903, 0.9585701838215208, 0.9587089374145038, 0.09559736956056109, 0.044096172476619566, 0.9602921330751624, 0.9605750344177261, 0.8468984559327262, -0.46336283485297236, 0.9323324512772934, 0.9594682999619, 0.9609802294831948, 0.10566679935613567, 0.9617133067631839, 0.9616759211716255, 0.9617133067631839, 0.7790344779720078, 0.4264908272878708, 0.7308692765347862, 0.8572204417089277, 0.8356907267719264, -0.5535628190217462, -0.6847374549149008, -0.31051140552533457, 0.8663064749000391, 0.09389074591717726, 0.899222772701389, 0.8992679537496852, 0.8540815902636488, 0.8468456118898086, 0.8807941046417231, 0.8572899524119517, 0.8724330225992694, 0.873302828883026, 0.8724330225992694, 0.7951283250404142, 0.7731334692346462, 0.7752853580657365, 0.7731334692346462, 0.8491043573112488, 0.8702340012044443, 0.8472033411981087, 0.8480290874704006, 0.8472033411981087, 0.6148185676231733, 0.5344740868463322, 0.6160614860008367, -0.4241457207494023, 0.6361529165965714, 0.6578643621256096, 0.6610749825565638, 0.6578643621256096, -0.25866531265553655, 0.8541038928986264, 0.9165319158046925, 0.8727988415543426, 0.8712644744974151, 0.23188886715043017, 0.8458041786627394, 0.847213955707031, 0.8458041786627394, 0.8580828479235031, 0.8580828479235031, 0.010780544028754701, 0.2582144911412706, -0.08461674222051739, -0.48236752265823096, -0.39155879069997923, -0.3934795296631375, 0.07883795568064787, 0.3800351945018622, 0.11172064734093505, -0.0067945955216557235, -0.3227449542786617, 0.021229872324662225, -0.8127523851923573, -0.14068788399172227, 0.26989479596403537, 0.26876860565517385, -0.347761348173458, -0.43791011461679025, -0.3010466189140551, -0.3053114355636343, -0.6873795513258704, -0.32282379634893305, -0.32472208323097246, -0.32282379634893305, -0.05626431865409992, -0.3399678898153001, -0.3399678898153001, -0.5375107788262219, -0.5375107788262219, 0.5775686311769898, 0.6757430399617583, 0.7606648767784667, 0.6693159892524768, 0.8397785962032414, -0.432972210758866, 0.3895275928173678, 0.5670439458167401, 0.5673365214980011, 0.5670439458167401], [0.9808432391015899, 0.9785323761070032, 0.9965402530645224, 0.9862084337179979, 0.995018142701172, 0.9808432391015899, 0.9995666385008679, 0.9981693823700188, 0.9995098185878205, 0.9198827419231851, 1.0, 0.999563553715558, 0.9995600092494082, 0.9995110175665607, 0.9995477013712539, 0.9984715800513356, -0.3500269705979485, 0.9997184528080753, 0.9997226519235032, 0.9995721196238077, 0.9995719262323548, -0.288237817977474, 0.9592839482293343, 0.9919476707564693, 0.9919196082061016, 0.9877252397314291, -0.02233888432571389, 0.06855988138924893, 0.9891092200969981, 0.9891746091669489, 0.9708725364666946, -0.00832187846680185, 0.9986470400945424, 0.998591930747562, 0.9983787304511879, 0.9992247533525928, 0.9991566110195872, 0.9986339650854433, 0.9984026933108092, -0.36092846863732364, 0.9983235004506447, 0.9983350064614185, 0.9983235004506447, 0.9083051239054084, 0.4949076935778484, 0.9131787265374897, 0.887441154536487, 0.6907175760021055, -0.5461130152516843, -0.6655580982918017, 0.7991062957528671, 0.8069083631782609, -0.27297586752187974, 0.9209950483902049, 0.9211814050278843, 0.8435731837098359, 0.8539463963964165, 0.8184375388780111, 0.8213394659871296, 0.8280653300346866, 0.829075871879375, 0.8280653300346866, 0.6442463132360747, 0.5976496178487621, 0.6002371840552286, 0.5976496178487621, 0.8551460711066956, 0.864886691925819, 0.8534111109520679, 0.8550008563014289, 0.8534111109520679, 0.28551507309088037, 0.21741714164712375, 0.3466531625638251, 0.47021940262187517, 0.3368590107163502, 0.3887890262656413, 0.39149222279656604, 0.3887890262656413, -0.41255007813553585, 0.7590766488677485, 0.8126667599497974, 0.7912171550370753, 0.8528129603721701, -0.09137044154173923, 0.7512163845434822, 0.7517785191082444, 0.7512163845434822, 0.7665641693557043, 0.7665641693557043, -0.3224374597084991, 0.6678363423505755, -0.40284849312806775, -0.6695949025578226, -0.5471213340355434, -0.5493582927371212, -0.3547226990268788, 0.14064665055733047, -0.26521923789449114, -0.42712161858748476, -0.6104370607389533, -0.3390039833443489, -0.6281316921891006, -0.40454972966834424, 0.01093133007734183, 0.00672499291981001, -0.5607301420251081, -0.5246722070973291, -0.5428970660093094, -0.5770475111954625, -0.5714484397195503, -0.5465505157130616, -0.5494301987423075, -0.5465505157130616, -0.4406794658615423, -0.60058113823917, -0.60058113823917, -0.6049605415767388, -0.6049605415767388, 0.3573718405605686, 0.3607126335345457, 0.46985326058310767, 0.5551667573323685, 0.5537140160982225, -0.5458669741840971, 0.3027915199110796, 0.32278633672175844, 0.3229746156809475, 0.32278633672175844], [0.9905577630263667, 0.9765293831439137, 0.5426978137374946, 0.9921973323778958, 0.9966697265713887, 0.9905577630263667, 0.9999960578979107, 0.9979370725891034, 0.9999681446547704, 0.9499815078163417, 0.999563553715558, 1.0, -0.15780569667302496, 0.9999941629147605, 0.9999252839139854, 0.9948317188121701, 0.41875200460591866, 0.9998328523063861, 0.999832979072262, 0.9882817950769422, 0.9999969332571874, 0.3405854715937188, 0.6551354225874614, 0.9894781912621697, 0.9839903173268251, 0.9844282945658497, 0.20852817838167065, -0.1939354678266622, 0.9923390225037877, 0.992060608040838, 0.15768016265903054, -0.2629477853833244, 0.9992883290732809, 0.9993794326189963, 0.3360698159274913, -0.33076080415077025, 0.9986053409631102, 0.999281205053466, 0.9982192936835101, 0.3995363183207893, 0.9293573146068563, 0.9990146701243589, 0.9293573146068563, 0.9145889939590751, 0.629276766222711, 0.9180762351961724, 0.8901209636756645, 0.6897547389559254, 0.41884025918854245, -0.07145550835802857, -0.2116289240934394, 0.9241955885564742, 0.42193772139483116, 0.9686986838397597, 0.9612124466911522, -0.09152694672089688, 0.8181590354641944, 0.7955078077491066, 0.8422265365491762, 0.7884477489536048, 0.7572781035548015, 0.7884477489536048, 0.7489028183752003, 0.7570857237541094, 0.7573342585930769, 0.7570857237541094, 0.8278151060432882, 0.2929149984940047, 0.5119046597320398, 0.5989264548749451, 0.5119046597320398, 0.513046101457108, -0.3642657701983891, 0.47303187878424, -0.6679935190717345, 0.3882456604944715, -0.13457220316959045, 0.35826193118903565, -0.13457220316959045, -0.14839209255704203, 0.8030211009599444, 0.8085723512368955, 0.7993101266502581, 0.7292160284767709, 0.42229150223939105, 0.8070537740141024, 0.8091735302637224, 0.8070537740141024, 0.7137324843265739, 0.7137324843265739, -0.257383191409082, 0.6763420689480413, 0.2560124109471791, -0.5666783859906421, -0.6074293096146461, -0.6106201616601177, -0.08874033644254044, -0.014904369828706942, 0.3644804071377515, 0.10773969074978686, -0.39098076654080893, 0.11260689827838688, -0.8253404409368531, -0.10902058746319337, 0.02659663482373085, 0.026999188762479868, -0.5862465647554196, -0.6107953085876479, -0.039498852382567895, -0.5720104652846214, -0.845247068432971, -0.33478515373693474, -0.15988771394643558, -0.33478515373693474, -0.2690581454080876, -0.30381256372205834, -0.30381256372205834, -0.8393391325554717, -0.8393391325554717, 0.3622654370258658, 0.6040669912540958, 0.4954476049792397, 0.8089826103263474, 0.7605628291717573, -0.30594350031261014, 0.059332730923954725, 0.7668689586383889, 0.785331817107743, 0.7668689586383889], [-0.13993900005912838, 0.9764866590758874, 0.5184201641596299, -0.1445871661988401, -0.3601385776268, -0.13993900005912838, -0.15814586787072088, -0.16791968199341334, -0.3339463347428002, -0.27915999047143014, 0.9995600092494082, -0.15780569667302496, 1.0, -0.15716512802864646, -0.15342269481040477, -0.12910207671548649, -0.29131616673617516, -0.15863518439540944, -0.15904572278812892, -0.28173304515647174, -0.1586262824094963, 0.02379865409979576, 0.3088906622023101, -0.193369225306741, -0.19370824554405514, 0.9844065421013313, 0.24581120285498428, 0.18626115481420757, -0.19304026609077715, -0.19366139803401125, 0.5363850618021337, 0.12027266986573687, -0.15555123590776856, -0.3181178627449955, 0.16374494499087797, 0.9613402497319548, 0.9986031056656629, -0.3508529276877669, -0.15059754453430652, -0.2811277376229745, -0.15591385284822443, -0.15664962147912456, -0.15591385284822443, 0.9146590761936862, -0.1193523343197345, 0.9180371844835866, 0.8900500129015853, 0.6897323878361725, 0.08384261296045205, 0.2572798425262428, 0.6445923323779353, -0.27258375550076674, -0.2959824189091122, -0.07099851079477724, -0.30963725263079767, 0.02396680494386254, 0.25728658595339426, -0.025851633003772093, -0.3179918104728366, -0.023831429413553838, -0.01349206135042551, -0.023831429413553838, -0.42610036197790874, -0.11116996199404994, -0.1132560500846801, -0.11116996199404994, -0.2170334508604343, 0.06780859322028014, 0.04338244081655785, 0.04338911479447998, 0.04338244081655785, -0.4177542236689234, 0.0072071169649003735, -0.3811612749436586, 0.6238043894275479, -0.35026678083116564, 0.008058737307018298, -0.06306618563965206, 0.008058737307018298, -0.3057965181163214, -0.35254348470993413, 0.8085564657049885, -0.13871114868153128, 0.010273332853971369, -0.217585754213454, -0.27266903430088696, -0.2720062156638388, -0.27266903430088696, -0.03185180694931467, -0.03185180694931467, -0.23536352754480364, 0.6762632929330876, -0.1626300575955264, -0.009332230200457939, 0.20244708633476502, 0.2010208539033858, -0.2502158734564212, -0.01120615361815378, 0.020315159038080195, -0.17162581164150192, -0.10663651744411726, 0.043649894606313404, 0.3915042421074234, 0.1174685838969311, -0.042157196282547466, -0.046071817560728014, 0.09014877027041023, 0.5740214955195868, 0.09558078817774822, -0.1835756312805926, 0.6194823010901312, 0.10068445816172304, 0.1083849277578436, 0.10068445816172304, -0.2361166359899361, -0.19460096307028185, -0.19460096307028185, 0.3280195423283938, 0.3280195423283938, 0.3623760698795189, -0.2552799398369302, 0.014628604018031942, 0.08889965840476025, -0.2549253384074213, 0.07639848352336653, 0.15235620054200646, 0.10318551127345227, 0.10313622642066275, 0.10318551127345227], [0.9906252498967646, 0.9762898326830547, 0.543052125329156, 0.9922359205461481, 0.9967013542006206, 0.9906252498967646, 0.9999922227360156, 0.9989771204376303, 0.9999727980848175, 0.9496251505571756, 0.9995110175665607, 0.9999941629147605, -0.15716512802864646, 1.0, 0.9999372435743702, 0.9974415662535783, 0.418877116774493, 0.9998360019425263, 0.9998360372029875, 0.9884492124561933, 0.9999941768269821, 0.341290116937639, 0.6549684761628626, 0.9930493568319549, 0.9929328969962011, 0.9842964007957122, 0.20882840493879007, -0.1939831031293457, 0.9930807213710928, 0.9931281901936035, 0.15849722016566523, -0.26277456499426577, 0.999339935350038, 0.9993787511847335, 0.33497843491746837, -0.3298750418535189, 0.9985391660395619, 0.9992847132952081, 0.9985311375259805, 0.39968745142772844, 0.9288222061682916, 0.9990721879013423, 0.9288222061682916, 0.9148811821768067, 0.6300421134929426, 0.9184599685262528, 0.8905074978265626, 0.6894249110452774, 0.42028335327105537, -0.06979756420970751, -0.21183447821704357, 0.9246121183112748, 0.42224203988039205, 0.9691306663092053, 0.9615967825449427, -0.09257688610284602, 0.8184364849720862, 0.795425331261008, 0.8424935763314781, 0.7884078308032831, 0.7568859189674576, 0.7884078308032831, 0.749099105443423, 0.7570389314246134, 0.7577650258784413, 0.7570389314246134, 0.8281730295567828, 0.2922092639251202, 0.5113695479899462, 0.5989623905215584, 0.5113695479899462, 0.5128647976408759, -0.3654753157266166, 0.47292026081822347, -0.6681490424035373, 0.3878313370939805, -0.13561205903880807, 0.35790080847584976, -0.13561205903880807, -0.1483337606810889, 0.8031557580888186, 0.8081231454581067, 0.7993958678174435, 0.7189539852571366, 0.42270065071723284, 0.807181430361409, 0.8092902518609472, 0.807181430361409, 0.7135310717708313, 0.7135310717708313, -0.25912443428416226, 0.6773114871974567, 0.2565364920857266, -0.5666483350547268, -0.6078309920061975, -0.6110267298090026, -0.08996233733452652, -0.016220500910421463, 0.36478663252337407, 0.1072686271681964, -0.39126008397001105, 0.11268210120349909, -0.8244292009624902, -0.10886163792203599, 0.025494153331517444, 0.02589180757572235, -0.5869184345591889, -0.611118876235604, -0.03890065366381191, -0.5734591767103676, -0.8452331251980008, -0.33472040324611807, -0.15931313735644692, -0.33472040324611807, -0.27011609936616027, -0.30430975207157906, -0.30430975207157906, -0.8396977198185042, -0.8396977198185042, 0.36244168168038093, 0.6037479267369518, 0.49487602216312704, 0.809443195533972, 0.7599977256819818, -0.3054394399962159, 0.05863267871119028, 0.7672759578216907, 0.7859457270921328, 0.7672759578216907], [0.9906730508165859, 0.9754984498863456, 0.545259858283737, 0.9922765954917997, 0.996714560523959, 0.9906730508165859, 0.9999200428587875, 0.9986713618855985, 0.9999327517753921, 0.9489009384374301, 0.9995477013712539, 0.9999252839139854, -0.15342269481040477, 0.9999372435743702, 1.0, 0.9975607980094704, 0.41795832768798324, 0.9997851968909494, 0.9997864708379318, 0.9883716688327813, 0.9999212583218202, 0.34206426411213786, 0.6565304986474161, 0.9923570933181134, 0.9833232852331504, 0.984317813828606, 0.2098728279451977, -0.19303415666484908, 0.9921957080105822, 0.992206775793266, 0.16133471059202353, -0.26350340426355806, 0.9993433355982336, 0.9992253709007487, 0.33484170272720876, -0.3256140397654795, 0.9984442544231004, 0.9992550576948064, 0.9985100605446545, 0.3987976468541931, 0.9277237966036584, 0.9990950483408381, 0.9277237966036584, 0.9133980055067114, 0.6301513277306011, 0.9169097193933141, 0.8887079471139747, 0.6864521398570896, 0.42095035384204876, -0.06794485388677979, -0.2124630539833114, 0.9239224368863818, 0.4202303659409881, 0.9694413318902523, 0.9611060538572609, -0.09552077515719438, 0.8171620311654954, 0.7956903171340538, 0.8422613470541529, 0.7886634331665504, 0.7591402245771142, 0.7886634331665504, 0.7473118704229761, 0.7564780487647218, 0.7588838006936023, 0.7564780487647218, 0.8282752487148575, 0.2921743133177719, 0.5110050276111623, 0.6003827383146987, 0.5110050276111623, 0.5115547552610215, -0.36787675479828874, 0.4710573532284513, -0.6657725441554421, 0.3861865544661292, -0.1367137569646341, 0.35817606252976125, -0.1367137569646341, -0.15178573171753448, 0.8025928939694692, 0.8069969902917749, 0.7985595034011432, 0.7311846058980637, 0.4231050880139612, 0.8067584439204734, 0.8091498011001217, 0.8067584439204734, 0.7136193083356098, 0.7136193083356098, -0.25964319089563936, 0.6793563650667994, 0.2567585308975102, -0.5677946425203131, -0.6078603076877297, -0.610759425213531, -0.09206512879085828, -0.01777935426660736, 0.3660436800228574, 0.10672284579902704, -0.3923754112167774, 0.11359450399925866, -0.8229069820410869, -0.10748144104101025, 0.024662236358564255, 0.02535201462507757, -0.5882442739283525, -0.6062459692049804, -0.03714999836741468, -0.5744386167117486, -0.8430204967404076, -0.3338930704668917, -0.15795308631922, -0.3338930704668917, -0.2703673298132557, -0.307141718268534, -0.307141718268534, -0.8375044659805679, -0.8375044659805679, 0.3598388805131643, 0.601507920225266, 0.49293072285703965, 0.8101696907315534, 0.7583503321869903, -0.3064662866977532, 0.056543183860331844, 0.7679845969167935, 0.7872835010314181, 0.7679845969167935], [0.9933990585336776, 0.984536552258662, 0.582223669060842, 0.9950048382512384, 0.9977740554229064, 0.9933990585336776, 0.9939998595511943, 0.9864659488372834, 0.9980849413650856, 0.9508734380244998, 0.9984715800513356, 0.9948317188121701, -0.12910207671548649, 0.9974415662535783, 0.9975607980094704, 1.0, 0.411431756420847, 0.9977828460242886, 0.9977798957548549, 0.9838979721681004, 0.9973756054364424, 0.3599169889148191, 0.6798110828176811, 0.9707751212388498, 0.9788048456309574, 0.9882229403779704, 0.23640648506874878, -0.16853371822103502, 0.9914795767450877, 0.989187833598302