var config = { responsive: true }

var correlationAdjClose = {"data": [{"type": "heatmap", "z": [[1.0, 0.9999933460853083, 0.9842741767017108, 0.9999209647983623, 0.9988548138321048, 0.9887685447046259, 0.9974368920620091, 0.9951327851033802, 0.9954207867231201, 0.9794992468566751, 0.9916630582520101, 0.9952815162826798, 0.9944769971549865, 0.9951889447031508, 0.9953290008773895, 0.9964757506091158, 0.9980759764662419, 0.9959268049586688, 0.9959404901078893, 0.9959695192171688, 0.9952282070545683, 0.9852674312817056, 0.9685137307342525, 0.987512244371773, 0.9863260651619052, 0.9795774253371647, 0.962682754272087, 0.9414320304549585, 0.9943717724696806, 0.9946769751005317, 0.9916892276861831, 0.9744352069987103, 0.997347883289317, 0.9976546413206142, 0.9970128673030052, 0.9953482149729472, 0.994783932643587, 0.9974987374096007, 0.9975632211797173, 0.9987098762527578, 0.9972865489619944, 0.9972996827514674, 0.976368953823037, 0.9222267893199176, 0.7553595467117262, 0.8973673621747731, 0.9051053213668541, 0.8431713007680915, 0.9687080344958099, 0.9443818254833706, 0.9699219460235574, 0.9663420630623286, 0.9606347563895883, 0.9860749579243742, 0.982464363903155, 0.9836166794855615, 0.9763112494024555, 0.9855454696830802, 0.9827778626693507, 0.9861955540345192, 0.9859533877451355, 0.9636604596454408, 0.9660328392164057, 0.9709715973780398, 0.9706289802429148, 0.9429051953307472, 0.9746283812142099, 0.9731826238446523, 0.9815331982845993, 0.9806298249489496, 0.934695082387804, 0.8547709805378906, 0.8228294531885515, 0.8737972428493268, 0.9021172745019234, 0.8965332110768967, 0.9004348589155093, 0.8990670888653154, 0.6145325322666932, -0.5696999724778401, 0.9758456833510074, 0.9660271228195787, 0.9627031149954014, 0.9845169713185379, 0.9444834537832485, 0.9809211989091171, 0.9808714907036584, 0.9436845158649863, 0.9812220962495235, 0.9481373975877729, 0.6152289053461589, 0.8495116024129885, 0.912086818071979, 0.31275704626181894, 0.9173213906948026, 0.9383819197928955, 0.8093486771073624, 0.955670644283984, 0.8961203586947143, 0.6599848606506493, 0.4566721411604019, 0.891867499923334, 0.8617764972639922, 0.8881792659785475, 0.9668683621023955, 0.9671009736671503, 0.7375846345451337, 0.7003031559830674, 0.8257152792758142, 0.3305063138695974, 0.7945089031233161, 0.831703064696164, 0.818171624546967, 0.8162706410613124, 0.7403804729198561, 0.7394385180740503, 0.7191285675504987, -0.23438829720824292, -0.3687371880156278, 0.6255662509675877, 0.900490717960861, 0.9462353397226407, 0.9502167780466809, 0.9199353020394097, 0.8284695879426348, 0.9177663832700491, 0.9396545408427911, 0.9394582679999813, 0.8743444845412476], [0.9999933460853083, 1.0, 0.9813896936345067, 0.9997579872391796, 0.9973538254076285, 0.9902935048672717, 0.992603483198521, 0.9879077933976661, 0.987949653972956, 0.9660758432269353, 0.9905051923050572, 0.9881793015187627, 0.9879821995565915, 0.9880347261333136, 0.9881360361376862, 0.9931703125857502, 0.9948267997676299, 0.9915798923541131, 0.991582319723494, 0.9880308332135048, 0.9880972293394935, 0.9869898662172563, 0.9588560674722493, 0.9831122140585921, 0.9827380195200713, 0.9793995004324746, 0.9702338284818671, 0.9029033655312861, 0.9877147751059885, 0.9834001392098434, 0.9751476454916441, 0.9086146909110598, 0.99438534209271, 0.9941944074470485, 0.9944900067067809, 0.989342896342772, 0.9938622111323259, 0.9944752930262905, 0.9948046120894966, 0.9966478213255714, 0.9944935175467425, 0.9945055504233573, 0.985032177422469, 0.9220712389553196, 0.625637938346761, 0.8972920472597158, 0.9056766332943317, 0.8432926832833146, 0.880004617813101, 0.9119776416105237, 0.8839628240267787, 0.8995354763434498, 0.8787777653542258, 0.9551685433191075, 0.9550631499773996, 0.9720852045515349, 0.9765058916272086, 0.9698606108457638, 0.9693790081435074, 0.9727903829782261, 0.9726959635227332, 0.9312929452821299, 0.9401018404434001, 0.9026435321679355, 0.9024939977363282, 0.7893776241368299, 0.9667469936913291, 0.9692753531812129, 0.9695503518846048, 0.9689323490619678, 0.9263291272943041, 0.6254067459070479, 0.5638942470582494, 0.7252782879799978, 0.8265465395993219, 0.7493976026033927, 0.7902398998908091, 0.788480760909077, 0.5554463169349095, -0.2747247312763316, 0.953038591236198, 0.9607782261721184, 0.9526973820749403, 0.9731001218015066, 0.919680373575417, 0.9581092182307799, 0.9570622755364825, 0.8943517910859975, 0.961424956007832, 0.9009098028970922, 0.41782454787540424, 0.8484501629625031, 0.8479996990966024, -0.1703520941143433, 0.6149264293393504, 0.7178214793392748, 0.6224614275533165, 0.9522977114787454, 0.6408080576734251, -0.2074724488753296, -0.1325605955404196, 0.6078147121955135, 0.6157420946865101, 0.662888373699673, 0.9540335616998155, 0.9538482473366793, -0.1042632287335211, 0.12720293189317325, -0.03666828417588038, -0.05558082550080469, -0.028068684374330508, -0.011608815178469003, -0.04290512199166629, -0.08340132000359728, 0.31594620241535437, 0.06454823750662411, 0.016927117870412053, -0.45762392056944906, -0.48824611474282, 0.6254184096984365, 0.7433849366279487, 0.766138303288214, 0.8296965685009273, 0.8232590415785505, 0.5288523826406095, 0.7316052447832835, 0.7639783644229287, 0.7625988024960144, 0.41219327602339], [0.9842741767017108, 0.9813896936345067, 1.0, 0.9857309137231922, 0.9925841399129183, 0.9896526796345559, 0.9906629323651798, 0.9910343744524964, 0.9943237969492275, 0.9536867864140045, 0.9968282015927652, 0.990936890925734, 0.992882948684156, 0.9910972280604641, 0.9910040001509947, 0.9915774216839548, 0.9901653152757852, 0.9895731160637717, 0.9895374329326372, 0.9928427507888125, 0.9909611878627878, 0.9932092079106708, 0.9782697318756263, 0.9905161486444856, 0.9909084435079358, 0.9778141428545838, 0.9813033177356154, 0.9450323028440661, 0.9734824956041701, 0.9769092436872735, 0.9782264284569737, 0.9495031564202315, 0.9879148114374097, 0.991033807173487, 0.9893387206036254, 0.9930475397470462, 0.9945261648526135, 0.9920378607131111, 0.9872922931070484, 0.9871537578382494, 0.9881888294790305, 0.9875483472363652, 0.9902843327883313, 0.9223523714931638, 0.6968776069729131, 0.925106599146865, 0.8962650088651222, 0.7489924422312169, 0.9298504819645464, 0.8994566699770771, 0.9319333833543826, 0.9261700799746752, 0.9179755040323095, 0.9533644098287233, 0.9602239712310265, 0.9291439173587872, 0.9449282765239463, 0.9522503840324315, 0.9575875471838426, 0.952923583429998, 0.9271850720444558, 0.8921328382023865, 0.9228299451291773, 0.9226168788065708, 0.9062539695375255, 0.857790007884747, 0.9572565799576896, 0.9348790641697277, 0.9529282359643478, 0.9311980910466834, 0.7605116104616638, 0.7920587480850391, 0.728773698232913, 0.8131587144522329, 0.8603684837480987, 0.8572599706434498, 0.830227010177024, 0.8437865125838618, 0.2877601556444211, -0.5712064164706253, 0.9431907841253794, 0.9128728855858133, 0.9183424497299371, 0.9296509596250071, 0.9087135106747791, 0.9488552803100339, 0.9484831667780326, 0.9072626016869908, 0.9456253755990861, 0.8297928943371272, 0.5850373049714106, 0.9262679333463498, 0.9324277423311736, 0.24000651491917016, 0.8969111974362793, 0.9207570726082323, 0.7946194047754, 0.9768500512196887, 0.7788894524204236, 0.5687329542334657, 0.37755189839958425, 0.7855839861976606, 0.7866837199677844, 0.7740919754744501, 0.9807056687446251, 0.980750455860041, 0.6555530786613171, 0.6332924693924407, 0.7141006393056091, 0.2586424979635324, 0.6890217848186716, 0.7122446234467463, 0.7270504474662227, 0.7085562314414762, 0.6921625436743447, 0.6641837970543579, 0.6418514569160639, -0.3107339558244768, -0.444477189361458, 0.576469292218191, 0.8597667620874765, 0.8967106013324198, 0.8980416283600309, 0.8927453150754442, 0.7577359353290124, 0.8710104836162537, 0.8852522924646322, 0.8941532733596053, 0.7401033281221927], [0.9999209647983623, 0.9997579872391796, 0.9857309137231922, 1.0, 0.9991734209465056, 0.9896765972827316, 0.9977978715410695, 0.9956800692980763, 0.9960715756950983, 0.9792102752549293, 0.993244597200062, 0.9958108578814819, 0.995218712279741, 0.9957343914642521, 0.9958521224088049, 0.997004593109103, 0.9984369958875504, 0.9964035157543302, 0.996414819688435, 0.996528182661162, 0.9957609067531289, 0.9865550857612243, 0.96984446005541, 0.9886492150919234, 0.9875748161746558, 0.9822437643958687, 0.9648299607379205, 0.9426336659703316, 0.9938963748606982, 0.9943854641006247, 0.991845021770232, 0.9741317462309432, 0.9975264751355908, 0.9979888296845814, 0.997348101519788, 0.9959443525230416, 0.9956930919023067, 0.9978730587472473, 0.9976908832544306, 0.9988301632867607, 0.9974555452293539, 0.9974657480359995, 0.9782024693128375, 0.9178666535373328, 0.7489853028614475, 0.8980560073660703, 0.9021273394659065, 0.8323940954214822, 0.9658391000657792, 0.940930347968084, 0.9669393440864645, 0.9636906675931827, 0.9578123104290229, 0.9840152401454687, 0.980940409266859, 0.981745440103536, 0.9743458168338255, 0.9838744301295244, 0.9818090542548132, 0.9844446555622209, 0.9841982475597445, 0.9491144944199447, 0.9642457438480053, 0.9691975039337296, 0.9688557462408112, 0.9358978739137488, 0.9738136371852069, 0.9692911269016583, 0.9796224418338164, 0.9786746040011558, 0.9050176117648423, 0.8525214451221771, 0.817797522749111, 0.8712323322164987, 0.8983249004295202, 0.8955461147571133, 0.8972290126193238, 0.8959351110488892, 0.5081099497551737, -0.5698422248391154, 0.9744946882245362, 0.9634885715326202, 0.9602725055495605, 0.9826499176640959, 0.94293646583467, 0.9797304216613032, 0.979680911131463, 0.9423388912878896, 0.9793237504455065, 0.9262911925220645, 0.621110863669405, 0.8590240363462658, 0.9167304183715418, 0.3132442837146503, 0.9190966249080919, 0.9399040935933796, 0.8097414834673423, 0.9572360696395774, 0.8900152641944079, 0.6569261811836078, 0.45428528347750174, 0.8868527679451678, 0.858287190625252, 0.8828286121585396, 0.9680260548352118, 0.9682671144219641, 0.7367417826026978, 0.7007086401806359, 0.8178364103337123, 0.3327427448023581, 0.7889996891169404, 0.8235290972181291, 0.8100749070673494, 0.811064445013178, 0.7434666469093162, 0.7396459978759047, 0.7194005949130674, -0.2297768595673984, -0.3679805242191383, 0.6235072799947706, 0.898664039028199, 0.9445579343952136, 0.9485814165852676, 0.9189332909117153, 0.8257219774628096, 0.9158951074947478, 0.9375521367792738, 0.9375132616368178, 0.8666482078792945], [0.9988548138321048, 0.9973538254076285, 0.9925841399129183, 0.9991734209465056, 1.0, 0.9923840549743614, 0.9990337053836609, 0.998213335811345, 0.9982681524621716, 0.9723843751181646, 0.9974860384539799, 0.9982643302989704, 0.9980267411518979, 0.9982486492706997, 0.9983154285593614, 0.9985800603930581, 0.9991940664449956, 0.9986568483778534, 0.9986591221606846, 0.998342437730533, 0.9982481826987188, 0.9933792142454849, 0.9773997023431429, 0.9934713923906684, 0.993388384155364, 0.9862214024462499, 0.9791622859800381, 0.9457782229567148, 0.9904413418831817, 0.9927510553375365, 0.9895866369890793, 0.9647076598312277, 0.9989448492263705, 0.9989746686302924, 0.9989604997020578, 0.99837010354196, 0.9984911343848469, 0.9990612387024023, 0.9991189899009423, 0.9990338214760607, 0.9989278962007863, 0.9989308937152075, 0.9887362941287693, 0.9275419817404887, 0.7242748387006467, 0.9143184853208003, 0.9054143026645344, 0.8121237343949739, 0.9498977681300517, 0.9272426199700577, 0.953584415896116, 0.9547663361532827, 0.9486628753453121, 0.9799035244466159, 0.9798456260199488, 0.9771399619651189, 0.9676058040108397, 0.9781796108039662, 0.976916508443299, 0.9784953808369715, 0.9781847911694529, 0.950570919361157, 0.9530126811590912, 0.9486149394479201, 0.9481447863532815, 0.8993726503583809, 0.9703837408545061, 0.9671238478272315, 0.9741756018998082, 0.9731517357222057, 0.928621460863446, 0.8258314364334043, 0.7777779993443635, 0.8518372495928487, 0.8996299958486293, 0.8796015515176956, 0.888808097152169, 0.8875211526738892, 0.6651718913221667, -0.5928587870621992, 0.9664702897654193, 0.9498456716798712, 0.9481791434510969, 0.9783579758811897, 0.9239085687089504, 0.9712862441825009, 0.9707665571454752, 0.9301319674547981, 0.9734592049632477, 0.934653576752619, 0.6064792655192237, 0.8835765178792105, 0.9383789339088483, 0.21394057545457282, 0.8947453534996452, 0.9222544093903248, 0.8030699844463162, 0.96345371829298, 0.8778032608982596, 0.5082043515103667, 0.3307709315323839, 0.8649474548654801, 0.8164948897811016, 0.8663495042956568, 0.9725741546861136, 0.9727595408925882, 0.6883724183620792, 0.6800218234283991, 0.7294514963699249, 0.30578416121789254, 0.6670919719941383, 0.7389093626713398, 0.7144355928678485, 0.694397208557423, 0.7260578504654647, 0.7211884900504368, 0.6999205740409432, -0.45706936843801005, -0.5318612438210227, 0.6102070288058538, 0.8908311119158268, 0.92811154145985, 0.9395510082233621, 0.9148758073310475, 0.8004807984301456, 0.8971006459634582, 0.9212273292704739, 0.9207051357983204, 0.7996157051367072], [0.9887685447046259, 0.9902935048672717, 0.9896526796345559, 0.9896765972827316, 0.9923840549743614, 1.0, 0.9891301876406399, 0.9889775615467461, 0.9884117708468112, 0.9653901499487045, 0.9786990682289224, 0.9889393561850592, 0.9900092440628461, 0.9890389880299812, 0.9891464459886542, 0.9919686546338359, 0.9904214940709473, 0.9898870863187764, 0.9898726496299727, 0.987801859246493, 0.9889764991527421, 0.9961545299061523, 0.9909199934113841, 0.9885572496768247, 0.9882788374714818, 0.9662372532527681, 0.9840746693570191, 0.9648472911506536, 0.9742526561535021, 0.9779927429510694, 0.9859538722139729, 0.972550135188019, 0.9891335089575031, 0.9892852871580043, 0.9900798186777025, 0.9899435345818823, 0.9817884088219917, 0.9899917323219106, 0.989488124561299, 0.9895596416344103, 0.989229766294154, 0.9892234430020335, 0.9943542752984361, 0.8822041285485043, 0.7322969160177352, 0.8737207556522173, 0.9037494397090621, 0.8400209412346619, 0.9381934952915939, 0.9131001330477639, 0.9398591827782982, 0.946530004793091, 0.9361919260629797, 0.963854197896036, 0.968338034423117, 0.9669207493947373, 0.9781282262262596, 0.9681109231578732, 0.9797639512237664, 0.9680624648636941, 0.9674763508662328, 0.9657237343985975, 0.9580907003243624, 0.9430378752860689, 0.9425219439647172, 0.9281231410324243, 0.976544641042432, 0.9689335186967399, 0.9678957481485301, 0.9661542255620785, 0.9463288249852594, 0.851666064153089, 0.8036927139931478, 0.8721320698685338, 0.8926232456484254, 0.8998098500867453, 0.8834696666379603, 0.8814741439517527, 0.6328209586133847, -0.5342049470791999, 0.9732343307395774, 0.9677031112908892, 0.9645990310594892, 0.9680943996264502, 0.9424092004606551, 0.973870577276808, 0.9735353179038387, 0.9520096383116401, 0.9634408513883294, 0.9517904250400676, 0.6207770072199257, 0.8185089533069393, 0.933501118107877, 0.31163754723242226, 0.9079919246223496, 0.9273585638147122, 0.8060569821774506, 0.9536723998234504, 0.8482515832717291, 0.6094332748230289, 0.43446768693771687, 0.8455924955298365, 0.8202750690561976, 0.8426250448416878, 0.9561172380258344, 0.9561961998604542, 0.701430979150226, 0.6819432985922687, 0.7638181773980467, 0.3333683755429224, 0.7429938323446433, 0.7717850337393228, 0.7575916112853758, 0.7597549598760219, 0.7316988720121397, 0.7124400443089237, 0.6942482985805984, -0.2607557823490323, -0.3867001197837793, 0.6571090153234378, 0.8882373990589655, 0.9060239161894794, 0.9140719411369334, 0.9024741684281886, 0.8026885605307024, 0.8748639490688158, 0.897671551532255, 0.8976698061803015, 0.8428844990965135], [0.9974368920620091, 0.992603483198521, 0.9906629323651798, 0.9977978715410695, 0.9990337053836609, 0.9891301876406399, 1.0, 0.9970839947217585, 0.999517067137161, 0.971519766403438, 0.9993955761723814, 0.9980802448592268, 0.9990536966274877, 0.9989906227623092, 0.9987586985452382, 0.9981032189203847, 0.9998841861177719, 0.9992327632575232, 0.999238066427554, 0.9996400285892528, 0.999199918722748, 0.990592037433846, 0.974139888760536, 0.9837605759757234, 0.992296995781641, 0.9854057447033716, 0.9711719349488057, 0.941230088753954, 0.9924165055830078, 0.9918193808051264, 0.9928898164134959, 0.9707616917181388, 0.9987954609858847, 0.9998120825730598, 0.9996411239481353, 0.9993785311980917, 0.9996359637042708, 0.9998432481141538, 0.9978500412227205, 0.9995314455111936, 0.9992536133283181, 0.9988504838537808, 0.9833388696601342, 0.9323922018687042, 0.7387902152206873, 0.9271621272655909, 0.9151113613626989, 0.8020413257127196, 0.960053624052642, 0.940197934559435, 0.9620232018514194, 0.9586930812169242, 0.9535393363973523, 0.9819683457397332, 0.9799323303125256, 0.9386664588927316, 0.953188145016471, 0.9677106367187179, 0.9679033173907152, 0.9695990774078288, 0.9390278197214404, 0.8862537496301729, 0.9425349196375933, 0.9539706486624212, 0.9307331418783724, 0.8723680947355239, 0.9589951768606567, 0.9275833856791086, 0.9610808645480142, 0.9388576579043488, 0.7247066997579953, 0.8204157179535347, 0.7513476168867851, 0.8376804935819658, 0.8672586360518032, 0.8707901345485404, 0.8511211721007549, 0.863536695181252, 0.24286992528481469, -0.6052966291944704, 0.9564915533481076, 0.93225033160149, 0.9329388410412707, 0.9412003243967387, 0.9234655578860503, 0.9649202362323245, 0.9649832219226943, 0.9206011800783438, 0.9610526949081605, 0.8144531732910686, 0.6023833711247593, 0.8846990057614595, 0.9165425570374717, 0.2920027166095678, 0.916412122788262, 0.9384404881333952, 0.8035179310684031, 0.9632193008090423, 0.8310603746686959, 0.6437344521258604, 0.4367032177576035, 0.8430876482758682, 0.8362030177661768, 0.8286828729393365, 0.972786993965141, 0.9730411635807323, 0.7218699569464544, 0.6759493290355831, 0.7831541278687516, 0.30076008070979376, 0.7652609707006609, 0.7930401430451461, 0.7840917977405795, 0.7893119361945943, 0.7214124866572109, 0.7255459546374475, 0.7034426207824775, -0.24947028588106984, -0.3948407287453711, 0.6293231671421979, 0.8917201997946724, 0.9307620229770345, 0.9461018939565083, 0.9176605414066168, 0.8233191129224057, 0.9149840988150462, 0.9369191536212056, 0.9362811276433088, 0.7745995696866995], [0.9951327851033802, 0.9879077933976661, 0.9910343744524964, 0.9956800692980763, 0.998213335811345, 0.9889775615467461, 0.9970839947217585, 1.0, 0.9999839153333556, 0.9653287886764412, 0.9996236984183239, 0.9999968568878037, 0.9996544390817185, 0.9999977871234711, 0.9999812970501742, 0.9963731874780853, 0.9992042040744796, 0.9998840261089832, 0.9998837769260044, 0.9999552476291331, 0.999994453887556, 0.9907148861688964, 0.9750270905494935, 0.9915511681588062, 0.9927934178690911, 0.9820862410083195, 0.9733155295772141, 0.9396593221228804, 0.9887253847253485, 0.9944121494884489, 0.9915182833335461, 0.9672985441019273, 0.9994241477002833, 0.9994788143156141, 0.9996037699255954, 0.9996758004791667, 0.9987043844263904, 0.9993877496983509, 0.9990984107767016, 0.998201218278939, 0.9994940833887008, 0.9993548780631077, 0.984717282996109, 0.932992276747264, 0.7255448471011542, 0.9342223685425483, 0.9125653645841593, 0.779587363680046, 0.9586492484128959, 0.9352183651899284, 0.9601865861311313, 0.9522014458415524, 0.9470538501720815, 0.980023566312755, 0.9766549248505991, 0.9326784379186158, 0.9465690399894895, 0.959366630571546, 0.9635090440357108, 0.9617855819695035, 0.9369800204780517, 0.874521710178044, 0.9359574504984883, 0.9457370366476987, 0.9244806032483384, 0.8562520646728922, 0.9549976382514376, 0.9196408139245069, 0.954061506314178, 0.933245360244722, 0.7068200878799827, 0.8096621688362213, 0.746177983221626, 0.8268533135394034, 0.8577533014645775, 0.8642259272381315, 0.8456419552813202, 0.854921149863639, 0.2211021437916418, -0.6115961255593649, 0.9505414221352589, 0.921213882807733, 0.9237405223203028, 0.938883774893555, 0.9152072196943825, 0.9591694416936027, 0.9592358281274643, 0.9125994763968951, 0.9521893573559952, 0.798263671240684, 0.5970773334629592, 0.9076290115170774, 0.9296126728514746, 0.2795382585074563, 0.9155048102218214, 0.9378849566922, 0.8006422489751345, 0.9681612148573964, 0.835228425386245, 0.6296283874138925, 0.4232180068889113, 0.8447044564074441, 0.8332436066623353, 0.8324839550275831, 0.9759707118541229, 0.9762289773929068, 0.7115252080140084, 0.6665704744850309, 0.7854690408323124, 0.28507605535014036, 0.760138939829776, 0.7888828038196958, 0.7857117990379399, 0.783904346598891, 0.7135989536737277, 0.7189196269475848, 0.6960933937613689, -0.2671186659339096, -0.4115631088591194, 0.6093810369799046, 0.8829212417232694, 0.9286356998407902, 0.9383771876446936, 0.9111054279244367, 0.8116053743934557, 0.9084768181245046, 0.9306167214243738, 0.9302437453845174, 0.7538096737150375], [0.9954207867231201, 0.987949653972956, 0.9943237969492275, 0.9960715756950983, 0.9982681524621716, 0.9884117708468112, 0.999517067137161, 0.9999839153333556, 1.0, 0.9646183294091857, 0.9996226194904962, 0.9999812183891454, 0.999831078034324, 0.9999897414042673, 0.9999965862390523, 0.9989676976031007, 0.9991975568407422, 0.9998171348495689, 0.9998164949683177, 0.9999661351846878, 0.9999824014584003, 0.9935908443664355, 0.9760636886460919, 0.9948358788368498, 0.9949960876930202, 0.9820628119680748, 0.9774281805230435, 0.9405817595041306, 0.9892393965868057, 0.9934892489493325, 0.9885057952147084, 0.9626066105670718, 0.9993372692374879, 0.9994187629190648, 0.9994161155528802, 0.999831749091131, 0.9987157490354356, 0.9993787355893121, 0.9993176048060873, 0.9982027628560324, 0.9993302889449158, 0.9993253712457709, 0.989019717889722, 0.9332020501687429, 0.7264015517952184, 0.9343290946026057, 0.9128686700112525, 0.7798100736091668, 0.9460647981341221, 0.9222823235430299, 0.949288449097116, 0.9496117780216781, 0.9443827135027537, 0.9773143293921017, 0.9767861137955887, 0.9653848249351179, 0.9469971710321748, 0.9663415626378652, 0.9635584248695784, 0.9667599244991326, 0.9663963464033177, 0.9364883309918185, 0.9351657828938467, 0.9370128802001698, 0.9365765313963934, 0.8864666692192462, 0.9553438127507088, 0.9565740325369695, 0.9629487158539258, 0.9616786325809191, 0.9142046746979104, 0.8088998767058827, 0.754685553989906, 0.8259445162063074, 0.8791403955065193, 0.8622046628981507, 0.870116566757018, 0.8690682918019108, 0.6081131520103992, -0.6280967882469009, 0.9504311732182584, 0.9212474494376237, 0.9238313985577399, 0.9668492061849525, 0.9059796092678648, 0.9586176442828018, 0.9580611217687115, 0.9133747021619028, 0.9610622555806202, 0.9182275941061134, 0.5952024000196818, 0.9070796538292918, 0.9443287619733242, 0.22416733836205904, 0.9009001806389393, 0.9276077887851127, 0.7997122832351602, 0.9667689325601928, 0.8844940892610652, 0.5359165691060676, 0.3525788911312855, 0.8722258491055827, 0.824751916349681, 0.874244282236816, 0.9758816382349373, 0.9761678008807695, 0.7094067807791735, 0.6635240666078853, 0.7461048963242147, 0.28273246287437176, 0.685388834477065, 0.7548030742064208, 0.732319888464229, 0.713103626395275, 0.710811043297438, 0.7155894957134684, 0.6927120085975322, -0.5073826440188582, -0.5836786561554446, 0.6089053384877129, 0.8817565445363078, 0.9272499448430062, 0.9396458388579616, 0.9100699678142834, 0.8063905915000529, 0.897119402473099, 0.9204314741071683, 0.9198682013675452, 0.8087099453950632], [0.9794992468566751, 0.9660758432269353, 0.9536867864140045, 0.9792102752549293, 0.9723843751181646, 0.9653901499487045, 0.971519766403438, 0.9653287886764412, 0.9646183294091857, 1.0, 0.9492773036694679, 0.9657317198871478, 0.9646200972323784, 0.9654539543346468, 0.9649977013543372, 0.9665795368062275, 0.974259116032948, 0.9700759773942214, 0.9700813902155025, 0.9655079402004938, 0.9655804110803055, 0.9653770499664256, 0.9520974740000095, 0.97252268495499, 0.9703572440200968, 0.8858422661981414, 0.9690151978586001, 0.9501892357219641, 0.9753442157074784, 0.969138574438513, 0.9693376923610068, 0.9339782656921406, 0.9739384360430732, 0.973493044219814, 0.973986309033609, 0.9658619411775614, 0.95746176315909, 0.9729561350145871, 0.9737772510552761, 0.977642121945253, 0.9741322422582059, 0.9741468509694134, 0.9557225996751255, 0.8427114143055142, 0.5460656682497474, 0.7844218489911772, 0.8895787470698476, 0.875888189010575, 0.9016642331319439, 0.824829802487767, 0.9061959148946092, 0.9149943650672622, 0.9032995928913962, 0.9314252415870574, 0.9312777620629022, 0.9435103428328331, 0.9348317432895437, 0.954309136830162, 0.9476837283266807, 0.9525861428778438, 0.9526177694525217, 0.9122070805364377, 0.9519963211504614, 0.9363565403080472, 0.9360539416106358, 0.8549114708897937, 0.9351397811746333, 0.9433211632694922, 0.9364849385423384, 0.9354686442795805, 0.8861215605669277, 0.8166876353102503, 0.7722488887275816, 0.86081008871743, 0.9136937479304709, 0.8847008300318497, 0.899231189349473, 0.8984911977869728, 0.7054906022226797, -0.3108612225471508, 0.9528090965706831, 0.9531937045793916, 0.9456448440978782, 0.945363031547084, 0.9045214664240383, 0.9540836672552115, 0.9539737179165502, 0.9006997643179264, 0.9561474316289069, 0.905972128379591, 0.704775012503772, 0.6699455081123898, 0.862564071465178, 0.20752119658787874, 0.8499417389239186, 0.8878469970224763, 0.8730175012761174, 0.9486279536550333, 0.9052938193325586, 0.43553923048507065, 0.38007874453116436, 0.897647953628701, 0.8731750479400429, 0.9039884691405603, 0.9489288961023308, 0.9492796433232683, 0.5384494826164969, 0.7026766412859277, 0.6090421947649618, 0.4839884449005885, 0.5729416067277017, 0.6294938101687322, 0.5901341959603914, 0.5658392243276694, 0.8041937865341122, 0.6814424295039506, 0.6460475254581728, -0.27862095747752613, -0.3255447121312247, 0.7484643441105401, 0.9171225345021545, 0.9234094869202479, 0.910630338522963, 0.9420881722525544, 0.6567262188555094, 0.8417157632375757, 0.9095993398983926, 0.9087356240873878, 0.6917348059224264], [0.9916630582520101, 0.9905051923050572, 0.9968282015927652, 0.993244597200062, 0.9974860384539799, 0.9786990682289224, 0.9993955761723814, 0.9996236984183239, 0.9996226194904962, 0.9492773036694679, 1.0, 0.9996548158851791, 0.9996311396443536, 0.9996394050005428, 0.9996470907215809, 0.999383729059403, 0.9989019518245715, 0.9999523012301623, 0.9999530348756909, 0.9996382472061369, 0.9996486708507097, 0.9893988829117341, 0.9545863354958799, 0.9905786251776523, 0.9917857191930102, 0.9869861598788069, 0.9681716744365534, 0.8889323482563468, 0.9882165665616739, 0.9922245836498178, 0.9712458786694522, 0.8920550173839221, 0.9991145812684527, 0.9991865107138651, 0.9991084042331265, 0.9994391895492059, 0.9993723277821822, 0.9991311398401345, 0.9989866232019409, 0.997004256769675, 0.9990826479328291, 0.9990805984881027, 0.9891428230033044, 0.9271250986563464, 0.5833688909074577, 0.9294682741361835, 0.9120770358907889, 0.7845032407654678, 0.8610983357969499, 0.890188534570188, 0.8667614357766096, 0.8754074534850245, 0.8579059283552039, 0.9499953508342008, 0.9499207855844296, 0.9469342436549947, 0.949505853272849, 0.938069870243961, 0.940261382008783, 0.942873089533968, 0.9426661896677829, 0.8894701333867298, 0.901267847871132, 0.8563406152942993, 0.8561145914647817, 0.7267050487959272, 0.9427826740896283, 0.9464487664125908, 0.9466598128122726, 0.9459437623414643, 0.8910699792088443, 0.5710505921014954, 0.5054135082790381, 0.6707011758838243, 0.779888899728996, 0.7012493902009381, 0.7432559183821653, 0.7421587068184341, 0.49395872234290705, -0.40184430054132037, 0.9143875212297622, 0.9254086990046048, 0.914018792040951, 0.9485426143777206, 0.8722325658421796, 0.920861248341792, 0.9194964972024512, 0.844688395982921, 0.9256063470590019, 0.8530322180807531, 0.47495227604014356, 0.9030392567591607, 0.8995542124080862, -0.14860575625849506, 0.6597485095180119, 0.7521556792678362, 0.6366874904510288, 0.9686688928862005, 0.6537047348900429, -0.15392913243805761, -0.10638391889303345, 0.6256646438171193, 0.630530078798307, 0.67300933675631, 0.9700081604052734, 0.9700608478880988, -0.04122812591508037, 0.18202489662277896, 0.028931022024606214, 0.008139901895035353, 0.03446864672667449, 0.05370834822276572, 0.021084353340345387, -0.02611393821558909, 0.3729592001453235, 0.10970248060600978, 0.0584915033344751, -0.5277695641125961, -0.5581181242765975, 0.6090535826593333, 0.7350718321061905, 0.7586021366989149, 0.8245372686813831, 0.8216188989195135, 0.5072240116650746, 0.7201570607927295, 0.756090295276637, 0.7547967433317788, 0.40103097961413475], [0.9952815162826798, 0.9881793015187627, 0.990936890925734, 0.9958108578814819, 0.9982643302989704, 0.9889393561850592, 0.9980802448592268, 0.9999968568878037, 0.9999812183891454, 0.9657317198871478, 0.9996548158851791, 1.0, 0.9996401215402355, 0.9999976330091614, 0.9999841950038608, 0.9970237211890554, 0.9992592589579324, 0.9998957765675831, 0.9998956467834382, 0.9999631792321559, 0.9999949045528518, 0.9906330262361799, 0.9749157407308613, 0.9922031762758422, 0.9927593820226479, 0.9823117894498737, 0.9731604509031244, 0.9396996175490497, 0.9896063520395885, 0.9944602787730243, 0.9915879557408352, 0.9674422588173175, 0.9994660513152911, 0.9995231760981101, 0.9996374633370979, 0.9996781982220698, 0.9987995091755778, 0.9994343584224775, 0.9991369444325066, 0.9982927568614205, 0.9995373901880875, 0.9993976342627547, 0.9845368928363702, 0.933262848768321, 0.7262433953476345, 0.9341383929565793, 0.9128464790445542, 0.7808004139663589, 0.9589607441906163, 0.9356307993115128, 0.9605069311406051, 0.9525681873081693, 0.9474397866583081, 0.9802563850938462, 0.9768355087101154, 0.9330269248082593, 0.9468325507980955, 0.9597175995701588, 0.9637018771649419, 0.9621277386639178, 0.9372647122108517, 0.8747968609842502, 0.9363001682170369, 0.9461945952063304, 0.9249395859848027, 0.856763766081828, 0.9551386435046498, 0.9199162942880977, 0.9543372482916719, 0.9335750761144639, 0.7070315752729349, 0.8102241579945086, 0.7467673573026394, 0.8274076930095839, 0.858170139979629, 0.8645578739412736, 0.8461066737075164, 0.8554123619324174, 0.22152721938735184, -0.6114433414493995, 0.950822092148729, 0.9217383031359118, 0.9241610577112344, 0.9391516765740706, 0.9155604766728338, 0.9594474120373371, 0.9595140433957756, 0.9129065732614854, 0.9525656515383558, 0.798610508393632, 0.5973482452562688, 0.9065941668637311, 0.9290611217101629, 0.2801702107333011, 0.9155788220495148, 0.9379527859817415, 0.8009463332041141, 0.9679863712787166, 0.8356560788941074, 0.6306094203728962, 0.4241151525649763, 0.8451569827486266, 0.8337745749561534, 0.8328972609500328, 0.9758838578350767, 0.976142074833923, 0.7121907431812639, 0.6672155516263333, 0.7860258780994972, 0.28600244994109414, 0.7608218863531262, 0.7895458084188485, 0.7862697728261436, 0.7845978656067594, 0.7140333479841486, 0.7193803417039, 0.6965854884722292, -0.2660508959619477, -0.41059197574353085, 0.6100337286673808, 0.8834331400567522, 0.9290322610470575, 0.9388666697242398, 0.9115489930049866, 0.8121513805364576, 0.9090099576735636, 0.9311376590837908, 0.9307504149229803, 0.7544744426693172], [0.9944769971549865, 0.9879821995565915, 0.992882948684156, 0.995218712279741, 0.9980267411518979, 0.9900092440628461, 0.9990536966274877, 0.9996544390817185, 0.999831078034324, 0.9646200972323784, 0.9996311396443536, 0.9996401215402355, 1.0, 0.9996767074949942, 0.9996612734652364, 0.9990845891325328, 0.9987965400955107, 0.9994565889252182, 0.9994501236239037, 0.9996560209789506, 0.9996310243217106, 0.9926366193238303, 0.9765096294764438, 0.9955956659793899, 0.9954866737274491, 0.9821286216515901, 0.9759861124498631, 0.9422265576304935, 0.9887695171890898, 0.9924884165638778, 0.9906750564808681, 0.9650031795833057, 0.9987507749265215, 0.9990562347358716, 0.9992562886500926, 0.9999215216756401, 0.9987419264639713, 0.9990158320107384, 0.9985705386918418, 0.9975281735058898, 0.9987413424400151, 0.9986667146095388, 0.9884690528583837, 0.9332323545916038, 0.722240946545336, 0.9342719425502163, 0.9127467508466078, 0.7800637703800509, 0.9547075907071827, 0.9285519557645047, 0.9556198161307263, 0.9491414473640017, 0.9434594501856258, 0.9767026594729064, 0.9747440023704422, 0.956853507143, 0.9464736664182075, 0.9599668525696221, 0.9628296081350127, 0.9619049982257185, 0.9612028298330382, 0.8788754489110295, 0.9331152631839289, 0.9444776180680136, 0.944191743227518, 0.8547138516604545, 0.9553771961431267, 0.9320149896443225, 0.9562237586769285, 0.9547935123976418, 0.7112833254358027, 0.8069606352326397, 0.7703101199779965, 0.8248117571137931, 0.8596156245195524, 0.8635241783708356, 0.8541351237031496, 0.8543933528931088, 0.2053856749242651, -0.6060031789682313, 0.9497680868896528, 0.9213892821074319, 0.9229599382243141, 0.9598266440856732, 0.9151821222376146, 0.9580850948628189, 0.9581055842728392, 0.9124083100645785, 0.9528765961447208, 0.8054181341102039, 0.5978281982792714, 0.9071905683140092, 0.9295810605777793, 0.27553295033456604, 0.9134357960716968, 0.9361634296410778, 0.8019731544263569, 0.9707437477532115, 0.8293158080243962, 0.6225460372175871, 0.41850345697806324, 0.8362777899692981, 0.8284264383861598, 0.824629920536603, 0.9778777222945412, 0.9780918474461459, 0.7028619384232756, 0.6616076637538069, 0.7646339032863537, 0.28569026632484673, 0.7507302667693615, 0.7781349710577703, 0.7547267617432366, 0.7734568922785707, 0.7116244444900296, 0.7089383553966337, 0.6864069821899366, -0.2729247073922188, -0.4158497251427868, 0.6095837499293525, 0.8812083002242203, 0.9305597170845302, 0.9343784216137035, 0.910739743574897, 0.8042280989304879, 0.9026251628047963, 0.9241148650224534, 0.924387654325289, 0.7486217508349272], [0.9951889447031508, 0.9880347261333136, 0.9910972280604641, 0.9957343914642521, 0.9982486492706997, 0.9890389880299812, 0.9989906227623092, 0.9999977871234711, 0.9999897414042673, 0.9654539543346468, 0.9996394050005428, 0.9999976330091614, 0.9996767074949942, 1.0, 0.9999883479370446, 0.9985998745012956, 0.9992274506484932, 0.999887744815973, 0.9998871697694353, 0.999957359933123, 0.9999922521017087, 0.9907548085450559, 0.9750820162465018, 0.9940743810650857, 0.993928497777827, 0.9822187696738469, 0.9733601209202164, 0.9398470726138335, 0.9920837965906053, 0.9947850921624922, 0.9914604156384696, 0.9671954799742617, 0.9994405476861838, 0.9994841016982356, 0.9996142574800508, 0.9996950914187872, 0.998748847691188, 0.9993993256057039, 0.9991662393736226, 0.9982255969023812, 0.9995081191392403, 0.9993721334786764, 0.9846983920897802, 0.9330884168185463, 0.7256384002290062, 0.9342370428417546, 0.9127726302736071, 0.7801636049862052, 0.9587602534670193, 0.9353985538546036, 0.9603347918225192, 0.9521713066980516, 0.9469990615197215, 0.9800740654297966, 0.9766189145549502, 0.9330443727249307, 0.9467107609434462, 0.9595707409453754, 0.9635780433967424, 0.9619725333519634, 0.9366711413649234, 0.8747689564224743, 0.9357958420088334, 0.9458161311961495, 0.9247435075244583, 0.8563931295770307, 0.9551669338359084, 0.9200713258936947, 0.9543122891341832, 0.933629932249623, 0.7072284733461752, 0.8096033975928301, 0.7464916939989298, 0.826840810768206, 0.8579500092699855, 0.8641934752257399, 0.8458233204190201, 0.8551202052116774, 0.22147676070990874, -0.6112970194435321, 0.9506087893493159, 0.9214612851664143, 0.9239403688846783, 0.9368262952994492, 0.9154792590809344, 0.9592473956095418, 0.9593105631573651, 0.9127809643632113, 0.9523935437522114, 0.7985722950963711, 0.5971398063293978, 0.9071359647796698, 0.9294518660040881, 0.27952747085335683, 0.915366471623065, 0.9377770227498231, 0.8006485674375129, 0.9681780404642144, 0.835296263399127, 0.6295117992808537, 0.4231060749656046, 0.8447559629172083, 0.8334178570853416, 0.8325445435929482, 0.9760243324269895, 0.9762787661211401, 0.7110653402706842, 0.6661543530892907, 0.7854781589907842, 0.2854047216606814, 0.7601378790051078, 0.7888239965894698, 0.7859141225705716, 0.7838206935567923, 0.7134957411814967, 0.7180744727928309, 0.6952846990639033, -0.26690270472312977, -0.411342811256486, 0.6097536036411191, 0.8828523011102768, 0.9288009192267099, 0.938461696308538, 0.9111719336790511, 0.8114213324276072, 0.908733433766632, 0.93069655247052, 0.930441512328253, 0.7539494842341611], [0.9953290008773895, 0.9881360361376862, 0.9910040001509947, 0.9958521224088049, 0.9983154285593614, 0.9891464459886542, 0.9987586985452382, 0.9999812970501742, 0.9999965862390523, 0.9649977013543372, 0.9996470907215809, 0.9999841950038608, 0.9996612734652364, 0.9999883479370446, 1.0, 0.9985986683496568, 0.9992742278681032, 0.9998840095201958, 0.9998840420960503, 0.9999563628430765, 0.9999771653041053, 0.9906616529142068, 0.9750715063154146, 0.9925144886719662, 0.9925568473276053, 0.9823019874882708, 0.9730722874820088, 0.9397632361640543, 0.9921323348460085, 0.994377347947106, 0.9913045068375249, 0.9670792443894921, 0.9994816909012972, 0.9994698756409551, 0.9995996447829558, 0.9996853119483032, 0.9987698058605192, 0.9994049849737839, 0.9991976728505835, 0.9982870033486119, 0.9995405697585832, 0.9994187425320991, 0.9844756177348594, 0.9331084474390193, 0.7263527395772448, 0.9341389794993004, 0.9129409293278403, 0.7804841522972311, 0.9593663348705025, 0.9364950893358788, 0.9609961794035359, 0.9523802824647415, 0.9472165539001234, 0.9805678371321508, 0.9768020954730461, 0.93385363161785, 0.9471580959912831, 0.9599727596402077, 0.9637416371093753, 0.9623833772362131, 0.9380377103337298, 0.8749113094502864, 0.9353487548039113, 0.9461229921723182, 0.9255022291818827, 0.856257869636715, 0.9555750474997142, 0.9207137649999578, 0.954848203852163, 0.9345679157243372, 0.7069383463615204, 0.8092146846608363, 0.747480752051913, 0.8262431361446129, 0.857907683286332, 0.8636382587605381, 0.8463028819961227, 0.8555294390433855, 0.2208519877974765, -0.6109803802723716, 0.9506377926930665, 0.9216843187776589, 0.924181263204136, 0.9399862493951826, 0.9160863183561615, 0.9593890006920165, 0.9595142832727726, 0.9131234022784218, 0.9527507211101659, 0.798465402783399, 0.5958487012048782, 0.9066235319235224, 0.9291046604827946, 0.2780303710379807, 0.9148934139168917, 0.9372668463783769, 0.7997451136436223, 0.9677838778958253, 0.8362761571780675, 0.6291905802856049, 0.4220921683296167, 0.8452810426825011, 0.8338223241922217, 0.8332889921084758, 0.9757867013170713, 0.9760729681365059, 0.7097490230445169, 0.6638949599504906, 0.7865692002038642, 0.2837623132588847, 0.7603611874973134, 0.7892028291323774, 0.7871580188814385, 0.7840214942091003, 0.7116892531404994, 0.7157910744008601, 0.6929638087289106, -0.26616749025559816, -0.4106613604043895, 0.6091129671863559, 0.8819608347386225, 0.9293880210143801, 0.9389542070959368, 0.9103878788565871, 0.8115359835404878, 0.9097575518959603, 0.931276853668428, 0.9311560017991594, 0.7537933030744688], [0.9964757506091158, 0.9931703125857502, 0.9915774216839548, 0.997004593109103, 0.9985800603930581, 0.9919686546338359, 0.9981032189203847, 0.9963731874780853, 0.9989676976031007, 0.9665795368062275, 0.999383729059403, 0.9970237211890554, 0.9990845891325328, 0.9985998745012956, 0.9985986683496568, 1.0, 0.9990485302926626, 0.9989596968647844, 0.9989575046728659, 0.9987815210552075, 0.998490806653476, 0.9921419341862818, 0.9777272275473758, 0.9832959815742793, 0.9897948022373982, 0.988354271360786, 0.9750724863443935, 0.9471971053101184, 0.9932071759098258, 0.9931826396836375, 0.9903698517939198, 0.9672546525076872, 0.9987883644379822, 0.9987335021233074, 0.9989367091257207, 0.9986168108859267, 0.9993700879568354, 0.9988698228535863, 0.9989098126397755, 0.9981487875966348, 0.998668279016058, 0.9987393452835508, 0.9833587012707496, 0.9264095582656029, 0.7320481446798113, 0.9273000893933667, 0.9156199939990001, 0.798210558885437, 0.962687292738994, 0.9405510644767986, 0.9647026079033608, 0.9524213341712584, 0.9459102752197192, 0.9811546385871861, 0.9763163653350517, 0.9464503653588824, 0.9563981821301086, 0.9668332122201205, 0.9682191339025631, 0.9683816882542065, 0.9495744369781169, 0.8867555246743779, 0.9392092511900508, 0.9510009331763475, 0.9364115748377724, 0.8671085898706835, 0.9618567145750724, 0.9342064103019866, 0.9623865659655433, 0.9471679307576634, 0.7245890337398908, 0.8168819002766365, 0.7650517289563706, 0.8351389728512835, 0.8703569709441376, 0.870737033619341, 0.85721752