var element=document.getElementById("correlationClose");if(element.style.display!='none'){var correlationClose={"data":[{"type":"heatmap","z":[[1.0,0.9999908972213256,0.7165107341433611,0.9997613515102862,0.9982727953739557,1.0,0.9932332218914527,0.9902668505755459,0.9902668505755459,0.9937148417287363,0.9792634442015669,0.9882984804937395,0.9932668823631817,0.9935968685536005,0.9933080130761125,0.6823959316827934,0.5825012136242431,0.21564032122542168,0.9939756644054745,0.9939767533838463,0.9860785998334228,0.9932634643104431,0.35563159480204526,0.7791265120003529,0.9842716212895611,0.9842716212895611,0.984253403791999,0.9804880261892522,0.2953123239972525,-0.14760759839047707,0.988863851960091,0.9888334293881328,0.23216538029994066,-0.2381533545302751,0.995074591800027,0.9953611555387909,0.8685721942583444,-0.337035578845701,0.9914023405733037,0.9954525249796842,0.6581661305175216,0.1959400057795408,0.9951883340315592,0.9951888566610613,0.9951883340315592,0.9133013227378891,0.662420289542064,0.9368971685233115,0.9398759117197693,0.8656044853363799,0.38566694666614887,-0.19148585007041896,0.23596071606985772,0.9543089409087596,0.35858977673626524,0.9754109764383159,0.9725808280165177,0.9819024616063062,0.9891003675108213,0.9403668090548521,0.9508912594502691,0.9514744908481338,0.94178884814304,0.9488544883883564,0.9494928390422835,0.9488544883883564,0.9054864211739219,0.9299520266434309,0.9307680889626188,0.9299520266434309,0.9368760914035451,0.8198341953099982,0.9104309350207396,0.9116782230602469,0.9104309350207396,0.7520953605912298,0.4503326555376378,0.7441378589645173,-0.5136988100467865,0.6502956179724526,0.6590066360860196,0.6598316893174732,0.6590066360860196,-0.06443498488560134,0.9247549553673482,0.9535298306714349,0.9402230981580318,0.9417321593423125,0.2227778037812471,0.9192965145570724,0.9198917605015843,0.9192965145570724,0.9225744582097074,0.9225744582097074,-0.09680847335000321,0.6056896433780881,0.1280290020031689,-0.7245981244111342,-0.608853178605606,-0.6126007217291005,-0.1713605907300527,0.16348197142363582,0.18230204920866974,-0.04944179472549457,-0.6080776836866919,-0.05211669207201019,-0.7971434452340109,-0.32121048666062946,0.18657280516576008,0.18822254436450303,-0.5880484816368339,-0.566151758477956,-0.30917064228239327,-0.5307057167975872,-0.8086076796325518,-0.4334349954607799,-0.42666027478958163,-0.4334349954607799,-0.2609338445719863,-0.3847344123980606,-0.3847344123980606,-0.796906621047227,-0.796906621047227,0.49596602882952256,0.6352322316926882,0.8481631276410048,0.8430690831952241,0.7568735238074913,-0.3562977592040724,0.747629595880867,0.7702758900418885,0.770356791286039,0.7702758900418885,-0.15062425014704875],[0.9999908972213256,1.0,0.9845369332844717,0.999584038178088,0.9964044481515452,0.9999908972213256,0.9866781913843875,0.9822619517144628,0.9822619517144628,0.9866049290979164,0.9769278249308465,0.9873421824353555,0.9867202066371118,0.9866903347809841,0.9865907497164096,-0.0340099601595167,-0.12752954225931812,-0.4825325914899213,0.9894299039246497,0.9894284201077068,0.9867515769515548,0.986754821477417,-0.2109620285653621,0.9824339750887052,0.9831737953652558,0.9831737953652558,0.9831957014526845,0.9805688934771846,0.06659426433299065,0.08810696140003371,0.9833695498006384,0.9834210897279861,0.6743574679110164,0.011147481561218262,0.9915141562701197,0.9915136736781288,0.9920513257490553,0.9875443212287811,0.9906934545946916,0.9915783413198197,-0.08342163444132072,-0.48659163779183995,0.9920709764894792,0.9920700590779079,0.9920709764894792,0.9129922511595606,0.5162355947313618,0.9368583125628629,0.9397435266958248,0.8651939900406357,-0.19034050340691913,-0.45617754471205674,0.8640025369970302,0.9058674522677902,-0.2580746008946551,0.9461264232130221,0.9462518436449607,0.9670352499040705,0.9788252510062584,0.9612731484370776,0.9659182670040452,0.9531615328679468,0.9551099428964814,0.955743939008865,0.9560380761954426,0.955743939008865,0.8892719736148706,0.8649456086531138,0.8659331498953889,0.8649456086531138,0.9626383520615551,0.9649317722227316,0.9625531608993877,0.9632068217315843,0.9625531608993877,0.7161815285020909,0.6772980806769642,0.7452880252586165,0.7960649789035783,0.7199629818687099,0.7396420330198307,0.7407918245551705,0.7396420330198307,-0.052117650254746524,0.9342411749591807,0.9507017006502704,0.9453768369006531,0.9651808475797503,-0.3348313041167807,0.9314894392909496,0.9316044293297616,0.9314894392909496,0.9364908186985306,0.9364908186985306,-0.1785161008003406,0.6062430235753475,-0.3775972253326012,-0.8084363277074568,-0.47232133657551184,-0.47650503662608845,-0.405872621629343,0.29722319280362913,-0.2758941333421916,-0.5266463427750412,-0.7645649994089839,-0.3768365023238797,-0.46775813336465505,-0.442988691822973,0.15592927747575816,0.15393736519295712,-0.49313574841721863,-0.4638840011013153,-0.4920128070627554,-0.5237612358092804,-0.5153831987260751,-0.49424802042746957,-0.49766426664688035,-0.49424802042746957,-0.3910513166126991,-0.5587373844031629,-0.5587373844031629,-0.5224379047791771,-0.5224379047791771,0.4937496006932865,0.3798759078157149,0.5167988111996192,0.6438652084251537,0.5369115990756894,-0.4441224323129328,0.4161638518440667,0.323163735667416,0.3233622425616033,0.323163735667416,0.21728071506563973],[0.7165107341433611,0.9845369332844717,1.0,0.7143790098434373,0.6629946617289812,0.7165107341433611,0.694069832777738,0.6878731021516026,0.6878731021516026,0.6544219000816823,0.6277741294625552,0.9945154705703635,0.6941078316959172,0.6922333085184661,0.6942095687641224,0.3543621718830461,0.2999826058915662,-0.24380228224780945,0.6624863134972218,0.662483955819558,0.6340695083229639,0.6938014911975842,0.14172823535274426,0.8279803519092281,0.6799786481644903,0.6799786481644903,0.6797770474817779,0.9903349904063893,0.26852788026291224,0.07615084788210638,0.6489726029844496,0.6486596451536183,0.5821048313917349,-0.08104212635697831,0.6892424507825715,0.6462942260184962,0.6515276887217858,0.27585410013389133,0.9932690557882412,0.6443972952058132,0.3360452286929907,-0.2537281727477086,0.7064043591458168,0.6878800964264047,0.7064043591458168,0.9104634482207145,0.43604023078039544,0.9484530611499273,0.9322350544656451,0.7859259617907124,0.24322691196391652,-0.08511788489069574,0.05881567059811114,0.5981434744451787,-0.0754730966577223,0.6334147023539834,0.6160837737168227,0.6317511857795821,0.5959758970401734,0.04789827343285495,0.8373449086328717,0.774819291965014,0.7098091561234192,0.7801268839440852,0.7920735099627871,0.7801268839440852,0.6218554129301351,0.7070524340627913,0.7417973430340379,0.7070524340627913,0.7550683401426823,0.7079597386894206,0.7607141452776597,0.7939138999638081,0.7607141452776597,0.5326117430124231,-0.07882492567047587,0.5470536805114361,0.08479619290749817,0.5046370653283015,0.2726906939255797,0.5499941073372555,0.2726906939255797,-0.10736319221777793,0.6932573542710116,0.9079604516474188,0.7509453825683097,0.7965654711278625,-0.09826551324858022,0.7221739655972047,0.7226280672025422,0.7221739655972047,0.7654673182814205,0.7654673182814205,-0.1904657481000632,0.7006756218138271,-0.17399704390216125,-0.7440889187785297,-0.47226232885153807,-0.4759819619535684,-0.44083940467449173,0.14323508201594246,0.01774693351595255,-0.37161827824645177,-0.7238209645257078,-0.18907659449789063,-0.3582858146719048,-0.3029544905155279,0.08015348709737913,0.07901282503587805,-0.5114646545097838,-0.09778166544074442,-0.2850491124667565,-0.5289708388385616,-0.24464468680612064,-0.4323619446277826,-0.31824579011852183,-0.4323619446277826,-0.4397024015270627,-0.566838097276806,-0.566838097276806,-0.33529397374449943,-0.33529397374449943,0.4516486695047354,0.24404052562405618,0.31180323732745135,0.5499375496430551,0.3354028455055427,-0.4048694142532931,0.008454658143051458,0.46895105966724465,0.5617170427788157,0.46895105966724465,0.020780086209164928],[0.9997613515102862,0.999584038178088,0.7143790098434373,1.0,0.9990139396722127,0.9997613515102861,0.9942533261468033,0.9916973939157827,0.9916973939157827,0.9949236752708286,0.977713409012185,0.9909169997912455,0.9942785052089596,0.9948640710867012,0.9942986714212709,0.6813432401370892,0.5809474787677981,0.20158637788274605,0.9948286725773532,0.9948300675835099,0.9860702974826234,0.994266069376526,0.3471538926885903,0.7832885769924369,0.9864882140790912,0.9864882140790912,0.9864692941370728,0.9851013420235752,0.29104051556652744,-0.15327458351159648,0.9880443250577178,0.9880215030831488,0.22428406482081215,-0.2385246880866925,0.9954404457560162,0.9959202099063472,0.8394175011922516,-0.3408902264923091,0.9932859041864774,0.9962100548071228,0.6565575254736721,0.18163858368398964,0.9937173536806215,0.9954752125785314,0.9937173536806215,0.9114772001663117,0.6513105031567056,0.9392362355867155,0.9372897629268002,0.8524467964748396,0.38138617331641805,-0.19559976291612674,0.2314736155011588,0.9496501955296606,0.3438174960472412,0.9712236127961545,0.9699837754974129,0.9798791382809345,0.9887863352204558,0.9243702060945533,0.9465183074709038,0.9420966550763974,0.9391194158390811,0.9365742550893494,0.9374151768235941,0.9365742550893494,0.8998925470503587,0.9213828406234391,0.9222885819192567,0.9213828406234391,0.9345579629378936,0.7734669781943194,0.8805993737007927,0.8819350747663308,0.8805993737007927,0.746762383548899,0.19874511149378596,0.7374860808421098,-0.5183658600024394,0.6470304501372229,0.39743679573480034,0.6341476112909445,0.39743679573480034,-0.0697170781008377,0.9213371911114275,0.9489225365028782,0.9351141139768022,0.9240189960292622,0.20938044183511204,0.9164720133812541,0.9171840320843844,0.9164720133812541,0.9084833646239748,0.9084833646239748,-0.10083764922632864,0.6219543380649853,0.1330722749532966,-0.7328112964767998,-0.6146770716091856,-0.6183557993227197,-0.1820042086805309,0.15970833999560793,0.17640579329933612,-0.06147333683923504,-0.618139876921753,-0.05733351692508302,-0.8017417943168773,-0.3279197002297855,0.1779876046283331,0.17968873772823063,-0.5936308051155249,-0.5628921915626893,-0.30931292443415814,-0.5393379794853491,-0.8094088894227975,-0.4339274424897443,-0.4276863186774783,-0.4339274424897443,-0.26806538702847066,-0.392804527673625,-0.392804527673625,-0.7959846822187641,-0.7959846822187641,0.48808272443645256,0.6252185269280042,0.8405859305571073,0.8358949696653384,0.7504619243652461,-0.36754342540803253,0.7391734259411374,0.7617959225951609,0.761881556101222,0.7617959225951609,-0.13630539326069033],[0.9982727953739557,0.9964044481515452,0.6629946617289812,0.9990139396722127,1.0,0.9982727953739557,0.9974116154260715,0.996238674742653,0.996238674742653,0.9976278895540633,0.9722244368599062,0.9967195919151822,0.9974299756543763,0.9974968662503761,0.9974514261895977,0.560106187826857,0.43338721034111066,-0.004210258284126276,0.9977649744958369,0.9977665424592291,0.9885709625576894,0.9974174694992245,-0.011055073944738892,0.7718152083655829,0.9933740229164861,0.9933740229164861,0.9933380385916246,0.9917406653886448,0.06948269041932681,-0.13686745004279532,0.9871142519160041,0.9870514085201204,-0.06693644322471586,-0.14774733338619206,0.9978038396394944,0.9977222075789125,0.8363718553819136,-0.4504067003698896,0.9977890377605667,0.9980711209647217,0.5214780596996204,-0.028141857100940783,0.9977533886551349,0.9977591990261097,0.9977533886551349,0.9228617202614111,0.6204674287674794,0.9461429252324477,0.9352591341556015,0.8324244840728268,-0.0468092525775383,-0.5831332548175909,-0.1302885541497734,0.9416749135387913,0.20098054872247062,0.9697200915456525,0.9697375232061249,0.9834264110027733,0.9895022600191601,0.924216462431448,0.9311738927299755,0.9328744069082973,0.9282979614849234,0.9313669352167413,0.9317749302069717,0.9313669352167413,0.879664632110848,0.8861609739635428,0.8871762672726203,0.8861609739635428,0.9249438403995823,0.854048514011434,0.9078879319959814,0.9086931554019156,0.9078879319959814,0.7143463215930999,0.6237904202740642,0.708261956641988,-0.5166472337409577,0.6925200046693377,0.6765150169501815,0.6766695350662972,0.6765150169501815,-0.07407924808150973,0.9063934927742477,0.9294229070274954,0.9166147319640808,0.9311580791374618,0.05582992379720367,0.9050606283712709,0.9060080215926625,0.9050606283712709,0.9094980512411192,0.9094980512411192,-0.135763570148069,0.6644714270033746,-0.011982652602504505,-0.7569546552089931,-0.6555032416105785,-0.6566449531464513,-0.20890643220446817,0.18289718021113224,-0.20428099221182114,-0.2989535666561152,-0.676832995773682,-0.4027433912989767,-0.8375198911728656,-0.5856272711150299,0.15034274833229383,0.15190448528163927,-0.6161300735147446,-0.5597279089795154,-0.5660224471461858,-0.5737201751741215,-0.7629411759846477,-0.6135829103664715,-0.6168283032116157,-0.6135829103664715,-0.300940014228485,-0.4210772264748615,-0.4210772264748615,-0.7340434145673255,-0.7340434145673255,0.47537348352662134,0.611360836177113,0.8043325051419706,0.8083580031509374,0.7443653728762958,-0.485009874501059,0.625311936440276,0.6653350044839206,0.665545128694142,0.6653350044839206,0.08982885615137304],[1.0,0.9999908972213256,0.7165107341433611,0.9997613515102861,0.9982727953739557,1.0,0.9932332218914527,0.9902668505755459,0.9902668505755459,0.9937148417287363,0.9792634442015669,0.9882984804937395,0.9932668823631817,0.9935968685536005,0.9933080130761125,0.6823959316827934,0.5825012136242431,0.21564032122542168,0.9939756644054745,0.9939767533838463,0.9860785998334228,0.9932634643104431,0.35563159480204526,0.7791265120003529,0.9842716212895611,0.9842716212895611,0.984253403791999,0.9804880261892522,0.2953123239972525,-0.14760759839047707,0.988863851960091,0.9888334293881328,0.23216538029994066,-0.2381533545302751,0.995074591800027,0.9953611555387909,0.8685721942583444,-0.337035578845701,0.9914023405733037,0.9954525249796842,0.6581661305175216,0.1959400057795408,0.9951883340315592,0.9951888566610613,0.9951883340315592,0.9133013227378891,0.662420289542064,0.9368971685233115,0.9398759117197693,0.8656044853363799,0.38566694666614887,-0.19148585007041896,0.23596071606985772,0.9543089409087596,0.35858977673626524,0.9754109764383159,0.9725808280165177,0.9819024616063062,0.9891003675108213,0.9403668090548521,0.9508912594502691,0.9514744908481338,0.94178884814304,0.9488544883883564,0.9494928390422835,0.9488544883883564,0.9054864211739219,0.9299520266434309,0.9307680889626188,0.9299520266434309,0.9368760914035451,0.8198341953099982,0.9104309350207396,0.9116782230602469,0.9104309350207396,0.7520953605912298,0.4503326555376378,0.7441378589645173,-0.5136988100467865,0.6502956179724526,0.6590066360860196,0.6598316893174732,0.6590066360860196,-0.06443498488560134,0.9247549553673482,0.9535298306714349,0.9402230981580318,0.9417321593423125,0.2227778037812471,0.9192965145570724,0.9198917605015843,0.9192965145570724,0.9225744582097074,0.9225744582097074,-0.09680847335000321,0.6056896433780881,0.1280290020031689,-0.7245981244111342,-0.608853178605606,-0.6126007217291005,-0.1713605907300527,0.16348197142363582,0.18230204920866974,-0.04944179472549457,-0.6080776836866919,-0.05211669207201019,-0.7971434452340109,-0.32121048666062946,0.18657280516576008,0.18822254436450303,-0.5880484816368339,-0.566151758477956,-0.30917064228239327,-0.5307057167975872,-0.8086076796325518,-0.4334349954607799,-0.42666027478958163,-0.4334349954607799,-0.2609338445719863,-0.3847344123980606,-0.3847344123980606,-0.796906621047227,-0.796906621047227,0.49596602882952256,0.6352322316926882,0.8481631276410048,0.8430690831952241,0.7568735238074913,-0.3562977592040724,0.747629595880867,0.7702758900418885,0.770356791286039,0.7702758900418885,-0.15062425014704875],[0.9932332218914527,0.9866781913843875,0.694069832777738,0.9942533261468033,0.9974116154260715,0.9932332218914527,1.0,0.997770882363802,0.997770882363802,0.99997335198825,0.9676094456195438,0.9997302650074794,0.9999969562140472,0.9999886166360981,0.9999941613059703,0.7865834551130229,0.7688805585694265,0.1763070531973,0.9998771201237223,0.9998776290429293,0.9910108593836834,0.9999971164237467,0.2751555151854487,0.7762215824424907,0.9868797823932302,0.9868797823932302,0.9883643394041374,0.9925945550820274,0.22882171695270487,-0.20101163591926047,0.9914037945983454,0.991505358723021,0.1410477381824278,-0.27819967509476073,0.9994025389543645,0.9995244389273076,0.49551735522598517,-0.2897309242998456,0.9992401273085113,0.9995074268517785,0.7604216727764853,0.1550962623494061,0.9502848899361489,0.999179517625271,0.9502848899361489,0.9301215843247175,0.6283407384242407,0.9525900846620338,0.9342534815310188,0.8034517931650005,0.42328442922387943,-0.1324709593138017,-0.17043363680957316,0.939423519956597,0.3186460518090513,0.9700955814469475,0.9676665599967371,0.9813544908242158,0.9952449097264197,0.01845496148724699,0.8980184585081867,0.8598150607073445,0.899294673702142,0.8552683774855399,0.8222565901729016,0.8552683774855399,0.8474743864730675,0.827796374713431,0.8180969403459025,0.827796374713431,0.8953640640972941,0.46268480094908654,0.6503240815435757,0.697898885051807,0.6503240815435757,0.6837095501369099,-0.3200334278044938,0.6649392297980156,-0.5867046356881427,0.5836485179271302,-0.05085686886004586,0.5107217415566658,-0.05085686886004586,-0.11045011757864029,0.87429849374515,0.8977708868852596,0.8841680451494813,0.797474473035079,0.18183543173388317,0.8722180313079719,0.8732755041643891,0.8722180313079719,0.8052515611802886,0.8052515611802886,-0.1692994418573396,0.7025763103708438,0.2157860761721644,-0.733341217872688,-0.6513561633769698,-0.654623486689366,-0.21718911290577408,0.11205982540944223,0.3028102515153664,-0.0831855744643769,-0.6234426046366802,0.012960403415289472,-0.8288370389884887,-0.22239559811771595,0.1178451520107048,0.11954573087580783,-0.6327457872429813,-0.5782488462398988,-0.1426336384836254,-0.6058848643997525,-0.8268347121272374,-0.42294432883782906,-0.2625229554238038,-0.42294432883782906,-0.3280628116912823,-0.42688218123172433,-0.42688218123172433,-0.8187112695379041,-0.8187112695379041,0.47331783195226446,0.5990636491185087,0.5209999055191673,0.8105615406357841,0.7430143865161134,-0.41147137149931967,0.08260943889103464,0.7437963257278326,0.7618702572202654,0.7437963257278326,-0.07914454187551108],[0.9902668505755459,0.9822619517144628,0.6878731021516026,0.9916973939157827,0.996238674742653,0.9902668505755459,0.997770882363802,1.0,1.0,0.9996290625443867,0.9621223369026123,0.9989631819026584,0.9984639557839643,0.9994748001073277,0.9992594376515993,0.7829905975904653,0.7556041678543969,0.1552030263726577,0.9992806238418785,0.9992834578911536,0.9886721426965714,0.9993771725171415,0.25080260520568964,0.7785409893736798,0.9933666759682025,0.9933666759682025,0.9868322259561081,0.9905688527919386,0.21204714651668505,-0.21332730611503964,0.9877949969232462,0.991220577444594,0.1232148120443272,-0.28389023903991384,0.9984754399756771,0.9985015101227579,0.4806998102227879,-0.29528903837511716,0.9977537517424734,0.9984920247746862,0.756889226322056,0.13366807336244216,0.9440855824604303,0.9983129319090474,0.9440855824604303,0.9283506797598478,0.6146374556610406,0.9532318041104154,0.9333168749737588,0.7876362775427072,0.4113312932548072,-0.14623092605862062,-0.18146945366930872,0.9323496026292545,0.2993394901122151,0.9658571081458479,0.9632228098774003,0.9769489558457438,0.9941677951729953,0.010386494989194667,0.8907793692545988,0.8483248946339391,0.8936971949988176,0.844773753013969,0.8125104965099504,0.844773753013969,0.8389621622337197,0.8142456735159433,0.8075533246763195,0.8142456735159433,0.889872663296211,0.4473052989781834,0.6345325777607916,0.684645913568913,0.6345325777607916,0.6755243637249257,-0.332616951593653,0.6552363973447304,-0.5920781390594207,0.5787814563378542,-0.06997864556966477,0.49801141501629287,-0.06997864556966477,-0.11565806458411962,0.8679787410432352,0.8892147628550827,0.8762167331775861,0.7853824756060354,0.16457628531291005,0.8664860337545143,0.8677172549755119,0.8664860337545143,0.7927211910252937,0.7927211910252937,-0.18202006472294102,0.7214077019123677,0.22157568944675204,-0.7418187982674895,-0.66218780059714,-0.665308185052799,-0.23054544981273142,0.10593844800755096,0.29575834097685677,-0.10134572012429889,-0.634725829119512,0.003858315569831326,-0.8332807882183769,-0.22876319536676298,0.10454777961268787,0.10627373932111149,-0.6425784453067476,-0.5787418329217356,-0.14930051669623653,-0.6197733891067255,-0.825473160384793,-0.43333589457982796,-0.26851224575850047,-0.43333589457982796,-0.3431448127701384,-0.4387838071252374,-0.4387838071252374,-0.8158948303253949,-0.8158948303253949,0.4589084256138095,0.5841760340460052,0.5039919664502869,0.7943515298349437,0.731782563502041,-0.430565196566905,0.07001231949491832,0.7259279801062369,0.7469580930796488,0.7259279801062369,-0.06270588711939344],[0.9902668505755459,0.9822619517144628,0.6878731021516026,0.9916973939157827,0.996238674742653,0.9902668505755459,0.997770882363802,1.0,1.0,0.9996290625443867,0.9621223369026123,0.9989631819026584,0.9984639557839643,0.9994748001073277,0.9992594376515993,0.7829905975904653,0.7556041678543969,0.1552030263726577,0.9992806238418785,0.9992834578911536,0.9886721426965714,0.9993771725171415,0.25080260520568964,0.7785409893736798,0.9933666759682025,0.9933666759682025,0.9868322259561081,0.9905688527919386,0.21204714651668505,-0.21332730611503964,0.9877949969232462,0.991220577444594,0.1232148120443272,-0.28389023903991384,0.9984754399756771,0.9985015101227579,0.4806998102227879,-0.29528903837511716,0.9977537517424734,0.9984920247746862,0.756889226322056,0.13366807336244216,0.9440855824604303,0.9983129319090474,0.9440855824604303,0.9283506797598478,0.6146374556610406,0.9532318041104154,0.9333168749737588,0.7876362775427072,0.4113312932548072,-0.14623092605862062,-0.18146945366930872,0.9323496026292545,0.2993394901122151,0.9658571081458479,0.9632228098774003,0.9769489558457438,0.9941677951729953,0.010386494989194667,0.8907793692545988,0.8483248946339391,0.8936971949988176,0.844773753013969,0.8125104965099504,0.844773753013969,0.8389621622337197,0.8142456735159433,0.8075533246763195,0.8142456735159433,0.889872663296211,0.4473052989781834,0.6345325777607916,0.684645913568913,0.6345325777607916,0.6755243637249257,-0.332616951593653,0.6552363973447304,-0.5920781390594207,0.5787814563378542,-0.06997864556966477,0.49801141501629287,-0.06997864556966477,-0.11565806458411962,0.8679787410432352,0.8892147628550827,0.8762167331775861,0.7853824756060354,0.16457628531291005,0.8664860337545143,0.8677172549755119,0.8664860337545143,0.7927211910252937,0.7927211910252937,-0.18202006472294102,0.7214077019123677,0.22157568944675204,-0.7418187982674895,-0.66218780059714,-0.665308185052799,-0.23054544981273142,0.10593844800755096,0.29575834097685677,-0.10134572012429889,-0.634725829119512,0.003858315569831326,-0.8332807882183769,-0.22876319536676298,0.10454777961268787,0.10627373932111149,-0.6425784453067476,-0.5787418329217356,-0.14930051669623653,-0.6197733891067255,-0.825473160384793,-0.43333589457982796,-0.26851224575850047,-0.43333589457982796,-0.3431448127701384,-0.4387838071252374,-0.4387838071252374,-0.8158948303253949,-0.8158948303253949,0.4589084256138095,0.5841760340460052,0.5039919664502869,0.7943515298349437,0.731782563502041,-0.430565196566905,0.07001231949491832,0.7259279801062369,0.7469580930796488,0.7259279801062369,-0.06270588711939344],[0.9937148417287363,0.9866049290979164,0.6544219000816823,0.9949236752708286,0.9976278895540633,0.9937148417287363,0.99997335198825,0.9996290625443867,0.9996290625443867,1.0,0.966753568897913,0.999698440072965,0.999974578359347,0.9999739617916598,0.9999774274788215,0.6131793118939036,0.4902852335957347,0.05421336763989237,0.9998376523890745,0.9998385328834161,0.9909594681053362,0.9999719145752939,0.045916958775226724,0.7604516273996482,0.995717839411807,0.995717839411807,0.9956808840712543,0.9925245720051972,0.05802753621122517,-0.14523488487660638,0.9909055866815256,0.9908687963861663,-0.04491382727546975,-0.2417297085130366,0.9994647204818458,0.999423486602426,0.8387361404800392,-0.45206813811203994,0.9991874999058935,0.9994800042817622,0.5765913084182214,0.030384636890808468,0.99934785832437,0.9993529055954786,0.99934785832437,0.9300369707421016,0.6286964333829789,0.9525326394572923,0.9340934935261819,0.8030908624079713,0.04655234692292763,-0.5405590841616774,-0.09143430056578651,0.9364418262849452,0.2637273154629711,0.9679814625691247,0.9676398221719851,0.9837164870645103,0.9945254510225519,0.9014191891023985,0.8990664528024803,0.9110945253885029,0.9005646262821786,0.9095152725508009,0.910018323840057,0.9095152725508009,0.847782450254401,0.8685755059785716,0.8696601172478925,0.8685755059785716,0.8969449396517232,0.8215084979108428,0.882709247009794,0.8836469896166231,0.882709247009794,0.6840134661323733,0.561298713712279,0.6656614736320663,-0.5769073466679989,0.6332049330084001,0.6066224358158055,0.6066288169143257,0.6066224358158055,-0.059896778713806116,0.8754961722244335,0.8978980815056533,0.8847978765819309,0.9088917394063635,0.0949261213126767,0.8773564710388186,0.8788370209837721,0.8773564710388186,0.8819361621281976,0.8819361621281976,-0.17074425667635654,0.7032455474815584,0.015869979802987988,-0.7448935238800473,-0.6821345789825036,-0.6836879393859141,-0.22056060231898347,0.11626316763625787,-0.2084093313166805,-0.26486227156728215,-0.6594415808219718,-0.42809753310917664,-0.8587316808426219,-0.6178414115047913,0.11749974916176707,0.11917466639457824,-0.6340611323882566,-0.5742813589042576,-0.57641773160761,-0.6072302989845288,-0.7903865553778759,-0.6364800701437227,-0.6389555072019604,-0.6364800701437227,-0.33013698108515943,-0.4303943760798256,-0.4303943760798256,-0.7715676430219848,-0.7715676430219848,0.4737521237442999,0.5974583151578933,0.8151679436017565,0.8176276715911963,0.741112314520647,-0.4375888898209169,0.6535715676515829,0.6901621622388037,0.6903467855417955,0.6901621622388037,0.15734518534902986],[0.9792634442015669,0.9769278249308465,0.6277741294625552,0.977713409012185,0.9722244368599062,0.9792634442015669,0.9676094456195438,0.9621223369026123,0.9621223369026123,0.966753568897913,1.0,0.9564858819726323,0.9676294248243283,0.9676628933582321,0.9674007372628839,0.3607149571809465,0.2377107268406269,-0.17962245241632338,0.971233147005449,0.9712154965302245,0.9677198001601081,0.9677123050874091,-0.04948949731798726,0.7971151437705163,0.9688520243789797,0.9688520243789797,0.9689965024373589,0.9231555857656462,0.14583354045184546,-0.13299346295081568,0.9727095046244328,0.9728010420677797,0.09423088843517914,-0.027085125659336535,0.9741809278255771,0.974382502231188,0.9041582069650327,-0.321242701338583,0.9631121743533243,0.973527527309961,0.3176778809179574,-0.1989695256729014,0.9750923004985591,0.9750653215512988,0.9750923004985591,0.8546351602754463,0.44257881070815464,0.8780975750203805,0.9257520473616615,0.8886913878125775,-0.44933726637102633,-0.6629694093974471,-0.15778383714397565,0.9089557426822639,-0.04761712758114357,0.9323105013422988,0.9323655046720756,0.9475636073674332,0.9708807340810254,0.9036338223486927,0.9069899047846024,0.9134552778834901,0.9063303773919198,0.9075209957638364,0.9079670983847637,0.9075209957638364,0.8697255785658567,0.8442746033738485,0.8453033893355669,0.8442746033738485,0.9029119194760612,0.9146869121433497,0.9011712216649957,0.9015808344499585,0.9011712216649957,0.7554736235553993,0.7019730189973923,0.7562914548902804,-0.22124567403342482,0.7662500941210291,0.7796946388426882,0.7816562501680682,0.7796946388426882,-0.20646500751657376,0.9014825480804123,0.9464390164796522,0.9137573462939653,0.9142701653431751,-0.06578813202006456,0.896381115610707,0.8970552113589048,0.896381115610707,0.9024757497639604,0.9024757497639604,0.027710637671829266,0.45165140456729413,-0.15576023369258576,-0.6924142956005342,-0.46060519105118675,-0.46338152885015105,-0.1017233512975988,0.44367282970108946,-0.008841743264893466,-0.23726667161806816,-0.5918657695956112,-0.13845432493121018,-0.7837159496118871,-0.3032423255319063,0.30943022504922935,0.30984695291902425,-0.4307493295681418,-0.42991600045178063,-0.4002540369954858,-0.4125130780734944,-0.6494191971646028,-0.41891589059929657,-0.4214615277444122,-0.41891589059929657,-0.1660469941031415,-0.4724304975823193,-0.4724304975823193,-0.5421128802249834,-0.5421128802249834,0.5938190583201187,0.652461270687216,0.7587376754350811,0.723942807745895,0.8115289130634805,-0.5206338668516743,0.4426499568801912,0.540453103570119,0.5407885581519479,0.540453103570119,-0.09843398830623927],[0.9882984804937395,0.9873421824353555,0.9945154705703635,0.9909169997912455,0.9967195919151822,0.9882984804937395,0.9997302650074794,0.9989631819026584,0.9989631819026584,0.999698440072965,0.9564858819726323,1.0,0.9997291668068548,0.9997264656120974,0.9997038974079702,0.0845715639824302,-0.020521825741517005,-0.5509768380019662,0.9998335867749245,0.9998351525288289,0.9997331445133958,0.9997322282231437,-0.2954996559376113,0.9746897013827899,0.9951599232773,0.9951599232773,0.9951410200732478,0.9938927068043092,0.06197697813525351,0.0553113474641666,0.992903382051373,0.9929494982024786,0.7384205324623693,-0.06168508053578049,0.9992163952509839,0.9991829734348316,0.9990720478042672,0.9994937017840452,0.9995260900678176,0.9992457183955874,0.028177034934412388,-0.5581107306222983,0.9990348329253895,0.9990405592388121,0.9990348329253895,0.9251760369899023,0.47876780091384974,0.948555169749933,0.9303321552314475,0.8028603411237261,-0.3227987705298986,-0.5726608014351888,0.8459368642984287,0.87423281631277,-0.3424502103012871,0.9433157317483262,0.9434950887192183,0.9743166941285752,0.9940473308122618,0.9164019949486556,0.921043646156461,0.9004000712734419,0.9055453131991581,0.9043212169985997,0.9047374292219069,0.9043212169985997,0.8170582837677776,0.7871068649879511,0.7883968336018501,0.7871068649879511,0.9225493783463729,0.9273322507653383,0.9215211554692044,0.9223019770312292,0.9215211554692044,0.6207146092444884,0.5735309346929716,0.6496139191415047,0.7155130995795856,0.630769788388933,0.6553412405008617,0.6573974268542238,0.6553412405008617,-0.22604380028912063,0.8739037022203597,0.8992040402937013,0.890181983120328,0.9222127293826348,-0.3564731775557166,0.8702692602007155,0.870436630104508,0.8702692602007155,0.8772726619214912,0.8772726619214912,-0.22106472273488675,0.6978143289272314,-0.39962781027901734,-0.8238229284348441,-0.543035681046236,-0.5463018936924101,-0.44504301695204745,0.255304096785424,-0.3116920872431403,-0.5564067431982213,-0.7850337949999088,-0.41752756220736836,-0.582571669850875,-0.49364741243332544,0.10997830177466585,0.10834354391788574,-0.5607562827236621,-0.5357282338542364,-0.5571654029025787,-0.5932558138679099,-0.586177127815744,-0.560486376236337,-0.5637359468838455,-0.560486376236337,-0.4549968931558521,-0.6431769487776987,-0.6431769487776987,-0.630286302636828,-0.630286302636828,0.46742466595618354,0.356417130584256,0.4980301596814339,0.6186457040865833,0.5408028330266047,-0.5724827445074476,0.36000982871151976,0.30129358033578424,0.30153390761594157,0.30129358033578424,0.28532325658704244],[0.9932668823631817,0.9867202066371118,0.6941078316959172,0.9942785052089596,0.9974299756543763,0.9932668823631817,0.9999969562140472,0.9984639557839643,0.9984639557839643,0.999974578359347,0.9676294248243283,0.9997291668068548,1.0,0.9999917604812759,0.9999956568932684,0.7865394941553671,0.7536314178409337,0.1763250493220943,0.9998781691434866,0.9998786262032577,0.991036677896161,0.9999976459666444,0.2754221976667826,0.7763037738027204,0.9916756927628633,0.9916756927628633,0.9883618245013543,0.992612630811198,0.22905433226783728,-0.20095423109905977,0.9914563592456195,0.9915088833161959,0.14124633426021416,-0.27817084600309033,0.9994031773442208,0.9995261518180101,0.49550953934676734,-0.2895274886279235,0.9992413336215074,0.9995133692930358,0.760362006593597,0.15512025988298184,0.9502754862918267,0.9991805759207473,0.9502754862918267,0.9301191150896099,0.6284540555768515,0.952686449233859,0.9343539942967028,0.8035518242921791,0.4236250229759013,-0.1320754492175979,-0.17009467118992802,0.9394804358188138,0.31868644908239036,0.9701643895932912,0.967704536201525,0.9814226538854224,0.9952518377857269,0.01863711608911119,0.8981485409092628,0.8599032926362843,0.89940733191465,0.855355799350563,0.8222184319754312,0.855355799350563,0.8475813424433071,0.8278600978345005,0.8180609587240693,0.8278600978345005,0.8954990679275319,0.4625954801311437,0.6503376898101088,0.6978333014351299,0.6503376898101088,0.68373403762903,-0.32003807062246703,0.6649886300236062,-0.5865883917411806,0.5836029852509036,-0.05096105735731413,0.5107657368532871,-0.05096105735731413,-0.11056194450518138,0.8743946942486898,0.8978998750362259,0.8842732586008448,0.7974722284986826,0.18186496650767445,0.8723119307892382,0.8733652825406142,0.8723119307892382,0.8053210259458204,0.8053210259458204,-0.16923796593199508,0.7025389468873154,0.215877175391651,-0.7333919376343025,-0.6512774916595463,-0.6545494665045088,-0.21727230473688716,0.11196369828504375,0.3029498046506975,-0.08319679935968648,-0.62351511303018,0.013182598610267077,-0.8285981036852241,-0.22214537612795782,0.11792653576056113,0.1196394019211491,-0.6327210811640611,-0.5780363554314539,-0.14242534786529495,-0.605832543140195,-0.8267249606507137,-0.4227526694046838,-0.2623511836933527,-0.4227526694046838,-0.32791831826262147,-0.4268610158875896,-0.4268610158875896,-0.8186475631742495,-0.8186475631742495,0.473766228766946,0.5991612722149027,0.5212136439787173,0.8107750653903024,0.743045529048576,-0.41128822980003016,0.08286625645596647,0.7440072975627522,0.7619594237719726,0.7440072975627522,-0.07916255371039221],[0.9935968685536005,0.9866903347809841,0.6922333085184661,0.9948640710867012,0.9974968662503761,0.9935968685536005,0.9999886166360981,0.9994748001073277,0.9994748001073277,0.9999739617916598,0.9676628933582321,0.9997264656120974,0.9999917604812759,1.0,0.9999895084770148,0.693200140897484,0.5887418712585573,0.17788169410158386,0.9999001456407282,0.9999008046718613,0.9910249033324589,0.9999893489892598,0.2741784636654495,0.7733368391136309,0.9944648381689365,0.9944648381689365,0.9944350267305034,0.9926054110506976,0.2218755884507764,-0.20174278133323711,0.9919175804619886,0.9919241119168988,0.16222696110129725,-0.27776472888599824,0.9995715756634762,0.9995251544778598,0.8687025564039844,-0.37357472592501273,0.999239262176053,0.9995170328485286,0.6649842383284926,0.15670204246562558,0.9994774013624883,0.9994818539766304,0.9994774013624883,0.9299751217688901,0.6281666434136879,0.9525933462689046,0.9342537583648686,0.8033740665142171,0.3064518292502222,-0.29877349611760845,0.14043048409424785,0.9393701661543254,0.31899014380904195,0.9678651475728216,0.9677215435431474,0.9802135136153389,0.9954618426150205,0.9065505598382905,0.8975366885414187,0.9158176336716075,0.8993883675059143,0.9145812625588782,0.9152912728295438,0.9145812625588782,0.8469876609567576,0.8854151589483608,0.8865312180515094,0.8854151589483608,0.8953824435912378,0.8044571315215401,0.8855736155460134,0.8868754763246138,0.8855736155460134,0.6835061446287402,0.550655540139728,0.6639831058823696,-0.5844093794190457,0.5824440374543444,0.5788480413914305,0.5797257813258064,0.5788480413914305,-0.11274989754905587,0.8743332609812864,0.8976842571050009,0.8839287434128129,0.9124969024669072,0.18356340701588644,0.8723019932004012,0.8733550797626956,0.8723019932004012,0.8804511223444902,0.8804511223444902,-0.16952381205980727,0.702017592949789,0.11567518803207312,-0.7325964344223184,-0.6506623907643886,-0.6539282058927526,-0.21730536229631758,0.11136023860465606,0.07434280937706846,-0.08178971468488556,-0.622454653150834,-0.17547785759428003,-0.8379227165328498,-0.43647888122821477,0.11724792444216946,0.11946307312975989,-0.6325514380640382,-0.5773451772611973,-0.42861951510809293,-0.6056125772299393,-0.8189622837700882,-0.5363871987567418,-0.5326646245273156,-0.5363871987567418,-0.32735578913328106,-0.4269884695133625,-0.4269884695133625,-0.8097834883833949,-0.8097834883833949,0.4715064798980156,0.5987839301368456,0.8192936681445759,0.814075288173248,0.7430947725803834,-0.41102220105242904,0.7053827851287051,0.7307127281410164,0.7308109251838409,0.7307127281410164,-0.046616799467467704],[0.9933080130761125,0.9865907497164096,0.6942095687641224,0.9942986714212709,0.9974514261895977,0.9933080130761125,0.9999941613059703,0.9992594376515993,0.9992594376515993,0.9999774274788215,0.9674007372628839,0.9997038974079702,0.9999956568932684,0.9999895084770148,1.0,0.773987249237666,0.6907451549383906,0.1764730837424154,0.9998810963161775,0.9998814486246227,0.9911537556863073,0.9999955596545134,0.2760743167167397,0.7761544358002869,0.9946279922706299,0.9946279922706299,0.9945467496476837,0.9925505449065216,0.22933583036922106,-0.20097137432535617,0.9923844202861134,0.9924281187950094,0.14195793737724346,-0.27800753566704056,0.9994455531773185,0.9995258300057298,0.49462065426940377,-0.2888528184889578,0.999207267474022,0.9995156856090397,0.7570191924119396,0.15528812086331747,0.9498817891002328,0.9992276525925617,0.9498817891002328,0.9303187738845919,0.6290544862691906,0.9527791775720038,0.9344187329850753,0.8033290983750092,0.4248689521164865,-0.13067982993732555,-0.17032484594452585,0.9397724203301906,0.31894584873714343,0.9705164531590548,0.9679660170694687,0.9816516838420872,0.9952941183108739,0.01768568112927444,0.898367717996098,0.8598069917706352,0.8995884925082223,0.8552868378860611,0.8218062869304541,0.8552868378860611,0.8477504405009091,0.8277733633372979,0.8183407984511717,0.8277733633372979,0.8957507253409543,0.4619732634721582,0.6498915246203252,0.6978121470913369,0.6498915246203252,0.6836259071838526,-0.32111660619791815,0.6649655193894253,-0.5867936920573467,0.5832967638906655,-0.05187616491915175,0.5104455397606177,-0.05187616491915175,-0.11053248166092283,0.8745030531570072,0.897716662476931,0.8844003251211773,0.7911381450432873,0.1822334905397475,0.8723751817908125,0.8734196187637114,0.8723751817908125,0.8051383263909168,0.8051383263909168,-0.17044316135653004,0.7032526606095844,0.21634479822145258,-0.7333536728899493,-0.6515988920653788,-0.6548748477786644,-0.21823545015691587,0.11090970684389667,0.30327634046601626,-0.08353167057943688,-0.6236595990011031,0.013294597000283655,-0.827917245469737,-0.2219705072881334,0.11708391611441449,0.11879573696402024,-0.6332418234033221,-0.5782106918295236,-0.14188373601569648,-0.606810388424427,-0.8267652879124888,-0.4226884957857948,-0.2618345705317721,-0.4226884957857948,-0.32870059944514207,-0.4272473446416576,-0.4272473446416576,-0.8189852422974733,-0.8189852422974733,0.4739086556080644,0.5988603539159383,0.520781859920501,0.811178267754378,0.7425552368327748,-0.4108938490345567,0.08226989748951985,0.7444135760252354,0.7625579317121847,0.7444135760252354,-0.07892454472808864],[0.6823959316827934,-0.0340099601595167,0.3543621718830461,0.6813432401370892,0.560106187826857,0.6823959316827934,0.7865834551130229,0.7829905975904653,0.7829905975904653,0.6131793118939036,0.3607149571809465,0.0845715639824302,0.7865394941553671,0.693200140897484,0.773987249237666,1.0,0.991161785000054,0.4309405661163489,0.7482969067963512,0.7482599340557025,0.6587925803398356,0.7724429305903121,0.33681067370839296,0.32078043452220095,0.763099201002029,0.763099201002029,0.7471353089431102,-0.31846857327934464,0.19487278621143295,-0.15555616061419222,0.8192469813864162,0.815604013437579,0.1625251161686725,-0.20653665377396455,0.7809721567776964,0.6433247370908827,0.23802685435654397,-0.3169452672039167,0.0989070978470678,0.6054168143065456,0.9982943434113684,0.41422379849973395,0.7055533876551582,0.7805176178667655,0.7055533876551582,0.036294515822503,0.5000637089285391,-0.3770531545188578,-0.40057516186265163,-0.07672884555889553,0.3886019057610969,-0.05294318271076382,-0.21180931660802968,0.6308084111358797,0.3962549771900888,0.7838310864436052,0.6342555675303434,0.7376354644897688,0.7621147825929107,-0.10963990976202334,0.009817338614113815,0.5068970824336485,0.34357186571241477,0.4961866694936389