var correlationAdjClose = {"data": [{"type": "heatmap", "z": [[1.0, 0.9999911273608199, 0.9846630853353314, 0.9999222022761797, 0.9989069871033123, 0.9882753547274902, 0.997543417088552, 0.9953392710645781, 0.9956425458144278, 0.979739796217301, 0.9922812186992389, 0.9954821856252826, 0.9947035556618575, 0.9953929398894447, 0.9955257575547207, 0.99659751952646, 0.9980959610457075, 0.9960983734312796, 0.9961114374437227, 0.9961577179326232, 0.9954305077192274, 0.9856873764226358, 0.9695603444661683, 0.9880265555160298, 0.9868766982030588, 0.981773192883641, 0.9639769975995467, 0.9441858354606307, 0.9940815493961415, 0.9945937372105979, 0.9918330955977039, 0.9750044345204814, 0.9974548117620418, 0.9977483170804, 0.9971387368663669, 0.995546013660257, 0.9950907640482267, 0.9976097899189434, 0.9976635780277792, 0.9986638901738478, 0.9973966932511541, 0.997408001119864, 0.9766250151193232, 0.9183131145574527, 0.7487292207772586, 0.9003514190091774, 0.904388578846967, 0.8409201227777905, 0.9667633308718594, 0.9448643970905185, 0.9680899080738268, 0.9652898035579505, 0.9584653396762151, 0.985768981119338, 0.9823038977566387, 0.9843100257447169, 0.9777238354293306, 0.9861593520176827, 0.9835728240361845, 0.986783898166569, 0.986550938802641, 0.9644160786108223, 0.9678375919104221, 0.9716333159323545, 0.9712877432312901, 0.945129850218273, 0.9757200191360935, 0.9740509882157133, 0.9822461088448804, 0.9813839552421108, 0.9361639716896202, 0.8608693578532041, 0.8285815768795192, 0.8798501746706779, 0.9061271129254198, 0.9011876583882494, 0.9041899373788875, 0.9027858733942845, 0.6290876793300552, -0.5709819646201159, 0.9770860645177907, 0.9686116898458191, 0.9651319558955412, 0.9851674329888089, 0.9706850102447219, 0.981825179218351, 0.981773951648307, 0.9458290051310316, 0.9820269989838307, 0.9498730215714482, 0.639918736667563, 0.865238843153346, 0.9152384995099203, 0.7508814148310078, 0.9212350653293997, 0.9412726864548513, 0.8151967816206915, 0.9578374174820551, 0.8958292927834595, 0.645897843947827, 0.7082300339202487, 0.8917262690579937, 0.8629200275606934, 0.8884019072014518, 0.9686263834790939, 0.9688419846533355, 0.7378947929853384, 0.7050196521236421, 0.8258350524439583, 0.33945337911362544, 0.7946128716402092, 0.830164124693083, 0.8166798261419881, 0.8147837396762542, 0.7492989487911206, 0.7418178079769446, 0.7219795324766056, -0.24202608869932427, -0.3778460063983455, 0.6376225904930732, 0.8994448440751515, 0.9445645606241424, 0.9488510414510964, 0.9191686853393741, 0.8286564385400079, 0.9160931516215595, 0.9378365737869322, 0.9376644580652813, 0.872245913373409, -0.1882749045449799], [0.9999911273608199, 1.0, 0.9829862084885308, 0.9997707494165833, 0.997576720578074, 0.9904711665411605, 0.9930926252006506, 0.9888329109402727, 0.9888689749852934, 0.9680237263130692, 0.9912443879809137, 0.9890760979325013, 0.988898308224158, 0.9889472095518816, 0.989042725210545, 0.9936936483258046, 0.9950184418230149, 0.992228013267162, 0.9922276757997038, 0.988943906129711, 0.9890033377418128, 0.9880532591807207, 0.9621485378346005, 0.9844111146162103, 0.9841080130398737, 0.9816123352058345, 0.9726932252854898, 0.909427243046075, 0.9878564214084676, 0.9840920275869666, 0.9760100801096451, 0.9129846072336771, 0.994706248433152, 0.9945340105538664, 0.9948204523036112, 0.9900601840654043, 0.9942521689374921, 0.9948109502977451, 0.995114676568742, 0.9965414941320039, 0.994808852089139, 0.9948175864213414, 0.9862524062422722, 0.9182136998628222, 0.6043920752069145, 0.9003637177920818, 0.9049374660365286, 0.8410830363809296, 0.8733054229756838, 0.9125090427976283, 0.877125952690468, 0.8968578219772686, 0.8721945000481034, 0.9545690067171057, 0.954469113609058, 0.9743553888441085, 0.9783238119737823, 0.9723015159590467, 0.9718654503561773, 0.9749772236462022, 0.9748892793211963, 0.9364037341143827, 0.9452098085516532, 0.9105648834250002, 0.9104670667286845, 0.8064269381202835, 0.9693884607132895, 0.9717099735756819, 0.9719671033334207, 0.9713622196252227, 0.9316003767486603, 0.6516809210262231, 0.5924484824337701, 0.7462326017315005, 0.8413176750740696, 0.7695769686037421, 0.8071433991816863, 0.8053631407727301, 0.5866272441923059, -0.27678687159012705, 0.9570730196207601, 0.9640159827514971, 0.9567656050387782, 0.9752667480181431, 0.9538960418381162, 0.9616994931035376, 0.9607624685790201, 0.9036506735610692, 0.9646968841011918, 0.9094826105954886, 0.4637960645282349, 0.8642642363287982, 0.861826231168997, 0.2582685264369542, 0.6512568026520518, 0.7447129181714863, 0.6373270862683404, 0.9560994059008706, 0.6515738947049292, -0.23369787642621742, 0.13984887999718648, 0.6193229238555317, 0.6261471005402047, 0.673345494068515, 0.9577692007631617, 0.9576135641765946, -0.08477556305708937, 0.15243011233412615, -0.003817094269158431, -0.0366000572368998, -0.008391782477800524, 0.008165493573160112, -0.023824096831020537, -0.06670363768742661, 0.3563935892807663, 0.09625069966609051, 0.047180832272771284, -0.453254200281994, -0.48737751531799245, 0.6379750453285409, 0.745505719003771, 0.7696515612832537, 0.8302049788924772, 0.8255435605245505, 0.5385955423094166, 0.7332619174700641, 0.7656111765085486, 0.7642489401439778, 0.4125233158585814, 0.20481121340770744], [0.9846630853353314, 0.9829862084885308, 1.0, 0.9861065722934663, 0.9928620444042815, 0.9900720727061466, 0.9907006846611613, 0.9911319830496091, 0.9943885857467561, 0.9550698456472986, 0.9970111222854025, 0.9910290271121285, 0.992964126812543, 0.9911923987080644, 0.9911108011749346, 0.9917376925573613, 0.9904632272415808, 0.9897179435089214, 0.989681974633538, 0.9929165327105602, 0.9910591394140866, 0.993563651380306, 0.9794615388774474, 0.9908122728828803, 0.9912289792483352, 0.9803848185608556, 0.9823278749930047, 0.9480541549089962, 0.9729769040968648, 0.9765776176086061, 0.9781428467290608, 0.950338858823325, 0.9879761528262644, 0.9910974355339891, 0.9894085464396563, 0.9930717486411986, 0.9948202078693991, 0.9921431533802986, 0.987397781172363, 0.988082262754709, 0.9882553137666819, 0.9876223963364001, 0.9906478331852306, 0.918268847954254, 0.6897000374119951, 0.9261993721858963, 0.8976374221216824, 0.7522080736892655, 0.9275208526525731, 0.9000475155788553, 0.929705650585039, 0.925144721762775, 0.9154829579137729, 0.9529093101021892, 0.9600888567757224, 0.9313104706193138, 0.9490291746215148, 0.9543926462100933, 0.9601904880112487, 0.9549790231883587, 0.929247616722602, 0.8982462087357226, 0.9270542805660513, 0.9243120038682705, 0.9074625227418613, 0.8634723940572181, 0.9599616893895195, 0.9379337833709396, 0.9551790191825306, 0.933672599448745, 0.773956438644449, 0.8011789610492795, 0.733765327809113, 0.8224910352894645, 0.8663463045027521, 0.8640567667924813, 0.8355488462810338, 0.8493371934264871, 0.30417313130448037, -0.5710039485461996, 0.9466682637294506, 0.9202850681820042, 0.9242693036680211, 0.931745372537541, 0.9410546691508624, 0.9516216719183614, 0.9512328290834247, 0.9128888388410594, 0.9479905178081186, 0.8391572258035198, 0.6117798766153892, 0.9337196622370965, 0.9362220806512376, 0.7097459809704737, 0.9023567618219709, 0.9248461048546203, 0.8006538606908509, 0.9779905816927712, 0.7784914245779487, 0.5536870132320557, 0.647731603111291, 0.7858995064555266, 0.7882037439879385, 0.7745617122126961, 0.9816332411409971, 0.9816716596898061, 0.6571387839342347, 0.6401450910254431, 0.7140793605791939, 0.27051115992962177, 0.6900309734912894, 0.7116292097352582, 0.7251511042065644, 0.7079033094392145, 0.7032458829802001, 0.6685420021191336, 0.6467975259187685, -0.31573277112330467, -0.45109806709971756, 0.5931327763683624, 0.8595669630695087, 0.8947817658383623, 0.8964824697682682, 0.8924565988218609, 0.7588638522340794, 0.8689490585944574, 0.8833104596882648, 0.8920586177509442, 0.7394280167532852, -0.10643035918367097], [0.9999222022761797, 0.9997707494165833, 0.9861065722934663, 1.0, 0.9992147071620132, 0.9892334799117292, 0.9978838270638469, 0.9958678104718361, 0.9962610090973905, 0.9794009778917273, 0.9937134441790668, 0.9959926224482385, 0.9954241429097418, 0.9959198080679249, 0.9960318458897585, 0.997119738701034, 0.9984454037050602, 0.9965596618453404, 0.9965698007116791, 0.996686504066916, 0.9959442348655887, 0.9869660133583371, 0.9708988656460042, 0.9891350089497865, 0.9880969665978219, 0.9841297832782124, 0.9660997085304884, 0.9453842453547466, 0.9935592184703083, 0.9942602060355288, 0.9919456604969742, 0.974662374903567, 0.9976174447152991, 0.9980554536608361, 0.9974557532273903, 0.9961204871086271, 0.9958918364129864, 0.9979566913664984, 0.9977795755749328, 0.998814768504627, 0.9975504771117641, 0.9975584525666201, 0.9784654577543432, 0.9139217366780639, 0.742321303621881, 0.9010985357450121, 0.9019027183361563, 0.830471831709646, 0.9638460497097973, 0.9414209069376789, 0.9650624178149474, 0.9626161934511054, 0.9555909993663577, 0.9836938539525245, 0.9807686887371402, 0.9825382564423779, 0.9759935688324362, 0.9845768125191487, 0.9827008395994289, 0.9851214612301289, 0.9848838667443217, 0.9508062705979855, 0.9661442835988526, 0.9698848593938532, 0.9695390842882144, 0.9384068040313831, 0.9750281299359415, 0.9704175952494666, 0.9804589502606876, 0.9795549023267722, 0.9085678366769354, 0.8587301925461678, 0.8237369707260289, 0.8774280302288799, 0.9025184569918482, 0.9002777635456927, 0.9011214319079516, 0.8997837320779479, 0.5242920976957037, -0.5710259862482663, 0.9758509878475277, 0.9664031878269044, 0.9629370616337768, 0.9834000473197221, 0.9695172633424388, 0.9807217861622628, 0.9806689087476751, 0.9446797761164639, 0.9802218676905585, 0.9293487440926458, 0.6455383491796713, 0.8737546693545643, 0.9198005819265856, 0.7524179115588611, 0.9229819577144575, 0.9427648709015951, 0.8155407468646098, 0.9593553528469567, 0.8896936531624795, 0.6426367383952424, 0.7064675232871758, 0.8866662210595904, 0.859367506949813, 0.883010760742972, 0.9697327636816393, 0.9699562397473914, 0.736953528513291, 0.7053347505038723, 0.8179210564557685, 0.34158101999484597, 0.7890315392697725, 0.8219645407426515, 0.8085551898735709, 0.8095221479240904, 0.752214274633144, 0.7419216223941673, 0.7221511046250376, -0.23741155050073792, -0.3770990240018777, 0.6358578697010605, 0.8975623868646955, 0.9428160438642411, 0.94714676405621, 0.9180832904095239, 0.8258707329510555, 0.9141561733349473, 0.9356668633963966, 0.9356509329900562, 0.8645914731699668, -0.18088483426133936], [0.9989069871033123, 0.997576720578074, 0.9928620444042815, 0.9992147071620132, 1.0, 0.9920679878570395, 0.9990472745182641, 0.9982885824352222, 0.9983446817563227, 0.9729674435319428, 0.9976502055162884, 0.9983348436645778, 0.9981237356750108, 0.9983228954132684, 0.9983887903879108, 0.9986505821312498, 0.9991988727967593, 0.9987118225581506, 0.9987114533720757, 0.9984090384109997, 0.9983186429922224, 0.9936686201781598, 0.9784917079793357, 0.993799901244357, 0.9937292414897394, 0.9877661400715053, 0.980186217544236, 0.9486471938908495, 0.9900853638053, 0.9925278709235991, 0.9895587087886579, 0.9654840848854647, 0.9989416944959444, 0.9989758962378822, 0.9989702711312788, 0.998434566178521, 0.9985241569654479, 0.9990703724668063, 0.9991231693811721, 0.9991365153822052, 0.9989266885408238, 0.9989262333875638, 0.9888897563661923, 0.9235574062052413, 0.7175008548622216, 0.9163615176779331, 0.9057976730525202, 0.8118653288550084, 0.9476364494572391, 0.9291798138749982, 0.9514904282355894, 0.9538561396478688, 0.9464031432030204, 0.9797204330589592, 0.979659900149765, 0.9782984748526509, 0.969684181364783, 0.9792964677037317, 0.9781294539272607, 0.9796095589098193, 0.9793134319845718, 0.952397873162578, 0.9555430115792932, 0.9505949128935887, 0.9501311851987018, 0.9041739223368995, 0.9718593491398722, 0.9685098326649539, 0.9753621180140855, 0.9743750673270237, 0.9309737067897914, 0.8333538424482321, 0.7872778111428973, 0.8590183032367394, 0.9047550567535645, 0.8853717864921, 0.8942782532509218, 0.8929751438318276, 0.681767144953752, -0.5937175635209396, 0.9683248782892709, 0.9538322556142711, 0.9516906444665914, 0.9794449132506067, 0.9578703230416888, 0.9728039504144685, 0.9723096523376301, 0.9334925424287188, 0.9748569636778235, 0.9376746407543722, 0.6316427649673538, 0.8955503364574998, 0.941340658660671, 0.700777653862801, 0.9004268661631385, 0.9264204673254498, 0.8091080422430916, 0.9653588658992339, 0.8792625657406337, 0.49015327264694025, 0.6375448361230748, 0.8667252408594236, 0.8207593732404692, 0.8686442571453148, 0.9740412207854229, 0.9742123123138183, 0.68963252310825, 0.6854091139509674, 0.7339043888219409, 0.31573741557824914, 0.6707438763049148, 0.7398268338271783, 0.7156403978043576, 0.6952659735449105, 0.735621653209989, 0.7240505603561921, 0.7032951942858936, -0.46060393133352734, -0.537127010996518, 0.6241448439913114, 0.8900011062273687, 0.9268054112647113, 0.9385284193954155, 0.9141855429500466, 0.8017928117450187, 0.8963041220640522, 0.9198097593672631, 0.9193238247165287, 0.7980084496060016, 0.03685030195703377], [0.9882753547274902, 0.9904711665411605, 0.9900720727061466, 0.9892334799117292, 0.9920679878570395, 1.0, 0.9885319498280053, 0.9885977638341461, 0.9881259066013628, 0.9641141106059454, 0.9794252874258764, 0.9885427165921888, 0.9897006831151348, 0.98865838494618, 0.9887788465213756, 0.9916712877167588, 0.9897989680257342, 0.9894689178805077, 0.9894481198609686, 0.9874553695980454, 0.9885849534503139, 0.9961120832588529, 0.9913611567224845, 0.9884758940190089, 0.9883009518421362, 0.9695784234933393, 0.9849496687107975, 0.9666085351525879, 0.9724159488541736, 0.9765733246169033, 0.9845092080087818, 0.9711627613649688, 0.9884733735361186, 0.9886664703126753, 0.9894640347949842, 0.9894963790109277, 0.9819373212935524, 0.9894336832111409, 0.9888711317258777, 0.9890751046940938, 0.9885741010131142, 0.9885644228540063, 0.9947050151583963, 0.8768804289222772, 0.7211686879852354, 0.8776487940188006, 0.9006849520291693, 0.8336856762840742, 0.9332055451719943, 0.9120281730283414, 0.9350481788297089, 0.9428376740734464, 0.9308723632409797, 0.9617711379750111, 0.9663358170670625, 0.967878560828163, 0.9801136616944705, 0.9689848767543819, 0.980864912804079, 0.9688644943935193, 0.9682967069048053, 0.9678997819644727, 0.959414536505119, 0.9429125316476434, 0.942393123622282, 0.9300916208813966, 0.9782853702592206, 0.9706122921399593, 0.969212423569243, 0.9675687465065499, 0.949754597406845, 0.857401478391429, 0.8094547290091112, 0.8778929975306273, 0.8967253748772983, 0.9041654518747301, 0.8872108200712534, 0.8851251508163489, 0.6484177098468447, -0.5339770636523823, 0.9747090725392268, 0.9708740204132099, 0.9674273317122793, 0.9690090009688299, 0.9653333999827971, 0.9749091061315688, 0.9745579955427525, 0.9553528026765978, 0.9644038721907788, 0.9548134005160775, 0.6469746663080352, 0.8380248516442764, 0.9378441233403496, 0.7491362040159489, 0.9128449534626294, 0.9309386074000986, 0.8105782215207704, 0.9557606482441504, 0.8460800081034884, 0.5903083872778405, 0.6805498341139119, 0.8435801588991286, 0.8198740347919714, 0.8411273322654307, 0.9579537845607609, 0.9580180825116428, 0.6996799380730869, 0.6850905128636751, 0.7623083347861792, 0.34145826065835677, 0.7412844429044505, 0.7680803822859686, 0.7539918969067125, 0.755998962742165, 0.7397648361824612, 0.7130253282240883, 0.6953540577081964, -0.2678842542365265, -0.3953006628503686, 0.6647512550310352, 0.8837428626940046, 0.9016948672197922, 0.9100944386156901, 0.8987296511785985, 0.8003385699323986, 0.8704850709052212, 0.8931407778858549, 0.8931842732725311, 0.837359982826758, -0.15106081479396338], [0.997543417088552, 0.9930926252006506, 0.9907006846611613, 0.9978838270638469, 0.9990472745182641, 0.9885319498280053, 1.0, 0.9971668519384118, 0.9995320983407414, 0.9724664681576807, 0.9994288903210469, 0.9981450229768721, 0.9990717866488238, 0.999027908308249, 0.9988054285712175, 0.9981675082073459, 0.9999029023873659, 0.9992603948155225, 0.9992657704884875, 0.9996532911842219, 0.9992287384219473, 0.9906968935574008, 0.974832650033661, 0.9841587177089467, 0.9925407510962568, 0.987018461208267, 0.9719694229815994, 0.9438787918918036, 0.9922344650433469, 0.9918187781801612, 0.9930288850296363, 0.97155759612683, 0.9988366599452635, 0.9998198936678605, 0.9996557378579085, 0.9993976599050215, 0.999662671843457, 0.9998506751209296, 0.997927556380348, 0.9996768776410022, 0.9992793132960901, 0.9988890871875805, 0.9830862109405942, 0.9295843449437846, 0.7330350329290571, 0.9294419793991011, 0.9163715470158701, 0.8035754602388201, 0.958747641247359, 0.9407914937138667, 0.9607905911483908, 0.9581459877594551, 0.9519018600307009, 0.9818211612021834, 0.9800275252551788, 0.9408410091943624, 0.955789259587441, 0.9690729963539617, 0.9693815219482149, 0.9708817276721019, 0.9410663199621928, 0.8911231060605297, 0.945613475108379, 0.9552730714634701, 0.9321254126442897, 0.877310774605244, 0.960818956591383, 0.930578212444455, 0.9626762739579602, 0.9411864599098306, 0.737665095143862, 0.8279681614157994, 0.7563648933338187, 0.8453991163204163, 0.8726581231952207, 0.8765165538541534, 0.8559598092430948, 0.8684216023259141, 0.2590876004868632, -0.6058222751154914, 0.958666082853007, 0.9370940545946824, 0.937070802995478, 0.9431639301668495, 0.9550359715959894, 0.966544592421804, 0.966593000644992, 0.9238371055789366, 0.962702652317519, 0.8229700527207359, 0.6268915675137476, 0.8961165646163131, 0.9197336880843108, 0.7411908671898979, 0.920250526106135, 0.9412409913730041, 0.8096702455317714, 0.9649390463972791, 0.8310763159781585, 0.6304834204669396, 0.696329197394098, 0.8435020329062574, 0.8377290631064561, 0.8293118957704866, 0.9741819062894186, 0.9744181279033522, 0.7228957964376385, 0.6818130091765452, 0.7831608147398701, 0.31089812136996525, 0.7658305874979581, 0.7922147716914252, 0.782763102848834, 0.7884600767188664, 0.7312698568551892, 0.7287304056811066, 0.7071373578836758, -0.25612688892625185, -0.40301606223249364, 0.6426832553753761, 0.8915122814359938, 0.929732150456531, 0.9450540441745108, 0.9174886723550439, 0.8239238852526732, 0.9137155012739915, 0.9355591608488588, 0.93496436604704, 0.7748973330045605, -0.14292963635454922], [0.9953392710645781, 0.9888329109402727, 0.9911319830496091, 0.9958678104718361, 0.9982885824352222, 0.9885977638341461, 0.9971668519384118, 1.0, 0.9999843852728018, 0.9665424901280021, 0.9996506005074572, 0.999996896088121, 0.999663619923887, 0.9999978712856148, 0.9999818735808745, 0.9965048459203696, 0.999317704511117, 0.9998888639371339, 0.9998883817654007, 0.9999570427464227, 0.9999944802526509, 0.9909036004793164, 0.975837017718085, 0.991802480576654, 0.9930445869320006, 0.9840964868695758, 0.9741411881190049, 0.9425030696045049, 0.9885243633656333, 0.9942729753686205, 0.991654630982711, 0.9681537667173514, 0.9994291608861523, 0.9994925172462836, 0.9996156685683114, 0.9996887349270961, 0.9987966597918351, 0.999412188927754, 0.999117224282304, 0.9985586983154819, 0.9994987972611105, 0.9993609975958306, 0.9845341016077849, 0.9298215226073123, 0.7198274614878717, 0.9356141509264091, 0.9138138087957529, 0.7820882823142626, 0.9572191655350853, 0.9358513231681204, 0.9588424043458217, 0.9516970297269667, 0.9453907259081628, 0.9798347980863501, 0.9767793440593079, 0.9350698991586196, 0.9498064179487645, 0.96114846417129, 0.9653110976473648, 0.9634549082082196, 0.9390768435633275, 0.8802629933581181, 0.9394109937795296, 0.9472835673883909, 0.9259937750451919, 0.8618825406649739, 0.9571756143072198, 0.9230630307331132, 0.9560392475816819, 0.9358085897263877, 0.7209892751178021, 0.817736373930643, 0.7512938023822953, 0.8351477930633809, 0.8636222605910856, 0.8703383481664884, 0.8506730572595952, 0.8601506376682161, 0.23811053211356767, -0.6117310579637522, 0.9531242728292283, 0.9271790182898352, 0.9286368404332964, 0.9409182333086384, 0.9488394889853068, 0.9611513961712964, 0.961198781961397, 0.916535620964815, 0.9542678683697594, 0.8078364375363705, 0.6220750839832703, 0.9168276745344869, 0.932339191328441, 0.7355158673652643, 0.919506635694537, 0.9408027598244495, 0.8068754716573885, 0.9696951873026142, 0.8349515866900636, 0.616202299505403, 0.6867931902186937, 0.8448749915468875, 0.8346719003426271, 0.8328264258485267, 0.9772221930931567, 0.9774629966658723, 0.7126668804941025, 0.6727186295798411, 0.7852329650649522, 0.2958072695271835, 0.7606203473879584, 0.7879040845408259, 0.7841293443718936, 0.7829310922198253, 0.7237986847325869, 0.7222396011508232, 0.6999537312980084, -0.2733857742419644, -0.4193264888892717, 0.6240930223178541, 0.8829195104163065, 0.9275008016992486, 0.9373233679301397, 0.9110610360666695, 0.8123774049807665, 0.9071839368576644, 0.9292322652636058, 0.9288953104383476, 0.754469026372147, -0.12474656998329664], [0.9956425458144278, 0.9888689749852934, 0.9943885857467561, 0.9962610090973905, 0.9983446817563227, 0.9881259066013628, 0.9995320983407414, 0.9999843852728018, 1.0, 0.9658517019677023, 0.9996495781958383, 0.9999814573275897, 0.9998374423506105, 0.999990001702755, 0.9999964383601856, 0.9989945564932536, 0.999305896650513, 0.9998258972828686, 0.9998248728490075, 0.9999668474594537, 0.9999823653406911, 0.9937766567836335, 0.9770510553399382, 0.9950857743845383, 0.9952332112481196, 0.9840662237075506, 0.978364650928273, 0.9435310598077185, 0.989089034222221, 0.993376070478051, 0.9886617747821834, 0.9636036447708644, 0.9993510776952088, 0.9994322390713908, 0.9994341273512614, 0.9998391820014715, 0.998807040784983, 0.9994008149174025, 0.9993408107355733, 0.9985667655947568, 0.9993453721117144, 0.9993394803740137, 0.9889387153824473, 0.9300572336570122, 0.7205800599349976, 0.935760328183284, 0.9140905553556, 0.7823119970933219, 0.9443564235308933, 0.9242677994412885, 0.9477373431207887, 0.9491372589788658, 0.9426835455497156, 0.9773600258630576, 0.9768756980942255, 0.967046260330463, 0.9501960188489189, 0.9679652917487754, 0.9653762704580094, 0.9683770473657739, 0.9680330605107159, 0.9389067364915277, 0.9386551616089659, 0.9394048168247681, 0.9389839542772537, 0.8915870045189246, 0.957515564116318, 0.958354778935764, 0.9646114153177084, 0.9634053491941211, 0.9171079311498738, 0.817021458152078, 0.7649284270957548, 0.8342877097285369, 0.8850535524759433, 0.8685927230948511, 0.8762698557810876, 0.8752102825094907, 0.6265461801033442, -0.6277372483591095, 0.9530404982150359, 0.9272130924286093, 0.9287524088369339, 0.9684348767090373, 0.9433068165440912, 0.9606573531521106, 0.9601294352183898, 0.9173652124873272, 0.9629752479371637, 0.9218771201358669, 0.6203435264859837, 0.9163138289465874, 0.9464342450861327, 0.7101952782025951, 0.9059214743848311, 0.9312327168343438, 0.8059703982971246, 0.9684025113242946, 0.8859659474101202, 0.5197627057572851, 0.6545020355413708, 0.8740568053757022, 0.8288768025721136, 0.876517757515709, 0.977141467759087, 0.9774120623399845, 0.7105654302430157, 0.6696819506660151, 0.7501211453666056, 0.29355437883713187, 0.6888642351940001, 0.7556667013468947, 0.7334773591809901, 0.7139864359000329, 0.7211254280254014, 0.7189733611762487, 0.6966356639253256, -0.5101565977860316, -0.58795182524621, 0.6241005997044065, 0.8817962810610933, 0.926293297058192, 0.9389102009139568, 0.9100898407503819, 0.8074461562020966, 0.8965405429345974, 0.9193520289766608, 0.9187894811945733, 0.8075075447137419, 0.1099296587413857], [0.979739796217301, 0.9680237263130692, 0.9550698456472986, 0.9794009778917273, 0.9729674435319428, 0.9641141106059454, 0.9724664681576807, 0.9665424901280021, 0.9658517019677023, 1.0, 0.9524048119468991, 0.966934005146884, 0.9658617296559158, 0.9666636483293994, 0.9662157845918717, 0.9675351370100183, 0.9746846845020433, 0.9710181852367856, 0.9710316617563974, 0.9667156944121766, 0.9667889269068449, 0.9661368919390932, 0.9534874821937808, 0.9734381900877624, 0.9713294860409033, 0.8974830723982291, 0.9696456915634234, 0.952328578129014, 0.9764631873636545, 0.9705456912125033, 0.9707267196247596, 0.9369026437669713, 0.9748204383431235, 0.9743918001408014, 0.9748455025582083, 0.9671298918485224, 0.9600579833685682, 0.9738379250169676, 0.9746252983476974, 0.9773341151858577, 0.9750034225815144, 0.9750212870923423, 0.9560825452452235, 0.8463636899539491, 0.5402244392406829, 0.7999670790072541, 0.8934723373778517, 0.8751684671109943, 0.9026784882911641, 0.8323157751090616, 0.9071390920855636, 0.9172077457762037, 0.9042563995383278, 0.9344035584709074, 0.9342618314406292, 0.9447358046885964, 0.9366279037204587, 0.9549233596506634, 0.9486861926607644, 0.9533108964580274, 0.9533354412645316, 0.9127300250109082, 0.9538213201611099, 0.9392076636534874, 0.9389134121533198, 0.8619442543530668, 0.9364415458676757, 0.9441959960047062, 0.9377515002246024, 0.9366946067977774, 0.8874435460527206, 0.8249476642716836, 0.782112373435074, 0.867423300361033, 0.9177273434836777, 0.8902100087705561, 0.9040253643431706, 0.9033157349642262, 0.7193918620448719, -0.31742166292773244, 0.953745708855558, 0.9546585468429662, 0.9468364856470557, 0.9464924867825574, 0.9317190073299604, 0.9549993558300197, 0.9549336692168837, 0.9028873377164259, 0.9569450815447463, 0.9077132314579579, 0.7213199092608455, 0.7010036527219144, 0.8685697764055493, 0.6330056451503134, 0.8571492812610473, 0.8928963472822998, 0.8766649021273261, 0.950903933296704, 0.9063840975225034, 0.410866156266368, 0.6584086032958698, 0.8987685152529947, 0.8755365216807731, 0.9054279463861067, 0.9511532786458151, 0.9514868615801598, 0.5423935544747664, 0.70789381425313, 0.6185467824367128, 0.4884381654299745, 0.5775253832746745, 0.6329450893674405, 0.5938012702706625, 0.5683777691630305, 0.8109388235198873, 0.6881583649300911, 0.652900824130503, -0.28573723721762934, -0.33529844052350777, 0.7540562854855626, 0.9176908291361253, 0.924388379421465, 0.9126804600626504, 0.9427021130157446, 0.6655119203208207, 0.8452174742424384, 0.9107646729197255, 0.9099213558728437, 0.6930003204044067, -0.16321279247470732], [0.9922812186992389, 0.9912443879809137, 0.9970111222854025, 0.9937134441790668, 0.9976502055162884, 0.9794252874258764, 0.9994288903210469, 0.9996506005074572, 0.9996495781958383, 0.9524048119468991, 1.0, 0.9996784331930929, 0.9996567155376179, 0.9996647556938789, 0.9996711477693057, 0.9994289000516142, 0.9991221431325593, 0.9999558483134998, 0.9999553286216342, 0.9996637270449406, 0.9996718403270043, 0.9902027362525055, 0.9580523156814396, 0.991282161176445, 0.9924101343643311, 0.9884659024437363, 0.9706307081918553, 0.8963736056139038, 0.9886420059172849, 0.9925073584821491, 0.9727433221164976, 0.8979717554422305, 0.9991601174953488, 0.99922794453314, 0.999160845952764, 0.9994572984087856, 0.999407937335083, 0.9991839491846772, 0.9990487460213283, 0.9978166482753814, 0.9991318834328629, 0.9991272181828521, 0.98968070673286, 0.9240300961321828, 0.5672551829305725, 0.9312409204420578, 0.913243321381396, 0.7865260818266118, 0.8577621213665505, 0.8932574900669445, 0.8632025199958717, 0.8757838171972991, 0.8547673862874404, 0.9507370835121981, 0.9506640549339289, 0.9509024999493481, 0.9532284620918205, 0.942780768904862, 0.9447737385353167, 0.9471865079971002, 0.946990096669394, 0.8975349770973904, 0.9090217824924559, 0.8672726356618378, 0.8670939964543237, 0.7475549806425433, 0.9469728716756978, 0.9503822215606438, 0.9505530141430133, 0.9498451871474866, 0.8985830889734544, 0.5996815802908576, 0.5365534704508106, 0.694363864380281, 0.7971433191777028, 0.7236004132569777, 0.7624077775231689, 0.7612109455132164, 0.5278807115339925, -0.40011220852262863, 0.9211708759338549, 0.9311890744735304, 0.9208352658062892, 0.9523575624352733, 0.9175803440300243, 0.9271094234994922, 0.9258650733915875, 0.8574166405550341, 0.9314411580573991, 0.8649189975470308, 0.5123789792782633, 0.9127775173580649, 0.9076216635265916, 0.2991064342055714, 0.6886000020533551, 0.7731646198374907, 0.6496191533830984, 0.9709355390117261, 0.6628394937323349, -0.17809648617117269, 0.18688659678822206, 0.6353881365037533, 0.6396695900459884, 0.6819111655520469, 0.9722234727550608, 0.9722785638798866, -0.023709289597127065, 0.20447413316905394, 0.05911598520756622, 0.025210617099443777, 0.05219278690936801, 0.07139156633680786, 0.03823075762920506, -0.010831584292885695, 0.4068917425956928, 0.13857055879789063, 0.08634569360734985, -0.5222364186948748, -0.5558898474533911, 0.6241837924523477, 0.738883998168444, 0.7634339718670292, 0.8267221294242201, 0.8246441095496773, 0.5191029243687946, 0.7241178378797829, 0.7593657790634535, 0.7580908639949038, 0.4040670083756458, 0.25546927826558724], [0.9954821856252826, 0.9890760979325013, 0.9910290271121285, 0.9959926224482385, 0.9983348436645778, 0.9885427165921888, 0.9981450229768721, 0.999996896088121, 0.9999814573275897, 0.966934005146884, 0.9996784331930929, 1.0, 0.9996485110053226, 0.9999976548264078, 0.999984544833797, 0.9971360776086258, 0.9993681588355867, 0.9999000899225445, 0.9998997974704179, 0.9999648206687507, 0.9999949363695075, 0.9908162195932007, 0.9757172370659997, 0.9924577641512471, 0.9930077343680715, 0.9842949892168319, 0.9739794701407839, 0.9425298772449714, 0.9894106445900936, 0.9943278157859601, 0.9917283457770563, 0.9683002650293402, 0.99947147558479, 0.9995363994936984, 0.9996490054577619, 0.9996906637985711, 0.998885615607529, 0.9994575890296213, 0.9991561595965233, 0.9986391261046336, 0.9995423646381604, 0.9994042622353685, 0.9843453115612766, 0.9301117399907545, 0.7205437805704263, 0.9355494097461579, 0.9140838098534084, 0.7832635465892414, 0.9575450914922286, 0.9362659000312122, 0.9591764763341345, 0.9520712499346752, 0.945790050113151, 0.9800738417967028, 0.9769652864253615, 0.9354064390522573, 0.9500283035038926, 0.961478750598434, 0.9654822795794167, 0.9637777639903087, 0.9393539250941488, 0.8804974539753418, 0.9397323019355975, 0.9477315082084298, 0.9264486565710494, 0.8623678396126234, 0.9572909120093331, 0.9233161981611628, 0.9562944343528169, 0.9361235648638502, 0.7211527133243096, 0.818267762211001, 0.7518728595862035, 0.8356676707857461, 0.8640139394765093, 0.8706463718279331, 0.8511218605917401, 0.8606213820429068, 0.23849945176793103, -0.6116047824940355, 0.95337851018609, 0.9276341628616475, 0.9290087205930351, 0.9411788322879816, 0.9491106185295638, 0.9614079346122372, 0.961455897780649, 0.9167995275605274, 0.9546233425480712, 0.8081387712788228, 0.6223008804656754, 0.915891016024357, 0.931793532518558, 0.7357989327138933, 0.9195653556310227, 0.9408586086598139, 0.8071720869239969, 0.9695233470745062, 0.8353916949953758, 0.6172104966363953, 0.6874916335216307, 0.8453379925562992, 0.8352066721432052, 0.8332507644139294, 0.9771369913324907, 0.9773777194805049, 0.7133337653383877, 0.6733504191140288, 0.7857998806218203, 0.2966964139846804, 0.7613084086444338, 0.7885773770034474, 0.7847015567200422, 0.7836341078070319, 0.7242148426697009, 0.7226999928711746, 0.7004433237095071, -0.2723420277009585, -0.41838013651969524, 0.6247054813304705, 0.8834348920426117, 0.9279099207210648, 0.9378231663069105, 0.9115096723095749, 0.8129282628316286, 0.9077284022039602, 0.9297640815533601, 0.9294133947852381, 0.7551382240824611, -0.12582774056501508], [0.9947035556618575, 0.988898308224158, 0.992964126812543, 0.9954241429097418, 0.9981237356750108, 0.9897006831151348, 0.9990717866488238, 0.999663619923887, 0.9998374423506105, 0.9658617296559158, 0.9996567155376179, 0.9996485110053226, 1.0, 0.9996851182311474, 0.9996710427097645, 0.9991223345894742, 0.9989195099328453, 0.999474538841046, 0.999467349302133, 0.9996657781754016, 0.9996398175189549, 0.9928072563019673, 0.977336713104967, 0.9957889410917837, 0.9956785582830666, 0.9841335970650589, 0.9767940085984242, 0.9450252793205891, 0.9885436900287825, 0.992336802082205, 0.9907810510057121, 0.9658823594078303, 0.9987634388602745, 0.9990729854307477, 0.999266176986357, 0.9999200281604769, 0.9988322108692459, 0.9990468138601121, 0.9985981583520112, 0.9979513345969501, 0.9987556000834403, 0.9986816467610539, 0.9883246143057062, 0.930071243606007, 0.7163448844389693, 0.935659533334744, 0.9139802909707083, 0.7825559727529122, 0.9530370038983073, 0.9293108603501571, 0.9540505441353354, 0.9485843476589289, 0.9417104707829204, 0.976512363062486, 0.9748503349383376, 0.9587629311964433, 0.9497031606737537, 0.961757249591623, 0.964744107831822, 0.9635967263427111, 0.9628999810310828, 0.8845834220816222, 0.9367382624811034, 0.9460844088123, 0.9457870899718118, 0.860511150590546, 0.957608368122318, 0.9350558764702565, 0.9581820696479076, 0.9568159528880544, 0.7256467955430779, 0.8151983283168409, 0.7774217667758366, 0.8332609543945355, 0.8654653370117169, 0.8697352055329141, 0.859324565217874, 0.8596545752179537, 0.22305103764500953, -0.606120590965162, 0.9524688058839306, 0.927317647304026, 0.9279209720190044, 0.9615992280532886, 0.948500693236928, 0.9601760538307152, 0.9601776608602128, 0.9165455401506479, 0.9549552416951073, 0.814847683947714, 0.6227474465651357, 0.9164300430582651, 0.9324954936933275, 0.7329402799593909, 0.9176216197655964, 0.9392254418511288, 0.808116902772436, 0.9721870941703621, 0.829408295370275, 0.6089108980624474, 0.6829090550889149, 0.8364877722116185, 0.8298432700766071, 0.8251182097455002, 0.9790448717756955, 0.9792437351092024, 0.7041023399721583, 0.6678871587582779, 0.7650542971838781, 0.29639688071704795, 0.7512825351103903, 0.7772211446772851, 0.7537567174536706, 0.7725399284606139, 0.7219109795806719, 0.7124970904508433, 0.6905022053264072, -0.2790598615044884, -0.42350028321121447, 0.6242832906214544, 0.8811943586644262, 0.9293022265384241, 0.933245252634192, 0.9106721416973825, 0.8050632739070872, 0.9013701370740145, 0.9226511521135138, 0.9229813269742638, 0.7489443427063665, -0.12410049049774705], [0.9953929398894447, 0.9889472095518816, 0.9911923987080644, 0.9959198080679249, 0.9983228954132684, 0.98865838494618, 0.999027908308249, 0.9999978712856148, 0.999990001702755, 0.9666636483293994, 0.9996647556938789, 0.9999976548264078, 0.9996851182311474, 1.0, 0.999988643834895, 0.9986517806155113, 0.9993375552487915, 0.9998924271171061, 0.9998916249522725, 0.9999589664908988, 0.9999923704602702, 0.9909430969919567, 0.9758912490646466, 0.9942939514835373, 0.9941359516659793, 0.9842129436664118, 0.9741857557919824, 0.9426845241426343, 0.9918788694266772, 0.9946401990595808, 0.9915980397644062, 0.9680527762584346, 0.9994448143876276, 0.9994970727669918, 0.9996255841240699, 0.9997072519906343, 0.9988381669488453, 0.9994228420138526, 0.9991830179066281, 0.9985806213075009, 0.9995121943479638, 0.9993775169691426, 0.9845169860494294, 0.9299270721548598, 0.7199070127251419, 0.9356362202155044, 0.9140133662635203, 0.7826456697616241, 0.9573259100246951, 0.9360235581474181, 0.958985312821737, 0.9516619762883096, 0.9453301381243175, 0.9798816975503342, 0.9767406277254415, 0.9354220082492656, 0.9499306106085088, 0.9613442912346086, 0.9653807753390248, 0.9636342456379609, 0.938793399876095, 0.8805009532978724, 0.9392593630886823, 0.9473588031014312, 0.9262477314339808, 0.862019053561613, 0.957339111061078, 0.9234755862417356, 0.9562799209130608, 0.9361781290032719, 0.721382220427687, 0.8176825905363861, 0.7515975374332984, 0.8351396309299203, 0.8638120842570267, 0.8703099106984903, 0.850847879775052, 0.860342558432458, 0.2384785765716461, -0.6114359127686833, 0.9531925726320217, 0.9273964396482722, 0.9288166686661185, 0.9390264983972021, 0.9490335545242906, 0.9612278922710777, 0.9612720579016686, 0.9167144826480218, 0.9544638470108738, 0.808133846725475, 0.6221236077736432, 0.9163810105358979, 0.9321902540836214, 0.7354455739752521, 0.9193774151448489, 0.9407018733789025, 0.8068797697063297, 0.9697127938214513, 0.8350144393385235, 0.6160774044780585, 0.6866891697066371, 0.8449218977435353, 0.8348382795077909, 0.8328823304395184, 0.9772740884248624, 0.9775111429414367, 0.7122138527651434, 0.6723142069614786, 0.7852387045348094, 0.2961226957809362, 0.7606160132128144, 0.7878428727048944, 0.7843257017711334, 0.782845689430809, 0.7237000592035555, 0.7214162261717331, 0.6991659478632936, -0.27317522090713864, -0.41911196205597495, 0.6244455110050308, 0.8828499501478818, 0.9276603335732664, 0.9374018535224791, 0.9111271631994381, 0.812192456487626, 0.907432474776136, 0.929306279373417, 0.9290866989675219, 0.7546023775689203, -0.12506072131028306], [0.9955257575547207, 0.989042725210545, 0.9911108011749346, 0.9960318458897585, 0.9983887903879108, 0.9887788465213756, 0.9988054285712175, 0.9999818735808745, 0.9999964383601856, 0.9662157845918717, 0.9996711477693057, 0.999984544833797, 0.9996710427097645, 0.999988643834895, 1.0, 0.9986527088307591, 0.9993750291397866, 0.9998885877098845, 0.9998887265453854, 0.999957087841313, 0.999978012327007, 0.990865368513375, 0.9759025770424767, 0.9927913690477304, 0.992819360447331, 0.9842740904345528, 0.9739274399930039, 0.9426135958463686, 0.9919242801830356, 0.9942376550321625, 0.9914424562473569, 0.9679202119943827, 0.9994832251674571, 0.9994805318635859, 0.9996107175612123, 0.9996978096522937, 0.9988561330898315, 0.999425725449543, 0.9992118226472739, 0.9986327177329608, 0.9995423785502139, 0.9994215863570507, 0.9843206066149291, 0.9299727255263778, 0.7205399897086023, 0.9356095383192921, 0.9141881150844113, 0.7829543010765863, 0.9579148360056332, 0.9370792672577505, 0.9596269372120247, 0.9518385284797394, 0.9455112381647298, 0.9803540012253288, 0.9768936446987424, 0.9362030174179039, 0.9503376002900411, 0.9617287760186675, 0.9655468692681819, 0.9640272800998093, 0.9400941299172079, 0.8806404138927901, 0.9388271447383117, 0.9476398437374416, 0.9269773184800449, 0.861863668862106, 0.9577283822276882, 0.9240907505980089, 0.9567922902643703, 0.9370795629657978, 0.7211256821701261, 0.8173217740138489, 0.7525430255689405, 0.8345708860869837, 0.8637626752016184, 0.8697749708744579, 0.8512978713916766, 0.8607387564798957, 0.2378024007551643, -0.6111393128258892, 0.9532336284431295, 0.9276108991482287, 0.9290683461331987, 0.9419794682217645, 0.9495160344273412, 0.961368073309298, 0.9614773420472442, 0.9170590506286128, 0.9548055981935868, 0.8080353324346082, 0.6209426141670827, 0.915890864932838, 0.9318617191209795, 0.7344112456162423, 0.9189401937898326, 0.9402176067688054, 0.8060018741218417, 0.9693411017424876, 0.8359466212379657, 0.6156836816411764, 0.6856279422851489, 0.8454143960536994, 0.8351917455690637, 0.8335902322623295, 0.9770497055945, 0.9773204228541745, 0.7109003715039404, 0.6700383873081427, 0.7862806485492052, 0.2945454417424507, 0.7607882021493608, 0.7881766990359639, 0.7855281922073364, 0.782998795425456, 0.7219612470433384, 0.7191673706060387, 0.6968780955556994, -0.27239807912258807, -0.4184029361394983, 0.6242712506894804, 0.8819918768202181, 0.9282433496957893, 0.9379001867794966, 0.9103987269663336, 0.8123407703213605, 0.9084547533943398, 0.9298802199977223, 0.9297704395918593, 0.7544736181325312, -0.12521209068275088], [0.99659751952646, 0.9936936483258046, 0.9917376925573613, 0.997119738701034, 0.9986505821312498, 0.9916712877167588, 0.9981675082073459, 0.9965048459203696, 0.9989945564932536, 0.9675351370100183, 0.9994289000516142, 0.9971360776086258, 0.9991223345894742, 0.9986517806155113, 0.9986527088307591, 1.0, 0.9990584850448957, 0.9989908365200607, 0.9989879918684109, 0.9988045067706006, 0.9985465047106453, 0.9923892536228517, 0.9785878023570294, 0.9838617246561807, 0.9902086965629648, 0.989671860523063, 0.9760118026514797, 0.9498435272560488, 0.9929167769646119, 0.9930151631811981, 0.9904321838282134, 0.9679100559422553, 0.998793200326776, 0.9987187489328417, 0.998949569832987, 0.9986704921813743, 0.999395140806791, 0.9988659267427311, 0.9989127948846771, 0.9984044503825875, 0.9986812492121467, 0.9987443220238028, 0.983408174246335, 0.9234146021381225, 0.7253529823871425, 0.929401553530643, 0.9166096204597748, 0.7994943584187292, 0.9609272167930097, 0.9407833066958808, 0.9630170159322397, 0.9514612561246827, 0.9437274189296723, 0.9807293093447963, 0.9761500288605999, 0.9482993168613527, 0.9591472226448969, 0.9683312814802697, 0.9699580500867474, 0.9697957583019313, 0.9511681130789859, 0.8921903093406949, 0.9424957685968361, 0.952218