var element=document.getElementById("correlationClose");if(element.style.display!='none'){var correlationClose={"data":[{"type":"heatmap","z":[[1.0,0.9999909944660428,0.7184227753479797,0.9997627418055876,0.9982754090766929,1.0,0.9932586032774436,0.9903140088108041,0.9903140088108041,0.993728213888814,0.9793889004398871,0.9883566124030942,0.9932932121080406,0.9936040841591911,0.9933325127223398,0.6795969991918674,0.5789151611174206,0.21268072471718344,0.993996886760372,0.9939912323750912,0.9860922153933883,0.9932811258223101,0.3538977973397297,0.7806040023706003,0.9843600279318848,0.9843600279318848,0.9843416501023042,0.9807786017606396,0.2953691264123237,-0.1473456455258,0.9888386872670412,0.9888122405997083,0.23094469628430567,-0.238970466909007,0.995083815374829,0.9953612941118264,0.8693624801688011,-0.33586533402473956,0.991442982723374,0.9954599273547294,0.65513928021918,0.19297476589713003,0.9951991364142699,0.9951962845031423,0.9951991364142699,0.9140735328178127,0.662952455115017,0.937872323495038,0.9407804778477425,0.867228335133766,0.38637213243035207,-0.19192825221650334,0.23748580214410786,0.9545845267261335,0.3578944471286962,0.9754292607521015,0.9726748080693669,0.9819416933296369,0.9890610858400651,0.9407303039884934,0.9513906223658776,0.9516876459546832,0.9422394856479568,0.9490742775608723,0.9496434060324905,0.9490742775608723,0.9062944912637326,0.9300598388693204,0.9308546197977666,0.9300598388693204,0.9373913353095291,0.8209975948984548,0.9109860610327793,0.9120492984690927,0.9109860610327793,0.7540638286576006,0.45360597789208856,0.7463866287529474,-0.5118264291972793,0.6526940366167628,0.6609283842690691,0.66112696144201,0.6609283842690691,-0.06208704774056358,0.9252840353223623,0.953946127280888,0.9407229255987307,0.9419731411906598,0.2210909636779971,0.9197600985059223,0.9202039380108156,0.9197600985059223,0.9229934354010965,0.9229934354010965,-0.09723524171633678,0.6062022969359446,0.12652908288351014,-0.7263913383027508,-0.6094886407477944,-0.6136193534541685,-0.1730740903320603,0.16394602175278053,0.18078735184083425,-0.05217337041048148,-0.6104928313865893,-0.053116768673380985,-0.7970506853092092,-0.3221833263697634,0.1877698812052541,0.18957803790207625,-0.5884798439286725,-0.5654789535992535,-0.3106990764471929,-0.5313727901474063,-0.8081495933205142,-0.4347186310679664,-0.4275198556775803,-0.4347186310679664,-0.262105843293103,-0.386510750692791,-0.386510750692791,-0.7964692316324967,-0.7964692316324967,0.5015667026462036,0.6359341769822087,0.8479307169002098,0.8432835482470885,0.7571553879770395,-0.3572331935384942,0.7478036990907938,0.7699729683580905,0.7701823557559295,0.7699729683580905,-0.148917894140318],[0.9999909944660428,1.0,0.9846965418179043,0.999587574395431,0.9964122892676829,0.9999909944660428,0.9867590367207563,0.9823895989536097,0.9823895989536097,0.9866905374226907,0.9771800699664649,0.9874123826273741,0.986805355048711,0.9867150268329024,0.9866724676993847,-0.04207415166340638,-0.13560240958942488,-0.48430009162792304,0.9894853135955803,0.9894840197503808,0.9868354157565673,0.9868384980398168,-0.21254590493797493,0.9825895137677194,0.9833644643862184,0.9833644643862184,0.9833860600606332,0.9808592148234994,0.06735695136074539,0.08844242604381171,0.9834657970444959,0.9835258243490465,0.6696634678694025,0.008746316045633737,0.991549759944365,0.9915527830827111,0.9920893397850553,0.9876224604242555,0.9907450015351531,0.9916217446994446,-0.09151268175242896,-0.4883213190254888,0.9921099109264334,0.9921088670531821,0.9921099109264334,0.9138240029948965,0.5179878683579919,0.937833336486912,0.9406074732429213,0.8668227206559593,-0.18387897008737594,-0.4540313981558286,0.8653450206721185,0.9069482298523759,-0.25731851818482177,0.9465504565591221,0.9466751938355974,0.9673787855651105,0.9788849819809186,0.9616988568107293,0.9662974754358885,0.953607820385941,0.9555994468559189,0.9561545918421562,0.9564450777859123,0.9561545918421562,0.8905720868376323,0.8661324739732036,0.8671202475561022,0.8661324739732036,0.9629895273920441,0.9652954853973142,0.9629574641602455,0.9636053169386742,0.9629574641602455,0.7199924880152446,0.6816799953589278,0.7486267025095079,0.7984153527041234,0.7229485894136979,0.7424542731821422,0.743596530789222,0.7424542731821422,-0.04525412226300808,0.9349879815933405,0.9511901830168837,0.945963478324418,0.9655740676692114,-0.33560968100493943,0.9322497931450288,0.9323649527370604,0.9322497931450288,0.9371709481110219,0.9371709481110219,-0.17871436645314254,0.6065326062121514,-0.37817249287047816,-0.8095394871825158,-0.4730982799733117,-0.477296332591769,-0.4068178881120847,0.29684249979243327,-0.277002624552198,-0.5281116671896544,-0.7658841655559895,-0.37768693187728514,-0.46728563995415257,-0.4439906788427064,0.15731529438979414,0.15532047099348387,-0.49326525366479473,-0.46423817575198173,-0.4923618601564659,-0.5241279988644743,-0.5157157062961085,-0.4945827013179187,-0.4980005783135226,-0.4945827013179187,-0.39158262277904654,-0.5594532578386958,-0.5594532578386958,-0.5232281913004848,-0.5232281913004848,0.4999806053633038,0.3818666565397556,0.5187202528278709,0.6467029341104167,0.5386248707502589,-0.443797549838209,0.4197500235867509,0.32502944479236495,0.32523352368993425,0.32502944479236495,0.21926977642167686],[0.7184227753479797,0.9846965418179043,1.0,0.7162977468620977,0.6654738379888274,0.7184227753479797,0.6958097982698166,0.6896751459621004,0.6896751459621004,0.6560389194346781,0.6307536159002657,0.9945411368358091,0.695854685195093,0.6928579386376574,0.6959446516346648,0.35256010191536974,0.29741559208083035,-0.2451962092612895,0.6644945881044755,0.6638470607258447,0.6363011088106826,0.6949857354969858,0.14034463836238237,0.8295455733086852,0.6821163791094464,0.6821163791094464,0.681918983273924,0.9903897323944603,0.26849423716493015,0.07556566701352674,0.6506452797101367,0.6503460052982503,0.5790288816714131,-0.08257156103385332,0.6909589656047208,0.6486378669654828,0.653191550444957,0.2750321910221253,0.993315279823857,0.6468775729400983,0.3340925145575917,-0.2551520432047679,0.7081481687875854,0.689054063173239,0.7081481687875854,0.9112852442953551,0.4373092860410702,0.9491200201776588,0.9330784843793004,0.7884001719665319,0.24459981976272538,-0.08568148340655184,0.05946078579232497,0.60095512673085,-0.07455100196688774,0.6351411633687117,0.6185220271023861,0.633766798899535,0.598031587938058,0.04989464892825365,0.8388919355288471,0.7766839231917373,0.7123408634445947,0.7819639097953169,0.7929553753769062,0.7819639097953169,0.6253666124853641,0.7097503735530002,0.7431027161516625,0.7097503735530002,0.7571522064179769,0.7093248343908289,0.7621335855708398,0.794540586717162,0.7621335855708398,0.5377507140925959,-0.07824041448210593,0.5519634891554187,0.08461467079006273,0.5085795889268029,0.2733305244916643,0.5517593776845279,0.2733305244916643,-0.10437489393720117,0.6962615942689645,0.9088578555942318,0.7534970059373994,0.7972337306430818,-0.09894325961619026,0.7248644218804507,0.7244496077423774,0.7248644218804507,0.7674035198788952,0.7674035198788952,-0.19045943602427504,0.7007031825521691,-0.17364976213333952,-0.7459333626138659,-0.47330122006323705,-0.4776263475641395,-0.4413531575374827,0.14376850331489935,0.01729277594424027,-0.37316567012141755,-0.7256686593660766,-0.1895224248402358,-0.3598955801953798,-0.3037335106789273,0.08189728833718855,0.08095562355667116,-0.5120450403100241,-0.09914879070084598,-0.2861483166579742,-0.5297196451132739,-0.24628105486291527,-0.4334974202318705,-0.3191123747602201,-0.4334974202318705,-0.44001760903861675,-0.5676843191314666,-0.5676843191314666,-0.33647705649589754,-0.33647705649589754,0.45744772680304785,0.2468080305196181,0.31305343822279175,0.5513882892500791,0.3380005655932386,-0.4055277781287355,0.009608895537773932,0.46964207277945724,0.561926547351411,0.46964207277945724,0.02210334374235192],[0.9997627418055876,0.999587574395431,0.7162977468620977,1.0,0.9990142918535205,0.9997627418055874,0.9942734604407459,0.9917366252303387,0.9917366252303387,0.9949343926898101,0.9778578168569215,0.9909600751078868,0.9942995872285507,0.9948680918721016,0.9943180949686098,0.6785859719223434,0.577405069645714,0.19869602862382854,0.9948455546344664,0.9948416651847577,0.9860898502579923,0.9942802779587446,0.3454592388352859,0.7847189102607766,0.986562139457293,0.986562139457293,0.9865430446383691,0.9852993299170206,0.2911123113928561,-0.15299882922659083,0.9880246040994816,0.9880056782201095,0.22308852504904703,-0.23934000063027547,0.9954481532759587,0.9959209411038864,0.8403591175974062,-0.33972233343398495,0.9933176656647199,0.9962149820919837,0.6535773571876659,0.1787435229496795,0.9937373447115748,0.9954819284845337,0.9937373447115748,0.9122794811718932,0.6518808329849517,0.9401257503175823,0.9381613302541958,0.8542034513178013,0.38211773583705394,-0.19601028986399227,0.23302186816657885,0.9499554794551273,0.3431844868552784,0.9712623141635959,0.9700976623872232,0.9799293773754122,0.9887499395690155,0.9248300735089513,0.9470468428881749,0.9423769255829854,0.9395814897491361,0.9368856774469736,0.9376259454985396,0.9368856774469736,0.9007308220036306,0.921560856741932,0.9224209172006427,0.921560856741932,0.9350848104495837,0.7749000620665532,0.8813356800517147,0.8824286056068891,0.8813356800517147,0.7487640627939166,0.20130349853842794,0.7397581932726193,-0.5165449566807301,0.6494358489211528,0.39954875311179455,0.635512034624126,0.39954875311179455,-0.06735981344563542,0.9218754439301339,0.9493678039510095,0.9356421221313921,0.9243339468306534,0.20775004675590406,0.9169424912325032,0.9175000315578243,0.9169424912325032,0.9090064510118384,0.9090064510118384,-0.10124494616926974,0.6224148643210345,0.13160449578222633,-0.7345395320498483,-0.6152980553136086,-0.6193521337481426,-0.18366842881689607,0.1601856935482084,0.1749416711850612,-0.06414522985961282,-0.6204781737580326,-0.058302852438854906,-0.8016429435404047,-0.32886878225666594,0.17921286485413995,0.1810737119159855,-0.5940521345634989,-0.5622679691693047,-0.3108059610202001,-0.5399779842833574,-0.8089624047321056,-0.43518642417864956,-0.4285285013184409,-0.43518642417864956,-0.2692030777530161,-0.39453659340772135,-0.39453659340772135,-0.7955647460308877,-0.7955647460308877,0.49364661368594437,0.6259876468922999,0.8403912736074629,0.8361454050919083,0.7508061204501706,-0.3684379374719136,0.7393877629758656,0.7615349077523735,0.7617358511163858,0.7615349077523735,-0.1346449282197471],[0.9982754090766929,0.9964122892676829,0.6654738379888274,0.9990142918535205,1.0,0.9982754090766929,0.9974229162793511,0.9962587725181196,0.9962587725181196,0.9976359684113639,0.9724277112538962,0.9967433345992817,0.9974419875281653,0.9974989485619671,0.9974622955323489,0.5566257676985235,0.4291308879401624,-0.006988557268464504,0.9977742365810339,0.9977730018790695,0.9886143754440796,0.9974256530637424,-0.012682634720691664,0.7734772453410568,0.9934046136655589,0.9934046136655589,0.9933684258987274,0.9917503418242921,0.06996314104172617,-0.13654036326193192,0.9871349054368879,0.9870760399234726,-0.06791553824894439,-0.14876972277447104,0.9978103575943268,0.9977299095966422,0.8374822519065724,-0.44882949504128206,0.9978066192877875,0.9980785965977836,0.5177325445848479,-0.03090163490559097,0.9977619458332101,0.9977651860161382,0.9977619458332101,0.9235661924792206,0.6211769442668253,0.9467941041626112,0.935969729076604,0.8342572693211594,-0.04472724271426561,-0.5827493871455095,-0.1275089151646919,0.9420565931430405,0.20056579014675036,0.9698601674231149,0.9698862010273094,0.9835213143396647,0.9894875265006788,0.9247130443364656,0.9317714760286213,0.933107379593818,0.9287916912961192,0.9316101249418627,0.9319438648263153,0.9316101249418627,0.880589152683697,0.8864100101487465,0.8873638160646724,0.8864100101487465,0.9255065525505616,0.8550659318876395,0.9085032970091002,0.909106365115759,0.9085032970091002,0.7165397766864005,0.6269139019193937,0.7106245380750715,-0.5141197779241486,0.6946691950651546,0.6788105926244972,0.6782277739843355,0.6788105926244972,-0.07113529666974248,0.9069601446058606,0.9299322036887346,0.9171975471008854,0.9314550038759806,0.054327328455426864,0.9055536769440643,0.9063418776506137,0.9055536769440643,0.9099276643729269,0.9099276643729269,-0.13601737068071051,0.6648264744169341,-0.013427288750600105,-0.7585022227993369,-0.6559838039877851,-0.6574422222722112,-0.2104254837759981,0.18336792648771225,-0.20545060041024765,-0.30123262830262837,-0.6787960319334655,-0.40336578394486766,-0.8370857418267263,-0.5861417119034883,0.1516400360680429,0.15335867854705193,-0.6164916983102665,-0.559240779597185,-0.5668579286919336,-0.5742743621938875,-0.7623752388192682,-0.6142717980460852,-0.6172704923558917,-0.6142717980460852,-0.301934339149894,-0.4226597880907846,-0.4226597880907846,-0.7335765757045483,-0.7335765757045483,0.48078615110615597,0.612245032858362,0.8045802129558645,0.8092580912116849,0.7448284347375289,-0.4856140601911883,0.6266741708010258,0.6657217806298754,0.6658724268675299,0.6657217806298754,0.0913663850339628],[1.0,0.9999909944660428,0.7184227753479797,0.9997627418055874,0.9982754090766929,1.0,0.9932586032774436,0.9903140088108041,0.9903140088108041,0.993728213888814,0.9793889004398871,0.9883566124030942,0.9932932121080406,0.9936040841591911,0.9933325127223398,0.6795969991918674,0.5789151611174206,0.21268072471718344,0.993996886760372,0.9939912323750912,0.9860922153933883,0.9932811258223101,0.3538977973397297,0.7806040023706003,0.9843600279318848,0.9843600279318848,0.9843416501023042,0.9807786017606396,0.2953691264123237,-0.1473456455258,0.9888386872670412,0.9888122405997083,0.23094469628430567,-0.238970466909007,0.995083815374829,0.9953612941118264,0.8693624801688011,-0.33586533402473956,0.991442982723374,0.9954599273547294,0.65513928021918,0.19297476589713003,0.9951991364142699,0.9951962845031423,0.9951991364142699,0.9140735328178127,0.662952455115017,0.937872323495038,0.9407804778477425,0.867228335133766,0.38637213243035207,-0.19192825221650334,0.23748580214410786,0.9545845267261335,0.3578944471286962,0.9754292607521015,0.9726748080693669,0.9819416933296369,0.9890610858400651,0.9407303039884934,0.9513906223658776,0.9516876459546832,0.9422394856479568,0.9490742775608723,0.9496434060324905,0.9490742775608723,0.9062944912637326,0.9300598388693204,0.9308546197977666,0.9300598388693204,0.9373913353095291,0.8209975948984548,0.9109860610327793,0.9120492984690927,0.9109860610327793,0.7540638286576006,0.45360597789208856,0.7463866287529474,-0.5118264291972793,0.6526940366167628,0.6609283842690691,0.66112696144201,0.6609283842690691,-0.06208704774056358,0.9252840353223623,0.953946127280888,0.9407229255987307,0.9419731411906598,0.2210909636779971,0.9197600985059223,0.9202039380108156,0.9197600985059223,0.9229934354010965,0.9229934354010965,-0.09723524171633678,0.6062022969359446,0.12652908288351014,-0.7263913383027508,-0.6094886407477944,-0.6136193534541685,-0.1730740903320603,0.16394602175278053,0.18078735184083425,-0.05217337041048148,-0.6104928313865893,-0.053116768673380985,-0.7970506853092092,-0.3221833263697634,0.1877698812052541,0.18957803790207625,-0.5884798439286725,-0.5654789535992535,-0.3106990764471929,-0.5313727901474063,-0.8081495933205142,-0.4347186310679664,-0.4275198556775803,-0.4347186310679664,-0.262105843293103,-0.386510750692791,-0.386510750692791,-0.7964692316324967,-0.7964692316324967,0.5015667026462036,0.6359341769822087,0.8479307169002098,0.8432835482470885,0.7571553879770395,-0.3572331935384942,0.7478036990907938,0.7699729683580905,0.7701823557559295,0.7699729683580905,-0.148917894140318],[0.9932586032774436,0.9867590367207563,0.6958097982698166,0.9942734604407459,0.9974229162793511,0.9932586032774436,1.0,0.9977790663420522,0.9977790663420522,0.9999733568942137,0.967844790459963,0.9997325338633971,0.999996957847669,0.9999886295968482,0.999994183656826,0.7846701251240463,0.7668168861510868,0.1737477043655654,0.9998777169850722,0.9998780315268586,0.9910470305669606,0.999997121848571,0.27379880646331417,0.7774765709303498,0.986882921675848,0.986882921675848,0.988389466224299,0.9925546152530926,0.22907177210347143,-0.20065883601628592,0.991400236951158,0.9915104148048187,0.14012026161505425,-0.2788861428665195,0.999404409683985,0.9995268882072486,0.4976905794825589,-0.28886240976203414,0.9992464273436183,0.9995102847347197,0.7582916793574467,0.15253297427498572,0.9505312858280581,0.999181656602529,0.9505312858280581,0.9307559937977032,0.6290011329306515,0.953122109695797,0.9349520587888136,0.8055264090360753,0.4240181271808932,-0.132851035481271,-0.16931685778856545,0.9397709502999367,0.3182136915768216,0.9701753535765753,0.9678315144232204,0.9814288261939106,0.9952279819452378,0.020173549497932437,0.8988590103926442,0.8605601559553204,0.8999405472380105,0.8560410945524684,0.8228783777648376,0.8560410945524684,0.8485816775645456,0.8285819516227618,0.8187610544777325,0.8285819516227618,0.8961037910007057,0.46501462064822585,0.6521084211886752,0.6987970891929843,0.6521084211886752,0.6859595291173924,-0.319021521167044,0.6675289126016464,-0.585064347476169,0.5862465074474799,-0.04929684200257285,0.5123250098400666,-0.04929684200257285,-0.10813345009638022,0.8750307170753554,0.8985553942319009,0.8849696779757856,0.7980854360767942,0.18044753299865268,0.8728505000791844,0.8737004301284651,0.8728505000791844,0.806369078178738,0.806369078178738,-0.16942544846874924,0.7027383924670388,0.2149441677838914,-0.7349241964785103,-0.6519022981525451,-0.6554987443242861,-0.2186397100695761,0.11267674751210874,0.3017492066959401,-0.08559741629169461,-0.6255783624638582,0.012156932686838854,-0.8287780807085883,-0.2232925543540093,0.1192163940829681,0.12106499824029263,-0.6331152409340992,-0.5777840168822994,-0.1440741278675174,-0.6063476816202766,-0.8265075191102126,-0.42410949889859395,-0.2634379771265222,-0.42410949889859395,-0.32895211339951563,-0.4284192454712492,-0.4284192454712492,-0.8183813338741524,-0.8183813338741524,0.4787157208531356,0.600027355299385,0.5215700992963946,0.8109809267093988,0.743530431828143,-0.41223161635275973,0.08335923415472452,0.7437817663612192,0.7618316335046855,0.7437817663612192,-0.0777960969534559],[0.9903140088108041,0.9823895989536097,0.6896751459621004,0.9917366252303387,0.9962587725181196,0.9903140088108041,0.9977790663420522,1.0,1.0,0.9996305337848996,0.9623981046621831,0.9989720865038376,0.998470594462638,0.9994754584243155,0.9992628197464485,0.7810655222674401,0.7535028902265564,0.15267679757795277,0.9992838825593453,0.9992856714338787,0.9887176575004283,0.9993791582140613,0.24948776300870928,0.7798290650723704,0.9933602801178009,0.9933602801178009,0.986870059804631,0.9905506089789965,0.21233860792585765,-0.21293022189267963,0.9877956207513544,0.991223805502273,0.12232026179512168,-0.2845592717499981,0.9984808161262761,0.9985090508998349,0.48295644309275026,-0.2943929512269276,0.9977732822459777,0.998500923614824,0.754744360513124,0.13114002374370265,0.9443668388339084,0.9983173016107717,0.9443668388339084,0.9290017225492813,0.6153337267118112,0.9537533527401835,0.9340383159963676,0.789890336703106,0.41209778828953797,-0.14657558649547617,-0.18031157261614186,0.9327424309525084,0.2989502628967279,0.96594993684443,0.9634109132479812,0.9770408626315387,0.9941489075541168,0.012144249444761855,0.8916887829020801,0.8491759126670393,0.8943918574603035,0.8456480761356736,0.8131727675263778,0.8456480761356736,0.8401448231795171,0.8151760414585465,0.8082746722151876,0.8151760414585465,0.890656389261816,0.44972447676566324,0.6364163281871539,0.6855910436520506,0.6364163281871539,0.6778968590420726,-0.3315557801055656,0.6579470392711181,-0.5903852729952777,0.581444863196529,-0.06834873016436599,0.49967290510929374,-0.06834873016436599,-0.11328957780466588,0.868777903384199,0.8901064656107182,0.8771050329925767,0.7860330489804596,0.1632165622794598,0.867191893362774,0.8681900081063857,0.867191893362774,0.7939541177421989,0.7939541177421989,-0.18209269972929923,0.7214523933048974,0.22070192407009503,-0.7433685612268126,-0.6627038188106824,-0.6661399585014189,-0.2319545185395474,0.10657607702062177,0.2946980264660365,-0.10372102150837291,-0.6368180026754582,0.003063154173673716,-0.8331863681538333,-0.22965285245413847,0.10596828284726512,0.1078435032309734,-0.6429192461017819,-0.5782702843001599,-0.15073253401967113,-0.6201711737205999,-0.8251239889952349,-0.4344712265499623,-0.2694206887897881,-0.4344712265499623,-0.34397455925604936,-0.440274267230175,-0.440274267230175,-0.8155457921719675,-0.8155457921719675,0.4644700242203075,0.585203532808899,0.5046075666539441,0.7948227844126714,0.7323473214540248,-0.43126051802162835,0.07079996764964037,0.725952997205311,0.7469392534229613,0.725952997205311,-0.061384070529037445],[0.9903140088108041,0.9823895989536097,0.6896751459621004,0.9917366252303387,0.9962587725181196,0.9903140088108041,0.9977790663420522,1.0,1.0,0.9996305337848996,0.9623981046621831,0.9989720865038376,0.998470594462638,0.9994754584243155,0.9992628197464485,0.7810655222674401,0.7535028902265564,0.15267679757795277,0.9992838825593453,0.9992856714338787,0.9887176575004283,0.9993791582140613,0.24948776300870928,0.7798290650723704,0.9933602801178009,0.9933602801178009,0.986870059804631,0.9905506089789965,0.21233860792585765,-0.21293022189267963,0.9877956207513544,0.991223805502273,0.12232026179512168,-0.2845592717499981,0.9984808161262761,0.9985090508998349,0.48295644309275026,-0.2943929512269276,0.9977732822459777,0.998500923614824,0.754744360513124,0.13114002374370265,0.9443668388339084,0.9983173016107717,0.9443668388339084,0.9290017225492813,0.6153337267118112,0.9537533527401835,0.9340383159963676,0.789890336703106,0.41209778828953797,-0.14657558649547617,-0.18031157261614186,0.9327424309525084,0.2989502628967279,0.96594993684443,0.9634109132479812,0.9770408626315387,0.9941489075541168,0.012144249444761855,0.8916887829020801,0.8491759126670393,0.8943918574603035,0.8456480761356736,0.8131727675263778,0.8456480761356736,0.8401448231795171,0.8151760414585465,0.8082746722151876,0.8151760414585465,0.890656389261816,0.44972447676566324,0.6364163281871539,0.6855910436520506,0.6364163281871539,0.6778968590420726,-0.3315557801055656,0.6579470392711181,-0.5903852729952777,0.581444863196529,-0.06834873016436599,0.49967290510929374,-0.06834873016436599,-0.11328957780466588,0.868777903384199,0.8901064656107182,0.8771050329925767,0.7860330489804596,0.1632165622794598,0.867191893362774,0.8681900081063857,0.867191893362774,0.7939541177421989,0.7939541177421989,-0.18209269972929923,0.7214523933048974,0.22070192407009503,-0.7433685612268126,-0.6627038188106824,-0.6661399585014189,-0.2319545185395474,0.10657607702062177,0.2946980264660365,-0.10372102150837291,-0.6368180026754582,0.003063154173673716,-0.8331863681538333,-0.22965285245413847,0.10596828284726512,0.1078435032309734,-0.6429192461017819,-0.5782702843001599,-0.15073253401967113,-0.6201711737205999,-0.8251239889952349,-0.4344712265499623,-0.2694206887897881,-0.4344712265499623,-0.34397455925604936,-0.440274267230175,-0.440274267230175,-0.8155457921719675,-0.8155457921719675,0.4644700242203075,0.585203532808899,0.5046075666539441,0.7948227844126714,0.7323473214540248,-0.43126051802162835,0.07079996764964037,0.725952997205311,0.7469392534229613,0.725952997205311,-0.061384070529037445],[0.993728213888814,0.9866905374226907,0.6560389194346781,0.9949343926898101,0.9976359684113639,0.993728213888814,0.9999733568942137,0.9996305337848996,0.9996305337848996,1.0,0.9669964045300251,0.9997007724761162,0.9999746543065869,0.9999739335078379,0.9999773989288459,0.6099679320760941,0.4862818333614371,0.05244010154465102,0.9998382057515244,0.9998390820408798,0.9909847398469841,0.9999719737617083,0.04493195281347825,0.761516834457924,0.9957133048638209,0.9957133048638209,0.9956759707055622,0.9925010615931348,0.05844108867131994,-0.1449388471975664,0.9909155089411065,0.9908807905547422,-0.045511357861887584,-0.24221135849438494,0.9994662707981173,0.999425337925082,0.8394253666202083,-0.45108212367068556,0.9991945576009242,0.9994830506289598,0.5731244981121107,0.02861816153928418,0.9993501959757669,0.9993552060100815,0.9993501959757669,0.9304749420062537,0.629354680422986,0.9529024519589887,0.9345778742947191,0.8051803456837109,0.047760070905746126,-0.5403873512217872,-0.08966151950442178,0.9367000338061703,0.26348146604512895,0.9680823010730073,0.967803360291391,0.9837764202478261,0.9945132087900125,0.9018261891459157,0.899643552905356,0.9113329529571749,0.9010080492291396,0.9097604601960717,0.9102625499753431,0.9097604601960717,0.8485485606765186,0.8688151355411955,0.8699033295270632,0.8688151355411955,0.8974478786026722,0.8222928055076585,0.8832010726908139,0.8841340427027763,0.8832010726908139,0.6862976412943614,0.5636667846903047,0.6674467648993302,-0.5753030651649236,0.6348481422394375,0.6084071406691612,0.6084071581184826,0.6084071406691612,-0.057998374437853745,0.8760049250916296,0.8986960356141203,0.8856123224340596,0.9092575986960797,0.09399038369081664,0.8777828310197069,0.8792597642369682,0.8777828310197069,0.882321919006702,0.882321919006702,-0.17086134578523943,0.7032699698794491,0.014980148985773052,-0.7459376253024068,-0.6825821931502298,-0.6841420847527151,-0.22200590921338093,0.1167790887457264,-0.2091038829312438,-0.26638498213659484,-0.6607738076285881,-0.4286827893441201,-0.8584707952607822,-0.6183080624703214,0.11853374021104769,0.12070407247307402,-0.6344231730975405,-0.5739501317724597,-0.5769555938410491,-0.6076785770717421,-0.7900396734406621,-0.6369028713119447,-0.6393818997586619,-0.6369028713119447,-0.3307241736393918,-0.431417985099187,-0.431417985099187,-0.7712515789619835,-0.7712515789619835,0.4776855018863146,0.5982035214010952,0.8153450673189682,0.81817070061678,0.741525575942057,-0.4380318780221444,0.6543535296379865,0.6904048126511184,0.6905887475048424,0.6904048126511184,0.1582108413888243],[0.9793889004398871,0.9771800699664649,0.6307536159002657,0.9778578168569215,0.9724277112538962,0.9793889004398871,0.967844790459963,0.9623981046621831,0.9623981046621831,0.9669964045300251,1.0,0.9568691229256949,0.9678654074420661,0.9677381969119754,0.9676377131757368,0.35389371510649004,0.23015795628716298,-0.18269808683458832,0.9714421876011391,0.971424690355813,0.9679549444468708,0.9679474751235978,-0.0515121437158805,0.798761962540572,0.9690634767815469,0.9690634767815469,0.9692063119213241,0.9242803728308864,0.14629934863630964,-0.13258871996236155,0.9728830658690792,0.9729770918500565,0.09289292847665287,-0.028920588234613263,0.974368201006105,0.9745686882055806,0.9048677241796474,-0.31875698432279775,0.9634434435908295,0.9737212607356573,0.31048399360037354,-0.20198443585580633,0.9752740062097421,0.9752472048118948,0.9752740062097421,0.8560858573926253,0.44456203305322173,0.8799218348836367,0.926814505543553,0.890014621509669,-0.44570525088574936,-0.6619479229398162,-0.1538818213314256,0.9096277958118778,-0.04798489327368767,0.9328026027831982,0.9328572396372001,0.9479520414891726,0.9710299452978228,0.9043539482062438,0.9078198665836718,0.9138675881721385,0.9070328153309408,0.9079816989518242,0.9084245561633792,0.9079816989518242,0.8707257961715602,0.8447791033548541,0.8458153315937929,0.8447791033548541,0.9036462971501523,0.9153285516299295,0.9019209566526617,0.9023263286131137,0.9019209566526617,0.7574349065240938,0.704577467764503,0.7582909175000344,-0.21722932439716644,0.7680612598159613,0.7814209444116337,0.7833649287895119,0.7814209444116337,-0.20262862252803265,0.9021133367340216,0.9468572262060406,0.9142886108770223,0.9148981267659138,-0.06750341740220017,0.8970101452641956,0.8976812507961134,0.8970101452641956,0.9030241093451492,0.9030241093451492,0.026700832214992757,0.4531673521674419,-0.15727438778053854,-0.6944225820151142,-0.4619257714994869,-0.4647173853260953,-0.10389174057600321,0.44347743314967875,-0.01077837464373664,-0.24011954022672002,-0.5944110724203108,-0.14034944444507952,-0.7830410992154619,-0.30512477719237324,0.31031000710065393,0.3107174172533143,-0.4317935916526253,-0.42968152359147055,-0.40154737642373073,-0.41386777426153093,-0.6486694683279856,-0.42015071083799954,-0.42270390104265243,-0.42015071083799954,-0.1676854343115108,-0.4740706570853134,-0.4740706570853134,-0.5420615543219105,-0.5420615543219105,0.5987362347401574,0.6533433585570504,0.7594612416943405,0.7258120129155726,0.811848703214692,-0.5209861509195732,0.4456614468064618,0.5415498340149203,0.5418878214288748,0.5415498340149203,-0.09580552658615042],[0.9883566124030942,0.9874123826273741,0.9945411368358091,0.9909600751078868,0.9967433345992817,0.9883566124030942,0.9997325338633971,0.9989720865038376,0.9989720865038376,0.9997007724761162,0.9568691229256949,1.0,0.999731211573077,0.9997272304917291,0.9997063686460952,0.07688299527189477,-0.02831300180794896,-0.5523946841787286,0.9998348556316358,0.9998364029304704,0.9997352187183612,0.9997343172948318,-0.29667810064118544,0.9747148772165771,0.9951356988855207,0.9951356988855207,0.9951152578146767,0.9938352710626638,0.06275791873500103,0.055906185672421435,0.9929634894238626,0.9930100358385522,0.7346818858978204,-0.06349264830199895,0.9992229910233097,0.9991896918487629,0.9990791926938681,0.9994977646839925,0.9995293856501112,0.9992512333068987,0.02043257536569376,-0.5594844783680337,0.9990422493434128,0.9990479379771895,0.9990422493434128,0.9258817161923515,0.4807670874260897,0.9490767532372613,0.9309683471172385,0.8049351887471694,-0.31718565512543095,-0.570776410518136,0.8473028585061928,0.8754049510984978,-0.3415921946464119,0.943791868371306,0.9439698388815285,0.9745337532409423,0.9940732643332697,0.9171572653148234,0.921750800725294,0.9011314839349852,0.9064065425951067,0.9050046215641749,0.905416201479207,0.9050046215641749,0.8188260768622657,0.7887219837469274,0.7900086989684005,0.7887219837469274,0.9232376698302824,0.9279892642303716,0.922233332963923,0.9230063159375556,0.922233332963923,0.624996053918679,0.5784460624559913,0.6534605218140083,0.7183029072660201,0.6342171147687236,0.6585793141916814,0.6606188246227761,0.6585793141916814,-0.21911960332588892,0.8750199428618762,0.8999688203811279,0.8910876037617637,0.9229109364932588,-0.35719739698982367,0.8713921399548523,0.8715600897195191,0.8713921399548523,0.8782941825407276,0.8782941825407276,-0.22108226940825906,0.6978220564448124,-0.4002362516831595,-0.8249140497354633,-0.5436354403882105,-0.5469188115252825,-0.44583475616637236,0.25548734476507856,-0.3125235762070239,-0.5577278017216564,-0.7862898952002556,-0.41820630100978834,-0.5820028327707528,-0.49446698532853045,0.11161403822095281,0.1099741860375737,-0.5608270476063268,-0.5359521857429439,-0.557422099977293,-0.5935293306982088,-0.586413142125197,-0.5607305754262427,-0.5639839476352005,-0.5607305754262427,-0.4553796178196175,-0.6436923253833609,-0.6436923253833609,-0.630749168222338,-0.630749168222338,0.4733846189064432,0.35853495993621354,0.5000590969160749,0.621446906296201,0.5424879816003744,-0.5719628217499807,0.3637016713486817,0.30328753329163305,0.303532445351167,0.30328753329163305,0.2868035905077587],[0.9932932121080406,0.986805355048711,0.695854685195093,0.9942995872285507,0.9974419875281653,0.9932932121080406,0.999996957847669,0.998470594462638,0.998470594462638,0.9999746543065869,0.9678654074420661,0.999731211573077,1.0,0.9999917573270485,0.9999956345537926,0.7846173235289504,0.7514298250170363,0.17375629064889944,0.9998787090446338,0.9998789856751749,0.9910716905554444,0.9999976506054057,0.2740589638076428,0.7775692497008199,0.9916743420643875,0.9916743420643875,0.9883887449338248,0.9925821876276073,0.22930290852327925,-0.20059863261730743,0.991452500264902,0.9915125536132764,0.14031468379506432,-0.27885730054253527,0.9994047743136739,0.9995284166097153,0.49768796225392165,-0.2886552239472726,0.999247909200841,0.9995162376473692,0.7582225025079365,0.15254770067239454,0.9505229718057876,0.9991825359814672,0.9505229718057876,0.930754236678796,0.6291135692387366,0.953230397223035,0.9350701562189323,0.8056390880506212,0.42435741065467075,-0.13245667564342165,-0.168974620254633,0.9398290861790175,0.31824968908694207,0.9702423074728217,0.9678685736471898,0.9814958005131724,0.9952331342352146,0.020359744034754493,0.8989965101170285,0.8606541287299453,0.9000583810019908,0.8561344681676303,0.822842813342306,0.8561344681676303,0.8486967589672687,0.8286544861011126,0.8187292995008708,0.8286544861011126,0.8962430802462898,0.46493139504435765,0.6521269957599102,0.6987337677910759,0.6521269957599102,0.6860002384147385,-0.31902118888513514,0.66759635240396,-0.5849392615086914,0.5862112622404144,-0.0493960685733732,0.5123735467564164,-0.0493960685733732,-0.10823714752117512,0.8751362107312192,0.898697860255259,0.88508588059097,0.7980844664122185,0.18047110276106906,0.8729533486286534,0.873796707624464,0.8729533486286534,0.8064451575357118,0.8064451575357118,-0.16936194293974074,0.7026859450007176,0.21503101930286556,-0.7349806383509647,-0.6518229575619339,-0.6554241444005058,-0.21872539421563042,0.11258199557325498,0.30188342668145635,-0.08561559652728597,-0.6256574965927703,0.01237617544627002,-0.8285351367570352,-0.22304456553421462,0.11930126713792004,0.12116222158499872,-0.6330884887272693,-0.5775635407402666,-0.14386952931973193,-0.6062896267971675,-0.826392047338548,-0.42391938740227086,-0.2632682003508084,-0.42391938740227086,-0.32880746621190077,-0.4284000407097969,-0.4284000407097969,-0.8183117178800294,-0.8183117178800294,0.47918645519093345,0.600122554733558,0.5217819825988357,0.8111915182071106,0.7435564125030235,-0.412048174456778,0.08361692289959309,0.7439879048244342,0.7619175191823212,0.7439879048244342,-0.07780957714761097],[0.9936040841591911,0.9867150268329024,0.6928579386376574,0.9948680918721016,0.9974989485619671,0.9936040841591911,0.9999886295968482,0.9994754584243155,0.9994754584243155,0.9999739335078379,0.9677381969119754,0.9997272304917291,0.9999917573270485,1.0,0.9999895108062419,0.6918952623039891,0.5870569288816726,0.17702985867876692,0.9999003158355263,0.9999009732719731,0.991036778412537,0.9999893523223132,0.27368402780482715,0.7737626769466018,0.9944617996261617,0.9944617996261617,0.9944320048483786,0.9925948760774342,0.22190559079400984,-0.20168751921649514,0.9919197862337712,0.9919268033143822,0.16187173320476797,-0.278041499474038,0.9995722619618813,0.9995259835761368,0.8689415901567824,-0.37321675692830125,0.9992411281668439,0.9995179133368025,0.6635707086218176,0.15584913832688527,0.9994782556919827,0.9994827093167732,0.9994782556919827,0.9301984278507958,0.6285499261065776,0.9527060781874984,0.9343786303812021,0.8040443390510016,0.3068093206667403,-0.2988352572682684,0.1410515567737313,0.9394844141022138,0.3188805652887365,0.9679069188383526,0.9677783361156419,0.9802431588618007,0.9954586785625488,0.9067132192469984,0.8977970712969183,0.9159298539432387,0.8995882357275328,0.9146922596578214,0.9154012596555204,0.9146922596578214,0.8473477238742338,0.8855275347765129,0.8866433606959577,0.8855275347765129,0.8956158019835943,0.8048312167787011,0.8857793093500691,0.8870784316372025,0.8857793093500691,0.6842391927844826,0.5516742662665137,0.6648275409825595,-0.5838274147247203,0.583275069570975,0.579594157572848,0.5804729706228712,0.579594157572848,-0.11209299422716107,0.874557765085647,0.8979328524172194,0.8841866784606506,0.9126502068484991,0.18306776298632063,0.8725122388983854,0.8735601648081989,0.8725122388983854,0.8806418843962351,0.8806418843962351,-0.1695817840561091,0.7019661860556637,0.11516387411386719,-0.7331195845294113,-0.6509540846303967,-0.6542229181760612,-0.21779229127173377,0.11161692490279321,0.07393942777529253,-0.08259315815427744,-0.623161495475588,-0.17588705576420177,-0.8378883767505544,-0.43687377749494866,0.11775006782513676,0.1199515977524672,-0.6327573581527853,-0.5772044663237035,-0.4290265980161798,-0.6057896827030946,-0.8188499677324627,-0.5367211957546498,-0.5330041757817179,-0.5367211957546498,-0.3276951601389543,-0.4275079889510595,-0.4275079889510595,-0.8096752148608137,-0.8096752148608137,0.47353247180407465,0.599201325729407,0.8193388931135882,0.8142527155915477,0.7433433433678897,-0.4112549883007533,0.7055632634303376,0.7307362065460036,0.7308355491213264,0.7307362065460036,-0.04614350984791083],[0.9933325127223398,0.9866724676993847,0.6959446516346648,0.9943180949686098,0.9974622955323489,0.9933325127223398,0.999994183656826,0.9992628197464485,0.9992628197464485,0.9999773989288459,0.9676377131757368,0.9997063686460952,0.9999956345537926,0.9999895108062419,1.0,0.7719717431467562,0.6880476096959537,0.17391622565841927,0.9998816845039863,0.999881845603974,0.9911894490141244,0.9999955603334739,0.27471792297258896,0.7774058094667144,0.9946186239074606,0.9946186239074606,0.9945370770573182,0.9925063592523306,0.2295849884568328,-0.20061951963292574,0.9923862833667955,0.9924319142075764,0.14102979667438606,-0.27869456968251494,0.9994473585674161,0.9995283108402396,0.496795142338491,-0.2879888172467219,0.9992138804503391,0.9995184997408973,0.7548607173446283,0.1527271891548437,0.9501296063334479,0.9992297072233715,0.9501296063334479,0.9309509966812198,0.6297130577934236,0.9533024737841388,0.935106626751315,0.8054044166147454,0.4255984308686418,-0.13106439521752675,-0.16921064533847158,0.940117402590264,0.31851386606860227,0.9705951960986596,0.968129350660588,0.9817249678909786,0.9952777512738344,0.019403861775433396,0.8992037300934973,0.8605493516784651,0.9002312020363745,0.8560565836488913,0.8224284777872186,0.8560565836488913,0.8488544022882659,0.8285543728494941,0.8190020781841777,0.8285543728494941,0.8964869717259376,0.4643031450551906,0.6516755118877844,0.6987096841455634,0.6516755118877844,0.6858781746144933,-0.32010462201256723,0.6675519614308594,-0.5851571638376806,0.5858939184790949,-0.05031571169660674,0.5120480508299917,-0.05031571169660674,-0.10821843773792388,0.8752318701767049,0.8985029761205258,0.8852019617070223,0.7917818306440887,0.18084637550046898,0.8730037899733846,0.8738424458421883,0.8730037899733846,0.8062534755471856,0.8062534755471856,-0.17056407735356502,0.7034175076753114,0.21550325367635695,-0.7349348237995948,-0.6521446184336,-0.655749358732024,-0.21968290521733191,0.11152978306657241,0.30221674545604793,-0.0859400338048129,-0.6257920848088421,0.012491441083839054,-0.8278633143903475,-0.2228676275831361,0.11845718600758338,0.12031819944181514,-0.6336104231082749,-0.5777469521340799,-0.14332470296596597,-0.6072678331782412,-0.8264409042690947,-0.4238540351902639,-0.26275020286679146,-0.4238540351902639,-0.3295875075868192,-0.4287826778351777,-0.4287826778351777,-0.8186570363922036,-0.8186570363922036,0.4792891816491805,0.5998253009869046,0.5213534104914233,0.8115963175495302,0.7430742359051611,-0.4116561495097884,0.08301972893730784,0.744399344471514,0.7625193168435906,0.744399344471514,-0.07757868929771392],[0.6795969991918674,-0.04207415166340638,0.35256010191536974,0.6785859719223434,0.5566257676985235,0.6795969991918674,0.7846701251240463,0.7810655222674401,0.7810655222674401,0.6099679320760941,0.35389371510649004,0.07688299527189477,0.7846173235289504,0.6918952623039891,0.7719717431467562,1.0,0.9910994513045437,0.4312379864355701,0.7460688461971806,0.7460320837942455,0.6559652285989523,0.7704066583348333,0.33687191007646855,0.3175407932850285,0.7608181155063523,0.7608181155063523,0.7447823675971191,-0.3236664081628135,0.1946401570756437,-0.15547921375543455,0.8176549033920671,0.8139700502187538,0.1626064828582797,-0.20605318475284531,0.7790035756903283,0.6402973202560505,0.23692158655358989,-0.31694712094621635,0.09112862134056757,0.6005014854249201,0.9982916418614166,0.41454043947727925,0.7035143805219152,0.7785295787047044,0.7035143805219152,0.03079231025060054,0.49843263228763873,-0.3819777151682933,-0.4053635495946431,-0.08518875191514355,0.3881888292930369,-0.052808619963649495,-0.21189012538312768,0.6276679005873177,0.39596927909814345,0.7819979684430223,0.6296435058051416,0.7354162302292778,0.7600706415697425,-0.10987333558244075,0.005214097624063585,0.5039193613511169,0.3398685782496346,0.493195614845