var element=document.getElementById("correlationAdjClose");if(element.style.display!='none'){var correlationAdjClose={"data":[{"type":"heatmap","z":[[1.0,0.9999936540026091,0.9854710094857456,0.9999273051644175,0.9991116169867356,0.9852732430878957,0.9979038680965036,0.9960891546948754,0.9692969753889044,0.9964135524906236,0.994554010743147,0.9941442519577959,0.996207059251734,0.9962410976037893,0.9961345865995738,0.9976586819240001,0.997906767402424,0.9984020668357307,0.996726428688778,0.9967360559245503,0.9967898103935858,0.9961635060186091,0.9873035366315516,0.9713481861751595,0.9899228711851616,0.9565735184365413,0.9889274750330822,0.9879358735500655,0.9679959803393493,0.9522971719914829,0.9929326906171347,0.994115002599271,0.9924185714383198,0.9772717297683348,0.9978075847891289,0.9980334439653851,0.9975720138994528,0.9962613241297301,0.9959085118056958,0.9979257945531644,0.9987818737350554,0.9988291307285369,0.9977670428898752,0.9977750787379461,0.9767719253972126,0.9146997736549367,0.9496526143865763,0.9236304436982717,0.9248701299903656,0.9035091412723539,0.963356933605097,0.9481867105399855,0.965066038139211,0.9659227545518148,0.9557073647676375,0.9844131520391058,0.9815701447442582,0.9905121427426828,0.9944820345876582,0.9868285279182301,0.9826287429647436,0.9883020900704171,0.9864876725031175,0.9888543248930822,0.9886718464946942,0.964668735014456,0.9747665659551079,0.9759093704563484,0.9755890041621292,0.9532198377803573,0.9806936899124057,0.9778870217757857,0.985075671412546,0.9843620815036476,0.9428234952006617,0.8881758637430235,0.8552551382950154,0.9041897782598515,0.9216513815070311,0.9188947670870594,0.9195665473811351,0.9182340493865225,0.6937269582955565,-0.560111478687532,0.981040001943763,0.9764417294604245,0.9731448215301589,0.9875408412169233,0.9749876061159619,0.9847461707371828,0.9847247124000562,0.9499630002153321,0.9848748154091118,0.9529517974040609,0.7700428194524362,0.9058191327762012,0.9283450810622554,0.7994734293008458,0.9507933651451952,0.9515796116104267,0.9000887531935774,0.9651479487253742,0.8959924185361484,0.603199986021615,0.7216057458193167,0.9029270061306146,0.8706476095612434,0.8940384146113681,0.9741181077431192,0.9742929541815128,0.7827700520981574,0.7364344863537127,0.8251201084922221,0.41820946562313155,0.8027792676213268,0.8293892555660289,0.8246053073749313,0.8160453240209186,0.7794048608393147,0.7512649471826919,0.7340632287703834,-0.2728855513062426,-0.4121975986774269,0.6615314558377333,0.8923528725106483,0.9353182515796399,0.9427511115873952,0.9085780061373272,0.8261428780123521,0.9101136975809319,0.9287396423379475,0.9285570362692384,0.8628013591542094,-0.17001242494261493],[0.9999936540026091,1.0,0.987879988515411,0.9998301913570817,0.9982407810228922,0.99004745386287,0.9946012015721098,0.9916601586073465,0.9846516335907759,0.9916777971359191,0.991687091250272,0.9934510021063425,0.9918135398116644,0.9916783496002476,0.9917405474201771,0.9939817585718712,0.9966102117782188,0.9962467253056999,0.9941839197677513,0.9941779149827702,0.9917341160053973,0.9917717641453357,0.9916596516099105,0.9733795950530889,0.9885283525876334,0.9817175219612164,0.9884176870854192,0.9878617347658059,0.9805167087098158,0.9328008861125512,0.9889724041174134,0.9865419131535136,0.9800661012175216,0.9313641987417852,0.9956876474653926,0.995583161048622,0.9958157320234199,0.9922360505760168,0.995303807331523,0.9958205738437998,0.9971171349358902,0.997255790949482,0.9958016401400482,0.9958007597128029,0.9896363430358958,0.914414514001052,0.8877537293002303,0.9233032093522924,0.9247649093642379,0.9034850576143161,0.8777964723419716,0.9225578725189981,0.8805277123383319,0.909663015671888,0.877357523004432,0.9544427641395783,0.9543542126238551,0.9680689019412306,0.9844442398719875,0.9819887735628693,0.9844253907644843,0.9800584322988107,0.9802233109654582,0.9819207323723519,0.9818526952672758,0.9507045694290678,0.9612256810084099,0.9380386488734482,0.9379646526842557,0.8687169521117312,0.9785891128817442,0.9801886616336638,0.9803762622219749,0.9799768615326047,0.9513850066967376,0.7591216416280263,0.7147704588572698,0.8255084950598537,0.891507034739781,0.842604595622768,0.8675924204947525,0.8662909652715183,0.7162898862940577,-0.22253302662171032,0.9695458716627301,0.973864958955358,0.9693586917679642,0.9825905978767651,0.9673038331090632,0.9727094918446509,0.9720924922700831,0.9299539025548207,0.9746525760726827,0.9333030092232553,0.6834027156016235,0.9052255099084536,0.9030615656002535,0.4812107925660859,0.8223544840155277,0.8271636776641215,0.7370159006311615,0.9662402241360163,0.7097027734567539,-0.28896766453168554,0.21119858797187036,0.7370879230629394,0.6854950301482525,0.7295286509625859,0.9677783351065822,0.9677331417489936,0.1262329525839091,0.29773809185583666,0.13250544797001257,0.10470971912265918,0.12624080855678474,0.14107366012689465,0.13795133646903468,0.05937324939288536,0.4932188030168539,0.22409870730708015,0.1733071724240866,-0.4411833121772497,-0.4854379835495228,0.6618092467210775,0.7500572472970695,0.7742757650892095,0.8348557287354957,0.8190942377517231,0.5669947281181773,0.7508137742089329,0.7687670504741997,0.7671572196800676,0.41861784473627905,0.20540820062395262],[0.9854710094857456,0.987879988515411,1.0,0.9868908680704978,0.9931122239133154,0.9914791290810224,0.989976264288704,0.9906175217552298,0.9906185604699207,0.993343325009505,0.9973490279563068,0.9964871454220573,0.9904861845807978,0.9927231210818578,0.9906759780949119,0.9900930280327541,0.9908600671353971,0.9902102955967728,0.989328759325547,0.989297930952892,0.9922032552525731,0.9905016249164378,0.9946558712993272,0.9835431545439985,0.9912630871968847,0.9805107004717571,0.99181073259227,0.9868443685704843,0.985892405298482,0.9582334382850068,0.9698407397326946,0.9739938634832565,0.976428262587854,0.9529112616336095,0.9872638910284568,0.9903520031934927,0.98872687764574,0.992305514701859,0.994774419494719,0.9911384254458487,0.9851322000235785,0.9879190388082538,0.9876000546321382,0.9869714946486138,0.9919896611337453,0.9096933845497852,0.9325110966206702,0.9375080027749054,0.9179221393948086,0.8576203821428983,0.9213003837457018,0.903065798512041,0.9239105332079409,0.9267449066907718,0.9118986820244909,0.9495073675223669,0.9579138257440047,0.9666450051235587,0.9779586781538838,0.9387741504707389,0.96357576052354,0.9622133284675302,0.9691759865235409,0.9624769339145298,0.9368889780625302,0.9204647198752183,0.9443454972050723,0.9343749608266632,0.9157557231629269,0.8914326171019147,0.9695863544410173,0.9477730497308501,0.9620463910572544,0.9409587282183517,0.8215829804767419,0.8431605528878132,0.7612839839214496,0.8619665682334233,0.8907834766873595,0.8920772314919754,0.859154909641459,0.8735695514147311,0.39247779355742723,-0.5503861253051497,0.9592181807149616,0.9455968998201525,0.945260562929918,0.938851854070343,0.9536186696092954,0.9618563443518978,0.9614188730096322,0.9323427771933641,0.957024093121515,0.8747237399367513,0.7523717191927816,0.9500287907188218,0.9494581307697543,0.775135120287119,0.9371440763825758,0.9388802446513489,0.8724554963029472,0.9800917949087026,0.7762029356726463,0.5070077212350106,0.6638677033699144,0.797089134175578,0.7968584222556832,0.7782677382264345,0.9826094974000408,0.9826551323126953,0.7101553688206621,0.6807919768067981,0.7108867971445102,0.3627981529342013,0.7016591423118573,0.7134347256470551,0.7268724329493951,0.7118285850116536,0.7399047131459873,0.6838662606672018,0.6654497343488898,-0.33633066650976245,-0.4752803911652824,0.6256420315878933,0.8524312442071199,0.8824051303401806,0.887567343626124,0.8795926515505067,0.7572677366302547,0.8593905681898005,0.8713411607058822,0.8788134492316135,0.7336762002565397,-0.0919523256456216],[0.9999273051644175,0.9998301913570817,0.9868908680704978,1.0,0.9993611513474064,0.9864352846897753,0.9981554043896198,0.9965257424562173,0.9715883045487632,0.9968896575008402,0.9952625485551982,0.9950788904157555,0.996625450269409,0.9967484116937211,0.996570571687892,0.997939806750247,0.9982480277669565,0.9986676181614288,0.9971086699432711,0.9971156661217501,0.9971944036369275,0.9965864276008926,0.9885252784330885,0.9727922282829397,0.9909058354910332,0.9592464206564615,0.9900190174302624,0.989461437301004,0.9700385200585324,0.953532416198487,0.9922493892169144,0.9936262924263695,0.9923442652640775,0.9768222273643921,0.9978969856773029,0.9982338563380871,0.9978061399567434,0.9967339608802699,0.9963764416709578,0.9981582211652343,0.9986809348571863,0.9989105392828985,0.9978519949726742,0.9978569591969911,0.9786449586026158,0.9106767126145735,0.9474611118173356,0.9242001311541194,0.9233825110421056,0.8965129028972892,0.9603687248557169,0.9448368505102734,0.9619845228148891,0.9633654440714347,0.9528349357264116,0.9822818691518294,0.9800085317135626,0.989637806186719,0.9942899709998649,0.9854040769555461,0.9815670813231754,0.987061076548889,0.9859107693249509,0.9875340374363368,0.9873427111003643,0.9545681302817435,0.9735479795270708,0.9744217872801563,0.9740970198395631,0.9480374598351685,0.9802719662860403,0.9750452599041837,0.9836497879058711,0.9828986832241815,0.9219120336870206,0.8866656270460186,0.8513892531493069,0.9024866068975641,0.9188326286812709,0.9184099038273019,0.9171330266835342,0.9158428730041739,0.6009417720871866,-0.5596321230089919,0.9802351997674195,0.9752500063429244,0.9717438678267002,0.9861185801660982,0.9742597088897036,0.9839951595329373,0.9839659077752787,0.9495973527826505,0.9834540915842461,0.9376128319021756,0.7741244904425998,0.9114117768648542,0.9324503504147814,0.8012281972702894,0.9521091189542824,0.9529238368253814,0.8995689120984467,0.9664052981526221,0.8897636926700586,0.5994047846128469,0.7197617812358161,0.8973426965057609,0.8669083105230165,0.8881802769969686,0.9749608083058091,0.9751424321601565,0.7814913829005129,0.7365835427836473,0.8170732358039262,0.42006154762727604,0.7968928193922596,0.8210639545922762,0.8162062174131406,0.8105399164188224,0.781681225506718,0.7510337199726236,0.7339167967439437,-0.2682921381500126,-0.4114721940015684,0.6606609687964027,0.8902890428300357,0.9332948624414753,0.9407995865141238,0.9071533899110507,0.8232025532357575,0.9079597404813777,0.9263186537149328,0.9262888632024571,0.8553456568908135,-0.16279160340203025],[0.9991116169867356,0.9982407810228922,0.9931122239133154,0.9993611513474064,1.0,0.9893433554155275,0.9991071241884698,0.9985404418250959,0.9840056388588346,0.9985405516070031,0.9981346514208923,0.9981801845821412,0.9985703236507982,0.9985727413764988,0.9985726503930503,0.9990740370571909,0.9986996003149843,0.9993043140380719,0.9988969389272103,0.9988950103635099,0.9986313237128047,0.998560919670229,0.9944534372696933,0.9804250698097359,0.9949279829566484,0.9767175442270981,0.9948943997266597,0.9921447726475607,0.982931110900778,0.956864725275276,0.989184036531232,0.9918750857437043,0.9895104785758072,0.968635019005157,0.9989512236566012,0.9990019531603364,0.999017697028362,0.9986493885357369,0.9986823421059137,0.9989933186522693,0.9989792673825613,0.9992035222773987,0.998952697655774,0.9989502905027542,0.988353163753015,0.9207312079819371,0.9466142088263646,0.9358522691798032,0.9277171321766633,0.8919624112875352,0.9465640035821882,0.9385801319970414,0.9508379553916794,0.9565826382152262,0.945416183485465,0.9793386200520785,0.9792598141044592,0.9894736459724863,0.9941159196855344,0.9822509507478151,0.9762881084361483,0.9828555957419938,0.9822477872759373,0.9832047787713591,0.9829891095749047,0.9555545775262586,0.9652067932406355,0.9600076899177084,0.9596152420364724,0.9223229766043383,0.9776818317618414,0.974085687791994,0.9799102302246937,0.9791070145004989,0.9404769270501641,0.8664819857596429,0.8283478405899279,0.8876921544820353,0.9235111841631203,0.9078035155345715,0.9150047526618488,0.913881885937431,0.749259710987693,-0.5726670623542198,0.9742325980509405,0.9655353167808058,0.9628504776870285,0.9831771062540674,0.9651427151331893,0.977738325385174,0.9773754411262338,0.9413362320522711,0.9793213290050988,0.9441349416208212,0.7635237875918223,0.9266291535893412,0.9524650333638492,0.7637574448827972,0.9392666827875803,0.940767652003634,0.8936496535999212,0.9714544309468125,0.8876113176805559,0.44017277145346423,0.6605677824587965,0.8934019753320043,0.8417290459253957,0.8887235025896446,0.9785126492365253,0.9786522784854843,0.7455622992472194,0.7199136457200787,0.7494516488683131,0.3979290645430664,0.6997205640600139,0.7544564976538161,0.7497964568830787,0.7129298042284946,0.7682026470403663,0.7358632952201658,0.7178694536570778,-0.47566324607902094,-0.5566997432361939,0.6549654606022033,0.8845997894538082,0.9188713447333766,0.9345984532081867,0.9048196229640019,0.8037508134090794,0.8954760430534158,0.9126098338459601,0.9120919695293894,0.7916074967170431,0.046984833624456525],[0.9852732430878957,0.99004745386287,0.9914791290810224,0.9864352846897753,0.9893433554155275,1.0,0.9846366898144646,0.9854558395516513,0.9924205284635749,0.9848737503560505,0.9805616750341872,0.9796663884630427,0.9853309215655967,0.985816973008774,0.9855262105893098,0.9851687889020238,0.9884419431304124,0.9863588148041601,0.9862245874365487,0.9862169744819126,0.9843678089561477,0.985426489653292,0.9955950133953436,0.993342317005471,0.9867037094793952,0.9864721087339005,0.9869250879260979,0.9774564996548389,0.9880400160608552,0.9733372782862737,0.9636631594443409,0.9691714487246459,0.9777169935659712,0.966330572425415,0.9843202265555412,0.9846858266339558,0.9854971249419978,0.9861035110072645,0.9804299403295653,0.985123399860137,0.9835061390767268,0.9852068261558219,0.9844942074181083,0.9844970190084573,0.9959385536717233,0.8688490468458143,0.925428445627077,0.9038022841258115,0.9161872290054769,0.8767344290492753,0.9190521436820221,0.9091233518855009,0.9216048924651102,0.935366641382346,0.9174877709971372,0.9516291871951659,0.9567232340267011,0.9629277846617764,0.9725230929922054,0.970265097719173,0.9858399668507206,0.9718588672042874,0.9836613461349323,0.9714536691277545,0.9708835026816538,0.9757587636013874,0.9675415956055846,0.9472499226992622,0.946707399895939,0.9449269485182261,0.9820966370806329,0.9747024799266489,0.9715522226245235,0.9701657453281392,0.9620889911172886,0.8874620557337435,0.8409990921844885,0.9050349525468322,0.9144947137735027,0.9237048827835768,0.9047769153928396,0.9025869767983724,0.7234169956712128,-0.5109190561482815,0.9799469778041459,0.9810080735781637,0.9767442513270419,0.9711734907525295,0.9721331551662903,0.9787964686754036,0.9783747520814164,0.9671216793203241,0.9681934433651753,0.9659927217515558,0.7756237114986249,0.884946092280127,0.9520355351047733,0.8096614141879968,0.9412027893184441,0.9422572418449319,0.8687950431977123,0.959415611113411,0.8376741225845827,0.5290143801597196,0.6866740264566985,0.8472045052288153,0.8210455900863965,0.8365911910356502,0.9600883704354048,0.960172726107538,0.7370943468928196,0.713396299690562,0.7537210208925814,0.4220090069784168,0.7441808901234657,0.7592072607020286,0.7530070913299755,0.7495772932550787,0.7637958989208327,0.713742038358905,0.6992167857698642,-0.2962340956828748,-0.42630863595110163,0.6703156322326651,0.8600493959582366,0.8782232406139951,0.8912015124631082,0.8712999480634859,0.7845883398200519,0.8521135291045505,0.8700684566987923,0.8701016351408135,0.8117870220235358,-0.12812029911194245],[0.9979038680965036,0.9946012015721098,0.989976264288704,0.9981554043896198,0.9991071241884698,0.9846366898144646,1.0,0.9974788672011227,0.9573917702318573,0.9995988654098187,0.9995491499465183,0.9995671947759431,0.998383697270493,0.9994640942531923,0.9991644801635784,0.999889630832281,0.9965001903603964,0.999903223210266,0.9993629659776763,0.9993679769104611,0.9997058355649181,0.9993119906266028,0.9907634761470075,0.9747284438924384,0.9856124310913269,0.9262249303260337,0.9934100213981018,0.9916598826900084,0.9737264382096286,0.950708286918925,0.9916028439422676,0.9917979112075088,0.9933844404000438,0.9742458388092934,0.9989837610222997,0.9998475022352207,0.9997073031737601,0.999472166748774,0.9997574497516641,0.9998313573605352,0.9984762738894233,0.9997291540636362,0.9993729213779311,0.9990201690221725,0.9809507142258498,0.9285407432868442,0.9501529239865483,0.9459669599667168,0.936038211961016,0.8922616372829038,0.9568642544397079,0.9444765766236031,0.9591696706908646,0.9606609958831801,0.9512789659064536,0.9812909589118297,0.9804840669269826,0.9915529900310113,0.9963599226911828,0.9489034010220536,0.9644271917105023,0.9737684799744757,0.9744846695724563,0.9753288926318121,0.9489063966972411,0.9061145315324785,0.9566489695715289,0.9618495079221685,0.9400404167477876,0.8967245483286075,0.9682405630693428,0.9411446474087085,0.9684224145998537,0.9492658344057873,0.7826719322575505,0.8605037771722199,0.7821252885165277,0.875491748333483,0.8931880586500957,0.8978670949357643,0.8763325144797435,0.8884077455806861,0.34252165280640123,-0.5930808073093031,0.9655470663973175,0.9519016006376047,0.9504845975778476,0.9504665055441635,0.9615260968138946,0.9717699252665184,0.9718267245529543,0.9311547223501581,0.968459443421096,0.8521586625891172,0.7583039621339431,0.9272455965576617,0.9319273474233849,0.7897462280789745,0.9501188631818365,0.9510991076334954,0.8969301749106655,0.9708755561973349,0.8321431805554861,0.5915905911450473,0.7119931132855932,0.8554082409175812,0.8472276343927503,0.8369321835644586,0.9787481424258694,0.9789393133250351,0.7714071108117235,0.717267134521563,0.7821044405165436,0.39253586581727345,0.7752269050954225,0.7938362545316239,0.7885565813979737,0.7916463833371418,0.7651145618634434,0.7415740198735684,0.7227037113475467,-0.28333106434783856,-0.43395363251165187,0.6719895291285319,0.8882798516719839,0.9238924760807623,0.9406632248460742,0.9102474071696264,0.8236198683957817,0.9093003728495161,0.9289176591936368,0.9276431489591547,0.7752563334981751,-0.12947820765495774],[0.9960891546948754,0.9916601586073465,0.9906175217552298,0.9965257424562173,0.9985404418250959,0.9854558395516513,0.9974788672011227,1.0,0.9682906383807742,0.9999998238859876,0.9999992805954662,0.9997403685005524,0.9999970528438955,0.9999923718560707,0.9999981731943228,0.999297632777646,0.9911714829409811,0.9994320433088135,0.9999059334841561,0.9999054168992783,0.9999634997360961,0.9999986608045925,0.9911649521506279,0.9762540365964041,0.9926768815474735,0.9403416088412727,0.9939108195479597,0.9897843648249246,0.9759302250727595,0.9499984168654219,0.9879022093890732,0.9938029211882238,0.9919000199254477,0.971083991606452,0.999459298100836,0.9995542184805382,0.999662850574902,0.9997343872712637,0.9991664300984852,0.9994838530410928,0.9981749146579105,0.9987826508414411,0.9995306565280413,0.9993941417440758,0.9825927677089797,0.9283474301185375,0.9473465072848338,0.9499939366102879,0.9342327382095175,0.8810123631292259,0.9551160762016735,0.9398607241511909,0.9570527432309068,0.9548104394837412,0.9451386994277035,0.9792457487265076,0.9774678586379726,0.9904913226457445,0.9969000692116288,0.9439441628769225,0.9602414385805618,0.9673908778471015,0.9714215482515505,0.9693389670514831,0.9471774613006514,0.8984314855590241,0.9519134035635023,0.9550830769174031,0.9346240454744837,0.8845932921675577,0.9655263501789783,0.9349953289187756,0.9629964462011307,0.9446563842385922,0.7699185605687845,0.852490681504178,0.7776807694803175,0.8675470563609615,0.8860437048782281,0.8933079603716384,0.87193446835289,0.8816296299936762,0.3249219127084951,-0.5974462310683438,0.9613863738884614,0.9453015019190153,0.9444527079791746,0.9485011208736,0.9569319595214366,0.9676756288975794,0.9677188136413061,0.9263448586418159,0.9616593547098147,0.8410388187824595,0.7551840145473785,0.9414817782652094,0.9427532424976285,0.7860671041715099,0.949855065637311,0.9509902947472989,0.8943797573107516,0.9748776334590535,0.8351050438681061,0.5772730059001535,0.7031853269194748,0.8564096019160512,0.8440569010962224,0.839121281072006,0.9812340150587705,0.981429334026123,0.7623611406403228,0.7095062560319338,0.7834144475181797,0.379891850008375,0.7700582577465062,0.7892766819818842,0.7889934682683908,0.7860369184412057,0.7588214055004957,0.735734558306707,0.7162786297510753,-0.2991183055493704,-0.4486944047698717,0.657711832602276,0.8806395819495454,0.9213689842088278,0.9330637895662449,0.9044144757441906,0.8127944191204433,0.902845342892354,0.9226166837482095,0.921615392409234,0.7562788140213306,-0.1124564566405427],[0.9692969753889044,0.9846516335907759,0.9906185604699207,0.9715883045487632,0.9840056388588346,0.9924205284635749,0.9573917702318573,0.9682906383807742,1.0,0.9833117436344138,0.9875115493603358,0.9897313552955919,0.9719768515865072,0.9803008859420138,0.9768937791496,0.9747518791736153,0.949113339770143,0.9795201792220565,0.9776500985250939,0.9776074204218442,0.9817808440802814,0.9767584788679243,0.993987380435879,0.9925322511622032,0.9812455132829692,0.9884362950313645,0.9842812937998462,0.9898507676045153,0.9903566524301043,0.966783041436917,0.9280274230529487,0.9496314703427342,0.9654369170523357,0.9486574104741775,0.971289210990737,0.9796329953136786,0.9763886960393962,0.9787548066810142,0.9878353390218444,0.9807614301356877,0.9672232489908775,0.976589992644024,0.9721319088946789,0.9710880704642831,0.9989336450760078,0.8869954725012659,0.9162122350803931,0.9401744002800297,0.9301397998708668,0.8533415896884383,0.884554118150688,0.8805576155013007,0.8883635382349387,0.9099215201283195,0.8913285669201811,0.9281818129058224,0.943581414947706,0.9495608727728416,0.9619706586402497,0.8979244908373768,0.9645082711043935,0.9411220605060814,0.9625867549076668,0.9411548491382222,0.895935154014303,0.9088898155612107,0.9372115576520441,0.909175253025804,0.872105582347435,0.8730001238275913,0.9640497279722593,0.9145010683774686,0.9395928411974666,0.9009243247911638,0.8074648781846507,0.8353094330771746,0.7162639910921723,0.8561452143822174,0.8710681406892925,0.8847731730336067,0.8327494709279585,0.8514151616866811,0.36906555864002916,-0.5359761771991121,0.9531135064180857,0.9479140175102705,0.9442293282842095,0.8969006962403744,0.9428397588695501,0.9511880013417935,0.9505647092058568,0.9344642918492007,0.9353577831170721,0.8601795097227788,0.7586954450753177,0.9328842468719217,0.958150806633834,0.7835209951440031,0.9302917332203424,0.9319852392613536,0.8501819382083824,0.9676653191312465,0.7428234227406302,0.470333019928798,0.6451121028560526,0.7747771540565855,0.7739840492782234,0.7529610119732953,0.9670778092638793,0.9670952269717665,0.691224846155419,0.6700828057207254,0.6764234090357563,0.37026517744262144,0.6837452996211828,0.6919638975244896,0.6767976421612957,0.690433226299307,0.7328636736209648,0.6785337168378548,0.6613919062223446,-0.34314347050301286,-0.4784598932871306,0.6701734367512917,0.8377137369914115,0.8356291534212437,0.862611148870922,0.8591928636741563,0.7503412650615798,0.8151015246295448,0.8413056812987522,0.8353735229872177,0.7060646988462652,-0.051680462355250215],[0.9964135524906236,0.9916777971359191,0.993343325009505,0.9968896575008402,0.9985405516070031,0.9848737503560505,0.9995988654098187,0.9999998238859876,0.9833117436344138,1.0,0.9999991057845308,0.99974525886063,0.9999985074735064,0.999991133278556,0.9999976699534091,0.9996651965451735,0.9977848905858295,0.9994266291179803,0.9998779324665785,0.9998777987134649,0.9999762737384496,0.9999991640069559,0.9937447748923279,0.9777691800060488,0.9959870905052052,0.9735786817928237,0.9960733087997572,0.9897626746131035,0.9802562751640886,0.9512066883827666,0.9893332960126521,0.9935175828382558,0.989321266388824,0.9674718258879873,0.9994777694280693,0.9995454168594269,0.9995572359669916,0.9998243221165782,0.9991802047309736,0.9994916238660868,0.9983735912979196,0.9988228370190799,0.999481414583083,0.9994755855016977,0.9868951650189153,0.9283557680173823,0.9473840124360935,0.9498179588885888,0.9340347829478616,0.8811590844580848,0.9445526228585874,0.9330731115163599,0.9482294102120583,0.952822167488523,0.9430073117834955,0.9777835255352844,0.9775027341952501,0.991008833304438,0.9966753688708764,0.9723981948705809,0.9601674927406769,0.9730722695404675,0.9713757430595307,0.9735133596272906,0.9732527468558764,0.9435896310089714,0.9518292031769714,0.9504787169912434,0.9501363717947496,0.9110055267443722,0.965454432494371,0.964590825556829,0.970271125473415,0.9692792809712212,0.9273845358079207,0.8525435461386379,0.8085901403584587,0.8673089889994684,0.9066084425516663,0.8932934790452053,0.8994306290399945,0.8985464192612392,0.7017169044770227,-0.6076718391590948,0.9613346023631056,0.9453081864464719,0.9444684817193181,0.9735502815723373,0.9522915807690421,0.9672773252901149,0.9668924935876492,0.9269906959754965,0.9690954651984296,0.9301040706683088,0.7551970563343082,0.9411582606455401,0.954916465520429,0.7683973111552087,0.9430821099578414,0.94439091471528,0.8944516990706737,0.9740090175476099,0.8953512296360644,0.47778216482095875,0.6781336156850121,0.9010937913011381,0.8499599491811051,0.8965709283602904,0.9811898503430729,0.981416088998271,0.7624297350613027,0.7092360016855689,0.7655863689622131,0.380019647058233,0.7172748230405366,0.7706123893039798,0.7659528374885414,0.7319750597141652,0.7585739536506639,0.7357105270132106,0.7162306317685706,-0.5212528394490932,-0.6029535376460666,0.6577154834681695,0.8807884714113458,0.9209019382327231,0.9364966616250869,0.9045994497282825,0.8091440091380108,0.8965613588052641,0.9143713254761737,0.9137466370814373,0.8034313976524706,0.11356399286378577],[0.994554010743147,0.991687091250272,0.9973490279563068,0.9952625485551982,0.9981346514208923,0.9805616750341872,0.9995491499465183,0.9999992805954662,0.9875115493603358,0.9999991057845308,1.0,0.9997453366763187,0.9999962819236318,0.9999945670601391,0.9999982476352055,0.9996449456853491,0.997392278369527,0.9991382443236075,0.9997711084076392,0.9997707094467948,0.9999983727714143,0.999998003393118,0.9927666334335035,0.9724682465950221,0.9949766759197943,0.9813543501618611,0.9955887534431529,0.9897793899519554,0.9820787885307489,0.9422294315988154,0.9880274062794996,0.9927223734209417,0.9824673985729674,0.9401559959239832,0.9992273244018883,0.9992862971639991,0.9992210106858269,0.9998871241246525,0.9991617579368978,0.9992315448817517,0.9977539641560298,0.9983779470824794,0.9991973677938761,0.9991937177327624,0.9888547497323953,0.9280382674940671,0.9105361266589677,0.9497494493207592,0.933915803415725,0.8808011370079216,0.9099128342768664,0.8983349038051535,0.9147500751293778,0.9234523560743904,0.9081480756436988,0.9689213208598555,0.9688727967945093,0.9901548628572233,0.995031181004795,0.9647519969881204,0.9602720272727989,0.9612701525546503,0.9613989903252667,0.9630364886926247,0.9627698427705235,0.9191767726235761,0.9413454926761503,0.9178647516348457,0.9173717774512355,0.8394698977554139,0.9628143068697347,0.9690011963566268,0.965120719518721,0.9640248423594753,0.9181795152465418,0.7753687243825845,0.7327461010755376,0.8238080263439054,0.8818774282403326,0.8471538816121359,0.8644384122325236,0.8629497557551413,0.6954165867648687,-0.43087985446322646,0.9475856188526157,0.9454209899571142,0.9445439876427453,0.9660429632607688,0.9385669740918202,0.950780583928055,0.950106439853322,0.8961717426820774,0.9539176062211819,0.9018715956537513,0.7553485383653721,0.9415140640169939,0.9579453002329851,0.6437697648196902,0.8977445305710183,0.9006897619528809,0.8494864546075679,0.9842938655303588,0.837076185645892,0.14183121583877764,0.5243400131538519,0.849418378353659,0.8137041753193286,0.8435498390310868,0.9850329055318746,0.9850446363949625,0.5050033141475119,0.615103121089861,0.5123440500242656,0.37992733885248,0.47710005998649124,0.524620906408112,0.5141030082867539,0.4507679991276615,0.7458628927571337,0.5903949407705879,0.5502336653744933,-0.48576733492316615,-0.5407245250741571,0.6570845979896089,0.8592432015138296,0.8720968033361143,0.9022773876764503,0.8980474777830526,0.6596190251254899,0.8379120739710921,0.8641528375588756,0.8632103605552264,0.6061296757862219,0.05538044940683028],[0.9941442519577959,0.9934510021063425,0.9964871454220573,0.9950788904157555,0.9981801845821412,0.9796663884630427,0.9995671947759431,0.9997403685005524,0.9897313552955919,0.99974525886063,0.9997453366763187,1.0,0.9997593442701976,0.9997435481594362,0.9997506816870874,0.9996472371190543,0.9980367381382831,0.9993485896875637,0.999967271399676,0.9999668991858981,0.9997496599723795,0.9997554828173776,0.9921171834301805,0.9681813761414145,0.9935735107736406,0.9816240389467056,0.9944164569166154,0.9926120724321033,0.9775337305153058,0.9206334545504905,0.9906886928187161,0.9937449393205875,0.9776101379605171,0.9187849986906035,0.9993563027457049,0.999409445741594,0.9993663216268189,0.9995472852452683,0.9995743765422935,0.9993846550231424,0.9975837376104454,0.9983987099800882,0.9993431818787571,0.9993390088608507,0.9899832755697128,0.9231120332936299,0.8950454980147603,0.946768470503189,0.9334321436120492,0.8808930656311995,0.8705170278928266,0.9109855583971067,0.8745641640223988,0.8961067120413467,0.8684830493936679,0.9552287074491794,0.9551681013669311,0.9804169361490906,0.9942215621110788,0.9637150774890596,0.9649913946452796,0.9572698104821363,0.9593052366348138,0.9604177541726568,0.9602678430688741,0.9198115459594941,0.9331076397561165,0.9041365814355801,0.9040016420209483,0.8219365857271554,0.9612957197845947,0.9637401501391688,0.9638437167868907,0.9632970279994519,0.9245727703352096,0.7138123496490435,0.6659860347927448,0.782105683394574,0.8554270057716342,0.8036059970267055,0.8302630775568225,0.8293098826915408,0.6654346253418325,-0.33776650839601474,0.9419354997924714,0.9485576645786514,0.9417233612591216,0.9647095496795887,0.9391875047277566,0.946140253397921,0.9452915372838236,0.8935881487870061,0.9490815004821866,0.8981592452898489,0.6991194870109492,0.9386875642971204,0.9330106687740989,0.49372810143672524,0.8336261646353647,0.8387413564463702,0.7360755503367371,0.9772283964745744,0.7118085052850285,-0.23055267137592084,0.25165574144441427,0.736039120719291,0.690451492327309,0.7295099540845299,0.9784155815249248,0.978489421267286,0.17331359794453838,0.3305351965914857,0.1780799635141119,0.1502166084540594,0.17027105972620937,0.18724434266801804,0.18479948191807102,0.10132808937408712,0.5223085843924862,0.25394075895972523,0.20124442284393562,-0.5064994985779184,-0.5498316822905588,0.6578965629361101,0.7503436713891161,0.7744765532649058,0.8373192451444756,0.8240202395636662,0.5560685248648465,0.7486669698779961,0.7692317478758383,0.7677756056321124,0.41955462818012484,0.24812164439538464],[0.996207059251734,0.9918135398116644,0.9904861845807978,0.996625450269409,0.9985703236507982,0.9853309215655967,0.998383697270493,0.9999970528438955,0.9719768515865072,0.9999985074735064,0.9999962819236318,0.9997593442701976,1.0,0.9999908532240821,0.9999976755927951,0.9993478137630682,0.9928924979831029,0.9994737274570301,0.9999151329917039,0.9999148796204042,0.9999706270339499,0.9999989178511287,0.9910575025211862,0.9760830316007975,0.9933387485662061,0.9452796581867642,0.9938644744027316,0.9899101478893695,0.9757397736127265,0.9499643126474303,0.9888085076663071,0.9938805353881727,0.9919903892916655,0.9712315713246551,0.9995020536855241,0.9995948602351336,0.9996940584677277,0.9997347320357179,0.9992315874571617,0.9995261265769824,0.9982631349380217,0.9988528514971065,0.999573819068815,0.9994378254093702,0.9823670393801508,0.9286434903132638,0.9475355261167436,0.9499523536640668,0.9344146322199981,0.8817444102063728,0.95547382133143,0.9402684372389875,0.9574154709969477,0.9551739977365054,0.9455504182280245,0.979503960849659,0.9776664078061297,0.9906358310631009,0.9969772025807542,0.9442338880323918,0.9603416944228731,0.9676389155124836,0.9715217788313857,0.9695842933687444,0.9474195407004148,0.8985045895260727,0.9521287701979937,0.9554601612930157,0.9350338756450542,0.8849124965443236,0.9655783796869779,0.9351799493611128,0.9631894423156442,0.944926066440829,0.7699281224837575,0.8528688107499892,0.7781874782794816,0.8679062611762992,0.8863212265808008,0.8934995624837039,0.8723000852503237,0.8819981378284799,0.32513691729773253,-0.597444400564339,0.9615414135874272,0.9455442295385335,0.9446655086604249,0.9487323311977306,0.9570997521413784,0.9678456042758296,0.9678906853759331,0.9264367633377958,0.961927209056436,0.8411572645614744,0.7552966760953109,0.9408395281844435,0.9422444044294147,0.7861801847579156,0.9498803907842475,0.9510071908724225,0.894721392740145,0.9747286237437475,0.8355835042376424,0.5783445099796056,0.7038503474759382,0.8568777859069776,0.8445895632458587,0.8395953814296425,0.9811661413618233,0.9813614318414363,0.7629895151717362,0.7100518716198567,0.784016604567795,0.3805993448103538,0.7707352118325789,0.7899663953836729,0.7896074663019035,0.7867475682159399,0.7591834894457578,0.7361881940992479,0.7167523593183235,-0.29816336010391614,-0.4478429614238973,0.6581980954521583,0.8811643540008766,0.9218291366309724,0.933598287036088,0.9048919350021648,0.8133654526989131,0.9034256215245284,0.9231905092442227,0.9221783909616388,0.7569631278005104,-0.11348780277341963],[0.9962410976037893,0.9916783496002476,0.9927231210818578,0.9967484116937211,0.9985727413764988,0.985816973008774,0.9994640942531923,0.9999923718560707,0.9803008859420138,0.999991133278556,0.9999945670601391,0.9997435481594362,0.9999908532240821,1.0,0.9999948103926134,0.9995449423130487,0.997717320895411,0.9994295589208696,0.999899679253698,0.9998985384347515,0.9999517870908914,0.9999908985874979,0.9930347760219573,0.9764993949113876,0.9956989693785493,0.9675725167288138,0.9954719316438564,0.9897314989600485,0.9760840454054837,0.9501170932146137,0.9889844626536516,0.993856614029951,0.991225715350566,0.9707113463807907,0.9994744359597468,0.9995466445850503,0.9996101253862035,0.9998828109227369,0.9991914823789615,0.9994732006549493,0.998103564489483,0.9987711408964223,0.9994920228956897,0.9994839440555736,0.9848553629896262,0.9285101992584438,0.9472735409450851,0.9497041315935041,0.9339024905888169,0.8810953195773522,0.9494516628413173,0.9322644342941828,0.9516763629840149,0.9545239475819628,0.9448259387077727,0.9777481682274396,0.9773239900503571,0.9898599079466123,0.9969727935557228,0.9725531969138088,0.9599350226682065,0.9730900133059674,0.9713783276475261,0.9740644713355007,0.9737884410449945,0.9519872814961104,0.9515290909866105,0.9545271201609961,0.9541634785474102,0.9267980334984592,0.9654884682027792,0.9673647990370364,0.9718392712562552,0.9707131692279047,0.9364218304899451,0.8522140529778646,0.8153224059173193,0.8670606605847616,0.8976222726401687,0.8930765988825301,0.8938302993944959,0.8926151956004394,0.67903029025436,-0.5978142564994957,0.9613524904181129,0.9452024302156503,0.9442152079028701,0.9737148134382002,0.9569933210939281,0.9676518530961654,0.9677409742202127,0.9264028096453446,0.9681669732548133,0.9380635336683063,0.7550455149843466,0.940867050333524,0.9479958283198554,0.7851775631310028,0.9497057464778847,0.9507677870135601,0.8943231806909534,0.9750872205330372,0.884015040601681,0.5776180422962821,0.7027137993364616,0.8916652126873273,0.857032467056368,0.8823436413735547,0.9814517609415626,0.9816749622440947,0.7615181898855206,0.7086659422037673,0.8003647856238364,0.3799826417921469,0.7751095934365664,0.8049448818185346,0.7994647930524841,0.7853530912866329,0.7586482320684351,0.7343694878255987,0.71493058635513,-0.39004466981887637,-0.5109618905316456,0.6569490002313665,0.8807870652380991,0.9182649260591645,0.928935068157223,0.9049427204224164,0.8119419768828363,0.8901089382750978,0.9111712311843995,0.9106928863877918,0.8410781067759401,-0.0804783141840456],[0.9961345865995738,0.9917405474201771,0.9906759780949119,0.996570571687892,0.9985726503930503,0.9855262105893098,0.9991644801635784,0.9999981731943228,0.9768937791496,0.9999976699534091,0.9999982476352055,0.9997506816870874,0.9999976755927951,0.9999948103926134,1.0,0.9994408890594996,0.9969627077509101,0.9994485735929545,0.9999089674699644,0.9999081391258856,0.9999646283777582,0.9999974521445275,0.9912097019450843,0.9763189831697938,0.9950492439591364,0.9590245100830382,0.9948517806301963,0.9898629838978924,0.9759850752420762,0.9501714102419313,0.9912690032501147,0.9941501846148764,0.9918469854470927,0.9709903402649619,0.9994713239431418,0.9995557699539293,0.9996703303430617,0.9997502806419593,0.9991959505709407,0.9994813870219696,0.9982006967636821,0.9987995299250637,0.9995409162602478,0.9994071981623189,0.9825921844597789,0.9284263946237834,0.9473650426509361,0.9499895861883451,0.9343487508764092,0.8813253707796838,0.955197376285299,0.9399978032457527,0.9571665007207952,0.954758872189349,0.9450544270781656,0.9792723094359981,0.9774114535124732,0.9904611312920274,0.9968639123366126,0.944246039296097,0.9603287674469411,0.9675613071800815,0.9714994360642896,0.9694948399767513,0.9469860105571423,0.8986519838465696,0.9518155919992528,0.955148144825027,0.934841339371365,0.8847284363141218,0.9656741139639721,0.9353491537839125,0.9632040299840396,0.9449731426343683,0.7702733752521181,0.8524790240809732,0.777947646030976,0.8675786337224646,0.8862166274387603,0.8933102827220456,0.8720893490359519,0.8818010321144998,0.32528238829114103,-0.5971432574826236,0.9614696258018256,0.9454491061906092,0.9445825360127561,0.9471885487048394,0.9571095326651553,0.9677561080139239,0.9677959053578654,0.926536832902275,0.961830594251263,0.841312091916243,0.7552174553652524,0.941173448616856,0.9426500005299531,0.786062423382658,0.94977882416154,0.9509184482769878,0.8941967215059261,0.9748952786264168,0.8351385221249027,0.5771011648551322,0.7030720068441896,0.856420832896345,0.8441842692609905,0.8391517294403888,0.9812747784270577,0.9814670208967682,0.761966236807739,0.7091576661669002,0.7833956628907203,0.3801579315361208,0.7700365104924605,0.7891970364189682,0.7891519956414,0.7859371398903249,0.7587378315275694,0.734981858491559,0.7155606840829248,-0.29892831038452045,-0.4484999481173388,0.6579641924657925,0.8805455740810598,0.921494261778782,0.9331069255800831,0.904454975811124,0.8125888593620891,0.9030513369953981,0.9226545496393306,0.9217709818869423,0.7563759196486902,-0.11273299840910328],[0.9976586819240001,0.9939817585718712,0.9900930280327541,0.997939806750247,0.9990740370571909,0.9851687889020238,0.999889630832281,0.999297632777646,0.9747518791736153,0.9996651965451735,0.9996449456853491,0.9996472371190543,0.9993478137630682,0.9995449423130487,0.9994408890594996,1.0,0.9983492436283588,0.9998445648909242,0.9995332500025516,0.9995380577595594,0.9997594592956497,0.9995181110835134,0.9908317173456835,0.9752430662650441,0.9936410881045074,0.9511236976800205,0.9932802635410475,0.9915821030408726,0.974042626168988,0.9507196844604323,0.9917401205384238,0.9925406160586594,0.99276289989149,0.9731919877448898,0.9992578552331951,0.999728109931863,0.9997083108701988,0.9995556324694894,0.9995748099301212,0.9996818827324934,0.9988178489073821,0.9995671526607339,0.9994982283632142,0.9992513181080361,0.9811171292750575,0.9270155245902284,0.9495911546168335,0.9458479724774728,0.9345561190426228,0.8886101216626644,0.9573683201767744,0.9447366413641611,0.9596330956713078,0.9591322365819914,0.9495256261228984,0.9813653712763386,0.9795920989380298,0.9914705292551554,0.996364616235278,0.9490825861569014,0.9639890130040022,0.9729067544076676,0.9740996024093462,0.9745620894910343,0.9500040898689134,0.9049141740008282,0.9552422229181445,0.9607953985142865,0.9401157416352159,0.8939838328421574,0.9681567065931121,0.9406704559787025,0.967890635417562,0.9496373095059427,0.7795878757222671,0.858403292569557,0.7826758379184473,0.8732260130004681,0.8916640630939509,0.8962916741831677,0.8761042149526159,0.8874617520060303,0.3375056102627243,-0.5938257290243244,0.9648481363738125,0.9506460705169224,0.9494749000723481,0.95160415565058,0.9612820320695153,0.9711246268915357,0.9712022506468023,0.9309992207008225,0.9674566864539036,0.849839449050132,0.7568968933270691,0.930785372199345,0.9342006980316935,0.7886098708677951,0.9498442972080805,0.950776288199353,0.8944933153499531,0.9712302023414185,0.8344146358754727,0.5873672447080062,0.7084910243239