var element=document.getElementById("correlationAdjClose");if(element.style.display!='none'){var correlationAdjClose={"data":[{"type":"heatmap","z":[[1.0,0.9999915909328757,0.9848509849789711,0.999923210404772,0.9989382164021069,0.9879097361271655,0.9976030462741835,0.9954585746644264,0.9957754839516505,0.979987352963915,0.9926326004995104,0.9955978330276738,0.9948364948889831,0.9955108249768003,0.9973172084950179,0.9965846199927572,0.99814670766594,0.9961978914693088,0.9962162822364817,0.9962628086172176,0.995554236290476,0.9858908215865071,0.9700679686683682,0.9883240997946062,0.9871971353942853,0.9828864761157009,0.9646771693094541,0.9457089519220212,0.9938466599682646,0.9944865818008028,0.991875794613982,0.9753772984336431,0.9975135389337871,0.9977971792998298,0.9972094636971522,0.9956601657786782,0.9952607367898518,0.9976736271810642,0.9985164205505174,0.9986915184737493,0.9974575608771218,0.9974723038559968,0.9767376860806558,0.9163605398862265,0.7455924054983767,0.9029867184941556,0.9055140872812404,0.8406667518931602,0.9658321201236066,0.9451418331191631,0.9672249066046772,0.9648158798011289,0.9574935236988289,0.9855742262937216,0.9821867233171536,0.9847021905342858,0.9784418973931248,0.986504865776165,0.9839873874758288,0.9871181589337686,0.9869127522727604,0.9646314730838768,0.968949785961274,0.9722549788659641,0.9719482234346267,0.9465574430263267,0.976470049247379,0.9746102349553786,0.9826833740879368,0.9818753519832877,0.9371481769506819,0.8648069612448692,0.8321363783251227,0.8834693164197509,0.9085088659888088,0.9039639816223756,0.9064645127899827,0.9051921210457626,0.6382412241593409,-0.5711141252866738,0.9777601568517427,0.9700771390496451,0.9665418816856743,0.9855589155191499,0.9714088230982507,0.9823204543856991,0.9823023094941227,0.9467948512912278,0.9824888878032328,0.9506551915683349,0.6554533106158625,0.873240954874585,0.9171741099024019,0.7585996080876917,0.9236155153026211,0.9429303652690636,0.8192261344674913,0.9590725826834178,0.8957869401798486,0.6379425730628555,0.7094958576937235,0.8918120385631135,0.8651011562393066,0.8887203280821029,0.9696189545527446,0.969885406847256,0.7389121541737476,0.7086788471329356,0.825220623173093,0.34775401404490824,0.7951300171580509,0.8295701093567069,0.8161895035029071,0.8143280436888262,0.7540725537338937,0.7430751498350586,0.723539957547937,-0.2467410213231045,-0.3832678851176805,0.6388593258859258,0.8984868716016443,0.9433656576386402,0.9477985113733605,0.9180250928883716,0.8281465537977601,0.9148821003442517,0.9365904085027851,0.9363527955637856,0.87082080515511,-0.19000775006874712],[0.9999915909328757,1.0,0.9839377129173157,0.9997821601972428,0.9977070746136218,0.9904959324256418,0.9933710539564209,0.9893612281555343,0.9893939147299841,0.9693520577512387,0.991662597131014,0.9895876948332332,0.9894217540521529,0.9894688054539778,0.9923375860546191,0.9943549735693499,0.9952514069707272,0.9925962571119977,0.9925956286834182,0.989465137530747,0.9895221576714448,0.9887047500622771,0.9642434841820666,0.9851539630240772,0.9848909308702976,0.9828118757621561,0.9741730717052376,0.913844253423996,0.9877396586392492,0.9842956633064901,0.9763426139295646,0.9158255846533782,0.9948813999186408,0.9947185890891365,0.9950000535839287,0.9904633714587634,0.9944666493720893,0.9949943095779961,0.9960825472923797,0.9966654393637794,0.9949822773747489,0.994990683426703,0.9869553736276078,0.9160604955672941,0.5939924656961684,0.902894612329185,0.9057687040140763,0.8408157800123246,0.8708320823520086,0.9128996933219461,0.8745431503224126,0.8960615768382493,0.8698463665249032,0.9542636399081804,0.954174511417071,0.9756836786399984,0.9793571995754649,0.9737068170724126,0.9733011759533994,0.9762404241568824,0.9761546438957602,0.9391382958788624,0.9479521080751129,0.915745938971857,0.9156483658003856,0.8182296822006201,0.9710944576004589,0.9732762835174112,0.9735211900051741,0.9729450760159128,0.9351288127830705,0.668523278522391,0.6108683210878726,0.759290584267016,0.8503305609946543,0.7823059118268371,0.8176495718362087,0.8159478646737518,0.6073613084912084,-0.2756576194093063,0.9594095554254582,0.9658716768112255,0.9591281171721415,0.9765328904882147,0.9564052934063989,0.963769207312421,0.9628905751244895,0.90884418893526,0.9665790236718147,0.9142366774330932,0.49239085042640285,0.8728160741065225,0.8697613626488423,0.29690070430187526,0.6726632043678702,0.7603798980995482,0.6484376774207405,0.9583253636695711,0.6601358140346926,-0.24791057655195567,0.14757631113917855,0.6284661850488795,0.6345590339047816,0.6816670361966755,0.9599539221680331,0.9598147159952045,-0.06823766338126198,0.1719368104944521,0.012917761010756864,-0.02033755748028195,0.007935327749405849,0.02458842751714737,-0.007501808026210582,-0.05201439207612019,0.3799738883024935,0.11600852198930899,0.06623168497868352,-0.4510964475023066,-0.4871531353205917,0.6393321367954211,0.74606906066678,0.7707780864965148,0.8292380393088851,0.8252886796963946,0.5419683850220434,0.7331575621348263,0.7659128662816055,0.7645606029596447,0.412231035469377,0.19465060211991472],[0.9848509849789711,0.9839377129173157,1.0,0.9862845477933981,0.9929859505194948,0.9903083372885264,0.9906694067498873,0.9911349889337913,0.9943676757678327,0.9559422031561096,0.9970554538847729,0.9910283073580368,0.9929579270609679,0.9911946093653624,0.9890813358017657,0.9920608177944308,0.9905113949093969,0.9897443562230007,0.9897124615515187,0.9928979630432752,0.9910642095568827,0.9937786548683744,0.9801493282968979,0.9909426192715823,0.9913767404202558,0.9817002030419891,0.9829160117848743,0.949847444158411,0.9725059938030584,0.9762134632901631,0.9780747298348375,0.9508935039413245,0.9879498335054919,0.9910672673309596,0.9893868107248301,0.9930334203054966,0.9949213762457556,0.9921406495025454,0.9843972394648014,0.9881336122906736,0.9882338069047081,0.9876049904448172,0.9908664178608251,0.9158534106898285,0.686187851044422,0.927230738961536,0.8992244671759996,0.7550619297165228,0.9262591806380972,0.9002947699770221,0.9285085458034754,0.924637445018028,0.9143018312432876,0.9525321695180042,0.9598726153345406,0.9325991324520465,0.9513998710464455,0.955664127123641,0.9617119574780632,0.9561978062459017,0.93053670087094,0.9018120322958814,0.9299744090200692,0.9257742807410565,0.9086965833662145,0.8676419138070454,0.961583347959414,0.9396213923749028,0.9563988994592887,0.9350415827612153,0.7816108619083051,0.8070907539543403,0.7369148614374762,0.8280976448832745,0.8699564872532668,0.8682193249061666,0.8388280442411239,0.8529608387973029,0.31511111511613926,-0.57008053877305,0.9486956943371553,0.924811452586225,0.9279039108099093,0.9330460078515542,0.9430645204530254,0.9532538436900672,0.9529488571519046,0.9160972207780187,0.9493999463764387,0.844726663331279,0.6288226536821221,0.9374212110852154,0.9384132137735384,0.7199528782331541,0.9057210616590369,0.9271861689479737,0.8048501920584932,0.9785979174348468,0.7782518885040858,0.5450569545646987,0.6493639608929097,0.7861682385415335,0.7909272038413446,0.774920712617102,0.9821058006747334,0.9821731242267003,0.6590140102567007,0.6451115066516624,0.7133612981447205,0.2807764049783892,0.6910485667019114,0.7114980197480169,0.7240904692773293,0.7078789153910152,0.7091734372938727,0.6708298119615214,0.6494674322664904,-0.31890509025699837,-0.45503924779660193,0.5965608698375131,0.8588813704989311,0.8932991873593767,0.8951090568080953,0.8913199705384778,0.7586313027760704,0.8673827494849525,0.8818305612105857,0.8904056852421848,0.7386859721265908,-0.10959559259121139],[0.999923210404772,0.9997821601972428,0.9862845477933981,1.0,0.9992385777776336,0.9888918189519654,0.9979311987821422,0.9959746603447456,0.9963735764677234,0.9796335066407257,0.993979204583763,0.9960958195399239,0.995542845574777,0.9960253808987738,0.9975718962248769,0.9971185717923714,0.9984845611180548,0.9966486911653883,0.9966637322340797,0.996773831779719,0.9960551231799963,0.9871633601713895,0.9714101188783723,0.9894135117217294,0.9883978425368498,0.9850962408711251,0.9667819927128083,0.946907920291753,0.9932988163349067,0.9941285163730921,0.991968497651185,0.9750199820192713,0.9976664261993602,0.9980889942730655,0.9975151058468186,0.996220564244354,0.9960032997610307,0.9980041746356425,0.9983654373542775,0.998832488294456,0.9976020651668558,0.9976130994209182,0.9785759230928313,0.9120132183513859,0.7391972057026567,0.9037700252216242,0.9032953514699796,0.8304939488827784,0.9629005053799554,0.9417086039371637,0.9641850739055617,0.9621440941329652,0.9546095443122197,0.9834950457934309,0.9806516609041467,0.9829886379887494,0.9768330776293647,0.9849751437932818,0.9831685015780701,0.9855085746707382,0.9853008472316875,0.9515729583595167,0.9673400798920502,0.9705409190047685,0.9702354627058788,0.9400500386450898,0.9758290000420825,0.9711109939417905,0.9809586220569331,0.9801128618059404,0.9106709497482596,0.862741766006989,0.8274082461226089,0.8811331027665067,0.9050105792970515,0.9031041167078401,0.9034809281658533,0.9022761775793763,0.5346520336001849,-0.5711022756951071,0.9765897946796487,0.9680502647941394,0.9644790812182369,0.9838525938130616,0.9703067061643813,0.9812684841865442,0.9812505673618426,0.9457562614639591,0.980740019835149,0.9309224854182752,0.6608882544149737,0.8812216702795919,0.921670369459515,0.7601621895597092,0.9253411328949386,0.944401150602515,0.8195507812768367,0.9605586335839449,0.8896430141239676,0.6345917778489654,0.7077149721045584,0.88673426378385,0.8615469983575887,0.8833142649800697,0.9706931578694752,0.9709655670131028,0.7379329639942407,0.7089595263535696,0.8172975439695952,0.3498301807658661,0.7895102189626021,0.821362084049191,0.8080528609341123,0.8090400141061959,0.7568911244113741,0.7431306089995462,0.7236645315160305,-0.24212603788586098,-0.38252556120721437,0.6373345515928363,0.8965875266562126,0.9415841432030808,0.9460609102319468,0.9169030610501412,0.8253413028403711,0.9129158375405431,0.9343907227877478,0.934306585912543,0.8632008003300436,-0.18269193362495045],[0.9989382164021069,0.9977070746136218,0.9929859505194948,0.9992385777776336,1.0,0.9917888716197941,0.9990536588623936,0.9983287854714916,0.9983891905762886,0.9734499164260383,0.9977432377600546,0.9983722708275814,0.9981772779572112,0.9983627324874027,0.9988063024673832,0.998028924356838,0.9992145138477909,0.9987409720889492,0.998742539865443,0.9984442643763191,0.9983601481936107,0.9938110936206809,0.9790426057801787,0.9939819435647893,0.993918671999668,0.9885616738353564,0.9807321182160733,0.9502745673378709,0.9898019820834242,0.9923232387154347,0.9895505120138336,0.9660463876905235,0.9989369242118984,0.9989734990189325,0.9989728620216536,0.9984683771318302,0.9985438091192619,0.9990744422282724,0.9989982163391559,0.9991405282219912,0.9989235994192232,0.9989235831175822,0.9889323559876413,0.9216404781112828,0.7144490486750366,0.918394866408145,0.9073746562995858,0.8128948887446669,0.9467204628779438,0.9303145870158813,0.9506662548560311,0.9535350569560272,0.9455011674631947,0.979618445270504,0.9795462626420407,0.9789289398151109,0.9707434970897506,0.9799019908067929,0.9787774052154921,0.9802210882861995,0.9799744415691622,0.9531585221129957,0.9571463496241988,0.9520711383110648,0.951702678653757,0.9073075844316557,0.9727889125096096,0.9693712877713154,0.9760843217807015,0.9751743896887812,0.9324737893963438,0.8382002208576166,0.7930589454590989,0.8633001584644105,0.9077579585566414,0.8888586334968056,0.8975247376710148,0.8964280148542975,0.6919759098500982,-0.593291141668794,0.9693464822168641,0.9560907315790924,0.9537249695844231,0.9800770758810362,0.9591279367459996,0.9736489318687771,0.9732247726884116,0.9351413612577436,0.9756305734744433,0.9391194128346252,0.6474191078472931,0.9016496777366992,0.9430956048515943,0.7109183231593877,0.9038596739495213,0.9287854755327689,0.8132808317528546,0.9664327941858979,0.8803729864713836,0.4801780588434954,0.6399969106404718,0.868161282616712,0.824986662334923,0.8703931246845121,0.9748646535551423,0.9750785805730372,0.6914226584458664,0.6895022378325099,0.7352085219089934,0.3246569390085929,0.6738033590039983,0.7410556645482985,0.7173430051537932,0.6966547472667411,0.7407643549273338,0.7256118762690816,0.7051821827486955,-0.4629317402765123,-0.540308092578897,0.6266431789307318,0.889205096223918,0.9257604081191777,0.9375982913247971,0.9131212602987133,0.8018374509763451,0.8955324191800703,0.918764100147709,0.9182276828725245,0.796841486571441,0.03216989191172401],[0.9879097361271655,0.9904959324256418,0.9903083372885264,0.9888918189519654,0.9917888716197941,1.0,0.988070321584543,0.9882604050056288,0.9878272300103165,0.963392190716364,0.9796709703255877,0.988194965702574,0.9894106185090409,0.9883216978052666,0.9870251197122487,0.9916516029561421,0.9894047579256011,0.989111713821889,0.98907854838284,0.9871281779146397,0.9882321074145024,0.9960608796165455,0.9916449142341983,0.9883221973410227,0.9882089474267653,0.9711242629062126,0.9854403279297911,0.9677134878124325,0.9710569656866967,0.9754626114752856,0.9834752837183437,0.9702530618360331,0.9879675698028932,0.9881787720669444,0.9889859951162135,0.9891189365681905,0.981853688168056,0.9889652608710433,0.9862150390828136,0.9885914713030497,0.9880734989856048,0.9880440011104838,0.994904173368632,0.8739403153363404,0.7153219394035497,0.880741888951482,0.9005485699596222,0.8309654554980427,0.930479831974596,0.911271628533894,0.9324329483350382,0.9407729035444249,0.9280682842669488,0.9603941172996509,0.9649282501306893,0.9684448365550635,0.9812543389743883,0.9695143903914358,0.9815186617664878,0.9693467642729499,0.9688050265085877,0.9691735114483985,0.9609968909331548,0.9434588004629406,0.9429751157673507,0.9321809288280857,0.9791534423328287,0.971469850473058,0.9698141567252735,0.9682438830241189,0.951763154702344,0.8612324793010483,0.8131170429359504,0.8814305452711505,0.8992560683210881,0.9069389148862377,0.8895696933062397,0.887593287620599,0.6585396205491835,-0.5329225588111213,0.975579641578768,0.9727756594262964,0.9691375536410995,0.969565293766607,0.9664505350937029,0.9755427648889842,0.9752133583205104,0.957289657048291,0.964996990414791,0.9566023358723862,0.6635713466493202,0.8477401323885484,0.9403029400051731,0.7586128356755101,0.9158184856954275,0.9329411890671462,0.8139051474795616,0.9568344009641157,0.8448618186985152,0.5792835880141589,0.6805838387050144,0.8424521141230717,0.8212072344817037,0.8403361407812245,0.9588561083714261,0.9589815740843255,0.699545187608484,0.6879844142325536,0.7604252786244087,0.349641868613672,0.7407981369269098,0.7661954592841296,0.7522176957370724,0.7542349827635196,0.7437683247942324,0.7130363684768081,0.6957109316632513,-0.2723143281190653,-0.40038674906558264,0.6628053018999968,0.8804367334521056,0.898637745065657,0.907190312234942,0.8953426949405688,0.7979341837257412,0.8673986053251932,0.8900313761260041,0.8899124398019821,0.8336669645412039,-0.1532387635072521],[0.9976030462741835,0.9933710539564209,0.9906694067498873,0.9979311987821422,0.9990536588623936,0.988070321584543,1.0,0.9972150199020424,0.99954209876681,0.9731370664340472,0.9994515934420027,0.9981823871748946,0.9990832327096689,0.9990493999992506,0.9996554634835991,0.9968347744415713,0.9999027692752716,0.9992764480843865,0.9992827301125045,0.9996613040104833,0.999246459165406,0.9907079656864277,0.9750985685100536,0.9843877870210228,0.992680326495438,0.9878740289831943,0.9723580998477613,0.9453007105778083,0.9920944362984382,0.9917809152496972,0.9931220946321577,0.972117773400352,0.998859727033804,0.9998241280786843,0.9996639940865607,0.9994090882406065,0.9996782299239503,0.9998550665678396,0.9974327934190922,0.9996851856789152,0.9992937339092495,0.9989124226976792,0.9828764015603348,0.9282726004507806,0.7304566506889265,0.931347456856979,0.918082831451446,0.8055395091619273,0.9581485577124434,0.9411465093106313,0.9602354421302344,0.9579850260190959,0.9512612971546798,0.9817353586314072,0.9800824537732518,0.942125715496195,0.9571126808582944,0.9698385022598285,0.9701563223245979,0.9716063680357349,0.9423485179731412,0.8937389444590138,0.9474044916756371,0.9562587284521471,0.9333155491225116,0.8804795871704482,0.9619699770457202,0.9322788324241437,0.9635949600223481,0.9425660987737403,0.7449650434273299,0.8327903952100388,0.7595179039346484,0.8499612166286283,0.8758355400501273,0.8798949745572634,0.8589018747350524,0.8715530077173205,0.26968279367633696,-0.6055664292890716,0.9598453098563778,0.9398555091845672,0.9394645060926726,0.944393404841931,0.9561386964344912,0.9674337101046792,0.9675350989966038,0.925382098247894,0.963641454656344,0.8278091112324413,0.642272105170991,0.9020727553440177,0.9216093830379658,0.7489636577213091,0.9225688045631559,0.9428330979286924,0.8138708127180494,0.9659155518269724,0.8311861710090014,0.6230820744492844,0.6979455453003026,0.8439212394219144,0.8403234716008903,0.8298585822717177,0.9749709950501513,0.9752462572057639,0.7243667007877551,0.6861348415767665,0.7826853467581768,0.3198170530179974,0.7665909287149598,0.7920235769003479,0.7821555515307358,0.7883518337736259,0.7366177038564053,0.7304953986556868,0.70922466552287,-0.260264363787969,-0.4078924301331217,0.6453067269003677,0.8911054889249683,0.9289841065073574,0.9442366922963138,0.9167886281897081,0.8237164979534295,0.9128231859235105,0.9346375588661874,0.9340128892820907,0.7749107920446233,-0.14537187552476108],[0.9954585746644264,0.9893612281555343,0.9911349889337913,0.9959746603447456,0.9983287854714916,0.9882604050056288,0.9972150199020424,1.0,0.999984665065124,0.9673913652951639,0.9996666964167664,0.9999969207239178,0.9996688129080715,0.9999979205220865,0.9994222959350616,0.9924172032350842,0.9993361251969587,0.9998916075381232,0.9998913037444629,0.9999580689416634,0.9999946151589203,0.9909671302841287,0.9761776428174606,0.9919442179160282,0.9931859827682238,0.9851530764711903,0.9745435665096548,0.944047098720506,0.9883728881472046,0.9941580325867824,0.9917653095417628,0.9687716487179129,0.9994323561394071,0.9995006305597632,0.9996225256481764,0.9996960661411972,0.9988513789564175,0.9994271663230921,0.9977779528103038,0.9985923744932924,0.9995019907736415,0.9993657412446857,0.9843596967658474,0.9283681840386356,0.7173206191943049,0.9370938485217538,0.9155942434805491,0.7847213820761973,0.9565646564435979,0.9362371658508766,0.9582392952632731,0.9515827798053476,0.9447664148396036,0.9797317844109918,0.9768614456127838,0.9364852615463182,0.9514702817858788,0.9621618498082903,0.9662682507615971,0.9644086705352631,0.9403991746954581,0.8833929007622099,0.9414621657017647,0.9484487018248254,0.9272892178265733,0.865540863820218,0.9585000191753866,0.9249947496501495,0.9571631638324815,0.9373217600515078,0.72894615690226,0.8228905932936764,0.7545146247686899,0.8400466572989572,0.8670812838650123,0.8739550924983532,0.8537368742001018,0.8635071187056746,0.24918321602490026,-0.611249090866796,0.9545348134720524,0.9305788721025563,0.9314728591678969,0.9421945553579313,0.9502037746489176,0.9622501225615807,0.9623596091518785,0.9184900406396815,0.9554610646900562,0.8133028581261518,0.6377257932838137,0.9215926514646212,0.9339400352520005,0.743618398980103,0.9219213881003266,0.9424575458297666,0.8111419962081208,0.9705615856490056,0.8349059090440594,0.6087361949323802,0.6884922071676476,0.8451619097499999,0.8372650991901155,0.8332131707984987,0.9779271030697584,0.9782018570673269,0.7142453932510203,0.6772274789175429,0.7846201058495513,0.3051144537301513,0.7613547162053799,0.7876467422792305,0.7833839485110387,0.7827782798038404,0.729333250868079,0.7240923723274378,0.702145536563081,-0.27730011849847624,-0.4239650306775809,0.6273965924854451,0.8826445285289295,0.9266985513168577,0.9365038512550061,0.9104394881996768,0.8122610570143293,0.9062833981321453,0.928303654025622,0.9279313699232273,0.7546952388870292,-0.12746963317528856],[0.9957754839516505,0.9893939147299841,0.9943676757678327,0.9963735764677234,0.9983891905762886,0.9878272300103165,0.99954209876681,0.999984665065124,1.0,0.9667147655956279,0.9996657221457721,0.9999816123622447,0.9998412734661231,0.9999901791266602,0.9995064402550191,0.9978615315159053,0.9993270304510612,0.9998311732485596,0.9998301708038863,0.9999672910426556,0.9999826255546094,0.9938526730563217,0.9775334213432733,0.9952340322688816,0.9953740276260614,0.9851858397485626,0.978866730510989,0.9452635859450538,0.9889364198896878,0.993249869806575,0.9888067063993358,0.9643561900497244,0.9993601413160033,0.9994407359375992,0.9994452747296425,0.9998435910298411,0.9988611789212475,0.9994144528889721,0.9983504014324464,0.9986053441037447,0.9993553259898862,0.999349512627892,0.9888143239245347,0.9284199210435283,0.7180143330037679,0.937102463931488,0.9156749326666666,0.7849434533002257,0.9436364177365211,0.9254848878036405,0.9471109636412943,0.949011878283434,0.9419818098348973,0.9773915934469614,0.9769369132384521,0.9680201714448687,0.9519720467809185,0.9689134836426491,0.9664157620355716,0.9693295080414103,0.9689986488719331,0.9400970537255574,0.9408797154300672,0.9411905891608985,0.9407843901358508,0.8950684198804144,0.9589355488782972,0.9595033438974664,0.965656624944211,0.9644900196315658,0.9190288548196796,0.8222084516730311,0.7714567326131033,0.8395039855406206,0.8886855302418998,0.8726222148393443,0.8800924895513299,0.87905235357481,0.6384895842231386,-0.6267714225605091,0.9545631409476537,0.930613787469213,0.9316042896610106,0.9693645824976272,0.9450165008565552,0.9618647237671387,0.9613573903407209,0.9195097673995816,0.9641032676059363,0.9238060486129669,0.6360834237538353,0.9213983959342251,0.9478077849152013,0.7200179086263974,0.9089420749117921,0.933409960294785,0.8102573955054047,0.9693822799291153,0.887156731897501,0.5103927291021274,0.6570845024350149,0.8754870784659963,0.8331635500339479,0.8782142510347678,0.9778957323688343,0.9781567279410699,0.7121600660953523,0.6745395675500683,0.7513799718445877,0.3029235949002794,0.6919441228061705,0.7568892202946349,0.7350277764817925,0.715407066043506,0.7271035172473738,0.721011718242405,0.6990402953581991,-0.512173770494776,-0.5907343111109669,0.627639777593482,0.8815016280580535,0.9254482398689163,0.9381317162120698,0.9094428300395762,0.8074223379793699,0.8958736672728875,0.9184836431864519,0.9179214169908105,0.8065368451149973,0.10478227947616413],[0.979987352963915,0.9693520577512387,0.9559422031561096,0.9796335066407257,0.9734499164260383,0.963392190716364,0.9731370664340472,0.9673913652951639,0.9667147655956279,1.0,0.9544279753368046,0.9677742454778465,0.9667282811045393,0.9675087071794924,0.9732660351409539,0.9678585309996109,0.9752161350233175,0.9717017630233672,0.9717154237483562,0.9675601724976436,0.9676304382215386,0.966605527670221,0.9542391977680337,0.9740880578238287,0.9720240827002958,0.9045194146904342,0.9700417724032677,0.953556989520799,0.9771390203554224,0.9714226153803852,0.9714622724061935,0.9387621425696054,0.9754471197846614,0.9750310686359992,0.9754621957358773,0.9680013983698189,0.9617325729424812,0.9744720646581846,0.9787722893004749,0.9778198340027804,0.9756226646694728,0.9756397952974842,0.9563894164238269,0.8484585820135316,0.538061823632368,0.8096620228555486,0.8963222581154362,0.8751914738447573,0.9036788456268506,0.8369300228493954,0.9080789318995347,0.9187006791573087,0.9052363755713525,0.9362234285164942,0.9360869368011483,0.9455933914046804,0.9378574876286458,0.9553608269461905,0.9493686717500067,0.9538287573379772,0.9538515954512202,0.9129082810272288,0.9542020808479007,0.9405882776388856,0.9402797706207442,0.8657491612812018,0.9377807508831525,0.945224491416742,0.9390229583950291,0.9379662752435696,0.889182737402803,0.8302988232312806,0.7885463920001476,0.8716133705522089,0.9202211598773138,0.8936755843269366,0.9070221817305238,0.9063418567997437,0.7285748874880656,-0.32017692291847644,0.9543595455759977,0.9557034369815144,0.9476402517009939,0.9472868011357869,0.9328518828899295,0.9555805055364273,0.9555273503192546,0.9039807858981209,0.957459978967005,0.9085435497365654,0.7319510619873463,0.719011085717094,0.8725588188427964,0.6457780931541446,0.8616694758446845,0.8961191907036753,0.8792946096485911,0.9523746771821403,0.9073421571141075,0.3961886410479938,0.6596321866295793,0.8997678245840796,0.8782451504137995,0.9066087669462991,0.9526014927760892,0.9529238172985711,0.5465597090057831,0.7121590832365446,0.6222728301753114,0.4933294045064083,0.5818647714936284,0.6363934170397973,0.5976487870400604,0.5715584909685997,0.8148840406815371,0.6922740487886975,0.6571607333086822,-0.290501189457439,-0.34156060343153494,0.7520191910250924,0.9176303284403785,0.9245399698300766,0.913422201303421,0.9424787186810529,0.66964695462342,0.8468249608709602,0.9110943193797824,0.9102622870168375,0.6933126585727591,-0.16491495915065285],[0.9926326004995104,0.991662597131014,0.9970554538847729,0.993979204583763,0.9977432377600546,0.9796709703255877,0.9994515934420027,0.9996666964167664,0.9996657221457721,0.9544279753368046,1.0,0.999692750083778,0.9996722038664219,0.9996800976880521,0.999580242804063,0.9986235502966685,0.9991640953220797,0.9999579639693861,0.9999574899224649,0.9996790594091113,0.9996868462469806,0.9906788405965262,0.9601239890287715,0.9916931256629521,0.992772804819498,0.9892867360815236,0.9720637595802792,0.9012092715814884,0.9887939799373335,0.9925779198697393,0.9737040914951499,0.9019435154730668,0.999190019597641,0.9992547061186486,0.9991936693574514,0.9994697728276792,0.9994303864266657,0.9992168484382064,0.9975768657122002,0.9979214536179098,0.9991640996075324,0.9991596879513586,0.9899121495089201,0.9224581497267601,0.5599000151093048,0.9328155369146518,0.9148359289461984,0.7888998332319904,0.8571881231047754,0.8952134256877526,0.8624655466644584,0.8767776513623601,0.8543616908996985,0.9512791302599276,0.9512142800561948,0.953163724415419,0.9553128261907419,0.9454532411299047,0.9473316026598062,0.949634518662535,0.9494454368265378,0.901862209005061,0.913285812593679,0.874179705406552,0.8740066280642472,0.7615536963221612,0.9495651530566196,0.9527936219783036,0.9529507095517756,0.9522669759324159,0.9032766472942229,0.6177902905190311,0.5563650929109012,0.7089484432493257,0.8075712105270422,0.7375237543443786,0.7741861212853038,0.7730235573028099,0.5500497465564359,-0.3969625478502408,0.9250604816367088,0.9344702552029555,0.9247504717014622,0.9545304919893385,0.9216303209042288,0.9306831506923616,0.9295103969843371,0.8645133947903212,0.9347694608387164,0.871502078985922,0.535623212270503,0.9181071791292076,0.9123379049378241,0.3326424739647551,0.7055907101496665,0.7854042393224105,0.6591620279041149,0.9722770267748743,0.6700088993127319,-0.19126974272735597,0.19419090686514096,0.6430059807512125,0.6469547935764247,0.6889081605647283,0.9735308331220801,0.9735862525889084,-0.009034310006163932,0.22153289526646938,0.07383827223813111,0.03960591712243397,0.06664049609937824,0.08582477000095773,0.052659894977824376,0.0023522353785769357,0.42665963073225655,0.156447966844948,0.10376258328519335,-0.5194194412176834,-0.5548989198535331,0.6276877148948977,0.7406401195640742,0.765576142657127,0.8270430551035189,0.8252004462398489,0.5240423313656158,0.7256153258174559,0.7608303592899702,0.7595664787263156,0.40549982873059986,0.2445509282432172],[0.9955978330276738,0.9895876948332332,0.9910283073580368,0.9960958195399239,0.9983722708275814,0.988194965702574,0.9981823871748946,0.9999969207239178,0.9999816123622447,0.9677742454778465,0.999692750083778,1.0,0.9996532735637436,0.9999976615569708,0.9994777575387024,0.9938290788027426,0.9993852212921689,0.9999025233071679,0.9999023981911522,0.9999657522189748,0.99999504793602,0.9908757890832481,0.976051604486578,0.9926010878493108,0.9931476249159312,0.9853379399696205,0.9743775892817392,0.9440644459690017,0.9892624073923894,0.9942170344794389,0.9918404390111479,0.9689185493781758,0.9994748545121069,0.9995441676235305,0.9996556229765536,0.9996977361527428,0.9989365340694626,0.9994717593268228,0.9978633708767602,0.9986714122280568,0.9995456407948001,0.9994092075932647,0.9841657283390035,0.928664978793386,0.7180437689978486,0.9370341655061721,0.9158508487926358,0.7858664005925851,0.9568975488495571,0.936652454326642,0.9585798896360752,0.9519595802769647,0.9451710304180706,0.97997406257798,0.977049963916248,0.936814147592717,0.9516686197623425,0.9624792975024307,0.966426379636531,0.9647195155379109,0.9406709349282211,0.8836022163445609,0.9417642921833257,0.9488870398941975,0.9277380866355976,0.8660031550849291,0.9586029595922858,0.9252360103314974,0.9574075164733339,0.9376286431016804,0.7290836453183449,0.8234014588934554,0.7550864791111926,0.8405452909384473,0.8674570043286199,0.8742471943242882,0.8541750570999724,0.8639636325991589,0.2495490197388514,-0.6111391283244757,0.9547731800226776,0.9309936551996865,0.9318157180875134,0.9424501088892876,0.9504586829018966,0.9624933466922841,0.9626029731199592,0.9187271877640152,0.9558035105476016,0.8135775414251963,0.637925470440934,0.920709685244615,0.9333988329968688,0.74387491784516,0.9219706083911956,0.9425066295804025,0.8114319868628563,0.9703917402627349,0.8353524665508772,0.609758252315208,0.6891879704946913,0.845630117713812,0.8377982964303732,0.8336431338228983,0.9778430934431454,0.9781178549804732,0.7149101452346888,0.6778490164785271,0.7851938344529322,0.30597698235811643,0.7620438681216667,0.7883245352126144,0.7839636564373123,0.7834850015019178,0.7297405377400887,0.7245525347428133,0.7026336343355402,-0.27626981371623527,-0.4230328165126225,0.6279884745843929,0.8831617772245416,0.9271152153203339,0.9370102173161838,0.9108922122958154,0.8128159649346465,0.9068346762679915,0.9288418978666015,0.928456526341603,0.7553670744237407,-0.12853313900562063],[0.9948364948889831,0.9894217540521529,0.9929579270609679,0.995542845574777,0.9981772779572112,0.9894106185090409,0.9990832327096689,0.9996688129080715,0.9998412734661231,0.9667282811045393,0.9996722038664219,0.9996532735637436,1.0,0.9996899457143913,0.9989250676287059,0.9979495621028731,0.9989459973748774,0.9994848110511451,0.999478303128892,0.9996713582338723,0.999645508901499,0.9928678890139143,0.9776971325322613,0.9958971040656207,0.9957861274755873,0.9851882663915861,0.9771918439682611,0.9465556488006774,0.988366270939137,0.9922044248426416,0.9908820283845989,0.9665234420618345,0.9987712610506909,0.9990830923583862,0.9992720640317568,0.9999191053912674,0.9988855793176116,0.9990660042253426,0.9971256704128699,0.9979926809186455,0.9987646566114409,0.9986923563183799,0.9881766268433443,0.9286176220567455,0.713747377198435,0.9371313825189554,0.9157456733219231,0.7851774277576521,0.9523027939245318,0.9297733069965921,0.9533754386440747,0.94844892336585,0.9410509799476772,0.9764106355704393,0.974922276920393,0.959854811346369,0.9513636451315456,0.9627831258434936,0.9657719627106284,0.9645705371787625,0.9639355118540077,0.8877051587690226,0.9389254883779842,0.9473103157599639,0.9470817648238684,0.8643300862767989,0.9589559092490282,0.9367880178914433,0.9592933343371913,0.9580320427203435,0.7337066541273186,0.8204645466519196,0.781791376244453,0.838257644057242,0.8689228145247894,0.8734232896829042,0.8624680531913388,0.8630423918289747,0.23457593125621956,-0.6056180591339101,0.9539531262643568,0.9306976115217154,0.9307972801518107,0.9626740154191775,0.9499345725962742,0.9613455725948821,0.9614127272786973,0.9186306870933851,0.9561565964850519,0.8202407766498493,0.6383524559523327,0.9212182857236865,0.9341928482148852,0.7412631335361345,0.9201528363625245,0.9409637823089375,0.8123410562113805,0.9730014209034187,0.8296064318917236,0.601332262442908,0.684600235181528,0.8368057661795901,0.8324573116979992,0.8256089065008326,0.979701537436829,0.9799328446538131,0.7057626136290885,0.6724850745179006,0.7647172149587738,0.3056869481665688,0.7520714666108052,0.7770107659625314,0.7535200093683208,0.7724321333757694,0.7274925516171885,0.7144847324295213,0.692827247379796,-0.28290049308826176,-0.42807427122604647,0.6275751212480397,0.8809085308054369,0.9283981946468928,0.9323715166346677,0.9100325867100927,0.8049669631066741,0.9004603131380454,0.9216667197552767,0.9219583021999868,0.7489698041288623,-0.12684626958329437],[0.9955108249768003,0.9894688054539778,0.9911946093653624,0.9960253808987738,0.9983627324874027,0.9883216978052666,0.9990493999992506,0.9999979205220865,0.9999901791266602,0.9675087071794924,0.9996800976880521,0.9999976615569708,0.9996899457143913,1.0,0.9994882268448724,0.9971841412862688,0.9993554118110729,0.9998950814052905,0.9998944558484117,0.999959868078979,0.9999925532004738,0.9910069858742272,0.9762324261094295,0.9944172994261997,0.9942529273295592,0.985262255224466,0.974589056924098,0.94422608115301,0.9917225343983836,0.994520788666245,0.9917089690066043,0.9686713392098767,0.9994474665038071,0.9995046597524762,0.9996320482044799,0.9997141535926444,0.9988909510995996,0.9994371732118997,0.9978470332034957,0.9986134179170777,0.999514912964727,0.9993816697069452,0.9843445129007321,0.9284717906886771,0.7173891990087162,0.9371108247882384,0.9157784465994713,0.7852596342055728,0.9566676827066893,0.9364038824344035,0.9583779065016834,0.9515437321115909,0.9447012199787292,0.9797757854727591,0.9768198929945496,0.936829369773996,0.951586746139481,0.9623533334439675,0.9663395625233677,0.9645840012839056,0.9401313172395142,0.8836270728044849,0.9413196636729145,0.9485219378569167,0.9275370720313276,0.8656759661602967,0.9586611661547756,0.9253976754996094,0.9573984628823518,0.9376823843396712,0.729332217858585,0.8228408057651979,0.7548122236899312,0.8400420030370319,0.8672676504597214,0.8739299809827102,0.8539079616594174,0.8636948507229586,0.24954879404023664,-0.6109546911588725,0.9546048386209215,0.930781711232307,0.931642694223503,0.9404026436952381,0.950394624368247,0.9623266171258765,0.9624328371758503,0.9186695482395237,0.9556526943963127,0.8135953274965111,0.6377700497271319,0.9211725040619069,0.9337988040185662,0.7435575213295372,0.9217987891186569,0.9423613825467706,0.8111456114574335,0.9705800142723396,0.8349647077424428,0.6086038476948062,0.6883861639528677,0.8452046886216594,0.8374234161628098,0.8332649323331552,0.9779782541777966,0.9782493261600614,0.7137961710998809,0.6768302329779996,0.7846224421482383,0.30542146637081236,0.7613475799088265,0.7875828914576332,0.7835750529167698,0.7826906962853009,0.729237327189863,0.7232801635381189,0.7013685823904608,-0.2770927929393368,-0.4237538373054356,0.6277331179854329,0.8825719065573516,0.9268534648131391,0.9365772419784308,0.9105027615546581,0.8120731738120792,0.9065258724060452,0.9283727566869961,0.9281172311830296,0.7548234529479373,-0.1277797014120058],[0.9973172084950179,0.9923375860546191,0.9890813358017657,0.9975718962248769,0.9988063024673832,0.9870251197122487,0.9996554634835991,0.9994222959350616,0.9995064402550191,0.9732660351409539,0.999580242804063,0.9994777575387024,0.9989250676287059,0.9994882268448724,1.0,0.9975051055936559,0.9997977903828693,0.9995642730460661,0.9995722359921431,0.999667068357546,0.999546886066223,0.9892625784615878,0.9739111440747962,0.9924357653225777,0.9920542564494778,0.9877187889043432,0.971001762123737,0.9433953773273381,0.9933753704268092,0.9941893628364751,0.9928428568633262,0.9717721108101051,0.9995398290858267,0.9997608620051521,0.9997208678553261,0.999310753908043,0.9995157822455495,0.9997712707783475,0.9985525683592177,0.9995829350076356,0.9996980449480909,0.9995068876604923,0.9813336287319299,0.927434915234234,0.7282853482371094,0.9319865606931018,0.9167765205310423,0.7997083251985825,0.9606870962875761,0.9425497677040025,0.9624785324826389,0.9576149226674311,0.9511183332123945,0.9829879433829214,0.9796887067435259,0.9413187845968574,0.9546622377978472,0.9675924609289475,0.9690181542356058,0.9697166650046212,0.9436844791517257,0.8881254562579136,0.9466428329428027,0.955606313258696,0.9338386749555472,0.8747070280280936,0.9604663654100457,0.9287893666952537,0.9612812653848982,0.941724900406067,0.7338865794270971,0.8313624787097749,0.7610255160744389,0.8481654992644431,0.8725433429454805,0.878211555018619,0.859043365554001,0.8699823313522596,0.25657757137771176,-0.6106335312661952,0.958489656207543,0.937358824763905,0.9371672399316239,0.9454073150126815,0.954785744954739,0.966375346898141,0.9664971005436975,0.9231792410547087,0.9612316917886107,0.8195147611364638,0.6444350345426483,0.9072832435024963,0.9243066387799131,0.7501147295689957,0.9238785843645458,0.9439971089213657,0.8133995156926785,0.965670197089132,0.838731090688606,0.6251311881803668,0.6988586247331926,0.8503800743538674,0.8438111523990051,0.8371525479555093,0.9751026993319953,0.9753962342826088,0.7270567262149891,0.687889901666555,0.7914525601906273,0.32055728253961274,0.7722840162976093,0.7984832995673754,0.7902342009549342,0.7943216228467964,0.7391961623351644,0.7335962467538436,0.7122436620649895,-0.25980933945324813,-0.4081419195743485,0.6404781254969767,0.8905826455496584,0.9324891135455133,0.9451993429355688,0.916881485493083,0.8248686270036908,0.9149713638294484,0.9368225981560447,0.9359858333246857,0.7688135646863774,-0.14244686386276853],[0.9965846199927572,0.9943549735693499,0.9920608177944308,0.9971185717923714,0.998028924356838,0.9916516029561421,0.9968347744415713,0.9924172032350842,0.9978615315159053,0.9678585309996109,0.9986235502966685,0.9938290788027426,0.9979495621028731,0.9971841412862688,0.9975051055936559,1.0,0.99837749168067,0.9975516709130158,0.9975486788872033,0.997666275728693,0.997136453995963,0.9925231144770021,0.9790066917717161,0.9786220428872343,0.9894416414607435,0.9901681754833606,0.9758353798267724,0.9530506490639001,0.9922630205853603,0.990016108393688,0.989249621015446,0.9680092861868536,0.9973025558700974,0.9976677601660607,0.9977694818757274,0.9976856488940805,0.9985829892273145,0.9978606960234881,0.9972085374217604,0.9977974881478976,0.9972828119313937,0.9972781316020946,0.9829218847331034,0.9160585800697065,0.7258636799422923,0.9257269957588697,0.9157577496761616,0.8038875424113034,0.9582347448378935,0.9414859209829978,0.9607596327207906,0.9506671321917425,0.9417056383239486,0.9792738189723239,0.9752645630773393,0.9531053037545948,0.9624552861117167,0.9728021074309221,0.9719541083451373,0.9737368952977411,0.9535801690825007,0.9027337237892756,0.944701920492829,0.9553581073459424,0.9406371197013051,0.8838222537647104,0.9666188690177971,0.944672363771254,0.968938510443617,0.9539997131729472,0.7603412934657359,0.8320238611210101,0.7758455164370557,0.8506320572830091,0.8844741943801958,0.8824417156984424,0.8674696008970304,0.8785114670402686,0.2924397906480802,-0.5803005822084664,0.961644668682019,0.9436813387745568,0.9437033546255122,0.9573494500286497,0.9599429753305516,0.9680209594054281,0.9679861257481096,0.932418939373596,0.9672171084107882,0.8404325584696152,0.6426165704087871,0.9027523268979504,0.9226196920696128,0.7448316203662693,0.9182035027740169,0.9383069688289438,0.8100049907202543,0.9665075868480971,0.8303535268052977,0.6007033803071448,0.6826714170819965,0.8359806812784693,0.835018789581086,0.8246572626130118,0.9730389931291942,0.9731681323024345,0.7015355740288,0.6691472197080293,0.7792672498794528,0.3130840792154564,0.7538995991756096,0.7775097302467244,0.7864555061993117,0.7731896420768752,0.7268421410458918,0.7043956452392606,0.683947690980493,-0.256481009515359,-0.40244355024854533,0.6454481108564313,0.877742276544048,0.9307479002765205,0.9367177936813109,0.9039935134455412,0.8060545604615839,0.9147941887143173,0.9280179716606733,0.9332884751064021,0.7686106170162326,-0.15322160579861133],[0.99814670766594,0.9952514069707272,0.9905113949093969,0.9984845611180548,0.9992145138477909,0.9894047579256011,0.9999027692752716,0.9993361251969587,0.9993270304510612,0.9752161350233175,0.9991640953220797,0.9993852212921689,0.9989459973748774,0.9993554118110729,0.9997977903828693,0.99837749168067,1.0,0.999667970537324,0.9996722065660735,0.9994518872473199,0.999371286303809,0.9931769689577705,0.9782848271893754,0.9944273269831695,0.9940328210789977,0.9900424540473977,0.9764596698057092,0.9479870401920654,0.9915943574883398,0.994472894620483,0.9919919514071409,0.972250484376343,0.9998709536455698,0.9998612147968532,0.9998390250245933,0.9991954745