var element=document.getElementById("correlationClose");if(element.style.display!='none'){var correlationClose={"data":[{"type":"heatmap","z":[[1.0,0.9999902367150004,0.7018461563918699,0.999753677880726,0.9982075122771308,1.0,0.9930074407614131,0.9898875086820905,0.9898875086820905,0.9935110448221256,0.9782401778949774,0.9877498756525216,0.9930392614702563,0.9933851481118922,0.9930824612501973,0.7145216393700705,0.6239095943347504,0.2376843550910419,0.9937876366145512,0.9937800837538738,0.9859004184537082,0.9930272351313014,0.36852981144403096,0.7682344956126138,0.9836237141285995,0.9836237141285995,0.9836051932288675,0.9782115295927284,0.29587402786686506,-0.1486908000195312,0.9892238727102862,0.9891833106868645,0.24276481981921258,-0.2296584950742122,0.9949667573784673,0.9953249444930959,0.8626510666699096,-0.3454135763729874,0.9910341065159955,0.9953678331403725,0.6929842698827234,0.2180806282400429,0.9950834811585973,0.9950790456386611,0.9950834811585973,0.9077824547381885,0.6579738645727449,0.9297446145741719,0.9329531286337487,0.8540413620064976,0.38160116677289835,-0.18759212127147026,0.22630904550175515,0.9524307941970512,0.36511690525290497,0.9755347302422722,0.9723455067882482,0.9816306862925502,0.9894414273759758,0.9376718519423636,0.9470986895960666,0.9497046709907738,0.9384452020875315,0.947027469934467,0.9476108663833669,0.947027469934467,0.899408856739463,0.9284729682884517,0.9292807551781475,0.9284729682884517,0.9329223586411793,0.8112818683412473,0.9063545223516878,0.9074692351698823,0.9063545223516878,0.7371600679656319,0.427347016752375,0.727188584947364,-0.5264097950759299,0.6330460742381042,0.6453318612000379,0.645540727537966,0.6453318612000379,-0.07916072950253895,0.9208876767453883,0.9501273077363581,0.9362746473579039,0.9389840672198557,0.2373949075054174,0.9156002404639547,0.9161093338046548,0.9156002404639547,0.9192931889877433,0.9192931889877433,-0.09263502312472607,0.6036415761773348,0.13948741503988377,-0.710955779699101,-0.601101439738646,-0.605116317938902,-0.15816382850793886,0.1541349579883439,0.19200553123521197,-0.02880675088853794,-0.5898026384127407,-0.04016206464590918,-0.7977617142620942,-0.3095339289422348,0.1762745355596536,0.177645456336874,-0.5819405779815872,-0.5708520202995672,-0.29708318808760187,-0.5245542240913658,-0.8117738738896169,-0.4232236563654353,-0.41577529040479416,-0.4232236563654353,-0.24879791600363085,-0.36996453701345444,-0.36996453701345444,-0.79994705244428,-0.79994705244428,0.45655874734428104,0.6316040145892181,0.8499258313036981,0.8416603625002073,0.7557437592885978,-0.3488112121266947,0.7469859716611101,0.7729763696093904,0.7731603097912229,0.7729763696093904,-0.1627599681915414],[0.9999902367150004,1.0,0.9832230197185775,0.9995487925004233,0.9962269912055863,0.9999902367150004,0.9859169391860845,0.9811508779272692,0.9811508779272692,0.9858254771549215,0.9749543635183192,0.986695580608698,0.985946379610044,0.9859058893644722,0.9858062567594537,0.028526983268839137,-0.06453903821043601,-0.46869708869576515,0.9888931475143031,0.9888914817134284,0.9859854598177276,0.9859898409088617,-0.1985317683702918,0.9815641762312253,0.9817169583189097,0.9817169583189097,0.9817411728956111,0.9782970913543393,0.06314073369760097,0.08713870824252579,0.9831677350725759,0.9831952921372439,0.71480021862607,0.03531064861950373,0.9911455400397542,0.9911574803982464,0.9916720917462962,0.9868677481613711,0.9902399760257028,0.991186936120521,-0.020407574830974166,-0.4729816834425734,0.9917164688243152,0.9917158748784979,0.9917164688243152,0.9075299835535899,0.5081878005219552,0.9297047912064762,0.9327481414314773,0.8535949184562921,-0.23134582768582712,-0.4701848114056846,0.8559762754292438,0.8981750536126869,-0.2598699883656842,0.9442322782070846,0.9443614628481933,0.9645386736435451,0.9787537078877451,0.9579705491849997,0.9629572222294343,0.949471673610874,0.9512645195423368,0.9523443187466794,0.9526833630575114,0.9523443187466794,0.8792896847524447,0.8552324573873898,0.8564264197659497,0.8552324573873898,0.9598389134620933,0.9624521272521355,0.9597654301955839,0.9604323493179866,0.9597654301955839,0.6869057538479636,0.6438422802973277,0.7196283689044575,0.7786943424189702,0.698215396834531,0.7189801350885817,0.7200145426957847,0.7189801350885817,-0.0981532304833561,0.928536912504626,0.9467367900493272,0.9407277040425083,0.9623156823714791,-0.32584960671471663,0.9255079363048285,0.925641221463383,0.9255079363048285,0.9310623758903034,0.9310623758903034,-0.1759702590610361,0.604289228457986,-0.37299283760965746,-0.7995645828554766,-0.46621430022410265,-0.47026951832349745,-0.3980610331774359,0.2924429716883506,-0.2695158223745291,-0.5149502011543574,-0.7541552371745932,-0.3696697240310373,-0.47158791419342916,-0.43484212106979053,0.1451705361693235,0.1428363526960837,-0.49072374135797536,-0.45961125634955374,-0.48791054531473266,-0.5197081904533928,-0.5115041582273264,-0.49032604034544547,-0.49371033188803337,-0.49032604034544547,-0.3833311009585071,-0.5513371724059654,-0.5513371724059654,-0.5157594169464806,-0.5157594169464806,0.45449407575019596,0.3714029174133161,0.5068233420267284,0.6258223957195105,0.5293581286102386,-0.4449648738916504,0.39590861375196873,0.315824747721566,0.3160234045209161,0.315824747721566,0.20347478239704497],[0.7018461563918699,0.9832230197185775,1.0,0.6993288465307904,0.6430620112714233,0.7018461563918699,0.6805397801199581,0.673847717276331,0.673847717276331,0.6347708729256438,0.6038951173930582,0.9947152378087034,0.6805515632478193,0.6771850691803433,0.6806723689848287,0.37695044799001814,0.3318701718928418,-0.2329814056897693,0.6468723986091313,0.6461468070013582,0.6166606113932175,0.6796214591693611,0.15310168514070852,0.8147120722108686,0.6633071625023234,0.6633071625023234,0.6630856200084291,0.9892950941117158,0.2705476534860295,0.08198542139407321,0.6369578962053856,0.6365978400238406,0.6094915172398521,-0.06588197118074407,0.675968940138946,0.6280036512163126,0.6389612144299,0.2829427210667163,0.9932912623365181,0.6250084248938271,0.3604657695083404,-0.2426307443942444,0.6929300876241243,0.6739638918023834,0.6929300876241243,0.9050006673175455,0.42383276413278886,0.9427765612892823,0.9243201045474201,0.7670320333495897,0.234143672415579,-0.08007996255527267,0.05506346038277536,0.5771934912945424,-0.08108269699462424,0.6212925225102227,0.5990905505973383,0.616527211259893,0.5805971033714812,0.03239164814740871,0.8242383265546652,0.7604409654403026,0.6889525422199362,0.7659285988413772,0.7821982870832984,0.7659285988413772,0.5935107753493659,0.6857615729359753,0.7266465884226803,0.6857615729359753,0.7377607144888344,0.6985602387156103,0.7507604169366877,0.7875636029129895,0.7507604169366877,0.4915609754247495,-0.08287916901100797,0.5072252345101876,0.08752299623873232,0.47470714154075555,0.2690435234214814,0.5300031546305484,0.2690435234214814,-0.1278965054341776,0.6684633431152689,0.8995641002361922,0.7299172265828733,0.7895842049397624,-0.090478998416379,0.7006941004064323,0.7001952086772807,0.7006941004064323,0.7506035702844258,0.7506035702844258,-0.1899673763607774,0.7045671072874584,-0.17692604660711905,-0.7293780204316224,-0.45970698055515885,-0.46386286129397936,-0.43706653936459355,0.13191682006169325,0.019882870550128086,-0.35951361776584334,-0.7093092132693269,-0.18338881119867148,-0.3461525774009423,-0.293347415742182,0.06476369149729211,0.06314401641516133,-0.5038036387466983,-0.08685595903616801,-0.2759565333515424,-0.5228705414557064,-0.2319256528373078,-0.4231779015379274,-0.3069449705819294,-0.4231779015379274,-0.43458014942928397,-0.5594906477925505,-0.5594906477925505,-0.32635978483873207,-0.32635978483873207,0.4078216888747626,0.22476760520921252,0.3026787570203824,0.539663809125722,0.316814676777773,-0.39977586559243694,0.0001935202614698704,0.4650525061736158,0.5609354261577912,0.4650525061736158,0.010892859929733318],[0.999753677880726,0.9995487925004233,0.6993288465307904,1.0,0.9989976514235571,0.9997536778807259,0.9940978078833973,0.9913989030096985,0.9913989030096985,0.9948029355117756,0.9766066299085993,0.9905920540238169,0.9941201753237331,0.994731024010831,0.9941416931208684,0.7136392092170808,0.6225697475505523,0.223493009735445,0.9947058783479394,0.9947015148014824,0.9859362632485492,0.9941022420716024,0.360046070924787,0.7723614355415624,0.9859055489990101,0.9859055489990101,0.9858861617589936,0.9834074626518813,0.2915830775262102,-0.15453481972944286,0.9884709334017123,0.9884376478955559,0.2349083048430815,-0.2300088822971945,0.9953849085790519,0.9959403477834656,0.8322574626164705,-0.34947269601100994,0.9930820144840693,0.9961875685053065,0.6915082172417538,0.20362913944626104,0.9935828838105889,0.995416447082708,0.9935828838105889,0.9058375844569891,0.6465519219303754,0.9324023802665231,0.9301525252984078,0.8397139501470653,0.37715831191645277,-0.19194997483973514,0.2215654884584521,0.9475760915817744,0.350093131930935,0.9713124680464637,0.9696964232570265,0.9796003843714084,0.9892126966156044,0.920864292961243,0.9423586893176197,0.9396933961122972,0.9355645771746994,0.9339273579480015,0.9346898686402638,0.9339273579480015,0.8933918606536838,0.9191349070052078,0.920004541063351,0.9191349070052078,0.9304327337642861,0.7628318167360127,0.8751442126321816,0.8762832025956063,0.8751442126321816,0.7311687101187874,0.1810843862127396,0.719824310115215,-0.5310561612088199,0.6294588517714982,0.3826314108966821,0.6189365129112323,0.3826314108966821,-0.0847465590466011,0.9171377157915115,0.9450118632997839,0.9307136323933387,0.9203805069036259,0.22384254999418832,0.9124726970135801,0.9130913703431358,0.9124726970135801,0.9042855699052853,0.9042855699052853,-0.09681944419834915,0.6208412546419572,0.14448701045805348,-0.7194728905869574,-0.6071385258794435,-0.6110733329419157,-0.1690723566351493,0.1502136611374052,0.18593362529729987,-0.04100581052923236,-0.6002098826980996,-0.04558483619272361,-0.802603662487653,-0.3164394717563541,0.16739804173503275,0.16881901933746407,-0.587745397157079,-0.5675716441743915,-0.29740173258447616,-0.5335692050524757,-0.8127424713419592,-0.4238605919318979,-0.41695765561153814,-0.4238605919318979,-0.25616667343526467,-0.3782952725383463,-0.3782952725383463,-0.7991445143827752,-0.7991445143827752,0.44818120642189957,0.6212648931496617,0.8422890497908447,0.8343579991753278,0.7491373629956841,-0.360376653223124,0.7383953160186763,0.7644196457094696,0.7646034767604152,0.7644196457094696,-0.14831538744407538],[0.9982075122771308,0.9962269912055863,0.6430620112714233,0.9989976514235571,1.0,0.9982075122771308,0.9973369707544278,0.9960961611423417,0.9960961611423417,0.9975473156195459,0.9706679263025557,0.996551870779942,0.9973524675288806,0.9974201390977208,0.9973743712557062,0.6015745744712959,0.4843041238545509,0.017079953933930286,0.9977129786502394,0.9977124465172538,0.988275889156883,0.9973380437091114,0.001509192232948216,0.7587794132625831,0.993086341686017,0.993086341686017,0.9930489889667832,0.9913410052628221,0.06720571879122769,-0.13849413637079153,0.9873150994864511,0.9872412343252646,-0.057573499971640234,-0.1372428603733238,0.9977737177708372,0.9976951161455935,0.8277644882478212,-0.46228140834880566,0.9976751442899148,0.9980327340056444,0.5661797546357819,-0.006944844994957925,0.9977176733671367,0.9977222827471675,0.9977176733671367,0.9178094150506714,0.6141718151180307,0.9405683385997385,0.9288368505955209,0.8187278511271459,-0.06044517848798621,-0.5855939975004101,-0.14889006266140983,0.9388863756571987,0.2058461953837432,0.9690640027850647,0.9691073154207845,0.9827813742480431,0.9898453699640508,0.9203396740190042,0.926423883266012,0.9304023220585411,0.9244531763716496,0.9288234962494639,0.9291429652511356,0.9288234962494639,0.8723735399542751,0.8827008024315107,0.8836527959771605,0.8827008024315107,0.9205328389121589,0.8461817235982239,0.9030564521270867,0.9036791577674032,0.9030564521270867,0.6971104815651872,0.5995810729075381,0.6896663607663039,-0.5346361162139494,0.676594423944914,0.6594069068791736,0.6586795053917391,0.6594069068791736,-0.09314493421714022,0.901844070198915,0.9247597685723975,0.9115969050400667,0.9274500494153867,0.06957941481309775,0.9006864559392731,0.9014960567432885,0.9006864559392731,0.9055245669095667,0.9055245669095667,-0.13298970468195892,0.6642007305912462,-0.000720567666226935,-0.7449174942183914,-0.6496508863163807,-0.6509064342339,-0.19705592447150316,0.17349667804484595,-0.1972574650441188,-0.28129921396521806,-0.6616682909550309,-0.3949444461942394,-0.8411060863272742,-0.5792191894568467,0.13921602959975338,0.14049799061921772,-0.6110315077503873,-0.5634925813108259,-0.5591090646442041,-0.5687553779697275,-0.7673500338428054,-0.6078625757654802,-0.6108160967552755,-0.6078625757654802,-0.2903328689365924,-0.407776160352461,-0.407776160352461,-0.7377233408350179,-0.7377233408350179,0.4360739355550492,0.6064800035529758,0.8029102027636073,0.8019561460273555,0.7421326677347275,-0.48010042835438627,0.6165234058162885,0.6637558880909447,0.6638576359682165,0.6637558880909447,0.07873566648966564],[1.0,0.9999902367150004,0.7018461563918699,0.9997536778807259,0.9982075122771308,1.0,0.9930074407614131,0.9898875086820905,0.9898875086820905,0.9935110448221256,0.9782401778949774,0.9877498756525216,0.9930392614702563,0.9933851481118922,0.9930824612501973,0.7145216393700705,0.6239095943347504,0.2376843550910419,0.9937876366145512,0.9937800837538738,0.9859004184537082,0.9930272351313014,0.36852981144403096,0.7682344956126138,0.9836237141285995,0.9836237141285995,0.9836051932288675,0.9782115295927284,0.29587402786686506,-0.1486908000195312,0.9892238727102862,0.9891833106868645,0.24276481981921258,-0.2296584950742122,0.9949667573784673,0.9953249444930959,0.8626510666699096,-0.3454135763729874,0.9910341065159955,0.9953678331403725,0.6929842698827234,0.2180806282400429,0.9950834811585973,0.9950790456386611,0.9950834811585973,0.9077824547381885,0.6579738645727449,0.9297446145741719,0.9329531286337487,0.8540413620064976,0.38160116677289835,-0.18759212127147026,0.22630904550175515,0.9524307941970512,0.36511690525290497,0.9755347302422722,0.9723455067882482,0.9816306862925502,0.9894414273759758,0.9376718519423636,0.9470986895960666,0.9497046709907738,0.9384452020875315,0.947027469934467,0.9476108663833669,0.947027469934467,0.899408856739463,0.9284729682884517,0.9292807551781475,0.9284729682884517,0.9329223586411793,0.8112818683412473,0.9063545223516878,0.9074692351698823,0.9063545223516878,0.7371600679656319,0.427347016752375,0.727188584947364,-0.5264097950759299,0.6330460742381042,0.6453318612000379,0.645540727537966,0.6453318612000379,-0.07916072950253895,0.9208876767453883,0.9501273077363581,0.9362746473579039,0.9389840672198557,0.2373949075054174,0.9156002404639547,0.9161093338046548,0.9156002404639547,0.9192931889877433,0.9192931889877433,-0.09263502312472607,0.6036415761773348,0.13948741503988377,-0.710955779699101,-0.601101439738646,-0.605116317938902,-0.15816382850793886,0.1541349579883439,0.19200553123521197,-0.02880675088853794,-0.5898026384127407,-0.04016206464590918,-0.7977617142620942,-0.3095339289422348,0.1762745355596536,0.177645456336874,-0.5819405779815872,-0.5708520202995672,-0.29708318808760187,-0.5245542240913658,-0.8117738738896169,-0.4232236563654353,-0.41577529040479416,-0.4232236563654353,-0.24879791600363085,-0.36996453701345444,-0.36996453701345444,-0.79994705244428,-0.79994705244428,0.45655874734428104,0.6316040145892181,0.8499258313036981,0.8416603625002073,0.7557437592885978,-0.3488112121266947,0.7469859716611101,0.7729763696093904,0.7731603097912229,0.7729763696093904,-0.1627599681915414],[0.9930074407614131,0.9859169391860845,0.6805397801199581,0.9940978078833973,0.9973369707544278,0.9930074407614131,1.0,0.9977088738305898,0.9977088738305898,0.9999728863618216,0.9657994031102486,0.9997151469027099,0.9999968726952483,0.9999882219247251,0.999993960122939,0.808909297093182,0.792895708447401,0.19569506978538306,0.9998730436384096,0.9998734169782729,0.990743655673648,0.9999970143818249,0.285495913630201,0.766681160041173,0.9868082742838552,0.9868082742838552,0.9881259761370706,0.9926833581846668,0.22796121120950757,-0.20290769324018398,0.9915715668998719,0.9916335181715086,0.149512006240315,-0.27087833005019785,0.9993899643395077,0.9995095333871604,0.4791966373869231,-0.2960698203705746,0.9991892779194798,0.9994860806629653,0.7852998772623964,0.17455810543271363,0.9484201011784513,0.9991594309355172,0.9484201011784513,0.925545148184897,0.6223674626493391,0.9480042157171533,0.9281469392808385,0.7879395050963521,0.4187820060526918,-0.12910450489079212,-0.1778305473931539,0.9368996703492559,0.32329739562713444,0.9697577564481882,0.9667847443109626,0.9808547334473734,0.995473466920644,0.005708327965142983,0.8914750508772814,0.8539551096985537,0.8943588961893201,0.8491945393145054,0.8151611446328001,0.8491945393145054,0.8388702947916198,0.8211646970107661,0.8103416509182629,0.8211646970107661,0.8896612376954246,0.44588442196885136,0.637365160666999,0.6879282400468052,0.637365160666999,0.6661666638041932,-0.3271097658079451,0.6448854428780993,-0.5981687096199826,0.5646092795646221,-0.061759280375615844,0.4928663341952984,-0.061759280375615844,-0.12529380904618156,0.86859785371622,0.8910419219020281,0.8775150549083769,0.7906740953415825,0.194304434564109,0.8669174474656479,0.8678529919081669,0.8669174474656479,0.796690096801248,0.796690096801248,-0.16753709724373003,0.7035194939392742,0.22232332443187527,-0.7211541312787427,-0.644745412736787,-0.6482302297525175,-0.2059016006149534,0.10191558803827107,0.3096671223846061,-0.06472047780066664,-0.6070862668009773,0.022694053983769696,-0.8293949419245279,-0.21159955228654634,0.10626570300973463,0.10769512521992143,-0.6275969048664578,-0.5817164748650376,-0.13120827109857233,-0.6016411654280482,-0.8292862539521577,-0.41364535174421063,-0.2510513391349999,-0.41364535174421063,-0.31842087635972244,-0.414044358981073,-0.414044358981073,-0.821206761823352,-0.821206761823352,0.4345112812993336,0.5934590581126913,0.5169693601305738,0.8077226010720099,0.7402301855167732,-0.4053730566671043,0.07761183845297456,0.7444758446117465,0.763020377546035,0.7444758446117465,-0.08884084534944779],[0.9898875086820905,0.9811508779272692,0.673847717276331,0.9913989030096985,0.9960961611423417,0.9898875086820905,0.9977088738305898,1.0,1.0,0.999611859899561,0.9600036617251019,0.9988961388700399,0.9984142287161859,0.9994561495087002,0.9992328834972661,0.8054451291726095,0.7800611512745692,0.17432999202818644,0.9992570104817365,0.9992589412471801,0.9883327979633467,0.9993542416813651,0.26082145354018993,0.7687544819442854,0.9933760229422754,0.9933760229422754,0.9865043083092687,0.9905080258904608,0.21088786313162633,-0.21554379527391745,0.9879476857212851,0.9913658016163392,0.13143869536314146,-0.27667893518450626,0.9984361239374361,0.9984498040272366,0.46375981761452356,-0.30182604491732734,0.9976013164089685,0.9984269411930042,0.7819329316522877,0.15285320738779143,0.941961090700001,0.9982684568355513,0.941961090700001,0.9236428300609512,0.6082800044468373,0.9487305655901225,0.9270715709391278,0.7708612915151597,0.40659498181642284,-0.1431266171130904,-0.1891593841211991,0.9295100013449492,0.3036718161564131,0.9654334201291476,0.962192235436376,0.9763224788804299,0.9944152180087686,-0.002646058671240977,0.883710256714082,0.8417170664866703,0.8883907698103486,0.8379831819272323,0.804967342365059,0.8379831819272323,0.8298078688724142,0.8066104168426728,0.799178126380395,0.8066104168426728,0.8838312106574756,0.4298676308869755,0.6208664144480336,0.6741561745789945,0.6208664144480336,0.6571228095464001,-0.34004978893262117,0.6343238457570459,-0.6039135253950195,0.5592938763727279,-0.08138748605514524,0.4795135774352022,-0.08138748605514524,-0.13084339119513974,0.8617840350501417,0.8817120069741909,0.8689436189825517,0.7781410361591814,0.1768404550693761,0.8606733434508375,0.8617658079291035,0.8606733434508375,0.7833462857146609,0.7833462857146609,-0.1806609096942202,0.7232291681332673,0.22835114660615527,-0.7298935343751105,-0.6559229398616291,-0.6592417533370524,-0.21957468107538206,0.09558508551650952,0.30259275309073796,-0.0831630925839625,-0.6187112675048735,0.013499072055029789,-0.8340991163902118,-0.21804795704012844,0.0925918414022346,0.0940451493890854,-0.6377564374767106,-0.5822415256300879,-0.13793834521627538,-0.6160190942699166,-0.8280795531279133,-0.4242565328481895,-0.2571095392645459,-0.4242565328481895,-0.3339651222349103,-0.42630927041925937,-0.42630927041925937,-0.8185240976727707,-0.8185240976727707,0.4189171278093091,0.5780959721719556,0.49962061627607307,0.7911290245831759,0.7286243180975756,-0.4249547939299405,0.06473912269566978,0.7263140388026528,0.7478908649563694,0.7263140388026528,-0.07219306734815528],[0.9898875086820905,0.9811508779272692,0.673847717276331,0.9913989030096985,0.9960961611423417,0.9898875086820905,0.9977088738305898,1.0,1.0,0.999611859899561,0.9600036617251019,0.9988961388700399,0.9984142287161859,0.9994561495087002,0.9992328834972661,0.8054451291726095,0.7800611512745692,0.17432999202818644,0.9992570104817365,0.9992589412471801,0.9883327979633467,0.9993542416813651,0.26082145354018993,0.7687544819442854,0.9933760229422754,0.9933760229422754,0.9865043083092687,0.9905080258904608,0.21088786313162633,-0.21554379527391745,0.9879476857212851,0.9913658016163392,0.13143869536314146,-0.27667893518450626,0.9984361239374361,0.9984498040272366,0.46375981761452356,-0.30182604491732734,0.9976013164089685,0.9984269411930042,0.7819329316522877,0.15285320738779143,0.941961090700001,0.9982684568355513,0.941961090700001,0.9236428300609512,0.6082800044468373,0.9487305655901225,0.9270715709391278,0.7708612915151597,0.40659498181642284,-0.1431266171130904,-0.1891593841211991,0.9295100013449492,0.3036718161564131,0.9654334201291476,0.962192235436376,0.9763224788804299,0.9944152180087686,-0.002646058671240977,0.883710256714082,0.8417170664866703,0.8883907698103486,0.8379831819272323,0.804967342365059,0.8379831819272323,0.8298078688724142,0.8066104168426728,0.799178126380395,0.8066104168426728,0.8838312106574756,0.4298676308869755,0.6208664144480336,0.6741561745789945,0.6208664144480336,0.6571228095464001,-0.34004978893262117,0.6343238457570459,-0.6039135253950195,0.5592938763727279,-0.08138748605514524,0.4795135774352022,-0.08138748605514524,-0.13084339119513974,0.8617840350501417,0.8817120069741909,0.8689436189825517,0.7781410361591814,0.1768404550693761,0.8606733434508375,0.8617658079291035,0.8606733434508375,0.7833462857146609,0.7833462857146609,-0.1806609096942202,0.7232291681332673,0.22835114660615527,-0.7298935343751105,-0.6559229398616291,-0.6592417533370524,-0.21957468107538206,0.09558508551650952,0.30259275309073796,-0.0831630925839625,-0.6187112675048735,0.013499072055029789,-0.8340991163902118,-0.21804795704012844,0.0925918414022346,0.0940451493890854,-0.6377564374767106,-0.5822415256300879,-0.13793834521627538,-0.6160190942699166,-0.8280795531279133,-0.4242565328481895,-0.2571095392645459,-0.4242565328481895,-0.3339651222349103,-0.42630927041925937,-0.42630927041925937,-0.8185240976727707,-0.8185240976727707,0.4189171278093091,0.5780959721719556,0.49962061627607307,0.7911290245831759,0.7286243180975756,-0.4249547939299405,0.06473912269566978,0.7263140388026528,0.7478908649563694,0.7263140388026528,-0.07219306734815528],[0.9935110448221256,0.9858254771549215,0.6347708729256438,0.9948029355117756,0.9975473156195459,0.9935110448221256,0.9999728863618216,0.999611859899561,0.999611859899561,1.0,0.9648889995247505,0.9996824046966848,0.9999738003914458,0.9999730625875675,0.9999767519553094,0.6509158513298282,0.5375621006454566,0.07523211155533426,0.9998318526704169,0.9998327625398028,0.9906675058296412,0.9999712329486813,0.05804379005615052,0.7478036072099814,0.9957129041641697,0.9957129041641697,0.9956751583761686,0.992587458589246,0.05540452730183304,-0.14696085483043658,0.9910083447376171,0.9909641216670811,-0.03577253207017566,-0.23322830878667664,0.9994476857500514,0.9994068244115281,0.8306250652651785,-0.463126433141495,0.999132885107089,0.999458865351358,0.6174100482618124,0.05137497434416595,0.9993246355712185,0.9993298664178523,0.9993246355712185,0.9252462032362894,0.6227584020100392,0.947683543172818,0.927612426944438,0.7875218304127388,0.03506808002230714,-0.5417218857149673,-0.10900273747334863,0.9335492030171473,0.26853250486276314,0.9671403714306023,0.9667821553968214,0.9830591816367659,0.9947946856818125,0.8966537639716325,0.8922303824334453,0.9077974303897034,0.8953854128982381,0.9061607539979509,0.9066959063102445,0.9061607539979509,0.8386867041973858,0.864633094932926,0.8658161560569511,0.864633094932926,0.8909963126921937,0.8123129205617665,0.8768828598411863,0.8778681368660417,0.8768828598411863,0.6662733308936984,0.53364817336352,0.6444676959358693,-0.5940480552279566,0.6146800644667065,0.5864287674715644,0.5863539943869249,0.5864287674715644,-0.07826839912566458,0.8694687372795925,0.891122223504792,0.8780937339182219,0.9044725550393108,0.10833154932553084,0.8719119572416199,0.8734802112510005,0.8719119572416199,0.8769017337170587,0.8769017337170587,-0.16903918275158544,0.7043967518288359,0.02731588652445065,-0.7324154127388275,-0.676652053606414,-0.678106706495169,-0.20931826985398524,0.10535000383573381,-0.20152184152011188,-0.24662632668662565,-0.6435639946884428,-0.4207738459715757,-0.86174707769385,-0.6120008457204303,0.10525029339633019,0.10725536598618479,-0.628982031689567,-0.5779038419392697,-0.5692320648262229,-0.6030745088529472,-0.794257542369475,-0.630741054259053,-0.6331677286063866,-0.630741054259053,-0.32002307482388487,-0.41699550709304767,-0.41699550709304767,-0.7750935371943737,-0.7750935371943737,0.43297379586472123,0.5915262259258984,0.8138541588141507,0.8119645940179354,0.7381431826661412,-0.43163788484216126,0.646351853786807,0.6890106068483787,0.6891961775416114,0.6890106068483787,0.14770843178485596],[0.9782401778949774,0.9749543635183192,0.6038951173930582,0.9766066299085993,0.9706679263025557,0.9782401778949774,0.9657994031102486,0.9600036617251019,0.9600036617251019,0.9648889995247505,1.0,0.9535095284427764,0.9658176944580815,0.9658490271821651,0.9655752731958356,0.4129300922763159,0.2959453873941036,-0.15609176371564404,0.9696297773047455,0.9696111472897422,0.9659141923899863,0.9659064448696526,-0.03391611297328971,0.7844228939746161,0.9671920841771017,0.9671920841771017,0.9673459226930904,0.9140559134039952,0.14409834135910804,-0.13499458100039913,0.9716610675535297,0.9717484645019678,0.10699804379659718,-0.00892675949771163,0.9727467104657631,0.972963306096449,0.8987197208997344,-0.3396555808592034,0.9605767938983892,0.9720470248467594,0.37295422109219284,-0.17584203925100278,0.9737055190437683,0.9736770857257048,0.9737055190437683,0.8446554430567171,0.431616428148751,0.8643308043402461,0.9169330775457666,0.8791085432386755,-0.47212720478503756,-0.6696910764203855,-0.18286779998222477,0.9036631868206433,-0.04184040574050509,0.929007302492694,0.9290635213751808,0.9445824001681069,0.9699806653533443,0.8980508994801755,0.9005055058309269,0.9096890378722057,0.9009085722895401,0.9034125633470327,0.9039068361697562,0.9034125633470327,0.8619924828344582,0.8392567000767386,0.8404400611645111,0.8392567000767386,0.8972366518273661,0.909736930366579,0.8953894950014555,0.8958166262966231,0.8953894950014555,0.7398795854637567,0.6817319889439133,0.7406400352477639,-0.2495279005393128,0.7528901570932135,0.7668471336704692,0.768880351106803,0.7668471336704692,-0.23168513576407374,0.8965117993483932,0.9426746390622752,0.9092233197447729,0.9093065347350893,-0.05037402302738025,0.8910799723229923,0.8918123564333231,0.8910799723229923,0.8977159821938799,0.8977159821938799,0.03629659914129505,0.44037239673971423,-0.14410532952271105,-0.676867518881707,-0.45058169246123847,-0.45322841628142924,-0.084903898600859,0.4398871179564511,0.0040069836862224656,-0.21529016151530694,-0.5722857345470811,-0.12364328473074633,-0.788977300665446,-0.2886871294198736,0.3026287394912912,0.3028505914602698,-0.42194579019792006,-0.4313772924025054,-0.3895118610276612,-0.40131017072191105,-0.6549445048958366,-0.4086866618402945,-0.41116017595678866,-0.4086866618402945,-0.150672798658579,-0.4586816341357513,-0.4586816341357513,-0.5423782026991946,-0.5423782026991946,0.5631546812298062,0.6493223748040873,0.7553974525621401,0.7114091195880645,0.8113251590629705,-0.5170599981955878,0.4246303902678289,0.5362804602639161,0.5366194959825713,0.5362804602639161,-0.11724811136735862],[0.9877498756525216,0.986695580608698,0.9947152378087034,0.9905920540238169,0.996551870779942,0.9877498756525216,0.9997151469027099,0.9988961388700399,0.9988961388700399,0.9996824046966848,0.9535095284427764,1.0,0.9997153113367331,0.9997126634084966,0.9996885076146487,0.14454564382321855,0.04062909491978324,-0.5399585502665841,0.999824354077788,0.9998260101510613,0.9997190141683387,0.9997179277145886,-0.28621851579091323,0.9748253323920439,0.9952659934504948,0.9952659934504948,0.995250663158862,0.9942145404859368,0.058125792917119654,0.05222540551440612,0.9926239680549558,0.9926648553243456,0.7714465259212379,-0.04271347707093717,0.99916477110538,0.9991284280189023,0.9990156013418819,0.9994607547205996,0.9994968078787444,0.999198678923409,0.08883677565798326,-0.547381798723569,0.9989729841528888,0.9989791165190169,0.9989729841528888,0.9202716169818634,0.4682295804698613,0.9435692693322942,0.9238823764272506,0.7874278192012625,-0.3588299068084754,-0.5854333666984004,0.8368912804492172,0.8652868782467796,-0.34568039241376053,0.9404105959908835,0.9405977472651637,0.9725786158059962,0.994090564535126,0.9104886488613518,0.9155106192532393,0.8941108180811316,0.8988103642570524,0.8984225397397175,0.8988969957067316,0.8984225397397175,0.8032629006788344,0.7733857977522045,0.7749013582081529,0.7733857977522045,0.9171735280490781,0.9223570644595853,0.916079541752249,0.9168964359028784,0.916079541752249,0.5872548904469457,0.535425921934863,0.6195127194271731,0.6944567735184135,0.6051795026185122,0.6311282420304485,0.6331549653603358,0.6311282420304485,-0.27313502716084503,0.865090813285661,0.8927323176527598,0.8827224619053836,0.9167266062384428,-0.3484011687630909,0.8611282737910756,0.8613198486206166,0.8611282737910756,0.8688269326220913,0.8688269326220913,-0.22009083310055014,0.698480266537111,-0.39502464871927345,-0.815259836688881,-0.538466230813658,-0.5415858014168574,-0.43861229678105457,0.24747257223647584,-0.30721456255138024,-0.5460158415754452,-0.7752826532039812,-0.411884560442528,-0.587279044123896,-0.4871003660924498,0.09734269599050488,0.09542780626304882,-0.5592168255610305,-0.5328713244632679,-0.5541820912065719,-0.5903184927270562,-0.5834508717870589,-0.5576609201010178,-0.5608667153197822,-0.5576609201010178,-0.449087765913505,-0.6378634851389932,-0.6378634851389932,-0.6263977069681327,-0.6263977069681327,0.4288342456662361,0.34597433566503555,0.48647090831219036,0.6001125462326519,0.5324005290180157,-0.5753196279636758,0.33803610089609715,0.29196619857430495,0.29220719393080147,0.29196619857430495,0.27520966904136085],[0.9930392614702563,0.985946379610044,0.6805515632478193,0.9941201753237331,0.9973524675288806,0.9930392614702563,0.9999968726952483,0.9984142287161859,0.9984142287161859,0.9999738003914458,0.9658176944580815,0.9997153113367331,1.0,0.9999914309098978,0.9999955062610419,0.8089077881584373,0.7792147237674957,0.19574803664341178,0.999874378818686,0.9998747113718434,0.9907743833333724,0.9999975746255738,0.2857884401415413,0.7667272465637245,0.9916467458977529,0.9916467458977529,0.9881174925467933,0.992670702315892,0.22820269612396663,-0.20285866921561405,0.9916241964564254,0.9916431930508595,0.14972906534052155,-0.27084570337964287,0.9993915969884486,0.9995122980030362,0.4791704331538473,-0.2958774522596096,0.9991904875983004,0.9994924968652643,0.78528654581556,0.17461671345610824,0.9484068109674088,0.9991615796107515,0.9484068109674088,0.9255445657576318,0.6224907398713831,0.9480784661020838,0.9282005786061952,0.7880056991039911,0.41913202780961306,-0.1287002014770015,-0.1774988323577287,0.9369558849532081,0.3233563885106175,0.9698356370378287,0.9668308619204149,0.9809288540798901,0.9954873819061121,0.005878249056604572,0.8915796306275636,0.8540277268599817,0.894453568480902,0.849265568677351,0.8151108868100307,0.849265568677351,0.8389506579092701,0.8212030236778302,0.8102863632602417,0.8212030236778302,0.8897809928745054,0.4457735545851826,0.6373635822802622,0.6878517452452727,0.6373635822802622,0.6661316656986431,-0.32713128162534194,0.6448699547838204,-0.5980809807431082,0.5645280362703868,-0.06188080911038624,0.49289103295988396,-0.06188080911038624,-0.12543252658623077,0.8686615392238711,0.8911286127195907,0.8775849455043236,0.7906669603987487,0.19435908154218784,0.8669839736404178,0.8679149595951121,0.8669839736404178,0.7967405111751549,0.7967405111751549,-0.1674801412715716,0.7035462246288829,0.22243185492439424,-0.7211837754876994,-0.6446675267252244,-0.6481569734477354,-0.20597490240692448,0.10180595054438658,0.30982573871397523,-0.06470581259003994,-0.6071350121002835,0.02293385378896705,-0.8291669527031019,-0.21133453182898213,0.10633270830324174,0.10777495937625972,-0.6275802197596827,-0.5815313643331065,-0.1309835986001318,-0.6016079137878851,-0.8291949895527828,-0.4134445585389449,-0.2508661585440647,-0.4134445585389449,-0.31826845744352494,-0.4140122477464594,-0.4140122477464594,-0.821162815160724,-0.821162815160724,0.43491146871831643,0.5935721657728185,0.5171924582449415,0.8079504223612212,0.7402850069191842,-0.4051876648261726,0.07786894592242598,0.7447070175780152,0.763127873600504,0.7447070175780152,-0.088874092190331],[0.9933851481118922,0.9859058893644722,0.6771850691803433,0.994731024010831,0.9974201390977208,0.9933851481118922,0.9999882219247251,0.9994561495087002,0.9994561495087002,0.9999730625875675,0.9658490271821651,0.9997126634084966,0.9999914309098978,1.0,0.9999890921250638,0.7232773700529904,0.6276276751092534,0.19740966293125803,0.9998966027523996,0.9998972897267896,0.9907635521069547,0.999988957368065,0.2851915075496667,0.7634802554041171,0.9944833829484606,0.9944833829484606,0.9944534272459131,0.9926412063163509,0.2210452055156531,-0.20363162497953904,0.992073778590974,0.9920746408913621,0.1713404115095243,-0.2703149219121023,0.9995609702726947,0.9995119804191714,0.8630678784995504,-0.38196602711403194,0.9991881415652131,0.9994964264422866,0.6976102508075904,0.17630705926435233,0.9994626333852888,0.99946722606016,0.9994626333852888,0.9254200996861078,0.6225928640840174,0.947848264569457,0.9278761035427093,0.7877634751933877,0.3008473767557446,-0.2965052063329756,0.12913834605750088,0.9368397149665222,0.32383869725445413,0.9673746183654679,0.9668515699763258,0.9796633600871052,0.9957230089474638,0.902604720817527,0.8908781112156701,0.9128039085105627,0.8943961347291649,0.9115884072235547,0.9123332088118548,0.9115884072235547,0.8382722674884754,0.8823341534380905,0.8835330415991485,0.8823341534380905,0.8896197826774983,0.795668454923697,0.880671095185235,0.8820283938919594,0.880671095185235,0.6658258393038882,0.5268708950799379,0.6436810801877941,-0.5975629877270925,0.563238322460408,0.5616779775608335,0.5625629278375364,0.5616779775608335,-0.12762723517798244,0.8685422593470237,0.8908653304980713,0.8771936144661843,0.9088039624881697,0.19623497775137905,0.8669290600818588,0.8681023998612706,0.8669290600818588,0.8756554955786662,0.8756554955786662,-0.16778464630631665,0.7030879000548524,0.12662477884954745,-0.7202894207184829,-0.6443330896783238,-0.64754334307793,-0.20599185440125892,0.10074500942312674,0.08219301323283393,-0.06321620647249673,-0.6059543004158642,-0.1659670697901715,-0.8390631110064232,-0.427571449232197,0.10553106613536734,0.10757195180267237,-0.6276200498006059,-0.5808582889092893,-0.4188779708288691,-0.6013871781850137,-0.8217723152216514,-0.5284370727815244,-0.5245715734610262,-0.5284370727815244,-0.31750406027346517,-0.41402265226378204,-0.41402265226378204,-0.81254572494151,-0.81254572494151,0.43260621452438547,0.593309561120742,0.8196369440582777,0.8113143756742764,0.7404236067868899,-0.40486792933508,0.7031429235551364,0.7318495115449934,0.7319485579197894,0.7318495115449934,-0.05639287925735782],[0.9930824612501973,0.9858062567594537,0.6806723689848287,0.9941416931208684,0.9973743712557062,0.9930824612501973,0.999993960122939,0.9992328834972661,0.9992328834972661,0.9999767519553094,0.9655752731958356,0.9996885076146487,0.9999955062610419,0.9999890921250638,1.0,0.7975902526462487,0.7223587008247818,0.19589905491850473,0.9998773147896166,0.9998775353981408,0.9908963503923309,0.9999953936622036,0.2864487565616743,0.7665718145679908,0.9946423949323189,0.9946423949323189,0.9945597380228174,0.9926080174719308,0.22848882761980605,-0.2028760934943757,0.9925369492374787,0.992575550715197,0.1504513623578416,-0.2706786627052121,0.9994349713439569,0.9995120100639684,0.47825857521743076,-0.2951830946521992,0.9991541087265424,0.9994949527791945,0.7823083937902874,0.17478806395854635,0.9479998880144104,0.9992098567206237,0.9479998880144104,0.9257575251531093,0.6231098426750277,0.948182205136795,0.9282738464178995,0.7877688091513744,0.42040025769826694,-0.1272779864900102,-0.17772664236270078,0.937259950328471,0.32362212055258827,0.9701962841807191,0.9671035083892309,0.9811652827338128,0.9955294634199705,0.00491462830380328,0.8918019957995467,0.8539302791930813,0.8946393281829252,0.8491966864451578,0.8146896657662432,0.8491966864451578,0.8391194803027204,0.8211203520290687,0.810587718362407,0.8211203520290687,0.8900397159386122,0.44513907856478946,0.636905581569594,0.6878339675666079,0.636905581569594,0.6660077167403757,-0.32822333235825296,0.6448292221636477,-0.5982844665573038,0.5642077487807968,-0.06280980295775673,0.4925638632345517,-0.06280980295775673,-0.1254003634253964,0.8687679808938873,0.8909204425371308,0.8777053381445709,0.7839558924463036,0.19473520808079922,0.8670486912513021,0.8679706593442735,0.8670486912513021,0.79655303861492,0.79655303861492,-0.16872657628187535,0.7042815492590717,0.2229055195768929,-0.7211427891909488,-0.644998344891214,-0.6484915264643968,-0.20696083059397946,0.10072619573447117,0.3101525858136967,-0.06504994534642833,-0.60728470084939,0.02304513897953998,-0.8284664429359215,-0.2111582613412559,0.10546454946684647,0.10690542535300798,-0.628116844564957,-0.5817213293269802,-0.1304347307904475,-0.6026292246666811,-0.8292325127777991,-0.4133796591545236,-0.2503420236801143,-0.4133796591545236,-0.31907379204388825,-0.414407836650604,-0.414407836650604,-0.8215048552317392,-0.8215048552317392,0.4350656945334314,0.5932649152482166,0.5167488860256203,0.8083631351476183,0.7397841943611216,-0.40478378899366285,0.07726338803254858,0.7451171547080906,0.7637320654309335,0.7451171547080906,-0.08862879490630922],[0.7145216393700705,0.028526983268839137,0.37695044799001814,0.7136392092170808,0.6015745744712959,0.7145216393700705,0.808909297093182,0.8054451291726095,0.8054451291726095,0.6509158513298282,0.4129300922763159,0.14454564382321855,0.8089077881584373,0.7232773700529904,0.7975902526462487,1.0,0.9918810534212279,0.4273932134727273,0.7742253040198843,0.7741878629242288,0.6918691468898145,0.796169563985421,0.33596969755383094,0.3592201340490751,0.7892621065520328,0.7892621065520328,0.7740968307761968,-0.25378451646488115,0.19699413854284148,-0.15713580940738603,0.8368738026626225,0.8336139634723483,0.16107475540524846,-0.21354043691066632,0.8038652425621271,0.6785659424170953,0.2507870519115747,-0.3169991022601675,0.15922126446932375,0.6422979180404904,0.9983258126711102,0.4104395545133752,0.7291267632104425,0.8035017610815921,0.7291267632104425,0.10108571682979518,0.5172264005151676,-0.31865988048179084,-0.34261038818604345,-0.015115354813470459,0.3928576654831273,-0.054724095580980334,-0.21110605189757853,0.665552401196304,0.3987780126886677,0.80381331303168,0.6661632315744147,0.7630208028330505,0.7853269007934527,-0.10694045234685949,0.06676897030229037,0.5400854107932255,0.38856191614625035,0.5296290206544849,0.612201549828088,0.52