var element = document.getElementById("correlationClose");

if (element.style.display != 'none') {
    var correlationClose = {"data": [{"type": "heatmap", "z": [[1.0, 0.9999828938528958, 0.5671510280289499, 0.9996996800040295, 0.9974520417482307, 1.0, 0.990778765265524, 0.9863137646752511, 0.9914255492071657, 0.9730208753488094, 0.9818602396241664, 0.990823596017748, -0.13208308934019494, 0.9908891867617491, 0.990932145697088, 0.9935422957862492, 0.4586432082670368, 0.9919072391221753, 0.9918931724745472, 0.9838263248090893, 0.9908114252272994, 0.4454595589807888, 0.6624157302701402, 0.9777183065017065, 0.9776950934551316, 0.9596899032937781, 0.3041446509990109, -0.12341173860567403, 0.989859261926467, 0.9898182062777373, 0.2746791836598886, -0.20528312303053875, 0.9937245494283506, 0.9945999973239463, 0.8099030836060112, -0.39095478434873643, 0.9874192953835389, 0.9943510702119855, 0.9942529275073577, 0.44104598570526665, 0.9939134518132741, 0.9938999861709105, 0.9939134518132741, 0.8888067700849767, 0.6716068162207887, 0.8633648532140136, 0.8788625862163995, 0.7936261293453626, 0.3893256602549576, -0.13051511709622116, 0.19169001504451508, 0.9456236957362315, 0.4658271348072166, 0.9770079762042797, 0.9711803479668358, 0.914092636061433, 0.9095816969840604, 0.9324558446113108, 0.9077359569418668, 0.9291973148049264, 0.9299944687897272, 0.9291973148049264, 0.8421210586810519, 0.905586020984301, 0.9066906377215438, 0.905586020984301, 0.8945897814883669, 0.7317076447902052, 0.8697236254201545, 0.8713780849332509, 0.8697236254201545, 0.6163267339633278, 0.3070333901678182, 0.5928311609800212, -0.5956630787854696, 0.4874962236940195, 0.5425210821825797, 0.5439797173800569, 0.5425210821825797, -0.10022028332359016, 0.8817817112839417, 0.9135198085331852, 0.8952643906104212, 0.9156090817623199, 0.45624922541015295, 0.879049011472304, 0.8802873548061708, 0.879049011472304, 0.888871550771542, 0.888871550771542, -0.16288259830175433, 0.5458779096101687, 0.19398681631991188, -0.5553106088886369, -0.5612553268051061, -0.5649257982935192, -0.03652513334276813, 0.05440702081465492, 0.26191441333188803, 0.14143490355969776, -0.37711138951751977, 0.058743629901565876, -0.792209228991689, -0.20755377060226876, 0.11919522322688023, 0.11943891364026536, -0.5389948711932493, -0.6060379656447388, -0.2090893180995895, -0.48454146751293065, -0.8294404863811221, -0.3463067908627373, -0.33731410300030146, -0.3463067908627373, -0.18259433361487024, -0.2534128945447647, -0.2534128945447647, -0.8179637347933476, -0.8179637347933476, 0.40155858440101844, 0.6586274932372594, 0.8736285513019575, 0.8523967061930934, 0.7902769608677406, -0.24484800399697557, 0.7682617222715524, 0.8087917517925584, 0.8090839498894193, 0.8087917517925584, -0.23536802479531638], [0.9999828938528958, 1.0, 0.9689690659557697, 0.9992069340523917, 0.9936792121965144, 0.9999828938528956, 0.9777723429888602, 0.9686960950992125, 0.9775499350748768, 0.9581830966022348, 0.9797353511378938, 0.9778204591650634, 0.9777797421790928, 0.9775952647291691, 0.9768669781277627, 0.9854091604972954, -0.25797353412905105, 0.9832525292055815, 0.9832235787907104, 0.9778869431969713, 0.9778775484975578, -0.15082982968283543, 0.967693235127235, 0.9708514212944418, 0.97092299453365, 0.9599088197356651, 0.03045369338877779, 0.14820484834096864, 0.9757359010973102, 0.9757964804746876, 0.9711303832406344, 0.13572004218285924, 0.9873969540827097, 0.9874794423194885, 0.9882610192744739, 0.9800006122309565, 0.9857818101766572, 0.9874260461413693, 0.9880804350659309, -0.2646573892820014, 0.9883488463417548, 0.988329044166142, 0.9883488463417548, 0.8890515287350748, 0.5534428306230914, 0.8641144387782745, 0.8795376756848763, 0.7929002872780936, -0.44255571361292395, -0.5492270003840133, 0.8299927855814421, 0.8568270669115787, -0.1758148507670733, 0.9341133218832012, 0.9341913333271432, 0.9223046290648229, 0.9324369801216189, 0.9098329879542936, 0.909463997215101, 0.9166897907391052, 0.9174335033647311, 0.9166897907391052, 0.7721535311405961, 0.7323615749127788, 0.7345764630102513, 0.7323615749127788, 0.9266529193012021, 0.9318412772033617, 0.9264801779094256, 0.9277085251180456, 0.9264801779094256, 0.4404692078660091, 0.38217248663542613, 0.5036116266143704, 0.607801651219979, 0.48663348553339797, 0.5279885080683917, 0.5288974736459789, 0.5279885080683917, -0.21661702352877021, 0.8660168904590556, 0.9030135120058046, 0.8893305312138755, 0.9295971965156852, -0.07510320512457629, 0.8599539498639336, 0.8603663215488149, 0.8599539498639336, 0.8713488816261045, 0.8713488816261045, -0.2659913901587753, 0.5464643816923365, -0.3828886312957232, -0.6505233892919922, -0.4679874881087439, -0.47135477146021154, -0.30408434931147116, 0.2196400885405679, -0.21479396534161913, -0.3922351982754924, -0.5855029088200869, -0.2858444584533083, -0.5003241012617006, -0.3396262195827423, 0.09347242961709704, 0.08862601164383323, -0.48847993372136234, -0.4437845403868576, -0.47183382702578824, -0.5013620612946867, -0.4938935068930303, -0.4740612439662454, -0.47729362719241775, -0.4740612439662454, -0.3583805949916391, -0.4967241621054545, -0.4967241621054545, -0.4706402972040071, -0.4706402972040071, 0.4021749550512042, 0.41622040963101953, 0.520386645393623, 0.6029780181519951, 0.5785056509188142, -0.3893601237894617, 0.38488775927796687, 0.375732212170657, 0.3758313010687966, 0.375732212170657, 0.1166537395859741], [0.5671510280289499, 0.9689690659557697, 1.0, 0.5606377463183108, 0.4485476481790299, 0.5671510280289499, 0.556051926604336, 0.5443041232655245, 0.454380534615956, 0.3941135643578334, 0.9966409855103433, 0.5560647637035797, 0.5153972073839255, 0.556399921560976, 0.5585786818012873, 0.5948006802742221, -0.101225179587032, 0.5010492513539488, 0.5001683840643896, 0.4527909681262022, 0.5549858681517243, 0.20786100909429722, 0.6954485314547276, 0.5227709965685892, 0.5224850762077748, 0.9833986024064308, 0.2887869705711549, 0.17812034179026093, 0.5215964032735763, 0.5210931260930886, 0.7675937367980871, 0.008523091824480411, 0.5543502582157356, 0.4534018662222495, 0.5417223664931876, 0.36197409633538197, 0.993934680766634, 0.4405698719881446, 0.5569458577348958, -0.10741784099746976, 0.5703843264869798, 0.552439093449281, 0.5703843264869798, 0.8945714725343568, 0.38946606013742946, 0.9023997181177424, 0.8671036488265645, 0.6502165093625476, 0.2005999198970439, -0.009960333209786464, 0.058088290417325515, 0.4210832873008611, -0.07126768303734632, 0.5128425918948692, 0.44607304635293565, -0.07422264229885438, 0.6856381183536522, 0.6410859712822627, 0.4786875185260873, 0.6473268612367864, 0.7116356984604565, 0.6473268612367864, 0.3250389273179176, 0.5408506611505807, 0.641408408264736, 0.5408506611505807, 0.5562229544155276, 0.6200127442424358, 0.659962725174827, 0.7325631603604325, 0.659962725174827, 0.19966812988026075, -0.08372687359812095, 0.21904188762136304, 0.14915332092907316, 0.21853635946171343, 0.26289611687542463, 0.393794830788243, 0.26289611687542463, -0.1723230752647192, 0.4339786933557364, 0.8051127558894096, 0.5195259889027392, 0.7281893972974306, 0.08403555037088635, 0.501314191251184, 0.5015046028273132, 0.501314191251184, 0.6279545995037183, 0.6279545995037183, -0.2898963526417882, 0.7167539720735097, -0.22894350144244788, -0.538939066040413, -0.3863847238796911, -0.39003230147717216, -0.39027678531486015, 0.009748590333279105, 0.024749660409710793, -0.2570770198068223, -0.5217814077769029, -0.13402430791438222, -0.2231267892886923, -0.20729832232170076, -0.02919779089075051, -0.032927525308847086, -0.4460171891049622, 0.012889644110814991, -0.21756107921882378, -0.4806211666742414, -0.10990671280937389, -0.35509068002081384, -0.2308635750192059, -0.35509068002081384, -0.4281578478007347, -0.5038030642424162, -0.5038030642424162, -0.23747179166704174, -0.23747179166704174, 0.32683907639748405, 0.1336546052144477, 0.24300446517689822, 0.4878458280478317, 0.2146235595368905, -0.3033657862831136, -0.03754200893476197, 0.44632861191015644, 0.5612896550032208, 0.44632861191015644, -0.041418071721317846], [0.9996996800040295, 0.9992069340523917, 0.5606377463183108, 1.0, 0.9986212693553758, 0.9996996800040293, 0.9923911018785936, 0.9884092115976796, 0.9933904541155909, 0.9707765557463642, 0.986937224543748, 0.9924236404280995, -0.13650949329173487, 0.9924610978421531, 0.9925010932664874, 0.9951282422909535, 0.4444034789046684, 0.9932920518799203, 0.9932798057763587, 0.9842702315005427, 0.9924029942624617, 0.43665516208140015, 0.6657913030905475, 0.9806982922989523, 0.980675432196393, 0.9702555643337278, 0.29916813165843076, -0.13077693519531144, 0.9896057208382184, 0.9895751225338519, 0.26619711982958055, -0.2061444024254422, 0.9945318413676817, 0.9956963667392166, 0.7690639000676994, -0.3967639004562221, 0.9911374594658026, 0.9956910222551751, 0.9948838848601722, 0.4264341780448631, 0.9920928021943906, 0.9946070795566091, 0.9920928021943906, 0.8872253410253201, 0.6587928093073437, 0.871738092635936, 0.8752486360845184, 0.7707758742874873, 0.38375422961090566, -0.1365740979477651, 0.18508484038377387, 0.9398074693390712, 0.4496389158554368, 0.9726846031434094, 0.9683393944535094, 0.8896153164206884, 0.9004911306925117, 0.9172928047563708, 0.9025572749825211, 0.9093306865273372, 0.9104369284896494, 0.9093306865273372, 0.832027701671961, 0.8918271845523295, 0.8930422125045696, 0.8918271845523295, 0.8900679198423835, 0.6637376933735462, 0.825095777561975, 0.8267971786036042, 0.825095777561975, 0.6060977296014948, 0.10059857386473108, 0.5805956204493162, -0.6008864594384098, 0.4807454025786218, 0.2844472389499325, 0.5117074114817216, 0.2844472389499325, -0.10720767003104141, 0.8748711058556439, 0.9025610752348918, 0.8849936427395622, 0.888663529783439, 0.44285789338928666, 0.8731508451024107, 0.8745603539855101, 0.8731508451024107, 0.8663483940840313, 0.8663483940840313, -0.16924931658212092, 0.5735863045527696, 0.19871500629638028, -0.5662067693236723, -0.5692083730890961, -0.5727838076142799, -0.04932063503038355, 0.04873795369879938, 0.25462657156128193, 0.12849894940164844, -0.3902098094669769, 0.05197808179741077, -0.7991168183042381, -0.2157181759382875, 0.10784539459344325, 0.10813442874760582, -0.5466574551835369, -0.6029148239264986, -0.21096762679916026, -0.4971407964239038, -0.8319727996956363, -0.34826067160839813, -0.3398342288415756, -0.34826067160839813, -0.19226688281584053, -0.2638514534527446, -0.2638514534527446, -0.8183201564052062, -0.8183201564052062, 0.3875024600866245, 0.6465285052988141, 0.8660711052525086, 0.8448972614729584, 0.7829462716992924, -0.2586577865068605, 0.7593815131056572, 0.8002194970074242, 0.8005208047707635, 0.8002194970074242, -0.22012150463879002], [0.9974520417482307, 0.9936792121965144, 0.4485476481790299, 0.9986212693553758, 1.0, 0.9974520417482307, 0.9967510908702639, 0.9947558511995016, 0.996937158852061, 0.9602658248288098, 0.9952776014106021, 0.9967696784140858, -0.3481870104279152, 0.9968007291207667, 0.9968229593432676, 0.9978456157808395, 0.25013193373133924, 0.9973485653762683, 0.9973419331447078, 0.986014757109244, 0.9967561198543983, 0.0680257001700927, 0.6250730366047742, 0.9904766092124065, 0.9904317728219918, 0.9843036607719579, 0.04456294873455365, -0.11634987278800746, 0.9878103011030032, 0.9877470797183938, -0.051689112834194424, -0.10432836355189697, 0.9977065485661005, 0.9976446036291065, 0.7447380453088959, -0.540164894863245, 0.997110635186819, 0.997893660833377, 0.9979907469057868, 0.226401566075474, 0.9976643138354689, 0.9976648271433148, 0.9976643138354689, 0.9026034387905453, 0.6196095129217377, 0.8940605044264466, 0.8791529957594306, 0.7366377003911272, -0.09843749934010512, -0.5792108802850489, -0.23761117147517674, 0.9249597621421498, 0.30516023624123, 0.9661125978195099, 0.9662104261083136, 0.8832976007430683, 0.8775372137030263, 0.9022623939662768, 0.8871624419086221, 0.9003205080519239, 0.9007700144641615, 0.9003205080519239, 0.8012455924066387, 0.8329841843680271, 0.8343983492251109, 0.8329841843680271, 0.8765341462073994, 0.7671343253722757, 0.856246437904132, 0.8572914914162328, 0.856246437904132, 0.5562596692442017, 0.41946517980399006, 0.539096786463807, -0.64700119481465, 0.5353932270979247, 0.5123561593189563, 0.5119749721785022, 0.5123561593189563, -0.12758497718734982, 0.8531872606439167, 0.8708644147355206, 0.8564606837759565, 0.893391077584471, 0.30041631777927225, 0.8545929174585647, 0.8559678155405663, 0.8545929174585647, 0.8627784411570808, 0.8627784411570808, -0.2128932911833133, 0.6341231730833279, 0.0520920747411544, -0.6016821029755292, -0.6276030638236518, -0.628004646822309, -0.08587272397883151, 0.07025669489455764, -0.14510851093066998, -0.12472469422277609, -0.4782545104809947, -0.32202150279357034, -0.8640066104938928, -0.5157421723785174, 0.07322024250687686, 0.07334322257207071, -0.5777637671543038, -0.5943523833845865, -0.5108275898005107, -0.5409664272918476, -0.7998569892584798, -0.5673952552614624, -0.5700025903660045, -0.5673952552614624, -0.23687826157832187, -0.3031356568277566, -0.3031356568277566, -0.7658826814244272, -0.7658826814244272, 0.3665914317031063, 0.6247201151272314, 0.8153584751967278, 0.7896902122934496, 0.769802323722067, -0.3982396447888263, 0.6083557105223532, 0.6907142552634826, 0.6911882809347973, 0.6907142552634826, 0.014535610580966425], [1.0, 0.9999828938528956, 0.5671510280289499, 0.9996996800040293, 0.9974520417482307, 1.0, 0.990778765265524, 0.9863137646752511, 0.9914255492071657, 0.9730208753488094, 0.9818602396241664, 0.990823596017748, -0.13208308934019494, 0.9908891867617491, 0.990932145697088, 0.9935422957862492, 0.4586432082670368, 0.9919072391221753, 0.9918931724745472, 0.9838263248090893, 0.9908114252272994, 0.4454595589807888, 0.6624157302701402, 0.9777183065017065, 0.9776950934551316, 0.9596899032937781, 0.3041446509990109, -0.12341173860567403, 0.989859261926467, 0.9898182062777373, 0.2746791836598886, -0.20528312303053875, 0.9937245494283506, 0.9945999973239463, 0.8099030836060112, -0.39095478434873643, 0.9874192953835389, 0.9943510702119855, 0.9942529275073577, 0.44104598570526665, 0.9939134518132741, 0.9938999861709105, 0.9939134518132741, 0.8888067700849767, 0.6716068162207887, 0.8633648532140136, 0.8788625862163995, 0.7936261293453626, 0.3893256602549576, -0.13051511709622116, 0.19169001504451508, 0.9456236957362315, 0.4658271348072166, 0.9770079762042797, 0.9711803479668358, 0.914092636061433, 0.9095816969840604, 0.9324558446113108, 0.9077359569418668, 0.9291973148049264, 0.9299944687897272, 0.9291973148049264, 0.8421210586810519, 0.905586020984301, 0.9066906377215438, 0.905586020984301, 0.8945897814883669, 0.7317076447902052, 0.8697236254201545, 0.8713780849332509, 0.8697236254201545, 0.6163267339633278, 0.3070333901678182, 0.5928311609800212, -0.5956630787854696, 0.4874962236940195, 0.5425210821825797, 0.5439797173800569, 0.5425210821825797, -0.10022028332359016, 0.8817817112839417, 0.9135198085331852, 0.8952643906104212, 0.9156090817623199, 0.45624922541015295, 0.879049011472304, 0.8802873548061708, 0.879049011472304, 0.888871550771542, 0.888871550771542, -0.16288259830175433, 0.5458779096101687, 0.19398681631991188, -0.5553106088886369, -0.5612553268051061, -0.5649257982935192, -0.03652513334276813, 0.05440702081465492, 0.26191441333188803, 0.14143490355969776, -0.37711138951751977, 0.058743629901565876, -0.792209228991689, -0.20755377060226876, 0.11919522322688023, 0.11943891364026536, -0.5389948711932493, -0.6060379656447388, -0.2090893180995895, -0.48454146751293065, -0.8294404863811221, -0.3463067908627373, -0.33731410300030146, -0.3463067908627373, -0.18259433361487024, -0.2534128945447647, -0.2534128945447647, -0.8179637347933476, -0.8179637347933476, 0.40155858440101844, 0.6586274932372594, 0.8736285513019575, 0.8523967061930934, 0.7902769608677406, -0.24484800399697557, 0.7682617222715524, 0.8087917517925584, 0.8090839498894193, 0.8087917517925584, -0.23536802479531638], [0.990778765265524, 0.9777723429888602, 0.556051926604336, 0.9923911018785936, 0.9967510908702639, 0.990778765265524, 1.0, 0.9971816473856819, 0.999967977021309, 0.9512401365329957, 0.999587245834893, 0.9999961524220845, -0.15002599317849238, 0.9999924227459422, 0.9999219539471325, 0.9941441508476647, 0.3946969993502562, 0.9998360547935666, 0.999836182021583, 0.9884745194138987, 0.9999963485312976, 0.3426791296089345, 0.6669229421036076, 0.9842252052106729, 0.9844275708363632, 0.9856560678766524, 0.22049459111584938, -0.1898605771908919, 0.9921822532112671, 0.991906157902593, 0.16553187311443424, -0.2564920982585828, 0.99929231861968, 0.9993833451664761, 0.34912675495806245, -0.3288854655644996, 0.9986719013793235, 0.9992935809798738, 0.9982489843824177, 0.37518757153471594, 0.9313211280964105, 0.9990196881324912, 0.9313211280964105, 0.9110807827234519, 0.6228390596225395, 0.9170755041180789, 0.8885272949545495, 0.6893957246432251, 0.4146976327234136, -0.07941022040503165, -0.2115584693068638, 0.9233805053809696, 0.40774748993796994, 0.9683192718859024, 0.9611621467428557, -0.08484959613484784, 0.8269606169023926, 0.8007721682094249, 0.8479410273664867, 0.7940237916210265, 0.7618626276116451, 0.7940237916210265, 0.756862026877146, 0.7615662246298769, 0.7603085966802255, 0.7615662246298769, 0.8347201984275013, 0.3057559890859487, 0.5229727730451156, 0.606552180419194, 0.5229727730451156, 0.5235750271534171, -0.362202487280781, 0.4846080226485167, -0.6641472467786297, 0.40175333577717925, -0.13017626622718798, 0.36719730108339743, -0.13017626622718798, -0.15172038557062317, 0.8100992160208785, 0.8186902507104985, 0.8082247964233626, 0.7343638520209765, 0.391986791346162, 0.8133964969413308, 0.8153980595565065, 0.8133964969413308, 0.7209688438036029, 0.7209688438036029, -0.2500257624611392, 0.6848796464445152, 0.2529443089836667, -0.5852406480362707, -0.6126293952538421, -0.6157222322787818, -0.10165758899799407, -0.0038124305917150796, 0.3579252695284658, 0.08913794010726803, -0.4181001718337712, 0.10259346993766179, -0.8265301576968344, -0.11989446206851605, 0.03569386053130041, 0.03605596403923711, -0.5929273371069778, -0.6087038697734038, -0.051022529109571106, -0.5783321759106216, -0.8443081926969509, -0.344989111586233, -0.17122869072319713, -0.344989111586233, -0.2727571017699334, -0.3143742336299946, -0.3143742336299946, -0.8378472476276336, -0.8378472476276336, 0.3636129636560848, 0.6016205034593378, 0.49721331046054673, 0.8074863062582458, 0.7590796816951172, -0.31737984527018726, 0.05954401703138859, 0.7642405813886394, 0.7829519771377809, 0.7642405813886394, -0.14434345648569752], [0.9863137646752511, 0.9686960950992125, 0.5443041232655245, 0.9884092115976796, 0.9947558511995016, 0.9863137646752511, 0.9971816473856819, 1.0, 0.9994653797493328, 0.9427985490564811, 0.9982662111676308, 0.9979846406804519, -0.15949228605188023, 0.9990032216717437, 0.9987075751834582, 0.9867868599327232, 0.3725782716958918, 0.9990554211240557, 0.9990571646612444, 0.9855325176087697, 0.9991650978511726, 0.31528338178561766, 0.6660972075632389, 0.9918437414539776, 0.9820958115741156, 0.9812447503713029, 0.20053203458622884, -0.20499344075441506, 0.988466610155277, 0.9918787084185338, 0.14489756049839259, -0.263578152779668, 0.9981331892209889, 0.9980310403155371, 0.3280762889667906, -0.33647615185875746, 0.9960572353283479, 0.9978597261377761, 0.9975923713045134, 0.3525736347186052, 0.9224065055122019, 0.9979658684499287, 0.9224065055122019, 0.9084357954147176, 0.6068054621903457, 0.9175227674202796, 0.8842108915467007, 0.6614885527306459, 0.40109127367958386, -0.09534820790733047, -0.22541266255729045, 0.9139597790994786, 0.38649874127990796, 0.9634698857243117, 0.9554624404727314, -0.09594658786127723, 0.8117656066505077, 0.7818758713685382, 0.8374247279549226, 0.7763579951224169, 0.748096764666201, 0.7763579951224169, 0.7416175068937245, 0.7400802869474384, 0.7453301099713879, 0.7400802869474384, 0.8244841400184869, 0.28361957638765134, 0.49950351599273296, 0.5881148852425171, 0.49950351599273296, 0.5079223533608502, -0.3783483612281831, 0.4670918913053431, -0.6735360949604355, 0.3916163283848117, -0.15426410024962917, 0.34858109232716794, -0.15426410024962917, -0.15916740823669875, 0.7977478701417028, 0.7988494560592363, 0.7920100334874386, 0.717933782825576, 0.37450254051929155, 0.8017042534290656, 0.8039393313370182, 0.8017042534290656, 0.7003160344644843, 0.7003160344644843, -0.26734718032058935, 0.7152826126299666, 0.2610901305153831, -0.5954236157294066, -0.6269713632624516, -0.6298635296863319, -0.11760150873540538, -0.012816057825629988, 0.35100136488725775, 0.06925887308278654, -0.43196988726974533, 0.09315923570365635, -0.8337540051776628, -0.12653263872300957, 0.01860841054691471, 0.01898722560297138, -0.6060086434221738, -0.6101287389724964, -0.05802695379248921, -0.5975280494782436, -0.8448619200693083, -0.3573455955997068, -0.17762576779124772, -0.3573455955997068, -0.2922249706309957, -0.32948416856852186, -0.32948416856852186, -0.8367807238302798, -0.8367807238302798, 0.3395297687725377, 0.5831392872311243, 0.4773080206351325, 0.788856825203004, 0.7453411023803732, -0.34096893161325303, 0.04451517071436592, 0.7443328072655471, 0.766705142511552, 0.7443328072655471, -0.12627120142113393], [0.9914255492071657, 0.9775499350748768, 0.454380534615956, 0.9933904541155909, 0.996937158852061, 0.9914255492071657, 0.999967977021309, 0.9994653797493328, 1.0, 0.9499934757060852, 0.9995330838307551, 0.9999688907552658, -0.3231184701039753, 0.9999734272978589, 0.999934390513071, 0.9981110686889145, 0.2885723685879437, 0.999777435839826, 0.9997780321283183, 0.988266885810425, 0.9999658461465677, 0.11643035548048614, 0.6235146894889609, 0.9941140720032525, 0.9940586691428768, 0.9854414487982243, 0.027188754671650276, -0.12973816175255656, 0.9907169233134389, 0.9906807614108242, -0.033356267410523485, -0.21714062913053522, 0.9993126011680564, 0.9992708993365874, 0.7570605906179028, -0.5292693151830317, 0.9985812094157271, 0.9992731857373687, 0.9991764131865797, 0.2655520558346881, 0.9991540594296904, 0.9991594290876045, 0.9991540594296904, 0.9111690891655818, 0.6238442206035776, 0.916965735531841, 0.888220070139144, 0.6887285686722476, 0.009330673242479057, -0.524869866760771, -0.1866958714810586, 0.9185762386973191, 0.35671104512109025, 0.9623572386308307, 0.9614101538522138, 0.854523568021754, 0.8276828794511677, 0.8744529628830119, 0.8487331642275886, 0.8725697373003839, 0.8733220540675534, 0.8725697373003839, 0.7557717879763834, 0.8141430121428224, 0.8158709759798324, 0.8141430121428224, 0.8360725475548602, 0.7268054960548713, 0.824759395615975, 0.8262600261187496, 0.824759395615975, 0.5226474387377354, 0.3431947067431719, 0.483518823460426, -0.6935898178044102, 0.46091227281192315, 0.4244687234157336, 0.42452629577922074, 0.4244687234157336, -0.10797941000686508, 0.8104697102827209, 0.8184116926359314, 0.8083648967640769, 0.8652469065557334, 0.3188247331806462, 0.819452165946298, 0.8218815159383113, 0.819452165946298, 0.8276355781468205, 0.8276355781468205, -0.2523529708353435, 0.6857063128106063, 0.07749777112581692, -0.5976388997537019, -0.6543402304788528, -0.6551676398312972, -0.1053402705085953, -0.0016472603499238358, -0.1524382388305442, -0.09542385732771129, -0.4666181332900987, -0.3532667521719124, -0.8781754182578466, -0.554852596080859, 0.034202803401832335, 0.035104983396751964, -0.5948763538307792, -0.6047785232555188, -0.52048763833444, -0.5805282962789909, -0.8197073666611288, -0.591177234745803, -0.5932281232853922, -0.591177234745803, -0.2753442803469379, -0.3180418851271089, -0.3180418851271089, -0.7994234386387163, -0.7994234386387163, 0.36476462596529213, 0.6005075698312068, 0.8229925832376435, 0.8014572214396675, 0.7575867883199187, -0.3462745293670968, 0.6418251133807552, 0.7116299046406311, 0.7117904723463215, 0.7116299046406311, 0.09849317980503147], [0.9730208753488094, 0.9581830966022348, 0.3941135643578334, 0.9707765557463642, 0.9602658248288098, 0.9730208753488094, 0.9512401365329957, 0.9427985490564811, 0.9499934757060852, 1.0, 0.9233129640478337, 0.9512771147020214, -0.2638967021899628, 0.9509290319713977, 0.9501876260031864, 0.9519303598171946, 0.0971526986741766, 0.9569254233489366, 0.9569013511343291, 0.9514217620180624, 0.9514130042762008, 0.04440913414274759, 0.6727334604825647, 0.9532089702815923, 0.9534257815304757, 0.8228779912403789, 0.12783665153558882, -0.11180482254342676, 0.9598328749802628, 0.959966663351424, 0.11147882548061187, 0.052533452327424866, 0.9612972764344982, 0.9615838326762263, 0.8519112903950075, -0.4541050301340391, 0.9351982273322302, 0.9604537932277177, 0.9619128619294293, 0.07438302733913016, 0.962686460219658, 0.9626497175160109, 0.962686460219658, 0.782120070033775, 0.4191291170749023, 0.741697110566678, 0.8582160218724445, 0.832761341730737, -0.5543139055086789, -0.6861190556651139, -0.30648837825779174, 0.867643784995993, 0.07492823043493378, 0.9018277565033619, 0.9018770612806944, 0.8587457702807593, 0.8527045599631213, 0.8845065676995273, 0.8618743515592173, 0.8763762632667216, 0.8772141970797223, 0.8763762632667216, 0.801207585955621, 0.7794800133277042, 0.781609045980588, 0.7794800133277042, 0.8539163595790191, 0.874160313267258, 0.8520536669062959, 0.8528496519323426, 0.8520536669062959, 0.6224596209492397, 0.5420939890166645, 0.6236947864966642, -0.41457529644096414, 0.6444470052158273, 0.6655243806546325, 0.668665613083954, 0.6655243806546325, -0.2650273344604117, 0.858833325989026, 0.9199491147331235, 0.8769958768669093, 0.8751681861030671, 0.19463568019894245, 0.8508287347999232, 0.8521889385197006, 0.8508287347999232, 0.8626632165129171, 0.8626632165129171, 0.011485189297446153, 0.2854041572486256, -0.09001863081744804, -0.5048739954692686, -0.3992075474821922, -0.40112349505025136, 0.06197884034922917, 0.3856452045900063, 0.09935045737176393, -0.029167312064641394, -0.35269473264951146, 0.005686151785237595, -0.8119214456192567, -0.15604110286932363, 0.27428410834046796, 0.2733420509108375, -0.35813963207551996, -0.4387574391087843, -0.31276396907263654, -0.3181342378068167, -0.6858042943008531, -0.3340440812145141, -0.3360203218405899, -0.3340440812145141, -0.06391036729162392, -0.3512510296756106, -0.3512510296756106, -0.5384600016105253, -0.5384600016105253, 0.5713902313371761, 0.6729504615718345, 0.7606885090062209, 0.6706242156952006, 0.8385577133421408, -0.4426890740054969, 0.3870629928103487, 0.5634430201499981, 0.5637270036805325, 0.5634430201499981, -0.2289084868511675], [0.9818602396241664, 0.9797353511378938, 0.9966409855103433, 0.986937224543748, 0.9952776014106021, 0.9818602396241664, 0.999587245834893, 0.9982662111676308, 0.9995330838307551, 0.9233129640478337, 1.0, 0.9995841099723956, 0.999580380330929, 0.9995346258132346, 0.9995716080343775, 0.998549619508967, -0.3753885197542145, 0.9997328872255296, 0.9997368909811549, 0.9995916229680227, 0.9995914565759727, -0.2725468545861541, 0.9614515215317372, 0.9923698182775208, 0.9923427612639723, 0.9887050438925742, 0.009090565874946077, 0.07640270088986738, 0.9893024360151499, 0.9893580870432596, 0.9716340192778787, 0.0072742489822198424, 0.9986991933897175, 0.9986423680763551, 0.9984472921584574, 0.9992405514964885, 0.9991912057292175, 0.9986971236949305, 0.9984797772771028, -0.3858770050265816, 0.9983868228803897, 0.9983979570464007, 0.9983868228803897, 0.904790168436011, 0.4802527401073762, 0.9125363286841046, 0.8860662035654959, 0.6902312166945466, -0.5397836216027002, -0.660381269719729, 0.793895104480013, 0.805912751156927, -0.2883554929997514, 0.9212257055115229, 0.9214231713563623, 0.8516870341056384, 0.8616525895031453, 0.8278118481805735, 0.8304886011284, 0.8371868233779913, 0.8381410121032952, 0.8371868233779913, 0.6591860560570932, 0.6133744837774009, 0.6160115128551246, 0.6133744837774009, 0.8626905548095362, 0.8719389678679398, 0.8611417771247455, 0.8626475175519467, 0.8611417771247455, 0.3067194310316501, 0.23723959352182605, 0.3656552839967673, 0.4894690539131194, 0.358761799320387, 0.40803982392989235, 0.41076233630647696, 0.40803982392989235, -0.4132391394490722, 0.7711250781162613, 0.8228533742942744, 0.8023971172858614, 0.8607206163122089, -0.13186257325184408, 0.763787642311545, 0.7643440775276577, 0.763787642311545, 0.7785295845511481, 0.7785295845511481, -0.3135906956391847, 0.6768748195287991, -0.40176455391512983, -0.6900707229062711, -0.548298117013323, -0.5505231482268924, -0.3656307661687653, 0.15139754335044803, -0.27271461885617365, -0.44278955409786785, -0.6336791058465088, -0.34915017152660377, -0.6244213760639621, -0.41486325378677436, 0.02153699816009875, 0.017667465537721434, -0.5643768157805846, -0.5292040311066861, -0.5478674093619752, -0.5819050193669602, -0.576226311242278, -0.5511963441784142, -0.5541342160322436, -0.5511963441784142, -0.440169632898325, -0.6039998953062353, -0.6039998953062353, -0.6064174832474337, -0.6064174832474337, 0.3598822786987, 0.35675642677130787, 0.47056371809495906, 0.5536468055795001, 0.5521938134649818, -0.5506387419352505, 0.29755452901571977, 0.31694153099573774, 0.3171136598439153, 0.31694153099573774, 0.22375615261058715], [0.990823596017748, 0.9778204591650634, 0.5560647637035797, 0.9924236404280995, 0.9967696784140858, 0.990823596017748, 0.9999961524220845, 0.9979846406804519, 0.9999688907552658, 0.9512771147020214, 0.9995841099723956, 1.0, -0.14969372201648223, 0.9999943167082875, 0.9999270075964126, 0.9949620929137182, 0.39479899056736206, 0.999837512834124, 0.9998376156920971, 0.9885196236613568, 0.9999969993864802, 0.34301482873254824, 0.6669890780085781, 0.9896883623361153, 0.9844156792906991, 0.9856364980520255, 0.22077311378892042, -0.18980855590711282, 0.9921831359411385, 0.9919201474325228, 0.16577699528128118, -0.256466101609055, 0.9992949301332034, 0.9993882614889767, 0.34909438861433895, -0.32866597251029916, 0.9986741203120721, 0.9993025856931831, 0.9982532701600755, 0.3752965458740985, 0.9313027823819605, 0.9990230636219702, 0.9313027823819605, 0.9111257847206283, 0.6230086136966839, 0.9173284497616652, 0.8887730378929871, 0.6895639795889515, 0.41511204237847327, -0.07893573234581285, -0.21117561076950986, 0.9234715515030845, 0.40785005877930225, 0.9684204708375223, 0.9612387647996568, -0.08465308374597515, 0.8271158924954553, 0.8008812406182548, 0.8480579300028405, 0.7941301955382813, 0.7618000416187214, 0.7941301955382813, 0.7569348858454698, 0.7616285097524816, 0.7602412360725832, 0.7616285097524816, 0.8348785882641018, 0.3056175776198373, 0.5229794780683521, 0.6064570230530746, 0.5229794780683521, 0.5235098735729218, -0.3622266774947858, 0.484555720736992, -0.6640424090328453, 0.40162814055814405, -0.13031300702578943, 0.3672358239827732, -0.13031300702578943, -0.15187306608957082, 0.8101681089520241, 0.8188254604891546, 0.8083176867934838, 0.734354623733133, 0.3920984702976634, 0.813480031632747, 0.8154764516097982, 0.813480031632747, 0.7210466843345184, 0.7210466843345184, -0.2500219092880602, 0.6848869320607335, 0.2530667100966462, -0.5852326912687182, -0.6125433503306937, -0.6156420223436478, -0.1017347473161789, -0.003972004311485349, 0.3581073009233076, 0.0891756860689256, -0.4181192658036311, 0.10286813746379228, -0.8262529841391762, -0.11958792539788206, 0.03572572300445158, 0.03610355835403554, -0.5929159967817514, -0.6085241334513088, -0.050758343592367, -0.578314688842409, -0.8441992842036304, -0.3447483312086652, -0.17100834807295465, -0.3447483312086652, -0.2726112112920339, -0.3143292896432125, -0.3143292896432125, -0.8377960139730034, -0.8377960139730034, 0.36414234305791876, 0.6017860507616147, 0.49747386298466323, 0.8077601612274679, 0.7591822623727905, -0.3171412010847607, 0.05983880586481328, 0.7645062920520731, 0.7830794507672711, 0.7645062920520731, -0.1443694602733885], [-0.13208308934019494, 0.9777797421790928, 0.5153972073839255, -0.13650949329173487, -0.3481870104279152, -0.13208308934019494, -0.15002599317849238, -0.15949228605188023, -0.3231184701039753, -0.2638967021899628, 0.999580380330929, -0.14969372201648223, 1.0, -0.14906565863446822, -0.14535543189208303, -0.12103667595069961, -0.29280233458445826, -0.15051397366268746, -0.15097059489922166, -0.2729718064226687, -0.1505637868569419, 0.025291599647359338, 0.3090112982150367, -0.18418326024344134, -0.18452206290543768, 0.9856151524350414, 0.2477607384870113, 0.18636348301652042, -0.18605554269354327, -0.18667456696566823, 0.5371319445527634, 0.12061617748631842, -0.1477367395500311, -0.30802584504181746, 0.1666325024253085, 0.9600044226247259, 0.9986722784694236, -0.3399173690232976, -0.1428520825376616, -0.28267708274532716, -0.14808587753971966, -0.14891430388885943, -0.14808587753971966, 0.9112057119807313, -0.1185769131267825, 0.9173010658870742, 0.8887163708903737, 0.6895488411095594, 0.08408186614888222, 0.25485978577642043, 0.644531180636768, -0.2675674034011049, -0.29678316707589547, -0.0661316756912455, -0.3026394647746941, 0.028694883039704952, 0.2735657371613784, -0.020236107991135146, -0.3059049551996649, -0.018095247688454087, -0.008122658057562978, -0.018095247688454087, -0.41363066627661216, -0.10582687307555264, -0.10796440038546594, -0.10582687307555264, -0.20436798917032473, 0.07120799703999334, 0.047599867582700024, 0.047583942067315185, 0.047599867582700024, -0.41060092760791306, 0.007001786276942621, -0.37446359692756026, 0.6218031712898426, -0.34321512670151255, 0.008538618492818038, -0.05967407808987075, 0.008538618492818038, -0.30657896394867196, -0.34029811954579764, 0.8188013381710374, -0.1201131352937582, 0.015284044597187832, -0.21964117310890321, -0.2623616008516476, -0.2617801853503879, -0.2623616008516476, -0.02633053702092535, -0.02633053702092535, -0.2294434588078785, 0.6848137633019308, -0.1623135947328988, -0.017575950673925093, 0.19825248145565721, 0.19682244268691512, -0.25152583601101963, -0.009448677063652995, 0.01987191955327119, -0.17375065870392958, -0.11065310775399828, 0.04200090307442596, 0.38593473781152815, 0.11456089762422038, -0.04065391905484516, -0.044574729988947764, 0.0864382085849556, 0.570992876502503, 0.09263271848626624, -0.19216093359781183, 0.614164056044989, 0.0969238567509662, 0.10486155119551498, 0.0969238567509662, -0.23809995202758977, -0.19633277446810365, -0.19633277446810365, 0.32419204005537045, 0.32419204005537045, 0.36425361927157024, -0.2523809046414695, 0.017203510952936815, 0.09114069786943754, -0.24906844230004793, 0.07315367066013419, 0.15379261966644658, 0.1048936686433887, 0.10483619794879206, 0.1048936686433887, 0.12595268654497668], [0.9908891867617491, 0.9775952647291691, 0.556399921560976, 0.9924610978421531, 0.9968007291207667, 0.9908891867617491, 0.9999924227459422, 0.9990032216717437, 0.9999734272978589, 0.9509290319713977, 0.9995346258132346, 0.9999943167082875, -0.14906565863446822, 1.0, 0.9999384838102887, 0.9974989991196686, 0.3949195460953462, 0.9998405877929835, 0.9998406046384307, 0.9886817005024808, 0.9999943301991796, 0.3437090624094662, 0.6668273977898634, 0.9932089297790484, 0.9930961273436711, 0.9855134333101724, 0.22106523169657905, -0.18985465176053135, 0.9929273060545877, 0.9929727809150368, 0.16657913448301603, -0.2562944647519705, 0.9993456637564769, 0.9993874409119478, 0.34802187941767576, -0.32779660196578664, 0.9986109976561405, 0.9993058561834409, 0.9985582772962315, 0.37544257715567103, 0.9307812032570609, 0.9990796643816665, 0.9307812032570609, 0.9114128900514452, 0.6237554371314068, 0.9176945184489468, 0.8891460349376376, 0.6892467960791514, 0.4165410126922081, -0.07730102839806875, -0.2113803804457507, 0.9238769410120474, 0.4081452965108173, 0.9688457215198256, 0.9616106604181436, -0.08569253977524538, 0.8273948513427712, 0.8008004085712677, 0.8483201136416378, 0.7940907489726011, 0.7613991742590563, 0.7940907489726011, 0.7571290429920999, 0.7615829680029194, 0.7606657259547511, 0.7615829680029194, 0.8352311953606236, 0.30492087495534537, 0.5224541438379342, 0.6064900450370891, 0.5224541438379342, 0.5233351969469464, -0.36342237027021784, 0.4844514273762562, -0.6641980927132545, 0.4012247760688602, -0.13133998765639412, 0.36688016472326795, -0.13133998765639412, -0.15181556296182575, 0.8103032096003105, 0.8184100336331018, 0.80841173059141, 0.7244119617313327, 0.3924960323095076, 0.8136054235337431, 0.8155909620641453, 0.8136054235337431, 0.7208496194678714, 0.7208496194678714, -0.2517046471518793, 0.6858100808825206, 0.25358407590158216, -0.5852104936077995, -0.6129366472047799, -0.6160401519306556, -0.10293742427312845, -0.005261956497785024, 0.3584141515245764, 0.08871284230689688, -0.4183904938525108, 0.10294530851638126, -0.825360789302921, -0.11942844271436652, 0.03464998453121365, 0.035022790383340656, -0.5935728730362979, -0.608828169362098, -0.05016532651241003, -0.5797164310325474, -0.8441874512182179, -0.3446835439193828, -0.17043815753863323, -0.3446835439193828, -0.2736440889075955, -0.3148200245856251, -0.3148200245856251, -0.8381500079835089, -0.8381500079835089, 0.36431512151865214, 0.6014609166111823, 0.4969136667794752, 0.80821472768222, 0.75861692287105, -0.31664957620870965, 0.059148636849354085, 0.7649113064486477, 0.7836906294823802, 0.7649113064486477, -0.14403924639704904], [0.990932145697088, 0.9768669781277627, 0.5585786818012873, 0.9925010932664874, 0.9968229593432676, 0.990932145697088, 0.9999219539471325, 0.9987075751834582, 0.999934390513071, 0.9501876260031864, 0.9995716080343775, 0.9999270075964126, -0.14535543189208303, 0.9999384838102887, 1.0, 0.997622550526054, 0.39376580047316584, 0.9997903386031148, 0.9997915502839072, 0.9885832332379819, 0.9999228606435302, 0.3443936208168138, 0.6684222983336826, 0.9925420082754641, 0.9837766521039717, 0.9855554718390688, 0.2220442583256147, -0.18898164221208433, 0.9920395394507846, 0.9920491736397139, 0.16942261022588986, -0.2569022115972349, 0.9993438841994479, 0.9992299811596682, 0.3479175615748996, -0.32358109683552, 0.9985148145793978, 0.9992718588213875, 0.9985317108307233, 0.3743194774738774, 0.9297216829608017, 0.9990958143107241, 0.9297216829608017, 0.9098376171316869, 0.623695183692175, 0.9161166941083132, 0.887363284627937, 0.686205468908466, 0.4171490703055528, -0.07551003431972247, -0.21198369408472853, 0.9231311802053231, 0.4059917749045655, 0.9691139090908031, 0.9610621447211435, -0.08859009037304383, 0.8262513101507986, 0.8010546338142919, 0.8481510777602457, 0.7943412454024132, 0.7636216911616948, 0.7943412454024132, 0.7552371194925733, 0.7609269901315693, 0.7617421372723782, 0.7609269901315693, 0.8354305648199939, 0.30493750192924685, 0.5221476507808308, 0.6079019887308623, 0.5221476507808308, 0.5221163660820316, -0.36575639933026316, 0.48265323392364035, -0.6617894425746037, 0.3996295000295101, -0.13240823610925928, 0.36718912797453296, -0.13240823610925928, -0.1552442011802429, 0.8098137290443809, 0.8174526995668571, 0.8077103947229668, 0.7362852230529152, 0.3925171134889045, 0.8132399680102732, 0.8155233244061764, 0.8132399680102732, 0.7209372708470395, 0.7209372708470395, -0.2520849464705984, 0.6878861202792232, 0.2537624006023777, -0.5865800441111843, -0.6129529834606026, -0.6158287511320443, -0.10511736769486144, -0.006829089780165207, 0.3594997452301747, 0.08793739060109286, -0.41978965208620583, 0.1037598704629862, -0.8238311951319832, -0.11813880669408035, 0.03369119958339423, 0.03458482917549168, -0.5948724077528416, -0.6039485848878742, -0.04861947006397817, -0.5806305045676698, -0.8419545155608745, -0.344014090594697, -0.16915908045529865, -0.344014090594697, -0.27398980316596144, -0.3176979783981102, -0.3176979783981102, -0.8359227536286432, -0.8359227536286432, 0.3622911467954556, 0.5992055575846451, 0.4949941464072511, 0.8088900772548397, 0.7569384981548839, -0.3177041530385792, 0.05710944042778505, 0.7655508862271857, 0.7849355006114198, 0.7655508862271857, -0.14319836472708003], [0.9935422957862492, 0.9854091604972954, 0.5948006802742221, 0.9951282422909535, 0.9978456157808395, 0.9935422957862492, 0.9941441508476647, 0.9867868599327232, 0.9981110686889145, 0.95193035981719