var config = { responsive: true }

var correlationClose = {"data": [{"type": "heatmap", "z": [[1.0, 0.9999839462851153, 0.9768440067763797, 0.9996926299285542, 0.9972144609789095, 1.0, 0.9899238879157596, 0.985071901955446, 0.9904971457918864, 0.9729421172565839, 0.9786747110880983, 0.9899727123454631, 0.9901363368915036, 0.9900442031158552, 0.9901022220784544, 0.9930607645002132, 0.9932522409020071, 0.9911596471737997, 0.991148264466857, 0.9910981741111036, 0.9899639006180138, 0.9767463664333528, 0.9632612754177079, 0.9757405122439334, 0.9757128084227045, 0.9481792733158976, 0.9515660701726417, 0.9421970924064483, 0.9898541604140374, 0.9898085397280377, 0.9856298217872643, 0.9742312582293907, 0.9931530204264832, 0.9941013161192893, 0.9931721485828191, 0.9913619588276776, 0.9853915574821114, 0.993765388154171, 0.993728897954472, 0.9946761609062823, 0.9933663748948667, 0.9933544202563879, 0.9933663748948667, 0.8989524971017397, 0.6992995431145491, 0.8638671793721628, 0.9024304325253618, 0.8184106410391899, 0.9655368129561294, 0.9295192195030012, 0.9561657713058712, 0.9510106900324482, 0.9545703313363987, 0.9783632382720626, 0.9722406535717266, 0.9059811297021401, 0.8937713459677256, 0.9262841319676309, 0.8960402483565646, 0.9226394448767719, 0.9235600493474889, 0.9226394448767719, 0.8269773614516783, 0.9019072971002757, 0.9031749375243915, 0.9019072971002757, 0.8800560165417144, 0.7033102939871245, 0.85684791254314, 0.8587426661839574, 0.85684791254314, 0.5973880313494304, 0.4849544791536973, 0.5716280323685384, 0.7249588680984911, 0.45777826642766256, 0.5244814615227341, 0.5265908680982985, 0.5244814615227341, -0.5964096869922283, 0.8672507427414937, 0.8977106424406643, 0.8794161482630153, 0.9075983194641273, 0.9328889846712207, 0.8657473594925692, 0.8672795125654943, 0.8657473594925692, 0.8790617109224206, 0.8790617109224206, -0.17415625515324737, 0.49614515671941306, 0.2160461314930775, -0.5084149508827694, -0.5386244192691536, -0.5424348928403698, 0.014451628132697328, 0.028036963026338, 0.293845770336592, 0.2081093018597877, 0.12402743387524981, 0.09893143572125129, 0.12622525691916692, -0.1669275038943723, 0.09838536884556873, 0.09854504772970432, -0.509574349970537, -0.40371704063152963, -0.1652759403884757, -0.44947452490436246, -0.3320055049908933, -0.3073863875588009, -0.29778225737266084, -0.3073863875588009, -0.15991572614195232, -0.21170863714481405, -0.21170863714481405, -0.5182165601551479, -0.5182165601551479, 0.39859571322856857, 0.672006166776288, 0.8797210755830659, 0.8571470167418138, 0.7970957763948258, 0.6783660410691225, 0.7783093758107592, 0.8196436739640371, 0.8198240782455268, 0.8196436739640371], [0.9999839462851153, 1.0, 0.962995365650135, 0.9991088346231073, 0.9925218990606818, 0.9999839462851152, 0.9737200683314163, 0.9628278804360343, 0.9734394028232382, 0.9548059105498139, 0.9759756889669793, 0.9737727818077366, 0.9737232808335978, 0.9735075733679659, 0.9725987882864205, 0.9827035866437784, 0.9811417016672436, 0.9801702520975983, 0.9801348783045407, 0.9738554791807907, 0.9738438450248339, 0.9791817835491404, 0.963571132185126, 0.9654324013236024, 0.9655210986961044, 0.9486045755016975, 0.9709472444517735, 0.9245238129044241, 0.9731574376095328, 0.973211782582597, 0.9702908298803498, 0.9169230849058222, 0.9852970284244174, 0.9854137203435318, 0.9863182849965709, 0.9765767719233795, 0.9833321413065865, 0.9852894130590143, 0.9860588145530703, 0.9858178169436235, 0.9864630904218408, 0.9864371361017068, 0.9864630904218408, 0.8990846158743505, 0.621866424825343, 0.8647857735337623, 0.9032588803441193, 0.8176232732328226, 0.870315521450567, 0.8840206403456963, 0.8610398860636838, 0.8765914602237803, 0.8668511868985176, 0.9385438965845735, 0.9385953223336266, 0.9076555371762697, 0.9195966261702098, 0.8929828461091306, 0.8925188640059535, 0.9008792115280875, 0.9017425605858443, 0.9008792115280875, 0.7431091327886803, 0.7071962095413579, 0.709381436402184, 0.7071962095413579, 0.9128721363873822, 0.91902995945541, 0.9124938915678652, 0.913978792361888, 0.9124938915678652, 0.40682368805787256, 0.35152465728978505, 0.4741629968560592, 0.5705425761923301, 0.44728134754528326, 0.4948648164674334, 0.4960028566963532, 0.4948648164674334, -0.18641159060827225, 0.8428946358622559, 0.8843393645842961, 0.868769514033759, 0.915950893810982, 0.9176345244741834, 0.8359282754646945, 0.8363820237685746, 0.8359282754646945, 0.8484891439596172, 0.8484891439596172, -0.28287543646815166, 0.4969055570669667, -0.3744266511887765, -0.45084205113418496, -0.4523414662863928, -0.4558041141769565, -0.2531496945854493, 0.20137697664659945, -0.17237629444981872, -0.32637827609360687, -0.18324238712541846, -0.23709208700431597, -0.26180804991318735, -0.28977606931713135, 0.07255977113984872, 0.06702265867761176, -0.4626898640001101, -0.41333285760731175, -0.4411470532978637, -0.4712024761615883, -0.4636265371369822, -0.44451580898300036, -0.44765234434963286, -0.44451580898300036, -0.3469784473507009, -0.47195027974644926, -0.47195027974644926, -0.45219614003282294, -0.45219614003282294, 0.39821532534332105, 0.4444431113826693, 0.5325782067710019, 0.6136592958565734, 0.5921141224118377, 0.2695499716462549, 0.41108175363831734, 0.41003922303443896, 0.41014424637390795, 0.41003922303443896], [0.9768440067763797, 0.962995365650135, 1.0, 0.9809065702200572, 0.990691194269761, 0.9768440067763798, 0.9851344040336449, 0.9831301642991653, 0.9921610244207731, 0.9338212833440818, 0.9962226236288385, 0.9850824329102731, 0.9825336078236205, 0.9848439539870586, 0.9847335388909177, 0.9879141345004242, 0.989005114506084, 0.9825239499212823, 0.9825052715102951, 0.9906738268334896, 0.9849889229246749, 0.9903468805655992, 0.9785978231651647, 0.9823935504869951, 0.9824109565050779, 0.9787727320583771, 0.976692985415192, 0.9453595101295807, 0.9670064492047395, 0.96707484658139, 0.9720125398162488, 0.9477128948530438, 0.9810461755245707, 0.987623909452031, 0.9793471540078045, 0.9824367674351563, 0.993266803637771, 0.9895814897102146, 0.9791367640822493, 0.9866598303296159, 0.9807414729791917, 0.9800141256658557, 0.9807414729791917, 0.9082292115782076, 0.6152804274814312, 0.9099507510599398, 0.8815713922934358, 0.6618356256983594, 0.908631783919776, 0.8573451108324782, 0.8962842701166548, 0.893103129088908, 0.9009717657965929, 0.9293293066630203, 0.9388035328148794, 0.7366707492119964, 0.7943509574830787, 0.812521787444815, 0.8322440865591122, 0.8047182906194802, 0.7744595558859079, 0.8047182906194802, 0.7166648695290206, 0.7618739174473373, 0.7626549964773315, 0.7618739174473373, 0.8239137418564022, 0.3878196870481888, 0.5803025278837369, 0.6526165983926699, 0.5803025278837369, 0.4899164315881723, 0.46197920778401474, 0.45359181289929923, 0.6141765378586228, 0.3901621405821367, 0.42333502659358546, 0.38941904477197203, 0.42333502659358546, -0.5879737690960111, 0.7904823718145335, 0.7681183533942142, 0.7710366089808504, 0.7515735637412757, 0.879315818732537, 0.79697710781476, 0.7996546287002678, 0.79697710781476, 0.7415722156046439, 0.7415722156046439, -0.28448860500608736, 0.6969446866420821, 0.1656097778193203, -0.6053793833064736, -0.6315501305657794, -0.634416591711293, -0.09880670069850009, -0.013529683854642545, 0.2888529010551642, 0.0735714365146951, 0.016769006345213503, 0.04897435360648283, 0.015567133180565535, -0.16425923234365114, 0.00011572828769521943, -1.4038330279040953e-05, -0.601080525305431, -0.5194696045545989, -0.1224818971096047, -0.5756441030995594, -0.43028274642669007, -0.3943810994625299, -0.22485748175836306, -0.3943810994625299, -0.2866990771092723, -0.3497170842883228, -0.3497170842883228, -0.6221645263660021, -0.6221645263660021, 0.31062755533921205, 0.5758842099382538, 0.7855241388593063, 0.7637206309438817, 0.7328405274372729, 0.5705485337012616, 0.7116907816288055, 0.7192881519308038, 0.7512413900311031, 0.7192881519308038], [0.9996926299285542, 0.9991088346231073, 0.9809065702200572, 1.0, 0.9984691906320633, 0.999692629928554, 0.9916586097334322, 0.9872815755575425, 0.9926761427863341, 0.9708646377004605, 0.9846908642185562, 0.9916937972391918, 0.9917841965032747, 0.9917352013072427, 0.9917789128750277, 0.994702368247799, 0.994862177980395, 0.9926461338354745, 0.9926362971394465, 0.9930401503030664, 0.9916759978980647, 0.9801606341951397, 0.96643215679867, 0.9788490862228533, 0.9788225731587045, 0.9618780497808916, 0.9561666190772424, 0.9435770437336409, 0.9898420599810551, 0.9898073606839561, 0.9866548157508991, 0.9737733913617787, 0.994065438566349, 0.9953786440352425, 0.9940384452392833, 0.9926469540814581, 0.9898941576562199, 0.9952975606124445, 0.9944441965707107, 0.995871173308073, 0.9941749423040608, 0.9941663990529782, 0.9941749423040608, 0.8988735300268961, 0.6869359539502706, 0.8746228256467957, 0.8976672986387075, 0.7952815509676237, 0.9598429763652404, 0.9216433430636651, 0.9494825525749372, 0.9454694868779776, 0.949785248820997, 0.9742088069177832, 0.9695963039424081, 0.879020226909392, 0.8824411656884905, 0.9096549507532992, 0.8897911202983508, 0.9008704196784464, 0.902143348850483, 0.9008704196784464, 0.8157829755986792, 0.8875695798484564, 0.8889704717320032, 0.8875695798484564, 0.8742177524450573, 0.628980199343954, 0.8075477461932613, 0.8095147704978148, 0.8075477461932613, 0.5864695004328615, 0.4565676616078795, 0.5584654753666799, 0.7056643153170356, 0.45026472869409223, 0.49073234300388563, 0.4935770610762792, 0.49073234300388563, -0.5983075957977868, 0.8592165958105535, 0.8842969322167665, 0.8673375732455589, 0.8779556610824697, 0.9284586003487787, 0.8589359724094312, 0.8606672421644698, 0.8589359724094312, 0.8545850254856794, 0.8545850254856794, -0.18146593151536664, 0.5284932203454, 0.22091404157870528, -0.5171884751282939, -0.5470081448014604, -0.5507282811744676, 0.0016456071027415706, 0.02161097810013013, 0.28659864656907014, 0.1957024354139911, 0.11328297502883067, 0.09217010613501803, 0.1199844885456861, -0.17507694222229334, 0.08606462124955101, 0.0862697053230048, -0.5175513309642954, -0.41543092942396903, -0.16722133307570167, -0.4631807472303916, -0.33455906916374983, -0.30932442824532635, -0.3002770062373278, -0.30932442824532635, -0.17007398787104644, -0.22245231271577032, -0.22245231271577032, -0.5298611158538227, -0.5298611158538227, 0.38190838580193426, 0.6598938720785351, 0.8724582218268043, 0.8498805057889504, 0.7899719590698845, 0.6697492913540204, 0.7697182683022593, 0.8114110467347448, 0.8116056760971746, 0.8114110467347448], [0.9972144609789095, 0.9925218990606818, 0.990691194269761, 0.9984691906320633, 1.0, 0.9972144609789095, 0.9964656760682403, 0.9941707249058136, 0.9966475007496227, 0.959385982542067, 0.9945525891856257, 0.9964840708253284, 0.9965875295092473, 0.996518277301343, 0.996515316769882, 0.9976014365747595, 0.9972310993737413, 0.9971259766748116, 0.9971227378955937, 0.9964800846410039, 0.9964765398944238, 0.9928600606968891, 0.979356034957089, 0.9893567836564721, 0.9893080503485602, 0.9800192254026332, 0.9781835224848467, 0.947628189938895, 0.9885006004655942, 0.9884358909667831, 0.9879518326056443, 0.9646383833021954, 0.9976702371892787, 0.9976187887659065, 0.9975256150819716, 0.9970251810995665, 0.9969250887792316, 0.9978302735288542, 0.9979455424584911, 0.9976878062473779, 0.997656789462063, 0.9976597673239959, 0.997656789462063, 0.9161235211584674, 0.6494990810890402, 0.9011754235418608, 0.899610309434684, 0.7574239966315777, 0.9397291323721898, 0.8939898397169056, 0.9285124782609773, 0.9308656673570187, 0.938742290002476, 0.9675754962460119, 0.9676606126722809, 0.8683877781282247, 0.8552227810109155, 0.8900979609662525, 0.8719866940291162, 0.8879090475199897, 0.8884944554020775, 0.8879090475199897, 0.7815190195548541, 0.8225631822656765, 0.8243040089846062, 0.8225631822656765, 0.8580433473078942, 0.7350983694784441, 0.837356217238289, 0.8386383076469218, 0.837356217238289, 0.5330400419217292, 0.3931603986562141, 0.5135722528204717, 0.6900438595799894, 0.5054974305708745, 0.48154085545420783, 0.48185025321890385, 0.48154085545420783, -0.5849251223148324, 0.8345689110172145, 0.8466827529274785, 0.8343067077949633, 0.8798118258797027, 0.899993126045814, 0.8373158802253406, 0.8390044375028191, 0.8373158802253406, 0.846070717112758, 0.846070717112758, -0.22870615508043923, 0.5995447716709098, 0.07664439290386117, -0.575696769956966, -0.6104324565720978, -0.6108308622847985, -0.03680087765559407, 0.04145195605714009, -0.11239915865952167, -0.05619850196908005, -0.04087570496158812, -0.28559681264288933, -0.33841721849547207, -0.4852448219155634, 0.04892157019060681, 0.048951770016881, -0.5511502314594677, -0.45726183754277255, -0.4782832915476362, -0.5115785271105778, -0.5690388689369882, -0.5391479677179808, -0.5415349887428914, -0.5391479677179808, -0.21795105945086163, -0.2644755514772618, -0.2644755514772618, -0.6370874297746555, -0.6370874297746555, 0.3566284460195628, 0.6371798252679494, 0.8200822818561949, 0.7909700236890732, 0.7763489159470659, 0.597196720932485, 0.618049245840177, 0.7033036497949602, 0.7036529198692405, 0.7033036497949602], [1.0, 0.9999839462851152, 0.9768440067763798, 0.999692629928554, 0.9972144609789095, 1.0, 0.9899238879157596, 0.985071901955446, 0.9904971457918864, 0.9729421172565839, 0.9786747110880983, 0.9899727123454631, 0.9901363368915036, 0.9900442031158552, 0.9901022220784544, 0.9930607645002132, 0.9932522409020071, 0.9911596471737997, 0.991148264466857, 0.9910981741111036, 0.9899639006180138, 0.9767463664333528, 0.9632612754177079, 0.9757405122439334, 0.9757128084227045, 0.9481792733158976, 0.9515660701726417, 0.9421970924064483, 0.9898541604140374, 0.9898085397280377, 0.9856298217872643, 0.9742312582293907, 0.9931530204264832, 0.9941013161192893, 0.9931721485828191, 0.9913619588276776, 0.9853915574821114, 0.993765388154171, 0.993728897954472, 0.9946761609062823, 0.9933663748948667, 0.9933544202563879, 0.9933663748948667, 0.8989524971017397, 0.6992995431145491, 0.8638671793721628, 0.9024304325253618, 0.8184106410391899, 0.9655368129561294, 0.9295192195030012, 0.9561657713058712, 0.9510106900324482, 0.9545703313363987, 0.9783632382720626, 0.9722406535717266, 0.9059811297021401, 0.8937713459677256, 0.9262841319676309, 0.8960402483565646, 0.9226394448767719, 0.9235600493474889, 0.9226394448767719, 0.8269773614516783, 0.9019072971002757, 0.9031749375243915, 0.9019072971002757, 0.8800560165417144, 0.7033102939871245, 0.85684791254314, 0.8587426661839574, 0.85684791254314, 0.5973880313494304, 0.4849544791536973, 0.5716280323685384, 0.7249588680984911, 0.45777826642766256, 0.5244814615227341, 0.5265908680982985, 0.5244814615227341, -0.5964096869922283, 0.8672507427414937, 0.8977106424406643, 0.8794161482630153, 0.9075983194641273, 0.9328889846712207, 0.8657473594925692, 0.8672795125654943, 0.8657473594925692, 0.8790617109224206, 0.8790617109224206, -0.17415625515324737, 0.49614515671941306, 0.2160461314930775, -0.5084149508827694, -0.5386244192691536, -0.5424348928403698, 0.014451628132697328, 0.028036963026338, 0.293845770336592, 0.2081093018597877, 0.12402743387524981, 0.09893143572125129, 0.12622525691916692, -0.1669275038943723, 0.09838536884556873, 0.09854504772970432, -0.509574349970537, -0.40371704063152963, -0.1652759403884757, -0.44947452490436246, -0.3320055049908933, -0.3073863875588009, -0.29778225737266084, -0.3073863875588009, -0.15991572614195232, -0.21170863714481405, -0.21170863714481405, -0.5182165601551479, -0.5182165601551479, 0.39859571322856857, 0.672006166776288, 0.8797210755830659, 0.8571470167418138, 0.7970957763948258, 0.6783660410691225, 0.7783093758107592, 0.8196436739640371, 0.8198240782455268, 0.8196436739640371], [0.9899238879157596, 0.9737200683314163, 0.9851344040336449, 0.9916586097334322, 0.9964656760682403, 0.9899238879157596, 1.0, 0.9970035310170638, 0.9999666333115392, 0.9483150788450417, 0.9995212856833331, 0.9999958967163503, 0.9999564866397961, 0.9999918532832683, 0.9999156249790636, 0.993687300172955, 0.9998051068157532, 0.9998210832732, 0.9998215507327732, 0.9999942300081998, 0.9999963155277626, 0.9907808766295062, 0.9742628439129911, 0.983350911057356, 0.9921425775297605, 0.9818454227134357, 0.9703308017849139, 0.9375120249345169, 0.9925881192203491, 0.9922370690001266, 0.9920960690705198, 0.9679090339594022, 0.9992737537534961, 0.9993575318178046, 0.9993311940395067, 0.9997293891168094, 0.9984734780989861, 0.9992324536496465, 0.9981521816556637, 0.9993409585186355, 0.9990828430609319, 0.9989965581417248, 0.9990828430609319, 0.9224330135118682, 0.6477001564423673, 0.92348467813019, 0.9025064347843161, 0.7017399216940208, 0.9486806438838696, 0.9123451336461402, 0.9362902190296282, 0.9269961080496235, 0.9380311138875812, 0.9692122168362486, 0.9612669858553777, 0.6921378950300308, 0.7977154696473315, 0.7831684965661767, 0.8288045264811339, 0.7757337068093272, 0.7473036927401647, 0.7757337068093272, 0.7325186136295402, 0.7491006482547248, 0.7525130681803576, 0.7491006482547248, 0.8115086041099782, 0.26330841388278614, 0.48575064606824103, 0.5811701843935497, 0.48575064606824103, 0.4978639315021062, 0.4590503620445516, 0.4550372868019085, 0.59047548972487, 0.3659649969014549, 0.39668338481486387, 0.34389032130309205, 0.39668338481486387, -0.6519992243348413, 0.7871890400143869, 0.7863385900078339, 0.779967585834895, 0.7174994415558223, 0.8836748000704187, 0.7929933032232126, 0.7954533299047208, 0.7929933032232126, 0.6978926753934785, 0.6978926753934785, -0.26711789304201805, 0.6581598434854465, 0.26558714411966844, -0.5656336235643218, -0.5935278195143846, -0.5967429337143418, -0.055635965757960135, -0.033312466232546585, 0.381541321054776, 0.15233600317892693, 0.0686143008065022, 0.1364902849417809, 0.10452399338452129, -0.08294101893089999, 0.010068666106743677, 0.01037072303013436, -0.5677012955358479, -0.49113174550174804, -0.010776070118659251, -0.552767014045643, -0.3419055234385893, -0.3088046113642725, -0.1316517714180972, -0.3088046113642725, -0.25663447942580453, -0.2778302018713167, -0.2778302018713167, -0.5993587944115057, -0.5993587944115057, 0.3512033830638358, 0.6104378905039562, 0.8043816770520853, 0.8100383477083057, 0.762917396248475, 0.6499205587895288, 0.7486552040315858, 0.7716045847759894, 0.7898603260910098, 0.7716045847759894], [0.985071901955446, 0.9628278804360343, 0.9831301642991653, 0.9872815755575425, 0.9941707249058136, 0.985071901955446, 0.9970035310170638, 1.0, 0.9994146432417007, 0.93917981803919, 0.9979722019244336, 0.9978342912768529, 0.9992017311253807, 0.9989221925169511, 0.9985945067203271, 0.985779805532425, 0.9988231177189314, 0.9989824019112269, 0.9989858831136149, 0.999461759279541, 0.9991007593056299, 0.9906286369219386, 0.9745649119203593, 0.991282415568546, 0.991959030219943, 0.9761180545079653, 0.9723780592809178, 0.9355041626132324, 0.9889399303803905, 0.9923629138024439, 0.9902934895291099, 0.964015146524566, 0.99806164470281, 0.9979317573212689, 0.997943981290926, 0.9989460220914798, 0.9954756799724789, 0.9976864943724875, 0.9974865832608125, 0.9977955310441735, 0.9978802093324296, 0.9979122190740782, 0.9978802093324296, 0.9207568269208948, 0.6317978499598523, 0.9255704393013223, 0.8990051144649897, 0.6721733298157034, 0.9463844318674665, 0.9049368103386585, 0.932545858649199, 0.9175673808956493, 0.9300981316617473, 0.9643771938195084, 0.9554686080716782, 0.6747226319095347, 0.7791834702882984, 0.7622693741130222, 0.8164841529189178, 0.7561469646710868, 0.7325267502948468, 0.7561469646710868, 0.7154839423001147, 0.7261751840458399, 0.7368290916555541, 0.7261751840458399, 0.7991462697241256, 0.23900117727199302, 0.4597906618440285, 0.5611410743532379, 0.4597906618440285, 0.48091669431680517, 0.45073777136957094, 0.43599867140619397, 0.5718611155866357, 0.3545978842131509, 0.38289921097417695, 0.32397103895457097, 0.38289921097417695, -0.65231727468363, 0.7729772706780231, 0.7622543364682899, 0.7609202317615996, 0.6998160876197717, 0.8729291858854491, 0.779593416386405, 0.7823273089302696, 0.779593416386405, 0.6751137436546216, 0.6751137436546216, -0.286244793058045, 0.6937114994121659, 0.27464716212791845, -0.581575210477984, -0.6088657374438187, -0.6118771951245692, -0.07203174943433106, -0.043389123551469434, 0.37498137669887527, 0.13253972965101726, 0.05196419547593031, 0.1273226001408461, 0.08854477532704041, -0.08934426076594998, -0.00840598660586855, -0.008088467897118758, -0.5816390283463867, -0.5088074969375421, -0.01750496586296306, -0.5738501325844312, -0.35637026776954533, -0.321415395021777, -0.1378096371503425, -0.321415395021777, -0.27750036172127746, -0.293799339364763, -0.293799339364763, -0.6144142909023234, -0.6144142909023234, 0.32415978044815785, 0.5912178123514691, 0.7939692666962715, 0.7909922394328284, 0.7486687875105784, 0.6328211835668043, 0.7317758524792761, 0.7513039756415234, 0.7734132505966467, 0.7513039756415234], [0.9904971457918864, 0.9734394028232382, 0.9921610244207731, 0.9926761427863341, 0.9966475007496227, 0.9904971457918864, 0.9999666333115392, 0.9994146432417007, 1.0, 0.9470340058301905, 0.9994553613708783, 0.999967710205463, 0.9999632573431381, 0.9999728658974186, 0.9999286203847851, 0.9979920794546474, 0.9997086786746952, 0.9997547877851752, 0.999755885634441, 0.9999647088960619, 0.999965083456015, 0.9940076984507787, 0.976973957220147, 0.9934932650316999, 0.9934306588260415, 0.9816016149292248, 0.9762781757293278, 0.9394722941772302, 0.9910659187375993, 0.9910306538283062, 0.9888128372651678, 0.963141676077056, 0.9992875232203176, 0.9992494534700838, 0.9991074698425957, 0.9998555422160104, 0.9983753918163271, 0.9992217825395252, 0.9991198068225802, 0.9992203752133708, 0.9991271294102761, 0.9991335398387916, 0.9991271294102761, 0.9225113539951563, 0.649114109734943, 0.9235024357634413, 0.9024562116550267, 0.7011214353139924, 0.9353375631526324, 0.8861332174943394, 0.919740775919181, 0.9224014236843453, 0.9342688977727729, 0.9627600937816222, 0.9616769210243029, 0.8377052604162163, 0.7985409140264327, 0.8602746745068601, 0.8295930486445832, 0.8581518490601916, 0.8589994038027595, 0.8581518490601916, 0.7315251433952359, 0.8023298775491678, 0.8041585742675375, 0.8023298775491678, 0.8128802006094145, 0.6923008173794565, 0.80381507608358, 0.8055208183168396, 0.80381507608358, 0.496813154858462, 0.31360035800055286, 0.4543220637826254, 0.6344500747568256, 0.42719558231951626, 0.38953851647825644, 0.38981073716905396, 0.38953851647825644, -0.6325048152797837, 0.7875775256066476, 0.7858847181516756, 0.7799485735589883, 0.8496124116986031, 0.8708378888398276, 0.7996375251763981, 0.8023729172409633, 0.7996375251763981, 0.8083202072643125, 0.8083202072643125, -0.2697723330652251, 0.6590201267635649, 0.10083091343172328, -0.5949229159658597, -0.6383664712387978, -0.6391591147999065, -0.059289524118598814, -0.031475307246725336, -0.121876091016329, -0.030257609766277088, -0.02900623114965949, -0.31988993526383536, -0.34864968725118306, -0.5277633382681112, 0.008567317167703528, 0.00919456922646179, -0.5697506831390471, -0.49347799220635846, -0.48934636385944924, -0.5551904471618032, -0.5857960938885225, -0.564952370030297, -0.5668619328612972, -0.564952370030297, -0.2592091630967001, -0.28161507549632325, -0.28161507549632325, -0.6968062900374593, -0.6968062900374593, 0.3516447704682391, 0.6093639634222197, 0.8264104789132567, 0.8021894681602406, 0.7613523376900487, 0.6348130465407781, 0.6499016431621175, 0.7218325506870813, 0.7219945834674841, 0.7218325506870813], [0.9729421172565839, 0.9548059105498139, 0.9338212833440818, 0.9708646377004605, 0.959385982542067, 0.9729421172565839, 0.9483150788450417, 0.93917981803919, 0.9470340058301905, 1.0, 0.9148047394647572, 0.9483662160994548, 0.9484818279856558, 0.9479885654800206, 0.9472782059023271, 0.9497630752751254, 0.9556672841490402, 0.9546897908066379, 0.9546516967776827, 0.9485214228563691, 0.9485037547106265, 0.9479053183273715, 0.939790226109334, 0.9504857260791404, 0.9507102146346622, 0.7916526937508559, 0.9555291516673622, 0.9496443836237181, 0.956347570344828, 0.9564962073619745, 0.9546144653244663, 0.9283004901412045, 0.9590981107302265, 0.9593716593003119, 0.9602366112177761, 0.9506432778833352, 0.928019113909608, 0.9582994699721576, 0.9598845707259676, 0.9596879766547548, 0.960557337319711, 0.9605148793221767, 0.960557337319711, 0.771823512697963, 0.44744050845879263, 0.7131200985366203, 0.8605051958295377, 0.8455828037195859, 0.8738973534454768, 0.752077825543384, 0.8515749736952579, 0.8652552149143833, 0.8750604943759129, 0.8940677525801715, 0.8941146363946929, 0.8473035399195193, 0.8380926605592536, 0.8750296456323412, 0.849962651575151, 0.8659679203711481, 0.8669409053920685, 0.8659679203711481, 0.7834697512270288, 0.762601319501363, 0.7648338592049482, 0.762601319501363, 0.8425879423548138, 0.8660965019182436, 0.8404849050264381, 0.8413987836067424, 0.8404849050264381, 0.6056426175214888, 0.5254611702058966, 0.605881560877897, 0.7333225264278973, 0.6242744446967861, 0.6468241559985679, 0.6503336420050185, 0.6468241559985679, -0.2667103371501135, 0.8454120323958828, 0.9117741169295582, 0.86535010012202, 0.8655873284882883, 0.8771427286170649, 0.8364652127986257, 0.837978233205048, 0.8364652127986257, 0.8497371490347576, 0.8497371490347576, 0.013806865588128154, 0.21013551580901865, -0.06648017212237443, -0.3392262221713077, -0.3726918191436005, -0.37459755524421556, 0.11721315324691428, 0.37188382312979135, 0.142311952337597, 0.04304613255597074, 0.14864797318536974, 0.056947167967912646, -0.051139554188607224, -0.10514525851822958, 0.2628281812214216, 0.26164321424275966, -0.32233480793583313, -0.2693655671840759, -0.2727913520707573, -0.27476932255444214, -0.3473076037159568, -0.295638156599929, -0.2974210920141385, -0.295638156599929, -0.03717300955101855, -0.31433942864887543, -0.31433942864887543, -0.38226866101417895, -0.38226866101417895, 0.5806356863477841, 0.6816808859133525, 0.7609101537895239, 0.6639507598122952, 0.8407474244965059, 0.30271056837611887, 0.3926259474593527, 0.5749677921381247, 0.575252876479785, 0.5749677921381247], [0.9786747110880983, 0.9759756889669793, 0.9962226236288385, 0.9846908642185562, 0.9945525891856257, 0.9786747110880983, 0.9995212856833331, 0.9979722019244336, 0.9994553613708783, 0.9148047394647572, 1.0, 0.9995182406593466, 0.999513789142332, 0.9994601378124507, 0.9994999325067208, 0.9983038288373982, 0.9995586384117936, 0.9996879334106079, 0.9996935423611815, 0.9995271343476333, 0.999528314222059, 0.9911989793809766, 0.956089980059562, 0.9910461636486302, 0.991015963050668, 0.9856317218534882, 0.9717188796177687, 0.8908817655236883, 0.9885990493214221, 0.988655215987081, 0.9700341056285291, 0.8863568564133947, 0.9985477449133591, 0.9984931027497828, 0.9982528609957761, 0.9991844365305349, 0.9991004495248886, 0.9985223297520665, 0.998271047509722, 0.998449623213766, 0.9982029468907706, 0.9982180943343988, 0.9982029468907706, 0.9163191174909184, 0.5363526666023437, 0.9190885968075133, 0.9011107037557193, 0.7035355314795287, 0.8275263611201352, 0.835005257735341, 0.8155694666228951, 0.8158659711302557, 0.8236177684888885, 0.9216362685958599, 0.9218304120650772, 0.8247471255534661, 0.8365190883221353, 0.7972117937985023, 0.800170394944389, 0.8079534809050423, 0.8090480936127797, 0.8079534809050423, 0.6141164972706742, 0.5722707097364313, 0.5749117941062586, 0.5722707097364313, 0.837627104059963, 0.8486049850008205, 0.8355970547313409, 0.837407529974012, 0.8355970547313409, 0.2577405219782377, 0.19085078914919204, 0.3200696610312443, 0.4372728351498625, 0.3042975908865129, 0.36044907229257045, 0.3636070820609366, 0.36044907229257045, -0.39985495202310795, 0.7330657330360527, 0.7908257029300484, 0.7676378078679642, 0.8350463688445893, 0.8314119874365038, 0.7247202271413757, 0.7253568909884676, 0.7247202271413757, 0.7408992247397043, 0.7408992247397043, -0.33456765307229835, 0.6490823772256314, -0.3947157469725688, -0.5376060856179093, -0.5393536589147578, -0.5415741961323006, -0.32468104755922833, 0.1238481153647533, -0.24055329964582728, -0.38721342182932494, -0.2500686487350671, -0.31066723514847266, -0.34556189293091233, -0.37577628744287594, -0.008132155419045961, -0.01256606238441731, -0.5460993644753216, -0.5076950350023888, -0.5253745730684217, -0.5600867839510234, -0.554493421964225, -0.5297497911074865, -0.5325615035198163, -0.5297497911074865, -0.4357560005485796, -0.5888169970830921, -0.5888169970830921, -0.5991710025505979, -0.5991710025505979, 0.3464672882842036, 0.3730696095240092, 0.4727220111359337, 0.5549690486457439, 0.557550987468171, 0.16771008524627415, 0.3122390052941225, 0.3388917610441694, 0.3390778858012462, 0.3388917610441694], [0.9899727123454631, 0.9737727818077366, 0.9850824329102731, 0.9916937972391918, 0.9964840708253284, 0.9899727123454631, 0.9999958967163503, 0.9978342912768529, 0.999967710205463, 0.9483662160994548, 0.9995182406593466, 1.0, 0.9999618328440886, 0.9999938775343516, 0.999921195787005, 0.9945456986400956, 0.9998074794075532, 0.9998226670499137, 0.9998230541683933, 0.9999960094545606, 0.9999969676581847, 0.9907335567905708, 0.9742300097918212, 0.9889993357177708, 0.9921153992071912, 0.9818180786274501, 0.9702310323342522, 0.9374541440200201, 0.9925779605588014, 0.9922524196411622, 0.992089685007101, 0.9679389128117293, 0.9992767008198767, 0.9993633485460282, 0.9993411158807104, 0.999735426839749, 0.998478616622068, 0.9992432738046357, 0.9981570528858331, 0.9993494536292572, 0.9990882829743786, 0.9990002915716467, 0.9990882829743786, 0.9224949932430774, 0.6478973325356143, 0.9238224894833011, 0.9028499916344783, 0.7019669515611767, 0.9487331696682023, 0.9125570736945671, 0.9363844257808936, 0.9271025379221449, 0.938122676881942, 0.9693210803026377, 0.9613566258718446, 0.6920605820465562, 0.7978699222786904, 0.7832846122933917, 0.8289208790968499, 0.7758483297889873, 0.747235619586291, 0.7758483297889873, 0.7325890859581364, 0.7491678237958356, 0.7524422690062794, 0.7491678237958356, 0.8116652669552212, 0.2631579227723388, 0.48575628897113504, 0.5810656738766811, 0.48575628897113504, 0.4977994228876166, 0.45895964668722017, 0.454982318045131, 0.5905097026574007, 0.36583162958480625, 0.3967806913050334, 0.34393375360839706, 0.3967806913050334, -0.6521541250487344, 0.7872555896838893, 0.7864852539461188, 0.7800672490961013, 0.7174886935460723, 0.8837837824459752, 0.7930806635314277, 0.7955354593377079, 0.7930806635314277, 0.6979765156594792, 0.6979765156594792, -0.2671142016047317, 0.6581710246073559, 0.26571824871434374, -0.5655864220582411, -0.5934310881555666, -0.5966520886074346, -0.05569970023996335, -0.03348294117238546, 0.381733751951418, 0.15238715927731697, 0.06857598344121964, 0.1367799740001359, 0.10479336345679781, -0.08261600010491764, 0.010096136251852088, 0.010414603924880037, -0.5676805585221665, -0.4911510328081897, -0.010493557156110927, -0.5527359446752097, -0.34161549312601996, -0.3085435227275894, -0.13141425947065397, -0.3085435227275894, -0.2564722617094986, -0.2777698857637734, -0.2777698857637734, -0.5992153637577045, -0.5992153637577045, 0.35178191621377236, 0.6106295279304592, 0.8044260793337806, 0.8103256889343344, 0.7630378567171169, 0.6502007959237696, 0.748810545651219, 0.7718817042665403, 0.7899939446247565, 0.7718817042665403], [0.9901363368915036, 0.9737232808335978, 0.9825336078236205, 0.9917841965032747, 0.9965875295092473, 0.9901363368915036, 0.9999564866397961, 0.9992017311253807, 0.9999632573431381, 0.9484818279856558, 0.999513789142332, 0.9999618328440886, 1.0, 0.9999662800398863, 0.99990893926993, 0.997452650175522, 0.9998030235942081, 0.9998650705165605, 0.9998657263984919, 0.9999825292404678, 0.9999609277135659, 0.9902656379003918, 0.9740361507034543, 0.9928561967173519, 0.9928155485753781, 0.9817861058244666, 0.9698455012482149, 0.9373777155155599, 0.9933541510701817, 0.993371457315196, 0.9918425221869188, 0.9677353951900137, 0.9995026497588207, 0.9993672963303124, 0.9993972718971755, 0.9998844906058802, 0.9984760462277414, 0.9992506777945199, 0.9992081812252518, 0.9993597030030748, 0.9993744955912941, 0.999378585730216, 0.9993744955912941, 0.9225964287151176, 0.6480581268729357, 0.9238354480651064, 0.9028383181273187, 0.701970838636458, 0.9528396823470199, 0.9100078687749932, 0.9381595420874805, 0.9271875998726604, 0.9381193877061546, 0.9690396110623838, 0.9614280187338079, 0.6445032993964938, 0.7975816102947714, 0.7820276342295472, 0.8293952470353433, 0.7747807863698919, 0.7189803837075535, 0.7747807863698919, 0.732508416474011, 0.7392762105780615, 0.7437675693284691, 0.7392762105780615, 0.8121342308407143, 0.1919843186615712, 0.47298652777949, 0.4789476423787256, 0.47298652777949, 0.4979524418345539, 0.35116390012399334, 0.45523557562969247, 0.5900094249323845, 0.3660556593227476, 0.3634395875821368, 0.3435700450164109, 0.3634395875821368, -0.6523439250310453, 0.7877438165185493, 0.7864629937059293, 0.77982603207708, 0.6560209213985996, 0.8842793580092329, 0.7936098379387888, 0.7960591062732326, 0.7936098379387888, 0.696440173045866, 0.696440173045866, -0.2667705434580608, 0.6580504880148725, 0.26934803299155635, -0.5654284717755058, -0.5930926056625913, -0.5963137260125866, -0.05608433833858984, -0.033379118859474366, 0.33404940124262245, 0.15255787390114656, 0.06832186775702417, 0.14021627700153486, 0.10718693402916529, -0.09283993920884355, 0.010218046827253283, 0.010540189074406226, -0.5678482395913739, -0.4912302838033204, -0.07619213645769565, -0.5524506846471463, -0.33957367564721985, -0.3062755365510414, -0.21892770511610657, -0.3062755365510414, -0.25600593355060586, -0.27888722900617036, -0.27888722900617036, -0.5984676149844209, -0.5984676149844209, 0.3519123840323302, 0.6108070583330842, 0.7892141052805317, 0.8103739168630976, 0.7634284074677723, 0.649938126087473, 0.7068419302248, 0.7597130576937604, 0.7598726777580836, 0.7597130576937604], [0.9900442031158552, 0.9735075733679659, 0.9848439539870586, 0.9917352013072427, 0.996518277301343, 0.9900442031158552, 0.9999918532832683, 0.9989221925169511, 0.9999728658974186, 0.9479885654800206, 0.9994601378124507, 0.9999938775343516, 0.9999662800398863, 1.0, 0.9999340944485965, 0.9973004753007503, 0.999797593882177, 0.9998259854539695, 0.9998262449230125, 0.9999938580039378, 0.9999940827590296, 0.9905827879254793, 0.9741252984106864, 0.9926891614461004, 0.9925647653721517, 0.9816774935086954, 0.9698841544411765, 0.9370584170301642, 0.9933063430020773, 0.993351345878734, 0.9921287525298431, 0.9681254426938427, 0.9993293628199016, 0.9993620140713897, 0.9993735683328339, 0.999774553615549, 0.9984051428319808, 0.9992467269935463, 0.9984828967858214, 0.9993584724260552, 0.9991392301173581, 0.9990588673644082, 0.9991392301173581, 0.9227505151972485, 0.648679969301846, 0.9241566704101141, 0.9031481678137752, 0.7015628369893255, 0.9493251338811285, 0.9133256015753045, 0.9370192570296443, 0.927529374323623, 0.9385134161851241, 0.9697610514003806, 0.9617585956041311, 0.6923691060549738, 0.798157902222841, 0.7832041290794721, 0.829208071466556, 0.775812774076237, 0.7468691391632897, 0.775812774076237, 0.7327960547976301, 0.7491154664514758, 0.7528808284769294, 0.7491154664514758, 0.8120469506846999, 0.26244460728993874, 0.48521021099017725, 0.5811146789580656, 0.48521021099017725, 0.4976102420650364, 0.45952910007067227, 0.4548638487195953, 0.5902474661430237, 0.36540431139160606, 0.3968126079677422, 0.34356302958342927, 0.3968126079677422, -0.6525484287428673, 0.7873983356417383, 0.7859851549005651, 0.7801512737594062, 0.7065306506790516, 0.8840747609668365, 0.7932223837723701, 0.7956657240643696, 0.7932223837723701, 0.6977712784063631, 0.6977712784063631, -0.2689542997280711, 0.6592381142542133, 0.2662487005880611, -0.5661479899829945, -0.593852818994236, -0.5970790154434694, -0.056981174764543556, -0.034842222302315845, 0.3820239777624917, 0.15187229280109077, 0.06766095414908449, 0.1368369680017087, 0.1048510533064565, -0.08247071254848079, 0.008949078103749668, 0.009263377766328776, -0.5683907281338527, -0.49226373714678584, -0.009898092809957095, -0.5542799925530831, -0.3414871046596397, -0.3084899148753223, -0.13084314128842164, -0.3084899148753223, -0.2575794884126797, -0.27828819632877666, -0.27828819632877666, -0.5993173320941318, -0.5993173320941318, 0.3519530671538827, 0.6103074166653626, 0.8049638222477208, 0.8107900578925366, 0.762454470231445, 0.6510029207045588, 0.7496034918217553, 0.7722814037127608, 0.7906033504463649, 0.7722814037127608], [0.9901022220784544, 0.9725987882864205, 0.9847335388909177, 0.9917789128750277, 0.996515316769882, 0.9901022220784544, 0.9999156249790636, 0.9985945067203271, 0.9999286203847851, 0.9472782059023271, 0.9994999325067208, 0.999921195787005, 0.99990893926993, 0.9999340944485965, 1.0, 0.9974180079578824, 0.9996906697509566, 0.9997731797412549, 0.9997743654290846, 0.999897764464282, 0.999916927751731, 0.9903375139110229, 0.9738763285130224, 0.9919501763762346, 0.99157738037826, 0.9817136027870439, 0.9695861766251371, 0.9370049844802141, 0.9924065413387312, 0.992412261696409, 0.9915125104266872, 0.9671831332774734, 0.9993387927341919, 0.9992108948777493, 0.9993112026518604, 0.9997612590364934, 0.9983083288424712, 0.9992241996787812, 0.9984681158369709, 0.9992336652386734, 0.9991556351906972, 0.9990894434559326, 0.9991556351906972, 0.9213424750081747, 0.6490446565026304, 0.9227888025532412, 0.9017699314462985, 0.6985862163851915, 0.9498836541464949, 0.9142003789244106, 0.9379948722187061, 0.9269839840521359, 0.9377990740946639, 0.9701314859043484, 0.9613378984461006, 0.693777027671314, 0.7967320710190275, 0.7835084176359369, 0.8288844867721328, 0.7761227562745461, 0.7491856202184796, 0.7761227562745461, 0.7309000279523845, 0.7486371590771488, 0.7540712521754303, 0.7486371590771488, 0.812044636509136, 0.2624921718776152, 0.4848777819159843, 0.5825719564908085, 0.4848777819159843, 0.49620693452001274, 0.4613061648766677, 0.45334546552062577, 0.5898434173168933, 0.3640354754812999, 0.397408988512752, 0.3438174872169434, 0.397408988512752, -0.6530652253127626, 0.786789847130626, 0.7846039220566539, 0.7791122636161373, 0.7195468791109734, 0.8844264383844164, 0.7927896618955662, 0.795420399251146, 0.7927896618955662, 0.6979385351209151, 0.6979385351209151, -0.2696150573192689, 0.661732529144921, 0.2665981233321298, -0.5664168775950955, -0.5938770465418779, -0.5968161497611819, -0.05898123001231226, -0.036500197887653615, 0.3833549835684868, 0.1513816656951689, 0.06645072973429161, 0.13789453945422847, 0.10595773215240839, -0.08094260035145287, 0.00797850345269592, 0.008595474637869248, -0.5697462517698434, -0.49385502268029424, -0.00804627236329086, -0.5553404092897736, -0.34057099065990576, -0.3075831971827856, -0.12935702190611534, -0.3075831971827856, -0.2577686001329453, -0.28120171416395595, -0.28120171416395595, -0.5991234810141556, -0.5991234810141556, 0.3490482632211351, 0.6080852101189244, 0.8060706876610283, 0.811579185896623, 0.7607626500822742, 0.649989731839417, 0.7513876011587126, 0.7730520960840669, 0.7920647729124567, 0.7730520960840669], [0.9930607645002132, 0.9827035866437784, 0.9879141345004242, 0.994702368247799, 0.9976014365747595, 0.9930607645002132, 0.993687300172955, 0.985779805532425, 0.9979920794546474, 0.9497630752751254, 0.9983038288373982, 0.9945456986400956, 0.997452650175522, 0.9973004753007503, 0.9974180079578824, 1.0, 0.9980829176101188, 0.9976796666823272, 0.9976771829613822, 0.9977616298446386, 0.9972296074530487, 0.9911697524052202, 0.97673942450485, 0.969354882583126, 0.9869262321802748, 0.9862731601164231, 0.97114422033436, 0.9463457241872733, 0.9915670653551472, 0.9893932667684154, 0.9883314563622503, 0.9660148792843147, 0.9974633760509605, 0.9974908770615283, 0.9972935001505415, 0.9972622129827429, 0.9984359016570499, 0.998017957798703, 0.9972843677538293, 0.9977293661784103, 0.997394963773933, 0.9973719312735855, 0.997394963773933, 0.9128286073834843, 0.659331163391468, 0.915514100429663, 0.9054156451677424, 0.7254684826218138, 0.9517298624427538, 0.9169558436183416, 0.9431419360295836, 0.9278165688476395, 0.9