var element=document.getElementById("correlationClose");if(element.style.display!='none'){var correlationClose={"data":[{"type":"heatmap","z":[[1.0,0.9999859787599273,0.6145657357341526,0.999713441006909,0.9977419817880995,1.0,0.9916417282601684,0.9876120729718085,0.9876120729718085,0.992316812819446,0.9748329321090939,0.9848747381441294,0.9916825170029124,0.9921285484170933,0.9917415579765776,0.9014328527820548,0.87119452141981,0.3815745301224833,0.9926670654415218,0.9926525569462397,0.9847928256001082,0.9916688356894541,0.45541215083432834,0.7009540197695142,0.9798097846634838,0.9798097846634838,0.9797899205115702,0.9693701592489992,0.3489879196473862,-0.09917206382266226,0.9895778690122098,0.989540554663097,0.3034984516486511,-0.17226242426914212,0.9942682061381543,0.9950278640061467,0.8285510313631134,-0.3778267687510738,0.9893572595567306,0.9949063832992623,0.8962945858059981,0.36308156939190117,0.9944317941921249,0.9944194274642842,0.9944317941921249,0.8860379187899693,0.660709978844946,0.8844595537408033,0.8932079343686327,0.8016884135097687,0.3793802785446605,-0.15292731806969878,0.19497877051419826,0.9454157839267282,0.4247557434962006,0.9757277316858172,0.9705165262799497,0.9796553463683031,0.9897127056852135,0.9224383239547875,0.9252221783818733,0.9389688229809325,0.919494437335083,0.9360705659797263,0.9367675469484712,0.9360705659797263,0.8634750000813252,0.9134978032107791,0.9144981674842182,0.9134978032107791,0.9091665378271411,0.7593246708917087,0.882497998843636,0.8839579254531238,0.882497998843636,0.6531664835403383,0.3356452497124355,0.6336694057651148,-0.5771875294745993,0.5363623723482981,0.5743830567780702,0.5751841101736058,0.5743830567780702,-0.10471611968526076,0.8969855945172086,0.9294614217452268,0.9118165608487256,0.9238554714233701,0.36851193356419876,0.8930321348610926,0.8939981563781604,0.8930321348610926,0.8996849581571693,0.8996849581571693,-0.12790396924692976,0.583552143145334,0.1891526913928434,-0.6157966947170035,-0.5735329610624229,-0.577135944347377,-0.07209265025129484,0.09303717756566239,0.24042636658643202,0.08546104672496178,-0.46010696630100995,0.029120038204570497,-0.7948016586730956,-0.23786786287419368,0.15122536486107363,0.1519251671655764,-0.5543373748645913,-0.5940460285663537,-0.2383274594962498,-0.49877311631453225,-0.8242129534254606,-0.37204895885042316,-0.36379198834316967,-0.37204895885042316,-0.19171958339393355,-0.2873936037940513,-0.2873936037940513,-0.8122001405784267,-0.8122001405784267,0.402242304437222,0.6471782347148509,0.8656427117133585,0.8467975526077622,0.777788251455515,-0.28302304216382296,0.7582109640224849,0.7966240150538657,0.7969666218175083,0.7966240150538657,-0.23046545948813457],[0.9999859787599273,1.0,0.9748722503330423,0.9993405810454181,0.9948416261080627,0.9999859787599271,0.9815362490055907,0.9741644495313231,0.9741644495313231,0.9813711712896702,0.9648795294962833,0.9832860980228713,0.9815812689233814,0.9814961590512998,0.981398016475222,0.5581329268688825,0.4919177307852753,-0.344258886703539,0.9861219783601038,0.9861006243945168,0.9816368908762476,0.9816305847772144,-0.08577548518917345,0.9736994749069692,0.9759266268008023,0.9759266268008023,0.9759848365960553,0.9695060178403074,0.15355367052414248,0.18725237695059097,0.9782348630393569,0.9782947819470978,0.9744732651511216,0.20451978721654457,0.989336791385296,0.9893981001248966,0.9900641302738105,0.983138141055285,0.9881359948214652,0.9894901592107233,0.527124013374046,-0.350077058109282,0.9901155268056082,0.9901016277899837,0.9901155268056082,0.8861978087457439,0.5218362748459121,0.8849609667491332,0.893515192045669,0.80103865463442,-0.393168093065299,-0.526968979698862,0.8252324264752285,0.862457439329483,-0.22025948381347366,0.9334239662270297,0.9335517017637984,0.9480342932328445,0.9744024327572132,0.937118023796905,0.9454859565648726,0.9272128697939908,0.9265693777234053,0.9328329229869954,0.9334429754780366,0.9328329229869954,0.8155799366663441,0.7808034018637607,0.7829543510406484,0.7808034018637607,0.9396325863322152,0.9438870194525277,0.9396946489484334,0.940728603387377,0.9396946489484334,0.5201276321176039,0.4611689695287187,0.5727127681924734,0.67076160153999,0.565548170442784,0.5964843026036577,0.5973025823355096,0.5964843026036577,-0.20776214180422561,0.8917331442840655,0.9220782491937218,0.9111072424669243,0.9432368607196409,-0.19145477573878192,0.8868871396876369,0.887231527109662,0.8868871396876369,0.8962622712168505,0.8962622712168505,-0.2226321254078314,0.5848716796375942,-0.35858052339338414,-0.7162708753391535,-0.4635456465231176,-0.46690901957434117,-0.33187244217941025,0.2536322400196783,-0.23241694647068784,-0.4375956394385709,-0.6586744461306677,-0.3116823540582244,-0.4888245102118444,-0.3675225214879765,0.12955899404089602,0.12545670573628706,-0.48933084225927315,-0.4487347893767366,-0.477022311330427,-0.5076489846808208,-0.4997389693308842,-0.4791745385234439,-0.4827066120993419,-0.4791745385234439,-0.3517590461569071,-0.5089084562093541,-0.5089084562093541,-0.48202517031078534,-0.48202517031078534,0.4026124530798136,0.3951345959556341,0.5108025518245582,0.5975266302217703,0.5583247798221165,-0.4135085661661377,0.37026967967614977,0.3488568114146827,0.3489625485109428,0.3488568114146827,0.10976577807664685],[0.6145657357341526,0.9748722503330423,1.0,0.6096863436877635,0.5199675345867761,0.6145657357341526,0.5999381026376653,0.58992595952379,0.58992595952379,0.5205125553310224,0.47037372262130056,0.9965895808322933,0.5999550745651934,0.5866163413070663,0.6002235535595649,0.5035354743933182,0.5130050725019649,-0.1488387258267416,0.5532666062635015,0.5523048339943477,0.5121320012801086,0.5988206120066198,0.23193938093980723,0.7398307565826397,0.5726805665658617,0.5726805665658617,0.5724212556075134,0.9869987032998531,0.33927822411128117,0.1853425554366289,0.5607158017003251,0.5602724288862289,0.7599229110981658,0.03324750702762184,0.5970884276887494,0.5171840218709886,0.5742433338821402,0.33459365647315603,0.9942329939666049,0.508393047283039,0.4970909049679995,-0.1563981745545747,0.6135402748108609,0.5949918275608758,0.6135402748108609,0.8874659611854459,0.3933719299992767,0.9129748251399907,0.8832332001930311,0.6767417946782621,0.2043477790264235,-0.037121110448356934,0.051793466107873665,0.46808377290105146,-0.08293048054184182,0.5480044072593229,0.4965498860802131,0.5251654825088429,0.4834486690921479,-0.044400418465974235,0.738907894524366,0.6792731168588526,0.554046720082159,0.6852736364137377,0.732129008033161,0.6852736364137377,0.4209969254565281,0.5832340239489774,0.6640711136642566,0.5832340239489774,0.6217358503794512,0.6423264400802216,0.687804229417955,0.7485412749049869,0.687804229417955,0.28822522674861895,-0.08701126554911957,0.30652481371660883,0.12398228604262503,0.305711557679436,0.26145827479950556,0.4348957975644315,0.26145827479950556,-0.1712340333924601,0.5166719987724391,0.8443254135094723,0.5979293648219696,0.747828861817464,0.010216421610369168,0.5705399137654976,0.5702236662383858,0.5705399137654976,0.6671804640013594,0.6671804640013594,-0.24555756442368884,0.7250703535860015,-0.20258369383334413,-0.6155929203632027,-0.41006273761755946,-0.4136319323306164,-0.40079792505513095,0.05723875973081757,0.024833538575892173,-0.29074354453501083,-0.5963309048626286,-0.1471580056406047,-0.2659232061407723,-0.23164194764287832,0.01692316511605315,0.013953727798328826,-0.4670832399767017,-0.021602214425131175,-0.23662139922134914,-0.49598981511054707,-0.1519020253179169,-0.3780731270700784,-0.2560048117923667,-0.3780731270700784,-0.41710855885049863,-0.517282606519953,-0.517282606519953,-0.26783291314735375,-0.26783291314735375,0.33899970301744253,0.16269018169310204,0.26233713236660683,0.5024131478490934,0.24994837616573892,-0.3399683093980769,-0.02807521151993527,0.4526324618629268,0.5617655706049043,0.4526324618629268,-0.04603789799667789],[0.999713441006909,0.9993405810454181,0.6096863436877635,1.0,0.9987792757866162,0.9997134410069088,0.993086191500572,0.9895260494035447,0.9895260494035447,0.9940354709990533,0.9727217852779602,0.9889921727890997,0.993115441351852,0.993886774966417,0.9931487463373327,0.9017211263221572,0.8712983142491403,0.3669374645672346,0.9939077005369331,0.9938960014451702,0.9850526465077625,0.993094797675398,0.44703561386904184,0.7049194178580575,0.9825913073020272,0.9825913073020272,0.9825711169354145,0.9772519571980848,0.34499778468346,-0.10566236496731564,0.989084082287196,0.9890559777582517,0.2957650727505701,-0.1724612396403248,0.9949441327791859,0.9959360239023045,0.7914169568894215,-0.3829308278647207,0.9923378481149678,0.9960515287706967,0.8957506750117648,0.3481115649712796,0.9927263512047331,0.9950015290398811,0.9927263512047331,0.8838444954940166,0.6481110448050458,0.8907735079195326,0.8905671984096353,0.7814616385418749,0.37407685770794374,-0.15849933301683558,0.1889358598066794,0.9397366169906141,0.40866534885199346,0.9713072792764946,0.9676122860074451,0.9775633817600262,0.989851576864004,0.9004745592210384,0.9180060645358398,0.9254177315837093,0.9152413167043764,0.9183081167514241,0.9192699009975444,0.9183081167514241,0.8549698681146944,0.9009348075637768,0.9020310068725864,0.9009348075637768,0.9054943128501434,0.697326811839511,0.8421420207503787,0.8436348874554646,0.8421420207503787,0.6443592653414625,0.1184166386506342,0.6231024474921077,-0.5819426157950826,0.530915640517246,0.31278544795627156,0.5445801409337899,0.31278544795627156,-0.11130690351589076,0.8913097646496952,0.9210595632351155,0.903496775939102,0.8997691040144549,0.35462418885649283,0.8881817665877354,0.8892873178497025,0.8881817665877354,0.8795330360563008,0.8795330360563008,-0.13325127989918703,0.6065698845582159,0.19391964225343855,-0.6260752021261239,-0.5807826368700941,-0.5842890081567316,-0.08437656284173309,0.08816146148780143,0.23341421484989264,0.07251975351782537,-0.47252403310145363,0.022693724303092695,-0.8009154713489358,-0.24566946620204477,0.1408866457796409,0.1416309114174613,-0.5613206965913733,-0.5906357830177745,-0.23973252393509348,-0.5099208238275829,-0.8260681587050778,-0.373581558869466,-0.3658924902894414,-0.373581558869466,-0.20056857063497793,-0.29717762456928803,-0.29717762456928803,-0.8120109777743375,-0.8120109777743375,0.3908248562541558,0.6354600626028007,0.8578830904580852,0.8391713600052759,0.7704451020694916,-0.29617489127479457,0.7492106452746268,0.7878589810685607,0.7882189825653294,0.7878589810685607,-0.21558151377209578],[0.9977419817880995,0.9948416261080627,0.5199675345867761,0.9987792757866162,1.0,0.9977419817880995,0.9970160454666578,0.9952863637830185,0.9952863637830185,0.9972095269596055,0.9637256352954072,0.9960206457887324,0.9970342769714675,0.9971160740296081,0.9970635598573564,0.8607572807456185,0.8148324506986407,0.16516556199294422,0.9975628547515148,0.9975570868364926,0.9868683008055975,0.9970197743765842,0.09672159570293226,0.6764797077426236,0.9915333376727483,0.9915333376727483,0.9914927990310969,0.9879972517641085,0.11818350933655077,-0.087336099114022,0.9871637776859303,0.9870997714350529,-0.000753856695834735,-0.06641098719431142,0.997774499005176,0.9977081826842934,0.7757122612543608,-0.5150576896509087,0.9974756418450196,0.9980187626013699,0.848046226328209,0.1410794947279567,0.9977216252292646,0.9977231269149025,0.9977216252292646,0.8987990921020768,0.6102838567481006,0.9093135521430009,0.8953321088163204,0.7528870463849282,-0.09818244200641886,-0.5847170275319348,-0.21906490613249616,0.9267346852424239,0.2623030797812723,0.9657329056378338,0.9658485741335978,0.9791351058148166,0.9905570976641955,0.8976941792697544,0.8984364612821879,0.9142228022964999,0.9018155225935608,0.9125383138743414,0.9129025016841963,0.9125383138743414,0.8282168450455258,0.8513442481686082,0.852580088977567,0.8513442481686082,0.8937306801060589,0.796625788282785,0.8739589529702465,0.8748432115645063,0.8739589529702465,0.5999282890868189,0.4719678505996872,0.5857994193550429,-0.6136175924679298,0.5844890844817211,0.5621822815082814,0.5613331600636942,0.5621822815082814,-0.1303777629905637,0.8724160789786473,0.8946946659189645,0.8791590813237833,0.9064815908645014,0.20427167704019716,0.8726497463881004,0.8737907948527966,0.8726497463881004,0.8798368689803034,0.8798368689803034,-0.17423617301774724,0.6584234837664467,0.04935911911917816,-0.6587829348314542,-0.6334263329977708,-0.6339071635852306,-0.11840377775837094,0.11101675642549798,-0.16101364264448828,-0.1783299982972071,-0.5514337057054688,-0.34371551441015524,-0.856019958015383,-0.5339081922184991,0.10866258394894313,0.10925712857317992,-0.5895425214708881,-0.5830777930297415,-0.5272051478420111,-0.5502507993819146,-0.7885032106540806,-0.5810451717446355,-0.5840368040429006,-0.5810451717446355,-0.24193693791599008,-0.3333996393296031,-0.3333996393296031,-0.7554440668000884,-0.7554440668000884,0.374844010757778,0.6157095326621776,0.8099025424263443,0.7895978466024965,0.7589241802438877,-0.429204211320523,0.6033760450656666,0.6796552890243156,0.6801605164565045,0.6796552890243156,0.011864016040708627],[1.0,0.9999859787599271,0.6145657357341526,0.9997134410069088,0.9977419817880995,1.0,0.9916417282601684,0.9876120729718085,0.9876120729718085,0.992316812819446,0.9748329321090939,0.9848747381441294,0.9916825170029124,0.9921285484170933,0.9917415579765776,0.9014328527820548,0.87119452141981,0.3815745301224833,0.9926670654415218,0.9926525569462397,0.9847928256001082,0.9916688356894541,0.45541215083432834,0.7009540197695142,0.9798097846634838,0.9798097846634838,0.9797899205115702,0.9693701592489992,0.3489879196473862,-0.09917206382266226,0.9895778690122098,0.989540554663097,0.3034984516486511,-0.17226242426914212,0.9942682061381543,0.9950278640061467,0.8285510313631134,-0.3778267687510738,0.9893572595567306,0.9949063832992623,0.8962945858059981,0.36308156939190117,0.9944317941921249,0.9944194274642842,0.9944317941921249,0.8860379187899693,0.660709978844946,0.8844595537408033,0.8932079343686327,0.8016884135097687,0.3793802785446605,-0.15292731806969878,0.19497877051419826,0.9454157839267282,0.4247557434962006,0.9757277316858172,0.9705165262799497,0.9796553463683031,0.9897127056852135,0.9224383239547875,0.9252221783818733,0.9389688229809325,0.919494437335083,0.9360705659797263,0.9367675469484712,0.9360705659797263,0.8634750000813252,0.9134978032107791,0.9144981674842182,0.9134978032107791,0.9091665378271411,0.7593246708917087,0.882497998843636,0.8839579254531238,0.882497998843636,0.6531664835403383,0.3356452497124355,0.6336694057651148,-0.5771875294745993,0.5363623723482981,0.5743830567780702,0.5751841101736058,0.5743830567780702,-0.10471611968526076,0.8969855945172086,0.9294614217452268,0.9118165608487256,0.9238554714233701,0.36851193356419876,0.8930321348610926,0.8939981563781604,0.8930321348610926,0.8996849581571693,0.8996849581571693,-0.12790396924692976,0.583552143145334,0.1891526913928434,-0.6157966947170035,-0.5735329610624229,-0.577135944347377,-0.07209265025129484,0.09303717756566239,0.24042636658643202,0.08546104672496178,-0.46010696630100995,0.029120038204570497,-0.7948016586730956,-0.23786786287419368,0.15122536486107363,0.1519251671655764,-0.5543373748645913,-0.5940460285663537,-0.2383274594962498,-0.49877311631453225,-0.8242129534254606,-0.37204895885042316,-0.36379198834316967,-0.37204895885042316,-0.19171958339393355,-0.2873936037940513,-0.2873936037940513,-0.8122001405784267,-0.8122001405784267,0.402242304437222,0.6471782347148509,0.8656427117133585,0.8467975526077622,0.777788251455515,-0.28302304216382296,0.7582109640224849,0.7966240150538657,0.7969666218175083,0.7966240150538657,-0.23046545948813457],[0.9916417282601684,0.9815362490055907,0.5999381026376653,0.993086191500572,0.9970160454666578,0.9916417282601684,1.0,0.9973644912394442,0.9973644912394442,0.9999694015715216,0.9563093910464432,0.9996468666214003,0.9999964008499026,0.9999857282827822,0.9999929933863401,0.9374692982192704,0.9292524220711705,0.32375979697602913,0.9998507354003024,0.9998508376889853,0.9892483379535333,0.9999965838166313,0.3576008592823965,0.7044514497569642,0.9850724548655351,0.9850724548655351,0.9857439877785251,0.9889981714262588,0.2696059399131078,-0.1628929248668669,0.9917330850149209,0.9915462692474128,0.19836168255185907,-0.2218256243825463,0.9993224838752828,0.9994259315635234,0.3929535265002568,-0.3193501062854764,0.998887013151591,0.9993669984763043,0.9285554763830318,0.30351626720413694,0.9374166704303478,0.999061684615126,0.9374166704303478,0.9083231096023268,0.6160398272636864,0.9285819258371639,0.9041123672872776,0.7127965039706795,0.40974985205350045,-0.09916196565777004,-0.20467907854396278,0.9256484095261864,0.37163752996912863,0.9678795783826071,0.9620089635082982,0.9780837685983413,0.9959009491289007,-0.058764902556956766,0.854613365667894,0.8193225446469841,0.8664037530253669,0.8133301558566667,0.778131063639775,0.8133301558566667,0.7883206711182391,0.7807539917590314,0.7740948657265073,0.7807539917590314,0.8564559311703729,0.3489197540147083,0.5597670474322796,0.6318074007892482,0.5597670474322796,0.5685528808071986,-0.3529405338480274,0.5351104627540177,-0.6451146059867798,0.4575801320587204,-0.11043296016807494,0.40605336092864047,-0.11043296016807494,-0.1537168072976536,0.8334476770871354,0.8506746912144741,0.8369284571679475,0.7526358000581048,0.31086247035485826,0.8343859584593182,0.8359697791063637,0.8343859584593182,0.7467330946801654,0.7467330946801654,-0.21089042646919415,0.7030846908722517,0.25002310528608673,-0.6386108086928551,-0.6220540191088412,-0.625109077074043,-0.13209179885918573,0.037333220712587906,0.34278621980057417,0.03770401259314325,-0.49277760642973545,0.0786071223015983,-0.827523674122595,-0.14690427525973976,0.07220418689143385,0.0730034481844235,-0.6050095352556607,-0.5985785263990894,-0.07752284303410056,-0.5857767228781907,-0.8390782149371375,-0.3679129653129302,-0.19783354036324852,-0.3679129653129302,-0.27576865744196294,-0.34323372019556037,-0.34323372019556037,-0.8316656827240223,-0.8316656827240223,0.3739378233871082,0.5961978746864884,0.5030649792607416,0.8049982264321462,0.7512250621257966,-0.3499803791785219,0.06318037605583171,0.7566799538307692,0.775565842026957,0.7566799538307692,-0.14393280065433406],[0.9876120729718085,0.9741644495313231,0.58992595952379,0.9895260494035447,0.9952863637830185,0.9876120729718085,0.9973644912394442,1.0,1.0,0.9995203811237527,0.9488484084906084,0.9985525505401773,0.9981366368896558,0.9993687634138751,0.9990865956526067,0.9355728725232292,0.9200166718203157,0.3018434655977124,0.9991350710769514,0.9991365097693083,0.9864973342406176,0.9992335105609631,0.3316866092220497,0.7047953914293782,0.9923554757306018,0.9923554757306018,0.9836702801134024,0.9856145678763345,0.25160498661229413,-0.17674244070823006,0.988008413202442,0.9914296864512826,0.17925820289980934,-0.22791278848063207,0.99823702266393,0.9981806402857599,0.3738314129370396,-0.3263404006880366,0.996700096475604,0.9980773363787737,0.9270506069959819,0.28115832384783634,0.9293781990257147,0.9980652182446011,0.9293781990257147,0.9057782215327808,0.600569912348153,0.9289168702852655,0.9006272372474583,0.6883470763569371,0.39654459425654764,-0.11447835421113658,-0.21772972810849608,0.9167372713195091,0.3508749916224238,0.9631567329722962,0.9566198598438218,0.9728337684335548,0.9949712793920551,-0.06898538382006529,0.8421456466635084,0.80247594794654,0.8574404510062191,0.7976388711012016,0.7654336443034109,0.7976388711012016,0.7752071682258526,0.7612034111667743,0.7601431092900046,0.7612034111667743,0.8477394834320567,0.3287206288558644,0.5385291371746465,0.6148365055523837,0.5385291371746465,0.5547984757903311,-0.3680300225027908,0.5196150170084425,-0.6532987289352896,0.4491017654930402,-0.1330421646846611,0.38911990445608075,-0.1330421646846611,-0.1606961997483624,0.822931105486039,0.8348123906637959,0.8234582560810815,0.737479545345561,0.2932558164399622,0.8244602803974603,0.8262453496423312,0.8244602803974603,0.7283695394537667,0.7283695394537667,-0.22665966347020294,0.7289723233627643,0.2575437384793202,-0.6482487449833634,-0.6352836876908355,-0.6381469562904825,-0.14721530957017231,0.029337749245023255,0.3358305016579835,0.01829147246946834,-0.5057997078401316,0.06927654851331737,-0.8338816134193328,-0.15344688273161564,0.056455711443126305,0.05727656495650469,-0.6170802194529873,-0.599738875747987,-0.08443451915027178,-0.6032337502881998,-0.8390284633342409,-0.37968058053975334,-0.2041225804523098,-0.37968058053975334,-0.29379615368140505,-0.3573208486950031,-0.3573208486950031,-0.8300311062101265,-0.8300311062101265,0.35306840165643905,0.5788570492554073,0.48403155416873644,0.7869693950109878,0.7383031433850265,-0.3721860438606517,0.0488544942457165,0.7373696209946987,0.7597014370806566,0.7373696209946987,-0.12660990623861154],[0.9876120729718085,0.9741644495313231,0.58992595952379,0.9895260494035447,0.9952863637830185,0.9876120729718085,0.9973644912394442,1.0,1.0,0.9995203811237527,0.9488484084906084,0.9985525505401773,0.9981366368896558,0.9993687634138751,0.9990865956526067,0.9355728725232292,0.9200166718203157,0.3018434655977124,0.9991350710769514,0.9991365097693083,0.9864973342406176,0.9992335105609631,0.3316866092220497,0.7047953914293782,0.9923554757306018,0.9923554757306018,0.9836702801134024,0.9856145678763345,0.25160498661229413,-0.17674244070823006,0.988008413202442,0.9914296864512826,0.17925820289980934,-0.22791278848063207,0.99823702266393,0.9981806402857599,0.3738314129370396,-0.3263404006880366,0.996700096475604,0.9980773363787737,0.9270506069959819,0.28115832384783634,0.9293781990257147,0.9980652182446011,0.9293781990257147,0.9057782215327808,0.600569912348153,0.9289168702852655,0.9006272372474583,0.6883470763569371,0.39654459425654764,-0.11447835421113658,-0.21772972810849608,0.9167372713195091,0.3508749916224238,0.9631567329722962,0.9566198598438218,0.9728337684335548,0.9949712793920551,-0.06898538382006529,0.8421456466635084,0.80247594794654,0.8574404510062191,0.7976388711012016,0.7654336443034109,0.7976388711012016,0.7752071682258526,0.7612034111667743,0.7601431092900046,0.7612034111667743,0.8477394834320567,0.3287206288558644,0.5385291371746465,0.6148365055523837,0.5385291371746465,0.5547984757903311,-0.3680300225027908,0.5196150170084425,-0.6532987289352896,0.4491017654930402,-0.1330421646846611,0.38911990445608075,-0.1330421646846611,-0.1606961997483624,0.822931105486039,0.8348123906637959,0.8234582560810815,0.737479545345561,0.2932558164399622,0.8244602803974603,0.8262453496423312,0.8244602803974603,0.7283695394537667,0.7283695394537667,-0.22665966347020294,0.7289723233627643,0.2575437384793202,-0.6482487449833634,-0.6352836876908355,-0.6381469562904825,-0.14721530957017231,0.029337749245023255,0.3358305016579835,0.01829147246946834,-0.5057997078401316,0.06927654851331737,-0.8338816134193328,-0.15344688273161564,0.056455711443126305,0.05727656495650469,-0.6170802194529873,-0.599738875747987,-0.08443451915027178,-0.6032337502881998,-0.8390284633342409,-0.37968058053975334,-0.2041225804523098,-0.37968058053975334,-0.29379615368140505,-0.3573208486950031,-0.3573208486950031,-0.8300311062101265,-0.8300311062101265,0.35306840165643905,0.5788570492554073,0.48403155416873644,0.7869693950109878,0.7383031433850265,-0.3721860438606517,0.0488544942457165,0.7373696209946987,0.7597014370806566,0.7373696209946987,-0.12660990623861154],[0.992316812819446,0.9813711712896702,0.5205125553310224,0.9940354709990533,0.9972095269596055,0.992316812819446,0.9999694015715216,0.9995203811237527,0.9995203811237527,1.0,0.9551680366831342,0.9996041982531595,0.9999703531820938,0.9999691992701664,0.9999744736308271,0.8804098100192749,0.8356326239298673,0.21131520062862505,0.9998003814634842,0.9998009687833346,0.9890875047634458,0.9999675016540706,0.1419172598061095,0.6711555440738081,0.9947110902121882,0.9947110902121882,0.9946626912969279,0.9888234890951366,0.09796679556500071,-0.10193928271201158,0.9904033393546132,0.9903657985474034,0.014156168156906979,-0.1803952333704216,0.9993566121528078,0.9993147292072954,0.7843625850049217,-0.5080316499738773,0.9988113463023509,0.999345066782338,0.867564025662443,0.1877918218460315,0.9992083680118459,0.9992137264133683,0.9992083680118459,0.9083289927876036,0.6167624516821335,0.928464925313975,0.9036988020093843,0.7121932296766761,0.007060491917267241,-0.5336383396098741,-0.17091119790508064,0.9211636463468591,0.3187213516816497,0.9628657721263343,0.9621218927558518,0.9796685963035183,0.995131071946008,0.8708872979385004,0.855330499481555,0.8884578440461183,0.8672579141705036,0.8868119900058705,0.88747510213805,0.8868119900058705,0.7875117287354114,0.8330453991282877,0.8346609066045522,0.8330453991282877,0.8577844639593791,0.7588057087961754,0.8445487795113934,0.8458747871372401,0.8445487795113934,0.5679361384962345,0.39867816891839664,0.5339085446767257,-0.6639060593816561,0.5141238884628022,0.4790521441528414,0.47894000638679285,0.4790521441528414,-0.11121921907283032,0.8339399855262091,0.850559472890104,0.8372556490585206,0.8803824364377856,0.23150570491409173,0.8400159529784968,0.8421411356994083,0.8400159529784968,0.8472782051763424,0.8472782051763424,-0.21284058243807896,0.7045500208265326,0.07507655378504526,-0.6508289286472909,-0.6602864269411785,-0.6612170892123985,-0.13569020894994746,0.04024712382612363,-0.16733070448011034,-0.14702051701351093,-0.5368228068867937,-0.3732572078306969,-0.8722653280451194,-0.5711657327794792,0.07118875144885758,0.07234574692320736,-0.6067553425292913,-0.5947006298884617,-0.5370008584675592,-0.5876624229299984,-0.8106330411740504,-0.6044865727066756,-0.6068126877296908,-0.6044865727066756,-0.2783639089844874,-0.3468068595265522,-0.3468068595265522,-0.7902136263671365,-0.7902136263671365,0.3747578248427226,0.5949632236298366,0.8188335532813023,0.801432928525251,0.7497089748333972,-0.3779951402956597,0.6370581575605586,0.7023796676570607,0.7025407566860711,0.7023796676570607,0.09268782128925464],[0.9748329321090939,0.9648795294962833,0.47037372262130056,0.9727217852779602,0.9637256352954072,0.9748329321090939,0.9563093910464432,0.9488484084906084,0.9488484084906084,0.9551680366831342,1.0,0.9352648635187049,0.9563354657620543,0.9563444083413297,0.9560216085454989,0.7548738618335261,0.6987836981960932,0.0030050988550232895,0.961265533502156,0.9612431746016771,0.9564636021895669,0.9564550151945161,0.07512725862592122,0.7145760428224713,0.9580805140257236,0.9580805140257236,0.958276349246211,0.8633806889121971,0.2088475003499973,-0.08291355646510998,0.9640831774080388,0.9641989722121167,0.17446506443761137,0.10149193032259143,0.9652510294962221,0.9655183175155226,0.868989101504856,-0.41782973883505103,0.9451546664703502,0.9643872251700984,0.742858495009571,-0.01886552753935008,0.9664911259309664,0.9664567866853964,0.9664911259309664,0.797105860037541,0.41368919450466707,0.7887094907846849,0.8786362342226426,0.8391988445777389,-0.5405880771562832,-0.6842781171802769,-0.27762497333719927,0.8783899708293517,0.024870532604170607,0.9108565813618981,0.9109184258382321,0.9306449194643868,0.9624038205147297,0.8744436249549952,0.8724269877782928,0.8967243875695462,0.8773855909660017,0.8894878571884375,0.8902039115171635,0.8894878571884375,0.8248073454449285,0.8054993614494098,0.807422738898902,0.8054993614494098,0.8706666087612432,0.8881622770788229,0.8689738782444801,0.8696606953678399,0.8689738782444801,0.6593900926636762,0.5828228105638473,0.6604794097179574,-0.3672810721208716,0.6820617957769646,0.6999301600043216,0.7026112042319151,0.6999301600043216,-0.2714994125386785,0.8747430080852127,0.9311198069882706,0.8906706850296611,0.8882094424943324,0.09239333534991792,0.8677637020221005,0.868947007333526,0.8677637020221005,0.8779143829491924,0.8779143829491924,0.028541418992025083,0.3627135485908016,-0.09278068541154272,-0.5727780000564356,-0.41489791251917624,-0.4169018888146594,0.01753330469472003,0.4093004957887557,0.0689251871948484,-0.09318337778586086,-0.4393712788638322,-0.034531213131059314,-0.8046014501348525,-0.19650009978424007,0.29576125161993694,0.29507955328811636,-0.38057207004627264,-0.4363676570006442,-0.33905846183534116,-0.34732137692387516,-0.6757268659289549,-0.35956021881414774,-0.36189470946456254,-0.35956021881414774,-0.08155467149155017,-0.38346995084689284,-0.38346995084689284,-0.5387453348052541,-0.5387453348052541,0.5503946072242174,0.6634544008484967,0.757948751220734,0.67897108548344,0.829517955114648,-0.4710937403541313,0.38822005401992693,0.552220509858172,0.5525075614710838,0.552220509858172,-0.21878011844489917],[0.9848747381441294,0.9832860980228713,0.9965895808322933,0.9889921727890997,0.9960206457887324,0.9848747381441294,0.9996468666214003,0.9985525505401773,0.9985525505401773,0.9996041982531595,0.9352648635187049,1.0,0.9996443520764443,0.9996402816173069,0.9996037565008746,0.6264487619076466,0.5543155493585326,-0.44292253776676754,0.9997764389900803,0.9997799399205441,0.9996508546274921,0.9996509099590769,-0.20338592223878216,0.9674637920574524,0.9936106593970665,0.9936106593970665,0.9935886734596792,0.9913855681340998,0.12824342552956483,0.12256174274686205,0.9902963691104684,0.9903466003210674,0.9754849394450851,0.08432936568813351,0.9988844026967829,0.9988333328573433,0.9986792864017705,0.9993045206862786,0.9993181345577719,0.9989093572051061,0.588775162232287,-0.45224072206041177,0.9986217449219006,0.9986317144505439,0.9986217449219006,0.90189516813697,0.46126910049959924,0.924559439336231,0.9015844666736438,0.713213504718936,-0.4944781640994805,-0.6360450770859795,0.7977774290591734,0.8207295965523644,-0.3203940919224672,0.9250462947429147,0.9252671386270112,0.9643231666147203,0.9929074892013777,0.877694251253905,0.886067368532757,0.8582687363609005,0.8600654383278395,0.8660829834197935,0.8668809300120071,0.8660829834197935,0.7196630800290695,0.6790476977679829,0.6816087339567483,0.6790476977679829,0.8857093758667572,0.8933235343802839,0.8846339296379304,0.8859149990335043,0.8846339296379304,0.40200928227583504,0.33256278164683845,0.45163291934368494,0.5675665073529833,0.45303884156303387,0.49073536708802007,0.4930750987061365,0.49073536708802007,-0.3910620764209821,0.8116379814760859,0.8548381844569577,0.8380665151957012,0.8853982135225554,-0.2325787996096289,0.8056645997979199,0.8061297887005212,0.8056645997979199,0.8179786404299373,0.8179786404299373,-0.2687518997723948,0.6962952094431843,-0.37927081080753683,-0.7448646980959965,-0.53973908726063,-0.5420697561281275,-0.38563955703043235,0.19352966154618778,-0.28227790819283793,-0.48011509214893844,-0.6948395583140633,-0.3668864486183575,-0.6081190650115664,-0.4342692357837367,0.06524629925669942,0.061957980754230604,-0.5608370782679963,-0.5282407341180211,-0.547979256214966,-0.5829912455312392,-0.5767120805077393,-0.5512368338825399,-0.5544966639780142,-0.5512368338825399,-0.42854778712870567,-0.6085407803475367,-0.6085407803475367,-0.6077855363743437,-0.6077855363743437,0.37010332734281715,0.34824785174241923,0.47189911325389305,0.5584701699179874,0.5421957418095978,-0.5611922292787372,0.2953857090698622,0.3030315756483675,0.3032034611188816,0.3030315756483675,0.20737607852091008],[0.9916825170029124,0.9815812689233814,0.5999550745651934,0.993115441351852,0.9970342769714675,0.9916825170029124,0.9999964008499026,0.9981366368896558,0.9981366368896558,0.9999703531820938,0.9563354657620543,0.9996443520764443,1.0,0.9999896505686204,0.9999947558136533,0.9374603958247503,0.9250915452619228,0.3238318493910984,0.9998520212809725,0.9998520895883412,0.989287206630922,0.9999971764676089,0.35791640232981653,0.7045148291979519,0.9903513424239743,0.9903513424239743,0.9857333845587027,0.9889758175369786,0.26986445024690275,-0.16284072030141392,0.9917462677399295,0.9915578538532185,0.19859464696264878,-0.22179149408964427,0.9993246140261708,0.9994298909526484,0.3929269721763747,-0.31913757679703536,0.9988884176595109,0.9993747243566915,0.9285407874585544,0.30359486501108024,0.9374009283678046,0.9990643828508379,0.9374009283678046,0.9083590186714512,0.6161870637622935,0.928823679291996,0.9043539073658955,0.7129276567232956,0.4101416146380125,-0.09871292815806006,-0.2043111029299396,0.925726057027962,0.3717172224103966,0.9679729843140817,0.9620746532314604,0.9781729487107363,0.9959159111088207,-0.05857376761923137,0.8547626375086842,0.8194230315984781,0.8665197616568645,0.8134291597034087,0.7780738888626115,0.8134291597034087,0.7884051662184149,0.7808122917101036,0.7740319541389784,0.7808122917101036,0.8566083672908302,0.3487953424809015,0.5597758744369017,0.6317209906466335,0.5597758744369017,0.5684978774075329,-0.3529612492496631,0.5350720017095014,-0.6450108499312096,0.45747331696914373,-0.11056234717061415,0.40608915572541454,-0.11056234717061415,-0.153865016821118,0.8335205855527056,0.8508039394627115,0.8370220392260587,0.7526281201428985,0.3109394896779054,0.8344692347066484,0.8360481705140631,0.8344692347066484,0.7468057856815271,0.7468057856815271,-0.21086098498566128,0.7030761957533465,0.25013481916013913,-0.6386334337409773,-0.6219707677674885,-0.6250313888963139,-0.13217488155944998,0.037199045858199824,0.3429560492882676,0.03772385910227264,-0.4928242076956237,0.0788655610701455,-0.8272612421513086,-0.14661584840849348,0.07225850949952423,0.07307418233517461,-0.6049973559891512,-0.5983889968154459,-0.07727665746357454,-0.5857517964510998,-0.8389717673480882,-0.36768923307982937,-0.19762931176154294,-0.36768923307982937,-0.2756307928267061,-0.343201025021601,-0.343201025021601,-0.8316128692883843,-0.8316128692883843,0.37440691471173315,0.5963372400931047,0.5033116330181617,0.8052532626287333,0.7513001570714788,-0.3497648666954343,0.0634623963133277,0.7569301574386116,0.7756823962670881,0.7569301574386116,-0.14395832723426],[0.9921285484170933,0.9814961590512998,0.5866163413070663,0.993886774966417,0.9971160740296081,0.9921285484170933,0.9999857282827822,0.9993687634138751,0.9993687634138751,0.9999691992701664,0.9563444083413297,0.9996402816173069,0.9999896505686204,1.0,0.9999868277676307,0.90866138002035,0.87355135334215,0.3260721339328777,0.999875896931372,0.9998765024016886,0.9892780575956549,0.9999867032162396,0.3606252720516881,0.699626507597339,0.9934100118837921,0.9934100118837921,0.9933700269417426,0.988864272432186,0.2641541751316954,-0.1644922384425481,0.9918660876470008,0.9918752693396761,0.2221128542669383,-0.22239432647104992,0.9994981617562672,0.9994306647009285,0.8300469411837117,-0.41531508301950554,0.9988835545406604,0.9993800050701221,0.8994327356143523,0.3058789563146358,0.9993835277951334,0.9993881412045976,0.9993835277951334,0.9086308061437771,0.6163588208601531,0.9286878437264456,0.9040361716912927,0.7123268886379565,0.29087655945473684,-0.2713353815101104,0.08919734506116778,0.9256865345582547,0.3727024512794256,0.9646606058945685,0.9621059740255424,0.9766029759136979,0.9961713778353968,0.880234724625921,0.8536461222129427,0.8946391732075938,0.8663328263540828,0.8936733423344888,0.8945879775164263,0.8936733423344888,0.7873320083355163,0.8577454930219792,0.859301976522054,0.8577454930219792,0.8562842428603815,0.7427170019107885,0.8523644593489932,0.8541104018134529,0.8523644593489932,0.5678035919398552,0.4127673636900168,0.5333517545848256,-0.6517709270155612,0.4556721722706902,0.4708427036771955,0.4722064735403033,0.4708427036771955,-0.15576423418350552,0.8331897497319432,0.850280211141564,0.8363687552182004,0.8876639910755867,0.3138378316809892,0.8342651192808794,0.8361965445814709,0.8342651192808794,0.8468683809022375,0.8468683809022375,-0.2113440742334735,0.7030250929727642,0.17427176458336993,-0.6370852522100885,-0.6215938926627265,-0.6244552658681709,-0.1320714783940398,0.03614198938906811,0.12208011553270774,0.03945390175983155,-0.4907503061532303,-0.10687921178717179,-0.8400577392166826,-0.3689962687983532,0.07158415807287503,0.07278353749654633,-0.6050587511678297,-0.5977456809978805,-0.3720881868565824,-0.5855176752761159,-0.8332179694540239,-0.4891608317028654,-0.48472796922836936,-0.4891608317028654,-0.2754552207795301,-0.3434343936843649,-0.3434343936843649,-0.824180106032712,-0.824180106032712,0.37417221259357664,0.5967467624187126,0.8285353516553572,0.8098283254849472,0.7520164163645203,-0.34908680169846373,0.7067892648153998,0.7481028467524742,0.7481848726691279,0.7481028467524742,-0.1120080853016584],[0.9917415579765776,0.981398016475222,0.6002235535595649,0.9931487463373327,0.9970635598573564,0.9917415579765776,0.9999929933863401,0.9990865956526067,0.9990865956526067,0.9999744736308271,0.9560216085454989,0.9996037565008746,0.9999947558136533,0.9999868277676307,1.0,0.9335930893853828,0.9068039389035834,0.32394372956608763,0.9998547841947274,0.9998547533411212,0.9894330255642203,0.9999947021146176,0.35857364632145117,0.7043673628912869,0.9937085694590422,0.9937085694590422,0.9936066134550251,0.988877952822756,0.27012416862140604,-0.1628828018548726,0.992522634798227,0.9925682306060445,0.19934402226871814,-0.22162698648260415,0.9993725081692718,0.9994287750274344,0.3919147545457859,-0.3183231313402014,0.9988355418206786,0.9993774826721952,0.9277148585389852,0.3037305490729403,0.9369211865107764,0.9991178223298762,0.9369211865107764,0.9086286118522771,0.6168783202570639,0.9291136440126428,0.9046521693958299,0.7126528330081341,0.4115201333595949,-0.09715224842739387,-0.2045175441767336,0.9260961650410652,0.3719892549360261,0.9683765239259355,0.9624083182781711,0.9784503030244046,0.9959529015283096,-0.059581558028003974,0.8550436410789749,0.8193453239908289,0.8667656719417925,0.8133888881954939,0.7776592015566434,0.8133888881954939,0.7886023029905918,0.78076516455214,0.7744275099717716,0.78076516455214,0.856940357425748,0.34812671312718035,0.559280862665837,0.6317435436426694,0.559280862665837,0.568349349446954,-0.35411526413325034,0.5349997072047329,-0.6451714608518468,0.45710829836509936,-0.11155077987448866,0.40574835990515035,-0.11155077987448866,-0.15381141297712125,0.8336578915906384,0.8504947533344781,0.8371448124356694,0.7438162693491552,0.31130953357255203,0.834584979861602,0.8361534824606435,0.834584979861602,0.7466204251248865,0.7466204251248865,-0.21235335509954165,0.7038853855099877,0.2506292757943964,-0.6386244214457794,-0.622340283920724,-0.6254052413825186,-0.13331410322571857,0.03599320356084256,0.34326313823535803,0.03728859199458591,-0.4930682758960143,0.07894660266289706,-0.8264300832586499,-0.14645768366098247,0.07126737893416255,0.07207858662729952,-0.6056089660040477,-0.5986343034684767,-0.07670278769633239,-0.5869998344021999,-0.8389692103235852,-0.3676265656031002,-0.19707751738651771,-0.3676265656031002,-0.27657821124803356,-0.34366494346358994,-0.34366494346358994,-0.8319549424165398,-0.8319549424165398,0.3745660954511125,0.5959989786240427,0.5027888812606203,0.8056893211625161,0.7507350041298552,-0.3493093762755933,0.06280270029145162,0.757330054464236,0.7762855159459668,0.757330054464236,-0.14364273344185122],[0.9014328527820548,0.5581329268688825,0.5035354743933182,0.9017211263221572,0.8607572807456185,0.9014328527820548,0.9374692982192704,0.9355728725232292,0.9355728725232292,0.8804098100192749,0.7548738618335261,0.6264487619076466,0.9374603958247503,0.90866138002035,0.9335930893853828,1.0,0.9958624118347079,0.4015751649328365,0.9250443090048716,0.9250399660184772,0.8892562732718108,0.9331233452812628,0.3294482162760868,0.561394791996284,0.925213918365908,0.925213918365908,0.9142834137171647,0.2974976006781674,0.19641873971077733,-0.19281604661786866,0.9437089113884387,0.9426380272384639,0.1537353212165651,-0.26166267559487527,0.9355895146758267,0.8906817372270401,0.31973099806632505,-0.32072774222866296,0.6376623980862017,0.8762083649545769,0.9984745734045156,0.38294281073798364,0.8642819769377189,0.9353923136062491,0.8642819769377189,0.5780551332603531,0.5937303346189288,0.2671993111392179,0.25024732795790017,0.42111347650696057,0.411276907449922,-0.06913330141022185,-0.21046328395016994,0.8495394937676088,0.4044630581526382,0.9195575670023235,0.869047377660949,0.9124177765359825,0.9281488760143322,-0.0922057708826818,0.5326200612141596,0.7265670955441671,0.695236734098636,0.7189903122349375,0.723006