var element=document.getElementById("correlationAdjClose");if(element.style.display!='none'){var correlationAdjClose={"data":[{"type":"heatmap","z":[[1.0,0.9999919529018074,0.9850274799000016,0.9999246064340157,0.9989670548378172,0.987516629314907,0.9976535686203216,0.9955639489095562,0.9691250042669043,0.9958758793144523,0.9802134816630574,0.992886837080819,0.9956997540993789,0.9949557906894431,0.9956149407693285,0.9971946693630769,0.9971045660812153,0.9981906804386426,0.9962862470620449,0.9962977278336991,0.9963524379292577,0.9956497487626957,0.9860725709074033,0.9704355234323012,0.9885965914580072,0.9555732836035281,0.9874936970041535,0.9836594508750576,0.9653450859633997,0.9470637874407546,0.9936678035495748,0.99441198981895,0.9919746592009926,0.9758095804347356,0.9975648444416653,0.9978400048008197,0.997271390048499,0.9957608723158176,0.995391307561344,0.9977222015795567,0.9983493115426185,0.9987159242347294,0.997511011451485,0.9975216895254689,0.9767725071579195,0.9166889811173005,0.7451911655739009,0.9086232196057299,0.9108375595171807,0.8439573119289642,0.9654268013032267,0.9457440198668978,0.9668765405003791,0.9649330795727892,0.9571943100062804,0.9855240173824017,0.9822686315053875,0.9850580605497106,0.9791316517005009,0.9868126598993602,0.9843926385346325,0.9874162352299621,0.9871943050670686,0.9647987271109779,0.9699184258103235,0.972827519743771,0.9724791194535176,0.9477774507478638,0.977201460914322,0.9751588893427154,0.9830864957180515,0.9822671428281287,0.9381745279730102,0.867971185123187,0.8355160790350858,0.8867962678611412,0.9106581375892373,0.9064525995703655,0.9085648162245181,0.9071247888776439,0.6469385880599068,-0.5706102281193802,0.9783461297147872,0.9712044720488299,0.9676151531921822,0.9858689402695667,0.9720588512881635,0.9827523581748687,0.9827066702252697,0.9475340676363975,0.9828967930542598,0.9512628508635508,0.6677955538815185,0.8796821696383281,0.9189624275746836,0.7655392846393322,0.9254510371074223,0.9443947787560875,0.8228434494757414,0.960160598953995,0.8960007350136184,0.631844706885507,0.7116126421054264,0.892121127107092,0.866184309050078,0.8891943248194472,0.9704914698661014,0.9706882730065368,0.740357280053883,0.712893014822646,0.8250515673690585,0.3565046377104604,0.7961380382413469,0.8294002928661864,0.8161413581363866,0.8143957673856566,0.7581699292435751,0.7441889771244149,0.7249595568905212,-0.2503378568961829,-0.38756649780223695,0.6456725449138487,0.8982572528350211,0.9424032423869383,0.9471912347380792,0.91718370817584,0.8282218574471419,0.9142500408105995,0.9356726806018274,0.9355137007306987,0.8700568932695626,-0.18910038068930887],[0.9999919529018074,1.0,0.9846586571425661,0.999791764184578,0.9978011749538691,0.9904449969215219,0.9935664081388257,0.989744101881992,0.9810835143664303,0.9897742200219466,0.9704251189172509,0.9919656299948868,0.9899580392787047,0.9898013655816505,0.9898470712704609,0.9926437286461487,0.9949519705878946,0.9954227720084519,0.992862937035183,0.9928617691422076,0.9898428775335301,0.9898979419818198,0.9892074147529106,0.9658565319469229,0.9856429927987769,0.9779727220391834,0.9854173299046276,0.9835332225553933,0.9752728881402151,0.9171722139203884,0.987831158676087,0.9845943041042157,0.9769904865532482,0.9186994063943219,0.9950206236374164,0.9948660023470357,0.9951405227536972,0.9907621504046521,0.9946327716576546,0.9951372409214473,0.9967439107200285,0.9967651061264942,0.9951202908388057,0.9951284775975197,0.9874468637629622,0.9164258284343333,0.5910696079612452,0.9081997697565316,0.9107773068616596,0.8441016315478217,0.8716671494027497,0.9148258713222943,0.8752234452008784,0.8979096425497625,0.8708009533250932,0.9547998681244647,0.9547199820602614,0.9767503774639886,0.9801851100015486,0.9747982807946456,0.9744557456115885,0.9772314398577442,0.9771480261804757,0.9412502206058967,0.9499983231210416,0.919632975497119,0.9195400359826045,0.8271185135218737,0.9723888359549363,0.9744744440565539,0.9747099819368492,0.9741629363186851,0.9379869234558866,0.682037288252479,0.6260124295982951,0.7696952514984354,0.8572727250658367,0.7922719473591748,0.8259265605922527,0.8242501068141082,0.6245371412492057,-0.27266541236611413,0.961172238837946,0.9672889233983291,0.960912631375326,0.9775535858990094,0.9583341813070444,0.9653318795042208,0.96449989661704,0.9126683696406174,0.9680083750140874,0.9177545202630584,0.5148827068993567,0.8788443272204032,0.8756179483671825,0.32778316452657924,0.6887454922676296,0.7721491877036043,0.6591070350461752,0.9600282778116708,0.6687950002153805,-0.2562412465685318,0.1575118468999025,0.6377780663632455,0.6433183541247146,0.6899920043260026,0.9616206731645879,0.9614949569023129,-0.05165613717579591,0.190328797370314,0.029660114564999267,-0.003818916326097904,0.024405794414667926,0.040935665604745756,0.008739722550404139,-0.03680274035789547,0.39779672896282,0.13167325386329978,0.08146381671476956,-0.44854862367393344,-0.4861697883436801,0.6456915256175059,0.7484304258173341,0.7729598334791312,0.8308920165382206,0.8257269540452777,0.547151281697522,0.7363094441537288,0.7679702807461456,0.7666377606430829,0.4154225042482821,0.19174556832149856],[0.9850274799000016,0.9846586571425661,1.0,0.9864415495247273,0.9930894513345615,0.9904761968664287,0.9906323170015764,0.9911270540806016,0.9898932895969818,0.994342113748328,0.956682399034778,0.9970814977603227,0.9910171703438604,0.9929431019545144,0.9911851956576234,0.9887473572459345,0.9917541824597079,0.9905535656036297,0.9897591554724552,0.989726486592997,0.9928720694671759,0.9910574917578774,0.9939604397558142,0.9807295959474669,0.9910205970335424,0.9786522012615849,0.9914733771740555,0.9826890233181449,0.9834302790047131,0.9514082883831816,0.9721477111371642,0.9759396526713591,0.9780560287404684,0.9515555642153728,0.9879312534951966,0.9910528504006847,0.9893720745308006,0.9929962859575753,0.9950135962697458,0.9921468272312461,0.9845115993034097,0.9881922292979878,0.9882206538752613,0.9875962479780657,0.9910256686054832,0.9159797200409887,0.6858932351087624,0.9313209966224052,0.904979894351553,0.7612995888083429,0.9256221376734284,0.901041866621567,0.927932808854215,0.9250274328674507,0.9140820735769731,0.9524163774025233,0.9600141754777598,0.9336960987505776,0.9534654098485722,0.9567811185272939,0.963027544246138,0.957263054568821,0.931532073303503,0.9049190436779773,0.9325398591971146,0.9271411192515886,0.9097192116955702,0.8714348245284971,0.9629798914603324,0.9410251429512863,0.9574038373085683,0.9360239457719264,0.7882008154987215,0.811874270140365,0.740070572378479,0.8333008578066524,0.8732779383700514,0.8720367152627234,0.8419693399053944,0.8559290375497095,0.3260436039549084,-0.5685649423105767,0.9504687290528816,0.9282005864177498,0.9306509756475102,0.9340216963360317,0.9448160735078748,0.9546945403318736,0.954272826301776,0.9188351141820504,0.9506536128772086,0.8496406037135069,0.6423113811471264,0.9403132080216905,0.9403083019903153,0.7291887761136411,0.908306364194491,0.9292566996489758,0.8087468317357384,0.9791371673747787,0.7782963133600346,0.5385739341977921,0.6520497677325036,0.7866855078907503,0.792290378812396,0.7754682647566838,0.9825296771275308,0.982567977768647,0.6612994384831967,0.6506580536545616,0.7130288382855139,0.29116045539724705,0.692626012515487,0.7118184426686477,0.7234799070456807,0.708433292021385,0.714271429326192,0.672881003989388,0.6518977021412995,-0.3210534958848054,-0.45794522427423145,0.6053915469541803,0.8590489365858694,0.892095751262048,0.8943744750964034,0.8905664145425292,0.7591254040827315,0.8664348306592632,0.8807643738945136,0.8893148487534115,0.738740539155325,-0.10945533869395904],[0.9999246064340157,0.999791764184578,0.9864415495247273,1.0,0.9992595889228594,0.9885049873189887,0.9979712595249356,0.9960678303748589,0.9713933655755747,0.9964582704954544,0.979866332521519,0.9941749511731555,0.9961856820204494,0.9956474407535738,0.9961173406282855,0.9973959321726874,0.9975613752180191,0.9985187157144814,0.9967266043768792,0.9967355955454673,0.9968483109795543,0.9961396224575182,0.9873305364527242,0.9717689601361722,0.989663511007131,0.9582301598418794,0.9886706947589308,0.9857844154858044,0.9674183787746695,0.9482490880701508,0.9931096395495159,0.994042207291914,0.9920550603458875,0.9754509054191625,0.9977105579440848,0.9981209299150295,0.9975677537801401,0.9963081576896295,0.9960999216880472,0.9980422769821714,0.9982446826154823,0.9988502988813345,0.9976487324734732,0.9976563799128018,0.9785945834283537,0.9124966071896942,0.7388610931702408,0.9093878353640992,0.9087953957913911,0.8341319618476485,0.9625089049804334,0.9423425069863945,0.9638521795351536,0.9622968507679014,0.954338276574832,0.9834582444834452,0.9807538108825484,0.983390683568042,0.9776002742419951,0.9853258929006365,0.9836076942734999,0.985850003542139,0.985622193432077,0.9522041950921993,0.9683715452742745,0.9711485009820817,0.9707983500419098,0.9414606560441204,0.9765879016000251,0.9717623366933621,0.9814089197851286,0.980548995939086,0.9126097733491041,0.8659630613124815,0.8308978400576479,0.8845355389014925,0.9072566354717079,0.9056332048506679,0.9056593810276484,0.904277566605066,0.5446704212679303,-0.5705617509755335,0.9772225701256106,0.9692847983772241,0.9656334900580593,0.9842052349432605,0.9710036645395291,0.9817397085232351,0.9816905095195847,0.9465690337617978,0.9811953378801188,0.9322177127022703,0.6730417288248336,0.8872206285617976,0.9233752672614799,0.7670985052413681,0.9271496378691172,0.9458392394590074,0.8231612870362816,0.9616132165856981,0.8898689741951415,0.6284661931955082,0.7098422221982718,0.8870477419928416,0.8626204238835645,0.8837940223021358,0.9715355579058936,0.9717404631173043,0.7393736132259358,0.7131620471630832,0.8171372185641766,0.35853549051317946,0.7904957685657444,0.8212018595314171,0.8080108303935318,0.8090999129801808,0.7609138165068099,0.7442266222441408,0.7250660822458812,-0.24571530460617066,-0.3868213103839274,0.6443674861158406,0.8963881631403415,0.940616655539976,0.9454488356295793,0.9160745632987886,0.8254325470099884,0.912283589334589,0.9334712587906641,0.9334661449617047,0.8625040749422953,-0.18182961391077815],[0.9989670548378172,0.9978011749538691,0.9930894513345615,0.9992595889228594,1.0,0.9914427956547766,0.9990589573690644,0.9983631620605277,0.9845788754062065,0.9984224053914922,0.9738819810027178,0.9978135620795017,0.9984042676767422,0.9982236346684982,0.9983965392078372,0.9987821436207072,0.9987652566286345,0.9992295779504953,0.998766491780812,0.9987659736287335,0.9984743456343853,0.9983909363054734,0.9939186672079453,0.9794406054566899,0.9941317854346231,0.9767394587980222,0.9940779439038664,0.9891623885401292,0.9812284739151975,0.9516936907109541,0.9896305367196617,0.9922040992091326,0.9896218961028049,0.9666818274427905,0.9989386886008759,0.9989777322230595,0.9989797838752151,0.9984992393634265,0.9985712034432888,0.9990817402812543,0.9985098106241156,0.9991496625548708,0.9989272177177237,0.9989271172142699,0.9888858544134351,0.9220294472872302,0.7143928667535083,0.9231361048485779,0.9126752240285988,0.8172645889766416,0.9466413625414132,0.9318231578453147,0.9506548129204144,0.9539437774765325,0.9454455276817154,0.9797408668037789,0.9796722773219384,0.9794975430497436,0.9716870607119593,0.9804274389201717,0.9793633097835266,0.980754567703592,0.9804780425761778,0.9537661199103769,0.958526133428657,0.9533915436156667,0.9529319178149298,0.9100014194680096,0.9736486510242646,0.9701851276376224,0.9767463331924756,0.9758107808042693,0.9339449299561731,0.8420842320766652,0.7984627621160946,0.8672208838415503,0.9104222800973355,0.8920038718033745,0.9004510695342374,0.899141839691988,0.7014237141119619,-0.5919688529166147,0.9702190165857444,0.9577682188616705,0.955240058317945,0.9805727168144899,0.9602242646941725,0.9743746974550304,0.9739149368493979,0.9364339645843669,0.976295621834348,0.9402497178716911,0.6598795221616005,0.906573721678416,0.9446630071763242,0.7200020948495739,0.906478559250305,0.9308535091249773,0.8170308849802842,0.9673740696988609,0.8818023173685815,0.47286457326691805,0.6435128930338406,0.8697029767728922,0.8280168207370878,0.8721340245451974,0.9755882432411305,0.9757448563698939,0.6936142867097348,0.6941426228128075,0.7371840835007084,0.33386148996417464,0.6775917470626556,0.7429180013117075,0.7193856818041003,0.6988581683714411,0.74520241987991,0.7270354879476326,0.7069294354974147,-0.4643176441198847,-0.5425501405569498,0.6344015567753283,0.889192860148326,0.9250904375226364,0.9373633729311575,0.9124226063842948,0.8025936365210599,0.8956796714071359,0.9182388109545041,0.9177539858726198,0.7967685335569447,0.03160598302819888],[0.987516629314907,0.9904449969215219,0.9904761968664287,0.9885049873189887,0.9914427956547766,1.0,0.9875525719190529,0.9878558588777797,0.9907095803166004,0.9874936339823724,0.9628066581487427,0.9797129120079241,0.9877809601115848,0.9890534559739792,0.9879161445105042,0.9869279451393055,0.9907975631892545,0.988963319738853,0.9886949280255195,0.9887003687394281,0.9867247730779628,0.9878630531498495,0.9960037714708874,0.9919116611221837,0.98802881027513,0.9835545804373647,0.9879769061986028,0.9719783849837916,0.9858222863273062,0.9686481432629553,0.9698160108019347,0.9744350061156268,0.9826339409281859,0.9696969832392325,0.9874368414460445,0.9876664173650654,0.9884791728161443,0.9886922892994406,0.9817071714028437,0.9885281118395434,0.9859053539930875,0.988088028816132,0.9875500422687149,0.9875696510787848,0.9950822460342982,0.8739287225793408,0.7132876991901547,0.8874915928267281,0.9056567572748465,0.8331830935298966,0.928663193886892,0.9111926885364806,0.9307234431924575,0.9397901576779988,0.9263683414072251,0.9593451783611785,0.964109563122521,0.9688197972557737,0.9821871119065165,0.969914946621842,0.9819926616743055,0.96969295433731,0.9691302595748086,0.9703088418953719,0.9623939040474082,0.9439648429849012,0.9434360332458069,0.9341561825309027,0.9797282665304577,0.9720721507632241,0.9701651996472985,0.9686085846173218,0.9535412001195426,0.8644206360986668,0.816772978444819,0.8848521348703112,0.9016307532178436,0.909563077056946,0.8918742773576259,0.8896567394645946,0.6684869088928925,-0.5310586427884638,0.9763206541998684,0.9741797822892175,0.9704210513659097,0.9698938186224104,0.967381204185259,0.9760721365525276,0.9756890190680196,0.9590076703499009,0.9654772000604172,0.9581984287901605,0.6768600659524208,0.8553374989318223,0.942421776018539,0.7673477437604632,0.9180904843328602,0.9346833229775151,0.8172130954549608,0.9577200358300535,0.8440650086817159,0.5705508227069545,0.6818640124696409,0.8418616301247605,0.8215606850776057,0.8399879411920121,0.959578734122647,0.9596641989773015,0.7002465332287118,0.6917655982660916,0.7591819838410896,0.358727707917325,0.7410736889377292,0.7649234938787343,0.7512177880479152,0.7532388076830256,0.7470115140625105,0.7129071902045682,0.6959423377434196,-0.2754510001756507,-0.40416873140297,0.6671894891506662,0.8782187022489599,0.8959395790522466,0.9050145049886598,0.8924103528844217,0.7963941572572789,0.865207197965942,0.8874243528628981,0.8875268984260101,0.8309707888143902,-0.15209402753355256],[0.9976535686203216,0.9935664081388257,0.9906323170015764,0.9979712595249356,0.9990589573690644,0.9875525719190529,1.0,0.9972575649754163,0.9588105818287925,0.9995499506099624,0.9736995579698365,0.9994690367909934,0.9982152505010817,0.9990935697113225,0.9990683305875657,0.9990216724852472,0.9982890308447804,0.9999018318062137,0.9992904534348416,0.9992956920785431,0.9996684420217866,0.9992600822000912,0.9906899478307473,0.975210886760606,0.9846059471763454,0.9257064286691389,0.9928147244660721,0.9885945713950974,0.972728876059994,0.946537883414142,0.9919990378134181,0.9917742109485967,0.9932267812003505,0.9726661877214973,0.9988812844370741,0.9998283886086764,0.9996711859667307,0.9994185278256593,0.9996896609708835,0.9998583583398319,0.9977619499653527,0.9996925169097859,0.9993074644704147,0.9989316332077915,0.9825929066025175,0.9289312487045682,0.7304933095070781,0.935323495958124,0.9227205355506356,0.810344499134477,0.9579450923231855,0.9417806284542588,0.9600709223660464,0.9583713424168606,0.9512622290816335,0.9817797357786453,0.9802982682547644,0.943245755692727,0.9583004268413776,0.9705064132178748,0.9708633984820602,0.9722402760338125,0.9433401870052016,0.8959726900973256,0.9489365426822609,0.9571525054028197,0.9342771878628437,0.8832502393947682,0.9630486441171373,0.9337605589240854,0.9644064488827921,0.9436033115741954,0.7512963037711828,0.8366240470177518,0.7625827362481382,0.8540962748279639,0.8786774205009771,0.8828912706097027,0.8616368242429089,0.874051171090562,0.28015042154066344,-0.6047760089740133,0.9608474886845347,0.9419148496507189,0.9412460196137953,0.9453330947961947,0.9571007961895787,0.9681934805351001,0.9682414159102646,0.9265730391531267,0.9644598459242715,0.8320070413961472,0.654396637924683,0.906963197359948,0.9232848269454959,0.7558814610018297,0.9243326152366393,0.9442211128677553,0.8175836415145064,0.9667648726897248,0.831487963563467,0.6175230017773252,0.7003672123576185,0.8444821668198524,0.8416120106776878,0.8304923196146846,0.9756584758053933,0.9758766563826603,0.7261705085107444,0.6909152821594183,0.7825122834352857,0.3289085112969492,0.7677799715626428,0.7921960840361274,0.7818660017828889,0.7887009613673008,0.7412440746025187,0.732096938235719,0.7111446191836762,-0.26337248582667366,-0.4117294129804015,0.6526961520533828,0.8913834120236984,0.928413309158056,0.943848846647521,0.9163915899247097,0.8240835205856628,0.9123647950015782,0.934004969182945,0.9334260526032983,0.7754877090985924,-0.14504862936669619],[0.9955639489095562,0.989744101881992,0.9911270540806016,0.9960678303748589,0.9983631620605277,0.9878558588777797,0.9972575649754163,1.0,0.9701173991406614,0.9999848766072964,0.9680958365986388,0.9996787222856515,0.9999969438539297,0.9996733262011962,0.9999979513558388,0.9995843191740849,0.995702891593983,0.999352281012287,0.9998940081401247,0.9998935392238418,0.9999589715591934,0.9999947183212167,0.9909928675610032,0.9763633434172199,0.9920787129247678,0.9399475100370877,0.9933193338021058,0.9860359252047866,0.9749211824487641,0.9453875015884488,0.9882735131774516,0.9940862165754738,0.9918792143156822,0.9693756815241998,0.9994376530687893,0.99951035718629,0.9996296712320194,0.9997022863704483,0.9988945443928172,0.999440140238534,0.9982277285247612,0.9986244011014865,0.9995072559982171,0.9993719466906437,0.9841092044355212,0.9289550611088249,0.7174645368228394,0.940726933538774,0.920387351137157,0.790183767445,0.9563272020881285,0.9369201563928218,0.9580482527692888,0.9520489607577208,0.9448155386974587,0.979771904092344,0.9771146744021229,0.9377179662147545,0.9529396288113546,0.9630468988691698,0.9671272272499184,0.9652425635780562,0.9414223897045187,0.8860764865833519,0.9432216726970253,0.949506886297373,0.9283365390773236,0.868761370130653,0.9597171642734545,0.9266686982238839,0.9581454627076259,0.9384570607208802,0.7358308915120032,0.8269919950590433,0.7576492687261877,0.8444921423973505,0.870183075472911,0.877174731371697,0.8565898524025298,0.8661892316495381,0.26010068974237255,-0.6102516493711727,0.9557381869729991,0.9331072115844322,0.9335856203610511,0.9431698232190078,0.951391192138322,0.9631945862563405,0.9632344221036413,0.9200426834375727,0.9565047466621133,0.8180597229941833,0.6500542679481731,0.9254865938142086,0.9353719510994393,0.7508383612732885,0.9237585098669161,0.9439014962994686,0.8149218267677325,0.9713146628272294,0.8350777088460694,0.6031480006709811,0.6910184561564129,0.8456304026483975,0.8385348570801355,0.8337312204173242,0.9785413391472626,0.9787645146672657,0.7161537648810191,0.6821912085475802,0.7843339561251519,0.3145273129541541,0.7625407742328053,0.787775201853887,0.7829948117497373,0.7831059170115168,0.7341212995280731,0.725775116798527,0.7041615528589261,-0.28020157995760786,-0.4275839330481574,0.6354710809425228,0.883059236471788,0.9260857820238311,0.936136336046486,0.9101232022019738,0.8127309660819094,0.9058329655199296,0.9276757008620405,0.927343629981908,0.7554836791748788,-0.12731588231616353],[0.9691250042669043,0.9810835143664303,0.9898932895969818,0.9713933655755747,0.9845788754062065,0.9907095803166004,0.9588105818287925,0.9701173991406614,1.0,0.9855482697006318,0.9430842231082934,0.9901506280738818,0.9738621974252962,0.9839036168171773,0.9787920750509747,0.9734282405261094,0.9584473457817645,0.980947017530781,0.9794258225165786,0.979395249697151,0.9835148764900439,0.9788200661537285,0.9946721325986877,0.9909496343374018,0.9825637114476081,0.9861740885244094,0.9853962508706288,0.9865518412099666,0.9889727841584621,0.9614618049440692,0.9320365066383126,0.9534629343143045,0.9694881987105285,0.9500990585779713,0.9733970554567417,0.9815105615292783,0.9784532144334716,0.9808499348988651,0.9882176684384771,0.983162607792349,0.9679904521415391,0.977981245487618,0.9742124922388563,0.9731899983403639,0.9988162679533286,0.890130795729382,0.6660199932340192,0.9323528911952901,0.9189211636576038,0.7713682313219006,0.8910607872488101,0.8802031646182013,0.8945447096367733,0.9099571009865942,0.8959786707588313,0.9336015543437157,0.9482151513354719,0.8898651528088581,0.9536551215775371,0.9335152745339668,0.9556642788245818,0.9338979178664902,0.8878725162254878,0.887914355359201,0.9240718391174566,0.9002161200340052,0.8633407122040185,0.8477804264760587,0.9566013460986216,0.904055556276678,0.9331483715367294,0.8930964511022285,0.7679651072961771,0.8011680563491406,0.6904578843237914,0.8246918428796837,0.8501626219498396,0.8625028408761627,0.8127110858398041,0.8308784799342794,0.2944240833669434,-0.5596939745016521,0.9428558447232354,0.9294914689906911,0.9281117047129863,0.8900157711621431,0.9319254958983093,0.9424610422344085,0.9418943279642427,0.917810032510375,0.9265494825538998,0.8283831679007612,0.6534366833396237,0.9171672430412349,0.9510153873513034,0.7353803209666024,0.9042563843174736,0.922455443104847,0.7979693201887124,0.9673796668319722,0.7470252793772232,0.505594069463555,0.6345115155602484,0.7668481269645296,0.7713705312522107,0.7534227848790507,0.967092110616966,0.9671045629759435,0.6456607673312339,0.6398746933183209,0.6805436961264184,0.29823675938167665,0.6766782626930214,0.6930552567491758,0.6744401474065461,0.6894674406480426,0.7085753231942599,0.6707892430120586,0.6509064474833322,-0.3301143391796574,-0.46373621461913256,0.6581495647687192,0.8490669720629388,0.8480832153542534,0.8729621007113624,0.8745818469707751,0.7571235573244387,0.824509225330249,0.8543298807352262,0.8492114601637213,0.7142151902057903,-0.06728585651968481],[0.9958758793144523,0.9897742200219466,0.994342113748328,0.9964582704954544,0.9984224053914922,0.9874936339823724,0.9995499506099624,0.9999848766072964,0.9855482697006318,1.0,0.9674312988240782,0.9996777918692888,0.9999817341961371,0.9998441930385908,0.9999903182917006,0.9996434882292211,0.9988520877299197,0.9993432025797679,0.9998352140072766,0.999834228985336,0.9999676353985733,0.9999828248449524,0.9938815995651071,0.977808133204297,0.9953480265172856,0.9750554307485445,0.9954851240320051,0.986000957881052,0.9792747531762489,0.9465821278617296,0.9888883377106686,0.9932053193601138,0.9889526640124728,0.9650219816711231,0.999370324889102,0.9994502590264541,0.9994560392595272,0.9998472446047848,0.998903973679835,0.9994268964498862,0.9980580226934711,0.9986372032517895,0.9993661148533155,0.9993603985103414,0.9886262215762245,0.9289964891529936,0.7181223755472994,0.940504841356207,0.9201604976692179,0.7903998056287387,0.943724383220552,0.9268817050789377,0.9472547692511947,0.949514563103328,0.9420903446384687,0.9776036840879302,0.9771778312205132,0.9687742603716023,0.9533283900962839,0.9696303418821902,0.9672243274497806,0.970053274748367,0.9697326376511871,0.9409360155085505,0.9425507302651518,0.9425855945150656,0.9421887564244886,0.8977002860261546,0.9600660478737937,0.9604279854503521,0.9664767780494663,0.9653394579420976,0.9206043319392637,0.8263381762460136,0.7767161669270322,0.843633186004542,0.8914830634867075,0.8757709769708282,0.8830769899328769,0.8820477887350588,0.6481308385542334,-0.6253925146669773,0.9557006857228432,0.9331429461170343,0.9337294019555048,0.9700839905596889,0.9463137298184124,0.9627744867175496,0.9622844310603611,0.9210127156106325,0.9649536006560372,0.9251567569560414,0.6484823333766441,0.9250339195627542,0.9489049021963851,0.7276559322550818,0.9112362025560186,0.9350642920723512,0.8140597000423336,0.9701263609277643,0.888417509067699,0.5042920431193999,0.6601433089028028,0.8769660295434337,0.8358113105168901,0.8798599373602285,0.9784703350347334,0.9787245142285832,0.7140858584123307,0.6791511405355586,0.7529613899608278,0.3123905529702803,0.6951392934753021,0.7584105715900967,0.7368513077579757,0.71723545476501,0.7315875245593885,0.7225953815011888,0.7009322322068112,-0.5132483599714668,-0.5924757111582203,0.6351552637920016,0.8818947486666852,0.9250131028516302,0.9380231573859912,0.9091606710503448,0.8079720226816784,0.8960398868763595,0.9181390490116526,0.9175794239640931,0.8065573369314022,0.10369512732892941],[0.9802134816630574,0.9704251189172509,0.956682399034778,0.979866332521519,0.9738819810027178,0.9628066581487427,0.9736995579698365,0.9680958365986388,0.9430842231082934,0.9674312988240782,1.0,0.9560270584111786,0.9684713332065712,0.9674468233773108,0.9682099433881558,0.9729621538648628,0.9722807291677775,0.9756699923843473,0.972278528591068,0.9722925831471482,0.9682609668840478,0.9683290262271999,0.9670153602835668,0.9547392661719335,0.9746689809218438,0.9556018143616182,0.9726451977698813,0.9097547932152411,0.9704842026372578,0.9545721966947026,0.9776847230878242,0.9721189448372679,0.9721602563671038,0.9402834542159642,0.9759564972500127,0.9755496822772034,0.9759655812988455,0.9687101770147358,0.9630510159130427,0.9749902905736083,0.9819631034276185,0.97822083555492,0.9761261175991761,0.97614259212139,0.9565890755806362,0.8517995755353992,0.539643717050913,0.8198819124313225,0.9018874593217074,0.8778481385585517,0.9053159540705522,0.8410506166915586,0.90963161968983,0.9205105259610222,0.9068589643694533,0.9377681958703535,0.9376358702225789,0.9464342500737309,0.93898438614389,0.9557988266142731,0.9500734713185897,0.9543439555102842,0.9543658354714682,0.9131839598883285,0.9544943899343573,0.94162202532061,0.9413183659885596,0.8685173185406108,0.9390415939832981,0.9462586764792565,0.9402230136170043,0.9391734402626147,0.8909693683813485,0.8345810657191945,0.7937948591379791,0.8749116127464421,0.9221269521720972,0.8963596671505708,0.9093257220823948,0.9086785838280511,0.7360250222203801,-0.3211700969602037,0.9548774130680389,0.9566464325132731,0.9483227022761092,0.9480753042481861,0.9338588048154048,0.9560737460606337,0.9560361669653008,0.9047725796332969,0.9579167180053769,0.9091725027561981,0.7404597882409365,0.7322898230479553,0.8757671667406921,0.6559574912576208,0.8652128034258304,0.8986531340559825,0.8817595729163241,0.9535331831476087,0.908480089190213,0.38630316908946394,0.6619924067460137,0.9009793182142577,0.8801193148618294,0.9078977005010409,0.9537435447607928,0.9540576423132915,0.5511744459668958,0.7163138724487267,0.6263529304196079,0.49891448892241674,0.5865662075907889,0.6401762364150815,0.6018364723159034,0.5753970362037243,0.8178498560593477,0.6954978421317933,0.6605382612047943,-0.2936121389084831,-0.3458996906947376,0.7547269913449116,0.9180301871993652,0.9249311228664164,0.9146412248626699,0.942381903465745,0.6740455680816126,0.8491332075507173,0.911793287236725,0.9109747500176687,0.694999535427894,-0.16295896454000108],[0.992886837080819,0.9919656299948868,0.9970814977603227,0.9941749511731555,0.9978135620795017,0.9797129120079241,0.9994690367909934,0.9996787222856515,0.9901506280738818,0.9996777918692888,0.9560270584111786,1.0,0.999703447040327,0.999683800229821,0.9996915863816143,0.9994236212753647,0.9989119533615344,0.9991946984344465,0.999959531798555,0.9999591069194896,0.9996905191718725,0.9996980616059622,0.9909941299605666,0.9616376689209077,0.9919839835952269,0.9805100024185764,0.9930333798204501,0.9898741553209255,0.9731464490756512,0.9048497605771691,0.9890543245285655,0.9927410345629942,0.9745877965231924,0.9053530663782483,0.9992182164512141,0.9992806762082452,0.9992228358066827,0.9994828201181643,0.9994510472264264,0.9992456220422892,0.9972825576945817,0.9980015509807536,0.9991937987474658,0.9991896105542271,0.9899783327454038,0.9231443166066973,0.5589991545724298,0.9364593325542,0.9193703911767965,0.7942026115026181,0.8591356782299481,0.8980915413790421,0.8642180281448351,0.8796517915419632,0.856462253117812,0.9523238761888679,0.9522657560549379,0.9549219777857869,0.9569005698623176,0.9474619340624997,0.9493087509930456,0.951485131238286,0.951302112857556,0.9050708293457899,0.9164107473876361,0.8793194722869365,0.8791542998434192,0.772024704635306,0.9515550764741455,0.9546514273856077,0.9547992650385212,0.9541385955394662,0.9069719818987704,0.6321641090880487,0.5724347442838228,0.7204350666659938,0.8155405941850588,0.7483330116389819,0.7833762163284369,0.7822082032322677,0.5681710323645466,-0.3926542643965861,0.9279500878057796,0.9369141501763497,0.9276627288394801,0.9562213828008187,0.9246789542625087,0.9333383202873736,0.9322222291131826,0.8696779533190628,0.9372482074082562,0.8763013835222169,0.5538409505829902,0.9219030097250009,0.9158606628290695,0.3592979506558638,0.7183192617556771,0.7945695370557081,0.668195178662761,0.9733077144050774,0.6771629106917666,-0.1990835500959288,0.20311478266891198,0.6506551233598681,0.6542984521855616,0.6958208865784432,0.9745297590620121,0.9745857986079145,0.0054990797859606625,0.23738144795898622,0.08835595312053827,0.054015485265676434,0.08099667091768606,0.09998478967378535,0.06681417356220358,0.01579889126073398,0.44155930992558623,0.17052127216563945,0.11758038121719178,-0.5165210776045354,-0.5534792095007744,0.6351901104768778,0.7436345807747801,0.7683529254078159,0.8293247017970428,0.8261933000003117,0.5302047545052773,0.7295903713436074,0.763511169117716,0.7622662871175515,0.4096656473901456,0.240833571430817],[0.9956997540993789,0.9899580392787047,0.9910171703438604,0.9961856820204494,0.9984042676767422,0.9877809601115848,0.9982152505010817,0.9999969438539297,0.9738621974252962,0.9999817341961371,0.9684713332065712,0.999703447040327,1.0,0.9996574345254534,0.999997665272291,0.9996271038928999,0.9965218713601744,0.9994000771699035,0.9999046284090013,0.9999043699601033,0.9999665660130688,0.99999513308996,0.9908980579838033,0.9762311108077874,0.992735855230288,0.9448487495483056,0.9932800952714065,0.9862098870234789,0.9747520884830422,0.9453969627274805,0.9891657966006262,0.9941484081357722,0.9919553144446378,0.9695215743299035,0.9994801264864122,0.999553336128774,0.9996623867597169,0.9997036624552187,0.9989764729456021,0.9994839072331886,0.9983041110727648,0.9987019482794075,0.9995507784692941,0.999415387575376,0.9839103469145023,0.9292506026138795,0.7181877433223174,0.9406707334179225,0.9206283807311268,0.7912939555330726,0.9566641053104925,0.9373334946325448,0.9583924007443166,0.9524241881235941,0.9452214179309983,0.9800156455818041,0.9773033926865179,0.9380403937238279,0.9531194012658808,0.9633531463495736,0.9672749184929336,0.9655429903379598,0.9416899722528993,0.8862640490481313,0.9435070247332177,0.9499360676572585,0.9287802364944316,0.8692020428256502,0.9598112143040949,0.9269005884301819,0.9583812712698643,0.9387582660403408,0.7359474338554073,0.8274858401855206,0.7582134327504375,0.8449706260768407,0.8705437411695089,0.8774516239446291,0.8570173863345115,0.8666337008999909,0.2604443301820644,-0.6101568167256222,0.9559628211562086,0.9334929451488672,0.9339069441748937,0.943421613910904,0.9516323136767896,0.9634260847247634,0.963467135180135,0.9202563426992012,0.9568356045726732,0.818309923568214,0.6502341573704905,0.9246487840809466,0.9348354423405558,0.7510705348338013,0.9238004520630091,0.9439445235684671,0.815204348127219,0.9711464810332313,0.8355288184969355,0.6041792767387334,0.6917085252528686,0.8461014016272734,0.8390670640391472,0.8341644587471027,0.9784582220785916,0.9786813083782887,0.7168146207521672,0.6828009222458201,0.7849124800041919,0.31536609889253925,0.7632286317796104,0.7884553086899437,0.783579459982655,0.7838138830843066,0.7345210477640658,0.7262345191578824,0.7046477491098003,-0.2791842160804873,-0.4266651669460266,0.6360407311524362,0.8835752227474393,0.9265083178834596,0.9366462288972781,0.9105778002895348,0.8132871670143439,0.9063883826928189,0.9282183089396605,0.927873273090374,0.7561556408414496,-0.12837018256139332],[0.9949557906894431,0.9898013655816505,0.9929431019545144,0.9956474407535738,0.9982236346684982,0.9890534559739792,0.9990935697113225,0.9996733262011962,0.9839036168171773,0.9998441930385908,0.9674468233773108,0.999683800229821,0.9996574345254534,1.0,0.9996940304882262,0.9990060889878003,0.998982225421997,0.9989701487799713,0.9994940186654363,0.9994868131102731,0.9996762562312417,0.9996498440172977,0.9928930908910244,0.9779079117942282,0.9959930797622629,0.9717445634331692,0.9958842321206038,0.9860693081501891,0.9775630962038321,0.9478841290147948,0.9882623354675332,0.9921287059910585,0.9909885146858156,0.9671574579575052,0.9987824449731394,0.9990965258163911,0.9992801109478477,0.9999190298167877,0.9989274463348967,0.99908384833793,0.9972354738539775,0.9980335350954911,0.9987771123645708,0.9987049148245697,0.9879538960698667,0.929199342904452,0.7138590898842769,0.9407622637416624,0.9205307452591842,0.7906258391937762,0.9520955755087511,0.9305673565586031,0.9532194447103218,0.9489266910709057,0.9410949991427592,0.9764725996700225,0.9751816938495799,0.9608098581467818,0.9528319676109334,0.963680296931567,0.9666891916751372,0.9654225821852553,0.9647281875759691,0.8903843258632067,0.9408075012670297,0.9484251373375351,0.948110390520748,0.8677033140213645,0.9601877194658739,0.9383134992484513,0.9602628513152243,0.9589576302709768,0.7406744336232433,0.8246620801298132,0.7859302644530041,0.8428018258674557,0.8720314553483136,0.8767170772543227,0.8653791965862894,0.8657575034765689,0.2459611922824999,-0.6045918563721872,0.9552234950473332,0.9332127720400797,0.9329415880128424,0.9634964417320464,0.951182824314155,0.9623550365917731,0.9623469410854469,0.9203046239483607,0.9572099926478019,0.8249370076666919,0.6506465686542601,0.9251316723056474,0.9357028349850752,0.7486916328293759,0.9220808877084766,0.942483715979916,0.8161032061744296,0.9737105842890834,0.8300395897863333,0.5956612632236445,0.6871431340160072,0.8373080982672385,0.833740956451106,0.8262240198176131,0.9802752868667457,0.980459240629121,0.7077521963148029,0.677543098728165,0.764747170463158,0.31508517079858234,0.7533230340547364,0.7771920377856205,0.7536241467726772,0.7728143814438939,0.7323207454522754,0.7162867438061807,0.6949617644131324,-0.2857277283949012,-0.4316272998992367,0.6356396209096237,0.8813216455722565,0.9277358237450505,0.9319713410436062,0.9097010928384269,0.8054708476045213,0.9001121253051699,0.9210123309636338,0.921374066976773,0.7496210000492461,-0.12667695443543528],[0.9956149407693285,0.9898470712704609,0.9911851956576234,0.9961173406282855,0.9983965392078372,0.9879161445105042,0.9990683305875657,0.9999979513558388,0.9787920750509747,0.9999903182917006,0.9682099433881558,0.9996915863816143,0.999997665272291,0.9996940304882262,1.0,0.9995955075878851,0.9984141686760722,0.999371085540127,0.9998973898767927,0.9998966236050872,0.9999606689591153,0.9999926909385531,0.9910322172771378,0.9764172308255655,0.9945319334689502,0.959663782588106,0.9943644864236947,0.9861377414825748,0.9749660834231902,0.9455625769863117,0.991624400850542,0.9944467997942597,0.9918238403583199,0.9692771917437712,0.9994524457972634,0.9995141214083014,0.999638968276975,0.9997199803044768,0.9989326340994515,0.9994497468358422,0.9982541064561173,0.9986448334261896,0.9995198903569995,0.9993874106273911,0.9840944305549149,0.929062062318594,0.7175263361743399,0.9407455840439629,0.920563312100314,0.7907045573278361,0.9564285452859285,0.9370834152676347,0.9581845762062623,0.9520092021410144,0.9447494148810436,0.9798146117781046,0.9770716095716994,0.9380551131526641,0.9530463751306306,0.9632340700113962,0.9671984737306395,0.9654139233592508,0.9411665885024337,0.8863050232242621,0.943085539745106,0.949578338879365,0.9285796343397921,0.8688936852689734,0.9598744548711505,0.9270627652909055,0.9583756393937742,0.9388109222964522,0.7362085154774262,0.8269461794134467,0.7579414140337077,0.8444891139680534,0.8703652783922694,0.877151204862195,0.85675726754414,0.8663740820124384,0.2604614672206276,-0.6099599013362745,0.9558081884551581,0.9333006370365999,0.9337488546206381,0.9414543193193572,0.9515780255091952,0.9632700963494024,0.9633080599067425,0.9202197393750532,0.9566919922730698,0.8183452198015702,0.6500968231443759,0.9250888372052939,0.9352358320321428,0.7507834597154666,0.923641439262641,0.9438088561751407,0.8149262005128625,0.9713335432757979,0.8351345716230395,0.6030129476618008,0.6909126332650265,0.8456697689254238,0.8386897368106042,0.8337795308623052,0.9785918238101624,0.9788116822272788,0.7157082244036119,0.6818018391243731,0.7843350873136264,0.3148280780330398,0.7625326792981524,0.7877109124061428,0.7831813970149377,0.7830182767205797,0.7340282534262181,0.7249746362849019,0.7033959014475191,-0.2799971335777384,-0.42737578159289163,0.6357988949031457,0.8829875359870619,0.9262383513947735,0.936207442900916,0.9101874665780565,0.8125433805494097,0.9060718314366704,0.9277424668567252,0.9275247783898657,0.7556091122894375,-0.12762164012030897],[0.9971946693630769,0.9926437286461487,0.9887473572459345,0.9973959321726874,0.9987821436207072,0.9869279451393055,0.9990216724852472,0.9995843191740849,0.9734282405261094,0.9996434882292211,0.9729621538648628,0.9994236212753647,0.9996271038928999,0.9990060889878003,0.9995955075878851,1.0,0.9988448643191203,0.9997877576980716,0.9997061024280963,0.9997121248454806,0.9997312888440358,0.9995832264184087,0.989285807492164,0.9747516418913189,0.9917898931673617,0.9451996644278516,0.9915259276876778,0.9877316079162666,0.9721954624910213,0.9458859206688415,0.9935962614384696,0.9951255906214546,0.9922136966818754,0.9709503908119895,0.9998379548296231,0.9998101032447392,0.999692460379145,0.9992022919101853,0.9995989657901578,0.9998226839120096,0.9992853182328805,0.9995092754557607,0.9998461760585153,0.9998052987149755,0.98054297140755,0.9320835746068237,0.730134165294514,0.935676138082139,0.9212100404028845,0.8085429935624258,0.9624973219802778,0.944020755211464,0.9642702937854285,0.957554920146957,0.9505478407319012,0.9836368617004851,0.9798440202558453,0.9434390589792789,0.9561847564658039,0.9669527287874792,0.9694396603240824,0.969143324673163,0.9471371180995225,0.8879187099621626,0.9467089329402171,0.9552015193160472,0.9360144436635663,0.8735216579090748,0.9616597038049578,0.9300953251045732,0.9611666172805668,0.9440247356174819,0.7350453475392926,0.8339510529573011,0.7674583293547639,0.8510858518480724,0.8744188439312955,0.8805972632652278,0.8628733934944303,0.8723736879127043,0.2615675441151751,-0.6084686917403308,0.9591539712864939,0.938985906170739,0.9389419002713502,0.9486068018702244,0.955303631526667,0.9665798151808442,0.9666842507993515,0.9239386006798935,0.9606723572402902,0.8198807019912726,0.651349004787164,0.9089782835713907,0.9274716343374345,0.7533136296587929,0.9234149236608565,0.9435433732971804,0.8184514758491874,0.9681502099500421,0.8437369651895239,0.617158944068603,0.6999356628407344,0.8535563555008895,0.8467502727029363,0.8415686838996866,0.9766110960315084,0.9768800866106915,0.7236839079407156,0.6873393991549316,0.7949925247049356,0.3248472788748113,0.7726637757701031,0.7981229838097907,0.7947491883795132,0.7935332218485727,0.7368252765953728,0.7291380557704691,0.7078812296692628,-0.26529533447616865,-0.4141099111365783,0.6474681036819266,0.8895440765128103,0.9340214532858585,0.9434873208619273,0.9158976235889749,0.821120787131251,0.9155415314116693,0.9358777064343059,0.9360928255282515,0.7632823268999688,-0.14223372125502987],[0.9971045660812153,0.9949519705878946,0.9917