var element = document.getElementById("correlationClose");

if (element.style.display != 'none') {
    var correlationClose = {"data": [{"type": "heatmap", "z": [[1.0, 0.9999828938528958, 0.5663945452755195, 0.9996994450362306, 0.9974475923920633, 1.0, 0.9907647157104962, 0.9862931485599329, 0.9914255492071657, 0.9730208753488094, 0.9818602396241664, 0.9908096230513397, -0.13250789916794972, 0.9908753144951047, 0.990932145697088, 0.9935422957862492, 0.45995875333545977, 0.9918949526285457, 0.9918931724745472, 0.983807503250379, 0.9908114252272994, 0.44538898633880886, 0.6617991613759115, 0.9776863921324342, 0.9776631743018885, 0.9595020109577518, 0.30352391160581693, -0.12363345080239399, 0.9898671995827836, 0.9898260238199987, 0.2743576476087241, -0.20551545873372615, 0.9937152634674605, 0.9945922062092107, 0.8096029032836148, -0.39111604758457724, 0.9874192953835389, 0.9943510702119855, 0.9942529275073577, 0.44238069401395114, 0.9939046256740325, 0.9938999861709105, 0.9939046256740325, 0.8890369812174361, 0.6716068162207887, 0.8634275823674051, 0.8792310728284648, 0.7936261293453626, 0.3896323505941282, -0.1300652790110139, 0.19180398104024024, 0.9457146588481014, 0.46664261303478205, 0.9770414611960733, 0.9711803479668358, 0.9139610116896686, 0.909323607867107, 0.9323541075634122, 0.9075448668836086, 0.9290881565923155, 0.9299944687897272, 0.9290881565923155, 0.8417868214308228, 0.9054715899326804, 0.9066906377215438, 0.9054715899326804, 0.8943529709405855, 0.7312657327807616, 0.8695197198004154, 0.8713780849332509, 0.8695197198004154, 0.6163267339633278, 0.3067475468947959, 0.5923677688543517, -0.5958434971890635, 0.4868897019265767, 0.5421441982900683, 0.5439797173800569, 0.5421441982900683, -0.10000098198376525, 0.8815410243275595, 0.9135198085331852, 0.8952643906104212, 0.9156090817623199, 0.45786171666209036, 0.8788262236174883, 0.8802873548061708, 0.8788262236174883, 0.8887054538888344, 0.8887054538888344, -0.16288259830175433, 0.5454606857001862, 0.19445144765887934, -0.5542525841849618, -0.5612553268051061, -0.5646187102041129, -0.03652513334276813, 0.0538512509873708, 0.2623381264172125, 0.1424417060116759, -0.3756093415436899, 0.058743629901565876, -0.792131580217698, -0.20755377060226876, 0.11870275684370893, 0.11943891364026536, -0.5389948711932493, -0.6061758121049955, -0.20848424781853978, -0.48454146751293065, -0.8294878679374447, -0.3457697557127136, -0.33731410300030146, -0.3457697557127136, -0.18233889202728423, -0.25278835936344535, -0.25278835936344535, -0.8180270831054794, -0.8180270831054794, 0.4023763711310899, 0.6589808513068939, 0.8737726442759062, 0.8525433278676156, 0.7905284654389956, -0.24414882091577392, 0.7684969151759874, 0.809022080227644, 0.8090839498894193, 0.809022080227644, -0.23521704152662956], [0.9999828938528958, 1.0, 0.9689690659557697, 0.9992069340523917, 0.9936792121965144, 0.9999828938528956, 0.9777723429888602, 0.9686960950992125, 0.9775499350748768, 0.9581830966022348, 0.9797353511378938, 0.9778204591650634, 0.9777797421790928, 0.9775952647291691, 0.9768669781277627, 0.9854091604972954, -0.25797353412905105, 0.9832525292055815, 0.9832235787907104, 0.9778869431969713, 0.9778775484975578, -0.15082982968283543, 0.967693235127235, 0.9708514212944418, 0.97092299453365, 0.9599088197356651, 0.03045369338877779, 0.14820484834096864, 0.9757359010973102, 0.9757964804746876, 0.9711303832406344, 0.13572004218285924, 0.9873969540827097, 0.9874794423194885, 0.9882610192744739, 0.9800006122309565, 0.9857818101766572, 0.9874260461413693, 0.9880804350659309, -0.2646573892820014, 0.9883488463417548, 0.988329044166142, 0.9883488463417548, 0.8890515287350748, 0.5534428306230914, 0.8641144387782745, 0.8795376756848763, 0.7929002872780936, -0.44255571361292395, -0.5492270003840133, 0.8299927855814421, 0.8568270669115787, -0.1758148507670733, 0.9341133218832012, 0.9341913333271432, 0.9223046290648229, 0.9324369801216189, 0.9098329879542936, 0.909463997215101, 0.9166897907391052, 0.9174335033647311, 0.9166897907391052, 0.7721535311405961, 0.7323615749127788, 0.7345764630102513, 0.7323615749127788, 0.9266529193012021, 0.9318412772033617, 0.9264801779094256, 0.9277085251180456, 0.9264801779094256, 0.4404692078660091, 0.38217248663542613, 0.5036116266143704, 0.607801651219979, 0.48663348553339797, 0.5279885080683917, 0.5288974736459789, 0.5279885080683917, -0.21661702352877021, 0.8660168904590556, 0.9030135120058046, 0.8893305312138755, 0.9295971965156852, -0.07510320512457629, 0.8599539498639336, 0.8603663215488149, 0.8599539498639336, 0.8713488816261045, 0.8713488816261045, -0.2659913901587753, 0.5464643816923365, -0.3828886312957232, -0.6505233892919922, -0.4679874881087439, -0.47135477146021154, -0.30408434931147116, 0.2196400885405679, -0.21479396534161913, -0.3922351982754924, -0.5855029088200869, -0.2858444584533083, -0.5003241012617006, -0.3396262195827423, 0.09347242961709704, 0.08862601164383323, -0.48847993372136234, -0.4437845403868576, -0.47183382702578824, -0.5013620612946867, -0.4938935068930303, -0.4740612439662454, -0.47729362719241775, -0.4740612439662454, -0.3583805949916391, -0.4967241621054545, -0.4967241621054545, -0.4706402972040071, -0.4706402972040071, 0.4021749550512042, 0.41622040963101953, 0.520386645393623, 0.6029780181519951, 0.5785056509188142, -0.3893601237894617, 0.38488775927796687, 0.375732212170657, 0.3758313010687966, 0.375732212170657, 0.1166537395859741], [0.5663945452755195, 0.9689690659557697, 1.0, 0.5598555283925992, 0.44739496610348783, 0.5663945452755194, 0.5553411571483167, 0.5435641229144079, 0.454380534615956, 0.3941135643578334, 0.9966409855103433, 0.5553533193620873, 0.5155595182735555, 0.5556894762840789, 0.5585786818012873, 0.5948006802742221, -0.10038898887963357, 0.5002018273959785, 0.5001683840643896, 0.4518250040400739, 0.5549858681517243, 0.20759389891977356, 0.6947691701783274, 0.5219558903993284, 0.5216690225184862, 0.9833231346666503, 0.2881095802417808, 0.17818406463037312, 0.5209850452698165, 0.520480637158953, 0.7678177937852427, 0.00846390546319345, 0.5536614082209165, 0.45237230864326006, 0.5412298159274764, 0.3624348476219927, 0.993934680766634, 0.4405698719881446, 0.5569458577348958, -0.10655614964717623, 0.5696937288702407, 0.552439093449281, 0.5696937288702407, 0.8949143370496228, 0.38946606013742946, 0.9026546670794092, 0.8674516051495933, 0.6502165093625476, 0.20067704481884632, -0.009435874142745104, 0.0582930265427148, 0.42053354393143905, -0.0709064823807008, 0.5123110765191782, 0.44607304635293565, -0.07463096337858753, 0.6847824062057322, 0.6405120011147638, 0.4775076458400014, 0.6467466318995003, 0.7116356984604565, 0.6467466318995003, 0.32356737625114734, 0.5402275794967292, 0.641408408264736, 0.5402275794967292, 0.5551864607216775, 0.6196873730245785, 0.6595424311103009, 0.7325631603604325, 0.6595424311103009, 0.19966812988026075, -0.08362112609514134, 0.21798733263392064, 0.14966995427086804, 0.21745247323588537, 0.2630088143626783, 0.393794830788243, 0.2630088143626783, -0.17215998488821463, 0.4327419624839273, 0.8051127558894096, 0.5195259889027392, 0.7281893972974306, 0.08540314497327495, 0.5002690574558631, 0.5015046028273132, 0.5002690574558631, 0.6273812068736219, 0.6273812068736219, -0.2898963526417882, 0.716808033617653, -0.22908190509670334, -0.5375800894651603, -0.3863847238796911, -0.38950039722154367, -0.39027678531486015, 0.009070245567485067, 0.024817932775035544, -0.256422927923377, -0.5204514276809525, -0.13402430791438222, -0.22239059689902219, -0.20729832232170076, -0.029899989676445294, -0.032927525308847086, -0.4460171891049622, 0.013482628737142446, -0.21711883742319157, -0.4806211666742414, -0.10919187402869267, -0.35457758474001494, -0.2308635750192059, -0.35457758474001494, -0.4282069628561857, -0.503496239538306, -0.503496239538306, -0.23694987948553223, -0.23694987948553223, 0.32747928498677004, 0.13340701163427962, 0.24273251433550636, 0.48769225034930686, 0.21414439025213994, -0.30268039164678134, -0.03761910164445124, 0.44626418517726657, 0.5612896550032208, 0.44626418517726657, -0.041057308977617044], [0.9996994450362306, 0.9992069340523917, 0.5598555283925992, 1.0, 0.9986186703350791, 0.9996994450362304, 0.9923792093243332, 0.9883908796033101, 0.9933904541155909, 0.9707765557463642, 0.986937224543748, 0.9924117810596419, -0.1369466780518189, 0.9924492984372189, 0.9925010932664874, 0.9951282422909535, 0.4457276787728913, 0.9932815324992609, 0.9932798057763587, 0.9842539917733296, 0.9924029942624617, 0.4365799341405168, 0.6651661452131251, 0.9806687579988748, 0.9806458834124205, 0.9701172745021037, 0.29853387780384544, -0.13100978701378208, 0.9896178500749158, 0.9895871362501729, 0.26586670502258253, -0.20638339614338816, 0.9945242589916027, 0.9956913632973784, 0.768705467230767, -0.39693571304252284, 0.9911374594658026, 0.9956910222551751, 0.9948838848601722, 0.42777693194436606, 0.9920817929381875, 0.9946070795566091, 0.9920817929381875, 0.8874711642918791, 0.6587928093073437, 0.8718234828230141, 0.8755827737507269, 0.7707758742874873, 0.38405768278992847, -0.13613048701846286, 0.18519191247542843, 0.9399002869836067, 0.4504555194936026, 0.972720383918122, 0.9683393944535094, 0.8894459751951765, 0.9002023773321582, 0.9171673749896881, 0.9023515244419319, 0.9091895839203505, 0.9104369284896494, 0.9091895839203505, 0.8316687596505885, 0.8916959323598896, 0.8930422125045696, 0.8916959323598896, 0.8898172691427949, 0.663206671930108, 0.8248261496418159, 0.8267971786036042, 0.8248261496418159, 0.6060977296014948, 0.1004300143181104, 0.5801131029032816, -0.6010746572419957, 0.48012387473881324, 0.28413149261053905, 0.5117074114817216, 0.28413149261053905, -0.106991784727479, 0.8746128060150096, 0.9025610752348918, 0.8849936427395622, 0.888663529783439, 0.44448157885663453, 0.8729129633687932, 0.8745603539855101, 0.8729129633687932, 0.8661485678505129, 0.8661485678505129, -0.16924931658212092, 0.5732415306460561, 0.1991807651626865, -0.5651580978795007, -0.5692083730890961, -0.572485835764649, -0.04932063503038355, 0.04816954728093286, 0.25504704949265006, 0.12950823369634526, -0.38871811538996054, 0.05197808179741077, -0.7990508643114462, -0.2157181759382875, 0.10733582314672273, 0.10813442874760582, -0.5466574551835369, -0.6030570151215341, -0.2103678576983789, -0.4971407964239038, -0.8320302025368446, -0.34772765333523875, -0.3398342288415756, -0.34772765333523875, -0.19202267524492647, -0.26323566322246356, -0.26323566322246356, -0.8183916264065886, -0.8183916264065886, 0.388265151471178, 0.6468788554329553, 0.8662191410621406, 0.8450477999722306, 0.7831994695420708, -0.2579675404892593, 0.7596205655922722, 0.8004539262118929, 0.8005208047707635, 0.8004539262118929, -0.2199596767452645], [0.9974475923920633, 0.9936792121965144, 0.44739496610348783, 0.9986186703350791, 1.0, 0.9974475923920633, 0.9967459919297295, 0.9947463423408106, 0.996937158852061, 0.9602658248288098, 0.9952776014106021, 0.9967645280230382, -0.34882868569612413, 0.9967956063433531, 0.9968229593432676, 0.9978456157808395, 0.25162664023994613, 0.9973443718772997, 0.9973419331447078, 0.9859991362542684, 0.9967561198543983, 0.06772893275350993, 0.6242481440880993, 0.9904581374304643, 0.990413208002886, 0.984231685507427, 0.043531483229720815, -0.11663462091661171, 0.9878316131422653, 0.9877683086535005, -0.05228957286435068, -0.10459959481266395, 0.9977050755243484, 0.9976435524752749, 0.7442291622600696, -0.5405168633697738, 0.997110635186819, 0.997893660833377, 0.9979907469057868, 0.22790717745095615, 0.9976633605701912, 0.9976648271433148, 0.9976633605701912, 0.9028644980828728, 0.6196095129217377, 0.8941937219617463, 0.8794445622832513, 0.7366377003911272, -0.09817888016473864, -0.5790190186191947, -0.23766484247970346, 0.9250491003027612, 0.3060515005777028, 0.9661472678515751, 0.9662104261083136, 0.8830620863623414, 0.8771865550446423, 0.9020670782532271, 0.8869215452851761, 0.9001193600692419, 0.9007700144641615, 0.9001193600692419, 0.8008190605265633, 0.8327091821706091, 0.8343983492251109, 0.8327091821706091, 0.8762508636111364, 0.7666490858895306, 0.8559557708236205, 0.8572914914162328, 0.8559557708236205, 0.5562596692442017, 0.4188876640125512, 0.5385528867621981, -0.6473939239051748, 0.5347799662141602, 0.5117328330860409, 0.5119749721785022, 0.5117328330860409, -0.1273473280328144, 0.8528820023473414, 0.8708644147355206, 0.8564606837759565, 0.893391077584471, 0.3022272796746898, 0.8543046388208454, 0.8559678155405663, 0.8543046388208454, 0.8625036013980253, 0.8625036013980253, -0.2128932911833133, 0.6339114042228213, 0.052611878357419456, -0.6006668422789916, -0.6276030638236518, -0.6277911371079995, -0.08587272397883151, 0.06966057801116099, -0.1447262576411201, -0.12372335237180043, -0.47691702918138856, -0.32202150279357034, -0.8640966581703015, -0.5157421723785174, 0.07266913043704137, 0.07334322257207071, -0.5777637671543038, -0.5944878071649004, -0.5104167347549685, -0.5409664272918476, -0.8000006193873371, -0.5670417343990347, -0.5700025903660045, -0.5670417343990347, -0.23668864628901226, -0.30256769699736347, -0.30256769699736347, -0.7660220648678419, -0.7660220648678419, 0.36725918230993154, 0.6250498364124282, 0.8155032129515717, 0.7898330101812788, 0.7700424825395518, -0.3976498882978568, 0.6086523229869503, 0.691009845270912, 0.6911882809347973, 0.691009845270912, 0.014908300214782346], [1.0, 0.9999828938528956, 0.5663945452755194, 0.9996994450362304, 0.9974475923920633, 1.0, 0.9907647157104962, 0.9862931485599329, 0.9914255492071657, 0.9730208753488094, 0.9818602396241664, 0.9908096230513397, -0.13250789916794972, 0.9908753144951047, 0.990932145697088, 0.9935422957862492, 0.45995875333545977, 0.9918949526285457, 0.9918931724745472, 0.983807503250379, 0.9908114252272994, 0.44538898633880886, 0.6617991613759115, 0.9776863921324342, 0.9776631743018885, 0.9595020109577518, 0.30352391160581693, -0.12363345080239399, 0.9898671995827836, 0.9898260238199987, 0.2743576476087241, -0.20551545873372615, 0.9937152634674605, 0.9945922062092107, 0.8096029032836148, -0.39111604758457724, 0.9874192953835389, 0.9943510702119855, 0.9942529275073577, 0.44238069401395114, 0.9939046256740325, 0.9938999861709105, 0.9939046256740325, 0.8890369812174361, 0.6716068162207887, 0.8634275823674051, 0.8792310728284648, 0.7936261293453626, 0.3896323505941282, -0.1300652790110139, 0.19180398104024024, 0.9457146588481014, 0.46664261303478205, 0.9770414611960733, 0.9711803479668358, 0.9139610116896686, 0.909323607867107, 0.9323541075634122, 0.9075448668836086, 0.9290881565923155, 0.9299944687897272, 0.9290881565923155, 0.8417868214308228, 0.9054715899326804, 0.9066906377215438, 0.9054715899326804, 0.8943529709405855, 0.7312657327807616, 0.8695197198004154, 0.8713780849332509, 0.8695197198004154, 0.6163267339633278, 0.3067475468947959, 0.5923677688543517, -0.5958434971890635, 0.4868897019265767, 0.5421441982900683, 0.5439797173800569, 0.5421441982900683, -0.10000098198376525, 0.8815410243275595, 0.9135198085331852, 0.8952643906104212, 0.9156090817623199, 0.45786171666209036, 0.8788262236174883, 0.8802873548061708, 0.8788262236174883, 0.8887054538888344, 0.8887054538888344, -0.16288259830175433, 0.5454606857001862, 0.19445144765887934, -0.5542525841849618, -0.5612553268051061, -0.5646187102041129, -0.03652513334276813, 0.0538512509873708, 0.2623381264172125, 0.1424417060116759, -0.3756093415436899, 0.058743629901565876, -0.792131580217698, -0.20755377060226876, 0.11870275684370893, 0.11943891364026536, -0.5389948711932493, -0.6061758121049955, -0.20848424781853978, -0.48454146751293065, -0.8294878679374447, -0.3457697557127136, -0.33731410300030146, -0.3457697557127136, -0.18233889202728423, -0.25278835936344535, -0.25278835936344535, -0.8180270831054794, -0.8180270831054794, 0.4023763711310899, 0.6589808513068939, 0.8737726442759062, 0.8525433278676156, 0.7905284654389956, -0.24414882091577392, 0.7684969151759874, 0.809022080227644, 0.8090839498894193, 0.809022080227644, -0.23521704152662956], [0.9907647157104962, 0.9777723429888602, 0.5553411571483167, 0.9923792093243332, 0.9967459919297295, 0.9907647157104962, 1.0, 0.9971786662600832, 0.999967977021309, 0.9512401365329957, 0.999587245834893, 0.9999961473946725, -0.150463231522263, 0.9999924116659992, 0.9999219539471325, 0.9941441508476647, 0.3959383127441749, 0.9998358072192323, 0.999836182021583, 0.9884618070142636, 0.9999963485312976, 0.34253500949046695, 0.6663036522428119, 0.9842121764655228, 0.9844059543477987, 0.9855965180967544, 0.2198005947238196, -0.19013576719820274, 0.9921944523036493, 0.9919178161474844, 0.16514776664863468, -0.25676456693097816, 0.9992920039134024, 0.9993829930626741, 0.3484418737845017, -0.32900078663822985, 0.9986719013793235, 0.9992935809798738, 0.9982489843824177, 0.37644503075853014, 0.9312199489537318, 0.9990196881324912, 0.9312199489537318, 0.9113234334890262, 0.6228390596225395, 0.9172313408500726, 0.8887743954201665, 0.6893957246432251, 0.4149060371075492, -0.07900389223334674, -0.21157413217625723, 0.9234395263016903, 0.40849883412196636, 0.9683433837930346, 0.9611621467428557, -0.08522519870280569, 0.8264904334953096, 0.8004826834350803, 0.8476325550597553, 0.7937177859571192, 0.7618626276116451, 0.7937177859571192, 0.7563572229135036, 0.7612795233547102, 0.7603085966802255, 0.7612795233547102, 0.8343571634790821, 0.30509622858916446, 0.522400355103405, 0.606552180419194, 0.522400355103405, 0.5235750271534171, -0.3623115208127291, 0.48399822179984076, -0.6643595357411071, 0.40103897833480545, -0.13040497566316203, 0.36719730108339743, -0.13040497566316203, -0.1515418957161206, 0.8097214187706231, 0.8186902507104985, 0.8082247964233626, 0.7343638520209765, 0.39351475034939376, 0.8130556847277701, 0.8153980595565065, 0.8130556847277701, 0.7205758518665011, 0.7205758518665011, -0.2500257624611392, 0.6847561682727973, 0.25321684429671504, -0.5842919126231345, -0.6126293952538421, -0.6154698333022859, -0.10165758899799407, -0.004419211704881, 0.358234596222057, 0.0900853884191907, -0.4167260233038104, 0.10259346993766179, -0.826487209426037, -0.11989446206851605, 0.03512199417777017, 0.03605596403923711, -0.5929273371069778, -0.6088297692600706, -0.0504679799931145, -0.5783321759106216, -0.8443675709171027, -0.3444970383494242, -0.17122869072319713, -0.3444970383494242, -0.27260702129845177, -0.3138325950043589, -0.3138325950043589, -0.8379293840592013, -0.8379293840592013, 0.3642165724515529, 0.6018930429041748, 0.49715277562399085, 0.8075962591233944, 0.759276917598125, -0.3167686927162917, 0.0595477185775248, 0.7644075028341385, 0.7829519771377809, 0.7644075028341385, -0.1441129699374553], [0.9862931485599329, 0.9686960950992125, 0.5435641229144079, 0.9883908796033101, 0.9947463423408106, 0.9862931485599329, 0.9971786662600832, 1.0, 0.9994653797493328, 0.9427985490564811, 0.9982662111676308, 0.9979821206847265, -0.15994554500128594, 0.9990018354728222, 0.9987075751834582, 0.9867868599327232, 0.3738206999616699, 0.9990541223685775, 0.9990571646612444, 0.985516962003526, 0.9991650978511726, 0.31511743571898365, 0.6654583261981374, 0.9918356918215925, 0.9820694780404992, 0.9811651693826379, 0.19980740760098856, -0.20528859318742884, 0.9884801245731695, 0.991892558861689, 0.14449090694618372, -0.26386449625858927, 0.9981318232560352, 0.9980292594043021, 0.32735938608562, -0.33660167129023366, 0.9960572353283479, 0.9978597261377761, 0.9975923713045134, 0.3538312970800793, 0.9222907208609982, 0.9979658684499287, 0.9222907208609982, 0.9086852545672077, 0.6068054621903457, 0.9176904639768477, 0.8844567850652437, 0.6614885527306459, 0.40129561936866825, -0.09495063058447813, -0.22544096227393093, 0.9140162284104812, 0.3872462564169851, 0.9634936162377441, 0.9554624404727314, -0.09633692102843182, 0.8112484514055824, 0.7815545438024099, 0.8370902801532226, 0.7760207150636873, 0.748096764666201, 0.7760207150636873, 0.7410776660044512, 0.7397639134251047, 0.7453301099713879, 0.7397639134251047, 0.8240950656369112, 0.282928158159971, 0.49889490778002066, 0.5881148852425171, 0.49889490778002066, 0.5079223533608502, -0.3784751305078474, 0.4664545382556165, -0.6737684621528954, 0.39087962610107757, -0.15451656704426778, 0.34858109232716794, -0.15451656704426778, -0.15899406263787635, 0.7973411708894762, 0.7988494560592363, 0.7920100334874386, 0.717933782825576, 0.3760379638360734, 0.8013358196080246, 0.8039393313370182, 0.8013358196080246, 0.6998879920898418, 0.6998879920898418, -0.26734718032058935, 0.7152333221676387, 0.2613770875709574, -0.5944805533812367, -0.6269713632624516, -0.6296284960826918, -0.11760150873540538, -0.013440209377160313, 0.3513131701972422, 0.07020199999386698, -0.4306069438343269, 0.09315923570365635, -0.8337256660007887, -0.12653263872300957, 0.018013629899837173, 0.01898722560297138, -0.6060086434221738, -0.6102607874146885, -0.057471636455891054, -0.5975280494782436, -0.8449319181125211, -0.35686110708635105, -0.17762576779124772, -0.35686110708635105, -0.2920988842754918, -0.3289587827371626, -0.3289587827371626, -0.8368731439358651, -0.8368731439358651, 0.3400894261165805, 0.5833975558793899, 0.47723431100634944, 0.7889608253989469, 0.7455287011026254, -0.34037942942777005, 0.044508177018034514, 0.7444924556239219, 0.766705142511552, 0.7444924556239219, -0.1260223459202968], [0.9914255492071657, 0.9775499350748768, 0.454380534615956, 0.9933904541155909, 0.996937158852061, 0.9914255492071657, 0.999967977021309, 0.9994653797493328, 1.0, 0.9499934757060852, 0.9995330838307551, 0.9999688907552658, -0.3231184701039753, 0.9999734272978589, 0.999934390513071, 0.9981110686889145, 0.2885723685879437, 0.999777435839826, 0.9997780321283183, 0.988266885810425, 0.9999658461465677, 0.11643035548048614, 0.6235146894889609, 0.9941140720032525, 0.9940586691428768, 0.9854414487982243, 0.027188754671650276, -0.12973816175255656, 0.9907169233134389, 0.9906807614108242, -0.033356267410523485, -0.21714062913053522, 0.9993126011680564, 0.9992708993365874, 0.7570605906179028, -0.5292693151830317, 0.9985812094157271, 0.9992731857373687, 0.9991764131865797, 0.2655520558346881, 0.9991540594296904, 0.9991594290876045, 0.9991540594296904, 0.9111690891655818, 0.6238442206035776, 0.916965735531841, 0.888220070139144, 0.6887285686722476, 0.009330673242479057, -0.524869866760771, -0.1866958714810586, 0.9185762386973191, 0.35671104512109025, 0.9623572386308307, 0.9614101538522138, 0.854523568021754, 0.8276828794511677, 0.8744529628830119, 0.8487331642275886, 0.8725697373003839, 0.8733220540675534, 0.8725697373003839, 0.7557717879763834, 0.8141430121428224, 0.8158709759798324, 0.8141430121428224, 0.8360725475548602, 0.7268054960548713, 0.824759395615975, 0.8262600261187496, 0.824759395615975, 0.5226474387377354, 0.3431947067431719, 0.483518823460426, -0.6935898178044102, 0.46091227281192315, 0.4244687234157336, 0.42452629577922074, 0.4244687234157336, -0.10797941000686508, 0.8104697102827209, 0.8184116926359314, 0.8083648967640769, 0.8652469065557334, 0.3188247331806462, 0.819452165946298, 0.8218815159383113, 0.819452165946298, 0.8276355781468205, 0.8276355781468205, -0.2523529708353435, 0.6857063128106063, 0.07749777112581692, -0.5976388997537019, -0.6543402304788528, -0.6551676398312972, -0.1053402705085953, -0.0016472603499238358, -0.1524382388305442, -0.09542385732771129, -0.4666181332900987, -0.3532667521719124, -0.8781754182578466, -0.554852596080859, 0.034202803401832335, 0.035104983396751964, -0.5948763538307792, -0.6047785232555188, -0.52048763833444, -0.5805282962789909, -0.8197073666611288, -0.591177234745803, -0.5932281232853922, -0.591177234745803, -0.2753442803469379, -0.3180418851271089, -0.3180418851271089, -0.7994234386387163, -0.7994234386387163, 0.36476462596529213, 0.6005075698312068, 0.8229925832376435, 0.8014572214396675, 0.7575867883199187, -0.3462745293670968, 0.6418251133807552, 0.7116299046406311, 0.7117904723463215, 0.7116299046406311, 0.09849317980503147], [0.9730208753488094, 0.9581830966022348, 0.3941135643578334, 0.9707765557463642, 0.9602658248288098, 0.9730208753488094, 0.9512401365329957, 0.9427985490564811, 0.9499934757060852, 1.0, 0.9233129640478337, 0.9512771147020214, -0.2638967021899628, 0.9509290319713977, 0.9501876260031864, 0.9519303598171946, 0.0971526986741766, 0.9569254233489366, 0.9569013511343291, 0.9514217620180624, 0.9514130042762008, 0.04440913414274759, 0.6727334604825647, 0.9532089702815923, 0.9534257815304757, 0.8228779912403789, 0.12783665153558882, -0.11180482254342676, 0.9598328749802628, 0.959966663351424, 0.11147882548061187, 0.052533452327424866, 0.9612972764344982, 0.9615838326762263, 0.8519112903950075, -0.4541050301340391, 0.9351982273322302, 0.9604537932277177, 0.9619128619294293, 0.07438302733913016, 0.962686460219658, 0.9626497175160109, 0.962686460219658, 0.782120070033775, 0.4191291170749023, 0.741697110566678, 0.8582160218724445, 0.832761341730737, -0.5543139055086789, -0.6861190556651139, -0.30648837825779174, 0.867643784995993, 0.07492823043493378, 0.9018277565033619, 0.9018770612806944, 0.8587457702807593, 0.8527045599631213, 0.8845065676995273, 0.8618743515592173, 0.8763762632667216, 0.8772141970797223, 0.8763762632667216, 0.801207585955621, 0.7794800133277042, 0.781609045980588, 0.7794800133277042, 0.8539163595790191, 0.874160313267258, 0.8520536669062959, 0.8528496519323426, 0.8520536669062959, 0.6224596209492397, 0.5420939890166645, 0.6236947864966642, -0.41457529644096414, 0.6444470052158273, 0.6655243806546325, 0.668665613083954, 0.6655243806546325, -0.2650273344604117, 0.858833325989026, 0.9199491147331235, 0.8769958768669093, 0.8751681861030671, 0.19463568019894245, 0.8508287347999232, 0.8521889385197006, 0.8508287347999232, 0.8626632165129171, 0.8626632165129171, 0.011485189297446153, 0.2854041572486256, -0.09001863081744804, -0.5048739954692686, -0.3992075474821922, -0.40112349505025136, 0.06197884034922917, 0.3856452045900063, 0.09935045737176393, -0.029167312064641394, -0.35269473264951146, 0.005686151785237595, -0.8119214456192567, -0.15604110286932363, 0.27428410834046796, 0.2733420509108375, -0.35813963207551996, -0.4387574391087843, -0.31276396907263654, -0.3181342378068167, -0.6858042943008531, -0.3340440812145141, -0.3360203218405899, -0.3340440812145141, -0.06391036729162392, -0.3512510296756106, -0.3512510296756106, -0.5384600016105253, -0.5384600016105253, 0.5713902313371761, 0.6729504615718345, 0.7606885090062209, 0.6706242156952006, 0.8385577133421408, -0.4426890740054969, 0.3870629928103487, 0.5634430201499981, 0.5637270036805325, 0.5634430201499981, -0.2289084868511675], [0.9818602396241664, 0.9797353511378938, 0.9966409855103433, 0.986937224543748, 0.9952776014106021, 0.9818602396241664, 0.999587245834893, 0.9982662111676308, 0.9995330838307551, 0.9233129640478337, 1.0, 0.9995841099723956, 0.999580380330929, 0.9995346258132346, 0.9995716080343775, 0.998549619508967, -0.3753885197542145, 0.9997328872255296, 0.9997368909811549, 0.9995916229680227, 0.9995914565759727, -0.2725468545861541, 0.9614515215317372, 0.9923698182775208, 0.9923427612639723, 0.9887050438925742, 0.009090565874946077, 0.07640270088986738, 0.9893024360151499, 0.9893580870432596, 0.9716340192778787, 0.0072742489822198424, 0.9986991933897175, 0.9986423680763551, 0.9984472921584574, 0.9992405514964885, 0.9991912057292175, 0.9986971236949305, 0.9984797772771028, -0.3858770050265816, 0.9983868228803897, 0.9983979570464007, 0.9983868228803897, 0.904790168436011, 0.4802527401073762, 0.9125363286841046, 0.8860662035654959, 0.6902312166945466, -0.5397836216027002, -0.660381269719729, 0.793895104480013, 0.805912751156927, -0.2883554929997514, 0.9212257055115229, 0.9214231713563623, 0.8516870341056384, 0.8616525895031453, 0.8278118481805735, 0.8304886011284, 0.8371868233779913, 0.8381410121032952, 0.8371868233779913, 0.6591860560570932, 0.6133744837774009, 0.6160115128551246, 0.6133744837774009, 0.8626905548095362, 0.8719389678679398, 0.8611417771247455, 0.8626475175519467, 0.8611417771247455, 0.3067194310316501, 0.23723959352182605, 0.3656552839967673, 0.4894690539131194, 0.358761799320387, 0.40803982392989235, 0.41076233630647696, 0.40803982392989235, -0.4132391394490722, 0.7711250781162613, 0.8228533742942744, 0.8023971172858614, 0.8607206163122089, -0.13186257325184408, 0.763787642311545, 0.7643440775276577, 0.763787642311545, 0.7785295845511481, 0.7785295845511481, -0.3135906956391847, 0.6768748195287991, -0.40176455391512983, -0.6900707229062711, -0.548298117013323, -0.5505231482268924, -0.3656307661687653, 0.15139754335044803, -0.27271461885617365, -0.44278955409786785, -0.6336791058465088, -0.34915017152660377, -0.6244213760639621, -0.41486325378677436, 0.02153699816009875, 0.017667465537721434, -0.5643768157805846, -0.5292040311066861, -0.5478674093619752, -0.5819050193669602, -0.576226311242278, -0.5511963441784142, -0.5541342160322436, -0.5511963441784142, -0.440169632898325, -0.6039998953062353, -0.6039998953062353, -0.6064174832474337, -0.6064174832474337, 0.3598822786987, 0.35675642677130787, 0.47056371809495906, 0.5536468055795001, 0.5521938134649818, -0.5506387419352505, 0.29755452901571977, 0.31694153099573774, 0.3171136598439153, 0.31694153099573774, 0.22375615261058715], [0.9908096230513397, 0.9778204591650634, 0.5553533193620873, 0.9924117810596419, 0.9967645280230382, 0.9908096230513397, 0.9999961473946725, 0.9979821206847265, 0.9999688907552658, 0.9512771147020214, 0.9995841099723956, 1.0, -0.1501311787617139, 0.99999430860659, 0.9999270075964126, 0.9949620929137182, 0.3960420649580553, 0.9998372684260223, 0.9998376156920971, 0.9885071208482556, 0.9999969993864802, 0.3428710791907954, 0.6663690203150244, 0.9896780163423611, 0.9843939463012157, 0.9855763860179274, 0.22007888050502403, -0.1900841958243186, 0.9921954416937482, 0.9919320267056018, 0.16539285497248352, -0.25673910267957356, 0.9992946583996605, 0.999387974167665, 0.34840898477589255, -0.3287814423044083, 0.9986741203120721, 0.9993025856931831, 0.9982532701600755, 0.3765557731898921, 0.9312014842243578, 0.9990230636219702, 0.9312014842243578, 0.9113710747946226, 0.6230086136966839, 0.9174883425146951, 0.8890246240018158, 0.6895639795889515, 0.41532120155939056, -0.07852870487182949, -0.21119113824115113, 0.9235313612933882, 0.40860277510482607, 0.9684450298681536, 0.9612387647996568, -0.08502891801217358, 0.8266449248303778, 0.8005917115368199, 0.8477490549621285, 0.7938241081301634, 0.7618000416187214, 0.7938241081301634, 0.7564294465185515, 0.7613417966633511, 0.7602412360725832, 0.7613417966633511, 0.8345151427319781, 0.30495719998678933, 0.5224066958545892, 0.6064570230530746, 0.5224066958545892, 0.5235098735729218, -0.3623360612288073, 0.4839453435058896, -0.6642552659214679, 0.40091298215941545, -0.13054210432976926, 0.3672358239827732, -0.13054210432976926, -0.15169463816808437, 0.8097898017197224, 0.8188254604891546, 0.8083176867934838, 0.734354623733133, 0.3936284741478605, 0.8131388431497902, 0.8154764516097982, 0.8131388431497902, 0.7206535231056256, 0.7206535231056256, -0.2500219092880602, 0.6847653696998537, 0.25333977182231626, -0.5842818572352875, -0.6125433503306937, -0.6153896463577956, -0.1017347473161789, -0.004579677614036135, 0.35841727177114496, 0.09012427112735356, -0.4167430555538401, 0.10286813746379228, -0.826210104978857, -0.11958792539788206, 0.03515312869587001, 0.03610355835403554, -0.5929159967817514, -0.6086509439402779, -0.05020310518060205, -0.578314688842409, -0.8442590824497558, -0.3442557354494768, -0.17100834807295465, -0.3442557354494768, -0.27246118483327875, -0.3137871535934525, -0.3137871535934525, -0.8378786673608362, -0.8378786673608362, 0.36475023196355183, 0.602060198985254, 0.4974137742435559, 0.8078709551922649, 0.7593811300283805, -0.31652925910254215, 0.05984276622646523, 0.7646740276277519, 0.7830794507672711, 0.7646740276277519, -0.14413889210969655], [-0.13250789916794972, 0.9777797421790928, 0.5155595182735555, -0.1369466780518189, -0.34882868569612413, -0.13250789916794972, -0.150463231522263, -0.15994554500128594, -0.3231184701039753, -0.2638967021899628, 0.999580380330929, -0.1501311787617139, 1.0, -0.149502477196357, -0.14535543189208303, -0.12103667595069961, -0.2927186633676522, -0.15095206630330862, -0.15097059489922166, -0.27344439270859455, -0.1505637868569419, 0.025206389024497046, 0.3089955584022877, -0.18468206219949232, -0.1850214163452316, 0.9855551612717707, 0.24764863436649462, 0.18634821108941152, -0.1864209189203648, -0.18704044200197484, 0.5370900069376906, 0.12060886670260472, -0.14815749401698355, -0.30856527638545217, 0.16647215242682536, 0.960076579524186, 0.9986722784694236, -0.3399173690232976, -0.1428520825376616, -0.28258981809758504, -0.14850700229082933, -0.14891430388885943, -0.14850700229082933, 0.9114498703678414, -0.1185769131267825, 0.9174594237709119, 0.8889661355459708, 0.6895488411095594, 0.08407187967330439, 0.25499618849223366, 0.6445379263391546, -0.2678229168884939, -0.29673728146326, -0.06638708146690453, -0.3026394647746941, 0.02843103048960015, 0.2726894754176595, -0.020548794744496404, -0.3065761715720292, -0.018414987329532576, -0.008122658057562978, -0.018414987329532576, -0.41445400746405, -0.1061525131943133, -0.10796440038546594, -0.1061525131943133, -0.20502484223047704, 0.07102265082291309, 0.04737101359381315, 0.047583942067315185, 0.04737101359381315, -0.41060092760791306, 0.007012451665272151, -0.37483018940064255, 0.6219106243077545, -0.3436048783440072, 0.008511269635880642, -0.05967407808987075, 0.008511269635880642, -0.3065366083905441, -0.3409723114259965, 0.8188013381710374, -0.1201131352937582, 0.015284044597187832, -0.2195264729713529, -0.2629325952728282, -0.2617801853503879, -0.2629325952728282, -0.026637740101992678, -0.026637740101992678, -0.2294434588078785, 0.684691066215509, -0.16230366585512004, -0.01713905499642568, 0.19825248145565721, 0.19704627557400486, -0.25152583601101963, -0.009551527134470843, 0.01989088160972733, -0.17363460410954973, -0.11042650166418548, 0.04200090307442596, 0.3862318889700244, 0.11456089762422038, -0.040752733021655205, -0.044574729988947764, 0.0864382085849556, 0.5711546236002867, 0.0927842654104431, -0.19216093359781183, 0.614447528311309, 0.09711937036513967, 0.10486155119551498, 0.09711937036513967, -0.23800156644355117, -0.19623610957272172, -0.19623610957272172, 0.3243989886837641, 0.3243989886837641, 0.36486037998102583, -0.25248797034411213, 0.01707588396860516, 0.09102934026432653, -0.24931808490229385, 0.07333824008912924, 0.1537235404035762, 0.10481041010828547, 0.10483619794879206, 0.10481041010828547, 0.1260358492908039], [0.9908753144951047, 0.9775952647291691, 0.5556894762840789, 0.9924492984372189, 0.9967956063433531, 0.9908753144951047, 0.9999924116659992, 0.9990018354728222, 0.9999734272978589, 0.9509290319713977, 0.9995346258132346, 0.99999430860659, -0.149502477196357, 1.0, 0.9999384838102887, 0.9974989991196686, 0.3961629170808513, 0.9998403474707319, 0.9998406046384307, 0.9886694809841943, 0.9999943301991796, 0.34356587090024376, 0.6662070269070737, 0.9932011196526583, 0.9930881886620584, 0.9854528919209923, 0.22037142344619684, -0.1901303953226573, 0.992940101421727, 0.9929855160760565, 0.16619574143976787, -0.2565673959225004, 0.999345437636847, 0.9993871639810298, 0.3473354603284368, -0.3279112220634705, 0.9986109976561405, 0.9993058561834409, 0.9985582772962315, 0.37670212953697646, 0.9306791939199156, 0.9990796643816665, 0.9306791939199156, 0.9116584761173329, 0.6237554371314068, 0.917855297107176, 0.8893982759504026, 0.6892467960791514, 0.4167509249508825, -0.0768927634852374, -0.21139596114438589, 0.9239373546051752, 0.408898534448385, 0.9688706224474862, 0.9616106604181436, -0.08606893721138892, 0.8269237410991745, 0.8005107930301543, 0.8480114676294354, 0.793784635978842, 0.7613991742590563, 0.793784635978842, 0.7566235050282872, 0.7612962295817469, 0.7606657259547511, 0.7612962295817469, 0.8348680498132713, 0.3042600020216624, 0.5218808349914258, 0.6064900450370891, 0.5218808349914258, 0.5233351969469464, -0.36353249527628617, 0.4838406579590561, -0.6644109673047641, 0.40050901971792824, -0.13156977278169496, 0.36688016472326795, -0.13156977278169496, -0.15163708734384765, 0.809924855324201, 0.8184100336331018, 0.80841173059141, 0.7244119617313327, 0.3940267006160864, 0.8132643394746774, 0.8155909620641453, 0.8132643394746774, 0.7204562235834524, 0.7204562235834524, -0.2517046471518793, 0.6856901273464087, 0.2538574628060948, -0.5842592020910736, -0.6129366472047799, -0.6157882182497584, -0.10293742427312845, -0.005871046535195682, 0.3587241260663269, 0.08966104246846429, -0.4170146168065865, 0.10294530851638126, -0.8253169301312079, -0.11942844271436652, 0.034075888023608454, 0.035022790383340656, -0.5935728730362979, -0.6089560329519524, -0.04960978317564691, -0.5797164310325474, -0.8442471596577271, -0.3441909287638614, -0.17043815753863323, -0.3441909287638614, -0.27349540937152095, -0.3142782279658077, -0.3142782279658077, -0.8382329252476695, -0.8382329252476695, 0.3649230987452037, 0.6017356081919145, 0.49685296651004274, 0.8083258378206024, 0.7588160544950256, -0.31603695126544423, 0.05915206358823611, 0.7650791453596534, 0.7836906294823802, 0.7650791453596534, -0.1438084038667304], [0.990932145697088, 0.9768669781277627, 0.5585786818012873, 0.9925010932664874, 0.9968229593432676, 0.990932145697088, 0.9999219539471325, 0.9987075751834582, 0.999934390513071, 0.9501876260031864, 0.9995716080343775, 0.9999270075964126, -0.14535543189208303, 0.9999384838102887, 1.0, 0.997622550526054, 0.39376580047316584, 0.9997903386031148, 0.9997915502839072, 0.9885832332379819, 0.9999228606435302, 0.3443936208168138, 0.6684222983336826, 0.9925420082754641, 0.9837766521039717, 0.9855554718390688, 0.2220442583256147, -0.18898164221208433, 0.9920395394507846, 0.9920491736397139, 0.16942261022588986, -0.2569022115972349, 0.9993438841994479, 0.9992299811596682, 0.3479175615748996, -0.32358109683552, 0.9985148145793978, 0.9992718588213875, 0.9985317108307233, 0.3743194774738774, 0.9297216829608017, 0.9990958143107241, 0.9297216829608017, 0.9098376171316869, 0.623695183692175, 0.9161166941083132, 0.887363284627937, 0.686205468908466, 0.4171490703055528, -0.07551003431972247, -0.21198369408472853, 0.9231311802053231, 0.4059917749045655, 0.9691139090908031, 0.9610621447211435, -0.08859009037304383, 0.8262513101507986, 0.8010546338142919, 0.8481510777602457, 0.7943412454024132, 0.7636216911616948, 0.7943412454024132, 0.7552371194925733, 0.7609269901315693, 0.7617421372723782, 0.7609269901315693, 0.8354305648199939, 0.30493750192924685, 0.5221476507808308, 0.6079019887308623, 0.5221476507808308, 0.5221163660820316, -0.36575639933026316, 0.48265323392364035, -0.6617894425746037, 0.3996295000295101, -0.13240823610925928, 0.36718912797453296, -0.13240823610925928, -0.1552442011802429, 0.8098137290443809, 0.8174526995668571, 0.8077103947229668, 0.7362852230529152, 0.3925171134889045, 0.8132399680102732, 0.8155233244061764, 0.8132399680102732, 0.7209372708470395, 0.7209372708470395, -0.2520849464705984, 0.6878861202792232, 0.2537624006023777, -0.5865800441111843, -0.6129529834606026, -0.6158287511320443, -0.10511736769486144, -0.006829089780165207, 0.3594997452301747, 0.08793739060109286, -0.41978965208620583, 0.1037598704629862, -0.8238311951319832, -0.11813880669408035, 0.03369119958339423, 0.03458482917549168, -0.5948724077528416, -0.6039485848878742, -0.04861947006397817, -0.5806305045676698, -0.8419545155608745, -0.344014090594697, -0.16915908045529865, -0.344014090594697, -0.27398980316596144, -0.3176979783981102, -0.3176979783981102, -0.8359227536286432, -0.8359227536286432, 0.3622911467954556, 0.5992055575846451, 0.4949941464072511, 0.8088900772548397, 0.7569384981548839, -0.3177041530385792, 0.05710944042778505, 0.7655508862271857, 0.7849355006114198, 0.7655508862271857, -0.14319836472708003], [0.9935422957862492, 0.9854091604972954, 0.5948006802742221, 0.9951282422909535, 0.9978456157808395, 0.9935422957862492, 0.9941441508476647, 0.9867868599327232, 0.99811106868891