var element=document.getElementById("correlationAdjClose");if(element.style.display!='none'){var correlationAdjClose={"data":[{"type":"heatmap","z":[[1.0,0.999994752497647,0.9867556025546983,0.9999360531321614,0.9991974270806915,0.9833633412454964,0.9978506295814038,0.9963939942446258,0.9716589465711872,0.9965568848561909,0.9947012524979807,0.9939103507815898,0.9964837424961289,0.9965133667588975,0.9964349942350851,0.9977582150048602,0.998103612825148,0.9983154091454636,0.9969125737764268,0.9969228623283636,0.9968672965434021,0.9964554376234798,0.988738421040925,0.9741531954362052,0.990999677390181,0.9609670561118775,0.9901814879661696,0.9873189265780327,0.9718233823261914,0.9582821126796885,0.992107536687463,0.9937220337740698,0.9928518019122098,0.9794515166078712,0.9977765641261603,0.9978686441546397,0.9976282546133725,0.9965763217007805,0.9955027840580054,0.9977569314058728,0.99862472565223,0.9986565880327114,0.9977636767767952,0.997773250266785,0.9784383626900729,0.9289513641455124,0.9562310808168715,0.9456810912042809,0.944698988679766,0.9244742164016366,0.9648360366341405,0.9528171861304106,0.9667048477643315,0.9697313513448315,0.9586621071418856,0.985000931448118,0.9830104028831776,0.9913496238313578,0.9941701233865846,0.987919209591058,0.9830541091569106,0.988240069370933,0.9869860541769258,0.9887771847274704,0.9886692512270492,0.9550088300663809,0.9768558080724026,0.9770310851979698,0.976809368952782,0.9435250242922878,0.9827893036466991,0.9796027249424589,0.986512038938168,0.9858932255749561,0.9429178358202313,0.9035745185668401,0.8745682782555168,0.9178293208761712,0.9318242426107681,0.9299648407937569,0.9300520432864674,0.9288860248343944,0.7383096727199294,-0.5339346958997108,0.9811443616871297,0.9764394691285443,0.9742427164699279,0.9885161205164542,0.9742494933690143,0.9846711634891849,0.9846686244893451,0.9439515287558954,0.9855583849908276,0.9469229562744929,0.8122992357486417,0.9243306385230472,0.9371393837682166,0.8298220412521885,0.9573750496132738,0.9580583522539204,0.9039776449991437,0.9692776654031172,0.8955675950724395,0.57188807024259,0.7323769108394153,0.9029258686674753,0.8745414811236403,0.8943829303348255,0.976830937982942,0.9769765119510267,0.7917484519532958,0.7597408311413248,0.825943397207791,0.47286684763022024,0.8102482443158652,0.8300238817020122,0.8251724641002524,0.8186195464144591,0.7989481988152785,0.7580677525904637,0.7429244004197483,-0.2960756738576856,-0.4367223675447423,0.7188777626761924,0.8922466477004746,0.9301812235909515,0.9415609785031012,0.9059569362285689,0.8318831256919078,0.9098704961687213,0.9239697883128429,0.923804111927239,0.8602608692147041,-0.12806859847717245],[0.999994752497647,1.0,0.990507012320308,0.9998625961206988,0.9983334935477752,0.9900418938839929,0.9940933713844918,0.9919804448601202,0.9879668172266485,0.9919853174747235,0.9920162362874677,0.9932543020733424,0.992065975231048,0.9919787074319012,0.9920334034682903,0.9940104143572748,0.9962167133655998,0.9957586895707762,0.9938426750081744,0.9938501858544877,0.9920234315331689,0.9920693422953719,0.9925707426931162,0.9781852885384918,0.9885941751298917,0.9851434270670266,0.9887075016414708,0.9872485989808735,0.982739870541498,0.9420267451029425,0.989739667269102,0.9880260161494802,0.9829481720626941,0.9438398588214025,0.9951450737656654,0.9950943747310351,0.9952949644435714,0.992389466813527,0.9949215695388651,0.9953163649156295,0.9965023782258824,0.9967116094325985,0.9953133312827926,0.9953247650389617,0.9918143571154271,0.9285280356049849,0.9076453665155304,0.9453863510005629,0.9445834514824724,0.9244545285805665,0.8987506776295766,0.9366393401391547,0.90072962008067,0.9285286095627897,0.898736777435909,0.9615107448184177,0.9614996728034079,0.9747977339967671,0.9856037778698086,0.9841080826825201,0.9852674872910967,0.9794088617484595,0.9825786395876057,0.9806087089661847,0.9805305773527024,0.9445204876716335,0.9646222682368117,0.9378867910199147,0.9377156098181088,0.872837341996169,0.9827641456948392,0.9838875595163499,0.9840526248635509,0.9836399233764027,0.9566608721268928,0.818407945493497,0.7867031416133572,0.8660913202223913,0.9165143528916022,0.8799568473124969,0.8986620335456507,0.8977089396930044,0.786448280514143,-0.11461798639418261,0.9721782507996913,0.9746115520743701,0.9718920775894297,0.9844772044634966,0.9680594641718334,0.9744409355645249,0.9738485376498662,0.9330399966126015,0.975699984656423,0.9348704602431137,0.7529485669919043,0.9239181787609956,0.9232146005247293,0.6007584212647795,0.863212267333907,0.8669078503255319,0.7693143022668079,0.9700013725014484,0.7437267786405691,-0.322733185269143,0.26517987898553935,0.7692680180698175,0.7208678562301103,0.7622812686031823,0.9714723758487702,0.9714966324662287,0.22371913260657728,0.3955911315898648,0.2310280649297684,0.20261504821316362,0.22401010126956133,0.2366513781951348,0.2336898554435174,0.15384500577403057,0.5730199061303144,0.3059998092530716,0.25584867255632143,-0.43703856633454286,-0.48669559087228387,0.7180418338505171,0.7666634737828669,0.7897643302102055,0.8546745402281433,0.8267619917454813,0.6156094428452233,0.7835115707532078,0.7846803255759169,0.7836775491878736,0.45019263986332764,0.2582304329241801],[0.9867556025546983,0.990507012320308,1.0,0.9879893228838108,0.9935701821166042,0.9914432195880871,0.9894325921812148,0.9902514517021147,0.9915454538570899,0.9928406621523477,0.9967522304473655,0.9959302551314124,0.9900972974364372,0.992155335012195,0.9903033557035986,0.989782272657542,0.9908189061767895,0.9899517047767588,0.9889150482554774,0.9888909310618955,0.9917354516524611,0.9901335063962299,0.9951844159535598,0.9858325555768878,0.9911055419618524,0.9829926566112966,0.9917642187565462,0.9881985424191758,0.9877268236337257,0.9637411098612674,0.9690209584818305,0.9734280324239697,0.9773519746426795,0.9575470736020716,0.9868748277075492,0.9899740607154521,0.9883584405686959,0.99188490850793,0.9947057419372365,0.9907880937027883,0.984924341082694,0.9878912891561231,0.9872583170647815,0.9866471233935383,0.9929198915632732,0.9249420015728775,0.9411673312057772,0.9535703533426274,0.9375581107912,0.888436155425192,0.9234619875365611,0.9101984782496693,0.9263034826985136,0.9349282055263755,0.9184673644909285,0.9513355218920322,0.9612429160656092,0.9689328477148544,0.9771658674816505,0.946095829512677,0.9682274837904101,0.9679070451769134,0.9739228555735681,0.9681337565834586,0.9450319807941137,0.9272359921028221,0.9532628385379271,0.9441111556716308,0.926844926159146,0.9021098852153839,0.9744815805653171,0.9551888793533571,0.9675355154805778,0.9479273424397148,0.8505947253888471,0.8703316756326334,0.7898214141985812,0.8863635998105135,0.9073070307921655,0.9095712565303953,0.877291192146736,0.8913344858840394,0.4656532725136162,-0.5183997982706311,0.9650968525354062,0.9532203699251641,0.9530698924938131,0.9460194364126505,0.9597229913472133,0.9675812144526216,0.9672190701291711,0.9355386306235055,0.9635897493944077,0.8923515786496202,0.7978025172915066,0.9588667219864527,0.957034190171646,0.8133450441913515,0.9459153853863732,0.9474141795711349,0.8773672118572399,0.9812736818603016,0.7761940760245803,0.4766949101499339,0.6780687636798605,0.7992779570832806,0.802728626680305,0.780237625362937,0.9831938111279654,0.9832113282661743,0.7244706494736602,0.7106821729902056,0.7116979276709886,0.42468266877082905,0.7132482461928364,0.7179705711760125,0.7252620762902833,0.718304443772463,0.7642481482260711,0.6961653617384445,0.6800998308838909,-0.3526873790496289,-0.4931963442913878,0.6895548313241976,0.8557139913920448,0.8773190734817915,0.8879988552254279,0.8792092300103092,0.7675960524495635,0.8587425348597123,0.8673772979339062,0.8739327101773467,0.7373108886140581,-0.05133152585492832],[0.9999360531321614,0.9998625961206988,0.9879893228838108,1.0,0.9994180999586796,0.9843752991571684,0.9980651606851483,0.9967703547168277,0.9736409115629441,0.9969824587965654,0.9953702233055232,0.9947819197594063,0.9968438737916229,0.9969574800625216,0.9968108840599431,0.9979989181508264,0.9984027954511304,0.9985506367212663,0.9972408483999764,0.9972489226656432,0.9972287541515631,0.9968197480641992,0.9898120741638295,0.9754161998790433,0.9918588757797993,0.9632777105646431,0.9911366174237607,0.9890783850877353,0.9736107023722566,0.9593627098124875,0.9914792325681347,0.993261584514868,0.9927829060826285,0.9790702656792796,0.9978434461227988,0.9980533566971078,0.9978256800933727,0.996985925245636,0.9959921316753767,0.9979749267578426,0.9985241941514462,0.9987304226621149,0.9978266270153565,0.9978333495505602,0.980069761988971,0.9258283473265421,0.9543217141914416,0.9453914028010879,0.9425721989982724,0.9189382464736495,0.9620941492998497,0.949749727887354,0.9638784428517112,0.9674968890304823,0.9561305846780784,0.9830515233701762,0.9816591542754163,0.9905513450565011,0.9939716364907049,0.9866866085742604,0.9819978912262123,0.9871762930308078,0.9864382674760774,0.9876444192345072,0.9875296793890218,0.947104733169535,0.9757315229866143,0.9757728306595971,0.9755468820074715,0.9393870809856874,0.9823544149279931,0.977172838326377,0.9852803140534303,0.9846301018004628,0.9262614921827961,0.9022593606167794,0.8712924097205867,0.9163104201070488,0.9294027357285198,0.9295486286241673,0.9279518427115294,0.9268213061193649,0.6575259580880587,-0.5334548307101389,0.9803907982131057,0.9752629297978512,0.9728960198817356,0.9872860912540927,0.9736369831583231,0.9840099251509632,0.9840055705741666,0.9435821329252526,0.9843379722952845,0.9349507901347788,0.8154846406831132,0.9287824396982077,0.9406830460062652,0.8312617446695281,0.9585116049831476,0.9592183308111414,0.903568206968436,0.9703702942894011,0.889572229053604,0.5683385593575662,0.7307101968012506,0.8975500372013935,0.8708873254778015,0.8887352077819572,0.9775793126624721,0.9777299430984203,0.7906170182049206,0.7599101134287463,0.8181038269605656,0.4743659369598725,0.8043681994999242,0.8219145588609175,0.8169888682631993,0.8132188445427591,0.8010101372204734,0.757970339457478,0.7428933701343974,-0.29146493906183696,-0.43599686921442316,0.7179266319134725,0.8906013439257493,0.9283463429010614,0.939761575833997,0.9049124455087845,0.8292370990395581,0.9078942166396863,0.9217514210168923,0.9217325740598092,0.8533905216873938,-0.12117824010474393],[0.9991974270806915,0.9983334935477752,0.9935701821166042,0.9994180999586796,1.0,0.9867573396216069,0.9989627591917248,0.9985594853035861,0.9848791370066492,0.9985568744880153,0.9981668864199793,0.9980615736188109,0.9985729319447525,0.9985877440893642,0.9985902622599716,0.9990587318451878,0.9988576466393355,0.9992279320214972,0.9988245029886872,0.9988248183341789,0.9986278538690303,0.9985744695701584,0.9950967265390188,0.9824291648979282,0.9953093090669424,0.9790764821242514,0.9953477756329072,0.9927054786721996,0.9851321097513034,0.9623785469256444,0.9891695613879387,0.9919222168362427,0.9903482772963967,0.9721253559538215,0.9988183375141549,0.9988865414226464,0.9989156805507461,0.9986871056530483,0.9985605589712276,0.9988789316413419,0.9989076961081905,0.9991353526163984,0.9988412764938484,0.9988413016548913,0.9888409203216695,0.934357194048735,0.9536970412164186,0.9513885890702272,0.9421408421601755,0.9145842389613739,0.9517099281646708,0.9469458579165575,0.9558974260370408,0.9621991950651195,0.9507050539864503,0.9814024757924362,0.9813260097945705,0.9907935129171711,0.993892579128826,0.98292369249422,0.9760607445658044,0.9816646467995007,0.9827623243955549,0.9820716414440905,0.9819361350270706,0.9443703285746271,0.9679866953531382,0.9609294271584554,0.96066794605435,0.9132447255799415,0.9794877784299685,0.975795813498707,0.9813781030196754,0.9806185794388563,0.9400529278220078,0.8849110133091863,0.8534352176860259,0.9030640166625581,0.9340847755684804,0.9210805941415432,0.9270369543153912,0.9261222292500753,0.7886428605729808,-0.5293451884744316,0.9746185616944913,0.9654293613623772,0.9641674949177738,0.9837031275329915,0.9642972680936424,0.9779682043233624,0.9776743507715626,0.9354853871632841,0.9791388389942743,0.9371539640463071,0.8056922413994269,0.9411623371591296,0.9588660875373212,0.800794301850146,0.947913058787389,0.9491902976532206,0.8989379706625444,0.9748275290583073,0.893215338880824,0.4060398670474056,0.6787969860029027,0.8990820364965618,0.8542956923464415,0.8952855566486554,0.9808679043367351,0.9809824694401156,0.7594058148310175,0.7454934563851542,0.7632159256226112,0.454147574450356,0.7226722631493732,0.7673800711813581,0.7632790346098569,0.7287990434410488,0.7897584443426225,0.7451793435732627,0.7292419639298674,-0.4878886373872813,-0.5710709078358445,0.7125521798805748,0.8867637875984242,0.9170487000005675,0.9371416643492149,0.9042806878497509,0.8145752698791008,0.9015197968210624,0.911650360866499,0.9111548060043076,0.7954309529283158,0.08976129311222346],[0.9833633412454964,0.9900418938839929,0.9914432195880871,0.9843752991571684,0.9867573396216069,1.0,0.9801978668912339,0.9816341045277388,0.9934337072617194,0.9810827196692222,0.9773015219071797,0.9764247466475092,0.9814461090828576,0.9819436309464299,0.9817002229098983,0.9813132681825797,0.9850480867858191,0.9822074293730884,0.9820571958299814,0.9820801825758486,0.9804992450854965,0.9816042219120401,0.9935746322786573,0.9932714023352457,0.9829762183836896,0.9882737848516775,0.9835251534579449,0.9748009458818973,0.9875957970789028,0.9743773625875056,0.9579083146898517,0.9642039336864319,0.9741770793868352,0.9654378791699476,0.9799679958502927,0.980428481778268,0.9812701012377237,0.982363035136606,0.9773609757249708,0.9808862064991808,0.9792458698028816,0.9810813640203697,0.9802304491069156,0.9802593768066928,0.9960556070064202,0.8893669697602495,0.9325797356393929,0.9342244825047202,0.9428118268681149,0.9035408957023041,0.9175137544173929,0.9126665628690888,0.9205106227411312,0.938738270722867,0.9181851721171863,0.948929077289495,0.9554563908165485,0.961989223309403,0.9673991334390298,0.9738138458013352,0.9893803561643059,0.9762668520409596,0.9866586609637491,0.9758819185354616,0.9753613315199334,0.9771097012104509,0.9743001832770679,0.9561527413647697,0.9556302308382291,0.9519155741503869,0.9855059178149617,0.9784487404534233,0.9747158330714522,0.9735889085714491,0.9687867848458356,0.9111494921330787,0.8700488101971131,0.9258916602637086,0.9277504149809601,0.9371918877226609,0.9185416105584728,0.9164894894181814,0.7767446935144021,-0.47186907602516687,0.9841861153031672,0.9856605100096087,0.9824023180018706,0.9746059371864602,0.9776159132303962,0.9828240657007533,0.9824447253235272,0.9704764644258029,0.9730911851818135,0.9702381615424158,0.8178855567995106,0.9052236442973023,0.9594939627836937,0.8461560956248405,0.9473737700984236,0.9482810440820446,0.8668499899645276,0.9595134726863926,0.8312085257046194,0.4861900268100041,0.6929050732272535,0.8412735609548039,0.8200082015908465,0.8312445668320638,0.9591547905733634,0.959209433101621,0.7425068228392443,0.7351027525373253,0.7499159065592438,0.47778584548536496,0.7487829905467845,0.7549995949643116,0.7488437364743268,0.7477734985526784,0.779278645313278,0.7150763953016104,0.7029569026698964,-0.31689225047436237,-0.4474632134304511,0.7249681519233544,0.8524867506829482,0.8648022179296259,0.8840819093664842,0.8612652381142483,0.7854147930752394,0.8463803376719449,0.857312254359795,0.8573479038985193,0.8009339527663611,-0.07747412790271112],[0.9978506295814038,0.9940933713844918,0.9894325921812148,0.9980651606851483,0.9989627591917248,0.9801978668912339,1.0,0.9976761086481634,0.9572308876107471,0.9996367861647694,0.9996082938761988,0.9996387140490554,0.9985307675178897,0.9995043001143897,0.9992452767427447,0.9998943993236367,0.9968383286955078,0.9999044850086991,0.9994291756065348,0.9994335444285977,0.9997327515264333,0.9993771823654712,0.9909250663719703,0.975498747044463,0.9867129289982205,0.9294693275355108,0.9940338253168284,0.9933700092878293,0.975748425813183,0.9559029115522044,0.9916599406898691,0.9922095108670977,0.9939840756671935,0.976811227320742,0.9990846068351978,0.9998644599666738,0.9997369145999668,0.9995035790128819,0.9997882303028769,0.9998509307137501,0.998623694227852,0.9997557089714963,0.9994373200833168,0.9991196182320485,0.9800198991625407,0.9405979231046712,0.9561066179101649,0.9540240957958104,0.941292176885881,0.9127138257441824,0.9591769997297588,0.9494048384966048,0.9615513203590953,0.9651826946876823,0.9557287895257814,0.9826629429460408,0.9826402396189851,0.9923914013461896,0.9965029605161734,0.9543244665385838,0.9628434662981613,0.9737715137259165,0.974114392635717,0.9752188893378618,0.9542234848528386,0.903502566418159,0.9582734574975712,0.9633256008662923,0.9460054927489522,0.8930544868322883,0.9695553259161673,0.946957677588012,0.9709131678452949,0.9546786325674664,0.8076878972192982,0.8760917554339517,0.8053352218928499,0.8893401561028152,0.9052336626378844,0.9093717037617287,0.8902994573884163,0.9012645581031786,0.4108200463016266,-0.5691570675343536,0.9646985349767531,0.9501109037958135,0.9504561185381446,0.9556974443488795,0.9595318425230578,0.9709421265966782,0.971032414880324,0.922641712782322,0.9695325115234535,0.8618600582554227,0.7987168192268445,0.9413658975778977,0.938717490913823,0.8173596338963575,0.95581295923091,0.956655472469318,0.9033032406839704,0.974244517964942,0.8340021005537336,0.5660340741441034,0.7252363140947151,0.8585384124454187,0.8534485376120508,0.840027941083838,0.9812656666287412,0.9814349693657645,0.7832680436040342,0.7432584236092267,0.7837083006840546,0.4473220256945122,0.7844661506625747,0.7975178551952535,0.7888613093160947,0.796756333224746,0.7875422942610871,0.7521517979656166,0.7352236114489508,-0.3038871383166395,-0.45623086245651434,0.7238076572402403,0.892228895185714,0.9221283478800543,0.9416045184418996,0.911596289607484,0.8315960584510584,0.9102277408832598,0.927116769654631,0.9256634721600714,0.7809518787702301,-0.09358050210925316],[0.9963939942446258,0.9919804448601202,0.9902514517021147,0.9967703547168277,0.9985594853035861,0.9816341045277388,0.9976761086481634,1.0,0.9677476411997619,0.9999998377739716,0.9999993589540435,0.9997817564345898,0.9999971013210361,0.9999932518805201,0.9999983633328889,0.9993725423471254,0.9920239114745422,0.999498597575471,0.999913605929667,0.9999132498775237,0.999967320204884,0.9999988301793803,0.9914908938809442,0.9772655315768985,0.9933326295642857,0.9432845161513903,0.9945263040424286,0.991898170112481,0.9779361526462134,0.955524151229472,0.9880311855851356,0.9939317881213617,0.9926431379513602,0.9740595504706879,0.9994907627007305,0.9995998633036327,0.9996959526069182,0.9997590896689725,0.9993115132092465,0.9995410030534841,0.9983326859004871,0.9989230899360294,0.9995629966685743,0.999436190996643,0.9818181337850713,0.9405477488934249,0.9538029789004266,0.9575258303170706,0.9409959539702312,0.9040669586129223,0.9574132433999659,0.9451740802196784,0.9594660917920353,0.9600835153757856,0.9501465465295029,0.9807094794082277,0.9799574059931542,0.9914571487482887,0.9968737799099888,0.9500949484958817,0.9599954030011851,0.9688045669748827,0.9719094219226359,0.9705859945402978,0.9528619423178236,0.8985961137200075,0.9547567335042496,0.9579420835082783,0.941502471912231,0.8844420830088129,0.9675921167222076,0.9418977131409639,0.9664713005167674,0.9507454027275845,0.7979272048030304,0.8702176876779546,0.801673749277509,0.883404627446234,0.8995428562748938,0.9060572511553217,0.8866701006437592,0.8956888437670124,0.39597432016118844,-0.5721938721239035,0.9617034958119465,0.9458186290112105,0.9462087810981504,0.9540372613315359,0.9564507601191578,0.9680184543162018,0.9680969335699281,0.9199240285333773,0.9641659879251916,0.8540275548372005,0.7964644948841602,0.9528391362497562,0.94856308688047,0.815072520168141,0.9558526462873275,0.9568314070469905,0.9008160752070283,0.9778342888496615,0.8363387751600532,0.5516086012465811,0.7169331509050746,0.8590488423366929,0.8501846100897089,0.8416482325334961,0.9834629875291191,0.983634166496443,0.7747956619238137,0.7363733321597654,0.7845024586913604,0.43633365721610456,0.7793880097035689,0.7928239298317725,0.7888123856134346,0.7911401711414323,0.7819622111692457,0.7466468709982674,0.7292104700799452,-0.31875020678919586,-0.46997224821661704,0.7127080156612836,0.8851560190713113,0.9194031263749844,0.9342761390043929,0.9060998378816518,0.8214665537610448,0.9039147251429425,0.9208581681747868,0.9196423234518161,0.7630532878246913,-0.07683996641575613],[0.9716589465711872,0.9879668172266485,0.9915454538570899,0.9736409115629441,0.9848791370066492,0.9934337072617194,0.9572308876107471,0.9677476411997619,1.0,0.9827673051179848,0.9874143108624153,0.9898737020440669,0.9713446323162948,0.9796675644278471,0.9762066294160723,0.9742993071183595,0.9507088653556673,0.9791414670400508,0.976864195993616,0.9768370825252256,0.9812471165804398,0.9760704993632134,0.9938378243577266,0.9934620766205429,0.980253389617035,0.9902766315319461,0.9834335236223349,0.9910702094838502,0.9909584565821146,0.9706353484179676,0.9274112101548839,0.9490309030852216,0.9661551965271993,0.9528601670743061,0.9706659095203878,0.9791811459462229,0.975729780287119,0.9780749078525494,0.988501025843805,0.9803900864856963,0.9670292460907984,0.9765195866566978,0.9715419297915426,0.9705489818046351,0.9990682499089796,0.9065887199375694,0.9265512207341107,0.9536499999877478,0.9427754190836622,0.885149041057353,0.8878286297645493,0.888614561583745,0.8919176302262286,0.9194425590732112,0.8988821021065682,0.9303111834209196,0.9474135174789214,0.9524601797327137,0.9609215294731229,0.9101063296042655,0.9703086246655579,0.9508993052367735,0.9693716846052587,0.9508894737271063,0.9092353509412366,0.9222592674099268,0.9488784688654466,0.9238120340334138,0.8894746875614894,0.8923568393893051,0.9708900617090032,0.9269439155550173,0.9483611426883167,0.9125665612861721,0.842611923616361,0.8667297360702914,0.7514731498896651,0.8841798719121735,0.8914726039603608,0.9047075547555371,0.8546268586295686,0.8728122206300196,0.44935182566951315,-0.4998266241731432,0.9615507607733363,0.956261362079602,0.9542790014436351,0.9082288873637205,0.9527090602260391,0.9599033051052038,0.9593541950766876,0.9411174133605349,0.9460196066404367,0.8849332862480558,0.803449662925528,0.9453389542183961,0.9642877061110755,0.8226093600726142,0.9395421560062124,0.9409979015182569,0.8554818866963221,0.9691191797028338,0.7425604314545374,0.4388313496852837,0.6594273627132954,0.7760947201945224,0.7795061143530589,0.7542652026529048,0.9684796506549508,0.9684708391321634,0.7057797160900031,0.7007184305518118,0.6771340736545598,0.43208157481629283,0.6949439415235152,0.6957078559780291,0.6759094534905101,0.6963304392746138,0.7570204105346587,0.6894217973169118,0.6746765882806276,-0.3578962333302851,-0.49463549647964655,0.7237310508098266,0.8401663448176454,0.8305441001864641,0.8626752912386939,0.8585000743919848,0.7591990792169164,0.8151179437215031,0.8366068990367733,0.8303979642803967,0.709456758889946,-0.011815866401639381],[0.9965568848561909,0.9919853174747235,0.9928406621523477,0.9969824587965654,0.9985568744880153,0.9810827196692222,0.9996367861647694,0.9999998377739716,0.9827673051179848,1.0,0.999999165585517,0.999786220282164,0.9999985392045446,0.9999922137910437,0.9999979134708464,0.9997056963749988,0.9979898303292817,0.9994976634345041,0.999890986188432,0.9998909518722925,0.9999789723503687,0.999999364282188,0.994007633130892,0.9790484711637688,0.9964681275118865,0.9750282610613291,0.9965502753752055,0.9918897706694069,0.9822795823478995,0.9568858387613015,0.9899363244024774,0.9939208392863715,0.9904003861520457,0.9709756485735914,0.9995300041720883,0.999594174368066,0.9996074606736994,0.9998441806425401,0.9993227672826362,0.9995482884939625,0.9985705827684397,0.9989682556538294,0.9995375822322822,0.9995332627451551,0.9862810115278497,0.9404200751002618,0.9538319331427478,0.9573918042432348,0.9408768749149905,0.9041714769608137,0.949868934284919,0.9413257471959174,0.9534776715670329,0.9584613079606037,0.9484831264876928,0.9801419273543048,0.9799893355641808,0.9920004672234194,0.9967321926828732,0.9734563719594932,0.959900042703629,0.9720852704416421,0.9718559707708685,0.9726461023040857,0.9724737139237423,0.9318080325398852,0.9546740627117123,0.9514861335805859,0.9512304794300177,0.9014357552669754,0.967510854718136,0.9662945063291574,0.9720709466436327,0.971155535914652,0.9263681906220042,0.8702383770740175,0.8331882913595947,0.8832527989109412,0.9176471435060997,0.9066654121120472,0.9117338268682071,0.9110051137145915,0.7447279982686305,-0.572957629435383,0.9616672327710074,0.945793963206888,0.9461983369342725,0.9744346022780881,0.9518041890746549,0.9677203746481251,0.96740965165801,0.9206489367443558,0.9690927267970995,0.922576415787343,0.7964598318586217,0.9525990044048989,0.959460779608124,0.8008513229291835,0.9501751781070582,0.9512951248062158,0.9008882503493444,0.9771022801368636,0.9012184860031853,0.4483853539779684,0.6954707814208536,0.9070350983914417,0.8621889474321003,0.9031871250656031,0.983422763715107,0.9836226658313035,0.7748643765107601,0.7361498770945061,0.7780204452940809,0.4364351653137979,0.738301409288523,0.7824676694467259,0.7781162331398366,0.7465217816388137,0.7817559681887248,0.7466463797980414,0.7291884244272802,-0.5321120779037326,-0.6155163510494647,0.7117973524744979,0.8851488276696854,0.9203252806615114,0.9393431364583438,0.9061202130017203,0.8184399071374067,0.9023833249755744,0.9144655547415806,0.913962278507616,0.8074644236977658,0.1498374321661178],[0.9947012524979807,0.9920162362874677,0.9967522304473655,0.9953702233055232,0.9981668864199793,0.9773015219071797,0.9996082938761988,0.9999993589540435,0.9874143108624153,0.999999165585517,1.0,0.9997851444902989,0.999996419818831,0.999995088166447,0.9999984196409614,0.9996931543804531,0.9977330866767167,0.9992665998590131,0.9998006289925186,0.9998006922798983,0.9999984690129261,0.9999984485646354,0.9934855700097219,0.9755592222221942,0.9956089947756108,0.9831081289159923,0.9961697628942149,0.9919017498914655,0.984569630926593,0.9502771543496921,0.9894580818846678,0.9936134492720632,0.9847366631804096,0.9482985133106236,0.9993370982064703,0.9993892364351715,0.999334292300118,0.9999027982657576,0.9993077668863264,0.9993439865265492,0.9980910176797234,0.9986179964642392,0.9993147200746186,0.9993126634037112,0.9887445591016982,0.9401636595427849,0.9239646499673024,0.9573604722755784,0.9408205864778733,0.903916246773998,0.9228621861728638,0.9141928722499303,0.9269624653307211,0.9350548557261669,0.9214222954759567,0.9734485324629145,0.9734266083257563,0.990932791045738,0.9954072407669458,0.9657664192585664,0.9600402577691775,0.9597088275862745,0.9630655646024353,0.9608525120056919,0.9606374191925251,0.9088683805755072,0.9444937087045197,0.9172713842489529,0.9168285259799696,0.8369622903492399,0.9657364760196288,0.9707403547772453,0.9674713544629321,0.9663622282292123,0.919929979829632,0.8117815949002519,0.7781736296196623,0.8503181105487904,0.8998819454214113,0.8715516943899078,0.88565563232791,0.8844638646843603,0.7485072005881306,-0.36717080090215964,0.9497440559993389,0.9459546730215652,0.9463188108941863,0.9667997863114745,0.9384555885234179,0.9521806419848942,0.9515528716396735,0.8951258393619892,0.9546242034897018,0.8990134698340067,0.7966265665752518,0.9528860632224126,0.9638478323796338,0.7053421836164643,0.9137378941845143,0.9161945019855579,0.8602999754586474,0.9859353984084672,0.8483364859223359,0.10336821545586071,0.5519355519604222,0.8601792259550274,0.8290372328641433,0.8552393962986563,0.9866511619825907,0.9866682750927436,0.5482972445484094,0.6551419386186647,0.555437182586269,0.4363853391388353,0.5245039914561785,0.5652962282148957,0.5562442084078502,0.4950585715387033,0.7714095266818255,0.6218869242584132,0.5841733948840235,-0.4924561227845835,-0.551756621338908,0.7112981512734914,0.8660157892192358,0.8782766000362239,0.9122178373703833,0.9001373159295488,0.6961133401866406,0.8568371427229033,0.8719959029193617,0.8713486461495745,0.6281143789792606,0.10379650207757934],[0.9939103507815898,0.9932543020733424,0.9959302551314124,0.9947819197594063,0.9980615736188109,0.9764247466475092,0.9996387140490554,0.9997817564345898,0.9898737020440669,0.999786220282164,0.9997851444902989,1.0,0.9997989303710687,0.9997855866847178,0.9997907456725991,0.9996896740936337,0.9983393695365085,0.9994500440451339,0.9999726429417868,0.9999724049484645,0.999790155662371,0.9997948623301727,0.993174639801007,0.9729276233942288,0.9945721969833257,0.9840153616311025,0.9953066832929426,0.9941297110403895,0.9811740905029711,0.9329849665510705,0.9921385394473627,0.9947285330642543,0.9807672401924638,0.9316285251592957,0.9994660662330691,0.999509046071067,0.9994726025111063,0.9996223128275149,0.9996428985562112,0.9994871037612272,0.9979900407083176,0.9986500562581847,0.9994527105264764,0.999449707834423,0.9901131568067135,0.936074871263276,0.9124899138556566,0.9543772500154935,0.9391843939311783,0.903747198423774,0.8918239608502767,0.9264512689927932,0.8950405337499916,0.9144969572752414,0.8902997407871291,0.9626351672157523,0.9626221102761737,0.9826943922166491,0.9950757548234185,0.9644175317734355,0.9644266893285395,0.9547031348615367,0.9606877809157357,0.9568729347060309,0.9567226313713217,0.9088315585909478,0.9350121368819897,0.9010711040627859,0.9008293179686949,0.8218981469145539,0.9648768891135338,0.9667508516205551,0.9667425222802473,0.9660491449375884,0.9268547525986717,0.7694560346092868,0.7342176064896453,0.8206880929000103,0.8805963686723356,0.8404862769082245,0.8613128074472993,0.8605565143898759,0.7335480760538527,-0.2363992867239227,0.943710194065349,0.9478206401608564,0.9433484551809533,0.9650580535675591,0.9380562863515931,0.9468671934352717,0.9460369115120998,0.893452016359711,0.9488958520996007,0.8961603848393308,0.7548160223294597,0.9505865745674105,0.944474551305948,0.5939266414234395,0.8646290851841933,0.8687080898414757,0.7650965963803266,0.9803656549142731,0.7420631217205865,-0.26329039047118824,0.2988852748611092,0.7649738122426976,0.7220631489426714,0.7588766423106713,0.9814337250893189,0.9815222532160832,0.2548853519317965,0.41261664920377505,0.2606184740159541,0.23256263513554334,0.2525242087979446,0.2672959156425579,0.2649211625636473,0.18164450362477147,0.5884922427190549,0.32543113188346,0.2737028804158833,-0.503258862941334,-0.5517061587033629,0.7113970041755867,0.7699688484594912,0.7928635863127357,0.8574493535746879,0.8349146707592587,0.6048097851287971,0.7812450683944804,0.7879803466330175,0.7870174080527953,0.45328052686081566,0.2916278805132402],[0.9964837424961289,0.992065975231048,0.9900972974364372,0.9968438737916229,0.9985729319447525,0.9814461090828576,0.9985307675178897,0.9999971013210361,0.9713446323162948,0.9999985392045446,0.999996419818831,0.9997989303710687,1.0,0.9999916406466076,0.999997694328584,0.9994167654026861,0.9936095495915458,0.9995357732044121,0.9999230777130971,0.9999228905260285,0.999974103316947,0.9999989992159445,0.9913687826453954,0.9770680324642158,0.9939742441214128,0.9481423617627339,0.9944772782932862,0.9919990705555315,0.9777351869444656,0.955462860128894,0.9889424266776466,0.9940197238535945,0.9927261476675767,0.9741835007888662,0.9995334105479682,0.9996379488032456,0.9997253088099942,0.9997572083916632,0.9993646458036103,0.9995801116343547,0.9984163595809197,0.9989862498497313,0.9996052570915259,0.9994793458732397,0.9815662356290857,0.9407804203972989,0.9539496128227193,0.957429902884372,0.9410195913896144,0.9046005775921467,0.9577678575448334,0.9455527498941566,0.9598224819503418,0.9603975621148118,0.950528629134336,0.9809600392955283,0.9801374906191402,0.9915865818972563,0.996959799672979,0.9503275128155945,0.9599798225002987,0.9689548954035585,0.9719306725479195,0.9707352567698525,0.953047247462246,0.8984967959648533,0.9548585573552627,0.9582040941410305,0.941825014341366,0.8845344879688615,0.9675743427959317,0.9420123274086959,0.9665980814856008,0.9509617130393219,0.7977979523292774,0.8704215024866684,0.8020803927701373,0.8835949381827677,0.899719626424656,0.9061480854962456,0.8869560162969289,0.8959633290344843,0.3960337469316432,-0.5723160349462142,0.9617534392757797,0.9458816918931562,0.9462736284229891,0.95422628239754,0.9564982554535948,0.9680906901927154,0.9681715813852321,0.9198466697011582,0.964335894923873,0.8539667171719874,0.7964932179936733,0.952318047545772,0.948067917643226,0.8150623213297534,0.9558444199930708,0.9568156013244766,0.9011571953910439,0.9776970492809737,0.836845389376849,0.5527326623298289,0.7175729963583413,0.8595377345183023,0.8507185919837181,0.8421449837153684,0.9834035057266889,0.9835748510015058,0.7754000894964852,0.7368556975788385,0.7851279163997893,0.4369099465945173,0.7800514920889504,0.7935223972834293,0.7894531870916932,0.7918516239018979,0.7822883898657512,0.747099827563043,0.7296766299881157,-0.31785087324332967,-0.46918194673265246,0.7130579720603052,0.8856754293480382,0.919894214526346,0.9348140150105876,0.9065846538375528,0.8220245352506474,0.9045047536900962,0.9214542101133266,0.9202298521089833,0.7637334844676706,-0.07789271808005184],[0.9965133667588975,0.9919787074319012,0.992155335012195,0.9969574800625216,0.9985877440893642,0.9819436309464299,0.9995043001143897,0.9999932518805201,0.9796675644278471,0.9999922137910437,0.999995088166447,0.9997855866847178,0.9999916406466076,1.0,0.9999954124490875,0.9995973953092896,0.997953110089879,0.9994965305190088,0.9999091368952866,0.9999081710598683,0.9999569625999499,0.9999920069686109,0.9932367533884551,0.9775087273560458,0.9961894169461634,0.9691255681331299,0.9959814011867648,0.9918755972697063,0.9782458800060408,0.9556863106624264,0.9893791006651151,0.9941161126532627,0.9920381120034567,0.9737428515772455,0.9995164437431598,0.9995928125896234,0.9996485128104239,0.9998950632196045,0.9993321805239024,0.9995316456059686,0.9983007406124107,0.9989130068505663,0.9995375842874977,0.9995311375176283,0.9841403822933775,0.9405675371710356,0.9537515916382614,0.9573722501548932,0.9408692174263963,0.9041780227161194,0.9531933805728903,0.9391872608158137,0.9555147233320062,0.9598074711139777,0.949813048435902,0.9796511462824111,0.9798330950817158,0.9909242511844275,0.9969614175523588,0.9745014312340067,0.9596528212427898,0.9736531205509386,0.9718714653458069,0.9745899815021432,0.9744082330661028,0.9408912720996574,0.9544299460335324,0.956891463439858,0.9566268465291871,0.9179934882104356,0.9675373838763328,0.9692133189523706,0.9740772552075901,0.9730967917294817,0.9344354023992497,0.8700273065792614,0.8381863952955455,0.8831040952504691,0.9096760724844283,0.9059032277883439,0.9066088961246338,0.9055811241756851,0.7231301476263982,-0.5728041215028038,0.9616950997470506,0.9456494067088898,0.9459380277406431,0.9754960038330213,0.9565244823741422,0.9680238713680409,0.968121314637633,0.9199902964325782,0.96969288159332,0.9309384959843446,0.7964082998422181,0.9524060117090497,0.9526436482886955,0.8144000334317485,0.9557366014875452,0.956653581801598,0.9007666395733103,0.9780234869281343,0.886989886288725,0.5518658080357512,0.7164352536618466,0.8948952592198947,0.864294695844781,0.8860438007884421,0.983654820181744,0.9838519642206317,0.7740297972400364,0.735684671337845,0.805859931918098,0.4364768067302837,0.7872227502641058,0.8101747530105043,0.8047091965926073,0.792602075570287,0.7818634187697492,0.7454179034016614,0.7280029142852641,-0.40736201669777267,-0.5295891295579369,0.711344661803153,0.8851493182870274,0.9164462082807902,0.9304622261528057,0.9064426821405398,0.8204909825916619,0.8931973849840864,0.9097632707894836,0.9093686634810249,0.8416701507717196,-0.04461470008854987],[0.9964349942350851,0.9920334034682903,0.9903033557035986,0.9968108840599431,0.9985902622599716,0.9817002229098983,0.9992452767427447,0.9999983633328889,0.9762066294160723,0.9999979134708464,0.9999984196409614,0.9997907456725991,0.999997694328584,0.9999954124490875,1.0,0.9995012112599063,0.9972742465548899,0.9995130890004547,0.9999161900479376,0.9999155516947733,0.9999681720676113,0.9999977440430824,0.991533023744865,0.9773263956355207,0.9955663144101305,0.9608980526831676,0.9953697373095876,0.9919602699828438,0.9779876659632292,0.9556803687606681,0.9914080738840972,0.9942739347508502,0.9925961801020988,0.9739792443237729,0.9995014009950469,0.9996007271117457,0.9997024657532069,0.9997732891492003,0.9993357324023124,0.999538321225041,0.9983556760130001,0.9989377732214773,0.9995720898905379,0.9994477591392061,0.9818190099369297,0.9406087659913553,0.9538220530071311,0.9574960631407389,0.9410348062287083,0.9043004612633684,0.9574862800145943,0.9452962273982731,0.9595685925826165,0.9600389023259304,0.9500682764386108,0.9807316013375631,0.9799061328332992,0.9914297819192212,0.9968396702405945,0.9503629042734305,0.9600388846773369,0.968956282314112,0.9719905129998444,0.9707249667580391,0.9526869008414199,0.8987877704689197,0.9546884092680876,0.9580034747417508,0.9416942248230801,0.8845654688551211,0.9677246550946352,0.9422093941293158,0.966656255775084,0.9510268006194103,0.7982381446125006,0.8702322241636152,0.8019144219010945,0.8834573569452492,0.8996988209630985,0.9060711198548103,0.8868106036816392,0.8958439272622852,0.39630959471367166,-0.571897299387662,0.9617922073718627,0.9458951905889028,0.9462847387306411,0.9529511712241125,0.9566127295527369,0.9681002154753547,0.9681757506586819,0.9201061342619238,0.964318734134179,0.8542649739993575,0.7964745126456815,0.9525908035889962,0.9484782529402476,0.815087148563565,0.9557904499345813,0.9567729596502327,0.9006423384554744,0.9778502424747361,0.8363640952115801,0.5514304753894645,0.7168233449725179,0.8590530867387088,0.8502970683295261,0.8416701872928507,0.9834975036895788,0.9836658842971717,0.7744288234150729,0.7360634640303251,0.7844796286386692,0.4365563420497945,0.779364297393694,0.7927446568584016,0.7889579523672563,0.7910429166211821,0.7818892657791703,0.7459523438701109,0.7285490210257647,-0.3185726932103466,-0.46979096258240616,0.7128942355119584,0.8850690697322401,0.9195170600219036,0.9343104628207075,0.9061423806017698,0.8212710469976784,0.9041029450764015,0.9208866116297965,0.9197838846577989,0.7631386380411178,-0.07709387810407381],[0.9977582150048602,0.9940104143572748,0.989782272657542,0.9979989181508264,0.9990587318451878,0.9813132681825797,0.9998943993236367,0.9993725423471254,0.9742993071183595,0.9997056963749988,0.9996931543804531,0.9996896740936337,0.9994167654026861,0.9995973953092896,0.9995012112599063,1.0,0.9985138314853211,0.9998620209451474,0.9995820804632204,0.999586468557055,0.9997864765614005,0.9995701156795131,0.9911990398471167,0.9763491259057386,0.9943060038696492,0.9539800661398257,0.9939739885459785,0.9932546616553855,0.976314001890834,0.9562390092746698,0.9917959652347705,0.9927812928146831,0.9934196503916761,0.9759369498610492,0.999310192677063,0.9997481795353785,0.999736409220585,0.9995994815663493,0.9996431532922834,0.9997067466252996,0.998905194059795,0.9996142988668141,0.9995355573823546,0.9993094461669065,0.9805271538705096,0.9393187434854314,0.9557919141873306,0.9550850613787182,0.9419582497856882,0.9103971392403009,0.9594186700826858,0.9495402769163086,0.9617711705994239,0.9638586030333817,0.9539737668807696,0.9825972646441129,0.9818031565330382,0.9923164930251634,0.9963992854568907,0.9546336857282927,0.9634948953351175,0.9735114197260177,0.974425420950519,0.9750343083253924,0.9553707442472552,0.9037444842018475,0.9579248531562691,0.9628764177232899,0.9463145093342239,0.8921021704566595,0.9701312306308513,0.9468413606625788,0.9707356237493754,0.9551509793185382,0.8060350636983835,0.8753902290340025,0.8060362411252106,0.8886055824785458,0.9043882422078843,0.9086655240780075,0.8903361078238973,0.9007868346425002,0.40698084164152587,-0.5692195782169521,0.964937999222969,0.9504896458740228,0.950745893694538,0.9568099983641412,0.9601348259330177,0.9710683122037704,0.9711452851747929,0.9239436579070459,0.9691329940401485,0.8611610559881147,0.7982622521742245,0.9444034057162841,0.941118062978998,0.8173513916558691,0.9558447243208779,0.9566487792181486,0.9007693348422604,0.9746342881399568,0.8356815069136582,0.5610613725070155,0.72168