var element=document.getElementById("correlationClose");if(element.style.display!='none'){var correlationClose={"data":[{"type":"heatmap","z":[[1.0,0.9999906941920197,0.7107579651043987,0.9997582381065732,0.9982477559826758,1.0,0.9931467484374108,0.990118290215233,0.990118290215233,0.9936416638126753,0.9789148701714004,0.9881097134285285,0.9931792082426207,0.9935146897495147,0.993221208273226,0.6947271714462255,0.5983644836493894,0.22448894320838986,0.9939025946591669,0.9939036060830287,0.9860127500388901,0.9931764601380276,0.3608870039764176,0.7747820868985357,0.9840144799233984,0.9840144799233984,0.9839962565869607,0.9796283609611712,0.29555793273114256,-0.14796251912821365,0.9889626130360355,0.9889243293345974,0.23621257287390526,-0.23502555495221478,0.9950316385708132,0.9953462680518093,0.8662222397873508,-0.3403755139094243,0.9912711618601753,0.9954214511583166,0.6715158689681414,0.20482005071788234,0.9951464054783496,0.9951466108657232,0.9951464054783496,0.910962382732675,0.6603198153582831,0.9340951835416454,0.937317887805365,0.8615382199444748,0.3836488021474321,-0.19004626168399724,0.23165080288505768,0.953522397623061,0.36083662470137234,0.9753741491019335,0.9724075433400572,0.9817597781872056,0.9891957467216644,0.9392971018722451,0.9494166733380003,0.950773963600184,0.9404702171797341,0.9481265769737222,0.9487730666555058,0.9481265769737222,0.9031077770259597,0.9293571017895896,0.9301894384192212,0.9293571017895896,0.9353242217119364,0.8164408622411117,0.908811440308656,0.910080735084145,0.908811440308656,0.746923088579454,0.4410954357458244,0.7375121121900942,-0.5187837749906501,0.6434794398215353,0.6535899077719071,0.6543936803940525,0.6535899077719071,-0.07032978162416996,0.9232265946273027,0.9523641018663411,0.9388517685175105,0.9406901508060258,0.2285785408347348,0.9178276122619685,0.9184546721371171,0.9178276122619685,0.9212750461032001,0.9212750461032001,-0.09509444902462505,0.6084668318765116,0.13565380846879913,-0.7191892126719576,-0.6056038120371924,-0.6093241708421642,-0.16668124656505545,0.1615049676854907,0.18678009936361692,-0.041102479627836884,-0.600798861319767,-0.04752539639163799,-0.797323821607795,-0.3167309523971754,0.18239771909172564,0.1844230384448934,-0.5857550101183081,-0.5679792446406194,-0.30431661728723064,-0.5285385215612931,-0.8098473484599084,-0.42932997462926414,-0.42253951372291804,-0.42932997462926414,-0.25647393749238107,-0.37890730536948,-0.37890730536948,-0.7980757380561999,-0.7980757380561999,0.48010486062911734,0.633466535775177,0.8487896754917947,0.8424246684617412,0.7561482012823519,-0.3533340128963444,0.7472518587635877,0.7712400823850545,0.7713186181774728,0.7712400823850545,-0.15559702890879948],[0.9999906941920197,1.0,0.9840804427131788,0.999571996821206,0.9963440604124176,0.9999906941920197,0.986425973903006,0.9818868490657012,0.9818868490657012,0.986343870438951,0.9762575794834113,0.987119323728437,0.9864615820601089,0.9863913395249179,0.986328640725293,-0.012362767351972467,-0.10582339021269664,-0.4776400340053656,0.9892462789278353,0.9892445855381574,0.9864955006925296,0.9864987148948572,-0.20645044668586457,0.9820788975120837,0.9826768559519399,0.9826768559519399,0.9826996414266742,0.9798110516250715,0.06535382157805956,0.08779107350090709,0.9831826217138319,0.9832165208361047,0.6877619952845004,0.01887205710641537,0.9913826825221801,0.9913867581023826,0.9919169638276721,0.987312141566882,0.9905323056694992,0.9914388254824429,-0.06167146735459684,-0.4817840731759869,0.9919441015965393,0.9919427810984471,0.9919441015965393,0.9109520493656997,0.5127429713337865,0.9343796806195395,0.937444825440087,0.8611170160573453,-0.20590290343462322,-0.4612623390813302,0.8608066740905044,0.9031559835834111,-0.2591978787536889,0.9452244689913468,0.9453514601742649,0.9661224303808975,0.9786662316496836,0.9601493220553471,0.9649093779558445,0.951899757800506,0.9538040313122111,0.9545728147870259,0.9548756939468815,0.9545728147870259,0.8858920828561319,0.861586980075864,0.8626280281891213,0.861586980075864,0.9616755398470632,0.964081074013285,0.9615943431981481,0.9622586942002332,0.9615943431981481,0.7062605212836279,0.6659417361773552,0.7366094734979239,0.7901382319627983,0.7125351807579702,0.7326166897439327,0.7336706628816378,0.7326166897439327,-0.06819612299169986,0.9322919836820969,0.9493510411341608,0.9437874251256023,0.9642101234900772,-0.33169560336804954,0.9294443340303629,0.9295654259615672,0.9294443340303629,0.9346396857312499,0.9346396857312499,-0.17735120832435258,0.6090602511548646,-0.3718296177600213,-0.8053135819895528,-0.4695994691961624,-0.47372507673380065,-0.4031004477089573,0.2980165323066161,-0.2726143165883635,-0.5224139495795944,-0.760870464524354,-0.3742684631445995,-0.46881024948555705,-0.4400982032037401,0.15210031800129833,0.14997606065426272,-0.4923063712853343,-0.46230885848593567,-0.4904829623272071,-0.5223225196275406,-0.5139115202504163,-0.49277945922863137,-0.4962938607145466,-0.49277945922863137,-0.38869601795826414,-0.5561605854194754,-0.5561605854194754,-0.5197597397421003,-0.5197597397421003,0.4800433154933293,0.3765885208489134,0.5131763495855313,0.6374714459476027,0.5339298367101325,-0.4443816978369673,0.40884004272091035,0.3202944810035913,0.32048410400548927,0.3202944810035913,0.21226321761352465],[0.7107579651043987,0.9840804427131788,1.0,0.7084849054012019,0.6552658442466759,0.7107579651043987,0.6887641336616886,0.6823721721314994,0.6823721721314994,0.6471334357038899,0.6196426755668425,0.9945206973322717,0.6887885575078732,0.686288167788137,0.6888977072123258,0.3627546939773191,0.3118703264908465,-0.23947414522131152,0.6563614314254894,0.6563585584738464,0.6272698070113867,0.688482683675465,0.1462308216867518,0.8229973775391011,0.6734569484816735,0.6734569484816735,0.6732467075283732,0.9899863531767294,0.2692540761625194,0.07848001588547251,0.6440663676964892,0.6437232506234767,0.5923688444138114,-0.07547607358865534,0.6840019157769753,0.6391417117282409,0.6465265242698035,0.27856915060857257,0.9932136970185111,0.6376787004747185,0.34512085870859976,-0.24929750023341793,0.7011001669019212,0.6826254196257485,0.7011001669019212,0.9080597519702966,0.4308091210886126,0.9462753303201443,0.9293993710848101,0.7793858141112897,0.23917990653916232,-0.08327786545647217,0.05702321294470306,0.5897454111251422,-0.07806731516759483,0.6283386961478711,0.6098545244745475,0.6255984710096488,0.589754408512464,0.041798501446192675,0.8324055193734377,0.7692385246357131,0.7018330393927552,0.7746295187258203,0.7883305232232871,0.7746295187258203,0.6111208725344753,0.6988912656684392,0.736147218691426,0.6988912656684392,0.7483999064313333,0.7041664122964918,0.7567231114987389,0.7914189930045735,0.7567231114987389,0.5186582312140682,-0.08042755619970708,0.5319512728603363,0.08583508488441523,0.49307444405645584,0.2711925164923406,0.5424752862221177,0.2711925164923406,-0.11534880376593429,0.6838316929760565,0.9052154461746861,0.7439068255254756,0.7938699996640061,-0.09525538332181632,0.713978620397046,0.714452759738942,0.713978620397046,0.7596941292652367,0.7596941292652367,-0.1899951754743781,0.70527293012008,-0.17292946631333433,-0.7383336608599348,-0.46705634702568116,-0.4707313269246712,-0.4394096880682322,0.14094082398665359,0.019156759234619854,-0.3667025822631902,-0.7180901965146461,-0.18688874845187117,-0.3533640006757439,-0.29927909083250337,0.07407274711409131,0.07345236197236468,-0.5085322048093868,-0.09348667779191627,-0.2814069312618266,-0.5267580282972081,-0.239588233229748,-0.42865027122361793,-0.314006565803136,-0.42865027122361793,-0.43794802575361474,-0.5638826648387468,-0.5638826648387468,-0.3316558858746851,-0.3316558858746851,0.4344010889988894,0.23607906633840156,0.30804743453563743,0.5456705318945526,0.3277413556042369,-0.40279520724004203,0.0051075442756630335,0.4671493751466907,0.56117751683502,0.4671493751466907,0.016785517822215847],[0.9997582381065732,0.999571996821206,0.7084849054012019,1.0,0.9990081318450151,0.999758238106573,0.9941950086708226,0.9915812130148142,0.9915812130148142,0.9948818198044528,0.9773360572341406,0.9908052038292292,0.9942185172310484,0.994813747753698,0.9942392736985436,0.6937317345613874,0.5968842908152614,0.2103747722292764,0.9947813824015108,0.9947827123937442,0.9860212441950141,0.9942067662905095,0.35240331616580045,0.7789374918145368,0.9862573966458139,0.9862573966458139,0.9862383798000921,0.9844623453401893,0.2912768074437631,-0.15369962283571512,0.9881656133077783,0.9881345591825275,0.22833610082632266,-0.23539225900834243,0.9954177117098428,0.9959269182700312,0.8365761148421904,-0.34430874252113364,0.9932112426414137,0.9962006804548692,0.669949949201688,0.19045337817319535,0.9936630803992251,0.9954518084016215,0.9936630803992251,0.9090887312577156,0.649083576592532,0.9365760797104443,0.9346641029114408,0.8479701303259339,0.37930106631235694,-0.1942591179686012,0.22705841050339592,0.9487820748573064,0.3459585802638223,0.971166144372285,0.9697881977721495,0.9797298396553575,0.9889120438859418,0.9229807274918399,0.9449039370871744,0.9411470075628111,0.9377204033245699,0.9355247025013452,0.9363795670891707,0.9355247025013452,0.8973527758344354,0.920488722990712,0.92141377604582,0.920488722990712,0.9329401980106057,0.7692449517059068,0.8784306630257404,0.8797892565783788,0.8784306630257404,0.7413586007817422,0.1915709368060262,0.7305876299114108,-0.5234372031000678,0.6400908311084419,0.3915356693896236,0.6283585883724752,0.3915356693896236,-0.07573059870005985,0.9196821408619003,0.9475834608396183,0.9335873796625342,0.9226415090128276,0.2151149440553679,0.9148875596969641,0.9156334240934936,0.9148875596969641,0.9068228800382162,0.9068228800382162,-0.09917744362002946,0.6250521004638316,0.14067425747290546,-0.7275258628186373,-0.6115066102903598,-0.6151573360762498,-0.17741918909586726,0.15768914149475222,0.1808130677350338,-0.05320497241413166,-0.6110017836373242,-0.05282314626911401,-0.8020163732267225,-0.32351646492158115,0.17369750821214172,0.17578600260837204,-0.5914219239550905,-0.564708031083869,-0.30453073070683445,-0.5373051134941799,-0.8107119242015591,-0.42988077531751934,-0.4236267245699575,-0.42988077531751934,-0.2637010093529524,-0.38708255740000097,-0.38708255740000097,-0.7971978804156538,-0.7971978804156538,0.47203933050366914,0.6233197046337731,0.8411845143437024,0.835195725503079,0.7496551242308841,-0.3647072449580651,0.7387379552643846,0.7627248267345829,0.7628080995186483,0.7627248267345829,-0.14122533348694538],[0.9982477559826758,0.9963440604124176,0.6552658442466759,0.9990081318450151,1.0,0.9982477559826758,0.9973841978848947,0.9961836136555934,0.9961836136555934,0.9975988263715859,0.9716874220760436,0.996661118451738,0.9974009353634917,0.9974671154971553,0.997422596731152,0.5759318505537552,0.45275603275726745,0.00431453071180824,0.9977447475817625,0.9977462619490802,0.9884562798622908,0.9973889276150184,-0.005914989371280604,0.7666852252086773,0.9932624456371304,0.9932624456371304,0.9932260590932442,0.9915962637132485,0.06860660160104197,-0.13743132435538588,0.9871345271957149,0.9870626592201662,-0.06342566461941862,-0.14387596198840483,0.997790206719581,0.9977097096146584,0.8329802121141899,-0.45511288148861234,0.9977474598451375,0.9980559819531115,0.5385114392077157,-0.019662135506834252,0.9977374272145875,0.9977430494064662,0.9977374272145875,0.920757296706763,0.6176396984279677,0.9440822092978488,0.9330228016768674,0.8276358984182246,-0.05290616576040193,-0.5842151103194104,-0.1383510357249134,0.9405425629674785,0.20251742655101101,0.9693638002138353,0.9694334321196554,0.9831445203202233,0.98958285363332,0.9226903417767863,0.9293272253210852,0.9319053955147234,0.9267847949548216,0.9303621438611828,0.9307757189414763,0.9303621438611828,0.8768141378103823,0.8847854094057513,0.8858269542960813,0.8847854094057513,0.923216436682893,0.8509509073732259,0.9059859409798037,0.9068075162224447,0.9059859409798037,0.7083825455313797,0.6143112242507462,0.7010058720293676,-0.5238090669394538,0.6862509747171752,0.6698002155275689,0.6698978375649294,0.6698002155275689,-0.08167800275059767,0.9046048270881535,0.9278287935159407,0.9148760051760827,0.9297627864099629,0.061269655638272455,0.9033351003318449,0.9043076785427037,0.9033351003318449,0.9079397956501192,0.9079397956501192,-0.13455010453586674,0.6675454415342609,-0.004142755595886178,-0.7521911611689563,-0.6529701392830535,-0.6540561243550164,-0.20470320948896156,0.18090354463386096,-0.20073097034630583,-0.2918304994839758,-0.6708042082483735,-0.3997434251194601,-0.8388547880161624,-0.5831632088357582,0.1458419260536275,0.14781482097244558,-0.6142162575478108,-0.5611787600189571,-0.5632383193268649,-0.5719646273185491,-0.7646515904361947,-0.6112709185009482,-0.6145669453305889,-0.6112709185009482,-0.29706367419582347,-0.41583023457792456,-0.41583023457792456,-0.7354361655425439,-0.7354361655425439,0.4595920631630573,0.6091050843344028,0.8036430822462283,0.8057211337464624,0.7432113039334156,-0.4830679685079333,0.6216025316901783,0.6644857046074077,0.6646916263106648,0.6644857046074077,0.08525927450360389],[1.0,0.9999906941920197,0.7107579651043987,0.999758238106573,0.9982477559826758,1.0,0.9931467484374108,0.990118290215233,0.990118290215233,0.9936416638126753,0.9789148701714004,0.9881097134285285,0.9931792082426207,0.9935146897495147,0.993221208273226,0.6947271714462255,0.5983644836493894,0.22448894320838986,0.9939025946591669,0.9939036060830287,0.9860127500388901,0.9931764601380276,0.3608870039764176,0.7747820868985357,0.9840144799233984,0.9840144799233984,0.9839962565869607,0.9796283609611712,0.29555793273114256,-0.14796251912821365,0.9889626130360355,0.9889243293345974,0.23621257287390526,-0.23502555495221478,0.9950316385708132,0.9953462680518093,0.8662222397873508,-0.3403755139094243,0.9912711618601753,0.9954214511583166,0.6715158689681414,0.20482005071788234,0.9951464054783496,0.9951466108657232,0.9951464054783496,0.910962382732675,0.6603198153582831,0.9340951835416454,0.937317887805365,0.8615382199444748,0.3836488021474321,-0.19004626168399724,0.23165080288505768,0.953522397623061,0.36083662470137234,0.9753741491019335,0.9724075433400572,0.9817597781872056,0.9891957467216644,0.9392971018722451,0.9494166733380003,0.950773963600184,0.9404702171797341,0.9481265769737222,0.9487730666555058,0.9481265769737222,0.9031077770259597,0.9293571017895896,0.9301894384192212,0.9293571017895896,0.9353242217119364,0.8164408622411117,0.908811440308656,0.910080735084145,0.908811440308656,0.746923088579454,0.4410954357458244,0.7375121121900942,-0.5187837749906501,0.6434794398215353,0.6535899077719071,0.6543936803940525,0.6535899077719071,-0.07032978162416996,0.9232265946273027,0.9523641018663411,0.9388517685175105,0.9406901508060258,0.2285785408347348,0.9178276122619685,0.9184546721371171,0.9178276122619685,0.9212750461032001,0.9212750461032001,-0.09509444902462505,0.6084668318765116,0.13565380846879913,-0.7191892126719576,-0.6056038120371924,-0.6093241708421642,-0.16668124656505545,0.1615049676854907,0.18678009936361692,-0.041102479627836884,-0.600798861319767,-0.04752539639163799,-0.797323821607795,-0.3167309523971754,0.18239771909172564,0.1844230384448934,-0.5857550101183081,-0.5679792446406194,-0.30431661728723064,-0.5285385215612931,-0.8098473484599084,-0.42932997462926414,-0.42253951372291804,-0.42932997462926414,-0.25647393749238107,-0.37890730536948,-0.37890730536948,-0.7980757380561999,-0.7980757380561999,0.48010486062911734,0.633466535775177,0.8487896754917947,0.8424246684617412,0.7561482012823519,-0.3533340128963444,0.7472518587635877,0.7712400823850545,0.7713186181774728,0.7712400823850545,-0.15559702890879948],[0.9931467484374108,0.986425973903006,0.6887641336616886,0.9941950086708226,0.9973841978848947,0.9931467484374108,1.0,0.9977463296636228,0.9977463296636228,0.9999732410646227,0.9669834120015471,0.99972429778199,0.9999969284490318,0.9999884756626621,0.9999940855672318,0.7951321965337641,0.778092673211906,0.18406786192718125,0.9998753742256051,0.9998758845180803,0.9909037903618908,0.9999970814635778,0.27936513831369775,0.7724222563292124,0.98685632086343,0.98685632086343,0.9882753796046885,0.9926581733089146,0.22849274604230005,-0.20168932591806651,0.9914412035700861,0.9915214932606485,0.14424595885651278,-0.2755187606306972,0.9993964868145664,0.9995175801833207,0.48901349015967915,-0.29224868508819624,0.9992226528326791,0.9994997334755489,0.7699395751033297,0.16288038100619553,0.9495447241704521,0.9991706031188865,0.9495447241704521,0.928234123802057,0.6256837122885109,0.9509910587691828,0.9322253048595353,0.7980607298914967,0.4211670942216562,-0.1312349745662864,-0.1736348411467852,0.9384016705182535,0.32015535510704507,0.9698909903182334,0.9672896889619956,0.9811298242969294,0.9953018950853035,0.013340624478430247,0.8954923728275623,0.8575111339141918,0.8973631004135835,0.8528791478717218,0.8195614275273155,0.8528791478717218,0.8441237784067863,0.8251982570613113,0.8151689745965761,0.8251982570613113,0.893141649265096,0.45596666856201234,0.6451560990693425,0.6940829120280118,0.6451560990693425,0.67765804664863,-0.32288317254764093,0.6571420309446314,-0.5912603386700654,0.5761468281922538,-0.055205383307774414,0.5039284843898371,-0.055205383307774414,-0.11637186417808386,0.8720766147554742,0.8954952356582961,0.8818833202613193,0.7948826310037681,0.18676379087849054,0.8701420872449924,0.8712463673651462,0.8701420872449924,0.8018771673960239,0.8018771673960239,-0.1684462152582394,0.7058755841316151,0.2200702211194154,-0.7285263311333546,-0.6485761525811582,-0.6518169490352071,-0.21318823186349536,0.10967012906847845,0.30598918046399315,-0.07573851617883313,-0.6169484286715493,0.016688735240788143,-0.8289845441685768,-0.2182565258370199,0.11317427817790814,0.11530693236842454,-0.6308040644953898,-0.5795678916398719,-0.13805022781435483,-0.6043718181698771,-0.8277707268485404,-0.4192064631634909,-0.25817508442115866,-0.4192064631634909,-0.3245504947453601,-0.4218194396631766,-0.4218194396631766,-0.819646443621952,-0.819646443621952,0.4578073847594708,0.5965302906173244,0.5192963459253332,0.8093430762034004,0.741646919256206,-0.40905473378217866,0.08051950115590142,0.7439515461935083,0.7622142538928097,0.7439515461935083,-0.08312060028419467],[0.990118290215233,0.9818868490657012,0.6823721721314994,0.9915812130148142,0.9961836136555934,0.990118290215233,0.9977463296636228,1.0,1.0,0.9996225958614057,0.9613890691881309,0.9989395853745433,0.9984442112507395,0.9994673444434002,0.9992489334511512,0.7915979392818594,0.7649908483863573,0.1628662542612271,0.9992710420857968,0.9992739015833025,0.9885372326284758,0.9993684841506099,0.2548889319212787,0.7746433398363808,0.9933741206951142,0.9933741206951142,0.9867062852488988,0.9905683393405572,0.21160079658942105,-0.21413267275416104,0.9878236739656144,0.9912435082046399,0.12631879173870658,-0.2812545244579978,0.9984586315701799,0.998479798507045,0.4739458588954603,-0.2978886174319819,0.9977011093444094,0.9984686307284472,0.7664801468559271,0.1413482579686293,0.9432411785803632,0.9982945470306009,0.9432411785803632,0.9264094689220067,0.6118271768399169,0.951657557768329,0.9312127583569416,0.7817917528222803,0.40911650116822285,-0.14510005563177472,-0.18479263947451177,0.9311964845404875,0.30072201329944953,0.9656152054464212,0.9627896955740001,0.9766709964426256,0.9942309500361526,0.005154914822468756,0.8880417953964118,0.845720636477161,0.8916158327342972,0.8420973191453525,0.8096427852731175,0.8420973191453525,0.8353922657915959,0.811246511623284,0.8043869110277126,0.811246511623284,0.8875117950259681,0.4403289280566944,0.6290789615963094,0.6806296570226132,0.6290789615963094,0.6691614457278029,-0.3356123208792106,0.6470918010647112,-0.5967871455790237,0.5710977950113905,-0.07453171341083646,0.49097031735546665,-0.07453171341083646,-0.12171892605687352,0.865556463893058,0.8866645644123461,0.8737109025646669,0.7826215556738089,0.16942756042711835,0.8642036290692627,0.8654844080477232,0.8642036290692627,0.7890200898667642,0.7890200898667642,-0.1813087121673498,0.7250135534912373,0.2259763166177269,-0.7371028035304878,-0.6595379354590074,-0.6626301865636053,-0.2266537417546454,0.10348093161298468,0.29893549862860463,-0.09400623894180926,-0.6283619907050279,0.007553814571598476,-0.8335338823125729,-0.22465305339882796,0.0997241253882592,0.1018986753075268,-0.6407622803281956,-0.5800803348765521,-0.14473990623282326,-0.6184349175274233,-0.8264741236210055,-0.4296844978548993,-0.2641892554412798,-0.4296844978548993,-0.33981234709273905,-0.43386220641480105,-0.43386220641480105,-0.816886067216181,-0.816886067216181,0.44290051983338746,0.5814520581542688,0.5021514210979285,0.7929773832844731,0.7302676800712258,-0.4283428176677045,0.06781027300724468,0.725966471241896,0.7472200375256527,0.725966471241896,-0.06660267683178107],[0.990118290215233,0.9818868490657012,0.6823721721314994,0.9915812130148142,0.9961836136555934,0.990118290215233,0.9977463296636228,1.0,1.0,0.9996225958614057,0.9613890691881309,0.9989395853745433,0.9984442112507395,0.9994673444434002,0.9992489334511512,0.7915979392818594,0.7649908483863573,0.1628662542612271,0.9992710420857968,0.9992739015833025,0.9885372326284758,0.9993684841506099,0.2548889319212787,0.7746433398363808,0.9933741206951142,0.9933741206951142,0.9867062852488988,0.9905683393405572,0.21160079658942105,-0.21413267275416104,0.9878236739656144,0.9912435082046399,0.12631879173870658,-0.2812545244579978,0.9984586315701799,0.998479798507045,0.4739458588954603,-0.2978886174319819,0.9977011093444094,0.9984686307284472,0.7664801468559271,0.1413482579686293,0.9432411785803632,0.9982945470306009,0.9432411785803632,0.9264094689220067,0.6118271768399169,0.951657557768329,0.9312127583569416,0.7817917528222803,0.40911650116822285,-0.14510005563177472,-0.18479263947451177,0.9311964845404875,0.30072201329944953,0.9656152054464212,0.9627896955740001,0.9766709964426256,0.9942309500361526,0.005154914822468756,0.8880417953964118,0.845720636477161,0.8916158327342972,0.8420973191453525,0.8096427852731175,0.8420973191453525,0.8353922657915959,0.811246511623284,0.8043869110277126,0.811246511623284,0.8875117950259681,0.4403289280566944,0.6290789615963094,0.6806296570226132,0.6290789615963094,0.6691614457278029,-0.3356123208792106,0.6470918010647112,-0.5967871455790237,0.5710977950113905,-0.07453171341083646,0.49097031735546665,-0.07453171341083646,-0.12171892605687352,0.865556463893058,0.8866645644123461,0.8737109025646669,0.7826215556738089,0.16942756042711835,0.8642036290692627,0.8654844080477232,0.8642036290692627,0.7890200898667642,0.7890200898667642,-0.1813087121673498,0.7250135534912373,0.2259763166177269,-0.7371028035304878,-0.6595379354590074,-0.6626301865636053,-0.2266537417546454,0.10348093161298468,0.29893549862860463,-0.09400623894180926,-0.6283619907050279,0.007553814571598476,-0.8335338823125729,-0.22465305339882796,0.0997241253882592,0.1018986753075268,-0.6407622803281956,-0.5800803348765521,-0.14473990623282326,-0.6184349175274233,-0.8264741236210055,-0.4296844978548993,-0.2641892554412798,-0.4296844978548993,-0.33981234709273905,-0.43386220641480105,-0.43386220641480105,-0.816886067216181,-0.816886067216181,0.44290051983338746,0.5814520581542688,0.5021514210979285,0.7929773832844731,0.7302676800712258,-0.4283428176677045,0.06781027300724468,0.725966471241896,0.7472200375256527,0.725966471241896,-0.06660267683178107],[0.9936416638126753,0.986343870438951,0.6471334357038899,0.9948818198044528,0.9975988263715859,0.9936416638126753,0.9999732410646227,0.9996225958614057,0.9996225958614057,1.0,0.9661084120861011,0.9996922107429732,0.9999742949224603,0.9999736056465183,0.9999771846615247,0.6275731110001829,0.5082707019988845,0.062249174113974334,0.9998352562517571,0.9998361364108066,0.9908483855204495,0.9999716506218257,0.05064286792464469,0.7556879376295292,0.9957228256681164,0.9957228256681164,0.9956858902534892,0.992574260360343,0.05702350789629386,-0.14584219096947398,0.9908960852840497,0.990853077019184,-0.04165886955002038,-0.2387799468218848,0.999457240607114,0.9994160115970085,0.8356841449372783,-0.45625549716365793,0.9991684304061468,0.9994720839854659,0.5921403056847784,0.03840245947099139,0.9993380474942986,0.9993431278947592,0.9993380474942986,0.9281453026198146,0.6260503914948488,0.9509125914433365,0.932028990687237,0.7976720854820157,0.04157573348512338,-0.5411011013565242,-0.09875206381129033,0.9353248473363446,0.26517330770587305,0.9675822146493549,0.9672695832708824,0.9834482005763039,0.9945817919000373,0.8996312985494288,0.8965400819058829,0.9098711562554572,0.8986247991799768,0.9082624342929014,0.9087715448647241,0.9082624342929014,0.8443950353871981,0.8671033675732983,0.8682127087682028,0.8671033675732983,0.8947269752671471,0.8180527358410716,0.8805213212514853,0.8814770574614356,0.8805213212514853,0.6778847630591722,0.550957547011459,0.6577831525362758,-0.5834226784392927,0.6262444239930389,0.5990557163971534,0.598997973584111,0.5990557163971534,-0.06692547547985843,0.8732468862992497,0.8955983383874904,0.8824897202168164,0.9072323442451217,0.09997290788632451,0.8753154804867387,0.8768294950075909,0.8753154804867387,0.8800601272080057,0.8800601272080057,-0.16991118002571154,0.7065865736859477,0.02335858794977363,-0.7401837734030864,-0.6797746362164684,-0.6812852902936233,-0.2165740242239437,0.11386888399875723,-0.20504146019411218,-0.25783190220476676,-0.653419579546923,-0.42527730290502125,-0.8597880694390563,-0.6155909961602255,0.11279969882610046,0.11490931466643994,-0.6321472700845777,-0.5756031782357702,-0.5736485658600812,-0.6057507638825231,-0.7918107108892509,-0.6342589153776315,-0.6367720259635969,-0.6342589153776315,-0.32664723616346686,-0.4253603307053272,-0.4253603307053272,-0.7728351856700492,-0.7728351856700492,0.4582169472239895,0.5949163487680668,0.8145681478300606,0.8153966675921195,0.7397411543753644,-0.43533463587363486,0.6506491624750887,0.689543952865832,0.689725218330716,0.689543952865832,0.15352702091213125],[0.9789148701714004,0.9762575794834113,0.6196426755668425,0.9773360572341406,0.9716874220760436,0.9789148701714004,0.9669834120015471,0.9613890691881309,0.9613890691881309,0.9661084120861011,1.0,0.9554575771170061,0.9670025131292721,0.9669468980732017,0.9667691268083265,0.37903354205997186,0.2580475489156085,-0.17132678171428156,0.9706772362910218,0.9706592435257901,0.9670949797861843,0.9670873567951739,-0.043891133247881936,0.7927402572966928,0.9682855750820931,0.9682855750820931,0.96843361323865,0.9201343786026105,0.14519398120123586,-0.13365990799181562,0.9722894278409498,0.9723755206748128,0.09839982725215084,-0.021205960577773623,0.9736827516959601,0.9738893692152267,0.9022709076098154,-0.32770287114505225,0.9622310932754226,0.9730139544956093,0.33702469572902716,-0.19082183011192363,0.9746106953604945,0.9745831927184361,0.9746106953604945,0.8510053783375212,0.4382210530063731,0.8733571005983153,0.92283481456508,0.8853338354393365,-0.45806432383632445,-0.6653981556116638,-0.1672645311735403,0.9071326588321488,-0.046003932741215496,0.9310790854997154,0.9311347175720884,0.9465328624221206,0.9705026332512309,0.9017070481962663,0.9047698770069046,0.9121634832184264,0.9044572108140165,0.9061003185124333,0.9065546276422292,0.9061003185124333,0.8670498980111139,0.8425080614701226,0.8435718376646757,0.8425080614701226,0.9009531046515944,0.912978289523354,0.8991755011224992,0.8995913937812633,0.8991755011224992,0.7501748621046943,0.6950450548747926,0.7509400414423152,-0.2311791459475829,0.7616342987758223,0.7752690279358248,0.7772329261128905,0.7752690279358248,-0.21536570193267843,0.8997680467060913,0.9451823865574409,0.9121998372500895,0.9125555155993806,-0.060391741628874084,0.8945492032928749,0.8952435878038155,0.8945492032928749,0.9008435236838327,0.9008435236838327,0.030941862975282113,0.45155568147851477,-0.1481769585800401,-0.6869820433471279,-0.45667157276377335,-0.4593936464772886,-0.09580143953267385,0.444068195638413,-0.0034561983017524418,-0.2294411648799913,-0.5849898296014313,-0.1332160501782138,-0.7854245641347188,-0.2981077394238651,0.30697500893436613,0.30731387681021605,-0.4276755185992738,-0.43038110926733325,-0.39641853416043404,-0.40858155068438723,-0.6512933528474453,-0.4152589176714427,-0.4178618855455831,-0.4152589176714427,-0.16096118049245667,-0.46762538742341003,-0.46762538742341003,-0.5420666674173074,-0.5420666674173074,0.5831235813149895,0.6511638266275844,0.7574864312860523,0.7195151058842129,0.811293187674908,-0.5193473368720376,0.43615169512069435,0.5387838024750955,0.5391151218106218,0.5387838024750955,-0.10517696823800506],[0.9881097134285285,0.987119323728437,0.9945206973322717,0.9908052038292292,0.996661118451738,0.9881097134285285,0.99972429778199,0.9989395853745433,0.9989395853745433,0.9996922107429732,0.9554575771170061,1.0,0.999723640633119,0.9997202493523212,0.9996978185568675,0.10544266103718396,0.0006603650862753729,-0.5470663133518088,0.9998303116226214,0.9998319051994635,0.9997275905830606,0.9997266505650358,-0.2920964223319439,0.9746247237745206,0.9952029505919104,0.9952029505919104,0.9951860678338532,0.994010833373513,0.06059993241806892,0.05425384220787448,0.9927668263304866,0.9928088092378121,0.7493929316041259,-0.055643229428866514,0.9991988302297685,0.9991643125404392,0.999053040469519,0.9994823326935351,0.9995163993208583,0.9992299520519078,0.04922688677619023,-0.5543067218454245,0.9990139131945642,0.9990198503201602,0.9990139131945642,0.9233968008026205,0.47448920026767927,0.946969104356281,0.9283610962927938,0.7974733421289453,-0.3365078640416896,-0.5772919556679899,0.8425179014073313,0.871120439702575,-0.3440178237699894,0.9421727881591649,0.9423552583797622,0.9737295905337955,0.9940014690734256,0.9143677973832477,0.9191364255462783,0.8982368814775941,0.9032298350206073,0.9022811979136094,0.9027090131677487,0.9022811979136094,0.8123431177002671,0.7823749595012222,0.7837260498626762,0.7823749595012222,0.9206970403599851,0.9256178304525067,0.9196459515200204,0.9204413414421652,0.9196459515200204,0.6093118518687146,0.5605318244684228,0.639378442851124,0.7082904304520548,0.6219857526604666,0.6470570506537139,0.6490525112199838,0.6470570506537139,-0.2425630260359219,0.8708741338922305,0.8969849541258822,0.8876161437426732,0.9203262244467584,-0.35364724052770163,0.8671252185583642,0.86730085510161,0.8671252185583642,0.8743749478838082,0.8743749478838082,-0.22048098391974708,0.7009661035481157,-0.3944003729651592,-0.8208181162759157,-0.5409411397128313,-0.5441454939377525,-0.44275402391842317,0.2546930060119656,-0.3092080310455106,-0.552645190476423,-0.7815846257195727,-0.41549617760902285,-0.584006259168686,-0.4913165444358411,0.10549076511410316,0.1037466869001692,-0.560231357755268,-0.5346591161408119,-0.556040992832081,-0.5922102255249437,-0.5851267089770389,-0.5594158830210885,-0.5627425289749645,-0.5594158830210885,-0.45321914549254694,-0.6413224256758114,-0.6413224256758114,-0.6286455097046533,-0.6286455097046533,0.4539403027128263,0.3524779773327662,0.4938673835366506,0.6120863974916296,0.5375840340187859,-0.5734456453577043,0.35209060417043037,0.29776191814565944,0.2979948486157555,0.29776191814565944,0.2816048200734136],[0.9931792082426207,0.9864615820601089,0.6887885575078732,0.9942185172310484,0.9974009353634917,0.9931792082426207,0.9999969284490318,0.9984442112507395,0.9984442112507395,0.9999742949224603,0.9670025131292721,0.999723640633119,1.0,0.9999916292583731,0.9999955978842316,0.7951105913823785,0.7634475322215578,0.1841040943457497,0.9998765425269692,0.99987700233897,0.99093199333635,0.9999976182910322,0.2796450395464047,0.7724856191039386,0.9916686870357037,0.9916686870357037,0.9882697044116847,0.9926601361235633,0.2287296091066279,-0.20163619255240925,0.9914938373020837,0.9915279974713173,0.14445368284360458,-0.275488375168096,0.9993975974848173,0.9995197394993935,0.4889959493666598,-0.2920515753835452,0.9992236113181563,0.9995057798424618,0.7699041351701595,0.16292240100372557,0.9495332787882647,0.9991721644629296,0.9495332787882647,0.928230765159196,0.625800866023243,0.9510702199284283,0.9322953362215055,0.7981427698931642,0.42151143495377474,-0.13083592387506074,-0.17330077490482856,0.9384574907339281,0.3202048626237249,0.9699639517808051,0.9673306696177675,0.9812005243622189,0.9953122237081351,0.013515815952332592,0.8956086047206262,0.857590579190649,0.8974660816275591,0.8529574175329442,0.8195172578497031,0.8529574175329442,0.8442169630820238,0.8252481711291593,0.8151233130269478,0.8252481711291593,0.8932680769505885,0.4558663457795257,0.6451615529794249,0.6940119837123957,0.6451615529794249,0.6776543503727269,-0.32289678292004287,0.6571588322443604,-0.5911595242829276,0.5760832506940982,-0.055318524777781,0.5039622216534667,-0.055318524777781,-0.1164973591843195,0.8721558671811073,0.8956033253085715,0.8819712796508679,0.794877875241133,0.18680639623272557,0.8702214826775158,0.8713216641500793,0.8702214826775158,0.801936161868056,0.801936161868056,-0.16838661831750798,0.7058823392156147,0.22017281131091662,-0.7285657910417047,-0.6484974627912078,-0.6517428604820275,-0.21326644576111198,0.10957003194125953,0.30613912039812075,-0.07573600572594061,-0.6170081388304373,0.016919500614442393,-0.8287520340766557,-0.2179993376808242,0.11324795412519292,0.11539366204813399,-0.6307834993042537,-0.5793698555551315,-0.13783374614749677,-0.6043286559463322,-0.827671069124359,-0.4190104761903629,-0.25799692712253847,-0.4190104761903629,-0.32440302477487515,-0.42179277052990954,-0.42179277052990954,-0.8195933227269098,-0.8195933227269098,0.45822426158290164,0.596634655586488,0.5195143257565837,0.8095631991399455,0.741689157150862,-0.4088709888676846,0.08077574092876659,0.7441725283679302,0.7623125283425143,0.7441725283679302,-0.08314688453437105],[0.9935146897495147,0.9863913395249179,0.686288167788137,0.994813747753698,0.9974671154971553,0.9935146897495147,0.9999884756626621,0.9994673444434002,0.9994673444434002,0.9999736056465183,0.9669468980732017,0.9997202493523212,0.9999916292583731,1.0,0.9999893445180967,0.705289930299521,0.6043471236550871,0.18572075366559324,0.9998986237897572,0.999899291948334,0.9909198522298533,0.9999891940201097,0.27861968522595154,0.7694054069253246,0.9944811048986095,0.9944811048986095,0.9944515854754964,0.9926545213061535,0.22139971224919133,-0.20261437368480334,0.9919446871326763,0.9919461549796442,0.16566505483973545,-0.2750720718887177,0.9995665301171663,0.9995190191222948,0.8664548400216415,-0.37695994711660424,0.999218874806372,0.9995084911094104,0.6780865614395843,0.16456693825763039,0.9994706544797303,0.9994751452434382,0.9994706544797303,0.9281106475402859,0.6256490701197104,0.9508486747527747,0.9319826674815911,0.7971909396208432,0.30383181812307314,-0.2979642511739946,0.13547397900203023,0.9383410786658369,0.32061929307958364,0.9676083456144142,0.9673127923471798,0.9799708286069192,0.9955369540597804,0.9049778424693241,0.894919822762658,0.9146271268579261,0.8974045754124852,0.9133940996216341,0.9141176756855934,0.9133940996216341,0.8435515541518388,0.8842376190829166,0.885392985276403,0.8842376190829166,0.8931057719750554,0.8009600198349804,0.8836201565792926,0.8849441995742935,0.8836201565792926,0.6765652307987872,0.5411444041398207,0.6559957893233879,-0.5897300154872045,0.574790178669391,0.5719958794927794,0.5728488571412126,0.5719958794927794,-0.11898685102233188,0.8720463924043963,0.8950493778002374,0.8812930156494984,0.9110250544494791,0.18854664820314837,0.8701713062055726,0.8712748037396763,0.8701713062055726,0.8785532495461322,0.8785532495461322,-0.1686317966116922,0.7061030325299579,0.12362220514230342,-0.727703554265476,-0.6478648519122009,-0.6511036064827822,-0.2128163585831787,0.10888945194599764,0.0781108900720666,-0.0742699329239234,-0.6158682827732418,-0.17167898750826832,-0.8383253891534148,-0.4329303315384372,0.1124706445474595,0.1145970872256001,-0.6306314529957759,-0.5787248083050227,-0.4247009995778878,-0.603972717602099,-0.8200713385089106,-0.5331859464198091,-0.5294772495098059,-0.5331859464198091,-0.3237932151318965,-0.4218695180282541,-0.4218695180282541,-0.8108547455620142,-0.8108547455620142,0.45655706036661436,0.5965845589155669,0.8194519300507508,0.8129771448099942,0.7420090106112455,-0.4085263456981395,0.7044851620567062,0.7311582665404476,0.7312551440184977,0.7311582665404476,-0.05055967632455388],[0.993221208273226,0.986328640725293,0.6888977072123258,0.9942392736985436,0.997422596731152,0.993221208273226,0.9999940855672318,0.9992489334511512,0.9992489334511512,0.9999771846615247,0.9667691268083265,0.9996978185568675,0.9999955978842316,0.9999893445180967,1.0,0.7830290889791842,0.7028550303158894,0.18425306884789222,0.9998794813823999,0.9998798335983802,0.9910509691252306,0.999995497227652,0.28030029903104703,0.7723343330307477,0.99463861686363,0.99463861686363,0.9945570514332226,0.9925984065555374,0.22901303005706994,-0.20165323110725406,0.9924127542046053,0.9924522505692916,0.14516948923537518,-0.2753235982475179,0.9994403929757907,0.9995194200945992,0.48809803025702025,-0.2913689780718331,0.9991887114694691,0.999508132950158,0.7667003267690632,0.16309140789790522,0.9491343626540039,0.9992197237481197,0.9491343626540039,0.9284359385686679,0.6264083632689196,0.9511677114477385,0.9323640244326576,0.7979153768413598,0.4227654430062664,-0.1294296799463972,-0.1735297957848066,0.9387543521607813,0.32046662044605295,0.9703196323857257,0.9675960026479028,0.9814325774553256,0.9953544443665159,0.012559610052659199,0.8958294772323715,0.8574940365959337,0.8976493231369659,0.8528887054117409,0.8191019384114123,0.8528887054117409,0.8443864505043415,0.8251633661728394,0.8154115311870738,0.8251633661728394,0.893522724967935,0.4552393557469392,0.6447108003238369,0.6939921912068274,0.6447108003238369,0.677541329033916,-0.32398057097953814,0.657129766336726,-0.5913638458652323,0.5757718362088543,-0.05623904095836026,0.5036395808658881,-0.05623904095836026,-0.11646644731648131,0.8722639451039053,0.895412194590039,0.8820966251617021,0.7884024584788366,0.1871778319035279,0.8702856700788214,0.8713768782901614,0.8702856700788214,0.801751805845766,0.801751805845766,-0.16960592677400882,0.706600727959549,0.2206423971538694,-0.7285265913785178,-0.648822460514916,-0.6520719037711168,-0.21423765829497948,0.10850663071835458,0.30646550632766817,-0.0760747365244794,-0.6171548622290034,0.017031165735855246,-0.8280632065286027,-0.21782396371581988,0.11239536276612822,0.11454101143603336,-0.6313101298865186,-0.5795499703847009,-0.13728927583884826,-0.6053213427960363,-0.8277101223420474,-0.41894600749175576,-0.25747743426928266,-0.41894600749175576,-0.32519441849175873,-0.42218279401922976,-0.42218279401922976,-0.8199325864827638,-0.8199325864827638,0.45837148677291406,0.5963306588686775,0.5190778267569388,0.8099701714533603,0.7411939871217114,-0.40847282812767166,0.08017575644049474,0.7445802991716501,0.762913192053478,0.7445802991716501,-0.08290588695412615],[0.6947271714462255,-0.012362767351972467,0.3627546939773191,0.6937317345613874,0.5759318505537552,0.6947271714462255,0.7951321965337641,0.7915979392818594,0.7915979392818594,0.6275731110001829,0.37903354205997186,0.10544266103718396,0.7951105913823785,0.705289930299521,0.7830290889791842,1.0,0.9914401807268729,0.42955860382904704,0.7582461579229234,0.7582097313442937,0.6714480947523087,0.7815345052113494,0.33646433199061077,0.33498814659966686,0.7731565346246911,0.7731565346246911,0.7574999958172218,-0.2947629941739604,0.1956978544259524,-0.15619529857104403,0.8262083326515685,0.8227305137735247,0.16201636735009556,-0.20910977476424478,0.7897886543666549,0.6568417094164318,0.2429613678665025,-0.31696871583290515,0.119951894184809,0.6185472153721181,0.9983062515174398,0.41275135984914996,0.7146210364042017,0.7893735194666964,0.7146210364042017,0.06130046500801305,0.5071146989846839,-0.3546777062094193,-0.3784220913500062,-0.05488808313726922,0.3903937549056555,-0.053600745662191585,-0.21148597054728854,0.6444810902910523,0.39739735129979264,0.7918392187220397,0.6460678240471847,0.7476228512329159,0.7712535956294163,-0.10858610193740344,0.03112745874107092,0.5196202460282625,0.360601103309