var config = { responsive: true }

var correlationAdjClose = {"data": [{"type": "heatmap", "z": [[1.0, 0.9999932648112446, 0.9841807234477967, 0.9999208255216094, 0.9988455803747259, 0.9888051430744764, 0.9974162310289281, 0.995091953085164, 0.9953774837663231, 0.9795323819416375, 0.9915471647437553, 0.9952418076650467, 0.9944320879352317, 0.995148573793839, 0.9952902728018348, 0.996449907773419, 0.9981581981941668, 0.9958927709249595, 0.9959069020363123, 0.9959324080137218, 0.9951884931930312, 0.9851462657872573, 0.9682890310905381, 0.9874104444169889, 0.9862175828132635, 0.9791625734845354, 0.9623791687179324, 0.94090680477937, 0.9944528589231728, 0.994660401516892, 0.9917267681780765, 0.9745170235730168, 0.9973270751985287, 0.9976367952089558, 0.996988234268163, 0.9953090259101154, 0.994732264134066, 0.9974778658938668, 0.9975441826225616, 0.9987038659948406, 0.9972650851358011, 0.9972786101010311, 0.9762525240615688, 0.9233633775356551, 0.757371591109183, 0.8983252036062631, 0.9076607564671313, 0.8451430807239437, 0.9692026092777599, 0.9443987062096684, 0.9703963373293695, 0.9667191622851963, 0.9612272696790323, 0.986174025984783, 0.9825636349267388, 0.9834833011373513, 0.976100683369831, 0.985425458983459, 0.9826384381946444, 0.9860799998156257, 0.9858368203848483, 0.9634933264650218, 0.9656658544239773, 0.9708435096693999, 0.9705022119140418, 0.9424978343031799, 0.974468704814843, 0.9730296226590259, 0.9814024142502402, 0.9804881057285518, 0.9343965400930637, 0.8537433920856627, 0.8218587452506538, 0.8727391809731443, 0.90138093524225, 0.8956755466683182, 0.89975655395296, 0.8984143262884398, 0.6121101484790403, -0.5185036963714913, 0.9756188878636609, 0.9655824401406595, 0.9622506742585998, 0.9843941358472797, 0.9576194133133547, 0.980743931286883, 0.9806960166189791, 0.9432185991074099, 0.9810624677408885, 0.9477624413741024, 0.6102943283821789, 0.8461353004174262, 0.9116063107731558, 0.27025694570609543, 0.9165518541542551, 0.9378123856925323, 0.8082766430767849, 0.9552487322568294, 0.8961415951736652, 0.6628570362615525, 0.5055854010424131, 0.8918683869226542, 0.8615401156756758, 0.8881116382584208, 0.9665181181019822, 0.9667567804477183, 0.7375556718808337, 0.6994081618376944, 0.8277202171351625, 0.32917228729533404, 0.7944822997049208, 0.8319610101447746, 0.8184343389462125, 0.8165408397978399, 0.7383212983381705, 0.7387249588868783, 0.7183208838895162, -0.2327417007759606, -0.36676397840341024, 0.6221075315241757, 0.9005376353014036, 0.9464712335298057, 0.9503313523181898, 0.9198486045504206, 0.828261331063997, 0.9179474925452574, 0.9399061023380737, 0.9397124792986356, 0.8746678466378787], [0.9999932648112446, 1.0, 0.9810947055401152, 0.9997554380457713, 0.9973111087626182, 0.9901903850208463, 0.9925237555197649, 0.9877361352408566, 0.9877782636725356, 0.9658802288778991, 0.9903673959369719, 0.9880137041811969, 0.9878126228541062, 0.9878659508477651, 0.9879722301451609, 0.9930807463147353, 0.9950907450155776, 0.9914601214562704, 0.9914623739878347, 0.9878619118143752, 0.9879289548610961, 0.9869084269354502, 0.9585393137815299, 0.9828714293832291, 0.9824803154019665, 0.978991664247876, 0.9698720134334995, 0.9023334783234819, 0.9878615615291285, 0.9833955199844238, 0.9754424131513685, 0.9090181579577447, 0.9943349148595716, 0.9941403666569111, 0.9944398051015587, 0.9892158113455223, 0.9937977311871066, 0.9944220612476727, 0.9947621387885639, 0.9967252824098571, 0.994444820446388, 0.9944567079414414, 0.9847926072454888, 0.9231792013190302, 0.6314765388131691, 0.8983258500825204, 0.9083472029615494, 0.8452668559169715, 0.8823313298780971, 0.9125368990985232, 0.8862833173806569, 0.90106542540867, 0.8811277735853333, 0.9556339999379924, 0.9555311127371524, 0.971727727742302, 0.9762391231445398, 0.9694443531197938, 0.9689638556075036, 0.9724247801448261, 0.9723151683311948, 0.9303588659662162, 0.9391120644972326, 0.9011767224333311, 0.9010231025789424, 0.7864239090357599, 0.9663305637682956, 0.968880228323345, 0.9691663158065261, 0.9685265955540711, 0.9254211667436469, 0.6212975059393069, 0.5596350583070827, 0.7219340294897794, 0.8240391457577898, 0.7460261006093751, 0.7874061996131257, 0.7857025706292511, 0.550894121510852, -0.27269534332389933, 0.9522861401155399, 0.9602121669739578, 0.9519496943789563, 0.9727590815334036, 0.9261320807976867, 0.9574427634600107, 0.9563756484174433, 0.8925698082553237, 0.9608262827407332, 0.8992708109574419, 0.4087606720835542, 0.8450816428187817, 0.8453287276538655, -0.1326497281981723, 0.607595331467109, 0.712488580031742, 0.6201347725572217, 0.9515187295892066, 0.639144915894435, -0.20153889226006036, -0.05375629117019312, 0.606062494386862, 0.6142063606171656, 0.6612741650991503, 0.9532800779151342, 0.9530918102855388, -0.1070892727747042, 0.1231293581618595, -0.026747294065533896, -0.058329999410417666, -0.030949345133095964, -0.014572053610679897, -0.04572664394041473, -0.08569140676079721, 0.3074700432755585, 0.05809143640828264, 0.010813811225637932, -0.4580222485576754, -0.4879408872888646, 0.6221515653561176, 0.7428859466327437, 0.76537962729589, 0.8290236775364674, 0.8224853768236344, 0.5267818121711065, 0.7308331345886784, 0.763500494670353, 0.7621049101125537, 0.41237863719706513], [0.9841807234477967, 0.9810947055401152, 1.0, 0.9856399408032099, 0.9925156826068899, 0.9895607590966579, 0.9906421423594969, 0.990999184549666, 0.9942980863907787, 0.9534953936135762, 0.9967863691902425, 0.9909028793749882, 0.9928524179056035, 0.9910628619520161, 0.9909710917551308, 0.9915394817724987, 0.9896986927094179, 0.9895280397924324, 0.9894935564375443, 0.9928122539284782, 0.9909273166555169, 0.9931076747252294, 0.9780852562880235, 0.9904468736239717, 0.9908352735683883, 0.9773388345071797, 0.981088977866025, 0.9445559205745643, 0.9735792669454847, 0.9767743177537577, 0.9781664279594384, 0.9495725694895506, 0.9878855408860272, 0.9910058470269826, 0.9891891445110004, 0.9930288164816684, 0.9944655541296169, 0.9920073070506585, 0.9872606367179335, 0.9867604221177796, 0.9881588975486886, 0.987518558538221, 0.9901992458460946, 0.9233589599945149, 0.6990179460457125, 0.925938786784432, 0.8978228327468378, 0.7499669415859754, 0.9302021793015698, 0.8994340981276708, 0.9314015930614227, 0.9265465988594691, 0.9186150132837699, 0.9534658987873512, 0.9603172674519384, 0.9286543436802714, 0.9442187389959945, 0.951801718853911, 0.9570782289422745, 0.9524892346494265, 0.9267433472530875, 0.8909432793004892, 0.9219747004198681, 0.9222566124105694, 0.9059840943615822, 0.8567481400174903, 0.9567759286811658, 0.9342508800685649, 0.9524571242495788, 0.9306812450208151, 0.7578813917083495, 0.7905219838258739, 0.7277443785799287, 0.8115284333528178, 0.8592935603104426, 0.8560368048498243, 0.8292686716781202, 0.8428173842422318, 0.28521514721815555, -0.5239979544600556, 0.9425470585605291, 0.9115262770936191, 0.9172295544303433, 0.9291803869059572, 0.9234224951209586, 0.9483056832904362, 0.9479395704463971, 0.9061769921191414, 0.9451390278748306, 0.8280004887056176, 0.579758124505475, 0.9247573325711703, 0.9317330739807214, 0.20301155202535298, 0.8957868000098267, 0.9198979653570277, 0.793501934257582, 0.9765952831893927, 0.7788496643063849, 0.5717201287591986, 0.43311351503074674, 0.7854294055568715, 0.7863172171705475, 0.7739062536875204, 0.9804846017043651, 0.9805319848984384, 0.6552464824374161, 0.6319599017930638, 0.7156555904166639, 0.2567749404413402, 0.6887579580987199, 0.7122490779618352, 0.7273049303483633, 0.7085944365455427, 0.6896350735360494, 0.6630121686846566, 0.6405665283514558, -0.3095859759108782, -0.44296125543262654, 0.572200474804427, 0.859573422698098, 0.8969287326045312, 0.8980823270350127, 0.8924829818804556, 0.757257037040873, 0.8712005972099642, 0.8854451420665107, 0.8944039126522891, 0.7400869360410066], [0.9999208255216094, 0.9997554380457713, 0.9856399408032099, 1.0, 0.9991656790224909, 0.9897040657458577, 0.9977818380911304, 0.9956428378062819, 0.9960345581071178, 0.9792610911364955, 0.9931585050181776, 0.9957748423927892, 0.9951777922871816, 0.9956976252833953, 0.9958167856225187, 0.9969803362357592, 0.9984944915717574, 0.9963724998367551, 0.9963841998319162, 0.9964971225260727, 0.9957247367252497, 0.9864425552385075, 0.96962302884433, 0.9885525170999542, 0.9874711713656652, 0.9818926406786206, 0.964533325937274, 0.9421165007577776, 0.9939897363448471, 0.9943648096654103, 0.9918902159060963, 0.9742310816494185, 0.9975092788443577, 0.9979769626714791, 0.997326073389885, 0.9959095288376093, 0.9956656340147002, 0.9978582852113569, 0.9976748738132578, 0.9988188722396739, 0.9974375364329578, 0.9974481715448789, 0.9780862782264605, 0.9190438738907353, 0.7510223025560768, 0.8990191850690553, 0.9046083270234699, 0.8343719993818891, 0.9663484311229821, 0.9409509352830472, 0.9674278707401556, 0.964081645371321, 0.9584243396081669, 0.9841210922316603, 0.9810483642729195, 0.9815893568062934, 0.9740779354354263, 0.9837351055659661, 0.9816463838903893, 0.984309801020881, 0.984063062492718, 0.9487598864943148, 0.9638590386224357, 0.9690656560218639, 0.9687255766847698, 0.9354393494822396, 0.9736219235212141, 0.9690821132749114, 0.9794638145589607, 0.9785055544519884, 0.9042968716020526, 0.851478643828618, 0.8167964075440157, 0.8701516772650576, 0.897556371053263, 0.8946766216735067, 0.8965271920847386, 0.8952611298131459, 0.5054686653481795, -0.5187602640802552, 0.9742441375869577, 0.9629663477303029, 0.9597678971829167, 0.9825043514976902, 0.9561121686280825, 0.9795345945506704, 0.9794872122399894, 0.9418333581987025, 0.9791447220451344, 0.92565996118741, 0.6162118589392404, 0.8558345645574192, 0.9162549568290778, 0.27097936496715214, 0.9183265658884917, 0.9393351653587114, 0.8086814669564757, 0.9568188943828083, 0.8900433961315021, 0.6598474811089162, 0.503392710606016, 0.8868638180726965, 0.8580639356606603, 0.8827699780665275, 0.9676814875903051, 0.9679284544713821, 0.7367370081606199, 0.6998349584678588, 0.8198388332185995, 0.3314334517486367, 0.7889876798083796, 0.8237933254744793, 0.8103444002449756, 0.8113468468224962, 0.7414366117158931, 0.7389532286025668, 0.7186128772048281, -0.22812930468721465, -0.3660021450959576, 0.6200113387007472, 0.8987254418451024, 0.9448091293068035, 0.9487090506658262, 0.9188641694196986, 0.8255213932099504, 0.9160899406338454, 0.9378181604228364, 0.9377826585770784, 0.8669660740336024], [0.9988455803747259, 0.9973111087626182, 0.9925156826068899, 0.9991656790224909, 1.0, 0.9923835767583093, 0.9990353184146535, 0.9981997385840721, 0.998254149075299, 0.9723743070400057, 0.9974594842015216, 0.9982519025089888, 0.9980083710548531, 0.9982353541468313, 0.9983030160407377, 0.9985657039871495, 0.9991583059717739, 0.9986473295548257, 0.9986498922635302, 0.9983307392674358, 0.9982354831855347, 0.993352893948455, 0.9771755218572652, 0.9934069843982701, 0.9933208545641893, 0.9859359835863003, 0.9789524312121565, 0.9452977003269228, 0.990564882814174, 0.9927042217327469, 0.9897020551554845, 0.9648363706346235, 0.9989496635713728, 0.9989782897969133, 0.9989628127522028, 0.9983594653685239, 0.9984978092123852, 0.9990634357241649, 0.9991237646958183, 0.9988727624899635, 0.9989322779394543, 0.9989358651083089, 0.988649898593511, 0.9287485094480702, 0.7264406242042168, 0.9154012699796473, 0.907675403932281, 0.8138293914323814, 0.9505713331203842, 0.9270570411437786, 0.9542260527361782, 0.9551835879471707, 0.9493479509105632, 0.9800186277702391, 0.9799723974151129, 0.976919914852823, 0.9672421816199586, 0.9779608616155753, 0.9766828531527719, 0.9782764859343839, 0.9779637349494255, 0.9501816473519479, 0.9525008395622988, 0.9482390948070473, 0.9477715148726064, 0.8984970830325453, 0.970127448461338, 0.9668695560513583, 0.9739556788396532, 0.9729191106964374, 0.9281408278035487, 0.8245627885209105, 0.7761658383688717, 0.8505773629810391, 0.8986919955771645, 0.8785631583080972, 0.8878139771689167, 0.8865573652419565, 0.6623932282608633, -0.5917590832552564, 0.9661204706526855, 0.9491010743001058, 0.9474985262825355, 0.9781545288363304, 0.941097615425643, 0.9709841018161934, 0.970461671095423, 0.9294218299807028, 0.9731812705347336, 0.9340132703539178, 0.6014195357403777, 0.8810087022856142, 0.9379022477096318, 0.1768976586809258, 0.8936007146559469, 0.9214133389526155, 0.8019692947139644, 0.9630682325354916, 0.8775067196328253, 0.511997850825364, 0.39177834808196554, 0.8646096780374346, 0.8156835960233747, 0.8659120160048019, 0.9722727857913606, 0.9724628860336093, 0.6881959292236205, 0.6790103061052621, 0.7327719515765817, 0.30426805070125673, 0.6664422431136175, 0.7387324851050162, 0.7142443749068865, 0.6942726611002626, 0.7238603424428791, 0.7203844418347073, 0.6990135384371428, -0.4561872714383502, -0.530612141372695, 0.6064615680338941, 0.8908534186748537, 0.9282619968338942, 0.939547262195121, 0.9147883915795096, 0.800040227096304, 0.8970625042572548, 0.9213799511423957, 0.920868193903462, 0.7998428448815161], [0.9888051430744764, 0.9901903850208463, 0.9895607590966579, 0.9897040657458577, 0.9923835767583093, 1.0, 0.9891924203560303, 0.9889950848621109, 0.9884028272066927, 0.9656352728326867, 0.9784823321080962, 0.9889602758661501, 0.9900176457093146, 0.9890573860582245, 0.9891619749282978, 0.991984195842948, 0.990309798795706, 0.9899132984299351, 0.9898939643818645, 0.9878088365868873, 0.9889908311331294, 0.9961355746686024, 0.9909145441607587, 0.9885249116238314, 0.9882278562170583, 0.9655343044340127, 0.983914207599434, 0.9646373482647088, 0.9745665398798813, 0.9779726000190183, 0.9862595840565009, 0.9730473560007321, 0.989203088420156, 0.9893443368931859, 0.9901447909527402, 0.9899765519361458, 0.9816857812778966, 0.9900367651023599, 0.9895520806056661, 0.9892603489488672, 0.9892986475316081, 0.9892871991214017, 0.9942899691379837, 0.8834317666867619, 0.7351131675345292, 0.8743750226474758, 0.9065965814037508, 0.8426715270433119, 0.9391933257958017, 0.9133890555645884, 0.9408307904416366, 0.9473693047774263, 0.9373101243427382, 0.9642313101738721, 0.9687261252068204, 0.9666458136379905, 0.977738717720954, 0.9678692404870737, 0.9795026517826162, 0.9678304401101725, 0.9672491597266233, 0.9653075701389148, 0.957726972069546, 0.9429815700195573, 0.9424603520152708, 0.9277656805412778, 0.9761947719744957, 0.9685732331367438, 0.9675754525663088, 0.9658300764150278, 0.9456927018853423, 0.8507519067655883, 0.8027625170462963, 0.8711674607261906, 0.891899428210676, 0.8990439386330497, 0.8828061844130918, 0.8808510171629262, 0.6303735063897131, -0.4893184281140048, 0.9729312672833085, 0.9670978231070002, 0.9640338464187198, 0.9678299943298062, 0.9537454247627358, 0.9736229728437638, 0.9732894076493477, 0.9513805416875428, 0.963189470990341, 0.9512148107905178, 0.6155378660599982, 0.8142820375347906, 0.9327205260303151, 0.2764033479015837, 0.9069365297521832, 0.9265419999650976, 0.8051739381395865, 0.9531578075845886, 0.8484944037255183, 0.6130992480056804, 0.4857854783813946, 0.845809007292824, 0.8202211500759249, 0.8427495101074445, 0.9556228872033627, 0.9557045061201502, 0.7016673187871617, 0.6812370212979743, 0.7665991743781689, 0.3321816645046498, 0.7431952677263431, 0.7723103671565745, 0.7581073160016977, 0.7603215617036579, 0.7296136501437528, 0.711876865157422, 0.6935879538045495, -0.2591690131721578, -0.3847641924960913, 0.6542426586852979, 0.8887150832268376, 0.9065862292603913, 0.9144684444488832, 0.9026934559183103, 0.8027771888016857, 0.8753585228125601, 0.8982533249007805, 0.8982437162675485, 0.8436895694769632], [0.9974162310289281, 0.9925237555197649, 0.9906421423594969, 0.9977818380911304, 0.9990353184146535, 0.9891924203560303, 1.0, 0.9970682578635367, 0.9995153745452078, 0.9713976297629358, 0.9993928889479806, 0.9980678404575765, 0.9990511728611988, 0.9989836439772263, 0.9987497393132676, 0.9980903502846843, 0.9998549670282638, 0.9992277578632304, 0.9992331832409163, 0.9996380679491206, 0.9991947443242793, 0.9907556248947634, 0.9739675637908631, 0.9836823779282795, 0.9922507462764732, 0.9851212710264431, 0.9709920004648745, 0.9407145179922612, 0.9924610505437819, 0.9917378962203882, 0.9929509379419955, 0.9707777757872048, 0.998787028586188, 0.9998104655359424, 0.9996096187648286, 0.999375072235438, 0.9996311845436141, 0.9998418382343595, 0.9978349616886099, 0.9994641603892831, 0.9992483287887962, 0.9988425404721682, 0.9833256187553009, 0.933189210599204, 0.7405952142958847, 0.9277235925054768, 0.9165755147684066, 0.8031536338250044, 0.9601666104695629, 0.9401628758023305, 0.9611153205586523, 0.9589511820651792, 0.9540060453430909, 0.9820215987720167, 0.9799681149622103, 0.9382151552814666, 0.9527897468000012, 0.9674440295468562, 0.9676401148029125, 0.9693475691235233, 0.938615530056467, 0.8852854182498692, 0.9419246252189395, 0.9537115356593636, 0.9304531940731473, 0.8714407836413304, 0.9587113311338927, 0.9269882604441216, 0.9607719548487667, 0.9383927154364716, 0.7221424904673406, 0.8191142186024009, 0.7502896762162232, 0.8363052621823838, 0.8662567600361318, 0.8697286841354929, 0.8502378031768278, 0.8626605210018751, 0.24027791621735475, -0.5544123170769132, 0.9560987996318585, 0.9314220461147938, 0.9321806466659068, 0.9407909963548238, 0.9384199151753317, 0.964605703266293, 0.9646739760695063, 0.9199344326903587, 0.9607271298755901, 0.8127878739245896, 0.5975576129671946, 0.8824793239647756, 0.9160233959121089, 0.2500738214467161, 0.9156729564495156, 0.9379035840258517, 0.802382315371736, 0.9629031715182074, 0.8309960527206035, 0.6464161317390683, 0.4872050690370869, 0.8429595876665414, 0.8358776198788829, 0.8285114480040392, 0.9725288679473666, 0.9727887736513128, 0.7216911587788915, 0.674825794269845, 0.784484307698241, 0.2991906391147631, 0.765123403836461, 0.7931400229817203, 0.7842844471620811, 0.7894375905122302, 0.7191911621233192, 0.7246759808083231, 0.7024715912567042, -0.2480284299525624, -0.39306125204781756, 0.6257835842589765, 0.891595046194942, 0.9308761237219739, 0.9461525412981623, 0.9174586840926124, 0.8230236224562157, 0.9151043061156937, 0.9370817327871093, 0.9364477497081297, 0.7744525756477826], [0.995091953085164, 0.9877361352408566, 0.990999184549666, 0.9956428378062819, 0.9981997385840721, 0.9889950848621109, 0.9970682578635367, 1.0, 0.999983851993431, 0.9651733763158363, 0.9996188052028018, 0.9999968535485283, 0.9996525047019352, 0.9999977708261605, 0.999981256926686, 0.9963477066568645, 0.9990785395865832, 0.9998830668453095, 0.9998828217308156, 0.9999549058248841, 0.999994411709855, 0.9909803063284837, 0.9748388540967641, 0.991500058946862, 0.9927432217761794, 0.981714221473608, 0.9731468918058043, 0.9391217245535378, 0.9887799211403285, 0.9943556636922455, 0.9916483544274337, 0.9673281044457064, 0.9994236382752549, 0.999476741612738, 0.9996157590236472, 0.9996731757952055, 0.9986885093105818, 0.9993836895150794, 0.9990959821476657, 0.9981322883458339, 0.9994936199631462, 0.9993540817843308, 0.9846881406494009, 0.9339265610179441, 0.727387317665969, 0.9350503797594981, 0.9141700232009514, 0.780643551236738, 0.9588245137465684, 0.9351888320446927, 0.9594354468890129, 0.9524750220228888, 0.9475503846121766, 0.9800939897401357, 0.9766999405326485, 0.9321803602595771, 0.946011644867994, 0.95901062328923, 0.963168855771997, 0.9614513268300949, 0.9365562062140518, 0.8733710015704219, 0.9352682384688459, 0.9454329737489637, 0.9241812371704905, 0.8551953639228518, 0.9546214048079967, 0.9189521817003897, 0.953667922001636, 0.9327313340950771, 0.704000037928151, 0.8082709547398215, 0.7451134738467287, 0.8253732294553423, 0.8566656251328191, 0.8630941139573313, 0.8447264401418294, 0.8539855080795451, 0.21836309671124343, -0.5616577699529473, 0.9500608225520771, 0.920126510346484, 0.9228107749659127, 0.9384588961476801, 0.9309553542215282, 0.9587784601227272, 0.9588513287051222, 0.9117864898134859, 0.9517749363948202, 0.7963851990748447, 0.592112295902095, 0.9058059743709113, 0.9291702526677978, 0.2375724730363117, 0.9147149315125833, 0.9373088174700953, 0.7994959652765631, 0.9678707528241817, 0.8352304855076104, 0.6323746509231793, 0.4747055879133186, 0.8446330531726277, 0.8329447753302438, 0.8323772958066215, 0.9757314230336352, 0.9759948605415171, 0.7113387278179665, 0.6654016786106476, 0.7868859195635233, 0.2834012448496431, 0.7600284703142084, 0.7890233013635058, 0.7859646234329781, 0.7840652104404697, 0.7112966184644964, 0.718028717365458, 0.69509464204854, -0.2657473480519084, -0.40985820735154094, 0.6055721848188379, 0.882770384184903, 0.9287772051528738, 0.9384291039014885, 0.9108881405805486, 0.8112819696635445, 0.9086066284146079, 0.9307903787971848, 0.93042314876321, 0.7535977895705589], [0.9953774837663231, 0.9877782636725356, 0.9942980863907787, 0.9960345581071178, 0.998254149075299, 0.9884028272066927, 0.9995153745452078, 0.999983851993431, 1.0, 0.9644618638305295, 0.9996175502490728, 0.9999812332248822, 0.9998297585532232, 0.9999897390941713, 0.9999968048793373, 0.998960386493332, 0.9990593274010676, 0.9998154734535198, 0.9998148123122108, 0.9999660623048954, 0.9999823609727923, 0.9935807596292627, 0.975837152567302, 0.9947869494740368, 0.9949497790601597, 0.9816972367014493, 0.9772242142174141, 0.9400638943910894, 0.9893094293937483, 0.9933964689122473, 0.9885662455350261, 0.9626650461088025, 0.9993356448088355, 0.9994171539274305, 0.9994138480244776, 0.9998304732466283, 0.998700280879175, 0.9993753825712496, 0.9993148954543895, 0.9980569554558129, 0.9993285289846789, 0.999323545388013, 0.9889706757555251, 0.9341206252059348, 0.7282701350404168, 0.935227467270276, 0.914580972908215, 0.7808720479803356, 0.9465971723771471, 0.9220787395812183, 0.949790228589516, 0.94991465421917, 0.9449223744181984, 0.9773727427011958, 0.9768400356653564, 0.9650714860503922, 0.9464623007379103, 0.9660283439266568, 0.9632194883356278, 0.9664468865543373, 0.9660780942544138, 0.9359970800575481, 0.9344690586823109, 0.9365527225123771, 0.9361153631501932, 0.8855291866497806, 0.9549737522016944, 0.9562529266012006, 0.9626429723401984, 0.9613511890204341, 0.9136355644520017, 0.8075017512311997, 0.7529622093326253, 0.8244942794786386, 0.8780535099573717, 0.8610500734871538, 0.8689937437910189, 0.8679599049140609, 0.6050563455768607, -0.6255945659149967, 0.9499492132250179, 0.920155789142262, 0.9228940718310017, 0.9665493189544072, 0.9239817626864619, 0.9582181927439565, 0.9576558885157905, 0.9125561789994383, 0.9606883921742223, 0.9174786685578992, 0.5902038011646015, 0.9052749932725562, 0.9440786247778252, 0.18418277801984895, 0.8999105296660015, 0.9269010559809363, 0.7985619786844306, 0.9664597839535879, 0.8841950007802264, 0.5392968104845968, 0.4116274296587927, 0.8718639612329254, 0.8239763341322189, 0.8737984274375414, 0.9756404495482839, 0.9759289786459339, 0.7092185080682256, 0.6623977969151263, 0.7491160447658131, 0.2810412721321243, 0.6847862795522938, 0.7546362545822014, 0.7321106571616994, 0.7129758656170103, 0.7085052605839444, 0.7146905223107837, 0.691707968494746, -0.5066023926113274, -0.5825965246598099, 0.605274389939631, 0.8816335484294584, 0.9273453031210036, 0.9396116273157288, 0.9098725014200097, 0.8060528752231237, 0.8970633954011628, 0.9205341917619696, 0.9199680584304637, 0.8088941473472548], [0.9795323819416375, 0.9658802288778991, 0.9534953936135762, 0.9792610911364955, 0.9723743070400057, 0.9656352728326867, 0.9713976297629358, 0.9651733763158363, 0.9644618638305295, 1.0, 0.9488298530323397, 0.9655768161013344, 0.9644596254932429, 0.9652984164318725, 0.9648373988961912, 0.9664665603426341, 0.9753262553337995, 0.9699698678713367, 0.9699758317780629, 0.965352725507358, 0.9654264921213782, 0.9654502945805628, 0.9517475916489806, 0.9724154276165858, 0.9702473536681097, 0.8841232158213799, 0.9688882880919598, 0.9497971808529512, 0.9751479054037995, 0.9690671644357914, 0.9691070822385467, 0.9336443860607241, 0.9738280426154178, 0.9733798314601442, 0.9738782506351963, 0.9656867884191987, 0.9570807133464414, 0.9728478295018312, 0.9736688632864089, 0.9790529266139885, 0.9740229979963271, 0.9740381560378437, 0.9556383829351351, 0.8421675058791693, 0.5482211939390529, 0.7827162000714899, 0.8903270748324739, 0.8768447989364633, 0.9017329767855188, 0.8236734968455695, 0.9062619970001189, 0.9148159428852828, 0.9033919536804793, 0.9309235750694348, 0.9307756048773446, 0.9435454097602209, 0.934857383739887, 0.9543977502593197, 0.9477201839718425, 0.9526591286872369, 0.9526595435092504, 0.9123265388968362, 0.9517671744627528, 0.9358742491730067, 0.9355694640417183, 0.8536722998533351, 0.9351840939820042, 0.9434181398838495, 0.9365204467987229, 0.9354625109147584, 0.8861980909915161, 0.8153313771157131, 0.7706931211462051, 0.8596922380442504, 0.9129830907337523, 0.8837488958540604, 0.8983964193731774, 0.8976570569502033, 0.7033301405032448, -0.30877737618287143, 0.9528094627562641, 0.953281710851543, 0.9456101911167798, 0.9454016934577488, 0.9203945558795151, 0.9540473823008414, 0.9539283803732533, 0.9003743742261537, 0.9561479304207027, 0.9057584540023221, 0.7017196399813238, 0.6644475262793199, 0.8618334874748607, 0.19998271617511196, 0.8488069105074048, 0.8871353559224897, 0.8723574422963241, 0.9483325472633101, 0.9050342170030281, 0.44045407907893275, 0.44620190895652995, 0.8973877997782581, 0.8727169901783896, 0.9036729397376057, 0.9486544840634012, 0.9490057711080714, 0.5378593282068551, 0.7017346133348761, 0.6142204193094946, 0.48335296010696405, 0.572217383368982, 0.6289098496520145, 0.5895396200952314, 0.5654969489742627, 0.8027587170156819, 0.6799240860635692, 0.6445009348570063, -0.27703888696470763, -0.3234495833219117, 0.7465019730652379, 0.9168740575413543, 0.923103229737607, 0.9100516106012648, 0.9418112448812898, 0.6549406830935898, 0.8408479725268693, 0.9092364667509651, 0.9083659258775488, 0.6914488120590956], [0.9915471647437553, 0.9903673959369719, 0.9967863691902425, 0.9931585050181776, 0.9974594842015216, 0.9784823321080962, 0.9993928889479806, 0.9996188052028018, 0.9996175502490728, 0.9488298530323397, 1.0, 0.9996506713056903, 0.9996265774536196, 0.9996349207915448, 0.9996438105588579, 0.9993758729403716, 0.9986004085297767, 0.999951771043568, 0.9999524449312834, 0.9996337189974325, 0.9996442006030545, 0.9893363322990835, 0.9541281160289165, 0.9904477737331011, 0.9916685773726795, 0.9867153548535647, 0.9677665581140411, 0.8880708314403394, 0.9882532666185966, 0.9921150303428412, 0.9713009248021403, 0.8919686015043787, 0.9991092202753469, 0.9991819198928883, 0.9991023577513656, 0.9994377084421319, 0.9993679264334624, 0.9991239982906567, 0.9989803351232589, 0.9966588824873381, 0.9990768585158366, 0.9990746231508424, 0.9889924047739124, 0.9280447157310888, 0.5881065659929131, 0.930335622498897, 0.9138380898812821, 0.7856688000263581, 0.8626463688355034, 0.8901792912402907, 0.8683171179045692, 0.8762206834227937, 0.859458121542355, 0.9501322608799503, 0.9500598746434762, 0.9462582413158096, 0.9488756232653472, 0.9372214241175241, 0.939461357058987, 0.9421034052431952, 0.9418823480093416, 0.8879692328313101, 0.8997833146219916, 0.8543088575458635, 0.8540781111674041, 0.7230326843711404, 0.9420749689770541, 0.9457691827047167, 0.9459996286636304, 0.9452633587147432, 0.8897271077212194, 0.5664382530850843, 0.5005964699825194, 0.6668110755686998, 0.7769056975896125, 0.6974442064411037, 0.7399801516261925, 0.7389465730042437, 0.48882303359191814, -0.40066438120616016, 0.913007737815744, 0.9243538696556511, 0.9127478016000575, 0.9478916256624842, 0.8805435669470247, 0.9196926744427208, 0.9183043978749693, 0.8422645303645829, 0.9245221142009205, 0.8507697654080618, 0.46758764337489717, 0.9010973216493964, 0.8981654787993386, -0.11107596529769549, 0.6539918183499547, 0.7480436945966449, 0.6345954690357523, 0.968213840613946, 0.652225656488164, -0.1485191403476102, -0.018735702641138736, 0.6241119374514346, 0.6290999055260119, 0.6715696291854982, 0.9695750990977215, 0.9696285716256317, -0.043827347282702024, 0.1783212157929894, 0.03851515170034744, 0.005597442958878618, 0.031799183309076065, 0.050985244008254556, 0.018478635858738296, -0.0282815081692866, 0.3658523316655681, 0.10380288722710558, 0.052841135377454794, -0.5284132564578949, -0.5581042837382909, 0.6054263488462989, 0.7342454933669503, 0.757588110708779, 0.8236248334943954, 0.8207435749948142, 0.5047676699493364, 0.7189975698280721, 0.7553061889673951, 0.7539981920510325, 0.40066308670823114], [0.9952418076650467, 0.9880137041811969, 0.9909028793749882, 0.9957748423927892, 0.9982519025089888, 0.9889602758661501, 0.9980678404575765, 0.9999968535485283, 0.9999812332248822, 0.9655768161013344, 0.9996506713056903, 1.0, 0.999638390787113, 0.9999976290218712, 0.999984174079701, 0.9970017250354051, 0.9991398654415907, 0.9998949152991798, 0.999894789149517, 0.9999628542551885, 0.9999948710487694, 0.9908982452393345, 0.974728222860654, 0.9921517845883668, 0.9927099287416892, 0.9819459238165834, 0.9729927486429552, 0.9391631071223059, 0.9896596043692936, 0.9944034781180645, 0.991715938612106, 0.9674688828974202, 0.9994653509722812, 0.9995210586156447, 0.999649901017649, 0.9996756534425661, 0.998784513572131, 0.9994304043551241, 0.9991342964443267, 0.9982272204219419, 0.9995367687726219, 0.9993966413144983, 0.9845093553104414, 0.9341861915514036, 0.7280786106275262, 0.9349517612880223, 0.9144388927328756, 0.7818535721456584, 0.9591315982926287, 0.9355994943645531, 0.9597513260412641, 0.9528380396386972, 0.9479313611542485, 0.9803246662812388, 0.9768781468650425, 0.9325315866273939, 0.9462866802607105, 0.9593662068455754, 0.9633671899129946, 0.961797808027962, 0.9368424383955033, 0.8736551122465246, 0.9356157427501093, 0.9458921300214783, 0.9246407083961058, 0.855711821226064, 0.9547696816465538, 0.9192328281920648, 0.953948504062608, 0.9330641682891418, 0.704222508338581, 0.8088378663896295, 0.7457039050254698, 0.8259336307187523, 0.8570868588552765, 0.86343028258617, 0.8451936593359203, 0.8544799683793198, 0.21879480531893306, -0.5614450191022461, 0.9503475054397205, 0.9206680162186793, 0.9232427301124375, 0.938728490616135, 0.9312925061535168, 0.9590611659986504, 0.9591341174340198, 0.9121028643743703, 0.9521556808830139, 0.796741446367408, 0.5923959530305681, 0.9047562337801571, 0.9286195063724841, 0.23817322541207375, 0.9147935396321191, 0.9373805100769415, 0.7998010441364303, 0.9676964842584225, 0.8356549898051645, 0.6333476265095068, 0.47554945155311756, 0.8450829185025046, 0.8334743272042354, 0.8327878662042507, 0.9756454067481386, 0.9759087565908185, 0.7120028620185134, 0.6660485070535715, 0.7874357113267941, 0.28433407640513997, 0.7607095191815264, 0.7896833487179222, 0.7865191269757109, 0.78475584033808, 0.7117362558910314, 0.7184892829037973, 0.6955870939316062, -0.26467539439656756, -0.408882808162289, 0.6062337157894174, 0.8832805552406356, 0.9291708705166222, 0.9389165808965324, 0.9113302424332379, 0.8118266522590392, 0.9091372586687705, 0.9313087389986653, 0.9309272701440157, 0.7542611931276704], [0.9944320879352317, 0.9878126228541062, 0.9928524179056035, 0.9951777922871816, 0.9980083710548531, 0.9900176457093146, 0.9990511728611988, 0.9996525047019352, 0.9998297585532232, 0.9644596254932429, 0.9996265774536196, 0.999638390787113, 1.0, 0.9996749821250045, 0.999659648131493, 0.9990768195718361, 0.9986327807333883, 0.9994530080344544, 0.9994465252280315, 0.9996540534758852, 0.9996290601084179, 0.9928330922972082, 0.9763277048180157, 0.9955572912537487, 0.9954488480488047, 0.9817581872865386, 0.9758149344654653, 0.9417091157958952, 0.988838270673527, 0.9924062705228083, 0.9907660402432241, 0.9650342263881057, 0.9987488900852814, 0.999053714663221, 0.9992391283965782, 0.9999219468925477, 0.9987262338883484, 0.9990108347486656, 0.998566977098528, 0.9974049318801699, 0.998739127432512, 0.9986642720135174, 0.9884390960546907, 0.9341605329792697, 0.7241265647761492, 0.9350947100218567, 0.9143464733446398, 0.7811161038883868, 0.9551398562862294, 0.9285100941943724, 0.9560341456659963, 0.949430995467359, 0.943976816519277, 0.9767783283817997, 0.9747957297593309, 0.9564675855562427, 0.9459196180555697, 0.9596078215517159, 0.9624652896501906, 0.9615647677877394, 0.9608653603392396, 0.8777338161690367, 0.9323917041568965, 0.9441618017302021, 0.9438803591718011, 0.8536316517367373, 0.9549886922697953, 0.9314143757895608, 0.955834398730968, 0.954394979376494, 0.7084301407661469, 0.8055456642210554, 0.7690840058481583, 0.8233080662391713, 0.8585365485572658, 0.8623786907024296, 0.8531896157769661, 0.8534565681359135, 0.20255913366799747, -0.5560982965445076, 0.949268154641147, 0.9203112289118953, 0.9220183427426246, 0.9594716439413321, 0.9307801938091752, 0.957672516419108, 0.9576995855492799, 0.9115605287098876, 0.95246162553364, 0.8035711414613407, 0.592881183693471, 0.9053621716773825, 0.9290938051331, 0.23452643108770155, 0.9126031989934453, 0.9355524255233567, 0.8008447608918583, 0.9704672451256541, 0.8292452366164577, 0.6253320782242954, 0.4707612714224176, 0.8361951629220687, 0.8281275642774154, 0.8244928208727541, 0.9776509964496771, 0.977869687176843, 0.702655622786775, 0.6604129199561893, 0.7662758789532971, 0.2840197553383945, 0.7506035568697551, 0.7782590618923388, 0.7548662758639091, 0.7736037128544049, 0.709302976107911, 0.70799414973165, 0.6853559159298258, -0.2715770027525251, -0.41416374673735556, 0.6057779244968869, 0.8810566841845305, 0.9307118353707193, 0.9344371541520141, 0.9105244753299941, 0.8038856325605017, 0.902722989668589, 0.9242943287142493, 0.9245646848208099, 0.7484710865929863], [0.995148573793839, 0.9878659508477651, 0.9910628619520161, 0.9956976252833953, 0.9982353541468313, 0.9890573860582245, 0.9989836439772263, 0.9999977708261605, 0.9999897390941713, 0.9652984164318725, 0.9996349207915448, 0.9999976290218712, 0.9996749821250045, 1.0, 0.9999883709851601, 0.9985889914443857, 0.9991019944662523, 0.9998868139021394, 0.9998862430215325, 0.9999570394662822, 0.9999921922516266, 0.9910185349968805, 0.9748945624869798, 0.9940304117095992, 0.9938873236985105, 0.9818505514512744, 0.9731916901584581, 0.9393111312964644, 0.9921418717431133, 0.9947287494384834, 0.991589167104151, 0.9672238969249786, 0.9994401011295965, 0.9994820905170037, 0.9996263131136749, 0.9996926310299669, 0.998733403805944, 0.9993954169054728, 0.999164153691959, 0.9981507719863912, 0.9995077020350395, 0.9993714130421132, 0.9846694954983788, 0.9340156302683705, 0.7274821594316718, 0.9350553459458887, 0.9143679196145742, 0.7812176401927334, 0.9589360950526779, 0.9353699082088901, 0.9595887650437327, 0.9524448815162703, 0.9474954767082677, 0.9801446178333029, 0.976663997726537, 0.9325490776177202, 0.9461590733852652, 0.9592166081071327, 0.9632383039318926, 0.9616399828877918, 0.9362425651134232, 0.8736211246404018, 0.9351047771726632, 0.9455125267444601, 0.924445555097534, 0.8553375078405753, 0.9547930165004389, 0.9193867450349745, 0.9539210917652139, 0.933118907266863, 0.7044129626658283, 0.8082116740078269, 0.745428973590411, 0.825360482528689, 0.8568639011349475, 0.8630613152119219, 0.8449089877532879, 0.8541859269909384, 0.21873981106369242, -0.5613203345299034, 0.9501291293178886, 0.9203821998931916, 0.9230158972954716, 0.936369681779124, 0.9311839645883603, 0.9588570667732229, 0.9589266325770905, 0.9119697494247269, 0.9519809333709284, 0.796697066246354, 0.5921800904417703, 0.9053072281884703, 0.9290080232313429, 0.23763751019277166, 0.9145751749272952, 0.9371998659013308, 0.7995025258530832, 0.9678877113597971, 0.8352983722422727, 0.6322574333172162, 0.4746251423334834, 0.8446847120710723, 0.8331198086033423, 0.8324380819713741, 0.9757855365905669, 0.9760450571092815, 0.7108766617053145, 0.66498264131142, 0.7868949431867054, 0.28373228470490763, 0.760027098505377, 0.7889638353509779, 0.7861672790790896, 0.7839807715603396, 0.7111929321238561, 0.7171780883428867, 0.694280734347682, -0.26553044640600476, -0.40963684184765836, 0.6059500033795814, 0.8827001351210545, 0.9289427193598369, 0.9385138455543434, 0.9109536207258501, 0.8110969879444708, 0.9088639760582151, 0.9308703692407517, 0.9306214634937795, 0.7537380702439943], [0.9952902728018348, 0.9879722301451609, 0.9909710917551308, 0.9958167856225187, 0.9983030160407377, 0.9891619749282978, 0.9987497393132676, 0.999981256926686, 0.9999968048793373, 0.9648373988961912, 0.9996438105588579, 0.999984174079701, 0.999659648131493, 0.9999883709851601, 1.0, 0.998587653514938, 0.9991446661093754, 0.9998831708731415, 0.9998832022738521, 0.9999562385183688, 0.9999770931153396, 0.9909243054112251, 0.9748860284248912, 0.992459653663314, 0.9925054573787421, 0.9819487915065512, 0.9729003083214964, 0.9392386347620023, 0.9921894952095027, 0.9943198522161563, 0.991440837945413, 0.9671285194258202, 0.9994814461803752, 0.9994681266892894, 0.9996167888328642, 0.9996829327181337, 0.9987549072279582, 0.9994014228134542, 0.9991955850674391, 0.9981875586930304, 0.9995403688878676, 0.999418206935769, 0.9844413537903316, 0.9339914099308431, 0.7282030682484838, 0.9349822367583681, 0.9145869532444624, 0.7815205980981357, 0.9595493378452522, 0.9364844198963902, 0.960266256869892, 0.9526713652978428, 0.9477279332595842, 0.9806451024128713, 0.9768501226300824, 0.9333653552129265, 0.9466415807149348, 0.9596255884810443, 0.9634103512565648, 0.9620575409599857, 0.9376210423021415, 0.8737768527194538, 0.9346555030449053, 0.9458234129760267, 0.9252077246855696, 0.8552147395658318, 0.955218070512078, 0.9200415468814092, 0.9544672720022331, 0.9340641405397514, 0.7041422439150061, 0.8078194459483822, 0.7464546580550598, 0.824796880263597, 0.8568367774235389, 0.8625178567312605, 0.8454046817079138, 0.854597627406713, 0.2181793309415121, -0.5608418049294749, 0.9501633505701571, 0.9206173455302445, 0.9232609702273116, 0.93956896689736, 0.931675234314909, 0.9590036925589219, 0.9591318441139536, 0.912321757745947, 0.9523446944651601, 0.7966074764577179, 0.5908817829509561, 0.904836544331908, 0.9286724108882531, 0.23636952501465405, 0.9140977302877388, 0.9366904826589914, 0.7985936410684338, 0.9674932755899962, 0.8362851432803265, 0.6319513931877392, 0.4736977583382665, 0.8452113332893593, 0.8335401464090765, 0.8331850714819452, 0.9755481007738214, 0.9758366758695854, 0.7095542927772188, 0.6627665807963485, 0.7879904773884921, 0.28207921546017006, 0.7602721890801477, 0.7893528873498034, 0.7874139391651425, 0.7841959031932257, 0.709394797596618, 0.714887706595478, 0.6919563241343802, -0.26475816051402795, -0.40892573790772085, 0.6054946485659252, 0.8818292966141447, 0.9295334864491134, 0.9390092583417453, 0.9101828605626637, 0.8112421340989702, 0.9098901960751118, 0.9314560845106031, 0.931337352635662, 0.7536088011496496], [0.996449907773419, 0.9930807463147353, 0.9915394817724987, 0.9969803362357592, 0.9985657039871495, 0.991984195842948, 0.9980903502846843, 0.9963477066568645, 0.998960386493332, 0.9664665603426341, 0.9993758729403716, 0.9970017250354051, 0.9990768195718361, 0.9985889914443857, 0.998587653514938, 1.0, 0.9989004268604668, 0.9989524670001291, 0.9989502573419663, 0.9987747134906044, 0.9984790856815751, 0.9923147126298806, 0.9775626051441613, 0.983185864903009, 0.9897149209264956, 0.9881208528990083, 0.9748855687079966, 0.9467346932852154, 0.99327269313259, 0.9931182839614668, 0.9904856757141935, 0.9673493116767277, 0.9987858510290705, 0.9987343097693423, 0.998967590777719, 0.9986058950975079, 0.9993651552868252, 0.998869093898106, 0.9989086705882587, 0.9978919688550743, 0.9986643546899379, 0.9987367272343876, 0.9832969553442747, 0.9272424576671582, 0.7340669172441328, 0.9280091934217058, 0.9172813035412101, 0.799426272586999, 0.9629549259272869, 0.9406053291542703, 0.964261215789341, 0.9527936960001959, 0.9465088895601772, 0.9812679434481967, 0.9764126567924744, 0.946058907827262, 0.9559721209795395, 0.9665357824628472, 0.9678991693297758, 0.9680993678402796, 0.9492465215054654, 0.8856912188652732, 0.9385466518313201, 0.9507546575237027, 0.9362031307211401, 0.8661433813584237, 0.9615214386269251, 0.9336369419685342, 0.9620554037201609, 0.946761119246054, 0.7218933713802328, 0.8155478402231071, 0.7641515710621467, 0.8337652343411887, 0.8693771325045737, 0.86