var config = { responsive: true }

var correlationClose = {"data": [{"type": "heatmap", "z": [[1.0, 0.9999813302313348, 0.5441884716310057, 0.9996920003311726, 0.9973148286899018, 1.0, 0.9903426480628094, 0.9856762652480301, 0.9909504564330945, 0.9725103241477907, 0.9801903347686132, 0.9903893478867803, -0.14453162553774748, 0.9904580319543222, 0.9905084479791486, 0.9933057438707454, 0.5002223745668033, 0.9915255835733362, 0.9915118502719864, 0.9832385475889638, 0.9903774748667324, 0.4442181258662503, 0.6433603073890412, 0.9767074009582827, 0.9766814392097252, 0.9537360969109052, 0.2872499453293876, -0.12741609464736153, 0.9898679257631039, 0.9898303525568684, 0.2633327060954658, -0.21474324467585848, 0.9934334633115693, 0.9943468853531952, 0.8005395614980879, -0.39554324467547264, 0.9863362446513555, 0.9940471608920379, 0.9939833858451196, 0.48318665758327234, 0.993635003099459, 0.9936211482767572, 0.993635003099459, 0.8932070403851656, 0.6830828274711189, 0.8587305395698299, 0.882017658516368, 0.8004274043807474, 0.3982267872603373, -0.11696412832335087, 0.1945786263535456, 0.9476048637975814, 0.4906193438192964, 0.9776270892846524, 0.9715667334086757, 0.9100394661977649, 0.9014601682298029, 0.9293573395840384, 0.9017909550420865, 0.9258560896664647, 0.926704838317129, 0.9258560896664647, 0.8342514001162253, 0.9032077979072801, 0.9043500392611215, 0.9032077979072801, 0.887051224358527, 0.7175892367737459, 0.8632510463644401, 0.8650037747549345, 0.8632510463644401, 0.6037698823773345, 0.2989012180433326, 0.5793055402848948, -0.6006852169590416, 0.46993195513767744, 0.5315805426887436, 0.533256756811903, 0.5315805426887436, -0.09291581090496394, 0.8743427545219702, 0.9052320049895127, 0.8869197991241858, 0.9115407666071865, 0.5085144320670323, 0.8721860938866522, 0.8735422860958314, 0.8721860938866522, 0.883821202696466, 0.883821202696466, -0.17154024365850848, 0.5241146563612802, 0.20585502580453985, -0.5210647583979636, -0.5509356470297087, -0.5546460193579393, -0.012914118765194573, 0.03940220533317993, 0.276568470116631, 0.17374434299623384, -0.3276776353192054, 0.07804641451517268, -0.7894833909293923, -0.1881690595545656, 0.10817595231946486, 0.10833779590826706, -0.5259178010273731, -0.6098796196689008, -0.18875156209263041, -0.46944417802852767, -0.8306216014805213, -0.3283302979777131, -0.31909448665087325, -0.3283302979777131, -0.17307492240263908, -0.23339663147452036, -0.23339663147452036, -0.8198342119103029, -0.8198342119103029, 0.40298623327997274, 0.6653430280860252, 0.8768856748377579, 0.855440724323583, 0.7945338826640582, -0.22375457005894997, 0.7740009883594243, 0.8146051211361456, 0.8148775715373359, 0.8146051211361456], [0.9999813302313348, 1.0, 0.9658418651276885, 0.9991345980084767, 0.9930486034539239, 0.9999813302313346, 0.9756449662044547, 0.9656364119730375, 0.9753961482189628, 0.9554013719478194, 0.9777579109692648, 0.9757035731077257, 0.9756585995438399, 0.9754550591045111, 0.9746180849721057, 0.9839743632592981, -0.20511545189884875, 0.9816378882869802, 0.9816059896408135, 0.9757786812402034, 0.975767866635459, -0.17186676911850954, 0.9646376041356206, 0.9680195089787401, 0.9681021137150201, 0.9540111938146261, -0.019189010570418587, 0.14160292612641398, 0.9742594159905719, 0.9743441036676446, 0.9699138776638004, 0.1145609553537939, 0.9862805529451807, 0.9863850323655896, 0.9872192578408271, 0.978204985247452, 0.9844682174199335, 0.9862728469468942, 0.9869820873823024, -0.212312941688167, 0.987341301725834, 0.9873177053462616, 0.987341301725834, 0.8934563806038273, 0.5831131891118807, 0.8595391144750215, 0.8827498312914622, 0.7996958245404144, -0.45207912430361563, -0.5550037582878181, 0.8427093203942825, 0.8630746059900126, -0.14331072264351344, 0.935513889511549, 0.9355570864233613, 0.914821251740612, 0.9258078252048775, 0.901269827187056, 0.9009087781232367, 0.9084818402267555, 0.909288822244225, 0.9084818402267555, 0.756767242136236, 0.7160553504862788, 0.718077291578592, 0.7160553504862788, 0.9194906537625017, 0.9251481848832811, 0.9192155564676868, 0.9205638111019279, 0.9192155564676868, 0.4158504723522596, 0.35997601148320796, 0.4827105244042113, 0.5855117310248504, 0.46087288995485853, 0.5057157949044195, 0.5065920792882859, 0.5057157949044195, -0.2060518863120484, 0.8539454256844744, 0.8931712228455989, 0.878342522564095, 0.9225285390885214, 0.001398536710223677, 0.8471559268970631, 0.8475624386151469, 0.8471559268970631, 0.8593400259547909, 0.8593400259547909, -0.27800963760831365, 0.5238570131805314, -0.3797635130985533, -0.6093419161225785, -0.46229613590491825, -0.4657799151213371, -0.2813410038903763, 0.20821518181669385, -0.19663609429876086, -0.36127084547368815, -0.5390401643108242, -0.26334168811564207, -0.5024468997166693, -0.3166114485021602, 0.08202614991512511, 0.0768781991146307, -0.47863052570378783, -0.4316267170098061, -0.4593836507398126, -0.48914097493661707, -0.48163827705302514, -0.4621735457972093, -0.46541059743552715, -0.4621735457972093, -0.3553986029765747, -0.4860215539344889, -0.4860215539344889, -0.4635510301019889, -0.4635510301019889, 0.4030819745142283, 0.4300318638872502, 0.5255040932744284, 0.6105430522184602, 0.5864210855529651, -0.37364328388742274, 0.39998977765737387, 0.3929484832632052, 0.3930646026707551, 0.3929484832632052], [0.5441884716310057, 0.9658418651276885, 1.0, 0.5369327257215555, 0.41357647268320186, 0.5441884716310057, 0.5345227150590234, 0.5218821828544614, 0.4216725548840964, 0.3587338183868708, 0.996439605592887, 0.534551553971539, 0.5203217822790114, 0.5349184960383776, 0.5371621337089706, 0.5745892649304681, -0.07536096476762098, 0.4754129466658291, 0.4746081379505385, 0.4234758917317203, 0.5335378673083483, 0.20079369689998858, 0.6753418638995236, 0.4983380875202722, 0.49804694696803176, 0.9809994320843918, 0.27089550417602987, 0.18290253229654307, 0.5022704971755961, 0.501757884867318, 0.772300202486265, 0.0042444300295890565, 0.5334634504870924, 0.422007623644934, 0.5268942580537433, 0.3757649934377875, 0.9935849840702375, 0.40737214431236435, 0.5362744064329775, -0.08081836049753585, 0.5494542997983873, 0.5317024559176551, 0.5494542997983873, 0.9010945699139742, 0.3940278851054548, 0.902572478035081, 0.867672008471543, 0.6495322404696371, 0.20217819676290713, 0.005263017220934954, 0.06382971559343605, 0.40257978130106553, -0.060798334968746495, 0.49565116819403193, 0.42196170812262884, -0.08590926097056961, 0.660018553236926, 0.6240581453112172, 0.4434855114950573, 0.6301244542457658, 0.7023363886759184, 0.6301244542457658, 0.28786311791077673, 0.5248490485548597, 0.6330666222465993, 0.5248490485548597, 0.5234759078082281, 0.6094330179402158, 0.6464654482319232, 0.7245222032558074, 0.6464654482319232, 0.16821893556948803, -0.08026471000822392, 0.18852789210489174, 0.16503187230272964, 0.18765528656629496, 0.2664721112466272, 0.3802052031994045, 0.2664721112466272, -0.16668331648665297, 0.39720495093732966, 0.7856336200078678, 0.48329605944255755, 0.7191870524058621, 0.12702099277076334, 0.4703258504226209, 0.47070404181626574, 0.4703258504226209, 0.6110202616683261, 0.6110202616683261, -0.3024413561539125, 0.7102490621198004, -0.23478317876278282, -0.4967049161342952, -0.36909092695014295, -0.37274584720582354, -0.37886872592305276, -0.008140210300760743, 0.02806595797187217, -0.23621503288554077, -0.4801769855130578, -0.12336562665607387, -0.20038410564964942, -0.1912872986045224, -0.0456032488704499, -0.049490806521061935, -0.428797834829712, 0.03107677080454718, -0.20265863247899715, -0.46551414036738026, -0.08799499740141557, -0.3380443663869844, -0.2136992913698755, -0.3380443663869844, -0.4276625045203971, -0.4936001459898139, -0.4936001459898139, -0.22153951075112852, -0.22153951075112852, 0.32144075537340494, 0.12129736252404336, 0.2331797887667533, 0.4807819565622829, 0.1954537275554858, -0.28319733545697484, -0.04077916590347178, 0.442424274507934, 0.5598789149973166, 0.442424274507934], [0.9996920003311726, 0.9991345980084767, 0.5369327257215555, 1.0, 0.9985409988294324, 0.9996920003311723, 0.9920195487250764, 0.9878398686968303, 0.993024200965052, 0.9702305817603534, 0.9857437239332308, 0.9920540484034063, -0.14932479769116677, 0.9920934015441136, 0.9921339048281933, 0.994923438572344, 0.4862453547407866, 0.9929647061751216, 0.9929525858389393, 0.9837599942786185, 0.9920336011194959, 0.4352867750842009, 0.646491370963016, 0.9797682274004503, 0.9797431755953087, 0.9659028339892132, 0.2819131896571774, -0.1350800055884748, 0.9897147222086139, 0.9896886223374058, 0.25454292377902255, -0.2158376399173372, 0.9942904257571673, 0.9955257862126837, 0.7579069726669072, -0.40166570569037224, 0.9904243960336107, 0.9954750736500546, 0.9946504903933717, 0.4688184215835653, 0.9917419407434127, 0.9943766787832945, 0.9917419407434127, 0.8920277271064003, 0.6702820463601554, 0.8679108433048491, 0.8773164289352271, 0.7767372360518541, 0.3925446218112641, -0.12322271203423539, 0.18774909254301478, 0.941804324652972, 0.4744520610252066, 0.9733412091727531, 0.9687551056550984, 0.8844108234691022, 0.8914270701473527, 0.9134849859721124, 0.8961687358682668, 0.905032787783594, 0.906209409665883, 0.905032787783594, 0.8235833470817061, 0.8890647365944295, 0.8903227304669866, 0.8890647365944295, 0.88204121543447, 0.6466631422216027, 0.8164334262219072, 0.8182375433060785, 0.8164334262219072, 0.5930779505034014, 0.09586219503382877, 0.5665011441559196, -0.6061400940904368, 0.46275353294524146, 0.2753962143004087, 0.5004995423834921, 0.2753962143004087, -0.09999902405462932, 0.8669013096287013, 0.8930558410355622, 0.8757348152262108, 0.8832619427454659, 0.49546983835935404, 0.8658404863443311, 0.8673784675263749, 0.8658404863443311, 0.8602935156287598, 0.8602935156287598, -0.17835607765454192, 0.5543125804274877, 0.21060037631909254, -0.5322999403095922, -0.5591558473688782, -0.5627706789649171, -0.025887610346566586, 0.03337921221962974, 0.2691894739834319, 0.1608877688602595, -0.34114389402610173, 0.07117145611368354, -0.7967389900622447, -0.19643299505273323, 0.09636140930936267, 0.09656965558862408, -0.5338251836948417, -0.6068728055058671, -0.19077923198257218, -0.4827059068998242, -0.8334490602092358, -0.3303874970012094, -0.32171962128029447, -0.3303874970012094, -0.183080799855815, -0.24410350536152384, -0.24410350536152384, -0.8204306123908995, -0.8204306123908995, 0.3873272921229456, 0.6530745524939543, 0.8694058314651779, 0.8480113311233736, 0.787177409829333, -0.2378454771985643, 0.7651988398738018, 0.8061225241066268, 0.806405222452568, 0.8061225241066268], [0.9973148286899018, 0.9930486034539239, 0.41357647268320186, 0.9985409988294324, 1.0, 0.9973148286899018, 0.9965891492053223, 0.9944542932679189, 0.9967756548302198, 0.9591012404928332, 0.9948561992745856, 0.9966102230075619, -0.3672832892448832, 0.9966423034787463, 0.9966482926433639, 0.9977251293054927, 0.2978747208315917, 0.9972204543619991, 0.9972137888880324, 0.9855345350266949, 0.9965982492872117, 0.06047730302562907, 0.5995521407614491, 0.989906231188179, 0.9898596562250408, 0.9820355902953232, 0.016163867593317723, -0.1219524297738802, 0.9880801467490034, 0.988027091553986, -0.07239502054040485, -0.11553254316610612, 0.9976569508547719, 0.9976012911246882, 0.7287140277837191, -0.5506576530028163, 0.9969171267246512, 0.9978247125257963, 0.9979268578152196, 0.2744515321193712, 0.9976270936326207, 0.9976266764681236, 0.9976270936326207, 0.9081121594505467, 0.6314744113943674, 0.8922984319275398, 0.8803703854234864, 0.7402259235969029, -0.09116600175541796, -0.5735159223443285, -0.24005716753535455, 0.9267172764722985, 0.3324194921730384, 0.9665524878796956, 0.9666324132062176, 0.8759473591971669, 0.8664876159200178, 0.8962107142270148, 0.8796634607040583, 0.894072296872437, 0.8945683241062348, 0.894072296872437, 0.7910119182368511, 0.8265979529593118, 0.8280802086436642, 0.8265979529593118, 0.8673654751082596, 0.7514586657827073, 0.8469162626872909, 0.8480457239537526, 0.8469162626872909, 0.5410895257182486, 0.40270823315029103, 0.5231248505627243, -0.6585048828458298, 0.5176216132802929, 0.49398891320622446, 0.49374383751616485, 0.49398891320622446, -0.11951276838835229, 0.8437495635691514, 0.8583639206773971, 0.8449025198061897, 0.8865967307897815, 0.35966808220540447, 0.8457205509436427, 0.8472026409933819, 0.8457205509436427, 0.8542826322369802, 0.8542826322369802, -0.22375721785438957, 0.6199771187320747, 0.06506984701655866, -0.5687071782948414, -0.6201966169939603, -0.6205550319170955, -0.06352433866014642, 0.05406406928095919, -0.13104009690796384, -0.09220045100584108, -0.434177420163423, -0.30521317967475725, -0.8664506930182994, -0.5017835352965351, 0.06049121593187815, 0.060527528306954494, -0.5662876107632082, -0.5981567799171342, -0.49640180636511494, -0.5287914038598746, -0.803992157858406, -0.5550027050758897, -0.5575668975591487, -0.5550027050758897, -0.22939485126418196, -0.284849108030028, -0.284849108030028, -0.7701760587904687, -0.7701760587904687, 0.36401833111568305, 0.6306528242389583, 0.8175912132319133, 0.791166759607851, 0.7736629171593603, -0.3804256587110649, 0.61406235051525, 0.697071353182243, 0.6975352026332647, 0.697071353182243], [1.0, 0.9999813302313346, 0.5441884716310057, 0.9996920003311723, 0.9973148286899018, 1.0, 0.9903426480628094, 0.9856762652480301, 0.9909504564330945, 0.9725103241477907, 0.9801903347686132, 0.9903893478867803, -0.14453162553774748, 0.9904580319543222, 0.9905084479791486, 0.9933057438707454, 0.5002223745668033, 0.9915255835733362, 0.9915118502719864, 0.9832385475889638, 0.9903774748667324, 0.4442181258662503, 0.6433603073890412, 0.9767074009582827, 0.9766814392097252, 0.9537360969109052, 0.2872499453293876, -0.12741609464736153, 0.9898679257631039, 0.9898303525568684, 0.2633327060954658, -0.21474324467585848, 0.9934334633115693, 0.9943468853531952, 0.8005395614980879, -0.39554324467547264, 0.9863362446513555, 0.9940471608920379, 0.9939833858451196, 0.48318665758327234, 0.993635003099459, 0.9936211482767572, 0.993635003099459, 0.8932070403851656, 0.6830828274711189, 0.8587305395698299, 0.882017658516368, 0.8004274043807474, 0.3982267872603373, -0.11696412832335087, 0.1945786263535456, 0.9476048637975814, 0.4906193438192964, 0.9776270892846524, 0.9715667334086757, 0.9100394661977649, 0.9014601682298029, 0.9293573395840384, 0.9017909550420865, 0.9258560896664647, 0.926704838317129, 0.9258560896664647, 0.8342514001162253, 0.9032077979072801, 0.9043500392611215, 0.9032077979072801, 0.887051224358527, 0.7175892367737459, 0.8632510463644401, 0.8650037747549345, 0.8632510463644401, 0.6037698823773345, 0.2989012180433326, 0.5793055402848948, -0.6006852169590416, 0.46993195513767744, 0.5315805426887436, 0.533256756811903, 0.5315805426887436, -0.09291581090496394, 0.8743427545219702, 0.9052320049895127, 0.8869197991241858, 0.9115407666071865, 0.5085144320670323, 0.8721860938866522, 0.8735422860958314, 0.8721860938866522, 0.883821202696466, 0.883821202696466, -0.17154024365850848, 0.5241146563612802, 0.20585502580453985, -0.5210647583979636, -0.5509356470297087, -0.5546460193579393, -0.012914118765194573, 0.03940220533317993, 0.276568470116631, 0.17374434299623384, -0.3276776353192054, 0.07804641451517268, -0.7894833909293923, -0.1881690595545656, 0.10817595231946486, 0.10833779590826706, -0.5259178010273731, -0.6098796196689008, -0.18875156209263041, -0.46944417802852767, -0.8306216014805213, -0.3283302979777131, -0.31909448665087325, -0.3283302979777131, -0.17307492240263908, -0.23339663147452036, -0.23339663147452036, -0.8198342119103029, -0.8198342119103029, 0.40298623327997274, 0.6653430280860252, 0.8768856748377579, 0.855440724323583, 0.7945338826640582, -0.22375457005894997, 0.7740009883594243, 0.8146051211361456, 0.8148775715373359, 0.8146051211361456], [0.9903426480628094, 0.9756449662044547, 0.5345227150590234, 0.9920195487250764, 0.9965891492053223, 0.9903426480628094, 1.0, 0.9970895599529742, 0.9999671592557824, 0.949225198897318, 0.9995531602761714, 0.9999960177060777, -0.16290419380911164, 0.9999921333228867, 0.9999187840867334, 0.9939093879221534, 0.43408787858959497, 0.999828519473355, 0.999828652856787, 0.9880874679545387, 0.9999962467037071, 0.339228099270668, 0.6477036444612594, 0.9837866604892103, 0.9837304715844476, 0.9836511067366243, 0.20143475079871695, -0.1955547684024811, 0.9924020031675989, 0.9920909757438537, 0.15217952648449876, -0.2672301014349941, 0.999282254851678, 0.9993694261996678, 0.328107777493509, -0.3321118270729015, 0.998559712878861, 0.9992587025446245, 0.998194440417282, 0.4150456079666065, 0.9281474694426519, 0.9990066901185902, 0.9281474694426519, 0.9162041488376339, 0.6327977629489419, 0.9167452494856108, 0.8890180807812946, 0.6894132847904517, 0.42067492909358484, -0.0672047435241316, -0.21233560197933413, 0.9244153051767913, 0.4306625894562771, 0.9687107875165131, 0.9610403491578758, -0.09608385837835857, 0.8121383499783844, 0.7919554393235929, 0.8383181294424358, 0.7846959421051597, 0.7544178608511619, 0.7846959421051597, 0.7442277046719932, 0.7544654170381287, 0.7557298982888496, 0.7544654170381287, 0.8229933731888234, 0.28464610482768266, 0.5045240430127134, 0.5939893725938679, 0.5045240430127134, 0.5072970724887261, -0.3653882271283874, 0.4665822460121653, -0.6702527676288935, 0.38090828837663887, -0.1367808371131923, 0.3532483925906983, -0.1367808371131923, -0.14566242243085073, 0.7983865597081882, 0.8017257622787012, 0.7933780376572861, 0.7258285158543482, 0.44171092463342587, 0.8028803604020582, 0.8050686537475518, 0.8028803604020582, 0.7090485165466621, 0.7090485165466621, -0.2616528119687365, 0.6744659187828463, 0.25986940132461567, -0.5545780092634415, -0.6040605490935324, -0.6071810602681009, -0.08052869953932187, -0.020422981969304994, 0.36874886381736344, 0.1196692020692113, -0.3728313973148081, 0.11884354596797746, -0.8249206280481842, -0.10227722036748679, 0.022191225377747696, 0.022479150006720506, -0.5818886375441021, -0.6122497776453794, -0.03234102571815267, -0.5678134928654177, -0.8459149955543026, -0.32839948279736175, -0.15298934441816123, -0.32839948279736175, -0.2665779461448262, -0.2969501092140211, -0.2969501092140211, -0.8403528523305375, -0.8403528523305375, 0.35997247765339757, 0.6059322688617195, 0.4940769944755452, 0.8094039217307148, 0.761758815145313, -0.2989453492856646, 0.058740915471559234, 0.768226312677457, 0.7867389143988526, 0.768226312677457], [0.9856762652480301, 0.9656364119730375, 0.5218821828544614, 0.9878398686968303, 0.9944542932679189, 0.9856762652480301, 0.9970895599529742, 1.0, 0.9994377376956228, 0.9403399015015782, 0.9981075971521028, 0.9979078341233122, -0.17287569231691688, 0.998961225984398, 0.9986486287054691, 0.9862654815140022, 0.41207020258983773, 0.9990170101419538, 0.9990189324898818, 0.9850626803576821, 0.9991313369627237, 0.3111824263193672, 0.6462589416904748, 0.9915679809422516, 0.9812543487037009, 0.9785910817314463, 0.18057586682579224, -0.21127340677901857, 0.9887083209205528, 0.9921269387091209, 0.13079465589022982, -0.2748055829030427, 0.998091528160395, 0.997972678731636, 0.3060500158096858, -0.34002399553754936, 0.9957244536832421, 0.9977584939054931, 0.9975262972763966, 0.39250384493523505, 0.9187710149266426, 0.9979315571398665, 0.9187710149266426, 0.9137989348940098, 0.616676894643858, 0.9175718149275908, 0.8845897270953902, 0.6601845897281708, 0.4069493136698735, -0.08340587308570796, -0.22659009390718338, 0.9148934437213124, 0.40933291479065625, 0.9638371267431775, 0.9552389781996398, -0.10764570817198028, 0.7954473031841485, 0.7720844902970262, 0.8269845491374573, 0.7660735262437688, 0.7401397727109358, 0.7660735262437688, 0.7280801739511078, 0.7321911755004581, 0.7403488288834864, 0.7321911755004581, 0.811846285178729, 0.2614801521740583, 0.4798695169915767, 0.574786324690316, 0.4798695169915767, 0.49088360478427084, -0.3820930205750605, 0.44821979353414243, -0.6802791781711501, 0.3700971478874291, -0.16160943093817137, 0.3339173123898906, -0.16160943093817137, -0.15325390822687696, 0.7851321287116744, 0.7797743699831675, 0.7757380263697339, 0.7087726805214963, 0.4245438897550367, 0.7903364559771084, 0.792772461594579, 0.7903364559771084, 0.6873230914079781, 0.6873230914079781, -0.27985789684221124, 0.7075158918757878, 0.268457182928416, -0.564879150170638, -0.6189386165174572, -0.621854132549133, -0.09680465450488007, -0.029952335753637906, 0.36193711343674706, 0.09970624963634259, -0.3870022829354416, 0.1094695074409579, -0.8326030193821398, -0.10886625490849827, 0.004432989907566471, 0.004736390525561334, -0.5954547158538465, -0.6138877972058856, -0.03928569235415004, -0.5879950621059292, -0.8468090766164518, -0.34095929220202326, -0.15934295020416708, -0.34095929220202326, -0.2867925301115905, -0.3125542272100203, -0.3125542272100203, -0.8396238750876613, -0.8396238750876613, 0.33427267185069887, 0.586977940960741, 0.47373846244474943, 0.7905484574335666, 0.7476860870800459, -0.32319139275348324, 0.04336682691009085, 0.7480775777943074, 0.7703532108201673, 0.7480775777943074], [0.9909504564330945, 0.9753961482189628, 0.4216725548840964, 0.993024200965052, 0.9967756548302198, 0.9909504564330945, 0.9999671592557824, 0.9994377376956228, 1.0, 0.9479433832809467, 0.9994935937457338, 0.999968462042851, -0.3403823414629441, 0.9999731771355117, 0.9999314101204289, 0.9980632148973835, 0.3320533380442923, 0.9997660057124281, 0.9997665875855584, 0.9878545406508096, 0.9999654874197275, 0.10960064252793393, 0.5994380043432583, 0.9937971659145708, 0.993737823733626, 0.9834173173357443, -0.00036816109657159413, -0.13535673528111278, 0.9908886482440883, 0.9908613546239664, -0.053019926681512446, -0.22870847550359932, 0.9992974471905668, 0.9992583727842461, 0.7428177046181242, -0.5381501572649313, 0.9984633487388256, 0.9992418408963956, 0.9991405581096204, 0.30939588805936064, 0.9991375915479975, 0.9991426584370444, 0.9991375915479975, 0.9162667554242476, 0.6339846481319714, 0.9165618300779891, 0.8886344275208082, 0.6887247834938954, 0.016892059953825044, -0.5178214243149469, -0.1884483769174997, 0.9196144052089961, 0.3809509976072118, 0.962399208249646, 0.961362912474206, 0.8461005243261656, 0.8128839841299023, 0.8672956491706866, 0.8390972917357785, 0.8652147434921608, 0.8660156386836209, 0.8652147434921608, 0.7431757747957776, 0.8071888267847722, 0.8089150153290804, 0.8071888267847722, 0.8243390943698485, 0.709656108855643, 0.8142423575794896, 0.8158409703814565, 0.8142423575794896, 0.5062845003859459, 0.3246310708254812, 0.46549460016721633, -0.7040767440096861, 0.44101985151954665, 0.4037778133880021, 0.4038760265341341, 0.4037778133880021, -0.10029381464585849, 0.7987285072310314, 0.8013751218060448, 0.7934438606379797, 0.857322035795426, 0.37280973152591734, 0.8091919990804322, 0.8117666238101167, 0.8091919990804322, 0.8177120028341618, 0.8177120028341618, -0.26414570615130606, 0.6746438485334643, 0.08929256853361538, -0.5670540169340307, -0.6474082504152121, -0.6482476766888645, -0.08422065905460899, -0.0184672990842477, -0.13919835685750223, -0.06416793230207972, -0.42421292692260126, -0.33777280367380524, -0.8799384929322646, -0.5423907392459116, 0.020604728782421682, 0.021418965303516932, -0.5839048112245746, -0.6082901597626252, -0.5065554089586114, -0.5701394093775443, -0.8230634818316422, -0.5795808592106912, -0.5815865571255734, -0.5795808592106912, -0.26924067444592287, -0.30071661767507996, -0.30071661767507996, -0.8033984151627299, -0.8033984151627299, 0.36068668979955937, 0.6048693246953176, 0.8247802613783671, 0.8026768113279477, 0.7602846878573024, -0.3282657469897809, 0.6467856974291776, 0.7170399127816948, 0.7172057789374483, 0.7170399127816948], [0.9725103241477907, 0.9554013719478194, 0.3587338183868708, 0.9702305817603534, 0.9591012404928332, 0.9725103241477907, 0.949225198897318, 0.9403399015015782, 0.9479433832809467, 1.0, 0.9178730338466122, 0.949256651067749, -0.2880683612085572, 0.9488952921433954, 0.9481898397538847, 0.9503173265343875, 0.14892464426975666, 0.9552679678598424, 0.9552425227995244, 0.9494063281523366, 0.9493981230668928, 0.03722247055803084, 0.6532097373151489, 0.9512912505340033, 0.9515112965773973, 0.8028807104765041, 0.09738141266180872, -0.11669661023651744, 0.9578139712244605, 0.9579539155865153, 0.08558764352502524, 0.03868528961060683, 0.959737719784863, 0.9600173252238268, 0.8438647632806492, -0.4686898792060214, 0.93065176348977, 0.9589322047339188, 0.9604762631647839, 0.1257279511636064, 0.9611774048211433, 0.9611414354518296, 0.9611774048211433, 0.7764898965804605, 0.43064019085229877, 0.7227739019148984, 0.85487470418571, 0.8369026916617315, -0.5529632090681582, -0.6836597135891014, -0.3129684531576565, 0.8652796206037583, 0.10568356743961194, 0.8975306179464984, 0.8975726302468333, 0.8513810923706784, 0.8433974293379896, 0.8786279702088854, 0.8545858927850338, 0.8701553012268253, 0.8710569608383462, 0.8701553012268253, 0.7915165460952753, 0.7694499543061586, 0.77158120954543, 0.7694499543061586, 0.8464088578037356, 0.868164812668855, 0.8444923682419744, 0.8453451484399824, 0.8444923682419744, 0.6108035508953836, 0.5305368338862413, 0.6119524677807674, -0.4292560720133706, 0.6317634223444363, 0.6537136404794583, 0.6570093096903586, 0.6537136404794583, -0.25414301211930473, 0.8512316646814606, 0.9146175578711219, 0.8703225338844532, 0.8691438509012565, 0.2557594302328142, 0.842752926224161, 0.8441950311825697, 0.842752926224161, 0.8553191933685013, 0.8553191933685013, 0.010653807634570921, 0.24524001149572008, -0.07786051272182985, -0.46807666477794835, -0.38651301702432606, -0.38846161728066486, 0.08915634376580996, 0.377410578186989, 0.1199710630468775, 0.007265330913041385, -0.303263659109654, 0.03143291675998848, -0.8129718498945154, -0.13059336165480814, 0.2680400567324753, 0.2670065204968189, -0.3411535992426675, -0.437188369382306, -0.293548518767455, -0.2971817700505337, -0.6881089284119228, -0.3156231986422312, -0.31753220727126075, -0.3156231986422312, -0.051372912475712455, -0.3327962459933153, -0.3327962459933153, -0.5370480876326088, -0.5370480876326088, 0.5809441957114243, 0.677946936711433, 0.7610085523133053, 0.6684140429830726, 0.8407706131805619, -0.4267216439829068, 0.39122305434638727, 0.5699065597432497, 0.5701992235682438, 0.5699065597432497], [0.9801903347686132, 0.9777579109692648, 0.996439605592887, 0.9857437239332308, 0.9948561992745856, 0.9801903347686132, 0.9995531602761714, 0.9981075971521028, 0.9994935937457338, 0.9178730338466122, 1.0, 0.9995508252747047, 0.9995472964309239, 0.9994963606771203, 0.9995324296933761, 0.9984216040128496, -0.33305825991438, 0.9997095874280145, 0.9997138023307353, 0.9995596373013563, 0.9995592714120187, -0.2967073053620732, 0.9579504504748425, 0.9916791314384976, 0.9916508270578772, 0.9870847091941837, -0.04017023608878949, 0.06533842552041373, 0.9888626383932909, 0.9889364775015788, 0.970184975901882, -0.018573744664765204, 0.998615431698275, 0.9985613395022548, 0.9983370767298814, 0.9992143261486146, 0.9991347263343503, 0.998594522332627, 0.9983543683632305, -0.34424496883336864, 0.9982848170290247, 0.9982957577254121, 0.9982848170290247, 0.9100457916278991, 0.5037185300110805, 0.9121255434796246, 0.8868257107802782, 0.6907087415641269, -0.5500660206070906, -0.6686136066928183, 0.8019788833473815, 0.8072677815777108, -0.26297754235764886, 0.9206420250319305, 0.9208172004935385, 0.8380835974681604, 0.8488350577550712, 0.812231159850925, 0.8151824395667854, 0.8220323606682547, 0.8230578445288952, 0.8220323606682547, 0.6353546839819328, 0.5885170958169115, 0.5909638151446218, 0.5885170958169115, 0.8499536877208423, 0.8600636856181715, 0.848134756207886, 0.849778158938775, 0.848134756207886, 0.2739668400853106, 0.20666310095781346, 0.3361480323363185, 0.45927007868627256, 0.324972097742045, 0.378163285379699, 0.38096879233489384, 0.378163285379699, -0.4110431078341365, 0.751264623040918, 0.8060156847882336, 0.7839199766048662, 0.8475035394812135, -0.06441289279420293, 0.7430816127240852, 0.7436378458397843, 0.7430816127240852, 0.7587984819506306, 0.7587984819506306, -0.3275839793340561, 0.6653587028756257, -0.39923019383731145, -0.6559574550947795, -0.5459228097607548, -0.5482052756081751, -0.34775003125544013, 0.13525044954922774, -0.25957168304351697, -0.41680009325089706, -0.5948094111732967, -0.3317354270049066, -0.6301321646927193, -0.39717691342115513, 0.005549472907919781, 0.0014434903512987023, -0.5581292200630823, -0.521378974784125, -0.5393652830927567, -0.5736940432523977, -0.5680794370092268, -0.5432139654080139, -0.5461358385494292, -0.5432139654080139, -0.4406746293535561, -0.598115690177779, -0.598115690177779, -0.6049741011680215, -0.6049741011680215, 0.3557121720955472, 0.36442022779803385, 0.47057126404585603, 0.5561702746938365, 0.5557840483716805, -0.5424895814666975, 0.30648439608499134, 0.32777212374934256, 0.327963104622479, 0.32777212374934256], [0.9903893478867803, 0.9757035731077257, 0.534551553971539, 0.9920540484034063, 0.9966102230075619, 0.9903893478867803, 0.9999960177060777, 0.9979078341233122, 0.999968462042851, 0.949256651067749, 0.9995508252747047, 1.0, -0.16255078984711654, 0.9999940679455978, 0.9999242301167862, 0.9947496489535622, 0.4341584858949704, 0.9998299491790764, 0.9998300727798262, 0.9881321948084022, 0.9999969037498683, 0.3395685295216484, 0.647793878160829, 0.9893440678089301, 0.9837199956446866, 0.9836364685624837, 0.20173339498545612, -0.1954950474357343, 0.9923931902526891, 0.9921014869189565, 0.15243968072799863, -0.26719086873481374, 0.9992840594924859, 0.9993736651703896, 0.3280872985632557, -0.3318801747561787, 0.9985612805871009, 0.999267725889628, 0.9981978965236414, 0.4151235255772895, 0.9281305960557931, 0.9990090051988669, 0.9281305960557931, 0.9161999706893103, 0.6329514398972506, 0.9169630347508919, 0.8892169779265462, 0.6895508374148493, 0.421088235482442, -0.06672665349672317, -0.2119402156443379, 0.9244987177398667, 0.43074414990122856, 0.9688078942617424, 0.9611121619914939, -0.0958733991024505, 0.8123276416207423, 0.7920743032412626, 0.8384517035838334, 0.784812998106501, 0.7543534328804018, 0.784812998106501, 0.7443062197404121, 0.754528383322028, 0.7556556664187113, 0.754528383322028, 0.8231778924599477, 0.28451621138098737, 0.504543479500621, 0.5938963672955306, 0.504543479500621, 0.5072349125281687, -0.3654047043114155, 0.4665331265655527, -0.670128725275817, 0.3807884862394154, -0.13691327213121848, 0.3532943247535685, -0.13691327213121848, -0.1458215323928808, 0.7984682018005195, 0.8018995714645232, 0.7934963816514824, 0.7258208208345285, 0.4417857083103146, 0.8029769709928984, 0.8051610337011724, 0.8029769709928984, 0.7091365162648084, 0.7091365162648084, -0.26162490518489223, 0.67444424712485, 0.2599833330814661, -0.5546133385085993, -0.6039707578101269, -0.6070973931368279, -0.08062289583844404, -0.020576363470157955, 0.3689201164987551, 0.1196838565622999, -0.3728966774534438, 0.1191083592041088, -0.824625817989504, -0.10197629573309679, 0.022231194702357335, 0.022536513627067246, -0.581878353941539, -0.6120501010040117, -0.03208345135482949, -0.5677901351702432, -0.8457895540842918, -0.3281605401041984, -0.1527751372844367, -0.3281605401041984, -0.26642546101311837, -0.2969104793783433, -0.2969104793783433, -0.8402854500429335, -0.8402854500429335, 0.36050445597710795, 0.6060875470826089, 0.49433953774344047, 0.8096720276181921, 0.7618465510311407, -0.2987076424781494, 0.05904206475342166, 0.768483083444239, 0.7868545447501041, 0.768483083444239], [-0.14453162553774748, 0.9756585995438399, 0.5203217822790114, -0.14932479769116677, -0.3672832892448832, -0.14453162553774748, -0.16290419380911164, -0.17287569231691688, -0.3403823414629441, -0.2880683612085572, 0.9995472964309239, -0.16255078984711654, 1.0, -0.1619016819305039, -0.15814012306265623, -0.13380694079869584, -0.29054673863351255, -0.16338140179200394, -0.1637669786450436, -0.28685674149947094, -0.1633464858468269, 0.023052727001339857, 0.3090165421780418, -0.1987650698767242, -0.19910126372132572, 0.9836148025996491, 0.24481061422279465, 0.1863553970844927, -0.19724237321260718, -0.19786093585233136, 0.5360090465285003, 0.120050038760871, -0.16011712565791347, -0.32406128042658267, 0.16218702306249558, 0.9621357041317834, 0.9985591184476873, -0.35730348237827814, -0.15511659486574794, -0.28032538735612333, -0.1604791706501745, -0.16116787932846846, -0.1604791706501745, 0.9162621330935419, -0.11981848591969763, 0.9169151752370132, 0.8891349014819776, 0.6895331222538135, 0.08369004714752164, 0.2586773857995856, 0.6445951792511413, -0.2755784367927172, -0.29554719486021414, -0.07384648423900611, -0.31381236504419513, 0.02122999264193626, 0.24721055825152916, -0.029095091947316246, -0.32546871064804006, -0.027152088550737623, -0.01661152958427519, -0.027152088550737623, -0.43277911408084024, -0.11405627198294016, -0.11618362261897157, -0.11405627198294016, -0.22531993955549584, 0.06582499208511176, 0.04090726723253812, 0.040925098198980894, 0.04090726723253812, -0.42143994390754236, 0.007357849601941877, -0.38464847780552164, 0.6250601193525737, -0.35385801572206865, 0.00784477383884347, -0.06482613446784985, 0.00784477383884347, -0.3053087369982606, -0.3598377489272767, 0.8018845027404159, -0.15015842286306144, 0.007333455200890324, -0.21651406356417058, -0.278736187014363, -0.2780684177112793, -0.278736187014363, -0.03500042998901659, -0.03500042998901659, -0.23870364920127263, 0.674355874054345, -0.16243884270955222, -0.004377963914690433, 0.2049566793882379, 0.20358797465215506, -0.24954403638195286, -0.01200655797955088, 0.020654049301611046, -0.17045474320278323, -0.10462087835110882, 0.04466126764734992, 0.3948641956564111, 0.11923581950038552, -0.04279280734826444, -0.04671874233759788, 0.09228866563442993, 0.5758132377624406, 0.09735281247343558, -0.17828916919367274, 0.6226775028547146, 0.10294762246396853, 0.11044493540704271, 0.10294762246396853, -0.2348671507220797, -0.1936771584722155, -0.1936771584722155, 0.33023613604228996, 0.33023613604228996, 0.36061311345456104, -0.2567524831683633, 0.013209209117636175, 0.08762945836328184, -0.2581266524588077, 0.07826355363783818, 0.15154860257953673, 0.10225654010931373, 0.10221721872629241, 0.10225654010931373], [0.9904580319543222, 0.9754550591045111, 0.5349184960383776, 0.9920934015441136, 0.9966423034787463, 0.9904580319543222, 0.9999921333228867, 0.998961225984398, 0.9999731771355117, 0.9488952921433954, 0.9994963606771203, 0.9999940679455978, -0.1619016819305039, 1.0, 0.9999365164835823, 0.9974050304729611, 0.4342838347343886, 0.9998331431318774, 0.999833180742062, 0.9883027800806586, 0.9999941127289218, 0.3402791860938958, 0.6476251074521524, 0.9929474316973534, 0.9928283305133085, 0.9834994567244686, 0.20203910213007464, -0.1955430185382387, 0.9931278164424748, 0.9931778864136251, 0.1532666960792699, -0.267015778993761, 0.9993361542847945, 0.99937299556847, 0.32698509488456007, -0.33098377085876074, 0.9984931021015516, 0.9992713581868277, 0.9985140172591881, 0.41527524600289834, 0.9275871308818142, 0.9990670608495084, 0.9275871308818142, 0.9164924013687173, 0.6337271978528696, 0.9173557896821259, 0.889609023144816, 0.6892113387371145, 0.422539422083921, -0.06505480153224757, -0.21214598159173234, 0.924921329703631, 0.43105224801341413, 0.9692437582854112, 0.9615038568831668, -0.09692913214270144, 0.8126047078606521, 0.7919912326456832, 0.8387224845936838, 0.7847732927640403, 0.7539669580137099, 0.7847732927640403, 0.7445053778573506, 0.7544806346345349, 0.7560900378062959, 0.7544806346345349, 0.8235393859577763, 0.2838058689012621, 0.5040030637810922, 0.5939348330867767, 0.5040030637810922, 0.5070503205039764, -0.3666224040213952, 0.4664181527587602, -0.6702831237282553, 0.3803686513325727, -0.13796073274051268, 0.35293007002872845, -0.13796073274051268, -0.14576285776237147, 0.798603358059524, 0.801429148242714, 0.7935771503137492, 0.7153497095952384, 0.44219917460748576, 0.8031068456639922, 0.805279751344609, 0.8031068456639922, 0.70893291631434, 0.70893291631434, -0.26340128359958104, 0.6754359454823698, 0.26051065344375196, -0.5545812739453204, -0.6043775205260112, -0.6075092031524149, -0.08185762440052947, -0.021907194242624592, 0.3692247340720295, 0.11920574639119505, -0.3731851140074422, 0.11918157006506233, -0.8237019959469498, -0.10181836927942672, 0.02111399567575959, 0.02141435071934495, -0.5825596305533021, -0.6123844620920053, -0.03148309053745776, -0.569267564598275, -0.8457734467041502, -0.32809655427363466, -0.15219849653154746, -0.32809655427363466, -0.26749855802899153, -0.2974120079814525, -0.2974120079814525, -0.8406459385727326, -0.8406459385727326, 0.36068040570868093, 0.6057716431877976, 0.49376043797888225, 0.8101355126863725, 0.7612807992388232, -0.2981963920814374, 0.0583358124529084, 0.7688901902556593, 0.7874693416587748, 0.7688901902556593], [0.9905084479791486, 0.9746180849721057, 0.5371621337089706, 0.9921339048281933, 0.9966482926433639, 0.9905084479791486, 0.9999187840867334, 0.9986486287054691, 0.9999314101204289, 0.9481898397538847, 0.9995324296933761, 0.9999242301167862, -0.15814012306265623, 0.9999365164835823, 1.0, 0.9975214035832813, 0.43352660542779253, 0.9997820787566658, 0.9997833406774786, 0.988238869906731, 0.9999201957956942, 0.3411197490288424, 0.6491772733715491, 0.9922388768124751, 0.9830353623690772, 0.9835076761678124, 0.20313172658757153, -0.19453903054110283, 0.9922493344663798, 0.9922618903274522, 0.15615095654754488, -0.2677357952648187, 0.9993431947502331, 0.9992227960759392, 0.3268363325331234, -0.3266913318141303, 0.9983994805490206, 0.9992447569042475, 0.9984966927467748, 0.4145466738956645, 0.9264642135621628, 0.9990944313435322, 0.9264642135621628, 0.915174646396292, 0.6339482580547995, 0.9159710790431972, 0.8880791584323255, 0.6862938471707485, 0.42327113292296925, -0.0631380887582175, -0.21277022975358206, 0.9243087637821218, 0.4291646162618865, 0.9695872042071062, 0.9610492955359775, -0.09993871481158564, 0.8112000465532659, 0.7922346544599892, 0.8384197772676747, 0.7850057247468168, 0.7562397530287307, 0.7850057247468168, 0.742581387557457, 0.75388797775518, 0.7572377337261965, 0.75388797775518, 0.8235535742630422, 0.2837405961466455, 0.5035941170530944, 0.5953554513317582, 0.5035941170530944, 0.5056916056743505, -0.3690659850158302, 0.4645438095873466, -0.6679238600585788, 0.37869856341579805, -0.13907593318915704, 0.3531875316332275, -0.13907593318915704, -0.14922638471415484, 0.7979721965346015, 0.8001714302955087, 0.7926393619408542, 0.7278112008716483, 0.44278840755201865, 0.8026294539710094, 0.8050872367935912, 0.8026294539710094, 0.7089961350992179, 0.7089961350992179, -0.26401602651022593, 0.6771332786683806, 0.26045195656849274, -0.5555641358823036, -0.6044110018355492, -0.6073471630333891, -0.08390372705871917, -0.02359770362585872, 0.37048490822986674, 0.11867395537691021, -0.3741067297115257, 0.12016370400504917, -0.8221915631500479, -0.10037314663331641, 0.020014871360879375, 0.02081892496807566, -0.5838977009719335, -0.6075491668441044, -0.02978501600213857, -0.5702862596380998, -0.8435862604255973, -0.3273195060501245, -0.1507824494724245, -0.3273195060501245, -0.2678503652839867, -0.3003105495487122, -0.3003105495487122, -0.8384902258856213, -0.8384902258856213, 0.3582140320265665, 0.6036430876536312, 0.4918255597229607, 0.8109271400195633, 0.7597365996380911, -0.2991772777753589, 0.056240128028838425, 0.7696706865424153, 0.7888701708197069, 0.7696706865424153], [0.9933057438707454, 0.9839743632592981, 0.5745892649304681, 0.994923438572344, 0.9977251293054927, 0.9933057438707454, 0.9939093879221534, 0.9862654815140022, 0.9980632148973835, 0.9503173265343875, 0.9984216040128496, 0.9947496489535622, -0.13380694079869584, 0.9974050304729611, 0.9975214035832813, 1.0, 0.42769915810147563, 0.9977589576832523, 0.9977558138914696, 0.9837666757890152, 0.9973374991122731, 0.3592381321943879, 0.6726609958125618, 0.9703617852562803, 0.9784107168982454, 0.9876099911812634, 0.22978839722895644, -0.16992423587152647, 0.9915087325439845, 0