var element=document.getElementById("correlationAdjClose");if(element.style.display!='none'){var correlationAdjClose={"data":[{"type":"heatmap","z":[[1.0,0.9999948389382283,0.9868650260636584,0.9999369703104989,0.9992036148885843,0.9831075840399052,0.9978567805139262,0.9964316125324315,0.9717883009629413,0.9965840065007457,0.9947474744467296,0.9939489862221921,0.9965189702210036,0.9965488576548854,0.9964723262785883,0.9977780960703141,0.9981295884048816,0.9983177909940048,0.9969391278651167,0.9969498265395543,0.9968866160976604,0.9964921197756993,0.988848179485383,0.974274216178571,0.9911311323349795,0.9609595022751183,0.990323907836971,0.9877334266995511,0.9719801068640318,0.9585193335529565,0.9919472293844013,0.9936141448936228,0.9928656227821383,0.9796764870105833,0.997781048767505,0.9978641504250955,0.9976434871940597,0.9966145573248156,0.9955259701405085,0.9977575078180543,0.9986234801143442,0.9986540318097132,0.9977723513813679,0.9977825212294701,0.9785049191519757,0.9307721003008451,0.9569668151335209,0.9477090924053094,0.9464857293405893,0.9266370054409799,0.9651075040018975,0.9532978151789661,0.9669872919138518,0.9701954657511415,0.9591091185692027,0.9850514130150709,0.9831514905599489,0.9914230980301587,0.9940778105625097,0.9880915112470112,0.9834060712773501,0.988310201414842,0.9871898905848959,0.9888450786420355,0.9887418087945011,0.9545391191570204,0.9772666183128612,0.9771055083513337,0.9769055865453574,0.9424174388733538,0.9831217772457596,0.9798853040020835,0.9867090908522043,0.9860969749186097,0.9434684195372279,0.904829211804988,0.8763499797798782,0.9188744364366199,0.9328385334687965,0.9310567709693873,0.9311092809569872,0.9299520463062847,0.7427905415170151,-0.5295163646680329,0.9812665652412574,0.9767626101498245,0.9745550731680956,0.9886769412630663,0.9743413914908796,0.9847440562427565,0.984750158648165,0.9437250311904138,0.985673900357679,0.9466215797298947,0.8157857198553399,0.9257222634545332,0.9380819155845371,0.8327350080210189,0.9579624754446543,0.9586493458526133,0.9043249939256418,0.9696687713066359,0.8954544398605865,0.5683133693971762,0.7336140257504702,0.902878838354952,0.8748737795079771,0.8943649114584707,0.9770712220945629,0.9772277945299045,0.7922848599353025,0.7615762231798281,0.8257290299290176,0.47736929027683994,0.8106743488663423,0.8297923497215147,0.8249171074882697,0.8185651831851055,0.8002782031396023,0.7581775888919476,0.7431895860145121,-0.2987317141797252,-0.4393777342138823,0.7283579007185154,0.8928552418403556,0.9298664640144787,0.941723747833925,0.9063572148815104,0.8332404214386745,0.9101491459385352,0.923714167284315,0.9235541193641086,0.8606055027832551,-0.12443639269639507],[0.9999948389382283,1.0,0.9907616194175649,0.9998658270007673,0.9983387661269468,0.9900112658716521,0.9941336518434644,0.9920816000029247,0.9882558679411806,0.9920856070301733,0.9921176279118095,0.993304614407805,0.9921633636919294,0.9920795754598049,0.9921333477427187,0.9940886932957722,0.9962540895340953,0.9957833371660914,0.99388661106539,0.9938938609782678,0.9921230730539439,0.992167741399635,0.9927674882226188,0.9787480924686273,0.9888635309493987,0.9853005659382025,0.9889789695170133,0.9876528653833058,0.9831388771220434,0.9435254923191517,0.98967669756953,0.9880264425344344,0.9831637894282691,0.9450496198076425,0.9951628029946976,0.9951180512364298,0.9953236547041421,0.992477953691359,0.9949567415855045,0.9953446745761731,0.9965267311666913,0.9967346590089566,0.995339423774813,0.995350293181783,0.9919914629807326,0.930360432876015,0.9099988789351717,0.9473880674699302,0.9463192440139934,0.9266193664505646,0.9012355547352179,0.9380127964036485,0.9031461776898485,0.930489582321923,0.9012568106245658,0.962207446427546,0.9621969756820192,0.9754314190342057,0.9855772841359185,0.9845330137331638,0.9856453493542003,0.979761874839052,0.983043448264012,0.9809199505127182,0.980827330243434,0.9452340614513041,0.9655129330257823,0.9384589275797086,0.938192814591712,0.8745082793152215,0.9832002162486976,0.9842965792991882,0.9844563284466636,0.9840617758372906,0.9578064783523005,0.8235164844016881,0.7930551859324548,0.8694801914282797,0.9188064614538661,0.8833788316268657,0.9015087999671558,0.9005870621728995,0.7928924518372025,-0.09869679319962939,0.972712216479645,0.9750307509418046,0.9724263903822619,0.9848909729181319,0.9686359671590816,0.9749004541909062,0.9743221172246099,0.9341219840521969,0.9761239335905063,0.9358922753194338,0.7586638544866657,0.9253720457169461,0.9249538868408999,0.6108546184640041,0.8665657213442449,0.870248683260195,0.7725596371465746,0.9703732714578452,0.7472367873489805,-0.32626090476865344,0.27166223244653703,0.7725184785722605,0.7244514177614153,0.7655549371524322,0.9718381407524571,0.9718624776268201,0.23202912496551448,0.4039300863917604,0.23946174706187803,0.21091570736397608,0.23233859381614688,0.24484292879953773,0.24155175257809447,0.16198219589998272,0.5793549755575083,0.31229666438914133,0.2621324574979939,-0.43720016855069654,-0.4872268858083108,0.7272974244616289,0.770050734192563,0.7929598385903965,0.8579391984093628,0.8291724583509672,0.623431143293063,0.7882121020690956,0.7879874647521121,0.7869979637899644,0.45722266592071237,0.2622253551962971],[0.9868650260636584,0.9907616194175649,1.0,0.9880800964060101,0.9935803251600335,0.9914393207760005,0.9893690376348301,0.990199683592114,0.9916058598290436,0.9927856571141248,0.996692773925833,0.9958781466766577,0.9900438447622277,0.9920922724269445,0.9902515871570972,0.9897492743806993,0.9908187101854542,0.9899189496198233,0.9888588356717571,0.9888399521917003,0.9916783151385182,0.9900860147833395,0.9952659204419475,0.9860442487332163,0.9911628574362273,0.9830070034623143,0.9918261079044846,0.9885899159790128,0.9879057301497234,0.9642915580858732,0.9687709117030865,0.9732112843853686,0.9773157404631274,0.9579232799164578,0.9868171261999924,0.9899249904093675,0.9883128730634516,0.9918298235669815,0.9947104318435256,0.9907548556918134,0.9849080912117973,0.9878926186694258,0.9872104544136174,0.986605246528351,0.9929889253592219,0.9268680892836993,0.9422155059757548,0.9552898073764245,0.939727435507827,0.8916867418313598,0.9238013119916741,0.9108968766464607,0.9266674745348681,0.9359151546052566,0.9193366464673348,0.9514580411077211,0.9615362586520442,0.9690938407021072,0.976924881467299,0.9466925163747104,0.9690079456971747,0.9684995286033691,0.9744584401670252,0.9687203387267098,0.9458053386572836,0.9282569036349912,0.9542886874627503,0.9451456103458026,0.9280371972235086,0.9031738497577627,0.9750177286426986,0.9558300345797613,0.9679822287216082,0.9484639477764639,0.8534529206487753,0.8729821759093342,0.7931552747956871,0.8887166571446281,0.9090068913471908,0.911351742437896,0.879206823218761,0.8931623268198776,0.4739747535531416,-0.5130923913744044,0.9657877136432991,0.9543365735487072,0.9540670105749688,0.946597519424512,0.9604571705863244,0.9682142243777102,0.9678526034030108,0.9362358463890212,0.9642618221858803,0.8942542499440271,0.8015936386071304,0.9593316200783022,0.9577397391185398,0.8169108311767678,0.9465780349009845,0.9480732785333044,0.8777434592704371,0.9813065415636905,0.7760253405786716,0.4731179742825155,0.6796326607601832,0.7993734693774245,0.8031782735522893,0.7803025349971393,0.9831568904447142,0.9831985698653481,0.725409592471854,0.7130683005880918,0.7114174227641052,0.42990221934502354,0.7139634734876006,0.7180185682399305,0.7247601882161506,0.718523950453626,0.765935871452443,0.696682383877547,0.6807997369621464,-0.3546315580064666,-0.49513847542961786,0.700119254643482,0.8566848232717293,0.876916875222793,0.8883846649842004,0.8798330140822865,0.769592041474329,0.8589125193342547,0.8671617966959106,0.8735917752553476,0.7384569287927528,-0.04786283481598034],[0.9999369703104989,0.9998658270007673,0.9880800964060101,1.0,0.9994210845495347,0.9841062696355419,0.9980669129006834,0.9968013406876097,0.9737395131180523,0.9970037340457252,0.9954093360264124,0.9948086041139279,0.9968726590058195,0.9969862494699008,0.9968416003647258,0.9980144909294996,0.998424250993482,0.9985491147593949,0.997261300951586,0.9972701102031587,0.9972426949072742,0.996850222507156,0.9899066754696167,0.9755181561674146,0.9919779143609528,0.9632327354142723,0.9912653454184607,0.9894393614672982,0.9737410917397715,0.9595792849638194,0.9913230200387781,0.993154998310009,0.9927956902667622,0.979300509735235,0.9978450688283315,0.9980462500306296,0.9978366915777476,0.9970173238741622,0.996011618477718,0.9979731837798089,0.9985229020096915,0.9987263479101758,0.9978325643670423,0.9978402095919955,0.9801125998255923,0.9277335191478103,0.9550885793854668,0.947369423905572,0.9443401052958785,0.9212445348419003,0.9623921710706844,0.950259182856153,0.9641887574230229,0.9679959234813965,0.9566136828504564,0.9831201607574347,0.981822048622897,0.9906322551487023,0.9938774650734116,0.9868779262778017,0.9823663323369727,0.9872650555961434,0.9866499032575091,0.9877319286105588,0.9876211569654721,0.9468294176910583,0.9761600553188788,0.9758747626457005,0.9756690923946895,0.9383894046977682,0.9826927657379788,0.9774939775274527,0.9854960967692425,0.9848527049074762,0.9271553166580251,0.9035367047505694,0.8731418836357399,0.9173795739279792,0.9304583864048298,0.9306493722708151,0.9290441118869557,0.9279204634115757,0.6634341794496076,-0.5290315692087327,0.9805226318990016,0.9756004634953058,0.9732222151341123,0.9874654782534389,0.973742827733403,0.9840943828652003,0.9840979316315372,0.9433617067034211,0.9844745316731278,0.9349523872529355,0.8189043641778532,0.9300877099551164,0.9415708866712965,0.8341488305937178,0.9590824334398466,0.9597919703935615,0.9039269840360175,0.9707452243802006,0.8894808461001651,0.5647870187106675,0.7319651298629215,0.8975237427536792,0.8712266121271695,0.888738116789497,0.9778105740537361,0.9779726171379427,0.791168845485052,0.7617508383833105,0.8179117300014898,0.47884560827930334,0.8047963643855494,0.8217060974725332,0.8167587737568568,0.8131764601079794,0.8023247171792154,0.7580939856172011,0.7431710275825246,-0.29412120590893215,-0.4386526335048583,0.7273324087567683,0.8912478597664272,0.9280485255147589,0.9399391040126753,0.9053450201593553,0.8306277764433793,0.9081893438640802,0.9215139408176971,0.9215016904803341,0.8538024491488008,-0.11757897068846719],[0.9992036148885843,0.9983387661269468,0.9935803251600335,0.9994210845495347,1.0,0.9864060252881086,0.9989656387401558,0.9985731472335584,0.984827872111077,0.9985704227490867,0.998189794840909,0.9980840007044887,0.9985856491971146,0.9986011700198457,0.9986038428095558,0.9990691413055728,0.9988753742382908,0.9992326694132566,0.9988307817525014,0.9988311500397806,0.9986397641008036,0.998587606503183,0.9951157356496949,0.9824414482395951,0.9953841452445161,0.9788141220092184,0.9954211505557953,0.9929180554680305,0.9851167157418347,0.9625258340777358,0.9891010265059691,0.9918650014551813,0.9904076873420024,0.9724941375602156,0.9988193790432103,0.9988891128582934,0.9989210225770855,0.9987015275704391,0.9985806194358599,0.9988834648224693,0.9989174461121921,0.9991431199285274,0.9988453122090293,0.9988453337833592,0.9887594067096714,0.9360152519170762,0.9544546955857889,0.9528568856043119,0.9434629608770414,0.9168262756634059,0.9523748569409144,0.9477893425232216,0.956535666441146,0.9628188005398841,0.9513880521973075,0.9816154693202278,0.9815400145800618,0.9909286364838559,0.9938154684003135,0.9831480097868939,0.9764357677956798,0.9816973192003922,0.9829890165526481,0.9821086987266688,0.9819811573759678,0.9439390945946098,0.9684872785573561,0.960957500557327,0.9607349538569536,0.9123086534702356,0.9798343392393132,0.9761424153285316,0.9816566643357737,0.9809036524524696,0.9406846108750747,0.8864207036675507,0.8555597277635941,0.9042270853307626,0.9350919160959299,0.9223676793366737,0.9281855858507532,0.9272893523386546,0.7923624963766651,-0.5221224031134344,0.9747583158122549,0.9657885679097533,0.9645146218550664,0.9839121882898173,0.9644281435343329,0.9780726010429104,0.9777985935023844,0.935270563952153,0.9792164689792096,0.9368852648814553,0.8092653465572635,0.9423313694240828,0.9595426555539583,0.804289102210929,0.9487043256322208,0.9499772636720105,0.8994491298329663,0.9751534188691715,0.8937474154998623,0.4021935751141495,0.680863605623311,0.8996353982121915,0.8555211146848409,0.8959179353944635,0.9810918485610088,0.9812127056723224,0.760431578251796,0.747601678628789,0.7642220029005036,0.45887448561456945,0.7245354352085582,0.7683082711846287,0.764205930406504,0.7299920431029625,0.791355965904197,0.7455975067091253,0.7298155808673397,-0.48940113004973324,-0.5726759321451214,0.7216747020512057,0.8875911581412703,0.9172344591635516,0.937784639019294,0.9048724270676122,0.8165511913867098,0.9025658023509268,0.9119539439486667,0.9114533196004314,0.7968271281693055,0.0932725592724904],[0.9831075840399052,0.9900112658716521,0.9914393207760005,0.9841062696355419,0.9864060252881086,1.0,0.9797309781181376,0.9812155597687585,0.993566231519317,0.980711369569503,0.9770410279628731,0.9762255621310293,0.9810227885567437,0.9815510110517142,0.9812827077893596,0.9809362694069739,0.9847271812576244,0.981769630775955,0.9816035597342314,0.9816557890148064,0.9800881887778881,0.9812118717512328,0.9934667227318751,0.993398711692884,0.9827925508580768,0.988544735780694,0.9833651486377919,0.9754150134146536,0.9878475957337378,0.9750079431893857,0.957015562189619,0.963400330351566,0.9735526087586931,0.965106986855913,0.9794894882063184,0.9799754008628859,0.9808217151562564,0.9819559986148182,0.9771942551691152,0.9804846795469208,0.9788413214528294,0.9806657908230102,0.9797711082270222,0.9798290006915242,0.9961073559215621,0.8920923129498249,0.9336169675377518,0.9370274334113878,0.9453318652137531,0.9065449867157181,0.917560880838171,0.9129554505900672,0.9206038713842544,0.9393083843916977,0.9185177395905824,0.948531588765815,0.9552513809420643,0.961745756690018,0.9666019408471554,0.9739000006558015,0.9895699919482479,0.9766070789827614,0.9867418758297997,0.9762199706393878,0.97570911487874,0.9775193237064924,0.9748033077915415,0.9571128117199555,0.9565816365559371,0.9526570092186621,0.9855342582919852,0.978562213176384,0.9747221538486638,0.9736374766444402,0.9695214556096678,0.9135179165790838,0.873204638693339,0.9279828881292104,0.9290969986725973,0.9385305271805825,0.9199696605731069,0.9179071590084379,0.7822577378620619,-0.4655963159065791,0.9845679237111111,0.9861581971626467,0.9829368620543939,0.9746965258957381,0.9781451266555322,0.9831709785095718,0.9827905604764599,0.9710422395795704,0.9734978278411613,0.9708299266708692,0.8209676614626749,0.9064930875622274,0.9600575396935015,0.849313352118379,0.9475845148782401,0.9484810680793532,0.8665032180232877,0.9593452141921929,0.8303178210754307,0.48126389624734056,0.6936245849266636,0.8405110325318972,0.8196781535614875,0.8305312569944149,0.958875247090129,0.9589981272003515,0.7424092409633467,0.7364180034860351,0.7489492950147575,0.4820446571388373,0.7486004767918291,0.7539939296682906,0.7478537852351624,0.7469794029824526,0.7797901667443043,0.7142805208896231,0.7023329522400477,-0.3193073078508823,-0.4497341151644714,0.7349229792584784,0.852556973380881,0.8636722764737748,0.8837881147763355,0.8611625033502457,0.7866024898120504,0.8462197904210929,0.8562860889665042,0.8563637189753511,0.8006644199022058,-0.073106611625999],[0.9978567805139262,0.9941336518434644,0.9893690376348301,0.9980669129006834,0.9989656387401558,0.9797309781181376,1.0,0.9976974835088707,0.9571053703725074,0.9996413522500007,0.999615109212702,0.9996462262672696,0.9985464764650027,0.9995092203365047,0.9992540309691442,0.9998947883042286,0.9968730359626201,0.9999049578094346,0.9994362769246982,0.9994405319137483,0.9997361037936024,0.9993842818031613,0.9908814922789971,0.9753644316688281,0.9867892546787423,0.9292642647112254,0.9940690774069105,0.9935008425472294,0.9756179597840785,0.9558313681909101,0.9916129743406653,0.9922023504680475,0.9940424727365538,0.977112256823581,0.9990945343462255,0.9998663536382876,0.9997400947352608,0.9995074848494688,0.9997923528183806,0.9998530789102078,0.9986394297106206,0.9997582311067348,0.999443908909643,0.9991296301000498,0.9798245152696888,0.9420493598963149,0.9567390858045841,0.9552022814581336,0.9423546511033529,0.9148315579038564,0.9594816803841231,0.9499108748043026,0.9618611129910056,0.9656816213224915,0.9562765693718922,0.9827904768456591,0.9828584366441835,0.9924817690252944,0.9964748049276467,0.9548865941070251,0.963364527007497,0.973915784024839,0.9743950483291237,0.9753514521412606,0.9547899905984847,0.9037618934464364,0.9588387281624374,0.9634721679009524,0.9466341219408161,0.8926225183870051,0.9700071607747898,0.947626355583354,0.9712727184093944,0.955226151879184,0.8103987253431649,0.877447685964732,0.8079283804133931,0.8904818565794291,0.9064740102689691,0.9105647132025654,0.8917645759508338,0.9025891756817425,0.41857761220998246,-0.5649861243329222,0.9648541241899388,0.9506494932735517,0.9509070052853811,0.956220266732357,0.9596116455644742,0.9710333788619444,0.9711379926452034,0.9223491011593183,0.9697444096192475,0.8630821044750699,0.8023444464634176,0.9426036654281392,0.9395139984047678,0.8201795636162338,0.9564095607288918,0.9572506620878085,0.9038823069769999,0.9745959122609794,0.8340911971170056,0.5629878568510451,0.7267037114707252,0.8587804274822733,0.8540059750647339,0.8402593014802303,0.9815196052112245,0.9816906369566926,0.7841201754949716,0.745456257170083,0.7836214348569217,0.45207674033839007,0.7851058076492183,0.7976112916855019,0.7886512292826897,0.7969814250676366,0.7892675186402434,0.7526779999369678,0.7359050320894094,-0.30627167530443844,-0.4586586554734548,0.7323017165871498,0.8930944678826446,0.9220382796215391,0.9419079885177754,0.9122138707078946,0.8330636458750974,0.9104902908587271,0.9270635977309799,0.9255703744203481,0.7821125955830696,-0.09045522255686059],[0.9964316125324315,0.9920816000029247,0.990199683592114,0.9968013406876097,0.9985731472335584,0.9812155597687585,0.9976974835088707,1.0,0.9675771260618192,0.9999998393153515,0.9999993677866476,0.9997856229927523,0.9999971142124027,0.9999933410891101,0.9999983824281058,0.9993800806671859,0.9921129750752288,0.9995055828667598,0.9999144265524413,0.9999140512876128,0.9999677266678404,0.9999988381781125,0.9914654905817546,0.9771633790303805,0.9933726492778286,0.9430607557484559,0.9945628540236029,0.9920707042626518,0.9778161767636666,0.9555260123085442,0.9879877801724876,0.9938961114657456,0.9927106550540893,0.9743955184538556,0.9994938107115783,0.9996046058584739,0.9996996172569499,0.9997615717805336,0.9993262183431055,0.999547243336084,0.9983505637605328,0.9989381036130672,0.9995665725592147,0.9994406379109315,0.9816332538755458,0.9420063536231096,0.9544903542842067,0.958585604321199,0.9421119135954259,0.9064339283720912,0.9577242815521532,0.9457207102791884,0.9597870741111398,0.960667355065729,0.9507640914291087,0.9808470955600828,0.9802076253592052,0.9915552396905895,0.9968247995151873,0.9507160721537281,0.9605934506078968,0.9690672130431734,0.9722452302273755,0.970831651626788,0.953457037776571,0.8990737895884265,0.9554044150956035,0.9582202998039235,0.9422208493189931,0.8843318182427319,0.9680892465794717,0.9426527698859083,0.9669067824725943,0.9513460074663295,0.8008709527889409,0.8717787993267329,0.8043539857665472,0.8847331720000887,0.9009215756141208,0.9073606564094365,0.8882104188338864,0.897129807293115,0.4040172973796768,-0.5678808552050829,0.9619453453308352,0.9465058817126526,0.9467853887315902,0.9545821966545208,0.9566473009132203,0.9682015556459308,0.9682946744548713,0.9197848377265899,0.9645025264458797,0.8555265838246303,0.8001394056462525,0.9537986935396244,0.9492443080923431,0.8179830993375072,0.9564559342322854,0.9574320435216203,0.9014050068711205,0.9781351102026895,0.8363701869390937,0.5485742632025603,0.7184602520703394,0.8592456136725709,0.8507354994757531,0.8418265592929469,0.9836816419009253,0.9838547408147021,0.7757015087701344,0.7386508522662621,0.7843675847581117,0.441229908341199,0.7800326520342553,0.7929053697122347,0.7885567525863872,0.7913645739689152,0.7837500079943008,0.7472122967193072,0.7299371852381996,-0.32103237248233907,-0.4722898387469032,0.721583547061479,0.8861060767421347,0.9193050639432724,0.9346282623706078,0.9067800187239276,0.8230379361578793,0.9042066878228988,0.9208259999615909,0.9195637429577863,0.7643574865387649,-0.07376791933060022],[0.9717883009629413,0.9882558679411806,0.9916058598290436,0.9737395131180523,0.984827872111077,0.993566231519317,0.9571053703725074,0.9675771260618192,1.0,0.9826180022365049,0.9873138397523717,0.9897872774766129,0.9711672229588789,0.9795080123306056,0.9760259694471123,0.9741696815856618,0.9507997133342945,0.9789991005271297,0.9766701008805478,0.9766576316254668,0.9810840947453718,0.975901711260952,0.9938375924700525,0.9936038736594994,0.9801981876652386,0.9904105465084443,0.983398943411998,0.9913554339435672,0.9911484375850591,0.9712810126539481,0.9270028483000402,0.9486302333818262,0.9659213783463,0.9530135905755678,0.9704802208794587,0.9790219570639288,0.9755584764987526,0.9778994811976541,0.9884862839967385,0.9802652628797788,0.9669306846978922,0.9764253512852166,0.9713686700755881,0.9703935151821781,0.9990831077489274,0.9089976765936655,0.9278241966258899,0.9553905346785938,0.9447230737645551,0.8886245950485898,0.8882117832563057,0.889298311091288,0.8923354377529142,0.9205637888088827,0.8998117029692237,0.9303314556108211,0.947644134032165,0.9525605660440754,0.9604771928607178,0.9110246741038717,0.9711345350918535,0.9518303262355996,0.9699870936979109,0.9518106889301508,0.9104319880797782,0.9239502187568484,0.9500880634568399,0.9253978329617235,0.8913285830093626,0.8945088782194607,0.971457635203429,0.927911752433918,0.9489661874419664,0.9133924047975834,0.8459614892934434,0.8700181005008151,0.7556474625787248,0.8871258574020735,0.8935766436114748,0.9067528766305364,0.856918705340166,0.8750058828644285,0.4586103920983313,-0.49371278724793494,0.9624844185291435,0.9575376242890579,0.9555125521333572,0.909060810337582,0.95378962862914,0.9608037927992777,0.9602468418968627,0.9422434894389642,0.947048481429682,0.8875988594906902,0.8070979395686259,0.9460712581128263,0.9647452240291784,0.8262147485024809,0.9400880196807978,0.9415379105998173,0.85574211549721,0.9690482549566851,0.7421966250891489,0.43491756382406926,0.6609066264403846,0.7759465773027359,0.7797611326449778,0.7541083132178514,0.9683873919467954,0.9684208244256146,0.7065551729205388,0.7030003308072813,0.676653114507723,0.4372346733043514,0.6954284055599643,0.6954762782705178,0.675300023476976,0.6962922790899442,0.7584553976012306,0.6895588552829783,0.6750033573249522,-0.35964860352649985,-0.4963329468903015,0.7331282347665005,0.8409868960031602,0.8300179139477475,0.8629656741239392,0.8590268059457012,0.7610614415690523,0.8152835671924439,0.8361977031287704,0.8299443475575105,0.710572339368485,-0.00838814464999291],[0.9965840065007457,0.9920856070301733,0.9927856571141248,0.9970037340457252,0.9985704227490867,0.980711369569503,0.9996413522500007,0.9999998393153515,0.9826180022365049,1.0,0.9999991737822544,0.9997900527976145,0.9999985518088006,0.9999923217635633,0.9999979346503126,0.999709500544803,0.9980075935652417,0.9995049609956098,0.9998923705677841,0.999892321450063,0.9999792564683349,0.9999993726668471,0.9939864509464029,0.9790100077628291,0.996506576539893,0.9746915749999787,0.9965827277694334,0.992069684608938,0.9822122904593723,0.9570185330130249,0.9899279393498951,0.9939039046329153,0.9904958074857584,0.9713622762881104,0.99953531606042,0.9995992240779178,0.9996129346608745,0.9998461803757268,0.9993372089463591,0.9995544616035361,0.998591361682873,0.9989832207594154,0.9995435739486433,0.9995392876404161,0.986126293525925,0.9418696550430459,0.9545181495975862,0.9584198708160478,0.9419384546064888,0.9065340790242687,0.9505202317698959,0.9421736198864074,0.9541088255341041,0.959077350965703,0.9491546894928091,0.9803797861443503,0.9802393347140529,0.9921158217596796,0.9966874147371751,0.9737812662853292,0.9604970493081726,0.9722194248111632,0.9721951801363331,0.9727872001575613,0.9726110533691552,0.9315213689428147,0.9553327219213228,0.9516712348169644,0.9513880220016884,0.9008654889771577,0.968004457259221,0.966719753870945,0.9724441072492079,0.9715390073641681,0.9270848585609854,0.8717960681164674,0.8354337433207433,0.8846274970818643,0.9187688441445615,0.9080263181961138,0.9129743012371726,0.9122679284387029,0.7489854183169894,-0.5673784294170341,0.9619247865888151,0.9464794557415488,0.9467731702607904,0.9747402323379859,0.9520742747323738,0.9679266951476075,0.9676255459436716,0.9205958032080309,0.9692702460413631,0.9224664315895479,0.8001341015082843,0.9535864400080141,0.9600361776388009,0.8040626445319606,0.9508973084210163,0.952010659226993,0.9014772857014128,0.9774199064824237,0.9017646222530697,0.4449639712390074,0.6974176890608543,0.9075805669525557,0.8633834030919787,0.9037953575603447,0.9836480746996953,0.983843597831057,0.7757705112475898,0.7384412549275353,0.7789355789569999,0.4413295627128427,0.7400460130386394,0.7833288480243287,0.7789408756515401,0.747631914417825,0.7835582319496168,0.74722150952852,0.7299215923806586,-0.5334748571258074,-0.6169242940216823,0.7204852035178454,0.8860752614587185,0.9205196141823622,0.9399220419728621,0.906781394806305,0.8200898694360345,0.9033119783460055,0.9147561176350131,0.9142555043841561,0.808657380782887,0.15287523817450946],[0.9947474744467296,0.9921176279118095,0.996692773925833,0.9954093360264124,0.998189794840909,0.9770410279628731,0.999615109212702,0.9999993677866476,0.9873138397523717,0.9999991737822544,1.0,0.9997888448281871,0.999996459618745,0.9999951528852812,0.9999984430223552,0.9996972635270712,0.9977644747455534,0.9992795750573199,0.9998037652421056,0.9998038199054793,0.999998487461011,0.999998469135617,0.9935114939650389,0.9757139697279829,0.9956819268989803,0.9827971659800889,0.9962293504651903,0.9920818637736287,0.9845822831989118,0.9508132116150699,0.9895295342736469,0.9936402194704377,0.9849746855096981,0.9492074871325041,0.9993482808313263,0.9993998068955118,0.9993462064274166,0.9999045266549794,0.9993225830336399,0.9993557294517528,0.9981246090256672,0.998641325703916,0.9993268751695431,0.9993248472028786,0.9886410165578595,0.9416206351364035,0.9253765516172334,0.9583901362030789,0.9418853424138813,0.9062893873611201,0.9242924425084421,0.9158061654120087,0.9283141711302904,0.9362170602441607,0.9228843617418175,0.9739202263065841,0.9738987268835986,0.9910797039756449,0.9953738927118237,0.9662913791204082,0.9606378123584947,0.960035956132584,0.9636407295310632,0.961139773783506,0.9609117343582781,0.9092671062826878,0.9453547586254215,0.9176516941987783,0.9171426040104192,0.8378521268198427,0.9663271843668534,0.9712334804443659,0.9680257662960376,0.9669296402644266,0.921142060729848,0.8152019815051039,0.7825210047032567,0.8527379579894849,0.9017073531695318,0.8740114376111914,0.8877912225459517,0.8866344349229954,0.7537662279213604,-0.35692048905325013,0.9502952207040571,0.9466417277051138,0.9468960358304963,0.967297516951563,0.9390418740533504,0.9526659260475407,0.9520506182456226,0.8959319387756624,0.9550627217290399,0.8997186986407071,0.8002996510621618,0.9538659345675782,0.9645094193258035,0.7110903295943718,0.9152631894203991,0.9176993800197801,0.8613338685100445,0.986084139229767,0.8494430981788132,0.09904748636428,0.5551519172126197,0.8612137897545927,0.8305382505102462,0.8563548644892189,0.9868012904659743,0.98681632134476,0.5520248076323233,0.6586329457255791,0.5591635206079857,0.44128192605711797,0.528621182482774,0.5687991320098607,0.5597337783640355,0.498900239438159,0.7734214504470457,0.6242443966348905,0.5867073740231572,-0.49347060023329636,-0.5530774270835341,0.7200019943229156,0.8673039168545225,0.8794782917007826,0.9136987248905416,0.9008999197288872,0.7013533154128146,0.8593191421892817,0.8734090761014117,0.8727717939839527,0.6322980240579023,0.10783627886667002],[0.9939489862221921,0.993304614407805,0.9958781466766577,0.9948086041139279,0.9980840007044887,0.9762255621310293,0.9996462262672696,0.9997856229927523,0.9897872774766129,0.9997900527976145,0.9997888448281871,1.0,0.9998025716814304,0.9997894998755774,0.9997944121119454,0.9996913057258091,0.9983651146555103,0.9994591381997341,0.9999731128342635,0.9999728840970195,0.999793882080256,0.9997984989135117,0.9932283371612052,0.9732587842038251,0.9946635398923048,0.9836805875211165,0.9953767404882335,0.9942202896024519,0.981252784537856,0.9340987064023928,0.9922549178069954,0.9948009488312486,0.9811580215300931,0.9330771661179872,0.9994771782309951,0.9995189876141409,0.9994824617821945,0.9996298637419493,0.9996493272104114,0.9994966208019951,0.9980270056583954,0.9986713587645284,0.9994632433812353,0.9994603242548677,0.9900200884810325,0.9376153543725356,0.9144301838004332,0.9554075716695836,0.940127785425895,0.9060802112552441,0.8941957669131284,0.9280147935391424,0.8973314320602394,0.9163640800818786,0.8927188606777355,0.963396506251513,0.9633838010006782,0.9830393129429064,0.9951005536271409,0.9650893184574452,0.9650361579232325,0.9552080101801985,0.9614316004788517,0.9573110116360523,0.9571397917714244,0.9096160555540023,0.9361869485702329,0.9017440050587969,0.9013989739900563,0.8237528236359579,0.9656123497353205,0.9674450971696965,0.9674348456528766,0.9667498218940639,0.928267685571547,0.7746520493049966,0.7406676222122749,0.8242336215040822,0.8831467556737299,0.8441511888371092,0.864406646855092,0.8636784329932468,0.7402028013541085,-0.2209361456127809,0.9444608537866368,0.9484053572956536,0.9440969591305219,0.9657032352767548,0.9388235024521338,0.9475265573781714,0.9467133131156459,0.8946935436422706,0.9495044407391894,0.8973194172890482,0.7597838628600118,0.9516334302893953,0.9456594541572695,0.6029447222769505,0.8675407149450524,0.8715737922330371,0.7680409747052525,0.9806822587201789,0.7451983654317874,-0.2668014795777616,0.3045704718932489,0.7679213998200496,0.725287601485714,0.761842238812766,0.9817431769000958,0.9818298633490395,0.262141425801422,0.41994496722205166,0.26799211656391514,0.23985185157769512,0.25984022429124565,0.2744530037918632,0.27180680083091247,0.18886097861612205,0.59406696564229,0.33124074533383513,0.27953830903480487,-0.5032937539830652,-0.5521166857470264,0.7199304746701624,0.7732071825793695,0.795904249214017,0.86036673941253,0.8371488893550318,0.6122291219754368,0.7856186464581498,0.7911103264406453,0.7901601268363531,0.4599351721990437,0.2949887980378973],[0.9965189702210036,0.9921633636919294,0.9900438447622277,0.9968726590058195,0.9985856491971146,0.9810227885567437,0.9985464764650027,0.9999971142124027,0.9711672229588789,0.9999985518088006,0.999996459618745,0.9998025716814304,1.0,0.9999917274422344,0.999997697767207,0.9994236441761938,0.9936836212162496,0.9995422429115783,0.9999239006899416,0.999923693147009,0.999974458849514,0.9999990085624358,0.9913416319757672,0.9769624730034321,0.9940142159430698,0.9479140831547787,0.9945128168706022,0.9921683245818932,0.9776120526563032,0.9554572669210173,0.988899999997909,0.9939854722745469,0.992793734797893,0.9745180632930529,0.9995363774254012,0.9996423631045158,0.9997286964400273,0.9997594946321005,0.9993781431026844,0.9995859119187034,0.99843355357861,0.9990003679945247,0.9996086451774906,0.9994836417127269,0.9813791333240672,0.9422324712580735,0.9546320712706009,0.958493203066503,0.9421332870195543,0.906950056727705,0.9580773860804831,0.9460963004382456,0.9601416404268477,0.9609753753652674,0.9511417152116238,0.981096805860627,0.98038599377971,0.9916837115558519,0.9969122414005347,0.950944693002104,0.9605738319589994,0.9692101507389798,0.9722626141138345,0.9709736719810446,0.9536378780351604,0.898962725044221,0.9554999903283624,0.9584714175739462,0.9425349007175504,0.8844047093978074,0.9680689345330896,0.9427630085897885,0.9670295756285067,0.9515589040188912,0.8007334702237598,0.8719672562428299,0.804749044405945,0.8849083962932518,0.9010892908433094,0.9074431410108114,0.8884885338639595,0.8973956789690047,0.40406224283478426,-0.5680160875689355,0.9619884360219538,0.9465612056654577,0.9468424520652842,0.9547684677985581,0.9566864313995942,0.9682668552904989,0.9683627242482031,0.9196964874723592,0.9646646494763256,0.8554526749639163,0.8001656577403977,0.9532909029206206,0.9487529765932982,0.8179660955221834,0.95644706293691,0.9574156597823911,0.9017454309370796,0.978000097459049,0.8368788674727842,0.5497011448336862,0.7190966373421752,0.8597357322111434,0.8512691796379556,0.8423247296533619,0.9836238721721561,0.983796936831802,0.7763038998289363,0.7391286634619479,0.7849949753823174,0.4417972583449411,0.7806952586880531,0.793604513900138,0.7891996907896505,0.7920761124688968,0.78407435378007,0.7476651844399901,0.7304028423501729,-0.3201391978400219,-0.4715063076380082,0.7219207758817873,0.8866212663005347,0.9197976087134998,0.9351640479001478,0.907261411170496,0.8235910367990076,0.9047957967365067,0.9214222224405725,0.9201518417939769,0.7650341808438811,-0.07481975736976708],[0.9965488576548854,0.9920795754598049,0.9920922724269445,0.9969862494699008,0.9986011700198457,0.9815510110517142,0.9995092203365047,0.9999933410891101,0.9795080123306056,0.9999923217635633,0.9999951528852812,0.9997894998755774,0.9999917274422344,1.0,0.9999954734612919,0.999602821112556,0.9979751912452246,0.9995034879078033,0.9999101269388201,0.9999091521441368,0.9999574970867455,0.9999921044412271,0.9932085032791466,0.9774381420203756,0.9962228088200777,0.9687936661739482,0.9960113356997699,0.9920573250969005,0.9781764205697608,0.9557814471068519,0.9893517575884788,0.9940883711444395,0.9921079878558097,0.9740793352954492,0.9995206492725229,0.9995975595721845,0.9996527948469295,0.9998963106164516,0.9993464215806824,0.9995379914247651,0.9983225171762563,0.9989280342690575,0.9995424936520864,0.9995360844291208,0.9839750956841663,0.9420170689294386,0.95444193741233,0.9584110968567364,0.9419467495125979,0.9065477937871055,0.9536806987592674,0.9399010678905979,0.956005115683276,0.9603912370994996,0.950434041907253,0.9798385875760082,0.9800850093484796,0.9910363127677209,0.9969145609662368,0.9748252137556203,0.9602539647046152,0.9738527222040134,0.9722126310857454,0.9747841863428403,0.974602692606036,0.9404891049230455,0.9550953945743395,0.957169581916774,0.9568907350836462,0.9173175799638567,0.9680317188698556,0.9695848075043796,0.9744176509335711,0.9734505115126221,0.9349497111658573,0.8715984077567633,0.8403516589926355,0.8844901485727942,0.9108995057117133,0.9072082608023957,0.907907300472634,0.906902018874649,0.7275586410102197,-0.5687417027108818,0.9619551625381152,0.9463380701213789,0.9465166046706698,0.9758030412899361,0.9567423015363201,0.9682220977171527,0.9683205193167703,0.9199313889038768,0.9699513915789256,0.9307209231791763,0.800091428010662,0.953400278177336,0.9532455404698826,0.8173093703578085,0.9563427758681698,0.9572568227287058,0.9013554764255738,0.9783252132945444,0.8872330802930639,0.5488546780245936,0.7179795911714938,0.8951585647963358,0.8649805346813955,0.8863494250216191,0.9838767998017546,0.9840695854386476,0.7749417619881916,0.7379845958094459,0.8061318475929456,0.4413777362029678,0.788140691945377,0.8104224904246867,0.804910084009029,0.7930380034650303,0.7836680134461373,0.746001928087025,0.7287450132748738,-0.40942275087898705,-0.5316456439760997,0.7200761371068243,0.8860760884746083,0.9164472191842077,0.9308733600981073,0.9071008980101053,0.8220404290309246,0.8937935391337118,0.90982831474424,0.9094345286659453,0.8422922921147927,-0.041498396911754006],[0.9964723262785883,0.9921333477427187,0.9902515871570972,0.9968416003647258,0.9986038428095558,0.9812827077893596,0.9992540309691442,0.9999983824281058,0.9760259694471123,0.9999979346503126,0.9999984430223552,0.9997944121119454,0.999997697767207,0.9999954734612919,1.0,0.9995073281291169,0.9973045700599518,0.9995198594012792,0.9999169363406573,0.9999162801133261,0.9999685354323462,0.9999977599096134,0.9915080320986182,0.977225085694418,0.9955990642289563,0.9605665590978322,0.9953971465032132,0.9921313805768969,0.9778686997298166,0.9556824996231088,0.9913646188518775,0.9942368507963084,0.9926639169978599,0.9743161055625188,0.9995042230498947,0.9996053397758163,0.9997060092458336,0.9997756320803435,0.9993499063586969,0.9995445097876503,0.9983732399720266,0.9989525709401782,0.9995754805753622,0.9994519823526348,0.9816353395578463,0.9420661328620378,0.9545105291762023,0.9585587798593936,0.9421515570136961,0.9066615054940348,0.957796068381697,0.94584106578095,0.9598880505449958,0.9606240043735532,0.9506865743284016,0.9808683739471125,0.9801565848020709,0.9915280319805351,0.9967903542915075,0.9509808451877266,0.960635900049464,0.9692179034206282,0.9723269612949358,0.9709697487893559,0.9532855085381939,0.8992651606865932,0.9553397333403034,0.9582824771780277,0.942410704997223,0.8844570059865499,0.9682207911905026,0.9429608199094224,0.9670897688347331,0.9516240797171602,0.80117956503221,0.8717990587014617,0.8045927626829978,0.8847912178613025,0.9010768763738144,0.9073770132723351,0.8883500671172176,0.897284054911636,0.40435206486408853,-0.5675821970947219,0.9620358798661685,0.9465804609123785,0.9468594852299788,0.9535262147311192,0.9568091336190337,0.9682845126515415,0.9683747073827087,0.9199687099479831,0.9646542723458371,0.8557630620788559,0.8001492988288178,0.9535562277720973,0.9491618429427862,0.8180008203161933,0.9563948934119312,0.9573748018987038,0.9012312093731626,0.978150784660935,0.8363935088988753,0.5483931158488352,0.7183502590370152,0.8592480700916966,0.8508455091758893,0.8418465552865219,0.983715231594809,0.9838855765522392,0.7753361378034771,0.7383439987770964,0.7843430342363573,0.4414497787132367,0.7800076773979163,0.7928248001101805,0.7886997584758506,0.7912663013735579,0.7836776346103762,0.7465216453978026,0.7292794647106676,-0.3208564763680508,-0.47211000986460927,0.7217657659499538,0.8860190562883039,0.9194167849938675,0.9346611193321576,0.9068212888691651,0.8228438580727213,0.904392241026093,0.9208524755595839,0.9197028510512975,0.7644412139908155,-0.07401833334980115],[0.9977780960703141,0.9940886932957722,0.9897492743806993,0.9980144909294996,0.9990691413055728,0.9809362694069739,0.9998947883042286,0.9993800806671859,0.9741696815856618,0.999709500544803,0.9996972635270712,0.9996913057258091,0.9994236441761938,0.999602821112556,0.9995073281291169,1.0,0.9985301878862989,0.999863679162937,0.9995867233423574,0.9995910232117107,0.9997888702346673,0.9995753360811551,0.9911927121987388,0.9762997336902793,0.9943580592291887,0.9538257543870632,0.9940248884836225,0.9934256517152746,0.9762728202781019,0.9563502416556484,0.9917424391407904,0.9927536675996862,0.9934751501341604,0.9762420571963522,0.9993144129390291,0.9997493902908474,0.9997391760472569,0.9996042584412597,0.9996494690495994,0.9997089847127452,0.9989149734318739,0.9996193640538956,0.9995388415175063,0.999314637711078,0.980386705001928,0.9408178098299388,0.9564633884393465,0.9562970119468542,0.943115778177571,0.9126624563906928,0.9597055886811281,0.9500309463830802,0.9620648788008491,0.9643872880081241,0.9545361299932255,0.9827093193278496,0.9820212628502754,0.9924035207650821,0.9963549657586342,0.9551941106480978,0.9640714806016043,0.973714830398845,0.9747506324500583,0.9752238014496456,0.9559385453637049,0.9041898562784423,0.9585694957659588,0.9631230414346403,0.9469707338214269,0.8920585206086032,0.9706099117558412,0.9475283165318675,0.9711137226380171,0.9556985807464798,0.8088438282828346,0.8769071280497691,0.8086324346359428,0.8899571960653859,0.9056926166197022,0.9099405043720995,0.891819951509234,0.902162188452363,0.4147741375117485,-0.5651751395503596,0.9651856746248162,0.9511398252619316,0.9512962265022531,0.9573230247368395,0.9603054415654665,0.9712375934509067,0.9713146626580924,0.9238541995056169,0.9694057145069371,0.8625708715851513,0.8019344176889794,0.9455614009843163,0.9419061167186173,0.8202346441533379,0.9564501102863741,0.957253485524883,0.9013291573209901,0.9749821532984673,0.8357237325899001,0.557964874263912,0.7231652527573333,0.859290