var element=document.getElementById("correlationClose");if(element.style.display!='none'){var correlationClose={"data":[{"type":"heatmap","z":[[1.0,0.9999866518356957,0.6266544293331895,0.9997137911564674,0.9978123641948348,1.0,0.9918560732434354,0.9879334532534974,0.9879334532534974,0.9925368382427987,0.9754268820392958,0.9855654593915082,0.9918959852533634,0.9923346418322793,0.9919535636794016,0.8770568121532953,0.8382172597509497,0.3623646099983993,0.9928556481584369,0.992842441366099,0.9850507319067929,0.9918833814622584,0.45467002625382763,0.7102616850613201,0.980324025217626,0.980324025217626,0.9803048105990587,0.9714022839722004,0.35622721044000427,-0.09530740860366943,0.9895717742169378,0.9895348234195308,0.30728464902568653,-0.16707516577442927,0.9944009352848503,0.9951300630042152,0.833149500359536,-0.37424298377842385,0.9897993853595319,0.9950409454303082,0.8696247038793017,0.3436381870533755,0.9945584730114994,0.9945467409929076,0.9945584730114994,0.8843648210074279,0.6578655415939183,0.8859456525198823,0.8934407697389247,0.8033004989777786,0.37677653915047193,-0.1588015391692339,0.195738887551438,0.9451849550122691,0.4142408614623669,0.9751780561288106,0.9700022516337001,0.9797063687309197,0.9897242508430775,0.9244952565929838,0.9286929037605332,0.9405859254002621,0.9222743527507306,0.9377706650904898,0.9384563456676844,0.9377706650904898,0.8684284229673944,0.9156291107769784,0.9166217554046535,0.9156291107769784,0.9125528096217237,0.76601751895968,0.8856219125757652,0.887053112272791,0.8856219125757652,0.6638266234801581,0.34463613093327733,0.645117762629296,-0.5719377316262672,0.5493155704925131,0.5830319509721051,0.5838119619171593,0.5830319509721051,-0.10486131132451744,0.9005958529574766,0.9329541711334715,0.9156203311660058,0.9259005997684704,0.34752238486688475,0.89640291712909,0.8973354357606311,0.89640291712909,0.9023857438143643,0.9023857438143643,-0.1188317406234842,0.5881521160876264,0.18500679869805045,-0.6296794284910777,-0.5768065264841145,-0.5803894004141362,-0.0816624856398156,0.10040608258979909,0.2344592475782973,0.07136183128060436,-0.47916104264360165,0.021000908797053325,-0.795471322552802,-0.24600692287900425,0.1562123037909641,0.1570463650611821,-0.5579851627406057,-0.5911509520843845,-0.24565238499378367,-0.5020887066960014,-0.8228719205866764,-0.3784784380043873,-0.37039098311301166,-0.3784784380043873,-0.19176662777873546,-0.29546568292674524,-0.29546568292674524,-0.8108829697437154,-0.8108829697437154,0.3990940491820246,0.6426260497402931,0.8631417539098343,0.845281720995153,0.7730401416868656,-0.2927511629200936,0.7557437494911796,0.7929723392106858,0.7932356318913588,0.7929723392106858,-0.22436244278152648],[0.9999866518356957,1.0,0.9759758738505094,0.9993618545342741,0.9950986125137321,0.9999866518356956,0.9823945397088346,0.9753990223397481,0.9753990223397481,0.9822384821956774,0.9665392145187813,0.984089835261805,0.9824404195267401,0.9823623330257195,0.9822682765957532,0.46877960073869596,0.3935583795347614,-0.36355764700691373,0.986774018624879,0.9867535849250563,0.9824920337694381,0.9824849737198353,-0.07485042885084248,0.9750035542854542,0.9771104681691866,0.9771104681691866,0.9771662094678736,0.971571303781448,0.17671762920321998,0.19463327421545523,0.9790314921823932,0.9790888348155509,0.9673737809828965,0.2155008416196445,0.9897699900828646,0.9898256280990234,0.9904667085630219,0.9838548720827512,0.9886660348489414,0.9899519408264786,0.43222102300253273,-0.36921240865173005,0.9905117286198604,0.9904979916333371,0.9905117286198604,0.8843434330887388,0.5143074328926914,0.8861446373424685,0.893408984317852,0.8026753400637385,-0.38179195649180986,-0.5222004181846803,0.8239171046327033,0.8632380702196559,-0.23097670538032922,0.9322806748282414,0.9324169365285104,0.9499118465121055,0.9750359715896267,0.9403427644123675,0.9483001746546018,0.9310381382608756,0.9302610618349036,0.9363652983733521,0.9369417324690026,0.9363652983733521,0.8249765713068267,0.7923464987815363,0.7943701852017985,0.7923464987815363,0.9424327598273184,0.9464232068874597,0.9425121477916233,0.9435029422051053,0.9425121477916233,0.5424155387872415,0.4840649240943195,0.591967741102639,0.6862564505215999,0.5854692682452622,0.6136869647701702,0.6144324637988935,0.6136869647701702,-0.20231099323800278,0.8974755384052827,0.9262057819574137,0.915866079464675,0.9461949885700895,-0.21641927902978686,0.892866673826874,0.893188337739009,0.892866673826874,0.9017875364588922,0.9017875364588922,-0.2117116499257149,0.5880683398131351,-0.35938513717233317,-0.7300988062844533,-0.4630338528782223,-0.46657484734236854,-0.3392740108766613,0.25818326631001265,-0.23758270745742746,-0.4481558066556641,-0.6742980431772234,-0.31874525292608247,-0.4865054916189476,-0.37495555190583646,0.13392514728732727,0.1301617799901147,-0.4893903358080498,-0.44995196224093026,-0.4783378507666264,-0.5090760932592013,-0.5011916008945848,-0.48048202762781345,-0.48396174806046516,-0.48048202762781345,-0.3476948006265369,-0.5114338914697389,-0.5114338914697389,-0.48684293945105467,-0.48684293945105467,0.398968995982186,0.38683607046909224,0.5055239167069963,0.5958649368554961,0.5496938731295071,-0.41961069273094526,0.36711577391919437,0.33912957172701014,0.3392340607001645,0.33912957172701014,0.11798920174586286],[0.6266544293331895,0.9759758738505094,1.0,0.6223257960471152,0.5380203178604419,0.6266544293331895,0.6113807347729299,0.6018371416454283,0.6018371416454283,0.5374922646336948,0.490261504484533,0.9962473709452322,0.6114053921361928,0.5998440107257074,0.611661183901626,0.48602527819567176,0.4878419195518463,-0.16111793214254264,0.5667884541893345,0.5659218111048603,0.527316381646831,0.6103430871752349,0.23405806109863897,0.7512112196201133,0.5857835309357489,0.5857835309357489,0.5855339375260766,0.9873418215749694,0.3473064819528547,0.1838098009482672,0.5710939934293736,0.5706650967097046,0.7525032048779393,0.03541114911959376,0.6081697945868898,0.5333365780300822,0.5827278172860131,0.3269753878824438,0.9939274505352136,0.5257524389227207,0.4781827048508235,-0.16904557216212573,0.6247312490846896,0.6061160511733312,0.6247312490846896,0.8830750945285649,0.39369251128744315,0.910405076815427,0.8817153671954285,0.681714146199708,0.2050655275164026,-0.04464746952268844,0.0499356935674081,0.4794432006703594,-0.08610491246519274,0.5563416882261877,0.5083304726187273,0.5366353525886837,0.49691401500597643,-0.03588724856995286,0.7518232623661015,0.6892065065368225,0.5727388704275718,0.695083945423538,0.7374132227542898,0.695083945423538,0.4447803814830183,0.5948899763585607,0.6703835055608697,0.5948899763585607,0.6378912662216379,0.647852538446527,0.694719279983955,0.7523397398737052,0.694719279983955,0.31476779048653647,-0.08738852573205881,0.3318979047892222,0.11762078577228609,0.32982276518002623,0.26131610296836116,0.4467208220502858,0.26131610296836116,-0.16949772462977822,0.5378263874634336,0.8536617697022088,0.6177141716185969,0.7527757516346849,-0.008289737432597082,0.588240835640401,0.5880039129618,0.588240835640401,0.6775318533770676,0.6775318533770676,-0.23287584091153163,0.721994310202373,-0.19740648034230293,-0.6341298460639546,-0.4161228640222616,-0.4196542253034783,-0.40370785903340695,0.06686684921530274,0.024348939166165005,-0.29936734792339087,-0.6144624622773517,-0.15112179169652237,-0.2771609151258746,-0.23848437316170645,0.025555592427675685,0.022851750749073477,-0.4718230573553869,-0.030754406522702976,-0.24142566140806818,-0.4991194899030551,-0.1630184097080861,-0.38373992828666487,-0.26247097148294873,-0.38373992828666487,-0.411192837972224,-0.5198114297288885,-0.5198114297288885,-0.2759398477676313,-0.2759398477676313,0.3367916615441841,0.1678011359917409,0.2666405812093201,0.5056025869535772,0.2563971705064696,-0.3494666546485915,-0.025381283237166236,0.4530369840473459,0.5606208019241093,0.4530369840473459,-0.04142596885419553],[0.9997137911564674,0.9993618545342741,0.6223257960471152,1.0,0.9988163463044887,0.9997137911564672,0.9932565401351029,0.9898034535147456,0.9898034535147456,0.9941886295163195,0.9733156687437022,0.9894520378256795,0.9932855411705507,0.9940375784523745,0.993318146241767,0.8767736546531754,0.8376561340786921,0.3474868912222522,0.994058271173833,0.9940472975617822,0.9852472469345394,0.9932650111352386,0.4463127830806387,0.7144542798112702,0.9830648621602951,0.9830648621602951,0.9830452825824979,0.9787156734215849,0.35243105082034915,-0.10158021972182933,0.9890015120994898,0.9889735417501481,0.29968275757394985,-0.1671098086366197,0.9950360070499948,0.995979463232914,0.7969813031759554,-0.3791121065052661,0.9925885925673283,0.99612749641265,0.8685260083641615,0.3284379342326477,0.9928736108421168,0.9950879533725873,0.9928736108421168,0.8818193379668788,0.6452271905809137,0.8917039057294365,0.890787695199716,0.78349764881026,0.37149578389837024,-0.16427275873354794,0.18982704858078384,0.9394747427848373,0.39806662464292036,0.9706755461793236,0.9670043561795688,0.9775560088277262,0.9897745151867823,0.9031713534477301,0.921932871232852,0.9274579942238679,0.9182669882605923,0.9205549753303938,0.9214992474854061,0.9205549753303938,0.8603260129672267,0.9034030500094234,0.9044930791285154,0.9034030500094234,0.9091069138936959,0.7055434823815261,0.8463313189304441,0.8477969480820765,0.8463313189304441,0.6555062905309218,0.12417916372053767,0.6350753510375224,-0.5765041900892808,0.5442874331572853,0.32079756288258426,0.553731569170789,0.32079756288258426,-0.11133073617878704,0.8952676159170523,0.9252111471720171,0.907824927009881,0.9025459883335596,0.33336458721377965,0.891852121566616,0.8929228609302426,0.891852121566616,0.882869153158776,0.882869153158776,-0.12381574651053791,0.6100459234748237,0.18972271842807914,-0.6399518652155383,-0.5838533210693224,-0.5873435469806491,-0.0938803908995113,0.09573270616015765,0.2274597973777885,0.058328200411024315,-0.4915631397003474,0.014605026530184185,-0.8013396151249823,-0.2537529104436546,0.14610814224746901,0.1469907843343632,-0.5647693377337945,-0.5875688149189677,-0.2469655874820136,-0.5128222140087041,-0.824491444516132,-0.37991885778033196,-0.37239993644709996,-0.37991885778033196,-0.20037020459038915,-0.3051118866145023,-0.3051118866145023,-0.8104944668368441,-0.8104944668368441,0.3879898891867531,0.6308521098539558,0.8552439174742125,0.8375557009734834,0.7655181519379851,-0.30577567688277096,0.7466452551916147,0.7840668943350618,0.7843397658481449,0.7840668943350618,-0.2094440662483285],[0.9978123641948348,0.9950986125137321,0.5380203178604419,0.9988163463044887,1.0,0.9978123641948348,0.9970854931966479,0.9954187790190503,0.9954187790190503,0.9972793953113448,0.9647228116827636,0.9961958745018359,0.9971042194917121,0.9971837967396362,0.9971334837566516,0.8247868374895589,0.767487342253924,0.14442506945563544,0.9976190861570771,0.9976136775694905,0.9871011758671258,0.9970890398021816,0.09921001889680597,0.6885747756796744,0.9917964783553581,0.9917964783553581,0.9917571496274674,0.9887834486549033,0.13096947196504544,-0.08262899288781032,0.9871266305893738,0.9870618860940303,0.007378350300255228,-0.06081862075682787,0.9977907382398041,0.9977233140229195,0.7831128215184114,-0.5085451045787887,0.9975624077270279,0.9980498858992464,0.8085620902261218,0.12025077892470537,0.9977362289956294,0.99773713973411,0.9977362289956294,0.8969244666610268,0.6078620720676825,0.9099419249728039,0.8961329218569188,0.7563698198309919,-0.0982513465684695,-0.5862748755730243,-0.21455179757785742,0.9269665093664425,0.25141546906366313,0.9653152755697452,0.965393281109691,0.9793556100454888,0.9904096593389732,0.901113871082462,0.903074071709621,0.9170729742099059,0.9052575990654868,0.9154481858994845,0.9158158890443104,0.9154481858994845,0.8344633234234773,0.8560564164429121,0.8572932015615902,0.8560564164429121,0.8977106049416916,0.8035370059800042,0.8781432936791125,0.8790167575187342,0.8781432936791125,0.6125153119413494,0.4871748207852396,0.5988134140038747,-0.6045612351448907,0.5973233161554224,0.575061711665174,0.574317499248689,0.575061711665174,-0.1297932724616381,0.876986830253756,0.8999549589141452,0.8843877357087424,0.9096161403014591,0.18172272550588994,0.8769711862893114,0.8780960852780205,0.8769711862893114,0.8839097245044143,0.8839097245044143,-0.16426625037534748,0.660503156473485,0.04516645327262005,-0.671766895138315,-0.6350893627457596,-0.6356008947029518,-0.1271854110567948,0.11874764397884452,-0.16565460156517495,-0.19157084383727088,-0.568086990817661,-0.34975156320513334,-0.8541139705990833,-0.5388595477419459,0.1144216573666986,0.11515826186570918,-0.592287568316045,-0.5803725745558758,-0.5312078318837424,-0.552384617517643,-0.7857158093784353,-0.5843753671275139,-0.5874159689874509,-0.5843753671275139,-0.24100650904340867,-0.3405530020491054,-0.3405530020491054,-0.7531170466133857,-0.7531170466133857,0.3732867222060548,0.6117497712299476,0.8076783046119931,0.789428741303202,0.754567852653618,-0.4370566609248293,0.6023874724880756,0.6756934935609955,0.6760577176915277,0.6756934935609955,0.017445548964866303],[1.0,0.9999866518356956,0.6266544293331895,0.9997137911564672,0.9978123641948348,1.0,0.9918560732434354,0.9879334532534974,0.9879334532534974,0.9925368382427987,0.9754268820392958,0.9855654593915082,0.9918959852533634,0.9923346418322793,0.9919535636794016,0.8770568121532953,0.8382172597509497,0.3623646099983993,0.9928556481584369,0.992842441366099,0.9850507319067929,0.9918833814622584,0.45467002625382763,0.7102616850613201,0.980324025217626,0.980324025217626,0.9803048105990587,0.9714022839722004,0.35622721044000427,-0.09530740860366943,0.9895717742169378,0.9895348234195308,0.30728464902568653,-0.16707516577442927,0.9944009352848503,0.9951300630042152,0.833149500359536,-0.37424298377842385,0.9897993853595319,0.9950409454303082,0.8696247038793017,0.3436381870533755,0.9945584730114994,0.9945467409929076,0.9945584730114994,0.8843648210074279,0.6578655415939183,0.8859456525198823,0.8934407697389247,0.8033004989777786,0.37677653915047193,-0.1588015391692339,0.195738887551438,0.9451849550122691,0.4142408614623669,0.9751780561288106,0.9700022516337001,0.9797063687309197,0.9897242508430775,0.9244952565929838,0.9286929037605332,0.9405859254002621,0.9222743527507306,0.9377706650904898,0.9384563456676844,0.9377706650904898,0.8684284229673944,0.9156291107769784,0.9166217554046535,0.9156291107769784,0.9125528096217237,0.76601751895968,0.8856219125757652,0.887053112272791,0.8856219125757652,0.6638266234801581,0.34463613093327733,0.645117762629296,-0.5719377316262672,0.5493155704925131,0.5830319509721051,0.5838119619171593,0.5830319509721051,-0.10486131132451744,0.9005958529574766,0.9329541711334715,0.9156203311660058,0.9259005997684704,0.34752238486688475,0.89640291712909,0.8973354357606311,0.89640291712909,0.9023857438143643,0.9023857438143643,-0.1188317406234842,0.5881521160876264,0.18500679869805045,-0.6296794284910777,-0.5768065264841145,-0.5803894004141362,-0.0816624856398156,0.10040608258979909,0.2344592475782973,0.07136183128060436,-0.47916104264360165,0.021000908797053325,-0.795471322552802,-0.24600692287900425,0.1562123037909641,0.1570463650611821,-0.5579851627406057,-0.5911509520843845,-0.24565238499378367,-0.5020887066960014,-0.8228719205866764,-0.3784784380043873,-0.37039098311301166,-0.3784784380043873,-0.19176662777873546,-0.29546568292674524,-0.29546568292674524,-0.8108829697437154,-0.8108829697437154,0.3990940491820246,0.6426260497402931,0.8631417539098343,0.845281720995153,0.7730401416868656,-0.2927511629200936,0.7557437494911796,0.7929723392106858,0.7932356318913588,0.7929723392106858,-0.22436244278152648],[0.9918560732434354,0.9823945397088346,0.6113807347729299,0.9932565401351029,0.9970854931966479,0.9918560732434354,1.0,0.9974113509994289,0.9974113509994289,0.9999699216874011,0.9576474448338964,0.9996605376681412,0.9999964786857997,0.9999860962986283,0.9999931592357431,0.9202235764777071,0.911164129324709,0.3060093560964816,0.9998544225387668,0.99985454150655,0.9894486242071701,0.9999966617836987,0.35816476356499305,0.7135402297013719,0.9852857786131821,0.9852857786131821,0.9860700567363669,0.9896816315005901,0.2779951872717945,-0.1582358007709792,0.991657664884844,0.9914998804250198,0.20324688484652692,-0.21608301596974736,0.9993279114894547,0.9994339908671319,0.40426400317827876,-0.31667411585226707,0.9989362025645566,0.9993845993561191,0.9092933482364274,0.2855726550740214,0.9389368555828782,0.9990699570896083,0.9389368555828782,0.9066304677445728,0.6142092834917536,0.9287069275824282,0.904991685043962,0.7178946427428836,0.4084300145854154,-0.10438380660870311,-0.20296052423799443,0.9260281231090569,0.3623228901936213,0.9675652137596112,0.9618827834973478,0.9782062435715853,0.9957864714151089,-0.05177891889359117,0.860869271587857,0.8239909362856318,0.8708047285947063,0.8181707266230249,0.782392222489488,0.8181707266230249,0.7956947161860592,0.7858795059587146,0.7779928001296126,0.7858795059587146,0.8615575038481639,0.3599097074051373,0.569001543040639,0.6382524882044212,0.569001543040639,0.5814642085799311,-0.35022747926188696,0.5491446714566923,-0.6397627856220052,0.4723938053700177,-0.10485185793260841,0.41684260967030845,-0.10485185793260841,-0.15323351467937402,0.839060243854938,0.8578714672143797,0.8436375441228725,0.7573537384817369,0.2914027043521199,0.8394918793630078,0.8410195923550154,0.8394918793630078,0.7532870046803269,0.7532870046803269,-0.2006728135614615,0.7040537012821171,0.2476018092356344,-0.6510402870384923,-0.6245858002445104,-0.6276310748499442,-0.14037143009348577,0.045401840228476306,0.3385324136877111,0.024702107666495346,-0.5100619662707948,0.07195856806496602,-0.8277796391784298,-0.15424151647781612,0.07839398471619878,0.0793306680105342,-0.607844027127532,-0.5960767532863761,-0.08422051471347326,-0.5874261156385118,-0.8377248385122471,-0.3736495160320832,-0.20454712984421858,-0.3736495160320832,-0.27440354662836486,-0.35010086225929116,-0.35010086225929116,-0.8302230724398971,-0.8302230724398971,0.37282532823774994,0.5931146729001532,0.504068660551043,0.8042649116806802,0.7475927678590315,-0.3583308270407869,0.06417902856271462,0.7542323009885065,0.7732000119068043,0.7542323009885065,-0.13914604066341157],[0.9879334532534974,0.9753990223397481,0.6018371416454283,0.9898034535147456,0.9954187790190503,0.9879334532534974,0.9974113509994289,1.0,1.0,0.9995338642588433,0.9504311439298084,0.9986178578120105,0.9981752634378661,0.9993818631313338,0.9991076398516037,0.9181441324177168,0.9014320901939281,0.2841651356594239,0.9991548629365997,0.9991564035252097,0.9867462455428856,0.9992507374107197,0.33257868855605727,0.7141482801726144,0.9924824172313012,0.9924824172313012,0.9840617912110995,0.9865120939072485,0.2604066760548495,-0.17179583938510884,0.9879381296613818,0.9913622972795599,0.1844716626366905,-0.22197421196607336,0.9982599312580249,0.9982134342914462,0.3856296034763915,-0.32350878221200613,0.9968456934505612,0.9981292869098537,0.9075640493742719,0.26330034520748496,0.9311145066665428,0.9980872248852403,0.9311145066665428,0.9040830502272026,0.5988839384476861,0.9289733972938884,0.9016028253096753,0.6942306004961918,0.39532747020607656,-0.11953851299219248,-0.21580591653256184,0.9172330759126577,0.34169083958853413,0.9628626386493818,0.9565533303394352,0.9730177869430513,0.9948343513563287,-0.06177519974520141,0.8490022177627882,0.8076585996363663,0.8622009447612597,0.8029715480486548,0.7699705990883587,0.8029715480486548,0.7830759719004902,0.7668425225400068,0.7643209271392507,0.7668425225400068,0.853191877119242,0.3401944414748932,0.5483156113525884,0.621649925946268,0.5483156113525884,0.5682535645170721,-0.36504342519165334,0.5342055003306194,-0.647637999643702,0.4643486322596229,-0.1270779995367118,0.40035698547493936,-0.1270779995367118,-0.16007676493098433,0.8289892506698969,0.8429072387610758,0.8308098812631907,0.7425227148667473,0.2737915395556159,0.8299950498650062,0.8317182515548898,0.8299950498650062,0.7355041670002569,0.7355041670002569,-0.21605925325870393,0.7290205847128925,0.25494506638821424,-0.6605397440272556,-0.637531974585016,-0.6403887920218833,-0.15528338064822164,0.037618599464779606,0.3315671893504632,0.005422562185985584,-0.5228722136459208,0.06265718900387025,-0.8339189061692479,-0.16075669766503767,0.06294059516749675,0.0639001098401365,-0.6196553275895799,-0.597167111696517,-0.09110224159332,-0.6044569808631768,-0.8375239607026326,-0.3852596713735013,-0.2108004439889762,-0.3852596713735013,-0.2920665889288725,-0.36393181560102206,-0.36393181560102206,-0.8284513740353234,-0.8284513740353234,0.3526004964240217,0.576031277333779,0.48524766402499947,0.7863868260617188,0.7348434929358979,-0.3801819327758807,0.0500342802944455,0.7350632228424437,0.7574268947151369,0.7350632228424437,-0.12195840454236014],[0.9879334532534974,0.9753990223397481,0.6018371416454283,0.9898034535147456,0.9954187790190503,0.9879334532534974,0.9974113509994289,1.0,1.0,0.9995338642588433,0.9504311439298084,0.9986178578120105,0.9981752634378661,0.9993818631313338,0.9991076398516037,0.9181441324177168,0.9014320901939281,0.2841651356594239,0.9991548629365997,0.9991564035252097,0.9867462455428856,0.9992507374107197,0.33257868855605727,0.7141482801726144,0.9924824172313012,0.9924824172313012,0.9840617912110995,0.9865120939072485,0.2604066760548495,-0.17179583938510884,0.9879381296613818,0.9913622972795599,0.1844716626366905,-0.22197421196607336,0.9982599312580249,0.9982134342914462,0.3856296034763915,-0.32350878221200613,0.9968456934505612,0.9981292869098537,0.9075640493742719,0.26330034520748496,0.9311145066665428,0.9980872248852403,0.9311145066665428,0.9040830502272026,0.5988839384476861,0.9289733972938884,0.9016028253096753,0.6942306004961918,0.39532747020607656,-0.11953851299219248,-0.21580591653256184,0.9172330759126577,0.34169083958853413,0.9628626386493818,0.9565533303394352,0.9730177869430513,0.9948343513563287,-0.06177519974520141,0.8490022177627882,0.8076585996363663,0.8622009447612597,0.8029715480486548,0.7699705990883587,0.8029715480486548,0.7830759719004902,0.7668425225400068,0.7643209271392507,0.7668425225400068,0.853191877119242,0.3401944414748932,0.5483156113525884,0.621649925946268,0.5483156113525884,0.5682535645170721,-0.36504342519165334,0.5342055003306194,-0.647637999643702,0.4643486322596229,-0.1270779995367118,0.40035698547493936,-0.1270779995367118,-0.16007676493098433,0.8289892506698969,0.8429072387610758,0.8308098812631907,0.7425227148667473,0.2737915395556159,0.8299950498650062,0.8317182515548898,0.8299950498650062,0.7355041670002569,0.7355041670002569,-0.21605925325870393,0.7290205847128925,0.25494506638821424,-0.6605397440272556,-0.637531974585016,-0.6403887920218833,-0.15528338064822164,0.037618599464779606,0.3315671893504632,0.005422562185985584,-0.5228722136459208,0.06265718900387025,-0.8339189061692479,-0.16075669766503767,0.06294059516749675,0.0639001098401365,-0.6196553275895799,-0.597167111696517,-0.09110224159332,-0.6044569808631768,-0.8375239607026326,-0.3852596713735013,-0.2108004439889762,-0.3852596713735013,-0.2920665889288725,-0.36393181560102206,-0.36393181560102206,-0.8284513740353234,-0.8284513740353234,0.3526004964240217,0.576031277333779,0.48524766402499947,0.7863868260617188,0.7348434929358979,-0.3801819327758807,0.0500342802944455,0.7350632228424437,0.7574268947151369,0.7350632228424437,-0.12195840454236014],[0.9925368382427987,0.9822384821956774,0.5374922646336948,0.9941886295163195,0.9972793953113448,0.9925368382427987,0.9999699216874011,0.9995338642588433,0.9995338642588433,1.0,0.9565380577518584,0.9996201971830693,0.9999709501948086,0.9999698398383386,0.9999750203456382,0.8483830612412343,0.7929305384710787,0.19216096429961457,0.9998060929275231,0.9998066677701207,0.9893014651298905,0.9999680382472048,0.14564164340214916,0.6826181488937215,0.994853660104318,0.994853660104318,0.9948068621210908,0.9895154667939274,0.11277075550962473,-0.09581825602359517,0.9904001639752628,0.9903618105164624,0.023472346258051113,-0.17283319288803303,0.9993649917679687,0.9993228966111695,0.7910240227010547,-0.5023351175379468,0.9988637060642499,0.9993619563904151,0.8324014952768858,0.16850788656252846,0.9992194237470421,0.9992246184437849,0.9992194237470421,0.9064843152679506,0.6148676931433921,0.9283687502610396,0.9043424063584431,0.7173110976581025,0.006382004143047264,-0.5359903587116569,-0.16700487550386453,0.921603610678729,0.3089064578867763,0.9626651155809923,0.9619590638398333,0.9798975363941929,0.994992527567286,0.8748683997572396,0.8616292065833504,0.8918786376032937,0.8716972769021789,0.8902871543359047,0.890927600456389,0.8902871543359047,0.7950271573507476,0.8379870968954453,0.8395430141934405,0.8379870968954453,0.8629044617068486,0.7664610850740378,0.849327708723212,0.8506112748857171,0.849327708723212,0.5809333754924412,0.4151623984915814,0.5482456334837877,-0.6555756057488974,0.5283657056112256,0.4935327818342674,0.4933528439025594,0.4935327818342674,-0.11059534378471801,0.8396259978288577,0.8577785255597186,0.8439943074451837,0.8840630436821584,0.21078499465564726,0.8450513436616532,0.8471016067273489,0.8450513436616532,0.8520783954123976,0.8520783954123976,-0.2025472482778136,0.7042894708040768,0.06996507150499764,-0.6632273759419447,-0.6619389853473107,-0.662985363008755,-0.1439430147745507,0.04838363027291719,-0.17173373836090447,-0.15991390011886983,-0.5530851812482276,-0.3788456237854109,-0.8707693459162372,-0.5756181777214199,0.0773684006283328,0.07871314410020507,-0.6095385670040878,-0.5921811207150633,-0.5410838330564027,-0.5892433985436811,-0.8083035849214217,-0.6077648827789598,-0.6100916959378577,-0.6077648827789598,-0.27692067388925573,-0.35361834851815643,-0.35361834851815643,-0.7880486933106206,-0.7880486933106206,0.3731893364838832,0.5916655087962217,0.8169272517399131,0.8012245481275734,0.7459230651000176,-0.3861353686223727,0.635925325228261,0.6989079998297668,0.6990690236714295,0.6989079998297668,0.09703432458139102],[0.9754268820392958,0.9665392145187813,0.490261504484533,0.9733156687437022,0.9647228116827636,0.9754268820392958,0.9576474448338964,0.9504311439298084,0.9504311439298084,0.9565380577518584,1.0,0.9381375614561182,0.9576709849949263,0.9576844254479685,0.9573655604771232,0.7043358438103289,0.6363317284970806,-0.02010080545541305,0.9624293297638936,0.9624076926444449,0.9577955687258524,0.9577876561270153,0.0795755222406339,0.724908312190291,0.9593452843707646,0.9593452843707646,0.9595352245631171,0.8722408406183138,0.2251767677919836,-0.07648666864612604,0.9651721110080983,0.9652836208871023,0.1865633649509681,0.11050697510437507,0.9663143883283081,0.9665749382907793,0.8732707616796277,-0.4079073467703455,0.9475449989495067,0.9654566477451378,0.687113911325485,-0.04175332847764258,0.9675150966191461,0.9674819489439558,0.9675150966191461,0.7989741489722857,0.4119964873507447,0.7956727589040657,0.8796913368851731,0.8400457816596391,-0.5369879450445555,-0.6837307998011112,-0.27021554874514697,0.8807044775820296,0.011881293242454691,0.9126420469074578,0.9127070813568192,0.9328103833673732,0.9634552659554327,0.8784824980820908,0.877392048169507,0.899871089002138,0.881371584912126,0.8928840948085129,0.8935744262362206,0.8928840948085129,0.8307057915220551,0.812136761643579,0.8139844700190246,0.812136761643579,0.8749099783045483,0.8917835522574046,0.8732772161395211,0.8739387714231557,0.8732772161395211,0.6702766780328672,0.5952746855154595,0.6711885269329605,-0.3535241802521984,0.6922340405423864,0.7091327949964449,0.7116796606354852,0.7091327949964449,-0.2712907382546382,0.8787561727295751,0.933891912122585,0.8941600150691594,0.8916582287998619,0.06816399679396597,0.8720433429121753,0.873186223285039,0.8720433429121753,0.8817652562570302,0.8817652562570302,0.033430346718926834,0.3744554740727943,-0.09847576509909174,-0.5887704680500285,-0.41905099717941435,-0.42120010146150066,0.005470705065084759,0.41287491975179746,0.06032627135605074,-0.10931416797486522,-0.45972431690088184,-0.045564666936991176,-0.8025300247034872,-0.20737178232212283,0.29823465140138944,0.2977420934223059,-0.3859789691667272,-0.4355862738393461,-0.345635825643207,-0.3544000352863028,-0.6728991598929647,-0.36593831532606097,-0.3682720454306052,-0.36593831532606097,-0.08399661222117462,-0.3912074035816313,-0.3912074035816313,-0.5391911404572327,-0.5391911404572327,0.5416499503131046,0.6588665265390018,0.755493622804082,0.6805873764573783,0.8252920134362836,-0.4783485331735827,0.3885344256439047,0.5469797849629532,0.5472665810742535,0.5469797849629532,-0.20869590506926466],[0.9855654593915082,0.984089835261805,0.9962473709452322,0.9894520378256795,0.9961958745018359,0.9855654593915082,0.9996605376681412,0.9986178578120105,0.9986178578120105,0.9996201971830693,0.9381375614561182,1.0,0.9996585874218041,0.9996544606319098,0.9996202411475019,0.5433436693774473,0.4615893484146205,-0.45825306059692344,0.999786334767409,0.9997896976242301,0.9996646036306149,0.9996645167507606,-0.19077430642354215,0.9688151660793198,0.993900610045315,0.993900610045315,0.9938797537526116,0.9919432645938425,0.15121494048773246,0.13190192571189555,0.9906276669080868,0.9906757435132437,0.9693146809123795,0.09806485602939524,0.9989199172435715,0.9988699881755766,0.9987257667522232,0.9993163046463452,0.9993449674306428,0.9989550275541321,0.5003792583516715,-0.46732616849462383,0.9986691638033258,0.9986785427204036,0.9986691638033258,0.8999878600189128,0.45652847835023913,0.924447988317924,0.902126601410103,0.7181923388205812,-0.48374074432085706,-0.6304980054990419,0.7983733113832691,0.8236364638540947,-0.32827338545094226,0.925008605921041,0.9252332424401767,0.9656028776114917,0.992874670697982,0.8835123349383699,0.8914994255518665,0.8651469298047918,0.8666393581876654,0.8725821303358857,0.8733384557016238,0.8725821303358857,0.7330648029896272,0.6948528762461099,0.6972690132041437,0.6948528762461099,0.8908310421802519,0.8980211906315473,0.8898265991203296,0.8910564234776466,0.8898265991203296,0.42842311378062753,0.35977477115967255,0.4752412419838282,0.5868561279435025,0.4769090013760922,0.5115239742605063,0.5137172355929761,0.5115239742605063,-0.3825763538661884,0.8208856019516807,0.8620177769936491,0.8460950876591612,0.8909070477830648,-0.25460378694692126,0.8151780255486011,0.8156122304656477,0.8151780255486011,0.8269458867925162,0.8269458867925162,-0.25723716692944737,0.6959924629437453,-0.37989516388764955,-0.7567215234959002,-0.5380630626697296,-0.5405829108390039,-0.39117132774078783,0.20038670779913217,-0.2854541594921917,-0.4889179347898844,-0.7082035049800521,-0.3719854735307156,-0.6044148656665929,-0.4396519002916924,0.07182726669872083,0.06883327730776587,-0.5597483135024323,-0.5279549779759916,-0.5479864996435104,-0.5830964289669001,-0.5767909822139864,-0.5512355766647021,-0.5544604458205568,-0.5512355766647021,-0.4233287659139469,-0.6092289873282877,-0.6092289873282877,-0.6098819907550385,-0.6098819907550385,0.3685278785593665,0.3431188227478816,0.4694218323935885,0.5591726789226591,0.5363516162913444,-0.5640012296979563,0.295084774237563,0.2965572093844646,0.29672650144660323,0.2965572093844646,0.212436608819076],[0.9918959852533634,0.9824404195267401,0.6114053921361928,0.9932855411705507,0.9971042194917121,0.9918959852533634,0.9999964786857997,0.9981752634378661,0.9981752634378661,0.9999709501948086,0.9576709849949263,0.9996585874218041,1.0,0.9999899162590108,0.9999948802891413,0.9202018527144662,0.9056579735261691,0.3060652152841812,0.9998556670059151,0.9998557524607491,0.9894851285335573,0.9999972341778636,0.35847221321324424,0.7136108882865106,0.9905162108599757,0.9905162108599757,0.9860605546702607,0.9896622803498341,0.27824983949436133,-0.1581815267798266,0.9916739181317141,0.9915096288125761,0.20347591456609637,-0.2160456861691308,0.9993296088362494,0.9994373419731876,0.4042427289251592,-0.3164606800190287,0.9989373755193057,0.9993919251037068,0.9092638458814059,0.2856349986078798,0.9389224210520003,0.9990721815029212,0.9389224210520003,0.9066473986421992,0.6143460425363173,0.9289195105375765,0.9052048669519552,0.7180136299045683,0.4088134986916918,-0.10394289150823872,-0.20259480409891187,0.9260994667824278,0.3623904346137613,0.9676537171706544,0.9619417817112431,0.9782915842451624,0.9957995071679738,-0.051586160978133136,0.8610232603515864,0.8240916168402167,0.8709237783571852,0.8182701130393878,0.7823369587465571,0.8182701130393878,0.795784664377124,0.785938300449346,0.7779311906225514,0.785938300449346,0.8617123542398509,0.3597923375189729,0.569013883889663,0.6381694253844854,0.569013883889663,0.5814210270868255,-0.3502442078679973,0.5491195807661068,-0.6396529833566538,0.47230037604090247,-0.1049761276645266,0.4168817533818213,-0.1049761276645266,-0.15337841285165638,0.839139761138448,0.8580089516858925,0.8437384215615573,0.7573471256661234,0.2914624214122548,0.8395795347631065,0.8411020028592273,0.8395795347631065,0.7533615999612638,0.7533615999612638,-0.20062928371369038,0.7040340356717394,0.24770976631540262,-0.651077412547712,-0.6245011264156196,-0.6275516876711164,-0.1404586307398014,0.04527573611934992,0.33869567718693877,0.024712347800711906,-0.5101232076985298,0.07220977916812282,-0.8275176217346153,-0.15396000202138777,0.07845221614437174,0.0794048836550258,-0.6078290465804013,-0.5958784296409083,-0.08398073569758294,-0.5873934862807767,-0.83761453447057,-0.3734302804543476,-0.20434814066657023,-0.3734302804543476,-0.2742619046129804,-0.3500710893097517,-0.3500710893097517,-0.8301654422126392,-0.8301654422126392,0.3732637547273121,0.593238101783831,0.5043095977088554,0.8045110262137771,0.747650302502782,-0.3581229088077186,0.06445774695144263,0.7544735365973138,0.7733095751014927,0.7544735365973138,-0.13916767776124694],[0.9923346418322793,0.9823623330257195,0.5998440107257074,0.9940375784523745,0.9971837967396362,0.9923346418322793,0.9999860962986283,0.9993818631313338,0.9993818631313338,0.9999698398383386,0.9576844254479685,0.9996544606319098,0.9999899162590108,1.0,0.9999871635201901,0.8832932826648491,0.8393298075596407,0.3081966636126538,0.999879067826133,0.9998796633351832,0.9894769092103562,0.999987046652097,0.362171661525564,0.7090184707180062,0.9935498808916486,0.9935498808916486,0.9935111879420808,0.9895615471026941,0.27469341627032623,-0.15853771749150988,0.9918182508292905,0.9918266662902242,0.22829669630478341,-0.21524817302668509,0.9995031679286287,0.9994380137475742,0.8347111360480546,-0.41123106999527603,0.9989329809524494,0.9993970764665511,0.8717009361858598,0.28780683208477076,0.9993900182926468,0.9993945214413195,0.9993900182926468,0.9067391235966797,0.6145048689522421,0.9285435547834313,0.9046322525369387,0.7174466865415432,0.2889970944549861,-0.2759870234466051,0.09100572721978799,0.9260293961030805,0.36326535847491215,0.9643363877590597,0.9619695909435222,0.9767285777921109,0.9960356332992619,0.8834959761075559,0.8600171925208465,0.8975091813775454,0.8707817384070276,0.8965811301700062,0.8974673285057252,0.8965811301700062,0.7948371466667986,0.8613966823181796,0.8629030465848514,0.8613966823181796,0.8614407562164216,0.7500994018127467,0.8563872226526688,0.8580833703310392,0.8563872226526688,0.5807805494394822,0.4261021951942664,0.5476808161285078,-0.6454467173719719,0.4707250866597026,0.48258267233926805,0.4838151995721546,0.48258267233926805,-0.15513618707774116,0.8388724214090325,0.857532138714283,0.843128030997294,0.8907469060740159,0.2942490765241438,0.839424301731808,0.8412580552264248,0.839424301731808,0.8511337076330511,0.8511337076330511,-0.20108154119533883,0.7027865881855051,0.1691809808247907,-0.6496848269688421,-0.6241298675884254,-0.6270830522526046,-0.14036944804971227,0.04420639547416953,0.11691501032277218,0.026359778506746718,-0.5082504291526024,-0.11393879467867934,-0.8399023096040965,-0.37568636257618465,0.07774417994493053,0.0791300997456316,-0.6078880935122033,-0.5952106664753555,-0.3780815306543529,-0.5871623696842805,-0.8316107072415065,-0.49417698015867506,-0.48980502529745745,-0.49417698015867506,-0.2740830169279444,-0.35030906563471126,-0.35030906563471126,-0.8225409111991207,-0.8225409111991207,0.372584049496135,0.5934551133441562,0.8264937650425974,0.8088378088147417,0.7482321067371611,-0.35750787832621483,0.7048745299108107,0.7449200143476103,0.7450022181249616,0.7449200143476103,-0.10716200848422958],[0.9919535636794016,0.9822682765957532,0.611661183901626,0.993318146241767,0.9971334837566516,0.9919535636794016,0.9999931592357431,0.9991076398516037,0.9991076398516037,0.9999750203456382,0.9573655604771232,0.9996202411475019,0.9999948802891413,0.9999871635201901,1.0,0.915279607874919,0.8818428398080008,0.3061668832872266,0.9998583623077016,0.9998583518773324,0.989626235292564,0.9999948249961569,0.35911962648797746,0.7134729782868872,0.9938315486299006,0.9938315486299006,0.9937320595614453,0.9895709945391796,0.2785051604751283,-0.15822021169796757,0.9924632378031013,0.9925083470833628,0.20421387792224285,-0.2158803093915363,0.9993766038079664,0.9994359090332211,0.403249509427854,-0.3156581327699874,0.9988866680335333,0.9993944529752797,0.9081214629676262,0.28576008572528344,0.9384538653261931,0.9991246191010088,0.9384538653261931,0.9069035634401345,0.6150194696451081,0.929187435562514,0.9054815295470925,0.7177449222879181,0.4101768017571639,-0.10240282628997772,-0.20280006338766046,0.9264585747434105,0.3626511170474056,0.9680501982568368,0.9622633759295238,0.9785625507556925,0.9958354630972235,-0.05258296117502992,0.8613075937721156,0.824016535661776,0.871168260906361,0.8182316193262716,0.7819199689245907,0.8182316193262716,0.7959851916494084,0.7858921010966405,0.7783188473906117,0.7858921010966405,0.8620414569790132,0.35913427962105565,0.568529266896049,0.6381906086375982,0.568529266896049,0.581285773197851,-0.351385050932753,0.5490621678715,-0.6398098423308172,0.4719514576909613,-0.10595202754428287,0.4165481912374584,-0.10595202754428287,-0.15332485117621206,0.8392814788534831,0.8577307610436706,0.8438726351815851,0.7488184102251679,0.291817139526069,0.8396965188744091,0.8412086284188369,0.8396965188744091,0.7531818414534871,0.7531818414534871,-0.20206887067654905,0.7048143276361108,0.2481972046574582,-0.6510788524249975,-0.6248628733706109,-0.6279176882391561,-0.14158368872485413,0.04409272586700746,0.33899990483713244,0.024279129578373998,-0.5103691674281257,0.07228931576504295,-0.826699319626917,-0.15380405595262853,0.07748215271484138,0.07843064125306061,-0.6084274718592138,-0.5961045355378317,-0.08341398268388812,-0.5885997459200617,-0.8376106412462702,-0.3733688677858549,-0.20380292370300587,-0.3733688677858549,-0.27518404868619406,-0.350528651052296,-0.350528651052296,-0.8305006040301544,-0.8305006040301544,0.37341085520737366,0.5928898558059406,0.5037952184298004,0.8049390967530065,0.7470764483824888,-0.3576782734926042,0.06380601756505778,0.7548685305804613,0.7739073214796763,0.7548685305804613,-0.1388552364193489],[0.8770568121532953,0.46877960073869596,0.48602527819567176,0.8767736546531754,0.8247868374895589,0.8770568121532953,0.9202235764777071,0.9181441324177168,0.9181441324177168,0.8483830612412343,0.7043358438103289,0.5433436693774473,0.9202018527144662,0.8832932826648491,0.915279607874919,1.0,0.9953537617997656,0.4050667423935522,0.9045204977947376,0.9045174032625292,0.8622276179498195,0.9147132219394748,0.3258373095603382,0.5322818719221771,0.9064761776718098,0.9064761776718098,0.8949353578920327,0.18241945214254834,0.18938121707386354,-0.19359389265202487,0.9300209918449102,0.9286549548958074,0.14974698755832339,-0.26208571648341666,0.918087897725465,0.8615739420990053,0.31094883566862386,-0.32014201889715366,0.5569148666842297,0.8434380507416979,0.9984555349875652,0.386676400231612,0.8462581214261293,0.9178986477723386,0.8462581214261293,0.5144587200103007,0.5860520420627219,0.18269694674467685,0.1693927481349049,0.3667249285780584,0.4098594977337471,-0.06684623733572495,-0.2100784090758706,0.8303730955672256,0.40494485510598155,0.9066775702756689,0.8458442449440596,0.8947416921493045,0.9096111291484343,-0.09374270366829121,0.4648876269524765,0.7055429588466754,0.655892189355444,0.6978108422967872,0.7111751417053