var element=document.getElementById("correlationClose");if(element.style.display!='none'){var correlationClose={"data":[{"type":"heatmap","z":[[1.0,0.9999900215583144,0.6957883944567685,0.999750177791954,0.9981824576739892,1.0,0.992918012582904,0.9897339134185641,0.9897339134185641,0.993439120551268,0.9778811950428951,0.9875655081797756,0.9929505079231208,0.9933045904078113,0.9929945372439971,0.7271525262414178,0.6402550949629784,0.24696919983230275,0.993717448612559,0.9937098347799541,0.9858439722148403,0.992939791491113,0.374279846977114,0.7636243786974325,0.9833442469517713,0.9833442469517713,0.9833252535193502,0.9772566872606718,0.2975339530391333,-0.14758222935690857,0.9893963111704408,0.989357026323166,0.24759448097794712,-0.22538734751463088,0.9949282992792265,0.9953189482772241,0.8602383471795841,-0.34855822953214965,0.9909111604444387,0.9953420574756678,0.7066729073942792,0.22740371720108415,0.9950466571357032,0.9950415652616148,0.9950466571357032,0.9052750542317006,0.6560450316388601,0.9264600044603235,0.9299184832564047,0.8490908593873104,0.3800721886535314,-0.18588767478085122,0.22252577066810195,0.9516332942274962,0.3679482377558968,0.9755394852190729,0.972167226091412,0.9815219301378926,0.9896059029675229,0.9365650981470005,0.9455115491405269,0.9489729972378498,0.9370666453974377,0.9462786734327078,0.9468771593091654,0.9462786734327078,0.8968703705647117,0.927746685240434,0.9285524576940107,0.927746685240434,0.9312659727382856,0.8077413436933426,0.9046713277447308,0.9058253367822566,0.9046713277447308,0.7309631448142676,0.41810460771146074,0.7200330382531228,-0.5316196626481714,0.625529440024606,0.639397877904476,0.6397200749099232,0.639397877904476,-0.08476329784673273,0.9193369633137117,0.9487761053150621,0.9346952988180175,0.9379144252626358,0.24403424206412405,0.9141297978729055,0.9146786723621938,0.9141297978729055,0.917958566030079,0.917958566030079,-0.09236334065830469,0.6051360395046284,0.14571996458237244,-0.7051541568231049,-0.5984021206896736,-0.6023558064849708,-0.1529832143057125,0.1483534538684562,0.19507120981147646,-0.020564372908468537,-0.5820784844463357,-0.035710153433303415,-0.7979718812420762,-0.3050734902846652,0.17179157952059368,0.17320412013331982,-0.5797473789828943,-0.572753040537448,-0.29240123736188517,-0.5223442680156349,-0.81299693817567,-0.41924111272780706,-0.4117649437510285,-0.41924111272780706,-0.2432337192247033,-0.36365134866205406,-0.36365134866205406,-0.8011703961907318,-0.8011703961907318,0.43929804859006005,0.6298109371769482,0.8504169279612201,0.8410368512104094,0.7549102381229607,-0.34560700678049094,0.7467301917679565,0.7739214391366491,0.7741104240903995,0.7739214391366491,-0.16713726602674028],[0.9999900215583144,1.0,0.9826663481211657,0.9995340288225819,0.9961646560667184,0.9999900215583144,0.985632557524805,0.9807173707392802,0.9807173707392802,0.9855403774005316,0.9741685464417497,0.9864758028675384,0.985663520846888,0.9856185587689809,0.9855188263449842,0.05577103261708467,-0.03700952504559898,-0.4623786356755677,0.9887181175476752,0.9887155517785162,0.9857067904136101,0.9857109341823884,-0.19206076747681095,0.9810263033494996,0.9811413831941284,0.9811413831941284,0.9811668965233021,0.9773720447158214,0.06529797311816543,0.0899688737602692,0.9831666081459486,0.9831998765077039,0.7331269912513927,0.04737672090700318,0.9910272429583353,0.9910438304890359,0.9915480143144992,0.9866191229947949,0.9900856635789071,0.9910590154005583,0.007103240732638044,-0.46676923609691523,0.9916047182501415,0.9916037678103722,0.9916047182501415,0.9049830083212186,0.5043904510434789,0.9264559463183926,0.9297846135278497,0.8486264616532346,-0.247933901208111,-0.4756569752938866,0.8524253105992045,0.8948804434395782,-0.2602698310532286,0.9432538677559947,0.9433856989985412,0.9634927937512106,0.9788212714211859,0.9565759745820915,0.9617156655723227,0.9479473607572334,0.9496421773124815,0.9509549007706228,0.9513195308410176,0.9509549007706228,0.8751108256568382,0.8509779196074833,0.8522760215212526,0.8509779196074833,0.9586245215631025,0.9613652896935632,0.958553782016032,0.959230939568195,0.958553782016032,0.6744543983798708,0.6295933247528935,0.708669213878793,0.7710294881968143,0.688392202178961,0.7096907694618186,0.7107413129521585,0.7096907694618186,-0.11570764217439897,0.9262014446479448,0.9451397131777461,0.9388361388926144,0.9610957623320586,-0.32088286899503166,0.9230587531738506,0.9231970865998499,0.9230587531738506,0.9288414627708975,0.9288414627708975,-0.17639626071128905,0.6048986714808399,-0.3697780549874032,-0.7955200387525313,-0.4643793928011781,-0.4683984953373079,-0.39496144356319596,0.28770435003340233,-0.2682355209050757,-0.5101950537165002,-0.7495187239696877,-0.36690466286847373,-0.47329131606703534,-0.4315698724975861,0.14054461822718506,0.13808918485939503,-0.4900909389300666,-0.4582354623342053,-0.48657835796011517,-0.5183917371795014,-0.5102161130537864,-0.4890295169716716,-0.4924403985321503,-0.4890295169716716,-0.3794848033229307,-0.5479592539487709,-0.5479592539487709,-0.5136270120514597,-0.5136270120514597,0.43775234079339276,0.367593723269014,0.5018126602309151,0.6182790032726023,0.5257015919264755,-0.4450146902238329,0.3878695118751399,0.3124084810344545,0.31261457346386995,0.3124084810344545,0.19823590229168686],[0.6957883944567685,0.9826663481211657,1.0,0.6931298024559872,0.6348313475254341,0.6957883944567685,0.6750025165032607,0.6681018376319774,0.6681018376319774,0.6271554178205256,0.5944250186141218,0.9948342873413436,0.6750154389906422,0.6711162215911187,0.6751439134643616,0.3857567899013279,0.34432012831575287,-0.22819948878798663,0.6405045693035685,0.639838394448885,0.6095464620089283,0.6741394615811115,0.15832858242640097,0.8092734652351793,0.6566536807940865,0.6566536807940865,0.656429961949313,0.9888335978367699,0.2730988410278898,0.08628811448835723,0.6320873735674931,0.6317240478793423,0.6212105301137778,-0.058636739155389764,0.6705484742383696,0.6205007910786351,0.6339921364589405,0.2860551314745426,0.9933220089309523,0.6171808857225369,0.3699738224641259,-0.2377381046386848,0.6874354966289915,0.6685832631372053,0.6874354966289915,0.902462970352847,0.41876514583737706,0.9400715058832474,0.9207187508190696,0.7589290152218566,0.23055881644896078,-0.07789528795547054,0.05366667964401644,0.5684077896034277,-0.08313384632846378,0.6161634861206803,0.5918933708160272,0.6102642998616266,0.5743650306498729,0.026210312022605424,0.818653012969987,0.754495943269195,0.6801150350587803,0.7600406194139177,0.7783835513252338,0.7600406194139177,0.581502489585676,0.6770850323185891,0.7209804304305881,0.6770850323185891,0.7304349222041858,0.6947006790811513,0.7466164256480919,0.7850449519771364,0.7466164256480919,0.47470927320311257,-0.08434886119828208,0.4902272906783823,0.08854613356959272,0.4614186351175178,0.2672983906604415,0.5217520510471183,0.2672983906604415,-0.13578214005817793,0.657915628780021,0.8960683085219565,0.7211493331290391,0.7868150101248597,-0.08648444486493677,0.6915642482937335,0.6912216559520358,0.6915642482937335,0.7443920419048657,0.7443920419048657,-0.19114569680532972,0.7084928278811702,-0.17697101930192977,-0.7229726081424274,-0.4552427954046297,-0.45930317948683413,-0.4356250481746267,0.12488515017850045,0.019864657126294122,-0.35471046381125904,-0.7030455823623816,-0.18135742015055042,-0.341126446885146,-0.2896941711028388,0.05814028156296697,0.05655524312131213,-0.5010235457509511,-0.0823785640545512,-0.272551531393535,-0.520651071761139,-0.2266431608264828,-0.41963906974840837,-0.30285274808505036,-0.41963906974840837,-0.43186042516649265,-0.5561647048138791,-0.5561647048138791,-0.32269099204041785,-0.32269099204041785,0.38862482213217303,0.21644668555582106,0.2986431900695925,0.5353514009279804,0.30863937384642254,-0.39747785890477955,-0.0030853976134471196,0.46321184448066766,0.5604155315057207,0.46321184448066766,0.007321888197289602],[0.999750177791954,0.9995340288225819,0.6931298024559872,1.0,0.99899159134967,0.9997501777919539,0.9940359777378497,0.9912776135853992,0.9912776135853992,0.9947613168667901,0.9762103003972098,0.9904921732905762,0.9940588963170512,0.9946810567193121,0.9940809396008966,0.7263047338881918,0.6389636044268022,0.23270397364594084,0.9946616458596328,0.9946568179484211,0.9858937863475741,0.9940418821908751,0.36578374809400876,0.767760192291763,0.985659212888872,0.985659212888872,0.9856394144294389,0.982688956811638,0.2932449030815591,-0.15348443338004558,0.9886655248147947,0.9886336812497311,0.23974214070243094,-0.22572588127878182,0.9953663455897394,0.995954629870893,0.8293553173319365,-0.3526868186502139,0.9930196717139578,0.9961843120891356,0.7052152645059196,0.2128733969642879,0.9935327361868974,0.9953972411549555,0.9935327361868974,0.903267816405783,0.6444921054150134,0.9292881262951326,0.9270644006548112,0.8342770443034527,0.3755591403407854,-0.19034393845477013,0.21768050639336003,0.9466938904769526,0.35281166676456055,0.9712937998377511,0.969486560019164,0.9794842748235822,0.9894070005174777,0.9194210179648782,0.9406226206117793,0.938706871198672,0.9341027038180088,0.9328454858689555,0.9336326008673417,0.9328454858689555,0.8906842316976922,0.9181128699213489,0.9189887129435882,0.9181128699213489,0.9287082647882761,0.7584368767665001,0.87289082272966,0.8740737299031389,0.87289082272966,0.7247301691001695,0.17417868061573105,0.7123917580662911,-0.5362379643724084,0.6218095932923537,0.3762394554586421,0.6127448492622656,0.3762394554586421,-0.09045730548393116,0.9154583133429053,0.9434620875923276,0.9289594745442125,0.9189616830611678,0.23040761641226756,0.9108844675524576,0.9115469505496568,0.9108844675524576,0.9025734428000434,0.9025734428000434,-0.09661005705281343,0.6226484237202753,0.15068385913757595,-0.7138083416084591,-0.6045203219879698,-0.6083941225850417,-0.1640050538916913,0.14436286715351204,0.18891578963463487,-0.0328452887866556,-0.5926415996331881,-0.04121987278288229,-0.8029015291262583,-0.3120579854244429,0.16279975091500842,0.1642642662762968,-0.5856335735071196,-0.569445000705804,-0.29279942188735847,-0.5315013110792147,-0.8140194187826834,-0.41994189102670215,-0.4130126090148047,-0.41994189102670215,-0.25070585902032616,-0.3720949759379681,-0.3720949759379681,-0.8004026124328834,-0.8004026124328834,0.4307715203201397,0.6193241545614502,0.842739779367099,0.8336731693025291,0.7482041510792543,-0.35730129009032907,0.7380757108354625,0.7653188096440562,0.7655085233723017,0.7653188096440562,-0.15263884864041943],[0.9981824576739892,0.9961646560667184,0.6348313475254341,0.99899159134967,1.0,0.9981824576739892,0.9973079827851751,0.9960385739149746,0.9960385739149746,0.9975188282502095,0.9700708827505494,0.996494584270349,0.9973237624886138,0.9973923752624537,0.9973458010367273,0.6179951711650452,0.5045947781284323,0.026106283787745578,0.9976971018168254,0.9976964704851651,0.98816359942279,0.9973103421683278,0.007335686118596977,0.7533181864028509,0.99295645132831,0.99295645132831,0.9929182148735236,0.9910732353815356,0.06811895550907157,-0.13748941591348174,0.9874236844121187,0.9873518895299928,-0.05310599350793669,-0.1320384548606537,0.9977650862388103,0.9976873412034764,0.824245422831656,-0.4668072275170946,0.9976340642611783,0.9980202425222457,0.5839003544077349,0.0020412850831505957,0.997707096311621,0.997711558951176,0.997707096311621,0.9155467674055534,0.6115192576054154,0.9381781440311571,0.9262720225170459,0.8129608420198462,-0.06569935985253406,-0.5864178060670062,-0.15619085084407186,0.9377164759197578,0.20803231676184053,0.9687375183118889,0.9687714620118699,0.9825155710752795,0.9900127003120374,0.9187627299807528,0.9244894952511222,0.9294091244835335,0.9228895667959667,0.9278122075308609,0.9281446242411302,0.9278122075308609,0.8693596091784296,0.8811610697731629,0.8821150879056486,0.8811610697731629,0.9187100489632564,0.8429253507496448,0.9010659727288567,0.9017260448614711,0.9010659727288567,0.6900081462370825,0.5894415120829201,0.6818658819822694,-0.5420121990973478,0.6696727491952741,0.6519914522620273,0.6513493062232394,0.6519914522620273,-0.10042789468779141,0.9000400293663725,0.9229490153674468,0.9096222336628124,0.9260181807790562,0.07592122739346482,0.8989613469365457,0.899801228221326,0.8989613469365457,0.9039533397959938,0.9039533397959938,-0.13319753736565684,0.6660866835400118,0.005611134622975925,-0.7398099786264958,-0.64768220164987,-0.6488562319040543,-0.1924245268018096,0.16770075372790524,-0.19544421237284332,-0.2742206277488747,-0.6552669843903349,-0.3920433347455741,-0.8425053964966333,-0.5767443559447576,0.13441726045996052,0.13574180446839904,-0.6092195800104749,-0.5649833988539805,-0.5564818818132634,-0.5669863347180389,-0.7690613308690971,-0.6056778350842311,-0.6086473543589684,-0.6056778350842311,-0.28544711497652914,-0.4020986818025273,-0.4020986818025273,-0.73921150669792,-0.73921150669792,0.41911425267419566,0.6041788508964443,0.8019723877733371,0.799256133345851,0.740848515648795,-0.47793776710219077,0.6129790915468044,0.6628538728916412,0.6630191144304767,0.6628538728916412,0.0747169978162828],[1.0,0.9999900215583144,0.6957883944567685,0.9997501777919539,0.9981824576739892,1.0,0.992918012582904,0.9897339134185641,0.9897339134185641,0.993439120551268,0.9778811950428951,0.9875655081797756,0.9929505079231208,0.9933045904078113,0.9929945372439971,0.7271525262414178,0.6402550949629784,0.24696919983230275,0.993717448612559,0.9937098347799541,0.9858439722148403,0.992939791491113,0.374279846977114,0.7636243786974325,0.9833442469517713,0.9833442469517713,0.9833252535193502,0.9772566872606718,0.2975339530391333,-0.14758222935690857,0.9893963111704408,0.989357026323166,0.24759448097794712,-0.22538734751463088,0.9949282992792265,0.9953189482772241,0.8602383471795841,-0.34855822953214965,0.9909111604444387,0.9953420574756678,0.7066729073942792,0.22740371720108415,0.9950466571357032,0.9950415652616148,0.9950466571357032,0.9052750542317006,0.6560450316388601,0.9264600044603235,0.9299184832564047,0.8490908593873104,0.3800721886535314,-0.18588767478085122,0.22252577066810195,0.9516332942274962,0.3679482377558968,0.9755394852190729,0.972167226091412,0.9815219301378926,0.9896059029675229,0.9365650981470005,0.9455115491405269,0.9489729972378498,0.9370666453974377,0.9462786734327078,0.9468771593091654,0.9462786734327078,0.8968703705647117,0.927746685240434,0.9285524576940107,0.927746685240434,0.9312659727382856,0.8077413436933426,0.9046713277447308,0.9058253367822566,0.9046713277447308,0.7309631448142676,0.41810460771146074,0.7200330382531228,-0.5316196626481714,0.625529440024606,0.639397877904476,0.6397200749099232,0.639397877904476,-0.08476329784673273,0.9193369633137117,0.9487761053150621,0.9346952988180175,0.9379144252626358,0.24403424206412405,0.9141297978729055,0.9146786723621938,0.9141297978729055,0.917958566030079,0.917958566030079,-0.09236334065830469,0.6051360395046284,0.14571996458237244,-0.7051541568231049,-0.5984021206896736,-0.6023558064849708,-0.1529832143057125,0.1483534538684562,0.19507120981147646,-0.020564372908468537,-0.5820784844463357,-0.035710153433303415,-0.7979718812420762,-0.3050734902846652,0.17179157952059368,0.17320412013331982,-0.5797473789828943,-0.572753040537448,-0.29240123736188517,-0.5223442680156349,-0.81299693817567,-0.41924111272780706,-0.4117649437510285,-0.41924111272780706,-0.2432337192247033,-0.36365134866205406,-0.36365134866205406,-0.8011703961907318,-0.8011703961907318,0.43929804859006005,0.6298109371769482,0.8504169279612201,0.8410368512104094,0.7549102381229607,-0.34560700678049094,0.7467301917679565,0.7739214391366491,0.7741104240903995,0.7739214391366491,-0.16713726602674028],[0.992918012582904,0.985632557524805,0.6750025165032607,0.9940359777378497,0.9973079827851751,0.992918012582904,1.0,0.9976839269066732,0.9976839269066732,0.99997256414414,0.9650871661034047,0.9997102278760374,0.999996832885494,0.9999880419470282,0.9999938779931148,0.8175987580604551,0.8022126870105529,0.20382077880675611,0.9998716908330697,0.9998720652196709,0.9906380547387879,0.9999969800370063,0.2901472743075027,0.7626354353691551,0.9867443853409494,0.9867443853409494,0.9879996018318673,0.992587091920133,0.22894779668094675,-0.20223752892184146,0.9916450451330693,0.9916955751184892,0.15341593520824623,-0.26717116217523484,0.9993851830894511,0.9995036642860853,0.472714680924364,-0.29839926933666666,0.9991684622648952,0.9994774821283953,0.7949779315869252,0.18271282453233686,0.9476624504463067,0.9991520440679634,0.9476624504463067,0.9235151106741856,0.6198645425696248,0.9461351189421208,0.9258293976034684,0.7814704428264606,0.4170383572259565,-0.1276417050286441,-0.1807037598506016,0.9358497525019328,0.32532769044143756,0.969577999513377,0.9663628977382843,0.98064802765351,0.9955755216900848,0.0006433913324690846,0.8888254517313543,0.8515572191778319,0.8923658580092543,0.846711532302056,0.8124313772957719,0.846711532302056,0.8353386041569844,0.8183768929953131,0.807368947473884,0.8183768929953131,0.8873244647031938,0.43907088809040856,0.6320666015425123,0.6840759285944298,0.6320666015425123,0.6589787073686929,-0.32982583922764813,0.6365128212376666,-0.6028196712128374,0.5564036366477957,-0.06634673053294074,0.48566292140249023,-0.06634673053294074,-0.130926797843194,0.8663406630469107,0.8884167996815818,0.8749018317515409,0.788039004303437,0.1999802909343838,0.8648252692037648,0.8658168973875144,0.8648252692037648,0.7931817386279106,0.7931817386279106,-0.16807919562955764,0.705737857318909,0.2258125705654633,-0.7160443239716451,-0.6424483341238926,-0.6458757568687872,-0.20150290326990739,0.0959614770944524,0.31174746494736105,-0.057392862240024475,-0.6002398697701732,0.026273851941784367,-0.8295687478656614,-0.20751803611369643,0.10131213572133353,0.10278731810062704,-0.6257499245648205,-0.5830707840360927,-0.12683527692165117,-0.6001327323994577,-0.8302032911189047,-0.41004358745787756,-0.24686342061432692,-0.41004358745787756,-0.31397086322551615,-0.40858958077543883,-0.40858958077543883,-0.8221861792765728,-0.8221861792765728,0.41785832075085905,0.590876150749712,0.5151250808943708,0.8065155621406476,0.7387342556236459,-0.40275463667457045,0.07564606741185113,0.7446048114047441,0.7633495526314868,0.7446048114047441,-0.09231373512017092],[0.9897339134185641,0.9807173707392802,0.6681018376319774,0.9912776135853992,0.9960385739149746,0.9897339134185641,0.9976839269066732,1.0,1.0,0.9996053965321068,0.959169032218483,0.9988711143613904,0.9983944217364833,0.9994492242709491,0.999222312639638,0.8141988668022924,0.789566928621518,0.18236141071772186,0.9992483282727284,0.9992504202772132,0.9881991890258743,0.9993457132436134,0.2653530201388893,0.7646044262460306,0.9933501285577632,0.9933501285577632,0.9863430787131963,0.9903421862717494,0.21177262812816383,-0.21499069136625332,0.9880174782925225,0.9914365934640051,0.1352544502598019,-0.2730069555440133,0.9984208977943831,0.9984294639838499,0.45702626413721675,-0.3042368660120609,0.9975396414223244,0.9984011834532422,0.7916907596416015,0.16090709676179857,0.9410974920405937,0.9982522761489817,0.9410974920405937,0.921557016137086,0.6056272643949218,0.9468997064621804,0.9246809890242361,0.7638477877459884,0.4047585457765698,-0.14176772010145636,-0.19215278054920593,0.9283273840151278,0.3055801384709728,0.9652179914266347,0.9617081115157192,0.9760644141794069,0.9945274405659353,-0.007829902956157923,0.8808284029299341,0.8390068699926032,0.8862359087420287,0.8351992166271257,0.8020622924839232,0.8351992166271257,0.8260374227902672,0.8034143729898517,0.79597117726968,0.8034143729898517,0.8813479017987287,0.4227898251630693,0.6152733458988879,0.670099693517916,0.6152733458988879,0.6495650611894845,-0.3429122400611914,0.6255696222028763,-0.6087229294814941,0.5508747718257709,-0.0861864308992945,0.4720394433498628,-0.0861864308992945,-0.1366169211034426,0.8593075848923268,0.8787413744004796,0.8660548104221422,0.7753331780489991,0.18244556518606717,0.8583539073348598,0.8595059173780936,0.8583539073348598,0.7794927678246569,0.7794927678246569,-0.1813647211442747,0.7257874812558199,0.23195012515418592,-0.7248845498660654,-0.6537604519830191,-0.65702121521209,-0.21529766999184274,0.08952029987472311,0.30466148622172134,-0.07594176259320531,-0.6119981557285449,0.01704741867969976,-0.8343810597744103,-0.21399368214077133,0.08748012037668866,0.08897946164800168,-0.6360367355151486,-0.5836145775640622,-0.13358892230865113,-0.6147099910206252,-0.8290627575084661,-0.42074247840844464,-0.25294568927494754,-0.42074247840844464,-0.3297020388537511,-0.421000458364669,-0.421000458364669,-0.8195621931755213,-0.8195621931755213,0.4017613450290583,0.5753210703415583,0.4976356223435334,0.7897667003299403,0.7269776477523138,-0.42253215441573405,0.06266185976099563,0.7263251947216746,0.7481397138217538,0.7263251947216746,-0.0755948059446045],[0.9897339134185641,0.9807173707392802,0.6681018376319774,0.9912776135853992,0.9960385739149746,0.9897339134185641,0.9976839269066732,1.0,1.0,0.9996053965321068,0.959169032218483,0.9988711143613904,0.9983944217364833,0.9994492242709491,0.999222312639638,0.8141988668022924,0.789566928621518,0.18236141071772186,0.9992483282727284,0.9992504202772132,0.9881991890258743,0.9993457132436134,0.2653530201388893,0.7646044262460306,0.9933501285577632,0.9933501285577632,0.9863430787131963,0.9903421862717494,0.21177262812816383,-0.21499069136625332,0.9880174782925225,0.9914365934640051,0.1352544502598019,-0.2730069555440133,0.9984208977943831,0.9984294639838499,0.45702626413721675,-0.3042368660120609,0.9975396414223244,0.9984011834532422,0.7916907596416015,0.16090709676179857,0.9410974920405937,0.9982522761489817,0.9410974920405937,0.921557016137086,0.6056272643949218,0.9468997064621804,0.9246809890242361,0.7638477877459884,0.4047585457765698,-0.14176772010145636,-0.19215278054920593,0.9283273840151278,0.3055801384709728,0.9652179914266347,0.9617081115157192,0.9760644141794069,0.9945274405659353,-0.007829902956157923,0.8808284029299341,0.8390068699926032,0.8862359087420287,0.8351992166271257,0.8020622924839232,0.8351992166271257,0.8260374227902672,0.8034143729898517,0.79597117726968,0.8034143729898517,0.8813479017987287,0.4227898251630693,0.6152733458988879,0.670099693517916,0.6152733458988879,0.6495650611894845,-0.3429122400611914,0.6255696222028763,-0.6087229294814941,0.5508747718257709,-0.0861864308992945,0.4720394433498628,-0.0861864308992945,-0.1366169211034426,0.8593075848923268,0.8787413744004796,0.8660548104221422,0.7753331780489991,0.18244556518606717,0.8583539073348598,0.8595059173780936,0.8583539073348598,0.7794927678246569,0.7794927678246569,-0.1813647211442747,0.7257874812558199,0.23195012515418592,-0.7248845498660654,-0.6537604519830191,-0.65702121521209,-0.21529766999184274,0.08952029987472311,0.30466148622172134,-0.07594176259320531,-0.6119981557285449,0.01704741867969976,-0.8343810597744103,-0.21399368214077133,0.08748012037668866,0.08897946164800168,-0.6360367355151486,-0.5836145775640622,-0.13358892230865113,-0.6147099910206252,-0.8290627575084661,-0.42074247840844464,-0.25294568927494754,-0.42074247840844464,-0.3297020388537511,-0.421000458364669,-0.421000458364669,-0.8195621931755213,-0.8195621931755213,0.4017613450290583,0.5753210703415583,0.4976356223435334,0.7897667003299403,0.7269776477523138,-0.42253215441573405,0.06266185976099563,0.7263251947216746,0.7481397138217538,0.7263251947216746,-0.0755948059446045],[0.993439120551268,0.9855403774005316,0.6271554178205256,0.9947613168667901,0.9975188282502095,0.993439120551268,0.99997256414414,0.9996053965321068,0.9996053965321068,1.0,0.9641568891585472,0.9996765713670026,0.9999734985489876,0.9999727045742652,0.9999764879187641,0.6657448844625423,0.5562619754174315,0.08367215861099665,0.9998299112097592,0.9998308092567387,0.9905565256979373,0.9999709710233697,0.06344341165050282,0.7427909950022649,0.9956774053711223,0.9956774053711223,0.9956383357161486,0.9924783278957406,0.05636712269710166,-0.14583731433825145,0.9910507329235323,0.9910083931225314,-0.03160956338724791,-0.22909530942391823,0.9994408894525973,0.9994000854540772,0.8275061564801064,-0.4670240671971872,0.9991106219363589,0.9994502469604531,0.6334670559586038,0.05980296317924872,0.9993156403844362,0.9993209160024639,0.9993156403844362,0.9232020711922106,0.620264917486275,0.9458843745194212,0.9254259779332674,0.781048739281414,0.030826041613983186,-0.5419660759167223,-0.11558356310407197,0.9324117746908211,0.27049616460757564,0.9667521689108028,0.9663655355711259,0.982797925125942,0.9948984611061656,0.8948357094119599,0.8896280616460855,0.9065440830830174,0.8934116088653576,0.9048950088662344,0.9054491530891307,0.9048950088662344,0.835171152652748,0.8629530456547314,0.8641893725890265,0.8629530456547314,0.8887003059725318,0.8087449328205097,0.8746364834468618,0.8756411795278423,0.8746364834468618,0.6590277587024427,0.5228089785544384,0.6361338388308051,-0.6005877119241304,0.6071465485960462,0.5782272768349991,0.5781567838659035,0.5782272768349991,-0.08470779794937161,0.867213314055097,0.888499075433693,0.8754748776532558,0.9027840531091614,0.11430907766012645,0.8698817680557126,0.87148120127544,0.8698817680557126,0.8750195735661169,0.8750195735661169,-0.1696023608595986,0.7058721761310737,0.03260522955258289,-0.7274424043597866,-0.6747854473298839,-0.6762095503460946,-0.20494175716001378,0.09927628628639801,-0.19981576693381006,-0.23972028298747503,-0.6372395916038318,-0.4180492008680666,-0.8628002070158894,-0.6097404625925394,0.10037862047102362,0.10232492530413428,-0.6271584546005504,-0.5792064345555195,-0.5666230552572034,-0.6015927951053698,-0.7956196507172008,-0.6286391403117121,-0.6310663470408151,-0.6286391403117121,-0.3155672071849205,-0.41158970827802605,-0.41158970827802605,-0.7763751760032043,-0.7763751760032043,0.4168607928256844,0.5890385539323355,0.8130680351783911,0.8097356207171004,0.7366996924073862,-0.4291381749415108,0.6436484069329736,0.6883860084908979,0.6885748987048698,0.6883860084908979,0.14434173662150424],[0.9778811950428951,0.9741685464417497,0.5944250186141218,0.9762103003972098,0.9700708827505494,0.9778811950428951,0.9650871661034047,0.959169032218483,0.959169032218483,0.9641568891585472,1.0,0.9523081134823382,0.9651058631716899,0.965136287932631,0.9648581618634942,0.43442810136407395,0.32010550166794394,-0.14621529345373996,0.9689999236694651,0.9689807990216686,0.9652046637320225,0.965196671322543,-0.026713460683341708,0.779383814714929,0.9665281869541077,0.9665281869541077,0.9666847154367837,0.9104585504474463,0.14601904924347706,-0.13365082511598572,0.9712278912595428,0.9713196594255413,0.11293777877587238,-0.00022390741629848784,0.9721818169008392,0.972403627616351,0.8965771466328483,-0.3464659167959488,0.9595448369947179,0.9714658970084795,0.3957769042074301,-0.16613425057426764,0.9731601892162074,0.9731310828060558,0.9731601892162074,0.8401837334989406,0.42685322740380205,0.8583914983769906,0.9133365578440144,0.8750890812479784,-0.48077314680472355,-0.671999200524891,-0.1926668918088394,0.901594629089651,-0.03932482964205925,0.9275979980003173,0.927655096294532,0.9434296792153434,0.9695992219820421,0.8959177708381693,0.8980082824168837,0.9083600144918785,0.8988357865942639,0.9019660860784112,0.9024924796494149,0.9019660860784112,0.8589984111437048,0.8373163034952937,0.8385974495659969,0.8373163034952937,0.895016543500305,0.9078053390122817,0.89312630616582,0.8935643459613707,0.89312630616582,0.7337047956430779,0.6736665184392622,0.7344878171874134,-0.26088786743325115,0.7472941791177434,0.7615144917439531,0.7636019109825339,0.7615144917439531,-0.24069143628165682,0.8947525947725034,0.9413838220839893,0.9076358347539923,0.9074048331732871,-0.043259022404223794,0.8892012752220445,0.8899551599237229,0.8892012752220445,0.8960408719679627,0.8960408719679627,0.038326030249292035,0.4371260538155191,-0.1383998174087938,-0.6703901631231812,-0.446974703963344,-0.44958138746258575,-0.07838531291651,0.43639286489399853,0.007937605195249928,-0.20664191259995973,-0.5641841457232786,-0.11794934407061776,-0.7908349983706809,-0.28294138869917673,0.29969118250796173,0.2998489161156715,-0.41863766383024426,-0.4318945464089666,-0.38545291143846444,-0.397069712841426,-0.6569240772820298,-0.4047901077113582,-0.40726399145093434,-0.4047901077113582,-0.14403225881548445,-0.45290605621213825,-0.45290605621213825,-0.5424873723846432,-0.5424873723846432,0.5501987030545872,0.6477119380291794,0.753484106837414,0.7062875771149114,0.810813651696363,-0.5153189767273421,0.4175946382489747,0.5342234184305643,0.5345682448804014,0.5342234184305643,-0.12396295182566223],[0.9875655081797756,0.9864758028675384,0.9948342873413436,0.9904921732905762,0.996494584270349,0.9875655081797756,0.9997102278760374,0.9988711143613904,0.9988711143613904,0.9996765713670026,0.9523081134823382,1.0,0.9997103429704807,0.9997077265526252,0.9996829529638395,0.1700440351429532,0.06672786764119258,-0.5349455614824099,0.9998205047427429,0.9998222343398517,0.9997138296442406,0.9997127320930995,-0.281286115261038,0.9746450000585203,0.9952369660254686,0.9952369660254686,0.9952201416540271,0.9942116599629116,0.05968443274134571,0.05377473401363168,0.9925130586661708,0.992556729483026,0.7860185898864899,-0.033250420515847846,0.9991446471724073,0.9991070748602073,0.9989939761940553,0.9994484503886907,0.9994858348562213,0.9991806158729308,0.11468769157289063,-0.5424958904814686,0.9989488440481041,0.9989551659783059,0.9989488440481041,0.9181008354981104,0.46350888516435984,0.941724372722232,0.9217394121045599,0.7810412554742652,-0.37299106530454934,-0.590214167738493,0.833042085202723,0.8616294269777081,-0.3466185382635981,0.9390913971473931,0.9392824751046093,0.9719071501697191,0.9941130940237957,0.9081363439560997,0.9133395617216483,0.8916677410763979,0.8961182841841594,0.8961590207057312,0.8966678149547966,0.8961590207057312,0.7976877281070875,0.7677653125935153,0.7693910374469203,0.7677653125935153,0.9149929971858383,0.9203284147312755,0.9138699944634889,0.9147057855725148,0.9138699944634889,0.573444698058524,0.5196352310627854,0.6070440951052154,0.6855401008835396,0.5940736296397031,0.6206735828297395,0.6227473096358497,0.6206735828297395,-0.2907209683917227,0.8616540539394172,0.8902691879104548,0.8798427660815675,0.9145331510914883,-0.344012482382323,0.8575604294186316,0.8577588471432036,0.8575604294186316,0.8655396125734464,0.8655396125734464,-0.22093777860538924,0.6997504741360379,-0.3920022372651349,-0.8114945665991292,-0.5370973021027914,-0.5401715151210241,-0.43605596807195524,0.24192483582568813,-0.3065151521661786,-0.5418144444546418,-0.7710486774855168,-0.4097068141224046,-0.5891226747273743,-0.4844587891177702,0.09206422658385408,0.09005307798985504,-0.5588046250468812,-0.5319510522701433,-0.5531879137130533,-0.589330083876022,-0.5825129379257704,-0.5566969680748735,-0.5599174737672294,-0.5566969680748735,-0.4460737365166837,-0.6353643576173812,-0.6353643576173812,-0.6252068739637652,-0.6252068739637652,0.4128478149189005,0.34144660655481623,0.48101156709790865,0.5925016895470306,0.5285038464977863,-0.576101868458294,0.329409830039958,0.28783171061768603,0.28807930005070076,0.28783171061768603,0.271386934762478],[0.9929505079231208,0.985663520846888,0.6750154389906422,0.9940588963170512,0.9973237624886138,0.9929505079231208,0.999996832885494,0.9983944217364833,0.9983944217364833,0.9999734985489876,0.9651058631716899,0.9997103429704807,1.0,0.9999912990081107,0.9999954445363157,0.8175947733409792,0.7891350440611913,0.20387376270858296,0.999873028026548,0.9998733574916889,0.9906692416920774,0.9999975469993797,0.29044101571303077,0.7626837637560503,0.9916055159105406,0.9916055159105406,0.9879910785129274,0.9925748073683296,0.22919057925484038,-0.20218822232744793,0.9916955115245863,0.9917051788930867,0.15363394250123358,-0.2671382874876962,0.999386811865279,0.9995064811249416,0.4726889428483503,-0.2982050708550258,0.9991697270559065,0.9994840144287149,0.7949623538470514,0.18277151435865238,0.9476490839639945,0.9991541768863661,0.9476490839639945,0.9235151660920079,0.6199892506152217,0.9462168368112035,0.9258915581255697,0.7815410432741305,0.4173911901735787,-0.12723438563448153,-0.1803691664440885,0.9359070176119111,0.325387143358342,0.9696566448786412,0.9664097625271899,0.980723100092582,0.9955893433048045,0.0008152764694701732,0.8889335907419584,0.8516321484544123,0.8924624730675449,0.8467848877192724,0.812380879578328,0.8467848877192724,0.8354202449863396,0.8184174451928401,0.8073134974232411,0.8184174451928401,0.8874468473462914,0.4389594772194359,0.6320660013981431,0.6839989844705368,0.6320660013981431,0.6589433164840297,-0.32984686264624125,0.6364959012022169,-0.6027299123019066,0.5563213756272306,-0.06646835483033899,0.48568939698557134,-0.06646835483033899,-0.13106596111268246,0.8664055601097761,0.8885080249466167,0.8749747884509673,0.7880321370737673,0.20003506870531138,0.8648935424323907,0.8658809989472748,0.8648935424323907,0.7932342065748725,0.7932342065748725,-0.16802114139965404,0.7057614229699172,0.22592111478608765,-0.7160746994892712,-0.6423694621632086,-0.6458016030980099,-0.20157693954642505,0.09585078307381585,0.3119066438586402,-0.05737843797615602,-0.6002896555453578,0.026514769808307605,-0.829337886176191,-0.20725132926575648,0.10137948788830918,0.1028678996611974,-0.6257329078155903,-0.5828843612397918,-0.12660916251546958,-0.6000985734689444,-0.8301103456506678,-0.409841027521501,-0.24667705968307888,-0.409841027521501,-0.31381642968937434,-0.40855675006853,-0.40855675006853,-0.8221409813461426,-0.8221409813461426,0.41827662239031227,0.5909909498221487,0.5153499967606902,0.8067455759982779,0.7387900718463495,-0.4025674550795393,0.07590524338910057,0.7448372756552265,0.763457219677779,0.7448372756552265,-0.09234668098933654],[0.9933045904078113,0.9856185587689809,0.6711162215911187,0.9946810567193121,0.9973923752624537,0.9933045904078113,0.9999880419470282,0.9994492242709491,0.9994492242709491,0.9999727045742652,0.965136287932631,0.9997077265526252,0.9999912990081107,1.0,0.999988924782499,0.735541559832959,0.6435631143091873,0.2055461396230617,0.9998953159954405,0.9998960024878077,0.9906598965343313,0.9999888000702337,0.29017241344252853,0.7593522625552619,0.994454052914593,0.994454052914593,0.9944228946305987,0.9925259727061054,0.22232927283604098,-0.20273023773653892,0.9921342357804598,0.99213674013847,0.1755035864827331,-0.26654683899470727,0.9995564421936414,0.9995063407270343,0.8608129858999796,-0.3850115198914951,0.9991672700081458,0.9994880470349775,0.7109173306995509,0.18447309750785107,0.9994565943314643,0.9994612166175145,0.9994565943314643,0.9233755719032466,0.6200930298576545,0.9460300638632361,0.9256605803503246,0.7812692140746124,0.2986276941196744,-0.29546038522516793,0.12465239735652975,0.9357982453896988,0.3258411776676163,0.9671088402242227,0.96643141719252,0.9794277836053404,0.9958235973156752,0.9010307139863777,0.8882414877396803,0.9116012621669397,0.8924172684690841,0.9104014255595972,0.9111640405805018,0.9104014255595972,0.8347640129922115,0.880961361394029,0.8822023506873544,0.880961361394029,0.8873051168417795,0.7921160447546505,0.8787010880863146,0.8800816911629796,0.8787010880863146,0.6586050538040222,0.5172473336364323,0.6353636357126539,-0.602789327939232,0.5550893970469469,0.5544153794629578,0.5553398485235155,0.5544153794629578,-0.13305577670243188,0.8662913528141372,0.8882248221884382,0.8745641132055572,0.9073282454012466,0.20205512642318654,0.8648438887147816,0.8660638280462439,0.8648438887147816,0.8737582335128227,0.8737582335128227,-0.16833494298508508,0.7045609446668178,0.13185388591362382,-0.7151845018484994,-0.642031277827471,-0.6452252305548052,-0.20158730332187919,0.09471110398680173,0.08450856376593285,-0.05592712801933443,-0.599106569306186,-0.1622958776000248,-0.8394264661557899,-0.42402096522311394,0.10067095816359799,0.10265351060497824,-0.625774581217985,-0.5821744706136557,-0.4151715611787785,-0.5998776838589285,-0.8227835274919585,-0.525382194808136,-0.5214808878590669,-0.525382194808136,-0.3130194954478422,-0.4085840182588335,-0.4085840182588335,-0.8135775585338255,-0.8135775585338255,0.4164158635198819,0.5908380423308327,0.8195317062267529,0.8101427340866478,0.7390008813217246,-0.40220683899835713,0.7022341286561479,0.7321309357923967,0.7322317007396862,0.7321309357923967,-0.05992456022897143],[0.9929945372439971,0.9855188263449842,0.6751439134643616,0.9940809396008966,0.9973458010367273,0.9929945372439971,0.9999938779931148,0.999222312639638,0.999222312639638,0.9999764879187641,0.9648581618634942,0.9996829529638395,0.9999954445363157,0.999988924782499,1.0,0.8067635285605738,0.7346817783448989,0.20402618513400067,0.9998759572188328,0.9998761739467529,0.9907932105232674,0.9999953295489031,0.29110460311080544,0.7625256744569185,0.9946201472065125,0.9946201472065125,0.9945358799385808,0.992511255573048,0.22947816273110253,-0.20220580144566305,0.9926034938584002,0.9926431502813288,0.15436050111227684,-0.2669696512289871,0.9994305994258333,0.999506213403026,0.4717678463367855,-0.29750300433904125,0.9991324138445785,0.9994865280128076,0.7921280422450849,0.18294447224743046,0.9472367851580531,0.9992029230595202,0.9472367851580531,0.9237342834346818,0.6206155486938902,0.9463258462692059,0.9259688815651462,0.781298303625798,0.41866914645928355,-0.12580154679038202,-0.18059609432992918,0.9362160459141919,0.32565555569544674,0.970020970218739,0.966686923409921,0.9809625665792825,0.9956313711168718,-0.00015326074951533086,0.8891562690936069,0.8515341221347233,0.8926497805033905,0.8467159235564624,0.8119567792448784,0.8467159235564624,0.8355882403464812,0.8183361418860264,0.807622607948756,0.8183361418860264,0.8877080629830214,0.43832003867021463,0.6316031679889865,0.6839825539792935,0.6316031679889865,0.6588124763265234,-0.33094444429856384,0.636446865785405,-0.602932818134445,0.555994639803548,-0.06740294212498787,0.48535943993372566,-0.06740294212498787,-0.13103294108014235,0.8665106620033999,0.8882884051250376,0.8750914683813722,0.7811761956269194,0.20041440623228493,0.8649585808494843,0.8659369676934988,0.8649585808494843,0.793044653422977,0.793044653422977,-0.1692846076122552,0.706504419813624,0.2263971593596435,-0.7160323758230065,-0.6427038195992656,-0.6461397974834313,-0.2025717747051108,0.0947596724641805,0.31223396292648925,-0.05772612275894184,-0.6004413280669713,0.026625844640487166,-0.8286295756459033,-0.20707451930919,0.10050064562523546,0.10198779197126312,-0.6262755921993912,-0.583080860076783,-0.12605732240323347,-0.6011372787740908,-0.8301468870891657,-0.40977580710013434,-0.2461500221134212,-0.40977580710013434,-0.31463061521083935,-0.40895575119419675,-0.40895575119419675,-0.8224849013988719,-0.8224849013988719,0.4184362908015512,0.5906810311911045,0.5149019094582559,0.8071622813271833,0.7382848062257812,-0.40215969316746697,0.07529601394054794,0.7452492093324093,0.7640638183015116,0.7452492093324093,-0.09209882071540743],[0.7271525262414178,0.05577103261708467,0.3857567899013279,0.7263047338881918,0.6179951711650452,0.7271525262414178,0.8175987580604551,0.8141988668022924,0.8141988668022924,0.6657448844625423,0.43442810136407395,0.1700440351429532,0.8175947733409792,0.735541559832959,0.8067635285605738,1.0,0.9921587527357412,0.4259051979716336,0.7842944397672963,0.7842584424353053,0.7048218893880815,0.8053906790054106,0.3354935715712471,0.3736776939436262,0.7990818733412015,0.7990818733412015,0.7842104282403843,-0.22708112542367706,0.19731089529730925,-0.15850572456045578,0.8437152313166416,0.8405859561471627,0.16034878791159285,-0.2167645163499762,0.8127686741120039,0.6924034918637195,0.2556982709550893,-0.31708195979218323,0.18493174171517385,0.6574442557372553,0.9983373585104344,0.40885549801150867,0.7382821391831103,0.8124341588405846,0.7382821391831103,0.12917888145904072,0.5242471796015423,-0.29186239484130044,-0.31556150959626666,0.012393529173606267,0.39452748739781623,-0.055468422492466536,-0.21084209108369545,0.6794667965763017,0.3997396083612877,0.8118386040864884,0.6797405905545368,0.7730577317125866,0.7943769912072312,-0.10588359258589536,0.09076521797656655,0.5531076698756178,0.40687014684752515,0.542792