var element=document.getElementById("correlationClose");if(element.style.display!='none'){var correlationClose={"data":[{"type":"heatmap","z":[[1.0,0.9999860183715567,0.6153724766567596,0.9997134558393123,0.997746728366372,1.0,0.991656031319636,0.987633493410697,0.987633493410697,0.9923319833835921,0.9748782342626379,0.9849250555631408,0.9916967446292805,0.9921426618692446,0.9917556878102829,0.899823583205863,0.8690200741880912,0.38033139619750683,0.9926796360470677,0.99266555514296,0.9848096426162539,0.9916835008141932,0.4556499053990987,0.7015823264875028,0.9798427743752538,0.9798427743752538,0.9798230140914926,0.9695269055336712,0.3499040463404155,-0.09852389467936792,0.989576799232035,0.9895393387892835,0.30406221366085817,-0.1715374876457872,0.9942770775643615,0.9950348770723434,0.8288587551151018,-0.37757697485932745,0.9893896634248512,0.994915862063563,0.894534895150927,0.36182420817828953,0.99444033316546,0.9944281808886877,0.99444033316546,0.8859064182952718,0.6605079235412777,0.8845490532455119,0.8932080636511603,0.8018414641587318,0.3792325945341663,-0.15330031207856398,0.19505563395566802,0.9454070201124127,0.4240919710467522,0.9756894897436951,0.9704714113043358,0.9796507509476098,0.9897092239682621,0.9225746259142867,0.9254609193145789,0.9390762260678974,0.9196822227959665,0.9361835654571029,0.936883212843792,0.9361835654571029,0.8638133099512588,0.9136428826816256,0.9146514489129549,0.9136428826816256,0.909393844028338,0.7597643309799575,0.8827029132090611,0.8841657380618857,0.8827029132090611,0.653935340570394,0.3362630392082471,0.6344662229638082,-0.576819572035064,0.5372399201398008,0.5749673894327674,0.5757893035379292,0.5749673894327674,-0.10468601750824544,0.8972299964833412,0.9297160235735635,0.9120875946761309,0.9239952096904289,0.36715010373443485,0.8932588722734585,0.8942287362952162,0.8932588722734585,0.8998645248432858,0.8998645248432858,-0.1273291803231588,0.583254243589574,0.1884747715006349,-0.6167265865343928,-0.5737688144937085,-0.5773916846264631,-0.07272096027490228,0.09345728252844222,0.24000435846973167,0.08452614569924678,-0.4613756030096039,0.028586639869702387,-0.7948375529156776,-0.23839557352299084,0.1514994980113462,0.1522387547295743,-0.5545658449963143,-0.5938443490606804,-0.23883388428667282,-0.4989617311812052,-0.8241168908685517,-0.37249279747460945,-0.36421459472385465,-0.37249279747460945,-0.19172833607514525,-0.28790504923844,-0.28790504923844,-0.8121034173838987,-0.8121034173838987,0.4018817333098471,0.6468285840379719,0.8654619565348066,0.8466801639521906,0.7774427979366106,-0.28365682450759794,0.7580238216113947,0.7963657214022178,0.7966878680625865,0.7963657214022178,-0.23019025777476287],[0.9999860183715567,1.0,0.9749573418752103,0.9993421984542618,0.9948601557890555,0.9999860183715564,0.9815987010349785,0.9742534849790603,0.9742534849790603,0.9814340589785662,0.9650049838362741,0.9833448279337826,0.9816436899761386,0.9815590704528031,0.981461227219759,0.551918080244485,0.4850013081311987,-0.3455383648275376,0.9861695991479111,0.9861482474647283,0.9816990030445769,0.9816925357057347,-0.08436900113849993,0.9737843825079244,0.9760174497147766,0.9760174497147766,0.9760754343231277,0.9696745932384041,0.15618106298507495,0.1884966797919334,0.9782835908168889,0.978343040010617,0.9745487356003945,0.2060433728660914,0.9893688313563128,0.989429534710027,0.9900941468733021,0.983189945452739,0.9881748000289351,0.9895243181170548,0.5204893937493936,-0.3513456116350656,0.9901445898839881,0.9901306446106967,0.9901445898839881,0.8860254539347894,0.5212878389714526,0.8850007497739932,0.8934744141800333,0.8011910256547715,-0.39228661138153154,-0.52657373468189,0.8251217048832432,0.8625301780696726,-0.2209435547799448,0.933309333578414,0.9334384180769401,0.9481269855550806,0.9744163667554593,0.93734796431051,0.9456869918893582,0.9274919033979165,0.9268305100655666,0.9330907372000345,0.9336995759366505,0.9330907372000345,0.8162759605700242,0.7816825684133952,0.7838347490004002,0.7816825684133952,0.9398165960371201,0.9440501384392861,0.939880733104107,0.9409132265455822,0.939880733104107,0.5218327197389911,0.46291673742275874,0.5741861601514499,0.6719005699473375,0.5670090175373739,0.5977511173417474,0.598576961757308,0.5977511173417474,-0.20717142436214597,0.8921522266114614,0.9223827690540432,0.9114569826906085,0.943451948327545,-0.1931210535920448,0.887323093215511,0.8876682663609137,0.887323093215511,0.8966659750942059,0.8966659750942059,-0.2219152385195491,0.5843794472732176,-0.3592565276563091,-0.7172279452743602,-0.46353164775498684,-0.46691408855737193,-0.3323429342806435,0.2538994383022421,-0.23273911861616817,-0.43826584710319844,-0.6597465291725775,-0.3121338445970436,-0.48861407851108934,-0.36799300652671446,0.12982485932267154,0.12573803287837645,-0.4892925822906885,-0.4487940369350812,-0.4770801060254477,-0.5076956529603541,-0.49980766179463326,-0.4792308845743456,-0.4827394752100964,-0.4792308845743456,-0.35142578827238785,-0.5089965808062965,-0.5089965808062965,-0.4822981394522601,-0.4822981394522601,0.402107292693466,0.3944560971682843,0.5103346226480338,0.5973148885281216,0.5576352885417108,-0.41389908151161703,0.36990017622312127,0.34808406126663155,0.34819145678260544,0.34808406126663155,0.11003481700707157],[0.6153724766567596,0.9749573418752103,1.0,0.6105301885978628,0.5211810364441481,0.6153724766567596,0.6006972826636591,0.5907147391547671,0.5907147391547671,0.521692743326341,0.4717954313654609,0.9965694094267834,0.600713990088161,0.5875283716857875,0.6009815467198224,0.502365550724425,0.5113274021451619,-0.1496235346178602,0.5541657136056164,0.553239252011168,0.5131467109109195,0.5996069562165093,0.23244751067845382,0.7406216539550918,0.5735671853014684,0.5735671853014684,0.5733079090787815,0.9870512760260234,0.34037386039282314,0.18573621313785507,0.5613992494187184,0.5609561432676753,0.7598089542605795,0.03388538245202134,0.5978227498751771,0.5182694820639224,0.5748148763800761,0.3341071788492321,0.9942162236924093,0.5096049437532572,0.49582824561798156,-0.15720626216138153,0.6142850980716776,0.5957510033910745,0.6142850980716776,0.8871627363361033,0.39337997611536124,0.9127966018721444,0.8831283680063102,0.6771598258046584,0.20441903968947028,-0.03760207959603456,0.05169327636144207,0.4688606909235592,-0.08310128948964746,0.5485514703558261,0.4973375522733837,0.5258958022046939,0.4843200866163355,-0.04384695343222941,0.7397727964956283,0.6799251127480505,0.555290120858555,0.6859163596713711,0.7324838082471237,0.6859163596713711,0.422614093934367,0.584027226510278,0.6645345628402124,0.584027226510278,0.6228012599758009,0.6426720465677637,0.688242152262386,0.7487754792248101,0.688242152262386,0.29016831006198945,-0.08702351200712136,0.30829148205280904,0.12358886231935472,0.30735204498864677,0.2614605776888757,0.43573470390039665,0.2614605776888757,-0.17106836358186256,0.5180934845851461,0.844999982288252,0.5993373219594008,0.748152528375346,0.009017775472729306,0.571723660213541,0.5714728768737357,0.571723660213541,0.667864401117922,0.667864401117922,-0.24473789549629466,0.7242184443966888,-0.2025375045711727,-0.6168323879616359,-0.4104953274795917,-0.4140924216392149,-0.4009629520090955,0.0577923028159693,0.0247693463551424,-0.2913172054992281,-0.5975387306360194,-0.14741264987406838,-0.26665259482685305,-0.23208214491182858,0.01742814291749402,0.014523815197547295,-0.46737714637421857,-0.02220715892285599,-0.2369682140877594,-0.49616550788059294,-0.15262540871907382,-0.37847372076392577,-0.2564177033999982,-0.37847372076392577,-0.41672102643747355,-0.5174224362305662,-0.5174224362305662,-0.2683537890094574,-0.2683537890094574,0.338709980952726,0.16298021852439368,0.26260139924010995,0.5025969552505958,0.2503514107570283,-0.3405853107245803,-0.027912870016284095,0.4526353590477613,0.5616509467368979,0.4526353590477613,-0.04589577892071387],[0.9997134558393123,0.9993421984542618,0.6105301885978628,1.0,0.9987817390286766,0.999713455839312,0.9930976001055565,0.9895445220240833,0.9895445220240833,0.9940458846023095,0.9727671017257961,0.9890255493417882,0.9931267817185331,0.9938970248728296,0.9931600365365363,0.900069173040764,0.8690743813214132,0.3656780738428283,0.9939177423785255,0.9939063229358719,0.9850651181865623,0.9931063481841302,0.447281215934253,0.705565139673793,0.9826223824137305,0.9826223824137305,0.9826022646541814,0.9773683333397561,0.34593917701263804,-0.10499158892921885,0.9890777359311695,0.989049441727032,0.2963454120506987,-0.17171741348229266,0.9949502843451353,0.9959391410207354,0.7917899668845383,-0.3826649637153466,0.992356139292862,0.996056887711935,0.8939491960170511,0.3468386413165537,0.9927363145826072,0.9950073690594148,0.9927363145826072,0.8836876539992343,0.6479046854816084,0.8908237451972109,0.890567165545139,0.7816459997636322,0.37393068573201943,-0.15886556946591768,0.1890218063025873,0.9397261761655009,0.4079962320840109,0.9712632890015925,0.9675590601251273,0.977553825162827,0.989841434682992,0.9006521446931376,0.9182744765246997,0.9255525334798198,0.9154450179869278,0.918456494248329,0.9194227876741823,0.918456494248329,0.8553358751174918,0.9011032601094497,0.9022107258309752,0.9011032601094497,0.9057357282409157,0.6978627443265703,0.8424144451009428,0.8439119101361084,0.8424144451009428,0.6451660893100221,0.11881370212536177,0.6239367211799176,-0.5815616196130308,0.5318222318640116,0.31332587979823645,0.5452234083994751,0.31332587979823645,-0.11126785062463447,0.8915774331358669,0.9213630050186352,0.9038061565486177,0.8999578472597141,0.35324405354068483,0.888428419849735,0.8895396593177237,0.888428419849735,0.8797543120527604,0.8797543120527604,-0.13265024584377522,0.6061871522122962,0.19323395555026351,-0.6270050174878278,-0.5810046081668847,-0.5845324817538968,-0.08500087433146426,0.08859370090432445,0.23299222034490036,0.07157826569565727,-0.4737921583840589,0.022161537546286414,-0.8009346904594604,-0.24619354822513553,0.1411753256877059,0.14196045092329704,-0.5615346262390088,-0.5904222066949647,-0.24023360372725852,-0.5100783512319441,-0.8259560214028207,-0.37401996450646574,-0.3663086565569532,-0.37401996450646574,-0.20056078600637062,-0.2976794966158168,-0.2976794966158168,-0.8119005119988536,-0.8119005119988536,0.39048614876625487,0.635105503615004,0.8576923668807133,0.8390464783871145,0.7700867349113288,-0.29680019604117863,0.7490160105415306,0.787590596170249,0.7879277881385426,0.787590596170249,-0.21530630370650733],[0.997746728366372,0.9948601557890555,0.5211810364441481,0.9987817390286766,1.0,0.997746728366372,0.997020861290102,0.9952952609534023,0.9952952609534023,0.9972143734265436,0.9637997879870566,0.9960335722769921,0.9970390484581387,0.9971207788000654,0.9970683242447079,0.8583694498496284,0.8116849943855222,0.16382205965166813,0.9975667066739179,0.9975610785083153,0.9868837135959785,0.99702456046461,0.09732320388834559,0.6773118918082787,0.9915515195742391,0.9915515195742391,0.9915110669439098,0.9880558175069355,0.11966658496079959,-0.08658436780008003,0.9871606101318373,0.9870962786330532,0.00021858092364470468,-0.06558562000070844,0.9977757514200761,0.9977095275527381,0.7762126949154853,-0.514609174925591,0.9974823538074167,0.9980211898696546,0.8454252903046081,0.13973105494005644,0.9977229263895776,0.9977242653045056,0.9977229263895776,0.898657176532316,0.6101115367055355,0.9093472256033448,0.8953786044932001,0.7531782455804253,-0.09813914744344246,-0.5848015360807429,-0.2187222254950233,0.9267592907471778,0.2616217413093284,0.9657035171229211,0.9658072621272048,0.9791399600808006,0.9905405419573502,0.897923891810581,0.8987537893856804,0.9144147716669215,0.90204691342855,0.9127341750729144,0.9131046905401164,0.9127341750729144,0.8286427384493785,0.8516669841008542,0.8529218792511357,0.8516669841008542,0.893996852673197,0.7970838193941018,0.8742364670206607,0.8751275580196396,0.8742364670206607,0.6008384895477625,0.4730215543810768,0.5867040897110524,-0.6129894813021455,0.5853618676234249,0.563060499589165,0.5622536542338175,0.563060499589165,-0.13028782611908934,0.8727244027534935,0.8950760325791095,0.8795305521853383,0.9066994224892024,0.20280556323690344,0.8729402160701011,0.8740898048393078,0.8729402160701011,0.8801110699085889,0.8801110699085889,-0.17359873602352785,0.6579950456590472,0.048610500963586656,-0.659653828324845,-0.6335530783857013,-0.6340625492610293,-0.1189777899064532,0.11145781865379052,-0.1613533040094097,-0.17920903105150227,-0.5525449181546949,-0.3441024207738272,-0.8558822171500742,-0.5342178349587309,0.10898721895670933,0.10962366621333468,-0.5897088297401188,-0.5828899454218569,-0.5274914403302189,-0.5503584457893208,-0.7883085436345492,-0.5812843252617674,-0.584238743817991,-0.5812843252617674,-0.24188009791030782,-0.3338497237321112,-0.3338497237321112,-0.7552769352294315,-0.7552769352294315,0.374605308632979,0.6154009151281626,0.8097300023420128,0.7895585009349231,0.7586068334274707,-0.42971354823235874,0.6032631760991377,0.6793625081976606,0.6798356037856181,0.6793625081976606,0.012056356575394517],[1.0,0.9999860183715564,0.6153724766567596,0.999713455839312,0.997746728366372,1.0,0.991656031319636,0.987633493410697,0.987633493410697,0.9923319833835921,0.9748782342626379,0.9849250555631408,0.9916967446292805,0.9921426618692446,0.9917556878102829,0.899823583205863,0.8690200741880912,0.38033139619750683,0.9926796360470677,0.99266555514296,0.9848096426162539,0.9916835008141932,0.4556499053990987,0.7015823264875028,0.9798427743752538,0.9798427743752538,0.9798230140914926,0.9695269055336712,0.3499040463404155,-0.09852389467936792,0.989576799232035,0.9895393387892835,0.30406221366085817,-0.1715374876457872,0.9942770775643615,0.9950348770723434,0.8288587551151018,-0.37757697485932745,0.9893896634248512,0.994915862063563,0.894534895150927,0.36182420817828953,0.99444033316546,0.9944281808886877,0.99444033316546,0.8859064182952718,0.6605079235412777,0.8845490532455119,0.8932080636511603,0.8018414641587318,0.3792325945341663,-0.15330031207856398,0.19505563395566802,0.9454070201124127,0.4240919710467522,0.9756894897436951,0.9704714113043358,0.9796507509476098,0.9897092239682621,0.9225746259142867,0.9254609193145789,0.9390762260678974,0.9196822227959665,0.9361835654571029,0.936883212843792,0.9361835654571029,0.8638133099512588,0.9136428826816256,0.9146514489129549,0.9136428826816256,0.909393844028338,0.7597643309799575,0.8827029132090611,0.8841657380618857,0.8827029132090611,0.653935340570394,0.3362630392082471,0.6344662229638082,-0.576819572035064,0.5372399201398008,0.5749673894327674,0.5757893035379292,0.5749673894327674,-0.10468601750824544,0.8972299964833412,0.9297160235735635,0.9120875946761309,0.9239952096904289,0.36715010373443485,0.8932588722734585,0.8942287362952162,0.8932588722734585,0.8998645248432858,0.8998645248432858,-0.1273291803231588,0.583254243589574,0.1884747715006349,-0.6167265865343928,-0.5737688144937085,-0.5773916846264631,-0.07272096027490228,0.09345728252844222,0.24000435846973167,0.08452614569924678,-0.4613756030096039,0.028586639869702387,-0.7948375529156776,-0.23839557352299084,0.1514994980113462,0.1522387547295743,-0.5545658449963143,-0.5938443490606804,-0.23883388428667282,-0.4989617311812052,-0.8241168908685517,-0.37249279747460945,-0.36421459472385465,-0.37249279747460945,-0.19172833607514525,-0.28790504923844,-0.28790504923844,-0.8121034173838987,-0.8121034173838987,0.4018817333098471,0.6468285840379719,0.8654619565348066,0.8466801639521906,0.7774427979366106,-0.28365682450759794,0.7580238216113947,0.7963657214022178,0.7966878680625865,0.7963657214022178,-0.23019025777476287],[0.991656031319636,0.9815987010349785,0.6006972826636591,0.9930976001055565,0.997020861290102,0.991656031319636,1.0,0.9973676124215686,0.9973676124215686,0.9999694425506519,0.956406632127199,0.9996478336079019,0.9999964059491927,0.9999857537040759,0.9999930042290515,0.9363330386858969,0.9280656228551993,0.3226118101434641,0.9998509788436917,0.999851089392473,0.989261305282577,0.9999965886577935,0.3579253123299493,0.7050655982623157,0.9850841563477325,0.9850841563477325,0.9857643851361785,0.9890439806773689,0.2706067394752044,-0.16219828586151305,0.9917273417986282,0.9915422670499259,0.19899880761260516,-0.22107130007093104,0.9993228120012504,0.9994265069993525,0.3937089164057476,-0.3191617957955137,0.998890592152937,0.9993682453586146,0.9272866900266887,0.3023566373986095,0.9375175322528975,0.9990622473365898,0.9375175322528975,0.9081903322474781,0.615907787559037,0.9285755970587598,0.9041598565683284,0.7132031321147257,0.4096813831773622,-0.0994931902019554,-0.20454791427395405,0.9256798899783493,0.3710522629258378,0.9678566111546347,0.9619913684584743,0.9780841408618035,0.9958893022082222,-0.058311251827159356,0.8550433190844036,0.819630381441003,0.8667007734735499,0.8136490403578156,0.7784179045174614,0.8136490403578156,0.7888239521710676,0.7811009323357815,0.7743777692566121,0.7811009323357815,0.8567990930258611,0.34962611576051705,0.560362556583184,0.6322273846666316,0.560362556583184,0.5694827584855432,-0.35275166087945087,0.536085281175166,-0.6447403270402724,0.45858400082504774,-0.11005493902462381,0.40680758137926076,-0.11005493902462381,-0.15364516045718646,0.8338273236449357,0.8511980213107906,0.8374058520400481,0.7529483149145275,0.3096005856429726,0.8347292013521913,0.8363190844788495,0.8347292013521913,0.7471668139030869,0.7471668139030869,-0.2102326435632586,0.7026096236695009,0.24962791535678774,-0.6394446361201568,-0.6222384831062954,-0.625313600356406,-0.13263239625055556,0.03780068007751545,0.34248040518041606,0.03684169780485549,-0.4939293336173453,0.07816966537756516,-0.8275321207945999,-0.14737997725926505,0.07255979619041494,0.07340045654608507,-0.605183549943792,-0.5984031445893381,-0.07798798866842026,-0.5858522940607601,-0.8389809120487343,-0.3683109141510757,-0.1982653031566017,-0.3683109141510757,-0.2756813211321132,-0.34366598025587386,-0.34366598025587386,-0.8315602575826457,-0.8315602575826457,0.3737296788947443,0.595948124222364,0.5031164588500268,0.8049320347611013,0.750955240179314,-0.3505232089593005,0.06323385481315631,0.7565019450678454,0.7753849313356835,0.7565019450678454,-0.14374470007621648],[0.987633493410697,0.9742534849790603,0.5907147391547671,0.9895445220240833,0.9952952609534023,0.987633493410697,0.9973676124215686,1.0,1.0,0.9995213294891145,0.9489634874596091,0.9985571594354972,0.9981391942202887,0.9993697111288437,0.9990879972482615,0.9344284466493634,0.9187999747814058,0.300702589544355,0.9991363993872013,0.9991379039905698,0.9865137399481518,0.9992347004353068,0.33203771262114323,0.705427238476896,0.9923620624454842,0.9923620624454842,0.9836950972088733,0.9856751503654371,0.2526424802284295,-0.1760241102372274,0.9880031758628032,0.9914246008041169,0.1799219377263277,-0.22714132533134607,0.9982385926718033,0.9981830058352607,0.3746184284263194,-0.3261423821291903,0.9967107166627354,0.9980810768380187,0.9257711523061803,0.2800066765889034,0.929493287086389,0.998066860216406,0.929493287086389,0.9056492010293373,0.6004495749369437,0.9289106366712975,0.9006858883761398,0.6888138092525895,0.39648373725898034,-0.11479844432382573,-0.21758531047681376,0.9167775632733607,0.3503003211273678,0.963135657572871,0.9566072841819174,0.9728379402410622,0.9949581119969662,-0.06851775907349096,0.8426139823407723,0.8028169587386182,0.8577602882877651,0.7979893905340526,0.7657388674170617,0.7979893905340526,0.7757429275749524,0.7615847778642371,0.7604459955076898,0.7615847778642371,0.8481046337639577,0.32945747946219883,0.5391596170525915,0.6152802598066206,0.5391596170525915,0.5557656140195663,-0.36782375915912613,0.5206267178861209,-0.6529051390465832,0.45013357903963586,-0.13263943538350245,0.389904088703636,-0.13263943538350245,-0.16061514279696518,0.8233392852196341,0.8353965191344584,0.8239782707598281,0.7378134313403326,0.2919961579618928,0.8248310236031108,0.8266226136231842,0.8248310236031108,0.7288408717146886,0.7288408717146886,-0.2259790524953535,0.7284445093587243,0.2571341961672873,-0.6490709326948557,-0.6354497176235386,-0.6383337357008961,-0.14774020732638868,0.02981758170622216,0.33552467016040877,0.017439383024458726,-0.5069348795005438,0.06884226408026224,-0.8338761996019997,-0.15391975835525595,0.05682980470775541,0.05769253237327765,-0.617237192480422,-0.5995606118429415,-0.08489732446692747,-0.6032819464548479,-0.8389220372912353,-0.3800681541044069,-0.20455115959190237,-0.3800681541044069,-0.2936852492687986,-0.3577357024985748,-0.3577357024985748,-0.8299174154276555,-0.8299174154276555,0.35290955353942416,0.5786263921967358,0.4840972080583867,0.7869135213174965,0.7380473623639,-0.3727047975862462,0.04891971554214137,0.7372017160404241,0.7595277604404472,0.7372017160404241,-0.12643376379963445],[0.987633493410697,0.9742534849790603,0.5907147391547671,0.9895445220240833,0.9952952609534023,0.987633493410697,0.9973676124215686,1.0,1.0,0.9995213294891145,0.9489634874596091,0.9985571594354972,0.9981391942202887,0.9993697111288437,0.9990879972482615,0.9344284466493634,0.9187999747814058,0.300702589544355,0.9991363993872013,0.9991379039905698,0.9865137399481518,0.9992347004353068,0.33203771262114323,0.705427238476896,0.9923620624454842,0.9923620624454842,0.9836950972088733,0.9856751503654371,0.2526424802284295,-0.1760241102372274,0.9880031758628032,0.9914246008041169,0.1799219377263277,-0.22714132533134607,0.9982385926718033,0.9981830058352607,0.3746184284263194,-0.3261423821291903,0.9967107166627354,0.9980810768380187,0.9257711523061803,0.2800066765889034,0.929493287086389,0.998066860216406,0.929493287086389,0.9056492010293373,0.6004495749369437,0.9289106366712975,0.9006858883761398,0.6888138092525895,0.39648373725898034,-0.11479844432382573,-0.21758531047681376,0.9167775632733607,0.3503003211273678,0.963135657572871,0.9566072841819174,0.9728379402410622,0.9949581119969662,-0.06851775907349096,0.8426139823407723,0.8028169587386182,0.8577602882877651,0.7979893905340526,0.7657388674170617,0.7979893905340526,0.7757429275749524,0.7615847778642371,0.7604459955076898,0.7615847778642371,0.8481046337639577,0.32945747946219883,0.5391596170525915,0.6152802598066206,0.5391596170525915,0.5557656140195663,-0.36782375915912613,0.5206267178861209,-0.6529051390465832,0.45013357903963586,-0.13263943538350245,0.389904088703636,-0.13263943538350245,-0.16061514279696518,0.8233392852196341,0.8353965191344584,0.8239782707598281,0.7378134313403326,0.2919961579618928,0.8248310236031108,0.8266226136231842,0.8248310236031108,0.7288408717146886,0.7288408717146886,-0.2259790524953535,0.7284445093587243,0.2571341961672873,-0.6490709326948557,-0.6354497176235386,-0.6383337357008961,-0.14774020732638868,0.02981758170622216,0.33552467016040877,0.017439383024458726,-0.5069348795005438,0.06884226408026224,-0.8338761996019997,-0.15391975835525595,0.05682980470775541,0.05769253237327765,-0.617237192480422,-0.5995606118429415,-0.08489732446692747,-0.6032819464548479,-0.8389220372912353,-0.3800681541044069,-0.20455115959190237,-0.3800681541044069,-0.2936852492687986,-0.3577357024985748,-0.3577357024985748,-0.8299174154276555,-0.8299174154276555,0.35290955353942416,0.5786263921967358,0.4840972080583867,0.7869135213174965,0.7380473623639,-0.3727047975862462,0.04891971554214137,0.7372017160404241,0.7595277604404472,0.7372017160404241,-0.12643376379963445],[0.9923319833835921,0.9814340589785662,0.521692743326341,0.9940458846023095,0.9972143734265436,0.9923319833835921,0.9999694425506519,0.9995213294891145,0.9995213294891145,1.0,0.9552677335439667,0.999605300727653,0.9999703961047619,0.9999692440758431,0.9999745122616673,0.8782892569883594,0.8328030452480933,0.21006506555286725,0.9998007788471127,0.9998013642473637,0.9891019313203581,0.9999675364852353,0.14251761479877756,0.6719665783652176,0.9947192637210805,0.9947192637210805,0.9946709982248508,0.9888691913673833,0.09954803910600635,-0.10108153919826256,0.9903991341595394,0.9903614179864081,0.015098275467879637,-0.1795601537690413,0.9993573038003641,0.9993153782163073,0.7848254182370781,-0.5076167197618455,0.9988151686190833,0.9993462992847649,0.8652363827624446,0.18653318345323183,0.9992092062876616,0.9992145444711061,0.9992092062876616,0.9081658950558971,0.6166263443382467,0.9284210554156069,0.903722914366069,0.712601852485734,0.007043091681133151,-0.533770123812706,-0.17062420780633014,0.921197291250262,0.3180809035490873,0.9628431933068358,0.9621018768661792,0.9796713763116588,0.9951122920206724,0.8711615351770652,0.8557785135379549,0.8886944033900462,0.8675655655387844,0.887052240204392,0.8877139083389611,0.887052240204392,0.7880441851151203,0.8333971723960524,0.835011604100314,0.8333971723960524,0.8581370801993013,0.7593248533277678,0.844873653464853,0.8461973220597008,0.844873653464853,0.5688720563591486,0.39986965601395846,0.534948226528771,-0.6633041041064843,0.5151187908495388,0.48006791912191593,0.4799581178544585,0.48006791912191593,-0.11109445364742417,0.8343357218655216,0.8510834455467288,0.8377345562193064,0.8806371653000918,0.23016103980962782,0.8403640735219167,0.8424845282508884,0.8403640735219167,0.8476102327105055,0.8476102327105055,-0.2121784546936449,0.7038978345785915,0.07423900605365621,-0.6516782472124989,-0.6604110584723362,-0.6613529008180877,-0.13622865413417815,0.0407706952049382,-0.1676108973074126,-0.14785520310992603,-0.5379235869252041,-0.37361456693115885,-0.8721422278117943,-0.571443527865504,0.07158152857595776,0.07274514204279649,-0.6069258950142331,-0.5945074659695875,-0.5372646131741112,-0.5877335781075629,-0.8104551052532177,-0.6046946089782166,-0.6070101113951464,-0.6046946089782166,-0.2782370616668219,-0.3472195098059836,-0.3472195098059836,-0.7900447619464818,-0.7900447619464818,0.37442764311044474,0.594675642115722,0.8186696168144562,0.8013859640158261,0.7494001997538992,-0.3785303883975752,0.6369214997403427,0.7021041877400619,0.7022658337038898,0.7021041877400619,0.09280907315347392],[0.9748782342626379,0.9650049838362741,0.4717954313654609,0.9727671017257961,0.9637997879870566,0.9748782342626379,0.956406632127199,0.9489634874596091,0.9489634874596091,0.9552677335439667,1.0,0.9354773194197225,0.9564325939613247,0.9564418686981709,0.9561193827162319,0.7514524703140965,0.6945299144542374,0.001460296028970258,0.9613504036617169,0.9613281383375216,0.9565604719821817,0.9565519618267947,0.07588971263460816,0.7153304648647094,0.9581691649173768,0.9581691649173768,0.9583646164735697,0.8640874422116497,0.21067299147641463,-0.08197360488908138,0.9641578299773932,0.964273228675726,0.1757120958676917,0.10264455361943779,0.9653281086146505,0.9655949409373715,0.8692961747200115,-0.4171068128696594,0.9453307524737122,0.9644649710597891,0.7390784170374484,-0.020396087472074914,0.9665654415484329,0.9665312004049105,0.9665654415484329,0.7971897594974301,0.4135660895145145,0.7891810711789563,0.8786636508744561,0.8392747200274617,-0.5402821454851694,-0.6841987306570566,-0.27708177947574836,0.8785582015378958,0.024014691856883937,0.9109687255361548,0.9110310981737592,0.9307907025264249,0.9624674785516455,0.8747397028963321,0.8727937906564669,0.8969563336039579,0.8776753449830784,0.8897380298344932,0.8904506645778704,0.8897380298344932,0.82523367730125,0.8059808447224684,0.807898567830255,0.8059808447224684,0.8709709274171924,0.8884239795945832,0.8692829572066653,0.869968422303438,0.8692829572066653,0.6601971901452455,0.5837486007592594,0.6612736162080711,-0.36627865841165425,0.6827925331377874,0.7005932317307941,0.7032692980625815,0.7005932317307941,-0.27136551366962486,0.8750352267249265,0.9313350324399636,0.8909274720625739,0.8884653288593304,0.09078123551290994,0.868074819705982,0.8692541876125691,0.868074819705982,0.8781959290212562,0.8781959290212562,0.02882865341610258,0.3628221943298769,-0.09369022020710584,-0.5738973384519174,-0.4152035776799933,-0.4172222562946944,0.016721068872932995,0.40950851422691353,0.06834663858512653,-0.09425577034756885,-0.4407783536565681,-0.0352736887770296,-0.8044202820992803,-0.1972231896389637,0.2958982586300898,0.2952236757237788,-0.38092274387741504,-0.43629396458268715,-0.33949697699753284,-0.34777921346072344,-0.6755002187929516,-0.35998369320743145,-0.3623038165345197,-0.35998369320743145,-0.08170006524622604,-0.383949342782975,-0.383949342782975,-0.5387424646406476,-0.5387424646406476,0.549479326681029,0.6630668414060026,0.7577166376511685,0.679026531776667,0.8291707560559431,-0.47157187189262506,0.3881378363687692,0.5517893436522375,0.5520774786850976,0.5517893436522375,-0.21829130742399727],[0.9849250555631408,0.9833448279337826,0.9965694094267834,0.9890255493417882,0.9960335722769921,0.9849250555631408,0.9996478336079019,0.9985571594354972,0.9985571594354972,0.999605300727653,0.9354773194197225,1.0,0.9996453473982949,0.9996412633111402,0.9996049135774742,0.6207222758289022,0.5478580434012942,-0.44392670154087405,0.9997771609662329,0.9997806451611376,0.9996518107004241,0.9996518363453121,-0.20189884323470447,0.9675440866855692,0.993630628953519,0.993630628953519,0.9936087388445638,0.99142447163659,0.13080248542177714,0.12390502581650753,0.9903158260056804,0.9903657267904614,0.975560417617513,0.08600965120803683,0.9988871904459764,0.9988361331059712,0.9986829309258043,0.9993052679621289,0.9993201298287255,0.9989127944750438,0.5826555959343661,-0.45322841992254836,0.9986253037185022,0.9986352101530229,0.9986253037185022,0.9017234012367026,0.46092656613035266,0.9245100535209798,0.9015975651705121,0.7136120487452365,-0.4936502432298929,-0.6356007968194984,0.7978087661829661,0.8209553620338805,-0.32087927601448835,0.9250187223109585,0.9252404502652747,0.9643868429759772,0.9928831446361192,0.8781107716221646,0.8864563048693206,0.8587669122239412,0.8605335491215729,0.8665537183214436,0.8673505514290091,0.8665537183214436,0.7206476285430311,0.6802403320372036,0.6828049109936515,0.6802403320372036,0.8860620920558211,0.8936440333982509,0.8849924033210919,0.8862714538530698,0.8849924033210919,0.4040106839604511,0.33461992412633434,0.45342018430351466,0.568974672661151,0.4547783266615023,0.4922551303664481,0.49459741597484963,0.4922551303664481,-0.39026759949837075,0.8123081505295252,0.8553617813112268,0.8386510900531475,0.8857967369149493,-0.2340372933276975,0.8063535969314111,0.8068199347045201,0.8063535969314111,0.8186287715889932,0.8186287715889932,-0.2679959832935378,0.695616657435999,-0.37989286817864715,-0.7456869720888245,-0.5396421096461607,-0.5419920346118883,-0.3859813016453342,0.1939625679153513,-0.2824630271803308,-0.4806663091400156,-0.695756345495253,-0.36720227296557756,-0.6078142642214224,-0.4345983201047789,0.06566983968127527,0.062394220329248816,-0.5607226218215262,-0.5281965945698585,-0.5479485751720634,-0.5829501850931196,-0.5766873899056311,-0.5512046994838142,-0.5544440672848848,-0.5512046994838142,-0.4281380646998135,-0.6085080070120047,-0.6085080070120047,-0.6078717110129767,-0.6078717110129767,0.3697674593301956,0.34780613465747556,0.47164227702849754,0.5584376332686691,0.5417163561228681,-0.5613505255858166,0.2952315901611356,0.30250097673087717,0.3026742390121727,0.30250097673087717,0.20744076672243772],[0.9916967446292805,0.9816436899761386,0.600713990088161,0.9931267817185331,0.9970390484581387,0.9916967446292805,0.9999964059491927,0.9981391942202887,0.9981391942202887,0.9999703961047619,0.9564325939613247,0.9996453473982949,1.0,0.9999896687685017,0.9999947640320223,0.936323759628467,0.9238166903376367,0.3226840366148163,0.9998522631023296,0.9998523390587502,0.9893001260463982,0.9999971799158992,0.35824052645714966,0.7051285173250643,0.9903602864465872,0.9903602864465872,0.9857537707494893,0.9890215392623446,0.27086461661488587,-0.16214627327564726,0.9917408630980769,0.9915538841846894,0.19923137740531624,-0.221037362301796,0.9993249493077372,0.999430465473472,0.3936822220842581,-0.3189495363485201,0.9988919908571662,0.9993759517832549,0.9272715263292175,0.30243539988862733,0.9375017877612069,0.9990649282808298,0.9375017877612069,0.9082267401219126,0.6160545325594702,0.9288174144923586,0.9044014465112497,0.7133337317310803,0.41007291222487097,-0.09904447176329034,-0.20418029857732764,0.9257574872451044,0.37113202266409023,0.9679500129374657,0.9620567301567805,0.9781732774098285,0.9959043114390123,-0.05812039565225372,0.8551920090626834,0.819730607776157,0.8668164870397665,0.8137477821868404,0.7783608330468657,0.8137477821868404,0.7889082279552355,0.781159050258219,0.7743149619188046,0.781159050258219,0.8569511463612065,0.34950171242669287,0.5603712319997831,0.6321411316757299,0.5603712319997831,0.5694283512254399,-0.35277248167923914,0.5360468444554487,-0.6446369214919919,0.45847720381241075,-0.11018435929396293,0.40684345821618934,-0.11018435929396293,-0.15379329290415236,0.8339000165869026,0.8513274026504517,0.8374996183592262,0.7529406702499872,0.30967778564419074,0.834812215892256,0.8363975677945631,0.834812215892256,0.7472392522285648,0.7472392522285648,-0.2102026928465666,0.702602117450977,0.24973971330220826,-0.6394669983905941,-0.6221552323553059,-0.6252360390353526,-0.13271560323521772,0.03766657935263709,0.34265025684766504,0.0368616956877781,-0.49397560741822144,0.07842776427024646,-0.8272701148239691,-0.14709190153868593,0.07261404499871844,0.07347128607866818,-0.6051712481586651,-0.5982138668733704,-0.07774191653202878,-0.5858270290846361,-0.8388747622682671,-0.36808736804744024,-0.19806133555623992,-0.36808736804744024,-0.27554366945617725,-0.3436333225291628,-0.3436333225291628,-0.8315076896382148,-0.8315076896382148,0.3741984462195893,0.5960873572683963,0.5033629677965719,0.8051869868386267,0.7510303440440396,-0.3503079128099232,0.06351564846105898,0.7567521518043562,0.7755012005434385,0.7567521518043562,-0.14377014428423746],[0.9921426618692446,0.9815590704528031,0.5875283716857875,0.9938970248728296,0.9971207788000654,0.9921426618692446,0.9999857537040759,0.9993697111288437,0.9993697111288437,0.9999692440758431,0.9564418686981709,0.9996412633111402,0.9999896687685017,1.0,0.9999868507795977,0.9069865432765476,0.8712942595019728,0.32490650006885846,0.9998761096258098,0.9998767155535255,0.9892913833193813,0.9999867264302074,0.3609902398464761,0.7002778408571035,0.9934171450208659,0.9934171450208659,0.9933772735644384,0.9889108266618608,0.2653070525613604,-0.16367820754632906,0.9918593715166311,0.9918684104129086,0.22277889566930614,-0.22161226604201284,0.9994985854587539,0.9994312371909861,0.8303681801455135,-0.41501448227617344,0.9988871599324137,0.9993812258315444,0.8976029014099709,0.30470057646585014,0.999384022878765,0.9993886216625792,0.999384022878765,0.9084634499582525,0.6162254749181265,0.9286390828624791,0.904055587640615,0.7127356264400542,0.29076452077821113,-0.27162638118366855,0.08933226702940404,0.9257129391171028,0.37208523695825607,0.964630666650381,0.962087841654482,0.976599116512271,0.996154629714093,0.8804564095355817,0.8540995778188021,0.8948354936333434,0.8666413245319323,0.8938722381776321,0.8947854326720851,0.8938722381776321,0.7878636927048488,0.8580045075788397,0.8595602694866193,0.8580045075788397,0.8566397101245151,0.743214009300622,0.8526349506065911,0.8543780183237197,0.8526349506065911,0.5687378787391333,0.41372453995174435,0.5343906823734482,-0.6513121038453221,0.45672066077112705,0.47165974469675864,0.4730203580225747,0.47165974469675864,-0.15565327178203206,0.8335853204412045,0.8508070031949487,0.8368492987645255,0.887874686334013,0.3125692969966869,0.8346215691842357,0.8365464264830136,0.8346215691842357,0.84716058060081,0.84716058060081,-0.21068385524885028,0.702369347524021,0.17346913809900918,-0.6379471758409048,-0.6217787941122201,-0.6246495496059546,-0.1326130840028286,0.036660756059877314,0.12174107956366326,0.0386044132682484,-0.4919316951888652,-0.10733966257160348,-0.840029195002639,-0.36942621306261997,0.07197569216208125,0.07318162741382758,-0.605232477776405,-0.5975514242113482,-0.37248261376894054,-0.5855931534557351,-0.8330926212361184,-0.48948771152044984,-0.4850482804030162,-0.48948771152044984,-0.2753333090915366,-0.34385149390662517,-0.34385149390662517,-0.8240508500358404,-0.8240508500358404,0.3738385369416191,0.5964596682382874,0.8283713811155726,0.8097363148859885,0.7517077620234776,-0.34964119475522915,0.7066209903326383,0.7478597573271599,0.7479421191017122,0.7478597573271599,-0.11182162217872951],[0.9917556878102829,0.981461227219759,0.6009815467198224,0.9931600365365363,0.9970683242447079,0.9917556878102829,0.9999930042290515,0.9990879972482615,0.9990879972482615,0.9999745122616673,0.9561193827162319,0.9996049135774742,0.9999947640320223,0.9999868507795977,1.0,0.932386853118325,0.9051647169836083,0.32279535321869923,0.9998550217338235,0.9998549984314794,0.98944563852725,0.9999947102587284,0.3588971284682566,0.7049816543422464,0.9937151308412138,0.9937151308412138,0.9936134009740918,0.9889241193411394,0.2711239688043692,-0.16218801873641642,0.9925181048649029,0.9925635380411328,0.1999799621202827,-0.2208726841992803,0.9993727879282854,0.9994293334025948,0.3926712180093329,-0.3181359107646194,0.9988392812180196,0.9993786989590075,0.9264249691336099,0.3025704951791248,0.9370227770001783,0.9991183050208307,0.9370227770001783,0.9084955998331417,0.6167446304026796,0.9291060314874015,0.904698384047989,0.713059490552591,0.4114504553413754,-0.09748512313761422,-0.20438668937054144,0.9261268997142348,0.37140338993986005,0.9683531216187714,0.9623895953983582,0.9784502355542638,0.9959412504957315,-0.05912750241182977,0.8554731271159468,0.8196530503277659,0.8670622571343369,0.8137076037885551,0.7779460599184356,0.8137076037885551,0.7891055803229408,0.7811119648663554,0.7747099484176416,0.7811119648663554,0.8572828731812279,0.348833730686678,0.5598768644888094,0.6321635846501581,0.5598768644888094,0.5692807439338045,-0.3539256690352965,0.5359755614248276,-0.6447973501596855,0.4581132125127067,-0.11117199992446182,0.40650311302243125,-0.11117199992446182,-0.1537396917598472,0.834037574259567,0.8510203395442302,0.837623149493093,0.7441482919173493,0.31004694001319827,0.8349280025027492,0.8365029297811107,0.8349280025027492,0.7470542304708342,0.7470542304708342,-0.2116915072727254,0.7034097915666792,0.2502337244699058,-0.6394585750236415,-0.6225242437870154,-0.6256093974998976,-0.13385380744310538,0.03646216305297952,0.3429572083354373,0.03642663122763583,-0.4942196929948252,0.07850875098378146,-0.826439833454932,-0.14693385046966137,0.07162423812164256,0.07247709237588609,-0.6057819702201639,-0.5984579296662117,-0.07716848127674501,-0.587072122964589,-0.8388721651295352,-0.3680247726617995,-0.1975099540874804,-0.3680247726617995,-0.2764894153198181,-0.3440967805372252,-0.3440967805372252,-0.8318493560962433,-0.8318493560962433,0.37435694322933527,0.5957484349680127,0.5028407952525941,0.8056225678459239,0.7504646484161281,-0.34985310994945507,0.06285647939497947,0.7571517901100405,0.7761040433905626,0.7571517901100405,-0.143454814471158],[0.899823583205863,0.551918080244485,0.502365550724425,0.900069173040764,0.8583694498496284,0.899823583205863,0.9363330386858969,0.9344284466493634,0.9344284466493634,0.8782892569883594,0.7514524703140965,0.6207222758289022,0.936323759628467,0.9069865432765476,0.932386853118325,1.0,0.9958299318115063,0.40178848640658105,0.9236899813344305,0.9236862303720484,0.887477705651284,0.9319111983173619,0.3291138750089043,0.5592763176690839,0.9239376500458063,0.9239376500458063,0.9129654838932995,0.28882895085225097,0.19575441380089145,-0.19304871748458113,0.9428310821727557,0.9417415726927818,0.15338740700487244,-0.2618423642991376,0.9344352719344399,0.8887540527817256,0.31915113685519353,-0.3206971412076248,0.6321057968828316,0.8740303250450268,0.9984733372766643,0.3831712206182833,0.8630890353687041,0.9342403723750883,0.8630890353687041,0.5737720867801241,0.5932432952219454,0.26121791098843156,0.24445541937982743,0.4172879490601488,0.4111845344287746,-0.0689941932200864,-0.2104425298607432,0.8482769044855306,0.40448721992437664,0.9187384548385832,0.8675600167776442,0.9113209969631197,0.9269857643453262,-0.09230283249687174,0.5281101044987155,0.725189214283464,0.6926645406068299,0.7176039113798519,0.7222353440132053,0.7176039113798519,0.5874519967739904,0