var element = document.getElementById("correlationClose");

if (element.style.display != 'none') {
    var correlationClose = {"data": [{"type": "heatmap", "z": [[1.0, 0.9999831161027644, 0.5695446063734078, 0.999700634263964, 0.9974666251449189, 1.0, 0.9908232633623164, 0.9863796902770712, 0.991488182805739, 0.9731184258992442, 0.9820786170974283, 0.990867877755776, -0.13068653255225932, 0.9909331536029552, 0.9909894529656164, 0.9935764336357306, 0.45460082265529034, 0.9919462805893587, 0.9919445148381507, 0.9838808511335255, 0.9908696696305974, 0.44577816322975033, 0.6643965988328282, 0.9778221308857592, 0.9777991684983627, 0.960284733189208, 0.30621169420963235, -0.12252511710128, 0.9898381398163255, 0.9897969838111078, 0.2758570175232301, -0.2041926131324123, 0.9937533718048231, 0.9946240251131145, 0.8108548393287753, -0.39038657871226845, 0.9875585543080257, 0.994390253172913, 0.9942885354106052, 0.4369512621697173, 0.9939408687470145, 0.9939363074988343, 0.9939408687470145, 0.8885044948459655, 0.6703665782975162, 0.864393780889784, 0.8793439513380453, 0.7927512120195845, 0.38863907616414334, -0.131769132623484, 0.19164143601230474, 0.9454930905775477, 0.46355256820681107, 0.9769500118454313, 0.9711197948399066, 0.9145170186184528, 0.9104204681139457, 0.9327830093700129, 0.9083487459077222, 0.9295461613455711, 0.9304464355133951, 0.9295461613455711, 0.8432222129751586, 0.9059630333586602, 0.9071807548793662, 0.9059630333586602, 0.8953553041283123, 0.7331308646026387, 0.87037856824646, 0.8722242831021262, 0.87037856824646, 0.618255867279942, 0.30805049307852755, 0.5944565399262931, -0.5949847792486315, 0.48956558589773536, 0.5438190410728839, 0.5456261981051123, 0.5438190410728839, -0.10078645869787693, 0.8825618676564075, 0.9146455568809935, 0.8963998535850695, 0.9161626260016232, 0.4514269835658496, 0.8797653440831477, 0.8812100559179729, 0.8797653440831477, 0.8894086473157179, 0.8894086473157179, -0.1611427453358801, 0.5473232713178594, 0.19292170397476377, -0.558624297961776, -0.56238232094416, -0.5657618355009313, -0.0393589370006195, 0.05616825066932508, 0.26058639944569795, 0.13827792809116646, -0.38175155840926595, 0.056450282156701094, -0.7924118970851456, -0.20985769974833773, 0.12075118368556427, 0.1215100903330382, -0.5404546139321516, -0.6055322005427788, -0.2108999788110156, -0.4861372838803516, -0.8292471858670953, -0.3479038830513102, -0.3394759440804951, -0.3479038830513102, -0.1833795694243056, -0.25531614892931953, -0.25531614892931953, -0.817716286692429, -0.817716286692429, 0.39966586511172425, 0.6576883044704702, 0.8731801553622666, 0.8519698838699508, 0.7894647410917985, -0.24695152304751525, 0.7675661993826959, 0.8080970440117764, 0.8081586269703238, 0.8080970440117764, -0.23572051421395332], [0.9999831161027644, 1.0, 0.9693869463695335, 0.9992169755744921, 0.993762852500399, 0.9999831161027641, 0.9780496221334759, 0.9690949746004278, 0.9778300862734991, 0.9586129235708121, 0.9799936762863322, 0.9780974455837824, 0.9780572090481671, 0.9778755845734138, 0.977162061850429, 0.9855974212259849, -0.2644792431240804, 0.98346354650042, 0.9834351351575069, 0.9781623919259049, 0.9781533355006767, -0.14724789152323808, 0.968127925941219, 0.9712306182992682, 0.971301005046149, 0.9606834375750855, 0.038259560688860446, 0.15011155930177592, 0.9758370306768206, 0.9758966433785596, 0.9711789258850387, 0.13857848307680154, 0.987540651407897, 0.9876206098657115, 0.9883946647467233, 0.980233547228246, 0.9859513788487566, 0.9875748617673202, 0.988222426609721, -0.2711034643549038, 0.9884778624800941, 0.9884586154499901, 0.9884778624800941, 0.8885181493644588, 0.5501403961772998, 0.8650734134603343, 0.8796526510887321, 0.7920297083245187, -0.4404450260014073, -0.5481746690736488, 0.8288102446765383, 0.8562806461909271, -0.17959738499160297, 0.9339437402094208, 0.934025536904072, 0.9233446931354232, 0.9333534716838713, 0.9110319812402964, 0.9106640008422828, 0.9178230204489047, 0.918558696197023, 0.9178230204489047, 0.7751663922621399, 0.7355728406638318, 0.7378041794154669, 0.7355728406638318, 0.9275670249094848, 0.9327096837515595, 0.9274239343566659, 0.9286384869956916, 0.9274239343566659, 0.4444353027601485, 0.3858710458867884, 0.5070154399556002, 0.6112609579996549, 0.4908250274606838, 0.5315783932625713, 0.5324736252981359, 0.5315783932625713, -0.21743218340673087, 0.8677303318436899, 0.9043563974265978, 0.8908354078218995, 0.9305638461099647, -0.08419802830578632, 0.8617708468020715, 0.8621815553480358, 0.8617708468020715, 0.8730428647199828, 0.8730428647199828, -0.26373561258411504, 0.5483173517921915, -0.3833831313275125, -0.6556019298730937, -0.4682530696696652, -0.47165438803624327, -0.3066333521929551, 0.22160377370675524, -0.21671259094282397, -0.39602790091026097, -0.5911788548391488, -0.28826089482746436, -0.49980774534869593, -0.3421108990460008, 0.09579532887543134, 0.09100516610216958, -0.4892786631653237, -0.4448828950832727, -0.47296563724010915, -0.502508223726738, -0.495035880077477, -0.47514617989421487, -0.4783734443055417, -0.47514617989421487, -0.3584500354454928, -0.49790772579886766, -0.49790772579886766, -0.47152649583755096, -0.47152649583755096, 0.39947420424384156, 0.41375104577770416, 0.5189466189013948, 0.6012081034467126, 0.5764680747249928, -0.39140532962885993, 0.3822154692059454, 0.37284703531498226, 0.372943675263959, 0.37284703531498226, 0.11429481883837493], [0.5695446063734078, 0.9693869463695335, 1.0, 0.5631045271050032, 0.4521958554144192, 0.5695446063734076, 0.5582759112098848, 0.5466165335887163, 0.45885489282944736, 0.3991186272170216, 0.996650771319601, 0.5582884934391837, 0.5149312472531408, 0.5586208043166951, 0.5615103733825318, 0.5975708745746778, -0.10375508172653607, 0.5036996658473879, 0.5036667386732455, 0.45582232324725763, 0.5579206503042061, 0.20882514358416313, 0.6976502078509205, 0.5253134495162517, 0.5250281716543749, 0.983635518447599, 0.2910510685587815, 0.17812205584877536, 0.5235339385682074, 0.5230327191961829, 0.7670328266015582, 0.009109525408016038, 0.5565084619803973, 0.45665866626768037, 0.5433017481395437, 0.36057883117665135, 0.9939618086041261, 0.4451230726495162, 0.55977239221394, -0.11002150428437489, 0.5725562820496563, 0.5552736026059064, 0.5725562820496563, 0.8940429481425409, 0.38913257909718485, 0.9028975639298481, 0.8677683761710956, 0.6503287469648921, 0.20062013838097228, -0.011434377956291078, 0.057642412828704956, 0.4231638148807054, -0.0720854528818835, 0.5146321018423559, 0.44937872175091886, -0.07286187823528216, 0.6883990898366161, 0.6429433230546966, 0.48252410937321305, 0.6491994466386243, 0.7129553864048441, 0.6491994466386243, 0.32986429093515623, 0.5428716681172883, 0.6428276891982522, 0.5428716681172883, 0.5595902588689712, 0.62111115000112, 0.661353663814217, 0.7336138652080685, 0.661353663814217, 0.204441803899133, -0.0840133622401138, 0.22262651905231734, 0.14764851732908998, 0.22219899914607213, 0.2626178839948104, 0.39590902595172156, 0.2626178839948104, -0.17269096707798637, 0.4380078118109623, 0.8078199228125666, 0.5246563888639465, 0.7294659840512935, 0.07997847832603054, 0.5047063208990382, 0.5059279228001876, 0.5047063208990382, 0.6298242799965729, 0.6298242799965729, -0.28757250720117794, 0.7167276971002526, -0.22825141861858222, -0.5431465650886669, -0.3883916720340696, -0.391531866591522, -0.3914787278220114, 0.011895483860406704, 0.024532465458109026, -0.25911362682005074, -0.5258871915144184, -0.1352132328370534, -0.22537889276595446, -0.20920390399997726, -0.026979304981913758, -0.02996206273056021, -0.447991788382472, 0.011070240134936134, -0.2188627479984972, -0.48227296282394433, -0.11209456384017204, -0.35659985311537096, -0.23294185858720545, -0.35659985311537096, -0.427974990546207, -0.5046976799694606, -0.5046976799694606, -0.239048632788062, -0.239048632788062, 0.32563126370011986, 0.13467637831952264, 0.24388452158442803, 0.4883851071121943, 0.21616151446703444, -0.3054091635458423, -0.03724656979010631, 0.4465712279925479, 0.561271558614886, 0.4465712279925479, -0.04240868462725776], [0.999700634263964, 0.9992169755744921, 0.5631045271050032, 1.0, 0.9986295318650613, 0.9997006342639639, 0.9924282008527389, 0.9884668982913967, 0.993437949157732, 0.9708841472513551, 0.9870913457671946, 0.9924605721376912, -0.13507784553341087, 0.9924978521980042, 0.9925499102211177, 0.9951568976533443, 0.4403493555459295, 0.9933247734961715, 0.9933230682964268, 0.9843175232583229, 0.9924517490193435, 0.43699235874753845, 0.6677931469860447, 0.9807926869178203, 0.9807700336267395, 0.9706912609131625, 0.30127572246162626, -0.12985601545857672, 0.9895739335485707, 0.9895431756218607, 0.26740501187395094, -0.20503271581597313, 0.9945551879242962, 0.9957121694523486, 0.7701983624938379, -0.39616564268441506, 0.9912277226707308, 0.9957182274419508, 0.9949140399136509, 0.4223296379351383, 0.992127164338429, 0.99463641187752, 0.992127164338429, 0.8869045597780361, 0.6575636416715529, 0.8726845548991171, 0.8758325637820461, 0.7700376315803764, 0.38308370154228655, -0.13780381208338452, 0.18506310463163178, 0.939682618604862, 0.4473746059747126, 0.9726256103897554, 0.9682777144382049, 0.8901641189143233, 0.9014250063743919, 0.9176969069915168, 0.9032154922089594, 0.9097825521925289, 0.9110216254402004, 0.9097825521925289, 0.8332074877489685, 0.892260123282551, 0.8936051749191666, 0.892260123282551, 0.8908755517606639, 0.66545612100009, 0.8259663931424988, 0.8279242352596606, 0.8259663931424988, 0.6080950318972991, 0.10120711895209923, 0.5822844074775475, -0.6001892225579393, 0.4828620531917251, 0.2855452827662831, 0.5134308011309449, 0.2855452827662831, -0.10776016071712664, 0.8757065356811782, 0.9038512366157214, 0.8862512319352613, 0.8894039425293069, 0.4380183772934632, 0.8739141826580566, 0.8755436867051196, 0.8739141826580566, 0.8669956454852316, 0.8669956454852316, -0.1674519297469318, 0.5748029895759348, 0.19765171075810514, -0.5694753587378845, -0.5702957077165183, -0.5735897842692023, -0.052121402087011784, 0.05053401247416312, 0.25331388566092944, 0.1253445191659003, -0.39480120481453396, 0.049706860636128745, -0.7992847433669797, -0.21800081132589366, 0.10945129853702237, 0.11027265069889268, -0.5480799912840406, -0.6024035122068426, -0.21275665521617484, -0.49864692047657744, -0.8317518440063842, -0.3498407224475715, -0.3419745206571255, -0.3498407224475715, -0.19301534051710378, -0.2657219722388041, -0.2657219722388041, -0.8180511959795762, -0.8180511959795762, 0.38581309742285436, 0.6456138134559697, 0.8656166921447184, 0.8444651723716418, 0.7821420000877785, -0.26072718593420696, 0.7586815808335977, 0.7995194636935441, 0.7995860428074633, 0.7995194636935441, -0.22050622028153227], [0.9974666251449189, 0.993762852500399, 0.4521958554144192, 0.9986295318650613, 1.0, 0.9974666251449189, 0.9967663095113459, 0.9947848714818123, 0.996957454472005, 0.9604637155165531, 0.9953319834948932, 0.9967848175285688, -0.34608872121709183, 0.9968158318818932, 0.9968455329385063, 0.9978621001035962, 0.24556988745245126, 0.9973605971485091, 0.9973582104804491, 0.9860606563237311, 0.9967761587706709, 0.0691471291067275, 0.6277431876976788, 0.9905341788050016, 0.9904895346286167, 0.9845324860086799, 0.047999506306353495, -0.1152453759143917, 0.9877555648043731, 0.9876917827515513, -0.04953168163801474, -0.10305907609954001, 0.9977105604823104, 0.9976483559250566, 0.746353710517625, -0.538985980338597, 0.9971350167280115, 0.9979018960232078, 0.9979984175790874, 0.22181324862416682, 0.99766718551292, 0.9976687848117984, 0.99766718551292, 0.9022222181936026, 0.6183817442023085, 0.8947717035751046, 0.8797766614957493, 0.7362435583052149, -0.09876948000622886, -0.5796371124803211, -0.2369918063181607, 0.9248879242298835, 0.30271944846384913, 0.9660899999820349, 0.9661539552061666, 0.884052587686345, 0.878669264136065, 0.9028866136295031, 0.8879344700335284, 0.9009608564190017, 0.9016060269118777, 0.9009608564190017, 0.8026460046831511, 0.8338874209689146, 0.8355749580874018, 0.8338874209689146, 0.8774469749820526, 0.7686948933681743, 0.8571791380010434, 0.8585034767661126, 0.8571791380010434, 0.5585706558688499, 0.42149438093682856, 0.5409880258311923, -0.6456247099642867, 0.5374893831302049, 0.5144895005946731, 0.5147161427904684, 0.5144895005946731, -0.12817105705955514, 0.8541750209147094, 0.8725527866364625, 0.8580241657881393, 0.8942978593863082, 0.2950242351410855, 0.8555213404614666, 0.8571703925299337, 0.8555213404614666, 0.8636618482344686, 0.8636618482344686, -0.21087508659624732, 0.6349024788846255, 0.050934821952790414, -0.6048483300707088, -0.6283179689063311, -0.6285350441413787, -0.08851988837105093, 0.07213762921259383, -0.1462793267577972, -0.1278426870898372, -0.4823800996355498, -0.3238925074705614, -0.8636734278970604, -0.5172834923178967, 0.07495596311840838, 0.07565379387776086, -0.5789959004689285, -0.5938654794820009, -0.5120176071312178, -0.5421889357787768, -0.7993526425649943, -0.5684065976278023, -0.5713678468421033, -0.5684065976278023, -0.2374525937178487, -0.3048540726141208, -0.3048540726141208, -0.7653862298216648, -0.7653862298216648, 0.3651941309298504, 0.6238773971921188, 0.8149452774700534, 0.7893483837675417, 0.7690445065712123, -0.39999177381273454, 0.6075831892984822, 0.6899013758232343, 0.6900789326761056, 0.6899013758232343, 0.013526611885075486], [1.0, 0.9999831161027641, 0.5695446063734076, 0.9997006342639639, 0.9974666251449189, 1.0, 0.9908232633623164, 0.9863796902770712, 0.991488182805739, 0.9731184258992442, 0.9820786170974283, 0.990867877755776, -0.13068653255225932, 0.9909331536029552, 0.9909894529656164, 0.9935764336357306, 0.45460082265529034, 0.9919462805893587, 0.9919445148381507, 0.9838808511335255, 0.9908696696305974, 0.44577816322975033, 0.6643965988328282, 0.9778221308857592, 0.9777991684983627, 0.960284733189208, 0.30621169420963235, -0.12252511710128, 0.9898381398163255, 0.9897969838111078, 0.2758570175232301, -0.2041926131324123, 0.9937533718048231, 0.9946240251131145, 0.8108548393287753, -0.39038657871226845, 0.9875585543080257, 0.994390253172913, 0.9942885354106052, 0.4369512621697173, 0.9939408687470145, 0.9939363074988343, 0.9939408687470145, 0.8885044948459655, 0.6703665782975162, 0.864393780889784, 0.8793439513380453, 0.7927512120195845, 0.38863907616414334, -0.131769132623484, 0.19164143601230474, 0.9454930905775477, 0.46355256820681107, 0.9769500118454313, 0.9711197948399066, 0.9145170186184528, 0.9104204681139457, 0.9327830093700129, 0.9083487459077222, 0.9295461613455711, 0.9304464355133951, 0.9295461613455711, 0.8432222129751586, 0.9059630333586602, 0.9071807548793662, 0.9059630333586602, 0.8953553041283123, 0.7331308646026387, 0.87037856824646, 0.8722242831021262, 0.87037856824646, 0.618255867279942, 0.30805049307852755, 0.5944565399262931, -0.5949847792486315, 0.48956558589773536, 0.5438190410728839, 0.5456261981051123, 0.5438190410728839, -0.10078645869787693, 0.8825618676564075, 0.9146455568809935, 0.8963998535850695, 0.9161626260016232, 0.4514269835658496, 0.8797653440831477, 0.8812100559179729, 0.8797653440831477, 0.8894086473157179, 0.8894086473157179, -0.1611427453358801, 0.5473232713178594, 0.19292170397476377, -0.558624297961776, -0.56238232094416, -0.5657618355009313, -0.0393589370006195, 0.05616825066932508, 0.26058639944569795, 0.13827792809116646, -0.38175155840926595, 0.056450282156701094, -0.7924118970851456, -0.20985769974833773, 0.12075118368556427, 0.1215100903330382, -0.5404546139321516, -0.6055322005427788, -0.2108999788110156, -0.4861372838803516, -0.8292471858670953, -0.3479038830513102, -0.3394759440804951, -0.3479038830513102, -0.1833795694243056, -0.25531614892931953, -0.25531614892931953, -0.817716286692429, -0.817716286692429, 0.39966586511172425, 0.6576883044704702, 0.8731801553622666, 0.8519698838699508, 0.7894647410917985, -0.24695152304751525, 0.7675661993826959, 0.8080970440117764, 0.8081586269703238, 0.8080970440117764, -0.23572051421395332], [0.9908232633623164, 0.9780496221334759, 0.5582759112098848, 0.9924282008527389, 0.9967663095113459, 0.9908232633623164, 1.0, 0.9971909983866339, 0.9999681233334042, 0.9515502394144337, 0.999591796847067, 0.9999961682496975, -0.14860386247317114, 0.9999924564442281, 0.9999223445274994, 0.9941751095220448, 0.3909217055225527, 0.9998368130558434, 0.9998371876278572, 0.9885135098422296, 0.9999963689656813, 0.3432372867200056, 0.6688911866669487, 0.98426658079627, 0.9844955023172611, 0.9858522464801666, 0.22278543740913856, -0.18881598936668956, 0.9921498024470053, 0.9918761573110947, 0.166909206329584, -0.2552895602156278, 0.9992934722410655, 0.9993851188001531, 0.3513006322509849, -0.32847628572793813, 0.9986867194370602, 0.9992982632158307, 0.9982563148798083, 0.3713689154077615, 0.9316367853909253, 0.9990215619217221, 0.9316367853909253, 0.9107509996712061, 0.6218359863732776, 0.917599386691407, 0.8891602740387597, 0.6894989817487122, 0.41428359991401054, -0.0805273878358293, -0.21133446937373876, 0.9233641145973464, 0.4056955562365323, 0.9682926354821074, 0.9611835975962242, -0.08361004215678805, 0.8284666992371196, 0.8017012747066475, 0.8489207489950428, 0.7950022034320433, 0.7629125147683207, 0.7950022034320433, 0.7585052392445671, 0.7624962575672355, 0.7611596777581182, 0.7624962575672355, 0.8358804866507936, 0.30790850731127445, 0.5248315687346284, 0.6082095856087307, 0.5248315687346284, 0.5260163721989733, -0.36182572334839924, 0.4867019824857609, -0.6633912940188159, 0.40416290173688146, -0.12938760432233953, 0.36929720202820193, -0.12938760432233953, -0.15215657808070873, 0.8113108466291622, 0.8209696532094205, 0.810219960025445, 0.7355565422744476, 0.3874625359952839, 0.8144832840365287, 0.8167999879182961, 0.8144832840365287, 0.7222380998223417, 0.7222380998223417, -0.2479364073570599, 0.685378650327199, 0.2523175500771048, -0.5881842079205745, -0.6135374945905543, -0.6163949763359083, -0.10414950720864745, -0.0019043851821558835, 0.35695976428251347, 0.08619221977241291, -0.4223102960617639, 0.10069259229456694, -0.8266333560229113, -0.12196794050589396, 0.0374888775107821, 0.03844488258411701, -0.5941317412695358, -0.6082595830890658, -0.05267345438742167, -0.5793714152124899, -0.844090595196961, -0.3464401362429505, -0.17338992235578152, -0.3464401362429505, -0.27320858522510527, -0.31601019771620953, -0.31601019771620953, -0.8375548753151835, -0.8375548753151835, 0.36240935961729887, 0.6009643886483126, 0.49742810160791423, 0.8071913915259535, 0.7584712563127242, -0.3192004223607111, 0.05958001853027346, 0.7637594232697348, 0.7823475002638105, 0.7637594232697348, -0.14494228860884834], [0.9863796902770712, 0.9690949746004278, 0.5466165335887163, 0.9884668982913967, 0.9947848714818123, 0.9863796902770712, 0.9971909983866339, 1.0, 0.9994691136626489, 0.9431733277937391, 0.9982869179932798, 0.9979924587618342, -0.1580219131644054, 0.9990075425036749, 0.9987153559281241, 0.9868559271144277, 0.36880721783883746, 0.9990594311752654, 0.9990624609719222, 0.98558095722307, 0.9991697225679962, 0.31591258290163615, 0.6681269991361346, 0.9918690535798431, 0.9821777337275744, 0.9815023499192541, 0.20291942216051756, -0.2038858958697798, 0.9884317570933111, 0.9918432263522384, 0.14634795600414108, -0.2623296656491076, 0.9981379196897066, 0.9980379918559324, 0.3303487626832979, -0.336036265847903, 0.99610167324927, 0.997873630636288, 0.9976017072932777, 0.34876201916175154, 0.9227675421295082, 0.9979711168281414, 0.9227675421295082, 0.9081039179129992, 0.6058280822052299, 0.9180341258769202, 0.8848833855751637, 0.6617856987926892, 0.4006948789934655, -0.09643546148642512, -0.2251483895073915, 0.9139618294249476, 0.3844667191903586, 0.9634487889871978, 0.9555012650895678, -0.09466210322762303, 0.813419697845122, 0.7829069787847751, 0.8384868681059139, 0.7774362246418337, 0.7492170727744264, 0.7774362246418337, 0.7433724098700815, 0.7411053705807199, 0.7462469206565112, 0.7411053705807199, 0.8257262646565094, 0.28587163550591094, 0.5014771914464206, 0.5898707740762923, 0.5014771914464206, 0.5104706695733, -0.37791771971382415, 0.4692752617077821, -0.6727193853996686, 0.394098486949094, -0.15340190859130085, 0.35078041306600866, -0.15340190859130085, -0.15958517156889593, 0.7990514009198423, 0.8014059507684846, 0.794191351486669, 0.7192113372453686, 0.3699643280928069, 0.8028792909723971, 0.8054551466787445, 0.8028792909723971, 0.7016977130857361, 0.7016977130857361, -0.26514874063500876, 0.7155507432516992, 0.26042403901521194, -0.5983412910057044, -0.6278062975249334, -0.6304813369091142, -0.12004157827886804, -0.01085683542626425, 0.3500306493129803, 0.06633165197846326, -0.4361372884228389, 0.09125929106503888, -0.8338128087223536, -0.1286047034581984, 0.020472038888003, 0.021467784300545724, -0.6071465041997947, -0.6096694325603558, -0.05967727893497623, -0.5984418985914474, -0.8446130086183474, -0.3587706750133419, -0.17978544614126565, -0.3587706750133419, -0.29260173770700454, -0.33106751867437584, -0.33106751867437584, -0.8364581031323155, -0.8364581031323155, 0.338488207185193, 0.5825359401531737, 0.4775653405888974, 0.7885850651208788, 0.7447696852816322, -0.3427197454212995, 0.04458517238221419, 0.7438782799524082, 0.7661214343907359, 0.7438782799524082, -0.12692402635171646], [0.991488182805739, 0.9778300862734991, 0.45885489282944736, 0.993437949157732, 0.996957454472005, 0.991488182805739, 0.9999681233334042, 0.9994691136626489, 1.0, 0.9503104262977569, 0.9995383309826038, 0.9999690414796184, -0.3206374065229465, 0.999973559299502, 0.9999347489309538, 0.9981167778746862, 0.2830747717567446, 0.9997790160318105, 0.9997796127929568, 0.9883223268497813, 0.9999659804817876, 0.11772076661526146, 0.6267872516963794, 0.9941544052346436, 0.9940994963096901, 0.9856985270785229, 0.031536364928656635, -0.128356372435994, 0.9906663666652108, 0.9906297540636007, -0.03074501385625047, -0.21554901368742047, 0.9993150124284332, 0.9992730756337926, 0.7589405989737615, -0.5279678231284142, 0.9985969903037848, 0.9992775497279652, 0.9991813959631312, 0.26000923292452155, 0.9991566887440745, 0.9991620863621968, 0.9991566887440745, 0.9106019361646394, 0.6228211147526971, 0.9173436693465141, 0.8886206945474291, 0.68883887165826, 0.008662426783845736, -0.5256785528925572, -0.1861405843193713, 0.9185093559063361, 0.35376102618488914, 0.962357551407694, 0.9614227310912525, 0.8556532047964581, 0.8296536377438509, 0.8754166446477569, 0.8500233547198165, 0.8735549523185867, 0.8743013094004433, 0.8735549523185867, 0.7579376538161227, 0.8153715823321457, 0.8170971569951626, 0.8153715823321457, 0.8375917163010316, 0.7290314631933235, 0.826130289376734, 0.8276188656512304, 0.826130289376734, 0.5251018918332879, 0.34604580589719086, 0.48623523805437197, -0.691986448980329, 0.46391411127866977, 0.4275492673097637, 0.4275915021606646, 0.4275492673097637, -0.10876277152939706, 0.8120645243282505, 0.8206977933593885, 0.8103685307834516, 0.8662998378208855, 0.31229765709907065, 0.8208481258752984, 0.8232573107848504, 0.8208481258752984, 0.8289782603458957, 0.8289782603458957, -0.25024330826960306, 0.6863247873822133, 0.0759021958900192, -0.6015121009205107, -0.6550236929583025, -0.6558745920474158, -0.10782762995106011, 0.0009080498883146119, -0.15388858017402102, -0.09937351016284211, -0.4718441062375147, -0.3549890734683657, -0.8778619995859979, -0.5562302971893858, 0.036586297024849966, 0.03751076508262631, -0.5960700520671816, -0.6042105784348748, -0.522044948496404, -0.5815498813133716, -0.8191825396353316, -0.5924623234165383, -0.5945173022532255, -0.5924623234165383, -0.2759300498508395, -0.32020521733822643, -0.32020521733822643, -0.7988474934149108, -0.7988474934149108, 0.36296140852326453, 0.599568617029771, 0.8225408830563978, 0.8010538116094305, 0.7567734318461536, -0.3486450037298484, 0.6409108521709489, 0.7106998345724275, 0.7108596511835108, 0.7106998345724275, 0.09698824441211422], [0.9731184258992442, 0.9586129235708121, 0.3991186272170216, 0.9708841472513551, 0.9604637155165531, 0.9731184258992442, 0.9515502394144337, 0.9431733277937391, 0.9503104262977569, 1.0, 0.9241041854562076, 0.9515864625235496, -0.26036341557190446, 0.9512401939742005, 0.9504968017205946, 0.9521948842694004, 0.09049592478954123, 0.957186386928379, 0.9571623939415822, 0.951730732228279, 0.9517219160295622, 0.04587577281478157, 0.6754904117835687, 0.9534973576098202, 0.9537130520549494, 0.8257398665567985, 0.13275386295662336, -0.11045516946865416, 0.9601068473150233, 0.9602394754183887, 0.11497769584864184, 0.05448021396380263, 0.9615394738870608, 0.961825889477367, 0.8530353201615266, -0.4519245570193902, 0.935857696969525, 0.9606939481257405, 0.9621411215449248, 0.06778026240113583, 0.9629208387152788, 0.9628841277753697, 0.9629208387152788, 0.7828893084865594, 0.4180044679517607, 0.7445829576056721, 0.8590090237550086, 0.8321038780961494, -0.5540628617355378, -0.6862757271895128, -0.3052052265877929, 0.8680480453589046, 0.07110595098851528, 0.9024124179056767, 0.9024625406125127, 0.8597753171761026, 0.8540106237664087, 0.8853215189776473, 0.8628917785896353, 0.8772373426437673, 0.8780656920229213, 0.8772373426437673, 0.8027643447075079, 0.781164252370076, 0.7832845781715686, 0.781164252370076, 0.855015562325441, 0.8750646170750119, 0.8531603898166195, 0.8539483159697057, 0.8531603898166195, 0.6243167698986943, 0.5440047552279715, 0.6255591850613303, -0.41219497390331583, 0.646470398436952, 0.6673757992496216, 0.670486546454334, 0.6673757992496216, -0.2661931260027699, 0.859897783116296, 0.9207115142590252, 0.8779283967083259, 0.876009967293664, 0.1870934346079975, 0.8519576163755289, 0.8533059742274932, 0.8519576163755289, 0.8636852401730717, 0.8636852401730717, 0.01207995212269038, 0.2897368181260484, -0.09173502103837959, -0.5097072247616443, -0.4006250030537906, -0.40256887129413743, 0.05859290280696718, 0.38701395044519005, 0.0968598597573716, -0.03391704746323877, -0.35899368099477347, 0.002578348677827764, -0.8116199108118222, -0.15911200673416098, 0.27563556126179733, 0.27471496097655235, -0.36012422475257433, -0.43881110700289605, -0.3150372203885191, -0.3206340530047962, -0.6853302927126569, -0.33623184930345235, -0.3382140737099037, -0.33623184930345235, -0.06542488978360647, -0.3536189761866348, -0.3536189761866348, -0.5385723326228538, -0.5385723326228538, 0.5676276513093871, 0.671867998287838, 0.7602480194783883, 0.6704860954596817, 0.8378175653764439, -0.4448200127776587, 0.3860379213129167, 0.5621578916529926, 0.5624405239000383, 0.5621578916529926, -0.22943008748158816], [0.9820786170974283, 0.9799936762863322, 0.996650771319601, 0.9870913457671946, 0.9953319834948932, 0.9820786170974283, 0.999591796847067, 0.9982869179932798, 0.9995383309826038, 0.9241041854562076, 1.0, 0.9995887429121372, 0.999584999263391, 0.9995399175595138, 0.9995767152328344, 0.9985661645613656, -0.38053093464555626, 0.9997360518692587, 0.9997400184125704, 0.9995960757345541, 0.9995959346379616, -0.26861567740580794, 0.9619182373425201, 0.9924612915376834, 0.9924345338774552, 0.9889132965269691, 0.016719583330715073, 0.07884889622181893, 0.989309013621003, 0.9893638085629182, 0.9717571967934313, 0.010744980560425645, 0.9987112853238529, 0.9986544016037165, 0.9984626706703833, 0.9992450596355017, 0.9991990016254659, 0.9987111017529093, 0.9984967286881234, -0.390936535766863, 0.9984014821246131, 0.9984125978540088, 0.9984014821246131, 0.9042082294024512, 0.47782187845334734, 0.9129343297837538, 0.8864446131399804, 0.6902796816694374, -0.537726796731981, -0.6590759820311912, 0.7933463233542221, 0.8060484589562305, -0.29121731478451734, 0.9213526922543569, 0.9215521889067535, 0.8535332696972844, 0.8633878585964059, 0.8299431855479885, 0.8325835545195268, 0.8392390026186436, 0.8401845041963971, 0.8392390026186436, 0.663425285092225, 0.6177993095165042, 0.6204550798867232, 0.6177993095165042, 0.8643174096341211, 0.8734709764381215, 0.8628188045490042, 0.8643088924462901, 0.8628188045490042, 0.31175611318308855, 0.24204767768608765, 0.37020517409597614, 0.49397315797074115, 0.36401108407664373, 0.41262593283265414, 0.4153174262633449, 0.41262593283265414, -0.41299675547772596, 0.773876348382104, 0.8251191321434023, 0.8048872660158729, 0.8624916810412068, -0.13979409574154664, 0.7666587723819708, 0.7672124972638762, 0.7666587723819708, 0.7812516751568834, 0.7812516751568834, -0.31114962132832275, 0.6775061378191513, -0.40221647503818025, -0.6942789221941483, -0.5481924000794848, -0.5504559727256512, -0.36757232727765743, 0.15395239044361556, -0.2740062537697921, -0.445945300525252, -0.6384126645453344, -0.35093766631330287, -0.6234917221111279, -0.4166926971947978, 0.02440309622868538, 0.020579288038833497, -0.5647675786186044, -0.5297926279711304, -0.5485429532195054, -0.5825864225430688, -0.5768911862016877, -0.5518287281135119, -0.5547648618649123, -0.5518287281135119, -0.43982343276505703, -0.6045877443598467, -0.6045877443598467, -0.6065756327669946, -0.6065756327669946, 0.35806250317861277, 0.3552076695375504, 0.4699177139896477, 0.5526640211958762, 0.5509036440635228, -0.5516799889685523, 0.2957975397979291, 0.3150067278907965, 0.31517609808954017, 0.3150067278907965, 0.22077422096909755], [0.990867877755776, 0.9780974455837824, 0.5582884934391837, 0.9924605721376912, 0.9967848175285688, 0.990867877755776, 0.9999961682496975, 0.9979924587618342, 0.9999690414796184, 0.9515864625235496, 0.9995887429121372, 1.0, -0.14827266682812756, 0.999994342050087, 0.9999273709235705, 0.9949900047323563, 0.39102336015902284, 0.9998382652675357, 0.9998386117155255, 0.9885583780836877, 0.9999970145053597, 0.34357212845067675, 0.6689566479785629, 0.9897210403357365, 0.9844836464663589, 0.9858328042967903, 0.2230627739644311, -0.1887640757636449, 0.992151150124489, 0.9918901530749547, 0.1671535256948312, -0.25526358887956074, 0.9992960823026523, 0.999390005773841, 0.3512681668255262, -0.32825738171530966, 0.9986888386672385, 0.999307167479644, 0.9982605440753904, 0.371477526363712, 0.9316184977222811, 0.9990248820969692, 0.9316184977222811, 0.9107961368149613, 0.6220035394023898, 0.9178503447235122, 0.8894043328552829, 0.6896637114240011, 0.41469715491785775, -0.08005397566261568, -0.21095253554610116, 0.9234547714864305, 0.40579773010243847, 0.9683935918123362, 0.9612591403949562, -0.08341411479171561, 0.8286208465701336, 0.8018097471555307, 0.8490371391952103, 0.7951080003341274, 0.7628502566668297, 0.7951080003341274, 0.7585780159209918, 0.7625582260633618, 0.7610925693987018, 0.7625582260633618, 0.8360381195568086, 0.307770401390913, 0.5248380287899874, 0.6081149823565586, 0.5248380287899874, 0.5259521360189969, -0.36184997670721547, 0.48665017046269177, -0.6632869909632096, 0.40403827543685605, -0.12952417451782833, 0.3693356991417162, -0.12952417451782833, -0.1523088579982118, 0.8113795750306276, 0.8211048246624466, 0.8103130805939158, 0.735547387080059, 0.387573809799375, 0.8145664318554877, 0.8168783810051348, 0.8145664318554877, 0.7223154609873516, 0.7223154609873516, -0.24793089890815204, 0.6853862747378103, 0.2524398104211457, -0.5881765305575181, -0.6134516882562002, -0.6163150183090736, -0.10422729985603285, -0.0020633620128843446, 0.3571415847236491, 0.08622988628989701, -0.42232944655269844, 0.10096607692751888, -0.826357216271497, -0.12166270662066857, 0.037520920497077274, 0.03849332546007052, -0.5941203780145433, -0.6080799644850066, -0.0524098009681782, -0.5793533998080985, -0.8439822204059749, -0.3461999896774788, -0.1731706596585783, -0.3461999896774788, -0.2730631385174275, -0.3159655871284128, -0.3159655871284128, -0.8375040103971412, -0.8375040103971412, 0.3629362448026539, 0.6011288094416807, 0.4976880603296189, 0.8074647013419919, 0.7585729595539908, -0.31896268521051474, 0.05987414336036939, 0.7640247596217452, 0.7824741307762061, 0.7640247596217452, -0.14496818747096624], [-0.13068653255225932, 0.9780572090481671, 0.5149312472531408, -0.13507784553341087, -0.34608872121709183, -0.13068653255225932, -0.14860386247317114, -0.1580219131644054, -0.3206374065229465, -0.26036341557190446, 0.999584999263391, -0.14827266682812756, 1.0, -0.1476463835136236, -0.1434962061273607, -0.11917489008152475, -0.2930874193930029, -0.14909208487327805, -0.14911039132066062, -0.27143336466629653, -0.14870602825657442, 0.02559850410031667, 0.3090847690883718, -0.18257390464264164, -0.18291290690135326, 0.9858116476674444, 0.24815123557749114, 0.18644527908212927, -0.18484831687055506, -0.18546671073110899, 0.5372800236111694, 0.12070316204684914, -0.14636484885381099, -0.30625820163132805, 0.1671783965694065, 0.9597791063038704, 0.9986870849263995, -0.3374129655156294, -0.14106476726613842, -0.28297435300555585, -0.14670854722379115, -0.14712964293417735, -0.14670854722379115, 0.9108765975879851, -0.11831181929333627, 0.9178233990123226, 0.8893483734057857, 0.689650015349559, 0.08417086159399273, 0.2544594760697498, 0.6445556895368804, -0.26658638406274104, -0.2969033229272416, -0.06524439846268408, -0.3009885709239284, 0.029597390842587914, 0.27642902379105966, -0.01917963779715174, -0.303619317305471, -0.017017497367585444, -0.006795901234093024, -0.017017497367585444, -0.4108162796144109, -0.10472882069285465, -0.10652470042049265, -0.10472882069285465, -0.20214127365052528, 0.07184711702045204, 0.048382992248295606, 0.048599138749996745, 0.048382992248295606, -0.40880879922842556, 0.006977571053771338, -0.3731454195020138, 0.6214842957641394, -0.3418277451562166, 0.008645152109688149, -0.058823517800696425, 0.008645152109688149, -0.3066989194862599, -0.3379994847907333, 0.8210788141984741, -0.1157439067266547, 0.016530883667653335, -0.22002568304946965, -0.2604225856037623, -0.2592707144550392, -0.2604225856037623, -0.025286858761168002, -0.025286858761168002, -0.2276923813788179, 0.6853146329866903, -0.1622984308117131, -0.019004235765487383, 0.19735545250105654, 0.19613758931007336, -0.2518426179727302, -0.009102109774988465, 0.01980949124606661, -0.17414190644789487, -0.11144774155304327, 0.04165398963987815, 0.38499428138178904, 0.11393430828630101, -0.040321305903768194, -0.04413669959073358, 0.08563301654304889, 0.5704769539991679, 0.09215578546242578, -0.19392163446961494, 0.6132708251931192, 0.09630864233711939, 0.10410792861326168, 0.09630864233711939, -0.2384139482839597, -0.1966602442068769, -0.1966602442068769, 0.32353644880084653, 0.32353644880084653, 0.36304723776560094, -0.25196206486694284, 0.017631428092960758, 0.09152306206049868, -0.24824624750659188, 0.07256280717526015, 0.15403371592770254, 0.10517950128987842, 0.10520526661439968, 0.10517950128987842, 0.12570870632450784], [0.9909331536029552, 0.9778755845734138, 0.5586208043166951, 0.9924978521980042, 0.9968158318818932, 0.9909331536029552, 0.9999924564442281, 0.9990075425036749, 0.999973559299502, 0.9512401939742005, 0.9995399175595138, 0.999994342050087, -0.1476463835136236, 1.0, 0.9999387480427313, 0.9975112139901869, 0.3911423542201338, 0.9998413273444502, 0.9998415842584915, 0.9887195143450941, 0.9999943632165585, 0.3442645525602039, 0.6687964191333832, 0.9932337975889366, 0.9931216185969902, 0.9857113005029782, 0.2233537683944342, -0.1888095976500038, 0.9928949967580694, 0.9929402633059654, 0.1679533886213465, -0.25509183439519406, 0.9993466537472346, 0.9993891429354975, 0.3501990601374488, -0.32739054095921605, 0.9986263544825872, 0.9993103747294744, 0.9985640692208252, 0.37162191170433106, 0.9310991655874884, 0.999081257134422, 0.9310991655874884, 0.9110812584507149, 0.6227458917530765, 0.9182121102405716, 0.8897733877814274, 0.6893485096386365, 0.41612346259761634, -0.0784232146312428, -0.2111571583522267, 0.9238580763486712, 0.40609097096422897, 0.9688175433258148, 0.961628119053879, -0.08445167250081415, 0.8289010065629066, 0.8017292852679858, 0.8492989610503496, 0.7950687478929049, 0.7624480290343443, 0.7950687478929049, 0.7587729856969128, 0.7625127875176221, 0.76151524373659, 0.7625127875176221, 0.8363902341523383, 0.3070754602015493, 0.5243145427364162, 0.6081474731505119, 0.5243145427364162, 0.5257792855861247, -0.3630432376648654, 0.48654755104448605, -0.6634423288899078, 0.4036371985869257, -0.13054888857907956, 0.36898142209519863, -0.13054888857907956, -0.15225150583832095, 0.8115152087430278, 0.8206979800958675, 0.8104097946368086, 0.7256793108531154, 0.3879686365665458, 0.8146917616058227, 0.8169927624083689, 0.8146917616058227, 0.7221192790286617, 0.7221192790286617, -0.2495996392660239, 0.686303468517344, 0.2529559754590677, -0.5881564647118328, -0.6138431274058003, -0.6167117035537741, -0.10542616526570704, -0.003348580769576055, 0.35744820648366343, 0.0857678042594588, -0.42260045708599425, 0.10104325621683484, -0.8254678841122395, -0.1215034641152545, 0.03645017657675832, 0.03741909320198165, -0.5947740049433072, -0.6083802332993422, -0.051817930380495675, -0.5807443480235001, -0.8439704308858631, -0.3461353788448922, -0.17260177983613723, -0.3461353788448922, -0.27409164409135084, -0.31645533606644083, -0.31645533606644083, -0.8378569349578399, -0.8378569349578399, 0.36310750699469324, 0.6008017742638921, 0.4971296605436407, 0.8079180080029799, 0.7580062854079254, -0.3184733097942346, 0.059185597919628546, 0.764429167614424, 0.7830844488524954, 0.764429167614424, -0.14463887028687208], [0.9909894529656164, 0.977162061850429, 0.5615103733825318, 0.9925499102211177, 0.9968455329385063, 0.9909894529656164, 0.9999223445274994, 0.9987153559281241, 0.9999347489309538, 0.9504968017205946, 0.9995767152328344, 0.9999273709235705, -0.1434962061273607, 0.9999387480427313, 1.0, 0.9976357104337787, 0.3887015876978822, 0.9997914243777721, 0.9997926335458769, 0.9886288202658906, 0.9999232044219935, 0.34508708609982774, 0.6710245952847959, 0.9925802375536067, 0.9838725719809885, 0.9858188976428333, 0.22503844843691426, -0.1876468740616973, 0.9919922608876638, 0.9920017690512347, 0.1711782680333823, -0.25540393395016053, 0.9993439656019543, 0.9992310978529422, 0.35079444601836085, -0.32306463495503124, 0.9985299494011206, 0.9992754491647599, 0.9985363129437728, 0.36919581380658106, 0.9301501775124158, 0.9990959630396926, 0.9301501775124158, 0.9092307221486943, 0.6226534923607109, 0.9164626959634691, 0.8877266803337716, 0.6862968677123781, 0.416509182389281, -0.07705436002461263, -0.21173780148676313, 0.9230367706494282, 0.4031551212183852, 0.9690499617762371, 0.9610679067855774, -0.08695332051466166, 0.8282648373314389, 0.8022775308629619, 0.8494590972258332, 0.7956308127780288, 0.7646639280473215, 0.7956308127780288, 0.75742400965741, 0.7621493927838094, 0.7625849889984673, 0.7621493927838094, 0.8369712293477714, 0.3077647483751311, 0.5245936919901281, 0.6095578724239126, 0.5245936919901281, 0.5245828781862534, -0.36524954738037013, 0.48538553166213294, -0.6608061149732225, 0.40278591289866417, -0.13137429391860705, 0.3692989835958728, -0.13137429391860705, -0.1558473486129805, 0.8114268906447833, 0.8197813345406838, 0.809740783515804, 0.737470565336901, 0.38640484266300545, 0.8146861994687898, 0.8169439367035373, 0.8146861994687898, 0.7226079906424254, 0.7226079906424254, -0.24994686579178457, 0.6884375890640199, 0.25284807007619625, -0.5905143758763445, -0.613853757915554, -0.6167466348164272, -0.1076187451960565, -0.00427854761576231, 0.35820506787647804, 0.08401526767318672, -0.42541282703950706, 0.10183844414792602, -0.8239756357007899, -0.12023139987844711, 0.03609096117099696, 0.03700704104873963, -0.5960642135165192, -0.603362961767297, -0.050845196479936856, -0.581640288020656, -0.841668200630812, -0.34596805797729996, -0.17133822673982352, -0.34596805797729996, -0.2745777857578695, -0.31987032956422107, -0.31987032956422107, -0.8355356788606182, -0.8355356788606182, 0.36045025122173463, 0.5982474278568302, 0.4952706293671479, 0.8084600065365362, 0.7561007657209595, -0.3201483177023537, 0.05714833022708322, 0.7648792713922973, 0.7843083161303094, 0.7648792713922973, -0.14403370652619543], [0.9935764336357306, 0.9855974212259849, 0.5975708745746778, 0.9951568976533443, 0.9978621001035962, 0.9935764336357306, 0.9941751095220448, 0.9868559271144277, 0.9981167