var element=document.getElementById("correlationAdjClose");if(element.style.display!='none'){var correlationAdjClose={"data":[{"type":"heatmap","z":[[1.0,0.9999944643573387,0.9862861676029315,0.9999329045640718,0.9991689762469327,0.9836820125174546,0.9978682479595715,0.9962814805573585,0.9706783253727196,0.996498647980352,0.9946257760241967,0.9939390933192923,0.9963808048175015,0.996412819401618,0.9963241286823683,0.9977208530395837,0.9980371282310265,0.9983383023468126,0.9968418826547312,0.9968564640519414,0.9968277842382658,0.9963528741016866,0.9882097350983156,0.9730282623116631,0.9905975821888444,0.9594246202275466,0.989720729582127,0.9869624145804897,0.9705110508380642,0.9564077649333251,0.9925344624683152,0.9939416958094158,0.9929148820157379,0.9791820091918026,0.997778570989447,0.9979117934680106,0.9975997784627199,0.9964612008250525,0.9955773000735145,0.9977977471271684,0.9986712438105438,0.9987061840727347,0.9977554993423626,0.9977666762380432,0.9777229395769841,0.9233585699593763,0.9538856627010313,0.9394321945205311,0.9392910874790391,0.9180156690966862,0.9641657253358341,0.9512111670807027,0.9659859536611821,0.9682943519608033,0.957468973756793,0.9847407615299939,0.9824807530794397,0.9909996263220301,0.9942952827443922,0.9874708644818592,0.9825791905193887,0.9882104190490096,0.9866337931990122,0.9887494028808642,0.988618135130873,0.9569349968873202,0.9759855420766838,0.9767009255038588,0.9764708277637235,0.9459559780739647,0.9818785601378905,0.9788190054236483,0.9859235666573547,0.9853008547180143,0.9415508694788887,0.8986510127996887,0.8679830735154361,0.9133326707575206,0.9283207120849349,0.9261570793946177,0.9264653740122987,0.9253765592015158,0.7235158247484266,-0.5419114459329286,0.9809543692536077,0.976117777120009,0.9736425484293737,0.9881238719549977,0.9743063881941754,0.9845884032250087,0.9845796067330284,0.9445435000516506,0.9852627729233671,0.9477282278951624,0.7988936698589484,0.9171346513064432,0.9344052543437503,0.8194552459107763,0.9552193192340116,0.9558095287494633,0.902146396580719,0.9677181619156117,0.8952523888825125,0.5837213786906437,0.7278733563151212,0.9024749702873464,0.872758149548914,0.8938257990198382,0.9756837205818077,0.9758796414209424,0.7884271801927719,0.7510345180617057,0.8251523829825251,0.4549668233579884,0.8071238946808997,0.8292919218655176,0.8244458208599167,0.8172016975782918,0.7918883726234426,0.7555407332067882,0.7397910614276999,-0.285166199720786,-0.425835970165486,0.6949325129859564,0.8913346704935765,0.9314889219637754,0.9412182612625646,0.9055664604819699,0.8285340812670237,0.9092004837304741,0.925086708498472,0.9248771077710914,0.8604831900119485,-0.14649240188483267],[0.9999944643573387,1.0,0.9897153635567301,0.9998530435079879,0.9983010476564614,0.9897451017670374,0.9942242084635066,0.9918204079276701,0.9870034558329471,0.991829289735267,0.9918536778269516,0.9932607842767337,0.9919262286390207,0.9918179220217046,0.9918815496864921,0.99395537697468,0.9963024549736947,0.995863941992436,0.9938878735763873,0.993895930036629,0.9918734997534816,0.9919201665074381,0.9925222276890461,0.9773075059550518,0.9883328838546928,0.9841422364976967,0.9883735039222616,0.9869285110104212,0.9821659081729213,0.9400566102035914,0.9899322779836681,0.9878561934533994,0.9829084820575483,0.942013330423802,0.9952504182454384,0.9951848588396863,0.9953866751260635,0.9922745881381595,0.994976383559459,0.9954047274093929,0.996643086951016,0.9968302818508677,0.995399521260187,0.9954106953493239,0.9911886566859368,0.9231494299912679,0.9006514727086055,0.93940433805127,0.9394437983045023,0.9179967399371193,0.8920358432367251,0.932440469704273,0.8942117631861517,0.9226277598075077,0.8918977593550209,0.9592101124189418,0.9591966504645185,0.9727176742358945,0.9853311988678121,0.9832248389881348,0.9847393598378661,0.9793151292294503,0.9816059444782356,0.9806702504876003,0.9805511958465318,0.9439140897420543,0.9631478556799906,0.9375423127711409,0.9373722214056687,0.8684058983087134,0.9813859410917888,0.9826104050024634,0.9827967389671906,0.9823708659985109,0.9536816692223845,0.801456059814022,0.7661314880993626,0.8544204513119177,0.9091855836997369,0.8691934111343693,0.8896636238639059,0.8886003512816402,0.7668870544546111,-0.1448516338220842,0.9711204661552278,0.9740613433192848,0.9708190111906339,0.9836439664884211,0.9674098496450149,0.9736376709184534,0.9729915420553444,0.9302873132421674,0.9750486712709765,0.9323773420672055,0.731914926665334,0.9168831597307174,0.9165246462349195,0.5625946352552481,0.8511402023682028,0.8548481842843519,0.7579403312381514,0.9681634925327399,0.731676996763393,-0.3086947522520557,0.24634583465123921,0.7579076894419888,0.7085251881982695,0.7508273714560173,0.9696953217236965,0.9697265808068588,0.193128976751479,0.36343560958227955,0.19848907409632147,0.17183578753111645,0.191620358670807,0.20495696826764925,0.20188896700160333,0.12250039155942698,0.5478507441566124,0.2811253922386097,0.23101928454652332,-0.43364416027129665,-0.4820663077719278,0.6952810145873171,0.7595711661245608,0.7831178982160175,0.8457456563264232,0.8219138900503487,0.5960315979360915,0.7706263570505526,0.7775759617901917,0.7765064297491956,0.4377475254410807,0.23511877374513418],[0.9862861676029315,0.9897153635567301,1.0,0.9875906151004448,0.9934058874572148,0.9913017662780539,0.9895870450439588,0.9903281242865488,0.9911716147791704,0.9929563800901645,0.9969077315317518,0.9960796877058036,0.9901814329467953,0.9922970156569941,0.9903826694195715,0.9898405940497528,0.9908065682579652,0.9900010822817134,0.9890077461068313,0.9889782055747697,0.9918441053086212,0.9902070040084269,0.9950846534631592,0.9851577699884617,0.9910696141263124,0.9821646431714749,0.9916924896332308,0.9875296745645515,0.9871554378790685,0.9621845397336655,0.9694426398786513,0.9736937715069235,0.9774845156662665,0.956935666594739,0.9869505188199172,0.9900513526136416,0.9884260515876422,0.9919833340207619,0.9946986312902736,0.9908492056649243,0.9849350080217133,0.9878533030801513,0.9873175039046563,0.9866948951446523,0.9925712323168185,0.9190035599635844,0.9379107718635122,0.9487464026254021,0.931893919525658,0.8789433253665886,0.9223880191181126,0.9076428611053656,0.9251544152232711,0.9318282844272634,0.915894326451682,0.9505200152225101,0.960008123140029,0.9679115656907968,0.9774009590994188,0.9435830630587552,0.9663859828572482,0.9659378248280904,0.9722444554082273,0.9661766691680057,0.9422609387976414,0.9242388288227595,0.9501460554854958,0.9406478275770208,0.922887735041715,0.8979598523336451,0.9727472438345863,0.9527266907271332,0.9657236693631868,0.9456929965626409,0.840909339250024,0.8616645152253136,0.779673996771966,0.8783288541960367,0.9017929349918657,0.9037636129661849,0.8711419516491602,0.8855585589789576,0.4415114379504653,-0.5281252283894796,0.9630491615268183,0.9506088276367947,0.9504262136047582,0.9436355769058764,0.9575714593273863,0.9656080464764966,0.9652963414152615,0.9334622162996905,0.9613324336129573,0.8860273004268362,0.7833742455247354,0.9551397149872264,0.9543788846778989,0.8001229148066266,0.9429128565044615,0.9442677522309483,0.8750154658159018,0.9805426878654322,0.7755061654988716,0.48809617670375666,0.6721989051277337,0.7978141400242553,0.8000271844060987,0.7788692991037249,0.9826103918244055,0.9826443075861822,0.7192686541504557,0.6996570361777382,0.710747411169194,0.40446341793107177,0.7084779490978894,0.7156613699602604,0.7251389056623184,0.7153161606922865,0.7555342727303958,0.6917193497197879,0.6749639839811057,-0.3439739411160434,-0.48441994566301483,0.6633110375936787,0.8535023116660445,0.8784598346164222,0.8867120260420209,0.8779022187161538,0.7622732948981048,0.8580456614061954,0.8679865879352036,0.8748800043465872,0.7350942915174851,-0.06925511293837183],[0.9999329045640718,0.9998530435079879,0.9875906151004448,1.0,0.9993987730348364,0.9847576747007148,0.998093295333953,0.9966771528540876,0.9727769687079694,0.9969386332319126,0.9953050771545656,0.9948249063316189,0.9967594701552039,0.9968772031793931,0.9967193011480001,0.997973349034632,0.9983502011249237,0.9985819732092145,0.9971872242641125,0.9971987861825364,0.9972018992300428,0.9967351710852026,0.9893386922379465,0.9743611873652773,0.9914995099538364,0.9618717963195853,0.9907234600837571,0.9887150762095872,0.9723933424077728,0.9575487062020237,0.9918798421383087,0.9934657568252531,0.992842232715024,0.9787763521309338,0.997850753317152,0.998099256860259,0.9978078820730887,0.9968912162389659,0.9960564110789822,0.9980177059748082,0.9985679637135154,0.9987803933629569,0.9978236986222105,0.9978316378797103,0.9794474043821598,0.9199678588554006,0.9518802589666858,0.9393755422111874,0.9373544370501173,0.9120537428010456,0.9613265214204034,0.9480385722120082,0.9630593059646012,0.965944023012318,0.9548111062451147,0.9827192074898594,0.9810533796063701,0.9901677950395267,0.9940925677653193,0.9861762444822008,0.9815210560684319,0.9870912038899888,0.9860794584370887,0.9875575448943497,0.9874214353643599,0.9483681110668529,0.9748311799644924,0.9753648046522091,0.975133339039231,0.9414894333437284,0.9814478622885944,0.9762591776606434,0.9846304520590325,0.9839771217895157,0.9236567287356061,0.8972883167046664,0.8645156977646745,0.9117658406784047,0.9257719724053648,0.9257274816507235,0.9242569882464858,0.9232096822901685,0.6389176210544661,-0.5414102777081509,0.9801915328475633,0.9749486954815706,0.9722871212103977,0.9868344553570062,0.9736665978649656,0.9839046049949419,0.9838936259063332,0.9441961558476669,0.983979195007523,0.9347388234185359,0.8023758110037185,0.9220620092395845,0.9381555309346759,0.8210304956651436,0.956419745209631,0.9570393785177275,0.9016884179243256,0.9688694885259784,0.8891556609548018,0.580056869620631,0.7261328369361345,0.8970084506954077,0.8690576466037666,0.8880866772462147,0.9764679476759058,0.9766676857056587,0.7872338013780092,0.7511966009047426,0.8172222981742068,0.45657965351847896,0.801225226648645,0.821088862303072,0.8161707205830027,0.8117482982358176,0.7940179150960386,0.7553826476201594,0.7397058446659474,-0.2805642031009728,-0.42511034638656525,0.6941339405170459,0.8895316903650421,0.9295702118047146,0.9393508548988413,0.904379357088174,0.8257664596368952,0.9071473201763868,0.9227797634697572,0.9227204664039956,0.8533848209356775,-0.13945364317000566],[0.9991689762469327,0.9983010476564614,0.9934058874572148,0.9993987730348364,1.0,0.987278208962454,0.9990081080798048,0.9985415193237072,0.984453727827551,0.9985413819333266,0.9981402582322824,0.9980776724458051,0.9985602584534927,0.9985721975579437,0.9985730345024031,0.9990576442640378,0.9988061797790623,0.999246901989296,0.9988384668919952,0.9988397829277345,0.9986173329209574,0.9985606884641007,0.9948725214418451,0.9816605776186764,0.9951331422840801,0.9783032102016362,0.9951501040264472,0.9922808067011472,0.9844310113405668,0.9607423267781379,0.9893352023616105,0.9919975897636106,0.99033546315375,0.971467132980755,0.9988498481928985,0.9989130923188067,0.9989364342228814,0.9986641146202909,0.9985754124439349,0.9989034564703382,0.9989237343273787,0.9991497765424947,0.9988650951369142,0.9988653701033245,0.9885670033750679,0.9292388798833469,0.9512299327435844,0.9469104760064373,0.9382471038783881,0.9077182492740808,0.9497902709520707,0.9441318930437583,0.9540259209206321,0.9601903465409681,0.9487311450718229,0.980640510500074,0.9805893444137642,0.9903026410553811,0.9939764606703092,0.982511744215203,0.9756905728588444,0.9819285330944353,0.9823768336965616,0.9823109672409635,0.9821398520946456,0.946280868667786,0.9668601498776328,0.9606869171682971,0.9604217853654364,0.9148449569479389,0.9786128199989697,0.9749080198791296,0.9806630868103684,0.9799210217182879,0.9385286331372756,0.8790421568236334,0.8451085797956004,0.8979994471894618,0.9304592867920213,0.916597120098342,0.9229586186867771,0.9221394585234922,0.7756134017986828,-0.5425508394785884,0.9743257865363062,0.9650671666281871,0.9634568152966665,0.9833616719112488,0.9642988552375874,0.977762625459229,0.977449568593991,0.9359269298304583,0.9790471802638087,0.9378340496278589,0.7923469359581701,0.9358189441717208,0.9569803618954921,0.7882391304141351,0.9451439145762268,0.9463515063533359,0.8966540309142783,0.973541842492137,0.8907503429966116,0.4192497914514095,0.6716225861319758,0.8966854330171965,0.8495003733379648,0.892630159939322,0.9799038132368313,0.980060466936906,0.7544601346228211,0.7360384468720811,0.7578006422305584,0.4357236015299726,0.7140827645759968,0.7622388259488501,0.7580874794376463,0.7226074182313851,0.7820385589637245,0.7417816502469172,0.7252352462952084,-0.48070512048842157,-0.5636702492023649,0.6891028710037411,0.8851239421158371,0.9170201843226019,0.9353354370701218,0.9032598458732592,0.8093520533915091,0.8985007108300366,0.9112415978796715,0.9107630966392967,0.7931441144018007,0.0706746299207061],[0.9836820125174546,0.9897451017670374,0.9913017662780539,0.9847576747007148,0.987278208962454,1.0,0.9812929189145526,0.9825083352075151,0.9930809568299802,0.9818447112817977,0.9777360833939621,0.9767488224245156,0.9823391896128464,0.9828104449171468,0.9825767517636991,0.9821576909855447,0.9858005522191906,0.9831789975891615,0.9830514560309171,0.9830192094898746,0.9813392021133117,0.9824355252022434,0.9942139880438102,0.9934915006968907,0.9836966869748017,0.9875799122873602,0.9841425925420982,0.9741478536334474,0.9875597565756317,0.9741042494336627,0.9597396570804838,0.9656779732520178,0.9758061668936819,0.9669232701665189,0.9809971491175246,0.9813877014276846,0.9822604772237313,0.9832138647395733,0.977620041415459,0.9817609152984453,0.9801939115474102,0.9820246354792451,0.9812288031197762,0.9812004996161033,0.9959822011282722,0.8807054902769695,0.929267448999968,0.9258925681126087,0.9358656369261115,0.8948863639773658,0.9171843312667466,0.9110587477733463,0.9200449847042855,0.9367821417722032,0.917076690682192,0.9492402501813039,0.9552656560578708,0.9616524233376054,0.9687308766663352,0.9725885811436077,0.9883875038818645,0.9747133812645518,0.9857176036681936,0.9743206064376763,0.9738358825885375,0.9763871139639505,0.9721073373489549,0.9529128549139524,0.9524791414711867,0.9495093754999218,0.9845307855076149,0.977305064399332,0.9737181111115295,0.9725195384596642,0.9664443368674404,0.9038371669118256,0.8603627638288387,0.9192746362263432,0.9234100864396868,0.9328539780545086,0.9139491235467798,0.9119802955278768,0.7601888877339367,-0.4831640377323623,0.9828421128923077,0.9844776875077479,0.9808124135078337,0.9734439466953071,0.9758698861017723,0.9814905345999384,0.9811402791274113,0.9690844399871534,0.9713816419146565,0.968638887703779,0.8043710823655417,0.8964103587817142,0.9565926181054468,0.8334586485067795,0.9448964501567836,0.945520555445688,0.8659914195097055,0.9585075131209374,0.8320694508206455,0.5012312072659474,0.6892259321733794,0.8418782013326541,0.8191317543201289,0.8316875468488234,0.9583056790745196,0.9583672391707359,0.7397372437674207,0.7263104535774159,0.7498874489841978,0.45966867654434385,0.7459227021659017,0.7550919202635853,0.7488216542048556,0.7470523663714842,0.7729453804004904,0.7137468745359857,0.7009766563213322,-0.3062124775215888,-0.43706289879756055,0.7005857837190627,0.8527774289670252,0.8678953066347144,0.8845508251197154,0.8618500580041664,0.7824966557722628,0.8464672712499905,0.8600882669951424,0.8599844077676854,0.8029304489684438,-0.09895539845074122],[0.9978682479595715,0.9942242084635066,0.9895870450439588,0.998093295333953,0.9990081080798048,0.9812929189145526,1.0,0.9976078872354132,0.9569983806008892,0.9996267135560079,0.999592710434875,0.9996191702077296,0.9984803235896456,0.9994930530639397,0.9992184167791549,0.9998936188920884,0.9967233367521695,0.9999047996419377,0.9994067509039909,0.9994121268610698,0.9997254436930837,0.9993565940016185,0.9907572837220188,0.9748991129715717,0.9863370218295486,0.9281982374136571,0.9938296810147402,0.9928238862217018,0.9750368171539434,0.9542165448946931,0.9916949702554978,0.9920983960510367,0.9938149543320682,0.9760620806900399,0.9990481756405416,0.9998591176773451,0.9997273418522933,0.9994947577549076,0.9997825819318847,0.9998450795303071,0.998572413527906,0.9997475272016424,0.9994143011025718,0.9990853271620769,0.9801342702010686,0.9363315744194921,0.9541146455306647,0.9516019948353699,0.9399979210928882,0.9066159153259754,0.9582285682037351,0.9476610808811319,0.9605860111697401,0.9635750175542829,0.9540656229483824,0.9821314070806877,0.9818884577580715,0.9920799904317338,0.9964556805713263,0.9524099837287373,0.9627500384373816,0.9736942689264378,0.9739341035619464,0.9751761975431722,0.952416669161114,0.9031674451174292,0.9574564670671312,0.9628797318388651,0.9439764815570859,0.8934771854460773,0.9687151943534555,0.9448288977418811,0.9699137987507809,0.9528492516200274,0.7987292109262422,0.8710855345771912,0.7970899218351957,0.8847167014669902,0.901027918992262,0.9053329381150307,0.8854707336161274,0.8969854616665799,0.3879035398175418,-0.5764654794171565,0.9647486409732582,0.9501462903741904,0.9500717159561458,0.9539189896109433,0.9599578137454099,0.9710627393317549,0.9711429684561075,0.9238717463837628,0.9690715747789254,0.8577128832052725,0.7859950979139474,0.936843688434849,0.9367513319528916,0.8081231867084802,0.9540418057534824,0.9548825896846035,0.900751440603263,0.9731220028363988,0.8329120233660945,0.5757869206520391,0.719937403405186,0.857037833344381,0.8508724521160534,0.838542446025713,0.9804077207482587,0.9806175889007661,0.7790051328054596,0.7337448437087748,0.7827071059806089,0.42932192662309127,0.780748535211868,0.7957530013056555,0.7883176219646528,0.7944890520790717,0.7795858235196547,0.7483449403820686,0.7308327443260498,-0.2941429592994312,-0.44634327330212287,0.7027236880391259,0.8900925799842963,0.9223758856054901,0.9406445244552537,0.9100959316898802,0.8276310459586654,0.90934298705807,0.9273025880580616,0.9259282397108763,0.7783099271160879,-0.10949865897695402],[0.9962814805573585,0.9918204079276701,0.9903281242865488,0.9966771528540876,0.9985415193237072,0.9825083352075151,0.9976078872354132,1.0,0.9676482323017227,0.9999998336690871,0.9999993342172772,0.9997698944365243,0.9999970838175863,0.9999929478025495,0.9999982959179744,0.9993472415746765,0.991734540657244,0.9994760093687828,0.9999110935584794,0.9999108896172938,0.9999660007486162,0.9999988068710869,0.9912739238127456,0.9766133452172266,0.9931063697711315,0.9421239526386869,0.9943174377110742,0.9912225934828096,0.9772249113299357,0.9537433163376055,0.9880617885161102,0.9939322418926982,0.9924669888928205,0.9732587404756392,0.9994793524691107,0.9995842859977331,0.9996843217869018,0.9997503417625426,0.9992673437397328,0.9995221206517245,0.9982795284402924,0.9988751745131854,0.9995512363386038,0.9994217009626447,0.9818665228869247,0.9361679061574114,0.9516005845171436,0.9550910570121688,0.9390300939191716,0.8970870440239261,0.9564766274548805,0.9433017611848721,0.9584942580373098,0.9581946826434926,0.9482877732509009,0.9801492871687104,0.979094653503972,0.991085941124677,0.9968934558065083,0.9479225810869282,0.9594007041562497,0.9682187271038398,0.9714118758785393,0.9700546045528832,0.9509164984023711,0.8973255443417333,0.9534809762136887,0.9569698768114924,0.9391295563983443,0.8836313605230514,0.9664759232071721,0.9393957060769517,0.9651356283129202,0.9486919471914947,0.7880003111298072,0.8644516082377134,0.7931308800545184,0.8780427241179498,0.8948352466658293,0.9015847160965356,0.8815696619380679,0.8910009780612604,0.372095432317974,-0.5799889886564462,0.9613181197220986,0.9450512849059972,0.945192550924727,0.9521508589273152,0.9563291100963481,0.9677106728424246,0.967792291749751,0.9204350085542636,0.9631931102892484,0.8487806363580761,0.7833691019009466,0.949117633861703,0.9468897351675469,0.8052472504693585,0.9539385826252111,0.9549086112349616,0.898248583308946,0.9768205588006499,0.8354883276334615,0.5614743733139315,0.7114557961794216,0.8577274237361066,0.8476446123268304,0.8403718878236379,0.982675529065946,0.9828841930885488,0.770353099933372,0.7265433464187344,0.7837049911596695,0.41774928376621634,0.7756409471976774,0.791118942523205,0.7884563561573276,0.7888851630506766,0.77375919610603,0.7427579289956397,0.7247097464199159,-0.3092880715201153,-0.46040280075643203,0.6904569821795362,0.8828609312917208,0.9197428191386482,0.9332048036650388,0.9045188657204907,0.8172425550330712,0.9029824880605857,0.9210446363289273,0.9199213447605505,0.7600351001422276,-0.09272363219397164],[0.9706783253727196,0.9870034558329471,0.9911716147791704,0.9727769687079694,0.984453727827551,0.9930809568299802,0.9569983806008892,0.9676482323017227,1.0,0.9826967037567035,0.9872297181583691,0.9896578497781187,0.9712858042121089,0.9796114304408295,0.9761822145047356,0.974185010270938,0.9498952310662796,0.9790402162840984,0.976879775407835,0.9768303163476002,0.9811855102880537,0.9760278893479138,0.9939106938470083,0.9933020903034342,0.9802811504794653,0.9896697948128748,0.9834118702688713,0.990400122210472,0.9906961063803884,0.9695321263498653,0.9275079101347864,0.9490953676568358,0.9663307554840217,0.9525104189297213,0.9705953956383132,0.9790854959201385,0.975686716122073,0.9780552458132914,0.9881198134657626,0.9802497151405308,0.966797449535267,0.9762993639141386,0.9714611782309938,0.9704311068906719,0.999022613840774,0.8992237246640796,0.9225037025373887,0.9498961393404586,0.9396397619358268,0.8754838159543024,0.8860321643632475,0.885549702217591,0.8900360111800049,0.9156655156130601,0.895708047982584,0.92912957496665,0.9457938660590377,0.9509931647234722,0.9610189973045788,0.9058932825825459,0.9684532754248605,0.9476053762268143,0.9671877385780799,0.947607735095598,0.9046788627338612,0.9176236976974979,0.9450849319537636,0.9186382224153018,0.8832794532008059,0.8857658742044942,0.9687410298486718,0.9228900932760968,0.9455082317542405,0.908778845027375,0.8314877762371784,0.8569684305084483,0.739004261621661,0.8751966448911047,0.8847670279368763,0.8982440806279779,0.8472144874777068,0.8658898587684909,0.42326748172365336,-0.5104463433345443,0.9588509737583664,0.9538793711954937,0.9513103411822025,0.904372480385277,0.9495065645588836,0.9570621459931156,0.9565966656943076,0.9384414659001443,0.9424369336296724,0.8768012377653206,0.7894687095005589,0.9407925425876941,0.9619793142593596,0.8092602577481872,0.9362742094998943,0.9375277461170985,0.852641464002885,0.9680258473039552,0.7415780393705665,0.4502192096301696,0.6532496261350828,0.7745335488630446,0.7765937344760675,0.752737039661845,0.9673437568953074,0.9673509775736154,0.7002632323471284,0.68931508706733,0.6758623117008129,0.41209932984221836,0.690032932137331,0.6933343084523017,0.6751399032830514,0.6932188890702105,0.7482169568221098,0.6852043369815963,0.6697826084276192,-0.34952757641111987,-0.48621476935879665,0.7011662952634604,0.8377053112412249,0.8311957364725081,0.8610114459724132,0.8566899419322475,0.7539119546349082,0.8136939290020901,0.8369898582847958,0.8308598367549277,0.7068934845656543,-0.029236800320356367],[0.996498647980352,0.991829289735267,0.9929563800901645,0.9969386332319126,0.9985413819333266,0.9818447112817977,0.9996267135560079,0.9999998336690871,0.9826967037567035,1.0,0.9999991487785733,0.9997744204326555,0.999998528829419,0.9999918440935536,0.9999978309054561,0.9996923111755367,0.9979165946857913,0.9994744688980665,0.999886869193976,0.9998868845758532,0.9999780818049954,0.9999993387026306,0.9938306406151916,0.9783489073517185,0.996305815254661,0.9744795840917385,0.9963923275001987,0.9912396761572553,0.9816066229071028,0.9551389711898445,0.9898518992522548,0.993847609207861,0.9901730932128296,0.9700924317180697,0.9995128308198697,0.9995782219241172,0.9995908678350249,0.99983762614597,0.9992793514437787,0.9995295590238673,0.9985067412322999,0.998920918975995,0.9995189709953232,0.9995144618984199,0.986267498371017,0.9362295781880342,0.9516332751541621,0.9550943224724406,0.9390657344302912,0.8972056639625403,0.9479808151582266,0.938607455715001,0.9516265680685992,0.956526907482246,0.9465369825817558,0.9793145620477995,0.9791276362718184,0.9916606019698833,0.9967227381842532,0.9728942939563948,0.9593800751631897,0.9722455922425562,0.9714023804038048,0.9727647932163574,0.9725427105445077,0.9338074738031162,0.9534896691731497,0.9512074744129865,0.9509180652933976,0.9031925571899548,0.9664549322234117,0.965358888857985,0.9712145016725515,0.9702757558373287,0.924950803815095,0.8644831808525607,0.8251581723466154,0.8780713064555671,0.9138802454860114,0.902196724659285,0.9076014014748445,0.9068358974600748,0.7308506559330554,-0.5831579638361614,0.9613158795975164,0.9450364586311369,0.9451904821488196,0.9739236564756347,0.9516578108418009,0.9674102184713254,0.9670576276533425,0.9211347025697311,0.9689029360004467,0.9233108497489593,0.783371000203855,0.948998327766585,0.9584357454204601,0.7903127275978001,0.9479386086580024,0.949151183592495,0.8983210589171876,0.9760842556239874,0.8988481919586664,0.45947625922240287,0.6889357653270355,0.9046643292861049,0.857746298089378,0.9006147655610316,0.9826641953223074,0.9828729837687642,0.7704217696049752,0.7266356839544714,0.773306261749276,0.41785952066173404,0.7307053234495415,0.7779375495568943,0.7734701235148889,0.7410590651010125,0.7738097758414851,0.7428501281655587,0.7248036895849282,-0.5258894768653032,-0.6092336081052725,0.6906400565412764,0.8829670584369828,0.9200033657539467,0.9376478962629708,0.9046179872990205,0.8140989277919314,0.8996658451188984,0.9138489449735456,0.9133313017367795,0.8053462236183073,0.13364331923177455],[0.9946257760241967,0.9918536778269516,0.9969077315317518,0.9953050771545656,0.9981402582322824,0.9777360833939621,0.999592710434875,0.9999993342172772,0.9872297181583691,0.9999991487785733,1.0,0.9997738505975667,0.9999963858767781,0.9999949136304799,0.9999983665678378,0.9996773702537096,0.9976199289002659,0.9992256686712848,0.9997916841463211,0.9997917715288543,0.9999984468175119,0.9999984004599672,0.993195244605998,0.9744209003719569,0.9953856776397048,0.982543786576953,0.995965794690053,0.991252489737304,0.9838291236445712,0.9480636805586103,0.9891339907354176,0.9933953415327234,0.9841337817200357,0.9461040665793398,0.9993026119774108,0.9993568893483927,0.9992984619467569,0.9998975918166694,0.9992633338675344,0.9993084760627897,0.9979852208121249,0.9985419587063414,0.9992776346901121,0.9992754218901104,0.988584061806844,0.9359490932301632,0.9195676627725513,0.9550488786610624,0.9389861050875106,0.8969165734732131,0.9186187300527724,0.9091679256002685,0.9229496295030781,0.9313823299308699,0.9170748478765404,0.9719568876500086,0.9719335208287834,0.990737807160335,0.9953045319135325,0.9650156793067061,0.9595100341480554,0.9598206516143488,0.9621191480809366,0.9611191796102941,0.9608456840762147,0.9094211076150251,0.9430737353311458,0.9171996893775352,0.9167248065312076,0.8348914230499572,0.9644052553564664,0.969731628847156,0.9662887510524374,0.9651731403177517,0.9172870955528555,0.8004001464758979,0.7639946500546192,0.8419753831837293,0.8940738071706724,0.8638190207782639,0.8788938207872216,0.8776186354100065,0.7321873119444992,-0.38569737658705655,0.948716323867853,0.9451827261824823,0.9452972652553481,0.9661181605952184,0.937912318480913,0.9513806067700323,0.9507011183569671,0.8933638574327196,0.9540057092725789,0.8976481910056373,0.7835315225177124,0.9493023855305636,0.9623474919283279,0.6852795618620985,0.9087659664540926,0.9113653088951569,0.8561092706400756,0.9852584336778428,0.8439524289140028,0.11815569930829076,0.5417531693822282,0.8559966729265661,0.8234147267356826,0.8507965173475374,0.9860056367650156,0.9860251530554003,0.5338747359609441,0.6412890858111986,0.5404268482380025,0.41779600457699745,0.5080269026372259,0.551045237920898,0.5414890534181691,0.4795501838847923,0.7627124329088167,0.6116450172733134,0.5732543819601241,-0.4869499060298625,-0.5452890434093054,0.6900950158286623,0.8629487727251873,0.8754461494439023,0.9078971363512129,0.8983899754914604,0.6819565604084173,0.8495861358240111,0.8685061118273065,0.8678190790129817,0.6195172645016801,0.0827263357966271],[0.9939390933192923,0.9932607842767337,0.9960796877058036,0.9948249063316189,0.9980776724458051,0.9767488224245156,0.9996191702077296,0.9997698944365243,0.9896578497781187,0.9997744204326555,0.9997738505975667,1.0,0.9997874030017818,0.9997729301980416,0.9997792272132962,0.9996772614588009,0.9982467757821244,0.9994189629886973,0.9999710860219974,0.9999708245185419,0.9997784337270821,0.9997835946144837,0.9928297786747583,0.9715007020960474,0.9942419978021605,0.9833406297789125,0.9950147802367639,0.9936718069083461,0.9801714549702764,0.9298224706549149,0.9917235370936269,0.9944197469174793,0.9797786724748433,0.92822420990341,0.9994329849882583,0.999479065892958,0.9994412581319281,0.999599438351392,0.9996228144433231,0.9994569489724986,0.9978685129861338,0.9985747866997988,0.9994201808578898,0.9994170740076413,0.9899068517487992,0.9316144903796008,0.9067183507028295,0.9520973829178716,0.937723726859495,0.896858785291636,0.8850634505009657,0.9217194915162269,0.8885168260188557,0.9088606264056172,0.8833862203556992,0.9602669378690867,0.9602525041707899,0.982091021219895,0.9948207835789015,0.9636376705356684,0.9640320850507941,0.9549341586485294,0.9596872272446652,0.9573453928706803,0.9571331979940263,0.9090011864689388,0.9336538632241657,0.9012967076463385,0.9010548927665119,0.8180199051143614,0.9633024845548156,0.9652965988916491,0.965338184212209,0.9646736056625625,0.9239398524456748,0.7529394600777723,0.714020829473458,0.8091007543396523,0.8727531035414556,0.8293281245276702,0.8518508215722771,0.8510461312895674,0.7136577825764542,-0.2655799163459666,0.9426424684621776,0.9474519187043297,0.9422676996864007,0.9643576007974587,0.9376570851559453,0.9461045032809321,0.9452082739918715,0.8910281819039749,0.9483433390349006,0.8940791943295358,0.7376426849392003,0.9468800762996138,0.9413521033690714,0.5617393214966796,0.8554282003389383,0.859803059365867,0.7549088030466513,0.9792635208827666,0.731379140760725,-0.2500413378715351,0.28222927527593755,0.7547964099661133,0.7110439351132922,0.7486212102215555,0.9804062643792626,0.9804992464617388,0.22874821083128047,0.3852812146791993,0.23293156788655459,0.20613312450457025,0.22485424659092934,0.24034438992135987,0.23790511856438817,0.15456840345126827,0.5672590407134062,0.3032345440274147,0.2513967195723128,-0.5004483243704196,-0.5477008299508506,0.6905582522338441,0.7623370314155434,0.7857126260801545,0.849220240438719,0.8296911311215289,0.5858141865508338,0.7689990883051571,0.7804759233519631,0.7794578743126342,0.4404270740640261,0.27228003592682126],[0.9963808048175015,0.9919262286390207,0.9901814329467953,0.9967594701552039,0.9985602584534927,0.9823391896128464,0.9984803235896456,0.9999970838175863,0.9712858042121089,0.999998528829419,0.9999963858767781,0.9997874030017818,1.0,0.9999913682206992,0.9999976852477164,0.9993933979810992,0.9933665825552523,0.9995145821352994,0.9999203987296776,0.9999203625585142,0.9999729049927316,0.9999989791248192,0.9911544333457029,0.9764197407338018,0.9937556927208342,0.9470298945002943,0.994269896847543,0.9913324558332546,0.977026426775931,0.9536881471566451,0.9889706753467437,0.9940155654797396,0.9925475148732671,0.9733810932452257,0.9995220589160904,0.9996232095118649,0.9997143441961588,0.9997492306346475,0.9993240741128457,0.9995622716233172,0.9983647129455494,0.9989406842770202,0.9995938506211867,0.999465055907977,0.9816218092277187,0.9364285471389328,0.9517650644751942,0.9550149099758551,0.9391061402870478,0.8976848614382158,0.9568334518478828,0.9436904106328539,0.9588540283490051,0.9585279191068863,0.9486813305965913,0.980403051738729,0.9792812186989863,0.9912222207685123,0.9969760144941601,0.9481740235486515,0.9594198383979651,0.9684020709433933,0.9714576103769046,0.9702362511206113,0.9511209007515011,0.8972790783378426,0.9536195855386528,0.9572736941092088,0.9394836957605545,0.8837982659452857,0.9664780828986488,0.9395317581249167,0.9652826583020769,0.9489244329227909,0.7879106273561868,0.8647119997271097,0.7935732290561046,0.878289415023436,0.8950441656226217,0.9017072796375415,0.8818818388959365,0.8913052667010641,0.37220442246163776,-0.5800705190479784,0.9614021846318056,0.9451670978035186,0.9453018297353812,0.952353414452247,0.9564161515935964,0.9678150936483452,0.9678977420070877,0.9204085307609831,0.9633958054853697,0.8487748425952139,0.7834277806079786,0.9485664800676302,0.9463941224277015,0.8052849635767255,0.9539440402502135,0.954907986903108,0.8985920592427858,0.9766827916142697,0.8359865497097534,0.5625780745830876,0.7121063303692292,0.8582111330066076,0.8481799149687449,0.8408625966595552,0.982617037009768,0.9828259119951506,0.7709662259381634,0.7270496162346749,0.7843235632212581,0.4183683330798925,0.7763109526878493,0.791815978823707,0.7890894286691406,0.7895980277536715,0.7740987507060784,0.7432107387847103,0.7251778334185512,-0.30837389298430967,-0.4595951388345169,0.6908593188634086,0.8833842013284013,0.9202245616323931,0.9337456727660515,0.9050044473168165,0.8178095168432897,0.903571942136035,0.921634936323226,0.9205024342542117,0.7607186701860897,-0.09376433412536261],[0.996412819401618,0.9918179220217046,0.9922970156569941,0.9968772031793931,0.9985721975579437,0.9828104449171468,0.9994930530639397,0.9999929478025495,0.9796114304408295,0.9999918440935536,0.9999949136304799,0.9997729301980416,0.9999913682206992,1.0,0.9999952058380948,0.999579564435864,0.9978690544469115,0.9994739593262576,0.9999060532566536,0.9999051151896767,0.999955179121196,0.9999916690103596,0.9930620616868333,0.976828784416796,0.9960208281771283,0.9684869833245082,0.9958095129249063,0.9911963248535005,0.977469290700909,0.9538587209143802,0.9893521761945521,0.9940829536582153,0.9918663438690751,0.9729400220396179,0.9995018880624201,0.9995771359052834,0.9996352008425808,0.9998908116301262,0.9992877592257856,0.9995116966941262,0.9982336785338148,0.9988649302813547,0.9995216596198863,0.9995149775092667,0.9841512173481288,0.9362464463606855,0.951464063461476,0.9549154144051754,0.9388633740108951,0.8969430357844316,0.9517701098700322,0.9367948062979014,0.9540668905717595,0.9579186584259353,0.947972412622223,0.9789421806300649,0.9789370516365165,0.9905202920511957,0.996972670777535,0.9737037632237239,0.9591125089182354,0.9733728679204586,0.9713943054910671,0.9743182293785559,0.9740911321923137,0.9431267269593026,0.9531832316455151,0.9561288214552431,0.9558278294688516,0.9200147964833816,0.966441793211273,0.9682926744368101,0.9731418030245711,0.9721172028378443,0.9335088087600187,0.8640217137033126,0.8303636924381835,0.8776980075131801,0.9054642405289596,0.9014234695661586,0.9021896123717777,0.9011026199859754,0.7083698838081052,-0.5803774283310986,0.9613238289024975,0.9448672679057898,0.944890642570383,0.9747517397202156,0.9564280479495758,0.967724504899512,0.9678053151999063,0.9205120928369758,0.969062266950058,0.9319125263082768,0.7828135347248864,0.9486353979302107,0.9515346352487964,0.8045540617911857,0.9537399867311753,0.9547267155882728,0.8981023314924621,0.9770198410349409,0.8855119708503596,0.5617172459926608,0.7109518254480341,0.8933484607768265,0.8613641376768544,0.8843404559974024,0.9828761155482374,0.9830824310826388,0.7694142877684794,0.7258298401331382,0.8034572488157459,0.4172425410026815,0.7825091030217959,0.8078596703393113,0.8023768857762014,0.7895736809353294,0.7736406651181551,0.7414631243126348,0.7234394385989283,-0.39869024690586485,-0.5209797059463164,0.6892629739107174,0.8828892586756373,0.9166114098127462,0.9292053871434138,0.9049004403571738,0.8162822223001851,0.89138002573106,0.9097243180480942,0.9093211082572682,0.8408179534225834,-0.06038382849594703],[0.9963241286823683,0.9918815496864921,0.9903826694195715,0.9967193011480001,0.9985730345024031,0.9825767517636991,0.9992184167791549,0.9999982959179744,0.9761822145047356,0.9999978309054561,0.9999983665678378,0.9997792272132962,0.9999976852477164,0.9999952058380948,1.0,0.999480947491442,0.9971674625371719,0.999491211873253,0.9999138283973792,0.9999133308304228,0.9999669364532938,0.999997678447672,0.9913173906887179,0.9766762938120394,0.9953887482208266,0.9601571606535211,0.9951951358003691,0.9912903411211059,0.9772779990749355,0.9539058455148711,0.9914419990651778,0.9942773377582375,0.9924183908554098,0.9731755812464419,0.9994904345414181,0.9995853466987218,0.999691150258457,0.9997651481633567,0.9992931478896542,0.9995194593499475,0.9983034636938595,0.9988905958925038,0.9995607013656647,0.9994337317394885,0.9818673881554298,0.936236799915319,0.9516188117344704,0.9550692671177916,0.9390924843884951,0.8973456734126722,0.9565522714367426,0.9434289708739615,0.9586004601019992,0.9581472295472062,0.9482068133254323,0.9801726777437743,0.9790413650333957,0.9910573612277052,0.9968584639936581,0.9482024534249798,0.9594576844738061,0.9683774089655016,0.9714932998348992,0.9701998998178776,0.9507368774810173,0.897527913133382,0.9534041392517808,0.9570328902273197,0.9393302134864902,0.8837599522775083,0.9666146518566101,0.9397220865136111,0.9653287671503067,0.9489851981313968,0.7883266207167829,0.8644590764912579,0.7933811659535355,0.8780902007978117,0.8949977290425956,0.901595963447016,0.8817155819298336,0.8911619518538401,0.372440819109945,-0.5796886323247854,0.9614064914874018,0.945148710118454,0.9452848926004873,0.9509899895219395,0.9564974060592115,0.9677930618969446,0.9678714834773158,0.9206225276989125,0.9633527667005576,0.8490311559253081,0.7833878049640579,0.9488527014165087,0.9467986130851268,0.8052561969286756,0.9538719187987671,0.9548454347327328,0.8980704679920284,0.9768365766160257,0.835515758354316,0.5612970407098163,0.7113438416784036,0.8577332764274964,0.8477617306820564,0.8403959839711551,0.9827113544585266,0.9829170512821075,0.7699762064058953,0.7262197830229129,0.7836828312122789,0.41798632069109015,0.7756173662897544,0.7910387396211295,0.788605808020625,0.7887862620918834,0.7736827923989479,0.7420425402978006,0.7240282255706131,-0.3091057853174443,-0.46021639597774616,0.6906678322189851,0.882770252031484,0.9198601342020838,0.9332412451039342,0.9045602726617192,0.817041515369606,0.9031765302020401,0.9210754339920303,0.9200670742880515,0.7601237774541288,-0.09298563071666414],[0.9977208530395837,0.99395537697468,0.9898405940497528,0.997973349034632,0.9990576442640378,0.9821576909855447,0.9998936188920884,0.9993472415746765,0.974185010270938,0.9996923111755367,0.9996773702537096,0.9996772614588009,0.9993933979810992,0.999579564435864,0.999480947491442,1.0,0.9984571975787336,0.9998563244065501,0.9995656842646968,0.9995703040687207,0.9997773932472077,0.9995526853573697,0.9909685649285794,0.9756575640577925,0.9940841944563684,0.952898432665158,0.9937457450618148,0.9927100147095298,0.9755199087032037,0.9544981244402566,0.9918478319284572,0.9927392553525921,0.9932766052604192,0.9752497503251806,0.9992913199206189,0.9997408553911524,0.9997265486472766,0.9995849772988858,0.9996215879069495,0.9996973751716477,0.9988746604194959,0.9995985771031843,0.9995219359977442,0.9992888306650693,0.9805013803930906,0.935017156566127,0.9536738165699674,0.9523829804241228,0.9400508196880962,0.9038151257348948,0.9585868206085345,0.9479005083628791,0.9609161835089223,0.962215299163936,0.9523568762865984,0.9821247345574521,0.9810290106093755,0.9919986859729019,0.9963916196411285,0.9527453186823047,0.9630952472733778,0.9732402703692308,0.9740464539990342,0.9748030730804804,0.9535372289504838,0.9029806271998596,0.9568222478633168,0.9622337682656872,0.9441819985398677,0.8919541396599391,0.9691379378548287,0.9446807468862725,0.9696656649174759,0.9532897378739418,0.7969847039034045,0.8698884625722151,0.7980276710290377,0.8836341814559688,0.9001184222524862,0.9044980803713218,0.8855999048317325,0.8963459583217392,0.38459157090206986,-0.5763842036329664,0.9646902523434525,0.9499778671837547,0.9499227177922566,0.9550375078765013,0.960278264919555,0.9709360476808394,0.9709968555943936,0.9246772005610411,0.9684896958986242,0.8566595282404897,0.7851753331856903,0.9400548981350563,0.9391576374318452,0.8080369259870511,0.9539399451324388,0.9548054158816923,0.89823792409208,0.9735069572003331,0.834813679336546,0.57075538