var element=document.getElementById("correlationAdjClose");if(element.style.display!='none'){var correlationAdjClose={"data":[{"type":"heatmap","z":[[1.0,0.9999940991261317,0.9857877069134614,0.9999297524615062,0.9991459108674626,0.9844645746652101,0.9979263349895947,0.9962096754922347,0.9697479985047759,0.996499960532968,0.9946810410384763,0.9942217198665286,0.9963199687606521,0.9963548852996287,0.9962538461159601,0.9977181107341146,0.9979846619136632,0.9984141773859865,0.9968179477702677,0.9968293976463125,0.996852419463907,0.9962819246598167,0.987669950999474,0.9719140842388738,0.9903023822024906,0.9576317323842398,0.9893548099688299,0.9881631408196266,0.9690978748294724,0.9542643179431983,0.9927767561155821,0.9940569853895576,0.992683161760782,0.9782295997197993,0.9978304468510732,0.9980235823126236,0.9976194432564232,0.9963796841628312,0.9958957266289848,0.9979203529676977,0.9987695442854406,0.9988126755576962,0.9977974151951208,0.9978083875563837,0.9770401920882154,0.9176919186898665,0.9513615224466653,0.931549663446515,0.9327611902549474,0.9100980151549727,0.9635605868925535,0.9495221655254321,0.9653296385247986,0.9669160560138813,0.9563265257438982,0.9844495412016883,0.9818563022921915,0.9906452279348342,0.9943768669934894,0.9872491739765316,0.9830207568532754,0.9884943483833127,0.9868000737447425,0.9890342263852281,0.9888765347796283,0.9622316981097914,0.9759735120331192,0.9767688334216417,0.9764670119152865,0.9527036606576195,0.9813541680391747,0.9783931134214591,0.9855256964013315,0.9848524712428078,0.9424537735126223,0.893372592456559,0.8613744194686976,0.9088761140425078,0.9248440774955324,0.9224017936410364,0.9228492744903615,0.921547137457539,0.7079298280609058,-0.5527529328750891,0.9813244179246021,0.9769194756920725,0.973862093106498,0.9879305164142962,0.9751412504325397,0.9849292879846929,0.9849344421627539,0.9483440362884489,0.9852346644987336,0.9513813315592711,0.7834506843380638,0.9115746647918848,0.9312045849862494,0.8090638007228985,0.9528481858852508,0.9536035504571106,0.9007155772805824,0.9663448009607388,0.8953845538560123,0.5934158928873733,0.7238546175806078,0.9024918529127203,0.8713503357437302,0.8937021398643932,0.9748219607406008,0.9750011110936438,0.7849149193374814,0.7430066651273826,0.8249144175573612,0.4339057715000479,0.8045504777430029,0.8291307020785772,0.8243249478271184,0.8163328210810605,0.7849189824565004,0.752812602095448,0.7362302213519363,-0.27941988283100605,-0.41917529883934934,0.6667259147430409,0.8904006323039121,0.9329244200064536,0.9412344041622659,0.9055085615450478,0.8254778016395932,0.9088007100304317,0.9264053099468399,0.9262987347202017,0.8605487411903366,-0.15797288743347165],[0.9999940991261317,1.0,0.9887986566959998,0.9998426348127347,0.9983020962359489,0.9898378440632215,0.9946098391019113,0.9919067519633015,0.9857795472895962,0.9919206723780436,0.9919364350574048,0.9935549419257247,0.9920406061250719,0.9919201482566912,0.9919793852778249,0.9941313673118027,0.9966233834901171,0.9962406547217061,0.9942476539882814,0.9942502951835476,0.9919724933361412,0.9920174000290699,0.9922470960847793,0.9754175253552961,0.9888559915958425,0.9831107174944435,0.98879836734171,0.9881235477260418,0.9818737120592399,0.9375503482280677,0.989517851184471,0.9872414107790846,0.9815406347128469,0.9367170536002566,0.9956468576845349,0.9955596343626824,0.995780771398475,0.9923991108572272,0.9953116474832887,0.9957900059915589,0.9970537168660847,0.9972097296378197,0.995776175724563,0.9957843023474874,0.9903655936047823,0.9172752677392503,0.8926749881715351,0.9311505762747435,0.9325908962705916,0.9100755237088314,0.8838159513547101,0.9269963977792655,0.8862790736385341,0.9154517895681704,0.8835219893459211,0.9562433887523718,0.9562225983526931,0.9700639389768431,0.9847864530839135,0.9830064990826656,0.9850346133641525,0.9805226301466483,0.9813364829208076,0.982149515109804,0.9820569233840328,0.9494698775419006,0.9636872580767772,0.9409449327189326,0.9407845271095104,0.874949577465996,0.9800619598075414,0.9814812222590603,0.9816731385471748,0.981271689963536,0.9528903097945615,0.7799479913718323,0.7397240156735376,0.8399755880774147,0.9001842162597452,0.8555654838252966,0.878369146876682,0.8771726737285584,0.7409475797937404,-0.19157314801693026,0.9709176908152343,0.9746284752146787,0.970680401967359,0.9835214665957736,0.9683617181230227,0.9737628768045967,0.9731760746017736,0.9315041395806021,0.9754840577455094,0.9343224658541123,0.7063764642468361,0.9110855523698754,0.9097454194617005,0.5209520223451457,0.8362679690674247,0.8407030199741187,0.7456395430662204,0.9670049399485557,0.718647898576948,-0.2995774071893407,0.22503188881735103,0.7456444756675449,0.6949156360971966,0.7382695987457336,0.9685422968004151,0.9685473155623657,0.1553340752010174,0.32782820840304716,0.16214585234343712,0.13385859971778694,0.15552268244045195,0.1697840861439505,0.16648536027698205,0.08753487580370735,0.5181269597985476,0.2491843732315692,0.19851600426092003,-0.43891451310210566,-0.48484768870521294,0.6669249676311646,0.7507769770748155,0.7748571866312353,0.8362200696947394,0.8166729226304035,0.5735653784239535,0.7558131959773066,0.7692537973812321,0.7680938118160756,0.4210350112447735,0.22084058034452161],[0.9857877069134614,0.9887986566959998,1.0,0.9871654294743311,0.9932114223276144,0.9914958362829691,0.9897778617388076,0.9904617464443819,0.9908510868741589,0.9931452454776568,0.9971287079962413,0.9963013989092497,0.9903235244192488,0.9925037093397173,0.9905189574225028,0.9899609107509952,0.9908320431948369,0.9901050225604475,0.9891708262380435,0.9891486863682853,0.9920130114906375,0.9903507647298465,0.9948887541705044,0.9843071731378524,0.9912263042121117,0.981227540819619,0.9918064562560631,0.9874745323607654,0.9865876325417381,0.9604123174097944,0.9695564142034506,0.9737559415354058,0.9769225885343975,0.954933034920145,0.9870928419618736,0.9901890280923012,0.9885650560944415,0.9921251393211835,0.9947353363955487,0.9909885246697703,0.9850242512937915,0.9878764927615429,0.9874456516632448,0.9868265594578823,0.9922476995264828,0.9128557876716697,0.9344878086676741,0.9437320166885573,0.926325588776194,0.8675247999788264,0.9214082484777566,0.9049456309943971,0.9241001831719088,0.9288228502717985,0.9133134842992834,0.9496259228575016,0.9585208657858749,0.966874005141237,0.9775053417360982,0.940869983637184,0.9656352859662982,0.9640816133943013,0.9709041313258788,0.9643255100166237,0.9391866271869272,0.9234672033358042,0.947674843818582,0.9373100288187917,0.9186274671613559,0.8966349628402093,0.9713180085106747,0.9501364791670817,0.9637944919367133,0.9430455540104462,0.8312144035800636,0.8521355957614875,0.76950483323168,0.8702088391372246,0.8960748450558814,0.8977912419768002,0.8647484588530125,0.8790692206632131,0.4153257498154679,-0.5408314929074927,0.9614377792954516,0.9490326080936984,0.9484409828585388,0.9408694696497831,0.9559487413322801,0.963890039975778,0.9634698777927059,0.9340980948958812,0.9591446295513404,0.8809725760415598,0.7669767971775386,0.9524074757505412,0.9518643369521512,0.7874212452658528,0.9397955494419866,0.941449434499097,0.873016506135773,0.9801349511812882,0.7753695478248211,0.4970444487622869,0.6668074870215895,0.7969085441855958,0.7977776812390716,0.7780366561147151,0.9823979671424139,0.9824492077181705,0.7136467050903827,0.6893031189382403,0.7103994230278984,0.38094916011876606,0.704380265978821,0.714020653607549,0.7256830522002551,0.7129705716668064,0.7467841480667333,0.6868642728234575,0.6691800809588823,-0.34069158768433166,-0.48010749193424185,0.633207356980558,0.8510227580682264,0.8797198608155951,0.8858577838705249,0.8766771379397411,0.7572279983551903,0.8576470829752924,0.8687947241529358,0.8761865492471368,0.7326399753628977,-0.08015451277099618],[0.9999297524615062,0.9998426348127347,0.9871654294743311,1.0,0.9993832606929974,0.9856148747425905,0.9981595503469999,0.9966229819425558,0.9719709674561162,0.9969512130459508,0.9953564971228304,0.9950993562871723,0.9967154379548835,0.9968374488353179,0.9966666276174132,0.9979819314252995,0.9983114677331076,0.9986629091254616,0.9971784862935263,0.9971879041719338,0.9972347095972961,0.9966824153649492,0.9888565852109418,0.9733244341272501,0.9912441589629517,0.9602176509457787,0.9904024095835817,0.9896847310796791,0.9710744855644909,0.9554626856876686,0.9920931676846321,0.9935629966123641,0.9926068871273298,0.9778036970211355,0.9979060000867143,0.9982090062236876,0.9978362117179187,0.9968284100289007,0.9963379842884589,0.9981372145883497,0.9986619274204795,0.9988837337577531,0.9978690481633784,0.9978773905833893,0.9788635445814601,0.913957968155528,0.9492486976316609,0.9319560674784828,0.9312519999575651,0.9036029937549147,0.9606226965636021,0.946243555400831,0.9623018227954604,0.9644459639166686,0.9535357189106742,0.9823539774715149,0.9803430661712724,0.9897799832054154,0.9941677488466147,0.9858964257087361,0.9820180017105772,0.9873249135449812,0.9862604563475789,0.9877882695862205,0.9876216698534219,0.9528849147670104,0.9748232574467055,0.9753582766181143,0.9750510210829996,0.9478731317812885,0.9809565769119316,0.9757037501024138,0.9841745523782887,0.983465267999335,0.9230284824551399,0.8919719139935262,0.8577225253091083,0.9072828077251799,0.9221710966875862,0.9219680384241955,0.9205365184873804,0.9192725722925529,0.6188774596265805,-0.5522152554410811,0.9805734239245469,0.9758170290835079,0.9725409011600085,0.9865797427254038,0.9744856900741536,0.9842345405255752,0.984232841431026,0.9480557375587378,0.9838928799437621,0.9371776401096429,0.7872804891795934,0.9167894057513236,0.9351587544911363,0.8107712588345064,0.9541158826868897,0.954897641487954,0.9001953630232545,0.967545179738318,0.8891884529237501,0.589625653242596,0.7220356236203288,0.8969328918796036,0.867605888571122,0.8878702601986473,0.9756242325991565,0.9758092904585198,0.7836508652095114,0.7431508545467291,0.8168946870517134,0.43567629906685856,0.7986382520144667,0.8208347102948104,0.8159547568871215,0.8108266341920017,0.7871089011659489,0.7525834486526665,0.7360835130068792,-0.2748245846706313,-0.41844820309169595,0.6661904260929334,0.8884198135962177,0.9309171844119024,0.9392952652083557,0.9041517058717602,0.8225838137002969,0.9066678858073545,0.9240053390634074,0.9240489819814406,0.8532165841601169,-0.15081506297980937],[0.9991459108674626,0.9983020962359489,0.9932114223276144,0.9993832606929974,1.0,0.9883814658238073,0.999085038798663,0.9985603567004943,0.9840692743416155,0.9985607925177012,0.9981686884896568,0.9981935669228812,0.9985857424246248,0.9985926978880204,0.998592337229611,0.999084577381835,0.9987575796987554,0.9992990084966668,0.9988963424184361,0.9988976930024143,0.9986446171288167,0.9985817507702023,0.9946142614599174,0.9808381973343211,0.9950966526974457,0.9772536138125956,0.9950800544824998,0.9925674349865509,0.9836249137626006,0.9587870795697452,0.9892578471725693,0.9919294146289606,0.989934701873106,0.9700551932773601,0.9989252192977108,0.9989811569374651,0.9990010186424065,0.998669947719169,0.9986772564125301,0.9989740817792628,0.9989756398495849,0.9991982100922535,0.9989330766872625,0.998934371038555,0.9883176688052561,0.9238610636442589,0.9485357353916989,0.9419931200660127,0.934424705371378,0.8992867924235407,0.9478533214412956,0.9411827919751193,0.952133666168184,0.9581747891330872,0.9467435746389977,0.9798129748321621,0.9797333039002798,0.9897885169237506,0.9939907893721083,0.982679631894091,0.9766278714825809,0.9829202657972287,0.9826525379401542,0.9832748243565166,0.9830969086090893,0.9528016030225595,0.966790665601719,0.9614331872233474,0.9610793289566646,0.9227829229898097,0.9783120799175595,0.9746418491239257,0.9804161258330808,0.9796541774373841,0.9399659040562048,0.8727839806549652,0.8367532539499108,0.8930697226899812,0.9269701326694088,0.9121278910341416,0.9189404914616496,0.9178829991926574,0.762274868682117,-0.560339223932992,0.9747191940261318,0.9662311679939448,0.9638253983272195,0.9835721806777954,0.9654664451343509,0.978131711070081,0.9778203772483318,0.9399630570098231,0.9795931841689555,0.9423958420955805,0.7770311496605699,0.9312263099628739,0.9546516988865659,0.775668370321246,0.9420384824121518,0.9434693537100842,0.8946618385530176,0.9724025597090569,0.8886826594991591,0.4293270145549196,0.6648917796704655,0.8945566327676042,0.8449815336839386,0.8901615022881222,0.9791146370970086,0.9792552450925601,0.7491157838794152,0.7272053424131282,0.7529920950829321,0.4142300401484037,0.7060675416714692,0.7577404257310896,0.7532391355740434,0.7170401393336364,0.7743517999654433,0.7381327193610924,0.7207649859733394,-0.4788007444973265,-0.5605313839793452,0.6617140588591667,0.8833628149979004,0.9170346189815674,0.9338369580785567,0.9024330802913054,0.8043178251531529,0.8956378732089217,0.9109659657955131,0.9105507774712858,0.7904265256516607,0.05917984129558515],[0.9844645746652101,0.9898378440632215,0.9914958362829691,0.9856148747425905,0.9883814658238073,1.0,0.9831892884198837,0.9841803284149422,0.9928311785716871,0.9836158216100669,0.9794459330799702,0.9786195000133343,0.9840364522855133,0.9845446472693054,0.9842511537971874,0.9839102315707311,0.9873675355229493,0.9850001782210542,0.9848746895346484,0.98490645285717,0.9830638591111862,0.9841799366689327,0.9951452687459702,0.9936191742829191,0.9855727338704426,0.9872576024470897,0.9858924114610341,0.9768553398379428,0.9882467321800128,0.9744815832709676,0.9618156082420639,0.967518342178079,0.9769078547569314,0.9668174007260214,0.9828668209861547,0.9832527123118311,0.9840891921010468,0.9848302871886729,0.9793773391331184,0.9837163074162588,0.9821136639650916,0.9838341868652738,0.9830702054424956,0.9831106070307486,0.9960688255997235,0.8724653319870799,0.9263396539774432,0.9141644583977683,0.9258436877392918,0.8846373543989489,0.9176724946316951,0.9097253822627797,0.9203767842734876,0.9355847051421053,0.9167308110432625,0.9500670670678434,0.95556483635544,0.9618049966171607,0.970590610188785,0.9711271105032314,0.9871036343566995,0.972987263782932,0.9845107247957096,0.972583556124398,0.9720138977407252,0.9767360390771285,0.9694174629477521,0.9493677040678217,0.9488002645517924,0.9484111094990603,0.9832161057150829,0.9758863040750299,0.9724769054196605,0.971140599487211,0.9643290968661463,0.8949458200943773,0.8498546110585189,0.9117598143231465,0.9186492707961902,0.9280259537913697,0.909009278404051,0.9067642573385826,0.7409445640678147,-0.4992205157436054,0.9812859774917109,0.9828854779503653,0.9787478568195094,0.9719840359082803,0.9739150898223201,0.9799758961146058,0.9795444581051734,0.9686649957250542,0.9695057397602225,0.9677492520893755,0.7888527018007515,0.8907828449926556,0.954335820291284,0.8212709413010052,0.9428612651758487,0.9438409592984291,0.8668508105653808,0.9588279292781069,0.8344920726939673,0.514939614963273,0.6867942096750678,0.8442668794538485,0.819564117696987,0.833835562687931,0.9590304903436325,0.9591582939949216,0.7375451149224515,0.7189615303917225,0.7514765164404899,0.4378693333289289,0.744497194513779,0.7568402572171966,0.7506704292595963,0.7478987054797692,0.7674381651147361,0.7129697972765981,0.6991927942854292,-0.30193850036902764,-0.4321318247094896,0.67200861772625,0.8542027333239076,0.8722288405065584,0.8865012075144194,0.8641418566167604,0.7807578226639718,0.8478236232127356,0.8642072938073133,0.8643732769408784,0.8056801428194088,-0.1130384680558389],[0.9979263349895947,0.9946098391019113,0.9897778617388076,0.9981595503469999,0.999085038798663,0.9831892884198837,1.0,0.9975414355113413,0.9570653640811934,0.9996128195785068,0.9995710581428395,0.9995931149532223,0.9984306745690015,0.9994787255555073,0.9991909586156857,0.9998917765851929,0.996605530859073,0.9999036930563195,0.9993840162065533,0.9993886541648429,0.9997158813975356,0.9993334152594722,0.9906982150541944,0.9745937450023642,0.9859401532475782,0.9268271592689249,0.9936031127241544,0.992333943610718,0.9741966863294749,0.9522419762110349,0.9916230514419304,0.9919203242528473,0.9936071711393742,0.9751661582967501,0.9990143950784572,0.9998531731962317,0.9997170826455103,0.9994848114293634,0.9997705351164782,0.9998378888139082,0.9985213697307249,0.9997382102817576,0.9993926850822686,0.9990509180871004,0.9804474684035502,0.9316956070109623,0.9519289673497381,0.9503332907361711,0.9407005792513122,0.8992485496632052,0.9573222767038293,0.9458885296899232,0.9596625839117285,0.961984133040395,0.952406033802306,0.981576270611635,0.9810598941181892,0.9917725079626172,0.9963666373574508,0.9506367870094623,0.9646353983540044,0.974195581538181,0.9747893303242948,0.9757110979450813,0.9506378585344692,0.9063046071181404,0.9582124135422607,0.9630194418336414,0.9420309118758542,0.8983318909422003,0.968843079083958,0.9430480348588072,0.9692953535119486,0.9509917432452738,0.7908244097829027,0.8661672739499978,0.7890128254993878,0.8806519311299963,0.8971035930200338,0.9016897041564211,0.8807235612385862,0.8925064388293862,0.3636789176629499,-0.5861094769252607,0.965858646104979,0.9524999430315639,0.9513581905184698,0.952098255097707,0.9616101204091035,0.9719843504546165,0.9720861253044919,0.9292031360646447,0.9691313139527036,0.8559499876539718,0.7715010530308526,0.9320529737941777,0.9342928988712256,0.7987935156404387,0.9520233842444218,0.9529636277742924,0.8983256093840652,0.9719455705472239,0.8321790178330442,0.5833190968540644,0.7150246976011307,0.8558366815387545,0.8485921458322853,0.8373488074356108,0.9795097356864954,0.979696211014262,0.7744154422711856,0.7247777611082973,0.78210376382329,0.4085894723065944,0.7774997795545316,0.7944253585980607,0.7881839499966099,0.7926464145150768,0.7716184466923953,0.7442353016166443,0.725964121835252,-0.28910396759637813,-0.4402692067703653,0.6788111767927949,0.8877626246346436,0.9226630689755063,0.9399018190293355,0.9086453370739498,0.8238606563258033,0.9086226962685126,0.9275583933698066,0.9263429182421208,0.7754941965754425,-0.11912954774891771],[0.9962096754922347,0.9919067519633015,0.9904617464443819,0.9966229819425558,0.9985603567004943,0.9841803284149422,0.9975414355113413,1.0,0.967843587944461,0.9999998287196261,0.9999993056884251,0.9997558703980484,0.9999970760012026,0.9999926514570481,0.9999982323695268,0.9993211102827809,0.9914376635000148,0.9994536701169696,0.9999089137631294,0.9999085576089688,0.9999647308521024,0.9999987783599522,0.9911569708061997,0.9762194244692234,0.992872126084859,0.9408721720378257,0.9940993218979355,0.9906115994981525,0.9764023352575097,0.9516772835781274,0.987952805267777,0.993844025170163,0.9921876409481065,0.972179854472988,0.9994687779393273,0.9995688465760088,0.9996733389689555,0.999742540080158,0.999216371493035,0.9995022824703423,0.9982246334571799,0.9988279916866987,0.999540536289664,0.9994074597181674,0.9821281915796216,0.9314843708694046,0.9492253190165849,0.954013766430984,0.9391696323296913,0.8887773206830809,0.9555664992210828,0.9413854670248769,0.9575508251358793,0.956337600914975,0.9464222938607619,0.9795503879079573,0.978131657268735,0.9907200724987432,0.9968518785065834,0.9458793399620516,0.9608023327450315,0.9682019932782813,0.9719511170651283,0.9700890683113617,0.9489944786493326,0.8994154417506119,0.9537790581555399,0.956587454220861,0.936825791303956,0.8870980555551397,0.9663319965659047,0.9372223744487065,0.9641601947122549,0.9465778980816778,0.7790011863380795,0.8587364825653948,0.7847704096506654,0.8732601978720759,0.8903918821992456,0.8974948640239087,0.8765458870403483,0.8860757821438263,0.34689195310147053,-0.59010347379006,0.9620079847348458,0.9465434705303863,0.9458157871365072,0.9502104227210599,0.9574221691579252,0.9682053720485407,0.968291025165553,0.9249857484309245,0.9627312141098826,0.8457973834583983,0.7685843541210691,0.9452839887166997,0.9447754416755365,0.7954843141319462,0.9518210089067694,0.9529096028722096,0.8957932469281328,0.9757912875449413,0.8349588576089665,0.5690113876695236,0.7063573037925794,0.8566903584499481,0.8453855531730874,0.8393694934304606,0.9818839912939076,0.9820744270659082,0.7655444743717226,0.7172790007566316,0.7832686624565136,0.39642040447985855,0.772353783403259,0.7898293407855241,0.7884854862720347,0.7870365263306628,0.7655427057100558,0.7385214574834115,0.7196860896752434,-0.30458949934460755,-0.4546875455883984,0.6652339531098208,0.8803038231643803,0.9200833198507995,0.9323414258398796,0.9029210634301174,0.8131907892309526,0.9021941446560571,0.9212669198604171,0.920316430809428,0.7568150851829694,-0.10225132042683241],[0.9697479985047759,0.9857795472895962,0.9908510868741589,0.9719709674561162,0.9840692743416155,0.9928311785716871,0.9570653640811934,0.967843587944461,1.0,0.982896652386994,0.9872617655668038,0.9896139025601676,0.971510310181065,0.9798473037602707,0.9764215450915789,0.9743617173765831,0.9493658043520725,0.9791803633193366,0.9771702140928207,0.9771399024926468,0.9813661165338093,0.9762905584215803,0.9939566611504244,0.9929520375412263,0.9807672478266816,0.9890656517815133,0.9838537354196215,0.9902844690315624,0.9906658326348071,0.9685175832460362,0.9275082953680667,0.9491145088599908,0.9657497773048028,0.95054904664806,0.9708141614881856,0.9792376972276838,0.9759207877672156,0.9782744954069629,0.9878767282797755,0.9803952746468481,0.9668915856102026,0.9763311968871984,0.9716713158917715,0.9706469895984509,0.9989776790037505,0.8914110204218305,0.918297719606682,0.9460370955690359,0.9369339877482442,0.8636357707588423,0.8845891401189014,0.8824423056845613,0.8884993438267398,0.9121040922464281,0.8926823105635764,0.9280219426361667,0.9439949598316499,0.9495982812402631,0.9611331445568032,0.9013134953037512,0.9671128387205614,0.9441163967072971,0.9649328632510282,0.9441240899614572,0.8995477644185321,0.9141876654084611,0.9412740697997407,0.9132505382344744,0.8764207166878875,0.8807206315477468,0.9664796817169942,0.9184111781354412,0.9423052780966495,0.9043173814475114,0.8194413507839851,0.8457061896430036,0.726396504546617,0.8656557954802792,0.8776014534661484,0.8913238988894677,0.8394401550460168,0.8579864634152758,0.39451596549910006,-0.5246587189578843,0.9561635964533101,0.9518899108009197,0.9483025504005729,0.8999322591268866,0.9463327805359408,0.9541184912957901,0.9534896449398766,0.9376348374474148,0.9386426095505395,0.8689577354340462,0.773181069726582,0.9366286603332312,0.9599791697913054,0.7962730489190253,0.9329310898392617,0.9345383815012683,0.8504236676055731,0.9674766794460583,0.7414869218714137,0.45949244856673477,0.6477212961521503,0.773899345831406,0.7743919239585942,0.7521059731801677,0.9667956175939177,0.9668211319012484,0.6944647187890242,0.6786372365418354,0.6755235884126201,0.3884955572674205,0.686018054557742,0.6919260815947735,0.675427297751589,0.6910273126508698,0.7394143530656611,0.6807365208065136,0.6643630575943047,-0.34689670268736605,-0.4825787320378949,0.6754788037297237,0.8352869495806532,0.8323604309773373,0.8601151582270536,0.8553275653110506,0.7491437649243059,0.8129197296187148,0.8379420125118512,0.8321185039960377,0.7043524387612375,-0.03992225154910311],[0.996499960532968,0.9919206723780436,0.9931452454776568,0.9969512130459508,0.9985607925177012,0.9836158216100669,0.9996128195785068,0.9999998287196261,0.982896652386994,1.0,0.9999991256518574,0.9997605120257801,0.9999985280244702,0.9999914779726854,0.9999977431313991,0.9996781233191582,0.9978445591408374,0.9994495198303144,0.999882714947136,0.9998826736857718,0.9999771468818236,0.9999993093384243,0.9937300874552039,0.9778499127967771,0.996148182535239,0.9737269282361516,0.9962302492387926,0.9905938625185873,0.9807808267149901,0.9529788848411107,0.9895549988696188,0.99365286557208,0.9897451997866498,0.9687674083514749,0.9994945148910844,0.9995610779091115,0.9995734643081167,0.9998310937244502,0.9992292613753269,0.9995098855439859,0.9984376986279869,0.9988699499448226,0.9994994195841502,0.999494616298053,0.9864845159211281,0.9313723327310003,0.9492615935272262,0.9538682615204735,0.9390504544290486,0.8889118781043641,0.945919085190162,0.9356430001209286,0.949610161142621,0.9544583850547508,0.9444154830392011,0.9783892713293967,0.9781662278333481,0.9913122391943797,0.9966446624024377,0.9730604675883141,0.9607828123913338,0.9733459328019671,0.9719369233956999,0.9738058110639187,0.9735592837830692,0.9410183282891378,0.9537243625231978,0.9520612930851079,0.9517247170214534,0.9116207470926029,0.9662970029810629,0.9652509134392014,0.970975388342289,0.9700170969332346,0.9269614354922551,0.8587804592441824,0.8169671796225281,0.8730571386813006,0.9102906171310996,0.8977102623479079,0.9035231684176492,0.902699978338533,0.715992687304079,-0.5977227202183342,0.9619979425374012,0.946541265412668,0.9458241878664395,0.9741512756407603,0.952904597684194,0.9678715355378099,0.9675185966789729,0.9257874744288965,0.9695611463325833,0.9285285144892154,0.7685927157579487,0.9450053436297078,0.9566144327371943,0.7789705881026211,0.9454352596729536,0.9466880075828699,0.8958659017538786,0.9749666825748373,0.896600055812227,0.4683973789234953,0.6823527828182723,0.9024059250743186,0.853220273829854,0.8981007111907551,0.9818428595796946,0.9820624726237595,0.7656134816528732,0.7170599438352224,0.768809203811781,0.39654065599416016,0.7231527332009059,0.7736616861018015,0.7690530282635688,0.7357942027068071,0.7653056067303748,0.73850123281107,0.7196419316026053,-0.5240282420727191,-0.6062812068290986,0.6651413556756886,0.8804387659296203,0.919635341998602,0.9360976388700617,0.9030937016118875,0.8097031779027487,0.8969257515531477,0.9132488814389929,0.912714082810697,0.8026952132721817,0.1239084202239387],[0.9946810410384763,0.9919364350574048,0.9971287079962413,0.9953564971228304,0.9981686884896568,0.9794459330799702,0.9995710581428395,0.9999993056884251,0.9872617655668038,0.9999991256518574,1.0,0.9997604194580616,0.9999963557534338,0.9999947468657814,0.999998311860374,0.9996604670623892,0.9974996956509362,0.9991802407730187,0.9997822361546799,0.9997821097711886,0.9999984170471561,0.9999983316224731,0.9929193613670328,0.9732321578643229,0.995208871118265,0.9817021241860671,0.9957991505293826,0.9906091800362216,0.9828866828916304,0.9451877455703473,0.9885555355695413,0.9930387435850343,0.9833180037337497,0.9431330851240206,0.9992640404620041,0.9993206670601998,0.9992589219304382,0.9998917485036236,0.9992120527667484,0.9992691341389617,0.9978666474780372,0.9984574073276122,0.9992365285474081,0.9992340533203131,0.9886126613271169,0.931067243055876,0.9146415835871411,0.953809818419749,0.9389487452041297,0.8885846118189198,0.913824965548932,0.903598723535494,0.9184236218558923,0.9272647865133952,0.9121678215746453,0.970327357463394,0.9703028946023279,0.9906412433608385,0.99509100390374,0.9656364845232941,0.9608978547317187,0.9617157916178987,0.9625032404715285,0.9632766207761736,0.9630058332180378,0.9172028681511171,0.9437154941520073,0.9204259134605807,0.9199095201002896,0.8436526982917808,0.9639828220440803,0.9697500911238569,0.9660949604082938,0.9650086467228675,0.91868772049196,0.7880644624925613,0.748275577164937,0.8333012271191248,0.88804852189025,0.8554376277974446,0.8716803281323477,0.8702899746713378,0.7136227715689104,-0.41279117375304036,0.9490325594890239,0.9466683412678628,0.9459130075829687,0.9668315691649996,0.9396623525433011,0.9519739862055381,0.9513349737267788,0.8968423267804085,0.9548942129199219,0.9019463032710558,0.7687475572101723,0.9453345886632918,0.9601019962601199,0.6640330018667377,0.9031118361614884,0.9058979983437988,0.851955878748687,0.9846327476401435,0.8396068204923147,0.1295960220073,0.5311321509304238,0.8518598124935858,0.8175804263098178,0.846298556070319,0.9853835729255194,0.9854029783890513,0.5175311534003131,0.627029096080564,0.5249035328908109,0.3964605694240028,0.49094825140614556,0.536420155639216,0.5262662066944149,0.4635535225777089,0.7533512048683654,0.5996042952087101,0.5601756387736181,-0.48708201275205376,-0.5434005863953406,0.6645408693311102,0.8593604886445764,0.8721224121777579,0.9034537768205981,0.8965894644319922,0.6664706291793884,0.8416987935020863,0.8646053620332725,0.8638693295862483,0.6088965549229209,0.06962820282448745],[0.9942217198665286,0.9935549419257247,0.9963013989092497,0.9950993562871723,0.9981935669228812,0.9786195000133343,0.9995931149532223,0.9997558703980484,0.9896139025601676,0.9997605120257801,0.9997604194580616,1.0,0.9997738185066048,0.9997590152408679,0.9997655849427989,0.9996638607597927,0.9981419233296969,0.9993833771895969,0.9999691568865818,0.9999688457365714,0.999764651351612,0.999770403437437,0.992426965720321,0.9696929570610868,0.9939445340743802,0.9822775226428937,0.9947448942060131,0.9932096228466067,0.9788544525158682,0.925590501444258,0.9912422518964744,0.9941141983720607,0.9787764855568789,0.9236340182619758,0.9993945276038224,0.9994442789302715,0.9994038431930173,0.9995734338275736,0.9995991383966125,0.9994209729139508,0.9977263874246797,0.9984874005114167,0.9993818772755662,0.999378736742361,0.9898564940891892,0.926433011886234,0.9000743900993164,0.9509847344818066,0.9382934330339245,0.8886470600502705,0.8770995158457636,0.9161395711956344,0.8808462174482319,0.9022641651129425,0.8752479052883136,0.9575138099933153,0.9574978799687307,0.9815936917648674,0.9944717153199756,0.9647932358584858,0.9656859262373446,0.9578161876382889,0.9606371836480622,0.9606223308103312,0.9604430048693589,0.9179484584927553,0.9359879333175025,0.9072363802862365,0.907003376011175,0.8281529170571037,0.9628661286969209,0.9650829532932134,0.9651751468899515,0.9645975379906936,0.9255032122238503,0.7341220029687162,0.6903705294103167,0.7966001189112456,0.8645150336345816,0.816748494425682,0.841381675144136,0.8405082936916445,0.6898041025424477,-0.3081525525790718,0.9436718447663257,0.9494979855704718,0.9433907278914765,0.965655930632204,0.9403971892546247,0.9475063203078298,0.9466945935404211,0.8949309364539508,0.9501554386735631,0.8988651165019993,0.7177566738920856,0.9427098286826314,0.9371705838969351,0.5274457901035305,0.8445023293730148,0.8492708233787837,0.7439679838203089,0.9780453586124794,0.7199217360675619,-0.24084143630652555,0.2640296554222328,0.7438812436966632,0.6990379274752145,0.7374926544002754,0.9792244635138438,0.9793161871535839,0.1978854542381789,0.35597640851798257,0.2031266833592466,0.17496536403298776,0.1951304620699597,0.21149653346020475,0.20889676908770444,0.12549931040711182,0.5431064445187868,0.2760256639374066,0.2235778558071129,-0.5043530109252043,-0.5492957563930572,0.6654434305368826,0.7530785251627374,0.7770148991804519,0.8403483193070886,0.8237933738746979,0.5645014539866644,0.7551880289140608,0.7717060835708022,0.77061674174262,0.4239966256201755,0.26066390306444237],[0.9963199687606521,0.9920406061250719,0.9903235244192488,0.9967154379548835,0.9985857424246248,0.9840364522855133,0.9984306745690015,0.9999970760012026,0.971510310181065,0.9999985280244702,0.9999963557534338,0.9997738185066048,1.0,0.999991106130267,0.9999976814627538,0.9993693795571741,0.9931167509176398,0.9994937021616876,0.9999179858101437,0.9999178144645209,0.9999717364384252,0.9999989679261171,0.9910433268667292,0.9760364762976299,0.9935309653767466,0.9458073336562273,0.9940517721558872,0.9907268150972653,0.9762061089072139,0.9516289008884602,0.9888610805758177,0.993924533086524,0.9922733955324008,0.9723150768978566,0.9995114472647266,0.9996086016301301,0.9997039209190666,0.9997423307872281,0.9992773634329959,0.9995434603134606,0.9983113045637628,0.9988958276084662,0.9995833739150756,0.9994508895349596,0.9818935502370727,0.9317707944439867,0.9494080052704748,0.953968710131172,0.9393192699299545,0.8894523929517468,0.9559252572103946,0.941785683010477,0.9579136863065774,0.9566895229572223,0.9468277378430217,0.9798083992025199,0.9783272264367658,0.9908638915557266,0.9969325268267889,0.9461539511826833,0.9608709339068086,0.9684243735757168,0.9720302559620231,0.97030920771131,0.949222702365512,0.8994396445092623,0.9539673483655634,0.956938606577221,0.9372170756682804,0.8873611514030876,0.9663637447883516,0.9373861070314531,0.9643336327520916,0.9468323706650584,0.7789671422175802,0.8590668820767541,0.7852505661719766,0.8735723051525394,0.8906391880442605,0.8976562495921181,0.8768881648905587,0.8864171279321181,0.34706007604514133,-0.5901374718530044,0.9621345282393049,0.9467359215502812,0.9459875751698283,0.950431004668876,0.9575577387303886,0.9683489733348067,0.9684371236345607,0.9250284062825804,0.9629724777662225,0.8458635161190939,0.7686763032729794,0.9446890599766727,0.9442740461280802,0.7955632871453537,0.9518388369049626,0.9529193263509868,0.896137003805945,0.9756492429432408,0.8354469610463371,0.5700974375586493,0.7070174878556266,0.8571662057404619,0.8459206204365757,0.8398516443375553,0.9818221434578785,0.9820124741730603,0.766167081348557,0.7178073980680795,0.7838784868830108,0.39709110640305456,0.7730282487604321,0.790522684499078,0.7891080504142894,0.787748648231451,0.7658958522078949,0.7389751852497795,0.7201579083492766,-0.3036531337666397,-0.4538563308176751,0.6657057666011221,0.8808325169583167,0.9205552347576591,0.9328834255842168,0.903407355469066,0.8137664937477268,0.9027818583147207,0.9218506128676466,0.9208893647080345,0.7575032162167262,-0.10328551818802066],[0.9963548852996287,0.9919201482566912,0.9925037093397173,0.9968374488353179,0.9985926978880204,0.9845446472693054,0.9994787255555073,0.9999926514570481,0.9798473037602707,0.9999914779726854,0.9999947468657814,0.9997590152408679,0.999991106130267,1.0,0.999995002494452,0.9995617780822513,0.9977894909263559,0.9994513537343084,0.9999032383752567,0.9999022294518677,0.9999534312183556,0.9999913331286172,0.9929935467421422,0.9764645640142323,0.9958564507819591,0.967715001283634,0.9956327970953587,0.9905690906048679,0.9766093680503602,0.9517940125955041,0.9891302260441446,0.9939413809229232,0.9915470536136548,0.9718276701656939,0.9994875480765185,0.999561364530058,0.9996223403047713,0.9998869992837224,0.9992399229055037,0.9994919915446665,0.9981669553309068,0.9988169166368814,0.9995063001029367,0.9994992922016649,0.9844077689565243,0.9315204421999438,0.9491576721368329,0.9537908310056864,0.9389669299678075,0.8888759384844668,0.9503077916414409,0.934308180101256,0.9525841255367565,0.9560325406684068,0.946074046393293,0.9781800144293051,0.9779928226743763,0.9901223192432266,0.9969239782252837,0.9733887678357098,0.9605483746250858,0.9736854112781423,0.9719449606964339,0.9746355681955524,0.9743773296656645,0.9495846460814044,0.9534449775597383,0.956075772382382,0.9557247340970274,0.9271421793891198,0.9663298827418045,0.9680528434582983,0.9726485307250577,0.9715734644843737,0.9357227630451919,0.8584915309609749,0.8228499847445636,0.8728442089857569,0.9015507355744814,0.8972937885607861,0.8979674863053939,0.8968061730912229,0.6934257157402386,-0.590624827196682,0.9620207601495925,0.9464264488796182,0.9455720361789418,0.9744951199851084,0.9575302132263592,0.968219976176182,0.9683157702040045,0.9251700290110364,0.9689796752703246,0.9365937262374967,0.7684807518416296,0.9447486023262108,0.9497204851498436,0.7946757128273452,0.951683070193739,0.9527029588596303,0.8957360553941215,0.9759952799305165,0.8843669742956579,0.5693579645475001,0.7058928147943339,0.8921266638495517,0.858725595234103,0.8829423436288335,0.9820944005534639,0.9823110701420507,0.7647226074744304,0.7165222271908503,0.8015032135572147,0.3965303956438654,0.7782781003689307,0.806007566164276,0.8004981201156571,0.7870018967105752,0.7653909673443628,0.7371922056162062,0.7183746991535594,-0.39484362176089344,-0.5161840033263042,0.664435484230965,0.8804336488388187,0.9167867615288521,0.9282306656344922,0.9034289729954698,0.8123314637895703,0.8897733988842109,0.9097668280998499,0.9093543140736517,0.8397203310333311,-0.07008550212060725],[0.9962538461159601,0.9919793852778249,0.9905189574225028,0.9966666276174132,0.998592337229611,0.9842511537971874,0.9991909586156857,0.9999982323695268,0.9764215450915789,0.9999977431313991,0.999998311860374,0.9997655849427989,0.9999976814627538,0.999995002494452,1.0,0.9994598811979022,0.9970587766347109,0.999469564570408,0.9999117978789704,0.9999111471919307,0.9999657468378117,0.9999976063004488,0.9912017742478245,0.9762846277553311,0.9952099798465349,0.9592621727107196,0.995010402847865,0.9906835665412747,0.9764572680708831,0.9518464021714766,0.9913294233957199,0.9941903740008439,0.9921367660085001,0.9720917228769227,0.9994802671161405,0.999570099259944,0.9996804711247271,0.9997579351698774,0.9992440532106266,0.9994996645129173,0.998249474049412,0.9988441373201778,0.9995503449314018,0.9994199565884279,0.9821293480061897,0.9315605216232739,0.9492427432882278,0.9540075610825113,0.9392693368055459,0.8890672730239847,0.9556445089428203,0.9415174312257252,0.9576604412440162,0.9562873640084657,0.9463385317751885,0.9795748271900393,0.9780757028799313,0.9906901514944635,0.9968158187463441,0.9461711384536969,0.96087849847784,0.9683675860962293,0.9720313501612162,0.9702406270590126,0.9488153581883971,0.8996301073695407,0.9536914186422604,0.956651774385442,0.9370359964615707,0.8872324115128488,0.9664767120823757,0.9375638012080096,0.964361394279816,0.9468839945202583,0.7793448463275636,0.8587349771171716,0.7850299388412857,0.8733008672855119,0.8905606900211579,0.897502543957802,0.8766968525711376,0.8862428458119789,0.3472475302809467,-0.5897999044535261,0.9620947051112554,0.9466719638795039,0.9459314424154985,0.9489901075046057,0.957596613853256,0.9682875165415403,0.9683697753985152,0.9251784334370534,0.962897661795955,0.8460626660168765,0.7686132287371903,0.9449979988509937,0.9446789548264782,0.7954884995427466,0.9517495874398584,0.9528423540267915,0.8956107624459234,0.9758078523918107,0.8349881460913529,0.5688341744383911,0.7062432630836454,0.8566977746127443,0.8455069510301814,0.8393956791331851,0.9819217599200344,0.9821092296427743,0.7651565027062096,0.7169419702677798,0.7832469633366829,0.396674857671225,0.7723301659452204,0.7897481012089478,0.7886385697317071,0.7869359071777561,0.7654624771854429,0.737784720987833,0.7189837439956215,-0.3044036313520272,-0.45449717936804124,0.6654767945151107,0.880209121439067,0.9202035981062069,0.9323797987930212,0.9029607270079879,0.812984311863693,0.9023934650391285,0.9212998091818169,0.9204661999171145,0.7569068203460537,-0.10251834111893736],[0.9977181107341146,0.9941313673118027,0.9899609107509952,0.9979819314252995,0.999084577381835,0.9839102315707311,0.9998917765851929,0.9993211102827809,0.9743617173765831,0.9996781233191582,0.9996604670623892,0.9996638607597927,0.9993693795571741,0.9995617780822513,0.9994598811979022,1.0,0.9983996935200949,0.9998503771054582,0.9995491581040349,0.999553938413373,0.9997679555931912,0.9995345589933898,0.9908390408634313,0.9752378854467435,0.9938472271554712,0.9516703081583758,0.9934940930891683,0.9922535019230697,0.9745955911344683,0.952384959244222,0.9917652812405379,0.992610376308108,0.9930188869900245,0.974210785918316,0.9992732623346471,0.999733886241865,0.9997169539846185,0.9995700454088456,0.9995976336242332,0.9996890989716825,0.9988446404457949,0.9995822457366207,0.9995092087778167,0.9992691552418269,0.9807178344368792,0.9300288329065771,0.9513797516616115,0.9504300329526087,0.9397302275030246,0.8959396722654489,0.9577220772858174,0.9460897825847523,0.9600269486651271,0.9604650567281695,0.9506008780654768,0.981585449842395,0.9801580768227128,0.9916596441716637,0.9963302865191553,0.9508344192760657,0.9645445874123688,0.9734981447956029,0.9746147885341859,0.9751022009008217,0.9517272458384971,0.9055976040506047,0.9570719850727649,0.9620890966676715,0.9421293869837988,0.896110577099815,0.9689851573772694,0.9426809552268869,0.9688728327105641,0.9513830553607372,0.7882055560103447,0.8644350465251396,0.7895430944661402,0.878809448424593,0.8957723964639545,0.9003712365847614,0.8805478277958023,0.8916850350853663,0.35888646617376774,-0.5867543838748572,0.9654403664152053,0.951686734012818,0.9506959568531955,0.9532133884662711,0.961619359294456,0.9715640338689071,0.9716459074886632,0.9295821598389362,0.9682965535825234,0.854154967131596,0.7703379375965245,0.9353339296689376,0.9365734260473221,0.797971724244703,0.9518166341476417,0.9527118318357298,0.8958341593089776,0.9722798921978393,0.8342772198238615,0.5789195777579393,0.711501928