var element=document.getElementById("correlationClose");if(element.style.display!='none'){var correlationClose={"data":[{"type":"heatmap","z":[[1.0,0.9999909639179441,0.7171673569147122,0.9997618252986424,0.9982733351011448,1.0,0.99324200864829,0.9902830096113058,0.9902830096113058,0.9937148417287363,0.9793469559830643,0.9883375370475258,0.9932760529609411,0.9936040841591911,0.9933165344685254,0.6823959316827934,0.5825012136242431,0.214644294125551,0.9939829745255776,0.9939767533838463,0.9860833598652899,0.9932634643104431,0.3550639010812784,0.7796279982129234,0.98430096705269,0.98430096705269,0.984282647543336,0.9805891946328298,0.29539823167697615,-0.1474366461206926,0.988851069922682,0.9888223046492604,0.2317476985904245,-0.23842905230697764,0.9950778528876021,0.9953614915262541,0.868844029326383,-0.33662467137008345,0.9914300590135132,0.9954577482811158,0.6581661305175216,0.1949425536866031,0.9951921978517719,0.9951888566610613,0.9951921978517719,0.9135742510594991,0.662420289542064,0.9372407818679502,0.9401929096498738,0.8666932305967265,0.38592485428821927,-0.19162362909837888,0.23650026913370703,0.9544044352488799,0.3583708926653435,0.9754175549904606,0.9726458946862238,0.9819142268066547,0.9890849880514772,0.9404911196452498,0.9510634629479237,0.9515494548522981,0.9419440572276718,0.9489325909480216,0.9494928390422835,0.9489325909480216,0.9057643763265573,0.9299937716262354,0.9307680889626188,0.9299937716262354,0.9370523067366764,0.8202322543792456,0.9106210159853315,0.9116782230602469,0.9106210159853315,0.7534044779197184,0.4514733018668259,0.7449117371725376,-0.513034208754814,0.6511351097692862,0.6596789406314463,0.6598316893174732,0.6596789406314463,-0.0635716590798973,0.9249377738238262,0.9538072075452381,0.9405560573970003,0.9417321593423125,0.2222118404603855,0.9194559393129832,0.9198917605015843,0.9194559393129832,0.9227186700267181,0.9227186700267181,-0.09712162172235499,0.6057825909825136,0.1275060187148307,-0.725205718395196,-0.608853178605606,-0.6129234104045204,-0.17250701052726336,0.1637073834811154,0.18181129288945624,-0.05037299634518035,-0.6088936239779736,-0.05211669207201019,-0.7971028037925935,-0.32121048666062946,0.18705002420276115,0.1891265461967999,-0.5880484816368339,-0.5659110017419742,-0.3096807784053543,-0.531166216178116,-0.8084439878614289,-0.43386328744961844,-0.42666027478958163,-0.43386328744961844,-0.26134237570990515,-0.38533843606151613,-0.38533843606151613,-0.7967493475776856,-0.7967493475776856,0.4980250303399017,0.6355122503300504,0.8480921582029906,0.8431491155376912,0.7569946263515851,-0.3565963557006053,0.7477002340099669,0.7701822178627558,0.770356791286039,0.7701822178627558,-0.1500461620085074],[0.9999909639179441,1.0,0.9846438434884887,0.9995864808258548,0.9964102362427478,0.9999909639179441,0.9867320104606883,0.9823469744912772,0.9823469744912772,0.9866324019283168,0.9770957699834057,0.9873888274931271,0.98677675171607,0.9867150268329024,0.9866456306956308,-0.036665632541163215,-0.13018463287523957,-0.4837156791856007,0.9894661514466822,0.9894457088979631,0.9868072588916572,0.9867816655250808,-0.21202912711037816,0.9825382253313286,0.9833009127001273,0.9833009127001273,0.9833225301000567,0.9807622156674524,0.06713184388535319,0.08836072263846906,0.9834258599152065,0.9834834298742332,0.6711522150562523,0.009453926252724959,0.9915383140500896,0.9915398856164327,0.9920774434070619,0.987596218452693,0.990728063196922,0.9916074961030215,-0.0860845888888574,-0.487748790922719,0.9920968321837539,0.9920827227564476,0.9920968321837539,0.9135627124818927,0.5169089282435377,0.9375060688912848,0.9403063106221982,0.8662868791629497,-0.18596751686227625,-0.4547353466299791,0.8649110864983892,0.9065924668427565,-0.2575518069454482,0.9464144929747982,0.9465393140429291,0.9672648076147184,0.9788644073180818,0.9615570908312757,0.9661705840422272,0.9534613338424095,0.9554364235740254,0.9560205987560381,0.9561673908978405,0.9560205987560381,0.890136229441741,0.8657507222808752,0.8663366971440292,0.8657507222808752,0.9628775320634285,0.9651736624612042,0.9628217574058854,0.9633380079837744,0.9628217574058854,0.7187249407632794,0.6802274214322078,0.7475184094770189,0.7976379880438048,0.7219636775567169,0.7415229582214673,0.7416796218362558,0.7415229582214673,-0.04752367603107125,0.9347362706406515,0.9510283211702136,0.9457686522525935,0.9653077571892359,-0.3353754033936627,0.9319974554408049,0.9318486508261091,0.9319974554408049,0.9369456086225165,0.9369456086225165,-0.17867851371703983,0.6063645860236142,-0.37807734886044747,-0.8091757496515462,-0.4726154462555597,-0.4770548803383498,-0.4065095682585617,0.29699378294406104,-0.27664267546679305,-0.5276392042377337,-0.7654481016764784,-0.3771386723927415,-0.46744850348568456,-0.44335108695421277,0.15687570068139228,0.15486063832389407,-0.49321497202411246,-0.4641367478760141,-0.4922639603450213,-0.5240228747466749,-0.5156267215711805,-0.49449131441830235,-0.4978072600140782,-0.49449131441830235,-0.3914414189844545,-0.5592287492468275,-0.5592287492468275,-0.5229877542659445,-0.5229877542659445,0.4979565152391683,0.3812247148286773,0.5181112468719017,0.6457845122933021,0.5380685427339087,-0.44390276787819,0.41857897146024464,0.3244185153305052,0.32404488120557806,0.3244185153305052,0.21862832245462857],[0.7171673569147122,0.9846438434884887,1.0,0.7150374081423128,0.6638452496133991,0.7171673569147122,0.6946662209183314,0.688490229063109,0.688490229063109,0.6544219000816823,0.6297605925651301,0.9945317051730977,0.6947069889528121,0.6928579386376574,0.6948044851247563,0.3543621718830461,0.2999826058915662,-0.2442617415442413,0.6631750393427526,0.662483955819558,0.634837180613682,0.6938014911975842,0.14128232267962307,0.8285218102891774,0.6807199375050507,0.6807199375050507,0.6805199668789204,0.9903440676566313,0.2685932447350986,0.0760439928969803,0.6495327776856833,0.6492251707134965,0.5810474570235273,-0.08156227566714447,0.6898306533681163,0.6471020437675967,0.6521031788697819,0.27558236183235507,0.993299401651223,0.6460521850430392,0.3360452286929907,-0.2541974107797175,0.7070032901887436,0.6878800964264047,0.7070032901887436,0.9107530683164762,0.43604023078039544,0.9486848660231301,0.9325245961247942,0.787589219846756,0.24371334238452483,-0.08529636074481321,0.0590509461989275,0.5991156733604667,-0.0751323368042846,0.6340064688233377,0.6177180042935934,0.6324359099895073,0.5966740950740353,0.04857445658388963,0.8378762921818115,0.7754580181313332,0.7106690203422779,0.7807552297294663,0.7920735099627871,0.7807552297294663,0.6230446348270514,0.7079787925786287,0.7417973430340379,0.7079787925786287,0.755780790067102,0.7084224600938858,0.7611950424442094,0.7939138999638081,0.7611950424442094,0.5360490165853284,-0.07861320461639515,0.5487684927974203,0.08475893456773259,0.5060267285811998,0.27292717920630705,0.5499941073372555,0.27292717920630705,-0.10626639454842761,0.6942935100469813,0.908562860842634,0.7526499495796225,0.7965654711278625,-0.09848435091248327,0.7231018594934722,0.7226280672025422,0.7231018594934722,0.7661324779942834,0.7661324779942834,-0.19048758276080402,0.7006140025068902,-0.17388538350973384,-0.7447112762976691,-0.47226232885153807,-0.47650966604272804,-0.44118624929589856,0.14349412766879366,0.017614907665667163,-0.3721436563500814,-0.7244414942625164,-0.18907659449789063,-0.3588234905348004,-0.3029544905155279,0.08082767338797985,0.08030998066854939,-0.5114646545097838,-0.0982425582062475,-0.2854123707604045,-0.5294830668487162,-0.24519523742567512,-0.43273744828308236,-0.31824579011852183,-0.43273744828308236,-0.43981505126741616,-0.5671216062094238,-0.5671216062094238,-0.33568802334419306,-0.33568802334419306,0.4537683655466688,0.24504431879824054,0.3122448444736511,0.5504455034710591,0.3363317176319055,-0.40506914676588174,0.008863373177356765,0.469199477980519,0.5617170427788157,0.469199477980519,0.021227300420913572],[0.9997618252986424,0.9995864808258548,0.7150374081423128,1.0,0.9990138254861846,0.9997618252986423,0.9942603667097526,0.9917108752496607,0.9917108752496607,0.9949236752708286,0.9778087233564696,0.9909446355575198,0.9942859240539201,0.9948680918721016,0.9943055050874674,0.6813432401370892,0.5809474787677981,0.2006145726448946,0.9948345504915507,0.9948300675835099,0.9860772483617013,0.994266069376526,0.34659998027103395,0.7837726393708092,0.9865124556338315,0.9865124556338315,0.9864934263598922,0.985166842360766,0.2911315357852074,-0.15309954990212743,0.9880336122483987,0.9880124127935652,0.22387536370087735,-0.23879976855895113,0.995443255376574,0.9959208304480412,0.8397413781532093,-0.34048053711136533,0.993306446518184,0.9962130432407683,0.6565575254736721,0.18066565255261444,0.9937244330635474,0.9954752125785314,0.9937244330635474,0.9117604573918247,0.6513105031567056,0.9395486036563138,0.9375926637913681,0.8536276938804722,0.38165286289176054,-0.19572680082191626,0.2320207370424808,0.9497558696121803,0.3436202205647756,0.9712373372840197,0.970061283648946,0.9798947935198901,0.9887721343458076,0.9245269235172243,0.9467009810981393,0.9421941958261895,0.9392786473433681,0.936683177484458,0.9374151768235941,0.936683177484458,0.9001809554131088,0.921447967104106,0.9222885819192567,0.921447967104106,0.9347382826014136,0.7739561605759488,0.8808506645935975,0.8819350747663308,0.8808506645935975,0.7480988945607886,0.19963889026071424,0.7382668956562582,-0.5177199757843467,0.6478716854153741,0.3981791411505438,0.6341476112909445,0.3981791411505438,-0.06885111576262885,0.9215227158775132,0.9492230305458449,0.935468990993911,0.9240189960292622,0.20883417615955577,0.9166333208062606,0.9171840320843844,0.9166333208062606,0.9086628494977711,0.9086628494977711,-0.10113727811542944,0.6220334113096812,0.13256067596308588,-0.7333966731554757,-0.6146770716091856,-0.6186712572112919,-0.1831190660513499,0.15993787087432113,0.17593238565239658,-0.0623836530661364,-0.6189295162906034,-0.05733351692508302,-0.8016994937198683,-0.3279197002297855,0.17847383127158914,0.18061321090585533,-0.5936308051155249,-0.5626689186015802,-0.30981094899682704,-0.5397780018381527,-0.8092496473389471,-0.43434733523017505,-0.4276863186774783,-0.43434733523017505,-0.2684619647611478,-0.39339330819898194,-0.39339330819898194,-0.7958338534092675,-0.7958338534092675,0.490123849310281,0.6255215408656104,0.8405282493551974,0.8359875430916898,0.7506046229139144,-0.36782829303969117,0.7392580659936232,0.7617169298662573,0.761881556101222,0.7617169298662573,-0.1357434121269713],[0.9982733351011448,0.9964102362427478,0.6638452496133991,0.9990138254861846,1.0,0.9982733351011448,0.9974157841936443,0.9962457517988668,0.9962457517988668,0.9976278895540633,0.9723594710953626,0.9967349649417206,0.9974344032059558,0.9974989485619671,0.9974554773089863,0.560106187826857,0.43338721034111066,-0.005140221180672766,0.99776840614674,0.9977665424592291,0.988586460178833,0.9974174694992245,-0.011575269586757886,0.7723786241903837,0.9933824472594882,0.9933824472594882,0.9933463176139826,0.9917316338113215,0.06973276364428142,-0.13667095604014348,0.9871179457377708,0.9870567730443625,-0.06726861297086893,-0.148093681513725,0.9978064375764091,0.997725269773549,0.8367532210034572,-0.4498571717733219,0.9978005203561112,0.9980759396073869,0.5214780596996204,-0.0290651852038674,0.9977566842352912,0.9977591990261097,0.9977566842352912,0.9231093922511777,0.6204674287674794,0.9463673230671449,0.9354977813276514,0.8336538625388127,-0.04606444112790192,-0.5829873762295474,-0.12930967419245656,0.9418059713581763,0.20086246238139124,0.9697691789971793,0.9698379591731602,0.983458364725241,0.9894961148331692,0.9243874773109957,0.9313810075781325,0.9329557005525829,0.9284682345786909,0.9314531353148326,0.9317749302069717,0.9314531353148326,0.8799825719532846,0.8862497447494336,0.8871762672726203,0.8862497447494336,0.9251364697814729,0.85439642955243,0.9080988665432367,0.9086931554019156,0.9080988665432367,0.7158105423197617,0.6248630937450836,0.7090695008986808,-0.5157559464872571,0.6932688311343381,0.6773131814529655,0.6766695350662972,0.6773131814529655,-0.07300061272942715,0.9065867647223521,0.929766401208984,0.9170063164537495,0.9311580791374618,0.055330175429929705,0.9052276792852759,0.9060080215926625,0.9052276792852759,0.9096442550486813,0.9096442550486813,-0.13595892471914103,0.6645259753593419,-0.012485785983058077,-0.7574780102791129,-0.6555032416105785,-0.6568929898234384,-0.20992409022559808,0.18312331583418334,-0.20464552266851507,-0.2997278783743503,-0.6774948512122997,-0.4027433912989767,-0.8373634096936569,-0.5856272711150299,0.1508503725905409,0.1528750428198658,-0.6161300735147446,-0.5595543553459249,-0.5662960469927891,-0.5741019426803606,-0.762741815912772,-0.6138083932837769,-0.6168283032116157,-0.6138083932837769,-0.3012868996895598,-0.42161465231511636,-0.42161465231511636,-0.7338769419703021,-0.7338769419703021,0.4773479296426125,0.611701826103037,0.8044351386170083,0.8086774511934677,0.7445485341143462,-0.48519671766711964,0.6258033056967527,0.6654922226055243,0.665545128694142,0.6654922226055243,0.09034597418431208],[1.0,0.9999909639179441,0.7171673569147122,0.9997618252986423,0.9982733351011448,1.0,0.99324200864829,0.9902830096113058,0.9902830096113058,0.9937148417287363,0.9793469559830643,0.9883375370475258,0.9932760529609411,0.9936040841591911,0.9933165344685254,0.6823959316827934,0.5825012136242431,0.214644294125551,0.9939829745255776,0.9939767533838463,0.9860833598652899,0.9932634643104431,0.3550639010812784,0.7796279982129234,0.98430096705269,0.98430096705269,0.984282647543336,0.9805891946328298,0.29539823167697615,-0.1474366461206926,0.988851069922682,0.9888223046492604,0.2317476985904245,-0.23842905230697764,0.9950778528876021,0.9953614915262541,0.868844029326383,-0.33662467137008345,0.9914300590135132,0.9954577482811158,0.6581661305175216,0.1949425536866031,0.9951921978517719,0.9951888566610613,0.9951921978517719,0.9135742510594991,0.662420289542064,0.9372407818679502,0.9401929096498738,0.8666932305967265,0.38592485428821927,-0.19162362909837888,0.23650026913370703,0.9544044352488799,0.3583708926653435,0.9754175549904606,0.9726458946862238,0.9819142268066547,0.9890849880514772,0.9404911196452498,0.9510634629479237,0.9515494548522981,0.9419440572276718,0.9489325909480216,0.9494928390422835,0.9489325909480216,0.9057643763265573,0.9299937716262354,0.9307680889626188,0.9299937716262354,0.9370523067366764,0.8202322543792456,0.9106210159853315,0.9116782230602469,0.9106210159853315,0.7534044779197184,0.4514733018668259,0.7449117371725376,-0.513034208754814,0.6511351097692862,0.6596789406314463,0.6598316893174732,0.6596789406314463,-0.0635716590798973,0.9249377738238262,0.9538072075452381,0.9405560573970003,0.9417321593423125,0.2222118404603855,0.9194559393129832,0.9198917605015843,0.9194559393129832,0.9227186700267181,0.9227186700267181,-0.09712162172235499,0.6057825909825136,0.1275060187148307,-0.725205718395196,-0.608853178605606,-0.6129234104045204,-0.17250701052726336,0.1637073834811154,0.18181129288945624,-0.05037299634518035,-0.6088936239779736,-0.05211669207201019,-0.7971028037925935,-0.32121048666062946,0.18705002420276115,0.1891265461967999,-0.5880484816368339,-0.5659110017419742,-0.3096807784053543,-0.531166216178116,-0.8084439878614289,-0.43386328744961844,-0.42666027478958163,-0.43386328744961844,-0.26134237570990515,-0.38533843606151613,-0.38533843606151613,-0.7967493475776856,-0.7967493475776856,0.4980250303399017,0.6355122503300504,0.8480921582029906,0.8431491155376912,0.7569946263515851,-0.3565963557006053,0.7477002340099669,0.7701822178627558,0.770356791286039,0.7701822178627558,-0.1500461620085074],[0.99324200864829,0.9867320104606883,0.6946662209183314,0.9942603667097526,0.9974157841936443,0.99324200864829,1.0,0.9977736929285164,0.9977736929285164,0.99997335198825,0.9677661532071068,0.9997317736864729,0.9999969552956028,0.9999886295968482,0.9999941695622762,0.7865834551130229,0.7688805585694265,0.17544617130276247,0.9998773228913397,0.9998776290429293,0.9910232498861852,0.9999971164237467,0.2747148768591876,0.776643350475593,0.9868786010371289,0.9868786010371289,0.9883709611454365,0.992570672598461,0.22896900815387927,-0.20081599751651738,0.9914003678327943,0.9915048900720198,0.14073073784388854,-0.2784309794475238,0.9994031764228367,0.9995252947652226,0.4962658310998083,-0.28942498371319253,0.999244303296923,0.9995093273986667,0.7604216727764853,0.15423448228662517,0.9503692712578384,0.999179517625271,0.9503692712578384,0.9303446167301902,0.6283407384242407,0.9527784149204991,0.9344964608177493,0.8048393156284027,0.4235470577618404,-0.13258954279413226,-0.17003988686001148,0.9395432065558935,0.31851550641295723,0.9701228856226256,0.9677775417607758,0.981378950270876,0.99523780929435,0.019036003150431823,0.8983124366836586,0.8600720002542906,0.8995193944098103,0.8555352814892722,0.8222565901729016,0.8555352814892722,0.8478581897086247,0.8280691802294995,0.8180969403459025,0.8280691802294995,0.8956193351487585,0.46347780346147105,0.6509314490166569,0.697898885051807,0.6509314490166569,0.685208183298546,-0.3196784109071903,0.6658325296727521,-0.5861219274469879,0.5845566112299702,-0.05030763406192628,0.5107217415566658,-0.05030763406192628,-0.10959998285132866,0.8745520678498956,0.898294870897079,0.8847031762200676,0.797474473035079,0.18137062933310907,0.8724361456767299,0.8732755041643891,0.8724361456767299,0.8056352209726974,0.8056352209726974,-0.16940889106232407,0.7025608194718037,0.21549108852573265,-0.7338795490232447,-0.6513561633769698,-0.6549011640840753,-0.21816014293523883,0.11233253449057486,0.30246633790275657,-0.08400800259589164,-0.6241659707342553,0.012960403415289472,-0.8288089191359699,-0.22239559811771595,0.11837719170563456,0.12055883708931034,-0.6327457872429813,-0.578080106308088,-0.1431158836722772,-0.6062060236514706,-0.8267162611228461,-0.4233333135860164,-0.2625229554238038,-0.4233333135860164,-0.32837316439373176,-0.4274048919690349,-0.4274048919690349,-0.8185912554357466,-0.8185912554357466,0.47529867866755554,0.5994295660153914,0.5212045885474604,0.8107108721617695,0.7432125626357298,-0.41171236652499776,0.08287618176204305,0.7437993515425304,0.7618702572202654,0.7437993515425304,-0.07868828227868142],[0.9902830096113058,0.9823469744912772,0.688490229063109,0.9917108752496607,0.9962457517988668,0.9902830096113058,0.9977736929285164,1.0,1.0,0.9996290625443867,0.9623059538614795,0.9989691083274315,0.9984662434389392,0.9994754584243155,0.9992606090592134,0.7829905975904653,0.7556041678543969,0.15435430218336835,0.9992817455577794,0.9992834578911536,0.9886878322409908,0.9993771725171415,0.25037696097177065,0.7789739102954265,0.9933624699472546,0.9933624699472546,0.9868431796497933,0.9905514638821317,0.21220957062668813,-0.21311596096577418,0.9877927871648887,0.9912195046680631,0.12290939021926266,-0.2841155258521443,0.9984773058029147,0.9985041573688052,0.48147657283444606,-0.2949739533484276,0.9977667523719043,0.9984979596489677,0.756889226322056,0.13281915969357336,0.9441818454382641,0.9983129319090474,0.9441818454382641,0.9285794826234101,0.6146374556610406,0.9534151359339896,0.9335664295743845,0.789144685627399,0.4116053489801714,-0.14633730109138396,-0.18106188430388798,0.9324848725378793,0.2992242979811855,0.9658890229881348,0.9633493715443299,0.9769793508487143,0.9941600633378087,0.010980466975531879,0.8910960122959144,0.8486173464806909,0.8939378061807851,0.8450745768581172,0.8125104965099504,0.8450745768581172,0.8393704572525771,0.8145669257646934,0.8075533246763195,0.8145669257646934,0.8901424700981039,0.4481282305759204,0.6351732688221651,0.684645913568913,0.6351732688221651,0.6771049609953255,-0.33224542415890185,0.6561706985810496,-0.5914779394814801,0.5797119892282752,-0.06940567094501487,0.49801141501629287,-0.06940567094501487,-0.11478994858954422,0.8682544392920476,0.8898101756526311,0.8768096018248072,0.7853824756060354,0.16412170795940453,0.8667285623385883,0.8677172549755119,0.8667285623385883,0.793143744620577,0.793143744620577,-0.18209394819294508,0.7213536451731627,0.22127006799888937,-0.7423452149875918,-0.66218780059714,-0.6655708429994128,-0.2314888434133482,0.1062187964068455,0.29541526919936123,-0.10215504974724025,-0.635433708283919,0.003858315569831326,-0.8332407880333148,-0.22876319536676298,0.10509695159050979,0.10732049625069988,-0.6425784453067476,-0.5785715201968421,-0.14977952809150943,-0.6200511534531431,-0.8253475625437416,-0.43371449891643665,-0.26851224575850047,-0.43371449891643665,-0.3434346630074815,-0.4392903459231576,-0.4392903459231576,-0.8157686278497097,-0.8157686278497097,0.46094658127462496,0.584564634459268,0.5042124686939253,0.7945190963919087,0.7319983334301988,-0.4307839493696465,0.07029200631698282,0.7259451202061689,0.7469580930796488,0.7259451202061689,-0.06225916458984626],[0.9902830096113058,0.9823469744912772,0.688490229063109,0.9917108752496607,0.9962457517988668,0.9902830096113058,0.9977736929285164,1.0,1.0,0.9996290625443867,0.9623059538614795,0.9989691083274315,0.9984662434389392,0.9994754584243155,0.9992606090592134,0.7829905975904653,0.7556041678543969,0.15435430218336835,0.9992817455577794,0.9992834578911536,0.9886878322409908,0.9993771725171415,0.25037696097177065,0.7789739102954265,0.9933624699472546,0.9933624699472546,0.9868431796497933,0.9905514638821317,0.21220957062668813,-0.21311596096577418,0.9877927871648887,0.9912195046680631,0.12290939021926266,-0.2841155258521443,0.9984773058029147,0.9985041573688052,0.48147657283444606,-0.2949739533484276,0.9977667523719043,0.9984979596489677,0.756889226322056,0.13281915969357336,0.9441818454382641,0.9983129319090474,0.9441818454382641,0.9285794826234101,0.6146374556610406,0.9534151359339896,0.9335664295743845,0.789144685627399,0.4116053489801714,-0.14633730109138396,-0.18106188430388798,0.9324848725378793,0.2992242979811855,0.9658890229881348,0.9633493715443299,0.9769793508487143,0.9941600633378087,0.010980466975531879,0.8910960122959144,0.8486173464806909,0.8939378061807851,0.8450745768581172,0.8125104965099504,0.8450745768581172,0.8393704572525771,0.8145669257646934,0.8075533246763195,0.8145669257646934,0.8901424700981039,0.4481282305759204,0.6351732688221651,0.684645913568913,0.6351732688221651,0.6771049609953255,-0.33224542415890185,0.6561706985810496,-0.5914779394814801,0.5797119892282752,-0.06940567094501487,0.49801141501629287,-0.06940567094501487,-0.11478994858954422,0.8682544392920476,0.8898101756526311,0.8768096018248072,0.7853824756060354,0.16412170795940453,0.8667285623385883,0.8677172549755119,0.8667285623385883,0.793143744620577,0.793143744620577,-0.18209394819294508,0.7213536451731627,0.22127006799888937,-0.7423452149875918,-0.66218780059714,-0.6655708429994128,-0.2314888434133482,0.1062187964068455,0.29541526919936123,-0.10215504974724025,-0.635433708283919,0.003858315569831326,-0.8332407880333148,-0.22876319536676298,0.10509695159050979,0.10732049625069988,-0.6425784453067476,-0.5785715201968421,-0.14977952809150943,-0.6200511534531431,-0.8253475625437416,-0.43371449891643665,-0.26851224575850047,-0.43371449891643665,-0.3434346630074815,-0.4392903459231576,-0.4392903459231576,-0.8157686278497097,-0.8157686278497097,0.46094658127462496,0.584564634459268,0.5042124686939253,0.7945190963919087,0.7319983334301988,-0.4307839493696465,0.07029200631698282,0.7259451202061689,0.7469580930796488,0.7259451202061689,-0.06225916458984626],[0.9937148417287363,0.9866324019283168,0.6544219000816823,0.9949236752708286,0.9976278895540633,0.9937148417287363,0.99997335198825,0.9996290625443867,0.9996290625443867,1.0,0.9668313910594997,0.9996991753589514,0.999974578359347,0.9999739335078379,0.9999774274788215,0.6131793118939036,0.4902852335957347,0.05421336763989237,0.9998376523890745,0.9998385328834161,0.9909594681053362,0.9999719145752939,0.045916958775226724,0.7604516273996482,0.9957178393920417,0.9957178393920417,0.9956808840712543,0.9925245720051972,0.05802753621122517,-0.14523488487660638,0.9909055866815256,0.9908687963861663,-0.04491382727546975,-0.2417297085130366,0.9994647204818458,0.999423486602426,0.8387361404800392,-0.45206813811203994,0.9991897508455981,0.9994809964971263,0.5765913084182214,0.030384636890808468,0.99934785832437,0.9993529055954786,0.99934785832437,0.9300369707421016,0.6286964333829789,0.9525326394572923,0.9340934935261819,0.8037688969858713,0.04655234692292763,-0.5405591035964298,-0.09143430056578651,0.9364418261011088,0.2637273154629711,0.9679814625691247,0.9676964092007319,0.9837164870645103,0.9945254510225519,0.9014191891023985,0.8990664528024803,0.9110945253885029,0.9005646262821786,0.9095152725508009,0.910018323840057,0.9095152725508009,0.847782450254401,0.8685755059785716,0.8696601172478925,0.8685755059785716,0.8969449396517232,0.8215084979108428,0.882709247009794,0.8836469896166231,0.882709247009794,0.6847587180723099,0.561298713712279,0.6656614736320663,-0.5769073466679989,0.6332049330084001,0.6066224358158055,0.6066288169143257,0.6066224358158055,-0.059896778713806116,0.8754961722244335,0.8981543515738494,0.885062013131274,0.9088917394063635,0.0949261213126767,0.8773564710388186,0.8788370209837721,0.8773564710388186,0.8819361621281976,0.8819361621281976,-0.17079954159156768,0.7032455474815584,0.015869979802987988,-0.7448935238800473,-0.6821345789825036,-0.6836879393859141,-0.22104623503284013,0.11626316763625787,-0.2084093313166805,-0.26486227156728215,-0.6594415808219718,-0.42809753310917664,-0.8587316808426219,-0.6178414115047913,0.11749974916176707,0.11966659474998854,-0.6340611323882566,-0.5742813589042576,-0.57641773160761,-0.6074011279205067,-0.7903865553778759,-0.6364800701437227,-0.6389555072019604,-0.6364800701437227,-0.33013698108515943,-0.4303943760798256,-0.4303943760798256,-0.7715676430219848,-0.7715676430219848,0.4737521237442999,0.5974583151578933,0.8151679436017565,0.8176276715911963,0.741112314520647,-0.4375888898209169,0.6535715676515829,0.6901621622388037,0.6903467855417955,0.6901621622388037,0.15734518534902986],[0.9793469559830643,0.9770957699834057,0.6297605925651301,0.9778087233564696,0.9723594710953626,0.9793469559830643,0.9677661532071068,0.9623059538614795,0.9623059538614795,0.9668313910594997,1.0,0.9567413134890616,0.967786532850858,0.9677381969119754,0.9675585965538905,0.3584806448834534,0.23523698122166742,-0.18167472900597054,0.9713722516466312,0.97128251273207,0.967876352020784,0.9677877046393949,-0.05084504406460752,0.7982116547681076,0.9689910611823765,0.9689910611823765,0.9691344516449705,0.9239068491238891,0.14616579179202868,-0.13270457767280033,0.9728223158477676,0.9729156757177145,0.09330044541309473,-0.028373575497580784,0.9743056776940487,0.9745065033656973,0.9046310346480391,-0.3195911941045396,0.9633332706663522,0.9736565254474492,0.3153218938350645,-0.20098072511197632,0.9752132746614057,0.9751236167881713,0.9752132746614057,0.8556212092712372,0.44329651255175057,0.8793126092540188,0.9264458854923683,0.8895770536094318,-0.4468817001146032,-0.6622846825718425,-0.15516027766041374,0.9093996501851439,-0.04784689340697335,0.9326391524631388,0.9326938491297955,0.9478216107059979,0.9709800565498736,0.9041105525743415,0.907540151017895,0.9137318083272702,0.906795607761919,0.9078304924138464,0.9081095300813224,0.9078304924138464,0.870392679950701,0.8446236778395625,0.8454884628553263,0.8446236778395625,0.903399228976063,0.915113677653178,0.9016701729297613,0.9018171121746409,0.9016701729297613,0.756776648218881,0.7037057943451726,0.7576182908643662,-0.21856361356990608,0.767459761549295,0.7808460383158252,0.7821995095042734,0.7808460383158252,-0.20390030770965728,0.9018961622573994,0.9467176764235083,0.9141112684748144,0.9144688424340324,-0.06695069241745173,0.8968008094642501,0.8972541075610619,0.8968008094642501,0.9028418987468835,0.9028418987468835,0.02701104941915193,0.4525865338629269,-0.1568485983523897,-0.6937545667349156,-0.4610622237291034,-0.46428723498888547,-0.10317280818878569,0.4435608487263786,-0.01013897794538709,-0.23918075694819196,-0.5935639386752108,-0.13908471842441078,-0.7832701349288014,-0.30387843458702996,0.31003316092948213,0.3104282043683626,-0.4311137267401931,-0.42976474712855356,-0.40112955719798654,-0.41343025077796763,-0.648924620815932,-0.41975354414946014,-0.42188751170408756,-0.41975354414946014,-0.1671678389443395,-0.4735335431726171,-0.4735335431726171,-0.5420867480729262,-0.5420867480729262,0.597138112911472,0.6530606205391506,0.7592338185916501,0.7251992492741667,0.8117485520185469,-0.5208673068660393,0.4446721939533951,0.5411907394272466,0.5411928466244669,0.5411907394272466,-0.0966669283601819],[0.9883375370475258,0.9873888274931271,0.9945317051730977,0.9909446355575198,0.9967349649417206,0.9883375370475258,0.9997317736864729,0.9989691083274315,0.9989691083274315,0.9996991753589514,0.9567413134890616,1.0,0.9997305336832591,0.9997272304917291,0.9997055201580919,0.08204231261179484,-0.023081570355324262,-0.5519257157662004,0.9998344606218553,0.999835571877555,0.9997345300448955,0.999732887115578,-0.2962945991843851,0.9747080118819899,0.9951396946366828,0.9951396946366828,0.9951197960096634,0.9938467014623188,0.06252281784466185,0.055733904821408435,0.9929427577809908,0.9929895434156921,0.7358661019415764,-0.06296930383177574,0.9992207472709849,0.9991874277353769,0.9990766888883624,0.9994964116114752,0.999528240914972,0.9992493448110364,0.025630852923925918,-0.5590296404702276,0.9990397702904208,0.9990428749875332,0.9990397702904208,0.9256530808738902,0.4795037864843638,0.9488884414261735,0.9307271402928715,0.8042476773637344,-0.319002873748823,-0.5713963823298072,0.8468541802689514,0.8750130770861981,-0.3418624380390368,0.943634890209076,0.9438132309214996,0.9744603874573161,0.9940643633570025,0.9169032158926145,0.9215124498891889,0.9008901557905847,0.9061175624991862,0.9047801223527412,0.9049533789191665,0.9047801223527412,0.8182354064702768,0.7881963374127947,0.7889362550574828,0.7881963374127947,0.9230079886875062,0.9277696961922517,0.9219954797666386,0.9225271566807335,0.9219954797666386,0.6235706905817429,0.5768151549140074,0.6521819965959326,0.7173770455369094,0.6330760593033778,0.6575042674258657,0.658420520405614,0.6575042674258657,-0.2214117471210803,0.8746428055025259,0.8997146473601544,0.8907862086235142,0.9224356111814815,-0.35697761318653326,0.8710187938753493,0.8707972652079308,0.8710187938753493,0.8779549122614425,0.8779549122614425,-0.22110286171076832,0.6977615435654088,-0.4001163703322959,-0.8245528248113918,-0.5432651487030686,-0.5467316987365711,-0.4455765296134101,0.25544691859484076,-0.31225448336142364,-0.5573004314346048,-0.7858735405873998,-0.41776967709577,-0.5821970623713669,-0.4939442519423796,0.11108770900410639,0.10943119217091243,-0.5608104694930224,-0.5358916795668583,-0.5573521435726291,-0.5934525173748164,-0.5863527903228809,-0.5606662159770258,-0.5638446618587354,-0.5606662159770258,-0.45528261498895956,-0.6435319551341591,-0.6435319551341591,-0.6306132795643884,-0.6306132795643884,0.47144078314677634,0.35784660599741575,0.49940780540819407,0.6205337664171616,0.5419374566751038,-0.572134270702253,0.36249137405854964,0.30263164779062274,0.3022447986090936,0.30263164779062274,0.2863282369687781],[0.9932760529609411,0.98677675171607,0.6947069889528121,0.9942859240539201,0.9974344032059558,0.9932760529609411,0.9999969552956028,0.9984662434389392,0.9984662434389392,0.999974578359347,0.967786532850858,0.9997305336832591,1.0,0.9999917573270485,0.9999956477839212,0.7865394941553671,0.7536314178409337,0.17546047867144102,0.9998783464493153,0.9998786262032577,0.9910486117133107,0.9999976459666444,0.27497906198924155,0.7767299444855832,0.9916732915000651,0.9916732915000651,0.9883692075901537,0.9925929987516076,0.22920125709517108,-0.2007572227191293,0.9914526845785238,0.991507813909772,0.14092769554840248,-0.2784021321313131,0.999403704557973,0.9995269384720026,0.49626010962563727,-0.2892200043758568,0.9992456957805329,0.9995152792900128,0.760362006593597,0.1542548490496328,0.9503603037751699,0.9991805759207473,0.9503603037751699,0.9303424735852625,0.6284540555768515,0.952879708226717,0.9346044422559361,0.8049475351504726,0.4238872198791157,-0.13219440168476307,-0.16969954199759782,0.9396006448790059,0.31855422043865267,0.9701909685407724,0.9678149495366521,0.9814466236507672,0.995243999162877,0.019219775517945244,0.8984453497658065,0.8601625255588978,0.8996340149798642,0.8556250686110936,0.8222184319754312,0.8556250686110936,0.8479681934395576,0.8281364220005097,0.8180609587240693,0.8281364220005097,0.8957560003195154,0.4633908664756629,0.6509470099052425,0.6978333014351299,0.6509470099052425,0.6852430636478466,-0.3196810466977287,0.6658893173918902,-0.5860020772092195,0.584515322437252,-0.05040981236439091,0.5107657368532871,-0.05040981236439091,-0.10970841269444552,0.8746519860796652,0.8984323607669866,0.8848153331433178,0.7974722284986826,0.18139783002845639,0.8725336419937438,0.8733652825406142,0.8725336419937438,0.805707343515732,0.805707343515732,-0.16934623780968897,0.7025167855709967,0.2155804785016096,-0.7339324738536892,-0.6512774916595463,-0.6548267810334987,-0.2182449183788139,0.11223714062046689,0.30260383397120594,-0.08402198389355128,-0.6242410441574744,0.013182598610267077,-0.8285682995630448,-0.22214537612795782,0.11846019279967525,0.12065476572673346,-0.6327210811640611,-0.57786436683339,-0.14290900293909406,-0.6061501173426183,-0.8266041804316754,-0.4231422023421003,-0.2623511836933527,-0.4231422023421003,-0.3282285999216694,-0.42738447209028835,-0.42738447209028835,-0.8185251502588836,-0.8185251502588836,0.4757570508461967,0.5995264133224801,0.5214176516498151,0.8109232982511964,0.743241767935029,-0.41152899665496856,0.0831334083088024,0.7440084564367679,0.7619594237719726,0.7440084564367679,-0.07870450080371831],[0.9936040841591911,0.9867150268329024,0.6928579386376574,0.9948680918721016,0.9974989485619671,0.9936040841591911,0.9999886295968482,0.9994754584243155,0.9994754584243155,0.9999739335078379,0.9677381969119754,0.9997272304917291,0.9999917573270485,1.0,0.9999895108062419,0.6918952623039891,0.5870569288816726,0.17702985867876692,0.9999003158355263,0.9999009732719731,0.991036778412537,0.9999893523223132,0.27368402780482715,0.7737626769466018,0.9944617996261617,0.9944617996261617,0.9944320048483786,0.9925948760774342,0.22190559079400984,-0.20168751921649514,0.9919197862337712,0.9919268033143822,0.16187173320476797,-0.278041499474038,0.9995722619618813,0.9995259835761368,0.8689415901567824,-0.37321675692830125,0.9992411281668439,0.9995179133368025,0.6635707086218176,0.15584913832688527,0.9994782556919827,0.9994827093167732,0.9994782556919827,0.9301984278507958,0.6285499261065776,0.9527060781874984,0.9343786303812021,0.8040443390510016,0.3068093206667403,-0.2988352572682684,0.1410515567737313,0.9394844141022138,0.3188805652887365,0.9679069188383526,0.9677783361156419,0.9802431588618007,0.9954586785625488,0.9067132192469984,0.8977970712969183,0.9159298539432387,0.8995882357275328,0.9146922596578214,0.9154012596555204,0.9146922596578214,0.8473477238742338,0.8855275347765129,0.8866433606959577,0.8855275347765129,0.8956158019835943,0.8048312167787011,0.8857793093500691,0.8870784316372025,0.8857793093500691,0.6842391927844826,0.5516742662665137,0.6648275409825595,-0.5838274147247203,0.583275069570975,0.579594157572848,0.5804729706228712,0.579594157572848,-0.11209299422716107,0.874557765085647,0.8979328524172194,0.8841866784606506,0.9126502068484991,0.18306776298632063,0.8725122388983854,0.8735601648081989,0.8725122388983854,0.8806418843962351,0.8806418843962351,-0.1695817840561091,0.7019661860556637,0.11516387411386719,-0.7331195845294113,-0.6509540846303967,-0.6542229181760612,-0.21779229127173377,0.11161692490279321,0.07393942777529253,-0.08259315815427744,-0.623161495475588,-0.17588705576420177,-0.8378883767505544,-0.43687377749494866,0.11775006782513676,0.1199515977524672,-0.6327573581527853,-0.5772044663237035,-0.4290265980161798,-0.6057896827030946,-0.8188499677324627,-0.5367211957546498,-0.5330041757817179,-0.5367211957546498,-0.3276951601389543,-0.4275079889510595,-0.4275079889510595,-0.8096752148608137,-0.8096752148608137,0.47353247180407465,0.599201325729407,0.8193388931135882,0.8142527155915477,0.7433433433678897,-0.4112549883007533,0.7055632634303376,0.7307362065460036,0.7308355491213264,0.7307362065460036,-0.04614350984791083],[0.9933165344685254,0.9866456306956308,0.6948044851247563,0.9943055050874674,0.9974554773089863,0.9933165344685254,0.9999941695622762,0.9992606090592134,0.9992606090592134,0.9999774274788215,0.9675585965538905,0.9997055201580919,0.9999956477839212,0.9999895108062419,1.0,0.773987249237666,0.6907451549383906,0.17561276392872718,0.9998812965690496,0.9998814486246227,0.991165953694685,0.9999955596545134,0.2756335815528821,0.7765752318264921,0.9946228065045947,0.9946228065045947,0.9945413886963761,0.9925253486681928,0.22948270067485604,-0.2007760438154866,0.9923826801780804,0.9924272209063483,0.1416405950250607,-0.2782390426603137,0.999446161532195,0.9995266915338946,0.4953697120801503,-0.2885483126533232,0.9992116860046601,0.9995175632397832,0.7570191924119396,0.1544268611765669,0.9499666862277282,0.9992276525925617,0.9499666862277282,0.930541045529196,0.6290544862691906,0.9529648447533821,0.9346584480626016,0.8047185874220149,0.4251300947268532,-0.13079996976706013,-0.1699318776483191,0.9398913041725104,0.3188152869763754,0.9705433580986977,0.9680758783711223,0.9816757743956854,0.9952871718099965,0.018266723807021636,0.898660430277329,0.8600632001543757,0.8998123327444977,0.855552941696166,0.8218062869304541,0.855552941696166,0.8481334046074676,0.8280449078853788,0.8183407984511717,0.8280449078853788,0.8960049678195435,0.46276645989537546,0.6504989332268992,0.6978121470913369,0.6504989332268992,0.6851275998499192,-0.32076142722006434,0.6658582308448886,-0.5862120226505743,0.5842048450550927,-0.05132665892674806,0.5104455397606177,-0.05132665892674806,-0.10968306625054944,0.874755759078246,0.8982433520888309,0.8849366408512416,0.7911381450432873,0.18176877075434544,0.8725922596414053,0.8734196187637114,0.8725922596414053,0.8055213945874385,0.8055213945874385,-0.17054899772666132,0.7032379558810483,0.21604981461618292,-0.7338915827758321,-0.6515988920653788,-0.6551522974550041,-0.21920466851029335,0.1111834797137869,0.3029327447477312,-0.08435312117451141,-0.6243820851444563,0.013294597000283655,-0.8278907178376569,-0.2219705072881334,0.11761673183580768,0.1198113406687292,-0.6332418234033221,-0.5780420772346393,-0.14236625326879807,-0.6071274129739709,-0.8266476311083507,-0.42307765464147323,-0.2618345705317721,-0.42307765464147323,-0.32901010553465365,-0.4277695225760412,-0.4277695225760412,-0.8188656531843085,-0.8188656531843085,0.4758837932270434,0.5992266017085883,0.5209869477743608,0.8113270510320426,0.7427542546464918,-0.41113554495049204,0.08253667883361364,0.7444165623703437,0.7625579317121847,0.7444165623703437,-0.0784690277966878],[0.6823959316827934,-0.036665632541163215,0.3543621718830461,0.6813432401370892,0.560106187826857,0.6823959316827934,0.7865834551130229,0.7829905975904653,0.7829905975904653,0.6131793118939036,0.3584806448834534,0.08204231261179484,0.7865394941553671,0.6918952623039891,0.773987249237666,1.0,0.991161785000054,0.4309405661163489,0.7482969067963512,0.7482599340557025,0.6587925803398356,0.7724429305903121,0.33681067370839296,0.32078043452220095,0.7630992008517025,0.7630992008517025,0.7471353089431102,-0.31846857327934464,0.19487278621143295,-0.15555616061419222,0.8192469813864162,0.815604013437579,0.1625251161686725,-0.20653665377396455,0.7809721567776964,0.6433247370908827,0.23802685435654397,-0.3169452672039167,0.09634406527460027,0.6037981696790314,0.9982943434113684,0.41422379849973395,0.7055533876551582,0.7805176178667655,0.7055533876551582,0.036294515822503,0.5000637089285391,-0.3770531545188578,-0.40057516186265163,-0.07960482796932761,0.3886019057610969,-0.052943177482710505,-0.21180931660802968,0.6308085060182511,0.3962549771900888,0.7838310864436052,0.6326984443293858,0.7376354644897688,0.7621147825929107,-0.10963990976202334,0.009817338614113815,0.5068970824336485,0.343571865712