var element=document.getElementById("correlationClose");if(element.style.display!='none'){var correlationClose={"data":[{"type":"heatmap","z":[[1.0,0.9999897931245878,0.69072660014567,0.999747128023272,0.9981576060893742,1.0,0.9928413201754999,0.989602022902754,0.989602022902754,0.9933812526787106,0.9776204446979719,0.987429725307585,0.9928747180151035,0.9932378704198377,0.9929194665834574,0.7382252658462409,0.6546246659868772,0.2551588258968069,0.993657102573157,0.9936517504189759,0.9857924725556029,0.9928668670095449,0.3796828939222613,0.759692742942569,0.9831074520576883,0.9831074520576883,0.9830883264228238,0.9765946168055456,0.3004220096438983,-0.14505633391826703,0.989473879645309,0.9894363696132923,0.2518456920839843,-0.22144300659285643,0.9948908634561702,0.9953076893053714,0.8582145752914261,-0.35094314503825136,0.990816841547375,0.9953218555608464,0.718668510485434,0.23563164541957363,0.9950124041721035,0.9950096935149154,0.9950124041721035,0.9029349897689132,0.654513750849405,0.9236819161635382,0.9275451330547435,0.8447964012094512,0.37875117289910765,-0.18430989425019137,0.21930427116723233,0.9509440869790351,0.37037774203240814,0.9754620950262451,0.9719312503588453,0.9813801952490038,0.9896836021095763,0.9356393326506016,0.9442181135388752,0.9483347150027294,0.935924049192104,0.94562441053962,0.9462302108447271,0.94562441053962,0.8947533898420973,0.92684982970511,0.927689499993164,0.92684982970511,0.9298817689629751,0.8047239454904982,0.9032467343903716,0.9044070936513664,0.9032467343903716,0.7255926123803986,0.41103712732011566,0.714048278254901,-0.5355714293346339,0.6193366479291608,0.6345483573464247,0.6348395120938721,0.6345483573464247,-0.0879900877894916,0.9180009857852262,0.9476329463607415,0.9333460907132738,0.9369992418128701,0.250467379223239,0.9128544625836411,0.9134403872326113,0.9128544625836411,0.9168073618984768,0.9168073618984768,-0.09302822988069072,0.5997010656048182,0.14598046112570698,-0.7000749705685039,-0.5965262242695097,-0.6004072151108311,-0.1483090745083334,0.14266827964961343,0.19745708866437114,-0.013685552590316917,-0.5752751333809427,-0.03171146292985624,-0.798002525954491,-0.3010352923787993,0.16846853989800695,0.1699520552718562,-0.5780573346111096,-0.5742377274025185,-0.2886783388413307,-0.5207024073919996,-0.8139017736669117,-0.41604249515518205,-0.40849755374902813,-0.41604249515518205,-0.23831408695682646,-0.358202312662463,-0.358202312662463,-0.8020351701762175,-0.8020351701762175,0.4265284789228482,0.6286343458718949,0.8508342544629863,0.8405743145624626,0.7544544887148574,-0.3425352489555184,0.7465928376204302,0.7747540707725464,0.774920751116112,0.7747540707725464,-0.17140440632521123],[0.9999897931245878,1.0,0.9821914153714719,0.9995214020629907,0.9960999338105222,0.9999897931245877,0.9854070456279065,0.9803554479346959,0.9803554479346959,0.9853159883046178,0.9735378562909548,0.986310433015644,0.9854415617979437,0.9853925623945695,0.9852931753912283,0.08036407970489237,-0.012150177665761737,-0.45639624996135747,0.9885890986692354,0.9885850769145363,0.9854882470281373,0.985492005267274,-0.18540056725967388,0.9805083558818171,0.9807402835995269,0.9807402835995269,0.9807686154522808,0.9767406096940139,0.07007333742303196,0.09500488166297799,0.9830114094980771,0.983051856858213,0.7489948586909021,0.05814624609474905,0.9909289693615241,0.9909514170392146,0.9914531357875067,0.9864194706788875,0.9899644614892215,0.990960893439329,0.031948599742371436,-0.46088193876373595,0.991518887691767,0.9915172687333397,0.991518887691767,0.9026446237268667,0.5014474104958553,0.9236324342579746,0.9273492862478233,0.8443196717938273,-0.26194661672667224,-0.4801360114647181,0.8492267630964054,0.8920144277633194,-0.26028278219273787,0.9422055291594733,0.9423378412192667,0.9625247570378588,0.9787404696517666,0.9553826740770532,0.9606886247863876,0.9466803416021421,0.9482503724957136,0.9498139429300612,0.9501553737497259,0.9498139429300612,0.871545596897259,0.8468493955118273,0.848217745344321,0.8468493955118273,0.9575021553085387,0.9603400923992096,0.9574320239894798,0.9581245967668495,0.9574320239894798,0.663994449450936,0.6177657130859694,0.6994069045662265,0.7645413777896721,0.6801144671700902,0.7018593543215327,0.7029327246328467,0.7018593543215327,-0.12707807555118417,0.9242189761722733,0.9437917391018572,0.9372338470482221,0.96003336796843,-0.31571728465760257,0.9209725007442117,0.921114436319652,0.9209725007442117,0.9269487426988783,0.9269487426988783,-0.17766440283886636,0.5999729584868246,-0.37256102540263014,-0.7917126604062187,-0.46369689390223356,-0.4676958879949616,-0.39192753669216973,0.2827360039969088,-0.2673345437834338,-0.5061228559772986,-0.7451610444042925,-0.36413840106915224,-0.47463783079236205,-0.428347851287074,0.1372894660245636,0.1347783877028365,-0.4898794681591859,-0.457517947021934,-0.4858793352183991,-0.5175364929762365,-0.5095009715518732,-0.48832893533133015,-0.49161615453185586,-0.48832893533133015,-0.3761427055017286,-0.5450195679649015,-0.5450195679649015,-0.5115675614773536,-0.5115675614773536,0.4244887757910854,0.3647348627379878,0.49773840867377955,0.6121792278446951,0.5230219863665923,-0.44461579920638533,0.38148020997630927,0.30988925832495523,0.3100898829955659,0.30988925832495523,0.19286433667022956],[0.69072660014567,0.9821914153714719,1.0,0.6879591587589855,0.6279381837979314,0.69072660014567,0.6703438719104665,0.6632576448326459,0.6632576448326459,0.6207131689593958,0.5866170889557751,0.9949129604500583,0.6703604617274959,0.6659578017463713,0.6704953070895987,0.39324061716411124,0.35494667782286454,-0.22377371891405487,0.635157039883539,0.6344697706801158,0.6035940555380561,0.6694700618754303,0.163268426103014,0.8049518599413593,0.6512938635815353,0.6512938635815353,0.6510704291685213,0.9885225864650129,0.27691824295375594,0.09179733258321686,0.6277783476724713,0.627414906721766,0.630937751011914,-0.05219423399831988,0.6659619168767471,0.6142089232314394,0.62991208100338,0.2888168373758256,0.9933198473800494,0.6105485426555397,0.37805032802704863,-0.23321422764281063,0.682820819762563,0.6639819513258602,0.682820819762563,0.9000495619909407,0.4145942558803985,0.937850189931289,0.9179422364009763,0.7519867360055343,0.22749282720448774,-0.07592698056067351,0.05252898156705718,0.5609974373615421,-0.08470410293214431,0.6115839832149824,0.5854647766573317,0.6048010791609817,0.5689229313754721,0.021185687441988857,0.8140559079990611,0.7496295294897073,0.6727424282684248,0.7552176406334279,0.775159198031347,0.7552176406334279,0.5719166298163222,0.6703887005248566,0.7165181488454035,0.6703887005248566,0.724177113639467,0.691310867441143,0.7429614188184381,0.7826328482303578,0.7429614188184381,0.4612091743743366,-0.08518732419636632,0.47695063414573907,0.08982174889480987,0.4507123775237908,0.2660685662089269,0.5149873919003831,0.2660685662089269,-0.14043083647614055,0.6492898518989919,0.8931696607608298,0.7137869981463684,0.7842944991728837,-0.08218414842265537,0.6840916640091131,0.6836559957833208,0.6840916640091131,0.7393299139746775,0.7393299139746775,-0.19295402947057513,0.7052763898438288,-0.18047072322481955,-0.7172973844613609,-0.4520057512734013,-0.4559724167922796,-0.43403638506826847,0.11804551442518744,0.019620149557507634,-0.35069830006706615,-0.6974455210818022,-0.17942351822454852,-0.33668329710610434,-0.28632683674878334,0.05319204642935464,0.051658990712349945,-0.498811967508493,-0.07860525756332871,-0.26996513045371545,-0.5189280641874084,-0.22206188901442797,-0.41682411744119796,-0.2995899272508117,-0.41682411744119796,-0.42924565430681505,-0.5531343908589853,-0.5531343908589853,-0.3193562265537472,-0.3193562265537472,0.37453961227876564,0.21005014050437423,0.2953170334531786,0.5318168827855111,0.30227031296926415,-0.39502524846836135,-0.0056353546717586205,0.46164493600071393,0.5598396874272487,0.46164493600071393,0.0038363077241870013],[0.999747128023272,0.9995214020629907,0.6879591587589855,1.0,0.9989818212752871,0.9997471280232719,0.993981382452465,0.9911717181012307,0.9911717181012307,0.9947280751398058,0.975914816988399,0.9904235622403881,0.9940051420865054,0.9946397268687305,0.9940276499847853,0.7373885532797761,0.653354328219633,0.2408248118498231,0.9946219649397108,0.9946197679333634,0.9858519104151541,0.9939913967981682,0.3711744743466007,0.7638456075606721,0.9854537770640813,0.9854537770640813,0.9854339189569356,0.9821891207415644,0.2961442310581112,-0.1509997662052101,0.9887563124914348,0.9887264235157317,0.24399504842858738,-0.2217706181036426,0.9953439365771839,0.9959587466245924,0.826927063692027,-0.35512370453586584,0.9929729345638703,0.9961817977129551,0.7172069175391755,0.22102840192789028,0.9934859861901827,0.9953797664036856,0.9934859861901827,0.9008747513015879,0.642847708455177,0.9266950171989823,0.9246923463756908,0.829569684197115,0.3741758049099341,-0.1888489307355089,0.21437268112337277,0.9459316460361127,0.35514323167071465,0.9711897585405007,0.9692181573430431,0.9793312403532177,0.9895047697105923,0.9182070538755767,0.9392083886754536,0.9378600962558181,0.9328925358347214,0.9319176478000744,0.9327134790643518,0.9319176478000744,0.8884348486724838,0.9170001075242324,0.9179068733948956,0.9170001075242324,0.927267966001298,0.7546692703547663,0.8709627655275237,0.8721335387976462,0.8709627655275237,0.7191805541975917,0.1690549280568935,0.7062024141862281,-0.5401633015439365,0.6155150684477365,0.3711241454650961,0.6075665679925625,0.3711241454650961,-0.09375752996036416,0.9140210742427125,0.9421579492817187,0.927468121551362,0.9177354215741981,0.23677539972098896,0.9095169108812927,0.9102176162306156,0.9095169108812927,0.9011143947926664,0.9011143947926664,-0.09732343410668627,0.6175800935710861,0.15092476751975445,-0.7088521134350915,-0.6027134636314723,-0.6065134243713529,-0.15943161986278997,0.13861708090088093,0.19122675621227941,-0.02603987342001792,-0.5859783751594531,-0.03729965151080689,-0.8030003576492636,-0.30808840620100947,0.15938435917950378,0.16092060904919633,-0.5840104837309332,-0.5708999777647213,-0.2891478698662068,-0.5299725358084818,-0.8149630075703133,-0.4168000310110826,-0.4098045724785959,-0.4168000310110826,-0.245874794679463,-0.36674266449970716,-0.36674266449970716,-0.8012897870822722,-0.8012897870822722,0.41790194119055896,0.618024502218913,0.8431194520285687,0.8331578122260102,0.7476626673119783,-0.35433666295374167,0.7378825106018698,0.7661087811330831,0.7662740809736578,0.7661087811330831,-0.15685400924289145],[0.9981576060893742,0.9960999338105222,0.6279381837979314,0.9989818212752871,1.0,0.9981576060893742,0.997287882459552,0.9959918207410127,0.9959918207410127,0.9975011770626944,0.9695995108532711,0.9964646531842521,0.9973042862532905,0.9973758852971489,0.9973264455857938,0.6325714454295351,0.5226550224303009,0.03419992906924571,0.9976890053884077,0.9976908914564722,0.9880774907127478,0.9972940283272562,0.01308811243134049,0.748668724915211,0.9928482785630138,0.9928482785630138,0.9928097977629173,0.9908057816527133,0.07080330774906436,-0.1349325716923735,0.987454555671948,0.9873853561751443,-0.04903944872116788,-0.12725419164574533,0.9977596423292477,0.9976833873750007,0.8212748935218778,-0.4703592068049095,0.9976102581842106,0.9980157091634357,0.5996290464906343,0.010103301957507815,0.9977019995589487,0.997708711883268,0.9977019995589487,0.9134927933647036,0.6093916591401456,0.9362763168108781,0.9244022350674147,0.8079423677104562,-0.07008951747356303,-0.5869319323366937,-0.16234968426405394,0.93671615290699,0.20998776733610594,0.9683938164523954,0.968421681395401,0.9822613442002498,0.9901006082239364,0.917432282814001,0.9228831887729906,0.9284986538798731,0.921566630094401,0.9268869390822106,0.9272314414719804,0.9268869390822106,0.8668035530979694,0.8793775092447078,0.8803863526593333,0.8793775092447078,0.9171780986397398,0.8401385114551013,0.8993803502512339,0.9000524409532499,0.8993803502512339,0.6838382581485866,0.581077823441441,0.6752811213497589,-0.5477481136510554,0.6639137657492917,0.6458177874431188,0.6450930614687547,0.6458177874431188,-0.10474053328091375,0.8984407247559953,0.9213640771141082,0.9078910503679047,0.9247976001768285,0.0822282078663728,0.8974261038595862,0.8982997664508963,0.8974261038595862,0.9025392165886367,0.9025392165886367,-0.13423048376684127,0.6618214676362448,0.005467115903905636,-0.735307714264947,-0.6464529818886839,-0.6475274726946771,-0.18821870880453817,0.16197295216154503,-0.19408908566173744,-0.26824436365786875,-0.649591752035822,-0.3893185334790276,-0.8435548794007811,-0.5743960811657007,0.13080534082639644,0.1321971955451647,-0.6078674741925782,-0.5661770535827594,-0.5544518892497411,-0.5657259944365052,-0.7704055037391525,-0.6039801291408168,-0.60694767001431,-0.6039801291408168,-0.2810983446421257,-0.3971785784870256,-0.3971785784870256,-0.7403127032304753,-0.7403127032304753,0.4064514240903059,0.602591465220825,0.8012761262051619,0.7971163986150303,0.7400417035553756,-0.4757537164405366,0.6102544436750337,0.6623040387453027,0.662390477744691,0.6623040387453027,0.0706856311866141],[1.0,0.9999897931245877,0.69072660014567,0.9997471280232719,0.9981576060893742,1.0,0.9928413201754999,0.989602022902754,0.989602022902754,0.9933812526787106,0.9776204446979719,0.987429725307585,0.9928747180151035,0.9932378704198377,0.9929194665834574,0.7382252658462409,0.6546246659868772,0.2551588258968069,0.993657102573157,0.9936517504189759,0.9857924725556029,0.9928668670095449,0.3796828939222613,0.759692742942569,0.9831074520576883,0.9831074520576883,0.9830883264228238,0.9765946168055456,0.3004220096438983,-0.14505633391826703,0.989473879645309,0.9894363696132923,0.2518456920839843,-0.22144300659285643,0.9948908634561702,0.9953076893053714,0.8582145752914261,-0.35094314503825136,0.990816841547375,0.9953218555608464,0.718668510485434,0.23563164541957363,0.9950124041721035,0.9950096935149154,0.9950124041721035,0.9029349897689132,0.654513750849405,0.9236819161635382,0.9275451330547435,0.8447964012094512,0.37875117289910765,-0.18430989425019137,0.21930427116723233,0.9509440869790351,0.37037774203240814,0.9754620950262451,0.9719312503588453,0.9813801952490038,0.9896836021095763,0.9356393326506016,0.9442181135388752,0.9483347150027294,0.935924049192104,0.94562441053962,0.9462302108447271,0.94562441053962,0.8947533898420973,0.92684982970511,0.927689499993164,0.92684982970511,0.9298817689629751,0.8047239454904982,0.9032467343903716,0.9044070936513664,0.9032467343903716,0.7255926123803986,0.41103712732011566,0.714048278254901,-0.5355714293346339,0.6193366479291608,0.6345483573464247,0.6348395120938721,0.6345483573464247,-0.0879900877894916,0.9180009857852262,0.9476329463607415,0.9333460907132738,0.9369992418128701,0.250467379223239,0.9128544625836411,0.9134403872326113,0.9128544625836411,0.9168073618984768,0.9168073618984768,-0.09302822988069072,0.5997010656048182,0.14598046112570698,-0.7000749705685039,-0.5965262242695097,-0.6004072151108311,-0.1483090745083334,0.14266827964961343,0.19745708866437114,-0.013685552590316917,-0.5752751333809427,-0.03171146292985624,-0.798002525954491,-0.3010352923787993,0.16846853989800695,0.1699520552718562,-0.5780573346111096,-0.5742377274025185,-0.2886783388413307,-0.5207024073919996,-0.8139017736669117,-0.41604249515518205,-0.40849755374902813,-0.41604249515518205,-0.23831408695682646,-0.358202312662463,-0.358202312662463,-0.8020351701762175,-0.8020351701762175,0.4265284789228482,0.6286343458718949,0.8508342544629863,0.8405743145624626,0.7544544887148574,-0.3425352489555184,0.7465928376204302,0.7747540707725464,0.774920751116112,0.7747540707725464,-0.17140440632521123],[0.9928413201754999,0.9854070456279065,0.6703438719104665,0.993981382452465,0.997287882459552,0.9928413201754999,1.0,0.9976631571149158,0.9976631571149158,0.9999722642642993,0.9644985243635902,0.9997064401782431,0.9999968008828584,0.9999878885245518,0.9999938128548364,0.8251707400995361,0.8103217851208111,0.21101649640485734,0.9998705757643542,0.9998709330814367,0.9905491123283116,0.9999969551162964,0.29460546896070705,0.7591062925776239,0.9866546071515152,0.9866546071515152,0.9878674087179979,0.9923965082752775,0.2311771650207684,-0.20021170453218556,0.991672860882192,0.9917108477727774,0.15689398087436493,-0.2637329703351002,0.9993803407710259,0.9994981709213877,0.46734010558575434,-0.30014615852756493,0.9991509085378922,0.9994700755900776,0.8034048825068028,0.18993776695644507,0.9470200398900201,0.9991452025316131,0.9470200398900201,0.9217109933815273,0.6178327706410205,0.9448444071430938,0.9243897458435546,0.7759543360120317,0.4155270012916487,-0.12629757017404206,-0.18310290807469112,0.9349581112866132,0.3270897959102321,0.9693709930125206,0.9659496580491727,0.9804449123366893,0.9956246500309954,-0.003567027235004119,0.8866745937682116,0.8495157911066097,0.890711184325788,0.8445976452827342,0.8101016309367142,0.8445976452827342,0.8323776976749635,0.8158659400763024,0.80488074348398,0.8158659400763024,0.885398169580779,0.4332158082004754,0.6274925034983444,0.6806321299054695,0.6274925034983444,0.6528195568554165,-0.3318398275364811,0.6295317665469273,-0.6063633789292548,0.5496243169075102,-0.0699727435125956,0.47965132473270194,-0.0699727435125956,-0.13425218313293183,0.8643974707905547,0.8862452401407005,0.8727074096216558,0.7857243722081002,0.20554928407596804,0.8630124562299872,0.8640763628998035,0.8630124562299872,0.7902139248596192,0.7902139248596192,-0.16931941969849007,0.7021295269304707,0.22596628629387938,-0.7116073233289878,-0.640857868487238,-0.6442231283721248,-0.19753663513133654,0.09017671909732174,0.3133255563427895,-0.05127324802534654,-0.5942366529006814,0.02947470255810754,-0.8295962343718872,-0.203849352548233,0.0975709894668429,0.09911728108130112,-0.6243290869894829,-0.5841167826090219,-0.12338580492555296,-0.5990328340200023,-0.8308745904886897,-0.40716406030043595,-0.24346931350355264,-0.40716406030043595,-0.31001565681788024,-0.4038851070606422,-0.4038851070606422,-0.8228731834514323,-0.8228731834514323,0.4055760906601042,0.5890246585323854,0.51361731330396,0.8055649989245007,0.7377103287268021,-0.40021786088064526,0.07410715088496794,0.7447540729234948,0.7636110444418174,0.7447540729234948,-0.09572979201581772],[0.989602022902754,0.9803554479346959,0.6632576448326459,0.9911717181012307,0.9959918207410127,0.989602022902754,0.9976631571149158,1.0,1.0,0.9996000923981344,0.9584784430226824,0.9988516922988832,0.9983779785503846,0.9994438154092173,0.999213624196691,0.8218485887983911,0.7978612792581624,0.189499883214561,0.9992415366835092,0.9992435998973246,0.988088978203007,0.9993386647112781,0.26972805422045365,0.7609804327118243,0.9932990861974446,0.9932990861974446,0.9861826545157001,0.9900838937014894,0.21393987554885038,-0.21304898530845717,0.9880406764320107,0.9914610004309705,0.13866988213239992,-0.2695901705913245,0.9984075555432601,0.9984122000665258,0.4514321537827583,-0.3060582642096753,0.9974875398686001,0.998379323239604,0.8002104275075554,0.16806890812610173,0.9403634917039244,0.9982383441806029,0.9403634917039244,0.91969771499093,0.603472717683154,0.9456079106524984,0.9231228375982452,0.7578344730357205,0.40316935276319754,-0.14050914952678265,-0.19466079793376972,0.927319489044362,0.3072508304279881,0.9649798406388987,0.9612377946153082,0.9758151072538545,0.9945858702282996,-0.012149443074066728,0.878454141874415,0.8366954032074561,0.8844283082532862,0.8328241353900309,0.7995784163742231,0.8328241353900309,0.8228663352454705,0.8005817839791253,0.79329228585082,0.8005817839791253,0.8792775639894398,0.4166953650037151,0.6104323439509686,0.6664666688115611,0.6104323439509686,0.6430887413298099,-0.3450561632466236,0.6182621606697958,-0.6124131133555487,0.543901781835416,-0.08999683908414784,0.4657906163819305,-0.08999683908414784,-0.1400503994876464,0.8571611827071167,0.8762407718355953,0.863598456715366,0.7728632219531988,0.18797698422311765,0.8563347613576534,0.8575563461714576,0.8563347613576534,0.7762272965809539,0.7762272965809539,-0.18274998489997196,0.7225582883438988,0.23216697714893442,-0.7205173611031026,-0.6522906731502329,-0.6554871198607393,-0.21142809037111032,0.08361924291970796,0.30623585392051117,-0.06989677110193702,-0.6060919183574025,0.02022967511917552,-0.8345065745143019,-0.21034133193660615,0.08360166719671136,0.0851729591185511,-0.6347293977936674,-0.5846924751236116,-0.13015489834324512,-0.6137881079361909,-0.8297992596047795,-0.41793600756406085,-0.2495695781230206,-0.41793600756406085,-0.32589831630284843,-0.4164119100795283,-0.4164119100795283,-0.8203071950494683,-0.8203071950494683,0.3890481533585793,0.5733190413412256,0.496011605197198,0.7886927506253776,0.7258423067890682,-0.4201588165899553,0.061027562787315685,0.726384544400809,0.7483391927418743,0.726384544400809,-0.07895522508506056],[0.989602022902754,0.9803554479346959,0.6632576448326459,0.9911717181012307,0.9959918207410127,0.989602022902754,0.9976631571149158,1.0,1.0,0.9996000923981344,0.9584784430226824,0.9988516922988832,0.9983779785503846,0.9994438154092173,0.999213624196691,0.8218485887983911,0.7978612792581624,0.189499883214561,0.9992415366835092,0.9992435998973246,0.988088978203007,0.9993386647112781,0.26972805422045365,0.7609804327118243,0.9932990861974446,0.9932990861974446,0.9861826545157001,0.9900838937014894,0.21393987554885038,-0.21304898530845717,0.9880406764320107,0.9914610004309705,0.13866988213239992,-0.2695901705913245,0.9984075555432601,0.9984122000665258,0.4514321537827583,-0.3060582642096753,0.9974875398686001,0.998379323239604,0.8002104275075554,0.16806890812610173,0.9403634917039244,0.9982383441806029,0.9403634917039244,0.91969771499093,0.603472717683154,0.9456079106524984,0.9231228375982452,0.7578344730357205,0.40316935276319754,-0.14050914952678265,-0.19466079793376972,0.927319489044362,0.3072508304279881,0.9649798406388987,0.9612377946153082,0.9758151072538545,0.9945858702282996,-0.012149443074066728,0.878454141874415,0.8366954032074561,0.8844283082532862,0.8328241353900309,0.7995784163742231,0.8328241353900309,0.8228663352454705,0.8005817839791253,0.79329228585082,0.8005817839791253,0.8792775639894398,0.4166953650037151,0.6104323439509686,0.6664666688115611,0.6104323439509686,0.6430887413298099,-0.3450561632466236,0.6182621606697958,-0.6124131133555487,0.543901781835416,-0.08999683908414784,0.4657906163819305,-0.08999683908414784,-0.1400503994876464,0.8571611827071167,0.8762407718355953,0.863598456715366,0.7728632219531988,0.18797698422311765,0.8563347613576534,0.8575563461714576,0.8563347613576534,0.7762272965809539,0.7762272965809539,-0.18274998489997196,0.7225582883438988,0.23216697714893442,-0.7205173611031026,-0.6522906731502329,-0.6554871198607393,-0.21142809037111032,0.08361924291970796,0.30623585392051117,-0.06989677110193702,-0.6060919183574025,0.02022967511917552,-0.8345065745143019,-0.21034133193660615,0.08360166719671136,0.0851729591185511,-0.6347293977936674,-0.5846924751236116,-0.13015489834324512,-0.6137881079361909,-0.8297992596047795,-0.41793600756406085,-0.2495695781230206,-0.41793600756406085,-0.32589831630284843,-0.4164119100795283,-0.4164119100795283,-0.8203071950494683,-0.8203071950494683,0.3890481533585793,0.5733190413412256,0.496011605197198,0.7886927506253776,0.7258423067890682,-0.4201588165899553,0.061027562787315685,0.726384544400809,0.7483391927418743,0.726384544400809,-0.07895522508506056],[0.9933812526787106,0.9853159883046178,0.6207131689593958,0.9947280751398058,0.9975011770626944,0.9933812526787106,0.9999722642642993,0.9996000923981344,0.9996000923981344,1.0,0.9635522570375319,0.9996718468250787,0.9999732467904116,0.9999724025886728,0.9999762718440236,0.6787416256151058,0.5727157657464375,0.09119953299230647,0.9998282716121287,0.9998291325293568,0.9904619368097589,0.9999707436636649,0.06865784944929458,0.738464304526927,0.9956225551897171,0.9956225551897171,0.9955824815998745,0.9922815666981166,0.05879888490437259,-0.1434514752337151,0.9910335504896021,0.9909932485989841,-0.027911906756631823,-0.22537134401219414,0.9994342253037675,0.9993934130729785,0.8248513220659957,-0.47010593712792365,0.9990918652312415,0.9994427003305039,0.6475435009548173,0.06732308797381292,0.9993074840591525,0.999312777656789,0.9993074840591525,0.9213944006612447,0.6182409542303399,0.9446117394650136,0.9240079555553307,0.7755343120844289,0.02728602067820415,-0.5420380102160742,-0.1211225055697487,0.9314313750705839,0.2722549781431404,0.9663651139330842,0.9659544984558454,0.9825579156170103,0.9949423474096787,0.8933380019650496,0.8875383690619243,0.9054993192231587,0.8917902037284596,0.9038447333345492,0.9043743479459605,0.9038447333345492,0.832183408602132,0.8611984865876972,0.8624704325624104,0.8611984865876972,0.886804018479234,0.8056934969491936,0.8727547126425206,0.8737803604671587,0.8727547126425206,0.6528291688983544,0.5138018818290184,0.6290678144080466,-0.6057662330222124,0.6007814653004888,0.5713039358363983,0.5712435354646453,0.5713039358363983,-0.08875455922032381,0.8653048676887505,0.8863344453654747,0.8732794670941049,0.9013819327871181,0.1199520934031115,0.8681524862157932,0.8697773092729055,0.8681524862157932,0.873412970847044,0.873412970847044,-0.1708593684929954,0.7026442311074298,0.03288645225242486,-0.7230846503809895,-0.6735674301838844,-0.6749696719078124,-0.20099434387984813,0.09351237472501986,-0.1985265362861488,-0.2339097951456053,-0.6316549022518426,-0.4154986855967497,-0.8635772613788996,-0.6075952549880435,0.09671028859896111,0.09863908215658983,-0.6257570590869374,-0.5802568077186021,-0.5646406363217686,-0.6005134232923103,-0.7966887573728345,-0.6270387802707175,-0.6293913003367237,-0.6270387802707175,-0.3117703155567394,-0.40698429666865255,-0.40698429666865255,-0.7773424711652035,-0.7773424711652035,0.4042376845332186,0.5870484143742405,0.8123812004194805,0.8078947492608662,0.7355719691324395,-0.4267487015876041,0.6414522131111604,0.6878916323130307,0.6880798598843603,0.6878916323130307,0.1409588842168193],[0.9776204446979719,0.9735378562909548,0.5866170889557751,0.975914816988399,0.9695995108532711,0.9776204446979719,0.9644985243635902,0.9584784430226824,0.9584784430226824,0.9635522570375319,1.0,0.9512954560506577,0.9645175578826873,0.9645471859465067,0.964265589993688,0.45319145801803873,0.3412751111027883,-0.13746032795164684,0.9684785165391364,0.968459040725077,0.9646180702887661,0.9646099332485466,-0.019839356361534912,0.7752115398507203,0.9659670741887545,0.9659670741887545,0.9661259762777958,0.9076485432654061,0.14975984676946485,-0.13084185432029263,0.9707941910358621,0.9708895537308778,0.1180818572910359,0.007398321286409648,0.9717148120012156,0.971940271699467,0.8947962255679418,-0.35186525970260635,0.9586700288158907,0.9709870454745585,0.4157211170271251,-0.15752373239662137,0.9727098859194717,0.9726802963732556,0.9727098859194717,0.8362269001864616,0.4230602046098365,0.853479189121632,0.9105928898873586,0.8717093837159877,-0.4877474503597881,-0.6736785154294128,-0.2007947102482728,0.8999153203034338,-0.03699719320933628,0.9263724594223781,0.9264301140406921,0.9425036648628782,0.9691988879469747,0.8942862834409365,0.8960996334153147,0.9074058093244608,0.897239701011677,0.900926657194157,0.9014130051557723,0.900926657194157,0.8565549930895484,0.8352777490840682,0.83662338453885,0.8352777490840682,0.893270699210247,0.9062978646109121,0.8913425314461834,0.8917973104808274,0.8913425314461834,0.7284845703403892,0.6669861653307568,0.7292927440369759,-0.26985668719961803,0.7426690183317125,0.7571071158724497,0.7592407766473823,0.7571071158724497,-0.24607449818737873,0.8934076595939049,0.9404697139452186,0.9064363795329126,0.90593508237481,-0.03659699675220346,0.8877491824788328,0.8885186906942958,0.8877491824788328,0.8947551463260085,0.8947551463260085,0.039178198032603535,0.42870093382734137,-0.13814922635483495,-0.6647429637364786,-0.44449848815852,-0.44707881785077636,-0.0726539726464791,0.4327953355887226,0.011016189055777054,-0.1994298859404396,-0.5570910419112989,-0.11288418612743603,-0.7921604841746019,-0.27779199256262843,0.29766263741911936,0.29779953600516923,-0.41605943410391627,-0.4323194848080782,-0.3823453288712861,-0.39370211751683676,-0.6584412053006223,-0.40178351417787034,-0.4041517996438629,-0.40178351417787034,-0.1384523168105519,-0.44799290810614417,-0.44799290810614417,-0.5423836684731737,-0.5423836684731737,0.5401838930179099,0.6464484764115607,0.7518629651221059,0.702117153638579,0.8104162298068128,-0.5134963324049184,0.41198597844746504,0.5326324221424721,0.5329751411129395,0.5326324221424721,-0.13045219301364436],[0.987429725307585,0.986310433015644,0.9949129604500583,0.9904235622403881,0.9964646531842521,0.987429725307585,0.9997064401782431,0.9988516922988832,0.9988516922988832,0.9996718468250787,0.9512954560506577,1.0,0.9997062679675304,0.9997036862397629,0.9996783715364462,0.19278535062756563,0.09001986895203011,-0.5302245882262904,0.9998172943184744,0.9998191310780449,0.9997095946629148,0.9997085191537242,-0.2761595050921403,0.974302307609499,0.9951525297107459,0.9951525297107459,0.9951345012704845,0.9940844204051063,0.0635266445248677,0.0573189543246726,0.9923706647456892,0.9924162735212326,0.7984521661817918,-0.02484767005037877,0.9991293709082272,0.9990903151170122,0.9989769106470766,0.9994388106748863,0.9994775634278055,0.9991664096839018,0.13775614532371747,-0.5378865596639532,0.9989296366642191,0.9989361773939935,0.9989296366642191,0.9161935529022458,0.45975555222669523,0.9404464133494269,0.9204002561323742,0.7756120274159221,-0.3847681595700945,-0.5940369014765843,0.829681470907742,0.85853538950983,-0.34710347173789813,0.9378782636842178,0.9380720946626545,0.9713788608483976,0.9940636233130954,0.906245211186003,0.9116361787350384,0.8896951256799599,0.8939208832008372,0.8943531082062869,0.8948260184210876,0.8943531082062869,0.7929997187254473,0.7625871688326915,0.764287665574268,0.7625871688326915,0.9131963927662335,0.9186384398713967,0.9120445883374417,0.9129054498550306,0.9120445883374417,0.561971488263259,0.5066598948294027,0.5966307274556687,0.6780577724080765,0.5847830204223499,0.6119259434513497,0.6140467319848835,0.6119259434513497,-0.3021722566782061,0.8588096553693249,0.8882534187063023,0.8774698935116144,0.9127469725966166,-0.3395111904669613,0.8545962085382236,0.8547990657254416,0.8545962085382236,0.862810687394728,0.862810687394728,-0.22242182534351043,0.6963887133557712,-0.3941265523801777,-0.8080772495266287,-0.5366352028821051,-0.5396793489621854,-0.433555809868406,0.23643863183642155,-0.30607845874756207,-0.5382389048601294,-0.7671868071166639,-0.40751119065934616,-0.5905277504711579,-0.48185242880011003,0.08818795577303166,0.08613686883984512,-0.5586950686421777,-0.5315196853527508,-0.5526786498275796,-0.5886797639101414,-0.5820006550657669,-0.5561857680033101,-0.5592975051292344,-0.5561857680033101,-0.4434527309785698,-0.633171706222923,-0.633171706222923,-0.6239682064549434,-0.6239682064549434,0.4003338768644391,0.337924147324861,0.47653602673471496,0.5863230114794342,0.525516960247256,-0.5763573867226988,0.3225219483010146,0.28464787868630953,0.2848911671697952,0.28464787868630953,0.267448580149206],[0.9928747180151035,0.9854415617979437,0.6703604617274959,0.9940051420865054,0.9973042862532905,0.9928747180151035,0.9999968008828584,0.9983779785503846,0.9983779785503846,0.9999732467904116,0.9645175578826873,0.9997062679675304,1.0,0.9999911862398106,0.9999953922382903,0.8251590839919107,0.7977714102967152,0.21106570355524873,0.9998718739970054,0.9998721756167701,0.9905803077079597,0.999997521531452,0.2948975656064123,0.7591598887803884,0.9915403245552677,0.9915403245552677,0.9878591831616984,0.9923855338169288,0.23141936861772047,-0.20016243134302053,0.9917204870531615,0.9917198490753044,0.15711090130206032,-0.2637007680483996,0.9993818798190751,0.9995009484701216,0.46731659541768816,-0.29994904262317057,0.999152243853498,0.9994766811378768,0.8033814425835928,0.18999278018086485,0.9470069620873552,0.9991472013976699,0.9470069620873552,0.9217126967343824,0.617957927515156,0.9449398441513063,0.9244699572431602,0.7760351392054449,0.4158819069045787,-0.12588797772257015,-0.18276456302062816,0.9350166600783919,0.32714770404186466,0.9694497565753437,0.965996808365222,0.9805205622890796,0.9956377767465228,-0.003391837122642635,0.8867899526152622,0.8495946477446241,0.8908119447922627,0.8446750362356944,0.8100520902779956,0.8446750362356944,0.832463459699067,0.8159105750547483,0.8048266449714462,0.8159105750547483,0.8855253553603223,0.4331059775067019,0.6274946058489058,0.6805560743665198,0.6274946058489058,0.6527901162198363,-0.3318588366113979,0.6295195835008924,-0.6062688124743804,0.5495448099545788,-0.07009281280938975,0.4796820718864619,-0.07009281280938975,-0.13438994837694881,0.8644670559644166,0.8863475567878731,0.872788636868328,0.7857184727348597,0.20560107729208513,0.863085404322921,0.8641461884107692,0.863085404322921,0.7902703900705895,0.7902703900705895,-0.1692582080050564,0.7021508766465941,0.22607454221117668,-0.7116412257259218,-0.6407773520160472,-0.6441476043860231,-0.1976129012483753,0.09006755105305415,0.313483801878324,-0.051261666225580114,-0.594290522277481,0.02971484312778384,-0.8293613151078028,-0.2035825411585397,0.09764016168463704,0.09920022983111866,-0.6243107149020019,-0.5839262815983222,-0.12315959558304387,-0.5989952574580208,-0.8307781340928998,-0.40696038934178597,-0.24328299004795423,-0.40696038934178597,-0.30986044813584235,-0.40385295976473484,-0.40385295976473484,-0.822824822218811,-0.822824822218811,0.4060168276785289,0.5891396459874756,0.513843327391878,0.8057959002294877,0.7377648492555363,-0.400029269796839,0.07436846458047663,0.744985957062339,0.763716954136872,0.744985957062339,-0.09576049917093926],[0.9932378704198377,0.9853925623945695,0.6659578017463713,0.9946397268687305,0.9973758852971489,0.9932378704198377,0.9999878885245518,0.9994438154092173,0.9994438154092173,0.9999724025886728,0.9645471859465067,0.9997036862397629,0.9999911862398106,1.0,0.9999887817379417,0.7462559845727417,0.6575322254221956,0.21277386391638264,0.9998942181980148,0.9998948879035953,0.9905713187832387,0.9999886624726017,0.29488953119904404,0.7557336698614705,0.9943988154248286,0.9943988154248286,0.9943666235606365,0.9923274508872705,0.2247644409451664,-0.20065004494558142,0.9921394819878747,0.9921438526860936,0.1791531829808415,-0.26314385771460425,0.9995518249783469,0.9995007500805583,0.8588909032659499,-0.3873940097013537,0.9991496613319092,0.9994807804467464,0.722541251794031,0.1917299242484752,0.9994509893453114,0.9994556192728872,0.9994509893453114,0.9215655495460615,0.6180632510930161,0.9447369881594263,0.9242135733016454,0.775735965387742,0.2967504016553266,-0.29446909551817846,0.12084913997886478,0.9348990394574519,0.3276175914799278,0.9668242753392053,0.9660187223186633,0.9792005410083268,0.9958719032911877,0.8997134876446001,0.8861233948965785,0.910584078935853,0.8907933003091324,0.9094017096212605,0.9101524681695791,0.9094017096212605,0.831782599338217,0.8795473590935251,0.8808169629151967,0.8795473590935251,0.8853952165357352,0.7890637770298526,0.8770356179343819,0.8784394897582568,0.8770356179343819,0.652424786282267,0.5093287506014887,0.628309493221707,-0.6069068704758822,0.5482102067029092,0.5483155725537863,0.5492807929438488,0.5483155725537863,-0.13647592552618856,0.8643876282509612,0.8860466248202332,0.8723608672566534,0.9060858196115549,0.20752071172117226,0.8630667574203069,0.8643248243860875,0.8630667574203069,0.8721304731420502,0.8721304731420502,-0.16958136321200715,0.701304235881199,0.13231828596121084,-0.71071568571132,-0.6404368512427476,-0.6436198640779082,-0.19761695295720333,0.08898864795235358,0.0863072719182324,-0.04982073939461204,-0.5930610201430281,-0.15897554779751716,-0.8396319804003968,-0.4207852025302458,0.09701163404628924,0.09897697003854798,-0.6243542885993943,-0.5832358345454404,-0.4122816660470255,-0.5987747421806651,-0.823563803871385,-0.5229837452781648,-0.5189774793765533,-0.5229837452781648,-0.3091991016496373,-0.40395144765154095,-0.40395144765154095,-0.8143473411783015,-0.8143473411783015,0.4037300057866415,0.5888606161659928,0.819411025476435,0.8091789250904381,0.7378895331839957,-0.39968330145438746,0.7015005880228377,0.7323653997238103,0.7324654880723029,0.7323653997238103,-0.06341419712021425],[0.9929194665834574,0.9852931753912283,0.6704953070895987,0.9940276499847853,0.9973264455857938,0.9929194665834574,0.9999938128548364,0.999213624196691,0.999213624196691,0.9999762718440236,0.964265589993688,0.9996783715364462,0.9999953922382903,0.9999887817379417,1.0,0.8147540239043265,0.7454433270538323,0.21121906233289042,0.9998747957291851,0.9998749828893359,0.9907059323067268,0.9999952740469524,0.29556363564915933,0.758999894935515,0.9945740923641405,0.9945740923641405,0.9944883820697998,0.9923207151519098,0.2317076619010531,-0.20018015209115914,0.9926215978544903,0.9926625808343705,0.1578408858144838,-0.2635308184398737,0.9994260412147156,0.9995006889966863,0.4663878836126649,-0.29924054250994436,0.9991141256532078,0.9994792365822199,0.8006729918057743,0.19016685208294035,0.9465901277318874,0.9991963569946309,0.9465901277318874,0.921937599210779,0.6185902227255508,0.9450541714274443,0.9245518102700544,0.775787969859536,0.41716811588933955,-0.12444625267367239,-0.18299067930786084,0.9353299200964512,0.3274182337194643,0.9698174015914885,0.9662777966048812,0.9807627224287427,0.9956798115621799,-0.004364416416356796,0.8870128189142615,0.8494962352253834,0.8910006871127553,0.8446061127414279,0.8096263056264295,0.8446061127414279,0.8326312016350289,0.815830215717316,0.805141881766749,0.815830215717316,0.8857885978613333,0.43246248734563747,0.6270278019986355,0.6805411754438613,0.6270278019986355,0.6526545257275995,-0.3329611013417236,0.6294646033495532,-0.6064711154230696,0.5492130468893888,-0.07103201631208464,0.479350048537685,-0.07103201631208464,-0.13435623497026047,0.8645713238784769,0.8861186386121013,0.8729025645990119,0.7787382012957057,0.20598296060876958,0.8631509435660082,0.8642028156960532,0.8631509435660082,0.7900792260201094,0.7900792260201094,-0.17053620267360411,0.702906784684085,0.2265532209408247,-0.7115978831843276,-0.6411145148839592,-0.6444887066050994,-0.19861541106533223,0.08896661927489456,0.3138115099325341,-0.05161250434028109,-0.5944441335872045,0.029825517310347605,-0.8286463276089021,-0.20340548113864898,0.09675277997016055,0.09831167982774883,-0.6248583908058551,-0.584127961815768,-0.12260527703593985,-0.6000483294195812,-0.8308137604586949,-0.4068948987294453,-0.24275353359795948,-0.4068948987294453,-0.31068186475779247,-0.40425477943148197,-0.40425477943148197,-0.8231702578813854,-0.8231702578813854,0.4061812719696568,0.5888277618323674,0.5133914078249112,0.8062158563374769,0.7372561036983606,-0.39961814008815816,0.07375612533077334,0.745399287970767,0.7643254681977142,0.745399287970767,-0.09551008840270711],[0.7382252658462409,0.08036407970489237,0.39324061716411124,0.7373885532797761,0.6325714454295351,0.7382252658462409,0.8251707400995361,0.8218485887983911,0.8218485887983911,0.6787416256151058,0.45319145801803873,0.19278535062756563,0.8251590839919107,0.7462559845727417,0.8147540239043265,1.0,0.9924012572659369,0.42451386405261604,0.7930753088654925,0.7930427816446938,0.7161694334768206,0.813425381956093,0.334957729639928,0.3855738408160228,0.8072567441087748,0.8072567441087748,0.7926271905317607,-0.20410631514017583,0.19717516010006542,-0.160365600836306,0.84991542006564,0.8469011474540147,0.15967544836885214,-0.21973749088087066,0.8205688482258783,0.7045779719968437,0.2599602578933152,-0.31720473455791137,0.20793478367969034,0.6707559286972833,0.9983469091900827,0.40737586732459774,0.7462707622808561,0.820242676934722,0.7462707622808561,0.15528788248460143,0.5303342460621224,-0.2661185361716019,-0.2894240734931116,0.037626976566987935,0.39601368347198207,-0.05615479887128698,-0.2106180241750309,0.6918605871470158,0.40057566676555556,0.8191446711102917,0.6921772520148244,0.7820879641409725,0.8025348893965067,-0.10492491028865603,0.11320809145338184,0.5645658342484885,0.42364557623796556,0.5543951963856911,0.6274102609913219,0.55439519