var element=document.getElementById("correlationAdjClose");if(element.style.display!='none'){var correlationAdjClose={"data":[{"type":"heatmap","z":[[1.0,0.9999916731621905,0.9848886913705719,0.9999235153648947,0.998944230806187,0.9878328963585502,0.9976142334667537,0.9954811309024485,0.9957990019987941,0.9800397121399879,0.9926937549142251,0.9956196885362203,0.9948617328558755,0.9955331226374494,0.9961370119652656,0.9977492032134339,0.9981563777405834,0.996216753658052,0.9962350639961484,0.996282495701892,0.9955763134539154,0.9859291241009592,0.970150340049956,0.9883821217106801,0.9872602472656024,0.9830520267688975,0.9648237365521013,0.9460039319862332,0.9938160727049391,0.9944763518741812,0.9919010381301805,0.9754757108091097,0.9975249052320947,0.9978069383776503,0.9972229958037906,0.9956817163198888,0.9952931740880195,0.9976853696150372,0.9980593422848721,0.9986972437461811,0.9974693319323654,0.997483972189742,0.9767449932834436,0.9164631110809704,0.7455059245385338,0.9042877449790925,0.9067812697277619,0.8414059804687093,0.9657508658334862,0.945277388084995,0.9671553166010438,0.964843264434189,0.957434543599076,0.9855705793773096,0.9822116271366541,0.9847778952757723,0.9785881627247788,0.9865709254590604,0.9840727248993946,0.9871818983696388,0.9869776291140987,0.9646782013320498,0.9691620681974141,0.972369951992153,0.9720647072175695,0.9468282218517885,0.9766217558841946,0.9747231646397602,0.9827683876412587,0.981964676543279,0.9373549009344315,0.8654898168164411,0.8327970332490183,0.8841424832397625,0.9089557376811515,0.9044837530120148,0.9068926180648699,0.9056170050711957,0.6399840894001876,-0.5711187993961039,0.9778904732821734,0.9703470438464019,0.9667960216599757,0.9856300179524512,0.9715492095861151,0.9824157277429234,0.9823976790759991,0.946983566713725,0.9825764268151408,0.950809836321764,0.6582082752431839,0.8746656976672491,0.917550431136635,0.760071370957293,0.9240369134340432,0.9432427619042983,0.8200249973968052,0.9593062262134411,0.8958156746591633,0.6364628133562332,0.709875920706383,0.8918650418183193,0.8653059522203423,0.888809897056394,0.969808992408738,0.9700735021647904,0.7391026367047842,0.7094311761471346,0.8251240644724802,0.34931109063914934,0.7952585962059987,0.829474576802571,0.8160999592439647,0.8142667087753258,0.7549132305195699,0.7432787553497681,0.7238001356608285,-0.24758649161606786,-0.38425002661219865,0.6404491519901753,0.8984657787094367,0.9431809139767597,0.9476751981250594,0.9179036773302123,0.8281918355442709,0.9147502193767639,0.936410145746954,0.9361722781396363,0.8706760440991193,-0.1896782920696579],[0.9999916731621905,1.0,0.9841050070394777,0.9997843961642482,0.997729678630511,0.9904903923324305,0.9934196495422335,0.9894531190273572,0.9894852418080194,0.9696000014704941,0.9917354351462877,0.9896768035205704,0.9895131456793423,0.9895597400000486,0.9908534185996556,0.9954032836700141,0.9952935103137738,0.992660819201893,0.9926594996006367,0.9895559315698523,0.9896124016504516,0.9888216189733902,0.9646184408351844,0.9852671942201359,0.9850130919911321,0.9829795816081707,0.9744244059136399,0.9145879786070539,0.9877796219990028,0.984380414269718,0.9765097534819669,0.9165154606441991,0.9949159332353533,0.9947549889327911,0.9950352507551972,0.9905366252561987,0.994507670202324,0.9950300525673599,0.9958494367420029,0.9966907569587956,0.9950166344777863,0.9950248551665798,0.9870686722698441,0.9161661696104123,0.5933222937168442,0.9041972576461783,0.9070324653420416,0.8415539407154996,0.8710177502939296,0.9133600462090072,0.8746968180804284,0.8964821400478202,0.8700596560233484,0.9544070567860752,0.9543195883745419,0.9759291518118506,0.9795482707118556,0.9739619529104825,0.9735668754056259,0.9764707342893463,0.9763844232210883,0.9396389568030962,0.9484488993290657,0.9166554225669452,0.9165586862209777,0.8202942572890015,0.9713972381556958,0.9735561579257475,0.9737984611264513,0.9732282065986682,0.9357782029643175,0.6714063074868575,0.6140739958370736,0.7615633920120961,0.8519008203505708,0.7845195425956453,0.8194917717227842,0.8177862613111347,0.6110605284804919,-0.27539337931333446,0.959826400144892,0.9662094342285145,0.9595488163261637,0.9767666732171686,0.9568545617880528,0.9641388755442676,0.9632702574514228,0.909764542441912,0.9669178387827148,0.9150870109100825,0.49743214529846796,0.8742459735229657,0.8711298771967338,0.30392542990255955,0.6763395269356012,0.7631110746425959,0.6507551082011813,0.958734143149046,0.661980026592761,-0.25029568510579625,0.14955888522044714,0.6304473965037793,0.636397503091761,0.6834311124112926,0.960353692040533,0.9602164779231271,-0.06516260372170819,0.1756560816237578,0.01618119752673206,-0.017290430890489164,0.011119840902162868,0.027770832269071455,-0.004483212257152257,-0.04912021945078065,0.3839555300049411,0.11941017095709061,0.06951540075668253,-0.45062335755639293,-0.4870271198921579,0.6409189443790024,0.746662146381917,0.7713539720386673,0.829604181556404,0.8255065926313472,0.5432510420318979,0.7338515408297738,0.766436353184327,0.7650849770117769,0.41301485490580697,0.19426610763511662],[0.9848886913705719,0.9841050070394777,1.0,0.9863179422001459,0.9930100325562912,0.9903475865556982,0.9906645027196009,0.9911361164490158,0.9943646360979714,0.9561135050163639,0.9970647278853375,0.9910288301341069,0.9929577533456122,0.9911957198304232,0.9919425141502263,0.9907618939757447,0.9905236813021648,0.9897505706517199,0.9897180453623395,0.9928957364030649,0.9910652455791117,0.9938177259921831,0.9802749975983993,0.9909599062288674,0.9913980290618338,0.9819134655036997,0.9830260324268111,0.9501770048099901,0.9724420624111746,0.9761657691131345,0.9780820195227503,0.9510483272508072,0.98794876726098,0.991066973559642,0.9893869359430884,0.9930285132167724,0.9949459462066423,0.9921448519840503,0.9873173921144122,0.988149292260693,0.988233748152359,0.9876053507958156,0.990900532702842,0.9159133980012193,0.6861272363610761,0.9281857958020829,0.9005819607550714,0.7564785917833499,0.9261308286842338,0.9004660082852174,0.9283927699625449,0.9247242278602308,0.9142615446059104,0.9525199616621394,0.9599156581912314,0.9328356189669165,0.9518426629482032,0.9559006160457079,0.9619943804844316,0.956424030294757,0.9307654917806392,0.9024774232419835,0.9305184820105206,0.9260445939846104,0.9089145971493026,0.8684224316895539,0.961884810358677,0.9399293338909331,0.9566208579684436,0.9352781451850408,0.7830306372175404,0.8081090768117829,0.7374969722500638,0.8291354961147788,0.870629099875927,0.8689910607404964,0.8394448748282037,0.8535975701142648,0.3172176782707692,-0.5698879129059707,0.9490719188131013,0.925599146840408,0.9285395997826024,0.9332740810513852,0.9434375219740847,0.9535570230603858,0.9532504936107354,0.9166954372451253,0.9496606799986885,0.8457658168666733,0.6318323374110159,0.9380709339043225,0.9388200927863611,0.7219050989466627,0.9063045664187113,0.927627294068186,0.8057038271317202,0.9787208708217079,0.7782465456250103,0.5434684184734485,0.6498493421256488,0.7862660746805633,0.7911835399277605,0.7750254204619031,0.9822059533712234,0.9822717717636741,0.659364429626442,0.6461229426520622,0.713242868869673,0.2826832212061646,0.6912810443134236,0.71149736349424,0.7238985138424099,0.7079079844109822,0.7102228353067656,0.6712270700138707,0.6499355709460491,-0.31945277157138613,-0.45573513114103714,0.5985901423330099,0.8589496498788008,0.8930655315853948,0.8949611386492222,0.8912255499663162,0.7587734295420474,0.8671858950877329,0.8816227184345277,0.8901697673881045,0.7387197607277135,-0.10942513101917291],[0.9999235153648947,0.9997843961642482,0.9863179422001459,1.0,0.9992429860371322,0.9888158887306011,0.9979402989842436,0.9959947490848885,0.9963935648440474,0.979687606940371,0.9940269843135036,0.9961152423550904,0.9955650689156574,0.9960452364432024,0.996635784658142,0.9981015163106163,0.9984922643770402,0.9966654618295914,0.9966804039906916,0.9967904092222982,0.9960747796022413,0.9871984279616299,0.9714902773433453,0.9894667485230756,0.9884559018205868,0.9852444084976542,0.9669214962116547,0.9471994614925492,0.9932664477661546,0.9941161885686969,0.991991464343293,0.9751184719772179,0.9976764117217294,0.9980965550817829,0.9975268104844752,0.9962394626077277,0.9960280686692924,0.9980136016974522,0.9981211383474806,0.9988369415265455,0.9976125322764009,0.9976234714372446,0.9785795234109862,0.9121503769174961,0.7391260300103057,0.9050627564789696,0.9045951704474172,0.8313134889451178,0.9628225774027026,0.9418513511784524,0.964119171516252,0.9621793652782857,0.9545569446385047,0.9834947242537929,0.9806815588933807,0.9830742375229989,0.9769956190714248,0.9850502259969591,0.9832610200766956,0.985581467370566,0.9853748537217427,0.9517174960129764,0.9675652615398768,0.9706628755193543,0.9703589375636318,0.9403591125615978,0.9759866481412379,0.9712462389722576,0.9810539544736645,0.9802126926496769,0.911076164514866,0.8634362702870468,0.8280901633438288,0.8818208560114449,0.9054768036465068,0.9036311537238124,0.9039244631405824,0.9027158206912356,0.5366288115483228,-0.5711002423223612,0.9767296404770118,0.9683442733287019,0.9647515275645436,0.9839335927195201,0.9704568319407051,0.9813717374314512,0.9813538341132563,0.9459595363108138,0.9808373433990808,0.9312193088596448,0.6636002035173194,0.8825497688929844,0.922028798246214,0.7616326407750087,0.9257560255899001,0.944707832972112,0.8203478437177109,0.9607852951401445,0.8896746063316235,0.6331057243189196,0.7080969279504956,0.8867884321413576,0.8617498836519586,0.8834052588340752,0.9708769210098809,0.9711473332261616,0.7381216610400536,0.709709193053014,0.8172039759114655,0.35137703700795975,0.7896350916854068,0.8212696838932882,0.8079659955285531,0.8089782222204767,0.7577162480016404,0.7433307648347908,0.7239211628258035,-0.24297021107810146,-0.38350750620212176,0.6389705541166445,0.8965735783354607,0.9413988304451393,0.9459369940198495,0.9167852794956185,0.8253906484453006,0.9127843411572842,0.9342105769967393,0.9341261057803695,0.8630708626425038,-0.18237211035045392],[0.998944230806187,0.997729678630511,0.9930100325562912,0.9992429860371322,1.0,0.9917265802596897,0.999055028535998,0.9983363570316074,0.9983970258729962,0.9735465281680491,0.9977598042895107,0.9983793543395081,0.9981873907593467,0.9983702776267666,0.9986620311983063,0.9989496754280737,0.9992179150338703,0.9987466210208031,0.9987479966434798,0.9984509347423216,0.9983674354754543,0.9938354843043301,0.9791345420368457,0.9940135027395596,0.9939524237705636,0.9886867280870473,0.9808426897998899,0.9505822689885755,0.9897728197297385,0.9923034912904017,0.9895712006894645,0.9661890046555167,0.9989374287665996,0.9989744274602755,0.998974605161071,0.9984752896296832,0.9985502114912982,0.9990762145511243,0.9990792693327156,0.9991426207937875,0.9989244464987509,0.9989243706133897,0.9889259791338284,0.9217403857727582,0.7144360796062298,0.9194820668968747,0.9086142154959341,0.8138771741051237,0.9467044434226645,0.9306437494906142,0.9506643150471895,0.9536210162700798,0.945489228252558,0.9796509990192535,0.9795791859003012,0.9790513708042805,0.9709503414783316,0.9800173833314172,0.978903959053619,0.980337345025913,0.9800922547523907,0.9533078405633926,0.9574484229132123,0.9523459140345044,0.951980348157067,0.9078958176373763,0.9729712538257382,0.9695421893739147,0.9762247407447568,0.9753197151481539,0.9327797256622004,0.839039709101622,0.7941304217986684,0.8640957294343806,0.90831860282835,0.8895077632412184,0.8981328751772528,0.8970354488282369,0.6939030777553548,-0.5931869294456907,0.9695396897395767,0.9564948988258576,0.9540856516631564,0.9801918955357543,0.9593673306935815,0.9738084303497616,0.9733873422073531,0.9354542358210007,0.9757772349692421,0.9393982459734004,0.6502114291346923,0.9027362185217721,0.9434310809248071,0.7128514431449021,0.9044619081314472,0.929229134249659,0.814109114623522,0.9666372400696766,0.8806461001869043,0.4783445139980616,0.6406492260021842,0.8684833560663229,0.8255888942189694,0.8707606984320098,0.9750230671588642,0.9752353326099213,0.691757061385048,0.6903398565553693,0.735504927315695,0.32632333793280843,0.6744472510957831,0.7413316668134666,0.7176563375722357,0.6969751449825952,0.7416743946351245,0.7258750384097352,0.7055059453522016,-0.4633167477576357,-0.5408595396534648,0.6284200633442417,0.8892229554912625,0.9256398816835292,0.9375492232109753,0.9130213589833123,0.8020273250874355,0.8955587017120461,0.9186664861373656,0.9181300357950423,0.7968447707994708,0.032207451088774444],[0.9878328963585502,0.9904903923324305,0.9903475865556982,0.9888158887306011,0.9917265802596897,1.0,0.9879732471040797,0.9881867772139431,0.9877617494748646,0.9632671678411816,0.979698654973863,0.9881194951746792,0.9893468459761922,0.9882484933491045,0.9888438203654365,0.990408336285541,0.9893239996304009,0.9890353740886499,0.9890009405851641,0.9870560989540383,0.9881575061379195,0.9960528496354344,0.991702069136,0.9882672855843395,0.9881669927852095,0.9713202051331511,0.9855205508839291,0.9679023399579294,0.9708233693360686,0.9752711210086801,0.9833218600400955,0.9701623170299306,0.9878672205891461,0.9880825521701185,0.9888911639288346,0.9890412508663808,0.981837010596546,0.9888758247476706,0.9881655682911216,0.9884973641353385,0.9879743893182358,0.9879446264539449,0.9949427264929197,0.8740039401447605,0.7148733322325632,0.882331426116955,0.9018300637753279,0.8314628660644168,0.9301153548187212,0.911281005730982,0.9320903101896817,0.940580342831982,0.9277280704711087,0.9601991094849479,0.9647628482082747,0.968533850193455,0.981458453858743,0.9696014622054279,0.9816268474027201,0.9694239489475889,0.9688838927691319,0.969414545013855,0.9612826362785816,0.9435423669265125,0.9430621200250027,0.9325664451057543,0.9792948040341399,0.9716137059469343,0.9699068854659906,0.968345569977897,0.9521437278229832,0.8618684790158124,0.813778774291874,0.8820699213656219,0.8997172684389726,0.9074419620285912,0.8900026253853248,0.8880132192155251,0.6604697415205371,-0.5326845100573222,0.9757308275621346,0.9730945158961086,0.9694277592838355,0.9696496392559747,0.9666490358195244,0.9756496403002471,0.9753183025790868,0.9576559846134067,0.9650930226695431,0.9569386335638991,0.6665123613827044,0.8494463286654846,0.940760961891403,0.7604490580209458,0.9163251334402671,0.9333162203931096,0.8146166605627092,0.9570475051546671,0.8446766110290458,0.5772112966091716,0.6807686831375707,0.8422958341727919,0.8212503187069803,0.840232823494246,0.9590402518597108,0.959162153228288,0.6995173885867487,0.6886000066637717,0.7600825943761197,0.3511853739383727,0.7407375627936775,0.7658482918466959,0.7518811577851074,0.7539223504756329,0.744426944617503,0.7129773663527588,0.695717068737712,-0.2730886974634257,-0.4012858095308229,0.6639053837005874,0.8800212841735805,0.8981108608607671,0.9067509343963811,0.8948206851378107,0.797662299728125,0.8669501860333748,0.8895152486343808,0.8893951531745798,0.8331338074253483,-0.1528240021585376],[0.9976142334667537,0.9934196495422335,0.9906645027196009,0.9979402989842436,0.999055028535998,0.9879732471040797,1.0,0.9972241387567811,0.9995439242153946,0.9732642495120128,0.9994557160613854,0.998189433974249,0.9990854140059588,0.9990534497686222,0.9994488850830187,0.9976947931931696,0.9999025527177613,0.9992794521031615,0.9992857691218184,0.999662833000107,0.9992496184527739,0.9907067126653546,0.9751321799449589,0.9844354288951966,0.9927097862754393,0.988029862661533,0.972446085037947,0.945577515704852,0.992076989548824,0.9917820085284907,0.9931464100141777,0.9722387162537229,0.9988643309669639,0.9998250387157245,0.9996655453331474,0.9994110824992904,0.999680944387637,0.9998558419592738,0.9984826680866506,0.9996867669085863,0.9992966559438078,0.9989168204881329,0.9828209381916635,0.928426676738351,0.7304641431443051,0.9322504769880302,0.9191514489633519,0.8066250862476434,0.9581055802547143,0.941285562205388,0.960200538457807,0.9580659255575475,0.9512607362658047,0.981748237075134,0.9801348324778815,0.9423653250967837,0.9573747643673721,0.9699833596817778,0.9703100279645416,0.9717434398921294,0.9425760916323505,0.8942312528918431,0.9477441366588677,0.9564426571586191,0.933526421459101,0.8810760391982099,0.9621986863329784,0.9325979473785412,0.9637691829320592,0.9428086970116413,0.7463303597158284,0.8336297412622145,0.7601041104005293,0.8508116827455529,0.8764314731115448,0.880527548678973,0.8594561284358802,0.8721063078717796,0.2717254812206079,-0.6054999240793423,0.9600703712476553,0.9403542045687184,0.939891385408097,0.9446106193962053,0.9563498111369547,0.9676029159344027,0.9677033287061254,0.9256772821353748,0.9638185701496594,0.8287177797337348,0.6449973750383372,0.9031460987032497,0.9219684123095787,0.7504411897022811,0.922978594290465,0.943131976421613,0.8146950716310536,0.9660976260513626,0.831234293986631,0.6217104121977424,0.6983895223900496,0.8440305612470598,0.8405702227014403,0.8299844336807899,0.9751193324744929,0.9753930507993911,0.7246402877698995,0.6870115795263166,0.7826062340538387,0.3214806072667993,0.7667630169959421,0.7920030797683423,0.7820433662974842,0.7883542967376111,0.7375701018810006,0.7307980539442075,0.7095873673967851,-0.2610026444653842,-0.4087732854549083,0.646992928640249,0.8911821386892472,0.928872840873504,0.9441542904419137,0.9167470122629723,0.8238162269569089,0.9127235362491759,0.9345101651220534,0.9338830935331514,0.7750455400555357,-0.14517778436657677],[0.9954811309024485,0.9894531190273572,0.9911361164490158,0.9959947490848885,0.9983363570316074,0.9881867772139431,0.9972241387567811,1.0,0.999984713631758,0.9675513141824477,0.99966951812653,0.9999969261270573,0.999669761298289,0.999997929090352,0.9997582628092568,0.9941290052294521,0.9993395966042081,0.9998921217075961,0.9998918208786693,0.9999582636898456,0.9999946390478193,0.990975070936307,0.9762263816267451,0.991973618269457,0.9932151081426505,0.9853441141632228,0.9746324261857502,0.9443444578986141,0.9883550252640967,0.9941452729890451,0.9917920510607815,0.9689051009135661,0.9994334475187725,0.9995026515526506,0.9996240675495661,0.9996973912173418,0.9988614383668337,0.9994301552299855,0.9989379469217966,0.998599230640219,0.9995030632636738,0.999367094097263,0.9843111110166143,0.9285067160125413,0.7173529750371878,0.937921533158025,0.9166990814707746,0.7859584085666884,0.9565144125067093,0.9363868954500485,0.9581987173249283,0.9516806249290495,0.944776090518849,0.9797439902644757,0.976922720390244,0.9367489428890071,0.9517930733721014,0.962352551288602,0.9664545934058099,0.9645880470898367,0.9406339019191466,0.8839801392124204,0.9418493912867331,0.9486660126699366,0.9275188805301349,0.8662284041960586,0.9587591198417706,0.9253557687279718,0.9573746252412252,0.937587508678586,0.730431503994827,0.8237867148845076,0.755113391490544,0.8409590756424876,0.867729216678855,0.8746310489462378,0.8543138964317865,0.8640997536121475,0.2513160357456532,-0.6111402721319099,0.9548019537565954,0.9311847894873653,0.9319753157557885,0.942420004636864,0.9504624778824192,0.9624576791641936,0.9625657742104291,0.9188600287035087,0.9556850699241238,0.8143274517767346,0.6404961108917224,0.9224481026125311,0.9342467225641655,0.7451591821573295,0.9223465642200304,0.9427680118981189,0.8119805125079081,0.9707232972596764,0.8349258836654754,0.6073548954510551,0.6889563684926656,0.8452493947948284,0.8375066393877889,0.8333119164670344,0.9780598759505105,0.978333024938387,0.7145391588096643,0.6781408355240146,0.7845160273267813,0.3068470446056802,0.7615234522364488,0.7876150630015328,0.7832479906940459,0.7827738547181523,0.7303194897001208,0.7244118798757883,0.7025281554524917,-0.27799527046314676,-0.4248000931350683,0.6292338420527788,0.8827510257608541,0.9265786179843845,0.9364258099799327,0.9104163038668946,0.8123835696018815,0.9061854041431819,0.9281775687744185,0.9278016914739029,0.7548757432563364,-0.1273124064572708],[0.9957990019987941,0.9894852418080194,0.9943646360979714,0.9963935648440474,0.9983970258729962,0.9877617494748646,0.9995439242153946,0.999984713631758,1.0,0.9668774123990403,0.9996685556301373,0.9999816425296119,0.9998419355903093,0.999990212715324,0.9999157911171958,0.9987072985018014,0.9993307810199348,0.9998321082844858,0.999831106506299,0.9999673727227252,0.999982671121753,0.9938610644640987,0.9776035591557461,0.9952603752688416,0.9953998509516966,0.985376447557041,0.9789664701633018,0.9455749184997307,0.9889297600972154,0.9932426362704412,0.9888435148259802,0.9645143495670458,0.9993623986579134,0.9994428551144375,0.9994477371057356,0.9998444466710203,0.9988711500974365,0.9994173081161004,0.9989990790008989,0.9986127100267408,0.9993577456199404,0.9993519350314124,0.9887751252669424,0.9285590507777322,0.7180383544042278,0.9379299312435093,0.9167783751921238,0.7861791051843876,0.9436536512480549,0.9258098123479861,0.9471420788657995,0.9491247197134294,0.94200376647063,0.9774434245825304,0.9769953763203082,0.9681957602407555,0.9522931873106081,0.9690823807450809,0.9666047270663183,0.9694990707402289,0.9691702662718957,0.9403078740533111,0.9412750643974241,0.9415067357767277,0.9411032606396357,0.8956865818021696,0.9591954023620769,0.9597144842659039,0.965845584946192,0.9646854126180491,0.9193858712175064,0.823110032369039,0.7726046607183131,0.8404224560822949,0.8893270337623597,0.8733331490670934,0.8807700093721732,0.879729505930573,0.6406268569901576,-0.6265699911699727,0.9548338303793263,0.931219923324262,0.9321094450309334,0.9695318348193354,0.9453209899496927,0.9620791509749846,0.9615753481552795,0.9198878360891329,0.9643041178920051,0.9241496340355088,0.6388695466216168,0.9222559571682223,0.9480614784582441,0.7217759915844068,0.9094733927333415,0.9337941483350725,0.8111005944930307,0.969554947345983,0.8874203554407332,0.5087604372127104,0.6577084448275644,0.8757990271612044,0.8337371811602305,0.8785645287153402,0.9780298327921911,0.9782892571782038,0.7124567253437107,0.6754629113054169,0.7516431304294868,0.30466739373302765,0.6925458276017198,0.757140749306051,0.7353119221708636,0.7157061580262735,0.7280998371640667,0.7213375203617263,0.6994296820854975,-0.5124821091036413,-0.5911840262686486,0.6294754133000774,0.8816078116773396,0.9253621029566869,0.938102721889944,0.9094188849374567,0.8075701604361427,0.8959045465360871,0.9184140827570317,0.9178517292644639,0.8065558605760074,0.10468862676452699],[0.9800397121399879,0.9696000014704941,0.9561135050163639,0.979687606940371,0.9735465281680491,0.9632671678411816,0.9732642495120128,0.9675513141824477,0.9668774123990403,1.0,0.9547966098902645,0.9679324469762646,0.9668912335629681,0.9676678017974916,0.96803153914738,0.972370901074666,0.9753174251877164,0.9718319399211062,0.9718463235265739,0.9677191992758511,0.9677890336809138,0.9666983057174037,0.9543589783931989,0.9742217111239356,0.9721669181193582,0.9057385084725187,0.9701498014582302,0.9538012312783976,0.9772666230793058,0.971583940540836,0.9716221070197456,0.9391139962463692,0.9755628309921035,0.9751488847025691,0.975576128512063,0.9681623596822619,0.9620364121130506,0.9745893121946952,0.976296864818093,0.9779096042833395,0.9757368784777578,0.9757539746349122,0.956434317467047,0.8492489796400671,0.5384254439544853,0.8120945883522394,0.8976889507435252,0.8757893264566773,0.9040549563032746,0.8378832072267033,0.9084368578958624,0.9191165741610681,0.9056091757021869,0.9365821597047276,0.9364465821915339,0.94578186200996,0.9381155930358009,0.9554664441871258,0.9495268397404661,0.9539492324803779,0.9539698284861043,0.912987540062922,0.9542959335890272,0.940856047946436,0.9405455611023181,0.8664529602482468,0.9380581636107754,0.9454475335079845,0.9392858146118361,0.9382281896619575,0.8895645720389787,0.8312441521964905,0.7896915080077717,0.8723659788083877,0.9206776190882621,0.8943031057807382,0.9075660888338756,0.9068906241464518,0.730241003162833,-0.3206248436505131,0.9544954216618067,0.9559385933136402,0.9478135902834531,0.9474613990757148,0.9330889650440993,0.955709142365172,0.9556582510339175,0.9042133200970937,0.9575798381682056,0.9087385218607984,0.7338620369503049,0.7221272050370491,0.8732961131361805,0.6481057725138263,0.8624939977376106,0.8967057863911952,0.8798340948727678,0.9526397698914771,0.9075728235660363,0.3936020291642172,0.6600667702710056,0.900012777595291,0.8786360793076987,0.9068728494412349,0.9528618387485224,0.9531826703261091,0.5473399393910432,0.7129789432116336,0.6230204558545522,0.4942611539991971,0.5827307132214814,0.6370796980630387,0.5983603134182757,0.5722182164016283,0.8155422446864522,0.6929608316063938,0.6578720746953546,-0.291292637638418,-0.34262405701265786,0.7527353326449302,0.9177396518358395,0.9246532564229354,0.9137006138505112,0.9424920923616497,0.670701544181971,0.847347771673693,0.9112724890502133,0.9104425610538239,0.6937279464993931,-0.16428468338067623],[0.9926937549142251,0.9917354351462877,0.9970647278853375,0.9940269843135036,0.9977598042895107,0.979698654973863,0.9994557160613854,0.99966951812653,0.9996685556301373,0.9547966098902645,1.0,0.9996952748636321,0.999674952278434,0.9996828045911823,0.9997207474809332,0.9983369818527296,0.9991711572780622,0.999958314288618,0.9999578716441055,0.9996817567784917,0.9996894793243959,0.9907542197255655,0.9604827271827704,0.9917594727696531,0.9928325238803655,0.9894233929447763,0.9723169434398957,0.9020368028372817,0.9888621170165165,0.9926211224804644,0.9739166945645032,0.9027507009231434,0.9991964865582154,0.9992606575888802,0.999200449401336,0.9994729566933063,0.9994351759534965,0.9992235402924419,0.9983500493517877,0.9979401434413261,0.9991709506439846,0.9991665636345743,0.9899325409539019,0.9226236723160316,0.5596837605841165,0.9337009357702037,0.9159513780418622,0.7900996119036447,0.8576243505865997,0.8958871132325983,0.8628596646099028,0.8774318364506315,0.8548334950451288,0.9515297079616165,0.9514660911634366,0.9535749380787635,0.9556874987109518,0.9459294660617095,0.9477946664586617,0.9500718644920015,0.9498829793723268,0.9026351689294055,0.9140454865758525,0.8753909355394156,0.8752194797954019,0.7640008639499679,0.9500288986323123,0.953226239813458,0.9533808048583204,0.9527013178386153,0.9041299931045712,0.6209047106938026,0.5598205587440404,0.7114936107303992,0.8093926927591593,0.7399517270836311,0.7762553039194285,0.7750824487038194,0.5540009682345598,-0.3963447884223401,0.9257480463973681,0.9350555843030782,0.9254419376870687,0.9549249151644778,0.9223486375539195,0.9313152293886918,0.9301547004547328,0.8657615872339005,0.9353605998754813,0.8726666819525876,0.5397242626752591,0.9190034047342008,0.9131619078383583,0.3387302509541604,0.7085179961078666,0.787540661250474,0.6611324107080856,0.9725222863487447,0.671537267423906,-0.19349201990723083,0.19599759115170898,0.6446392107391972,0.6485046748963883,0.6903775970457894,0.9737681370532751,0.9738232524469195,-0.006316124151235607,0.22476891902387336,0.07669460716658762,0.04229097280441059,0.06944355990324502,0.08860752014458544,0.05531717216979899,0.0049358912807618465,0.4300010842667373,0.15952309519628155,0.10676131245346678,-0.51884210036764,-0.5546500046725313,0.6295209845411265,0.741365147152439,0.7662703741804016,0.8275503339844303,0.8255152957250983,0.5255396268598185,0.7264991929065837,0.7614828710593088,0.7602203736780442,0.4065011307342161,0.24394834601926593],[0.9956196885362203,0.9896768035205704,0.9910288301341069,0.9961152423550904,0.9983793543395081,0.9881194951746792,0.998189433974249,0.9999969261270573,0.9999816425296119,0.9679324469762646,0.9996952748636321,1.0,0.9996541511201313,0.9999976621942834,0.999778444150134,0.9952215903253707,0.9993884139268231,0.9999029759191711,0.9999028598972591,0.9999659270716021,0.9999950679354235,0.9908830625003222,0.9760991623014168,0.9926305028907413,0.9931765929597242,0.9855265517541014,0.9744659124080666,0.9443603269960722,0.9892450702079436,0.9942048916814543,0.9918673206939603,0.969051714070935,0.999475936302841,0.9995460697487235,0.999657080152419,0.9996989967412715,0.9989458497946269,0.9994745566137112,0.9989965813585151,0.9986779472739536,0.9995466839575031,0.9994105515449431,0.9841162114281774,0.9288029203939407,0.7180759743027925,0.937862666279302,0.916952220087899,0.7870953293548244,0.9568480761986126,0.936801687379719,0.9585399889055823,0.9520570303506387,0.9451808721603777,0.9799864925107662,0.9771111905116963,0.9370764500382027,0.951987612412354,0.9626676938005486,0.9666105552693597,0.964896735914264,0.940904711349833,0.8841850372861952,0.9421481871140155,0.9491025763216372,0.9279666487490892,0.8666865433557074,0.9588601429629613,0.9255949862392607,0.9576171105594317,0.9378930212605061,0.730564566491681,0.8242941952193878,0.7556839021516779,0.8414539559265637,0.8681020871077725,0.8749203808462324,0.854750116941791,0.8645538291024963,0.25167768286542086,-0.6110332086659211,0.9550375961960074,0.931593268447638,0.9323135121038689,0.9426746767763917,0.9507145636448484,0.962698573140198,0.9628068389253757,0.9190925564330543,0.9560251874522125,0.8145972807771048,0.6406917896346311,0.9215750757761361,0.9337066115188941,0.7454108171968256,0.9223943052415479,0.9428158956596183,0.8122689562579968,0.970553789710378,0.8353733745190473,0.6083790371440762,0.6896510670055653,0.845718216621346,0.8380396849361045,0.8337426038843511,0.9779760238874116,0.978249192065871,0.7152033227761029,0.678760203345041,0.7850907988691076,0.3077049153954116,0.7622125408267122,0.7882934347911803,0.7838288477798292,0.7834809855910638,0.7307252305158002,0.7248718523313123,0.7030158447533804,-0.2769676063666219,-0.4238706381490666,0.6298207235818282,0.8832677960236154,0.9269963887131057,0.9369328262818277,0.9108690967516918,0.8129385679172556,0.9067374756738036,0.9287165987236914,0.9283277329629609,0.7555474818089654,-0.1283739816328043],[0.9948617328558755,0.9895131456793423,0.9929577533456122,0.9955650689156574,0.9981873907593467,0.9893468459761922,0.9990854140059588,0.999669761298289,0.9998419355903093,0.9668912335629681,0.999674952278434,0.9996541511201313,1.0,0.9996908429267356,0.9997486995679725,0.9984959455761535,0.9989511817082538,0.9994867706909222,0.9994802044601213,0.9996723909036879,0.9996464886974059,0.992875625730522,0.9777510410647513,0.9959176853032309,0.9958073434502476,0.9853788305489021,0.9772788306393657,0.9468494923057955,0.9883485018718092,0.9921914723997443,0.9909075623114058,0.966663725979907,0.9987735291930124,0.9990857994791998,0.9992737694340308,0.9999191055796142,0.9988953416640775,0.9990700554890543,0.9983737514297926,0.998001370641309,0.9987671719003594,0.9986950668242744,0.9881340693858183,0.9287540871627796,0.7137717246487466,0.9379587945226413,0.9168491929698355,0.7864109521994845,0.952258484789726,0.9299470569773342,0.9533417964458079,0.9485488398103897,0.9410591096946473,0.9764278309689944,0.9749849538366959,0.9600602100312671,0.9516868381390742,0.9629760179128184,0.9659710116842847,0.964753468715323,0.9641191185373115,0.8882913037366006,0.939338185737218,0.9475387056798449,0.947311023414736,0.8650478628772046,0.9592188623625937,0.9371157167443082,0.9595023190896584,0.9582474345084546,0.7352110136430677,0.8213794616455085,0.7826040076773189,0.8391880125082298,0.86957028372216,0.8741122648843022,0.8630594871799488,0.8636403113167391,0.23679720528792617,-0.6055045386965758,0.9542338669536091,0.9313013648014518,0.9313074584794114,0.962864912019715,0.9502059999567929,0.9615661819579557,0.9616319690245824,0.9190254623341734,0.9563818374085251,0.8212519856392287,0.641116050026423,0.9220780996767882,0.9345169479264189,0.742848036116973,0.9205978230941945,0.941290327969509,0.8131743567957175,0.9731542888721819,0.8296784624147598,0.599929472332227,0.685065870529267,0.8368998303037457,0.8327003773691586,0.8257281438130658,0.9798261581518757,0.9800560112141933,0.7060707993222028,0.6734159454485138,0.7646693242121295,0.30741681417537275,0.752251040375785,0.776988006275277,0.7534762437264683,0.772436506615405,0.7284870061294475,0.7148284371049426,0.6932337847649525,-0.28358092316023054,-0.4288962745799694,0.6294097342084775,0.881014378149973,0.9282698612394795,0.9322861040633453,0.9100058046256191,0.8050969817030912,0.900382661197996,0.9215352507882748,0.9218300729058582,0.7491212492620555,-0.12668352324468346],[0.9955331226374494,0.9895597400000486,0.9911957198304232,0.9960452364432024,0.9983702776267666,0.9882484933491045,0.9990534497686222,0.999997929090352,0.999990212715324,0.9676678017974916,0.9996828045911823,0.9999976621942834,0.9996908429267356,1.0,0.9998250287876519,0.9979587171008586,0.9993587892242012,0.9998955817850599,0.9998949553095583,0.9999600359085932,0.999992584286794,0.9910151508305504,0.9762815444033718,0.9944423082356183,0.9942774437107301,0.9854518392035729,0.9746782095681908,0.9445230902332838,0.9917048855496343,0.9945073757318352,0.9917357828216166,0.9688050486632815,0.9994484388314667,0.9995065826788528,0.9996335165379631,0.9997154066853947,0.9989006621062,0.9994400593572921,0.9989737612224071,0.9986201159635034,0.9995158822042115,0.9993829005144055,0.9842965453521535,0.9286090308992356,0.7174197521616514,0.9379384354320064,0.9168811993396064,0.7864924545893497,0.9566165698933169,0.9365525375873275,0.958336353747005,0.9516409638521552,0.9447100347095121,0.9797873715849968,0.9768807309400985,0.9370915478972305,0.9519087153032039,0.9625433047729057,0.9665263720935569,0.9647626944418123,0.9403688123765084,0.884213984600064,0.9417088404329502,0.9487388434019152,0.927765575178108,0.8663634471009325,0.9589200229946911,0.9257569946729346,0.9576089858946643,0.9379465614919363,0.7308167111131962,0.8237376816342875,0.7554097613537155,0.8409552184809216,0.8679150585616504,0.8746067165788084,0.8544843045469181,0.8642867913728018,0.2516815176547569,-0.6108456733699488,0.9548724978764679,0.9313858320794561,0.9321438894280597,0.9406458147776906,0.950652897358658,0.9625343055784797,0.9626391266890296,0.9190401206178624,0.9558759562783258,0.8146193950479528,0.6405404303332749,0.9220328395278556,0.9341071499574682,0.7451006716991985,0.9222252326206685,0.9426728806238501,0.8119841982628977,0.9707420330945628,0.8349836644905998,0.6072205207683393,0.6888499062387886,0.8452912042542272,0.8376637666031216,0.8333627045807463,0.9781110303349505,0.9783805037685147,0.7140903563572106,0.677744906417606,0.78451741487764,0.30715278032384596,0.7615155573902975,0.7875504072258899,0.7834378449258971,0.7826855678601535,0.7302239251935458,0.7236013802736636,0.7017528708348355,-0.27778852898462536,-0.42458948050580253,0.629566958475915,0.8826775956130257,0.926732398985369,0.9364980328533049,0.9104785514055662,0.8121950322504734,0.9064264809195217,0.9282454926636406,0.9279862973177802,0.7550028511207626,-0.12762134423957952],[0.9961370119652656,0.9908534185996556,0.9919425141502263,0.996635784658142,0.9986620311983063,0.9888438203654365,0.9994488850830187,0.9997582628092568,0.9999157911171958,0.96803153914738,0.9997207474809332,0.999778444150134,0.9997486995679725,0.9998250287876519,1.0,0.9982566560320315,0.9995052148129935,0.9997556926859286,0.9997560913073755,0.9998685233993116,0.9998452847361788,0.991631973181865,0.9766749522582585,0.9936324684887419,0.9935169836471404,0.9872034042430166,0.9750021720807872,0.9459633690669454,0.9911958877049831,0.9928440636937088,0.9917836997372588,0.9689582583786062,0.9992832560500876,0.9995217922336439,0.9996796788165787,0.9998495178951525,0.9992530827869521,0.999515740661031,0.998938306312434,0.9988677743450166,0.999431236084099,0.9992286420443569,0.9846639329360809,0.9295207318824413,0.721246931889628,0.9390709192916414,0.9210070417678049,0.7929576475968251,0.9564497923643246,0.937975846873059,0.9584553927638876,0.9527433683249797,0.9456190204814708,0.9801194349500713,0.9775127828853286,0.9394581874543178,0.954376690787689,0.9653773961644644,0.9677757937526041,0.9673675748527047,0.9417551362727556,0.8889995323673261,0.942476065712988,0.9506829959953093,0.9293692536731875,0.871318307059936,0.9606158077428072,0.9295718245893907,0.9605060326426114,0.9403515863710971,0.7386190512788254,0.8250749590113519,0.7569485213103165,0.8426839687662249,0.8707697312550855,0.8754511362550107,0.8559291468308688,0.8666556735202,0.2606222042561999,-0.6073461810395715,0.9562779294229099,0.9339788902846008,0.9344861885868637,0.9437352161069507,0.9529917080016785,0.9639431214674844,0.9640282132562115,0.921546905162584,0.9587717286547788,0.821041260843805,0.6385585681908847,0.917383841815341,0.9309204421545855,0.7441783352093763,0.9210301926434598,0.9415761680461534,0.8114672661990354,0.9696859404781625,0.8323825149526167,0.6071777340993119,0.6882126536295409,0.8428991196027458,0.8369067842517173,0.8306023594631861,0.9773929786523503,0.9776379670406766,0.7118592826939778,0.6753532960693504,0.7815339325148056,0.30718357918794326,0.7595504502505447,0.785246951838386,0.7810556050095978,0.7805622255830135,0.7280235937553707,0.7190219558757094,0.6973519020454584,-0.2748774033003074,-0.4215262201806499,0.6299761117605756,0.8819659135587364,0.9260346684206194,0.9373760088083046,0.9094406862534452,0.8122782466356726,0.9073226632840646,0.9285358382811247,0.9285816221156453,0.7598551430471739,-0.13152459311535464],[0.9977492032134339,0.9954032836700141,0.9907618939757447,0.9981015163106163,0.9989496754280737,0.990408336285541,0.9976947931931696,0.9941290052294521,0.9987072985018014,0.972370901074666,0.9983369818527296,0.9952215903253707,0.9984959455761535,0.9979587171008586,0.9982566560320315,1.0,0.9994121091900845,0.998456907045966,0.9984584087743681,0.9986861767234101,0.9978718119206395,0.9919260006351266,0.9777674601743441,0.9801677064806379,0.98919461454446,0.9894249069521093,0.9746696086413598,0.9514900083360719,0.9940228533029826,0.992598126107228,0.9915550511860417,0.971074466425218,0.9984686513751972,0.9990516040014262,0.998841935759425,0.9981610952319432,0.9992089165900139,0.9991796195995096,0.9989761787572314,0.9991572979469119,0.9983520998264558,0.9984010483495973,0.9812913175511812,0.9266948366673025,0.7353628777429125,0.9267947078722155,0.9201993944515278,0.8195894754823243,0.9627194860404173,0.9437116479901749,0.9647638508222675,0.9570668573181611,0.9489457743773787,0.9819259108059974,0.9792859990910125,0.9533092468185399,0.9627373414178622,0.9732518337703522,0.9727741520827212,0.9745020743081622,0.9553294578697155,0.9014637273037931,0.9488261747350789,0.9580728464955696,0.9431317890175609,0.8855232092775268,0.9662043456875217,0.9428430581476674,0.9681788132031566,0.9538679630064923,0.7563094542729141,0.8371341296246196,0.7765426171981765,0.8554705386939808,0.8840069661448284,0.8847231922282346,0.8678244514936833,0.8790885580317487,0.28875747644879635,-0.5887138057382184,0.9632608221595453,0.9461719088855742,0.945445900839498,0.9582320038354503,0.9602878884832393,0.9698104935281089,0.9698188090248498,0.9318851405671696,0.9675869523982396,0.8383788194858002,0.6415564315082083,0.8925857856217847,0.9198951926910258,0.7472111424131506,0.9190448543992992,0.9393779275879487,0.8152827829620907,0.9662330811339748,0.8342984490843943,0.6126281220449913,0.6933292021957138,0.8412394171354711,0.8389487347021088,0.8290977725383594,0.9739994024152386,0.9741697247161822,0.7127204110676838,0.6790008969399575,0.7842276303677462,0.3189116962379883,0.7600062520661647,0.7841918981249338,0.7908651766691948,0.7803624956396229,0.7309794692918293,0.716156477230277,0.6955584545169816,-0.2562764368337564,-0.40305440207391974,0.6497184858549487,0.887923400736867,0.9359119329724126,0.9415602956806519,0.9128452473638493,0.8166370110198503,0.9187252476838564,0.9329905447655814,0.9375828402536303,0.7739637155663392,-0.15474067504807185],[0.9981563777405834,0.9952935103137738,0.9905236813021648,0.9984922643770402,0.9992179150338703,0.9893239996304009,0.9999025527177613,0.9993395966042081,0.9993307810199348,0.9753174251877164,0.9991711572780622,0.9993884139268231,0.9989511817082538,0.9993587892242012,0.9995052148129935,0.9994121091900845,1.0,0.9996697069373514,0.999673925460404,0.9994547165859674,0.9993745644772913,0.9931830260694532,0.9783333104489487,0.9944565978259053,0.994063902244527,0.9901638087206366,0.976556926880873,0.9482628983576394,0.9915731583973553,0.9944603504176047,0.9920137996172773,0.972366444143278,0.999870494766695,0.999860971100042,0.9998394216816441,0.9991996939065777,