var element = document.getElementById("correlationAdjClose");

if (element.style.display != 'none') {
    var correlationAdjClose = {"data": [{"type": "heatmap", "z": [[1.0, 0.999991314681355, 0.9847266360883333, 0.9999224738122232, 0.998918266623979, 0.9881584283992131, 0.9975661421151031, 0.9953831557731309, 0.9956971114126828, 0.9798422319259773, 0.9924317683273143, 0.9955248092378993, 0.9947517517001987, 0.9954362675307147, 0.9955742707013512, 0.9966273733765516, 0.9981151375891054, 0.9961347667652676, 0.9961534870524626, 0.9961975207924664, 0.995480438450835, 0.9857512065925339, 0.9697583322856287, 0.9881326349552302, 0.9869898323781177, 0.9822551448284547, 0.9642138079632807, 0.9447394514355587, 0.993981193928082, 0.9945454788960288, 0.9918274823934758, 0.9751380959313347, 0.9974772966540237, 0.9977677252119844, 0.9971653250937041, 0.9955880970275484, 0.995166280024259, 0.9976371194633834, 0.997688540137077, 0.998674908914845, 0.9974199155584389, 0.9974349427893306, 0.9766702048212268, 0.9171739631407387, 0.7468671530332951, 0.9001155347271785, 0.9032403715604364, 0.8396866827776965, 0.966293709374994, 0.9448675618142466, 0.9676440511898311, 0.9649831091498269, 0.9579354458520798, 0.9856611574781123, 0.9822028707846715, 0.9844588100369803, 0.9780195937538655, 0.9862895287029428, 0.9837440732770619, 0.986908933194339, 0.9866989374830012, 0.9645513590540765, 0.9682568007418427, 0.9718530353165469, 0.971540549306457, 0.9456588402148063, 0.9760148235371812, 0.97427135255073, 0.982412797522152, 0.981587952176151, 0.9366082126122767, 0.8624270705804336, 0.8298568045582652, 0.8811592808428319, 0.9069911619172392, 0.9021977405075479, 0.9050064290234461, 0.9037327956342504, 0.632320033149531, -0.57114153057603, 0.9773448062463492, 0.9692297989431597, 0.9657209646702266, 0.9853304122485629, 0.970964010397385, 0.9820141907139098, 0.9819944126070436, 0.9462497954990987, 0.982198177264703, 0.9502156749823701, 0.6464053105350582, 0.8683115074412139, 0.915926824511473, 0.7537453242204095, 0.9222016294263253, 0.9418855210525388, 0.8168920946495392, 0.9582946849169167, 0.8958491396325833, 0.643087389433354, 0.7087282129265471, 0.8918026566335272, 0.8646155122884929, 0.888576106413267, 0.9689977149193646, 0.9692706897043238, 0.7384126670563026, 0.7064272590994516, 0.8256452085106717, 0.3430758972441684, 0.794842459016074, 0.8299814404665476, 0.8164557361259914, 0.8146515026311446, 0.7512293327210703, 0.742412004172234, 0.7226964245440147, -0.2437301230526709, -0.3798362567340527, 0.6373017984503799, 0.8990215419034242, 0.9441183673991755, 0.9484413028900365, 0.9187526857130083, 0.8284028672980783, 0.9156131731257787, 0.937362672898457, 0.9371237241734781, 0.8716594274571327, -0.18959379149612815], [0.999991314681355, 1.0, 0.9833693546464356, 0.9997750362364209, 0.9976300526333727, 0.9905053579917811, 0.993215527426275, 0.9890568468008951, 0.9890915905286413, 0.9685583372072215, 0.9914235770770423, 0.9892937276084934, 0.9891206690437889, 0.9891686895897679, 0.9892629615159859, 0.9938207220166625, 0.9951193472985701, 0.9923873867493029, 0.9923867183314894, 0.9891653428338306, 0.9892234009944348, 0.9883142348530669, 0.9629865625397496, 0.984742094116656, 0.9844520855607326, 0.9821750714981806, 0.9733087430781502, 0.911270287023997, 0.9877381942431686, 0.9841242973381421, 0.976000051980832, 0.9139866010720208, 0.9947857121007295, 0.9946168825109621, 0.994901181896192, 0.9902324692321487, 0.9943468283745819, 0.9948929193362979, 0.9951915609485369, 0.9965969974216747, 0.9948872692788655, 0.9948955056344474, 0.9865363770255023, 0.916869281057473, 0.5987302849294218, 0.9000186947865431, 0.903506483912267, 0.8398439599812932, 0.8713793437144258, 0.912153240478685, 0.8751695647306292, 0.8958242743547478, 0.8702916122810169, 0.9542068178378061, 0.9541113639402482, 0.974926650368813, 0.9787740226511609, 0.972895438152073, 0.972481694291378, 0.9755105125591655, 0.9754232980452583, 0.9376287210549855, 0.946392047779179, 0.9126518646864547, 0.9125553243915249, 0.8111295197249365, 0.9700846506284904, 0.972352262311615, 0.9726036269947338, 0.972012245559208, 0.9331293522083729, 0.6582879599554028, 0.5996090198247817, 0.7513681859717435, 0.8448835439522975, 0.7745764671209995, 0.8112559783886354, 0.8095141822043118, 0.5945015542163385, -0.27685337854308306, 0.958038387317861, 0.964792145898097, 0.9577399250326497, 0.9758123765971347, 0.9549347479336835, 0.9625571947094677, 0.9616420055376484, 0.9058387443831686, 0.965481201148153, 0.9115037493020578, 0.47572444843558426, 0.8678684367440566, 0.8650815882140438, 0.27405919441669163, 0.660112281932139, 0.7511333959012277, 0.642001708093453, 0.9570324249880051, 0.6551978600334427, -0.2392745287843237, 0.1429812897925693, 0.6231574194597987, 0.6297132269457348, 0.6768776715927877, 0.9586813469953321, 0.958532199637077, -0.07782305985495383, 0.16041417502592423, 0.0030181979617910234, -0.02969047684821009, -0.0017109479327010735, 0.014873527973413445, -0.017744614427942996, -0.06072543598224848, 0.3665002546405517, 0.10475000886869701, 0.05539759776844074, -0.4523594074659038, -0.487299279399487, 0.6377878947940034, 0.745474269281578, 0.7699622865445092, 0.8295675995475901, 0.8254353145234675, 0.5395689560478967, 0.7328471314905632, 0.7655002672437731, 0.7641301141940195, 0.4118829130155093, 0.19934947580474718], [0.9847266360883333, 0.9833693546464356, 1.0, 0.9861685283075579, 0.9929047890311609, 0.9901712369605061, 0.9906905907130913, 0.991134955845757, 0.9943831156218963, 0.9554107649426642, 0.9970334660775867, 0.9910308369808588, 0.9929637060902076, 0.9911952467722969, 0.9911188150468111, 0.9917610768048205, 0.9904822306496138, 0.9897313080892144, 0.9896994163100401, 0.9929115727405673, 0.9910645162042714, 0.9936503075618841, 0.9797199260227315, 0.9908710347842342, 0.9912933150046411, 0.9809156922678341, 0.9825473661374985, 0.9487313476032031, 0.9727729990247147, 0.9764197413232124, 0.9781464276755878, 0.9505634757230553, 0.9879665975154635, 0.9910853562830276, 0.9894003778560887, 0.9930575667001849, 0.9948608004982282, 0.9921428130821581, 0.9874005430598698, 0.9880994321210338, 0.9882474864639519, 0.9876168699024596, 0.9907340956674229, 0.9168735760357002, 0.6875607964392191, 0.9253871556918651, 0.8966139050806042, 0.7520368890881876, 0.9269067748162392, 0.8999907067237104, 0.9291132643239277, 0.9247472430306093, 0.9147901980311115, 0.9527019243020686, 0.9598997080267436, 0.9317448688938444, 0.9499368650602074, 0.9548450296912923, 0.9607484704237456, 0.9554124923085786, 0.9297402776964154, 0.8995692847311113, 0.9281127555914658, 0.9248212438947455, 0.9079184775613182, 0.864965585597875, 0.9605653556594053, 0.9385355141557715, 0.9556076981893694, 0.9341926933389322, 0.7767192825968343, 0.8035131843477653, 0.7348750385815329, 0.8245170141735625, 0.8676396763025651, 0.8655548316326404, 0.8367036800165005, 0.8507447121178631, 0.3079581520081492, -0.5707783506051756, 0.9474117038689572, 0.922139920019945, 0.9257496969482554, 0.9322272984844165, 0.9417871710148035, 0.9522116734008429, 0.9519114194225138, 0.9141049434767157, 0.9484903455421501, 0.841187546140563, 0.6189326694381749, 0.935162682731247, 0.937041648957197, 0.7135654632140979, 0.9037598130214167, 0.9257307181129525, 0.8024321902755934, 0.9782256675629737, 0.7784334850460852, 0.5506103606366403, 0.6483594928327343, 0.7860510010904298, 0.7903377115561008, 0.7747537961248742, 0.9818193298621816, 0.9818906731827157, 0.6580147891871843, 0.6420365950653026, 0.7138411848783417, 0.2749519379169282, 0.690443956168548, 0.7116116627068043, 0.7247044032246054, 0.7079247769282171, 0.7056253207167893, 0.6695246687666254, 0.6479349960373049, -0.31686291089766855, -0.45253997296246745, 0.5935547810276518, 0.8592035575466057, 0.8942194840849378, 0.8959281756061521, 0.8920131991749186, 0.7586758196803797, 0.8683277851167911, 0.8827323323963244, 0.8913683278080803, 0.7390532657805072, -0.10842614976334992], [0.9999224738122232, 0.9997750362364209, 0.9861685283075579, 1.0, 0.9992235103952616, 0.9891275509165055, 0.9979022297605938, 0.9959076029645082, 0.9963076987797185, 0.9794937891821349, 0.9938291068638954, 0.9960311474396619, 0.9954677528345072, 0.9959591151931597, 0.9960762494304481, 0.9971479822194336, 0.998460543638163, 0.9965928189242366, 0.9966081657551239, 0.9967199597724784, 0.9959895721325921, 0.9870298747959174, 0.9711000276843004, 0.9892358200636966, 0.9882047802316862, 0.9845478390048904, 0.9663334726430488, 0.9459413870562146, 0.9934469060057216, 0.9942008252679089, 0.9919336035716787, 0.974789083824806, 0.9976363913217134, 0.9980690199170764, 0.9974782912012384, 0.9961577148894846, 0.9959422800175455, 0.9979773352634244, 0.9978017303578981, 0.9988219920892469, 0.9975703485975211, 0.9975816225316654, 0.978512383058137, 0.9127730172516972, 0.740450185639266, 0.9008835614019873, 0.9008589433426499, 0.8293073668679846, 0.9633654024868336, 0.9414226467009612, 0.9646061956134282, 0.9623025765083469, 0.9550488700751473, 0.9835808065789317, 0.9806626099322513, 0.9827074131501976, 0.9763369031409092, 0.9847260983669994, 0.9828919236219584, 0.9852656271443135, 0.9850535844687222, 0.9511416591412007, 0.9665939360568268, 0.970115913199, 0.9698046309661741, 0.9390133386079178, 0.9753426776455165, 0.970687362862477, 0.9806481081313398, 0.9797852021111758, 0.9094078930980055, 0.8603173135243138, 0.8250540818891785, 0.8787687033171598, 0.9034226491401959, 0.9013063137473345, 0.9019681942940827, 0.9007642791797811, 0.5279235357135974, -0.5711631538368777, 0.9761342523223352, 0.9670975308931978, 0.9635814802525855, 0.9835865026750711, 0.969820747209355, 0.9809297565173423, 0.9809107080019656, 0.9451432075308986, 0.9804132526985629, 0.9299754329903914, 0.6519599394421103, 0.8766275127219286, 0.9204697431034071, 0.7552971065116248, 0.9239434081870622, 0.9433719802220265, 0.817228931283708, 0.959802605750872, 0.8897081051415562, 0.6397864060243502, 0.7069563701062199, 0.8867330624201437, 0.8610779267608408, 0.8831768928146981, 0.9700933656638825, 0.9703725395412648, 0.7374535572804366, 0.7067276461700432, 0.817724454803603, 0.34518543275352287, 0.7892444054335305, 0.8217753657984261, 0.8083230897720091, 0.8093768475617478, 0.754108436301485, 0.7424949238193366, 0.7228479494926353, -0.23911566163140635, -0.3790915372479389, 0.6356138353027054, 0.8971249496068847, 0.942353735154266, 0.9467207290125166, 0.9176463620948815, 0.8256043340580924, 0.9136611150638925, 0.935177814245439, 0.935092631621416, 0.8640116469312753, -0.18223891129994532], [0.998918266623979, 0.9976300526333727, 0.9929047890311609, 0.9992235103952616, 1.0, 0.9919862704815359, 0.9990513150948582, 0.9983048358123564, 0.9983641880349345, 0.9731599744248557, 0.9976925825531737, 0.9983501934114087, 0.9981444302116206, 0.9983390210871224, 0.9984078586811646, 0.9986677669987805, 0.9992057018223636, 0.9987242310004131, 0.9987259445074065, 0.9984235750052127, 0.9983371868330077, 0.9937198845952456, 0.9787052037474252, 0.9938712610441772, 0.9938020105802001, 0.9880967684514997, 0.9803766878333448, 0.9492496042416453, 0.9899542620294158, 0.9924338512202384, 0.9895542693429782, 0.9657038998609786, 0.9989413689653257, 0.9989763301812745, 0.9989724805724649, 0.9984480028693031, 0.9985354850854653, 0.9990735329682413, 0.9991257051611565, 0.9991387481263541, 0.9989269419597078, 0.9989269070188466, 0.9889113941598873, 0.9224266232796648, 0.7155952732196441, 0.9160188562508325, 0.9049378164407241, 0.8111197300334066, 0.9470838859065291, 0.9294503990961911, 0.9509728629369872, 0.9535685515450384, 0.9458490291560427, 0.9796232787181075, 0.9795497871581117, 0.9785459777750297, 0.970112180628418, 0.9795292031531483, 0.9783854233498446, 0.9798422150534315, 0.9795889842006579, 0.952750814342735, 0.956139938325932, 0.951127020048935, 0.950748232744313, 0.905325724745661, 0.9722210249206983, 0.9688489753804272, 0.9756419457463573, 0.9747132650291542, 0.9316282196759116, 0.8352724075650314, 0.7893590552917876, 0.8605691502052693, 0.905848378135813, 0.8866327391294825, 0.895451899564655, 0.8943437044367564, 0.6853986428541994, -0.5937271885667598, 0.9687111214969836, 0.9547769191711647, 0.9525347126439696, 0.9797166553448267, 0.9583504820047963, 0.9731215282335698, 0.9726858281532961, 0.9341657633182546, 0.975149122350132, 0.9382777204258983, 0.6382371528459787, 0.8978922509403071, 0.9419734860639051, 0.704553165334358, 0.901832650408192, 0.9273002003190625, 0.8108638551063128, 0.965760587113036, 0.8797152323754066, 0.486620994291374, 0.6384793125866994, 0.8673578892679199, 0.8232940223041193, 0.8694090585060441, 0.9743512745776971, 0.974570784915712, 0.6904717222533264, 0.6869749585673586, 0.7344306262049316, 0.31961117386146914, 0.671923485041054, 0.7403244853938826, 0.7162504707535952, 0.695820876408523, 0.7376900356608044, 0.7247548462320851, 0.7041311980185501, -0.4614314839569365, -0.5382942633569768, 0.624301109626381, 0.8896264737391509, 0.9263973897966072, 0.9381362783985414, 0.9137888311318709, 0.8017159846371574, 0.8959437688902344, 0.9193834268178994, 0.9188437599383102, 0.7974530941298694, 0.034112423649170755], [0.9881584283992131, 0.9905053579917811, 0.9901712369605061, 0.9891275509165055, 0.9919862704815359, 1.0, 0.9883932999233827, 0.9885035732470421, 0.9880447783471064, 0.9638686925090374, 0.9795954906254111, 0.9884452884806972, 0.9896227392401663, 0.9885647182061345, 0.988678730540751, 0.9915888173400897, 0.9896845237230963, 0.9893699878193957, 0.9893372667241371, 0.9873685633880124, 0.9884785654040839, 0.9960969760223521, 0.9914654379512801, 0.9884653042759055, 0.9883111723570187, 0.9703122800328962, 0.9851499469533519, 0.9670478156034632, 0.9719102011270455, 0.9761661079681133, 0.9841134410914999, 0.970789770592326, 0.9883164109067094, 0.988517780317417, 0.9893163044938937, 0.989384238475591, 0.9819629923906922, 0.9892822952311396, 0.9887065114556989, 0.9889247492171069, 0.9884188607844944, 0.9883892507692166, 0.9947793292871785, 0.8753095128138394, 0.7181040162973902, 0.8773848830660668, 0.8988456966202737, 0.8312625490539148, 0.9320255545406718, 0.9115933792675847, 0.933904800768653, 0.9418871311994341, 0.9296063524331093, 0.9612134967488049, 0.9656941319116542, 0.9680588825182288, 0.9805223851620278, 0.969169846095527, 0.9810875284056386, 0.9690346570417927, 0.9684909381152301, 0.9683639769160809, 0.9599549285506176, 0.9430995785928357, 0.9426020182439885, 0.9308141469073757, 0.9785881650765332, 0.9709134667078325, 0.969415663712532, 0.9678223929104935, 0.950488810820301, 0.8588990908648864, 0.8107540846971789, 0.879156937986531, 0.897621203227735, 0.905147188933314, 0.8880352517726581, 0.8860727195600019, 0.651923199503164, -0.5337607782528314, 0.9750172686799765, 0.9716226723040711, 0.9680953476574777, 0.9692041933716355, 0.9657295295056979, 0.9751306350740678, 0.9748080724136509, 0.9560602530238237, 0.9646093742322677, 0.9554591071932342, 0.6539636976061282, 0.8418016900370024, 0.9387556853110717, 0.7526586663634811, 0.9141100128273938, 0.9317179890896561, 0.8120533149371887, 0.956199307616185, 0.8457221621513229, 0.586445224121461, 0.6806365640218953, 0.8432313087238079, 0.8213709626941861, 0.8409199949494879, 0.9583381484363561, 0.9584722221094775, 0.6998095531992881, 0.6862665633098568, 0.7617035106414106, 0.345099199215814, 0.7411939078575781, 0.7674746524562907, 0.7532808294988839, 0.7554360227361585, 0.7415076433109382, 0.7132407947925077, 0.6957090328225427, -0.2694816426762601, -0.3971753786293845, 0.6632688652260571, 0.8824771777703547, 0.9006015788480238, 0.9090283859281668, 0.8975416672734549, 0.7994022945200828, 0.8693367028180226, 0.8920123436176478, 0.8918935862251601, 0.8359528538210502, -0.15271889798768293], [0.9975661421151031, 0.993215527426275, 0.9906905907130913, 0.9979022297605938, 0.9990513150948582, 0.9883932999233827, 1.0, 0.9971847475807293, 0.9995361081541698, 0.9727286695867114, 0.9994376581330753, 0.9981589027790334, 0.9990759117636787, 0.9990358839057353, 0.9988170508690515, 0.9981835007144761, 0.9999028648823317, 0.9992662164348323, 0.9992725550800091, 0.9996562142534979, 0.9992359607094109, 0.9907022351235568, 0.9749532375208276, 0.9842385185067372, 0.9925885158105957, 0.9873357956136712, 0.9720983931134218, 0.9444013253240157, 0.9921699467042747, 0.9917938439789318, 0.993066999822741, 0.9717883737879991, 0.9988451164168223, 0.9998213807901166, 0.9996588018311648, 0.9994020559726212, 0.9996689729487701, 0.999852448152299, 0.9979465596783815, 0.9996799101506139, 0.9992845727302152, 0.9988984672827184, 0.9830237078447382, 0.92868898656514, 0.7313807807663848, 0.9292223859579027, 0.9157611390366014, 0.8032569882464667, 0.9584255702217148, 0.9408312146037467, 0.9604839178153818, 0.9579489435561617, 0.951485855980662, 0.9817521700701616, 0.9799902037258351, 0.9413005909595041, 0.9563417644237959, 0.9693625860602856, 0.9696994851619367, 0.9711547372760861, 0.9415737742415303, 0.8921386136493724, 0.9462970902182464, 0.9556267533193568, 0.9325827077290755, 0.8784784413831557, 0.9612785521287704, 0.9312099109489587, 0.9630225504887878, 0.9417345473453479, 0.7403436330767998, 0.8298893282146487, 0.7574901061223024, 0.8470629264180398, 0.8738196492849054, 0.8777563763836027, 0.8570155449187637, 0.8696615424118038, 0.26278166194082586, -0.6058221679934873, 0.9591233377590803, 0.9382758826980288, 0.9380851621556273, 0.9436439254233651, 0.9554645646717215, 0.9668869328917699, 0.966990060593531, 0.9244917671406021, 0.9630537033046259, 0.82477531718846, 0.6333319745949134, 0.8983877875809289, 0.9204222945684529, 0.7440952514874015, 0.9211994023197421, 0.9418337527744186, 0.8114296738485807, 0.9653019468271271, 0.8311375248883552, 0.6278442322375563, 0.6969442694852206, 0.8436980633294958, 0.839681125293283, 0.8295630296631248, 0.9744764364391798, 0.9747574427581355, 0.7235788775529919, 0.683454558330574, 0.7830034162755511, 0.314763797371909, 0.7661367800139941, 0.7921647323083773, 0.7824979837335438, 0.7884403645416002, 0.7333991372382243, 0.7294912253563324, 0.7080288889664448, -0.2576201391402069, -0.40480635370663226, 0.6429180388567716, 0.8912717791434831, 0.9294437535675832, 0.9447182788504292, 0.9172099258840386, 0.8237667625207161, 0.9133526599887299, 0.9351946879843792, 0.9345591319988164, 0.774822840544387, -0.1445280344248064], [0.9953831557731309, 0.9890568468008951, 0.991134955845757, 0.9959076029645082, 0.9983048358123564, 0.9885035732470421, 0.9971847475807293, 1.0, 0.9999845010523929, 0.9668757225826403, 0.9996570671935788, 0.9999969073609863, 0.9996655335310302, 0.9999978891567611, 0.9999820505277518, 0.9965375831878481, 0.9993245665816224, 0.9998898888112554, 0.9998895837774691, 0.9999574323609285, 0.9999945354302116, 0.99093105818209, 0.9759837964064697, 0.9918518701399432, 0.9930939242547556, 0.9844925254530092, 0.9742773220424302, 0.9430738029020284, 0.9884532437859661, 0.9942184279545755, 0.9917080991261745, 0.9684121806806293, 0.9994300435873418, 0.999495185266987, 0.9996180479733865, 0.9996915084714232, 0.9988186120060423, 0.9994180384154149, 0.9991219262851813, 0.9985707793337782, 0.9994996930924462, 0.9993625562383733, 0.9844846838749536, 0.9288607470991906, 0.718186945559118, 0.9352254981654291, 0.9131976868031826, 0.7819978661357969, 0.956872095836989, 0.9358965740876933, 0.9585132231833172, 0.9515079910304807, 0.9449707755211799, 0.9797561923839408, 0.976747573854788, 0.9355748737277119, 0.9504832528864564, 0.9615268661793174, 0.965693946413931, 0.9638099826382607, 0.9395990556289293, 0.88146212935159, 0.9401873621502524, 0.9477013101910507, 0.9264912283322603, 0.863224999847547, 0.9576976873259264, 0.9237774962489506, 0.9564584975221554, 0.9364082611649371, 0.723900907061045, 0.8197891956272783, 0.7524424535324553, 0.8369340991796679, 0.8648844742426689, 0.8716628200711193, 0.8517712652228795, 0.8614781614741018, 0.2419759049699714, -0.6116479799467299, 0.9536652422274571, 0.9286165433282454, 0.9298279817694037, 0.9414152996329216, 0.9493613777996358, 0.9615686472617998, 0.9616814071366606, 0.9173359807465221, 0.95470998469601, 0.8098655693792952, 0.6286339046454317, 0.9186493589824609, 0.9329262399777922, 0.7385458622412858, 0.9204986511274285, 0.9414206306360353, 0.8086634562249615, 0.9700179904712961, 0.8349544916383538, 0.6135384131784397, 0.6874386745293319, 0.8450166409188351, 0.8366483120101083, 0.8330118887089185, 0.9774859661982713, 0.9777665887894675, 0.7133952307818214, 0.6744300458122012, 0.7850238534496513, 0.29983550398999814, 0.7609168803825304, 0.7878290590689773, 0.7838063742797912, 0.7828944488816656, 0.7260011101203638, 0.7230337904349688, 0.7008851399774917, -0.27479580660981423, -0.4210283734764671, 0.6245627653113738, 0.8827238517404911, 0.9271910047386835, 0.9369839384654033, 0.9108088819554073, 0.8122500653348839, 0.9068159233680604, 0.9288632462741214, 0.9284831003760765, 0.7544697863009963, -0.12647341773012805], [0.9956971114126828, 0.9890915905286413, 0.9943831156218963, 0.9963076987797185, 0.9983641880349345, 0.9880447783471064, 0.9995361081541698, 0.9999845010523929, 1.0, 0.9661904755773676, 0.9996560614046143, 0.9999815322616529, 0.999838988676773, 0.9999900796139151, 0.9999964817253302, 0.9990012115591795, 0.999314538538721, 0.9998280772698083, 0.9998270640801125, 0.9999670432894784, 0.9999824721639268, 0.9938157646816284, 0.9772698395401278, 0.9951458294895064, 0.9952892212308269, 0.9845271604610263, 0.9785595472209386, 0.9442387999413764, 0.9889972407544223, 0.993303785447704, 0.9887351396643065, 0.9639309183841033, 0.9993543531726837, 0.9994352519317883, 0.9994383374049338, 0.9998408859068686, 0.9988287478378685, 0.999406046439921, 0.999346622109993, 0.9985820314891725, 0.9993489908403741, 0.9993430734121007, 0.9889058963377866, 0.9289086930868792, 0.7189128909965785, 0.9352322585075113, 0.9132792882086694, 0.7822224238700952, 0.9438365094071766, 0.9246085007393956, 0.9472569645594145, 0.9489058404801034, 0.9421648295245983, 0.9773086819188996, 0.9768342605459944, 0.9674616966526361, 0.9509899722048153, 0.9683658095817753, 0.9658305726063356, 0.9687757594954087, 0.9684365923745271, 0.9394903354418166, 0.9395753652166138, 0.9401122644484324, 0.9396963638041794, 0.8929981326821715, 0.9581281279264834, 0.9588544463921539, 0.9650557663672278, 0.9638648195013898, 0.9180181131617972, 0.8190867209380595, 0.7675176026364062, 0.8363695059355292, 0.8865182332450554, 0.8702036343910099, 0.8777992975659553, 0.8767481948105172, 0.6312252822524861, -0.6274973721972499, 0.9536801636856214, 0.9286507667926975, 0.9299490792383814, 0.9688314549649605, 0.9440256963449529, 0.9611586800626587, 0.9606379756552483, 0.9183264806124886, 0.9634456034404664, 0.9227569754752082, 0.6269399015498466, 0.9184481149644805, 0.9469774890822252, 0.7142330425083772, 0.9071626995165927, 0.9321249019814069, 0.8077673763309248, 0.9688036619264379, 0.8864863107124462, 0.5161037514975134, 0.65557926796756, 0.8746714295905179, 0.8315183631700409, 0.8772459713273789, 0.9774517457185771, 0.977718437505098, 0.7113010501918866, 0.6717109314194053, 0.7506717209386546, 0.2976086296254006, 0.690164748029609, 0.7562019525857205, 0.734025750312426, 0.7146020604095814, 0.7237372131576846, 0.7199320919639616, 0.6977573439424144, -0.5109414636974843, -0.5890723098508241, 0.6248081560261612, 0.8815857251645912, 0.9259246612382229, 0.9385392474303123, 0.9098169920775314, 0.8073496855986181, 0.8961879728034865, 0.91895539203985, 0.9183906681227295, 0.8069949152518724, 0.10703792213693311], [0.9798422319259773, 0.9685583372072215, 0.9554107649426642, 0.9794937891821349, 0.9731599744248557, 0.9638686925090374, 0.9727286695867114, 0.9668757225826403, 0.9661904755773676, 1.0, 0.953213066175462, 0.9672635784520824, 0.9662016636020083, 0.9669950922668058, 0.9665490683356667, 0.9678099126148436, 0.9748888511264051, 0.9712814107179683, 0.9712953476397751, 0.9670468659050343, 0.9671192357168661, 0.9663026669024231, 0.9538168269107452, 0.9736770882797214, 0.9715847327840033, 0.9003579718293199, 0.9697625789069169, 0.952804513341792, 0.9767268749727335, 0.9708950718894033, 0.9709344412462161, 0.9376424518930856, 0.9750673313734511, 0.9746441222344764, 0.9750882684272674, 0.9674759436815917, 0.9607290459709844, 0.9740876078784856, 0.9748646928710843, 0.9775244554526134, 0.975247440881823, 0.9752652763705703, 0.9562120603040353, 0.8467752517090729, 0.5383888318104174, 0.8027321674922415, 0.8931772949625882, 0.8742701573550887, 0.9027636538471886, 0.8339928707719679, 0.9072092137599105, 0.9175976156970056, 0.9043260207946093, 0.9350917138277959, 0.9349521434979365, 0.9451707834073996, 0.9371995837860692, 0.9551576667913118, 0.9490402161618376, 0.9535724636232475, 0.9535959108621436, 0.9129834222393488, 0.9540822590786193, 0.9398117776994259, 0.9395147713894698, 0.8635767149954267, 0.9370390721637961, 0.9446705307242813, 0.9383255247614596, 0.9372653455919718, 0.8883491970567514, 0.8270706794297411, 0.7846438599793537, 0.8690999112342821, 0.9187518497290147, 0.8916102564274185, 0.9052415733012921, 0.9045411587090599, 0.7229763556777716, -0.31881141770998106, 0.9540486114394225, 0.9551381767690574, 0.9472212396240941, 0.9468956068801706, 0.9322483379097971, 0.9552898340721859, 0.9552259786841667, 0.903502809034322, 0.9572098504814287, 0.9082293079567252, 0.7257177989415216, 0.70843662904633, 0.8701503617166092, 0.6382029721612287, 0.8589522175210946, 0.8941734356898126, 0.8777778127885558, 0.9514885133130836, 0.9068243791927418, 0.4051350065455743, 0.6589433431600252, 0.8992214839668644, 0.8772403923914189, 0.9059579048477696, 0.9517269677365571, 0.9520555862584797, 0.544227793326283, 0.7096750215002254, 0.6201166255620809, 0.490622445007938, 0.5793482322766917, 0.6344015872106155, 0.5952002811559819, 0.5697219636247335, 0.8126581198429604, 0.6900020018183858, 0.6548202658548317, -0.28762596306106003, -0.33781882276491526, 0.7526258654599463, 0.91760888240558, 0.9244238990883418, 0.9129136407109698, 0.9426235927726347, 0.6670038113539437, 0.8457421842136172, 0.9108434020770694, 0.9100010194668081, 0.6929072182107274, -0.1647859627782518], [0.9924317683273143, 0.9914235770770423, 0.9970334660775867, 0.9938291068638954, 0.9976925825531737, 0.9795954906254111, 0.9994376581330753, 0.9996570671935788, 0.9996560614046143, 0.953213066175462, 1.0, 0.9996841728466933, 0.9996629487315059, 0.9996709354013488, 0.999677360266354, 0.9994401663730327, 0.999139575095039, 0.9999567030799569, 0.9999562075824415, 0.9996699062764502, 0.9996778502747551, 0.9904188827213432, 0.9589064868501935, 0.9914560123293978, 0.9925621299871299, 0.9888073614934679, 0.9712188317492523, 0.8983778235510208, 0.9886357363151076, 0.9924875561892769, 0.9731154971659732, 0.89958471839853, 0.9991709692091033, 0.9992373589731263, 0.9991730654619999, 0.9994607302717659, 0.9994160294136681, 0.9991962560411344, 0.9990641651156678, 0.9978589820920288, 0.9991436839989766, 0.9991390093368263, 0.9897983114765385, 0.9228833769802458, 0.5628497801626277, 0.9307759561315089, 0.9124109144092617, 0.7863111378312212, 0.8566714802370115, 0.8935779352808416, 0.8620611967952831, 0.8755294980389686, 0.8537207361859208, 0.9507330027516736, 0.9506634767899346, 0.9518914517130334, 0.9541415888205123, 0.9439254269943023, 0.9458834298266732, 0.948236101594002, 0.9480426276826897, 0.8994772319832851, 0.9108685045382742, 0.8701044323693236, 0.8699299775502646, 0.753221741835568, 0.9480622313236068, 0.9513982409587943, 0.9515655360517467, 0.9508698780688178, 0.9006555891933035, 0.6068716064417132, 0.5443549237826492, 0.7001743400721739, 0.8013311571904513, 0.729145676179132, 0.7670861281542476, 0.7659092784270352, 0.536437084175088, -0.3992763695478994, 0.922803521306294, 0.9325817721466363, 0.9224763055113854, 0.9533098832088036, 0.9192861594268289, 0.9286125977942513, 0.9273955531646813, 0.8604449045858916, 0.9328472267103933, 0.8677504248259892, 0.5221428109238146, 0.9150204653965418, 0.909561940833273, 0.31293276909772016, 0.6956901281391746, 0.778233188358791, 0.6536305146308649, 0.9714959814166837, 0.6658604770799358, -0.1832802176158651, 0.18987073116241862, 0.6385737602836115, 0.6427925189784728, 0.6848659238062633, 0.9727681070890233, 0.9728232992408212, -0.017469910037779722, 0.2115131399954858, 0.06519207109146759, 0.03138860881463634, 0.05816628743646185, 0.07734747718747804, 0.04367322735728018, -0.005403026204419863, 0.4154063993985999, 0.14630924796163602, 0.09390839697191924, -0.5210213964847424, -0.555449887496357, 0.624863629004494, 0.7393360796997371, 0.7641410753656809, 0.8265939646981885, 0.8248185729256345, 0.5207226848447175, 0.7243527518658216, 0.7597210563303533, 0.7584406793723287, 0.4041522622466079, 0.2497191846219763], [0.9955248092378993, 0.9892937276084934, 0.9910308369808588, 0.9960311474396619, 0.9983501934114087, 0.9884452884806972, 0.9981589027790334, 0.9999969073609863, 0.9999815322616529, 0.9672635784520824, 0.9996841728466933, 1.0, 0.9996502887257278, 0.9999976576163021, 0.9999846591180975, 0.9971639383549858, 0.9993745231576965, 0.9999009836465789, 0.9999008534222377, 0.9999651686690186, 0.9999949836079427, 0.9908423225612168, 0.9758622263991088, 0.9925081396344456, 0.9930564678158607, 0.9846860559664218, 0.9741141494714789, 0.9430972310520017, 0.9893405279108562, 0.9942747811964058, 0.9917818523246029, 0.968558607511264, 0.9994724097083783, 0.9995389314523205, 0.999651299284632, 0.9996933670619653, 0.9989060301234247, 0.999463113758724, 0.9991609073338263, 0.9986507009307549, 0.9995432777617672, 0.999405887867502, 0.9842943998087891, 0.9291527537433962, 0.71890662347082, 0.9351613047090258, 0.9134621665216822, 0.7831629073489286, 0.9572007593049099, 0.9363117729248412, 0.9588499027140811, 0.951883568690441, 0.9453724064137718, 0.9799965288684225, 0.9769347636507799, 0.9359089240759149, 0.9506977265146012, 0.9618528200147429, 0.9658610489313857, 0.964128773422326, 0.93987417441549, 0.8816883939748702, 0.9405025264220982, 0.9481459198708322, 0.9269438375590792, 0.8637026427944521, 0.9578092318763675, 0.9240267402085519, 0.956710142933674, 0.9367202846487535, 0.7240560816631174, 0.82031283754562, 0.7530189341978013, 0.8374466823658594, 0.865270786732623, 0.8719655936382674, 0.8522164708174605, 0.861943618172388, 0.24235726817581538, -0.6115270937090018, 0.9539142651346431, 0.9290569973679895, 0.9301893387991432, 0.9416741376447255, 0.9496271589881204, 0.9618207904630203, 0.9619335425130708, 0.9175912863725504, 0.9550610584584731, 0.810158867504891, 0.6288494733332316, 0.9177332225727095, 0.9323825391572533, 0.7388196068707876, 0.9205534450164673, 0.9414740136177432, 0.8089571078486526, 0.9698469277709051, 0.8353965142843045, 0.6145506408722105, 0.6881357303836892, 0.8454812508761526, 0.8371803951435556, 0.8334380123306243, 0.9774011965824682, 0.9776817910030533, 0.7140605450340153, 0.6750576821323815, 0.7855927761320802, 0.30071356381448433, 0.7616048730148732, 0.7885034755880725, 0.7843812202012418, 0.7835983031415619, 0.7264133619030424, 0.7234933655782543, 0.7013734578415426, -0.2737571547349916, -0.42008730835812624, 0.6251656278780293, 0.8832394316309856, 0.9276025439569711, 0.9374858514635128, 0.9112582470007864, 0.8128021090151508, 0.9073625962081381, 0.9293970726105113, 0.9290036793905997, 0.7551398094857679, -0.1275461256115292], [0.9947517517001987, 0.9891206690437889, 0.9929637060902076, 0.9954677528345072, 0.9981444302116206, 0.9896227392401663, 0.9990759117636787, 0.9996655335310302, 0.999838988676773, 0.9662016636020083, 0.9996629487315059, 0.9996502887257278, 1.0, 0.9996869175389476, 0.9996735885408876, 0.9991316803944498, 0.9989292890219108, 0.9994785261624763, 0.9994719807270067, 0.9996678593020109, 0.9996421209949916, 0.9928344426309159, 0.9774896449963928, 0.9958286320579525, 0.9957171410781178, 0.9845293674736707, 0.9769300723498594, 0.9455924103428748, 0.9884552417606762, 0.992271143183358, 0.9908343033433642, 0.9661503986569902, 0.998765751446759, 0.9990760919478558, 0.9992679040642879, 0.9999194569233145, 0.9988536182763589, 0.9990540788695579, 0.9986049675472626, 0.9979658803702851, 0.9987583760785603, 0.9986853178045876, 0.988284513543474, 0.9291088644115416, 0.7146558657631296, 0.935264845938227, 0.9133553263800176, 0.7824608665564718, 0.952628787332435, 0.9293718319876738, 0.9536634847050716, 0.9483798768034265, 0.9412692553130582, 0.9764276071185616, 0.974809599703554, 0.9591664803310685, 0.9503799645968484, 0.9621381643722372, 0.965150355284273, 0.9639572649995333, 0.9633194924607847, 0.8857771795193956, 0.9375620142180218, 0.9465231023343279, 0.9462907944073363, 0.8619090259997508, 0.9581375723199685, 0.93571016559868, 0.9585960897302463, 0.9573119387775442, 0.7285917066679082, 0.8172941258406654, 0.77899450312043, 0.8350816228639812, 0.8667247197378973, 0.871083509283154, 0.8604537822434353, 0.860991639663537, 0.2270699157409646, -0.6060311345298082, 0.9530350883861994, 0.9287487599337731, 0.9291287768725378, 0.9620350019094768, 0.9490458793290308, 0.9606172182534236, 0.9606875878070417, 0.9173905648749205, 0.9553981575509977, 0.8168477991754775, 0.6292880055958923, 0.9182609105383196, 0.9331205230505413, 0.7360541134833417, 0.9186641085535869, 0.9398758258920688, 0.8098889094725304, 0.9724913335130884, 0.8295035426151297, 0.606205306754876, 0.6835515689839089, 0.836642711799519, 0.8318409165161069, 0.8253473358645713, 0.979291383731538, 0.9795279096232815, 0.7048657858190518, 0.6696321227745451, 0.7649492117139457, 0.30041818290040756, 0.7515997365720982, 0.7771637335178613, 0.7536269339497896, 0.7725201695247669, 0.7241318701034026, 0.7133434135474583, 0.691485363422536, -0.2804420674666957, -0.4251780064190272, 0.6247458829684397, 0.8809924855818005, 0.9289482524266547, 0.9328836235122021, 0.9104120909766001, 0.8049402829460051, 0.9009859884745771, 0.922257755635977, 0.9225373777615188, 0.7488642215480492, -0.12584575159891503], [0.9954362675307147, 0.9891686895897679, 0.9911952467722969, 0.9959591151931597, 0.9983390210871224, 0.9885647182061345, 0.9990358839057353, 0.9999978891567611, 0.9999900796139151, 0.9669950922668058, 0.9996709354013488, 0.9999976576163021, 0.9996869175389476, 1.0, 0.9999887558570117, 0.9986645990939642, 0.9993442016664096, 0.9998934233011104, 0.9998927932183773, 0.9999593046416455, 0.9999924440319347, 0.9909708350187046, 0.976038443146768, 0.9943375578937652, 0.994176299572359, 0.9846065856288476, 0.97432253341078, 0.9432546542622267, 0.9918038649256611, 0.9945834259801127, 0.9916514094206227, 0.9683111476852425, 0.9994454580046845, 0.9994994962987425, 0.9996277930307996, 0.9997098649519707, 0.9988592962255269, 0.9994283864410534, 0.9991871321805343, 0.9985923297069147, 0.9995128787855524, 0.9993787980453089, 0.9844685454083439, 0.9289639447460877, 0.7182607175518128, 0.9352431400984106, 0.9133891148786136, 0.7825471637684951, 0.956977035439178, 0.936066381307046, 0.9586541245616854, 0.9514706860707189, 0.9449075799372043, 0.9798016941200278, 0.9767071414887372, 0.935923996088758, 0.9506054119753854, 0.9617211312574362, 0.9657642849859538, 0.9639878709415148, 0.9393218380966658, 0.8816990938817647, 0.9400391079894009, 0.9477757053145079, 0.9267425796877056, 0.8633611347826923, 0.9578605320256229, 0.924186611312427, 0.9566972312097307, 0.9367741717852545, 0.724291854554781, 0.8197370562804397, 0.7527437944144072, 0.8369273144528034, 0.86507311974355, 0.8716357075000444, 0.8519446606511539, 0.8616683798720547, 0.2423434185882089, -0.6113527700511019, 0.9537342998879486, 0.9288290752709089, 0.9300044476554026, 0.9395642486692315, 0.9495543940911914, 0.9616451964811228, 0.9617546855573094, 0.9175154710048985, 0.9549043892695781, 0.8101615933201152, 0.628681521239195, 0.9182131714330309, 0.9327806202120995, 0.7384797611513723, 0.9203724485725503, 0.9413217451767321, 0.8086675766644531, 0.9700360897612024, 0.8350154889745481, 0.6134099354509929, 0.6873336207926926, 0.8450615521864436, 0.8368097529123641, 0.8330658050923986, 0.977537739911421, 0.9778146276372222, 0.7129435085290209, 0.6740281696377214, 0.7850279249279883, 0.3001476111789165, 0.7609111819264901, 0.7877664567335982, 0.7840002020344653, 0.7828078350756222, 0.7259034719102454, 0.7222143780753897, 0.7001012447681969, -0.2745864762313895, -0.4208150948201256, 0.6249072157583265, 0.882652311586408, 0.927348431621511, 0.9370600469595313, 0.9108731540451475, 0.8120633805989701, 0.9070617848244932, 0.9289349780685505, 0.9286718454802306, 0.754600808328382, -0.12678618539074446], [0.9955742707013512, 0.9892629615159859, 0.9911188150468111, 0.9960762494304481, 0.9984078586811646, 0.988678730540751, 0.9988170508690515, 0.9999820505277518, 0.9999964817253302, 0.9665490683356667, 0.999677360266354, 0.9999846591180975, 0.9996735885408876, 0.9999887558570117, 1.0, 0.9986660534033361, 0.9993822072558713, 0.9998897837607327, 0.9998899143219228, 0.9999573036386307, 0.9999782192511262, 0.9909027635738211, 0.9760809690822552, 0.9928569693092746, 0.9928808488502563, 0.9847305002185507, 0.9740989486253523, 0.9432881903251188, 0.9918383755633902, 0.9941738707238211, 0.991495351032026, 0.9681954984602507, 0.999483308888221, 0.9994827155847453, 0.9996132266867344, 0.9997009717215751, 0.9988766353834336, 0.9994305247799646, 0.9992151298897229, 0.998645112680578, 0.999542578453581, 0.9994220768930169, 0.9842706297644219, 0.9288158628681071, 0.718870050686982, 0.935075678965033, 0.9133649464176763, 0.78284758659858, 0.9574936968122911, 0.9371162503958509, 0.9592261840013793, 0.9515940122981051, 0.9449931903535917, 0.9802538219882454, 0.9768507781670467, 0.9367750512212173, 0.9511312071367429, 0.9621633352136082, 0.9659997127978998, 0.9644341859413255, 0.9406061158550254, 0.8820434886188281, 0.9397459696238759, 0.9481142064980583, 0.9274645883650141, 0.8634191472626258, 0.9583390292680197, 0.9249109795235448, 0.9572725511141063, 0.9376666866427971, 0.7245097511196504, 0.8193841325998739, 0.753854663496304, 0.8366499686937171, 0.8652266600283954, 0.8713205381492666, 0.8525608114286581, 0.8620612344269633, 0.24226545003861766, -0.6110588206794206, 0.9538715749935963, 0.9290445002396711, 0.9302602268870808, 0.9424660805582175, 0.9501215906714997, 0.961855577833712, 0.9619606587280716, 0.9180097247073709, 0.9553137969533807, 0.8103970425507736, 0.6275339078786075, 0.9180375731763988, 0.9325571200869458, 0.737975079855149, 0.9199460583907444, 0.9409486902667995, 0.807798394698604, 0.9697245122445068, 0.835942784131782, 0.6125816970043951, 0.6863907867625972, 0.8455450782671647, 0.8372161068946808, 0.8337637419234375, 0.9773615444070696, 0.9776283497546405, 0.7116321698338504, 0.672062950412665, 0.7860293348398425, 0.29859076852329847, 0.7611341511063981, 0.7880862687747467, 0.7851911120820919, 0.7829556119219391, 0.7245630965066349, 0.7201225133927831, 0.6979959350471961, -0.27405421396020585, -0.42039816313856343, 0.6249682713724941, 0.8817759373052758, 0.927880719398395, 0.9374971017111273, 0.9101208169162013, 0.812195538178665, 0.9080152516635113, 0.9294463926247465, 0.9293467560339546, 0.754484077872671, -0.12693850374620055], [0.9966273733765516, 0.9938207220166625, 0.9917610768048205, 0.9971479822194336, 0.9986677669987805, 0.9915888173400897, 0.9981835007144761, 0.9965375831878481, 0.9990012115591795, 0.9678099126148436, 0.9994401663730327, 0.9971639383549858, 0.9991316803944498, 0.9986645990939642, 0.9986660534033361, 1.0, 0.9990623746804573, 0.9989988571559965, 0.9989959117325721, 0.9988103140317635, 0.9985602466736954, 0.9924377243689381, 0.9787776236259554, 0.9839984837077176, 0.990308733639133, 0.9899768135814334, 0.976209983976516, 0.9504800242994197, 0.9928133599671447, 0.9929415826947527, 0.9904516678248326, 0.968121633309644, 0.9987939527711688, 0.9987144163739311, 0.9989522262837696, 0.9986834783081582, 0.9994008150267846, 0.9988644380558926, 0.9989132477643843, 0.9984061466732338, 0.9986840699068725, 0.9987452420171398, 0.9834092646928891, 0.9222896203645633, 0.7234593221595903, 0.9290132242824577, 0.9157432175685871, 0.7991028370881671, 0.9604273018742046, 0.9407260174174, 0.9625355355546306, 0.9511044230391602, 0.9430858667346921, 0.9805723232329427, 0.976034999008479, 0.9487470435879625, 0.9598313305782482, 0.968701980085026