var element=document.getElementById("correlationClose");if(element.style.display!='none'){var correlationClose={"data":[{"type":"heatmap","z":[[1.0,0.9999904541326067,0.7065727140443513,0.9997559317567818,0.9982305252813004,1.0,0.9930843671656611,0.990012352254402,0.990012352254402,0.9935798482018207,0.9785734045304604,0.9879365077429653,0.9931162209147298,0.9934568334962408,0.9931587315284185,0.704724790016913,0.6112364740666976,0.2306051504573582,0.9938512325273736,0.9938435809047407,0.9859685869689624,0.9931036190752606,0.36434754205461944,0.7717220152617172,0.9838310688910876,0.9838310688910876,0.9838127052970645,0.9789583727411091,0.2953425022970873,-0.1487527819530363,0.9890849596989767,0.9890445329561143,0.23910728969238318,-0.2328150257091116,0.9950033491740278,0.9953397102853007,0.86453568683948,-0.3428328721747358,0.991155051954686,0.9953969086497337,0.6823497340503437,0.21096103358320298,0.9951187463943248,0.995114285122643,0.9951187463943248,0.909441711132954,0.6589665648775527,0.9319886873665434,0.9352162888103059,0.857608408636482,0.38246497700268167,-0.1890260974269829,0.228877879058346,0.9529804733370071,0.36262294961517577,0.9754313336423385,0.9723524377978444,0.9817034975556752,0.9893172066522883,0.9385293985369915,0.9483188880716638,0.9502838355979217,0.9395136079775441,0.9476221797838298,0.948200469422347,0.9476221797838298,0.9013601662159434,0.9290013305347776,0.9297882507145175,0.9290013305347776,0.9341837365881362,0.8139934323768165,0.9076463636940164,0.908745209773265,0.9076463636940164,0.7419874971102242,0.4343562043323247,0.732640853845942,-0.5225650659186464,0.638483166448097,0.6496214064155408,0.6498581275340432,0.6496214064155408,-0.07507005059884596,0.9221406741899415,0.9512445538816086,0.9375556523889942,0.9398203958217661,0.23241260323473703,0.9167947079546361,0.9172797112811912,0.9167947079546361,0.920352739472063,0.920352739472063,-0.09391549826331402,0.6055604079250613,0.13683042174034532,-0.7153781826168107,-0.6034218809014066,-0.6074738166489307,-0.16246624957232067,0.15827271243591404,0.18918697019788144,-0.03555174908583394,-0.595718680372334,-0.043872542014741195,-0.7975941337020478,-0.3131749003020415,0.17956150991675823,0.18115111596403982,-0.5840023414932057,-0.5694399450508649,-0.3011444137724537,-0.5267850856486038,-0.8108269009156053,-0.42666317025079337,-0.41927574019766256,-0.42666317025079337,-0.25340677182640725,-0.3750634345005264,-0.3750634345005264,-0.7990263832439892,-0.7990263832439892,0.4687403189751255,0.6324979885091511,0.8493498690146826,0.8420780496383412,0.7559578790319491,-0.3513076868800025,0.747137294714103,0.7720567385519737,0.7722418328607158,0.7720567385519737,-0.1587334452618229],[0.9999904541326067,1.0,0.9836338605012173,0.9995600562625561,0.9962891769715889,0.9999904541326067,0.9861794618767394,0.9815265145338613,0.9815265145338613,0.9860911956605956,0.9755938067403453,0.9869138316839474,0.9862106060224802,0.9861732371276984,0.9860737060557232,0.008018912438610644,-0.08526077072300799,-0.47331610162133997,0.9890757981213919,0.9890740089169593,0.9862469733277652,0.9862509144495415,-0.20279693304913207,0.9818432363419715,0.9821875149537374,0.9821875149537374,0.9822110544324406,0.9790416960562476,0.063401874643714,0.08668451899935163,0.9831423300364711,0.9831699716808024,0.7008638592720712,0.026378826410817784,0.9912666041112248,0.9912749586610193,0.991795748018368,0.987094975542296,0.9903877881070672,0.991314635293117,-0.04112274969053391,-0.47753519153413165,0.9918317497109067,0.9918309399830809,0.9918317497109067,0.9091849183276057,0.5100540974259523,0.9319521431491058,0.9350194368520487,0.8571745246477493,-0.21981153580437837,-0.4661098929389544,0.8580876844603884,0.9005476075809266,-0.2600623468315365,0.944634909512443,0.9447642239114903,0.9653157761737176,0.9786991605670831,0.9590347658586573,0.9639148504124961,0.9506855889169619,0.9525074573974053,0.9534582970172858,0.9537815387708042,0.9534582970172858,0.8825515926165188,0.8584242300354007,0.8595572372106833,0.8584242300354007,0.9607062576220073,0.9632126990008141,0.9606278706084764,0.9612989130809994,0.9606278706084764,0.6963747020817144,0.6545925652404444,0.7279340281901155,0.7842626641568048,0.7051907848112896,0.725622068535671,0.7266878970565687,0.725622068535671,-0.08494449659476001,0.9303897735943193,0.9480383050884535,0.9422412075348806,0.9632365698256432,-0.32928864123799023,0.9274480950785472,0.9275754248793706,0.9274480950785472,0.9328318761214952,0.9328318761214952,-0.17674079772915705,0.6057565275298912,-0.3738691471955094,-0.8025557756877671,-0.46807284370592683,-0.47219839256671525,-0.40072578914713425,0.2956744698046881,-0.27111683002396797,-0.5189483655024079,-0.7576299179861801,-0.3721302930122739,-0.4703304841290929,-0.4376331622016663,0.14876689500397836,0.14657791115491328,-0.49181683206442295,-0.461318260998096,-0.4895405187018879,-0.5213048065306007,-0.5130289282645936,-0.4918768050745116,-0.4952968876876752,-0.4918768050745116,-0.3866479231275099,-0.5542207001127589,-0.5542207001127589,-0.5179598855104462,-0.5179598855104462,0.4667038133435445,0.3736634864395105,0.5098562371351354,0.6314805715045111,0.5314744167540741,-0.44486792296244565,0.4021233826962591,0.3177344466385772,0.3179275651373319,0.3177344466385772,0.20821744209462165],[0.7065727140443513,0.9836338605012173,1.0,0.7041950432550599,0.649578937896165,0.7065727140443513,0.684937441977092,0.6784094771796838,0.6784094771796838,0.6409153689385364,0.6116893975260981,0.9945896428598712,0.6849539350082144,0.6820633989084371,0.6850678819571964,0.36983694368542075,0.3218509686380727,-0.23656376749065394,0.6519402591500639,0.6512169408054764,0.6223250635578153,0.684024149859153,0.14923329917852923,0.8191581985488066,0.668697984960633,0.668697984960633,0.668482533912052,0.9896794839651495,0.2693713168443342,0.07954787323825126,0.6407179183015375,0.6403638313741246,0.6000497084896299,-0.07142487585944764,0.6802486524294116,0.6339372899323563,0.6429329864090149,0.2805128209976859,0.9932192608780669,0.6312835192527788,0.3527763797293883,-0.2463111342406935,0.6972788973883599,0.678252215795756,0.6972788973883599,0.9065358887664411,0.42701456380042385,0.9445567895929595,0.9269746274531648,0.7729690362588592,0.23657199613366606,-0.08194192135294529,0.05590596582181545,0.5837252075079515,-0.07977661595756548,0.6249628847400506,0.6043068042748733,0.6213524267946889,0.5854670602782283,0.03732955518804554,0.8286181568131286,0.7650853822033907,0.6958169744615297,0.7705273574645612,0.785164914313738,0.7705273574645612,0.6029989510568856,0.6927145998351388,0.7312678498700242,0.6927145998351388,0.743382926756821,0.7014321653385557,0.7538449486469131,0.7893730488242099,0.7538449486469131,0.5048318725059516,-0.08170039475370136,0.520204830348,0.0864185057389671,0.48434896151473167,0.2700505394276857,0.5361016069886094,0.2700505394276857,-0.12191508476308507,0.6766411254820958,0.9024152948817947,0.7368531417746703,0.7916457308114767,-0.09342181302171325,0.7077559589086935,0.7072391411363541,0.7077559589086935,0.7553949006428433,0.7553949006428433,-0.19003728239584183,0.7042153243730971,-0.1752611450261063,-0.7342714343640797,-0.463479548506474,-0.4676905928476618,-0.43833667629960515,0.1370351663381076,0.019442158515891633,-0.3636115115938085,-0.7141132074900384,-0.18521433561865913,-0.3500712871216751,-0.2963921850187059,0.06979224383226766,0.0684659294477509,-0.5063665622394063,-0.09048928576846352,-0.27912235334686847,-0.5250260885965876,-0.23609719797923848,-0.42634579844396925,-0.3106404708970607,-0.42634579844396925,-0.43691853204022707,-0.5621978830384383,-0.5621978830384383,-0.3292537230081096,-0.3292537230081096,0.42176423387541273,0.2306338248031365,0.3055315532929079,0.5428477789284037,0.32258424772549477,-0.4014852462310486,0.0027922626362584507,0.4661230999373603,0.5610125722638041,0.4661230999373603,0.01434361799152732],[0.9997559317567818,0.9995600562625561,0.7041950432550599,1.0,0.9990047194240324,0.9997559317567817,0.9941525725997111,0.9914984996986319,0.9914984996986319,0.99484589952278,0.9769654291030565,0.990704513816041,0.9941752063278257,0.9947778252786015,0.9941962520026834,0.703775086495293,0.6098143022066662,0.21644501317217277,0.9947485287000906,0.9947442124503101,0.9859885532366823,0.9941567932276371,0.3558557712126535,0.7758722608055821,0.9860929462784093,0.9860929462784093,0.9860737583794783,0.9839678135316295,0.2910500604638656,-0.15454272678131198,0.9883062032235463,0.9882729726103304,0.23123275579651215,-0.23317856679353235,0.9954040625161182,0.9959356897378521,0.8345380772290614,-0.3468214191954648,0.9931478637418867,0.9961959180382591,0.6808175128929574,0.1965448959566651,0.9936267042139325,0.9954354624835692,0.9936267042139325,0.9075300888021085,0.6476300379331772,0.9345577436764346,0.9324997401872873,0.8436472607787725,0.378070992304803,-0.19330837670163167,0.22421399811309758,0.9481829802047712,0.34766853966097583,0.9712128387316722,0.9697142176222018,0.9796720412251998,0.98905735306073,0.9219818436290975,0.9437027336003141,0.9404760170890403,0.9367049526822174,0.9347856729438307,0.935537750600367,0.9347856729438307,0.895487878500986,0.9199122599472039,0.9207581659352403,0.9199122599472039,0.9317512643112125,0.766196871975593,0.8768698402979768,0.8779908236926312,0.8768698402979768,0.7362093846796746,0.1863696727016454,0.7255124986365362,-0.5272063026672178,0.6350045643959734,0.3872229678878305,0.6235326371496871,0.3872229678878305,-0.08055990108530228,0.9185038260730723,0.9462981695109621,0.9321444378752772,0.9214877309871686,0.21889823126774302,0.9137702035994723,0.9143617369257949,0.9137702035994723,0.9056378878360354,0.9056378878360354,-0.09805081568717759,0.6224414902995251,0.1418398684673411,-0.7238045081493416,-0.6093934400515726,-0.6133659188211891,-0.17329469148261173,0.15441264472457567,0.18316650717385188,-0.04770755528131678,-0.6060232904657684,-0.04923727923791679,-0.802353722488372,-0.3200242668604825,0.17078061089219443,0.17242095176465616,-0.5897394438408923,-0.5661570270817439,-0.3014119861614179,-0.5356744741277146,-0.8117359518453361,-0.4272583131201193,-0.4204146138409685,-0.4272583131201193,-0.2607040871015012,-0.3833152625821567,-0.3833152625821567,-0.7981794932833206,-0.7981794932833206,0.46053756738415136,0.6222539142500431,0.8417251583285971,0.834811615460764,0.7494037935820215,-0.3627724738590042,0.7385836056587536,0.7635164819400544,0.7637027615813595,0.7635164819400544,-0.1443198451638969],[0.9982305252813004,0.9962891769715889,0.649578937896165,0.9990047194240324,1.0,0.9982305252813004,0.9973630722414523,0.9961438264606318,0.9961438264606318,0.9975737185821905,0.9711679999401674,0.9966067223220855,0.9973789581389398,0.9974463466445316,0.9974006656435245,0.5888005505303141,0.4685562520675817,0.010180014532043757,0.9977302478236519,0.9977298743096192,0.9883732039685982,0.9973642774847967,-0.002648291846349248,0.7630111668394111,0.9931835931153105,0.9931835931153105,0.9931467647844793,0.9915002095149182,0.06745994986309942,-0.13840621494450517,0.9872069675217449,0.9871328415127149,-0.060931245736695616,-0.1411215979712706,0.9977816695053155,0.9977021369739673,0.8305283868828731,-0.4585653824608324,0.9977098458770061,0.9980437448853661,0.552384323269846,-0.013824162990369548,0.9977270893850478,0.9977319297771154,0.9977270893850478,0.9193418457641774,0.6156954079936897,0.942407883252601,0.9310607825090066,0.8230086849202162,-0.05687006659983356,-0.5850156673972174,-0.14370472584700797,0.9397392588038537,0.2037979144061332,0.9691893367101204,0.9692384567654317,0.9829722547413119,0.989702058977108,0.9215925057945848,0.9279673960717568,0.9312401229092176,0.9256957456127849,0.9296777339352968,0.9299915552854024,0.9296777339352968,0.874731831944833,0.8839171746837937,0.8848302899700747,0.8839171746837937,0.9219554784191821,0.848705163905949,0.9046097605024814,0.9052218939321235,0.9046097605024814,0.7026997803104915,0.6073402739544876,0.6956865355133947,-0.5291133904165362,0.6816482454523364,0.6648505532279608,0.664185887911967,0.6648505532279608,-0.08778122363381198,0.903343009599321,0.9263126167497607,0.9132455023311505,0.9285956437971196,0.06481328142875717,0.9021247054924088,0.9029134384782704,0.9021247054924088,0.9068453519921785,0.9068453519921785,-0.13382501098242466,0.6654077327998171,-0.003274374295098446,-0.7488392217061728,-0.6513877417000183,-0.6527023866112867,-0.20093329757792153,0.17766499344369238,-0.19919620737299196,-0.2871337069626796,-0.6666016233553379,-0.39742389729008615,-0.8399697192717012,-0.5812698838944292,0.14277404266450464,0.144270330175857,-0.6127737225484585,-0.5623473614264024,-0.56152883856582,-0.5705711930637613,-0.7659855005910914,-0.609876346912466,-0.612836866056416,-0.609876346912466,-0.2944155544751682,-0.4123882907970895,-0.4123882907970895,-0.7365744251473851,-0.7365744251473851,0.4482776009884053,0.6077638192117515,0.8032997868428773,0.8039495824502509,0.7426806617079535,-0.4817717024691054,0.6191906601811972,0.6640812874130819,0.6641862454630355,0.6640812874130819,0.08250526742580575],[1.0,0.9999904541326067,0.7065727140443513,0.9997559317567817,0.9982305252813004,1.0,0.9930843671656611,0.990012352254402,0.990012352254402,0.9935798482018207,0.9785734045304604,0.9879365077429653,0.9931162209147298,0.9934568334962408,0.9931587315284185,0.704724790016913,0.6112364740666976,0.2306051504573582,0.9938512325273736,0.9938435809047407,0.9859685869689624,0.9931036190752606,0.36434754205461944,0.7717220152617172,0.9838310688910876,0.9838310688910876,0.9838127052970645,0.9789583727411091,0.2953425022970873,-0.1487527819530363,0.9890849596989767,0.9890445329561143,0.23910728969238318,-0.2328150257091116,0.9950033491740278,0.9953397102853007,0.86453568683948,-0.3428328721747358,0.991155051954686,0.9953969086497337,0.6823497340503437,0.21096103358320298,0.9951187463943248,0.995114285122643,0.9951187463943248,0.909441711132954,0.6589665648775527,0.9319886873665434,0.9352162888103059,0.857608408636482,0.38246497700268167,-0.1890260974269829,0.228877879058346,0.9529804733370071,0.36262294961517577,0.9754313336423385,0.9723524377978444,0.9817034975556752,0.9893172066522883,0.9385293985369915,0.9483188880716638,0.9502838355979217,0.9395136079775441,0.9476221797838298,0.948200469422347,0.9476221797838298,0.9013601662159434,0.9290013305347776,0.9297882507145175,0.9290013305347776,0.9341837365881362,0.8139934323768165,0.9076463636940164,0.908745209773265,0.9076463636940164,0.7419874971102242,0.4343562043323247,0.732640853845942,-0.5225650659186464,0.638483166448097,0.6496214064155408,0.6498581275340432,0.6496214064155408,-0.07507005059884596,0.9221406741899415,0.9512445538816086,0.9375556523889942,0.9398203958217661,0.23241260323473703,0.9167947079546361,0.9172797112811912,0.9167947079546361,0.920352739472063,0.920352739472063,-0.09391549826331402,0.6055604079250613,0.13683042174034532,-0.7153781826168107,-0.6034218809014066,-0.6074738166489307,-0.16246624957232067,0.15827271243591404,0.18918697019788144,-0.03555174908583394,-0.595718680372334,-0.043872542014741195,-0.7975941337020478,-0.3131749003020415,0.17956150991675823,0.18115111596403982,-0.5840023414932057,-0.5694399450508649,-0.3011444137724537,-0.5267850856486038,-0.8108269009156053,-0.42666317025079337,-0.41927574019766256,-0.42666317025079337,-0.25340677182640725,-0.3750634345005264,-0.3750634345005264,-0.7990263832439892,-0.7990263832439892,0.4687403189751255,0.6324979885091511,0.8493498690146826,0.8420780496383412,0.7559578790319491,-0.3513076868800025,0.747137294714103,0.7720567385519737,0.7722418328607158,0.7720567385519737,-0.1587334452618229],[0.9930843671656611,0.9861794618767394,0.684937441977092,0.9941525725997111,0.9973630722414523,0.9930843671656611,1.0,0.9977287689355151,0.9977287689355151,0.9999730916686956,0.9663825744494902,0.9997193273373463,0.9999969043618523,0.9999883625092509,0.9999940284905575,0.8020512284149636,0.7855299454614386,0.18941635708499266,0.9998742248354304,0.9998745716311879,0.9908284912542716,0.9999970473458252,0.28209412185403365,0.7697962576276498,0.9868435770913344,0.9868435770913344,0.988213736631155,0.9927085457960516,0.22789028099084369,-0.2026724406302054,0.9914962733175705,0.9915663180036914,0.14652648825816686,-0.2736286453143654,0.9993929011389334,0.9995132670233882,0.4843762724205463,-0.2941017277897055,0.9992054601626357,0.9994926020214512,0.7776506653686733,0.16824786308045656,0.9490186579461356,0.999164302132183,0.9490186579461356,0.9269433181079871,0.6238366940644997,0.9495820619602149,0.9303326710542386,0.7928286954373304,0.4198730548077567,-0.130351346148902,-0.17575819074760235,0.9376769097584448,0.321399092000919,0.9698060653228527,0.9670066027201819,0.9809982108251284,0.9953784185195195,0.009697723899968648,0.8936182436465647,0.8558616616151317,0.8959660681195973,0.8511696094142117,0.8173188185161346,0.8511696094142117,0.8416682367874738,0.8233697221222591,0.8127269280349657,0.8233697221222591,0.8915138597001611,0.45115542784852014,0.641455597588447,0.6909129798098322,0.641455597588447,0.6718877791825005,-0.324965114353936,0.6514008440427961,-0.5946480675733001,0.5706601775783188,-0.058380209952646527,0.498279299434987,-0.058380209952646527,-0.12110933016483619,0.8704898135443683,0.8932943246494783,0.8797167614931605,0.792730730013033,0.1899916836463316,0.8686718178151586,0.8695712723877427,0.8686718178151586,0.7994522356284638,0.7994522356284638,-0.16804740704707796,0.7042474821096869,0.22078105378377763,-0.7251229015012104,-0.6467169817267855,-0.6502374186707337,-0.20959977927922507,0.10625708518384783,0.307673416266663,-0.0707967828037939,-0.6124071730093144,0.019655248458992722,-0.8292147798384912,-0.21496882744538376,0.10997481978728216,0.11161043391974135,-0.6293287897330254,-0.5806458763681881,-0.1350470613202952,-0.6031967884148552,-0.8285247803205791,-0.4167839602947065,-0.2547213883855657,-0.4167839602947065,-0.3221593342289803,-0.4184885560404337,-0.4184885560404337,-0.8204193062189973,-0.8204193062189973,0.44661582768756525,0.594979308016711,0.5182012808694669,0.8085793349035297,0.7409515037053652,-0.407412667840104,0.07913645253709993,0.7441770361204414,0.7626006992233024,0.7441770361204414,-0.08557412042580155],[0.990012352254402,0.9815265145338613,0.6784094771796838,0.9914984996986319,0.9961438264606318,0.990012352254402,0.9977287689355151,1.0,1.0,0.9996171588299856,0.9606863462233177,0.9989171431713461,0.9984301265893514,0.9994620435996272,0.9992413828836304,0.7985482417329952,0.7725581769826119,0.16813436986348326,0.9992642766133607,0.9992661359957481,0.9884407679473303,0.999361242765256,0.25752189341791293,0.7719500797943198,0.9933836098987842,0.9933836098987842,0.9866200927791113,0.9905831278185768,0.21090845281047507,-0.2152088590913003,0.9878744457975691,0.9912922364592756,0.1285279164256773,-0.2793976679855533,0.9984472757465687,0.9984647977054253,0.4691363752328009,-0.29979505779026555,0.9976502688852524,0.9984470095822129,0.7742334557664649,0.1466310793854642,0.9426423615910497,0.9982803794597779,0.9426423615910497,0.9250814548110311,0.6098594005901575,0.9502808231404232,0.9292936055471545,0.7761436138230677,0.40775596892999655,-0.14429085772846817,-0.18699605353807797,0.9303820397678151,0.30187175304268155,0.9655055395810047,0.9624575845981163,0.976504245074006,0.994312378597913,0.001433994463589481,0.8860233646448221,0.8438595672692578,0.8901168269071122,0.8401850317287661,0.8072597934907076,0.8401850317287661,0.8327858623918247,0.8091317367440654,0.8017490080034249,0.8091317367440654,0.8857910530916643,0.43533908260754084,0.6251794989302045,0.6772964303129073,0.6251794989302045,0.663110864891036,-0.33779211719447505,0.6411068467992935,-0.6002753383282402,0.5654862173962272,-0.07784758326986373,0.4851215928019953,-0.07784758326986373,-0.12655637583776344,0.863833399427013,0.8842129952533457,0.8713439980409253,0.7803313294523929,0.17259115013044327,0.862590582853279,0.8636450820538839,0.862590582853279,0.786364936777032,0.786364936777032,-0.18104161945489372,0.7236660592313217,0.2267395504886656,-0.7337776192375358,-0.6577880373900636,-0.6611437907873875,-0.2231713347379109,0.10000556631771787,0.30060810116802444,-0.08914950058975787,-0.6239216393045853,0.010488095057237573,-0.8338354342420263,-0.2213931105060359,0.09642161613888348,0.0980824469394469,-0.6393886351595488,-0.581161358569548,-0.14175820547256324,-0.6174155897202406,-0.8272688889799485,-0.4273262744728826,-0.26075982981059737,-0.4273262744728826,-0.3375516485759117,-0.4306342613735957,-0.4306342613735957,-0.8176939426026243,-0.8176939426026243,0.4313872540494148,0.5797648590288267,0.5009604304839211,0.7921057880109,0.7294632207032085,-0.42683824456926117,0.06635095213757466,0.726107107761096,0.747536188780915,0.726107107761096,-0.06899154405123206],[0.990012352254402,0.9815265145338613,0.6784094771796838,0.9914984996986319,0.9961438264606318,0.990012352254402,0.9977287689355151,1.0,1.0,0.9996171588299856,0.9606863462233177,0.9989171431713461,0.9984301265893514,0.9994620435996272,0.9992413828836304,0.7985482417329952,0.7725581769826119,0.16813436986348326,0.9992642766133607,0.9992661359957481,0.9884407679473303,0.999361242765256,0.25752189341791293,0.7719500797943198,0.9933836098987842,0.9933836098987842,0.9866200927791113,0.9905831278185768,0.21090845281047507,-0.2152088590913003,0.9878744457975691,0.9912922364592756,0.1285279164256773,-0.2793976679855533,0.9984472757465687,0.9984647977054253,0.4691363752328009,-0.29979505779026555,0.9976502688852524,0.9984470095822129,0.7742334557664649,0.1466310793854642,0.9426423615910497,0.9982803794597779,0.9426423615910497,0.9250814548110311,0.6098594005901575,0.9502808231404232,0.9292936055471545,0.7761436138230677,0.40775596892999655,-0.14429085772846817,-0.18699605353807797,0.9303820397678151,0.30187175304268155,0.9655055395810047,0.9624575845981163,0.976504245074006,0.994312378597913,0.001433994463589481,0.8860233646448221,0.8438595672692578,0.8901168269071122,0.8401850317287661,0.8072597934907076,0.8401850317287661,0.8327858623918247,0.8091317367440654,0.8017490080034249,0.8091317367440654,0.8857910530916643,0.43533908260754084,0.6251794989302045,0.6772964303129073,0.6251794989302045,0.663110864891036,-0.33779211719447505,0.6411068467992935,-0.6002753383282402,0.5654862173962272,-0.07784758326986373,0.4851215928019953,-0.07784758326986373,-0.12655637583776344,0.863833399427013,0.8842129952533457,0.8713439980409253,0.7803313294523929,0.17259115013044327,0.862590582853279,0.8636450820538839,0.862590582853279,0.786364936777032,0.786364936777032,-0.18104161945489372,0.7236660592313217,0.2267395504886656,-0.7337776192375358,-0.6577880373900636,-0.6611437907873875,-0.2231713347379109,0.10000556631771787,0.30060810116802444,-0.08914950058975787,-0.6239216393045853,0.010488095057237573,-0.8338354342420263,-0.2213931105060359,0.09642161613888348,0.0980824469394469,-0.6393886351595488,-0.581161358569548,-0.14175820547256324,-0.6174155897202406,-0.8272688889799485,-0.4273262744728826,-0.26075982981059737,-0.4273262744728826,-0.3375516485759117,-0.4306342613735957,-0.4306342613735957,-0.8176939426026243,-0.8176939426026243,0.4313872540494148,0.5797648590288267,0.5009604304839211,0.7921057880109,0.7294632207032085,-0.42683824456926117,0.06635095213757466,0.726107107761096,0.747536188780915,0.726107107761096,-0.06899154405123206],[0.9935798482018207,0.9860911956605956,0.6409153689385364,0.99484589952278,0.9975737185821905,0.9935798482018207,0.9999730916686956,0.9996171588299856,0.9996171588299856,1.0,0.9654891417357899,0.999687006734146,0.9999740490086833,0.9999733538066132,0.999976964563046,0.6392702396490167,0.5229234187741326,0.06870590586013743,0.9998334599649096,0.9998343501707917,0.9907568949625118,0.9999714408968114,0.05419336487251321,0.7517531203464488,0.9957265777453516,0.9957265777453516,0.995689267334336,0.992615624170161,0.055740224274645075,-0.14685448748190813,0.9909383452293556,0.9908937899062588,-0.03893088924453919,-0.23630352122129447,0.9994518367590546,0.9994107365544209,0.8331253196541996,-0.45981257452662977,0.9991500476180727,0.9994650232235497,0.6047935966786931,0.04484904669182791,0.9993306326630329,0.9993357967742988,0.9993306326630329,0.9266457356449834,0.624215091580116,0.9492715281176725,0.9298156398884876,0.7924213964424943,0.03790844175681457,-0.5415514959839138,-0.10432339914660312,0.9344049549883614,0.2666168465883197,0.9673310771654201,0.9669951534425928,0.9832482665425981,0.9946826024138776,0.8981361898214827,0.8943712396657308,0.9088722128030093,0.8969981703763447,0.9072472891878745,0.907771256916716,0.9072472891878745,0.841513944704484,0.8659574927963405,0.867113350638499,0.8659574927963405,0.8928431536352955,0.8151429251400919,0.8786834803336223,0.8796551917193379,0.8786834803336223,0.672046685670294,0.5421347713803646,0.651052406087156,-0.5889663086068962,0.6203558669930762,0.5926242863917432,0.5925702527554378,0.5926242863917432,-0.07328949442811854,0.8713767614444249,0.8933811995007137,0.880304976528756,0.9058445494994758,0.10384970952207452,0.8736310735174894,0.8751726411229783,0.8736310735174894,0.8785073643931192,0.8785073643931192,-0.16953210076481426,0.7047513206359353,0.024406611605406917,-0.7363077145468455,-0.6782776471656633,-0.6797758420509298,-0.2130009835291822,0.10985958421185617,-0.20328782741382792,-0.25236828522856225,-0.6485086318781329,-0.4230978709893842,-0.8608217867859683,-0.6138631543884767,0.1091049722067456,0.11119128271024438,-0.6306950224260707,-0.5768351310857186,-0.571600183681853,-0.6046058455342577,-0.7931005830458067,-0.6326416845598759,-0.6350960183602187,-0.6326416845598759,-0.3238039531814271,-0.4214580889066423,-0.4214580889066423,-0.7740254484383451,-0.7740254484383451,0.44508598473956046,0.5930600839099176,0.8141955442477338,0.8136415997290398,0.7388840503389733,-0.4335567642861169,0.6484310973773189,0.6892037603895851,0.6893869050909825,0.6892037603895851,0.150805853667932],[0.9785734045304604,0.9755938067403453,0.6116893975260981,0.9769654291030565,0.9711679999401674,0.9785734045304604,0.9663825744494902,0.9606863462233177,0.9606863462233177,0.9654891417357899,1.0,0.954474084848629,0.9664009715100005,0.9664329871341303,0.9661629088128071,0.3960158000748633,0.276999660994461,-0.16375129107979575,0.9701453073028955,0.9701269739890132,0.9664954822854689,0.9664878286516956,-0.039097169129262935,0.7885316543750661,0.9677328861089588,0.9677328861089588,0.967883906024804,0.9170460674201157,0.14401489117341937,-0.1348783493602835,0.971954541136737,0.9720399525344497,0.10240372484531703,-0.01558060165843006,0.9732067043221013,0.9734184684317482,0.9004635673880851,-0.33388004575727337,0.961390909142206,0.9725219936094632,0.35500545101819164,-0.18337947243595298,0.9741501284600481,0.9741221784945493,0.9741501284600481,0.8477366871216214,0.43456213404993044,0.8686976478504372,0.919786934441407,0.8820629162960263,-0.4658184569893815,-0.6677659048505017,-0.17568872796794793,0.9053617221602799,-0.0442828814508059,0.9299909885004912,0.9300473880272798,0.9455399382947249,0.9702322440446076,0.8998522428447275,0.9026036963453307,0.9109484090372639,0.9026556541014811,0.9047731478603005,0.9052500662474237,0.9047731478603005,0.864464377696379,0.8409611706134204,0.842101333911219,0.8409611706134204,0.8990580412411215,0.9113257934069005,0.8972445786067831,0.8976675275241669,0.8972445786067831,0.7449936066361522,0.6882831524727826,0.7457496347257401,-0.24075837503480524,0.7571568337730143,0.7709590037123567,0.7729663392372141,0.7709590037123567,-0.22461543913554066,0.8981404009172809,0.9439338617477964,0.9107155671689587,0.9109058003214412,-0.055741514283773955,0.8928113634570658,0.8935253205559486,0.8928113634570658,0.8992872835877617,0.8992872835877617,0.03360303324768363,0.4448449495167798,-0.14724409915285727,-0.6819434677834392,-0.4537081611993417,-0.45641714537595557,-0.09038895305410537,0.44229013757694174,0.00030391397884678076,-0.22251420100859165,-0.5786571136031798,-0.12849023550056174,-0.7873100227479741,-0.29346648732706215,0.30491300254568693,0.3052235158980587,-0.4249854848481294,-0.43099920104777995,-0.39317264220418463,-0.40513930049046565,-0.65324282221049,-0.4121644702161714,-0.41468039244350796,-0.4121644702161714,-0.1562849845099094,-0.4634499051388763,-0.4634499051388763,-0.5423198069241079,-0.5423198069241079,0.5726835339181034,0.6500919688668656,0.7564026466167617,0.7153668841668233,0.8112828583381629,-0.5183136485276447,0.4301920258748188,0.537350430352955,0.5376850199053631,0.537350430352955,-0.11100732843082373],[0.9879365077429653,0.9869138316839474,0.9945896428598712,0.990704513816041,0.9966067223220855,0.9879365077429653,0.9997193273373463,0.9989171431713461,0.9989171431713461,0.999687006734146,0.954474084848629,1.0,0.9997191545592917,0.9997165041710269,0.9996928715041552,0.1248878813456034,0.020520390123670407,-0.5436279606914223,0.9998272976105689,0.9998289308940987,0.9997230280072372,0.9997220104061354,-0.28942941692453467,0.9747979803528695,0.9952533413740472,0.9952533413740472,0.9952373827595848,0.9941464858341509,0.05861075707472088,0.05253799258825532,0.9926735492023131,0.992713865567035,0.7599883079618251,-0.049829975245574976,0.9991818044156455,0.9991462568968459,0.9990347593099825,0.9994714456321878,0.9995068274188623,0.9992145775445542,0.06890602904698956,-0.5509635005931272,0.998993655739913,0.9989996686137116,0.998993655739913,0.9217843008575302,0.4709641512580259,0.9452442053622314,0.9261188639892932,0.7922760655680404,-0.3486584348805631,-0.5816576490027683,0.8394680421533353,0.8681256859136458,-0.3453064575894576,0.941214167652833,0.9413998103402533,0.9731466430981912,0.9940311707544519,0.9124063884604323,0.9173051967770325,0.896199071666357,0.9009935111473263,0.900376950079354,0.9008309363776634,0.900376950079354,0.8077600133608648,0.7779480397850472,0.7793951512382998,0.7779480397850472,0.9188951743549297,0.9239438674389835,0.9178210198963124,0.9186306768116768,0.9178210198963124,0.5981081378043339,0.5477045804171599,0.629288490245362,0.7012312167769621,0.613405019173399,0.6389253880814684,0.6409568047375502,0.6389253880814684,-0.25953207879239215,0.8679770235690132,0.8948767007335355,0.8851728361291449,0.9185020098691229,-0.3514631694440409,0.8641171995124294,0.8643010313455336,0.8641171995124294,0.8716029038342823,0.8716029038342823,-0.22035519840646722,0.6989936702090982,-0.39597165254945493,-0.8181005011471009,-0.5398302375865155,-0.5430215020895591,-0.44079544516319435,0.2514428190370763,-0.3082500433805391,-0.5495381988691659,-0.7784998639989757,-0.4138185686802045,-0.5857372342914599,-0.4893350757705959,0.10152027542552802,0.09972670813420512,-0.5599617965753745,-0.5340550372623186,-0.5553856265391327,-0.59148942286764,-0.5845411303973282,-0.5587954083477845,-0.5620366873180922,-0.5587954083477845,-0.45168694011488014,-0.6399604247533045,-0.6399604247533045,-0.6276767566622768,-0.6276767566622768,0.4408714080508315,0.34891819657599576,0.4900223806039952,0.6059454636149344,0.5348327180507567,-0.5745373098347759,0.3448206877497493,0.2945631736804395,0.294799250138232,0.2945631736804395,0.278717412474818],[0.9931162209147298,0.9862106060224802,0.6849539350082144,0.9941752063278257,0.9973789581389398,0.9931162209147298,0.9999969043618523,0.9984301265893514,0.9984301265893514,0.9999740490086833,0.9664009715100005,0.9997191545592917,1.0,0.9999915370262898,0.9999955544836425,0.8020428027054965,0.7713695377777864,0.1894626796211409,0.9998754870640196,0.9998757938627141,0.9908581406550433,0.9999975957593082,0.2823813091175471,0.7698482117742611,0.9916668414095902,0.9916668414095902,0.9882062513025746,0.9927007681765594,0.22812923581706626,-0.202622470518016,0.9915491717304665,0.991574753108188,0.14673951262999751,-0.27359735638789795,0.9993943141507989,0.9995157521146418,0.4843532568091538,-0.29390798926261613,0.9992064433171195,0.9994988123934084,0.7776296192930285,0.1682998629542516,0.949006068624529,0.9991662174753018,0.949006068624529,0.9269414882451885,0.6239571708708372,0.9496563514884396,0.930390285019266,0.7928988878680843,0.42022011906135437,-0.12994986088492785,-0.1754263203717813,0.9377324743930354,0.32145402807318907,0.9698818159407137,0.9670504960520396,0.981070819291402,0.9953909754339044,0.009869203095563705,0.8937264848021468,0.855936229916373,0.8960634054459101,0.8512427557322514,0.8172706746684486,0.8512427557322514,0.8417533282089935,0.8234116946034593,0.8126748999149853,0.8234116946034593,0.8916353951240666,0.4510486201938517,0.64145641118094,0.6908384829434416,0.64145641118094,0.6718635570384901,-0.32498378875916095,0.6513971701033083,-0.594555882541395,0.5705856268710479,-0.058498576034520085,0.4983068195726942,-0.058498576034520085,-0.12124352446716821,0.8705589268982477,0.8933874430897695,0.8797922475068943,0.7927243305803117,0.19004121346920516,0.8687426743096083,0.8696374229301177,0.8687426743096083,0.7995053214039354,0.7995053214039354,-0.1679899176488724,0.704265708169584,0.22088696759141763,-0.7251564814207051,-0.6466392094510175,-0.6501642682236216,-0.2096749732990899,0.10615168725608418,0.30782850791886024,-0.07078708932148,-0.6124602326871815,0.01989138394843126,-0.82898575602532,-0.2147071751850374,0.11004437792302775,0.1116928202937785,-0.6293111132998721,-0.5804561818142513,-0.1348261371672606,-0.6031606582498873,-0.8284307219949923,-0.4165857162204541,-0.2545392539039345,-0.4165857162204541,-0.32201024720070803,-0.41845938367921254,-0.41845938367921254,-0.8203721659653972,-0.8203721659653972,0.44701859864352844,0.5950884110323066,0.5184220135470554,0.808803707420525,0.7410011377415759,-0.4072284678079182,0.07939275593157887,0.7444039747774751,0.7627047646757077,0.7444039747774751,-0.08560453767947558],[0.9934568334962408,0.9861732371276984,0.6820633989084371,0.9947778252786015,0.9974463466445316,0.9934568334962408,0.9999883625092509,0.9994620435996272,0.9994620435996272,0.9999733538066132,0.9664329871341303,0.9997165041710269,0.9999915370262898,1.0,0.9999892267111101,0.713616871630079,0.6151087124147395,0.19109465308751172,0.9998976535240459,0.9998983283570831,0.9908469216586094,0.9999890837579686,0.2815644828323026,0.7666904093009156,0.9944897930003973,0.9944897930003973,0.9944600860093282,0.9926760034207484,0.22092588239130084,-0.20342535563596237,0.9919940121677706,0.991994585944098,0.1681351377182706,-0.2731124604070569,0.9995635094205215,0.9995152426442944,0.8648751658604805,-0.3793569896509055,0.9992041586960159,0.9995026252770186,0.6871191564880649,0.16996009626591302,0.9994664345545394,0.9994709813832722,0.9994664345545394,0.9268154013903072,0.6240567974959611,0.9494401180524189,0.9300884185530518,0.7926760126515627,0.30221149825213683,-0.297394806830752,0.1322551791285412,0.9376191421099372,0.32190616784614734,0.9674740577872815,0.9670697481840205,0.9798230961507118,0.9956178085882847,0.9038763901027559,0.8930471852438044,0.9138079515716497,0.8960144957029801,0.9125839518710621,0.9133168037770516,0.9125839518710621,0.8410941435411958,0.8834094552887302,0.8845851706073752,0.8834094552887302,0.891483462322821,0.7984822577769441,0.8822432626085517,0.8835839852772016,0.8822432626085517,0.6715816280751422,0.53440955960513,0.6502555187315979,-0.5935021616394482,0.5693694984614687,0.5671405872679134,0.5680188404372373,0.5671405872679134,-0.12341904772429446,0.870449041936929,0.8931389553350809,0.8794154865931444,0.9099920015202824,0.19185236264863656,0.8686930255718605,0.8698281342086255,0.8686930255718605,0.8772267408725946,0.8772267408725946,-0.16828844167087706,0.703450441997821,0.12370418092518955,-0.7242891825167829,-0.6463080076614857,-0.6495493016350118,-0.20969716579240263,0.10522723629217466,0.07996823992184401,-0.06929297660489037,-0.6113102093707046,-0.16907479970785858,-0.8387029870933745,-0.43049096276253535,0.10937680042773967,0.11149845519707345,-0.6293500164208614,-0.5797782813722899,-0.422154063266197,-0.6029409023598513,-0.8209032728098596,-0.5311150307400566,-0.527308539206686,-0.5311150307400566,-0.32130808379473247,-0.41851176178637467,-0.41851176178637467,-0.811678478334031,-0.811678478334031,0.444772602821367,0.5948322127169732,0.8195014215678099,0.8121557683483539,0.7411496690655222,-0.4069194004127737,0.7037967780502163,0.7314121672473257,0.7315099807780677,0.7314121672473257,-0.05313447910366307],[0.9931587315284185,0.9860737060557232,0.6850678819571964,0.9941962520026834,0.9974006656435245,0.9931587315284185,0.9999940284905575,0.9992413828836304,0.9992413828836304,0.999976964563046,0.9661629088128071,0.9996928715041552,0.9999955544836425,0.9999892267111101,1.0,0.7903448500482367,0.7126431325556236,0.1896132945866154,0.99987843467174,0.9998786322396452,0.990978594099221,0.9999954452499965,0.2830394099557917,0.7696940925133942,0.9946483360180411,0.9946483360180411,0.9945662878438705,0.9926380496208301,0.22841414205603108,-0.20263988573892006,0.9924643100589559,0.9925027532425268,0.14745872431131896,-0.2734314561774973,0.9994374149884201,0.9995154696275902,0.48344839786936605,-0.29322014916785577,0.9991707854831097,0.9995012207301818,0.7745397232145054,0.16847063989152988,0.9486033462513762,0.9992141784399728,0.9486033462513762,0.9271505370871056,0.6245707370054603,0.9497564729078138,0.9304603287841181,0.7926658489938831,0.42148107288406184,-0.12853607253063523,-0.17565495149822036,0.9380327152320378,0.3217180010069517,0.9702400578035625,0.9673196922952834,0.9813050221022117,0.9954332957447027,0.008909202006651438,0.8939473992740873,0.8558388804584627,0.8962473725427486,0.8511735639832269,0.8168518909666338,0.8511735639832269,0.8419219501154156,0.8233273530699787,0.8129696006703746,0.8233273530699787,0.8918915027179545,0.4504177354535881,0.6410019286082966,0.6908196159747192,0.6410019286082966,0.6717436435900637,-0.32607175896412954,0.6513611361036339,-0.5947604400598296,0.570269302514458,-0.059423392753572654,0.4979814261950508,-0.059423392753572654,-0.12121247469148212,0.8706654878184393,0.8931865123413238,0.8799141150277657,0.7861281790503545,0.19041532945924605,0.868806481197752,0.8696922409768936,0.868806481197752,0.7993190495728708,0.7993190495728708,-0.16922320304517244,0.7049936421162505,0.22135875097450164,-0.7251160249155966,-0.646967226338302,-0.6504959600439894,-0.210653419703824,0.10508032877055139,0.308155438374695,-0.07112779803132548,-0.6126078226038809,0.020003157636254935,-0.8282918236292931,-0.21453111997741758,0.10918419803589785,0.11083141808731996,-0.6298429494976674,-0.5806415773822773,-0.13427930019643514,-0.6041683983959245,-0.8284694898816073,-0.416520908021255,-0.25401714608622644,-0.416520908021255,-0.32280829856274657,-0.4188519775062237,-0.4188519775062237,-0.8207131643006897,-0.8207131643006897,0.447167545755996,0.5947830473518962,0.5179823049718622,0.8092135621894047,0.7405037410207127,-0.4068276932999243,0.07879007506035046,0.7448132180331909,0.7633075917779832,0.7448132180331909,-0.0853618856796881],[0.704724790016913,0.008018912438610644,0.36983694368542075,0.703775086495293,0.5888005505303141,0.704724790016913,0.8020512284149636,0.7985482417329952,0.7985482417329952,0.6392702396490167,0.3960158000748633,0.1248878813456034,0.8020428027054965,0.713616871630079,0.7903448500482367,1.0,0.9916613889109126,0.42849792393093,0.7662768912135374,0.7662403335855276,0.681687053685971,0.7888868314976399,0.33625143408235336,0.3473186707016094,0.7813230773419299,0.7813230773419299,0.765914787483808,-0.27446394998984996,0.1964654426660589,-0.1564943948333686,0.8316118975953948,0.828247563712864,0.16160022269023552,-0.21116375764350392,0.7968793955638314,0.6677606847680077,0.24691479226890986,-0.3169691832592761,0.13952701801792528,0.6304814721591073,0.9983160712480043,0.41161919712721484,0.7219351498112522,0.7964928844081774,0.7219351498112522,0.0812200641589201,0.5123505955947901,-0.33665559991401195,-0.36046926925560485,-0.03464961900867272,0.3916997303717777,-0.05412902225337199,-0.21126462406680904,0.6552877047533194,0.39818621384136865,0.7979372417983015,0.6562956796466957,0.7553828732091433,0.7783461036251382,-0.1077507162916773,0.048922534984660704,0.5300764640791564,0.3746949449210285,0.51951234194358,0.6058979973971498,0.51951234194358,0.25362845