var element=document.getElementById("correlationAdjClose");if(element.style.display!='none'){var correlationAdjClose={"data":[{"type":"heatmap","z":[[1.0,0.9999915624752719,0.9848509849789711,0.999923210404772,0.9989382164021069,0.9879097361271655,0.9976030462741835,0.9954585746644264,0.9957676631969476,0.9799712835848783,0.9926124993849273,0.9955978330276738,0.9948364948889831,0.9955108249768003,0.997313075973734,0.9965804223749613,0.99814670766594,0.9961978914693088,0.99621000105423,0.9962628086172176,0.9955468592861012,0.9858908215865071,0.9700679686683682,0.9883240997913538,0.9871971353942853,0.9828864761157009,0.9646771693094541,0.9457089519220212,0.9938466599682646,0.9944865818008028,0.991875794613982,0.9753772984336431,0.9975135389337871,0.9977971774856965,0.9972094636971522,0.9956601657786782,0.9952505969298509,0.9976698437668277,0.998514867873955,0.9986915184737493,0.9974575608771218,0.997468491261851,0.9767376860806558,0.9163605398862265,0.7456432563182188,0.9029867184941556,0.9055140872812404,0.8404501798534879,0.9658321201236066,0.9451418699678188,0.9672249066046772,0.9648158798011289,0.9574935236988289,0.9855742262937216,0.9821800655753808,0.9847021905342858,0.9784418973931248,0.986504865776165,0.9839873874758288,0.9871181589337686,0.9868911131844021,0.9646314730838768,0.968949785961274,0.9722549788659641,0.9719089348615716,0.9465574430263267,0.976470049247379,0.9746102349553786,0.9826833740879368,0.9818458478887168,0.9371481769506819,0.8645683274956786,0.8321363783251227,0.8834693164197509,0.9085088659888088,0.9039639816223756,0.9064645127899827,0.9050440329160777,0.6382412241593409,-0.5711141252866738,0.9777601568517427,0.9699890853131793,0.966458214942955,0.9855353590889666,0.9714088230982507,0.9823204543856991,0.9822711687911316,0.9467948512912278,0.9824888878032328,0.9506551915683349,0.6545398731208435,0.873240954874585,0.9171741099024019,0.7585996080876917,0.9234741718990709,0.9429303652690636,0.8189712642702132,0.9590725826834178,0.8957869401798486,0.6379425730628555,0.7094958576937235,0.8917992520738605,0.8651011562393066,0.8886943361031807,0.9696189545527446,0.9698228199218693,0.7388517709430301,0.7086788471329356,0.825220623173093,0.34725935041238803,0.7951300171580509,0.8295701093567069,0.8162213507505218,0.8143280436888262,0.7540725537338937,0.7430751498350586,0.723539957547937,-0.2467410213231045,-0.3832678851176805,0.6388593258859258,0.8984868716016443,0.9433656576386402,0.9477985113733605,0.9180250928883716,0.8281465537977601,0.9148821003442517,0.9365904085027851,0.9364198533421618,0.87082080515511,-0.19010118215350638],[0.9999915624752719,1.0,0.9838814010415097,0.999781405794875,0.9976996566476372,0.9904973988039509,0.9933555390476608,0.9893310300009782,0.98936391828816,0.9692709414513968,0.991638721060161,0.9895585855442108,0.9893919016637052,0.9894391600227966,0.9923165868932451,0.9943375128483832,0.9952377569167626,0.9925754731488899,0.992574874724903,0.989435488097361,0.9894925157942365,0.9886657160561065,0.9641178335844484,0.9851161464719149,0.9848502463504967,0.9827562436558279,0.9740887864745363,0.9135969677175714,0.9877308253413506,0.984271331864427,0.9762937361008702,0.9156096825537421,0.9948710844249502,0.9947075241993029,0.9949893001582945,0.9904398268969293,0.994453868566449,0.9949833266616576,0.9960755322214417,0.996657872071087,0.9949718789242248,0.9949802952427321,0.9869153674502901,0.9160537202475905,0.5942734279573728,0.9024778325260134,0.9053799122546243,0.8405999483499121,0.8708011868982115,0.9127631592489559,0.8745213341788814,0.8959405246055399,0.8698101628301201,0.9542224012076699,0.9541333940172324,0.9756027933904416,0.9792944882302187,0.9736221601304762,0.9732139255459177,0.9761638657783728,0.9760781512645462,0.938973701699452,0.9477886552249613,0.9154393629698052,0.9153414361726595,0.8175322832370417,0.9709924725150615,0.9731823476318356,0.9734280845765383,0.9728503029424849,0.9349165454097963,0.6675027748716045,0.6097501507645381,0.7585029866729666,0.8497890767802714,0.7815366087542567,0.8170121457006915,0.8153013028577624,0.6060667635277832,-0.27579651151513823,0.9592712543337955,0.9657605068615888,0.9589881080411441,0.9764558795087058,0.9562550947521163,0.9636466908140607,0.9627652235377949,0.9085404735872391,0.9664673106661819,0.9139581564237336,0.4907144777787209,0.8723340837563279,0.8693006961739814,0.2945994757922079,0.6714137140955856,0.7594627798139669,0.6477095557067675,0.9581908145785318,0.6595556592360611,-0.2471032451394986,0.14696894086988505,0.6278402453477433,0.6339825173640438,0.6811036256535575,0.9598219253614542,0.9596815734531902,-0.06925099205375737,0.17073277308967927,0.011863226755481885,-0.021316460431078522,0.00690103377696459,0.02356004245992741,-0.008494840035529574,-0.05294505259755011,0.37864330242505695,0.11489014914039246,0.06515440365192858,-0.451224310565563,-0.48717004627954746,0.6389755746796173,0.745919145771454,0.7706283111690946,0.829196551119725,0.825244517028048,0.5416269028682853,0.7330294086517597,0.7657869459195543,0.7644352628431815,0.41205445442455446,0.1948159834891626],[0.9848509849789711,0.9838814010415097,1.0,0.9862845477933981,0.9929859505194948,0.9903083372885264,0.9906694067498873,0.9911349889337913,0.9943686044530732,0.9558858303182901,0.9970522902696889,0.9910283073580368,0.9929579270609679,0.9911946093653624,0.9890814511288345,0.9920550508711732,0.9905113949093969,0.9897443562230007,0.9897106008426863,0.9928979630432752,0.9910637634552935,0.9937786548683744,0.9801493282968979,0.9909426193147484,0.9913767404202558,0.9817002030419891,0.9829160117848743,0.949847444158411,0.9725059938030584,0.9762134632901631,0.9780747298348375,0.9508935039413245,0.9879498335054919,0.9910672590728624,0.9893868107248301,0.9930334203054966,0.9949134678009759,0.9921394584424338,0.9843963448054913,0.9881336122906736,0.9882338069047081,0.9876050220032024,0.9908664178608251,0.9158534106898285,0.686232550756612,0.927230738961536,0.8992244671759996,0.7546219516437825,0.9262591806380972,0.900294826085276,0.9285085458034754,0.924637445018028,0.9143018312432876,0.9525321695180042,0.9598601365903912,0.9325991324520465,0.9513998710464455,0.955664127123641,0.9617119574780632,0.9561978062459017,0.9304590289636163,0.9018120322958814,0.9299744090200692,0.9257742807410565,0.9086222729929477,0.8676419138070454,0.961583347959414,0.9396213923749028,0.9563988994592887,0.9349596078955404,0.7816108619083051,0.8067322862071894,0.7369148614374762,0.8280976448832745,0.8699564872532668,0.8682193249061666,0.8388280442411239,0.8527341015704509,0.31511111511613926,-0.57008053877305,0.9486956943371553,0.9245484774125743,0.9276914214054737,0.9329674378788231,0.9430645204530254,0.9532538436900672,0.9528462138402277,0.9160972207780187,0.9493999463764387,0.844726663331279,0.6278269216489368,0.9374212110852154,0.9384132137735384,0.7199528782331541,0.9055237366951028,0.9271861689479737,0.804580216690673,0.9785979174348468,0.7782518885040858,0.5450569545646987,0.6493639608929097,0.7861405198576222,0.7909272038413446,0.7748892438604071,0.9821058006747334,0.9821409851144678,0.6588998234827012,0.6451115066516624,0.7133612981447205,0.2801667259128767,0.6910485667019114,0.7114980197480169,0.7241545739454673,0.7078789153910152,0.7091734372938727,0.6708298119615214,0.6494674322664904,-0.31890509025699837,-0.45503924779660193,0.5965608698375131,0.8588813704989311,0.8932991873593767,0.8951090568080953,0.8913199705384778,0.7586313027760704,0.8673827494849525,0.8818305612105857,0.8904900884275985,0.7386859721265908,-0.10963336028058732],[0.999923210404772,0.999781405794875,0.9862845477933981,1.0,0.9992385777776336,0.9888918189519654,0.9979311987821422,0.9959746603447456,0.9963669529182767,0.9796169676258938,0.9939636552789968,0.9960958195399239,0.995542845574777,0.9960253808987738,0.9975683864335224,0.9971148344528137,0.9984845611180548,0.9966486911653883,0.9966581771351161,0.996773831779719,0.996048571593784,0.9871633601713895,0.9714101188783723,0.9894135117208467,0.9883978425368498,0.9850962408711251,0.9667819927128083,0.946907920291753,0.9932988163349067,0.9941285163730921,0.991968497651185,0.9750199820192713,0.9976664261993602,0.9980889922356013,0.9975151058468186,0.996220564244354,0.9959958150635702,0.998001198191981,0.9983640346265752,0.998832488294456,0.9976020651668558,0.9976097577576006,0.9785759230928313,0.9120132183513859,0.7392433142984851,0.9037700252216242,0.9032953514699796,0.8302512491908799,0.9629005053799554,0.9417086419234241,0.9641850739055617,0.9621440941329652,0.9546095443122197,0.9834950457934309,0.9806434535132563,0.9829886379887494,0.9768330776293647,0.9849751437932818,0.9831685015780701,0.9855085746707382,0.9852761158595216,0.9515729583595167,0.9673400798920502,0.9705409190047685,0.9701938381463134,0.9400500386450898,0.9758290000420825,0.9711109939417905,0.9809586220569331,0.9800797356328254,0.9106709497482596,0.8624989322781936,0.8274082461226089,0.8811331027665067,0.9050105792970515,0.9031041167078401,0.9034809281658533,0.9021228525378582,0.5346520336001849,-0.5711022756951071,0.9765897946796487,0.9679537788943124,0.9643890885670273,0.9838256475681533,0.9703067061643813,0.9812684841865442,0.9812166541144031,0.9457562614639591,0.980740019835149,0.9309224854182752,0.659988901309034,0.8812216702795919,0.921670369459515,0.7601621895597092,0.9252018682689881,0.944401150602515,0.8192966231988786,0.9605586335839449,0.8896430141239676,0.6345917778489654,0.7077149721045584,0.8867212229299359,0.8615469983575887,0.8832879267196273,0.9706931578694752,0.9709051010580276,0.7378733253434818,0.7089595263535696,0.8172975439695952,0.3493389041375699,0.7895102189626021,0.821362084049191,0.8080839203004581,0.8090400141061959,0.7568911244113741,0.7431306089995462,0.7236645315160305,-0.24212603788586098,-0.38252556120721437,0.6373345515928363,0.8965875266562126,0.9415841432030808,0.9460609102319468,0.9169030610501412,0.8253413028403711,0.9129158375405431,0.9343907227877478,0.9343737957031522,0.8632008003300436,-0.18278212817905157],[0.9989382164021069,0.9976996566476372,0.9929859505194948,0.9992385777776336,1.0,0.9917888716197941,0.9990536588623936,0.9983287854714916,0.9983865771907096,0.9734183857749774,0.997737719749895,0.9983722708275814,0.9981772779572112,0.9983627324874027,0.9988053704380327,0.9980256454467674,0.9992145138477909,0.9987409720889492,0.9987407451643322,0.9984442643763191,0.9983577167190262,0.9938110936206809,0.9790426057801787,0.9939819435850179,0.993918671999668,0.9885616738353564,0.9807321182160733,0.9502745673378709,0.9898019820834242,0.9923232387154347,0.9895505120138336,0.9660463876905235,0.9989369242118984,0.9989734963313776,0.9989728620216536,0.9984683771318302,0.9985418884479565,0.9990739366627792,0.9989981514278099,0.9991405282219912,0.9989235994192232,0.998923428063094,0.9889323559876413,0.9216404781112828,0.7144766137447922,0.918394866408145,0.9073746562995858,0.8125956385130192,0.9467204628779438,0.9303146333036907,0.9506662548560311,0.9535350569560272,0.9455011674631947,0.979618445270504,0.9795365880006139,0.9789289398151109,0.9707434970897506,0.9799019908067929,0.9787774052154921,0.9802210882861995,0.9799355494956234,0.9531585221129957,0.9571463496241988,0.9520711383110648,0.9516093478253492,0.9073075844316557,0.9727889125096096,0.9693712877713154,0.9760843217807015,0.9751271449511896,0.9324737893963438,0.8379071131369931,0.7930589454590989,0.8633001584644105,0.9077579585566414,0.8888586334968056,0.8975247376710148,0.8962183213611118,0.6919759098500982,-0.593291141668794,0.9693464822168641,0.9559588166619691,0.9536063054609659,0.9800397260495411,0.9591279367459996,0.9736489318687771,0.9731712136380525,0.9351413612577436,0.9756305734744433,0.9391194128346252,0.6464948912198775,0.9016496777366992,0.9430956048515943,0.7109183231593877,0.903657718350231,0.9287854755327689,0.8130165465701769,0.9664327941858979,0.8803729864713836,0.4801780588434954,0.6399969106404718,0.8680606933117528,0.824986662334923,0.8702756504483268,0.9748646535551423,0.9750265720289824,0.6913139768757461,0.6895022378325099,0.7352085219089934,0.32412597916938357,0.6738033590039983,0.7410556645482985,0.7172414143071238,0.6966547472667411,0.7407643549273338,0.7256118762690816,0.7051821827486955,-0.4629317402765123,-0.540308092578897,0.6266431789307318,0.889205096223918,0.9257604081191777,0.9375982913247971,0.9131212602987133,0.8018374509763451,0.8955324191800703,0.918764100147709,0.91827024110667,0.796841486571441,0.03217952696049625],[0.9879097361271655,0.9904973988039509,0.9903083372885264,0.9888918189519654,0.9917888716197941,1.0,0.988070321584543,0.9882604050056288,0.987849823090042,0.9634372592324902,0.9796635935473761,0.988194965702574,0.9894106185090409,0.9883216978052666,0.9870563978616733,0.9916673850673413,0.9894047579256011,0.989111713821889,0.9891052346785866,0.9871281779146397,0.988257603581742,0.9960608796165455,0.9916449142341983,0.9883221974403066,0.9882089474267653,0.9711242629062126,0.9854403279297911,0.9677134878124325,0.9710569656866967,0.9754626114752856,0.9834752837183437,0.9702530618360331,0.9879675698028932,0.9881787573415082,0.9889859951162135,0.9891189365681905,0.9818623755991353,0.9889964903288018,0.986251588838033,0.9885914713030497,0.9880734989856048,0.9880783278158408,0.994904173368632,0.8739403153363404,0.7155009740136684,0.880741888951482,0.9005485699596222,0.8308405234236852,0.930479831974596,0.9112717069592231,0.9324329483350382,0.9407729035444249,0.9280682842669488,0.9603941172996509,0.9649874190500917,0.9684448365550635,0.9812543389743883,0.9695143903914358,0.9815186617664878,0.9693467642729499,0.9687775086000572,0.9691735114483985,0.9609968909331548,0.9434588004629406,0.9429446519544623,0.9321809288280857,0.9791534423328287,0.971469850473058,0.9698141567252735,0.9682065435699161,0.951763154702344,0.8609983113227838,0.8131170429359504,0.8814305452711505,0.8992560683210881,0.9069389148862377,0.8895696933062397,0.8874357673806376,0.6585396205491835,-0.5329225588111213,0.975579641578768,0.9726652060354396,0.9690372559065895,0.9695345251247005,0.9664505350937029,0.9755427648889842,0.975174850189918,0.957289657048291,0.964996990414791,0.9566023358723862,0.6625986161890464,0.8477401323885484,0.9403029400051731,0.7586128356755101,0.9156452658704528,0.9329411890671462,0.8136869118699658,0.9568344009641157,0.8448618186985152,0.5792835880141589,0.6805838387050144,0.8425121996194186,0.8212072344817037,0.8403769551039558,0.9588561083714261,0.9589239728752871,0.6995587433118988,0.6879844142325536,0.7604252786244087,0.34915654862215567,0.7407981369269098,0.7661954592841296,0.7523327620442687,0.7542349827635196,0.7437683247942324,0.7130363684768081,0.6957109316632513,-0.2723143281190653,-0.40038674906558264,0.6628053018999968,0.8804367334521056,0.898637745065657,0.907190312234942,0.8953426949405688,0.7979341837257412,0.8673986053251932,0.8900313761260041,0.8900960537613,0.8336669645412039,-0.15335657443867232],[0.9976030462741835,0.9933555390476608,0.9906694067498873,0.9979311987821422,0.9990536588623936,0.988070321584543,1.0,0.9972150199020424,0.9995414972284653,0.9730951213506117,0.9994502311491724,0.9981823871748946,0.9990832327096689,0.9990493999992506,0.9996549869029274,0.9968306180520154,0.9999027692752716,0.9992764480843865,0.999281713985872,0.9996613040104833,0.9992454096941815,0.9907079656864277,0.9750985685100536,0.9843877869995091,0.992680326495438,0.9878740289831943,0.9723580998477613,0.9453007105778083,0.9920944362984382,0.9917809152496972,0.9931220946321577,0.972117773400352,0.998859727033804,0.9998241278873051,0.9996639940865607,0.9994090882406065,0.9996773104235473,0.9998548041232803,0.9974299094033994,0.9996851856789152,0.9992937339092495,0.9989109757745823,0.9828764015603348,0.9282726004507806,0.7304743566812968,0.931347456856979,0.918082831451446,0.8052031632394938,0.9581485577124434,0.9411465408906043,0.9602354421302344,0.9579850260190959,0.9512612971546798,0.9817353586314072,0.9800659588202868,0.942125715496195,0.9571126808582944,0.9698385022598285,0.9701563223245979,0.9716063680357349,0.9422721117278717,0.8937389444590138,0.9474044916756371,0.9562587284521471,0.933244455733255,0.8804795871704482,0.9619699770457202,0.9322788324241437,0.9635949600223481,0.942484123745206,0.7449650434273299,0.8324996870821627,0.7595179039346484,0.8499612166286283,0.8758355400501273,0.8798949745572634,0.8589018747350524,0.871361370446332,0.26968279367633696,-0.6055664292890716,0.9598453098563778,0.9396934932660347,0.9393247194390236,0.9443199847653769,0.9561386964344912,0.9674337101046792,0.9674802067342052,0.925382098247894,0.963641454656344,0.8278091112324413,0.6413701123522416,0.9020727553440177,0.9216093830379658,0.7489636577213091,0.9224322043333645,0.9428330979286924,0.8136066458382113,0.9659155518269724,0.8311861710090014,0.6230820744492844,0.6979455453003026,0.8438884246034251,0.8403234716008903,0.8298192511003671,0.9749709950501513,0.9751972711157134,0.7242776627915914,0.6861348415767665,0.7826853467581768,0.3192860649388875,0.7665909287149598,0.7920235769003479,0.7821931570772405,0.7883518337736259,0.7366177038564053,0.7304953986556868,0.70922466552287,-0.260264363787969,-0.4078924301331217,0.6453067269003677,0.8911054889249683,0.9289841065073574,0.9442366922963138,0.9167886281897081,0.8237164979534295,0.9128231859235105,0.9346375588661874,0.934060303773343,0.7749107920446233,-0.14542012429710088],[0.9954585746644264,0.9893310300009782,0.9911349889337913,0.9959746603447456,0.9983287854714916,0.9882604050056288,0.9972150199020424,1.0,0.9999846487120535,0.9673385999542803,0.9996657527639963,0.9999969207239178,0.9996688129080715,0.9999979205220865,0.9994216091506856,0.9924066217164198,0.9993361251969587,0.9998916075381232,0.999891131919461,0.9999580689416634,0.9999946072027059,0.9909671302841287,0.9761776428174606,0.9919442179031961,0.9931859827682238,0.9851530764711903,0.9745435665096548,0.944047098720506,0.9883728881472046,0.9941580325867824,0.9917653095417628,0.9687716487179129,0.9994323561394071,0.9995006296199184,0.9996225256481764,0.9996960661411972,0.9988480385831187,0.9994261918027288,0.9977760950647886,0.9985923744932924,0.9995019907736415,0.9993653303412443,0.9843596967658474,0.9283681840386356,0.7173307097920415,0.9370938485217538,0.9155942434805491,0.7843359927208732,0.9565646564435979,0.936237199602779,0.9582392952632731,0.9515827798053476,0.9447664148396036,0.9797317844109918,0.976842140199706,0.9364852615463182,0.9514702817858788,0.9621618498082903,0.9662682507615971,0.9644086705352631,0.9403203370670439,0.8833929007622099,0.9414621657017647,0.9484487018248254,0.9272118133120129,0.865540863820218,0.9585000191753866,0.9249947496501495,0.9571631638324815,0.9372318543261178,0.72894615690226,0.8225798357203312,0.7545146247686899,0.8400466572989572,0.8670812838650123,0.8739550924983532,0.8537368742001018,0.863301447427425,0.24918321602490026,-0.611249090866796,0.9545348134720524,0.9303799823678373,0.9313072241434739,0.9421183069655898,0.9502037746489176,0.9622501225615807,0.9622916274575157,0.9184900406396815,0.9554610646900562,0.8133028581261518,0.6368086231601539,0.9215926514646212,0.9339400352520005,0.743618398980103,0.9217793178468082,0.9424575458297666,0.8108734336207246,0.9705615856490056,0.8349059090440594,0.6087361949323802,0.6884922071676476,0.8451365581676819,0.8372650991901155,0.8331830112184538,0.9779271030697584,0.9781580934664903,0.7141497958212267,0.6772274789175429,0.7846201058495513,0.3045606631320088,0.7613547162053799,0.7876467422792305,0.7834295829873842,0.7827782798038404,0.729333250868079,0.7240923723274378,0.702145536563081,-0.27730011849847624,-0.4239650306775809,0.6273965924854451,0.8826445285289295,0.9266985513168577,0.9365038512550061,0.9104394881996768,0.8122610570143293,0.9062833981321453,0.928303654025622,0.927979021092946,0.7546952388870292,-0.12750534512525313],[0.9957676631969476,0.98936391828816,0.9943686044530732,0.9963669529182767,0.9983865771907096,0.987849823090042,0.9995414972284653,0.9999846487120535,1.0,0.9666611079638595,0.9996647752551883,0.9999816061457889,0.9998410439827061,0.9999901715103688,0.9995057811928854,0.9978599153924727,0.9993257794729462,0.9998308634596721,0.9998298606347921,0.9999672695879407,0.9999826102412309,0.9938493573662336,0.9775085526946582,0.9952252118551511,0.9953654111663673,0.9851216198989899,0.978833511095905,0.9451594573822926,0.9889396996313903,0.9932531163702244,0.9887959206162923,0.9643064677023763,0.9993594603414595,0.9994400797592328,0.9994444901468539,0.9998433090725098,0.9988578691152236,0.9994135308711025,0.9983479281691549,0.9986029320302068,0.9993545732722373,0.9993487529525001,0.9888259110864577,0.9283942882534308,0.7180272864604947,0.9368347084694302,0.9153244835091725,0.7845584735103546,0.9436369516638056,0.9253806407894023,0.9471064233235132,0.9489782369432238,0.94198174222712,0.9773752713463668,0.9769185651384565,0.9679625208348364,0.9518683066110516,0.9688577450865162,0.9663544411557033,0.9692733579274653,0.9689417680849683,0.9400298276669999,0.9407485049019716,0.941084468592356,0.9406774033525369,0.8948620065467029,0.9588510535355308,0.9594351683933834,0.9655947226812599,0.9644259603351134,0.9189170478860448,0.8218956511664471,0.7710633550756694,0.8391905763001198,0.8884688198320697,0.8723799987882597,0.8798627914859923,0.8788205605718808,0.6377578759254101,-0.6268507917254073,0.9544741365742109,0.9304148374111824,0.9314376969732076,0.9693096441563356,0.9449157860404839,0.9617938025127805,0.9612853505922808,0.9193886226361038,0.9640370271927617,0.923697399051909,0.6351610472082543,0.9211096695895024,0.9477237174745817,0.7194374021729788,0.9087645070417697,0.9332817947688058,0.809987420567456,0.969324561422649,0.8870746789039936,0.5109394427084434,0.6568915795567123,0.8753889146579922,0.8329797472644894,0.8781018146072158,0.9778510143555009,0.9781125449791755,0.7120635104129492,0.6742423684582305,0.7512981544858255,0.3023661422211492,0.6917501489680999,0.7568110434020567,0.73493546209089,0.7153145908527968,0.7267712765689089,0.7209061576734921,0.6989143259053523,-0.5120519421019952,-0.5905697775531531,0.6271772360646786,0.8814806775372801,0.9254839467748157,0.9381575777223231,0.9094595340625683,0.8073921853282442,0.8958848941524723,0.9185152969919037,0.9179532833497827,0.8065494454250937,0.10483415844030493],[0.9799712835848783,0.9692709414513968,0.9558858303182901,0.9796169676258938,0.9734183857749774,0.9634372592324902,0.9730951213506117,0.9673385999542803,0.9666611079638595,1.0,0.9543056325441341,0.9677219486259138,0.9666743852968412,0.9674560474968464,0.973224941055232,0.9678182864943374,0.9751828576092664,0.9716585677670327,0.9716722118965901,0.9675075753048404,0.9675781202753309,0.9665742020514061,0.9541974697685615,0.974044199787934,0.9719771631661245,0.904111357039359,0.9700066579890975,0.9534755735622407,0.9770968029524371,0.9713690888440822,0.9714088490994185,0.9386459389183216,0.9754086214544617,0.9749919500968934,0.9754243974768222,0.967948108968053,0.9616316690971819,0.9744331936173333,0.9787414348371481,0.9777899253248793,0.9755847417930618,0.9756019247701682,0.9563731456260068,0.8482164229522393,0.5379742048995899,0.8088654859275581,0.8958880644371005,0.8750121842247662,0.9035614843281524,0.8366169006112366,0.9079669820554574,0.9185658102013174,0.9051212195905456,0.9361045936231103,0.93596788983906,0.945537458065671,0.937778407988034,0.9553306311927366,0.9493230674665915,0.9537931337737497,0.9538164759273595,0.9128921690874036,0.9541780085282434,0.9405022135565044,0.940194163610021,0.8655190377650067,0.9376947982401062,0.9451572865312448,0.9389419346696918,0.9378856833486418,0.8890719009291339,0.8299739707385637,0.7881548148519724,0.871360568526644,0.9200733907721205,0.8934677594434393,0.9068430157971431,0.9061612292316871,0.7280086523069711,-0.3200518090252449,0.9543211743355802,0.9556340665401571,0.9475895660886013,0.9472350218038791,0.9327785620586009,0.9555442882674533,0.9554914860039923,0.9039183413777617,0.9574272711695719,0.9084955832121298,0.7313193783920493,0.7179670533306167,0.8723145929920455,0.6450126474437131,0.8613969656416022,0.8959239566295316,0.8791242848175134,0.9522861523951056,0.9072722278254934,0.3970531660821711,0.6595072575830205,0.899693103657593,0.8781230138379098,0.9065256003983327,0.9525144361570685,0.9528374680773214,0.546305093416205,0.7118963766369967,0.6220355947049745,0.4930378693183521,0.5815871214742688,0.6361759354751203,0.5974168835477919,0.5713524121886426,0.8146644839118806,0.6920499094772757,0.6569295095235386,-0.29021469054244764,-0.34118748910337504,0.751915503791446,0.917605009800149,0.9245116689886214,0.9133506948894442,0.9424797495617119,0.6693344797947627,0.846683751626176,0.9110467197594655,0.910214264931092,0.6932097917862835,-0.16509995024559537],[0.9926124993849273,0.991638721060161,0.9970522902696889,0.9939636552789968,0.997737719749895,0.9796635935473761,0.9994502311491724,0.9996657527639963,0.9996647752551883,0.9543056325441341,1.0,0.9996919199155861,0.9996713017224,0.999679212690816,0.9995790096888766,0.9986199997604791,0.9991617258732434,0.9999578379003434,0.9999573626425764,0.9996781728136553,0.9996859658430772,0.99065318326894,0.9600033570813686,0.9916706510527774,0.9927526623054416,0.9892405339223661,0.971978977626958,0.900933523135761,0.9887730318404649,0.9925649076875959,0.9736363992070034,0.9016840324004033,0.9991879761926795,0.9992528064562689,0.9991914689234181,0.9994687668920298,0.9994288327570132,0.9992146653976239,0.9975698735818491,0.9979152075767298,0.9991618944254366,0.9991574654278189,0.9899035126883565,0.9224245151945929,0.5600206350433241,0.932528858364992,0.9144817487518515,0.7885271311888804,0.8570657651787779,0.8950007155539502,0.862355750264916,0.8765733117400264,0.8542308363871248,0.9511987265121322,0.9511339594153362,0.9530296284509796,0.9551905955269661,0.9452964770380977,0.9471804724112458,0.9494904807419858,0.9493012187403798,0.9016101880397661,0.9130369839188177,0.8737746935478443,0.8736010616487851,0.7607328377626297,0.9494116171588284,0.9526507445631187,0.9528087482200623,0.952123931525564,0.9030002692965851,0.6167003070974866,0.5551702544740161,0.7080746740755177,0.8069495275729914,0.7366882642211655,0.7734770803325846,0.7723084422192014,0.5486789015634034,-0.3972121405676891,0.9248335324510425,0.9342781707429076,0.9245217849818104,0.9544019236622693,0.9213922653226897,0.9304746913945288,0.9292983780780779,0.8641034840117396,0.9345751832105552,0.8711218400460023,0.5342646557801318,0.9178052843476237,0.9120623613866904,0.3306539019829212,0.7046028175530271,0.7846908775558397,0.6585413580832049,0.972196030552263,0.669526510958211,-0.19052002901417514,0.19363468613226753,0.642488598739303,0.646466538605348,0.688437624985654,0.9734521932552836,0.9735075517494312,-0.009926605051468205,0.22048693977498743,0.07291773714874684,0.0387457686593865,0.06573261493758233,0.08492782203931273,0.05178857884541959,0.0015239331119146398,0.4255462123397487,0.15543944500109153,0.10278137807537824,-0.5195818205150401,-0.5549566692774954,0.6272262648869952,0.7404355855161315,0.7653771046789501,0.826937472676078,0.8251156221900594,0.5236192742172084,0.7254064634263244,0.7606503952443266,0.7593867844401604,0.40523971961874455,0.24478457945132803],[0.9955978330276738,0.9895585855442108,0.9910283073580368,0.9960958195399239,0.9983722708275814,0.988194965702574,0.9981823871748946,0.9999969207239178,0.9999816061457889,0.9677219486259138,0.9996919199155861,1.0,0.9996532735637436,0.9999976615569708,0.9994771136874624,0.9938202000058305,0.9993852212921689,0.9999025233071679,0.9999022442530994,0.9999657522189748,0.9999950417960164,0.9908757890832481,0.976051604486578,0.9926010878381635,0.9931476249159312,0.9853379399696205,0.9743775892817392,0.9440644459690017,0.9892624073923894,0.9942170344794389,0.9918404390111479,0.9689185493781758,0.9994748545121069,0.9995441667905316,0.9996556229765536,0.9996977361527428,0.9989334346402526,0.9994708390014706,0.9978615196449095,0.9986714122280568,0.9995456407948001,0.9994087837913139,0.9841657283390035,0.928664978793386,0.7180536071690519,0.9370341655061721,0.9158508487926358,0.7854834110519505,0.9568975488495571,0.9366524877713982,0.9585798896360752,0.9519595802769647,0.9451710304180706,0.97997406257798,0.9770305645458247,0.936814147592717,0.9516686197623425,0.9624792975024307,0.966426379636531,0.9647195155379109,0.940592410570315,0.8836022163445609,0.9417642921833257,0.9488870398941975,0.9276610114315931,0.8660031550849291,0.9586029595922858,0.9252360103314974,0.9574075164733339,0.9375392247195526,0.7290836453183449,0.8230920256105009,0.7550864791111926,0.8405452909384473,0.8674570043286199,0.8742471943242882,0.8541750570999724,0.8637589064008703,0.2495490197388514,-0.6111391283244757,0.9547731800226776,0.9307974023126608,0.9316519953448834,0.9423741588495851,0.9504586829018966,0.9624933466922841,0.9625358912096389,0.9187271877640152,0.9558035105476016,0.8135775414251963,0.6370101106963141,0.920709685244615,0.9333988329968688,0.74387491784516,0.921829163439935,0.9425066295804025,0.8111638902482684,0.9703917402627349,0.8353524665508772,0.609758252315208,0.6891879704946913,0.8456043811564096,0.8377982964303732,0.8336125621161152,0.9778430934431454,0.9780740681819848,0.7148145628643785,0.6778490164785271,0.7851938344529322,0.30542483802787507,0.7620438681216667,0.7883245352126144,0.784008713261461,0.7834850015019178,0.7297405377400887,0.7245525347428133,0.7026336343355402,-0.27626981371623527,-0.4230328165126225,0.6279884745843929,0.8831617772245416,0.9271152153203339,0.9370102173161838,0.9108922122958154,0.8128159649346465,0.9068346762679915,0.9288418978666015,0.9285036798880902,0.7553670744237407,-0.12856946212339584],[0.9948364948889831,0.9893919016637052,0.9929579270609679,0.995542845574777,0.9981772779572112,0.9894106185090409,0.9990832327096689,0.9996688129080715,0.9998410439827061,0.9666743852968412,0.9996713017224,0.9996532735637436,1.0,0.9996899457143913,0.9989242709694255,0.997946761943309,0.9989459973748774,0.9994848110511451,0.9994776681370922,0.9996713582338723,0.99964516840501,0.9928678890139143,0.9776971325322613,0.9958971040673313,0.9957861274755873,0.9851882663915861,0.9771918439682611,0.9465556488006774,0.988366270939137,0.9922044248426416,0.9908820283845989,0.9665234420618345,0.9987712610506909,0.9990830906938706,0.9992720640317568,0.9999191053912674,0.9988823322018342,0.999064682377662,0.9971232191120573,0.9979926809186455,0.9987646566114409,0.9986914916079012,0.9881766268433443,0.9286176220567455,0.7137602250169226,0.9371313825189554,0.9157456733219231,0.7847929402876047,0.9523027939245318,0.929773345033319,0.9533754386440747,0.94844892336585,0.9410509799476772,0.9764106355704393,0.9749024662750538,0.959854811346369,0.9513636451315456,0.9627831258434936,0.9657719627106284,0.9645705371787625,0.9638742041397307,0.8877051587690226,0.9389254883779842,0.9473103157599639,0.947004603841624,0.8643300862767989,0.9589559092490282,0.9367880178914433,0.9592933343371913,0.9579601251368162,0.7337066541273186,0.8201468771348933,0.781791376244453,0.838257644057242,0.8689228145247894,0.8734232896829042,0.8624680531913388,0.8628343240453483,0.23457593125621956,-0.6056180591339101,0.9539531262643568,0.9305000533707724,0.9306293903657588,0.9626102566740112,0.9499345725962742,0.9613455725948821,0.9613401961395093,0.9186306870933851,0.9561565964850519,0.8202407766498493,0.6374381266424299,0.9212182857236865,0.9341928482148852,0.7412631335361345,0.9200040247426683,0.9409637823089375,0.8120745478398982,0.9730014209034187,0.8296064318917236,0.601332262442908,0.684600235181528,0.8367781610286963,0.8324573116979992,0.8255719257681511,0.979701537436829,0.9798918585136307,0.7056620467140149,0.6724850745179006,0.7647172149587738,0.30513421629387694,0.7520714666108052,0.7770107659625314,0.75353510578886,0.7724321333757694,0.7274925516171885,0.7144847324295213,0.692827247379796,-0.28290049308826176,-0.42807427122604647,0.6275751212480397,0.8809085308054369,0.9283981946468928,0.9323715166346677,0.9100325867100927,0.8049669631066741,0.9004603131380454,0.9216667197552767,0.9220064610607083,0.7489698041288623,-0.12688350075180901],[0.9955108249768003,0.9894391600227966,0.9911946093653624,0.9960253808987738,0.9983627324874027,0.9883216978052666,0.9990493999992506,0.9999979205220865,0.9999901715103688,0.9674560474968464,0.999679212690816,0.9999976615569708,0.9996899457143913,1.0,0.9994876604950729,0.9971805865158518,0.9993554118110729,0.9998950814052905,0.9998942890180336,0.999959868078979,0.9999925419280616,0.9910069858742272,0.9762324261094295,0.9944172994189239,0.9942529273295592,0.985262255224466,0.974589056924098,0.94422608115301,0.9917225343983836,0.994520788666245,0.9917089690066043,0.9686713392098767,0.9994474665038071,0.9995046588020455,0.9996320482044799,0.9997141535926444,0.998887721130006,0.9994362215240369,0.9978452338124676,0.9986134179170777,0.999514912964727,0.9993812762519821,0.9843445129007321,0.9284717906886771,0.7173995027106654,0.9371108247882384,0.9157784465994713,0.78487531128102,0.9566676827066893,0.9364039161688963,0.9583779065016834,0.9515437321115909,0.9447012199787292,0.9797757854727591,0.9768005754413974,0.936829369773996,0.951586746139481,0.9623533334439675,0.9663395625233677,0.9645840012839056,0.9400515356039528,0.8836270728044849,0.9413196636729145,0.9485219378569167,0.9274599748454783,0.8656759661602967,0.9586611661547756,0.9253976754996094,0.9573984628823518,0.9375930104585488,0.729332217858585,0.822529904139313,0.7548122236899312,0.8400420030370319,0.8672676504597214,0.8739299809827102,0.8539079616594174,0.8634894657531921,0.24954879404023664,-0.6109546911588725,0.9546048386209215,0.9305841769759495,0.9314779871791592,0.9403204794176468,0.950394624368247,0.9623266171258765,0.9623649533041084,0.9186695482395237,0.9556526943963127,0.8135953274965111,0.6368536635224005,0.9211725040619069,0.9337988040185662,0.7435575213295372,0.9216564540939636,0.9423613825467706,0.8108770549473788,0.9705800142723396,0.8349647077424428,0.6086038476948062,0.6883861639528677,0.8451793880020605,0.8374234161628098,0.8332348319462493,0.9779782541777966,0.9782056332070321,0.7137001478842955,0.6768302329779996,0.7846224421482383,0.30486831194778946,0.7613475799088265,0.7875828914576332,0.7836207815628861,0.7826906962853009,0.729237327189863,0.7232801635381189,0.7013685823904608,-0.2770927929393368,-0.4237538373054356,0.6277331179854329,0.8825719065573516,0.9268534648131391,0.9365772419784308,0.9105027615546581,0.8120731738120792,0.9065258724060452,0.9283727566869961,0.9281650005731931,0.7548234529479373,-0.12781567953271958],[0.997313075973734,0.9923165868932451,0.9890814511288345,0.9975683864335224,0.9988053704380327,0.9870563978616733,0.9996549869029274,0.9994216091506856,0.9995057811928854,0.973224941055232,0.9995790096888766,0.9994771136874624,0.9989242709694255,0.9994876604950729,1.0,0.9975028400199806,0.9997977049725324,0.9995638109852187,0.9995717768836203,0.9996665772409088,0.9995464086067318,0.9892606022611478,0.9738961124522796,0.9924257257775033,0.992044115487924,0.9876657000421276,0.9709710817264807,0.9432993310714693,0.9933808672674486,0.9941915116454775,0.9928347780400122,0.9717332762004053,0.99953922712536,0.9997604502084064,0.9997204663509767,0.9993100981512837,0.9995144115838199,0.9997708544415799,0.9985510410497678,0.9995822337355142,0.9996976270685574,0.9995062288014716,0.9813497976575388,0.9274100198419996,0.7283007526696231,0.9316962064112319,0.9164302259205682,0.7993612283736841,0.9607054398273245,0.9425072497218517,0.9624938269800823,0.9575905691368182,0.9511242543714409,0.9829848890186675,0.9796715915336096,0.9412367793712204,0.9545676299766658,0.9675409855370997,0.9689662859155774,0.9696682420778581,0.9436097984505931,0.8879522914698751,0.946528221356002,0.9555433753092772,0.9337677105393384,0.8744993491014569,0.9603884293868191,0.9286780063933553,0.9612202724011542,0.9416418605929342,0.7334104507069664,0.8310692576172556,0.760823426523201,0.8478720363534246,0.8723363864316648,0.8779947281846182,0.8588535951162398,0.8697887414036396,0.25586109303447857,-0.6106686107502421,0.9584131318362877,0.9371820059985675,0.9370189279188479,0.9453351633158137,0.9547139998447837,0.9663180334584661,0.966440358011702,0.9230817148651317,0.9611691372226248,0.8191971403253755,0.6435336828227449,0.9069404138621547,0.9241938709837025,0.7496291546702852,0.9237446514378819,0.9438997210084071,0.8131345965864043,0.9656089241227056,0.8387236728179824,0.6255906009515586,0.6987238854408488,0.8503527299591492,0.843737113455104,0.8371192548071682,0.9750533643661573,0.9753474884028008,0.7269706190454526,0.6876107900318775,0.7914864736132746,0.32002648214662693,0.7722348909318024,0.7984979227735072,0.7902766361219618,0.7943290674215047,0.7388832393078245,0.7335025267741312,0.7121305549318587,-0.25954532497017474,-0.4078347219705663,0.6400562190014293,0.8905715909587798,0.9325304415780837,0.9452377153330704,0.9169055529041923,0.8248537485420506,0.9150147794426807,0.9368698793643275,0.9360329746403184,0.7687741238195906,-0.14249237735131978],[0.9965804223749613,0.9943375128483832,0.9920550508711732,0.9971148344528137,0.9980256454467674,0.9916673850673413,0.9968306180520154,0.9924066217164198,0.9978599153924727,0.9678182864943374,0.9986199997604791,0.9938202000058305,0.997946761943309,0.9971805865158518,0.9975028400199806,1.0,0.9983768361471203,0.9975491237761971,0.9975461542920414,0.9976650968304975,0.9971328285369436,0.9925141635548961,0.9789807878795243,0.9785927171645322,0.989424220992221,0.9901270663513883,0.9757965856644677,0.9529566125037506,0.9922733573489741,0.9900220554771184,0.9892444061280836,0.9679745359205176,0.9973012483702723,0.9976681962525797,0.9977681420513487,0.9976825731037902,0.9985803468262415,0.9978605708342766,0.9972089264062113,0.997797403177231,0.9972811606175986,0.9972767401104075,0.9829210038113683,0.9160210083291621,0.7259179712776399,0.9254088017406804,0.9154067733519419,0.8035585982121191,0.9582715056290898,0.9414583566427749,0.9607935029747683,0.9506564173524868,0.9417315423891359,0.979281675034899,0.975257806068256,0.9530420182181542,0.9623611159994532,0.9727530783138952,0.9718919581122952,0.9736900899165354,0.9535228567138414,0.9025554839951213,0.9445645791318954,0.9552989279693204,0.9405833544437423,0.8836112182245477,0.9665381751509156,0.944578767707243,0.9688838109293405,0.9539354574441132,0.7598731885943963,0.8317199473859352,0.7756689607826982,0.8503292971298263,0.8842749035270462,0.882214853097602,0.8672914068888479,0.8783260158940208,0.2917286636665235,-0.5803386854996471,0.9615577771362145,0.9435094393151898,0.9435508413877551,0.9572967780649249,0.9598643304057201,0.9679546519174395,0.9679201858067668,0.9322994695336255,0.9671588088336533,0.8401187618037362,0.6416820083041107,0.9023905915118112,0.9224767550162556,0.7442882881158362,0.9180423296849622,0.9381874758363817,0.8097371446100572,0.966440484469102,0.8303660781981236,0.6012103772126194,0.6825416786413642,0.8359662512359379,0.8349576727154463,0.8246382212449168,0.9729825487228699,0.9731120074416155,0.7014486701907003,0.6688529431976847,0.7793219173424037,0.31253409505193813,0.7538584969232253,0.7775371502313498,0.7865235094918792,0.7732088794833142,0.7265169188296838,0.704294092865248,0.6838260663035313,-0.25620959925700365,-0.4021288198133143,0.6450439507559462,0.8777457813995441,0.930813854329933,0.936780176971983,0.904031709988923,0.8060550569499503,0.9148654075439745,0.9280893250417729,0.9333605495908038,0.7685986447216493,-0.1532885430386152],[0.99814670766594,0.9952377569167626,0.9905113949093969,0.9984845611180548,0.9992145138477909,0.9894047579256011,0.9999027692752716,0.9993361251969587,0.9993257794729462,0.9751828576092664,0.9991617258732434,0.9993852212921689,0.9989459973748774,0.9993554118110729,0.9997977049725324,0.9983768361471203,1.0,0.999667970537324,0.9996716339477328,0.9994518872473199,0.9993701925677005,0.9931769689577705,0.9782848271893754,0.9944273269816987,0.9940328210789977,0.9900424540473977,0.9764596698057092,0.9479870401920654,0.9915943574883398,0.994472894620483,0.9919919514071409,0.972250484376343,0.9998709536455698,0.9998612136915813,0.9998390250245