var config = { responsive: true }

var correlationClose = {"data": [{"type": "heatmap", "z": [[1.0, 0.9999838819028947, 0.9767122763950036, 0.9996942869371548, 0.9972032291903493, 1.0, 0.9898417588973704, 0.9849582924342102, 0.9904080456180246, 0.9731995149393625, 0.9784075337063208, 0.9898907145591412, 0.9900555533707329, 0.9899628178154163, 0.990023064478787, 0.9930130067598875, 0.9931910069141827, 0.9910873394666992, 0.9910770762399883, 0.9910144661284231, 0.9898828056473087, 0.9765487657052349, 0.9629843628068538, 0.9755427800056159, 0.9755142753167408, 0.9473527889006604, 0.9511501158932439, 0.9420345136285332, 0.98981071397668, 0.9897656730369953, 0.9855856711497384, 0.9744022968407072, 0.9930953538233431, 0.9940491135135866, 0.9931149560798633, 0.9912891121443507, 0.9852207908277695, 0.9937079522798947, 0.993676785682528, 0.9946301753345457, 0.9933108781311553, 0.9932994060747883, 0.9933108781311553, 0.9003350653513383, 0.7038204168554519, 0.8671941871926361, 0.9105624488222694, 0.8232091028790666, 0.9662944386877588, 0.9298097095923856, 0.957039514222181, 0.9518292701826753, 0.9555907870816417, 0.9785196923315902, 0.972416056537604, 0.905151057548834, 0.8923560914219864, 0.9256761602261361, 0.8949016533021916, 0.9220109004377207, 0.9229444045125752, 0.9220109004377207, 0.8256696765667931, 0.901812289897143, 0.9031061163752101, 0.901812289897143, 0.8787142667465221, 0.7004257515569193, 0.8555466459587249, 0.8574731773049477, 0.8555466459587249, 0.5972420555872869, 0.48484241529944927, 0.5714189358773197, 0.7240991401794252, 0.4563614340104265, 0.5238096149340409, 0.5260281851846156, 0.5238096149340409, -0.5951905344930231, 0.8659371935754201, 0.8964506852505782, 0.8781460160698351, 0.9068043398691361, 0.9322592619942659, 0.8645668277640991, 0.8661328314438383, 0.8645668277640991, 0.8781703777708764, 0.8781703777708764, -0.1754506108204216, 0.4920766884753393, 0.2194426403103986, -0.5053819945764241, -0.53619201987059, -0.5399250914327923, 0.02012143513423151, 0.024539973113306718, 0.29713169944296497, 0.21529041950031175, 0.12797350222326234, 0.10326522727581881, 0.1306952428377608, -0.16234941146178708, 0.09578334452822458, 0.09586252031691113, -0.5060774093096063, -0.39935227063263157, -0.16022814436539431, -0.4452894118551348, -0.3273162130301004, -0.3028377384509607, -0.2932731193120999, -0.3028377384509607, -0.15671227509317445, -0.20691353238943958, -0.20691353238943958, -0.5152669516626728, -0.5152669516626728, 0.3971683476058191, 0.6731345486245831, 0.8800694817344301, 0.8573443425099837, 0.7971279078028667, 0.6789841635526681, 0.7790676146055654, 0.8205080166466027, 0.8206793668032748, 0.8205080166466027], [0.9999838819028947, 1.0, 0.9625131496054449, 0.9991120449658372, 0.992454152374575, 0.9999838819028946, 0.9733805844428731, 0.962342441624826, 0.9730966748571875, 0.9552012898362304, 0.9756650155615237, 0.9734345495519354, 0.9733844882528483, 0.9731657528006404, 0.9722448429901783, 0.9824827443280356, 0.9809005509274193, 0.9799151282645702, 0.9798787185204645, 0.9735187148435263, 0.9735065244956858, 0.979090836069935, 0.9640090928785608, 0.9649974497348136, 0.9650892527541666, 0.9478106367811743, 0.9709828944843351, 0.9261065882703714, 0.9728866129541827, 0.9729456185501185, 0.9704942847693255, 0.9180538279837904, 0.9851225944888857, 0.9852423812499537, 0.9861599790777946, 0.976286839667848, 0.9831316036819, 0.9851171464107834, 0.9858965699971234, 0.9856510780057006, 0.986308386499593, 0.9862813179342326, 0.986308386499593, 0.9005166042224471, 0.6316126343266613, 0.8683708362872993, 0.9117972059727367, 0.8224251418377034, 0.8745726610068639, 0.8856536599858852, 0.8657436092215172, 0.8800566825423485, 0.8712739292325914, 0.9394029455650431, 0.9394429206827593, 0.906460358946542, 0.918536854118716, 0.8915685553345232, 0.8910562064846042, 0.8995942760541882, 0.9004631290229315, 0.8995942760541882, 0.7409204294812629, 0.7066511558490387, 0.7089413655526721, 0.7066511558490387, 0.9118065121295896, 0.9180589479139553, 0.9113881289427873, 0.9128985911199813, 0.9113881289427873, 0.40767963377201905, 0.35236908619825924, 0.4750091647490894, 0.5693062316302949, 0.4468112068308611, 0.4949155703926843, 0.4961617026292634, 0.4949155703926843, -0.18087118105265296, 0.8411440222835046, 0.8828968006176985, 0.8672831969940863, 0.9148288277310139, 0.9165323701150586, 0.8342312141552674, 0.834693822706971, 0.8342312141552674, 0.8467640040639687, 0.8467640040639687, -0.284422692128374, 0.49230957524719304, -0.3726994894467828, -0.44837782519406716, -0.4505458061906596, -0.4540408406584041, -0.2473782071104031, 0.19817170558847952, -0.16792501695024148, -0.3193058278378519, -0.17857973204020375, -0.2317574112299754, -0.25677297257858595, -0.2842373211177504, 0.06991332299559488, 0.0643269796005221, -0.45931352010971094, -0.409453926316702, -0.43732822155589096, -0.467428151676601, -0.45983305006308367, -0.44080165419488004, -0.4439384216705872, -0.44080165419488004, -0.34457586302391036, -0.4686336215635054, -0.4686336215635054, -0.4494588885029917, -0.4494588885029917, 0.39699485228875836, 0.4472361146773717, 0.5336089039964125, 0.6141969896639566, 0.5927314813041794, 0.27102645033706324, 0.4134758094437099, 0.41354410887104803, 0.4136125242756108, 0.41354410887104803], [0.9767122763950036, 0.9625131496054449, 1.0, 0.9807727340164786, 0.9905921019267511, 0.9767122763950037, 0.9850405582937889, 0.9829923876192818, 0.9921173574490169, 0.9339243712298408, 0.9961837503403752, 0.9849892026995426, 0.9824205561833352, 0.9847490566176113, 0.9846381632943154, 0.9878404869476071, 0.9889536046154678, 0.9824163117035234, 0.9823985226929267, 0.9906237342018984, 0.9848973441951984, 0.9903054593966033, 0.9785819470084247, 0.9822394082498865, 0.9822578763016343, 0.9784479614842854, 0.9765234328274612, 0.9454876872650281, 0.9669437414431169, 0.9670143107734389, 0.972072069754599, 0.9480149956324477, 0.9809582246043329, 0.9875805774070568, 0.979253585995705, 0.9823455556627233, 0.9932223928972383, 0.9895448783979127, 0.979044036909242, 0.9866168701471344, 0.9806596953111972, 0.979928921294513, 0.9806596953111972, 0.9100542886337343, 0.620208631878728, 0.9137167500614687, 0.8881407692209973, 0.6660920563993391, 0.9093622411390614, 0.8575342082528961, 0.8971006599287856, 0.8940393983818793, 0.9021946237410848, 0.9294644948258214, 0.9390202636154936, 0.7350717591124978, 0.7913019942067815, 0.8109894859787679, 0.8301263138342906, 0.803176642158753, 0.7733556885562091, 0.803176642158753, 0.7143364139525553, 0.7613446145998815, 0.7624916777396851, 0.7613446145998815, 0.8214950666784366, 0.38420329814891857, 0.5770748139457129, 0.6504787752948022, 0.5770748139457129, 0.4893728448137652, 0.46201429338576366, 0.4528239523275789, 0.6129315597315633, 0.38836900522640566, 0.42264533633871115, 0.38871561023777146, 0.42264533633871115, -0.5868393246260939, 0.7882818410296992, 0.7651343640184785, 0.7685150409580241, 0.7501369140680603, 0.8780250145821595, 0.795078393195014, 0.7978149644724422, 0.795078393195014, 0.7397765970049149, 0.7397765970049149, -0.2866377647571478, 0.6952573929204485, 0.1672815020812126, -0.6029570592331049, -0.6297337667377182, -0.6325194746584717, -0.09342370371924806, -0.017687018463472228, 0.2912447412626473, 0.080727754657365, 0.020552147868822736, 0.0526372991447341, 0.01948180693599179, -0.16014983714017292, -0.0033209465345620534, -0.003547056173785756, -0.5981206924292077, -0.5159290911543839, -0.11805133271719648, -0.5725423706265909, -0.4261339181039322, -0.39034697812904834, -0.2205188790362828, -0.39034697812904834, -0.28424637880014275, -0.34572703729739424, -0.34572703729739424, -0.6197884483979854, -0.6197884483979854, 0.3083090793064759, 0.5766929158079442, 0.785743047441666, 0.7637844310157473, 0.732614708693713, 0.570922866691662, 0.7123184360787804, 0.7200192130332815, 0.7519747891516378, 0.7200192130332815], [0.9996942869371548, 0.9991120449658372, 0.9807727340164786, 1.0, 0.9984569279481732, 0.9996942869371546, 0.9915834859739262, 0.9871688877614988, 0.9926043467453639, 0.97121390850077, 0.9844975323964184, 0.9916190265710816, 0.9917102827559735, 0.9916608303682023, 0.9917056365532921, 0.9946565489853278, 0.9948162055647248, 0.9925801674634938, 0.9925708672517297, 0.9929736953619327, 0.9916019191844847, 0.9799818956751506, 0.9661919186911383, 0.9786577743459294, 0.9786308454623255, 0.9613066390732223, 0.9557746902887277, 0.9434790179706137, 0.989825129775726, 0.9897913809578344, 0.9866519459883448, 0.9740157587631955, 0.994017846744369, 0.9953468815984761, 0.9939923226500016, 0.9925836263335044, 0.9898027964993391, 0.9952615638895277, 0.9944010916345208, 0.9958437279014306, 0.9941302431074035, 0.9941219278227925, 0.9941302431074035, 0.9006115818641566, 0.6916384304048759, 0.8785676149369769, 0.90623232421969, 0.8004582270389176, 0.9606834831416904, 0.9219785778320926, 0.9504402534912865, 0.9463819754118526, 0.9509163683409473, 0.9744076868361348, 0.9698311568243353, 0.877908913456571, 0.8807331648563534, 0.9089023941887393, 0.8885077770317814, 0.9000651822180193, 0.9013548981703786, 0.9000651822180193, 0.8143876726276208, 0.8874685989207362, 0.8888989383895479, 0.8874685989207362, 0.8726673361691967, 0.625425631939666, 0.8057452869186259, 0.807748518988886, 0.8057452869186259, 0.5863370322878576, 0.456470228677918, 0.5582533478118336, 0.7047691226049349, 0.44881603717529023, 0.4900550546735664, 0.4930142935110924, 0.4900550546735664, -0.5971217410107366, 0.8577941224864521, 0.8828231922722316, 0.8659182704374222, 0.8768874748725967, 0.9277529438557719, 0.8576748344050868, 0.859443916798262, 0.8576748344050868, 0.8535252725288465, 0.8535252725288465, -0.1829109967609214, 0.5247207649887373, 0.22437192518134663, -0.5141658054571752, -0.5446013407453048, -0.5482421962636282, 0.0074055853953168905, 0.01797287151212368, 0.2899367862107613, 0.20303977786373398, 0.11730484118425538, 0.09655808017417236, 0.12449517149965739, -0.1704408337415825, 0.08332224404291273, 0.08344457133466207, -0.5140405505205013, -0.4110634409713835, -0.1621218694699142, -0.45902914137345313, -0.3298062749075177, -0.3047171593027217, -0.29571119984275757, -0.3047171593027217, -0.1668563572464416, -0.21761295543946174, -0.21761295543946174, -0.5269205148911834, -0.5269205148911834, 0.380362664119784, 0.661101693133379, 0.8728626376107176, 0.8501247338071297, 0.7900730163489834, 0.6704309006644826, 0.7705415877701284, 0.8123481189294905, 0.8125331561410563, 0.8123481189294905], [0.9972032291903493, 0.992454152374575, 0.9905921019267511, 0.9984569279481732, 1.0, 0.9972032291903493, 0.9964387694653115, 0.9941091564939046, 0.9966213344481206, 0.959735243838078, 0.9945026583477278, 0.9964579222578125, 0.9965626101005309, 0.9964923123832914, 0.996487584159049, 0.9975776236343703, 0.9972179955026291, 0.9971082977633853, 0.9971046143080771, 0.9964546105627221, 0.9964510769167154, 0.9928246559869645, 0.9793510731402414, 0.9892525191340003, 0.9892041809163038, 0.9797935266519298, 0.9780351468052224, 0.9477868269149327, 0.9885329601393438, 0.9884706236291211, 0.9881152577718187, 0.9650365312737653, 0.9976767737756357, 0.9976264489404884, 0.9975354064538455, 0.9970166736832616, 0.9969494119769715, 0.997837490055457, 0.9979548790484614, 0.9976964209669447, 0.9976681428383068, 0.9976713578736781, 0.9976681428383068, 0.9182112681807716, 0.6547311384630046, 0.9056814765869708, 0.9080671907746637, 0.7626139245171872, 0.9411161160809668, 0.8943292921868958, 0.930076099563035, 0.9319904361261675, 0.9401730749027297, 0.9678767981865628, 0.9679736774492403, 0.8668305068146763, 0.8530348318286229, 0.8888885118895894, 0.8704243936641879, 0.8867110620794165, 0.8873126615928386, 0.8867110620794165, 0.7798143792186801, 0.8221588068725117, 0.8239573487349471, 0.8221588068725117, 0.85614892186709, 0.7317518678977502, 0.835395049233819, 0.8367128795055111, 0.835395049233819, 0.532754937799033, 0.39272339771839276, 0.5131475969494596, 0.6887472334846187, 0.5041927991638946, 0.48029477856937336, 0.48076738566804395, 0.48029477856937336, -0.582696016784604, 0.832866535913466, 0.8446956670291741, 0.8325018663384811, 0.8784393364256191, 0.8988724322283619, 0.835799948583615, 0.837533448701248, 0.835799948583615, 0.8445367001889896, 0.8445367001889896, -0.23054258568957206, 0.5966453542408383, 0.08060187997890325, -0.5730812815251025, -0.6085140920842327, -0.6088169046411955, -0.031144047589048797, 0.037535448941974504, -0.10870028604835809, -0.04845072090712457, -0.036790866763431046, -0.2813538961901431, -0.33415271602947355, -0.48154007251892605, 0.04587840909907484, 0.04582059221080677, -0.5478483501557478, -0.4531798067176478, -0.4742518479059124, -0.5078471353023121, -0.5654678232688644, -0.5355895996427414, -0.5380463546998648, -0.5355895996427414, -0.21500609042481747, -0.2598516290480292, -0.2598516290480292, -0.6347910806289417, -0.6347910806289417, 0.3548073361714005, 0.638385706804786, 0.820319597020703, 0.7908239170247688, 0.776461281901899, 0.5978631196366287, 0.6189167960395445, 0.704509570042089, 0.704864421513548, 0.704509570042089], [1.0, 0.9999838819028946, 0.9767122763950037, 0.9996942869371546, 0.9972032291903493, 1.0, 0.9898417588973704, 0.9849582924342102, 0.9904080456180246, 0.9731995149393625, 0.9784075337063208, 0.9898907145591412, 0.9900555533707329, 0.9899628178154163, 0.990023064478787, 0.9930130067598875, 0.9931910069141827, 0.9910873394666992, 0.9910770762399883, 0.9910144661284231, 0.9898828056473087, 0.9765487657052349, 0.9629843628068538, 0.9755427800056159, 0.9755142753167408, 0.9473527889006604, 0.9511501158932439, 0.9420345136285332, 0.98981071397668, 0.9897656730369953, 0.9855856711497384, 0.9744022968407072, 0.9930953538233431, 0.9940491135135866, 0.9931149560798633, 0.9912891121443507, 0.9852207908277695, 0.9937079522798947, 0.993676785682528, 0.9946301753345457, 0.9933108781311553, 0.9932994060747883, 0.9933108781311553, 0.9003350653513383, 0.7038204168554519, 0.8671941871926361, 0.9105624488222694, 0.8232091028790666, 0.9662944386877588, 0.9298097095923856, 0.957039514222181, 0.9518292701826753, 0.9555907870816417, 0.9785196923315902, 0.972416056537604, 0.905151057548834, 0.8923560914219864, 0.9256761602261361, 0.8949016533021916, 0.9220109004377207, 0.9229444045125752, 0.9220109004377207, 0.8256696765667931, 0.901812289897143, 0.9031061163752101, 0.901812289897143, 0.8787142667465221, 0.7004257515569193, 0.8555466459587249, 0.8574731773049477, 0.8555466459587249, 0.5972420555872869, 0.48484241529944927, 0.5714189358773197, 0.7240991401794252, 0.4563614340104265, 0.5238096149340409, 0.5260281851846156, 0.5238096149340409, -0.5951905344930231, 0.8659371935754201, 0.8964506852505782, 0.8781460160698351, 0.9068043398691361, 0.9322592619942659, 0.8645668277640991, 0.8661328314438383, 0.8645668277640991, 0.8781703777708764, 0.8781703777708764, -0.1754506108204216, 0.4920766884753393, 0.2194426403103986, -0.5053819945764241, -0.53619201987059, -0.5399250914327923, 0.02012143513423151, 0.024539973113306718, 0.29713169944296497, 0.21529041950031175, 0.12797350222326234, 0.10326522727581881, 0.1306952428377608, -0.16234941146178708, 0.09578334452822458, 0.09586252031691113, -0.5060774093096063, -0.39935227063263157, -0.16022814436539431, -0.4452894118551348, -0.3273162130301004, -0.3028377384509607, -0.2932731193120999, -0.3028377384509607, -0.15671227509317445, -0.20691353238943958, -0.20691353238943958, -0.5152669516626728, -0.5152669516626728, 0.3971683476058191, 0.6731345486245831, 0.8800694817344301, 0.8573443425099837, 0.7971279078028667, 0.6789841635526681, 0.7790676146055654, 0.8205080166466027, 0.8206793668032748, 0.8205080166466027], [0.9898417588973704, 0.9733805844428731, 0.9850405582937889, 0.9915834859739262, 0.9964387694653115, 0.9898417588973704, 1.0, 0.996986130204008, 0.9999663462468685, 0.948396797163418, 0.9995151784692787, 0.9999958713529797, 0.9999561391637881, 0.9999917939562711, 0.9999148850894248, 0.9936417709486703, 0.9998038273339319, 0.9998196773925411, 0.9998200962984761, 0.9999942099053231, 0.9999962937592213, 0.9906970989907786, 0.9740901692506713, 0.9832426800237044, 0.9920749923361938, 0.9815604533474238, 0.9700631802565324, 0.9373466115769031, 0.992601670446797, 0.9922418074640947, 0.9921309364553997, 0.9680789560859169, 0.9992732514860867, 0.9993572183669407, 0.9993320840112022, 0.999729582298931, 0.9984645528289648, 0.9992299009577599, 0.9981451877876023, 0.9993408983164793, 0.9990829493928193, 0.9989961160005433, 0.9990829493928193, 0.9240920258202289, 0.6521095205038412, 0.9270219825025668, 0.9089450674616238, 0.7059006911893712, 0.9492536297595423, 0.9125428492898193, 0.9369259371334281, 0.9277298712504258, 0.9390207558343614, 0.9693468441392931, 0.9614058883630046, 0.6902167647875795, 0.7949181696466812, 0.7814364962615363, 0.826858474584503, 0.7739907787565755, 0.7459146403505194, 0.7739907787565755, 0.7303658680760567, 0.7482756356850272, 0.7520361924620473, 0.7482756356850272, 0.8091690799763265, 0.2591458984408953, 0.48202482591873946, 0.578600164322081, 0.48202482591873946, 0.49721559402157545, 0.4588471686098691, 0.4541663679661514, 0.5889877375095978, 0.3640462205504754, 0.39573041989733865, 0.3428488310255085, 0.39573041989733865, -0.6511216461842345, 0.7850681662446439, 0.783683907576802, 0.7776183870246971, 0.7158094694633517, 0.8825419246784989, 0.7911435384282386, 0.7936569734861814, 0.7911435384282386, 0.6957944888020594, 0.6957944888020594, -0.26898360409135164, 0.6559872656442584, 0.26748214867605075, -0.562985210190698, -0.5914399781906775, -0.5945819387229422, -0.050358814997714316, -0.037208879513014985, 0.3839508947520731, 0.15929997728120038, 0.07232779261983276, 0.14018054851223125, 0.10849503874510467, -0.078738516840968, 0.006944408826013588, 0.007166420018138959, -0.5646116824287805, -0.4874622071869943, -0.006120408848550779, -0.5495106188036234, -0.3374387766402644, -0.3044870876172491, -0.12711442977643791, -0.3044870876172491, -0.25402881571250124, -0.2734972010905432, -0.2734972010905432, -0.5969001291424193, -0.5969001291424193, 0.34922338272476044, 0.6112545761853033, 0.8043988204380832, 0.810059179728745, 0.7627595427653664, 0.6504422781124006, 0.7491081538702382, 0.772195567184434, 0.7904028028786827, 0.772195567184434], [0.9849582924342102, 0.962342441624826, 0.9829923876192818, 0.9871688877614988, 0.9941091564939046, 0.9849582924342102, 0.996986130204008, 1.0, 0.999412011734029, 0.9392676445153864, 0.9979542813064173, 0.9978198993642203, 0.9991984111030061, 0.9989150401377448, 0.998583854809853, 0.9856821288583709, 0.9988196424835468, 0.9989775658451058, 0.9989809206887627, 0.9994611400521307, 0.9990955205138045, 0.990543820458172, 0.9744200438758656, 0.9912113490403501, 0.9918840112113356, 0.9757566565321524, 0.9721268991788061, 0.9353803278090211, 0.988963439309342, 0.9923906282238154, 0.9903524472547605, 0.9642331150878363, 0.9980598994168609, 0.997930996821573, 0.9979439233778993, 0.99894657975988, 0.9954544475714099, 0.9976810858663805, 0.9974839633570597, 0.997795123162381, 0.9978814166883994, 0.9979136828958431, 0.9978814166883994, 0.922703685504669, 0.6363397930058717, 0.9297063517892282, 0.9060167927545157, 0.676500646841559, 0.9470258985102685, 0.9051628603979879, 0.9332467289810338, 0.9183615306339948, 0.9311724634334655, 0.9645360508714996, 0.9556371774593327, 0.672660679744478, 0.7759758509588672, 0.7603318164979216, 0.8143158606689435, 0.7542144832277161, 0.7310395248798177, 0.7542144832277161, 0.7131604204098252, 0.7252405487068938, 0.7363083979444871, 0.7252405487068938, 0.7965155575510545, 0.23459006905109012, 0.45578556197087267, 0.5583954082189491, 0.45578556197087267, 0.480214685196721, 0.45053664990278036, 0.43504395548909497, 0.5702718699945247, 0.35259929633069403, 0.38189221842344967, 0.32283803226405494, 0.38189221842344967, -0.6514882300312598, 0.7706681819897769, 0.7592051740599032, 0.7583127982111096, 0.6979949866094599, 0.8716463958976799, 0.7775843745203249, 0.7803773439101146, 0.7775843745203249, 0.6728114108599424, 0.6728114108599424, -0.288350967461643, 0.6919830817850723, 0.2766760854413268, -0.5790116313470371, -0.6068720721688539, -0.6098085510173611, -0.06673253902460269, -0.04746064495698121, 0.3774637137167027, 0.13959358615011752, 0.05569956556506097, 0.13108435555378273, 0.09256057688653274, -0.0850741388359952, -0.011718540695892551, -0.011484457457559986, -0.5786073293745558, -0.5052348867047143, -0.012773950617654562, -0.5707484181742777, -0.3518978835294604, -0.31708092655462944, -0.1332052246953863, -0.31708092655462944, -0.2750015264615255, -0.2895066667478966, -0.2895066667478966, -0.6120300021891478, -0.6120300021891478, 0.3219607943194065, 0.5920210971507059, 0.7939897166396191, 0.7909846177755974, 0.7484971194471186, 0.633345880396591, 0.7322233786920745, 0.7518800548225522, 0.7739585945001592, 0.7518800548225522], [0.9904080456180246, 0.9730966748571875, 0.9921173574490169, 0.9926043467453639, 0.9966213344481206, 0.9904080456180246, 0.9999663462468685, 0.999412011734029, 1.0, 0.9471107833478336, 0.9994484323389313, 0.9999674891460124, 0.999963003295401, 0.9999726787868496, 0.9999279205316477, 0.997974659033017, 0.99970679275543, 0.999752674626335, 0.9997536641144205, 0.9999645217152342, 0.9999648505451627, 0.9939585645761732, 0.9768789103885739, 0.9934292323544924, 0.9933660184746534, 0.981321874303004, 0.9760803364768785, 0.9394280986847832, 0.9910659397225898, 0.9910326009191345, 0.9888924326376557, 0.9633779242357757, 0.9992870733066017, 0.9992494216522908, 0.9991074793913942, 0.9998571063623202, 0.9983648535690147, 0.9992200705096109, 0.9991175644111433, 0.9992201425061837, 0.9991273911690168, 0.9991335743648366, 0.9991273911690168, 0.9242011845067111, 0.6535532297896635, 0.9272287295550854, 0.9092131172561441, 0.7052571858224279, 0.936382066772912, 0.8863034954969882, 0.920914794431183, 0.9232036661066992, 0.9353531278504106, 0.9629163851223728, 0.9618265619343611, 0.8359780082724481, 0.7957946268598146, 0.8588767776135724, 0.8276675020224802, 0.8567619786993155, 0.8576160716191266, 0.8567619786993155, 0.7293902822298264, 0.8016743758544118, 0.8035459582593538, 0.8016743758544118, 0.8105734373885665, 0.6887556217028219, 0.801679197938753, 0.8034041528433604, 0.801679197938753, 0.4961633777199302, 0.312831105695645, 0.45355663007149827, 0.6327904283715835, 0.4255349510727288, 0.3879243684491353, 0.3882597770790807, 0.3879243684491353, -0.6309939196465489, 0.7854908419111685, 0.7832263586059421, 0.7775960242889121, 0.8480466516602638, 0.8695243428466956, 0.7978709534148191, 0.8006363200602481, 0.7978709534148191, 0.8065349681983951, 0.8065349681983951, -0.27165569452354404, 0.6564610765143969, 0.10366248470478658, -0.592562366100279, -0.6365818202011445, -0.6373892400841175, -0.054019312544840443, -0.03562709578130267, -0.11857738491373838, -0.02307760981521759, -0.02534021166184007, -0.3160162562314727, -0.34474571796080855, -0.5244849146668347, 0.005367703478585589, 0.005972236701690316, -0.566671428599067, -0.489908317317955, -0.48563454580787296, -0.5519539799023592, -0.5825417794910243, -0.5617622610759867, -0.56366311215745, -0.5617622610759867, -0.25664189205590837, -0.27735383875264147, -0.27735383875264147, -0.6950094150897892, -0.6950094150897892, 0.3498763220599134, 0.6102284644368098, 0.8265207643683792, 0.8020058850630271, 0.7612204188630692, 0.6353573037683069, 0.6505794279816041, 0.7227614642656379, 0.7229102343649825, 0.7227614642656379], [0.9731995149393625, 0.9552012898362304, 0.9339243712298408, 0.97121390850077, 0.959735243838078, 0.9731995149393625, 0.948396797163418, 0.9392676445153864, 0.9471107833478336, 1.0, 0.9148004191107917, 0.9484428627311561, 0.9485562982675448, 0.9480655227446932, 0.9473581573444857, 0.9498888743390548, 0.9557778146166412, 0.9548093404245275, 0.9547775025354751, 0.9485960936933457, 0.9485816702438263, 0.9477712477466064, 0.9394472316849365, 0.9505167227220149, 0.9507366037081957, 0.7914246887654518, 0.9553510557137818, 0.9494839674567009, 0.9562323029062956, 0.9563781172309409, 0.954365509550437, 0.9280235183951642, 0.9591727516585578, 0.9594420816685226, 0.9603095380397162, 0.9506748586965834, 0.927978498226526, 0.9583712065015585, 0.959963492449855, 0.9597631928453305, 0.9606259540733625, 0.960585501152718, 0.9606259540733625, 0.7712372665602003, 0.4520824798560211, 0.7129527768297772, 0.8636915723070507, 0.8474062068882076, 0.8743840536684866, 0.7513061935193054, 0.8522374369920069, 0.8654847746873762, 0.8756113113464438, 0.8935101069020681, 0.8935553756910851, 0.8469873011529745, 0.8376825251277538, 0.8745707086072559, 0.8494371952749252, 0.8653878431971112, 0.8663729365560958, 0.8653878431971112, 0.782160157551695, 0.76169106127945, 0.7639592521613302, 0.76169106127945, 0.8423576665341788, 0.8662136679436455, 0.8401644818632563, 0.8410933350683614, 0.8401644818632563, 0.6056492308410004, 0.5255658248613042, 0.6057551501025212, 0.7324269552095705, 0.6236451620920793, 0.6463202211491691, 0.6498784822797897, 0.6463202211491691, -0.26325840541776074, 0.8445066655992288, 0.9116502004172088, 0.8646018397636615, 0.8652554762012148, 0.87678473002066, 0.8354763704908843, 0.8369965797827696, 0.8354763704908843, 0.8488762927424025, 0.8488762927424025, 0.013720164663683051, 0.20589000023614024, -0.0639820160645133, -0.336357619126587, -0.37027899981025575, -0.37219900638543374, 0.12244595124321335, 0.369773814179246, 0.146063988542228, 0.0497844974137787, 0.15260011429683337, 0.06169153440702779, -0.046655321885579366, -0.10030002751291818, 0.26128046670187327, 0.26008105880781035, -0.3187956685807151, -0.2655245791978797, -0.26889656689143376, -0.270700788123048, -0.3436145308753761, -0.2918774664689867, -0.2936512346963101, -0.2918774664689867, -0.03421417868946159, -0.31068759843531957, -0.31068759843531957, -0.379267828494925, -0.379267828494925, 0.5798953068897198, 0.682174807406347, 0.7605901878465662, 0.6630646400630268, 0.8404123054931201, 0.30299695917107783, 0.39306486267433005, 0.5758670492044157, 0.5761324850709233, 0.5758670492044157], [0.9784075337063208, 0.9756650155615237, 0.9961837503403752, 0.9844975323964184, 0.9945026583477278, 0.9784075337063208, 0.9995151784692787, 0.9979542813064173, 0.9994484323389313, 0.9148004191107917, 1.0, 0.9995121720931526, 0.9995077188837364, 0.9994532912579926, 0.9994935506274284, 0.9982829091939298, 0.99955394751144, 0.9996841466198654, 0.999689663650066, 0.9995212452627336, 0.9995223519467873, 0.9912317110150629, 0.9563802724377094, 0.9909395522444189, 0.990910382297325, 0.9854161438615306, 0.971740144012665, 0.8919992581630509, 0.9885140093981892, 0.9885743156834056, 0.9701899053528613, 0.8870886953390144, 0.9985412339559219, 0.9984872587450087, 0.9982456344327623, 0.9991805973084764, 0.9990996246890737, 0.9985169327558293, 0.9982629548087109, 0.9984428287032577, 0.998196787026411, 0.998211374710044, 0.998196787026411, 0.9180172151494747, 0.5452048945387474, 0.922862421844437, 0.9080375573338941, 0.7077504583781071, 0.8311116512245558, 0.8361028033038129, 0.819558385000954, 0.8186035864416705, 0.8273511827544847, 0.9222212311793524, 0.9224057233539733, 0.8222786021821621, 0.8342522127180277, 0.7945431075099779, 0.7973972703426576, 0.8054787145498671, 0.8065772175076095, 0.8054787145498671, 0.6105646042185989, 0.5704926245256824, 0.5732455504017577, 0.5704926245256824, 0.8353609310833701, 0.8465092254511266, 0.833294905933149, 0.8351327576946923, 0.833294905933149, 0.25734667787020776, 0.19042562318727052, 0.31963782777106514, 0.4348091169460079, 0.3025897273553992, 0.3592845214165914, 0.3625585322665348, 0.3592845214165914, -0.39597362452991547, 0.7300364618368528, 0.7882383660425857, 0.7649712040198567, 0.8327669197357628, 0.8291341998340672, 0.7217674259977241, 0.7224172711939078, 0.7217674259977241, 0.7379107039161213, 0.7379107039161213, -0.33660114780599887, 0.6463845007734165, -0.39322695494923593, -0.5358317369477799, -0.5381880939687917, -0.540433732240385, -0.31979139686308705, 0.11978297109967162, -0.23699862292651594, -0.3810378224664255, -0.2462988622487839, -0.30623110942033077, -0.3414496923578096, -0.37118726772821625, -0.011615938562647395, -0.01609154740428062, -0.5434464320153088, -0.504656518136917, -0.5223307667649216, -0.5571067245592985, -0.5515110785648561, -0.526803536366506, -0.5296119617295638, -0.526803536366506, -0.4340366371723597, -0.5864128239616622, -0.5864128239616622, -0.5974845775485208, -0.5974845775485208, 0.3446648305248424, 0.37492298255991674, 0.4729579043718784, 0.554819618078827, 0.5575518347359976, 0.1684138827992385, 0.31380369728802204, 0.3414130618309129, 0.34156518652727996, 0.3414130618309129], [0.9898907145591412, 0.9734345495519354, 0.9849892026995426, 0.9916190265710816, 0.9964579222578125, 0.9898907145591412, 0.9999958713529797, 0.9978198993642203, 0.9999674891460124, 0.9484428627311561, 0.9995121720931526, 1.0, 0.9999615040079721, 0.9999938287801627, 0.9999205058705125, 0.994503312868647, 0.9998061137076536, 0.9998212123172637, 0.999821557684396, 0.9999959803564484, 0.999996943224957, 0.9906494374623162, 0.9740562470651064, 0.9889163543813049, 0.9920479173873822, 0.9815323511857174, 0.9699626911839987, 0.9372861505037556, 0.9925890917412645, 0.9922562647502324, 0.9921230001143471, 0.9681061687380401, 0.9992759040207165, 0.9993627111056776, 0.9993417093191181, 0.9997354581356892, 0.9984685782906259, 0.9992403798002252, 0.9981496295638047, 0.999349089598735, 0.9990880593694005, 0.9989994134778624, 0.9990880593694005, 0.9241369222287904, 0.6522961790360237, 0.9273223540930546, 0.9092371074150355, 0.7061023805254959, 0.9493029184179914, 0.9127528024322531, 0.9370169499493092, 0.9278321787070444, 0.9391076121927954, 0.9694539495666374, 0.9614923759757139, 0.6901395727782674, 0.7950823766285265, 0.7815547582728809, 0.8269795992629004, 0.774107426507351, 0.7458459082440867, 0.774107426507351, 0.7304376417571344, 0.7483416539030641, 0.7519625522299689, 0.7483416539030641, 0.8093336006679417, 0.2589981178647769, 0.4820339364370904, 0.5784968043231986, 0.4820339364370904, 0.49714819645248887, 0.45875411370440516, 0.45410935222908677, 0.5890215654330978, 0.3639124473857778, 0.39582735080626064, 0.3428918340205677, 0.39582735080626064, -0.6512759516658023, 0.7851372600135379, 0.783838207262799, 0.7777223145926907, 0.7157990706636507, 0.8826536286252319, 0.7912330490918619, 0.7937415998404355, 0.7912330490918619, 0.6958800608857116, 0.6958800608857116, -0.2689713387472427, 0.6560046128392807, 0.2676112184042733, -0.5629386961595624, -0.5913432183023886, -0.5944907615218589, -0.0504305489418385, -0.037375147225294864, 0.38413983667791324, 0.15934310688029962, 0.0722849796634341, 0.14046552806451706, 0.10876083649968714, -0.07841733360841308, 0.0069759161482260005, 0.007215691086492034, -0.5645936475692441, -0.48748413540800106, -0.005841161130469643, -0.5494821640747205, -0.33715099410806143, -0.30422829396017337, -0.12688093657876762, -0.30422829396017337, -0.2538672494632543, -0.273440177022943, -0.273440177022943, -0.5967570513211156, -0.5967570513211156, 0.3498051924624534, 0.6114422381962306, 0.804440779858128, 0.8103449372718782, 0.7628765366359838, 0.6507201412770293, 0.7492609021103919, 0.7724700097685607, 0.7905325267327794, 0.7724700097685607], [0.9900555533707329, 0.9733844882528483, 0.9824205561833352, 0.9917102827559735, 0.9965626101005309, 0.9900555533707329, 0.9999561391637881, 0.9991984111030061, 0.999963003295401, 0.9485562982675448, 0.9995077188837364, 0.9999615040079721, 1.0, 0.9999659919190622, 0.9999081976431613, 0.9974318408630262, 0.9998015722958166, 0.9998638855906731, 0.9998645355179298, 0.9999823672285575, 0.9999605909893581, 0.9901774834417113, 0.9738602795738466, 0.9927939102305404, 0.9927526245697084, 0.9814998123138549, 0.9695740795270168, 0.9372083772629103, 0.9933635746749077, 0.9933821111212777, 0.9918717588050184, 0.9679001474538405, 0.9995025716876798, 0.9993666077631462, 0.9993976893103897, 0.9998852386616781, 0.998465516965366, 0.9992477966712151, 0.9992065837086341, 0.9993592643288162, 0.9993750797086957, 0.9993791565420114, 0.9993750797086957, 0.9242314206588652, 0.6524562011239099, 0.9273213073345402, 0.9092059893781425, 0.7060991946976136, 0.9535444603477181, 0.9102071601700549, 0.938940166094742, 0.9279165859259625, 0.9391029887360538, 0.9691761125886752, 0.9615637686299737, 0.6416347360232701, 0.7947952228585661, 0.7802888796410075, 0.8274599282807791, 0.7730324769832506, 0.7168968111892777, 0.7730324769832506, 0.7303564114699725, 0.7383955585637721, 0.7429417815307613, 0.7383955585637721, 0.8098110234333794, 0.1872483522145409, 0.4691885024603751, 0.4752087313971579, 0.4691885024603751, 0.49730161018670727, 0.3505982213222065, 0.45436371023778405, 0.5885177315243286, 0.3641377968558845, 0.36233286846425616, 0.342525709313723, 0.36233286846425616, -0.6514658573584032, 0.7856305179439269, 0.7838180467320034, 0.777479977040818, 0.6533701373237697, 0.8831548183371628, 0.7917672904443633, 0.7942700869273552, 0.7917672904443633, 0.6943335801736841, 0.6943335801736841, -0.2686214294164413, 0.6558872073760947, 0.27125442132925803, -0.5627798435677649, -0.5910026164796133, -0.5941502569912644, -0.0508185507260502, -0.037269389896332585, 0.3366216003087842, 0.1595105770540686, 0.07202833046931992, 0.14391180125577316, 0.11116104873640201, -0.08863330725116404, 0.007099101559435688, 0.007342262386182589, -0.5647629310197472, -0.48756485032958086, -0.0715246864969939, -0.5491957965565767, -0.33509955313088785, -0.30194982748506627, -0.21453494933133335, -0.30194982748506627, -0.25339967553881304, -0.274565772852955, -0.274565772852955, -0.5960055403205977, -0.5960055403205977, 0.34993558579188183, 0.6116181682938152, 0.7891982178124457, 0.8103897305895518, 0.7632657663625136, 0.65045510300305, 0.7073288891814331, 0.7603254002465943, 0.7604809880527187, 0.7603254002465943], [0.9899628178154163, 0.9731657528006404, 0.9847490566176113, 0.9916608303682023, 0.9964923123832914, 0.9899628178154163, 0.9999917939562711, 0.9989150401377448, 0.9999726787868496, 0.9480655227446932, 0.9994532912579926, 0.9999938287801627, 0.9999659919190622, 1.0, 0.999933524048009, 0.9972770077985544, 0.9997961393128558, 0.9998245485349045, 0.9998247662333034, 0.9999938148949317, 0.9999940324202549, 0.9904973875756518, 0.9739507131612385, 0.9926276733447658, 0.9925018953711412, 0.9813897701102674, 0.9696128361997413, 0.9368877096024071, 0.993315056290801, 0.9933611531977123, 0.9921620703606696, 0.968294215415309, 0.9993288369643165, 0.9993614118428529, 0.9993743064037377, 0.9997748062997786, 0.9983947483392743, 0.9992440031404528, 0.9984777869376891, 0.9993582035628245, 0.9991392332566592, 0.9990583140202227, 0.9991392332566592, 0.9243945910235256, 0.653086254084937, 0.9276598106834429, 0.9095333539634707, 0.7057001914523073, 0.9498961689869615, 0.9135248973749287, 0.9376531424015303, 0.9282622037236001, 0.9395012500733709, 0.9698960002698773, 0.9618985213349509, 0.690450671774593, 0.7953689643161987, 0.781473890901846, 0.8272685228881369, 0.7740718187676624, 0.7454852079248723, 0.7740718187676624, 0.7306459599567522, 0.7482884803365846, 0.7524027697238326, 0.7482884803365846, 0.8097165610355782, 0.2582821603370404, 0.4814849395664086, 0.5785468049691551, 0.4814849395664086, 0.4969588273204049, 0.45932552598078824, 0.4539911432362241, 0.5887578149818609, 0.36348294115290597, 0.3958592731083333, 0.3425193297173382, 0.3958592731083333, -0.6516722898723113, 0.7852805525923233, 0.7833292050938377, 0.7778050702538204, 0.7047509975755609, 0.882947497122871, 0.7913759291991451, 0.7938726782560341, 0.7913759291991451, 0.6956735873334914, 0.6956735873334914, -0.2708284977860196, 0.6570747086221305, 0.2681421250953125, -0.5635046185161225, -0.5917677169345635, -0.594921027459, -0.05171744131035651, -0.03874329545985926, 0.3844292989177217, 0.1588245899925832, 0.07136510110881461, 0.1405221125295286, 0.10881760843760706, -0.07827211596697113, 0.005820230595066542, 0.006055297978679387, -0.5653086373434532, -0.4886042713884043, -0.005244639735220101, -0.5510378016318183, -0.33702274234178475, -0.30417537800581373, -0.12630829618389577, -0.30417537800581373, -0.2549805987138503, -0.2739599761516346, -0.2739599761516346, -0.5968600670565926, -0.5968600670565926, 0.3499779600757653, 0.6111218426308459, 0.8049797938112414, 0.8108113135533246, 0.7622918592961205, 0.651527088689931, 0.7500559024288718, 0.7728703060593265, 0.7911435044045355, 0.7728703060593265], [0.990023064478787, 0.9722448429901783, 0.9846381632943154, 0.9917056365532921, 0.996487584159049, 0.990023064478787, 0.9999148850894248, 0.998583854809853, 0.9999279205316477, 0.9473581573444857, 0.9994935506274284, 0.9999205058705125, 0.9999081976431613, 0.999933524048009, 1.0, 0.9973953032124735, 0.9996886470070533, 0.9997713963997781, 0.9997725074777265, 0.9998969400352153, 0.9999162041364479, 0.9902507287192578, 0.97371113279094, 0.9918823425763239, 0.9915051749728574, 0.9814356935220767, 0.9693160261226768, 0.9368677458628303, 0.9924128764493759, 0.9924192422353081, 0.991550963890787, 0.9673801729246407, 0.9993388923402758, 0.9992105249713334, 0.9993122316848897, 0.9997617589790894, 0.9982977577860775, 0.9992226516241413, 0.9984636198044474, 0.999233645195249, 0.9991564494791573, 0.9990896375605615, 0.9991564494791573, 0.9230387241026484, 0.6534866803487137, 0.9265273912743133, 0.9085459631063758, 0.7027256616395066, 0.950465936318969, 0.9144239515478109, 0.9386446939430384, 0.9277438972018087, 0.938815188326748, 0.9702796055430742, 0.9614860808583365, 0.6918825749879384, 0.7939544141833041, 0.7817951235372288, 0.8269490187801164, 0.7743977657792924, 0.7478092309654656, 0.7743977657792924, 0.7287589636636963, 0.7478205095664816, 0.7536026251558515, 0.7478205095664816, 0.809721304302909, 0.2583619100919806, 0.4811781266067442, 0.5800119265487534, 0.4811781266067442, 0.4955544199482576, 0.46115248347349325, 0.4525750850927711, 0.588406730990587, 0.3622000183108255, 0.39651351173520416, 0.3427759187600885, 0.39651351173520416, -0.6521770406907568, 0.784694432097446, 0.7819254350527188, 0.7767493015127243, 0.717871232715893, 0.88330834012065, 0.7909612577824432, 0.7936200864822689, 0.7909612577824432, 0.6958671743885132, 0.6958671743885132, -0.27150241131450376, 0.6592042910690055, 0.2680384882644933, -0.563873437443304, -0.5917903466371875, -0.5947535277109763, -0.053706238626229946, -0.04062571922325503, 0.38568186657241404, 0.15824656345646443, 0.07004431559326617, 0.14159568357655664, 0.10983587976281686, -0.07672587880647803, 0.00477378247596367, 0.005367960660136448, -0.5666661685193337, -0.490286194650905, -0.0034870275165251943, -0.5521040439744188, -0.3361762885370458, -0.3033427176028768, -0.12480703206260854, -0.3033427176028768, -0.25519141881361035, -0.2769349268659592, -0.2769349268659592, -0.5967111462004021, -0.5967111462004021, 0.3472602025061312, 0.6089460931691006, 0.8060963932275252, 0.8116125010634334, 0.7606286843814432, 0.650539573063002, 0.7518517128979872, 0.7736549913219071, 0.7926174569655384, 0.7736549913219071], [0.9930130067598875, 0.9824827443280356, 0.9878404869476071, 0.9946565489853278, 0.9975776236343703, 0.9930130067598875, 0.9936417709486703, 0.9856821288583709, 0.997974659033017, 0.9498888743390548, 0.9982829091939298, 0.994503312868647, 0.9974318408630262, 0.9972770077985544, 0.9973953032124735, 1.0, 0.9980709544324079, 0.99766134817891, 0.9976585269424838, 0.9977439876899835, 0.9972055350285264, 0.9910906448262675, 0.9766102268681985, 0.9691356277737763, 0.9868082181066383, 0.9860656618654996, 0.9708863906515047, 0.9463245094568811, 0.9915505266756272, 0.9893836762568035, 0.9883713701434006, 0.9662648193986427, 0.9974506228422827, 0.997485729206519, 0.9972840991861504, 0.997243338257533, 0.9984236871062172, 0.9980144781231558, 0.9972734775201649, 0.9977259912655793, 0.9973846228348945, 0.997361205775183, 0.9973846228348945, 0.914354312098204, 0.6639985422063129, 0.918905884970936, 0.9120564767769901, 0.7296592668498653, 0.9523551074485198, 0.9172494418166475, 0.9438545724435345, 0.9286840652637223, 0.9