var element=document.getElementById("correlationAdjClose");if(element.style.display!='none'){var correlationAdjClose={"data":[{"type":"heatmap","z":[[1.0,0.9999941559590197,0.9858342032780273,0.9999301212865607,0.9991496656939344,0.9843738408387546,0.9979250198359801,0.9962223865469907,0.9698400122761086,0.996507065763298,0.9946888052172552,0.994212610593164,0.9963315570049845,0.9963672219030046,0.9962663760501673,0.9977234691393939,0.9979936307579342,0.9984101710243728,0.9968255821694179,0.9968381620361932,0.9968557335527705,0.9962949583282396,0.9877293220883566,0.9720299887027132,0.9903422800371854,0.9578325194239994,0.9894025118129052,0.988058365187894,0.9692628797228975,0.9545217992428137,0.9927610179046572,0.9940527301828349,0.9927185745537008,0.9783549387043934,0.9978286867385264,0.9980158288239408,0.9976212094097413,0.996392728226972,0.9958769225742001,0.9979132972457184,0.9987634613855011,0.9988049542760864,0.9977968962664905,0.9978085879293398,0.9771076114057322,0.9183773344846873,0.9516528298235891,0.9325152729792865,0.9335189685312589,0.9110542361676495,0.9636472781341602,0.9497295490612239,0.9654209569436459,0.9670816272854131,0.9564800387075787,0.9844837849220635,0.9819182831399146,0.9906852242501011,0.9943715588118381,0.987285769989905,0.9830050175015596,0.9884889252561164,0.9868003856942561,0.9890273867661005,0.9888773169443761,0.961750079175228,0.9760665793811187,0.9768383334748637,0.9765522475672174,0.9523306785254746,0.9814081399209977,0.9784363202621271,0.985569881591238,0.9849021021981619,0.9423239813542644,0.8940333731523078,0.8621696765319526,0.9094510987137193,0.9252573176869691,0.9228535356496865,0.9232770655002493,0.9219926103945795,0.7097724852066181,-0.5516960057939092,0.9813186748991075,0.9768993923854581,0.9738952780341736,0.9879660779704619,0.9750974261624198,0.984918007404657,0.9849285733483291,0.9480096953530553,0.985258743354653,0.9510612882022423,0.7851436565949853,0.9123718284651126,0.9315708152723131,0.8103159960669432,0.953111650358904,0.9538720647224355,0.9007906061494422,0.9665088303856961,0.8953291549407961,0.5920943141140693,0.7242003247041577,0.9024276187355057,0.8714611538941395,0.8936518774722434,0.9749262002760377,0.9750953835946435,0.7851512831677437,0.7439208165541842,0.8249166068082997,0.435824792970444,0.8048132380806801,0.8291276565231197,0.8242993150849626,0.8164053744505964,0.7856307066715628,0.753087449110688,0.736593473648079,-0.2801639246146963,-0.42001279051388074,0.6681419390522375,0.890214836556938,0.9326332723799814,0.9410997386456291,0.9051723490384933,0.8255099877966459,0.9087043145571975,0.9261266052347843,0.925983172018308,0.8602937148664794,-0.15628234539357616],[0.9999941559590197,1.0,0.9889184545562806,0.999844168414087,0.9983069203510634,0.9898161933858282,0.9945932880504422,0.9919220568525865,0.9859308992761036,0.991935434394741,0.9919520988077827,0.9935465401827939,0.9920532375523426,0.9919349194467177,0.9919937259138513,0.9941359028734065,0.9966060603060797,0.9962188608639281,0.9942329079836035,0.9942368292037205,0.99198667740543,0.9920314836691914,0.9923117626522348,0.9756773830691438,0.9888450966242501,0.9832728914576148,0.9887969556209564,0.9880641141642212,0.9819880506286952,0.93802577085835,0.9895921138187409,0.9873336838538843,0.9817348446368793,0.9374121614933285,0.9956208059218504,0.9955362727798623,0.9957552690078267,0.9924049615289467,0.9952927417733958,0.9957657206813565,0.9970262101054191,0.9971851236877138,0.9957531933223861,0.9957616199144557,0.9904675403216404,0.9179276881327273,0.8936120209400723,0.9321986126886338,0.9334856233759709,0.911032558118588,0.8848046453854468,0.9276429268590729,0.8872308969154387,0.9163157763247148,0.8845330741441032,0.956563726925287,0.9565452759025532,0.9703741406502817,0.9848514346616143,0.9830744487339098,0.9850531630806597,0.9804803463939824,0.9814145932533319,0.9820749852266253,0.9819811379660455,0.949024403160856,0.9638732974198116,0.9410106483733499,0.9408594435050062,0.8750928220843662,0.98021556336239,0.9816092773719207,0.9818023548195539,0.9813965317549853,0.9529253674383956,0.7826178224574497,0.7429569046393788,0.8418046497418276,0.9012939294318502,0.8572315901767507,0.879755038543837,0.8785723507828012,0.7441263471933172,-0.18677965150469153,0.9710223256592981,0.9746418068852717,0.9707747225159173,0.9835804063893966,0.9683730985703772,0.9738232386480622,0.9732362322606958,0.9315128883327104,0.9755114512918613,0.9342519155225437,0.7092542675361743,0.9118350269564959,0.9106029406536794,0.5260771370397692,0.8379800276288997,0.8424309854760604,0.7467541388989108,0.967113433654053,0.7198233710890543,-0.3011604903750102,0.2269100175875055,0.7467557121013623,0.6961204017673732,0.7394089270005809,0.9686512958320621,0.9686601783832669,0.1589270948504131,0.3316900406193203,0.1659380495973496,0.1374400970220638,0.1592691883410733,0.17345842233597267,0.17037171590655564,0.0911417625167612,0.5212681106039958,0.2525506002801641,0.20191096365998115,-0.4383823411821491,-0.4845830982041929,0.6679406104043614,0.7508820610212966,0.7749218949258573,0.8365460057253012,0.8163823697381025,0.574646918675273,0.7566460559899088,0.7693285419741551,0.7681791934685104,0.4213715554703777,0.22299684976344752],[0.9858342032780273,0.9889184545562806,1.0,0.9872042729618236,0.9932245356322205,0.9914988430268774,0.9897471458290492,0.9904377267043177,0.9908922431887651,0.9931130306703789,0.9970925886088975,0.9962620827190936,0.990298529011068,0.9924692259209135,0.9904946573696508,0.9899388075835964,0.9908212257417814,0.9900814549455904,0.9891423922322947,0.9891198609038143,0.9919829038207603,0.9903251115504179,0.9949115440674152,0.9844120358067397,0.9911995083192331,0.9813425595218833,0.9917852299627783,0.9874497223430719,0.9866544309985036,0.9606279114675218,0.9695364995683841,0.9737401377620676,0.9769949532575224,0.9551966388636053,0.9870648385404104,0.9901596094143258,0.9885373466069252,0.9920994867346702,0.9947168841394517,0.9909597785738821,0.9850025512642947,0.9878619337050232,0.9874199748056328,0.9867997823790647,0.9922896024360109,0.9135881310499795,0.9348756669047054,0.9444340989664296,0.9271301775703241,0.8689426915697694,0.9215185460112275,0.9052601350873123,0.9242189193281962,0.9291718614365475,0.9136256362356097,0.9497070878522833,0.9586528480695504,0.9669739703337935,0.9774745868612282,0.9411778656335401,0.9658300172419165,0.9643258460062203,0.9711066653031248,0.964568118906624,0.9395259680343628,0.9237384517324385,0.9480792083825679,0.9377308242089979,0.9190809407173208,0.8971540918027859,0.971516331678003,0.9504531362479737,0.9640308598864623,0.9433518984718612,0.832433111382201,0.8533318394588756,0.7706438837231692,0.8712563570423728,0.8967658688098668,0.8985251265635836,0.8654909446083571,0.8798226371653205,0.41834666447149377,-0.5395007001221269,0.9616954496164603,0.9494002123906179,0.9488046035418013,0.9411726479462159,0.9562144131293373,0.9641380368928915,0.9637316319784218,0.9342089675194599,0.9594232987376107,0.8817114858293137,0.7688119126088356,0.9527875052481016,0.9521821250370339,0.7890339758664865,0.9401188447302108,0.9418043550279785,0.8730927910062337,0.9801640829438757,0.7753046102894742,0.4957220651888301,0.6672640279697504,0.7968901996108249,0.7979371619494096,0.7780125387119639,0.9823994534020233,0.9824298312011517,0.7140588772774022,0.690479994581116,0.7103800963216066,0.3831752250077534,0.7047860933624707,0.7141494374178504,0.7255426646767184,0.7131761723263911,0.7476771936922234,0.68734940745855,0.6697681919898504,-0.3411400621406039,-0.48065767487706657,0.6349444900496581,0.850936020638229,0.8794093084151268,0.8857382249564535,0.8763904930235057,0.757385380623212,0.8575115376625072,0.8685127550056847,0.8758354097884006,0.7325719209714451,-0.0785060495060949],[0.9999301212865607,0.999844168414087,0.9872042729618236,1.0,0.9993857223906666,0.9855182899975912,0.9981565094022218,0.9966330529313616,0.9720502724527817,0.9969554816987724,0.9953612990487919,0.9950853050778304,0.9967244626403193,0.9968466506053676,0.9966765219612672,0.9979851097609497,0.9983183513777546,0.9986574383227881,0.9971836901231035,0.9971938684638862,0.9972360494156959,0.996692506432539,0.9889096982475798,0.9734326089303815,0.9912787405152693,0.9604035977555739,0.9904443010733874,0.9895986602285741,0.9712288496728557,0.9557134498399721,0.9920794349179651,0.993559743170402,0.9926424038717482,0.9779315262914641,0.9979030976844463,0.9982004065970761,0.9978362729036486,0.9968387320016027,0.9963182137247567,0.9981287234530719,0.9986551990010024,0.9988754849755296,0.9978674104559541,0.9978760422806788,0.9789210408607338,0.9146830041610963,0.9495527250408852,0.9328617576323194,0.9319587010289727,0.9046259582308914,0.9607196463150494,0.9464628727255159,0.9624038232745666,0.9646251786561834,0.9537035626238899,0.9823958187467712,0.980413239423426,0.989823397778203,0.9941620864858868,0.9859413316340665,0.9820020161085634,0.9873273218140745,0.9862622056134676,0.9877896856093106,0.9876319641045495,0.952498839421854,0.9749212632286935,0.9754379094740182,0.9751473690207433,0.9475454468499862,0.9810093432870542,0.9757645363979278,0.9842270626675942,0.9835246058726245,0.9230905992253745,0.8926448962192035,0.8585424074687845,0.9078663173392038,0.9226009506126409,0.9224229777780084,0.9209781673993894,0.9197329195024394,0.6212136758717034,-0.5511573412766972,0.9805703482761344,0.9758027383427244,0.9725801658899421,0.9866246087785626,0.9744474785776946,0.9842275598128613,0.9842332192574863,0.94772219931972,0.983925659706867,0.9370032706402273,0.788939278539092,0.9175410205445532,0.9355024875818729,0.812011044617717,0.9543722394446305,0.9551589028992853,0.9002731577404947,0.9677027336925689,0.8891420008821201,0.5883133591451242,0.7223884020997033,0.8968747467669687,0.8677198744073418,0.8878261957426214,0.9757250022589353,0.975899170720401,0.7838914112034772,0.7440663634817388,0.8169049300183524,0.4375840161579877,0.798901043941851,0.8208400157113421,0.8159356099978717,0.8109032136463175,0.7878130413776934,0.7528637909839994,0.7364515318243987,-0.2755674341801965,-0.41928524609094275,0.6676423047857462,0.8882530503389038,0.9306338890340413,0.939167036625678,0.9038338564176603,0.8226280879136677,0.9065790115274968,0.9237350793108432,0.9237394038735377,0.8529838839241364,-0.14913648351859737],[0.9991496656939344,0.9983069203510634,0.9932245356322205,0.9993857223906666,1.0,0.9882626932470429,0.9990793598494048,0.998560834693239,0.9841026219697846,0.9985614684878223,0.9981700231003536,0.9981877881720843,0.998585561534009,0.9985933928345974,0.9985927599878739,0.9990843367574813,0.9987644745422077,0.9992949366438193,0.9988926273248631,0.9988946398345269,0.9986441279109299,0.9985822494792624,0.9946426078324204,0.9809252815209129,0.9951048644904121,0.97737269914867,0.9950919512777151,0.9925474620996273,0.9837216892281876,0.9590241024903929,0.989277184360908,0.9919444580459621,0.9899914786291736,0.9702373383067373,0.9989184654871004,0.9989750599145366,0.9989954964928184,0.9986712048166835,0.9986703139454728,0.9989683541144008,0.9989721598673796,0.9991943678123818,0.9989273603725937,0.9989289068901079,0.9883388807154811,0.9245096414609637,0.9488500517297914,0.9425759649451183,0.9348455252554758,0.9003143043706484,0.948096467285061,0.9415386111942485,0.952369753116896,0.9584157613213761,0.9469936741870398,0.9799090241742304,0.979821824287812,0.9898487270649377,0.9939900911809325,0.9826880926326492,0.9765776617449367,0.9828623844580154,0.9826522695221495,0.9832178919685244,0.9830528845450192,0.9522216594949139,0.9669145485755078,0.9615077688986727,0.9611865818058958,0.9224133459231451,0.9783477902528475,0.9746703905686908,0.9804458922826053,0.9796879570764426,0.9397804165493734,0.8735810490024313,0.8378041163045084,0.89371950192132,0.9274008914493567,0.9126748230860088,0.9194360625656995,0.9184021189235596,0.7639161035141931,-0.5585896029398674,0.9747263074445579,0.9662096295942443,0.9638713326386791,0.9835829925355833,0.9654124739706801,0.978132798602658,0.9778321953521122,0.939631493504977,0.9795757039610639,0.9420087950948897,0.7787363346628532,0.9318620136948109,0.9549252291374123,0.7772041164842782,0.9423927216114673,0.9438195764499979,0.894797208005015,0.972536660915391,0.8888618557791262,0.42786984337882333,0.6655231792340832,0.8947117341285935,0.8454328561231567,0.8903546312153273,0.9792067415583662,0.9793387556868696,0.7495420543870623,0.728213289959245,0.753504033770075,0.4162313555506475,0.7069421227981858,0.7582221255165277,0.7537290220048424,0.7176360071504249,0.7751505322422385,0.7385093269692049,0.7212298808737809,-0.4790991426102446,-0.5609578760777483,0.663275809688986,0.8832829737733736,0.9168426080049518,0.9338366592949382,0.9022010585047028,0.8045388272637152,0.8957765273051501,0.9108056621010857,0.9103421490336382,0.7903493466920553,0.06088928140206756],[0.9843738408387546,0.9898161933858282,0.9914988430268774,0.9855182899975912,0.9882626932470429,1.0,0.9829938276732533,0.9840090693753969,0.9928740864254161,0.9834278758628918,0.9792719845194376,0.9784365526062622,0.9838626183114376,0.9843562642838817,0.9840796951041948,0.9837241786933825,0.9872001117820759,0.9848094616873132,0.9846866049636495,0.9847056556675388,0.9828882809692402,0.9839933360602159,0.995061957677561,0.993627700574252,0.985378220266396,0.9873153089011605,0.9857121872506703,0.9765942481589474,0.9881944195375734,0.9744782368841237,0.9616097615178689,0.9673342096944391,0.9768216980085725,0.9668910850664041,0.9826687335160115,0.9830556492239142,0.9838959920400413,0.9846625347822928,0.9791972876264982,0.9835029922911909,0.981903996416787,0.9836437642419734,0.9828763168235396,0.9829014727449115,0.9960718066942834,0.8734662051010421,0.9266621584491753,0.9156608685883909,0.9270835417308557,0.885873537047861,0.9176553067986486,0.9099105420324317,0.9203759307553107,0.9357385877149608,0.9168187473603054,0.9499710231207819,0.9554821251788014,0.961779586657292,0.9703885007636875,0.9712877306680411,0.987264133896186,0.9731743414155818,0.9846497303106182,0.9727721114621896,0.9722010125905823,0.9767721269477283,0.9697249914505982,0.9497416979668866,0.9491666582302027,0.9487606313078222,0.983380099172167,0.976062145582335,0.9726318912399714,0.9713045172573285,0.964574903111707,0.8959819362422676,0.8510469290915731,0.9126428586845934,0.919204840382352,0.9285881743282904,0.9095749416054209,0.9073485721613493,0.7431930530494633,-0.49760817806264745,0.981470371730209,0.9831123048186966,0.9790101898650562,0.9721323383334824,0.9741513008173008,0.9801494240465731,0.9797210042531553,0.9687817052109969,0.9697119826966867,0.9679116113507419,0.7904816208936241,0.8916568603067053,0.9546536925061722,0.8228289721238636,0.9430273611811365,0.9440961821384833,0.8665823309431037,0.9587984573482752,0.8341437608577058,0.5130892443811199,0.6869044296891635,0.8438673019021515,0.8194256265160945,0.8334614819843803,0.9589522335446953,0.9590280786681926,0.7375316120977388,0.7197883519855066,0.7512528487446083,0.4397572440525149,0.7446066467336199,0.7566036252110944,0.7503791798463071,0.7477567744382393,0.7679317862725923,0.712999650004112,0.6993284073785238,-0.30254036378813925,-0.43279549956415186,0.6731386230896512,0.8535873966908823,0.8715151614584605,0.886028792175354,0.8633534705043729,0.7804634464145671,0.8474178167072096,0.8635180381390299,0.8635914139339289,0.8049743060188509,-0.11093710847472295],[0.9979250198359801,0.9945932880504422,0.9897471458290492,0.9981565094022218,0.9990793598494048,0.9829938276732533,1.0,0.997549406656702,0.9570488107253444,0.9996146056251249,0.999573832911593,0.9995963825683274,0.9984366369509633,0.9994806015594421,0.9991942867348239,0.9998920292094692,0.9966193650003071,0.9999039618558194,0.9993867581466633,0.9993914518929772,0.9997170927839278,0.9993362300743112,0.9907018579080907,0.9746188677468268,0.9859874767181391,0.9269837472275523,0.9936304017503117,0.9923938459081421,0.9742946840053532,0.9524760873370758,0.9916329757550927,0.9919421728274561,0.9936338427010023,0.9752787689889615,0.9990182767739126,0.9998539039424124,0.99971835277669,0.9994861994145917,0.9997723297635284,0.9998387348890856,0.9985271587864598,0.9997394348051598,0.9993951993817556,0.9990548262102218,0.980407146135361,0.9322645871485393,0.9521931247254887,0.9504843324972139,0.9406014920134405,0.900178776278525,0.957432386803886,0.9461005874461369,0.9597743389687239,0.9621760375511154,0.952609837654608,0.9816383873141981,0.9811528262016911,0.9918102913609951,0.996375818778487,0.9508572408661056,0.9645187720403484,0.9741944961540239,0.9747463888334825,0.9757043415070499,0.9508630219832337,0.906129060374886,0.9582895841385067,0.9631091471997254,0.9422977489022022,0.8982192542968805,0.968845984298342,0.9432694404129504,0.9693791485532424,0.9512161545242424,0.7918030487210961,0.8668491126435736,0.7899413922622949,0.8812403303390307,0.8975917340242887,0.9021585432927248,0.8812913257527244,0.893046091243061,0.3664610829003205,-0.5851411567238883,0.9658132914780653,0.9524134078937249,0.9513518760850063,0.9523173724295299,0.961515811842611,0.9719425209013125,0.9720563562563231,0.9287609225422063,0.9691723083148713,0.8563061221072797,0.7731616383264092,0.932684510394576,0.934578066835846,0.7999267730523951,0.9522705254124179,0.9531938091349051,0.89851952401234,0.972086549113678,0.8322214506314268,0.5822346561507397,0.7154804763481141,0.8559052411548658,0.8488019843411289,0.837416601461614,0.9796158816733838,0.9797993989461412,0.7747860359208367,0.7258071433647165,0.7821433286576852,0.4105629264264217,0.7778375238665924,0.7945472131810979,0.7881558510878284,0.7928241506848805,0.7724645134048999,0.7446642793086032,0.7264762487553283,-0.2897550397005147,-0.44102720587119276,0.6803154133258478,0.8877832222419643,0.9225365563098405,0.9398732691616538,0.9085260342527609,0.8240179731574491,0.9086018082020626,0.9274221166403359,0.9261771040063772,0.775580931270162,-0.11769107936308518],[0.9962223865469907,0.9919220568525865,0.9904377267043177,0.9966330529313616,0.998560834693239,0.9840090693753969,0.997549406656702,1.0,0.9678114053672839,0.999999829322182,0.9999993089763713,0.999757629656005,0.9999970786264122,0.9999926880593627,0.9999982400948961,0.9993241837307931,0.9914723772147277,0.9994563123530205,0.9999091873425263,0.9999088765056376,0.9999648828585556,0.9999987818023728,0.9911674912224311,0.9762554777537826,0.9929000037963555,0.9410146383315278,0.9941254222779506,0.9906868672563583,0.97649794218958,0.9519226829477447,0.9879677333278979,0.9938555155985935,0.9922237886379717,0.9723163372758793,0.9994698248504205,0.9995705190398918,0.9996745701675107,0.9997435296333196,0.9992226775818346,0.9995045291791685,0.9982309273774258,0.9988335613882557,0.9995416742435729,0.9994089671344843,0.9820932338380985,0.9320581328339361,0.9495096979068952,0.954135335545929,0.9391362091655172,0.8898172611156678,0.9556777638313445,0.9416149330812599,0.9576656047573211,0.9565607209330805,0.9466518477993514,0.9796173465718573,0.9782386787903011,0.990763485191943,0.996855281014571,0.9461296158036664,0.960738281259624,0.968257139013368,0.971942492766211,0.9701365620932154,0.9492332261920119,0.8993547923385902,0.9539031072644395,0.9567298878850554,0.9371261850186303,0.887125951590833,0.9663656786279416,0.9374896507315428,0.9642855560335004,0.9468310389892665,0.7801090945843324,0.8595021257002199,0.785728611848542,0.8739269471093385,0.8909391386576235,0.8980135777846397,0.8771442407824747,0.8866639314841692,0.3497837456117882,-0.5890839766712714,0.9620080922027688,0.9465467249563891,0.9458782450184535,0.950441575997652,0.9573881450690341,0.9682098921167367,0.9683068893273408,0.9246292342986785,0.9628296117054268,0.8462894262033703,0.7702714251782659,0.9457930406340552,0.9450187146244657,0.7966720961950916,0.9520750427451348,0.9531500381225543,0.8959892895602675,0.9759137512061953,0.834977160960236,0.5679249622557385,0.706831736875379,0.8567394146042945,0.8455909999491849,0.8394149895666464,0.9819767360164712,0.9821633493063082,0.7659367698460015,0.7183427570289883,0.7832887864931258,0.39845429163887375,0.7726949394037715,0.789946465195397,0.7884394896367536,0.7872144194954522,0.7664158767011393,0.7389656723955408,0.7202165038860646,-0.30520084198393826,-0.45540348330217384,0.6668314107165065,0.8803455868562621,0.9199487166075492,0.9323200503049883,0.902812925847295,0.8133700247929492,0.9021775921154059,0.9211313889554649,0.9201505099599391,0.7569404362160553,-0.10083078133682224],[0.9698400122761086,0.9859308992761036,0.9908922431887651,0.9720502724527817,0.9841026219697846,0.9928740864254161,0.9570488107253444,0.9678114053672839,1.0,0.9828534238392043,0.9872398390413207,0.9896020605226984,0.9714751139245053,0.9797994930372501,0.9763848220101515,0.9743219124021242,0.9494059013322518,0.9791534670307015,0.9771275209751243,0.9770841805974078,0.981336551451899,0.9762390860677751,0.9939514604459653,0.9929974838012827,0.9807012235942536,0.9891390405704292,0.9837929584149456,0.9902912917740719,0.9906691736757737,0.9686455505782402,0.9275033499135199,0.9491054584069955,0.9658293134379985,0.9508143152748535,0.9707761941207173,0.979207535255103,0.9758817112590917,0.9782386392443982,0.9878862320395807,0.9803550249768367,0.9668566974371713,0.9763164354009807,0.9716351792824475,0.9705972869643911,0.9989826795446921,0.892350298220782,0.9187626465231312,0.9465350215633425,0.9372881284025623,0.8651022053067349,0.8847580258195912,0.882806907913277,0.8886786124079714,0.9125174344623925,0.89305254568215,0.9281250101367575,0.9441405350434655,0.9497339937224417,0.9611011259348391,0.9018287356270158,0.9673526382238461,0.9445313117512372,0.9652268511410989,0.9445377588284035,0.9000963429703766,0.9147371393047311,0.9417958669067175,0.9138680723409053,0.877118707031941,0.8815957635020663,0.966769725605879,0.9189501975082272,0.9426897516876931,0.9048279957202804,0.8209335918655837,0.8470924424170896,0.7278000421085594,0.8668439050851098,0.8784538855234987,0.8921560549045577,0.8403355225572958,0.858893042524958,0.39782113597031554,-0.5231714376416408,0.9565268524176304,0.9523001562049598,0.9487746764061177,0.9004052362998158,0.9467553302890966,0.954491576702532,0.9538822583634277,0.9378853168497457,0.9390922994182104,0.8699944734652751,0.7749843893601102,0.9372013432141302,0.9602415601562919,0.797927631006277,0.9332520414599117,0.9349202806500866,0.8504919094515381,0.9675196901644499,0.7414136917096118,0.45812586662470656,0.6481806198947921,0.77382199214998,0.7745371389371604,0.7520320277859579,0.9668356673316385,0.9668205001923197,0.6948616750442552,0.6798480530029862,0.6755035715496535,0.3907072063327066,0.6864095909388388,0.6920269208630314,0.6752967742317979,0.6912128655611649,0.7402998061522228,0.6811742772391581,0.6649050900222698,-0.3472731780802955,-0.48305361641825156,0.676928272290804,0.8351550571984497,0.8320401686015528,0.85996848524039,0.8550146476578173,0.7492243089663526,0.8127988298309676,0.8376224277388662,0.8317218001129338,0.7042555627772122,-0.0383002364380397],[0.996507065763298,0.991935434394741,0.9931130306703789,0.9969554816987724,0.9985614684878223,0.9834278758628918,0.9996146056251249,0.999999829322182,0.9828534238392043,1.0,0.9999991282579385,0.9997622554198687,0.9999985310707964,0.9999915226185907,0.9999977529371019,0.9996797908997456,0.9978531949361831,0.9994525008192315,0.9998832483315131,0.9998832266437845,0.9999772607651365,0.9999993128924667,0.9937328921579692,0.9778775676294639,0.9961679046245439,0.9737866971885958,0.9962501483013603,0.9906836816554065,0.9808669690109645,0.9532276345044576,0.9895906814329651,0.9936751736073468,0.9898003701769573,0.9689331615303997,0.9994965121332928,0.9995629894449601,0.9995754424086051,0.9998319585753573,0.9992354672377484,0.9995121163869801,0.9984459001704793,0.9988760234633586,0.9995016417658712,0.9994968728220104,0.9864450909934255,0.9319407172586919,0.9495455931023966,0.9541489861586052,0.93924815731918,0.8899499357086436,0.9461553031975106,0.9359941766938168,0.9498424465750261,0.9547024464785566,0.9446593528117619,0.9784907896774523,0.9782731251979914,0.9913586086543908,0.9966490790664241,0.9730924464923166,0.9607428739390413,0.973307100876389,0.9719397659423111,0.9737717430765039,0.9735285469839874,0.94041806823631,0.9538808845043018,0.9521654475941903,0.9518356545587661,0.9112880618446813,0.9663367282563037,0.9652785217481898,0.9710198506283401,0.9700638838472428,0.9267256398049498,0.8595447598808738,0.8180260144723688,0.8737521290990053,0.9107509810669538,0.8982753342425261,0.9040426211513642,0.9032247740834086,0.7178305187663858,-0.596205062854087,0.9620107249901427,0.9465431535070803,0.9458855185314662,0.9741772587652275,0.9528802255680346,0.9678902860275496,0.9675404798473566,0.9254306302498444,0.9695600309997179,0.9281136329655939,0.7702792059390741,0.9455028356995333,0.9568300440738056,0.7803357511608275,0.9457391786164251,0.9469848220573176,0.8960620397793008,0.9750949827535006,0.8967770417102168,0.4670662008189006,0.682936326856542,0.9025885920811688,0.8536521669947369,0.8983123274591753,0.9819332643712524,0.9821515420813353,0.766005863169801,0.7180778392288228,0.7692298831218418,0.39857362703502447,0.7239156921793156,0.7740600678577564,0.7694987910217843,0.7362912542809394,0.7661700583018809,0.7389011889539732,0.7201259841335765,-0.5242758881726983,-0.60663861670943,0.6664324214570508,0.8804178868113035,0.919481269713799,0.936089932062195,0.902930629653,0.8098429298293874,0.8970268375807328,0.9131180482039802,0.9125851443551426,0.802618910689362,0.12535890724009402],[0.9946888052172552,0.9919520988077827,0.9970925886088975,0.9953612990487919,0.9981700231003536,0.9792719845194376,0.999573832911593,0.9999993089763713,0.9872398390413207,0.9999991282579385,1.0,0.9997621060143609,0.9999963657711906,0.9999947728977743,0.9999983207875793,0.9996624372877371,0.9975144412546412,0.999185784202784,0.9997834626890701,0.9997833872746671,0.9999984236611644,0.9999983401430247,0.9929438419965212,0.9733469805808944,0.9952334010730116,0.9817810525526841,0.995821903639262,0.9906987829128677,0.9829984295674575,0.945557638406208,0.98862823189958,0.9930827763002604,0.9834227060325168,0.9435052877568415,0.9992685602530007,0.9993249447005246,0.9992636127178339,0.999892414380301,0.9992183834609036,0.9992738224021542,0.9978811173829852,0.998467780608423,0.9992414414840445,0.9992390009907249,0.9885963871239078,0.9316382171130607,0.9152418542830372,0.9540919405497534,0.9391489032902897,0.8896272032216662,0.9144017207926872,0.9042820044429513,0.9189674934612468,0.927773663881149,0.9127597706275355,0.9705274240850306,0.970503262934185,0.9906833308500046,0.9951107591012497,0.9656515610670596,0.9608594853545308,0.9616429938766221,0.9625492406129628,0.9631742959985976,0.9629048826895213,0.9165995031178178,0.9438910816482817,0.9204881132264605,0.9199830916000794,0.8435598293400666,0.9640584890852348,0.9697704419086167,0.966143693862517,0.9650537444493752,0.9185274334671376,0.789659538261178,0.7502626315127428,0.8344681475919898,0.8888220778455216,0.8564928095430163,0.87259810358581,0.8712190108117509,0.7159485621678032,-0.40999569878010944,0.9491215991956595,0.9466722843479587,0.9459762642394892,0.966837965341378,0.9396415520455008,0.9520265939832617,0.9513890325335629,0.8966767847625081,0.9549154382615329,0.9016925855971095,0.7704343095509689,0.9458287803247929,0.9603757781687562,0.6666348644969304,0.9037879658866447,0.9065641242943758,0.8522954221320427,0.984688882785361,0.8399610346456176,0.12784831941320213,0.5320667236069269,0.8521977110131058,0.8180950806476208,0.8466772351560832,0.9854408005034587,0.9854602908097022,0.5190855743563945,0.6285710557804739,0.5265179208474775,0.39849488006511763,0.49272697204034677,0.5379380598871955,0.5279284834018287,0.46519636575815965,0.7543112761549621,0.6008536985337625,0.5615263473865553,-0.48710234048624407,-0.5436390208433456,0.6658357620697357,0.8594045543446134,0.8721458579663902,0.9036848595456243,0.8964350895746298,0.6675053603177771,0.8422847297463332,0.8646926284436056,0.8639622529841554,0.6092931674388328,0.0716003027047703],[0.994212610593164,0.9935465401827939,0.9962620827190936,0.9950853050778304,0.9981877881720843,0.9784365526062622,0.9995963825683274,0.999757629656005,0.9896020605226984,0.9997622554198687,0.9997621060143609,1.0,0.9997755032729467,0.9997607988790865,0.9997672805179272,0.9996653467451614,0.9981552327767871,0.9993878832330095,0.999969401233018,0.9999690888260402,0.9997663662916461,0.9997720552045757,0.9924677846352937,0.9698919499747317,0.9939852568430079,0.9823879611352359,0.994781462581342,0.9932741857153782,0.9790209238154313,0.9261697121011985,0.9913067475558435,0.9941563542101722,0.9789052097015113,0.924217342750001,0.9993993969680163,0.9994487300021241,0.9994086185317993,0.9995768359034594,0.9996022751755688,0.9994255807856194,0.9977442475782589,0.9984985545515839,0.9993867727240596,0.9993836441864623,0.98985022821793,0.9270428360026399,0.9008820038218244,0.951256286676883,0.938423479084642,0.889676704579225,0.8780713064596816,0.9168265960153114,0.881779976801824,0.9030896142857879,0.8762441642089496,0.9578487371139087,0.957833434110816,0.9817065518357587,0.9945134858693588,0.9647814253399936,0.9656334534508653,0.9576870018000194,0.9606565776259006,0.9604465499279531,0.9602658991055922,0.9172666401473827,0.9361164533448193,0.9071862697150856,0.906963756050672,0.8281066453522683,0.9629567636669756,0.9651439427028928,0.9652332014014137,0.9646446968729142,0.9253353182957196,0.7366033580040087,0.6934130526292591,0.7983247884759848,0.8656100970771922,0.8183725517066652,0.842748574905937,0.8418809997894123,0.6928473896326602,-0.3036828636358231,0.9437348876037905,0.9494416183505224,0.9434395834905039,0.9656311055928822,0.9403199565434828,0.9475179601579347,0.9467055984574897,0.8947721640550864,0.9501237434983034,0.8986109823771297,0.7200691842775325,0.943229923505592,0.9376912384264718,0.5317149090158986,0.8458370314106036,0.8505818132657205,0.745012247189126,0.978170346990898,0.7210082905423179,-0.24235271826683705,0.26569627551771763,0.7449229894841977,0.7001618382348755,0.7385551118581443,0.9793474434718935,0.9794397558652823,0.200891858751711,0.3592121791258949,0.20629600277509771,0.17797781210460606,0.19827592091859342,0.21456716706552878,0.21213054228578387,0.12855639076714673,0.5457201120873336,0.27895261051047293,0.22654544615230962,-0.5039172464361473,-0.5491122339023563,0.6667524710193826,0.7534879885813047,0.7773828853006995,0.8408840865761315,0.8238370070203932,0.5658059575603758,0.7561974121058596,0.7720821868979201,0.7710011530592957,0.42462325079732355,0.26241656707932265],[0.9963315570049845,0.9920532375523426,0.990298529011068,0.9967244626403193,0.998585561534009,0.9838626183114376,0.9984366369509633,0.9999970786264122,0.9714751139245053,0.9999985310707964,0.9999963657711906,0.9997755032729467,1.0,0.9999911378957664,0.999997682929358,0.999372200781307,0.9931460496192454,0.9994961845523546,0.9999182803941637,0.9999181422670264,0.9999718752152552,0.9999989706289253,0.9910531908119878,0.9760713136471448,0.9935577862313175,0.9459471922192626,0.9940778949421785,0.9908013067809407,0.9763015049028593,0.9518734868296326,0.9888760189491252,0.9939362870062683,0.9923088120571917,0.9724498451080383,0.9995125035712619,0.99961019399162,0.9997050982303699,0.999743232111023,0.9992831860846729,0.9995455892384167,0.9983174134658492,0.9989011357725606,0.9995844890463552,0.999452385160208,0.981857552079315,0.9323416622682971,0.949690585601871,0.9540875030059021,0.9392782137115971,0.8904838664335599,0.9560361732650774,0.9420137384861437,0.9580279916192564,0.9569105112356436,0.947055740411662,0.9798749063295105,0.9784334752976958,0.9909065893152443,0.9969361590977552,0.9464018046845206,0.9608019848489472,0.9684755558484061,0.9720182537419567,0.9703527889150719,0.9494592132545471,0.8993717417206779,0.9540867966709503,0.9570766058118975,0.9375142733487544,0.8873798836103464,0.9663942490657607,0.9376502661355001,0.9644560351551392,0.9470831285352611,0.780068834311632,0.8598255603198183,0.7862048938834679,0.8742322952587892,0.8911822521450791,0.8981708250153073,0.8774832798025108,0.8870014225287741,0.3499455514803297,-0.5891228575330318,0.9621303492584304,0.9467320100466472,0.9460441223682491,0.9506604045512206,0.9575188018551445,0.9683495002293211,0.9684491137236139,0.9246647562909974,0.9630668816563726,0.8463480405110346,0.7703608082326441,0.9452034954314129,0.9445179710328693,0.7967459801435478,0.9520920547186049,0.953158442939665,0.8963332955562875,0.9757723473277866,0.8354664423720909,0.5690131017535324,0.7074911401909123,0.8572162367686698,0.8461262711945157,0.8398981669126302,0.9819154002455023,0.9821020696065146,0.7665587441768955,0.7188686779907524,0.7838995455444869,0.399120501445426,0.7733689489910305,0.7906401806404935,0.789063130930774,0.7879266101914081,0.7667678220359151,0.7394192655174735,0.7206879033933411,-0.30426701197968653,-0.4545749666748331,0.6673004220357305,0.880874643765368,0.920422088162728,0.9328626677387875,0.9033002654741745,0.8139459528354841,0.9027659928496253,0.9217162599415553,0.9207247412484775,0.7576289376991157,-0.10186547431549789],[0.9963672219030046,0.9919349194467177,0.9924692259209135,0.9968466506053676,0.9985933928345974,0.9843562642838817,0.9994806015594421,0.9999926880593627,0.9797994930372501,0.9999915226185907,0.9999947728977743,0.9997607988790865,0.9999911378957664,1.0,0.9999950275808547,0.999563974271499,0.9977993875523925,0.9994541213495319,0.9999036110155591,0.9999026229557746,0.9999536435900273,0.9999913734445253,0.9929930678415838,0.9764778546906979,0.9958769507332768,0.9677769426536837,0.9956544478706317,0.9906595680225085,0.9766993766571535,0.952035160081044,0.9891562004299455,0.9939570048913667,0.9915891703975936,0.97197065991687,0.9994890563531955,0.9995631373284628,0.9996237859103002,0.9998875390822323,0.9992460659386997,0.99949427318561,0.9981749821277897,0.9988227536225567,0.9995080211854959,0.9995010515916806,0.9843635508249173,0.9320888080817826,0.9494431882867335,0.9540778778115355,0.9391728355737765,0.8899179173835307,0.9504744179012714,0.9346025251922504,0.9527541635610814,0.9562609228314455,0.9462962653266167,0.9782605226355712,0.9781006555737314,0.9901698229251937,0.9969250888922317,0.973465083159578,0.9605081212946345,0.973714739731468,0.9719487256299961,0.9746629706220532,0.9744084004425241,0.9490388544406994,0.9536043556963198,0.9562214757248002,0.9558760568564922,0.9268511004941589,0.9663695491943128,0.9680983043543671,0.972723718949843,0.9716547329648315,0.9354701382352548,0.8592615281892546,0.82382435017956,0.8735441320226444,0.90205439635685,0.8978335042116965,0.8985049536014462,0.8973508618062812,0.6953040291863438,-0.5895264734026168,0.9620343919678076,0.9464271764181703,0.9456334746209512,0.9745652167707503,0.9575097275746356,0.9682359494889053,0.968332092760847,0.924810157925789,0.9690463430961501,0.9362181226525463,0.7701721996595268,0.9452502710583292,0.9499402251246791,0.7959039332905592,0.9519385417251438,0.9529541612714677,0.8959319471579545,0.976117025220527,0.884426744298354,0.5681973023091594,0.7063379569390806,0.8921986761343799,0.8589551049579172,0.8830332420909768,0.9821834604151588,0.9823988054067484,0.765117479414697,0.7175442264763116,0.8016542205694192,0.3985667470576985,0.7786918235845047,0.8061487985935464,0.8006649930082748,0.7872181929721804,0.7662567312090739,0.7375963504155846,0.7188630635302183,-0.395357896913232,-0.5167911300259104,0.6657353017641834,0.8804121090377424,0.9166026306127794,0.928176232973597,0.9032645903946986,0.8124466274669975,0.8897738290902754,0.9095958730959678,0.9091844706487597,0.8395576999291421,-0.06863825069186563],[0.9962663760501673,0.9919937259138513,0.9904946573696508,0.9966765219612672,0.9985927599878739,0.9840796951041948,0.9991942867348239,0.9999982400948961,0.9763848220101515,0.9999977529371019,0.9999983207875793,0.9997672805179272,0.999997682929358,0.9999950275808547,1.0,0.9994623670093787,0.9970716507328636,0.999472121153194,0.9999120522852836,0.9999114425868323,0.9999658871379727,0.9999976141114765,0.9912121820017317,0.9763204984449696,0.9952313607289623,0.9593634158725456,0.9950325251877858,0.9907583000125153,0.97655270784781,0.9520910795855949,0.9913450734579832,0.9942017456512345,0.9921732029857401,0.9722288739065795,0.9994812597537333,0.9995717415534624,0.9996816621414021,0.9997588558857424,0.9992501389791784,0.9995018838050043,0.9982556376383637,0.9988496147214166,0.9995514374207581,0.9994213883791752,0.9820944269965083,0.9321334548506371,0.9495273067875923,0.9541273278066057,0.9392314947419992,0.8901040486932406,0.9557554607577531,0.9417463176012812,0.9577747858126275,0.9565108141081593,0.9465684164240469,0.9796416278773561,0.978182942621712,0.990733703777113,0.9968193239173312,0.9464200323479742,0.9608123856632468,0.9684219659896314,0.9720228998195287,0.970287427782142,0.949055095580413,0.8995682018969189,0.9538167103790752,0.956794062285151,0.9373354733359484,0.8872598136882476,0.96650975118384,0.9378293170389405,0.9644858218299726,0.94713573122049,0.7804508166517587,0.8595022000656191,0.7859870807600309,0.8739684403400036,0.891107224939765,0.898021698849623,0.8772946089358893,0.8868304713950708,0.3501382583861578,-0.588780698718177,0.9620950414203923,0.9466727735223188,0.9459920588273638,0.9492310377239495,0.9575619413350945,0.9682920907323089,0.9683860170997495,0.9248214712878507,0.9629952966132932,0.8465531546899262,0.7702997795361461,0.9455096170857885,0.9449229606898676,0.7966770820366461,0.9520041975602629,0.9530833334355947,0.895806893428643,0.9759302279088446,0.8350061328756131,0.5677474877119812,0.7067177928656158,0.8567463268253513,0.8457118032231393,0.839440611064662,0.9820142266552561,0.9821978197028118,0.7655496557871583,0.7180072513543484,0.7832669351043035,0.39870732865637815,0.7726712376145504,0.789865243849021,0.7885918476476994,0.7871138999134601,0.7663360975875103,0.7382312990214077,0.7195164569255146,-0.3050154440194511,-0.4552136163394256,0.6670728296520895,0.8802511791328755,0.920068573195635,0.9323580654714169,0.9028528643558165,0.8131638050278565,0.9023762428093417,0.9211639028642329,0.9202995020916724,0.7570316935884813,-0.1010965307563506],[0.9977234691393939,0.9941359028734065,0.9899388075835964,0.9979851097609497,0.9990843367574813,0.9837241786933825,0.9998920292094692,0.9993241837307931,0.9743219124021242,0.9996797908997456,0.9996624372877371,0.9996653467451614,0.999372200781307,0.999563974271499,0.9994623670093787,1.0,0.9984065606130477,0.9998510437524921,0.9995511170137871,0.9995558924683773,0.9997690516292144,0.9995366952886553,0.9908451629904821,0.9752553667951747,0.993875011189057,0.9517835336559833,0.9935234150962957,0.9923199778850853,0.9746896148763677,0.9526242186572029,0.9917739712248516,0.9926237071732109,0.9930521205892138,0.9743411199046671,0.9992750591344116,0.9997344400840819,0.9997179624178085,0.9995719192991382,0.9996002122510176,0.999689789048254,0.9988478839268708,0.9995840752408862,0.9995104939737712,0.9992712170334996,0.9806792313613574,0.9306090525984232,0.951654467933926,0.9508050327814561,0.9399710615924495,0.8969274384929891,0.957812848830422,0.9462930487240113,0.9601211325271359,0.9606702000254219,0.950800079253969,0.9816363232034457,0.9802532268100539,0.9916975176557923,0.9963327899845771,0.9510669856340873,0.9645007642472263,0.9735297986455381,0.9746142499442039,0.9751280467273107,0.9519535767983103,0.905492238332612,0.9572246876468979,0.9622157092396676,0.942403315155324,0.8961085648470261,0.9690263151556646,0.9429263332877266,0.9689775914220549,0.9516123610685304,0.789272590711924,0.8651730135090206,0.790502131135075,0.879484540384328,0.8963048531991693,0.900893251790982,0.8811423101837937,0.8922435430089231,0.3618204786405961,-0.5856711746451474,0.9654460638040199,0.9516674631868137,0.9507428339133741,0.9534313193892543,0.9615722741306221,0.9715637768277748,0.97164557708878,0.9291986075316896,0.9683701519494958,0.8545949248290785,0.7720292365286704,0.9359216234767446,0.9368797351417097,0.7991828322859855,0.9520714714786991,0.9529632983844545,0.8960207482033246,0.9724204869760118,0.8342719420175942,0.577733579290774,0.711924780770078,0.8567846508605864,0.848467827431